# lon_gridpoint [deg], lat_gridpoint [deg], P_R_modelGRS [W], P_R_modelFREND [W] 
-70.375, -87.125, 1.9162188736857256e-24, nan 
-70.125, -87.125, 2.0730572146930246e-24, nan 
-69.875, -87.125, 2.2756962855137566e-24, nan 
-69.625, -87.125, 2.4827332734112405e-24, nan 
-69.375, -87.125, 2.6160103506247432e-24, nan 
-69.125, -87.125, 2.5551300369530406e-24, nan 
-68.875, -87.125, 2.363154126268776e-24, nan 
-68.625, -87.125, 2.4148957775626517e-24, nan 
-68.375, -87.125, 2.45234569830506e-24, nan 
-68.125, -87.125, 2.5499013479499512e-24, nan 
-67.875, -87.125, 2.3165931345228003e-24, nan 
-67.625, -87.125, 1.8107949389281776e-24, nan 
-67.375, -87.125, 1.5947798288061738e-24, nan 
-67.125, -87.125, 1.6190563346108412e-24, nan 
-66.875, -87.125, 1.6660688311743397e-24, nan 
-66.625, -87.125, 1.6655876818637294e-24, nan 
-66.375, -87.125, 1.7369570329525398e-24, nan 
-66.125, -87.125, 1.592673466141852e-24, nan 
-65.875, -87.125, 1.5659380735678e-24, nan 
-65.625, -87.125, 1.467512942607943e-24, nan 
-65.375, -87.125, 1.430599634796581e-24, nan 
-65.125, -87.125, 1.3801430654646953e-24, nan 
-64.875, -87.125, 1.4047595860260677e-24, nan 
-64.625, -87.125, 1.524613073748955e-24, nan 
-64.375, -87.125, 1.7922556760375788e-24, nan 
-64.125, -87.125, 1.9876433508944074e-24, nan 
-63.875, -87.125, 2.265946306583373e-24, nan 
-63.625, -87.125, 2.4094414527913645e-24, nan 
-63.375, -87.125, 2.3743861294892805e-24, nan 
-63.125, -87.125, 2.142213695816002e-24, nan 
-62.875, -87.125, 1.927753398090421e-24, nan 
-62.625, -87.125, 1.987793727377704e-24, nan 
-62.375, -87.125, 1.9249683900494496e-24, nan 
-62.125, -87.125, 1.975380366354138e-24, nan 
-61.875, -87.125, 1.9119680660965526e-24, nan 
-61.625, -87.125, 2.012366900520426e-24, nan 
-61.375, -87.125, 1.9825888989122948e-24, nan 
-61.125, -87.125, 1.8961151989306737e-24, nan 
-60.875, -87.125, 1.7324520556967703e-24, nan 
-60.625, -87.125, 1.6881571640312303e-24, nan 
-60.375, -87.125, 1.7226664749423507e-24, nan 
-60.125, -87.125, 1.7277015083987704e-24, nan 
-59.875, -87.125, 1.9518955977974422e-24, nan 
-59.625, -87.125, 2.1503173220901e-24, nan 
-59.375, -87.125, 2.3277298364356238e-24, nan 
-59.125, -87.125, 2.696418683455116e-24, nan 
-58.875, -87.125, 3.4139444265056326e-24, nan 
-58.625, -87.125, 3.2530476725019793e-24, nan 
-58.375, -87.125, 2.6592048763758844e-24, nan 
-58.125, -87.125, 2.296362629985128e-24, nan 
-57.875, -87.125, 3.0470498336159605e-24, nan 
-57.625, -87.125, 2.286857572768348e-24, nan 
-57.375, -87.125, 2.129968427581834e-24, nan 
-57.125, -87.125, 2.158433384314485e-24, nan 
-56.875, -87.125, 2.2409823548911297e-24, nan 
-56.625, -87.125, 2.3858485844424444e-24, nan 
-56.375, -87.125, 2.5693246097600956e-24, nan 
-56.125, -87.125, 2.6805171154308877e-24, nan 
-55.875, -87.125, 2.7501667658465143e-24, nan 
-55.625, -87.125, 2.7663231811887193e-24, nan 
-55.375, -87.125, 2.780346851829714e-24, nan 
-55.125, -87.125, 2.922515999975776e-24, nan 
-54.875, -87.125, 3.034837150141178e-24, nan 
-54.625, -87.125, 3.0422100016812506e-24, nan 
-54.375, -87.125, 3.167015426770638e-24, nan 
-54.125, -87.125, 3.512336815383868e-24, nan 
-53.875, -87.125, 3.352566227345701e-24, nan 
-53.625, -87.125, 2.848489274326455e-24, nan 
-53.375, -87.125, 2.06744303120468e-24, nan 
-53.125, -87.125, 1.5681430961113289e-24, nan 
-52.875, -87.125, 1.4409603881564712e-24, nan 
-52.625, -87.125, 1.6009341678678005e-24, nan 
-52.375, -87.125, 1.4724359051670263e-24, nan 
-52.125, -87.125, 1.6770171411211668e-24, nan 
-51.875, -87.125, 1.6208718618590445e-24, nan 
-51.625, -87.125, 1.8044259845547836e-24, nan 
-51.375, -87.125, 1.9236318440463598e-24, nan 
-51.125, -87.125, 2.0518255188115172e-24, nan 
-50.875, -87.125, 2.132916481197962e-24, nan 
-50.625, -87.125, 2.2880543320865832e-24, nan 
-50.375, -87.125, 2.4135565945518997e-24, nan 
-50.125, -87.125, 2.436291335206269e-24, nan 
-49.875, -87.125, 2.314249415183937e-24, nan 
-49.625, -87.125, 2.148198693085191e-24, nan 
-49.375, -87.125, 1.4236516948710217e-24, nan 
-49.125, -87.125, 1.0082323835291544e-24, nan 
-48.875, -87.125, 9.855932680947683e-25, nan 
-48.625, -87.125, 8.617461175156661e-25, nan 
-48.375, -87.125, 8.562951042858162e-25, nan 
-48.125, -87.125, 9.410633227057282e-25, nan 
-47.875, -87.125, 8.824131037264691e-25, nan 
-47.625, -87.125, 7.258869430700456e-25, nan 
-47.375, -87.125, 6.9316485044444645e-25, nan 
-47.125, -87.125, 7.408164140454239e-25, nan 
-46.875, -87.125, 6.80727020043857e-25, nan 
-46.625, -87.125, 6.5931229140920715e-25, nan 
-46.375, -87.125, 5.773607941018771e-25, nan 
-46.125, -87.125, 6.931057402681401e-25, nan 
-45.875, -87.125, 7.982663119445941e-25, nan 
-45.625, -87.125, 7.684353666866066e-25, nan 
-45.375, -87.125, 6.903667402738881e-25, nan 
-45.125, -87.125, 7.0953752182567875e-25, nan 
-44.875, -87.125, 7.4400372834427455e-25, nan 
-44.625, -87.125, 8.665007028660184e-25, nan 
-44.375, -87.125, 9.315029752157707e-25, nan 
-44.125, -87.125, 7.555404349583943e-25, nan 
-43.875, -87.125, 6.600807041108796e-25, nan 
-43.625, -87.125, 6.901001568678959e-25, nan 
-43.375, -87.125, 6.822329198714196e-25, nan 
-43.125, -87.125, 7.569311007350967e-25, nan 
-42.875, -87.125, 8.356700787587454e-25, nan 
-42.625, -87.125, 8.587418353869257e-25, nan 
-42.375, -87.125, 8.692664309093032e-25, nan 
-42.125, -87.125, 8.040646115416361e-25, nan 
-41.875, -87.125, 7.814396172632442e-25, nan 
-41.625, -87.125, 8.430538678367006e-25, nan 
-41.375, -87.125, 8.79454506883479e-25, nan 
-41.125, -87.125, 8.40378606401371e-25, nan 
-40.875, -87.125, 8.360720850640321e-25, nan 
-40.625, -87.125, 1.0146885101470846e-24, nan 
-40.375, -87.125, 9.290931605989023e-25, nan 
-40.125, -87.125, 7.583598014840597e-25, nan 
-39.875, -87.125, 6.474590874828176e-25, nan 
-39.625, -87.125, 6.167185522783281e-25, nan 
-39.375, -87.125, 6.73162357663258e-25, nan 
-39.125, -87.125, 6.589624706547607e-25, nan 
-38.875, -87.125, 8.125051650429857e-25, nan 
-38.625, -87.125, 1.0328643858448323e-24, nan 
-38.375, -87.125, 1.1991877130302297e-24, nan 
-38.125, -87.125, 1.228065447531364e-24, nan 
-37.875, -87.125, 1.1721244042509932e-24, nan 
-37.625, -87.125, 1.267760518828769e-24, nan 
-37.375, -87.125, 1.2400787791789444e-24, nan 
-37.125, -87.125, 1.0751249564631534e-24, nan 
-36.875, -87.125, 1.3510479679396218e-24, nan 
-36.625, -87.125, 1.5087800720857668e-24, nan 
-36.375, -87.125, 1.5367865897796005e-24, nan 
-36.125, -87.125, 1.5350597456609258e-24, nan 
-35.875, -87.125, 1.426623560823791e-24, nan 
-35.625, -87.125, 1.4130118664774045e-24, nan 
-35.375, -87.125, 1.4111268521738054e-24, nan 
-35.125, -87.125, 1.4482935840117645e-24, nan 
-34.875, -87.125, 1.2531945511821438e-24, nan 
-34.625, -87.125, 1.4008312609808847e-24, nan 
-34.375, -87.125, 2.0681298329349854e-24, nan 
-34.125, -87.125, 2.249180333688572e-24, nan 
-33.875, -87.125, 2.404294543547192e-24, nan 
-33.625, -87.125, 2.7602202945811603e-24, nan 
-33.375, -87.125, 2.967307967507924e-24, nan 
-33.125, -87.125, 3.1089561304636444e-24, nan 
-32.875, -87.125, 3.1997661706811017e-24, nan 
-32.625, -87.125, 3.1776072689115394e-24, nan 
-32.375, -87.125, 3.1051270998340277e-24, nan 
-32.125, -87.125, 3.317557489605573e-24, nan 
-79.875, -86.875, 1.1760767084085461e-24, nan 
-79.625, -86.875, 1.2707137412684712e-24, nan 
-79.375, -86.875, 1.4096835530100433e-24, nan 
-79.125, -86.875, 1.557056555971103e-24, nan 
-78.875, -86.875, 1.5635382782554502e-24, nan 
-78.625, -86.875, 1.5429664068463015e-24, nan 
-78.375, -86.875, 1.4377846115620706e-24, nan 
-78.125, -86.875, 1.6283448827895978e-24, nan 
-77.875, -86.875, 1.9018798454498398e-24, nan 
-77.625, -86.875, 2.0043074743538037e-24, nan 
-77.375, -86.875, 1.916567957017964e-24, nan 
-77.125, -86.875, 1.8960284056767616e-24, nan 
-76.875, -86.875, 1.9806650965812553e-24, nan 
-76.625, -86.875, 2.137321871264112e-24, nan 
-76.375, -86.875, 2.188799947305255e-24, nan 
-76.125, -86.875, 2.067853022210904e-24, nan 
-75.875, -86.875, 2.115669420392206e-24, nan 
-75.625, -86.875, 1.9352129898817837e-24, nan 
-75.375, -86.875, 1.7850627689361676e-24, nan 
-75.125, -86.875, 1.804192035360167e-24, nan 
-74.875, -86.875, 1.9135172352875388e-24, nan 
-74.625, -86.875, 2.2281279080781207e-24, nan 
-74.375, -86.875, 2.4270619581196125e-24, nan 
-74.125, -86.875, 2.4681148961035688e-24, nan 
-73.875, -86.875, 2.266822911609222e-24, nan 
-73.625, -86.875, 1.8928207654801154e-24, nan 
-73.375, -86.875, 1.1479666797370104e-24, nan 
-73.125, -86.875, 7.7487199341189345e-25, nan 
-72.875, -86.875, 7.299671262640034e-25, nan 
-72.625, -86.875, 8.488118065041734e-25, nan 
-72.375, -86.875, 9.130951627770909e-25, nan 
-72.125, -86.875, 1.006517750288401e-24, nan 
-71.875, -86.875, 1.0996959392995269e-24, nan 
-71.625, -86.875, 9.471159960411984e-25, nan 
-71.375, -86.875, 8.2251271648576295e-25, nan 
-71.125, -86.875, 7.391701179648862e-25, nan 
-70.875, -86.875, 8.322037574248657e-25, nan 
-70.625, -86.875, 1.0341923417294457e-24, nan 
-70.375, -86.875, 1.4137072299459786e-24, nan 
-70.125, -86.875, 1.4724390879844745e-24, nan 
-69.875, -86.875, 1.3929794622125133e-24, nan 
-69.625, -86.875, 1.3778435627327324e-24, nan 
-69.375, -86.875, 1.345421658613663e-24, nan 
-69.125, -86.875, 1.3397593564728664e-24, nan 
-68.875, -86.875, 1.4030441916166906e-24, nan 
-68.625, -86.875, 1.5317214720404231e-24, nan 
-68.375, -86.875, 1.6155479902492994e-24, nan 
-68.125, -86.875, 1.6089029865684988e-24, nan 
-67.875, -86.875, 1.5298870687577722e-24, nan 
-67.625, -86.875, 1.4381691633554555e-24, nan 
-67.375, -86.875, 1.486327842671561e-24, nan 
-67.125, -86.875, 1.5832704882154323e-24, nan 
-66.875, -86.875, 1.5851127735251158e-24, nan 
-66.625, -86.875, 1.6767405168368897e-24, nan 
-66.375, -86.875, 1.7269570298949707e-24, nan 
-66.125, -86.875, 1.79415723525696e-24, nan 
-65.875, -86.875, 1.4794965060990957e-24, nan 
-65.625, -86.875, 1.2666929246866238e-24, nan 
-65.375, -86.875, 1.1640547216069552e-24, nan 
-65.125, -86.875, 1.053128697066677e-24, nan 
-64.875, -86.875, 1.0424544511332749e-24, nan 
-64.625, -86.875, 1.0438320792334316e-24, nan 
-64.375, -86.875, 1.1539499145561005e-24, nan 
-64.125, -86.875, 1.2993970444472827e-24, nan 
-63.875, -86.875, 1.5189542872646503e-24, nan 
-63.625, -86.875, 1.7060168689791578e-24, nan 
-63.375, -86.875, 1.5331308420636353e-24, nan 
-63.125, -86.875, 1.3311303071097902e-24, nan 
-62.875, -86.875, 1.6267030821037195e-24, nan 
-62.625, -86.875, 2.0616488729553102e-24, nan 
-62.375, -86.875, 2.1106047338155173e-24, nan 
-62.125, -86.875, 2.237603844201457e-24, nan 
-61.875, -86.875, 2.369479994701772e-24, nan 
-61.625, -86.875, 2.463059129850589e-24, nan 
-61.375, -86.875, 2.5194281562406475e-24, nan 
-61.125, -86.875, 2.3612628533171014e-24, nan 
-60.875, -86.875, 2.0835801888774373e-24, nan 
-60.625, -86.875, 1.9739923204227623e-24, nan 
-60.375, -86.875, 1.9647726132174587e-24, nan 
-60.125, -86.875, 1.9707856079438487e-24, nan 
-59.875, -86.875, 2.1380532329083247e-24, nan 
-59.625, -86.875, 2.20072648600264e-24, nan 
-59.375, -86.875, 2.3803935639297116e-24, nan 
-59.125, -86.875, 2.687760646274929e-24, nan 
-58.875, -86.875, 2.9939542630979645e-24, nan 
-58.625, -86.875, 3.314125297706178e-24, nan 
-58.375, -86.875, 3.0574155551404533e-24, nan 
-58.125, -86.875, 3.2471317093073117e-24, nan 
-57.875, -86.875, 3.6141827661489784e-24, nan 
-57.625, -86.875, 3.3633104068762656e-24, nan 
-57.375, -86.875, 3.1373985015019913e-24, nan 
-57.125, -86.875, 3.0685609729591756e-24, nan 
-56.875, -86.875, 3.0134766470122998e-24, nan 
-56.625, -86.875, 2.494679357821159e-24, nan 
-56.375, -86.875, 2.3433593602238405e-24, nan 
-56.125, -86.875, 2.3822662284626105e-24, nan 
-55.875, -86.875, 2.479686914441658e-24, nan 
-55.625, -86.875, 2.585533245285588e-24, nan 
-55.375, -86.875, 2.7451637859714925e-24, nan 
-55.125, -86.875, 2.9134545890812547e-24, nan 
-54.875, -86.875, 3.0065320315190576e-24, nan 
-54.625, -86.875, 3.0658185257329586e-24, nan 
-54.375, -86.875, 3.1629754602023246e-24, nan 
-54.125, -86.875, 3.3597475583679775e-24, nan 
-53.875, -86.875, 3.462001607349097e-24, nan 
-53.625, -86.875, 2.9816573465928082e-24, nan 
-53.375, -86.875, 2.2254488991467104e-24, nan 
-53.125, -86.875, 1.6591925369590924e-24, nan 
-52.875, -86.875, 1.6467089218622683e-24, nan 
-52.625, -86.875, 1.577389459247343e-24, nan 
-52.375, -86.875, 1.535708502018508e-24, nan 
-52.125, -86.875, 1.4911277418607656e-24, nan 
-51.875, -86.875, 1.432468334973555e-24, nan 
-51.625, -86.875, 1.4482926751635462e-24, nan 
-51.375, -86.875, 1.6185725820613496e-24, nan 
-51.125, -86.875, 1.7869122014990936e-24, nan 
-50.875, -86.875, 1.8971130637493918e-24, nan 
-50.625, -86.875, 2.075374199226367e-24, nan 
-50.375, -86.875, 2.159238856685116e-24, nan 
-50.125, -86.875, 2.215380338602409e-24, nan 
-49.875, -86.875, 2.1534992606180868e-24, nan 
-49.625, -86.875, 2.0003143550184138e-24, nan 
-49.375, -86.875, 1.8176444719225622e-24, nan 
-49.125, -86.875, 1.1444280231495333e-24, nan 
-48.875, -86.875, 1.0287206788500342e-24, nan 
-48.625, -86.875, 9.946602536947758e-25, nan 
-48.375, -86.875, 9.684579568259673e-25, nan 
-48.125, -86.875, 9.62534333795495e-25, nan 
-47.875, -86.875, 9.045098435635257e-25, nan 
-47.625, -86.875, 8.776657292290585e-25, nan 
-47.375, -86.875, 9.065863715164996e-25, nan 
-47.125, -86.875, 9.425456994091165e-25, nan 
-46.875, -86.875, 1.0304759023647957e-24, nan 
-46.625, -86.875, 1.0280431595469577e-24, nan 
-46.375, -86.875, 1.0222037272747606e-24, nan 
-46.125, -86.875, 9.898569007164125e-25, nan 
-45.875, -86.875, 1.0443049908473618e-24, nan 
-45.625, -86.875, 1.1112448466452812e-24, nan 
-45.375, -86.875, 1.1237761607553346e-24, nan 
-45.125, -86.875, 1.131179432535118e-24, nan 
-44.875, -86.875, 1.1733350080833862e-24, nan 
-44.625, -86.875, 1.1047065359817006e-24, nan 
-44.375, -86.875, 1.1216986058019417e-24, nan 
-44.125, -86.875, 1.121418831161254e-24, nan 
-43.875, -86.875, 1.1648407728526868e-24, nan 
-43.625, -86.875, 1.173401382673571e-24, nan 
-43.375, -86.875, 1.1682234235536416e-24, nan 
-43.125, -86.875, 1.2772739900178395e-24, nan 
-42.875, -86.875, 1.353773575405601e-24, nan 
-42.625, -86.875, 1.420649919749388e-24, nan 
-42.375, -86.875, 1.4803441327245083e-24, nan 
-42.125, -86.875, 1.5940360113140038e-24, nan 
-41.875, -86.875, 1.7168713386537613e-24, nan 
-41.625, -86.875, 1.7707342513786256e-24, nan 
-41.375, -86.875, 1.8704232713940263e-24, nan 
-41.125, -86.875, 1.932255963809608e-24, nan 
-40.875, -86.875, 1.789644591840369e-24, nan 
-40.625, -86.875, 1.4352084224514742e-24, nan 
-40.375, -86.875, 1.1040972007671768e-24, nan 
-40.125, -86.875, 9.408400188615976e-25, nan 
-39.875, -86.875, 9.234282952390941e-25, nan 
-39.625, -86.875, 9.290776957410757e-25, nan 
-39.375, -86.875, 9.609367505928558e-25, nan 
-39.125, -86.875, 9.860114153148531e-25, nan 
-38.875, -86.875, 8.1328238289281075e-25, nan 
-38.625, -86.875, 8.263381619991583e-25, nan 
-38.375, -86.875, 1.0871701630114156e-24, nan 
-38.125, -86.875, 1.2765202591598664e-24, nan 
-37.875, -86.875, 1.4751692180666884e-24, nan 
-37.625, -86.875, 1.478394162668316e-24, nan 
-37.375, -86.875, 1.2686773513530427e-24, nan 
-37.125, -86.875, 1.256619368197728e-24, nan 
-36.875, -86.875, 1.0920178687953648e-24, nan 
-36.625, -86.875, 1.4083937745108455e-24, nan 
-36.375, -86.875, 1.7014537006655536e-24, nan 
-36.125, -86.875, 1.720706918777407e-24, nan 
-35.875, -86.875, 1.4971598843657568e-24, nan 
-35.625, -86.875, 1.3530806583944684e-24, nan 
-35.375, -86.875, 1.257759272158673e-24, nan 
-35.125, -86.875, 1.382865115084156e-24, nan 
-34.875, -86.875, 1.8358295613608316e-24, nan 
-34.625, -86.875, 2.1560870051797796e-24, nan 
-34.375, -86.875, 2.4604942691342466e-24, nan 
-34.125, -86.875, 2.5713473598202884e-24, nan 
-33.875, -86.875, 2.6864661949229444e-24, nan 
-33.625, -86.875, 3.004343774791843e-24, nan 
-33.375, -86.875, 3.411473080228739e-24, nan 
-33.125, -86.875, 4.199278711133984e-24, nan 
-32.875, -86.875, 4.435673245544074e-24, nan 
-32.625, -86.875, 3.921943924540369e-24, nan 
-32.375, -86.875, 3.956053273799422e-24, nan 
-32.125, -86.875, 3.07140738028427e-24, nan 
-31.875, -86.875, 2.6114850491761667e-24, nan 
-31.625, -86.875, 2.8330160416760145e-24, nan 
-31.375, -86.875, 2.9573944439460024e-24, nan 
-31.125, -86.875, 2.7354076017870216e-24, nan 
-30.875, -86.875, 2.8272951867380328e-24, nan 
-30.625, -86.875, 2.902169557889486e-24, nan 
-30.375, -86.875, 2.840889970233266e-24, nan 
-30.125, -86.875, 2.9291910978135383e-24, nan 
-29.875, -86.875, 3.0446701424363312e-24, nan 
-29.625, -86.875, 3.0518892382336062e-24, nan 
-29.375, -86.875, 3.037852156042397e-24, nan 
-29.125, -86.875, 3.0807715308222892e-24, nan 
-28.875, -86.875, 3.2698591496443752e-24, nan 
-28.625, -86.875, 3.438718013073154e-24, nan 
-28.375, -86.875, 3.683848508614584e-24, nan 
-28.125, -86.875, 3.6366008720086964e-24, nan 
-27.875, -86.875, 3.2830342830997146e-24, nan 
-27.625, -86.875, 3.1844603719207704e-24, nan 
-27.375, -86.875, 2.496260022746109e-24, nan 
-27.125, -86.875, 1.6168329330236567e-24, nan 
-26.875, -86.875, 1.230245360978949e-24, nan 
-26.625, -86.875, 1.3227217814286337e-24, nan 
-26.375, -86.875, 1.7728408217459227e-24, nan 
-26.125, -86.875, 2.1988522670914344e-24, nan 
-25.875, -86.875, 2.3092913253639708e-24, nan 
-25.625, -86.875, 2.185252424370785e-24, nan 
-25.375, -86.875, 2.0440071094116014e-24, nan 
-25.125, -86.875, 1.9960712484574255e-24, nan 
-24.875, -86.875, 2.092853765470071e-24, nan 
-24.625, -86.875, 2.319715767825596e-24, nan 
-24.375, -86.875, 2.037847773871358e-24, nan 
-24.125, -86.875, 1.6323193388673319e-24, nan 
-23.875, -86.875, 1.5713171957554322e-24, nan 
-23.625, -86.875, 1.5570368896726446e-24, nan 
-23.375, -86.875, 2.1182235890503497e-24, nan 
-23.125, -86.875, 2.40589425495056e-24, nan 
-22.875, -86.875, 2.49440079429406e-24, nan 
-22.625, -86.875, 2.6099451004435528e-24, nan 
-86.125, -86.625, 4.670506057352462e-25, nan 
-85.875, -86.625, 4.380585294976674e-25, nan 
-85.625, -86.625, 4.7390098413011435e-25, nan 
-85.375, -86.625, 4.742506923758776e-25, nan 
-85.125, -86.625, 4.768099116386912e-25, nan 
-84.875, -86.625, 4.9043982902993625e-25, nan 
-84.625, -86.625, 5.347312216000515e-25, nan 
-84.375, -86.625, 5.665463688428117e-25, nan 
-84.125, -86.625, 5.696769850277691e-25, nan 
-83.875, -86.625, 5.328451560713019e-25, nan 
-83.625, -86.625, 5.660090893444641e-25, nan 
-83.375, -86.625, 5.44533432499642e-25, nan 
-83.125, -86.625, 5.104109218287295e-25, nan 
-82.875, -86.625, 6.196808267852037e-25, nan 
-82.625, -86.625, 7.00208411043195e-25, nan 
-82.375, -86.625, 7.798708642424584e-25, nan 
-82.125, -86.625, 8.108359135319665e-25, nan 
-81.875, -86.625, 8.598401893008845e-25, nan 
-81.625, -86.625, 8.486382052250141e-25, nan 
-81.375, -86.625, 8.591211016636966e-25, nan 
-81.125, -86.625, 8.481777941788499e-25, nan 
-80.875, -86.625, 7.62651550520463e-25, nan 
-80.625, -86.625, 6.944951978918017e-25, nan 
-80.375, -86.625, 6.840294773079831e-25, nan 
-80.125, -86.625, 5.2610385687938665e-25, nan 
-79.875, -86.625, 5.415572617376749e-25, nan 
-79.625, -86.625, 5.956554924186646e-25, nan 
-79.375, -86.625, 6.647931918446915e-25, nan 
-79.125, -86.625, 8.276611324507184e-25, nan 
-78.875, -86.625, 9.402040801344187e-25, nan 
-78.625, -86.625, 1.548788529725282e-24, nan 
-78.375, -86.625, 1.8220281109994273e-24, nan 
-78.125, -86.625, 1.9545379953345302e-24, nan 
-77.875, -86.625, 2.0669809170389853e-24, nan 
-77.625, -86.625, 2.1127271175814895e-24, nan 
-77.375, -86.625, 2.15640415065685e-24, nan 
-77.125, -86.625, 2.2725981126686142e-24, nan 
-76.875, -86.625, 2.5213835062928432e-24, nan 
-76.625, -86.625, 2.817440943557394e-24, nan 
-76.375, -86.625, 2.9100116720843222e-24, nan 
-76.125, -86.625, 2.5481874013537344e-24, nan 
-75.875, -86.625, 2.512744375264637e-24, nan 
-75.625, -86.625, 2.2507840884403832e-24, nan 
-75.375, -86.625, 2.0024843040524386e-24, nan 
-75.125, -86.625, 1.884231246559734e-24, nan 
-74.875, -86.625, 1.739223979321127e-24, nan 
-74.625, -86.625, 1.840940822287383e-24, nan 
-74.375, -86.625, 2.1665028381650412e-24, nan 
-74.125, -86.625, 2.5277815024400773e-24, nan 
-73.875, -86.625, 2.3358032176519436e-24, nan 
-73.625, -86.625, 2.2722512950263977e-24, nan 
-73.375, -86.625, 2.2199261961298156e-24, nan 
-73.125, -86.625, 2.2945560692714126e-24, nan 
-72.875, -86.625, 2.55479398204698e-24, nan 
-72.625, -86.625, 2.9074856002707023e-24, nan 
-72.375, -86.625, 3.30543679280508e-24, nan 
-72.125, -86.625, 3.6924304572813164e-24, nan 
-71.875, -86.625, 3.8718069307773454e-24, nan 
-71.625, -86.625, 3.70975508806317e-24, nan 
-71.375, -86.625, 3.42004763770143e-24, nan 
-71.125, -86.625, 3.153612081438132e-24, nan 
-70.875, -86.625, 2.6794291111654693e-24, nan 
-70.625, -86.625, 1.595253936966518e-24, nan 
-70.375, -86.625, 1.550346298167487e-24, nan 
-70.125, -86.625, 1.1271017040410032e-24, nan 
-69.875, -86.625, 1.1465433618280527e-24, nan 
-69.625, -86.625, 1.3062912083464128e-24, nan 
-69.375, -86.625, 1.3220793188206493e-24, nan 
-69.125, -86.625, 1.3656419683466604e-24, nan 
-68.875, -86.625, 1.3370086093303928e-24, nan 
-68.625, -86.625, 1.5140426909479142e-24, nan 
-68.375, -86.625, 1.495113465152122e-24, nan 
-68.125, -86.625, 1.5180585201807273e-24, nan 
-67.875, -86.625, 1.515569455773721e-24, nan 
-67.625, -86.625, 1.658035661456965e-24, nan 
-67.375, -86.625, 1.6498796458040128e-24, nan 
-67.125, -86.625, 1.569941732453335e-24, nan 
-66.875, -86.625, 1.456944928345508e-24, nan 
-66.625, -86.625, 1.4295214458378014e-24, nan 
-66.375, -86.625, 1.4668793755622086e-24, nan 
-66.125, -86.625, 1.5087370352716802e-24, nan 
-65.875, -86.625, 1.5586108941026883e-24, nan 
-65.625, -86.625, 1.5953765866768481e-24, nan 
-65.375, -86.625, 1.6386530720108968e-24, nan 
-65.125, -86.625, 1.6362751837735977e-24, nan 
-64.875, -86.625, 1.7231190420859695e-24, nan 
-64.625, -86.625, 1.5966006897684735e-24, nan 
-64.375, -86.625, 1.2272860189574936e-24, nan 
-64.125, -86.625, 1.2622929306770805e-24, nan 
-63.875, -86.625, 1.2947342544248629e-24, nan 
-63.625, -86.625, 1.2670965572932428e-24, nan 
-63.375, -86.625, 1.2117315944337708e-24, nan 
-63.125, -86.625, 1.287333819593427e-24, nan 
-62.875, -86.625, 1.3631390877426105e-24, nan 
-62.625, -86.625, 1.5368212651534149e-24, nan 
-62.375, -86.625, 1.7183107737327605e-24, nan 
-62.125, -86.625, 1.7335914723350682e-24, nan 
-61.875, -86.625, 1.5749583084071897e-24, nan 
-61.625, -86.625, 1.4875112944198248e-24, nan 
-61.375, -86.625, 1.3281139793487174e-24, nan 
-61.125, -86.625, 1.1866662561423967e-24, nan 
-60.875, -86.625, 1.694654408389412e-24, nan 
-60.625, -86.625, 2.3811661591970068e-24, nan 
-60.375, -86.625, 2.6819321017071913e-24, nan 
-60.125, -86.625, 2.7639256760106643e-24, nan 
-59.875, -86.625, 2.7871931747797507e-24, nan 
-59.625, -86.625, 2.897194459489488e-24, nan 
-59.375, -86.625, 3.0019781314589885e-24, nan 
-59.125, -86.625, 3.2033217072429367e-24, nan 
-58.875, -86.625, 3.376944875700982e-24, nan 
-58.625, -86.625, 3.485817345255985e-24, nan 
-58.375, -86.625, 3.9921927690863075e-24, nan 
-58.125, -86.625, 4.661332254110571e-24, nan 
-57.875, -86.625, 4.933665327861174e-24, nan 
-57.625, -86.625, 4.4158594218777956e-24, nan 
-57.375, -86.625, 3.9003579599775965e-24, nan 
-57.125, -86.625, 3.599442185603217e-24, nan 
-56.875, -86.625, 3.2567679620775316e-24, nan 
-56.625, -86.625, 2.2070460802309214e-24, nan 
-56.375, -86.625, 2.443192023464991e-24, nan 
-56.125, -86.625, 2.867601294350378e-24, nan 
-55.875, -86.625, 3.0074070806614984e-24, nan 
-55.625, -86.625, 3.049140574876244e-24, nan 
-55.375, -86.625, 3.161334792658847e-24, nan 
-55.125, -86.625, 3.2526042655779803e-24, nan 
-54.875, -86.625, 3.444417802117453e-24, nan 
-54.625, -86.625, 3.5831533805152916e-24, nan 
-54.375, -86.625, 3.6314425393599925e-24, nan 
-54.125, -86.625, 3.830774494503272e-24, nan 
-53.875, -86.625, 3.963163797873631e-24, nan 
-53.625, -86.625, 3.9329798528594605e-24, nan 
-53.375, -86.625, 3.568608520888054e-24, nan 
-53.125, -86.625, 3.1390741237389474e-24, nan 
-52.875, -86.625, 2.930950664299984e-24, nan 
-52.625, -86.625, 2.772360159175984e-24, nan 
-52.375, -86.625, 1.8602257967799803e-24, nan 
-52.125, -86.625, 1.416958980977299e-24, nan 
-51.875, -86.625, 1.3130227354536932e-24, nan 
-51.625, -86.625, 1.2525502346421453e-24, nan 
-51.375, -86.625, 1.3117543161489097e-24, nan 
-51.125, -86.625, 1.329418360386255e-24, nan 
-50.875, -86.625, 1.352655533348692e-24, nan 
-50.625, -86.625, 1.3778196743403636e-24, nan 
-50.375, -86.625, 1.3645232439822418e-24, nan 
-50.125, -86.625, 1.3389945078406409e-24, nan 
-49.875, -86.625, 1.3259280993143713e-24, nan 
-49.625, -86.625, 1.2752325726713909e-24, nan 
-49.375, -86.625, 1.3048256749155873e-24, nan 
-49.125, -86.625, 1.2212560223797726e-24, nan 
-48.875, -86.625, 1.2155614937041677e-24, nan 
-48.625, -86.625, 1.2529530014460987e-24, nan 
-48.375, -86.625, 1.279234379996735e-24, nan 
-48.125, -86.625, 1.2817342354449035e-24, nan 
-47.875, -86.625, 1.293636844012146e-24, nan 
-47.625, -86.625, 1.2644602525527264e-24, nan 
-47.375, -86.625, 1.224990943625016e-24, nan 
-47.125, -86.625, 1.2053900567601068e-24, nan 
-46.875, -86.625, 1.2642686349142678e-24, nan 
-46.625, -86.625, 1.2783577910165034e-24, nan 
-46.375, -86.625, 1.309957364795271e-24, nan 
-46.125, -86.625, 1.3590311688851785e-24, nan 
-45.875, -86.625, 1.3992467919487464e-24, nan 
-45.625, -86.625, 1.5610276290992608e-24, nan 
-45.375, -86.625, 1.682794060914792e-24, nan 
-45.125, -86.625, 1.6316766641382372e-24, nan 
-44.875, -86.625, 1.5238272674274647e-24, nan 
-44.625, -86.625, 1.5112584882859594e-24, nan 
-44.375, -86.625, 1.5270238914162331e-24, nan 
-44.125, -86.625, 1.5451359489142603e-24, nan 
-43.875, -86.625, 1.5916309428405556e-24, nan 
-43.625, -86.625, 1.6349997462630541e-24, nan 
-43.375, -86.625, 1.6694638664575646e-24, nan 
-43.125, -86.625, 1.8641610593099578e-24, nan 
-42.875, -86.625, 2.006907833238069e-24, nan 
-42.625, -86.625, 2.156251088957396e-24, nan 
-42.375, -86.625, 2.3992299652210926e-24, nan 
-42.125, -86.625, 2.6877810950751354e-24, nan 
-41.875, -86.625, 2.806387222184482e-24, nan 
-41.625, -86.625, 2.7843417448555337e-24, nan 
-41.375, -86.625, 2.7766334941522452e-24, nan 
-41.125, -86.625, 2.8009438421500314e-24, nan 
-40.875, -86.625, 2.4912804685244195e-24, nan 
-40.625, -86.625, 1.777393733380027e-24, nan 
-40.375, -86.625, 1.1878892417196261e-24, nan 
-40.125, -86.625, 1.0131809532687711e-24, nan 
-39.875, -86.625, 1.1074077851379256e-24, nan 
-39.625, -86.625, 1.1862653222364912e-24, nan 
-39.375, -86.625, 1.2399427101552346e-24, nan 
-39.125, -86.625, 1.4053743792494617e-24, nan 
-38.875, -86.625, 1.5915607983231015e-24, nan 
-38.625, -86.625, 1.6392216703970943e-24, nan 
-38.375, -86.625, 1.6630572884881326e-24, nan 
-38.125, -86.625, 1.7501819163552796e-24, nan 
-37.875, -86.625, 1.7316441428964903e-24, nan 
-37.625, -86.625, 1.9172846611198872e-24, nan 
-37.375, -86.625, 2.530163290502236e-24, nan 
-37.125, -86.625, 3.2031105867334678e-24, nan 
-36.875, -86.625, 3.53831190635514e-24, nan 
-36.625, -86.625, 3.8372258611400065e-24, nan 
-36.375, -86.625, 3.936583288771431e-24, nan 
-36.125, -86.625, 4.009173757403906e-24, nan 
-35.875, -86.625, 4.134893976270921e-24, nan 
-35.625, -86.625, 4.215877659838486e-24, nan 
-35.375, -86.625, 4.1740985707754375e-24, nan 
-35.125, -86.625, 4.243140753177604e-24, nan 
-34.875, -86.625, 4.3382040800528185e-24, nan 
-34.625, -86.625, 4.488659874525091e-24, nan 
-34.375, -86.625, 4.787672441865428e-24, nan 
-34.125, -86.625, 5.00840221239092e-24, nan 
-33.875, -86.625, 5.164501331632904e-24, nan 
-33.625, -86.625, 4.216291004828489e-24, nan 
-33.375, -86.625, 3.549259837341723e-24, nan 
-33.125, -86.625, 3.420050971712988e-24, nan 
-32.875, -86.625, 3.961189887659591e-24, nan 
-32.625, -86.625, 4.026320692178468e-24, nan 
-32.375, -86.625, 4.369145370914615e-24, nan 
-32.125, -86.625, 4.100552895706675e-24, nan 
-31.875, -86.625, 3.7705708292705984e-24, nan 
-31.625, -86.625, 3.733328305598194e-24, nan 
-31.375, -86.625, 3.761143581313442e-24, nan 
-31.125, -86.625, 3.790913138684961e-24, nan 
-30.875, -86.625, 3.939151731569536e-24, nan 
-30.625, -86.625, 4.0576713975703764e-24, nan 
-30.375, -86.625, 4.085972553461249e-24, nan 
-30.125, -86.625, 4.179062880016939e-24, nan 
-29.875, -86.625, 4.251246511350806e-24, nan 
-29.625, -86.625, 4.37261059699883e-24, nan 
-29.375, -86.625, 3.807316755133314e-24, nan 
-29.125, -86.625, 3.2321334829961666e-24, nan 
-28.875, -86.625, 2.3516586754175467e-24, nan 
-28.625, -86.625, 1.7604264444407077e-24, nan 
-28.375, -86.625, 1.4823368427812525e-24, nan 
-28.125, -86.625, 1.3223542755816104e-24, nan 
-27.875, -86.625, 1.3242700058255535e-24, nan 
-27.625, -86.625, 1.2311504324419281e-24, nan 
-27.375, -86.625, 1.2324279632697287e-24, nan 
-27.125, -86.625, 1.255125891275387e-24, nan 
-26.875, -86.625, 1.384005535507452e-24, nan 
-26.625, -86.625, 1.3879118886472277e-24, nan 
-26.375, -86.625, 1.434690620261387e-24, nan 
-26.125, -86.625, 1.5318119403134092e-24, nan 
-25.875, -86.625, 1.5309938442050719e-24, nan 
-25.625, -86.625, 1.7158982827719216e-24, nan 
-25.375, -86.625, 1.9660818429001673e-24, nan 
-25.125, -86.625, 1.9939393914051328e-24, nan 
-24.875, -86.625, 1.940374797596464e-24, nan 
-24.625, -86.625, 1.961149125292624e-24, nan 
-24.375, -86.625, 1.519822732804316e-24, nan 
-24.125, -86.625, 1.2063305063320105e-24, nan 
-23.875, -86.625, 1.2334357335732339e-24, nan 
-23.625, -86.625, 1.4276698205827202e-24, nan 
-23.375, -86.625, 2.081317364664748e-24, nan 
-23.125, -86.625, 2.5370613526669855e-24, nan 
-22.875, -86.625, 2.839499274328032e-24, nan 
-22.625, -86.625, 3.0400107699700497e-24, nan 
-22.375, -86.625, 3.2501759189408293e-24, nan 
-22.125, -86.625, 3.475617535422061e-24, nan 
-21.875, -86.625, 3.685252265300787e-24, nan 
-21.625, -86.625, 3.770926736494207e-24, nan 
-21.375, -86.625, 4.10875655923809e-24, nan 
-21.125, -86.625, 4.633521552184763e-24, nan 
-20.875, -86.625, 4.811255097428759e-24, nan 
-20.625, -86.625, 4.8762124491433885e-24, nan 
-20.375, -86.625, 4.989703625640576e-24, nan 
-20.125, -86.625, 4.1830525988896835e-24, nan 
-19.875, -86.625, 3.5796287381497326e-24, nan 
-19.625, -86.625, 3.3354879320672905e-24, nan 
-19.375, -86.625, 2.776864599244707e-24, nan 
-19.125, -86.625, 2.8744219764467504e-24, nan 
-18.875, -86.625, 2.7106181829860266e-24, nan 
-18.625, -86.625, 2.903074066875041e-24, nan 
-18.375, -86.625, 3.1276145404359948e-24, nan 
-18.125, -86.625, 3.3151804680182944e-24, nan 
-17.875, -86.625, 3.521040172395337e-24, nan 
-17.625, -86.625, 3.686437741540604e-24, nan 
-17.375, -86.625, 3.780508409676484e-24, nan 
-17.125, -86.625, 4.1138651439044746e-24, nan 
-16.875, -86.625, 4.508694534432657e-24, nan 
-16.625, -86.625, 4.5986373015375884e-24, nan 
-16.375, -86.625, 4.626816671876944e-24, nan 
-90.875, -86.375, 2.2718423401110234e-24, nan 
-90.625, -86.375, 2.364734578636498e-24, nan 
-90.375, -86.375, 2.318636719055464e-24, nan 
-90.125, -86.375, 2.254034112707824e-24, nan 
-89.875, -86.375, 2.186966865387514e-24, nan 
-89.625, -86.375, 2.1994496667941914e-24, nan 
-89.375, -86.375, 2.2985573037247133e-24, nan 
-89.125, -86.375, 2.3335417530452585e-24, nan 
-88.875, -86.375, 2.249873096254223e-24, nan 
-88.625, -86.375, 2.2633004596585327e-24, nan 
-88.375, -86.375, 2.2323524067356015e-24, nan 
-88.125, -86.375, 2.1130559159877896e-24, nan 
-87.875, -86.375, 1.699495613106932e-24, nan 
-87.625, -86.375, 1.227370790221713e-24, nan 
-87.375, -86.375, 7.942912800000701e-25, nan 
-87.125, -86.375, 2.7847192679000314e-25, nan 
-86.875, -86.375, 3.0207738559293487e-25, nan 
-86.625, -86.375, 3.5521776478157867e-25, nan 
-86.375, -86.375, 3.825070817488313e-25, nan 
-86.125, -86.375, 3.3866091274155195e-25, nan 
-85.875, -86.375, 3.1284871028354047e-25, nan 
-85.625, -86.375, 2.9051952016569186e-25, nan 
-85.375, -86.375, 2.394882434973106e-25, nan 
-85.125, -86.375, 1.9345411595411859e-25, nan 
-84.875, -86.375, 2.6296366790761147e-25, nan 
-84.625, -86.375, 2.9216171152549296e-25, nan 
-84.375, -86.375, 3.9947092778293773e-25, nan 
-84.125, -86.375, 4.287407473628313e-25, nan 
-83.875, -86.375, 5.075833194430283e-25, nan 
-83.625, -86.375, 5.212408301150667e-25, nan 
-83.375, -86.375, 5.301340850444659e-25, nan 
-83.125, -86.375, 5.226605277102269e-25, nan 
-82.875, -86.375, 6.380300739411268e-25, nan 
-82.625, -86.375, 6.407495020576385e-25, nan 
-82.375, -86.375, 6.529999102790967e-25, nan 
-82.125, -86.375, 6.567156309968133e-25, nan 
-81.875, -86.375, 6.510265942367531e-25, nan 
-81.625, -86.375, 6.7612411171356645e-25, nan 
-81.375, -86.375, 7.307847389946503e-25, nan 
-81.125, -86.375, 6.987081506092196e-25, nan 
-80.875, -86.375, 7.261520484523452e-25, nan 
-80.625, -86.375, 7.321492221770033e-25, nan 
-80.375, -86.375, 8.0080428703596275e-25, nan 
-80.125, -86.375, 8.986984416831696e-25, nan 
-79.875, -86.375, 9.217422643681142e-25, nan 
-79.625, -86.375, 9.51857808222092e-25, nan 
-79.375, -86.375, 9.522955664379575e-25, nan 
-79.125, -86.375, 9.396323362115468e-25, nan 
-78.875, -86.375, 9.547743698509277e-25, nan 
-78.625, -86.375, 8.876914186209653e-25, nan 
-78.375, -86.375, 9.482244453811104e-25, nan 
-78.125, -86.375, 1.0662005950328667e-24, nan 
-77.875, -86.375, 1.0990248284682175e-24, nan 
-77.625, -86.375, 1.2685757786396495e-24, nan 
-77.375, -86.375, 1.3292230262906046e-24, nan 
-77.125, -86.375, 1.3591311088399737e-24, nan 
-76.875, -86.375, 1.077227350797439e-24, nan 
-76.625, -86.375, 8.067977603102405e-25, nan 
-76.375, -86.375, 7.008668605026204e-25, nan 
-76.125, -86.375, 5.3719079372099425e-25, nan 
-75.875, -86.375, 6.357485648332878e-25, nan 
-75.625, -86.375, 1.1488865422364946e-24, nan 
-75.375, -86.375, 1.1719358799640134e-24, nan 
-75.125, -86.375, 1.127197509696343e-24, nan 
-74.875, -86.375, 1.1146167764874739e-24, nan 
-74.625, -86.375, 8.491140619678646e-25, nan 
-74.375, -86.375, 2.2499744274479922e-24, nan 
-74.125, -86.375, 2.6219130167368608e-24, nan 
-73.875, -86.375, 2.4409037628611417e-24, nan 
-73.625, -86.375, 2.444784890589722e-24, nan 
-73.375, -86.375, 2.412256682868728e-24, nan 
-73.125, -86.375, 2.4492525055061946e-24, nan 
-72.875, -86.375, 2.4743059568595577e-24, nan 
-72.625, -86.375, 2.7143478818935357e-24, nan 
-72.375, -86.375, 3.1342024465099965e-24, nan 
-72.125, -86.375, 3.907414331146282e-24, nan 
-71.875, -86.375, 4.889285565388174e-24, nan 
-71.625, -86.375, 4.7167150805507724e-24, nan 
-71.375, -86.375, 4.359658813415459e-24, nan 
-71.125, -86.375, 4.0891132832513206e-24, nan 
-70.875, -86.375, 3.1838279648445216e-24, nan 
-70.625, -86.375, 2.316909676335858e-24, nan 
-70.375, -86.375, 2.6106625332880898e-24, nan 
-70.125, -86.375, 2.6226953565273302e-24, nan 
-69.875, -86.375, 2.641595992830612e-24, nan 
-69.625, -86.375, 2.626969846534217e-24, nan 
-69.375, -86.375, 2.6094875552877317e-24, nan 
-69.125, -86.375, 2.2411977161978574e-24, nan 
-68.875, -86.375, 2.1563536524400143e-24, nan 
-68.625, -86.375, 2.551111710757902e-24, nan 
-68.375, -86.375, 3.009469997160205e-24, nan 
-68.125, -86.375, 3.591831284748215e-24, nan 
-67.875, -86.375, 3.523247843383218e-24, nan 
-67.625, -86.375, 3.424437834040934e-24, nan 
-67.375, -86.375, 3.328424600836863e-24, nan 
-67.125, -86.375, 2.9123774329827768e-24, nan 
-66.875, -86.375, 1.704276286990405e-24, nan 
-66.625, -86.375, 1.6427797126531409e-24, nan 
-66.375, -86.375, 1.6784260150204222e-24, nan 
-66.125, -86.375, 1.686779750781006e-24, nan 
-65.875, -86.375, 1.7381317212273017e-24, nan 
-65.625, -86.375, 1.855762049169242e-24, nan 
-65.375, -86.375, 1.982033788834593e-24, nan 
-65.125, -86.375, 2.037960054242458e-24, nan 
-64.875, -86.375, 2.094401975977564e-24, nan 
-64.625, -86.375, 2.1977739862285845e-24, nan 
-64.375, -86.375, 2.229540815988583e-24, nan 
-64.125, -86.375, 2.2764606384896175e-24, nan 
-63.875, -86.375, 2.3795110941116953e-24, nan 
-63.625, -86.375, 2.533813471007356e-24, nan 
-63.375, -86.375, 2.9129076639716537e-24, nan 
-63.125, -86.375, 3.084584487273353e-24, nan 
-62.875, -86.375, 2.3547067757383675e-24, nan 
-62.625, -86.375, 1.5663027547904291e-24, nan 
-62.375, -86.375, 1.6398768229971544e-24, nan 
-62.125, -86.375, 1.5514466004655128e-24, nan 
-61.875, -86.375, 1.754607729700015e-24, nan 
-61.625, -86.375, 1.8760570939566623e-24, nan 
-61.375, -86.375, 1.7527492037526313e-24, nan 
-61.125, -86.375, 1.6229546402777971e-24, nan 
-60.875, -86.375, 1.49777865797633e-24, nan 
-60.625, -86.375, 1.8264419066684266e-24, nan 
-60.375, -86.375, 2.508611819244067e-24, nan 
-60.125, -86.375, 2.863902129932841e-24, nan 
-59.875, -86.375, 3.0797377807494e-24, nan 
-59.625, -86.375, 3.320399742110674e-24, nan 
-59.375, -86.375, 3.252593329782546e-24, nan 
-59.125, -86.375, 3.0986470822370717e-24, nan 
-58.875, -86.375, 3.3593433761011e-24, nan 
-58.625, -86.375, 3.875474399750944e-24, nan 
-58.375, -86.375, 3.898748012220294e-24, nan 
-58.125, -86.375, 4.250163502902353e-24, nan 
-57.875, -86.375, 4.606179511981393e-24, nan 
-57.625, -86.375, 4.6771706951155195e-24, nan 
-57.375, -86.375, 4.171263299436207e-24, nan 
-57.125, -86.375, 3.5435015789014736e-24, nan 
-56.875, -86.375, 2.3679461028138573e-24, nan 
-56.625, -86.375, 2.37718022224748e-24, nan 
-56.375, -86.375, 2.7828169588328982e-24, nan 
-56.125, -86.375, 3.0820915714926727e-24, nan 
-55.875, -86.375, 3.2814078414297795e-24, nan 
-55.625, -86.375, 3.3132230131405244e-24, nan 
-55.375, -86.375, 3.427445534795267e-24, nan 
-55.125, -86.375, 3.62112394363771e-24, nan 
-54.875, -86.375, 3.935038789124429e-24, nan 
-54.625, -86.375, 3.8755177865583765e-24, nan 
-54.375, -86.375, 4.0873976741707085e-24, nan 
-54.125, -86.375, 4.294657162631555e-24, nan 
-53.875, -86.375, 4.275766440600423e-24, nan 
-53.625, -86.375, 3.915866818449738e-24, nan 
-53.375, -86.375, 3.550682270706789e-24, nan 
-53.125, -86.375, 2.3979239306061686e-24, nan 
-52.875, -86.375, 1.6590368466586942e-24, nan 
-52.625, -86.375, 1.3753612840619572e-24, nan 
-52.375, -86.375, 1.3498707689549097e-24, nan 
-52.125, -86.375, 1.3606480936010398e-24, nan 
-51.875, -86.375, 1.3815287049801975e-24, nan 
-51.625, -86.375, 1.258303325875167e-24, nan 
-51.375, -86.375, 1.1540318926017289e-24, nan 
-51.125, -86.375, 1.1217632923974348e-24, nan 
-50.875, -86.375, 1.1659785495733164e-24, nan 
-50.625, -86.375, 1.141764777287475e-24, nan 
-50.375, -86.375, 1.1391415921433004e-24, nan 
-50.125, -86.375, 1.1700937050620471e-24, nan 
-49.875, -86.375, 1.2373440289625548e-24, nan 
-49.625, -86.375, 1.2110484628852508e-24, nan 
-49.375, -86.375, 1.1868473247118957e-24, nan 
-49.125, -86.375, 1.1683122890351096e-24, nan 
-48.875, -86.375, 1.1538747123667204e-24, nan 
-48.625, -86.375, 1.1462651129855782e-24, nan 
-48.375, -86.375, 1.1125977777999898e-24, nan 
-48.125, -86.375, 1.1101454487863477e-24, nan 
-47.875, -86.375, 1.1705519093558623e-24, nan 
-47.625, -86.375, 1.18753095699668e-24, nan 
-47.375, -86.375, 1.2500905636963176e-24, nan 
-47.125, -86.375, 1.2953534263071649e-24, nan 
-46.875, -86.375, 1.2633559403635341e-24, nan 
-46.625, -86.375, 1.2588150522612224e-24, nan 
-46.375, -86.375, 1.314564474932615e-24, nan 
-46.125, -86.375, 1.505938081838923e-24, nan 
-45.875, -86.375, 1.717076996152611e-24, nan 
-45.625, -86.375, 1.779290893574016e-24, nan 
-45.375, -86.375, 1.7301401658756026e-24, nan 
-45.125, -86.375, 1.635719896011562e-24, nan 
-44.875, -86.375, 1.5294170715177513e-24, nan 
-44.625, -86.375, 1.5594234678958684e-24, nan 
-44.375, -86.375, 1.7552552226527757e-24, nan 
-44.125, -86.375, 2.0147336549483445e-24, nan 
-43.875, -86.375, 2.1026674420001823e-24, nan 
-43.625, -86.375, 2.149060395857347e-24, nan 
-43.375, -86.375, 2.1689374238324176e-24, nan 
-43.125, -86.375, 2.292996269719796e-24, nan 
-42.875, -86.375, 2.5765015785485247e-24, nan 
-42.625, -86.375, 2.9796550551377247e-24, nan 
-42.375, -86.375, 4.149121352065845e-24, nan 
-42.125, -86.375, 4.836671020227054e-24, nan 
-41.875, -86.375, 5.2540548780812984e-24, nan 
-41.625, -86.375, 5.27984038154128e-24, nan 
-41.375, -86.375, 4.9691159252693145e-24, nan 
-41.125, -86.375, 4.561513602887627e-24, nan 
-40.875, -86.375, 4.194954215085713e-24, nan 
-40.625, -86.375, 3.805226857632956e-24, nan 
-40.375, -86.375, 3.629728813984696e-24, nan 
-40.125, -86.375, 3.649256751744956e-24, nan 
-39.875, -86.375, 3.6164959075881824e-24, nan 
-39.625, -86.375, 3.742573501930251e-24, nan 
-39.375, -86.375, 3.8633251363445705e-24, nan 
-39.125, -86.375, 3.9676366757204795e-24, nan 
-38.875, -86.375, 4.1021361487277004e-24, nan 
-38.625, -86.375, 4.1993302959164815e-24, nan 
-38.375, -86.375, 4.366751935022541e-24, nan 
-38.125, -86.375, 4.526301998364308e-24, nan 
-37.875, -86.375, 4.575149913366799e-24, nan 
-37.625, -86.375, 4.4214738711405645e-24, nan 
-37.375, -86.375, 4.240707669611853e-24, nan 
-37.125, -86.375, 3.953790418818868e-24, nan 
-36.875, -86.375, 3.553607022355098e-24, nan 
-36.625, -86.375, 3.346380214948782e-24, nan 
-36.375, -86.375, 3.6274995784405314e-24, nan 
-36.125, -86.375, 4.016441677201485e-24, nan 
-35.875, -86.375, 4.374506943393391e-24, nan 
-35.625, -86.375, 4.526937995395156e-24, nan 
-35.375, -86.375, 4.540174126045808e-24, nan 
-35.125, -86.375, 4.483140426364567e-24, nan 
-34.875, -86.375, 4.328080285515729e-24, nan 
-34.625, -86.375, 4.155196294695799e-24, nan 
-34.375, -86.375, 3.798346012512668e-24, nan 
-34.125, -86.375, 3.7694070712665604e-24, nan 
-33.875, -86.375, 3.808165646031468e-24, nan 
-33.625, -86.375, 3.1539560939604486e-24, nan 
-33.375, -86.375, 2.4243906583633863e-24, nan 
-33.125, -86.375, 1.59654539631002e-24, nan 
-32.875, -86.375, 1.1925274546095642e-24, nan 
-32.625, -86.375, 1.1481843011923698e-24, nan 
-32.375, -86.375, 1.2910733202914972e-24, nan 
-32.125, -86.375, 1.2951904369027488e-24, nan 
-31.875, -86.375, 1.3190577832706387e-24, nan 
-31.625, -86.375, 1.3289831618709505e-24, nan 
-31.375, -86.375, 1.3202544423502672e-24, nan 
-31.125, -86.375, 1.2584647833745968e-24, nan 
-30.875, -86.375, 1.2581409528049974e-24, nan 
-30.625, -86.375, 1.2402972124185871e-24, nan 
-30.375, -86.375, 1.2514266355960566e-24, nan 
-30.125, -86.375, 1.3491845977055088e-24, nan 
-29.875, -86.375, 1.3825203869752499e-24, nan 
-29.625, -86.375, 1.4592028762516686e-24, nan 
-29.375, -86.375, 1.5301739588500606e-24, nan 
-29.125, -86.375, 1.6060001080491952e-24, nan 
-28.875, -86.375, 1.6612282632068576e-24, nan 
-28.625, -86.375, 1.7097359755523777e-24, nan 
-28.375, -86.375, 1.752324995080895e-24, nan 
-28.125, -86.375, 1.8063060704757278e-24, nan 
-27.875, -86.375, 1.7731793981995746e-24, nan 
-27.625, -86.375, 1.7580702147907446e-24, nan 
-27.375, -86.375, 1.7504756192549522e-24, nan 
-27.125, -86.375, 1.6958137949040734e-24, nan 
-26.875, -86.375, 1.7516859259014572e-24, nan 
-26.625, -86.375, 1.773821947571716e-24, nan 
-26.375, -86.375, 1.667672757781376e-24, nan 
-26.125, -86.375, 1.5726107806392034e-24, nan 
-25.875, -86.375, 1.5152881479711413e-24, nan 
-25.625, -86.375, 1.501234599270288e-24, nan 
-25.375, -86.375, 1.4917581876328423e-24, nan 
-25.125, -86.375, 1.4608407105149392e-24, nan 
-24.875, -86.375, 1.3937477173271675e-24, nan 
-24.625, -86.375, 1.5622496077247353e-24, nan 
-24.375, -86.375, 1.5747355023775218e-24, nan 
-24.125, -86.375, 1.628182011205083e-24, nan 
-23.875, -86.375, 1.8127525471351955e-24, nan 
-23.625, -86.375, 2.0009254103701978e-24, nan 
-23.375, -86.375, 2.1302066064212957e-24, nan 
-23.125, -86.375, 2.4063170689136814e-24, nan 
-22.875, -86.375, 2.7116892190567832e-24, nan 
-22.625, -86.375, 2.9957845260358273e-24, nan 
-22.375, -86.375, 3.2710956832053888e-24, nan 
-22.125, -86.375, 3.632374207400068e-24, nan 
-21.875, -86.375, 4.327889971717919e-24, nan 
-21.625, -86.375, 4.607438089399978e-24, nan 
-21.375, -86.375, 4.525887567335722e-24, nan 
-21.125, -86.375, 3.996042164297979e-24, nan 
-20.875, -86.375, 3.7136052834937766e-24, nan 
-20.625, -86.375, 3.710224092840929e-24, nan 
-20.375, -86.375, 3.720900598081602e-24, nan 
-20.125, -86.375, 3.488735958482716e-24, nan 
-19.875, -86.375, 3.2872045445210167e-24, nan 
-19.625, -86.375, 3.2221800989990212e-24, nan 
-19.375, -86.375, 3.173927655765251e-24, nan 
-19.125, -86.375, 3.3374782255658105e-24, nan 
-18.875, -86.375, 3.565329073957351e-24, nan 
-18.625, -86.375, 3.7958068745086395e-24, nan 
-18.375, -86.375, 4.06730987142926e-24, nan 
-18.125, -86.375, 4.624500662554393e-24, nan 
-17.875, -86.375, 4.888264179239814e-24, nan 
-17.625, -86.375, 4.879256876829935e-24, nan 
-17.375, -86.375, 4.2976526502058885e-24, nan 
-17.125, -86.375, 3.6949408188344974e-24, nan 
-16.875, -86.375, 3.581422079212026e-24, nan 
-16.625, -86.375, 3.4544502501733256e-24, nan 
-16.375, -86.375, 3.296489931034227e-24, nan 
-16.125, -86.375, 3.1981456092216723e-24, nan 
-15.875, -86.375, 3.027157841326091e-24, nan 
-15.625, -86.375, 2.768527542479453e-24, nan 
-15.375, -86.375, 2.482197770613091e-24, nan 
-15.125, -86.375, 2.238328851064988e-24, nan 
-14.875, -86.375, 2.0506471897658447e-24, nan 
-14.625, -86.375, 1.883833684155218e-24, nan 
-14.375, -86.375, 1.6752227398062322e-24, nan 
-14.125, -86.375, 1.6185954339723836e-24, nan 
-13.875, -86.375, 1.626920919755606e-24, nan 
-13.625, -86.375, 1.63288552918457e-24, nan 
-13.375, -86.375, 1.5473949902344128e-24, nan 
-13.125, -86.375, 1.428216154942769e-24, nan 
-12.875, -86.375, 1.4279400402807795e-24, nan 
-12.625, -86.375, 1.4284632821688295e-24, nan 
-12.375, -86.375, 1.3840009050347644e-24, nan 
-12.125, -86.375, 1.3493795438202087e-24, nan 
-11.875, -86.375, 1.3357601062693031e-24, nan 
-11.625, -86.375, 1.323963319027187e-24, nan 
-94.375, -86.125, 2.0181433784409115e-24, nan 
-94.125, -86.125, 1.943960533424192e-24, nan 
-93.875, -86.125, 1.9459721348454677e-24, nan 
-93.625, -86.125, 1.8946858880998506e-24, nan 
-93.375, -86.125, 1.826468901002501e-24, nan 
-93.125, -86.125, 1.7073585462528863e-24, nan 
-92.875, -86.125, 1.691616714913099e-24, nan 
-92.625, -86.125, 1.7176674083576855e-24, nan 
-92.375, -86.125, 1.8259273227822774e-24, nan 
-92.125, -86.125, 1.9200609234442894e-24, nan 
-91.875, -86.125, 2.054808802511099e-24, nan 
-91.625, -86.125, 2.081600678073121e-24, nan 
-91.375, -86.125, 2.223153475051836e-24, nan 
-91.125, -86.125, 2.543373593936887e-24, nan 
-90.875, -86.125, 2.9529691093681182e-24, nan 
-90.625, -86.125, 3.1924957495629413e-24, nan 
-90.375, -86.125, 3.256075326796836e-24, nan 
-90.125, -86.125, 3.2045456203758232e-24, nan 
-89.875, -86.125, 3.125285636312367e-24, nan 
-89.625, -86.125, 3.0726987090417935e-24, nan 
-89.375, -86.125, 3.0864610947161816e-24, nan 
-89.125, -86.125, 3.1157299529741972e-24, nan 
-88.875, -86.125, 3.0794790078848057e-24, nan 
-88.625, -86.125, 3.145645888716457e-24, nan 
-88.375, -86.125, 3.1611151145060533e-24, nan 
-88.125, -86.125, 3.0590945565176632e-24, nan 
-87.875, -86.125, 2.547714946622036e-24, nan 
-87.625, -86.125, 2.1545540348390995e-24, nan 
-87.375, -86.125, 2.1187016512011385e-24, nan 
-87.125, -86.125, 2.7066600036686545e-24, nan 
-86.875, -86.125, 3.109027745244477e-24, nan 
-86.625, -86.125, 3.3055157413679583e-24, nan 
-86.375, -86.125, 3.3087243866625444e-24, nan 
-86.125, -86.125, 3.2074837836133336e-24, nan 
-85.875, -86.125, 3.089647516809618e-24, nan 
-85.625, -86.125, 3.0583305826598482e-24, nan 
-85.375, -86.125, 3.062043978240724e-24, nan 
-85.125, -86.125, 2.9756480077077273e-24, nan 
-84.875, -86.125, 2.8634439687049936e-24, nan 
-84.625, -86.125, 2.782500064694389e-24, nan 
-84.375, -86.125, 2.5846367485939658e-24, nan 
-84.125, -86.125, 2.0680597725035294e-24, nan 
-83.875, -86.125, 1.45417841232708e-24, nan 
-83.625, -86.125, 8.926159320260954e-25, nan 
-83.375, -86.125, 3.2864581935335516e-25, nan 
-83.125, -86.125, 3.6373241460860424e-25, nan 
-82.875, -86.125, 4.787189174719532e-25, nan 
-82.625, -86.125, 5.200434011110985e-25, nan 
-82.375, -86.125, 4.758338475658709e-25, nan 
-82.125, -86.125, 4.251141201943279e-25, nan 
-81.875, -86.125, 3.7942445588646946e-25, nan 
-81.625, -86.125, 3.8674238597186497e-25, nan 
-81.375, -86.125, 4.109691718078109e-25, nan 
-81.125, -86.125, 4.45496941869967e-25, nan 
-80.875, -86.125, 4.8904362114354e-25, nan 
-80.625, -86.125, 5.677453530358041e-25, nan 
-80.375, -86.125, 9.089209254594218e-25, nan 
-80.125, -86.125, 1.0239882340536759e-24, nan 
-79.875, -86.125, 1.1244278205923095e-24, nan 
-79.625, -86.125, 1.2343537695142718e-24, nan 
-79.375, -86.125, 1.280403274551742e-24, nan 
-79.125, -86.125, 1.3109006845021724e-24, nan 
-78.875, -86.125, 1.3755188000092962e-24, nan 
-78.625, -86.125, 1.2437320997125043e-24, nan 
-78.375, -86.125, 1.2843604321374705e-24, nan 
-78.125, -86.125, 1.3232555928829869e-24, nan 
-77.875, -86.125, 1.3717091438448886e-24, nan 
-77.625, -86.125, 1.5090299645542891e-24, nan 
-77.375, -86.125, 1.5687167750826168e-24, nan 
-77.125, -86.125, 1.668768902697577e-24, nan 
-76.875, -86.125, 1.2657519656994557e-24, nan 
-76.625, -86.125, 1.4790341862350537e-24, nan 
-76.375, -86.125, 1.6439863767078813e-24, nan 
-76.125, -86.125, 1.7330934824711374e-24, nan 
-75.875, -86.125, 1.8629998351867624e-24, nan 
-75.625, -86.125, 1.9812586161283567e-24, nan 
-75.375, -86.125, 2.195574312452116e-24, nan 
-75.125, -86.125, 2.3179487328554302e-24, nan 
-74.875, -86.125, 2.3229210692830896e-24, nan 
-74.625, -86.125, 2.499716895335637e-24, nan 
-74.375, -86.125, 2.5257619119045834e-24, nan 
-74.125, -86.125, 2.3309894224386125e-24, nan 
-73.875, -86.125, 2.2402883016321733e-24, nan 
-73.625, -86.125, 1.6821908211213398e-24, nan 
-73.375, -86.125, 1.48182766907705e-24, nan 
-73.125, -86.125, 1.0130550406228914e-24, nan 
-72.875, -86.125, 9.50168429936529e-25, nan 
-72.625, -86.125, 1.311686774042998e-24, nan 
-72.375, -86.125, 1.3025188411846848e-24, nan 
-72.125, -86.125, 1.4435083600085625e-24, nan 
-71.875, -86.125, 1.8524838582285388e-24, nan 
-71.625, -86.125, 1.7984623199711e-24, nan 
-71.375, -86.125, 1.696674382004419e-24, nan 
-71.125, -86.125, 1.6668784217080655e-24, nan 
-70.875, -86.125, 1.44142262395477e-24, nan 
-70.625, -86.125, 2.0980230054023727e-24, nan 
-70.375, -86.125, 2.5009228771847104e-24, nan 
-70.125, -86.125, 2.6694384546021122e-24, nan 
-69.875, -86.125, 2.6239147571646747e-24, nan 
-69.625, -86.125, 2.4834699641276408e-24, nan 
-69.375, -86.125, 2.3462630263463524e-24, nan 
-69.125, -86.125, 1.6654772034407496e-24, nan 
-68.875, -86.125, 1.701490161630228e-24, nan 
-68.625, -86.125, 1.6642588823893356e-24, nan 
-68.375, -86.125, 1.5148850515716992e-24, nan 
-68.125, -86.125, 1.4297408455693261e-24, nan 
-67.875, -86.125, 1.3861481202895702e-24, nan 
-67.625, -86.125, 1.3581945172207989e-24, nan 
-67.375, -86.125, 1.588961849903985e-24, nan 
-67.125, -86.125, 1.7978564089882474e-24, nan 
-66.875, -86.125, 1.9635704499179964e-24, nan 
-66.625, -86.125, 1.9618350617760994e-24, nan 
-66.375, -86.125, 2.356394807004155e-24, nan 
-66.125, -86.125, 2.4305241887803104e-24, nan 
-65.875, -86.125, 2.482235222951253e-24, nan 
-65.625, -86.125, 2.467366952948886e-24, nan 
-65.375, -86.125, 2.2559876033863976e-24, nan 
-65.125, -86.125, 2.202532444189168e-24, nan 
-64.875, -86.125, 2.2216549820777095e-24, nan 
-64.625, -86.125, 2.3182143311635906e-24, nan 
-64.375, -86.125, 2.273403947470735e-24, nan 
-64.125, -86.125, 2.075035056574916e-24, nan 
-63.875, -86.125, 1.9399865876696935e-24, nan 
-63.625, -86.125, 2.237932089185704e-24, nan 
-63.375, -86.125, 2.9585878643802615e-24, nan 
-63.125, -86.125, 3.447740326805569e-24, nan 
-62.875, -86.125, 2.4283205848066097e-24, nan 
-62.625, -86.125, 1.9584130175080263e-24, nan 
-62.375, -86.125, 2.341726146608715e-24, nan 
-62.125, -86.125, 2.7016603821923244e-24, nan 
-61.875, -86.125, 2.8470024146870263e-24, nan 
-61.625, -86.125, 2.9328984885270744e-24, nan 
-61.375, -86.125, 2.9356740734315078e-24, nan 
-61.125, -86.125, 2.7311672135570292e-24, nan 
-60.875, -86.125, 2.5189278003973585e-24, nan 
-60.625, -86.125, 3.0110463919544704e-24, nan 
-60.375, -86.125, 3.630530147467962e-24, nan 
-60.125, -86.125, 4.0361098811506116e-24, nan 
-59.875, -86.125, 4.511415536527429e-24, nan 
-59.625, -86.125, 4.9574792635848684e-24, nan 
-59.375, -86.125, 4.7934375220504426e-24, nan 
-59.125, -86.125, 3.826269065157169e-24, nan 
-58.875, -86.125, 3.481624545083802e-24, nan 
-58.625, -86.125, 3.3000784616166308e-24, nan 
-58.375, -86.125, 3.5017224466186726e-24, nan 
-58.125, -86.125, 3.6821692624980365e-24, nan 
-57.875, -86.125, 3.811097978741816e-24, nan 
-57.625, -86.125, 3.869966825412631e-24, nan 
-57.375, -86.125, 3.619158217276367e-24, nan 
-57.125, -86.125, 3.0740418304589243e-24, nan 
-56.875, -86.125, 3.1525044983158633e-24, nan 
-56.625, -86.125, 3.34289745135125e-24, nan 
-56.375, -86.125, 3.824585259508826e-24, nan 
-56.125, -86.125, 4.2850484377064005e-24, nan 
-55.875, -86.125, 4.6940111638102915e-24, nan 
-55.625, -86.125, 4.581848628308313e-24, nan 
-55.375, -86.125, 3.863308129119692e-24, nan 
-55.125, -86.125, 3.706120863032449e-24, nan 
-54.875, -86.125, 3.045599921019816e-24, nan 
-54.625, -86.125, 2.731881744769079e-24, nan 
-54.375, -86.125, 2.6437823848526193e-24, nan 
-54.125, -86.125, 2.548900713000045e-24, nan 
-53.875, -86.125, 2.3242868239526986e-24, nan 
-53.625, -86.125, 2.258348735741091e-24, nan 
-53.375, -86.125, 2.4504290372849078e-24, nan 
-53.125, -86.125, 1.653718582023592e-24, nan 
-52.875, -86.125, 1.1421335655966322e-24, nan 
-52.625, -86.125, 1.0391918753619839e-24, nan 
-52.375, -86.125, 1.0311315693783256e-24, nan 
-52.125, -86.125, 1.1441165379570231e-24, nan 
-51.875, -86.125, 1.44975153146146e-24, nan 
-51.625, -86.125, 1.6717919443368177e-24, nan 
-51.375, -86.125, 1.6476674790852655e-24, nan 
-51.125, -86.125, 1.5857882985084452e-24, nan 
-50.875, -86.125, 1.4149794733479545e-24, nan 
-50.625, -86.125, 1.3338060402389514e-24, nan 
-50.375, -86.125, 1.279267997019696e-24, nan 
-50.125, -86.125, 1.2957473149338813e-24, nan 
-49.875, -86.125, 1.2902191522120487e-24, nan 
-49.625, -86.125, 1.2842753687674936e-24, nan 
-49.375, -86.125, 1.2769142217548615e-24, nan 
-49.125, -86.125, 1.2376806677397322e-24, nan 
-48.875, -86.125, 1.2192391322415218e-24, nan 
-48.625, -86.125, 1.1858671810018236e-24, nan 
-48.375, -86.125, 1.2214556829809335e-24, nan 
-48.125, -86.125, 1.2894743648394023e-24, nan 
-47.875, -86.125, 1.385203663080299e-24, nan 
-47.625, -86.125, 1.4618209650298867e-24, nan 
-47.375, -86.125, 1.5697097766214086e-24, nan 
-47.125, -86.125, 1.6742088060593536e-24, nan 
-46.875, -86.125, 1.8190800613111045e-24, nan 
-46.625, -86.125, 2.191124437558083e-24, nan 
-46.375, -86.125, 2.4127083385193184e-24, nan 
-46.125, -86.125, 3.5218830474618274e-24, nan 
-45.875, -86.125, 3.975819309379221e-24, nan 
-45.625, -86.125, 3.882618217281837e-24, nan 
-45.375, -86.125, 3.75316196886099e-24, nan 
-45.125, -86.125, 3.479381870374842e-24, nan 
-44.875, -86.125, 2.828590449111595e-24, nan 
-44.625, -86.125, 2.257081871517388e-24, nan 
-44.375, -86.125, 1.7991192968275837e-24, nan 
-44.125, -86.125, 1.7690956101755077e-24, nan 
-43.875, -86.125, 1.968283417598419e-24, nan 
-43.625, -86.125, 2.47157996096982e-24, nan 
-43.375, -86.125, 3.400324345975558e-24, nan 
-43.125, -86.125, 3.8595771127776336e-24, nan 
-42.875, -86.125, 4.668498727902987e-24, nan 
-42.625, -86.125, 5.7494816899295e-24, nan 
-42.375, -86.125, 8.271032981661511e-24, nan 
-42.125, -86.125, 9.241581808478801e-24, nan 
-41.875, -86.125, 9.298705652959889e-24, nan 
-41.625, -86.125, 9.396727338726866e-24, nan 
-41.375, -86.125, 9.189584020870152e-24, nan 
-41.125, -86.125, 8.445094730250785e-24, nan 
-40.875, -86.125, 7.696068152946842e-24, nan 
-40.625, -86.125, 7.107274848535896e-24, nan 
-40.375, -86.125, 6.904551045031549e-24, nan 
-40.125, -86.125, 6.867072763991034e-24, nan 
-39.875, -86.125, 6.12823172527306e-24, nan 
-39.625, -86.125, 5.98829914683953e-24, nan 
-39.375, -86.125, 5.5406095253156795e-24, nan 
-39.125, -86.125, 5.232911712509688e-24, nan 
-38.875, -86.125, 5.829356597421595e-24, nan 
-38.625, -86.125, 7.39893733447242e-24, nan 
-38.375, -86.125, 8.157294982229468e-24, nan 
-38.125, -86.125, 8.31447904467064e-24, nan 
-37.875, -86.125, 8.505920614594422e-24, nan 
-37.625, -86.125, 8.4394359217315e-24, nan 
-37.375, -86.125, 7.891708893451341e-24, nan 
-37.125, -86.125, 7.141471150889191e-24, nan 
-36.875, -86.125, 6.330367338843578e-24, nan 
-36.625, -86.125, 5.617998809592437e-24, nan 
-36.375, -86.125, 5.213358694824194e-24, nan 
-36.125, -86.125, 4.4501982719092575e-24, nan 
-35.875, -86.125, 3.439444389226531e-24, nan 
-35.625, -86.125, 3.3379105265456235e-24, nan 
-35.375, -86.125, 2.9704561720874633e-24, nan 
-35.125, -86.125, 2.3339748506493304e-24, nan 
-34.875, -86.125, 1.8574741701828536e-24, nan 
-34.625, -86.125, 1.7144828290752505e-24, nan 
-34.375, -86.125, 1.3604522988984241e-24, nan 
-34.125, -86.125, 1.3449105270829046e-24, nan 
-33.875, -86.125, 1.3307890386138651e-24, nan 
-33.625, -86.125, 1.3005177000620098e-24, nan 
-33.375, -86.125, 1.2595303959903955e-24, nan 
-33.125, -86.125, 1.2505621116481465e-24, nan 
-32.875, -86.125, 1.2263578940489998e-24, nan 
-32.625, -86.125, 1.1738105851046308e-24, nan 
-32.375, -86.125, 1.1703123792547758e-24, nan 
-32.125, -86.125, 1.2465872051570405e-24, nan 
-31.875, -86.125, 1.2919965117741567e-24, nan 
-31.625, -86.125, 1.3235962864793289e-24, nan 
-31.375, -86.125, 1.2611268895991888e-24, nan 
-31.125, -86.125, 1.2173783459034723e-24, nan 
-30.875, -86.125, 1.2998653857621575e-24, nan 
-30.625, -86.125, 1.3598234093273217e-24, nan 
-30.375, -86.125, 1.4175723067242076e-24, nan 
-30.125, -86.125, 1.4736952202806167e-24, nan 
-29.875, -86.125, 1.5705400178304803e-24, nan 
-29.625, -86.125, 1.6433812090122214e-24, nan 
-29.375, -86.125, 1.7278316688719134e-24, nan 
-29.125, -86.125, 1.8098924167003605e-24, nan 
-28.875, -86.125, 1.8398035928255866e-24, nan 
-28.625, -86.125, 1.9516265734158427e-24, nan 
-28.375, -86.125, 2.0326873619653142e-24, nan 
-28.125, -86.125, 2.1063978642177925e-24, nan 
-27.875, -86.125, 2.0499040002573772e-24, nan 
-27.625, -86.125, 2.0676787602057437e-24, nan 
-27.375, -86.125, 2.039253327040704e-24, nan 
-27.125, -86.125, 1.9300542910849174e-24, nan 
-26.875, -86.125, 1.9697443042366746e-24, nan 
-26.625, -86.125, 1.9422284801366792e-24, nan 
-26.375, -86.125, 1.76722222711859e-24, nan 
-26.125, -86.125, 1.6484557946938726e-24, nan 
-25.875, -86.125, 1.6113311431857094e-24, nan 
-25.625, -86.125, 1.460624758285933e-24, nan 
-25.375, -86.125, 1.4121530004451542e-24, nan 
-25.125, -86.125, 1.419902885156102e-24, nan 
-24.875, -86.125, 1.5817463811358602e-24, nan 
-24.625, -86.125, 1.6818425324467306e-24, nan 
-24.375, -86.125, 1.7742338248334247e-24, nan 
-24.125, -86.125, 1.788300125001313e-24, nan 
-23.875, -86.125, 1.888730599981172e-24, nan 
-23.625, -86.125, 2.108913743334427e-24, nan 
-23.375, -86.125, 2.2622807154655923e-24, nan 
-23.125, -86.125, 2.452475356085588e-24, nan 
-22.875, -86.125, 2.5926934266990275e-24, nan 
-22.625, -86.125, 2.6349968399941218e-24, nan 
-22.375, -86.125, 2.6975397628241497e-24, nan 
-22.125, -86.125, 2.7250476942800627e-24, nan 
-21.875, -86.125, 2.7800536621088155e-24, nan 
-21.625, -86.125, 2.8679985133955916e-24, nan 
-21.375, -86.125, 2.9837038186812574e-24, nan 
-21.125, -86.125, 3.182991357612436e-24, nan 
-20.875, -86.125, 3.369783113970514e-24, nan 
-20.625, -86.125, 3.339222793457492e-24, nan 
-20.375, -86.125, 3.266612093121166e-24, nan 
-20.125, -86.125, 3.084309877297811e-24, nan 
-19.875, -86.125, 2.965457716619382e-24, nan 
-19.625, -86.125, 3.074209344817898e-24, nan 
-19.375, -86.125, 3.2228918785882524e-24, nan 
-19.125, -86.125, 3.364287425751701e-24, nan 
-18.875, -86.125, 3.422603402608093e-24, nan 
-18.625, -86.125, 3.47472419052993e-24, nan 
-18.375, -86.125, 3.3888123562329655e-24, nan 
-18.125, -86.125, 3.434598256401052e-24, nan 
-17.875, -86.125, 3.582140308864763e-24, nan 
-17.625, -86.125, 3.677359440108541e-24, nan 
-17.375, -86.125, 3.683595034739541e-24, nan 
-17.125, -86.125, 3.768314936797075e-24, nan 
-16.875, -86.125, 3.751741891780551e-24, nan 
-16.625, -86.125, 3.626171017873302e-24, nan 
-16.375, -86.125, 3.4580473964040496e-24, nan 
-16.125, -86.125, 3.135553329772583e-24, nan 
-15.875, -86.125, 3.010809038360081e-24, nan 
-15.625, -86.125, 2.9207401006463254e-24, nan 
-15.375, -86.125, 2.8916842874580323e-24, nan 
-15.125, -86.125, 2.844529585542871e-24, nan 
-14.875, -86.125, 2.823741838140613e-24, nan 
-14.625, -86.125, 2.7060283376724796e-24, nan 
-14.375, -86.125, 2.7092717590451937e-24, nan 
-14.125, -86.125, 2.7182427568417458e-24, nan 
-13.875, -86.125, 2.7694315619208077e-24, nan 
-13.625, -86.125, 2.7868830915036493e-24, nan 
-13.375, -86.125, 2.6699671071754985e-24, nan 
-13.125, -86.125, 2.562828761855578e-24, nan 
-12.875, -86.125, 2.5332002294191325e-24, nan 
-12.625, -86.125, 2.59727296442379e-24, nan 
-12.375, -86.125, 2.616047533129342e-24, nan 
-12.125, -86.125, 2.513419626506113e-24, nan 
-11.875, -86.125, 2.4594244692487203e-24, nan 
-11.625, -86.125, 2.4955944998473144e-24, nan 
-11.375, -86.125, 2.5443225865204156e-24, nan 
-11.125, -86.125, 2.5493235642328682e-24, nan 
-10.875, -86.125, 2.6142252846298334e-24, nan 
-10.625, -86.125, 2.6418492619916404e-24, nan 
-10.375, -86.125, 2.6174372914245513e-24, nan 
-10.125, -86.125, 2.606129712812786e-24, nan 
-9.875, -86.125, 2.5163238719036485e-24, nan 
-9.625, -86.125, 2.535152163465684e-24, nan 
-9.375, -86.125, 2.4540630806581766e-24, nan 
-9.125, -86.125, 2.3822831391041027e-24, nan 
-8.875, -86.125, 2.5392323430337194e-24, nan 
-8.625, -86.125, 2.5964939179410564e-24, nan 
-8.375, -86.125, 2.616176961201777e-24, nan 
-8.125, -86.125, 2.6389595168553542e-24, nan 
-97.625, -85.875, 2.0484152783275326e-24, nan 
-97.375, -85.875, 2.0445183147633327e-24, nan 
-97.125, -85.875, 2.0877707190613384e-24, nan 
-96.875, -85.875, 2.016138046937182e-24, nan 
-96.625, -85.875, 2.1443622636283015e-24, nan 
-96.375, -85.875, 2.1524753349326036e-24, nan 
-96.125, -85.875, 2.1453153043168853e-24, nan 
-95.875, -85.875, 2.0876529008489674e-24, nan 
-95.625, -85.875, 1.8732804649458113e-24, nan 
-95.375, -85.875, 1.5128642961653766e-24, nan 
-95.125, -85.875, 1.4951847680992975e-24, nan 
-94.875, -85.875, 1.5027958453624282e-24, nan 
-94.625, -85.875, 1.3685041898371169e-24, nan 
-94.375, -85.875, 1.2444033972214324e-24, nan 
-94.125, -85.875, 1.3974305809166877e-24, nan 
-93.875, -85.875, 1.4056636221808824e-24, nan 
-93.625, -85.875, 1.4358974361121717e-24, nan 
-93.375, -85.875, 1.6007047019124932e-24, nan 
-93.125, -85.875, 1.5412496626715423e-24, nan 
-92.875, -85.875, 1.5834579383372581e-24, nan 
-92.625, -85.875, 1.5731093882070367e-24, nan 
-92.375, -85.875, 1.523416893560467e-24, nan 
-92.125, -85.875, 1.3802922374749213e-24, nan 
-91.875, -85.875, 1.4025140023443585e-24, nan 
-91.625, -85.875, 1.4050214592675956e-24, nan 
-91.375, -85.875, 1.2917314651089165e-24, nan 
-91.125, -85.875, 1.0332357111177917e-24, nan 
-90.875, -85.875, 9.259888405283078e-25, nan 
-90.625, -85.875, 8.490852795363576e-25, nan 
-90.375, -85.875, 6.858453832381683e-25, nan 
-90.125, -85.875, 3.386682919487938e-25, nan 
-89.875, -85.875, 3.614302967506344e-25, nan 
-89.625, -85.875, 4.160356379791491e-25, nan 
-89.375, -85.875, 4.265059296517399e-25, nan 
-89.125, -85.875, 4.335042405866434e-25, nan 
-88.875, -85.875, 4.3391296693123275e-25, nan 
-88.625, -85.875, 4.182872757369769e-25, nan 
-88.375, -85.875, 5.271741531991075e-25, nan 
-88.125, -85.875, 6.485017381911589e-25, nan 
-87.875, -85.875, 8.325090660761639e-25, nan 
-87.625, -85.875, 1.3345730800657266e-24, nan 
-87.375, -85.875, 1.8703485998034516e-24, nan 
-87.125, -85.875, 2.5700331082592153e-24, nan 
-86.875, -85.875, 2.920760380547188e-24, nan 
-86.625, -85.875, 3.096950555260024e-24, nan 
-86.375, -85.875, 3.1693518917460395e-24, nan 
-86.125, -85.875, 3.1217981101765976e-24, nan 
-85.875, -85.875, 3.055941535317166e-24, nan 
-85.625, -85.875, 3.0957573748168134e-24, nan 
-85.375, -85.875, 3.1163255848519407e-24, nan 
-85.125, -85.875, 2.8786151491156964e-24, nan 
-84.875, -85.875, 2.516135484039105e-24, nan 
-84.625, -85.875, 2.2878885327415018e-24, nan 
-84.375, -85.875, 2.0706153811356358e-24, nan 
-84.125, -85.875, 1.9903889396355475e-24, nan 
-83.875, -85.875, 2.1211142444739086e-24, nan 
-83.625, -85.875, 2.3014885094633264e-24, nan 
-83.375, -85.875, 2.505712182900257e-24, nan 
-83.125, -85.875, 2.6101923766478787e-24, nan 
-82.875, -85.875, 2.5978334850260555e-24, nan 
-82.625, -85.875, 2.6217738376350147e-24, nan 
-82.375, -85.875, 2.5039213262615845e-24, nan 
-82.125, -85.875, 2.2629518880088127e-24, nan 
-81.875, -85.875, 1.999647972116559e-24, nan 
-81.625, -85.875, 1.696690512073311e-24, nan 
-81.375, -85.875, 1.448637360836615e-24, nan 
-81.125, -85.875, 1.1802094462188372e-24, nan 
-80.875, -85.875, 8.926158967256455e-25, nan 
-80.625, -85.875, 5.704194493518609e-25, nan 
-80.375, -85.875, 3.3107224262516022e-25, nan 
-80.125, -85.875, 2.7556071482580116e-25, nan 
-79.875, -85.875, 3.663313796123694e-25, nan 
-79.625, -85.875, 4.41996722638048e-25, nan 
-79.375, -85.875, 5.214080255165055e-25, nan 
-79.125, -85.875, 5.984244708814656e-25, nan 
-78.875, -85.875, 6.520060907207335e-25, nan 
-78.625, -85.875, 8.601248486802355e-25, nan 
-78.375, -85.875, 9.221530854477067e-25, nan 
-78.125, -85.875, 9.019386962344258e-25, nan 
-77.875, -85.875, 1.019204913749967e-24, nan 
-77.625, -85.875, 9.569294248574266e-25, nan 
-77.375, -85.875, 7.017726118223543e-25, nan 
-77.125, -85.875, 4.833818294423548e-25, nan 
-76.875, -85.875, 9.953119081300496e-25, nan 
-76.625, -85.875, 1.7978234666299703e-24, nan 
-76.375, -85.875, 2.2469457456369216e-24, nan 
-76.125, -85.875, 2.493466901707878e-24, nan 
-75.875, -85.875, 2.6804317567946477e-24, nan 
-75.625, -85.875, 2.8463253557129618e-24, nan 
-75.375, -85.875, 3.133668514269795e-24, nan 
-75.125, -85.875, 3.241268341475325e-24, nan 
-74.875, -85.875, 3.501350812692995e-24, nan 
-74.625, -85.875, 3.9722498040044694e-24, nan 
-74.375, -85.875, 3.9054762449362494e-24, nan 
-74.125, -85.875, 3.563189032495391e-24, nan 
-73.875, -85.875, 3.275932983279166e-24, nan 
-73.625, -85.875, 2.7910551143553685e-24, nan 
-73.375, -85.875, 3.308406979881121e-24, nan 
-73.125, -85.875, 3.871614436870305e-24, nan 
-72.875, -85.875, 4.129783788305397e-24, nan 
-72.625, -85.875, 4.12603841929555e-24, nan 
-72.375, -85.875, 3.891745582430099e-24, nan 
-72.125, -85.875, 3.2004078555470405e-24, nan 
-71.875, -85.875, 2.79616650132903e-24, nan 
-71.625, -85.875, 2.912567428292227e-24, nan 
-71.375, -85.875, 3.324760533147362e-24, nan 
-71.125, -85.875, 3.302466846944941e-24, nan 
-70.875, -85.875, 2.9930660929297782e-24, nan 
-70.625, -85.875, 2.7037960762114928e-24, nan 
-70.375, -85.875, 1.8207273249502644e-24, nan 
-70.125, -85.875, 1.4170044882137685e-24, nan 
-69.875, -85.875, 1.2366875423053631e-24, nan 
-69.625, -85.875, 1.4172117579117808e-24, nan 
-69.375, -85.875, 1.4405326012513285e-24, nan 
-69.125, -85.875, 1.5610121556539676e-24, nan 
-68.875, -85.875, 1.8129982428884316e-24, nan 
-68.625, -85.875, 1.8042160729194318e-24, nan 
-68.375, -85.875, 1.5534489515617206e-24, nan 
-68.125, -85.875, 1.2765663148451051e-24, nan 
-67.875, -85.875, 1.186957024399826e-24, nan 
-67.625, -85.875, 1.2380336865012257e-24, nan 
-67.375, -85.875, 1.3893464024771424e-24, nan 
-67.125, -85.875, 1.2037315337628918e-24, nan 
-66.875, -85.875, 1.1264004154183543e-24, nan 
-66.625, -85.875, 1.2182068024567785e-24, nan 
-66.375, -85.875, 1.23686386476665e-24, nan 
-66.125, -85.875, 1.2273492742558037e-24, nan 
-65.875, -85.875, 1.1992549831098463e-24, nan 
-65.625, -85.875, 1.1558269284721755e-24, nan 
-65.375, -85.875, 1.2254632653395125e-24, nan 
-65.125, -85.875, 1.1594783398250846e-24, nan 
-64.875, -85.875, 1.0279310432279885e-24, nan 
-64.625, -85.875, 8.128673350893454e-25, nan 
-64.375, -85.875, 9.51790518078536e-25, nan 
-64.125, -85.875, 1.1793184357559454e-24, nan 
-63.875, -85.875, 1.1473217436036493e-24, nan 
-63.625, -85.875, 1.0829361085518756e-24, nan 
-63.375, -85.875, 1.2865754056363074e-24, nan 
-63.125, -85.875, 1.5936406161729006e-24, nan 
-62.875, -85.875, 1.1479143253757832e-24, nan 
-62.625, -85.875, 1.6935261316123285e-24, nan 
-62.375, -85.875, 2.048253075542032e-24, nan 
-62.125, -85.875, 2.371654600071278e-24, nan 
-61.875, -85.875, 2.5026839464176795e-24, nan 
-61.625, -85.875, 2.524095270339577e-24, nan 
-61.375, -85.875, 2.404295458250692e-24, nan 
-61.125, -85.875, 2.0892687999988776e-24, nan 
-60.875, -85.875, 2.1667820741618258e-24, nan 
-60.625, -85.875, 2.2630651403758574e-24, nan 
-60.375, -85.875, 2.085726023929919e-24, nan 
-60.125, -85.875, 2.1151425188903e-24, nan 
-59.875, -85.875, 3.9049481720983766e-24, nan 
-59.625, -85.875, 4.913923526786222e-24, nan 
-59.375, -85.875, 5.148770086477518e-24, nan 
-59.125, -85.875, 4.95005062951038e-24, nan 
-58.875, -85.875, 4.704554533935666e-24, nan 
-58.625, -85.875, 4.645658056356697e-24, nan 
-58.375, -85.875, 4.6323864095998195e-24, nan 
-58.125, -85.875, 4.579918514733847e-24, nan 
-57.875, -85.875, 4.6160908251969216e-24, nan 
-57.625, -85.875, 4.831269063198766e-24, nan 
-57.375, -85.875, 4.980280349275098e-24, nan 
-57.125, -85.875, 4.568670925472439e-24, nan 
-56.875, -85.875, 4.31598365190434e-24, nan 
-56.625, -85.875, 5.045550611084126e-24, nan 
-56.375, -85.875, 6.242868129597589e-24, nan 
-56.125, -85.875, 6.5228046301068825e-24, nan 
-55.875, -85.875, 6.164596922803845e-24, nan 
-55.625, -85.875, 5.822581305696412e-24, nan 
-55.375, -85.875, 5.536792426345663e-24, nan 
-55.125, -85.875, 5.370573420116097e-24, nan 
-54.875, -85.875, 5.415946209068482e-24, nan 
-54.625, -85.875, 5.583064054863222e-24, nan 
-54.375, -85.875, 5.936401088167773e-24, nan 
-54.125, -85.875, 6.234434610193582e-24, nan 
-53.875, -85.875, 6.137916082586563e-24, nan 
-53.625, -85.875, 5.6767207307128024e-24, nan 
-53.375, -85.875, 4.73125473083805e-24, nan 
-53.125, -85.875, 4.691908259356266e-24, nan 
-52.875, -85.875, 5.178119145101156e-24, nan 
-52.625, -85.875, 4.389531598775549e-24, nan 
-52.375, -85.875, 4.175484668898501e-24, nan 
-52.125, -85.875, 3.3353470452646e-24, nan 
-51.875, -85.875, 1.843197501365309e-24, nan 
-51.625, -85.875, 1.6565164385793196e-24, nan 
-51.375, -85.875, 1.5318772992487374e-24, nan 
-51.125, -85.875, 1.4553810282880782e-24, nan 
-50.875, -85.875, 1.423840106059317e-24, nan 
-50.625, -85.875, 1.4080418786968947e-24, nan 
-50.375, -85.875, 1.3481786777763066e-24, nan 
-50.125, -85.875, 1.3515329226130362e-24, nan 
-49.875, -85.875, 1.3435109272737659e-24, nan 
-49.625, -85.875, 1.307977356334975e-24, nan 
-49.375, -85.875, 1.282101009923424e-24, nan 
-49.125, -85.875, 1.3553660397421533e-24, nan 
-48.875, -85.875, 1.4494648373430842e-24, nan 
-48.625, -85.875, 1.5435972450436981e-24, nan 
-48.375, -85.875, 1.6504099885840566e-24, nan 
-48.125, -85.875, 1.655657008212646e-24, nan 
-47.875, -85.875, 1.6618169020135873e-24, nan 
-47.625, -85.875, 1.672711076827667e-24, nan 
-47.375, -85.875, 1.7798439065049382e-24, nan 
-47.125, -85.875, 1.8228645079772355e-24, nan 
-46.875, -85.875, 1.839712100224408e-24, nan 
-46.625, -85.875, 1.840734043418323e-24, nan 
-46.375, -85.875, 1.9252156163597367e-24, nan 
-46.125, -85.875, 1.982488789197786e-24, nan 
-45.875, -85.875, 2.0399822940899536e-24, nan 
-45.625, -85.875, 2.108621639778849e-24, nan 
-45.375, -85.875, 2.2742081176233884e-24, nan 
-45.125, -85.875, 2.343045758465985e-24, nan 
-44.875, -85.875, 2.4625037043672115e-24, nan 
-44.625, -85.875, 2.589885858217557e-24, nan 
-44.375, -85.875, 2.911230351980119e-24, nan 
-44.125, -85.875, 2.9727088474430327e-24, nan 
-43.875, -85.875, 3.0517207051729303e-24, nan 
-43.625, -85.875, 3.258538911867507e-24, nan 
-43.375, -85.875, 3.293031530986124e-24, nan 
-43.125, -85.875, 2.1938185513805867e-24, nan 
-42.875, -85.875, 1.44611144204577e-24, nan 
-42.625, -85.875, 1.4151260483002822e-24, nan 
-42.375, -85.875, 3.5111643520061144e-24, nan 
-42.125, -85.875, 4.735776035208811e-24, nan 
-41.875, -85.875, 5.409946264576171e-24, nan 
-41.625, -85.875, 5.844491370615577e-24, nan 
-41.375, -85.875, 6.80401760939751e-24, nan 
-41.125, -85.875, 7.916016420724445e-24, nan 
-40.875, -85.875, 8.766099664852564e-24, nan 
-40.625, -85.875, 9.603334042227439e-24, nan 
-40.375, -85.875, 1.0604103080147935e-23, nan 
-40.125, -85.875, 1.1316875404291876e-23, nan 
-39.875, -85.875, 9.96718492540265e-24, nan 
-39.625, -85.875, 9.190376303093058e-24, nan 
-39.375, -85.875, 7.50577159634993e-24, nan 
-39.125, -85.875, 5.835706526763744e-24, nan 
-38.875, -85.875, 6.052567387140815e-24, nan 
-38.625, -85.875, 6.475851371431234e-24, nan 
-38.375, -85.875, 6.758183230734804e-24, nan 
-38.125, -85.875, 7.437477659077132e-24, nan 
-37.875, -85.875, 8.25395756781097e-24, nan 
-37.625, -85.875, 8.897041080799655e-24, nan 
-37.375, -85.875, 9.382355392120685e-24, nan 
-37.125, -85.875, 9.976859621833913e-24, nan 
-36.875, -85.875, 1.0197119389748129e-23, nan 
-36.625, -85.875, 9.099540201073757e-24, nan 
-36.375, -85.875, 8.25536694179952e-24, nan 
-36.125, -85.875, 6.997278195559532e-24, nan 
-35.875, -85.875, 4.9723193493698175e-24, nan 
-35.625, -85.875, 4.211377266372862e-24, nan 
-35.375, -85.875, 3.966312180296317e-24, nan 
-35.125, -85.875, 3.858669026723977e-24, nan 
-34.875, -85.875, 3.3332250170408334e-24, nan 
-34.625, -85.875, 2.696286416891712e-24, nan 
-34.375, -85.875, 2.102418857620292e-24, nan 
-34.125, -85.875, 1.8349678763497144e-24, nan 
-33.875, -85.875, 1.8629978266520576e-24, nan 
-33.625, -85.875, 1.815021639826324e-24, nan 
-33.375, -85.875, 1.7118854834110135e-24, nan 
-33.125, -85.875, 1.5843944035878831e-24, nan 
-32.875, -85.875, 1.6122496035515491e-24, nan 
-32.625, -85.875, 1.5401338625397888e-24, nan 
-32.375, -85.875, 1.401357209107872e-24, nan 
-32.125, -85.875, 1.5259371743893807e-24, nan 
-31.875, -85.875, 1.6389453167153836e-24, nan 
-31.625, -85.875, 1.727572358082373e-24, nan 
-31.375, -85.875, 1.5245906938151837e-24, nan 
-31.125, -85.875, 1.4377246605563275e-24, nan 
-30.875, -85.875, 1.4363601500405099e-24, nan 
-30.625, -85.875, 1.5277325507291214e-24, nan 
-30.375, -85.875, 1.5079974603827532e-24, nan 
-30.125, -85.875, 1.3956142056755689e-24, nan 
-29.875, -85.875, 1.3791655912320916e-24, nan 
-29.625, -85.875, 1.5072743728026868e-24, nan 
-29.375, -85.875, 1.5565875765979971e-24, nan 
-29.125, -85.875, 1.5304864270844281e-24, nan 
-28.875, -85.875, 1.6953273591516746e-24, nan 
-28.625, -85.875, 1.7498086177131324e-24, nan 
-28.375, -85.875, 1.7848078156048963e-24, nan 
-28.125, -85.875, 1.7393293904505128e-24, nan 
-27.875, -85.875, 1.7211126344638824e-24, nan 
-27.625, -85.875, 1.699780792609464e-24, nan 
-27.375, -85.875, 1.794827418554251e-24, nan 
-27.125, -85.875, 1.838064382018933e-24, nan 
-26.875, -85.875, 2.0266354049818997e-24, nan 
-26.625, -85.875, 2.0452592198430633e-24, nan 
-26.375, -85.875, 1.9340015188667053e-24, nan 
-26.125, -85.875, 1.942856914908727e-24, nan 
-25.875, -85.875, 1.9313181828873665e-24, nan 
-25.625, -85.875, 1.765283404539312e-24, nan 
-25.375, -85.875, 1.7354637585524717e-24, nan 
-25.125, -85.875, 1.7357739728871727e-24, nan 
-24.875, -85.875, 1.810277028881887e-24, nan 
-24.625, -85.875, 1.878947640068133e-24, nan 
-24.375, -85.875, 1.8781224472520945e-24, nan 
-24.125, -85.875, 1.9906650445658364e-24, nan 
-23.875, -85.875, 1.9850737257978746e-24, nan 
-23.625, -85.875, 2.2313873908272844e-24, nan 
-23.375, -85.875, 2.2824785774471272e-24, nan 
-23.125, -85.875, 2.0860682742922017e-24, nan 
-22.875, -85.875, 2.0520304941782946e-24, nan 
-22.625, -85.875, 2.0378663963392275e-24, nan 
-22.375, -85.875, 1.8394828033815335e-24, nan 
-22.125, -85.875, 1.9115816961004674e-24, nan 
-21.875, -85.875, 2.0431772430604077e-24, nan 
-21.625, -85.875, 2.3382925729745824e-24, nan 
-21.375, -85.875, 2.698518152875849e-24, nan 
-21.125, -85.875, 3.110078789988278e-24, nan 
-20.875, -85.875, 3.341765482211874e-24, nan 
-20.625, -85.875, 3.271519635379019e-24, nan 
-20.375, -85.875, 3.2000647865954252e-24, nan 
-20.125, -85.875, 3.075993932036723e-24, nan 
-19.875, -85.875, 3.3078357067257013e-24, nan 
-19.625, -85.875, 3.428865931789084e-24, nan 
-19.375, -85.875, 3.548671049391618e-24, nan 
-19.125, -85.875, 3.656146449282816e-24, nan 
-18.875, -85.875, 3.815855476291169e-24, nan 
-18.625, -85.875, 3.9771465067055835e-24, nan 
-18.375, -85.875, 4.217801715809274e-24, nan 
-18.125, -85.875, 4.5672327472761715e-24, nan 
-17.875, -85.875, 4.934271575984016e-24, nan 
-17.625, -85.875, 5.177178214142266e-24, nan 
-17.375, -85.875, 5.282057032899138e-24, nan 
-17.125, -85.875, 5.367334690810594e-24, nan 
-16.875, -85.875, 5.326036107211355e-24, nan 
-16.625, -85.875, 5.3596213049067016e-24, nan 
-16.375, -85.875, 5.333242297163944e-24, nan 
-16.125, -85.875, 5.3422682911463e-24, nan 
-15.875, -85.875, 5.317023180503442e-24, nan 
-15.625, -85.875, 5.3991285361429385e-24, nan 
-15.375, -85.875, 5.4044806600365015e-24, nan 
-15.125, -85.875, 5.0686940434599884e-24, nan 
-14.875, -85.875, 5.4031155135598875e-24, nan 
-14.625, -85.875, 5.528652168419758e-24, nan 
-14.375, -85.875, 5.5881918486962426e-24, nan 
-14.125, -85.875, 5.015568390814767e-24, nan 
-13.875, -85.875, 4.870817567613072e-24, nan 
-13.625, -85.875, 4.882079801316177e-24, nan 
-13.375, -85.875, 4.896810246748174e-24, nan 
-13.125, -85.875, 4.4534497083459355e-24, nan 
-12.875, -85.875, 3.8914528412775014e-24, nan 
-12.625, -85.875, 4.077971073117086e-24, nan 
-12.375, -85.875, 4.1674996288043355e-24, nan 
-12.125, -85.875, 3.6224947521504435e-24, nan 
-11.875, -85.875, 3.9144122980229856e-24, nan 
-11.625, -85.875, 3.870583771339278e-24, nan 
-11.375, -85.875, 3.936819346435223e-24, nan 
-11.125, -85.875, 3.819065323347817e-24, nan 
-10.875, -85.875, 3.796937111951739e-24, nan 
-10.625, -85.875, 4.058203638190115e-24, nan 
-10.375, -85.875, 4.8099425701382734e-24, nan 
-10.125, -85.875, 5.168896239396862e-24, nan 
-9.875, -85.875, 4.169199314974659e-24, nan 
-9.625, -85.875, 4.043804796282457e-24, nan 
-9.375, -85.875, 4.170116810213998e-24, nan 
-9.125, -85.875, 3.9228030216203396e-24, nan 
-8.875, -85.875, 3.588866627679667e-24, nan 
-8.625, -85.875, 3.432887853339641e-24, nan 
-8.375, -85.875, 3.414369440293451e-24, nan 
-8.125, -85.875, 3.4247357766382084e-24, nan 
-7.875, -85.875, 3.396534933522994e-24, nan 
-7.625, -85.875, 3.396995700836331e-24, nan 
-7.375, -85.875, 3.4529947705709e-24, nan 
-7.125, -85.875, 3.630592877926187e-24, nan 
-6.875, -85.875, 3.64754682619913e-24, nan 
-6.625, -85.875, 3.719353675231823e-24, nan 
-6.375, -85.875, 3.8238308612544525e-24, nan 
-6.125, -85.875, 3.908069330731976e-24, nan 
-5.875, -85.875, 3.985759101744866e-24, nan 
-5.625, -85.875, 3.863556476126223e-24, nan 
-5.375, -85.875, 3.8999699763944714e-24, nan 
-5.125, -85.875, 3.979013567366421e-24, nan 
-99.875, -85.625, 3.910866022664686e-24, nan 
-99.625, -85.625, 3.7555383500289765e-24, nan 
-99.375, -85.625, 3.696876913029585e-24, nan 
-99.125, -85.625, 3.639098977787133e-24, nan 
-98.875, -85.625, 3.730518054322994e-24, nan 
-98.625, -85.625, 3.583506000336055e-24, nan 
-98.375, -85.625, 3.684346889537977e-24, nan 
-98.125, -85.625, 4.879361982708833e-24, nan 
-97.875, -85.625, 5.1152624957903366e-24, nan 
-97.625, -85.625, 5.319654447766776e-24, nan 
-97.375, -85.625, 5.531130201896523e-24, nan 
-97.125, -85.625, 5.6280437265207156e-24, nan 
-96.875, -85.625, 5.7594282492421955e-24, nan 
-96.625, -85.625, 5.7471339435989435e-24, nan 
-96.375, -85.625, 5.4774521033072264e-24, nan 
-96.125, -85.625, 5.299515858003378e-24, nan 
-95.875, -85.625, 4.724104892971272e-24, nan 
-95.625, -85.625, 4.264209908723709e-24, nan 
-95.375, -85.625, 4.0251685466111796e-24, nan 
-95.125, -85.625, 3.858122574313053e-24, nan 
-94.875, -85.625, 3.52612563588656e-24, nan 
-94.625, -85.625, 3.447042109790942e-24, nan 
-94.375, -85.625, 3.577450988986787e-24, nan 
-94.125, -85.625, 3.464656623238486e-24, nan 
-93.875, -85.625, 3.1791574303435882e-24, nan 
-93.625, -85.625, 2.7574675951580724e-24, nan 
-93.375, -85.625, 2.5184648765659303e-24, nan 
-93.125, -85.625, 2.2261834693538682e-24, nan 
-92.875, -85.625, 2.2303250885895806e-24, nan 
-92.625, -85.625, 2.2002233044591124e-24, nan 
-92.375, -85.625, 2.3395628467454073e-24, nan 
-92.125, -85.625, 2.4839280421359614e-24, nan 
-91.875, -85.625, 2.522808607132265e-24, nan 
-91.625, -85.625, 2.7767257140288585e-24, nan 
-91.375, -85.625, 3.1511129555485943e-24, nan 
-91.125, -85.625, 3.2284319887925806e-24, nan 
-90.875, -85.625, 3.2593233035332778e-24, nan 
-90.625, -85.625, 3.259928572833538e-24, nan 
-90.375, -85.625, 3.1870696969900188e-24, nan 
-90.125, -85.625, 2.874501436223384e-24, nan 
-89.875, -85.625, 2.868338695885398e-24, nan 
-89.625, -85.625, 2.902374681734099e-24, nan 
-89.375, -85.625, 2.9012027341088002e-24, nan 
-89.125, -85.625, 2.800862338778429e-24, nan 
-88.875, -85.625, 2.6868151892309093e-24, nan 
-88.625, -85.625, 2.341187927521308e-24, nan 
-88.375, -85.625, 2.0395810480484276e-24, nan 
-88.125, -85.625, 1.7402725079334756e-24, nan 
-87.875, -85.625, 1.5398531794222154e-24, nan 
-87.625, -85.625, 1.4411554605132633e-24, nan 
-87.375, -85.625, 1.3767833547872703e-24, nan 
-87.125, -85.625, 1.4221774167846816e-24, nan 
-86.875, -85.625, 1.441679577688083e-24, nan 
-86.625, -85.625, 1.485430927990517e-24, nan 
-86.375, -85.625, 1.6031760836515928e-24, nan 
-86.125, -85.625, 1.5679696761744448e-24, nan 
-85.875, -85.625, 1.5590497158386229e-24, nan 
-85.625, -85.625, 1.6710907216470847e-24, nan 
-85.375, -85.625, 1.9282115302125194e-24, nan 
-85.125, -85.625, 2.074163979630796e-24, nan 
-84.875, -85.625, 1.977415378743642e-24, nan 
-84.625, -85.625, 1.688449859929238e-24, nan 
-84.375, -85.625, 1.537821811756956e-24, nan 
-84.125, -85.625, 1.6918424105943896e-24, nan 
-83.875, -85.625, 1.8894790404533953e-24, nan 
-83.625, -85.625, 2.0499142667278903e-24, nan 
-83.375, -85.625, 2.2215861267349665e-24, nan 
-83.125, -85.625, 2.211682851119991e-24, nan 
-82.875, -85.625, 2.1166294700384004e-24, nan 
-82.625, -85.625, 2.1004883394128653e-24, nan 
-82.375, -85.625, 1.6199975102235115e-24, nan 
-82.125, -85.625, 1.2493252719045886e-24, nan 
-81.875, -85.625, 1.7591827641483975e-24, nan 
-81.625, -85.625, 1.7832159437451042e-24, nan 
-81.375, -85.625, 1.7738876826774072e-24, nan 
-81.125, -85.625, 1.8189447962780623e-24, nan 
-80.875, -85.625, 1.8650369505077545e-24, nan 
-80.625, -85.625, 1.9091849775592114e-24, nan 
-80.375, -85.625, 1.714596056964104e-24, nan 
-80.125, -85.625, 1.5993900873904595e-24, nan 
-79.875, -85.625, 1.5406030528166287e-24, nan 
-79.625, -85.625, 1.4740147041087819e-24, nan 
-79.375, -85.625, 1.4402096721460851e-24, nan 
-79.125, -85.625, 1.167372720168094e-24, nan 
-78.875, -85.625, 8.012822123476056e-25, nan 
-78.625, -85.625, 9.047450921953046e-25, nan 
-78.375, -85.625, 9.809259961291163e-25, nan 
-78.125, -85.625, 9.954452880742267e-25, nan 
-77.875, -85.625, 1.0117735495652944e-24, nan 
-77.625, -85.625, 1.053047168092661e-24, nan 
-77.375, -85.625, 1.1387580764012556e-24, nan 
-77.125, -85.625, 1.1718886051031552e-24, nan 
-76.875, -85.625, 1.2668571425115237e-24, nan 
-76.625, -85.625, 1.4638483729782852e-24, nan 
-76.375, -85.625, 1.5547388862381754e-24, nan 
-76.125, -85.625, 1.5535413578885862e-24, nan 
-75.875, -85.625, 1.4166671265064974e-24, nan 
-75.625, -85.625, 1.1254080004618407e-24, nan 
-75.375, -85.625, 1.1257773154928194e-24, nan 
-75.125, -85.625, 1.793733472141774e-24, nan 
-74.875, -85.625, 2.312883384906246e-24, nan 
-74.625, -85.625, 2.5632157842897654e-24, nan 
-74.375, -85.625, 2.435005386059328e-24, nan 
-74.125, -85.625, 2.7303565882177196e-24, nan 
-73.875, -85.625, 2.9738122161223565e-24, nan 
-73.625, -85.625, 3.957026217476944e-24, nan 
-73.375, -85.625, 4.744912191213012e-24, nan 
-73.125, -85.625, 5.6383390768284094e-24, nan 
-72.875, -85.625, 6.407625153383032e-24, nan 
-72.625, -85.625, 6.2732330954382885e-24, nan 
-72.375, -85.625, 5.697783939828056e-24, nan 
-72.125, -85.625, 4.373872288169738e-24, nan 
-71.875, -85.625, 4.110243404241507e-24, nan 
-71.625, -85.625, 4.3911096786156095e-24, nan 
-71.375, -85.625, 4.827842255653256e-24, nan 
-71.125, -85.625, 5.077971576102765e-24, nan 
-70.875, -85.625, 4.9021009102860886e-24, nan 
-70.625, -85.625, 5.077190067149429e-24, nan 
-70.375, -85.625, 5.4902382198787534e-24, nan 
-70.125, -85.625, 5.442216218192367e-24, nan 
-69.875, -85.625, 5.099310819580355e-24, nan 
-69.625, -85.625, 6.270055084892818e-24, nan 
-69.375, -85.625, 6.22174121691394e-24, nan 
-69.125, -85.625, 5.639917039798676e-24, nan 
-68.875, -85.625, 4.4654516770776664e-24, nan 
-68.625, -85.625, 3.602221096373789e-24, nan 
-68.375, -85.625, 3.163356753852501e-24, nan 
-68.125, -85.625, 2.7680959878451156e-24, nan 
-67.875, -85.625, 2.8184376272161966e-24, nan 
-67.625, -85.625, 2.7483590086349702e-24, nan 
-67.375, -85.625, 2.681221097826588e-24, nan 
-67.125, -85.625, 2.2317441218201357e-24, nan 
-66.875, -85.625, 2.2274946586204973e-24, nan 
-66.625, -85.625, 1.817745646041909e-24, nan 
-66.375, -85.625, 1.5984965542390392e-24, nan 
-66.125, -85.625, 1.6281427632305354e-24, nan 
-65.875, -85.625, 1.677579795612324e-24, nan 
-65.625, -85.625, 1.610002138803725e-24, nan 
-65.375, -85.625, 1.744467137666893e-24, nan 
-65.125, -85.625, 1.741941129083762e-24, nan 
-64.875, -85.625, 1.7085334720904445e-24, nan 
-64.625, -85.625, 1.6841898334341807e-24, nan 
-64.375, -85.625, 1.6407850984406553e-24, nan 
-64.125, -85.625, 1.6300051289653549e-24, nan 
-63.875, -85.625, 1.6314334730673617e-24, nan 
-63.625, -85.625, 1.5881888840510548e-24, nan 
-63.375, -85.625, 1.8155785380531378e-24, nan 
-63.125, -85.625, 2.0741688973643677e-24, nan 
-62.875, -85.625, 2.2105678224719403e-24, nan 
-62.625, -85.625, 2.2944154122430696e-24, nan 
-62.375, -85.625, 2.5748488823026206e-24, nan 
-62.125, -85.625, 2.833536513520575e-24, nan 
-61.875, -85.625, 3.0180051552827247e-24, nan 
-61.625, -85.625, 2.8783875825434774e-24, nan 
-61.375, -85.625, 2.896646461465222e-24, nan 
-61.125, -85.625, 3.122636082564622e-24, nan 
-60.875, -85.625, 3.524140072649429e-24, nan 
-60.625, -85.625, 3.88755818036865e-24, nan 
-60.375, -85.625, 4.1223420972603245e-24, nan 
-60.125, -85.625, 4.5813084138876164e-24, nan 
-59.875, -85.625, 4.714177605202439e-24, nan 
-59.625, -85.625, 4.494777722254227e-24, nan 
-59.375, -85.625, 3.858150844427205e-24, nan 
-59.125, -85.625, 2.9676806265507346e-24, nan 
-58.875, -85.625, 2.6646225011706257e-24, nan 
-58.625, -85.625, 2.449493646054414e-24, nan 
-58.375, -85.625, 2.2806023237512147e-24, nan 
-58.125, -85.625, 2.2093722227936233e-24, nan 
-57.875, -85.625, 2.1946110638098563e-24, nan 
-57.625, -85.625, 2.3749780500986e-24, nan 
-57.375, -85.625, 2.5715004827018106e-24, nan 
-57.125, -85.625, 2.2260390678156957e-24, nan 
-56.875, -85.625, 2.099006251759961e-24, nan 
-56.625, -85.625, 3.5155274415713825e-24, nan 
-56.375, -85.625, 4.347280018608617e-24, nan 
-56.125, -85.625, 4.5380767921223856e-24, nan 
-55.875, -85.625, 4.078036520630016e-24, nan 
-55.625, -85.625, 3.8570305284678945e-24, nan 
-55.375, -85.625, 3.9084380139032876e-24, nan 
-55.125, -85.625, 4.8114659535083584e-24, nan 
-54.875, -85.625, 5.342319555402285e-24, nan 
-54.625, -85.625, 5.5489030851025615e-24, nan 
-54.375, -85.625, 5.855474894328754e-24, nan 
-54.125, -85.625, 6.037175221257261e-24, nan 
-53.875, -85.625, 6.1350115218032116e-24, nan 
-53.625, -85.625, 6.387564226229531e-24, nan 
-53.375, -85.625, 6.431961841481498e-24, nan 
-53.125, -85.625, 6.696115194492676e-24, nan 
-52.875, -85.625, 7.284745249447442e-24, nan 
-52.625, -85.625, 5.9437018521208115e-24, nan 
-52.375, -85.625, 5.614281180188132e-24, nan 
-52.125, -85.625, 4.752551794882457e-24, nan 
-51.875, -85.625, 5.418862543268728e-24, nan 
-51.625, -85.625, 6.295589720855564e-24, nan 
-51.375, -85.625, 6.789445314076042e-24, nan 
-51.125, -85.625, 6.703461133075357e-24, nan 
-50.875, -85.625, 6.806517631930018e-24, nan 
-50.625, -85.625, 6.885210614862147e-24, nan 
-50.375, -85.625, 7.239392584777672e-24, nan 
-50.125, -85.625, 7.403515089145684e-24, nan 
-49.875, -85.625, 5.9311310612331856e-24, nan 
-49.625, -85.625, 6.025051943436387e-24, nan 
-49.375, -85.625, 4.581043869575619e-24, nan 
-49.125, -85.625, 3.986277071330806e-24, nan 
-48.875, -85.625, 2.872459592921502e-24, nan 
-48.625, -85.625, 1.58651928247174e-24, nan 
-48.375, -85.625, 1.5054814915670342e-24, nan 
-48.125, -85.625, 1.5393982339808003e-24, nan 
-47.875, -85.625, 1.4417964255643562e-24, nan 
-47.625, -85.625, 1.45379781392343e-24, nan 
-47.375, -85.625, 1.581784940030712e-24, nan 
-47.125, -85.625, 1.689923652376776e-24, nan 
-46.875, -85.625, 1.7528723970554604e-24, nan 
-46.625, -85.625, 1.656692516063631e-24, nan 
-46.375, -85.625, 1.9298574128538664e-24, nan 
-46.125, -85.625, 1.9857387361061797e-24, nan 
-45.875, -85.625, 2.0113529436316558e-24, nan 
-45.625, -85.625, 1.9588408148343684e-24, nan 
-45.375, -85.625, 1.9838823699470322e-24, nan 
-45.125, -85.625, 1.989787377598995e-24, nan 
-44.875, -85.625, 2.1198671981576247e-24, nan 
-44.625, -85.625, 2.180546473080037e-24, nan 
-44.375, -85.625, 2.3635638170378282e-24, nan 
-44.125, -85.625, 2.6009875894198246e-24, nan 
-43.875, -85.625, 2.8447538792791098e-24, nan 
-43.625, -85.625, 2.450653612199991e-24, nan 
-43.375, -85.625, 1.9081064316875688e-24, nan 
-43.125, -85.625, 2.02908465833598e-24, nan 
-42.875, -85.625, 2.4344504536753943e-24, nan 
-42.625, -85.625, 2.8615356966741658e-24, nan 
-42.375, -85.625, 3.578389820292451e-24, nan 
-42.125, -85.625, 4.007677381383904e-24, nan 
-41.875, -85.625, 4.487788167339437e-24, nan 
-41.625, -85.625, 5.025507374447192e-24, nan 
-41.375, -85.625, 5.5079524935581534e-24, nan 
-41.125, -85.625, 6.039119155313485e-24, nan 
-40.875, -85.625, 6.683347097808871e-24, nan 
-40.625, -85.625, 7.30636474209873e-24, nan 
-40.375, -85.625, 6.747736392717175e-24, nan 
-40.125, -85.625, 6.290719030194061e-24, nan 
-39.875, -85.625, 6.143384813707229e-24, nan 
-39.625, -85.625, 6.195523762752029e-24, nan 
-39.375, -85.625, 5.0647972818994325e-24, nan 
-39.125, -85.625, 5.111630843467921e-24, nan 
-38.875, -85.625, 5.489631161953468e-24, nan 
-38.625, -85.625, 5.55742482586839e-24, nan 
-38.375, -85.625, 5.559424944022907e-24, nan 
-38.125, -85.625, 6.0409616438550736e-24, nan 
-37.875, -85.625, 6.680517620157904e-24, nan 
-37.625, -85.625, 7.473354923656486e-24, nan 
-37.375, -85.625, 7.948797629569784e-24, nan 
-37.125, -85.625, 7.553543033715583e-24, nan 
-36.875, -85.625, 6.7099930908235e-24, nan 
-36.625, -85.625, 6.119957064813011e-24, nan 
-36.375, -85.625, 5.5535106678506136e-24, nan 
-36.125, -85.625, 5.059323127966588e-24, nan 
-35.875, -85.625, 4.448420593632973e-24, nan 
-35.625, -85.625, 4.1521306482251675e-24, nan 
-35.375, -85.625, 3.838918580037314e-24, nan 
-35.125, -85.625, 3.4757525419365135e-24, nan 
-34.875, -85.625, 3.240462101687531e-24, nan 
-34.625, -85.625, 3.2040022596683605e-24, nan 
-34.375, -85.625, 3.427264125222821e-24, nan 
-34.125, -85.625, 2.960112146064321e-24, nan 
-33.875, -85.625, 2.6550584257812193e-24, nan 
-33.625, -85.625, 2.1983104402812262e-24, nan 
-33.375, -85.625, 2.003210945701179e-24, nan 
-33.125, -85.625, 1.9214950059249455e-24, nan 
-32.875, -85.625, 1.8239666822347486e-24, nan 
-32.625, -85.625, 1.7697890664414996e-24, nan 
-32.375, -85.625, 1.9126196622462648e-24, nan 
-32.125, -85.625, 1.9524722467160735e-24, nan 
-31.875, -85.625, 1.943390148717315e-24, nan 
-31.625, -85.625, 1.8595098017654242e-24, nan 
-31.375, -85.625, 1.77202315713604e-24, nan 
-31.125, -85.625, 1.8586347338800052e-24, nan 
-30.875, -85.625, 1.85905711441507e-24, nan 
-30.625, -85.625, 1.8807616166074105e-24, nan 
-30.375, -85.625, 1.8926177153097086e-24, nan 
-30.125, -85.625, 1.8913638144498816e-24, nan 
-29.875, -85.625, 1.9384191118364227e-24, nan 
-29.625, -85.625, 2.0894736612311328e-24, nan 
-29.375, -85.625, 2.2516832976015156e-24, nan 
-29.125, -85.625, 2.340281489668159e-24, nan 
-28.875, -85.625, 2.618425964137125e-24, nan 
-28.625, -85.625, 2.93338482546065e-24, nan 
-28.375, -85.625, 3.1287416754898682e-24, nan 
-28.125, -85.625, 2.9515072957527375e-24, nan 
-27.875, -85.625, 2.7646667782480467e-24, nan 
-27.625, -85.625, 2.6589074007650933e-24, nan 
-27.375, -85.625, 2.3632392580071504e-24, nan 
-27.125, -85.625, 2.011306073876905e-24, nan 
-26.875, -85.625, 1.9270171854081968e-24, nan 
-26.625, -85.625, 1.7683934927179746e-24, nan 
-26.375, -85.625, 1.6955731887900376e-24, nan 
-26.125, -85.625, 1.7452322923663813e-24, nan 
-25.875, -85.625, 1.7319371521791294e-24, nan 
-25.625, -85.625, 2.0082410913205018e-24, nan 
-25.375, -85.625, 2.1714715798807873e-24, nan 
-25.125, -85.625, 2.2490648045934702e-24, nan 
-24.875, -85.625, 2.4542817854913355e-24, nan 
-24.625, -85.625, 3.2859862996395546e-24, nan 
-24.375, -85.625, 3.790196884093994e-24, nan 
-24.125, -85.625, 3.8491171913153286e-24, nan 
-23.875, -85.625, 3.4109053762271016e-24, nan 
-23.625, -85.625, 3.478401905499834e-24, nan 
-23.375, -85.625, 2.75221122770804e-24, nan 
-23.125, -85.625, 2.4238941373451278e-24, nan 
-22.875, -85.625, 2.1992723523575778e-24, nan 
-22.625, -85.625, 2.3456940799664373e-24, nan 
-22.375, -85.625, 2.0771327559013826e-24, nan 
-22.125, -85.625, 1.872332644968518e-24, nan 
-21.875, -85.625, 1.6574783436014833e-24, nan 
-21.625, -85.625, 1.6492556707275101e-24, nan 
-21.375, -85.625, 1.5981747961283767e-24, nan 
-21.125, -85.625, 1.5479076518412461e-24, nan 
-20.875, -85.625, 1.5909658344155508e-24, nan 
-20.625, -85.625, 1.687561457216095e-24, nan 
-20.375, -85.625, 1.845917746502292e-24, nan 
-20.125, -85.625, 2.0806054815347337e-24, nan 
-19.875, -85.625, 2.3119887732229426e-24, nan 
-19.625, -85.625, 2.503304367656074e-24, nan 
-19.375, -85.625, 2.6613288428673594e-24, nan 
-19.125, -85.625, 2.800121692072445e-24, nan 
-18.875, -85.625, 3.0216581296707983e-24, nan 
-18.625, -85.625, 3.2442947099521838e-24, nan 
-18.375, -85.625, 3.5649512094513614e-24, nan 
-18.125, -85.625, 4.022517139665595e-24, nan 
-17.875, -85.625, 4.2657567966377745e-24, nan 
-17.625, -85.625, 4.4812041404018935e-24, nan 
-17.375, -85.625, 4.5674276501245305e-24, nan 
-17.125, -85.625, 4.745131593524679e-24, nan 
-16.875, -85.625, 4.842022004678329e-24, nan 
-16.625, -85.625, 4.9841639161725126e-24, nan 
-16.375, -85.625, 5.197325877852507e-24, nan 
-16.125, -85.625, 5.530557692165179e-24, nan 
-15.875, -85.625, 5.45269967356084e-24, nan 
-15.625, -85.625, 5.6476182841785316e-24, nan 
-15.375, -85.625, 6.0791216937050685e-24, nan 
-15.125, -85.625, 5.4538776745265314e-24, nan 
-14.875, -85.625, 6.066188333222906e-24, nan 
-14.625, -85.625, 6.26572765107683e-24, nan 
-14.375, -85.625, 6.4214163600625265e-24, nan 
-14.125, -85.625, 5.55478223230819e-24, nan 
-13.875, -85.625, 5.203648653908275e-24, nan 
-13.625, -85.625, 4.82761756516209e-24, nan 
-13.375, -85.625, 4.842100665958388e-24, nan 
-13.125, -85.625, 4.892957101222787e-24, nan 
-12.875, -85.625, 5.013607944772444e-24, nan 
-12.625, -85.625, 4.988209807019346e-24, nan 
-12.375, -85.625, 5.164292167942138e-24, nan 
-12.125, -85.625, 5.725802892164727e-24, nan 
-11.875, -85.625, 5.548702240052167e-24, nan 
-11.625, -85.625, 5.811479946195586e-24, nan 
-11.375, -85.625, 5.872104665741974e-24, nan 
-11.125, -85.625, 5.9885632679326586e-24, nan 
-10.875, -85.625, 5.664337876974996e-24, nan 
-10.625, -85.625, 5.546082337036827e-24, nan 
-10.375, -85.625, 5.723512423423558e-24, nan 
-10.125, -85.625, 6.073404991855292e-24, nan 
-9.875, -85.625, 5.479916121316691e-24, nan 
-9.625, -85.625, 5.328370128360049e-24, nan 
-9.375, -85.625, 5.382732353553732e-24, nan 
-9.125, -85.625, 5.4657047544535624e-24, nan 
-8.875, -85.625, 5.420037393802197e-24, nan 
-8.625, -85.625, 5.5694313261328196e-24, nan 
-8.375, -85.625, 5.654628536665779e-24, nan 
-8.125, -85.625, 5.754867569527688e-24, nan 
-7.875, -85.625, 5.8154579576190515e-24, nan 
-7.625, -85.625, 5.803197986372668e-24, nan 
-7.375, -85.625, 5.829188469970701e-24, nan 
-7.125, -85.625, 5.993240403992245e-24, nan 
-6.875, -85.625, 6.144848526248037e-24, nan 
-6.625, -85.625, 5.700659956884438e-24, nan 
-6.375, -85.625, 5.541696965270888e-24, nan 
-6.125, -85.625, 5.5521455838825625e-24, nan 
-5.875, -85.625, 5.4426767835009414e-24, nan 
-5.625, -85.625, 5.689940766426022e-24, nan 
-5.375, -85.625, 5.746718761043409e-24, nan 
-5.125, -85.625, 5.717811586461351e-24, nan 
-4.875, -85.625, 5.5214316650732416e-24, nan 
-4.625, -85.625, 5.402314618174509e-24, nan 
-4.375, -85.625, 5.206097644435756e-24, nan 
-4.125, -85.625, 5.19446473898604e-24, nan 
-3.875, -85.625, 5.0313515225433225e-24, nan 
-3.625, -85.625, 4.968566980973713e-24, nan 
-3.375, -85.625, 4.9364106365145e-24, nan 
-3.125, -85.625, 4.8405948194365075e-24, nan 
-2.875, -85.625, 4.661168839444421e-24, nan 
-2.625, -85.625, 4.574716172729495e-24, nan 
-101.875, -85.375, 3.727535474687049e-24, nan 
-101.625, -85.375, 4.1596450810609904e-24, nan 
-101.375, -85.375, 4.418087108010534e-24, nan 
-101.125, -85.375, 4.608329803651427e-24, nan 
-100.875, -85.375, 4.4522309456468294e-24, nan 
-100.625, -85.375, 4.0485794403139214e-24, nan 
-100.375, -85.375, 3.913302932611712e-24, nan 
-100.125, -85.375, 3.690648571720991e-24, nan 
-99.875, -85.375, 3.1986015255321553e-24, nan 
-99.625, -85.375, 2.4138500154175975e-24, nan 
-99.375, -85.375, 2.2254982105507378e-24, nan 
-99.125, -85.375, 2.247053703635127e-24, nan 
-98.875, -85.375, 3.297756074392154e-24, nan 
-98.625, -85.375, 3.4916199564161845e-24, nan 
-98.375, -85.375, 3.867163304203095e-24, nan 
-98.125, -85.375, 5.113906800130151e-24, nan 
-97.875, -85.375, 5.734972919722516e-24, nan 
-97.625, -85.375, 6.047089209923733e-24, nan 
-97.375, -85.375, 6.485432192069986e-24, nan 
-97.125, -85.375, 6.802704999028497e-24, nan 
-96.875, -85.375, 7.218789970751883e-24, nan 
-96.625, -85.375, 7.304326008498236e-24, nan 
-96.375, -85.375, 6.746008064302858e-24, nan 
-96.125, -85.375, 6.393491342621856e-24, nan 
-95.875, -85.375, 5.4791646408564374e-24, nan 
-95.625, -85.375, 5.092626133478924e-24, nan 
-95.375, -85.375, 4.739109814839306e-24, nan 
-95.125, -85.375, 4.5697160328143826e-24, nan 
-94.875, -85.375, 4.26783896493147e-24, nan 
-94.625, -85.375, 4.314908570483793e-24, nan 
-94.375, -85.375, 4.516545256660584e-24, nan 
-94.125, -85.375, 4.733653348939689e-24, nan 
-93.875, -85.375, 4.935242951666078e-24, nan 
-93.625, -85.375, 5.263998253489359e-24, nan 
-93.375, -85.375, 5.5957879316182716e-24, nan 
-93.125, -85.375, 5.458657289477347e-24, nan 
-92.875, -85.375, 5.4138077767231426e-24, nan 
-92.625, -85.375, 5.0933196042866296e-24, nan 
-92.375, -85.375, 4.741429451937939e-24, nan 
-92.125, -85.375, 4.348622642772541e-24, nan 
-91.875, -85.375, 3.96524288828428e-24, nan 
-91.625, -85.375, 3.4060756741088536e-24, nan 
-91.375, -85.375, 3.417060355487742e-24, nan 
-91.125, -85.375, 3.424786541054381e-24, nan 
-90.875, -85.375, 3.4243029895347594e-24, nan 
-90.625, -85.375, 3.5103041982761e-24, nan 
-90.375, -85.375, 3.6017674451070705e-24, nan 
-90.125, -85.375, 3.450443837718819e-24, nan 
-89.875, -85.375, 3.53243160923484e-24, nan 
-89.625, -85.375, 3.561128322844311e-24, nan 
-89.375, -85.375, 3.605056074184029e-24, nan 
-89.125, -85.375, 3.446646400742437e-24, nan 
-88.875, -85.375, 3.239448950789483e-24, nan 
-88.625, -85.375, 2.6777916154005655e-24, nan 
-88.375, -85.375, 2.2061361633362415e-24, nan 
-88.125, -85.375, 2.042083141086562e-24, nan 
-87.875, -85.375, 2.046040246735727e-24, nan 
-87.625, -85.375, 2.2725782758311773e-24, nan 
-87.375, -85.375, 2.6799092769171826e-24, nan 
-87.125, -85.375, 2.948726389270043e-24, nan 
-86.875, -85.375, 3.166764408548434e-24, nan 
-86.625, -85.375, 3.1933554788727202e-24, nan 
-86.375, -85.375, 3.2483793235053805e-24, nan 
-86.125, -85.375, 3.1291726954070543e-24, nan 
-85.875, -85.375, 3.062864850967713e-24, nan 
-85.625, -85.375, 2.9585481719948186e-24, nan 
-85.375, -85.375, 2.7684360069329858e-24, nan 
-85.125, -85.375, 2.5316470999515794e-24, nan 
-84.875, -85.375, 2.3219942398447976e-24, nan 
-84.625, -85.375, 1.8250500364221304e-24, nan 
-84.375, -85.375, 1.9183596262645853e-24, nan 
-84.125, -85.375, 2.721285276676887e-24, nan 
-83.875, -85.375, 3.1063317816532167e-24, nan 
-83.625, -85.375, 3.382465006907104e-24, nan 
-83.375, -85.375, 3.367885541601403e-24, nan 
-83.125, -85.375, 3.2826737577336206e-24, nan 
-82.875, -85.375, 2.9664279600232914e-24, nan 
-82.625, -85.375, 2.7272682243984913e-24, nan 
-82.375, -85.375, 2.4861088176996388e-24, nan 
-82.125, -85.375, 2.3144294723575523e-24, nan 
-81.875, -85.375, 2.3625902005853958e-24, nan 
-81.625, -85.375, 2.2677310784502354e-24, nan 
-81.375, -85.375, 1.8817100578404457e-24, nan 
-81.125, -85.375, 1.540407482157239e-24, nan 
-80.875, -85.375, 1.4245272483304134e-24, nan 
-80.625, -85.375, 1.4855449262302051e-24, nan 
-80.375, -85.375, 1.0264243004658518e-24, nan 
-80.125, -85.375, 1.0543624006027036e-24, nan 
-79.875, -85.375, 1.2579008864654937e-24, nan 
-79.625, -85.375, 1.3068302092479595e-24, nan 
-79.375, -85.375, 1.3340925406074921e-24, nan 
-79.125, -85.375, 1.3891767577153194e-24, nan 
-78.875, -85.375, 1.4022906655650345e-24, nan 
-78.625, -85.375, 1.3292987265824759e-24, nan 
-78.375, -85.375, 1.3024213893634481e-24, nan 
-78.125, -85.375, 1.2935411435836192e-24, nan 
-77.875, -85.375, 1.255680439709723e-24, nan 
-77.625, -85.375, 1.3524056493467004e-24, nan 
-77.375, -85.375, 1.57625639204618e-24, nan 
-77.125, -85.375, 1.353512571940008e-24, nan 
-76.875, -85.375, 1.22901012596157e-24, nan 
-76.625, -85.375, 1.3172667809881422e-24, nan 
-76.375, -85.375, 1.2700371729243596e-24, nan 
-76.125, -85.375, 1.3381616926079746e-24, nan 
-75.875, -85.375, 1.4005762612993e-24, nan 
-75.625, -85.375, 1.445856194252416e-24, nan 
-75.375, -85.375, 1.441180623314102e-24, nan 
-75.125, -85.375, 1.478366914730221e-24, nan 
-74.875, -85.375, 1.5075257335077667e-24, nan 
-74.625, -85.375, 1.6986499002285696e-24, nan 
-74.375, -85.375, 2.0255388446906374e-24, nan 
-74.125, -85.375, 1.8319191893125217e-24, nan 
-73.875, -85.375, 1.823261255538802e-24, nan 
-73.625, -85.375, 1.7006180556691268e-24, nan 
-73.375, -85.375, 1.5681119347272532e-24, nan 
-73.125, -85.375, 1.8290761670219918e-24, nan 
-72.875, -85.375, 1.8844565172789897e-24, nan 
-72.625, -85.375, 2.013095083914878e-24, nan 
-72.375, -85.375, 3.458809334089308e-24, nan 
-72.125, -85.375, 3.967175123127617e-24, nan 
-71.875, -85.375, 4.609777791598207e-24, nan 
-71.625, -85.375, 4.997300685214961e-24, nan 
-71.375, -85.375, 5.695980736920981e-24, nan 
-71.125, -85.375, 6.360756871772149e-24, nan 
-70.875, -85.375, 5.798961226429064e-24, nan 
-70.625, -85.375, 6.039220373022672e-24, nan 
-70.375, -85.375, 6.309754998642701e-24, nan 
-70.125, -85.375, 5.9255812393953646e-24, nan 
-69.875, -85.375, 4.921724541010733e-24, nan 
-69.625, -85.375, 5.5431788307202045e-24, nan 
-69.375, -85.375, 5.767224097946936e-24, nan 
-69.125, -85.375, 5.696380452788057e-24, nan 
-68.875, -85.375, 5.576080665625764e-24, nan 
-68.625, -85.375, 5.791159775008003e-24, nan 
-68.375, -85.375, 5.459063407819481e-24, nan 
-68.125, -85.375, 5.520190313012091e-24, nan 
-67.875, -85.375, 6.0867737996993206e-24, nan 
-67.625, -85.375, 5.6895137548341645e-24, nan 
-67.375, -85.375, 5.637527080160053e-24, nan 
-67.125, -85.375, 5.556616922494746e-24, nan 
-66.875, -85.375, 5.119558318526004e-24, nan 
-66.625, -85.375, 3.387275734507776e-24, nan 
-66.375, -85.375, 3.073785841310256e-24, nan 
-66.125, -85.375, 2.956862948291414e-24, nan 
-65.875, -85.375, 2.5269822290324185e-24, nan 
-65.625, -85.375, 2.2107696428893286e-24, nan 
-65.375, -85.375, 2.0343651042340137e-24, nan 
-65.125, -85.375, 2.028794128765034e-24, nan 
-64.875, -85.375, 1.8590171985995718e-24, nan 
-64.625, -85.375, 1.9494990069131804e-24, nan 
-64.375, -85.375, 1.999619481945324e-24, nan 
-64.125, -85.375, 2.0577189882342796e-24, nan 
-63.875, -85.375, 2.1950084098968196e-24, nan 
-63.625, -85.375, 2.477869687210167e-24, nan 
-63.375, -85.375, 2.7251766391502605e-24, nan 
-63.125, -85.375, 2.5821655829462998e-24, nan 
-62.875, -85.375, 2.2906248108824746e-24, nan 
-62.625, -85.375, 1.8770607582027603e-24, nan 
-62.375, -85.375, 2.0925455692795088e-24, nan 
-62.125, -85.375, 2.71793988575317e-24, nan 
-61.875, -85.375, 4.122075654120733e-24, nan 
-61.625, -85.375, 4.597326355787144e-24, nan 
-61.375, -85.375, 4.751715921285471e-24, nan 
-61.125, -85.375, 4.972007532712833e-24, nan 
-60.875, -85.375, 5.375749123231698e-24, nan 
-60.625, -85.375, 5.9111838234756946e-24, nan 
-60.375, -85.375, 6.934622756140829e-24, nan 
-60.125, -85.375, 7.923893110745417e-24, nan 
-59.875, -85.375, 7.952753794863108e-24, nan 
-59.625, -85.375, 7.598678525856104e-24, nan 
-59.375, -85.375, 6.665320337787018e-24, nan 
-59.125, -85.375, 5.9439207843370775e-24, nan 
-58.875, -85.375, 5.836552656986773e-24, nan 
-58.625, -85.375, 6.697375712235834e-24, nan 
-58.375, -85.375, 6.4921504208314286e-24, nan 
-58.125, -85.375, 5.949931710636773e-24, nan 
-57.875, -85.375, 5.373825591655596e-24, nan 
-57.625, -85.375, 5.3544613552043065e-24, nan 
-57.375, -85.375, 5.5008039890385975e-24, nan 
-57.125, -85.375, 6.011733148321989e-24, nan 
-56.875, -85.375, 6.4864571603186906e-24, nan 
-56.625, -85.375, 6.378373545678727e-24, nan 
-56.375, -85.375, 6.119476589035135e-24, nan 
-56.125, -85.375, 5.313587515380421e-24, nan 
-55.875, -85.375, 3.761587747654719e-24, nan 
-55.625, -85.375, 2.985493021042063e-24, nan 
-55.375, -85.375, 1.8465406635050093e-24, nan 
-55.125, -85.375, 1.906594929106323e-24, nan 
-54.875, -85.375, 2.1965911885052113e-24, nan 
-54.625, -85.375, 2.629854955598099e-24, nan 
-54.375, -85.375, 2.4480012766773054e-24, nan 
-54.125, -85.375, 2.529495432762736e-24, nan 
-53.875, -85.375, 2.493183288997276e-24, nan 
-53.625, -85.375, 2.5659701960874615e-24, nan 
-53.375, -85.375, 2.6075800137526305e-24, nan 
-53.125, -85.375, 9.102219777355828e-25, nan 
-52.875, -85.375, 1.0861583931651716e-24, nan 
-52.625, -85.375, 2.0407279313708013e-24, nan 
-52.375, -85.375, 3.333934276804598e-24, nan 
-52.125, -85.375, 4.7040711782482865e-24, nan 
-51.875, -85.375, 6.3774115844755804e-24, nan 
-51.625, -85.375, 7.280062179729762e-24, nan 
-51.375, -85.375, 8.133364120819466e-24, nan 
-51.125, -85.375, 7.815266450971018e-24, nan 
-50.875, -85.375, 8.025012291642926e-24, nan 
-50.625, -85.375, 8.036723686404847e-24, nan 
-50.375, -85.375, 8.313656108055478e-24, nan 
-50.125, -85.375, 8.481728147418375e-24, nan 
-49.875, -85.375, 5.015443373537375e-24, nan 
-49.625, -85.375, 4.906892958203394e-24, nan 
-49.375, -85.375, 5.310313548269765e-24, nan 
-49.125, -85.375, 6.52425030704902e-24, nan 
-48.875, -85.375, 7.709733216797341e-24, nan 
-48.625, -85.375, 8.040856321683358e-24, nan 
-48.375, -85.375, 8.15571344547874e-24, nan 
-48.125, -85.375, 7.135409483905355e-24, nan 
-47.875, -85.375, 6.313322629598245e-24, nan 
-47.625, -85.375, 6.127664191262759e-24, nan 
-47.375, -85.375, 5.700215342453195e-24, nan 
-47.125, -85.375, 5.544303650346174e-24, nan 
-46.875, -85.375, 5.48215867654602e-24, nan 
-46.625, -85.375, 2.8888957463221883e-24, nan 
-46.375, -85.375, 2.4994254091795647e-24, nan 
-46.125, -85.375, 1.8421123059629945e-24, nan 
-45.875, -85.375, 1.938231254847323e-24, nan 
-45.625, -85.375, 2.3132754859934106e-24, nan 
-45.375, -85.375, 2.3146431699202886e-24, nan 
-45.125, -85.375, 2.4260135802152712e-24, nan 
-44.875, -85.375, 2.5203108465162912e-24, nan 
-44.625, -85.375, 2.668075904896357e-24, nan 
-44.375, -85.375, 2.730580287369437e-24, nan 
-44.125, -85.375, 2.7304882544030895e-24, nan 
-43.875, -85.375, 2.8735397053819787e-24, nan 
-43.625, -85.375, 3.0335976517730866e-24, nan 
-43.375, -85.375, 3.0172844150210614e-24, nan 
-43.125, -85.375, 2.945857799651403e-24, nan 
-42.875, -85.375, 2.922107552575497e-24, nan 
-42.625, -85.375, 3.462230228217414e-24, nan 
-42.375, -85.375, 3.6633326821378955e-24, nan 
-42.125, -85.375, 3.565812008179454e-24, nan 
-41.875, -85.375, 4.495652453056038e-24, nan 
-41.625, -85.375, 5.897929537215644e-24, nan 
-41.375, -85.375, 5.955870868693411e-24, nan 
-41.125, -85.375, 6.122713633202289e-24, nan 
-40.875, -85.375, 6.26197146778566e-24, nan 
-40.625, -85.375, 5.744142319446074e-24, nan 
-40.375, -85.375, 5.418674591170628e-24, nan 
-40.125, -85.375, 6.03448661969117e-24, nan 
-39.875, -85.375, 6.827138224746818e-24, nan 
-39.625, -85.375, 7.439836452116317e-24, nan 
-39.375, -85.375, 5.319494747102284e-24, nan 
-39.125, -85.375, 5.836262223679251e-24, nan 
-38.875, -85.375, 6.1648097682894044e-24, nan 
-38.625, -85.375, 6.621668322068358e-24, nan 
-38.375, -85.375, 8.27269140862427e-24, nan 
-38.125, -85.375, 8.802813900750921e-24, nan 
-37.875, -85.375, 8.75627013423116e-24, nan 
-37.625, -85.375, 8.378418002757255e-24, nan 
-37.375, -85.375, 7.976371631174695e-24, nan 
-37.125, -85.375, 7.630957741430073e-24, nan 
-36.875, -85.375, 7.873763970340424e-24, nan 
-36.625, -85.375, 8.17024655002843e-24, nan 
-36.375, -85.375, 8.477274162403576e-24, nan 
-36.125, -85.375, 7.126153297443732e-24, nan 
-35.875, -85.375, 6.948442713588824e-24, nan 
-35.625, -85.375, 7.079976549033447e-24, nan 
-35.375, -85.375, 6.809766010619551e-24, nan 
-35.125, -85.375, 6.553757884404534e-24, nan 
-34.875, -85.375, 6.399855091117757e-24, nan 
-34.625, -85.375, 6.037485001896101e-24, nan 
-34.375, -85.375, 5.129342008716183e-24, nan 
-34.125, -85.375, 4.78983586935603e-24, nan 
-33.875, -85.375, 4.39867792904936e-24, nan 
-33.625, -85.375, 4.075747357243256e-24, nan 
-33.375, -85.375, 3.863408868305745e-24, nan 
-33.125, -85.375, 3.748023339775988e-24, nan 
-32.875, -85.375, 3.371724487679469e-24, nan 
-32.625, -85.375, 3.122613687145264e-24, nan 
-32.375, -85.375, 3.0717394115272088e-24, nan 
-32.125, -85.375, 2.8645139133401934e-24, nan 
-31.875, -85.375, 2.6919015635306097e-24, nan 
-31.625, -85.375, 2.717257640652932e-24, nan 
-31.375, -85.375, 2.856839269537662e-24, nan 
-31.125, -85.375, 2.7946879659751043e-24, nan 
-30.875, -85.375, 2.7248507077310463e-24, nan 
-30.625, -85.375, 2.7612980855721323e-24, nan 
-30.375, -85.375, 2.9604949947675618e-24, nan 
-30.125, -85.375, 3.0376278158870245e-24, nan 
-29.875, -85.375, 2.8797131454368635e-24, nan 
-29.625, -85.375, 3.0854597623657225e-24, nan 
-29.375, -85.375, 3.0886763751175494e-24, nan 
-29.125, -85.375, 3.2065208501348454e-24, nan 
-28.875, -85.375, 3.331821338496514e-24, nan 
-28.625, -85.375, 3.671886015000588e-24, nan 
-28.375, -85.375, 3.874447001289223e-24, nan 
-28.125, -85.375, 3.436922026969124e-24, nan 
-27.875, -85.375, 3.224261776172365e-24, nan 
-27.625, -85.375, 3.5174654288093665e-24, nan 
-27.375, -85.375, 4.52712620474037e-24, nan 
-27.125, -85.375, 7.05344394685466e-24, nan 
-26.875, -85.375, 8.37359440244164e-24, nan 
-26.625, -85.375, 9.554355029906992e-24, nan 
-26.375, -85.375, 9.934695584667466e-24, nan 
-26.125, -85.375, 1.0414499178610932e-23, nan 
-25.875, -85.375, 1.0827907728208775e-23, nan 
-25.625, -85.375, 1.1328572223158125e-23, nan 
-25.375, -85.375, 1.1809734210088298e-23, nan 
-25.125, -85.375, 1.210031330942696e-23, nan 
-24.875, -85.375, 1.1703082005873337e-23, nan 
-24.625, -85.375, 1.1016973899638733e-23, nan 
-24.375, -85.375, 1.1174742632709067e-23, nan 
-24.125, -85.375, 1.1497363603499622e-23, nan 
-23.875, -85.375, 1.1965316481575853e-23, nan 
-23.625, -85.375, 1.22804991718076e-23, nan 
-23.375, -85.375, 1.3341685890531305e-23, nan 
-23.125, -85.375, 1.399751106005882e-23, nan 
-22.875, -85.375, 1.4344644204678395e-23, nan 
-22.625, -85.375, 1.3805423657216773e-23, nan 
-22.375, -85.375, 1.2835018525978442e-23, nan 
-22.125, -85.375, 1.2079660085996704e-23, nan 
-21.875, -85.375, 1.0176383768057118e-23, nan 
-21.625, -85.375, 9.494360468633362e-24, nan 
-21.375, -85.375, 9.336548559875803e-24, nan 
-21.125, -85.375, 9.235248750592032e-24, nan 
-20.875, -85.375, 9.827731512591092e-24, nan 
-20.625, -85.375, 9.286572263236669e-24, nan 
-20.375, -85.375, 9.36262420136402e-24, nan 
-20.125, -85.375, 9.65140632903875e-24, nan 
-19.875, -85.375, 9.446811490549725e-24, nan 
-19.625, -85.375, 9.247810431411731e-24, nan 
-19.375, -85.375, 8.96758727881502e-24, nan 
-19.125, -85.375, 8.718508293876243e-24, nan 
-18.875, -85.375, 8.523021960926732e-24, nan 
-18.625, -85.375, 7.956522753043338e-24, nan 
-18.375, -85.375, 7.137174392310885e-24, nan 
-18.125, -85.375, 6.980047712297503e-24, nan 
-17.875, -85.375, 5.396089004832107e-24, nan 
-17.625, -85.375, 4.435264159488268e-24, nan 
-17.375, -85.375, 4.991344099915684e-24, nan 
-17.125, -85.375, 6.210151269994407e-24, nan 
-16.875, -85.375, 7.875593984275336e-24, nan 
-16.625, -85.375, 8.268962674245236e-24, nan 
-16.375, -85.375, 7.813015260075017e-24, nan 
-16.125, -85.375, 7.84374261729566e-24, nan 
-15.875, -85.375, 8.154359047295177e-24, nan 
-15.625, -85.375, 7.729384065235121e-24, nan 
-15.375, -85.375, 8.04191069723942e-24, nan 
-15.125, -85.375, 8.002953750846509e-24, nan 
-14.875, -85.375, 8.003696683231457e-24, nan 
-14.625, -85.375, 7.985399949956045e-24, nan 
-14.375, -85.375, 7.811049736650955e-24, nan 
-14.125, -85.375, 7.537529479733216e-24, nan 
-13.875, -85.375, 7.262227835945062e-24, nan 
-13.625, -85.375, 6.858803541808443e-24, nan 
-13.375, -85.375, 7.238797744122333e-24, nan 
-13.125, -85.375, 7.625435640673384e-24, nan 
-12.875, -85.375, 8.091395142448448e-24, nan 
-12.625, -85.375, 8.039330076599725e-24, nan 
-12.375, -85.375, 7.480090526481013e-24, nan 
-12.125, -85.375, 7.129430404158928e-24, nan 
-11.875, -85.375, 6.883760890804902e-24, nan 
-11.625, -85.375, 6.866079708730928e-24, nan 
-11.375, -85.375, 7.213141586653554e-24, nan 
-11.125, -85.375, 7.447135433409517e-24, nan 
-10.875, -85.375, 6.33057087960235e-24, nan 
-10.625, -85.375, 5.637576837002943e-24, nan 
-10.375, -85.375, 4.572671181840505e-24, nan 
-10.125, -85.375, 4.24578511118607e-24, nan 
-9.875, -85.375, 4.834375824068497e-24, nan 
-9.625, -85.375, 5.01355275031027e-24, nan 
-9.375, -85.375, 5.041129698413154e-24, nan 
-9.125, -85.375, 5.3788728397357626e-24, nan 
-8.875, -85.375, 5.542706741632026e-24, nan 
-8.625, -85.375, 5.878771965987088e-24, nan 
-8.375, -85.375, 5.912076332560701e-24, nan 
-8.125, -85.375, 5.976635859676594e-24, nan 
-7.875, -85.375, 6.215046504214971e-24, nan 
-7.625, -85.375, 6.5623258964435294e-24, nan 
-7.375, -85.375, 6.512662440659003e-24, nan 
-7.125, -85.375, 6.304935433545346e-24, nan 
-6.875, -85.375, 6.303173327935445e-24, nan 
-6.625, -85.375, 6.202268994942743e-24, nan 
-6.375, -85.375, 5.919497877542569e-24, nan 
-6.125, -85.375, 5.845457235000498e-24, nan 
-5.875, -85.375, 5.697274447159722e-24, nan 
-5.625, -85.375, 5.9762729595774245e-24, nan 
-5.375, -85.375, 5.997103675180247e-24, nan 
-5.125, -85.375, 6.0148571013737346e-24, nan 
-4.875, -85.375, 5.91153496736272e-24, nan 
-4.625, -85.375, 6.0210485966440625e-24, nan 
-4.375, -85.375, 5.880376188078575e-24, nan 
-4.125, -85.375, 5.747007279552395e-24, nan 
-3.875, -85.375, 5.748532244022591e-24, nan 
-3.625, -85.375, 6.160631017520586e-24, nan 
-3.375, -85.375, 6.043231794005456e-24, nan 
-3.125, -85.375, 6.179313762448771e-24, nan 
-2.875, -85.375, 6.21847434151173e-24, nan 
-2.625, -85.375, 6.2598582953979115e-24, nan 
-2.375, -85.375, 6.2202626233891955e-24, nan 
-2.125, -85.375, 6.000068374589307e-24, nan 
-1.875, -85.375, 5.812560360588611e-24, nan 
-1.625, -85.375, 5.8267764890688404e-24, nan 
-1.375, -85.375, 6.2070803621152696e-24, nan 
-1.125, -85.375, 6.464787031758607e-24, nan 
-0.875, -85.375, 6.520523449120427e-24, nan 
-0.625, -85.375, 7.442018410068007e-24, nan 
-103.875, -85.125, 2.798790726595659e-24, nan 
-103.625, -85.125, 2.6509771172514835e-24, nan 
-103.375, -85.125, 2.6609471495325566e-24, nan 
-103.125, -85.125, 2.4598420414849552e-24, nan 
-102.875, -85.125, 2.0595685916059464e-24, nan 
-102.625, -85.125, 1.997596422156263e-24, nan 
-102.375, -85.125, 1.9389356208535344e-24, nan 
-102.125, -85.125, 2.1247220085045992e-24, nan 
-101.875, -85.125, 2.343789522453977e-24, nan 
-101.625, -85.125, 2.331273043018036e-24, nan 
-101.375, -85.125, 2.2405263205895156e-24, nan 
-101.125, -85.125, 2.3391044451071687e-24, nan 
-100.875, -85.125, 2.2802221901934633e-24, nan 
-100.625, -85.125, 2.262832528956456e-24, nan 
-100.375, -85.125, 2.339533406570328e-24, nan 
-100.125, -85.125, 2.315676495624333e-24, nan 
-99.875, -85.125, 2.45066423489435e-24, nan 
-99.625, -85.125, 2.4270891487306824e-24, nan 
-99.375, -85.125, 2.5196736420527548e-24, nan 
-99.125, -85.125, 2.4951194919593824e-24, nan 
-98.875, -85.125, 2.4061514524110014e-24, nan 
-98.625, -85.125, 2.3739948770763192e-24, nan 
-98.375, -85.125, 2.2811149907749182e-24, nan 
-98.125, -85.125, 2.078395430680677e-24, nan 
-97.875, -85.125, 1.98408065920643e-24, nan 
-97.625, -85.125, 2.0330181723990276e-24, nan 
-97.375, -85.125, 2.1502914082568326e-24, nan 
-97.125, -85.125, 2.2719885854426565e-24, nan 
-96.875, -85.125, 2.328233499215191e-24, nan 
-96.625, -85.125, 2.3021086619820316e-24, nan 
-96.375, -85.125, 2.2638295856951283e-24, nan 
-96.125, -85.125, 2.3324848742992925e-24, nan 
-95.875, -85.125, 2.5115832354126885e-24, nan 
-95.625, -85.125, 2.6898637559755095e-24, nan 
-95.375, -85.125, 2.929325862615631e-24, nan 
-95.125, -85.125, 3.2128805984329087e-24, nan 
-94.875, -85.125, 3.429605980293151e-24, nan 
-94.625, -85.125, 3.7085472162619866e-24, nan 
-94.375, -85.125, 3.560730407418426e-24, nan 
-94.125, -85.125, 3.799831161634728e-24, nan 
-93.875, -85.125, 4.07028016419797e-24, nan 
-93.625, -85.125, 4.455269244255196e-24, nan 
-93.375, -85.125, 4.857452201438213e-24, nan 
-93.125, -85.125, 4.9807348123789736e-24, nan 
-92.875, -85.125, 4.922513259728068e-24, nan 
-92.625, -85.125, 4.804072665714968e-24, nan 
-92.375, -85.125, 4.5166931720589946e-24, nan 
-92.125, -85.125, 4.149007536934752e-24, nan 
-91.875, -85.125, 3.998939957550698e-24, nan 
-91.625, -85.125, 3.437429473240181e-24, nan 
-91.375, -85.125, 3.2158292820269476e-24, nan 
-91.125, -85.125, 3.2018499297487333e-24, nan 
-90.875, -85.125, 3.222646955814105e-24, nan 
-90.625, -85.125, 3.359535389613175e-24, nan 
-90.375, -85.125, 3.4411651295543424e-24, nan 
-90.125, -85.125, 3.3949164013581875e-24, nan 
-89.875, -85.125, 3.358048616261514e-24, nan 
-89.625, -85.125, 3.2794277325915755e-24, nan 
-89.375, -85.125, 3.096914234666665e-24, nan 
-89.125, -85.125, 3.108045536475954e-24, nan 
-88.875, -85.125, 2.8326767332181865e-24, nan 
-88.625, -85.125, 2.8277204808527073e-24, nan 
-88.375, -85.125, 2.835783873718746e-24, nan 
-88.125, -85.125, 2.790078694697479e-24, nan 
-87.875, -85.125, 2.879329025076882e-24, nan 
-87.625, -85.125, 2.848684046095408e-24, nan 
-87.375, -85.125, 2.95595407530305e-24, nan 
-87.125, -85.125, 2.977902568057088e-24, nan 
-86.875, -85.125, 2.5801619261348592e-24, nan 
-86.625, -85.125, 2.3899300441142655e-24, nan 
-86.375, -85.125, 2.08657937542126e-24, nan 
-86.125, -85.125, 1.8307029490016998e-24, nan 
-85.875, -85.125, 1.371599823731532e-24, nan 
-85.625, -85.125, 8.933231672984366e-25, nan 
-85.375, -85.125, 8.497195635069318e-25, nan 
-85.125, -85.125, 1.0382139091977104e-24, nan 
-84.875, -85.125, 1.5034041989110422e-24, nan 
-84.625, -85.125, 1.721947410777265e-24, nan 
-84.375, -85.125, 2.179434988105121e-24, nan 
-84.125, -85.125, 2.9350683517166936e-24, nan 
-83.875, -85.125, 3.331459254199077e-24, nan 
-83.625, -85.125, 3.607871474582725e-24, nan 
-83.375, -85.125, 3.604839602989514e-24, nan 
-83.125, -85.125, 3.2901620488821432e-24, nan 
-82.875, -85.125, 2.6437950360938237e-24, nan 
-82.625, -85.125, 2.205730932505019e-24, nan 
-82.375, -85.125, 2.261341190567354e-24, nan 
-82.125, -85.125, 2.6107019916823085e-24, nan 
-81.875, -85.125, 2.8696896722797767e-24, nan 
-81.625, -85.125, 3.1959622078753005e-24, nan 
-81.375, -85.125, 3.684527414201687e-24, nan 
-81.125, -85.125, 3.869565559056817e-24, nan 
-80.875, -85.125, 3.9946112631139424e-24, nan 
-80.625, -85.125, 3.930400426635849e-24, nan 
-80.375, -85.125, 3.7089363422341355e-24, nan 
-80.125, -85.125, 3.4349346836276076e-24, nan 
-79.875, -85.125, 3.232589127912309e-24, nan 
-79.625, -85.125, 3.2409427416533507e-24, nan 
-79.375, -85.125, 3.1753672640435613e-24, nan 
-79.125, -85.125, 3.2513872105451564e-24, nan 
-78.875, -85.125, 3.47436528840007e-24, nan 
-78.625, -85.125, 3.282554906815247e-24, nan 
-78.375, -85.125, 3.195372308133372e-24, nan 
-78.125, -85.125, 3.2453650686694733e-24, nan 
-77.875, -85.125, 3.27231229976481e-24, nan 
-77.625, -85.125, 3.1247648820489844e-24, nan 
-77.375, -85.125, 2.9796645470516883e-24, nan 
-77.125, -85.125, 2.9933904199146452e-24, nan 
-76.875, -85.125, 3.058920058813818e-24, nan 
-76.625, -85.125, 3.1254406877315083e-24, nan 
-76.375, -85.125, 3.1279399156451978e-24, nan 
-76.125, -85.125, 3.131378091114234e-24, nan 
-75.875, -85.125, 3.144398645436265e-24, nan 
-75.625, -85.125, 3.1481447916002368e-24, nan 
-75.375, -85.125, 3.477859435605222e-24, nan 
-75.125, -85.125, 4.942793498533936e-24, nan 
-74.875, -85.125, 4.522970669231713e-24, nan 
-74.625, -85.125, 3.990704204086213e-24, nan 
-74.375, -85.125, 3.741198768752747e-24, nan 
-74.125, -85.125, 3.631238448823838e-24, nan 
-73.875, -85.125, 3.3999399695928374e-24, nan 
-73.625, -85.125, 3.2262150634591614e-24, nan 
-73.375, -85.125, 3.023797924436268e-24, nan 
-73.125, -85.125, 2.8177565452802544e-24, nan 
-72.875, -85.125, 2.690992566985944e-24, nan 
-72.625, -85.125, 2.7046728979963733e-24, nan 
-72.375, -85.125, 5.527495948497385e-24, nan 
-72.125, -85.125, 5.1007787124683745e-24, nan 
-71.875, -85.125, 4.5123469286370276e-24, nan 
-71.625, -85.125, 4.175686465884505e-24, nan 
-71.375, -85.125, 3.870707339407928e-24, nan 
-71.125, -85.125, 3.6282154716733105e-24, nan 
-70.875, -85.125, 3.899988445648587e-24, nan 
-70.625, -85.125, 3.8103897636932566e-24, nan 
-70.375, -85.125, 3.857348414458455e-24, nan 
-70.125, -85.125, 4.094337676017091e-24, nan 
-69.875, -85.125, 4.776417141423523e-24, nan 
-69.625, -85.125, 5.190534375077772e-24, nan 
-69.375, -85.125, 6.088917986349402e-24, nan 
-69.125, -85.125, 6.794896103973746e-24, nan 
-68.875, -85.125, 6.68322115151587e-24, nan 
-68.625, -85.125, 6.870278978984892e-24, nan 
-68.375, -85.125, 6.289693858803135e-24, nan 
-68.125, -85.125, 6.085022270278244e-24, nan 
-67.875, -85.125, 6.173658808364064e-24, nan 
-67.625, -85.125, 6.227288913857359e-24, nan 
-67.375, -85.125, 6.114949777708863e-24, nan 
-67.125, -85.125, 5.8598720564324936e-24, nan 
-66.875, -85.125, 5.412242157982612e-24, nan 
-66.625, -85.125, 5.651835159691797e-24, nan 
-66.375, -85.125, 6.182951069929583e-24, nan 
-66.125, -85.125, 5.761727648483651e-24, nan 
-65.875, -85.125, 5.484949615581797e-24, nan 
-65.625, -85.125, 4.671214901695815e-24, nan 
-65.375, -85.125, 3.908203092610281e-24, nan 
-65.125, -85.125, 3.551234322312815e-24, nan 
-64.875, -85.125, 3.4372492221689045e-24, nan 
-64.625, -85.125, 2.651134961738985e-24, nan 
-64.375, -85.125, 2.502751694879847e-24, nan 
-64.125, -85.125, 2.4207329222523867e-24, nan 
-63.875, -85.125, 3.0410116575926606e-24, nan 
-63.625, -85.125, 4.1379041280707026e-24, nan 
-63.375, -85.125, 3.781089547315276e-24, nan 
-63.125, -85.125, 3.933501804225515e-24, nan 
-62.875, -85.125, 4.3359203344934885e-24, nan 
-62.625, -85.125, 5.271644271487305e-24, nan 
-62.375, -85.125, 6.0326947305201385e-24, nan 
-62.125, -85.125, 6.605171125994638e-24, nan 
-61.875, -85.125, 6.752110899316212e-24, nan 
-61.625, -85.125, 5.395029373874716e-24, nan 
-61.375, -85.125, 3.827773557855024e-24, nan 
-61.125, -85.125, 3.715076334964315e-24, nan 
-60.875, -85.125, 3.992717979217872e-24, nan 
-60.625, -85.125, 4.29456573950255e-24, nan 
-60.375, -85.125, 5.2899366851544574e-24, nan 
-60.125, -85.125, 6.506472094166788e-24, nan 
-59.875, -85.125, 7.870146746633418e-24, nan 
-59.625, -85.125, 8.68759004217141e-24, nan 
-59.375, -85.125, 9.178929825659995e-24, nan 
-59.125, -85.125, 9.90491108576846e-24, nan 
-58.875, -85.125, 9.636166147977562e-24, nan 
-58.625, -85.125, 9.50203196700223e-24, nan 
-58.375, -85.125, 8.269645911619718e-24, nan 
-58.125, -85.125, 6.921356905528867e-24, nan 
-57.875, -85.125, 5.858722787964538e-24, nan 
-57.625, -85.125, 5.80412573848013e-24, nan 
-57.375, -85.125, 6.71384797364118e-24, nan 
-57.125, -85.125, 7.84766402154851e-24, nan 
-56.875, -85.125, 8.450677581983243e-24, nan 
-56.625, -85.125, 8.728989702758247e-24, nan 
-56.375, -85.125, 8.836989853163983e-24, nan 
-56.125, -85.125, 8.284026831978014e-24, nan 
-55.875, -85.125, 7.379801430285299e-24, nan 
-55.625, -85.125, 6.213139655995442e-24, nan 
-55.375, -85.125, 5.0889905277215214e-24, nan 
-55.125, -85.125, 3.676771654320079e-24, nan 
-54.875, -85.125, 2.764556317937155e-24, nan 
-54.625, -85.125, 1.6569434468511837e-24, nan 
-54.375, -85.125, 1.1446667484584324e-24, nan 
-54.125, -85.125, 1.0740725192598059e-24, nan 
-53.875, -85.125, 1.1198541603589344e-24, nan 
-53.625, -85.125, 1.2118071090413073e-24, nan 
-53.375, -85.125, 1.282631766308973e-24, nan 
-53.125, -85.125, 1.42837461651916e-24, nan 
-52.875, -85.125, 1.6714372321537914e-24, nan 
-52.625, -85.125, 1.8805981612184826e-24, nan 
-52.375, -85.125, 2.148581986144967e-24, nan 
-52.125, -85.125, 2.442588174542968e-24, nan 
-51.875, -85.125, 2.6223705247939163e-24, nan 
-51.625, -85.125, 2.7477717258720276e-24, nan 
-51.375, -85.125, 2.9257853708402604e-24, nan 
-51.125, -85.125, 2.695229130236775e-24, nan 
-50.875, -85.125, 1.449241960525605e-24, nan 
-50.625, -85.125, 1.8177164866904427e-24, nan 
-50.375, -85.125, 2.374343650109908e-24, nan 
-50.125, -85.125, 3.31404712933138e-24, nan 
-49.875, -85.125, 4.437100148188426e-24, nan 
-49.625, -85.125, 5.035909782205924e-24, nan 
-49.375, -85.125, 6.972164263009574e-24, nan 
-49.125, -85.125, 7.90509078204408e-24, nan 
-48.875, -85.125, 8.537055418545485e-24, nan 
-48.625, -85.125, 8.69532611900909e-24, nan 
-48.375, -85.125, 8.595440918196964e-24, nan 
-48.125, -85.125, 6.11402762752406e-24, nan 
-47.875, -85.125, 5.482118906142311e-24, nan 
-47.625, -85.125, 5.0945570178945865e-24, nan 
-47.375, -85.125, 4.653813483480202e-24, nan 
-47.125, -85.125, 4.981729049275914e-24, nan 
-46.875, -85.125, 5.276847313384272e-24, nan 
-46.625, -85.125, 6.601084120336959e-24, nan 
-46.375, -85.125, 6.92414314510469e-24, nan 
-46.125, -85.125, 6.991636438136439e-24, nan 
-45.875, -85.125, 6.800301621361545e-24, nan 
-45.625, -85.125, 6.962490256055603e-24, nan 
-45.375, -85.125, 6.220847649085625e-24, nan 
-45.125, -85.125, 5.653423310669789e-24, nan 
-44.875, -85.125, 5.366284046269836e-24, nan 
-44.625, -85.125, 5.715731828339157e-24, nan 
-44.375, -85.125, 6.030730270493914e-24, nan 
-44.125, -85.125, 6.0173228785456015e-24, nan 
-43.875, -85.125, 6.260970016781711e-24, nan 
-43.625, -85.125, 6.212204591935895e-24, nan 
-43.375, -85.125, 5.752052156123305e-24, nan 
-43.125, -85.125, 5.2565430945597164e-24, nan 
-42.875, -85.125, 4.911269248473579e-24, nan 
-42.625, -85.125, 4.3842622658670476e-24, nan 
-42.375, -85.125, 2.5499571921409005e-24, nan 
-42.125, -85.125, 1.6004747715036205e-24, nan 
-41.875, -85.125, 3.8230282278497624e-24, nan 
-41.625, -85.125, 4.5935273770061125e-24, nan 
-41.375, -85.125, 4.6222066568641904e-24, nan 
-41.125, -85.125, 5.1367836465059164e-24, nan 
-40.875, -85.125, 5.542135298018765e-24, nan 
-40.625, -85.125, 4.880964252301661e-24, nan 
-40.375, -85.125, 4.20760988511944e-24, nan 
-40.125, -85.125, 3.8640291916634255e-24, nan 
-39.875, -85.125, 3.561456973036764e-24, nan 
-39.625, -85.125, 2.660629222686097e-24, nan 
-39.375, -85.125, 2.7070943608894835e-24, nan 
-39.125, -85.125, 3.9318355242468785e-24, nan 
-38.875, -85.125, 4.256330417576655e-24, nan 
-38.625, -85.125, 5.26530492190945e-24, nan 
-38.375, -85.125, 7.494222294444282e-24, nan 
-38.125, -85.125, 8.49305099849538e-24, nan 
-37.875, -85.125, 7.692496570462176e-24, nan 
-37.625, -85.125, 6.2960918250314134e-24, nan 
-37.375, -85.125, 5.690608686201953e-24, nan 
-37.125, -85.125, 5.813774082206349e-24, nan 
-36.875, -85.125, 5.9795635806549924e-24, nan 
-36.625, -85.125, 6.193885467918219e-24, nan 
-36.375, -85.125, 6.622664298547856e-24, nan 
-36.125, -85.125, 7.303240563497477e-24, nan 
-35.875, -85.125, 7.599716636848928e-24, nan 
-35.625, -85.125, 8.024833752194269e-24, nan 
-35.375, -85.125, 8.476170611331872e-24, nan 
-35.125, -85.125, 8.721132338270731e-24, nan 
-34.875, -85.125, 8.418717658072432e-24, nan 
-34.625, -85.125, 7.660064232397624e-24, nan 
-34.375, -85.125, 6.213731252262917e-24, nan 
-34.125, -85.125, 5.991006407573268e-24, nan 
-33.875, -85.125, 6.000913884429037e-24, nan 
-33.625, -85.125, 6.391566306479646e-24, nan 
-33.375, -85.125, 6.919964411239358e-24, nan 
-33.125, -85.125, 7.154711603799059e-24, nan 
-32.875, -85.125, 7.538031129026819e-24, nan 
-32.625, -85.125, 7.812980829965212e-24, nan 
-32.375, -85.125, 8.111021326431497e-24, nan 
-32.125, -85.125, 8.300424611270029e-24, nan 
-31.875, -85.125, 7.940371490270573e-24, nan 
-31.625, -85.125, 6.777057731563036e-24, nan 
-31.375, -85.125, 5.330943912780366e-24, nan 
-31.125, -85.125, 4.7965525693859904e-24, nan 
-30.875, -85.125, 4.180556150070891e-24, nan 
-30.625, -85.125, 3.679979509941897e-24, nan 
-30.375, -85.125, 3.3026176265506178e-24, nan 
-30.125, -85.125, 3.2725300588786665e-24, nan 
-29.875, -85.125, 4.881040034762718e-24, nan 
-29.625, -85.125, 6.0783166794701415e-24, nan 
-29.375, -85.125, 7.386149997856965e-24, nan 
-29.125, -85.125, 7.601489205781194e-24, nan 
-28.875, -85.125, 8.239707472918419e-24, nan 
-28.625, -85.125, 8.42595122583605e-24, nan 
-28.375, -85.125, 8.813313134134804e-24, nan 
-28.125, -85.125, 9.023388789636423e-24, nan 
-27.875, -85.125, 8.734423797402345e-24, nan 
-27.625, -85.125, 8.782028850649047e-24, nan 
-27.375, -85.125, 8.900366394208114e-24, nan 
-27.125, -85.125, 1.0571659699909782e-23, nan 
-26.875, -85.125, 1.215104116091695e-23, nan 
-26.625, -85.125, 1.3926046082666586e-23, nan 
-26.375, -85.125, 1.4257197908484858e-23, nan 
-26.125, -85.125, 1.4718750578365185e-23, nan 
-25.875, -85.125, 1.5264970938983762e-23, nan 
-25.625, -85.125, 1.5898543342277207e-23, nan 
-25.375, -85.125, 1.621130888969337e-23, nan 
-25.125, -85.125, 1.5822708776029472e-23, nan 
-24.875, -85.125, 1.5121024651253044e-23, nan 
-24.625, -85.125, 1.4088790208255609e-23, nan 
-24.375, -85.125, 1.3237534441817815e-23, nan 
-24.125, -85.125, 1.3256443189115902e-23, nan 
-23.875, -85.125, 1.387570206140674e-23, nan 
-23.625, -85.125, 1.4201216837018255e-23, nan 
-23.375, -85.125, 1.6086052063668365e-23, nan 
-23.125, -85.125, 1.6926969747279656e-23, nan 
-22.875, -85.125, 1.7101635209330234e-23, nan 
-22.625, -85.125, 1.6183615211749e-23, nan 
-22.375, -85.125, 1.4593064652909515e-23, nan 
-22.125, -85.125, 1.3680742239399964e-23, nan 
-21.875, -85.125, 1.2333307270369148e-23, nan 
-21.625, -85.125, 1.2389993659867245e-23, nan 
-21.375, -85.125, 1.2672332020129484e-23, nan 
-21.125, -85.125, 1.2919128645649945e-23, nan 
-20.875, -85.125, 1.3206333025850421e-23, nan 
-20.625, -85.125, 1.3967361569069226e-23, nan 
-20.375, -85.125, 1.4497831932121528e-23, nan 
-20.125, -85.125, 1.4335857039937597e-23, nan 
-19.875, -85.125, 1.3340046598296616e-23, nan 
-19.625, -85.125, 1.2244908861093557e-23, nan 
-19.375, -85.125, 1.1879641031651169e-23, nan 
-19.125, -85.125, 1.1340673606428915e-23, nan 
-18.875, -85.125, 1.1142307734875197e-23, nan 
-18.625, -85.125, 1.0949975858763836e-23, nan 
-18.375, -85.125, 1.0980789298640226e-23, nan 
-18.125, -85.125, 1.1249252676965744e-23, nan 
-17.875, -85.125, 1.2203700996319859e-23, nan 
-17.625, -85.125, 1.3301832133983085e-23, nan 
-17.375, -85.125, 1.2718866829096739e-23, nan 
-17.125, -85.125, 1.1193721758891049e-23, nan 
-16.875, -85.125, 1.039542489178675e-23, nan 
-16.625, -85.125, 1.0358228759703236e-23, nan 
-16.375, -85.125, 1.023163361127997e-23, nan 
-16.125, -85.125, 1.0470040550189415e-23, nan 
-15.875, -85.125, 1.0295230721933791e-23, nan 
-15.625, -85.125, 1.0055178131962171e-23, nan 
-15.375, -85.125, 1.0333322901517502e-23, nan 
-15.125, -85.125, 1.082115250551961e-23, nan 
-14.875, -85.125, 1.1301353536198968e-23, nan 
-14.625, -85.125, 1.1151036838255254e-23, nan 
-14.375, -85.125, 1.0716088383553741e-23, nan 
-14.125, -85.125, 1.0092771766782866e-23, nan 
-13.875, -85.125, 9.730488519740045e-24, nan 
-13.625, -85.125, 9.651162403069574e-24, nan 
-13.375, -85.125, 9.745861015950952e-24, nan 
-13.125, -85.125, 1.0110976474851105e-23, nan 
-12.875, -85.125, 1.029380891269689e-23, nan 
-12.625, -85.125, 1.0785300463111356e-23, nan 
-12.375, -85.125, 1.0652725503192425e-23, nan 
-12.125, -85.125, 1.005998156009007e-23, nan 
-11.875, -85.125, 1.0056392865002717e-23, nan 
-11.625, -85.125, 1.0195453026770524e-23, nan 
-11.375, -85.125, 1.0127000237000843e-23, nan 
-11.125, -85.125, 1.0203023327868548e-23, nan 
-10.875, -85.125, 9.898527282474827e-24, nan 
-10.625, -85.125, 1.0008535804619793e-23, nan 
-10.375, -85.125, 1.0696533920843968e-23, nan 
-10.125, -85.125, 1.067154362135558e-23, nan 
-9.875, -85.125, 1.1450407003775229e-23, nan 
-9.625, -85.125, 1.1116423429851506e-23, nan 
-9.375, -85.125, 1.043496876010496e-23, nan 
-9.125, -85.125, 1.0439340666027189e-23, nan 
-8.875, -85.125, 1.0906566971480961e-23, nan 
-8.625, -85.125, 1.086468363029347e-23, nan 
-8.375, -85.125, 1.0948861652508757e-23, nan 
-8.125, -85.125, 1.0146877601359835e-23, nan 
-7.875, -85.125, 9.11109329361772e-24, nan 
-7.625, -85.125, 8.435867364723263e-24, nan 
-7.375, -85.125, 8.85740345886823e-24, nan 
-7.125, -85.125, 8.971040871650462e-24, nan 
-6.875, -85.125, 9.110916738838278e-24, nan 
-6.625, -85.125, 8.384819615457428e-24, nan 
-6.375, -85.125, 7.844929943198763e-24, nan 
-6.125, -85.125, 7.818774123157277e-24, nan 
-5.875, -85.125, 8.190767703907384e-24, nan 
-5.625, -85.125, 8.408584096310809e-24, nan 
-5.375, -85.125, 8.147217066177329e-24, nan 
-5.125, -85.125, 8.238541225788886e-24, nan 
-4.875, -85.125, 8.486776446387538e-24, nan 
-4.625, -85.125, 8.124296536628152e-24, nan 
-4.375, -85.125, 8.168483912687347e-24, nan 
-4.125, -85.125, 8.178626342689023e-24, nan 
-3.875, -85.125, 7.548772388114009e-24, nan 
-3.625, -85.125, 6.657467499960754e-24, nan 
-3.375, -85.125, 7.260485500563819e-24, nan 
-3.125, -85.125, 7.110875600364949e-24, nan 
-2.875, -85.125, 6.908742719124183e-24, nan 
-2.625, -85.125, 6.86031532703798e-24, nan 
-2.375, -85.125, 6.713116283969678e-24, nan 
-2.125, -85.125, 6.68632129704518e-24, nan 
-1.875, -85.125, 6.413166952996671e-24, nan 
-1.625, -85.125, 6.164862100581439e-24, nan 
-1.375, -85.125, 6.252108934129691e-24, nan 
-1.125, -85.125, 6.126496796134266e-24, nan 
-0.875, -85.125, 6.066868832170123e-24, nan 
-0.625, -85.125, 7.219576737644168e-24, nan 
-0.375, -85.125, 6.789904987996336e-24, nan 
-0.125, -85.125, 5.959694693036494e-24, nan 
0.125, -85.125, 5.6364590855203845e-24, nan 
0.375, -85.125, 6.032101891639075e-24, nan 
0.625, -85.125, 6.358489082513339e-24, nan 
0.875, -85.125, 6.144695722297279e-24, nan 
1.125, -85.125, 6.4610705229693834e-24, nan 
-105.375, -84.875, 1.8739607437978897e-24, nan 
-105.125, -84.875, 1.8352423901399057e-24, nan 
-104.875, -84.875, 1.9915144429684747e-24, nan 
-104.625, -84.875, 2.236058429177901e-24, nan 
-104.375, -84.875, 2.4580353090494814e-24, nan 
-104.125, -84.875, 2.683277615807616e-24, nan 
-103.875, -84.875, 2.7554551763677807e-24, nan 
-103.625, -84.875, 2.582617279424943e-24, nan 
-103.375, -84.875, 2.3946617499070232e-24, nan 
-103.125, -84.875, 2.1863218049935183e-24, nan 
-102.875, -84.875, 2.0620660497406525e-24, nan 
-102.625, -84.875, 1.8978898689935202e-24, nan 
-102.375, -84.875, 1.8133335063379087e-24, nan 
-102.125, -84.875, 1.8948643821975766e-24, nan 
-101.875, -84.875, 2.1751072429054683e-24, nan 
-101.625, -84.875, 2.188342108894454e-24, nan 
-101.375, -84.875, 2.29816199006401e-24, nan 
-101.125, -84.875, 2.5297226608894284e-24, nan 
-100.875, -84.875, 2.6876452109742587e-24, nan 
-100.625, -84.875, 2.8552770163886125e-24, nan 
-100.375, -84.875, 2.810628653644765e-24, nan 
-100.125, -84.875, 2.764527287460363e-24, nan 
-99.875, -84.875, 2.8044565406569517e-24, nan 
-99.625, -84.875, 2.8077588266269924e-24, nan 
-99.375, -84.875, 2.8960416847179772e-24, nan 
-99.125, -84.875, 3.042277452929329e-24, nan 
-98.875, -84.875, 2.983717105185046e-24, nan 
-98.625, -84.875, 2.8636973256212022e-24, nan 
-98.375, -84.875, 2.9515718660108817e-24, nan 
-98.125, -84.875, 2.7901819887893187e-24, nan 
-97.875, -84.875, 2.6948715112863747e-24, nan 
-97.625, -84.875, 2.1933233393605196e-24, nan 
-97.375, -84.875, 1.8092434202412388e-24, nan 
-97.125, -84.875, 2.0013804203186385e-24, nan 
-96.875, -84.875, 2.035858328790014e-24, nan 
-96.625, -84.875, 2.009298180333122e-24, nan 
-96.375, -84.875, 2.120362321249285e-24, nan 
-96.125, -84.875, 2.3027249305650533e-24, nan 
-95.875, -84.875, 2.574708250522748e-24, nan 
-95.625, -84.875, 2.786908210552652e-24, nan 
-95.375, -84.875, 2.9677954756234955e-24, nan 
-95.125, -84.875, 3.215300804259606e-24, nan 
-94.875, -84.875, 3.01275633972614e-24, nan 
-94.625, -84.875, 2.9354424816810434e-24, nan 
-94.375, -84.875, 2.5996111752976353e-24, nan 
-94.125, -84.875, 2.486402388350484e-24, nan 
-93.875, -84.875, 2.57474049362027e-24, nan 
-93.625, -84.875, 2.555070115747617e-24, nan 
-93.375, -84.875, 2.5439463078033564e-24, nan 
-93.125, -84.875, 2.3190120587137903e-24, nan 
-92.875, -84.875, 2.3010828424683067e-24, nan 
-92.625, -84.875, 2.204852280173167e-24, nan 
-92.375, -84.875, 2.094121685346558e-24, nan 
-92.125, -84.875, 1.720981344200999e-24, nan 
-91.875, -84.875, 1.4977381412778769e-24, nan 
-91.625, -84.875, 1.4995482098149765e-24, nan 
-91.375, -84.875, 1.6137819193059933e-24, nan 
-91.125, -84.875, 1.5879981184224937e-24, nan 
-90.875, -84.875, 1.2810090798686818e-24, nan 
-90.625, -84.875, 1.2173967215974947e-24, nan 
-90.375, -84.875, 1.3385544747650552e-24, nan 
-90.125, -84.875, 1.4267663521070896e-24, nan 
-89.875, -84.875, 1.6418028809601945e-24, nan 
-89.625, -84.875, 1.9895524259208624e-24, nan 
-89.375, -84.875, 2.3080744407159607e-24, nan 
-89.125, -84.875, 2.5358331036550216e-24, nan 
-88.875, -84.875, 2.6622099000748547e-24, nan 
-88.625, -84.875, 2.816155926212396e-24, nan 
-88.375, -84.875, 2.8893877464591008e-24, nan 
-88.125, -84.875, 2.887750874170379e-24, nan 
-87.875, -84.875, 2.845612357166031e-24, nan 
-87.625, -84.875, 2.661466301088379e-24, nan 
-87.375, -84.875, 2.6036097218683025e-24, nan 
-87.125, -84.875, 2.489520483777947e-24, nan 
-86.875, -84.875, 1.9178162333886515e-24, nan 
-86.625, -84.875, 2.1659000119277232e-24, nan 
-86.375, -84.875, 2.40869956961647e-24, nan 
-86.125, -84.875, 2.608007798652068e-24, nan 
-85.875, -84.875, 2.89415982062922e-24, nan 
-85.625, -84.875, 2.97989725136773e-24, nan 
-85.375, -84.875, 3.0174193276781204e-24, nan 
-85.125, -84.875, 2.4103437416005444e-24, nan 
-84.875, -84.875, 2.19242679349624e-24, nan 
-84.625, -84.875, 2.1930211669005237e-24, nan 
-84.375, -84.875, 2.190228830587164e-24, nan 
-84.125, -84.875, 1.3306684082115376e-24, nan 
-83.875, -84.875, 1.1181245435535074e-24, nan 
-83.625, -84.875, 1.170301167650098e-24, nan 
-83.375, -84.875, 9.35042485846746e-25, nan 
-83.125, -84.875, 8.480073070036586e-25, nan 
-82.875, -84.875, 9.488083051139135e-25, nan 
-82.625, -84.875, 1.346190087821347e-24, nan 
-82.375, -84.875, 1.6746931485039043e-24, nan 
-82.125, -84.875, 2.2101878828761508e-24, nan 
-81.875, -84.875, 2.494482649613107e-24, nan 
-81.625, -84.875, 2.849616574971156e-24, nan 
-81.375, -84.875, 3.2603141222125666e-24, nan 
-81.125, -84.875, 3.383189661694886e-24, nan 
-80.875, -84.875, 3.403943270538314e-24, nan 
-80.625, -84.875, 3.2633773179980495e-24, nan 
-80.375, -84.875, 3.0733744069723346e-24, nan 
-80.125, -84.875, 2.9858374875937093e-24, nan 
-79.875, -84.875, 2.9795865110139146e-24, nan 
-79.625, -84.875, 3.1075666486180677e-24, nan 
-79.375, -84.875, 3.151413430160101e-24, nan 
-79.125, -84.875, 3.3127046412633674e-24, nan 
-78.875, -84.875, 3.713935332411138e-24, nan 
-78.625, -84.875, 3.442188719320986e-24, nan 
-78.375, -84.875, 3.345611837999362e-24, nan 
-78.125, -84.875, 3.430769579763207e-24, nan 
-77.875, -84.875, 3.564444487897614e-24, nan 
-77.625, -84.875, 3.553091200032991e-24, nan 
-77.375, -84.875, 3.506967510164971e-24, nan 
-77.125, -84.875, 3.52800274795927e-24, nan 
-76.875, -84.875, 3.6447881908845046e-24, nan 
-76.625, -84.875, 3.752708888005102e-24, nan 
-76.375, -84.875, 3.790101095612785e-24, nan 
-76.125, -84.875, 3.827177861835704e-24, nan 
-75.875, -84.875, 3.751304930004244e-24, nan 
-75.625, -84.875, 3.652067633472774e-24, nan 
-75.375, -84.875, 3.482568302445596e-24, nan 
-75.125, -84.875, 2.8080761084768806e-24, nan 
-74.875, -84.875, 2.613679960705161e-24, nan 
-74.625, -84.875, 2.7983817783568708e-24, nan 
-74.375, -84.875, 3.59207388002236e-24, nan 
-74.125, -84.875, 3.700055418939662e-24, nan 
-73.875, -84.875, 3.76415104424406e-24, nan 
-73.625, -84.875, 3.930550365068349e-24, nan 
-73.375, -84.875, 3.911580743041722e-24, nan 
-73.125, -84.875, 3.929178998186122e-24, nan 
-72.875, -84.875, 3.799706008261114e-24, nan 
-72.625, -84.875, 3.628579056552254e-24, nan 
-72.375, -84.875, 2.952224552430624e-24, nan 
-72.125, -84.875, 2.6598443737860747e-24, nan 
-71.875, -84.875, 2.7905652775058688e-24, nan 
-71.625, -84.875, 3.812940049021645e-24, nan 
-71.375, -84.875, 3.800670943001983e-24, nan 
-71.125, -84.875, 3.9884299747136814e-24, nan 
-70.875, -84.875, 4.202126716398235e-24, nan 
-70.625, -84.875, 4.137351230660637e-24, nan 
-70.375, -84.875, 4.116894498660874e-24, nan 
-70.125, -84.875, 3.865310650245775e-24, nan 
-69.875, -84.875, 3.4777585025687194e-24, nan 
-69.625, -84.875, 3.1343423309299018e-24, nan 
-69.375, -84.875, 3.670684186061021e-24, nan 
-69.125, -84.875, 3.712537886844639e-24, nan 
-68.875, -84.875, 4.193174427866126e-24, nan 
-68.625, -84.875, 4.927015149468301e-24, nan 
-68.375, -84.875, 5.704743036790257e-24, nan 
-68.125, -84.875, 6.237913679443696e-24, nan 
-67.875, -84.875, 6.513155671471929e-24, nan 
-67.625, -84.875, 6.720603547731651e-24, nan 
-67.375, -84.875, 6.83604801910672e-24, nan 
-67.125, -84.875, 6.039968432719292e-24, nan 
-66.875, -84.875, 4.798407546386938e-24, nan 
-66.625, -84.875, 5.186755137131134e-24, nan 
-66.375, -84.875, 5.680866202018004e-24, nan 
-66.125, -84.875, 6.2291379920685854e-24, nan 
-65.875, -84.875, 6.923410810669295e-24, nan 
-65.625, -84.875, 7.871108482588563e-24, nan 
-65.375, -84.875, 8.699340362397048e-24, nan 
-65.125, -84.875, 9.350646246671463e-24, nan 
-64.875, -84.875, 9.947721157737943e-24, nan 
-64.625, -84.875, 1.0010796131006434e-23, nan 
-64.375, -84.875, 8.448380430157142e-24, nan 
-64.125, -84.875, 5.5943517065111966e-24, nan 
-63.875, -84.875, 3.929889994511886e-24, nan 
-63.625, -84.875, 4.2754619783697596e-24, nan 
-63.375, -84.875, 4.008594698622123e-24, nan 
-63.125, -84.875, 4.476424818396486e-24, nan 
-62.875, -84.875, 5.359618653484941e-24, nan 
-62.625, -84.875, 7.035110195782315e-24, nan 
-62.375, -84.875, 8.536207565596794e-24, nan 
-62.125, -84.875, 9.778333644907911e-24, nan 
-61.875, -84.875, 1.0167029017648459e-23, nan 
-61.625, -84.875, 8.159695679911992e-24, nan 
-61.375, -84.875, 6.274218262903528e-24, nan 
-61.125, -84.875, 5.753409985418466e-24, nan 
-60.875, -84.875, 6.1492504324539565e-24, nan 
-60.625, -84.875, 6.798344932181435e-24, nan 
-60.375, -84.875, 7.937235672650584e-24, nan 
-60.125, -84.875, 8.407253628120319e-24, nan 
-59.875, -84.875, 8.983137034318883e-24, nan 
-59.625, -84.875, 9.90353304060696e-24, nan 
-59.375, -84.875, 1.0891001463397135e-23, nan 
-59.125, -84.875, 1.142085160274388e-23, nan 
-58.875, -84.875, 1.1128478567948088e-23, nan 
-58.625, -84.875, 1.1097173073565718e-23, nan 
-58.375, -84.875, 1.0645044323023836e-23, nan 
-58.125, -84.875, 1.0529688024047885e-23, nan 
-57.875, -84.875, 1.0582999930321148e-23, nan 
-57.625, -84.875, 1.1115479707008033e-23, nan 
-57.375, -84.875, 8.982316077218699e-24, nan 
-57.125, -84.875, 7.935315425825903e-24, nan 
-56.875, -84.875, 8.51638076701012e-24, nan 
-56.625, -84.875, 9.378732278822166e-24, nan 
-56.375, -84.875, 9.944367235944037e-24, nan 
-56.125, -84.875, 1.034652533540086e-23, nan 
-55.875, -84.875, 1.0145534907919255e-23, nan 
-55.625, -84.875, 8.747784424310878e-24, nan 
-55.375, -84.875, 6.652597133963189e-24, nan 
-55.125, -84.875, 5.027978747307718e-24, nan 
-54.875, -84.875, 3.666888535470641e-24, nan 
-54.625, -84.875, 3.369487578508927e-24, nan 
-54.375, -84.875, 2.631832235675201e-24, nan 
-54.125, -84.875, 1.8403993575369828e-24, nan 
-53.875, -84.875, 1.4452401888638553e-24, nan 
-53.625, -84.875, 1.3622852233828457e-24, nan 
-53.375, -84.875, 1.3956882657453097e-24, nan 
-53.125, -84.875, 1.4850769337671853e-24, nan 
-52.875, -84.875, 1.5538909077723301e-24, nan 
-52.625, -84.875, 1.5828180879756489e-24, nan 
-52.375, -84.875, 1.6503580496246003e-24, nan 
-52.125, -84.875, 1.7306404038731772e-24, nan 
-51.875, -84.875, 1.878748717408796e-24, nan 
-51.625, -84.875, 1.979792288944569e-24, nan 
-51.375, -84.875, 2.2690001481511115e-24, nan 
-51.125, -84.875, 2.6558763252271463e-24, nan 
-50.875, -84.875, 3.0557933519482802e-24, nan 
-50.625, -84.875, 2.9554693935060785e-24, nan 
-50.375, -84.875, 2.2902941732480126e-24, nan 
-50.125, -84.875, 1.5777328841749874e-24, nan 
-49.875, -84.875, 1.641940942843295e-24, nan 
-49.625, -84.875, 1.6395719095366223e-24, nan 
-49.375, -84.875, 1.82493689032685e-24, nan 
-49.125, -84.875, 2.005584460431633e-24, nan 
-48.875, -84.875, 2.1744977079755994e-24, nan 
-48.625, -84.875, 2.1439341392928122e-24, nan 
-48.375, -84.875, 2.4873347561094317e-24, nan 
-48.125, -84.875, 4.0843660722792595e-24, nan 
-47.875, -84.875, 4.905875355039763e-24, nan 
-47.625, -84.875, 4.271320944788838e-24, nan 
-47.375, -84.875, 3.955439068550611e-24, nan 
-47.125, -84.875, 4.4146111633244015e-24, nan 
-46.875, -84.875, 4.275817053841852e-24, nan 
-46.625, -84.875, 4.787042506156736e-24, nan 
-46.375, -84.875, 5.0086245122352124e-24, nan 
-46.125, -84.875, 5.180213471260681e-24, nan 
-45.875, -84.875, 4.871458875229828e-24, nan 
-45.625, -84.875, 5.2190604672177994e-24, nan 
-45.375, -84.875, 6.570629485587548e-24, nan 
-45.125, -84.875, 7.860234117510772e-24, nan 
-44.875, -84.875, 9.231200841845991e-24, nan 
-44.625, -84.875, 9.877315523228532e-24, nan 
-44.375, -84.875, 1.0296319951284241e-23, nan 
-44.125, -84.875, 1.0328287754904567e-23, nan 
-43.875, -84.875, 9.904367910401038e-24, nan 
-43.625, -84.875, 9.209139683639159e-24, nan 
-43.375, -84.875, 8.078888944003636e-24, nan 
-43.125, -84.875, 7.004460327746328e-24, nan 
-42.875, -84.875, 5.8224550040540956e-24, nan 
-42.625, -84.875, 5.7515871309796984e-24, nan 
-42.375, -84.875, 6.932477330497833e-24, nan 
-42.125, -84.875, 9.101282804073841e-24, nan 
-41.875, -84.875, 9.496450911676405e-24, nan 
-41.625, -84.875, 8.955462867486834e-24, nan 
-41.375, -84.875, 9.089486757782844e-24, nan 
-41.125, -84.875, 9.12916171655553e-24, nan 
-40.875, -84.875, 8.832938486549622e-24, nan 
-40.625, -84.875, 7.763348698939154e-24, nan 
-40.375, -84.875, 6.499164307638974e-24, nan 
-40.125, -84.875, 5.455128065264107e-24, nan 
-39.875, -84.875, 4.0552027404175576e-24, nan 
-39.625, -84.875, 2.3152926715413235e-24, nan 
-39.375, -84.875, 8.233835833469397e-25, nan 
-39.125, -84.875, 1.4178886532192637e-24, nan 
-38.875, -84.875, 1.900205153525223e-24, nan 
-38.625, -84.875, 2.2905915563512796e-24, nan 
-38.375, -84.875, 2.6838309361712244e-24, nan 
-38.125, -84.875, 3.007526629961353e-24, nan 
-37.875, -84.875, 2.5758182945561043e-24, nan 
-37.625, -84.875, 2.1848036551495304e-24, nan 
-37.375, -84.875, 2.2619712424959315e-24, nan 
-37.125, -84.875, 2.5732010582841848e-24, nan 
-36.875, -84.875, 2.584808756755949e-24, nan 
-36.625, -84.875, 2.4486545024474303e-24, nan 
-36.375, -84.875, 1.8741253223880297e-24, nan 
-36.125, -84.875, 2.4027639738598517e-24, nan 
-35.875, -84.875, 3.035112668852672e-24, nan 
-35.625, -84.875, 3.215193111941175e-24, nan 
-35.375, -84.875, 3.180798683302307e-24, nan 
-35.125, -84.875, 3.444116222551203e-24, nan 
-34.875, -84.875, 4.015027189683297e-24, nan 
-34.625, -84.875, 4.7826428913435694e-24, nan 
-34.375, -84.875, 5.170319951866843e-24, nan 
-34.125, -84.875, 5.53874388200589e-24, nan 
-33.875, -84.875, 5.901904953315278e-24, nan 
-33.625, -84.875, 6.24803451437358e-24, nan 
-33.375, -84.875, 7.025817416700065e-24, nan 
-33.125, -84.875, 7.821352083797397e-24, nan 
-32.875, -84.875, 8.208071617012949e-24, nan 
-32.625, -84.875, 8.502138801293799e-24, nan 
-32.375, -84.875, 8.75056982661277e-24, nan 
-32.125, -84.875, 9.203548703788477e-24, nan 
-31.875, -84.875, 9.427893538983521e-24, nan 
-31.625, -84.875, 8.684443946169788e-24, nan 
-31.375, -84.875, 7.422237436846357e-24, nan 
-31.125, -84.875, 7.066041495295963e-24, nan 
-30.875, -84.875, 6.950177708363987e-24, nan 
-30.625, -84.875, 7.306035312350745e-24, nan 
-30.375, -84.875, 7.790232576217037e-24, nan 
-30.125, -84.875, 8.149055586874069e-24, nan 
-29.875, -84.875, 8.788080584455914e-24, nan 
-29.625, -84.875, 8.970332017351787e-24, nan 
-29.375, -84.875, 9.189374918752649e-24, nan 
-29.125, -84.875, 9.289172160779174e-24, nan 
-28.875, -84.875, 8.501782105415975e-24, nan 
-28.625, -84.875, 6.961766998068323e-24, nan 
-28.375, -84.875, 6.149589774768924e-24, nan 
-28.125, -84.875, 5.8915449360759225e-24, nan 
-27.875, -84.875, 5.8797187566976696e-24, nan 
-27.625, -84.875, 7.663359007075537e-24, nan 
-27.375, -84.875, 8.793564679983632e-24, nan 
-27.125, -84.875, 9.323519646206406e-24, nan 
-26.875, -84.875, 9.858976875317336e-24, nan 
-26.625, -84.875, 9.982343423967009e-24, nan 
-26.375, -84.875, 9.241080385238525e-24, nan 
-26.125, -84.875, 7.755843178330172e-24, nan 
-25.875, -84.875, 8.126746281569716e-24, nan 
-25.625, -84.875, 8.628436708484796e-24, nan 
-25.375, -84.875, 8.628234810681004e-24, nan 
-25.125, -84.875, 8.04638554077373e-24, nan 
-24.875, -84.875, 7.984679227699993e-24, nan 
-24.625, -84.875, 8.97437729223588e-24, nan 
-24.375, -84.875, 9.010721432584626e-24, nan 
-24.125, -84.875, 9.114955517764404e-24, nan 
-23.875, -84.875, 8.8947898583074e-24, nan 
-23.625, -84.875, 8.422919972222021e-24, nan 
-23.375, -84.875, 6.87761214476465e-24, nan 
-23.125, -84.875, 7.181711667635382e-24, nan 
-22.875, -84.875, 7.231008296866798e-24, nan 
-22.625, -84.875, 6.760500061308626e-24, nan 
-22.375, -84.875, 5.74840402280677e-24, nan 
-22.125, -84.875, 4.251845524717961e-24, nan 
-21.875, -84.875, 5.8267305131678084e-24, nan 
-21.625, -84.875, 6.85088571486238e-24, nan 
-21.375, -84.875, 7.34606719539495e-24, nan 
-21.125, -84.875, 8.267154470926836e-24, nan 
-20.875, -84.875, 1.0941201949490741e-23, nan 
-20.625, -84.875, 1.178409063788528e-23, nan 
-20.375, -84.875, 1.259538514376641e-23, nan 
-20.125, -84.875, 9.41983202888893e-24, nan 
-19.875, -84.875, 1.124060221920135e-23, nan 
-19.625, -84.875, 1.2027001956772316e-23, nan 
-19.375, -84.875, 1.3076727850173733e-23, nan 
-19.125, -84.875, 1.2048979977443945e-23, nan 
-18.875, -84.875, 1.0788422284770493e-23, nan 
-18.625, -84.875, 1.0042599247381482e-23, nan 
-18.375, -84.875, 1.0542224440923931e-23, nan 
-18.125, -84.875, 1.0640105356687717e-23, nan 
-17.875, -84.875, 1.197967929395722e-23, nan 
-17.625, -84.875, 1.2600360696656571e-23, nan 
-17.375, -84.875, 1.1893693992007124e-23, nan 
-17.125, -84.875, 1.0511270731570823e-23, nan 
-16.875, -84.875, 8.468629045286885e-24, nan 
-16.625, -84.875, 7.809252518800939e-24, nan 
-16.375, -84.875, 8.267819078988824e-24, nan 
-16.125, -84.875, 9.501200611390685e-24, nan 
-15.875, -84.875, 8.092513832158759e-24, nan 
-15.625, -84.875, 9.115845842205978e-24, nan 
-15.375, -84.875, 9.07723202554108e-24, nan 
-15.125, -84.875, 9.584178777634446e-24, nan 
-14.875, -84.875, 9.577657092525381e-24, nan 
-14.625, -84.875, 7.968756997833983e-24, nan 
-14.375, -84.875, 8.403199973330678e-24, nan 
-14.125, -84.875, 9.416094228567115e-24, nan 
-13.875, -84.875, 9.93828806611553e-24, nan 
-13.625, -84.875, 1.0800847322451738e-23, nan 
-13.375, -84.875, 1.0204752927431951e-23, nan 
-13.125, -84.875, 1.0733490030811672e-23, nan 
-12.875, -84.875, 1.020359697310136e-23, nan 
-12.625, -84.875, 1.0088821134339092e-23, nan 
-12.375, -84.875, 9.676942933162577e-24, nan 
-12.125, -84.875, 1.0983348991559061e-23, nan 
-11.875, -84.875, 1.1726844432751399e-23, nan 
-11.625, -84.875, 1.0879058060723274e-23, nan 
-11.375, -84.875, 1.0466861570792743e-23, nan 
-11.125, -84.875, 1.050022025244559e-23, nan 
-10.875, -84.875, 1.1912980423859509e-23, nan 
-10.625, -84.875, 1.2966787119336135e-23, nan 
-10.375, -84.875, 1.3714626213956418e-23, nan 
-10.125, -84.875, 1.439233829054201e-23, nan 
-9.875, -84.875, 1.4932891937286302e-23, nan 
-9.625, -84.875, 1.4778102713913653e-23, nan 
-9.375, -84.875, 1.460199203724595e-23, nan 
-9.125, -84.875, 1.5116850577695345e-23, nan 
-8.875, -84.875, 1.574093211245757e-23, nan 
-8.625, -84.875, 1.5722337117530087e-23, nan 
-8.375, -84.875, 1.5375172354805733e-23, nan 
-8.125, -84.875, 1.4893016796264365e-23, nan 
-7.875, -84.875, 1.4326298680852485e-23, nan 
-7.625, -84.875, 1.4484994819184924e-23, nan 
-7.375, -84.875, 1.4529487896000282e-23, nan 
-7.125, -84.875, 1.4444787654956127e-23, nan 
-6.875, -84.875, 1.4284480423436028e-23, nan 
-6.625, -84.875, 1.455688867899089e-23, nan 
-6.375, -84.875, 1.404041260442324e-23, nan 
-6.125, -84.875, 1.3738095644807993e-23, nan 
-5.875, -84.875, 1.3143972202089452e-23, nan 
-5.625, -84.875, 1.2926301848282147e-23, nan 
-5.375, -84.875, 1.3176807494870225e-23, nan 
-5.125, -84.875, 1.300525893345434e-23, nan 
-4.875, -84.875, 1.2833974319058941e-23, nan 
-4.625, -84.875, 1.2116342152864714e-23, nan 
-4.375, -84.875, 1.1618372650443553e-23, nan 
-4.125, -84.875, 1.1418641626872028e-23, nan 
-3.875, -84.875, 1.0705377004306785e-23, nan 
-3.625, -84.875, 9.441743948702175e-24, nan 
-3.375, -84.875, 9.510196881331777e-24, nan 
-3.125, -84.875, 9.097194971205799e-24, nan 
-2.875, -84.875, 8.510030212857684e-24, nan 
-2.625, -84.875, 8.133226467637632e-24, nan 
-2.375, -84.875, 8.219462556870645e-24, nan 
-2.125, -84.875, 7.410661583124736e-24, nan 
-1.875, -84.875, 6.904313111106198e-24, nan 
-1.625, -84.875, 6.952482045610759e-24, nan 
-1.375, -84.875, 6.963910234952937e-24, nan 
-1.125, -84.875, 6.741317886745258e-24, nan 
-0.875, -84.875, 5.973746490295625e-24, nan 
-0.625, -84.875, 4.37485027629396e-24, nan 
-0.375, -84.875, 3.949124242152741e-24, nan 
-0.125, -84.875, 4.182399412680473e-24, nan 
0.125, -84.875, 4.460170737819125e-24, nan 
0.375, -84.875, 4.48854591587342e-24, nan 
0.625, -84.875, 3.529515723193597e-24, nan 
0.875, -84.875, 7.347385404475684e-24, nan 
1.125, -84.875, 3.395190053179502e-24, nan 
1.375, -84.875, 3.4031538055802464e-24, nan 
1.625, -84.875, 3.686269328073538e-24, nan 
1.875, -84.875, 2.803167164746031e-24, nan 
2.125, -84.875, 2.8204237449580774e-24, nan 
2.375, -84.875, 2.8375907869261884e-24, nan 
2.625, -84.875, 3.0339362777435457e-24, nan 
-106.625, -84.625, 4.353255906233134e-25, nan 
-106.375, -84.625, 4.9558558459833615e-25, nan 
-106.125, -84.625, 5.60477593207806e-25, nan 
-105.875, -84.625, 5.929870642600111e-25, nan 
-105.625, -84.625, 4.843789405533137e-25, nan 
-105.375, -84.625, 4.832107506925519e-25, nan 
-105.125, -84.625, 5.286338848583186e-25, nan 
-104.875, -84.625, 5.349581619834583e-25, nan 
-104.625, -84.625, 5.208724160725683e-25, nan 
-104.375, -84.625, 4.7439408018609645e-25, nan 
-104.125, -84.625, 4.515653303318334e-25, nan 
-103.875, -84.625, 4.5080567398942615e-25, nan 
-103.625, -84.625, 5.30004315548985e-25, nan 
-103.375, -84.625, 5.505401263445608e-25, nan 
-103.125, -84.625, 6.768637488011198e-25, nan 
-102.875, -84.625, 8.236590911940438e-25, nan 
-102.625, -84.625, 6.907483089080601e-25, nan 
-102.375, -84.625, 7.139909967313519e-25, nan 
-102.125, -84.625, 7.054676602636813e-25, nan 
-101.875, -84.625, 6.861682288288123e-25, nan 
-101.625, -84.625, 1.0701264292218113e-24, nan 
-101.375, -84.625, 1.4618301351005216e-24, nan 
-101.125, -84.625, 1.5668403548915212e-24, nan 
-100.875, -84.625, 1.8435583019788638e-24, nan 
-100.625, -84.625, 2.0637124492136244e-24, nan 
-100.375, -84.625, 2.3639328763890844e-24, nan 
-100.125, -84.625, 3.0222912556542553e-24, nan 
-99.875, -84.625, 2.9423943875437736e-24, nan 
-99.625, -84.625, 2.966852365946796e-24, nan 
-99.375, -84.625, 3.0235410618454792e-24, nan 
-99.125, -84.625, 3.067520399065117e-24, nan 
-98.875, -84.625, 2.972909841058415e-24, nan 
-98.625, -84.625, 2.784302592456264e-24, nan 
-98.375, -84.625, 2.6433940857635188e-24, nan 
-98.125, -84.625, 2.5021221521974032e-24, nan 
-97.875, -84.625, 2.4669040127026633e-24, nan 
-97.625, -84.625, 2.621287141394258e-24, nan 
-97.375, -84.625, 3.770459885080939e-24, nan 
-97.125, -84.625, 3.550186132487263e-24, nan 
-96.875, -84.625, 3.5069444970202715e-24, nan 
-96.625, -84.625, 3.323349671394843e-24, nan 
-96.375, -84.625, 2.9953127452096553e-24, nan 
-96.125, -84.625, 2.3883889118614933e-24, nan 
-95.875, -84.625, 2.0495992295461822e-24, nan 
-95.625, -84.625, 1.9976957038914505e-24, nan 
-95.375, -84.625, 1.6381375466901543e-24, nan 
-95.125, -84.625, 1.5182699442554132e-24, nan 
-94.875, -84.625, 1.6867398752329503e-24, nan 
-94.625, -84.625, 2.1374056310645842e-24, nan 
-94.375, -84.625, 1.796072123124917e-24, nan 
-94.125, -84.625, 1.6991505304854926e-24, nan 
-93.875, -84.625, 1.985170602966933e-24, nan 
-93.625, -84.625, 2.1870296579762254e-24, nan 
-93.375, -84.625, 2.288260973615482e-24, nan 
-93.125, -84.625, 2.254922930979945e-24, nan 
-92.875, -84.625, 2.534808970493232e-24, nan 
-92.625, -84.625, 2.48753626879737e-24, nan 
-92.375, -84.625, 2.5141422971060515e-24, nan 
-92.125, -84.625, 2.5593716712457117e-24, nan 
-91.875, -84.625, 2.4356010691870676e-24, nan 
-91.625, -84.625, 2.006489799379016e-24, nan 
-91.375, -84.625, 1.6358168754177788e-24, nan 
-91.125, -84.625, 1.69282660611419e-24, nan 
-90.875, -84.625, 1.8795841113139755e-24, nan 
-90.625, -84.625, 2.235265654154569e-24, nan 
-90.375, -84.625, 1.8415507594736013e-24, nan 
-90.125, -84.625, 2.1896947411628377e-24, nan 
-89.875, -84.625, 2.9318294595322704e-24, nan 
-89.625, -84.625, 3.1994935512933348e-24, nan 
-89.375, -84.625, 3.500448006254555e-24, nan 
-89.125, -84.625, 3.407359278486994e-24, nan 
-88.875, -84.625, 3.28473865406808e-24, nan 
-88.625, -84.625, 2.620062141874504e-24, nan 
-88.375, -84.625, 1.87529739835777e-24, nan 
-88.125, -84.625, 1.3374766314719623e-24, nan 
-87.875, -84.625, 1.0697037404442953e-24, nan 
-87.625, -84.625, 1.0476052750792408e-24, nan 
-87.375, -84.625, 1.3783013715783968e-24, nan 
-87.125, -84.625, 1.7041699163338903e-24, nan 
-86.875, -84.625, 2.1249648599321607e-24, nan 
-86.625, -84.625, 2.4674690166337263e-24, nan 
-86.375, -84.625, 2.5934549271854198e-24, nan 
-86.125, -84.625, 2.7925283944003135e-24, nan 
-85.875, -84.625, 2.873725967782821e-24, nan 
-85.625, -84.625, 2.92470822923882e-24, nan 
-85.375, -84.625, 3.0406447500502176e-24, nan 
-85.125, -84.625, 2.502274003215823e-24, nan 
-84.875, -84.625, 2.757668321725672e-24, nan 
-84.625, -84.625, 4.013840180935837e-24, nan 
-84.375, -84.625, 4.8628494356732496e-24, nan 
-84.125, -84.625, 4.7070839719507764e-24, nan 
-83.875, -84.625, 3.539094526808717e-24, nan 
-83.625, -84.625, 3.672953024997048e-24, nan 
-83.375, -84.625, 5.0361456734601595e-24, nan 
-83.125, -84.625, 5.157902232382377e-24, nan 
-82.875, -84.625, 5.216249452422722e-24, nan 
-82.625, -84.625, 5.5260474287373075e-24, nan 
-82.375, -84.625, 5.642345026554378e-24, nan 
-82.125, -84.625, 5.633375876925988e-24, nan 
-81.875, -84.625, 5.117863341051301e-24, nan 
-81.625, -84.625, 4.958381100275355e-24, nan 
-81.375, -84.625, 4.752759867881126e-24, nan 
-81.125, -84.625, 4.619548314575868e-24, nan 
-80.875, -84.625, 4.914207509455086e-24, nan 
-80.625, -84.625, 4.943893727199566e-24, nan 
-80.375, -84.625, 4.136325067190631e-24, nan 
-80.125, -84.625, 1.813810567041616e-24, nan 
-79.875, -84.625, 1.426840960997449e-24, nan 
-79.625, -84.625, 1.2577920617556684e-24, nan 
-79.375, -84.625, 1.1945316656358207e-24, nan 
-79.125, -84.625, 1.214950062859147e-24, nan 
-78.875, -84.625, 1.4540833530573298e-24, nan 
-78.625, -84.625, 1.5415576714984485e-24, nan 
-78.375, -84.625, 1.4459071628440318e-24, nan 
-78.125, -84.625, 1.2125227791615224e-24, nan 
-77.875, -84.625, 1.2840315471989319e-24, nan 
-77.625, -84.625, 1.452646734070776e-24, nan 
-77.375, -84.625, 2.2959906688545988e-24, nan 
-77.125, -84.625, 2.6615896302435677e-24, nan 
-76.875, -84.625, 3.2786610410519974e-24, nan 
-76.625, -84.625, 3.8288369176695416e-24, nan 
-76.375, -84.625, 2.9740140080445734e-24, nan 
-76.125, -84.625, 2.2671156414141308e-24, nan 
-75.875, -84.625, 1.597200496819424e-24, nan 
-75.625, -84.625, 1.5318863743530793e-24, nan 
-75.375, -84.625, 1.6019799838919344e-24, nan 
-75.125, -84.625, 1.6341212482968404e-24, nan 
-74.875, -84.625, 1.5299404114438986e-24, nan 
-74.625, -84.625, 1.5745762122414594e-24, nan 
-74.375, -84.625, 1.5243813113454426e-24, nan 
-74.125, -84.625, 1.433291044826813e-24, nan 
-73.875, -84.625, 1.662774684187245e-24, nan 
-73.625, -84.625, 1.890529714713187e-24, nan 
-73.375, -84.625, 1.817950689059726e-24, nan 
-73.125, -84.625, 1.9443518621367084e-24, nan 
-72.875, -84.625, 1.9579526316359062e-24, nan 
-72.625, -84.625, 2.3061033756115085e-24, nan 
-72.375, -84.625, 2.6235153335170355e-24, nan 
-72.125, -84.625, 2.974563161746177e-24, nan 
-71.875, -84.625, 3.3043486587108197e-24, nan 
-71.625, -84.625, 3.796081670335905e-24, nan 
-71.375, -84.625, 3.874391436254438e-24, nan 
-71.125, -84.625, 3.782774656212243e-24, nan 
-70.875, -84.625, 3.754751032580672e-24, nan 
-70.625, -84.625, 3.5059465064311605e-24, nan 
-70.375, -84.625, 3.383730264685085e-24, nan 
-70.125, -84.625, 3.038617932574308e-24, nan 
-69.875, -84.625, 2.773795308329365e-24, nan 
-69.625, -84.625, 2.7726834135661057e-24, nan 
-69.375, -84.625, 2.8948625289145717e-24, nan 
-69.125, -84.625, 3.0407917447573383e-24, nan 
-68.875, -84.625, 3.0190103380874e-24, nan 
-68.625, -84.625, 3.537516399794967e-24, nan 
-68.375, -84.625, 3.354924346464796e-24, nan 
-68.125, -84.625, 3.192991036080511e-24, nan 
-67.875, -84.625, 2.9688536147917955e-24, nan 
-67.625, -84.625, 2.8669673271461564e-24, nan 
-67.375, -84.625, 2.554039212949968e-24, nan 
-67.125, -84.625, 2.307029743663906e-24, nan 
-66.875, -84.625, 3.1727177243495648e-24, nan 
-66.625, -84.625, 4.165638394288683e-24, nan 
-66.375, -84.625, 4.112862047298659e-24, nan 
-66.125, -84.625, 4.566011446209413e-24, nan 
-65.875, -84.625, 4.678827791963861e-24, nan 
-65.625, -84.625, 5.1240697871045955e-24, nan 
-65.375, -84.625, 5.200582001959093e-24, nan 
-65.125, -84.625, 5.148106792787605e-24, nan 
-64.875, -84.625, 5.337519953441324e-24, nan 
-64.625, -84.625, 5.695356242711175e-24, nan 
-64.375, -84.625, 5.876468154361094e-24, nan 
-64.125, -84.625, 5.379141613018837e-24, nan 
-63.875, -84.625, 4.633136513003362e-24, nan 
-63.625, -84.625, 4.143393467220652e-24, nan 
-63.375, -84.625, 4.424127715830562e-24, nan 
-63.125, -84.625, 4.5642690746791976e-24, nan 
-62.875, -84.625, 4.896808650171162e-24, nan 
-62.625, -84.625, 4.212357721467978e-24, nan 
-62.375, -84.625, 3.462180026803284e-24, nan 
-62.125, -84.625, 3.5183621424411674e-24, nan 
-61.875, -84.625, 3.9409214822942664e-24, nan 
-61.625, -84.625, 5.108022506778936e-24, nan 
-61.375, -84.625, 6.0731259692351725e-24, nan 
-61.125, -84.625, 5.8533283825521545e-24, nan 
-60.875, -84.625, 5.741966429637276e-24, nan 
-60.625, -84.625, 6.4711099023574366e-24, nan 
-60.375, -84.625, 6.993696039365854e-24, nan 
-60.125, -84.625, 1.0037475176664848e-23, nan 
-59.875, -84.625, 1.2324939136616594e-23, nan 
-59.625, -84.625, 1.3534057772827134e-23, nan 
-59.375, -84.625, 1.4176206159834705e-23, nan 
-59.125, -84.625, 1.4743565499085314e-23, nan 
-58.875, -84.625, 1.350228844570929e-23, nan 
-58.625, -84.625, 1.4160203591768416e-23, nan 
-58.375, -84.625, 1.4704387607483556e-23, nan 
-58.125, -84.625, 1.5385994612344657e-23, nan 
-57.875, -84.625, 1.542803222679447e-23, nan 
-57.625, -84.625, 1.5344081732343286e-23, nan 
-57.375, -84.625, 1.432872230882568e-23, nan 
-57.125, -84.625, 1.6565692480907182e-23, nan 
-56.875, -84.625, 1.8684969680630012e-23, nan 
-56.625, -84.625, 1.8880897082014028e-23, nan 
-56.375, -84.625, 1.9129655690622224e-23, nan 
-56.125, -84.625, 1.7095181901796408e-23, nan 
-55.875, -84.625, 1.6476221613769486e-23, nan 
-55.625, -84.625, 1.5279457666430977e-23, nan 
-55.375, -84.625, 1.4506276804592083e-23, nan 
-55.125, -84.625, 1.3575893516990347e-23, nan 
-54.875, -84.625, 1.263945110320491e-23, nan 
-54.625, -84.625, 9.245429510037139e-24, nan 
-54.375, -84.625, 5.571270527955967e-24, nan 
-54.125, -84.625, 4.113053102809427e-24, nan 
-53.875, -84.625, 4.139757348197013e-24, nan 
-53.625, -84.625, 3.2885704295931452e-24, nan 
-53.375, -84.625, 3.0961817909895332e-24, nan 
-53.125, -84.625, 2.4979543036024733e-24, nan 
-52.875, -84.625, 2.6412926677805745e-24, nan 
-52.625, -84.625, 2.5678743933580148e-24, nan 
-52.375, -84.625, 2.5497221442479143e-24, nan 
-52.125, -84.625, 2.456437240158277e-24, nan 
-51.875, -84.625, 2.6326678969385615e-24, nan 
-51.625, -84.625, 2.6193828046957567e-24, nan 
-51.375, -84.625, 2.043330063255414e-24, nan 
-51.125, -84.625, 2.0161130429651542e-24, nan 
-50.875, -84.625, 3.356398244337506e-24, nan 
-50.625, -84.625, 4.920288148293453e-24, nan 
-50.375, -84.625, 4.773255673245711e-24, nan 
-50.125, -84.625, 4.818595324016498e-24, nan 
-49.875, -84.625, 3.611509396700506e-24, nan 
-49.625, -84.625, 3.6323131183459434e-24, nan 
-49.375, -84.625, 3.397543253580654e-24, nan 
-49.125, -84.625, 3.96891645997626e-24, nan 
-48.875, -84.625, 3.716645515032649e-24, nan 
-48.625, -84.625, 3.609803546627865e-24, nan 
-48.375, -84.625, 3.191929034228079e-24, nan 
-48.125, -84.625, 2.387339136549558e-24, nan 
-47.875, -84.625, 2.3266539955542406e-24, nan 
-47.625, -84.625, 2.352524619717622e-24, nan 
-47.375, -84.625, 3.3251438680921064e-24, nan 
-47.125, -84.625, 3.696114044654354e-24, nan 
-46.875, -84.625, 4.0363081596319755e-24, nan 
-46.625, -84.625, 3.978535488195995e-24, nan 
-46.375, -84.625, 3.780025750088681e-24, nan 
-46.125, -84.625, 2.5810496001168443e-24, nan 
-45.875, -84.625, 2.3788842381982832e-24, nan 
-45.625, -84.625, 1.4581242423448323e-24, nan 
-45.375, -84.625, 1.5860276791396352e-24, nan 
-45.125, -84.625, 2.2191968247934563e-24, nan 
-44.875, -84.625, 4.512215797757415e-24, nan 
-44.625, -84.625, 7.528209492119673e-24, nan 
-44.375, -84.625, 1.1320104070257291e-23, nan 
-44.125, -84.625, 1.225916936993372e-23, nan 
-43.875, -84.625, 1.2455501736785558e-23, nan 
-43.625, -84.625, 1.2769874335458118e-23, nan 
-43.375, -84.625, 1.2678528760612439e-23, nan 
-43.125, -84.625, 1.1503491961011777e-23, nan 
-42.875, -84.625, 1.0251273852647224e-23, nan 
-42.625, -84.625, 1.0236533912279882e-23, nan 
-42.375, -84.625, 1.0346725282481995e-23, nan 
-42.125, -84.625, 1.0865481795411877e-23, nan 
-41.875, -84.625, 1.1427594048663161e-23, nan 
-41.625, -84.625, 1.2830905313680845e-23, nan 
-41.375, -84.625, 1.3072347358709321e-23, nan 
-41.125, -84.625, 1.2762841324335996e-23, nan 
-40.875, -84.625, 1.2602198782153545e-23, nan 
-40.625, -84.625, 1.2382161735135746e-23, nan 
-40.375, -84.625, 1.2447391215694204e-23, nan 
-40.125, -84.625, 1.0090908191037538e-23, nan 
-39.875, -84.625, 9.148934624400652e-24, nan 
-39.625, -84.625, 9.634130873422691e-24, nan 
-39.375, -84.625, 7.864954666524204e-24, nan 
-39.125, -84.625, 7.555151678786152e-24, nan 
-38.875, -84.625, 6.760452024786727e-24, nan 
-38.625, -84.625, 6.65429975057094e-24, nan 
-38.375, -84.625, 6.733908641185087e-24, nan 
-38.125, -84.625, 6.432979840532063e-24, nan 
-37.875, -84.625, 6.252088161427336e-24, nan 
-37.625, -84.625, 6.0322501461154156e-24, nan 
-37.375, -84.625, 6.1145572835719674e-24, nan 
-37.125, -84.625, 5.717216134699837e-24, nan 
-36.875, -84.625, 4.7654786320400715e-24, nan 
-36.625, -84.625, 4.325100152173188e-24, nan 
-36.375, -84.625, 4.6866264314153175e-24, nan 
-36.125, -84.625, 5.2615323807288634e-24, nan 
-35.875, -84.625, 5.309526916057566e-24, nan 
-35.625, -84.625, 5.14421550271108e-24, nan 
-35.375, -84.625, 5.348009638980576e-24, nan 
-35.125, -84.625, 5.618822773121755e-24, nan 
-34.875, -84.625, 5.840255628893358e-24, nan 
-34.625, -84.625, 6.766594885846143e-24, nan 
-34.375, -84.625, 7.420979545794418e-24, nan 
-34.125, -84.625, 7.69220053518385e-24, nan 
-33.875, -84.625, 7.874055163809972e-24, nan 
-33.625, -84.625, 8.04708406688049e-24, nan 
-33.375, -84.625, 8.368367845022841e-24, nan 
-33.125, -84.625, 8.658384996697319e-24, nan 
-32.875, -84.625, 8.479432392349334e-24, nan 
-32.625, -84.625, 8.390745227093205e-24, nan 
-32.375, -84.625, 8.237696168749054e-24, nan 
-32.125, -84.625, 8.281652001600188e-24, nan 
-31.875, -84.625, 8.04585977968249e-24, nan 
-31.625, -84.625, 9.117576816799072e-24, nan 
-31.375, -84.625, 1.0422545502983243e-23, nan 
-31.125, -84.625, 1.1112793047393472e-23, nan 
-30.875, -84.625, 1.1383320658977814e-23, nan 
-30.625, -84.625, 1.2181529900681529e-23, nan 
-30.375, -84.625, 1.2634214829208555e-23, nan 
-30.125, -84.625, 1.2828079976561244e-23, nan 
-29.875, -84.625, 1.2926091976714308e-23, nan 
-29.625, -84.625, 1.3041660595466574e-23, nan 
-29.375, -84.625, 1.3414414219293068e-23, nan 
-29.125, -84.625, 1.3846661708801213e-23, nan 
-28.875, -84.625, 1.4443983662324997e-23, nan 
-28.625, -84.625, 1.5162999988118256e-23, nan 
-28.375, -84.625, 1.575267095507127e-23, nan 
-28.125, -84.625, 1.540475303101435e-23, nan 
-27.875, -84.625, 1.6216848904355858e-23, nan 
-27.625, -84.625, 1.63908734257874e-23, nan 
-27.375, -84.625, 1.7108573573646756e-23, nan 
-27.125, -84.625, 1.7163177462652604e-23, nan 
-26.875, -84.625, 1.7252457942230435e-23, nan 
-26.625, -84.625, 1.7591252063836803e-23, nan 
-26.375, -84.625, 1.7690506107348703e-23, nan 
-26.125, -84.625, 1.5368425113374768e-23, nan 
-25.875, -84.625, 1.3834865568762488e-23, nan 
-25.625, -84.625, 1.2108976793766379e-23, nan 
-25.375, -84.625, 1.2896986843416434e-23, nan 
-25.125, -84.625, 1.196450216592636e-23, nan 
-24.875, -84.625, 1.1014954692855505e-23, nan 
-24.625, -84.625, 1.0741859109405961e-23, nan 
-24.375, -84.625, 1.0429750191645202e-23, nan 
-24.125, -84.625, 1.0541681961265294e-23, nan 
-23.875, -84.625, 1.2417509955711175e-23, nan 
-23.625, -84.625, 1.6188715734561544e-23, nan 
-23.375, -84.625, 1.7064993839606155e-23, nan 
-23.125, -84.625, 1.840207463593703e-23, nan 
-22.875, -84.625, 1.4999890278139394e-23, nan 
-22.625, -84.625, 1.4848430169044897e-23, nan 
-22.375, -84.625, 1.5129365607254316e-23, nan 
-22.125, -84.625, 1.586123951953301e-23, nan 
-21.875, -84.625, 1.6134141809833952e-23, nan 
-21.625, -84.625, 1.501530122959054e-23, nan 
-21.375, -84.625, 1.335829762597456e-23, nan 
-21.125, -84.625, 1.0918191541401449e-23, nan 
-20.875, -84.625, 1.5983041597278048e-23, nan 
-20.625, -84.625, 1.6960230749560176e-23, nan 
-20.375, -84.625, 1.9097632144242996e-23, nan 
-20.125, -84.625, 1.3876277277079925e-23, nan 
-19.875, -84.625, 1.7450557303953005e-23, nan 
-19.625, -84.625, 1.8504118973516095e-23, nan 
-19.375, -84.625, 2.0160065498642566e-23, nan 
-19.125, -84.625, 1.868344951706534e-23, nan 
-18.875, -84.625, 1.6145070719463968e-23, nan 
-18.625, -84.625, 1.5324191503345485e-23, nan 
-18.375, -84.625, 1.2713147961597647e-23, nan 
-18.125, -84.625, 1.228802241456089e-23, nan 
-17.875, -84.625, 1.3048156094662111e-23, nan 
-17.625, -84.625, 1.4316673675191263e-23, nan 
-17.375, -84.625, 1.195768453792923e-23, nan 
-17.125, -84.625, 1.2992162257268408e-23, nan 
-16.875, -84.625, 1.3642013133943254e-23, nan 
-16.625, -84.625, 1.627551415059923e-23, nan 
-16.375, -84.625, 1.398779679286549e-23, nan 
-16.125, -84.625, 1.0965656797886096e-23, nan 
-15.875, -84.625, 1.2242623122898938e-23, nan 
-15.625, -84.625, 1.2287327936741727e-23, nan 
-15.375, -84.625, 1.1608058795712253e-23, nan 
-15.125, -84.625, 1.0563113694060815e-23, nan 
-14.875, -84.625, 1.1015936425974721e-23, nan 
-14.625, -84.625, 1.5408097698254652e-23, nan 
-14.375, -84.625, 1.5454836468881933e-23, nan 
-14.125, -84.625, 1.2182974113328971e-23, nan 
-13.875, -84.625, 1.2474355005473675e-23, nan 
-13.625, -84.625, 1.3971510495899134e-23, nan 
-13.375, -84.625, 1.7317942428740494e-23, nan 
-13.125, -84.625, 1.4638142946100366e-23, nan 
-12.875, -84.625, 1.3033769064162551e-23, nan 
-12.625, -84.625, 1.3567602080559095e-23, nan 
-12.375, -84.625, 1.550313988057916e-23, nan 
-12.125, -84.625, 1.5787064614562513e-23, nan 
-11.875, -84.625, 1.526033148214159e-23, nan 
-11.625, -84.625, 1.4804809298296397e-23, nan 
-11.375, -84.625, 1.5306789403215972e-23, nan 
-11.125, -84.625, 1.4316866235423575e-23, nan 
-10.875, -84.625, 1.512581967190618e-23, nan 
-10.625, -84.625, 1.4406680987763625e-23, nan 
-10.375, -84.625, 2.61138101061388e-23, nan 
-10.125, -84.625, 2.6007506792255616e-23, nan 
-9.875, -84.625, 1.717700070668435e-23, nan 
-9.625, -84.625, 1.4642097144189763e-23, nan 
-9.375, -84.625, 1.5543799272096972e-23, nan 
-9.125, -84.625, 2.161442320948246e-23, nan 
-8.875, -84.625, 2.063925187130126e-23, nan 
-8.625, -84.625, 1.7673528073894188e-23, nan 
-8.375, -84.625, 1.8483262510656954e-23, nan 
-8.125, -84.625, 2.433469661852589e-23, nan 
-7.875, -84.625, 2.3377844273086176e-23, nan 
-7.625, -84.625, 2.2218540058808022e-23, nan 
-7.375, -84.625, 2.11857056094e-23, nan 
-7.125, -84.625, 2.3383827923115315e-23, nan 
-6.875, -84.625, 2.2634750435382678e-23, nan 
-6.625, -84.625, 2.1816621477879442e-23, nan 
-6.375, -84.625, 2.0295709761306277e-23, nan 
-6.125, -84.625, 2.6206757806306433e-23, nan 
-5.875, -84.625, 2.7744096916913326e-23, nan 
-5.625, -84.625, 2.77328970964275e-23, nan 
-5.375, -84.625, 2.3119163317669145e-23, nan 
-5.125, -84.625, 2.7196605918901756e-23, nan 
-4.875, -84.625, 2.905978131146297e-23, nan 
-4.625, -84.625, 2.8574765972913045e-23, nan 
-4.375, -84.625, 2.1870891425156612e-23, nan 
-4.125, -84.625, 2.2130960499150042e-23, nan 
-3.875, -84.625, 2.2194453008538652e-23, nan 
-3.625, -84.625, 1.9016064688103628e-23, nan 
-3.375, -84.625, 1.7133598314761004e-23, nan 
-3.125, -84.625, 1.6068551388275856e-23, nan 
-2.875, -84.625, 1.5873974148905864e-23, nan 
-2.625, -84.625, 1.5140442792667648e-23, nan 
-2.375, -84.625, 2.040803862058559e-23, nan 
-2.125, -84.625, 1.9707969955433643e-23, nan 
-1.875, -84.625, 2.0957656850627e-23, nan 
-1.625, -84.625, 2.3682851249586587e-23, nan 
-1.375, -84.625, 2.642955012728116e-23, nan 
-1.125, -84.625, 2.973269597174573e-23, nan 
-0.875, -84.625, 3.242969162500936e-23, nan 
-0.625, -84.625, 3.406947311247891e-23, nan 
-0.375, -84.625, 3.383166764919763e-23, nan 
-0.125, -84.625, 3.388454776699602e-23, nan 
0.125, -84.625, 3.63209436245855e-23, nan 
0.375, -84.625, 3.80496885837384e-23, nan 
0.625, -84.625, 3.971008231704016e-23, nan 
0.875, -84.625, 3.5509189896297804e-23, nan 
1.125, -84.625, 3.412820297556138e-23, nan 
1.375, -84.625, 3.556600588991893e-23, nan 
1.625, -84.625, 3.3382771104721665e-23, nan 
1.875, -84.625, 3.1690337550706854e-23, nan 
2.125, -84.625, 3.162611322766841e-23, nan 
2.375, -84.625, 2.8616046422482387e-23, nan 
2.625, -84.625, 2.4624622451226077e-23, nan 
2.875, -84.625, 1.8590420649748573e-23, nan 
3.125, -84.625, 1.024359550302039e-23, nan 
3.375, -84.625, 8.881852817108722e-24, nan 
3.625, -84.625, 9.41259258924679e-24, nan 
3.875, -84.625, 1.0087396441005111e-23, nan 
4.125, -84.625, 1.0247937951157442e-23, nan 
-107.875, -84.375, 1.96504929707132e-24, nan 
-107.625, -84.375, 1.2250023712696736e-24, nan 
-107.375, -84.375, 1.5567870790199457e-24, nan 
-107.125, -84.375, 1.1822347734442608e-24, nan 
-106.875, -84.375, 1.0483015422423033e-24, nan 
-106.625, -84.375, 7.427282028710443e-25, nan 
-106.375, -84.375, 6.732770233116072e-25, nan 
-106.125, -84.375, 5.397125470587773e-25, nan 
-105.875, -84.375, 4.9632600228673e-25, nan 
-105.625, -84.375, 4.061498261859021e-25, nan 
-105.375, -84.375, 4.542523560254806e-25, nan 
-105.125, -84.375, 4.886883516522499e-25, nan 
-104.875, -84.375, 5.173097075364819e-25, nan 
-104.625, -84.375, 5.171282995075397e-25, nan 
-104.375, -84.375, 4.720837345838686e-25, nan 
-104.125, -84.375, 4.58484501022755e-25, nan 
-103.875, -84.375, 4.51615232369078e-25, nan 
-103.625, -84.375, 4.626161755591451e-25, nan 
-103.375, -84.375, 5.1034194501476855e-25, nan 
-103.125, -84.375, 5.876056506916105e-25, nan 
-102.875, -84.375, 5.917804532387923e-25, nan 
-102.625, -84.375, 5.796855831560905e-25, nan 
-102.375, -84.375, 5.907783238302711e-25, nan 
-102.125, -84.375, 5.918851611831279e-25, nan 
-101.875, -84.375, 6.038274214538237e-25, nan 
-101.625, -84.375, 5.625499296972568e-25, nan 
-101.375, -84.375, 5.480361464017148e-25, nan 
-101.125, -84.375, 5.57954148437622e-25, nan 
-100.875, -84.375, 5.909046844238408e-25, nan 
-100.625, -84.375, 4.901172363129405e-25, nan 
-100.375, -84.375, 5.195365911717848e-25, nan 
-100.125, -84.375, 5.804207262697418e-25, nan 
-99.875, -84.375, 6.402194090636325e-25, nan 
-99.625, -84.375, 6.859704475067507e-25, nan 
-99.375, -84.375, 7.608501619445328e-25, nan 
-99.125, -84.375, 9.404462218820275e-25, nan 
-98.875, -84.375, 1.2186811042963826e-24, nan 
-98.625, -84.375, 1.508913993529292e-24, nan 
-98.375, -84.375, 1.6101617009565509e-24, nan 
-98.125, -84.375, 1.6709004217963488e-24, nan 
-97.875, -84.375, 1.686446267168061e-24, nan 
-97.625, -84.375, 2.0785756710754484e-24, nan 
-97.375, -84.375, 2.8289115370842962e-24, nan 
-97.125, -84.375, 2.6619466520601895e-24, nan 
-96.875, -84.375, 2.60184226782075e-24, nan 
-96.625, -84.375, 2.3885563112282866e-24, nan 
-96.375, -84.375, 2.1020801655760764e-24, nan 
-96.125, -84.375, 1.8814797712237233e-24, nan 
-95.875, -84.375, 2.0053655713052732e-24, nan 
-95.625, -84.375, 2.0359582447416423e-24, nan 
-95.375, -84.375, 1.926204546811425e-24, nan 
-95.125, -84.375, 1.8063742778662863e-24, nan 
-94.875, -84.375, 1.6820254929266204e-24, nan 
-94.625, -84.375, 1.5253228686741207e-24, nan 
-94.375, -84.375, 1.6901474211544714e-24, nan 
-94.125, -84.375, 1.9937942952282187e-24, nan 
-93.875, -84.375, 1.8549610433814844e-24, nan 
-93.625, -84.375, 1.7001472525082823e-24, nan 
-93.375, -84.375, 1.7214240463495558e-24, nan 
-93.125, -84.375, 2.899865531066925e-24, nan 
-92.875, -84.375, 3.066658876454906e-24, nan 
-92.625, -84.375, 2.7321645364127026e-24, nan 
-92.375, -84.375, 2.4774874368507624e-24, nan 
-92.125, -84.375, 2.1612164689647344e-24, nan 
-91.875, -84.375, 1.8799913025953546e-24, nan 
-91.625, -84.375, 1.7001808726824638e-24, nan 
-91.375, -84.375, 1.9576372255277425e-24, nan 
-91.125, -84.375, 2.1027247479111268e-24, nan 
-90.875, -84.375, 2.161887890277452e-24, nan 
-90.625, -84.375, 2.409261406697218e-24, nan 
-90.375, -84.375, 3.0019650519077597e-24, nan 
-90.125, -84.375, 3.1728402786888808e-24, nan 
-89.875, -84.375, 3.079733334735865e-24, nan 
-89.625, -84.375, 2.9014367544539115e-24, nan 
-89.375, -84.375, 2.630618157891328e-24, nan 
-89.125, -84.375, 2.3263327145706857e-24, nan 
-88.875, -84.375, 1.9421308768598513e-24, nan 
-88.625, -84.375, 1.5505813639062806e-24, nan 
-88.375, -84.375, 1.3683332758441206e-24, nan 
-88.125, -84.375, 1.501204569850739e-24, nan 
-87.875, -84.375, 1.8736532637662607e-24, nan 
-87.625, -84.375, 1.4690440522613742e-24, nan 
-87.375, -84.375, 2.7380269256356156e-24, nan 
-87.125, -84.375, 3.8144264647855634e-24, nan 
-86.875, -84.375, 3.8380769965830665e-24, nan 
-86.625, -84.375, 2.785442199320031e-24, nan 
-86.375, -84.375, 2.788727193411911e-24, nan 
-86.125, -84.375, 3.671885124678068e-24, nan 
-85.875, -84.375, 3.44402318854329e-24, nan 
-85.625, -84.375, 3.0821881853499e-24, nan 
-85.375, -84.375, 2.977595223479165e-24, nan 
-85.125, -84.375, 3.110607885286096e-24, nan 
-84.875, -84.375, 3.072120325563583e-24, nan 
-84.625, -84.375, 4.5068646765831284e-24, nan 
-84.375, -84.375, 6.137660664386646e-24, nan 
-84.125, -84.375, 6.1413203076316506e-24, nan 
-83.875, -84.375, 4.524905939292645e-24, nan 
-83.625, -84.375, 4.574183448126526e-24, nan 
-83.375, -84.375, 6.2897461926634726e-24, nan 
-83.125, -84.375, 6.428098709251912e-24, nan 
-82.875, -84.375, 7.169986282939937e-24, nan 
-82.625, -84.375, 7.664509223488249e-24, nan 
-82.375, -84.375, 8.065147478648201e-24, nan 
-82.125, -84.375, 7.69363476538172e-24, nan 
-81.875, -84.375, 6.3916403731194134e-24, nan 
-81.625, -84.375, 6.188360089547849e-24, nan 
-81.375, -84.375, 5.91180953299338e-24, nan 
-81.125, -84.375, 5.626171335630052e-24, nan 
-80.875, -84.375, 6.102489413175922e-24, nan 
-80.625, -84.375, 6.282171479503342e-24, nan 
-80.375, -84.375, 5.467681884919992e-24, nan 
-80.125, -84.375, 5.942718240034336e-24, nan 
-79.875, -84.375, 6.62234589410644e-24, nan 
-79.625, -84.375, 7.133257567356187e-24, nan 
-79.375, -84.375, 7.142953617422132e-24, nan 
-79.125, -84.375, 6.407014341802775e-24, nan 
-78.875, -84.375, 6.052480513191973e-24, nan 
-78.625, -84.375, 5.92283314203079e-24, nan 
-78.375, -84.375, 5.9008307263583996e-24, nan 
-78.125, -84.375, 6.320857672317409e-24, nan 
-77.875, -84.375, 6.45687131597293e-24, nan 
-77.625, -84.375, 5.930811472954581e-24, nan 
-77.375, -84.375, 5.310965214734471e-24, nan 
-77.125, -84.375, 5.317877848906177e-24, nan 
-76.875, -84.375, 5.646635461476753e-24, nan 
-76.625, -84.375, 6.108663390886006e-24, nan 
-76.375, -84.375, 4.965577162511355e-24, nan 
-76.125, -84.375, 4.221998925991661e-24, nan 
-75.875, -84.375, 4.62544382243988e-24, nan 
-75.625, -84.375, 4.75460635838047e-24, nan 
-75.375, -84.375, 4.9272415919274574e-24, nan 
-75.125, -84.375, 4.7888146801359055e-24, nan 
-74.875, -84.375, 5.088330520469081e-24, nan 
-74.625, -84.375, 5.320798681038895e-24, nan 
-74.375, -84.375, 5.414909897347261e-24, nan 
-74.125, -84.375, 5.649141422285348e-24, nan 
-73.875, -84.375, 5.962905127344501e-24, nan 
-73.625, -84.375, 5.648872820937957e-24, nan 
-73.375, -84.375, 5.662879413231161e-24, nan 
-73.125, -84.375, 3.516339427841828e-24, nan 
-72.875, -84.375, 2.448734878497166e-24, nan 
-72.625, -84.375, 2.234502799556857e-24, nan 
-72.375, -84.375, 1.8332019378029876e-24, nan 
-72.125, -84.375, 1.4791782439175196e-24, nan 
-71.875, -84.375, 1.2342394934758754e-24, nan 
-71.625, -84.375, 1.3242390906960094e-24, nan 
-71.375, -84.375, 1.6031930130481088e-24, nan 
-71.125, -84.375, 1.7350216755110058e-24, nan 
-70.875, -84.375, 1.7912432163792436e-24, nan 
-70.625, -84.375, 1.8420770156530685e-24, nan 
-70.375, -84.375, 2.0136311693228514e-24, nan 
-70.125, -84.375, 2.0970936681373596e-24, nan 
-69.875, -84.375, 2.1737789472373033e-24, nan 
-69.625, -84.375, 2.213932522128823e-24, nan 
-69.375, -84.375, 2.261481522122324e-24, nan 
-69.125, -84.375, 2.2588905513427397e-24, nan 
-68.875, -84.375, 2.1109742749100885e-24, nan 
-68.625, -84.375, 2.2775446071108055e-24, nan 
-68.375, -84.375, 2.167311681519349e-24, nan 
-68.125, -84.375, 2.0986921541628792e-24, nan 
-67.875, -84.375, 2.0031108086755723e-24, nan 
-67.625, -84.375, 2.1327189282666703e-24, nan 
-67.375, -84.375, 2.1316433394376258e-24, nan 
-67.125, -84.375, 2.0531805352363475e-24, nan 
-66.875, -84.375, 1.9823298256734033e-24, nan 
-66.625, -84.375, 1.9828335627462504e-24, nan 
-66.375, -84.375, 1.890863178026465e-24, nan 
-66.125, -84.375, 1.7386804552951773e-24, nan 
-65.875, -84.375, 1.4983439035078368e-24, nan 
-65.625, -84.375, 1.4375364729191574e-24, nan 
-65.375, -84.375, 1.3976047464856823e-24, nan 
-65.125, -84.375, 1.46615535385899e-24, nan 
-64.875, -84.375, 1.8280771119972574e-24, nan 
-64.625, -84.375, 1.934513703480882e-24, nan 
-64.375, -84.375, 1.575457940171713e-24, nan 
-64.125, -84.375, 1.1039329650889788e-24, nan 
-63.875, -84.375, 1.3635821304779643e-24, nan 
-63.625, -84.375, 1.5858051418821644e-24, nan 
-63.375, -84.375, 1.8235401733649455e-24, nan 
-63.125, -84.375, 2.156153813104954e-24, nan 
-62.875, -84.375, 2.7585627536356706e-24, nan 
-62.625, -84.375, 3.1224381971503464e-24, nan 
-62.375, -84.375, 3.0134122286150982e-24, nan 
-62.125, -84.375, 3.181171379745265e-24, nan 
-61.875, -84.375, 3.660480077733164e-24, nan 
-61.625, -84.375, 3.934369193415949e-24, nan 
-61.375, -84.375, 3.783490984455794e-24, nan 
-61.125, -84.375, 3.575103056010154e-24, nan 
-60.875, -84.375, 3.714290031767169e-24, nan 
-60.625, -84.375, 4.2537940290052334e-24, nan 
-60.375, -84.375, 4.2934446713106834e-24, nan 
-60.125, -84.375, 4.473973056548252e-24, nan 
-59.875, -84.375, 4.299352788536158e-24, nan 
-59.625, -84.375, 4.024504692082819e-24, nan 
-59.375, -84.375, 4.0096455333497746e-24, nan 
-59.125, -84.375, 3.5785337760058226e-24, nan 
-58.875, -84.375, 3.355787449187707e-24, nan 
-58.625, -84.375, 5.524776031575566e-24, nan 
-58.375, -84.375, 8.327310358339243e-24, nan 
-58.125, -84.375, 1.0765994523945185e-23, nan 
-57.875, -84.375, 1.265809976950978e-23, nan 
-57.625, -84.375, 1.3548544364785912e-23, nan 
-57.375, -84.375, 1.5819005061687918e-23, nan 
-57.125, -84.375, 1.8758987252873748e-23, nan 
-56.875, -84.375, 2.028580142726006e-23, nan 
-56.625, -84.375, 1.9688699676916526e-23, nan 
-56.375, -84.375, 1.8861117830512543e-23, nan 
-56.125, -84.375, 1.595255970248823e-23, nan 
-55.875, -84.375, 1.485293799893997e-23, nan 
-55.625, -84.375, 1.4904408823065864e-23, nan 
-55.375, -84.375, 1.5461552407657077e-23, nan 
-55.125, -84.375, 1.6563533783123498e-23, nan 
-54.875, -84.375, 1.5975134685684186e-23, nan 
-54.625, -84.375, 1.579972729357698e-23, nan 
-54.375, -84.375, 1.5186177756606326e-23, nan 
-54.125, -84.375, 1.467250602904417e-23, nan 
-53.875, -84.375, 1.4141363870279276e-23, nan 
-53.625, -84.375, 1.3519410147758374e-23, nan 
-53.375, -84.375, 1.155635224102295e-23, nan 
-53.125, -84.375, 9.285333726903371e-24, nan 
-52.875, -84.375, 6.794413128899615e-24, nan 
-52.625, -84.375, 4.835704185628535e-24, nan 
-52.375, -84.375, 4.181326686638224e-24, nan 
-52.125, -84.375, 4.265538120630588e-24, nan 
-51.875, -84.375, 4.092375561191921e-24, nan 
-51.625, -84.375, 3.925099403197e-24, nan 
-51.375, -84.375, 4.6059413461634145e-24, nan 
-51.125, -84.375, 4.980232284902322e-24, nan 
-50.875, -84.375, 4.6990893832294695e-24, nan 
-50.625, -84.375, 7.202204438543327e-24, nan 
-50.375, -84.375, 7.444566174026866e-24, nan 
-50.125, -84.375, 7.69573257758674e-24, nan 
-49.875, -84.375, 6.72636901667402e-24, nan 
-49.625, -84.375, 6.98436549798725e-24, nan 
-49.375, -84.375, 6.789400910730133e-24, nan 
-49.125, -84.375, 6.786749767861815e-24, nan 
-48.875, -84.375, 6.165495464232768e-24, nan 
-48.625, -84.375, 6.0955897151755455e-24, nan 
-48.375, -84.375, 5.966793254141276e-24, nan 
-48.125, -84.375, 6.156218880282113e-24, nan 
-47.875, -84.375, 7.794113424102613e-24, nan 
-47.625, -84.375, 8.953048064131841e-24, nan 
-47.375, -84.375, 1.068066038310316e-23, nan 
-47.125, -84.375, 1.2476892376549462e-23, nan 
-46.875, -84.375, 1.2743732049281828e-23, nan 
-46.625, -84.375, 1.2691472053320626e-23, nan 
-46.375, -84.375, 1.3133199640174135e-23, nan 
-46.125, -84.375, 1.2663980057423443e-23, nan 
-45.875, -84.375, 1.0648119970315841e-23, nan 
-45.625, -84.375, 9.163372673072342e-24, nan 
-45.375, -84.375, 8.104701763125483e-24, nan 
-45.125, -84.375, 6.227537140902319e-24, nan 
-44.875, -84.375, 6.836868883911249e-24, nan 
-44.625, -84.375, 1.1895522365851215e-23, nan 
-44.375, -84.375, 1.8041698365393962e-23, nan 
-44.125, -84.375, 1.9032126060077936e-23, nan 
-43.875, -84.375, 1.8234610346395217e-23, nan 
-43.625, -84.375, 1.909029284850435e-23, nan 
-43.375, -84.375, 1.9114097562452705e-23, nan 
-43.125, -84.375, 1.5138286208996046e-23, nan 
-42.875, -84.375, 1.448032497812866e-23, nan 
-42.625, -84.375, 1.4520933407383196e-23, nan 
-42.375, -84.375, 1.2686740715110015e-23, nan 
-42.125, -84.375, 1.205696866456097e-23, nan 
-41.875, -84.375, 1.2201005119556203e-23, nan 
-41.625, -84.375, 1.4632114048646636e-23, nan 
-41.375, -84.375, 1.5125635290191493e-23, nan 
-41.125, -84.375, 1.5305318920938777e-23, nan 
-40.875, -84.375, 1.5614233966131396e-23, nan 
-40.625, -84.375, 1.5925558411282266e-23, nan 
-40.375, -84.375, 1.5644937622337795e-23, nan 
-40.125, -84.375, 1.5163614548623078e-23, nan 
-39.875, -84.375, 1.5536094267913546e-23, nan 
-39.625, -84.375, 1.5159114330115427e-23, nan 
-39.375, -84.375, 1.5658092091414724e-23, nan 
-39.125, -84.375, 1.570247985907686e-23, nan 
-38.875, -84.375, 1.532722849030577e-23, nan 
-38.625, -84.375, 1.4527711535887098e-23, nan 
-38.375, -84.375, 1.4329298654407142e-23, nan 
-38.125, -84.375, 1.490991353110091e-23, nan 
-37.875, -84.375, 1.5470934062371527e-23, nan 
-37.625, -84.375, 1.490473614733545e-23, nan 
-37.375, -84.375, 1.4068280573105317e-23, nan 
-37.125, -84.375, 1.4006372177624497e-23, nan 
-36.875, -84.375, 1.4374025313793963e-23, nan 
-36.625, -84.375, 1.3639611815791544e-23, nan 
-36.375, -84.375, 1.3163962525134883e-23, nan 
-36.125, -84.375, 1.2225417832081919e-23, nan 
-35.875, -84.375, 1.24534257595781e-23, nan 
-35.625, -84.375, 1.1365650242958987e-23, nan 
-35.375, -84.375, 9.950610920049153e-24, nan 
-35.125, -84.375, 9.19633096922683e-24, nan 
-34.875, -84.375, 8.978051430944696e-24, nan 
-34.625, -84.375, 7.690678474223543e-24, nan 
-34.375, -84.375, 6.922996073511218e-24, nan 
-34.125, -84.375, 7.488603518983124e-24, nan 
-33.875, -84.375, 8.231762802991576e-24, nan 
-33.625, -84.375, 8.234115578390415e-24, nan 
-33.375, -84.375, 7.89120256829717e-24, nan 
-33.125, -84.375, 8.408096818255023e-24, nan 
-32.875, -84.375, 8.878628006919024e-24, nan 
-32.625, -84.375, 8.94305639540867e-24, nan 
-32.375, -84.375, 8.83932961027009e-24, nan 
-32.125, -84.375, 9.064113818713766e-24, nan 
-31.875, -84.375, 8.012611558783813e-24, nan 
-31.625, -84.375, 8.529114501003813e-24, nan 
-31.375, -84.375, 8.642279794167899e-24, nan 
-31.125, -84.375, 9.15144945534175e-24, nan 
-30.875, -84.375, 9.52726683111227e-24, nan 
-30.625, -84.375, 1.0023531325551714e-23, nan 
-30.375, -84.375, 1.0503596328902119e-23, nan 
-30.125, -84.375, 1.0712253354662746e-23, nan 
-29.875, -84.375, 1.0624964412744074e-23, nan 
-29.625, -84.375, 1.098743749086559e-23, nan 
-29.375, -84.375, 1.1891847214014947e-23, nan 
-29.125, -84.375, 1.2494392438582838e-23, nan 
-28.875, -84.375, 1.4109465220153218e-23, nan 
-28.625, -84.375, 1.5102115770900575e-23, nan 
-28.375, -84.375, 1.6299824188563938e-23, nan 
-28.125, -84.375, 1.6640422956854563e-23, nan 
-27.875, -84.375, 1.6577320582296868e-23, nan 
-27.625, -84.375, 1.648492828277543e-23, nan 
-27.375, -84.375, 1.7247024565615104e-23, nan 
-27.125, -84.375, 1.7356369854379602e-23, nan 
-26.875, -84.375, 1.7528705919294283e-23, nan 
-26.625, -84.375, 1.8059445619196817e-23, nan 
-26.375, -84.375, 1.808411469777748e-23, nan 
-26.125, -84.375, 1.655813079763729e-23, nan 
-25.875, -84.375, 1.740152469713487e-23, nan 
-25.625, -84.375, 1.5778211777344348e-23, nan 
-25.375, -84.375, 1.5391263979222588e-23, nan 
-25.125, -84.375, 1.5249097432455365e-23, nan 
-24.875, -84.375, 1.5207899306205463e-23, nan 
-24.625, -84.375, 1.5128221323953082e-23, nan 
-24.375, -84.375, 1.5176344426521108e-23, nan 
-24.125, -84.375, 1.5004784014582523e-23, nan 
-23.875, -84.375, 1.516184498526192e-23, nan 
-23.625, -84.375, 1.4422087527444713e-23, nan 
-23.375, -84.375, 1.403171944616847e-23, nan 
-23.125, -84.375, 1.4330984051479117e-23, nan 
-22.875, -84.375, 1.5129413608188962e-23, nan 
-22.625, -84.375, 1.6459070689333804e-23, nan 
-22.375, -84.375, 1.5917539049935462e-23, nan 
-22.125, -84.375, 1.5628760935854986e-23, nan 
-21.875, -84.375, 1.8114814042605405e-23, nan 
-21.625, -84.375, 1.991274759076072e-23, nan 
-21.375, -84.375, 1.8061980205084294e-23, nan 
-21.125, -84.375, 1.2459691752436902e-23, nan 
-20.875, -84.375, 7.169792755760067e-24, nan 
-20.625, -84.375, 9.964801071005467e-24, nan 
-20.375, -84.375, 9.21446820435071e-24, nan 
-20.125, -84.375, 9.627941611828595e-24, nan 
-19.875, -84.375, 1.0249263253793289e-23, nan 
-19.625, -84.375, 1.0826167299678487e-23, nan 
-19.375, -84.375, 1.019630010216658e-23, nan 
-19.125, -84.375, 1.2191106866729075e-23, nan 
-18.875, -84.375, 1.3178061960838014e-23, nan 
-18.625, -84.375, 1.5243461419899637e-23, nan 
-18.375, -84.375, 1.745544533649925e-23, nan 
-18.125, -84.375, 1.950306448420469e-23, nan 
-17.875, -84.375, 1.917793774676841e-23, nan 
-17.625, -84.375, 1.8982123759518594e-23, nan 
-17.375, -84.375, 1.9774556162383177e-23, nan 
-17.125, -84.375, 1.9921840491989385e-23, nan 
-16.875, -84.375, 1.9819075097100493e-23, nan 
-16.625, -84.375, 1.9975486115633649e-23, nan 
-16.375, -84.375, 2.3210846600459565e-23, nan 
-16.125, -84.375, 2.4126326667325144e-23, nan 
-15.875, -84.375, 2.3771159746343414e-23, nan 
-15.625, -84.375, 1.947213025738106e-23, nan 
-15.375, -84.375, 1.9481510895994394e-23, nan 
-15.125, -84.375, 2.0414082363979153e-23, nan 
-14.875, -84.375, 1.907743614064265e-23, nan 
-14.625, -84.375, 1.9051385908719892e-23, nan 
-14.375, -84.375, 1.9185745630772839e-23, nan 
-14.125, -84.375, 1.918635056570283e-23, nan 
-13.875, -84.375, 1.9798631470173238e-23, nan 
-13.625, -84.375, 1.8833277050170724e-23, nan 
-13.375, -84.375, 2.107766194559212e-23, nan 
-13.125, -84.375, 2.4280067176675738e-23, nan 
-12.875, -84.375, 2.637190290250842e-23, nan 
-12.625, -84.375, 2.031186871967797e-23, nan 
-12.375, -84.375, 2.096524528265069e-23, nan 
-12.125, -84.375, 2.1990203576203172e-23, nan 
-11.875, -84.375, 2.4352951249891408e-23, nan 
-11.625, -84.375, 2.4907198040141032e-23, nan 
-11.375, -84.375, 2.3854511960109374e-23, nan 
-11.125, -84.375, 2.493062128205106e-23, nan 
-10.875, -84.375, 2.770762959196463e-23, nan 
-10.625, -84.375, 2.804034728990095e-23, nan 
-10.375, -84.375, 3.159863093884963e-23, nan 
-10.125, -84.375, 3.2222811574267993e-23, nan 
-9.875, -84.375, 2.5423614196206837e-23, nan 
-9.625, -84.375, 2.797795321685682e-23, nan 
-9.375, -84.375, 2.6621265165492075e-23, nan 
-9.125, -84.375, 2.67642723341726e-23, nan 
-8.875, -84.375, 2.5959772937171233e-23, nan 
-8.625, -84.375, 2.655373922027107e-23, nan 
-8.375, -84.375, 2.495754177830903e-23, nan 
-8.125, -84.375, 2.754388258690323e-23, nan 
-7.875, -84.375, 2.572300673758441e-23, nan 
-7.625, -84.375, 2.3074601875617315e-23, nan 
-7.375, -84.375, 2.3364394649634434e-23, nan 
-7.125, -84.375, 2.4831421397007152e-23, nan 
-6.875, -84.375, 2.5249794755780377e-23, nan 
-6.625, -84.375, 2.3709168574823924e-23, nan 
-6.375, -84.375, 2.525473979267391e-23, nan 
-6.125, -84.375, 3.0545176729928985e-23, nan 
-5.875, -84.375, 3.449719501805534e-23, nan 
-5.625, -84.375, 3.4653785050071776e-23, nan 
-5.375, -84.375, 3.048565852170652e-23, nan 
-5.125, -84.375, 3.132660205529589e-23, nan 
-4.875, -84.375, 3.4198562243789155e-23, nan 
-4.625, -84.375, 3.3457167549316274e-23, nan 
-4.375, -84.375, 2.996095833986183e-23, nan 
-4.125, -84.375, 3.0613746025721955e-23, nan 
-3.875, -84.375, 3.147742760620377e-23, nan 
-3.625, -84.375, 3.438124575004228e-23, nan 
-3.375, -84.375, 3.879362784394646e-23, nan 
-3.125, -84.375, 3.94130851872484e-23, nan 
-2.875, -84.375, 3.9817102727732264e-23, nan 
-2.625, -84.375, 4.0947750055364144e-23, nan 
-2.375, -84.375, 3.6748519455523243e-23, nan 
-2.125, -84.375, 3.98314535799414e-23, nan 
-1.875, -84.375, 3.896261123685572e-23, nan 
-1.625, -84.375, 3.2915034271334615e-23, nan 
-1.375, -84.375, 3.262995143394873e-23, nan 
-1.125, -84.375, 3.3876638734415536e-23, nan 
-0.875, -84.375, 3.78982162870317e-23, nan 
-0.625, -84.375, 4.0835645497239135e-23, nan 
-0.375, -84.375, 4.128567188494638e-23, nan 
-0.125, -84.375, 4.235973173826578e-23, nan 
0.125, -84.375, 4.87945173597075e-23, nan 
0.375, -84.375, 5.2429165436506936e-23, nan 
0.625, -84.375, 5.561333216254963e-23, nan 
0.875, -84.375, 5.0556372355640216e-23, nan 
1.125, -84.375, 4.4767245781684977e-23, nan 
1.375, -84.375, 4.576384612454455e-23, nan 
1.625, -84.375, 4.232605537752318e-23, nan 
1.875, -84.375, 4.0686942292902865e-23, nan 
2.125, -84.375, 4.068878104376052e-23, nan 
2.375, -84.375, 3.8692205173249607e-23, nan 
2.625, -84.375, 3.6265684480333313e-23, nan 
2.875, -84.375, 3.740933482549482e-23, nan 
3.125, -84.375, 4.423461791359293e-23, nan 
3.375, -84.375, 4.590884203790123e-23, nan 
3.625, -84.375, 4.5082894690988584e-23, nan 
3.875, -84.375, 4.285916721630584e-23, nan 
4.125, -84.375, 4.490954706167337e-23, nan 
4.375, -84.375, 4.3531220950739546e-23, nan 
4.625, -84.375, 4.424638470515952e-23, nan 
4.875, -84.375, 4.512806192515567e-23, nan 
5.125, -84.375, 4.6192555400461636e-23, nan 
5.375, -84.375, 4.453898055089956e-23, nan 
-108.875, -84.125, 5.9261261622935876e-24, nan 
-108.625, -84.125, 6.275806002143803e-24, nan 
-108.375, -84.125, 7.315022237966497e-24, nan 
-108.125, -84.125, 4.8378130912022564e-24, nan 
-107.875, -84.125, 3.530282395427521e-24, nan 
-107.625, -84.125, 4.1204389159807875e-24, nan 
-107.375, -84.125, 3.954246955219831e-24, nan 
-107.125, -84.125, 4.253687168413883e-24, nan 
-106.875, -84.125, 4.278729807943221e-24, nan 
-106.625, -84.125, 4.8256714551658476e-24, nan 
-106.375, -84.125, 5.296218185242706e-24, nan 
-106.125, -84.125, 6.152291593517936e-24, nan 
-105.875, -84.125, 5.30549843699455e-24, nan 
-105.625, -84.125, 4.709021572755315e-24, nan 
-105.375, -84.125, 4.4135653751444775e-24, nan 
-105.125, -84.125, 4.55050898795312e-24, nan 
-104.875, -84.125, 4.4633442724340205e-24, nan 
-104.625, -84.125, 3.860961766727956e-24, nan 
-104.375, -84.125, 2.1435270555762625e-24, nan 
-104.125, -84.125, 9.829372885028646e-25, nan 
-103.875, -84.125, 6.313092918279843e-25, nan 
-103.625, -84.125, 4.765370149946916e-25, nan 
-103.375, -84.125, 3.8233444607173836e-25, nan 
-103.125, -84.125, 3.5611964644665062e-25, nan 
-102.875, -84.125, 3.2906607320142065e-25, nan 
-102.625, -84.125, 2.9001544095136535e-25, nan 
-102.375, -84.125, 2.5104710889087765e-25, nan 
-102.125, -84.125, 2.1203928215884713e-25, nan 
-101.875, -84.125, 2.109403115090286e-25, nan 
-101.625, -84.125, 3.238709423568157e-25, nan 
-101.375, -84.125, 3.5010456523715855e-25, nan 
-101.125, -84.125, 4.245488090468136e-25, nan 
-100.875, -84.125, 4.0263424953267664e-25, nan 
-100.625, -84.125, 4.431977600621706e-25, nan 
-100.375, -84.125, 5.230366151993828e-25, nan 
-100.125, -84.125, 5.966429349066571e-25, nan 
-99.875, -84.125, 6.053767578527931e-25, nan 
-99.625, -84.125, 6.125807472030672e-25, nan 
-99.375, -84.125, 6.07100011762091e-25, nan 
-99.125, -84.125, 6.108892610129609e-25, nan 
-98.875, -84.125, 6.134860135234306e-25, nan 
-98.625, -84.125, 6.162808132902858e-25, nan 
-98.375, -84.125, 6.0038556177098145e-25, nan 
-98.125, -84.125, 6.0311466515144185e-25, nan 
-97.875, -84.125, 6.310753653368398e-25, nan 
-97.625, -84.125, 6.502481659579458e-25, nan 
-97.375, -84.125, 6.8882984093139315e-25, nan 
-97.125, -84.125, 7.431018849443121e-25, nan 
-96.875, -84.125, 8.083352094960541e-25, nan 
-96.625, -84.125, 8.993176453461025e-25, nan 
-96.375, -84.125, 1.1144839426816129e-24, nan 
-96.125, -84.125, 1.4355923224977345e-24, nan 
-95.875, -84.125, 1.657736322273697e-24, nan 
-95.625, -84.125, 1.7430908408974276e-24, nan 
-95.375, -84.125, 1.7471149343056493e-24, nan 
-95.125, -84.125, 1.6613576031804573e-24, nan 
-94.875, -84.125, 1.5324613576692373e-24, nan 
-94.625, -84.125, 1.3706965358259314e-24, nan 
-94.375, -84.125, 1.2991953415146071e-24, nan 
-94.125, -84.125, 1.2183826681040927e-24, nan 
-93.875, -84.125, 1.1934659005678578e-24, nan 
-93.625, -84.125, 1.1530054761987241e-24, nan 
-93.375, -84.125, 1.2003137027947988e-24, nan 
-93.125, -84.125, 1.2576630132934155e-24, nan 
-92.875, -84.125, 1.2432024674418664e-24, nan 
-92.625, -84.125, 1.1891222338501343e-24, nan 
-92.375, -84.125, 1.1229395183221254e-24, nan 
-92.125, -84.125, 1.1412635235314804e-24, nan 
-91.875, -84.125, 1.1453822383133075e-24, nan 
-91.625, -84.125, 1.4572650788198476e-24, nan 
-91.375, -84.125, 1.8485409976209677e-24, nan 
-91.125, -84.125, 1.9238111556008016e-24, nan 
-90.875, -84.125, 1.7055668522128396e-24, nan 
-90.625, -84.125, 1.7043987553435953e-24, nan 
-90.375, -84.125, 2.271676736509956e-24, nan 
-90.125, -84.125, 2.3006157984264766e-24, nan 
-89.875, -84.125, 2.1497572061900473e-24, nan 
-89.625, -84.125, 1.9915465386552526e-24, nan 
-89.375, -84.125, 1.7505214747875488e-24, nan 
-89.125, -84.125, 1.777391881441602e-24, nan 
-88.875, -84.125, 1.8221634851020577e-24, nan 
-88.625, -84.125, 1.7468161676252695e-24, nan 
-88.375, -84.125, 1.779839567356807e-24, nan 
-88.125, -84.125, 1.8428991615284486e-24, nan 
-87.875, -84.125, 2.1184602246219993e-24, nan 
-87.625, -84.125, 1.971665085747597e-24, nan 
-87.375, -84.125, 1.999537780881981e-24, nan 
-87.125, -84.125, 2.3097894418013456e-24, nan 
-86.875, -84.125, 2.9381307317398594e-24, nan 
-86.625, -84.125, 4.0173862505789236e-24, nan 
-86.375, -84.125, 4.189894563656762e-24, nan 
-86.125, -84.125, 4.2687998536430316e-24, nan 
-85.875, -84.125, 4.1488508088365706e-24, nan 
-85.625, -84.125, 4.3728562847671754e-24, nan 
-85.375, -84.125, 4.406349846904911e-24, nan 
-85.125, -84.125, 4.7247183818211715e-24, nan 
-84.875, -84.125, 4.425275203191817e-24, nan 
-84.625, -84.125, 4.3687811087123016e-24, nan 
-84.375, -84.125, 4.2771164333230625e-24, nan 
-84.125, -84.125, 4.329228309722658e-24, nan 
-83.875, -84.125, 4.6031057657502126e-24, nan 
-83.625, -84.125, 4.4051517038667546e-24, nan 
-83.375, -84.125, 4.317153489964607e-24, nan 
-83.125, -84.125, 4.302476006081767e-24, nan 
-82.875, -84.125, 3.814282569675793e-24, nan 
-82.625, -84.125, 2.860923486862648e-24, nan 
-82.375, -84.125, 2.1845376312459096e-24, nan 
-82.125, -84.125, 1.8829411540612876e-24, nan 
-81.875, -84.125, 2.0696279308361715e-24, nan 
-81.625, -84.125, 2.1755529811666103e-24, nan 
-81.375, -84.125, 2.257202031636226e-24, nan 
-81.125, -84.125, 2.1695315903922925e-24, nan 
-80.875, -84.125, 2.0408630885684334e-24, nan 
-80.625, -84.125, 2.0623130177282015e-24, nan 
-80.375, -84.125, 2.5224066322232298e-24, nan 
-80.125, -84.125, 4.6934129560861544e-24, nan 
-79.875, -84.125, 5.013847415549167e-24, nan 
-79.625, -84.125, 5.181163624056951e-24, nan 
-79.375, -84.125, 5.3306045109781975e-24, nan 
-79.125, -84.125, 5.326482733357255e-24, nan 
-78.875, -84.125, 5.27884976293763e-24, nan 
-78.625, -84.125, 5.027810815654979e-24, nan 
-78.375, -84.125, 5.224347019307387e-24, nan 
-78.125, -84.125, 5.621820570253304e-24, nan 
-77.875, -84.125, 5.873692947190199e-24, nan 
-77.625, -84.125, 5.516919037662275e-24, nan 
-77.375, -84.125, 4.634251036790588e-24, nan 
-77.125, -84.125, 4.2139493998815925e-24, nan 
-76.875, -84.125, 3.476018597694786e-24, nan 
-76.625, -84.125, 2.9024367526614856e-24, nan 
-76.375, -84.125, 3.6402095673688385e-24, nan 
-76.125, -84.125, 4.134575604051488e-24, nan 
-75.875, -84.125, 5.095944309912334e-24, nan 
-75.625, -84.125, 5.198873580952576e-24, nan 
-75.375, -84.125, 5.95659617035581e-24, nan 
-75.125, -84.125, 6.409211755797312e-24, nan 
-74.875, -84.125, 6.4131176181201e-24, nan 
-74.625, -84.125, 6.314524581445985e-24, nan 
-74.375, -84.125, 6.41550774952472e-24, nan 
-74.125, -84.125, 6.36816647701651e-24, nan 
-73.875, -84.125, 5.980620882796613e-24, nan 
-73.625, -84.125, 6.30176062225207e-24, nan 
-73.375, -84.125, 7.12664184499448e-24, nan 
-73.125, -84.125, 5.235046588614362e-24, nan 
-72.875, -84.125, 5.235234620399533e-24, nan 
-72.625, -84.125, 5.169292618889489e-24, nan 
-72.375, -84.125, 5.372805446855889e-24, nan 
-72.125, -84.125, 5.8469237069373926e-24, nan 
-71.875, -84.125, 5.5921769937743045e-24, nan 
-71.625, -84.125, 4.451412746221698e-24, nan 
-71.375, -84.125, 4.512028541113927e-24, nan 
-71.125, -84.125, 5.0764804439631994e-24, nan 
-70.875, -84.125, 3.1771718320875192e-24, nan 
-70.625, -84.125, 1.9086045542807452e-24, nan 
-70.375, -84.125, 1.8307110872144602e-24, nan 
-70.125, -84.125, 1.674929821573625e-24, nan 
-69.875, -84.125, 1.7123648135526214e-24, nan 
-69.625, -84.125, 1.8121385286292702e-24, nan 
-69.375, -84.125, 1.8564536402161736e-24, nan 
-69.125, -84.125, 1.9483648450732652e-24, nan 
-68.875, -84.125, 2.029402011085031e-24, nan 
-68.625, -84.125, 2.0784586683102794e-24, nan 
-68.375, -84.125, 1.9248984165012877e-24, nan 
-68.125, -84.125, 1.7372730233826838e-24, nan 
-67.875, -84.125, 1.673865373331287e-24, nan 
-67.625, -84.125, 1.810366933360537e-24, nan 
-67.375, -84.125, 1.8952778722494423e-24, nan 
-67.125, -84.125, 1.9259937159441475e-24, nan 
-66.875, -84.125, 1.9714025070653572e-24, nan 
-66.625, -84.125, 2.041289205133063e-24, nan 
-66.375, -84.125, 2.1224001652375734e-24, nan 
-66.125, -84.125, 2.1261587438368247e-24, nan 
-65.875, -84.125, 1.957816182086496e-24, nan 
-65.625, -84.125, 1.8111137400348434e-24, nan 
-65.375, -84.125, 1.832577245701371e-24, nan 
-65.125, -84.125, 1.657943108855246e-24, nan 
-64.875, -84.125, 1.458945702261618e-24, nan 
-64.625, -84.125, 1.5268464198706317e-24, nan 
-64.375, -84.125, 2.039683149394804e-24, nan 
-64.125, -84.125, 2.2895440632431323e-24, nan 
-63.875, -84.125, 2.6596180855074684e-24, nan 
-63.625, -84.125, 2.4567662033432876e-24, nan 
-63.375, -84.125, 2.931795656178637e-24, nan 
-63.125, -84.125, 3.1570591332925505e-24, nan 
-62.875, -84.125, 2.1430980806491657e-24, nan 
-62.625, -84.125, 1.833433409614051e-24, nan 
-62.375, -84.125, 1.845330484423876e-24, nan 
-62.125, -84.125, 2.204805796423374e-24, nan 
-61.875, -84.125, 2.7183231738987714e-24, nan 
-61.625, -84.125, 3.45893599717824e-24, nan 
-61.375, -84.125, 4.1643325261922954e-24, nan 
-61.125, -84.125, 4.463616194708805e-24, nan 
-60.875, -84.125, 4.567794512525498e-24, nan 
-60.625, -84.125, 4.498715951022515e-24, nan 
-60.375, -84.125, 4.504991551601326e-24, nan 
-60.125, -84.125, 4.901143164249741e-24, nan 
-59.875, -84.125, 4.827473243077931e-24, nan 
-59.625, -84.125, 4.658730709210587e-24, nan 
-59.375, -84.125, 4.9906075592649004e-24, nan 
-59.125, -84.125, 5.505287598867968e-24, nan 
-58.875, -84.125, 5.310726930846127e-24, nan 
-58.625, -84.125, 5.01436171045498e-24, nan 
-58.375, -84.125, 4.7500800331129e-24, nan 
-58.125, -84.125, 4.799098617263218e-24, nan 
-57.875, -84.125, 4.88025729167891e-24, nan 
-57.625, -84.125, 5.1794597113804454e-24, nan 
-57.375, -84.125, 5.05050963289516e-24, nan 
-57.125, -84.125, 6.4358324990605686e-24, nan 
-56.875, -84.125, 8.098814568513632e-24, nan 
-56.625, -84.125, 1.1492143240685248e-23, nan 
-56.375, -84.125, 1.4459373697277615e-23, nan 
-56.125, -84.125, 1.5225917024675188e-23, nan 
-55.875, -84.125, 1.6386821788362858e-23, nan 
-55.625, -84.125, 1.7719688809617096e-23, nan 
-55.375, -84.125, 1.6755488282075708e-23, nan 
-55.125, -84.125, 1.7095757987620557e-23, nan 
-54.875, -84.125, 1.5404675174117568e-23, nan 
-54.625, -84.125, 1.4700096374668847e-23, nan 
-54.375, -84.125, 1.51749053823796e-23, nan 
-54.125, -84.125, 1.7035426177480142e-23, nan 
-53.875, -84.125, 1.6421674226700638e-23, nan 
-53.625, -84.125, 1.6188358897176886e-23, nan 
-53.375, -84.125, 1.653413450905767e-23, nan 
-53.125, -84.125, 1.4670866978734447e-23, nan 
-52.875, -84.125, 1.3541328941124044e-23, nan 
-52.625, -84.125, 1.1288379869093104e-23, nan 
-52.375, -84.125, 1.0072144971286623e-23, nan 
-52.125, -84.125, 7.615773518141637e-24, nan 
-51.875, -84.125, 6.418861328981196e-24, nan 
-51.625, -84.125, 5.7946171080853334e-24, nan 
-51.375, -84.125, 5.556450315810872e-24, nan 
-51.125, -84.125, 5.7818088606864456e-24, nan 
-50.875, -84.125, 4.923748126072249e-24, nan 
-50.625, -84.125, 4.550621004989249e-24, nan 
-50.375, -84.125, 4.992628693375223e-24, nan 
-50.125, -84.125, 6.034420112834399e-24, nan 
-49.875, -84.125, 7.448960654182386e-24, nan 
-49.625, -84.125, 8.148151391502628e-24, nan 
-49.375, -84.125, 7.795428138075637e-24, nan 
-49.125, -84.125, 6.551095773890416e-24, nan 
-48.875, -84.125, 6.003481744864855e-24, nan 
-48.625, -84.125, 6.476190379530876e-24, nan 
-48.375, -84.125, 7.88770415632746e-24, nan 
-48.125, -84.125, 9.347936766573054e-24, nan 
-47.875, -84.125, 1.020612238489016e-23, nan 
-47.625, -84.125, 1.0518815279405161e-23, nan 
-47.375, -84.125, 1.0051506607477318e-23, nan 
-47.125, -84.125, 9.475441615917962e-24, nan 
-46.875, -84.125, 9.193786965991687e-24, nan 
-46.625, -84.125, 8.978015867182641e-24, nan 
-46.375, -84.125, 8.390381608789376e-24, nan 
-46.125, -84.125, 9.947831556860968e-24, nan 
-45.875, -84.125, 1.0924424380007648e-23, nan 
-45.625, -84.125, 1.1676215191511186e-23, nan 
-45.375, -84.125, 1.3642161834588976e-23, nan 
-45.125, -84.125, 1.5867934526933496e-23, nan 
-44.875, -84.125, 1.5930366160863396e-23, nan 
-44.625, -84.125, 1.5955709667496803e-23, nan 
-44.375, -84.125, 1.6569249573211516e-23, nan 
-44.125, -84.125, 1.530705456753169e-23, nan 
-43.875, -84.125, 1.2682968534035049e-23, nan 
-43.625, -84.125, 1.2904499685840316e-23, nan 
-43.375, -84.125, 1.2723229213645578e-23, nan 
-43.125, -84.125, 1.3462773807303784e-23, nan 
-42.875, -84.125, 1.80555938314467e-23, nan 
-42.625, -84.125, 1.8552142214922497e-23, nan 
-42.375, -84.125, 1.7419464967774206e-23, nan 
-42.125, -84.125, 1.636917296209738e-23, nan 
-41.875, -84.125, 1.499955389260919e-23, nan 
-41.625, -84.125, 1.2638133427641435e-23, nan 
-41.375, -84.125, 1.240449361743986e-23, nan 
-41.125, -84.125, 1.2265604682475086e-23, nan 
-40.875, -84.125, 1.0771272071501602e-23, nan 
-40.625, -84.125, 9.140269590959854e-24, nan 
-40.375, -84.125, 9.85205351888344e-24, nan 
-40.125, -84.125, 1.1239429578651352e-23, nan 
-39.875, -84.125, 1.258623483301153e-23, nan 
-39.625, -84.125, 1.1892170705460203e-23, nan 
-39.375, -84.125, 1.3882607910038784e-23, nan 
-39.125, -84.125, 1.4332798409545488e-23, nan 
-38.875, -84.125, 1.456154952432506e-23, nan 
-38.625, -84.125, 1.4332845262785012e-23, nan 
-38.375, -84.125, 1.5077436767436117e-23, nan 
-38.125, -84.125, 2.1354119317315665e-23, nan 
-37.875, -84.125, 2.3991862606518003e-23, nan 
-37.625, -84.125, 2.457311364730813e-23, nan 
-37.375, -84.125, 2.282085391653407e-23, nan 
-37.125, -84.125, 2.1461816744985832e-23, nan 
-36.875, -84.125, 2.3087713500219775e-23, nan 
-36.625, -84.125, 2.3626546652031332e-23, nan 
-36.375, -84.125, 1.8052159717735302e-23, nan 
-36.125, -84.125, 1.5671088500901527e-23, nan 
-35.875, -84.125, 1.6625423507484208e-23, nan 
-35.625, -84.125, 1.8933668329506592e-23, nan 
-35.375, -84.125, 1.9190770557253194e-23, nan 
-35.125, -84.125, 1.8549419616158755e-23, nan 
-34.875, -84.125, 1.7051168412484446e-23, nan 
-34.625, -84.125, 1.5884654925231187e-23, nan 
-34.375, -84.125, 1.6320008525267232e-23, nan 
-34.125, -84.125, 1.3481717942394236e-23, nan 
-33.875, -84.125, 1.2320378676086875e-23, nan 
-33.625, -84.125, 1.2707431857256261e-23, nan 
-33.375, -84.125, 1.605173210141536e-23, nan 
-33.125, -84.125, 1.473917203261784e-23, nan 
-32.875, -84.125, 1.6796892479789254e-23, nan 
-32.625, -84.125, 1.7786710039105563e-23, nan 
-32.375, -84.125, 1.8505760082191267e-23, nan 
-32.125, -84.125, 1.8913271847900424e-23, nan 
-31.875, -84.125, 1.9139300798372504e-23, nan 
-31.625, -84.125, 1.8297292345927975e-23, nan 
-31.375, -84.125, 1.8082013547683665e-23, nan 
-31.125, -84.125, 1.7356414833691038e-23, nan 
-30.875, -84.125, 1.61322644870418e-23, nan 
-30.625, -84.125, 1.5657413063178775e-23, nan 
-30.375, -84.125, 1.5368438227776717e-23, nan 
-30.125, -84.125, 1.3671599927405506e-23, nan 
-29.875, -84.125, 1.1474468616094166e-23, nan 
-29.625, -84.125, 1.0555682128701905e-23, nan 
-29.375, -84.125, 1.1277423357251329e-23, nan 
-29.125, -84.125, 1.3844641848180916e-23, nan 
-28.875, -84.125, 1.5063096529358412e-23, nan 
-28.625, -84.125, 1.380240995751779e-23, nan 
-28.375, -84.125, 1.235748017609676e-23, nan 
-28.125, -84.125, 1.2799707035607694e-23, nan 
-27.875, -84.125, 1.379326747172771e-23, nan 
-27.625, -84.125, 1.4638121323668262e-23, nan 
-27.375, -84.125, 1.497531882360299e-23, nan 
-27.125, -84.125, 1.8085012462426573e-23, nan 
-26.875, -84.125, 1.9034124029678273e-23, nan 
-26.625, -84.125, 1.7927376748413246e-23, nan 
-26.375, -84.125, 1.546029672503953e-23, nan 
-26.125, -84.125, 1.6902982254521977e-23, nan 
-25.875, -84.125, 1.849509370183521e-23, nan 
-25.625, -84.125, 1.9496011106028467e-23, nan 
-25.375, -84.125, 1.8907604636932046e-23, nan 
-25.125, -84.125, 2.0215966438517343e-23, nan 
-24.875, -84.125, 2.0837533618266863e-23, nan 
-24.625, -84.125, 2.1397620864899085e-23, nan 
-24.375, -84.125, 2.0575946012761898e-23, nan 
-24.125, -84.125, 2.0626749606350674e-23, nan 
-23.875, -84.125, 2.1602116127381524e-23, nan 
-23.625, -84.125, 2.055292782280271e-23, nan 
-23.375, -84.125, 1.9559845142711666e-23, nan 
-23.125, -84.125, 1.8621279580548063e-23, nan 
-22.875, -84.125, 1.8710325600451422e-23, nan 
-22.625, -84.125, 2.021801069302412e-23, nan 
-22.375, -84.125, 1.9034277898746438e-23, nan 
-22.125, -84.125, 1.8383755050351383e-23, nan 
-21.875, -84.125, 1.7211011986889456e-23, nan 
-21.625, -84.125, 1.893837762869867e-23, nan 
-21.375, -84.125, 1.634907350035068e-23, nan 
-21.125, -84.125, 1.573978280169126e-23, nan 
-20.875, -84.125, 1.9864497821646476e-23, nan 
-20.625, -84.125, 1.815845558091186e-23, nan 
-20.375, -84.125, 2.0025880098203607e-23, nan 
-20.125, -84.125, 2.112116084046285e-23, nan 
-19.875, -84.125, 2.3789929894788487e-23, nan 
-19.625, -84.125, 1.921712133695908e-23, nan 
-19.375, -84.125, 2.0277590539666498e-23, nan 
-19.125, -84.125, 1.9303240213817547e-23, nan 
-18.875, -84.125, 2.1315313320154965e-23, nan 
-18.625, -84.125, 2.2982654348153147e-23, nan 
-18.375, -84.125, 1.9416691083270552e-23, nan 
-18.125, -84.125, 2.2789821878956538e-23, nan 
-17.875, -84.125, 2.2825905374423977e-23, nan 
-17.625, -84.125, 2.362594662878628e-23, nan 
-17.375, -84.125, 2.315271540530246e-23, nan 
-17.125, -84.125, 2.373202572688447e-23, nan 
-16.875, -84.125, 2.314528418317694e-23, nan 
-16.625, -84.125, 2.2112169080338815e-23, nan 
-16.375, -84.125, 2.6573055205388866e-23, nan 
-16.125, -84.125, 2.4231583158527386e-23, nan 
-15.875, -84.125, 2.310550130329909e-23, nan 
-15.625, -84.125, 1.9856130646272997e-23, nan 
-15.375, -84.125, 2.0557110524286167e-23, nan 
-15.125, -84.125, 2.2032999199898053e-23, nan 
-14.875, -84.125, 2.1607570039613353e-23, nan 
-14.625, -84.125, 1.8233266236626837e-23, nan 
-14.375, -84.125, 1.8147011969665885e-23, nan 
-14.125, -84.125, 2.1941510191080355e-23, nan 
-13.875, -84.125, 2.1238694410315063e-23, nan 
-13.625, -84.125, 1.9699977063102287e-23, nan 
-13.375, -84.125, 1.6427942462106893e-23, nan 
-13.125, -84.125, 2.060638140621799e-23, nan 
-12.875, -84.125, 2.2891304177120975e-23, nan 
-12.625, -84.125, 2.1785964817813325e-23, nan 
-12.375, -84.125, 1.9654932633035867e-23, nan 
-12.125, -84.125, 2.040806659381379e-23, nan 
-11.875, -84.125, 2.299177001092787e-23, nan 
-11.625, -84.125, 2.3319140443693093e-23, nan 
-11.375, -84.125, 2.2613637871113818e-23, nan 
-11.125, -84.125, 2.4452934859581157e-23, nan 
-10.875, -84.125, 2.5475588224204086e-23, nan 
-10.625, -84.125, 2.736615916045156e-23, nan 
-10.375, -84.125, 1.3156103541066578e-23, nan 
-10.125, -84.125, 1.207347427809307e-23, nan 
-9.875, -84.125, 2.3636747867475924e-23, nan 
-9.625, -84.125, 2.8104788312318075e-23, nan 
-9.375, -84.125, 2.662380869949011e-23, nan 
-9.125, -84.125, 1.8821297719900223e-23, nan 
-8.875, -84.125, 2.062702541593367e-23, nan 
-8.625, -84.125, 2.418054240957343e-23, nan 
-8.375, -84.125, 2.0145514505353362e-23, nan 
-8.125, -84.125, 1.0855658061293667e-23, nan 
-7.875, -84.125, 1.20936208801218e-23, nan 
-7.625, -84.125, 1.4730562665835897e-23, nan 
-7.375, -84.125, 1.5900171972081927e-23, nan 
-7.125, -84.125, 1.3667578640191787e-23, nan 
-6.875, -84.125, 1.509305822918556e-23, nan 
-6.625, -84.125, 1.7002271263601043e-23, nan 
-6.375, -84.125, 2.0136105772894387e-23, nan 
-6.125, -84.125, 1.2099993960099152e-23, nan 
-5.875, -84.125, 1.1275822348316842e-23, nan 
-5.625, -84.125, 1.2609335359254808e-23, nan 
-5.375, -84.125, 1.9482918770378547e-23, nan 
-5.125, -84.125, 1.364055217746935e-23, nan 
-4.875, -84.125, 1.1644549669205711e-23, nan 
-4.625, -84.125, 1.3115778879242891e-23, nan 
-4.375, -84.125, 2.3282084426170323e-23, nan 
-4.125, -84.125, 2.3817820903683862e-23, nan 
-3.875, -84.125, 2.4659356240381643e-23, nan 
-3.625, -84.125, 2.912072312044168e-23, nan 
-3.375, -84.125, 3.191700162560879e-23, nan 
-3.125, -84.125, 3.156158068344722e-23, nan 
-2.875, -84.125, 3.182216203295613e-23, nan 
-2.625, -84.125, 3.287446400563137e-23, nan 
-2.375, -84.125, 2.5798600586142473e-23, nan 
-2.125, -84.125, 2.73197864997553e-23, nan 
-1.875, -84.125, 2.6612244414232304e-23, nan 
-1.625, -84.125, 2.260862637935207e-23, nan 
-1.375, -84.125, 1.8500282736614245e-23, nan 
-1.125, -84.125, 1.4398774919674108e-23, nan 
-0.875, -84.125, 1.1896290137338127e-23, nan 
-0.625, -84.125, 1.1902537449506114e-23, nan 
-0.375, -84.125, 1.1795083658829346e-23, nan 
-0.125, -84.125, 1.1586002154062303e-23, nan 
0.125, -84.125, 9.701890172937183e-24, nan 
0.375, -84.125, 9.468551495342134e-24, nan 
0.625, -84.125, 8.861697519336e-24, nan 
0.875, -84.125, 7.549085315974782e-24, nan 
1.125, -84.125, 1.2356543605272738e-23, nan 
1.375, -84.125, 1.1850053086885444e-23, nan 
1.625, -84.125, 1.4358107094657394e-23, nan 
1.875, -84.125, 1.530096093377298e-23, nan 
2.125, -84.125, 1.5564403335581005e-23, nan 
2.375, -84.125, 1.814599338980501e-23, nan 
2.625, -84.125, 2.19453228747913e-23, nan 
2.875, -84.125, 2.8395807257136254e-23, nan 
3.125, -84.125, 3.7282803044853334e-23, nan 
3.375, -84.125, 3.883236214473566e-23, nan 
3.625, -84.125, 3.878007609325059e-23, nan 
3.875, -84.125, 3.9989239259501156e-23, nan 
4.125, -84.125, 4.2007848072766395e-23, nan 
4.375, -84.125, 4.2173526768026637e-23, nan 
4.625, -84.125, 4.3640593917984843e-23, nan 
4.875, -84.125, 4.464862222979843e-23, nan 
5.125, -84.125, 4.838422483191413e-23, nan 
5.375, -84.125, 5.070692195463161e-23, nan 
5.625, -84.125, 4.9833299252189665e-23, nan 
5.875, -84.125, 4.895585168848939e-23, nan 
6.125, -84.125, 4.902914581380135e-23, nan 
6.375, -84.125, 4.9844906456534525e-23, nan 
-109.875, -83.875, 2.5353723173154038e-24, nan 
-109.625, -83.875, 2.5742472310336957e-24, nan 
-109.375, -83.875, 2.6338877734570146e-24, nan 
-109.125, -83.875, 2.2847632927657273e-24, nan 
-108.875, -83.875, 2.2788477887739294e-24, nan 
-108.625, -83.875, 2.474705888710235e-24, nan 
-108.375, -83.875, 3.0216958768339418e-24, nan 
-108.125, -83.875, 2.257843870704756e-24, nan 
-107.875, -83.875, 3.6209480541294855e-24, nan 
-107.625, -83.875, 4.427283981432448e-24, nan 
-107.375, -83.875, 3.9119400431149434e-24, nan 
-107.125, -83.875, 3.971655470164691e-24, nan 
-106.875, -83.875, 3.516292771275616e-24, nan 
-106.625, -83.875, 3.94962368937198e-24, nan 
-106.375, -83.875, 5.376822108842491e-24, nan 
-106.125, -83.875, 6.431017594380362e-24, nan 
-105.875, -83.875, 6.97880475553827e-24, nan 
-105.625, -83.875, 7.010409784842725e-24, nan 
-105.375, -83.875, 6.787914360173961e-24, nan 
-105.125, -83.875, 6.843175520323167e-24, nan 
-104.875, -83.875, 6.892038570347317e-24, nan 
-104.625, -83.875, 5.736250628294087e-24, nan 
-104.375, -83.875, 3.778604592992312e-24, nan 
-104.125, -83.875, 4.8701451251770626e-24, nan 
-103.875, -83.875, 5.556179628146393e-24, nan 
-103.625, -83.875, 5.966845039162425e-24, nan 
-103.375, -83.875, 6.131580804784785e-24, nan 
-103.125, -83.875, 5.788942798268984e-24, nan 
-102.875, -83.875, 5.69796029956519e-24, nan 
-102.625, -83.875, 5.491481159178928e-24, nan 
-102.375, -83.875, 4.653763244271811e-24, nan 
-102.125, -83.875, 2.9543922567252656e-24, nan 
-101.875, -83.875, 2.14289271933285e-24, nan 
-101.625, -83.875, 1.930012773250532e-24, nan 
-101.375, -83.875, 1.6219600470022337e-24, nan 
-101.125, -83.875, 8.332067716361666e-25, nan 
-100.875, -83.875, 5.15817895892392e-25, nan 
-100.625, -83.875, 5.60372080692087e-25, nan 
-100.375, -83.875, 9.960354111752973e-25, nan 
-100.125, -83.875, 1.3134542473240634e-24, nan 
-99.875, -83.875, 1.316916007317305e-24, nan 
-99.625, -83.875, 1.7622891100182265e-24, nan 
-99.375, -83.875, 1.8222427642712102e-24, nan 
-99.125, -83.875, 1.675817272228975e-24, nan 
-98.875, -83.875, 1.9321723074819474e-24, nan 
-98.625, -83.875, 2.2600588702080465e-24, nan 
-98.375, -83.875, 1.968063474851375e-24, nan 
-98.125, -83.875, 1.8525531653883048e-24, nan 
-97.875, -83.875, 1.7492061549597916e-24, nan 
-97.625, -83.875, 1.5216896775020538e-24, nan 
-97.375, -83.875, 1.3070773319362609e-24, nan 
-97.125, -83.875, 1.5337178077178145e-24, nan 
-96.875, -83.875, 1.4900903561603181e-24, nan 
-96.625, -83.875, 1.2518284779194013e-24, nan 
-96.375, -83.875, 6.58753469331812e-25, nan 
-96.125, -83.875, 6.087893570151858e-25, nan 
-95.875, -83.875, 6.303096217617799e-25, nan 
-95.625, -83.875, 6.748179787512553e-25, nan 
-95.375, -83.875, 7.916394648268752e-25, nan 
-95.125, -83.875, 8.304083080057607e-25, nan 
-94.875, -83.875, 7.974449143805088e-25, nan 
-94.625, -83.875, 8.482525319996078e-25, nan 
-94.375, -83.875, 8.652613488505781e-25, nan 
-94.125, -83.875, 8.878970996222848e-25, nan 
-93.875, -83.875, 9.129617199392227e-25, nan 
-93.625, -83.875, 8.62921635070745e-25, nan 
-93.375, -83.875, 8.947901095640523e-25, nan 
-93.125, -83.875, 9.250607738037712e-25, nan 
-92.875, -83.875, 9.482464014248337e-25, nan 
-92.625, -83.875, 9.25396898409063e-25, nan 
-92.375, -83.875, 9.91786864639211e-25, nan 
-92.125, -83.875, 1.0743572766721467e-24, nan 
-91.875, -83.875, 1.0643417470649912e-24, nan 
-91.625, -83.875, 1.0326461026863356e-24, nan 
-91.375, -83.875, 9.975978456309892e-25, nan 
-91.125, -83.875, 9.32586120783244e-25, nan 
-90.875, -83.875, 7.841624952175505e-25, nan 
-90.625, -83.875, 7.436991901666298e-25, nan 
-90.375, -83.875, 7.640571153621136e-25, nan 
-90.125, -83.875, 7.571598420517163e-25, nan 
-89.875, -83.875, 8.561270014849935e-25, nan 
-89.625, -83.875, 9.654275341019617e-25, nan 
-89.375, -83.875, 1.1356521751844126e-24, nan 
-89.125, -83.875, 1.2995930397471834e-24, nan 
-88.875, -83.875, 1.4747413042797384e-24, nan 
-88.625, -83.875, 1.780669719862364e-24, nan 
-88.375, -83.875, 1.9954197739065707e-24, nan 
-88.125, -83.875, 2.2123029071020096e-24, nan 
-87.875, -83.875, 3.1625173152589008e-24, nan 
-87.625, -83.875, 3.825685371242418e-24, nan 
-87.375, -83.875, 5.3605133087567095e-24, nan 
-87.125, -83.875, 5.968254030997244e-24, nan 
-86.875, -83.875, 6.635351678355823e-24, nan 
-86.625, -83.875, 5.9600854930450055e-24, nan 
-86.375, -83.875, 5.322998910272417e-24, nan 
-86.125, -83.875, 4.724484012054517e-24, nan 
-85.875, -83.875, 4.1478992337643315e-24, nan 
-85.625, -83.875, 4.0054073702377265e-24, nan 
-85.375, -83.875, 4.551274056071688e-24, nan 
-85.125, -83.875, 7.041586270320822e-24, nan 
-84.875, -83.875, 7.529501098162488e-24, nan 
-84.625, -83.875, 7.951343969805842e-24, nan 
-84.375, -83.875, 6.716130645465237e-24, nan 
-84.125, -83.875, 6.0453462678969804e-24, nan 
-83.875, -83.875, 5.160503452420228e-24, nan 
-83.625, -83.875, 4.359880453534384e-24, nan 
-83.375, -83.875, 2.8511595123343283e-24, nan 
-83.125, -83.875, 2.2857388063397266e-24, nan 
-82.875, -83.875, 2.2881612195326137e-24, nan 
-82.625, -83.875, 2.861793246985998e-24, nan 
-82.375, -83.875, 3.718228424128035e-24, nan 
-82.125, -83.875, 3.556282132862214e-24, nan 
-81.875, -83.875, 3.587951687119465e-24, nan 
-81.625, -83.875, 3.360140174650109e-24, nan 
-81.375, -83.875, 3.2856407780147893e-24, nan 
-81.125, -83.875, 2.831648589759453e-24, nan 
-80.875, -83.875, 2.6089801684032183e-24, nan 
-80.625, -83.875, 2.5889618273286463e-24, nan 
-80.375, -83.875, 2.6545519863250193e-24, nan 
-80.125, -83.875, 2.625025584097593e-24, nan 
-79.875, -83.875, 2.1075419768442667e-24, nan 
-79.625, -83.875, 2.0907853052157253e-24, nan 
-79.375, -83.875, 2.275681537789902e-24, nan 
-79.125, -83.875, 2.17753263390044e-24, nan 
-78.875, -83.875, 2.1483382320512167e-24, nan 
-78.625, -83.875, 2.3546292973593416e-24, nan 
-78.375, -83.875, 2.344640824572868e-24, nan 
-78.125, -83.875, 2.3562314566821098e-24, nan 
-77.875, -83.875, 2.4982555744364486e-24, nan 
-77.625, -83.875, 2.4033939519527823e-24, nan 
-77.375, -83.875, 2.476179949246464e-24, nan 
-77.125, -83.875, 2.564213708907414e-24, nan 
-76.875, -83.875, 2.3201673527342536e-24, nan 
-76.625, -83.875, 2.0583268800855845e-24, nan 
-76.375, -83.875, 1.726959836459917e-24, nan 
-76.125, -83.875, 1.7253436231659755e-24, nan 
-75.875, -83.875, 1.9445967108898352e-24, nan 
-75.625, -83.875, 1.9640680020722914e-24, nan 
-75.375, -83.875, 1.9928641226946345e-24, nan 
-75.125, -83.875, 2.2051592093233023e-24, nan 
-74.875, -83.875, 2.2753904126162203e-24, nan 
-74.625, -83.875, 2.0520463769896548e-24, nan 
-74.375, -83.875, 2.1995456195953674e-24, nan 
-74.125, -83.875, 2.2100525585210364e-24, nan 
-73.875, -83.875, 2.7386353572089447e-24, nan 
-73.625, -83.875, 2.8828277073206552e-24, nan 
-73.375, -83.875, 3.050434873890652e-24, nan 
-73.125, -83.875, 3.473843731066536e-24, nan 
-72.875, -83.875, 4.421054039813467e-24, nan 
-72.625, -83.875, 4.688672370369555e-24, nan 
-72.375, -83.875, 5.353586976825621e-24, nan 
-72.125, -83.875, 5.961057292705074e-24, nan 
-71.875, -83.875, 5.201986618360468e-24, nan 
-71.625, -83.875, 4.086728305350442e-24, nan 
-71.375, -83.875, 3.585424945730599e-24, nan 
-71.125, -83.875, 3.379605653448234e-24, nan 
-70.875, -83.875, 3.607148186315921e-24, nan 
-70.625, -83.875, 4.045586977970219e-24, nan 
-70.375, -83.875, 4.163496051421085e-24, nan 
-70.125, -83.875, 4.534707592384833e-24, nan 
-69.875, -83.875, 5.1046514318605035e-24, nan 
-69.625, -83.875, 4.375852404784878e-24, nan 
-69.375, -83.875, 2.527405613171889e-24, nan 
-69.125, -83.875, 2.2112171364370398e-24, nan 
-68.875, -83.875, 2.2596358897051567e-24, nan 
-68.625, -83.875, 2.213752504690949e-24, nan 
-68.375, -83.875, 2.1289697313796122e-24, nan 
-68.125, -83.875, 1.9534192784993788e-24, nan 
-67.875, -83.875, 1.9793818927078566e-24, nan 
-67.625, -83.875, 2.1877980647539494e-24, nan 
-67.375, -83.875, 2.2390009155076084e-24, nan 
-67.125, -83.875, 2.3916582838832968e-24, nan 
-66.875, -83.875, 2.8021433866560532e-24, nan 
-66.625, -83.875, 3.297029476933805e-24, nan 
-66.375, -83.875, 3.364621448670974e-24, nan 
-66.125, -83.875, 3.36286978713524e-24, nan 
-65.875, -83.875, 3.2637683644975774e-24, nan 
-65.625, -83.875, 3.547380166802826e-24, nan 
-65.375, -83.875, 3.6413045761401476e-24, nan 
-65.125, -83.875, 3.422934818784522e-24, nan 
-64.875, -83.875, 3.540577830589106e-24, nan 
-64.625, -83.875, 3.4721315779918514e-24, nan 
-64.375, -83.875, 3.952467681959702e-24, nan 
-64.125, -83.875, 4.080630070249423e-24, nan 
-63.875, -83.875, 4.0874366025236235e-24, nan 
-63.625, -83.875, 3.774666289942612e-24, nan 
-63.375, -83.875, 4.0766944932579264e-24, nan 
-63.125, -83.875, 4.2641728205433785e-24, nan 
-62.875, -83.875, 3.326000730658027e-24, nan 
-62.625, -83.875, 3.1602486064504346e-24, nan 
-62.375, -83.875, 3.32544399630585e-24, nan 
-62.125, -83.875, 3.719174800264464e-24, nan 
-61.875, -83.875, 3.943711781235413e-24, nan 
-61.625, -83.875, 3.7666520064232664e-24, nan 
-61.375, -83.875, 3.333754750977829e-24, nan 
-61.125, -83.875, 3.759440463192739e-24, nan 
-60.875, -83.875, 4.762949609040657e-24, nan 
-60.625, -83.875, 5.295076392631814e-24, nan 
-60.375, -83.875, 5.912151640915039e-24, nan 
-60.125, -83.875, 6.302946624600121e-24, nan 
-59.875, -83.875, 6.526638353345742e-24, nan 
-59.625, -83.875, 7.028708104148272e-24, nan 
-59.375, -83.875, 7.415389483491995e-24, nan 
-59.125, -83.875, 6.962790495794767e-24, nan 
-58.875, -83.875, 5.349624109687968e-24, nan 
-58.625, -83.875, 4.820179298525543e-24, nan 
-58.375, -83.875, 5.0847014920519304e-24, nan 
-58.125, -83.875, 5.725875455761777e-24, nan 
-57.875, -83.875, 6.1399711731018105e-24, nan 
-57.625, -83.875, 6.387152942227471e-24, nan 
-57.375, -83.875, 6.77331933991702e-24, nan 
-57.125, -83.875, 7.201051360598071e-24, nan 
-56.875, -83.875, 7.26348140567992e-24, nan 
-56.625, -83.875, 6.848868997021562e-24, nan 
-56.375, -83.875, 7.659110177874281e-24, nan 
-56.125, -83.875, 9.32465950446966e-24, nan 
-55.875, -83.875, 1.030288866897563e-23, nan 
-55.625, -83.875, 9.936864513480802e-24, nan 
-55.375, -83.875, 1.0677379721465538e-23, nan 
-55.125, -83.875, 1.3785000462170578e-23, nan 
-54.875, -83.875, 1.4369484340385367e-23, nan 
-54.625, -83.875, 1.3842613743664835e-23, nan 
-54.375, -83.875, 1.4278964577777746e-23, nan 
-54.125, -83.875, 1.5249761048860238e-23, nan 
-53.875, -83.875, 1.4922467023529918e-23, nan 
-53.625, -83.875, 1.460802230545002e-23, nan 
-53.375, -83.875, 1.4427197174058914e-23, nan 
-53.125, -83.875, 1.4256195237222923e-23, nan 
-52.875, -83.875, 1.6705937801533205e-23, nan 
-52.625, -83.875, 1.631769565758013e-23, nan 
-52.375, -83.875, 1.504602791974918e-23, nan 
-52.125, -83.875, 1.341664825318419e-23, nan 
-51.875, -83.875, 1.1300797565124159e-23, nan 
-51.625, -83.875, 9.170161737494131e-24, nan 
-51.375, -83.875, 8.258792564125062e-24, nan 
-51.125, -83.875, 8.437486463672576e-24, nan 
-50.875, -83.875, 8.486212700526828e-24, nan 
-50.625, -83.875, 6.743380844148673e-24, nan 
-50.375, -83.875, 6.794728772189313e-24, nan 
-50.125, -83.875, 6.403698227253101e-24, nan 
-49.875, -83.875, 5.810177868931564e-24, nan 
-49.625, -83.875, 5.4635545495244844e-24, nan 
-49.375, -83.875, 5.349766093293811e-24, nan 
-49.125, -83.875, 5.54801333078047e-24, nan 
-48.875, -83.875, 5.9153030094017976e-24, nan 
-48.625, -83.875, 6.474645946139337e-24, nan 
-48.375, -83.875, 7.302392861817624e-24, nan 
-48.125, -83.875, 8.09710593133037e-24, nan 
-47.875, -83.875, 8.209240784542167e-24, nan 
-47.625, -83.875, 8.339808007889106e-24, nan 
-47.375, -83.875, 8.228453268426848e-24, nan 
-47.125, -83.875, 9.20302811454768e-24, nan 
-46.875, -83.875, 1.1039576204741553e-23, nan 
-46.625, -83.875, 1.2308244561077127e-23, nan 
-46.375, -83.875, 1.1619421194276787e-23, nan 
-46.125, -83.875, 1.1395259025486521e-23, nan 
-45.875, -83.875, 1.1491110994833549e-23, nan 
-45.625, -83.875, 1.1526745416594853e-23, nan 
-45.375, -83.875, 1.1417707260956059e-23, nan 
-45.125, -83.875, 1.0289036583179317e-23, nan 
-44.875, -83.875, 1.0272327444336584e-23, nan 
-44.625, -83.875, 1.0599251621196057e-23, nan 
-44.375, -83.875, 1.1694471009210273e-23, nan 
-44.125, -83.875, 1.1042388063835057e-23, nan 
-43.875, -83.875, 1.039997157723482e-23, nan 
-43.625, -83.875, 1.0313045658428676e-23, nan 
-43.375, -83.875, 1.0409627371185208e-23, nan 
-43.125, -83.875, 1.1731264939471674e-23, nan 
-42.875, -83.875, 1.522443754769316e-23, nan 
-42.625, -83.875, 1.5218895214604556e-23, nan 
-42.375, -83.875, 1.5559158488173926e-23, nan 
-42.125, -83.875, 1.658364956306247e-23, nan 
-41.875, -83.875, 1.5928518712294385e-23, nan 
-41.625, -83.875, 1.426205302201545e-23, nan 
-41.375, -83.875, 1.4331971051609464e-23, nan 
-41.125, -83.875, 1.5001002677398054e-23, nan 
-40.875, -83.875, 1.5603287387570817e-23, nan 
-40.625, -83.875, 1.318685331265445e-23, nan 
-40.375, -83.875, 2.069845658743761e-23, nan 
-40.125, -83.875, 2.291144526430323e-23, nan 
-39.875, -83.875, 2.178287622872798e-23, nan 
-39.625, -83.875, 1.8580556771086856e-23, nan 
-39.375, -83.875, 1.5911043816865505e-23, nan 
-39.125, -83.875, 1.7183787171190847e-23, nan 
-38.875, -83.875, 1.9547401555516574e-23, nan 
-38.625, -83.875, 1.80608630890273e-23, nan 
-38.375, -83.875, 1.662627277481216e-23, nan 
-38.125, -83.875, 2.7329167167601006e-23, nan 
-37.875, -83.875, 3.084390730274797e-23, nan 
-37.625, -83.875, 2.9968307902744e-23, nan 
-37.375, -83.875, 2.5563731126116044e-23, nan 
-37.125, -83.875, 2.289739469903403e-23, nan 
-36.875, -83.875, 2.5784906670294548e-23, nan 
-36.625, -83.875, 2.6250920806741976e-23, nan 
-36.375, -83.875, 1.8406917760514653e-23, nan 
-36.125, -83.875, 1.8828167074434847e-23, nan 
-35.875, -83.875, 2.202796622552107e-23, nan 
-35.625, -83.875, 2.331656291257352e-23, nan 
-35.375, -83.875, 2.3936684988388153e-23, nan 
-35.125, -83.875, 2.1914870984592788e-23, nan 
-34.875, -83.875, 2.0299084185388647e-23, nan 
-34.625, -83.875, 2.1244201454052017e-23, nan 
-34.375, -83.875, 2.2792164345493734e-23, nan 
-34.125, -83.875, 1.8615015240723533e-23, nan 
-33.875, -83.875, 1.559276144463874e-23, nan 
-33.625, -83.875, 1.5566324105549305e-23, nan 
-33.375, -83.875, 1.9328582406188506e-23, nan 
-33.125, -83.875, 1.960970724957886e-23, nan 
-32.875, -83.875, 1.9211597825054304e-23, nan 
-32.625, -83.875, 1.9447830981769292e-23, nan 
-32.375, -83.875, 2.029965502910607e-23, nan 
-32.125, -83.875, 2.181811379389341e-23, nan 
-31.875, -83.875, 2.2910451473558327e-23, nan 
-31.625, -83.875, 2.1888217598144138e-23, nan 
-31.375, -83.875, 2.1036372859112077e-23, nan 
-31.125, -83.875, 2.0350323371438267e-23, nan 
-30.875, -83.875, 1.9814154000979344e-23, nan 
-30.625, -83.875, 1.8413415920343936e-23, nan 
-30.375, -83.875, 1.785032329586887e-23, nan 
-30.125, -83.875, 1.786582856631298e-23, nan 
-29.875, -83.875, 1.9060159213690718e-23, nan 
-29.625, -83.875, 2.0141115804400516e-23, nan 
-29.375, -83.875, 2.079342960548196e-23, nan 
-29.125, -83.875, 1.9757243774636198e-23, nan 
-28.875, -83.875, 1.9052186850336889e-23, nan 
-28.625, -83.875, 1.8309479587730844e-23, nan 
-28.375, -83.875, 1.6084004444221878e-23, nan 
-28.125, -83.875, 1.5352190111724016e-23, nan 
-27.875, -83.875, 1.6965418879215602e-23, nan 
-27.625, -83.875, 1.838737850934802e-23, nan 
-27.375, -83.875, 1.9568722208375147e-23, nan 
-27.125, -83.875, 2.115958787042865e-23, nan 
-26.875, -83.875, 2.1525870527096126e-23, nan 
-26.625, -83.875, 2.0302559255524044e-23, nan 
-26.375, -83.875, 1.9187390411379378e-23, nan 
-26.125, -83.875, 1.959416955893943e-23, nan 
-25.875, -83.875, 1.898342645016225e-23, nan 
-25.625, -83.875, 1.9675016231904538e-23, nan 
-25.375, -83.875, 1.961301444563762e-23, nan 
-25.125, -83.875, 2.0031079197163498e-23, nan 
-24.875, -83.875, 1.86967546333012e-23, nan 
-24.625, -83.875, 1.956174996321198e-23, nan 
-24.375, -83.875, 1.871231675222319e-23, nan 
-24.125, -83.875, 1.8614264824552612e-23, nan 
-23.875, -83.875, 1.7541458917198442e-23, nan 
-23.625, -83.875, 1.7897265533472504e-23, nan 
-23.375, -83.875, 1.862291783356524e-23, nan 
-23.125, -83.875, 1.8376470757738678e-23, nan 
-22.875, -83.875, 1.727952615915593e-23, nan 
-22.625, -83.875, 1.7175418932449474e-23, nan 
-22.375, -83.875, 1.68337253226721e-23, nan 
-22.125, -83.875, 1.6948187721453418e-23, nan 
-21.875, -83.875, 1.278035325429568e-23, nan 
-21.625, -83.875, 8.587676948395259e-24, nan 
-21.375, -83.875, 1.1246138472139478e-23, nan 
-21.125, -83.875, 1.573615182713879e-23, nan 
-20.875, -83.875, 2.0094262407841272e-23, nan 
-20.625, -83.875, 1.4444386962675208e-23, nan 
-20.375, -83.875, 1.45101998681657e-23, nan 
-20.125, -83.875, 1.6566541077387058e-23, nan 
-19.875, -83.875, 1.9396460230790272e-23, nan 
-19.625, -83.875, 1.5707783835244297e-23, nan 
-19.375, -83.875, 1.639607034856127e-23, nan 
-19.125, -83.875, 1.6973368176385542e-23, nan 
-18.875, -83.875, 1.9371967829988336e-23, nan 
-18.625, -83.875, 1.8510100894327983e-23, nan 
-18.375, -83.875, 1.1889408326651327e-23, nan 
-18.125, -83.875, 9.141043115110454e-24, nan 
-17.875, -83.875, 9.187185569292255e-24, nan 
-17.625, -83.875, 9.52056464589426e-24, nan 
-17.375, -83.875, 9.301120642582082e-24, nan 
-17.125, -83.875, 9.578602691445221e-24, nan 
-16.875, -83.875, 9.666451193419268e-24, nan 
-16.625, -83.875, 9.597922859406149e-24, nan 
-16.375, -83.875, 6.801669277188953e-24, nan 
-16.125, -83.875, 6.725381927718506e-24, nan 
-15.875, -83.875, 6.745516294534192e-24, nan 
-15.625, -83.875, 1.0565447305216908e-23, nan 
-15.375, -83.875, 1.0896375844917642e-23, nan 
-15.125, -83.875, 1.1392767438935038e-23, nan 
-14.875, -83.875, 1.3221963527896221e-23, nan 
-14.625, -83.875, 1.4111788165910194e-23, nan 
-14.375, -83.875, 1.3546288729536804e-23, nan 
-14.125, -83.875, 1.1935557704798314e-23, nan 
-13.875, -83.875, 9.007027873265268e-24, nan 
-13.625, -83.875, 9.272003020039347e-24, nan 
-13.375, -83.875, 9.708619290164404e-24, nan 
-13.125, -83.875, 9.326666732331473e-24, nan 
-12.875, -83.875, 1.0662448796176597e-23, nan 
-12.625, -83.875, 1.1019024214852251e-23, nan 
-12.375, -83.875, 1.0163090010671817e-23, nan 
-12.125, -83.875, 7.799935108755913e-24, nan 
-11.875, -83.875, 6.1156014723648334e-24, nan 
-11.625, -83.875, 5.153529454256408e-24, nan 
-11.375, -83.875, 3.814341500400245e-24, nan 
-11.125, -83.875, 3.04670807889499e-24, nan 
-10.875, -83.875, 4.493182844704033e-24, nan 
-10.625, -83.875, 9.66259094330123e-24, nan 
-10.375, -83.875, 9.540753597346077e-24, nan 
-10.125, -83.875, 4.96921842342935e-24, nan 
-9.875, -83.875, 4.9831620987441445e-24, nan 
-9.625, -83.875, 7.732239396690564e-24, nan 
-9.375, -83.875, 4.921304899593332e-24, nan 
-9.125, -83.875, 4.411428355225486e-24, nan 
-8.875, -83.875, 4.3546535300252315e-24, nan 
-8.625, -83.875, 2.468866660933251e-24, nan 
-8.375, -83.875, 3.5722502995827326e-24, nan 
-8.125, -83.875, 3.515309104105535e-24, nan 
-7.875, -83.875, 4.000465011695455e-24, nan 
-7.625, -83.875, 5.708212473771758e-24, nan 
-7.375, -83.875, 5.8051735942141176e-24, nan 
-7.125, -83.875, 5.326152242148301e-24, nan 
-6.875, -83.875, 6.0768707170169024e-24, nan 
-6.625, -83.875, 4.892396278290054e-24, nan 
-6.375, -83.875, 3.46671632150287e-24, nan 
-6.125, -83.875, 2.540393501969838e-24, nan 
-5.875, -83.875, 1.1305537042276114e-24, nan 
-5.625, -83.875, 9.074209184347606e-25, nan 
-5.375, -83.875, 9.593261992213276e-25, nan 
-5.125, -83.875, 1.9210543516634584e-24, nan 
-4.875, -83.875, 2.4298675904603094e-24, nan 
-4.625, -83.875, 2.5371396293188053e-24, nan 
-4.375, -83.875, 3.104309670171792e-24, nan 
-4.125, -83.875, 3.28541248125366e-24, nan 
-3.875, -83.875, 3.625547257748853e-24, nan 
-3.625, -83.875, 3.833159923302338e-24, nan 
-3.375, -83.875, 2.216993583323339e-24, nan 
-3.125, -83.875, 2.8007405986137932e-24, nan 
-2.875, -83.875, 6.2249008361094985e-24, nan 
-2.625, -83.875, 6.486038450815685e-24, nan 
-2.375, -83.875, 4.175484340239205e-24, nan 
-2.125, -83.875, 3.1335528427082783e-24, nan 
-1.875, -83.875, 3.595734148698589e-24, nan 
-1.625, -83.875, 4.167263960672904e-24, nan 
-1.375, -83.875, 4.8588007577568404e-24, nan 
-1.125, -83.875, 5.22798664343819e-24, nan 
-0.875, -83.875, 7.08481276891459e-24, nan 
-0.625, -83.875, 8.567577536128179e-24, nan 
-0.375, -83.875, 8.578915033382336e-24, nan 
-0.125, -83.875, 8.251802848824205e-24, nan 
0.125, -83.875, 8.169722756429978e-24, nan 
0.375, -83.875, 8.418740673654843e-24, nan 
0.625, -83.875, 8.515980842764242e-24, nan 
0.875, -83.875, 7.481794211315678e-24, nan 
1.125, -83.875, 5.4233460193898045e-24, nan 
1.375, -83.875, 4.775187860395974e-24, nan 
1.625, -83.875, 4.8923182067393e-24, nan 
1.875, -83.875, 6.924746962176496e-24, nan 
2.125, -83.875, 8.047026136066478e-24, nan 
2.375, -83.875, 8.320975775560351e-24, nan 
2.625, -83.875, 7.969640968949185e-24, nan 
2.875, -83.875, 7.396604181265917e-24, nan 
3.125, -83.875, 7.844525351909134e-24, nan 
3.375, -83.875, 7.903682793872353e-24, nan 
3.625, -83.875, 6.643643451073507e-24, nan 
3.875, -83.875, 4.04042014288631e-24, nan 
4.125, -83.875, 2.429706946001598e-24, nan 
4.375, -83.875, 2.04885918924416e-24, nan 
4.625, -83.875, 2.0906742766733125e-24, nan 
4.875, -83.875, 1.9033573900263766e-24, nan 
5.125, -83.875, 2.343187333299641e-24, nan 
5.375, -83.875, 2.595085668512391e-24, nan 
5.625, -83.875, 2.470685884049071e-24, nan 
5.875, -83.875, 3.0800398839033296e-24, nan 
6.125, -83.875, 3.506714142634575e-24, nan 
6.375, -83.875, 3.710967898125452e-24, nan 
6.625, -83.875, 3.6251944388504656e-24, nan 
6.875, -83.875, 1.878400651766527e-24, nan 
7.125, -83.875, 1.688501110592634e-24, nan 
7.375, -83.875, 1.4514011696874687e-23, nan 
-110.875, -83.625, 1.806720513582354e-24, nan 
-110.625, -83.625, 1.9915636891318764e-24, nan 
-110.375, -83.625, 1.956037399912052e-24, nan 
-110.125, -83.625, 1.8415457219640345e-24, nan 
-109.875, -83.625, 1.7424877526311505e-24, nan 
-109.625, -83.625, 1.6177771649774296e-24, nan 
-109.375, -83.625, 1.4954062222514875e-24, nan 
-109.125, -83.625, 1.5672870542865047e-24, nan 
-108.875, -83.625, 1.5984571208666569e-24, nan 
-108.625, -83.625, 1.2737938896277458e-24, nan 
-108.375, -83.625, 1.1889923701817554e-24, nan 
-108.125, -83.625, 1.1903537656791239e-24, nan 
-107.875, -83.625, 2.469041110415855e-24, nan 
-107.625, -83.625, 2.754870133302342e-24, nan 
-107.375, -83.625, 2.5716094493128192e-24, nan 
-107.125, -83.625, 2.4429116074311642e-24, nan 
-106.875, -83.625, 2.354226885111662e-24, nan 
-106.625, -83.625, 2.3628976279461553e-24, nan 
-106.375, -83.625, 2.6959229608473914e-24, nan 
-106.125, -83.625, 2.969433795354254e-24, nan 
-105.875, -83.625, 3.003518753639575e-24, nan 
-105.625, -83.625, 2.8348979746528565e-24, nan 
-105.375, -83.625, 2.665293262302959e-24, nan 
-105.125, -83.625, 2.6484652189043265e-24, nan 
-104.875, -83.625, 2.845364942606286e-24, nan 
-104.625, -83.625, 3.110941101699296e-24, nan 
-104.375, -83.625, 3.5769232980103096e-24, nan 
-104.125, -83.625, 4.9099738282433316e-24, nan 
-103.875, -83.625, 5.0150314815632435e-24, nan 
-103.625, -83.625, 4.755196370429097e-24, nan 
-103.375, -83.625, 4.8410099197223726e-24, nan 
-103.125, -83.625, 3.97615215897148e-24, nan 
-102.875, -83.625, 3.56097721044231e-24, nan 
-102.625, -83.625, 2.5472098122028075e-24, nan 
-102.375, -83.625, 2.5292532438113224e-24, nan 
-102.125, -83.625, 2.7017060344613604e-24, nan 
-101.875, -83.625, 2.9255739535812177e-24, nan 
-101.625, -83.625, 2.8021151163338568e-24, nan 
-101.375, -83.625, 2.5135098925473417e-24, nan 
-101.125, -83.625, 3.0666403059829153e-24, nan 
-100.875, -83.625, 3.535530841244587e-24, nan 
-100.625, -83.625, 3.0608877398169194e-24, nan 
-100.375, -83.625, 1.5851075704951244e-24, nan 
-100.125, -83.625, 1.4893083002489733e-24, nan 
-99.875, -83.625, 1.5200542394608384e-24, nan 
-99.625, -83.625, 2.142940652066301e-24, nan 
-99.375, -83.625, 2.254071560368976e-24, nan 
-99.125, -83.625, 2.03169224986264e-24, nan 
-98.875, -83.625, 2.747910083243947e-24, nan 
-98.625, -83.625, 3.917812557500435e-24, nan 
-98.375, -83.625, 3.357283426335774e-24, nan 
-98.125, -83.625, 2.7363749704357977e-24, nan 
-97.875, -83.625, 2.4209089724378608e-24, nan 
-97.625, -83.625, 2.0862160220982908e-24, nan 
-97.375, -83.625, 1.7104786516435818e-24, nan 
-97.125, -83.625, 2.1033686863373174e-24, nan 
-96.875, -83.625, 2.029223992793729e-24, nan 
-96.625, -83.625, 1.641983180899907e-24, nan 
-96.375, -83.625, 1.6264589867671044e-24, nan 
-96.125, -83.625, 1.5073434490612992e-24, nan 
-95.875, -83.625, 1.4537011870043235e-24, nan 
-95.625, -83.625, 1.3191268299420513e-24, nan 
-95.375, -83.625, 1.2192317153548149e-24, nan 
-95.125, -83.625, 1.0218431446692869e-24, nan 
-94.875, -83.625, 1.2162567517871474e-24, nan 
-94.625, -83.625, 1.1350250965171776e-24, nan 
-94.375, -83.625, 8.892700086650243e-25, nan 
-94.125, -83.625, 4.231296461813254e-25, nan 
-93.875, -83.625, 4.977339521140873e-25, nan 
-93.625, -83.625, 5.534565078598493e-25, nan 
-93.375, -83.625, 5.724570573966246e-25, nan 
-93.125, -83.625, 7.00274886076763e-25, nan 
-92.875, -83.625, 7.340400638100323e-25, nan 
-92.625, -83.625, 7.4251973288054945e-25, nan 
-92.375, -83.625, 7.835449198070299e-25, nan 
-92.125, -83.625, 7.922318697028973e-25, nan 
-91.875, -83.625, 7.963426701552153e-25, nan 
-91.625, -83.625, 7.867831760471829e-25, nan 
-91.375, -83.625, 7.278582674546113e-25, nan 
-91.125, -83.625, 6.967499478416041e-25, nan 
-90.875, -83.625, 7.098283137317396e-25, nan 
-90.625, -83.625, 6.854742999337452e-25, nan 
-90.375, -83.625, 6.969445566949105e-25, nan 
-90.125, -83.625, 7.272164339759756e-25, nan 
-89.875, -83.625, 7.341331529868238e-25, nan 
-89.625, -83.625, 7.831393223613221e-25, nan 
-89.375, -83.625, 9.626504011464038e-25, nan 
-89.125, -83.625, 1.9942309895320923e-24, nan 
-88.875, -83.625, 2.521275960521574e-24, nan 
-88.625, -83.625, 2.6712726845355608e-24, nan 
-88.375, -83.625, 2.6532553788547584e-24, nan 
-88.125, -83.625, 2.6086050406562808e-24, nan 
-87.875, -83.625, 2.5968498209715608e-24, nan 
-87.625, -83.625, 2.7333551162209586e-24, nan 
-87.375, -83.625, 2.7208555835313607e-24, nan 
-87.125, -83.625, 3.7938032361902774e-24, nan 
-86.875, -83.625, 5.83024361173958e-24, nan 
-86.625, -83.625, 6.317345575938442e-24, nan 
-86.375, -83.625, 6.207864834421647e-24, nan 
-86.125, -83.625, 5.128897981875873e-24, nan 
-85.875, -83.625, 4.372903890968058e-24, nan 
-85.625, -83.625, 3.6978339244243904e-24, nan 
-85.375, -83.625, 3.570832058852449e-24, nan 
-85.125, -83.625, 4.467801028522871e-24, nan 
-84.875, -83.625, 4.900524249150666e-24, nan 
-84.625, -83.625, 7.168839526940655e-24, nan 
-84.375, -83.625, 6.636236461560718e-24, nan 
-84.125, -83.625, 6.574635571945769e-24, nan 
-83.875, -83.625, 5.556215631671679e-24, nan 
-83.625, -83.625, 5.1188878498924796e-24, nan 
-83.375, -83.625, 4.2659029919665734e-24, nan 
-83.125, -83.625, 3.749437825915981e-24, nan 
-82.875, -83.625, 2.8061610858211488e-24, nan 
-82.625, -83.625, 2.512576226067375e-24, nan 
-82.375, -83.625, 3.943043737740797e-24, nan 
-82.125, -83.625, 4.366221348061359e-24, nan 
-81.875, -83.625, 4.5580070563735074e-24, nan 
-81.625, -83.625, 4.34840488126524e-24, nan 
-81.375, -83.625, 3.982143282897595e-24, nan 
-81.125, -83.625, 3.2789158563927194e-24, nan 
-80.875, -83.625, 2.6594200220184057e-24, nan 
-80.625, -83.625, 2.3943493348443083e-24, nan 
-80.375, -83.625, 1.7000807755425783e-24, nan 
-80.125, -83.625, 2.2574283075526064e-24, nan 
-79.875, -83.625, 2.2929903967498876e-24, nan 
-79.625, -83.625, 1.5062961934058018e-24, nan 
-79.375, -83.625, 1.0852453166963098e-24, nan 
-79.125, -83.625, 1.325019899198196e-24, nan 
-78.875, -83.625, 1.6282432404791358e-24, nan 
-78.625, -83.625, 1.8964356387919977e-24, nan 
-78.375, -83.625, 1.7557652017720455e-24, nan 
-78.125, -83.625, 1.6635464479259075e-24, nan 
-77.875, -83.625, 1.7540320391039134e-24, nan 
-77.625, -83.625, 1.9559574335297136e-24, nan 
-77.375, -83.625, 2.165565258544223e-24, nan 
-77.125, -83.625, 2.013249917847523e-24, nan 
-76.875, -83.625, 1.853295042122994e-24, nan 
-76.625, -83.625, 2.0575229392183916e-24, nan 
-76.375, -83.625, 2.1520957960512967e-24, nan 
-76.125, -83.625, 2.0816725475415833e-24, nan 
-75.875, -83.625, 1.7724367369845917e-24, nan 
-75.625, -83.625, 2.020327862787471e-24, nan 
-75.375, -83.625, 2.5169460376492503e-24, nan 
-75.125, -83.625, 2.9340574887834075e-24, nan 
-74.875, -83.625, 2.57484632303874e-24, nan 
-74.625, -83.625, 1.2790906353288887e-24, nan 
-74.375, -83.625, 2.003179433163566e-24, nan 
-74.125, -83.625, 2.865744022823209e-24, nan 
-73.875, -83.625, 2.815199441484197e-24, nan 
-73.625, -83.625, 2.4690709516022727e-24, nan 
-73.375, -83.625, 2.804793300378091e-24, nan 
-73.125, -83.625, 3.324915620374364e-24, nan 
-72.875, -83.625, 3.1311683746364357e-24, nan 
-72.625, -83.625, 2.7535477621751327e-24, nan 
-72.375, -83.625, 1.86875401234493e-24, nan 
-72.125, -83.625, 9.439994382475036e-25, nan 
-71.875, -83.625, 1.581119410544813e-24, nan 
-71.625, -83.625, 3.525166603050049e-24, nan 
-71.375, -83.625, 3.2287537238728832e-24, nan 
-71.125, -83.625, 3.3642330635206215e-24, nan 
-70.875, -83.625, 3.530785623369938e-24, nan 
-70.625, -83.625, 3.54838616526859e-24, nan 
-70.375, -83.625, 3.4258054001286656e-24, nan 
-70.125, -83.625, 3.772362845248816e-24, nan 
-69.875, -83.625, 4.2252997185877154e-24, nan 
-69.625, -83.625, 4.4368958249706024e-24, nan 
-69.375, -83.625, 5.541807386158922e-24, nan 
-69.125, -83.625, 5.64919966560159e-24, nan 
-68.875, -83.625, 4.5596761229398826e-24, nan 
-68.625, -83.625, 3.403082177828291e-24, nan 
-68.375, -83.625, 3.3271162596595394e-24, nan 
-68.125, -83.625, 3.568700257124792e-24, nan 
-67.875, -83.625, 3.888131367593752e-24, nan 
-67.625, -83.625, 3.763942714853171e-24, nan 
-67.375, -83.625, 3.4581634817640785e-24, nan 
-67.125, -83.625, 3.673086548675653e-24, nan 
-66.875, -83.625, 3.749013951891204e-24, nan 
-66.625, -83.625, 4.0068758270227054e-24, nan 
-66.375, -83.625, 4.052248728334162e-24, nan 
-66.125, -83.625, 4.0846191862584104e-24, nan 
-65.875, -83.625, 4.3213532344461264e-24, nan 
-65.625, -83.625, 4.603302052952589e-24, nan 
-65.375, -83.625, 4.450921548064993e-24, nan 
-65.125, -83.625, 4.464695844313925e-24, nan 
-64.875, -83.625, 4.6217592600544635e-24, nan 
-64.625, -83.625, 3.9350727477597315e-24, nan 
-64.375, -83.625, 3.586772986144288e-24, nan 
-64.125, -83.625, 3.229011975638539e-24, nan 
-63.875, -83.625, 2.974576816127465e-24, nan 
-63.625, -83.625, 3.1382067371175354e-24, nan 
-63.375, -83.625, 2.839856154535963e-24, nan 
-63.125, -83.625, 2.7235084816230145e-24, nan 
-62.875, -83.625, 3.451771016693564e-24, nan 
-62.625, -83.625, 3.634980318727975e-24, nan 
-62.375, -83.625, 3.781047887469486e-24, nan 
-62.125, -83.625, 4.046354574257892e-24, nan 
-61.875, -83.625, 4.277006551116755e-24, nan 
-61.625, -83.625, 4.189528944267321e-24, nan 
-61.375, -83.625, 3.8793386177489494e-24, nan 
-61.125, -83.625, 3.6757813740225825e-24, nan 
-60.875, -83.625, 3.658804876865302e-24, nan 
-60.625, -83.625, 3.393343673199642e-24, nan 
-60.375, -83.625, 3.592440389414956e-24, nan 
-60.125, -83.625, 3.9506491128608146e-24, nan 
-59.875, -83.625, 4.440497135307098e-24, nan 
-59.625, -83.625, 4.660138340392911e-24, nan 
-59.375, -83.625, 4.894488961026983e-24, nan 
-59.125, -83.625, 4.5895403448148875e-24, nan 
-58.875, -83.625, 4.15128110107281e-24, nan 
-58.625, -83.625, 4.191937780014093e-24, nan 
-58.375, -83.625, 3.3221028380897e-24, nan 
-58.125, -83.625, 3.2352753255442008e-24, nan 
-57.875, -83.625, 3.3896653211219644e-24, nan 
-57.625, -83.625, 3.5666348837121404e-24, nan 
-57.375, -83.625, 3.80797101940351e-24, nan 
-57.125, -83.625, 4.207040398888497e-24, nan 
-56.875, -83.625, 4.2266706598867936e-24, nan 
-56.625, -83.625, 4.1650182285612216e-24, nan 
-56.375, -83.625, 4.158431957492855e-24, nan 
-56.125, -83.625, 3.873413333127992e-24, nan 
-55.875, -83.625, 4.652933758488714e-24, nan 
-55.625, -83.625, 4.671654569165126e-24, nan 
-55.375, -83.625, 4.790615006302125e-24, nan 
-55.125, -83.625, 5.0819429539400626e-24, nan 
-54.875, -83.625, 6.382806996944025e-24, nan 
-54.625, -83.625, 7.231107154903864e-24, nan 
-54.375, -83.625, 8.346842443988047e-24, nan 
-54.125, -83.625, 1.0943418973741027e-23, nan 
-53.875, -83.625, 1.2088115468502713e-23, nan 
-53.625, -83.625, 1.1408179563529308e-23, nan 
-53.375, -83.625, 1.1028435467170115e-23, nan 
-53.125, -83.625, 1.091201035298515e-23, nan 
-52.875, -83.625, 1.3331842863450394e-23, nan 
-52.625, -83.625, 1.337975200093716e-23, nan 
-52.375, -83.625, 1.3162605682689663e-23, nan 
-52.125, -83.625, 1.3193536347958435e-23, nan 
-51.875, -83.625, 1.4376894760917924e-23, nan 
-51.625, -83.625, 1.4131373336485176e-23, nan 
-51.375, -83.625, 1.2923753666480282e-23, nan 
-51.125, -83.625, 1.2648166053672299e-23, nan 
-50.875, -83.625, 1.2574758433092139e-23, nan 
-50.625, -83.625, 1.0585022674670917e-23, nan 
-50.375, -83.625, 9.065413793401791e-24, nan 
-50.125, -83.625, 8.301682638919491e-24, nan 
-49.875, -83.625, 8.060893716245678e-24, nan 
-49.625, -83.625, 6.497527124164059e-24, nan 
-49.375, -83.625, 7.09789764210719e-24, nan 
-49.125, -83.625, 7.500987100010488e-24, nan 
-48.875, -83.625, 7.29765405335682e-24, nan 
-48.625, -83.625, 6.670544836137178e-24, nan 
-48.375, -83.625, 6.483328693896977e-24, nan 
-48.125, -83.625, 7.548769356786503e-24, nan 
-47.875, -83.625, 8.847013819103161e-24, nan 
-47.625, -83.625, 9.537213218446123e-24, nan 
-47.375, -83.625, 7.986692950577409e-24, nan 
-47.125, -83.625, 7.528062427977106e-24, nan 
-46.875, -83.625, 8.443938103536485e-24, nan 
-46.625, -83.625, 9.924873634397567e-24, nan 
-46.375, -83.625, 1.1414516164121358e-23, nan 
-46.125, -83.625, 1.3152148152333375e-23, nan 
-45.875, -83.625, 1.3480559004900044e-23, nan 
-45.625, -83.625, 1.3452826393530926e-23, nan 
-45.375, -83.625, 1.1978784758338899e-23, nan 
-45.125, -83.625, 1.1052930760747955e-23, nan 
-44.875, -83.625, 1.1402273717861789e-23, nan 
-44.625, -83.625, 1.195215858997492e-23, nan 
-44.375, -83.625, 1.4094968021858188e-23, nan 
-44.125, -83.625, 1.5958785515146076e-23, nan 
-43.875, -83.625, 1.7821288303661904e-23, nan 
-43.625, -83.625, 1.879261156930577e-23, nan 
-43.375, -83.625, 2.0099934651626946e-23, nan 
-43.125, -83.625, 1.9938888971203748e-23, nan 
-42.875, -83.625, 1.9386099504546884e-23, nan 
-42.625, -83.625, 1.865147238444375e-23, nan 
-42.375, -83.625, 1.5958041177567744e-23, nan 
-42.125, -83.625, 1.3918018126970555e-23, nan 
-41.875, -83.625, 1.2894197973644785e-23, nan 
-41.625, -83.625, 1.2405166401306073e-23, nan 
-41.375, -83.625, 1.609614203286386e-23, nan 
-41.125, -83.625, 2.0357852147762596e-23, nan 
-40.875, -83.625, 2.186087589710775e-23, nan 
-40.625, -83.625, 2.192075213557193e-23, nan 
-40.375, -83.625, 2.107928585475421e-23, nan 
-40.125, -83.625, 2.0700139457588506e-23, nan 
-39.875, -83.625, 2.079338506560789e-23, nan 
-39.625, -83.625, 2.2261553905454697e-23, nan 
-39.375, -83.625, 2.4882070654211097e-23, nan 
-39.125, -83.625, 1.9169733215574251e-23, nan 
-38.875, -83.625, 2.0321959534440697e-23, nan 
-38.625, -83.625, 2.2077333872791716e-23, nan 
-38.375, -83.625, 2.2817000110617613e-23, nan 
-38.125, -83.625, 1.829316333909768e-23, nan 
-37.875, -83.625, 1.7886067163929235e-23, nan 
-37.625, -83.625, 1.776438234778044e-23, nan 
-37.375, -83.625, 1.829229245967895e-23, nan 
-37.125, -83.625, 2.0353837861171598e-23, nan 
-36.875, -83.625, 1.3803752642058626e-23, nan 
-36.625, -83.625, 9.41407467594728e-24, nan 
-36.375, -83.625, 1.577686841553991e-23, nan 
-36.125, -83.625, 1.9247931341527373e-23, nan 
-35.875, -83.625, 1.8157415377901057e-23, nan 
-35.625, -83.625, 1.500724425620106e-23, nan 
-35.375, -83.625, 1.331940353538455e-23, nan 
-35.125, -83.625, 1.2829243915854248e-23, nan 
-34.875, -83.625, 1.3456380398752064e-23, nan 
-34.625, -83.625, 1.375914555267612e-23, nan 
-34.375, -83.625, 1.506817943485142e-23, nan 
-34.125, -83.625, 1.708990452366851e-23, nan 
-33.875, -83.625, 1.7439902190568462e-23, nan 
-33.625, -83.625, 1.6941973815008053e-23, nan 
-33.375, -83.625, 1.61199316640916e-23, nan 
-33.125, -83.625, 1.6515583248752135e-23, nan 
-32.875, -83.625, 1.3982728816578477e-23, nan 
-32.625, -83.625, 1.0987558897112283e-23, nan 
-32.375, -83.625, 8.931264505999804e-24, nan 
-32.125, -83.625, 8.303059061091506e-24, nan 
-31.875, -83.625, 1.0727318617096969e-23, nan 
-31.625, -83.625, 1.0386760210805608e-23, nan 
-31.375, -83.625, 9.675043740075807e-24, nan 
-31.125, -83.625, 1.009303047608315e-23, nan 
-30.875, -83.625, 1.1171467535746301e-23, nan 
-30.625, -83.625, 1.1671029829518009e-23, nan 
-30.375, -83.625, 1.2271360228273102e-23, nan 
-30.125, -83.625, 1.3173517528398949e-23, nan 
-29.875, -83.625, 1.5338254975964285e-23, nan 
-29.625, -83.625, 1.6499929506294232e-23, nan 
-29.375, -83.625, 1.5592003403797534e-23, nan 
-29.125, -83.625, 1.2848541012773322e-23, nan 
-28.875, -83.625, 1.1126694261095567e-23, nan 
-28.625, -83.625, 1.2276722853792405e-23, nan 
-28.375, -83.625, 1.214860046484897e-23, nan 
-28.125, -83.625, 1.1704064974772629e-23, nan 
-27.875, -83.625, 1.1221331130296063e-23, nan 
-27.625, -83.625, 1.1096989882103731e-23, nan 
-27.375, -83.625, 1.000021698870786e-23, nan 
-27.125, -83.625, 6.378627984785366e-24, nan 
-26.875, -83.625, 5.184051036740759e-24, nan 
-26.625, -83.625, 7.447621377962874e-24, nan 
-26.375, -83.625, 1.0908032786021444e-23, nan 
-26.125, -83.625, 1.0987062101867487e-23, nan 
-25.875, -83.625, 9.076580724170481e-24, nan 
-25.625, -83.625, 8.684659006915186e-24, nan 
-25.375, -83.625, 8.301840040726616e-24, nan 
-25.125, -83.625, 5.975755463154782e-24, nan 
-24.875, -83.625, 4.2090186580241784e-24, nan 
-24.625, -83.625, 3.507029190475608e-24, nan 
-24.375, -83.625, 3.2971603942777116e-24, nan 
-24.125, -83.625, 4.121568990938973e-24, nan 
-23.875, -83.625, 4.671421649775433e-24, nan 
-23.625, -83.625, 4.629433705972594e-24, nan 
-23.375, -83.625, 4.3009465657172215e-24, nan 
-23.125, -83.625, 4.202937678580019e-24, nan 
-22.875, -83.625, 4.0011385105016385e-24, nan 
-22.625, -83.625, 4.55411238066828e-24, nan 
-22.375, -83.625, 4.471856014449151e-24, nan 
-22.125, -83.625, 4.90192875504467e-24, nan 
-21.875, -83.625, 3.479660962806827e-24, nan 
-21.625, -83.625, 4.749437971870016e-24, nan 
-21.375, -83.625, 6.173097463885644e-24, nan 
-21.125, -83.625, 5.121995058380377e-24, nan 
-20.875, -83.625, 2.356212674980766e-24, nan 
-20.625, -83.625, 2.7688697768748953e-24, nan 
-20.375, -83.625, 3.546123572042299e-24, nan 
-20.125, -83.625, 2.844748472359225e-24, nan 
-19.875, -83.625, 3.2058098897357672e-24, nan 
-19.625, -83.625, 4.414889305257915e-24, nan 
-19.375, -83.625, 4.246954796391846e-24, nan 
-19.125, -83.625, 4.586885383451205e-24, nan 
-18.875, -83.625, 4.826118269059255e-24, nan 
-18.625, -83.625, 5.016278413192553e-24, nan 
-18.375, -83.625, 4.3588119076653195e-24, nan 
-18.125, -83.625, 3.170653474153566e-24, nan 
-17.875, -83.625, 3.060220898002695e-24, nan 
-17.625, -83.625, 2.8647856659628013e-24, nan 
-17.375, -83.625, 3.36392242185308e-24, nan 
-17.125, -83.625, 3.8969648599970845e-24, nan 
-16.875, -83.625, 4.6629238875368076e-24, nan 
-16.625, -83.625, 4.4975597760085185e-24, nan 
-16.375, -83.625, 4.446699182491225e-24, nan 
-16.125, -83.625, 3.76107856812028e-24, nan 
-15.875, -83.625, 2.9709700074648956e-24, nan 
-15.625, -83.625, 2.9697501832138235e-24, nan 
-15.375, -83.625, 2.9584872463452093e-24, nan 
-15.125, -83.625, 2.7036942453841227e-24, nan 
-14.875, -83.625, 2.9205374962795444e-24, nan 
-14.625, -83.625, 2.6703627095263218e-24, nan 
-14.375, -83.625, 2.27179362023795e-24, nan 
-14.125, -83.625, 1.8126759906029893e-24, nan 
-13.875, -83.625, 2.0421805584672885e-24, nan 
-13.625, -83.625, 2.7993625684426356e-24, nan 
-13.375, -83.625, 3.428693253101289e-24, nan 
-13.125, -83.625, 3.7376868281512064e-24, nan 
-12.875, -83.625, 3.2799754637601627e-24, nan 
-12.625, -83.625, 3.472094859547506e-24, nan 
-12.375, -83.625, 3.5060303138866644e-24, nan 
-12.125, -83.625, 2.576484702364025e-24, nan 
-11.875, -83.625, 1.7601564244482022e-24, nan 
-11.625, -83.625, 1.796124412438271e-24, nan 
-11.375, -83.625, 2.354242086632293e-24, nan 
-11.125, -83.625, 3.2207273976949514e-24, nan 
-10.875, -83.625, 3.450563973758296e-24, nan 
-10.625, -83.625, 5.301022999755383e-24, nan 
-10.375, -83.625, 6.063925265605722e-24, nan 
-10.125, -83.625, 3.741681298537977e-24, nan 
-9.875, -83.625, 3.0350733535712334e-24, nan 
-9.625, -83.625, 3.756645254577326e-24, nan 
-9.375, -83.625, 1.8451508244948194e-24, nan 
-9.125, -83.625, 1.3256234679270463e-24, nan 
-8.875, -83.625, 1.7754908520929507e-24, nan 
-8.625, -83.625, 1.2031068425032953e-24, nan 
-8.375, -83.625, 1.1643252216655121e-24, nan 
-8.125, -83.625, 2.113522316142672e-24, nan 
-7.875, -83.625, 1.9309607273624333e-24, nan 
-7.625, -83.625, 2.1380550208668865e-24, nan 
-7.375, -83.625, 2.304775253792901e-24, nan 
-7.125, -83.625, 3.7613749815877826e-24, nan 
-6.875, -83.625, 5.724489629184255e-24, nan 
-6.625, -83.625, 5.750755345345755e-24, nan 
-6.375, -83.625, 5.713954961158993e-24, nan 
-6.125, -83.625, 5.6490425614179076e-24, nan 
-5.875, -83.625, 3.622994126902635e-24, nan 
-5.625, -83.625, 3.641610341507904e-24, nan 
-5.375, -83.625, 3.627591473310021e-24, nan 
-5.125, -83.625, 3.6185949016774154e-24, nan 
-4.875, -83.625, 3.311976252777791e-24, nan 
-4.625, -83.625, 3.6747919202313536e-24, nan 
-4.375, -83.625, 3.740887067433474e-24, nan 
-4.125, -83.625, 3.8678882495134495e-24, nan 
-3.875, -83.625, 4.153856594553314e-24, nan 
-3.625, -83.625, 3.367672383376323e-24, nan 
-3.375, -83.625, 3.0904322622709075e-24, nan 
-3.125, -83.625, 2.701372218076895e-24, nan 
-2.875, -83.625, 4.105351060602688e-24, nan 
-2.625, -83.625, 3.871982747042952e-24, nan 
-2.375, -83.625, 2.5697091606465996e-24, nan 
-2.125, -83.625, 1.3166702422365248e-24, nan 
-1.875, -83.625, 1.4023861533327362e-24, nan 
-1.625, -83.625, 1.2486362910681456e-24, nan 
-1.375, -83.625, 1.4684515473827864e-24, nan 
-1.125, -83.625, 1.4022526950919982e-24, nan 
-0.875, -83.625, 1.425829585170414e-24, nan 
-0.625, -83.625, 1.946851642533256e-24, nan 
-0.375, -83.625, 2.5934919064573303e-24, nan 
-0.125, -83.625, 3.3505632091196946e-24, nan 
0.125, -83.625, 3.399547376533012e-24, nan 
0.375, -83.625, 4.7211870203354764e-24, nan 
0.625, -83.625, 5.161885304576854e-24, nan 
0.875, -83.625, 3.694333224137874e-24, nan 
1.125, -83.625, 4.059596802105594e-24, nan 
1.375, -83.625, 4.548583380356987e-24, nan 
1.625, -83.625, 4.9006463838381115e-24, nan 
1.875, -83.625, 4.3033859028022874e-24, nan 
2.125, -83.625, 4.186712668516215e-24, nan 
2.375, -83.625, 4.247589906219222e-24, nan 
2.625, -83.625, 4.4266984164255595e-24, nan 
2.875, -83.625, 3.950844102620811e-24, nan 
3.125, -83.625, 4.254869157926025e-24, nan 
3.375, -83.625, 3.973693719010326e-24, nan 
3.625, -83.625, 3.630483983886629e-24, nan 
3.875, -83.625, 3.187510480041228e-24, nan 
4.125, -83.625, 2.843004226604168e-24, nan 
4.375, -83.625, 2.9248440209210816e-24, nan 
4.625, -83.625, 2.954015657760786e-24, nan 
4.875, -83.625, 3.0058389305333855e-24, nan 
5.125, -83.625, 2.9236168415995634e-24, nan 
5.375, -83.625, 3.1968580341478064e-24, nan 
5.625, -83.625, 2.6242296758035427e-24, nan 
5.875, -83.625, 1.5726616032231906e-23, nan 
6.125, -83.625, 2.802974841071533e-24, nan 
6.375, -83.625, 9.439625927701735e-24, nan 
6.625, -83.625, 1.5323953401723397e-23, nan 
6.875, -83.625, 1.3029076011822186e-23, nan 
7.125, -83.625, 2.106806588422639e-24, nan 
7.375, -83.625, 2.2258428175858975e-24, nan 
7.625, -83.625, 2.751388238758556e-24, nan 
7.875, -83.625, 3.239817301062263e-24, nan 
8.125, -83.625, 4.097580894755996e-24, nan 
-111.625, -83.375, 1.0510768443676171e-24, nan 
-111.375, -83.375, 1.1106305023426057e-24, nan 
-111.125, -83.375, 1.3844270078488747e-24, nan 
-110.875, -83.375, 1.7073998588202574e-24, nan 
-110.625, -83.375, 1.9028390485093766e-24, nan 
-110.375, -83.375, 1.80399181088374e-24, nan 
-110.125, -83.375, 1.585373418754543e-24, nan 
-109.875, -83.375, 1.1849846586582604e-24, nan 
-109.625, -83.375, 1.025307375436979e-24, nan 
-109.375, -83.375, 1.0048145669429765e-24, nan 
-109.125, -83.375, 1.0932490507106818e-24, nan 
-108.875, -83.375, 1.4665066084708959e-24, nan 
-108.625, -83.375, 1.756898311043799e-24, nan 
-108.375, -83.375, 2.015380104485992e-24, nan 
-108.125, -83.375, 1.8757745200737917e-24, nan 
-107.875, -83.375, 1.5374739024310529e-24, nan 
-107.625, -83.375, 1.0186322106256811e-24, nan 
-107.375, -83.375, 7.473998189687768e-25, nan 
-107.125, -83.375, 6.284668924675879e-25, nan 
-106.875, -83.375, 5.452446325602248e-25, nan 
-106.625, -83.375, 8.66728666058007e-25, nan 
-106.375, -83.375, 1.1787407918771045e-24, nan 
-106.125, -83.375, 1.4001579161543873e-24, nan 
-105.875, -83.375, 1.455106204060351e-24, nan 
-105.625, -83.375, 1.5229593529207892e-24, nan 
-105.375, -83.375, 1.940992977341188e-24, nan 
-105.125, -83.375, 1.883040355694056e-24, nan 
-104.875, -83.375, 1.9846704132275335e-24, nan 
-104.625, -83.375, 2.2931123514128712e-24, nan 
-104.375, -83.375, 2.3731500367767837e-24, nan 
-104.125, -83.375, 2.5713214206873144e-24, nan 
-103.875, -83.375, 2.4570441308452663e-24, nan 
-103.625, -83.375, 2.0798742544841496e-24, nan 
-103.375, -83.375, 1.8547727187944716e-24, nan 
-103.125, -83.375, 1.2585957258982202e-24, nan 
-102.875, -83.375, 1.2363419624611394e-24, nan 
-102.625, -83.375, 1.3351657514362067e-24, nan 
-102.375, -83.375, 1.4852263995742282e-24, nan 
-102.125, -83.375, 1.4179893300478885e-24, nan 
-101.875, -83.375, 1.2864389982382437e-24, nan 
-101.625, -83.375, 1.0357368905811038e-24, nan 
-101.375, -83.375, 9.186698577620743e-25, nan 
-101.125, -83.375, 1.088294243626029e-24, nan 
-100.875, -83.375, 1.4993826519071452e-24, nan 
-100.625, -83.375, 1.5498395478488047e-24, nan 
-100.375, -83.375, 1.6584945358150934e-24, nan 
-100.125, -83.375, 1.9243255129439013e-24, nan 
-99.875, -83.375, 1.932368921009994e-24, nan 
-99.625, -83.375, 2.163371028824472e-24, nan 
-99.375, -83.375, 2.2991444792074446e-24, nan 
-99.125, -83.375, 2.315213220682136e-24, nan 
-98.875, -83.375, 2.3582398380342143e-24, nan 
-98.625, -83.375, 2.258582624300097e-24, nan 
-98.375, -83.375, 1.8912259030316743e-24, nan 
-98.125, -83.375, 2.1078781364293366e-24, nan 
-97.875, -83.375, 1.9509501749209194e-24, nan 
-97.625, -83.375, 1.0253382784425299e-24, nan 
-97.375, -83.375, 7.727587111066231e-25, nan 
-97.125, -83.375, 1.0430342336552758e-24, nan 
-96.875, -83.375, 1.0314453753247659e-24, nan 
-96.625, -83.375, 7.919984154961259e-25, nan 
-96.375, -83.375, 2.6395239924875454e-25, nan 
-96.125, -83.375, 4.7286477010713165e-25, nan 
-95.875, -83.375, 4.782036776209935e-25, nan 
-95.625, -83.375, 4.0967229224547927e-25, nan 
-95.375, -83.375, 4.27374515697041e-25, nan 
-95.125, -83.375, 3.5924074247249716e-25, nan 
-94.875, -83.375, 3.2749718029436636e-25, nan 
-94.625, -83.375, 3.686747525686928e-25, nan 
-94.375, -83.375, 3.5153169025113803e-25, nan 
-94.125, -83.375, 3.6523013992024513e-25, nan 
-93.875, -83.375, 4.056225924383065e-25, nan 
-93.625, -83.375, 4.206332096021338e-25, nan 
-93.375, -83.375, 4.758451341826899e-25, nan 
-93.125, -83.375, 5.215756622784152e-25, nan 
-92.875, -83.375, 5.988971843373637e-25, nan 
-92.625, -83.375, 6.265869133509859e-25, nan 
-92.375, -83.375, 5.956135440506566e-25, nan 
-92.125, -83.375, 6.096001552183322e-25, nan 
-91.875, -83.375, 6.264297611531131e-25, nan 
-91.625, -83.375, 6.061111678926854e-25, nan 
-91.375, -83.375, 5.931804833359346e-25, nan 
-91.125, -83.375, 5.932087146211294e-25, nan 
-90.875, -83.375, 5.658482058922582e-25, nan 
-90.625, -83.375, 5.785907369261865e-25, nan 
-90.375, -83.375, 6.083000014856061e-25, nan 
-90.125, -83.375, 5.676430322149099e-25, nan 
-89.875, -83.375, 5.671937241368813e-25, nan 
-89.625, -83.375, 5.6040095313686695e-25, nan 
-89.375, -83.375, 5.970961647908257e-25, nan 
-89.125, -83.375, 6.52213800931751e-25, nan 
-88.875, -83.375, 6.328413701732802e-25, nan 
-88.625, -83.375, 7.507741919976847e-25, nan 
-88.375, -83.375, 1.136360301973847e-24, nan 
-88.125, -83.375, 1.90168008218526e-24, nan 
-87.875, -83.375, 3.1365444646392433e-24, nan 
-87.625, -83.375, 3.2202055582715465e-24, nan 
-87.375, -83.375, 2.786805530560213e-24, nan 
-87.125, -83.375, 2.647754913549383e-24, nan 
-86.875, -83.375, 3.74854747217941e-24, nan 
-86.625, -83.375, 6.91557608699388e-24, nan 
-86.375, -83.375, 7.70980781830427e-24, nan 
-86.125, -83.375, 7.86957274708808e-24, nan 
-85.875, -83.375, 7.568632500367782e-24, nan 
-85.625, -83.375, 6.0269885585177235e-24, nan 
-85.375, -83.375, 5.690276015606756e-24, nan 
-85.125, -83.375, 5.441376430231241e-24, nan 
-84.875, -83.375, 5.822839560150176e-24, nan 
-84.625, -83.375, 6.208410316410552e-24, nan 
-84.375, -83.375, 6.973692936359998e-24, nan 
-84.125, -83.375, 8.121751077861299e-24, nan 
-83.875, -83.375, 8.807722447311816e-24, nan 
-83.625, -83.375, 8.994443252900164e-24, nan 
-83.375, -83.375, 7.25050616749981e-24, nan 
-83.125, -83.375, 6.440650762087625e-24, nan 
-82.875, -83.375, 4.565883607176823e-24, nan 
-82.625, -83.375, 4.916883876377753e-24, nan 
-82.375, -83.375, 3.771329347586009e-24, nan 
-82.125, -83.375, 2.4772034306696525e-24, nan 
-81.875, -83.375, 3.622493083768996e-24, nan 
-81.625, -83.375, 4.713014205124939e-24, nan 
-81.375, -83.375, 4.875022391783576e-24, nan 
-81.125, -83.375, 4.196565847962032e-24, nan 
-80.875, -83.375, 3.8864335922214694e-24, nan 
-80.625, -83.375, 3.354227750302696e-24, nan 
-80.375, -83.375, 2.9663548720010452e-24, nan 
-80.125, -83.375, 3.530379831841404e-24, nan 
-79.875, -83.375, 3.2204890142054957e-24, nan 
-79.625, -83.375, 2.4332958976540724e-24, nan 
-79.375, -83.375, 2.8160119254009714e-24, nan 
-79.125, -83.375, 2.885758755371336e-24, nan 
-78.875, -83.375, 2.5362588214790036e-24, nan 
-78.625, -83.375, 2.6101917816707654e-24, nan 
-78.375, -83.375, 2.8495155793320414e-24, nan 
-78.125, -83.375, 2.42275381955996e-24, nan 
-77.875, -83.375, 3.0773077381681738e-24, nan 
-77.625, -83.375, 2.7558220756679817e-24, nan 
-77.375, -83.375, 2.3935518182430696e-24, nan 
-77.125, -83.375, 2.4574738829865835e-24, nan 
-76.875, -83.375, 2.4221367304490765e-24, nan 
-76.625, -83.375, 2.165460316257117e-24, nan 
-76.375, -83.375, 1.9703819920267674e-24, nan 
-76.125, -83.375, 1.9655724068504225e-24, nan 
-75.875, -83.375, 1.960894338742329e-24, nan 
-75.625, -83.375, 1.7765942707516744e-24, nan 
-75.375, -83.375, 1.249103789901594e-24, nan 
-75.125, -83.375, 1.385515249751972e-24, nan 
-74.875, -83.375, 1.6889248462266394e-24, nan 
-74.625, -83.375, 1.4565834053484017e-24, nan 
-74.375, -83.375, 1.6888392059567275e-24, nan 
-74.125, -83.375, 2.066132728175494e-24, nan 
-73.875, -83.375, 2.1186239911124782e-24, nan 
-73.625, -83.375, 2.359571440750283e-24, nan 
-73.375, -83.375, 2.4018625370615962e-24, nan 
-73.125, -83.375, 2.5134286389047538e-24, nan 
-72.875, -83.375, 2.1014098888607463e-24, nan 
-72.625, -83.375, 2.0448980558738437e-24, nan 
-72.375, -83.375, 2.0921748839999717e-24, nan 
-72.125, -83.375, 2.340437085166205e-24, nan 
-71.875, -83.375, 2.227745984486627e-24, nan 
-71.625, -83.375, 1.785784074653272e-24, nan 
-71.375, -83.375, 2.0437242473521434e-24, nan 
-71.125, -83.375, 2.6989357436390214e-24, nan 
-70.875, -83.375, 3.860077758559652e-24, nan 
-70.625, -83.375, 3.6149358159605215e-24, nan 
-70.375, -83.375, 3.130896882470512e-24, nan 
-70.125, -83.375, 3.901493335066194e-24, nan 
-69.875, -83.375, 4.842400485717135e-24, nan 
-69.625, -83.375, 5.217981671511906e-24, nan 
-69.375, -83.375, 5.70587671008534e-24, nan 
-69.125, -83.375, 5.664490746610424e-24, nan 
-68.875, -83.375, 3.786278344098602e-24, nan 
-68.625, -83.375, 3.746273050128045e-24, nan 
-68.375, -83.375, 4.256906017215692e-24, nan 
-68.125, -83.375, 3.9757136361476175e-24, nan 
-67.875, -83.375, 4.270944311040702e-24, nan 
-67.625, -83.375, 4.592879517401657e-24, nan 
-67.375, -83.375, 4.3193965011568066e-24, nan 
-67.125, -83.375, 3.884995972884821e-24, nan 
-66.875, -83.375, 3.661514124810423e-24, nan 
-66.625, -83.375, 2.7526931257288844e-24, nan 
-66.375, -83.375, 2.7978934867946398e-24, nan 
-66.125, -83.375, 3.1138087390121995e-24, nan 
-65.875, -83.375, 3.101267129054867e-24, nan 
-65.625, -83.375, 3.1903584109745834e-24, nan 
-65.375, -83.375, 3.362806281871493e-24, nan 
-65.125, -83.375, 3.0180494371398978e-24, nan 
-64.875, -83.375, 2.8057087358896333e-24, nan 
-64.625, -83.375, 2.6274879796424622e-24, nan 
-64.375, -83.375, 2.405198808248757e-24, nan 
-64.125, -83.375, 2.4693743647464112e-24, nan 
-63.875, -83.375, 2.606082129409108e-24, nan 
-63.625, -83.375, 2.65924630918927e-24, nan 
-63.375, -83.375, 2.9335670251169603e-24, nan 
-63.125, -83.375, 4.055350702412563e-24, nan 
-62.875, -83.375, 3.5408799739807916e-24, nan 
-62.625, -83.375, 4.029299316075935e-24, nan 
-62.375, -83.375, 5.7901468844531266e-24, nan 
-62.125, -83.375, 7.380651652418931e-24, nan 
-61.875, -83.375, 5.757998345457474e-24, nan 
-61.625, -83.375, 6.151240422580287e-24, nan 
-61.375, -83.375, 6.262788927633663e-24, nan 
-61.125, -83.375, 5.603403038910061e-24, nan 
-60.875, -83.375, 2.7680922254096056e-24, nan 
-60.625, -83.375, 2.130115163435381e-24, nan 
-60.375, -83.375, 2.4669957339450338e-24, nan 
-60.125, -83.375, 3.819333337887576e-24, nan 
-59.875, -83.375, 6.5084346431301944e-24, nan 
-59.625, -83.375, 5.1640570005344335e-24, nan 
-59.375, -83.375, 5.487135612296722e-24, nan 
-59.125, -83.375, 5.777602225628971e-24, nan 
-58.875, -83.375, 4.601954737593759e-24, nan 
-58.625, -83.375, 3.5154567224234224e-24, nan 
-58.375, -83.375, 2.3995180904302928e-24, nan 
-58.125, -83.375, 2.1679930132551233e-24, nan 
-57.875, -83.375, 2.9090425311616492e-24, nan 
-57.625, -83.375, 5.036550049729512e-24, nan 
-57.375, -83.375, 4.2455253341049e-24, nan 
-57.125, -83.375, 4.454143526524955e-24, nan 
-56.875, -83.375, 4.854334225408771e-24, nan 
-56.625, -83.375, 4.2791669344560594e-24, nan 
-56.375, -83.375, 3.2998668696323825e-24, nan 
-56.125, -83.375, 2.6199532499007946e-24, nan 
-55.875, -83.375, 2.3796261484056042e-24, nan 
-55.625, -83.375, 2.2564443269244163e-24, nan 
-55.375, -83.375, 1.9469028372198687e-24, nan 
-55.125, -83.375, 1.8172705983304164e-24, nan 
-54.875, -83.375, 2.062617342112095e-24, nan 
-54.625, -83.375, 2.2991118782781097e-24, nan 
-54.375, -83.375, 2.4666656280522482e-24, nan 
-54.125, -83.375, 3.1150098692375172e-24, nan 
-53.875, -83.375, 4.1563965842806075e-24, nan 
-53.625, -83.375, 6.216961856265427e-24, nan 
-53.375, -83.375, 8.043072386136238e-24, nan 
-53.125, -83.375, 7.68113638401958e-24, nan 
-52.875, -83.375, 7.017701517682551e-24, nan 
-52.625, -83.375, 8.381916082377534e-24, nan 
-52.375, -83.375, 8.179164838282546e-24, nan 
-52.125, -83.375, 8.944668510519447e-24, nan 
-51.875, -83.375, 1.211601901223595e-23, nan 
-51.625, -83.375, 1.1872135861478743e-23, nan 
-51.375, -83.375, 1.1508312822646484e-23, nan 
-51.125, -83.375, 1.1523510630394185e-23, nan 
-50.875, -83.375, 1.1711357352121754e-23, nan 
-50.625, -83.375, 9.86145729625886e-24, nan 
-50.375, -83.375, 1.1267224547547346e-23, nan 
-50.125, -83.375, 1.2080755690187783e-23, nan 
-49.875, -83.375, 1.2712603856458529e-23, nan 
-49.625, -83.375, 1.453526984349555e-23, nan 
-49.375, -83.375, 1.3528460269573042e-23, nan 
-49.125, -83.375, 1.3215619526919103e-23, nan 
-48.875, -83.375, 1.3399753848845906e-23, nan 
-48.625, -83.375, 1.304621918593429e-23, nan 
-48.375, -83.375, 1.0864452497918305e-23, nan 
-48.125, -83.375, 9.100597058547454e-24, nan 
-47.875, -83.375, 9.714668584778303e-24, nan 
-47.625, -83.375, 1.0732458877440275e-23, nan 
-47.375, -83.375, 9.899455451272326e-24, nan 
-47.125, -83.375, 7.821957734466898e-24, nan 
-46.875, -83.375, 6.2215167333740406e-24, nan 
-46.625, -83.375, 6.270049318302218e-24, nan 
-46.375, -83.375, 7.5507110459666e-24, nan 
-46.125, -83.375, 6.865172711102054e-24, nan 
-45.875, -83.375, 6.35638578794041e-24, nan 
-45.625, -83.375, 6.899076537810564e-24, nan 
-45.375, -83.375, 5.8770658009043725e-24, nan 
-45.125, -83.375, 7.373180879270415e-24, nan 
-44.875, -83.375, 8.711277841527397e-24, nan 
-44.625, -83.375, 1.0085183948915802e-23, nan 
-44.375, -83.375, 1.1509223703622459e-23, nan 
-44.125, -83.375, 1.2867871259463642e-23, nan 
-43.875, -83.375, 1.4401889010964078e-23, nan 
-43.625, -83.375, 1.527786342661322e-23, nan 
-43.375, -83.375, 1.653993876527462e-23, nan 
-43.125, -83.375, 1.639921945425405e-23, nan 
-42.875, -83.375, 1.6862180327121757e-23, nan 
-42.625, -83.375, 1.6468076189594383e-23, nan 
-42.375, -83.375, 1.44732733586768e-23, nan 
-42.125, -83.375, 1.2767665857802193e-23, nan 
-41.875, -83.375, 1.2778335710169823e-23, nan 
-41.625, -83.375, 1.4048489626117274e-23, nan 
-41.375, -83.375, 1.4458304287331608e-23, nan 
-41.125, -83.375, 1.3898694369462985e-23, nan 
-40.875, -83.375, 1.3551162848426477e-23, nan 
-40.625, -83.375, 1.4051767797910908e-23, nan 
-40.375, -83.375, 1.403612908997884e-23, nan 
-40.125, -83.375, 1.3384830905093452e-23, nan 
-39.875, -83.375, 1.4787737040347448e-23, nan 
-39.625, -83.375, 1.8328094728239014e-23, nan 
-39.375, -83.375, 2.1215463930698787e-23, nan 
-39.125, -83.375, 1.6084870963485712e-23, nan 
-38.875, -83.375, 1.340291390604213e-23, nan 
-38.625, -83.375, 1.3276687468142942e-23, nan 
-38.375, -83.375, 1.2839385467469284e-23, nan 
-38.125, -83.375, 1.3294765839525842e-23, nan 
-37.875, -83.375, 1.0279400232906634e-23, nan 
-37.625, -83.375, 7.197375501126115e-24, nan 
-37.375, -83.375, 3.9741587062665455e-24, nan 
-37.125, -83.375, 2.1932581331494646e-24, nan 
-36.875, -83.375, 1.6253714436117878e-24, nan 
-36.625, -83.375, 1.3095755773094398e-24, nan 
-36.375, -83.375, 1.4560359732149227e-24, nan 
-36.125, -83.375, 1.348533918347089e-24, nan 
-35.875, -83.375, 9.438498459030955e-25, nan 
-35.625, -83.375, 1.7954846102277378e-24, nan 
-35.375, -83.375, 3.709940137141242e-24, nan 
-35.125, -83.375, 5.007137264258772e-24, nan 
-34.875, -83.375, 6.720918835686998e-24, nan 
-34.625, -83.375, 7.726071675822943e-24, nan 
-34.375, -83.375, 8.832859958731185e-24, nan 
-34.125, -83.375, 9.669439231246826e-24, nan 
-33.875, -83.375, 1.1201863116114475e-23, nan 
-33.625, -83.375, 1.1389144308522957e-23, nan 
-33.375, -83.375, 1.0240275681178847e-23, nan 
-33.125, -83.375, 1.1488208119906163e-23, nan 
-32.875, -83.375, 1.0290868767151747e-23, nan 
-32.625, -83.375, 8.039446276695887e-24, nan 
-32.375, -83.375, 7.745345510955353e-24, nan 
-32.125, -83.375, 7.286818576400396e-24, nan 
-31.875, -83.375, 1.0096408613005249e-23, nan 
-31.625, -83.375, 8.430733192731389e-24, nan 
-31.375, -83.375, 6.035212504615438e-24, nan 
-31.125, -83.375, 5.471964179715162e-24, nan 
-30.875, -83.375, 6.176662360055599e-24, nan 
-30.625, -83.375, 5.352480079854319e-24, nan 
-30.375, -83.375, 2.5414452851450052e-24, nan 
-30.125, -83.375, 2.3025016432872224e-24, nan 
-29.875, -83.375, 2.918550525425039e-24, nan 
-29.625, -83.375, 6.826283068453063e-24, nan 
-29.375, -83.375, 6.3640953203723576e-24, nan 
-29.125, -83.375, 4.327575523952419e-24, nan 
-28.875, -83.375, 3.5233762779781035e-24, nan 
-28.625, -83.375, 1.669957881063429e-24, nan 
-28.375, -83.375, 3.565926005708638e-24, nan 
-28.125, -83.375, 3.821904181088718e-24, nan 
-27.875, -83.375, 5.2601163889695e-24, nan 
-27.625, -83.375, 5.335151874441862e-24, nan 
-27.375, -83.375, 3.487435900286669e-24, nan 
-27.125, -83.375, 2.4515621722988225e-24, nan 
-26.875, -83.375, 2.3403690555610124e-24, nan 
-26.625, -83.375, 2.754021689311824e-24, nan 
-26.375, -83.375, 2.724451528696778e-24, nan 
-26.125, -83.375, 3.9953367235405654e-24, nan 
-25.875, -83.375, 3.240449071579932e-24, nan 
-25.625, -83.375, 3.1781573155438363e-24, nan 
-25.375, -83.375, 3.0663559997794686e-24, nan 
-25.125, -83.375, 1.7749776684423802e-24, nan 
-24.875, -83.375, 2.226751919201574e-24, nan 
-24.625, -83.375, 3.506530302670472e-24, nan 
-24.375, -83.375, 4.21304849647198e-24, nan 
-24.125, -83.375, 3.2724095869808473e-24, nan 
-23.875, -83.375, 3.0623542432779302e-24, nan 
-23.625, -83.375, 4.966804156553499e-24, nan 
-23.375, -83.375, 4.312689320861787e-24, nan 
-23.125, -83.375, 3.4336837726335995e-24, nan 
-22.875, -83.375, 4.0639391241969e-24, nan 
-22.625, -83.375, 6.1819306305941565e-24, nan 
-22.375, -83.375, 6.452744104627947e-24, nan 
-22.125, -83.375, 8.257882660560719e-24, nan 
-21.875, -83.375, 6.982901800140909e-24, nan 
-21.625, -83.375, 8.3048431454202e-24, nan 
-21.375, -83.375, 1.0465624927445445e-23, nan 
-21.125, -83.375, 7.942567747486756e-24, nan 
-20.875, -83.375, 7.750538083262974e-24, nan 
-20.625, -83.375, 8.317648148681639e-24, nan 
-20.375, -83.375, 9.813195467610165e-24, nan 
-20.125, -83.375, 9.671491020942175e-24, nan 
-19.875, -83.375, 1.0946609429158857e-23, nan 
-19.625, -83.375, 1.135549196989743e-23, nan 
-19.375, -83.375, 1.1270164066008101e-23, nan 
-19.125, -83.375, 1.1548613700163753e-23, nan 
-18.875, -83.375, 9.660300504448775e-24, nan 
-18.625, -83.375, 7.627019868736226e-24, nan 
-18.375, -83.375, 6.4708436254660636e-24, nan 
-18.125, -83.375, 5.5157328596880516e-24, nan 
-17.875, -83.375, 4.9332251938325675e-24, nan 
-17.625, -83.375, 5.248771419745753e-24, nan 
-17.375, -83.375, 5.895618181592069e-24, nan 
-17.125, -83.375, 5.537645439798523e-24, nan 
-16.875, -83.375, 5.2672974374103776e-24, nan 
-16.625, -83.375, 4.6719152696231114e-24, nan 
-16.375, -83.375, 4.262975258830002e-24, nan 
-16.125, -83.375, 3.353533379600927e-24, nan 
-15.875, -83.375, 2.357437334569088e-24, nan 
-15.625, -83.375, 2.3470725383252544e-24, nan 
-15.375, -83.375, 3.060165744841242e-24, nan 
-15.125, -83.375, 3.248975696883133e-24, nan 
-14.875, -83.375, 3.8757950148848054e-24, nan 
-14.625, -83.375, 3.7033525379007465e-24, nan 
-14.375, -83.375, 3.4955542430745916e-24, nan 
-14.125, -83.375, 3.538476040082608e-24, nan 
-13.875, -83.375, 3.1575598742758805e-24, nan 
-13.625, -83.375, 2.8175633651069724e-24, nan 
-13.375, -83.375, 2.964882531106642e-24, nan 
-13.125, -83.375, 3.308075624944809e-24, nan 
-12.875, -83.375, 3.350075011748175e-24, nan 
-12.625, -83.375, 3.9385499259622225e-24, nan 
-12.375, -83.375, 3.598298365522657e-24, nan 
-12.125, -83.375, 2.662509725725717e-24, nan 
-11.875, -83.375, 1.5859488752402014e-24, nan 
-11.625, -83.375, 1.6944752167605898e-24, nan 
-11.375, -83.375, 2.6570638720585298e-24, nan 
-11.125, -83.375, 3.1602350131011142e-24, nan 
-10.875, -83.375, 3.2227651724424484e-24, nan 
-10.625, -83.375, 2.0004912294349685e-24, nan 
-10.375, -83.375, 1.773087454373447e-24, nan 
-10.125, -83.375, 1.994019133845972e-24, nan 
-9.875, -83.375, 2.3331589952880155e-24, nan 
-9.625, -83.375, 1.1481389883947487e-24, nan 
-9.375, -83.375, 4.5887557441359835e-24, nan 
-9.125, -83.375, 9.43850709416259e-24, nan 
-8.875, -83.375, 7.099029696161689e-24, nan 
-8.625, -83.375, 7.875629940974564e-24, nan 
-8.375, -83.375, 8.426120001941548e-24, nan 
-8.125, -83.375, 8.213106058719237e-24, nan 
-7.875, -83.375, 9.23354008163695e-24, nan 
-7.625, -83.375, 1.0265751386234593e-23, nan 
-7.375, -83.375, 1.0233949002912411e-23, nan 
-7.125, -83.375, 5.958167986391863e-24, nan 
-6.875, -83.375, 6.87019656327272e-24, nan 
-6.625, -83.375, 6.247153780016137e-24, nan 
-6.375, -83.375, 5.824149201303725e-24, nan 
-6.125, -83.375, 5.797292167522159e-24, nan 
-5.875, -83.375, 4.998290116463342e-24, nan 
-5.625, -83.375, 5.603711305546085e-24, nan 
-5.375, -83.375, 6.357884746897029e-24, nan 
-5.125, -83.375, 6.547056556415967e-24, nan 
-4.875, -83.375, 2.5914824774971262e-24, nan 
-4.625, -83.375, 1.5998779885379403e-24, nan 
-4.375, -83.375, 1.4987694953839774e-24, nan 
-4.125, -83.375, 1.0559342224828697e-24, nan 
-3.875, -83.375, 9.128504176080147e-25, nan 
-3.625, -83.375, 8.20020952667657e-25, nan 
-3.375, -83.375, 1.2536221702109438e-24, nan 
-3.125, -83.375, 1.1447524469545768e-24, nan 
-2.875, -83.375, 1.2209287654966871e-24, nan 
-2.625, -83.375, 1.348023222582269e-24, nan 
-2.375, -83.375, 2.706280009716067e-24, nan 
-2.125, -83.375, 2.778767001400748e-24, nan 
-1.875, -83.375, 3.9740512295437104e-24, nan 
-1.625, -83.375, 5.660740591247537e-24, nan 
-1.375, -83.375, 4.682618778402867e-24, nan 
-1.125, -83.375, 5.098073333013214e-24, nan 
-0.875, -83.375, 5.638997183610479e-24, nan 
-0.625, -83.375, 5.789879816205295e-24, nan 
-0.375, -83.375, 4.153918053977802e-24, nan 
-0.125, -83.375, 4.479398782654987e-24, nan 
0.125, -83.375, 4.5473929430627216e-24, nan 
0.375, -83.375, 6.205254674499875e-24, nan 
0.625, -83.375, 7.789778744685173e-24, nan 
0.875, -83.375, 6.110582386587882e-24, nan 
1.125, -83.375, 6.491584322853209e-24, nan 
1.375, -83.375, 7.057417406393237e-24, nan 
1.625, -83.375, 7.510921817784267e-24, nan 
1.875, -83.375, 7.907636111875188e-24, nan 
2.125, -83.375, 8.32695975313662e-24, nan 
2.375, -83.375, 8.42354938993369e-24, nan 
2.625, -83.375, 6.987138748053113e-24, nan 
2.875, -83.375, 6.779276213568856e-24, nan 
3.125, -83.375, 5.037259732624393e-24, nan 
3.375, -83.375, 3.928965132117789e-24, nan 
3.625, -83.375, 1.6900865737143398e-23, nan 
3.875, -83.375, 3.861132285691492e-24, nan 
4.125, -83.375, 9.021406827231174e-24, nan 
4.375, -83.375, 1.447589698453819e-23, nan 
4.625, -83.375, 1.1797122696236827e-23, nan 
4.875, -83.375, 5.521204571911707e-24, nan 
5.125, -83.375, 3.9379263439763866e-24, nan 
5.375, -83.375, 5.561355345797416e-24, nan 
5.625, -83.375, 5.99349634701191e-24, nan 
5.875, -83.375, 3.5938143062019675e-23, nan 
6.125, -83.375, 5.8564517584799085e-24, nan 
6.375, -83.375, 1.9208818392605647e-23, nan 
6.625, -83.375, 3.498403574986226e-23, nan 
6.875, -83.375, 3.037228206135814e-23, nan 
7.125, -83.375, 6.264701665765078e-24, nan 
7.375, -83.375, 6.51850955983316e-24, nan 
7.625, -83.375, 6.3174714875708576e-24, nan 
7.875, -83.375, 6.065804919066272e-24, nan 
8.125, -83.375, 2.0332404655907446e-23, nan 
8.375, -83.375, 7.172840236655916e-24, nan 
8.625, -83.375, 1.5034141367092172e-23, nan 
8.875, -83.375, 2.128638920237531e-23, nan 
-112.125, -83.125, 1.2446170282889622e-24, nan 
-111.875, -83.125, 1.3027939578395057e-24, nan 
-111.625, -83.125, 1.2421856561246227e-24, nan 
-111.375, -83.125, 1.5314351685645208e-24, nan 
-111.125, -83.125, 1.7717067851910634e-24, nan 
-110.875, -83.125, 1.6756619126783405e-24, nan 
-110.625, -83.125, 1.3898592766608848e-24, nan 
-110.375, -83.125, 1.2677447412320008e-24, nan 
-110.125, -83.125, 1.1613047743550136e-24, nan 
-109.875, -83.125, 1.1498100034255959e-24, nan 
-109.625, -83.125, 1.0549123087824668e-24, nan 
-109.375, -83.125, 9.306123156840397e-25, nan 
-109.125, -83.125, 1.107679597762968e-24, nan 
-108.875, -83.125, 1.2233554781040797e-24, nan 
-108.625, -83.125, 1.2136493941165799e-24, nan 
-108.375, -83.125, 1.0826048288308165e-24, nan 
-108.125, -83.125, 8.992668256759427e-25, nan 
-107.875, -83.125, 7.504491013012689e-25, nan 
-107.625, -83.125, 8.230429544516803e-25, nan 
-107.375, -83.125, 6.620611072066268e-25, nan 
-107.125, -83.125, 5.230505345901803e-25, nan 
-106.875, -83.125, 4.223343122462887e-25, nan 
-106.625, -83.125, 5.293129126637192e-25, nan 
-106.375, -83.125, 6.528046877670454e-25, nan 
-106.125, -83.125, 7.543643243184535e-25, nan 
-105.875, -83.125, 8.272241755668668e-25, nan 
-105.625, -83.125, 8.184420892008153e-25, nan 
-105.375, -83.125, 7.721410513990511e-25, nan 
-105.125, -83.125, 8.775809311331511e-25, nan 
-104.875, -83.125, 9.79984749936021e-25, nan 
-104.625, -83.125, 1.0065674371313885e-24, nan 
-104.375, -83.125, 1.0711533925798531e-24, nan 
-104.125, -83.125, 1.2922343330847747e-24, nan 
-103.875, -83.125, 1.431838476795946e-24, nan 
-103.625, -83.125, 1.4763796384884436e-24, nan 
-103.375, -83.125, 1.7411012357834733e-24, nan 
-103.125, -83.125, 2.0006583984291383e-24, nan 
-102.875, -83.125, 2.3232314904682528e-24, nan 
-102.625, -83.125, 2.6184254392840487e-24, nan 
-102.375, -83.125, 2.725535157597584e-24, nan 
-102.125, -83.125, 2.6618758987436146e-24, nan 
-101.875, -83.125, 2.3547025524368286e-24, nan 
-101.625, -83.125, 2.323884678336289e-24, nan 
-101.375, -83.125, 1.4754558920389102e-24, nan 
-101.125, -83.125, 7.918059747670368e-25, nan 
-100.875, -83.125, 1.1307887073509388e-24, nan 
-100.625, -83.125, 1.3475481965994587e-24, nan 
-100.375, -83.125, 1.6393841722369094e-24, nan 
-100.125, -83.125, 1.602487528453611e-24, nan 
-99.875, -83.125, 1.6409324718764955e-24, nan 
-99.625, -83.125, 1.7470579011640543e-24, nan 
-99.375, -83.125, 2.1550117505440483e-24, nan 
-99.125, -83.125, 2.5253949709948006e-24, nan 
-98.875, -83.125, 2.3725169948801482e-24, nan 
-98.625, -83.125, 1.9094605090891714e-24, nan 
-98.375, -83.125, 1.671986519975434e-24, nan 
-98.125, -83.125, 2.536543582690227e-24, nan 
-97.875, -83.125, 2.3114411090152343e-24, nan 
-97.625, -83.125, 9.017453340985585e-25, nan 
-97.375, -83.125, 1.369226004698392e-24, nan 
-97.125, -83.125, 1.49002284318131e-24, nan 
-96.875, -83.125, 1.64255582895917e-24, nan 
-96.625, -83.125, 1.5457458731643957e-24, nan 
-96.375, -83.125, 1.3133301606009904e-24, nan 
-96.125, -83.125, 1.1306984668630273e-24, nan 
-95.875, -83.125, 1.548390287838879e-24, nan 
-95.625, -83.125, 1.3978789779978871e-24, nan 
-95.375, -83.125, 3.5773391383925797e-25, nan 
-95.125, -83.125, 5.465630516234803e-25, nan 
-94.875, -83.125, 5.81933124630442e-25, nan 
-94.625, -83.125, 5.739207483265997e-25, nan 
-94.375, -83.125, 4.650624295533612e-25, nan 
-94.125, -83.125, 4.492860144173902e-25, nan 
-93.875, -83.125, 4.476719716028226e-25, nan 
-93.625, -83.125, 4.400576340508878e-25, nan 
-93.375, -83.125, 4.434526192977503e-25, nan 
-93.125, -83.125, 4.3571476016724e-25, nan 
-92.875, -83.125, 4.688694243797981e-25, nan 
-92.625, -83.125, 4.591656122327626e-25, nan 
-92.375, -83.125, 4.567994806736454e-25, nan 
-92.125, -83.125, 4.86871934175631e-25, nan 
-91.875, -83.125, 5.185565665617016e-25, nan 
-91.625, -83.125, 5.372895260426679e-25, nan 
-91.375, -83.125, 5.575523417962943e-25, nan 
-91.125, -83.125, 5.427321461001745e-25, nan 
-90.875, -83.125, 5.161435383833044e-25, nan 
-90.625, -83.125, 3.95341786658001e-25, nan 
-90.375, -83.125, 3.7338577990883726e-25, nan 
-90.125, -83.125, 4.516598705057087e-25, nan 
-89.875, -83.125, 5.058397344725092e-25, nan 
-89.625, -83.125, 5.9342021894415235e-25, nan 
-89.375, -83.125, 6.362053082527028e-25, nan 
-89.125, -83.125, 5.690795347757545e-25, nan 
-88.875, -83.125, 4.771853855494425e-25, nan 
-88.625, -83.125, 5.1327298155827505e-25, nan 
-88.375, -83.125, 8.926510030438057e-25, nan 
-88.125, -83.125, 1.7574387121502932e-24, nan 
-87.875, -83.125, 3.1712612336964463e-24, nan 
-87.625, -83.125, 4.717751489067082e-24, nan 
-87.375, -83.125, 5.8249544220766355e-24, nan 
-87.125, -83.125, 6.266453782917748e-24, nan 
-86.875, -83.125, 6.249091343834069e-24, nan 
-86.625, -83.125, 5.7658332196428456e-24, nan 
-86.375, -83.125, 5.619594951820882e-24, nan 
-86.125, -83.125, 5.5837355425487025e-24, nan 
-85.875, -83.125, 4.687894077589869e-24, nan 
-85.625, -83.125, 4.232242200394083e-24, nan 
-85.375, -83.125, 6.111772409749677e-24, nan 
-85.125, -83.125, 7.806984287554097e-24, nan 
-84.875, -83.125, 7.806039665829286e-24, nan 
-84.625, -83.125, 7.561769549283991e-24, nan 
-84.375, -83.125, 6.952483051427247e-24, nan 
-84.125, -83.125, 7.183788860585169e-24, nan 
-83.875, -83.125, 7.377377223345432e-24, nan 
-83.625, -83.125, 6.419021400632199e-24, nan 
-83.375, -83.125, 4.585426745018189e-24, nan 
-83.125, -83.125, 3.404765639042961e-24, nan 
-82.875, -83.125, 2.173385095987834e-24, nan 
-82.625, -83.125, 2.39170797918799e-24, nan 
-82.375, -83.125, 2.803378770664263e-24, nan 
-82.125, -83.125, 2.511553654290066e-24, nan 
-81.875, -83.125, 1.9424596161781988e-24, nan 
-81.625, -83.125, 2.0354949211683843e-24, nan 
-81.375, -83.125, 1.7245909553691565e-24, nan 
-81.125, -83.125, 1.9717538413780614e-24, nan 
-80.875, -83.125, 1.806223987116515e-24, nan 
-80.625, -83.125, 1.4471999926867524e-24, nan 
-80.375, -83.125, 1.4558589898432891e-24, nan 
-80.125, -83.125, 2.698812690605872e-24, nan 
-79.875, -83.125, 2.9511776379308758e-24, nan 
-79.625, -83.125, 2.874218395029827e-24, nan 
-79.375, -83.125, 2.806138682666312e-24, nan 
-79.125, -83.125, 2.048804117653328e-24, nan 
-78.875, -83.125, 2.0415574344414217e-24, nan 
-78.625, -83.125, 2.0286863361017684e-24, nan 
-78.375, -83.125, 2.095603669177353e-24, nan 
-78.125, -83.125, 1.804326651820654e-24, nan 
-77.875, -83.125, 1.8342009459113863e-24, nan 
-77.625, -83.125, 1.828938445803262e-24, nan 
-77.375, -83.125, 2.1536177207985463e-24, nan 
-77.125, -83.125, 2.5048363670432873e-24, nan 
-76.875, -83.125, 2.447687151961843e-24, nan 
-76.625, -83.125, 2.3569159645442792e-24, nan 
-76.375, -83.125, 2.1333094836487325e-24, nan 
-76.125, -83.125, 2.0877573860895415e-24, nan 
-75.875, -83.125, 1.878116640807429e-24, nan 
-75.625, -83.125, 1.3091956265463394e-24, nan 
-75.375, -83.125, 8.70926541424948e-25, nan 
-75.125, -83.125, 1.066336445737237e-24, nan 
-74.875, -83.125, 9.876592328087148e-25, nan 
-74.625, -83.125, 1.345695545261177e-24, nan 
-74.375, -83.125, 1.5668832287834985e-24, nan 
-74.125, -83.125, 1.6077292892042652e-24, nan 
-73.875, -83.125, 1.8704088963833366e-24, nan 
-73.625, -83.125, 1.9668742413049854e-24, nan 
-73.375, -83.125, 1.795014218388048e-24, nan 
-73.125, -83.125, 2.141127421455904e-24, nan 
-72.875, -83.125, 2.6655625653279328e-24, nan 
-72.625, -83.125, 2.2978929213371404e-24, nan 
-72.375, -83.125, 2.6408092655715887e-24, nan 
-72.125, -83.125, 2.812988237449927e-24, nan 
-71.875, -83.125, 3.368698221337208e-24, nan 
-71.625, -83.125, 4.457585727341637e-24, nan 
-71.375, -83.125, 5.408868485894557e-24, nan 
-71.125, -83.125, 3.96858709992638e-24, nan 
-70.875, -83.125, 2.530147199135659e-24, nan 
-70.625, -83.125, 2.2322299340191786e-24, nan 
-70.375, -83.125, 1.042394344514081e-24, nan 
-70.125, -83.125, 8.827578634896157e-25, nan 
-69.875, -83.125, 1.1737511717666796e-24, nan 
-69.625, -83.125, 2.309291544321055e-24, nan 
-69.375, -83.125, 2.9602693960317376e-24, nan 
-69.125, -83.125, 2.362280593866228e-24, nan 
-68.875, -83.125, 2.1588609033195624e-24, nan 
-68.625, -83.125, 2.6038925179233038e-24, nan 
-68.375, -83.125, 3.070966556956478e-24, nan 
-68.125, -83.125, 2.961857670365769e-24, nan 
-67.875, -83.125, 3.1664568357832286e-24, nan 
-67.625, -83.125, 3.783041765540249e-24, nan 
-67.375, -83.125, 5.556179273995624e-24, nan 
-67.125, -83.125, 5.848345564465973e-24, nan 
-66.875, -83.125, 4.719050930998338e-24, nan 
-66.625, -83.125, 4.151369257620827e-24, nan 
-66.375, -83.125, 5.915956798574758e-24, nan 
-66.125, -83.125, 8.222864820042312e-24, nan 
-65.875, -83.125, 8.317598399011678e-24, nan 
-65.625, -83.125, 6.95785537768344e-24, nan 
-65.375, -83.125, 7.049476136219553e-24, nan 
-65.125, -83.125, 7.650593739030522e-24, nan 
-64.875, -83.125, 7.697008219889737e-24, nan 
-64.625, -83.125, 8.249151632441322e-24, nan 
-64.375, -83.125, 8.619562216627701e-24, nan 
-64.125, -83.125, 8.632010915652283e-24, nan 
-63.875, -83.125, 9.480239368100348e-24, nan 
-63.625, -83.125, 9.813777939385801e-24, nan 
-63.375, -83.125, 9.333041828246615e-24, nan 
-63.125, -83.125, 8.563415416555351e-24, nan 
-62.875, -83.125, 9.589670047517379e-24, nan 
-62.625, -83.125, 9.741586863098538e-24, nan 
-62.375, -83.125, 1.0807708265101633e-23, nan 
-62.125, -83.125, 1.1921888707147507e-23, nan 
-61.875, -83.125, 1.0805297954881347e-23, nan 
-61.625, -83.125, 1.1113344981287889e-23, nan 
-61.375, -83.125, 1.0847483805007537e-23, nan 
-61.125, -83.125, 9.820393985789488e-24, nan 
-60.875, -83.125, 9.185326465024516e-24, nan 
-60.625, -83.125, 9.976078046544725e-24, nan 
-60.375, -83.125, 8.38313524678185e-24, nan 
-60.125, -83.125, 8.91713037038286e-24, nan 
-59.875, -83.125, 1.0492046032814048e-23, nan 
-59.625, -83.125, 9.408570756541073e-24, nan 
-59.375, -83.125, 1.0127632939977156e-23, nan 
-59.125, -83.125, 1.01426631025596e-23, nan 
-58.875, -83.125, 9.109311922276058e-24, nan 
-58.625, -83.125, 5.6165503808932116e-24, nan 
-58.375, -83.125, 5.556066476813049e-24, nan 
-58.125, -83.125, 5.849595054287152e-24, nan 
-57.875, -83.125, 5.913545034611691e-24, nan 
-57.625, -83.125, 6.815493020577864e-24, nan 
-57.375, -83.125, 6.145500398756231e-24, nan 
-57.125, -83.125, 6.088844734044e-24, nan 
-56.875, -83.125, 6.363467834242091e-24, nan 
-56.625, -83.125, 6.723051142137933e-24, nan 
-56.375, -83.125, 6.950828165112827e-24, nan 
-56.125, -83.125, 6.832668918468049e-24, nan 
-55.875, -83.125, 6.6158513201292476e-24, nan 
-55.625, -83.125, 7.052576612654644e-24, nan 
-55.375, -83.125, 6.11368191809064e-24, nan 
-55.125, -83.125, 3.1859483549217912e-24, nan 
-54.875, -83.125, 3.362098617526776e-24, nan 
-54.625, -83.125, 3.914999045889055e-24, nan 
-54.375, -83.125, 5.399369774187892e-24, nan 
-54.125, -83.125, 7.71472375371357e-24, nan 
-53.875, -83.125, 8.477943297940268e-24, nan 
-53.625, -83.125, 1.1137892737042753e-23, nan 
-53.375, -83.125, 1.3770376732419797e-23, nan 
-53.125, -83.125, 1.2197465278945235e-23, nan 
-52.875, -83.125, 7.31791484494482e-24, nan 
-52.625, -83.125, 5.172276685804555e-24, nan 
-52.375, -83.125, 2.6570847145187116e-24, nan 
-52.125, -83.125, 4.727178259002238e-24, nan 
-51.875, -83.125, 7.4164866897678e-24, nan 
-51.625, -83.125, 8.321509439910662e-24, nan 
-51.375, -83.125, 8.692836406394181e-24, nan 
-51.125, -83.125, 8.871113647305891e-24, nan 
-50.875, -83.125, 8.563106979209625e-24, nan 
-50.625, -83.125, 8.939753318825404e-24, nan 
-50.375, -83.125, 1.0374268580003133e-23, nan 
-50.125, -83.125, 9.760576277610543e-24, nan 
-49.875, -83.125, 8.96912391350736e-24, nan 
-49.625, -83.125, 1.018028576435358e-23, nan 
-49.375, -83.125, 1.0202566361687299e-23, nan 
-49.125, -83.125, 1.0809708321592716e-23, nan 
-48.875, -83.125, 1.1103333028911597e-23, nan 
-48.625, -83.125, 1.0149596061614061e-23, nan 
-48.375, -83.125, 9.555721422861134e-24, nan 
-48.125, -83.125, 6.384653570384288e-24, nan 
-47.875, -83.125, 3.950211575988086e-24, nan 
-47.625, -83.125, 2.2979828683068264e-24, nan 
-47.375, -83.125, 2.7297081279249453e-24, nan 
-47.125, -83.125, 3.0940454149020697e-24, nan 
-46.875, -83.125, 4.1098681048344094e-24, nan 
-46.625, -83.125, 3.8550078239145656e-24, nan 
-46.375, -83.125, 2.7718377040252504e-24, nan 
-46.125, -83.125, 2.642170980386135e-24, nan 
-45.875, -83.125, 1.9810492451915116e-24, nan 
-45.625, -83.125, 2.723197453308771e-24, nan 
-45.375, -83.125, 2.2903118624258587e-24, nan 
-45.125, -83.125, 2.8045840510651217e-24, nan 
-44.875, -83.125, 3.2376876723928276e-24, nan 
-44.625, -83.125, 3.0282029378258832e-24, nan 
-44.375, -83.125, 2.056733490096864e-24, nan 
-44.125, -83.125, 1.7261387778245653e-24, nan 
-43.875, -83.125, 1.6657412718204825e-24, nan 
-43.625, -83.125, 2.735228807370805e-24, nan 
-43.375, -83.125, 4.0713632656656075e-24, nan 
-43.125, -83.125, 2.9579563775388157e-24, nan 
-42.875, -83.125, 2.6643040741724074e-24, nan 
-42.625, -83.125, 2.8241856811558824e-24, nan 
-42.375, -83.125, 2.839651807903436e-24, nan 
-42.125, -83.125, 2.464989035402131e-24, nan 
-41.875, -83.125, 2.3507817225636597e-24, nan 
-41.625, -83.125, 3.9655136282489216e-24, nan 
-41.375, -83.125, 6.2733035945744245e-24, nan 
-41.125, -83.125, 6.724830635192588e-24, nan 
-40.875, -83.125, 8.277239143324565e-24, nan 
-40.625, -83.125, 9.683214961056196e-24, nan 
-40.375, -83.125, 1.098913332536731e-23, nan 
-40.125, -83.125, 1.1858809599660026e-23, nan 
-39.875, -83.125, 1.2912105003336311e-23, nan 
-39.625, -83.125, 1.4310817870331013e-23, nan 
-39.375, -83.125, 1.2721464299936892e-23, nan 
-39.125, -83.125, 1.1783031092250701e-23, nan 
-38.875, -83.125, 1.2377181584621208e-23, nan 
-38.625, -83.125, 1.3187102443538332e-23, nan 
-38.375, -83.125, 1.3413048340949454e-23, nan 
-38.125, -83.125, 1.4217231657743677e-23, nan 
-37.875, -83.125, 1.4118650304564733e-23, nan 
-37.625, -83.125, 1.3288579179163287e-23, nan 
-37.375, -83.125, 1.2883579102751143e-23, nan 
-37.125, -83.125, 1.0579684589647746e-23, nan 
-36.875, -83.125, 8.335573897500483e-24, nan 
-36.625, -83.125, 8.04880091071055e-24, nan 
-36.375, -83.125, 6.765454449102377e-24, nan 
-36.125, -83.125, 4.767830416131288e-24, nan 
-35.875, -83.125, 3.2543161720844453e-24, nan 
-35.625, -83.125, 2.8845519067892977e-24, nan 
-35.375, -83.125, 3.785298827560969e-24, nan 
-35.125, -83.125, 4.213377263794396e-24, nan 
-34.875, -83.125, 3.9533731872158505e-24, nan 
-34.625, -83.125, 2.8654006904956725e-24, nan 
-34.375, -83.125, 2.1065741090943304e-24, nan 
-34.125, -83.125, 2.0490018308602495e-24, nan 
-33.875, -83.125, 1.9675621476111995e-24, nan 
-33.625, -83.125, 2.81204504259804e-24, nan 
-33.375, -83.125, 5.426950412155604e-24, nan 
-33.125, -83.125, 6.1000562813243136e-24, nan 
-32.875, -83.125, 6.628070082282488e-24, nan 
-32.625, -83.125, 9.994750137461865e-24, nan 
-32.375, -83.125, 1.0676161164362502e-23, nan 
-32.125, -83.125, 7.180427328363819e-24, nan 
-31.875, -83.125, 6.4037202548199536e-24, nan 
-31.625, -83.125, 5.661362211765367e-24, nan 
-31.375, -83.125, 5.293277799972291e-24, nan 
-31.125, -83.125, 7.986795391006653e-24, nan 
-30.875, -83.125, 8.664022732980056e-24, nan 
-30.625, -83.125, 7.93866812103543e-24, nan 
-30.375, -83.125, 1.0289838071958113e-23, nan 
-30.125, -83.125, 9.498587261650597e-24, nan 
-29.875, -83.125, 7.524916430060197e-24, nan 
-29.625, -83.125, 7.273303513470309e-24, nan 
-29.375, -83.125, 5.848599010391595e-24, nan 
-29.125, -83.125, 4.094918834708768e-24, nan 
-28.875, -83.125, 1.86516648478305e-24, nan 
-28.625, -83.125, 4.6085499593768204e-24, nan 
-28.375, -83.125, 4.473699509501482e-24, nan 
-28.125, -83.125, 4.185144071744237e-24, nan 
-27.875, -83.125, 3.316748573028185e-24, nan 
-27.625, -83.125, 2.6061370520498982e-24, nan 
-27.375, -83.125, 3.348022825528064e-24, nan 
-27.125, -83.125, 1.7920746578023526e-24, nan 
-26.875, -83.125, 1.2059373514927417e-24, nan 
-26.625, -83.125, 1.964506623926675e-24, nan 
-26.375, -83.125, 2.5164538953813833e-24, nan 
-26.125, -83.125, 3.5141684088631356e-24, nan 
-25.875, -83.125, 4.265524316914574e-24, nan 
-25.625, -83.125, 3.1612858955742834e-24, nan 
-25.375, -83.125, 2.4716278799157817e-24, nan 
-25.125, -83.125, 2.1770545770861175e-24, nan 
-24.875, -83.125, 2.1088777943178745e-24, nan 
-24.625, -83.125, 2.8675389503057366e-24, nan 
-24.375, -83.125, 3.79087215540115e-24, nan 
-24.125, -83.125, 4.739288900417801e-24, nan 
-23.875, -83.125, 4.591217290878185e-24, nan 
-23.625, -83.125, 4.462772134868203e-24, nan 
-23.375, -83.125, 4.324828668657825e-24, nan 
-23.125, -83.125, 5.044281738988909e-24, nan 
-22.875, -83.125, 4.451474433032745e-24, nan 
-22.625, -83.125, 3.796741048566942e-24, nan 
-22.375, -83.125, 4.2427080002669144e-24, nan 
-22.125, -83.125, 4.551187717967927e-24, nan 
-21.875, -83.125, 6.973083204145266e-24, nan 
-21.625, -83.125, 6.6130438534663035e-24, nan 
-21.375, -83.125, 5.718177767242977e-24, nan 
-21.125, -83.125, 5.181802125898131e-24, nan 
-20.875, -83.125, 9.909459710788453e-24, nan 
-20.625, -83.125, 9.905350656456029e-24, nan 
-20.375, -83.125, 9.752416441325351e-24, nan 
-20.125, -83.125, 9.41243157220031e-24, nan 
-19.875, -83.125, 9.397059881179263e-24, nan 
-19.625, -83.125, 9.89483545184629e-24, nan 
-19.375, -83.125, 9.08526372225068e-24, nan 
-19.125, -83.125, 8.398811525547902e-24, nan 
-18.875, -83.125, 8.490123115556166e-24, nan 
-18.625, -83.125, 8.64742346336824e-24, nan 
-18.375, -83.125, 8.234835965865874e-24, nan 
-18.125, -83.125, 7.535755956989684e-24, nan 
-17.875, -83.125, 6.336284941969392e-24, nan 
-17.625, -83.125, 5.683202310003098e-24, nan 
-17.375, -83.125, 4.6062527468616855e-24, nan 
-17.125, -83.125, 3.6518309755295985e-24, nan 
-16.875, -83.125, 2.9169378894842977e-24, nan 
-16.625, -83.125, 3.738243351817467e-24, nan 
-16.375, -83.125, 4.776540214360886e-24, nan 
-16.125, -83.125, 4.974047797299561e-24, nan 
-15.875, -83.125, 5.658569272932893e-24, nan 
-15.625, -83.125, 4.9253432567873285e-24, nan 
-15.375, -83.125, 5.5099076953341635e-24, nan 
-15.125, -83.125, 6.5111454487889066e-24, nan 
-14.875, -83.125, 6.391462699591804e-24, nan 
-14.625, -83.125, 5.888630521404796e-24, nan 
-14.375, -83.125, 5.022083412030256e-24, nan 
-14.125, -83.125, 5.613230552393051e-24, nan 
-13.875, -83.125, 5.468831689211728e-24, nan 
-13.625, -83.125, 4.9706897305134316e-24, nan 
-13.375, -83.125, 4.6403311641101836e-24, nan 
-13.125, -83.125, 4.611475763198388e-24, nan 
-12.875, -83.125, 5.2429603530448964e-24, nan 
-12.625, -83.125, 5.918840426424423e-24, nan 
-12.375, -83.125, 6.008960173374717e-24, nan 
-12.125, -83.125, 5.917097215599552e-24, nan 
-11.875, -83.125, 5.547376688300673e-24, nan 
-11.625, -83.125, 6.248062495865771e-24, nan 
-11.375, -83.125, 1.0151189013329308e-23, nan 
-11.125, -83.125, 8.462191613481268e-24, nan 
-10.875, -83.125, 9.657510958625901e-24, nan 
-10.625, -83.125, 1.0741985874892984e-23, nan 
-10.375, -83.125, 1.0681576519844572e-23, nan 
-10.125, -83.125, 1.0660774093325427e-23, nan 
-9.875, -83.125, 1.033066188628952e-23, nan 
-9.625, -83.125, 8.68960048338059e-24, nan 
-9.375, -83.125, 6.297212657014009e-24, nan 
-9.125, -83.125, 1.2811071307850458e-23, nan 
-8.875, -83.125, 9.837212465713335e-24, nan 
-8.625, -83.125, 1.1633148012693547e-23, nan 
-8.375, -83.125, 1.3014007728492418e-23, nan 
-8.125, -83.125, 1.2644144928677308e-23, nan 
-7.875, -83.125, 1.3166385302365981e-23, nan 
-7.625, -83.125, 1.3365949581702988e-23, nan 
-7.375, -83.125, 1.2101879420399361e-23, nan 
-7.125, -83.125, 6.092351741135191e-24, nan 
-6.875, -83.125, 3.9949707111790045e-24, nan 
-6.625, -83.125, 3.112533456542422e-24, nan 
-6.375, -83.125, 3.895585417255008e-24, nan 
-6.125, -83.125, 4.337337677937195e-24, nan 
-5.875, -83.125, 4.084658454253033e-24, nan 
-5.625, -83.125, 3.679896504097616e-24, nan 
-5.375, -83.125, 4.196618698240795e-24, nan 
-5.125, -83.125, 4.239959864702783e-24, nan 
-4.875, -83.125, 4.1124985068526874e-24, nan 
-4.625, -83.125, 4.026450021610501e-24, nan 
-4.375, -83.125, 4.441646713442673e-24, nan 
-4.125, -83.125, 5.469315952135952e-24, nan 
-3.875, -83.125, 5.753098625307968e-24, nan 
-3.625, -83.125, 5.25247903520536e-24, nan 
-3.375, -83.125, 5.099962334174127e-24, nan 
-3.125, -83.125, 5.072083545079959e-24, nan 
-2.875, -83.125, 4.274798697911849e-24, nan 
-2.625, -83.125, 3.0570995576425985e-24, nan 
-2.375, -83.125, 2.1281340158424747e-24, nan 
-2.125, -83.125, 3.732473388142634e-24, nan 
-1.875, -83.125, 5.8183548585989744e-24, nan 
-1.625, -83.125, 6.3530052180444046e-24, nan 
-1.375, -83.125, 6.331166963605234e-24, nan 
-1.125, -83.125, 6.868475839999725e-24, nan 
-0.875, -83.125, 6.99044142228154e-24, nan 
-0.625, -83.125, 8.085944317349262e-24, nan 
-0.375, -83.125, 1.1942337807510417e-23, nan 
-0.125, -83.125, 1.3111606157063481e-23, nan 
0.125, -83.125, 1.246493077660123e-23, nan 
0.375, -83.125, 9.539511681838922e-24, nan 
0.625, -83.125, 9.799887049285027e-24, nan 
0.875, -83.125, 8.466158946520248e-24, nan 
1.125, -83.125, 8.64275655445832e-24, nan 
1.375, -83.125, 8.111945227642662e-24, nan 
1.625, -83.125, 7.842510230618473e-24, nan 
1.875, -83.125, 1.2997302547132991e-23, nan 
2.125, -83.125, 1.4566718573285266e-23, nan 
2.375, -83.125, 1.3424088431988067e-23, nan 
2.625, -83.125, 9.92615191337996e-24, nan 
2.875, -83.125, 1.0882642837014789e-23, nan 
3.125, -83.125, 4.95666980838952e-24, nan 
3.375, -83.125, 3.576668560907838e-24, nan 
3.625, -83.125, 3.897843655159881e-24, nan 
3.875, -83.125, 7.964301566799351e-24, nan 
4.125, -83.125, 1.2270101627410707e-23, nan 
4.375, -83.125, 6.447393427215804e-24, nan 
4.625, -83.125, 6.987437048580005e-24, nan 
4.875, -83.125, 6.072573575756076e-24, nan 
5.125, -83.125, 6.537844651297874e-24, nan 
5.375, -83.125, 4.51591698962268e-24, nan 
5.625, -83.125, 5.03126752797792e-24, nan 
5.875, -83.125, 2.026832253256043e-23, nan 
6.125, -83.125, 1.4016386239993743e-23, nan 
6.375, -83.125, 2.1982137101163275e-23, nan 
6.625, -83.125, 1.9897466052625155e-23, nan 
6.875, -83.125, 1.7605926911980075e-23, nan 
7.125, -83.125, 6.260633088947445e-24, nan 
7.375, -83.125, 5.940872036709668e-24, nan 
7.625, -83.125, 5.0403097667598506e-24, nan 
7.875, -83.125, 3.632788976488713e-24, nan 
8.125, -83.125, 5.4181695428483165e-24, nan 
8.375, -83.125, 1.0770878381952945e-23, nan 
8.625, -83.125, 1.5329891502457134e-23, nan 
8.875, -83.125, 5.7249157763155764e-24, nan 
9.125, -83.125, 5.584397654784438e-24, nan 
9.375, -83.125, 8.188273941786524e-24, nan 
9.625, -83.125, 6.79344247026866e-24, nan 
-112.875, -82.875, 3.9444050665835316e-24, nan 
-112.625, -82.875, 4.128092113374199e-24, nan 
-112.375, -82.875, 3.393891705399204e-24, nan 
-112.125, -82.875, 1.2489025831638996e-24, nan 
-111.875, -82.875, 1.4149241956771085e-24, nan 
-111.625, -82.875, 1.3093023373208362e-24, nan 
-111.375, -82.875, 1.2619051468191756e-24, nan 
-111.125, -82.875, 1.4354668536266664e-24, nan 
-110.875, -82.875, 1.2764921511874188e-24, nan 
-110.625, -82.875, 1.2689951087628014e-24, nan 
-110.375, -82.875, 1.2196540536269345e-24, nan 
-110.125, -82.875, 1.1395664558379275e-24, nan 
-109.875, -82.875, 1.2842655232265787e-24, nan 
-109.625, -82.875, 1.2181347938352652e-24, nan 
-109.375, -82.875, 1.10227493983621e-24, nan 
-109.125, -82.875, 1.1383545224050186e-24, nan 
-108.875, -82.875, 1.1989072362822157e-24, nan 
-108.625, -82.875, 8.626260637318903e-25, nan 
-108.375, -82.875, 7.284844527552105e-25, nan 
-108.125, -82.875, 6.479623032258331e-25, nan 
-107.875, -82.875, 4.353819690152817e-25, nan 
-107.625, -82.875, 4.891887533666806e-25, nan 
-107.375, -82.875, 5.317986361677981e-25, nan 
-107.125, -82.875, 7.801093769486936e-25, nan 
-106.875, -82.875, 7.815018771068098e-25, nan 
-106.625, -82.875, 7.27139683469869e-25, nan 
-106.375, -82.875, 8.589062228437283e-25, nan 
-106.125, -82.875, 9.937874648524125e-25, nan 
-105.875, -82.875, 1.0191658297845828e-24, nan 
-105.625, -82.875, 1.0522909704671922e-24, nan 
-105.375, -82.875, 1.1917138597662681e-24, nan 
-105.125, -82.875, 1.28948732716346e-24, nan 
-104.875, -82.875, 1.3874714516327043e-24, nan 
-104.625, -82.875, 1.4732980888013175e-24, nan 
-104.375, -82.875, 1.5799334709499272e-24, nan 
-104.125, -82.875, 1.6627592280591994e-24, nan 
-103.875, -82.875, 1.7739753383210346e-24, nan 
-103.625, -82.875, 1.680718595012527e-24, nan 
-103.375, -82.875, 2.452478613267012e-24, nan 
-103.125, -82.875, 2.6657218723010306e-24, nan 
-102.875, -82.875, 3.021513083874777e-24, nan 
-102.625, -82.875, 3.535292363780758e-24, nan 
-102.375, -82.875, 3.683295097583502e-24, nan 
-102.125, -82.875, 3.528803818752721e-24, nan 
-101.875, -82.875, 3.1903970146885118e-24, nan 
-101.625, -82.875, 3.284569187846026e-24, nan 
-101.375, -82.875, 2.326568776042519e-24, nan 
-101.125, -82.875, 3.488234568714352e-24, nan 
-100.875, -82.875, 3.552839221648902e-24, nan 
-100.625, -82.875, 3.6310951446057076e-24, nan 
-100.375, -82.875, 3.782063625946854e-24, nan 
-100.125, -82.875, 3.651440214994633e-24, nan 
-99.875, -82.875, 2.2024380531624928e-24, nan 
-99.625, -82.875, 2.0561920595911537e-24, nan 
-99.375, -82.875, 2.3234612971245217e-24, nan 
-99.125, -82.875, 1.6474538840768567e-24, nan 
-98.875, -82.875, 8.387889993718228e-25, nan 
-98.625, -82.875, 6.5231372748846545e-25, nan 
-98.375, -82.875, 5.615651746847088e-25, nan 
-98.125, -82.875, 1.1221688086912117e-24, nan 
-97.875, -82.875, 9.920983817139288e-25, nan 
-97.625, -82.875, 4.1332770504957145e-25, nan 
-97.375, -82.875, 8.148322842866305e-25, nan 
-97.125, -82.875, 7.657322915122779e-25, nan 
-96.875, -82.875, 7.010472889081595e-25, nan 
-96.625, -82.875, 6.779226652408816e-25, nan 
-96.375, -82.875, 6.500083396695432e-25, nan 
-96.125, -82.875, 5.8310602286172165e-25, nan 
-95.875, -82.875, 5.448092882388676e-25, nan 
-95.625, -82.875, 4.95913994130796e-25, nan 
-95.375, -82.875, 4.345870596377479e-25, nan 
-95.125, -82.875, 4.592646743092159e-25, nan 
-94.875, -82.875, 4.732187975798664e-25, nan 
-94.625, -82.875, 4.522786266541136e-25, nan 
-94.375, -82.875, 4.590051580123166e-25, nan 
-94.125, -82.875, 4.586928975653595e-25, nan 
-93.875, -82.875, 4.953842040590625e-25, nan 
-93.625, -82.875, 4.774978885154252e-25, nan 
-93.375, -82.875, 3.275598846049558e-25, nan 
-93.125, -82.875, 3.4998213247215607e-25, nan 
-92.875, -82.875, 3.4946147243438186e-25, nan 
-92.625, -82.875, 3.758260320110371e-25, nan 
-92.375, -82.875, 3.961243484894376e-25, nan 
-92.125, -82.875, 3.772749564740594e-25, nan 
-91.875, -82.875, 3.8969009392893356e-25, nan 
-91.625, -82.875, 4.40289696216993e-25, nan 
-91.375, -82.875, 3.6878706034678977e-25, nan 
-91.125, -82.875, 3.489738821203445e-25, nan 
-90.875, -82.875, 3.7778444674447797e-25, nan 
-90.625, -82.875, 3.413748278727781e-25, nan 
-90.375, -82.875, 4.444455964431532e-25, nan 
-90.125, -82.875, 6.609463606659189e-25, nan 
-89.875, -82.875, 6.412337906229897e-25, nan 
-89.625, -82.875, 5.770449268552e-25, nan 
-89.375, -82.875, 5.466157500990094e-25, nan 
-89.125, -82.875, 4.9114317225672e-25, nan 
-88.875, -82.875, 4.0040029281580333e-25, nan 
-88.625, -82.875, 3.9858819844306146e-25, nan 
-88.375, -82.875, 1.110443920062493e-24, nan 
-88.125, -82.875, 1.7806743361486744e-24, nan 
-87.875, -82.875, 1.626037904947208e-24, nan 
-87.625, -82.875, 2.007982220440277e-24, nan 
-87.375, -82.875, 2.4512797154225393e-24, nan 
-87.125, -82.875, 3.799335758571785e-24, nan 
-86.875, -82.875, 3.797323619849528e-24, nan 
-86.625, -82.875, 3.28594420895114e-24, nan 
-86.375, -82.875, 2.8129015502882385e-24, nan 
-86.125, -82.875, 2.1670594116826888e-24, nan 
-85.875, -82.875, 2.169834623197645e-24, nan 
-85.625, -82.875, 3.1049363907967884e-24, nan 
-85.375, -82.875, 4.5940714143974645e-24, nan 
-85.125, -82.875, 5.405909868230136e-24, nan 
-84.875, -82.875, 5.811800326995898e-24, nan 
-84.625, -82.875, 5.784069348426358e-24, nan 
-84.375, -82.875, 5.3667575812278156e-24, nan 
-84.125, -82.875, 5.402059364044926e-24, nan 
-83.875, -82.875, 5.365980108537716e-24, nan 
-83.625, -82.875, 5.135684747984448e-24, nan 
-83.375, -82.875, 4.524436719483722e-24, nan 
-83.125, -82.875, 3.802877640777636e-24, nan 
-82.875, -82.875, 3.411430727606566e-24, nan 
-82.625, -82.875, 3.0125950715331086e-24, nan 
-82.375, -82.875, 3.0374177627762528e-24, nan 
-82.125, -82.875, 2.7983349263388287e-24, nan 
-81.875, -82.875, 3.873842288809735e-24, nan 
-81.625, -82.875, 4.0723124345681e-24, nan 
-81.375, -82.875, 4.082209097173962e-24, nan 
-81.125, -82.875, 3.730160790209905e-24, nan 
-80.875, -82.875, 3.302489092441193e-24, nan 
-80.625, -82.875, 2.7619577393150506e-24, nan 
-80.375, -82.875, 2.6183359490114997e-24, nan 
-80.125, -82.875, 2.9680690852951175e-24, nan 
-79.875, -82.875, 2.920609513619802e-24, nan 
-79.625, -82.875, 2.6648372310894628e-24, nan 
-79.375, -82.875, 2.5427610834456487e-24, nan 
-79.125, -82.875, 2.4895142002180055e-24, nan 
-78.875, -82.875, 2.61573069984304e-24, nan 
-78.625, -82.875, 2.3087556989307354e-24, nan 
-78.375, -82.875, 1.7902567811587434e-24, nan 
-78.125, -82.875, 1.3517190368158229e-24, nan 
-77.875, -82.875, 1.2926286193623907e-24, nan 
-77.625, -82.875, 1.690290902672229e-24, nan 
-77.375, -82.875, 1.7067365349978793e-24, nan 
-77.125, -82.875, 1.697313354976109e-24, nan 
-76.875, -82.875, 1.324129109854593e-24, nan 
-76.625, -82.875, 1.3141424467006332e-24, nan 
-76.375, -82.875, 1.2804166352696651e-24, nan 
-76.125, -82.875, 8.43171151531646e-25, nan 
-75.875, -82.875, 5.129434914524702e-25, nan 
-75.625, -82.875, 4.683432034975521e-25, nan 
-75.375, -82.875, 5.48013621285153e-25, nan 
-75.125, -82.875, 7.330365479642936e-25, nan 
-74.875, -82.875, 9.826596514403961e-25, nan 
-74.625, -82.875, 1.3249298781549702e-24, nan 
-74.375, -82.875, 1.3207005488698902e-24, nan 
-74.125, -82.875, 1.5144745186106422e-24, nan 
-73.875, -82.875, 2.1258010952932803e-24, nan 
-73.625, -82.875, 2.6618925826614443e-24, nan 
-73.375, -82.875, 9.883237652308482e-25, nan 
-73.125, -82.875, 1.5223061857420803e-24, nan 
-72.875, -82.875, 2.371650602668698e-24, nan 
-72.625, -82.875, 2.5980102554899625e-24, nan 
-72.375, -82.875, 3.227534694655248e-24, nan 
-72.125, -82.875, 3.397032713119248e-24, nan 
-71.875, -82.875, 3.959542539066333e-24, nan 
-71.625, -82.875, 6.047483181508352e-24, nan 
-71.375, -82.875, 7.229470397238573e-24, nan 
-71.125, -82.875, 3.5480385440275844e-24, nan 
-70.875, -82.875, 2.6270212871613454e-24, nan 
-70.625, -82.875, 3.968045960184273e-24, nan 
-70.375, -82.875, 3.2378804016648427e-24, nan 
-70.125, -82.875, 2.9705141264990867e-24, nan 
-69.875, -82.875, 2.947504689350857e-24, nan 
-69.625, -82.875, 3.2314075728631853e-24, nan 
-69.375, -82.875, 5.419792932800298e-24, nan 
-69.125, -82.875, 4.534254054688389e-24, nan 
-68.875, -82.875, 3.1179804914044457e-24, nan 
-68.625, -82.875, 4.414602690079954e-24, nan 
-68.375, -82.875, 6.655222302105222e-24, nan 
-68.125, -82.875, 6.748674200702702e-24, nan 
-67.875, -82.875, 5.5044478685738486e-24, nan 
-67.625, -82.875, 5.401558744847457e-24, nan 
-67.375, -82.875, 6.796703826727945e-24, nan 
-67.125, -82.875, 7.34279689203314e-24, nan 
-66.875, -82.875, 6.456553015015244e-24, nan 
-66.625, -82.875, 6.049588257034648e-24, nan 
-66.375, -82.875, 8.415526139544365e-24, nan 
-66.125, -82.875, 1.197327096633786e-23, nan 
-65.875, -82.875, 1.2076379186527445e-23, nan 
-65.625, -82.875, 9.93422927107083e-24, nan 
-65.375, -82.875, 8.927270807871428e-24, nan 
-65.125, -82.875, 9.299544093453506e-24, nan 
-64.875, -82.875, 9.060190660963846e-24, nan 
-64.625, -82.875, 8.686499565639205e-24, nan 
-64.375, -82.875, 7.95798468729473e-24, nan 
-64.125, -82.875, 9.094990158908971e-24, nan 
-63.875, -82.875, 9.719341095706744e-24, nan 
-63.625, -82.875, 9.956027264902321e-24, nan 
-63.375, -82.875, 1.007692262263716e-23, nan 
-63.125, -82.875, 8.328786498577789e-24, nan 
-62.875, -82.875, 9.526210652656129e-24, nan 
-62.625, -82.875, 1.0442147931537667e-23, nan 
-62.375, -82.875, 1.0609317071431496e-23, nan 
-62.125, -82.875, 9.530126986311556e-24, nan 
-61.875, -82.875, 1.1916453432880804e-23, nan 
-61.625, -82.875, 1.2194814120644007e-23, nan 
-61.375, -82.875, 1.1821233692058723e-23, nan 
-61.125, -82.875, 1.2387157739750593e-23, nan 
-60.875, -82.875, 1.404021440750086e-23, nan 
-60.625, -82.875, 1.5091888034975697e-23, nan 
-60.375, -82.875, 1.601342648152589e-23, nan 
-60.125, -82.875, 1.770754098982102e-23, nan 
-59.875, -82.875, 1.6002407310107843e-23, nan 
-59.625, -82.875, 1.5669484202047676e-23, nan 
-59.375, -82.875, 1.3910404941301707e-23, nan 
-59.125, -82.875, 1.4323112577580193e-23, nan 
-58.875, -82.875, 1.2438577617852149e-23, nan 
-58.625, -82.875, 1.0722980289235264e-23, nan 
-58.375, -82.875, 7.15310523181527e-24, nan 
-58.125, -82.875, 6.165491094718033e-24, nan 
-57.875, -82.875, 7.113144394702994e-24, nan 
-57.625, -82.875, 7.565891945009502e-24, nan 
-57.375, -82.875, 6.793727666893018e-24, nan 
-57.125, -82.875, 7.398769655450055e-24, nan 
-56.875, -82.875, 8.346554830118636e-24, nan 
-56.625, -82.875, 1.0207387581566994e-23, nan 
-56.375, -82.875, 1.1702276278180848e-23, nan 
-56.125, -82.875, 1.0263709175905386e-23, nan 
-55.875, -82.875, 8.401146203754218e-24, nan 
-55.625, -82.875, 7.496878708381486e-24, nan 
-55.375, -82.875, 6.275105570191536e-24, nan 
-55.125, -82.875, 6.475790415226008e-24, nan 
-54.875, -82.875, 8.688874175326879e-24, nan 
-54.625, -82.875, 8.753538088619855e-24, nan 
-54.375, -82.875, 1.167328272723315e-23, nan 
-54.125, -82.875, 1.3588430897630277e-23, nan 
-53.875, -82.875, 1.3322116139132484e-23, nan 
-53.625, -82.875, 1.2609546157791823e-23, nan 
-53.375, -82.875, 1.1751666864349265e-23, nan 
-53.125, -82.875, 1.008737379332246e-23, nan 
-52.875, -82.875, 6.118272781949432e-24, nan 
-52.625, -82.875, 5.987662813150784e-24, nan 
-52.375, -82.875, 5.2924459367061985e-24, nan 
-52.125, -82.875, 8.04720448919065e-24, nan 
-51.875, -82.875, 1.1333923239918383e-23, nan 
-51.625, -82.875, 1.2867799464514124e-23, nan 
-51.375, -82.875, 1.2601610442061393e-23, nan 
-51.125, -82.875, 1.1566435073142844e-23, nan 
-50.875, -82.875, 1.2394968964085836e-23, nan 
-50.625, -82.875, 1.1464667143362457e-23, nan 
-50.375, -82.875, 1.137312918031423e-23, nan 
-50.125, -82.875, 9.786052249538556e-24, nan 
-49.875, -82.875, 8.158779879834118e-24, nan 
-49.625, -82.875, 7.776770012056413e-24, nan 
-49.375, -82.875, 8.256006743812838e-24, nan 
-49.125, -82.875, 7.663554168531082e-24, nan 
-48.875, -82.875, 6.149767826690305e-24, nan 
-48.625, -82.875, 7.197693713710343e-24, nan 
-48.375, -82.875, 7.14079431061482e-24, nan 
-48.125, -82.875, 7.998582269144605e-24, nan 
-47.875, -82.875, 7.401336989054586e-24, nan 
-47.625, -82.875, 5.95096701373355e-24, nan 
-47.375, -82.875, 4.145892988795209e-24, nan 
-47.125, -82.875, 3.0283045563916207e-24, nan 
-46.875, -82.875, 2.3021936031637678e-24, nan 
-46.625, -82.875, 1.9961166847028072e-24, nan 
-46.375, -82.875, 2.203722432644767e-24, nan 
-46.125, -82.875, 1.679555054569464e-24, nan 
-45.875, -82.875, 2.6994534475833968e-24, nan 
-45.625, -82.875, 3.534855068403752e-24, nan 
-45.375, -82.875, 3.2555648794054063e-24, nan 
-45.125, -82.875, 3.243584087780468e-24, nan 
-44.875, -82.875, 6.4902652967934336e-24, nan 
-44.625, -82.875, 1.2062538666844939e-23, nan 
-44.375, -82.875, 1.5953722958160644e-23, nan 
-44.125, -82.875, 1.7478941204862217e-23, nan 
-43.875, -82.875, 1.6384120981319122e-23, nan 
-43.625, -82.875, 1.5206083139624294e-23, nan 
-43.375, -82.875, 1.4380499513371977e-23, nan 
-43.125, -82.875, 1.4854367226613456e-23, nan 
-42.875, -82.875, 1.678597142234623e-23, nan 
-42.625, -82.875, 1.6890283613861087e-23, nan 
-42.375, -82.875, 1.651100204345379e-23, nan 
-42.125, -82.875, 1.611413955349008e-23, nan 
-41.875, -82.875, 9.689161554146247e-24, nan 
-41.625, -82.875, 6.195410927767958e-24, nan 
-41.375, -82.875, 3.619649830104298e-24, nan 
-41.125, -82.875, 2.9402329956510392e-24, nan 
-40.875, -82.875, 2.7157798535716537e-24, nan 
-40.625, -82.875, 3.820135009605286e-24, nan 
-40.375, -82.875, 4.282665552597099e-24, nan 
-40.125, -82.875, 4.972032569182762e-24, nan 
-39.875, -82.875, 7.038534541401716e-24, nan 
-39.625, -82.875, 7.807382985074242e-24, nan 
-39.375, -82.875, 8.043402934315077e-24, nan 
-39.125, -82.875, 9.277876775008783e-24, nan 
-38.875, -82.875, 9.827165749122486e-24, nan 
-38.625, -82.875, 1.1445123457129395e-23, nan 
-38.375, -82.875, 1.2128959254407804e-23, nan 
-38.125, -82.875, 1.2340153152080457e-23, nan 
-37.875, -82.875, 1.1828766807127645e-23, nan 
-37.625, -82.875, 1.1079914294870217e-23, nan 
-37.375, -82.875, 1.070088308586932e-23, nan 
-37.125, -82.875, 1.0264431920490171e-23, nan 
-36.875, -82.875, 1.0501030570140091e-23, nan 
-36.625, -82.875, 1.0665311024866156e-23, nan 
-36.375, -82.875, 1.0563916183908048e-23, nan 
-36.125, -82.875, 9.745866840269748e-24, nan 
-35.875, -82.875, 8.920310699139396e-24, nan 
-35.625, -82.875, 8.191187799017402e-24, nan 
-35.375, -82.875, 6.648938469868406e-24, nan 
-35.125, -82.875, 5.63277964302335e-24, nan 
-34.875, -82.875, 7.258208900133105e-24, nan 
-34.625, -82.875, 8.635079839577411e-24, nan 
-34.375, -82.875, 5.892540415597384e-24, nan 
-34.125, -82.875, 4.6774275897832685e-24, nan 
-33.875, -82.875, 3.667731128398049e-24, nan 
-33.625, -82.875, 2.824355620883384e-24, nan 
-33.375, -82.875, 1.7358719390866434e-24, nan 
-33.125, -82.875, 1.1222298933468685e-24, nan 
-32.875, -82.875, 2.717479840677342e-24, nan 
-32.625, -82.875, 7.890640221627229e-24, nan 
-32.375, -82.875, 1.1378949745050474e-23, nan 
-32.125, -82.875, 4.439351808699486e-24, nan 
-31.875, -82.875, 4.38371232955999e-24, nan 
-31.625, -82.875, 5.461103886292685e-24, nan 
-31.375, -82.875, 8.418389887111e-24, nan 
-31.125, -82.875, 1.024415573037879e-23, nan 
-30.875, -82.875, 1.1759709517354585e-23, nan 
-30.625, -82.875, 8.475703874007655e-24, nan 
-30.375, -82.875, 1.0198298390292293e-23, nan 
-30.125, -82.875, 9.617760579469936e-24, nan 
-29.875, -82.875, 7.991230675642787e-24, nan 
-29.625, -82.875, 1.0090620598850839e-23, nan 
-29.375, -82.875, 9.425948489998015e-24, nan 
-29.125, -82.875, 9.643017506652595e-24, nan 
-28.875, -82.875, 8.982986341594539e-24, nan 
-28.625, -82.875, 1.1287658800776765e-23, nan 
-28.375, -82.875, 9.588898455032076e-24, nan 
-28.125, -82.875, 8.575224190660468e-24, nan 
-27.875, -82.875, 5.558963904401983e-24, nan 
-27.625, -82.875, 3.568989521080703e-24, nan 
-27.375, -82.875, 3.015273573159253e-24, nan 
-27.125, -82.875, 2.5573852152198535e-24, nan 
-26.875, -82.875, 2.6597906206156754e-24, nan 
-26.625, -82.875, 4.058875400791741e-24, nan 
-26.375, -82.875, 6.550368767619759e-24, nan 
-26.125, -82.875, 7.777322828252419e-24, nan 
-25.875, -82.875, 8.598766632360659e-24, nan 
-25.625, -82.875, 6.482963500682836e-24, nan 
-25.375, -82.875, 4.319281416928107e-24, nan 
-25.125, -82.875, 3.892268565836764e-24, nan 
-24.875, -82.875, 2.4828457990004823e-24, nan 
-24.625, -82.875, 1.781372036194971e-24, nan 
-24.375, -82.875, 3.3228714812396114e-24, nan 
-24.125, -82.875, 3.8898113447020624e-24, nan 
-23.875, -82.875, 4.954149922080818e-24, nan 
-23.625, -82.875, 6.104176275445961e-24, nan 
-23.375, -82.875, 5.9901863910299254e-24, nan 
-23.125, -82.875, 5.5260254776162845e-24, nan 
-22.875, -82.875, 5.3099700362793465e-24, nan 
-22.625, -82.875, 4.859840462400266e-24, nan 
-22.375, -82.875, 4.549165613366762e-24, nan 
-22.125, -82.875, 4.633021573626909e-24, nan 
-21.875, -82.875, 5.492870028322918e-24, nan 
-21.625, -82.875, 6.449833878434659e-24, nan 
-21.375, -82.875, 5.820401727333079e-24, nan 
-21.125, -82.875, 4.986604320368472e-24, nan 
-20.875, -82.875, 6.682718227195963e-24, nan 
-20.625, -82.875, 7.107040957047879e-24, nan 
-20.375, -82.875, 7.065406625281249e-24, nan 
-20.125, -82.875, 6.208081293167945e-24, nan 
-19.875, -82.875, 5.7694651008877394e-24, nan 
-19.625, -82.875, 6.5452540044957335e-24, nan 
-19.375, -82.875, 6.531281451196081e-24, nan 
-19.125, -82.875, 4.749973520094401e-24, nan 
-18.875, -82.875, 5.7504991098017174e-24, nan 
-18.625, -82.875, 7.248596072968808e-24, nan 
-18.375, -82.875, 7.550876911628994e-24, nan 
-18.125, -82.875, 7.1044763468416e-24, nan 
-17.875, -82.875, 5.432345991338061e-24, nan 
-17.625, -82.875, 6.431626587273728e-24, nan 
-17.375, -82.875, 8.037956091140005e-24, nan 
-17.125, -82.875, 8.562702457426824e-24, nan 
-16.875, -82.875, 8.487995551776188e-24, nan 
-16.625, -82.875, 7.87301794051084e-24, nan 
-16.375, -82.875, 9.641631692264371e-24, nan 
-16.125, -82.875, 1.0282267587110784e-23, nan 
-15.875, -82.875, 5.966819932602144e-24, nan 
-15.625, -82.875, 6.082725564460124e-24, nan 
-15.375, -82.875, 6.401519490301929e-24, nan 
-15.125, -82.875, 8.888655404554506e-24, nan 
-14.875, -82.875, 9.010171054048594e-24, nan 
-14.625, -82.875, 8.900592228594056e-24, nan 
-14.375, -82.875, 8.594004050190125e-24, nan 
-14.125, -82.875, 9.77088108716368e-24, nan 
-13.875, -82.875, 9.111893577623362e-24, nan 
-13.625, -82.875, 4.636469300126705e-24, nan 
-13.375, -82.875, 4.52261260095591e-24, nan 
-13.125, -82.875, 4.795715016677797e-24, nan 
-12.875, -82.875, 5.9635401482256885e-24, nan 
-12.625, -82.875, 6.763597120952832e-24, nan 
-12.375, -82.875, 7.475400533239968e-24, nan 
-12.125, -82.875, 7.32946252945376e-24, nan 
-11.875, -82.875, 6.43363253162316e-24, nan 
-11.625, -82.875, 5.9409336054302384e-24, nan 
-11.375, -82.875, 7.215141722528644e-24, nan 
-11.125, -82.875, 8.625891978172678e-24, nan 
-10.875, -82.875, 9.725216914437342e-24, nan 
-10.625, -82.875, 9.999643815088054e-24, nan 
-10.375, -82.875, 1.4083520687769046e-23, nan 
-10.125, -82.875, 1.631857599380779e-23, nan 
-9.875, -82.875, 1.6442898657743784e-23, nan 
-9.625, -82.875, 1.4061463931128673e-23, nan 
-9.375, -82.875, 9.397720799183827e-24, nan 
-9.125, -82.875, 4.949886488704514e-24, nan 
-8.875, -82.875, 7.542967688467274e-24, nan 
-8.625, -82.875, 9.168033172378208e-24, nan 
-8.375, -82.875, 9.464415649285438e-24, nan 
-8.125, -82.875, 9.745346435259941e-24, nan 
-7.875, -82.875, 1.0893434286724486e-23, nan 
-7.625, -82.875, 1.080849427218048e-23, nan 
-7.375, -82.875, 9.272691474889844e-24, nan 
-7.125, -82.875, 6.792589876759987e-24, nan 
-6.875, -82.875, 5.9895563949103195e-24, nan 
-6.625, -82.875, 7.046224889661605e-24, nan 
-6.375, -82.875, 7.821591278206098e-24, nan 
-6.125, -82.875, 6.788065195731792e-24, nan 
-5.875, -82.875, 6.254503399640883e-24, nan 
-5.625, -82.875, 7.017484827209709e-24, nan 
-5.375, -82.875, 8.08909098710981e-24, nan 
-5.125, -82.875, 8.331072283861745e-24, nan 
-4.875, -82.875, 8.982927789810715e-24, nan 
-4.625, -82.875, 9.712856767214936e-24, nan 
-4.375, -82.875, 1.0324124743985789e-23, nan 
-4.125, -82.875, 1.1752624171645738e-23, nan 
-3.875, -82.875, 1.0765957391914353e-23, nan 
-3.625, -82.875, 9.933527034892611e-24, nan 
-3.375, -82.875, 9.360252917098462e-24, nan 
-3.125, -82.875, 7.546316427765205e-24, nan 
-2.875, -82.875, 4.549151802402602e-24, nan 
-2.625, -82.875, 4.374743280435853e-24, nan 
-2.375, -82.875, 7.547448955524937e-24, nan 
-2.125, -82.875, 1.1185848454616806e-23, nan 
-1.875, -82.875, 1.2588005291454911e-23, nan 
-1.625, -82.875, 1.5747656230935095e-23, nan 
-1.375, -82.875, 1.6681956743026615e-23, nan 
-1.125, -82.875, 1.677385454555575e-23, nan 
-0.875, -82.875, 1.7051207503482285e-23, nan 
-0.625, -82.875, 1.4556929084927028e-23, nan 
-0.375, -82.875, 1.421870556107813e-23, nan 
-0.125, -82.875, 1.435670066257159e-23, nan 
0.125, -82.875, 1.5299343216501255e-23, nan 
0.375, -82.875, 1.4125449316855095e-23, nan 
0.625, -82.875, 1.4284847142441897e-23, nan 
0.875, -82.875, 1.3877161835921785e-23, nan 
1.125, -82.875, 1.3529295318567952e-23, nan 
1.375, -82.875, 1.2639760376766957e-23, nan 
1.625, -82.875, 1.1209807921036338e-23, nan 
1.875, -82.875, 1.0234148974261066e-23, nan 
2.125, -82.875, 9.014249917668736e-24, nan 
2.375, -82.875, 7.77933444234055e-24, nan 
2.625, -82.875, 8.381415346810803e-24, nan 
2.875, -82.875, 9.722816852687698e-24, nan 
3.125, -82.875, 1.2032202663992689e-23, nan 
3.375, -82.875, 9.54584103085026e-24, nan 
3.625, -82.875, 8.258804986531503e-24, nan 
3.875, -82.875, 6.741332167425759e-24, nan 
4.125, -82.875, 7.217032379898078e-24, nan 
4.375, -82.875, 8.892005549882055e-24, nan 
4.625, -82.875, 8.614289674047745e-24, nan 
4.875, -82.875, 5.8889773520217185e-24, nan 
5.125, -82.875, 6.555178831693704e-24, nan 
5.375, -82.875, 6.858349747063774e-24, nan 
5.625, -82.875, 1.0008342796196669e-23, nan 
5.875, -82.875, 8.450684646715892e-24, nan 
6.125, -82.875, 9.503010084701089e-24, nan 
6.375, -82.875, 1.4354682027136967e-23, nan 
6.625, -82.875, 5.97655674918298e-24, nan 
6.875, -82.875, 5.588129126015018e-24, nan 
7.125, -82.875, 7.60722587105391e-24, nan 
7.375, -82.875, 8.432502521131692e-24, nan 
7.625, -82.875, 9.967271040970638e-24, nan 
7.875, -82.875, 6.711330745690327e-24, nan 
8.125, -82.875, 6.107026913517127e-24, nan 
8.375, -82.875, 8.05014764461664e-24, nan 
8.625, -82.875, 1.2291300249444564e-23, nan 
8.875, -82.875, 1.1535026049788865e-23, nan 
9.125, -82.875, 8.040550820215046e-24, nan 
9.375, -82.875, 1.02585136155253e-23, nan 
9.625, -82.875, 1.3052624294885302e-23, nan 
9.875, -82.875, 1.6326470942185144e-23, nan 
10.125, -82.875, 1.6180499794672003e-23, nan 
-113.375, -82.625, 7.385388998247518e-24, nan 
-113.125, -82.625, 6.838317826131609e-24, nan 
-112.875, -82.625, 6.235821648636887e-24, nan 
-112.625, -82.625, 6.089777856128116e-24, nan 
-112.375, -82.625, 4.6135202235915834e-24, nan 
-112.125, -82.625, 3.583308961402722e-24, nan 
-111.875, -82.625, 4.3917372295576044e-24, nan 
-111.625, -82.625, 4.89304571198626e-24, nan 
-111.375, -82.625, 5.102096697837078e-24, nan 
-111.125, -82.625, 5.328204226843471e-24, nan 
-110.875, -82.625, 5.26251020051481e-24, nan 
-110.625, -82.625, 4.620614404026864e-24, nan 
-110.375, -82.625, 3.363546329811606e-24, nan 
-110.125, -82.625, 3.2364771323363116e-24, nan 
-109.875, -82.625, 3.0622017970102856e-24, nan 
-109.625, -82.625, 2.6308137558909523e-24, nan 
-109.375, -82.625, 1.9113002319673898e-24, nan 
-109.125, -82.625, 1.4754793436058148e-24, nan 
-108.875, -82.625, 1.5086598194659908e-24, nan 
-108.625, -82.625, 1.1701224937544872e-24, nan 
-108.375, -82.625, 8.587356395879083e-25, nan 
-108.125, -82.625, 7.132893254391056e-25, nan 
-107.875, -82.625, 9.16598489467754e-25, nan 
-107.625, -82.625, 8.046157869419291e-25, nan 
-107.375, -82.625, 8.412265107477558e-25, nan 
-107.125, -82.625, 7.604617604552981e-25, nan 
-106.875, -82.625, 7.076311424218125e-25, nan 
-106.625, -82.625, 9.163706804040844e-25, nan 
-106.375, -82.625, 9.297432959319236e-25, nan 
-106.125, -82.625, 1.0749609302056952e-24, nan 
-105.875, -82.625, 9.915056747280273e-25, nan 
-105.625, -82.625, 7.1286116935854e-25, nan 
-105.375, -82.625, 8.345750603545795e-25, nan 
-105.125, -82.625, 7.201341962054809e-25, nan 
-104.875, -82.625, 6.408010378103888e-25, nan 
-104.625, -82.625, 7.634814825701205e-25, nan 
-104.375, -82.625, 1.179650439337102e-24, nan 
-104.125, -82.625, 1.3361153041091634e-24, nan 
-103.875, -82.625, 1.5319891567985862e-24, nan 
-103.625, -82.625, 1.5422868520949364e-24, nan 
-103.375, -82.625, 1.408471138996873e-24, nan 
-103.125, -82.625, 1.381674136572102e-24, nan 
-102.875, -82.625, 1.501489791655819e-24, nan 
-102.625, -82.625, 1.5686744365580582e-24, nan 
-102.375, -82.625, 1.510790695692513e-24, nan 
-102.125, -82.625, 1.5711593923530676e-24, nan 
-101.875, -82.625, 1.657394775345908e-24, nan 
-101.625, -82.625, 3.539912284133693e-24, nan 
-101.375, -82.625, 3.899511917741736e-24, nan 
-101.125, -82.625, 4.8565052699618146e-24, nan 
-100.875, -82.625, 4.868767098903725e-24, nan 
-100.625, -82.625, 4.620614762595796e-24, nan 
-100.375, -82.625, 4.361478805149897e-24, nan 
-100.125, -82.625, 4.3307320829234926e-24, nan 
-99.875, -82.625, 5.332692757526018e-24, nan 
-99.625, -82.625, 5.705770986298112e-24, nan 
-99.375, -82.625, 5.617199051546768e-24, nan 
-99.125, -82.625, 5.683440353458462e-24, nan 
-98.875, -82.625, 5.6921370820273464e-24, nan 
-98.625, -82.625, 5.5846516595911305e-24, nan 
-98.375, -82.625, 4.8871815075678005e-24, nan 
-98.125, -82.625, 5.170966734377767e-25, nan 
-97.875, -82.625, 3.9508798104729326e-25, nan 
-97.625, -82.625, 2.0353385408793793e-25, nan 
-97.375, -82.625, 3.512026774408032e-25, nan 
-97.125, -82.625, 3.5986821665188874e-25, nan 
-96.875, -82.625, 2.9575657390554283e-25, nan 
-96.625, -82.625, 3.588982418202166e-25, nan 
-96.375, -82.625, 3.796838063936584e-25, nan 
-96.125, -82.625, 3.7444628194277774e-25, nan 
-95.875, -82.625, 3.8676222893493617e-25, nan 
-95.625, -82.625, 4.472576427050633e-25, nan 
-95.375, -82.625, 5.271770682325621e-25, nan 
-95.125, -82.625, 4.856081025868773e-25, nan 
-94.875, -82.625, 4.765834749351217e-25, nan 
-94.625, -82.625, 4.193940841589678e-25, nan 
-94.375, -82.625, 4.899459866786971e-25, nan 
-94.125, -82.625, 4.644919994938348e-25, nan 
-93.875, -82.625, 4.9392759712817135e-25, nan 
-93.625, -82.625, 4.53227601852553e-25, nan 
-93.375, -82.625, 3.5587141885302445e-25, nan 
-93.125, -82.625, 3.1429017462902673e-25, nan 
-92.875, -82.625, 2.3204857714204825e-25, nan 
-92.625, -82.625, 2.3672117674200907e-25, nan 
-92.375, -82.625, 3.287142635384267e-25, nan 
-92.125, -82.625, 5.582370655873874e-25, nan 
-91.875, -82.625, 6.523595520351957e-25, nan 
-91.625, -82.625, 4.952826763667183e-25, nan 
-91.375, -82.625, 6.587840137938063e-25, nan 
-91.125, -82.625, 7.719430482315029e-25, nan 
-90.875, -82.625, 7.622758748604341e-25, nan 
-90.625, -82.625, 6.188914349524104e-25, nan 
-90.375, -82.625, 5.646290613558377e-25, nan 
-90.125, -82.625, 8.194367678814538e-25, nan 
-89.875, -82.625, 6.54980745178886e-25, nan 
-89.625, -82.625, 8.47389232125672e-25, nan 
-89.375, -82.625, 8.973783459533702e-25, nan 
-89.125, -82.625, 7.753925754105615e-25, nan 
-88.875, -82.625, 9.349154657001116e-25, nan 
-88.625, -82.625, 1.0782672579612169e-24, nan 
-88.375, -82.625, 1.408244066052111e-24, nan 
-88.125, -82.625, 2.2026199263071906e-24, nan 
-87.875, -82.625, 2.5323515622554855e-24, nan 
-87.625, -82.625, 2.108209323154244e-24, nan 
-87.375, -82.625, 1.2768372337722706e-24, nan 
-87.125, -82.625, 1.7659083207473723e-24, nan 
-86.875, -82.625, 2.1497353918074302e-24, nan 
-86.625, -82.625, 2.240580344879125e-24, nan 
-86.375, -82.625, 2.816914160353622e-24, nan 
-86.125, -82.625, 2.8159882782802745e-24, nan 
-85.875, -82.625, 2.3072356071241736e-24, nan 
-85.625, -82.625, 2.941371088489395e-24, nan 
-85.375, -82.625, 5.6283686691717646e-24, nan 
-85.125, -82.625, 5.968989136750137e-24, nan 
-84.875, -82.625, 5.6469497251162746e-24, nan 
-84.625, -82.625, 5.181867855229742e-24, nan 
-84.375, -82.625, 3.9384406870714e-24, nan 
-84.125, -82.625, 1.853092718603173e-24, nan 
-83.875, -82.625, 3.0961104101287634e-24, nan 
-83.625, -82.625, 5.986747299582849e-24, nan 
-83.375, -82.625, 6.064200398020001e-24, nan 
-83.125, -82.625, 4.708388765017195e-24, nan 
-82.875, -82.625, 4.9666203639182034e-24, nan 
-82.625, -82.625, 4.917973179798996e-24, nan 
-82.375, -82.625, 4.000534224751196e-24, nan 
-82.125, -82.625, 3.6201169611565834e-24, nan 
-81.875, -82.625, 4.474495831154404e-24, nan 
-81.625, -82.625, 4.2819168961467394e-24, nan 
-81.375, -82.625, 3.577827738296912e-24, nan 
-81.125, -82.625, 4.1918508988036366e-24, nan 
-80.875, -82.625, 4.348163598999121e-24, nan 
-80.625, -82.625, 4.109317246159391e-24, nan 
-80.375, -82.625, 3.8956437559663445e-24, nan 
-80.125, -82.625, 4.106377262225277e-24, nan 
-79.875, -82.625, 4.03177719957891e-24, nan 
-79.625, -82.625, 3.542385060857891e-24, nan 
-79.375, -82.625, 2.68058296995787e-24, nan 
-79.125, -82.625, 2.8397795178264217e-24, nan 
-78.875, -82.625, 2.3594866334645718e-24, nan 
-78.625, -82.625, 2.362660325121798e-24, nan 
-78.375, -82.625, 2.615205092988742e-24, nan 
-78.125, -82.625, 2.892561376458079e-24, nan 
-77.875, -82.625, 3.176695074046302e-24, nan 
-77.625, -82.625, 2.9645118113937325e-24, nan 
-77.375, -82.625, 2.739843455321724e-24, nan 
-77.125, -82.625, 1.8702700049855365e-24, nan 
-76.875, -82.625, 1.3013490305891235e-24, nan 
-76.625, -82.625, 1.1541215252202423e-24, nan 
-76.375, -82.625, 1.0178767398378347e-24, nan 
-76.125, -82.625, 9.021760485682189e-25, nan 
-75.875, -82.625, 1.210998129145902e-24, nan 
-75.625, -82.625, 1.2044990186447289e-24, nan 
-75.375, -82.625, 7.913512662813171e-25, nan 
-75.125, -82.625, 6.735242413043371e-25, nan 
-74.875, -82.625, 5.262336243202492e-25, nan 
-74.625, -82.625, 3.7311382280199166e-25, nan 
-74.375, -82.625, 1.0729696349245142e-24, nan 
-74.125, -82.625, 8.787348205321015e-25, nan 
-73.875, -82.625, 7.824202474163546e-25, nan 
-73.625, -82.625, 5.492878034324863e-25, nan 
-73.375, -82.625, 3.985176768952413e-25, nan 
-73.125, -82.625, 3.765915578166431e-25, nan 
-72.875, -82.625, 5.826211528646456e-25, nan 
-72.625, -82.625, 1.711469551987349e-24, nan 
-72.375, -82.625, 1.9995811852097536e-24, nan 
-72.125, -82.625, 6.0812741765190676e-24, nan 
-71.875, -82.625, 8.314483115552756e-24, nan 
-71.625, -82.625, 3.5765423413590806e-24, nan 
-71.375, -82.625, 2.8836188505444347e-24, nan 
-71.125, -82.625, 9.703362356847039e-25, nan 
-70.875, -82.625, 2.342628443710507e-24, nan 
-70.625, -82.625, 2.9261086573904133e-24, nan 
-70.375, -82.625, 2.2980795494694692e-24, nan 
-70.125, -82.625, 1.9461020446770228e-24, nan 
-69.875, -82.625, 1.620512456770524e-24, nan 
-69.625, -82.625, 1.1747515964631855e-24, nan 
-69.375, -82.625, 2.12572392700472e-24, nan 
-69.125, -82.625, 1.2495966677553148e-24, nan 
-68.875, -82.625, 1.043027718274139e-24, nan 
-68.625, -82.625, 8.861915340339246e-25, nan 
-68.375, -82.625, 1.1562440850336847e-24, nan 
-68.125, -82.625, 1.611106704590399e-24, nan 
-67.875, -82.625, 1.6614850635770537e-24, nan 
-67.625, -82.625, 2.2088720959300143e-24, nan 
-67.375, -82.625, 3.2324605478113473e-24, nan 
-67.125, -82.625, 3.551382787737849e-24, nan 
-66.875, -82.625, 4.022028499184507e-24, nan 
-66.625, -82.625, 4.0636707630278615e-24, nan 
-66.375, -82.625, 5.019500457420034e-24, nan 
-66.125, -82.625, 7.159446529108108e-24, nan 
-65.875, -82.625, 7.328367423897713e-24, nan 
-65.625, -82.625, 6.344380437123856e-24, nan 
-65.375, -82.625, 8.801095812712335e-24, nan 
-65.125, -82.625, 9.66866085033617e-24, nan 
-64.875, -82.625, 9.398092619630685e-24, nan 
-64.625, -82.625, 8.581037966698075e-24, nan 
-64.375, -82.625, 8.187256139627081e-24, nan 
-64.125, -82.625, 8.632136938043044e-24, nan 
-63.875, -82.625, 8.655313272525073e-24, nan 
-63.625, -82.625, 8.254854412786523e-24, nan 
-63.375, -82.625, 1.0603665004043088e-23, nan 
-63.125, -82.625, 1.0102999749548683e-23, nan 
-62.875, -82.625, 1.066648077619453e-23, nan 
-62.625, -82.625, 1.0040938519628096e-23, nan 
-62.375, -82.625, 1.0554262127419142e-23, nan 
-62.125, -82.625, 1.0192248135548447e-23, nan 
-61.875, -82.625, 5.293386513185921e-24, nan 
-61.625, -82.625, 1.1789203994771005e-23, nan 
-61.375, -82.625, 1.3379041258419398e-23, nan 
-61.125, -82.625, 1.6877402207143497e-23, nan 
-60.875, -82.625, 1.4989690237428855e-23, nan 
-60.625, -82.625, 1.8585445083125112e-23, nan 
-60.375, -82.625, 2.069318173983015e-23, nan 
-60.125, -82.625, 1.8505109117927698e-23, nan 
-59.875, -82.625, 1.7303185849755987e-23, nan 
-59.625, -82.625, 1.6188385418081765e-23, nan 
-59.375, -82.625, 1.760725034535435e-23, nan 
-59.125, -82.625, 1.6013829187151775e-23, nan 
-58.875, -82.625, 1.4576400191587525e-23, nan 
-58.625, -82.625, 1.4359949353158084e-23, nan 
-58.375, -82.625, 1.2323484274014124e-23, nan 
-58.125, -82.625, 1.2350789877255251e-23, nan 
-57.875, -82.625, 9.030469878641491e-24, nan 
-57.625, -82.625, 9.118594221192533e-24, nan 
-57.375, -82.625, 1.1704997470686587e-23, nan 
-57.125, -82.625, 6.385766583382225e-24, nan 
-56.875, -82.625, 3.7860357903907626e-24, nan 
-56.625, -82.625, 5.308390030979317e-24, nan 
-56.375, -82.625, 9.705804610072149e-24, nan 
-56.125, -82.625, 1.0617875367218236e-23, nan 
-55.875, -82.625, 1.3710151495553155e-23, nan 
-55.625, -82.625, 1.4106115041676148e-23, nan 
-55.375, -82.625, 1.2468827876641734e-23, nan 
-55.125, -82.625, 1.0749504751047192e-23, nan 
-54.875, -82.625, 1.0641117941645875e-23, nan 
-54.625, -82.625, 1.0993772493161093e-23, nan 
-54.375, -82.625, 1.2830790028053242e-23, nan 
-54.125, -82.625, 1.6847306047193594e-23, nan 
-53.875, -82.625, 1.7711723462617427e-23, nan 
-53.625, -82.625, 1.726038831711931e-23, nan 
-53.375, -82.625, 1.4347087446670687e-23, nan 
-53.125, -82.625, 1.346228204068419e-23, nan 
-52.875, -82.625, 1.2969102045432798e-23, nan 
-52.625, -82.625, 1.244300383188211e-23, nan 
-52.375, -82.625, 1.274556676383007e-23, nan 
-52.125, -82.625, 1.1841816037510569e-23, nan 
-51.875, -82.625, 1.1535789898179956e-23, nan 
-51.625, -82.625, 1.2480709629568048e-23, nan 
-51.375, -82.625, 1.335445575662072e-23, nan 
-51.125, -82.625, 1.4469721450558123e-23, nan 
-50.875, -82.625, 1.4617761308129297e-23, nan 
-50.625, -82.625, 1.6697017840798577e-23, nan 
-50.375, -82.625, 1.6195492562542286e-23, nan 
-50.125, -82.625, 1.2546896668977285e-23, nan 
-49.875, -82.625, 1.0945307395631294e-23, nan 
-49.625, -82.625, 1.2059536309668699e-23, nan 
-49.375, -82.625, 1.576426256456462e-23, nan 
-49.125, -82.625, 1.6478034713110223e-23, nan 
-48.875, -82.625, 1.9054044589698102e-23, nan 
-48.625, -82.625, 2.2009065115571526e-23, nan 
-48.375, -82.625, 1.880634330898634e-23, nan 
-48.125, -82.625, 1.2964093190248194e-23, nan 
-47.875, -82.625, 1.1426158868813807e-23, nan 
-47.625, -82.625, 1.1871911621953609e-23, nan 
-47.375, -82.625, 1.2778681288078439e-23, nan 
-47.125, -82.625, 1.2811834314991456e-23, nan 
-46.875, -82.625, 3.947728148445687e-24, nan 
-46.625, -82.625, 8.299637992856108e-24, nan 
-46.375, -82.625, 1.9271123042387843e-23, nan 
-46.125, -82.625, 2.075014513129665e-23, nan 
-45.875, -82.625, 1.801503190589085e-23, nan 
-45.625, -82.625, 1.851095695024292e-23, nan 
-45.375, -82.625, 2.0257018771893814e-23, nan 
-45.125, -82.625, 2.2002305898590928e-23, nan 
-44.875, -82.625, 1.826074245587584e-23, nan 
-44.625, -82.625, 1.9512698155379723e-23, nan 
-44.375, -82.625, 2.4374456589123374e-23, nan 
-44.125, -82.625, 2.513450290571761e-23, nan 
-43.875, -82.625, 2.4282295433196542e-23, nan 
-43.625, -82.625, 2.4594564893123687e-23, nan 
-43.375, -82.625, 2.5126212256745804e-23, nan 
-43.125, -82.625, 2.4616096194168505e-23, nan 
-42.875, -82.625, 2.5580313603666298e-23, nan 
-42.625, -82.625, 2.593780071102364e-23, nan 
-42.375, -82.625, 2.6454270988284672e-23, nan 
-42.125, -82.625, 2.478526911366641e-23, nan 
-41.875, -82.625, 1.6472956731238064e-23, nan 
-41.625, -82.625, 1.5151677645520248e-23, nan 
-41.375, -82.625, 1.625064498392489e-23, nan 
-41.125, -82.625, 1.9185481008453875e-23, nan 
-40.875, -82.625, 2.0455267119280353e-23, nan 
-40.625, -82.625, 2.1597371134071188e-23, nan 
-40.375, -82.625, 2.0084601503974893e-23, nan 
-40.125, -82.625, 1.318596266763928e-23, nan 
-39.875, -82.625, 1.0817670622602172e-23, nan 
-39.625, -82.625, 1.06123813589984e-23, nan 
-39.375, -82.625, 9.522215299373135e-24, nan 
-39.125, -82.625, 1.1869359244526193e-23, nan 
-38.875, -82.625, 1.3887023014529194e-23, nan 
-38.625, -82.625, 1.4082312786427174e-23, nan 
-38.375, -82.625, 1.6024585955985954e-23, nan 
-38.125, -82.625, 1.5986586932429726e-23, nan 
-37.875, -82.625, 1.481141836217519e-23, nan 
-37.625, -82.625, 1.4378696049745765e-23, nan 
-37.375, -82.625, 1.2913629726420953e-23, nan 
-37.125, -82.625, 1.223190096885593e-23, nan 
-36.875, -82.625, 1.295674842995426e-23, nan 
-36.625, -82.625, 1.2114243101572335e-23, nan 
-36.375, -82.625, 1.1271330139529684e-23, nan 
-36.125, -82.625, 1.029640956512123e-23, nan 
-35.875, -82.625, 1.0062869461737707e-23, nan 
-35.625, -82.625, 9.502907694401354e-24, nan 
-35.375, -82.625, 7.692163291252334e-24, nan 
-35.125, -82.625, 8.24857878927906e-24, nan 
-34.875, -82.625, 8.514182620321343e-24, nan 
-34.625, -82.625, 7.652567745261077e-24, nan 
-34.375, -82.625, 7.674124982283764e-24, nan 
-34.125, -82.625, 7.233449134792665e-24, nan 
-33.875, -82.625, 6.474279273913128e-24, nan 
-33.625, -82.625, 4.7943975979652824e-24, nan 
-33.375, -82.625, 4.823509134710003e-24, nan 
-33.125, -82.625, 7.461880920711665e-24, nan 
-32.875, -82.625, 7.583803315559103e-24, nan 
-32.625, -82.625, 7.229617210483142e-24, nan 
-32.375, -82.625, 8.315362269738724e-24, nan 
-32.125, -82.625, 9.411807656552943e-24, nan 
-31.875, -82.625, 1.0919956116518355e-23, nan 
-31.625, -82.625, 1.0898420366915302e-23, nan 
-31.375, -82.625, 1.3628331347661963e-23, nan 
-31.125, -82.625, 1.3251002917762708e-23, nan 
-30.875, -82.625, 1.2174116725986914e-23, nan 
-30.625, -82.625, 9.850383404826056e-24, nan 
-30.375, -82.625, 1.1462835471305586e-23, nan 
-30.125, -82.625, 1.346611506445441e-23, nan 
-29.875, -82.625, 1.3055763211226858e-23, nan 
-29.625, -82.625, 1.570166183891778e-23, nan 
-29.375, -82.625, 1.466186027919134e-23, nan 
-29.125, -82.625, 1.4249856876014803e-23, nan 
-28.875, -82.625, 1.1189159726081001e-23, nan 
-28.625, -82.625, 7.764436989423508e-24, nan 
-28.375, -82.625, 6.744263359163447e-24, nan 
-28.125, -82.625, 7.350077951478142e-24, nan 
-27.875, -82.625, 1.0861622737401326e-23, nan 
-27.625, -82.625, 1.0607161769489768e-23, nan 
-27.375, -82.625, 1.0024327114244214e-23, nan 
-27.125, -82.625, 7.747001825914757e-24, nan 
-26.875, -82.625, 6.5669464497567865e-24, nan 
-26.625, -82.625, 6.745772314854683e-24, nan 
-26.375, -82.625, 7.426456331205549e-24, nan 
-26.125, -82.625, 1.1112467097343431e-23, nan 
-25.875, -82.625, 1.1503436600100978e-23, nan 
-25.625, -82.625, 1.0208872576292136e-23, nan 
-25.375, -82.625, 8.71885545765002e-24, nan 
-25.125, -82.625, 7.413950542351387e-24, nan 
-24.875, -82.625, 7.073652204586817e-24, nan 
-24.625, -82.625, 5.9929226158817735e-24, nan 
-24.375, -82.625, 7.89882345068731e-24, nan 
-24.125, -82.625, 9.110595405340673e-24, nan 
-23.875, -82.625, 8.978843758557906e-24, nan 
-23.625, -82.625, 8.357085206317664e-24, nan 
-23.375, -82.625, 7.766568744461773e-24, nan 
-23.125, -82.625, 7.551818966201842e-24, nan 
-22.875, -82.625, 6.596602300158791e-24, nan 
-22.625, -82.625, 4.814166111951296e-24, nan 
-22.375, -82.625, 4.723227668369946e-24, nan 
-22.125, -82.625, 4.7022485060135646e-24, nan 
-21.875, -82.625, 4.580211201692075e-24, nan 
-21.625, -82.625, 5.920249536982782e-24, nan 
-21.375, -82.625, 6.5292253786505064e-24, nan 
-21.125, -82.625, 8.050138978686347e-24, nan 
-20.875, -82.625, 6.897968829495883e-24, nan 
-20.625, -82.625, 6.938962126144515e-24, nan 
-20.375, -82.625, 7.007328749303885e-24, nan 
-20.125, -82.625, 6.52362360682139e-24, nan 
-19.875, -82.625, 6.855272684134591e-24, nan 
-19.625, -82.625, 8.014010626234237e-24, nan 
-19.375, -82.625, 8.390290433228292e-24, nan 
-19.125, -82.625, 6.78627795321117e-24, nan 
-18.875, -82.625, 7.061646108120072e-24, nan 
-18.625, -82.625, 8.653974712907347e-24, nan 
-18.375, -82.625, 9.27125460099995e-24, nan 
-18.125, -82.625, 7.891207895217768e-24, nan 
-17.875, -82.625, 7.883896314045705e-24, nan 
-17.625, -82.625, 1.1672792365840572e-23, nan 
-17.375, -82.625, 9.312861007482342e-24, nan 
-17.125, -82.625, 1.0226148542027979e-23, nan 
-16.875, -82.625, 1.2513422786638365e-23, nan 
-16.625, -82.625, 1.5866125323027994e-23, nan 
-16.375, -82.625, 1.691335920042436e-23, nan 
-16.125, -82.625, 1.235249440322903e-23, nan 
-15.875, -82.625, 8.274320476349361e-24, nan 
-15.625, -82.625, 8.308550237091041e-24, nan 
-15.375, -82.625, 7.796495776708203e-24, nan 
-15.125, -82.625, 8.796382610893148e-24, nan 
-14.875, -82.625, 9.772806892119437e-24, nan 
-14.625, -82.625, 1.0955247407227491e-23, nan 
-14.375, -82.625, 8.886365405182853e-24, nan 
-14.125, -82.625, 6.0559824890754126e-24, nan 
-13.875, -82.625, 4.940284354378186e-24, nan 
-13.625, -82.625, 7.669730607240474e-24, nan 
-13.375, -82.625, 8.115014843871934e-24, nan 
-13.125, -82.625, 6.84771803750406e-24, nan 
-12.875, -82.625, 6.589362439201737e-24, nan 
-12.625, -82.625, 7.313975770104317e-24, nan 
-12.375, -82.625, 7.212426361485745e-24, nan 
-12.125, -82.625, 7.472164078505206e-24, nan 
-11.875, -82.625, 7.755853681304638e-24, nan 
-11.625, -82.625, 8.763707808023224e-24, nan 
-11.375, -82.625, 9.968945999004973e-24, nan 
-11.125, -82.625, 1.0608449646059654e-23, nan 
-10.875, -82.625, 9.479288662795036e-24, nan 
-10.625, -82.625, 1.1604997416090158e-23, nan 
-10.375, -82.625, 1.4176987784601173e-23, nan 
-10.125, -82.625, 1.5132143367265823e-23, nan 
-9.875, -82.625, 1.517872933778649e-23, nan 
-9.625, -82.625, 1.4703288365208614e-23, nan 
-9.375, -82.625, 1.1636386458317492e-23, nan 
-9.125, -82.625, 6.487561138654226e-24, nan 
-8.875, -82.625, 8.268264544384366e-24, nan 
-8.625, -82.625, 1.0892364294130668e-23, nan 
-8.375, -82.625, 1.0042435806274079e-23, nan 
-8.125, -82.625, 7.163258002389706e-24, nan 
-7.875, -82.625, 6.941685407137796e-24, nan 
-7.625, -82.625, 7.89486764270362e-24, nan 
-7.375, -82.625, 9.106053410998963e-24, nan 
-7.125, -82.625, 7.684605714699994e-24, nan 
-6.875, -82.625, 8.315319153932346e-24, nan 
-6.625, -82.625, 8.757215716523845e-24, nan 
-6.375, -82.625, 9.393838984401035e-24, nan 
-6.125, -82.625, 8.981795832206097e-24, nan 
-5.875, -82.625, 1.1044909333822043e-23, nan 
-5.625, -82.625, 1.024553881973688e-23, nan 
-5.375, -82.625, 9.130707877356417e-24, nan 
-5.125, -82.625, 8.939444364630505e-24, nan 
-4.875, -82.625, 9.776249990717497e-24, nan 
-4.625, -82.625, 1.3988803218568828e-23, nan 
-4.375, -82.625, 1.7897755600297732e-23, nan 
-4.125, -82.625, 1.9743215600032017e-23, nan 
-3.875, -82.625, 1.475274297698984e-23, nan 
-3.625, -82.625, 1.1977809761189959e-23, nan 
-3.375, -82.625, 1.1796962067490645e-23, nan 
-3.125, -82.625, 1.4551498850440898e-23, nan 
-2.875, -82.625, 2.1701928132142677e-23, nan 
-2.625, -82.625, 2.917462238260397e-23, nan 
-2.375, -82.625, 2.90021975971824e-23, nan 
-2.125, -82.625, 2.260340083415338e-23, nan 
-1.875, -82.625, 1.51719978923091e-23, nan 
-1.625, -82.625, 1.5403589643376362e-23, nan 
-1.375, -82.625, 1.8860741970305653e-23, nan 
-1.125, -82.625, 2.1421193064665953e-23, nan 
-0.875, -82.625, 2.4513571435522278e-23, nan 
-0.625, -82.625, 2.220687519402709e-23, nan 
-0.375, -82.625, 1.9022675748217647e-23, nan 
-0.125, -82.625, 1.4337947247971506e-23, nan 
0.125, -82.625, 1.0735787892787452e-23, nan 
0.375, -82.625, 1.0863701007268234e-23, nan 
0.625, -82.625, 9.797653072461529e-24, nan 
0.875, -82.625, 1.2163068436867131e-23, nan 
1.125, -82.625, 1.3122177682765932e-23, nan 
1.375, -82.625, 1.0095789771665673e-23, nan 
1.625, -82.625, 1.0367787306750265e-23, nan 
1.875, -82.625, 1.0402116131270602e-23, nan 
2.125, -82.625, 9.136572916012926e-24, nan 
2.375, -82.625, 8.889961678879651e-24, nan 
2.625, -82.625, 1.3053641713289046e-23, nan 
2.875, -82.625, 1.5053074037912656e-23, nan 
3.125, -82.625, 1.5650869539022634e-23, nan 
3.375, -82.625, 1.312513494764306e-23, nan 
3.625, -82.625, 1.0036494216073702e-23, nan 
3.875, -82.625, 9.987353024224925e-24, nan 
4.125, -82.625, 1.1283942043730305e-23, nan 
4.375, -82.625, 1.0619899487776324e-23, nan 
4.625, -82.625, 1.0186781761386802e-23, nan 
4.875, -82.625, 1.2205639105373312e-23, nan 
5.125, -82.625, 1.2275817027689964e-23, nan 
5.375, -82.625, 9.958504201905443e-24, nan 
5.625, -82.625, 9.841285450386607e-24, nan 
5.875, -82.625, 8.518604733977528e-24, nan 
6.125, -82.625, 7.117162995838197e-24, nan 
6.375, -82.625, 6.723327904754961e-24, nan 
6.625, -82.625, 7.264353431157952e-24, nan 
6.875, -82.625, 9.323298052659575e-24, nan 
7.125, -82.625, 1.050593664693573e-23, nan 
7.375, -82.625, 1.1196714625912993e-23, nan 
7.625, -82.625, 1.263916657960656e-23, nan 
7.875, -82.625, 1.700077994462952e-23, nan 
8.125, -82.625, 2.2693587797672105e-23, nan 
8.375, -82.625, 2.6300408269920098e-23, nan 
8.625, -82.625, 1.863582543236807e-23, nan 
8.875, -82.625, 1.9087733779757347e-23, nan 
9.125, -82.625, 2.657959085252885e-23, nan 
9.375, -82.625, 2.4353269972082438e-23, nan 
9.625, -82.625, 2.104703209440024e-23, nan 
9.875, -82.625, 2.4334356213771813e-23, nan 
10.125, -82.625, 2.8438951695412655e-23, nan 
10.375, -82.625, 2.0074532248506107e-23, nan 
10.625, -82.625, 2.0047111108900578e-23, nan 
-113.875, -82.375, 2.0735286626792624e-24, nan 
-113.625, -82.375, 2.8721808026410355e-24, nan 
-113.375, -82.375, 3.461577804840956e-24, nan 
-113.125, -82.375, 3.226338899947997e-24, nan 
-112.875, -82.375, 2.634603190864055e-24, nan 
-112.625, -82.375, 2.6393553352065925e-24, nan 
-112.375, -82.375, 2.634938099100146e-24, nan 
-112.125, -82.375, 4.275531389188562e-24, nan 
-111.875, -82.375, 4.377052606006204e-24, nan 
-111.625, -82.375, 4.3717553160856435e-24, nan 
-111.375, -82.375, 4.5397191216200505e-24, nan 
-111.125, -82.375, 5.505673643519371e-24, nan 
-110.875, -82.375, 5.538099213695056e-24, nan 
-110.625, -82.375, 5.4014717165477286e-24, nan 
-110.375, -82.375, 4.6710087427155155e-24, nan 
-110.125, -82.375, 4.819908393828633e-24, nan 
-109.875, -82.375, 4.587802429797722e-24, nan 
-109.625, -82.375, 3.360745824610162e-24, nan 
-109.375, -82.375, 3.0135513371279634e-24, nan 
-109.125, -82.375, 3.2919773079053466e-24, nan 
-108.875, -82.375, 3.1163804395844707e-24, nan 
-108.625, -82.375, 2.9294018075042396e-24, nan 
-108.375, -82.375, 3.2850614157529954e-24, nan 
-108.125, -82.375, 3.2568415985824628e-24, nan 
-107.875, -82.375, 2.654434489384038e-24, nan 
-107.625, -82.375, 1.6787558799052895e-24, nan 
-107.375, -82.375, 9.441685355404885e-25, nan 
-107.125, -82.375, 1.100031516635931e-24, nan 
-106.875, -82.375, 1.0446775034224397e-24, nan 
-106.625, -82.375, 1.0806582808017823e-24, nan 
-106.375, -82.375, 1.219332266043539e-24, nan 
-106.125, -82.375, 9.82181406457721e-25, nan 
-105.875, -82.375, 9.381152566037394e-25, nan 
-105.625, -82.375, 1.2301143010796993e-24, nan 
-105.375, -82.375, 8.447863662972185e-25, nan 
-105.125, -82.375, 6.545188227871029e-25, nan 
-104.875, -82.375, 7.969459218367166e-25, nan 
-104.625, -82.375, 1.0488805058840363e-24, nan 
-104.375, -82.375, 1.0305864510478367e-24, nan 
-104.125, -82.375, 7.361317940467235e-25, nan 
-103.875, -82.375, 6.761709368069519e-25, nan 
-103.625, -82.375, 5.962465805104755e-25, nan 
-103.375, -82.375, 5.81838956675312e-25, nan 
-103.125, -82.375, 5.559680139880887e-25, nan 
-102.875, -82.375, 5.356795723343718e-25, nan 
-102.625, -82.375, 6.669471654428965e-25, nan 
-102.375, -82.375, 9.477990260181097e-25, nan 
-102.125, -82.375, 1.4898807582740006e-24, nan 
-101.875, -82.375, 1.968382282778105e-24, nan 
-101.625, -82.375, 2.348216831123636e-24, nan 
-101.375, -82.375, 2.692932047945496e-24, nan 
-101.125, -82.375, 2.7612549088321345e-24, nan 
-100.875, -82.375, 2.551109472385259e-24, nan 
-100.625, -82.375, 2.293165218780268e-24, nan 
-100.375, -82.375, 2.1120891592774844e-24, nan 
-100.125, -82.375, 2.0462708938202463e-24, nan 
-99.875, -82.375, 6.329912181085108e-24, nan 
-99.625, -82.375, 7.403916974821993e-24, nan 
-99.375, -82.375, 7.201836223388881e-24, nan 
-99.125, -82.375, 7.040968573351019e-24, nan 
-98.875, -82.375, 7.178432205272276e-24, nan 
-98.625, -82.375, 7.013191768563085e-24, nan 
-98.375, -82.375, 5.298673792309638e-24, nan 
-98.125, -82.375, 5.077915992792883e-24, nan 
-97.875, -82.375, 6.004264415599218e-24, nan 
-97.625, -82.375, 5.206974289582302e-24, nan 
-97.375, -82.375, 4.916257882815275e-24, nan 
-97.125, -82.375, 5.07705628956645e-24, nan 
-96.875, -82.375, 5.067216980052658e-24, nan 
-96.625, -82.375, 3.9408609528155995e-24, nan 
-96.375, -82.375, 6.69209950700226e-25, nan 
-96.125, -82.375, 7.250144328119876e-25, nan 
-95.875, -82.375, 5.342834611969001e-25, nan 
-95.625, -82.375, 6.10656130392531e-25, nan 
-95.375, -82.375, 6.41466272994221e-25, nan 
-95.125, -82.375, 6.004530149085357e-25, nan 
-94.875, -82.375, 5.733186744916755e-25, nan 
-94.625, -82.375, 5.636719017944629e-25, nan 
-94.375, -82.375, 6.301501616846995e-25, nan 
-94.125, -82.375, 7.252343515746242e-25, nan 
-93.875, -82.375, 6.279687413826241e-25, nan 
-93.625, -82.375, 1.1204422060332962e-24, nan 
-93.375, -82.375, 2.2589503703799328e-24, nan 
-93.125, -82.375, 2.6421132484803566e-24, nan 
-92.875, -82.375, 1.0287110449264352e-24, nan 
-92.625, -82.375, 5.940574901948137e-25, nan 
-92.375, -82.375, 7.207699677875154e-25, nan 
-92.125, -82.375, 5.138405862603293e-25, nan 
-91.875, -82.375, 5.026987544442178e-25, nan 
-91.625, -82.375, 5.343807024109228e-25, nan 
-91.375, -82.375, 5.344486998856502e-25, nan 
-91.125, -82.375, 4.357233985380946e-25, nan 
-90.875, -82.375, 5.52408622824991e-25, nan 
-90.625, -82.375, 6.816829512605919e-25, nan 
-90.375, -82.375, 5.287634432306201e-25, nan 
-90.125, -82.375, 5.981372929832732e-25, nan 
-89.875, -82.375, 7.089111177575999e-25, nan 
-89.625, -82.375, 7.673777407489325e-25, nan 
-89.375, -82.375, 1.3812323636864314e-24, nan 
-89.125, -82.375, 1.2918869229405197e-24, nan 
-88.875, -82.375, 1.3745227577325574e-24, nan 
-88.625, -82.375, 1.6478502306161509e-24, nan 
-88.375, -82.375, 1.9689106049307496e-24, nan 
-88.125, -82.375, 1.5121220485138959e-24, nan 
-87.875, -82.375, 1.303594962486796e-24, nan 
-87.625, -82.375, 1.2971231248843985e-24, nan 
-87.375, -82.375, 9.687754327321756e-25, nan 
-87.125, -82.375, 6.385023324432002e-25, nan 
-86.875, -82.375, 1.916789554160434e-24, nan 
-86.625, -82.375, 2.494085689013201e-24, nan 
-86.375, -82.375, 1.6770500244597225e-24, nan 
-86.125, -82.375, 1.3585669356591015e-24, nan 
-85.875, -82.375, 1.3522950252997444e-24, nan 
-85.625, -82.375, 1.933955330096263e-24, nan 
-85.375, -82.375, 4.538408031836209e-24, nan 
-85.125, -82.375, 5.8626525179216245e-24, nan 
-84.875, -82.375, 5.0386770724721796e-24, nan 
-84.625, -82.375, 3.9230248948755634e-24, nan 
-84.375, -82.375, 3.13180166440745e-24, nan 
-84.125, -82.375, 3.26214425831636e-24, nan 
-83.875, -82.375, 2.8103551380092154e-24, nan 
-83.625, -82.375, 4.861067791532826e-24, nan 
-83.375, -82.375, 6.566444496091059e-24, nan 
-83.125, -82.375, 5.526902499848311e-24, nan 
-82.875, -82.375, 3.924739502126309e-24, nan 
-82.625, -82.375, 3.3070182367240688e-24, nan 
-82.375, -82.375, 3.3744719864195305e-24, nan 
-82.125, -82.375, 3.664698679560692e-24, nan 
-81.875, -82.375, 4.6446697393994646e-24, nan 
-81.625, -82.375, 4.822585298781392e-24, nan 
-81.375, -82.375, 4.5932620477505924e-24, nan 
-81.125, -82.375, 4.297792651666001e-24, nan 
-80.875, -82.375, 3.674832753863093e-24, nan 
-80.625, -82.375, 3.5551785181620214e-24, nan 
-80.375, -82.375, 3.8853188823978316e-24, nan 
-80.125, -82.375, 4.6609752940884706e-24, nan 
-79.875, -82.375, 4.580524474087663e-24, nan 
-79.625, -82.375, 4.1856007548161305e-24, nan 
-79.375, -82.375, 3.426143995748476e-24, nan 
-79.125, -82.375, 2.1697442547805557e-24, nan 
-78.875, -82.375, 1.772233924578865e-24, nan 
-78.625, -82.375, 2.0926098499801562e-24, nan 
-78.375, -82.375, 1.9890324940913728e-24, nan 
-78.125, -82.375, 2.077919361672241e-24, nan 
-77.875, -82.375, 5.583251737234395e-24, nan 
-77.625, -82.375, 8.057901308719845e-24, nan 
-77.375, -82.375, 1.1428318273803773e-23, nan 
-77.125, -82.375, 1.164963497352602e-23, nan 
-76.875, -82.375, 1.0960363613135697e-23, nan 
-76.625, -82.375, 1.0930638103535302e-23, nan 
-76.375, -82.375, 4.2104040591344394e-24, nan 
-76.125, -82.375, 1.1986059912592452e-24, nan 
-75.875, -82.375, 1.4247505892648324e-24, nan 
-75.625, -82.375, 1.3812552431514837e-24, nan 
-75.375, -82.375, 9.807932301340891e-25, nan 
-75.125, -82.375, 8.449724828619645e-25, nan 
-74.875, -82.375, 6.149261474487655e-25, nan 
-74.625, -82.375, 4.0448308796141888e-25, nan 
-74.375, -82.375, 1.4040888237318193e-24, nan 
-74.125, -82.375, 2.2789456181352664e-24, nan 
-73.875, -82.375, 6.516149885024975e-24, nan 
-73.625, -82.375, 9.165624707863173e-24, nan 
-73.375, -82.375, 3.216548794572138e-24, nan 
-73.125, -82.375, 1.0683243117036308e-24, nan 
-72.875, -82.375, 9.154424599356803e-25, nan 
-72.625, -82.375, 3.0832111076450048e-24, nan 
-72.375, -82.375, 5.183029547648672e-24, nan 
-72.125, -82.375, 1.3738598942629665e-23, nan 
-71.875, -82.375, 1.8715911237543562e-23, nan 
-71.625, -82.375, 6.757480257137237e-24, nan 
-71.375, -82.375, 7.988835814859488e-25, nan 
-71.125, -82.375, 1.2787480051786114e-24, nan 
-70.875, -82.375, 2.773571095522223e-24, nan 
-70.625, -82.375, 3.6554222784417575e-24, nan 
-70.375, -82.375, 8.073741265895313e-24, nan 
-70.125, -82.375, 1.0577111942112014e-23, nan 
-69.875, -82.375, 3.9903904612616245e-24, nan 
-69.625, -82.375, 7.556288497520833e-25, nan 
-69.375, -82.375, 9.17384269393239e-25, nan 
-69.125, -82.375, 9.988081344220298e-25, nan 
-68.875, -82.375, 8.420917494624376e-25, nan 
-68.625, -82.375, 8.004324470518334e-25, nan 
-68.375, -82.375, 8.011625714913588e-25, nan 
-68.125, -82.375, 7.52257799583419e-25, nan 
-67.875, -82.375, 7.8458995810180485e-25, nan 
-67.625, -82.375, 9.281582844400493e-25, nan 
-67.375, -82.375, 7.917304826437484e-25, nan 
-67.125, -82.375, 1.2100756414681261e-24, nan 
-66.875, -82.375, 3.1528493610792875e-24, nan 
-66.625, -82.375, 8.585909287746525e-24, nan 
-66.375, -82.375, 7.849797441956118e-24, nan 
-66.125, -82.375, 7.348534599138526e-24, nan 
-65.875, -82.375, 8.699276940179309e-24, nan 
-65.625, -82.375, 8.747866043512246e-24, nan 
-65.375, -82.375, 1.152446290952188e-23, nan 
-65.125, -82.375, 7.40246931453376e-24, nan 
-64.875, -82.375, 9.824697015292828e-24, nan 
-64.625, -82.375, 9.487957841136596e-24, nan 
-64.375, -82.375, 9.103546357222678e-24, nan 
-64.125, -82.375, 9.111572660407565e-24, nan 
-63.875, -82.375, 8.8115111712899e-24, nan 
-63.625, -82.375, 1.0754746141330852e-23, nan 
-63.375, -82.375, 8.714610032604607e-24, nan 
-63.125, -82.375, 6.419234202108492e-24, nan 
-62.875, -82.375, 8.847486127859421e-24, nan 
-62.625, -82.375, 6.607547269051939e-24, nan 
-62.375, -82.375, 5.45809705603233e-24, nan 
-62.125, -82.375, 4.66069089047612e-24, nan 
-61.875, -82.375, 5.151533057295124e-24, nan 
-61.625, -82.375, 6.830070988246631e-24, nan 
-61.375, -82.375, 6.1686337639568425e-24, nan 
-61.125, -82.375, 6.515829643420833e-24, nan 
-60.875, -82.375, 5.863024609271575e-24, nan 
-60.625, -82.375, 8.629263828401756e-24, nan 
-60.375, -82.375, 9.749739448522432e-24, nan 
-60.125, -82.375, 9.157968626021645e-24, nan 
-59.875, -82.375, 9.465373093082325e-24, nan 
-59.625, -82.375, 1.0779157017966797e-23, nan 
-59.375, -82.375, 1.405968152337065e-23, nan 
-59.125, -82.375, 9.046209738067849e-24, nan 
-58.875, -82.375, 7.042012270212045e-24, nan 
-58.625, -82.375, 7.905639988846487e-24, nan 
-58.375, -82.375, 9.573744040034878e-24, nan 
-58.125, -82.375, 1.0318207975796567e-23, nan 
-57.875, -82.375, 1.0076383736638196e-23, nan 
-57.625, -82.375, 1.1946058883082447e-23, nan 
-57.375, -82.375, 9.504010430495218e-24, nan 
-57.125, -82.375, 5.591094749503117e-24, nan 
-56.875, -82.375, 6.62478924097755e-24, nan 
-56.625, -82.375, 4.559963276697093e-24, nan 
-56.375, -82.375, 3.025447145178234e-24, nan 
-56.125, -82.375, 2.1102238071366784e-24, nan 
-55.875, -82.375, 1.978722876646032e-24, nan 
-55.625, -82.375, 3.1750257173713343e-24, nan 
-55.375, -82.375, 5.1737226207916034e-24, nan 
-55.125, -82.375, 1.0632732653528062e-23, nan 
-54.875, -82.375, 1.1898250306463554e-23, nan 
-54.625, -82.375, 1.0113261728525914e-23, nan 
-54.375, -82.375, 1.2238481116345172e-23, nan 
-54.125, -82.375, 1.4227023526507882e-23, nan 
-53.875, -82.375, 1.3653247141781856e-23, nan 
-53.625, -82.375, 1.2509419316099807e-23, nan 
-53.375, -82.375, 1.474477279171249e-23, nan 
-53.125, -82.375, 1.489698484063041e-23, nan 
-52.875, -82.375, 1.2783358910936333e-23, nan 
-52.625, -82.375, 1.61924176121389e-23, nan 
-52.375, -82.375, 1.6790332427800646e-23, nan 
-52.125, -82.375, 1.5828045624766906e-23, nan 
-51.875, -82.375, 1.519328589375883e-23, nan 
-51.625, -82.375, 1.5503203899122032e-23, nan 
-51.375, -82.375, 1.4178316399478576e-23, nan 
-51.125, -82.375, 1.5696569843432407e-23, nan 
-50.875, -82.375, 1.550124269972149e-23, nan 
-50.625, -82.375, 1.4902102203725482e-23, nan 
-50.375, -82.375, 1.3910383467536257e-23, nan 
-50.125, -82.375, 1.123762397696746e-23, nan 
-49.875, -82.375, 1.3418527775620602e-23, nan 
-49.625, -82.375, 1.6470327303268313e-23, nan 
-49.375, -82.375, 2.3449947950001635e-23, nan 
-49.125, -82.375, 2.2385280890239466e-23, nan 
-48.875, -82.375, 2.2886883492553048e-23, nan 
-48.625, -82.375, 2.921563668652865e-23, nan 
-48.375, -82.375, 2.1630746880263958e-23, nan 
-48.125, -82.375, 1.0336732643194061e-23, nan 
-47.875, -82.375, 1.1378420384216048e-23, nan 
-47.625, -82.375, 1.5612750965753415e-23, nan 
-47.375, -82.375, 1.5467746852707892e-23, nan 
-47.125, -82.375, 1.5506286353276918e-23, nan 
-46.875, -82.375, 2.6680321536824796e-23, nan 
-46.625, -82.375, 2.2143098588091217e-23, nan 
-46.375, -82.375, 1.4992840972435918e-23, nan 
-46.125, -82.375, 1.3617156074601386e-23, nan 
-45.875, -82.375, 1.419761484464758e-23, nan 
-45.625, -82.375, 1.3423336344372227e-23, nan 
-45.375, -82.375, 1.2957509525965407e-23, nan 
-45.125, -82.375, 2.0989673929172612e-23, nan 
-44.875, -82.375, 1.695807365837387e-23, nan 
-44.625, -82.375, 4.7430109236808514e-24, nan 
-44.375, -82.375, 5.3311042739551945e-24, nan 
-44.125, -82.375, 9.76001686684196e-24, nan 
-43.875, -82.375, 8.104666444169255e-24, nan 
-43.625, -82.375, 8.344832358537837e-24, nan 
-43.375, -82.375, 1.1726096072749828e-23, nan 
-43.125, -82.375, 1.299120775649163e-23, nan 
-42.875, -82.375, 1.4611330665740403e-23, nan 
-42.625, -82.375, 1.594463315388639e-23, nan 
-42.375, -82.375, 1.575625221426389e-23, nan 
-42.125, -82.375, 1.3770469685699558e-23, nan 
-41.875, -82.375, 1.0815834391324889e-23, nan 
-41.625, -82.375, 1.498723023481892e-23, nan 
-41.375, -82.375, 1.6661413302171634e-23, nan 
-41.125, -82.375, 1.9523383259603148e-23, nan 
-40.875, -82.375, 2.26997158135586e-23, nan 
-40.625, -82.375, 2.3481020380936323e-23, nan 
-40.375, -82.375, 2.352835974412618e-23, nan 
-40.125, -82.375, 2.1219421373755026e-23, nan 
-39.875, -82.375, 2.019896755718703e-23, nan 
-39.625, -82.375, 1.750249280246366e-23, nan 
-39.375, -82.375, 1.6414932377536353e-23, nan 
-39.125, -82.375, 1.4854520990269934e-23, nan 
-38.875, -82.375, 1.5338537895970438e-23, nan 
-38.625, -82.375, 1.644584959864605e-23, nan 
-38.375, -82.375, 1.986179811487095e-23, nan 
-38.125, -82.375, 1.9863111907520618e-23, nan 
-37.875, -82.375, 1.6188305220823333e-23, nan 
-37.625, -82.375, 1.3688304187261461e-23, nan 
-37.375, -82.375, 8.698630854981146e-24, nan 
-37.125, -82.375, 7.560225541445286e-24, nan 
-36.875, -82.375, 7.594549198318966e-24, nan 
-36.625, -82.375, 7.288870471364206e-24, nan 
-36.375, -82.375, 6.71956545085762e-24, nan 
-36.125, -82.375, 5.243702803304828e-24, nan 
-35.875, -82.375, 3.06028354348372e-24, nan 
-35.625, -82.375, 3.272549517350324e-24, nan 
-35.375, -82.375, 4.834997652324468e-24, nan 
-35.125, -82.375, 4.836647539706739e-24, nan 
-34.875, -82.375, 6.378111353169572e-24, nan 
-34.625, -82.375, 5.5278387300801996e-24, nan 
-34.375, -82.375, 5.426114221304416e-24, nan 
-34.125, -82.375, 5.388617201233698e-24, nan 
-33.875, -82.375, 4.320064736817595e-24, nan 
-33.625, -82.375, 1.6680693296796378e-24, nan 
-33.375, -82.375, 3.2165884195165582e-24, nan 
-33.125, -82.375, 6.84758853144144e-24, nan 
-32.875, -82.375, 7.41856172607227e-24, nan 
-32.625, -82.375, 5.313262988280386e-24, nan 
-32.375, -82.375, 4.704445728115213e-24, nan 
-32.125, -82.375, 9.064701825303527e-24, nan 
-31.875, -82.375, 1.51998559428827e-23, nan 
-31.625, -82.375, 1.4609123705278895e-23, nan 
-31.375, -82.375, 1.1651443906565015e-23, nan 
-31.125, -82.375, 1.1167030017784692e-23, nan 
-30.875, -82.375, 1.198388107401597e-23, nan 
-30.625, -82.375, 1.1746255126129862e-23, nan 
-30.375, -82.375, 9.469666905992873e-24, nan 
-30.125, -82.375, 1.61928603378831e-23, nan 
-29.875, -82.375, 1.6532764748980657e-23, nan 
-29.625, -82.375, 1.2196167411005692e-23, nan 
-29.375, -82.375, 1.0814105507114467e-23, nan 
-29.125, -82.375, 1.3202623026812527e-23, nan 
-28.875, -82.375, 1.376290130766391e-23, nan 
-28.625, -82.375, 9.60719524731841e-24, nan 
-28.375, -82.375, 9.185365217910188e-24, nan 
-28.125, -82.375, 1.0194684158071057e-23, nan 
-27.875, -82.375, 1.0759075435041142e-23, nan 
-27.625, -82.375, 9.621796737203707e-24, nan 
-27.375, -82.375, 9.444079407942504e-24, nan 
-27.125, -82.375, 8.226114678119733e-24, nan 
-26.875, -82.375, 7.696964870853278e-24, nan 
-26.625, -82.375, 7.737679580263224e-24, nan 
-26.375, -82.375, 8.930328763002912e-24, nan 
-26.125, -82.375, 9.934012900263439e-24, nan 
-25.875, -82.375, 8.905162528745252e-24, nan 
-25.625, -82.375, 8.655551901164396e-24, nan 
-25.375, -82.375, 7.888679416024665e-24, nan 
-25.125, -82.375, 7.065708203478887e-24, nan 
-24.875, -82.375, 6.622370773863291e-24, nan 
-24.625, -82.375, 8.091276343090266e-24, nan 
-24.375, -82.375, 9.573506656709048e-24, nan 
-24.125, -82.375, 9.031238519932379e-24, nan 
-23.875, -82.375, 7.48494312933044e-24, nan 
-23.625, -82.375, 7.257087764487954e-24, nan 
-23.375, -82.375, 8.57651716303576e-24, nan 
-23.125, -82.375, 8.418344777821747e-24, nan 
-22.875, -82.375, 8.66949457482281e-24, nan 
-22.625, -82.375, 9.4687821305761e-24, nan 
-22.375, -82.375, 8.435028643567757e-24, nan 
-22.125, -82.375, 6.6118241718443274e-24, nan 
-21.875, -82.375, 5.167897791488453e-24, nan 
-21.625, -82.375, 6.408060840353889e-24, nan 
-21.375, -82.375, 7.375182778884008e-24, nan 
-21.125, -82.375, 8.156845742814858e-24, nan 
-20.875, -82.375, 6.846838951155105e-24, nan 
-20.625, -82.375, 8.040076084153666e-24, nan 
-20.375, -82.375, 8.4605725077696e-24, nan 
-20.125, -82.375, 5.884036908069167e-24, nan 
-19.875, -82.375, 5.490845403006939e-24, nan 
-19.625, -82.375, 5.122342584625535e-24, nan 
-19.375, -82.375, 6.495902887765853e-24, nan 
-19.125, -82.375, 6.589281928341613e-24, nan 
-18.875, -82.375, 6.471853995262874e-24, nan 
-18.625, -82.375, 7.014965681136053e-24, nan 
-18.375, -82.375, 5.7021886064404736e-24, nan 
-18.125, -82.375, 6.163620115177721e-24, nan 
-17.875, -82.375, 7.586724812262105e-24, nan 
-17.625, -82.375, 1.1781739636925412e-23, nan 
-17.375, -82.375, 8.31580071884881e-24, nan 
-17.125, -82.375, 9.04340159635513e-24, nan 
-16.875, -82.375, 9.933526052860402e-24, nan 
-16.625, -82.375, 1.327769151685268e-23, nan 
-16.375, -82.375, 1.39924434932994e-23, nan 
-16.125, -82.375, 9.42276091003609e-24, nan 
-15.875, -82.375, 6.605376259499348e-24, nan 
-15.625, -82.375, 6.950788912280045e-24, nan 
-15.375, -82.375, 6.242630519117273e-24, nan 
-15.125, -82.375, 4.6302525168294024e-24, nan 
-14.875, -82.375, 4.084197105202742e-24, nan 
-14.625, -82.375, 4.166854777706498e-24, nan 
-14.375, -82.375, 3.7436773601739056e-24, nan 
-14.125, -82.375, 4.184646798505744e-24, nan 
-13.875, -82.375, 4.861802042872305e-24, nan 
-13.625, -82.375, 7.923529540786261e-24, nan 
-13.375, -82.375, 7.774096255664313e-24, nan 
-13.125, -82.375, 6.192190130358778e-24, nan 
-12.875, -82.375, 5.541964658795106e-24, nan 
-12.625, -82.375, 6.0972630324286925e-24, nan 
-12.375, -82.375, 6.601556597824049e-24, nan 
-12.125, -82.375, 7.254879679775235e-24, nan 
-11.875, -82.375, 7.226634814940607e-24, nan 
-11.625, -82.375, 7.302307997555362e-24, nan 
-11.375, -82.375, 7.176424454440374e-24, nan 
-11.125, -82.375, 7.224874239940485e-24, nan 
-10.875, -82.375, 5.365083372627911e-24, nan 
-10.625, -82.375, 7.180463869469424e-24, nan 
-10.375, -82.375, 6.307926853541743e-24, nan 
-10.125, -82.375, 5.998024358538689e-24, nan 
-9.875, -82.375, 5.1098021501388244e-24, nan 
-9.625, -82.375, 4.561608904191302e-24, nan 
-9.375, -82.375, 4.287005685907888e-24, nan 
-9.125, -82.375, 5.515622541696519e-24, nan 
-8.875, -82.375, 4.16285583071834e-24, nan 
-8.625, -82.375, 4.148346605605912e-24, nan 
-8.375, -82.375, 4.613260753741471e-24, nan 
-8.125, -82.375, 6.0585380633446644e-24, nan 
-7.875, -82.375, 6.030264261844939e-24, nan 
-7.625, -82.375, 5.391288436236041e-24, nan 
-7.375, -82.375, 5.3523852825840644e-24, nan 
-7.125, -82.375, 6.049325824894859e-24, nan 
-6.875, -82.375, 6.655432362903944e-24, nan 
-6.625, -82.375, 6.3370048740219144e-24, nan 
-6.375, -82.375, 5.321282267616199e-24, nan 
-6.125, -82.375, 6.034219388968867e-24, nan 
-5.875, -82.375, 7.85535075020534e-24, nan 
-5.625, -82.375, 7.898313191865992e-24, nan 
-5.375, -82.375, 7.026794437704996e-24, nan 
-5.125, -82.375, 8.5067666328023e-24, nan 
-4.875, -82.375, 9.483669984047172e-24, nan 
-4.625, -82.375, 6.669207802291173e-24, nan 
-4.375, -82.375, 6.592565813216739e-24, nan 
-4.125, -82.375, 5.54615807491351e-24, nan 
-3.875, -82.375, 6.520833091857682e-24, nan 
-3.625, -82.375, 9.073097347492757e-24, nan 
-3.375, -82.375, 1.0026340781486723e-23, nan 
-3.125, -82.375, 1.335382243399081e-23, nan 
-2.875, -82.375, 1.680703671285102e-23, nan 
-2.625, -82.375, 2.0757790265544382e-23, nan 
-2.375, -82.375, 2.0972921818638497e-23, nan 
-2.125, -82.375, 1.7078709056044347e-23, nan 
-1.875, -82.375, 1.2206849676904494e-23, nan 
-1.625, -82.375, 7.06682614920959e-24, nan 
-1.375, -82.375, 9.020875481574334e-24, nan 
-1.125, -82.375, 8.275354500308785e-24, nan 
-0.875, -82.375, 7.870751606941716e-24, nan 
-0.625, -82.375, 8.559928802305438e-24, nan 
-0.375, -82.375, 7.43719142936862e-24, nan 
-0.125, -82.375, 7.629048362510955e-24, nan 
0.125, -82.375, 3.57199799692127e-24, nan 
0.375, -82.375, 2.7473926497118578e-24, nan 
0.625, -82.375, 2.4280536854244192e-24, nan 
0.875, -82.375, 2.8402896457442795e-24, nan 
1.125, -82.375, 3.5438306146687126e-24, nan 
1.375, -82.375, 3.876010932996754e-24, nan 
1.625, -82.375, 4.429875268921411e-24, nan 
1.875, -82.375, 6.014133687896612e-24, nan 
2.125, -82.375, 4.776727485112866e-24, nan 
2.375, -82.375, 6.362078785034681e-24, nan 
2.625, -82.375, 1.0286833275046925e-23, nan 
2.875, -82.375, 1.251347329926285e-23, nan 
3.125, -82.375, 9.327851014732388e-24, nan 
3.375, -82.375, 8.764232900186936e-24, nan 
3.625, -82.375, 8.363090238913352e-24, nan 
3.875, -82.375, 1.1945111179125462e-23, nan 
4.125, -82.375, 1.2591953123903251e-23, nan 
4.375, -82.375, 1.0591584016937551e-23, nan 
4.625, -82.375, 1.1192635957309902e-23, nan 
4.875, -82.375, 1.110394012940129e-23, nan 
5.125, -82.375, 9.67923806650376e-24, nan 
5.375, -82.375, 6.5845695374190214e-24, nan 
5.625, -82.375, 1.1539432969562732e-23, nan 
5.875, -82.375, 1.3050671266853809e-23, nan 
6.125, -82.375, 1.8903532439413375e-23, nan 
6.375, -82.375, 1.6450744434501175e-23, nan 
6.625, -82.375, 1.6309137906913653e-23, nan 
6.875, -82.375, 1.5523400676249354e-23, nan 
7.125, -82.375, 1.589756160523308e-23, nan 
7.375, -82.375, 1.8986234663233475e-23, nan 
7.625, -82.375, 1.7940785329412261e-23, nan 
7.875, -82.375, 2.4998233430734196e-23, nan 
8.125, -82.375, 2.4986706731388974e-23, nan 
8.375, -82.375, 2.6233004989868833e-23, nan 
8.625, -82.375, 2.1372199014527538e-23, nan 
8.875, -82.375, 2.184272763563734e-23, nan 
9.125, -82.375, 2.842538781564768e-23, nan 
9.375, -82.375, 2.5141460958392653e-23, nan 
9.625, -82.375, 1.9186711497090776e-23, nan 
9.875, -82.375, 1.422844348236336e-23, nan 
10.125, -82.375, 1.4634620734194674e-23, nan 
10.375, -82.375, 2.0499330980999414e-23, nan 
10.625, -82.375, 2.2890589021813617e-23, nan 
10.875, -82.375, 1.9967902318052613e-23, nan 
11.125, -82.375, 2.1083899492188913e-23, nan 
-114.125, -82.125, 5.732322793671536e-25, nan 
-113.875, -82.125, 7.417019353201775e-25, nan 
-113.625, -82.125, 7.429318955235659e-25, nan 
-113.375, -82.125, 5.702353693452438e-25, nan 
-113.125, -82.125, 5.22427671562132e-25, nan 
-112.875, -82.125, 1.194562154516335e-24, nan 
-112.625, -82.125, 1.5842975956531361e-24, nan 
-112.375, -82.125, 1.5641722800432872e-24, nan 
-112.125, -82.125, 2.0425772843514774e-24, nan 
-111.875, -82.125, 2.141900878208692e-24, nan 
-111.625, -82.125, 2.007584055024841e-24, nan 
-111.375, -82.125, 2.2535971674272083e-24, nan 
-111.125, -82.125, 2.739772295131522e-24, nan 
-110.875, -82.125, 2.573518664158962e-24, nan 
-110.625, -82.125, 2.587557057805649e-24, nan 
-110.375, -82.125, 2.2025504911792073e-24, nan 
-110.125, -82.125, 2.2378418060042705e-24, nan 
-109.875, -82.125, 1.9340781505720845e-24, nan 
-109.625, -82.125, 1.9043531750847237e-24, nan 
-109.375, -82.125, 1.940580512825768e-24, nan 
-109.125, -82.125, 1.9124868376438237e-24, nan 
-108.875, -82.125, 1.3893357917368387e-24, nan 
-108.625, -82.125, 1.3867492762907148e-24, nan 
-108.375, -82.125, 1.463769636999838e-24, nan 
-108.125, -82.125, 1.134221289209851e-24, nan 
-107.875, -82.125, 1.5872232691410252e-24, nan 
-107.625, -82.125, 1.6519906760231452e-24, nan 
-107.375, -82.125, 1.5402730345372522e-24, nan 
-107.125, -82.125, 1.2603121720929874e-24, nan 
-106.875, -82.125, 1.1636381439157576e-24, nan 
-106.625, -82.125, 1.0938668854276542e-24, nan 
-106.375, -82.125, 1.091608412506299e-24, nan 
-106.125, -82.125, 4.988227192253265e-25, nan 
-105.875, -82.125, 6.836571784637684e-25, nan 
-105.625, -82.125, 1.5221238828383451e-24, nan 
-105.375, -82.125, 1.1365103047542675e-24, nan 
-105.125, -82.125, 1.2587087889073165e-24, nan 
-104.875, -82.125, 1.31105184617935e-24, nan 
-104.625, -82.125, 1.4027940379887753e-24, nan 
-104.375, -82.125, 1.249834010385128e-24, nan 
-104.125, -82.125, 1.4658377886131066e-24, nan 
-103.875, -82.125, 1.6193462798058667e-24, nan 
-103.625, -82.125, 1.4092831857452298e-24, nan 
-103.375, -82.125, 8.70767321560458e-25, nan 
-103.125, -82.125, 8.798498205055596e-25, nan 
-102.875, -82.125, 9.87554993085436e-25, nan 
-102.625, -82.125, 9.646384326909139e-25, nan 
-102.375, -82.125, 7.88245346904524e-25, nan 
-102.125, -82.125, 7.181806770990296e-25, nan 
-101.875, -82.125, 8.79360354051192e-25, nan 
-101.625, -82.125, 9.955690003748059e-25, nan 
-101.375, -82.125, 1.1102577908021026e-24, nan 
-101.125, -82.125, 1.2515572034052397e-24, nan 
-100.875, -82.125, 1.11731262472592e-24, nan 
-100.625, -82.125, 1.0847493098605393e-24, nan 
-100.375, -82.125, 1.4263644188004594e-24, nan 
-100.125, -82.125, 1.432240799005143e-24, nan 
-99.875, -82.125, 1.4962251856922777e-24, nan 
-99.625, -82.125, 1.5910718363623831e-24, nan 
-99.375, -82.125, 2.498052024681747e-24, nan 
-99.125, -82.125, 3.1466736884037735e-24, nan 
-98.875, -82.125, 3.3037179569747917e-24, nan 
-98.625, -82.125, 3.4622676913801985e-24, nan 
-98.375, -82.125, 3.3013419593369554e-24, nan 
-98.125, -82.125, 4.1462407065326835e-24, nan 
-97.875, -82.125, 3.987313396991548e-24, nan 
-97.625, -82.125, 3.2914438579600276e-24, nan 
-97.375, -82.125, 3.4143814397549565e-24, nan 
-97.125, -82.125, 3.166423642427064e-24, nan 
-96.875, -82.125, 3.429914788204232e-24, nan 
-96.625, -82.125, 3.432206982325069e-24, nan 
-96.375, -82.125, 2.9926660069845847e-24, nan 
-96.125, -82.125, 2.8470321897425984e-24, nan 
-95.875, -82.125, 1.8995428598662384e-24, nan 
-95.625, -82.125, 1.4158722964060294e-24, nan 
-95.375, -82.125, 1.542124107090738e-24, nan 
-95.125, -82.125, 2.3131875428253216e-24, nan 
-94.875, -82.125, 2.5543274379742286e-24, nan 
-94.625, -82.125, 1.0346772079812307e-24, nan 
-94.375, -82.125, 6.515517627261904e-25, nan 
-94.125, -82.125, 9.861811473847532e-25, nan 
-93.875, -82.125, 8.176083491446823e-25, nan 
-93.625, -82.125, 1.7383195811520274e-24, nan 
-93.375, -82.125, 3.925542310899782e-24, nan 
-93.125, -82.125, 4.3921142835391535e-24, nan 
-92.875, -82.125, 1.4072703892273498e-24, nan 
-92.625, -82.125, 1.3017592491058056e-24, nan 
-92.375, -82.125, 2.6202516970551008e-24, nan 
-92.125, -82.125, 2.67939909603066e-24, nan 
-91.875, -82.125, 2.9820837788271894e-24, nan 
-91.625, -82.125, 3.4731088685096195e-24, nan 
-91.375, -82.125, 3.612029949702482e-24, nan 
-91.125, -82.125, 2.586157739778017e-24, nan 
-90.875, -82.125, 2.3939298464996495e-24, nan 
-90.625, -82.125, 1.7824888994269708e-24, nan 
-90.375, -82.125, 1.2775525916327925e-24, nan 
-90.125, -82.125, 1.0808956200525207e-24, nan 
-89.875, -82.125, 1.1069494896297202e-24, nan 
-89.625, -82.125, 1.2273075785908992e-24, nan 
-89.375, -82.125, 2.1213775589649033e-24, nan 
-89.125, -82.125, 1.9922100910293004e-24, nan 
-88.875, -82.125, 2.1876362636602355e-24, nan 
-88.625, -82.125, 1.4896210897585157e-24, nan 
-88.375, -82.125, 1.1471850797442076e-24, nan 
-88.125, -82.125, 1.9979646465116147e-24, nan 
-87.875, -82.125, 1.60408238301945e-24, nan 
-87.625, -82.125, 1.8795538040451356e-24, nan 
-87.375, -82.125, 2.11333314080033e-24, nan 
-87.125, -82.125, 1.2354147315938752e-24, nan 
-86.875, -82.125, 9.869078222659953e-25, nan 
-86.625, -82.125, 1.2444952691075456e-24, nan 
-86.375, -82.125, 2.0897298000132453e-24, nan 
-86.125, -82.125, 2.2657153634692356e-24, nan 
-85.875, -82.125, 4.257877270394163e-24, nan 
-85.625, -82.125, 5.490939342843175e-24, nan 
-85.375, -82.125, 4.9640625733153054e-24, nan 
-85.125, -82.125, 4.127958475010613e-24, nan 
-84.875, -82.125, 3.448980165377877e-24, nan 
-84.625, -82.125, 2.170894639677681e-24, nan 
-84.375, -82.125, 2.572007320771177e-24, nan 
-84.125, -82.125, 4.379073559280964e-24, nan 
-83.875, -82.125, 4.340771649653705e-24, nan 
-83.625, -82.125, 3.2790437434790788e-24, nan 
-83.375, -82.125, 3.770299963500036e-24, nan 
-83.125, -82.125, 3.3845935585645066e-24, nan 
-82.875, -82.125, 2.2135066726370158e-24, nan 
-82.625, -82.125, 8.68820131595242e-25, nan 
-82.375, -82.125, 1.3265232625171521e-24, nan 
-82.125, -82.125, 2.1341302312387957e-24, nan 
-81.875, -82.125, 3.1826416910275644e-24, nan 
-81.625, -82.125, 2.6470061722642886e-24, nan 
-81.375, -82.125, 2.728442638279443e-24, nan 
-81.125, -82.125, 2.7789459714185036e-24, nan 
-80.875, -82.125, 2.6518326549449246e-24, nan 
-80.625, -82.125, 2.511194633716541e-24, nan 
-80.375, -82.125, 2.9842278110159537e-24, nan 
-80.125, -82.125, 3.8216833270969214e-24, nan 
-79.875, -82.125, 4.048146820092688e-24, nan 
-79.625, -82.125, 7.780610070447548e-24, nan 
-79.375, -82.125, 9.785109956859047e-24, nan 
-79.125, -82.125, 1.3191937345338218e-23, nan 
-78.875, -82.125, 1.3304114559865803e-23, nan 
-78.625, -82.125, 1.3049323773139353e-23, nan 
-78.375, -82.125, 1.1890161400216463e-23, nan 
-78.125, -82.125, 3.876203017752436e-24, nan 
-77.875, -82.125, 1.1936001408710495e-23, nan 
-77.625, -82.125, 1.718950955272978e-23, nan 
-77.375, -82.125, 2.4345947613520915e-23, nan 
-77.125, -82.125, 2.3555077350947705e-23, nan 
-76.875, -82.125, 2.1566566028698533e-23, nan 
-76.625, -82.125, 2.0486533327867855e-23, nan 
-76.375, -82.125, 1.048422823304518e-23, nan 
-76.125, -82.125, 1.3684234849514117e-23, nan 
-75.875, -82.125, 1.5920467972904628e-23, nan 
-75.625, -82.125, 1.817810475875227e-23, nan 
-75.375, -82.125, 1.489195727216692e-23, nan 
-75.125, -82.125, 1.339358301926259e-23, nan 
-74.875, -82.125, 1.3030287890750784e-23, nan 
-74.625, -82.125, 5.285442225343395e-24, nan 
-74.375, -82.125, 8.116155095310057e-25, nan 
-74.125, -82.125, 1.0542015833486638e-24, nan 
-73.875, -82.125, 1.3812756132589178e-24, nan 
-73.625, -82.125, 1.879857596481131e-24, nan 
-73.375, -82.125, 1.4492365549258215e-24, nan 
-73.125, -82.125, 6.013248298054527e-24, nan 
-72.875, -82.125, 2.268783174906426e-24, nan 
-72.625, -82.125, 9.779444266362522e-24, nan 
-72.375, -82.125, 1.288887621612245e-23, nan 
-72.125, -82.125, 1.4583454576974435e-23, nan 
-71.875, -82.125, 1.4767476026244864e-23, nan 
-71.625, -82.125, 1.119821953822832e-23, nan 
-71.375, -82.125, 1.2964163591313092e-23, nan 
-71.125, -82.125, 9.640419335737577e-24, nan 
-70.875, -82.125, 6.82703586144829e-24, nan 
-70.625, -82.125, 9.636429053131551e-24, nan 
-70.375, -82.125, 8.816306000755403e-24, nan 
-70.125, -82.125, 1.7705898562556234e-24, nan 
-69.875, -82.125, 1.94515357389542e-24, nan 
-69.625, -82.125, 1.6138017605243417e-24, nan 
-69.375, -82.125, 1.694100475003301e-24, nan 
-69.125, -82.125, 1.8109458441407626e-24, nan 
-68.875, -82.125, 2.4034776339390483e-24, nan 
-68.625, -82.125, 2.248417778948062e-24, nan 
-68.375, -82.125, 2.1964219608392502e-24, nan 
-68.125, -82.125, 1.9658255309805233e-24, nan 
-67.875, -82.125, 1.5548017959850432e-24, nan 
-67.625, -82.125, 1.3735679046676997e-24, nan 
-67.375, -82.125, 1.8259805802242967e-24, nan 
-67.125, -82.125, 3.872151663738046e-24, nan 
-66.875, -82.125, 6.2072891850203395e-24, nan 
-66.625, -82.125, 1.3148625931767643e-23, nan 
-66.375, -82.125, 1.599171790794874e-23, nan 
-66.125, -82.125, 1.434081183382581e-23, nan 
-65.875, -82.125, 1.2546790471112775e-23, nan 
-65.625, -82.125, 9.886296241734218e-24, nan 
-65.375, -82.125, 8.705183435153611e-24, nan 
-65.125, -82.125, 8.784346138253887e-24, nan 
-64.875, -82.125, 8.155011941686342e-24, nan 
-64.625, -82.125, 1.2790754703407664e-23, nan 
-64.375, -82.125, 1.0142714274071476e-23, nan 
-64.125, -82.125, 8.428199568323844e-24, nan 
-63.875, -82.125, 6.911562109306418e-24, nan 
-63.625, -82.125, 7.754059160703349e-24, nan 
-63.375, -82.125, 1.0775806025901048e-23, nan 
-63.125, -82.125, 1.2160865355478636e-23, nan 
-62.875, -82.125, 1.4133467517945473e-23, nan 
-62.625, -82.125, 6.861495651262423e-24, nan 
-62.375, -82.125, 3.1618929008651016e-24, nan 
-62.125, -82.125, 5.940240352506331e-24, nan 
-61.875, -82.125, 8.421037737724334e-24, nan 
-61.625, -82.125, 9.774987182647084e-24, nan 
-61.375, -82.125, 1.1060654552160431e-23, nan 
-61.125, -82.125, 1.1526332671284224e-23, nan 
-60.875, -82.125, 7.547850663856197e-24, nan 
-60.625, -82.125, 9.041067173745456e-24, nan 
-60.375, -82.125, 5.596794295705133e-24, nan 
-60.125, -82.125, 6.420605249117688e-24, nan 
-59.875, -82.125, 9.649823331450966e-24, nan 
-59.625, -82.125, 1.3016844665567068e-23, nan 
-59.375, -82.125, 1.5194010877237823e-23, nan 
-59.125, -82.125, 8.390090780192663e-24, nan 
-58.875, -82.125, 8.955260216103264e-24, nan 
-58.625, -82.125, 5.207576728452422e-24, nan 
-58.375, -82.125, 6.000908723330358e-24, nan 
-58.125, -82.125, 8.475050794962661e-24, nan 
-57.875, -82.125, 1.0580186651333251e-23, nan 
-57.625, -82.125, 1.3559599740073974e-23, nan 
-57.375, -82.125, 9.900593896732381e-24, nan 
-57.125, -82.125, 8.213636063321811e-24, nan 
-56.875, -82.125, 7.91226795835394e-24, nan 
-56.625, -82.125, 6.5425481793542564e-24, nan 
-56.375, -82.125, 5.3423952903047764e-24, nan 
-56.125, -82.125, 3.592941916735969e-24, nan 
-55.875, -82.125, 4.4284695008667805e-24, nan 
-55.625, -82.125, 5.823263654537394e-24, nan 
-55.375, -82.125, 5.8636570594981975e-24, nan 
-55.125, -82.125, 5.377670011405986e-24, nan 
-54.875, -82.125, 5.264427084827783e-24, nan 
-54.625, -82.125, 5.7522859677961915e-24, nan 
-54.375, -82.125, 4.825845843354839e-24, nan 
-54.125, -82.125, 3.795109456788895e-24, nan 
-53.875, -82.125, 4.43109590558761e-24, nan 
-53.625, -82.125, 6.381332267228864e-24, nan 
-53.375, -82.125, 1.1053938056194818e-23, nan 
-53.125, -82.125, 1.1281841100132324e-23, nan 
-52.875, -82.125, 1.0502908807621964e-23, nan 
-52.625, -82.125, 1.2023483332326441e-23, nan 
-52.375, -82.125, 1.210791588544446e-23, nan 
-52.125, -82.125, 1.1293506580962817e-23, nan 
-51.875, -82.125, 1.0403955123213764e-23, nan 
-51.625, -82.125, 9.19318115026126e-24, nan 
-51.375, -82.125, 6.740640690034923e-24, nan 
-51.125, -82.125, 5.2968717113938696e-24, nan 
-50.875, -82.125, 3.810009857348546e-24, nan 
-50.625, -82.125, 3.018058652328714e-24, nan 
-50.375, -82.125, 2.3719815030690034e-24, nan 
-50.125, -82.125, 1.20163503937433e-24, nan 
-49.875, -82.125, 1.8997518113454165e-24, nan 
-49.625, -82.125, 4.374778951450432e-24, nan 
-49.375, -82.125, 7.810424998916574e-24, nan 
-49.125, -82.125, 7.768760063934317e-24, nan 
-48.875, -82.125, 7.420285773266717e-24, nan 
-48.625, -82.125, 7.313992797530027e-24, nan 
-48.375, -82.125, 4.5700277964430814e-24, nan 
-48.125, -82.125, 4.388352230978319e-24, nan 
-47.875, -82.125, 3.859773578175129e-24, nan 
-47.625, -82.125, 4.461899852212702e-24, nan 
-47.375, -82.125, 2.7992676041858743e-24, nan 
-47.125, -82.125, 2.3813791200004146e-24, nan 
-46.875, -82.125, 1.2507857294097368e-23, nan 
-46.625, -82.125, 1.1758035692535518e-23, nan 
-46.375, -82.125, 5.6070734885111035e-24, nan 
-46.125, -82.125, 5.218318171032212e-24, nan 
-45.875, -82.125, 8.850059926411805e-24, nan 
-45.625, -82.125, 7.115912679631453e-24, nan 
-45.375, -82.125, 3.9341601137474844e-24, nan 
-45.125, -82.125, 2.6870079473244326e-24, nan 
-44.875, -82.125, 3.429078239585379e-24, nan 
-44.625, -82.125, 2.9087386959978442e-24, nan 
-44.375, -82.125, 1.5955064462963166e-24, nan 
-44.125, -82.125, 1.1434658351143261e-24, nan 
-43.875, -82.125, 1.4814686613047463e-24, nan 
-43.625, -82.125, 1.3926696885396327e-24, nan 
-43.375, -82.125, 4.660028793804319e-24, nan 
-43.125, -82.125, 6.5668073017200965e-24, nan 
-42.875, -82.125, 4.456066526349371e-24, nan 
-42.625, -82.125, 1.854968830391355e-24, nan 
-42.375, -82.125, 2.5681572134629146e-24, nan 
-42.125, -82.125, 2.6754720304652512e-24, nan 
-41.875, -82.125, 6.947249247070593e-24, nan 
-41.625, -82.125, 1.120854697945491e-23, nan 
-41.375, -82.125, 1.2154992671357758e-23, nan 
-41.125, -82.125, 1.309751129137625e-23, nan 
-40.875, -82.125, 1.4590282252239568e-23, nan 
-40.625, -82.125, 1.601102861788786e-23, nan 
-40.375, -82.125, 1.7476743397322554e-23, nan 
-40.125, -82.125, 1.703700123026067e-23, nan 
-39.875, -82.125, 1.6559335976940923e-23, nan 
-39.625, -82.125, 1.5351817284693277e-23, nan 
-39.375, -82.125, 1.643127668951451e-23, nan 
-39.125, -82.125, 1.3699320049189937e-23, nan 
-38.875, -82.125, 1.0652666268497621e-23, nan 
-38.625, -82.125, 1.049568783998675e-23, nan 
-38.375, -82.125, 1.0818404969881881e-23, nan 
-38.125, -82.125, 1.1590939516950433e-23, nan 
-37.875, -82.125, 9.241113577930953e-24, nan 
-37.625, -82.125, 8.677830216114438e-24, nan 
-37.375, -82.125, 7.033723393218691e-24, nan 
-37.125, -82.125, 7.129809856776025e-24, nan 
-36.875, -82.125, 8.539851371953848e-24, nan 
-36.625, -82.125, 6.797493147165828e-24, nan 
-36.375, -82.125, 6.980352783935824e-24, nan 
-36.125, -82.125, 6.383390803707516e-24, nan 
-35.875, -82.125, 7.082381169014884e-24, nan 
-35.625, -82.125, 7.143547266826253e-24, nan 
-35.375, -82.125, 7.990813908698574e-24, nan 
-35.125, -82.125, 7.253039104592567e-24, nan 
-34.875, -82.125, 6.789508125115021e-24, nan 
-34.625, -82.125, 6.437795659431081e-24, nan 
-34.375, -82.125, 5.784803438448272e-24, nan 
-34.125, -82.125, 6.876331362268752e-24, nan 
-33.875, -82.125, 9.181137393359851e-24, nan 
-33.625, -82.125, 9.717839236797092e-24, nan 
-33.375, -82.125, 9.349864065040043e-24, nan 
-33.125, -82.125, 6.828928195341976e-24, nan 
-32.875, -82.125, 2.8538809158870696e-24, nan 
-32.625, -82.125, 2.1926643575382064e-24, nan 
-32.375, -82.125, 4.441145410749702e-24, nan 
-32.125, -82.125, 1.1214420984270701e-23, nan 
-31.875, -82.125, 1.115630826788938e-23, nan 
-31.625, -82.125, 1.0150606807591635e-23, nan 
-31.375, -82.125, 1.1694990493978637e-23, nan 
-31.125, -82.125, 1.4613820969658155e-23, nan 
-30.875, -82.125, 1.575308160816034e-23, nan 
-30.625, -82.125, 7.106895102432992e-24, nan 
-30.375, -82.125, 1.2620590005962303e-23, nan 
-30.125, -82.125, 1.2645308653629919e-23, nan 
-29.875, -82.125, 1.1958076301601807e-23, nan 
-29.625, -82.125, 1.5300135206111724e-23, nan 
-29.375, -82.125, 1.877391589711852e-23, nan 
-29.125, -82.125, 1.8670066564044328e-23, nan 
-28.875, -82.125, 9.347168491614154e-24, nan 
-28.625, -82.125, 7.45908037418928e-24, nan 
-28.375, -82.125, 7.314719460404328e-24, nan 
-28.125, -82.125, 6.237262166350922e-24, nan 
-27.875, -82.125, 8.587721282057288e-24, nan 
-27.625, -82.125, 1.037369584337227e-23, nan 
-27.375, -82.125, 9.600410518115907e-24, nan 
-27.125, -82.125, 4.733746917356545e-24, nan 
-26.875, -82.125, 2.1971004709741333e-24, nan 
-26.625, -82.125, 1.9806193434976806e-24, nan 
-26.375, -82.125, 3.730594889989538e-24, nan 
-26.125, -82.125, 4.8340312329054526e-24, nan 
-25.875, -82.125, 5.221565676533565e-24, nan 
-25.625, -82.125, 4.832850434380716e-24, nan 
-25.375, -82.125, 6.303826996743357e-24, nan 
-25.125, -82.125, 8.193464255010917e-24, nan 
-24.875, -82.125, 7.800412727907189e-24, nan 
-24.625, -82.125, 5.972528264901062e-24, nan 
-24.375, -82.125, 6.237408673276269e-24, nan 
-24.125, -82.125, 7.483739018469377e-24, nan 
-23.875, -82.125, 8.02925717470988e-24, nan 
-23.625, -82.125, 8.148817945531577e-24, nan 
-23.375, -82.125, 1.1810733306224907e-23, nan 
-23.125, -82.125, 1.3328092724149228e-23, nan 
-22.875, -82.125, 1.3723405943433136e-23, nan 
-22.625, -82.125, 1.371067829771965e-23, nan 
-22.375, -82.125, 1.4427288825748628e-23, nan 
-22.125, -82.125, 1.611696045368915e-23, nan 
-21.875, -82.125, 8.741111922696048e-24, nan 
-21.625, -82.125, 7.527958810906351e-24, nan 
-21.375, -82.125, 9.096008278156002e-24, nan 
-21.125, -82.125, 1.0897106899969151e-23, nan 
-20.875, -82.125, 1.343093723349944e-23, nan 
-20.625, -82.125, 1.750224354815429e-23, nan 
-20.375, -82.125, 1.5352039760864896e-23, nan 
-20.125, -82.125, 8.123305158105928e-24, nan 
-19.875, -82.125, 6.3954039509193786e-24, nan 
-19.625, -82.125, 6.625757726691162e-24, nan 
-19.375, -82.125, 8.678550836997131e-24, nan 
-19.125, -82.125, 7.340617827586556e-24, nan 
-18.875, -82.125, 7.442993386394808e-24, nan 
-18.625, -82.125, 6.600623044988808e-24, nan 
-18.375, -82.125, 3.310845594161115e-24, nan 
-18.125, -82.125, 3.4798650447829515e-24, nan 
-17.875, -82.125, 4.0729728406437425e-24, nan 
-17.625, -82.125, 5.836560153857979e-24, nan 
-17.375, -82.125, 4.662904855419748e-24, nan 
-17.125, -82.125, 4.5091397155643125e-24, nan 
-16.875, -82.125, 3.2222657426091462e-24, nan 
-16.625, -82.125, 3.657006993426023e-24, nan 
-16.375, -82.125, 3.9511780349831636e-24, nan 
-16.125, -82.125, 4.073488138221882e-24, nan 
-15.875, -82.125, 4.12466592259093e-24, nan 
-15.625, -82.125, 4.277372237846421e-24, nan 
-15.375, -82.125, 3.958484598862801e-24, nan 
-15.125, -82.125, 3.0679681978182e-24, nan 
-14.875, -82.125, 2.7388141351396728e-24, nan 
-14.625, -82.125, 2.7440438850493653e-24, nan 
-14.375, -82.125, 2.6981104206157636e-24, nan 
-14.125, -82.125, 2.7869094127846477e-24, nan 
-13.875, -82.125, 3.504163713239411e-24, nan 
-13.625, -82.125, 2.9909836308363747e-24, nan 
-13.375, -82.125, 2.8171253798499406e-24, nan 
-13.125, -82.125, 3.220674029750529e-24, nan 
-12.875, -82.125, 3.433792589219298e-24, nan 
-12.625, -82.125, 3.2730717169028166e-24, nan 
-12.375, -82.125, 3.397280283738404e-24, nan 
-12.125, -82.125, 3.827896293898636e-24, nan 
-11.875, -82.125, 3.528748762622819e-24, nan 
-11.625, -82.125, 3.5010399206396275e-24, nan 
-11.375, -82.125, 3.6776274700769196e-24, nan 
-11.125, -82.125, 3.82600449240965e-24, nan 
-10.875, -82.125, 3.5809035449528156e-24, nan 
-10.625, -82.125, 3.2725803017683182e-24, nan 
-10.375, -82.125, 4.231952648036319e-24, nan 
-10.125, -82.125, 4.4137486003969036e-24, nan 
-9.875, -82.125, 4.546583468581382e-24, nan 
-9.625, -82.125, 4.592368050993211e-24, nan 
-9.375, -82.125, 4.369140247639195e-24, nan 
-9.125, -82.125, 3.717610783553427e-24, nan 
-8.875, -82.125, 5.732346861169442e-24, nan 
-8.625, -82.125, 6.5932581046993154e-24, nan 
-8.375, -82.125, 6.852874221926365e-24, nan 
-8.125, -82.125, 6.3565832461640864e-24, nan 
-7.875, -82.125, 3.332856933774447e-24, nan 
-7.625, -82.125, 3.827023914691621e-24, nan 
-7.375, -82.125, 6.788201886760379e-24, nan 
-7.125, -82.125, 8.353304518168863e-24, nan 
-6.875, -82.125, 1.206248704173847e-23, nan 
-6.625, -82.125, 1.2781113861271611e-23, nan 
-6.375, -82.125, 1.091512589800577e-23, nan 
-6.125, -82.125, 7.005995993229904e-24, nan 
-5.875, -82.125, 5.1361239264793615e-24, nan 
-5.625, -82.125, 7.578406270960758e-24, nan 
-5.375, -82.125, 7.627469562681952e-24, nan 
-5.125, -82.125, 1.1778136110123464e-23, nan 
-4.875, -82.125, 1.1055479852337742e-23, nan 
-4.625, -82.125, 8.147927971862629e-24, nan 
-4.375, -82.125, 6.811973057744973e-24, nan 
-4.125, -82.125, 5.708701514114193e-24, nan 
-3.875, -82.125, 4.253734063598044e-24, nan 
-3.625, -82.125, 3.087420847767753e-24, nan 
-3.375, -82.125, 2.228934177207907e-24, nan 
-3.125, -82.125, 4.6217982396971446e-24, nan 
-2.875, -82.125, 8.059221060275843e-24, nan 
-2.625, -82.125, 6.009250538317964e-24, nan 
-2.375, -82.125, 4.557319763684676e-24, nan 
-2.125, -82.125, 7.650894461460485e-24, nan 
-1.875, -82.125, 1.0661819798966563e-23, nan 
-1.625, -82.125, 9.268319464717382e-24, nan 
-1.375, -82.125, 5.850553689068278e-24, nan 
-1.125, -82.125, 8.695413206861091e-24, nan 
-0.875, -82.125, 9.233542104462288e-24, nan 
-0.625, -82.125, 8.816070846530604e-24, nan 
-0.375, -82.125, 7.819142918040608e-24, nan 
-0.125, -82.125, 7.867593032327802e-24, nan 
0.125, -82.125, 7.547416760683845e-24, nan 
0.375, -82.125, 7.11919571375032e-24, nan 
0.625, -82.125, 7.643454081546972e-24, nan 
0.875, -82.125, 6.815068950085431e-24, nan 
1.125, -82.125, 8.33337280155282e-24, nan 
1.375, -82.125, 6.818079293533705e-24, nan 
1.625, -82.125, 6.466243985123845e-24, nan 
1.875, -82.125, 5.247211054618431e-24, nan 
2.125, -82.125, 5.3537314749539835e-24, nan 
2.375, -82.125, 6.557656359822841e-24, nan 
2.625, -82.125, 5.8346304828913765e-24, nan 
2.875, -82.125, 5.856277934273849e-24, nan 
3.125, -82.125, 6.97849601789527e-24, nan 
3.375, -82.125, 8.563934951124978e-24, nan 
3.625, -82.125, 1.1473541432223486e-23, nan 
3.875, -82.125, 1.1126570511578198e-23, nan 
4.125, -82.125, 9.979015278884844e-24, nan 
4.375, -82.125, 9.49592970942795e-24, nan 
4.625, -82.125, 9.724747536261024e-24, nan 
4.875, -82.125, 9.543906464233243e-24, nan 
5.125, -82.125, 8.905815020216716e-24, nan 
5.375, -82.125, 1.0727103178195495e-23, nan 
5.625, -82.125, 1.294602138059361e-23, nan 
5.875, -82.125, 1.2396927377896217e-23, nan 
6.125, -82.125, 1.337763936831807e-23, nan 
6.375, -82.125, 1.3345826313068513e-23, nan 
6.625, -82.125, 1.466904329008504e-23, nan 
6.875, -82.125, 1.5105587120604286e-23, nan 
7.125, -82.125, 1.546253643749587e-23, nan 
7.375, -82.125, 1.4672979127455518e-23, nan 
7.625, -82.125, 1.60118716800245e-23, nan 
7.875, -82.125, 1.581110508242111e-23, nan 
8.125, -82.125, 2.026790671414165e-23, nan 
8.375, -82.125, 2.2426132506201682e-23, nan 
8.625, -82.125, 2.566701128065194e-23, nan 
8.875, -82.125, 2.7810180410293507e-23, nan 
9.125, -82.125, 2.523607989951702e-23, nan 
9.375, -82.125, 2.5649887611377196e-23, nan 
9.625, -82.125, 2.5483402614906605e-23, nan 
9.875, -82.125, 3.127065658308321e-23, nan 
10.125, -82.125, 2.581073963561595e-23, nan 
10.375, -82.125, 2.346639457695169e-23, nan 
10.625, -82.125, 2.7608349924923816e-23, nan 
10.875, -82.125, 3.040678486124348e-23, nan 
11.125, -82.125, 2.756428016453655e-23, nan 
11.375, -82.125, 3.3975120977288915e-23, nan 
11.625, -82.125, 3.908319200408316e-23, nan 
-114.625, -81.875, 1.67328918021463e-24, nan 
-114.375, -81.875, 2.3173708862631612e-24, nan 
-114.125, -81.875, 1.6822429496300442e-24, nan 
-113.875, -81.875, 1.0531442780915225e-24, nan 
-113.625, -81.875, 1.153614011435463e-24, nan 
-113.375, -81.875, 7.058043833089058e-25, nan 
-113.125, -81.875, 8.418888767842797e-25, nan 
-112.875, -81.875, 6.889764834315376e-25, nan 
-112.625, -81.875, 5.824423462178819e-25, nan 
-112.375, -81.875, 6.096222344447599e-25, nan 
-112.125, -81.875, 6.0952507705920215e-25, nan 
-111.875, -81.875, 5.385974442762801e-25, nan 
-111.625, -81.875, 4.772329778229305e-25, nan 
-111.375, -81.875, 5.036954086609577e-25, nan 
-111.125, -81.875, 5.546562028623628e-25, nan 
-110.875, -81.875, 5.917025712953766e-25, nan 
-110.625, -81.875, 5.54900369478329e-25, nan 
-110.375, -81.875, 8.55236740904944e-25, nan 
-110.125, -81.875, 8.418466287871789e-25, nan 
-109.875, -81.875, 1.0370980859068915e-24, nan 
-109.625, -81.875, 1.4659178792541799e-24, nan 
-109.375, -81.875, 1.4293504935761655e-24, nan 
-109.125, -81.875, 1.2235332318330345e-24, nan 
-108.875, -81.875, 9.163084326633925e-25, nan 
-108.625, -81.875, 1.1324333027612904e-24, nan 
-108.375, -81.875, 1.182810906888377e-24, nan 
-108.125, -81.875, 1.2821314766091808e-24, nan 
-107.875, -81.875, 1.3393992216932051e-24, nan 
-107.625, -81.875, 1.379383685011193e-24, nan 
-107.375, -81.875, 1.0479997624896175e-24, nan 
-107.125, -81.875, 7.471262957032793e-25, nan 
-106.875, -81.875, 1.2878178514359572e-24, nan 
-106.625, -81.875, 1.5580709449710363e-24, nan 
-106.375, -81.875, 1.5019322689998552e-24, nan 
-106.125, -81.875, 1.4280455394684427e-24, nan 
-105.875, -81.875, 1.4128157067033011e-24, nan 
-105.625, -81.875, 6.494951131505291e-25, nan 
-105.375, -81.875, 1.0581274810185448e-24, nan 
-105.125, -81.875, 1.6167833205991151e-24, nan 
-104.875, -81.875, 1.8022726544137852e-24, nan 
-104.625, -81.875, 1.8918014625818522e-24, nan 
-104.375, -81.875, 1.7940575305547685e-24, nan 
-104.125, -81.875, 1.8694875857603854e-24, nan 
-103.875, -81.875, 1.6665234135663865e-24, nan 
-103.625, -81.875, 1.3820582722809342e-24, nan 
-103.375, -81.875, 1.0199284755884068e-24, nan 
-103.125, -81.875, 1.1597826897350218e-24, nan 
-102.875, -81.875, 1.2060299343627856e-24, nan 
-102.625, -81.875, 1.191134858962926e-24, nan 
-102.375, -81.875, 1.2295653496405548e-24, nan 
-102.125, -81.875, 1.470304487214705e-24, nan 
-101.875, -81.875, 1.3787156757682433e-24, nan 
-101.625, -81.875, 1.1390957915738513e-24, nan 
-101.375, -81.875, 1.3889415603191716e-24, nan 
-101.125, -81.875, 1.3465024877120875e-24, nan 
-100.875, -81.875, 1.367442144397765e-24, nan 
-100.625, -81.875, 1.4602622291983266e-24, nan 
-100.375, -81.875, 1.5673616890994956e-24, nan 
-100.125, -81.875, 1.0947237954639605e-24, nan 
-99.875, -81.875, 1.2163962600774402e-24, nan 
-99.625, -81.875, 1.7834970035596743e-24, nan 
-99.375, -81.875, 1.5978339172713564e-24, nan 
-99.125, -81.875, 2.17808066341035e-24, nan 
-98.875, -81.875, 2.0763909156970912e-24, nan 
-98.625, -81.875, 2.0954168339997118e-24, nan 
-98.375, -81.875, 2.242859645528179e-24, nan 
-98.125, -81.875, 2.249020048977056e-24, nan 
-97.875, -81.875, 1.92862675529739e-24, nan 
-97.625, -81.875, 2.421321138280705e-24, nan 
-97.375, -81.875, 2.6250053790012776e-24, nan 
-97.125, -81.875, 2.0711580374832343e-24, nan 
-96.875, -81.875, 2.3081867477687954e-24, nan 
-96.625, -81.875, 2.3703013395599714e-24, nan 
-96.375, -81.875, 2.449145929265085e-24, nan 
-96.125, -81.875, 2.219429653883153e-24, nan 
-95.875, -81.875, 2.4128152558774817e-24, nan 
-95.625, -81.875, 2.0552573336848947e-24, nan 
-95.375, -81.875, 1.931910766377285e-24, nan 
-95.125, -81.875, 1.78960345752976e-24, nan 
-94.875, -81.875, 1.427964233781359e-24, nan 
-94.625, -81.875, 1.1140801213032104e-24, nan 
-94.375, -81.875, 2.0861885924542228e-24, nan 
-94.125, -81.875, 2.670449535637008e-24, nan 
-93.875, -81.875, 2.8476999461956525e-24, nan 
-93.625, -81.875, 2.6334780012610683e-24, nan 
-93.375, -81.875, 2.5584523462694073e-24, nan 
-93.125, -81.875, 1.52421322763332e-24, nan 
-92.875, -81.875, 1.3451628905606185e-24, nan 
-92.625, -81.875, 1.8612427976637707e-24, nan 
-92.375, -81.875, 3.779518997578258e-24, nan 
-92.125, -81.875, 3.895470874623564e-24, nan 
-91.875, -81.875, 3.8294769103025336e-24, nan 
-91.625, -81.875, 3.719616099243528e-24, nan 
-91.375, -81.875, 3.2566810427890812e-24, nan 
-91.125, -81.875, 3.1356648069099386e-24, nan 
-90.875, -81.875, 3.1746601203579016e-24, nan 
-90.625, -81.875, 2.151771275080815e-24, nan 
-90.375, -81.875, 1.714640154783942e-24, nan 
-90.125, -81.875, 1.8926455043666558e-24, nan 
-89.875, -81.875, 2.7858416187909677e-24, nan 
-89.625, -81.875, 2.7713537388662222e-24, nan 
-89.375, -81.875, 2.4934725005650205e-24, nan 
-89.125, -81.875, 2.83884551449913e-24, nan 
-88.875, -81.875, 2.401197104176657e-24, nan 
-88.625, -81.875, 9.481117535998535e-25, nan 
-88.375, -81.875, 4.068334507287628e-25, nan 
-88.125, -81.875, 1.3127487856753076e-24, nan 
-87.875, -81.875, 2.0978728012091354e-24, nan 
-87.625, -81.875, 2.7523919368642255e-24, nan 
-87.375, -81.875, 4.126339488370589e-24, nan 
-87.125, -81.875, 4.148815329531505e-24, nan 
-86.875, -81.875, 3.0794442975142736e-24, nan 
-86.625, -81.875, 2.215771785287966e-24, nan 
-86.375, -81.875, 2.0104969327144362e-24, nan 
-86.125, -81.875, 3.6694872523123915e-24, nan 
-85.875, -81.875, 6.713589529920154e-24, nan 
-85.625, -81.875, 1.1449094768573352e-23, nan 
-85.375, -81.875, 9.480318370959777e-24, nan 
-85.125, -81.875, 7.275073589131061e-24, nan 
-84.875, -81.875, 5.918697965835441e-24, nan 
-84.625, -81.875, 3.858807668687926e-24, nan 
-84.375, -81.875, 4.596608235449854e-24, nan 
-84.125, -81.875, 7.521130538846706e-24, nan 
-83.875, -81.875, 1.1710671520897487e-23, nan 
-83.625, -81.875, 8.360020311057076e-24, nan 
-83.375, -81.875, 6.116419252521256e-24, nan 
-83.125, -81.875, 5.221257357874422e-24, nan 
-82.875, -81.875, 2.62136160438435e-24, nan 
-82.625, -81.875, 9.456939277160358e-25, nan 
-82.375, -81.875, 1.1783843490067335e-24, nan 
-82.125, -81.875, 3.308982938873321e-24, nan 
-81.875, -81.875, 1.895660949176123e-24, nan 
-81.625, -81.875, 1.562992592504851e-24, nan 
-81.375, -81.875, 2.0994580520171444e-24, nan 
-81.125, -81.875, 1.1882843916360502e-24, nan 
-80.875, -81.875, 2.669280224386021e-24, nan 
-80.625, -81.875, 1.9965084724158673e-24, nan 
-80.375, -81.875, 2.5256558349758073e-24, nan 
-80.125, -81.875, 2.18084294371754e-24, nan 
-79.875, -81.875, 4.529709829662476e-24, nan 
-79.625, -81.875, 4.7031637046118705e-24, nan 
-79.375, -81.875, 5.23545406619897e-24, nan 
-79.125, -81.875, 5.142493366749353e-24, nan 
-78.875, -81.875, 7.212477469573817e-24, nan 
-78.625, -81.875, 1.2742522926191021e-23, nan 
-78.375, -81.875, 1.2661673429406728e-23, nan 
-78.125, -81.875, 1.1386941803944361e-23, nan 
-77.875, -81.875, 1.2078159372671108e-23, nan 
-77.625, -81.875, 1.3653431019685593e-23, nan 
-77.375, -81.875, 1.4021746071332106e-23, nan 
-77.125, -81.875, 1.1099571684821051e-23, nan 
-76.875, -81.875, 1.47666246739645e-23, nan 
-76.625, -81.875, 2.0826430606751606e-23, nan 
-76.375, -81.875, 2.2589539922035536e-23, nan 
-76.125, -81.875, 2.257532069483715e-23, nan 
-75.875, -81.875, 2.2311673973727579e-23, nan 
-75.625, -81.875, 1.9880410400492168e-23, nan 
-75.375, -81.875, 1.1237191518252767e-23, nan 
-75.125, -81.875, 1.1308319134740106e-23, nan 
-74.875, -81.875, 2.2445080937873873e-23, nan 
-74.625, -81.875, 1.7726272628123253e-23, nan 
-74.375, -81.875, 1.7321176094142997e-23, nan 
-74.125, -81.875, 1.8801372429292295e-23, nan 
-73.875, -81.875, 1.8568822424944466e-23, nan 
-73.625, -81.875, 1.3009026689019727e-23, nan 
-73.375, -81.875, 9.718228972629021e-24, nan 
-73.125, -81.875, 1.405467632140553e-23, nan 
-72.875, -81.875, 8.608749088596708e-24, nan 
-72.625, -81.875, 1.5576626715855988e-23, nan 
-72.375, -81.875, 1.8810508020063054e-23, nan 
-72.125, -81.875, 1.9959710961783798e-23, nan 
-71.875, -81.875, 2.12549428140345e-23, nan 
-71.625, -81.875, 2.0561658479864936e-23, nan 
-71.375, -81.875, 2.1384311735597865e-23, nan 
-71.125, -81.875, 1.920775285019611e-23, nan 
-70.875, -81.875, 1.6272618597965375e-23, nan 
-70.625, -81.875, 1.7089041468460365e-23, nan 
-70.375, -81.875, 1.6224715831215265e-23, nan 
-70.125, -81.875, 1.5171198511945834e-23, nan 
-69.875, -81.875, 1.6896866238713677e-23, nan 
-69.625, -81.875, 1.9930092788486e-23, nan 
-69.375, -81.875, 1.3508696666834806e-23, nan 
-69.125, -81.875, 8.402850927083669e-24, nan 
-68.875, -81.875, 1.1597742247362151e-23, nan 
-68.625, -81.875, 1.3133850952769063e-23, nan 
-68.375, -81.875, 1.469060702321346e-23, nan 
-68.125, -81.875, 1.894616384786742e-23, nan 
-67.875, -81.875, 1.6196971172439792e-23, nan 
-67.625, -81.875, 1.5468091728630814e-23, nan 
-67.375, -81.875, 1.3375473461512205e-23, nan 
-67.125, -81.875, 1.1521729609662866e-23, nan 
-66.875, -81.875, 1.1130884674657119e-23, nan 
-66.625, -81.875, 1.7675668089361767e-23, nan 
-66.375, -81.875, 1.9924225072226886e-23, nan 
-66.125, -81.875, 1.8032627612111833e-23, nan 
-65.875, -81.875, 1.616335554222598e-23, nan 
-65.625, -81.875, 1.4594751556018277e-23, nan 
-65.375, -81.875, 1.2696593369703114e-23, nan 
-65.125, -81.875, 1.0249861728710718e-23, nan 
-64.875, -81.875, 8.042581921216014e-24, nan 
-64.625, -81.875, 8.480316758098864e-24, nan 
-64.375, -81.875, 8.063524263365683e-24, nan 
-64.125, -81.875, 6.973197178455363e-24, nan 
-63.875, -81.875, 1.1452200531697837e-23, nan 
-63.625, -81.875, 1.2220853402442543e-23, nan 
-63.375, -81.875, 1.2205765027285047e-23, nan 
-63.125, -81.875, 1.4375586194062353e-23, nan 
-62.875, -81.875, 1.4478990961911712e-23, nan 
-62.625, -81.875, 1.4728072498265742e-23, nan 
-62.375, -81.875, 9.789348958137136e-24, nan 
-62.125, -81.875, 1.1868809054909656e-23, nan 
-61.875, -81.875, 1.4505253142618796e-23, nan 
-61.625, -81.875, 1.471574767698748e-23, nan 
-61.375, -81.875, 1.6061494457612552e-23, nan 
-61.125, -81.875, 1.8434187203047662e-23, nan 
-60.875, -81.875, 2.1087228525335524e-23, nan 
-60.625, -81.875, 1.5368436704037418e-23, nan 
-60.375, -81.875, 6.555978455498125e-24, nan 
-60.125, -81.875, 9.798170630673312e-24, nan 
-59.875, -81.875, 1.3275660463593558e-23, nan 
-59.625, -81.875, 1.2905616629061786e-23, nan 
-59.375, -81.875, 1.3630215058413787e-23, nan 
-59.125, -81.875, 1.1744741907946339e-23, nan 
-58.875, -81.875, 9.813547154472326e-24, nan 
-58.625, -81.875, 5.4917135438074435e-24, nan 
-58.375, -81.875, 3.3257569407925175e-24, nan 
-58.125, -81.875, 2.5651585835991118e-24, nan 
-57.875, -81.875, 2.1288366153857786e-24, nan 
-57.625, -81.875, 4.2150573321428595e-24, nan 
-57.375, -81.875, 6.126856923462226e-24, nan 
-57.125, -81.875, 5.952229261565441e-24, nan 
-56.875, -81.875, 5.225982760857128e-24, nan 
-56.625, -81.875, 4.659575706419636e-24, nan 
-56.375, -81.875, 6.298978609786265e-24, nan 
-56.125, -81.875, 5.793255574784266e-24, nan 
-55.875, -81.875, 7.210125045375716e-24, nan 
-55.625, -81.875, 1.9556141136775355e-24, nan 
-55.375, -81.875, 1.6597979474449863e-24, nan 
-55.125, -81.875, 1.630838700192048e-24, nan 
-54.875, -81.875, 2.0366193428918266e-24, nan 
-54.625, -81.875, 1.7375176410428488e-24, nan 
-54.375, -81.875, 1.9193045531711552e-24, nan 
-54.125, -81.875, 1.891419652233327e-24, nan 
-53.875, -81.875, 1.880012466105461e-24, nan 
-53.625, -81.875, 1.333522187993971e-24, nan 
-53.375, -81.875, 1.5455381658148735e-24, nan 
-53.125, -81.875, 1.2938672204862653e-24, nan 
-52.875, -81.875, 1.0026823877213897e-24, nan 
-52.625, -81.875, 2.6587978432993085e-25, nan 
-52.375, -81.875, 1.2167350850887434e-24, nan 
-52.125, -81.875, 9.676156988192616e-25, nan 
-51.875, -81.875, 7.3778841859907765e-25, nan 
-51.625, -81.875, 7.054498735668303e-25, nan 
-51.375, -81.875, 2.120230445602839e-24, nan 
-51.125, -81.875, 1.869080630721216e-24, nan 
-50.875, -81.875, 1.3184626824404111e-24, nan 
-50.625, -81.875, 1.1719480358310368e-24, nan 
-50.375, -81.875, 8.563600622713197e-25, nan 
-50.125, -81.875, 6.953217082839618e-25, nan 
-49.875, -81.875, 7.029938906397349e-25, nan 
-49.625, -81.875, 1.262696754806509e-24, nan 
-49.375, -81.875, 5.287558268234276e-25, nan 
-49.125, -81.875, 4.507393444240977e-25, nan 
-48.875, -81.875, 1.083215810062606e-24, nan 
-48.625, -81.875, 1.4385660667312312e-24, nan 
-48.375, -81.875, 1.3873220640321278e-24, nan 
-48.125, -81.875, 1.3346627954579889e-24, nan 
-47.875, -81.875, 2.612891954107393e-24, nan 
-47.625, -81.875, 2.2828597598394913e-24, nan 
-47.375, -81.875, 1.966980538631331e-24, nan 
-47.125, -81.875, 1.4664717478126556e-24, nan 
-46.875, -81.875, 1.4272128999945906e-24, nan 
-46.625, -81.875, 1.3680665582950973e-24, nan 
-46.375, -81.875, 3.2571741513721322e-24, nan 
-46.125, -81.875, 2.3938677921055897e-24, nan 
-45.875, -81.875, 1.5722419013071402e-24, nan 
-45.625, -81.875, 1.5587256963379041e-24, nan 
-45.375, -81.875, 1.0322587875016004e-24, nan 
-45.125, -81.875, 1.624182765524371e-24, nan 
-44.875, -81.875, 2.8680922162825205e-24, nan 
-44.625, -81.875, 3.14005061224962e-24, nan 
-44.375, -81.875, 1.4980515479243551e-24, nan 
-44.125, -81.875, 9.098439220862064e-25, nan 
-43.875, -81.875, 8.506299664037675e-25, nan 
-43.625, -81.875, 1.3181887680195842e-24, nan 
-43.375, -81.875, 3.408005312520583e-24, nan 
-43.125, -81.875, 6.057983761816055e-24, nan 
-42.875, -81.875, 6.574289785731657e-24, nan 
-42.625, -81.875, 3.356646989625133e-24, nan 
-42.375, -81.875, 2.5905827931846552e-24, nan 
-42.125, -81.875, 4.386122010754437e-24, nan 
-41.875, -81.875, 6.731701907558746e-24, nan 
-41.625, -81.875, 4.526909103078805e-24, nan 
-41.375, -81.875, 6.468805719602337e-24, nan 
-41.125, -81.875, 8.713496162580133e-24, nan 
-40.875, -81.875, 1.3062960193200814e-23, nan 
-40.625, -81.875, 1.0703321894740819e-23, nan 
-40.375, -81.875, 1.0175412566796574e-23, nan 
-40.125, -81.875, 1.2202834253179275e-23, nan 
-39.875, -81.875, 1.362025407575958e-23, nan 
-39.625, -81.875, 1.050897905789672e-23, nan 
-39.375, -81.875, 1.135623149064827e-23, nan 
-39.125, -81.875, 1.4771893986669584e-23, nan 
-38.875, -81.875, 1.183494006476309e-23, nan 
-38.625, -81.875, 1.1257933165323941e-23, nan 
-38.375, -81.875, 1.291065448335845e-23, nan 
-38.125, -81.875, 1.4559233458514826e-23, nan 
-37.875, -81.875, 8.654831768307741e-24, nan 
-37.625, -81.875, 4.956379154979915e-24, nan 
-37.375, -81.875, 4.5620161046785676e-24, nan 
-37.125, -81.875, 4.793157116077417e-24, nan 
-36.875, -81.875, 8.331328255815617e-24, nan 
-36.625, -81.875, 6.174130128921944e-24, nan 
-36.375, -81.875, 6.0426990538997906e-24, nan 
-36.125, -81.875, 6.720601564933218e-24, nan 
-35.875, -81.875, 8.127973060519206e-24, nan 
-35.625, -81.875, 6.878155893126358e-24, nan 
-35.375, -81.875, 5.758776034110455e-24, nan 
-35.125, -81.875, 7.116159495286776e-24, nan 
-34.875, -81.875, 8.364011521437729e-24, nan 
-34.625, -81.875, 8.423515927675567e-24, nan 
-34.375, -81.875, 7.164468700852489e-24, nan 
-34.125, -81.875, 8.985731458544234e-24, nan 
-33.875, -81.875, 9.534494506886066e-24, nan 
-33.625, -81.875, 8.633453175572837e-24, nan 
-33.375, -81.875, 7.6455517836154e-24, nan 
-33.125, -81.875, 6.70372362953645e-24, nan 
-32.875, -81.875, 6.787505619765552e-24, nan 
-32.625, -81.875, 7.387539382215434e-24, nan 
-32.375, -81.875, 1.1678395735365817e-23, nan 
-32.125, -81.875, 1.2365742407761484e-23, nan 
-31.875, -81.875, 5.7282796277577956e-24, nan 
-31.625, -81.875, 3.7782374536881675e-24, nan 
-31.375, -81.875, 6.683078197332388e-24, nan 
-31.125, -81.875, 8.098429506978366e-24, nan 
-30.875, -81.875, 9.383678038684261e-24, nan 
-30.625, -81.875, 9.664534082540658e-24, nan 
-30.375, -81.875, 8.554172136168863e-24, nan 
-30.125, -81.875, 7.268959490135635e-24, nan 
-29.875, -81.875, 7.080818504792884e-24, nan 
-29.625, -81.875, 9.716567836676795e-24, nan 
-29.375, -81.875, 9.295651548748603e-24, nan 
-29.125, -81.875, 8.329959929943784e-24, nan 
-28.875, -81.875, 5.916695443643254e-24, nan 
-28.625, -81.875, 2.4008960023510483e-24, nan 
-28.375, -81.875, 1.253486761938959e-24, nan 
-28.125, -81.875, 9.099102632859882e-25, nan 
-27.875, -81.875, 1.5672466804067497e-24, nan 
-27.625, -81.875, 1.937545671295918e-24, nan 
-27.375, -81.875, 1.5489042834269203e-24, nan 
-27.125, -81.875, 3.723013399880281e-24, nan 
-26.875, -81.875, 3.8975440123626464e-24, nan 
-26.625, -81.875, 2.8928002361247772e-24, nan 
-26.375, -81.875, 1.3720452304943891e-24, nan 
-26.125, -81.875, 3.7200401787671115e-24, nan 
-25.875, -81.875, 4.169924238108074e-24, nan 
-25.625, -81.875, 5.3605061609218495e-24, nan 
-25.375, -81.875, 8.708988201909592e-24, nan 
-25.125, -81.875, 8.85101208383495e-24, nan 
-24.875, -81.875, 7.937864313021821e-24, nan 
-24.625, -81.875, 8.489599437972762e-24, nan 
-24.375, -81.875, 1.0855339719489984e-23, nan 
-24.125, -81.875, 1.1072117572101215e-23, nan 
-23.875, -81.875, 1.0670902365132918e-23, nan 
-23.625, -81.875, 1.4209764990318084e-23, nan 
-23.375, -81.875, 1.6801610472651894e-23, nan 
-23.125, -81.875, 1.8779029592213563e-23, nan 
-22.875, -81.875, 2.05316496213107e-23, nan 
-22.625, -81.875, 1.7911319715226436e-23, nan 
-22.375, -81.875, 1.5160641139598978e-23, nan 
-22.125, -81.875, 1.930743064837738e-23, nan 
-21.875, -81.875, 9.892635496403431e-24, nan 
-21.625, -81.875, 1.0083654455759617e-23, nan 
-21.375, -81.875, 1.1783124918084574e-23, nan 
-21.125, -81.875, 1.3609200048964927e-23, nan 
-20.875, -81.875, 1.3964818361172746e-23, nan 
-20.625, -81.875, 1.4997679623305816e-23, nan 
-20.375, -81.875, 1.620998278295701e-23, nan 
-20.125, -81.875, 1.0503006699944021e-23, nan 
-19.875, -81.875, 8.740243638555176e-24, nan 
-19.625, -81.875, 8.334796093887763e-24, nan 
-19.375, -81.875, 1.0539827279335761e-23, nan 
-19.125, -81.875, 1.0968420941776243e-23, nan 
-18.875, -81.875, 8.903956340893597e-24, nan 
-18.625, -81.875, 7.665932248041596e-24, nan 
-18.375, -81.875, 8.448088760613558e-24, nan 
-18.125, -81.875, 7.070838236278205e-24, nan 
-17.875, -81.875, 6.964010943365608e-24, nan 
-17.625, -81.875, 8.136087386980368e-24, nan 
-17.375, -81.875, 9.521224632822869e-24, nan 
-17.125, -81.875, 8.255641583277708e-24, nan 
-16.875, -81.875, 6.662477037319704e-24, nan 
-16.625, -81.875, 6.207881415799915e-24, nan 
-16.375, -81.875, 6.1111430163051495e-24, nan 
-16.125, -81.875, 5.418317184085893e-24, nan 
-15.875, -81.875, 5.237508382257473e-24, nan 
-15.625, -81.875, 4.497823616665446e-24, nan 
-15.375, -81.875, 4.348597584877827e-24, nan 
-15.125, -81.875, 4.869260121918462e-24, nan 
-14.875, -81.875, 4.398378464457645e-24, nan 
-14.625, -81.875, 3.61538774229076e-24, nan 
-14.375, -81.875, 3.5622488850856005e-24, nan 
-14.125, -81.875, 3.745777671959209e-24, nan 
-13.875, -81.875, 3.490831863091942e-24, nan 
-13.625, -81.875, 2.716670708169381e-24, nan 
-13.375, -81.875, 2.856144944700727e-24, nan 
-13.125, -81.875, 3.970292581472184e-24, nan 
-12.875, -81.875, 3.62545781886649e-24, nan 
-12.625, -81.875, 3.434603918500194e-24, nan 
-12.375, -81.875, 4.140942725745177e-24, nan 
-12.125, -81.875, 4.137175366177401e-24, nan 
-11.875, -81.875, 4.303086820576669e-24, nan 
-11.625, -81.875, 3.743471125955605e-24, nan 
-11.375, -81.875, 3.775452790685041e-24, nan 
-11.125, -81.875, 3.407099733599261e-24, nan 
-10.875, -81.875, 4.419841041388394e-24, nan 
-10.625, -81.875, 4.696247947391794e-24, nan 
-10.375, -81.875, 4.55861859706298e-24, nan 
-10.125, -81.875, 4.693795292917168e-24, nan 
-9.875, -81.875, 6.577231646289818e-24, nan 
-9.625, -81.875, 6.4097703613520196e-24, nan 
-9.375, -81.875, 6.785615328814884e-24, nan 
-9.125, -81.875, 7.206004481481383e-24, nan 
-8.875, -81.875, 9.344605265180856e-24, nan 
-8.625, -81.875, 1.0924827366673356e-23, nan 
-8.375, -81.875, 1.0625078020060196e-23, nan 
-8.125, -81.875, 9.859898120247668e-24, nan 
-7.875, -81.875, 5.453557808021855e-24, nan 
-7.625, -81.875, 5.7647467233813954e-24, nan 
-7.375, -81.875, 1.0521341843326019e-23, nan 
-7.125, -81.875, 1.376190354840682e-23, nan 
-6.875, -81.875, 1.8601273044798702e-23, nan 
-6.625, -81.875, 2.020538447825907e-23, nan 
-6.375, -81.875, 1.7757708930647593e-23, nan 
-6.125, -81.875, 1.2177767569207901e-23, nan 
-5.875, -81.875, 9.72479256823396e-24, nan 
-5.625, -81.875, 1.3682910528639384e-23, nan 
-5.375, -81.875, 1.4127488117219344e-23, nan 
-5.125, -81.875, 1.65458830675773e-23, nan 
-4.875, -81.875, 1.6284555925865694e-23, nan 
-4.625, -81.875, 1.478230381578716e-23, nan 
-4.375, -81.875, 9.279201386756618e-24, nan 
-4.125, -81.875, 3.954520969465806e-24, nan 
-3.875, -81.875, 5.546629556329619e-24, nan 
-3.625, -81.875, 6.5428417450002335e-24, nan 
-3.375, -81.875, 6.545473993544098e-24, nan 
-3.125, -81.875, 5.648156054071527e-24, nan 
-2.875, -81.875, 7.187654536855396e-24, nan 
-2.625, -81.875, 8.670751854203515e-24, nan 
-2.375, -81.875, 8.218315295020268e-24, nan 
-2.125, -81.875, 9.724695944718015e-24, nan 
-1.875, -81.875, 1.1171042904837506e-23, nan 
-1.625, -81.875, 1.1109973224706232e-23, nan 
-1.375, -81.875, 7.97551721984214e-24, nan 
-1.125, -81.875, 1.1901357752092087e-23, nan 
-0.875, -81.875, 1.4554888486959704e-23, nan 
-0.625, -81.875, 1.3755051650120726e-23, nan 
-0.375, -81.875, 1.0663905011049999e-23, nan 
-0.125, -81.875, 1.1059502186667018e-23, nan 
0.125, -81.875, 1.1311893061669772e-23, nan 
0.375, -81.875, 1.1702689213871723e-23, nan 
0.625, -81.875, 1.2218043545035235e-23, nan 
0.875, -81.875, 1.1434521804255133e-23, nan 
1.125, -81.875, 1.3683936476812347e-23, nan 
1.375, -81.875, 9.723355248625779e-24, nan 
1.625, -81.875, 9.355805389834053e-24, nan 
1.875, -81.875, 8.884894558155968e-24, nan 
2.125, -81.875, 9.568412758962567e-24, nan 
2.375, -81.875, 9.822216911270212e-24, nan 
2.625, -81.875, 1.0305079678236103e-23, nan 
2.875, -81.875, 1.2413077617266953e-23, nan 
3.125, -81.875, 9.626796312785377e-24, nan 
3.375, -81.875, 1.1646985386042298e-23, nan 
3.625, -81.875, 1.2166696738569571e-23, nan 
3.875, -81.875, 1.3235863730952984e-23, nan 
4.125, -81.875, 1.1432327047283147e-23, nan 
4.375, -81.875, 9.344048606718969e-24, nan 
4.625, -81.875, 6.965802186055246e-24, nan 
4.875, -81.875, 6.810568332378942e-24, nan 
5.125, -81.875, 1.1079666180641775e-23, nan 
5.375, -81.875, 1.332491331165275e-23, nan 
5.625, -81.875, 1.5261987999973314e-23, nan 
5.875, -81.875, 1.356317556699063e-23, nan 
6.125, -81.875, 1.2150061088103325e-23, nan 
6.375, -81.875, 8.239903629180061e-24, nan 
6.625, -81.875, 7.356330440364544e-24, nan 
6.875, -81.875, 7.261571554190193e-24, nan 
7.125, -81.875, 9.001195623653148e-24, nan 
7.375, -81.875, 1.0504545864048515e-23, nan 
7.625, -81.875, 1.1592194406101353e-23, nan 
7.875, -81.875, 1.3682883943473985e-23, nan 
8.125, -81.875, 1.6086004038790956e-23, nan 
8.375, -81.875, 2.1614926272673774e-23, nan 
8.625, -81.875, 2.797263158978302e-23, nan 
8.875, -81.875, 3.3337405232091695e-23, nan 
9.125, -81.875, 3.3526203541670654e-23, nan 
9.375, -81.875, 2.538774706811897e-23, nan 
9.625, -81.875, 2.680805990893507e-23, nan 
9.875, -81.875, 3.1343823455317204e-23, nan 
10.125, -81.875, 2.556432154206155e-23, nan 
10.375, -81.875, 2.9942908217349735e-23, nan 
10.625, -81.875, 3.4922556395258773e-23, nan 
10.875, -81.875, 3.420546138769862e-23, nan 
11.125, -81.875, 3.999792724768246e-23, nan 
11.375, -81.875, 3.395462066784371e-23, nan 
11.625, -81.875, 3.0144292134421494e-23, nan 
11.875, -81.875, 3.769890541638278e-23, nan 
-114.875, -81.625, 1.5468385924287514e-24, nan 
-114.625, -81.625, 1.888839783483423e-24, nan 
-114.375, -81.625, 3.0931855850859406e-24, nan 
-114.125, -81.625, 2.0795064555213666e-24, nan 
-113.875, -81.625, 1.5683530971263564e-24, nan 
-113.625, -81.625, 1.5524870819296964e-24, nan 
-113.375, -81.625, 2.3698166378608345e-24, nan 
-113.125, -81.625, 1.7348956985744842e-24, nan 
-112.875, -81.625, 2.00839897114432e-24, nan 
-112.625, -81.625, 2.650170095992622e-24, nan 
-112.375, -81.625, 2.1586274724482195e-24, nan 
-112.125, -81.625, 1.8506070760390086e-24, nan 
-111.875, -81.625, 1.391457089946623e-24, nan 
-111.625, -81.625, 1.4595461147682159e-24, nan 
-111.375, -81.625, 1.0774704740899057e-24, nan 
-111.125, -81.625, 1.0695745352222455e-24, nan 
-110.875, -81.625, 1.2125731498020081e-24, nan 
-110.625, -81.625, 8.723677724101536e-25, nan 
-110.375, -81.625, 9.603191343262943e-25, nan 
-110.125, -81.625, 8.791683271245347e-25, nan 
-109.875, -81.625, 1.0226959994632e-24, nan 
-109.625, -81.625, 1.1010433373413474e-24, nan 
-109.375, -81.625, 1.0750759885237571e-24, nan 
-109.125, -81.625, 1.0683087963507251e-24, nan 
-108.875, -81.625, 9.790888913307717e-25, nan 
-108.625, -81.625, 1.096190765189539e-24, nan 
-108.375, -81.625, 9.769210018211631e-25, nan 
-108.125, -81.625, 1.0262199151972124e-24, nan 
-107.875, -81.625, 9.90246294161272e-25, nan 
-107.625, -81.625, 1.0139961096798358e-24, nan 
-107.375, -81.625, 1.2839150887702012e-24, nan 
-107.125, -81.625, 1.3584754596243852e-24, nan 
-106.875, -81.625, 1.801352391013502e-24, nan 
-106.625, -81.625, 1.8807151774183144e-24, nan 
-106.375, -81.625, 2.053979707348433e-24, nan 
-106.125, -81.625, 1.8255178035092944e-24, nan 
-105.875, -81.625, 1.8141510087088404e-24, nan 
-105.625, -81.625, 1.5244169469567123e-24, nan 
-105.375, -81.625, 1.5299481505475458e-24, nan 
-105.125, -81.625, 1.4264156668385172e-24, nan 
-104.875, -81.625, 1.6566700517040812e-24, nan 
-104.625, -81.625, 1.4859103949038077e-24, nan 
-104.375, -81.625, 1.3470506030685992e-24, nan 
-104.125, -81.625, 1.3167638676854085e-24, nan 
-103.875, -81.625, 1.5353209810526566e-24, nan 
-103.625, -81.625, 8.525054053857987e-25, nan 
-103.375, -81.625, 9.271953625024937e-25, nan 
-103.125, -81.625, 1.180399168067827e-24, nan 
-102.875, -81.625, 1.192195103353966e-24, nan 
-102.625, -81.625, 1.2677860058305882e-24, nan 
-102.375, -81.625, 1.4750143951930015e-24, nan 
-102.125, -81.625, 1.7183671144414225e-24, nan 
-101.875, -81.625, 1.5799607998368183e-24, nan 
-101.625, -81.625, 1.733968197069583e-24, nan 
-101.375, -81.625, 1.8407917913842387e-24, nan 
-101.125, -81.625, 1.6327540811783666e-24, nan 
-100.875, -81.625, 1.4140736535480048e-24, nan 
-100.625, -81.625, 1.6415455955188171e-24, nan 
-100.375, -81.625, 1.5851736399776294e-24, nan 
-100.125, -81.625, 2.3210509978622107e-24, nan 
-99.875, -81.625, 2.057963640062166e-24, nan 
-99.625, -81.625, 1.870427500237396e-24, nan 
-99.375, -81.625, 1.5717963128267211e-24, nan 
-99.125, -81.625, 1.8203505295667035e-24, nan 
-98.875, -81.625, 2.696497493991774e-24, nan 
-98.625, -81.625, 2.7514215589361768e-24, nan 
-98.375, -81.625, 3.4804616091216714e-24, nan 
-98.125, -81.625, 3.519862675653298e-24, nan 
-97.875, -81.625, 3.817582828273118e-24, nan 
-97.625, -81.625, 4.085456689964104e-24, nan 
-97.375, -81.625, 2.149008278935466e-24, nan 
-97.125, -81.625, 2.988941000694588e-24, nan 
-96.875, -81.625, 3.3673376833387385e-24, nan 
-96.625, -81.625, 3.757328607181732e-24, nan 
-96.375, -81.625, 3.671404973834769e-24, nan 
-96.125, -81.625, 2.917179624063311e-24, nan 
-95.875, -81.625, 2.104552241659418e-24, nan 
-95.625, -81.625, 1.3209892472642779e-24, nan 
-95.375, -81.625, 9.128993603490637e-25, nan 
-95.125, -81.625, 6.091207571815253e-25, nan 
-94.875, -81.625, 1.0499466503646902e-24, nan 
-94.625, -81.625, 1.762167450824515e-24, nan 
-94.375, -81.625, 2.2646211640461065e-24, nan 
-94.125, -81.625, 1.6430431317046042e-24, nan 
-93.875, -81.625, 1.3173582200224027e-24, nan 
-93.625, -81.625, 1.1275886889115857e-24, nan 
-93.375, -81.625, 1.406167764034402e-24, nan 
-93.125, -81.625, 1.4561089804589163e-24, nan 
-92.875, -81.625, 2.0657271595443592e-24, nan 
-92.625, -81.625, 1.835927125230466e-24, nan 
-92.375, -81.625, 2.026437399635949e-24, nan 
-92.125, -81.625, 1.4704097786240898e-24, nan 
-91.875, -81.625, 1.1872312597021544e-24, nan 
-91.625, -81.625, 1.748177918442295e-24, nan 
-91.375, -81.625, 2.533039185445178e-24, nan 
-91.125, -81.625, 2.2740917429088085e-24, nan 
-90.875, -81.625, 1.7228575868861856e-24, nan 
-90.625, -81.625, 1.7451025021252794e-24, nan 
-90.375, -81.625, 1.3368831892486795e-24, nan 
-90.125, -81.625, 1.4208093666215687e-24, nan 
-89.875, -81.625, 2.12189980556295e-24, nan 
-89.625, -81.625, 1.884785576504099e-24, nan 
-89.375, -81.625, 1.6481051935230433e-24, nan 
-89.125, -81.625, 2.0417520528960377e-24, nan 
-88.875, -81.625, 2.400039558974336e-24, nan 
-88.625, -81.625, 6.894621102436212e-25, nan 
-88.375, -81.625, 1.1924794847446931e-24, nan 
-88.125, -81.625, 2.1012698331906844e-24, nan 
-87.875, -81.625, 2.5118942504581786e-24, nan 
-87.625, -81.625, 3.3852662184610034e-24, nan 
-87.375, -81.625, 3.784187539994381e-24, nan 
-87.125, -81.625, 3.7493445508720826e-24, nan 
-86.875, -81.625, 5.303304460976183e-24, nan 
-86.625, -81.625, 3.527681683281308e-24, nan 
-86.375, -81.625, 2.43670721343726e-24, nan 
-86.125, -81.625, 3.0774715199589783e-24, nan 
-85.875, -81.625, 3.191085264039069e-24, nan 
-85.625, -81.625, 5.433556165235512e-24, nan 
-85.375, -81.625, 6.5652570268468166e-24, nan 
-85.125, -81.625, 9.064242144895229e-24, nan 
-84.875, -81.625, 8.97258027476288e-24, nan 
-84.625, -81.625, 7.020079558354444e-24, nan 
-84.375, -81.625, 5.71341224460128e-24, nan 
-84.125, -81.625, 7.212819234801895e-24, nan 
-83.875, -81.625, 7.446388010044637e-24, nan 
-83.625, -81.625, 7.253190317651769e-24, nan 
-83.375, -81.625, 8.645990939420485e-24, nan 
-83.125, -81.625, 8.743837819574703e-24, nan 
-82.875, -81.625, 5.9281935488404835e-24, nan 
-82.625, -81.625, 4.299065983321548e-24, nan 
-82.375, -81.625, 5.6684421179847566e-24, nan 
-82.125, -81.625, 3.886955480558874e-24, nan 
-81.875, -81.625, 1.2863068041212747e-24, nan 
-81.625, -81.625, 2.7149734824171942e-24, nan 
-81.375, -81.625, 4.0712136775792585e-24, nan 
-81.125, -81.625, 3.4092260219490234e-24, nan 
-80.875, -81.625, 7.251904047050301e-25, nan 
-80.625, -81.625, 3.1082410059600383e-24, nan 
-80.375, -81.625, 1.656246681742278e-24, nan 
-80.125, -81.625, 3.743631315024333e-24, nan 
-79.875, -81.625, 4.041400407432435e-24, nan 
-79.625, -81.625, 5.676172214046888e-24, nan 
-79.375, -81.625, 8.741973905547928e-24, nan 
-79.125, -81.625, 8.019459610476043e-24, nan 
-78.875, -81.625, 6.848545335556338e-24, nan 
-78.625, -81.625, 8.405219012981028e-24, nan 
-78.375, -81.625, 8.037200955761911e-24, nan 
-78.125, -81.625, 6.283749857152012e-24, nan 
-77.875, -81.625, 6.488561052902892e-24, nan 
-77.625, -81.625, 9.70693138027527e-24, nan 
-77.375, -81.625, 1.1454064300250453e-23, nan 
-77.125, -81.625, 1.3245558903997824e-23, nan 
-76.875, -81.625, 1.1554594387870208e-23, nan 
-76.625, -81.625, 1.2368497800237241e-23, nan 
-76.375, -81.625, 1.0469501372613687e-23, nan 
-76.125, -81.625, 1.0641232726373494e-23, nan 
-75.875, -81.625, 1.4099661755329884e-23, nan 
-75.625, -81.625, 2.0843364031357718e-23, nan 
-75.375, -81.625, 2.5395625232052503e-23, nan 
-75.125, -81.625, 2.0174574777011263e-23, nan 
-74.875, -81.625, 2.0666113646270774e-23, nan 
-74.625, -81.625, 1.0172462334298793e-23, nan 
-74.375, -81.625, 1.418619771904988e-23, nan 
-74.125, -81.625, 2.2032325066085104e-23, nan 
-73.875, -81.625, 2.3020273814008685e-23, nan 
-73.625, -81.625, 2.841705431457482e-23, nan 
-73.375, -81.625, 2.5925958563323715e-23, nan 
-73.125, -81.625, 2.5422508366495798e-23, nan 
-72.875, -81.625, 2.159744729025396e-23, nan 
-72.625, -81.625, 1.4633958728488036e-23, nan 
-72.375, -81.625, 1.6441745042874715e-23, nan 
-72.125, -81.625, 1.910051538245863e-23, nan 
-71.875, -81.625, 2.5181498953670993e-23, nan 
-71.625, -81.625, 2.5158645705647325e-23, nan 
-71.375, -81.625, 2.9314264752845935e-23, nan 
-71.125, -81.625, 3.380424821995974e-23, nan 
-70.875, -81.625, 3.13607241739237e-23, nan 
-70.625, -81.625, 2.2378517806629028e-23, nan 
-70.375, -81.625, 1.9205368658565267e-23, nan 
-70.125, -81.625, 1.5057581054005965e-23, nan 
-69.875, -81.625, 1.5551352149344247e-23, nan 
-69.625, -81.625, 1.6283148834703914e-23, nan 
-69.375, -81.625, 1.9798784339242228e-23, nan 
-69.125, -81.625, 2.6851374511157744e-23, nan 
-68.875, -81.625, 2.444922367665206e-23, nan 
-68.625, -81.625, 2.3217935034188197e-23, nan 
-68.375, -81.625, 1.50547969182103e-23, nan 
-68.125, -81.625, 1.6365012120240356e-23, nan 
-67.875, -81.625, 1.5173067245378695e-23, nan 
-67.625, -81.625, 1.5524846765858303e-23, nan 
-67.375, -81.625, 1.8210420194553748e-23, nan 
-67.125, -81.625, 1.6315597855954068e-23, nan 
-66.875, -81.625, 1.4784325218855996e-23, nan 
-66.625, -81.625, 1.5426229607313515e-23, nan 
-66.375, -81.625, 1.45130403151041e-23, nan 
-66.125, -81.625, 1.1279447727127202e-23, nan 
-65.875, -81.625, 8.413038516364617e-24, nan 
-65.625, -81.625, 7.087498091305589e-24, nan 
-65.375, -81.625, 5.415309969740831e-24, nan 
-65.125, -81.625, 8.411593945086363e-24, nan 
-64.875, -81.625, 1.363144407162876e-23, nan 
-64.625, -81.625, 1.2518257368729268e-23, nan 
-64.375, -81.625, 1.0601997494921912e-23, nan 
-64.125, -81.625, 9.508134039158988e-24, nan 
-63.875, -81.625, 1.1980249454969663e-23, nan 
-63.625, -81.625, 9.208516741210178e-24, nan 
-63.375, -81.625, 9.802896465385751e-24, nan 
-63.125, -81.625, 1.2399585457309689e-23, nan 
-62.875, -81.625, 1.730377419003895e-23, nan 
-62.625, -81.625, 1.6974977755429e-23, nan 
-62.375, -81.625, 1.5391922062788778e-23, nan 
-62.125, -81.625, 1.414539026176322e-23, nan 
-61.875, -81.625, 1.1105173341982322e-23, nan 
-61.625, -81.625, 1.2205553429082267e-23, nan 
-61.375, -81.625, 1.3168501659725667e-23, nan 
-61.125, -81.625, 1.3944912052893373e-23, nan 
-60.875, -81.625, 1.679431958762334e-23, nan 
-60.625, -81.625, 1.142628974890582e-23, nan 
-60.375, -81.625, 1.0590843082528252e-23, nan 
-60.125, -81.625, 1.1043247255185208e-23, nan 
-59.875, -81.625, 1.3878174450961715e-23, nan 
-59.625, -81.625, 8.674474977486616e-24, nan 
-59.375, -81.625, 3.973991968337509e-24, nan 
-59.125, -81.625, 2.4435724290962352e-24, nan 
-58.875, -81.625, 2.850183174148825e-24, nan 
-58.625, -81.625, 9.490071862645866e-24, nan 
-58.375, -81.625, 8.86795267782148e-24, nan 
-58.125, -81.625, 1.2278049176128497e-23, nan 
-57.875, -81.625, 8.687863381704491e-24, nan 
-57.625, -81.625, 7.454445376935426e-24, nan 
-57.375, -81.625, 1.7964066910819755e-24, nan 
-57.125, -81.625, 2.2989333627508308e-24, nan 
-56.875, -81.625, 3.682050017673268e-24, nan 
-56.625, -81.625, 3.9227686425525345e-24, nan 
-56.375, -81.625, 1.0254658413981854e-23, nan 
-56.125, -81.625, 9.484310173325238e-24, nan 
-55.875, -81.625, 1.2728816583265733e-23, nan 
-55.625, -81.625, 2.261594374883753e-24, nan 
-55.375, -81.625, 2.2932022712322223e-24, nan 
-55.125, -81.625, 2.438299997489239e-24, nan 
-54.875, -81.625, 1.7878719087333378e-24, nan 
-54.625, -81.625, 4.0759104285425756e-24, nan 
-54.375, -81.625, 3.500160783800394e-24, nan 
-54.125, -81.625, 5.6305629129187965e-24, nan 
-53.875, -81.625, 2.194220939016365e-24, nan 
-53.625, -81.625, 2.2626466509205065e-24, nan 
-53.375, -81.625, 1.745390082511458e-24, nan 
-53.125, -81.625, 1.97066378483778e-24, nan 
-52.875, -81.625, 2.2843413131121313e-24, nan 
-52.625, -81.625, 2.0294245616584577e-24, nan 
-52.375, -81.625, 2.2051213135770334e-24, nan 
-52.125, -81.625, 2.6008197449351994e-24, nan 
-51.875, -81.625, 2.4526726507780914e-24, nan 
-51.625, -81.625, 1.462552670281934e-24, nan 
-51.375, -81.625, 1.5569364994874776e-24, nan 
-51.125, -81.625, 1.1977848866080138e-24, nan 
-50.875, -81.625, 1.3706653820357008e-24, nan 
-50.625, -81.625, 1.8629066603910992e-24, nan 
-50.375, -81.625, 1.8308368172735597e-24, nan 
-50.125, -81.625, 1.460423716151702e-24, nan 
-49.875, -81.625, 9.337937418504185e-25, nan 
-49.625, -81.625, 1.424587979640566e-24, nan 
-49.375, -81.625, 1.6923499495304536e-24, nan 
-49.125, -81.625, 1.3521146529932208e-24, nan 
-48.875, -81.625, 1.8679691786840578e-24, nan 
-48.625, -81.625, 1.3544209802536948e-24, nan 
-48.375, -81.625, 1.747932552885009e-24, nan 
-48.125, -81.625, 2.1925349824602914e-24, nan 
-47.875, -81.625, 2.1655461639751562e-24, nan 
-47.625, -81.625, 2.120459642560525e-24, nan 
-47.375, -81.625, 1.9289762553162524e-24, nan 
-47.125, -81.625, 1.9642752554655315e-24, nan 
-46.875, -81.625, 1.353148682407703e-24, nan 
-46.625, -81.625, 1.769808350267259e-24, nan 
-46.375, -81.625, 2.167127655305532e-24, nan 
-46.125, -81.625, 1.1937467874383738e-24, nan 
-45.875, -81.625, 6.641085476926781e-25, nan 
-45.625, -81.625, 9.12992638552204e-25, nan 
-45.375, -81.625, 1.6928768877603488e-24, nan 
-45.125, -81.625, 1.9732228453664263e-24, nan 
-44.875, -81.625, 1.0324396881107305e-24, nan 
-44.625, -81.625, 8.684609200156048e-25, nan 
-44.375, -81.625, 1.4347577837720279e-24, nan 
-44.125, -81.625, 2.5826631455880498e-24, nan 
-43.875, -81.625, 3.4402318588866486e-24, nan 
-43.625, -81.625, 5.2522617636860615e-24, nan 
-43.375, -81.625, 7.154035451418379e-24, nan 
-43.125, -81.625, 6.7350589584888e-24, nan 
-42.875, -81.625, 7.577165229779166e-24, nan 
-42.625, -81.625, 7.55307533729215e-24, nan 
-42.375, -81.625, 7.35758874911781e-24, nan 
-42.125, -81.625, 7.657188396791568e-24, nan 
-41.875, -81.625, 8.950384564957742e-24, nan 
-41.625, -81.625, 8.890742312226637e-24, nan 
-41.375, -81.625, 8.406461810293631e-24, nan 
-41.125, -81.625, 9.18795471480278e-24, nan 
-40.875, -81.625, 1.1948477696982111e-23, nan 
-40.625, -81.625, 1.1218262681806838e-23, nan 
-40.375, -81.625, 9.537921037646136e-24, nan 
-40.125, -81.625, 8.408035807162445e-24, nan 
-39.875, -81.625, 9.683479192236205e-24, nan 
-39.625, -81.625, 7.043942859030444e-24, nan 
-39.375, -81.625, 5.725000712980498e-24, nan 
-39.125, -81.625, 6.705006798917079e-24, nan 
-38.875, -81.625, 1.2527387335139624e-23, nan 
-38.625, -81.625, 8.974378027354323e-24, nan 
-38.375, -81.625, 7.406590876029442e-24, nan 
-38.125, -81.625, 5.6928463991598415e-24, nan 
-37.875, -81.625, 7.462141722892742e-24, nan 
-37.625, -81.625, 7.224354651399943e-24, nan 
-37.375, -81.625, 5.390717146375453e-24, nan 
-37.125, -81.625, 5.61666823413804e-24, nan 
-36.875, -81.625, 4.360675755404196e-24, nan 
-36.625, -81.625, 4.192990417477649e-24, nan 
-36.375, -81.625, 4.10429004184925e-24, nan 
-36.125, -81.625, 4.684403189713483e-24, nan 
-35.875, -81.625, 6.0886235521762524e-24, nan 
-35.625, -81.625, 6.0423864741641046e-24, nan 
-35.375, -81.625, 6.164046831536705e-24, nan 
-35.125, -81.625, 7.18658137851985e-24, nan 
-34.875, -81.625, 7.299925793114525e-24, nan 
-34.625, -81.625, 7.037380851890945e-24, nan 
-34.375, -81.625, 5.37938447016356e-24, nan 
-34.125, -81.625, 4.645983235601312e-24, nan 
-33.875, -81.625, 5.0853266531682884e-24, nan 
-33.625, -81.625, 6.046904814988554e-24, nan 
-33.375, -81.625, 8.542884366590814e-24, nan 
-33.125, -81.625, 1.0816764014449037e-23, nan 
-32.875, -81.625, 1.2476876805561302e-23, nan 
-32.625, -81.625, 9.057799959389587e-24, nan 
-32.375, -81.625, 9.979599570515584e-24, nan 
-32.125, -81.625, 1.0121057732769084e-23, nan 
-31.875, -81.625, 6.867658293055557e-24, nan 
-31.625, -81.625, 8.856719069180315e-24, nan 
-31.375, -81.625, 6.783625304425303e-24, nan 
-31.125, -81.625, 1.074987013908317e-23, nan 
-30.875, -81.625, 8.750780541123313e-24, nan 
-30.625, -81.625, 1.1238206771047675e-23, nan 
-30.375, -81.625, 4.8290621016339375e-24, nan 
-30.125, -81.625, 7.599910752375539e-24, nan 
-29.875, -81.625, 8.083821042217265e-24, nan 
-29.625, -81.625, 3.2549188996552715e-24, nan 
-29.375, -81.625, 2.970098915294927e-24, nan 
-29.125, -81.625, 3.730304220971778e-24, nan 
-28.875, -81.625, 6.5792546509024944e-24, nan 
-28.625, -81.625, 3.9947715318536195e-24, nan 
-28.375, -81.625, 3.638761711425875e-24, nan 
-28.125, -81.625, 3.256242829190146e-24, nan 
-27.875, -81.625, 3.708640607368034e-24, nan 
-27.625, -81.625, 5.0029131500110914e-24, nan 
-27.375, -81.625, 6.621485992627452e-24, nan 
-27.125, -81.625, 7.106528864038953e-24, nan 
-26.875, -81.625, 5.093105859927625e-24, nan 
-26.625, -81.625, 7.197578946053088e-24, nan 
-26.375, -81.625, 9.703891711172206e-24, nan 
-26.125, -81.625, 8.107591832693706e-24, nan 
-25.875, -81.625, 6.79728222739347e-24, nan 
-25.625, -81.625, 6.610221054393631e-24, nan 
-25.375, -81.625, 7.574578997498324e-24, nan 
-25.125, -81.625, 5.590943060670373e-24, nan 
-24.875, -81.625, 6.187272383573996e-24, nan 
-24.625, -81.625, 1.008073569533841e-23, nan 
-24.375, -81.625, 1.2384582480921858e-23, nan 
-24.125, -81.625, 1.1924417409614547e-23, nan 
-23.875, -81.625, 1.0538567670021091e-23, nan 
-23.625, -81.625, 1.3078076323406039e-23, nan 
-23.375, -81.625, 1.274932788839908e-23, nan 
-23.125, -81.625, 1.2258701835407041e-23, nan 
-22.875, -81.625, 1.30262767260763e-23, nan 
-22.625, -81.625, 1.1526334679270865e-23, nan 
-22.375, -81.625, 9.64897709589931e-24, nan 
-22.125, -81.625, 1.1784794775749808e-23, nan 
-21.875, -81.625, 1.0063648920028583e-23, nan 
-21.625, -81.625, 7.493755399926657e-24, nan 
-21.375, -81.625, 3.829576553080976e-24, nan 
-21.125, -81.625, 2.241053630806975e-24, nan 
-20.875, -81.625, 2.9145982800715442e-24, nan 
-20.625, -81.625, 5.2752628928451555e-24, nan 
-20.375, -81.625, 7.357634614670302e-24, nan 
-20.125, -81.625, 7.317690369602953e-24, nan 
-19.875, -81.625, 5.688255943767772e-24, nan 
-19.625, -81.625, 6.758451981057065e-24, nan 
-19.375, -81.625, 8.132189040820801e-24, nan 
-19.125, -81.625, 9.277761319232639e-24, nan 
-18.875, -81.625, 1.2018372989224712e-23, nan 
-18.625, -81.625, 1.3669113586150628e-23, nan 
-18.375, -81.625, 1.3639557818038613e-23, nan 
-18.125, -81.625, 1.0175449221273965e-23, nan 
-17.875, -81.625, 7.066377075527628e-24, nan 
-17.625, -81.625, 7.51610458182805e-24, nan 
-17.375, -81.625, 9.939327713436249e-24, nan 
-17.125, -81.625, 1.1609858079101791e-23, nan 
-16.875, -81.625, 1.2173649708882226e-23, nan 
-16.625, -81.625, 1.1643382844926877e-23, nan 
-16.375, -81.625, 8.984218429691494e-24, nan 
-16.125, -81.625, 6.307093942699198e-24, nan 
-15.875, -81.625, 6.434423911419293e-24, nan 
-15.625, -81.625, 5.53959018935561e-24, nan 
-15.375, -81.625, 4.9791665962980476e-24, nan 
-15.125, -81.625, 4.739846428013375e-24, nan 
-14.875, -81.625, 5.137281969633665e-24, nan 
-14.625, -81.625, 4.4518376865078455e-24, nan 
-14.375, -81.625, 4.207106497815283e-24, nan 
-14.125, -81.625, 4.2022289450162376e-24, nan 
-13.875, -81.625, 4.305142832172949e-24, nan 
-13.625, -81.625, 4.4572747622203694e-24, nan 
-13.375, -81.625, 3.581554889657541e-24, nan 
-13.125, -81.625, 4.306433294677159e-24, nan 
-12.875, -81.625, 3.6337434739522775e-24, nan 
-12.625, -81.625, 4.016767052568264e-24, nan 
-12.375, -81.625, 4.742230616596938e-24, nan 
-12.125, -81.625, 4.7131083966533824e-24, nan 
-11.875, -81.625, 4.290163643314613e-24, nan 
-11.625, -81.625, 4.4442247449740005e-24, nan 
-11.375, -81.625, 4.364913189181087e-24, nan 
-11.125, -81.625, 3.620514213686161e-24, nan 
-10.875, -81.625, 4.2653376316190464e-24, nan 
-10.625, -81.625, 4.3589621726676966e-24, nan 
-10.375, -81.625, 4.871386826699738e-24, nan 
-10.125, -81.625, 4.7601706912097995e-24, nan 
-9.875, -81.625, 6.1265590259897515e-24, nan 
-9.625, -81.625, 5.537493136660259e-24, nan 
-9.375, -81.625, 5.930647544675593e-24, nan 
-9.125, -81.625, 6.0515729410149106e-24, nan 
-8.875, -81.625, 6.621058268308112e-24, nan 
-8.625, -81.625, 6.491115772749021e-24, nan 
-8.375, -81.625, 6.486208744165138e-24, nan 
-8.125, -81.625, 6.94080402422398e-24, nan 
-7.875, -81.625, 6.831744825548965e-24, nan 
-7.625, -81.625, 4.588535522520428e-24, nan 
-7.375, -81.625, 3.921169404599536e-24, nan 
-7.125, -81.625, 6.677105276677876e-24, nan 
-6.875, -81.625, 1.0252998833326207e-23, nan 
-6.625, -81.625, 1.2409658957167537e-23, nan 
-6.375, -81.625, 1.1711272935367338e-23, nan 
-6.125, -81.625, 1.673277053545656e-23, nan 
-5.875, -81.625, 1.490220618544585e-23, nan 
-5.625, -81.625, 1.5080599579562077e-23, nan 
-5.375, -81.625, 1.4033531105693268e-23, nan 
-5.125, -81.625, 1.515925235482705e-23, nan 
-4.875, -81.625, 1.6528101400346437e-23, nan 
-4.625, -81.625, 1.6260335697780312e-23, nan 
-4.375, -81.625, 1.9366438163330824e-23, nan 
-4.125, -81.625, 1.962387046267037e-23, nan 
-3.875, -81.625, 1.8193290144338703e-23, nan 
-3.625, -81.625, 1.3251834199483737e-23, nan 
-3.375, -81.625, 7.835477863417426e-24, nan 
-3.125, -81.625, 4.121801350728321e-24, nan 
-2.875, -81.625, 4.440267316604647e-24, nan 
-2.625, -81.625, 3.2691600289859074e-24, nan 
-2.375, -81.625, 2.9980681291280673e-24, nan 
-2.125, -81.625, 3.996873059786118e-24, nan 
-1.875, -81.625, 4.594550209971343e-24, nan 
-1.625, -81.625, 4.875774035076623e-24, nan 
-1.375, -81.625, 3.789844630009947e-24, nan 
-1.125, -81.625, 5.616824172931949e-24, nan 
-0.875, -81.625, 7.154540661969536e-24, nan 
-0.625, -81.625, 7.363529375110383e-24, nan 
-0.375, -81.625, 8.164443259122923e-24, nan 
-0.125, -81.625, 8.627065947868743e-24, nan 
0.125, -81.625, 8.329827042738666e-24, nan 
0.375, -81.625, 9.307110079775249e-24, nan 
0.625, -81.625, 9.152665586913314e-24, nan 
0.875, -81.625, 7.805333779696625e-24, nan 
1.125, -81.625, 6.934067769998178e-24, nan 
1.375, -81.625, 1.9742161460732586e-24, nan 
1.625, -81.625, 1.9272147879309e-24, nan 
1.875, -81.625, 4.894425586963859e-24, nan 
2.125, -81.625, 6.787384510237942e-24, nan 
2.375, -81.625, 7.186864564692657e-24, nan 
2.625, -81.625, 9.718554755101267e-24, nan 
2.875, -81.625, 8.334618369373429e-24, nan 
3.125, -81.625, 4.344966946150296e-24, nan 
3.375, -81.625, 4.6436482083592175e-24, nan 
3.625, -81.625, 5.6111825371700834e-24, nan 
3.875, -81.625, 7.227873934837346e-24, nan 
4.125, -81.625, 9.617118734697292e-24, nan 
4.375, -81.625, 9.542086592432927e-24, nan 
4.625, -81.625, 8.271795190885582e-24, nan 
4.875, -81.625, 6.465001566438688e-24, nan 
5.125, -81.625, 6.123226791306337e-24, nan 
5.375, -81.625, 5.975447289112665e-24, nan 
5.625, -81.625, 6.821569346744299e-24, nan 
5.875, -81.625, 1.088322686286372e-23, nan 
6.125, -81.625, 1.1386119451331582e-23, nan 
6.375, -81.625, 1.1342811975512129e-23, nan 
6.625, -81.625, 1.1306109584713719e-23, nan 
6.875, -81.625, 9.35972264284113e-24, nan 
7.125, -81.625, 7.720513528771346e-24, nan 
7.375, -81.625, 7.712650533755753e-24, nan 
7.625, -81.625, 1.0932529106925012e-23, nan 
7.875, -81.625, 1.1894827928100773e-23, nan 
8.125, -81.625, 1.442062077873888e-23, nan 
8.375, -81.625, 1.662549613535113e-23, nan 
8.625, -81.625, 1.7090655346776086e-23, nan 
8.875, -81.625, 2.1914685977229022e-23, nan 
9.125, -81.625, 3.0627012155030727e-23, nan 
9.375, -81.625, 2.919252145386523e-23, nan 
9.625, -81.625, 3.002206736227894e-23, nan 
9.875, -81.625, 3.498363205388151e-23, nan 
10.125, -81.625, 3.335400802132023e-23, nan 
10.375, -81.625, 3.040704249196807e-23, nan 
10.625, -81.625, 3.6485109948056335e-23, nan 
10.875, -81.625, 3.6211045686714395e-23, nan 
11.125, -81.625, 2.9846772514783893e-23, nan 
11.375, -81.625, 2.797666754936084e-23, nan 
11.625, -81.625, 3.5927809699668034e-23, nan 
11.875, -81.625, 3.355372728819305e-23, nan 
12.125, -81.625, 2.891988598293366e-23, nan 
12.375, -81.625, 3.6750071883789915e-23, nan 
-115.375, -81.375, 1.194097960929095e-24, nan 
-115.125, -81.375, 1.5022528464525975e-24, nan 
-114.875, -81.375, 1.0177292430012192e-24, nan 
-114.625, -81.375, 7.923157687298509e-25, nan 
-114.375, -81.375, 9.727390196831886e-25, nan 
-114.125, -81.375, 1.1310149026219109e-24, nan 
-113.875, -81.375, 1.5399769427040456e-24, nan 
-113.625, -81.375, 1.5049859055665258e-24, nan 
-113.375, -81.375, 2.6121854586079537e-24, nan 
-113.125, -81.375, 1.8533324726514508e-24, nan 
-112.875, -81.375, 1.9492359254631043e-24, nan 
-112.625, -81.375, 2.0753693953757128e-24, nan 
-112.375, -81.375, 2.1544097962888544e-24, nan 
-112.125, -81.375, 2.1498669211700144e-24, nan 
-111.875, -81.375, 2.019510937781615e-24, nan 
-111.625, -81.375, 2.329577582177901e-24, nan 
-111.375, -81.375, 2.7623719720997724e-24, nan 
-111.125, -81.375, 2.7971682397449724e-24, nan 
-110.875, -81.375, 2.778168304554182e-24, nan 
-110.625, -81.375, 3.0561941572871238e-24, nan 
-110.375, -81.375, 3.488072017754543e-24, nan 
-110.125, -81.375, 3.2206211322988748e-24, nan 
-109.875, -81.375, 3.925345169427005e-24, nan 
-109.625, -81.375, 4.27893396608281e-25, nan 
-109.375, -81.375, 4.78892887588077e-25, nan 
-109.125, -81.375, 6.44653123241857e-25, nan 
-108.875, -81.375, 6.217364851620529e-25, nan 
-108.625, -81.375, 8.223928910626152e-25, nan 
-108.375, -81.375, 6.2152179425048345e-25, nan 
-108.125, -81.375, 7.204996563910409e-25, nan 
-107.875, -81.375, 9.411066749797095e-25, nan 
-107.625, -81.375, 9.35216717797221e-25, nan 
-107.375, -81.375, 1.2730009392240962e-24, nan 
-107.125, -81.375, 1.4231528720856206e-24, nan 
-106.875, -81.375, 1.841904592476148e-24, nan 
-106.625, -81.375, 1.8568631009462443e-24, nan 
-106.375, -81.375, 2.2608011026032548e-24, nan 
-106.125, -81.375, 2.054283675721477e-24, nan 
-105.875, -81.375, 1.9852340347395665e-24, nan 
-105.625, -81.375, 1.6787894535464673e-24, nan 
-105.375, -81.375, 1.747040052350828e-24, nan 
-105.125, -81.375, 1.9462722274395815e-24, nan 
-104.875, -81.375, 2.1415785360337015e-24, nan 
-104.625, -81.375, 2.6232972744673695e-24, nan 
-104.375, -81.375, 1.922850230756553e-24, nan 
-104.125, -81.375, 1.308362867637371e-24, nan 
-103.875, -81.375, 1.0988296997034202e-24, nan 
-103.625, -81.375, 1.3049956523698906e-24, nan 
-103.375, -81.375, 1.4710283187118312e-24, nan 
-103.125, -81.375, 1.5724713213717214e-24, nan 
-102.875, -81.375, 1.5220963321055623e-24, nan 
-102.625, -81.375, 1.1951849533302905e-24, nan 
-102.375, -81.375, 1.2479344317500982e-24, nan 
-102.125, -81.375, 1.110878489491904e-24, nan 
-101.875, -81.375, 1.617985469748374e-24, nan 
-101.625, -81.375, 2.116769971264315e-24, nan 
-101.375, -81.375, 2.2149182999463247e-24, nan 
-101.125, -81.375, 2.152655153527044e-24, nan 
-100.875, -81.375, 1.5290370142375044e-24, nan 
-100.625, -81.375, 1.584237438524669e-24, nan 
-100.375, -81.375, 1.3456328375594295e-24, nan 
-100.125, -81.375, 2.1265937142165756e-24, nan 
-99.875, -81.375, 2.084763099830206e-24, nan 
-99.625, -81.375, 2.4142531090558145e-24, nan 
-99.375, -81.375, 1.9939670682588465e-24, nan 
-99.125, -81.375, 2.100525100407513e-24, nan 
-98.875, -81.375, 2.3433763779556518e-24, nan 
-98.625, -81.375, 1.9963561338777737e-24, nan 
-98.375, -81.375, 2.7577073077660147e-24, nan 
-98.125, -81.375, 3.420678152942194e-24, nan 
-97.875, -81.375, 5.1971485985068955e-24, nan 
-97.625, -81.375, 6.074327758305942e-24, nan 
-97.375, -81.375, 2.738436404222507e-24, nan 
-97.125, -81.375, 3.867754443756316e-24, nan 
-96.875, -81.375, 4.073896834413724e-24, nan 
-96.625, -81.375, 4.109623231439927e-24, nan 
-96.375, -81.375, 4.636274554163952e-24, nan 
-96.125, -81.375, 5.009604594006059e-24, nan 
-95.875, -81.375, 4.88904383921549e-24, nan 
-95.625, -81.375, 2.875865642503033e-24, nan 
-95.375, -81.375, 3.804796860118727e-24, nan 
-95.125, -81.375, 3.914634695354188e-24, nan 
-94.875, -81.375, 3.745456352523753e-24, nan 
-94.625, -81.375, 4.641468693723341e-24, nan 
-94.375, -81.375, 4.306705521406189e-24, nan 
-94.125, -81.375, 2.9607009313271195e-24, nan 
-93.875, -81.375, 1.687556651751817e-24, nan 
-93.625, -81.375, 6.7471884187025705e-25, nan 
-93.375, -81.375, 2.6048797147016346e-24, nan 
-93.125, -81.375, 2.619153873862589e-24, nan 
-92.875, -81.375, 1.6136434248127499e-24, nan 
-92.625, -81.375, 1.7353424477339248e-24, nan 
-92.375, -81.375, 1.704578611578259e-24, nan 
-92.125, -81.375, 2.147556320458489e-24, nan 
-91.875, -81.375, 1.69978222443751e-24, nan 
-91.625, -81.375, 2.1520544600442582e-24, nan 
-91.375, -81.375, 4.752102656849299e-24, nan 
-91.125, -81.375, 4.980640531716242e-24, nan 
-90.875, -81.375, 6.145516495461144e-24, nan 
-90.625, -81.375, 3.622705690999683e-24, nan 
-90.375, -81.375, 3.4860511186112284e-24, nan 
-90.125, -81.375, 2.9009148946562107e-24, nan 
-89.875, -81.375, 2.1189949071782512e-24, nan 
-89.625, -81.375, 4.550146891749583e-24, nan 
-89.375, -81.375, 4.3367672278852895e-24, nan 
-89.125, -81.375, 3.82039038687911e-24, nan 
-88.875, -81.375, 3.0527970680539934e-24, nan 
-88.625, -81.375, 3.554903569147552e-24, nan 
-88.375, -81.375, 2.6236623012575668e-24, nan 
-88.125, -81.375, 2.243398410611787e-24, nan 
-87.875, -81.375, 1.9635278149699424e-24, nan 
-87.625, -81.375, 3.733676761305163e-24, nan 
-87.375, -81.375, 3.716056327362531e-24, nan 
-87.125, -81.375, 3.6972937332148354e-24, nan 
-86.875, -81.375, 6.214753354387829e-24, nan 
-86.625, -81.375, 4.01487540128602e-24, nan 
-86.375, -81.375, 3.638112938644727e-24, nan 
-86.125, -81.375, 2.222998014500331e-24, nan 
-85.875, -81.375, 2.127872002308552e-24, nan 
-85.625, -81.375, 5.336843825763919e-24, nan 
-85.375, -81.375, 7.366404104900004e-24, nan 
-85.125, -81.375, 8.927313861459462e-24, nan 
-84.875, -81.375, 8.086585859667349e-24, nan 
-84.625, -81.375, 5.436553763941723e-24, nan 
-84.375, -81.375, 3.7193670935034995e-24, nan 
-84.125, -81.375, 3.2375263871105888e-24, nan 
-83.875, -81.375, 6.9532443886421e-24, nan 
-83.625, -81.375, 1.0976619892405972e-23, nan 
-83.375, -81.375, 1.1454807232281131e-23, nan 
-83.125, -81.375, 9.15154862937814e-24, nan 
-82.875, -81.375, 5.863403894315559e-24, nan 
-82.625, -81.375, 3.0982256005452726e-24, nan 
-82.375, -81.375, 3.507834817851785e-24, nan 
-82.125, -81.375, 2.3220594976061093e-24, nan 
-81.875, -81.375, 5.304843281605614e-24, nan 
-81.625, -81.375, 6.927924124821085e-24, nan 
-81.375, -81.375, 5.929221647727012e-24, nan 
-81.125, -81.375, 5.533346456985378e-24, nan 
-80.875, -81.375, 5.897027755329897e-24, nan 
-80.625, -81.375, 8.476084726329613e-24, nan 
-80.375, -81.375, 8.228090772562594e-24, nan 
-80.125, -81.375, 1.1145399856319037e-23, nan 
-79.875, -81.375, 1.0396264391131722e-23, nan 
-79.625, -81.375, 8.189508635839862e-24, nan 
-79.375, -81.375, 8.226045746780101e-24, nan 
-79.125, -81.375, 1.001433063336088e-23, nan 
-78.875, -81.375, 1.1659944060285137e-23, nan 
-78.625, -81.375, 1.3306282213965454e-23, nan 
-78.375, -81.375, 1.5606077812344568e-23, nan 
-78.125, -81.375, 1.5944462558247168e-23, nan 
-77.875, -81.375, 1.410423152078551e-23, nan 
-77.625, -81.375, 1.2740473312261762e-23, nan 
-77.375, -81.375, 1.5942971587807375e-23, nan 
-77.125, -81.375, 1.730675677585677e-23, nan 
-76.875, -81.375, 1.4430945345103973e-23, nan 
-76.625, -81.375, 1.1344442234630531e-23, nan 
-76.375, -81.375, 1.1079094646270164e-23, nan 
-76.125, -81.375, 1.197480913187275e-23, nan 
-75.875, -81.375, 1.3068116025639371e-23, nan 
-75.625, -81.375, 1.6682292228383878e-23, nan 
-75.375, -81.375, 1.8097343731555852e-23, nan 
-75.125, -81.375, 1.4200618769527434e-23, nan 
-74.875, -81.375, 1.4801901110519685e-23, nan 
-74.625, -81.375, 1.6367818654138673e-23, nan 
-74.375, -81.375, 1.7204998786172522e-23, nan 
-74.125, -81.375, 1.8296677159184988e-23, nan 
-73.875, -81.375, 1.2916830923540891e-23, nan 
-73.625, -81.375, 1.514220698276739e-23, nan 
-73.375, -81.375, 1.3869618032309877e-23, nan 
-73.125, -81.375, 1.4417418534596503e-23, nan 
-72.875, -81.375, 1.9377613233205824e-23, nan 
-72.625, -81.375, 1.1644557243737343e-23, nan 
-72.375, -81.375, 8.829596366923769e-24, nan 
-72.125, -81.375, 1.4655720303910628e-23, nan 
-71.875, -81.375, 1.0319399441282325e-23, nan 
-71.625, -81.375, 1.126333787430202e-23, nan 
-71.375, -81.375, 2.6033123176114755e-23, nan 
-71.125, -81.375, 3.188860490598925e-23, nan 
-70.875, -81.375, 2.2052920710652588e-23, nan 
-70.625, -81.375, 1.0709958839893243e-23, nan 
-70.375, -81.375, 5.476198519868071e-24, nan 
-70.125, -81.375, 7.433957381602442e-24, nan 
-69.875, -81.375, 9.567667087649944e-24, nan 
-69.625, -81.375, 1.635896788587343e-23, nan 
-69.375, -81.375, 2.01230525760785e-23, nan 
-69.125, -81.375, 1.939302685158858e-23, nan 
-68.875, -81.375, 1.518088731345988e-23, nan 
-68.625, -81.375, 1.6574418258311833e-23, nan 
-68.375, -81.375, 1.4194682844914207e-23, nan 
-68.125, -81.375, 1.8598799576156935e-23, nan 
-67.875, -81.375, 1.716898900427307e-23, nan 
-67.625, -81.375, 1.6705436521113483e-23, nan 
-67.375, -81.375, 2.3827495272508785e-23, nan 
-67.125, -81.375, 2.249594437210009e-23, nan 
-66.875, -81.375, 1.868294574703005e-23, nan 
-66.625, -81.375, 1.2042163769953186e-23, nan 
-66.375, -81.375, 1.720100317034579e-23, nan 
-66.125, -81.375, 1.6201809298191055e-23, nan 
-65.875, -81.375, 1.4584637790749233e-23, nan 
-65.625, -81.375, 2.0004352847940428e-23, nan 
-65.375, -81.375, 1.8276084590324706e-23, nan 
-65.125, -81.375, 1.751741755565255e-23, nan 
-64.875, -81.375, 1.665985759457376e-23, nan 
-64.625, -81.375, 1.9858554348138573e-23, nan 
-64.375, -81.375, 2.4213159194921448e-23, nan 
-64.125, -81.375, 2.3442306354337728e-23, nan 
-63.875, -81.375, 2.24829770973739e-23, nan 
-63.625, -81.375, 1.967717661570114e-23, nan 
-63.375, -81.375, 1.9824170766860463e-23, nan 
-63.125, -81.375, 1.6082991429929086e-23, nan 
-62.875, -81.375, 2.3198970081748744e-23, nan 
-62.625, -81.375, 2.7120255944578554e-23, nan 
-62.375, -81.375, 2.721359814017276e-23, nan 
-62.125, -81.375, 2.4003232246434205e-23, nan 
-61.875, -81.375, 2.018176509944115e-23, nan 
-61.625, -81.375, 1.961240150819755e-23, nan 
-61.375, -81.375, 1.400537213474607e-23, nan 
-61.125, -81.375, 1.4204805899243142e-23, nan 
-60.875, -81.375, 2.1268390065362874e-23, nan 
-60.625, -81.375, 1.6394531791063237e-23, nan 
-60.375, -81.375, 1.3813822118425978e-23, nan 
-60.125, -81.375, 8.582536774267504e-24, nan 
-59.875, -81.375, 1.1343329383949119e-23, nan 
-59.625, -81.375, 1.1810207046852549e-23, nan 
-59.375, -81.375, 1.2564467247045161e-23, nan 
-59.125, -81.375, 1.4835471345815357e-23, nan 
-58.875, -81.375, 1.3180253323310836e-23, nan 
-58.625, -81.375, 1.351564760299938e-23, nan 
-58.375, -81.375, 5.502654276328833e-24, nan 
-58.125, -81.375, 9.098630119281296e-24, nan 
-57.875, -81.375, 8.26977155438081e-24, nan 
-57.625, -81.375, 3.758839898781529e-24, nan 
-57.375, -81.375, 4.126119942864096e-24, nan 
-57.125, -81.375, 4.5326514535510795e-24, nan 
-56.875, -81.375, 4.486451333910773e-24, nan 
-56.625, -81.375, 3.821845725334257e-24, nan 
-56.375, -81.375, 4.971023022249124e-24, nan 
-56.125, -81.375, 4.333518524749599e-24, nan 
-55.875, -81.375, 5.7153302514294556e-24, nan 
-55.625, -81.375, 2.3130371301244755e-24, nan 
-55.375, -81.375, 2.108446643414143e-24, nan 
-55.125, -81.375, 1.560420202957798e-24, nan 
-54.875, -81.375, 1.5903465373594439e-24, nan 
-54.625, -81.375, 2.7159196588075993e-24, nan 
-54.375, -81.375, 3.2869670619792864e-24, nan 
-54.125, -81.375, 1.9368392596735515e-24, nan 
-53.875, -81.375, 1.4147174604007478e-24, nan 
-53.625, -81.375, 1.2039151363559108e-24, nan 
-53.375, -81.375, 7.495818603100217e-25, nan 
-53.125, -81.375, 1.1833546240354548e-24, nan 
-52.875, -81.375, 4.8609845578923486e-24, nan 
-52.625, -81.375, 6.1540984803147396e-24, nan 
-52.375, -81.375, 3.437055813562468e-24, nan 
-52.125, -81.375, 2.4632228975140337e-24, nan 
-51.875, -81.375, 1.7750436848715076e-24, nan 
-51.625, -81.375, 1.0927038988473131e-24, nan 
-51.375, -81.375, 1.1605181678523967e-24, nan 
-51.125, -81.375, 2.708781001704498e-24, nan 
-50.875, -81.375, 3.7377443633609145e-24, nan 
-50.625, -81.375, 2.485526671837278e-24, nan 
-50.375, -81.375, 1.5076168471738028e-24, nan 
-50.125, -81.375, 1.139277909689798e-24, nan 
-49.875, -81.375, 1.5867562697867592e-24, nan 
-49.625, -81.375, 1.6609181591584934e-24, nan 
-49.375, -81.375, 1.5399125039150878e-24, nan 
-49.125, -81.375, 1.876198028663674e-24, nan 
-48.875, -81.375, 1.376660460394191e-24, nan 
-48.625, -81.375, 8.090800883539911e-25, nan 
-48.375, -81.375, 1.5537455008782041e-24, nan 
-48.125, -81.375, 2.3905280683052523e-24, nan 
-47.875, -81.375, 2.298198211793645e-24, nan 
-47.625, -81.375, 1.4660690797460056e-24, nan 
-47.375, -81.375, 1.7063432956177645e-24, nan 
-47.125, -81.375, 1.2560149955671009e-24, nan 
-46.875, -81.375, 1.0347774206899868e-24, nan 
-46.625, -81.375, 1.380260112474183e-24, nan 
-46.375, -81.375, 1.3905176968114936e-24, nan 
-46.125, -81.375, 1.4788167677558924e-24, nan 
-45.875, -81.375, 9.808390447148752e-25, nan 
-45.625, -81.375, 7.189726260403813e-25, nan 
-45.375, -81.375, 1.4500358884009647e-24, nan 
-45.125, -81.375, 1.651248526234547e-24, nan 
-44.875, -81.375, 2.0709326060045542e-24, nan 
-44.625, -81.375, 2.9135463248111875e-24, nan 
-44.375, -81.375, 2.4648650946720423e-24, nan 
-44.125, -81.375, 3.3586311643483375e-24, nan 
-43.875, -81.375, 3.501034516817555e-24, nan 
-43.625, -81.375, 5.4563030008772544e-24, nan 
-43.375, -81.375, 4.808843855208676e-24, nan 
-43.125, -81.375, 5.232145294843854e-24, nan 
-42.875, -81.375, 5.6167506451206225e-24, nan 
-42.625, -81.375, 5.864639840463786e-24, nan 
-42.375, -81.375, 6.384050249734785e-24, nan 
-42.125, -81.375, 6.20357318370194e-24, nan 
-41.875, -81.375, 7.109688015710781e-24, nan 
-41.625, -81.375, 6.4282547026053166e-24, nan 
-41.375, -81.375, 6.652052808156818e-24, nan 
-41.125, -81.375, 6.104396785924657e-24, nan 
-40.875, -81.375, 5.780800107018642e-24, nan 
-40.625, -81.375, 7.278595380748449e-24, nan 
-40.375, -81.375, 6.234886000192415e-24, nan 
-40.125, -81.375, 9.877878103179943e-24, nan 
-39.875, -81.375, 8.707828285940614e-24, nan 
-39.625, -81.375, 9.51264558898266e-24, nan 
-39.375, -81.375, 8.672081984588066e-24, nan 
-39.125, -81.375, 6.806504287047153e-24, nan 
-38.875, -81.375, 1.3061004210426941e-23, nan 
-38.625, -81.375, 9.230795155653883e-24, nan 
-38.375, -81.375, 1.5083929545229964e-23, nan 
-38.125, -81.375, 1.2940973505935676e-23, nan 
-37.875, -81.375, 1.5265530400070258e-23, nan 
-37.625, -81.375, 1.2905186988252322e-23, nan 
-37.375, -81.375, 6.192305027229029e-24, nan 
-37.125, -81.375, 6.765649989257089e-24, nan 
-36.875, -81.375, 5.2049543467296645e-24, nan 
-36.625, -81.375, 1.3305640106026327e-23, nan 
-36.375, -81.375, 1.2061673312768989e-23, nan 
-36.125, -81.375, 1.2278492437599561e-23, nan 
-35.875, -81.375, 9.989279783834376e-24, nan 
-35.625, -81.375, 5.8790105576426565e-24, nan 
-35.375, -81.375, 3.309077539148633e-24, nan 
-35.125, -81.375, 2.887098649325545e-24, nan 
-34.875, -81.375, 2.7645786709117515e-24, nan 
-34.625, -81.375, 3.319740242358246e-24, nan 
-34.375, -81.375, 3.2413720476379055e-24, nan 
-34.125, -81.375, 2.159880926938832e-24, nan 
-33.875, -81.375, 2.3976821147484497e-24, nan 
-33.625, -81.375, 5.3402066647811836e-24, nan 
-33.375, -81.375, 8.27084915881235e-24, nan 
-33.125, -81.375, 1.1425774569180453e-23, nan 
-32.875, -81.375, 1.0691990008171749e-23, nan 
-32.625, -81.375, 8.201683417019452e-24, nan 
-32.375, -81.375, 4.861146257772637e-24, nan 
-32.125, -81.375, 4.280657726026803e-24, nan 
-31.875, -81.375, 5.129639467912216e-24, nan 
-31.625, -81.375, 7.156575605472204e-24, nan 
-31.375, -81.375, 6.646818738186023e-24, nan 
-31.125, -81.375, 8.571542410166692e-24, nan 
-30.875, -81.375, 7.989962066255824e-24, nan 
-30.625, -81.375, 6.7757116370824e-24, nan 
-30.375, -81.375, 5.233179715308656e-24, nan 
-30.125, -81.375, 5.005035172133521e-24, nan 
-29.875, -81.375, 4.154295386637791e-24, nan 
-29.625, -81.375, 4.369689475771532e-24, nan 
-29.375, -81.375, 5.501882504781691e-24, nan 
-29.125, -81.375, 6.2627517356598594e-24, nan 
-28.875, -81.375, 4.46008485177305e-24, nan 
-28.625, -81.375, 3.8225776145674685e-24, nan 
-28.375, -81.375, 6.3422167625347816e-24, nan 
-28.125, -81.375, 6.563320205674607e-24, nan 
-27.875, -81.375, 6.618858370713651e-24, nan 
-27.625, -81.375, 7.024437852196371e-24, nan 
-27.375, -81.375, 7.762751196675755e-24, nan 
-27.125, -81.375, 6.101642495470572e-24, nan 
-26.875, -81.375, 4.4051500133340245e-24, nan 
-26.625, -81.375, 9.135134515211653e-24, nan 
-26.375, -81.375, 1.0966155305225493e-23, nan 
-26.125, -81.375, 9.606240205225481e-24, nan 
-25.875, -81.375, 7.078074720453768e-24, nan 
-25.625, -81.375, 2.262572817580426e-24, nan 
-25.375, -81.375, 3.4722169323346596e-24, nan 
-25.125, -81.375, 4.101113312296483e-24, nan 
-24.875, -81.375, 6.099337433551276e-24, nan 
-24.625, -81.375, 7.342306566886988e-24, nan 
-24.375, -81.375, 7.256844925619422e-24, nan 
-24.125, -81.375, 5.174612490329561e-24, nan 
-23.875, -81.375, 3.184631315239543e-24, nan 
-23.625, -81.375, 4.252242407535797e-24, nan 
-23.375, -81.375, 5.031258905485358e-24, nan 
-23.125, -81.375, 6.851072822176574e-24, nan 
-22.875, -81.375, 6.636341138883407e-24, nan 
-22.625, -81.375, 5.622788165511316e-24, nan 
-22.375, -81.375, 6.59332460210959e-24, nan 
-22.125, -81.375, 6.882345522895172e-24, nan 
-21.875, -81.375, 6.191263931070574e-24, nan 
-21.625, -81.375, 5.712536698200567e-24, nan 
-21.375, -81.375, 5.357261062736677e-24, nan 
-21.125, -81.375, 5.009204010129913e-24, nan 
-20.875, -81.375, 5.077626572290766e-24, nan 
-20.625, -81.375, 5.991209901527564e-24, nan 
-20.375, -81.375, 1.2675682142829412e-23, nan 
-20.125, -81.375, 2.2920526796431618e-23, nan 
-19.875, -81.375, 3.289882207243864e-23, nan 
-19.625, -81.375, 3.434166511712015e-23, nan 
-19.375, -81.375, 3.647680953312313e-23, nan 
-19.125, -81.375, 4.5353216752778204e-23, nan 
-18.875, -81.375, 4.234972792800723e-23, nan 
-18.625, -81.375, 3.1731033872065385e-23, nan 
-18.375, -81.375, 1.5146946893229695e-23, nan 
-18.125, -81.375, 1.3750780169848277e-23, nan 
-17.875, -81.375, 1.3560362209428072e-23, nan 
-17.625, -81.375, 1.5152046354134145e-23, nan 
-17.375, -81.375, 1.506397250664163e-23, nan 
-17.125, -81.375, 1.2634588129353536e-23, nan 
-16.875, -81.375, 8.85406016132661e-24, nan 
-16.625, -81.375, 7.126689737323936e-24, nan 
-16.375, -81.375, 1.0140155898423587e-23, nan 
-16.125, -81.375, 8.154678800962289e-24, nan 
-15.875, -81.375, 6.5043488741698856e-24, nan 
-15.625, -81.375, 5.808409107849587e-24, nan 
-15.375, -81.375, 5.621712043106909e-24, nan 
-15.125, -81.375, 5.3662865540852955e-24, nan 
-14.875, -81.375, 5.3937463378176774e-24, nan 
-14.625, -81.375, 4.89704881518071e-24, nan 
-14.375, -81.375, 4.402294173561001e-24, nan 
-14.125, -81.375, 4.058243666557668e-24, nan 
-13.875, -81.375, 4.519575365197618e-24, nan 
-13.625, -81.375, 4.720297090906525e-24, nan 
-13.375, -81.375, 3.896962803722513e-24, nan 
-13.125, -81.375, 3.434974210980811e-24, nan 
-12.875, -81.375, 3.717284408250868e-24, nan 
-12.625, -81.375, 4.181851586997824e-24, nan 
-12.375, -81.375, 4.437559294956129e-24, nan 
-12.125, -81.375, 4.261796893665002e-24, nan 
-11.875, -81.375, 3.751635251975118e-24, nan 
-11.625, -81.375, 4.3363784509025404e-24, nan 
-11.375, -81.375, 4.219986106117148e-24, nan 
-11.125, -81.375, 3.9197179809098885e-24, nan 
-10.875, -81.375, 3.9720163486297975e-24, nan 
-10.625, -81.375, 4.198476449257414e-24, nan 
-10.375, -81.375, 4.137092616689632e-24, nan 
-10.125, -81.375, 3.834809141843477e-24, nan 
-9.875, -81.375, 3.1545808125215466e-24, nan 
-9.625, -81.375, 3.96469487777971e-24, nan 
-9.375, -81.375, 2.8481682910731577e-24, nan 
-9.125, -81.375, 2.8421901108171594e-24, nan 
-8.875, -81.375, 2.5783928265909278e-24, nan 
-8.625, -81.375, 2.419516464605016e-24, nan 
-8.375, -81.375, 3.070158955153411e-24, nan 
-8.125, -81.375, 2.6759629478341005e-24, nan 
-7.875, -81.375, 2.8744793679515136e-24, nan 
-7.625, -81.375, 2.9988424228186785e-24, nan 
-7.375, -81.375, 3.322022110551718e-24, nan 
-7.125, -81.375, 2.493240316082245e-24, nan 
-6.875, -81.375, 3.952030128362398e-24, nan 
-6.625, -81.375, 3.9999098291920516e-24, nan 
-6.375, -81.375, 3.547288814047965e-24, nan 
-6.125, -81.375, 4.2529019738687855e-24, nan 
-5.875, -81.375, 3.551367165640204e-24, nan 
-5.625, -81.375, 4.133579988572293e-24, nan 
-5.375, -81.375, 7.605090860517682e-24, nan 
-5.125, -81.375, 1.286217254388583e-23, nan 
-4.875, -81.375, 1.6275852606451503e-23, nan 
-4.625, -81.375, 1.6644084283961546e-23, nan 
-4.375, -81.375, 1.8907286346282407e-23, nan 
-4.125, -81.375, 2.1479216902564457e-23, nan 
-3.875, -81.375, 2.0398733525794027e-23, nan 
-3.625, -81.375, 1.5139294854599465e-23, nan 
-3.375, -81.375, 1.6020704776463182e-23, nan 
-3.125, -81.375, 2.021765332533504e-23, nan 
-2.875, -81.375, 2.129079920943783e-23, nan 
-2.625, -81.375, 1.9766713270426442e-23, nan 
-2.375, -81.375, 1.9415623885456577e-23, nan 
-2.125, -81.375, 1.9052822210997775e-23, nan 
-1.875, -81.375, 1.4040630232148878e-23, nan 
-1.625, -81.375, 1.2229093578999208e-23, nan 
-1.375, -81.375, 1.112630035890605e-23, nan 
-1.125, -81.375, 1.2068875526410234e-23, nan 
-0.875, -81.375, 1.2578030649585877e-23, nan 
-0.625, -81.375, 1.158757784348601e-23, nan 
-0.375, -81.375, 1.2068324112577953e-23, nan 
-0.125, -81.375, 1.2044361401923917e-23, nan 
0.125, -81.375, 1.1954255954834312e-23, nan 
0.375, -81.375, 1.3211279780290294e-23, nan 
0.625, -81.375, 1.2080405972875994e-23, nan 
0.875, -81.375, 1.3876694608743972e-23, nan 
1.125, -81.375, 1.3854002524303202e-23, nan 
1.375, -81.375, 1.6170198729642394e-23, nan 
1.625, -81.375, 1.5537897083219528e-23, nan 
1.875, -81.375, 1.7228878959230073e-23, nan 
2.125, -81.375, 1.7133505236368707e-23, nan 
2.375, -81.375, 1.619776118768408e-23, nan 
2.625, -81.375, 1.6710683831491505e-23, nan 
2.875, -81.375, 1.4954013384945266e-23, nan 
3.125, -81.375, 1.6409707317311304e-23, nan 
3.375, -81.375, 1.3610604592655326e-23, nan 
3.625, -81.375, 5.790439432770303e-24, nan 
3.875, -81.375, 5.444846436263861e-24, nan 
4.125, -81.375, 8.708729491913763e-24, nan 
4.375, -81.375, 1.2623076462004623e-23, nan 
4.625, -81.375, 1.1687142124533984e-23, nan 
4.875, -81.375, 1.0950326389660134e-23, nan 
5.125, -81.375, 1.331263934888832e-23, nan 
5.375, -81.375, 1.357540311783302e-23, nan 
5.625, -81.375, 1.164785793342085e-23, nan 
5.875, -81.375, 1.1032547336902268e-23, nan 
6.125, -81.375, 1.086634607367599e-23, nan 
6.375, -81.375, 1.052437483149084e-23, nan 
6.625, -81.375, 1.057674635289196e-23, nan 
6.875, -81.375, 9.66596531536591e-24, nan 
7.125, -81.375, 1.1734142924792756e-23, nan 
7.375, -81.375, 1.333602057742942e-23, nan 
7.625, -81.375, 1.7291652645802207e-23, nan 
7.875, -81.375, 2.491813409121201e-23, nan 
8.125, -81.375, 2.1891766424963177e-23, nan 
8.375, -81.375, 2.0811893047316708e-23, nan 
8.625, -81.375, 2.1621205371701454e-23, nan 
8.875, -81.375, 2.154775350059343e-23, nan 
9.125, -81.375, 2.3375949064555627e-23, nan 
9.375, -81.375, 2.7319250777575225e-23, nan 
9.625, -81.375, 3.358662867496473e-23, nan 
9.875, -81.375, 3.4580042888201496e-23, nan 
10.125, -81.375, 3.784555973893937e-23, nan 
10.375, -81.375, 4.181642506759281e-23, nan 
10.625, -81.375, 4.502193889750143e-23, nan 
10.875, -81.375, 5.1658345755699225e-23, nan 
11.125, -81.375, 3.9585552029597827e-23, nan 
11.375, -81.375, 4.094121278867187e-23, nan 
11.625, -81.375, 5.502062228316621e-23, nan 
11.875, -81.375, 6.113703907299989e-23, nan 
12.125, -81.375, 6.897223313325664e-23, nan 
12.375, -81.375, 5.735653009237739e-23, nan 
12.625, -81.375, 5.371398945795427e-23, nan 
-115.625, -81.125, 1.1431947204159413e-24, nan 
-115.375, -81.125, 1.078324071611566e-24, nan 
-115.125, -81.125, 1.094064117947427e-24, nan 
-114.875, -81.125, 1.0082372483627268e-24, nan 
-114.625, -81.125, 9.270634570898426e-25, nan 
-114.375, -81.125, 8.333371085743117e-25, nan 
-114.125, -81.125, 8.573348794010125e-25, nan 
-113.875, -81.125, 8.789978545388933e-25, nan 
-113.625, -81.125, 9.91802097552207e-25, nan 
-113.375, -81.125, 1.246749102200852e-24, nan 
-113.125, -81.125, 1.5548283831528143e-24, nan 
-112.875, -81.125, 1.604144757100933e-24, nan 
-112.625, -81.125, 1.5717422758408601e-24, nan 
-112.375, -81.125, 1.427154832258655e-24, nan 
-112.125, -81.125, 1.769396676707581e-24, nan 
-111.875, -81.125, 2.1304118607577204e-24, nan 
-111.625, -81.125, 2.545509646718819e-24, nan 
-111.375, -81.125, 3.956241223187021e-24, nan 
-111.125, -81.125, 4.129518729801011e-24, nan 
-110.875, -81.125, 4.0882371618444156e-24, nan 
-110.625, -81.125, 4.150332701747993e-24, nan 
-110.375, -81.125, 4.656349264562936e-24, nan 
-110.125, -81.125, 4.3902441883558154e-24, nan 
-109.875, -81.125, 5.387915528127681e-24, nan 
-109.625, -81.125, 4.52365688231622e-24, nan 
-109.375, -81.125, 4.6263900119471104e-24, nan 
-109.125, -81.125, 4.843560320071341e-24, nan 
-108.875, -81.125, 4.69695177630307e-24, nan 
-108.625, -81.125, 2.908520727256371e-24, nan 
-108.375, -81.125, 2.974287983955129e-24, nan 
-108.125, -81.125, 3.394911945536047e-24, nan 
-107.875, -81.125, 4.918979413275099e-25, nan 
-107.625, -81.125, 5.007269343877906e-25, nan 
-107.375, -81.125, 6.166459527376032e-25, nan 
-107.125, -81.125, 7.752470127931687e-25, nan 
-106.875, -81.125, 7.8184307028015775e-25, nan 
-106.625, -81.125, 1.2833009344946095e-24, nan 
-106.375, -81.125, 1.210297914871215e-24, nan 
-106.125, -81.125, 5.057322883867913e-25, nan 
-105.875, -81.125, 8.404112913252565e-25, nan 
-105.625, -81.125, 1.3777578688041934e-24, nan 
-105.375, -81.125, 1.7704089456743082e-24, nan 
-105.125, -81.125, 2.2812084586833435e-24, nan 
-104.875, -81.125, 2.664965989180066e-24, nan 
-104.625, -81.125, 3.259629419104872e-24, nan 
-104.375, -81.125, 1.8286012323474857e-24, nan 
-104.125, -81.125, 1.2893327017468356e-24, nan 
-103.875, -81.125, 1.686758825236649e-24, nan 
-103.625, -81.125, 2.1026660856778593e-24, nan 
-103.375, -81.125, 2.2668994487278658e-24, nan 
-103.125, -81.125, 2.382388178033858e-24, nan 
-102.875, -81.125, 2.481689288392345e-24, nan 
-102.625, -81.125, 1.697066938439944e-24, nan 
-102.375, -81.125, 1.412281020209795e-24, nan 
-102.125, -81.125, 1.2149730908525359e-24, nan 
-101.875, -81.125, 1.2589029157634406e-24, nan 
-101.625, -81.125, 1.615864421004466e-24, nan 
-101.375, -81.125, 1.6742824056819938e-24, nan 
-101.125, -81.125, 1.5272771828113492e-24, nan 
-100.875, -81.125, 1.324317323732064e-24, nan 
-100.625, -81.125, 1.0719089127813772e-24, nan 
-100.375, -81.125, 1.0502826696863998e-24, nan 
-100.125, -81.125, 1.132406111554246e-24, nan 
-99.875, -81.125, 1.760743364603374e-24, nan 
-99.625, -81.125, 1.970403529877086e-24, nan 
-99.375, -81.125, 1.704358145762336e-24, nan 
-99.125, -81.125, 1.8142166421142353e-24, nan 
-98.875, -81.125, 1.5384198926841518e-24, nan 
-98.625, -81.125, 1.3278526036820547e-24, nan 
-98.375, -81.125, 1.687252852556106e-24, nan 
-98.125, -81.125, 1.8414087874928676e-24, nan 
-97.875, -81.125, 2.6015623799609087e-24, nan 
-97.625, -81.125, 2.9042653178090427e-24, nan 
-97.375, -81.125, 2.039125694717888e-24, nan 
-97.125, -81.125, 2.0172198465999816e-24, nan 
-96.875, -81.125, 1.8856573289420367e-24, nan 
-96.625, -81.125, 2.0644073892445604e-24, nan 
-96.375, -81.125, 1.8432678159447054e-24, nan 
-96.125, -81.125, 2.0820763334002748e-24, nan 
-95.875, -81.125, 1.95447468029672e-24, nan 
-95.625, -81.125, 2.5801792416671338e-24, nan 
-95.375, -81.125, 3.0847236035258102e-24, nan 
-95.125, -81.125, 2.6063372331006352e-24, nan 
-94.875, -81.125, 2.584780267176356e-24, nan 
-94.625, -81.125, 3.27113587624072e-24, nan 
-94.375, -81.125, 3.9554137277277464e-24, nan 
-94.125, -81.125, 3.379125909621354e-24, nan 
-93.875, -81.125, 2.9760003160786966e-24, nan 
-93.625, -81.125, 2.7470416024700685e-24, nan 
-93.375, -81.125, 5.4198215749566636e-24, nan 
-93.125, -81.125, 6.932606209615074e-24, nan 
-92.875, -81.125, 5.584045083759252e-24, nan 
-92.625, -81.125, 4.358771539415708e-24, nan 
-92.375, -81.125, 2.94087003751752e-24, nan 
-92.125, -81.125, 3.727248024231448e-24, nan 
-91.875, -81.125, 3.523135147845457e-24, nan 
-91.625, -81.125, 5.6630047502587714e-24, nan 
-91.375, -81.125, 9.168462985379627e-24, nan 
-91.125, -81.125, 1.032412811205224e-23, nan 
-90.875, -81.125, 1.0175692509885362e-23, nan 
-90.625, -81.125, 5.9450484658199066e-24, nan 
-90.375, -81.125, 4.358183088477124e-24, nan 
-90.125, -81.125, 3.1180822287470217e-24, nan 
-89.875, -81.125, 2.7620480281620914e-24, nan 
-89.625, -81.125, 5.389066682693678e-24, nan 
-89.375, -81.125, 4.368661719083309e-24, nan 
-89.125, -81.125, 4.392076028872046e-24, nan 
-88.875, -81.125, 2.1645107462734116e-24, nan 
-88.625, -81.125, 1.4680845096527201e-24, nan 
-88.375, -81.125, 1.901962340212845e-24, nan 
-88.125, -81.125, 2.8015662766639463e-24, nan 
-87.875, -81.125, 3.8641699585147325e-24, nan 
-87.625, -81.125, 3.991643108521544e-24, nan 
-87.375, -81.125, 4.373471219955787e-24, nan 
-87.125, -81.125, 3.4444029475215874e-24, nan 
-86.875, -81.125, 4.145774536338416e-24, nan 
-86.625, -81.125, 3.516472696188338e-24, nan 
-86.375, -81.125, 2.997855320309613e-24, nan 
-86.125, -81.125, 3.988432384892237e-24, nan 
-85.875, -81.125, 4.501667148188488e-24, nan 
-85.625, -81.125, 4.4255142120179965e-24, nan 
-85.375, -81.125, 2.4200145850967432e-24, nan 
-85.125, -81.125, 6.534054390753329e-24, nan 
-84.875, -81.125, 6.960249681200303e-24, nan 
-84.625, -81.125, 4.553321347886345e-24, nan 
-84.375, -81.125, 4.089814931932366e-24, nan 
-84.125, -81.125, 4.225227013866437e-24, nan 
-83.875, -81.125, 5.148734828018176e-24, nan 
-83.625, -81.125, 6.30654387320387e-24, nan 
-83.375, -81.125, 1.0385991814977408e-23, nan 
-83.125, -81.125, 1.135398759136565e-23, nan 
-82.875, -81.125, 6.764713246897423e-24, nan 
-82.625, -81.125, 4.489441330488583e-24, nan 
-82.375, -81.125, 5.87369962762249e-24, nan 
-82.125, -81.125, 4.7468835501463066e-24, nan 
-81.875, -81.125, 4.7630666929941146e-24, nan 
-81.625, -81.125, 5.983851754512348e-24, nan 
-81.375, -81.125, 8.302521873435382e-24, nan 
-81.125, -81.125, 7.503499837020698e-24, nan 
-80.875, -81.125, 8.375417881612976e-24, nan 
-80.625, -81.125, 8.536570028706123e-24, nan 
-80.375, -81.125, 6.946296440004176e-24, nan 
-80.125, -81.125, 5.881587074656333e-24, nan 
-79.875, -81.125, 4.809435392139485e-24, nan 
-79.625, -81.125, 3.785718403723955e-24, nan 
-79.375, -81.125, 2.2139058398129693e-24, nan 
-79.125, -81.125, 7.472872364845365e-24, nan 
-78.875, -81.125, 8.537504978106845e-24, nan 
-78.625, -81.125, 9.908106606669287e-24, nan 
-78.375, -81.125, 1.0611347613986053e-23, nan 
-78.125, -81.125, 1.2149178019070474e-23, nan 
-77.875, -81.125, 1.192258587211483e-23, nan 
-77.625, -81.125, 1.0273518968684787e-23, nan 
-77.375, -81.125, 1.4273177994754217e-23, nan 
-77.125, -81.125, 1.6440298408267253e-23, nan 
-76.875, -81.125, 1.4720728343650197e-23, nan 
-76.625, -81.125, 1.1124779960156205e-23, nan 
-76.375, -81.125, 9.90506499971192e-24, nan 
-76.125, -81.125, 1.0296882105056629e-23, nan 
-75.875, -81.125, 8.984572586592583e-24, nan 
-75.625, -81.125, 8.976675210967244e-24, nan 
-75.375, -81.125, 9.795170845573089e-24, nan 
-75.125, -81.125, 1.5302420261976874e-23, nan 
-74.875, -81.125, 1.9890729539533142e-23, nan 
-74.625, -81.125, 1.819552223751737e-23, nan 
-74.375, -81.125, 1.5513467260521018e-23, nan 
-74.125, -81.125, 1.315118130412928e-23, nan 
-73.875, -81.125, 8.441561812427749e-24, nan 
-73.625, -81.125, 8.94309175329198e-24, nan 
-73.375, -81.125, 1.2796370630052349e-23, nan 
-73.125, -81.125, 1.4770638157169047e-23, nan 
-72.875, -81.125, 1.2974519800053673e-23, nan 
-72.625, -81.125, 1.3207756400663107e-23, nan 
-72.375, -81.125, 1.9775388934196075e-23, nan 
-72.125, -81.125, 2.0997549428502863e-23, nan 
-71.875, -81.125, 1.836702163670119e-23, nan 
-71.625, -81.125, 1.9452544643253572e-23, nan 
-71.375, -81.125, 1.713645969537341e-23, nan 
-71.125, -81.125, 1.7284924599942126e-23, nan 
-70.875, -81.125, 2.1945624707095113e-23, nan 
-70.625, -81.125, 1.4945866597250046e-23, nan 
-70.375, -81.125, 1.4600893218702875e-23, nan 
-70.125, -81.125, 2.036201911940213e-23, nan 
-69.875, -81.125, 1.9776538019215716e-23, nan 
-69.625, -81.125, 2.1391459605206663e-23, nan 
-69.375, -81.125, 2.6134332009543643e-23, nan 
-69.125, -81.125, 2.122600737045043e-23, nan 
-68.875, -81.125, 1.5557543372394927e-23, nan 
-68.625, -81.125, 1.2779492158160853e-23, nan 
-68.375, -81.125, 2.1163266572396507e-23, nan 
-68.125, -81.125, 2.3179353622844105e-23, nan 
-67.875, -81.125, 2.118963452097075e-23, nan 
-67.625, -81.125, 2.3987131894876038e-23, nan 
-67.375, -81.125, 2.0376462017652467e-23, nan 
-67.125, -81.125, 1.5520523795037744e-23, nan 
-66.875, -81.125, 1.0271041965420282e-23, nan 
-66.625, -81.125, 1.3108730197895254e-23, nan 
-66.375, -81.125, 1.8036285602808545e-23, nan 
-66.125, -81.125, 1.5892122640975827e-23, nan 
-65.875, -81.125, 1.563849954372956e-23, nan 
-65.625, -81.125, 1.5657258942278293e-23, nan 
-65.375, -81.125, 1.4361629043631945e-23, nan 
-65.125, -81.125, 1.2391621130568694e-23, nan 
-64.875, -81.125, 1.0619049088825038e-23, nan 
-64.625, -81.125, 1.1691907452481336e-23, nan 
-64.375, -81.125, 1.347612761002709e-23, nan 
-64.125, -81.125, 1.2141518812873381e-23, nan 
-63.875, -81.125, 1.1630844854507147e-23, nan 
-63.625, -81.125, 1.1738696517842955e-23, nan 
-63.375, -81.125, 1.2163334330556891e-23, nan 
-63.125, -81.125, 8.073696316031828e-24, nan 
-62.875, -81.125, 9.171105848883358e-24, nan 
-62.625, -81.125, 1.1927385964470316e-23, nan 
-62.375, -81.125, 1.1175252837463806e-23, nan 
-62.125, -81.125, 9.941882345960755e-24, nan 
-61.875, -81.125, 1.0945380026323717e-23, nan 
-61.625, -81.125, 1.2394584115121442e-23, nan 
-61.375, -81.125, 8.888184270454434e-24, nan 
-61.125, -81.125, 1.2910033540839419e-23, nan 
-60.875, -81.125, 1.3845455225609856e-23, nan 
-60.625, -81.125, 9.090628183241094e-24, nan 
-60.375, -81.125, 9.788578523140281e-24, nan 
-60.125, -81.125, 6.981811191434704e-24, nan 
-59.875, -81.125, 1.1471960697112225e-23, nan 
-59.625, -81.125, 1.401983953412674e-23, nan 
-59.375, -81.125, 1.7193714778828815e-23, nan 
-59.125, -81.125, 8.669487005748163e-24, nan 
-58.875, -81.125, 8.620691089712376e-24, nan 
-58.625, -81.125, 1.008758157701423e-23, nan 
-58.375, -81.125, 3.930813902826516e-24, nan 
-58.125, -81.125, 3.22238222192141e-24, nan 
-57.875, -81.125, 2.7086334237231912e-24, nan 
-57.625, -81.125, 6.62360842617242e-24, nan 
-57.375, -81.125, 6.271483757374992e-24, nan 
-57.125, -81.125, 4.4529787022364476e-24, nan 
-56.875, -81.125, 3.451160819580936e-24, nan 
-56.625, -81.125, 3.2717289420701218e-24, nan 
-56.375, -81.125, 3.114798916872264e-24, nan 
-56.125, -81.125, 2.6794579472270637e-24, nan 
-55.875, -81.125, 1.757695377516364e-24, nan 
-55.625, -81.125, 1.305644677452906e-24, nan 
-55.375, -81.125, 1.3800165108046235e-24, nan 
-55.125, -81.125, 1.0973242679502444e-24, nan 
-54.875, -81.125, 9.630249869276127e-25, nan 
-54.625, -81.125, 9.747394051286656e-25, nan 
-54.375, -81.125, 1.0679455508430704e-24, nan 
-54.125, -81.125, 1.0363123301298826e-24, nan 
-53.875, -81.125, 1.0912436832413334e-24, nan 
-53.625, -81.125, 8.730466779209045e-25, nan 
-53.375, -81.125, 8.558740358713172e-25, nan 
-53.125, -81.125, 9.272367935055643e-25, nan 
-52.875, -81.125, 3.047058892035034e-24, nan 
-52.625, -81.125, 3.8023753769640785e-24, nan 
-52.375, -81.125, 2.399926518878958e-24, nan 
-52.125, -81.125, 1.690856764384667e-24, nan 
-51.875, -81.125, 1.1226290194257326e-24, nan 
-51.625, -81.125, 8.602519937238574e-25, nan 
-51.375, -81.125, 4.782878764337799e-25, nan 
-51.125, -81.125, 7.164135261697673e-25, nan 
-50.875, -81.125, 1.1638482402502499e-24, nan 
-50.625, -81.125, 1.2777935129762711e-24, nan 
-50.375, -81.125, 1.1149994624412716e-24, nan 
-50.125, -81.125, 9.447219265590701e-25, nan 
-49.875, -81.125, 6.800640224635402e-25, nan 
-49.625, -81.125, 9.051620399219455e-25, nan 
-49.375, -81.125, 2.11802447737523e-24, nan 
-49.125, -81.125, 2.6027828599385393e-24, nan 
-48.875, -81.125, 3.376993873487047e-24, nan 
-48.625, -81.125, 5.570006903689402e-24, nan 
-48.375, -81.125, 6.4553502097156776e-24, nan 
-48.125, -81.125, 1.5788784951355867e-24, nan 
-47.875, -81.125, 3.691944136498062e-24, nan 
-47.625, -81.125, 3.4506144292809746e-24, nan 
-47.375, -81.125, 2.6850952268403166e-24, nan 
-47.125, -81.125, 2.5292899755047418e-24, nan 
-46.875, -81.125, 1.733609378936312e-24, nan 
-46.625, -81.125, 1.6524353515104179e-24, nan 
-46.375, -81.125, 2.333423424509091e-24, nan 
-46.125, -81.125, 2.290785109276629e-24, nan 
-45.875, -81.125, 1.800499372842738e-24, nan 
-45.625, -81.125, 2.339826617933997e-24, nan 
-45.375, -81.125, 2.250968333591015e-24, nan 
-45.125, -81.125, 2.468808258442276e-24, nan 
-44.875, -81.125, 2.350917934991575e-24, nan 
-44.625, -81.125, 3.25880992198111e-24, nan 
-44.375, -81.125, 3.608213778166853e-24, nan 
-44.125, -81.125, 3.475183273298139e-24, nan 
-43.875, -81.125, 3.0248896172454388e-24, nan 
-43.625, -81.125, 3.6657631622413736e-24, nan 
-43.375, -81.125, 3.1861658463871665e-24, nan 
-43.125, -81.125, 3.45813509920999e-24, nan 
-42.875, -81.125, 3.904017328858188e-24, nan 
-42.625, -81.125, 4.6113031978614226e-24, nan 
-42.375, -81.125, 4.1680305324074055e-24, nan 
-42.125, -81.125, 3.8079727390079675e-24, nan 
-41.875, -81.125, 2.837437738969686e-24, nan 
-41.625, -81.125, 2.781089543275573e-24, nan 
-41.375, -81.125, 3.510886819971998e-24, nan 
-41.125, -81.125, 3.3399135352416224e-24, nan 
-40.875, -81.125, 4.998471258586189e-24, nan 
-40.625, -81.125, 7.91411188537159e-24, nan 
-40.375, -81.125, 5.812625092401709e-24, nan 
-40.125, -81.125, 6.584131590885362e-24, nan 
-39.875, -81.125, 6.561233146922353e-24, nan 
-39.625, -81.125, 6.779066548921962e-24, nan 
-39.375, -81.125, 5.8831566057314774e-24, nan 
-39.125, -81.125, 6.843139370759226e-24, nan 
-38.875, -81.125, 1.2511472480951702e-23, nan 
-38.625, -81.125, 9.969008290240521e-24, nan 
-38.375, -81.125, 7.763781865688784e-24, nan 
-38.125, -81.125, 1.1473836022832819e-23, nan 
-37.875, -81.125, 8.90354281468991e-24, nan 
-37.625, -81.125, 7.022767396660034e-24, nan 
-37.375, -81.125, 6.727995632773419e-24, nan 
-37.125, -81.125, 9.479963887391435e-24, nan 
-36.875, -81.125, 8.15891824232755e-24, nan 
-36.625, -81.125, 9.694090927448814e-24, nan 
-36.375, -81.125, 1.1361840216414458e-23, nan 
-36.125, -81.125, 8.904161283773184e-24, nan 
-35.875, -81.125, 6.756431787185542e-24, nan 
-35.625, -81.125, 6.1624515565853766e-24, nan 
-35.375, -81.125, 4.161418218808789e-24, nan 
-35.125, -81.125, 2.630645379543186e-24, nan 
-34.875, -81.125, 3.452754126619631e-24, nan 
-34.625, -81.125, 1.8400904514465177e-24, nan 
-34.375, -81.125, 1.5095513839765659e-24, nan 
-34.125, -81.125, 1.4358022435481357e-24, nan 
-33.875, -81.125, 1.8801151993297457e-24, nan 
-33.625, -81.125, 3.3194238866908905e-24, nan 
-33.375, -81.125, 5.230154170919252e-24, nan 
-33.125, -81.125, 5.686486702037403e-24, nan 
-32.875, -81.125, 5.844400152944697e-24, nan 
-32.625, -81.125, 6.0656380857688915e-24, nan 
-32.375, -81.125, 4.719315882961109e-24, nan 
-32.125, -81.125, 2.94842154755966e-24, nan 
-31.875, -81.125, 1.2194612150980524e-24, nan 
-31.625, -81.125, 4.281981833417821e-24, nan 
-31.375, -81.125, 2.4614453297583894e-24, nan 
-31.125, -81.125, 4.93358186542178e-24, nan 
-30.875, -81.125, 4.434917608518721e-24, nan 
-30.625, -81.125, 2.338014274909974e-24, nan 
-30.375, -81.125, 3.242481804389027e-24, nan 
-30.125, -81.125, 4.676865621587656e-24, nan 
-29.875, -81.125, 4.320763802266401e-24, nan 
-29.625, -81.125, 4.1712853392233235e-24, nan 
-29.375, -81.125, 5.3430813141874186e-24, nan 
-29.125, -81.125, 5.352234022444332e-24, nan 
-28.875, -81.125, 5.42044865158669e-24, nan 
-28.625, -81.125, 4.8680337551353006e-24, nan 
-28.375, -81.125, 4.567353352172978e-24, nan 
-28.125, -81.125, 3.790988708482732e-24, nan 
-27.875, -81.125, 4.0763484293026124e-24, nan 
-27.625, -81.125, 4.256375505910661e-24, nan 
-27.375, -81.125, 4.639681252764173e-24, nan 
-27.125, -81.125, 5.878908279419793e-24, nan 
-26.875, -81.125, 1.0512406323477295e-23, nan 
-26.625, -81.125, 9.361292624513846e-24, nan 
-26.375, -81.125, 6.280082018688439e-24, nan 
-26.125, -81.125, 5.8741859675949354e-24, nan 
-25.875, -81.125, 5.4047599218676584e-24, nan 
-25.625, -81.125, 4.193915594917434e-24, nan 
-25.375, -81.125, 3.833885411036098e-24, nan 
-25.125, -81.125, 3.991266172169504e-24, nan 
-24.875, -81.125, 3.38226350595321e-24, nan 
-24.625, -81.125, 2.9625173888053728e-24, nan 
-24.375, -81.125, 1.974412932641843e-24, nan 
-24.125, -81.125, 2.401570506706902e-24, nan 
-23.875, -81.125, 2.872694111061483e-24, nan 
-23.625, -81.125, 3.919936233364923e-24, nan 
-23.375, -81.125, 4.657853400980836e-24, nan 
-23.125, -81.125, 5.7488400661624876e-24, nan 
-22.875, -81.125, 5.57581280103152e-24, nan 
-22.625, -81.125, 5.050200377754803e-24, nan 
-22.375, -81.125, 5.4536051502975326e-24, nan 
-22.125, -81.125, 9.426795163603871e-24, nan 
-21.875, -81.125, 1.8416471291432998e-23, nan 
-21.625, -81.125, 2.872361144182099e-23, nan 
-21.375, -81.125, 2.994271006300053e-23, nan 
-21.125, -81.125, 3.341313496901854e-23, nan 
-20.875, -81.125, 4.093046215906616e-23, nan 
-20.625, -81.125, 3.56698400347338e-23, nan 
-20.375, -81.125, 2.0683217592435673e-23, nan 
-20.125, -81.125, 3.929878194340331e-23, nan 
-19.875, -81.125, 6.187460283047888e-23, nan 
-19.625, -81.125, 6.559709904943528e-23, nan 
-19.375, -81.125, 7.205298788883766e-23, nan 
-19.125, -81.125, 8.959694815092582e-23, nan 
-18.875, -81.125, 8.120267477681292e-23, nan 
-18.625, -81.125, 5.128956979452757e-23, nan 
-18.375, -81.125, 2.3403356245275193e-23, nan 
-18.125, -81.125, 3.3884079164597404e-23, nan 
-17.875, -81.125, 3.698050567670305e-23, nan 
-17.625, -81.125, 4.08002453311023e-23, nan 
-17.375, -81.125, 4.832180627518559e-23, nan 
-17.125, -81.125, 4.502438875284996e-23, nan 
-16.875, -81.125, 3.247262875644558e-23, nan 
-16.625, -81.125, 1.191282784731111e-23, nan 
-16.375, -81.125, 1.264421808497416e-23, nan 
-16.125, -81.125, 1.0537881048324148e-23, nan 
-15.875, -81.125, 8.476419173575765e-24, nan 
-15.625, -81.125, 8.085097684950758e-24, nan 
-15.375, -81.125, 6.793778845250238e-24, nan 
-15.125, -81.125, 5.8951171536995e-24, nan 
-14.875, -81.125, 5.835866247466981e-24, nan 
-14.625, -81.125, 8.190065745627029e-24, nan 
-14.375, -81.125, 6.4291725256755995e-24, nan 
-14.125, -81.125, 4.964725307941154e-24, nan 
-13.875, -81.125, 4.0031817558481996e-24, nan 
-13.625, -81.125, 3.909792864673907e-24, nan 
-13.375, -81.125, 3.915349133865397e-24, nan 
-13.125, -81.125, 3.113430371548698e-24, nan 
-12.875, -81.125, 3.395334904447706e-24, nan 
-12.625, -81.125, 2.997990333674881e-24, nan 
-12.375, -81.125, 2.3149584462000908e-24, nan 
-12.125, -81.125, 2.428037372515058e-24, nan 
-11.875, -81.125, 2.470968285859401e-24, nan 
-11.625, -81.125, 2.48429818273118e-24, nan 
-11.375, -81.125, 2.4735584097003584e-24, nan 
-11.125, -81.125, 3.577516815852612e-24, nan 
-10.875, -81.125, 3.71930523883798e-24, nan 
-10.625, -81.125, 3.8518133470148676e-24, nan 
-10.375, -81.125, 4.0774826362686905e-24, nan 
-10.125, -81.125, 4.1988009988334604e-24, nan 
-9.875, -81.125, 4.052066158114873e-24, nan 
-9.625, -81.125, 4.803423146029867e-24, nan 
-9.375, -81.125, 4.969622855182584e-24, nan 
-9.125, -81.125, 5.742474128489287e-24, nan 
-8.875, -81.125, 5.518540010003134e-24, nan 
-8.625, -81.125, 5.071655035518705e-24, nan 
-8.375, -81.125, 4.777778813054076e-24, nan 
-8.125, -81.125, 5.2972373029953355e-24, nan 
-7.875, -81.125, 3.592509192198312e-24, nan 
-7.625, -81.125, 3.472762991130521e-24, nan 
-7.375, -81.125, 3.771732226384211e-24, nan 
-7.125, -81.125, 3.078870451147642e-24, nan 
-6.875, -81.125, 3.6377669514988524e-24, nan 
-6.625, -81.125, 3.776210754722946e-24, nan 
-6.375, -81.125, 3.1259625008275224e-24, nan 
-6.125, -81.125, 3.1755446240337435e-24, nan 
-5.875, -81.125, 4.031421923169157e-24, nan 
-5.625, -81.125, 2.7265837736074127e-24, nan 
-5.375, -81.125, 3.35832265702596e-24, nan 
-5.125, -81.125, 3.529813965509346e-24, nan 
-4.875, -81.125, 4.1242366819914944e-24, nan 
-4.625, -81.125, 3.2347289626589328e-24, nan 
-4.375, -81.125, 4.175893382610078e-24, nan 
-4.125, -81.125, 2.0674031511227184e-24, nan 
-3.875, -81.125, 2.9291723736158877e-24, nan 
-3.625, -81.125, 7.398032458275487e-24, nan 
-3.375, -81.125, 1.3433665452703725e-23, nan 
-3.125, -81.125, 1.8335149897746927e-23, nan 
-2.875, -81.125, 1.9023690880743998e-23, nan 
-2.625, -81.125, 1.7001769101946922e-23, nan 
-2.375, -81.125, 1.583399472756701e-23, nan 
-2.125, -81.125, 1.618184121962592e-23, nan 
-1.875, -81.125, 1.472382027164003e-23, nan 
-1.625, -81.125, 1.5163698008920007e-23, nan 
-1.375, -81.125, 1.5667917051569524e-23, nan 
-1.125, -81.125, 1.647768234819441e-23, nan 
-0.875, -81.125, 1.5048475469871692e-23, nan 
-0.625, -81.125, 1.474708317796442e-23, nan 
-0.375, -81.125, 1.368494329514693e-23, nan 
-0.125, -81.125, 1.4048719852941644e-23, nan 
0.125, -81.125, 1.409537547909001e-23, nan 
0.375, -81.125, 1.3989998842832943e-23, nan 
0.625, -81.125, 1.5464856829672965e-23, nan 
0.875, -81.125, 1.8153278900145226e-23, nan 
1.125, -81.125, 1.6877435041800397e-23, nan 
1.375, -81.125, 1.9554457060104914e-23, nan 
1.625, -81.125, 2.016325960840138e-23, nan 
1.875, -81.125, 2.360505467283702e-23, nan 
2.125, -81.125, 2.3801626154539874e-23, nan 
2.375, -81.125, 2.4332727095354717e-23, nan 
2.625, -81.125, 2.3759261623497002e-23, nan 
2.875, -81.125, 2.2060114116496914e-23, nan 
3.125, -81.125, 2.2803339972102742e-23, nan 
3.375, -81.125, 2.1226368338084827e-23, nan 
3.625, -81.125, 2.4471983701066813e-23, nan 
3.875, -81.125, 2.4289862826343767e-23, nan 
4.125, -81.125, 1.6340863962858272e-23, nan 
4.375, -81.125, 1.5115300630062318e-23, nan 
4.625, -81.125, 1.3397736843943406e-23, nan 
4.875, -81.125, 1.265007579393207e-23, nan 
5.125, -81.125, 2.0912294790862858e-23, nan 
5.375, -81.125, 2.5029473207434003e-23, nan 
5.625, -81.125, 2.685744355743598e-23, nan 
5.875, -81.125, 2.647593480825033e-23, nan 
6.125, -81.125, 2.93059017051811e-23, nan 
6.375, -81.125, 2.062574294665785e-23, nan 
6.625, -81.125, 1.556367157591461e-23, nan 
6.875, -81.125, 1.963296183912186e-23, nan 
7.125, -81.125, 2.0883018627999656e-23, nan 
7.375, -81.125, 2.031201750758099e-23, nan 
7.625, -81.125, 2.1631400893060826e-23, nan 
7.875, -81.125, 3.672435530746139e-23, nan 
8.125, -81.125, 2.3036729421897992e-23, nan 
8.375, -81.125, 1.7740113376380307e-23, nan 
8.625, -81.125, 1.4368802637254606e-23, nan 
8.875, -81.125, 1.6724410937465745e-23, nan 
9.125, -81.125, 1.4062690867686476e-23, nan 
9.375, -81.125, 2.0642868193328045e-23, nan 
9.625, -81.125, 3.310740753475759e-23, nan 
9.875, -81.125, 3.0414997545577295e-23, nan 
10.125, -81.125, 2.955529036641636e-23, nan 
10.375, -81.125, 3.270889052738995e-23, nan 
10.625, -81.125, 3.7232129437592285e-23, nan 
10.875, -81.125, 4.7863194978641517e-23, nan 
11.125, -81.125, 3.64834353571277e-23, nan 
11.375, -81.125, 3.9537672777938456e-23, nan 
11.625, -81.125, 4.179696377532035e-23, nan 
11.875, -81.125, 4.821330621741709e-23, nan 
12.125, -81.125, 4.4413473053240515e-23, nan 
12.375, -81.125, 5.166562057340945e-23, nan 
12.625, -81.125, 6.33622595093917e-23, nan 
12.875, -81.125, 5.679292713035226e-23, nan 
-115.875, -80.875, 2.5007085897597586e-24, nan 
-115.625, -80.875, 2.7130664739807024e-24, nan 
-115.375, -80.875, 3.172985533337045e-24, nan 
-115.125, -80.875, 3.594216750240813e-24, nan 
-114.875, -80.875, 3.492001383262695e-24, nan 
-114.625, -80.875, 3.739961699676448e-24, nan 
-114.375, -80.875, 2.694362244537139e-24, nan 
-114.125, -80.875, 2.0397662509017494e-24, nan 
-113.875, -80.875, 3.148206087362409e-24, nan 
-113.625, -80.875, 5.17293318585286e-25, nan 
-113.375, -80.875, 8.775335029331444e-25, nan 
-113.125, -80.875, 4.74927929474911e-25, nan 
-112.875, -80.875, 6.131896151650498e-25, nan 
-112.625, -80.875, 7.8806793225615e-25, nan 
-112.375, -80.875, 9.045252357482e-25, nan 
-112.125, -80.875, 1.1050659118101893e-24, nan 
-111.875, -80.875, 1.4201733201924153e-24, nan 
-111.625, -80.875, 1.5739540034363874e-24, nan 
-111.375, -80.875, 2.5729266789676584e-24, nan 
-111.125, -80.875, 2.850384316910034e-24, nan 
-110.875, -80.875, 2.2800356366475367e-24, nan 
-110.625, -80.875, 1.921947686308883e-24, nan 
-110.375, -80.875, 2.1237434189699276e-24, nan 
-110.125, -80.875, 2.3067301231246846e-24, nan 
-109.875, -80.875, 3.320310411703944e-24, nan 
-109.625, -80.875, 6.132271967496618e-24, nan 
-109.375, -80.875, 6.2139698363852754e-24, nan 
-109.125, -80.875, 5.941272197853121e-24, nan 
-108.875, -80.875, 5.188547798319684e-24, nan 
-108.625, -80.875, 3.1999707237187597e-24, nan 
-108.375, -80.875, 2.7531258506354757e-24, nan 
-108.125, -80.875, 4.156393984757048e-24, nan 
-107.875, -80.875, 4.647884043595501e-24, nan 
-107.625, -80.875, 4.116483891039399e-24, nan 
-107.375, -80.875, 4.008663896620572e-24, nan 
-107.125, -80.875, 3.2000008656143814e-24, nan 
-106.875, -80.875, 1.2271637212355883e-24, nan 
-106.625, -80.875, 9.130689909422415e-25, nan 
-106.375, -80.875, 9.775901622954492e-25, nan 
-106.125, -80.875, 7.309671090481206e-25, nan 
-105.875, -80.875, 7.352552965914607e-25, nan 
-105.625, -80.875, 6.777269128253292e-25, nan 
-105.375, -80.875, 6.072238575899056e-25, nan 
-105.125, -80.875, 8.51388740610855e-25, nan 
-104.875, -80.875, 1.0122855872926327e-24, nan 
-104.625, -80.875, 1.1675753926562155e-24, nan 
-104.375, -80.875, 3.5129056838611456e-25, nan 
-104.125, -80.875, 1.065628320360464e-24, nan 
-103.875, -80.875, 1.6810772039717358e-24, nan 
-103.625, -80.875, 1.698578043177287e-24, nan 
-103.375, -80.875, 1.6465285753981594e-24, nan 
-103.125, -80.875, 1.669613529155881e-24, nan 
-102.875, -80.875, 1.5276835543542215e-24, nan 
-102.625, -80.875, 1.27403935632023e-24, nan 
-102.375, -80.875, 1.3365825437191463e-24, nan 
-102.125, -80.875, 1.2003415628357057e-24, nan 
-101.875, -80.875, 1.4440514107104086e-24, nan 
-101.625, -80.875, 1.807738655856076e-24, nan 
-101.375, -80.875, 1.949624703374049e-24, nan 
-101.125, -80.875, 1.3156554937039053e-24, nan 
-100.875, -80.875, 1.2554088862669995e-24, nan 
-100.625, -80.875, 1.700623191928586e-24, nan 
-100.375, -80.875, 1.381173031942226e-24, nan 
-100.125, -80.875, 1.3026632172491252e-24, nan 
-99.875, -80.875, 1.4939654977286515e-24, nan 
-99.625, -80.875, 1.2851675398822102e-24, nan 
-99.375, -80.875, 1.7524266977289854e-24, nan 
-99.125, -80.875, 2.019827031955957e-24, nan 
-98.875, -80.875, 2.1764010614106695e-24, nan 
-98.625, -80.875, 1.9897129819895307e-24, nan 
-98.375, -80.875, 2.0885287089094817e-24, nan 
-98.125, -80.875, 1.740709903571176e-24, nan 
-97.875, -80.875, 1.6064724890028701e-24, nan 
-97.625, -80.875, 2.4956352048213e-24, nan 
-97.375, -80.875, 2.297500119649282e-24, nan 
-97.125, -80.875, 2.790116368298517e-24, nan 
-96.875, -80.875, 2.7267117784775174e-24, nan 
-96.625, -80.875, 2.318977082997199e-24, nan 
-96.375, -80.875, 2.63681623807187e-24, nan 
-96.125, -80.875, 2.109914401397113e-24, nan 
-95.875, -80.875, 2.332318034631655e-24, nan 
-95.625, -80.875, 2.121406482473856e-24, nan 
-95.375, -80.875, 2.743712899813143e-24, nan 
-95.125, -80.875, 2.7492886044236002e-24, nan 
-94.875, -80.875, 3.1387781165897526e-24, nan 
-94.625, -80.875, 3.258746181151235e-24, nan 
-94.375, -80.875, 3.054371164824395e-24, nan 
-94.125, -80.875, 2.1799540161737565e-24, nan 
-93.875, -80.875, 1.9813187575290615e-24, nan 
-93.625, -80.875, 2.4002728922490326e-24, nan 
-93.375, -80.875, 3.4564214226289596e-24, nan 
-93.125, -80.875, 4.471667230621606e-24, nan 
-92.875, -80.875, 5.162878431067321e-24, nan 
-92.625, -80.875, 5.2158752821042586e-24, nan 
-92.375, -80.875, 4.5007179709170235e-24, nan 
-92.125, -80.875, 3.8252535141219885e-24, nan 
-91.875, -80.875, 4.1948423484292346e-24, nan 
-91.625, -80.875, 4.395506914500713e-24, nan 
-91.375, -80.875, 6.1783684778996984e-24, nan 
-91.125, -80.875, 8.220390567375969e-24, nan 
-90.875, -80.875, 8.372615740117627e-24, nan 
-90.625, -80.875, 6.828596923486044e-24, nan 
-90.375, -80.875, 4.9300753194414415e-24, nan 
-90.125, -80.875, 4.2149156176427045e-24, nan 
-89.875, -80.875, 4.159041479793327e-24, nan 
-89.625, -80.875, 4.984542964899607e-24, nan 
-89.375, -80.875, 7.027748895267922e-24, nan 
-89.125, -80.875, 7.525004315852796e-24, nan 
-88.875, -80.875, 6.628959444383174e-24, nan 
-88.625, -80.875, 5.7600233606681486e-24, nan 
-88.375, -80.875, 3.518512667854925e-24, nan 
-88.125, -80.875, 3.332543903189998e-24, nan 
-87.875, -80.875, 4.107484995248848e-24, nan 
-87.625, -80.875, 5.04729578204379e-24, nan 
-87.375, -80.875, 5.431364870398618e-24, nan 
-87.125, -80.875, 5.1840065258210515e-24, nan 
-86.875, -80.875, 5.385792663002378e-24, nan 
-86.625, -80.875, 5.2278202833436584e-24, nan 
-86.375, -80.875, 4.3423820972769584e-24, nan 
-86.125, -80.875, 5.044268258721885e-24, nan 
-85.875, -80.875, 4.944688394605715e-24, nan 
-85.625, -80.875, 3.948432335801496e-24, nan 
-85.375, -80.875, 4.96665786351251e-24, nan 
-85.125, -80.875, 5.141025889030047e-24, nan 
-84.875, -80.875, 8.910386314282524e-24, nan 
-84.625, -80.875, 1.0273661996732215e-23, nan 
-84.375, -80.875, 1.0478123260961328e-23, nan 
-84.125, -80.875, 9.751953052227247e-24, nan 
-83.875, -80.875, 5.867711430263204e-24, nan 
-83.625, -80.875, 3.311369921250262e-24, nan 
-83.375, -80.875, 6.919459400272729e-24, nan 
-83.125, -80.875, 7.002095858738391e-24, nan 
-82.875, -80.875, 5.452673552489531e-24, nan 
-82.625, -80.875, 5.0470636661584234e-24, nan 
-82.375, -80.875, 5.496315897280003e-24, nan 
-82.125, -80.875, 4.2013269620211774e-24, nan 
-81.875, -80.875, 5.2900202212691214e-24, nan 
-81.625, -80.875, 5.63731625899796e-24, nan 
-81.375, -80.875, 5.578414214820814e-24, nan 
-81.125, -80.875, 5.827599381751669e-24, nan 
-80.875, -80.875, 5.806621463144264e-24, nan 
-80.625, -80.875, 5.473544267373035e-24, nan 
-80.375, -80.875, 4.726842371648015e-24, nan 
-80.125, -80.875, 5.28778638492771e-24, nan 
-79.875, -80.875, 1.2081182080512279e-23, nan 
-79.625, -80.875, 1.413139786717313e-23, nan 
-79.375, -80.875, 1.2745043493275431e-23, nan 
-79.125, -80.875, 9.291469968522221e-24, nan 
-78.875, -80.875, 5.4815812809027796e-24, nan 
-78.625, -80.875, 5.409835639793826e-24, nan 
-78.375, -80.875, 7.394376653112019e-24, nan 
-78.125, -80.875, 8.476970859861567e-24, nan 
-77.875, -80.875, 8.725184139527231e-24, nan 
-77.625, -80.875, 8.12600079580339e-24, nan 
-77.375, -80.875, 7.671571373946832e-24, nan 
-77.125, -80.875, 8.169443904831044e-24, nan 
-76.875, -80.875, 7.076696212273491e-24, nan 
-76.625, -80.875, 4.4459928778019426e-24, nan 
-76.375, -80.875, 4.940679409183012e-24, nan 
-76.125, -80.875, 5.301545099747611e-24, nan 
-75.875, -80.875, 5.205453136244057e-24, nan 
-75.625, -80.875, 6.104293261872344e-24, nan 
-75.375, -80.875, 7.808544559486891e-24, nan 
-75.125, -80.875, 1.2567590908393236e-23, nan 
-74.875, -80.875, 1.456979186871125e-23, nan 
-74.625, -80.875, 1.4896224035498485e-23, nan 
-74.375, -80.875, 1.9268479323612007e-23, nan 
-74.125, -80.875, 2.2574317862628078e-23, nan 
-73.875, -80.875, 1.8752424188825448e-23, nan 
-73.625, -80.875, 1.7876266016763954e-23, nan 
-73.375, -80.875, 1.662755423833087e-23, nan 
-73.125, -80.875, 1.7246024786828567e-23, nan 
-72.875, -80.875, 1.7203434733041183e-23, nan 
-72.625, -80.875, 2.0665687834219723e-23, nan 
-72.375, -80.875, 2.691101783854361e-23, nan 
-72.125, -80.875, 2.4982496304595176e-23, nan 
-71.875, -80.875, 2.346675947093873e-23, nan 
-71.625, -80.875, 2.1083432738172453e-23, nan 
-71.375, -80.875, 1.8314731505357593e-23, nan 
-71.125, -80.875, 1.5502232037118577e-23, nan 
-70.875, -80.875, 2.0202292002572652e-23, nan 
-70.625, -80.875, 3.967118657641065e-24, nan 
-70.375, -80.875, 1.1076067715008278e-23, nan 
-70.125, -80.875, 1.476788254394016e-23, nan 
-69.875, -80.875, 1.4358406671875568e-23, nan 
-69.625, -80.875, 1.5172775650550955e-23, nan 
-69.375, -80.875, 1.7160311063310687e-23, nan 
-69.125, -80.875, 1.5124488604826736e-23, nan 
-68.875, -80.875, 1.1784165623542137e-23, nan 
-68.625, -80.875, 6.919165972991418e-24, nan 
-68.375, -80.875, 1.4691078715321283e-23, nan 
-68.125, -80.875, 1.849476216613897e-23, nan 
-67.875, -80.875, 1.593582331065916e-23, nan 
-67.625, -80.875, 1.4704263834233943e-23, nan 
-67.375, -80.875, 1.3086154746016781e-23, nan 
-67.125, -80.875, 1.2872836091139146e-23, nan 
-66.875, -80.875, 1.1995931088615931e-23, nan 
-66.625, -80.875, 1.574620301578075e-23, nan 
-66.375, -80.875, 1.946710326497046e-23, nan 
-66.125, -80.875, 1.6961743158044685e-23, nan 
-65.875, -80.875, 1.5011899701740208e-23, nan 
-65.625, -80.875, 1.3557810431460647e-23, nan 
-65.375, -80.875, 1.1555535650634959e-23, nan 
-65.125, -80.875, 7.419970703310121e-24, nan 
-64.875, -80.875, 3.968738721249228e-24, nan 
-64.625, -80.875, 4.9406446488255685e-24, nan 
-64.375, -80.875, 6.028968296797966e-24, nan 
-64.125, -80.875, 6.950113053776648e-24, nan 
-63.875, -80.875, 8.946967831594349e-24, nan 
-63.625, -80.875, 1.0306815432473254e-23, nan 
-63.375, -80.875, 5.5809252416249055e-24, nan 
-63.125, -80.875, 6.528299476465922e-24, nan 
-62.875, -80.875, 1.430571244193198e-23, nan 
-62.625, -80.875, 1.4526974465505857e-23, nan 
-62.375, -80.875, 1.2168028075312164e-23, nan 
-62.125, -80.875, 1.4400638346173966e-23, nan 
-61.875, -80.875, 1.63887388555589e-23, nan 
-61.625, -80.875, 1.743137746450478e-23, nan 
-61.375, -80.875, 1.1125948903665754e-23, nan 
-61.125, -80.875, 1.599611182521973e-23, nan 
-60.875, -80.875, 1.2069208622410528e-23, nan 
-60.625, -80.875, 1.055220774824931e-23, nan 
-60.375, -80.875, 1.3120812000937015e-23, nan 
-60.125, -80.875, 9.734961115591067e-24, nan 
-59.875, -80.875, 5.798609116256931e-24, nan 
-59.625, -80.875, 1.2975821929402996e-23, nan 
-59.375, -80.875, 9.504103692457968e-24, nan 
-59.125, -80.875, 1.463624615092553e-23, nan 
-58.875, -80.875, 1.5048930817822384e-23, nan 
-58.625, -80.875, 1.3213331632789632e-23, nan 
-58.375, -80.875, 7.74926120276263e-24, nan 
-58.125, -80.875, 4.781371784062126e-24, nan 
-57.875, -80.875, 7.898132496719602e-24, nan 
-57.625, -80.875, 3.268870262381885e-24, nan 
-57.375, -80.875, 5.227406246679649e-24, nan 
-57.125, -80.875, 6.192272444683988e-24, nan 
-56.875, -80.875, 5.053237052929817e-24, nan 
-56.625, -80.875, 4.5224429813254305e-24, nan 
-56.375, -80.875, 4.103043617021187e-24, nan 
-56.125, -80.875, 3.0223270575030577e-24, nan 
-55.875, -80.875, 2.2635090423228795e-24, nan 
-55.625, -80.875, 2.0902132484524326e-24, nan 
-55.375, -80.875, 1.563159586210224e-24, nan 
-55.125, -80.875, 1.1379358213841944e-24, nan 
-54.875, -80.875, 1.2083170448366346e-24, nan 
-54.625, -80.875, 1.0134179224992062e-24, nan 
-54.375, -80.875, 4.483266268434305e-25, nan 
-54.125, -80.875, 1.997054201872065e-24, nan 
-53.875, -80.875, 2.6668813097637586e-24, nan 
-53.625, -80.875, 2.186795132343475e-24, nan 
-53.375, -80.875, 1.8111312281851834e-24, nan 
-53.125, -80.875, 1.3315302498839475e-24, nan 
-52.875, -80.875, 1.6462494849238982e-24, nan 
-52.625, -80.875, 1.2594717628822191e-24, nan 
-52.375, -80.875, 8.786585303405092e-25, nan 
-52.125, -80.875, 7.89088761665071e-25, nan 
-51.875, -80.875, 1.261473506441356e-24, nan 
-51.625, -80.875, 9.388084393523156e-25, nan 
-51.375, -80.875, 9.149896657082932e-25, nan 
-51.125, -80.875, 1.7745295279035536e-24, nan 
-50.875, -80.875, 2.026310913535975e-24, nan 
-50.625, -80.875, 1.2852417282856046e-24, nan 
-50.375, -80.875, 4.209157934657506e-24, nan 
-50.125, -80.875, 5.797774910673533e-24, nan 
-49.875, -80.875, 1.2218787432986751e-24, nan 
-49.625, -80.875, 2.4321526402542094e-24, nan 
-49.375, -80.875, 3.451689386038861e-24, nan 
-49.125, -80.875, 3.6236855934822554e-24, nan 
-48.875, -80.875, 3.1157847447580548e-24, nan 
-48.625, -80.875, 9.187725113550726e-24, nan 
-48.375, -80.875, 1.2139249905011483e-23, nan 
-48.125, -80.875, 1.9923121331889293e-24, nan 
-47.875, -80.875, 6.108289853744623e-24, nan 
-47.625, -80.875, 4.662224909550903e-24, nan 
-47.375, -80.875, 2.918096547598161e-24, nan 
-47.125, -80.875, 2.521546472043875e-24, nan 
-46.875, -80.875, 4.972324046433425e-24, nan 
-46.625, -80.875, 6.574215196966827e-24, nan 
-46.375, -80.875, 2.36903938905089e-24, nan 
-46.125, -80.875, 3.309396659188397e-24, nan 
-45.875, -80.875, 2.6161221718152252e-24, nan 
-45.625, -80.875, 1.9821569936918914e-24, nan 
-45.375, -80.875, 2.1141048465907367e-24, nan 
-45.125, -80.875, 2.3848928589334282e-24, nan 
-44.875, -80.875, 2.6382934372709662e-24, nan 
-44.625, -80.875, 2.5402290301629287e-24, nan 
-44.375, -80.875, 2.6147744445171606e-24, nan 
-44.125, -80.875, 2.5057307213158155e-24, nan 
-43.875, -80.875, 2.0443305063832368e-24, nan 
-43.625, -80.875, 2.5638838760827805e-24, nan 
-43.375, -80.875, 2.6902076091580836e-24, nan 
-43.125, -80.875, 2.6402606451735393e-24, nan 
-42.875, -80.875, 3.1073668739280666e-24, nan 
-42.625, -80.875, 4.069433686941654e-24, nan 
-42.375, -80.875, 3.478173395653379e-24, nan 
-42.125, -80.875, 4.130707675811843e-24, nan 
-41.875, -80.875, 2.1389557589733782e-24, nan 
-41.625, -80.875, 2.4181508828430356e-24, nan 
-41.375, -80.875, 3.4739270790789955e-24, nan 
-41.125, -80.875, 5.9240729517309e-24, nan 
-40.875, -80.875, 6.551987054923817e-24, nan 
-40.625, -80.875, 8.057271423125231e-24, nan 
-40.375, -80.875, 9.946460531042575e-24, nan 
-40.125, -80.875, 5.826116012382794e-24, nan 
-39.875, -80.875, 6.14676329988237e-24, nan 
-39.625, -80.875, 5.532155247221883e-24, nan 
-39.375, -80.875, 5.232070540050064e-24, nan 
-39.125, -80.875, 4.807733284087166e-24, nan 
-38.875, -80.875, 6.889342660414974e-24, nan 
-38.625, -80.875, 8.111901772944222e-24, nan 
-38.375, -80.875, 6.47395672427979e-24, nan 
-38.125, -80.875, 1.0637342945748737e-23, nan 
-37.875, -80.875, 1.0493015599579515e-23, nan 
-37.625, -80.875, 8.243658633353224e-24, nan 
-37.375, -80.875, 6.66666916361505e-24, nan 
-37.125, -80.875, 6.22614723082105e-24, nan 
-36.875, -80.875, 8.176304416791907e-24, nan 
-36.625, -80.875, 8.005906288608649e-24, nan 
-36.375, -80.875, 1.1824515265099459e-23, nan 
-36.125, -80.875, 1.1136027951605332e-23, nan 
-35.875, -80.875, 8.554069199239102e-24, nan 
-35.625, -80.875, 6.454463135756374e-24, nan 
-35.375, -80.875, 4.495397487549304e-24, nan 
-35.125, -80.875, 2.9830505751390688e-24, nan 
-34.875, -80.875, 3.3513293637934845e-24, nan 
-34.625, -80.875, 2.9305673988545737e-24, nan 
-34.375, -80.875, 4.115728826287717e-24, nan 
-34.125, -80.875, 4.244235146588579e-24, nan 
-33.875, -80.875, 2.859241758862325e-24, nan 
-33.625, -80.875, 4.299614242811802e-24, nan 
-33.375, -80.875, 7.388564202935697e-24, nan 
-33.125, -80.875, 7.015104442176445e-24, nan 
-32.875, -80.875, 7.61140438831508e-24, nan 
-32.625, -80.875, 7.528111848270832e-24, nan 
-32.375, -80.875, 6.4385775309203094e-24, nan 
-32.125, -80.875, 3.098131240582066e-24, nan 
-31.875, -80.875, 5.497129885115529e-24, nan 
-31.625, -80.875, 5.76792712506742e-24, nan 
-31.375, -80.875, 3.490046281356966e-24, nan 
-31.125, -80.875, 6.115767905768665e-24, nan 
-30.875, -80.875, 4.925706740517144e-24, nan 
-30.625, -80.875, 8.195651906127126e-24, nan 
-30.375, -80.875, 8.803321075917665e-24, nan 
-30.125, -80.875, 9.766996639015096e-24, nan 
-29.875, -80.875, 9.021815740115542e-24, nan 
-29.625, -80.875, 9.48760791731282e-24, nan 
-29.375, -80.875, 9.80504063864709e-24, nan 
-29.125, -80.875, 9.201586605988077e-24, nan 
-28.875, -80.875, 8.64778436824487e-24, nan 
-28.625, -80.875, 8.116327563164245e-24, nan 
-28.375, -80.875, 9.477890101148456e-24, nan 
-28.125, -80.875, 9.484751139818676e-24, nan 
-27.875, -80.875, 1.2746987873859569e-23, nan 
-27.625, -80.875, 1.1106163167256659e-23, nan 
-27.375, -80.875, 1.2939712895435963e-23, nan 
-27.125, -80.875, 1.282652518663014e-23, nan 
-26.875, -80.875, 1.0501471123706427e-23, nan 
-26.625, -80.875, 1.0362441750878546e-23, nan 
-26.375, -80.875, 6.888362002352705e-24, nan 
-26.125, -80.875, 6.96914887744808e-24, nan 
-25.875, -80.875, 5.758033261357801e-24, nan 
-25.625, -80.875, 6.523650291085163e-24, nan 
-25.375, -80.875, 6.2725022723764354e-24, nan 
-25.125, -80.875, 5.6305938343504026e-24, nan 
-24.875, -80.875, 6.202739091051383e-24, nan 
-24.625, -80.875, 3.996105251129018e-24, nan 
-24.375, -80.875, 3.733021726418406e-24, nan 
-24.125, -80.875, 3.703681596006843e-24, nan 
-23.875, -80.875, 3.50457472484896e-24, nan 
-23.625, -80.875, 2.8775662774292987e-24, nan 
-23.375, -80.875, 2.840742479616313e-24, nan 
-23.125, -80.875, 3.3333822471330305e-24, nan 
-22.875, -80.875, 3.442974155469914e-24, nan 
-22.625, -80.875, 5.0900242772442985e-24, nan 
-22.375, -80.875, 4.063093119332835e-24, nan 
-22.125, -80.875, 3.641848720240153e-24, nan 
-21.875, -80.875, 1.6878019158660606e-24, nan 
-21.625, -80.875, 2.3167497185939363e-24, nan 
-21.375, -80.875, 3.3969819738191676e-24, nan 
-21.125, -80.875, 6.206147408991829e-24, nan 
-20.875, -80.875, 8.558895558777264e-24, nan 
-20.625, -80.875, 7.541045432374552e-24, nan 
-20.375, -80.875, 7.044407988461843e-24, nan 
-20.125, -80.875, 1.915195314417061e-23, nan 
-19.875, -80.875, 3.145467998801962e-23, nan 
-19.625, -80.875, 3.358340589635533e-23, nan 
-19.375, -80.875, 3.7868897587123265e-23, nan 
-19.125, -80.875, 4.7833611935153686e-23, nan 
-18.875, -80.875, 4.252072061179876e-23, nan 
-18.625, -80.875, 2.5567792108680104e-23, nan 
-18.375, -80.875, 3.678860197203091e-24, nan 
-18.125, -80.875, 5.0329432444289965e-24, nan 
-17.875, -80.875, 6.263489113586196e-24, nan 
-17.625, -80.875, 7.129103071046331e-24, nan 
-17.375, -80.875, 8.287741805549878e-24, nan 
-17.125, -80.875, 1.2100719605827608e-23, nan 
-16.875, -80.875, 1.5087092881286884e-23, nan 
-16.625, -80.875, 1.0935470279640385e-23, nan 
-16.375, -80.875, 8.310334916156419e-24, nan 
-16.125, -80.875, 9.436935019772235e-24, nan 
-15.875, -80.875, 9.915562880996106e-24, nan 
-15.625, -80.875, 9.28304481915796e-24, nan 
-15.375, -80.875, 1.0182357618130784e-23, nan 
-15.125, -80.875, 1.1387285398346156e-23, nan 
-14.875, -80.875, 8.889693798136005e-24, nan 
-14.625, -80.875, 8.235883267591703e-24, nan 
-14.375, -80.875, 7.887799384636955e-24, nan 
-14.125, -80.875, 7.680866108507057e-24, nan 
-13.875, -80.875, 6.1550091187012975e-24, nan 
-13.625, -80.875, 5.4611405448575055e-24, nan 
-13.375, -80.875, 4.4858448025209944e-24, nan 
-13.125, -80.875, 3.771719387945419e-24, nan 
-12.875, -80.875, 3.644546992197436e-24, nan 
-12.625, -80.875, 3.1809909008908715e-24, nan 
-12.375, -80.875, 3.0693156770088037e-24, nan 
-12.125, -80.875, 2.9963106615550044e-24, nan 
-11.875, -80.875, 3.1077179290600656e-24, nan 
-11.625, -80.875, 3.1262438515044967e-24, nan 
-11.375, -80.875, 2.5998663769219786e-24, nan 
-11.125, -80.875, 2.775286401567563e-24, nan 
-10.875, -80.875, 2.957596144933062e-24, nan 
-10.625, -80.875, 3.2176948023674388e-24, nan 
-10.375, -80.875, 2.884465379634002e-24, nan 
-10.125, -80.875, 3.2553078978565502e-24, nan 
-9.875, -80.875, 4.75121405718355e-24, nan 
-9.625, -80.875, 5.28874283942883e-24, nan 
-9.375, -80.875, 5.909600737839462e-24, nan 
-9.125, -80.875, 6.944820606195574e-24, nan 
-8.875, -80.875, 9.46749491448711e-24, nan 
-8.625, -80.875, 1.1650385474996018e-23, nan 
-8.375, -80.875, 8.588463887602891e-24, nan 
-8.125, -80.875, 6.2181680934628745e-24, nan 
-7.875, -80.875, 3.1129261957711035e-24, nan 
-7.625, -80.875, 3.2738626760356447e-24, nan 
-7.375, -80.875, 3.387564542678422e-24, nan 
-7.125, -80.875, 3.1937158695604567e-24, nan 
-6.875, -80.875, 2.8732487777575523e-24, nan 
-6.625, -80.875, 2.547524735657436e-24, nan 
-6.375, -80.875, 5.326219081484712e-24, nan 
-6.125, -80.875, 3.394890828660865e-24, nan 
-5.875, -80.875, 3.823473225054651e-24, nan 
-5.625, -80.875, 4.868636088808244e-24, nan 
-5.375, -80.875, 3.969137758926567e-24, nan 
-5.125, -80.875, 4.392057760694983e-24, nan 
-4.875, -80.875, 4.84752464264639e-24, nan 
-4.625, -80.875, 6.238945803464458e-24, nan 
-4.375, -80.875, 5.301088246906049e-24, nan 
-4.125, -80.875, 7.245614924891746e-24, nan 
-3.875, -80.875, 6.590815663070561e-24, nan 
-3.625, -80.875, 6.5877737401500656e-24, nan 
-3.375, -80.875, 6.5563929011551236e-24, nan 
-3.125, -80.875, 6.302981070124658e-24, nan 
-2.875, -80.875, 6.485461844168126e-24, nan 
-2.625, -80.875, 7.784752078741935e-24, nan 
-2.375, -80.875, 8.98795462155832e-24, nan 
-2.125, -80.875, 7.99072541117601e-24, nan 
-1.875, -80.875, 1.0678845935215977e-23, nan 
-1.625, -80.875, 9.738000778036137e-24, nan 
-1.375, -80.875, 1.1958750455483204e-23, nan 
-1.125, -80.875, 1.1500341416719213e-23, nan 
-0.875, -80.875, 8.99754235093055e-24, nan 
-0.625, -80.875, 1.1097250951991874e-23, nan 
-0.375, -80.875, 1.1614957055695789e-23, nan 
-0.125, -80.875, 1.1473431103026723e-23, nan 
0.125, -80.875, 1.0826730672266262e-23, nan 
0.375, -80.875, 9.90007311180741e-24, nan 
0.625, -80.875, 1.3025599310886377e-23, nan 
0.875, -80.875, 1.3265011118539237e-23, nan 
1.125, -80.875, 1.426774805675717e-23, nan 
1.375, -80.875, 1.4748167033286972e-23, nan 
1.625, -80.875, 1.4433373278207103e-23, nan 
1.875, -80.875, 1.3982645101605522e-23, nan 
2.125, -80.875, 1.3924497979502982e-23, nan 
2.375, -80.875, 2.270879751448217e-23, nan 
2.625, -80.875, 2.145592014135582e-23, nan 
2.875, -80.875, 2.2312224289576253e-23, nan 
3.125, -80.875, 2.2533570529457672e-23, nan 
3.375, -80.875, 2.4465299850050856e-23, nan 
3.625, -80.875, 2.3757987266019917e-23, nan 
3.875, -80.875, 2.9975269701370435e-23, nan 
4.125, -80.875, 2.6441008353991348e-23, nan 
4.375, -80.875, 2.5344438465130223e-23, nan 
4.625, -80.875, 2.1252310140110232e-23, nan 
4.875, -80.875, 1.9826809333578945e-23, nan 
5.125, -80.875, 2.1594932133027494e-23, nan 
5.375, -80.875, 1.6616720804047262e-23, nan 
5.625, -80.875, 3.179218227507286e-23, nan 
5.875, -80.875, 3.1783244268319234e-23, nan 
6.125, -80.875, 2.947555846739654e-23, nan 
6.375, -80.875, 2.103232298919849e-23, nan 
6.625, -80.875, 1.3411621998714457e-23, nan 
6.875, -80.875, 1.2850909972791551e-23, nan 
7.125, -80.875, 1.274286872672351e-23, nan 
7.375, -80.875, 1.0207042405870177e-23, nan 
7.625, -80.875, 1.393181281642089e-23, nan 
7.875, -80.875, 2.0534276852497918e-23, nan 
8.125, -80.875, 1.6548142859076867e-23, nan 
8.375, -80.875, 1.5022476805015037e-23, nan 
8.625, -80.875, 1.7115063377208206e-23, nan 
8.875, -80.875, 1.8527855137423726e-23, nan 
9.125, -80.875, 1.632459686791068e-23, nan 
9.375, -80.875, 1.3614189811634185e-23, nan 
9.625, -80.875, 1.0584653288834074e-23, nan 
9.875, -80.875, 1.2963167209096969e-23, nan 
10.125, -80.875, 1.846494952497985e-23, nan 
10.375, -80.875, 2.4929896199910834e-23, nan 
10.625, -80.875, 2.1952272927180874e-23, nan 
10.875, -80.875, 1.9852489343604637e-23, nan 
11.125, -80.875, 3.1605921304577885e-23, nan 
11.375, -80.875, 4.8139831348815465e-23, nan 
11.625, -80.875, 6.083397267554581e-23, nan 
11.875, -80.875, 5.412368203312672e-23, nan 
12.125, -80.875, 5.688997123036937e-23, nan 
12.375, -80.875, 6.266058456308038e-23, nan 
12.625, -80.875, 6.198267430286601e-23, nan 
12.875, -80.875, 5.984222442946771e-23, nan 
13.125, -80.875, 7.251568284966884e-23, nan 
-116.125, -80.625, 2.422656231970742e-24, nan 
-115.875, -80.625, 2.9090130877114466e-24, nan 
-115.625, -80.625, 3.2997222771373097e-24, nan 
-115.375, -80.625, 4.575840100594909e-24, nan 
-115.125, -80.625, 5.147413215831837e-24, nan 
-114.875, -80.625, 5.0413853355513185e-24, nan 
-114.625, -80.625, 5.402376712434395e-24, nan 
-114.375, -80.625, 3.633129258997039e-24, nan 
-114.125, -80.625, 2.6297540584488845e-24, nan 
-113.875, -80.625, 4.114642127193652e-24, nan 
-113.625, -80.625, 3.792174782618612e-24, nan 
-113.375, -80.625, 4.0746360374433675e-24, nan 
-113.125, -80.625, 4.2866387941380584e-24, nan 
-112.875, -80.625, 4.629931748639848e-24, nan 
-112.625, -80.625, 4.1678811687805824e-24, nan 
-112.375, -80.625, 3.7845939143213306e-24, nan 
-112.125, -80.625, 4.662655605249912e-24, nan 
-111.875, -80.625, 1.1539329186560257e-24, nan 
-111.625, -80.625, 2.113707644836693e-24, nan 
-111.375, -80.625, 4.285289616402846e-25, nan 
-111.125, -80.625, 6.247744877244756e-25, nan 
-110.875, -80.625, 9.409573244871845e-25, nan 
-110.625, -80.625, 1.1697934389603551e-24, nan 
-110.375, -80.625, 1.4695701551230472e-24, nan 
-110.125, -80.625, 1.45426801684847e-24, nan 
-109.875, -80.625, 1.4061613295689888e-24, nan 
-109.625, -80.625, 2.0728745531460708e-24, nan 
-109.375, -80.625, 2.03209209447864e-24, nan 
-109.125, -80.625, 2.0099019188416526e-24, nan 
-108.875, -80.625, 2.1161974532280604e-24, nan 
-108.625, -80.625, 3.5160090281053355e-24, nan 
-108.375, -80.625, 3.4283174117933976e-24, nan 
-108.125, -80.625, 3.9218650194699985e-24, nan 
-107.875, -80.625, 3.2492532484519454e-24, nan 
-107.625, -80.625, 2.0583924543561316e-24, nan 
-107.375, -80.625, 2.172177545629956e-24, nan 
-107.125, -80.625, 2.156638177845104e-24, nan 
-106.875, -80.625, 2.410584674001726e-24, nan 
-106.625, -80.625, 3.611392178339732e-24, nan 
-106.375, -80.625, 4.554642760506363e-24, nan 
-106.125, -80.625, 4.606372328740933e-24, nan 
-105.875, -80.625, 4.685405486815301e-24, nan 
-105.625, -80.625, 4.0294502678818435e-24, nan 
-105.375, -80.625, 2.7135071953676678e-24, nan 
-105.125, -80.625, 1.9700785049733283e-24, nan 
-104.875, -80.625, 9.398444563471804e-25, nan 
-104.625, -80.625, 1.1888383169346177e-24, nan 
-104.375, -80.625, 9.258348920984212e-25, nan 
-104.125, -80.625, 1.0109393165983467e-24, nan 
-103.875, -80.625, 2.009388977230934e-24, nan 
-103.625, -80.625, 1.1648606499305617e-24, nan 
-103.375, -80.625, 1.630073777250098e-24, nan 
-103.125, -80.625, 1.1731409068555742e-24, nan 
-102.875, -80.625, 1.140713458828963e-24, nan 
-102.625, -80.625, 1.212215212578199e-24, nan 
-102.375, -80.625, 2.8827796421013276e-24, nan 
-102.125, -80.625, 2.940715573218628e-24, nan 
-101.875, -80.625, 1.4675384863150664e-24, nan 
-101.625, -80.625, 1.636806188529395e-24, nan 
-101.375, -80.625, 1.5860107124805842e-24, nan 
-101.125, -80.625, 1.6207995902469958e-24, nan 
-100.875, -80.625, 2.05875891980896e-24, nan 
-100.625, -80.625, 2.024596920532168e-24, nan 
-100.375, -80.625, 2.1994540792219494e-24, nan 
-100.125, -80.625, 1.8847838842487316e-24, nan 
-99.875, -80.625, 1.5323129635844967e-24, nan 
-99.625, -80.625, 1.743083205449991e-24, nan 
-99.375, -80.625, 3.571609963449408e-24, nan 
-99.125, -80.625, 4.3378503764417144e-24, nan 
-98.875, -80.625, 3.7782868139565645e-24, nan 
-98.625, -80.625, 3.574870363573188e-24, nan 
-98.375, -80.625, 3.542413669998584e-24, nan 
-98.125, -80.625, 3.37830130963616e-24, nan 
-97.875, -80.625, 2.710702706765409e-24, nan 
-97.625, -80.625, 2.1688422268915928e-24, nan 
-97.375, -80.625, 3.5768098923270085e-24, nan 
-97.125, -80.625, 4.340538142656643e-24, nan 
-96.875, -80.625, 3.820068170686767e-24, nan 
-96.625, -80.625, 3.775112880707631e-24, nan 
-96.375, -80.625, 3.900204486204901e-24, nan 
-96.125, -80.625, 3.2613666358471707e-24, nan 
-95.875, -80.625, 2.091187713062747e-24, nan 
-95.625, -80.625, 3.91820264210176e-24, nan 
-95.375, -80.625, 5.29775442111823e-24, nan 
-95.125, -80.625, 4.508287309723675e-24, nan 
-94.875, -80.625, 4.686992465903071e-24, nan 
-94.625, -80.625, 3.996257988101964e-24, nan 
-94.375, -80.625, 2.2299734625446023e-24, nan 
-94.125, -80.625, 1.025006579872246e-24, nan 
-93.875, -80.625, 2.2652817881293517e-24, nan 
-93.625, -80.625, 3.3080144545252313e-24, nan 
-93.375, -80.625, 3.5397459149047775e-24, nan 
-93.125, -80.625, 4.3170119107060265e-24, nan 
-92.875, -80.625, 4.7825378832178036e-24, nan 
-92.625, -80.625, 4.515388307905382e-24, nan 
-92.375, -80.625, 3.462560017679006e-24, nan 
-92.125, -80.625, 2.1814896896270893e-24, nan 
-91.875, -80.625, 2.52185408843679e-24, nan 
-91.625, -80.625, 3.1548820635731893e-24, nan 
-91.375, -80.625, 3.1827152991269644e-24, nan 
-91.125, -80.625, 1.8802328380552072e-24, nan 
-90.875, -80.625, 2.2350482656414047e-24, nan 
-90.625, -80.625, 2.2846271174863397e-24, nan 
-90.375, -80.625, 2.12785098902442e-24, nan 
-90.125, -80.625, 3.877778145034738e-24, nan 
-89.875, -80.625, 3.864334370135309e-24, nan 
-89.625, -80.625, 3.70494153353812e-24, nan 
-89.375, -80.625, 5.2201587663518134e-24, nan 
-89.125, -80.625, 5.372980990981046e-24, nan 
-88.875, -80.625, 4.730098850181198e-24, nan 
-88.625, -80.625, 3.8631418555577696e-24, nan 
-88.375, -80.625, 2.92123886909633e-24, nan 
-88.125, -80.625, 3.1340024063648493e-24, nan 
-87.875, -80.625, 3.317838590577602e-24, nan 
-87.625, -80.625, 3.205970835266299e-24, nan 
-87.375, -80.625, 3.0123812754678738e-24, nan 
-87.125, -80.625, 2.7603459220027857e-24, nan 
-86.875, -80.625, 2.426453150813805e-24, nan 
-86.625, -80.625, 2.8605497124443002e-24, nan 
-86.375, -80.625, 4.0624799746386694e-24, nan 
-86.125, -80.625, 5.393485036990874e-24, nan 
-85.875, -80.625, 4.567482136114631e-24, nan 
-85.625, -80.625, 3.695611487230864e-24, nan 
-85.375, -80.625, 5.166138540157656e-24, nan 
-85.125, -80.625, 5.03524621108193e-24, nan 
-84.875, -80.625, 9.65566274376099e-24, nan 
-84.625, -80.625, 1.0394305194780393e-23, nan 
-84.375, -80.625, 1.0904962251538923e-23, nan 
-84.125, -80.625, 8.684565849561501e-24, nan 
-83.875, -80.625, 5.043825060129415e-24, nan 
-83.625, -80.625, 6.754903620136986e-24, nan 
-83.375, -80.625, 8.523985947500127e-24, nan 
-83.125, -80.625, 7.845574759869542e-24, nan 
-82.875, -80.625, 7.46347164156044e-24, nan 
-82.625, -80.625, 6.72358883848764e-24, nan 
-82.375, -80.625, 3.980363769527389e-24, nan 
-82.125, -80.625, 2.3890122926881008e-24, nan 
-81.875, -80.625, 7.379317739417364e-24, nan 
-81.625, -80.625, 8.76855251028602e-24, nan 
-81.375, -80.625, 8.239788010465221e-24, nan 
-81.125, -80.625, 8.232677677638977e-24, nan 
-80.875, -80.625, 4.760110551315701e-24, nan 
-80.625, -80.625, 3.5933687660139285e-24, nan 
-80.375, -80.625, 3.478353603729876e-24, nan 
-80.125, -80.625, 5.00092208404238e-24, nan 
-79.875, -80.625, 1.4689233900882156e-23, nan 
-79.625, -80.625, 1.8630078036926896e-23, nan 
-79.375, -80.625, 1.8025825573386015e-23, nan 
-79.125, -80.625, 1.0402800375723431e-23, nan 
-78.875, -80.625, 5.4844924947888246e-24, nan 
-78.625, -80.625, 5.285184890572472e-24, nan 
-78.375, -80.625, 6.925048424707699e-24, nan 
-78.125, -80.625, 9.181777742871102e-24, nan 
-77.875, -80.625, 1.018193012170244e-23, nan 
-77.625, -80.625, 9.91822631252574e-24, nan 
-77.375, -80.625, 6.925764140524449e-24, nan 
-77.125, -80.625, 6.568749004348542e-24, nan 
-76.875, -80.625, 5.953280433996851e-24, nan 
-76.625, -80.625, 3.207805689928009e-24, nan 
-76.375, -80.625, 2.2653153607060006e-24, nan 
-76.125, -80.625, 2.733045691954292e-24, nan 
-75.875, -80.625, 4.550325396044636e-24, nan 
-75.625, -80.625, 5.184717132610023e-24, nan 
-75.375, -80.625, 9.949269827467513e-24, nan 
-75.125, -80.625, 1.381885571301742e-23, nan 
-74.875, -80.625, 1.1630029215932198e-23, nan 
-74.625, -80.625, 1.1846948792340167e-23, nan 
-74.375, -80.625, 1.0805827362975525e-23, nan 
-74.125, -80.625, 1.4331950054152433e-23, nan 
-73.875, -80.625, 1.792170358990106e-23, nan 
-73.625, -80.625, 2.0275409644956087e-23, nan 
-73.375, -80.625, 2.159188962835007e-23, nan 
-73.125, -80.625, 1.6081309252830274e-23, nan 
-72.875, -80.625, 1.528723654037172e-23, nan 
-72.625, -80.625, 1.6409068684835818e-23, nan 
-72.375, -80.625, 1.4131625869490778e-23, nan 
-72.125, -80.625, 1.9271913711468882e-23, nan 
-71.875, -80.625, 1.5011668977019613e-23, nan 
-71.625, -80.625, 9.555431352193394e-24, nan 
-71.375, -80.625, 1.0430565879971763e-23, nan 
-71.125, -80.625, 9.15756476929253e-24, nan 
-70.875, -80.625, 1.0667220940131596e-23, nan 
-70.625, -80.625, 6.98501799976392e-24, nan 
-70.375, -80.625, 9.078132425799263e-24, nan 
-70.125, -80.625, 1.331902811004103e-23, nan 
-69.875, -80.625, 1.5699131952082347e-23, nan 
-69.625, -80.625, 1.0466420243835991e-23, nan 
-69.375, -80.625, 4.149541068049068e-24, nan 
-69.125, -80.625, 3.352438211302189e-24, nan 
-68.875, -80.625, 8.608742108951674e-24, nan 
-68.625, -80.625, 1.428132852004464e-23, nan 
-68.375, -80.625, 2.276719179772256e-23, nan 
-68.125, -80.625, 2.534130105273272e-23, nan 
-67.875, -80.625, 2.0819871393489972e-23, nan 
-67.625, -80.625, 2.0320576935106682e-23, nan 
-67.375, -80.625, 1.5139718195082975e-23, nan 
-67.125, -80.625, 1.3446756927642005e-23, nan 
-66.875, -80.625, 1.5742975637327464e-23, nan 
-66.625, -80.625, 2.0809114230773723e-23, nan 
-66.375, -80.625, 2.175844722122793e-23, nan 
-66.125, -80.625, 1.932918775289162e-23, nan 
-65.875, -80.625, 1.8904944236908905e-23, nan 
-65.625, -80.625, 1.4174795978006686e-23, nan 
-65.375, -80.625, 7.035530950024286e-24, nan 
-65.125, -80.625, 4.789020217041411e-24, nan 
-64.875, -80.625, 9.303098646791085e-24, nan 
-64.625, -80.625, 1.5561784030420488e-23, nan 
-64.375, -80.625, 1.714787872993179e-23, nan 
-64.125, -80.625, 1.6325803087562016e-23, nan 
-63.875, -80.625, 1.96693424948398e-23, nan 
-63.625, -80.625, 2.0584500383301152e-23, nan 
-63.375, -80.625, 2.0716903339994462e-23, nan 
-63.125, -80.625, 1.3911464114033786e-23, nan 
-62.875, -80.625, 2.0679212248075976e-23, nan 
-62.625, -80.625, 2.2298524128077822e-23, nan 
-62.375, -80.625, 2.1214851640332447e-23, nan 
-62.125, -80.625, 2.746161160742834e-23, nan 
-61.875, -80.625, 3.029380942979079e-23, nan 
-61.625, -80.625, 3.34238785931928e-23, nan 
-61.375, -80.625, 2.0626108219989203e-23, nan 
-61.125, -80.625, 2.0832854664515395e-23, nan 
-60.875, -80.625, 1.1061361504332435e-23, nan 
-60.625, -80.625, 1.0761056349840574e-23, nan 
-60.375, -80.625, 1.8955820404804394e-23, nan 
-60.125, -80.625, 2.2603364254350566e-23, nan 
-59.875, -80.625, 2.3492960266298872e-23, nan 
-59.625, -80.625, 1.848347635402479e-23, nan 
-59.375, -80.625, 1.429530994362498e-23, nan 
-59.125, -80.625, 2.0176279284899983e-23, nan 
-58.875, -80.625, 1.5432851407780786e-23, nan 
-58.625, -80.625, 7.5213825686184e-24, nan 
-58.375, -80.625, 6.91622698118024e-24, nan 
-58.125, -80.625, 4.1277840559675605e-24, nan 
-57.875, -80.625, 3.505934326543319e-24, nan 
-57.625, -80.625, 5.799919597174634e-24, nan 
-57.375, -80.625, 5.789892698338372e-24, nan 
-57.125, -80.625, 3.7776652707834374e-24, nan 
-56.875, -80.625, 2.447819762449252e-24, nan 
-56.625, -80.625, 4.896721473907494e-24, nan 
-56.375, -80.625, 3.899340217237627e-24, nan 
-56.125, -80.625, 3.330961673804842e-24, nan 
-55.875, -80.625, 3.1961953165816387e-24, nan 
-55.625, -80.625, 3.1040544704130708e-24, nan 
-55.375, -80.625, 2.8056341004548286e-24, nan 
-55.125, -80.625, 3.1256182763700497e-24, nan 
-54.875, -80.625, 2.518588689762236e-24, nan 
-54.625, -80.625, 3.511272614897766e-24, nan 
-54.375, -80.625, 3.757495493994297e-24, nan 
-54.125, -80.625, 3.1800562667076234e-24, nan 
-53.875, -80.625, 3.68574050841292e-24, nan 
-53.625, -80.625, 2.941078632725615e-24, nan 
-53.375, -80.625, 2.5921364915980062e-24, nan 
-53.125, -80.625, 2.041329179519238e-24, nan 
-52.875, -80.625, 2.5104127866530933e-24, nan 
-52.625, -80.625, 2.0200004411915736e-24, nan 
-52.375, -80.625, 2.076058327627179e-24, nan 
-52.125, -80.625, 2.3112992603773482e-24, nan 
-51.875, -80.625, 1.8640669701051568e-24, nan 
-51.625, -80.625, 1.7425331570408704e-24, nan 
-51.375, -80.625, 1.6211070468299555e-24, nan 
-51.125, -80.625, 2.115147664806284e-24, nan 
-50.875, -80.625, 1.794498763656977e-24, nan 
-50.625, -80.625, 1.965010036011626e-24, nan 
-50.375, -80.625, 1.9506978610898083e-24, nan 
-50.125, -80.625, 1.5671696219502527e-24, nan 
-49.875, -80.625, 1.361980732889739e-24, nan 
-49.625, -80.625, 1.6100023910670181e-24, nan 
-49.375, -80.625, 2.790340376817134e-24, nan 
-49.125, -80.625, 3.1073743607770353e-24, nan 
-48.875, -80.625, 1.3154956187278464e-24, nan 
-48.625, -80.625, 3.920800583400216e-24, nan 
-48.375, -80.625, 5.793571841399221e-24, nan 
-48.125, -80.625, 2.0695568276538455e-24, nan 
-47.875, -80.625, 4.274036280359774e-24, nan 
-47.625, -80.625, 3.029975415224923e-24, nan 
-47.375, -80.625, 2.5874581706036275e-24, nan 
-47.125, -80.625, 2.4803236426053358e-24, nan 
-46.875, -80.625, 2.1006612640556677e-24, nan 
-46.625, -80.625, 2.572320692642728e-24, nan 
-46.375, -80.625, 2.671205038197899e-24, nan 
-46.125, -80.625, 2.6742923831424882e-24, nan 
-45.875, -80.625, 2.513625188708493e-24, nan 
-45.625, -80.625, 2.350544733598189e-24, nan 
-45.375, -80.625, 2.3621106314556852e-24, nan 
-45.125, -80.625, 2.435288860722408e-24, nan 
-44.875, -80.625, 3.194673189453957e-24, nan 
-44.625, -80.625, 2.810906552808376e-24, nan 
-44.375, -80.625, 3.6012044181887075e-24, nan 
-44.125, -80.625, 2.5248924996211132e-24, nan 
-43.875, -80.625, 2.2553093935801278e-24, nan 
-43.625, -80.625, 1.7983302546922987e-24, nan 
-43.375, -80.625, 1.3754483451412937e-24, nan 
-43.125, -80.625, 5.1335311010356e-25, nan 
-42.875, -80.625, 1.211615654218786e-24, nan 
-42.625, -80.625, 4.990658566656925e-24, nan 
-42.375, -80.625, 2.098226255456487e-24, nan 
-42.125, -80.625, 2.8997717028086186e-24, nan 
-41.875, -80.625, 4.135108852736112e-24, nan 
-41.625, -80.625, 4.412164193008848e-24, nan 
-41.375, -80.625, 3.749209309813414e-24, nan 
-41.125, -80.625, 5.237695378019085e-24, nan 
-40.875, -80.625, 5.6395080203521365e-24, nan 
-40.625, -80.625, 7.138116673288609e-24, nan 
-40.375, -80.625, 8.781514484592023e-24, nan 
-40.125, -80.625, 7.52160608765485e-24, nan 
-39.875, -80.625, 8.153363631629164e-24, nan 
-39.625, -80.625, 5.572613081136767e-24, nan 
-39.375, -80.625, 5.356837500497815e-24, nan 
-39.125, -80.625, 4.378758718440425e-24, nan 
-38.875, -80.625, 5.104769732353937e-24, nan 
-38.625, -80.625, 4.20844275624653e-24, nan 
-38.375, -80.625, 4.570236769964622e-24, nan 
-38.125, -80.625, 6.418921664498099e-24, nan 
-37.875, -80.625, 7.51888216302452e-24, nan 
-37.625, -80.625, 7.20638161181957e-24, nan 
-37.375, -80.625, 6.491112333136083e-24, nan 
-37.125, -80.625, 7.734053836951339e-24, nan 
-36.875, -80.625, 9.669629654965475e-24, nan 
-36.625, -80.625, 9.528391534953018e-24, nan 
-36.375, -80.625, 8.578303117750188e-24, nan 
-36.125, -80.625, 7.2177848623225e-24, nan 
-35.875, -80.625, 7.783221323419287e-24, nan 
-35.625, -80.625, 8.983792518188403e-24, nan 
-35.375, -80.625, 7.060473275755268e-24, nan 
-35.125, -80.625, 1.1065819510599887e-23, nan 
-34.875, -80.625, 1.0841120491039833e-23, nan 
-34.625, -80.625, 6.971436602544911e-24, nan 
-34.375, -80.625, 4.379748555812756e-24, nan 
-34.125, -80.625, 3.530364655042895e-24, nan 
-33.875, -80.625, 4.471414732240091e-24, nan 
-33.625, -80.625, 5.88202668092227e-24, nan 
-33.375, -80.625, 1.1391233347667211e-23, nan 
-33.125, -80.625, 1.3967200063138735e-23, nan 
-32.875, -80.625, 9.147437280218275e-24, nan 
-32.625, -80.625, 9.505364561364679e-24, nan 
-32.375, -80.625, 1.5353826034991442e-24, nan 
-32.125, -80.625, 6.889674901638904e-24, nan 
-31.875, -80.625, 5.607296026449565e-24, nan 
-31.625, -80.625, 7.817856181350278e-24, nan 
-31.375, -80.625, 1.509450338034006e-23, nan 
-31.125, -80.625, 1.0971264948991384e-23, nan 
-30.875, -80.625, 1.6374802637088304e-23, nan 
-30.625, -80.625, 7.904327785093886e-24, nan 
-30.375, -80.625, 1.0167708545853746e-23, nan 
-30.125, -80.625, 1.0240072833994723e-23, nan 
-29.875, -80.625, 1.024510367355074e-23, nan 
-29.625, -80.625, 1.2828800952280249e-23, nan 
-29.375, -80.625, 1.029715388940173e-23, nan 
-29.125, -80.625, 1.1459010750324493e-23, nan 
-28.875, -80.625, 5.6378317077041106e-24, nan 
-28.625, -80.625, 7.994193749606691e-24, nan 
-28.375, -80.625, 9.636747981609394e-24, nan 
-28.125, -80.625, 1.0452664139538796e-23, nan 
-27.875, -80.625, 1.227008538540299e-23, nan 
-27.625, -80.625, 1.061960551947148e-23, nan 
-27.375, -80.625, 1.1597190428785981e-23, nan 
-27.125, -80.625, 1.1456483072250986e-23, nan 
-26.875, -80.625, 3.411852751632514e-24, nan 
-26.625, -80.625, 3.86788369334123e-24, nan 
-26.375, -80.625, 5.921473104006451e-24, nan 
-26.125, -80.625, 5.1950796069777066e-24, nan 
-25.875, -80.625, 5.2532941103318704e-24, nan 
-25.625, -80.625, 5.194926156332833e-24, nan 
-25.375, -80.625, 5.412046220849594e-24, nan 
-25.125, -80.625, 4.868148864272678e-24, nan 
-24.875, -80.625, 5.527443842701011e-24, nan 
-24.625, -80.625, 4.551330598429038e-24, nan 
-24.375, -80.625, 4.205055543685651e-24, nan 
-24.125, -80.625, 4.314246858680079e-24, nan 
-23.875, -80.625, 4.2935411818915464e-24, nan 
-23.625, -80.625, 3.105089229060057e-24, nan 
-23.375, -80.625, 2.6076806132809807e-24, nan 
-23.125, -80.625, 3.1311928731197466e-24, nan 
-22.875, -80.625, 2.6359409042479155e-24, nan 
-22.625, -80.625, 2.3584240466949236e-24, nan 
-22.375, -80.625, 1.961650390584593e-24, nan 
-22.125, -80.625, 2.061228483359856e-24, nan 
-21.875, -80.625, 2.3399643292226627e-24, nan 
-21.625, -80.625, 4.087715832490339e-24, nan 
-21.375, -80.625, 3.0187186057639527e-24, nan 
-21.125, -80.625, 3.7185662866643184e-24, nan 
-20.875, -80.625, 4.336842660240029e-24, nan 
-20.625, -80.625, 4.480753337515612e-24, nan 
-20.375, -80.625, 3.497946955488049e-24, nan 
-20.125, -80.625, 4.1601219896862806e-24, nan 
-19.875, -80.625, 8.115549558423576e-24, nan 
-19.625, -80.625, 6.934969167535978e-24, nan 
-19.375, -80.625, 6.369809198296295e-24, nan 
-19.125, -80.625, 5.660988373240289e-24, nan 
-18.875, -80.625, 3.6612407072046105e-24, nan 
-18.625, -80.625, 3.0603807480988753e-24, nan 
-18.375, -80.625, 3.479760443894465e-24, nan 
-18.125, -80.625, 5.9940007725222834e-24, nan 
-17.875, -80.625, 5.717059964642797e-24, nan 
-17.625, -80.625, 5.1236614438875775e-24, nan 
-17.375, -80.625, 6.411127853246446e-24, nan 
-17.125, -80.625, 8.788272988257399e-24, nan 
-16.875, -80.625, 1.1111748396228734e-23, nan 
-16.625, -80.625, 1.2774242091820515e-23, nan 
-16.375, -80.625, 1.1972562112853133e-23, nan 
-16.125, -80.625, 1.2574657280139828e-23, nan 
-15.875, -80.625, 1.1567516471096114e-23, nan 
-15.625, -80.625, 7.057896863809041e-24, nan 
-15.375, -80.625, 9.650229656588158e-24, nan 
-15.125, -80.625, 1.1586282609435833e-23, nan 
-14.875, -80.625, 1.2562684731461488e-23, nan 
-14.625, -80.625, 1.1661576258815358e-23, nan 
-14.375, -80.625, 1.1917328842907017e-23, nan 
-14.125, -80.625, 9.872523374803457e-24, nan 
-13.875, -80.625, 6.025397416826141e-24, nan 
-13.625, -80.625, 2.8436262074215102e-24, nan 
-13.375, -80.625, 2.144450233197483e-24, nan 
-13.125, -80.625, 1.5964800373240401e-24, nan 
-12.875, -80.625, 1.8047683897618342e-24, nan 
-12.625, -80.625, 1.6817879917685383e-24, nan 
-12.375, -80.625, 1.598799738487069e-24, nan 
-12.125, -80.625, 2.0491965676915706e-24, nan 
-11.875, -80.625, 2.001503287969744e-24, nan 
-11.625, -80.625, 3.518879433089067e-24, nan 
-11.375, -80.625, 4.5555450533805235e-24, nan 
-11.125, -80.625, 4.8599772317031535e-24, nan 
-10.875, -80.625, 5.520485583627104e-24, nan 
-10.625, -80.625, 7.820550707809997e-24, nan 
-10.375, -80.625, 1.0576760274244303e-23, nan 
-10.125, -80.625, 7.487431348765764e-24, nan 
-9.875, -80.625, 5.2382680211057866e-24, nan 
-9.625, -80.625, 6.82772490265814e-24, nan 
-9.375, -80.625, 7.230049097442715e-24, nan 
-9.125, -80.625, 8.387285889686237e-24, nan 
-8.875, -80.625, 1.4336204781290793e-23, nan 
-8.625, -80.625, 1.851768584907225e-23, nan 
-8.375, -80.625, 1.281275686839636e-23, nan 
-8.125, -80.625, 2.398270973467517e-24, nan 
-7.875, -80.625, 3.8762149042889806e-24, nan 
-7.625, -80.625, 5.128455762414674e-24, nan 
-7.375, -80.625, 6.479353571176678e-24, nan 
-7.125, -80.625, 1.0284260764883305e-23, nan 
-6.875, -80.625, 1.1572432100739762e-23, nan 
-6.625, -80.625, 8.236531062246437e-24, nan 
-6.375, -80.625, 5.0986362739814e-24, nan 
-6.125, -80.625, 4.2941646236430354e-24, nan 
-5.875, -80.625, 4.24152749925606e-24, nan 
-5.625, -80.625, 6.3507408680809064e-24, nan 
-5.375, -80.625, 5.219577848467547e-24, nan 
-5.125, -80.625, 5.190552812401636e-24, nan 
-4.875, -80.625, 5.385567907135668e-24, nan 
-4.625, -80.625, 7.007328995178521e-24, nan 
-4.375, -80.625, 6.341414708411471e-24, nan 
-4.125, -80.625, 8.443330798291964e-24, nan 
-3.875, -80.625, 7.794062410111374e-24, nan 
-3.625, -80.625, 6.82492596649176e-24, nan 
-3.375, -80.625, 7.444197776701442e-24, nan 
-3.125, -80.625, 8.775493298518461e-24, nan 
-2.875, -80.625, 8.346448846988385e-24, nan 
-2.625, -80.625, 6.777197795381802e-24, nan 
-2.375, -80.625, 7.39612393863927e-24, nan 
-2.125, -80.625, 7.10998303219161e-24, nan 
-1.875, -80.625, 8.197406510409374e-24, nan 
-1.625, -80.625, 7.292050174977504e-24, nan 
-1.375, -80.625, 9.026955673112645e-24, nan 
-1.125, -80.625, 8.009706164328354e-24, nan 
-0.875, -80.625, 1.0172753595697313e-23, nan 
-0.625, -80.625, 1.1515658440875351e-23, nan 
-0.375, -80.625, 1.2206489926240443e-23, nan 
-0.125, -80.625, 8.602078024157589e-24, nan 
0.125, -80.625, 5.974674857795214e-24, nan 
0.375, -80.625, 5.639575806663558e-24, nan 
0.625, -80.625, 4.771994497688661e-24, nan 
0.875, -80.625, 3.824966631347935e-24, nan 
1.125, -80.625, 1.0597593102511741e-23, nan 
1.375, -80.625, 9.407566408265638e-24, nan 
1.625, -80.625, 6.96183402631316e-24, nan 
1.875, -80.625, 8.704481610800345e-24, nan 
2.125, -80.625, 7.953998689743425e-24, nan 
2.375, -80.625, 9.461817643139939e-24, nan 
2.625, -80.625, 8.375694458946852e-24, nan 
2.875, -80.625, 9.970568504147222e-24, nan 
3.125, -80.625, 8.823252616613577e-24, nan 
3.375, -80.625, 1.0510485393374133e-23, nan 
3.625, -80.625, 1.1725452207484826e-23, nan 
3.875, -80.625, 1.181172595238273e-23, nan 
4.125, -80.625, 1.4701009734805502e-23, nan 
4.375, -80.625, 1.3423781552266077e-23, nan 
4.625, -80.625, 1.2509068490284033e-23, nan 
4.875, -80.625, 1.42236356794901e-23, nan 
5.125, -80.625, 1.6633644234551165e-23, nan 
5.375, -80.625, 1.347201562808596e-23, nan 
5.625, -80.625, 2.1878489790596772e-23, nan 
5.875, -80.625, 2.3370957311699633e-23, nan 
6.125, -80.625, 2.2532006603705478e-23, nan 
6.375, -80.625, 1.778185663543186e-23, nan 
6.625, -80.625, 1.6552587794204896e-23, nan 
6.875, -80.625, 1.5967838624039452e-23, nan 
7.125, -80.625, 1.7242859397331558e-23, nan 
7.375, -80.625, 1.6346662527558327e-23, nan 
7.625, -80.625, 1.6168537434614716e-23, nan 
7.875, -80.625, 1.9190115558492374e-23, nan 
8.125, -80.625, 2.731788552661776e-23, nan 
8.375, -80.625, 2.6324660827910046e-23, nan 
8.625, -80.625, 3.0855201318124784e-23, nan 
8.875, -80.625, 2.4365644138010922e-23, nan 
9.125, -80.625, 1.5367681030026177e-23, nan 
9.375, -80.625, 1.5947092724462063e-23, nan 
9.625, -80.625, 1.6683940045710332e-23, nan 
9.875, -80.625, 2.6884572709248457e-23, nan 
10.125, -80.625, 3.0536034859103175e-23, nan 
10.375, -80.625, 4.784197953022717e-23, nan 
10.625, -80.625, 2.775097973649707e-23, nan 
10.875, -80.625, 1.941153667047905e-23, nan 
11.125, -80.625, 2.2058181547231893e-23, nan 
11.375, -80.625, 2.4726768209416227e-23, nan 
11.625, -80.625, 1.5087889256336094e-23, nan 
11.875, -80.625, 1.9301702964028158e-23, nan 
12.125, -80.625, 3.6422901387128845e-23, nan 
12.375, -80.625, 1.7562414072130027e-23, nan 
12.625, -80.625, 2.528190933599574e-23, nan 
12.875, -80.625, 3.44849357171992e-23, nan 
13.125, -80.625, 4.483465330264896e-23, nan 
13.375, -80.625, 6.632133398126893e-23, nan 
-116.375, -80.375, 4.036943157018687e-25, nan 
-116.125, -80.375, 5.027756104495926e-25, nan 
-115.875, -80.375, 8.091540404370264e-25, nan 
-115.625, -80.375, 9.999966546775173e-25, nan 
-115.375, -80.375, 2.0640239343740305e-24, nan 
-115.125, -80.375, 2.084141279361463e-24, nan 
-114.875, -80.375, 2.3344756123062104e-24, nan 
-114.625, -80.375, 2.5777740387817583e-24, nan 
-114.375, -80.375, 1.825156723100714e-24, nan 
-114.125, -80.375, 2.3958974505746105e-24, nan 
-113.875, -80.375, 1.9534523411791716e-24, nan 
-113.625, -80.375, 3.711088143743159e-24, nan 
-113.375, -80.375, 3.9816281766154574e-24, nan 
-113.125, -80.375, 4.506756433132257e-24, nan 
-112.875, -80.375, 4.487778963680052e-24, nan 
-112.625, -80.375, 5.843137230828685e-24, nan 
-112.375, -80.375, 5.359574770549103e-24, nan 
-112.125, -80.375, 6.221886019834089e-24, nan 
-111.875, -80.375, 3.459362800081017e-24, nan 
-111.625, -80.375, 3.722658560759516e-24, nan 
-111.375, -80.375, 5.689969594404916e-24, nan 
-111.125, -80.375, 5.5499942009677556e-24, nan 
-110.875, -80.375, 5.9069233334875935e-24, nan 
-110.625, -80.375, 2.7974139649826286e-24, nan 
-110.375, -80.375, 2.3073706586621057e-24, nan 
-110.125, -80.375, 6.152552587392274e-25, nan 
-109.875, -80.375, 5.451698761845982e-25, nan 
-109.625, -80.375, 6.166176865981389e-25, nan 
-109.375, -80.375, 5.486488883005161e-25, nan 
-109.125, -80.375, 6.347733097153912e-25, nan 
-108.875, -80.375, 9.679008146911056e-25, nan 
-108.625, -80.375, 1.1475403657788669e-24, nan 
-108.375, -80.375, 7.428164118260668e-25, nan 
-108.125, -80.375, 6.80833898033625e-25, nan 
-107.875, -80.375, 7.992395175421161e-25, nan 
-107.625, -80.375, 2.4883014962349432e-24, nan 
-107.375, -80.375, 3.212644344472772e-24, nan 
-107.125, -80.375, 3.1965315308103992e-24, nan 
-106.875, -80.375, 2.3533197587786916e-24, nan 
-106.625, -80.375, 2.6347363646436532e-24, nan 
-106.375, -80.375, 6.935459393627333e-24, nan 
-106.125, -80.375, 8.040581156300284e-24, nan 
-105.875, -80.375, 8.325504261414112e-24, nan 
-105.625, -80.375, 6.403289710570697e-24, nan 
-105.375, -80.375, 3.0753654382404492e-24, nan 
-105.125, -80.375, 5.501961384000679e-24, nan 
-104.875, -80.375, 6.213313027492479e-24, nan 
-104.625, -80.375, 6.309828231691456e-24, nan 
-104.375, -80.375, 5.058764967106448e-24, nan 
-104.125, -80.375, 2.2407279596116937e-24, nan 
-103.875, -80.375, 1.843615265520953e-24, nan 
-103.625, -80.375, 3.972205560778178e-24, nan 
-103.375, -80.375, 4.897254233775823e-24, nan 
-103.125, -80.375, 2.3129710045007964e-24, nan 
-102.875, -80.375, 1.703979890355865e-24, nan 
-102.625, -80.375, 1.521362828631838e-24, nan 
-102.375, -80.375, 6.098293670071058e-24, nan 
-102.125, -80.375, 7.11844696669915e-24, nan 
-101.875, -80.375, 2.5285513540757525e-24, nan 
-101.625, -80.375, 1.7557498710665705e-24, nan 
-101.375, -80.375, 1.5468630017677923e-24, nan 
-101.125, -80.375, 3.7900128789563374e-24, nan 
-100.875, -80.375, 4.5735296992761185e-24, nan 
-100.625, -80.375, 4.767836328414073e-24, nan 
-100.375, -80.375, 6.021771693981573e-24, nan 
-100.125, -80.375, 6.729859584921465e-24, nan 
-99.875, -80.375, 7.14275450031664e-24, nan 
-99.625, -80.375, 5.986657378301735e-24, nan 
-99.375, -80.375, 7.540925810843627e-24, nan 
-99.125, -80.375, 9.618192172691299e-24, nan 
-98.875, -80.375, 1.053719954437417e-23, nan 
-98.625, -80.375, 9.770341452864592e-24, nan 
-98.375, -80.375, 5.9477306719455345e-24, nan 
-98.125, -80.375, 6.1262149465787525e-24, nan 
-97.875, -80.375, 7.049403661758467e-24, nan 
-97.625, -80.375, 6.196365612982026e-24, nan 
-97.375, -80.375, 6.396906231671957e-24, nan 
-97.125, -80.375, 5.427879187022122e-24, nan 
-96.875, -80.375, 4.459871084691074e-24, nan 
-96.625, -80.375, 4.077362642405136e-24, nan 
-96.375, -80.375, 3.738963264460714e-24, nan 
-96.125, -80.375, 2.851739786117476e-24, nan 
-95.875, -80.375, 2.0871480553627005e-24, nan 
-95.625, -80.375, 1.9950604844635898e-24, nan 
-95.375, -80.375, 2.4885299651862765e-24, nan 
-95.125, -80.375, 2.2415793903577146e-24, nan 
-94.875, -80.375, 2.5848089250823573e-24, nan 
-94.625, -80.375, 2.6229855963669667e-24, nan 
-94.375, -80.375, 1.47748248093621e-24, nan 
-94.125, -80.375, 1.565524296856101e-24, nan 
-93.875, -80.375, 1.2525454538998769e-24, nan 
-93.625, -80.375, 1.441660979785243e-24, nan 
-93.375, -80.375, 6.121417658897213e-25, nan 
-93.125, -80.375, 1.2998477058522153e-24, nan 
-92.875, -80.375, 1.4305300783910364e-24, nan 
-92.625, -80.375, 1.062192947708079e-24, nan 
-92.375, -80.375, 1.1331402398642735e-24, nan 
-92.125, -80.375, 6.372389324262454e-25, nan 
-91.875, -80.375, 8.505355589072515e-25, nan 
-91.625, -80.375, 9.098458211524254e-25, nan 
-91.375, -80.375, 9.21257310842844e-25, nan 
-91.125, -80.375, 7.64046423242976e-25, nan 
-90.875, -80.375, 7.484919968871314e-25, nan 
-90.625, -80.375, 8.453751187915266e-25, nan 
-90.375, -80.375, 1.3103781371155014e-24, nan 
-90.125, -80.375, 2.1030749208730865e-24, nan 
-89.875, -80.375, 3.2470556967575992e-24, nan 
-89.625, -80.375, 3.705343234348752e-24, nan 
-89.375, -80.375, 4.311225598038983e-24, nan 
-89.125, -80.375, 4.286521918407034e-24, nan 
-88.875, -80.375, 4.022030711706102e-24, nan 
-88.625, -80.375, 4.242258474156195e-24, nan 
-88.375, -80.375, 5.489591382367954e-24, nan 
-88.125, -80.375, 6.134372259293213e-24, nan 
-87.875, -80.375, 5.5413493299673234e-24, nan 
-87.625, -80.375, 4.169059784816096e-24, nan 
-87.375, -80.375, 2.5748937719022065e-24, nan 
-87.125, -80.375, 3.343504427644215e-24, nan 
-86.875, -80.375, 4.715713827462761e-24, nan 
-86.625, -80.375, 4.505241248928544e-24, nan 
-86.375, -80.375, 4.9259434082244854e-24, nan 
-86.125, -80.375, 4.116228610659474e-24, nan 
-85.875, -80.375, 3.502856124538452e-24, nan 
-85.625, -80.375, 3.518762236975811e-24, nan 
-85.375, -80.375, 3.277652679878431e-24, nan 
-85.125, -80.375, 3.5082879183741495e-24, nan 
-84.875, -80.375, 3.2909430932881758e-24, nan 
-84.625, -80.375, 2.5383332028887527e-24, nan 
-84.375, -80.375, 2.1735494654159737e-24, nan 
-84.125, -80.375, 1.8714235739564677e-24, nan 
-83.875, -80.375, 1.5157349025975882e-24, nan 
-83.625, -80.375, 3.9385858120289455e-24, nan 
-83.375, -80.375, 5.187388802268041e-24, nan 
-83.125, -80.375, 4.8275216813598044e-24, nan 
-82.875, -80.375, 4.396215843537336e-24, nan 
-82.625, -80.375, 5.5706828579355744e-24, nan 
-82.375, -80.375, 7.278779068986122e-24, nan 
-82.125, -80.375, 8.661996444975898e-24, nan 
-81.875, -80.375, 5.266286175998776e-24, nan 
-81.625, -80.375, 4.1814246217695784e-24, nan 
-81.375, -80.375, 1.629124410286072e-24, nan 
-81.125, -80.375, 1.839244239096894e-24, nan 
-80.875, -80.375, 2.6079663067916698e-24, nan 
-80.625, -80.375, 2.4531805104465356e-24, nan 
-80.375, -80.375, 1.9745018287543324e-24, nan 
-80.125, -80.375, 1.6992240267203124e-24, nan 
-79.875, -80.375, 6.199570725436966e-24, nan 
-79.625, -80.375, 7.570313061409632e-24, nan 
-79.375, -80.375, 7.57171635382166e-24, nan 
-79.125, -80.375, 2.757899281746188e-24, nan 
-78.875, -80.375, 6.74178941393849e-25, nan 
-78.625, -80.375, 1.7093620135079455e-24, nan 
-78.375, -80.375, 1.4969895485743157e-24, nan 
-78.125, -80.375, 1.95509288074638e-24, nan 
-77.875, -80.375, 1.3701538152013866e-24, nan 
-77.625, -80.375, 1.5361201964453488e-24, nan 
-77.375, -80.375, 8.71652119282414e-25, nan 
-77.125, -80.375, 1.1545067569793209e-24, nan 
-76.875, -80.375, 1.2625364045275012e-24, nan 
-76.625, -80.375, 1.390612483909232e-24, nan 
-76.375, -80.375, 1.1251887863669111e-24, nan 
-76.125, -80.375, 7.821989933668814e-25, nan 
-75.875, -80.375, 7.483726236817067e-25, nan 
-75.625, -80.375, 9.259504163101142e-25, nan 
-75.375, -80.375, 1.813477688137931e-24, nan 
-75.125, -80.375, 9.883793560230197e-25, nan 
-74.875, -80.375, 1.23372954394281e-24, nan 
-74.625, -80.375, 3.127398361698266e-24, nan 
-74.375, -80.375, 1.1396410912857395e-23, nan 
-74.125, -80.375, 1.8160710285043264e-23, nan 
-73.875, -80.375, 1.9982367218756562e-23, nan 
-73.625, -80.375, 2.1979032821353623e-23, nan 
-73.375, -80.375, 2.0701164023334844e-23, nan 
-73.125, -80.375, 1.7845519039919656e-23, nan 
-72.875, -80.375, 2.4177828345396916e-23, nan 
-72.625, -80.375, 2.4966343232031063e-23, nan 
-72.375, -80.375, 2.4494648958524814e-23, nan 
-72.125, -80.375, 2.5452390517445787e-23, nan 
-71.875, -80.375, 1.9887195641850132e-23, nan 
-71.625, -80.375, 1.6809939297869541e-23, nan 
-71.375, -80.375, 1.8114632559946883e-23, nan 
-71.125, -80.375, 1.8687581687030104e-23, nan 
-70.875, -80.375, 2.4919182949961098e-23, nan 
-70.625, -80.375, 2.4683458144494907e-23, nan 
-70.375, -80.375, 2.1277545464760113e-23, nan 
-70.125, -80.375, 2.1171190875415234e-23, nan 
-69.875, -80.375, 1.7998357837882913e-23, nan 
-69.625, -80.375, 1.5023160244506743e-23, nan 
-69.375, -80.375, 1.3618433522598517e-23, nan 
-69.125, -80.375, 1.0590340143988437e-23, nan 
-68.875, -80.375, 1.2206979659566236e-23, nan 
-68.625, -80.375, 1.2989531669264152e-23, nan 
-68.375, -80.375, 1.9857919032354117e-23, nan 
-68.125, -80.375, 2.1207765770857993e-23, nan 
-67.875, -80.375, 2.0994079403563694e-23, nan 
-67.625, -80.375, 1.9494425139256925e-23, nan 
-67.375, -80.375, 1.6566687282603776e-23, nan 
-67.125, -80.375, 1.9017985307292162e-23, nan 
-66.875, -80.375, 1.4780883463381916e-23, nan 
-66.625, -80.375, 1.984113321449889e-23, nan 
-66.375, -80.375, 1.7687777012702835e-23, nan 
-66.125, -80.375, 1.2753453619655811e-23, nan 
-65.875, -80.375, 7.204312684622025e-24, nan 
-65.625, -80.375, 6.495186562499771e-24, nan 
-65.375, -80.375, 7.870931925453636e-24, nan 
-65.125, -80.375, 5.5913018572866234e-24, nan 
-64.875, -80.375, 5.537559322028708e-24, nan 
-64.625, -80.375, 1.4305314465279737e-23, nan 
-64.375, -80.375, 1.656973749646705e-23, nan 
-64.125, -80.375, 2.087572442774347e-23, nan 
-63.875, -80.375, 2.5682896722005346e-23, nan 
-63.625, -80.375, 2.8499651157348603e-23, nan 
-63.375, -80.375, 2.0562646371630116e-23, nan 
-63.125, -80.375, 2.0873559878902878e-23, nan 
-62.875, -80.375, 2.0403408713154228e-23, nan 
-62.625, -80.375, 2.526607999376501e-23, nan 
-62.375, -80.375, 2.9412886055035646e-23, nan 
-62.125, -80.375, 1.58985229750812e-23, nan 
-61.875, -80.375, 2.1080609883279548e-23, nan 
-61.625, -80.375, 1.0647779381013158e-23, nan 
-61.375, -80.375, 1.0454417043908707e-23, nan 
-61.125, -80.375, 1.1812180459169783e-23, nan 
-60.875, -80.375, 1.4425626965962022e-23, nan 
-60.625, -80.375, 2.3867434187788884e-23, nan 
-60.375, -80.375, 2.935248771565309e-23, nan 
-60.125, -80.375, 2.8454437021355766e-23, nan 
-59.875, -80.375, 2.3953160646340193e-23, nan 
-59.625, -80.375, 1.9987567754024747e-23, nan 
-59.375, -80.375, 2.1069376615058982e-23, nan 
-59.125, -80.375, 4.11436284095649e-23, nan 
-58.875, -80.375, 3.385370641238785e-23, nan 
-58.625, -80.375, 3.36140691207552e-23, nan 
-58.375, -80.375, 1.6855161258708157e-23, nan 
-58.125, -80.375, 6.78400982231918e-24, nan 
-57.875, -80.375, 9.533052565099461e-24, nan 
-57.625, -80.375, 8.64823092960674e-24, nan 
-57.375, -80.375, 7.260051399081251e-24, nan 
-57.125, -80.375, 6.299155443532479e-24, nan 
-56.875, -80.375, 4.1733385337922485e-24, nan 
-56.625, -80.375, 3.447660009513501e-24, nan 
-56.375, -80.375, 2.5951674278044726e-24, nan 
-56.125, -80.375, 2.637030350203215e-24, nan 
-55.875, -80.375, 2.9973774348918655e-24, nan 
-55.625, -80.375, 3.3428704352081105e-24, nan 
-55.375, -80.375, 3.196552976618461e-24, nan 
-55.125, -80.375, 3.1439703000856187e-24, nan 
-54.875, -80.375, 2.9747325283562807e-24, nan 
-54.625, -80.375, 3.923218286934307e-24, nan 
-54.375, -80.375, 4.6007297529795946e-24, nan 
-54.125, -80.375, 3.416883804542781e-24, nan 
-53.875, -80.375, 2.9731386377298663e-24, nan 
-53.625, -80.375, 2.9956739331604188e-24, nan 
-53.375, -80.375, 3.1234241412390763e-24, nan 
-53.125, -80.375, 3.315813475191623e-24, nan 
-52.875, -80.375, 3.930892209315034e-24, nan 
-52.625, -80.375, 3.732458221626114e-24, nan 
-52.375, -80.375, 2.8886700092118546e-24, nan 
-52.125, -80.375, 4.8140933845011256e-24, nan 
-51.875, -80.375, 7.551519671769461e-24, nan 
-51.625, -80.375, 6.430746599568772e-24, nan 
-51.375, -80.375, 1.6112575764066968e-24, nan 
-51.125, -80.375, 3.138198569122172e-24, nan 
-50.875, -80.375, 3.455668399985593e-24, nan 
-50.625, -80.375, 2.5185308049315105e-24, nan 
-50.375, -80.375, 2.4846249958579698e-24, nan 
-50.125, -80.375, 1.8136049579933836e-24, nan 
-49.875, -80.375, 1.6840651862791737e-24, nan 
-49.625, -80.375, 2.696445133149489e-24, nan 
-49.375, -80.375, 2.402169400726746e-24, nan 
-49.125, -80.375, 2.535655629509929e-24, nan 
-48.875, -80.375, 1.8952244264877428e-24, nan 
-48.625, -80.375, 1.6194035527933559e-24, nan 
-48.375, -80.375, 1.133221644115734e-24, nan 
-48.125, -80.375, 1.9339822956567912e-24, nan 
-47.875, -80.375, 1.8218165996086035e-24, nan 
-47.625, -80.375, 9.977444752809424e-25, nan 
-47.375, -80.375, 2.3621721577800047e-24, nan 
-47.125, -80.375, 1.5813686689245135e-24, nan 
-46.875, -80.375, 1.3167336098545687e-24, nan 
-46.625, -80.375, 1.733296524593742e-24, nan 
-46.375, -80.375, 2.5037161440013854e-24, nan 
-46.125, -80.375, 2.420427570518894e-24, nan 
-45.875, -80.375, 3.1097767095379992e-24, nan 
-45.625, -80.375, 2.9544625815439303e-24, nan 
-45.375, -80.375, 2.878697074853261e-24, nan 
-45.125, -80.375, 2.7768995005082053e-24, nan 
-44.875, -80.375, 2.570959602536864e-24, nan 
-44.625, -80.375, 3.714998836208558e-24, nan 
-44.375, -80.375, 3.299100341505732e-24, nan 
-44.125, -80.375, 3.0278880622696128e-24, nan 
-43.875, -80.375, 2.642170902870421e-24, nan 
-43.625, -80.375, 2.590299180124376e-24, nan 
-43.375, -80.375, 1.9470370943170165e-24, nan 
-43.125, -80.375, 1.4247185873919484e-24, nan 
-42.875, -80.375, 2.9518730206742743e-24, nan 
-42.625, -80.375, 4.247449468187553e-24, nan 
-42.375, -80.375, 4.1050499382391934e-24, nan 
-42.125, -80.375, 5.118091361946726e-24, nan 
-41.875, -80.375, 4.6407415473811736e-24, nan 
-41.625, -80.375, 4.908419143373725e-24, nan 
-41.375, -80.375, 5.00420617251813e-24, nan 
-41.125, -80.375, 4.598104832117484e-24, nan 
-40.875, -80.375, 5.571612910816059e-24, nan 
-40.625, -80.375, 5.0322241598949326e-24, nan 
-40.375, -80.375, 4.936734294103373e-24, nan 
-40.125, -80.375, 5.145677734441517e-24, nan 
-39.875, -80.375, 4.9724156099729885e-24, nan 
-39.625, -80.375, 3.309436247997651e-24, nan 
-39.375, -80.375, 3.9383997070075025e-24, nan 
-39.125, -80.375, 4.212652078640275e-24, nan 
-38.875, -80.375, 5.145643227135372e-24, nan 
-38.625, -80.375, 6.391253586288516e-24, nan 
-38.375, -80.375, 8.127945894319622e-24, nan 
-38.125, -80.375, 9.158594532915394e-24, nan 
-37.875, -80.375, 1.045513176584421e-23, nan 
-37.625, -80.375, 1.0898907046396588e-23, nan 
-37.375, -80.375, 9.534276924640768e-24, nan 
-37.125, -80.375, 9.155767728431723e-24, nan 
-36.875, -80.375, 1.3322894436813282e-23, nan 
-36.625, -80.375, 1.2588747682183813e-23, nan 
-36.375, -80.375, 1.1828603860266182e-23, nan 
-36.125, -80.375, 8.919293947633381e-24, nan 
-35.875, -80.375, 6.481664054019879e-24, nan 
-35.625, -80.375, 1.3970474119933714e-23, nan 
-35.375, -80.375, 6.717497545445911e-24, nan 
-35.125, -80.375, 8.214088174539405e-24, nan 
-34.875, -80.375, 9.235124402394614e-24, nan 
-34.625, -80.375, 1.0303100018626657e-23, nan 
-34.375, -80.375, 1.3415840257643094e-23, nan 
-34.125, -80.375, 8.399978978486807e-24, nan 
-33.875, -80.375, 8.333347987256445e-24, nan 
-33.625, -80.375, 8.311314476745389e-24, nan 
-33.375, -80.375, 7.245426866922887e-24, nan 
-33.125, -80.375, 7.391056213580108e-24, nan 
-32.875, -80.375, 5.8404121074800526e-24, nan 
-32.625, -80.375, 1.0590699480781614e-23, nan 
-32.375, -80.375, 8.637566764131034e-24, nan 
-32.125, -80.375, 7.898512997779243e-24, nan 
-31.875, -80.375, 5.8214823227495434e-24, nan 
-31.625, -80.375, 6.578590222200925e-24, nan 
-31.375, -80.375, 1.2363721227405828e-23, nan 
-31.125, -80.375, 9.807106964494075e-24, nan 
-30.875, -80.375, 1.3063639616893244e-23, nan 
-30.625, -80.375, 5.028487187836326e-24, nan 
-30.375, -80.375, 3.96191561331395e-24, nan 
-30.125, -80.375, 6.5252085341444485e-24, nan 
-29.875, -80.375, 7.281868350369857e-24, nan 
-29.625, -80.375, 6.369857676112265e-24, nan 
-29.375, -80.375, 4.838011720492064e-24, nan 
-29.125, -80.375, 4.033570573843701e-24, nan 
-28.875, -80.375, 4.473979271824568e-24, nan 
-28.625, -80.375, 5.7937865485642514e-24, nan 
-28.375, -80.375, 6.414598960702996e-24, nan 
-28.125, -80.375, 5.763881392648094e-24, nan 
-27.875, -80.375, 4.636973586322883e-24, nan 
-27.625, -80.375, 3.599671179802772e-24, nan 
-27.375, -80.375, 2.9504020215033286e-24, nan 
-27.125, -80.375, 2.2746130192029695e-24, nan 
-26.875, -80.375, 2.1914579401058005e-24, nan 
-26.625, -80.375, 1.9700086039429466e-24, nan 
-26.375, -80.375, 1.811070868740966e-24, nan 
-26.125, -80.375, 2.0066590204477534e-24, nan 
-25.875, -80.375, 1.788876813792417e-24, nan 
-25.625, -80.375, 1.6955534661857844e-24, nan 
-25.375, -80.375, 1.7338580924391767e-24, nan 
-25.125, -80.375, 1.8265902986990872e-24, nan 
-24.875, -80.375, 1.979307958286488e-24, nan 
-24.625, -80.375, 2.2424596923091535e-24, nan 
-24.375, -80.375, 2.23606345346206e-24, nan 
-24.125, -80.375, 3.308943261711097e-24, nan 
-23.875, -80.375, 3.287507677539043e-24, nan 
-23.625, -80.375, 2.885832166877642e-24, nan 
-23.375, -80.375, 2.838282923616355e-24, nan 
-23.125, -80.375, 2.74579282756832e-24, nan 
-22.875, -80.375, 5.000831412790022e-24, nan 
-22.625, -80.375, 4.464782355970185e-24, nan 
-22.375, -80.375, 4.660953605154494e-24, nan 
-22.125, -80.375, 5.012239065142189e-24, nan 
-21.875, -80.375, 4.134942992427158e-24, nan 
-21.625, -80.375, 4.183734285126355e-24, nan 
-21.375, -80.375, 5.576461369499131e-24, nan 
-21.125, -80.375, 5.140124042576188e-24, nan 
-20.875, -80.375, 5.241885307945004e-24, nan 
-20.625, -80.375, 5.231597449719373e-24, nan 
-20.375, -80.375, 4.49187525118681e-24, nan 
-20.125, -80.375, 5.14650448580514e-24, nan 
-19.875, -80.375, 3.7073819300886536e-24, nan 
-19.625, -80.375, 4.404658511675738e-24, nan 
-19.375, -80.375, 6.3222006168125614e-24, nan 
-19.125, -80.375, 7.247316714621437e-24, nan 
-18.875, -80.375, 7.17880702472732e-24, nan 
-18.625, -80.375, 1.0774351153273982e-23, nan 
-18.375, -80.375, 1.8712355612128972e-23, nan 
-18.125, -80.375, 2.4367493273314763e-23, nan 
-17.875, -80.375, 2.1534445237622578e-23, nan 
-17.625, -80.375, 2.5397320114161067e-23, nan 
-17.375, -80.375, 2.6686355891504394e-23, nan 
-17.125, -80.375, 1.8446475339054667e-23, nan 
-16.875, -80.375, 1.1882992654553763e-23, nan 
-16.625, -80.375, 1.5701882859009618e-23, nan 
-16.375, -80.375, 1.4703429300990124e-23, nan 
-16.125, -80.375, 1.5591401873027788e-23, nan 
-15.875, -80.375, 1.5236874483717746e-23, nan 
-15.625, -80.375, 1.3717493927689695e-23, nan 
-15.375, -80.375, 1.6519928276953736e-23, nan 
-15.125, -80.375, 1.5325478363419063e-23, nan 
-14.875, -80.375, 1.5812851715147248e-23, nan 
-14.625, -80.375, 1.360586254993852e-23, nan 
-14.375, -80.375, 1.3817403498275922e-23, nan 
-14.125, -80.375, 1.0450068223310578e-23, nan 
-13.875, -80.375, 9.66215959535942e-24, nan 
-13.625, -80.375, 1.1860477387294009e-23, nan 
-13.375, -80.375, 1.57743767340962e-23, nan 
-13.125, -80.375, 1.4880401227896797e-23, nan 
-12.875, -80.375, 1.6415077513595873e-23, nan 
-12.625, -80.375, 4.03683940893968e-24, nan 
-12.375, -80.375, 3.287915488744205e-24, nan 
-12.125, -80.375, 2.6760475786006664e-24, nan 
-11.875, -80.375, 3.5675220600773064e-24, nan 
-11.625, -80.375, 4.0960627259889256e-24, nan 
-11.375, -80.375, 4.9143830188873735e-24, nan 
-11.125, -80.375, 6.1122940651054984e-24, nan 
-10.875, -80.375, 6.1317362168702595e-24, nan 
-10.625, -80.375, 6.4146937033385954e-24, nan 
-10.375, -80.375, 6.938128039281079e-24, nan 
-10.125, -80.375, 9.26548204373324e-24, nan 
-9.875, -80.375, 8.091193880699633e-24, nan 
-9.625, -80.375, 6.0782914790921845e-24, nan 
-9.375, -80.375, 9.599086763640932e-24, nan 
-9.125, -80.375, 1.1886420478378076e-23, nan 
-8.875, -80.375, 1.6426387065064225e-23, nan 
-8.625, -80.375, 1.6109350165446457e-23, nan 
-8.375, -80.375, 8.839468045118754e-24, nan 
-8.125, -80.375, 1.003445044107592e-23, nan 
-7.875, -80.375, 1.344296075199519e-23, nan 
-7.625, -80.375, 1.5808214423324514e-23, nan 
-7.375, -80.375, 1.6274464900728886e-23, nan 
-7.125, -80.375, 9.815140659714623e-24, nan 
-6.875, -80.375, 2.152635003972871e-24, nan 
-6.625, -80.375, 3.6483216232255466e-24, nan 
-6.375, -80.375, 4.063067028570002e-24, nan 
-6.125, -80.375, 7.197726738977294e-24, nan 
-5.875, -80.375, 8.358912723247208e-24, nan 
-5.625, -80.375, 8.776585588935805e-24, nan 
-5.375, -80.375, 6.921218532375372e-24, nan 
-5.125, -80.375, 7.148365480942607e-24, nan 
-4.875, -80.375, 8.387715059262457e-24, nan 
-4.625, -80.375, 9.403573493433844e-24, nan 
-4.375, -80.375, 1.0459006225434428e-23, nan 
-4.125, -80.375, 9.689910150091113e-24, nan 
-3.875, -80.375, 7.911199759723411e-24, nan 
-3.625, -80.375, 7.792962608065963e-24, nan 
-3.375, -80.375, 6.610252412422157e-24, nan 
-3.125, -80.375, 7.497772971430672e-24, nan 
-2.875, -80.375, 8.481784999203717e-24, nan 
-2.625, -80.375, 5.340551216195612e-24, nan 
-2.375, -80.375, 5.270032453611513e-24, nan 
-2.125, -80.375, 7.973107998639172e-24, nan 
-1.875, -80.375, 2.5565202107834856e-23, nan 
-1.625, -80.375, 1.2483091565155639e-23, nan 
-1.375, -80.375, 4.4183808966978165e-24, nan 
-1.125, -80.375, 8.274955627746023e-24, nan 
-0.875, -80.375, 1.8140474751365906e-23, nan 
-0.625, -80.375, 2.151958470810799e-23, nan 
-0.375, -80.375, 2.1012692579067912e-23, nan 
-0.125, -80.375, 1.1087056106033516e-23, nan 
0.125, -80.375, 1.3278115154326904e-23, nan 
0.375, -80.375, 2.2813452112979764e-23, nan 
0.625, -80.375, 2.3505517112393885e-23, nan 
0.875, -80.375, 1.9068848064987392e-23, nan 
1.125, -80.375, 6.338632066603387e-24, nan 
1.375, -80.375, 7.791575121522597e-24, nan 
1.625, -80.375, 1.5029627399620693e-23, nan 
1.875, -80.375, 1.3878528522360345e-23, nan 
2.125, -80.375, 1.1203602271871018e-23, nan 
2.375, -80.375, 7.225928909243508e-24, nan 
2.625, -80.375, 8.472975466977901e-24, nan 
2.875, -80.375, 1.1004618498223473e-23, nan 
3.125, -80.375, 1.1918296735740358e-23, nan 
3.375, -80.375, 1.221149123758646e-23, nan 
3.625, -80.375, 1.3244000444038204e-23, nan 
3.875, -80.375, 1.3377254815747562e-23, nan 
4.125, -80.375, 1.343750128295518e-23, nan 
4.375, -80.375, 1.3176139488786205e-23, nan 
4.625, -80.375, 1.2196381612094747e-23, nan 
4.875, -80.375, 1.4882138376554027e-23, nan 
5.125, -80.375, 1.8819737139453683e-23, nan 
5.375, -80.375, 2.2695436790584639e-23, nan 
5.625, -80.375, 2.0085797442159708e-23, nan 
5.875, -80.375, 3.3919178703364534e-23, nan 
6.125, -80.375, 2.396487760470955e-23, nan 
6.375, -80.375, 3.3195998600858964e-23, nan 
6.625, -80.375, 2.0177128022327662e-23, nan 
6.875, -80.375, 8.958577220152036e-24, nan 
7.125, -80.375, 1.0423159300459143e-23, nan 
7.375, -80.375, 1.536641965672112e-23, nan 
7.625, -80.375, 2.3160135205365346e-23, nan 
7.875, -80.375, 2.905985351604701e-23, nan 
8.125, -80.375, 1.9046266678255315e-23, nan 
8.375, -80.375, 2.162036190801778e-23, nan 
8.625, -80.375, 2.4625936968188664e-23, nan 
8.875, -80.375, 2.5240635793592668e-23, nan 
9.125, -80.375, 2.955121301893989e-23, nan 
9.375, -80.375, 2.741697235869866e-23, nan 
9.625, -80.375, 3.0732592950511397e-23, nan 
9.875, -80.375, 3.069334000154594e-23, nan 
10.125, -80.375, 3.9632835648482106e-23, nan 
10.375, -80.375, 4.5531327546484795e-23, nan 
10.625, -80.375, 2.806361490617459e-23, nan 
10.875, -80.375, 3.799091989576407e-23, nan 
11.125, -80.375, 2.2508185509745722e-23, nan 
11.375, -80.375, 3.8920190749146347e-23, nan 
11.625, -80.375, 3.816116365280957e-23, nan 
11.875, -80.375, 3.570835870783005e-23, nan 
12.125, -80.375, 4.1767298574176977e-23, nan 
12.375, -80.375, 1.3098179065473283e-23, nan 
12.625, -80.375, 2.6756097800357185e-23, nan 
12.875, -80.375, 3.3291498322469636e-23, nan 
13.125, -80.375, 3.275540509851461e-23, nan 
13.375, -80.375, 7.849923022480166e-24, nan 
13.625, -80.375, 1.546996196506049e-23, nan 
-116.375, -80.125, 3.1850002380782976e-25, nan 
-116.125, -80.125, 2.351537343796455e-25, nan 
-115.875, -80.125, 1.4783326958823112e-25, nan 
-115.625, -80.125, 1.764728783513278e-25, nan 
-115.375, -80.125, 1.877411320196588e-25, nan 
-115.125, -80.125, 2.289676154257766e-25, nan 
-114.875, -80.125, 2.8233067604258067e-25, nan 
-114.625, -80.125, 4.622143913426649e-25, nan 
-114.375, -80.125, 4.0710492398942495e-25, nan 
-114.125, -80.125, 1.2608477902615102e-24, nan 
-113.875, -80.125, 9.141178681878916e-25, nan 
-113.625, -80.125, 1.67491807201909e-24, nan 
-113.375, -80.125, 1.829544692290862e-24, nan 
-113.125, -80.125, 1.8734772455488558e-24, nan 
-112.875, -80.125, 2.339009415153058e-24, nan 
-112.625, -80.125, 2.720794468056475e-24, nan 
-112.375, -80.125, 2.218487866198861e-24, nan 
-112.125, -80.125, 2.0377908238425138e-24, nan 
-111.875, -80.125, 2.5040353370223096e-24, nan 
-111.625, -80.125, 3.585064539291642e-24, nan 
-111.375, -80.125, 6.265961015561429e-24, nan 
-111.125, -80.125, 6.300675122717173e-24, nan 
-110.875, -80.125, 5.384786742389856e-24, nan 
-110.625, -80.125, 3.845658996841282e-24, nan 
-110.375, -80.125, 3.86098528270276e-24, nan 
-110.125, -80.125, 5.421890549165916e-24, nan 
-109.875, -80.125, 5.74648852819504e-24, nan 
-109.625, -80.125, 5.1647966601098266e-24, nan 
-109.375, -80.125, 4.4596726393728214e-24, nan 
-109.125, -80.125, 2.036161097636228e-24, nan 
-108.875, -80.125, 6.463303893712871e-25, nan 
-108.625, -80.125, 8.298724381173545e-25, nan 
-108.375, -80.125, 7.436961701100193e-25, nan 
-108.125, -80.125, 9.67522526623863e-25, nan 
-107.875, -80.125, 6.236219530196973e-25, nan 
-107.625, -80.125, 5.660757432827205e-25, nan 
-107.375, -80.125, 7.220742025131929e-25, nan 
-107.125, -80.125, 9.70989133861915e-25, nan 
-106.875, -80.125, 1.5369942765978853e-24, nan 
-106.625, -80.125, 1.1872694401892727e-24, nan 
-106.375, -80.125, 2.1999743159482004e-24, nan 
-106.125, -80.125, 2.429537035788402e-24, nan 
-105.875, -80.125, 2.9066247292201824e-24, nan 
-105.625, -80.125, 3.606852213414194e-24, nan 
-105.375, -80.125, 1.9132297452867177e-24, nan 
-105.125, -80.125, 2.4222842907686652e-24, nan 
-104.875, -80.125, 3.0152049118339215e-24, nan 
-104.625, -80.125, 3.598942965809621e-24, nan 
-104.375, -80.125, 4.409165186397662e-24, nan 
-104.125, -80.125, 3.0586545688348397e-24, nan 
-103.875, -80.125, 9.489429563229262e-25, nan 
-103.625, -80.125, 3.264620963029299e-24, nan 
-103.375, -80.125, 3.410526950467991e-24, nan 
-103.125, -80.125, 2.61901249580081e-24, nan 
-102.875, -80.125, 5.062077441131881e-24, nan 
-102.625, -80.125, 2.882071988558135e-24, nan 
-102.375, -80.125, 3.786908307953346e-24, nan 
-102.125, -80.125, 4.131608004462429e-24, nan 
-101.875, -80.125, 2.8833185359547034e-24, nan 
-101.625, -80.125, 5.42100873560687e-24, nan 
-101.375, -80.125, 5.141671666623206e-24, nan 
-101.125, -80.125, 6.303656739958539e-24, nan 
-100.875, -80.125, 6.819301506544613e-24, nan 
-100.625, -80.125, 7.685093741811158e-24, nan 
-100.375, -80.125, 7.702771876938072e-24, nan 
-100.125, -80.125, 9.773978663395317e-24, nan 
-99.875, -80.125, 9.461618636358027e-24, nan 
-99.625, -80.125, 9.271960591243508e-24, nan 
-99.375, -80.125, 9.9232579865855e-24, nan 
-99.125, -80.125, 1.1882183678486582e-23, nan 
-98.875, -80.125, 1.6565397311136944e-23, nan 
-98.625, -80.125, 1.3668044525916442e-23, nan 
-98.375, -80.125, 7.8667618161204e-24, nan 
-98.125, -80.125, 8.865749269532589e-24, nan 
-97.875, -80.125, 1.2469609911761671e-23, nan 
-97.625, -80.125, 1.560299168117653e-23, nan 
-97.375, -80.125, 1.3600059290836553e-23, nan 
-97.125, -80.125, 1.0725847336301078e-23, nan 
-96.875, -80.125, 7.101799618385256e-24, nan 
-96.625, -80.125, 6.041380494852995e-24, nan 
-96.375, -80.125, 3.9684598743419014e-24, nan 
-96.125, -80.125, 4.144202676663062e-24, nan 
-95.875, -80.125, 3.361017776222602e-24, nan 
-95.625, -80.125, 3.5766839215791304e-24, nan 
-95.375, -80.125, 3.2005107656874336e-24, nan 
-95.125, -80.125, 2.8569782166577102e-24, nan 
-94.875, -80.125, 2.7692756572535334e-24, nan 
-94.625, -80.125, 2.6979774489439123e-24, nan 
-94.375, -80.125, 2.8057048601518892e-24, nan 
-94.125, -80.125, 2.406575109455806e-24, nan 
-93.875, -80.125, 2.5257453292729786e-24, nan 
-93.625, -80.125, 9.92453719720334e-25, nan 
-93.375, -80.125, 1.2545273112662244e-24, nan 
-93.125, -80.125, 1.7659903027573536e-24, nan 
-92.875, -80.125, 2.2279240735671685e-24, nan 
-92.625, -80.125, 3.246063674239365e-24, nan 
-92.375, -80.125, 2.8210881782614273e-24, nan 
-92.125, -80.125, 2.30552399851361e-24, nan 
-91.875, -80.125, 2.237688514543544e-24, nan 
-91.625, -80.125, 1.729117305604833e-24, nan 
-91.375, -80.125, 1.2101928611494462e-24, nan 
-91.125, -80.125, 9.7260398603953e-25, nan 
-90.875, -80.125, 1.0394650593130372e-24, nan 
-90.625, -80.125, 8.536247690206398e-25, nan 
-90.375, -80.125, 7.867389185891522e-25, nan 
-90.125, -80.125, 7.265419857363813e-25, nan 
-89.875, -80.125, 7.587932814612358e-25, nan 
-89.625, -80.125, 7.660730112142836e-25, nan 
-89.375, -80.125, 1.3028098995961412e-24, nan 
-89.125, -80.125, 2.5383941968395224e-24, nan 
-88.875, -80.125, 3.234300048575531e-24, nan 
-88.625, -80.125, 3.778960501335147e-24, nan 
-88.375, -80.125, 3.998214965832478e-24, nan 
-88.125, -80.125, 4.164652724761655e-24, nan 
-87.875, -80.125, 4.509888666028097e-24, nan 
-87.625, -80.125, 4.571468850387782e-24, nan 
-87.375, -80.125, 3.2768747275164727e-24, nan 
-87.125, -80.125, 3.0725958492966615e-24, nan 
-86.875, -80.125, 3.855791427071857e-24, nan 
-86.625, -80.125, 4.233761504618049e-24, nan 
-86.375, -80.125, 4.412499050271604e-24, nan 
-86.125, -80.125, 3.5048888913861944e-24, nan 
-85.875, -80.125, 2.5529055935172613e-24, nan 
-85.625, -80.125, 1.806426027771127e-24, nan 
-85.375, -80.125, 2.2037207064614938e-24, nan 
-85.125, -80.125, 1.7128820905739886e-24, nan 
-84.875, -80.125, 1.6674714116361757e-24, nan 
-84.625, -80.125, 1.3675806341449709e-24, nan 
-84.375, -80.125, 1.5595210031721604e-24, nan 
-84.125, -80.125, 1.4343394077638119e-24, nan 
-83.875, -80.125, 3.7944555944119696e-24, nan 
-83.625, -80.125, 7.415704147661768e-24, nan 
-83.375, -80.125, 7.611236584780588e-24, nan 
-83.125, -80.125, 1.7517140801727535e-24, nan 
-82.875, -80.125, 1.866689884264175e-24, nan 
-82.625, -80.125, 7.047569533277646e-24, nan 
-82.375, -80.125, 1.376411527961095e-23, nan 
-82.125, -80.125, 1.487003663864723e-23, nan 
-81.875, -80.125, 3.446297826501032e-24, nan 
-81.625, -80.125, 2.182928308676809e-24, nan 
-81.375, -80.125, 3.942013110872606e-24, nan 
-81.125, -80.125, 7.686714599208924e-24, nan 
-80.875, -80.125, 7.533346527405118e-24, nan 
-80.625, -80.125, 1.3888090169618216e-24, nan 
-80.375, -80.125, 8.456928915462279e-25, nan 
-80.125, -80.125, 6.448947891946837e-25, nan 
-79.875, -80.125, 6.175263622870373e-25, nan 
-79.625, -80.125, 1.0703948157103728e-24, nan 
-79.375, -80.125, 8.312425787335638e-25, nan 
-79.125, -80.125, 6.5726250378999315e-25, nan 
-78.875, -80.125, 4.740178043724551e-25, nan 
-78.625, -80.125, 5.143502176046026e-25, nan 
-78.375, -80.125, 9.122800697076862e-25, nan 
-78.125, -80.125, 2.1448646266642085e-24, nan 
-77.875, -80.125, 1.754642764345285e-24, nan 
-77.625, -80.125, 1.5057108739035244e-24, nan 
-77.375, -80.125, 9.438207217022583e-25, nan 
-77.125, -80.125, 4.850375790443498e-25, nan 
-76.875, -80.125, 9.261182262403335e-25, nan 
-76.625, -80.125, 1.2494765733223672e-24, nan 
-76.375, -80.125, 7.175710959377888e-25, nan 
-76.125, -80.125, 9.003747790451652e-25, nan 
-75.875, -80.125, 8.50606839908742e-25, nan 
-75.625, -80.125, 1.220249372950904e-24, nan 
-75.375, -80.125, 7.232948629300844e-25, nan 
-75.125, -80.125, 7.462417353465579e-25, nan 
-74.875, -80.125, 7.841445953535501e-25, nan 
-74.625, -80.125, 1.106379362893301e-24, nan 
-74.375, -80.125, 1.6961102898230522e-24, nan 
-74.125, -80.125, 4.1956351412795564e-24, nan 
-73.875, -80.125, 1.0953029415155085e-23, nan 
-73.625, -80.125, 1.4205703138163717e-23, nan 
-73.375, -80.125, 1.5655778639283328e-23, nan 
-73.125, -80.125, 2.245087785489995e-23, nan 
-72.875, -80.125, 1.9856913967323976e-23, nan 
-72.625, -80.125, 1.952888451940169e-23, nan 
-72.375, -80.125, 2.408598718034354e-23, nan 
-72.125, -80.125, 2.3370142775223664e-23, nan 
-71.875, -80.125, 2.2738139459057825e-23, nan 
-71.625, -80.125, 2.2663515095041264e-23, nan 
-71.375, -80.125, 1.8097582470604892e-23, nan 
-71.125, -80.125, 1.4443709599148536e-23, nan 
-70.875, -80.125, 2.057411608253831e-23, nan 
-70.625, -80.125, 2.3974594434244735e-23, nan 
-70.375, -80.125, 2.4746172168166902e-23, nan 
-70.125, -80.125, 2.6132267765132994e-23, nan 
-69.875, -80.125, 1.881653803131068e-23, nan 
-69.625, -80.125, 1.621560164443211e-23, nan 
-69.375, -80.125, 1.6602315431838414e-23, nan 
-69.125, -80.125, 1.5260220273059778e-23, nan 
-68.875, -80.125, 1.6620301710831254e-23, nan 
-68.625, -80.125, 8.963674850252618e-24, nan 
-68.375, -80.125, 9.579258747460073e-24, nan 
-68.125, -80.125, 1.4117257545350718e-23, nan 
-67.875, -80.125, 1.865625685181436e-23, nan 
-67.625, -80.125, 2.063790756641673e-23, nan 
-67.375, -80.125, 1.767548873796425e-23, nan 
-67.125, -80.125, 1.8427846432098472e-23, nan 
-66.875, -80.125, 1.579864447130329e-23, nan 
-66.625, -80.125, 1.8107680555673495e-23, nan 
-66.375, -80.125, 1.6047419566239436e-23, nan 
-66.125, -80.125, 1.1820835295778157e-23, nan 
-65.875, -80.125, 1.0554376775335076e-23, nan 
-65.625, -80.125, 7.582421034877688e-24, nan 
-65.375, -80.125, 6.100683583988204e-24, nan 
-65.125, -80.125, 1.2517226239451516e-23, nan 
-64.875, -80.125, 1.749839835870274e-23, nan 
-64.625, -80.125, 2.2863674606646116e-23, nan 
-64.375, -80.125, 2.3963001975678516e-23, nan 
-64.125, -80.125, 2.275326350559339e-23, nan 
-63.875, -80.125, 1.946770658377249e-23, nan 
-63.625, -80.125, 2.2334453905355114e-23, nan 
-63.375, -80.125, 2.5064722352830252e-23, nan 
-63.125, -80.125, 2.222199903128877e-23, nan 
-62.875, -80.125, 2.0146472262729964e-23, nan 
-62.625, -80.125, 1.5472963672887847e-23, nan 
-62.375, -80.125, 1.425509461915463e-23, nan 
-62.125, -80.125, 1.363039619457248e-23, nan 
-61.875, -80.125, 1.941959158005628e-23, nan 
-61.625, -80.125, 1.7482700753558042e-23, nan 
-61.375, -80.125, 1.656314171684501e-23, nan 
-61.125, -80.125, 1.5552909634437576e-23, nan 
-60.875, -80.125, 1.1934888378885413e-23, nan 
-60.625, -80.125, 2.3022674455626207e-23, nan 
-60.375, -80.125, 2.1036434706493636e-23, nan 
-60.125, -80.125, 1.566130838995191e-23, nan 
-59.875, -80.125, 1.7996610188522442e-23, nan 
-59.625, -80.125, 1.4106428594073797e-23, nan 
-59.375, -80.125, 2.7551547352152137e-23, nan 
-59.125, -80.125, 3.6118041997413483e-23, nan 
-58.875, -80.125, 2.833618397311873e-23, nan 
-58.625, -80.125, 3.8759338687382226e-23, nan 
-58.375, -80.125, 2.752887088052185e-23, nan 
-58.125, -80.125, 2.6940110996649934e-23, nan 
-57.875, -80.125, 2.388454675920757e-23, nan 
-57.625, -80.125, 1.805017891276604e-23, nan 
-57.375, -80.125, 2.710224356908996e-23, nan 
-57.125, -80.125, 3.9811030199415215e-24, nan 
-56.875, -80.125, 2.965865327361543e-24, nan 
-56.625, -80.125, 7.579810481766788e-24, nan 
-56.375, -80.125, 1.2631419488851218e-23, nan 
-56.125, -80.125, 2.7083994960641866e-24, nan 
-55.875, -80.125, 3.9908931923871805e-24, nan 
-55.625, -80.125, 3.890463278519463e-24, nan 
-55.375, -80.125, 4.388590462661373e-24, nan 
-55.125, -80.125, 3.393349306332368e-24, nan 
-54.875, -80.125, 3.5258726403558935e-24, nan 
-54.625, -80.125, 2.063521016334818e-24, nan 
-54.375, -80.125, 1.780926281801791e-24, nan 
-54.125, -80.125, 1.0016423425428624e-24, nan 
-53.875, -80.125, 1.5821350818973393e-24, nan 
-53.625, -80.125, 8.03211861294904e-24, nan 
-53.375, -80.125, 1.1109259141327776e-23, nan 
-53.125, -80.125, 1.3312756299825104e-23, nan 
-52.875, -80.125, 1.2741866308997557e-23, nan 
-52.625, -80.125, 4.177211881919409e-24, nan 
-52.375, -80.125, 3.3093619754247345e-24, nan 
-52.125, -80.125, 1.4252666078833258e-23, nan 
-51.875, -80.125, 1.8780533325381585e-23, nan 
-51.625, -80.125, 1.6666969804260305e-23, nan 
-51.375, -80.125, 3.950804310760808e-24, nan 
-51.125, -80.125, 6.691124436185124e-24, nan 
-50.875, -80.125, 1.1130392558916341e-23, nan 
-50.625, -80.125, 9.58650846326327e-24, nan 
-50.375, -80.125, 6.951581537311912e-24, nan 
-50.125, -80.125, 2.369353099663869e-24, nan 
-49.875, -80.125, 5.366256351242687e-24, nan 
-49.625, -80.125, 6.586908144150016e-24, nan 
-49.375, -80.125, 3.692131274984603e-24, nan 
-49.125, -80.125, 2.6544880964726466e-24, nan 
-48.875, -80.125, 2.9022290947764256e-24, nan 
-48.625, -80.125, 2.1530107484101236e-24, nan 
-48.375, -80.125, 1.6869528173955516e-24, nan 
-48.125, -80.125, 1.1920951651631739e-24, nan 
-47.875, -80.125, 8.625262101186519e-25, nan 
-47.625, -80.125, 6.369500258408616e-25, nan 
-47.375, -80.125, 1.2682039690631381e-24, nan 
-47.125, -80.125, 1.4262276957405126e-24, nan 
-46.875, -80.125, 1.5403309571681738e-24, nan 
-46.625, -80.125, 1.1427919667474285e-24, nan 
-46.375, -80.125, 1.3433652431566582e-24, nan 
-46.125, -80.125, 1.4801057704397048e-24, nan 
-45.875, -80.125, 1.0478519262684366e-24, nan 
-45.625, -80.125, 1.4361820180943102e-24, nan 
-45.375, -80.125, 1.4481506547985495e-24, nan 
-45.125, -80.125, 1.6502583412294714e-24, nan 
-44.875, -80.125, 2.4064599674059585e-24, nan 
-44.625, -80.125, 2.4453640670446894e-24, nan 
-44.375, -80.125, 2.4582518742012763e-24, nan 
-44.125, -80.125, 3.0325080991027497e-24, nan 
-43.875, -80.125, 2.9706172861948297e-24, nan 
-43.625, -80.125, 2.9689516878611536e-24, nan 
-43.375, -80.125, 1.910724866488475e-24, nan 
-43.125, -80.125, 2.5401319780878148e-24, nan 
-42.875, -80.125, 4.684413268257188e-24, nan 
-42.625, -80.125, 5.605195651667668e-24, nan 
-42.375, -80.125, 5.931338400897287e-24, nan 
-42.125, -80.125, 6.731234263719585e-24, nan 
-41.875, -80.125, 6.0576452555717345e-24, nan 
-41.625, -80.125, 5.3374293920713224e-24, nan 
-41.375, -80.125, 6.1638475976992315e-24, nan 
-41.125, -80.125, 5.931642257005526e-24, nan 
-40.875, -80.125, 6.434104208360469e-24, nan 
-40.625, -80.125, 6.960813052123596e-24, nan 
-40.375, -80.125, 7.558767556501248e-24, nan 
-40.125, -80.125, 5.5393990590459236e-24, nan 
-39.875, -80.125, 6.5600808602407514e-24, nan 
-39.625, -80.125, 8.573171409210916e-24, nan 
-39.375, -80.125, 8.736491951442557e-24, nan 
-39.125, -80.125, 8.671097007000934e-24, nan 
-38.875, -80.125, 6.896089513566473e-24, nan 
-38.625, -80.125, 6.506240802185327e-24, nan 
-38.375, -80.125, 8.755660365907756e-24, nan 
-38.125, -80.125, 8.027134698563823e-24, nan 
-37.875, -80.125, 9.65601936197051e-24, nan 
-37.625, -80.125, 1.1457788980316961e-23, nan 
-37.375, -80.125, 1.0554404153037082e-23, nan 
-37.125, -80.125, 8.914571286108516e-24, nan 
-36.875, -80.125, 7.203700173243936e-24, nan 
-36.625, -80.125, 7.385849986456182e-24, nan 
-36.375, -80.125, 1.1511379572937083e-23, nan 
-36.125, -80.125, 1.0393176551010106e-23, nan 
-35.875, -80.125, 5.986213820634437e-24, nan 
-35.625, -80.125, 8.267414690521515e-24, nan 
-35.375, -80.125, 9.17926446531263e-24, nan 
-35.125, -80.125, 8.539400597423597e-24, nan 
-34.875, -80.125, 8.281019487751925e-24, nan 
-34.625, -80.125, 9.465168399829606e-24, nan 
-34.375, -80.125, 1.4873596336053156e-23, nan 
-34.125, -80.125, 1.117880035774574e-23, nan 
-33.875, -80.125, 5.182367317528052e-24, nan 
-33.625, -80.125, 4.633931665025368e-24, nan 
-33.375, -80.125, 6.787071007352381e-24, nan 
-33.125, -80.125, 9.554581444002673e-24, nan 
-32.875, -80.125, 7.977976994799584e-24, nan 
-32.625, -80.125, 8.03958523854189e-24, nan 
-32.375, -80.125, 6.360001490288005e-24, nan 
-32.125, -80.125, 6.0208247164019724e-24, nan 
-31.875, -80.125, 4.5506876683340056e-24, nan 
-31.625, -80.125, 3.902149172048039e-24, nan 
-31.375, -80.125, 3.875425137096593e-24, nan 
-31.125, -80.125, 2.9868589941045536e-24, nan 
-30.875, -80.125, 3.0579707794466514e-24, nan 
-30.625, -80.125, 2.5230005543912023e-24, nan 
-30.375, -80.125, 4.76183343072082e-24, nan 
-30.125, -80.125, 5.359091228476023e-24, nan 
-29.875, -80.125, 6.351024106738507e-24, nan 
-29.625, -80.125, 6.879283927561566e-24, nan 
-29.375, -80.125, 8.062348676490572e-24, nan 
-29.125, -80.125, 6.259355997790218e-24, nan 
-28.875, -80.125, 6.465356062504852e-24, nan 
-28.625, -80.125, 7.498529951383074e-24, nan 
-28.375, -80.125, 7.812997690986893e-24, nan 
-28.125, -80.125, 8.972216955820706e-24, nan 
-27.875, -80.125, 5.7935126452936945e-24, nan 
-27.625, -80.125, 4.389454345496038e-24, nan 
-27.375, -80.125, 2.5798859309287344e-24, nan 
-27.125, -80.125, 2.186204168129121e-24, nan 
-26.875, -80.125, 2.0480945183960513e-24, nan 
-26.625, -80.125, 1.88275055682072e-24, nan 
-26.375, -80.125, 2.0766022089721097e-24, nan 
-26.125, -80.125, 2.2501638588737652e-24, nan 
-25.875, -80.125, 3.379808124197778e-24, nan 
-25.625, -80.125, 5.163917786689539e-24, nan 
-25.375, -80.125, 2.568790934243861e-24, nan 
-25.125, -80.125, 3.394661234377955e-24, nan 
-24.875, -80.125, 5.0238033601955765e-24, nan 
-24.625, -80.125, 5.089657287447979e-24, nan 
-24.375, -80.125, 5.362913473964606e-24, nan 
-24.125, -80.125, 6.3897537834441345e-24, nan 
-23.875, -80.125, 5.878870837189602e-24, nan 
-23.625, -80.125, 2.571847852965586e-24, nan 
-23.375, -80.125, 2.114074945890058e-24, nan 
-23.125, -80.125, 2.1703191578400513e-24, nan 
-22.875, -80.125, 3.862361617748986e-24, nan 
-22.625, -80.125, 3.868519386531901e-24, nan 
-22.375, -80.125, 4.07551929025105e-24, nan 
-22.125, -80.125, 4.858697892244302e-24, nan 
-21.875, -80.125, 4.769955606864004e-24, nan 
-21.625, -80.125, 4.3347207219823836e-24, nan 
-21.375, -80.125, 5.0048459157346766e-24, nan 
-21.125, -80.125, 4.1108816260333425e-24, nan 
-20.875, -80.125, 5.3289912046670875e-24, nan 
-20.625, -80.125, 6.2272414262277224e-24, nan 
-20.375, -80.125, 5.871440319142937e-24, nan 
-20.125, -80.125, 4.856086593476153e-24, nan 
-19.875, -80.125, 7.755062065628532e-24, nan 
-19.625, -80.125, 1.7992038759051783e-23, nan 
-19.375, -80.125, 2.3593103431225988e-23, nan 
-19.125, -80.125, 1.9244049400721693e-23, nan 
-18.875, -80.125, 2.3718223385135666e-23, nan 
-18.625, -80.125, 2.342775354788118e-23, nan 
-18.375, -80.125, 3.924077207885496e-23, nan 
-18.125, -80.125, 4.914340046503447e-23, nan 
-17.875, -80.125, 4.817551254442212e-23, nan 
-17.625, -80.125, 5.957109702887978e-23, nan 
-17.375, -80.125, 6.053131706475698e-23, nan 
-17.125, -80.125, 3.737627613634571e-23, nan 
-16.875, -80.125, 3.194183401539988e-23, nan 
-16.625, -80.125, 2.8754243374523067e-23, nan 
-16.375, -80.125, 3.657702013988132e-23, nan 
-16.125, -80.125, 4.6306369828522307e-23, nan 
-15.875, -80.125, 2.8843359972132944e-23, nan 
-15.625, -80.125, 2.3890392981856554e-23, nan 
-15.375, -80.125, 1.801679908559623e-23, nan 
-15.125, -80.125, 1.474874831337018e-23, nan 
-14.875, -80.125, 1.1103596151091236e-23, nan 
-14.625, -80.125, 1.456716604828989e-23, nan 
-14.375, -80.125, 1.5530188126728972e-23, nan 
-14.125, -80.125, 1.5399389341374716e-23, nan 
-13.875, -80.125, 1.2712308998412748e-23, nan 
-13.625, -80.125, 1.8774250017861e-23, nan 
-13.375, -80.125, 2.60066099523566e-23, nan 
-13.125, -80.125, 2.6053467652688055e-23, nan 
-12.875, -80.125, 3.101843120105333e-23, nan 
-12.625, -80.125, 8.177754258486658e-24, nan 
-12.375, -80.125, 1.4041384914300933e-23, nan 
-12.125, -80.125, 1.9045156835525302e-23, nan 
-11.875, -80.125, 1.6600792353392543e-23, nan 
-11.625, -80.125, 1.8743371129120613e-23, nan 
-11.375, -80.125, 2.7100214445529456e-24, nan 
-11.125, -80.125, 3.9593932918849266e-24, nan 
-10.875, -80.125, 3.872045652429598e-24, nan 
-10.625, -80.125, 4.5412479013389835e-24, nan 
-10.375, -80.125, 4.958663894740598e-24, nan 
-10.125, -80.125, 6.16680319295193e-24, nan 
-9.875, -80.125, 7.21187768803178e-24, nan 
-9.625, -80.125, 9.956474734740211e-24, nan 
-9.375, -80.125, 9.221961873114899e-24, nan 
-9.125, -80.125, 7.573958498523636e-24, nan 
-8.875, -80.125, 6.5333423657819385e-24, nan 
-8.625, -80.125, 6.1176183922033214e-24, nan 
-8.375, -80.125, 9.879220540955843e-24, nan 
-8.125, -80.125, 1.2562017099125375e-23, nan 
-7.875, -80.125, 9.82011307900228e-24, nan 
-7.625, -80.125, 8.989045690260185e-24, nan 
-7.375, -80.125, 9.76153624004984e-24, nan 
-7.125, -80.125, 9.735351242268129e-24, nan 
-6.875, -80.125, 1.0887014194876814e-23, nan 
-6.625, -80.125, 8.170980956193688e-24, nan 
-6.375, -80.125, 9.21115448950489e-24, nan 
-6.125, -80.125, 1.008999669784871e-23, nan 
-5.875, -80.125, 9.78123970277539e-24, nan 
-5.625, -80.125, 1.0917105115260291e-23, nan 
-5.375, -80.125, 1.1928194481472698e-23, nan 
-5.125, -80.125, 1.0032261939124837e-23, nan 
-4.875, -80.125, 1.0518098933317081e-23, nan 
-4.625, -80.125, 1.0078453377256092e-23, nan 
-4.375, -80.125, 9.583060055609515e-24, nan 
-4.125, -80.125, 1.1051219566030937e-23, nan 
-3.875, -80.125, 1.0604969502337655e-23, nan 
-3.625, -80.125, 1.1455408769978746e-23, nan 
-3.375, -80.125, 9.618465188979349e-24, nan 
-3.125, -80.125, 2.7582885038025445e-23, nan 
-2.875, -80.125, 8.783768893013856e-24, nan 
-2.625, -80.125, 4.29601421120438e-24, nan 
-2.375, -80.125, 8.600490447354876e-24, nan 
-2.125, -80.125, 9.258685137009091e-24, nan 
-1.875, -80.125, 4.850907552062075e-23, nan 
-1.625, -80.125, 1.3735156396085386e-23, nan 
-1.375, -80.125, 7.838616739124543e-24, nan 
-1.125, -80.125, 9.541909461312738e-24, nan 
-0.875, -80.125, 1.0275007518402395e-23, nan 
-0.625, -80.125, 1.904633670740093e-23, nan 
-0.375, -80.125, 7.043126036534673e-24, nan 
-0.125, -80.125, 1.1359208754714941e-23, nan 
0.125, -80.125, 1.3083985239705046e-23, nan 
0.375, -80.125, 1.7426203041235326e-23, nan 
0.625, -80.125, 1.5888130943147848e-23, nan 
0.875, -80.125, 1.3505877407601354e-23, nan 
1.125, -80.125, 1.0001093930607166e-23, nan 
1.375, -80.125, 1.0696957346883391e-23, nan 
1.625, -80.125, 1.0056930682277223e-23, nan 
1.875, -80.125, 1.0065201549792456e-23, nan 
2.125, -80.125, 8.689581720615011e-24, nan 
2.375, -80.125, 1.0067566609992913e-23, nan 
2.625, -80.125, 1.2199723040271415e-23, nan 
2.875, -80.125, 1.491078544947048e-23, nan 
3.125, -80.125, 1.8358403391082588e-23, nan 
3.375, -80.125, 2.135569545864264e-23, nan 
3.625, -80.125, 2.4902631004818076e-23, nan 
3.875, -80.125, 3.0118273253632666e-23, nan 
4.125, -80.125, 3.740112536616614e-23, nan 
4.375, -80.125, 3.288114245575495e-23, nan 
4.625, -80.125, 3.471780298405312e-23, nan 
4.875, -80.125, 3.942483043126231e-23, nan 
5.125, -80.125, 6.566795202453754e-23, nan 
5.375, -80.125, 6.441060457162938e-23, nan 
5.625, -80.125, 4.5227242300932594e-23, nan 
5.875, -80.125, 7.041671754410659e-23, nan 
6.125, -80.125, 4.7751026718815705e-23, nan 
6.375, -80.125, 8.433404137821432e-23, nan 
6.625, -80.125, 5.510882697090248e-23, nan 
6.875, -80.125, 2.7499262350803496e-23, nan 
7.125, -80.125, 5.110247660718226e-23, nan 
7.375, -80.125, 3.747758796847483e-23, nan 
7.625, -80.125, 5.634174603111489e-23, nan 
7.875, -80.125, 4.683734455841482e-23, nan 
8.125, -80.125, 3.787865101397664e-23, nan 
8.375, -80.125, 3.7777350993533483e-23, nan 
8.625, -80.125, 3.820294343334991e-23, nan 
8.875, -80.125, 4.146679908699983e-23, nan 
9.125, -80.125, 4.4402171352498215e-23, nan 
9.375, -80.125, 4.031764235393604e-23, nan 
9.625, -80.125, 3.9739774252147945e-23, nan 
9.875, -80.125, 2.8297132942527753e-23, nan 
10.125, -80.125, 2.5385555959681376e-23, nan 
10.375, -80.125, 2.1801247367538842e-23, nan 
10.625, -80.125, 1.706780871527225e-23, nan 
10.875, -80.125, 1.295167527258958e-23, nan 
11.125, -80.125, 1.33136539495178e-23, nan 
11.375, -80.125, 1.936127419063637e-23, nan 
11.625, -80.125, 1.8641143704434572e-23, nan 
11.875, -80.125, 2.2269003957050912e-23, nan 
12.125, -80.125, 2.473052077887696e-23, nan 
12.375, -80.125, 1.592894706776988e-23, nan 
12.625, -80.125, 1.810869296845906e-23, nan 
12.875, -80.125, 2.4840205747462012e-23, nan 
13.125, -80.125, 1.9052499356951222e-23, nan 
13.375, -80.125, 1.7080946423866256e-23, nan 
13.625, -80.125, 1.71816926404476e-23, nan 
13.875, -80.125, 2.153418753800234e-23, nan 
-116.625, -79.875, 2.6480224377306337e-25, nan 
-116.375, -79.875, 2.7980498177410074e-25, nan 
-116.125, -79.875, 2.7147328434328965e-25, nan 
-115.875, -79.875, 3.2754740497148806e-25, nan 
-115.625, -79.875, 3.3974054073335895e-25, nan 
-115.375, -79.875, 3.685134552787739e-25, nan 
-115.125, -79.875, 4.3730115813691615e-25, nan 
-114.875, -79.875, 2.676649570131127e-25, nan 
-114.625, -79.875, 4.069699383940312e-25, nan 
-114.375, -79.875, 4.1123705006717586e-25, nan 
-114.125, -79.875, 4.428307395943337e-25, nan 
-113.875, -79.875, 3.432975408236412e-25, nan 
-113.625, -79.875, 3.799962861002512e-25, nan 
-113.375, -79.875, 3.7475466424090914e-25, nan 
-113.125, -79.875, 6.008992464333754e-25, nan 
-112.875, -79.875, 6.77876912229168e-25, nan 
-112.625, -79.875, 7.853472825661086e-25, nan 
-112.375, -79.875, 1.1830509324456311e-24, nan 
-112.125, -79.875, 1.2105569985653861e-24, nan 
-111.875, -79.875, 1.3762176276030127e-24, nan 
-111.625, -79.875, 1.436803167077138e-24, nan 
-111.375, -79.875, 1.898929371275705e-24, nan 
-111.125, -79.875, 2.0589689392496306e-24, nan 
-110.875, -79.875, 1.5976470017476785e-24, nan 
-110.625, -79.875, 1.163404906997427e-24, nan 
-110.375, -79.875, 2.6930052142787456e-24, nan 
-110.125, -79.875, 4.700914169620388e-24, nan 
-109.875, -79.875, 5.096789064289642e-24, nan 
-109.625, -79.875, 4.5602804779694235e-24, nan 
-109.375, -79.875, 4.776998245082909e-24, nan 
-109.125, -79.875, 3.03395681671794e-24, nan 
-108.875, -79.875, 4.572983254481991e-24, nan 
-108.625, -79.875, 4.913004024934526e-24, nan 
-108.375, -79.875, 3.783820691558644e-24, nan 
-108.125, -79.875, 3.933570160941903e-24, nan 
-107.875, -79.875, 2.819189182938034e-24, nan 
-107.625, -79.875, 1.780145386291218e-24, nan 
-107.375, -79.875, 1.5429618860901484e-24, nan 
-107.125, -79.875, 8.818278426601052e-25, nan 
-106.875, -79.875, 1.6318826390346611e-24, nan 
-106.625, -79.875, 2.167205550434992e-24, nan 
-106.375, -79.875, 2.2182184195648386e-24, nan 
-106.125, -79.875, 1.946949104397972e-24, nan 
-105.875, -79.875, 1.1289105011304972e-24, nan 
-105.625, -79.875, 6.83253307731264e-25, nan 
-105.375, -79.875, 1.6050166918120289e-24, nan 
-105.125, -79.875, 2.1185750138340398e-24, nan 
-104.875, -79.875, 1.6603895851234273e-24, nan 
-104.625, -79.875, 2.1011247245519392e-24, nan 
-104.375, -79.875, 2.7381831353249696e-24, nan 
-104.125, -79.875, 2.868532811796071e-24, nan 
-103.875, -79.875, 1.882935904983925e-24, nan 
-103.625, -79.875, 2.9818071477739706e-24, nan 
-103.375, -79.875, 4.063534408654195e-24, nan 
-103.125, -79.875, 4.780684959136997e-24, nan 
-102.875, -79.875, 5.8813552953991016e-24, nan 
-102.625, -79.875, 1.4130007142273196e-24, nan 
-102.375, -79.875, 2.100265298676563e-24, nan 
-102.125, -79.875, 2.231169988707449e-24, nan 
-101.875, -79.875, 3.472545574514788e-24, nan 
-101.625, -79.875, 4.609774251186239e-24, nan 
-101.375, -79.875, 6.882955555697904e-24, nan 
-101.125, -79.875, 1.0130934089229078e-23, nan 
-100.875, -79.875, 1.1382464775168708e-23, nan 
-100.625, -79.875, 1.0918339393363673e-23, nan 
-100.375, -79.875, 8.079527946349102e-24, nan 
-100.125, -79.875, 7.843974181750214e-24, nan 
-99.875, -79.875, 1.049539397890025e-23, nan 
-99.625, -79.875, 1.286576047316365e-23, nan 
-99.375, -79.875, 1.1675632539593756e-23, nan 
-99.125, -79.875, 7.33989915212975e-24, nan 
-98.875, -79.875, 5.544003894550081e-24, nan 
-98.625, -79.875, 2.6452441030698747e-24, nan 
-98.375, -79.875, 4.463628110442198e-24, nan 
-98.125, -79.875, 8.57260940846344e-24, nan 
-97.875, -79.875, 1.0985480024686758e-23, nan 
-97.625, -79.875, 1.446066552430502e-23, nan 
-97.375, -79.875, 1.1879627029867277e-23, nan 
-97.125, -79.875, 1.2505183694214138e-23, nan 
-96.875, -79.875, 1.1100458389427263e-23, nan 
-96.625, -79.875, 1.361407718651363e-23, nan 
-96.375, -79.875, 1.606910842226463e-23, nan 
-96.125, -79.875, 1.412206312904153e-23, nan 
-95.875, -79.875, 1.1535663152233628e-23, nan 
-95.625, -79.875, 6.952883481741778e-24, nan 
-95.375, -79.875, 7.534188685069397e-24, nan 
-95.125, -79.875, 6.929672299445296e-24, nan 
-94.875, -79.875, 5.885166588305885e-24, nan 
-94.625, -79.875, 5.686740366932503e-24, nan 
-94.375, -79.875, 5.1626889535019166e-24, nan 
-94.125, -79.875, 4.2735846299427856e-24, nan 
-93.875, -79.875, 5.9228006657271995e-24, nan 
-93.625, -79.875, 3.2910297173364106e-24, nan 
-93.375, -79.875, 5.553082793689217e-24, nan 
-93.125, -79.875, 6.1018327053538305e-24, nan 
-92.875, -79.875, 6.278164977628587e-24, nan 
-92.625, -79.875, 6.511331607640891e-24, nan 
-92.375, -79.875, 4.874927049903138e-24, nan 
-92.125, -79.875, 4.255231839879843e-24, nan 
-91.875, -79.875, 3.4102350555871234e-24, nan 
-91.625, -79.875, 2.858851780231339e-24, nan 
-91.375, -79.875, 3.834331903399646e-24, nan 
-91.125, -79.875, 3.702807490296486e-24, nan 
-90.875, -79.875, 3.620946538185017e-24, nan 
-90.625, -79.875, 2.880203651245684e-24, nan 
-90.375, -79.875, 1.6998607050499324e-24, nan 
-90.125, -79.875, 1.1107061334727455e-24, nan 
-89.875, -79.875, 9.211192734707733e-25, nan 
-89.625, -79.875, 7.409641638690458e-25, nan 
-89.375, -79.875, 6.177824324633002e-25, nan 
-89.125, -79.875, 8.171026716839263e-25, nan 
-88.875, -79.875, 7.543002985265936e-25, nan 
-88.625, -79.875, 8.397805130194385e-25, nan 
-88.375, -79.875, 7.154833004925579e-25, nan 
-88.125, -79.875, 1.3711496193911662e-24, nan 
-87.875, -79.875, 2.2571983942299332e-24, nan 
-87.625, -79.875, 2.679261190356765e-24, nan 
-87.375, -79.875, 1.780998753516835e-24, nan 
-87.125, -79.875, 9.842536061201958e-25, nan 
-86.875, -79.875, 8.202465183265452e-25, nan 
-86.625, -79.875, 9.76456642263438e-25, nan 
-86.375, -79.875, 1.0759624833980894e-24, nan 
-86.125, -79.875, 1.1079331421421207e-24, nan 
-85.875, -79.875, 1.3362086348685773e-24, nan 
-85.625, -79.875, 1.3759207987171924e-24, nan 
-85.375, -79.875, 1.219293425866136e-24, nan 
-85.125, -79.875, 1.2500697879096928e-24, nan 
-84.875, -79.875, 1.2339601722189572e-24, nan 
-84.625, -79.875, 1.291273203981615e-24, nan 
-84.375, -79.875, 1.8340403926105237e-24, nan 
-84.125, -79.875, 1.3948259435383178e-24, nan 
-83.875, -79.875, 1.1305047483263927e-24, nan 
-83.625, -79.875, 1.2010689513913403e-24, nan 
-83.375, -79.875, 1.1943830170834076e-24, nan 
-83.125, -79.875, 1.3739666513081536e-24, nan 
-82.875, -79.875, 1.3788818459673675e-24, nan 
-82.625, -79.875, 2.100739912862063e-24, nan 
-82.375, -79.875, 5.946164952506144e-24, nan 
-82.125, -79.875, 6.281187606953717e-24, nan 
-81.875, -79.875, 6.483006065639478e-25, nan 
-81.625, -79.875, 1.0598464439899226e-24, nan 
-81.375, -79.875, 1.1345832126889693e-24, nan 
-81.125, -79.875, 7.934385706467452e-25, nan 
-80.875, -79.875, 3.659716141036685e-25, nan 
-80.625, -79.875, 4.0501954781539364e-25, nan 
-80.375, -79.875, 6.32248454027266e-25, nan 
-80.125, -79.875, 5.219474269311341e-25, nan 
-79.875, -79.875, 1.8749918433599874e-24, nan 
-79.625, -79.875, 2.382936637983812e-24, nan 
-79.375, -79.875, 3.627579570461407e-24, nan 
-79.125, -79.875, 3.0063713924996328e-24, nan 
-78.875, -79.875, 2.9083707800137048e-24, nan 
-78.625, -79.875, 2.357937115604392e-24, nan 
-78.375, -79.875, 3.0894423755765816e-24, nan 
-78.125, -79.875, 4.126539331209445e-24, nan 
-77.875, -79.875, 3.313007415829333e-24, nan 
-77.625, -79.875, 3.4437656932232854e-24, nan 
-77.375, -79.875, 2.215075837806836e-24, nan 
-77.125, -79.875, 4.900710934395394e-25, nan 
-76.875, -79.875, 1.8892717930099214e-24, nan 
-76.625, -79.875, 2.2531127628735852e-24, nan 
-76.375, -79.875, 2.3400961117728787e-24, nan 
-76.125, -79.875, 2.198761227873133e-24, nan 
-75.875, -79.875, 1.5569822750722159e-24, nan 
-75.625, -79.875, 1.780575611418283e-24, nan 
-75.375, -79.875, 1.6225904523022177e-24, nan 
-75.125, -79.875, 2.2692490984919024e-24, nan 
-74.875, -79.875, 9.445489066677262e-24, nan 
-74.625, -79.875, 1.1513605260966247e-23, nan 
-74.375, -79.875, 1.4319977161964136e-23, nan 
-74.125, -79.875, 8.391576970119924e-24, nan 
-73.875, -79.875, 2.0622798610630636e-23, nan 
-73.625, -79.875, 2.5678434787753946e-23, nan 
-73.375, -79.875, 2.650536937030119e-23, nan 
-73.125, -79.875, 2.667090126241318e-23, nan 
-72.875, -79.875, 2.9313959391847115e-23, nan 
-72.625, -79.875, 2.5201289513137164e-23, nan 
-72.375, -79.875, 3.110352195682926e-23, nan 
-72.125, -79.875, 3.5288374744225325e-23, nan 
-71.875, -79.875, 3.169853756058322e-23, nan 
-71.625, -79.875, 3.055085667810254e-23, nan 
-71.375, -79.875, 1.6745327727726213e-23, nan 
-71.125, -79.875, 1.7883418325446642e-23, nan 
-70.875, -79.875, 2.975727750340784e-23, nan 
-70.625, -79.875, 3.1081748234867935e-23, nan 
-70.375, -79.875, 1.6700963202036777e-23, nan 
-70.125, -79.875, 1.711099202312767e-23, nan 
-69.875, -79.875, 1.7806638148274054e-23, nan 
-69.625, -79.875, 2.949779100181564e-23, nan 
-69.375, -79.875, 2.1523818635737902e-23, nan 
-69.125, -79.875, 1.9975581666406018e-23, nan 
-68.875, -79.875, 2.2742197151692738e-23, nan 
-68.625, -79.875, 2.4306966165910034e-23, nan 
-68.375, -79.875, 2.898879368599289e-23, nan 
-68.125, -79.875, 2.2300518629948963e-23, nan 
-67.875, -79.875, 2.799482641927036e-23, nan 
-67.625, -79.875, 3.054705150608937e-23, nan 
-67.375, -79.875, 3.4854738935996984e-23, nan 
-67.125, -79.875, 2.2168352991761774e-23, nan 
-66.875, -79.875, 2.4123308970953893e-23, nan 
-66.625, -79.875, 1.910073041742223e-23, nan 
-66.375, -79.875, 1.116230689968951e-23, nan 
-66.125, -79.875, 1.0850238977462203e-23, nan 
-65.875, -79.875, 1.3711760802425113e-23, nan 
-65.625, -79.875, 1.9913845408014642e-23, nan 
-65.375, -79.875, 2.058334940785433e-23, nan 
-65.125, -79.875, 2.2509158997357276e-23, nan 
-64.875, -79.875, 2.398797577115846e-23, nan 
-64.625, -79.875, 2.2887104420373882e-23, nan 
-64.375, -79.875, 1.7836005084258362e-23, nan 
-64.125, -79.875, 2.0436883250734947e-23, nan 
-63.875, -79.875, 2.9066038936143887e-23, nan 
-63.625, -79.875, 2.809523561467631e-23, nan 
-63.375, -79.875, 2.0773322078239886e-23, nan 
-63.125, -79.875, 7.450627246526042e-24, nan 
-62.875, -79.875, 1.4814283666927305e-23, nan 
-62.625, -79.875, 3.256227142160103e-23, nan 
-62.375, -79.875, 3.455354784732789e-23, nan 
-62.125, -79.875, 1.4081335233646456e-23, nan 
-61.875, -79.875, 1.4490145643498636e-23, nan 
-61.625, -79.875, 3.032487689440137e-23, nan 
-61.375, -79.875, 3.3039913093047634e-23, nan 
-61.125, -79.875, 3.195201704760854e-23, nan 
-60.875, -79.875, 1.3823926356616926e-23, nan 
-60.625, -79.875, 1.7949855855353834e-23, nan 
-60.375, -79.875, 3.1017459596431795e-23, nan 
-60.125, -79.875, 3.017014130068941e-23, nan 
-59.875, -79.875, 3.154159093174495e-23, nan 
-59.625, -79.875, 2.728182728435306e-23, nan 
-59.375, -79.875, 3.047239170465089e-23, nan 
-59.125, -79.875, 3.2309830159919355e-23, nan 
-58.875, -79.875, 4.0822401767209595e-23, nan 
-58.625, -79.875, 3.921370593554406e-23, nan 
-58.375, -79.875, 4.1877458843234896e-23, nan 
-58.125, -79.875, 2.847876924870032e-23, nan 
-57.875, -79.875, 3.36335249253717e-23, nan 
-57.625, -79.875, 4.565301214292032e-23, nan 
-57.375, -79.875, 4.2960052247878e-23, nan 
-57.125, -79.875, 4.3334560898492624e-23, nan 
-56.875, -79.875, 3.579207574910049e-23, nan 
-56.625, -79.875, 2.6575662037323364e-23, nan 
-56.375, -79.875, 3.092412889541153e-23, nan 
-56.125, -79.875, 9.898001316093082e-24, nan 
-55.875, -79.875, 6.96039862315303e-24, nan 
-55.625, -79.875, 5.947147222141764e-24, nan 
-55.375, -79.875, 1.525936210432318e-23, nan 
-55.125, -79.875, 2.047280391891856e-23, nan 
-54.875, -79.875, 1.356504801395312e-23, nan 
-54.625, -79.875, 1.0044992422465224e-23, nan 
-54.375, -79.875, 7.632926782350319e-24, nan 
-54.125, -79.875, 6.887387632065155e-24, nan 
-53.875, -79.875, 1.232938099341526e-23, nan 
-53.625, -79.875, 2.182655465471787e-23, nan 
-53.375, -79.875, 1.6340089353209173e-23, nan 
-53.125, -79.875, 1.1655165933293327e-23, nan 
-52.875, -79.875, 7.750904431230812e-24, nan 
-52.625, -79.875, 6.852169836186588e-24, nan 
-52.375, -79.875, 8.431964761965431e-24, nan 
-52.125, -79.875, 8.242333012816559e-24, nan 
-51.875, -79.875, 8.053988912660704e-24, nan 
-51.625, -79.875, 6.905603579699818e-24, nan 
-51.375, -79.875, 6.673695960445578e-24, nan 
-51.125, -79.875, 5.5190280576552504e-24, nan 
-50.875, -79.875, 5.822252864219267e-24, nan 
-50.625, -79.875, 4.0859927601463114e-24, nan 
-50.375, -79.875, 3.661500599322885e-24, nan 
-50.125, -79.875, 3.970922303127652e-24, nan 
-49.875, -79.875, 2.978036689225382e-24, nan 
-49.625, -79.875, 2.801312006664889e-24, nan 
-49.375, -79.875, 3.719398114935237e-24, nan 
-49.125, -79.875, 5.262024053811345e-24, nan 
-48.875, -79.875, 6.0375554557073204e-24, nan 
-48.625, -79.875, 4.066520393458034e-24, nan 
-48.375, -79.875, 3.159901488376573e-24, nan 
-48.125, -79.875, 3.1649228610894545e-24, nan 
-47.875, -79.875, 4.6817490377223536e-24, nan 
-47.625, -79.875, 4.994709906829062e-24, nan 
-47.375, -79.875, 3.6432773476479876e-24, nan 
-47.125, -79.875, 2.817164772364123e-24, nan 
-46.875, -79.875, 2.8276407678565383e-24, nan 
-46.625, -79.875, 7.212334706634285e-25, nan 
-46.375, -79.875, 6.04989481265312e-25, nan 
-46.125, -79.875, 5.62702377673007e-25, nan 
-45.875, -79.875, 4.562429996653128e-25, nan 
-45.625, -79.875, 1.1568611173025804e-24, nan 
-45.375, -79.875, 2.2104179344262053e-24, nan 
-45.125, -79.875, 1.842876965498826e-24, nan 
-44.875, -79.875, 1.5775555633617936e-24, nan 
-44.625, -79.875, 1.7749502435943887e-24, nan 
-44.375, -79.875, 2.6561717060316536e-24, nan 
-44.125, -79.875, 3.438190390948349e-24, nan 
-43.875, -79.875, 2.200877676631752e-24, nan 
-43.625, -79.875, 2.7386295587728004e-24, nan 
-43.375, -79.875, 6.440058168226879e-24, nan 
-43.125, -79.875, 7.254602684823559e-24, nan 
-42.875, -79.875, 4.510727027852731e-24, nan 
-42.625, -79.875, 4.218905242900439e-24, nan 
-42.375, -79.875, 4.633618855196314e-24, nan 
-42.125, -79.875, 9.391209361368528e-24, nan 
-41.875, -79.875, 9.52684199040926e-24, nan 
-41.625, -79.875, 3.9019517318960486e-24, nan 
-41.375, -79.875, 3.3369571515652785e-24, nan 
-41.125, -79.875, 2.4986379268462786e-24, nan 
-40.875, -79.875, 4.480646832941569e-24, nan 
-40.625, -79.875, 3.812160978142365e-24, nan 
-40.375, -79.875, 2.715654673357611e-24, nan 
-40.125, -79.875, 4.6070181635578914e-24, nan 
-39.875, -79.875, 7.398185947294017e-24, nan 
-39.625, -79.875, 7.811894458005366e-24, nan 
-39.375, -79.875, 5.953292964722217e-24, nan 
-39.125, -79.875, 5.0962681247344864e-24, nan 
-38.875, -79.875, 5.321635511807185e-24, nan 
-38.625, -79.875, 6.3530311181673356e-24, nan 
-38.375, -79.875, 9.635341623610417e-24, nan 
-38.125, -79.875, 1.0375924320455983e-23, nan 
-37.875, -79.875, 1.1509385083843108e-23, nan 
-37.625, -79.875, 1.3367659161018816e-23, nan 
-37.375, -79.875, 1.227665259058843e-23, nan 
-37.125, -79.875, 1.377767608958468e-23, nan 
-36.875, -79.875, 1.2871562604842447e-23, nan 
-36.625, -79.875, 1.4230997202405937e-23, nan 
-36.375, -79.875, 1.6908328155726146e-23, nan 
-36.125, -79.875, 1.6062940276869226e-23, nan 
-35.875, -79.875, 1.5663307441509296e-23, nan 
-35.625, -79.875, 1.667658627911621e-23, nan 
-35.375, -79.875, 2.021852964615692e-23, nan 
-35.125, -79.875, 1.8182126695744475e-23, nan 
-34.875, -79.875, 1.5634830460607313e-23, nan 
-34.625, -79.875, 1.265476719235867e-23, nan 
-34.375, -79.875, 1.1910245662035557e-23, nan 
-34.125, -79.875, 1.0524859674675892e-23, nan 
-33.875, -79.875, 1.071965368811171e-23, nan 
-33.625, -79.875, 1.1384458571691515e-23, nan 
-33.375, -79.875, 9.05433703952705e-24, nan 
-33.125, -79.875, 8.917462564810197e-24, nan 
-32.875, -79.875, 6.287948921081319e-24, nan 
-32.625, -79.875, 5.092213182365912e-24, nan 
-32.375, -79.875, 3.936513615306033e-24, nan 
-32.125, -79.875, 2.5701232866935462e-24, nan 
-31.875, -79.875, 2.3804710910776467e-24, nan 
-31.625, -79.875, 2.0422685887145686e-24, nan 
-31.375, -79.875, 2.0697567014867417e-24, nan 
-31.125, -79.875, 1.7449683804337263e-24, nan 
-30.875, -79.875, 2.067331697654548e-24, nan 
-30.625, -79.875, 3.464503573929929e-24, nan 
-30.375, -79.875, 2.840195577666515e-24, nan 
-30.125, -79.875, 2.8750036597649544e-24, nan 
-29.875, -79.875, 2.343710586194668e-24, nan 
-29.625, -79.875, 2.9619910170353918e-24, nan 
-29.375, -79.875, 4.2810947941226615e-24, nan 
-29.125, -79.875, 3.878999931365109e-24, nan 
-28.875, -79.875, 4.564409913600814e-24, nan 
-28.625, -79.875, 5.8530095563685046e-24, nan 
-28.375, -79.875, 5.0098828914325865e-24, nan 
-28.125, -79.875, 4.778649042328061e-24, nan 
-27.875, -79.875, 4.352785979502175e-24, nan 
-27.625, -79.875, 3.931115854974488e-24, nan 
-27.375, -79.875, 4.118500956933794e-24, nan 
-27.125, -79.875, 3.5008363710631544e-24, nan 
-26.875, -79.875, 4.277495132784716e-24, nan 
-26.625, -79.875, 3.2285558439995154e-24, nan 
-26.375, -79.875, 3.300526669629509e-24, nan 
-26.125, -79.875, 3.8785115431653445e-24, nan 
-25.875, -79.875, 4.068612599228124e-24, nan 
-25.625, -79.875, 6.1246910635490524e-24, nan 
-25.375, -79.875, 5.396908634484553e-24, nan 
-25.125, -79.875, 4.674481916700118e-24, nan 
-24.875, -79.875, 6.672327377594673e-24, nan 
-24.625, -79.875, 8.651734651573162e-24, nan 
-24.375, -79.875, 9.00066681398549e-24, nan 
-24.125, -79.875, 1.1076292544641497e-23, nan 
-23.875, -79.875, 1.0096557751397584e-23, nan 
-23.625, -79.875, 6.181520312403271e-24, nan 
-23.375, -79.875, 1.0060964747240311e-23, nan 
-23.125, -79.875, 1.0673776036309553e-23, nan 
-22.875, -79.875, 1.1645144292081261e-23, nan 
-22.625, -79.875, 1.1882253343061838e-23, nan 
-22.375, -79.875, 1.0157409949600803e-23, nan 
-22.125, -79.875, 1.1006109112718466e-23, nan 
-21.875, -79.875, 1.1607677003172573e-23, nan 
-21.625, -79.875, 1.0813879357078921e-23, nan 
-21.375, -79.875, 1.0424263179157677e-23, nan 
-21.125, -79.875, 7.982160272613989e-24, nan 
-20.875, -79.875, 6.432208874738634e-24, nan 
-20.625, -79.875, 6.762913297664424e-24, nan 
-20.375, -79.875, 1.0468102013001015e-23, nan 
-20.125, -79.875, 1.413986873711009e-23, nan 
-19.875, -79.875, 1.2732556009719551e-23, nan 
-19.625, -79.875, 1.9217449080973737e-23, nan 
-19.375, -79.875, 1.0808614175891481e-23, nan 
-19.125, -79.875, 1.8269610898525493e-23, nan 
-18.875, -79.875, 1.578965298323014e-23, nan 
-18.625, -79.875, 1.5986250664222303e-23, nan 
-18.375, -79.875, 3.50836697246648e-23, nan 
-18.125, -79.875, 2.7415973066187026e-23, nan 
-17.875, -79.875, 3.6743287672108613e-23, nan 
-17.625, -79.875, 3.894680539088781e-23, nan 
-17.375, -79.875, 3.053407985548527e-23, nan 
-17.125, -79.875, 2.317176615860313e-23, nan 
-16.875, -79.875, 7.769169296503634e-24, nan 
-16.625, -79.875, 1.380648246739825e-23, nan 
-16.375, -79.875, 1.9670454566649895e-23, nan 
-16.125, -79.875, 2.4974745595754328e-23, nan 
-15.875, -79.875, 3.4022361472472413e-23, nan 
-15.625, -79.875, 3.2449971792807585e-23, nan 
-15.375, -79.875, 2.398694668482114e-23, nan 
-15.125, -79.875, 1.9554112979864505e-23, nan 
-14.875, -79.875, 1.1585458084451148e-23, nan 
-14.625, -79.875, 2.4467965626344894e-23, nan 
-14.375, -79.875, 1.6353274051281385e-23, nan 
-14.125, -79.875, 1.6734586879766686e-23, nan 
-13.875, -79.875, 1.6064992862654723e-23, nan 
-13.625, -79.875, 1.3133606529210302e-23, nan 
-13.375, -79.875, 2.06445778336745e-23, nan 
-13.125, -79.875, 1.3072567604224947e-23, nan 
-12.875, -79.875, 2.008540163310975e-23, nan 
-12.625, -79.875, 1.4113683802616412e-23, nan 
-12.375, -79.875, 1.7324555513704643e-23, nan 
-12.125, -79.875, 1.829191258017484e-23, nan 
-11.875, -79.875, 7.884590207617685e-24, nan 
-11.625, -79.875, 1.0508370728635762e-23, nan 
-11.375, -79.875, 1.6539828598638575e-23, nan 
-11.125, -79.875, 1.8442987687980244e-23, nan 
-10.875, -79.875, 1.828577255491909e-23, nan 
-10.625, -79.875, 1.8174870239164462e-23, nan 
-10.375, -79.875, 1.3866047066222185e-23, nan 
-10.125, -79.875, 9.794131535754498e-24, nan 
-9.875, -79.875, 1.432858264859408e-23, nan 
-9.625, -79.875, 1.884576904031287e-23, nan 
-9.375, -79.875, 2.406173070383404e-23, nan 
-9.125, -79.875, 1.9360995212731725e-23, nan 
-8.875, -79.875, 8.354907153142476e-24, nan 
-8.625, -79.875, 6.68082095550782e-24, nan 
-8.375, -79.875, 1.0988148835658845e-23, nan 
-8.125, -79.875, 1.470415125926262e-23, nan 
-7.875, -79.875, 1.0564018477680614e-23, nan 
-7.625, -79.875, 6.242853237260344e-24, nan 
-7.375, -79.875, 4.959767384236657e-24, nan 
-7.125, -79.875, 4.113011544616548e-24, nan 
-6.875, -79.875, 9.199302136311597e-24, nan 
-6.625, -79.875, 7.411763043011979e-24, nan 
-6.375, -79.875, 8.338762018973048e-24, nan 
-6.125, -79.875, 1.0103835612231216e-23, nan 
-5.875, -79.875, 9.602912143477171e-24, nan 
-5.625, -79.875, 9.814565938502344e-24, nan 
-5.375, -79.875, 1.0342413390786585e-23, nan 
-5.125, -79.875, 7.350612147001383e-24, nan 
-4.875, -79.875, 1.0657794939057858e-23, nan 
-4.625, -79.875, 1.0411111631813386e-23, nan 
-4.375, -79.875, 1.0737469785994716e-23, nan 
-4.125, -79.875, 1.0551151224006611e-23, nan 
-3.875, -79.875, 8.031161182849289e-24, nan 
-3.625, -79.875, 1.0823234616209629e-23, nan 
-3.375, -79.875, 1.0566766500316957e-23, nan 
-3.125, -79.875, 9.94059130678047e-24, nan 
-2.875, -79.875, 9.445920718780286e-24, nan 
-2.625, -79.875, 6.894608520253015e-24, nan 
-2.375, -79.875, 3.4471577042235084e-24, nan 
-2.125, -79.875, 5.565520878415157e-24, nan 
-1.875, -79.875, 2.9212109372717254e-23, nan 
-1.625, -79.875, 1.452575057803543e-23, nan 
-1.375, -79.875, 1.3013226990147223e-23, nan 
-1.125, -79.875, 1.2060936484514205e-23, nan 
-0.875, -79.875, 1.1455087789340217e-23, nan 
-0.625, -79.875, 1.5210589598807894e-23, nan 
-0.375, -79.875, 1.6333516763693694e-23, nan 
-0.125, -79.875, 1.6208554159048045e-23, nan 
0.125, -79.875, 1.393029866999835e-23, nan 
0.375, -79.875, 1.2220471246794774e-23, nan 
0.625, -79.875, 7.358327779277797e-24, nan 
0.875, -79.875, 1.1385887448407892e-23, nan 
1.125, -79.875, 1.2664035876468661e-23, nan 
1.375, -79.875, 1.7486568830542815e-23, nan 
1.625, -79.875, 2.5933448819008516e-23, nan 
1.875, -79.875, 2.9628687998563286e-23, nan 
2.125, -79.875, 2.985383643222608e-23, nan 
2.375, -79.875, 2.4543415427857942e-23, nan 
2.625, -79.875, 2.2007214441017078e-23, nan 
2.875, -79.875, 2.890842742839128e-23, nan 
3.125, -79.875, 3.345678590605212e-23, nan 
3.375, -79.875, 3.613014409811142e-23, nan 
3.625, -79.875, 2.752364594766267e-23, nan 
3.875, -79.875, 9.339078866433358e-24, nan 
4.125, -79.875, 1.0725392592431638e-23, nan 
4.375, -79.875, 1.2164716653670612e-23, nan 
4.625, -79.875, 1.7871392083480337e-23, nan 
4.875, -79.875, 2.011610567664525e-23, nan 
5.125, -79.875, 3.1928679904665546e-23, nan 
5.375, -79.875, 3.3330645435835957e-23, nan 
5.625, -79.875, 3.2290692378417145e-23, nan 
5.875, -79.875, 3.037418435786446e-23, nan 
6.125, -79.875, 2.1033605125950938e-23, nan 
6.375, -79.875, 4.2530725919663456e-23, nan 
6.625, -79.875, 1.7747809232484733e-23, nan 
6.875, -79.875, 3.8450124871759035e-23, nan 
7.125, -79.875, 3.494290667652557e-23, nan 
7.375, -79.875, 2.2328579254405915e-23, nan 
7.625, -79.875, 3.037792946969339e-23, nan 
7.875, -79.875, 2.859190397525275e-23, nan 
8.125, -79.875, 5.1089860937092344e-23, nan 
8.375, -79.875, 4.238687941377351e-23, nan 
8.625, -79.875, 4.8593912800843017e-23, nan 
8.875, -79.875, 3.7681262686658026e-23, nan 
9.125, -79.875, 4.2815049177216313e-23, nan 
9.375, -79.875, 5.0963393514595154e-23, nan 
9.625, -79.875, 3.97064543834667e-23, nan 
9.875, -79.875, 5.49473695897239e-23, nan 
10.125, -79.875, 3.6158437565212275e-23, nan 
10.375, -79.875, 4.1618496181383945e-23, nan 
10.625, -79.875, 2.6325372643981277e-23, nan 
10.875, -79.875, 2.5534851512475322e-23, nan 
11.125, -79.875, 2.6291773006489525e-23, nan 
11.375, -79.875, 3.281657468054555e-23, nan 
11.625, -79.875, 2.3003945013284627e-23, nan 
11.875, -79.875, 2.6217863339593678e-23, nan 
12.125, -79.875, 2.1954896397190719e-23, nan 
12.375, -79.875, 2.134443333153356e-23, nan 
12.625, -79.875, 2.2090602518131305e-23, nan 
12.875, -79.875, 2.5187563932778784e-23, nan 
13.125, -79.875, 3.5730589271795794e-23, nan 
13.375, -79.875, 3.208901462062635e-23, nan 
13.625, -79.875, 2.715965085030948e-23, nan 
13.875, -79.875, 2.8642047883146464e-23, nan 
-116.625, -79.625, 3.2160535671797765e-25, nan 
-116.375, -79.625, 3.242689617650071e-25, nan 
-116.125, -79.625, 3.364334911777429e-25, nan 
-115.875, -79.625, 3.9989792869046623e-25, nan 
-115.625, -79.625, 4.325523348753914e-25, nan 
-115.375, -79.625, 4.0264967196706143e-25, nan 
-115.125, -79.625, 4.500119576892849e-25, nan 
-114.875, -79.625, 4.683222804796666e-25, nan 
-114.625, -79.625, 4.4619710143971715e-25, nan 
-114.375, -79.625, 4.596495300419951e-25, nan 
-114.125, -79.625, 4.6076900863187895e-25, nan 
-113.875, -79.625, 5.08277273487271e-25, nan 
-113.625, -79.625, 5.809034086097734e-25, nan 
-113.375, -79.625, 6.647097883207342e-25, nan 
-113.125, -79.625, 6.617605406266842e-25, nan 
-112.875, -79.625, 7.6093966699933425e-25, nan 
-112.625, -79.625, 8.6753645563399e-25, nan 
-112.375, -79.625, 8.894491377463094e-25, nan 
-112.125, -79.625, 9.146951065358298e-25, nan 
-111.875, -79.625, 9.182918235227411e-25, nan 
-111.625, -79.625, 1.0302051470356734e-24, nan 
-111.375, -79.625, 9.800007800858257e-25, nan 
-111.125, -79.625, 9.458056043540208e-25, nan 
-110.875, -79.625, 8.7360224745161e-25, nan 
-110.625, -79.625, 9.002964389507625e-25, nan 
-110.375, -79.625, 8.069846208473672e-25, nan 
-110.125, -79.625, 6.917423330383486e-25, nan 
-109.875, -79.625, 6.606741356760887e-25, nan 
-109.625, -79.625, 6.625807681413661e-25, nan 
-109.375, -79.625, 1.9820494253475155e-24, nan 
-109.125, -79.625, 1.9583927386942034e-24, nan 
-108.875, -79.625, 3.512936544051894e-24, nan 
-108.625, -79.625, 3.91779928508821e-24, nan 
-108.375, -79.625, 3.486860450276269e-24, nan 
-108.125, -79.625, 2.8475300533971603e-24, nan 
-107.875, -79.625, 2.625100576482299e-24, nan 
-107.625, -79.625, 2.5045416723317705e-24, nan 
-107.375, -79.625, 2.9249213763029588e-24, nan 
-107.125, -79.625, 3.3819284200729896e-24, nan 
-106.875, -79.625, 2.271003511408684e-24, nan 
-106.625, -79.625, 2.0632910697668742e-24, nan 
-106.375, -79.625, 2.6822269744605187e-24, nan 
-106.125, -79.625, 2.07372483542442e-24, nan 
-105.875, -79.625, 2.8262183907743085e-24, nan 
-105.625, -79.625, 1.5691484573905812e-24, nan 
-105.375, -79.625, 6.024838413809442e-25, nan 
-105.125, -79.625, 1.9418936283005676e-24, nan 
-104.875, -79.625, 1.4537768213138874e-24, nan 
-104.625, -79.625, 2.4169799908095132e-24, nan 
-104.375, -79.625, 2.845446610954303e-24, nan 
-104.125, -79.625, 3.0960963144823473e-24, nan 
-103.875, -79.625, 1.6308586583804534e-24, nan 
-103.625, -79.625, 2.433937930585163e-24, nan 
-103.375, -79.625, 4.420918697926629e-24, nan 
-103.125, -79.625, 6.867387384343582e-24, nan 
-102.875, -79.625, 7.532117239879305e-24, nan 
-102.625, -79.625, 2.0814684053842444e-24, nan 
-102.375, -79.625, 2.9816220484520253e-24, nan 
-102.125, -79.625, 3.1216281769383068e-24, nan 
-101.875, -79.625, 4.455882383737341e-24, nan 
-101.625, -79.625, 5.285799600186816e-24, nan 
-101.375, -79.625, 8.243212916246761e-24, nan 
-101.125, -79.625, 1.0255163397326384e-23, nan 
-100.875, -79.625, 1.1158149701564679e-23, nan 
-100.625, -79.625, 1.0568737142793066e-23, nan 
-100.375, -79.625, 9.440032051021788e-24, nan 
-100.125, -79.625, 1.1933569435553087e-23, nan 
-99.875, -79.625, 1.1610644551586915e-23, nan 
-99.625, -79.625, 1.3072633328844326e-23, nan 
-99.375, -79.625, 1.2844357266340425e-23, nan 
-99.125, -79.625, 1.2830916913817305e-23, nan 
-98.875, -79.625, 8.117936650841766e-24, nan 
-98.625, -79.625, 3.929694964291688e-24, nan 
-98.375, -79.625, 4.895506592116682e-24, nan 
-98.125, -79.625, 6.886202951473912e-24, nan 
-97.875, -79.625, 1.023482988874608e-23, nan 
-97.625, -79.625, 7.028923837040065e-24, nan 
-97.375, -79.625, 4.1603097267855845e-24, nan 
-97.125, -79.625, 6.861055057783576e-24, nan 
-96.875, -79.625, 1.1208792391805648e-23, nan 
-96.625, -79.625, 1.7159614815373535e-23, nan 
-96.375, -79.625, 1.5173633761808154e-23, nan 
-96.125, -79.625, 1.3858255885231464e-23, nan 
-95.875, -79.625, 9.971188588513508e-24, nan 
-95.625, -79.625, 1.048575700372532e-23, nan 
-95.375, -79.625, 1.4102333674225398e-23, nan 
-95.125, -79.625, 1.2913033017634505e-23, nan 
-94.875, -79.625, 1.5461420963731393e-23, nan 
-94.625, -79.625, 9.234986729686053e-24, nan 
-94.375, -79.625, 5.116575294206223e-24, nan 
-94.125, -79.625, 5.656795794306961e-24, nan 
-93.875, -79.625, 1.0455275323992228e-23, nan 
-93.625, -79.625, 9.979632024333378e-24, nan 
-93.375, -79.625, 1.1902466681792437e-23, nan 
-93.125, -79.625, 7.666438291799705e-24, nan 
-92.875, -79.625, 6.631972420899087e-24, nan 
-92.625, -79.625, 7.119706375117471e-24, nan 
-92.375, -79.625, 5.43557570956565e-24, nan 
-92.125, -79.625, 9.821709222609419e-24, nan 
-91.875, -79.625, 6.685372702078853e-24, nan 
-91.625, -79.625, 6.3718168602925365e-24, nan 
-91.375, -79.625, 2.7629368902295466e-24, nan 
-91.125, -79.625, 4.8135088353512626e-24, nan 
-90.875, -79.625, 5.3404562216445825e-24, nan 
-90.625, -79.625, 3.2253162096194297e-24, nan 
-90.375, -79.625, 3.3296163569219474e-24, nan 
-90.125, -79.625, 1.3596877159228794e-24, nan 
-89.875, -79.625, 1.2922006748628274e-24, nan 
-89.625, -79.625, 7.3247065770496705e-25, nan 
-89.375, -79.625, 7.056576857867273e-25, nan 
-89.125, -79.625, 6.330273517085889e-25, nan 
-88.875, -79.625, 7.935528632218893e-25, nan 
-88.625, -79.625, 9.130935883040448e-25, nan 
-88.375, -79.625, 5.691303197849363e-25, nan 
-88.125, -79.625, 8.194833837437417e-25, nan 
-87.875, -79.625, 8.742422768729484e-25, nan 
-87.625, -79.625, 1.1396732446654965e-24, nan 
-87.375, -79.625, 1.2174469466961148e-24, nan 
-87.125, -79.625, 1.4781519307766297e-24, nan 
-86.875, -79.625, 1.573039740219405e-24, nan 
-86.625, -79.625, 6.907046489752237e-25, nan 
-86.375, -79.625, 8.214394720269226e-25, nan 
-86.125, -79.625, 5.7127750603270905e-25, nan 
-85.875, -79.625, 6.479970222142834e-25, nan 
-85.625, -79.625, 8.327517248800836e-25, nan 
-85.375, -79.625, 4.460910193090289e-25, nan 
-85.125, -79.625, 5.388326715517742e-25, nan 
-84.875, -79.625, 6.993019598962602e-25, nan 
-84.625, -79.625, 7.7146889438546135e-25, nan 
-84.375, -79.625, 6.576453076381162e-25, nan 
-84.125, -79.625, 7.057444325632995e-25, nan 
-83.875, -79.625, 5.164250422305774e-25, nan 
-83.625, -79.625, 7.65835938087114e-25, nan 
-83.375, -79.625, 6.892141255267601e-25, nan 
-83.125, -79.625, 9.049410719298657e-25, nan 
-82.875, -79.625, 1.1629556678429924e-24, nan 
-82.625, -79.625, 2.1831053463427273e-24, nan 
-82.375, -79.625, 2.3771935663117047e-24, nan 
-82.125, -79.625, 2.2243423149178864e-24, nan 
-81.875, -79.625, 2.8998128039535774e-24, nan 
-81.625, -79.625, 4.3513426130700664e-24, nan 
-81.375, -79.625, 3.258293210903417e-24, nan 
-81.125, -79.625, 3.3160642543150506e-24, nan 
-80.875, -79.625, 3.59437454903127e-24, nan 
-80.625, -79.625, 3.947184286939641e-24, nan 
-80.375, -79.625, 4.199371059944104e-24, nan 
-80.125, -79.625, 5.399659098817915e-24, nan 
-79.875, -79.625, 4.795218466249149e-24, nan 
-79.625, -79.625, 5.8653131627944504e-24, nan 
-79.375, -79.625, 5.6962700675330596e-24, nan 
-79.125, -79.625, 6.21987230246863e-24, nan 
-78.875, -79.625, 6.174171164011643e-24, nan 
-78.625, -79.625, 4.671472424808565e-24, nan 
-78.375, -79.625, 4.6374802527254676e-24, nan 
-78.125, -79.625, 4.848778026634754e-24, nan 
-77.875, -79.625, 2.6371370554394323e-24, nan 
-77.625, -79.625, 2.2483106613229327e-24, nan 
-77.375, -79.625, 2.123196502021494e-24, nan 
-77.125, -79.625, 3.0002908813421788e-24, nan 
-76.875, -79.625, 4.282213808039913e-24, nan 
-76.625, -79.625, 2.8814217620867184e-24, nan 
-76.375, -79.625, 2.3832986544980834e-24, nan 
-76.125, -79.625, 1.9188249050787136e-24, nan 
-75.875, -79.625, 1.543843023484872e-24, nan 
-75.625, -79.625, 3.104146548233655e-24, nan 
-75.375, -79.625, 5.420596390764406e-24, nan 
-75.125, -79.625, 6.497170379894734e-24, nan 
-74.875, -79.625, 1.2875362861620329e-23, nan 
-74.625, -79.625, 1.6804872267764656e-23, nan 
-74.375, -79.625, 1.3155363007887217e-23, nan 
-74.125, -79.625, 2.0314858670953209e-23, nan 
-73.875, -79.625, 2.6272871100336644e-23, nan 
-73.625, -79.625, 2.6188231624667336e-23, nan 
-73.375, -79.625, 2.589777838088805e-23, nan 
-73.125, -79.625, 1.9281723956075722e-23, nan 
-72.875, -79.625, 2.3862253876041057e-23, nan 
-72.625, -79.625, 3.161389404007592e-23, nan 
-72.375, -79.625, 2.772281300165538e-23, nan 
-72.125, -79.625, 1.796179766475924e-23, nan 
-71.875, -79.625, 1.4209063522717357e-23, nan 
-71.625, -79.625, 1.3475540512807403e-23, nan 
-71.375, -79.625, 3.0988690021556167e-23, nan 
-71.125, -79.625, 3.0932771331077077e-23, nan 
-70.875, -79.625, 1.7448454710885233e-23, nan 
-70.625, -79.625, 1.7713965039570335e-23, nan 
-70.375, -79.625, 1.2075857487262791e-23, nan 
-70.125, -79.625, 1.9230025855151253e-23, nan 
-69.875, -79.625, 2.0633545986513288e-23, nan 
-69.625, -79.625, 1.0061595534940483e-23, nan 
-69.375, -79.625, 1.7564988953262042e-24, nan 
-69.125, -79.625, 5.3286889932121684e-24, nan 
-68.875, -79.625, 6.753769290842574e-24, nan 
-68.625, -79.625, 1.2092788270024254e-23, nan 
-68.375, -79.625, 2.2075987601135226e-23, nan 
-68.125, -79.625, 2.43590897567974e-23, nan 
-67.875, -79.625, 2.9040941923239236e-23, nan 
-67.625, -79.625, 3.250415844290752e-23, nan 
-67.375, -79.625, 3.399341142949457e-23, nan 
-67.125, -79.625, 2.6510213894605506e-23, nan 
-66.875, -79.625, 2.8028642379526276e-23, nan 
-66.625, -79.625, 2.6351459451379753e-23, nan 
-66.375, -79.625, 2.9212389115677893e-23, nan 
-66.125, -79.625, 3.6121867965976916e-23, nan 
-65.875, -79.625, 3.0215199783105494e-23, nan 
-65.625, -79.625, 2.6624106069757234e-23, nan 
-65.375, -79.625, 2.0002536495014928e-23, nan 
-65.125, -79.625, 2.2150083204995284e-23, nan 
-64.875, -79.625, 3.574394309351014e-23, nan 
-64.625, -79.625, 3.0892203915746534e-23, nan 
-64.375, -79.625, 2.686369810520365e-23, nan 
-64.125, -79.625, 2.1193100336492852e-23, nan 
-63.875, -79.625, 2.1695025128947255e-23, nan 
-63.625, -79.625, 2.695955976410524e-23, nan 
-63.375, -79.625, 3.011195803936102e-23, nan 
-63.125, -79.625, 1.4462752139079603e-23, nan 
-62.875, -79.625, 1.6274052614807136e-23, nan 
-62.625, -79.625, 1.813639285062946e-23, nan 
-62.375, -79.625, 1.9855710621837825e-23, nan 
-62.125, -79.625, 1.1102069568482147e-23, nan 
-61.875, -79.625, 1.997049511737666e-23, nan 
-61.625, -79.625, 2.7945343966402367e-23, nan 
-61.375, -79.625, 3.7002246303236255e-23, nan 
-61.125, -79.625, 4.3889055190611244e-23, nan 
-60.875, -79.625, 3.652790500202063e-23, nan 
-60.625, -79.625, 2.579144666767211e-23, nan 
-60.375, -79.625, 2.547381267535793e-23, nan 
-60.125, -79.625, 4.5121341837963625e-23, nan 
-59.875, -79.625, 5.1977979827924516e-23, nan 
-59.625, -79.625, 5.845712693801826e-23, nan 
-59.375, -79.625, 4.994268290213469e-23, nan 
-59.125, -79.625, 1.9949200991579274e-23, nan 
-58.875, -79.625, 3.341091598659884e-23, nan 
-58.625, -79.625, 3.1901020602415445e-23, nan 
-58.375, -79.625, 4.5190927080584755e-23, nan 
-58.125, -79.625, 3.995155774274734e-23, nan 
-57.875, -79.625, 2.7510212605327456e-23, nan 
-57.625, -79.625, 2.612580271513478e-23, nan 
-57.375, -79.625, 3.494057979337426e-23, nan 
-57.125, -79.625, 4.148532182235236e-23, nan 
-56.875, -79.625, 5.325308561230057e-23, nan 
-56.625, -79.625, 4.673663748964495e-23, nan 
-56.375, -79.625, 3.6687471241222405e-23, nan 
-56.125, -79.625, 2.830861836585076e-23, nan 
-55.875, -79.625, 3.2124834358407936e-23, nan 
-55.625, -79.625, 4.6829692492022014e-23, nan 
-55.375, -79.625, 4.39546959633344e-23, nan 
-55.125, -79.625, 3.6205628057869777e-23, nan 
-54.875, -79.625, 1.9851313438560763e-23, nan 
-54.625, -79.625, 1.4701670198350482e-23, nan 
-54.375, -79.625, 1.2058898684690582e-23, nan 
-54.125, -79.625, 1.3808680818134392e-23, nan 
-53.875, -79.625, 1.8418515687067867e-23, nan 
-53.625, -79.625, 1.7902699409587706e-23, nan 
-53.375, -79.625, 1.5115002038345972e-23, nan 
-53.125, -79.625, 1.1582352204353317e-23, nan 
-52.875, -79.625, 8.960786265500516e-24, nan 
-52.625, -79.625, 1.422853517282205e-23, nan 
-52.375, -79.625, 1.0861006916442476e-23, nan 
-52.125, -79.625, 1.0150928184028072e-23, nan 
-51.875, -79.625, 8.849694957899354e-24, nan 
-51.625, -79.625, 7.96924197679434e-24, nan 
-51.375, -79.625, 6.499727250943339e-24, nan 
-51.125, -79.625, 5.8793254994179995e-24, nan 
-50.875, -79.625, 4.173581963202031e-24, nan 
-50.625, -79.625, 5.270238813490402e-24, nan 
-50.375, -79.625, 3.591658961802457e-24, nan 
-50.125, -79.625, 3.543293491166046e-24, nan 
-49.875, -79.625, 2.915501906260264e-24, nan 
-49.625, -79.625, 3.0981537835700793e-24, nan 
-49.375, -79.625, 2.931740173030256e-24, nan 
-49.125, -79.625, 2.7537591743355543e-24, nan 
-48.875, -79.625, 1.711417438610109e-24, nan 
-48.625, -79.625, 1.5658519205899946e-24, nan 
-48.375, -79.625, 2.8401497379694225e-24, nan 
-48.125, -79.625, 4.495385934511575e-24, nan 
-47.875, -79.625, 5.106177637410128e-24, nan 
-47.625, -79.625, 4.2923410031453094e-24, nan 
-47.375, -79.625, 3.335567040289635e-24, nan 
-47.125, -79.625, 2.93302828726731e-24, nan 
-46.875, -79.625, 4.992876851840345e-24, nan 
-46.625, -79.625, 4.3205963285822285e-24, nan 
-46.375, -79.625, 3.17030091453768e-24, nan 
-46.125, -79.625, 2.606119815847421e-24, nan 
-45.875, -79.625, 1.524904815053059e-24, nan 
-45.625, -79.625, 2.2184696287633404e-24, nan 
-45.375, -79.625, 2.734094553760955e-24, nan 
-45.125, -79.625, 2.0606130784228587e-24, nan 
-44.875, -79.625, 1.1199170219304074e-24, nan 
-44.625, -79.625, 4.463140546254583e-25, nan 
-44.375, -79.625, 5.311026839950331e-25, nan 
-44.125, -79.625, 1.383571645745159e-24, nan 
-43.875, -79.625, 2.275569809197937e-24, nan 
-43.625, -79.625, 3.227019447238903e-24, nan 
-43.375, -79.625, 1.5690518162895288e-24, nan 
-43.125, -79.625, 2.3245261942838996e-24, nan 
-42.875, -79.625, 2.838984264259665e-24, nan 
-42.625, -79.625, 2.7184873081235764e-24, nan 
-42.375, -79.625, 4.445461438188621e-24, nan 
-42.125, -79.625, 4.12379879214495e-24, nan 
-41.875, -79.625, 4.094954847169777e-24, nan 
-41.625, -79.625, 4.4566858459788784e-24, nan 
-41.375, -79.625, 3.1337117191906422e-24, nan 
-41.125, -79.625, 3.228138015368907e-24, nan 
-40.875, -79.625, 3.3823151389322365e-24, nan 
-40.625, -79.625, 4.3419312747848444e-24, nan 
-40.375, -79.625, 4.162358459808297e-24, nan 
-40.125, -79.625, 4.4460132897692386e-24, nan 
-39.875, -79.625, 5.150891936709998e-24, nan 
-39.625, -79.625, 4.379671903679082e-24, nan 
-39.375, -79.625, 7.341912539437973e-24, nan 
-39.125, -79.625, 5.508014221983265e-24, nan 
-38.875, -79.625, 4.136288255799718e-24, nan 
-38.625, -79.625, 3.12845639650967e-24, nan 
-38.375, -79.625, 5.676254948496949e-24, nan 
-38.125, -79.625, 5.80747273879768e-24, nan 
-37.875, -79.625, 3.786296066412014e-24, nan 
-37.625, -79.625, 2.182076800987603e-24, nan 
-37.375, -79.625, 2.3914654734000695e-24, nan 
-37.125, -79.625, 5.948090587285349e-24, nan 
-36.875, -79.625, 5.6257240501824515e-24, nan 
-36.625, -79.625, 5.0679481633014245e-24, nan 
-36.375, -79.625, 1.060628226813437e-23, nan 
-36.125, -79.625, 1.1557666964622779e-23, nan 
-35.875, -79.625, 1.1453525594333946e-23, nan 
-35.625, -79.625, 1.3672217850137382e-23, nan 
-35.375, -79.625, 1.5941375045385498e-23, nan 
-35.125, -79.625, 1.451070780642363e-23, nan 
-34.875, -79.625, 1.176984319964471e-23, nan 
-34.625, -79.625, 1.0584309605930532e-23, nan 
-34.375, -79.625, 8.421262225131166e-24, nan 
-34.125, -79.625, 7.013330021118923e-24, nan 
-33.875, -79.625, 4.0074462688399275e-24, nan 
-33.625, -79.625, 2.401116937639424e-24, nan 
-33.375, -79.625, 3.2978329965198575e-24, nan 
-33.125, -79.625, 2.4870982423252464e-24, nan 
-32.875, -79.625, 2.3920283537416135e-24, nan 
-32.625, -79.625, 1.7950414835315937e-24, nan 
-32.375, -79.625, 2.1184064032928504e-24, nan 
-32.125, -79.625, 1.9349233344744418e-24, nan 
-31.875, -79.625, 2.1388943734238815e-24, nan 
-31.625, -79.625, 1.5228800315283707e-24, nan 
-31.375, -79.625, 1.9413195744299897e-24, nan 
-31.125, -79.625, 1.7575231784060386e-24, nan 
-30.875, -79.625, 2.315231653960054e-24, nan 
-30.625, -79.625, 3.9956285610173015e-24, nan 
-30.375, -79.625, 5.162418724949863e-24, nan 
-30.125, -79.625, 5.22478005485393e-24, nan 
-29.875, -79.625, 6.2289490862208445e-24, nan 
-29.625, -79.625, 5.4501961783715886e-24, nan 
-29.375, -79.625, 5.83279688905361e-24, nan 
-29.125, -79.625, 6.4696285273539424e-24, nan 
-28.875, -79.625, 6.1683405971259994e-24, nan 
-28.625, -79.625, 7.431584914111681e-24, nan 
-28.375, -79.625, 6.549574740880798e-24, nan 
-28.125, -79.625, 6.867129787254154e-24, nan 
-27.875, -79.625, 6.4660395833789825e-24, nan 
-27.625, -79.625, 6.568185385572892e-24, nan 
-27.375, -79.625, 5.7698225006593775e-24, nan 
-27.125, -79.625, 4.4042620973218294e-24, nan 
-26.875, -79.625, 4.14957460060977e-24, nan 
-26.625, -79.625, 4.49219355836094e-24, nan 
-26.375, -79.625, 4.331521947933005e-24, nan 
-26.125, -79.625, 4.415753392442793e-24, nan 
-25.875, -79.625, 3.359913324914113e-24, nan 
-25.625, -79.625, 1.8890146201229912e-24, nan 
-25.375, -79.625, 3.6212443967216244e-24, nan 
-25.125, -79.625, 2.4924202247216793e-24, nan 
-24.875, -79.625, 1.6510463794644067e-24, nan 
-24.625, -79.625, 1.684128565346928e-24, nan 
-24.375, -79.625, 1.5354097429374297e-24, nan 
-24.125, -79.625, 6.860969094969504e-25, nan 
-23.875, -79.625, 1.0311488830152591e-24, nan 
-23.625, -79.625, 5.372142514422752e-24, nan 
-23.375, -79.625, 9.56112549657374e-24, nan 
-23.125, -79.625, 1.1026704919265626e-23, nan 
-22.875, -79.625, 1.2102255761919964e-23, nan 
-22.625, -79.625, 1.2271897839764062e-23, nan 
-22.375, -79.625, 1.1435480657592477e-23, nan 
-22.125, -79.625, 1.2903886308353733e-23, nan 
-21.875, -79.625, 1.8273448131799747e-23, nan 
-21.625, -79.625, 2.2451123769029344e-23, nan 
-21.375, -79.625, 2.368337506705567e-23, nan 
-21.125, -79.625, 2.1023388398640587e-23, nan 
-20.875, -79.625, 1.7676177953144642e-23, nan 
-20.625, -79.625, 1.6699422024338002e-23, nan 
-20.375, -79.625, 2.2395742092332633e-23, nan 
-20.125, -79.625, 2.248039529495853e-23, nan 
-19.875, -79.625, 1.9784578526484087e-23, nan 
-19.625, -79.625, 1.74496873424582e-23, nan 
-19.375, -79.625, 1.1615388007311307e-23, nan 
-19.125, -79.625, 9.888434479245562e-24, nan 
-18.875, -79.625, 1.2716645376424584e-23, nan 
-18.625, -79.625, 1.4654657762601207e-23, nan 
-18.375, -79.625, 1.5192354887428754e-23, nan 
-18.125, -79.625, 2.1922540825572304e-23, nan 
-17.875, -79.625, 2.653518313482622e-23, nan 
-17.625, -79.625, 3.6447009789036317e-23, nan 
-17.375, -79.625, 3.7011890784227897e-23, nan 
-17.125, -79.625, 4.1635463573826527e-23, nan 
-16.875, -79.625, 2.8656952907728424e-23, nan 
-16.625, -79.625, 1.9947745979623203e-23, nan 
-16.375, -79.625, 3.11172593551127e-23, nan 
-16.125, -79.625, 4.389579664553499e-23, nan 
-15.875, -79.625, 6.002718148191214e-23, nan 
-15.625, -79.625, 5.394442769602586e-23, nan 
-15.375, -79.625, 3.007670426712196e-23, nan 
-15.125, -79.625, 2.1912091011295912e-23, nan 
-14.875, -79.625, 2.7394782642601935e-23, nan 
-14.625, -79.625, 4.076746057257783e-23, nan 
-14.375, -79.625, 3.768344889352407e-23, nan 
-14.125, -79.625, 2.681598522412898e-23, nan 
-13.875, -79.625, 2.1382456931775336e-23, nan 
-13.625, -79.625, 1.4679116014008647e-23, nan 
-13.375, -79.625, 2.302173567848358e-23, nan 
-13.125, -79.625, 1.393795137361236e-23, nan 
-12.875, -79.625, 1.8598832622037102e-23, nan 
-12.625, -79.625, 2.0613532314100938e-23, nan 
-12.375, -79.625, 1.3743304071877332e-23, nan 
-12.125, -79.625, 1.7211331839574007e-23, nan 
-11.875, -79.625, 1.7129326738347056e-23, nan 
-11.625, -79.625, 1.466676241264112e-23, nan 
-11.375, -79.625, 1.8229342869306093e-23, nan 
-11.125, -79.625, 1.7008845621478349e-23, nan 
-10.875, -79.625, 1.6784898832992874e-23, nan 
-10.625, -79.625, 1.709475381330154e-23, nan 
-10.375, -79.625, 1.6075965065473318e-23, nan 
-10.125, -79.625, 1.3810876710094785e-23, nan 
-9.875, -79.625, 1.5700041330897535e-23, nan 
-9.625, -79.625, 2.0632857955323622e-23, nan 
-9.375, -79.625, 3.4618357607970796e-23, nan 
-9.125, -79.625, 3.097859462221115e-23, nan 
-8.875, -79.625, 2.695671509475518e-23, nan 
-8.625, -79.625, 2.4706508308640922e-23, nan 
-8.375, -79.625, 2.5671309780338868e-23, nan 
-8.125, -79.625, 1.970480232595878e-23, nan 
-7.875, -79.625, 1.645614305096696e-23, nan 
-7.625, -79.625, 1.287841903296104e-23, nan 
-7.375, -79.625, 9.699019097512228e-24, nan 
-7.125, -79.625, 9.618431514012314e-24, nan 
-6.875, -79.625, 1.1540018496109277e-23, nan 
-6.625, -79.625, 8.580301250674465e-24, nan 
-6.375, -79.625, 1.3565896897451553e-23, nan 
-6.125, -79.625, 1.197080482272566e-23, nan 
-5.875, -79.625, 1.3649826218227653e-23, nan 
-5.625, -79.625, 1.2359333454024273e-23, nan 
-5.375, -79.625, 2.2362652694364115e-23, nan 
-5.125, -79.625, 2.9991215113530974e-23, nan 
-4.875, -79.625, 2.8677051462057215e-23, nan 
-4.625, -79.625, 1.363398075115955e-23, nan 
-4.375, -79.625, 1.5657840362757674e-23, nan 
-4.125, -79.625, 1.1385505247382106e-23, nan 
-3.875, -79.625, 1.2247118340150489e-23, nan 
-3.625, -79.625, 1.1507059425410672e-23, nan 
-3.375, -79.625, 9.745541131321178e-24, nan 
-3.125, -79.625, 1.0105855895258134e-23, nan 
-2.875, -79.625, 1.0407824968467448e-23, nan 
-2.625, -79.625, 9.70208815460292e-24, nan 
-2.375, -79.625, 8.565633328029012e-24, nan 
-2.125, -79.625, 9.632882710667685e-24, nan 
-1.875, -79.625, 8.354325092791913e-24, nan 
-1.625, -79.625, 1.1363776451392304e-23, nan 
-1.375, -79.625, 8.946555884158222e-24, nan 
-1.125, -79.625, 1.8696323685438808e-23, nan 
-0.875, -79.625, 1.9265770664771482e-23, nan 
-0.625, -79.625, 1.976586458977968e-23, nan 
-0.375, -79.625, 1.851679664993585e-23, nan 
-0.125, -79.625, 1.576856367365544e-23, nan 
0.125, -79.625, 1.7074867528985277e-23, nan 
0.375, -79.625, 1.7490747427481816e-23, nan 
0.625, -79.625, 1.6390655446721077e-23, nan 
0.875, -79.625, 1.6741225055933665e-23, nan 
1.125, -79.625, 1.8171386771672294e-23, nan 
1.375, -79.625, 3.782354388128626e-23, nan 
1.625, -79.625, 4.65286585548546e-23, nan 
1.875, -79.625, 4.5851546449763486e-23, nan 
2.125, -79.625, 4.215704196937972e-23, nan 
2.375, -79.625, 3.1977341523771556e-23, nan 
2.625, -79.625, 4.18152798310083e-23, nan 
2.875, -79.625, 5.2297690811651265e-23, nan 
3.125, -79.625, 5.1161539162763905e-23, nan 
3.375, -79.625, 4.849549912394301e-23, nan 
3.625, -79.625, 3.798538440165307e-23, nan 
3.875, -79.625, 1.801544269652053e-23, nan 
4.125, -79.625, 1.7643954580713564e-23, nan 
4.375, -79.625, 2.0041972104166538e-23, nan 
4.625, -79.625, 2.021352196223805e-23, nan 
4.875, -79.625, 2.0453785258476995e-23, nan 
5.125, -79.625, 2.536156773366267e-23, nan 
5.375, -79.625, 2.6148962443637925e-23, nan 
5.625, -79.625, 3.41117185416219e-23, nan 
5.875, -79.625, 2.052041581873855e-23, nan 
6.125, -79.625, 1.4519366742634068e-23, nan 
6.375, -79.625, 2.199159427801489e-23, nan 
6.625, -79.625, 1.859036635507612e-23, nan 
6.875, -79.625, 3.414892652345439e-23, nan 
7.125, -79.625, 3.6919059820070064e-23, nan 
7.375, -79.625, 5.422562904699363e-23, nan 
7.625, -79.625, 5.37006126499034e-23, nan 
7.875, -79.625, 7.703388810835232e-23, nan 
8.125, -79.625, 5.914331925111143e-23, nan 
8.375, -79.625, 4.530135204100413e-23, nan 
8.625, -79.625, 6.240165893173826e-23, nan 
8.875, -79.625, 6.188547532412307e-23, nan 
9.125, -79.625, 6.29913726198841e-23, nan 
9.375, -79.625, 6.088541660075585e-23, nan 
9.625, -79.625, 5.1059378913865604e-23, nan 
9.875, -79.625, 7.703212016432584e-23, nan 
10.125, -79.625, 5.66181406818568e-23, nan 
10.375, -79.625, 6.894854284984514e-23, nan 
10.625, -79.625, 4.342997765521892e-23, nan 
10.875, -79.625, 5.607440917624721e-23, nan 
11.125, -79.625, 4.788648982434809e-23, nan 
11.375, -79.625, 4.786109050497622e-23, nan 
11.625, -79.625, 4.3938907027153874e-23, nan 
11.875, -79.625, 3.818325474299003e-23, nan 
12.125, -79.625, 3.5365696649370534e-23, nan 
12.375, -79.625, 4.394905301350898e-23, nan 
12.625, -79.625, 3.103360790496943e-23, nan 
12.875, -79.625, 2.5171996597965515e-23, nan 
13.125, -79.625, 2.8364808183539347e-23, nan 
13.375, -79.625, 2.3758357666242965e-23, nan 
13.625, -79.625, 2.8487948863000724e-23, nan 
13.875, -79.625, 2.2204747824555148e-23, nan 
14.125, -79.625, 1.9531682240130682e-23, nan 
-116.875, -79.375, 6.135820399196236e-25, nan 
-116.625, -79.375, 7.710871141811808e-25, nan 
-116.375, -79.375, 6.720582662507867e-25, nan 
-116.125, -79.375, 6.503799528788283e-25, nan 
-115.875, -79.375, 5.0406868327227205e-25, nan 
-115.625, -79.375, 5.677107263284103e-25, nan 
-115.375, -79.375, 5.573320443138988e-25, nan 
-115.125, -79.375, 5.456526532513468e-25, nan 
-114.875, -79.375, 5.6353394291629515e-25, nan 
-114.625, -79.375, 5.587131690988142e-25, nan 
-114.375, -79.375, 6.909677427335317e-25, nan 
-114.125, -79.375, 5.785100242089681e-25, nan 
-113.875, -79.375, 5.818544305907625e-25, nan 
-113.625, -79.375, 5.584264757169767e-25, nan 
-113.375, -79.375, 6.243477187975436e-25, nan 
-113.125, -79.375, 6.96320724618779e-25, nan 
-112.875, -79.375, 7.727509349024226e-25, nan 
-112.625, -79.375, 7.458365538735115e-25, nan 
-112.375, -79.375, 7.537966427934688e-25, nan 
-112.125, -79.375, 6.990640507398181e-25, nan 
-111.875, -79.375, 7.010477752895565e-25, nan 
-111.625, -79.375, 6.876446163058438e-25, nan 
-111.375, -79.375, 5.982029666861669e-25, nan 
-111.125, -79.375, 6.194377597297173e-25, nan 
-110.875, -79.375, 7.572112093701828e-25, nan 
-110.625, -79.375, 5.716167361882838e-25, nan 
-110.375, -79.375, 3.90779043191021e-25, nan 
-110.125, -79.375, 3.69813044053787e-25, nan 
-109.875, -79.375, 2.714498667808856e-25, nan 
-109.625, -79.375, 4.589213795081651e-25, nan 
-109.375, -79.375, 5.239406724918466e-25, nan 
-109.125, -79.375, 3.0164175962052544e-25, nan 
-108.875, -79.375, 2.2642607375285993e-25, nan 
-108.625, -79.375, 3.484498769186507e-25, nan 
-108.375, -79.375, 5.24377845371915e-25, nan 
-108.125, -79.375, 1.5253515182025569e-24, nan 
-107.875, -79.375, 1.461827298282637e-24, nan 
-107.625, -79.375, 1.2737927580561784e-24, nan 
-107.375, -79.375, 1.8026207614933067e-24, nan 
-107.125, -79.375, 2.220882624828856e-24, nan 
-106.875, -79.375, 2.026488557141753e-24, nan 
-106.625, -79.375, 2.1575284344896253e-24, nan 
-106.375, -79.375, 3.792578628968119e-24, nan 
-106.125, -79.375, 3.6891891416424105e-24, nan 
-105.875, -79.375, 3.9099054557549734e-24, nan 
-105.625, -79.375, 2.819188557631644e-24, nan 
-105.375, -79.375, 2.5717768240348456e-24, nan 
-105.125, -79.375, 4.768660196373485e-24, nan 
-104.875, -79.375, 5.086565753135946e-24, nan 
-104.625, -79.375, 4.7610634074205026e-24, nan 
-104.375, -79.375, 3.7524906557937336e-24, nan 
-104.125, -79.375, 3.470200291866634e-24, nan 
-103.875, -79.375, 3.1123731185269097e-24, nan 
-103.625, -79.375, 2.38356409845268e-24, nan 
-103.375, -79.375, 2.7134818674925607e-24, nan 
-103.125, -79.375, 3.2240480043667347e-24, nan 
-102.875, -79.375, 3.1095308641455628e-24, nan 
-102.625, -79.375, 1.9433397342776148e-24, nan 
-102.375, -79.375, 2.1641564731434043e-24, nan 
-102.125, -79.375, 2.2745375302930575e-24, nan 
-101.875, -79.375, 2.489396481523013e-24, nan 
-101.625, -79.375, 1.5875652206727271e-24, nan 
-101.375, -79.375, 1.4876931004984503e-24, nan 
-101.125, -79.375, 5.2910200209925774e-24, nan 
-100.875, -79.375, 6.365251857627928e-24, nan 
-100.625, -79.375, 6.670758661540183e-24, nan 
-100.375, -79.375, 4.577281350671308e-24, nan 
-100.125, -79.375, 9.896891069446735e-24, nan 
-99.875, -79.375, 1.0020387156101236e-23, nan 
-99.625, -79.375, 1.1365909500008666e-23, nan 
-99.375, -79.375, 1.1277646263391572e-23, nan 
-99.125, -79.375, 9.517884446849017e-24, nan 
-98.875, -79.375, 8.742502662484842e-24, nan 
-98.625, -79.375, 5.443769952296997e-24, nan 
-98.375, -79.375, 5.53786224161689e-24, nan 
-98.125, -79.375, 7.429703086726624e-24, nan 
-97.875, -79.375, 9.621850060889441e-24, nan 
-97.625, -79.375, 1.0701466250003214e-23, nan 
-97.375, -79.375, 6.899464751868074e-24, nan 
-97.125, -79.375, 6.950009322375048e-24, nan 
-96.875, -79.375, 5.92042030742758e-24, nan 
-96.625, -79.375, 9.529516111110474e-24, nan 
-96.375, -79.375, 1.339215485443923e-23, nan 
-96.125, -79.375, 1.3382943722182425e-23, nan 
-95.875, -79.375, 1.5292212912143828e-23, nan 
-95.625, -79.375, 1.4833242948492403e-23, nan 
-95.375, -79.375, 1.6045634857242046e-23, nan 
-95.125, -79.375, 1.8809858040937694e-23, nan 
-94.875, -79.375, 1.8065124914322418e-23, nan 
-94.625, -79.375, 1.9629642129235902e-23, nan 
-94.375, -79.375, 1.1380393334338101e-23, nan 
-94.125, -79.375, 1.5100043364854526e-23, nan 
-93.875, -79.375, 1.9169844145316996e-23, nan 
-93.625, -79.375, 1.754763524067191e-23, nan 
-93.375, -79.375, 2.215592052231549e-23, nan 
-93.125, -79.375, 9.504704846409184e-24, nan 
-92.875, -79.375, 1.0256817131350224e-23, nan 
-92.625, -79.375, 1.004534285269632e-23, nan 
-92.375, -79.375, 5.963488557596204e-24, nan 
-92.125, -79.375, 6.729186880407705e-24, nan 
-91.875, -79.375, 2.7776203139981043e-24, nan 
-91.625, -79.375, 3.823153564459341e-24, nan 
-91.375, -79.375, 4.08864373646233e-24, nan 
-91.125, -79.375, 3.444000486433037e-24, nan 
-90.875, -79.375, 1.7448854380043224e-24, nan 
-90.625, -79.375, 1.0569598486667447e-24, nan 
-90.375, -79.375, 8.670724426406033e-25, nan 
-90.125, -79.375, 6.566145789333475e-25, nan 
-89.875, -79.375, 7.450220866376894e-25, nan 
-89.625, -79.375, 7.247594931029661e-25, nan 
-89.375, -79.375, 4.282596681070519e-25, nan 
-89.125, -79.375, 3.563704627980891e-25, nan 
-88.875, -79.375, 7.163263540784029e-25, nan 
-88.625, -79.375, 9.274141514213635e-25, nan 
-88.375, -79.375, 1.2729906157406783e-24, nan 
-88.125, -79.375, 1.0313390433110458e-24, nan 
-87.875, -79.375, 6.355937230579808e-25, nan 
-87.625, -79.375, 1.4003763417528775e-24, nan 
-87.375, -79.375, 1.9674859845208897e-24, nan 
-87.125, -79.375, 2.680837406389308e-24, nan 
-86.875, -79.375, 2.665816551883546e-24, nan 
-86.625, -79.375, 6.647342557854065e-25, nan 
-86.375, -79.375, 9.975519064294962e-25, nan 
-86.125, -79.375, 1.3136478699724153e-24, nan 
-85.875, -79.375, 1.801752309046325e-24, nan 
-85.625, -79.375, 1.7845192556648868e-24, nan 
-85.375, -79.375, 1.0151392326462369e-24, nan 
-85.125, -79.375, 7.56384718518781e-25, nan 
-84.875, -79.375, 7.75494069740837e-25, nan 
-84.625, -79.375, 1.0775112730960807e-24, nan 
-84.375, -79.375, 1.3429214046374986e-24, nan 
-84.125, -79.375, 2.031111944230639e-24, nan 
-83.875, -79.375, 3.0525514763616602e-24, nan 
-83.625, -79.375, 4.317377328777133e-24, nan 
-83.375, -79.375, 4.0228870515151844e-24, nan 
-83.125, -79.375, 3.666784845365896e-24, nan 
-82.875, -79.375, 4.804326121753986e-24, nan 
-82.625, -79.375, 5.279832577227275e-24, nan 
-82.375, -79.375, 6.368749041774565e-24, nan 
-82.125, -79.375, 8.207628769552623e-24, nan 
-81.875, -79.375, 7.214390130374013e-24, nan 
-81.625, -79.375, 7.589148620898377e-24, nan 
-81.375, -79.375, 6.690101540759704e-24, nan 
-81.125, -79.375, 6.384236457112229e-24, nan 
-80.875, -79.375, 5.4850893515862184e-24, nan 
-80.625, -79.375, 4.778221896829142e-24, nan 
-80.375, -79.375, 5.1576939627636104e-24, nan 
-80.125, -79.375, 7.771812932875499e-24, nan 
-79.875, -79.375, 6.3757760159716464e-24, nan 
-79.625, -79.375, 8.626567466966997e-24, nan 
-79.375, -79.375, 6.824934816694113e-24, nan 
-79.125, -79.375, 1.0975866320733153e-23, nan 
-78.875, -79.375, 9.664614731369712e-24, nan 
-78.625, -79.375, 8.027700970547128e-24, nan 
-78.375, -79.375, 3.635125976354272e-24, nan 
-78.125, -79.375, 3.953523347251918e-24, nan 
-77.875, -79.375, 5.242879545117762e-24, nan 
-77.625, -79.375, 1.4116888014647188e-23, nan 
-77.375, -79.375, 1.823691505443217e-23, nan 
-77.125, -79.375, 2.119675401349571e-23, nan 
-76.875, -79.375, 2.2536178227301663e-23, nan 
-76.625, -79.375, 2.196394096799288e-23, nan 
-76.375, -79.375, 2.0013651114730832e-23, nan 
-76.125, -79.375, 1.9169690560614154e-23, nan 
-75.875, -79.375, 2.061369842330214e-23, nan 
-75.625, -79.375, 2.200404701215709e-23, nan 
-75.375, -79.375, 2.6142357574872676e-23, nan 
-75.125, -79.375, 2.4442022770647525e-23, nan 
-74.875, -79.375, 2.5247244188658623e-23, nan 
-74.625, -79.375, 2.7086909320745705e-23, nan 
-74.375, -79.375, 2.4543846230495526e-23, nan 
-74.125, -79.375, 2.701006347441878e-23, nan 
-73.875, -79.375, 2.884855211398024e-23, nan 
-73.625, -79.375, 3.223285928788281e-23, nan 
-73.375, -79.375, 2.852516662691907e-23, nan 
-73.125, -79.375, 2.3045162240729647e-23, nan 
-72.875, -79.375, 2.444226052410992e-23, nan 
-72.625, -79.375, 2.8470916401362526e-23, nan 
-72.375, -79.375, 3.0820845526652204e-23, nan 
-72.125, -79.375, 2.725529563461549e-23, nan 
-71.875, -79.375, 1.942450058347864e-23, nan 
-71.625, -79.375, 1.7329277924006557e-23, nan 
-71.375, -79.375, 2.011133126234957e-23, nan 
-71.125, -79.375, 1.4796723803155374e-23, nan 
-70.875, -79.375, 2.0940134393996775e-23, nan 
-70.625, -79.375, 1.1045650423904794e-23, nan 
-70.375, -79.375, 7.163861604578573e-24, nan 
-70.125, -79.375, 9.447640644480175e-24, nan 
-69.875, -79.375, 1.653196669399555e-23, nan 
-69.625, -79.375, 1.9084504046217127e-23, nan 
-69.375, -79.375, 8.157011677302407e-24, nan 
-69.125, -79.375, 8.334616179380541e-24, nan 
-68.875, -79.375, 1.1908972080562149e-23, nan 
-68.625, -79.375, 2.2745770370913632e-23, nan 
-68.375, -79.375, 1.6929644239357594e-23, nan 
-68.125, -79.375, 6.376936443346576e-24, nan 
-67.875, -79.375, 1.3810373757563196e-23, nan 
-67.625, -79.375, 2.7774139039222136e-23, nan 
-67.375, -79.375, 3.270364272901064e-23, nan 
-67.125, -79.375, 3.300186177699871e-23, nan 
-66.875, -79.375, 3.345824767595901e-23, nan 
-66.625, -79.375, 2.3883287341635808e-23, nan 
-66.375, -79.375, 2.957164041560923e-23, nan 
-66.125, -79.375, 3.131022916323016e-23, nan 
-65.875, -79.375, 3.381558624166919e-23, nan 
-65.625, -79.375, 3.8809631211224274e-23, nan 
-65.375, -79.375, 2.751018910525982e-23, nan 
-65.125, -79.375, 2.4984264883904544e-23, nan 
-64.875, -79.375, 2.5841548557537877e-23, nan 
-64.625, -79.375, 2.4180120759291173e-23, nan 
-64.375, -79.375, 3.167564749820249e-23, nan 
-64.125, -79.375, 2.530643360473012e-23, nan 
-63.875, -79.375, 2.903759822407911e-23, nan 
-63.625, -79.375, 3.179369602996187e-23, nan 
-63.375, -79.375, 3.6053345777514663e-23, nan 
-63.125, -79.375, 1.4099581814214463e-23, nan 
-62.875, -79.375, 1.498527157603519e-23, nan 
-62.625, -79.375, 1.783660683406165e-23, nan 
-62.375, -79.375, 1.9884491366267563e-23, nan 
-62.125, -79.375, 2.3169243251205558e-23, nan 
-61.875, -79.375, 1.7372707101218944e-23, nan 
-61.625, -79.375, 2.0592102351477396e-23, nan 
-61.375, -79.375, 2.885055201013399e-23, nan 
-61.125, -79.375, 2.7931606299251074e-23, nan 
-60.875, -79.375, 2.6790457197806317e-23, nan 
-60.625, -79.375, 2.3497687254172992e-23, nan 
-60.375, -79.375, 2.078806645641138e-23, nan 
-60.125, -79.375, 2.667863516891756e-23, nan 
-59.875, -79.375, 2.755342828893406e-23, nan 
-59.625, -79.375, 2.9148852940688246e-23, nan 
-59.375, -79.375, 2.8594243028998487e-23, nan 
-59.125, -79.375, 1.7117413915666997e-23, nan 
-58.875, -79.375, 3.511131530941113e-23, nan 
-58.625, -79.375, 2.4368901601432577e-23, nan 
-58.375, -79.375, 2.9974141878362753e-23, nan 
-58.125, -79.375, 2.57211792880244e-23, nan 
-57.875, -79.375, 2.1425779728234787e-23, nan 
-57.625, -79.375, 2.8572707799093105e-23, nan 
-57.375, -79.375, 1.8810793021420602e-23, nan 
-57.125, -79.375, 1.969736025380862e-23, nan 
-56.875, -79.375, 2.0799662647004346e-23, nan 
-56.625, -79.375, 3.521037348048306e-23, nan 
-56.375, -79.375, 3.6899250392504656e-23, nan 
-56.125, -79.375, 4.715617157823849e-23, nan 
-55.875, -79.375, 4.7608974666832404e-23, nan 
-55.625, -79.375, 4.58696604700982e-23, nan 
-55.375, -79.375, 3.5188057692480774e-23, nan 
-55.125, -79.375, 2.719285645514146e-23, nan 
-54.875, -79.375, 4.324371096457762e-23, nan 
-54.625, -79.375, 4.1734456140391225e-23, nan 
-54.375, -79.375, 3.29697259487557e-23, nan 
-54.125, -79.375, 2.0418878404508233e-23, nan 
-53.875, -79.375, 9.382362357765447e-24, nan 
-53.625, -79.375, 1.5993377478068624e-23, nan 
-53.375, -79.375, 1.9029274556635598e-23, nan 
-53.125, -79.375, 1.4766840522290137e-23, nan 
-52.875, -79.375, 1.1374324927991285e-23, nan 
-52.625, -79.375, 7.90440453008703e-24, nan 
-52.375, -79.375, 6.592734041796266e-24, nan 
-52.125, -79.375, 6.722275875289418e-24, nan 
-51.875, -79.375, 7.076056720945737e-24, nan 
-51.625, -79.375, 8.054355282968438e-24, nan 
-51.375, -79.375, 8.849480641188341e-24, nan 
-51.125, -79.375, 1.0226867884280439e-23, nan 
-50.875, -79.375, 1.0403433799456034e-23, nan 
-50.625, -79.375, 6.822966240370813e-24, nan 
-50.375, -79.375, 6.873301851288986e-24, nan 
-50.125, -79.375, 7.78249410300941e-24, nan 
-49.875, -79.375, 8.427485894534957e-24, nan 
-49.625, -79.375, 7.309130823982953e-24, nan 
-49.375, -79.375, 4.171767942638662e-24, nan 
-49.125, -79.375, 2.049760409192174e-24, nan 
-48.875, -79.375, 1.7380922651582112e-24, nan 
-48.625, -79.375, 2.161705803590252e-24, nan 
-48.375, -79.375, 3.033785667740929e-24, nan 
-48.125, -79.375, 3.562689893214344e-24, nan 
-47.875, -79.375, 4.156393901005518e-24, nan 
-47.625, -79.375, 3.3316831613914276e-24, nan 
-47.375, -79.375, 2.567234282570542e-24, nan 
-47.125, -79.375, 3.670583594676222e-24, nan 
-46.875, -79.375, 4.234892241727626e-24, nan 
-46.625, -79.375, 5.398335238265591e-24, nan 
-46.375, -79.375, 3.7506535448505386e-24, nan 
-46.125, -79.375, 2.1684780175562868e-24, nan 
-45.875, -79.375, 2.1794639230352682e-24, nan 
-45.625, -79.375, 2.7605154613680804e-24, nan 
-45.375, -79.375, 4.53573886027635e-24, nan 
-45.125, -79.375, 3.604957184357764e-24, nan 
-44.875, -79.375, 1.5810389017940116e-24, nan 
-44.625, -79.375, 1.4642805545526271e-24, nan 
-44.375, -79.375, 2.8955005056791125e-24, nan 
-44.125, -79.375, 3.666835090939055e-24, nan 
-43.875, -79.375, 4.278802564082161e-24, nan 
-43.625, -79.375, 2.4020051359163615e-24, nan 
-43.375, -79.375, 4.303845609128062e-25, nan 
-43.125, -79.375, 2.4239856690088063e-24, nan 
-42.875, -79.375, 3.2136351989590694e-24, nan 
-42.625, -79.375, 3.225218520180876e-24, nan 
-42.375, -79.375, 3.1662590547967166e-24, nan 
-42.125, -79.375, 1.4873089784822773e-24, nan 
-41.875, -79.375, 2.4446979177970224e-24, nan 
-41.625, -79.375, 3.921477494468643e-24, nan 
-41.375, -79.375, 3.387754175743045e-24, nan 
-41.125, -79.375, 3.583220271346026e-24, nan 
-40.875, -79.375, 1.182324009094379e-24, nan 
-40.625, -79.375, 1.7135387102173168e-24, nan 
-40.375, -79.375, 1.6386840641802377e-24, nan 
-40.125, -79.375, 1.776955663745813e-24, nan 
-39.875, -79.375, 7.44133334546817e-24, nan 
-39.625, -79.375, 3.7241565244024694e-24, nan 
-39.375, -79.375, 5.4894581402714756e-24, nan 
-39.125, -79.375, 4.8983589067805445e-24, nan 
-38.875, -79.375, 4.7184235690998575e-24, nan 
-38.625, -79.375, 6.302379671584202e-24, nan 
-38.375, -79.375, 3.8666013572057245e-24, nan 
-38.125, -79.375, 3.2991552346405578e-24, nan 
-37.875, -79.375, 3.384076084857462e-24, nan 
-37.625, -79.375, 3.785346438585134e-24, nan 
-37.375, -79.375, 3.6036460290429435e-24, nan 
-37.125, -79.375, 4.2155170242425095e-24, nan 
-36.875, -79.375, 3.538309494676215e-24, nan 
-36.625, -79.375, 2.9103262583219688e-24, nan 
-36.375, -79.375, 4.477806207782373e-24, nan 
-36.125, -79.375, 4.316039720261425e-24, nan 
-35.875, -79.375, 4.2957045878150726e-24, nan 
-35.625, -79.375, 4.821151776644995e-24, nan 
-35.375, -79.375, 5.392743032852114e-24, nan 
-35.125, -79.375, 3.361361865173027e-24, nan 
-34.875, -79.375, 3.91316387483712e-24, nan 
-34.625, -79.375, 3.8390423216033725e-24, nan 
-34.375, -79.375, 4.184935056906897e-24, nan 
-34.125, -79.375, 4.498342740473489e-24, nan 
-33.875, -79.375, 2.9141172127575684e-24, nan 
-33.625, -79.375, 3.476779805871982e-24, nan 
-33.375, -79.375, 4.175112645274259e-24, nan 
-33.125, -79.375, 2.5670796949106267e-24, nan 
-32.875, -79.375, 2.6983028939654177e-24, nan 
-32.625, -79.375, 1.7714482615114128e-24, nan 
-32.375, -79.375, 2.3730445670948568e-24, nan 
-32.125, -79.375, 2.212050797086362e-24, nan 
-31.875, -79.375, 2.5896908624521075e-24, nan 
-31.625, -79.375, 2.3125054763823462e-24, nan 
-31.375, -79.375, 2.478182665718711e-24, nan 
-31.125, -79.375, 3.308930212865121e-24, nan 
-30.875, -79.375, 2.204229063035292e-24, nan 
-30.625, -79.375, 2.488717825252986e-24, nan 
-30.375, -79.375, 4.344803248621653e-24, nan 
-30.125, -79.375, 3.26529758537225e-24, nan 
-29.875, -79.375, 3.2014987261993917e-24, nan 
-29.625, -79.375, 3.399640985539622e-24, nan 
-29.375, -79.375, 3.450024347290457e-24, nan 
-29.125, -79.375, 5.1009435701552086e-24, nan 
-28.875, -79.375, 5.1497180683338394e-24, nan 
-28.625, -79.375, 5.291431625551981e-24, nan 
-28.375, -79.375, 5.4820065658841885e-24, nan 
-28.125, -79.375, 5.6729222969381894e-24, nan 
-27.875, -79.375, 5.6864204221191276e-24, nan 
-27.625, -79.375, 6.672100026993795e-24, nan 
-27.375, -79.375, 6.149698271558804e-24, nan 
-27.125, -79.375, 4.976866434880948e-24, nan 
-26.875, -79.375, 4.512712976377839e-24, nan 
-26.625, -79.375, 4.203431336101462e-24, nan 
-26.375, -79.375, 4.217736381022741e-24, nan 
-26.125, -79.375, 3.386011200236162e-24, nan 
-25.875, -79.375, 4.445855563969635e-24, nan 
-25.625, -79.375, 6.164539917072132e-24, nan 
-25.375, -79.375, 6.866484636635322e-24, nan 
-25.125, -79.375, 6.343275794250652e-24, nan 
-24.875, -79.375, 6.2602161224243506e-24, nan 
-24.625, -79.375, 7.746909849332544e-24, nan 
-24.375, -79.375, 9.918608081795615e-24, nan 
-24.125, -79.375, 1.2512711960712102e-23, nan 
-23.875, -79.375, 1.2911186783824405e-23, nan 
-23.625, -79.375, 1.1771616823510767e-23, nan 
-23.375, -79.375, 1.1918396586626977e-23, nan 
-23.125, -79.375, 8.660386665753763e-24, nan 
-22.875, -79.375, 1.0896883966438878e-23, nan 
-22.625, -79.375, 1.573846467170492e-23, nan 
-22.375, -79.375, 1.9377821137066545e-23, nan 
-22.125, -79.375, 1.6952101617431332e-23, nan 
-21.875, -79.375, 6.87552756979316e-24, nan 
-21.625, -79.375, 9.991794446533931e-24, nan 
-21.375, -79.375, 1.7279428011751767e-23, nan 
-21.125, -79.375, 2.0494650594584384e-23, nan 
-20.875, -79.375, 1.9997415863320912e-23, nan 
-20.625, -79.375, 2.347006542223689e-23, nan 
-20.375, -79.375, 2.4612353747977733e-23, nan 
-20.125, -79.375, 1.6734813466796186e-23, nan 
-19.875, -79.375, 1.1373566134727578e-23, nan 
-19.625, -79.375, 1.2136641203855256e-23, nan 
-19.375, -79.375, 1.6031208860279234e-23, nan 
-19.125, -79.375, 2.5709459093357186e-23, nan 
-18.875, -79.375, 1.3597489576014855e-23, nan 
-18.625, -79.375, 1.9293670453444108e-23, nan 
-18.375, -79.375, 1.701163964152305e-23, nan 
-18.125, -79.375, 2.31006419028956e-23, nan 
-17.875, -79.375, 2.5779420886618294e-23, nan 
-17.625, -79.375, 2.6850481681182335e-23, nan 
-17.375, -79.375, 2.466723254313542e-23, nan 
-17.125, -79.375, 2.0673202943189663e-23, nan 
-16.875, -79.375, 1.3133846708370899e-23, nan 
-16.625, -79.375, 1.237592704632918e-23, nan 
-16.375, -79.375, 1.294262151741331e-23, nan 
-16.125, -79.375, 2.3440944216655408e-23, nan 
-15.875, -79.375, 3.186686093483024e-23, nan 
-15.625, -79.375, 3.000514275107138e-23, nan 
-15.375, -79.375, 2.431377247080049e-23, nan 
-15.125, -79.375, 2.6384191025078178e-23, nan 
-14.875, -79.375, 3.819811063768992e-23, nan 
-14.625, -79.375, 3.904068782103698e-23, nan 
-14.375, -79.375, 3.330654433683935e-23, nan 
-14.125, -79.375, 3.0049653410138116e-23, nan 
-13.875, -79.375, 2.235541220415264e-23, nan 
-13.625, -79.375, 1.6465129243201004e-23, nan 
-13.375, -79.375, 1.6990996870755587e-23, nan 
-13.125, -79.375, 1.7991738993946435e-23, nan 
-12.875, -79.375, 1.8159568983076186e-23, nan 
-12.625, -79.375, 1.9107536166324123e-23, nan 
-12.375, -79.375, 1.4669703553466226e-23, nan 
-12.125, -79.375, 1.775111305708669e-23, nan 
-11.875, -79.375, 1.752283307628434e-23, nan 
-11.625, -79.375, 1.2632514824856017e-23, nan 
-11.375, -79.375, 1.1237866604763521e-23, nan 
-11.125, -79.375, 1.197449404184979e-23, nan 
-10.875, -79.375, 1.461536684276853e-23, nan 
-10.625, -79.375, 2.187325154019025e-23, nan 
-10.375, -79.375, 1.551949137235616e-23, nan 
-10.125, -79.375, 1.528801467425017e-23, nan 
-9.875, -79.375, 1.2615958239200412e-23, nan 
-9.625, -79.375, 2.3153536161939708e-23, nan 
-9.375, -79.375, 4.2449082081422755e-23, nan 
-9.125, -79.375, 3.8334474168618365e-23, nan 
-8.875, -79.375, 3.3986732578834363e-23, nan 
-8.625, -79.375, 2.5152296409016478e-23, nan 
-8.375, -79.375, 2.9039814017101733e-23, nan 
-8.125, -79.375, 3.395686286245678e-23, nan 
-7.875, -79.375, 2.3267200751278254e-23, nan 
-7.625, -79.375, 1.5885609528501198e-23, nan 
-7.375, -79.375, 1.210662393543414e-23, nan 
-7.125, -79.375, 1.775966170762849e-23, nan 
-6.875, -79.375, 2.8356887646447226e-23, nan 
-6.625, -79.375, 1.9881228917639287e-23, nan 
-6.375, -79.375, 1.7411474413688976e-23, nan 
-6.125, -79.375, 1.8161552966044783e-23, nan 
-5.875, -79.375, 1.7002961330364213e-23, nan 
-5.625, -79.375, 2.212560488086129e-23, nan 
-5.375, -79.375, 3.0827424968289466e-23, nan 
-5.125, -79.375, 3.687507151586634e-23, nan 
-4.875, -79.375, 3.8804212548308137e-23, nan 
-4.625, -79.375, 2.8951379643729746e-23, nan 
-4.375, -79.375, 1.451757350932083e-23, nan 
-4.125, -79.375, 1.768987037585723e-23, nan 
-3.875, -79.375, 1.8951917917024142e-23, nan 
-3.625, -79.375, 2.1139950854137755e-23, nan 
-3.375, -79.375, 2.366571613133321e-23, nan 
-3.125, -79.375, 1.4946478230160276e-23, nan 
-2.875, -79.375, 1.0412381430508315e-23, nan 
-2.625, -79.375, 1.8078769575962067e-23, nan 
-2.375, -79.375, 1.5489222315434372e-23, nan 
-2.125, -79.375, 1.7232659437938783e-23, nan 
-1.875, -79.375, 1.341683495408152e-23, nan 
-1.625, -79.375, 1.5046971741604806e-23, nan 
-1.375, -79.375, 1.9543718147219337e-23, nan 
-1.125, -79.375, 2.0139311765014468e-23, nan 
-0.875, -79.375, 1.898153353008391e-23, nan 
-0.625, -79.375, 1.914211569988006e-23, nan 
-0.375, -79.375, 1.6996662661710815e-23, nan 
-0.125, -79.375, 1.7562151626852953e-23, nan 
0.125, -79.375, 1.3078749509396821e-23, nan 
0.375, -79.375, 1.2487646955107824e-23, nan 
0.625, -79.375, 1.2237733548043221e-23, nan 
0.875, -79.375, 2.0061567136613968e-23, nan 
1.125, -79.375, 2.6388867751316043e-23, nan 
1.375, -79.375, 3.4395412912027076e-23, nan 
1.625, -79.375, 3.755598310208194e-23, nan 
1.875, -79.375, 3.836594133767626e-23, nan 
2.125, -79.375, 3.096410539643746e-23, nan 
2.375, -79.375, 3.2877113018976605e-23, nan 
2.625, -79.375, 4.4901432729144835e-23, nan 
2.875, -79.375, 5.194841231559053e-23, nan 
3.125, -79.375, 5.344793279394961e-23, nan 
3.375, -79.375, 4.1124604714087264e-23, nan 
3.625, -79.375, 3.366379184953506e-23, nan 
3.875, -79.375, 3.731572833298447e-23, nan 
4.125, -79.375, 3.9876410126210925e-23, nan 
4.375, -79.375, 4.2336593387889124e-23, nan 
4.625, -79.375, 3.2767152994855286e-23, nan 
4.875, -79.375, 1.6275503215904688e-23, nan 
5.125, -79.375, 3.5189199769775435e-23, nan 
5.375, -79.375, 3.6671154206283935e-23, nan 
5.625, -79.375, 4.7916881673793054e-23, nan 
5.875, -79.375, 4.651682233787171e-23, nan 
6.125, -79.375, 3.326647580809202e-23, nan 
6.375, -79.375, 4.962138201903195e-23, nan 
6.625, -79.375, 8.492449465601871e-23, nan 
6.875, -79.375, 8.519269561905674e-23, nan 
7.125, -79.375, 7.248104671975387e-23, nan 
7.375, -79.375, 7.70676153586096e-23, nan 
7.625, -79.375, 7.547622865421431e-23, nan 
7.875, -79.375, 1.1460677683472692e-22, nan 
8.125, -79.375, 1.0848386450827695e-22, nan 
8.375, -79.375, 7.838267771637174e-23, nan 
8.625, -79.375, 8.323163116398213e-23, nan 
8.875, -79.375, 8.045097646605346e-23, nan 
9.125, -79.375, 5.745942397758399e-23, nan 
9.375, -79.375, 7.753327812543995e-23, nan 
9.625, -79.375, 7.319223038098136e-23, nan 
9.875, -79.375, 7.573874582351088e-23, nan 
10.125, -79.375, 5.795665886206582e-23, nan 
10.375, -79.375, 6.598100361934374e-23, nan 
10.625, -79.375, 8.146931907182073e-23, nan 
10.875, -79.375, 6.452619709033214e-23, nan 
11.125, -79.375, 9.308100399508649e-23, nan 
11.375, -79.375, 7.833885437113074e-23, nan 
11.625, -79.375, 6.448192537266965e-23, nan 
11.875, -79.375, 7.452402460325956e-23, nan 
12.125, -79.375, 9.191868446564684e-23, nan 
12.375, -79.375, 1.1623018519652592e-22, nan 
12.625, -79.375, 1.2582775791243213e-22, nan 
12.875, -79.375, 1.219493159271134e-22, nan 
13.125, -79.375, 9.347656019673989e-23, nan 
13.375, -79.375, 1.0377433411558266e-22, nan 
13.625, -79.375, 7.410869398444586e-23, nan 
13.875, -79.375, 6.010035800956764e-23, nan 
14.125, -79.375, 4.594237649208367e-23, nan 
-116.875, -79.125, 6.460271389652892e-25, nan 
-116.625, -79.125, 7.734782237204669e-25, nan 
-116.375, -79.125, 6.670154462218246e-25, nan 
-116.125, -79.125, 6.339242679576115e-25, nan 
-115.875, -79.125, 5.159137979458717e-25, nan 
-115.625, -79.125, 5.101521581221361e-25, nan 
-115.375, -79.125, 5.359233722758979e-25, nan 
-115.125, -79.125, 4.633907551986713e-25, nan 
-114.875, -79.125, 3.8357046232954417e-25, nan 
-114.625, -79.125, 4.0400218760847265e-25, nan 
-114.375, -79.125, 5.127367704074673e-25, nan 
-114.125, -79.125, 3.7387896542612674e-25, nan 
-113.875, -79.125, 3.3412839571496722e-25, nan 
-113.625, -79.125, 3.2363091475313337e-25, nan 
-113.375, -79.125, 3.17608733041112e-25, nan 
-113.125, -79.125, 2.591586079304596e-25, nan 
-112.875, -79.125, 3.146544183986216e-25, nan 
-112.625, -79.125, 3.3735822174872874e-25, nan 
-112.375, -79.125, 3.4671130595264133e-25, nan 
-112.125, -79.125, 2.5442470156465e-25, nan 
-111.875, -79.125, 2.654677157056249e-25, nan 
-111.625, -79.125, 3.6616832744776e-25, nan 
-111.375, -79.125, 3.1788285672017465e-25, nan 
-111.125, -79.125, 3.7888609283697936e-25, nan 
-110.875, -79.125, 5.686465545540046e-25, nan 
-110.625, -79.125, 5.397755630550165e-25, nan 
-110.375, -79.125, 2.859931168860252e-25, nan 
-110.125, -79.125, 4.157732121043206e-25, nan 
-109.875, -79.125, 3.841023992131318e-25, nan 
-109.625, -79.125, 4.056070738944527e-25, nan 
-109.375, -79.125, 3.8385400372896373e-25, nan 
-109.125, -79.125, 1.3244557387370205e-25, nan 
-108.875, -79.125, 2.474059365996676e-25, nan 
-108.625, -79.125, 2.589607518932433e-25, nan 
-108.375, -79.125, 2.1368843326798567e-25, nan 
-108.125, -79.125, 1.5786529896027602e-25, nan 
-107.875, -79.125, 1.7927299377909638e-25, nan 
-107.625, -79.125, 3.1652120074381927e-25, nan 
-107.375, -79.125, 4.22836404958061e-25, nan 
-107.125, -79.125, 5.426563001239593e-25, nan 
-106.875, -79.125, 4.0082234432883864e-25, nan 
-106.625, -79.125, 6.617091000045784e-25, nan 
-106.375, -79.125, 4.27401043947063e-25, nan 
-106.125, -79.125, 3.928081212168153e-25, nan 
-105.875, -79.125, 3.328349772382929e-25, nan 
-105.625, -79.125, 5.966648413926659e-25, nan 
-105.375, -79.125, 1.949108980060085e-24, nan 
-105.125, -79.125, 3.366604673968675e-24, nan 
-104.875, -79.125, 3.288765027683273e-24, nan 
-104.625, -79.125, 2.8861561627299966e-24, nan 
-104.375, -79.125, 3.2966092464006164e-24, nan 
-104.125, -79.125, 3.337043005957367e-24, nan 
-103.875, -79.125, 3.2225034058930916e-24, nan 
-103.625, -79.125, 1.3195007064578362e-24, nan 
-103.375, -79.125, 9.267535047709299e-25, nan 
-103.125, -79.125, 3.0997459078481208e-24, nan 
-102.875, -79.125, 2.3704402029241483e-24, nan 
-102.625, -79.125, 1.9692314094025083e-24, nan 
-102.375, -79.125, 1.4395209926497758e-24, nan 
-102.125, -79.125, 2.4128567902280793e-24, nan 
-101.875, -79.125, 3.0824647730167937e-24, nan 
-101.625, -79.125, 2.645789403630789e-24, nan 
-101.375, -79.125, 1.6867823549089376e-24, nan 
-101.125, -79.125, 3.565733113614296e-24, nan 
-100.875, -79.125, 3.4186330488895304e-24, nan 
-100.625, -79.125, 3.528392573572927e-24, nan 
-100.375, -79.125, 2.8006427792094734e-24, nan 
-100.125, -79.125, 1.8735330330601395e-24, nan 
-99.875, -79.125, 9.799509243272311e-24, nan 
-99.625, -79.125, 9.224851417578793e-24, nan 
-99.375, -79.125, 8.113867446307664e-24, nan 
-99.125, -79.125, 5.80806277363143e-24, nan 
-98.875, -79.125, 7.926684390257024e-24, nan 
-98.625, -79.125, 8.419874946627845e-24, nan 
-98.375, -79.125, 6.087534337606319e-24, nan 
-98.125, -79.125, 9.902400420759541e-24, nan 
-97.875, -79.125, 1.1351910577039189e-23, nan 
-97.625, -79.125, 1.2528794122849728e-23, nan 
-97.375, -79.125, 9.05510085478385e-24, nan 
-97.125, -79.125, 7.655963981655157e-24, nan 
-96.875, -79.125, 1.0917044658128737e-23, nan 
-96.625, -79.125, 1.023810063272798e-23, nan 
-96.375, -79.125, 1.625820373403969e-23, nan 
-96.125, -79.125, 2.031906589750238e-23, nan 
-95.875, -79.125, 1.704180747632891e-23, nan 
-95.625, -79.125, 1.4757044143272186e-23, nan 
-95.375, -79.125, 1.3832934311152273e-23, nan 
-95.125, -79.125, 1.4263255578796265e-23, nan 
-94.875, -79.125, 1.9162713508160682e-23, nan 
-94.625, -79.125, 9.347606983812659e-24, nan 
-94.375, -79.125, 1.15877677209589e-23, nan 
-94.125, -79.125, 1.5133626387574443e-23, nan 
-93.875, -79.125, 1.3662264036095348e-23, nan 
-93.625, -79.125, 1.2578326010651471e-23, nan 
-93.375, -79.125, 9.890896301938741e-24, nan 
-93.125, -79.125, 1.4540644657734994e-23, nan 
-92.875, -79.125, 2.0841335324473927e-23, nan 
-92.625, -79.125, 1.8756513351583086e-23, nan 
-92.375, -79.125, 1.3845948351069922e-23, nan 
-92.125, -79.125, 8.444279866710886e-24, nan 
-91.875, -79.125, 1.2316668761878669e-23, nan 
-91.625, -79.125, 1.479474558769411e-23, nan 
-91.375, -79.125, 1.1088124439154986e-23, nan 
-91.125, -79.125, 6.54417089324052e-24, nan 
-90.875, -79.125, 4.522844540087814e-24, nan 
-90.625, -79.125, 3.468662998033431e-24, nan 
-90.375, -79.125, 3.699213589699675e-24, nan 
-90.125, -79.125, 3.165336031446114e-24, nan 
-89.875, -79.125, 3.472914308607637e-24, nan 
-89.625, -79.125, 1.870997919502011e-24, nan 
-89.375, -79.125, 6.771716361944943e-25, nan 
-89.125, -79.125, 3.2720131005626087e-25, nan 
-88.875, -79.125, 5.969006345499004e-25, nan 
-88.625, -79.125, 7.025955427144901e-25, nan 
-88.375, -79.125, 5.0791946022223045e-25, nan 
-88.125, -79.125, 4.952184861128003e-25, nan 
-87.875, -79.125, 5.772743779116183e-25, nan 
-87.625, -79.125, 9.646204557604439e-25, nan 
-87.375, -79.125, 1.06200260590722e-24, nan 
-87.125, -79.125, 1.3207570506579052e-24, nan 
-86.875, -79.125, 1.5876877863638262e-24, nan 
-86.625, -79.125, 1.2912779593348937e-24, nan 
-86.375, -79.125, 1.2018961067120273e-24, nan 
-86.125, -79.125, 1.3561250359385648e-24, nan 
-85.875, -79.125, 1.730661314564111e-24, nan 
-85.625, -79.125, 1.67606668867753e-24, nan 
-85.375, -79.125, 2.0230062724610635e-24, nan 
-85.125, -79.125, 2.288050662959059e-24, nan 
-84.875, -79.125, 3.8308376930491565e-24, nan 
-84.625, -79.125, 3.686244701154262e-24, nan 
-84.375, -79.125, 3.991289671369379e-24, nan 
-84.125, -79.125, 5.855866053004673e-24, nan 
-83.875, -79.125, 5.488735635988042e-24, nan 
-83.625, -79.125, 6.657251117552021e-24, nan 
-83.375, -79.125, 8.760836126875385e-24, nan 
-83.125, -79.125, 9.461207204494484e-24, nan 
-82.875, -79.125, 1.0485557722153986e-23, nan 
-82.625, -79.125, 1.1110082959113568e-23, nan 
-82.375, -79.125, 1.1439111540442462e-23, nan 
-82.125, -79.125, 1.3842746951512544e-23, nan 
-81.875, -79.125, 1.521146857365534e-23, nan 
-81.625, -79.125, 1.7331737005916562e-23, nan 
-81.375, -79.125, 1.7631111662412046e-23, nan 
-81.125, -79.125, 1.6385721764197304e-23, nan 
-80.875, -79.125, 1.710402484757989e-23, nan 
-80.625, -79.125, 2.1637478535732077e-23, nan 
-80.375, -79.125, 2.4230630397718765e-23, nan 
-80.125, -79.125, 2.732656514213061e-23, nan 
-79.875, -79.125, 2.965649222619721e-23, nan 
-79.625, -79.125, 3.115535715358685e-23, nan 
-79.375, -79.125, 3.176177703068132e-23, nan 
-79.125, -79.125, 2.731254178741112e-23, nan 
-78.875, -79.125, 2.2423600205279392e-23, nan 
-78.625, -79.125, 2.348389101295691e-23, nan 
-78.375, -79.125, 2.5079646033815456e-23, nan 
-78.125, -79.125, 2.8655333058377693e-23, nan 
-77.875, -79.125, 2.808646753295554e-23, nan 
-77.625, -79.125, 2.1669567650559876e-23, nan 
-77.375, -79.125, 2.6247050203054706e-23, nan 
-77.125, -79.125, 3.3013216623766995e-23, nan 
-76.875, -79.125, 3.769926249168788e-23, nan 
-76.625, -79.125, 3.6189383943368104e-23, nan 
-76.375, -79.125, 2.71917343397527e-23, nan 
-76.125, -79.125, 2.1330207080124008e-23, nan 
-75.875, -79.125, 2.350313557898278e-23, nan 
-75.625, -79.125, 2.3806834387513917e-23, nan 
-75.375, -79.125, 3.1202645898471105e-23, nan 
-75.125, -79.125, 3.3007742209278916e-23, nan 
-74.875, -79.125, 3.444724353835116e-23, nan 
-74.625, -79.125, 3.558001367968846e-23, nan 
-74.375, -79.125, 2.601532564241578e-23, nan 
-74.125, -79.125, 2.812939315700363e-23, nan 
-73.875, -79.125, 3.602958267001848e-23, nan 
-73.625, -79.125, 3.625953375040585e-23, nan 
-73.375, -79.125, 2.9341365578630695e-23, nan 
-73.125, -79.125, 1.4439256819780738e-23, nan 
-72.875, -79.125, 2.3340495393949777e-23, nan 
-72.625, -79.125, 2.913898718478528e-23, nan 
-72.375, -79.125, 2.374912966047957e-23, nan 
-72.125, -79.125, 1.5843579555645817e-23, nan 
-71.875, -79.125, 5.179609732144991e-24, nan 
-71.625, -79.125, 2.9642891764928203e-23, nan 
-71.375, -79.125, 3.4195352441700146e-23, nan 
-71.125, -79.125, 1.1243476081677892e-23, nan 
-70.875, -79.125, 1.0138523052947746e-23, nan 
-70.625, -79.125, 4.181991179935118e-24, nan 
-70.375, -79.125, 1.7902649622255405e-23, nan 
-70.125, -79.125, 2.1318513404280955e-23, nan 
-69.875, -79.125, 1.0241920719419237e-23, nan 
-69.625, -79.125, 7.905101063838843e-24, nan 
-69.375, -79.125, 5.001195645044002e-24, nan 
-69.125, -79.125, 6.023817780486898e-24, nan 
-68.875, -79.125, 7.820879236605334e-24, nan 
-68.625, -79.125, 1.0041853526577344e-23, nan 
-68.375, -79.125, 7.11027417086973e-24, nan 
-68.125, -79.125, 2.3958362001238144e-24, nan 
-67.875, -79.125, 8.176414033519234e-24, nan 
-67.625, -79.125, 2.114808765493637e-23, nan 
-67.375, -79.125, 3.3072411898452757e-23, nan 
-67.125, -79.125, 3.487341303294622e-23, nan 
-66.875, -79.125, 2.9260930454862947e-23, nan 
-66.625, -79.125, 2.8384495879148037e-23, nan 
-66.375, -79.125, 3.397187975311442e-23, nan 
-66.125, -79.125, 4.6133024502801903e-23, nan 
-65.875, -79.125, 4.7012075741463844e-23, nan 
-65.625, -79.125, 3.534084707544862e-23, nan 
-65.375, -79.125, 2.89774525953093e-23, nan 
-65.125, -79.125, 1.6521325664018354e-23, nan 
-64.875, -79.125, 3.670619073952895e-24, nan 
-64.625, -79.125, 2.0015411401369996e-23, nan 
-64.375, -79.125, 3.080744212054806e-23, nan 
-64.125, -79.125, 2.9980205457693513e-23, nan 
-63.875, -79.125, 3.3749000610258003e-23, nan 
-63.625, -79.125, 2.857389014264406e-23, nan 
-63.375, -79.125, 2.1110762344367248e-23, nan 
-63.125, -79.125, 2.383556854149965e-23, nan 
-62.875, -79.125, 2.3508478037394e-23, nan 
-62.625, -79.125, 3.107805793015998e-23, nan 
-62.375, -79.125, 2.7504897242777994e-23, nan 
-62.125, -79.125, 2.102015963911605e-23, nan 
-61.875, -79.125, 1.9142752265119968e-23, nan 
-61.625, -79.125, 2.4306502871089187e-23, nan 
-61.375, -79.125, 2.687211495625243e-23, nan 
-61.125, -79.125, 2.528968158718794e-23, nan 
-60.875, -79.125, 3.674657251041636e-23, nan 
-60.625, -79.125, 4.179884037334053e-23, nan 
-60.375, -79.125, 4.4656441727105886e-23, nan 
-60.125, -79.125, 4.2462760380606495e-23, nan 
-59.875, -79.125, 3.345395249518485e-23, nan 
-59.625, -79.125, 3.0147821080887406e-23, nan 
-59.375, -79.125, 2.8231869244324996e-23, nan 
-59.125, -79.125, 3.006398443000444e-23, nan 
-58.875, -79.125, 3.3819183837356364e-23, nan 
-58.625, -79.125, 2.858233879779916e-23, nan 
-58.375, -79.125, 1.0057530859657266e-23, nan 
-58.125, -79.125, 6.141824318241226e-24, nan 
-57.875, -79.125, 1.0815112988478254e-23, nan 
-57.625, -79.125, 2.119660924177823e-23, nan 
-57.375, -79.125, 2.0330498498557654e-23, nan 
-57.125, -79.125, 2.7032773169810443e-23, nan 
-56.875, -79.125, 2.679385892465698e-23, nan 
-56.625, -79.125, 3.2817399265672917e-23, nan 
-56.375, -79.125, 3.551261396086603e-23, nan 
-56.125, -79.125, 3.4827414830922764e-23, nan 
-55.875, -79.125, 3.9520105497338175e-23, nan 
-55.625, -79.125, 4.1314369794987236e-23, nan 
-55.375, -79.125, 3.257326231406906e-23, nan 
-55.125, -79.125, 1.6766475067193838e-23, nan 
-54.875, -79.125, 2.0148226353495377e-23, nan 
-54.625, -79.125, 1.4868649803463752e-23, nan 
-54.375, -79.125, 1.6182559888589966e-23, nan 
-54.125, -79.125, 1.6045208286812607e-23, nan 
-53.875, -79.125, 1.4486610491844203e-23, nan 
-53.625, -79.125, 1.817328924228603e-23, nan 
-53.375, -79.125, 1.411708179115216e-23, nan 
-53.125, -79.125, 1.3639768054289425e-23, nan 
-52.875, -79.125, 1.1920238957179803e-23, nan 
-52.625, -79.125, 1.2728571074822883e-23, nan 
-52.375, -79.125, 1.1612899158573908e-23, nan 
-52.125, -79.125, 1.0947310982410479e-23, nan 
-51.875, -79.125, 5.373174479896533e-24, nan 
-51.625, -79.125, 7.327116103432484e-24, nan 
-51.375, -79.125, 1.2411014704419405e-23, nan 
-51.125, -79.125, 1.61882010940732e-23, nan 
-50.875, -79.125, 1.900344782884848e-23, nan 
-50.625, -79.125, 1.1450213057340404e-23, nan 
-50.375, -79.125, 1.1260235805668353e-23, nan 
-50.125, -79.125, 1.2458732692131162e-23, nan 
-49.875, -79.125, 1.3236691090317078e-23, nan 
-49.625, -79.125, 1.5053006712971768e-23, nan 
-49.375, -79.125, 7.297229432296335e-24, nan 
-49.125, -79.125, 2.3435993093767196e-24, nan 
-48.875, -79.125, 1.884675569997438e-24, nan 
-48.625, -79.125, 2.4660846968617906e-24, nan 
-48.375, -79.125, 2.2120300707742513e-24, nan 
-48.125, -79.125, 3.434721581654983e-24, nan 
-47.875, -79.125, 3.459885545105734e-24, nan 
-47.625, -79.125, 3.613899116262134e-24, nan 
-47.375, -79.125, 5.344525732625032e-24, nan 
-47.125, -79.125, 3.984330387486336e-24, nan 
-46.875, -79.125, 4.8492782155397745e-24, nan 
-46.625, -79.125, 7.152069605031092e-24, nan 
-46.375, -79.125, 1.0066030974301717e-23, nan 
-46.125, -79.125, 8.530053997388164e-24, nan 
-45.875, -79.125, 1.0457226484442223e-23, nan 
-45.625, -79.125, 1.1404862221307635e-23, nan 
-45.375, -79.125, 8.741321273770218e-24, nan 
-45.125, -79.125, 1.5904920051228229e-24, nan 
-44.875, -79.125, 1.7506877793415973e-24, nan 
-44.625, -79.125, 1.4531981797392675e-24, nan 
-44.375, -79.125, 1.7604888548070064e-24, nan 
-44.125, -79.125, 2.083568838707807e-24, nan 
-43.875, -79.125, 2.36793321686974e-24, nan 
-43.625, -79.125, 1.9721912430519948e-24, nan 
-43.375, -79.125, 1.2798544512772464e-24, nan 
-43.125, -79.125, 8.371305945977272e-25, nan 
-42.875, -79.125, 2.0586552677697984e-24, nan 
-42.625, -79.125, 2.06303739124651e-24, nan 
-42.375, -79.125, 2.4055131985454706e-24, nan 
-42.125, -79.125, 2.2366531915222266e-24, nan 
-41.875, -79.125, 2.089787360478539e-24, nan 
-41.625, -79.125, 2.483222584968352e-24, nan 
-41.375, -79.125, 3.363036854120073e-24, nan 
-41.125, -79.125, 3.7509966141482026e-24, nan 
-40.875, -79.125, 4.157951379944931e-24, nan 
-40.625, -79.125, 4.627320126306211e-24, nan 
-40.375, -79.125, 4.463380577101523e-24, nan 
-40.125, -79.125, 4.244472979623409e-24, nan 
-39.875, -79.125, 6.261089245616021e-24, nan 
-39.625, -79.125, 6.562547296405188e-24, nan 
-39.375, -79.125, 2.5327582994469806e-23, nan 
-39.125, -79.125, 2.3313831080187506e-23, nan 
-38.875, -79.125, 4.897026019817739e-24, nan 
-38.625, -79.125, 5.28255508605049e-24, nan 
-38.375, -79.125, 3.307366353889986e-24, nan 
-38.125, -79.125, 3.802023364039717e-24, nan 
-37.875, -79.125, 4.261367139840665e-24, nan 
-37.625, -79.125, 3.2649508302820538e-24, nan 
-37.375, -79.125, 4.086216910661481e-24, nan 
-37.125, -79.125, 3.3128194804947184e-24, nan 
-36.875, -79.125, 3.148430293561319e-24, nan 
-36.625, -79.125, 3.869273938745945e-24, nan 
-36.375, -79.125, 2.8772015745854214e-24, nan 
-36.125, -79.125, 2.8269813491155795e-24, nan 
-35.875, -79.125, 2.839483775776232e-24, nan 
-35.625, -79.125, 3.1789267061466994e-24, nan 
-35.375, -79.125, 4.085236736148983e-24, nan 
-35.125, -79.125, 1.3696964667389673e-24, nan 
-34.875, -79.125, 1.8668048497766322e-24, nan 
-34.625, -79.125, 1.208761848586166e-24, nan 
-34.375, -79.125, 2.2103501199336188e-24, nan 
-34.125, -79.125, 1.576853657869889e-24, nan 
-33.875, -79.125, 3.422482544755351e-24, nan 
-33.625, -79.125, 3.9670779662254635e-24, nan 
-33.375, -79.125, 4.5448170177308165e-24, nan 
-33.125, -79.125, 3.531482956424633e-24, nan 
-32.875, -79.125, 4.125691091768446e-24, nan 
-32.625, -79.125, 5.705628191909989e-24, nan 
-32.375, -79.125, 4.973288938852164e-24, nan 
-32.125, -79.125, 4.8392461318595454e-24, nan 
-31.875, -79.125, 3.320429314538708e-24, nan 
-31.625, -79.125, 2.9551745580317115e-24, nan 
-31.375, -79.125, 3.0110543966936963e-24, nan 
-31.125, -79.125, 4.580569005383357e-24, nan 
-30.875, -79.125, 4.393932333131872e-24, nan 
-30.625, -79.125, 4.398438419331034e-24, nan 
-30.375, -79.125, 4.4739025060837684e-24, nan 
-30.125, -79.125, 4.973679667794806e-24, nan 
-29.875, -79.125, 6.392251762286406e-24, nan 
-29.625, -79.125, 5.0493435300750005e-24, nan 
-29.375, -79.125, 5.2453281641997496e-24, nan 
-29.125, -79.125, 4.388431855138545e-24, nan 
-28.875, -79.125, 5.089895745303481e-24, nan 
-28.625, -79.125, 5.13924782104337e-24, nan 
-28.375, -79.125, 5.266803617799125e-24, nan 
-28.125, -79.125, 5.175775491989787e-24, nan 
-27.875, -79.125, 4.9263337259244086e-24, nan 
-27.625, -79.125, 4.208416842143619e-24, nan 
-27.375, -79.125, 4.087493130080351e-24, nan 
-27.125, -79.125, 4.36068185175379e-24, nan 
-26.875, -79.125, 5.241050298484128e-24, nan 
-26.625, -79.125, 6.346169449693596e-24, nan 
-26.375, -79.125, 5.527997981807596e-24, nan 
-26.125, -79.125, 7.664917438388116e-24, nan 
-25.875, -79.125, 8.358087376167628e-24, nan 
-25.625, -79.125, 9.513916420955203e-24, nan 
-25.375, -79.125, 1.0419250359609863e-23, nan 
-25.125, -79.125, 1.1752662419193393e-23, nan 
-24.875, -79.125, 1.1023588823326627e-23, nan 
-24.625, -79.125, 1.1935511227335472e-23, nan 
-24.375, -79.125, 1.2361209391002763e-23, nan 
-24.125, -79.125, 1.230710063140541e-23, nan 
-23.875, -79.125, 1.1060244327214314e-23, nan 
-23.625, -79.125, 9.91296040919552e-24, nan 
-23.375, -79.125, 1.2626098259821592e-23, nan 
-23.125, -79.125, 1.0087727167069019e-23, nan 
-22.875, -79.125, 1.090138840189472e-23, nan 
-22.625, -79.125, 1.7947182670184288e-23, nan 
-22.375, -79.125, 1.6088917688934148e-23, nan 
-22.125, -79.125, 2.294615719255828e-23, nan 
-21.875, -79.125, 2.3701420929166017e-23, nan 
-21.625, -79.125, 3.1001839231283245e-23, nan 
-21.375, -79.125, 2.4890138602091455e-23, nan 
-21.125, -79.125, 1.9861745942044223e-23, nan 
-20.875, -79.125, 2.440837430311386e-23, nan 
-20.625, -79.125, 3.100628087698125e-23, nan 
-20.375, -79.125, 3.8670606875771e-23, nan 
-20.125, -79.125, 2.6619543630960584e-23, nan 
-19.875, -79.125, 1.128381068534642e-23, nan 
-19.625, -79.125, 1.8697989261467215e-23, nan 
-19.375, -79.125, 1.8804689290962316e-23, nan 
-19.125, -79.125, 5.734745448788191e-23, nan 
-18.875, -79.125, 2.73647338608417e-23, nan 
-18.625, -79.125, 3.0086344842804066e-23, nan 
-18.375, -79.125, 2.2218834233813808e-23, nan 
-18.125, -79.125, 1.6742089062539474e-23, nan 
-17.875, -79.125, 4.28566606116934e-23, nan 
-17.625, -79.125, 1.519352270786751e-23, nan 
-17.375, -79.125, 2.993483156891969e-23, nan 
-17.125, -79.125, 1.7718185576214003e-23, nan 
-16.875, -79.125, 1.7539779169260927e-23, nan 
-16.625, -79.125, 2.004796422184816e-23, nan 
-16.375, -79.125, 2.302413512431787e-23, nan 
-16.125, -79.125, 2.310802808176055e-23, nan 
-15.875, -79.125, 1.443517386209608e-23, nan 
-15.625, -79.125, 1.8856914209145738e-23, nan 
-15.375, -79.125, 1.8820429876611897e-23, nan 
-15.125, -79.125, 2.859463648568581e-23, nan 
-14.875, -79.125, 4.077994844955485e-23, nan 
-14.625, -79.125, 3.046902513129893e-23, nan 
-14.375, -79.125, 2.5825962744520036e-23, nan 
-14.125, -79.125, 2.3731368699985805e-23, nan 
-13.875, -79.125, 2.4899687882909007e-23, nan 
-13.625, -79.125, 2.954052670425068e-23, nan 
-13.375, -79.125, 1.8979543974734873e-23, nan 
-13.125, -79.125, 1.3157591685050681e-23, nan 
-12.875, -79.125, 9.679365802305847e-24, nan 
-12.625, -79.125, 7.437856929186689e-24, nan 
-12.375, -79.125, 8.965837598234318e-24, nan 
-12.125, -79.125, 6.78718505228184e-24, nan 
-11.875, -79.125, 6.847334572454457e-24, nan 
-11.625, -79.125, 8.873969202728225e-24, nan 
-11.375, -79.125, 1.0729544940079782e-23, nan 
-11.125, -79.125, 7.797957575451258e-24, nan 
-10.875, -79.125, 1.2272976564780174e-23, nan 
-10.625, -79.125, 1.1390598364332354e-23, nan 
-10.375, -79.125, 2.74699740070357e-23, nan 
-10.125, -79.125, 2.1580088133667716e-23, nan 
-9.875, -79.125, 7.324755160199704e-24, nan 
-9.625, -79.125, 2.5510381921193242e-23, nan 
-9.375, -79.125, 8.338401536873707e-24, nan 
-9.125, -79.125, 4.999313605232746e-23, nan 
-8.875, -79.125, 4.196461545060611e-23, nan 
-8.625, -79.125, 2.1779704686143602e-23, nan 
-8.375, -79.125, 2.9485144607098724e-23, nan 
-8.125, -79.125, 2.3876677448320673e-23, nan 
-7.875, -79.125, 3.577278097989615e-23, nan 
-7.625, -79.125, 3.4154956206672206e-23, nan 
-7.375, -79.125, 3.274506638452883e-23, nan 
-7.125, -79.125, 4.6782649850881295e-23, nan 
-6.875, -79.125, 3.5886313467749415e-23, nan 
-6.625, -79.125, 4.4152227333601635e-23, nan 
-6.375, -79.125, 2.352213500395573e-23, nan 
-6.125, -79.125, 2.5980274420516322e-23, nan 
-5.875, -79.125, 3.10825565501777e-23, nan 
-5.625, -79.125, 2.4688471853856572e-23, nan 
-5.375, -79.125, 3.6289995020065676e-23, nan 
-5.125, -79.125, 3.5691033768797476e-23, nan 
-4.875, -79.125, 3.737510166945277e-23, nan 
-4.625, -79.125, 3.125436324497894e-23, nan 
-4.375, -79.125, 2.777629711037886e-23, nan 
-4.125, -79.125, 3.555103028737086e-23, nan 
-3.875, -79.125, 4.142448049350445e-23, nan 
-3.625, -79.125, 4.2649975087034694e-23, nan 
-3.375, -79.125, 2.2604573152907715e-23, nan 
-3.125, -79.125, 1.9022539946314706e-23, nan 
-2.875, -79.125, 1.827624953727969e-23, nan 
-2.625, -79.125, 2.6160122528396414e-23, nan 
-2.375, -79.125, 2.1322838723326335e-23, nan 
-2.125, -79.125, 1.3095638291060146e-23, nan 
-1.875, -79.125, 1.4642694876672105e-23, nan 
-1.625, -79.125, 1.6357297568884867e-23, nan 
-1.375, -79.125, 1.5970336713432813e-23, nan 
-1.125, -79.125, 1.5144255327687938e-23, nan 
-0.875, -79.125, 1.3091317604398914e-23, nan 
-0.625, -79.125, 1.7598524874767462e-23, nan 
-0.375, -79.125, 1.4527490050909563e-23, nan 
-0.125, -79.125, 7.931856903580291e-24, nan 
0.125, -79.125, 4.6502178649667906e-24, nan 
0.375, -79.125, 3.803550122361773e-24, nan 
0.625, -79.125, 6.083194325730368e-24, nan 
0.875, -79.125, 8.486941230123529e-24, nan 
1.125, -79.125, 9.287252372743714e-24, nan 
1.375, -79.125, 1.1633411097301443e-23, nan 
1.625, -79.125, 8.663541301822202e-24, nan 
1.875, -79.125, 8.052266697000314e-24, nan 
2.125, -79.125, 1.583055292171664e-23, nan 
2.375, -79.125, 2.2302602946845186e-23, nan 
2.625, -79.125, 3.1468113177049575e-23, nan 
2.875, -79.125, 3.658487212241917e-23, nan 
3.125, -79.125, 3.9516257255866144e-23, nan 
3.375, -79.125, 3.5090599716965137e-23, nan 
3.625, -79.125, 2.9695230021609543e-23, nan 
3.875, -79.125, 3.350295076988264e-23, nan 
4.125, -79.125, 3.4555022283663706e-23, nan 
4.375, -79.125, 3.678316694676516e-23, nan 
4.625, -79.125, 3.155621927621179e-23, nan 
4.875, -79.125, 2.6145517074783478e-23, nan 
5.125, -79.125, 2.3446880282397143e-23, nan 
5.375, -79.125, 2.4335906658064513e-23, nan 
5.625, -79.125, 2.3744345488002193e-23, nan 
5.875, -79.125, 2.2065797031922556e-23, nan 
6.125, -79.125, 4.7254376141920024e-23, nan 
6.375, -79.125, 5.1075607455109815e-23, nan 
6.625, -79.125, 5.479040425944479e-23, nan 
6.875, -79.125, 5.098629272953984e-23, nan 
7.125, -79.125, 4.995262699267338e-23, nan 
7.375, -79.125, 5.917088428108266e-23, nan 
7.625, -79.125, 5.865650049302305e-23, nan 
7.875, -79.125, 7.995544883318968e-23, nan 
8.125, -79.125, 7.628993881009054e-23, nan 
8.375, -79.125, 1.2820858953507533e-22, nan 
8.625, -79.125, 8.019120018462662e-23, nan 
8.875, -79.125, 7.940993195360586e-23, nan 
9.125, -79.125, 8.40418827631132e-23, nan 
9.375, -79.125, 9.442512762393814e-23, nan 
9.625, -79.125, 1.6184675694838842e-22, nan 
9.875, -79.125, 9.949120454793849e-23, nan 
10.125, -79.125, 1.055984343263733e-22, nan 
10.375, -79.125, 1.0578916629510394e-22, nan 
10.625, -79.125, 1.3372627897076803e-22, nan 
10.875, -79.125, 9.532405148579575e-23, nan 
11.125, -79.125, 1.491913090791445e-22, nan 
11.375, -79.125, 1.3338082741855517e-22, nan 
11.625, -79.125, 1.0782984893675275e-22, nan 
11.875, -79.125, 1.0151250070163833e-22, nan 
12.125, -79.125, 1.2845272080151871e-22, nan 
12.375, -79.125, 1.790495021640455e-22, nan 
12.625, -79.125, 1.957730470702479e-22, nan 
12.875, -79.125, 2.0474087820248976e-22, nan 
13.125, -79.125, 1.4996492380484205e-22, nan 
13.375, -79.125, 1.5885730263726416e-22, nan 
13.625, -79.125, 1.4046878411920737e-22, nan 
13.875, -79.125, 1.4746622795289674e-22, nan 
14.125, -79.125, 1.4301567073385465e-22, nan 
14.375, -79.125, 1.1615148859220518e-22, nan 
-117.125, -78.875, 3.757637959335673e-25, nan 
-116.875, -78.875, 3.0478608156712713e-25, nan 
-116.625, -78.875, 2.6422707592464708e-25, nan 
-116.375, -78.875, 3.725558058228064e-25, nan 
-116.125, -78.875, 2.700097578381225e-25, nan 
-115.875, -78.875, 3.137022871670174e-25, nan 
-115.625, -78.875, 1.630147769224067e-25, nan 
-115.375, -78.875, 2.2933549933668045e-25, nan 
-115.125, -78.875, 2.6420138511508796e-25, nan 
-114.875, -78.875, 2.489102539197414e-25, nan 
-114.625, -78.875, 2.006438533158664e-25, nan 
-114.375, -78.875, 1.1510458280041144e-25, nan 
-114.125, -78.875, 2.1704319821646042e-25, nan 
-113.875, -78.875, 2.6083289563176726e-25, nan 
-113.625, -78.875, 3.0027822467497e-25, nan 
-113.375, -78.875, 2.599996788393176e-25, nan 
-113.125, -78.875, 2.0306352323456426e-25, nan 
-112.875, -78.875, 1.9094707227881543e-25, nan 
-112.625, -78.875, 2.1591168685741265e-25, nan 
-112.375, -78.875, 2.1861348966173877e-25, nan 
-112.125, -78.875, 2.521426702797619e-25, nan 
-111.875, -78.875, 3.903961452592505e-25, nan 
-111.625, -78.875, 4.203886844832665e-25, nan 
-111.375, -78.875, 5.095301009213165e-25, nan 
-111.125, -78.875, 6.258012535244928e-25, nan 
-110.875, -78.875, 5.629376974843621e-25, nan 
-110.625, -78.875, 4.618386650064828e-25, nan 
-110.375, -78.875, 3.553451158113635e-25, nan 
-110.125, -78.875, 4.245343668233818e-25, nan 
-109.875, -78.875, 5.03673290086931e-25, nan 
-109.625, -78.875, 4.0808915845948228e-25, nan 
-109.375, -78.875, 2.8309262426874366e-25, nan 
-109.125, -78.875, 2.5192492196855606e-25, nan 
-108.875, -78.875, 3.466416460396237e-25, nan 
-108.625, -78.875, 3.3905957765687487e-25, nan 
-108.375, -78.875, 5.785583633673834e-25, nan 
-108.125, -78.875, 3.8841900236432947e-25, nan 
-107.875, -78.875, 3.9034741613291865e-25, nan 
-107.625, -78.875, 3.5239265853457355e-25, nan 
-107.375, -78.875, 3.1018193799129407e-25, nan 
-107.125, -78.875, 4.59692904163884e-25, nan 
-106.875, -78.875, 3.3508076245633054e-25, nan 
-106.625, -78.875, 3.6867501077946736e-25, nan 
-106.375, -78.875, 2.549476087972237e-25, nan 
-106.125, -78.875, 2.401243307323709e-25, nan 
-105.875, -78.875, 1.9864357591176074e-25, nan 
-105.625, -78.875, 2.422075814454971e-25, nan 
-105.375, -78.875, 3.0204224532392733e-25, nan 
-105.125, -78.875, 3.655683035791162e-25, nan 
-104.875, -78.875, 1.524905715270612e-25, nan 
-104.625, -78.875, 3.7018427038330207e-25, nan 
-104.375, -78.875, 3.8456340786765325e-25, nan 
-104.125, -78.875, 3.8436647499853343e-25, nan 
-103.875, -78.875, 4.961916568412868e-25, nan 
-103.625, -78.875, 5.176420385281495e-25, nan 
-103.375, -78.875, 7.668266189912992e-25, nan 
-103.125, -78.875, 1.8664921685112312e-24, nan 
-102.875, -78.875, 1.6092702566355782e-24, nan 
-102.625, -78.875, 1.281421426311379e-24, nan 
-102.375, -78.875, 1.203886364642671e-24, nan 
-102.125, -78.875, 1.641315169575988e-24, nan 
-101.875, -78.875, 2.0737882764286182e-24, nan 
-101.625, -78.875, 1.3763326381120002e-24, nan 
-101.375, -78.875, 1.317571071351807e-24, nan 
-101.125, -78.875, 1.3331333584486384e-24, nan 
-100.875, -78.875, 2.211854478475416e-24, nan 
-100.625, -78.875, 2.606781143553387e-24, nan 
-100.375, -78.875, 2.558962156524309e-24, nan 
-100.125, -78.875, 4.3822563227413475e-24, nan 
-99.875, -78.875, 3.784660755031803e-24, nan 
-99.625, -78.875, 3.624532375353336e-24, nan 
-99.375, -78.875, 4.5061464347771666e-24, nan 
-99.125, -78.875, 4.691334370371155e-24, nan 
-98.875, -78.875, 4.001348051974872e-24, nan 
-98.625, -78.875, 4.875885981800927e-24, nan 
-98.375, -78.875, 3.6416147083728905e-24, nan 
-98.125, -78.875, 8.702491391976271e-24, nan 
-97.875, -78.875, 1.0403559972249424e-23, nan 
-97.625, -78.875, 4.063583145824783e-24, nan 
-97.375, -78.875, 5.875854320928907e-24, nan 
-97.125, -78.875, 8.643558506968574e-24, nan 
-96.875, -78.875, 1.3727017556858246e-23, nan 
-96.625, -78.875, 1.2698375859602908e-23, nan 
-96.375, -78.875, 5.991153884928297e-24, nan 
-96.125, -78.875, 1.2899365846874163e-23, nan 
-95.875, -78.875, 1.2677340417812656e-23, nan 
-95.625, -78.875, 1.2984498930593812e-23, nan 
-95.375, -78.875, 1.351462697011086e-23, nan 
-95.125, -78.875, 6.708275974878392e-24, nan 
-94.875, -78.875, 1.4178167901175616e-23, nan 
-94.625, -78.875, 9.992534594533856e-24, nan 
-94.375, -78.875, 1.3639712230813898e-23, nan 
-94.125, -78.875, 2.1562108822848024e-23, nan 
-93.875, -78.875, 1.6100558851552993e-23, nan 
-93.625, -78.875, 1.58702617964641e-23, nan 
-93.375, -78.875, 8.817455916951992e-24, nan 
-93.125, -78.875, 1.7923660237198923e-23, nan 
-92.875, -78.875, 3.1808271267884994e-23, nan 
-92.625, -78.875, 3.389649530833513e-23, nan 
-92.375, -78.875, 3.130171365474168e-23, nan 
-92.125, -78.875, 1.538407639901524e-23, nan 
-91.875, -78.875, 1.0740285407053369e-23, nan 
-91.625, -78.875, 1.9548861968733393e-23, nan 
-91.375, -78.875, 2.5001029780846193e-23, nan 
-91.125, -78.875, 2.361662815924718e-23, nan 
-90.875, -78.875, 1.5482945299152975e-23, nan 
-90.625, -78.875, 8.362141247756166e-24, nan 
-90.375, -78.875, 4.062215425795424e-24, nan 
-90.125, -78.875, 5.578527927509162e-24, nan 
-89.875, -78.875, 6.219239173022206e-24, nan 
-89.625, -78.875, 6.4052752469081204e-24, nan 
-89.375, -78.875, 4.1462917617900436e-24, nan 
-89.125, -78.875, 2.30337716266181e-24, nan 
-88.875, -78.875, 1.5536360868149557e-24, nan 
-88.625, -78.875, 1.8688950645658517e-24, nan 
-88.375, -78.875, 2.4299906210883976e-24, nan 
-88.125, -78.875, 3.2087093370687196e-24, nan 
-87.875, -78.875, 1.472934571606902e-24, nan 
-87.625, -78.875, 1.5626912036232644e-24, nan 
-87.375, -78.875, 1.95300635548187e-24, nan 
-87.125, -78.875, 3.281431037060656e-24, nan 
-86.875, -78.875, 3.2588100181444743e-24, nan 
-86.625, -78.875, 3.839127752298726e-24, nan 
-86.375, -78.875, 3.2841349541258036e-24, nan 
-86.125, -78.875, 4.075680794641529e-24, nan 
-85.875, -78.875, 3.7542216519541094e-24, nan 
-85.625, -78.875, 4.722706563802463e-24, nan 
-85.375, -78.875, 6.697895628385846e-24, nan 
-85.125, -78.875, 5.074599043658878e-24, nan 
-84.875, -78.875, 5.181253517483628e-24, nan 
-84.625, -78.875, 5.0636230806927745e-24, nan 
-84.375, -78.875, 9.521190875729359e-24, nan 
-84.125, -78.875, 1.4292691655829987e-23, nan 
-83.875, -78.875, 9.007895342102134e-24, nan 
-83.625, -78.875, 4.7982833403441006e-24, nan 
-83.375, -78.875, 8.609350694853419e-24, nan 
-83.125, -78.875, 1.4188359029376034e-23, nan 
-82.875, -78.875, 1.64128719604007e-23, nan 
-82.625, -78.875, 1.3747409790893827e-23, nan 
-82.375, -78.875, 1.2237123248190566e-23, nan 
-82.125, -78.875, 1.586498488795154e-23, nan 
-81.875, -78.875, 2.1667385522560485e-23, nan 
-81.625, -78.875, 2.1584458409587213e-23, nan 
-81.375, -78.875, 2.51936000042105e-23, nan 
-81.125, -78.875, 2.5610818733874473e-23, nan 
-80.875, -78.875, 2.854919889595685e-23, nan 
-80.625, -78.875, 2.9267234296166744e-23, nan 
-80.375, -78.875, 2.900936568186214e-23, nan 
-80.125, -78.875, 3.510239934768621e-23, nan 
-79.875, -78.875, 3.935447756221272e-23, nan 
-79.625, -78.875, 4.625225472950819e-23, nan 
-79.375, -78.875, 4.2519870283227265e-23, nan 
-79.125, -78.875, 3.2814039067340766e-23, nan 
-78.875, -78.875, 2.483738620713103e-23, nan 
-78.625, -78.875, 2.4249283227701448e-23, nan 
-78.375, -78.875, 3.5053834589742553e-23, nan 
-78.125, -78.875, 3.0216288863765287e-23, nan 
-77.875, -78.875, 2.2831457953090347e-23, nan 
-77.625, -78.875, 9.230978021332712e-24, nan 
-77.375, -78.875, 3.88535930946845e-24, nan 
-77.125, -78.875, 1.46781402081363e-23, nan 
-76.875, -78.875, 2.1519670085413786e-23, nan 
-76.625, -78.875, 2.4767546208277446e-23, nan 
-76.375, -78.875, 3.454996223330233e-23, nan 
-76.125, -78.875, 1.7681320009051466e-23, nan 
-75.875, -78.875, 1.828444610057144e-23, nan 
-75.625, -78.875, 1.9319185442016475e-23, nan 
-75.375, -78.875, 2.56646769797801e-23, nan 
-75.125, -78.875, 4.0014036023201294e-23, nan 
-74.875, -78.875, 2.693351346380438e-23, nan 
-74.625, -78.875, 3.80381430443262e-23, nan 
-74.375, -78.875, 2.785878973943082e-23, nan 
-74.125, -78.875, 3.1111421577325724e-23, nan 
-73.875, -78.875, 3.4165517362468307e-23, nan 
-73.625, -78.875, 2.693788998395718e-23, nan 
-73.375, -78.875, 2.1693722987029663e-23, nan 
-73.125, -78.875, 1.53223793901374e-23, nan 
-72.875, -78.875, 3.3084542261774853e-23, nan 
-72.625, -78.875, 3.3969215611601004e-23, nan 
-72.375, -78.875, 2.1043789894656782e-23, nan 
-72.125, -78.875, 1.652688157249121e-23, nan 
-71.875, -78.875, 6.539917833965466e-24, nan 
-71.625, -78.875, 1.753196573451336e-23, nan 
-71.375, -78.875, 2.0794052975203193e-23, nan 
-71.125, -78.875, 1.395757400644074e-23, nan 
-70.875, -78.875, 1.1911811781156006e-23, nan 
-70.625, -78.875, 1.5170783320965404e-23, nan 
-70.375, -78.875, 1.663393025000579e-23, nan 
-70.125, -78.875, 7.562084019466942e-24, nan 
-69.875, -78.875, 1.5835862238291085e-23, nan 
-69.625, -78.875, 1.441403872130182e-23, nan 
-69.375, -78.875, 1.619948624666725e-23, nan 
-69.125, -78.875, 1.7446068560229822e-23, nan 
-68.875, -78.875, 9.220870258450208e-24, nan 
-68.625, -78.875, 5.315135840182921e-24, nan 
-68.375, -78.875, 4.456568430852282e-24, nan 
-68.125, -78.875, 8.363934404152211e-24, nan 
-67.875, -78.875, 9.600665466401462e-24, nan 
-67.625, -78.875, 5.853221960997177e-24, nan 
-67.375, -78.875, 4.033286519027661e-24, nan 
-67.125, -78.875, 2.544997192429888e-24, nan 
-66.875, -78.875, 1.4545182317479975e-23, nan 
-66.625, -78.875, 2.5840366990051706e-23, nan 
-66.375, -78.875, 3.787886749336013e-23, nan 
-66.125, -78.875, 4.7856531026858365e-23, nan 
-65.875, -78.875, 4.770165885751891e-23, nan 
-65.625, -78.875, 3.6872471411721467e-23, nan 
-65.375, -78.875, 3.398689085439595e-23, nan 
-65.125, -78.875, 3.43164324427738e-23, nan 
-64.875, -78.875, 3.78195138751791e-23, nan 
-64.625, -78.875, 4.498267729160465e-23, nan 
-64.375, -78.875, 4.582875382550816e-23, nan 
-64.125, -78.875, 4.6135296981067037e-23, nan 
-63.875, -78.875, 3.8518761513914256e-23, nan 
-63.625, -78.875, 2.495073948467366e-23, nan 
-63.375, -78.875, 2.5635525652604312e-23, nan 
-63.125, -78.875, 3.5929548911463336e-23, nan 
-62.875, -78.875, 3.9698366315139285e-23, nan 
-62.625, -78.875, 3.980386735156822e-23, nan 
-62.375, -78.875, 3.2556123239671667e-23, nan 
-62.125, -78.875, 4.629249930273801e-23, nan 
-61.875, -78.875, 4.5076243541508535e-23, nan 
-61.625, -78.875, 4.224046727183283e-23, nan 
-61.375, -78.875, 3.7397458277395333e-23, nan 
-61.125, -78.875, 3.950334237804191e-23, nan 
-60.875, -78.875, 6.501973101195756e-23, nan 
-60.625, -78.875, 7.438713425299307e-23, nan 
-60.375, -78.875, 7.027950070778458e-23, nan 
-60.125, -78.875, 6.474722547933161e-23, nan 
-59.875, -78.875, 4.55576008488792e-23, nan 
-59.625, -78.875, 5.0248482292453515e-23, nan 
-59.375, -78.875, 4.605020000173985e-23, nan 
-59.125, -78.875, 4.786870537800809e-23, nan 
-58.875, -78.875, 4.629715972606331e-23, nan 
-58.625, -78.875, 3.4152259977078337e-23, nan 
-58.375, -78.875, 2.794989364448215e-23, nan 
-58.125, -78.875, 5.954115238957586e-24, nan 
-57.875, -78.875, 1.7771565771231994e-23, nan 
-57.625, -78.875, 2.994843198115599e-23, nan 
-57.375, -78.875, 2.8030896021005013e-23, nan 
-57.125, -78.875, 2.476394762167189e-23, nan 
-56.875, -78.875, 2.231372142114848e-23, nan 
-56.625, -78.875, 2.3820183071891446e-23, nan 
-56.375, -78.875, 3.4310412733993654e-23, nan 
-56.125, -78.875, 3.386954937653442e-23, nan 
-55.875, -78.875, 2.754624929871944e-23, nan 
-55.625, -78.875, 2.2015342483475565e-23, nan 
-55.375, -78.875, 9.983040108679268e-24, nan 
-55.125, -78.875, 1.4909133214183796e-23, nan 
-54.875, -78.875, 1.679333912182786e-23, nan 
-54.625, -78.875, 1.565551671298978e-23, nan 
-54.375, -78.875, 1.4584177534698683e-23, nan 
-54.125, -78.875, 1.1169968540174318e-23, nan 
-53.875, -78.875, 1.2809677030994181e-23, nan 
-53.625, -78.875, 1.3644933230393893e-23, nan 
-53.375, -78.875, 1.2098883605864934e-23, nan 
-53.125, -78.875, 1.0180458275914452e-23, nan 
-52.875, -78.875, 1.0101556217748271e-23, nan 
-52.625, -78.875, 7.11929050484242e-24, nan 
-52.375, -78.875, 1.1073481972442376e-23, nan 
-52.125, -78.875, 1.0417772963226432e-23, nan 
-51.875, -78.875, 8.632305775320415e-24, nan 
-51.625, -78.875, 5.250911253379781e-24, nan 
-51.375, -78.875, 8.478833792429637e-24, nan 
-51.125, -78.875, 1.7917305539639028e-23, nan 
-50.875, -78.875, 2.0090648881797292e-23, nan 
-50.625, -78.875, 1.916408861759483e-23, nan 
-50.375, -78.875, 1.4694029273198233e-23, nan 
-50.125, -78.875, 1.2122199661693245e-23, nan 
-49.875, -78.875, 1.6345302087729908e-23, nan 
-49.625, -78.875, 1.8544799028648682e-23, nan 
-49.375, -78.875, 1.6869219981110313e-23, nan 
-49.125, -78.875, 1.2126309223458614e-23, nan 
-48.875, -78.875, 7.679949825863178e-24, nan 
-48.625, -78.875, 4.066940134692638e-24, nan 
-48.375, -78.875, 2.66224093244273e-24, nan 
-48.125, -78.875, 2.0886277138316525e-24, nan 
-47.875, -78.875, 3.3796308637273506e-24, nan 
-47.625, -78.875, 6.66847006548383e-24, nan 
-47.375, -78.875, 5.945469148558726e-24, nan 
-47.125, -78.875, 8.196065970428418e-24, nan 
-46.875, -78.875, 9.278887782480047e-24, nan 
-46.625, -78.875, 7.88051980369181e-24, nan 
-46.375, -78.875, 1.580507723801308e-23, nan 
-46.125, -78.875, 1.1394710934964543e-23, nan 
-45.875, -78.875, 1.613975646869808e-23, nan 
-45.625, -78.875, 1.8191492186766226e-23, nan 
-45.375, -78.875, 1.4376482604680838e-23, nan 
-45.125, -78.875, 1.1921586827416554e-23, nan 
-44.875, -78.875, 8.638928772507187e-24, nan 
-44.625, -78.875, 1.0474470651429588e-23, nan 
-44.375, -78.875, 1.1607312198327088e-23, nan 
-44.125, -78.875, 1.1645974420500473e-23, nan 
-43.875, -78.875, 4.110292021424673e-24, nan 
-43.625, -78.875, 3.831114308850397e-24, nan 
-43.375, -78.875, 4.06091656909266e-24, nan 
-43.125, -78.875, 4.572968198383261e-24, nan 
-42.875, -78.875, 4.368871134481311e-24, nan 
-42.625, -78.875, 1.719921972686963e-24, nan 
-42.375, -78.875, 1.2129564222852561e-24, nan 
-42.125, -78.875, 1.4654166825219376e-24, nan 
-41.875, -78.875, 1.7883252044273183e-24, nan 
-41.625, -78.875, 2.0041916180715025e-24, nan 
-41.375, -78.875, 1.9949185746371937e-24, nan 
-41.125, -78.875, 3.50030845940463e-24, nan 
-40.875, -78.875, 2.9872893435332878e-24, nan 
-40.625, -78.875, 2.1108743053480525e-23, nan 
-40.375, -78.875, 1.9270182960109562e-23, nan 
-40.125, -78.875, 5.1318033662185676e-24, nan 
-39.875, -78.875, 6.087853792109652e-24, nan 
-39.625, -78.875, 7.166280634648103e-24, nan 
-39.375, -78.875, 4.578927720666394e-23, nan 
-39.125, -78.875, 4.215330459556563e-23, nan 
-38.875, -78.875, 4.945667034105153e-24, nan 
-38.625, -78.875, 5.314232554893345e-24, nan 
-38.375, -78.875, 7.772570544063167e-24, nan 
-38.125, -78.875, 2.4765898650877543e-23, nan 
-37.875, -78.875, 2.3255134031811694e-23, nan 
-37.625, -78.875, 1.0990312618766387e-24, nan 
-37.375, -78.875, 2.50353813676118e-24, nan 
-37.125, -78.875, 3.1930661803751768e-24, nan 
-36.875, -78.875, 1.3405108677679131e-24, nan 
-36.625, -78.875, 1.538328396253776e-24, nan 
-36.375, -78.875, 7.544584985313931e-25, nan 
-36.125, -78.875, 1.4926509039600216e-24, nan 
-35.875, -78.875, 1.9229557272115975e-24, nan 
-35.625, -78.875, 1.500536350634788e-24, nan 
-35.375, -78.875, 1.416595959105166e-24, nan 
-35.125, -78.875, 2.1016854988202606e-24, nan 
-34.875, -78.875, 1.378542343502947e-24, nan 
-34.625, -78.875, 2.0557256130912664e-24, nan 
-34.375, -78.875, 2.1824657213784033e-24, nan 
-34.125, -78.875, 2.659171395828154e-24, nan 
-33.875, -78.875, 2.960558471736856e-24, nan 
-33.625, -78.875, 3.3450916135582874e-24, nan 
-33.375, -78.875, 3.225214661443499e-24, nan 
-33.125, -78.875, 4.5429606196478525e-24, nan 
-32.875, -78.875, 5.768384463168494e-24, nan 
-32.625, -78.875, 7.204892906709006e-24, nan 
-32.375, -78.875, 6.1204509677324075e-24, nan 
-32.125, -78.875, 3.298058077613365e-24, nan 
-31.875, -78.875, 3.8779463048183456e-24, nan 
-31.625, -78.875, 5.282569752744767e-24, nan 
-31.375, -78.875, 6.084257033095711e-24, nan 
-31.125, -78.875, 6.295049732934492e-24, nan 
-30.875, -78.875, 5.116297110378044e-24, nan 
-30.625, -78.875, 4.871152543334936e-24, nan 
-30.375, -78.875, 5.1698734354309134e-24, nan 
-30.125, -78.875, 5.391120411283471e-24, nan 
-29.875, -78.875, 6.160434443335734e-24, nan 
-29.625, -78.875, 5.882061781916746e-24, nan 
-29.375, -78.875, 6.2080667553743816e-24, nan 
-29.125, -78.875, 5.764317073715427e-24, nan 
-28.875, -78.875, 5.404226262092545e-24, nan 
-28.625, -78.875, 5.851029956246579e-24, nan 
-28.375, -78.875, 6.5922782957907496e-24, nan 
-28.125, -78.875, 7.014579250047438e-24, nan 
-27.875, -78.875, 7.360135553574833e-24, nan 
-27.625, -78.875, 5.968272530083263e-24, nan 
-27.375, -78.875, 6.809272624002094e-24, nan 
-27.125, -78.875, 8.628423450681087e-24, nan 
-26.875, -78.875, 9.373802691733768e-24, nan 
-26.625, -78.875, 8.527897728304782e-24, nan 
-26.375, -78.875, 1.185154373497943e-23, nan 
-26.125, -78.875, 1.0640914616741484e-23, nan 
-25.875, -78.875, 1.0305520479460504e-23, nan 
-25.625, -78.875, 9.720131276426936e-24, nan 
-25.375, -78.875, 9.321518817931765e-24, nan 
-25.125, -78.875, 1.3797132308507727e-23, nan 
-24.875, -78.875, 1.1032949023922291e-23, nan 
-24.625, -78.875, 1.2108854630021049e-23, nan 
-24.375, -78.875, 1.0550443642615985e-23, nan 
-24.125, -78.875, 9.232315796477115e-24, nan 
-23.875, -78.875, 1.3228443256087137e-23, nan 
-23.625, -78.875, 1.4331324156859557e-23, nan 
-23.375, -78.875, 1.2796009260787882e-23, nan 
-23.125, -78.875, 1.6676151095750093e-23, nan 
-22.875, -78.875, 2.1264833243535547e-23, nan 
-22.625, -78.875, 2.24397402768463e-23, nan 
-22.375, -78.875, 2.562886182852837e-23, nan 
-22.125, -78.875, 2.53624595728643e-23, nan 
-21.875, -78.875, 2.1642568316171048e-23, nan 
-21.625, -78.875, 2.707116910214178e-23, nan 
-21.375, -78.875, 2.67520045881777e-23, nan 
-21.125, -78.875, 3.522399033885284e-23, nan 
-20.875, -78.875, 3.1795355673771547e-23, nan 
-20.625, -78.875, 2.4697289540064236e-23, nan 
-20.375, -78.875, 3.0952313956055847e-23, nan 
-20.125, -78.875, 4.146466345778151e-23, nan 
-19.875, -78.875, 3.696277615752214e-23, nan 
-19.625, -78.875, 3.7019638299935193e-23, nan 
-19.375, -78.875, 2.3138457178305995e-23, nan 
-19.125, -78.875, 4.152169757866801e-23, nan 
-18.875, -78.875, 3.674805710875537e-23, nan 
-18.625, -78.875, 3.258361908698811e-23, nan 
-18.375, -78.875, 3.19755459682276e-23, nan 
-18.125, -78.875, 2.4219416198713142e-23, nan 
-17.875, -78.875, 2.786658844819636e-23, nan 
-17.625, -78.875, 2.6081683396615432e-23, nan 
-17.375, -78.875, 2.797079738912151e-23, nan 
-17.125, -78.875, 2.3156553831886022e-23, nan 
-16.875, -78.875, 2.6453190737387967e-23, nan 
-16.625, -78.875, 3.294903387709967e-23, nan 
-16.375, -78.875, 4.406971661486641e-23, nan 
-16.125, -78.875, 3.591314129571898e-23, nan 
-15.875, -78.875, 3.827661948670421e-23, nan 
-15.625, -78.875, 3.928000109546406e-23, nan 
-15.375, -78.875, 3.2191019166819253e-23, nan 
-15.125, -78.875, 3.158212749824995e-23, nan 
-14.875, -78.875, 3.241528833766339e-23, nan 
-14.625, -78.875, 2.678700083734941e-23, nan 
-14.375, -78.875, 2.6060904323997626e-23, nan 
-14.125, -78.875, 2.5627741257763164e-23, nan 
-13.875, -78.875, 2.3273505428028515e-23, nan 
-13.625, -78.875, 3.389154124398201e-23, nan 
-13.375, -78.875, 2.3899882316654252e-23, nan 
-13.125, -78.875, 2.6585901622927245e-23, nan 
-12.875, -78.875, 1.364363231965058e-23, nan 
-12.625, -78.875, 8.601547810857282e-24, nan 
-12.375, -78.875, 1.4365276484098586e-23, nan 
-12.125, -78.875, 1.3003109582460151e-23, nan 
-11.875, -78.875, 1.0175949310890091e-23, nan 
-11.625, -78.875, 8.383946215167366e-24, nan 
-11.375, -78.875, 9.195419962874516e-24, nan 
-11.125, -78.875, 7.565080931773773e-24, nan 
-10.875, -78.875, 6.934360376062002e-24, nan 
-10.625, -78.875, 1.1083962743252405e-23, nan 
-10.375, -78.875, 1.328313244652355e-23, nan 
-10.125, -78.875, 1.522581563994773e-23, nan 
-9.875, -78.875, 1.4700926702601084e-23, nan 
-9.625, -78.875, 1.709133520861192e-23, nan 
-9.375, -78.875, 9.541489119757332e-24, nan 
-9.125, -78.875, 2.660443391059655e-23, nan 
-8.875, -78.875, 1.7592114821255844e-23, nan 
-8.625, -78.875, 1.1714227434456458e-23, nan 
-8.375, -78.875, 1.3839748281347008e-23, nan 
-8.125, -78.875, 7.875803001268894e-24, nan 
-7.875, -78.875, 1.0412413371049217e-23, nan 
-7.625, -78.875, 2.231318981225695e-23, nan 
-7.375, -78.875, 2.727482096661035e-23, nan 
-7.125, -78.875, 3.6620583974014644e-23, nan 
-6.875, -78.875, 2.555289321367537e-23, nan 
-6.625, -78.875, 3.079324804091068e-23, nan 
-6.375, -78.875, 2.3655221632392742e-23, nan 
-6.125, -78.875, 2.0132535188679686e-23, nan 
-5.875, -78.875, 1.517272729982595e-23, nan 
-5.625, -78.875, 1.515475428769716e-23, nan 
-5.375, -78.875, 1.3234308476525445e-23, nan 
-5.125, -78.875, 1.771245142249576e-23, nan 
-4.875, -78.875, 1.4966554681956896e-23, nan 
-4.625, -78.875, 1.8041042907871537e-23, nan 
-4.375, -78.875, 2.6048889652685413e-23, nan 
-4.125, -78.875, 3.14676744022269e-23, nan 
-3.875, -78.875, 2.881090299932153e-23, nan 
-3.625, -78.875, 3.0779134079381215e-23, nan 
-3.375, -78.875, 1.2897023461613337e-23, nan 
-3.125, -78.875, 1.2447662329932028e-23, nan 
-2.875, -78.875, 1.8134465245945467e-23, nan 
-2.625, -78.875, 9.69866443941122e-24, nan 
-2.375, -78.875, 1.2117189879869006e-23, nan 
-2.125, -78.875, 8.801116695719286e-24, nan 
-1.875, -78.875, 8.700133921767864e-24, nan 
-1.625, -78.875, 4.557627809414503e-24, nan 
-1.375, -78.875, 6.290746965155365e-24, nan 
-1.125, -78.875, 7.508849290611762e-24, nan 
-0.875, -78.875, 9.254185462747278e-24, nan 
-0.625, -78.875, 1.1018624602210954e-23, nan 
-0.375, -78.875, 8.412505325029017e-24, nan 
-0.125, -78.875, 8.177206355285014e-24, nan 
0.125, -78.875, 1.7847067230550252e-23, nan 
0.375, -78.875, 7.151770933547841e-24, nan 
0.625, -78.875, 6.733493189613435e-24, nan 
0.875, -78.875, 5.648670635064093e-24, nan 
1.125, -78.875, 6.627764470189169e-24, nan 
1.375, -78.875, 7.084098274980689e-24, nan 
1.625, -78.875, 7.720908328118892e-24, nan 
1.875, -78.875, 6.441449990129726e-24, nan 
2.125, -78.875, 6.803065262906223e-24, nan 
2.375, -78.875, 9.839848223262948e-24, nan 
2.625, -78.875, 1.0726428517714825e-23, nan 
2.875, -78.875, 1.0989321384805082e-23, nan 
3.125, -78.875, 1.460142941266844e-23, nan 
3.375, -78.875, 1.613049298526634e-23, nan 
3.625, -78.875, 1.6346386191092686e-23, nan 
3.875, -78.875, 1.5818406944018952e-23, nan 
4.125, -78.875, 1.5552413450069412e-23, nan 
4.375, -78.875, 2.09045692352501e-23, nan 
4.625, -78.875, 2.25276983384694e-23, nan 
4.875, -78.875, 2.4656568592726505e-23, nan 
5.125, -78.875, 2.572383388737421e-23, nan 
5.375, -78.875, 2.4870031225178326e-23, nan 
5.625, -78.875, 2.1694733775660953e-23, nan 
5.875, -78.875, 2.092831811173163e-23, nan 
6.125, -78.875, 2.6545116884682684e-23, nan 
6.375, -78.875, 2.986530750147804e-23, nan 
6.625, -78.875, 3.401549806027976e-23, nan 
6.875, -78.875, 2.975394716928846e-23, nan 
7.125, -78.875, 3.034910357552691e-23, nan 
7.375, -78.875, 4.7274916741937585e-23, nan 
7.625, -78.875, 5.84169603104343e-23, nan 
7.875, -78.875, 5.918823190807545e-23, nan 
8.125, -78.875, 5.526698150566249e-23, nan 
8.375, -78.875, 5.949071740014679e-23, nan 
8.625, -78.875, 8.254388885872352e-23, nan 
8.875, -78.875, 6.280031250330941e-23, nan 
9.125, -78.875, 6.433977412642349e-23, nan 
9.375, -78.875, 4.852715358964084e-23, nan 
9.625, -78.875, 1.2060777932604047e-22, nan 
9.875, -78.875, 7.743242557489936e-23, nan 
10.125, -78.875, 8.070843703025968e-23, nan 
10.375, -78.875, 9.341736423984303e-23, nan 
10.625, -78.875, 1.0214587869129826e-22, nan 
10.875, -78.875, 9.725998912067735e-23, nan 
11.125, -78.875, 1.2316662494529296e-22, nan 
11.375, -78.875, 1.2476486472003253e-22, nan 
11.625, -78.875, 9.303274905420582e-23, nan 
11.875, -78.875, 1.0504522408478758e-22, nan 
12.125, -78.875, 1.2773940403717329e-22, nan 
12.375, -78.875, 1.4185058509201008e-22, nan 
12.625, -78.875, 1.4671868759066255e-22, nan 
12.875, -78.875, 1.1163889277172169e-22, nan 
13.125, -78.875, 1.0562709674426965e-22, nan 
13.375, -78.875, 1.4354176256852837e-22, nan 
13.625, -78.875, 8.06363732199509e-23, nan 
13.875, -78.875, 3.864482043648644e-23, nan 
14.125, -78.875, 5.27012239353119e-23, nan 
14.375, -78.875, 6.800081636174913e-23, nan 
-117.125, -78.625, 1.1219906126913411e-24, nan 
-116.875, -78.625, 1.3957994675645807e-24, nan 
-116.625, -78.625, 7.175435082067263e-25, nan 
-116.375, -78.625, 3.143430188565292e-25, nan 
-116.125, -78.625, 2.891898948871484e-25, nan 
-115.875, -78.625, 2.9104125061256566e-25, nan 
-115.625, -78.625, 2.5130723746439233e-25, nan 
-115.375, -78.625, 2.6854863368323647e-25, nan 
-115.125, -78.625, 1.8155659266114804e-25, nan 
-114.875, -78.625, 1.5081575618593026e-25, nan 
-114.625, -78.625, 1.5764686068187248e-25, nan 
-114.375, -78.625, 2.4221226904644717e-25, nan 
-114.125, -78.625, 2.767752193215853e-25, nan 
-113.875, -78.625, 3.303321188192836e-25, nan 
-113.625, -78.625, 3.1238274123368225e-25, nan 
-113.375, -78.625, 3.4990932402595058e-25, nan 
-113.125, -78.625, 4.0949732948795123e-25, nan 
-112.875, -78.625, 4.489315157043852e-25, nan 
-112.625, -78.625, 5.294850777435138e-25, nan 
-112.375, -78.625, 5.050008246676292e-25, nan 
-112.125, -78.625, 4.814485018772748e-25, nan 
-111.875, -78.625, 5.335162842148257e-25, nan 
-111.625, -78.625, 5.408221948252901e-25, nan 
-111.375, -78.625, 6.112899333648652e-25, nan 
-111.125, -78.625, 6.370734877434111e-25, nan 
-110.875, -78.625, 5.483783547085608e-25, nan 
-110.625, -78.625, 4.143199992996574e-25, nan 
-110.375, -78.625, 2.857305417599252e-25, nan 
-110.125, -78.625, 2.9461321294856435e-25, nan 
-109.875, -78.625, 2.5286534678891206e-25, nan 
-109.625, -78.625, 3.011870781027203e-25, nan 
-109.375, -78.625, 2.702700891677817e-25, nan 
-109.125, -78.625, 2.5196744010695286e-25, nan 
-108.875, -78.625, 3.0210119238882294e-25, nan 
-108.625, -78.625, 3.5170126854755537e-25, nan 
-108.375, -78.625, 4.803261708906449e-25, nan 
-108.125, -78.625, 3.2918793482116876e-25, nan 
-107.875, -78.625, 2.917630995057014e-25, nan 
-107.625, -78.625, 2.002747234645297e-25, nan 
-107.375, -78.625, 3.0221316612562664e-25, nan 
-107.125, -78.625, 2.9910983283258283e-25, nan 
-106.875, -78.625, 2.411245536578098e-25, nan 
-106.625, -78.625, 3.772184793864314e-25, nan 
-106.375, -78.625, 3.983710131667721e-25, nan 
-106.125, -78.625, 2.9420288079566315e-25, nan 
-105.875, -78.625, 3.0390358169117465e-25, nan 
-105.625, -78.625, 1.9458229460056791e-25, nan 
-105.375, -78.625, 3.7021240610944554e-25, nan 
-105.125, -78.625, 3.8626218049828333e-25, nan 
-104.875, -78.625, 3.3707550954174884e-25, nan 
-104.625, -78.625, 4.332246057927634e-25, nan 
-104.375, -78.625, 4.077032817818401e-25, nan 
-104.125, -78.625, 3.8308758627384544e-25, nan 
-103.875, -78.625, 4.094167700945346e-25, nan 
-103.625, -78.625, 3.2241247669306715e-25, nan 
-103.375, -78.625, 5.748690550832107e-25, nan 
-103.125, -78.625, 7.788074292668074e-25, nan 
-102.875, -78.625, 3.3678827838619045e-25, nan 
-102.625, -78.625, 9.080470275382844e-25, nan 
-102.375, -78.625, 6.490860668469753e-25, nan 
-102.125, -78.625, 7.689069158528024e-25, nan 
-101.875, -78.625, 1.6999589489277275e-24, nan 
-101.625, -78.625, 1.1059004208150111e-24, nan 
-101.375, -78.625, 3.603137581797574e-24, nan 
-101.125, -78.625, 2.7649652793749008e-24, nan 
-100.875, -78.625, 2.633482342910744e-24, nan 
-100.625, -78.625, 2.3305831751348094e-24, nan 
-100.375, -78.625, 2.177056029528048e-24, nan 
-100.125, -78.625, 6.717782759810539e-24, nan 
-99.875, -78.625, 3.7135746385767035e-24, nan 
-99.625, -78.625, 2.3749908693056087e-24, nan 
-99.375, -78.625, 1.808350400036576e-24, nan 
-99.125, -78.625, 3.048721591485257e-24, nan 
-98.875, -78.625, 5.108989330617671e-24, nan 
-98.625, -78.625, 2.2920248384966378e-24, nan 
-98.375, -78.625, 1.506826196772064e-24, nan 
-98.125, -78.625, 3.632565776431474e-24, nan 
-97.875, -78.625, 5.9099607853060935e-24, nan 
-97.625, -78.625, 5.640481606011969e-24, nan 
-97.375, -78.625, 4.641184065780557e-24, nan 
-97.125, -78.625, 5.418200560726197e-24, nan 
-96.875, -78.625, 7.677047769900407e-24, nan 
-96.625, -78.625, 8.3985256062884e-24, nan 
-96.375, -78.625, 1.083337370141916e-23, nan 
-96.125, -78.625, 1.0119853068767725e-23, nan 
-95.875, -78.625, 6.627961583699655e-24, nan 
-95.625, -78.625, 9.748921372104113e-24, nan 
-95.375, -78.625, 7.224275023497069e-24, nan 
-95.125, -78.625, 9.99330371639213e-24, nan 
-94.875, -78.625, 9.900146682494328e-24, nan 
-94.625, -78.625, 1.1537906273737227e-23, nan 
-94.375, -78.625, 1.2085460299946972e-23, nan 
-94.125, -78.625, 7.605390557849534e-24, nan 
-93.875, -78.625, 5.235879511366443e-24, nan 
-93.625, -78.625, 9.699095694249426e-24, nan 
-93.375, -78.625, 1.567674840040531e-23, nan 
-93.125, -78.625, 1.5780630485934794e-23, nan 
-92.875, -78.625, 1.8369994844139664e-23, nan 
-92.625, -78.625, 1.9939395074118672e-23, nan 
-92.375, -78.625, 1.677574869600101e-23, nan 
-92.125, -78.625, 1.5350785083107564e-23, nan 
-91.875, -78.625, 7.792866162434545e-24, nan 
-91.625, -78.625, 1.2776765198039886e-23, nan 
-91.375, -78.625, 1.298702994639251e-23, nan 
-91.125, -78.625, 1.2037757949104746e-23, nan 
-90.875, -78.625, 8.865420353913094e-24, nan 
-90.625, -78.625, 4.769761178059657e-24, nan 
-90.375, -78.625, 5.140832518176588e-24, nan 
-90.125, -78.625, 3.717666021733904e-24, nan 
-89.875, -78.625, 4.251258764411051e-24, nan 
-89.625, -78.625, 3.00552988985027e-24, nan 
-89.375, -78.625, 3.06459201809395e-24, nan 
-89.125, -78.625, 2.1616931542364764e-24, nan 
-88.875, -78.625, 3.2063898310634223e-24, nan 
-88.625, -78.625, 2.9296351699957174e-24, nan 
-88.375, -78.625, 3.6765648617454805e-24, nan 
-88.125, -78.625, 4.591968010393451e-24, nan 
-87.875, -78.625, 4.1601164626294145e-24, nan 
-87.625, -78.625, 4.7614974299586365e-24, nan 
-87.375, -78.625, 4.344133979434594e-24, nan 
-87.125, -78.625, 3.467914672941707e-24, nan 
-86.875, -78.625, 3.504682342473873e-24, nan 
-86.625, -78.625, 5.692191750619982e-24, nan 
-86.375, -78.625, 5.0301400973122936e-24, nan 
-86.125, -78.625, 6.049399073997285e-24, nan 
-85.875, -78.625, 4.464832363143988e-24, nan 
-85.625, -78.625, 4.534537008931838e-24, nan 
-85.375, -78.625, 3.4160134644503414e-24, nan 
-85.125, -78.625, 4.357694976924483e-24, nan 
-84.875, -78.625, 5.946887698399735e-24, nan 
-84.625, -78.625, 4.004671450594278e-24, nan 
-84.375, -78.625, 3.680669724459951e-24, nan 
-84.125, -78.625, 3.815466799266542e-24, nan 
-83.875, -78.625, 2.5987916518890735e-24, nan 
-83.625, -78.625, 6.1702605836760586e-24, nan 
-83.375, -78.625, 1.2711411590135343e-23, nan 
-83.125, -78.625, 1.8050229260675502e-23, nan 
-82.875, -78.625, 1.6954163944388644e-23, nan 
-82.625, -78.625, 1.5972807790987782e-23, nan 
-82.375, -78.625, 1.379700257246451e-23, nan 
-82.125, -78.625, 1.9761919971019494e-23, nan 
-81.875, -78.625, 2.4037210985665927e-23, nan 
-81.625, -78.625, 2.138446252793606e-23, nan 
-81.375, -78.625, 2.412668983612698e-23, nan 
-81.125, -78.625, 2.2657970709266343e-23, nan 
-80.875, -78.625, 2.396111360456629e-23, nan 
-80.625, -78.625, 2.130265020770204e-23, nan 
-80.375, -78.625, 2.9915132216006656e-23, nan 
-80.125, -78.625, 3.4873069699227625e-23, nan 
-79.875, -78.625, 3.8961821570783394e-23, nan 
-79.625, -78.625, 3.505513267595276e-23, nan 
-79.375, -78.625, 3.685027827514822e-23, nan 
-79.125, -78.625, 2.962006951927376e-23, nan 
-78.875, -78.625, 2.5541713671725174e-23, nan 
-78.625, -78.625, 2.0537930241980438e-23, nan 
-78.375, -78.625, 2.3534902172537032e-23, nan 
-78.125, -78.625, 2.2682581914735775e-23, nan 
-77.875, -78.625, 2.0384604959188106e-23, nan 
-77.625, -78.625, 1.7483705695620833e-23, nan 
-77.375, -78.625, 1.3764819040592608e-23, nan 
-77.125, -78.625, 1.507801631316944e-23, nan 
-76.875, -78.625, 1.7954684609001344e-23, nan 
-76.625, -78.625, 1.4492282562659887e-23, nan 
-76.375, -78.625, 1.0023496013100973e-23, nan 
-76.125, -78.625, 9.699044601435846e-24, nan 
-75.875, -78.625, 2.9331292159289397e-23, nan 
-75.625, -78.625, 3.0564847933024305e-23, nan 
-75.375, -78.625, 2.3655709701914783e-23, nan 
-75.125, -78.625, 2.538048881796589e-23, nan 
-74.875, -78.625, 2.2755813617524444e-23, nan 
-74.625, -78.625, 4.7168178864450636e-23, nan 
-74.375, -78.625, 4.026899850609416e-23, nan 
-74.125, -78.625, 3.044853188628214e-23, nan 
-73.875, -78.625, 1.705701128679577e-23, nan 
-73.625, -78.625, 1.464274357073582e-23, nan 
-73.375, -78.625, 3.208671794388316e-23, nan 
-73.125, -78.625, 2.785926620165405e-23, nan 
-72.875, -78.625, 2.8660371900611286e-23, nan 
-72.625, -78.625, 1.9481630242284128e-23, nan 
-72.375, -78.625, 1.385376909881187e-23, nan 
-72.125, -78.625, 1.9525604831840265e-23, nan 
-71.875, -78.625, 1.6361280948861256e-23, nan 
-71.625, -78.625, 1.1822525275426884e-23, nan 
-71.375, -78.625, 1.1867968388459667e-23, nan 
-71.125, -78.625, 2.1151347588443718e-23, nan 
-70.875, -78.625, 2.2525986009083145e-23, nan 
-70.625, -78.625, 3.0327633457172206e-23, nan 
-70.375, -78.625, 2.4460398131629855e-23, nan 
-70.125, -78.625, 2.9431540865264126e-23, nan 
-69.875, -78.625, 3.7117902562678366e-23, nan 
-69.625, -78.625, 4.020069180589942e-23, nan 
-69.375, -78.625, 3.485787158175783e-23, nan 
-69.125, -78.625, 2.124500666232957e-23, nan 
-68.875, -78.625, 1.0986695095119069e-23, nan 
-68.625, -78.625, 1.764503157682716e-23, nan 
-68.375, -78.625, 1.6647108479787464e-23, nan 
-68.125, -78.625, 1.2844476847537591e-23, nan 
-67.875, -78.625, 8.087200872376799e-24, nan 
-67.625, -78.625, 1.5631187849700654e-23, nan 
-67.375, -78.625, 1.8987779885030076e-23, nan 
-67.125, -78.625, 2.4644418691574623e-23, nan 
-66.875, -78.625, 3.81437659624571e-23, nan 
-66.625, -78.625, 4.292036132740857e-23, nan 
-66.375, -78.625, 4.7389407325864456e-23, nan 
-66.125, -78.625, 5.1254876846484864e-23, nan 
-65.875, -78.625, 3.620124464919093e-23, nan 
-65.625, -78.625, 2.8812541617369465e-23, nan 
-65.375, -78.625, 3.154249023497288e-23, nan 
-65.125, -78.625, 3.544083873039412e-23, nan 
-64.875, -78.625, 4.7581873071072084e-23, nan 
-64.625, -78.625, 3.3905848242439646e-23, nan 
-64.375, -78.625, 4.592143928286045e-23, nan 
-64.125, -78.625, 4.52554399304197e-23, nan 
-63.875, -78.625, 4.836058324557416e-23, nan 
-63.625, -78.625, 2.9086632451806284e-23, nan 
-63.375, -78.625, 1.940195878790627e-23, nan 
-63.125, -78.625, 2.8422311498001586e-23, nan 
-62.875, -78.625, 3.2243393315941094e-23, nan 
-62.625, -78.625, 4.1094284469790253e-23, nan 
-62.375, -78.625, 1.7709426319646882e-23, nan 
-62.125, -78.625, 1.5510919768968964e-23, nan 
-61.875, -78.625, 1.965026956540851e-23, nan 
-61.625, -78.625, 2.15110945398085e-23, nan 
-61.375, -78.625, 1.688844401907946e-23, nan 
-61.125, -78.625, 2.244722218676845e-23, nan 
-60.875, -78.625, 3.8826136237463477e-23, nan 
-60.625, -78.625, 4.149989733779135e-23, nan 
-60.375, -78.625, 4.216156512338243e-23, nan 
-60.125, -78.625, 3.7349828981802136e-23, nan 
-59.875, -78.625, 3.068813120159986e-23, nan 
-59.625, -78.625, 3.468445311683824e-23, nan 
-59.375, -78.625, 2.0460503488259278e-23, nan 
-59.125, -78.625, 2.3440737324539748e-23, nan 
-58.875, -78.625, 1.7152933841573147e-23, nan 
-58.625, -78.625, 1.1577574223394076e-23, nan 
-58.375, -78.625, 8.536304138780095e-24, nan 
-58.125, -78.625, 1.6632544968041214e-23, nan 
-57.875, -78.625, 2.9154064934107206e-23, nan 
-57.625, -78.625, 2.58987861526828e-23, nan 
-57.375, -78.625, 2.4897312648136772e-23, nan 
-57.125, -78.625, 2.444736627734645e-23, nan 
-56.875, -78.625, 2.49353214678814e-23, nan 
-56.625, -78.625, 3.2178170241136314e-23, nan 
-56.375, -78.625, 2.6225392341003887e-23, nan 
-56.125, -78.625, 2.2559402347228542e-23, nan 
-55.875, -78.625, 2.1874413101335168e-23, nan 
-55.625, -78.625, 1.2837090731757626e-23, nan 
-55.375, -78.625, 1.053683933578351e-23, nan 
-55.125, -78.625, 1.5137251503457702e-23, nan 
-54.875, -78.625, 1.6098482403038717e-23, nan 
-54.625, -78.625, 1.2841836862505645e-23, nan 
-54.375, -78.625, 1.2347552016302425e-23, nan 
-54.125, -78.625, 1.122202801957911e-23, nan 
-53.875, -78.625, 1.4286424632270883e-23, nan 
-53.625, -78.625, 1.4430355894189222e-23, nan 
-53.375, -78.625, 1.2830005598989173e-23, nan 
-53.125, -78.625, 1.1449992175727495e-23, nan 
-52.875, -78.625, 9.919822812160675e-24, nan 
-52.625, -78.625, 8.048675642189602e-24, nan 
-52.375, -78.625, 8.103452716832684e-24, nan 
-52.125, -78.625, 7.203344815139825e-24, nan 
-51.875, -78.625, 5.845112302392379e-24, nan 
-51.625, -78.625, 6.739553409734174e-24, nan 
-51.375, -78.625, 9.076844727395742e-24, nan 
-51.125, -78.625, 1.2922839275414765e-23, nan 
-50.875, -78.625, 1.3879348275789053e-23, nan 
-50.625, -78.625, 1.5262909288564065e-23, nan 
-50.375, -78.625, 1.423457192424504e-23, nan 
-50.125, -78.625, 1.253322910857146e-23, nan 
-49.875, -78.625, 1.417372102713692e-23, nan 
-49.625, -78.625, 1.4235969556219722e-23, nan 
-49.375, -78.625, 1.6286797009109288e-23, nan 
-49.125, -78.625, 1.3912048802686314e-23, nan 
-48.875, -78.625, 8.522427519731127e-24, nan 
-48.625, -78.625, 5.563125529576204e-24, nan 
-48.375, -78.625, 4.994225096312173e-24, nan 
-48.125, -78.625, 6.979047331993218e-24, nan 
-47.875, -78.625, 6.368837589398787e-24, nan 
-47.625, -78.625, 7.345499257807894e-24, nan 
-47.375, -78.625, 4.706659456336182e-24, nan 
-47.125, -78.625, 4.5613980581647576e-24, nan 
-46.875, -78.625, 9.141225956867308e-24, nan 
-46.625, -78.625, 8.070961226731875e-24, nan 
-46.375, -78.625, 1.1748107525403507e-23, nan 
-46.125, -78.625, 7.413243095373289e-24, nan 
-45.875, -78.625, 6.3775921350478094e-24, nan 
-45.625, -78.625, 8.222318091479768e-24, nan 
-45.375, -78.625, 6.666026969211892e-24, nan 
-45.125, -78.625, 9.695818725550426e-24, nan 
-44.875, -78.625, 7.611481362073626e-24, nan 
-44.625, -78.625, 6.2338916784593574e-24, nan 
-44.375, -78.625, 4.692541002783374e-24, nan 
-44.125, -78.625, 5.7143148721206395e-24, nan 
-43.875, -78.625, 5.276080697557126e-24, nan 
-43.625, -78.625, 5.449839036764054e-24, nan 
-43.375, -78.625, 5.255488632655246e-24, nan 
-43.125, -78.625, 5.2829339166614006e-24, nan 
-42.875, -78.625, 4.949757378189007e-24, nan 
-42.625, -78.625, 3.923163693123061e-24, nan 
-42.375, -78.625, 3.884105794587541e-24, nan 
-42.125, -78.625, 2.8963666849256476e-24, nan 
-41.875, -78.625, 2.7578086234881948e-24, nan 
-41.625, -78.625, 2.950789133518579e-24, nan 
-41.375, -78.625, 2.3314191109167316e-24, nan 
-41.125, -78.625, 2.5086685289055466e-24, nan 
-40.875, -78.625, 2.982423164699268e-24, nan 
-40.625, -78.625, 2.3754268254849296e-24, nan 
-40.375, -78.625, 3.2282009096561596e-24, nan 
-40.125, -78.625, 5.404061920605821e-24, nan 
-39.875, -78.625, 5.9493145040058774e-24, nan 
-39.625, -78.625, 3.750935181469436e-24, nan 
-39.375, -78.625, 2.057078474741534e-23, nan 
-39.125, -78.625, 1.8768540426056704e-23, nan 
-38.875, -78.625, 5.497942693166886e-24, nan 
-38.625, -78.625, 6.637740941932932e-24, nan 
-38.375, -78.625, 7.581747186867755e-24, nan 
-38.125, -78.625, 4.338961772335816e-24, nan 
-37.875, -78.625, 4.0041087119805424e-24, nan 
-37.625, -78.625, 2.9969662644562666e-24, nan 
-37.375, -78.625, 4.36335832034661e-24, nan 
-37.125, -78.625, 4.7637879201664706e-24, nan 
-36.875, -78.625, 3.0665604681241825e-24, nan 
-36.625, -78.625, 3.1282858458938936e-24, nan 
-36.375, -78.625, 2.6133122155249727e-24, nan 
-36.125, -78.625, 2.3086649685613238e-24, nan 
-35.875, -78.625, 3.1096426773919357e-24, nan 
-35.625, -78.625, 3.516657526594422e-24, nan 
-35.375, -78.625, 3.781232372840895e-24, nan 
-35.125, -78.625, 3.372908952795646e-24, nan 
-34.875, -78.625, 4.714862806405223e-24, nan 
-34.625, -78.625, 4.7340200344162475e-24, nan 
-34.375, -78.625, 5.758934574269716e-24, nan 
-34.125, -78.625, 4.6580007896471725e-24, nan 
-33.875, -78.625, 5.780946792389062e-24, nan 
-33.625, -78.625, 5.54135318627937e-24, nan 
-33.375, -78.625, 4.996491766946152e-24, nan 
-33.125, -78.625, 6.274603167047187e-24, nan 
-32.875, -78.625, 4.8189762080105194e-24, nan 
-32.625, -78.625, 5.1523068951883394e-24, nan 
-32.375, -78.625, 3.410799614747682e-24, nan 
-32.125, -78.625, 4.729243819828663e-24, nan 
-31.875, -78.625, 4.952155970985493e-24, nan 
-31.625, -78.625, 5.247590349526428e-24, nan 
-31.375, -78.625, 5.484148540018788e-24, nan 
-31.125, -78.625, 5.028026222659872e-24, nan 
-30.875, -78.625, 4.0547746605797905e-24, nan 
-30.625, -78.625, 3.699181753981576e-24, nan 
-30.375, -78.625, 3.90117684012711e-24, nan 
-30.125, -78.625, 4.10861114569449e-24, nan 
-29.875, -78.625, 4.709109709825668e-24, nan 
-29.625, -78.625, 4.6191187072237e-24, nan 
-29.375, -78.625, 4.8669453861663266e-24, nan 
-29.125, -78.625, 5.094046852528508e-24, nan 
-28.875, -78.625, 5.096282304871666e-24, nan 
-28.625, -78.625, 5.038991197358511e-24, nan 
-28.375, -78.625, 5.9162162061069914e-24, nan 
-28.125, -78.625, 6.260840855257693e-24, nan 
-27.875, -78.625, 6.997942038569953e-24, nan 
-27.625, -78.625, 7.10751949313004e-24, nan 
-27.375, -78.625, 7.164476239148141e-24, nan 
-27.125, -78.625, 7.449368723205822e-24, nan 
-26.875, -78.625, 8.190295211638082e-24, nan 
-26.625, -78.625, 7.635691299168287e-24, nan 
-26.375, -78.625, 9.038557711849532e-24, nan 
-26.125, -78.625, 6.883557085180281e-24, nan 
-25.875, -78.625, 4.0924925403027576e-24, nan 
-25.625, -78.625, 3.662189606165053e-24, nan 
-25.375, -78.625, 7.762179419349495e-24, nan 
-25.125, -78.625, 7.505373302143196e-24, nan 
-24.875, -78.625, 9.425891872893935e-24, nan 
-24.625, -78.625, 4.0134073986163406e-24, nan 
-24.375, -78.625, 1.1746826343455395e-23, nan 
-24.125, -78.625, 9.719581806814815e-24, nan 
-23.875, -78.625, 8.55310246675218e-24, nan 
-23.625, -78.625, 1.1091131665104876e-23, nan 
-23.375, -78.625, 1.1129280374447705e-23, nan 
-23.125, -78.625, 1.2733219185690454e-23, nan 
-22.875, -78.625, 8.360702529347728e-24, nan 
-22.625, -78.625, 9.69388828114953e-24, nan 
-22.375, -78.625, 7.554445219165592e-24, nan 
-22.125, -78.625, 1.35188552043067e-23, nan 
-21.875, -78.625, 1.0435145799920128e-23, nan 
-21.625, -78.625, 1.5398438047733952e-23, nan 
-21.375, -78.625, 1.9212406426147886e-23, nan 
-21.125, -78.625, 2.7629181068249286e-23, nan 
-20.875, -78.625, 2.62152546477917e-23, nan 
-20.625, -78.625, 2.3934371580777538e-23, nan 
-20.375, -78.625, 3.040423026607055e-23, nan 
-20.125, -78.625, 4.0058666498752737e-23, nan 
-19.875, -78.625, 3.2816113531501826e-23, nan 
-19.625, -78.625, 4.5921540304130133e-23, nan 
-19.375, -78.625, 3.1460359807240245e-23, nan 
-19.125, -78.625, 3.232371782819117e-23, nan 
-18.875, -78.625, 2.5942133580037322e-23, nan 
-18.625, -78.625, 2.861257943204582e-23, nan 
-18.375, -78.625, 2.0440905911692478e-23, nan 
-18.125, -78.625, 2.694662810560332e-23, nan 
-17.875, -78.625, 3.402428815452042e-23, nan 
-17.625, -78.625, 4.642744577841641e-23, nan 
-17.375, -78.625, 6.767002909079308e-23, nan 
-17.125, -78.625, 5.910889241544138e-23, nan 
-16.875, -78.625, 6.807797836991197e-23, nan 
-16.625, -78.625, 7.73225607563328e-23, nan 
-16.375, -78.625, 7.575880462215252e-23, nan 
-16.125, -78.625, 5.581509733447025e-23, nan 
-15.875, -78.625, 4.171892950293308e-23, nan 
-15.625, -78.625, 4.991306295138055e-23, nan 
-15.375, -78.625, 3.124641146625601e-23, nan 
-15.125, -78.625, 1.2780636704086413e-23, nan 
-14.875, -78.625, 1.398651228095934e-23, nan 
-14.625, -78.625, 1.6953693376707804e-23, nan 
-14.375, -78.625, 2.300507945731656e-23, nan 
-14.125, -78.625, 2.100823021678159e-23, nan 
-13.875, -78.625, 1.9739668773294623e-23, nan 
-13.625, -78.625, 2.094957943279353e-23, nan 
-13.375, -78.625, 2.1331072755100356e-23, nan 
-13.125, -78.625, 2.5609603014682097e-23, nan 
-12.875, -78.625, 1.8728434328691148e-23, nan 
-12.625, -78.625, 1.8720953181747767e-23, nan 
-12.375, -78.625, 1.8620696747045476e-23, nan 
-12.125, -78.625, 1.6703871008614762e-23, nan 
-11.875, -78.625, 1.9567529388772463e-23, nan 
-11.625, -78.625, 1.874549928789937e-23, nan 
-11.375, -78.625, 1.4863053664708574e-23, nan 
-11.125, -78.625, 1.5298650496221748e-23, nan 
-10.875, -78.625, 1.145002380496921e-23, nan 
-10.625, -78.625, 1.0167859755531844e-23, nan 
-10.375, -78.625, 1.3873066783618864e-23, nan 
-10.125, -78.625, 1.4146093361360034e-23, nan 
-9.875, -78.625, 1.4902772862037586e-23, nan 
-9.625, -78.625, 1.1859908574864157e-23, nan 
-9.375, -78.625, 9.08676161769943e-24, nan 
-9.125, -78.625, 1.3257663191312356e-23, nan 
-8.875, -78.625, 9.742263424316167e-24, nan 
-8.625, -78.625, 1.0204788900677007e-23, nan 
-8.375, -78.625, 9.448349305340532e-24, nan 
-8.125, -78.625, 9.435727852817558e-24, nan 
-7.875, -78.625, 1.1083529860137958e-23, nan 
-7.625, -78.625, 1.126075873706951e-23, nan 
-7.375, -78.625, 6.2124445413227e-24, nan 
-7.125, -78.625, 1.428279304752208e-23, nan 
-6.875, -78.625, 8.248319562688271e-24, nan 
-6.625, -78.625, 7.973284733747925e-24, nan 
-6.375, -78.625, 1.527211951834453e-23, nan 
-6.125, -78.625, 1.2380992379112125e-23, nan 
-5.875, -78.625, 1.352823628848992e-23, nan 
-5.625, -78.625, 7.857394802465097e-24, nan 
-5.375, -78.625, 7.15273872394863e-24, nan 
-5.125, -78.625, 1.1017034000068511e-23, nan 
-4.875, -78.625, 1.4824717887193076e-23, nan 
-4.625, -78.625, 9.742726560569299e-24, nan 
-4.375, -78.625, 9.54577991877374e-24, nan 
-4.125, -78.625, 8.158077540788757e-24, nan 
-3.875, -78.625, 7.509230728706339e-24, nan 
-3.625, -78.625, 1.250874972203377e-23, nan 
-3.375, -78.625, 1.1194929446990491e-23, nan 
-3.125, -78.625, 1.6135111352080026e-23, nan 
-2.875, -78.625, 1.3491271594891538e-23, nan 
-2.625, -78.625, 2.4930372249962874e-23, nan 
-2.375, -78.625, 3.504514313508037e-23, nan 
-2.125, -78.625, 3.8877441207865773e-23, nan 
-1.875, -78.625, 2.6142523129640364e-23, nan 
-1.625, -78.625, 3.223364219914283e-23, nan 
-1.375, -78.625, 4.5224492390513417e-23, nan 
-1.125, -78.625, 5.2417113607361123e-23, nan 
-0.875, -78.625, 6.394898881792215e-23, nan 
-0.625, -78.625, 7.51561615107011e-23, nan 
-0.375, -78.625, 7.671047772338065e-23, nan 
-0.125, -78.625, 4.8565561493555503e-23, nan 
0.125, -78.625, 2.8008708904894903e-23, nan 
0.375, -78.625, 2.5679432701101945e-23, nan 
0.625, -78.625, 3.41159295051244e-23, nan 
0.875, -78.625, 2.03404959009675e-23, nan 
1.125, -78.625, 1.3360013540883748e-23, nan 
1.375, -78.625, 1.887894935312999e-23, nan 
1.625, -78.625, 1.3037398955407546e-23, nan 
1.875, -78.625, 1.6873565048823115e-23, nan 
2.125, -78.625, 1.4056894993866076e-23, nan 
2.375, -78.625, 1.348246790843061e-23, nan 
2.625, -78.625, 1.2965642633326126e-23, nan 
2.875, -78.625, 1.4700031833985027e-23, nan 
3.125, -78.625, 1.4562352575704556e-23, nan 
3.375, -78.625, 1.534551921824593e-23, nan 
3.625, -78.625, 1.3319685387798854e-23, nan 
3.875, -78.625, 1.772429477949544e-23, nan 
4.125, -78.625, 1.9567425936053835e-23, nan 
4.375, -78.625, 2.074350477728352e-23, nan 
4.625, -78.625, 2.712645177349017e-23, nan 
4.875, -78.625, 3.9014060667391753e-23, nan 
5.125, -78.625, 3.7570250646745024e-23, nan 
5.375, -78.625, 4.127177336468438e-23, nan 
5.625, -78.625, 3.5963659650764226e-23, nan 
5.875, -78.625, 3.6588345727034034e-23, nan 
6.125, -78.625, 4.677547184390063e-23, nan 
6.375, -78.625, 5.377607627235487e-23, nan 
6.625, -78.625, 5.513920228438383e-23, nan 
6.875, -78.625, 4.848707668689382e-23, nan 
7.125, -78.625, 4.793320225530581e-23, nan 
7.375, -78.625, 6.875737800449667e-23, nan 
7.625, -78.625, 7.372760674724584e-23, nan 
7.875, -78.625, 6.073189588892764e-23, nan 
8.125, -78.625, 5.306045625282702e-23, nan 
8.375, -78.625, 5.382344967040778e-23, nan 
8.625, -78.625, 9.567099197260474e-23, nan 
8.875, -78.625, 8.04667763278032e-23, nan 
9.125, -78.625, 5.787631447097055e-23, nan 
9.375, -78.625, 4.7975774759384986e-23, nan 
9.625, -78.625, 3.2922163975573806e-23, nan 
9.875, -78.625, 3.04437543936164e-23, nan 
10.125, -78.625, 3.4461335469896147e-23, nan 
10.375, -78.625, 3.470942298071481e-23, nan 
10.625, -78.625, 3.369711998490034e-23, nan 
10.875, -78.625, 3.530642996042505e-23, nan 
11.125, -78.625, 3.60852812608582e-23, nan 
11.375, -78.625, 4.209042574740949e-23, nan 
11.625, -78.625, 5.957484288152432e-23, nan 
11.875, -78.625, 6.732279749751226e-23, nan 
12.125, -78.625, 8.840499459525579e-23, nan 
12.375, -78.625, 9.204530456854647e-23, nan 
12.625, -78.625, 1.1320400222059084e-22, nan 
12.875, -78.625, 5.308568054585807e-23, nan 
13.125, -78.625, 7.334987950068768e-23, nan 
13.375, -78.625, 1.1211457586781025e-22, nan 
13.625, -78.625, 9.055220923717328e-23, nan 
13.875, -78.625, 8.040599139332382e-23, nan 
14.125, -78.625, 6.688145346849578e-23, nan 
14.375, -78.625, 6.985197325137315e-23, nan 
-117.125, -78.375, 2.379107097027062e-25, nan 
-116.875, -78.375, 2.6218166305218444e-25, nan 
-116.625, -78.375, 2.2386188016118947e-25, nan 
-116.375, -78.375, 2.3801273901005117e-25, nan 
-116.125, -78.375, 1.646205599458838e-25, nan 
-115.875, -78.375, 1.6896553131755133e-25, nan 
-115.625, -78.375, 2.040361261882668e-25, nan 
-115.375, -78.375, 2.2493949914033807e-25, nan 
-115.125, -78.375, 2.197268156558251e-25, nan 
-114.875, -78.375, 2.323726198580708e-25, nan 
-114.625, -78.375, 2.611147771943163e-25, nan 
-114.375, -78.375, 2.20077230090596e-25, nan 
-114.125, -78.375, 2.3169127579696875e-25, nan 
-113.875, -78.375, 2.7995125930014025e-25, nan 
-113.625, -78.375, 3.0686586169501733e-25, nan 
-113.375, -78.375, 2.854830207801858e-25, nan 
-113.125, -78.375, 4.158426300925309e-25, nan 
-112.875, -78.375, 4.947304261765057e-25, nan 
-112.625, -78.375, 5.086020069428819e-25, nan 
-112.375, -78.375, 4.0887085388191335e-25, nan 
-112.125, -78.375, 4.519097800825481e-25, nan 
-111.875, -78.375, 4.7927206919081e-25, nan 
-111.625, -78.375, 4.278063310677571e-25, nan 
-111.375, -78.375, 3.624283902056418e-25, nan 
-111.125, -78.375, 2.972480033925542e-25, nan 
-110.875, -78.375, 3.39833852963865e-25, nan 
-110.625, -78.375, 3.325989187119768e-25, nan 
-110.375, -78.375, 2.8824178515601627e-25, nan 
-110.125, -78.375, 2.8944308151375176e-25, nan 
-109.875, -78.375, 2.793240701202247e-25, nan 
-109.625, -78.375, 2.0182160975707554e-25, nan 
-109.375, -78.375, 2.321385716473212e-25, nan 
-109.125, -78.375, 2.8472007045316454e-25, nan 
-108.875, -78.375, 2.889548379391244e-25, nan 
-108.625, -78.375, 2.978765843568874e-25, nan 
-108.375, -78.375, 2.570205453920214e-25, nan 
-108.125, -78.375, 2.8117926523098696e-25, nan 
-107.875, -78.375, 2.454794564444772e-25, nan 
-107.625, -78.375, 2.5541111866477557e-25, nan 
-107.375, -78.375, 3.0989837145490394e-25, nan 
-107.125, -78.375, 3.06295210317081e-25, nan 
-106.875, -78.375, 3.0620314592847373e-25, nan 
-106.625, -78.375, 3.0140047139852927e-25, nan 
-106.375, -78.375, 3.091194660572641e-25, nan 
-106.125, -78.375, 2.40659165125675e-25, nan 
-105.875, -78.375, 1.3673757542529108e-25, nan 
-105.625, -78.375, 1.1233080095499338e-25, nan 
-105.375, -78.375, 1.1606080635647074e-25, nan 
-105.125, -78.375, 1.857744623564174e-25, nan 
-104.875, -78.375, 2.0625875249728637e-25, nan 
-104.625, -78.375, 1.85286981874033e-25, nan 
-104.375, -78.375, 1.8640562742407065e-25, nan 
-104.125, -78.375, 1.8958339132293879e-25, nan 
-103.875, -78.375, 2.1311820288159364e-25, nan 
-103.625, -78.375, 3.7579397511172475e-25, nan 
-103.375, -78.375, 5.772076223767533e-25, nan 
-103.125, -78.375, 6.485919571094403e-25, nan 
-102.875, -78.375, 6.90162495892468e-25, nan 
-102.625, -78.375, 8.996078991053111e-25, nan 
-102.375, -78.375, 7.345023451891653e-25, nan 
-102.125, -78.375, 9.179840054997516e-25, nan 
-101.875, -78.375, 1.5834044153646208e-24, nan 
-101.625, -78.375, 1.246257212409541e-24, nan 
-101.375, -78.375, 2.140375620966471e-24, nan 
-101.125, -78.375, 1.9874458205007314e-24, nan 
-100.875, -78.375, 2.2700472843698012e-24, nan 
-100.625, -78.375, 2.2831170316059882e-24, nan 
-100.375, -78.375, 1.435179473908723e-24, nan 
-100.125, -78.375, 2.0939882575326958e-24, nan 
-99.875, -78.375, 2.784574712439554e-24, nan 
-99.625, -78.375, 2.4488957976190982e-24, nan 
-99.375, -78.375, 2.564088168886745e-24, nan 
-99.125, -78.375, 3.1279402813206756e-24, nan 
-98.875, -78.375, 3.594414733626181e-24, nan 
-98.625, -78.375, 3.492919995788804e-24, nan 
-98.375, -78.375, 4.509527255929818e-24, nan 
-98.125, -78.375, 3.0773745704316243e-24, nan 
-97.875, -78.375, 3.692392241962955e-24, nan 
-97.625, -78.375, 3.7279171984946126e-24, nan 
-97.375, -78.375, 4.14449691801471e-24, nan 
-97.125, -78.375, 7.867093763361522e-24, nan 
-96.875, -78.375, 2.9258472806254632e-24, nan 
-96.625, -78.375, 4.201577262325894e-24, nan 
-96.375, -78.375, 6.642849906880286e-24, nan 
-96.125, -78.375, 7.008939740751977e-24, nan 
-95.875, -78.375, 2.9579740169341285e-24, nan 
-95.625, -78.375, 5.0620214341051e-24, nan 
-95.375, -78.375, 7.657038584761871e-24, nan 
-95.125, -78.375, 8.118799681312447e-24, nan 
-94.875, -78.375, 8.605884750396554e-24, nan 
-94.625, -78.375, 8.890992418582884e-24, nan 
-94.375, -78.375, 5.594295127922362e-24, nan 
-94.125, -78.375, 3.0935104229195126e-24, nan 
-93.875, -78.375, 3.3885523900943636e-24, nan 
-93.625, -78.375, 4.96970841739862e-24, nan 
-93.375, -78.375, 2.8331252909442722e-24, nan 
-93.125, -78.375, 2.1139284938884805e-24, nan 
-92.875, -78.375, 9.86988234056898e-25, nan 
-92.625, -78.375, 1.6908297639739006e-24, nan 
-92.375, -78.375, 2.730783811428835e-24, nan 
-92.125, -78.375, 1.1131027339156374e-23, nan 
-91.875, -78.375, 1.2174481094511396e-23, nan 
-91.625, -78.375, 1.2420230434141881e-23, nan 
-91.375, -78.375, 8.51098315259696e-24, nan 
-91.125, -78.375, 4.945070486087453e-24, nan 
-90.875, -78.375, 2.3358253374637983e-24, nan 
-90.625, -78.375, 2.5173589092819e-24, nan 
-90.375, -78.375, 2.7175443630752184e-24, nan 
-90.125, -78.375, 1.8428409681203834e-24, nan 
-89.875, -78.375, 2.3488663316630912e-24, nan 
-89.625, -78.375, 2.7393241741576256e-24, nan 
-89.375, -78.375, 2.293878677847271e-24, nan 
-89.125, -78.375, 2.352906762647188e-24, nan 
-88.875, -78.375, 3.739415150622223e-24, nan 
-88.625, -78.375, 3.15775434548915e-24, nan 
-88.375, -78.375, 3.2859555888969302e-24, nan 
-88.125, -78.375, 4.696437692503004e-24, nan 
-87.875, -78.375, 6.0431151408572876e-24, nan 
-87.625, -78.375, 5.524568251263645e-24, nan 
-87.375, -78.375, 6.960706707364608e-24, nan 
-87.125, -78.375, 5.410150139467253e-24, nan 
-86.875, -78.375, 4.638833474027614e-24, nan 
-86.625, -78.375, 5.9820455628140246e-24, nan 
-86.375, -78.375, 4.200985174472466e-24, nan 
-86.125, -78.375, 6.470947145099977e-24, nan 
-85.875, -78.375, 7.452747607661265e-24, nan 
-85.625, -78.375, 3.781540480903959e-24, nan 
-85.375, -78.375, 2.836992505978633e-24, nan 
-85.125, -78.375, 3.003821230854343e-24, nan 
-84.875, -78.375, 1.7866296755352594e-24, nan 
-84.625, -78.375, 3.680940955881376e-24, nan 
-84.375, -78.375, 4.88868991456229e-24, nan 
-84.125, -78.375, 4.5652645141236e-24, nan 
-83.875, -78.375, 5.074617629012689e-24, nan 
-83.625, -78.375, 2.5904559926933323e-24, nan 
-83.375, -78.375, 4.705152138542646e-24, nan 
-83.125, -78.375, 7.690835701862541e-24, nan 
-82.875, -78.375, 1.2988813521772423e-23, nan 
-82.625, -78.375, 1.1397525963969755e-23, nan 
-82.375, -78.375, 1.3139704233301703e-23, nan 
-82.125, -78.375, 1.335029290739226e-23, nan 
-81.875, -78.375, 1.6653501207343525e-23, nan 
-81.625, -78.375, 2.0155335021200666e-23, nan 
-81.375, -78.375, 1.8587893323111284e-23, nan 
-81.125, -78.375, 2.3196374384548283e-23, nan 
-80.875, -78.375, 2.1775366950844194e-23, nan 
-80.625, -78.375, 2.671903053696514e-23, nan 
-80.375, -78.375, 3.2599201837018205e-23, nan 
-80.125, -78.375, 3.5327394645605584e-23, nan 
-79.875, -78.375, 3.674716131025523e-23, nan 
-79.625, -78.375, 2.971205132508999e-23, nan 
-79.375, -78.375, 3.2062834930310324e-23, nan 
-79.125, -78.375, 2.5922274228757463e-23, nan 
-78.875, -78.375, 2.1119386122569975e-23, nan 
-78.625, -78.375, 1.8011801978342136e-23, nan 
-78.375, -78.375, 1.1722018985891609e-23, nan 
-78.125, -78.375, 1.3146549084445144e-23, nan 
-77.875, -78.375, 7.706941973299659e-24, nan 
-77.625, -78.375, 1.1081024450144519e-23, nan 
-77.375, -78.375, 1.295695952558218e-23, nan 
-77.125, -78.375, 1.4897047310338156e-23, nan 
-76.875, -78.375, 1.6463792777488417e-23, nan 
-76.625, -78.375, 1.2967796405193503e-23, nan 
-76.375, -78.375, 1.066876852058145e-23, nan 
-76.125, -78.375, 1.6836689325857447e-23, nan 
-75.875, -78.375, 2.8654122000778885e-23, nan 
-75.625, -78.375, 2.4123160334645942e-23, nan 
-75.375, -78.375, 2.4508324362523086e-23, nan 
-75.125, -78.375, 2.5934708268114016e-23, nan 
-74.875, -78.375, 2.633466439615349e-23, nan 
-74.625, -78.375, 3.035260167990031e-23, nan 
-74.375, -78.375, 2.1051593160766427e-23, nan 
-74.125, -78.375, 1.916179894179008e-23, nan 
-73.875, -78.375, 2.4973086946365413e-23, nan 
-73.625, -78.375, 2.84247910719814e-23, nan 
-73.375, -78.375, 2.860606769079061e-23, nan 
-73.125, -78.375, 2.668927293103129e-23, nan 
-72.875, -78.375, 2.109038966529202e-23, nan 
-72.625, -78.375, 2.1743976751518186e-23, nan 
-72.375, -78.375, 1.0307156505689074e-23, nan 
-72.125, -78.375, 1.8888765859002262e-23, nan 
-71.875, -78.375, 2.3869083286227116e-23, nan 
-71.625, -78.375, 2.423015736156349e-23, nan 
-71.375, -78.375, 3.0552752790825637e-23, nan 
-71.125, -78.375, 2.3398227150046276e-23, nan 
-70.875, -78.375, 1.6492292168945066e-23, nan 
-70.625, -78.375, 2.0524452848329554e-23, nan 
-70.375, -78.375, 3.4694433394912835e-23, nan 
-70.125, -78.375, 5.745843122987867e-23, nan 
-69.875, -78.375, 5.363542867838539e-23, nan 
-69.625, -78.375, 4.992299443062086e-23, nan 
-69.375, -78.375, 3.586672393551548e-23, nan 
-69.125, -78.375, 3.0331243342659935e-23, nan 
-68.875, -78.375, 5.2072680970785384e-23, nan 
-68.625, -78.375, 5.370741140866776e-23, nan 
-68.375, -78.375, 5.617104171844785e-23, nan 
-68.125, -78.375, 5.1181355314912455e-23, nan 
-67.875, -78.375, 2.8858757953054393e-23, nan 
-67.625, -78.375, 3.5062733317085394e-23, nan 
-67.375, -78.375, 4.0803894230487043e-23, nan 
-67.125, -78.375, 4.7963517184610584e-23, nan 
-66.875, -78.375, 5.435285315399495e-23, nan 
-66.625, -78.375, 4.264156541214211e-23, nan 
-66.375, -78.375, 3.816788851728155e-23, nan 
-66.125, -78.375, 4.4621825869863013e-23, nan 
-65.875, -78.375, 4.7873183126982596e-23, nan 
-65.625, -78.375, 4.6607644625391365e-23, nan 
-65.375, -78.375, 5.310699112408712e-23, nan 
-65.125, -78.375, 5.0146684184370505e-23, nan 
-64.875, -78.375, 3.523366704845093e-23, nan 
-64.625, -78.375, 3.780105570726171e-23, nan 
-64.375, -78.375, 5.1705083427745274e-23, nan 
-64.125, -78.375, 5.795163415080637e-23, nan 
-63.875, -78.375, 6.051552487373031e-23, nan 
-63.625, -78.375, 2.898398646219882e-23, nan 
-63.375, -78.375, 1.8367838584838692e-23, nan 
-63.125, -78.375, 9.833222096128755e-24, nan 
-62.875, -78.375, 3.9052157723577853e-23, nan 
-62.625, -78.375, 5.170809335262441e-23, nan 
-62.375, -78.375, 2.3412817433073593e-23, nan 
-62.125, -78.375, 2.115035961254458e-23, nan 
-61.875, -78.375, 2.1707495625870637e-23, nan 
-61.625, -78.375, 3.180581346018316e-23, nan 
-61.375, -78.375, 4.1044536495378587e-23, nan 
-61.125, -78.375, 1.4652632384092834e-23, nan 
-60.875, -78.375, 1.141317424621355e-23, nan 
-60.625, -78.375, 1.7547404351783343e-23, nan 
-60.375, -78.375, 1.9483690944624778e-23, nan 
-60.125, -78.375, 1.2070080023108695e-23, nan 
-59.875, -78.375, 8.841902275706875e-24, nan 
-59.625, -78.375, 4.9650368259833764e-24, nan 
-59.375, -78.375, 4.645384890816928e-24, nan 
-59.125, -78.375, 7.940365197371006e-24, nan 
-58.875, -78.375, 2.2019568777967372e-23, nan 
-58.625, -78.375, 2.7173855961501416e-23, nan 
-58.375, -78.375, 2.5744688878929803e-23, nan 
-58.125, -78.375, 3.307434819636716e-23, nan 
-57.875, -78.375, 2.7245681806126885e-23, nan 
-57.625, -78.375, 1.8432965146949858e-23, nan 
-57.375, -78.375, 1.958663107564352e-23, nan 
-57.125, -78.375, 2.057648809889031e-23, nan 
-56.875, -78.375, 3.026792837967881e-23, nan 
-56.625, -78.375, 2.292473351947553e-23, nan 
-56.375, -78.375, 1.6502955098782283e-23, nan 
-56.125, -78.375, 1.6496323890468358e-23, nan 
-55.875, -78.375, 1.2505476393568234e-23, nan 
-55.625, -78.375, 1.2976498311674757e-23, nan 
-55.375, -78.375, 1.0750778234540546e-23, nan 
-55.125, -78.375, 1.0012365033848665e-23, nan 
-54.875, -78.375, 1.3376127262724175e-23, nan 
-54.625, -78.375, 7.234650286703108e-24, nan 
-54.375, -78.375, 7.80609117994278e-24, nan 
-54.125, -78.375, 8.016550972765343e-24, nan 
-53.875, -78.375, 8.791325313588987e-24, nan 
-53.625, -78.375, 1.1152852721536934e-23, nan 
-53.375, -78.375, 7.951819872110441e-24, nan 
-53.125, -78.375, 7.466157926456809e-24, nan 
-52.875, -78.375, 7.574788275329562e-24, nan 
-52.625, -78.375, 7.256692229327286e-24, nan 
-52.375, -78.375, 7.022620116394597e-24, nan 
-52.125, -78.375, 6.153486439016607e-24, nan 
-51.875, -78.375, 4.3906920958863925e-24, nan 
-51.625, -78.375, 8.440452622107547e-24, nan 
-51.375, -78.375, 1.3866719370972014e-23, nan 
-51.125, -78.375, 1.8919421174316307e-23, nan 
-50.875, -78.375, 2.1268457319939117e-23, nan 
-50.625, -78.375, 1.8204922206566825e-23, nan 
-50.375, -78.375, 1.4530348789966418e-23, nan 
-50.125, -78.375, 1.4928153526685033e-23, nan 
-49.875, -78.375, 1.8987813450239932e-23, nan 
-49.625, -78.375, 1.9405584240938515e-23, nan 
-49.375, -78.375, 1.7650413513381746e-23, nan 
-49.125, -78.375, 1.3515895026218642e-23, nan 
-48.875, -78.375, 7.83469972806454e-24, nan 
-48.625, -78.375, 5.401547495874798e-24, nan 
-48.375, -78.375, 4.077637310579883e-24, nan 
-48.125, -78.375, 7.277951467538978e-24, nan 
-47.875, -78.375, 5.494191579566025e-24, nan 
-47.625, -78.375, 5.613120302094033e-24, nan 
-47.375, -78.375, 3.433538483741747e-24, nan 
-47.125, -78.375, 2.722932041031009e-24, nan 
-46.875, -78.375, 7.537595322643372e-24, nan 
-46.625, -78.375, 4.290393143945205e-24, nan 
-46.375, -78.375, 7.338584635974593e-24, nan 
-46.125, -78.375, 5.877731410699261e-24, nan 
-45.875, -78.375, 4.994126445609566e-24, nan 
-45.625, -78.375, 7.18485401332124e-24, nan 
-45.375, -78.375, 3.658658078811324e-24, nan 
-45.125, -78.375, 3.681398276019295e-24, nan 
-44.875, -78.375, 5.76391808195784e-24, nan 
-44.625, -78.375, 5.012262932422878e-24, nan 
-44.375, -78.375, 4.99111282738775e-24, nan 
-44.125, -78.375, 3.0613940065094532e-24, nan 
-43.875, -78.375, 2.2051667553453688e-24, nan 
-43.625, -78.375, 3.72332665871704e-24, nan 
-43.375, -78.375, 6.5517780939740485e-24, nan 
-43.125, -78.375, 6.3114629982574456e-24, nan 
-42.875, -78.375, 4.499902312891517e-24, nan 
-42.625, -78.375, 5.8496008287412294e-24, nan 
-42.375, -78.375, 4.3325420621198304e-24, nan 
-42.125, -78.375, 6.569386408638636e-24, nan 
-41.875, -78.375, 6.3041634472744186e-24, nan 
-41.625, -78.375, 5.2520056810571774e-24, nan 
-41.375, -78.375, 5.618674603851277e-24, nan 
-41.125, -78.375, 3.163683527740023e-24, nan 
-40.875, -78.375, 2.7487926420049625e-24, nan 
-40.625, -78.375, 1.8751783943677803e-24, nan 
-40.375, -78.375, 1.8031178480233594e-24, nan 
-40.125, -78.375, 1.7139076803413378e-24, nan 
-39.875, -78.375, 1.766958921765916e-24, nan 
-39.625, -78.375, 2.5057882974727507e-24, nan 
-39.375, -78.375, 2.583683513455301e-24, nan 
-39.125, -78.375, 3.700884040376571e-24, nan 
-38.875, -78.375, 5.056033468912884e-24, nan 
-38.625, -78.375, 5.207570790676259e-24, nan 
-38.375, -78.375, 3.806077053980469e-24, nan 
-38.125, -78.375, 2.8783847389101766e-24, nan 
-37.875, -78.375, 4.9478598566838784e-24, nan 
-37.625, -78.375, 6.148865256325034e-24, nan 
-37.375, -78.375, 5.774260066419354e-24, nan 
-37.125, -78.375, 5.904030080868847e-24, nan 
-36.875, -78.375, 5.7660487762826774e-24, nan 
-36.625, -78.375, 5.0291359482229966e-24, nan 
-36.375, -78.375, 5.936363785771118e-24, nan 
-36.125, -78.375, 5.463960755055695e-24, nan 
-35.875, -78.375, 6.304856801898851e-24, nan 
-35.625, -78.375, 5.952937734602832e-24, nan 
-35.375, -78.375, 6.4861085932411845e-24, nan 
-35.125, -78.375, 8.923221192865495e-24, nan 
-34.875, -78.375, 7.502070589997695e-24, nan 
-34.625, -78.375, 7.63203777880369e-24, nan 
-34.375, -78.375, 7.585532955993629e-24, nan 
-34.125, -78.375, 6.715822879977345e-24, nan 
-33.875, -78.375, 7.05975077413352e-24, nan 
-33.625, -78.375, 6.122289781740635e-24, nan 
-33.375, -78.375, 7.363599867072962e-24, nan 
-33.125, -78.375, 6.5871360366780924e-24, nan 
-32.875, -78.375, 5.862258364483075e-24, nan 
-32.625, -78.375, 5.3545289294461885e-24, nan 
-32.375, -78.375, 3.975564286236948e-24, nan 
-32.125, -78.375, 6.4452519809898224e-24, nan 
-31.875, -78.375, 7.365783696172277e-24, nan 
-31.625, -78.375, 6.405297580978724e-24, nan 
-31.375, -78.375, 5.863809732380213e-24, nan 
-31.125, -78.375, 5.116640920254084e-24, nan 
-30.875, -78.375, 4.244738535818404e-24, nan 
-30.625, -78.375, 4.176401430681114e-24, nan 
-30.375, -78.375, 3.816605526537487e-24, nan 
-30.125, -78.375, 3.416148152994171e-24, nan 
-29.875, -78.375, 4.207579733984535e-24, nan 
-29.625, -78.375, 4.133318859923779e-24, nan 
-29.375, -78.375, 4.914226799134561e-24, nan 
-29.125, -78.375, 5.37297946215743e-24, nan 
-28.875, -78.375, 4.911605368940413e-24, nan 
-28.625, -78.375, 5.0170612099025596e-24, nan 
-28.375, -78.375, 5.242605945858819e-24, nan 
-28.125, -78.375, 4.9110300771987344e-24, nan 
-27.875, -78.375, 5.263139089672654e-24, nan 
-27.625, -78.375, 5.7282506466775416e-24, nan 
-27.375, -78.375, 5.043861820473225e-24, nan 
-27.125, -78.375, 3.490170350714532e-24, nan 
-26.875, -78.375, 4.851346615426683e-24, nan 
-26.625, -78.375, 5.678848907373678e-24, nan 
-26.375, -78.375, 3.221679819229278e-24, nan 
-26.125, -78.375, 1.712551702576101e-24, nan 
-25.875, -78.375, 3.1855177672503944e-24, nan 
-25.625, -78.375, 4.225134926518826e-24, nan 
-25.375, -78.375, 6.0003326779382665e-24, nan 
-25.125, -78.375, 6.414617238504194e-24, nan 
-24.875, -78.375, 1.0791750516191021e-23, nan 
-24.625, -78.375, 5.832716260987574e-24, nan 
-24.375, -78.375, 6.412222956486879e-24, nan 
-24.125, -78.375, 8.091322562512445e-24, nan 
-23.875, -78.375, 9.271506338856904e-24, nan 
-23.625, -78.375, 1.1156367804807203e-23, nan 
-23.375, -78.375, 6.492410143733364e-24, nan 
-23.125, -78.375, 8.217379127429307e-24, nan 
-22.875, -78.375, 6.404590473510315e-24, nan 
-22.625, -78.375, 7.614106077717145e-24, nan 
-22.375, -78.375, 7.539643716559118e-24, nan 
-22.125, -78.375, 1.883719910141031e-23, nan 
-21.875, -78.375, 2.2141283231217484e-23, nan 
-21.625, -78.375, 2.676549675531271e-23, nan 
-21.375, -78.375, 3.173855083821995e-23, nan 
-21.125, -78.375, 1.8749718681346267e-23, nan 
-20.875, -78.375, 2.636789237970755e-23, nan 
-20.625, -78.375, 2.8724344234715397e-23, nan 
-20.375, -78.375, 3.967449591069993e-23, nan 
-20.125, -78.375, 5.0462512725147277e-23, nan 
-19.875, -78.375, 2.971091050256004e-23, nan 
-19.625, -78.375, 4.741629370395012e-23, nan 
-19.375, -78.375, 3.053001292991814e-23, nan 
-19.125, -78.375, 3.100939030712007e-23, nan 
-18.875, -78.375, 4.7919131788833367e-23, nan 
-18.625, -78.375, 6.583972653284462e-23, nan 
-18.375, -78.375, 6.814526305703533e-23, nan 
-18.125, -78.375, 7.366108778828917e-23, nan 
-17.875, -78.375, 8.528246677576528e-23, nan 
-17.625, -78.375, 7.678646501174551e-23, nan 
-17.375, -78.375, 9.030374126474467e-23, nan 
-17.125, -78.375, 9.656813623442024e-23, nan 
-16.875, -78.375, 1.1331874011166895e-22, nan 
-16.625, -78.375, 1.3451941708869592e-22, nan 
-16.375, -78.375, 1.1923235922244748e-22, nan 
-16.125, -78.375, 6.556084264604546e-23, nan 
-15.875, -78.375, 5.331774547277685e-23, nan 
-15.625, -78.375, 6.710949096951229e-23, nan 
-15.375, -78.375, 7.984959595995017e-23, nan 
-15.125, -78.375, 9.45166565635611e-23, nan 
-14.875, -78.375, 4.5373511663518785e-23, nan 
-14.625, -78.375, 3.7505769232349855e-23, nan 
-14.375, -78.375, 5.152535581808962e-23, nan 
-14.125, -78.375, 2.5440019724476364e-23, nan 
-13.875, -78.375, 1.640047510184304e-23, nan 
-13.625, -78.375, 1.0616709549665102e-23, nan 
-13.375, -78.375, 9.568282626584716e-24, nan 
-13.125, -78.375, 4.394855934833643e-24, nan 
-12.875, -78.375, 1.3917487766775523e-23, nan 
-12.625, -78.375, 1.9762169706811095e-23, nan 
-12.375, -78.375, 1.3021910698586878e-23, nan 
-12.125, -78.375, 1.8152676372487683e-23, nan 
-11.875, -78.375, 2.47247756240998e-23, nan 
-11.625, -78.375, 3.2222953729916797e-23, nan 
-11.375, -78.375, 3.039878869849929e-23, nan 
-11.125, -78.375, 2.5457295838535418e-23, nan 
-10.875, -78.375, 2.2905397906520266e-23, nan 
-10.625, -78.375, 2.4091202006612078e-23, nan 
-10.375, -78.375, 3.824394930030754e-23, nan 
-10.125, -78.375, 4.0870115248478756e-23, nan 
-9.875, -78.375, 2.89589147719662e-23, nan 
-9.625, -78.375, 2.0872890804555708e-23, nan 
-9.375, -78.375, 1.4850165665631696e-23, nan 
-9.125, -78.375, 2.3271503588902853e-23, nan 
-8.875, -78.375, 1.8819608880841608e-23, nan 
-8.625, -78.375, 1.700052845571177e-23, nan 
-8.375, -78.375, 1.6284205332029674e-23, nan 
-8.125, -78.375, 1.3983953047638803e-23, nan 
-7.875, -78.375, 8.914139000825373e-24, nan 
-7.625, -78.375, 1.1255592119828015e-23, nan 
-7.375, -78.375, 1.6344333193168152e-23, nan 
-7.125, -78.375, 1.6703628291514916e-23, nan 
-6.875, -78.375, 1.2218180636634768e-23, nan 
-6.625, -78.375, 1.1477095542260453e-23, nan 
-6.375, -78.375, 1.2144825064175606e-23, nan 
-6.125, -78.375, 9.943524908626484e-24, nan 
-5.875, -78.375, 1.3070563688365077e-23, nan 
-5.625, -78.375, 9.833616891392872e-24, nan 
-5.375, -78.375, 8.175306024823707e-24, nan 
-5.125, -78.375, 1.0664178458542838e-23, nan 
-4.875, -78.375, 1.335831304356001e-23, nan 
-4.625, -78.375, 9.245494460745127e-24, nan 
-4.375, -78.375, 1.7308248766248058e-23, nan 
-4.125, -78.375, 1.2389404547510851e-23, nan 
-3.875, -78.375, 3.260192306231193e-23, nan 
-3.625, -78.375, 4.0986832588494313e-23, nan 
-3.375, -78.375, 5.100368431485461e-23, nan 
-3.125, -78.375, 4.412086615195281e-23, nan 
-2.875, -78.375, 6.015883843859264e-23, nan 
-2.625, -78.375, 6.330766718467246e-23, nan 
-2.375, -78.375, 7.156947136295726e-23, nan 
-2.125, -78.375, 8.288232499269944e-23, nan 
-1.875, -78.375, 9.919096000964485e-23, nan 
-1.625, -78.375, 1.0090226753331929e-22, nan 
-1.375, -78.375, 8.373713308215422e-23, nan 
-1.125, -78.375, 8.495248207651819e-23, nan 
-0.875, -78.375, 9.509163772634757e-23, nan 
-0.625, -78.375, 1.1488087914098995e-22, nan 
-0.375, -78.375, 1.2000351708455268e-22, nan 
-0.125, -78.375, 8.250010903586962e-23, nan 
0.125, -78.375, 7.549787426488591e-23, nan 
0.375, -78.375, 6.76040517159368e-23, nan 
0.625, -78.375, 7.313374340458308e-23, nan 
0.875, -78.375, 8.616734921806948e-23, nan 
1.125, -78.375, 5.43029471821542e-23, nan 
1.375, -78.375, 3.184556252154254e-23, nan 
1.625, -78.375, 3.191927423907126e-23, nan 
1.875, -78.375, 2.8204753473919074e-23, nan 
2.125, -78.375, 1.6982928855940315e-23, nan 
2.375, -78.375, 1.5662468354260683e-23, nan 
2.625, -78.375, 2.700782618308873e-23, nan 
2.875, -78.375, 3.933194717107022e-23, nan 
3.125, -78.375, 3.5024334501877265e-23, nan 
3.375, -78.375, 1.935419064048519e-23, nan 
3.625, -78.375, 1.9407241650738636e-23, nan 
3.875, -78.375, 2.286059838108888e-23, nan 
4.125, -78.375, 2.140644687221911e-23, nan 
4.375, -78.375, 2.0112137729563823e-23, nan 
4.625, -78.375, 2.3534130589462502e-23, nan 
4.875, -78.375, 3.178273972980055e-23, nan 
5.125, -78.375, 2.8844246092255513e-23, nan 
5.375, -78.375, 2.9138519929379674e-23, nan 
5.625, -78.375, 3.58053898441037e-23, nan 
5.875, -78.375, 2.842199679043772e-23, nan 
6.125, -78.375, 3.28214823559802e-23, nan 
6.375, -78.375, 3.028923223483356e-23, nan 
6.625, -78.375, 3.6220213765017585e-23, nan 
6.875, -78.375, 3.933733029861141e-23, nan 
7.125, -78.375, 3.1400231800679553e-23, nan 
7.375, -78.375, 3.480006545967948e-23, nan 
7.625, -78.375, 4.662809252126679e-23, nan 
7.875, -78.375, 4.1282511710838066e-23, nan 
8.125, -78.375, 3.146807566464573e-23, nan 
8.375, -78.375, 3.979295820333309e-23, nan 
8.625, -78.375, 5.656723590405455e-23, nan 
8.875, -78.375, 5.646985644479397e-23, nan 
9.125, -78.375, 4.1560311004831444e-23, nan 
9.375, -78.375, 4.0499852827263984e-23, nan 
9.625, -78.375, 3.9463940733772913e-23, nan 
9.875, -78.375, 3.0496297864152544e-23, nan 
10.125, -78.375, 3.2818626525381996e-23, nan 
10.375, -78.375, 2.865585881152371e-23, nan 
10.625, -78.375, 2.639817123603685e-23, nan 
10.875, -78.375, 2.7604785191733966e-23, nan 
11.125, -78.375, 3.345813023490433e-23, nan 
11.375, -78.375, 4.4524218622790017e-23, nan 
11.625, -78.375, 9.640427658637934e-23, nan 
11.875, -78.375, 7.879395265129147e-23, nan 
12.125, -78.375, 8.627547606189681e-23, nan 
12.375, -78.375, 5.379229173721248e-23, nan 
12.625, -78.375, 3.554476344346368e-23, nan 
12.875, -78.375, 1.3958085541686256e-22, nan 
13.125, -78.375, 8.114217445909457e-23, nan 
13.375, -78.375, 9.021506059343221e-23, nan 
13.625, -78.375, 7.087963944624489e-23, nan 
13.875, -78.375, 7.52043603555491e-23, nan 
14.125, -78.375, 1.1978816492010918e-22, nan 
14.375, -78.375, 1.1065010818102386e-22, nan 
-117.125, -78.125, 2.7389951207461895e-25, nan 
-116.875, -78.125, 3.580791764412758e-25, nan 
-116.625, -78.125, 2.4351451427281794e-25, nan 
-116.375, -78.125, 1.966236640777613e-25, nan 
-116.125, -78.125, 1.3118531071569975e-25, nan 
-115.875, -78.125, 9.762871539433874e-26, nan 
-115.625, -78.125, 1.4122836556563405e-25, nan 
-115.375, -78.125, 1.8391251051763982e-25, nan 
-115.125, -78.125, 1.7852712134393106e-25, nan 
-114.875, -78.125, 1.8486975685869053e-25, nan 
-114.625, -78.125, 2.249373062186086e-25, nan 
-114.375, -78.125, 3.4335885502161387e-25, nan 
-114.125, -78.125, 4.0763750509793816e-25, nan 
-113.875, -78.125, 5.2109145261991605e-25, nan 
-113.625, -78.125, 4.3811555321392045e-25, nan 
-113.375, -78.125, 5.145344798119464e-25, nan 
-113.125, -78.125, 4.176671256474257e-25, nan 
-112.875, -78.125, 4.09306639810291e-25, nan 
-112.625, -78.125, 4.977127257649241e-25, nan 
-112.375, -78.125, 4.558865915176686e-25, nan 
-112.125, -78.125, 5.2634638303100515e-25, nan 
-111.875, -78.125, 4.269446458174715e-25, nan 
-111.625, -78.125, 3.699563797131787e-25, nan 
-111.375, -78.125, 3.0085257272405306e-25, nan 
-111.125, -78.125, 3.076379493470648e-25, nan 
-110.875, -78.125, 2.36661590011667e-25, nan 
-110.625, -78.125, 2.956856568203223e-25, nan 
-110.375, -78.125, 3.3986671353434757e-25, nan 
-110.125, -78.125, 3.29945140121745e-25, nan 
-109.875, -78.125, 3.139993541633149e-25, nan 
-109.625, -78.125, 2.812135846864333e-25, nan 
-109.375, -78.125, 2.5689552854748695e-25, nan 
-109.125, -78.125, 2.4865242301748748e-25, nan 
-108.875, -78.125, 2.53365130956751e-25, nan 
-108.625, -78.125, 3.168851745532883e-25, nan 
-108.375, -78.125, 3.272546758809798e-25, nan 
-108.125, -78.125, 2.72719729004309e-25, nan 
-107.875, -78.125, 1.803353165453972e-25, nan 
-107.625, -78.125, 1.4760715690962202e-25, nan 
-107.375, -78.125, 1.8528598425274981e-25, nan 
-107.125, -78.125, 2.4152749518944683e-25, nan 
-106.875, -78.125, 2.522781485903685e-25, nan 
-106.625, -78.125, 1.6693439712559381e-25, nan 
-106.375, -78.125, 9.018077317708218e-26, nan 
-106.125, -78.125, 2.37379809403515e-25, nan 
-105.875, -78.125, 1.2387410046182283e-25, nan 
-105.625, -78.125, 1.1346535876794153e-25, nan 
-105.375, -78.125, 1.3144133673846048e-25, nan 
-105.125, -78.125, 1.7765104982257733e-25, nan 
-104.875, -78.125, 2.205004832291635e-25, nan 
-104.625, -78.125, 4.909275595544018e-25, nan 
-104.375, -78.125, 4.37184762358191e-25, nan 
-104.125, -78.125, 6.470853817508513e-25, nan 
-103.875, -78.125, 5.575839525545929e-25, nan 
-103.625, -78.125, 5.765019377274134e-25, nan 
-103.375, -78.125, 7.999712972313192e-25, nan 
-103.125, -78.125, 8.390689853340252e-25, nan 
-102.875, -78.125, 6.953994064112251e-25, nan 
-102.625, -78.125, 5.2142568877272545e-25, nan 
-102.375, -78.125, 3.5660622095625277e-25, nan 
-102.125, -78.125, 5.699028957844017e-25, nan 
-101.875, -78.125, 6.505319484860387e-25, nan 
-101.625, -78.125, 6.806292725095392e-25, nan 
-101.375, -78.125, 8.1744015838523e-25, nan 
-101.125, -78.125, 8.310473074026822e-25, nan 
-100.875, -78.125, 8.867462600866825e-25, nan 
-100.625, -78.125, 9.58231808775103e-25, nan 
-100.375, -78.125, 7.682486528548391e-25, nan 
-100.125, -78.125, 4.316787017969471e-25, nan 
-99.875, -78.125, 4.560457433367263e-25, nan 
-99.625, -78.125, 9.311195228333619e-25, nan 
-99.375, -78.125, 7.008391429701199e-25, nan 
-99.125, -78.125, 1.0947786831402421e-24, nan 
-98.875, -78.125, 1.6836710093970234e-24, nan 
-98.625, -78.125, 2.055716144466229e-24, nan 
-98.375, -78.125, 1.7534018626297146e-24, nan 
-98.125, -78.125, 3.4254964266120055e-24, nan 
-97.875, -78.125, 2.792632727258851e-24, nan 
-97.625, -78.125, 4.71296265984679e-24, nan 
-97.375, -78.125, 4.8174977739892625e-24, nan 
-97.125, -78.125, 5.5026567966321136e-24, nan 
-96.875, -78.125, 3.9246756645303645e-24, nan 
-96.625, -78.125, 2.941566666964064e-24, nan 
-96.375, -78.125, 6.611336152380319e-24, nan 
-96.125, -78.125, 6.882400748470586e-24, nan 
-95.875, -78.125, 4.2331830904586005e-24, nan 
-95.625, -78.125, 6.843041438418257e-24, nan 
-95.375, -78.125, 1.0278443961117805e-23, nan 
-95.125, -78.125, 1.0686041418466937e-23, nan 
-94.875, -78.125, 1.240878797640226e-23, nan 
-94.625, -78.125, 9.976946766913855e-24, nan 
-94.375, -78.125, 4.6213029029518544e-24, nan 
-94.125, -78.125, 7.76743004593873e-24, nan 
-93.875, -78.125, 8.261946424583886e-24, nan 
-93.625, -78.125, 1.006303851206437e-23, nan 
-93.375, -78.125, 1.1149992568062109e-23, nan 
-93.125, -78.125, 9.917430853295e-24, nan 
-92.875, -78.125, 1.1230663364505249e-23, nan 
-92.625, -78.125, 8.353042235121671e-24, nan 
-92.375, -78.125, 4.977823859375857e-25, nan 
-92.125, -78.125, 1.1986674919207096e-23, nan 
-91.875, -78.125, 1.7879764089207883e-23, nan 
-91.625, -78.125, 1.8696963146146e-23, nan 
-91.375, -78.125, 1.2501597024359395e-23, nan 
-91.125, -78.125, 9.984828338044446e-24, nan 
-90.875, -78.125, 7.680004132192349e-24, nan 
-90.625, -78.125, 1.1017978538173704e-23, nan 
-90.375, -78.125, 1.2104909053483004e-23, nan 
-90.125, -78.125, 6.559422986082853e-24, nan 
-89.875, -78.125, 3.412748209496398e-24, nan 
-89.625, -78.125, 2.713841090557971e-24, nan 
-89.375, -78.125, 2.598517163265514e-24, nan 
-89.125, -78.125, 4.451771390725797e-24, nan 
-88.875, -78.125, 5.179074540041357e-24, nan 
-88.625, -78.125, 7.693441189958273e-24, nan 
-88.375, -78.125, 6.129747546667732e-24, nan 
-88.125, -78.125, 4.1224824946302604e-24, nan 
-87.875, -78.125, 4.921261547853982e-24, nan 
-87.625, -78.125, 5.890582692520869e-24, nan 
-87.375, -78.125, 1.0568613721698776e-23, nan 
-87.125, -78.125, 9.021007089296815e-24, nan 
-86.875, -78.125, 5.162357475230752e-24, nan 
-86.625, -78.125, 5.045320715398136e-24, nan 
-86.375, -78.125, 6.420450485430573e-24, nan 
-86.125, -78.125, 9.962308484316729e-24, nan 
-85.875, -78.125, 1.2040568130819558e-23, nan 
-85.625, -78.125, 6.608770593802486e-24, nan 
-85.375, -78.125, 5.4318570499044415e-24, nan 
-85.125, -78.125, 2.731083847350411e-24, nan 
-84.875, -78.125, 5.2451418856373786e-24, nan 
-84.625, -78.125, 8.215444911596457e-24, nan 
-84.375, -78.125, 9.8036610629976e-24, nan 
-84.125, -78.125, 1.100463792611556e-23, nan 
-83.875, -78.125, 1.0210181806944282e-23, nan 
-83.625, -78.125, 5.957562857950348e-24, nan 
-83.375, -78.125, 4.801512672624298e-24, nan 
-83.125, -78.125, 8.943940581237444e-24, nan 
-82.875, -78.125, 1.388482471688353e-23, nan 
-82.625, -78.125, 1.702282704561778e-23, nan 
-82.375, -78.125, 1.2169900111833839e-23, nan 
-82.125, -78.125, 4.932050383059251e-24, nan 
-81.875, -78.125, 8.852329719586663e-24, nan 
-81.625, -78.125, 1.7358625519505918e-23, nan 
-81.375, -78.125, 1.758104221736874e-23, nan 
-81.125, -78.125, 1.9605784704638444e-23, nan 
-80.875, -78.125, 1.7060310867861182e-23, nan 
-80.625, -78.125, 2.2186941710475015e-23, nan 
-80.375, -78.125, 2.149993306538041e-23, nan 
-80.125, -78.125, 2.1890170568977212e-23, nan 
-79.875, -78.125, 1.7934312480569254e-23, nan 
-79.625, -78.125, 1.9334981246171728e-23, nan 
-79.375, -78.125, 1.6549065260569142e-23, nan 
-79.125, -78.125, 1.9831094943549131e-23, nan 
-78.875, -78.125, 2.0692471995932518e-23, nan 
-78.625, -78.125, 1.876030177384682e-23, nan 
-78.375, -78.125, 1.7146276778156486e-23, nan 
-78.125, -78.125, 1.5699197059257598e-23, nan 
-77.875, -78.125, 1.2005677459176822e-23, nan 
-77.625, -78.125, 5.5151916517554825e-24, nan 
-77.375, -78.125, 9.259469328834151e-24, nan 
-77.125, -78.125, 1.629652527340416e-23, nan 
-76.875, -78.125, 2.0074954476426787e-23, nan 
-76.625, -78.125, 2.092370375742997e-23, nan 
-76.375, -78.125, 2.3133436704838244e-23, nan 
-76.125, -78.125, 1.9369755499151943e-23, nan 
-75.875, -78.125, 2.4901513345347e-23, nan 
-75.625, -78.125, 2.423096294670226e-23, nan 
-75.375, -78.125, 2.5828961445898992e-23, nan 
-75.125, -78.125, 2.820586541517688e-23, nan 
-74.875, -78.125, 2.057468303740249e-23, nan 
-74.625, -78.125, 1.7960544891596682e-23, nan 
-74.375, -78.125, 1.7227669146490464e-23, nan 
-74.125, -78.125, 1.3488482560868442e-23, nan 
-73.875, -78.125, 1.945939636051542e-23, nan 
-73.625, -78.125, 2.7372700079200436e-23, nan 
-73.375, -78.125, 2.3103843994932842e-23, nan 
-73.125, -78.125, 2.425539981103667e-23, nan 
-72.875, -78.125, 2.9984822385432655e-23, nan 
-72.625, -78.125, 3.436225780061273e-23, nan 
-72.375, -78.125, 1.6394288189490346e-23, nan 
-72.125, -78.125, 1.3508188433834725e-23, nan 
-71.875, -78.125, 2.711537862641592e-23, nan 
-71.625, -78.125, 3.420824875128396e-23, nan 
-71.375, -78.125, 3.760878700298781e-23, nan 
-71.125, -78.125, 1.854540151316582e-23, nan 
-70.875, -78.125, 1.8505039963042972e-23, nan 
-70.625, -78.125, 2.2345566139129127e-23, nan 
-70.375, -78.125, 2.794810002900161e-23, nan 
-70.125, -78.125, 3.221115701369632e-23, nan 
-69.875, -78.125, 3.080435031101927e-23, nan 
-69.625, -78.125, 3.1896828960480113e-23, nan 
-69.375, -78.125, 3.429385634719011e-23, nan 
-69.125, -78.125, 3.051256940599257e-23, nan 
-68.875, -78.125, 2.7420733914217634e-23, nan 
-68.625, -78.125, 2.794113532031225e-23, nan 
-68.375, -78.125, 4.649392706552389e-23, nan 
-68.125, -78.125, 5.130486649868904e-23, nan 
-67.875, -78.125, 5.0129712439849615e-23, nan 
-67.625, -78.125, 2.706537451152234e-23, nan 
-67.375, -78.125, 1.7360296559441926e-23, nan 
-67.125, -78.125, 3.9491212334272284e-23, nan 
-66.875, -78.125, 4.731507338849457e-23, nan 
-66.625, -78.125, 5.637501145391737e-23, nan 
-66.375, -78.125, 4.1041441561137417e-23, nan 
-66.125, -78.125, 2.5729336127289307e-23, nan 
-65.875, -78.125, 3.502739234091845e-23, nan 
-65.625, -78.125, 4.175717238590668e-23, nan 
-65.375, -78.125, 5.410730918019932e-23, nan 
-65.125, -78.125, 6.172849382692143e-23, nan 
-64.875, -78.125, 3.464817958334653e-23, nan 
-64.625, -78.125, 4.534452741640701e-23, nan 
-64.375, -78.125, 2.9304677093826084e-23, nan 
-64.125, -78.125, 2.560838533420988e-23, nan 
-63.875, -78.125, 1.4301549541037163e-23, nan 
-63.625, -78.125, 2.210930526078005e-23, nan 
-63.375, -78.125, 3.0681847996779404e-23, nan 
-63.125, -78.125, 2.961835663034121e-23, nan 
-62.875, -78.125, 4.1995030699277667e-23, nan 
-62.625, -78.125, 5.499667380219439e-23, nan 
-62.375, -78.125, 2.6115037218605526e-23, nan 
-62.125, -78.125, 4.192716144955405e-23, nan 
-61.875, -78.125, 4.1614246100789467e-23, nan 
-61.625, -78.125, 5.574617980518887e-23, nan 
-61.375, -78.125, 7.405369370765317e-23, nan 
-61.125, -78.125, 2.7965458352590324e-23, nan 
-60.875, -78.125, 2.947863018479181e-23, nan 
-60.625, -78.125, 3.645462262215818e-23, nan 
-60.375, -78.125, 4.420240979737773e-23, nan 
-60.125, -78.125, 5.89343978525649e-23, nan 
-59.875, -78.125, 4.897536973712576e-23, nan 
-59.625, -78.125, 3.520997209433487e-23, nan 
-59.375, -78.125, 2.4469373980179083e-23, nan 
-59.125, -78.125, 2.382367831198052e-23, nan 
-58.875, -78.125, 3.613455638614908e-23, nan 
-58.625, -78.125, 4.147851846027794e-23, nan 
-58.375, -78.125, 3.364049575413728e-23, nan 
-58.125, -78.125, 3.0974745009095246e-23, nan 
-57.875, -78.125, 2.57373599042036e-23, nan 
-57.625, -78.125, 1.3353593191927672e-23, nan 
-57.375, -78.125, 8.786772067263107e-24, nan 
-57.125, -78.125, 6.693544212313594e-24, nan 
-56.875, -78.125, 1.192755919301324e-23, nan 
-56.625, -78.125, 8.970239856541767e-24, nan 
-56.375, -78.125, 4.839085436338573e-24, nan 
-56.125, -78.125, 1.3134699391472976e-23, nan 
-55.875, -78.125, 1.39476344210959e-23, nan 
-55.625, -78.125, 1.569518891233432e-23, nan 
-55.375, -78.125, 1.096247406242193e-23, nan 
-55.125, -78.125, 4.940327915369512e-24, nan 
-54.875, -78.125, 5.758267744251172e-24, nan 
-54.625, -78.125, 7.677257004320275e-24, nan 
-54.375, -78.125, 7.933289738187269e-24, nan 
-54.125, -78.125, 6.787155738509548e-24, nan 
-53.875, -78.125, 6.76321755299735e-24, nan 
-53.625, -78.125, 8.62211222472396e-24, nan 
-53.375, -78.125, 7.828778303223614e-24, nan 
-53.125, -78.125, 5.299828444429504e-24, nan 
-52.875, -78.125, 8.798507707962761e-24, nan 
-52.625, -78.125, 7.023712299365203e-24, nan 
-52.375, -78.125, 1.0015501986510234e-23, nan 
-52.125, -78.125, 1.0534851624837841e-23, nan 
-51.875, -78.125, 9.48243388935183e-24, nan 
-51.625, -78.125, 9.00279421679246e-24, nan 
-51.375, -78.125, 1.3571211234908084e-23, nan 
-51.125, -78.125, 1.3732697257380507e-23, nan 
-50.875, -78.125, 1.6534703680534296e-23, nan 
-50.625, -78.125, 1.5926602340016233e-23, nan 
-50.375, -78.125, 1.5539715397900326e-23, nan 
-50.125, -78.125, 1.4663801784163476e-23, nan 
-49.875, -78.125, 1.2778527894816022e-23, nan 
-49.625, -78.125, 8.846383528199803e-24, nan 
-49.375, -78.125, 1.0662191281562155e-23, nan 
-49.125, -78.125, 1.5364721863357676e-23, nan 
-48.875, -78.125, 9.592475334583375e-24, nan 
-48.625, -78.125, 1.0948275192659429e-23, nan 
-48.375, -78.125, 6.89803699482102e-24, nan 
-48.125, -78.125, 6.966606090621494e-24, nan 
-47.875, -78.125, 3.681299294824948e-24, nan 
-47.625, -78.125, 2.9599406889124884e-24, nan 
-47.375, -78.125, 1.7062280202368946e-24, nan 
-47.125, -78.125, 2.575486645915438e-24, nan 
-46.875, -78.125, 5.6891569954177195e-24, nan 
-46.625, -78.125, 4.351673874343986e-24, nan 
-46.375, -78.125, 4.6595955542815874e-24, nan 
-46.125, -78.125, 3.9892080017049514e-24, nan 
-45.875, -78.125, 3.558216931546239e-24, nan 
-45.625, -78.125, 3.7628650721354874e-24, nan 
-45.375, -78.125, 4.5426024227689445e-24, nan 
-45.125, -78.125, 5.579669790500382e-24, nan 
-44.875, -78.125, 5.356658157248949e-24, nan 
-44.625, -78.125, 5.195588310547294e-24, nan 
-44.375, -78.125, 4.725289299976552e-24, nan 
-44.125, -78.125, 5.1783934301737886e-24, nan 
-43.875, -78.125, 4.543626618655162e-24, nan 
-43.625, -78.125, 1.5197165280355682e-24, nan 
-43.375, -78.125, 1.4651603263226526e-24, nan 
-43.125, -78.125, 1.693112938605746e-24, nan 
-42.875, -78.125, 1.3966400623394934e-24, nan 
-42.625, -78.125, 2.457778523661288e-24, nan 
-42.375, -78.125, 2.2009964237454105e-24, nan 
-42.125, -78.125, 4.506635427659716e-24, nan 
-41.875, -78.125, 4.080937404556315e-24, nan 
-41.625, -78.125, 4.9426352083232845e-24, nan 
-41.375, -78.125, 4.404683225222479e-24, nan 
-41.125, -78.125, 4.548487251460065e-24, nan 
-40.875, -78.125, 3.715109731947835e-24, nan 
-40.625, -78.125, 5.195498250886436e-24, nan 
-40.375, -78.125, 3.89098984146995e-24, nan 
-40.125, -78.125, 3.518477489801501e-24, nan 
-39.875, -78.125, 2.7413639105120934e-24, nan 
-39.625, -78.125, 4.149332867455124e-24, nan 
-39.375, -78.125, 3.4336851953050565e-24, nan 
-39.125, -78.125, 3.398069664480811e-24, nan 
-38.875, -78.125, 3.568510876023862e-24, nan 
-38.625, -78.125, 2.9183445393575233e-24, nan 
-38.375, -78.125, 3.671871114717241e-24, nan 
-38.125, -78.125, 3.580931704548288e-24, nan 
-37.875, -78.125, 5.1579241267452125e-24, nan 
-37.625, -78.125, 6.673294344314113e-24, nan 
-37.375, -78.125, 6.2347887041117296e-24, nan 
-37.125, -78.125, 6.80664563208551e-24, nan 
-36.875, -78.125, 6.393666586325716e-24, nan 
-36.625, -78.125, 6.473086773832044e-24, nan 
-36.375, -78.125, 7.455806874029153e-24, nan 
-36.125, -78.125, 7.809483869628328e-24, nan 
-35.875, -78.125, 7.492107455495688e-24, nan 
-35.625, -78.125, 5.717994414506141e-24, nan 
-35.375, -78.125, 6.4656114321147e-24, nan 
-35.125, -78.125, 7.828395626728037e-24, nan 
-34.875, -78.125, 6.573716657633772e-24, nan 
-34.625, -78.125, 7.927684152722198e-24, nan 
-34.375, -78.125, 5.943864575782163e-24, nan 
-34.125, -78.125, 7.047211691483054e-24, nan 
-33.875, -78.125, 5.433046920123784e-24, nan 
-33.625, -78.125, 5.959476371105251e-24, nan 
-33.375, -78.125, 7.664816816493482e-24, nan 
-33.125, -78.125, 5.302153237600378e-24, nan 
-32.875, -78.125, 1.2456691891160824e-23, nan 
-32.625, -78.125, 1.0041440991607335e-23, nan 
-32.375, -78.125, 9.040740568667447e-24, nan 
-32.125, -78.125, 5.383019899502775e-24, nan 
-31.875, -78.125, 8.273717264827019e-24, nan 
-31.625, -78.125, 1.0013736691341494e-23, nan 
-31.375, -78.125, 9.907165791383186e-24, nan 
-31.125, -78.125, 9.594479769016237e-24, nan 
-30.875, -78.125, 7.233922591941414e-24, nan 
-30.625, -78.125, 7.255511308686106e-24, nan 
-30.375, -78.125, 5.48949423882342e-24, nan 
-30.125, -78.125, 4.109719883300666e-24, nan 
-29.875, -78.125, 2.6849636611880347e-24, nan 
-29.625, -78.125, 4.2377117491806944e-24, nan 
-29.375, -78.125, 5.212857914787472e-24, nan 
-29.125, -78.125, 5.251003942103169e-24, nan 
-28.875, -78.125, 4.666973608958394e-24, nan 
-28.625, -78.125, 4.5565296873480414e-24, nan 
-28.375, -78.125, 6.71254896160098e-24, nan 
-28.125, -78.125, 5.388800062128946e-24, nan 
-27.875, -78.125, 4.990305688902269e-24, nan 
-27.625, -78.125, 5.024538683137809e-24, nan 
-27.375, -78.125, 6.4347245764088805e-24, nan 
-27.125, -78.125, 3.866351909267478e-24, nan 
-26.875, -78.125, 5.00986477816107e-24, nan 
-26.625, -78.125, 5.5667666525479665e-24, nan 
-26.375, -78.125, 5.027325284883002e-24, nan 
-26.125, -78.125, 3.5817006757928615e-24, nan 
-25.875, -78.125, 5.08614848593143e-24, nan 
-25.625, -78.125, 6.991696971854212e-24, nan 
-25.375, -78.125, 9.602522603473104e-24, nan 
-25.125, -78.125, 1.0657199879705275e-23, nan 
-24.875, -78.125, 1.2466645564594906e-23, nan 
-24.625, -78.125, 7.108270457263167e-24, nan 
-24.375, -78.125, 1.0449012574082485e-23, nan 
-24.125, -78.125, 1.448627802270055e-23, nan 
-23.875, -78.125, 1.6591489914966013e-23, nan 
-23.625, -78.125, 1.681609712002532e-23, nan 
-23.375, -78.125, 1.1075826372280179e-23, nan 
-23.125, -78.125, 1.4895279888371838e-23, nan 
-22.875, -78.125, 1.2105842809772906e-23, nan 
-22.625, -78.125, 1.2926382708121577e-23, nan 
-22.375, -78.125, 5.741353047575119e-24, nan 
-22.125, -78.125, 1.3960735819532566e-23, nan 
-21.875, -78.125, 1.2733923156783506e-23, nan 
-21.625, -78.125, 1.7215450986582664e-23, nan 
-21.375, -78.125, 2.686879015685268e-23, nan 
-21.125, -78.125, 1.3522359782722825e-23, nan 
-20.875, -78.125, 2.400464571832413e-23, nan 
-20.625, -78.125, 2.3352514253760218e-23, nan 
-20.375, -78.125, 2.539315608996633e-23, nan 
-20.125, -78.125, 4.55732907663655e-23, nan 
-19.875, -78.125, 1.8277840691103392e-23, nan 
-19.625, -78.125, 3.454900257592997e-23, nan 
-19.375, -78.125, 3.2218145861274816e-23, nan 
-19.125, -78.125, 2.917966252379363e-23, nan 
-18.875, -78.125, 3.6003675470743325e-23, nan 
-18.625, -78.125, 6.370230943452479e-23, nan 
-18.375, -78.125, 5.304386469399428e-23, nan 
-18.125, -78.125, 6.772349350721616e-23, nan 
-17.875, -78.125, 7.36572839182165e-23, nan 
-17.625, -78.125, 6.020330829116955e-23, nan 
-17.375, -78.125, 7.706145461502815e-23, nan 
-17.125, -78.125, 6.593708251585385e-23, nan 
-16.875, -78.125, 9.022480911997907e-23, nan 
-16.625, -78.125, 1.06503240921329e-22, nan 
-16.375, -78.125, 8.952667531320487e-23, nan 
-16.125, -78.125, 4.9454086952756115e-23, nan 
-15.875, -78.125, 3.811792558748185e-23, nan 
-15.625, -78.125, 5.510117741860497e-23, nan 
-15.375, -78.125, 5.549711911660668e-23, nan 
-15.125, -78.125, 8.702502129132057e-23, nan 
-14.875, -78.125, 3.7992942547397075e-23, nan 
-14.625, -78.125, 6.58814746472841e-23, nan 
-14.375, -78.125, 9.735541093935379e-23, nan 
-14.125, -78.125, 4.2291585448782804e-23, nan 
-13.875, -78.125, 4.964422337330854e-23, nan 
-13.625, -78.125, 1.0434736456786926e-23, nan 
-13.375, -78.125, 3.9110731857338745e-23, nan 
-13.125, -78.125, 5.332431922594331e-23, nan 
-12.875, -78.125, 2.2197286702420827e-23, nan 
-12.625, -78.125, 1.8147929161968396e-23, nan 
-12.375, -78.125, 1.8400778422867876e-23, nan 
-12.125, -78.125, 1.993953667641535e-23, nan 
-11.875, -78.125, 1.9425315220122985e-23, nan 
-11.625, -78.125, 2.041311662101863e-23, nan 
-11.375, -78.125, 1.3090004504167502e-23, nan 
-11.125, -78.125, 1.7776746053641856e-23, nan 
-10.875, -78.125, 2.6030633309710673e-23, nan 
-10.625, -78.125, 2.501470828097777e-23, nan 
-10.375, -78.125, 2.507544592323907e-23, nan 
-10.125, -78.125, 2.649616785151735e-23, nan 
-9.875, -78.125, 2.390628566015017e-23, nan 
-9.625, -78.125, 3.624535222943936e-23, nan 
-9.375, -78.125, 2.8404077990659375e-23, nan 
-9.125, -78.125, 1.2814062526251434e-23, nan 
-8.875, -78.125, 1.3904433008208e-23, nan 
-8.625, -78.125, 2.6124284237516774e-23, nan 
-8.375, -78.125, 3.184608637469838e-23, nan 
-8.125, -78.125, 2.1859027509569317e-23, nan 
-7.875, -78.125, 1.6957557639115575e-23, nan 
-7.625, -78.125, 1.7250931136702162e-23, nan 
-7.375, -78.125, 2.551437733598936e-23, nan 
-7.125, -78.125, 2.804043669253804e-23, nan 
-6.875, -78.125, 1.0078448261733521e-22, nan 
-6.625, -78.125, 1.1753513413228288e-22, nan 
-6.375, -78.125, 1.0268066181868177e-22, nan 
-6.125, -78.125, 1.4974427528420446e-23, nan 
-5.875, -78.125, 6.831775741080769e-24, nan 
-5.625, -78.125, 4.295392690273329e-24, nan 
-5.375, -78.125, 9.799022211746984e-24, nan 
-5.125, -78.125, 2.2641925542118165e-23, nan 
-4.875, -78.125, 2.950383311714121e-23, nan 
-4.625, -78.125, 3.76863850541028e-23, nan 
-4.375, -78.125, 5.1097731811587185e-23, nan 
-4.125, -78.125, 5.543573516095795e-23, nan 
-3.875, -78.125, 6.090245577670228e-23, nan 
-3.625, -78.125, 6.979877806920808e-23, nan 
-3.375, -78.125, 7.953392933599538e-23, nan 
-3.125, -78.125, 9.268274555466845e-23, nan 
-2.875, -78.125, 9.965731358365264e-23, nan 
-2.625, -78.125, 8.54719384325958e-23, nan 
-2.375, -78.125, 8.532788780639134e-23, nan 
-2.125, -78.125, 9.255700573280286e-23, nan 
-1.875, -78.125, 1.2696438331110997e-22, nan 
-1.625, -78.125, 1.3570668858824733e-22, nan 
-1.375, -78.125, 1.0906303948966683e-22, nan 
-1.125, -78.125, 8.414226933837672e-23, nan 
-0.875, -78.125, 5.4892352241929e-23, nan 
-0.625, -78.125, 5.487466375451192e-23, nan 
-0.375, -78.125, 1.395054516136142e-22, nan 
-0.125, -78.125, 8.63486620124154e-23, nan 
0.125, -78.125, 9.803339835711615e-23, nan 
0.375, -78.125, 6.257309204362751e-23, nan 
0.625, -78.125, 6.413727807419789e-23, nan 
0.875, -78.125, 1.6040244389155807e-22, nan 
1.125, -78.125, 8.654051792788374e-23, nan 
1.375, -78.125, 6.952999425464189e-23, nan 
1.625, -78.125, 4.6923814390860667e-23, nan 
1.875, -78.125, 4.8424194223825965e-23, nan 
2.125, -78.125, 8.313821992108657e-23, nan 
2.375, -78.125, 5.797872303918197e-23, nan 
2.625, -78.125, 3.360665674505499e-23, nan 
2.875, -78.125, 5.2349321099500386e-23, nan 
3.125, -78.125, 4.7365467837473685e-23, nan 
3.375, -78.125, 1.4755635949407138e-23, nan 
3.625, -78.125, 1.140442671090492e-23, nan 
3.875, -78.125, 1.6564907376232213e-23, nan 
4.125, -78.125, 2.982000717667914e-23, nan 
4.375, -78.125, 3.425224849055092e-23, nan 
4.625, -78.125, 2.5827592150148783e-23, nan 
4.875, -78.125, 3.8167441619024105e-23, nan 
5.125, -78.125, 4.488086952609331e-23, nan 
5.375, -78.125, 4.8593442875849803e-23, nan 
5.625, -78.125, 5.844192351310674e-23, nan 
5.875, -78.125, 4.1522973989561417e-23, nan 
6.125, -78.125, 4.6012034580193866e-23, nan 
6.375, -78.125, 3.059323165542172e-23, nan 
6.625, -78.125, 3.6733603740048414e-23, nan 
6.875, -78.125, 5.850512731101501e-23, nan 
7.125, -78.125, 4.322465436717137e-23, nan 
7.375, -78.125, 4.682199839147295e-23, nan 
7.625, -78.125, 4.30587988094504e-23, nan 
7.875, -78.125, 4.417596587871658e-23, nan 
8.125, -78.125, 3.8453502315431075e-23, nan 
8.375, -78.125, 3.0168391271809e-23, nan 
8.625, -78.125, 3.826793831492703e-23, nan 
8.875, -78.125, 3.5931482868196965e-23, nan 
9.125, -78.125, 3.3339910881141204e-23, nan 
9.375, -78.125, 3.230045497636795e-23, nan 
9.625, -78.125, 3.158513850552394e-23, nan 
9.875, -78.125, 2.8769474777651676e-23, nan 
10.125, -78.125, 2.93946408362331e-23, nan 
10.375, -78.125, 2.798854876338782e-23, nan 
10.625, -78.125, 4.0446279711035474e-23, nan 
10.875, -78.125, 4.8566897305329487e-23, nan 
11.125, -78.125, 5.813116195984627e-23, nan 
11.375, -78.125, 6.423304536238782e-23, nan 
11.625, -78.125, 5.772723721719311e-23, nan 
11.875, -78.125, 4.222061646187738e-23, nan 
12.125, -78.125, 4.908274195209851e-23, nan 
12.375, -78.125, 4.860072547897605e-23, nan 
12.625, -78.125, 3.430486007021921e-23, nan 
12.875, -78.125, 8.85873551788773e-23, nan 
13.125, -78.125, 5.606271445425643e-23, nan 
13.375, -78.125, 8.432065606701396e-23, nan 
13.625, -78.125, 6.158242656055457e-23, nan 
13.875, -78.125, 4.105240718560941e-23, nan 
14.125, -78.125, 3.8822344783199243e-23, nan 
14.375, -78.125, 5.212227883652432e-23, nan 
14.625, -78.125, 8.53571730765669e-23, nan 
-116.875, -77.875, 2.846826844342476e-25, nan 
-116.625, -77.875, 2.1353988256152126e-25, nan 
-116.375, -77.875, 3.4992773822425294e-25, nan 
-116.125, -77.875, 3.671852933083851e-25, nan 
-115.875, -77.875, 3.1641376278288894e-25, nan 
-115.625, -77.875, 4.0636687424324233e-25, nan 
-115.375, -77.875, 3.864815006712778e-25, nan 
-115.125, -77.875, 3.361551141344751e-25, nan 
-114.875, -77.875, 3.1585221994672886e-25, nan 
-114.625, -77.875, 4.0355097761992474e-25, nan 
-114.375, -77.875, 4.4754197828469e-25, nan 
-114.125, -77.875, 4.874372954658203e-25, nan 
-113.875, -77.875, 4.90523944479953e-25, nan 
-113.625, -77.875, 4.672849988337311e-25, nan 
-113.375, -77.875, 4.848727222055627e-25, nan 
-113.125, -77.875, 3.8827821313740826e-25, nan 
-112.875, -77.875, 3.857216719341522e-25, nan 
-112.625, -77.875, 3.5489230248936793e-25, nan 
-112.375, -77.875, 3.7093649850117357e-25, nan 
-112.125, -77.875, 3.0366652455613194e-25, nan 
-111.875, -77.875, 3.4086793276099144e-25, nan 
-111.625, -77.875, 3.8006586466067706e-25, nan 
-111.375, -77.875, 4.467231848681866e-25, nan 
-111.125, -77.875, 4.0402704443224316e-25, nan 
-110.875, -77.875, 2.8972351960202667e-25, nan 
-110.625, -77.875, 2.850134756916725e-25, nan 
-110.375, -77.875, 2.9081143275285344e-25, nan 
-110.125, -77.875, 3.500124155858994e-25, nan 
-109.875, -77.875, 3.2954490958366005e-25, nan 
-109.625, -77.875, 3.2029573656449013e-25, nan 
-109.375, -77.875, 4.143310353006472e-25, nan 
-109.125, -77.875, 5.366551870915588e-25, nan 
-108.875, -77.875, 5.258799636927407e-25, nan 
-108.625, -77.875, 4.80191407717474e-25, nan 
-108.375, -77.875, 3.5526711637844724e-25, nan 
-108.125, -77.875, 3.3955960075584355e-25, nan 
-107.875, -77.875, 3.1609494478769216e-25, nan 
-107.625, -77.875, 3.6908130919279856e-25, nan 
-107.375, -77.875, 4.338031468188097e-25, nan 
-107.125, -77.875, 4.31643746150657e-25, nan 
-106.875, -77.875, 4.372038381538068e-25, nan 
-106.625, -77.875, 3.5593634624050785e-25, nan 
-106.375, -77.875, 3.0177317875571094e-25, nan 
-106.125, -77.875, 3.01411320755619e-25, nan 
-105.875, -77.875, 3.3569810632613324e-25, nan 
-105.625, -77.875, 2.6868747581472615e-25, nan 
-105.375, -77.875, 4.677696949972875e-25, nan 
-105.125, -77.875, 6.127375051707854e-25, nan 
-104.875, -77.875, 6.217360820660142e-25, nan 
-104.625, -77.875, 7.030735766136565e-25, nan 
-104.375, -77.875, 7.080852966584129e-25, nan 
-104.125, -77.875, 7.198565800652944e-25, nan 
-103.875, -77.875, 7.71092109344503e-25, nan 
-103.625, -77.875, 9.346743703923752e-25, nan 
-103.375, -77.875, 1.3187302164819828e-24, nan 
-103.125, -77.875, 1.4492547089092936e-24, nan 
-102.875, -77.875, 1.270843975779134e-24, nan 
-102.625, -77.875, 1.0030207663752047e-24, nan 
-102.375, -77.875, 7.397808201898984e-25, nan 
-102.125, -77.875, 8.78547123304715e-25, nan 
-101.875, -77.875, 9.406883000750536e-25, nan 
-101.625, -77.875, 8.170388760873545e-25, nan 
-101.375, -77.875, 6.448684788819466e-25, nan 
-101.125, -77.875, 7.3912784101318665e-25, nan 
-100.875, -77.875, 7.040889317711338e-25, nan 
-100.625, -77.875, 8.036178979694537e-25, nan 
-100.375, -77.875, 7.732870740911138e-25, nan 
-100.125, -77.875, 4.0011498710767944e-25, nan 
-99.875, -77.875, 8.738853033236138e-25, nan 
-99.625, -77.875, 1.2141224384271014e-24, nan 
-99.375, -77.875, 1.1210261199161336e-24, nan 
-99.125, -77.875, 2.712363522980742e-24, nan 
-98.875, -77.875, 1.7650863204103618e-24, nan 
-98.625, -77.875, 1.3111765668136126e-24, nan 
-98.375, -77.875, 1.6364978603693919e-24, nan 
-98.125, -77.875, 1.0950738704331507e-24, nan 
-97.875, -77.875, 2.8426489180319012e-24, nan 
-97.625, -77.875, 2.8001443491578902e-24, nan 
-97.375, -77.875, 3.446099453083538e-24, nan 
-97.125, -77.875, 2.4553049250109595e-24, nan 
-96.875, -77.875, 3.608450733105951e-24, nan 
-96.625, -77.875, 2.5424414029865966e-24, nan 
-96.375, -77.875, 2.9648959308859577e-24, nan 
-96.125, -77.875, 2.9902408378852985e-24, nan 
-95.875, -77.875, 2.4820309494760437e-24, nan 
-95.625, -77.875, 8.472010756627898e-24, nan 
-95.375, -77.875, 4.203106645150012e-24, nan 
-95.125, -77.875, 4.557576353536129e-24, nan 
-94.875, -77.875, 4.824132014365723e-24, nan 
-94.625, -77.875, 4.044185435239761e-24, nan 
-94.375, -77.875, 6.144347617684499e-24, nan 
-94.125, -77.875, 4.4700158544556625e-24, nan 
-93.875, -77.875, 4.643168953465387e-24, nan 
-93.625, -77.875, 7.821018314874195e-24, nan 
-93.375, -77.875, 8.656504664323913e-24, nan 
-93.125, -77.875, 9.311041473983816e-24, nan 
-92.875, -77.875, 1.1009278464180542e-23, nan 
-92.625, -77.875, 1.0290377427940917e-23, nan 
-92.375, -77.875, 1.021532946458062e-23, nan 
-92.125, -77.875, 5.314867998222659e-24, nan 
-91.875, -77.875, 1.831483366466452e-23, nan 
-91.625, -77.875, 2.0070377498335428e-23, nan 
-91.375, -77.875, 1.770971882725136e-23, nan 
-91.125, -77.875, 1.974714858567401e-23, nan 
-90.875, -77.875, 9.02978807232488e-24, nan 
-90.625, -77.875, 1.723452421581822e-23, nan 
-90.375, -77.875, 1.9564778781693403e-23, nan 
-90.125, -77.875, 1.5252506443247168e-23, nan 
-89.875, -77.875, 1.0776673052876296e-23, nan 
-89.625, -77.875, 3.620500414735369e-24, nan 
-89.375, -77.875, 6.1707261210159476e-24, nan 
-89.125, -77.875, 7.79758774784221e-24, nan 
-88.875, -77.875, 6.359320527448065e-24, nan 
-88.625, -77.875, 6.977696932914298e-24, nan 
-88.375, -77.875, 6.702068960299083e-24, nan 
-88.125, -77.875, 6.225287091885702e-24, nan 
-87.875, -77.875, 6.263787480387452e-24, nan 
-87.625, -77.875, 6.771659566027516e-24, nan 
-87.375, -77.875, 7.204446645717568e-24, nan 
-87.125, -77.875, 7.027965145212281e-24, nan 
-86.875, -77.875, 7.05324569407798e-24, nan 
-86.625, -77.875, 7.463106326767364e-24, nan 
-86.375, -77.875, 7.601256591869641e-24, nan 
-86.125, -77.875, 5.935768324730252e-24, nan 
-85.875, -77.875, 6.761718641673247e-24, nan 
-85.625, -77.875, 1.0224947442433636e-23, nan 
-85.375, -77.875, 9.779593835947094e-24, nan 
-85.125, -77.875, 6.871515463470066e-24, nan 
-84.875, -77.875, 7.20765302348293e-24, nan 
-84.625, -77.875, 1.2307628917179203e-23, nan 
-84.375, -77.875, 1.4500546449834436e-23, nan 
-84.125, -77.875, 1.2641807554570103e-23, nan 
-83.875, -77.875, 6.47106080743972e-24, nan 
-83.625, -77.875, 3.295134232157235e-24, nan 
-83.375, -77.875, 5.325197789684824e-24, nan 
-83.125, -77.875, 8.815958692212056e-24, nan 
-82.875, -77.875, 1.0933694267581149e-23, nan 
-82.625, -77.875, 1.2969895608247403e-23, nan 
-82.375, -77.875, 9.938984726012301e-24, nan 
-82.125, -77.875, 5.391036345053927e-24, nan 
-81.875, -77.875, 5.919523252489942e-24, nan 
-81.625, -77.875, 8.083541241236177e-24, nan 
-81.375, -77.875, 1.0546353860817018e-23, nan 
-81.125, -77.875, 8.347108497055496e-24, nan 
-80.875, -77.875, 1.1086512840175081e-23, nan 
-80.625, -77.875, 1.1269959099412062e-23, nan 
-80.375, -77.875, 1.3237243647659918e-23, nan 
-80.125, -77.875, 1.3733787986417284e-23, nan 
-79.875, -77.875, 1.7375069717880756e-23, nan 
-79.625, -77.875, 1.3962612048374527e-23, nan 
-79.375, -77.875, 1.304382960472307e-23, nan 
-79.125, -77.875, 1.626752368245327e-23, nan 
-78.875, -77.875, 1.8292394368795086e-23, nan 
-78.625, -77.875, 1.744599845360963e-23, nan 
-78.375, -77.875, 1.4561231814228156e-23, nan 
-78.125, -77.875, 1.2343235911856816e-23, nan 
-77.875, -77.875, 1.4634248802835368e-23, nan 
-77.625, -77.875, 1.0707015676103933e-23, nan 
-77.375, -77.875, 1.553162635622689e-23, nan 
-77.125, -77.875, 2.248152553791209e-23, nan 
-76.875, -77.875, 2.2407478255065087e-23, nan 
-76.625, -77.875, 2.2068268407042038e-23, nan 
-76.375, -77.875, 1.564092584952596e-23, nan 
-76.125, -77.875, 1.8211507010935388e-23, nan 
-75.875, -77.875, 2.167011488145182e-23, nan 
-75.625, -77.875, 2.426665696638059e-23, nan 
-75.375, -77.875, 2.513845778201097e-23, nan 
-75.125, -77.875, 2.0194541276624532e-23, nan 
-74.875, -77.875, 2.706819780673024e-23, nan 
-74.625, -77.875, 2.6234927942964752e-23, nan 
-74.375, -77.875, 2.0653391574441699e-23, nan 
-74.125, -77.875, 1.7142692477776516e-23, nan 
-73.875, -77.875, 2.0271149116794166e-23, nan 
-73.625, -77.875, 3.275015286158835e-23, nan 
-73.375, -77.875, 3.544177702669514e-23, nan 
-73.125, -77.875, 2.4959191869033443e-23, nan 
-72.875, -77.875, 2.870649097493026e-23, nan 
-72.625, -77.875, 2.7959989842016315e-23, nan 
-72.375, -77.875, 3.0304125953480524e-23, nan 
-72.125, -77.875, 3.436412726482795e-23, nan 
-71.875, -77.875, 2.7559932515323066e-23, nan 
-71.625, -77.875, 3.715364280207761e-23, nan 
-71.375, -77.875, 4.444052199918619e-23, nan 
-71.125, -77.875, 4.0611342630221616e-23, nan 
-70.875, -77.875, 2.484615419740393e-23, nan 
-70.625, -77.875, 1.6232987124046198e-23, nan 
-70.375, -77.875, 2.8870024377685184e-23, nan 
-70.125, -77.875, 4.5209472506372334e-23, nan 
-69.875, -77.875, 5.331316569564702e-23, nan 
-69.625, -77.875, 3.95899198245746e-23, nan 
-69.375, -77.875, 3.1765743250930544e-23, nan 
-69.125, -77.875, 2.4923064701285544e-23, nan 
-68.875, -77.875, 3.289866772826591e-23, nan 
-68.625, -77.875, 4.977547834121737e-23, nan 
-68.375, -77.875, 5.066212334565886e-23, nan 
-68.125, -77.875, 4.9105234276398046e-23, nan 
-67.875, -77.875, 4.1950965286068836e-23, nan 
-67.625, -77.875, 2.727515995063322e-23, nan 
-67.375, -77.875, 2.2740839564244523e-23, nan 
-67.125, -77.875, 3.0722695194105216e-23, nan 
-66.875, -77.875, 4.6068985847957367e-23, nan 
-66.625, -77.875, 4.913346844119923e-23, nan 
-66.375, -77.875, 2.8841661946420116e-23, nan 
-66.125, -77.875, 1.5491404454456925e-23, nan 
-65.875, -77.875, 2.5864199098231233e-23, nan 
-65.625, -77.875, 3.8192536539291196e-23, nan 
-65.375, -77.875, 4.5068423922039483e-23, nan 
-65.125, -77.875, 4.6189667327791134e-23, nan 
-64.875, -77.875, 2.957945079645462e-23, nan 
-64.625, -77.875, 5.777514444193004e-23, nan 
-64.375, -77.875, 3.731475790167605e-23, nan 
-64.125, -77.875, 3.220062245570013e-23, nan 
-63.875, -77.875, 3.444752733066264e-23, nan 
-63.625, -77.875, 3.5794082392313514e-23, nan 
-63.375, -77.875, 6.125590940170636e-23, nan 
-63.125, -77.875, 5.304120665985578e-23, nan 
-62.875, -77.875, 3.9428362898290433e-23, nan 
-62.625, -77.875, 2.889008223746306e-23, nan 
-62.375, -77.875, 3.153954779617923e-23, nan 
-62.125, -77.875, 3.709943239988223e-23, nan 
-61.875, -77.875, 3.431757678126503e-23, nan 
-61.625, -77.875, 3.052972564120302e-23, nan 
-61.375, -77.875, 2.1404880764061382e-23, nan 
-61.125, -77.875, 1.070940532033916e-23, nan 
-60.875, -77.875, 2.399746488688362e-23, nan 
-60.625, -77.875, 3.260868460558514e-23, nan 
-60.375, -77.875, 3.358035416326245e-23, nan 
-60.125, -77.875, 3.651844419352086e-23, nan 
-59.875, -77.875, 4.687256433240945e-23, nan 
-59.625, -77.875, 4.16525503916625e-23, nan 
-59.375, -77.875, 1.8766244301807434e-23, nan 
-59.125, -77.875, 1.7850583732932067e-23, nan 
-58.875, -77.875, 1.4214852341554795e-23, nan 
-58.625, -77.875, 1.9110510047523022e-23, nan 
-58.375, -77.875, 1.5686115960762206e-23, nan 
-58.125, -77.875, 1.5898542742612315e-23, nan 
-57.875, -77.875, 1.4573870010505418e-23, nan 
-57.625, -77.875, 8.600714856965911e-24, nan 
-57.375, -77.875, 6.230106680516803e-24, nan 
-57.125, -77.875, 7.515908874275627e-24, nan 
-56.875, -77.875, 9.36491601107842e-24, nan 
-56.625, -77.875, 9.162723398896774e-24, nan 
-56.375, -77.875, 6.337724230956217e-24, nan 
-56.125, -77.875, 4.74845185203239e-24, nan 
-55.875, -77.875, 1.0145127244466982e-23, nan 
-55.625, -77.875, 8.857175843960932e-24, nan 
-55.375, -77.875, 4.527739636221265e-24, nan 
-55.125, -77.875, 3.0631253297151536e-24, nan 
-54.875, -77.875, 4.1438344678386786e-24, nan 
-54.625, -77.875, 6.839308851845329e-24, nan 
-54.375, -77.875, 4.3250575042797316e-24, nan 
-54.125, -77.875, 3.864090775927961e-24, nan 
-53.875, -77.875, 3.469485342288787e-24, nan 
-53.625, -77.875, 4.2769559116819436e-24, nan 
-53.375, -77.875, 8.445557936172956e-24, nan 
-53.125, -77.875, 5.944142601364438e-24, nan 
-52.875, -77.875, 8.533749100807042e-24, nan 
-52.625, -77.875, 8.911221348415601e-24, nan 
-52.375, -77.875, 1.0073413385471336e-23, nan 
-52.125, -77.875, 1.0283126190068221e-23, nan 
-51.875, -77.875, 8.97175133830433e-24, nan 
-51.625, -77.875, 8.870941010155481e-24, nan 
-51.375, -77.875, 1.0058453530216024e-23, nan 
-51.125, -77.875, 9.462636247544521e-24, nan 
-50.875, -77.875, 1.1681697190015386e-23, nan 
-50.625, -77.875, 1.5385514522770416e-23, nan 
-50.375, -77.875, 1.9782796378133106e-23, nan 
-50.125, -77.875, 1.8315748713922056e-23, nan 
-49.875, -77.875, 1.651189789745939e-23, nan 
-49.625, -77.875, 1.3422504730711762e-23, nan 
-49.375, -77.875, 1.2528957799068643e-23, nan 
-49.125, -77.875, 1.4325285106007882e-23, nan 
-48.875, -77.875, 1.3412933013932338e-23, nan 
-48.625, -77.875, 1.2985176893975386e-23, nan 
-48.375, -77.875, 1.0557012788482292e-23, nan 
-48.125, -77.875, 8.594723700667454e-24, nan 
-47.875, -77.875, 4.477936087791122e-24, nan 
-47.625, -77.875, 4.872382643933608e-24, nan 
-47.375, -77.875, 3.945030924010597e-24, nan 
-47.125, -77.875, 4.878646046416161e-24, nan 
-46.875, -77.875, 5.017825469297836e-24, nan 
-46.625, -77.875, 5.826456132450356e-24, nan 
-46.375, -77.875, 3.836985780332658e-24, nan 
-46.125, -77.875, 3.2395066629604822e-24, nan 
-45.875, -77.875, 4.244919521697196e-24, nan 
-45.625, -77.875, 4.899854629399602e-24, nan 
-45.375, -77.875, 5.108943118258193e-24, nan 
-45.125, -77.875, 3.7430351455498754e-24, nan 
-44.875, -77.875, 3.8134172942127945e-24, nan 
-44.625, -77.875, 5.277873142599953e-24, nan 
-44.375, -77.875, 6.5640422494163076e-24, nan 
-44.125, -77.875, 6.539769003437606e-24, nan 
-43.875, -77.875, 5.3383268549753926e-24, nan 
-43.625, -77.875, 4.731565677921674e-24, nan 
-43.375, -77.875, 6.312879540545211e-24, nan 
-43.125, -77.875, 7.18256089853531e-24, nan 
-42.875, -77.875, 6.4684124526372105e-24, nan 
-42.625, -77.875, 4.49783893578948e-24, nan 
-42.375, -77.875, 6.657949964745046e-24, nan 
-42.125, -77.875, 6.459844691270365e-24, nan 
-41.875, -77.875, 8.588945738171005e-24, nan 
-41.625, -77.875, 6.55524628357818e-24, nan 
-41.375, -77.875, 7.72383939067149e-24, nan 
-41.125, -77.875, 5.1166103993066024e-24, nan 
-40.875, -77.875, 4.836542251599798e-24, nan 
-40.625, -77.875, 6.328461848668729e-24, nan 
-40.375, -77.875, 6.1253093145292e-24, nan 
-40.125, -77.875, 5.282483341545482e-24, nan 
-39.875, -77.875, 4.678050211598948e-24, nan 
-39.625, -77.875, 3.8668869613295214e-24, nan 
-39.375, -77.875, 4.8338833432348156e-24, nan 
-39.125, -77.875, 3.705414032756796e-24, nan 
-38.875, -77.875, 3.917428426458237e-24, nan 
-38.625, -77.875, 4.845797740520098e-24, nan 
-38.375, -77.875, 5.5882986548516294e-24, nan 
-38.125, -77.875, 5.246163134084505e-24, nan 
-37.875, -77.875, 5.537925562052801e-24, nan 
-37.625, -77.875, 6.218313751290069e-24, nan 
-37.375, -77.875, 6.52415828929162e-24, nan 
-37.125, -77.875, 6.072174525259265e-24, nan 
-36.875, -77.875, 5.0241882627905145e-24, nan 
-36.625, -77.875, 5.7136740706270635e-24, nan 
-36.375, -77.875, 5.847770346484428e-24, nan 
-36.125, -77.875, 6.860605053248508e-24, nan 
-35.875, -77.875, 4.575518484018223e-24, nan 
-35.625, -77.875, 4.274668810729528e-24, nan 
-35.375, -77.875, 3.388222385961335e-24, nan 
-35.125, -77.875, 3.8800163086213135e-24, nan 
-34.875, -77.875, 5.494910772590416e-24, nan 
-34.625, -77.875, 2.6109761275799204e-24, nan 
-34.375, -77.875, 4.0336002861716036e-24, nan 
-34.125, -77.875, 5.589617490628762e-24, nan 
-33.875, -77.875, 6.056726953361386e-24, nan 
-33.625, -77.875, 4.509423060674802e-24, nan 
-33.375, -77.875, 1.841869741637883e-24, nan 
-33.125, -77.875, 6.050983731310485e-24, nan 
-32.875, -77.875, 1.173918399878886e-23, nan 
-32.625, -77.875, 1.1087033425875383e-23, nan 
-32.375, -77.875, 1.1108946281985418e-23, nan 
-32.125, -77.875, 3.2706647650275298e-24, nan 
-31.875, -77.875, 5.971356689894526e-24, nan 
-31.625, -77.875, 1.0428164037245637e-23, nan 
-31.375, -77.875, 1.2772168930199659e-23, nan 
-31.125, -77.875, 1.3321320402200782e-23, nan 
-30.875, -77.875, 1.0692559448609808e-23, nan 
-30.625, -77.875, 8.200390296904232e-24, nan 
-30.375, -77.875, 8.911839225177875e-24, nan 
-30.125, -77.875, 1.0365342803717615e-23, nan 
-29.875, -77.875, 1.133968318884424e-23, nan 
-29.625, -77.875, 9.93840413652951e-24, nan 
-29.375, -77.875, 8.067340609990664e-24, nan 
-29.125, -77.875, 4.377915612305803e-24, nan 
-28.875, -77.875, 3.6850744444667446e-24, nan 
-28.625, -77.875, 2.755842328570479e-24, nan 
-28.375, -77.875, 4.429505044078253e-24, nan 
-28.125, -77.875, 4.544686241205094e-24, nan 
-27.875, -77.875, 5.099188809815251e-24, nan 
-27.625, -77.875, 5.078676830133958e-24, nan 
-27.375, -77.875, 5.872054571998255e-24, nan 
-27.125, -77.875, 3.316436028786635e-24, nan 
-26.875, -77.875, 4.990248768766948e-24, nan 
-26.625, -77.875, 5.64811434233687e-24, nan 
-26.375, -77.875, 6.361044283851548e-24, nan 
-26.125, -77.875, 2.033847937967476e-24, nan 
-25.875, -77.875, 4.0378303938237764e-24, nan 
-25.625, -77.875, 4.75252754724492e-24, nan 
-25.375, -77.875, 3.6171807551290415e-24, nan 
-25.125, -77.875, 2.6679645105601597e-24, nan 
-24.875, -77.875, 3.415550072165788e-24, nan 
-24.625, -77.875, 2.7822539649074985e-24, nan 
-24.375, -77.875, 6.894309594653002e-24, nan 
-24.125, -77.875, 1.1114712423243054e-23, nan 
-23.875, -77.875, 1.2740422381089217e-23, nan 
-23.625, -77.875, 1.4023623980954912e-23, nan 
-23.375, -77.875, 1.1368446928995933e-23, nan 
-23.125, -77.875, 1.4294760766077355e-23, nan 
-22.875, -77.875, 7.257677697163925e-24, nan 
-22.625, -77.875, 1.3311714780140625e-23, nan 
-22.375, -77.875, 1.1057033321456068e-23, nan 
-22.125, -77.875, 1.2010952039975932e-23, nan 
-21.875, -77.875, 1.4543040822436348e-23, nan 
-21.625, -77.875, 1.5472098181456522e-23, nan 
-21.375, -77.875, 1.962099341394792e-23, nan 
-21.125, -77.875, 1.7956325748953503e-23, nan 
-20.875, -77.875, 2.1654959334943674e-23, nan 
-20.625, -77.875, 1.7140586975439304e-23, nan 
-20.375, -77.875, 1.4285761670838126e-23, nan 
-20.125, -77.875, 3.3607219851723585e-23, nan 
-19.875, -77.875, 2.0425963038229336e-23, nan 
-19.625, -77.875, 2.5294458060486016e-23, nan 
-19.375, -77.875, 2.7212830244296003e-23, nan 
-19.125, -77.875, 2.2303598775641656e-23, nan 
-18.875, -77.875, 9.426396536386363e-24, nan 
-18.625, -77.875, 1.9635328542030705e-23, nan 
-18.375, -77.875, 8.078041777667016e-24, nan 
-18.125, -77.875, 1.690148075162769e-23, nan 
-17.875, -77.875, 9.053594709886186e-24, nan 
-17.625, -77.875, 1.0506260496780731e-23, nan 
-17.375, -77.875, 4.50333265142661e-23, nan 
-17.125, -77.875, 4.304887399760089e-23, nan 
-16.875, -77.875, 5.658630017487204e-23, nan 
-16.625, -77.875, 6.773490605229168e-23, nan 
-16.375, -77.875, 6.925417545883591e-23, nan 
-16.125, -77.875, 3.696833359545451e-23, nan 
-15.875, -77.875, 2.0422187199789713e-23, nan 
-15.625, -77.875, 2.3727164073118767e-23, nan 
-15.375, -77.875, 2.012550914224536e-23, nan 
-15.125, -77.875, 4.738454456761366e-23, nan 
-14.875, -77.875, 6.864830838660344e-24, nan 
-14.625, -77.875, 3.857996252900964e-23, nan 
-14.375, -77.875, 5.943500057483524e-23, nan 
-14.125, -77.875, 3.189613535660394e-23, nan 
-13.875, -77.875, 1.1022119365884986e-23, nan 
-13.625, -77.875, 2.0257262950709478e-23, nan 
-13.375, -77.875, 2.3676971655409014e-23, nan 
-13.125, -77.875, 1.969181888087684e-23, nan 
-12.875, -77.875, 2.9572577744075847e-23, nan 
-12.625, -77.875, 3.552424341084135e-23, nan 
-12.375, -77.875, 2.3186319663168104e-23, nan 
-12.125, -77.875, 2.5858084113227118e-23, nan 
-11.875, -77.875, 2.1875755307245946e-23, nan 
-11.625, -77.875, 1.815554283511343e-23, nan 
-11.375, -77.875, 1.1429880348491983e-23, nan 
-11.125, -77.875, 1.9626352289739658e-23, nan 
-10.875, -77.875, 1.7736004773195256e-23, nan 
-10.625, -77.875, 9.873825374911406e-24, nan 
-10.375, -77.875, 7.92390615195394e-24, nan 
-10.125, -77.875, 1.283983476235925e-23, nan 
-9.875, -77.875, 2.643501090096712e-23, nan 
-9.625, -77.875, 3.4431602636889855e-23, nan 
-9.375, -77.875, 2.78634542577031e-23, nan 
-9.125, -77.875, 1.9667302174086023e-23, nan 
-8.875, -77.875, 2.1186142201561258e-23, nan 
-8.625, -77.875, 2.803096290970225e-23, nan 
-8.375, -77.875, 2.0234969959091365e-23, nan 
-8.125, -77.875, 9.923088316658182e-23, nan 
-7.875, -77.875, 1.2226739125293965e-22, nan 
-7.625, -77.875, 1.100272564036158e-22, nan 
-7.375, -77.875, 3.6471738747596997e-23, nan 
-7.125, -77.875, 1.721003349136413e-23, nan 
-6.875, -77.875, 2.0137711059144875e-22, nan 
-6.625, -77.875, 2.4240746045915813e-22, nan 
-6.375, -77.875, 2.1169540955049307e-22, nan 
-6.125, -77.875, 3.2589467062385044e-23, nan 
-5.875, -77.875, 2.842460205089874e-23, nan 
-5.625, -77.875, 1.031396645890953e-22, nan 
-5.375, -77.875, 1.120593180869307e-22, nan 
-5.125, -77.875, 9.616848560762026e-23, nan 
-4.875, -77.875, 3.438255255687988e-23, nan 
-4.625, -77.875, 4.075996914971517e-23, nan 
-4.375, -77.875, 3.683517570278114e-23, nan 
-4.125, -77.875, 5.603860119206646e-23, nan 
-3.875, -77.875, 6.94151855945536e-23, nan 
-3.625, -77.875, 6.818788256729084e-23, nan 
-3.375, -77.875, 6.168424963512388e-23, nan 
-3.125, -77.875, 5.65390325573044e-23, nan 
-2.875, -77.875, 6.689237098896231e-23, nan 
-2.625, -77.875, 7.989983781844279e-23, nan 
-2.375, -77.875, 8.203319500017051e-23, nan 
-2.125, -77.875, 8.120329634491283e-23, nan 
-1.875, -77.875, 1.1234618804210617e-22, nan 
-1.625, -77.875, 1.1672868102164954e-22, nan 
-1.375, -77.875, 1.0268095491238205e-22, nan 
-1.125, -77.875, 7.565298974089985e-23, nan 
-0.875, -77.875, 6.220019583533807e-23, nan 
-0.625, -77.875, 1.3030307563497862e-22, nan 
-0.375, -77.875, 1.38620009684475e-22, nan 
-0.125, -77.875, 8.737833025614333e-23, nan 
0.125, -77.875, 8.879955894724273e-23, nan 
0.375, -77.875, 4.8427025277628344e-23, nan 
0.625, -77.875, 1.2304179496224323e-22, nan 
0.875, -77.875, 1.6406750202975617e-22, nan 
1.125, -77.875, 6.535700496898996e-23, nan 
1.375, -77.875, 8.201414456046148e-23, nan 
1.625, -77.875, 3.4202250122970464e-23, nan 
1.875, -77.875, 5.714854412992968e-23, nan 
2.125, -77.875, 1.2210374905723363e-22, nan 
2.375, -77.875, 8.477449104042006e-23, nan 
2.625, -77.875, 5.82271446300941e-23, nan 
2.875, -77.875, 6.21355392355343e-23, nan 
3.125, -77.875, 5.500295971679947e-23, nan 
3.375, -77.875, 8.35444220873916e-23, nan 
3.625, -77.875, 1.0276725940800692e-22, nan 
3.875, -77.875, 5.575761288692297e-23, nan 
4.125, -77.875, 8.435209262425612e-23, nan 
4.375, -77.875, 4.9897809508758035e-23, nan 
4.625, -77.875, 4.8151762913050045e-23, nan 
4.875, -77.875, 6.167453175440666e-23, nan 
5.125, -77.875, 5.387998091681458e-23, nan 
5.375, -77.875, 6.475490657723326e-23, nan 
5.625, -77.875, 5.2894988319491274e-23, nan 
5.875, -77.875, 3.296125793807122e-23, nan 
6.125, -77.875, 6.371797666340583e-23, nan 
6.375, -77.875, 2.5754052017340898e-23, nan 
6.625, -77.875, 2.7711652410372207e-23, nan 
6.875, -77.875, 3.814211196712117e-23, nan 
7.125, -77.875, 2.8489727964911005e-23, nan 
7.375, -77.875, 7.032294610378611e-23, nan 
7.625, -77.875, 6.339625166584399e-23, nan 
7.875, -77.875, 5.146539950844401e-23, nan 
8.125, -77.875, 4.7995402744408235e-23, nan 
8.375, -77.875, 4.777349459318604e-23, nan 
8.625, -77.875, 7.272987292087352e-23, nan 
8.875, -77.875, 6.702035761714415e-23, nan 
9.125, -77.875, 5.97003338497228e-23, nan 
9.375, -77.875, 6.691122137414625e-23, nan 
9.625, -77.875, 6.923637101869461e-23, nan 
9.875, -77.875, 5.462733200579401e-23, nan 
10.125, -77.875, 6.82727507340801e-23, nan 
10.375, -77.875, 7.136346814740062e-23, nan 
10.625, -77.875, 7.834730330888632e-23, nan 
10.875, -77.875, 1.2182567720604127e-22, nan 
11.125, -77.875, 1.840877915456695e-22, nan 
11.375, -77.875, 2.3433016843785664e-22, nan 
11.625, -77.875, 1.3210336127766303e-22, nan 
11.875, -77.875, 3.097735229588739e-22, nan 
12.125, -77.875, 2.6571006161912663e-22, nan 
12.375, -77.875, 3.2800699381771854e-22, nan 
12.625, -77.875, 1.4158353254091854e-22, nan 
12.875, -77.875, 2.0601948688889456e-22, nan 
13.125, -77.875, 9.115444057575756e-23, nan 
13.375, -77.875, 1.109511518362451e-22, nan 
13.625, -77.875, 1.2745521683664147e-22, nan 
13.875, -77.875, 1.1419245108636595e-22, nan 
14.125, -77.875, 1.2138485598910244e-22, nan 
14.375, -77.875, 1.3442611344124602e-22, nan 
14.625, -77.875, 1.274617062379722e-22, nan 
-112.125, -77.625, 2.4065949134682536e-25, nan 
-111.875, -77.625, 1.791271003683736e-25, nan 
-111.625, -77.625, 1.1410355294500028e-25, nan 
-111.375, -77.625, 3.9606468873241137e-25, nan 
-111.125, -77.625, 4.489771394309971e-25, nan 
-110.875, -77.625, 3.6148642124345753e-25, nan 
-110.625, -77.625, 3.5730196785562563e-25, nan 
-110.375, -77.625, 3.8282141671078166e-25, nan 
-110.125, -77.625, 4.537322032749225e-25, nan 
-109.875, -77.625, 4.570367849488394e-25, nan 
-109.625, -77.625, 5.047599950921326e-25, nan 
-109.375, -77.625, 5.291322366927871e-25, nan 
-109.125, -77.625, 7.189929629753435e-25, nan 
-108.875, -77.625, 6.598788834448621e-25, nan 
-108.625, -77.625, 5.818381811146403e-25, nan 
-108.375, -77.625, 5.740831286035684e-25, nan 
-108.125, -77.625, 4.963924932732131e-25, nan 
-107.875, -77.625, 5.00382287551225e-25, nan 
-107.625, -77.625, 5.4899896363582645e-25, nan 
-107.375, -77.625, 7.0020407925082735e-25, nan 
-107.125, -77.625, 5.223576355024373e-25, nan 
-106.875, -77.625, 5.883765868475319e-25, nan 
-106.625, -77.625, 3.4655843316671237e-25, nan 
-106.375, -77.625, 3.6860731179418715e-25, nan 
-106.125, -77.625, 4.0923044391665654e-25, nan 
-105.875, -77.625, 3.339270514378201e-25, nan 
-105.625, -77.625, 2.3927558465133594e-25, nan 
-105.375, -77.625, 5.465614147715812e-25, nan 
-105.125, -77.625, 5.504562071504857e-25, nan 
-104.875, -77.625, 5.450667843212099e-25, nan 
-104.625, -77.625, 5.515110129858474e-25, nan 
-104.375, -77.625, 4.725530419051084e-25, nan 
-104.125, -77.625, 4.957853149693929e-25, nan 
-103.875, -77.625, 5.546127636387764e-25, nan 
-103.625, -77.625, 7.427063518921175e-25, nan 
-103.375, -77.625, 9.226351467579874e-25, nan 
-103.125, -77.625, 1.0430430979781705e-24, nan 
-102.875, -77.625, 1.015487741536499e-24, nan 
-102.625, -77.625, 8.882154881451025e-25, nan 
-102.375, -77.625, 7.844749553724461e-25, nan 
-102.125, -77.625, 5.338390922267654e-25, nan 
-101.875, -77.625, 6.064879716833035e-25, nan 
-101.625, -77.625, 5.697683875136799e-25, nan 
-101.375, -77.625, 5.417207866442929e-25, nan 
-101.125, -77.625, 6.75517021721262e-25, nan 
-100.875, -77.625, 7.499652783116552e-25, nan 
-100.625, -77.625, 1.0142246698070373e-24, nan 
-100.375, -77.625, 1.1475160377929804e-24, nan 
-100.125, -77.625, 9.723087212075585e-25, nan 
-99.875, -77.625, 9.180991179496681e-25, nan 
-99.625, -77.625, 1.1193819942566037e-24, nan 
-99.375, -77.625, 1.2055166907936656e-24, nan 
-99.125, -77.625, 2.435529160509569e-24, nan 
-98.875, -77.625, 1.9511117625694465e-24, nan 
-98.625, -77.625, 1.2785804623655394e-24, nan 
-98.375, -77.625, 1.1613081638549038e-24, nan 
-98.125, -77.625, 1.21940385269246e-24, nan 
-97.875, -77.625, 1.359420627603216e-24, nan 
-97.625, -77.625, 1.895196468112099e-24, nan 
-97.375, -77.625, 2.4406526740637387e-24, nan 
-97.125, -77.625, 2.5264474675246512e-24, nan 
-96.875, -77.625, 2.456424965329431e-24, nan 
-96.625, -77.625, 1.5048896801811301e-24, nan 
-96.375, -77.625, 1.8552146782264764e-24, nan 
-96.125, -77.625, 2.950461720067628e-24, nan 
-95.875, -77.625, 3.050348447032456e-24, nan 
-95.625, -77.625, 5.666963672432634e-24, nan 
-95.375, -77.625, 1.9340532793248768e-24, nan 
-95.125, -77.625, 2.3613479758177425e-24, nan 
-94.875, -77.625, 1.9226357862394848e-24, nan 
-94.625, -77.625, 2.8330676269623807e-24, nan 
-94.375, -77.625, 3.754999592619314e-24, nan 
-94.125, -77.625, 5.362537335698774e-24, nan 
-93.875, -77.625, 5.03586156882103e-24, nan 
-93.625, -77.625, 7.238238165732621e-24, nan 
-93.375, -77.625, 9.429001361174803e-24, nan 
-93.125, -77.625, 1.0187454630595326e-23, nan 
-92.875, -77.625, 1.334789961534094e-23, nan 
-92.625, -77.625, 1.0522628750762356e-23, nan 
-92.375, -77.625, 1.0333811646449847e-23, nan 
-92.125, -77.625, 1.0746926052575219e-23, nan 
-91.875, -77.625, 1.587097262972539e-23, nan 
-91.625, -77.625, 1.876627585114037e-23, nan 
-91.375, -77.625, 1.6391826410237898e-23, nan 
-91.125, -77.625, 1.1519816050280069e-23, nan 
-90.875, -77.625, 1.1229921531823365e-23, nan 
-90.625, -77.625, 1.4846681181441148e-23, nan 
-90.375, -77.625, 1.568662313187578e-23, nan 
-90.125, -77.625, 1.045100214918303e-23, nan 
-89.875, -77.625, 3.457770563075771e-24, nan 
-89.625, -77.625, 5.102583240205311e-24, nan 
-89.375, -77.625, 6.786784635976342e-24, nan 
-89.125, -77.625, 5.17525701865033e-24, nan 
-88.875, -77.625, 3.772698860498291e-24, nan 
-88.625, -77.625, 6.876982159199312e-24, nan 
-88.375, -77.625, 7.306956799031966e-24, nan 
-88.125, -77.625, 6.401052572119255e-24, nan 
-87.875, -77.625, 6.73880444920835e-24, nan 
-87.625, -77.625, 6.556642217163725e-24, nan 
-87.375, -77.625, 6.209329858815175e-24, nan 
-87.125, -77.625, 6.303700890164785e-24, nan 
-86.875, -77.625, 5.9780480619498054e-24, nan 
-86.625, -77.625, 5.952588459053287e-24, nan 
-86.375, -77.625, 7.144533710567278e-24, nan 
-86.125, -77.625, 7.940830249678536e-24, nan 
-85.875, -77.625, 1.6052689261260027e-23, nan 
-85.625, -77.625, 2.0255678931669237e-23, nan 
-85.375, -77.625, 2.2475395884190427e-23, nan 
-85.125, -77.625, 1.4647719084358688e-23, nan 
-84.875, -77.625, 1.4066151850273475e-23, nan 
-84.625, -77.625, 1.5698805465965777e-23, nan 
-84.375, -77.625, 9.877051136186355e-24, nan 
-84.125, -77.625, 8.524605046630507e-24, nan 
-83.875, -77.625, 1.0278548976521219e-23, nan 
-83.625, -77.625, 7.160429607184164e-24, nan 
-83.375, -77.625, 9.922342459876946e-24, nan 
-83.125, -77.625, 6.367281577011069e-24, nan 
-82.875, -77.625, 1.4294799993126664e-23, nan 
-82.625, -77.625, 1.406758119590251e-23, nan 
-82.375, -77.625, 1.284622231103134e-23, nan 
-82.125, -77.625, 7.92441981205897e-24, nan 
-81.875, -77.625, 5.542298573916785e-24, nan 
-81.625, -77.625, 3.3008252858076123e-24, nan 
-81.375, -77.625, 5.395950865145783e-24, nan 
-81.125, -77.625, 1.183533934850871e-23, nan 
-80.875, -77.625, 1.293521146367968e-23, nan 
-80.625, -77.625, 1.544987562741188e-23, nan 
-80.375, -77.625, 2.1281895721733317e-23, nan 
-80.125, -77.625, 2.2371110020510238e-23, nan 
-79.875, -77.625, 2.2096817541961642e-23, nan 
-79.625, -77.625, 2.4522781793603207e-23, nan 
-79.375, -77.625, 2.466840654025887e-23, nan 
-79.125, -77.625, 2.326807536910646e-23, nan 
-78.875, -77.625, 1.71316284659503e-23, nan 
-78.625, -77.625, 1.3868859185259812e-23, nan 
-78.375, -77.625, 1.7779431711130798e-23, nan 
-78.125, -77.625, 1.750010374700025e-23, nan 
-77.875, -77.625, 2.1971420996883536e-23, nan 
-77.625, -77.625, 1.4277851549498943e-23, nan 
-77.375, -77.625, 1.0730982591713442e-23, nan 
-77.125, -77.625, 1.2843299628150504e-23, nan 
-76.875, -77.625, 1.3324918417248298e-23, nan 
-76.625, -77.625, 1.5896846020735283e-23, nan 
-76.375, -77.625, 1.5719166812298448e-23, nan 
-76.125, -77.625, 1.4960309560112975e-23, nan 
-75.875, -77.625, 2.149724969347063e-23, nan 
-75.625, -77.625, 2.15222764518531e-23, nan 
-75.375, -77.625, 1.808144254499697e-23, nan 
-75.125, -77.625, 1.5411110411818797e-23, nan 
-74.875, -77.625, 1.6473740582822716e-23, nan 
-74.625, -77.625, 2.7923411682756156e-23, nan 
-74.375, -77.625, 2.3215915318055343e-23, nan 
-74.125, -77.625, 1.290962715153729e-23, nan 
-73.875, -77.625, 1.413406237103099e-23, nan 
-73.625, -77.625, 1.2564795403542407e-23, nan 
-73.375, -77.625, 6.912824455153123e-24, nan 
-73.125, -77.625, 1.871113115061919e-23, nan 
-72.875, -77.625, 2.99683326663551e-23, nan 
-72.625, -77.625, 3.084159111355462e-23, nan 
-72.375, -77.625, 2.916962632649604e-23, nan 
-72.125, -77.625, 3.65693817212157e-23, nan 
-71.875, -77.625, 2.9819563619398535e-23, nan 
-71.625, -77.625, 4.9986731061362524e-23, nan 
-71.375, -77.625, 5.106633682405139e-23, nan 
-71.125, -77.625, 4.0310784756186325e-23, nan 
-70.875, -77.625, 4.9793488022594617e-23, nan 
-70.625, -77.625, 2.691910993193565e-23, nan 
-70.375, -77.625, 2.880177672485137e-23, nan 
-70.125, -77.625, 3.35773869680461e-23, nan 
-69.875, -77.625, 2.4442804161727083e-23, nan 
-69.625, -77.625, 3.810944678180006e-23, nan 
-69.375, -77.625, 4.469911234829707e-23, nan 
-69.125, -77.625, 3.5753174342707105e-23, nan 
-68.875, -77.625, 2.666102843533708e-23, nan 
-68.625, -77.625, 3.0114846379859977e-23, nan 
-68.375, -77.625, 3.265955083663078e-23, nan 
-68.125, -77.625, 4.9730826779105594e-23, nan 
-67.875, -77.625, 4.958841671810149e-23, nan 
-67.625, -77.625, 3.342954780347546e-23, nan 
-67.375, -77.625, 1.2224147189910898e-23, nan 
-67.125, -77.625, 6.277507505963788e-24, nan 
-66.875, -77.625, 3.6136947153591895e-23, nan 
-66.625, -77.625, 3.934142787558553e-23, nan 
-66.375, -77.625, 2.9600457235338385e-23, nan 
-66.125, -77.625, 2.863742985699916e-23, nan 
-65.875, -77.625, 3.3698767489858116e-23, nan 
-65.625, -77.625, 4.843782956009458e-23, nan 
-65.375, -77.625, 3.9447905173112076e-23, nan 
-65.125, -77.625, 2.370299404907451e-23, nan 
-64.875, -77.625, 3.928519899851321e-23, nan 
-64.625, -77.625, 5.1555240151541853e-23, nan 
-64.375, -77.625, 6.619148270499007e-23, nan 
-64.125, -77.625, 4.897812730758687e-23, nan 
-63.875, -77.625, 3.937598632250486e-23, nan 
-63.625, -77.625, 2.8919506989247934e-23, nan 
-63.375, -77.625, 4.554702676362766e-23, nan 
-63.125, -77.625, 5.687319263593199e-23, nan 
-62.875, -77.625, 4.3280349119806484e-23, nan 
-62.625, -77.625, 2.384008825666211e-23, nan 
-62.375, -77.625, 2.724091666862469e-23, nan 
-62.125, -77.625, 1.2250796101482274e-23, nan 
-61.875, -77.625, 2.008644466902233e-23, nan 
-61.625, -77.625, 2.731395622585727e-23, nan 
-61.375, -77.625, 3.370667727766632e-23, nan 
-61.125, -77.625, 3.906779419165195e-23, nan 
-60.875, -77.625, 3.014092418998329e-23, nan 
-60.625, -77.625, 1.370265077473471e-23, nan 
-60.375, -77.625, 1.3429324104901554e-23, nan 
-60.125, -77.625, 3.257159483146051e-23, nan 
-59.875, -77.625, 5.219877717060225e-23, nan 
-59.625, -77.625, 4.8300699857886176e-23, nan 
-59.375, -77.625, 1.4844264592275354e-23, nan 
-59.125, -77.625, 1.7017035218017444e-23, nan 
-58.875, -77.625, 1.1112380605973914e-23, nan 
-58.625, -77.625, 1.5482226741316974e-23, nan 
-58.375, -77.625, 1.510971613213427e-23, nan 
-58.125, -77.625, 8.225753511519694e-24, nan 
-57.875, -77.625, 6.485528542700389e-24, nan 
-57.625, -77.625, 7.023404965928583e-24, nan 
-57.375, -77.625, 7.259667644451462e-24, nan 
-57.125, -77.625, 6.908125599216747e-24, nan 
-56.875, -77.625, 7.536460539015106e-24, nan 
-56.625, -77.625, 8.842815094086703e-24, nan 
-56.375, -77.625, 7.746892112969344e-24, nan 
-56.125, -77.625, 8.20825989235137e-24, nan 
-55.875, -77.625, 9.592072907255788e-24, nan 
-55.625, -77.625, 8.04069439795649e-24, nan 
-55.375, -77.625, 5.626107389603479e-24, nan 
-55.125, -77.625, 4.3331881460874786e-24, nan 
-54.875, -77.625, 1.0440056474270278e-23, nan 
-54.625, -77.625, 1.9230032391077337e-23, nan 
-54.375, -77.625, 8.354569452133916e-24, nan 
-54.125, -77.625, 8.210025420459407e-24, nan 
-53.875, -77.625, 8.272221341198291e-24, nan 
-53.625, -77.625, 9.607858716826068e-24, nan 
-53.375, -77.625, 8.257929531153935e-24, nan 
-53.125, -77.625, 1.0150677013002008e-23, nan 
-52.875, -77.625, 1.1632375043272996e-23, nan 
-52.625, -77.625, 1.366201886680089e-23, nan 
-52.375, -77.625, 1.3500042886494798e-23, nan 
-52.125, -77.625, 1.4023342845806877e-23, nan 
-51.875, -77.625, 1.5752007667946456e-23, nan 
-51.625, -77.625, 1.624946776395453e-23, nan 
-51.375, -77.625, 1.558681930594444e-23, nan 
-51.125, -77.625, 1.4890438072789713e-23, nan 
-50.875, -77.625, 1.560476405553811e-23, nan 
-50.625, -77.625, 1.6667339896600224e-23, nan 
-50.375, -77.625, 1.9184858644191597e-23, nan 
-50.125, -77.625, 1.7981902067868853e-23, nan 
-49.875, -77.625, 1.5862838617670555e-23, nan 
-49.625, -77.625, 1.2203413931801296e-23, nan 
-49.375, -77.625, 6.1251077369953214e-24, nan 
-49.125, -77.625, 2.35614987972599e-24, nan 
-48.875, -77.625, 1.5250425471852357e-24, nan 
-48.625, -77.625, 2.9253916322704115e-24, nan 
-48.375, -77.625, 2.420532559403728e-24, nan 
-48.125, -77.625, 2.7576115261771135e-24, nan 
-47.875, -77.625, 4.043661017097297e-24, nan 
-47.625, -77.625, 3.21586249191588e-24, nan 
-47.375, -77.625, 2.780926538075485e-24, nan 
-47.125, -77.625, 2.7283619208229345e-24, nan 
-46.875, -77.625, 2.782122751833276e-24, nan 
-46.625, -77.625, 4.8878585976583386e-24, nan 
-46.375, -77.625, 3.0566859319905876e-24, nan 
-46.125, -77.625, 1.86661734455104e-24, nan 
-45.875, -77.625, 1.7004523912089926e-24, nan 
-45.625, -77.625, 2.8768024275725027e-24, nan 
-45.375, -77.625, 3.341912871778147e-24, nan 
-45.125, -77.625, 3.9130583381926675e-24, nan 
-44.875, -77.625, 4.9708895023747136e-24, nan 
-44.625, -77.625, 4.137253426028832e-24, nan 
-44.375, -77.625, 2.9378800252043197e-24, nan 
-44.125, -77.625, 3.964637765773122e-24, nan 
-43.875, -77.625, 5.138798053981063e-24, nan 
-43.625, -77.625, 5.4888846076681675e-24, nan 
-43.375, -77.625, 6.518728735775419e-24, nan 
-43.125, -77.625, 6.491121989704553e-24, nan 
-42.875, -77.625, 5.663853056419374e-24, nan 
-42.625, -77.625, 4.6778715962707604e-24, nan 
-42.375, -77.625, 7.281586889060693e-24, nan 
-42.125, -77.625, 7.289884195935395e-24, nan 
-41.875, -77.625, 1.0240707097488291e-23, nan 
-41.625, -77.625, 6.740279068451322e-24, nan 
-41.375, -77.625, 9.169646857553187e-24, nan 
-41.125, -77.625, 4.391064794290001e-24, nan 
-40.875, -77.625, 5.886605691157981e-24, nan 
-40.625, -77.625, 5.3302588862124906e-24, nan 
-40.375, -77.625, 6.2917238870920774e-24, nan 
-40.125, -77.625, 6.714887440264345e-24, nan 
-39.875, -77.625, 3.86563212436562e-24, nan 
-39.625, -77.625, 5.162534036518776e-24, nan 
-39.375, -77.625, 4.444724519217655e-24, nan 
-39.125, -77.625, 4.119265861288829e-24, nan 
-38.875, -77.625, 4.402654910516278e-24, nan 
-38.625, -77.625, 6.61617006673921e-24, nan 
-38.375, -77.625, 5.8463136239232344e-24, nan 
-38.125, -77.625, 5.4213125231579434e-24, nan 
-37.875, -77.625, 4.793432159274308e-24, nan 
-37.625, -77.625, 6.498991938420991e-24, nan 
-37.375, -77.625, 5.442194404070861e-24, nan 
-37.125, -77.625, 3.757752418377937e-24, nan 
-36.875, -77.625, 3.370649823522193e-24, nan 
-36.625, -77.625, 2.25766158178222e-24, nan 
-36.375, -77.625, 4.564237682256486e-24, nan 
-36.125, -77.625, 3.38629010016178e-24, nan 
-35.875, -77.625, 4.092398216972491e-24, nan 
-35.625, -77.625, 4.9395538183692375e-24, nan 
-35.375, -77.625, 5.223702298000115e-24, nan 
-35.125, -77.625, 3.985484588331259e-24, nan 
-34.875, -77.625, 4.3826095884545014e-24, nan 
-34.625, -77.625, 6.647020264677926e-24, nan 
-34.375, -77.625, 1.0423026384178005e-24, nan 
-34.125, -77.625, 7.05617286457275e-24, nan 
-33.875, -77.625, 7.047708575839274e-24, nan 
-33.625, -77.625, 5.3011236570999115e-24, nan 
-33.375, -77.625, 6.483072529718361e-24, nan 
-33.125, -77.625, 2.3466088648709694e-24, nan 
-32.875, -77.625, 6.1540948343202726e-24, nan 
-32.625, -77.625, 1.0363596748479522e-23, nan 
-32.375, -77.625, 1.087877237783444e-23, nan 
-32.125, -77.625, 5.597637088872747e-24, nan 
-31.875, -77.625, 3.2794241705639843e-24, nan 
-31.625, -77.625, 7.453104489623821e-24, nan 
-31.375, -77.625, 8.656939846761635e-24, nan 
-31.125, -77.625, 1.0573915679014177e-23, nan 
-30.875, -77.625, 7.02436041331634e-24, nan 
-30.625, -77.625, 3.501776272013144e-24, nan 
-30.375, -77.625, 5.531050392299511e-24, nan 
-30.125, -77.625, 6.3951403233724174e-24, nan 
-29.875, -77.625, 8.37082036117052e-24, nan 
-29.625, -77.625, 8.304155715621979e-24, nan 
-29.375, -77.625, 7.21196499452179e-24, nan 
-29.125, -77.625, 7.475361781773456e-24, nan 
-28.875, -77.625, 8.574748440270366e-24, nan 
-28.625, -77.625, 8.747439785080706e-24, nan 
-28.375, -77.625, 8.945557202991198e-24, nan 
-28.125, -77.625, 7.81238166837423e-24, nan 
-27.875, -77.625, 6.907212882493303e-24, nan 
-27.625, -77.625, 6.149092385518299e-24, nan 
-27.375, -77.625, 5.7235749863630846e-24, nan 
-27.125, -77.625, 4.6540993378868534e-24, nan 
-26.875, -77.625, 6.94951760342208e-24, nan 
-26.625, -77.625, 7.372214455694886e-24, nan 
-26.375, -77.625, 6.964464334213316e-24, nan 
-26.125, -77.625, 7.710814379445902e-24, nan 
-25.875, -77.625, 7.160378919334949e-24, nan 
-25.625, -77.625, 8.676371221984255e-24, nan 
-25.375, -77.625, 8.606588314807802e-24, nan 
-25.125, -77.625, 3.802916682078166e-24, nan 
-24.875, -77.625, 5.7914287268107056e-24, nan 
-24.625, -77.625, 6.879756031015926e-24, nan 
-24.375, -77.625, 7.131512638952507e-24, nan 
-24.125, -77.625, 8.156825996381625e-24, nan 
-23.875, -77.625, 7.501067349025487e-24, nan 
-23.625, -77.625, 6.495857411615442e-24, nan 
-23.375, -77.625, 7.198444466886386e-24, nan 
-23.125, -77.625, 4.856902023857039e-24, nan 
-22.875, -77.625, 4.321920123331822e-24, nan 
-22.625, -77.625, 6.224450275379163e-24, nan 
-22.375, -77.625, 1.0540082366925178e-23, nan 
-22.125, -77.625, 1.0550496790238373e-23, nan 
-21.875, -77.625, 1.1719357627155034e-23, nan 
-21.625, -77.625, 1.275459567485005e-23, nan 
-21.375, -77.625, 5.075613220270224e-24, nan 
-21.125, -77.625, 5.8937090251681986e-24, nan 
-20.875, -77.625, 8.473561135818656e-24, nan 
-20.625, -77.625, 8.885614862200043e-24, nan 
-20.375, -77.625, 1.0915971288218847e-23, nan 
-20.125, -77.625, 1.2125516435352881e-23, nan 
-19.875, -77.625, 1.89816646048455e-23, nan 
-19.625, -77.625, 1.1529303634696248e-23, nan 
-19.375, -77.625, 7.057454413723326e-24, nan 
-19.125, -77.625, 8.146699780159104e-24, nan 
-18.875, -77.625, 1.5328261515611048e-23, nan 
-18.625, -77.625, 1.9181222811462185e-23, nan 
-18.375, -77.625, 1.3716149337950044e-23, nan 
-18.125, -77.625, 9.580190027871901e-24, nan 
-17.875, -77.625, 1.675077382723303e-23, nan 
-17.625, -77.625, 2.0043979983708794e-23, nan 
-17.375, -77.625, 2.5367372584099297e-23, nan 
-17.125, -77.625, 2.686123865323983e-23, nan 
-16.875, -77.625, 3.0434454501375444e-23, nan 
-16.625, -77.625, 4.5024866406906677e-23, nan 
-16.375, -77.625, 2.3832352652383982e-23, nan 
-16.125, -77.625, 5.442512413457196e-23, nan 
-15.875, -77.625, 5.597260805238438e-23, nan 
-15.625, -77.625, 6.406127228302187e-23, nan 
-15.375, -77.625, 6.262641979133272e-23, nan 
-15.125, -77.625, 5.633611941492803e-23, nan 
-14.875, -77.625, 6.590679512935537e-23, nan 
-14.625, -77.625, 6.0386436609054e-23, nan 
-14.375, -77.625, 4.5637990598379585e-23, nan 
-14.125, -77.625, 5.629867594805958e-23, nan 
-13.875, -77.625, 6.471894428169224e-23, nan 
-13.625, -77.625, 5.347240590419436e-23, nan 
-13.375, -77.625, 5.294126367248329e-23, nan 
-13.125, -77.625, 5.980146707471513e-23, nan 
-12.875, -77.625, 5.0842307426246124e-23, nan 
-12.625, -77.625, 5.764110709744632e-23, nan 
-12.375, -77.625, 3.5197483947579086e-23, nan 
-12.125, -77.625, 3.4268712590324955e-23, nan 
-11.875, -77.625, 3.390618923841744e-23, nan 
-11.625, -77.625, 3.1299075279424905e-23, nan 
-11.375, -77.625, 5.821628540780485e-23, nan 
-11.125, -77.625, 2.7323034597807723e-23, nan 
-10.875, -77.625, 3.146733022026161e-23, nan 
-10.625, -77.625, 2.838538563208322e-23, nan 
-10.375, -77.625, 2.48930783497651e-23, nan 
-10.125, -77.625, 2.391808943771879e-23, nan 
-9.875, -77.625, 1.9749697090735002e-23, nan 
-9.625, -77.625, 1.7332085937111688e-23, nan 
-9.375, -77.625, 1.6208029401282614e-23, nan 
-9.125, -77.625, 2.5229354744179094e-23, nan 
-8.875, -77.625, 2.719783930340335e-23, nan 
-8.625, -77.625, 2.1919687548973812e-23, nan 
-8.375, -77.625, 1.4871956309385354e-23, nan 
-8.125, -77.625, 2.0062919767246968e-23, nan 
-7.875, -77.625, 2.786664775833622e-23, nan 
-7.625, -77.625, 3.000832327544634e-23, nan 
-7.375, -77.625, 3.022917884180778e-23, nan 
-7.125, -77.625, 1.6731120866197607e-23, nan 
-6.875, -77.625, 1.0383772666783162e-22, nan 
-6.625, -77.625, 1.3669351195026942e-22, nan 
-6.375, -77.625, 1.1918422117198335e-22, nan 
-6.125, -77.625, 1.735541483586513e-23, nan 
-5.875, -77.625, 2.738155136679908e-23, nan 
-5.625, -77.625, 1.7398880962721025e-23, nan 
-5.375, -77.625, 2.1525168059577562e-23, nan 
-5.125, -77.625, 2.9169754659724033e-23, nan 
-4.875, -77.625, 4.103662790516862e-23, nan 
-4.625, -77.625, 3.441196136230397e-23, nan 
-4.375, -77.625, 4.036101670932166e-23, nan 
-4.125, -77.625, 4.5930895580696167e-23, nan 
-3.875, -77.625, 4.7926858986004676e-23, nan 
-3.625, -77.625, 5.07204331001768e-23, nan 
-3.375, -77.625, 4.827475813890011e-23, nan 
-3.125, -77.625, 4.545003575634643e-23, nan 
-2.875, -77.625, 6.168819819221489e-23, nan 
-2.625, -77.625, 7.254957139526342e-23, nan 
-2.375, -77.625, 8.560538120308737e-23, nan 
-2.125, -77.625, 7.8179885005267e-23, nan 
-1.875, -77.625, 8.471006742371074e-23, nan 
-1.625, -77.625, 9.115822930137063e-23, nan 
-1.375, -77.625, 9.040021269192656e-23, nan 
-1.125, -77.625, 7.557792074537195e-23, nan 
-0.875, -77.625, 7.121309814528522e-23, nan 
-0.625, -77.625, 1.115732892292842e-22, nan 
-0.375, -77.625, 1.1994870340621022e-22, nan 
-0.125, -77.625, 1.2597196823381493e-22, nan 
0.125, -77.625, 1.0774936639807967e-22, nan 
0.375, -77.625, 7.765419506354853e-23, nan 
0.625, -77.625, 9.233344293628437e-23, nan 
0.875, -77.625, 1.0584778316030875e-22, nan 
1.125, -77.625, 7.171798449234385e-23, nan 
1.375, -77.625, 7.488997343409616e-23, nan 
1.625, -77.625, 6.431687501826574e-23, nan 
1.875, -77.625, 6.098129581208823e-23, nan 
2.125, -77.625, 7.921110961386251e-23, nan 
2.375, -77.625, 1.0421600225082344e-22, nan 
2.625, -77.625, 1.2041342455697776e-22, nan 
2.875, -77.625, 1.152943441244843e-22, nan 
3.125, -77.625, 8.075323425195954e-23, nan 
3.375, -77.625, 6.329671002096907e-23, nan 
3.625, -77.625, 8.663603496170328e-23, nan 
3.875, -77.625, 6.351085648367452e-23, nan 
4.125, -77.625, 1.0566896462229909e-22, nan 
4.375, -77.625, 7.212376620192471e-23, nan 
4.625, -77.625, 7.968904290644873e-23, nan 
4.875, -77.625, 8.221803091854218e-23, nan 
5.125, -77.625, 8.107019846333818e-23, nan 
5.375, -77.625, 1.0127502883704252e-22, nan 
5.625, -77.625, 1.061461905918638e-22, nan 
5.875, -77.625, 1.2137210253640478e-22, nan 
6.125, -77.625, 1.2762244287132883e-22, nan 
6.375, -77.625, 5.645877345672617e-23, nan 
6.625, -77.625, 1.8298485366927045e-23, nan 
6.875, -77.625, 3.5650309374577955e-23, nan 
7.125, -77.625, 3.8480767374835337e-23, nan 
7.375, -77.625, 4.46670698306347e-23, nan 
7.625, -77.625, 6.085933694850825e-23, nan 
7.875, -77.625, 9.455139898059049e-23, nan 
8.125, -77.625, 8.978898526479216e-23, nan 
8.375, -77.625, 7.118924239584686e-23, nan 
8.625, -77.625, 7.27010028261109e-23, nan 
8.875, -77.625, 8.557944549368314e-23, nan 
9.125, -77.625, 9.05037658494822e-23, nan 
9.375, -77.625, 1.088616017835564e-22, nan 
9.625, -77.625, 1.544293264191098e-22, nan 
9.875, -77.625, 2.1721613569922845e-22, nan 
10.125, -77.625, 2.6046257348725513e-22, nan 
10.375, -77.625, 1.5458371497253388e-22, nan 
10.625, -77.625, 2.8887699010676164e-22, nan 
10.875, -77.625, 2.499079173260219e-22, nan 
11.125, -77.625, 3.397620595560582e-22, nan 
11.375, -77.625, 4.3094802012064e-22, nan 
11.625, -77.625, 1.937876842883925e-22, nan 
11.875, -77.625, 5.382087178180644e-22, nan 
12.125, -77.625, 4.015697911711784e-22, nan 
12.375, -77.625, 4.973747642801436e-22, nan 
12.625, -77.625, 2.7278911468741565e-22, nan 
12.875, -77.625, 3.174497646431561e-22, nan 
13.125, -77.625, 3.654722667449793e-22, nan 
13.375, -77.625, 3.0350750432632065e-22, nan 
13.625, -77.625, 3.8563644270890184e-22, nan 
13.875, -77.625, 3.0434245850762017e-22, nan 
14.125, -77.625, 3.2080796652923643e-22, nan 
14.375, -77.625, 2.2803250621025617e-22, nan 
14.625, -77.625, 2.368749690328413e-22, nan 
-108.375, -77.375, 6.218155976871003e-25, nan 
-108.125, -77.375, 6.867863662916605e-25, nan 
-107.875, -77.375, 6.676096128939067e-25, nan 
-107.625, -77.375, 5.929252172220478e-25, nan 
-107.375, -77.375, 6.674878859934762e-25, nan 
-107.125, -77.375, 6.772606169552122e-25, nan 
-106.875, -77.375, 6.406415809392437e-25, nan 
-106.625, -77.375, 7.276960482186511e-25, nan 
-106.375, -77.375, 5.101743579176286e-25, nan 
-106.125, -77.375, 6.879866163798424e-25, nan 
-105.875, -77.375, 5.0391827897295115e-25, nan 
-105.625, -77.375, 6.499552547195638e-25, nan 
-105.375, -77.375, 5.432223717848044e-25, nan 
-105.125, -77.375, 1.0708791838640097e-24, nan 
-104.875, -77.375, 1.0643504242213306e-24, nan 
-104.625, -77.375, 1.3879889536071468e-24, nan 
-104.375, -77.375, 1.387410572139124e-24, nan 
-104.125, -77.375, 1.2614540712750776e-24, nan 
-103.875, -77.375, 1.2678401717939985e-24, nan 
-103.625, -77.375, 1.0037013121731453e-24, nan 
-103.375, -77.375, 7.056220443835633e-25, nan 
-103.125, -77.375, 3.5320603263671956e-25, nan 
-102.875, -77.375, 2.6875922710182657e-25, nan 
-102.625, -77.375, 3.890537671359589e-25, nan 
-102.375, -77.375, 3.6164172596057004e-25, nan 
-102.125, -77.375, 4.2105812538777695e-25, nan 
-101.875, -77.375, 3.5022128987329946e-25, nan 
-101.625, -77.375, 3.2201874201226293e-25, nan 
-101.375, -77.375, 2.555836633420019e-25, nan 
-101.125, -77.375, 1.5391203359584083e-25, nan 
-100.875, -77.375, 3.9397961085886273e-25, nan 
-100.625, -77.375, 5.687481877352945e-25, nan 
-100.375, -77.375, 8.277313954982186e-25, nan 
-100.125, -77.375, 8.589898905469757e-25, nan 
-99.875, -77.375, 9.682280422402982e-25, nan 
-99.625, -77.375, 8.690358345932424e-25, nan 
-99.375, -77.375, 8.201712298910668e-25, nan 
-99.125, -77.375, 1.039988448201688e-24, nan 
-98.875, -77.375, 9.628209530420824e-25, nan 
-98.625, -77.375, 1.2526855123390492e-24, nan 
-98.375, -77.375, 1.4298197031794179e-24, nan 
-98.125, -77.375, 1.6161841597331491e-24, nan 
-97.875, -77.375, 1.9986946871510877e-24, nan 
-97.625, -77.375, 1.9350380264091085e-24, nan 
-97.375, -77.375, 1.4343836249377725e-24, nan 
-97.125, -77.375, 1.8018836223172455e-24, nan 
-96.875, -77.375, 2.132015958340598e-24, nan 
-96.625, -77.375, 2.1162189959093293e-24, nan 
-96.375, -77.375, 2.2656361666465013e-24, nan 
-96.125, -77.375, 2.3525048534892337e-24, nan 
-95.875, -77.375, 2.732227272764974e-24, nan 
-95.625, -77.375, 2.64244255638294e-24, nan 
-95.375, -77.375, 1.907179832255284e-24, nan 
-95.125, -77.375, 1.403987027651245e-24, nan 
-94.875, -77.375, 2.5993171565476687e-24, nan 
-94.625, -77.375, 4.648762304614124e-24, nan 
-94.375, -77.375, 2.537004569299102e-24, nan 
-94.125, -77.375, 6.009996661856848e-24, nan 
-93.875, -77.375, 6.03921774471157e-24, nan 
-93.625, -77.375, 7.088875811863075e-24, nan 
-93.375, -77.375, 9.177444188026342e-24, nan 
-93.125, -77.375, 9.952841063015511e-24, nan 
-92.875, -77.375, 1.1253939359767956e-23, nan 
-92.625, -77.375, 5.2722177693939226e-24, nan 
-92.375, -77.375, 1.0823936837071271e-23, nan 
-92.125, -77.375, 1.5109293207720525e-23, nan 
-91.875, -77.375, 1.8598663097147734e-23, nan 
-91.625, -77.375, 1.6457256155213837e-23, nan 
-91.375, -77.375, 9.15894921387869e-24, nan 
-91.125, -77.375, 7.083008422256871e-24, nan 
-90.875, -77.375, 1.1673063713487666e-23, nan 
-90.625, -77.375, 1.4826219133069474e-23, nan 
-90.375, -77.375, 1.097392844297414e-23, nan 
-90.125, -77.375, 3.867889887553789e-24, nan 
-89.875, -77.375, 5.899376861437839e-24, nan 
-89.625, -77.375, 6.436684954873833e-24, nan 
-89.375, -77.375, 5.53476339273355e-24, nan 
-89.125, -77.375, 4.209934436702045e-24, nan 
-88.875, -77.375, 4.9033143882930064e-24, nan 
-88.625, -77.375, 7.084257856799294e-24, nan 
-88.375, -77.375, 8.51341730699008e-24, nan 
-88.125, -77.375, 7.564798822010648e-24, nan 
-87.875, -77.375, 8.005070810102557e-24, nan 
-87.625, -77.375, 7.821402111021787e-24, nan 
-87.375, -77.375, 6.261104199295077e-24, nan 
-87.125, -77.375, 1.2827462525140277e-23, nan 
-86.875, -77.375, 1.897629913073254e-23, nan 
-86.625, -77.375, 2.2084824355507925e-23, nan 
-86.375, -77.375, 1.6237517277928045e-23, nan 
-86.125, -77.375, 1.0535247984351447e-23, nan 
-85.875, -77.375, 1.9045875889934665e-23, nan 
-85.625, -77.375, 3.04877056591962e-23, nan 
-85.375, -77.375, 3.616858991904052e-23, nan 
-85.125, -77.375, 2.300831502417059e-23, nan 
-84.875, -77.375, 1.8502265861810402e-23, nan 
-84.625, -77.375, 1.2777281212543376e-23, nan 
-84.375, -77.375, 1.3736336204773804e-23, nan 
-84.125, -77.375, 1.907433871096708e-23, nan 
-83.875, -77.375, 1.6289378467714788e-23, nan 
-83.625, -77.375, 1.5705209521735647e-23, nan 
-83.375, -77.375, 1.2904987357860013e-23, nan 
-83.125, -77.375, 9.054247883071569e-24, nan 
-82.875, -77.375, 2.187590792732403e-23, nan 
-82.625, -77.375, 2.1998542913567422e-23, nan 
-82.375, -77.375, 1.8945498388186274e-23, nan 
-82.125, -77.375, 5.6044697590934215e-24, nan 
-81.875, -77.375, 1.0403580188735717e-23, nan 
-81.625, -77.375, 1.828362661125899e-23, nan 
-81.375, -77.375, 2.073251633130432e-23, nan 
-81.125, -77.375, 1.984541620783564e-23, nan 
-80.875, -77.375, 2.314558126102034e-23, nan 
-80.625, -77.375, 2.5997202246582518e-23, nan 
-80.375, -77.375, 2.736214729844633e-23, nan 
-80.125, -77.375, 2.5887352719455263e-23, nan 
-79.875, -77.375, 2.640585665815364e-23, nan 
-79.625, -77.375, 4.0025659814614826e-23, nan 
-79.375, -77.375, 3.835552416089451e-23, nan 
-79.125, -77.375, 2.9000695215857687e-23, nan 
-78.875, -77.375, 7.701532548157344e-24, nan 
-78.625, -77.375, 9.707928790457593e-24, nan 
-78.375, -77.375, 2.351402163917113e-23, nan 
-78.125, -77.375, 2.783330416029908e-23, nan 
-77.875, -77.375, 2.5894146537808035e-23, nan 
-77.625, -77.375, 1.371881359254943e-23, nan 
-77.375, -77.375, 8.385378620532992e-24, nan 
-77.125, -77.375, 1.3008040786969619e-23, nan 
-76.875, -77.375, 1.592618250500667e-23, nan 
-76.625, -77.375, 1.1701416549477862e-23, nan 
-76.375, -77.375, 1.7671948927900376e-23, nan 
-76.125, -77.375, 1.1553510260188064e-23, nan 
-75.875, -77.375, 1.0689497132689611e-23, nan 
-75.625, -77.375, 1.114546849101375e-23, nan 
-75.375, -77.375, 1.525295148917808e-23, nan 
-75.125, -77.375, 1.957843586532546e-23, nan 
-74.875, -77.375, 7.33189150454482e-24, nan 
-74.625, -77.375, 1.8444365103848804e-23, nan 
-74.375, -77.375, 2.5401398823074757e-23, nan 
-74.125, -77.375, 2.294877870784306e-23, nan 
-73.875, -77.375, 2.55325118885691e-23, nan 
-73.625, -77.375, 1.1185204002005487e-23, nan 
-73.375, -77.375, 2.670032691173961e-23, nan 
-73.125, -77.375, 1.7445971227342366e-23, nan 
-72.875, -77.375, 1.4704947743430214e-23, nan 
-72.625, -77.375, 2.2744013956083222e-23, nan 
-72.375, -77.375, 1.175683962307124e-23, nan 
-72.125, -77.375, 1.491039275791861e-23, nan 
-71.875, -77.375, 2.3479105430254046e-23, nan 
-71.625, -77.375, 3.1636479593503024e-23, nan 
-71.375, -77.375, 2.962947718050786e-23, nan 
-71.125, -77.375, 2.5246772595254857e-23, nan 
-70.875, -77.375, 3.214097142790562e-23, nan 
-70.625, -77.375, 2.221428516754201e-23, nan 
-70.375, -77.375, 6.4064469094485126e-24, nan 
-70.125, -77.375, 8.037094715639685e-24, nan 
-69.875, -77.375, 1.0674403577018471e-23, nan 
-69.625, -77.375, 2.844857842542338e-23, nan 
-69.375, -77.375, 3.8414395125709035e-23, nan 
-69.125, -77.375, 2.7952399786625193e-23, nan 
-68.875, -77.375, 1.415877857594825e-23, nan 
-68.625, -77.375, 1.5341327218655367e-23, nan 
-68.375, -77.375, 2.595480713384967e-23, nan 
-68.125, -77.375, 4.5520312967410603e-23, nan 
-67.875, -77.375, 4.2522829751363726e-23, nan 
-67.625, -77.375, 2.6855025258308543e-23, nan 
-67.375, -77.375, 1.92903057148251e-23, nan 
-67.125, -77.375, 1.3053805360552017e-23, nan 
-66.875, -77.375, 3.103630434201278e-23, nan 
-66.625, -77.375, 3.337525722825273e-23, nan 
-66.375, -77.375, 2.4718240751887914e-23, nan 
-66.125, -77.375, 1.4883807070904214e-23, nan 
-65.875, -77.375, 1.1826675145756637e-23, nan 
-65.625, -77.375, 1.3226050406326517e-23, nan 
-65.375, -77.375, 8.958547383938135e-24, nan 
-65.125, -77.375, 5.11788652321076e-24, nan 
-64.875, -77.375, 3.0245397201555864e-23, nan 
-64.625, -77.375, 2.938637612269472e-23, nan 
-64.375, -77.375, 3.736536912467722e-23, nan 
-64.125, -77.375, 3.0983830915810737e-23, nan 
-63.875, -77.375, 2.9158669893763955e-23, nan 
-63.625, -77.375, 2.4523252557223504e-23, nan 
-63.375, -77.375, 9.719842658305116e-24, nan 
-63.125, -77.375, 5.647274876973524e-24, nan 
-62.875, -77.375, 2.229115873189108e-23, nan 
-62.625, -77.375, 2.069131879350691e-23, nan 
-62.375, -77.375, 2.5332765828455835e-23, nan 
-62.125, -77.375, 1.6713632294497644e-23, nan 
-61.875, -77.375, 7.251233086793538e-24, nan 
-61.625, -77.375, 3.9219038522988626e-23, nan 
-61.375, -77.375, 2.8633692519782113e-23, nan 
-61.125, -77.375, 2.3508759231743923e-23, nan 
-60.875, -77.375, 1.4045011566494018e-23, nan 
-60.625, -77.375, 1.5078563632621227e-23, nan 
-60.375, -77.375, 2.2304141609683636e-23, nan 
-60.125, -77.375, 1.956880854927257e-23, nan 
-59.875, -77.375, 2.2145759845304984e-23, nan 
-59.625, -77.375, 2.2643536505859582e-23, nan 
-59.375, -77.375, 1.6151283295951216e-23, nan 
-59.125, -77.375, 1.8163177714108794e-23, nan 
-58.875, -77.375, 1.2579444424243256e-23, nan 
-58.625, -77.375, 1.1366628376255124e-23, nan 
-58.375, -77.375, 5.251119351065289e-24, nan 
-58.125, -77.375, 1.323584589990952e-23, nan 
-57.875, -77.375, 1.6399421594108038e-23, nan 
-57.625, -77.375, 1.1426835286628127e-23, nan 
-57.375, -77.375, 1.8454940894850485e-23, nan 
-57.125, -77.375, 1.3844217144652447e-23, nan 
-56.875, -77.375, 1.6353435018102165e-23, nan 
-56.625, -77.375, 1.648521993163777e-23, nan 
-56.375, -77.375, 1.9516928388066833e-23, nan 
-56.125, -77.375, 1.66402103605914e-23, nan 
-55.875, -77.375, 2.1277973266101344e-23, nan 
-55.625, -77.375, 2.0461199480529603e-23, nan 
-55.375, -77.375, 1.9779471416200815e-23, nan 
-55.125, -77.375, 1.2999865869485724e-23, nan 
-54.875, -77.375, 1.0310498357224942e-23, nan 
-54.625, -77.375, 2.574129965763304e-23, nan 
-54.375, -77.375, 1.5766870610375004e-23, nan 
-54.125, -77.375, 1.4637962513029853e-23, nan 
-53.875, -77.375, 1.648932504539814e-23, nan 
-53.625, -77.375, 1.4771444857274785e-23, nan 
-53.375, -77.375, 1.5960026150195194e-23, nan 
-53.125, -77.375, 1.683779932411173e-23, nan 
-52.875, -77.375, 1.615349040177175e-23, nan 
-52.625, -77.375, 1.7921763085398475e-23, nan 
-52.375, -77.375, 1.6799287064471314e-23, nan 
-52.125, -77.375, 1.8953111016276004e-23, nan 
-51.875, -77.375, 1.811274392713904e-23, nan 
-51.625, -77.375, 1.6600485277615316e-23, nan 
-51.375, -77.375, 1.6055224895460427e-23, nan 
-51.125, -77.375, 1.3809832592380914e-23, nan 
-50.875, -77.375, 1.2466695893193326e-23, nan 
-50.625, -77.375, 1.1090895187537261e-23, nan 
-50.375, -77.375, 1.0831894752417517e-23, nan 
-50.125, -77.375, 1.1459050877453474e-23, nan 
-49.875, -77.375, 8.338533890996508e-24, nan 
-49.625, -77.375, 5.62872284197946e-24, nan 
-49.375, -77.375, 3.0391796011973927e-24, nan 
-49.125, -77.375, 3.2682210073306137e-24, nan 
-48.875, -77.375, 2.5651579608934588e-24, nan 
-48.625, -77.375, 2.3253331223982836e-24, nan 
-48.375, -77.375, 3.0714873139233586e-24, nan 
-48.125, -77.375, 5.0310803988373506e-24, nan 
-47.875, -77.375, 3.8969885154248616e-24, nan 
-47.625, -77.375, 2.0673864005721445e-24, nan 
-47.375, -77.375, 1.1854648922579448e-24, nan 
-47.125, -77.375, 1.176159733912702e-24, nan 
-46.875, -77.375, 1.5724003318738854e-24, nan 
-46.625, -77.375, 2.1223012606954297e-24, nan 
-46.375, -77.375, 2.5263049938780884e-24, nan 
-46.125, -77.375, 2.7411567923197625e-24, nan 
-45.875, -77.375, 2.996039180140239e-24, nan 
-45.625, -77.375, 2.865543553927046e-24, nan 
-45.375, -77.375, 3.882556180438622e-24, nan 
-45.125, -77.375, 4.7259469164537884e-24, nan 
-44.875, -77.375, 4.8797705888919574e-24, nan 
-44.625, -77.375, 4.7048511696787995e-24, nan 
-44.375, -77.375, 3.7338820582904945e-24, nan 
-44.125, -77.375, 5.835738879790216e-24, nan 
-43.875, -77.375, 5.663186302814108e-24, nan 
-43.625, -77.375, 2.51120868111744e-24, nan 
-43.375, -77.375, 3.322108929071502e-24, nan 
-43.125, -77.375, 3.8234964172842205e-24, nan 
-42.875, -77.375, 5.7807723619907015e-24, nan 
-42.625, -77.375, 4.157509445665524e-24, nan 
-42.375, -77.375, 3.822973325284964e-24, nan 
-42.125, -77.375, 5.9180279472184e-24, nan 
-41.875, -77.375, 6.80608213351175e-24, nan 
-41.625, -77.375, 8.29728657630618e-24, nan 
-41.375, -77.375, 4.774841641726538e-24, nan 
-41.125, -77.375, 4.5089072932456515e-24, nan 
-40.875, -77.375, 5.255926665370995e-24, nan 
-40.625, -77.375, 5.679700841052581e-24, nan 
-40.375, -77.375, 6.053934662556313e-24, nan 
-40.125, -77.375, 4.466464751359512e-24, nan 
-39.875, -77.375, 3.9839534625606364e-24, nan 
-39.625, -77.375, 4.0848486704754574e-24, nan 
-39.375, -77.375, 3.515951911514691e-24, nan 
-39.125, -77.375, 3.045330923250017e-24, nan 
-38.875, -77.375, 2.695569200486493e-24, nan 
-38.625, -77.375, 5.9174264787615165e-24, nan 
-38.375, -77.375, 4.7682515015538626e-24, nan 
-38.125, -77.375, 4.080562434119264e-24, nan 
-37.875, -77.375, 3.5971047769247756e-24, nan 
-37.625, -77.375, 4.8000047324569524e-24, nan 
-37.375, -77.375, 4.430732101440626e-24, nan 
-37.125, -77.375, 3.565833172459304e-24, nan 
-36.875, -77.375, 3.1380089031625963e-24, nan 
-36.625, -77.375, 3.782050106663218e-24, nan 
-36.375, -77.375, 2.3449654490105e-24, nan 
-36.125, -77.375, 1.7114691810873924e-24, nan 
-35.875, -77.375, 5.0440951713142865e-24, nan 
-35.625, -77.375, 6.767552198858698e-24, nan 
-35.375, -77.375, 7.345336966152787e-24, nan 
-35.125, -77.375, 5.480557141464203e-24, nan 
-34.875, -77.375, 4.5608582916677606e-24, nan 
-34.625, -77.375, 1.329395696400144e-23, nan 
-34.375, -77.375, 4.43767847595126e-24, nan 
-34.125, -77.375, 4.854168274659806e-24, nan 
-33.875, -77.375, 4.766348086298987e-24, nan 
-33.625, -77.375, 7.605832797030695e-24, nan 
-33.375, -77.375, 1.1655118219833308e-23, nan 
-33.125, -77.375, 1.708787094915537e-24, nan 
-32.875, -77.375, 2.8046353327753757e-24, nan 
-32.625, -77.375, 4.362977001496605e-24, nan 
-32.375, -77.375, 3.7499660984535156e-24, nan 
-32.125, -77.375, 6.514948399848298e-24, nan 
-31.875, -77.375, 4.1634172106931695e-24, nan 
-31.625, -77.375, 4.723296277321418e-24, nan 
-31.375, -77.375, 5.896164350404009e-24, nan 
-31.125, -77.375, 7.150263047770278e-24, nan 
-30.875, -77.375, 5.257422629218068e-24, nan 
-30.625, -77.375, 5.040565623180942e-24, nan 
-30.375, -77.375, 5.2817767316700115e-24, nan 
-30.125, -77.375, 3.862524366718956e-24, nan 
-29.875, -77.375, 3.613834567804384e-24, nan 
-29.625, -77.375, 5.919496856044831e-24, nan 
-29.375, -77.375, 6.4737496991185525e-24, nan 
-29.125, -77.375, 1.0056166404775928e-23, nan 
-28.875, -77.375, 1.192168918574395e-23, nan 
-28.625, -77.375, 1.1443047059267468e-23, nan 
-28.375, -77.375, 1.1903502391040629e-23, nan 
-28.125, -77.375, 7.700723122079416e-24, nan 
-27.875, -77.375, 9.054648919351105e-24, nan 
-27.625, -77.375, 8.666985617705919e-24, nan 
-27.375, -77.375, 6.693994532615243e-24, nan 
-27.125, -77.375, 6.37928855254388e-24, nan 
-26.875, -77.375, 7.561697526200025e-24, nan 
-26.625, -77.375, 8.75289382643013e-24, nan 
-26.375, -77.375, 1.0307743856045706e-23, nan 
-26.125, -77.375, 1.3655327578255782e-23, nan 
-25.875, -77.375, 1.5885107840423213e-23, nan 
-25.625, -77.375, 1.5320240016468887e-23, nan 
-25.375, -77.375, 2.107762236429394e-23, nan 
-25.125, -77.375, 2.4059471478079332e-23, nan 
-24.875, -77.375, 1.9946520175793656e-23, nan 
-24.625, -77.375, 1.5128169112563133e-23, nan 
-24.375, -77.375, 1.105120025225914e-23, nan 
-24.125, -77.375, 9.259934705587672e-24, nan 
-23.875, -77.375, 8.361472772010483e-24, nan 
-23.625, -77.375, 1.663989938607815e-23, nan 
-23.375, -77.375, 1.6340681010705246e-23, nan 
-23.125, -77.375, 1.2922113069101993e-23, nan 
-22.875, -77.375, 2.591211490697932e-23, nan 
-22.625, -77.375, 3.271624771005537e-23, nan 
-22.375, -77.375, 2.3390959270876957e-23, nan 
-22.125, -77.375, 1.586287908431723e-23, nan 
-21.875, -77.375, 1.1418201154907304e-23, nan 
-21.625, -77.375, 2.967510584572409e-23, nan 
-21.375, -77.375, 9.275624532340139e-24, nan 
-21.125, -77.375, 3.072563836343161e-23, nan 
-20.875, -77.375, 1.8088698381102096e-23, nan 
-20.625, -77.375, 2.363534628509411e-23, nan 
-20.375, -77.375, 2.9145256920836515e-23, nan 
-20.125, -77.375, 3.976181126426132e-23, nan 
-19.875, -77.375, 3.5744750702383227e-23, nan 
-19.625, -77.375, 3.936377762557841e-23, nan 
-19.375, -77.375, 3.1802102414105674e-23, nan 
-19.125, -77.375, 4.405097060404488e-23, nan 
-18.875, -77.375, 3.7533267033998996e-23, nan 
-18.625, -77.375, 4.935008659510869e-23, nan 
-18.375, -77.375, 5.629814235749293e-23, nan 
-18.125, -77.375, 4.717299887685327e-23, nan 
-17.875, -77.375, 5.0775040983434045e-23, nan 
-17.625, -77.375, 4.704780971119498e-23, nan 
-17.375, -77.375, 5.285388456812877e-23, nan 
-17.125, -77.375, 5.224175274256579e-23, nan 
-16.875, -77.375, 5.31426818195018e-23, nan 
-16.625, -77.375, 5.933878385310654e-23, nan 
-16.375, -77.375, 4.388447563054729e-23, nan 
-16.125, -77.375, 6.696957836074259e-23, nan 
-15.875, -77.375, 6.621897718168628e-23, nan 
-15.625, -77.375, 7.851703265181558e-23, nan 
-15.375, -77.375, 7.044682598513423e-23, nan 
-15.125, -77.375, 6.853314883506593e-23, nan 
-14.875, -77.375, 7.158864577185789e-23, nan 
-14.625, -77.375, 6.42156222954181e-23, nan 
-14.375, -77.375, 6.377259184254473e-23, nan 
-14.125, -77.375, 5.903532432505785e-23, nan 
-13.875, -77.375, 6.633432369203317e-23, nan 
-13.625, -77.375, 5.525782954379656e-23, nan 
-13.375, -77.375, 5.474643294385737e-23, nan 
-13.125, -77.375, 7.112949457183911e-23, nan 
-12.875, -77.375, 4.163052354295634e-23, nan 
-12.625, -77.375, 2.2496765621224555e-23, nan 
-12.375, -77.375, 4.135443755630834e-23, nan 
-12.125, -77.375, 4.3050259959717154e-23, nan 
-11.875, -77.375, 5.243018579169367e-23, nan 
-11.625, -77.375, 4.359416814936576e-23, nan 
-11.375, -77.375, 6.289047337835794e-23, nan 
-11.125, -77.375, 4.517026906532317e-23, nan 
-10.875, -77.375, 3.8288566316539414e-23, nan 
-10.625, -77.375, 3.873687243451758e-23, nan 
-10.375, -77.375, 4.272144173953124e-23, nan 
-10.125, -77.375, 5.201256881715982e-23, nan 
-9.875, -77.375, 3.17851592705582e-23, nan 
-9.625, -77.375, 1.705182106462043e-23, nan 
-9.375, -77.375, 1.800492051653977e-23, nan 
-9.125, -77.375, 4.3862769447835103e-23, nan 
-8.875, -77.375, 4.1818799014908605e-23, nan 
-8.625, -77.375, 2.9824612232730454e-23, nan 
-8.375, -77.375, 2.4912253931005773e-23, nan 
-8.125, -77.375, 2.5540543316174113e-23, nan 
-7.875, -77.375, 3.773539981514615e-23, nan 
-7.625, -77.375, 4.28830626585032e-23, nan 
-7.375, -77.375, 5.733442058478927e-23, nan 
-7.125, -77.375, 4.073619727915687e-23, nan 
-6.875, -77.375, 3.3752113650214165e-23, nan 
-6.625, -77.375, 3.570600068446206e-23, nan 
-6.375, -77.375, 3.771016239569002e-23, nan 
-6.125, -77.375, 3.353787215577069e-23, nan 
-5.875, -77.375, 3.5386166844788e-23, nan 
-5.625, -77.375, 3.206453335692642e-23, nan 
-5.375, -77.375, 3.266478429395065e-23, nan 
-5.125, -77.375, 3.8689393239361236e-23, nan 
-4.875, -77.375, 3.66963559978073e-23, nan 
-4.625, -77.375, 2.4067334678685174e-23, nan 
-4.375, -77.375, 1.79833377830654e-23, nan 
-4.125, -77.375, 2.1364076848516734e-23, nan 
-3.875, -77.375, 2.9986798321939304e-23, nan 
-3.625, -77.375, 2.6820566188348964e-23, nan 
-3.375, -77.375, 3.5677813044029004e-23, nan 
-3.125, -77.375, 5.361287731454253e-23, nan 
-2.875, -77.375, 6.277725584658511e-23, nan 
-2.625, -77.375, 6.883218412406882e-23, nan 
-2.375, -77.375, 6.737011551822863e-23, nan 
-2.125, -77.375, 6.433053054015585e-23, nan 
-1.875, -77.375, 3.790772403246983e-23, nan 
-1.625, -77.375, 4.3681657826014496e-23, nan 
-1.375, -77.375, 5.063779371808597e-23, nan 
-1.125, -77.375, 8.71684280066472e-23, nan 
-0.875, -77.375, 8.683517848989898e-23, nan 
-0.625, -77.375, 8.845164318329332e-23, nan 
-0.375, -77.375, 9.585947068960723e-23, nan 
-0.125, -77.375, 9.884628930953519e-23, nan 
0.125, -77.375, 1.0391612914069351e-22, nan 
0.375, -77.375, 9.643701009975105e-23, nan 
0.625, -77.375, 1.0224150033542248e-22, nan 
0.875, -77.375, 9.663921321014389e-23, nan 
1.125, -77.375, 8.232250401997418e-23, nan 
1.375, -77.375, 8.583084682273213e-23, nan 
1.625, -77.375, 7.789135040378306e-23, nan 
1.875, -77.375, 8.415496218408548e-23, nan 
2.125, -77.375, 1.2526417583672673e-22, nan 
2.375, -77.375, 1.4531967486974267e-22, nan 
2.625, -77.375, 1.4482184037236888e-22, nan 
2.875, -77.375, 1.353436820921766e-22, nan 
3.125, -77.375, 1.1071631281336534e-22, nan 
3.375, -77.375, 1.3849409603037392e-22, nan 
3.625, -77.375, 1.4908052024791768e-22, nan 
3.875, -77.375, 1.3261035272548425e-22, nan 
4.125, -77.375, 1.065414657162333e-22, nan 
4.375, -77.375, 6.938672624406114e-23, nan 
4.625, -77.375, 7.870493016362213e-23, nan 
4.875, -77.375, 1.0040142346006008e-22, nan 
5.125, -77.375, 1.2211829360943822e-22, nan 
5.375, -77.375, 1.2102333662409744e-22, nan 
5.625, -77.375, 1.3159714064049893e-22, nan 
5.875, -77.375, 1.7994283488742114e-22, nan 
6.125, -77.375, 1.9360719665219043e-22, nan 
6.375, -77.375, 8.258787688801632e-23, nan 
6.625, -77.375, 1.3676551968321578e-22, nan 
6.875, -77.375, 1.5722474342944583e-22, nan 
7.125, -77.375, 1.727759815816382e-22, nan 
7.375, -77.375, 1.8314985206981666e-22, nan 
7.625, -77.375, 9.608066283818421e-23, nan 
7.875, -77.375, 1.4002309732668275e-22, nan 
8.125, -77.375, 1.5479607571942637e-22, nan 
8.375, -77.375, 1.085389609121016e-22, nan 
8.625, -77.375, 8.788133868087541e-23, nan 
8.875, -77.375, 6.047794869215001e-23, nan 
9.125, -77.375, 7.360945855558638e-23, nan 
9.375, -77.375, 7.042550320169324e-23, nan 
9.625, -77.375, 8.556267378490871e-23, nan 
9.875, -77.375, 1.136907771794583e-22, nan 
10.125, -77.375, 1.169901113418538e-22, nan 
10.375, -77.375, 1.2909665080954247e-22, nan 
10.625, -77.375, 2.013130881428726e-22, nan 
10.875, -77.375, 2.4896825414307874e-22, nan 
11.125, -77.375, 3.336322596203685e-22, nan 
11.375, -77.375, 3.4219186663632364e-22, nan 
11.625, -77.375, 3.220499402407209e-22, nan 
11.875, -77.375, 3.5146263860168785e-22, nan 
12.125, -77.375, 3.5149778714184506e-22, nan 
12.375, -77.375, 4.1921535338935997e-22, nan 
12.625, -77.375, 3.3553514710325716e-22, nan 
12.875, -77.375, 4.568436089212401e-22, nan 
13.125, -77.375, 3.3407186515444737e-22, nan 
13.375, -77.375, 3.0136183842633295e-22, nan 
13.625, -77.375, 3.5045801136152465e-22, nan 
13.875, -77.375, 5.066237234443032e-22, nan 
14.125, -77.375, 5.237780731075064e-22, nan 
14.375, -77.375, 3.351082274503204e-22, nan 
14.625, -77.375, 3.0223740777833377e-22, nan 
-105.125, -77.125, 1.2011066595753165e-24, nan 
-104.875, -77.125, 1.1778717690443757e-24, nan 
-104.625, -77.125, 1.793737070058765e-24, nan 
-104.375, -77.125, 1.9154952017821438e-24, nan 
-104.125, -77.125, 1.7276314063858132e-24, nan 
-103.875, -77.125, 1.4487245058727123e-24, nan 
-103.625, -77.125, 1.1159346962527747e-24, nan 
-103.375, -77.125, 1.0422404734176878e-24, nan 
-103.125, -77.125, 1.5427787054608152e-24, nan 
-102.875, -77.125, 9.398625424970277e-25, nan 
-102.625, -77.125, 8.35140870821946e-25, nan 
-102.375, -77.125, 6.872792550347484e-25, nan 
-102.125, -77.125, 5.143543444485405e-25, nan 
-101.875, -77.125, 4.870087516394713e-25, nan 
-101.625, -77.125, 3.7277222207470754e-25, nan 
-101.375, -77.125, 3.434460175893804e-25, nan 
-101.125, -77.125, 4.72307631866559e-25, nan 
-100.875, -77.125, 3.90196062310909e-25, nan 
-100.625, -77.125, 3.666752477356551e-25, nan 
-100.375, -77.125, 8.13157052473104e-25, nan 
-100.125, -77.125, 9.416324417796053e-25, nan 
-99.875, -77.125, 8.446951255791163e-25, nan 
-99.625, -77.125, 7.536950728000298e-25, nan 
-99.375, -77.125, 7.526340527220089e-25, nan 
-99.125, -77.125, 1.1404996276750234e-24, nan 
-98.875, -77.125, 1.4995927360587216e-24, nan 
-98.625, -77.125, 1.4490855406109602e-24, nan 
-98.375, -77.125, 1.1479600846695946e-24, nan 
-98.125, -77.125, 1.2183711755362554e-24, nan 
-97.875, -77.125, 1.0311523159348033e-24, nan 
-97.625, -77.125, 1.1232728843756178e-24, nan 
-97.375, -77.125, 7.756287204066587e-25, nan 
-97.125, -77.125, 1.295035147494131e-24, nan 
-96.875, -77.125, 1.73879110876536e-24, nan 
-96.625, -77.125, 1.211158580544197e-24, nan 
-96.375, -77.125, 1.4561151705540588e-24, nan 
-96.125, -77.125, 1.4463084990239856e-24, nan 
-95.875, -77.125, 1.861789080224112e-24, nan 
-95.625, -77.125, 2.549344798806693e-24, nan 
-95.375, -77.125, 2.975546029579049e-24, nan 
-95.125, -77.125, 4.1917119832259386e-24, nan 
-94.875, -77.125, 4.261522403360971e-24, nan 
-94.625, -77.125, 2.1918520230498457e-24, nan 
-94.375, -77.125, 3.0082163808544184e-24, nan 
-94.125, -77.125, 4.2590195969821076e-24, nan 
-93.875, -77.125, 6.229078170607164e-24, nan 
-93.625, -77.125, 7.073645961634078e-24, nan 
-93.375, -77.125, 4.293537255206186e-24, nan 
-93.125, -77.125, 3.757270772951961e-24, nan 
-92.875, -77.125, 3.313589463802842e-24, nan 
-92.625, -77.125, 3.699754084252223e-24, nan 
-92.375, -77.125, 4.0781759327001665e-24, nan 
-92.125, -77.125, 9.214068328469448e-24, nan 
-91.875, -77.125, 9.83564114259914e-24, nan 
-91.625, -77.125, 8.835792800165146e-24, nan 
-91.375, -77.125, 3.963371745719912e-24, nan 
-91.125, -77.125, 3.716526635207131e-24, nan 
-90.875, -77.125, 4.1091527434122216e-24, nan 
-90.625, -77.125, 4.261932401633712e-24, nan 
-90.375, -77.125, 3.563846806909777e-24, nan 
-90.125, -77.125, 4.2042961479982516e-24, nan 
-89.875, -77.125, 5.311094825410987e-24, nan 
-89.625, -77.125, 6.867576326389553e-24, nan 
-89.375, -77.125, 5.945959714102739e-24, nan 
-89.125, -77.125, 7.429908358919318e-24, nan 
-88.875, -77.125, 9.945341127143004e-24, nan 
-88.625, -77.125, 9.65555129517904e-24, nan 
-88.375, -77.125, 8.740315956655573e-24, nan 
-88.125, -77.125, 7.795036420501436e-24, nan 
-87.875, -77.125, 8.674546934895989e-24, nan 
-87.625, -77.125, 1.3310762680653607e-23, nan 
-87.375, -77.125, 1.2500378831865993e-23, nan 
-87.125, -77.125, 1.804268093199977e-23, nan 
-86.875, -77.125, 2.4776489786777604e-23, nan 
-86.625, -77.125, 2.3914641694102852e-23, nan 
-86.375, -77.125, 1.4325064602738703e-23, nan 
-86.125, -77.125, 9.727578981836115e-24, nan 
-85.875, -77.125, 2.1979259654688258e-23, nan 
-85.625, -77.125, 3.4055946762001146e-23, nan 
-85.375, -77.125, 3.8517346207814655e-23, nan 
-85.125, -77.125, 2.2604398639120597e-23, nan 
-84.875, -77.125, 1.3268886892078897e-23, nan 
-84.625, -77.125, 1.3828934286393623e-23, nan 
-84.375, -77.125, 2.1457733602016558e-23, nan 
-84.125, -77.125, 2.4698145814245422e-23, nan 
-83.875, -77.125, 1.5263654325723128e-23, nan 
-83.625, -77.125, 9.877114263521499e-24, nan 
-83.375, -77.125, 8.83839917405721e-24, nan 
-83.125, -77.125, 1.1878915933864413e-23, nan 
-82.875, -77.125, 1.38928229240057e-23, nan 
-82.625, -77.125, 1.3038452191226662e-23, nan 
-82.375, -77.125, 1.0158945887094897e-23, nan 
-82.125, -77.125, 3.7843549211795866e-24, nan 
-81.875, -77.125, 5.3356957651615256e-24, nan 
-81.625, -77.125, 5.697057011649554e-24, nan 
-81.375, -77.125, 1.00987713398671e-23, nan 
-81.125, -77.125, 1.0959646137123511e-23, nan 
-80.875, -77.125, 1.0301905486318246e-23, nan 
-80.625, -77.125, 1.8569867704928737e-23, nan 
-80.375, -77.125, 2.1067437097492903e-23, nan 
-80.125, -77.125, 1.6291955992024756e-23, nan 
-79.875, -77.125, 1.8584853607445402e-23, nan 
-79.625, -77.125, 2.5615575829510428e-23, nan 
-79.375, -77.125, 2.5616263837475405e-23, nan 
-79.125, -77.125, 2.144162713638127e-23, nan 
-78.875, -77.125, 1.5962427125766658e-23, nan 
-78.625, -77.125, 2.0822611598890793e-23, nan 
-78.375, -77.125, 2.5294187961910998e-23, nan 
-78.125, -77.125, 1.3148056463900961e-23, nan 
-77.875, -77.125, 1.1532000581452232e-23, nan 
-77.625, -77.125, 7.454571938076064e-24, nan 
-77.375, -77.125, 1.5015409675203603e-23, nan 
-77.125, -77.125, 1.478007653532832e-23, nan 
-76.875, -77.125, 1.8588069009984861e-23, nan 
-76.625, -77.125, 1.4767145631935017e-23, nan 
-76.375, -77.125, 9.711135146154703e-24, nan 
-76.125, -77.125, 8.032697267346913e-24, nan 
-75.875, -77.125, 9.118147133336598e-24, nan 
-75.625, -77.125, 1.4900480404268582e-23, nan 
-75.375, -77.125, 1.2175589727330116e-23, nan 
-75.125, -77.125, 1.1573389423820222e-23, nan 
-74.875, -77.125, 1.6911915577814686e-23, nan 
-74.625, -77.125, 2.301903821010369e-23, nan 
-74.375, -77.125, 2.6126861101226132e-23, nan 
-74.125, -77.125, 2.1123444787389915e-23, nan 
-73.875, -77.125, 2.331658698635666e-23, nan 
-73.625, -77.125, 1.5695415995086265e-23, nan 
-73.375, -77.125, 3.296791236649521e-23, nan 
-73.125, -77.125, 3.361456868919798e-23, nan 
-72.875, -77.125, 2.313983547676556e-23, nan 
-72.625, -77.125, 1.5484355821379925e-23, nan 
-72.375, -77.125, 1.2906877539345274e-23, nan 
-72.125, -77.125, 2.1241792775999668e-23, nan 
-71.875, -77.125, 2.814537226652896e-23, nan 
-71.625, -77.125, 2.9204553248140445e-23, nan 
-71.375, -77.125, 1.0581475491173832e-23, nan 
-71.125, -77.125, 1.9961873199767993e-23, nan 
-70.875, -77.125, 1.2924864162918733e-23, nan 
-70.625, -77.125, 1.6451441317835615e-23, nan 
-70.375, -77.125, 1.942587542954787e-23, nan 
-70.125, -77.125, 5.168230640247663e-24, nan 
-69.875, -77.125, 1.421094518569485e-23, nan 
-69.625, -77.125, 2.0702844814031086e-23, nan 
-69.375, -77.125, 3.391249710630968e-23, nan 
-69.125, -77.125, 3.4416181194414056e-23, nan 
-68.875, -77.125, 2.432059631621074e-23, nan 
-68.625, -77.125, 1.1939366293418869e-23, nan 
-68.375, -77.125, 2.7436348405197087e-23, nan 
-68.125, -77.125, 5.1526494280419514e-23, nan 
-67.875, -77.125, 5.663034277358741e-23, nan 
-67.625, -77.125, 3.528948541090113e-23, nan 
-67.375, -77.125, 1.0713932921039056e-23, nan 
-67.125, -77.125, 2.4597770334907288e-23, nan 
-66.875, -77.125, 3.64300844533329e-23, nan 
-66.625, -77.125, 4.0131746484270434e-23, nan 
-66.375, -77.125, 3.0631693472361854e-23, nan 
-66.125, -77.125, 1.375871985555702e-23, nan 
-65.875, -77.125, 2.158555909951845e-23, nan 
-65.625, -77.125, 3.6980441968131815e-23, nan 
-65.375, -77.125, 3.9183948153964666e-23, nan 
-65.125, -77.125, 3.5489531177720933e-23, nan 
-64.875, -77.125, 2.466548488093543e-23, nan 
-64.625, -77.125, 1.3184945466543331e-23, nan 
-64.375, -77.125, 1.4617419524991683e-23, nan 
-64.125, -77.125, 1.8580152385546402e-23, nan 
-63.875, -77.125, 1.6645034930545064e-23, nan 
-63.625, -77.125, 9.282862326107248e-24, nan 
-63.375, -77.125, 2.1472279494107558e-23, nan 
-63.125, -77.125, 1.5731158432517106e-23, nan 
-62.875, -77.125, 8.931592500912695e-24, nan 
-62.625, -77.125, 1.0513354777843481e-23, nan 
-62.375, -77.125, 1.1590274027728273e-23, nan 
-62.125, -77.125, 9.929569668399483e-24, nan 
-61.875, -77.125, 1.4213635491785288e-23, nan 
-61.625, -77.125, 3.841141210508531e-23, nan 
-61.375, -77.125, 1.2016496519594807e-23, nan 
-61.125, -77.125, 1.1641175838705751e-23, nan 
-60.875, -77.125, 8.872752408789041e-24, nan 
-60.625, -77.125, 1.441820177499455e-23, nan 
-60.375, -77.125, 1.434434183954876e-23, nan 
-60.125, -77.125, 1.1655661366509353e-23, nan 
-59.875, -77.125, 1.2385544537592264e-23, nan 
-59.625, -77.125, 1.356188394632087e-23, nan 
-59.375, -77.125, 1.4253055011424778e-23, nan 
-59.125, -77.125, 1.3776693907578093e-23, nan 
-58.875, -77.125, 1.822250312839332e-23, nan 
-58.625, -77.125, 1.475393020596746e-23, nan 
-58.375, -77.125, 1.2449665489767581e-23, nan 
-58.125, -77.125, 1.3605687985112178e-23, nan 
-57.875, -77.125, 1.5928649330091957e-23, nan 
-57.625, -77.125, 1.599589004249368e-23, nan 
-57.375, -77.125, 2.560926497483103e-23, nan 
-57.125, -77.125, 1.859969518781343e-23, nan 
-56.875, -77.125, 1.8520143478503234e-23, nan 
-56.625, -77.125, 1.7109378210029783e-23, nan 
-56.375, -77.125, 2.3133550109119004e-23, nan 
-56.125, -77.125, 2.4650155374372393e-23, nan 
-55.875, -77.125, 2.9500233486667294e-23, nan 
-55.625, -77.125, 2.7478111462086767e-23, nan 
-55.375, -77.125, 2.5836917911297118e-23, nan 
-55.125, -77.125, 2.6726490049403716e-23, nan 
-54.875, -77.125, 3.140005504235638e-23, nan 
-54.625, -77.125, 3.205196536008244e-23, nan 
-54.375, -77.125, 2.4424778624124948e-23, nan 
-54.125, -77.125, 2.2367881267848278e-23, nan 
-53.875, -77.125, 1.6154410997637317e-23, nan 
-53.625, -77.125, 1.715544191128703e-23, nan 
-53.375, -77.125, 2.0204460547023636e-23, nan 
-53.125, -77.125, 1.8653266922061066e-23, nan 
-52.875, -77.125, 1.7260049929043088e-23, nan 
-52.625, -77.125, 1.5239744890165316e-23, nan 
-52.375, -77.125, 1.5282559471376604e-23, nan 
-52.125, -77.125, 1.6515763339248315e-23, nan 
-51.875, -77.125, 1.6543519036199925e-23, nan 
-51.625, -77.125, 1.5732063957573994e-23, nan 
-51.375, -77.125, 1.4203207068399937e-23, nan 
-51.125, -77.125, 9.694751525976688e-24, nan 
-50.875, -77.125, 5.6220977849993e-24, nan 
-50.625, -77.125, 4.322612145302965e-24, nan 
-50.375, -77.125, 5.584131335198006e-24, nan 
-50.125, -77.125, 5.741274994297002e-24, nan 
-49.875, -77.125, 7.199585968775988e-24, nan 
-49.625, -77.125, 8.621901931462585e-24, nan 
-49.375, -77.125, 7.091599223069551e-24, nan 
-49.125, -77.125, 6.466980084990893e-24, nan 
-48.875, -77.125, 4.667502371639674e-24, nan 
-48.625, -77.125, 5.475087074722556e-24, nan 
-48.375, -77.125, 7.106698379954594e-24, nan 
-48.125, -77.125, 9.263690132980762e-24, nan 
-47.875, -77.125, 7.35292034500611e-24, nan 
-47.625, -77.125, 3.680281932379454e-24, nan 
-47.375, -77.125, 9.262783432304659e-25, nan 
-47.125, -77.125, 1.8503084723051984e-24, nan 
-46.875, -77.125, 4.0139302101019306e-24, nan 
-46.625, -77.125, 3.651685417403636e-24, nan 
-46.375, -77.125, 2.9316162641123878e-24, nan 
-46.125, -77.125, 3.2027753196930972e-24, nan 
-45.875, -77.125, 2.161702448705386e-24, nan 
-45.625, -77.125, 1.8097789076302105e-24, nan 
-45.375, -77.125, 2.1329168097446963e-24, nan 
-45.125, -77.125, 2.516747239819097e-24, nan 
-44.875, -77.125, 2.748893683790288e-24, nan 
-44.625, -77.125, 1.646826892680596e-24, nan 
-44.375, -77.125, 4.3323456793145666e-24, nan 
-44.125, -77.125, 3.2180010613137214e-24, nan 
-43.875, -77.125, 4.19139104860846e-24, nan 
-43.625, -77.125, 3.1506425146310693e-24, nan 
-43.375, -77.125, 3.6132879306180214e-24, nan 
-43.125, -77.125, 3.0981327879969825e-24, nan 
-42.875, -77.125, 1.7448745771324965e-24, nan 
-42.625, -77.125, 3.9612503513166685e-24, nan 
-42.375, -77.125, 4.238825779297341e-24, nan 
-42.125, -77.125, 4.304869959269316e-24, nan 
-41.875, -77.125, 3.998424419395038e-24, nan 
-41.625, -77.125, 4.399473117233777e-24, nan 
-41.375, -77.125, 2.7900786625433718e-24, nan 
-41.125, -77.125, 3.413734821508066e-24, nan 
-40.875, -77.125, 3.324939881064813e-24, nan 
-40.625, -77.125, 2.958729879486256e-24, nan 
-40.375, -77.125, 3.519237821954678e-24, nan 
-40.125, -77.125, 2.698211683563122e-24, nan 
-39.875, -77.125, 4.5370866473255784e-24, nan 
-39.625, -77.125, 3.5476052319837215e-24, nan 
-39.375, -77.125, 5.4605702754717785e-24, nan 
-39.125, -77.125, 2.994034747167705e-24, nan 
-38.875, -77.125, 3.144959084824831e-24, nan 
-38.625, -77.125, 7.320867758300341e-24, nan 
-38.375, -77.125, 2.8637555863796295e-24, nan 
-38.125, -77.125, 2.531186409014526e-24, nan 
-37.875, -77.125, 2.841747221267858e-24, nan 
-37.625, -77.125, 2.3272748232477013e-24, nan 
-37.375, -77.125, 1.3609112051275094e-24, nan 
-37.125, -77.125, 2.607084078883558e-24, nan 
-36.875, -77.125, 2.8878364686663904e-24, nan 
-36.625, -77.125, 4.664429517446182e-24, nan 
-36.375, -77.125, 3.994438162201364e-24, nan 
-36.125, -77.125, 3.733225193371809e-24, nan 
-35.875, -77.125, 6.331927489113646e-24, nan 
-35.625, -77.125, 5.2263363011029166e-24, nan 
-35.375, -77.125, 4.50219662503842e-24, nan 
-35.125, -77.125, 4.872238674627429e-24, nan 
-34.875, -77.125, 7.127111647130741e-24, nan 
-34.625, -77.125, 1.0904909405798652e-23, nan 
-34.375, -77.125, 4.849426881816115e-24, nan 
-34.125, -77.125, 2.1759404473715297e-24, nan 
-33.875, -77.125, 3.602154683174498e-24, nan 
-33.625, -77.125, 1.3504714969236468e-23, nan 
-33.375, -77.125, 5.321543035570938e-24, nan 
-33.125, -77.125, 2.1544608056298403e-24, nan 
-32.875, -77.125, 1.836205485122593e-24, nan 
-32.625, -77.125, 4.256359293227596e-24, nan 
-32.375, -77.125, 8.101187109876286e-24, nan 
-32.125, -77.125, 4.149729599843201e-24, nan 
-31.875, -77.125, 3.726046882355351e-24, nan 
-31.625, -77.125, 5.4750577023364245e-24, nan 
-31.375, -77.125, 4.545792161287928e-24, nan 
-31.125, -77.125, 3.597414134691069e-24, nan 
-30.875, -77.125, 4.170483852199021e-24, nan 
-30.625, -77.125, 4.849341246887631e-24, nan 
-30.375, -77.125, 9.209763121026328e-24, nan 
-30.125, -77.125, 4.019929400114239e-24, nan 
-29.875, -77.125, 4.208516801774775e-24, nan 
-29.625, -77.125, 3.972193750715561e-24, nan 
-29.375, -77.125, 5.2212819582244555e-24, nan 
-29.125, -77.125, 6.448175011854761e-24, nan 
-28.875, -77.125, 8.206951795319681e-24, nan 
-28.625, -77.125, 1.0017270798194105e-23, nan 
-28.375, -77.125, 9.798692122062874e-24, nan 
-28.125, -77.125, 5.971692567362501e-24, nan 
-27.875, -77.125, 4.414279451476183e-24, nan 
-27.625, -77.125, 7.604095236079579e-24, nan 
-27.375, -77.125, 8.720928391095005e-24, nan 
-27.125, -77.125, 1.3130250538987055e-23, nan 
-26.875, -77.125, 1.1855582443103796e-23, nan 
-26.625, -77.125, 1.9461188637030732e-23, nan 
-26.375, -77.125, 2.473674698248936e-23, nan 
-26.125, -77.125, 2.156345398109057e-23, nan 
-25.875, -77.125, 1.7009233921861935e-23, nan 
-25.625, -77.125, 1.4570532016778855e-23, nan 
-25.375, -77.125, 2.961846887236395e-23, nan 
-25.125, -77.125, 4.286741633360923e-23, nan 
-24.875, -77.125, 3.191651645711039e-23, nan 
-24.625, -77.125, 1.434575365623679e-23, nan 
-24.375, -77.125, 9.990945290551353e-24, nan 
-24.125, -77.125, 2.764886272043809e-23, nan 
-23.875, -77.125, 3.484488348418112e-23, nan 
-23.625, -77.125, 2.223088606344753e-23, nan 
-23.375, -77.125, 3.209412317979345e-23, nan 
-23.125, -77.125, 4.0312147985542267e-23, nan 
-22.875, -77.125, 4.1524782234531856e-23, nan 
-22.625, -77.125, 5.2409019492364944e-23, nan 
-22.375, -77.125, 3.2579993679586825e-23, nan 
-22.125, -77.125, 2.994154209301062e-23, nan 
-21.875, -77.125, 6.241432688910433e-23, nan 
-21.625, -77.125, 3.4028809036943157e-23, nan 
-21.375, -77.125, 5.986183469062621e-23, nan 
-21.125, -77.125, 3.5683804669266746e-23, nan 
-20.875, -77.125, 2.797411027471365e-23, nan 
-20.625, -77.125, 4.3803360434705766e-23, nan 
-20.375, -77.125, 3.1155426233588836e-23, nan 
-20.125, -77.125, 5.843417259105454e-23, nan 
-19.875, -77.125, 3.8111584638426406e-23, nan 
-19.625, -77.125, 4.64519579002094e-23, nan 
-19.375, -77.125, 3.7154585608999624e-23, nan 
-19.125, -77.125, 4.6302106696095e-23, nan 
-18.875, -77.125, 4.632068679489707e-23, nan 
-18.625, -77.125, 5.530184138578658e-23, nan 
-18.375, -77.125, 5.847558017615266e-23, nan 
-18.125, -77.125, 5.524052498110483e-23, nan 
-17.875, -77.125, 4.9304605144055783e-23, nan 
-17.625, -77.125, 5.018663743941031e-23, nan 
-17.375, -77.125, 3.5503910479302925e-23, nan 
-17.125, -77.125, 3.2890988001630593e-23, nan 
-16.875, -77.125, 3.508112255552355e-23, nan 
-16.625, -77.125, 2.420334905308697e-23, nan 
-16.375, -77.125, 2.869122114355256e-23, nan 
-16.125, -77.125, 2.075194450795741e-23, nan 
-15.875, -77.125, 2.6457237945587974e-23, nan 
-15.625, -77.125, 4.1182991266426475e-23, nan 
-15.375, -77.125, 4.383119707205773e-23, nan 
-15.125, -77.125, 2.539247153642099e-23, nan 
-14.875, -77.125, 1.60100685534717e-23, nan 
-14.625, -77.125, 1.2059807030075715e-23, nan 
-14.375, -77.125, 3.945237421085494e-23, nan 
-14.125, -77.125, 1.5467118297729874e-23, nan 
-13.875, -77.125, 3.110142959343565e-23, nan 
-13.625, -77.125, 1.0945893528004784e-23, nan 
-13.375, -77.125, 1.939570967455759e-23, nan 
-13.125, -77.125, 2.953039777319283e-23, nan 
-12.875, -77.125, 1.8821819833153632e-23, nan 
-12.625, -77.125, 1.77101036308755e-23, nan 
-12.375, -77.125, 1.5225803927243978e-23, nan 
-12.125, -77.125, 3.282837055231619e-23, nan 
-11.875, -77.125, 4.22978647016358e-23, nan 
-11.625, -77.125, 5.184819011624932e-23, nan 
-11.375, -77.125, 5.034616910774996e-23, nan 
-11.125, -77.125, 5.943064769517575e-23, nan 
-10.875, -77.125, 4.005248090948434e-23, nan 
-10.625, -77.125, 5.2016618486549924e-23, nan 
-10.375, -77.125, 5.994281189770348e-23, nan 
-10.125, -77.125, 5.593259962259064e-23, nan 
-9.875, -77.125, 6.256456369933089e-23, nan 
-9.625, -77.125, 3.935442806741996e-23, nan 
-9.375, -77.125, 3.455917876680511e-23, nan 
-9.125, -77.125, 3.4823939578016625e-23, nan 
-8.875, -77.125, 4.055732767763828e-23, nan 
-8.625, -77.125, 7.026317257562156e-23, nan 
-8.375, -77.125, 7.568243046017164e-23, nan 
-8.125, -77.125, 6.959361971072526e-23, nan 
-7.875, -77.125, 5.199616275455976e-23, nan 
-7.625, -77.125, 4.6291516727191963e-23, nan 
-7.375, -77.125, 7.303468940041364e-23, nan 
-7.125, -77.125, 6.252956040918096e-23, nan 
-6.875, -77.125, 5.823036111719359e-23, nan 
-6.625, -77.125, 4.582873122085099e-23, nan 
-6.375, -77.125, 4.2135199332341554e-23, nan 
-6.125, -77.125, 2.650316393148425e-23, nan 
-5.875, -77.125, 4.102077473301555e-23, nan 
-5.625, -77.125, 5.619119638479251e-23, nan 
-5.375, -77.125, 4.2932769936801294e-23, nan 
-5.125, -77.125, 4.2579167018099026e-23, nan 
-4.875, -77.125, 1.3857233222325552e-23, nan 
-4.625, -77.125, 3.2894501327845994e-23, nan 
-4.375, -77.125, 7.036941461473335e-23, nan 
-4.125, -77.125, 9.344108671429863e-23, nan 
-3.875, -77.125, 6.10677522614601e-23, nan 
-3.625, -77.125, 2.9007897681577844e-23, nan 
-3.375, -77.125, 4.941613388961629e-23, nan 
-3.125, -77.125, 8.084405026515009e-23, nan 
-2.875, -77.125, 8.085034517904142e-23, nan 
-2.625, -77.125, 7.510622989128785e-23, nan 
-2.375, -77.125, 3.933949923013914e-23, nan 
-2.125, -77.125, 2.96525121264921e-23, nan 
-1.875, -77.125, 2.0655404650313197e-23, nan 
-1.625, -77.125, 5.903823410381586e-23, nan 
-1.375, -77.125, 1.955502312411422e-22, nan 
-1.125, -77.125, 1.9506275386385524e-22, nan 
-0.875, -77.125, 1.3254134267368524e-22, nan 
-0.625, -77.125, 4.315392338021382e-23, nan 
-0.375, -77.125, 5.1198000458181845e-23, nan 
-0.125, -77.125, 5.173066945430422e-23, nan 
0.125, -77.125, 7.182426361213651e-23, nan 
0.375, -77.125, 8.09030971707975e-23, nan 
0.625, -77.125, 8.863508517913172e-23, nan 
0.875, -77.125, 8.073896412536185e-23, nan 
1.125, -77.125, 7.693940292899618e-23, nan 
1.375, -77.125, 8.926972161328828e-23, nan 
1.625, -77.125, 7.048632548173161e-23, nan 
1.875, -77.125, 6.940123530357375e-23, nan 
2.125, -77.125, 6.421746438248424e-23, nan 
2.375, -77.125, 6.169641388968169e-23, nan 
2.625, -77.125, 8.096421366995167e-23, nan 
2.875, -77.125, 9.116294844831589e-23, nan 
3.125, -77.125, 1.3026990064637824e-22, nan 
3.375, -77.125, 1.7474786760286454e-22, nan 
3.625, -77.125, 1.6728939096249422e-22, nan 
3.875, -77.125, 1.4446560288118238e-22, nan 
4.125, -77.125, 1.2389820519908486e-22, nan 
4.375, -77.125, 1.3418361073465217e-22, nan 
4.625, -77.125, 1.7641184850822745e-22, nan 
4.875, -77.125, 1.6928757166255235e-22, nan 
5.125, -77.125, 1.4352008885237004e-22, nan 
5.375, -77.125, 1.0309562465559728e-22, nan 
5.625, -77.125, 8.539405060395344e-23, nan 
5.875, -77.125, 1.3843980251250952e-22, nan 
6.125, -77.125, 1.6309065433257374e-22, nan 
6.375, -77.125, 1.1152018765724384e-22, nan 
6.625, -77.125, 1.065808632206979e-22, nan 
6.875, -77.125, 1.0006406055088415e-22, nan 
7.125, -77.125, 1.7658074958859179e-22, nan 
7.375, -77.125, 2.162572835960649e-22, nan 
7.625, -77.125, 1.6059770211110694e-22, nan 
7.875, -77.125, 9.785609928965479e-23, nan 
8.125, -77.125, 1.0303242118110656e-22, nan 
8.375, -77.125, 4.568565495938435e-23, nan 
8.625, -77.125, 7.531178223359763e-23, nan 
8.875, -77.125, 6.376844095039906e-23, nan 
9.125, -77.125, 7.355025064724681e-23, nan 
9.375, -77.125, 6.314293660795013e-23, nan 
9.625, -77.125, 4.841276849737494e-23, nan 
9.875, -77.125, 5.789303722709396e-23, nan 
10.125, -77.125, 6.007958851981703e-23, nan 
10.375, -77.125, 6.384772976545932e-23, nan 
10.625, -77.125, 7.587948058008427e-23, nan 
10.875, -77.125, 1.101987734080141e-22, nan 
11.125, -77.125, 1.662230262320707e-22, nan 
11.375, -77.125, 2.0588800289033842e-22, nan 
11.625, -77.125, 2.0054737348438334e-22, nan 
11.875, -77.125, 2.8997019067378504e-22, nan 
12.125, -77.125, 3.2138541730342937e-22, nan 
12.375, -77.125, 3.8299611749323295e-22, nan 
12.625, -77.125, 3.3129007801967466e-22, nan 
12.875, -77.125, 4.3387834110328765e-22, nan 
13.125, -77.125, 3.4616999265794456e-22, nan 
13.375, -77.125, 2.761263280477543e-22, nan 
13.625, -77.125, 3.2145098988634e-22, nan 
13.875, -77.125, 4.267182060021139e-22, nan 
14.125, -77.125, 4.2019667504616046e-22, nan 
14.375, -77.125, 3.0062735207526696e-22, nan 
14.625, -77.125, 1.7460547335062754e-22, nan 
-102.375, -76.875, 7.0256090929143895e-25, nan 
-102.125, -76.875, 7.313732135070604e-25, nan 
-101.875, -76.875, 7.285440659070064e-25, nan 
-101.625, -76.875, 4.0804904645708503e-25, nan 
-101.375, -76.875, 3.462601659261124e-25, nan 
-101.125, -76.875, 4.879360544233176e-25, nan 
-100.875, -76.875, 3.9437040277357005e-25, nan 
-100.625, -76.875, 4.017303693370485e-25, nan 
-100.375, -76.875, 8.178003526616074e-25, nan 
-100.125, -76.875, 5.680853174577332e-25, nan 
-99.875, -76.875, 6.740892813804154e-25, nan 
-99.625, -76.875, 3.72187674049684e-25, nan 
-99.375, -76.875, 7.1112566504723065e-25, nan 
-99.125, -76.875, 1.6476516110777298e-24, nan 
-98.875, -76.875, 1.680105803474469e-24, nan 
-98.625, -76.875, 1.9848361481417712e-24, nan 
-98.375, -76.875, 1.2312709186508896e-24, nan 
-98.125, -76.875, 1.851916160452502e-24, nan 
-97.875, -76.875, 1.3459671343130933e-24, nan 
-97.625, -76.875, 1.5582941778726241e-24, nan 
-97.375, -76.875, 1.0306063819485181e-24, nan 
-97.125, -76.875, 8.481358682213044e-25, nan 
-96.875, -76.875, 1.0584485943147258e-24, nan 
-96.625, -76.875, 6.006238780363329e-25, nan 
-96.375, -76.875, 1.2709363337091756e-24, nan 
-96.125, -76.875, 1.4502509428038447e-24, nan 
-95.875, -76.875, 9.898787719997883e-25, nan 
-95.625, -76.875, 9.08310882825031e-25, nan 
-95.375, -76.875, 1.160611635639435e-24, nan 
-95.125, -76.875, 1.6057346102170614e-24, nan 
-94.875, -76.875, 2.1806862267316202e-24, nan 
-94.625, -76.875, 2.111559082454783e-24, nan 
-94.375, -76.875, 2.5778021315549172e-24, nan 
-94.125, -76.875, 2.560723070497642e-24, nan 
-93.875, -76.875, 3.883263018161791e-24, nan 
-93.625, -76.875, 4.027568187064831e-24, nan 
-93.375, -76.875, 2.6137714368116444e-24, nan 
-93.125, -76.875, 2.3414185058185564e-24, nan 
-92.875, -76.875, 2.794287007088836e-24, nan 
-92.625, -76.875, 3.149756141069863e-24, nan 
-92.375, -76.875, 2.581920206313431e-24, nan 
-92.125, -76.875, 2.1968737044552174e-24, nan 
-91.875, -76.875, 4.887270024093405e-25, nan 
-91.625, -76.875, 1.6463751148405961e-24, nan 
-91.375, -76.875, 3.838135733052584e-24, nan 
-91.125, -76.875, 1.5610873299514302e-24, nan 
-90.875, -76.875, 1.0163817984910428e-24, nan 
-90.625, -76.875, 2.6245833572339324e-24, nan 
-90.375, -76.875, 4.063582021681543e-24, nan 
-90.125, -76.875, 3.701144689181216e-24, nan 
-89.875, -76.875, 3.351256471040002e-24, nan 
-89.625, -76.875, 5.034992300874195e-24, nan 
-89.375, -76.875, 6.141637886412542e-24, nan 
-89.125, -76.875, 7.313241356486895e-24, nan 
-88.875, -76.875, 8.196878801047735e-24, nan 
-88.625, -76.875, 8.948032092406064e-24, nan 
-88.375, -76.875, 7.889835500265678e-24, nan 
-88.125, -76.875, 7.234215633406193e-24, nan 
-87.875, -76.875, 8.051970832428397e-24, nan 
-87.625, -76.875, 1.0600482089527489e-23, nan 
-87.375, -76.875, 1.2565652227962476e-23, nan 
-87.125, -76.875, 1.2498487310433855e-23, nan 
-86.875, -76.875, 1.5695401131870925e-23, nan 
-86.625, -76.875, 1.2099314669103736e-23, nan 
-86.375, -76.875, 5.856134036062844e-24, nan 
-86.125, -76.875, 9.9212250058044e-24, nan 
-85.875, -76.875, 1.6060450541833194e-23, nan 
-85.625, -76.875, 2.290912195903571e-23, nan 
-85.375, -76.875, 2.3362290018028652e-23, nan 
-85.125, -76.875, 1.4008983849046506e-23, nan 
-84.875, -76.875, 8.512235917506804e-24, nan 
-84.625, -76.875, 7.33469646226468e-24, nan 
-84.375, -76.875, 1.131381383374933e-23, nan 
-84.125, -76.875, 9.438384067934968e-24, nan 
-83.875, -76.875, 5.993765728676206e-24, nan 
-83.625, -76.875, 4.569960476328711e-24, nan 
-83.375, -76.875, 7.597030208293733e-24, nan 
-83.125, -76.875, 1.0846033985449264e-23, nan 
-82.875, -76.875, 4.5887686342131154e-24, nan 
-82.625, -76.875, 7.847643556520928e-24, nan 
-82.375, -76.875, 9.478116466535534e-24, nan 
-82.125, -76.875, 5.560851299577634e-24, nan 
-81.875, -76.875, 6.86209388185118e-24, nan 
-81.625, -76.875, 5.8231637284983254e-24, nan 
-81.375, -76.875, 1.3791726051652956e-23, nan 
-81.125, -76.875, 2.067288797772113e-23, nan 
-80.875, -76.875, 1.52347467007897e-23, nan 
-80.625, -76.875, 7.372189272314378e-24, nan 
-80.375, -76.875, 1.5708009803021925e-23, nan 
-80.125, -76.875, 3.0909627995652565e-23, nan 
-79.875, -76.875, 3.576734221147345e-23, nan 
-79.625, -76.875, 3.65073689416815e-23, nan 
-79.375, -76.875, 1.873515637870106e-23, nan 
-79.125, -76.875, 1.6280299306817345e-23, nan 
-78.875, -76.875, 3.490619204635791e-23, nan 
-78.625, -76.875, 4.072526686311749e-23, nan 
-78.375, -76.875, 4.6798581972481065e-23, nan 
-78.125, -76.875, 2.8046182546034107e-23, nan 
-77.875, -76.875, 2.0558706867378723e-23, nan 
-77.625, -76.875, 2.2425042165109197e-23, nan 
-77.375, -76.875, 2.3685145007207203e-23, nan 
-77.125, -76.875, 2.0221640843061795e-23, nan 
-76.875, -76.875, 1.7923588551610517e-23, nan 
-76.625, -76.875, 1.9608974382502034e-23, nan 
-76.375, -76.875, 2.231526354105222e-23, nan 
-76.125, -76.875, 2.241938167195431e-23, nan 
-75.875, -76.875, 2.0007243710558545e-23, nan 
-75.625, -76.875, 2.618362576921103e-23, nan 
-75.375, -76.875, 2.527568434560846e-23, nan 
-75.125, -76.875, 2.141862613201531e-23, nan 
-74.875, -76.875, 2.7069434691329807e-23, nan 
-74.625, -76.875, 3.3497652370081215e-23, nan 
-74.375, -76.875, 2.2889229721415526e-23, nan 
-74.125, -76.875, 1.710412948026712e-23, nan 
-73.875, -76.875, 1.9610617131068154e-23, nan 
-73.625, -76.875, 2.182855760398551e-23, nan 
-73.375, -76.875, 3.961858833010725e-23, nan 
-73.125, -76.875, 2.989670392412606e-23, nan 
-72.875, -76.875, 2.717191967009041e-23, nan 
-72.625, -76.875, 2.3720425742217702e-23, nan 
-72.375, -76.875, 1.371730210226948e-23, nan 
-72.125, -76.875, 2.4002107262500327e-23, nan 
-71.875, -76.875, 3.045036306478097e-23, nan 
-71.625, -76.875, 2.9044958952237796e-23, nan 
-71.375, -76.875, 2.955541245520405e-23, nan 
-71.125, -76.875, 3.7963731688893627e-23, nan 
-70.875, -76.875, 1.7390861212232637e-23, nan 
-70.625, -76.875, 1.72338324438242e-23, nan 
-70.375, -76.875, 1.8982392777208568e-23, nan 
-70.125, -76.875, 1.5896411276438945e-23, nan 
-69.875, -76.875, 1.4226595587894114e-23, nan 
-69.625, -76.875, 9.169617658580373e-24, nan 
-69.375, -76.875, 1.9381153142467038e-23, nan 
-69.125, -76.875, 2.2221170271634307e-23, nan 
-68.875, -76.875, 2.443302049780498e-23, nan 
-68.625, -76.875, 1.6304973703898452e-23, nan 
-68.375, -76.875, 3.545756530187182e-23, nan 
-68.125, -76.875, 4.3689325046043456e-23, nan 
-67.875, -76.875, 5.1612507437332197e-23, nan 
-67.625, -76.875, 3.1167919935307443e-23, nan 
-67.375, -76.875, 8.922098928829358e-24, nan 
-67.125, -76.875, 2.2197680775738602e-23, nan 
-66.875, -76.875, 3.522056647088725e-23, nan 
-66.625, -76.875, 4.0244338746391614e-23, nan 
-66.375, -76.875, 3.8877375018697354e-23, nan 
-66.125, -76.875, 2.2957221314206866e-23, nan 
-65.875, -76.875, 1.998406333899683e-23, nan 
-65.625, -76.875, 4.4649513957400905e-23, nan 
-65.375, -76.875, 4.868956577168245e-23, nan 
-65.125, -76.875, 4.4933053484496404e-23, nan 
-64.875, -76.875, 3.254194368839747e-23, nan 
-64.625, -76.875, 1.9927704401211233e-23, nan 
-64.375, -76.875, 3.3160016714750376e-23, nan 
-64.125, -76.875, 3.018576775272366e-23, nan 
-63.875, -76.875, 2.826199962602166e-23, nan 
-63.625, -76.875, 3.5557942984276907e-23, nan 
-63.375, -76.875, 3.106291980279368e-23, nan 
-63.125, -76.875, 1.878730290603676e-23, nan 
-62.875, -76.875, 2.5052458747574017e-23, nan 
-62.625, -76.875, 1.7034638118234974e-23, nan 
-62.375, -76.875, 2.299791607901201e-23, nan 
-62.125, -76.875, 2.911951698785353e-23, nan 
-61.875, -76.875, 2.341202175627829e-23, nan 
-61.625, -76.875, 4.496023065900353e-23, nan 
-61.375, -76.875, 1.818183572056201e-23, nan 
-61.125, -76.875, 2.5483503915859384e-23, nan 
-60.875, -76.875, 1.5277071074958144e-23, nan 
-60.625, -76.875, 4.088817356640353e-23, nan 
-60.375, -76.875, 4.112834890022673e-23, nan 
-60.125, -76.875, 2.41998482374827e-23, nan 
-59.875, -76.875, 1.6572409509708404e-23, nan 
-59.625, -76.875, 1.4257892745795535e-23, nan 
-59.375, -76.875, 2.0295027097313614e-23, nan 
-59.125, -76.875, 2.3718562116451752e-23, nan 
-58.875, -76.875, 2.8028279206143094e-23, nan 
-58.625, -76.875, 2.94154552643038e-23, nan 
-58.375, -76.875, 1.6562063784749238e-23, nan 
-58.125, -76.875, 1.1454930065834204e-23, nan 
-57.875, -76.875, 8.148020517527463e-24, nan 
-57.625, -76.875, 1.4197078753118347e-23, nan 
-57.375, -76.875, 3.199870223457604e-23, nan 
-57.125, -76.875, 1.881371525209614e-23, nan 
-56.875, -76.875, 8.681625061745742e-24, nan 
-56.625, -76.875, 7.112810242811123e-24, nan 
-56.375, -76.875, 6.969599212876614e-24, nan 
-56.125, -76.875, 1.3701455234230874e-23, nan 
-55.875, -76.875, 1.4370377869065058e-23, nan 
-55.625, -76.875, 1.668350471128364e-23, nan 
-55.375, -76.875, 1.6844014663470272e-23, nan 
-55.125, -76.875, 2.4331733985857305e-23, nan 
-54.875, -76.875, 2.729149523890012e-23, nan 
-54.625, -76.875, 2.5569162796716297e-23, nan 
-54.375, -76.875, 2.6087762962755892e-23, nan 
-54.125, -76.875, 1.9710058346831076e-23, nan 
-53.875, -76.875, 1.6842669204230525e-23, nan 
-53.625, -76.875, 1.3052386965543747e-23, nan 
-53.375, -76.875, 1.2341305266156768e-23, nan 
-53.125, -76.875, 1.409488118184864e-23, nan 
-52.875, -76.875, 1.0868326571099481e-23, nan 
-52.625, -76.875, 1.4059272825672253e-23, nan 
-52.375, -76.875, 1.5032458160999436e-23, nan 
-52.125, -76.875, 9.100356525006315e-24, nan 
-51.875, -76.875, 7.740998338834682e-24, nan 
-51.625, -76.875, 7.846075439763139e-24, nan 
-51.375, -76.875, 9.791569268051943e-24, nan 
-51.125, -76.875, 1.0269523687689604e-23, nan 
-50.875, -76.875, 2.615073464903854e-24, nan 
-50.625, -76.875, 1.781030524086079e-24, nan 
-50.375, -76.875, 4.7506533047591956e-24, nan 
-50.125, -76.875, 2.6090287384871773e-24, nan 
-49.875, -76.875, 4.4852273845164014e-24, nan 
-49.625, -76.875, 6.737285797812949e-24, nan 
-49.375, -76.875, 6.4188135515460275e-24, nan 
-49.125, -76.875, 5.14186285405381e-24, nan 
-48.875, -76.875, 4.206822704379423e-24, nan 
-48.625, -76.875, 5.089535784610361e-24, nan 
-48.375, -76.875, 8.577418358316453e-24, nan 
-48.125, -76.875, 7.585912355671518e-24, nan 
-47.875, -76.875, 6.632494471670782e-24, nan 
-47.625, -76.875, 4.5374789192727045e-24, nan 
-47.375, -76.875, 2.8878554990881706e-24, nan 
-47.125, -76.875, 3.728399934105226e-24, nan 
-46.875, -76.875, 4.1747166167239985e-24, nan 
-46.625, -76.875, 4.359224577882938e-24, nan 
-46.375, -76.875, 3.3312716604864416e-24, nan 
-46.125, -76.875, 3.861152851056812e-24, nan 
-45.875, -76.875, 2.1855620651454488e-24, nan 
-45.625, -76.875, 2.5462936931477617e-24, nan 
-45.375, -76.875, 3.937060097777211e-24, nan 
-45.125, -76.875, 3.592501951255011e-24, nan 
-44.875, -76.875, 3.874558430741553e-24, nan 
-44.625, -76.875, 4.3963130221195865e-24, nan 
-44.375, -76.875, 5.877226657837279e-24, nan 
-44.125, -76.875, 4.889505498528085e-24, nan 
-43.875, -76.875, 4.308554455779218e-24, nan 
-43.625, -76.875, 4.050558993371814e-24, nan 
-43.375, -76.875, 5.993765097403928e-24, nan 
-43.125, -76.875, 6.497464869795154e-24, nan 
-42.875, -76.875, 5.949411988840487e-24, nan 
-42.625, -76.875, 6.234160798336093e-24, nan 
-42.375, -76.875, 3.1360910688573688e-24, nan 
-42.125, -76.875, 6.706984600564504e-24, nan 
-41.875, -76.875, 7.137949933165286e-24, nan 
-41.625, -76.875, 2.7033356607051924e-24, nan 
-41.375, -76.875, 2.782688513163278e-24, nan 
-41.125, -76.875, 3.312441159282168e-24, nan 
-40.875, -76.875, 6.091088995853356e-24, nan 
-40.625, -76.875, 8.067606569058826e-24, nan 
-40.375, -76.875, 4.8335438517051286e-24, nan 
-40.125, -76.875, 5.2647172698137614e-24, nan 
-39.875, -76.875, 8.225896777544893e-24, nan 
-39.625, -76.875, 6.464382879361507e-24, nan 
-39.375, -76.875, 1.0518106937815945e-23, nan 
-39.125, -76.875, 5.1224939511803656e-24, nan 
-38.875, -76.875, 6.26047071287327e-24, nan 
-38.625, -76.875, 1.47514768779994e-23, nan 
-38.375, -76.875, 3.640481513347668e-24, nan 
-38.125, -76.875, 5.233188672140035e-24, nan 
-37.875, -76.875, 5.5825777184121185e-24, nan 
-37.625, -76.875, 4.395380738453414e-24, nan 
-37.375, -76.875, 6.841051148420084e-24, nan 
-37.125, -76.875, 8.161994800514388e-24, nan 
-36.875, -76.875, 6.028124125197747e-24, nan 
-36.625, -76.875, 7.586528596939264e-24, nan 
-36.375, -76.875, 6.883537694998197e-24, nan 
-36.125, -76.875, 5.3235158839231944e-24, nan 
-35.875, -76.875, 5.148093275969397e-24, nan 
-35.625, -76.875, 3.255478441224337e-24, nan 
-35.375, -76.875, 2.814338003882185e-24, nan 
-35.125, -76.875, 3.1743244737958596e-24, nan 
-34.875, -76.875, 3.336214812383893e-24, nan 
-34.625, -76.875, 3.487834561835781e-24, nan 
-34.375, -76.875, 6.686539955842455e-24, nan 
-34.125, -76.875, 3.7353047233772634e-24, nan 
-33.875, -76.875, 5.181936086656366e-24, nan 
-33.625, -76.875, 1.2136432145092196e-23, nan 
-33.375, -76.875, 1.1562330911684055e-23, nan 
-33.125, -76.875, 1.2693527042184749e-23, nan 
-32.875, -76.875, 1.2704555462689357e-23, nan 
-32.625, -76.875, 1.8173718290269446e-23, nan 
-32.375, -76.875, 2.2145009553705657e-23, nan 
-32.125, -76.875, 1.5966185963175083e-23, nan 
-31.875, -76.875, 1.7033948196014045e-23, nan 
-31.625, -76.875, 1.7797338507587118e-23, nan 
-31.375, -76.875, 1.7492320671012826e-23, nan 
-31.125, -76.875, 1.169745668732751e-23, nan 
-30.875, -76.875, 1.4680146508602213e-23, nan 
-30.625, -76.875, 1.2980938281150357e-23, nan 
-30.375, -76.875, 1.475520511493688e-23, nan 
-30.125, -76.875, 1.1674962668722201e-23, nan 
-29.875, -76.875, 3.528226481617323e-24, nan 
-29.625, -76.875, 3.390863921788985e-24, nan 
-29.375, -76.875, 8.832233777009628e-24, nan 
-29.125, -76.875, 6.944436024564873e-24, nan 
-28.875, -76.875, 1.2224788318558868e-23, nan 
-28.625, -76.875, 1.2499116775586216e-23, nan 
-28.375, -76.875, 2.805214147759241e-23, nan 
-28.125, -76.875, 1.442420595229508e-23, nan 
-27.875, -76.875, 2.3148698925893988e-23, nan 
-27.625, -76.875, 1.5769850542179003e-23, nan 
-27.375, -76.875, 2.0200025623823758e-23, nan 
-27.125, -76.875, 2.0388210758368912e-23, nan 
-26.875, -76.875, 1.8170243990465575e-23, nan 
-26.625, -76.875, 1.9585583109418768e-23, nan 
-26.375, -76.875, 2.0427663519922625e-23, nan 
-26.125, -76.875, 2.403045053903507e-23, nan 
-25.875, -76.875, 2.7708772791355857e-23, nan 
-25.625, -76.875, 2.7152768513803825e-23, nan 
-25.375, -76.875, 2.8509196146297004e-23, nan 
-25.125, -76.875, 3.775693420712797e-23, nan 
-24.875, -76.875, 3.806971059926252e-23, nan 
-24.625, -76.875, 3.770801633652888e-23, nan 
-24.375, -76.875, 4.5796307734684297e-23, nan 
-24.125, -76.875, 4.310384900949725e-23, nan 
-23.875, -76.875, 3.9410560014642373e-23, nan 
-23.625, -76.875, 3.334110600800322e-23, nan 
-23.375, -76.875, 4.417621563266846e-23, nan 
-23.125, -76.875, 5.143427785652885e-23, nan 
-22.875, -76.875, 3.8609979570741214e-23, nan 
-22.625, -76.875, 2.5443812118646756e-23, nan 
-22.375, -76.875, 3.1221392638572046e-23, nan 
-22.125, -76.875, 2.755133592846933e-23, nan 
-21.875, -76.875, 5.409935350265414e-23, nan 
-21.625, -76.875, 1.5019124055656557e-23, nan 
-21.375, -76.875, 4.143096736135487e-23, nan 
-21.125, -76.875, 3.795375555721997e-23, nan 
-20.875, -76.875, 1.7918625158147536e-23, nan 
-20.625, -76.875, 1.5862310067527344e-23, nan 
-20.375, -76.875, 9.90871033922533e-24, nan 
-20.125, -76.875, 1.683051123728334e-23, nan 
-19.875, -76.875, 3.540238776940211e-23, nan 
-19.625, -76.875, 2.866192280443167e-23, nan 
-19.375, -76.875, 3.837040112498706e-23, nan 
-19.125, -76.875, 3.529199120939492e-23, nan 
-18.875, -76.875, 3.1553617666425635e-23, nan 
-18.625, -76.875, 5.0962013233022994e-23, nan 
-18.375, -76.875, 4.051632958957017e-23, nan 
-18.125, -76.875, 6.021282051421104e-23, nan 
-17.875, -76.875, 6.664496941273172e-23, nan 
-17.625, -76.875, 3.778573829958475e-23, nan 
-17.375, -76.875, 5.003389992178665e-23, nan 
-17.125, -76.875, 5.512836608141394e-23, nan 
-16.875, -76.875, 6.388011172918246e-23, nan 
-16.625, -76.875, 4.726285507978154e-23, nan 
-16.375, -76.875, 2.0145664650116185e-23, nan 
-16.125, -76.875, 5.253081997337927e-23, nan 
-15.875, -76.875, 6.305486907363502e-23, nan 
-15.625, -76.875, 7.436742639239357e-23, nan 
-15.375, -76.875, 6.804737502494826e-23, nan 
-15.125, -76.875, 1.8586721039417757e-23, nan 
-14.875, -76.875, 5.143828267873285e-23, nan 
-14.625, -76.875, 4.98340084260333e-23, nan 
-14.375, -76.875, 4.242535627759102e-23, nan 
-14.125, -76.875, 3.6803588392623536e-23, nan 
-13.875, -76.875, 3.739486631766242e-23, nan 
-13.625, -76.875, 2.7423744549518945e-23, nan 
-13.375, -76.875, 5.769159014821819e-23, nan 
-13.125, -76.875, 5.79704985346186e-23, nan 
-12.875, -76.875, 4.780651802725855e-23, nan 
-12.625, -76.875, 4.655346808872211e-23, nan 
-12.375, -76.875, 2.0413277694488922e-23, nan 
-12.125, -76.875, 4.045542119456965e-23, nan 
-11.875, -76.875, 4.537857679147917e-23, nan 
-11.625, -76.875, 4.3244044639232413e-23, nan 
-11.375, -76.875, 3.979728467869089e-23, nan 
-11.125, -76.875, 1.939508909126665e-23, nan 
-10.875, -76.875, 2.649816790406848e-23, nan 
-10.625, -76.875, 4.067767263638273e-23, nan 
-10.375, -76.875, 4.0099873277551803e-23, nan 
-10.125, -76.875, 3.1950200777765467e-23, nan 
-9.875, -76.875, 3.7176881810001185e-23, nan 
-9.625, -76.875, 2.835110072790158e-23, nan 
-9.375, -76.875, 3.005098774224576e-23, nan 
-9.125, -76.875, 3.189204034902407e-23, nan 
-8.875, -76.875, 3.704914517174557e-23, nan 
-8.625, -76.875, 5.518879577104142e-23, nan 
-8.375, -76.875, 5.808679739128174e-23, nan 
-8.125, -76.875, 5.441909846593395e-23, nan 
-7.875, -76.875, 4.459843826885787e-23, nan 
-7.625, -76.875, 3.259034661597286e-23, nan 
-7.375, -76.875, 6.458337238367333e-24, nan 
-7.125, -76.875, 1.4132008149915165e-23, nan 
-6.875, -76.875, 2.887294625509778e-23, nan 
-6.625, -76.875, 2.506899554765977e-23, nan 
-6.375, -76.875, 1.5767541306051506e-23, nan 
-6.125, -76.875, 8.309070121835338e-24, nan 
-5.875, -76.875, 3.274140675699311e-23, nan 
-5.625, -76.875, 8.608732665832554e-23, nan 
-5.375, -76.875, 8.484843433036643e-23, nan 
-5.125, -76.875, 4.268959385424247e-23, nan 
-4.875, -76.875, 3.8556166140212383e-23, nan 
-4.625, -76.875, 5.840739779651819e-23, nan 
-4.375, -76.875, 8.149465009559142e-23, nan 
-4.125, -76.875, 1.064921272204692e-22, nan 
-3.875, -76.875, 7.211229920727681e-23, nan 
-3.625, -76.875, 7.702188015322856e-23, nan 
-3.375, -76.875, 7.164475270468917e-23, nan 
-3.125, -76.875, 4.7694543313900405e-23, nan 
-2.875, -76.875, 7.379310380160102e-23, nan 
-2.625, -76.875, 2.244195945221685e-22, nan 
-2.375, -76.875, 2.245877389742412e-22, nan 
-2.125, -76.875, 1.511314460663871e-22, nan 
-1.875, -76.875, 2.3636878248829705e-23, nan 
-1.625, -76.875, 1.1544566515929042e-22, nan 
-1.375, -76.875, 4.051313057803163e-22, nan 
-1.125, -76.875, 4.007088864999008e-22, nan 
-0.875, -76.875, 2.470695640496964e-22, nan 
-0.625, -76.875, 3.166351006120948e-23, nan 
-0.375, -76.875, 6.748325483823985e-23, nan 
-0.125, -76.875, 1.7884593142515773e-22, nan 
0.125, -76.875, 1.87137260398819e-22, nan 
0.375, -76.875, 1.0509849022066853e-22, nan 
0.625, -76.875, 2.2483228996536584e-23, nan 
0.875, -76.875, 3.6684263788606297e-23, nan 
1.125, -76.875, 2.6079718789529948e-23, nan 
1.375, -76.875, 2.984495226313281e-23, nan 
1.625, -76.875, 2.2824072747640474e-23, nan 
1.875, -76.875, 2.805022910703836e-23, nan 
2.125, -76.875, 3.279787556683168e-23, nan 
2.375, -76.875, 3.4464146248700975e-23, nan 
2.625, -76.875, 3.7250980559135325e-23, nan 
2.875, -76.875, 4.0871317107992625e-23, nan 
3.125, -76.875, 5.32157578651046e-23, nan 
3.375, -76.875, 5.377919217155774e-23, nan 
3.625, -76.875, 4.691752989086547e-23, nan 
3.875, -76.875, 5.578727524381887e-23, nan 
4.125, -76.875, 6.773006760181423e-23, nan 
4.375, -76.875, 9.603679986435158e-23, nan 
4.625, -76.875, 1.2711896834662464e-22, nan 
4.875, -76.875, 1.1861637664600576e-22, nan 
5.125, -76.875, 1.1383903291100001e-22, nan 
5.375, -76.875, 1.0003705421431204e-22, nan 
5.625, -76.875, 8.347036789366889e-23, nan 
5.875, -76.875, 7.59629730923115e-23, nan 
6.125, -76.875, 1.2246943861073088e-22, nan 
6.375, -76.875, 1.6730297727736008e-22, nan 
6.625, -76.875, 1.1478921858439558e-22, nan 
6.875, -76.875, 8.606770406838755e-23, nan 
7.125, -76.875, 1.4282908218915818e-22, nan 
7.375, -76.875, 1.4477616674889767e-22, nan 
7.625, -76.875, 1.1198094129958947e-22, nan 
7.875, -76.875, 1.320588681296055e-22, nan 
8.125, -76.875, 1.0162087892777522e-22, nan 
8.375, -76.875, 8.97979753690506e-23, nan 
8.625, -76.875, 5.637942910382179e-23, nan 
8.875, -76.875, 5.132164912605385e-23, nan 
9.125, -76.875, 1.034195129054073e-22, nan 
9.375, -76.875, 1.1025650002517398e-22, nan 
9.625, -76.875, 1.0556377648026536e-22, nan 
9.875, -76.875, 1.2795131418593898e-22, nan 
10.125, -76.875, 1.3732976287351049e-22, nan 
10.375, -76.875, 1.5825956674755766e-22, nan 
10.625, -76.875, 1.6053769177027606e-22, nan 
10.875, -76.875, 1.2100752744166522e-22, nan 
11.125, -76.875, 1.1471710903103939e-22, nan 
11.375, -76.875, 1.1448111384031445e-22, nan 
11.625, -76.875, 9.428829034537748e-23, nan 
11.875, -76.875, 8.411537275109795e-23, nan 
12.125, -76.875, 9.875649384052789e-23, nan 
12.375, -76.875, 1.7393778682861854e-22, nan 
12.625, -76.875, 2.243225583225674e-22, nan 
12.875, -76.875, 2.2991589093252974e-22, nan 
13.125, -76.875, 2.370515963951558e-22, nan 
13.375, -76.875, 1.9206608360348092e-22, nan 
13.625, -76.875, 2.073797098593449e-22, nan 
13.875, -76.875, 2.140607404644211e-22, nan 
14.125, -76.875, 2.211650415625947e-22, nan 
14.375, -76.875, 1.2273513626579654e-22, nan 
14.625, -76.875, 1.3715584724113616e-22, nan 
-99.625, -76.625, 6.334787705593817e-25, nan 
-99.375, -76.625, 9.550741118452095e-25, nan 
-99.125, -76.625, 1.3434807703640363e-24, nan 
-98.875, -76.625, 1.2860507440669012e-24, nan 
-98.625, -76.625, 1.2305643584730205e-24, nan 
-98.375, -76.625, 1.2432311989884483e-24, nan 
-98.125, -76.625, 1.952333093573639e-24, nan 
-97.875, -76.625, 1.105400218049876e-24, nan 
-97.625, -76.625, 1.2847406744297626e-24, nan 
-97.375, -76.625, 1.117190969372115e-24, nan 
-97.125, -76.625, 8.591442007478653e-25, nan 
-96.875, -76.625, 1.3771811797888461e-24, nan 
-96.625, -76.625, 6.46163788736062e-25, nan 
-96.375, -76.625, 1.335290994902469e-24, nan 
-96.125, -76.625, 1.4683247591457615e-24, nan 
-95.875, -76.625, 1.072038318677081e-24, nan 
-95.625, -76.625, 8.980025317956408e-25, nan 
-95.375, -76.625, 3.4961094017214996e-25, nan 
-95.125, -76.625, 9.477116646219336e-25, nan 
-94.875, -76.625, 1.1890907628190248e-24, nan 
-94.625, -76.625, 1.4924248681597832e-24, nan 
-94.375, -76.625, 1.6410172267297606e-24, nan 
-94.125, -76.625, 1.740889133549809e-24, nan 
-93.875, -76.625, 2.1072832747950397e-24, nan 
-93.625, -76.625, 2.739466849526576e-24, nan 
-93.375, -76.625, 1.930419159626967e-24, nan 
-93.125, -76.625, 1.8808009507252153e-24, nan 
-92.875, -76.625, 1.584585168275683e-24, nan 
-92.625, -76.625, 1.4562641751252712e-24, nan 
-92.375, -76.625, 1.3938310483758472e-24, nan 
-92.125, -76.625, 1.5370825329482915e-24, nan 
-91.875, -76.625, 1.907356549998191e-24, nan 
-91.625, -76.625, 2.5254708752596035e-24, nan 
-91.375, -76.625, 2.863849412709861e-24, nan 
-91.125, -76.625, 1.75031801442218e-24, nan 
-90.875, -76.625, 1.5473752032623341e-24, nan 
-90.625, -76.625, 2.6074023781483342e-24, nan 
-90.375, -76.625, 3.630017965478156e-24, nan 
-90.125, -76.625, 3.319259098063738e-24, nan 
-89.875, -76.625, 3.565709437876868e-24, nan 
-89.625, -76.625, 5.635237096010677e-24, nan 
-89.375, -76.625, 5.9990425682080906e-24, nan 
-89.125, -76.625, 4.861463137068692e-24, nan 
-88.875, -76.625, 4.1478561102900224e-24, nan 
-88.625, -76.625, 4.1974322614987216e-24, nan 
-88.375, -76.625, 6.01469352322224e-24, nan 
-88.125, -76.625, 6.742823808104306e-24, nan 
-87.875, -76.625, 6.507548564144943e-24, nan 
-87.625, -76.625, 7.862916463151503e-24, nan 
-87.375, -76.625, 9.124130149992668e-24, nan 
-87.125, -76.625, 8.081308066947091e-24, nan 
-86.875, -76.625, 8.088443899429659e-24, nan 
-86.625, -76.625, 6.74814390574295e-24, nan 
-86.375, -76.625, 5.704870460778694e-24, nan 
-86.125, -76.625, 8.714758475254776e-24, nan 
-85.875, -76.625, 8.726496526338935e-24, nan 
-85.625, -76.625, 1.2391618610738078e-23, nan 
-85.375, -76.625, 1.1260193731315123e-23, nan 
-85.125, -76.625, 6.166094342875574e-24, nan 
-84.875, -76.625, 6.381716195780815e-24, nan 
-84.625, -76.625, 5.6078893605463484e-24, nan 
-84.375, -76.625, 9.38771452505335e-24, nan 
-84.125, -76.625, 4.7656242369185664e-24, nan 
-83.875, -76.625, 5.368629428249654e-24, nan 
-83.625, -76.625, 8.378526267228913e-24, nan 
-83.375, -76.625, 9.240778399835141e-24, nan 
-83.125, -76.625, 6.1392914762907986e-24, nan 
-82.875, -76.625, 3.312164104609607e-24, nan 
-82.625, -76.625, 3.858866711724144e-24, nan 
-82.375, -76.625, 6.108806403156619e-24, nan 
-82.125, -76.625, 9.276894007783477e-24, nan 
-81.875, -76.625, 6.0658398698756785e-24, nan 
-81.625, -76.625, 7.651248659864459e-24, nan 
-81.375, -76.625, 1.243234566257862e-23, nan 
-81.125, -76.625, 1.430174712939529e-23, nan 
-80.875, -76.625, 1.6762758323503984e-23, nan 
-80.625, -76.625, 1.4093269952434872e-23, nan 
-80.375, -76.625, 1.0091824064402312e-23, nan 
-80.125, -76.625, 1.841732213943602e-23, nan 
-79.875, -76.625, 3.324375384469686e-23, nan 
-79.625, -76.625, 3.906268492521243e-23, nan 
-79.375, -76.625, 3.342730564253801e-23, nan 
-79.125, -76.625, 2.3758671616837193e-23, nan 
-78.875, -76.625, 2.7640751065749705e-23, nan 
-78.625, -76.625, 4.0976849458825155e-23, nan 
-78.375, -76.625, 5.0872655962976737e-23, nan 
-78.125, -76.625, 4.937973571385363e-23, nan 
-77.875, -76.625, 3.935454760803318e-23, nan 
-77.625, -76.625, 3.707564046169694e-23, nan 
-77.375, -76.625, 4.7356620196892986e-23, nan 
-77.125, -76.625, 3.841652156188513e-23, nan 
-76.875, -76.625, 4.3026832168358243e-23, nan 
-76.625, -76.625, 5.572656241098215e-23, nan 
-76.375, -76.625, 6.606941600548567e-23, nan 
-76.125, -76.625, 6.115991317523818e-23, nan 
-75.875, -76.625, 3.3018785972429797e-23, nan 
-75.625, -76.625, 3.068622994727296e-23, nan 
-75.375, -76.625, 4.080584617540062e-23, nan 
-75.125, -76.625, 4.5892525547839996e-23, nan 
-74.875, -76.625, 3.974415214733014e-23, nan 
-74.625, -76.625, 2.13163053578661e-23, nan 
-74.375, -76.625, 1.573434306727897e-23, nan 
-74.125, -76.625, 1.1204287152311782e-23, nan 
-73.875, -76.625, 1.650401543994194e-23, nan 
-73.625, -76.625, 2.197645159361553e-23, nan 
-73.375, -76.625, 3.005291914040527e-23, nan 
-73.125, -76.625, 4.848079404849862e-24, nan 
-72.875, -76.625, 2.0355401525079395e-23, nan 
-72.625, -76.625, 3.279310383328568e-23, nan 
-72.375, -76.625, 2.1970581531552174e-23, nan 
-72.125, -76.625, 1.7954627341305853e-23, nan 
-71.875, -76.625, 3.2849167732884466e-23, nan 
-71.625, -76.625, 3.5977833288260355e-23, nan 
-71.375, -76.625, 4.6239545450705066e-23, nan 
-71.125, -76.625, 4.8082968705207253e-23, nan 
-70.875, -76.625, 1.9956138910807153e-23, nan 
-70.625, -76.625, 2.761997985202907e-23, nan 
-70.375, -76.625, 4.384396262783469e-23, nan 
-70.125, -76.625, 4.7761503834809465e-23, nan 
-69.875, -76.625, 4.0880749220369073e-23, nan 
-69.625, -76.625, 2.217939393490308e-23, nan 
-69.375, -76.625, 2.078282689193999e-23, nan 
-69.125, -76.625, 2.648099929359294e-23, nan 
-68.875, -76.625, 4.052189633942863e-23, nan 
-68.625, -76.625, 3.3425917917223946e-23, nan 
-68.375, -76.625, 3.3913010388053545e-23, nan 
-68.125, -76.625, 3.369481741232872e-23, nan 
-67.875, -76.625, 3.7331531564482036e-23, nan 
-67.625, -76.625, 3.939686349243102e-23, nan 
-67.375, -76.625, 2.6946059315253267e-23, nan 
-67.125, -76.625, 1.688664311735054e-23, nan 
-66.875, -76.625, 2.830315745703147e-23, nan 
-66.625, -76.625, 3.2145811428297545e-23, nan 
-66.375, -76.625, 2.1690831914786097e-23, nan 
-66.125, -76.625, 1.9190405269836953e-23, nan 
-65.875, -76.625, 3.452083078344867e-23, nan 
-65.625, -76.625, 2.4759723310315282e-23, nan 
-65.375, -76.625, 2.697853814607707e-23, nan 
-65.125, -76.625, 2.5127932623307313e-23, nan 
-64.875, -76.625, 3.15602987165667e-23, nan 
-64.625, -76.625, 2.8071999679412696e-23, nan 
-64.375, -76.625, 3.4243147928822465e-23, nan 
-64.125, -76.625, 3.475931224317988e-23, nan 
-63.875, -76.625, 3.4037218673015234e-23, nan 
-63.625, -76.625, 4.639924554638779e-23, nan 
-63.375, -76.625, 1.8487072181878838e-23, nan 
-63.125, -76.625, 1.9601425919820044e-23, nan 
-62.875, -76.625, 3.1975448934454785e-23, nan 
-62.625, -76.625, 2.3883448892485755e-23, nan 
-62.375, -76.625, 2.5450121175767388e-23, nan 
-62.125, -76.625, 2.945099316084613e-23, nan 
-61.875, -76.625, 2.209670102886103e-23, nan 
-61.625, -76.625, 1.586059167985866e-23, nan 
-61.375, -76.625, 2.087733606553556e-23, nan 
-61.125, -76.625, 2.717603138596387e-23, nan 
-60.875, -76.625, 2.552841453572396e-23, nan 
-60.625, -76.625, 4.478893257708344e-23, nan 
-60.375, -76.625, 3.681802712618383e-23, nan 
-60.125, -76.625, 2.5373420388470763e-23, nan 
-59.875, -76.625, 3.278000668981172e-23, nan 
-59.625, -76.625, 1.2084922649542974e-23, nan 
-59.375, -76.625, 2.0086408813059524e-23, nan 
-59.125, -76.625, 2.7335205401121373e-23, nan 
-58.875, -76.625, 3.504345996156796e-23, nan 
-58.625, -76.625, 4.098429182274868e-23, nan 
-58.375, -76.625, 1.2619437466046667e-23, nan 
-58.125, -76.625, 8.367105048828082e-24, nan 
-57.875, -76.625, 1.1118201983713119e-23, nan 
-57.625, -76.625, 1.5256896321978845e-23, nan 
-57.375, -76.625, 1.7269429377227174e-23, nan 
-57.125, -76.625, 8.832476002163246e-24, nan 
-56.875, -76.625, 8.219175290906965e-24, nan 
-56.625, -76.625, 6.429374504308394e-24, nan 
-56.375, -76.625, 6.3964122841490834e-24, nan 
-56.125, -76.625, 6.100950465292076e-24, nan 
-55.875, -76.625, 1.868337213937396e-24, nan 
-55.625, -76.625, 3.461934687770182e-24, nan 
-55.375, -76.625, 9.782194264012504e-24, nan 
-55.125, -76.625, 1.0512022963128397e-23, nan 
-54.875, -76.625, 9.373224550079313e-24, nan 
-54.625, -76.625, 1.8072813474883803e-23, nan 
-54.375, -76.625, 1.7734606804736668e-23, nan 
-54.125, -76.625, 1.8091199200727527e-23, nan 
-53.875, -76.625, 1.8659962981516584e-23, nan 
-53.625, -76.625, 1.6232693985159642e-23, nan 
-53.375, -76.625, 1.3788376678698186e-23, nan 
-53.125, -76.625, 9.104573896214897e-24, nan 
-52.875, -76.625, 1.0832004376604746e-23, nan 
-52.625, -76.625, 1.453508010558777e-23, nan 
-52.375, -76.625, 1.6002042803281297e-23, nan 
-52.125, -76.625, 9.109497300248782e-24, nan 
-51.875, -76.625, 6.754200458712922e-24, nan 
-51.625, -76.625, 6.396163517890684e-24, nan 
-51.375, -76.625, 2.5627642342404123e-24, nan 
-51.125, -76.625, 2.4555542521375634e-24, nan 
-50.875, -76.625, 2.0492975393311847e-24, nan 
-50.625, -76.625, 2.6969447006680296e-24, nan 
-50.375, -76.625, 2.988983579075283e-24, nan 
-50.125, -76.625, 2.812424001758712e-24, nan 
-49.875, -76.625, 2.3508628673928796e-24, nan 
-49.625, -76.625, 2.9494134073284645e-24, nan 
-49.375, -76.625, 4.0904364907096015e-24, nan 
-49.125, -76.625, 4.936159595260206e-24, nan 
-48.875, -76.625, 4.781415836533367e-24, nan 
-48.625, -76.625, 4.037815660011577e-24, nan 
-48.375, -76.625, 4.8851711055446605e-24, nan 
-48.125, -76.625, 4.979969188187985e-24, nan 
-47.875, -76.625, 5.948506209181149e-24, nan 
-47.625, -76.625, 5.820635693762105e-24, nan 
-47.375, -76.625, 3.586419611876673e-24, nan 
-47.125, -76.625, 1.804739439482606e-24, nan 
-46.875, -76.625, 3.050147464437055e-24, nan 
-46.625, -76.625, 4.680833610811343e-24, nan 
-46.375, -76.625, 4.7746337161376985e-24, nan 
-46.125, -76.625, 4.53674602337043e-24, nan 
-45.875, -76.625, 3.71233857234654e-24, nan 
-45.625, -76.625, 3.396569341366166e-24, nan 
-45.375, -76.625, 5.194660197992726e-24, nan 
-45.125, -76.625, 4.94399697520319e-24, nan 
-44.875, -76.625, 4.407409571638454e-24, nan 
-44.625, -76.625, 4.5663933744388695e-24, nan 
-44.375, -76.625, 5.393337567681038e-24, nan 
-44.125, -76.625, 5.850724650874498e-24, nan 
-43.875, -76.625, 7.683906774042365e-24, nan 
-43.625, -76.625, 7.000618066734384e-24, nan 
-43.375, -76.625, 6.665560080940713e-24, nan 
-43.125, -76.625, 7.371191125895612e-24, nan 
-42.875, -76.625, 7.083696310445904e-24, nan 
-42.625, -76.625, 8.717854323052255e-24, nan 
-42.375, -76.625, 4.243164835332349e-24, nan 
-42.125, -76.625, 6.602598504770114e-24, nan 
-41.875, -76.625, 7.029856875637437e-24, nan 
-41.625, -76.625, 4.147589999690389e-24, nan 
-41.375, -76.625, 5.556970084438594e-24, nan 
-41.125, -76.625, 7.333291058274573e-24, nan 
-40.875, -76.625, 6.87054804050399e-24, nan 
-40.625, -76.625, 5.991432654353326e-24, nan 
-40.375, -76.625, 4.939990958958039e-24, nan 
-40.125, -76.625, 4.840818032577144e-24, nan 
-39.875, -76.625, 4.157464398768341e-24, nan 
-39.625, -76.625, 5.306660104084501e-24, nan 
-39.375, -76.625, 7.52993171949692e-24, nan 
-39.125, -76.625, 5.4738675819714995e-24, nan 
-38.875, -76.625, 5.627156577473302e-24, nan 
-38.625, -76.625, 1.2792761954696212e-23, nan 
-38.375, -76.625, 1.1683664942752132e-23, nan 
-38.125, -76.625, 9.498795999403604e-24, nan 
-37.875, -76.625, 7.802806606849522e-24, nan 
-37.625, -76.625, 1.2896935809023303e-23, nan 
-37.375, -76.625, 1.0104148146009157e-23, nan 
-37.125, -76.625, 1.4329532678436987e-23, nan 
-36.875, -76.625, 1.1355817158615368e-23, nan 
-36.625, -76.625, 8.403810769898978e-24, nan 
-36.375, -76.625, 1.1561735101269692e-23, nan 
-36.125, -76.625, 4.8642822824539425e-24, nan 
-35.875, -76.625, 4.107599897812211e-24, nan 
-35.625, -76.625, 6.721958263630642e-24, nan 
-35.375, -76.625, 7.16508208117138e-24, nan 
-35.125, -76.625, 6.841886572905566e-24, nan 
-34.875, -76.625, 1.2698090976023371e-23, nan 
-34.625, -76.625, 2.1802522066577243e-23, nan 
-34.375, -76.625, 2.3343254295066475e-23, nan 
-34.125, -76.625, 4.9558680792266446e-23, nan 
-33.875, -76.625, 5.35646620080783e-23, nan 
-33.625, -76.625, 3.627544044998835e-23, nan 
-33.375, -76.625, 1.922716778648384e-23, nan 
-33.125, -76.625, 3.5368436592418916e-23, nan 
-32.875, -76.625, 3.4276236280013016e-23, nan 
-32.625, -76.625, 3.077296312309427e-23, nan 
-32.375, -76.625, 3.218258214851649e-23, nan 
-32.125, -76.625, 2.9290623553341163e-23, nan 
-31.875, -76.625, 2.728894024550816e-23, nan 
-31.625, -76.625, 2.1567166614703248e-23, nan 
-31.375, -76.625, 1.9515457257350485e-23, nan 
-31.125, -76.625, 1.841404605176475e-23, nan 
-30.875, -76.625, 1.911793705906909e-23, nan 
-30.625, -76.625, 1.5957256425603038e-23, nan 
-30.375, -76.625, 1.6266444299709773e-23, nan 
-30.125, -76.625, 1.7213784947867446e-23, nan 
-29.875, -76.625, 2.232465789328828e-23, nan 
-29.625, -76.625, 2.668573085726772e-23, nan 
-29.375, -76.625, 1.4226256753312277e-23, nan 
-29.125, -76.625, 1.6469613277110738e-23, nan 
-28.875, -76.625, 1.6385327954795316e-23, nan 
-28.625, -76.625, 3.0271328051684446e-23, nan 
-28.375, -76.625, 5.646893945605266e-23, nan 
-28.125, -76.625, 1.097404202428964e-22, nan 
-27.875, -76.625, 1.08490362221283e-22, nan 
-27.625, -76.625, 1.0519760565972245e-22, nan 
-27.375, -76.625, 9.923470763485038e-23, nan 
-27.125, -76.625, 5.262337282263829e-23, nan 
-26.875, -76.625, 4.6291294241158046e-23, nan 
-26.625, -76.625, 4.934672576922235e-23, nan 
-26.375, -76.625, 4.976067865374245e-23, nan 
-26.125, -76.625, 3.9734798497197077e-23, nan 
-25.875, -76.625, 3.390019474086385e-23, nan 
-25.625, -76.625, 3.440136704944086e-23, nan 
-25.375, -76.625, 3.421736424333276e-23, nan 
-25.125, -76.625, 3.5811922930392263e-23, nan 
-24.875, -76.625, 3.332279499550478e-23, nan 
-24.625, -76.625, 2.8381062735270624e-23, nan 
-24.375, -76.625, 3.373215035992979e-23, nan 
-24.125, -76.625, 3.043345066444282e-23, nan 
-23.875, -76.625, 2.706005825591406e-23, nan 
-23.625, -76.625, 1.7587903768478696e-23, nan 
-23.375, -76.625, 1.5321660987466824e-23, nan 
-23.125, -76.625, 1.3863457746683084e-23, nan 
-22.875, -76.625, 1.0272287403288418e-23, nan 
-22.625, -76.625, 7.341137234842569e-24, nan 
-22.375, -76.625, 8.621403839807064e-24, nan 
-22.125, -76.625, 6.5716604306676654e-24, nan 
-21.875, -76.625, 1.3851365385615688e-23, nan 
-21.625, -76.625, 2.30525349475234e-23, nan 
-21.375, -76.625, 2.7928982219118595e-23, nan 
-21.125, -76.625, 4.151538547848854e-23, nan 
-20.875, -76.625, 1.5454796100900465e-23, nan 
-20.625, -76.625, 1.3967316390659644e-23, nan 
-20.375, -76.625, 2.1163622337988855e-23, nan 
-20.125, -76.625, 2.472080305910688e-23, nan 
-19.875, -76.625, 2.9041546140429725e-23, nan 
-19.625, -76.625, 2.3873104217899622e-23, nan 
-19.375, -76.625, 2.1441595910665828e-23, nan 
-19.125, -76.625, 2.470638631631431e-23, nan 
-18.875, -76.625, 2.2646472950265595e-23, nan 
-18.625, -76.625, 3.764153422727128e-23, nan 
-18.375, -76.625, 3.7638688858704667e-23, nan 
-18.125, -76.625, 4.625662079643692e-23, nan 
-17.875, -76.625, 5.1705189868075115e-23, nan 
-17.625, -76.625, 3.666321253697837e-23, nan 
-17.375, -76.625, 4.894773611919181e-23, nan 
-17.125, -76.625, 5.152425965500488e-23, nan 
-16.875, -76.625, 6.423851454351452e-23, nan 
-16.625, -76.625, 6.894394388328768e-23, nan 
-16.375, -76.625, 5.89128021873626e-23, nan 
-16.125, -76.625, 6.762644697729232e-23, nan 
-15.875, -76.625, 6.670226346334754e-23, nan 
-15.625, -76.625, 6.071344718510261e-23, nan 
-15.375, -76.625, 4.613235349905871e-23, nan 
-15.125, -76.625, 4.4687479069951664e-23, nan 
-14.875, -76.625, 4.4809409020565584e-23, nan 
-14.625, -76.625, 3.037717839901029e-23, nan 
-14.375, -76.625, 1.0520892150217547e-23, nan 
-14.125, -76.625, 2.6551115136587985e-23, nan 
-13.875, -76.625, 2.2031534829187364e-23, nan 
-13.625, -76.625, 2.44258630640778e-23, nan 
-13.375, -76.625, 5.1329107204967685e-23, nan 
-13.125, -76.625, 4.3405827479743443e-23, nan 
-12.875, -76.625, 3.5660423987820956e-23, nan 
-12.625, -76.625, 3.5437402849173344e-23, nan 
-12.375, -76.625, 1.5218514029790186e-23, nan 
-12.125, -76.625, 2.1931146420876337e-23, nan 
-11.875, -76.625, 3.8844280799850074e-23, nan 
-11.625, -76.625, 2.8290312097254735e-23, nan 
-11.375, -76.625, 1.748181804903025e-23, nan 
-11.125, -76.625, 2.2708605636263246e-23, nan 
-10.875, -76.625, 2.069548117067831e-23, nan 
-10.625, -76.625, 1.591051766031532e-23, nan 
-10.375, -76.625, 1.7411202752039057e-23, nan 
-10.125, -76.625, 1.7251420916971577e-23, nan 
-9.875, -76.625, 1.2442226863310741e-23, nan 
-9.625, -76.625, 1.212520496685683e-23, nan 
-9.375, -76.625, 3.5409037409760027e-23, nan 
-9.125, -76.625, 4.607178795261534e-23, nan 
-8.875, -76.625, 6.603949158262225e-23, nan 
-8.625, -76.625, 7.559047252905914e-23, nan 
-8.375, -76.625, 8.560422633893941e-23, nan 
-8.125, -76.625, 5.903646035237985e-23, nan 
-7.875, -76.625, 3.53593684324604e-23, nan 
-7.625, -76.625, 3.2192971479470336e-23, nan 
-7.375, -76.625, 1.9130582725227512e-23, nan 
-7.125, -76.625, 2.2090063523874643e-23, nan 
-6.875, -76.625, 3.463513353695853e-23, nan 
-6.625, -76.625, 2.989226532346545e-23, nan 
-6.375, -76.625, 3.7192628278239725e-23, nan 
-6.125, -76.625, 3.166109530497506e-23, nan 
-5.875, -76.625, 5.083414442954911e-23, nan 
-5.625, -76.625, 8.795316927588202e-23, nan 
-5.375, -76.625, 7.408998771878559e-23, nan 
-5.125, -76.625, 6.897412205879138e-23, nan 
-4.875, -76.625, 6.911238440061277e-23, nan 
-4.625, -76.625, 9.386520695832563e-23, nan 
-4.375, -76.625, 1.1205674518065464e-22, nan 
-4.125, -76.625, 7.022009379756332e-23, nan 
-3.875, -76.625, 1.0940836374678396e-22, nan 
-3.625, -76.625, 1.188017465321235e-22, nan 
-3.375, -76.625, 1.081754180767365e-22, nan 
-3.125, -76.625, 8.872159286530523e-23, nan 
-2.875, -76.625, 8.222489702073994e-23, nan 
-2.625, -76.625, 9.146642363892087e-23, nan 
-2.375, -76.625, 7.952586690895467e-23, nan 
-2.125, -76.625, 6.883255790482947e-23, nan 
-1.875, -76.625, 5.372089808619425e-23, nan 
-1.625, -76.625, 6.288688831863153e-23, nan 
-1.375, -76.625, 2.196691096423515e-22, nan 
-1.125, -76.625, 2.225777233718252e-22, nan 
-0.875, -76.625, 1.3333316489245424e-22, nan 
-0.625, -76.625, 2.8905083203187817e-23, nan 
-0.375, -76.625, 3.404405053747319e-23, nan 
-0.125, -76.625, 2.186266155745142e-23, nan 
0.125, -76.625, 3.517164817790197e-23, nan 
0.375, -76.625, 1.8175732072335177e-23, nan 
0.625, -76.625, 1.7386813990114763e-23, nan 
0.875, -76.625, 2.2751802754670272e-23, nan 
1.125, -76.625, 2.2905090010547275e-23, nan 
1.375, -76.625, 2.1782085762298122e-23, nan 
1.625, -76.625, 2.6413434098358252e-23, nan 
1.875, -76.625, 2.9311801619125825e-23, nan 
2.125, -76.625, 3.520124321141239e-23, nan 
2.375, -76.625, 3.35070788504272e-23, nan 
2.625, -76.625, 4.143763876689034e-23, nan 
2.875, -76.625, 5.265250625159436e-23, nan 
3.125, -76.625, 5.576765531847867e-23, nan 
3.375, -76.625, 6.471271817857329e-23, nan 
3.625, -76.625, 5.693585004043387e-23, nan 
3.875, -76.625, 6.216140974817706e-23, nan 
4.125, -76.625, 6.690163157717444e-23, nan 
4.375, -76.625, 7.111498859893521e-23, nan 
4.625, -76.625, 8.072797432698841e-23, nan 
4.875, -76.625, 1.0157446657377956e-22, nan 
5.125, -76.625, 1.250175820302094e-22, nan 
5.375, -76.625, 4.3620761680254906e-23, nan 
5.625, -76.625, 5.700131587468896e-23, nan 
5.875, -76.625, 6.411550255688789e-23, nan 
6.125, -76.625, 2.5441697911073874e-22, nan 
6.375, -76.625, 3.111719340121416e-22, nan 
6.625, -76.625, 7.688953098804494e-23, nan 
6.875, -76.625, 6.105250483323246e-23, nan 
7.125, -76.625, 5.88150653692897e-23, nan 
7.375, -76.625, 2.2548315401709975e-22, nan 
7.625, -76.625, 2.178481884628322e-22, nan 
7.875, -76.625, 9.860338342143227e-23, nan 
8.125, -76.625, 8.734110269812725e-23, nan 
8.375, -76.625, 5.527688473423533e-23, nan 
8.625, -76.625, 8.53122905047956e-23, nan 
8.875, -76.625, 7.24049632662366e-23, nan 
9.125, -76.625, 8.135972314180427e-23, nan 
9.375, -76.625, 1.7790586358070064e-22, nan 
9.625, -76.625, 1.3365684720306931e-22, nan 
9.875, -76.625, 1.7304415088732905e-22, nan 
10.125, -76.625, 1.816584789574901e-22, nan 
10.375, -76.625, 1.933654958518025e-22, nan 
10.625, -76.625, 2.0713625964110825e-22, nan 
10.875, -76.625, 1.556418588244656e-22, nan 
11.125, -76.625, 1.4627639441960867e-22, nan 
11.375, -76.625, 1.5745042481893257e-22, nan 
11.625, -76.625, 1.8864818681773286e-22, nan 
11.875, -76.625, 2.186166520408733e-22, nan 
12.125, -76.625, 2.047561227333126e-22, nan 
12.375, -76.625, 1.9708685834796022e-22, nan 
12.625, -76.625, 2.2505566657262844e-22, nan 
12.875, -76.625, 2.1069039358065684e-22, nan 
13.125, -76.625, 1.8579272787049984e-22, nan 
13.375, -76.625, 2.5086211150896157e-22, nan 
13.625, -76.625, 2.0936133455840666e-22, nan 
13.875, -76.625, 2.0998492985378288e-22, nan 
14.125, -76.625, 1.4288514869350914e-22, nan 
14.375, -76.625, 2.0863572524296227e-22, nan 
14.625, -76.625, 3.639504584218936e-22, nan 
-97.375, -76.375, 2.0070904983315706e-24, nan 
-97.125, -76.375, 7.797630605795913e-25, nan 
-96.875, -76.375, 1.2828163695222125e-24, nan 
-96.625, -76.375, 4.0465413558518653e-25, nan 
-96.375, -76.375, 1.1127986882841078e-24, nan 
-96.125, -76.375, 1.2542208951139103e-24, nan 
-95.875, -76.375, 1.0171273812785112e-24, nan 
-95.625, -76.375, 1.6628795095642546e-24, nan 
-95.375, -76.375, 6.886395240017657e-25, nan 
-95.125, -76.375, 9.358452091392446e-25, nan 
-94.875, -76.375, 1.562812588999685e-24, nan 
-94.625, -76.375, 1.9561773318873804e-24, nan 
-94.375, -76.375, 2.3775803563426945e-24, nan 
-94.125, -76.375, 2.7431913279431455e-24, nan 
-93.875, -76.375, 1.5820220030670171e-24, nan 
-93.625, -76.375, 1.3288770663873343e-24, nan 
-93.375, -76.375, 2.6111815113055708e-24, nan 
-93.125, -76.375, 3.290326556141168e-24, nan 
-92.875, -76.375, 2.921203918182501e-24, nan 
-92.625, -76.375, 2.3863764364676787e-24, nan 
-92.375, -76.375, 1.850731454300612e-24, nan 
-92.125, -76.375, 1.3737195388707336e-24, nan 
-91.875, -76.375, 2.021511422354478e-24, nan 
-91.625, -76.375, 1.997802652807247e-24, nan 
-91.375, -76.375, 2.1843158370568416e-24, nan 
-91.125, -76.375, 2.5244914948639277e-24, nan 
-90.875, -76.375, 3.574649189881478e-24, nan 
-90.625, -76.375, 2.4803615699948987e-24, nan 
-90.375, -76.375, 3.2870676107398466e-24, nan 
-90.125, -76.375, 3.7619427385870195e-24, nan 
-89.875, -76.375, 3.575926457565791e-24, nan 
-89.625, -76.375, 4.208342382833352e-24, nan 
-89.375, -76.375, 3.382947281256674e-24, nan 
-89.125, -76.375, 4.760014262084656e-24, nan 
-88.875, -76.375, 5.646747906144169e-24, nan 
-88.625, -76.375, 3.3064043165437515e-24, nan 
-88.375, -76.375, 3.340518889012353e-24, nan 
-88.125, -76.375, 4.958781489502788e-24, nan 
-87.875, -76.375, 4.297920060722087e-24, nan 
-87.625, -76.375, 5.639606566355648e-24, nan 
-87.375, -76.375, 7.009675393047167e-24, nan 
-87.125, -76.375, 8.091466090989657e-24, nan 
-86.875, -76.375, 6.077614876864931e-24, nan 
-86.625, -76.375, 6.890128219147533e-24, nan 
-86.375, -76.375, 6.11331293640603e-24, nan 
-86.125, -76.375, 7.154130826635694e-24, nan 
-85.875, -76.375, 6.089952490402884e-24, nan 
-85.625, -76.375, 9.318833412794414e-24, nan 
-85.375, -76.375, 1.593047710386973e-23, nan 
-85.125, -76.375, 7.624317709775497e-24, nan 
-84.875, -76.375, 4.965926318573576e-24, nan 
-84.625, -76.375, 4.8308917737639686e-24, nan 
-84.375, -76.375, 9.822887733717387e-24, nan 
-84.125, -76.375, 1.0765131630522644e-23, nan 
-83.875, -76.375, 9.253323384881343e-24, nan 
-83.625, -76.375, 7.01133887525591e-24, nan 
-83.375, -76.375, 6.471879979813043e-24, nan 
-83.125, -76.375, 6.918916113643207e-24, nan 
-82.875, -76.375, 7.254283619927189e-24, nan 
-82.625, -76.375, 1.0350474300022495e-23, nan 
-82.375, -76.375, 8.242743919600318e-24, nan 
-82.125, -76.375, 6.620402061364078e-24, nan 
-81.875, -76.375, 2.1529663816263883e-24, nan 
-81.625, -76.375, 1.0848095725146279e-23, nan 
-81.375, -76.375, 1.6194715020521346e-23, nan 
-81.125, -76.375, 1.2125592693243263e-23, nan 
-80.875, -76.375, 1.1056792888433208e-23, nan 
-80.625, -76.375, 7.902190782574693e-24, nan 
-80.375, -76.375, 8.000269483175135e-24, nan 
-80.125, -76.375, 1.0876626872494896e-23, nan 
-79.875, -76.375, 1.6316934377108958e-23, nan 
-79.625, -76.375, 1.9219774961552336e-23, nan 
-79.375, -76.375, 1.7386073049585163e-23, nan 
-79.125, -76.375, 1.2842995034295112e-23, nan 
-78.875, -76.375, 2.3667311094727156e-23, nan 
-78.625, -76.375, 3.4945953251959825e-23, nan 
-78.375, -76.375, 4.014630046308938e-23, nan 
-78.125, -76.375, 3.9042329021432987e-23, nan 
-77.875, -76.375, 3.2866338600417727e-23, nan 
-77.625, -76.375, 3.7699062125274536e-23, nan 
-77.375, -76.375, 5.406224582474427e-23, nan 
-77.125, -76.375, 4.3542627765442213e-23, nan 
-76.875, -76.375, 4.7825388285326647e-23, nan 
-76.625, -76.375, 5.049369800582401e-23, nan 
-76.375, -76.375, 5.547701003340568e-23, nan 
-76.125, -76.375, 5.1287195281841925e-23, nan 
-75.875, -76.375, 2.6022726508062426e-23, nan 
-75.625, -76.375, 1.5043508933823914e-23, nan 
-75.375, -76.375, 5.388379528967032e-24, nan 
-75.125, -76.375, 2.457503688362357e-24, nan 
-74.875, -76.375, 3.8305530522969874e-24, nan 
-74.625, -76.375, 3.528868451308412e-24, nan 
-74.375, -76.375, 4.996361786407641e-24, nan 
-74.125, -76.375, 1.0070178235489592e-23, nan 
-73.875, -76.375, 7.94019399302474e-24, nan 
-73.625, -76.375, 3.391920727221859e-24, nan 
-73.375, -76.375, 3.060699769086848e-24, nan 
-73.125, -76.375, 2.0283278848315223e-23, nan 
-72.875, -76.375, 1.599035338077149e-23, nan 
-72.625, -76.375, 2.424697361072073e-23, nan 
-72.375, -76.375, 1.962199584812196e-23, nan 
-72.125, -76.375, 1.472749248704678e-23, nan 
-71.875, -76.375, 3.660722800836373e-23, nan 
-71.625, -76.375, 1.9330162720340944e-23, nan 
-71.375, -76.375, 2.543330217656141e-23, nan 
-71.125, -76.375, 3.0386620611678915e-23, nan 
-70.875, -76.375, 2.707213021270843e-23, nan 
-70.625, -76.375, 2.775401486665211e-23, nan 
-70.375, -76.375, 2.5100635459064074e-23, nan 
-70.125, -76.375, 2.7289901191161156e-23, nan 
-69.875, -76.375, 3.465858973758462e-23, nan 
-69.625, -76.375, 3.955976734088906e-23, nan 
-69.375, -76.375, 2.684626272830512e-23, nan 
-69.125, -76.375, 2.000096264746402e-23, nan 
-68.875, -76.375, 2.2287940711765355e-23, nan 
-68.625, -76.375, 2.934143961385812e-23, nan 
-68.375, -76.375, 3.235816481924341e-23, nan 
-68.125, -76.375, 1.1461536010923005e-23, nan 
-67.875, -76.375, 1.305492773832917e-23, nan 
-67.625, -76.375, 3.203359845873512e-23, nan 
-67.375, -76.375, 1.766075995317783e-23, nan 
-67.125, -76.375, 2.3830916727866078e-23, nan 
-66.875, -76.375, 3.6547092052949665e-23, nan 
-66.625, -76.375, 4.3699890609845683e-23, nan 
-66.375, -76.375, 3.550798576087272e-23, nan 
-66.125, -76.375, 3.6077261868899183e-23, nan 
-65.875, -76.375, 3.601353323445221e-23, nan 
-65.625, -76.375, 3.808178209083806e-23, nan 
-65.375, -76.375, 4.3897329249895056e-23, nan 
-65.125, -76.375, 3.573659434066846e-23, nan 
-64.875, -76.375, 3.3093834743311896e-23, nan 
-64.625, -76.375, 7.650777499795598e-24, nan 
-64.375, -76.375, 1.473818043587247e-23, nan 
-64.125, -76.375, 2.2616792148157972e-23, nan 
-63.875, -76.375, 1.5374488771125063e-23, nan 
-63.625, -76.375, 2.3581048731354566e-23, nan 
-63.375, -76.375, 8.27094576184015e-24, nan 
-63.125, -76.375, 1.2845459935905995e-23, nan 
-62.875, -76.375, 1.921763296055601e-23, nan 
-62.625, -76.375, 1.1693579536474318e-23, nan 
-62.375, -76.375, 7.552382924939559e-24, nan 
-62.125, -76.375, 4.011056629177086e-24, nan 
-61.875, -76.375, 5.522590426039118e-24, nan 
-61.625, -76.375, 6.127069610049581e-24, nan 
-61.375, -76.375, 6.92299386674286e-24, nan 
-61.125, -76.375, 1.4074165244779663e-23, nan 
-60.875, -76.375, 2.0813652667273745e-23, nan 
-60.625, -76.375, 1.659752015800219e-23, nan 
-60.375, -76.375, 1.3929182851009105e-23, nan 
-60.125, -76.375, 8.095453598131538e-24, nan 
-59.875, -76.375, 1.614826569346115e-23, nan 
-59.625, -76.375, 1.201205621096197e-23, nan 
-59.375, -76.375, 1.2263290808448979e-23, nan 
-59.125, -76.375, 1.952883625646885e-23, nan 
-58.875, -76.375, 2.4511524192557012e-23, nan 
-58.625, -76.375, 2.2061502677937206e-23, nan 
-58.375, -76.375, 1.0384265559652052e-23, nan 
-58.125, -76.375, 1.0219158019705712e-23, nan 
-57.875, -76.375, 9.690256233525058e-24, nan 
-57.625, -76.375, 1.0334977964761572e-23, nan 
-57.375, -76.375, 9.742919613281887e-24, nan 
-57.125, -76.375, 1.051805594988866e-23, nan 
-56.875, -76.375, 7.175417043947827e-24, nan 
-56.625, -76.375, 6.970661136565249e-24, nan 
-56.375, -76.375, 2.135730890889129e-24, nan 
-56.125, -76.375, 2.3953735760617605e-24, nan 
-55.875, -76.375, 4.302544055140555e-24, nan 
-55.625, -76.375, 2.557583151538322e-24, nan 
-55.375, -76.375, 3.658984918828508e-24, nan 
-55.125, -76.375, 3.4163366767588954e-24, nan 
-54.875, -76.375, 4.411071279912287e-24, nan 
-54.625, -76.375, 3.9585333715265085e-24, nan 
-54.375, -76.375, 5.142783461231357e-24, nan 
-54.125, -76.375, 1.300970821437073e-23, nan 
-53.875, -76.375, 1.2104560845844707e-23, nan 
-53.625, -76.375, 1.1109794531061764e-23, nan 
-53.375, -76.375, 9.623410992733084e-24, nan 
-53.125, -76.375, 7.027529304081214e-24, nan 
-52.875, -76.375, 5.1280647951180106e-24, nan 
-52.625, -76.375, 3.871299443483742e-24, nan 
-52.375, -76.375, 4.868921123505121e-24, nan 
-52.125, -76.375, 3.7312349166046735e-24, nan 
-51.875, -76.375, 2.948854667767685e-24, nan 
-51.625, -76.375, 3.577326821677494e-24, nan 
-51.375, -76.375, 2.754027004244375e-24, nan 
-51.125, -76.375, 3.1353594954529218e-24, nan 
-50.875, -76.375, 3.623557239040656e-24, nan 
-50.625, -76.375, 4.781524363647907e-24, nan 
-50.375, -76.375, 5.24340945187332e-24, nan 
-50.125, -76.375, 2.9441947899481677e-24, nan 
-49.875, -76.375, 2.418103158066877e-24, nan 
-49.625, -76.375, 3.2040319311409694e-24, nan 
-49.375, -76.375, 4.6391054082289674e-24, nan 
-49.125, -76.375, 5.39827760339067e-24, nan 
-48.875, -76.375, 3.0695506304540473e-24, nan 
-48.625, -76.375, 2.067117052536278e-24, nan 
-48.375, -76.375, 2.457360654105577e-24, nan 
-48.125, -76.375, 3.5780783531625865e-24, nan 
-47.875, -76.375, 5.362966895105767e-24, nan 
-47.625, -76.375, 4.8924107939717084e-24, nan 
-47.375, -76.375, 5.60257384706029e-24, nan 
-47.125, -76.375, 4.0316123958071936e-24, nan 
-46.875, -76.375, 3.699218233648179e-24, nan 
-46.625, -76.375, 5.320669076926359e-24, nan 
-46.375, -76.375, 4.318191484168415e-24, nan 
-46.125, -76.375, 5.706020654536529e-24, nan 
-45.875, -76.375, 4.463778596100138e-24, nan 
-45.625, -76.375, 4.2810756546142256e-24, nan 
-45.375, -76.375, 3.99776903319929e-24, nan 
-45.125, -76.375, 4.006107778077314e-24, nan 
-44.875, -76.375, 6.0037927423206264e-24, nan 
-44.625, -76.375, 6.2357308764924534e-24, nan 
-44.375, -76.375, 3.0170325547395176e-24, nan 
-44.125, -76.375, 4.131071321529343e-24, nan 
-43.875, -76.375, 7.311867349536219e-24, nan 
-43.625, -76.375, 7.92165136499276e-24, nan 
-43.375, -76.375, 5.978625685104952e-24, nan 
-43.125, -76.375, 2.53728962040858e-24, nan 
-42.875, -76.375, 4.604212176266782e-24, nan 
-42.625, -76.375, 7.865331548719034e-24, nan 
-42.375, -76.375, 5.0493150975429036e-24, nan 
-42.125, -76.375, 4.884535897829393e-24, nan 
-41.875, -76.375, 3.8687519921835855e-24, nan 
-41.625, -76.375, 4.739688916927063e-24, nan 
-41.375, -76.375, 7.108281690539368e-24, nan 
-41.125, -76.375, 1.0937052368804325e-23, nan 
-40.875, -76.375, 1.0554479777438326e-23, nan 
-40.625, -76.375, 5.9827630695456876e-24, nan 
-40.375, -76.375, 5.5463897340343376e-24, nan 
-40.125, -76.375, 5.016254357321975e-24, nan 
-39.875, -76.375, 7.514467679375358e-24, nan 
-39.625, -76.375, 8.470959775309407e-24, nan 
-39.375, -76.375, 5.777777856587317e-24, nan 
-39.125, -76.375, 1.1196344402843133e-23, nan 
-38.875, -76.375, 1.0667920810185565e-23, nan 
-38.625, -76.375, 1.6764157026295212e-23, nan 
-38.375, -76.375, 1.9206603167020637e-23, nan 
-38.125, -76.375, 2.304161000214989e-23, nan 
-37.875, -76.375, 2.054656784422202e-23, nan 
-37.625, -76.375, 1.9877780537704044e-23, nan 
-37.375, -76.375, 1.539874864305409e-23, nan 
-37.125, -76.375, 1.1871396784080201e-23, nan 
-36.875, -76.375, 8.688327684505059e-24, nan 
-36.625, -76.375, 5.035907513462946e-24, nan 
-36.375, -76.375, 7.163118530772193e-24, nan 
-36.125, -76.375, 1.02591266870746e-23, nan 
-35.875, -76.375, 1.7294398202816876e-23, nan 
-35.625, -76.375, 1.5787919150922825e-23, nan 
-35.375, -76.375, 4.7771505746495406e-23, nan 
-35.125, -76.375, 5.178656987465497e-23, nan 
-34.875, -76.375, 3.9018221063485145e-23, nan 
-34.625, -76.375, 3.082940010494059e-23, nan 
-34.375, -76.375, 6.376260770008757e-23, nan 
-34.125, -76.375, 1.2368327785866833e-22, nan 
-33.875, -76.375, 1.3242748621088998e-22, nan 
-33.625, -76.375, 9.211899451830253e-23, nan 
-33.375, -76.375, 2.091606589264892e-23, nan 
-33.125, -76.375, 6.536356072125416e-23, nan 
-32.875, -76.375, 8.920452070356334e-23, nan 
-32.625, -76.375, 8.547023907653921e-23, nan 
-32.375, -76.375, 6.363260964258922e-23, nan 
-32.125, -76.375, 3.751662503107898e-23, nan 
-31.875, -76.375, 2.930554749415537e-23, nan 
-31.625, -76.375, 1.8840915736718667e-23, nan 
-31.375, -76.375, 1.8967151364592533e-23, nan 
-31.125, -76.375, 1.9722039568920486e-23, nan 
-30.875, -76.375, 2.1520688466694957e-23, nan 
-30.625, -76.375, 2.465349092686477e-23, nan 
-30.375, -76.375, 1.6985610414754684e-23, nan 
-30.125, -76.375, 1.101238959992103e-23, nan 
-29.875, -76.375, 2.3802511211729114e-23, nan 
-29.625, -76.375, 3.435189394237743e-23, nan 
-29.375, -76.375, 9.769192773128196e-23, nan 
-29.125, -76.375, 9.261479087224032e-23, nan 
-28.875, -76.375, 9.867178613087524e-23, nan 
-28.625, -76.375, 1.0908409942590234e-22, nan 
-28.375, -76.375, 7.519080322898492e-23, nan 
-28.125, -76.375, 2.376055137116482e-22, nan 
-27.875, -76.375, 2.287637937364174e-22, nan 
-27.625, -76.375, 2.346492013357908e-22, nan 
-27.375, -76.375, 2.219045199874938e-22, nan 
-27.125, -76.375, 1.0614698682682945e-22, nan 
-26.875, -76.375, 1.473664099801062e-22, nan 
-26.625, -76.375, 1.4752387651826715e-22, nan 
-26.375, -76.375, 1.5098135575165156e-22, nan 
-26.125, -76.375, 1.2856861654452338e-22, nan 
-25.875, -76.375, 7.217869865450343e-23, nan 
-25.625, -76.375, 1.9361481689856173e-23, nan 
-25.375, -76.375, 2.3893399752721944e-23, nan 
-25.125, -76.375, 2.862583015562941e-23, nan 
-24.875, -76.375, 2.5724446356635674e-23, nan 
-24.625, -76.375, 1.4021757145905967e-23, nan 
-24.375, -76.375, 9.014497108570495e-24, nan 
-24.125, -76.375, 1.5213244034849036e-23, nan 
-23.875, -76.375, 1.402716284662614e-23, nan 
-23.625, -76.375, 1.803932293774193e-23, nan 
-23.375, -76.375, 1.16771640529224e-23, nan 
-23.125, -76.375, 1.2453646980923147e-23, nan 
-22.875, -76.375, 1.2057243681670518e-23, nan 
-22.625, -76.375, 1.4001276090820866e-23, nan 
-22.375, -76.375, 1.5166696970188492e-23, nan 
-22.125, -76.375, 6.101182048836601e-24, nan 
-21.875, -76.375, 2.5188328122092732e-23, nan 
-21.625, -76.375, 3.826425710207471e-23, nan 
-21.375, -76.375, 4.6080227192670455e-23, nan 
-21.125, -76.375, 4.469513882481686e-23, nan 
-20.875, -76.375, 8.629352499075945e-24, nan 
-20.625, -76.375, 1.986922447315634e-23, nan 
-20.375, -76.375, 2.997975146500265e-23, nan 
-20.125, -76.375, 3.417018854283498e-23, nan 
-19.875, -76.375, 3.442387241986554e-23, nan 
-19.625, -76.375, 1.6784167044692316e-23, nan 
-19.375, -76.375, 2.2363910946021685e-23, nan 
-19.125, -76.375, 2.13013114279968e-23, nan 
-18.875, -76.375, 1.360797279593953e-23, nan 
-18.625, -76.375, 1.526280185895289e-23, nan 
-18.375, -76.375, 2.710306360381294e-23, nan 
-18.125, -76.375, 3.484861391187768e-23, nan 
-17.875, -76.375, 5.0324428474560736e-23, nan 
-17.625, -76.375, 4.704233606630862e-23, nan 
-17.375, -76.375, 7.239259779427039e-23, nan 
-17.125, -76.375, 8.936781705805138e-23, nan 
-16.875, -76.375, 9.141793303277582e-23, nan 
-16.625, -76.375, 8.910984037283276e-23, nan 
-16.375, -76.375, 8.185407780351581e-23, nan 
-16.125, -76.375, 1.0237533476715497e-22, nan 
-15.875, -76.375, 1.0330626285094925e-22, nan 
-15.625, -76.375, 6.866671694060297e-23, nan 
-15.375, -76.375, 1.832364034782933e-23, nan 
-15.125, -76.375, 6.0145411717568e-23, nan 
-14.875, -76.375, 5.622647409706238e-23, nan 
-14.625, -76.375, 5.203851721315905e-23, nan 
-14.375, -76.375, 3.3380356455589914e-23, nan 
-14.125, -76.375, 3.8864035356328365e-23, nan 
-13.875, -76.375, 3.9351113539598593e-23, nan 
-13.625, -76.375, 2.0194466335072348e-23, nan 
-13.375, -76.375, 3.022053711773928e-23, nan 
-13.125, -76.375, 1.7599046681202863e-23, nan 
-12.875, -76.375, 3.0085866931469937e-23, nan 
-12.625, -76.375, 3.824184246949977e-23, nan 
-12.375, -76.375, 3.456222128326931e-23, nan 
-12.125, -76.375, 4.284616115890996e-23, nan 
-11.875, -76.375, 8.044925414495219e-23, nan 
-11.625, -76.375, 6.504306797702415e-23, nan 
-11.375, -76.375, 1.032870881788392e-22, nan 
-11.125, -76.375, 7.599425043908705e-23, nan 
-10.875, -76.375, 6.614375318297348e-23, nan 
-10.625, -76.375, 7.181283185428331e-23, nan 
-10.375, -76.375, 7.437161089135929e-23, nan 
-10.125, -76.375, 9.684916107605773e-23, nan 
-9.875, -76.375, 8.253210452609414e-23, nan 
-9.625, -76.375, 8.24865474821579e-23, nan 
-9.375, -76.375, 4.9155311988468096e-23, nan 
-9.125, -76.375, 5.330924572791454e-23, nan 
-8.875, -76.375, 1.0179009033700796e-22, nan 
-8.625, -76.375, 1.3124404570179082e-22, nan 
-8.375, -76.375, 1.6023165713641942e-22, nan 
-8.125, -76.375, 1.1492116098288112e-22, nan 
-7.875, -76.375, 7.440115543728585e-23, nan 
-7.625, -76.375, 6.691347871330101e-23, nan 
-7.375, -76.375, 6.094273193149439e-23, nan 
-7.125, -76.375, 8.323793419490053e-23, nan 
-6.875, -76.375, 7.140149308054004e-23, nan 
-6.625, -76.375, 6.00531161555814e-23, nan 
-6.375, -76.375, 5.052456818944931e-23, nan 
-6.125, -76.375, 3.475755119889644e-23, nan 
-5.875, -76.375, 3.27771031920884e-23, nan 
-5.625, -76.375, 6.007087140352721e-23, nan 
-5.375, -76.375, 5.1897812157407165e-23, nan 
-5.125, -76.375, 5.489112062435874e-23, nan 
-4.875, -76.375, 5.577378535123677e-23, nan 
-4.625, -76.375, 7.945754791129126e-23, nan 
-4.375, -76.375, 9.277774693344564e-23, nan 
-4.125, -76.375, 1.0383738930420381e-22, nan 
-3.875, -76.375, 1.1103802682965643e-22, nan 
-3.625, -76.375, 9.762815582068835e-23, nan 
-3.375, -76.375, 9.6541606169281e-23, nan 
-3.125, -76.375, 7.819480092984388e-23, nan 
-2.875, -76.375, 1.0001628159530182e-22, nan 
-2.625, -76.375, 8.662041524312376e-23, nan 
-2.375, -76.375, 6.218296737966067e-23, nan 
-2.125, -76.375, 5.2032008968429224e-23, nan 
-1.875, -76.375, 2.748515633462985e-23, nan 
-1.625, -76.375, 1.938935662605426e-23, nan 
-1.375, -76.375, 1.0109478997543749e-23, nan 
-1.125, -76.375, 1.5308445956427587e-23, nan 
-0.875, -76.375, 3.2321667395807073e-23, nan 
-0.625, -76.375, 2.0294088165302452e-23, nan 
-0.375, -76.375, 1.1225172788852459e-23, nan 
-0.125, -76.375, 2.957558768671487e-23, nan 
0.125, -76.375, 2.658061040042853e-23, nan 
0.375, -76.375, 1.8462571163502434e-23, nan 
0.625, -76.375, 2.3574281086386348e-23, nan 
0.875, -76.375, 5.274724674304526e-24, nan 
1.125, -76.375, 3.440550098220051e-23, nan 
1.375, -76.375, 3.735458174295381e-23, nan 
1.625, -76.375, 3.127963501164478e-23, nan 
1.875, -76.375, 2.4359246805746665e-23, nan 
2.125, -76.375, 2.5524275179791174e-23, nan 
2.375, -76.375, 3.3008275236799375e-23, nan 
2.625, -76.375, 3.9862899226950235e-23, nan 
2.875, -76.375, 3.8134871115277747e-23, nan 
3.125, -76.375, 4.252772736196593e-23, nan 
3.375, -76.375, 5.0016756690785355e-23, nan 
3.625, -76.375, 4.9575679467334884e-23, nan 
3.875, -76.375, 5.626019914733159e-23, nan 
4.125, -76.375, 7.650548259327726e-23, nan 
4.375, -76.375, 7.272709272335324e-23, nan 
4.625, -76.375, 9.184797094631399e-23, nan 
4.875, -76.375, 7.323608330377995e-23, nan 
5.125, -76.375, 7.501623102099745e-23, nan 
5.375, -76.375, 7.8200203951134e-23, nan 
5.625, -76.375, 9.811582311034651e-23, nan 
5.875, -76.375, 1.135472439157226e-22, nan 
6.125, -76.375, 1.5707789748536636e-22, nan 
6.375, -76.375, 1.6088493872908144e-22, nan 
6.625, -76.375, 1.4179000705834037e-22, nan 
6.875, -76.375, 2.954809221232573e-22, nan 
7.125, -76.375, 2.220402815087357e-22, nan 
7.375, -76.375, 2.293627263959051e-22, nan 
7.625, -76.375, 1.265240119407898e-22, nan 
7.875, -76.375, 1.2592406708931237e-22, nan 
8.125, -76.375, 1.3205336490764605e-22, nan 
8.375, -76.375, 1.242358645447159e-22, nan 
8.625, -76.375, 1.4289689188774453e-22, nan 
8.875, -76.375, 8.896063530610818e-23, nan 
9.125, -76.375, 1.3121881840811486e-22, nan 
9.375, -76.375, 2.7233360727055855e-22, nan 
9.625, -76.375, 1.783382539142309e-22, nan 
9.875, -76.375, 1.374551560908136e-22, nan 
10.125, -76.375, 9.622899610150485e-23, nan 
10.375, -76.375, 7.345425100353259e-23, nan 
10.625, -76.375, 1.146603816561114e-22, nan 
10.875, -76.375, 9.524909445505569e-23, nan 
11.125, -76.375, 9.403694006257685e-23, nan 
11.375, -76.375, 1.1820445924816432e-22, nan 
11.625, -76.375, 1.7188748545536906e-22, nan 
11.875, -76.375, 2.0025323395115262e-22, nan 
12.125, -76.375, 1.9861263115036523e-22, nan 
12.375, -76.375, 1.8165525093616378e-22, nan 
12.625, -76.375, 2.0708232559375756e-22, nan 
12.875, -76.375, 2.2814459457238175e-22, nan 
13.125, -76.375, 1.7199330616434836e-22, nan 
13.375, -76.375, 1.5816684136570928e-22, nan 
13.625, -76.375, 1.5363610385808342e-22, nan 
13.875, -76.375, 1.6515137589245986e-22, nan 
14.125, -76.375, 2.2421152226959765e-22, nan 
14.375, -76.375, 2.7417122667009773e-22, nan 
-95.125, -76.125, 1.153541442112916e-24, nan 
-94.875, -76.125, 1.4129491879170134e-24, nan 
-94.625, -76.125, 1.1799628010576158e-24, nan 
-94.375, -76.125, 1.1683320525056016e-24, nan 
-94.125, -76.125, 1.5904571787894426e-24, nan 
-93.875, -76.125, 1.2355881184599423e-24, nan 
-93.625, -76.125, 1.2561639028010655e-24, nan 
-93.375, -76.125, 2.268384347469297e-24, nan 
-93.125, -76.125, 2.410294394798415e-24, nan 
-92.875, -76.125, 2.2197643102947327e-24, nan 
-92.625, -76.125, 2.68052824739976e-24, nan 
-92.375, -76.125, 3.516548285041133e-24, nan 
-92.125, -76.125, 3.286487662116705e-24, nan 
-91.875, -76.125, 2.208923076477037e-24, nan 
-91.625, -76.125, 1.963451427982412e-24, nan 
-91.375, -76.125, 2.7600366367932488e-24, nan 
-91.125, -76.125, 4.396551078600613e-24, nan 
-90.875, -76.125, 4.670394360280704e-24, nan 
-90.625, -76.125, 2.9975188136450854e-24, nan 
-90.375, -76.125, 1.8574772107529627e-24, nan 
-90.125, -76.125, 2.219394112592472e-24, nan 
-89.875, -76.125, 3.4907438006223764e-24, nan 
-89.625, -76.125, 2.3222462264045946e-24, nan 
-89.375, -76.125, 3.352218463451836e-24, nan 
-89.125, -76.125, 6.70910585447478e-24, nan 
-88.875, -76.125, 1.8547018286866762e-23, nan 
-88.625, -76.125, 7.208818949724056e-24, nan 
-88.375, -76.125, 4.263625616386039e-24, nan 
-88.125, -76.125, 3.804259452958213e-24, nan 
-87.875, -76.125, 5.5908869105729885e-24, nan 
-87.625, -76.125, 6.619035296612352e-24, nan 
-87.375, -76.125, 6.3815325824937765e-24, nan 
-87.125, -76.125, 5.953287350723258e-24, nan 
-86.875, -76.125, 5.6221148303651355e-24, nan 
-86.625, -76.125, 4.897215157888091e-24, nan 
-86.375, -76.125, 8.370736324414144e-24, nan 
-86.125, -76.125, 8.020692067120311e-24, nan 
-85.875, -76.125, 7.129551438979422e-24, nan 
-85.625, -76.125, 8.935963188814121e-24, nan 
-85.375, -76.125, 1.0495126293564564e-23, nan 
-85.125, -76.125, 7.842807230231179e-24, nan 
-84.875, -76.125, 5.986569035251401e-24, nan 
-84.625, -76.125, 4.660126442219213e-24, nan 
-84.375, -76.125, 5.761551206134235e-24, nan 
-84.125, -76.125, 8.997375509540989e-24, nan 
-83.875, -76.125, 8.776225277769722e-24, nan 
-83.625, -76.125, 6.165619825881465e-24, nan 
-83.375, -76.125, 4.577021225923785e-24, nan 
-83.125, -76.125, 6.038881549467016e-24, nan 
-82.875, -76.125, 8.385915874262447e-24, nan 
-82.625, -76.125, 9.403386693908973e-24, nan 
-82.375, -76.125, 7.35667038704507e-24, nan 
-82.125, -76.125, 4.237316987447415e-24, nan 
-81.875, -76.125, 4.730407123216709e-24, nan 
-81.625, -76.125, 1.1281271171861624e-23, nan 
-81.375, -76.125, 1.3483052970431524e-23, nan 
-81.125, -76.125, 1.0711998899610421e-23, nan 
-80.875, -76.125, 6.842601027031953e-24, nan 
-80.625, -76.125, 5.140691102305326e-24, nan 
-80.375, -76.125, 9.444943011155536e-24, nan 
-80.125, -76.125, 1.452665678618017e-23, nan 
-79.875, -76.125, 1.7005884274325085e-23, nan 
-79.625, -76.125, 1.9298332957349632e-23, nan 
-79.375, -76.125, 1.8435406257184636e-23, nan 
-79.125, -76.125, 1.2937909779313722e-23, nan 
-78.875, -76.125, 1.5734319259854398e-23, nan 
-78.625, -76.125, 2.1112362997321448e-23, nan 
-78.375, -76.125, 3.0409621855196204e-23, nan 
-78.125, -76.125, 2.1235937205621486e-23, nan 
-77.875, -76.125, 1.4175114443525542e-23, nan 
-77.625, -76.125, 1.5750627036748133e-23, nan 
-77.375, -76.125, 2.3339501246095073e-23, nan 
-77.125, -76.125, 2.558051370711815e-23, nan 
-76.875, -76.125, 3.218815034483461e-23, nan 
-76.625, -76.125, 3.0475313611278257e-23, nan 
-76.375, -76.125, 3.158638147167905e-23, nan 
-76.125, -76.125, 2.6857414929411116e-23, nan 
-75.875, -76.125, 5.562788185307218e-24, nan 
-75.625, -76.125, 1.6426222551773508e-23, nan 
-75.375, -76.125, 1.7649916833369393e-23, nan 
-75.125, -76.125, 1.9736639815092967e-23, nan 
-74.875, -76.125, 1.6014547398939266e-23, nan 
-74.625, -76.125, 3.400694931008385e-24, nan 
-74.375, -76.125, 4.5259591267371306e-24, nan 
-74.125, -76.125, 5.7652043013479506e-24, nan 
-73.875, -76.125, 6.1081883603192456e-24, nan 
-73.625, -76.125, 3.986239374481867e-24, nan 
-73.375, -76.125, 6.0466164813471926e-24, nan 
-73.125, -76.125, 5.658621390716633e-24, nan 
-72.875, -76.125, 4.139504739826956e-24, nan 
-72.625, -76.125, 3.755222736178418e-24, nan 
-72.375, -76.125, 5.492641303671266e-24, nan 
-72.125, -76.125, 6.717752330453381e-24, nan 
-71.875, -76.125, 1.9389708309752991e-23, nan 
-71.625, -76.125, 1.496687538156294e-23, nan 
-71.375, -76.125, 2.815371983715966e-23, nan 
-71.125, -76.125, 2.7012091088714965e-23, nan 
-70.875, -76.125, 2.5864139506263172e-23, nan 
-70.625, -76.125, 3.2936333736532e-23, nan 
-70.375, -76.125, 2.0213044957424892e-23, nan 
-70.125, -76.125, 3.820954676215786e-23, nan 
-69.875, -76.125, 3.690159803955221e-23, nan 
-69.625, -76.125, 3.518685900735008e-23, nan 
-69.375, -76.125, 3.375663817788498e-23, nan 
-69.125, -76.125, 1.4206013547266204e-23, nan 
-68.875, -76.125, 2.0171554331859905e-23, nan 
-68.625, -76.125, 2.0113896185229185e-23, nan 
-68.375, -76.125, 1.9366341924053152e-23, nan 
-68.125, -76.125, 1.544555792440737e-23, nan 
-67.875, -76.125, 1.268427578614736e-23, nan 
-67.625, -76.125, 1.2122382684215025e-23, nan 
-67.375, -76.125, 2.4852131834809738e-23, nan 
-67.125, -76.125, 3.8360780609156754e-23, nan 
-66.875, -76.125, 4.890691469802629e-23, nan 
-66.625, -76.125, 4.662738231871778e-23, nan 
-66.375, -76.125, 3.540879855286578e-23, nan 
-66.125, -76.125, 4.046898434849715e-23, nan 
-65.875, -76.125, 4.795330404649731e-23, nan 
-65.625, -76.125, 6.774569064632299e-23, nan 
-65.375, -76.125, 6.321187215748648e-23, nan 
-65.125, -76.125, 3.9353246979350335e-23, nan 
-64.875, -76.125, 2.5718151839559417e-23, nan 
-64.625, -76.125, 2.186028805852047e-23, nan 
-64.375, -76.125, 3.0753448158958994e-23, nan 
-64.125, -76.125, 3.327691792814105e-23, nan 
-63.875, -76.125, 1.508096123218112e-23, nan 
-63.625, -76.125, 1.8297293087352602e-23, nan 
-63.375, -76.125, 1.0861264151593261e-23, nan 
-63.125, -76.125, 9.965570753363301e-24, nan 
-62.875, -76.125, 5.778152114970495e-24, nan 
-62.625, -76.125, 1.1847299236228296e-23, nan 
-62.375, -76.125, 8.252973644509452e-24, nan 
-62.125, -76.125, 1.067604923882576e-23, nan 
-61.875, -76.125, 1.1458947493766731e-23, nan 
-61.625, -76.125, 6.984513854137386e-24, nan 
-61.375, -76.125, 5.628063622271809e-24, nan 
-61.125, -76.125, 1.1062891716193784e-23, nan 
-60.875, -76.125, 1.706596919065271e-23, nan 
-60.625, -76.125, 1.449307893831528e-23, nan 
-60.375, -76.125, 1.0011889267267952e-23, nan 
-60.125, -76.125, 7.178245272371351e-24, nan 
-59.875, -76.125, 3.0290811689988114e-24, nan 
-59.625, -76.125, 6.336959146266464e-24, nan 
-59.375, -76.125, 9.269024956569274e-24, nan 
-59.125, -76.125, 1.273390607678775e-23, nan 
-58.875, -76.125, 1.065491229339045e-23, nan 
-58.625, -76.125, 9.281641937485425e-24, nan 
-58.375, -76.125, 9.078288371801265e-24, nan 
-58.125, -76.125, 1.357100398119994e-23, nan 
-57.875, -76.125, 1.6435644314143287e-23, nan 
-57.625, -76.125, 1.624912905459924e-23, nan 
-57.375, -76.125, 1.2555044996843425e-23, nan 
-57.125, -76.125, 1.1388254059174438e-23, nan 
-56.875, -76.125, 1.1698841029587586e-23, nan 
-56.625, -76.125, 1.346936425673775e-23, nan 
-56.375, -76.125, 1.3450403254331746e-23, nan 
-56.125, -76.125, 1.5959155683694458e-23, nan 
-55.875, -76.125, 1.577528607636236e-23, nan 
-55.625, -76.125, 1.6534108486974604e-23, nan 
-55.375, -76.125, 7.086015291872531e-24, nan 
-55.125, -76.125, 3.716724777473993e-24, nan 
-54.875, -76.125, 3.883468493468801e-24, nan 
-54.625, -76.125, 3.3447965445621496e-24, nan 
-54.375, -76.125, 3.435389117607699e-24, nan 
-54.125, -76.125, 2.292943300800302e-24, nan 
-53.875, -76.125, 5.447400239399851e-24, nan 
-53.625, -76.125, 7.306635288175347e-24, nan 
-53.375, -76.125, 5.784402041148108e-24, nan 
-53.125, -76.125, 3.2741303928743056e-24, nan 
-52.875, -76.125, 2.0788184153258747e-24, nan 
-52.625, -76.125, 2.7650790287276056e-24, nan 
-52.375, -76.125, 1.7043279326566605e-24, nan 
-52.125, -76.125, 1.2351962845137165e-24, nan 
-51.875, -76.125, 8.78713710197788e-25, nan 
-51.625, -76.125, 8.973981373776085e-25, nan 
-51.375, -76.125, 1.5715244242207733e-24, nan 
-51.125, -76.125, 3.693927120473894e-24, nan 
-50.875, -76.125, 4.179038885246035e-24, nan 
-50.625, -76.125, 3.377951560499813e-24, nan 
-50.375, -76.125, 3.0509484347386186e-24, nan 
-50.125, -76.125, 2.0198094480875474e-24, nan 
-49.875, -76.125, 3.3722951083058686e-24, nan 
-49.625, -76.125, 4.289147141788696e-24, nan 
-49.375, -76.125, 3.951518906662404e-24, nan 
-49.125, -76.125, 4.194479682761474e-24, nan 
-48.875, -76.125, 2.673860741049081e-24, nan 
-48.625, -76.125, 8.65191311218782e-25, nan 
-48.375, -76.125, 2.125647775276453e-24, nan 
-48.125, -76.125, 1.823377030916619e-24, nan 
-47.875, -76.125, 5.118046090330467e-24, nan 
-47.625, -76.125, 4.011837448772463e-24, nan 
-47.375, -76.125, 3.9178607188267526e-24, nan 
-47.125, -76.125, 2.8922121010824743e-24, nan 
-46.875, -76.125, 3.628775341167484e-24, nan 
-46.625, -76.125, 7.003818075015014e-24, nan 
-46.375, -76.125, 5.1065842042506515e-24, nan 
-46.125, -76.125, 3.946124629648327e-24, nan 
-45.875, -76.125, 2.9980458617761716e-24, nan 
-45.625, -76.125, 3.40979429851217e-24, nan 
-45.375, -76.125, 5.229604548101233e-24, nan 
-45.125, -76.125, 4.722825768990143e-24, nan 
-44.875, -76.125, 5.305951099671236e-24, nan 
-44.625, -76.125, 6.4442003249690055e-24, nan 
-44.375, -76.125, 1.2070961707898927e-24, nan 
-44.125, -76.125, 4.1025083015072696e-24, nan 
-43.875, -76.125, 2.3729927349740784e-24, nan 
-43.625, -76.125, 1.2208260486679099e-24, nan 
-43.375, -76.125, 9.106288701911429e-25, nan 
-43.125, -76.125, 3.1476705495711446e-24, nan 
-42.875, -76.125, 5.0640628186364446e-24, nan 
-42.625, -76.125, 6.321798299949597e-24, nan 
-42.375, -76.125, 2.7809548731437984e-24, nan 
-42.125, -76.125, 4.086474571665213e-24, nan 
-41.875, -76.125, 6.301410463005153e-24, nan 
-41.625, -76.125, 8.263718277715702e-24, nan 
-41.375, -76.125, 1.0040118854822262e-23, nan 
-41.125, -76.125, 7.078936188824749e-24, nan 
-40.875, -76.125, 6.724140347079528e-24, nan 
-40.625, -76.125, 6.982067958985825e-24, nan 
-40.375, -76.125, 1.1167894175813344e-23, nan 
-40.125, -76.125, 1.019094204985084e-23, nan 
-39.875, -76.125, 1.2379060599017095e-23, nan 
-39.625, -76.125, 1.8074394801347995e-23, nan 
-39.375, -76.125, 1.9060316154988148e-23, nan 
-39.125, -76.125, 2.0602383177868076e-23, nan 
-38.875, -76.125, 2.0037933704662595e-23, nan 
-38.625, -76.125, 1.879526030802652e-23, nan 
-38.375, -76.125, 2.6183689346237323e-23, nan 
-38.125, -76.125, 3.1806175534898296e-23, nan 
-37.875, -76.125, 2.9787972678710733e-23, nan 
-37.625, -76.125, 2.84524850965661e-23, nan 
-37.375, -76.125, 1.862775317567289e-23, nan 
-37.125, -76.125, 1.319843254618915e-23, nan 
-36.875, -76.125, 1.552208369924115e-23, nan 
-36.625, -76.125, 1.446431369930953e-23, nan 
-36.375, -76.125, 1.4130021840805087e-23, nan 
-36.125, -76.125, 1.0740903130068028e-23, nan 
-35.875, -76.125, 1.4371916990513684e-23, nan 
-35.625, -76.125, 1.194022809334918e-23, nan 
-35.375, -76.125, 1.5385404332731983e-23, nan 
-35.125, -76.125, 2.316301724982597e-23, nan 
-34.875, -76.125, 1.596780730493874e-23, nan 
-34.625, -76.125, 2.0330228499025247e-23, nan 
-34.375, -76.125, 3.3499974061274546e-23, nan 
-34.125, -76.125, 7.217754334834872e-23, nan 
-33.875, -76.125, 8.292258740225074e-23, nan 
-33.625, -76.125, 5.79789148454002e-23, nan 
-33.375, -76.125, 1.4388075299076203e-23, nan 
-33.125, -76.125, 2.46238591528913e-23, nan 
-32.875, -76.125, 2.286399628642379e-23, nan 
-32.625, -76.125, 1.5151122179748864e-23, nan 
-32.375, -76.125, 1.5044745997282906e-23, nan 
-32.125, -76.125, 1.9481210149432878e-23, nan 
-31.875, -76.125, 1.922844636396793e-23, nan 
-31.625, -76.125, 1.3272090162973695e-23, nan 
-31.375, -76.125, 1.3963179924687906e-23, nan 
-31.125, -76.125, 1.6348587253510757e-23, nan 
-30.875, -76.125, 1.2685705630761065e-23, nan 
-30.625, -76.125, 2.5176001627439583e-23, nan 
-30.375, -76.125, 2.463957694509413e-23, nan 
-30.125, -76.125, 8.863938778037266e-24, nan 
-29.875, -76.125, 1.081581771381334e-23, nan 
-29.625, -76.125, 1.1192108315949816e-23, nan 
-29.375, -76.125, 2.2042663501544363e-23, nan 
-29.125, -76.125, 2.3202037358754745e-23, nan 
-28.875, -76.125, 2.3668399799672385e-23, nan 
-28.625, -76.125, 2.0567669407194862e-23, nan 
-28.375, -76.125, 5.272951889414243e-23, nan 
-28.125, -76.125, 1.3709218654263095e-22, nan 
-27.875, -76.125, 1.3332573910824473e-22, nan 
-27.625, -76.125, 1.3675119674986436e-22, nan 
-27.375, -76.125, 1.2700078795077561e-22, nan 
-27.125, -76.125, 7.510807208725685e-23, nan 
-26.875, -76.125, 3.478737811436726e-23, nan 
-26.625, -76.125, 4.93144684854326e-23, nan 
-26.375, -76.125, 4.8090256076100034e-23, nan 
-26.125, -76.125, 3.375650004629389e-23, nan 
-25.875, -76.125, 2.6370576926675864e-23, nan 
-25.625, -76.125, 1.9447885444830072e-23, nan 
-25.375, -76.125, 1.6371737252821216e-23, nan 
-25.125, -76.125, 1.5131308835309364e-23, nan 
-24.875, -76.125, 1.451437408729464e-23, nan 
-24.625, -76.125, 1.1608105509695548e-23, nan 
-24.375, -76.125, 1.1339678666506626e-23, nan 
-24.125, -76.125, 2.663374922338695e-23, nan 
-23.875, -76.125, 2.0796498118132084e-23, nan 
-23.625, -76.125, 3.4490066741832525e-23, nan 
-23.375, -76.125, 2.5810400682712448e-23, nan 
-23.125, -76.125, 1.6434617670355215e-23, nan 
-22.875, -76.125, 2.0324726770327923e-23, nan 
-22.625, -76.125, 1.7673251128989133e-23, nan 
-22.375, -76.125, 1.999490605362226e-23, nan 
-22.125, -76.125, 1.7475297338341627e-23, nan 
-21.875, -76.125, 2.870146750398952e-23, nan 
-21.625, -76.125, 3.326740048270407e-23, nan 
-21.375, -76.125, 3.531889132218262e-23, nan 
-21.125, -76.125, 3.928776665197946e-23, nan 
-20.875, -76.125, 2.3642577221044617e-23, nan 
-20.625, -76.125, 2.0822790686318497e-23, nan 
-20.375, -76.125, 2.1963653620250077e-23, nan 
-20.125, -76.125, 1.2845835387486819e-23, nan 
-19.875, -76.125, 1.9654668047124317e-23, nan 
-19.625, -76.125, 1.736971727572719e-23, nan 
-19.375, -76.125, 1.2468615485643658e-23, nan 
-19.125, -76.125, 2.1137384885226563e-23, nan 
-18.875, -76.125, 3.655818218884374e-23, nan 
-18.625, -76.125, 5.2495937349643285e-23, nan 
-18.375, -76.125, 6.547768287079497e-23, nan 
-18.125, -76.125, 8.247532928267037e-23, nan 
-17.875, -76.125, 7.823418010583099e-23, nan 
-17.625, -76.125, 6.159857668800385e-23, nan 
-17.375, -76.125, 7.463788456348946e-23, nan 
-17.125, -76.125, 1.0938433641254418e-22, nan 
-16.875, -76.125, 1.347712145940613e-22, nan 
-16.625, -76.125, 1.3097303964590688e-22, nan 
-16.375, -76.125, 1.0910820090470671e-22, nan 
-16.125, -76.125, 1.0699677014839707e-22, nan 
-15.875, -76.125, 7.783524143104197e-23, nan 
-15.625, -76.125, 7.645694202265785e-23, nan 
-15.375, -76.125, 7.592526210359041e-23, nan 
-15.125, -76.125, 6.830222885990222e-23, nan 
-14.875, -76.125, 7.33729508524219e-23, nan 
-14.625, -76.125, 5.298077499131199e-23, nan 
-14.375, -76.125, 3.6427514857012533e-23, nan 
-14.125, -76.125, 4.065285005943308e-23, nan 
-13.875, -76.125, 3.9004599716590403e-23, nan 
-13.625, -76.125, 3.8583323156629544e-23, nan 
-13.375, -76.125, 3.718448528663427e-23, nan 
-13.125, -76.125, 5.412206402438058e-23, nan 
-12.875, -76.125, 3.051303081107751e-23, nan 
-12.625, -76.125, 7.768191312667512e-23, nan 
-12.375, -76.125, 5.660847089436881e-23, nan 
-12.125, -76.125, 5.630032986396365e-23, nan 
-11.875, -76.125, 1.2614568592262244e-22, nan 
-11.625, -76.125, 8.841056738969342e-23, nan 
-11.375, -76.125, 1.5245269276362623e-22, nan 
-11.125, -76.125, 1.186351134879661e-22, nan 
-10.875, -76.125, 1.1756827190278095e-22, nan 
-10.625, -76.125, 1.1929255881236977e-22, nan 
-10.375, -76.125, 1.3604583950564858e-22, nan 
-10.125, -76.125, 1.442342509739716e-22, nan 
-9.875, -76.125, 9.021945406087154e-23, nan 
-9.625, -76.125, 6.520496177189407e-23, nan 
-9.375, -76.125, 6.599024668784892e-23, nan 
-9.125, -76.125, 8.264284947808915e-23, nan 
-8.875, -76.125, 9.416687477662762e-23, nan 
-8.625, -76.125, 8.661212809547297e-23, nan 
-8.375, -76.125, 9.370972511685065e-23, nan 
-8.125, -76.125, 8.423028406305474e-23, nan 
-7.875, -76.125, 6.472814575310001e-23, nan 
-7.625, -76.125, 5.512012868601713e-23, nan 
-7.375, -76.125, 5.230292064693188e-23, nan 
-7.125, -76.125, 3.66629793744781e-23, nan 
-6.875, -76.125, 2.1855998734217306e-23, nan 
-6.625, -76.125, 1.9475092399019062e-23, nan 
-6.375, -76.125, 9.234904807305729e-24, nan 
-6.125, -76.125, 5.481794915160234e-23, nan 
-5.875, -76.125, 3.232248480661648e-23, nan 
-5.625, -76.125, 8.581180729627104e-23, nan 
-5.375, -76.125, 6.694848692597836e-23, nan 
-5.125, -76.125, 4.961466368780562e-23, nan 
-4.875, -76.125, 4.5497639777104946e-23, nan 
-4.625, -76.125, 5.347171162998414e-23, nan 
-4.375, -76.125, 5.369503903466808e-23, nan 
-4.125, -76.125, 8.960341006898985e-23, nan 
-3.875, -76.125, 8.168047526237169e-23, nan 
-3.625, -76.125, 4.079004623041498e-23, nan 
-3.375, -76.125, 3.6047505977142504e-23, nan 
-3.125, -76.125, 5.205486195479671e-23, nan 
-2.875, -76.125, 4.7636737120074305e-23, nan 
-2.625, -76.125, 2.72986825776955e-23, nan 
-2.375, -76.125, 1.908662465465157e-23, nan 
-2.125, -76.125, 2.0630633890773387e-23, nan 
-1.875, -76.125, 2.128701500607196e-23, nan 
-1.625, -76.125, 2.364882971825501e-23, nan 
-1.375, -76.125, 2.616781503207051e-23, nan 
-1.125, -76.125, 2.127072067101569e-23, nan 
-0.875, -76.125, 3.37649875916787e-23, nan 
-0.625, -76.125, 3.034449701851617e-23, nan 
-0.375, -76.125, 2.944068192608367e-23, nan 
-0.125, -76.125, 4.8632150890297576e-23, nan 
0.125, -76.125, 4.16422071308616e-23, nan 
0.375, -76.125, 2.4566933274507135e-23, nan 
0.625, -76.125, 4.4729863138648415e-23, nan 
0.875, -76.125, 1.935730130777516e-23, nan 
1.125, -76.125, 3.582139386051269e-23, nan 
1.375, -76.125, 4.560113305556608e-23, nan 
1.625, -76.125, 4.3627768091519536e-23, nan 
1.875, -76.125, 1.673949365117593e-23, nan 
2.125, -76.125, 1.3073441794288569e-23, nan 
2.375, -76.125, 2.835948617776488e-23, nan 
2.625, -76.125, 4.115687375242638e-23, nan 
2.875, -76.125, 2.9975672117364914e-23, nan 
3.125, -76.125, 3.3971649054863495e-23, nan 
3.375, -76.125, 3.584853661864163e-23, nan 
3.625, -76.125, 4.33964247318703e-23, nan 
3.875, -76.125, 4.825535050350854e-23, nan 
4.125, -76.125, 4.942453501740538e-23, nan 
4.375, -76.125, 5.515808481549646e-23, nan 
4.625, -76.125, 6.742428127256257e-23, nan 
4.875, -76.125, 7.448994464832044e-23, nan 
5.125, -76.125, 6.642120145008367e-23, nan 
5.375, -76.125, 7.674493001922011e-23, nan 
5.625, -76.125, 1.6658249480416265e-22, nan 
5.875, -76.125, 8.617429055171669e-23, nan 
6.125, -76.125, 8.285382663765658e-23, nan 
6.375, -76.125, 9.697469362622223e-23, nan 
6.625, -76.125, 1.6957869904559847e-22, nan 
6.875, -76.125, 4.729250569152849e-22, nan 
7.125, -76.125, 2.699382225508801e-22, nan 
7.375, -76.125, 2.0341817563126727e-22, nan 
7.625, -76.125, 1.42178610303906e-22, nan 
7.875, -76.125, 1.9262841451275278e-22, nan 
8.125, -76.125, 2.816881017053504e-22, nan 
8.375, -76.125, 1.9107712836884505e-22, nan 
8.625, -76.125, 1.9189755433838168e-22, nan 
8.875, -76.125, 1.6116893092251064e-22, nan 
9.125, -76.125, 1.8079319773035284e-22, nan 
9.375, -76.125, 2.251769881429509e-22, nan 
9.625, -76.125, 2.4025208867276604e-22, nan 
9.875, -76.125, 2.810951062238666e-22, nan 
10.125, -76.125, 2.147119529979999e-22, nan 
10.375, -76.125, 1.5802865875232973e-22, nan 
10.625, -76.125, 1.351074280430125e-22, nan 
10.875, -76.125, 1.7196285074071217e-22, nan 
11.125, -76.125, 1.6329914520730403e-22, nan 
11.375, -76.125, 1.396659598197169e-22, nan 
11.625, -76.125, 1.1928500702075405e-22, nan 
11.875, -76.125, 9.548969810885807e-23, nan 
12.125, -76.125, 1.184052284996417e-22, nan 
12.375, -76.125, 9.259616465623669e-23, nan 
12.625, -76.125, 6.312346248883519e-23, nan 
12.875, -76.125, 6.353662168515685e-23, nan 
13.125, -76.125, 1.1761657060453414e-22, nan 
13.375, -76.125, 1.96046686116782e-22, nan 
13.625, -76.125, 9.389169154908513e-23, nan 
13.875, -76.125, 9.4033358540564e-23, nan 
14.125, -76.125, 2.191299962135775e-22, nan 
14.375, -76.125, 2.332278592008402e-22, nan 
-93.125, -75.875, 8.881711326897473e-25, nan 
-92.875, -75.875, 9.98299013537596e-25, nan 
-92.625, -75.875, 1.4544186382035544e-24, nan 
-92.375, -75.875, 2.3147213245525202e-24, nan 
-92.125, -75.875, 2.0380149777063738e-24, nan 
-91.875, -75.875, 1.751639947189566e-24, nan 
-91.625, -75.875, 2.0277182100791764e-24, nan 
-91.375, -75.875, 2.312195633527403e-24, nan 
-91.125, -75.875, 3.0981422824717917e-24, nan 
-90.875, -75.875, 3.6029734529592746e-24, nan 
-90.625, -75.875, 2.683855938731241e-24, nan 
-90.375, -75.875, 4.1418610919436795e-24, nan 
-90.125, -75.875, 1.4174306711452993e-23, nan 
-89.875, -75.875, 3.035864800814907e-24, nan 
-89.625, -75.875, 3.337027071567835e-24, nan 
-89.375, -75.875, 3.720249000403566e-24, nan 
-89.125, -75.875, 9.161266998694756e-24, nan 
-88.875, -75.875, 3.463580823337007e-23, nan 
-88.625, -75.875, 1.0014973959254789e-23, nan 
-88.375, -75.875, 4.7432106283775785e-24, nan 
-88.125, -75.875, 4.651539572074683e-24, nan 
-87.875, -75.875, 1.0512623827970364e-23, nan 
-87.625, -75.875, 2.0311753027690322e-23, nan 
-87.375, -75.875, 9.181139509217693e-24, nan 
-87.125, -75.875, 6.908034734966236e-24, nan 
-86.875, -75.875, 6.367078137096819e-24, nan 
-86.625, -75.875, 7.863990548525396e-24, nan 
-86.375, -75.875, 7.30767267769999e-24, nan 
-86.125, -75.875, 8.08046767970179e-24, nan 
-85.875, -75.875, 9.22107992791721e-24, nan 
-85.625, -75.875, 5.845332465270611e-24, nan 
-85.375, -75.875, 6.25171578022646e-24, nan 
-85.125, -75.875, 5.511661080541977e-24, nan 
-84.875, -75.875, 3.88211253555303e-24, nan 
-84.625, -75.875, 3.7725961123636264e-24, nan 
-84.375, -75.875, 7.613689344454876e-24, nan 
-84.125, -75.875, 1.0758470289946835e-23, nan 
-83.875, -75.875, 6.336830724754446e-24, nan 
-83.625, -75.875, 5.830782421768325e-24, nan 
-83.375, -75.875, 6.539632101741945e-24, nan 
-83.125, -75.875, 1.0254638186991739e-23, nan 
-82.875, -75.875, 1.0191630546693468e-23, nan 
-82.625, -75.875, 1.0469798207853503e-23, nan 
-82.375, -75.875, 9.209254687781988e-24, nan 
-82.125, -75.875, 8.242326386930638e-24, nan 
-81.875, -75.875, 6.077443567469796e-24, nan 
-81.625, -75.875, 1.1822077100364838e-23, nan 
-81.375, -75.875, 1.293371983756364e-23, nan 
-81.125, -75.875, 1.0530750998061323e-23, nan 
-80.875, -75.875, 5.289357772626804e-24, nan 
-80.625, -75.875, 5.264553188726501e-24, nan 
-80.375, -75.875, 9.898474103929377e-24, nan 
-80.125, -75.875, 1.5245814530173444e-23, nan 
-79.875, -75.875, 1.826124697394194e-23, nan 
-79.625, -75.875, 1.9254301966197428e-23, nan 
-79.375, -75.875, 1.627382620043601e-23, nan 
-79.125, -75.875, 1.6087636455531965e-23, nan 
-78.875, -75.875, 2.5295896261196997e-23, nan 
-78.625, -75.875, 3.7833119452932807e-23, nan 
-78.375, -75.875, 4.222030280864464e-23, nan 
-78.125, -75.875, 3.810708647895669e-23, nan 
-77.875, -75.875, 2.1174969605820835e-23, nan 
-77.625, -75.875, 1.2462059449419032e-23, nan 
-77.375, -75.875, 2.808234143507879e-23, nan 
-77.125, -75.875, 2.7745617045366277e-23, nan 
-76.875, -75.875, 3.104727302007346e-23, nan 
-76.625, -75.875, 2.2954451461716822e-23, nan 
-76.375, -75.875, 1.4829064037322497e-23, nan 
-76.125, -75.875, 1.5388859664352508e-23, nan 
-75.875, -75.875, 2.1206694573100618e-23, nan 
-75.625, -75.875, 4.006027966641781e-24, nan 
-75.375, -75.875, 7.800178382608027e-24, nan 
-75.125, -75.875, 1.1820517145999489e-23, nan 
-74.875, -75.875, 1.273770386291819e-23, nan 
-74.625, -75.875, 5.742199669121326e-24, nan 
-74.375, -75.875, 5.385824917703808e-24, nan 
-74.125, -75.875, 4.603311669023303e-24, nan 
-73.875, -75.875, 3.340315733763676e-24, nan 
-73.625, -75.875, 4.158773912516076e-24, nan 
-73.375, -75.875, 4.727446800990264e-24, nan 
-73.125, -75.875, 4.2248867495965866e-24, nan 
-72.875, -75.875, 3.1352621227400695e-24, nan 
-72.625, -75.875, 3.087496853376569e-24, nan 
-72.375, -75.875, 3.781953248997729e-24, nan 
-72.125, -75.875, 3.320685541126769e-24, nan 
-71.875, -75.875, 1.4336595547549354e-23, nan 
-71.625, -75.875, 2.3545694260062625e-23, nan 
-71.375, -75.875, 1.105022700015504e-23, nan 
-71.125, -75.875, 1.1017894791583433e-23, nan 
-70.875, -75.875, 9.712009777686632e-24, nan 
-70.625, -75.875, 2.319405699115516e-23, nan 
-70.375, -75.875, 3.0897079321752045e-23, nan 
-70.125, -75.875, 2.7060265444534233e-23, nan 
-69.875, -75.875, 2.2738486018188923e-23, nan 
-69.625, -75.875, 1.9657305929530365e-23, nan 
-69.375, -75.875, 1.3560079325852605e-23, nan 
-69.125, -75.875, 1.5371296642617548e-23, nan 
-68.875, -75.875, 3.0339691055541366e-23, nan 
-68.625, -75.875, 2.5409233137916635e-23, nan 
-68.375, -75.875, 4.258368638592121e-23, nan 
-68.125, -75.875, 4.1204986608729854e-23, nan 
-67.875, -75.875, 2.5753919900013595e-23, nan 
-67.625, -75.875, 1.557561016979817e-23, nan 
-67.375, -75.875, 1.7149079771456105e-23, nan 
-67.125, -75.875, 2.0551277418522202e-23, nan 
-66.875, -75.875, 2.091763322549826e-23, nan 
-66.625, -75.875, 2.0314855508941154e-23, nan 
-66.375, -75.875, 2.1606561673218815e-23, nan 
-66.125, -75.875, 1.5066727024217436e-23, nan 
-65.875, -75.875, 3.069525910998714e-23, nan 
-65.625, -75.875, 4.0490180262976353e-23, nan 
-65.375, -75.875, 3.6837186746924764e-23, nan 
-65.125, -75.875, 1.9425204439497156e-23, nan 
-64.875, -75.875, 1.9222999248302152e-23, nan 
-64.625, -75.875, 2.5373527943957258e-23, nan 
-64.375, -75.875, 2.0828512116729804e-23, nan 
-64.125, -75.875, 1.9314190982431633e-23, nan 
-63.875, -75.875, 2.662165195997357e-23, nan 
-63.625, -75.875, 2.264849469630251e-23, nan 
-63.375, -75.875, 1.9727737575059616e-23, nan 
-63.125, -75.875, 1.7340914878056886e-23, nan 
-62.875, -75.875, 1.501174840649778e-23, nan 
-62.625, -75.875, 2.6598295711199147e-23, nan 
-62.375, -75.875, 1.6802415727016292e-23, nan 
-62.125, -75.875, 1.369551327339542e-23, nan 
-61.875, -75.875, 9.767885341515843e-24, nan 
-61.625, -75.875, 7.95107571553701e-24, nan 
-61.375, -75.875, 1.0527368146704786e-23, nan 
-61.125, -75.875, 1.1492381544726108e-23, nan 
-60.875, -75.875, 1.6260890669940194e-23, nan 
-60.625, -75.875, 1.3928311435021262e-23, nan 
-60.375, -75.875, 1.3266275445101353e-23, nan 
-60.125, -75.875, 8.568735971160806e-24, nan 
-59.875, -75.875, 8.051534291016853e-24, nan 
-59.625, -75.875, 1.355608379045784e-23, nan 
-59.375, -75.875, 7.887359201174695e-24, nan 
-59.125, -75.875, 1.029038896621729e-23, nan 
-58.875, -75.875, 6.047476650689344e-24, nan 
-58.625, -75.875, 1.37181035107887e-23, nan 
-58.375, -75.875, 1.4438033835879912e-23, nan 
-58.125, -75.875, 1.7814887511073574e-23, nan 
-57.875, -75.875, 2.2023737447289405e-23, nan 
-57.625, -75.875, 1.4519826414878837e-23, nan 
-57.375, -75.875, 1.0233029468477848e-23, nan 
-57.125, -75.875, 1.2631015114053632e-23, nan 
-56.875, -75.875, 1.3899522331640236e-23, nan 
-56.625, -75.875, 1.4139769096585325e-23, nan 
-56.375, -75.875, 1.8602790013960086e-23, nan 
-56.125, -75.875, 2.3358114086808093e-23, nan 
-55.875, -75.875, 2.538637760265076e-23, nan 
-55.625, -75.875, 2.6191303732109362e-23, nan 
-55.375, -75.875, 8.164131727755077e-24, nan 
-55.125, -75.875, 1.7231094571514926e-23, nan 
-54.875, -75.875, 1.8534190890413283e-23, nan 
-54.625, -75.875, 1.952319747724168e-23, nan 
-54.375, -75.875, 1.871767075801585e-23, nan 
-54.125, -75.875, 5.845369911354153e-24, nan 
-53.875, -75.875, 1.0875744519263611e-23, nan 
-53.625, -75.875, 1.3159448726730374e-23, nan 
-53.375, -75.875, 9.57925138198443e-24, nan 
-53.125, -75.875, 6.416309930594375e-24, nan 
-52.875, -75.875, 3.547651793556161e-24, nan 
-52.625, -75.875, 5.9894911812136526e-24, nan 
-52.375, -75.875, 7.047051286571479e-24, nan 
-52.125, -75.875, 4.3459608098366e-24, nan 
-51.875, -75.875, 1.5466330316146564e-24, nan 
-51.625, -75.875, 1.5746317748725399e-24, nan 
-51.375, -75.875, 2.5331914800415437e-24, nan 
-51.125, -75.875, 2.670227373848057e-24, nan 
-50.875, -75.875, 2.0935726942155875e-24, nan 
-50.625, -75.875, 1.582896194347585e-24, nan 
-50.375, -75.875, 1.2143179423064082e-24, nan 
-50.125, -75.875, 1.506995912481317e-24, nan 
-49.875, -75.875, 2.73757110548375e-24, nan 
-49.625, -75.875, 4.048516061202498e-24, nan 
-49.375, -75.875, 2.9782259552936235e-24, nan 
-49.125, -75.875, 3.2516593250811595e-24, nan 
-48.875, -75.875, 2.4443124606689993e-24, nan 
-48.625, -75.875, 3.742454538563173e-24, nan 
-48.375, -75.875, 3.465164721350329e-24, nan 
-48.125, -75.875, 3.427159972817723e-24, nan 
-47.875, -75.875, 3.008630397431911e-24, nan 
-47.625, -75.875, 2.619017670926668e-24, nan 
-47.375, -75.875, 3.355569791347883e-24, nan 
-47.125, -75.875, 4.101084524911272e-24, nan 
-46.875, -75.875, 5.484884888361142e-24, nan 
-46.625, -75.875, 7.507765081383265e-24, nan 
-46.375, -75.875, 4.8310318120903795e-24, nan 
-46.125, -75.875, 3.654651800300657e-24, nan 
-45.875, -75.875, 1.0803646681856089e-23, nan 
-45.625, -75.875, 1.56274792530619e-23, nan 
-45.375, -75.875, 5.869439110423271e-24, nan 
-45.125, -75.875, 4.765734620748002e-24, nan 
-44.875, -75.875, 4.962622333777983e-24, nan 
-44.625, -75.875, 4.482463161497854e-24, nan 
-44.375, -75.875, 4.324895242584468e-24, nan 
-44.125, -75.875, 5.9484138016761855e-24, nan 
-43.875, -75.875, 4.3564609646556186e-24, nan 
-43.625, -75.875, 3.952437966263392e-24, nan 
-43.375, -75.875, 3.325742660458412e-24, nan 
-43.125, -75.875, 6.0897435536916375e-24, nan 
-42.875, -75.875, 1.1314286802339462e-23, nan 
-42.625, -75.875, 1.124248288439154e-23, nan 
-42.375, -75.875, 9.495777304833937e-24, nan 
-42.125, -75.875, 8.60567477837163e-24, nan 
-41.875, -75.875, 7.829066585384527e-24, nan 
-41.625, -75.875, 7.4576521908445e-24, nan 
-41.375, -75.875, 8.633936250904143e-24, nan 
-41.125, -75.875, 7.636456357175601e-24, nan 
-40.875, -75.875, 6.92879225320072e-24, nan 
-40.625, -75.875, 5.711158762701079e-24, nan 
-40.375, -75.875, 7.966016166985989e-24, nan 
-40.125, -75.875, 1.370571331642686e-23, nan 
-39.875, -75.875, 1.6734906106567066e-23, nan 
-39.625, -75.875, 4.0033490891622613e-23, nan 
-39.375, -75.875, 3.499946297700511e-23, nan 
-39.125, -75.875, 3.722128261810827e-23, nan 
-38.875, -75.875, 3.1188298637062616e-23, nan 
-38.625, -75.875, 2.760216434363324e-23, nan 
-38.375, -75.875, 2.5363801019922584e-23, nan 
-38.125, -75.875, 2.5284829034155518e-23, nan 
-37.875, -75.875, 3.2859773328718094e-23, nan 
-37.625, -75.875, 2.8650113064054947e-23, nan 
-37.375, -75.875, 2.797130346837997e-23, nan 
-37.125, -75.875, 1.3107117999877678e-23, nan 
-36.875, -75.875, 1.3513702172380928e-23, nan 
-36.625, -75.875, 1.89325382942005e-23, nan 
-36.375, -75.875, 2.2508404632832956e-23, nan 
-36.125, -75.875, 1.6314633901374478e-23, nan 
-35.875, -75.875, 1.4765032507457335e-23, nan 
-35.625, -75.875, 1.6274652284331168e-23, nan 
-35.375, -75.875, 2.292875708602267e-23, nan 
-35.125, -75.875, 2.6778002661847953e-23, nan 
-34.875, -75.875, 2.2300189049216444e-23, nan 
-34.625, -75.875, 1.616049358799395e-23, nan 
-34.375, -75.875, 1.9131272454875435e-23, nan 
-34.125, -75.875, 1.6667652280915318e-23, nan 
-33.875, -75.875, 1.813395082065783e-23, nan 
-33.625, -75.875, 1.5555952060735523e-23, nan 
-33.375, -75.875, 1.815447892543881e-23, nan 
-33.125, -75.875, 2.518411154454514e-23, nan 
-32.875, -75.875, 2.0539848056371434e-23, nan 
-32.625, -75.875, 1.6341584269251197e-23, nan 
-32.375, -75.875, 1.3600979585211494e-23, nan 
-32.125, -75.875, 1.918134370232812e-23, nan 
-31.875, -75.875, 2.9452848450792654e-23, nan 
-31.625, -75.875, 3.5139938203908425e-23, nan 
-31.375, -75.875, 3.627271576698089e-23, nan 
-31.125, -75.875, 2.91203042775578e-23, nan 
-30.875, -75.875, 1.843085654219664e-23, nan 
-30.625, -75.875, 2.2654492928177842e-23, nan 
-30.375, -75.875, 3.4445529785763147e-23, nan 
-30.125, -75.875, 3.051872787412117e-23, nan 
-29.875, -75.875, 2.3033133827301075e-23, nan 
-29.625, -75.875, 1.00187585636868e-23, nan 
-29.375, -75.875, 2.102816095895877e-23, nan 
-29.125, -75.875, 3.25317218736187e-23, nan 
-28.875, -75.875, 3.8831890925005805e-23, nan 
-28.625, -75.875, 2.6006914613805486e-23, nan 
-28.375, -75.875, 4.029611821610767e-23, nan 
-28.125, -75.875, 3.4432271465353867e-23, nan 
-27.875, -75.875, 4.722114534830351e-23, nan 
-27.625, -75.875, 4.682636644208189e-23, nan 
-27.375, -75.875, 3.9606631416893404e-23, nan 
-27.125, -75.875, 3.581111606287742e-23, nan 
-26.875, -75.875, 3.1558921107025657e-23, nan 
-26.625, -75.875, 4.162330457685281e-23, nan 
-26.375, -75.875, 4.3499787374874144e-23, nan 
-26.125, -75.875, 4.1458343008827966e-23, nan 
-25.875, -75.875, 3.434459527872925e-23, nan 
-25.625, -75.875, 3.121782315582506e-23, nan 
-25.375, -75.875, 2.0762638798378627e-23, nan 
-25.125, -75.875, 1.4420784594577404e-23, nan 
-24.875, -75.875, 2.72493534819763e-23, nan 
-24.625, -75.875, 2.5448390027090677e-23, nan 
-24.375, -75.875, 2.3234536153168575e-23, nan 
-24.125, -75.875, 2.6528578528765125e-23, nan 
-23.875, -75.875, 1.842840235426624e-23, nan 
-23.625, -75.875, 3.0846032409485093e-23, nan 
-23.375, -75.875, 3.27109846569502e-23, nan 
-23.125, -75.875, 5.1542469887090297e-23, nan 
-22.875, -75.875, 5.469296213083296e-23, nan 
-22.625, -75.875, 4.955047662013908e-23, nan 
-22.375, -75.875, 4.6063054922111206e-23, nan 
-22.125, -75.875, 3.734994075535405e-23, nan 
-21.875, -75.875, 4.334099479563901e-23, nan 
-21.625, -75.875, 4.560487801532789e-23, nan 
-21.375, -75.875, 3.4799871885632744e-23, nan 
-21.125, -75.875, 4.366498558579227e-23, nan 
-20.875, -75.875, 2.7914139005854655e-23, nan 
-20.625, -75.875, 1.7620024406131903e-23, nan 
-20.375, -75.875, 2.4652250449530656e-23, nan 
-20.125, -75.875, 1.3678159970348185e-23, nan 
-19.875, -75.875, 2.4568328986090854e-23, nan 
-19.625, -75.875, 1.6916241140782226e-23, nan 
-19.375, -75.875, 3.44267243879889e-23, nan 
-19.125, -75.875, 4.5706736017298607e-23, nan 
-18.875, -75.875, 5.378505534371507e-23, nan 
-18.625, -75.875, 6.196081195557437e-23, nan 
-18.375, -75.875, 2.89468414511104e-23, nan 
-18.125, -75.875, 4.3725404421737297e-23, nan 
-17.875, -75.875, 2.2825387730462496e-23, nan 
-17.625, -75.875, 3.5380686951151064e-23, nan 
-17.375, -75.875, 5.256835994332451e-23, nan 
-17.125, -75.875, 7.108291790140728e-23, nan 
-16.875, -75.875, 9.236333141841653e-23, nan 
-16.625, -75.875, 1.0086005612576117e-22, nan 
-16.375, -75.875, 9.540937785213154e-23, nan 
-16.125, -75.875, 1.0379085729698319e-22, nan 
-15.875, -75.875, 7.907417942458596e-23, nan 
-15.625, -75.875, 7.294579178561639e-23, nan 
-15.375, -75.875, 6.616512061675814e-23, nan 
-15.125, -75.875, 5.460785348718926e-23, nan 
-14.875, -75.875, 5.182647884381831e-23, nan 
-14.625, -75.875, 3.989382031943579e-23, nan 
-14.375, -75.875, 3.053214720967976e-23, nan 
-14.125, -75.875, 4.144514497461623e-23, nan 
-13.875, -75.875, 5.2185976041509196e-23, nan 
-13.625, -75.875, 9.961499598038841e-23, nan 
-13.375, -75.875, 8.115705108698093e-23, nan 
-13.125, -75.875, 5.445445913961589e-23, nan 
-12.875, -75.875, 1.553883228139176e-22, nan 
-12.625, -75.875, 7.363738966912529e-23, nan 
-12.375, -75.875, 2.426387345446201e-22, nan 
-12.125, -75.875, 2.120765700144996e-22, nan 
-11.875, -75.875, 1.1205499576266648e-22, nan 
-11.625, -75.875, 8.962017076830247e-23, nan 
-11.375, -75.875, 1.2370802517644996e-22, nan 
-11.125, -75.875, 1.096253619826951e-22, nan 
-10.875, -75.875, 1.0838390688726403e-22, nan 
-10.625, -75.875, 1.6121786408504376e-22, nan 
-10.375, -75.875, 1.110737848349838e-22, nan 
-10.125, -75.875, 1.0986235901560548e-22, nan 
-9.875, -75.875, 9.266591548005105e-23, nan 
-9.625, -75.875, 1.478671734200412e-22, nan 
-9.375, -75.875, 5.98392498693707e-23, nan 
-9.125, -75.875, 6.819916940925253e-23, nan 
-8.875, -75.875, 6.129276610892968e-23, nan 
-8.625, -75.875, 2.0396563345380358e-22, nan 
-8.375, -75.875, 2.0750283263734355e-22, nan 
-8.125, -75.875, 1.5020572103077054e-22, nan 
-7.875, -75.875, 4.336448724591547e-23, nan 
-7.625, -75.875, 4.213729436219243e-23, nan 
-7.375, -75.875, 4.58741874361185e-23, nan 
-7.125, -75.875, 2.2106721110805463e-23, nan 
-6.875, -75.875, 7.282216823179151e-23, nan 
-6.625, -75.875, 4.14479513691472e-23, nan 
-6.375, -75.875, 3.737692261524052e-23, nan 
-6.125, -75.875, 5.2617090444562736e-23, nan 
-5.875, -75.875, 3.2649174263924383e-23, nan 
-5.625, -75.875, 1.4427035421705124e-22, nan 
-5.375, -75.875, 2.311912102379618e-22, nan 
-5.125, -75.875, 5.1192163260188134e-23, nan 
-4.875, -75.875, 5.395094883574722e-23, nan 
-4.625, -75.875, 4.861255233486826e-23, nan 
-4.375, -75.875, 5.827199011721168e-23, nan 
-4.125, -75.875, 5.627573027241682e-23, nan 
-3.875, -75.875, 2.1115537426055717e-23, nan 
-3.625, -75.875, 2.3152016086399096e-23, nan 
-3.375, -75.875, 2.8963270489958155e-23, nan 
-3.125, -75.875, 2.411206521237129e-23, nan 
-2.875, -75.875, 1.9222181481975245e-23, nan 
-2.625, -75.875, 2.9645224111543514e-23, nan 
-2.375, -75.875, 1.7820454447286408e-23, nan 
-2.125, -75.875, 2.7951085411359366e-23, nan 
-1.875, -75.875, 2.8918017167064865e-23, nan 
-1.625, -75.875, 2.8180905012582693e-23, nan 
-1.375, -75.875, 2.6379874910079712e-23, nan 
-1.125, -75.875, 2.554461825228774e-23, nan 
-0.875, -75.875, 1.9166384993600464e-23, nan 
-0.625, -75.875, 3.404138313555513e-23, nan 
-0.375, -75.875, 3.9743306956813836e-23, nan 
-0.125, -75.875, 4.113739433397177e-23, nan 
0.125, -75.875, 3.957193020946096e-23, nan 
0.375, -75.875, 4.0259119674145754e-23, nan 
0.625, -75.875, 5.685222822378025e-23, nan 
0.875, -75.875, 3.377173856636688e-23, nan 
1.125, -75.875, 3.0673506563828594e-23, nan 
1.375, -75.875, 4.5154956132854695e-23, nan 
1.625, -75.875, 4.1969910358269706e-23, nan 
1.875, -75.875, 1.8817050152488962e-23, nan 
2.125, -75.875, 3.5216097737129925e-23, nan 
2.375, -75.875, 1.5610911631513932e-23, nan 
2.625, -75.875, 1.776416624979561e-23, nan 
2.875, -75.875, 3.0932233901607714e-23, nan 
3.125, -75.875, 2.3472254281440144e-23, nan 
3.375, -75.875, 4.348859839982643e-23, nan 
3.625, -75.875, 3.9300911990424624e-23, nan 
3.875, -75.875, 4.6801489770696757e-23, nan 
4.125, -75.875, 4.6711513625673904e-23, nan 
4.375, -75.875, 4.85345931112666e-23, nan 
4.625, -75.875, 4.6005376976553286e-23, nan 
4.875, -75.875, 6.59515382439772e-23, nan 
5.125, -75.875, 6.605538559683234e-23, nan 
5.375, -75.875, 6.975582884880155e-23, nan 
5.625, -75.875, 8.202573558927878e-23, nan 
5.875, -75.875, 7.739928459809003e-23, nan 
6.125, -75.875, 9.842610300079509e-23, nan 
6.375, -75.875, 9.713601915293947e-23, nan 
6.625, -75.875, 6.684704925143357e-23, nan 
6.875, -75.875, 2.142049010615057e-22, nan 
7.125, -75.875, 7.626289980327912e-23, nan 
7.375, -75.875, 1.0115354469017359e-22, nan 
7.625, -75.875, 1.3496895616237153e-22, nan 
7.875, -75.875, 1.5350843877275887e-22, nan 
8.125, -75.875, 1.4298208371981637e-22, nan 
8.375, -75.875, 1.2008241288937597e-22, nan 
8.625, -75.875, 8.940082344387415e-23, nan 
8.875, -75.875, 1.323597137897269e-22, nan 
9.125, -75.875, 1.470077866107436e-22, nan 
9.375, -75.875, 1.5360228867966103e-22, nan 
9.625, -75.875, 2.341696329198923e-22, nan 
9.875, -75.875, 2.7127043418419838e-22, nan 
10.125, -75.875, 2.2075987752334947e-22, nan 
10.375, -75.875, 1.7708715338110493e-22, nan 
10.625, -75.875, 1.4949367755136954e-22, nan 
10.875, -75.875, 1.8043226381167322e-22, nan 
11.125, -75.875, 1.69452125078381e-22, nan 
11.375, -75.875, 1.4820666311915924e-22, nan 
11.625, -75.875, 1.3891337352407017e-22, nan 
11.875, -75.875, 1.0536299975038603e-22, nan 
12.125, -75.875, 1.0964143819512278e-22, nan 
12.375, -75.875, 1.0767636773226916e-22, nan 
12.625, -75.875, 1.0602675483989476e-22, nan 
12.875, -75.875, 1.3215842634232423e-22, nan 
13.125, -75.875, 1.456556552917445e-22, nan 
13.375, -75.875, 1.650984315684616e-22, nan 
13.625, -75.875, 1.1399277233918868e-22, nan 
13.875, -75.875, 8.873126948873744e-23, nan 
14.125, -75.875, 1.1479629836657088e-22, nan 
14.375, -75.875, 1.1971121731992922e-22, nan 
-91.125, -75.625, 1.7440025306831257e-24, nan 
-90.875, -75.625, 1.4715918478083874e-24, nan 
-90.625, -75.625, 2.170564219147006e-24, nan 
-90.375, -75.625, 2.864928439769917e-24, nan 
-90.125, -75.625, 2.5481240392791032e-24, nan 
-89.875, -75.625, 1.8076204467503895e-24, nan 
-89.625, -75.625, 3.3043010363913482e-24, nan 
-89.375, -75.625, 2.8319218389178944e-24, nan 
-89.125, -75.625, 3.303966646800144e-24, nan 
-88.875, -75.625, 1.8526409326365528e-23, nan 
-88.625, -75.625, 4.047849443279672e-24, nan 
-88.375, -75.625, 1.776137041043171e-24, nan 
-88.125, -75.625, 3.830279169563128e-24, nan 
-87.875, -75.625, 7.21641018702421e-24, nan 
-87.625, -75.625, 5.0656646928934345e-24, nan 
-87.375, -75.625, 5.266878534424565e-24, nan 
-87.125, -75.625, 3.656534969165485e-24, nan 
-86.875, -75.625, 6.710012782238431e-24, nan 
-86.625, -75.625, 8.534833602397329e-24, nan 
-86.375, -75.625, 7.061663273248644e-24, nan 
-86.125, -75.625, 9.44483184482613e-24, nan 
-85.875, -75.625, 8.58519467267289e-24, nan 
-85.625, -75.625, 8.486526012156576e-24, nan 
-85.375, -75.625, 7.588438978761834e-24, nan 
-85.125, -75.625, 5.8199093098073775e-24, nan 
-84.875, -75.625, 2.991262083967883e-24, nan 
-84.625, -75.625, 3.313045289655916e-24, nan 
-84.375, -75.625, 2.9773521720821422e-24, nan 
-84.125, -75.625, 4.17859610669109e-24, nan 
-83.875, -75.625, 1.152187855774414e-24, nan 
-83.625, -75.625, 3.63875268736362e-24, nan 
-83.375, -75.625, 5.767563643478279e-24, nan 
-83.125, -75.625, 9.722046614412562e-24, nan 
-82.875, -75.625, 7.390095698762032e-24, nan 
-82.625, -75.625, 8.196854647679268e-24, nan 
-82.375, -75.625, 8.492512221936017e-24, nan 
-82.125, -75.625, 9.937136862355578e-24, nan 
-81.875, -75.625, 9.006602122787452e-24, nan 
-81.625, -75.625, 9.937231697871683e-24, nan 
-81.375, -75.625, 1.1522210163276333e-23, nan 
-81.125, -75.625, 1.2603482323973939e-23, nan 
-80.875, -75.625, 1.1814912479206187e-23, nan 
-80.625, -75.625, 6.0416847111541255e-24, nan 
-80.375, -75.625, 5.4483182932114476e-24, nan 
-80.125, -75.625, 5.694579759310244e-24, nan 
-79.875, -75.625, 7.339820064427608e-24, nan 
-79.625, -75.625, 7.215746923304442e-24, nan 
-79.375, -75.625, 5.49867329673502e-24, nan 
-79.125, -75.625, 1.3823550913792545e-23, nan 
-78.875, -75.625, 1.9560181219287872e-23, nan 
-78.625, -75.625, 2.4590372186057406e-23, nan 
-78.375, -75.625, 2.7465914643667714e-23, nan 
-78.125, -75.625, 2.529422507639601e-23, nan 
-77.875, -75.625, 1.9702282554227847e-23, nan 
-77.625, -75.625, 8.377380923791851e-24, nan 
-77.375, -75.625, 1.0064414506050527e-23, nan 
-77.125, -75.625, 1.5284020080452388e-23, nan 
-76.875, -75.625, 5.843723452093235e-24, nan 
-76.625, -75.625, 1.2504318058379628e-23, nan 
-76.375, -75.625, 7.429841967074651e-24, nan 
-76.125, -75.625, 1.3650848928343728e-23, nan 
-75.875, -75.625, 3.3204774973174354e-23, nan 
-75.625, -75.625, 5.459367265016979e-24, nan 
-75.375, -75.625, 6.017782865369433e-24, nan 
-75.125, -75.625, 6.900717627021866e-24, nan 
-74.875, -75.625, 9.907476193643405e-24, nan 
-74.625, -75.625, 1.4722535015122095e-23, nan 
-74.375, -75.625, 5.372988774542504e-24, nan 
-74.125, -75.625, 3.0165770664079435e-24, nan 
-73.875, -75.625, 3.7131318171628804e-24, nan 
-73.625, -75.625, 3.2464966220985244e-24, nan 
-73.375, -75.625, 3.477264094270029e-24, nan 
-73.125, -75.625, 4.163491350168405e-24, nan 
-72.875, -75.625, 4.282613401457478e-24, nan 
-72.625, -75.625, 4.250524726973186e-24, nan 
-72.375, -75.625, 3.988976379722488e-24, nan 
-72.125, -75.625, 1.0846364036481625e-23, nan 
-71.875, -75.625, 1.6157729690639618e-23, nan 
-71.625, -75.625, 3.2130501014550045e-23, nan 
-71.375, -75.625, 2.2521566371380068e-23, nan 
-71.125, -75.625, 1.6457883121322985e-23, nan 
-70.875, -75.625, 1.098439071370424e-23, nan 
-70.625, -75.625, 1.9133820934558538e-23, nan 
-70.375, -75.625, 2.3807968665374764e-23, nan 
-70.125, -75.625, 3.554905495902828e-23, nan 
-69.875, -75.625, 3.0844509442822273e-23, nan 
-69.625, -75.625, 4.240699525887754e-23, nan 
-69.375, -75.625, 3.9095471079270393e-23, nan 
-69.125, -75.625, 2.672811317225654e-23, nan 
-68.875, -75.625, 3.5005302469370107e-23, nan 
-68.625, -75.625, 3.2404066944208594e-23, nan 
-68.375, -75.625, 5.826016834829463e-23, nan 
-68.125, -75.625, 5.487755949531481e-23, nan 
-67.875, -75.625, 3.51594174498659e-23, nan 
-67.625, -75.625, 3.2758802760318e-23, nan 
-67.375, -75.625, 1.3951112940874008e-23, nan 
-67.125, -75.625, 2.5448792033671796e-23, nan 
-66.875, -75.625, 2.1011311675442582e-23, nan 
-66.625, -75.625, 1.2063113085603431e-23, nan 
-66.375, -75.625, 1.5567035490721747e-23, nan 
-66.125, -75.625, 7.941091710413126e-24, nan 
-65.875, -75.625, 2.084768948256471e-23, nan 
-65.625, -75.625, 1.1027200297024986e-23, nan 
-65.375, -75.625, 1.1777293798469504e-23, nan 
-65.125, -75.625, 1.115667133920554e-23, nan 
-64.875, -75.625, 1.5723050114226802e-23, nan 
-64.625, -75.625, 1.791333765141996e-23, nan 
-64.375, -75.625, 2.1142443757886247e-23, nan 
-64.125, -75.625, 1.8164479532996815e-23, nan 
-63.875, -75.625, 1.935350687817221e-23, nan 
-63.625, -75.625, 2.0191165180982812e-23, nan 
-63.375, -75.625, 1.863168922383193e-23, nan 
-63.125, -75.625, 1.8864492650451205e-23, nan 
-62.875, -75.625, 1.3256488558301595e-23, nan 
-62.625, -75.625, 1.2084464250160834e-23, nan 
-62.375, -75.625, 8.785967797155354e-24, nan 
-62.125, -75.625, 8.063540517132457e-24, nan 
-61.875, -75.625, 6.65903885707103e-24, nan 
-61.625, -75.625, 7.560873078389328e-24, nan 
-61.375, -75.625, 7.987322271747172e-24, nan 
-61.125, -75.625, 1.0887863493913342e-23, nan 
-60.875, -75.625, 2.189366786111152e-24, nan 
-60.625, -75.625, 1.3307032841498156e-23, nan 
-60.375, -75.625, 1.5098598878463883e-23, nan 
-60.125, -75.625, 1.1890399775469789e-23, nan 
-59.875, -75.625, 1.2840274425039996e-23, nan 
-59.625, -75.625, 1.2880474718173373e-23, nan 
-59.375, -75.625, 1.494555374560429e-23, nan 
-59.125, -75.625, 1.625455898385164e-23, nan 
-58.875, -75.625, 1.2599112885546039e-23, nan 
-58.625, -75.625, 1.7533599250839866e-23, nan 
-58.375, -75.625, 1.7781968686784102e-23, nan 
-58.125, -75.625, 1.724391988336655e-23, nan 
-57.875, -75.625, 2.1464333879992334e-23, nan 
-57.625, -75.625, 1.2858768656625108e-23, nan 
-57.375, -75.625, 1.9391038325046085e-23, nan 
-57.125, -75.625, 1.9263343417915274e-23, nan 
-56.875, -75.625, 1.660133037388697e-23, nan 
-56.625, -75.625, 1.67512333780853e-23, nan 
-56.375, -75.625, 1.4834519280422588e-23, nan 
-56.125, -75.625, 1.6740228527831953e-23, nan 
-55.875, -75.625, 2.0010750339177827e-23, nan 
-55.625, -75.625, 2.096956737001521e-23, nan 
-55.375, -75.625, 1.2025051419428943e-23, nan 
-55.125, -75.625, 1.426158014852464e-23, nan 
-54.875, -75.625, 1.0515424578167476e-23, nan 
-54.625, -75.625, 1.2796848010644474e-23, nan 
-54.375, -75.625, 1.420276627306781e-23, nan 
-54.125, -75.625, 8.176753929793211e-24, nan 
-53.875, -75.625, 6.4234463170302945e-24, nan 
-53.625, -75.625, 8.078226662597051e-24, nan 
-53.375, -75.625, 9.58497801043372e-24, nan 
-53.125, -75.625, 1.2963749281572384e-23, nan 
-52.875, -75.625, 6.208618766301237e-24, nan 
-52.625, -75.625, 3.963817025987554e-24, nan 
-52.375, -75.625, 6.1367734947919524e-24, nan 
-52.125, -75.625, 5.51464841138942e-24, nan 
-51.875, -75.625, 6.148663678444544e-24, nan 
-51.625, -75.625, 3.321692654807541e-24, nan 
-51.375, -75.625, 3.104680169443643e-24, nan 
-51.125, -75.625, 2.257643522910407e-24, nan 
-50.875, -75.625, 2.3134946093200847e-24, nan 
-50.625, -75.625, 2.025089095782853e-24, nan 
-50.375, -75.625, 1.0489747906526047e-24, nan 
-50.125, -75.625, 1.892428342402088e-24, nan 
-49.875, -75.625, 2.0438691875631046e-24, nan 
-49.625, -75.625, 4.647120171295723e-24, nan 
-49.375, -75.625, 2.633307316047278e-24, nan 
-49.125, -75.625, 3.6936979787273864e-24, nan 
-48.875, -75.625, 5.198148337688985e-24, nan 
-48.625, -75.625, 8.342109001905558e-24, nan 
-48.375, -75.625, 8.499707565918111e-24, nan 
-48.125, -75.625, 8.756370049498492e-24, nan 
-47.875, -75.625, 5.8629559672847346e-24, nan 
-47.625, -75.625, 4.435662296487677e-24, nan 
-47.375, -75.625, 7.861414818928205e-24, nan 
-47.125, -75.625, 9.014748618832659e-24, nan 
-46.875, -75.625, 1.0800699996515829e-23, nan 
-46.625, -75.625, 8.792860013547775e-24, nan 
-46.375, -75.625, 5.203836316324722e-24, nan 
-46.125, -75.625, 2.9624053684842056e-24, nan 
-45.875, -75.625, 1.5048945561401504e-23, nan 
-45.625, -75.625, 2.363423154118718e-23, nan 
-45.375, -75.625, 5.881813200703462e-24, nan 
-45.125, -75.625, 5.551140831344256e-24, nan 
-44.875, -75.625, 7.614434601438737e-24, nan 
-44.625, -75.625, 1.2757012004514421e-23, nan 
-44.375, -75.625, 1.4577624451306577e-23, nan 
-44.125, -75.625, 6.655382394608095e-24, nan 
-43.875, -75.625, 1.1947674422974432e-23, nan 
-43.625, -75.625, 1.6080890615156911e-23, nan 
-43.375, -75.625, 1.8576709484878593e-23, nan 
-43.125, -75.625, 2.4197196954592994e-23, nan 
-42.875, -75.625, 2.377642890797089e-23, nan 
-42.625, -75.625, 2.5694793651270825e-23, nan 
-42.375, -75.625, 3.287076967563016e-23, nan 
-42.125, -75.625, 4.0563953448470624e-23, nan 
-41.875, -75.625, 3.826218202300936e-23, nan 
-41.625, -75.625, 3.3516462566668654e-23, nan 
-41.375, -75.625, 3.053647450156025e-23, nan 
-41.125, -75.625, 3.3302270116616294e-23, nan 
-40.875, -75.625, 3.0599724165883433e-23, nan 
-40.625, -75.625, 2.792910265859355e-23, nan 
-40.375, -75.625, 2.2352824317031028e-23, nan 
-40.125, -75.625, 3.1443607853318794e-23, nan 
-39.875, -75.625, 3.937071776349896e-23, nan 
-39.625, -75.625, 4.4777802683343283e-23, nan 
-39.375, -75.625, 3.7776276319213245e-23, nan 
-39.125, -75.625, 3.6466202590709686e-23, nan 
-38.875, -75.625, 3.045233080859916e-23, nan 
-38.625, -75.625, 2.872834234446759e-23, nan 
-38.375, -75.625, 1.4314048642714962e-23, nan 
-38.125, -75.625, 1.7458710936655397e-23, nan 
-37.875, -75.625, 2.700550300737791e-23, nan 
-37.625, -75.625, 9.350377563392208e-24, nan 
-37.375, -75.625, 1.022258536491866e-23, nan 
-37.125, -75.625, 1.6001496223815858e-23, nan 
-36.875, -75.625, 1.6137804696540546e-23, nan 
-36.625, -75.625, 2.666396878249369e-23, nan 
-36.375, -75.625, 1.8989599910464238e-23, nan 
-36.125, -75.625, 1.6385174450116688e-23, nan 
-35.875, -75.625, 1.3723545273750266e-23, nan 
-35.625, -75.625, 1.7691267931390796e-23, nan 
-35.375, -75.625, 2.5102596971759265e-23, nan 
-35.125, -75.625, 2.1252129225868163e-23, nan 
-34.875, -75.625, 2.7324693385038815e-23, nan 
-34.625, -75.625, 1.6988711572165294e-23, nan 
-34.375, -75.625, 2.1254396238777824e-23, nan 
-34.125, -75.625, 1.6445711617234405e-23, nan 
-33.875, -75.625, 2.0296995430936695e-23, nan 
-33.625, -75.625, 2.0570255437356112e-23, nan 
-33.375, -75.625, 2.069611438526578e-23, nan 
-33.125, -75.625, 2.128056120208728e-23, nan 
-32.875, -75.625, 2.825372846106075e-23, nan 
-32.625, -75.625, 3.2904317054160176e-23, nan 
-32.375, -75.625, 3.1402480185853163e-23, nan 
-32.125, -75.625, 2.559396859657687e-23, nan 
-31.875, -75.625, 2.356304746035325e-23, nan 
-31.625, -75.625, 4.2044373801393914e-23, nan 
-31.375, -75.625, 5.28024743163211e-23, nan 
-31.125, -75.625, 4.1928450487335865e-23, nan 
-30.875, -75.625, 3.0295173288937246e-23, nan 
-30.625, -75.625, 2.248853647922742e-23, nan 
-30.375, -75.625, 3.760950797899056e-23, nan 
-30.125, -75.625, 4.6585663988019145e-23, nan 
-29.875, -75.625, 3.867363455213619e-23, nan 
-29.625, -75.625, 2.939545762561616e-23, nan 
-29.375, -75.625, 1.4534795631351113e-23, nan 
-29.125, -75.625, 2.050711075608097e-23, nan 
-28.875, -75.625, 3.377499532583305e-23, nan 
-28.625, -75.625, 3.566838524049404e-23, nan 
-28.375, -75.625, 4.4215798672738323e-23, nan 
-28.125, -75.625, 3.056850350499267e-23, nan 
-27.875, -75.625, 3.073709013938166e-23, nan 
-27.625, -75.625, 4.3118149152641004e-23, nan 
-27.375, -75.625, 4.347946167432908e-23, nan 
-27.125, -75.625, 3.449139769702623e-23, nan 
-26.875, -75.625, 2.925442354854318e-23, nan 
-26.625, -75.625, 3.309619695335574e-23, nan 
-26.375, -75.625, 4.275006214737937e-23, nan 
-26.125, -75.625, 5.518420803858216e-23, nan 
-25.875, -75.625, 4.8628386240527235e-23, nan 
-25.625, -75.625, 4.6415907334020804e-23, nan 
-25.375, -75.625, 3.7817325548301414e-23, nan 
-25.125, -75.625, 2.2832583116971844e-23, nan 
-24.875, -75.625, 3.9397449430907405e-23, nan 
-24.625, -75.625, 4.249444844639326e-23, nan 
-24.375, -75.625, 4.4484463089695435e-23, nan 
-24.125, -75.625, 4.4740751819332644e-23, nan 
-23.875, -75.625, 4.463790960046335e-23, nan 
-23.625, -75.625, 4.590216443594302e-23, nan 
-23.375, -75.625, 5.298425094510204e-23, nan 
-23.125, -75.625, 4.967226559814517e-23, nan 
-22.875, -75.625, 5.603981920075246e-23, nan 
-22.625, -75.625, 6.063594612923826e-23, nan 
-22.375, -75.625, 5.852701285076596e-23, nan 
-22.125, -75.625, 5.551659949879121e-23, nan 
-21.875, -75.625, 3.6644712628151053e-23, nan 
-21.625, -75.625, 3.167208872833373e-23, nan 
-21.375, -75.625, 2.5910947997677536e-23, nan 
-21.125, -75.625, 2.258424409523195e-23, nan 
-20.875, -75.625, 2.3188918616764752e-23, nan 
-20.625, -75.625, 2.5992295844201154e-23, nan 
-20.375, -75.625, 3.6705122228911283e-23, nan 
-20.125, -75.625, 4.1822472558913836e-23, nan 
-19.875, -75.625, 5.550143543535675e-23, nan 
-19.625, -75.625, 3.3763742109437123e-23, nan 
-19.375, -75.625, 5.071865737442911e-23, nan 
-19.125, -75.625, 9.278800294625566e-23, nan 
-18.875, -75.625, 1.0700721866879278e-22, nan 
-18.625, -75.625, 1.4466793237991087e-22, nan 
-18.375, -75.625, 6.430278144316994e-23, nan 
-18.125, -75.625, 9.237588569521306e-23, nan 
-17.875, -75.625, 6.105657793351532e-23, nan 
-17.625, -75.625, 6.944957051838433e-23, nan 
-17.375, -75.625, 9.926301103188673e-23, nan 
-17.125, -75.625, 6.400164609409781e-23, nan 
-16.875, -75.625, 8.532194412736962e-23, nan 
-16.625, -75.625, 5.64472384125618e-23, nan 
-16.375, -75.625, 3.101373529031801e-23, nan 
-16.125, -75.625, 7.20067988991461e-23, nan 
-15.875, -75.625, 1.0793129933169924e-22, nan 
-15.625, -75.625, 4.7307409922699005e-23, nan 
-15.375, -75.625, 4.159211786894506e-23, nan 
-15.125, -75.625, 4.646130183777375e-23, nan 
-14.875, -75.625, 6.348994785527946e-23, nan 
-14.625, -75.625, 5.30180633959551e-23, nan 
-14.375, -75.625, 5.014094651117531e-23, nan 
-14.125, -75.625, 1.5734857509812736e-22, nan 
-13.875, -75.625, 1.3109823560288726e-22, nan 
-13.625, -75.625, 1.6128820678782693e-22, nan 
-13.375, -75.625, 1.6374149979211214e-22, nan 
-13.125, -75.625, 6.615419612780706e-23, nan 
-12.875, -75.625, 2.2410597185369287e-22, nan 
-12.625, -75.625, 1.2043578258983856e-22, nan 
-12.375, -75.625, 3.196293610167355e-22, nan 
-12.125, -75.625, 3.2485399487688863e-22, nan 
-11.875, -75.625, 1.1451543105936977e-22, nan 
-11.625, -75.625, 1.0180831798417379e-22, nan 
-11.375, -75.625, 8.756795946756341e-23, nan 
-11.125, -75.625, 1.56394656043678e-22, nan 
-10.875, -75.625, 1.5479693186022415e-22, nan 
-10.625, -75.625, 1.95478094296276e-22, nan 
-10.375, -75.625, 1.4468841031014053e-22, nan 
-10.125, -75.625, 1.6571828514591504e-22, nan 
-9.875, -75.625, 2.4002986305545588e-22, nan 
-9.625, -75.625, 2.144922112279841e-22, nan 
-9.375, -75.625, 1.8758240780696237e-22, nan 
-9.125, -75.625, 1.015116053009448e-22, nan 
-8.875, -75.625, 1.0514674407063139e-22, nan 
-8.625, -75.625, 3.3910608190985353e-22, nan 
-8.375, -75.625, 3.1726568995168357e-22, nan 
-8.125, -75.625, 2.5767506526865323e-22, nan 
-7.875, -75.625, 2.82160125403772e-23, nan 
-7.625, -75.625, 1.7530751289368347e-23, nan 
-7.375, -75.625, 1.6966505567958769e-22, nan 
-7.125, -75.625, 1.8125782575594075e-22, nan 
-6.875, -75.625, 2.0642839964979983e-22, nan 
-6.625, -75.625, 2.4875702477910837e-22, nan 
-6.375, -75.625, 4.659307429003458e-23, nan 
-6.125, -75.625, 7.676994215020562e-23, nan 
-5.875, -75.625, 6.696133532747276e-23, nan 
-5.625, -75.625, 3.1003848554386093e-22, nan 
-5.375, -75.625, 5.1823617442003785e-22, nan 
-5.125, -75.625, 3.814985919165183e-23, nan 
-4.875, -75.625, 2.6416968980745732e-23, nan 
-4.625, -75.625, 3.4902740395267176e-23, nan 
-4.375, -75.625, 1.4517448380475277e-22, nan 
-4.125, -75.625, 2.47717714019422e-22, nan 
-3.875, -75.625, 9.362566456465186e-23, nan 
-3.625, -75.625, 9.132081652810706e-23, nan 
-3.375, -75.625, 4.685079785650673e-23, nan 
-3.125, -75.625, 2.0565367839793802e-23, nan 
-2.875, -75.625, 2.025291382713565e-23, nan 
-2.625, -75.625, 3.9719094568569504e-23, nan 
-2.375, -75.625, 3.291291097406223e-23, nan 
-2.125, -75.625, 2.6370038497870825e-23, nan 
-1.875, -75.625, 1.9676553594619425e-23, nan 
-1.625, -75.625, 1.3088231865310691e-23, nan 
-1.375, -75.625, 2.1030566577360378e-23, nan 
-1.125, -75.625, 4.529765093068894e-23, nan 
-0.875, -75.625, 5.744739496688678e-23, nan 
-0.625, -75.625, 4.797642437534742e-23, nan 
-0.375, -75.625, 2.4623758923504236e-23, nan 
-0.125, -75.625, 2.485629339931721e-23, nan 
0.125, -75.625, 4.8579298283587865e-23, nan 
0.375, -75.625, 7.81791217407983e-23, nan 
0.625, -75.625, 6.882177865136153e-23, nan 
0.875, -75.625, 2.689792692021088e-23, nan 
1.125, -75.625, 3.2783842204540745e-23, nan 
1.375, -75.625, 3.679766408281354e-23, nan 
1.625, -75.625, 4.8681629948912464e-23, nan 
1.875, -75.625, 4.553385247718735e-23, nan 
2.125, -75.625, 5.304705352940567e-23, nan 
2.375, -75.625, 6.389675581695478e-23, nan 
2.625, -75.625, 5.2536413682639235e-23, nan 
2.875, -75.625, 9.580327017110583e-23, nan 
3.125, -75.625, 9.587114261589696e-23, nan 
3.375, -75.625, 1.6193379647715715e-22, nan 
3.625, -75.625, 1.5930642562173306e-22, nan 
3.875, -75.625, 2.5902086598685515e-22, nan 
4.125, -75.625, 3.0337950326356563e-22, nan 
4.375, -75.625, 3.243520934614867e-22, nan 
4.625, -75.625, 3.8713483697606277e-22, nan 
4.875, -75.625, 3.7724794387932893e-22, nan 
5.125, -75.625, 2.8851915244913034e-22, nan 
5.375, -75.625, 1.0213739702843104e-22, nan 
5.625, -75.625, 1.0031125266985229e-22, nan 
5.875, -75.625, 7.963366114843835e-23, nan 
6.125, -75.625, 6.349075557386144e-23, nan 
6.375, -75.625, 8.198700250533655e-23, nan 
6.625, -75.625, 6.325803138367071e-23, nan 
6.875, -75.625, 7.976930755831874e-23, nan 
7.125, -75.625, 7.571869054620286e-23, nan 
7.375, -75.625, 8.574407727867688e-23, nan 
7.625, -75.625, 1.0525770265758054e-22, nan 
7.875, -75.625, 1.0059967321509358e-22, nan 
8.125, -75.625, 7.959772087655546e-23, nan 
8.375, -75.625, 8.679617533728935e-23, nan 
8.625, -75.625, 8.296651065164142e-23, nan 
8.875, -75.625, 8.208556557260289e-23, nan 
9.125, -75.625, 8.794152070778505e-23, nan 
9.375, -75.625, 1.2188624600714447e-22, nan 
9.625, -75.625, 1.1611070611755852e-22, nan 
9.875, -75.625, 8.43095059077024e-23, nan 
10.125, -75.625, 9.3976552216035e-23, nan 
10.375, -75.625, 1.2198891235455312e-22, nan 
10.625, -75.625, 1.0818863780624178e-22, nan 
10.875, -75.625, 5.988981589212631e-23, nan 
11.125, -75.625, 6.044593979309187e-23, nan 
11.375, -75.625, 6.676404584437965e-23, nan 
11.625, -75.625, 6.600473532190659e-23, nan 
11.875, -75.625, 7.195379537147327e-23, nan 
12.125, -75.625, 4.564263628058353e-23, nan 
12.375, -75.625, 8.587356901475168e-23, nan 
12.625, -75.625, 1.1839336512504568e-22, nan 
12.875, -75.625, 1.4607259054825812e-22, nan 
13.125, -75.625, 1.459506295946048e-22, nan 
13.375, -75.625, 1.5326319114242618e-22, nan 
13.625, -75.625, 1.3172295324142934e-22, nan 
13.875, -75.625, 1.0878416072527866e-22, nan 
14.125, -75.625, 1.3850323241101928e-22, nan 
14.375, -75.625, 1.1622354129402535e-22, nan 
-89.375, -75.375, 2.3289606433106357e-24, nan 
-89.125, -75.375, 2.855304653520017e-24, nan 
-88.875, -75.375, 2.540315317169262e-24, nan 
-88.625, -75.375, 3.851369136082763e-24, nan 
-88.375, -75.375, 4.430540244782383e-24, nan 
-88.125, -75.375, 2.953633024748785e-24, nan 
-87.875, -75.375, 3.640279069482049e-24, nan 
-87.625, -75.375, 3.316437957866055e-24, nan 
-87.375, -75.375, 3.211570082541283e-24, nan 
-87.125, -75.375, 3.92609230143332e-24, nan 
-86.875, -75.375, 4.736223000184962e-24, nan 
-86.625, -75.375, 4.73896039829797e-24, nan 
-86.375, -75.375, 4.168803566151493e-24, nan 
-86.125, -75.375, 7.504117812127785e-24, nan 
-85.875, -75.375, 5.518560693231992e-24, nan 
-85.625, -75.375, 9.328742004203764e-24, nan 
-85.375, -75.375, 9.602775065412623e-24, nan 
-85.125, -75.375, 8.174548970732004e-24, nan 
-84.875, -75.375, 9.317104377581291e-24, nan 
-84.625, -75.375, 9.599944908830609e-24, nan 
-84.375, -75.375, 9.335091964224825e-24, nan 
-84.125, -75.375, 8.966446141521278e-24, nan 
-83.875, -75.375, 6.008058406223375e-24, nan 
-83.625, -75.375, 4.5917108564037965e-24, nan 
-83.375, -75.375, 7.476821795032262e-24, nan 
-83.125, -75.375, 1.430333803420814e-23, nan 
-82.875, -75.375, 1.2960087478952862e-23, nan 
-82.625, -75.375, 7.819252631502615e-24, nan 
-82.375, -75.375, 4.9056402479506114e-24, nan 
-82.125, -75.375, 4.3053413719585554e-24, nan 
-81.875, -75.375, 7.101025607856957e-24, nan 
-81.625, -75.375, 5.2818300960848586e-24, nan 
-81.375, -75.375, 7.586194321971225e-24, nan 
-81.125, -75.375, 9.324099823465684e-24, nan 
-80.875, -75.375, 8.930966974943347e-24, nan 
-80.625, -75.375, 6.891772590933077e-24, nan 
-80.375, -75.375, 6.214415957728838e-24, nan 
-80.125, -75.375, 5.1561314585022655e-24, nan 
-79.875, -75.375, 5.601947806207281e-24, nan 
-79.625, -75.375, 6.622288013023215e-24, nan 
-79.375, -75.375, 8.598009393561544e-24, nan 
-79.125, -75.375, 8.865615434716137e-24, nan 
-78.875, -75.375, 7.022749305246325e-24, nan 
-78.625, -75.375, 7.549038302793706e-24, nan 
-78.375, -75.375, 8.524212658705448e-24, nan 
-78.125, -75.375, 9.032340758149895e-24, nan 
-77.875, -75.375, 1.2884326914629578e-23, nan 
-77.625, -75.375, 7.590139226633133e-24, nan 
-77.375, -75.375, 1.1774491269059066e-23, nan 
-77.125, -75.375, 1.0764685168140465e-23, nan 
-76.875, -75.375, 1.3865855536277502e-23, nan 
-76.625, -75.375, 1.513605932919776e-23, nan 
-76.375, -75.375, 1.3048125600732264e-23, nan 
-76.125, -75.375, 7.165055698469994e-24, nan 
-75.875, -75.375, 1.5236477394695204e-23, nan 
-75.625, -75.375, 4.216205121978303e-24, nan 
-75.375, -75.375, 5.285340706188511e-24, nan 
-75.125, -75.375, 5.551863871883648e-24, nan 
-74.875, -75.375, 5.184135337462097e-24, nan 
-74.625, -75.375, 3.532530476295336e-24, nan 
-74.375, -75.375, 4.884396160422579e-24, nan 
-74.125, -75.375, 4.515353713779058e-24, nan 
-73.875, -75.375, 3.840985062578327e-24, nan 
-73.625, -75.375, 5.526886244814181e-24, nan 
-73.375, -75.375, 6.507053269730264e-24, nan 
-73.125, -75.375, 7.877737252989105e-24, nan 
-72.875, -75.375, 1.3461148357922e-23, nan 
-72.625, -75.375, 2.0725786079225426e-23, nan 
-72.375, -75.375, 3.655324707341518e-23, nan 
-72.125, -75.375, 2.231163086357287e-23, nan 
-71.875, -75.375, 3.963787314161143e-23, nan 
-71.625, -75.375, 4.937196496696429e-23, nan 
-71.375, -75.375, 4.073377836160767e-23, nan 
-71.125, -75.375, 4.215181252417082e-23, nan 
-70.875, -75.375, 6.795855130436297e-23, nan 
-70.625, -75.375, 4.113293241904598e-23, nan 
-70.375, -75.375, 2.874681106505516e-23, nan 
-70.125, -75.375, 6.209021909850614e-23, nan 
-69.875, -75.375, 4.281758573787491e-23, nan 
-69.625, -75.375, 3.5847911484909534e-23, nan 
-69.375, -75.375, 3.5575623637785456e-23, nan 
-69.125, -75.375, 3.8701461680584063e-23, nan 
-68.875, -75.375, 2.5067811604179416e-23, nan 
-68.625, -75.375, 2.682968671136514e-23, nan 
-68.375, -75.375, 4.7730409320038166e-23, nan 
-68.125, -75.375, 5.561581174963035e-23, nan 
-67.875, -75.375, 4.5958972754123874e-23, nan 
-67.625, -75.375, 4.9078152269437635e-23, nan 
-67.375, -75.375, 3.9795722300854663e-23, nan 
-67.125, -75.375, 3.7321034903743897e-23, nan 
-66.875, -75.375, 3.485117568666411e-23, nan 
-66.625, -75.375, 9.176110290658594e-24, nan 
-66.375, -75.375, 8.251686912983358e-24, nan 
-66.125, -75.375, 1.0401789246595501e-23, nan 
-65.875, -75.375, 9.908788264095285e-24, nan 
-65.625, -75.375, 1.3510570935735088e-23, nan 
-65.375, -75.375, 1.2539640542749342e-23, nan 
-65.125, -75.375, 1.1876952878331353e-23, nan 
-64.875, -75.375, 1.5168809047927036e-23, nan 
-64.625, -75.375, 1.490734113159106e-23, nan 
-64.375, -75.375, 1.941540481085474e-23, nan 
-64.125, -75.375, 1.777582192603395e-23, nan 
-63.875, -75.375, 1.5727507077361375e-23, nan 
-63.625, -75.375, 1.3742050458804372e-23, nan 
-63.375, -75.375, 1.550735479011653e-23, nan 
-63.125, -75.375, 1.0591030699149247e-23, nan 
-62.875, -75.375, 6.0571673273809026e-24, nan 
-62.625, -75.375, 2.5787774715725793e-24, nan 
-62.375, -75.375, 6.2904162595463975e-24, nan 
-62.125, -75.375, 2.4974136263127656e-24, nan 
-61.875, -75.375, 2.8194705912141355e-24, nan 
-61.625, -75.375, 4.0586704032743584e-24, nan 
-61.375, -75.375, 2.796641078203361e-24, nan 
-61.125, -75.375, 4.622557506342949e-24, nan 
-60.875, -75.375, 5.6018634353132995e-24, nan 
-60.625, -75.375, 4.3084532434429836e-24, nan 
-60.375, -75.375, 4.829891718421174e-24, nan 
-60.125, -75.375, 1.0410628079111258e-23, nan 
-59.875, -75.375, 1.0458351798677814e-23, nan 
-59.625, -75.375, 8.495999184606528e-24, nan 
-59.375, -75.375, 1.24389189403544e-23, nan 
-59.125, -75.375, 1.3286046699544253e-23, nan 
-58.875, -75.375, 1.2337145832320153e-23, nan 
-58.625, -75.375, 8.381932583789052e-24, nan 
-58.375, -75.375, 1.2072652627234743e-23, nan 
-58.125, -75.375, 8.706709865277015e-24, nan 
-57.875, -75.375, 5.1855516320053044e-24, nan 
-57.625, -75.375, 1.3187663656413961e-23, nan 
-57.375, -75.375, 1.993068798836882e-23, nan 
-57.125, -75.375, 1.8421256231855645e-23, nan 
-56.875, -75.375, 1.6085402756624444e-23, nan 
-56.625, -75.375, 1.609521519777069e-23, nan 
-56.375, -75.375, 1.5230485693410472e-23, nan 
-56.125, -75.375, 1.5149519350942484e-23, nan 
-55.875, -75.375, 1.6857741708824692e-23, nan 
-55.625, -75.375, 1.7162714323732312e-23, nan 
-55.375, -75.375, 1.0575675968263424e-23, nan 
-55.125, -75.375, 1.0894306043391564e-23, nan 
-54.875, -75.375, 5.953745217695382e-24, nan 
-54.625, -75.375, 4.118040293160079e-24, nan 
-54.375, -75.375, 4.160490727216995e-24, nan 
-54.125, -75.375, 4.047401232695786e-24, nan 
-53.875, -75.375, 6.296202337005563e-24, nan 
-53.625, -75.375, 5.9698133654392166e-24, nan 
-53.375, -75.375, 7.04223428256518e-24, nan 
-53.125, -75.375, 8.687385869797904e-24, nan 
-52.875, -75.375, 5.183600883153974e-24, nan 
-52.625, -75.375, 3.722792230275623e-24, nan 
-52.375, -75.375, 2.4968415714996985e-24, nan 
-52.125, -75.375, 2.5838220555667415e-24, nan 
-51.875, -75.375, 3.778724598349859e-24, nan 
-51.625, -75.375, 6.837552929327106e-24, nan 
-51.375, -75.375, 3.857627698876474e-24, nan 
-51.125, -75.375, 5.994332963634644e-24, nan 
-50.875, -75.375, 4.980516777176807e-24, nan 
-50.625, -75.375, 3.766083155059022e-24, nan 
-50.375, -75.375, 2.392789371278167e-24, nan 
-50.125, -75.375, 3.1380954003163107e-24, nan 
-49.875, -75.375, 4.775044996745551e-24, nan 
-49.625, -75.375, 5.9450495334988104e-24, nan 
-49.375, -75.375, 5.431217498573434e-24, nan 
-49.125, -75.375, 6.1585515389805125e-24, nan 
-48.875, -75.375, 6.5213496851718155e-24, nan 
-48.625, -75.375, 7.242610024126228e-24, nan 
-48.375, -75.375, 7.070642024242133e-24, nan 
-48.125, -75.375, 4.811516292348867e-24, nan 
-47.875, -75.375, 3.986325424884233e-24, nan 
-47.625, -75.375, 2.6582484436354414e-24, nan 
-47.375, -75.375, 4.6145718541712944e-24, nan 
-47.125, -75.375, 5.279393586783952e-24, nan 
-46.875, -75.375, 5.157639311086817e-24, nan 
-46.625, -75.375, 8.909224495546381e-24, nan 
-46.375, -75.375, 3.867449061377109e-24, nan 
-46.125, -75.375, 2.5608571773249844e-24, nan 
-45.875, -75.375, 1.0884704981753148e-23, nan 
-45.625, -75.375, 1.2890107571479026e-23, nan 
-45.375, -75.375, 1.3715189816226052e-23, nan 
-45.125, -75.375, 1.2441474928863749e-23, nan 
-44.875, -75.375, 1.1513633382321556e-23, nan 
-44.625, -75.375, 1.4146327560902427e-23, nan 
-44.375, -75.375, 1.2225649469412522e-23, nan 
-44.125, -75.375, 2.0299592590689176e-23, nan 
-43.875, -75.375, 2.61205554262833e-23, nan 
-43.625, -75.375, 2.868191227154872e-23, nan 
-43.375, -75.375, 2.993950868055245e-23, nan 
-43.125, -75.375, 3.6420755994107156e-23, nan 
-42.875, -75.375, 3.791604733062656e-23, nan 
-42.625, -75.375, 3.830188458660656e-23, nan 
-42.375, -75.375, 4.2875392365676933e-23, nan 
-42.125, -75.375, 5.1140626307600183e-23, nan 
-41.875, -75.375, 4.5177976166931166e-23, nan 
-41.625, -75.375, 4.407522969238219e-23, nan 
-41.375, -75.375, 4.935253163316565e-23, nan 
-41.125, -75.375, 6.187636306441609e-23, nan 
-40.875, -75.375, 6.229438155291882e-23, nan 
-40.625, -75.375, 4.9003724675148465e-23, nan 
-40.375, -75.375, 6.126136227865593e-23, nan 
-40.125, -75.375, 2.932879431491394e-23, nan 
-39.875, -75.375, 4.207496016955833e-23, nan 
-39.625, -75.375, 3.7666885462183945e-23, nan 
-39.375, -75.375, 7.926385548832863e-24, nan 
-39.125, -75.375, 1.1889077133860705e-23, nan 
-38.875, -75.375, 1.6597711033389648e-23, nan 
-38.625, -75.375, 4.631333757388828e-24, nan 
-38.375, -75.375, 1.1826313881282462e-23, nan 
-38.125, -75.375, 1.7219375581051325e-23, nan 
-37.875, -75.375, 1.5909939928512582e-23, nan 
-37.625, -75.375, 1.116038844166245e-23, nan 
-37.375, -75.375, 1.1692330745051293e-23, nan 
-37.125, -75.375, 9.963072867688495e-24, nan 
-36.875, -75.375, 1.0412613581006881e-23, nan 
-36.625, -75.375, 1.5456423686479343e-23, nan 
-36.375, -75.375, 1.3519722390404205e-23, nan 
-36.125, -75.375, 1.8498716171268207e-23, nan 
-35.875, -75.375, 1.9900267673213974e-23, nan 
-35.625, -75.375, 1.7563488061387067e-23, nan 
-35.375, -75.375, 2.0684793813260517e-23, nan 
-35.125, -75.375, 2.0878997068547912e-23, nan 
-34.875, -75.375, 1.86314024474566e-23, nan 
-34.625, -75.375, 1.8220911042549567e-23, nan 
-34.375, -75.375, 1.5944665936209356e-23, nan 
-34.125, -75.375, 1.4417278348469702e-23, nan 
-33.875, -75.375, 1.6412360603249096e-23, nan 
-33.625, -75.375, 1.9251202745054605e-23, nan 
-33.375, -75.375, 2.086826784065119e-23, nan 
-33.125, -75.375, 1.9299731105874876e-23, nan 
-32.875, -75.375, 2.2012264788750522e-23, nan 
-32.625, -75.375, 2.493871276319432e-23, nan 
-32.375, -75.375, 3.130754029838825e-23, nan 
-32.125, -75.375, 3.0840992532832905e-23, nan 
-31.875, -75.375, 2.005504517275655e-23, nan 
-31.625, -75.375, 6.733738822915826e-24, nan 
-31.375, -75.375, 3.400882338173198e-23, nan 
-31.125, -75.375, 4.689712978013434e-23, nan 
-30.875, -75.375, 5.0101033146367113e-23, nan 
-30.625, -75.375, 4.304990630392055e-23, nan 
-30.375, -75.375, 5.1601976628406507e-23, nan 
-30.125, -75.375, 4.945177779717003e-23, nan 
-29.875, -75.375, 2.3617975648257935e-23, nan 
-29.625, -75.375, 1.6470630551520004e-23, nan 
-29.375, -75.375, 2.2734242593263853e-23, nan 
-29.125, -75.375, 3.3031587168219586e-23, nan 
-28.875, -75.375, 2.897561507956044e-23, nan 
-28.625, -75.375, 2.107448909414355e-23, nan 
-28.375, -75.375, 3.047536998248163e-23, nan 
-28.125, -75.375, 1.8655737296058015e-23, nan 
-27.875, -75.375, 1.262309756683651e-23, nan 
-27.625, -75.375, 1.024279932783166e-23, nan 
-27.375, -75.375, 4.456604398851784e-23, nan 
-27.125, -75.375, 4.4526121302593265e-23, nan 
-26.875, -75.375, 3.8298159157560354e-23, nan 
-26.625, -75.375, 4.865034499831267e-23, nan 
-26.375, -75.375, 4.247810809775848e-23, nan 
-26.125, -75.375, 3.8016171600173097e-23, nan 
-25.875, -75.375, 3.2181113975949616e-23, nan 
-25.625, -75.375, 7.182124828112682e-23, nan 
-25.375, -75.375, 7.785674238039136e-23, nan 
-25.125, -75.375, 5.524771039708984e-23, nan 
-24.875, -75.375, 7.130524611253541e-23, nan 
-24.625, -75.375, 9.378413638020135e-23, nan 
-24.375, -75.375, 8.642730945876621e-23, nan 
-24.125, -75.375, 5.89048819340922e-23, nan 
-23.875, -75.375, 6.676080653657714e-23, nan 
-23.625, -75.375, 8.353411953380222e-23, nan 
-23.375, -75.375, 7.599322463595927e-23, nan 
-23.125, -75.375, 4.4323955250149315e-23, nan 
-22.875, -75.375, 3.883389435105375e-23, nan 
-22.625, -75.375, 4.7404359896485796e-23, nan 
-22.375, -75.375, 3.3186393949594495e-23, nan 
-22.125, -75.375, 4.1650008212530036e-23, nan 
-21.875, -75.375, 5.0996439509643833e-23, nan 
-21.625, -75.375, 4.214835613521144e-23, nan 
-21.375, -75.375, 3.2004761091046935e-23, nan 
-21.125, -75.375, 1.899643187618846e-23, nan 
-20.875, -75.375, 1.375248595588101e-23, nan 
-20.625, -75.375, 2.3688746828004184e-23, nan 
-20.375, -75.375, 2.4861840046515447e-23, nan 
-20.125, -75.375, 2.786211257108781e-23, nan 
-19.875, -75.375, 3.9188171808458324e-23, nan 
-19.625, -75.375, 3.321345382581945e-23, nan 
-19.375, -75.375, 5.254678455664127e-23, nan 
-19.125, -75.375, 7.829958977495523e-23, nan 
-18.875, -75.375, 9.415007109605752e-23, nan 
-18.625, -75.375, 1.1685352166598635e-22, nan 
-18.375, -75.375, 6.081307633970251e-23, nan 
-18.125, -75.375, 9.281734668112108e-23, nan 
-17.875, -75.375, 4.84264414004121e-23, nan 
-17.625, -75.375, 2.9800629502664185e-23, nan 
-17.375, -75.375, 3.6379914018413437e-23, nan 
-17.125, -75.375, 2.5739448052835175e-23, nan 
-16.875, -75.375, 1.1944421975213818e-22, nan 
-16.625, -75.375, 1.517670315825485e-22, nan 
-16.375, -75.375, 3.275161251671379e-23, nan 
-16.125, -75.375, 2.1332439810320504e-22, nan 
-15.875, -75.375, 2.634659531570716e-22, nan 
-15.625, -75.375, 5.2709545653837255e-23, nan 
-15.375, -75.375, 1.156266173492865e-22, nan 
-15.125, -75.375, 1.3099769049183387e-22, nan 
-14.875, -75.375, 1.7294453314404141e-22, nan 
-14.625, -75.375, 2.121661520107712e-22, nan 
-14.375, -75.375, 1.1927293915634964e-22, nan 
-14.125, -75.375, 2.3269350491979246e-22, nan 
-13.875, -75.375, 2.9679771013286096e-22, nan 
-13.625, -75.375, 1.5473583135106944e-22, nan 
-13.375, -75.375, 8.343616047204538e-23, nan 
-13.125, -75.375, 2.3777200375147177e-22, nan 
-12.875, -75.375, 1.2614899723217173e-22, nan 
-12.625, -75.375, 2.0923835129332447e-22, nan 
-12.375, -75.375, 2.750480352833447e-22, nan 
-12.125, -75.375, 1.7976371511033523e-22, nan 
-11.875, -75.375, 1.433823119905945e-22, nan 
-11.625, -75.375, 1.848772060077106e-22, nan 
-11.375, -75.375, 1.6593106819252127e-22, nan 
-11.125, -75.375, 1.826545773626732e-22, nan 
-10.875, -75.375, 1.963247469922014e-22, nan 
-10.625, -75.375, 2.0047290917329605e-22, nan 
-10.375, -75.375, 2.875522814381584e-22, nan 
-10.125, -75.375, 3.341520133492397e-22, nan 
-9.875, -75.375, 2.739122643687287e-22, nan 
-9.625, -75.375, 1.9130280190299858e-22, nan 
-9.375, -75.375, 2.0040068601315954e-22, nan 
-9.125, -75.375, 1.5534704030623118e-22, nan 
-8.875, -75.375, 1.3960977888000417e-22, nan 
-8.625, -75.375, 1.702613417843186e-22, nan 
-8.375, -75.375, 1.8878378092978101e-22, nan 
-8.125, -75.375, 1.5086796995018857e-22, nan 
-7.875, -75.375, 1.4338202333279917e-22, nan 
-7.625, -75.375, 1.6478332471217951e-22, nan 
-7.375, -75.375, 1.669353872320252e-22, nan 
-7.125, -75.375, 1.344025617152931e-22, nan 
-6.875, -75.375, 1.5147468700723718e-22, nan 
-6.625, -75.375, 1.5363625566725873e-22, nan 
-6.375, -75.375, 1.7339085779950556e-22, nan 
-6.125, -75.375, 3.0175530656649306e-22, nan 
-5.875, -75.375, 2.467130877967104e-22, nan 
-5.625, -75.375, 2.756112350436217e-22, nan 
-5.375, -75.375, 3.866804367094614e-22, nan 
-5.125, -75.375, 1.285296519702632e-22, nan 
-4.875, -75.375, 7.976047081455937e-23, nan 
-4.625, -75.375, 9.670992202808682e-23, nan 
-4.375, -75.375, 1.2081446199374453e-22, nan 
-4.125, -75.375, 9.84353092982202e-23, nan 
-3.875, -75.375, 1.7401395919722257e-22, nan 
-3.625, -75.375, 1.9013802506576161e-22, nan 
-3.375, -75.375, 5.393007116611022e-23, nan 
-3.125, -75.375, 1.0861857930911007e-22, nan 
-2.875, -75.375, 1.1187924447561514e-22, nan 
-2.625, -75.375, 4.823727878547969e-23, nan 
-2.375, -75.375, 6.229951482357065e-23, nan 
-2.125, -75.375, 3.9432346399823873e-23, nan 
-1.875, -75.375, 5.337394522028693e-23, nan 
-1.625, -75.375, 5.1028355313167303e-23, nan 
-1.375, -75.375, 8.905352787096598e-24, nan 
-1.125, -75.375, 3.8433874851544615e-23, nan 
-0.875, -75.375, 4.944962498753879e-23, nan 
-0.625, -75.375, 4.0962978959491186e-23, nan 
-0.375, -75.375, 4.796305955476972e-23, nan 
-0.125, -75.375, 4.9488708681389216e-23, nan 
0.125, -75.375, 4.787659436116078e-23, nan 
0.375, -75.375, 6.275367067954549e-23, nan 
0.625, -75.375, 4.106582182079794e-23, nan 
0.875, -75.375, 5.831314573085828e-23, nan 
1.125, -75.375, 1.0074987457571352e-22, nan 
1.375, -75.375, 1.2780576020217755e-22, nan 
1.625, -75.375, 1.3393497495354747e-22, nan 
1.875, -75.375, 1.4085202641626092e-22, nan 
2.125, -75.375, 1.48598788314481e-22, nan 
2.375, -75.375, 1.5379063770848068e-22, nan 
2.625, -75.375, 2.676663275672466e-22, nan 
2.875, -75.375, 3.087504384257063e-22, nan 
3.125, -75.375, 4.0072623568081707e-22, nan 
3.375, -75.375, 3.4911185891675213e-22, nan 
3.625, -75.375, 3.6871084505141343e-22, nan 
3.875, -75.375, 4.531785213034237e-22, nan 
4.125, -75.375, 4.413285986018862e-22, nan 
4.375, -75.375, 4.915794468597395e-22, nan 
4.625, -75.375, 7.901343625262544e-22, nan 
4.875, -75.375, 7.694095219026551e-22, nan 
5.125, -75.375, 6.299238658221581e-22, nan 
5.375, -75.375, 6.261458872649359e-22, nan 
5.625, -75.375, 5.894062473782416e-22, nan 
5.875, -75.375, 4.980188894097634e-22, nan 
6.125, -75.375, 2.108458646524458e-22, nan 
6.375, -75.375, 1.8323896383033826e-22, nan 
6.625, -75.375, 9.524153691316731e-23, nan 
6.875, -75.375, 1.368120010006094e-22, nan 
7.125, -75.375, 4.9368794796671826e-23, nan 
7.375, -75.375, 7.620797729032775e-23, nan 
7.625, -75.375, 8.175931238417836e-23, nan 
7.875, -75.375, 6.501153269267387e-23, nan 
8.125, -75.375, 6.760412413810039e-23, nan 
8.375, -75.375, 7.452064871793042e-23, nan 
8.625, -75.375, 8.440861628478518e-23, nan 
8.875, -75.375, 9.76307379620681e-23, nan 
9.125, -75.375, 1.009174378217357e-22, nan 
9.375, -75.375, 1.240369729181183e-22, nan 
9.625, -75.375, 1.3835665792843382e-22, nan 
9.875, -75.375, 9.91671369902936e-23, nan 
10.125, -75.375, 1.2663485528518676e-22, nan 
10.375, -75.375, 1.449440901293936e-22, nan 
10.625, -75.375, 1.3894229644421438e-22, nan 
10.875, -75.375, 1.1309617311119827e-22, nan 
11.125, -75.375, 1.2061820081089944e-22, nan 
11.375, -75.375, 1.293890467571612e-22, nan 
11.625, -75.375, 1.517400999720306e-22, nan 
11.875, -75.375, 1.419438773517249e-22, nan 
12.125, -75.375, 1.6856588893811304e-22, nan 
12.375, -75.375, 2.0108351311290904e-22, nan 
12.625, -75.375, 1.4083453423607644e-22, nan 
12.875, -75.375, 1.3856155953130704e-22, nan 
13.125, -75.375, 1.719758136291576e-22, nan 
13.375, -75.375, 1.7525331533324e-22, nan 
13.625, -75.375, 1.6846318296570266e-22, nan 
13.875, -75.375, 2.117804340881867e-22, nan 
14.125, -75.375, 2.541233415405729e-22, nan 
14.375, -75.375, 1.3633781988915822e-22, nan 
-87.625, -75.125, 3.2673156686092744e-24, nan 
-87.375, -75.125, 3.4021356970200694e-24, nan 
-87.125, -75.125, 3.2841610400889e-24, nan 
-86.875, -75.125, 4.8970919276716155e-24, nan 
-86.625, -75.125, 5.300829400639404e-24, nan 
-86.375, -75.125, 3.480137684100458e-24, nan 
-86.125, -75.125, 3.702653733059891e-24, nan 
-85.875, -75.125, 4.252003766564472e-24, nan 
-85.625, -75.125, 2.9139814405936074e-24, nan 
-85.375, -75.125, 1.1387486958442205e-24, nan 
-85.125, -75.125, 2.930047013638552e-24, nan 
-84.875, -75.125, 7.004218462198476e-24, nan 
-84.625, -75.125, 6.920157361549813e-24, nan 
-84.375, -75.125, 6.795704108740749e-24, nan 
-84.125, -75.125, 7.875063297035687e-24, nan 
-83.875, -75.125, 1.6704997001096212e-23, nan 
-83.625, -75.125, 1.3000214702102113e-23, nan 
-83.375, -75.125, 3.661700042079643e-24, nan 
-83.125, -75.125, 3.21142538260368e-23, nan 
-82.875, -75.125, 2.787799314521224e-23, nan 
-82.625, -75.125, 9.182246462236793e-24, nan 
-82.375, -75.125, 2.210521231730767e-23, nan 
-82.125, -75.125, 1.8548633780635955e-23, nan 
-81.875, -75.125, 5.4240424109705165e-24, nan 
-81.625, -75.125, 3.505526303017252e-24, nan 
-81.375, -75.125, 2.9701457256849292e-24, nan 
-81.125, -75.125, 2.15173507088164e-24, nan 
-80.875, -75.125, 2.4839880804735e-24, nan 
-80.625, -75.125, 3.643998272084897e-24, nan 
-80.375, -75.125, 2.99382011492577e-24, nan 
-80.125, -75.125, 7.148771519040967e-24, nan 
-79.875, -75.125, 8.233165490494361e-24, nan 
-79.625, -75.125, 1.1108492819578472e-23, nan 
-79.375, -75.125, 8.77236925960369e-24, nan 
-79.125, -75.125, 9.194930597561505e-24, nan 
-78.875, -75.125, 1.2784127815243982e-23, nan 
-78.625, -75.125, 1.0181521810530631e-23, nan 
-78.375, -75.125, 7.696751549292609e-24, nan 
-78.125, -75.125, 8.239739715309114e-24, nan 
-77.875, -75.125, 6.363267449935875e-24, nan 
-77.625, -75.125, 9.150049515987637e-24, nan 
-77.375, -75.125, 1.7029395901203115e-23, nan 
-77.125, -75.125, 1.4255631589518552e-23, nan 
-76.875, -75.125, 2.189179632012128e-23, nan 
-76.625, -75.125, 3.0436137726641157e-23, nan 
-76.375, -75.125, 2.281610157280698e-23, nan 
-76.125, -75.125, 2.4106800242117235e-23, nan 
-75.875, -75.125, 2.7037231214945684e-23, nan 
-75.625, -75.125, 2.1681739789904902e-23, nan 
-75.375, -75.125, 4.515861680140948e-24, nan 
-75.125, -75.125, 4.5119645346247176e-24, nan 
-74.875, -75.125, 4.838181730708564e-24, nan 
-74.625, -75.125, 7.08714178168955e-24, nan 
-74.375, -75.125, 8.393685872779741e-24, nan 
-74.125, -75.125, 7.040326847032528e-24, nan 
-73.875, -75.125, 1.1111160505082226e-23, nan 
-73.625, -75.125, 1.4754546019469152e-23, nan 
-73.375, -75.125, 1.714962596447046e-23, nan 
-73.125, -75.125, 1.1049459657029436e-23, nan 
-72.875, -75.125, 2.8734869323025694e-23, nan 
-72.625, -75.125, 5.788447637065503e-23, nan 
-72.375, -75.125, 1.7062775693162862e-23, nan 
-72.125, -75.125, 4.4899713151782814e-23, nan 
-71.875, -75.125, 6.511797824417369e-23, nan 
-71.625, -75.125, 5.590868092541465e-23, nan 
-71.375, -75.125, 4.7879473580197345e-23, nan 
-71.125, -75.125, 4.846841192566321e-23, nan 
-70.875, -75.125, 6.196106591694729e-23, nan 
-70.625, -75.125, 3.407470555263066e-23, nan 
-70.375, -75.125, 2.4258444325303694e-23, nan 
-70.125, -75.125, 1.9964137952361438e-23, nan 
-69.875, -75.125, 3.3752913987212623e-23, nan 
-69.625, -75.125, 1.7952430360152175e-23, nan 
-69.375, -75.125, 2.1716023499081024e-23, nan 
-69.125, -75.125, 2.4158188686618515e-23, nan 
-68.875, -75.125, 2.250172383996904e-23, nan 
-68.625, -75.125, 2.1254057738474014e-23, nan 
-68.375, -75.125, 3.3027306559819897e-23, nan 
-68.125, -75.125, 3.7918615133358056e-23, nan 
-67.875, -75.125, 2.5444897414322238e-23, nan 
-67.625, -75.125, 1.9870194110269907e-23, nan 
-67.375, -75.125, 2.327485200155009e-23, nan 
-67.125, -75.125, 1.6863416708841142e-23, nan 
-66.875, -75.125, 9.455878532963071e-24, nan 
-66.625, -75.125, 1.7669679246702563e-23, nan 
-66.375, -75.125, 1.3846285521003128e-23, nan 
-66.125, -75.125, 9.991183797057186e-24, nan 
-65.875, -75.125, 9.63208164968458e-24, nan 
-65.625, -75.125, 6.807802531491624e-24, nan 
-65.375, -75.125, 8.248696048961212e-24, nan 
-65.125, -75.125, 8.609865326413586e-24, nan 
-64.875, -75.125, 9.747128934020864e-24, nan 
-64.625, -75.125, 8.951175308825574e-24, nan 
-64.375, -75.125, 1.1684377028599839e-23, nan 
-64.125, -75.125, 1.5322564823551423e-23, nan 
-63.875, -75.125, 1.7211292328893643e-23, nan 
-63.625, -75.125, 1.3118666217843292e-23, nan 
-63.375, -75.125, 1.041964462659704e-23, nan 
-63.125, -75.125, 1.1799874685631482e-23, nan 
-62.875, -75.125, 8.039116442925361e-24, nan 
-62.625, -75.125, 3.797636510102056e-24, nan 
-62.375, -75.125, 1.6066488015254012e-24, nan 
-62.125, -75.125, 1.5602104045487516e-24, nan 
-61.875, -75.125, 3.025546624979171e-24, nan 
-61.625, -75.125, 3.0322769072743522e-24, nan 
-61.375, -75.125, 1.2781313299702834e-24, nan 
-61.125, -75.125, 3.409719373841593e-24, nan 
-60.875, -75.125, 3.564636431686761e-24, nan 
-60.625, -75.125, 5.547670706993181e-24, nan 
-60.375, -75.125, 3.2485310930052074e-24, nan 
-60.125, -75.125, 3.2916802249439285e-24, nan 
-59.875, -75.125, 5.897952295985528e-24, nan 
-59.625, -75.125, 3.4669570762779796e-24, nan 
-59.375, -75.125, 2.614729609715523e-24, nan 
-59.125, -75.125, 3.317778194981974e-24, nan 
-58.875, -75.125, 4.5459756842644915e-24, nan 
-58.625, -75.125, 4.697119714035067e-24, nan 
-58.375, -75.125, 3.2828698385737e-24, nan 
-58.125, -75.125, 2.2053939555595385e-24, nan 
-57.875, -75.125, 4.526428451043651e-24, nan 
-57.625, -75.125, 4.394106064878978e-24, nan 
-57.375, -75.125, 3.751993476042131e-24, nan 
-57.125, -75.125, 8.270783359918182e-24, nan 
-56.875, -75.125, 7.345749207534242e-24, nan 
-56.625, -75.125, 6.727406832797966e-24, nan 
-56.375, -75.125, 6.917784490775713e-24, nan 
-56.125, -75.125, 6.856666161560255e-24, nan 
-55.875, -75.125, 6.868202692339438e-24, nan 
-55.625, -75.125, 5.059879298293321e-24, nan 
-55.375, -75.125, 5.01405335522868e-24, nan 
-55.125, -75.125, 6.079522506822483e-24, nan 
-54.875, -75.125, 4.846415706094387e-24, nan 
-54.625, -75.125, 2.30449773262297e-24, nan 
-54.375, -75.125, 3.7485249735526155e-24, nan 
-54.125, -75.125, 5.691977254713584e-24, nan 
-53.875, -75.125, 5.955409656007997e-24, nan 
-53.625, -75.125, 3.7727123999345055e-24, nan 
-53.375, -75.125, 5.3992405968613105e-24, nan 
-53.125, -75.125, 4.909586841873497e-24, nan 
-52.875, -75.125, 2.965259344937604e-24, nan 
-52.625, -75.125, 2.7265101012967833e-24, nan 
-52.375, -75.125, 5.9497026030636415e-24, nan 
-52.125, -75.125, 4.014621175137528e-24, nan 
-51.875, -75.125, 6.137301235722865e-24, nan 
-51.625, -75.125, 1.0115598428451683e-23, nan 
-51.375, -75.125, 5.8420731428890636e-24, nan 
-51.125, -75.125, 1.1427040621406645e-23, nan 
-50.875, -75.125, 6.466266558337093e-24, nan 
-50.625, -75.125, 4.124856228738561e-24, nan 
-50.375, -75.125, 7.948296423573126e-24, nan 
-50.125, -75.125, 3.047144577141392e-24, nan 
-49.875, -75.125, 3.348916041001014e-24, nan 
-49.625, -75.125, 3.461164309691589e-24, nan 
-49.375, -75.125, 3.250840165475481e-24, nan 
-49.125, -75.125, 4.1958563010604164e-24, nan 
-48.875, -75.125, 3.5876242894894135e-24, nan 
-48.625, -75.125, 6.048049249916061e-24, nan 
-48.375, -75.125, 4.662988911000571e-24, nan 
-48.125, -75.125, 5.874682881710353e-24, nan 
-47.875, -75.125, 4.31004463188215e-24, nan 
-47.625, -75.125, 2.610579667132276e-24, nan 
-47.375, -75.125, 4.866742169999055e-24, nan 
-47.125, -75.125, 2.6292925304734918e-24, nan 
-46.875, -75.125, 3.607640710853237e-24, nan 
-46.625, -75.125, 3.484133325904202e-24, nan 
-46.375, -75.125, 6.973731603978767e-24, nan 
-46.125, -75.125, 1.2032624398917628e-23, nan 
-45.875, -75.125, 1.887091411100334e-23, nan 
-45.625, -75.125, 1.1281177402806587e-23, nan 
-45.375, -75.125, 1.7790904397852867e-23, nan 
-45.125, -75.125, 2.5076997999911397e-23, nan 
-44.875, -75.125, 2.3408014337774997e-23, nan 
-44.625, -75.125, 3.4034719862970047e-23, nan 
-44.375, -75.125, 3.059613664699835e-23, nan 
-44.125, -75.125, 2.3101692325208356e-23, nan 
-43.875, -75.125, 5.651435575023626e-23, nan 
-43.625, -75.125, 6.457942969562573e-23, nan 
-43.375, -75.125, 4.685239343182894e-23, nan 
-43.125, -75.125, 4.751988480105907e-23, nan 
-42.875, -75.125, 6.365782623398134e-23, nan 
-42.625, -75.125, 5.848294192550966e-23, nan 
-42.375, -75.125, 7.107452681592907e-23, nan 
-42.125, -75.125, 8.009870398948106e-23, nan 
-41.875, -75.125, 9.02626761247901e-23, nan 
-41.625, -75.125, 1.0419041116025554e-22, nan 
-41.375, -75.125, 1.0247666312258262e-22, nan 
-41.125, -75.125, 1.1512078548975344e-22, nan 
-40.875, -75.125, 1.1585426126677408e-22, nan 
-40.625, -75.125, 4.581130292045646e-23, nan 
-40.375, -75.125, 5.536090034560674e-23, nan 
-40.125, -75.125, 4.856107888255717e-23, nan 
-39.875, -75.125, 2.4919979251809304e-23, nan 
-39.625, -75.125, 1.5823561249061874e-23, nan 
-39.375, -75.125, 8.886208197723411e-24, nan 
-39.125, -75.125, 1.6954303443200583e-23, nan 
-38.875, -75.125, 2.7727661557751723e-23, nan 
-38.625, -75.125, 7.70939750478295e-24, nan 
-38.375, -75.125, 2.8019177952719293e-23, nan 
-38.125, -75.125, 2.9426124914591877e-23, nan 
-37.875, -75.125, 1.2481611583831196e-23, nan 
-37.625, -75.125, 3.153796590537981e-23, nan 
-37.375, -75.125, 1.4701689269595515e-23, nan 
-37.125, -75.125, 1.577808786338464e-23, nan 
-36.875, -75.125, 1.804324130115195e-23, nan 
-36.625, -75.125, 1.6851705322062353e-23, nan 
-36.375, -75.125, 1.2707849949695838e-23, nan 
-36.125, -75.125, 1.3040610817267354e-23, nan 
-35.875, -75.125, 1.2327283458046104e-23, nan 
-35.625, -75.125, 1.2111560462793541e-23, nan 
-35.375, -75.125, 1.2679579292336404e-23, nan 
-35.125, -75.125, 1.595899821429558e-23, nan 
-34.875, -75.125, 2.148730456858117e-23, nan 
-34.625, -75.125, 2.2226695582724343e-23, nan 
-34.375, -75.125, 2.2428029280696424e-23, nan 
-34.125, -75.125, 2.3237655685419385e-23, nan 
-33.875, -75.125, 2.2015070840488503e-23, nan 
-33.625, -75.125, 1.999811630986505e-23, nan 
-33.375, -75.125, 1.8096145688505852e-23, nan 
-33.125, -75.125, 1.7389357975444603e-23, nan 
-32.875, -75.125, 1.9114169207304014e-23, nan 
-32.625, -75.125, 1.5290951799891553e-23, nan 
-32.375, -75.125, 1.677534256378681e-23, nan 
-32.125, -75.125, 1.8180337480554922e-23, nan 
-31.875, -75.125, 1.1919156686121222e-23, nan 
-31.625, -75.125, 2.2816255210119786e-23, nan 
-31.375, -75.125, 3.49529954016368e-23, nan 
-31.125, -75.125, 2.9500761156009854e-23, nan 
-30.875, -75.125, 3.3918607902069146e-23, nan 
-30.625, -75.125, 4.3073474705726333e-23, nan 
-30.375, -75.125, 4.413816265152964e-23, nan 
-30.125, -75.125, 4.540417300360861e-23, nan 
-29.875, -75.125, 3.208958345094508e-23, nan 
-29.625, -75.125, 3.513781918203666e-23, nan 
-29.375, -75.125, 2.7607771532284895e-23, nan 
-29.125, -75.125, 2.9004096414803164e-23, nan 
-28.875, -75.125, 1.784509784314964e-23, nan 
-28.625, -75.125, 2.3598767652761596e-23, nan 
-28.375, -75.125, 2.555343172227425e-23, nan 
-28.125, -75.125, 3.776824550031323e-23, nan 
-27.875, -75.125, 3.567277839178271e-23, nan 
-27.625, -75.125, 3.966562095670559e-23, nan 
-27.375, -75.125, 4.440378374811688e-23, nan 
-27.125, -75.125, 3.9001436663027296e-23, nan 
-26.875, -75.125, 4.1455601671679513e-23, nan 
-26.625, -75.125, 2.998775228947358e-23, nan 
-26.375, -75.125, 3.8678496828566416e-23, nan 
-26.125, -75.125, 2.7061179101068227e-23, nan 
-25.875, -75.125, 4.647190142647866e-23, nan 
-25.625, -75.125, 5.958585864950674e-23, nan 
-25.375, -75.125, 6.298090563997037e-23, nan 
-25.125, -75.125, 7.042206173961034e-23, nan 
-24.875, -75.125, 6.403553585837133e-23, nan 
-24.625, -75.125, 8.699768961939134e-23, nan 
-24.375, -75.125, 9.557794502001539e-23, nan 
-24.125, -75.125, 4.98153242729628e-23, nan 
-23.875, -75.125, 6.488507389048306e-23, nan 
-23.625, -75.125, 7.65893947467842e-23, nan 
-23.375, -75.125, 5.02135704999806e-23, nan 
-23.125, -75.125, 4.2301272025522984e-23, nan 
-22.875, -75.125, 4.550455379022645e-23, nan 
-22.625, -75.125, 3.86779627282448e-23, nan 
-22.375, -75.125, 4.8382411997715826e-23, nan 
-22.125, -75.125, 4.0784386580073813e-23, nan 
-21.875, -75.125, 4.0083086771003895e-23, nan 
-21.625, -75.125, 3.687246080192877e-23, nan 
-21.375, -75.125, 2.3322113650369524e-23, nan 
-21.125, -75.125, 1.777721299266057e-23, nan 
-20.875, -75.125, 1.9813186937907453e-23, nan 
-20.625, -75.125, 3.366209216017699e-23, nan 
-20.375, -75.125, 3.877906807721247e-23, nan 
-20.125, -75.125, 4.270574029610573e-23, nan 
-19.875, -75.125, 3.7516981221576956e-23, nan 
-19.625, -75.125, 5.50755532994408e-23, nan 
-19.375, -75.125, 4.123095851861179e-23, nan 
-19.125, -75.125, 3.5102526089013827e-23, nan 
-18.875, -75.125, 6.923906389688081e-23, nan 
-18.625, -75.125, 4.805159104627144e-23, nan 
-18.375, -75.125, 5.715332011629215e-23, nan 
-18.125, -75.125, 4.8182680153817617e-23, nan 
-17.875, -75.125, 4.236491561255124e-23, nan 
-17.625, -75.125, 4.3591905921909986e-23, nan 
-17.375, -75.125, 4.879386402141887e-23, nan 
-17.125, -75.125, 4.784713696543485e-23, nan 
-16.875, -75.125, 5.266478451089545e-23, nan 
-16.625, -75.125, 2.145859741297952e-22, nan 
-16.375, -75.125, 3.71193693957998e-22, nan 
-16.125, -75.125, 4.7802221751754645e-22, nan 
-15.875, -75.125, 4.525227909767794e-22, nan 
-15.625, -75.125, 4.604511970721211e-22, nan 
-15.375, -75.125, 3.309877179932393e-22, nan 
-15.125, -75.125, 9.354266064085879e-23, nan 
-14.875, -75.125, 2.53183439883328e-22, nan 
-14.625, -75.125, 2.52991028655427e-22, nan 
-14.375, -75.125, 2.0190152694086952e-22, nan 
-14.125, -75.125, 2.6172952228673755e-22, nan 
-13.875, -75.125, 3.147725308184171e-22, nan 
-13.625, -75.125, 2.7986174431000225e-22, nan 
-13.375, -75.125, 1.3659830988878111e-22, nan 
-13.125, -75.125, 1.8840520469354343e-22, nan 
-12.875, -75.125, 2.05070714356755e-22, nan 
-12.625, -75.125, 1.834862213470136e-22, nan 
-12.375, -75.125, 1.7065656758097415e-22, nan 
-12.125, -75.125, 1.210799882606834e-22, nan 
-11.875, -75.125, 8.808688547091394e-23, nan 
-11.625, -75.125, 1.7647537017940566e-22, nan 
-11.375, -75.125, 2.22018309241027e-22, nan 
-11.125, -75.125, 1.1795594110371784e-22, nan 
-10.875, -75.125, 1.4340172002162776e-22, nan 
-10.625, -75.125, 2.2973677829001766e-22, nan 
-10.375, -75.125, 1.901040738092022e-22, nan 
-10.125, -75.125, 2.3482485707269584e-22, nan 
-9.875, -75.125, 2.295066149903895e-22, nan 
-9.625, -75.125, 2.775055176198425e-22, nan 
-9.375, -75.125, 2.795364835390727e-22, nan 
-9.125, -75.125, 2.0287047822473036e-22, nan 
-8.875, -75.125, 2.099816005991299e-22, nan 
-8.625, -75.125, 2.656800832677157e-22, nan 
-8.375, -75.125, 2.0763186122933172e-22, nan 
-8.125, -75.125, 1.355117461152692e-22, nan 
-7.875, -75.125, 1.1682094198856936e-22, nan 
-7.625, -75.125, 1.2149731810225175e-22, nan 
-7.375, -75.125, 1.6009871279444742e-22, nan 
-7.125, -75.125, 2.1972476566387628e-22, nan 
-6.875, -75.125, 2.0174484137187705e-22, nan 
-6.625, -75.125, 2.1660916116086844e-22, nan 
-6.375, -75.125, 1.9712345125708613e-22, nan 
-6.125, -75.125, 3.0723168573628336e-22, nan 
-5.875, -75.125, 2.655641731723043e-22, nan 
-5.625, -75.125, 1.9884091170193868e-22, nan 
-5.375, -75.125, 1.6387710674219179e-22, nan 
-5.125, -75.125, 2.1517959495611007e-22, nan 
-4.875, -75.125, 2.026878846145566e-22, nan 
-4.625, -75.125, 1.99996001765047e-22, nan 
-4.375, -75.125, 1.54641420688415e-22, nan 
-4.125, -75.125, 2.7005986047374587e-22, nan 
-3.875, -75.125, 2.5316657320768707e-22, nan 
-3.625, -75.125, 1.5490111319618757e-22, nan 
-3.375, -75.125, 1.2719057584075539e-22, nan 
-3.125, -75.125, 1.4978161073987782e-22, nan 
-2.875, -75.125, 1.0771034024611588e-22, nan 
-2.625, -75.125, 2.657171633381424e-23, nan 
-2.375, -75.125, 4.8556132811472657e-23, nan 
-2.125, -75.125, 1.0203698250751614e-22, nan 
-1.875, -75.125, 7.077861007324883e-23, nan 
-1.625, -75.125, 4.2442291536520295e-23, nan 
-1.375, -75.125, 8.263183365430292e-23, nan 
-1.125, -75.125, 7.626648484275957e-23, nan 
-0.875, -75.125, 6.730554518544408e-23, nan 
-0.625, -75.125, 6.19627247006921e-23, nan 
-0.375, -75.125, 6.57456159464889e-23, nan 
-0.125, -75.125, 6.722271907782681e-23, nan 
0.125, -75.125, 5.711809737652255e-23, nan 
0.375, -75.125, 5.595684089755001e-23, nan 
0.625, -75.125, 1.121369544848394e-22, nan 
0.875, -75.125, 1.4786401782213644e-22, nan 
1.125, -75.125, 1.8440692435153037e-22, nan 
1.375, -75.125, 1.868325288535066e-22, nan 
1.625, -75.125, 2.0185642752523656e-22, nan 
1.875, -75.125, 2.6884413341926617e-22, nan 
2.125, -75.125, 3.1813931617046623e-22, nan 
2.375, -75.125, 3.638233469788408e-22, nan 
2.625, -75.125, 3.173399674303906e-22, nan 
2.875, -75.125, 4.6658634850858785e-22, nan 
3.125, -75.125, 5.526100069769294e-22, nan 
3.375, -75.125, 1.7256387328618056e-22, nan 
3.625, -75.125, 3.471873419323352e-22, nan 
3.875, -75.125, 3.5132218095184074e-22, nan 
4.125, -75.125, 1.5883358307739253e-22, nan 
4.375, -75.125, 5.730783535347235e-22, nan 
4.625, -75.125, 7.558372458202518e-22, nan 
4.875, -75.125, 3.6132781678164343e-22, nan 
5.125, -75.125, 6.603721011915955e-22, nan 
5.375, -75.125, 9.078957283391178e-22, nan 
5.625, -75.125, 2.969442158422515e-22, nan 
5.875, -75.125, 4.292011275738457e-22, nan 
6.125, -75.125, 5.594115042137665e-22, nan 
6.375, -75.125, 3.6234272382985627e-22, nan 
6.625, -75.125, 2.9062227651143185e-22, nan 
6.875, -75.125, 2.941819699525802e-22, nan 
7.125, -75.125, 3.008384278768473e-22, nan 
7.375, -75.125, 1.917544468118109e-22, nan 
7.625, -75.125, 2.07267142209782e-22, nan 
7.875, -75.125, 1.6969309962510895e-22, nan 
8.125, -75.125, 1.7360308147673233e-22, nan 
8.375, -75.125, 1.7846690711590818e-22, nan 
8.625, -75.125, 1.3843985805067704e-22, nan 
8.875, -75.125, 8.1759734832331e-23, nan 
9.125, -75.125, 1.145511684974526e-22, nan 
9.375, -75.125, 1.2317714828742965e-22, nan 
9.625, -75.125, 1.2116177881920375e-22, nan 
9.875, -75.125, 1.405860196149506e-22, nan 
10.125, -75.125, 1.9713185355352433e-22, nan 
10.375, -75.125, 1.9780348809854865e-22, nan 
10.625, -75.125, 1.6108015075442838e-22, nan 
10.875, -75.125, 1.703250704358112e-22, nan 
11.125, -75.125, 1.6625679824230083e-22, nan 
11.375, -75.125, 1.5548781151875533e-22, nan 
11.625, -75.125, 1.995370509957737e-22, nan 
11.875, -75.125, 2.165813557896329e-22, nan 
12.125, -75.125, 2.240241724403265e-22, nan 
12.375, -75.125, 2.397028968397975e-22, nan 
12.625, -75.125, 1.9912879396422295e-22, nan 
12.875, -75.125, 1.7029951014270972e-22, nan 
13.125, -75.125, 1.6541827573201015e-22, nan 
13.375, -75.125, 1.4542219832751474e-22, nan 
13.625, -75.125, 2.377287480448131e-22, nan 
13.875, -75.125, 2.7753345029520996e-22, nan 
14.125, -75.125, 2.715787443046898e-22, nan 
-86.125, -74.875, 6.359035579232277e-24, nan 
-85.875, -74.875, 8.69904630524241e-24, nan 
-85.625, -74.875, 7.260290820150054e-24, nan 
-85.375, -74.875, 4.469517131312034e-24, nan 
-85.125, -74.875, 4.186463424856649e-24, nan 
-84.875, -74.875, 4.1385667979697195e-24, nan 
-84.625, -74.875, 4.454136913627856e-24, nan 
-84.375, -74.875, 3.462756462498606e-24, nan 
-84.125, -74.875, 4.1494336030297445e-24, nan 
-83.875, -74.875, 6.455035238798544e-24, nan 
-83.625, -74.875, 6.455553409135671e-24, nan 
-83.375, -74.875, 7.612808025793287e-24, nan 
-83.125, -74.875, 1.4748188857701406e-23, nan 
-82.875, -74.875, 1.4119232232086437e-23, nan 
-82.625, -74.875, 8.472998008278498e-24, nan 
-82.375, -74.875, 4.986353648761982e-24, nan 
-82.125, -74.875, 3.801283668316418e-24, nan 
-81.875, -74.875, 3.861433385363142e-24, nan 
-81.625, -74.875, 3.0831206015067506e-24, nan 
-81.375, -74.875, 2.4670687277617253e-24, nan 
-81.125, -74.875, 1.708110326558943e-24, nan 
-80.875, -74.875, 3.852250329479991e-24, nan 
-80.625, -74.875, 1.0870956429440113e-23, nan 
-80.375, -74.875, 5.2571913962414445e-24, nan 
-80.125, -74.875, 1.1094390159632317e-23, nan 
-79.875, -74.875, 9.355159375899691e-24, nan 
-79.625, -74.875, 1.648106442742986e-23, nan 
-79.375, -74.875, 2.939970737819501e-23, nan 
-79.125, -74.875, 4.170411521309485e-23, nan 
-78.875, -74.875, 4.3783422972788574e-23, nan 
-78.625, -74.875, 3.554488993768647e-23, nan 
-78.375, -74.875, 3.2888397033203443e-23, nan 
-78.125, -74.875, 2.1498500263831145e-23, nan 
-77.875, -74.875, 1.1717521931685153e-23, nan 
-77.625, -74.875, 1.2178243930979893e-23, nan 
-77.375, -74.875, 1.1837778409668362e-23, nan 
-77.125, -74.875, 1.111793332922244e-23, nan 
-76.875, -74.875, 1.5342793890828427e-23, nan 
-76.625, -74.875, 2.5869888469350944e-23, nan 
-76.375, -74.875, 1.4056240545166747e-23, nan 
-76.125, -74.875, 3.958364880753068e-23, nan 
-75.875, -74.875, 4.3380339221453636e-23, nan 
-75.625, -74.875, 2.652157043948296e-23, nan 
-75.375, -74.875, 3.568948969255363e-23, nan 
-75.125, -74.875, 3.81687431641581e-23, nan 
-74.875, -74.875, 3.867501270024465e-23, nan 
-74.625, -74.875, 3.63467361249135e-23, nan 
-74.375, -74.875, 3.849558945530131e-23, nan 
-74.125, -74.875, 2.4373737077230094e-23, nan 
-73.875, -74.875, 2.7889373614895387e-23, nan 
-73.625, -74.875, 3.765119564788975e-23, nan 
-73.375, -74.875, 2.872734572686608e-23, nan 
-73.125, -74.875, 1.2272302749977127e-23, nan 
-72.875, -74.875, 3.5195795974650164e-23, nan 
-72.625, -74.875, 4.8689401524884347e-23, nan 
-72.375, -74.875, 4.718494638319275e-23, nan 
-72.125, -74.875, 4.180274441942253e-23, nan 
-71.875, -74.875, 6.318710001577054e-23, nan 
-71.625, -74.875, 7.687549999356785e-23, nan 
-71.375, -74.875, 4.1924163737307866e-23, nan 
-71.125, -74.875, 4.441574086957099e-23, nan 
-70.875, -74.875, 5.113221514830664e-23, nan 
-70.625, -74.875, 4.335657889999005e-23, nan 
-70.375, -74.875, 9.304444837306741e-24, nan 
-70.125, -74.875, 3.0904960658516507e-23, nan 
-69.875, -74.875, 2.9171733050764585e-23, nan 
-69.625, -74.875, 8.42584537108685e-24, nan 
-69.375, -74.875, 2.1108591713904758e-23, nan 
-69.125, -74.875, 1.976149694849884e-23, nan 
-68.875, -74.875, 1.2916095207876657e-23, nan 
-68.625, -74.875, 1.3947545297904188e-23, nan 
-68.375, -74.875, 5.559866525611716e-24, nan 
-68.125, -74.875, 6.929448674177745e-24, nan 
-67.875, -74.875, 1.483944574684319e-23, nan 
-67.625, -74.875, 6.273995008648069e-24, nan 
-67.375, -74.875, 1.1046231202634956e-23, nan 
-67.125, -74.875, 9.55085810548455e-24, nan 
-66.875, -74.875, 3.530443965619761e-24, nan 
-66.625, -74.875, 8.94001298687483e-24, nan 
-66.375, -74.875, 1.3147548940484849e-23, nan 
-66.125, -74.875, 1.4351545209887462e-23, nan 
-65.875, -74.875, 1.5940523547971e-23, nan 
-65.625, -74.875, 1.6420093762529634e-23, nan 
-65.375, -74.875, 1.653949038718374e-23, nan 
-65.125, -74.875, 1.7968506208734068e-23, nan 
-64.875, -74.875, 1.7807877232363516e-23, nan 
-64.625, -74.875, 1.6004582229195896e-23, nan 
-64.375, -74.875, 1.3929720826909794e-23, nan 
-64.125, -74.875, 1.6073674900762547e-23, nan 
-63.875, -74.875, 1.7416336808541617e-23, nan 
-63.625, -74.875, 1.120979296916129e-23, nan 
-63.375, -74.875, 5.0338086479011544e-24, nan 
-63.125, -74.875, 4.403835649702261e-24, nan 
-62.875, -74.875, 4.6661179939168144e-24, nan 
-62.625, -74.875, 5.4937510423723385e-24, nan 
-62.375, -74.875, 5.9428647268726226e-24, nan 
-62.125, -74.875, 7.248970902547364e-24, nan 
-61.875, -74.875, 6.549910223460091e-24, nan 
-61.625, -74.875, 5.979886612865871e-24, nan 
-61.375, -74.875, 5.646843251252151e-24, nan 
-61.125, -74.875, 4.729383455071989e-24, nan 
-60.875, -74.875, 3.831936999546687e-24, nan 
-60.625, -74.875, 5.134245795633186e-24, nan 
-60.375, -74.875, 6.720537429132863e-24, nan 
-60.125, -74.875, 6.068393301301413e-24, nan 
-59.875, -74.875, 4.685937999573003e-24, nan 
-59.625, -74.875, 5.4070598329135174e-24, nan 
-59.375, -74.875, 5.414833058196955e-24, nan 
-59.125, -74.875, 4.4245318267677055e-24, nan 
-58.875, -74.875, 5.122856867334728e-24, nan 
-58.625, -74.875, 5.79092108124523e-24, nan 
-58.375, -74.875, 4.4045155065653784e-24, nan 
-58.125, -74.875, 4.9840057250137285e-24, nan 
-57.875, -74.875, 7.738129513840956e-24, nan 
-57.625, -74.875, 5.181322697553432e-24, nan 
-57.375, -74.875, 4.5385927538740536e-24, nan 
-57.125, -74.875, 4.8543290889872784e-24, nan 
-56.875, -74.875, 3.486381560803233e-24, nan 
-56.625, -74.875, 5.415100095379417e-24, nan 
-56.375, -74.875, 4.869734687570719e-24, nan 
-56.125, -74.875, 3.953775441053465e-24, nan 
-55.875, -74.875, 5.55185138802833e-24, nan 
-55.625, -74.875, 7.202908110500961e-24, nan 
-55.375, -74.875, 5.102598971554025e-24, nan 
-55.125, -74.875, 7.174043806593574e-24, nan 
-54.875, -74.875, 7.493444726504698e-24, nan 
-54.625, -74.875, 3.341075259995577e-24, nan 
-54.375, -74.875, 4.77571868445396e-24, nan 
-54.125, -74.875, 2.3167979734575936e-24, nan 
-53.875, -74.875, 3.997099197719833e-24, nan 
-53.625, -74.875, 5.035810646707598e-24, nan 
-53.375, -74.875, 7.081609732273631e-24, nan 
-53.125, -74.875, 7.009824142002674e-24, nan 
-52.875, -74.875, 7.037703471649126e-24, nan 
-52.625, -74.875, 6.1665159406317665e-24, nan 
-52.375, -74.875, 8.342120401826025e-24, nan 
-52.125, -74.875, 6.977721036391372e-24, nan 
-51.875, -74.875, 1.766954049606794e-24, nan 
-51.625, -74.875, 4.974874945984409e-24, nan 
-51.375, -74.875, 4.0476623503382116e-24, nan 
-51.125, -74.875, 6.959639427324472e-24, nan 
-50.875, -74.875, 5.551941490466583e-24, nan 
-50.625, -74.875, 6.65172094560658e-24, nan 
-50.375, -74.875, 5.436857952944213e-24, nan 
-50.125, -74.875, 3.123995286360023e-24, nan 
-49.875, -74.875, 4.050255651038689e-24, nan 
-49.625, -74.875, 2.933303982828631e-24, nan 
-49.375, -74.875, 3.560328035621759e-24, nan 
-49.125, -74.875, 5.869071237215105e-24, nan 
-48.875, -74.875, 4.2437415408032536e-24, nan 
-48.625, -74.875, 7.010501187639629e-24, nan 
-48.375, -74.875, 4.594529533765966e-24, nan 
-48.125, -74.875, 6.620836374953188e-24, nan 
-47.875, -74.875, 6.018350664998465e-24, nan 
-47.625, -74.875, 4.0237036305329595e-24, nan 
-47.375, -74.875, 5.068530185938258e-24, nan 
-47.125, -74.875, 4.358282026990821e-24, nan 
-46.875, -74.875, 5.293628860700488e-24, nan 
-46.625, -74.875, 9.8343585398395e-24, nan 
-46.375, -74.875, 1.69142579863464e-23, nan 
-46.125, -74.875, 2.012082748311652e-23, nan 
-45.875, -74.875, 2.956659340673873e-23, nan 
-45.625, -74.875, 3.1144814465389483e-23, nan 
-45.375, -74.875, 3.693499057456036e-23, nan 
-45.125, -74.875, 3.770575330259754e-23, nan 
-44.875, -74.875, 6.87731732612989e-23, nan 
-44.625, -74.875, 1.0242730255424306e-22, nan 
-44.375, -74.875, 1.1842179198643934e-22, nan 
-44.125, -74.875, 6.863967640391096e-23, nan 
-43.875, -74.875, 9.959396565102804e-23, nan 
-43.625, -74.875, 1.2241398527790957e-22, nan 
-43.375, -74.875, 5.92228220817751e-23, nan 
-43.125, -74.875, 4.4880836630883216e-23, nan 
-42.875, -74.875, 6.712056177584015e-23, nan 
-42.625, -74.875, 5.004603014367499e-23, nan 
-42.375, -74.875, 5.978888903377539e-23, nan 
-42.125, -74.875, 8.050748342766747e-23, nan 
-41.875, -74.875, 8.230886732253535e-23, nan 
-41.625, -74.875, 1.0540744026488166e-22, nan 
-41.375, -74.875, 1.454547807953676e-22, nan 
-41.125, -74.875, 1.4047144992327834e-22, nan 
-40.875, -74.875, 1.2237803640755699e-22, nan 
-40.625, -74.875, 1.399625512422372e-22, nan 
-40.375, -74.875, 1.1809366819980477e-22, nan 
-40.125, -74.875, 8.00839339756651e-23, nan 
-39.875, -74.875, 2.786541891485459e-23, nan 
-39.625, -74.875, 2.727846510180847e-23, nan 
-39.375, -74.875, 2.321162544667996e-23, nan 
-39.125, -74.875, 2.2927135454588038e-23, nan 
-38.875, -74.875, 2.0741385816995712e-23, nan 
-38.625, -74.875, 2.3101447370644612e-23, nan 
-38.375, -74.875, 2.510010282508774e-23, nan 
-38.125, -74.875, 2.9550773524435804e-23, nan 
-37.875, -74.875, 3.234121968425052e-23, nan 
-37.625, -74.875, 2.777258191481391e-23, nan 
-37.375, -74.875, 1.1804097605172426e-23, nan 
-37.125, -74.875, 2.016440175665464e-23, nan 
-36.875, -74.875, 1.502197982223564e-23, nan 
-36.625, -74.875, 1.251398954935459e-23, nan 
-36.375, -74.875, 1.4337341455051725e-23, nan 
-36.125, -74.875, 1.3648667028349972e-23, nan 
-35.875, -74.875, 1.1530817059403666e-23, nan 
-35.625, -74.875, 1.695381957183028e-23, nan 
-35.375, -74.875, 1.92574267986741e-23, nan 
-35.125, -74.875, 2.0905097853036405e-23, nan 
-34.875, -74.875, 2.420677652648251e-23, nan 
-34.625, -74.875, 2.3349504893000132e-23, nan 
-34.375, -74.875, 2.5385617803908875e-23, nan 
-34.125, -74.875, 2.3470060978927474e-23, nan 
-33.875, -74.875, 1.9150930759342758e-23, nan 
-33.625, -74.875, 2.353488219302311e-23, nan 
-33.375, -74.875, 2.660176969992233e-23, nan 
-33.125, -74.875, 2.200231269883024e-23, nan 
-32.875, -74.875, 2.0181754190093616e-23, nan 
-32.625, -74.875, 2.4643947787372313e-23, nan 
-32.375, -74.875, 2.5993564402827197e-23, nan 
-32.125, -74.875, 2.6639895526702813e-23, nan 
-31.875, -74.875, 1.978861838218315e-23, nan 
-31.625, -74.875, 1.7489567306352172e-23, nan 
-31.375, -74.875, 2.7107983106222524e-23, nan 
-31.125, -74.875, 3.0129818285922837e-23, nan 
-30.875, -74.875, 4.400038525797028e-23, nan 
-30.625, -74.875, 4.284600216351315e-23, nan 
-30.375, -74.875, 4.000651836263402e-23, nan 
-30.125, -74.875, 5.972799963633095e-23, nan 
-29.875, -74.875, 6.900445504571346e-23, nan 
-29.625, -74.875, 8.134554752546615e-23, nan 
-29.375, -74.875, 6.715592940304177e-23, nan 
-29.125, -74.875, 6.326499009736917e-23, nan 
-28.875, -74.875, 5.718329169119265e-23, nan 
-28.625, -74.875, 4.9279965057725303e-23, nan 
-28.375, -74.875, 4.4223118049988825e-23, nan 
-28.125, -74.875, 2.742565213125895e-23, nan 
-27.875, -74.875, 2.34481731233761e-23, nan 
-27.625, -74.875, 3.63459078082414e-23, nan 
-27.375, -74.875, 2.8720676777344166e-23, nan 
-27.125, -74.875, 3.312479828119905e-23, nan 
-26.875, -74.875, 1.868128688031413e-23, nan 
-26.625, -74.875, 3.166929609672746e-23, nan 
-26.375, -74.875, 7.253487752383862e-23, nan 
-26.125, -74.875, 9.446785974357361e-23, nan 
-25.875, -74.875, 1.084012874060044e-22, nan 
-25.625, -74.875, 1.185624540458619e-22, nan 
-25.375, -74.875, 1.171641257348077e-22, nan 
-25.125, -74.875, 1.2438305752315352e-22, nan 
-24.875, -74.875, 1.4803321977406127e-22, nan 
-24.625, -74.875, 2.1179175626970853e-22, nan 
-24.375, -74.875, 1.1586064684467114e-22, nan 
-24.125, -74.875, 9.71292547828003e-23, nan 
-23.875, -74.875, 1.758595868406425e-22, nan 
-23.625, -74.875, 4.873616456130262e-23, nan 
-23.375, -74.875, 4.8647361006544236e-23, nan 
-23.125, -74.875, 4.9099412754958505e-23, nan 
-22.875, -74.875, 5.482132320722521e-23, nan 
-22.625, -74.875, 5.1760575774459035e-23, nan 
-22.375, -74.875, 5.550824392126387e-23, nan 
-22.125, -74.875, 4.1843189788617025e-23, nan 
-21.875, -74.875, 7.323228524199791e-23, nan 
-21.625, -74.875, 5.089777877169409e-23, nan 
-21.375, -74.875, 2.7201462915487906e-23, nan 
-21.125, -74.875, 4.677823796552384e-23, nan 
-20.875, -74.875, 5.393847870837708e-23, nan 
-20.625, -74.875, 4.1981060315744445e-23, nan 
-20.375, -74.875, 5.425644378799842e-23, nan 
-20.125, -74.875, 7.201392824068032e-23, nan 
-19.875, -74.875, 6.730687646858593e-23, nan 
-19.625, -74.875, 6.639235798929223e-23, nan 
-19.375, -74.875, 8.424339674545578e-23, nan 
-19.125, -74.875, 1.7143219605144079e-22, nan 
-18.875, -74.875, 9.716781107578264e-23, nan 
-18.625, -74.875, 4.4823770938623365e-23, nan 
-18.375, -74.875, 1.0880862925067779e-22, nan 
-18.125, -74.875, 9.383684775472806e-23, nan 
-17.875, -74.875, 7.994061265267452e-23, nan 
-17.625, -74.875, 9.505914328569684e-23, nan 
-17.375, -74.875, 3.0547084208495306e-22, nan 
-17.125, -74.875, 5.861504526339384e-22, nan 
-16.875, -74.875, 7.206941431029361e-22, nan 
-16.625, -74.875, 5.600634244816478e-22, nan 
-16.375, -74.875, 8.307982017952076e-22, nan 
-16.125, -74.875, 9.40267949749346e-22, nan 
-15.875, -74.875, 7.605013934596001e-22, nan 
-15.625, -74.875, 7.889224041847506e-22, nan 
-15.375, -74.875, 5.400510298605223e-22, nan 
-15.125, -74.875, 6.22293987991094e-22, nan 
-14.875, -74.875, 7.463680425288211e-22, nan 
-14.625, -74.875, 5.382066725895226e-22, nan 
-14.375, -74.875, 3.199392459321364e-22, nan 
-14.125, -74.875, 4.0440815055473943e-22, nan 
-13.875, -74.875, 5.112544372542167e-22, nan 
-13.625, -74.875, 3.658164894853502e-22, nan 
-13.375, -74.875, 2.157476945298826e-22, nan 
-13.125, -74.875, 3.015431307714555e-22, nan 
-12.875, -74.875, 2.730018346840917e-22, nan 
-12.625, -74.875, 1.790253724513093e-22, nan 
-12.375, -74.875, 5.2074764292234675e-23, nan 
-12.125, -74.875, 5.636691970980072e-23, nan 
-11.875, -74.875, 1.6454050802212284e-22, nan 
-11.625, -74.875, 3.1502488042649817e-22, nan 
-11.375, -74.875, 3.144737151116721e-22, nan 
-11.125, -74.875, 1.0656314939685567e-22, nan 
-10.875, -74.875, 4.341130085548041e-22, nan 
-10.625, -74.875, 4.615815478732716e-22, nan 
-10.375, -74.875, 2.7219913195132636e-23, nan 
-10.125, -74.875, 2.2658250538511344e-22, nan 
-9.875, -74.875, 2.4732171950200557e-22, nan 
-9.625, -74.875, 1.1284745240257226e-22, nan 
-9.375, -74.875, 1.0070493154507028e-22, nan 
-9.125, -74.875, 1.0330503862406197e-22, nan 
-8.875, -74.875, 1.4742020795722568e-22, nan 
-8.625, -74.875, 1.8805880664862572e-22, nan 
-8.375, -74.875, 1.8769423545107797e-22, nan 
-8.125, -74.875, 1.6310179662338204e-22, nan 
-7.875, -74.875, 1.8767244155387267e-22, nan 
-7.625, -74.875, 1.779310412128641e-22, nan 
-7.375, -74.875, 1.3826790934317617e-22, nan 
-7.125, -74.875, 4.270111996548983e-22, nan 
-6.875, -74.875, 4.119270875213907e-22, nan 
-6.625, -74.875, 4.333778322159468e-22, nan 
-6.375, -74.875, 4.0047649411099614e-22, nan 
-6.125, -74.875, 2.618208558692116e-22, nan 
-5.875, -74.875, 3.622557794121246e-22, nan 
-5.625, -74.875, 4.742546258877989e-22, nan 
-5.375, -74.875, 1.4764017920505142e-22, nan 
-5.125, -74.875, 3.2141391049342413e-22, nan 
-4.875, -74.875, 3.967407780772498e-22, nan 
-4.625, -74.875, 2.607439519177682e-22, nan 
-4.375, -74.875, 2.8364336287119343e-22, nan 
-4.125, -74.875, 1.7672941985189192e-22, nan 
-3.875, -74.875, 2.430836507045282e-22, nan 
-3.625, -74.875, 1.3203700937380674e-22, nan 
-3.375, -74.875, 4.9777433639885614e-23, nan 
-3.125, -74.875, 5.612684909925599e-23, nan 
-2.875, -74.875, 4.9755723923985694e-23, nan 
-2.625, -74.875, 7.392374887893852e-23, nan 
-2.375, -74.875, 6.878823704171104e-23, nan 
-2.125, -74.875, 7.477956415726726e-23, nan 
-1.875, -74.875, 4.773290429658533e-23, nan 
-1.625, -74.875, 4.865815816502847e-23, nan 
-1.375, -74.875, 5.387612258329194e-23, nan 
-1.125, -74.875, 5.960545764858031e-23, nan 
-0.875, -74.875, 7.233930298487378e-23, nan 
-0.625, -74.875, 7.665354197710935e-23, nan 
-0.375, -74.875, 8.278400511679016e-23, nan 
-0.125, -74.875, 8.622446901329731e-23, nan 
0.125, -74.875, 9.258699098813522e-23, nan 
0.375, -74.875, 1.1847769458271104e-22, nan 
0.625, -74.875, 1.3600357083279824e-22, nan 
0.875, -74.875, 1.472519866962928e-22, nan 
1.125, -74.875, 1.647887781084488e-22, nan 
1.375, -74.875, 1.6422135381469348e-22, nan 
1.625, -74.875, 3.215207858716551e-22, nan 
1.875, -74.875, 2.7518088962316104e-22, nan 
2.125, -74.875, 3.379345085492981e-22, nan 
2.375, -74.875, 4.5523202570673e-22, nan 
2.625, -74.875, 3.3965727065275363e-22, nan 
2.875, -74.875, 2.6257968128431015e-22, nan 
3.125, -74.875, 3.305996589818732e-22, nan 
3.375, -74.875, 1.725560014102853e-22, nan 
3.625, -74.875, 3.525770468019036e-22, nan 
3.875, -74.875, 3.5253242975022384e-22, nan 
4.125, -74.875, 2.3948191759445755e-22, nan 
4.375, -74.875, 6.1336573837210485e-22, nan 
4.625, -74.875, 5.070825987685803e-22, nan 
4.875, -74.875, 2.320909320230129e-22, nan 
5.125, -74.875, 4.629911499848668e-22, nan 
5.375, -74.875, 6.1245086815721555e-22, nan 
5.625, -74.875, 2.5297144477184293e-22, nan 
5.875, -74.875, 6.21873835911797e-22, nan 
6.125, -74.875, 9.346433803310705e-22, nan 
6.375, -74.875, 4.357361027314574e-22, nan 
6.625, -74.875, 5.214751707365828e-22, nan 
6.875, -74.875, 7.361649454519407e-22, nan 
7.125, -74.875, 4.807274479552974e-22, nan 
7.375, -74.875, 2.6165750741907805e-22, nan 
7.625, -74.875, 2.3545684742302053e-22, nan 
7.875, -74.875, 3.431490039027572e-22, nan 
8.125, -74.875, 4.056693905899647e-22, nan 
8.375, -74.875, 4.915392800124817e-22, nan 
8.625, -74.875, 4.700632321741029e-22, nan 
8.875, -74.875, 4.145008906918601e-22, nan 
9.125, -74.875, 3.5879402101477557e-22, nan 
9.375, -74.875, 3.0140621628074656e-22, nan 
9.625, -74.875, 1.9924691429664856e-22, nan 
9.875, -74.875, 2.4078425291715704e-22, nan 
10.125, -74.875, 2.644659715575702e-22, nan 
10.375, -74.875, 2.3287657662592863e-22, nan 
10.625, -74.875, 1.6021491206409032e-22, nan 
10.875, -74.875, 1.8031666312709978e-22, nan 
11.125, -74.875, 1.7170261108038438e-22, nan 
11.375, -74.875, 1.6005411368445781e-22, nan 
11.625, -74.875, 1.4066307359917747e-22, nan 
11.875, -74.875, 1.8512276202775042e-22, nan 
12.125, -74.875, 1.9606029735888347e-22, nan 
12.375, -74.875, 1.6356987807901984e-22, nan 
12.625, -74.875, 2.118398687626268e-22, nan 
12.875, -74.875, 2.164519477411156e-22, nan 
13.125, -74.875, 1.6900549768203845e-22, nan 
13.375, -74.875, 1.9353538015273346e-22, nan 
13.625, -74.875, 1.9794387228816083e-22, nan 
13.875, -74.875, 9.925607336206429e-23, nan 
14.125, -74.875, 1.2286147862488325e-22, nan 
-84.625, -74.625, 1.3664440681132602e-24, nan 
-84.375, -74.625, 2.9851659114586796e-24, nan 
-84.125, -74.625, 4.85404594167067e-24, nan 
-83.875, -74.625, 8.770848291449153e-24, nan 
-83.625, -74.625, 9.323387273911768e-24, nan 
-83.375, -74.625, 8.884105861674613e-24, nan 
-83.125, -74.625, 1.1287868885589428e-23, nan 
-82.875, -74.625, 1.098647397453299e-23, nan 
-82.625, -74.625, 8.19847427564698e-24, nan 
-82.375, -74.625, 5.227955287593152e-24, nan 
-82.125, -74.625, 4.079656520788227e-24, nan 
-81.875, -74.625, 4.843783988326196e-24, nan 
-81.625, -74.625, 5.421783395909842e-24, nan 
-81.375, -74.625, 1.3933549658417537e-23, nan 
-81.125, -74.625, 6.610510349738974e-24, nan 
-80.875, -74.625, 1.2600669236720082e-23, nan 
-80.625, -74.625, 2.0393248839701367e-23, nan 
-80.375, -74.625, 1.6703494145055976e-23, nan 
-80.125, -74.625, 2.524403157538987e-23, nan 
-79.875, -74.625, 3.936573414921635e-23, nan 
-79.625, -74.625, 3.549124822295533e-23, nan 
-79.375, -74.625, 3.6257871693326745e-23, nan 
-79.125, -74.625, 5.649795333381505e-23, nan 
-78.875, -74.625, 6.032067478015224e-23, nan 
-78.625, -74.625, 5.753082715169906e-23, nan 
-78.375, -74.625, 5.498351404465202e-23, nan 
-78.125, -74.625, 4.858417579159154e-23, nan 
-77.875, -74.625, 4.5082084593730385e-23, nan 
-77.625, -74.625, 4.532601832503162e-23, nan 
-77.375, -74.625, 3.364822991446322e-23, nan 
-77.125, -74.625, 1.3814551595721096e-23, nan 
-76.875, -74.625, 1.386982962354169e-23, nan 
-76.625, -74.625, 6.713822522658368e-24, nan 
-76.375, -74.625, 2.110057197395902e-23, nan 
-76.125, -74.625, 2.729077349582642e-23, nan 
-75.875, -74.625, 3.125853659219661e-23, nan 
-75.625, -74.625, 2.0575467568421793e-23, nan 
-75.375, -74.625, 3.2130599198953517e-23, nan 
-75.125, -74.625, 3.705656684838922e-23, nan 
-74.875, -74.625, 4.7975809573605385e-23, nan 
-74.625, -74.625, 5.2264476558300577e-23, nan 
-74.375, -74.625, 4.238384272237292e-23, nan 
-74.125, -74.625, 5.0241652724429245e-23, nan 
-73.875, -74.625, 5.562567621025094e-23, nan 
-73.625, -74.625, 4.934065208137276e-23, nan 
-73.375, -74.625, 2.712267154777069e-23, nan 
-73.125, -74.625, 2.3574835406447248e-23, nan 
-72.875, -74.625, 2.828527329024477e-23, nan 
-72.625, -74.625, 3.7969647238037775e-23, nan 
-72.375, -74.625, 2.898381794924292e-23, nan 
-72.125, -74.625, 2.64698498169755e-23, nan 
-71.875, -74.625, 4.0395613812564044e-23, nan 
-71.625, -74.625, 3.684327141019357e-23, nan 
-71.375, -74.625, 2.5921007719104586e-23, nan 
-71.125, -74.625, 1.42620110877097e-23, nan 
-70.875, -74.625, 3.200210071690806e-23, nan 
-70.625, -74.625, 1.1385469043302634e-23, nan 
-70.375, -74.625, 1.2949826926291765e-23, nan 
-70.125, -74.625, 2.2960240202337578e-23, nan 
-69.875, -74.625, 1.601465113403074e-23, nan 
-69.625, -74.625, 9.43089252271421e-24, nan 
-69.375, -74.625, 1.1508253866309457e-23, nan 
-69.125, -74.625, 2.2281860429942255e-23, nan 
-68.875, -74.625, 1.712789669908317e-23, nan 
-68.625, -74.625, 2.4960215415603404e-23, nan 
-68.375, -74.625, 1.3149380376149236e-23, nan 
-68.125, -74.625, 1.2447746741509148e-23, nan 
-67.875, -74.625, 1.652674679628995e-23, nan 
-67.625, -74.625, 1.5242136298530728e-23, nan 
-67.375, -74.625, 1.4642263204979542e-23, nan 
-67.125, -74.625, 1.4284011030435644e-23, nan 
-66.875, -74.625, 1.542565381846028e-23, nan 
-66.625, -74.625, 1.202430495848848e-23, nan 
-66.375, -74.625, 1.5418816602449255e-23, nan 
-66.125, -74.625, 1.8524343506806984e-23, nan 
-65.875, -74.625, 1.862132759906034e-23, nan 
-65.625, -74.625, 1.8039015920930735e-23, nan 
-65.375, -74.625, 1.8062457345511863e-23, nan 
-65.125, -74.625, 1.747291278017552e-23, nan 
-64.875, -74.625, 1.440593796617218e-23, nan 
-64.625, -74.625, 1.1788873175213473e-23, nan 
-64.375, -74.625, 7.307454117455519e-24, nan 
-64.125, -74.625, 6.161639117744263e-24, nan 
-63.875, -74.625, 3.042231197464388e-24, nan 
-63.625, -74.625, 2.6790486301497308e-24, nan 
-63.375, -74.625, 5.1983626251568526e-24, nan 
-63.125, -74.625, 7.153414122157908e-24, nan 
-62.875, -74.625, 8.735007889150354e-24, nan 
-62.625, -74.625, 8.172350725559224e-24, nan 
-62.375, -74.625, 7.536132514328117e-24, nan 
-62.125, -74.625, 1.0508574375505411e-23, nan 
-61.875, -74.625, 8.238900203532314e-24, nan 
-61.625, -74.625, 6.996109066582134e-24, nan 
-61.375, -74.625, 7.876698587254226e-24, nan 
-61.125, -74.625, 6.311252969809661e-24, nan 
-60.875, -74.625, 6.650273072604192e-24, nan 
-60.625, -74.625, 6.4120218179040924e-24, nan 
-60.375, -74.625, 6.411493417905004e-24, nan 
-60.125, -74.625, 6.0482119908381674e-24, nan 
-59.875, -74.625, 4.7820030549397444e-24, nan 
-59.625, -74.625, 4.623888238423315e-24, nan 
-59.375, -74.625, 5.152702603296077e-24, nan 
-59.125, -74.625, 4.320840108090784e-24, nan 
-58.875, -74.625, 3.904879483049433e-24, nan 
-58.625, -74.625, 4.533492285422526e-24, nan 
-58.375, -74.625, 4.353387517238955e-24, nan 
-58.125, -74.625, 5.331750341523742e-24, nan 
-57.875, -74.625, 6.589058000294353e-24, nan 
-57.625, -74.625, 5.3843668415144945e-24, nan 
-57.375, -74.625, 4.6337477662979374e-24, nan 
-57.125, -74.625, 4.51631923521949e-24, nan 
-56.875, -74.625, 3.7161978061123016e-24, nan 
-56.625, -74.625, 5.879914770145973e-24, nan 
-56.375, -74.625, 7.163190082258169e-24, nan 
-56.125, -74.625, 4.599248574070252e-24, nan 
-55.875, -74.625, 3.8949992280192486e-24, nan 
-55.625, -74.625, 6.07157131885958e-24, nan 
-55.375, -74.625, 7.778505176744821e-24, nan 
-55.125, -74.625, 5.0556928693109445e-24, nan 
-54.875, -74.625, 5.645384226596655e-24, nan 
-54.625, -74.625, 9.334214354509763e-24, nan 
-54.375, -74.625, 6.895581464021601e-24, nan 
-54.125, -74.625, 3.437056527739787e-24, nan 
-53.875, -74.625, 6.1396275241942764e-24, nan 
-53.625, -74.625, 7.394147945533892e-24, nan 
-53.375, -74.625, 7.664001676913229e-24, nan 
-53.125, -74.625, 5.374357782564572e-24, nan 
-52.875, -74.625, 8.792477069438418e-24, nan 
-52.625, -74.625, 7.82096497959737e-24, nan 
-52.375, -74.625, 1.0116581544501617e-23, nan 
-52.125, -74.625, 8.278002480226989e-24, nan 
-51.875, -74.625, 7.865704314248582e-24, nan 
-51.625, -74.625, 1.1007441125715254e-23, nan 
-51.375, -74.625, 9.001121896620929e-24, nan 
-51.125, -74.625, 8.053849450116788e-24, nan 
-50.875, -74.625, 8.614694231458148e-24, nan 
-50.625, -74.625, 1.340526296165836e-23, nan 
-50.375, -74.625, 1.0617502544664629e-23, nan 
-50.125, -74.625, 6.129307952277342e-24, nan 
-49.875, -74.625, 8.259062221229204e-24, nan 
-49.625, -74.625, 9.91225534017408e-24, nan 
-49.375, -74.625, 4.758245093297442e-24, nan 
-49.125, -74.625, 7.496299706020816e-24, nan 
-48.875, -74.625, 5.544059763594838e-24, nan 
-48.625, -74.625, 5.4825689596198525e-24, nan 
-48.375, -74.625, 7.585216274113997e-24, nan 
-48.125, -74.625, 6.332135840130669e-24, nan 
-47.875, -74.625, 6.413239486185432e-24, nan 
-47.625, -74.625, 6.062592797685343e-24, nan 
-47.375, -74.625, 7.293164493589932e-24, nan 
-47.125, -74.625, 6.768310809622635e-24, nan 
-46.875, -74.625, 6.870965464337128e-24, nan 
-46.625, -74.625, 1.1457555915043016e-23, nan 
-46.375, -74.625, 7.440227751312322e-24, nan 
-46.125, -74.625, 2.1817618170946435e-23, nan 
-45.875, -74.625, 1.7180365141247102e-23, nan 
-45.625, -74.625, 1.530259212315987e-23, nan 
-45.375, -74.625, 3.561149941276178e-23, nan 
-45.125, -74.625, 4.500004294863714e-23, nan 
-44.875, -74.625, 5.205548392760416e-23, nan 
-44.625, -74.625, 6.09770412660957e-23, nan 
-44.375, -74.625, 7.26610665993444e-23, nan 
-44.125, -74.625, 4.889799769477646e-23, nan 
-43.875, -74.625, 3.650303718842508e-23, nan 
-43.625, -74.625, 2.1933808636044517e-23, nan 
-43.375, -74.625, 1.4889416287972074e-23, nan 
-43.125, -74.625, 1.600826919776741e-23, nan 
-42.875, -74.625, 1.7418274885518448e-23, nan 
-42.625, -74.625, 2.2324167579337474e-23, nan 
-42.375, -74.625, 1.9452561768142483e-23, nan 
-42.125, -74.625, 1.471189926582968e-23, nan 
-41.875, -74.625, 2.3875504622155294e-23, nan 
-41.625, -74.625, 3.015689820638442e-23, nan 
-41.375, -74.625, 3.5372714569688664e-23, nan 
-41.125, -74.625, 6.954038581453825e-23, nan 
-40.875, -74.625, 1.197056482776396e-22, nan 
-40.625, -74.625, 1.235730211959689e-22, nan 
-40.375, -74.625, 8.953756514324075e-23, nan 
-40.125, -74.625, 1.284453827628078e-22, nan 
-39.875, -74.625, 9.685379586611909e-23, nan 
-39.625, -74.625, 3.163664196567936e-23, nan 
-39.375, -74.625, 4.992765711545172e-23, nan 
-39.125, -74.625, 5.124177042363506e-23, nan 
-38.875, -74.625, 1.8976777579834162e-23, nan 
-38.625, -74.625, 2.063093458655528e-23, nan 
-38.375, -74.625, 3.3541945770175884e-23, nan 
-38.125, -74.625, 3.629449746423079e-23, nan 
-37.875, -74.625, 3.361775860216229e-23, nan 
-37.625, -74.625, 3.359013376788292e-23, nan 
-37.375, -74.625, 3.1052171591173475e-23, nan 
-37.125, -74.625, 2.8886067904815406e-23, nan 
-36.875, -74.625, 2.2555256903917546e-23, nan 
-36.625, -74.625, 2.5430916738395247e-23, nan 
-36.375, -74.625, 2.559916606259686e-23, nan 
-36.125, -74.625, 2.2591306351948438e-23, nan 
-35.875, -74.625, 2.1581906788206962e-23, nan 
-35.625, -74.625, 2.7176762961640174e-23, nan 
-35.375, -74.625, 2.6003345820126076e-23, nan 
-35.125, -74.625, 2.803186119049849e-23, nan 
-34.875, -74.625, 2.6743478178929426e-23, nan 
-34.625, -74.625, 2.463597386259242e-23, nan 
-34.375, -74.625, 2.1274902597586535e-23, nan 
-34.125, -74.625, 2.8725457485422613e-23, nan 
-33.875, -74.625, 2.0535349144732643e-23, nan 
-33.625, -74.625, 1.8953003016903616e-23, nan 
-33.375, -74.625, 3.361159123741531e-23, nan 
-33.125, -74.625, 3.497336104331239e-23, nan 
-32.875, -74.625, 3.288988162940467e-23, nan 
-32.625, -74.625, 2.7246142459460187e-23, nan 
-32.375, -74.625, 4.218921750207141e-23, nan 
-32.125, -74.625, 3.6497299220832746e-23, nan 
-31.875, -74.625, 2.8855648402472285e-23, nan 
-31.625, -74.625, 4.8081230979583523e-23, nan 
-31.375, -74.625, 2.024813965245875e-23, nan 
-31.125, -74.625, 3.960793619768738e-23, nan 
-30.875, -74.625, 6.142781624449286e-23, nan 
-30.625, -74.625, 5.149039749218232e-23, nan 
-30.375, -74.625, 6.100450759184481e-23, nan 
-30.125, -74.625, 4.7810923733768195e-23, nan 
-29.875, -74.625, 8.890584193578919e-23, nan 
-29.625, -74.625, 1.0453128477974825e-22, nan 
-29.375, -74.625, 7.680296874265985e-23, nan 
-29.125, -74.625, 9.813344998789168e-23, nan 
-28.875, -74.625, 9.752792514120028e-23, nan 
-28.625, -74.625, 7.765232268687133e-23, nan 
-28.375, -74.625, 8.19605679521881e-23, nan 
-28.125, -74.625, 6.997249631093457e-23, nan 
-27.875, -74.625, 5.561095343840245e-23, nan 
-27.625, -74.625, 4.775121121346589e-23, nan 
-27.375, -74.625, 4.2605357135467983e-23, nan 
-27.125, -74.625, 8.418368135902767e-23, nan 
-26.875, -74.625, 1.0831158663243198e-22, nan 
-26.625, -74.625, 1.1472005668943618e-22, nan 
-26.375, -74.625, 1.1756365882406108e-22, nan 
-26.125, -74.625, 1.4644980511697231e-22, nan 
-25.875, -74.625, 1.554145366292521e-22, nan 
-25.625, -74.625, 1.3612852592229127e-22, nan 
-25.375, -74.625, 1.2410237778396372e-22, nan 
-25.125, -74.625, 8.92898327062232e-23, nan 
-24.875, -74.625, 1.527172172640249e-22, nan 
-24.625, -74.625, 1.525390571700174e-22, nan 
-24.375, -74.625, 8.473845878154368e-23, nan 
-24.125, -74.625, 3.596359407472891e-23, nan 
-23.875, -74.625, 6.670612216623599e-23, nan 
-23.625, -74.625, 4.9305070893473104e-23, nan 
-23.375, -74.625, 2.920761109975071e-23, nan 
-23.125, -74.625, 2.565254548307277e-23, nan 
-22.875, -74.625, 2.283281103681735e-23, nan 
-22.625, -74.625, 2.2778554471488778e-23, nan 
-22.375, -74.625, 3.279788541431492e-23, nan 
-22.125, -74.625, 2.098007355890218e-23, nan 
-21.875, -74.625, 4.9669064871167616e-23, nan 
-21.625, -74.625, 1.058075481550703e-22, nan 
-21.375, -74.625, 1.2997309778628484e-22, nan 
-21.125, -74.625, 8.364029659322506e-23, nan 
-20.875, -74.625, 8.422535978239852e-23, nan 
-20.625, -74.625, 8.039558758720587e-23, nan 
-20.375, -74.625, 9.599957534476597e-23, nan 
-20.125, -74.625, 6.615717436985113e-23, nan 
-19.875, -74.625, 1.0979918692473968e-22, nan 
-19.625, -74.625, 8.249880108535966e-23, nan 
-19.375, -74.625, 9.705915268266302e-23, nan 
-19.125, -74.625, 2.363254062709187e-22, nan 
-18.875, -74.625, 9.499675964615776e-23, nan 
-18.625, -74.625, 4.8167976874539686e-23, nan 
-18.375, -74.625, 1.2327722486921438e-22, nan 
-18.125, -74.625, 6.771201216140968e-23, nan 
-17.875, -74.625, 8.838390258008801e-23, nan 
-17.625, -74.625, 7.282111594465922e-23, nan 
-17.375, -74.625, 1.69754583525125e-22, nan 
-17.125, -74.625, 8.1464283883998125e-22, nan 
-16.875, -74.625, 8.115143911356758e-22, nan 
-16.625, -74.625, 6.768969009694018e-22, nan 
-16.375, -74.625, 1.1952251084584504e-21, nan 
-16.125, -74.625, 1.1832735434707423e-21, nan 
-15.875, -74.625, 1.1369566263000265e-21, nan 
-15.625, -74.625, 8.806323420406233e-22, nan 
-15.375, -74.625, 6.3152371905561695e-22, nan 
-15.125, -74.625, 7.527033823435847e-22, nan 
-14.875, -74.625, 6.810634639760508e-22, nan 
-14.625, -74.625, 4.147329602723588e-22, nan 
-14.375, -74.625, 2.340186989397024e-22, nan 
-14.125, -74.625, 2.5395060999608903e-22, nan 
-13.875, -74.625, 3.7440658773963605e-22, nan 
-13.625, -74.625, 2.978252366233335e-22, nan 
-13.375, -74.625, 2.4717894582245596e-22, nan 
-13.125, -74.625, 9.448616163370637e-23, nan 
-12.875, -74.625, 1.1044060800460482e-22, nan 
-12.625, -74.625, 1.4269209681380908e-22, nan 
-12.375, -74.625, 7.700730211742875e-23, nan 
-12.125, -74.625, 5.975119387325382e-23, nan 
-11.875, -74.625, 4.10897207541842e-23, nan 
-11.625, -74.625, 4.538167414047201e-23, nan 
-11.375, -74.625, 2.84640976785475e-23, nan 
-11.125, -74.625, 6.549134019693947e-23, nan 
-10.875, -74.625, 2.5234992903750706e-22, nan 
-10.625, -74.625, 2.669788895986493e-22, nan 
-10.375, -74.625, 1.0794314816412293e-22, nan 
-10.125, -74.625, 1.1215224611740724e-22, nan 
-9.875, -74.625, 1.2828017413576144e-22, nan 
-9.625, -74.625, 2.0966816123376863e-22, nan 
-9.375, -74.625, 2.431646488796163e-22, nan 
-9.125, -74.625, 3.1674174479468584e-22, nan 
-8.875, -74.625, 2.497918874031773e-22, nan 
-8.625, -74.625, 1.9734511247373069e-22, nan 
-8.375, -74.625, 1.6386666818265258e-22, nan 
-8.125, -74.625, 1.3505772511970448e-22, nan 
-7.875, -74.625, 5.5613314773027765e-22, nan 
-7.625, -74.625, 5.1840074283574845e-22, nan 
-7.375, -74.625, 3.655920507366621e-22, nan 
-7.125, -74.625, 6.746988819668841e-22, nan 
-6.875, -74.625, 5.470388639148812e-22, nan 
-6.625, -74.625, 4.046855280322032e-22, nan 
-6.375, -74.625, 3.7378939549820807e-22, nan 
-6.125, -74.625, 2.9385905685323367e-22, nan 
-5.875, -74.625, 1.2065314071219973e-22, nan 
-5.625, -74.625, 1.892343685853338e-22, nan 
-5.375, -74.625, 2.4053789843301637e-22, nan 
-5.125, -74.625, 4.734900586517916e-22, nan 
-4.875, -74.625, 6.199647401500456e-22, nan 
-4.625, -74.625, 4.600173516863095e-22, nan 
-4.375, -74.625, 4.361961283810756e-22, nan 
-4.125, -74.625, 5.161977084207481e-22, nan 
-3.875, -74.625, 4.539018171831323e-22, nan 
-3.625, -74.625, 1.5760556684198333e-22, nan 
-3.375, -74.625, 1.2092547015538129e-22, nan 
-3.125, -74.625, 9.824041274625539e-23, nan 
-2.875, -74.625, 8.676698746150195e-23, nan 
-2.625, -74.625, 1.524483094714177e-22, nan 
-2.375, -74.625, 1.3046914596159393e-22, nan 
-2.125, -74.625, 6.671208766589258e-23, nan 
-1.875, -74.625, 8.051453376649024e-23, nan 
-1.625, -74.625, 8.05535266879099e-23, nan 
-1.375, -74.625, 8.685824480710923e-23, nan 
-1.125, -74.625, 9.153172360529554e-23, nan 
-0.875, -74.625, 8.449250171474522e-23, nan 
-0.625, -74.625, 9.029547954037735e-23, nan 
-0.375, -74.625, 9.660002013443241e-23, nan 
-0.125, -74.625, 1.0992020121892784e-22, nan 
0.125, -74.625, 1.458687923449699e-22, nan 
0.375, -74.625, 2.369562556095029e-22, nan 
0.625, -74.625, 2.896167029076385e-22, nan 
0.875, -74.625, 5.511790524287594e-22, nan 
1.125, -74.625, 4.401756245793151e-22, nan 
1.375, -74.625, 5.152488061307554e-22, nan 
1.625, -74.625, 6.714369417978742e-22, nan 
1.875, -74.625, 5.317642933538299e-22, nan 
2.125, -74.625, 5.019923120939479e-22, nan 
2.375, -74.625, 7.088062426603541e-22, nan 
2.625, -74.625, 6.826141507468868e-22, nan 
2.875, -74.625, 5.653552347455448e-22, nan 
3.125, -74.625, 7.143572167808979e-22, nan 
3.375, -74.625, 6.254898699041344e-22, nan 
3.625, -74.625, 5.703780240419848e-22, nan 
3.875, -74.625, 4.8443035729395415e-22, nan 
4.125, -74.625, 3.441860050569242e-22, nan 
4.375, -74.625, 6.680476500902233e-22, nan 
4.625, -74.625, 6.560880625749336e-22, nan 
4.875, -74.625, 5.069701124736618e-22, nan 
5.125, -74.625, 3.771989455251029e-22, nan 
5.375, -74.625, 5.959117775105121e-22, nan 
5.625, -74.625, 7.683293486463674e-22, nan 
5.875, -74.625, 4.772160238174356e-22, nan 
6.125, -74.625, 6.195520928219271e-22, nan 
6.375, -74.625, 4.516525203190646e-22, nan 
6.625, -74.625, 1.7384033051041135e-22, nan 
6.875, -74.625, 3.871893851890389e-22, nan 
7.125, -74.625, 4.1374070542085533e-22, nan 
7.375, -74.625, 2.6345119165832385e-22, nan 
7.625, -74.625, 4.313358629232129e-22, nan 
7.875, -74.625, 5.034671362303788e-22, nan 
8.125, -74.625, 5.790116966370571e-22, nan 
8.375, -74.625, 1.094882055376646e-21, nan 
8.625, -74.625, 1.0395202990464228e-21, nan 
8.875, -74.625, 7.840689393328819e-22, nan 
9.125, -74.625, 9.313983624426556e-22, nan 
9.375, -74.625, 8.581269674108367e-22, nan 
9.625, -74.625, 6.353037779367489e-22, nan 
9.875, -74.625, 4.781035649442873e-22, nan 
10.125, -74.625, 3.336594131450488e-22, nan 
10.375, -74.625, 1.944072875971174e-22, nan 
10.625, -74.625, 1.320509146923495e-22, nan 
10.875, -74.625, 1.3947815846458324e-22, nan 
11.125, -74.625, 8.230708615770626e-23, nan 
11.375, -74.625, 1.0740492962319578e-22, nan 
11.625, -74.625, 7.240536967961179e-23, nan 
11.875, -74.625, 8.551560689008877e-23, nan 
12.125, -74.625, 7.668268435936645e-23, nan 
12.375, -74.625, 1.1149259033975099e-22, nan 
12.625, -74.625, 9.172416406529974e-23, nan 
12.875, -74.625, 1.5572704769758538e-22, nan 
13.125, -74.625, 1.414452257397037e-22, nan 
13.375, -74.625, 1.658318342009148e-22, nan 
13.625, -74.625, 2.4059039043418406e-22, nan 
13.875, -74.625, 2.602062849807646e-22, nan 
14.125, -74.625, 1.7917474410817176e-22, nan 
-83.125, -74.375, 8.931070675401431e-24, nan 
-82.875, -74.375, 9.188509393215747e-24, nan 
-82.625, -74.375, 8.83953154925681e-24, nan 
-82.375, -74.375, 8.14738491919956e-24, nan 
-82.125, -74.375, 7.020768386169235e-24, nan 
-81.875, -74.375, 6.533513924215508e-24, nan 
-81.625, -74.375, 7.518024274295242e-24, nan 
-81.375, -74.375, 1.0406566328220856e-23, nan 
-81.125, -74.375, 2.3524428406250975e-23, nan 
-80.875, -74.375, 2.0272631651658693e-23, nan 
-80.625, -74.375, 1.6509464318789403e-23, nan 
-80.375, -74.375, 2.966226368322303e-23, nan 
-80.125, -74.375, 2.8889415134887097e-23, nan 
-79.875, -74.375, 2.4307555923621878e-23, nan 
-79.625, -74.375, 2.6262821287190873e-23, nan 
-79.375, -74.375, 3.0055494850284604e-23, nan 
-79.125, -74.375, 3.604502477500832e-23, nan 
-78.875, -74.375, 5.1219601755880564e-23, nan 
-78.625, -74.375, 3.678244854664208e-23, nan 
-78.375, -74.375, 3.3128900290729375e-23, nan 
-78.125, -74.375, 3.7845032544116476e-23, nan 
-77.875, -74.375, 2.2712152289149413e-23, nan 
-77.625, -74.375, 2.5155667178406857e-23, nan 
-77.375, -74.375, 2.0027808820477798e-23, nan 
-77.125, -74.375, 1.7028913678085756e-23, nan 
-76.875, -74.375, 2.133899239841003e-23, nan 
-76.625, -74.375, 1.97664261531659e-23, nan 
-76.375, -74.375, 1.9708648399743376e-23, nan 
-76.125, -74.375, 2.2166302065732027e-23, nan 
-75.875, -74.375, 2.072546939098023e-23, nan 
-75.625, -74.375, 1.8834397898836302e-23, nan 
-75.375, -74.375, 2.3246183410674956e-23, nan 
-75.125, -74.375, 2.2432377947925243e-23, nan 
-74.875, -74.375, 1.95862041017731e-23, nan 
-74.625, -74.375, 1.4874665517824672e-23, nan 
-74.375, -74.375, 8.595374607004044e-24, nan 
-74.125, -74.375, 3.4054053138544454e-23, nan 
-73.875, -74.375, 3.7812675612255354e-23, nan 
-73.625, -74.375, 3.181314605070899e-23, nan 
-73.375, -74.375, 3.059640076020029e-23, nan 
-73.125, -74.375, 3.5990048173725924e-23, nan 
-72.875, -74.375, 1.9306230758128696e-23, nan 
-72.625, -74.375, 3.2326864463412486e-23, nan 
-72.375, -74.375, 4.076552078461757e-23, nan 
-72.125, -74.375, 5.449867478238741e-24, nan 
-71.875, -74.375, 1.8541361550746658e-23, nan 
-71.625, -74.375, 1.7743551271379323e-23, nan 
-71.375, -74.375, 5.727308602589113e-24, nan 
-71.125, -74.375, 4.214864622133583e-24, nan 
-70.875, -74.375, 2.2056751758758674e-23, nan 
-70.625, -74.375, 7.645474671528328e-24, nan 
-70.375, -74.375, 1.0118953229278429e-23, nan 
-70.125, -74.375, 1.6082881290539052e-23, nan 
-69.875, -74.375, 2.212309816045284e-23, nan 
-69.625, -74.375, 1.7022673698127046e-23, nan 
-69.375, -74.375, 2.6449986541253507e-23, nan 
-69.125, -74.375, 3.11018037359307e-23, nan 
-68.875, -74.375, 2.02220750613743e-23, nan 
-68.625, -74.375, 3.003695874191081e-23, nan 
-68.375, -74.375, 2.6616841516451737e-23, nan 
-68.125, -74.375, 2.20094163292299e-23, nan 
-67.875, -74.375, 1.4461943888384206e-23, nan 
-67.625, -74.375, 2.362540896972363e-23, nan 
-67.375, -74.375, 2.2671921642623695e-23, nan 
-67.125, -74.375, 1.5568580267584538e-23, nan 
-66.875, -74.375, 1.480000578180371e-23, nan 
-66.625, -74.375, 1.172546746291407e-23, nan 
-66.375, -74.375, 1.2625831891506603e-23, nan 
-66.125, -74.375, 1.2517259181769891e-23, nan 
-65.875, -74.375, 1.544267161007678e-23, nan 
-65.625, -74.375, 1.3707562031872418e-23, nan 
-65.375, -74.375, 1.0748093439675588e-23, nan 
-65.125, -74.375, 1.1364699974606935e-23, nan 
-64.875, -74.375, 7.834254555658985e-24, nan 
-64.625, -74.375, 2.9568562465520414e-24, nan 
-64.375, -74.375, 4.408117550666095e-24, nan 
-64.125, -74.375, 9.829799723129179e-24, nan 
-63.875, -74.375, 1.1656932158715244e-23, nan 
-63.625, -74.375, 9.229916371638623e-24, nan 
-63.375, -74.375, 7.826729594628664e-24, nan 
-63.125, -74.375, 8.876214514177576e-24, nan 
-62.875, -74.375, 7.640555517442789e-24, nan 
-62.625, -74.375, 7.349024577880374e-24, nan 
-62.375, -74.375, 5.397830370779746e-24, nan 
-62.125, -74.375, 3.8219243137478806e-24, nan 
-61.875, -74.375, 5.776290464443866e-24, nan 
-61.625, -74.375, 6.383066275367329e-24, nan 
-61.375, -74.375, 6.4092003630604836e-24, nan 
-61.125, -74.375, 5.099800317870282e-24, nan 
-60.875, -74.375, 5.9259909972536175e-24, nan 
-60.625, -74.375, 5.474083100397449e-24, nan 
-60.375, -74.375, 3.1361534283042162e-24, nan 
-60.125, -74.375, 3.55738569933816e-24, nan 
-59.875, -74.375, 3.2129937459770336e-24, nan 
-59.625, -74.375, 2.759502971741212e-24, nan 
-59.375, -74.375, 2.467952947494633e-24, nan 
-59.125, -74.375, 2.01520266441408e-24, nan 
-58.875, -74.375, 2.9495210433491983e-24, nan 
-58.625, -74.375, 2.1245055396729602e-24, nan 
-58.375, -74.375, 2.226183458937952e-24, nan 
-58.125, -74.375, 4.215958169507106e-24, nan 
-57.875, -74.375, 4.768470927165309e-24, nan 
-57.625, -74.375, 5.997108564566229e-24, nan 
-57.375, -74.375, 4.903369836540545e-24, nan 
-57.125, -74.375, 4.7034536673191386e-24, nan 
-56.875, -74.375, 7.17447108551931e-24, nan 
-56.625, -74.375, 4.019607915808623e-24, nan 
-56.375, -74.375, 5.23295205745855e-24, nan 
-56.125, -74.375, 6.830711529971273e-24, nan 
-55.875, -74.375, 3.574757877380992e-24, nan 
-55.625, -74.375, 4.445702916942647e-24, nan 
-55.375, -74.375, 5.0975776202538856e-24, nan 
-55.125, -74.375, 5.160242140978089e-24, nan 
-54.875, -74.375, 4.804005163600343e-24, nan 
-54.625, -74.375, 5.031706008061776e-24, nan 
-54.375, -74.375, 2.5371691232604406e-24, nan 
-54.125, -74.375, 3.4990900699723854e-24, nan 
-53.875, -74.375, 3.2890324398488986e-24, nan 
-53.625, -74.375, 6.0040330037403784e-24, nan 
-53.375, -74.375, 5.884831544575323e-24, nan 
-53.125, -74.375, 6.4866507855490675e-24, nan 
-52.875, -74.375, 6.728696535696693e-24, nan 
-52.625, -74.375, 7.219831845884052e-24, nan 
-52.375, -74.375, 8.114013396274784e-24, nan 
-52.125, -74.375, 5.5714929151764145e-24, nan 
-51.875, -74.375, 7.439537317755079e-24, nan 
-51.625, -74.375, 7.195481125585987e-24, nan 
-51.375, -74.375, 7.85250076895843e-24, nan 
-51.125, -74.375, 8.341301333231625e-24, nan 
-50.875, -74.375, 7.507814679817774e-24, nan 
-50.625, -74.375, 7.90508232542571e-24, nan 
-50.375, -74.375, 8.14478727014158e-24, nan 
-50.125, -74.375, 9.093312343525409e-24, nan 
-49.875, -74.375, 1.100836969750962e-23, nan 
-49.625, -74.375, 7.031458405957024e-24, nan 
-49.375, -74.375, 2.0978790441249334e-24, nan 
-49.125, -74.375, 7.984949321192365e-24, nan 
-48.875, -74.375, 7.705626288377447e-24, nan 
-48.625, -74.375, 6.223712662159742e-24, nan 
-48.375, -74.375, 3.589497716067649e-24, nan 
-48.125, -74.375, 5.9843869940914095e-24, nan 
-47.875, -74.375, 1.5274867417183804e-24, nan 
-47.625, -74.375, 4.315295263555524e-24, nan 
-47.375, -74.375, 8.390730509303308e-24, nan 
-47.125, -74.375, 9.261471613897075e-24, nan 
-46.875, -74.375, 6.730307346304878e-24, nan 
-46.625, -74.375, 6.808318355381046e-24, nan 
-46.375, -74.375, 7.898736778254882e-24, nan 
-46.125, -74.375, 9.747698980505583e-24, nan 
-45.875, -74.375, 1.3955834031217497e-23, nan 
-45.625, -74.375, 1.3173442677566295e-23, nan 
-45.375, -74.375, 3.0932900829804504e-23, nan 
-45.125, -74.375, 3.2638854754569637e-23, nan 
-44.875, -74.375, 3.95037026516408e-23, nan 
-44.625, -74.375, 7.300052522220352e-23, nan 
-44.375, -74.375, 4.6986321183462876e-23, nan 
-44.125, -74.375, 3.9404260878802443e-23, nan 
-43.875, -74.375, 2.1492633456341952e-23, nan 
-43.625, -74.375, 1.940482634589494e-23, nan 
-43.375, -74.375, 2.0730839082375682e-23, nan 
-43.125, -74.375, 1.4700991407396763e-23, nan 
-42.875, -74.375, 2.0019519136210566e-23, nan 
-42.625, -74.375, 2.349188545448754e-23, nan 
-42.375, -74.375, 6.066401843859988e-24, nan 
-42.125, -74.375, 1.4387184989919416e-23, nan 
-41.875, -74.375, 1.837744620107761e-23, nan 
-41.625, -74.375, 1.596776516098132e-23, nan 
-41.375, -74.375, 2.854791913435726e-23, nan 
-41.125, -74.375, 7.250399810518152e-23, nan 
-40.875, -74.375, 1.2801263879047404e-22, nan 
-40.625, -74.375, 1.1212841266185742e-22, nan 
-40.375, -74.375, 7.780500263180326e-23, nan 
-40.125, -74.375, 1.2456200939319938e-22, nan 
-39.875, -74.375, 1.1325054638348899e-22, nan 
-39.625, -74.375, 2.6046145889842545e-23, nan 
-39.375, -74.375, 6.029080618533485e-23, nan 
-39.125, -74.375, 8.971846558989322e-23, nan 
-38.875, -74.375, 2.755793134533279e-23, nan 
-38.625, -74.375, 3.6538171778562937e-23, nan 
-38.375, -74.375, 4.821164046910447e-23, nan 
-38.125, -74.375, 3.682891942092275e-23, nan 
-37.875, -74.375, 3.723170975723628e-23, nan 
-37.625, -74.375, 4.057942094030307e-23, nan 
-37.375, -74.375, 3.612901737856497e-23, nan 
-37.125, -74.375, 3.001208291285952e-23, nan 
-36.875, -74.375, 3.631093215208638e-23, nan 
-36.625, -74.375, 3.420750920773881e-23, nan 
-36.375, -74.375, 2.9960622638441794e-23, nan 
-36.125, -74.375, 2.5685080102522303e-23, nan 
-35.875, -74.375, 3.368508776284927e-23, nan 
-35.625, -74.375, 2.638713971751204e-23, nan 
-35.375, -74.375, 2.0834704261254465e-23, nan 
-35.125, -74.375, 2.2534565668932767e-23, nan 
-34.875, -74.375, 2.2498625268112776e-23, nan 
-34.625, -74.375, 2.4474764147257884e-23, nan 
-34.375, -74.375, 2.817836388374387e-23, nan 
-34.125, -74.375, 4.247797516357673e-23, nan 
-33.875, -74.375, 4.196457718872306e-23, nan 
-33.625, -74.375, 3.4850448905071764e-23, nan 
-33.375, -74.375, 5.74574020042454e-23, nan 
-33.125, -74.375, 6.189866761300347e-23, nan 
-32.875, -74.375, 4.503193298366354e-23, nan 
-32.625, -74.375, 3.945157093085418e-23, nan 
-32.375, -74.375, 5.324330307027178e-23, nan 
-32.125, -74.375, 3.167455434073827e-23, nan 
-31.875, -74.375, 2.9664180887222757e-23, nan 
-31.625, -74.375, 4.9914438448027253e-23, nan 
-31.375, -74.375, 4.1560381220170176e-23, nan 
-31.125, -74.375, 6.414455488311301e-23, nan 
-30.875, -74.375, 4.105521670417555e-23, nan 
-30.625, -74.375, 4.1691324432550007e-23, nan 
-30.375, -74.375, 8.805700736226008e-23, nan 
-30.125, -74.375, 1.3277880183840355e-22, nan 
-29.875, -74.375, 2.1494109035601837e-22, nan 
-29.625, -74.375, 1.7017403917505677e-22, nan 
-29.375, -74.375, 1.9458777883927864e-22, nan 
-29.125, -74.375, 2.1127521828324788e-22, nan 
-28.875, -74.375, 1.2265823335398498e-22, nan 
-28.625, -74.375, 1.2305938449705986e-22, nan 
-28.375, -74.375, 1.41006494062248e-22, nan 
-28.125, -74.375, 1.163290684451028e-22, nan 
-27.875, -74.375, 8.440103427958425e-23, nan 
-27.625, -74.375, 7.182268249042672e-23, nan 
-27.375, -74.375, 3.4904133516947754e-23, nan 
-27.125, -74.375, 3.4415891854753735e-23, nan 
-26.875, -74.375, 9.698658455781508e-23, nan 
-26.625, -74.375, 8.320787402928589e-23, nan 
-26.375, -74.375, 8.144164607570708e-23, nan 
-26.125, -74.375, 1.279593211200757e-22, nan 
-25.875, -74.375, 1.2453954172185334e-22, nan 
-25.625, -74.375, 9.816542739954269e-23, nan 
-25.375, -74.375, 1.396335999586927e-22, nan 
-25.125, -74.375, 1.737611227318271e-22, nan 
-24.875, -74.375, 1.8326965403215716e-22, nan 
-24.625, -74.375, 1.193512222746117e-22, nan 
-24.375, -74.375, 1.4287924104754613e-22, nan 
-24.125, -74.375, 1.4026361629670315e-22, nan 
-23.875, -74.375, 6.390198879666964e-23, nan 
-23.625, -74.375, 2.2310592344873526e-23, nan 
-23.375, -74.375, 2.525047307725345e-23, nan 
-23.125, -74.375, 1.0000471116452624e-22, nan 
-22.875, -74.375, 1.616576666401211e-22, nan 
-22.625, -74.375, 2.0298537737256173e-23, nan 
-22.375, -74.375, 8.464247364659943e-23, nan 
-22.125, -74.375, 1.6265581958907096e-22, nan 
-21.875, -74.375, 1.0597589266097508e-22, nan 
-21.625, -74.375, 1.3550502437246038e-22, nan 
-21.375, -74.375, 2.185071149774073e-22, nan 
-21.125, -74.375, 1.328188488745204e-22, nan 
-20.875, -74.375, 7.197742524206261e-23, nan 
-20.625, -74.375, 9.622309207988204e-23, nan 
-20.375, -74.375, 1.4508788775832109e-22, nan 
-20.125, -74.375, 3.478540564777249e-23, nan 
-19.875, -74.375, 1.811180376722257e-23, nan 
-19.625, -74.375, 5.547714737353764e-23, nan 
-19.375, -74.375, 3.0157753371140804e-23, nan 
-19.125, -74.375, 9.500809751902325e-23, nan 
-18.875, -74.375, 3.427415555711044e-23, nan 
-18.625, -74.375, 2.797159950393365e-23, nan 
-18.375, -74.375, 3.8925137501362235e-23, nan 
-18.125, -74.375, 4.555803746612444e-23, nan 
-17.875, -74.375, 8.905100244529156e-23, nan 
-17.625, -74.375, 1.1829331586999037e-22, nan 
-17.375, -74.375, 1.6385396003012235e-22, nan 
-17.125, -74.375, 1.4206020109630725e-22, nan 
-16.875, -74.375, 1.5613611081023273e-22, nan 
-16.625, -74.375, 3.154539066090782e-22, nan 
-16.375, -74.375, 7.992323556883682e-22, nan 
-16.125, -74.375, 8.319144605083385e-22, nan 
-15.875, -74.375, 8.765844398660366e-22, nan 
-15.625, -74.375, 8.871033389388353e-22, nan 
-15.375, -74.375, 5.461335718625875e-22, nan 
-15.125, -74.375, 1.9294950539971432e-22, nan 
-14.875, -74.375, 1.8189104550794895e-22, nan 
-14.625, -74.375, 1.8090315565306372e-22, nan 
-14.375, -74.375, 1.647509948567535e-22, nan 
-14.125, -74.375, 1.5911122419888161e-22, nan 
-13.875, -74.375, 1.6388285536229252e-22, nan 
-13.625, -74.375, 1.6741530664232211e-22, nan 
-13.375, -74.375, 1.4823527912247481e-22, nan 
-13.125, -74.375, 1.638627180356127e-22, nan 
-12.875, -74.375, 1.7392783044607486e-22, nan 
-12.625, -74.375, 1.647453117393988e-22, nan 
-12.375, -74.375, 9.946890639241713e-23, nan 
-12.125, -74.375, 1.1798937530016043e-22, nan 
-11.875, -74.375, 1.4549232271183032e-22, nan 
-11.625, -74.375, 1.9450337713445305e-22, nan 
-11.375, -74.375, 1.5748487186644777e-22, nan 
-11.125, -74.375, 8.945099411669907e-23, nan 
-10.875, -74.375, 1.2288642427194356e-22, nan 
-10.625, -74.375, 1.2243834066780142e-22, nan 
-10.375, -74.375, 5.865173676593191e-23, nan 
-10.125, -74.375, 8.393888648169969e-23, nan 
-9.875, -74.375, 1.7893433922717118e-22, nan 
-9.625, -74.375, 2.484232279622065e-22, nan 
-9.375, -74.375, 2.5191604569521802e-22, nan 
-9.125, -74.375, 3.5833286429521425e-22, nan 
-8.875, -74.375, 3.479369312338433e-22, nan 
-8.625, -74.375, 3.059287619939285e-22, nan 
-8.375, -74.375, 4.352488980018443e-22, nan 
-8.125, -74.375, 4.725135624589283e-22, nan 
-7.875, -74.375, 4.0722796266864417e-22, nan 
-7.625, -74.375, 5.838265627383923e-22, nan 
-7.375, -74.375, 5.982464181003721e-22, nan 
-7.125, -74.375, 4.0650188108579665e-22, nan 
-6.875, -74.375, 5.187745583728425e-22, nan 
-6.625, -74.375, 2.3594854996869446e-22, nan 
-6.375, -74.375, 6.327674680458352e-22, nan 
-6.125, -74.375, 7.550298436152404e-22, nan 
-5.875, -74.375, 3.4891341054634857e-22, nan 
-5.625, -74.375, 2.699135646453507e-22, nan 
-5.375, -74.375, 6.74005678940225e-22, nan 
-5.125, -74.375, 1.135692568158514e-21, nan 
-4.875, -74.375, 9.837621005011287e-22, nan 
-4.625, -74.375, 6.374214301491012e-22, nan 
-4.375, -74.375, 9.01606837541698e-22, nan 
-4.125, -74.375, 9.259824008704658e-22, nan 
-3.875, -74.375, 8.311364384839995e-22, nan 
-3.625, -74.375, 6.130351887045696e-22, nan 
-3.375, -74.375, 1.5373056336163776e-22, nan 
-3.125, -74.375, 1.7436613909392222e-22, nan 
-2.875, -74.375, 1.4576422976102594e-22, nan 
-2.625, -74.375, 6.223166673035943e-23, nan 
-2.375, -74.375, 8.75717484568982e-23, nan 
-2.125, -74.375, 7.763871723502323e-23, nan 
-1.875, -74.375, 5.929848331657911e-23, nan 
-1.625, -74.375, 8.88307245878133e-23, nan 
-1.375, -74.375, 8.926496321106253e-23, nan 
-1.125, -74.375, 9.632464244934929e-23, nan 
-0.875, -74.375, 1.214293617644488e-22, nan 
-0.625, -74.375, 1.205040583877021e-22, nan 
-0.375, -74.375, 9.914776757464975e-23, nan 
-0.125, -74.375, 1.8747121754827803e-22, nan 
0.125, -74.375, 2.2331994031513407e-22, nan 
0.375, -74.375, 5.313590555298254e-22, nan 
0.625, -74.375, 7.77081458656769e-22, nan 
0.875, -74.375, 8.612042364143253e-22, nan 
1.125, -74.375, 8.063133068340469e-22, nan 
1.375, -74.375, 1.0168320634098467e-21, nan 
1.625, -74.375, 1.0921850200996924e-21, nan 
1.875, -74.375, 8.408798183625065e-22, nan 
2.125, -74.375, 7.481773341705847e-22, nan 
2.375, -74.375, 4.581861767725274e-22, nan 
2.625, -74.375, 5.645998311407905e-22, nan 
2.875, -74.375, 1.0311594235661363e-21, nan 
3.125, -74.375, 1.0320743392721239e-21, nan 
3.375, -74.375, 6.37405403780005e-22, nan 
3.625, -74.375, 8.643837245261354e-22, nan 
3.875, -74.375, 8.402230610712851e-22, nan 
4.125, -74.375, 8.629537487029e-22, nan 
4.375, -74.375, 1.180866186423219e-21, nan 
4.625, -74.375, 1.0488051006173301e-21, nan 
4.875, -74.375, 5.016739722641879e-22, nan 
5.125, -74.375, 5.701462730557484e-22, nan 
5.375, -74.375, 6.92372175992886e-22, nan 
5.625, -74.375, 8.291454513307367e-22, nan 
5.875, -74.375, 5.520634029713421e-22, nan 
6.125, -74.375, 3.1403282761920254e-22, nan 
6.375, -74.375, 4.807053939128808e-22, nan 
6.625, -74.375, 4.226706766236748e-22, nan 
6.875, -74.375, 5.344738252687483e-22, nan 
7.125, -74.375, 7.888898004814007e-22, nan 
7.375, -74.375, 6.631771553893932e-22, nan 
7.625, -74.375, 5.083999748656733e-22, nan 
7.875, -74.375, 7.84882469996526e-22, nan 
8.125, -74.375, 7.155612061392965e-22, nan 
8.375, -74.375, 9.330943984835253e-22, nan 
8.625, -74.375, 8.372529085392776e-22, nan 
8.875, -74.375, 6.80661232934358e-22, nan 
9.125, -74.375, 4.686766655681538e-22, nan 
9.375, -74.375, 4.355858525842349e-22, nan 
9.625, -74.375, 5.232893357465351e-22, nan 
9.875, -74.375, 1.637265776597527e-22, nan 
10.125, -74.375, 1.534702743552483e-22, nan 
10.375, -74.375, 1.265380894960066e-22, nan 
10.625, -74.375, 1.288432794527145e-22, nan 
10.875, -74.375, 1.2213730326063028e-22, nan 
11.125, -74.375, 1.5444483691348384e-22, nan 
11.375, -74.375, 1.2152671480423626e-22, nan 
11.625, -74.375, 4.887432358223002e-23, nan 
11.875, -74.375, 9.280385956304171e-23, nan 
12.125, -74.375, 1.1719352920477087e-22, nan 
12.375, -74.375, 1.3138673202256728e-22, nan 
12.625, -74.375, 1.2755596819848296e-22, nan 
12.875, -74.375, 1.3074071596641269e-22, nan 
13.125, -74.375, 2.925073920333584e-22, nan 
13.375, -74.375, 1.5071497790908456e-22, nan 
13.625, -74.375, 2.059558990824886e-22, nan 
13.875, -74.375, 4.918544030191085e-22, nan 
-81.625, -74.125, 4.696687677527422e-24, nan 
-81.375, -74.125, 6.67160693854381e-24, nan 
-81.125, -74.125, 4.7680147898643785e-24, nan 
-80.875, -74.125, 4.573869010043215e-24, nan 
-80.625, -74.125, 8.882785371656688e-24, nan 
-80.375, -74.125, 1.7651356950997336e-23, nan 
-80.125, -74.125, 2.1697876138438356e-23, nan 
-79.875, -74.125, 1.7826596286625178e-23, nan 
-79.625, -74.125, 2.34343796950626e-23, nan 
-79.375, -74.125, 3.116889871450149e-23, nan 
-79.125, -74.125, 3.2174680956226755e-23, nan 
-78.875, -74.125, 3.4375632900154425e-23, nan 
-78.625, -74.125, 2.3803367179940913e-23, nan 
-78.375, -74.125, 1.88509324354887e-23, nan 
-78.125, -74.125, 1.080168225676259e-23, nan 
-77.875, -74.125, 8.950798182234103e-24, nan 
-77.625, -74.125, 8.057453304099473e-24, nan 
-77.375, -74.125, 2.2120768912104344e-23, nan 
-77.125, -74.125, 2.5536467701060535e-23, nan 
-76.875, -74.125, 1.5337207495041834e-23, nan 
-76.625, -74.125, 2.141184334561588e-23, nan 
-76.375, -74.125, 2.6581430061349963e-23, nan 
-76.125, -74.125, 1.9248519150359794e-23, nan 
-75.875, -74.125, 1.370847027013078e-23, nan 
-75.625, -74.125, 1.3935001736310388e-23, nan 
-75.375, -74.125, 1.8019260098623633e-23, nan 
-75.125, -74.125, 1.5137577478642104e-23, nan 
-74.875, -74.125, 1.5768518755885745e-23, nan 
-74.625, -74.125, 8.305152651545349e-24, nan 
-74.375, -74.125, 2.734393030814353e-23, nan 
-74.125, -74.125, 2.9803896651681166e-23, nan 
-73.875, -74.125, 2.428676721225911e-23, nan 
-73.625, -74.125, 3.6467719174358e-23, nan 
-73.375, -74.125, 4.455329698682086e-23, nan 
-73.125, -74.125, 4.266638849810976e-23, nan 
-72.875, -74.125, 2.8744144265153046e-23, nan 
-72.625, -74.125, 2.803071309921481e-23, nan 
-72.375, -74.125, 3.4607385224814946e-23, nan 
-72.125, -74.125, 2.129048576826193e-23, nan 
-71.875, -74.125, 1.0033037337979646e-23, nan 
-71.625, -74.125, 7.677046964543952e-24, nan 
-71.375, -74.125, 8.792149466198737e-24, nan 
-71.125, -74.125, 7.958502634633203e-24, nan 
-70.875, -74.125, 9.111856350862094e-24, nan 
-70.625, -74.125, 1.2314859589635863e-23, nan 
-70.375, -74.125, 1.496708191043303e-23, nan 
-70.125, -74.125, 2.410563275263314e-23, nan 
-69.875, -74.125, 2.1456789968166058e-23, nan 
-69.625, -74.125, 2.2661974966123298e-23, nan 
-69.375, -74.125, 2.581514229871289e-23, nan 
-69.125, -74.125, 2.0281827213146914e-23, nan 
-68.875, -74.125, 1.7559603370912467e-23, nan 
-68.625, -74.125, 7.932317690859266e-24, nan 
-68.375, -74.125, 1.6692073362749325e-23, nan 
-68.125, -74.125, 1.7605564748583687e-23, nan 
-67.875, -74.125, 1.2821784658521737e-23, nan 
-67.625, -74.125, 1.2311066975169039e-23, nan 
-67.375, -74.125, 1.407136643497248e-23, nan 
-67.125, -74.125, 6.319855120978667e-24, nan 
-66.875, -74.125, 3.833547236870996e-24, nan 
-66.625, -74.125, 1.0943447213052227e-23, nan 
-66.375, -74.125, 1.44821901604202e-23, nan 
-66.125, -74.125, 1.370016017419073e-23, nan 
-65.875, -74.125, 8.307937671829057e-24, nan 
-65.625, -74.125, 1.5044420607285052e-23, nan 
-65.375, -74.125, 1.494072897660457e-23, nan 
-65.125, -74.125, 6.16954320808229e-24, nan 
-64.875, -74.125, 9.92597797373267e-24, nan 
-64.625, -74.125, 1.0668924258851936e-23, nan 
-64.375, -74.125, 8.276506912336296e-24, nan 
-64.125, -74.125, 1.3059236404925146e-23, nan 
-63.875, -74.125, 1.5528272866043388e-23, nan 
-63.625, -74.125, 1.1039855907892406e-23, nan 
-63.375, -74.125, 6.247902934438337e-24, nan 
-63.125, -74.125, 4.904814265308769e-24, nan 
-62.875, -74.125, 3.8065565004990016e-24, nan 
-62.625, -74.125, 3.277200168238531e-24, nan 
-62.375, -74.125, 2.4836569820452208e-24, nan 
-62.125, -74.125, 3.462294688797147e-24, nan 
-61.875, -74.125, 3.9809297458567774e-24, nan 
-61.625, -74.125, 2.706939637283632e-24, nan 
-61.375, -74.125, 3.168318936021009e-24, nan 
-61.125, -74.125, 2.9699479842129207e-24, nan 
-60.875, -74.125, 1.4922791351132966e-24, nan 
-60.625, -74.125, 1.0497081387556738e-24, nan 
-60.375, -74.125, 9.726121828019512e-25, nan 
-60.125, -74.125, 1.6800475536688833e-24, nan 
-59.875, -74.125, 2.3410960836477123e-24, nan 
-59.625, -74.125, 2.62106335430492e-24, nan 
-59.375, -74.125, 3.5105013465800195e-24, nan 
-59.125, -74.125, 2.5914857287397887e-24, nan 
-58.875, -74.125, 3.0641486119902917e-24, nan 
-58.625, -74.125, 2.3920512081946105e-24, nan 
-58.375, -74.125, 2.4241350502157344e-24, nan 
-58.125, -74.125, 3.7186493221404656e-24, nan 
-57.875, -74.125, 4.247244561339665e-24, nan 
-57.625, -74.125, 4.482841535907958e-24, nan 
-57.375, -74.125, 5.543438632000393e-24, nan 
-57.125, -74.125, 7.746728437460942e-24, nan 
-56.875, -74.125, 1.0268973694515089e-23, nan 
-56.625, -74.125, 7.503058199083928e-24, nan 
-56.375, -74.125, 7.179344577869083e-24, nan 
-56.125, -74.125, 1.1868846366665266e-23, nan 
-55.875, -74.125, 9.010608969846337e-24, nan 
-55.625, -74.125, 4.772898872912467e-24, nan 
-55.375, -74.125, 5.778205118305367e-24, nan 
-55.125, -74.125, 9.162514137033373e-24, nan 
-54.875, -74.125, 7.75281533476725e-24, nan 
-54.625, -74.125, 7.275058416727786e-24, nan 
-54.375, -74.125, 9.480293480012253e-24, nan 
-54.125, -74.125, 8.677874322794934e-24, nan 
-53.875, -74.125, 7.30128821806974e-24, nan 
-53.625, -74.125, 6.749065755684281e-24, nan 
-53.375, -74.125, 7.437538337663583e-24, nan 
-53.125, -74.125, 8.126392844306904e-24, nan 
-52.875, -74.125, 5.698653725454574e-24, nan 
-52.625, -74.125, 7.29955537633233e-24, nan 
-52.375, -74.125, 7.521619875394729e-24, nan 
-52.125, -74.125, 5.901573430030112e-24, nan 
-51.875, -74.125, 4.919816799420721e-24, nan 
-51.625, -74.125, 4.7952185501944444e-24, nan 
-51.375, -74.125, 8.695169421189706e-24, nan 
-51.125, -74.125, 8.694718202154979e-24, nan 
-50.875, -74.125, 7.045799862123565e-24, nan 
-50.625, -74.125, 8.033127478538667e-24, nan 
-50.375, -74.125, 1.0230676174763841e-23, nan 
-50.125, -74.125, 9.534595504531251e-24, nan 
-49.875, -74.125, 8.981548422453669e-24, nan 
-49.625, -74.125, 1.229934320747724e-23, nan 
-49.375, -74.125, 6.79622477766638e-24, nan 
-49.125, -74.125, 4.5965825223985074e-24, nan 
-48.875, -74.125, 1.0369905286641787e-23, nan 
-48.625, -74.125, 1.31764753619038e-23, nan 
-48.375, -74.125, 1.3631200427026093e-23, nan 
-48.125, -74.125, 1.2600070454882599e-23, nan 
-47.875, -74.125, 1.5541139950385238e-23, nan 
-47.625, -74.125, 1.1514127627669272e-23, nan 
-47.375, -74.125, 1.2966472632457096e-23, nan 
-47.125, -74.125, 1.470211350802593e-23, nan 
-46.875, -74.125, 1.6247392474537124e-23, nan 
-46.625, -74.125, 1.4867005810779062e-23, nan 
-46.375, -74.125, 1.4539053578777104e-23, nan 
-46.125, -74.125, 1.8258305692225577e-23, nan 
-45.875, -74.125, 1.4042315276628942e-23, nan 
-45.625, -74.125, 2.46148910595512e-23, nan 
-45.375, -74.125, 5.502394000880085e-23, nan 
-45.125, -74.125, 1.452940606824123e-23, nan 
-44.875, -74.125, 5.605804977882648e-23, nan 
-44.625, -74.125, 1.288558991079044e-22, nan 
-44.375, -74.125, 6.032863529060518e-23, nan 
-44.125, -74.125, 5.390937374655135e-23, nan 
-43.875, -74.125, 9.885280258585491e-23, nan 
-43.625, -74.125, 6.916288921911369e-23, nan 
-43.375, -74.125, 4.541515851556583e-23, nan 
-43.125, -74.125, 3.1798185254665316e-23, nan 
-42.875, -74.125, 2.8293691047776515e-23, nan 
-42.625, -74.125, 2.3400476059185164e-23, nan 
-42.375, -74.125, 1.8781915321799416e-23, nan 
-42.125, -74.125, 1.3565830925762625e-23, nan 
-41.875, -74.125, 1.4938269750788502e-23, nan 
-41.625, -74.125, 9.473507996747193e-23, nan 
-41.375, -74.125, 1.1889887657439004e-22, nan 
-41.125, -74.125, 9.143295284440378e-23, nan 
-40.875, -74.125, 1.2322867210677974e-22, nan 
-40.625, -74.125, 1.4254566463380017e-22, nan 
-40.375, -74.125, 9.489683362438863e-23, nan 
-40.125, -74.125, 4.596761228005736e-23, nan 
-39.875, -74.125, 4.611845679429564e-23, nan 
-39.625, -74.125, 4.17338043982248e-23, nan 
-39.375, -74.125, 4.133379166992763e-23, nan 
-39.125, -74.125, 5.296811598031973e-23, nan 
-38.875, -74.125, 4.591603733848318e-23, nan 
-38.625, -74.125, 4.77284260713739e-23, nan 
-38.375, -74.125, 4.213708431892121e-23, nan 
-38.125, -74.125, 4.085916379196428e-23, nan 
-37.875, -74.125, 5.638549455965595e-23, nan 
-37.625, -74.125, 4.9531165465518124e-23, nan 
-37.375, -74.125, 5.409675705069784e-23, nan 
-37.125, -74.125, 5.61245934031903e-23, nan 
-36.875, -74.125, 5.326305417196628e-23, nan 
-36.625, -74.125, 4.832100801086692e-23, nan 
-36.375, -74.125, 3.7593176658414106e-23, nan 
-36.125, -74.125, 4.025520730275996e-23, nan 
-35.875, -74.125, 3.5562349016640536e-23, nan 
-35.625, -74.125, 3.781410201491993e-23, nan 
-35.375, -74.125, 2.7262443316575674e-23, nan 
-35.125, -74.125, 2.4887278387439134e-23, nan 
-34.875, -74.125, 3.575706157790621e-23, nan 
-34.625, -74.125, 2.5108500764015006e-23, nan 
-34.375, -74.125, 3.870705215591408e-23, nan 
-34.125, -74.125, 7.996184140023764e-23, nan 
-33.875, -74.125, 6.237680347216519e-23, nan 
-33.625, -74.125, 6.41611622630625e-23, nan 
-33.375, -74.125, 9.051809889376452e-23, nan 
-33.125, -74.125, 7.535677090902579e-23, nan 
-32.875, -74.125, 6.433163636039354e-23, nan 
-32.625, -74.125, 6.714987153780555e-23, nan 
-32.375, -74.125, 8.77767045532613e-23, nan 
-32.125, -74.125, 5.729593203593825e-23, nan 
-31.875, -74.125, 7.72867120982702e-23, nan 
-31.625, -74.125, 8.806305561242126e-23, nan 
-31.375, -74.125, 6.485805815621015e-23, nan 
-31.125, -74.125, 8.525552119934158e-23, nan 
-30.875, -74.125, 1.5291282291636377e-22, nan 
-30.625, -74.125, 2.7504662146097534e-22, nan 
-30.375, -74.125, 1.5231382503775375e-22, nan 
-30.125, -74.125, 1.7557245227993972e-22, nan 
-29.875, -74.125, 4.0100214827527264e-22, nan 
-29.625, -74.125, 2.4998506286348547e-22, nan 
-29.375, -74.125, 1.7905233332561583e-22, nan 
-29.125, -74.125, 2.4410696492275264e-22, nan 
-28.875, -74.125, 1.5385590299693437e-22, nan 
-28.625, -74.125, 8.481181011197783e-23, nan 
-28.375, -74.125, 8.315262396068438e-23, nan 
-28.125, -74.125, 6.432073378362433e-23, nan 
-27.875, -74.125, 4.8410685147733303e-23, nan 
-27.625, -74.125, 4.34139349944063e-23, nan 
-27.375, -74.125, 3.766739065791453e-23, nan 
-27.125, -74.125, 3.7736095661447106e-23, nan 
-26.875, -74.125, 3.832899690294296e-23, nan 
-26.625, -74.125, 9.139697935158197e-23, nan 
-26.375, -74.125, 1.781853873788349e-22, nan 
-26.125, -74.125, 1.4625863446239423e-22, nan 
-25.875, -74.125, 1.1563157769911636e-22, nan 
-25.625, -74.125, 1.0779919145882253e-22, nan 
-25.375, -74.125, 1.0896886677043642e-22, nan 
-25.125, -74.125, 1.3146586282100869e-22, nan 
-24.875, -74.125, 1.3930888460361673e-22, nan 
-24.625, -74.125, 4.186114148903367e-23, nan 
-24.375, -74.125, 2.1955304929472602e-23, nan 
-24.125, -74.125, 2.885303912269094e-23, nan 
-23.875, -74.125, 1.3298515599562577e-22, nan 
-23.625, -74.125, 2.2877059120336064e-22, nan 
-23.375, -74.125, 8.425149718343469e-23, nan 
-23.125, -74.125, 2.3281652719174128e-22, nan 
-22.875, -74.125, 3.7852909489552966e-22, nan 
-22.625, -74.125, 1.0211633128658252e-22, nan 
-22.375, -74.125, 2.232369694176156e-22, nan 
-22.125, -74.125, 2.8133927208274146e-22, nan 
-21.875, -74.125, 2.1563863652334066e-22, nan 
-21.625, -74.125, 1.9999519189184883e-22, nan 
-21.375, -74.125, 1.7236285530271615e-22, nan 
-21.125, -74.125, 2.895770870707565e-22, nan 
-20.875, -74.125, 1.6771905999375247e-22, nan 
-20.625, -74.125, 1.6628310305278034e-22, nan 
-20.375, -74.125, 3.904816751857539e-22, nan 
-20.125, -74.125, 3.8632918603439613e-23, nan 
-19.875, -74.125, 1.3894122819436778e-22, nan 
-19.625, -74.125, 2.4629577174286486e-22, nan 
-19.375, -74.125, 4.6028785411625723e-23, nan 
-19.125, -74.125, 1.927426503024453e-23, nan 
-18.875, -74.125, 2.6869917415621124e-23, nan 
-18.625, -74.125, 5.1745556374660416e-23, nan 
-18.375, -74.125, 6.355020380315908e-23, nan 
-18.125, -74.125, 9.083077377267743e-23, nan 
-17.875, -74.125, 8.457862423729481e-23, nan 
-17.625, -74.125, 1.0967548072693624e-22, nan 
-17.375, -74.125, 1.2339292383802099e-22, nan 
-17.125, -74.125, 1.6095631997425394e-22, nan 
-16.875, -74.125, 1.718908716287912e-22, nan 
-16.625, -74.125, 1.805053458371374e-22, nan 
-16.375, -74.125, 2.2157668661346666e-22, nan 
-16.125, -74.125, 2.272111197942093e-22, nan 
-15.875, -74.125, 2.1759609711127863e-22, nan 
-15.625, -74.125, 2.076541865166727e-22, nan 
-15.375, -74.125, 2.3149603069049407e-22, nan 
-15.125, -74.125, 2.0504878680613033e-22, nan 
-14.875, -74.125, 1.9892855958849071e-22, nan 
-14.625, -74.125, 2.0619636795385647e-22, nan 
-14.375, -74.125, 1.7313277704748146e-22, nan 
-14.125, -74.125, 1.857236839827106e-22, nan 
-13.875, -74.125, 1.9708696788445172e-22, nan 
-13.625, -74.125, 1.8444133807566145e-22, nan 
-13.375, -74.125, 1.1953686767166798e-22, nan 
-13.125, -74.125, 1.3454231669375523e-22, nan 
-12.875, -74.125, 7.227786755997461e-23, nan 
-12.625, -74.125, 9.945105882995605e-23, nan 
-12.375, -74.125, 1.3420727886502415e-22, nan 
-12.125, -74.125, 1.5426896558279182e-22, nan 
-11.875, -74.125, 2.0970642068327717e-22, nan 
-11.625, -74.125, 2.6923549638274535e-22, nan 
-11.375, -74.125, 1.6748949514267412e-22, nan 
-11.125, -74.125, 8.667048599033056e-23, nan 
-10.875, -74.125, 1.147674394187036e-22, nan 
-10.625, -74.125, 7.667788231388221e-23, nan 
-10.375, -74.125, 1.2063548872082643e-22, nan 
-10.125, -74.125, 1.8322939549087704e-22, nan 
-9.875, -74.125, 1.3827227199342479e-22, nan 
-9.625, -74.125, 1.956294310216375e-22, nan 
-9.375, -74.125, 2.4313891656730273e-22, nan 
-9.125, -74.125, 4.65941675002819e-22, nan 
-8.875, -74.125, 4.867256197766951e-22, nan 
-8.625, -74.125, 1.3229249491614926e-22, nan 
-8.375, -74.125, 3.06463700944228e-22, nan 
-8.125, -74.125, 3.8321934481064453e-22, nan 
-7.875, -74.125, 2.9349227509984123e-22, nan 
-7.625, -74.125, 7.1523109585361615e-22, nan 
-7.375, -74.125, 3.9275395578653777e-22, nan 
-7.125, -74.125, 3.176438950344199e-22, nan 
-6.875, -74.125, 1.1563427538609964e-21, nan 
-6.625, -74.125, 3.2675343732935084e-22, nan 
-6.375, -74.125, 6.500784702134592e-22, nan 
-6.125, -74.125, 8.874020234945908e-22, nan 
-5.875, -74.125, 5.686671817562037e-22, nan 
-5.625, -74.125, 9.274480131088573e-22, nan 
-5.375, -74.125, 9.25843183770333e-22, nan 
-5.125, -74.125, 1.4058696989426269e-21, nan 
-4.875, -74.125, 2.4106901690589063e-21, nan 
-4.625, -74.125, 2.6123534425671044e-21, nan 
-4.375, -74.125, 1.7534433376190185e-21, nan 
-4.125, -74.125, 1.9029687435795652e-21, nan 
-3.875, -74.125, 2.4352575385365403e-21, nan 
-3.625, -74.125, 1.9289607863429818e-21, nan 
-3.375, -74.125, 1.0816843449934603e-21, nan 
-3.125, -74.125, 1.4122181867505304e-21, nan 
-2.875, -74.125, 1.130172412096193e-21, nan 
-2.625, -74.125, 1.137640906491555e-22, nan 
-2.375, -74.125, 2.4946783699813796e-22, nan 
-2.125, -74.125, 2.2328526907464023e-22, nan 
-1.875, -74.125, 1.2927418491293168e-22, nan 
-1.625, -74.125, 7.49545985049727e-23, nan 
-1.375, -74.125, 8.286785043914899e-23, nan 
-1.125, -74.125, 1.170213065558042e-22, nan 
-0.875, -74.125, 1.0396195013059416e-22, nan 
-0.625, -74.125, 1.274935627590908e-22, nan 
-0.375, -74.125, 1.519936708662025e-22, nan 
-0.125, -74.125, 1.8346302542346854e-22, nan 
0.125, -74.125, 1.9497918299164635e-22, nan 
0.375, -74.125, 2.433847655871406e-22, nan 
0.625, -74.125, 4.552069972513817e-22, nan 
0.875, -74.125, 4.936174849452048e-22, nan 
1.125, -74.125, 6.785180740070605e-22, nan 
1.375, -74.125, 9.961446517839167e-22, nan 
1.625, -74.125, 1.4098968560004298e-21, nan 
1.875, -74.125, 1.2545561729017133e-21, nan 
2.125, -74.125, 1.4227841842768739e-21, nan 
2.375, -74.125, 1.4037789159085228e-21, nan 
2.625, -74.125, 1.1939450836217154e-21, nan 
2.875, -74.125, 1.706296718160778e-21, nan 
3.125, -74.125, 8.73241477108091e-22, nan 
3.375, -74.125, 2.014349763007217e-21, nan 
3.625, -74.125, 2.4173961998616636e-21, nan 
3.875, -74.125, 2.038613016409739e-21, nan 
4.125, -74.125, 2.4983892466168895e-21, nan 
4.375, -74.125, 3.4173649397198936e-21, nan 
4.625, -74.125, 3.029601233348556e-21, nan 
4.875, -74.125, 1.384189270411852e-21, nan 
5.125, -74.125, 2.0820103983488393e-21, nan 
5.375, -74.125, 1.831220873738557e-21, nan 
5.625, -74.125, 1.1305933285466508e-21, nan 
5.875, -74.125, 1.3928485499319978e-21, nan 
6.125, -74.125, 1.179779943926414e-21, nan 
6.375, -74.125, 7.922081472888865e-22, nan 
6.625, -74.125, 8.036307896054267e-22, nan 
6.875, -74.125, 8.682362301954123e-22, nan 
7.125, -74.125, 1.1561743929566965e-21, nan 
7.375, -74.125, 8.42771923933442e-22, nan 
7.625, -74.125, 4.508961473052335e-22, nan 
7.875, -74.125, 3.7474818215840754e-22, nan 
8.125, -74.125, 4.292618236692587e-22, nan 
8.375, -74.125, 3.378572041613857e-22, nan 
8.625, -74.125, 3.2721095250796017e-22, nan 
8.875, -74.125, 4.1128698484633876e-22, nan 
9.125, -74.125, 1.7097947130555643e-22, nan 
9.375, -74.125, 1.8768879484366828e-22, nan 
9.625, -74.125, 1.9578573932464101e-22, nan 
9.875, -74.125, 1.776840029186573e-22, nan 
10.125, -74.125, 1.4691902173197142e-22, nan 
10.375, -74.125, 1.6841452008394454e-22, nan 
10.625, -74.125, 1.939635517885169e-22, nan 
10.875, -74.125, 1.4039067075225355e-22, nan 
11.125, -74.125, 2.773188774269764e-22, nan 
11.375, -74.125, 2.5275209783151986e-22, nan 
11.625, -74.125, 2.473964221113019e-22, nan 
11.875, -74.125, 2.903963230495234e-22, nan 
12.125, -74.125, 2.640751739327389e-22, nan 
12.375, -74.125, 2.70605308964857e-22, nan 
12.625, -74.125, 2.1141408309794329e-22, nan 
12.875, -74.125, 1.493842833679955e-22, nan 
13.125, -74.125, 1.8826571818180642e-22, nan 
13.375, -74.125, 1.5153091268471604e-22, nan 
13.625, -74.125, 2.3041090877667506e-22, nan 
13.875, -74.125, 2.174008259804848e-22, nan 
-80.375, -73.875, 4.3126128275115165e-24, nan 
-80.125, -73.875, 4.3358240503741064e-24, nan 
-79.875, -73.875, 1.7965348383210647e-23, nan 
-79.625, -73.875, 3.711056190589848e-23, nan 
-79.375, -73.875, 4.23571369805574e-23, nan 
-79.125, -73.875, 2.3352042390527277e-23, nan 
-78.875, -73.875, 2.3585347711477353e-23, nan 
-78.625, -73.875, 2.9862829684380346e-23, nan 
-78.375, -73.875, 3.956925319653098e-23, nan 
-78.125, -73.875, 4.7521651303413546e-23, nan 
-77.875, -73.875, 4.7708978358511275e-23, nan 
-77.625, -73.875, 5.574903024504513e-23, nan 
-77.375, -73.875, 6.194302735340772e-23, nan 
-77.125, -73.875, 6.791313169098755e-23, nan 
-76.875, -73.875, 5.565336748738961e-23, nan 
-76.625, -73.875, 5.815546787271702e-23, nan 
-76.375, -73.875, 6.61601290590803e-23, nan 
-76.125, -73.875, 4.764549754473531e-23, nan 
-75.875, -73.875, 4.165619491480325e-23, nan 
-75.625, -73.875, 3.5415038437943684e-23, nan 
-75.375, -73.875, 3.458706328689566e-23, nan 
-75.125, -73.875, 3.2430974963575226e-23, nan 
-74.875, -73.875, 3.1351344362843025e-23, nan 
-74.625, -73.875, 2.380526728197638e-23, nan 
-74.375, -73.875, 1.3521462251638124e-23, nan 
-74.125, -73.875, 1.4964997616075348e-23, nan 
-73.875, -73.875, 8.443648873631387e-24, nan 
-73.625, -73.875, 2.1353674696276673e-23, nan 
-73.375, -73.875, 2.124852705281197e-23, nan 
-73.125, -73.875, 2.193377184310028e-23, nan 
-72.875, -73.875, 1.9147104611304524e-23, nan 
-72.625, -73.875, 2.370275980788e-23, nan 
-72.375, -73.875, 3.818069901579273e-23, nan 
-72.125, -73.875, 3.469824874210231e-23, nan 
-71.875, -73.875, 2.862249789155081e-23, nan 
-71.625, -73.875, 1.5010472757224917e-23, nan 
-71.375, -73.875, 1.407364813096727e-23, nan 
-71.125, -73.875, 1.515367949600938e-23, nan 
-70.875, -73.875, 1.404021197456827e-23, nan 
-70.625, -73.875, 1.365672524352684e-23, nan 
-70.375, -73.875, 2.400562469065991e-23, nan 
-70.125, -73.875, 2.1741194358121966e-23, nan 
-69.875, -73.875, 1.9001770513759116e-23, nan 
-69.625, -73.875, 2.4376500512503878e-23, nan 
-69.375, -73.875, 2.4380874421549958e-23, nan 
-69.125, -73.875, 2.6062455813764872e-23, nan 
-68.875, -73.875, 6.986992336880723e-24, nan 
-68.625, -73.875, 9.135099662217229e-24, nan 
-68.375, -73.875, 6.9176564747475e-24, nan 
-68.125, -73.875, 7.816134714473284e-24, nan 
-67.875, -73.875, 1.0867812269088705e-23, nan 
-67.625, -73.875, 1.5819412360262673e-23, nan 
-67.375, -73.875, 1.7669918132592107e-23, nan 
-67.125, -73.875, 1.5460242108019857e-23, nan 
-66.875, -73.875, 1.6260289502097608e-23, nan 
-66.625, -73.875, 1.5283227237918876e-23, nan 
-66.375, -73.875, 1.1921626039458764e-23, nan 
-66.125, -73.875, 1.248779913801406e-23, nan 
-65.875, -73.875, 6.030017520045952e-24, nan 
-65.625, -73.875, 4.730967935719132e-24, nan 
-65.375, -73.875, 8.703567591525402e-24, nan 
-65.125, -73.875, 7.44003914426065e-24, nan 
-64.875, -73.875, 1.046557516376704e-23, nan 
-64.625, -73.875, 8.943346311092036e-24, nan 
-64.375, -73.875, 8.697558534986749e-24, nan 
-64.125, -73.875, 9.952642416456568e-24, nan 
-63.875, -73.875, 8.992115764607247e-24, nan 
-63.625, -73.875, 5.510260309117671e-24, nan 
-63.375, -73.875, 2.2857034238426593e-24, nan 
-63.125, -73.875, 1.1508987122580743e-24, nan 
-62.875, -73.875, 2.4249070563317122e-24, nan 
-62.625, -73.875, 3.4700790370975975e-24, nan 
-62.375, -73.875, 2.3704411947304493e-24, nan 
-62.125, -73.875, 5.60030399945992e-24, nan 
-61.875, -73.875, 4.130401525924605e-24, nan 
-61.625, -73.875, 3.3560233335436115e-24, nan 
-61.375, -73.875, 4.202254122384308e-24, nan 
-61.125, -73.875, 4.131794185847787e-24, nan 
-60.875, -73.875, 4.175292305526831e-24, nan 
-60.625, -73.875, 3.658267440187867e-24, nan 
-60.375, -73.875, 4.353035931490084e-24, nan 
-60.125, -73.875, 5.5609386289790586e-24, nan 
-59.875, -73.875, 1.59526397095096e-24, nan 
-59.625, -73.875, 3.577035570381007e-24, nan 
-59.375, -73.875, 4.792787390599832e-24, nan 
-59.125, -73.875, 1.7233259011637034e-24, nan 
-58.875, -73.875, 3.2827448559520742e-24, nan 
-58.625, -73.875, 3.896795679232773e-24, nan 
-58.375, -73.875, 2.8950778789511533e-24, nan 
-58.125, -73.875, 2.967558449783065e-24, nan 
-57.875, -73.875, 3.4577824940809366e-24, nan 
-57.625, -73.875, 3.668586728327041e-24, nan 
-57.375, -73.875, 4.67859323840146e-24, nan 
-57.125, -73.875, 7.41128885755236e-24, nan 
-56.875, -73.875, 6.325605103098204e-24, nan 
-56.625, -73.875, 5.880260694316235e-24, nan 
-56.375, -73.875, 7.212432042389026e-24, nan 
-56.125, -73.875, 8.100774791951e-24, nan 
-55.875, -73.875, 6.279860949168295e-24, nan 
-55.625, -73.875, 7.507972445374417e-24, nan 
-55.375, -73.875, 5.878227672794657e-24, nan 
-55.125, -73.875, 4.449442824482081e-24, nan 
-54.875, -73.875, 6.753382943042753e-24, nan 
-54.625, -73.875, 9.689278272565573e-24, nan 
-54.375, -73.875, 1.2765340430691262e-23, nan 
-54.125, -73.875, 5.96110094674764e-24, nan 
-53.875, -73.875, 8.149727462455707e-24, nan 
-53.625, -73.875, 1.1805233318487125e-23, nan 
-53.375, -73.875, 5.474746959017181e-24, nan 
-53.125, -73.875, 7.169726234638858e-24, nan 
-52.875, -73.875, 6.439075124397839e-24, nan 
-52.625, -73.875, 3.66022189343638e-24, nan 
-52.375, -73.875, 3.0742613665998298e-24, nan 
-52.125, -73.875, 2.9916443006011192e-24, nan 
-51.875, -73.875, 3.592980666603142e-24, nan 
-51.625, -73.875, 2.791995718149826e-24, nan 
-51.375, -73.875, 3.977170069065168e-24, nan 
-51.125, -73.875, 6.635354227407469e-24, nan 
-50.875, -73.875, 5.477226384384228e-24, nan 
-50.625, -73.875, 4.9306918367220305e-24, nan 
-50.375, -73.875, 6.484931457822439e-24, nan 
-50.125, -73.875, 1.050347951051308e-23, nan 
-49.875, -73.875, 1.0834080844948094e-23, nan 
-49.625, -73.875, 9.393547235318688e-24, nan 
-49.375, -73.875, 1.4768078773662695e-23, nan 
-49.125, -73.875, 1.0013560574939268e-23, nan 
-48.875, -73.875, 4.346250238905149e-24, nan 
-48.625, -73.875, 2.156439504596811e-23, nan 
-48.375, -73.875, 2.15354296639318e-23, nan 
-48.125, -73.875, 1.2558414711724026e-23, nan 
-47.875, -73.875, 1.6181415219737914e-23, nan 
-47.625, -73.875, 1.4016681852045265e-23, nan 
-47.375, -73.875, 1.3032043913694417e-23, nan 
-47.125, -73.875, 1.5973126806892924e-23, nan 
-46.875, -73.875, 1.5422440230921677e-23, nan 
-46.625, -73.875, 1.4700841311891277e-23, nan 
-46.375, -73.875, 1.5786560386457602e-23, nan 
-46.125, -73.875, 2.0773603886429516e-23, nan 
-45.875, -73.875, 1.5803169759025086e-23, nan 
-45.625, -73.875, 1.345047775478936e-23, nan 
-45.375, -73.875, 3.932293125305043e-23, nan 
-45.125, -73.875, 1.9196050458947555e-23, nan 
-44.875, -73.875, 2.706949259302436e-23, nan 
-44.625, -73.875, 6.389335949603184e-23, nan 
-44.375, -73.875, 2.8574220128364247e-23, nan 
-44.125, -73.875, 3.192919317036206e-23, nan 
-43.875, -73.875, 4.844196071680045e-23, nan 
-43.625, -73.875, 7.470027690213684e-23, nan 
-43.375, -73.875, 6.62819170954565e-23, nan 
-43.125, -73.875, 4.193918026863489e-23, nan 
-42.875, -73.875, 5.348516171337041e-23, nan 
-42.625, -73.875, 4.549611821038491e-23, nan 
-42.375, -73.875, 3.133627955957877e-23, nan 
-42.125, -73.875, 4.9172570157028715e-23, nan 
-41.875, -73.875, 2.6437528814496135e-23, nan 
-41.625, -73.875, 3.863247032912791e-23, nan 
-41.375, -73.875, 7.529172415984129e-23, nan 
-41.125, -73.875, 4.3517583299541575e-23, nan 
-40.875, -73.875, 4.846169903028862e-23, nan 
-40.625, -73.875, 6.878373489501506e-23, nan 
-40.375, -73.875, 4.848062338237871e-23, nan 
-40.125, -73.875, 3.9806115803328765e-23, nan 
-39.875, -73.875, 6.373731323510694e-23, nan 
-39.625, -73.875, 6.002679601656664e-23, nan 
-39.375, -73.875, 3.668802583783775e-23, nan 
-39.125, -73.875, 4.036137994226769e-23, nan 
-38.875, -73.875, 3.992846064504243e-23, nan 
-38.625, -73.875, 2.594987029850732e-23, nan 
-38.375, -73.875, 3.297908305300469e-23, nan 
-38.125, -73.875, 4.3557626450071246e-23, nan 
-37.875, -73.875, 4.524259743340667e-23, nan 
-37.625, -73.875, 5.251842539730173e-23, nan 
-37.375, -73.875, 5.921781692708935e-23, nan 
-37.125, -73.875, 6.118135002041054e-23, nan 
-36.875, -73.875, 5.683455231802718e-23, nan 
-36.625, -73.875, 5.805306136165944e-23, nan 
-36.375, -73.875, 5.426024200578481e-23, nan 
-36.125, -73.875, 4.7423596205599905e-23, nan 
-35.875, -73.875, 4.740520244736402e-23, nan 
-35.625, -73.875, 4.494149160785953e-23, nan 
-35.375, -73.875, 3.496178353618081e-23, nan 
-35.125, -73.875, 2.6848855669379336e-23, nan 
-34.875, -73.875, 2.5948637982977752e-23, nan 
-34.625, -73.875, 2.816439026848428e-23, nan 
-34.375, -73.875, 5.634951763055805e-23, nan 
-34.125, -73.875, 6.906772538090309e-23, nan 
-33.875, -73.875, 4.996146873192966e-23, nan 
-33.625, -73.875, 5.827779960784138e-23, nan 
-33.375, -73.875, 7.27768623056501e-23, nan 
-33.125, -73.875, 5.083012777948748e-23, nan 
-32.875, -73.875, 7.653993126153738e-23, nan 
-32.625, -73.875, 1.1653647009121387e-22, nan 
-32.375, -73.875, 8.830273360393422e-23, nan 
-32.125, -73.875, 1.0380601716142788e-22, nan 
-31.875, -73.875, 1.340190743405698e-22, nan 
-31.625, -73.875, 1.2032812520925926e-22, nan 
-31.375, -73.875, 1.020180695119751e-22, nan 
-31.125, -73.875, 1.0451194214427306e-22, nan 
-30.875, -73.875, 1.2843335873230183e-22, nan 
-30.625, -73.875, 1.3541621606502037e-22, nan 
-30.375, -73.875, 1.137714538762345e-22, nan 
-30.125, -73.875, 4.993050265669981e-23, nan 
-29.875, -73.875, 1.2933821920907472e-22, nan 
-29.625, -73.875, 1.7895539121177071e-22, nan 
-29.375, -73.875, 1.543164303115372e-22, nan 
-29.125, -73.875, 2.246352136382656e-22, nan 
-28.875, -73.875, 1.8878550186610985e-22, nan 
-28.625, -73.875, 1.904138202025678e-22, nan 
-28.375, -73.875, 1.9649133461872268e-22, nan 
-28.125, -73.875, 1.1445235315516487e-22, nan 
-27.875, -73.875, 6.275843533196993e-23, nan 
-27.625, -73.875, 9.699548909852916e-23, nan 
-27.375, -73.875, 1.3212826437445847e-22, nan 
-27.125, -73.875, 1.9091575039400046e-22, nan 
-26.875, -73.875, 1.2232365974118865e-22, nan 
-26.625, -73.875, 1.5636439208894686e-22, nan 
-26.375, -73.875, 3.5041312074622283e-22, nan 
-26.125, -73.875, 2.7121976729337415e-22, nan 
-25.875, -73.875, 2.0298764380365109e-22, nan 
-25.625, -73.875, 2.9740462023916974e-22, nan 
-25.375, -73.875, 1.8314727504449118e-22, nan 
-25.125, -73.875, 2.1075544075422264e-22, nan 
-24.875, -73.875, 3.000985095684348e-22, nan 
-24.625, -73.875, 9.156740774524736e-23, nan 
-24.375, -73.875, 1.0340279058099776e-22, nan 
-24.125, -73.875, 2.0412700514413173e-22, nan 
-23.875, -73.875, 1.066295231454166e-22, nan 
-23.625, -73.875, 5.81344736494222e-23, nan 
-23.375, -73.875, 1.7307978244894903e-22, nan 
-23.125, -73.875, 3.024942008599215e-22, nan 
-22.875, -73.875, 3.6251679226286773e-22, nan 
-22.625, -73.875, 2.574413555770939e-22, nan 
-22.375, -73.875, 4.28436862217678e-22, nan 
-22.125, -73.875, 4.448961694416441e-22, nan 
-21.875, -73.875, 3.7806861070448166e-22, nan 
-21.625, -73.875, 2.8668689772292984e-22, nan 
-21.375, -73.875, 2.8443908515908904e-22, nan 
-21.125, -73.875, 3.2185640553430846e-22, nan 
-20.875, -73.875, 3.5818492749423526e-22, nan 
-20.625, -73.875, 2.3803531977722263e-22, nan 
-20.375, -73.875, 2.8315884359572575e-22, nan 
-20.125, -73.875, 2.4100509426489803e-22, nan 
-19.875, -73.875, 5.113428562765672e-23, nan 
-19.625, -73.875, 7.286193682673295e-23, nan 
-19.375, -73.875, 5.000256833937789e-23, nan 
-19.125, -73.875, 5.1490599061567677e-23, nan 
-18.875, -73.875, 8.115459096391986e-23, nan 
-18.625, -73.875, 5.716824343556672e-23, nan 
-18.375, -73.875, 5.803812048007013e-23, nan 
-18.125, -73.875, 1.0574929327359968e-22, nan 
-17.875, -73.875, 1.2212566777121024e-22, nan 
-17.625, -73.875, 1.1149345480041896e-22, nan 
-17.375, -73.875, 1.223033175250896e-22, nan 
-17.125, -73.875, 2.001465789422853e-22, nan 
-16.875, -73.875, 1.8117164467295246e-22, nan 
-16.625, -73.875, 2.723661185057424e-22, nan 
-16.375, -73.875, 2.883571444202434e-22, nan 
-16.125, -73.875, 2.9638773656571695e-22, nan 
-15.875, -73.875, 2.29436789468541e-22, nan 
-15.625, -73.875, 2.218614448164096e-22, nan 
-15.375, -73.875, 1.9654872186185465e-22, nan 
-15.125, -73.875, 1.861576854494908e-22, nan 
-14.875, -73.875, 2.1009595668060985e-22, nan 
-14.625, -73.875, 1.4497048428686971e-22, nan 
-14.375, -73.875, 1.9465284566917298e-22, nan 
-14.125, -73.875, 2.4561744123162706e-22, nan 
-13.875, -73.875, 2.131325455259285e-22, nan 
-13.625, -73.875, 1.4839686818989112e-22, nan 
-13.375, -73.875, 6.044852688828574e-22, nan 
-13.125, -73.875, 6.702332248934486e-22, nan 
-12.875, -73.875, 1.9989002852741265e-22, nan 
-12.625, -73.875, 7.338344529198399e-22, nan 
-12.375, -73.875, 4.684622138604947e-22, nan 
-12.125, -73.875, 1.973640531220493e-22, nan 
-11.875, -73.875, 1.2892499620095498e-22, nan 
-11.625, -73.875, 1.2764116341737283e-22, nan 
-11.375, -73.875, 8.960924511411991e-23, nan 
-11.125, -73.875, 5.917623407456773e-23, nan 
-10.875, -73.875, 7.834589780647724e-23, nan 
-10.625, -73.875, 1.2537514023758914e-22, nan 
-10.375, -73.875, 2.1015242221259672e-22, nan 
-10.125, -73.875, 2.916672761598943e-22, nan 
-9.875, -73.875, 9.014452288137464e-22, nan 
-9.625, -73.875, 9.233471180362707e-22, nan 
-9.375, -73.875, 3.3169127446505674e-22, nan 
-9.125, -73.875, 1.4615281903923797e-21, nan 
-8.875, -73.875, 1.7971281963458357e-21, nan 
-8.625, -73.875, 6.599247919149772e-22, nan 
-8.375, -73.875, 9.85321751879227e-22, nan 
-8.125, -73.875, 1.1693294739679903e-21, nan 
-7.875, -73.875, 6.472394036650557e-22, nan 
-7.625, -73.875, 9.527420867562552e-22, nan 
-7.375, -73.875, 5.717907842594081e-22, nan 
-7.125, -73.875, 9.831072642381934e-22, nan 
-6.875, -73.875, 1.1403493308362705e-21, nan 
-6.625, -73.875, 7.190691013010077e-22, nan 
-6.375, -73.875, 1.611626589510011e-21, nan 
-6.125, -73.875, 6.275479491933649e-22, nan 
-5.875, -73.875, 2.377968185261591e-21, nan 
-5.625, -73.875, 3.676179417285469e-21, nan 
-5.375, -73.875, 2.6768132795483613e-21, nan 
-5.125, -73.875, 2.6565974508805384e-21, nan 
-4.875, -73.875, 5.128792804315081e-21, nan 
-4.625, -73.875, 4.8526673584312625e-21, nan 
-4.375, -73.875, 2.821741210751821e-21, nan 
-4.125, -73.875, 2.6283498251351883e-21, nan 
-3.875, -73.875, 2.7955772300760657e-21, nan 
-3.625, -73.875, 2.151436637722657e-21, nan 
-3.375, -73.875, 1.5806826914096795e-22, nan 
-3.125, -73.875, 3.4815823635816716e-22, nan 
-2.875, -73.875, 2.5366500516715536e-22, nan 
-2.625, -73.875, 1.2829060420922283e-22, nan 
-2.375, -73.875, 2.0557211127106424e-22, nan 
-2.125, -73.875, 2.69135775215713e-22, nan 
-1.875, -73.875, 1.9145732714705196e-22, nan 
-1.625, -73.875, 2.598373189646617e-22, nan 
-1.375, -73.875, 3.041172764749003e-22, nan 
-1.125, -73.875, 2.6727720748053295e-22, nan 
-0.875, -73.875, 2.4006459558129053e-22, nan 
-0.625, -73.875, 2.1497117142579895e-22, nan 
-0.375, -73.875, 2.4935603148402124e-22, nan 
-0.125, -73.875, 2.377850721739224e-22, nan 
0.125, -73.875, 2.350096441664942e-22, nan 
0.375, -73.875, 2.706754235941328e-22, nan 
0.625, -73.875, 2.9333832528079666e-22, nan 
0.875, -73.875, 3.8689736770971615e-22, nan 
1.125, -73.875, 4.64208149083186e-22, nan 
1.375, -73.875, 5.366149224084184e-22, nan 
1.625, -73.875, 6.023169167457698e-22, nan 
1.875, -73.875, 7.7271279039880285e-22, nan 
2.125, -73.875, 1.2550206516123341e-21, nan 
2.375, -73.875, 2.1401191449093303e-21, nan 
2.625, -73.875, 2.1091570654798048e-21, nan 
2.875, -73.875, 1.7799691904015093e-21, nan 
3.125, -73.875, 2.0936684291316513e-21, nan 
3.375, -73.875, 2.44166901485233e-21, nan 
3.625, -73.875, 9.767953152835205e-22, nan 
3.875, -73.875, 9.989349572705705e-22, nan 
4.125, -73.875, 1.9200539650840138e-21, nan 
4.375, -73.875, 2.039067851463874e-21, nan 
4.625, -73.875, 2.019946658501288e-21, nan 
4.875, -73.875, 1.666941048223575e-21, nan 
5.125, -73.875, 1.2299043175648058e-21, nan 
5.375, -73.875, 1.484601854333805e-21, nan 
5.625, -73.875, 1.7504360058974337e-21, nan 
5.875, -73.875, 2.113010285668983e-21, nan 
6.125, -73.875, 1.540098765668176e-21, nan 
6.375, -73.875, 1.1261466620686482e-21, nan 
6.625, -73.875, 1.5440834239130236e-21, nan 
6.875, -73.875, 1.5641572587563288e-21, nan 
7.125, -73.875, 1.6565450418168399e-21, nan 
7.375, -73.875, 1.251945615129865e-21, nan 
7.625, -73.875, 1.1299019693388737e-21, nan 
7.875, -73.875, 1.3542153784192584e-21, nan 
8.125, -73.875, 9.974358882340593e-22, nan 
8.375, -73.875, 4.006732803506694e-22, nan 
8.625, -73.875, 2.503002492414979e-22, nan 
8.875, -73.875, 2.380655726449965e-22, nan 
9.125, -73.875, 2.3682090278646828e-22, nan 
9.375, -73.875, 2.4401212080623663e-22, nan 
9.625, -73.875, 1.5272999667426589e-22, nan 
9.875, -73.875, 1.4455694183077267e-22, nan 
10.125, -73.875, 1.9908968100259916e-22, nan 
10.375, -73.875, 1.1963263855492881e-22, nan 
10.625, -73.875, 2.2111079936072056e-22, nan 
10.875, -73.875, 2.627879997810895e-22, nan 
11.125, -73.875, 3.735129572370258e-22, nan 
11.375, -73.875, 5.995564141164899e-22, nan 
11.625, -73.875, 4.428296084171424e-22, nan 
11.875, -73.875, 3.8984845845134854e-22, nan 
12.125, -73.875, 4.482209330894865e-22, nan 
12.375, -73.875, 3.4933338499790055e-22, nan 
12.625, -73.875, 3.035378481876633e-22, nan 
12.875, -73.875, 3.118595075952062e-22, nan 
13.125, -73.875, 2.4487586114067356e-22, nan 
13.375, -73.875, 1.9122748616466123e-22, nan 
13.625, -73.875, 1.7885207617471465e-22, nan 
13.875, -73.875, 1.6795151842285226e-22, nan 
-78.875, -73.625, 6.157930253200628e-23, nan 
-78.625, -73.625, 5.231167964517533e-23, nan 
-78.375, -73.625, 5.423756693330762e-23, nan 
-78.125, -73.625, 6.153815823349317e-23, nan 
-77.875, -73.625, 5.844709247333242e-23, nan 
-77.625, -73.625, 6.160410639850501e-23, nan 
-77.375, -73.625, 6.707151591156254e-23, nan 
-77.125, -73.625, 7.032840466007676e-23, nan 
-76.875, -73.625, 6.615473713307352e-23, nan 
-76.625, -73.625, 7.149619212984118e-23, nan 
-76.375, -73.625, 7.79812273030947e-23, nan 
-76.125, -73.625, 6.543340561830631e-23, nan 
-75.875, -73.625, 6.391187628544701e-23, nan 
-75.625, -73.625, 6.1842462026579e-23, nan 
-75.375, -73.625, 5.467116107145297e-23, nan 
-75.125, -73.625, 5.127567610092912e-23, nan 
-74.875, -73.625, 5.117751795896519e-23, nan 
-74.625, -73.625, 3.2640995889388936e-23, nan 
-74.375, -73.625, 2.5675530252086985e-23, nan 
-74.125, -73.625, 4.86878704376728e-23, nan 
-73.875, -73.625, 2.740572529934163e-23, nan 
-73.625, -73.625, 9.830643480268261e-24, nan 
-73.375, -73.625, 2.338309683456624e-23, nan 
-73.125, -73.625, 2.705737582688955e-23, nan 
-72.875, -73.625, 2.5213616649999256e-23, nan 
-72.625, -73.625, 2.9333485482684586e-23, nan 
-72.375, -73.625, 5.644808349846846e-23, nan 
-72.125, -73.625, 5.500899605124418e-23, nan 
-71.875, -73.625, 3.524901981725343e-23, nan 
-71.625, -73.625, 4.2335604028712113e-23, nan 
-71.375, -73.625, 4.064096653234968e-23, nan 
-71.125, -73.625, 2.266907587095754e-23, nan 
-70.875, -73.625, 1.831451588154385e-23, nan 
-70.625, -73.625, 3.337251782632116e-23, nan 
-70.375, -73.625, 4.0013484747649153e-23, nan 
-70.125, -73.625, 2.911464418951399e-23, nan 
-69.875, -73.625, 3.581681245133886e-23, nan 
-69.625, -73.625, 2.6747975822016396e-23, nan 
-69.375, -73.625, 3.927334241489576e-23, nan 
-69.125, -73.625, 5.575605966879854e-23, nan 
-68.875, -73.625, 1.8315785567067162e-23, nan 
-68.625, -73.625, 2.1636908699566085e-23, nan 
-68.375, -73.625, 2.7964486994594455e-23, nan 
-68.125, -73.625, 1.8831529594646356e-23, nan 
-67.875, -73.625, 2.1526905666623438e-23, nan 
-67.625, -73.625, 2.3679090401407732e-23, nan 
-67.375, -73.625, 2.0239490593729255e-23, nan 
-67.125, -73.625, 2.199950723714952e-23, nan 
-66.875, -73.625, 2.1272954168053373e-23, nan 
-66.625, -73.625, 1.5153942786261984e-23, nan 
-66.375, -73.625, 7.166007816871336e-24, nan 
-66.125, -73.625, 4.546083653456134e-24, nan 
-65.875, -73.625, 7.185681987607142e-24, nan 
-65.625, -73.625, 1.1347105801302383e-23, nan 
-65.375, -73.625, 8.724389534293302e-24, nan 
-65.125, -73.625, 1.0991534101920536e-23, nan 
-64.875, -73.625, 1.0216926429760194e-23, nan 
-64.625, -73.625, 8.170893577563654e-24, nan 
-64.375, -73.625, 1.125179700726677e-23, nan 
-64.125, -73.625, 4.820701741553323e-24, nan 
-63.875, -73.625, 3.473754067589943e-24, nan 
-63.625, -73.625, 5.757486215532579e-24, nan 
-63.375, -73.625, 3.2938031312952888e-24, nan 
-63.125, -73.625, 3.1589091127230877e-24, nan 
-62.875, -73.625, 4.913078341851562e-24, nan 
-62.625, -73.625, 4.003390300885747e-24, nan 
-62.375, -73.625, 4.2418437567457174e-24, nan 
-62.125, -73.625, 4.961639165984009e-24, nan 
-61.875, -73.625, 4.541747296683805e-24, nan 
-61.625, -73.625, 3.672023793961761e-24, nan 
-61.375, -73.625, 3.2017622700557637e-24, nan 
-61.125, -73.625, 4.420425414818683e-24, nan 
-60.875, -73.625, 3.403797377369793e-24, nan 
-60.625, -73.625, 5.218871548658093e-24, nan 
-60.375, -73.625, 4.921414925359224e-24, nan 
-60.125, -73.625, 5.347489094072501e-24, nan 
-59.875, -73.625, 3.4347268907552975e-24, nan 
-59.625, -73.625, 3.2023882225973554e-24, nan 
-59.375, -73.625, 4.21974791771477e-24, nan 
-59.125, -73.625, 2.7994437827249864e-24, nan 
-58.875, -73.625, 2.549448626303506e-24, nan 
-58.625, -73.625, 3.2398052058320035e-24, nan 
-58.375, -73.625, 4.0705389982561925e-24, nan 
-58.125, -73.625, 4.1341522903563974e-24, nan 
-57.875, -73.625, 3.9079353372573934e-24, nan 
-57.625, -73.625, 4.969454135796363e-24, nan 
-57.375, -73.625, 6.0028473196996756e-24, nan 
-57.125, -73.625, 8.321217969642179e-24, nan 
-56.875, -73.625, 8.915311054769447e-24, nan 
-56.625, -73.625, 8.363432789187458e-24, nan 
-56.375, -73.625, 1.0054988024777942e-23, nan 
-56.125, -73.625, 1.0175215680082366e-23, nan 
-55.875, -73.625, 9.961297293897159e-24, nan 
-55.625, -73.625, 1.0133227370514645e-23, nan 
-55.375, -73.625, 8.28888225922993e-24, nan 
-55.125, -73.625, 9.926093740233242e-24, nan 
-54.875, -73.625, 1.0279782131092567e-23, nan 
-54.625, -73.625, 1.0447253622471447e-23, nan 
-54.375, -73.625, 7.019534984869453e-24, nan 
-54.125, -73.625, 5.577416924872324e-24, nan 
-53.875, -73.625, 6.061221855052761e-24, nan 
-53.625, -73.625, 1.1185177512059415e-23, nan 
-53.375, -73.625, 5.601094251420086e-24, nan 
-53.125, -73.625, 6.715928888180533e-24, nan 
-52.875, -73.625, 8.971347692576301e-24, nan 
-52.625, -73.625, 3.5336042255469226e-24, nan 
-52.375, -73.625, 3.029959438470929e-24, nan 
-52.125, -73.625, 3.015531038240718e-24, nan 
-51.875, -73.625, 3.9736843351388425e-24, nan 
-51.625, -73.625, 2.005952623061679e-24, nan 
-51.375, -73.625, 5.060834845761217e-24, nan 
-51.125, -73.625, 7.881424276923325e-24, nan 
-50.875, -73.625, 4.2979970871730315e-24, nan 
-50.625, -73.625, 6.930431658885011e-24, nan 
-50.375, -73.625, 7.410248612907946e-24, nan 
-50.125, -73.625, 1.12522685007748e-23, nan 
-49.875, -73.625, 1.96386067201845e-23, nan 
-49.625, -73.625, 1.2036757830655657e-23, nan 
-49.375, -73.625, 2.6116812788925217e-23, nan 
-49.125, -73.625, 2.1679646531362085e-23, nan 
-48.875, -73.625, 1.5795207146687552e-23, nan 
-48.625, -73.625, 2.3257243316216395e-23, nan 
-48.375, -73.625, 1.1821998955896732e-23, nan 
-48.125, -73.625, 7.994913675773028e-24, nan 
-47.875, -73.625, 1.6624358559599943e-23, nan 
-47.625, -73.625, 1.0032103003029083e-23, nan 
-47.375, -73.625, 5.729407058192627e-24, nan 
-47.125, -73.625, 8.124286761983954e-24, nan 
-46.875, -73.625, 8.450073363936656e-24, nan 
-46.625, -73.625, 6.662230265805961e-24, nan 
-46.375, -73.625, 1.063816733992318e-23, nan 
-46.125, -73.625, 1.1961469818171306e-23, nan 
-45.875, -73.625, 1.6042915240300754e-23, nan 
-45.625, -73.625, 6.547396619925684e-24, nan 
-45.375, -73.625, 1.2964941711994039e-23, nan 
-45.125, -73.625, 1.8772490905467338e-23, nan 
-44.875, -73.625, 1.0519752875444044e-23, nan 
-44.625, -73.625, 4.220609417457428e-23, nan 
-44.375, -73.625, 2.474152386279535e-23, nan 
-44.125, -73.625, 2.0571450311815353e-23, nan 
-43.875, -73.625, 2.539778063598029e-23, nan 
-43.625, -73.625, 4.098635668044449e-23, nan 
-43.375, -73.625, 3.330118982081597e-23, nan 
-43.125, -73.625, 1.8367456345454234e-23, nan 
-42.875, -73.625, 1.592791644164155e-23, nan 
-42.625, -73.625, 1.763458818607149e-23, nan 
-42.375, -73.625, 1.363869445590904e-23, nan 
-42.125, -73.625, 7.86524257658286e-24, nan 
-41.875, -73.625, 6.993480745552484e-24, nan 
-41.625, -73.625, 1.4319561064869548e-23, nan 
-41.375, -73.625, 3.371694820730126e-23, nan 
-41.125, -73.625, 3.0389421462826654e-23, nan 
-40.875, -73.625, 3.926498476403518e-23, nan 
-40.625, -73.625, 2.4642036566986588e-23, nan 
-40.375, -73.625, 3.450073810419019e-23, nan 
-40.125, -73.625, 4.4897288369674867e-23, nan 
-39.875, -73.625, 4.7786292975028065e-23, nan 
-39.625, -73.625, 4.581049636192403e-23, nan 
-39.375, -73.625, 3.452783202015183e-23, nan 
-39.125, -73.625, 2.4778139092165527e-23, nan 
-38.875, -73.625, 1.8372946176833716e-23, nan 
-38.625, -73.625, 2.749886770622217e-23, nan 
-38.375, -73.625, 4.372569381525076e-23, nan 
-38.125, -73.625, 4.1191292780281e-23, nan 
-37.875, -73.625, 4.485737877663079e-23, nan 
-37.625, -73.625, 4.7731449426316174e-23, nan 
-37.375, -73.625, 5.1251383881170596e-23, nan 
-37.125, -73.625, 5.78331534203097e-23, nan 
-36.875, -73.625, 5.502172731056703e-23, nan 
-36.625, -73.625, 6.218197742892236e-23, nan 
-36.375, -73.625, 5.671083249014182e-23, nan 
-36.125, -73.625, 6.244430331845817e-23, nan 
-35.875, -73.625, 6.783762281390592e-23, nan 
-35.625, -73.625, 5.241674208642156e-23, nan 
-35.375, -73.625, 5.895872062147915e-23, nan 
-35.125, -73.625, 5.949487347258533e-23, nan 
-34.875, -73.625, 6.759998365316402e-23, nan 
-34.625, -73.625, 6.452159147884048e-23, nan 
-34.375, -73.625, 6.432303671919963e-23, nan 
-34.125, -73.625, 6.793230025824191e-23, nan 
-33.875, -73.625, 5.199676553531764e-23, nan 
-33.625, -73.625, 3.87283607112977e-23, nan 
-33.375, -73.625, 3.993073568356645e-23, nan 
-33.125, -73.625, 6.028933288316757e-23, nan 
-32.875, -73.625, 4.397161452680526e-23, nan 
-32.625, -73.625, 7.489446295535006e-23, nan 
-32.375, -73.625, 1.490159524872928e-22, nan 
-32.125, -73.625, 1.5404241155246453e-22, nan 
-31.875, -73.625, 1.3954172224412408e-22, nan 
-31.625, -73.625, 1.8788368033819242e-22, nan 
-31.375, -73.625, 1.9357958614303723e-22, nan 
-31.125, -73.625, 1.6025954142591217e-22, nan 
-30.875, -73.625, 1.5435075671608646e-22, nan 
-30.625, -73.625, 1.4911681550361762e-22, nan 
-30.375, -73.625, 1.5530854232486294e-22, nan 
-30.125, -73.625, 1.6628708441963556e-22, nan 
-29.875, -73.625, 2.422370923625786e-22, nan 
-29.625, -73.625, 2.3150955844436095e-22, nan 
-29.375, -73.625, 2.4656989726881965e-22, nan 
-29.125, -73.625, 2.83964280561173e-22, nan 
-28.875, -73.625, 2.3423808516662396e-22, nan 
-28.625, -73.625, 3.280198618658792e-22, nan 
-28.375, -73.625, 1.8400744538292952e-22, nan 
-28.125, -73.625, 1.0816675749248926e-22, nan 
-27.875, -73.625, 1.9450738069418184e-22, nan 
-27.625, -73.625, 1.9740468888424018e-22, nan 
-27.375, -73.625, 1.8237131261476202e-22, nan 
-27.125, -73.625, 1.56856017050773e-22, nan 
-26.875, -73.625, 1.632952784473325e-22, nan 
-26.625, -73.625, 1.6611647929463394e-22, nan 
-26.375, -73.625, 1.7694791161857465e-22, nan 
-26.125, -73.625, 1.3583705360283889e-22, nan 
-25.875, -73.625, 1.401685082102422e-22, nan 
-25.625, -73.625, 9.060869766741697e-23, nan 
-25.375, -73.625, 3.9957808286766507e-23, nan 
-25.125, -73.625, 1.5162220672298948e-22, nan 
-24.875, -73.625, 1.420969986559624e-22, nan 
-24.625, -73.625, 4.7726794414766357e-23, nan 
-24.375, -73.625, 8.920646274265381e-23, nan 
-24.125, -73.625, 1.2577781806572193e-22, nan 
-23.875, -73.625, 1.141580437511293e-22, nan 
-23.625, -73.625, 1.2170001723261289e-22, nan 
-23.375, -73.625, 9.343916114298161e-23, nan 
-23.125, -73.625, 1.0043646067771899e-22, nan 
-22.875, -73.625, 1.3930778630136824e-22, nan 
-22.625, -73.625, 1.6527917872746388e-22, nan 
-22.375, -73.625, 2.731737026263466e-22, nan 
-22.125, -73.625, 2.688961375067814e-22, nan 
-21.875, -73.625, 2.9490371920010623e-22, nan 
-21.625, -73.625, 2.8801614095298184e-22, nan 
-21.375, -73.625, 2.565644316578898e-22, nan 
-21.125, -73.625, 2.403142756975056e-22, nan 
-20.875, -73.625, 2.8399146211074885e-22, nan 
-20.625, -73.625, 8.153255652653913e-23, nan 
-20.375, -73.625, 6.517413450589067e-23, nan 
-20.125, -73.625, 9.194316837881347e-23, nan 
-19.875, -73.625, 1.2535607314728323e-22, nan 
-19.625, -73.625, 9.516472466852677e-23, nan 
-19.375, -73.625, 7.048184125077203e-23, nan 
-19.125, -73.625, 7.328456832218852e-23, nan 
-18.875, -73.625, 6.716190018630812e-23, nan 
-18.625, -73.625, 1.560170633470161e-23, nan 
-18.375, -73.625, 2.9535793452878207e-23, nan 
-18.125, -73.625, 8.577129826716658e-23, nan 
-17.875, -73.625, 8.278320228239563e-23, nan 
-17.625, -73.625, 1.2119193121426224e-22, nan 
-17.375, -73.625, 3.7463949406876424e-22, nan 
-17.125, -73.625, 3.676303255416699e-22, nan 
-16.875, -73.625, 4.438194731356638e-22, nan 
-16.625, -73.625, 4.0588456292200375e-22, nan 
-16.375, -73.625, 2.9244208830804403e-22, nan 
-16.125, -73.625, 5.581604946279049e-22, nan 
-15.875, -73.625, 6.82769351024253e-22, nan 
-15.625, -73.625, 1.937010328925331e-22, nan 
-15.375, -73.625, 2.4094881009742864e-22, nan 
-15.125, -73.625, 2.8468907505713615e-22, nan 
-14.875, -73.625, 2.8591888491536354e-22, nan 
-14.625, -73.625, 3.1709819659320914e-22, nan 
-14.375, -73.625, 3.3762146659452193e-22, nan 
-14.125, -73.625, 1.0850029001742974e-21, nan 
-13.875, -73.625, 1.118208346516547e-21, nan 
-13.625, -73.625, 7.274119308878175e-22, nan 
-13.375, -73.625, 1.4572380684020197e-21, nan 
-13.125, -73.625, 1.5809745486082301e-21, nan 
-12.875, -73.625, 8.489896591958978e-22, nan 
-12.625, -73.625, 1.4923411976913396e-21, nan 
-12.375, -73.625, 1.1444252300348101e-21, nan 
-12.125, -73.625, 4.885235286636662e-22, nan 
-11.875, -73.625, 1.2479051642630128e-21, nan 
-11.625, -73.625, 9.220479259334031e-22, nan 
-11.375, -73.625, 4.050339865564716e-22, nan 
-11.125, -73.625, 1.4021270814321242e-22, nan 
-10.875, -73.625, 1.24413550366772e-22, nan 
-10.625, -73.625, 1.6343132699538612e-22, nan 
-10.375, -73.625, 6.842509589381062e-22, nan 
-10.125, -73.625, 5.449747840436077e-22, nan 
-9.875, -73.625, 3.65139500736508e-22, nan 
-9.625, -73.625, 1.0659423985589501e-21, nan 
-9.375, -73.625, 9.550620975282902e-22, nan 
-9.125, -73.625, 1.2727080439881852e-21, nan 
-8.875, -73.625, 1.641096808494631e-21, nan 
-8.625, -73.625, 1.387393743572654e-21, nan 
-8.375, -73.625, 2.3223142862861094e-21, nan 
-8.125, -73.625, 1.96819049508357e-21, nan 
-7.875, -73.625, 1.7549379991393777e-21, nan 
-7.625, -73.625, 2.076641221688107e-21, nan 
-7.375, -73.625, 6.457658684148656e-22, nan 
-7.125, -73.625, 4.832535862264169e-22, nan 
-6.875, -73.625, 2.0286512558941665e-21, nan 
-6.625, -73.625, 2.852021783461849e-21, nan 
-6.375, -73.625, 2.7469834048509106e-21, nan 
-6.125, -73.625, 2.6275651997980007e-21, nan 
-5.875, -73.625, 4.169908590284127e-21, nan 
-5.625, -73.625, 4.039414010164183e-21, nan 
-5.375, -73.625, 1.2222305472648278e-21, nan 
-5.125, -73.625, 2.0145503366652814e-21, nan 
-4.875, -73.625, 3.291824561359481e-21, nan 
-4.625, -73.625, 3.1841300162817616e-21, nan 
-4.375, -73.625, 2.5896318083414117e-21, nan 
-4.125, -73.625, 4.6730311921674495e-22, nan 
-3.875, -73.625, 4.851815640490123e-22, nan 
-3.625, -73.625, 3.0230988948312944e-22, nan 
-3.375, -73.625, 4.956185626062412e-22, nan 
-3.125, -73.625, 1.0409817222186683e-21, nan 
-2.875, -73.625, 7.47478239634492e-22, nan 
-2.625, -73.625, 6.35095166361645e-22, nan 
-2.375, -73.625, 9.213263184684847e-22, nan 
-2.125, -73.625, 8.630013459550256e-22, nan 
-1.875, -73.625, 6.09257599829084e-22, nan 
-1.625, -73.625, 4.171594235254859e-22, nan 
-1.375, -73.625, 4.6714644008537205e-22, nan 
-1.125, -73.625, 4.212905686255778e-22, nan 
-0.875, -73.625, 3.14782192542081e-22, nan 
-0.625, -73.625, 2.866611453066718e-22, nan 
-0.375, -73.625, 2.9550055665173856e-22, nan 
-0.125, -73.625, 3.731686954476867e-22, nan 
0.125, -73.625, 3.603584288582323e-22, nan 
0.375, -73.625, 4.328096676902076e-22, nan 
0.625, -73.625, 4.078676889644396e-22, nan 
0.875, -73.625, 4.328914070974467e-22, nan 
1.125, -73.625, 5.6339808435148e-22, nan 
1.375, -73.625, 7.547304457460341e-22, nan 
1.625, -73.625, 5.156616771151621e-22, nan 
1.875, -73.625, 5.615597148024186e-22, nan 
2.125, -73.625, 7.754256807867861e-22, nan 
2.375, -73.625, 1.3484478294550847e-21, nan 
2.625, -73.625, 1.949857379566706e-21, nan 
2.875, -73.625, 1.860174766760592e-21, nan 
3.125, -73.625, 2.3399205960105754e-21, nan 
3.375, -73.625, 2.7305116431148244e-21, nan 
3.625, -73.625, 1.7557320102069958e-21, nan 
3.875, -73.625, 1.9265236216987944e-21, nan 
4.125, -73.625, 1.2432021029286542e-21, nan 
4.375, -73.625, 1.4160830815852225e-21, nan 
4.625, -73.625, 1.742101010843319e-21, nan 
4.875, -73.625, 1.6592483999878814e-21, nan 
5.125, -73.625, 1.3342803320915143e-21, nan 
5.375, -73.625, 1.4725302021356296e-21, nan 
5.625, -73.625, 1.773707303162668e-21, nan 
5.875, -73.625, 1.9118635133264015e-21, nan 
6.125, -73.625, 1.420738443047685e-21, nan 
6.375, -73.625, 2.0284406299696598e-21, nan 
6.625, -73.625, 2.2066944417070117e-21, nan 
6.875, -73.625, 1.968042717559864e-21, nan 
7.125, -73.625, 2.1376583055760668e-21, nan 
7.375, -73.625, 2.2467804211171345e-21, nan 
7.625, -73.625, 1.7230241409166055e-21, nan 
7.875, -73.625, 1.6974636226407035e-21, nan 
8.125, -73.625, 1.4209482063414854e-21, nan 
8.375, -73.625, 7.528425988739746e-22, nan 
8.625, -73.625, 3.4403900992947565e-22, nan 
8.875, -73.625, 2.503859977415805e-22, nan 
9.125, -73.625, 2.3080839392420755e-22, nan 
9.375, -73.625, 1.5827109845019863e-22, nan 
9.625, -73.625, 2.2744526814838355e-22, nan 
9.875, -73.625, 2.459839280070605e-22, nan 
10.125, -73.625, 5.222068167786382e-22, nan 
10.375, -73.625, 5.591667844748186e-22, nan 
10.625, -73.625, 8.849282631464992e-22, nan 
10.875, -73.625, 7.30387147188613e-22, nan 
11.125, -73.625, 7.093088041097411e-22, nan 
11.375, -73.625, 8.89566083183625e-22, nan 
11.625, -73.625, 6.013714216330807e-22, nan 
11.875, -73.625, 4.799454868746194e-22, nan 
12.125, -73.625, 3.7128640497208826e-22, nan 
12.375, -73.625, 4.1755744960071896e-22, nan 
12.625, -73.625, 4.341973159369549e-22, nan 
12.875, -73.625, 4.729843276171073e-22, nan 
13.125, -73.625, 3.9084051180440386e-22, nan 
13.375, -73.625, 3.2818009224267183e-22, nan 
13.625, -73.625, 2.252502702291731e-22, nan 
-77.625, -73.375, 1.4515568012194787e-23, nan 
-77.375, -73.375, 1.1884019553591276e-23, nan 
-77.125, -73.375, 1.338106328649298e-23, nan 
-76.875, -73.375, 3.140897773149581e-23, nan 
-76.625, -73.375, 3.3637249523547727e-23, nan 
-76.375, -73.375, 2.793723116959761e-23, nan 
-76.125, -73.375, 4.5325406312792424e-23, nan 
-75.875, -73.375, 5.182203775070684e-23, nan 
-75.625, -73.375, 5.274516974915645e-23, nan 
-75.375, -73.375, 7.276364964692374e-23, nan 
-75.125, -73.375, 7.074603677088939e-23, nan 
-74.875, -73.375, 5.965493959274699e-23, nan 
-74.625, -73.375, 7.992181443376915e-23, nan 
-74.375, -73.375, 7.858917046730777e-23, nan 
-74.125, -73.375, 6.0089713436524e-23, nan 
-73.875, -73.375, 5.636065222563762e-23, nan 
-73.625, -73.375, 3.215378188711713e-23, nan 
-73.375, -73.375, 2.429560990841889e-23, nan 
-73.125, -73.375, 2.2193029083256441e-23, nan 
-72.875, -73.375, 9.90552983246895e-24, nan 
-72.625, -73.375, 1.897994538091501e-23, nan 
-72.375, -73.375, 3.716943377777714e-23, nan 
-72.125, -73.375, 3.6268829123240357e-23, nan 
-71.875, -73.375, 2.1636183304878066e-23, nan 
-71.625, -73.375, 4.235451970314824e-23, nan 
-71.375, -73.375, 4.235716031450515e-23, nan 
-71.125, -73.375, 3.8824850632790257e-23, nan 
-70.875, -73.375, 2.0479912244640561e-23, nan 
-70.625, -73.375, 4.196437816807379e-23, nan 
-70.375, -73.375, 5.820518134436918e-23, nan 
-70.125, -73.375, 3.4946883795677977e-23, nan 
-69.875, -73.375, 3.27581588379165e-23, nan 
-69.625, -73.375, 3.532957892430014e-23, nan 
-69.375, -73.375, 2.29413454653989e-23, nan 
-69.125, -73.375, 4.088287472399606e-23, nan 
-68.875, -73.375, 2.014625420640244e-23, nan 
-68.625, -73.375, 1.6686549827709196e-23, nan 
-68.375, -73.375, 2.0189397465304192e-23, nan 
-68.125, -73.375, 2.0070982830115043e-23, nan 
-67.875, -73.375, 2.082015901905348e-23, nan 
-67.625, -73.375, 2.184459790453952e-23, nan 
-67.375, -73.375, 1.7817767171138665e-23, nan 
-67.125, -73.375, 1.1628734525627495e-23, nan 
-66.875, -73.375, 5.533245227816451e-24, nan 
-66.625, -73.375, 4.6341070923595855e-24, nan 
-66.375, -73.375, 8.313935546033064e-24, nan 
-66.125, -73.375, 7.882285228798022e-24, nan 
-65.875, -73.375, 8.611578302152902e-24, nan 
-65.625, -73.375, 1.1640718081579461e-23, nan 
-65.375, -73.375, 1.0051917652251909e-23, nan 
-65.125, -73.375, 8.67674779982571e-24, nan 
-64.875, -73.375, 6.702993580248791e-24, nan 
-64.625, -73.375, 5.034188175149128e-24, nan 
-64.375, -73.375, 4.301652995645945e-24, nan 
-64.125, -73.375, 3.3860831916551826e-24, nan 
-63.875, -73.375, 1.1660338284498707e-24, nan 
-63.625, -73.375, 1.710659010956727e-23, nan 
-63.375, -73.375, 3.560092176640882e-24, nan 
-63.125, -73.375, 1.4006001187347284e-24, nan 
-62.875, -73.375, 2.6909383964972834e-24, nan 
-62.625, -73.375, 3.1999841891640062e-24, nan 
-62.375, -73.375, 5.304642232304251e-24, nan 
-62.125, -73.375, 5.447697908481975e-24, nan 
-61.875, -73.375, 6.771975278644542e-24, nan 
-61.625, -73.375, 5.5916715990441995e-24, nan 
-61.375, -73.375, 6.823092430129457e-24, nan 
-61.125, -73.375, 9.478520926984982e-24, nan 
-60.875, -73.375, 5.897970278803074e-24, nan 
-60.625, -73.375, 4.5812105356548935e-24, nan 
-60.375, -73.375, 4.2834733552339284e-24, nan 
-60.125, -73.375, 2.5098934897244276e-24, nan 
-59.875, -73.375, 3.8232460306352025e-24, nan 
-59.625, -73.375, 4.362704102096202e-24, nan 
-59.375, -73.375, 2.6508923731174495e-24, nan 
-59.125, -73.375, 4.6387642451151144e-24, nan 
-58.875, -73.375, 3.6733305242813196e-24, nan 
-58.625, -73.375, 2.5662527690297805e-24, nan 
-58.375, -73.375, 4.2543855398927114e-24, nan 
-58.125, -73.375, 3.592625808770527e-24, nan 
-57.875, -73.375, 4.277638674743977e-24, nan 
-57.625, -73.375, 8.211133612693757e-24, nan 
-57.375, -73.375, 7.561687515235418e-24, nan 
-57.125, -73.375, 8.638756766546234e-24, nan 
-56.875, -73.375, 1.2025474460785403e-23, nan 
-56.625, -73.375, 1.0320725840956988e-23, nan 
-56.375, -73.375, 1.063893201453833e-23, nan 
-56.125, -73.375, 1.2295414294909941e-23, nan 
-55.875, -73.375, 9.684178875657965e-24, nan 
-55.625, -73.375, 9.275785612184133e-24, nan 
-55.375, -73.375, 1.2193699842979682e-23, nan 
-55.125, -73.375, 1.3361056641186153e-23, nan 
-54.875, -73.375, 1.2154192320557443e-23, nan 
-54.625, -73.375, 9.180310623539432e-24, nan 
-54.375, -73.375, 8.786410380976091e-24, nan 
-54.125, -73.375, 1.085420452176035e-23, nan 
-53.875, -73.375, 8.805053901756561e-24, nan 
-53.625, -73.375, 8.229297365883559e-24, nan 
-53.375, -73.375, 8.29746958570092e-24, nan 
-53.125, -73.375, 7.51647729438169e-24, nan 
-52.875, -73.375, 6.428552157858828e-24, nan 
-52.625, -73.375, 4.886004327960585e-24, nan 
-52.375, -73.375, 6.1428953281024616e-24, nan 
-52.125, -73.375, 7.932414771612694e-24, nan 
-51.875, -73.375, 8.237848128046303e-24, nan 
-51.625, -73.375, 7.20658566090401e-24, nan 
-51.375, -73.375, 6.984352526894557e-24, nan 
-51.125, -73.375, 8.99769603947778e-24, nan 
-50.875, -73.375, 8.327484648318742e-24, nan 
-50.625, -73.375, 4.1089834485704024e-24, nan 
-50.375, -73.375, 9.26663915135047e-24, nan 
-50.125, -73.375, 3.168367020455706e-23, nan 
-49.875, -73.375, 2.77898018958205e-23, nan 
-49.625, -73.375, 1.8551105484945598e-23, nan 
-49.375, -73.375, 4.6959593325027804e-23, nan 
-49.125, -73.375, 3.7152020926527227e-23, nan 
-48.875, -73.375, 2.8145112992703004e-23, nan 
-48.625, -73.375, 2.448187088896192e-23, nan 
-48.375, -73.375, 3.8539333541646344e-23, nan 
-48.125, -73.375, 3.894271078633439e-23, nan 
-47.875, -73.375, 2.382967747666437e-23, nan 
-47.625, -73.375, 1.8694351213289612e-23, nan 
-47.375, -73.375, 1.3645805340918092e-23, nan 
-47.125, -73.375, 2.21130733046593e-23, nan 
-46.875, -73.375, 3.371903095756865e-23, nan 
-46.625, -73.375, 4.611916998724274e-23, nan 
-46.375, -73.375, 3.0685458431961447e-23, nan 
-46.125, -73.375, 1.8539774945782048e-23, nan 
-45.875, -73.375, 2.0576913578358048e-23, nan 
-45.625, -73.375, 1.2324059001624307e-23, nan 
-45.375, -73.375, 1.4017370397038213e-23, nan 
-45.125, -73.375, 1.8903699121265018e-23, nan 
-44.875, -73.375, 1.0995179587053282e-23, nan 
-44.625, -73.375, 1.3052715568267947e-23, nan 
-44.375, -73.375, 1.1046540639877996e-23, nan 
-44.125, -73.375, 1.0505773034822745e-23, nan 
-43.875, -73.375, 7.292250187552378e-24, nan 
-43.625, -73.375, 1.0554289380012388e-23, nan 
-43.375, -73.375, 1.1682617858493021e-23, nan 
-43.125, -73.375, 8.182556156957068e-24, nan 
-42.875, -73.375, 8.494040569619384e-24, nan 
-42.625, -73.375, 9.63015260232227e-24, nan 
-42.375, -73.375, 6.243297415025706e-24, nan 
-42.125, -73.375, 3.0341212823099743e-24, nan 
-41.875, -73.375, 8.668573359176232e-24, nan 
-41.625, -73.375, 1.1741417687801242e-23, nan 
-41.375, -73.375, 5.8642969236417724e-24, nan 
-41.125, -73.375, 7.236191007078592e-24, nan 
-40.875, -73.375, 1.3120729958624102e-23, nan 
-40.625, -73.375, 1.1966125716471896e-23, nan 
-40.375, -73.375, 2.5063847298935003e-23, nan 
-40.125, -73.375, 3.505584393350179e-23, nan 
-39.875, -73.375, 2.684117667181155e-23, nan 
-39.625, -73.375, 3.3326085900101375e-23, nan 
-39.375, -73.375, 3.2576010249871053e-23, nan 
-39.125, -73.375, 3.076489208787562e-23, nan 
-38.875, -73.375, 2.0710774352729692e-23, nan 
-38.625, -73.375, 4.267576659747461e-23, nan 
-38.375, -73.375, 7.032859697601778e-23, nan 
-38.125, -73.375, 7.431869140355662e-23, nan 
-37.875, -73.375, 5.828995821753917e-23, nan 
-37.625, -73.375, 7.408188701756588e-23, nan 
-37.375, -73.375, 7.922468222550464e-23, nan 
-37.125, -73.375, 5.034234196090118e-23, nan 
-36.875, -73.375, 5.85876826020032e-23, nan 
-36.625, -73.375, 5.890870686735724e-23, nan 
-36.375, -73.375, 8.150878658125954e-23, nan 
-36.125, -73.375, 9.356703373673122e-23, nan 
-35.875, -73.375, 1.0193403301656253e-22, nan 
-35.625, -73.375, 1.1645029897348997e-22, nan 
-35.375, -73.375, 1.165405188784979e-22, nan 
-35.125, -73.375, 1.2106348450385503e-22, nan 
-34.875, -73.375, 1.1515166856026593e-22, nan 
-34.625, -73.375, 1.144532539604187e-22, nan 
-34.375, -73.375, 8.92879125550141e-23, nan 
-34.125, -73.375, 1.4299156098068566e-22, nan 
-33.875, -73.375, 2.819573434072458e-22, nan 
-33.625, -73.375, 2.7280200193662455e-22, nan 
-33.375, -73.375, 2.0278058770455867e-22, nan 
-33.125, -73.375, 2.053163937487083e-22, nan 
-32.875, -73.375, 2.434382454124113e-22, nan 
-32.625, -73.375, 1.8510266247740494e-22, nan 
-32.375, -73.375, 2.8723278897901907e-22, nan 
-32.125, -73.375, 2.1907331973572294e-22, nan 
-31.875, -73.375, 3.08192881007228e-22, nan 
-31.625, -73.375, 1.094103606410683e-22, nan 
-31.375, -73.375, 1.5548284858736352e-22, nan 
-31.125, -73.375, 1.555719761262755e-22, nan 
-30.875, -73.375, 1.7566663212301664e-22, nan 
-30.625, -73.375, 2.0460356859694502e-22, nan 
-30.375, -73.375, 1.8611086356773345e-22, nan 
-30.125, -73.375, 1.9720269240336042e-22, nan 
-29.875, -73.375, 1.8832621246564038e-22, nan 
-29.625, -73.375, 1.8391508305333395e-22, nan 
-29.375, -73.375, 9.692841025608375e-23, nan 
-29.125, -73.375, 1.259720551872629e-22, nan 
-28.875, -73.375, 1.778194038950657e-22, nan 
-28.625, -73.375, 1.9910470792493427e-22, nan 
-28.375, -73.375, 1.758578708394088e-22, nan 
-28.125, -73.375, 1.5081549355142677e-22, nan 
-27.875, -73.375, 1.5460048572825076e-22, nan 
-27.625, -73.375, 1.7688193318358422e-22, nan 
-27.375, -73.375, 1.6594200254330288e-22, nan 
-27.125, -73.375, 2.167264205971919e-22, nan 
-26.875, -73.375, 2.4975828472331275e-22, nan 
-26.625, -73.375, 1.787925132878196e-22, nan 
-26.375, -73.375, 1.5252913591505312e-22, nan 
-26.125, -73.375, 1.9475529583190423e-22, nan 
-25.875, -73.375, 1.3592154405337802e-22, nan 
-25.625, -73.375, 9.147831001230925e-23, nan 
-25.375, -73.375, 1.2055486737359077e-22, nan 
-25.125, -73.375, 1.2783093642956795e-22, nan 
-24.875, -73.375, 1.5344712001756477e-22, nan 
-24.625, -73.375, 1.5045696130273768e-22, nan 
-24.375, -73.375, 1.2018760165985513e-22, nan 
-24.125, -73.375, 2.0692281315888572e-22, nan 
-23.875, -73.375, 1.5518333198401414e-22, nan 
-23.625, -73.375, 2.0166130521048281e-22, nan 
-23.375, -73.375, 2.6245419275310077e-22, nan 
-23.125, -73.375, 2.524742497929328e-22, nan 
-22.875, -73.375, 2.6249977067863757e-22, nan 
-22.625, -73.375, 2.2969258315981513e-22, nan 
-22.375, -73.375, 3.602652178307247e-22, nan 
-22.125, -73.375, 3.4920628580520093e-22, nan 
-21.875, -73.375, 2.81803676885193e-22, nan 
-21.625, -73.375, 1.981082915752733e-22, nan 
-21.375, -73.375, 2.1337650619011057e-22, nan 
-21.125, -73.375, 2.6321132862109135e-22, nan 
-20.875, -73.375, 2.3462573340594274e-22, nan 
-20.625, -73.375, 2.4808261710610927e-22, nan 
-20.375, -73.375, 2.2876770939361124e-22, nan 
-20.125, -73.375, 3.875166887228247e-22, nan 
-19.875, -73.375, 4.474402890447787e-22, nan 
-19.625, -73.375, 2.9580991014203294e-22, nan 
-19.375, -73.375, 2.818782602286014e-22, nan 
-19.125, -73.375, 2.7018951646369447e-22, nan 
-18.875, -73.375, 2.3203308019858873e-22, nan 
-18.625, -73.375, 1.3029341948156604e-22, nan 
-18.375, -73.375, 1.7421838642463492e-22, nan 
-18.125, -73.375, 2.707377228044558e-22, nan 
-17.875, -73.375, 3.5158841620652585e-22, nan 
-17.625, -73.375, 4.780976370503014e-22, nan 
-17.375, -73.375, 4.265448696567152e-22, nan 
-17.125, -73.375, 8.856716107344431e-22, nan 
-16.875, -73.375, 1.5527065982945956e-21, nan 
-16.625, -73.375, 1.5931589044597336e-21, nan 
-16.375, -73.375, 1.665772325184992e-21, nan 
-16.125, -73.375, 2.3410354223663753e-21, nan 
-15.875, -73.375, 2.435376504475555e-21, nan 
-15.625, -73.375, 2.4097358449237244e-21, nan 
-15.375, -73.375, 1.2764223784147292e-21, nan 
-15.125, -73.375, 1.400283253099628e-21, nan 
-14.875, -73.375, 6.436452567854186e-22, nan 
-14.625, -73.375, 9.30343103923688e-22, nan 
-14.375, -73.375, 1.747685158070616e-21, nan 
-14.125, -73.375, 1.6134302124508715e-21, nan 
-13.875, -73.375, 1.6495587399206211e-21, nan 
-13.625, -73.375, 2.560111177615415e-21, nan 
-13.375, -73.375, 2.067618747128735e-21, nan 
-13.125, -73.375, 2.1803745457819562e-21, nan 
-12.875, -73.375, 2.4494098970671147e-21, nan 
-12.625, -73.375, 2.0826001315446152e-21, nan 
-12.375, -73.375, 1.4005652205112616e-21, nan 
-12.125, -73.375, 1.7695921135851036e-21, nan 
-11.875, -73.375, 1.8121005227569286e-21, nan 
-11.625, -73.375, 6.133500775936758e-22, nan 
-11.375, -73.375, 3.1580506335646196e-22, nan 
-11.125, -73.375, 4.698350577413169e-22, nan 
-10.875, -73.375, 4.772247967222641e-22, nan 
-10.625, -73.375, 1.44186752820626e-21, nan 
-10.375, -73.375, 2.0067345039363347e-21, nan 
-10.125, -73.375, 2.2499373882609495e-21, nan 
-9.875, -73.375, 1.6680609174239106e-21, nan 
-9.625, -73.375, 6.639684355323187e-22, nan 
-9.375, -73.375, 1.2304103930381384e-21, nan 
-9.125, -73.375, 2.204136816230966e-21, nan 
-8.875, -73.375, 2.6938753132269246e-21, nan 
-8.625, -73.375, 2.1957549568776887e-21, nan 
-8.375, -73.375, 3.3220304125051794e-21, nan 
-8.125, -73.375, 4.752691964947374e-21, nan 
-7.875, -73.375, 4.315715638857557e-21, nan 
-7.625, -73.375, 3.7819207873199875e-21, nan 
-7.375, -73.375, 3.6239580515799765e-21, nan 
-7.125, -73.375, 4.358124512414257e-21, nan 
-6.875, -73.375, 3.1319741027690782e-21, nan 
-6.625, -73.375, 1.9688372469089634e-21, nan 
-6.375, -73.375, 6.784991848283177e-22, nan 
-6.125, -73.375, 2.167982358044565e-21, nan 
-5.875, -73.375, 2.8136950452412384e-21, nan 
-5.625, -73.375, 2.7006706378554183e-21, nan 
-5.375, -73.375, 1.028124537631314e-21, nan 
-5.125, -73.375, 1.6967520583505175e-21, nan 
-4.875, -73.375, 7.661263889258031e-22, nan 
-4.625, -73.375, 7.47491689420851e-22, nan 
-4.375, -73.375, 4.854197574847154e-22, nan 
-4.125, -73.375, 4.285956869542431e-22, nan 
-3.875, -73.375, 3.550509995371662e-22, nan 
-3.625, -73.375, 3.570739270779444e-22, nan 
-3.375, -73.375, 8.327383978322487e-22, nan 
-3.125, -73.375, 1.3750739758070698e-21, nan 
-2.875, -73.375, 1.6979941026850397e-21, nan 
-2.625, -73.375, 1.1103746849508179e-21, nan 
-2.375, -73.375, 5.500013929473014e-21, nan 
-2.125, -73.375, 7.180208710469545e-21, nan 
-1.875, -73.375, 7.796918958690974e-21, nan 
-1.625, -73.375, 3.972798233989872e-21, nan 
-1.375, -73.375, 4.779231881863084e-22, nan 
-1.125, -73.375, 2.8771671940584863e-22, nan 
-0.875, -73.375, 2.4041974694090956e-22, nan 
-0.625, -73.375, 2.696620135702714e-22, nan 
-0.375, -73.375, 2.3176847790889064e-22, nan 
-0.125, -73.375, 2.362823370625119e-22, nan 
0.125, -73.375, 2.60039072536843e-22, nan 
0.375, -73.375, 1.9679900782590898e-22, nan 
0.625, -73.375, 4.873873653398374e-22, nan 
0.875, -73.375, 3.646237459015114e-22, nan 
1.125, -73.375, 6.60885812825826e-22, nan 
1.375, -73.375, 1.199510475853702e-21, nan 
1.625, -73.375, 5.72901985194928e-22, nan 
1.875, -73.375, 6.1806266603069075e-22, nan 
2.125, -73.375, 8.850378896501698e-22, nan 
2.375, -73.375, 7.804865512514863e-22, nan 
2.625, -73.375, 1.102975117030563e-21, nan 
2.875, -73.375, 1.4189409439325362e-21, nan 
3.125, -73.375, 1.7905276024066386e-21, nan 
3.375, -73.375, 2.358151832435005e-21, nan 
3.625, -73.375, 1.8436734495425888e-21, nan 
3.875, -73.375, 2.194471208614465e-21, nan 
4.125, -73.375, 1.4002935869690362e-21, nan 
4.375, -73.375, 2.112655953835674e-21, nan 
4.625, -73.375, 2.4021934160307365e-21, nan 
4.875, -73.375, 1.970857261736288e-21, nan 
5.125, -73.375, 1.708548909555336e-21, nan 
5.375, -73.375, 1.4963090072256807e-21, nan 
5.625, -73.375, 2.030644483171468e-21, nan 
5.875, -73.375, 2.1857384885713656e-21, nan 
6.125, -73.375, 2.2744023495371142e-21, nan 
6.375, -73.375, 2.8269612535557267e-21, nan 
6.625, -73.375, 3.112139424307085e-21, nan 
6.875, -73.375, 2.308980336076695e-21, nan 
7.125, -73.375, 2.4370359849162865e-21, nan 
7.375, -73.375, 1.924814974744424e-21, nan 
7.625, -73.375, 1.3346135998531816e-21, nan 
7.875, -73.375, 1.3824681184076986e-21, nan 
8.125, -73.375, 8.312059790808141e-22, nan 
8.375, -73.375, 6.682920965641843e-22, nan 
8.625, -73.375, 3.077765235531356e-22, nan 
8.875, -73.375, 3.047125388185564e-22, nan 
9.125, -73.375, 3.376533834285054e-22, nan 
9.375, -73.375, 5.3393506576391e-22, nan 
9.625, -73.375, 4.041864060979437e-22, nan 
9.875, -73.375, 7.963117948843922e-22, nan 
10.125, -73.375, 8.190288893069912e-22, nan 
10.375, -73.375, 8.632758292684395e-22, nan 
10.625, -73.375, 9.567383706080185e-22, nan 
10.875, -73.375, 7.535406384632059e-22, nan 
11.125, -73.375, 6.4740101531418575e-22, nan 
11.375, -73.375, 3.864263371544058e-22, nan 
11.625, -73.375, 4.645904034530174e-22, nan 
11.875, -73.375, 4.658075689940472e-22, nan 
12.125, -73.375, 4.494636326863105e-22, nan 
12.375, -73.375, 5.036141344483113e-22, nan 
12.625, -73.375, 5.108421508366072e-22, nan 
12.875, -73.375, 5.945101744276377e-22, nan 
13.125, -73.375, 3.793647134716815e-22, nan 
13.375, -73.375, 3.619244209008496e-22, nan 
13.625, -73.375, 6.085078681013643e-22, nan 
-76.375, -73.125, 3.2466043222741906e-24, nan 
-76.125, -73.125, 1.8938762352036107e-24, nan 
-75.875, -73.125, 6.149339750740949e-24, nan 
-75.625, -73.125, 1.2720644832972514e-23, nan 
-75.375, -73.125, 1.615760599605418e-23, nan 
-75.125, -73.125, 2.65796982436841e-23, nan 
-74.875, -73.125, 4.721907991528936e-23, nan 
-74.625, -73.125, 6.002725631212952e-23, nan 
-74.375, -73.125, 7.896949625805068e-23, nan 
-74.125, -73.125, 7.257372884303085e-23, nan 
-73.875, -73.125, 7.894642725734696e-23, nan 
-73.625, -73.125, 8.652185824639496e-23, nan 
-73.375, -73.125, 6.753404053120735e-23, nan 
-73.125, -73.125, 4.9639589791111246e-23, nan 
-72.875, -73.125, 2.8337188658674846e-23, nan 
-72.625, -73.125, 3.9371964179083496e-23, nan 
-72.375, -73.125, 2.4464827045318328e-23, nan 
-72.125, -73.125, 2.4839771173982748e-23, nan 
-71.875, -73.125, 2.918601612222339e-23, nan 
-71.625, -73.125, 3.6398081515985465e-23, nan 
-71.375, -73.125, 4.1439475834666263e-23, nan 
-71.125, -73.125, 4.8662818166970695e-23, nan 
-70.875, -73.125, 4.2611206827483616e-23, nan 
-70.625, -73.125, 4.068748447598988e-23, nan 
-70.375, -73.125, 7.203253929020502e-23, nan 
-70.125, -73.125, 5.591176975942076e-23, nan 
-69.875, -73.125, 2.478924271391042e-23, nan 
-69.625, -73.125, 3.671504629171083e-23, nan 
-69.375, -73.125, 3.33673353320387e-23, nan 
-69.125, -73.125, 3.197693324954339e-23, nan 
-68.875, -73.125, 1.3742481345372447e-23, nan 
-68.625, -73.125, 1.454242729290424e-23, nan 
-68.375, -73.125, 1.9873822398527373e-23, nan 
-68.125, -73.125, 1.0828092699099875e-23, nan 
-67.875, -73.125, 1.4157496809652665e-23, nan 
-67.625, -73.125, 1.0835521461764313e-23, nan 
-67.375, -73.125, 7.238213469131911e-24, nan 
-67.125, -73.125, 3.720162442896841e-24, nan 
-66.875, -73.125, 4.0068891904864206e-24, nan 
-66.625, -73.125, 7.494210090390986e-24, nan 
-66.375, -73.125, 1.1050849762566327e-23, nan 
-66.125, -73.125, 8.128429699059613e-24, nan 
-65.875, -73.125, 1.101978485261725e-23, nan 
-65.625, -73.125, 1.2871470596552626e-23, nan 
-65.375, -73.125, 1.0134829544436204e-23, nan 
-65.125, -73.125, 2.7455970303276727e-24, nan 
-64.875, -73.125, 5.038434463748807e-24, nan 
-64.625, -73.125, 4.0603653745785525e-24, nan 
-64.375, -73.125, 1.7632984398129e-23, nan 
-64.125, -73.125, 5.141210021527813e-24, nan 
-63.875, -73.125, 4.932100972348284e-24, nan 
-63.625, -73.125, 3.369322260221092e-23, nan 
-63.375, -73.125, 5.75138986647987e-24, nan 
-63.125, -73.125, 5.825773045771085e-24, nan 
-62.875, -73.125, 1.9538329711325672e-23, nan 
-62.625, -73.125, 4.696304625723266e-24, nan 
-62.375, -73.125, 4.363871741317126e-24, nan 
-62.125, -73.125, 3.6514096154027665e-24, nan 
-61.875, -73.125, 2.856027401025162e-24, nan 
-61.625, -73.125, 3.2758475099265415e-24, nan 
-61.375, -73.125, 5.722996323607535e-24, nan 
-61.125, -73.125, 8.884288881860273e-24, nan 
-60.875, -73.125, 6.3130492695925995e-24, nan 
-60.625, -73.125, 5.1202816139265874e-24, nan 
-60.375, -73.125, 5.9112936690326815e-24, nan 
-60.125, -73.125, 3.66073987086288e-24, nan 
-59.875, -73.125, 2.9036316969572422e-24, nan 
-59.625, -73.125, 3.780921546342123e-24, nan 
-59.375, -73.125, 5.026765027362735e-24, nan 
-59.125, -73.125, 5.013173764277123e-24, nan 
-58.875, -73.125, 4.173493131054866e-24, nan 
-58.625, -73.125, 4.521500764977812e-24, nan 
-58.375, -73.125, 4.6315277331239506e-24, nan 
-58.125, -73.125, 3.2905721160762253e-24, nan 
-57.875, -73.125, 2.1690999469155498e-24, nan 
-57.625, -73.125, 1.519708868395956e-24, nan 
-57.375, -73.125, 1.3345427573178276e-24, nan 
-57.125, -73.125, 6.863190214965893e-24, nan 
-56.875, -73.125, 9.430844171605173e-24, nan 
-56.625, -73.125, 8.235025981963086e-24, nan 
-56.375, -73.125, 9.548668542772453e-24, nan 
-56.125, -73.125, 1.2223950400153158e-23, nan 
-55.875, -73.125, 8.676553126846918e-24, nan 
-55.625, -73.125, 8.546118333825761e-24, nan 
-55.375, -73.125, 1.4796186691546292e-23, nan 
-55.125, -73.125, 1.396629874414184e-23, nan 
-54.875, -73.125, 1.081244823497643e-23, nan 
-54.625, -73.125, 9.786341447276509e-24, nan 
-54.375, -73.125, 1.2676435452361976e-23, nan 
-54.125, -73.125, 1.0657103581169409e-23, nan 
-53.875, -73.125, 6.701485357196802e-24, nan 
-53.625, -73.125, 6.370931985856101e-24, nan 
-53.375, -73.125, 3.67852939591341e-24, nan 
-53.125, -73.125, 2.6918318228648503e-24, nan 
-52.875, -73.125, 4.5541907769576584e-24, nan 
-52.625, -73.125, 3.602465682822587e-24, nan 
-52.375, -73.125, 6.761136561061794e-24, nan 
-52.125, -73.125, 7.43628062391504e-24, nan 
-51.875, -73.125, 7.891827668750416e-24, nan 
-51.625, -73.125, 8.85321811596843e-24, nan 
-51.375, -73.125, 9.300943783418254e-24, nan 
-51.125, -73.125, 1.1979423736582794e-23, nan 
-50.875, -73.125, 1.1733853980652267e-23, nan 
-50.625, -73.125, 8.10293564745209e-24, nan 
-50.375, -73.125, 1.2600821113587752e-23, nan 
-50.125, -73.125, 1.5993412228873913e-23, nan 
-49.875, -73.125, 4.5412243028380926e-23, nan 
-49.625, -73.125, 3.8759254767444915e-23, nan 
-49.375, -73.125, 3.1844843380746015e-23, nan 
-49.125, -73.125, 6.498150027929108e-23, nan 
-48.875, -73.125, 6.406690029210616e-23, nan 
-48.625, -73.125, 6.677928191423809e-23, nan 
-48.375, -73.125, 5.800075355193067e-23, nan 
-48.125, -73.125, 5.962473523847688e-23, nan 
-47.875, -73.125, 2.6321329376595137e-23, nan 
-47.625, -73.125, 3.9761066703164737e-23, nan 
-47.375, -73.125, 6.861637017423093e-23, nan 
-47.125, -73.125, 3.389832548483408e-23, nan 
-46.875, -73.125, 4.119563760961709e-23, nan 
-46.625, -73.125, 8.399419915965013e-23, nan 
-46.375, -73.125, 5.131494227895524e-23, nan 
-46.125, -73.125, 3.9662487978432104e-23, nan 
-45.875, -73.125, 6.553595916013297e-23, nan 
-45.625, -73.125, 4.003291544519319e-23, nan 
-45.375, -73.125, 3.405415595246194e-23, nan 
-45.125, -73.125, 7.077522919950908e-24, nan 
-44.875, -73.125, 7.427633055750836e-24, nan 
-44.625, -73.125, 3.859889823860456e-24, nan 
-44.375, -73.125, 5.408356462335681e-24, nan 
-44.125, -73.125, 5.0215369987201965e-24, nan 
-43.875, -73.125, 3.7097434842411634e-24, nan 
-43.625, -73.125, 6.535217917113187e-24, nan 
-43.375, -73.125, 6.282533006908342e-24, nan 
-43.125, -73.125, 8.00512829538043e-24, nan 
-42.875, -73.125, 5.6761950794713996e-24, nan 
-42.625, -73.125, 3.79658358556651e-24, nan 
-42.375, -73.125, 6.194924020951645e-24, nan 
-42.125, -73.125, 3.901617425121345e-24, nan 
-41.875, -73.125, 5.638115711333379e-24, nan 
-41.625, -73.125, 1.1317839456432119e-23, nan 
-41.375, -73.125, 5.2843572593739735e-24, nan 
-41.125, -73.125, 4.243539774140515e-24, nan 
-40.875, -73.125, 1.0333311010065158e-23, nan 
-40.625, -73.125, 6.888984852039168e-24, nan 
-40.375, -73.125, 1.4101597940700939e-23, nan 
-40.125, -73.125, 2.9855814880342003e-23, nan 
-39.875, -73.125, 3.212866080494384e-23, nan 
-39.625, -73.125, 2.3336512566644364e-23, nan 
-39.375, -73.125, 4.3218042103097975e-23, nan 
-39.125, -73.125, 3.492994287472736e-23, nan 
-38.875, -73.125, 3.051725884045331e-23, nan 
-38.625, -73.125, 3.8276628187729666e-23, nan 
-38.375, -73.125, 6.043085274741656e-23, nan 
-38.125, -73.125, 6.785482814804719e-23, nan 
-37.875, -73.125, 6.36888045676629e-23, nan 
-37.625, -73.125, 6.321934779659745e-23, nan 
-37.375, -73.125, 5.927623336326545e-23, nan 
-37.125, -73.125, 5.024977869521846e-23, nan 
-36.875, -73.125, 4.869986499515037e-23, nan 
-36.625, -73.125, 7.349638174717259e-23, nan 
-36.375, -73.125, 6.782898773859602e-23, nan 
-36.125, -73.125, 9.570422794009476e-23, nan 
-35.875, -73.125, 1.000669018567461e-22, nan 
-35.625, -73.125, 1.107965052194944e-22, nan 
-35.375, -73.125, 1.174193005403433e-22, nan 
-35.125, -73.125, 1.185980423001158e-22, nan 
-34.875, -73.125, 1.4015868552925518e-22, nan 
-34.625, -73.125, 3.2967548524499157e-22, nan 
-34.375, -73.125, 4.0456227715631256e-22, nan 
-34.125, -73.125, 2.652386129876901e-22, nan 
-33.875, -73.125, 4.1163180752598093e-22, nan 
-33.625, -73.125, 4.387156123257841e-22, nan 
-33.375, -73.125, 2.715454650069385e-22, nan 
-33.125, -73.125, 2.7533630728138265e-22, nan 
-32.875, -73.125, 2.930276957277138e-22, nan 
-32.625, -73.125, 2.7172871923831284e-22, nan 
-32.375, -73.125, 4.359475654771082e-22, nan 
-32.125, -73.125, 3.2183781137297073e-22, nan 
-31.875, -73.125, 4.318389798871399e-22, nan 
-31.625, -73.125, 4.528113709506813e-22, nan 
-31.375, -73.125, 3.588869228211232e-22, nan 
-31.125, -73.125, 3.992554803747375e-22, nan 
-30.875, -73.125, 2.210552949555025e-22, nan 
-30.625, -73.125, 2.1939170815063415e-22, nan 
-30.375, -73.125, 1.6565500521535007e-22, nan 
-30.125, -73.125, 1.4533568692194155e-22, nan 
-29.875, -73.125, 1.424116201600241e-22, nan 
-29.625, -73.125, 1.4213132695240825e-22, nan 
-29.375, -73.125, 1.0501000311956766e-22, nan 
-29.125, -73.125, 1.19673966801113e-22, nan 
-28.875, -73.125, 6.303670563647116e-23, nan 
-28.625, -73.125, 7.275625092237059e-23, nan 
-28.375, -73.125, 6.655541752786936e-23, nan 
-28.125, -73.125, 1.6841130088618872e-22, nan 
-27.875, -73.125, 1.51646088084017e-22, nan 
-27.625, -73.125, 1.523384878119433e-22, nan 
-27.375, -73.125, 2.070520582711043e-22, nan 
-27.125, -73.125, 2.354602555872007e-22, nan 
-26.875, -73.125, 2.3670008209960425e-22, nan 
-26.625, -73.125, 1.9896238162864043e-22, nan 
-26.375, -73.125, 2.6065518089089175e-22, nan 
-26.125, -73.125, 3.8288994356226275e-22, nan 
-25.875, -73.125, 3.3384915907292925e-22, nan 
-25.625, -73.125, 2.6480068591880563e-22, nan 
-25.375, -73.125, 3.78628228082236e-22, nan 
-25.125, -73.125, 3.493314848032526e-22, nan 
-24.875, -73.125, 2.2837567539996886e-22, nan 
-24.625, -73.125, 2.395346110827424e-22, nan 
-24.375, -73.125, 2.2066892853830722e-22, nan 
-24.125, -73.125, 1.7494103797677992e-22, nan 
-23.875, -73.125, 1.5632550245815792e-22, nan 
-23.625, -73.125, 2.524538045871147e-22, nan 
-23.375, -73.125, 3.079431622210005e-22, nan 
-23.125, -73.125, 2.5281721672177866e-22, nan 
-22.875, -73.125, 3.2029723017226086e-22, nan 
-22.625, -73.125, 3.15192654165624e-22, nan 
-22.375, -73.125, 4.811786706312748e-22, nan 
-22.125, -73.125, 5.949993425242606e-22, nan 
-21.875, -73.125, 5.556526487011111e-22, nan 
-21.625, -73.125, 4.665163393725283e-22, nan 
-21.375, -73.125, 6.346985659508363e-22, nan 
-21.125, -73.125, 6.240792044836781e-22, nan 
-20.875, -73.125, 3.6802148936345376e-22, nan 
-20.625, -73.125, 3.7754890170920316e-22, nan 
-20.375, -73.125, 3.4282479692317777e-22, nan 
-20.125, -73.125, 4.216028293117119e-22, nan 
-19.875, -73.125, 5.6144344384117245e-22, nan 
-19.625, -73.125, 4.6292291844437075e-22, nan 
-19.375, -73.125, 4.232217593564684e-22, nan 
-19.125, -73.125, 4.1988026113721964e-22, nan 
-18.875, -73.125, 3.7698101787080947e-22, nan 
-18.625, -73.125, 2.804323302901498e-22, nan 
-18.375, -73.125, 3.100357891462785e-22, nan 
-18.125, -73.125, 2.0947546194995604e-22, nan 
-17.875, -73.125, 3.357024708213823e-22, nan 
-17.625, -73.125, 4.521528603066081e-22, nan 
-17.375, -73.125, 9.644822311339403e-22, nan 
-17.125, -73.125, 3.54723840794491e-21, nan 
-16.875, -73.125, 5.088323419796179e-21, nan 
-16.625, -73.125, 4.226372625235698e-21, nan 
-16.375, -73.125, 6.533374820207185e-21, nan 
-16.125, -73.125, 7.202145000335356e-21, nan 
-15.875, -73.125, 6.0798373174092186e-21, nan 
-15.625, -73.125, 5.28097766716939e-21, nan 
-15.375, -73.125, 2.9081397143265185e-21, nan 
-15.125, -73.125, 3.9922235995280346e-21, nan 
-14.875, -73.125, 3.906769090724453e-21, nan 
-14.625, -73.125, 1.5109629821193985e-21, nan 
-14.375, -73.125, 1.1664523396307855e-21, nan 
-14.125, -73.125, 1.0862996204512774e-21, nan 
-13.875, -73.125, 1.1704715744725031e-21, nan 
-13.625, -73.125, 1.894173317212922e-21, nan 
-13.375, -73.125, 2.0108301302379676e-21, nan 
-13.125, -73.125, 2.3494606937540866e-21, nan 
-12.875, -73.125, 2.6469182127348107e-21, nan 
-12.625, -73.125, 2.376347567459752e-21, nan 
-12.375, -73.125, 6.935225397596625e-22, nan 
-12.125, -73.125, 4.970361504483224e-22, nan 
-11.875, -73.125, 5.111838280107202e-22, nan 
-11.625, -73.125, 6.019837269974264e-22, nan 
-11.375, -73.125, 2.1460104167018574e-21, nan 
-11.125, -73.125, 2.929545604619717e-21, nan 
-10.875, -73.125, 2.6481694440572042e-21, nan 
-10.625, -73.125, 3.69077082497273e-21, nan 
-10.375, -73.125, 5.2521286939855926e-21, nan 
-10.125, -73.125, 5.174776913002159e-21, nan 
-9.875, -73.125, 3.689580344645223e-21, nan 
-9.625, -73.125, 3.4372252920464855e-21, nan 
-9.375, -73.125, 3.0792281769532645e-21, nan 
-9.125, -73.125, 3.934580850684073e-21, nan 
-8.875, -73.125, 5.000685241095019e-21, nan 
-8.625, -73.125, 5.612896906835986e-21, nan 
-8.375, -73.125, 3.498186273712194e-21, nan 
-8.125, -73.125, 4.406187622858204e-21, nan 
-7.875, -73.125, 6.53431303200357e-21, nan 
-7.625, -73.125, 7.14771079059832e-21, nan 
-7.375, -73.125, 6.691584047081433e-21, nan 
-7.125, -73.125, 8.53093163720088e-21, nan 
-6.875, -73.125, 1.0337194859023737e-20, nan 
-6.625, -73.125, 8.73300811281752e-21, nan 
-6.375, -73.125, 1.1083336440958469e-20, nan 
-6.125, -73.125, 1.2045882309468559e-20, nan 
-5.875, -73.125, 1.2097269664151338e-20, nan 
-5.625, -73.125, 1.0700644464663786e-20, nan 
-5.375, -73.125, 1.0214587440172483e-20, nan 
-5.125, -73.125, 1.0154342572987858e-20, nan 
-4.875, -73.125, 9.995918856452555e-21, nan 
-4.625, -73.125, 1.9797997937741845e-21, nan 
-4.375, -73.125, 1.751196401426665e-21, nan 
-4.125, -73.125, 1.869740587112291e-21, nan 
-3.875, -73.125, 2.38675938240035e-21, nan 
-3.625, -73.125, 8.807207970375331e-21, nan 
-3.375, -73.125, 4.660550179257549e-21, nan 
-3.125, -73.125, 1.0557081417837119e-20, nan 
-2.875, -73.125, 1.4289147907448294e-20, nan 
-2.625, -73.125, 1.971195345731017e-20, nan 
-2.375, -73.125, 1.7087708007782634e-20, nan 
-2.125, -73.125, 2.0604747158738768e-20, nan 
-1.875, -73.125, 2.2085593086234176e-20, nan 
-1.625, -73.125, 1.0478392763884704e-20, nan 
-1.375, -73.125, 1.374116927509941e-20, nan 
-1.125, -73.125, 1.2283765816241381e-20, nan 
-0.875, -73.125, 7.128827673421665e-21, nan 
-0.625, -73.125, 8.890842844696932e-22, nan 
-0.375, -73.125, 6.270273006362479e-22, nan 
-0.125, -73.125, 4.377481033234553e-22, nan 
0.125, -73.125, 5.993094705503101e-22, nan 
0.375, -73.125, 6.160512911889951e-22, nan 
0.625, -73.125, 3.8279470953929247e-22, nan 
0.875, -73.125, 2.961790449824132e-22, nan 
1.125, -73.125, 4.691656741152004e-22, nan 
1.375, -73.125, 5.17857267334998e-22, nan 
1.625, -73.125, 4.390326506970079e-22, nan 
1.875, -73.125, 5.136662383441217e-22, nan 
2.125, -73.125, 5.489365541605131e-22, nan 
2.375, -73.125, 5.616520008655055e-22, nan 
2.625, -73.125, 5.76540914128268e-22, nan 
2.875, -73.125, 7.775390225000704e-22, nan 
3.125, -73.125, 1.5689600966436646e-21, nan 
3.375, -73.125, 1.5577613396108896e-21, nan 
3.625, -73.125, 2.5104693705815087e-21, nan 
3.875, -73.125, 2.3475664969268596e-21, nan 
4.125, -73.125, 1.676640040517325e-21, nan 
4.375, -73.125, 2.6471210714870128e-21, nan 
4.625, -73.125, 2.1622427441398846e-21, nan 
4.875, -73.125, 2.1896352190122407e-21, nan 
5.125, -73.125, 2.7526854902488786e-21, nan 
5.375, -73.125, 2.0655404149785794e-21, nan 
5.625, -73.125, 2.3233666245204643e-21, nan 
5.875, -73.125, 3.178081409606156e-21, nan 
6.125, -73.125, 2.3555295887956836e-21, nan 
6.375, -73.125, 2.0896762195396697e-21, nan 
6.625, -73.125, 2.511540811002027e-21, nan 
6.875, -73.125, 1.863708928303478e-21, nan 
7.125, -73.125, 2.0098935942430374e-21, nan 
7.375, -73.125, 1.2606865945051801e-21, nan 
7.625, -73.125, 1.0694598907996799e-21, nan 
7.875, -73.125, 5.863725011069197e-22, nan 
8.125, -73.125, 4.0772716906110836e-22, nan 
8.375, -73.125, 3.0366179394930065e-22, nan 
8.625, -73.125, 3.9206598671720836e-22, nan 
8.875, -73.125, 5.11244030598108e-22, nan 
9.125, -73.125, 6.779246952719126e-22, nan 
9.375, -73.125, 5.864803809380739e-22, nan 
9.625, -73.125, 1.1116636691625495e-21, nan 
9.875, -73.125, 9.225248133008351e-22, nan 
10.125, -73.125, 8.888313045852551e-22, nan 
10.375, -73.125, 1.0644636412107508e-21, nan 
10.625, -73.125, 9.467691074857353e-22, nan 
10.875, -73.125, 5.893427235897189e-22, nan 
11.125, -73.125, 3.660702939459028e-22, nan 
11.375, -73.125, 7.095778307252707e-22, nan 
11.625, -73.125, 7.741552884705735e-22, nan 
11.875, -73.125, 7.1215459680771445e-22, nan 
12.125, -73.125, 5.383941574248935e-22, nan 
12.375, -73.125, 6.0271790976039e-22, nan 
12.625, -73.125, 4.472850207266517e-22, nan 
12.875, -73.125, 3.5160615251754934e-22, nan 
13.125, -73.125, 2.196613442909844e-22, nan 
13.375, -73.125, 2.2638672950751648e-22, nan 
-75.375, -72.875, 4.325896626169325e-24, nan 
-75.125, -72.875, 7.433901654756386e-24, nan 
-74.875, -72.875, 6.562694947514828e-24, nan 
-74.625, -72.875, 1.4134172327731617e-23, nan 
-74.375, -72.875, 2.1759625607447842e-23, nan 
-74.125, -72.875, 4.523634647993305e-23, nan 
-73.875, -72.875, 7.427620518117974e-23, nan 
-73.625, -72.875, 9.551490973186404e-23, nan 
-73.375, -72.875, 8.933722600756404e-23, nan 
-73.125, -72.875, 7.654127979449784e-23, nan 
-72.875, -72.875, 8.1152547617517e-23, nan 
-72.625, -72.875, 7.843326219411439e-23, nan 
-72.375, -72.875, 3.623107351099802e-23, nan 
-72.125, -72.875, 2.1849348637835977e-23, nan 
-71.875, -72.875, 2.389216194392598e-23, nan 
-71.625, -72.875, 2.0880383500948594e-23, nan 
-71.375, -72.875, 2.2120997970278713e-23, nan 
-71.125, -72.875, 1.6283264350645486e-23, nan 
-70.875, -72.875, 2.5270573648186794e-23, nan 
-70.625, -72.875, 3.0109531920529746e-23, nan 
-70.375, -72.875, 4.6587135310528166e-23, nan 
-70.125, -72.875, 2.733200421519764e-23, nan 
-69.875, -72.875, 1.8841810943832222e-23, nan 
-69.625, -72.875, 2.697552601268989e-23, nan 
-69.375, -72.875, 2.701697441971691e-23, nan 
-69.125, -72.875, 1.9548818556485407e-23, nan 
-68.875, -72.875, 1.2944526729154958e-23, nan 
-68.625, -72.875, 1.3986530892392298e-23, nan 
-68.375, -72.875, 1.022809065133257e-23, nan 
-68.125, -72.875, 1.010262517694469e-23, nan 
-67.875, -72.875, 6.451209937486213e-24, nan 
-67.625, -72.875, 3.5625243363227256e-24, nan 
-67.375, -72.875, 3.6470180620813886e-24, nan 
-67.125, -72.875, 2.0511719916552488e-24, nan 
-66.875, -72.875, 3.793347162655476e-24, nan 
-66.625, -72.875, 1.3012056871513137e-23, nan 
-66.375, -72.875, 9.806274375741202e-24, nan 
-66.125, -72.875, 6.0531531919688586e-24, nan 
-65.875, -72.875, 1.673828964441587e-23, nan 
-65.625, -72.875, 1.0966251546022628e-23, nan 
-65.375, -72.875, 5.226970560582712e-24, nan 
-65.125, -72.875, 7.676923856777912e-24, nan 
-64.875, -72.875, 5.678964992802049e-24, nan 
-64.625, -72.875, 6.828316044548527e-24, nan 
-64.375, -72.875, 5.094837424591545e-24, nan 
-64.125, -72.875, 6.115858953544982e-24, nan 
-63.875, -72.875, 7.200013900108232e-24, nan 
-63.625, -72.875, 1.358602697227276e-23, nan 
-63.375, -72.875, 7.179010481175377e-24, nan 
-63.125, -72.875, 7.062198365244595e-24, nan 
-62.875, -72.875, 6.896531428835658e-24, nan 
-62.625, -72.875, 6.752469605108081e-24, nan 
-62.375, -72.875, 6.185271166188467e-24, nan 
-62.125, -72.875, 5.676808066999329e-24, nan 
-61.875, -72.875, 5.0673020726348265e-24, nan 
-61.625, -72.875, 4.413814781857252e-24, nan 
-61.375, -72.875, 6.029217280024894e-24, nan 
-61.125, -72.875, 8.15986055163626e-24, nan 
-60.875, -72.875, 8.50499038906152e-24, nan 
-60.625, -72.875, 7.917415665868016e-24, nan 
-60.375, -72.875, 7.370670867877512e-24, nan 
-60.125, -72.875, 7.401410416090756e-24, nan 
-59.875, -72.875, 8.700108614056824e-24, nan 
-59.625, -72.875, 6.818322859823784e-24, nan 
-59.375, -72.875, 6.938217251485988e-24, nan 
-59.125, -72.875, 7.48343544634349e-24, nan 
-58.875, -72.875, 4.831626979027411e-24, nan 
-58.625, -72.875, 5.7247241595346806e-24, nan 
-58.375, -72.875, 6.024882052690483e-24, nan 
-58.125, -72.875, 5.640556121999899e-24, nan 
-57.875, -72.875, 7.020318166521158e-24, nan 
-57.625, -72.875, 3.671418496504279e-24, nan 
-57.375, -72.875, 4.788933276965084e-24, nan 
-57.125, -72.875, 8.716309373235905e-24, nan 
-56.875, -72.875, 2.276275521322287e-24, nan 
-56.625, -72.875, 2.5165677685126316e-24, nan 
-56.375, -72.875, 6.845570996753897e-24, nan 
-56.125, -72.875, 7.861390086992094e-24, nan 
-55.875, -72.875, 1.117204903236909e-23, nan 
-55.625, -72.875, 9.818943223986514e-24, nan 
-55.375, -72.875, 8.880575281666308e-24, nan 
-55.125, -72.875, 9.857917789610171e-24, nan 
-54.875, -72.875, 8.962746075896773e-24, nan 
-54.625, -72.875, 1.0906679882018397e-23, nan 
-54.375, -72.875, 9.96800506856346e-24, nan 
-54.125, -72.875, 6.625370167218782e-24, nan 
-53.875, -72.875, 8.139402787145255e-24, nan 
-53.625, -72.875, 1.312077142055625e-23, nan 
-53.375, -72.875, 1.698411971475621e-23, nan 
-53.125, -72.875, 3.731407405668296e-23, nan 
-52.875, -72.875, 4.7533082033898326e-23, nan 
-52.625, -72.875, 1.735637620066516e-23, nan 
-52.375, -72.875, 1.4686916817790888e-23, nan 
-52.125, -72.875, 8.886012471988946e-24, nan 
-51.875, -72.875, 1.0752957826265689e-23, nan 
-51.625, -72.875, 6.770328988652095e-24, nan 
-51.375, -72.875, 7.528351993143155e-24, nan 
-51.125, -72.875, 6.004525533153465e-24, nan 
-50.875, -72.875, 7.912369167059288e-24, nan 
-50.625, -72.875, 1.3881517493309626e-23, nan 
-50.375, -72.875, 1.9166048312713345e-23, nan 
-50.125, -72.875, 2.200258920863289e-23, nan 
-49.875, -72.875, 9.226503954457379e-23, nan 
-49.625, -72.875, 1.1573020967060046e-22, nan 
-49.375, -72.875, 1.1925381929070225e-22, nan 
-49.125, -72.875, 1.0357452945478155e-22, nan 
-48.875, -72.875, 1.0846438885222474e-22, nan 
-48.625, -72.875, 1.3056252873337765e-22, nan 
-48.375, -72.875, 7.127615322191297e-23, nan 
-48.125, -72.875, 3.8311560155998265e-23, nan 
-47.875, -72.875, 6.874421029934712e-23, nan 
-47.625, -72.875, 6.020380253964188e-23, nan 
-47.375, -72.875, 6.905707881613319e-23, nan 
-47.125, -72.875, 7.219002798187132e-23, nan 
-46.875, -72.875, 4.5070530749907307e-23, nan 
-46.625, -72.875, 5.656815572681217e-23, nan 
-46.375, -72.875, 7.866533246897041e-23, nan 
-46.125, -72.875, 5.0264173293759147e-23, nan 
-45.875, -72.875, 7.864634640025073e-23, nan 
-45.625, -72.875, 5.654198661149658e-23, nan 
-45.375, -72.875, 3.4139828013455764e-23, nan 
-45.125, -72.875, 5.253565458205287e-23, nan 
-44.875, -72.875, 9.359057345263686e-24, nan 
-44.625, -72.875, 7.221559660038513e-24, nan 
-44.375, -72.875, 2.8514760667505494e-24, nan 
-44.125, -72.875, 6.531036589229177e-24, nan 
-43.875, -72.875, 7.983380411649203e-24, nan 
-43.625, -72.875, 7.07050708170903e-24, nan 
-43.375, -72.875, 7.83072036252105e-24, nan 
-43.125, -72.875, 1.4014443542649853e-23, nan 
-42.875, -72.875, 8.953275517227436e-24, nan 
-42.625, -72.875, 9.310669347387992e-24, nan 
-42.375, -72.875, 1.6816129832201502e-23, nan 
-42.125, -72.875, 6.175194952962025e-24, nan 
-41.875, -72.875, 1.647427507273409e-23, nan 
-41.625, -72.875, 1.8084707506822167e-23, nan 
-41.375, -72.875, 8.329846269142516e-24, nan 
-41.125, -72.875, 1.004055765943049e-23, nan 
-40.875, -72.875, 1.4389126666975657e-23, nan 
-40.625, -72.875, 1.624794063511611e-23, nan 
-40.375, -72.875, 2.190960587222225e-23, nan 
-40.125, -72.875, 2.1627952920463167e-23, nan 
-39.875, -72.875, 3.535058492895162e-23, nan 
-39.625, -72.875, 3.1958844726419654e-23, nan 
-39.375, -72.875, 2.817997230715525e-23, nan 
-39.125, -72.875, 3.678614847368598e-23, nan 
-38.875, -72.875, 5.608157779640773e-23, nan 
-38.625, -72.875, 7.905147064114547e-23, nan 
-38.375, -72.875, 6.872146337898206e-23, nan 
-38.125, -72.875, 6.866316270731609e-23, nan 
-37.875, -72.875, 9.709256279467027e-23, nan 
-37.625, -72.875, 6.30640971895286e-23, nan 
-37.375, -72.875, 5.880184447422918e-23, nan 
-37.125, -72.875, 7.224592665764866e-23, nan 
-36.875, -72.875, 9.197355765052489e-23, nan 
-36.625, -72.875, 1.0051698647250523e-22, nan 
-36.375, -72.875, 9.892949384881368e-23, nan 
-36.125, -72.875, 1.185328157684926e-22, nan 
-35.875, -72.875, 9.800702377757373e-23, nan 
-35.625, -72.875, 1.1069657200611463e-22, nan 
-35.375, -72.875, 2.753128601769426e-22, nan 
-35.125, -72.875, 3.142676569227466e-22, nan 
-34.875, -72.875, 2.457292688218374e-22, nan 
-34.625, -72.875, 3.655486888400671e-22, nan 
-34.375, -72.875, 4.375796207985107e-22, nan 
-34.125, -72.875, 2.9304214660212487e-22, nan 
-33.875, -72.875, 3.485755786445398e-23, nan 
-33.625, -72.875, 4.381558583649201e-23, nan 
-33.375, -72.875, 1.3315760397961195e-22, nan 
-33.125, -72.875, 1.362758711884215e-22, nan 
-32.875, -72.875, 7.668225169589424e-23, nan 
-32.625, -72.875, 1.6456118692756385e-22, nan 
-32.375, -72.875, 5.339951299334448e-23, nan 
-32.125, -72.875, 2.137672551836272e-22, nan 
-31.875, -72.875, 1.1249678623941743e-22, nan 
-31.625, -72.875, 3.944062637379429e-22, nan 
-31.375, -72.875, 4.143663367215409e-22, nan 
-31.125, -72.875, 3.983600714811973e-22, nan 
-30.875, -72.875, 3.426278707804097e-22, nan 
-30.625, -72.875, 3.1510733952007397e-22, nan 
-30.375, -72.875, 3.0808121750317515e-22, nan 
-30.125, -72.875, 2.838690341793179e-22, nan 
-29.875, -72.875, 1.0602376255333395e-22, nan 
-29.625, -72.875, 1.259511881472075e-22, nan 
-29.375, -72.875, 1.1344317312661025e-22, nan 
-29.125, -72.875, 8.450942761889448e-23, nan 
-28.875, -72.875, 8.459155036550395e-23, nan 
-28.625, -72.875, 8.431001399126384e-23, nan 
-28.375, -72.875, 9.060477958853478e-23, nan 
-28.125, -72.875, 1.103253107791979e-22, nan 
-27.875, -72.875, 1.4088378782960588e-22, nan 
-27.625, -72.875, 1.7338743174016957e-22, nan 
-27.375, -72.875, 2.574920565452652e-22, nan 
-27.125, -72.875, 1.6194395085633042e-22, nan 
-26.875, -72.875, 2.0158934631491234e-22, nan 
-26.625, -72.875, 3.4117320744005643e-22, nan 
-26.375, -72.875, 1.8162841367539815e-22, nan 
-26.125, -72.875, 3.017436999489563e-22, nan 
-25.875, -72.875, 3.5660041491840334e-22, nan 
-25.625, -72.875, 1.5965925381490092e-22, nan 
-25.375, -72.875, 1.7272876315435963e-22, nan 
-25.125, -72.875, 2.2747039592461187e-22, nan 
-24.875, -72.875, 2.8025596237257375e-22, nan 
-24.625, -72.875, 2.9324634347438476e-22, nan 
-24.375, -72.875, 2.7317152048335524e-22, nan 
-24.125, -72.875, 2.9745258378285317e-22, nan 
-23.875, -72.875, 2.537306734751271e-22, nan 
-23.625, -72.875, 2.4052882853050723e-22, nan 
-23.375, -72.875, 2.668429056261492e-22, nan 
-23.125, -72.875, 8.409305904666242e-23, nan 
-22.875, -72.875, 1.7047237352400062e-22, nan 
-22.625, -72.875, 2.0617943990546016e-22, nan 
-22.375, -72.875, 1.4264671188291584e-22, nan 
-22.125, -72.875, 2.809553979540702e-22, nan 
-21.875, -72.875, 8.722027694464383e-22, nan 
-21.625, -72.875, 9.721328926176797e-22, nan 
-21.375, -72.875, 9.653732256394946e-22, nan 
-21.125, -72.875, 1.0094266002485037e-21, nan 
-20.875, -72.875, 1.1568188145461985e-21, nan 
-20.625, -72.875, 1.2748901951356627e-21, nan 
-20.375, -72.875, 7.064504504014667e-22, nan 
-20.125, -72.875, 4.086142545881935e-22, nan 
-19.875, -72.875, 4.310706536153403e-22, nan 
-19.625, -72.875, 4.47227370343213e-22, nan 
-19.375, -72.875, 5.283317685039718e-22, nan 
-19.125, -72.875, 7.507494353463484e-22, nan 
-18.875, -72.875, 1.1033925146751423e-21, nan 
-18.625, -72.875, 8.2849206993331695e-22, nan 
-18.375, -72.875, 5.993107972538818e-22, nan 
-18.125, -72.875, 2.503077623227281e-22, nan 
-17.875, -72.875, 2.323356252228521e-22, nan 
-17.625, -72.875, 3.92709457902355e-22, nan 
-17.375, -72.875, 3.4082577752799046e-22, nan 
-17.125, -72.875, 4.656689562343159e-22, nan 
-16.875, -72.875, 8.165070371621308e-22, nan 
-16.625, -72.875, 1.5469457516306098e-21, nan 
-16.375, -72.875, 4.5359447443839046e-21, nan 
-16.125, -72.875, 5.584707303632802e-21, nan 
-15.875, -72.875, 6.278054071536301e-21, nan 
-15.625, -72.875, 6.493806088485053e-21, nan 
-15.375, -72.875, 1.8332339787338884e-21, nan 
-15.125, -72.875, 1.4047623091882473e-21, nan 
-14.875, -72.875, 1.3401602647256381e-21, nan 
-14.625, -72.875, 1.4087334670142077e-21, nan 
-14.375, -72.875, 1.1119067514892464e-21, nan 
-14.125, -72.875, 7.197599402120683e-22, nan 
-13.875, -72.875, 5.035630472596757e-22, nan 
-13.625, -72.875, 6.601569561217904e-22, nan 
-13.375, -72.875, 8.875383011930285e-22, nan 
-13.125, -72.875, 9.410484571283724e-22, nan 
-12.875, -72.875, 2.498339826708405e-21, nan 
-12.625, -72.875, 3.2565006449485816e-21, nan 
-12.375, -72.875, 6.44759500209003e-22, nan 
-12.125, -72.875, 1.7274127825290527e-21, nan 
-11.875, -72.875, 3.0374263018685488e-21, nan 
-11.625, -72.875, 2.9044887982216712e-21, nan 
-11.375, -72.875, 3.027458818706774e-21, nan 
-11.125, -72.875, 1.6661256159881154e-21, nan 
-10.875, -72.875, 6.546700436711432e-22, nan 
-10.625, -72.875, 2.810876360266215e-21, nan 
-10.375, -72.875, 3.958141743976709e-21, nan 
-10.125, -72.875, 3.763427711853274e-21, nan 
-9.875, -72.875, 4.448886720836959e-21, nan 
-9.625, -72.875, 2.9131262272947434e-21, nan 
-9.375, -72.875, 1.734828776380354e-21, nan 
-9.125, -72.875, 9.129669627808755e-21, nan 
-8.875, -72.875, 8.687232342720398e-21, nan 
-8.625, -72.875, 2.0392369286664584e-20, nan 
-8.375, -72.875, 1.521273298409939e-20, nan 
-8.125, -72.875, 1.4213476169500286e-20, nan 
-7.875, -72.875, 2.1531226506837442e-20, nan 
-7.625, -72.875, 1.3291882034754636e-20, nan 
-7.375, -72.875, 1.1847377350678054e-20, nan 
-7.125, -72.875, 7.40182278755181e-21, nan 
-6.875, -72.875, 1.9012606122426102e-20, nan 
-6.625, -72.875, 1.5161487416490303e-20, nan 
-6.375, -72.875, 1.9424361035218722e-20, nan 
-6.125, -72.875, 2.0301969398243294e-20, nan 
-5.875, -72.875, 2.062237077319559e-20, nan 
-5.625, -72.875, 1.7506571303865762e-20, nan 
-5.375, -72.875, 1.8196380237658582e-20, nan 
-5.125, -72.875, 1.8295254411476352e-20, nan 
-4.875, -72.875, 1.912014358143461e-20, nan 
-4.625, -72.875, 1.873965843019897e-20, nan 
-4.375, -72.875, 2.6427027831776334e-20, nan 
-4.125, -72.875, 1.4179622059811184e-20, nan 
-3.875, -72.875, 2.767102442766648e-21, nan 
-3.625, -72.875, 1.8395294160575122e-20, nan 
-3.375, -72.875, 1.7681314505452365e-20, nan 
-3.125, -72.875, 3.4665510736928404e-20, nan 
-2.875, -72.875, 2.869850510596531e-20, nan 
-2.625, -72.875, 2.2876564372318858e-20, nan 
-2.375, -72.875, 2.114309675016135e-20, nan 
-2.125, -72.875, 1.595540520724567e-20, nan 
-1.875, -72.875, 7.812910591248112e-21, nan 
-1.625, -72.875, 1.1264133281134095e-20, nan 
-1.375, -72.875, 1.8998145383450055e-20, nan 
-1.125, -72.875, 1.4966057796493538e-20, nan 
-0.875, -72.875, 1.140577440180952e-20, nan 
-0.625, -72.875, 1.2038607372512659e-20, nan 
-0.375, -72.875, 9.517896697828765e-21, nan 
-0.125, -72.875, 6.0180525146062065e-21, nan 
0.125, -72.875, 1.4447264765259462e-21, nan 
0.375, -72.875, 8.64583888598373e-22, nan 
0.625, -72.875, 5.9973071849159065e-22, nan 
0.875, -72.875, 3.4699918781786234e-22, nan 
1.125, -72.875, 2.4592232688656596e-22, nan 
1.375, -72.875, 2.4687510827515095e-22, nan 
1.625, -72.875, 1.6442405591279286e-22, nan 
1.875, -72.875, 3.1706568239398397e-22, nan 
2.125, -72.875, 4.609757327993884e-22, nan 
2.375, -72.875, 4.938116998363192e-22, nan 
2.625, -72.875, 5.509572534054583e-22, nan 
2.875, -72.875, 6.583890246462221e-22, nan 
3.125, -72.875, 8.920847380591147e-22, nan 
3.375, -72.875, 1.608949001413138e-21, nan 
3.625, -72.875, 2.126512738181282e-21, nan 
3.875, -72.875, 3.0758404396583906e-21, nan 
4.125, -72.875, 3.4242538952070106e-21, nan 
4.375, -72.875, 3.588640265336544e-21, nan 
4.625, -72.875, 2.7061924129598667e-21, nan 
4.875, -72.875, 3.783770791238149e-21, nan 
5.125, -72.875, 3.425972630110946e-21, nan 
5.375, -72.875, 2.3617509417185873e-21, nan 
5.625, -72.875, 2.7354019575237396e-21, nan 
5.875, -72.875, 3.075652091295067e-21, nan 
6.125, -72.875, 2.5694535645590323e-21, nan 
6.375, -72.875, 1.475657890428752e-21, nan 
6.625, -72.875, 6.985730052432888e-22, nan 
6.875, -72.875, 6.196060838463677e-22, nan 
7.125, -72.875, 6.567639759512211e-22, nan 
7.375, -72.875, 7.780375506203335e-22, nan 
7.625, -72.875, 1.2759942927046455e-21, nan 
7.875, -72.875, 1.2402409778330076e-21, nan 
8.125, -72.875, 9.684108721280851e-22, nan 
8.375, -72.875, 1.185416173681213e-21, nan 
8.625, -72.875, 1.1449763236157984e-21, nan 
8.875, -72.875, 9.265039977259613e-22, nan 
9.125, -72.875, 1.3219928837130906e-21, nan 
9.375, -72.875, 1.3777560591488465e-21, nan 
9.625, -72.875, 1.1491658521719364e-21, nan 
9.875, -72.875, 1.2794234217168086e-21, nan 
10.125, -72.875, 1.5857256688732825e-21, nan 
10.375, -72.875, 8.42603265435234e-22, nan 
10.625, -72.875, 7.861238702532268e-22, nan 
10.875, -72.875, 8.110576917964892e-22, nan 
11.125, -72.875, 9.916271595701643e-22, nan 
11.375, -72.875, 5.543779769333969e-22, nan 
11.625, -72.875, 7.383477003588792e-22, nan 
11.875, -72.875, 9.198746798821443e-22, nan 
12.125, -72.875, 5.567749701392429e-22, nan 
12.375, -72.875, 4.338280969430691e-22, nan 
12.625, -72.875, 2.8446952436746036e-22, nan 
12.875, -72.875, 4.444625788444749e-22, nan 
13.125, -72.875, 3.4510304451161167e-22, nan 
13.375, -72.875, 3.355295959890443e-22, nan 
-74.125, -72.625, 2.9140870683440673e-23, nan 
-73.875, -72.625, 4.81170811639872e-23, nan 
-73.625, -72.625, 6.471064389664323e-23, nan 
-73.375, -72.625, 7.654351404432826e-23, nan 
-73.125, -72.625, 7.02603243757895e-23, nan 
-72.875, -72.625, 7.444205306199957e-23, nan 
-72.625, -72.625, 7.329742188739012e-23, nan 
-72.375, -72.625, 4.447387248407982e-23, nan 
-72.125, -72.625, 2.2103042765677848e-23, nan 
-71.875, -72.625, 8.053812280231859e-24, nan 
-71.625, -72.625, 7.732792124239937e-24, nan 
-71.375, -72.625, 1.0749574261853843e-23, nan 
-71.125, -72.625, 1.419573292804008e-23, nan 
-70.875, -72.625, 2.5418319066389838e-23, nan 
-70.625, -72.625, 3.128581524463428e-23, nan 
-70.375, -72.625, 2.0655330330909348e-23, nan 
-70.125, -72.625, 2.346086845170158e-23, nan 
-69.875, -72.625, 3.0572952012004044e-23, nan 
-69.625, -72.625, 2.246872369893029e-23, nan 
-69.375, -72.625, 1.892761325963815e-23, nan 
-69.125, -72.625, 1.8752040794936683e-23, nan 
-68.875, -72.625, 1.2226221977269564e-23, nan 
-68.625, -72.625, 1.314468917194305e-23, nan 
-68.375, -72.625, 1.237487752030132e-23, nan 
-68.125, -72.625, 1.1929223088744612e-23, nan 
-67.875, -72.625, 8.769708497791102e-24, nan 
-67.625, -72.625, 6.783597220345671e-24, nan 
-67.375, -72.625, 6.71092605410481e-24, nan 
-67.125, -72.625, 8.791845890891466e-24, nan 
-66.875, -72.625, 1.0265613166421593e-23, nan 
-66.625, -72.625, 1.2915933750327425e-23, nan 
-66.375, -72.625, 1.339510787843372e-23, nan 
-66.125, -72.625, 8.07945120447435e-24, nan 
-65.875, -72.625, 1.0245714116482393e-23, nan 
-65.625, -72.625, 9.014255673133936e-24, nan 
-65.375, -72.625, 3.530443880986884e-24, nan 
-65.125, -72.625, 4.574890308261543e-24, nan 
-64.875, -72.625, 4.095947783003547e-24, nan 
-64.625, -72.625, 5.7136636808002074e-24, nan 
-64.375, -72.625, 5.504932640684276e-24, nan 
-64.125, -72.625, 5.216241792197482e-24, nan 
-63.875, -72.625, 4.8970682503639705e-24, nan 
-63.625, -72.625, 4.583537989428532e-24, nan 
-63.375, -72.625, 5.4571539217508785e-24, nan 
-63.125, -72.625, 4.9567077065155125e-24, nan 
-62.875, -72.625, 6.952627532415651e-24, nan 
-62.625, -72.625, 6.4689418388728176e-24, nan 
-62.375, -72.625, 6.427276243543382e-24, nan 
-62.125, -72.625, 4.746037156277077e-24, nan 
-61.875, -72.625, 6.11585938488564e-24, nan 
-61.625, -72.625, 6.211315577878613e-24, nan 
-61.375, -72.625, 5.769347802924754e-24, nan 
-61.125, -72.625, 7.446906601033813e-24, nan 
-60.875, -72.625, 9.448744643397837e-24, nan 
-60.625, -72.625, 8.196657683975126e-24, nan 
-60.375, -72.625, 5.157419525384074e-24, nan 
-60.125, -72.625, 7.506757155060855e-24, nan 
-59.875, -72.625, 8.402100214653457e-24, nan 
-59.625, -72.625, 5.871029722676271e-24, nan 
-59.375, -72.625, 5.954191760908864e-24, nan 
-59.125, -72.625, 4.999905385022613e-24, nan 
-58.875, -72.625, 3.0488336392634645e-24, nan 
-58.625, -72.625, 3.292251208510277e-24, nan 
-58.375, -72.625, 4.319263472825036e-24, nan 
-58.125, -72.625, 8.100658638380619e-24, nan 
-57.875, -72.625, 5.590430384395241e-24, nan 
-57.625, -72.625, 5.062605443359233e-24, nan 
-57.375, -72.625, 8.06552542986011e-24, nan 
-57.125, -72.625, 9.697822774824983e-24, nan 
-56.875, -72.625, 9.120855572615035e-24, nan 
-56.625, -72.625, 7.860739215697999e-24, nan 
-56.375, -72.625, 8.718412811719101e-24, nan 
-56.125, -72.625, 1.1315306742600568e-23, nan 
-55.875, -72.625, 9.772887830929882e-24, nan 
-55.625, -72.625, 6.106813588927163e-24, nan 
-55.375, -72.625, 4.4970717868635496e-24, nan 
-55.125, -72.625, 4.0947056732157186e-24, nan 
-54.875, -72.625, 1.0439328377182156e-23, nan 
-54.625, -72.625, 1.4659950650074567e-23, nan 
-54.375, -72.625, 1.89015882582498e-23, nan 
-54.125, -72.625, 2.148719670058869e-23, nan 
-53.875, -72.625, 4.097973686462522e-23, nan 
-53.625, -72.625, 4.4972829062248873e-23, nan 
-53.375, -72.625, 2.679613228441198e-23, nan 
-53.125, -72.625, 6.379027221154569e-23, nan 
-52.875, -72.625, 8.124879840167081e-23, nan 
-52.625, -72.625, 5.0240054103690156e-23, nan 
-52.375, -72.625, 6.630366865999296e-23, nan 
-52.125, -72.625, 7.727032665204246e-23, nan 
-51.875, -72.625, 6.218987713434756e-23, nan 
-51.625, -72.625, 5.018394703863665e-23, nan 
-51.375, -72.625, 2.0843892394365904e-23, nan 
-51.125, -72.625, 9.574963719447032e-23, nan 
-50.875, -72.625, 1.3481244690083087e-22, nan 
-50.625, -72.625, 1.5243833087896958e-22, nan 
-50.375, -72.625, 1.505862010869071e-22, nan 
-50.125, -72.625, 1.3564036751306214e-22, nan 
-49.875, -72.625, 9.646740229759264e-23, nan 
-49.625, -72.625, 1.1859972000512197e-22, nan 
-49.375, -72.625, 1.219099896129976e-22, nan 
-49.125, -72.625, 8.303063982600423e-23, nan 
-48.875, -72.625, 2.813204290456757e-23, nan 
-48.625, -72.625, 1.0380656883176513e-22, nan 
-48.375, -72.625, 1.5400216600981448e-22, nan 
-48.125, -72.625, 1.2369139270358756e-22, nan 
-47.875, -72.625, 1.5103731040398445e-22, nan 
-47.625, -72.625, 1.2272806658466656e-22, nan 
-47.375, -72.625, 1.110940125243346e-22, nan 
-47.125, -72.625, 1.3256901055774865e-22, nan 
-46.875, -72.625, 7.658299294072988e-23, nan 
-46.625, -72.625, 5.688009348131203e-23, nan 
-46.375, -72.625, 6.014495666461716e-23, nan 
-46.125, -72.625, 4.174395365831757e-23, nan 
-45.875, -72.625, 5.166655570139541e-23, nan 
-45.625, -72.625, 1.2682729177573622e-23, nan 
-45.375, -72.625, 1.1987217717514415e-23, nan 
-45.125, -72.625, 7.468077117466873e-24, nan 
-44.875, -72.625, 1.1524396342274046e-23, nan 
-44.625, -72.625, 9.646913162773633e-24, nan 
-44.375, -72.625, 4.378704475324473e-24, nan 
-44.125, -72.625, 8.472537172568722e-24, nan 
-43.875, -72.625, 7.98808930595303e-24, nan 
-43.625, -72.625, 7.556771286623523e-24, nan 
-43.375, -72.625, 5.9700651699866306e-24, nan 
-43.125, -72.625, 1.8378040656319524e-23, nan 
-42.875, -72.625, 9.098421206823349e-24, nan 
-42.625, -72.625, 1.0474758865922145e-23, nan 
-42.375, -72.625, 3.3603545966297384e-23, nan 
-42.125, -72.625, 5.064248839654534e-23, nan 
-41.875, -72.625, 3.685371034771477e-23, nan 
-41.625, -72.625, 2.7302400948253154e-23, nan 
-41.375, -72.625, 2.7839893537921513e-23, nan 
-41.125, -72.625, 4.7433254555193675e-23, nan 
-40.875, -72.625, 4.033999134155941e-23, nan 
-40.625, -72.625, 6.334331866189826e-23, nan 
-40.375, -72.625, 4.903118200241009e-23, nan 
-40.125, -72.625, 3.9922665921555387e-23, nan 
-39.875, -72.625, 5.082943780960345e-23, nan 
-39.625, -72.625, 4.063174289042929e-23, nan 
-39.375, -72.625, 4.744967175130552e-23, nan 
-39.125, -72.625, 5.932262147449912e-23, nan 
-38.875, -72.625, 5.371667829774536e-23, nan 
-38.625, -72.625, 4.8722167644603346e-23, nan 
-38.375, -72.625, 7.366098706453594e-23, nan 
-38.125, -72.625, 7.359402197180818e-23, nan 
-37.875, -72.625, 8.022593002626001e-23, nan 
-37.625, -72.625, 7.856657093109643e-23, nan 
-37.375, -72.625, 8.547599742338079e-23, nan 
-37.125, -72.625, 1.164756549043896e-22, nan 
-36.875, -72.625, 1.5322148501992732e-22, nan 
-36.625, -72.625, 1.0340051011080301e-22, nan 
-36.375, -72.625, 1.3760036181968717e-22, nan 
-36.125, -72.625, 2.024507463576474e-22, nan 
-35.875, -72.625, 1.73909380872182e-22, nan 
-35.625, -72.625, 2.498306330383235e-22, nan 
-35.375, -72.625, 2.7111006814122055e-22, nan 
-35.125, -72.625, 2.2759260860342854e-22, nan 
-34.875, -72.625, 2.810271511827113e-22, nan 
-34.625, -72.625, 2.836042640196635e-22, nan 
-34.375, -72.625, 1.3044900071220274e-22, nan 
-34.125, -72.625, 3.334098280994512e-23, nan 
-33.875, -72.625, 4.652253478480575e-23, nan 
-33.625, -72.625, 4.933192048758463e-23, nan 
-33.375, -72.625, 3.8790948148434773e-23, nan 
-33.125, -72.625, 4.053567110718245e-23, nan 
-32.875, -72.625, 3.364336573834218e-23, nan 
-32.625, -72.625, 2.9084011731341644e-23, nan 
-32.375, -72.625, 2.6107457752563425e-23, nan 
-32.125, -72.625, 3.716030808338125e-23, nan 
-31.875, -72.625, 2.7710617333503155e-23, nan 
-31.625, -72.625, 1.0172396610176736e-22, nan 
-31.375, -72.625, 2.874843267659968e-22, nan 
-31.125, -72.625, 4.296391276037846e-22, nan 
-30.875, -72.625, 4.1171865758630063e-22, nan 
-30.625, -72.625, 4.131615928803297e-22, nan 
-30.375, -72.625, 4.767982284305604e-22, nan 
-30.125, -72.625, 4.375313631878501e-22, nan 
-29.875, -72.625, 2.337917997061442e-22, nan 
-29.625, -72.625, 6.18394760173321e-23, nan 
-29.375, -72.625, 8.87475588740284e-23, nan 
-29.125, -72.625, 8.275785922847962e-23, nan 
-28.875, -72.625, 1.0255902199071666e-22, nan 
-28.625, -72.625, 1.354617652483313e-22, nan 
-28.375, -72.625, 1.099313863206869e-22, nan 
-28.125, -72.625, 1.4877202521037778e-22, nan 
-27.875, -72.625, 2.0124521337928468e-22, nan 
-27.625, -72.625, 1.7065106305541348e-22, nan 
-27.375, -72.625, 1.772058310287863e-22, nan 
-27.125, -72.625, 1.6375521733692352e-22, nan 
-26.875, -72.625, 3.5645062896123183e-22, nan 
-26.625, -72.625, 4.379070444438391e-22, nan 
-26.375, -72.625, 4.0901473463777086e-22, nan 
-26.125, -72.625, 4.699395487759468e-22, nan 
-25.875, -72.625, 5.324269280514569e-22, nan 
-25.625, -72.625, 2.712195972463688e-22, nan 
-25.375, -72.625, 2.6996797618510743e-22, nan 
-25.125, -72.625, 2.7694500496863964e-22, nan 
-24.875, -72.625, 3.0750795316022027e-22, nan 
-24.625, -72.625, 3.558194552180859e-22, nan 
-24.375, -72.625, 2.6106140333926716e-22, nan 
-24.125, -72.625, 2.2873834106388377e-22, nan 
-23.875, -72.625, 2.257814318974098e-22, nan 
-23.625, -72.625, 2.9867318619999624e-22, nan 
-23.375, -72.625, 2.752518595011634e-22, nan 
-23.125, -72.625, 2.6940021053381144e-22, nan 
-22.875, -72.625, 2.4005871468876445e-22, nan 
-22.625, -72.625, 2.3784248605634203e-22, nan 
-22.375, -72.625, 2.8124966530337026e-22, nan 
-22.125, -72.625, 3.3787822052237126e-22, nan 
-21.875, -72.625, 5.839133967502373e-22, nan 
-21.625, -72.625, 1.5862006262996834e-21, nan 
-21.375, -72.625, 1.866077175980619e-21, nan 
-21.125, -72.625, 1.8109210946003934e-21, nan 
-20.875, -72.625, 1.996451513357048e-21, nan 
-20.625, -72.625, 2.666019031188978e-21, nan 
-20.375, -72.625, 2.1353389090431643e-21, nan 
-20.125, -72.625, 6.723425523000645e-22, nan 
-19.875, -72.625, 1.5131411776194807e-21, nan 
-19.625, -72.625, 1.3668269839712852e-21, nan 
-19.375, -72.625, 1.0284789052557703e-21, nan 
-19.125, -72.625, 1.4229471679235995e-21, nan 
-18.875, -72.625, 2.523401851973961e-21, nan 
-18.625, -72.625, 1.723740253344159e-21, nan 
-18.375, -72.625, 1.6197891825481119e-21, nan 
-18.125, -72.625, 2.365598886721832e-21, nan 
-17.875, -72.625, 1.546381014908021e-21, nan 
-17.625, -72.625, 1.2043265782376717e-21, nan 
-17.375, -72.625, 7.274340154456254e-22, nan 
-17.125, -72.625, 8.307459800538421e-22, nan 
-16.875, -72.625, 1.479941579054734e-21, nan 
-16.625, -72.625, 1.1012967685606382e-21, nan 
-16.375, -72.625, 1.1166451825534003e-21, nan 
-16.125, -72.625, 8.916244927242787e-22, nan 
-15.875, -72.625, 1.3644380645800598e-21, nan 
-15.625, -72.625, 1.2842177246421156e-21, nan 
-15.375, -72.625, 1.345116322002765e-21, nan 
-15.125, -72.625, 1.4116578982602562e-21, nan 
-14.875, -72.625, 1.0118186282568859e-21, nan 
-14.625, -72.625, 1.0164464579118809e-21, nan 
-14.375, -72.625, 9.408589063727913e-22, nan 
-14.125, -72.625, 2.0523044794491276e-21, nan 
-13.875, -72.625, 1.2847712988345565e-21, nan 
-13.625, -72.625, 4.591482513095056e-21, nan 
-13.375, -72.625, 5.550778009774722e-21, nan 
-13.125, -72.625, 2.3740633511536014e-21, nan 
-12.875, -72.625, 8.587710683029153e-21, nan 
-12.625, -72.625, 9.941899107008979e-21, nan 
-12.375, -72.625, 6.2790647032121735e-21, nan 
-12.125, -72.625, 4.86924060436193e-21, nan 
-11.875, -72.625, 7.29771156419629e-21, nan 
-11.625, -72.625, 1.1860360837642513e-20, nan 
-11.375, -72.625, 9.695482143414789e-21, nan 
-11.125, -72.625, 6.640866831114518e-21, nan 
-10.875, -72.625, 6.402270087379565e-21, nan 
-10.625, -72.625, 6.0150204531085256e-21, nan 
-10.375, -72.625, 4.068778322568051e-21, nan 
-10.125, -72.625, 2.602663565789336e-21, nan 
-9.875, -72.625, 7.246847019778795e-21, nan 
-9.625, -72.625, 7.965095731691113e-21, nan 
-9.375, -72.625, 1.3217386785747023e-20, nan 
-9.125, -72.625, 2.5038504888996007e-20, nan 
-8.875, -72.625, 4.1657433202754436e-20, nan 
-8.625, -72.625, 4.096814214994556e-20, nan 
-8.375, -72.625, 2.486518100295876e-20, nan 
-8.125, -72.625, 2.678493885236769e-20, nan 
-7.875, -72.625, 1.9267915954519248e-20, nan 
-7.625, -72.625, 1.3474664007183268e-20, nan 
-7.375, -72.625, 1.907205158186679e-21, nan 
-7.125, -72.625, 1.798224041535181e-21, nan 
-6.875, -72.625, 2.371365976557006e-21, nan 
-6.625, -72.625, 2.223674076603296e-21, nan 
-6.375, -72.625, 1.9069100260086405e-21, nan 
-6.125, -72.625, 2.5512882466683737e-21, nan 
-5.875, -72.625, 2.760602402065103e-21, nan 
-5.625, -72.625, 9.032268918871492e-22, nan 
-5.375, -72.625, 1.1991677478373744e-21, nan 
-5.125, -72.625, 9.783654175557585e-22, nan 
-4.875, -72.625, 1.605404302307607e-20, nan 
-4.625, -72.625, 2.8914682479356995e-20, nan 
-4.375, -72.625, 2.949059282399898e-20, nan 
-4.125, -72.625, 3.466715605709619e-20, nan 
-3.875, -72.625, 3.9642544940249804e-20, nan 
-3.625, -72.625, 2.193280573844283e-20, nan 
-3.375, -72.625, 1.9070500808845042e-20, nan 
-3.125, -72.625, 2.872353459435226e-20, nan 
-2.875, -72.625, 2.5546170880771458e-20, nan 
-2.625, -72.625, 1.4303323447349818e-20, nan 
-2.375, -72.625, 9.90792066345554e-21, nan 
-2.125, -72.625, 5.306979858096327e-21, nan 
-1.875, -72.625, 6.734522090382185e-21, nan 
-1.625, -72.625, 6.812630133959091e-21, nan 
-1.375, -72.625, 8.16053053664685e-21, nan 
-1.125, -72.625, 8.201510268914877e-21, nan 
-0.875, -72.625, 8.05030939728952e-21, nan 
-0.625, -72.625, 9.069589012614225e-21, nan 
-0.375, -72.625, 6.879602104216691e-21, nan 
-0.125, -72.625, 8.630569596018797e-21, nan 
0.125, -72.625, 4.530630599849653e-21, nan 
0.375, -72.625, 2.348696638234633e-21, nan 
0.625, -72.625, 1.291403920340791e-21, nan 
0.875, -72.625, 1.0627621975685169e-21, nan 
1.125, -72.625, 4.971662452922958e-22, nan 
1.375, -72.625, 5.2640782165693395e-22, nan 
1.625, -72.625, 8.859083976231965e-22, nan 
1.875, -72.625, 3.714240464475961e-22, nan 
2.125, -72.625, 5.458915652465026e-22, nan 
2.375, -72.625, 5.794178425995152e-22, nan 
2.625, -72.625, 5.650411928873488e-22, nan 
2.875, -72.625, 5.931073863438811e-22, nan 
3.125, -72.625, 7.048827305314299e-22, nan 
3.375, -72.625, 7.620201022131485e-22, nan 
3.625, -72.625, 8.643490655797935e-22, nan 
3.875, -72.625, 2.7070232975573626e-21, nan 
4.125, -72.625, 3.162906777264184e-21, nan 
4.375, -72.625, 3.555951766943666e-21, nan 
4.625, -72.625, 4.3509856044246385e-21, nan 
4.875, -72.625, 4.882732252473039e-21, nan 
5.125, -72.625, 4.631509347268107e-21, nan 
5.375, -72.625, 3.080881387729403e-21, nan 
5.625, -72.625, 4.890442679202794e-21, nan 
5.875, -72.625, 4.766928198251574e-21, nan 
6.125, -72.625, 3.49918081582576e-21, nan 
6.375, -72.625, 2.8949874657873613e-21, nan 
6.625, -72.625, 3.1372044059848446e-21, nan 
6.875, -72.625, 2.342170675747254e-21, nan 
7.125, -72.625, 1.3054270359590323e-21, nan 
7.375, -72.625, 8.182162135363885e-22, nan 
7.625, -72.625, 1.5423268611329711e-21, nan 
7.875, -72.625, 2.9174715735042006e-21, nan 
8.125, -72.625, 1.800458981166243e-21, nan 
8.375, -72.625, 1.9866165770694576e-21, nan 
8.625, -72.625, 4.178320329868557e-21, nan 
8.875, -72.625, 2.593558577203429e-21, nan 
9.125, -72.625, 2.1195134205888037e-21, nan 
9.375, -72.625, 2.4719928370649898e-21, nan 
9.625, -72.625, 1.725956758587275e-21, nan 
9.875, -72.625, 1.4788769653643636e-21, nan 
10.125, -72.625, 2.2199642917524576e-21, nan 
10.375, -72.625, 2.2644633832953227e-21, nan 
10.625, -72.625, 7.345094638448404e-22, nan 
10.875, -72.625, 1.4850269251779034e-21, nan 
11.125, -72.625, 2.18403202873532e-21, nan 
11.375, -72.625, 1.3994023419451242e-21, nan 
11.625, -72.625, 9.922532807156397e-22, nan 
11.875, -72.625, 1.7060867914527796e-21, nan 
12.125, -72.625, 1.3016103334068206e-21, nan 
12.375, -72.625, 7.182437380886368e-22, nan 
12.625, -72.625, 6.7373228833891695e-22, nan 
12.875, -72.625, 5.576168760173843e-22, nan 
13.125, -72.625, 3.970090447499163e-22, nan 
-73.125, -72.375, 7.48303219708366e-23, nan 
-72.875, -72.375, 7.176057807093717e-23, nan 
-72.625, -72.375, 8.064548404030653e-23, nan 
-72.375, -72.375, 6.647912005272911e-23, nan 
-72.125, -72.375, 4.5974067500665635e-23, nan 
-71.875, -72.375, 1.5082161393279367e-23, nan 
-71.625, -72.375, 1.4696266175828692e-23, nan 
-71.375, -72.375, 1.3446737461663245e-23, nan 
-71.125, -72.375, 1.0952358661472748e-23, nan 
-70.875, -72.375, 1.1384260358956546e-23, nan 
-70.625, -72.375, 1.947170291212047e-23, nan 
-70.375, -72.375, 2.2818320093077448e-23, nan 
-70.125, -72.375, 2.3441022126177852e-23, nan 
-69.875, -72.375, 2.1912175491291837e-23, nan 
-69.625, -72.375, 2.40468529474e-23, nan 
-69.375, -72.375, 2.483028059039304e-23, nan 
-69.125, -72.375, 2.027966706377177e-23, nan 
-68.875, -72.375, 1.8780499172709167e-23, nan 
-68.625, -72.375, 1.7544993560402324e-23, nan 
-68.375, -72.375, 1.623091874621616e-23, nan 
-68.125, -72.375, 1.4343275060671008e-23, nan 
-67.875, -72.375, 8.837801675203366e-24, nan 
-67.625, -72.375, 8.484099970135188e-24, nan 
-67.375, -72.375, 1.0828186383637043e-23, nan 
-67.125, -72.375, 9.639373330164152e-24, nan 
-66.875, -72.375, 9.243941051697856e-24, nan 
-66.625, -72.375, 1.1572689173771533e-23, nan 
-66.375, -72.375, 1.2824509261580936e-23, nan 
-66.125, -72.375, 2.9561025035227994e-24, nan 
-65.875, -72.375, 2.317136361229301e-24, nan 
-65.625, -72.375, 4.6544011110396564e-24, nan 
-65.375, -72.375, 2.5375614466600183e-24, nan 
-65.125, -72.375, 3.497009274223354e-24, nan 
-64.875, -72.375, 5.958054706145983e-24, nan 
-64.625, -72.375, 3.431232227797274e-24, nan 
-64.375, -72.375, 4.079943790042342e-24, nan 
-64.125, -72.375, 5.913030728366242e-24, nan 
-63.875, -72.375, 3.8911535199328814e-24, nan 
-63.625, -72.375, 3.621363830907884e-24, nan 
-63.375, -72.375, 3.692317125769707e-24, nan 
-63.125, -72.375, 2.3201367061272215e-24, nan 
-62.875, -72.375, 3.0213290911654215e-24, nan 
-62.625, -72.375, 4.238884151047654e-24, nan 
-62.375, -72.375, 3.782088075026428e-24, nan 
-62.125, -72.375, 3.289639794761861e-24, nan 
-61.875, -72.375, 1.8471033342393086e-24, nan 
-61.625, -72.375, 2.1578908809322132e-24, nan 
-61.375, -72.375, 3.1774728986467142e-24, nan 
-61.125, -72.375, 4.1627917413314395e-24, nan 
-60.875, -72.375, 3.0103807236393884e-24, nan 
-60.625, -72.375, 3.2209341267521915e-24, nan 
-60.375, -72.375, 4.738633223567232e-24, nan 
-60.125, -72.375, 5.299469675343813e-24, nan 
-59.875, -72.375, 4.504287996052604e-24, nan 
-59.625, -72.375, 6.46253626519388e-24, nan 
-59.375, -72.375, 6.464975997738206e-24, nan 
-59.125, -72.375, 3.1230885165794663e-24, nan 
-58.875, -72.375, 6.117721899174782e-24, nan 
-58.625, -72.375, 7.096361075899681e-24, nan 
-58.375, -72.375, 6.3844032946524635e-24, nan 
-58.125, -72.375, 9.465341639521933e-24, nan 
-57.875, -72.375, 7.051443047881374e-24, nan 
-57.625, -72.375, 1.0279575969638035e-23, nan 
-57.375, -72.375, 5.901465623028269e-24, nan 
-57.125, -72.375, 9.199211818330006e-24, nan 
-56.875, -72.375, 1.0755964674158228e-23, nan 
-56.625, -72.375, 5.418576248760471e-24, nan 
-56.375, -72.375, 5.957588698563128e-24, nan 
-56.125, -72.375, 8.88178651399117e-24, nan 
-55.875, -72.375, 6.271178521167401e-24, nan 
-55.625, -72.375, 4.948525949209503e-24, nan 
-55.375, -72.375, 6.310561495143351e-24, nan 
-55.125, -72.375, 1.1761231284387786e-23, nan 
-54.875, -72.375, 1.7309178137915372e-23, nan 
-54.625, -72.375, 1.9428045880888677e-23, nan 
-54.375, -72.375, 2.7497100938894236e-23, nan 
-54.125, -72.375, 3.2930343108842715e-23, nan 
-53.875, -72.375, 4.409953309403953e-23, nan 
-53.625, -72.375, 4.555716953746348e-23, nan 
-53.375, -72.375, 5.166966222488965e-23, nan 
-53.125, -72.375, 5.993523101347157e-23, nan 
-52.875, -72.375, 5.1817536819308084e-23, nan 
-52.625, -72.375, 6.768199524372602e-23, nan 
-52.375, -72.375, 7.606144952339656e-23, nan 
-52.125, -72.375, 8.302212579973885e-23, nan 
-51.875, -72.375, 7.586068918020915e-23, nan 
-51.625, -72.375, 1.166980460631423e-22, nan 
-51.375, -72.375, 1.8614406368742146e-22, nan 
-51.125, -72.375, 1.1272727768399e-22, nan 
-50.875, -72.375, 2.23853898899044e-22, nan 
-50.625, -72.375, 2.946243788728151e-22, nan 
-50.375, -72.375, 2.129879050975817e-22, nan 
-50.125, -72.375, 1.8553108698077417e-22, nan 
-49.875, -72.375, 1.487496280192989e-22, nan 
-49.625, -72.375, 1.141176309480262e-22, nan 
-49.375, -72.375, 1.243817509706073e-22, nan 
-49.125, -72.375, 1.5096020085143127e-22, nan 
-48.875, -72.375, 9.896865288361665e-23, nan 
-48.625, -72.375, 1.3454380132670606e-22, nan 
-48.375, -72.375, 1.7213669864020362e-22, nan 
-48.125, -72.375, 1.1522353383690628e-22, nan 
-47.875, -72.375, 1.0465667028321184e-22, nan 
-47.625, -72.375, 6.046767141585755e-23, nan 
-47.375, -72.375, 4.380667242622431e-23, nan 
-47.125, -72.375, 5.0512872671286786e-24, nan 
-46.875, -72.375, 4.923690455171697e-24, nan 
-46.625, -72.375, 1.1308216266036745e-23, nan 
-46.375, -72.375, 9.223071806075728e-24, nan 
-46.125, -72.375, 1.2343080731454383e-23, nan 
-45.875, -72.375, 1.625777654827713e-23, nan 
-45.625, -72.375, 1.1896119548091754e-23, nan 
-45.375, -72.375, 1.684850918953693e-23, nan 
-45.125, -72.375, 2.243108336823485e-23, nan 
-44.875, -72.375, 8.320934455965781e-24, nan 
-44.625, -72.375, 4.353671689045836e-24, nan 
-44.375, -72.375, 5.769109521190837e-24, nan 
-44.125, -72.375, 1.2239191525164314e-23, nan 
-43.875, -72.375, 9.006014731183649e-24, nan 
-43.625, -72.375, 7.316253225230607e-24, nan 
-43.375, -72.375, 1.3582120727163e-23, nan 
-43.125, -72.375, 3.3739702846749984e-23, nan 
-42.875, -72.375, 5.54726669902933e-23, nan 
-42.625, -72.375, 2.5850333643514038e-23, nan 
-42.375, -72.375, 4.702527677023686e-23, nan 
-42.125, -72.375, 9.28040820158987e-23, nan 
-41.875, -72.375, 7.689730843481671e-23, nan 
-41.625, -72.375, 9.485696934144166e-23, nan 
-41.375, -72.375, 1.0999046119578661e-22, nan 
-41.125, -72.375, 1.0282643720236171e-22, nan 
-40.875, -72.375, 1.0556358654301362e-22, nan 
-40.625, -72.375, 8.919220891974662e-23, nan 
-40.375, -72.375, 6.495663592088032e-23, nan 
-40.125, -72.375, 7.534636260134826e-23, nan 
-39.875, -72.375, 7.943299337636804e-23, nan 
-39.625, -72.375, 6.232752563075835e-23, nan 
-39.375, -72.375, 8.175330372326136e-23, nan 
-39.125, -72.375, 9.479799628092787e-23, nan 
-38.875, -72.375, 6.723757069348545e-23, nan 
-38.625, -72.375, 1.2490491786107877e-22, nan 
-38.375, -72.375, 1.4215799351858738e-22, nan 
-38.125, -72.375, 7.972299601595399e-23, nan 
-37.875, -72.375, 1.0121747574534741e-22, nan 
-37.625, -72.375, 1.0367124093324414e-22, nan 
-37.375, -72.375, 6.725036683420012e-23, nan 
-37.125, -72.375, 1.0050294521679414e-22, nan 
-36.875, -72.375, 9.476705664091051e-23, nan 
-36.625, -72.375, 7.728840333096279e-23, nan 
-36.375, -72.375, 1.075953556624293e-22, nan 
-36.125, -72.375, 1.697111623190107e-22, nan 
-35.875, -72.375, 1.173635518659934e-22, nan 
-35.625, -72.375, 1.821972461220149e-22, nan 
-35.375, -72.375, 2.386225354971049e-22, nan 
-35.125, -72.375, 1.513928869952321e-22, nan 
-34.875, -72.375, 1.7805917294163369e-22, nan 
-34.625, -72.375, 2.4009461762051804e-22, nan 
-34.375, -72.375, 1.7385762957419194e-22, nan 
-34.125, -72.375, 8.945269911893881e-23, nan 
-33.875, -72.375, 7.922188263374593e-23, nan 
-33.625, -72.375, 6.186304531237138e-23, nan 
-33.375, -72.375, 4.599753648596808e-23, nan 
-33.125, -72.375, 3.758359066181632e-23, nan 
-32.875, -72.375, 4.6066899380917207e-23, nan 
-32.625, -72.375, 9.83667872923087e-23, nan 
-32.375, -72.375, 6.043441143584486e-23, nan 
-32.125, -72.375, 6.557230304238901e-23, nan 
-31.875, -72.375, 8.242445619319411e-23, nan 
-31.625, -72.375, 1.0547300341000554e-22, nan 
-31.375, -72.375, 7.29606178038354e-23, nan 
-31.125, -72.375, 2.9618042504736333e-22, nan 
-30.875, -72.375, 4.518529856573456e-22, nan 
-30.625, -72.375, 7.236337548867215e-22, nan 
-30.375, -72.375, 5.188270270710965e-22, nan 
-30.125, -72.375, 5.233191051743418e-22, nan 
-29.875, -72.375, 5.895088719789204e-22, nan 
-29.625, -72.375, 3.946810788137569e-22, nan 
-29.375, -72.375, 2.404085898163892e-22, nan 
-29.125, -72.375, 3.233918503612602e-22, nan 
-28.875, -72.375, 1.787394126227565e-22, nan 
-28.625, -72.375, 1.4044279557006443e-22, nan 
-28.375, -72.375, 7.561932061998313e-23, nan 
-28.125, -72.375, 5.0615549068502186e-23, nan 
-27.875, -72.375, 9.385656308988785e-23, nan 
-27.625, -72.375, 6.259106238436421e-23, nan 
-27.375, -72.375, 1.7600784233809015e-22, nan 
-27.125, -72.375, 2.9643439397684504e-22, nan 
-26.875, -72.375, 1.0151068847189011e-22, nan 
-26.625, -72.375, 6.879052149641682e-22, nan 
-26.375, -72.375, 1.057239675427212e-21, nan 
-26.125, -72.375, 7.093758595985677e-22, nan 
-25.875, -72.375, 1.302648219136405e-21, nan 
-25.625, -72.375, 1.2771843463943415e-21, nan 
-25.375, -72.375, 7.340351483402454e-22, nan 
-25.125, -72.375, 2.91682953412825e-22, nan 
-24.875, -72.375, 3.7275524560315482e-22, nan 
-24.625, -72.375, 3.310122167208667e-22, nan 
-24.375, -72.375, 4.529012955692628e-22, nan 
-24.125, -72.375, 6.206280258909388e-22, nan 
-23.875, -72.375, 6.191598894100138e-22, nan 
-23.625, -72.375, 4.1451380311666325e-22, nan 
-23.375, -72.375, 3.9499556937848533e-22, nan 
-23.125, -72.375, 4.668922871660709e-22, nan 
-22.875, -72.375, 3.8096823947585355e-22, nan 
-22.625, -72.375, 3.846176048010704e-22, nan 
-22.375, -72.375, 7.522994180367231e-22, nan 
-22.125, -72.375, 1.287733028137402e-21, nan 
-21.875, -72.375, 2.7983471827118882e-21, nan 
-21.625, -72.375, 3.4667334841149925e-21, nan 
-21.375, -72.375, 3.4432325275996125e-21, nan 
-21.125, -72.375, 2.748975054332023e-21, nan 
-20.875, -72.375, 3.636535825561694e-21, nan 
-20.625, -72.375, 3.4053914984101295e-21, nan 
-20.375, -72.375, 1.2781644708408813e-21, nan 
-20.125, -72.375, 2.4128200738598687e-21, nan 
-19.875, -72.375, 2.342329026008394e-21, nan 
-19.625, -72.375, 1.818276428144268e-21, nan 
-19.375, -72.375, 2.164859986493681e-21, nan 
-19.125, -72.375, 1.8058397685135733e-21, nan 
-18.875, -72.375, 2.4125670298897973e-21, nan 
-18.625, -72.375, 3.4033612623431225e-21, nan 
-18.375, -72.375, 3.5599210265116e-21, nan 
-18.125, -72.375, 4.312815949861351e-21, nan 
-17.875, -72.375, 3.851683081702281e-21, nan 
-17.625, -72.375, 3.6867477904295915e-21, nan 
-17.375, -72.375, 3.2977515450290283e-21, nan 
-17.125, -72.375, 1.8203454452480926e-21, nan 
-16.875, -72.375, 1.7747590644338313e-21, nan 
-16.625, -72.375, 1.1330900344257934e-21, nan 
-16.375, -72.375, 8.157712174780685e-22, nan 
-16.125, -72.375, 9.727020131575099e-22, nan 
-15.875, -72.375, 1.186879095953373e-21, nan 
-15.625, -72.375, 1.1266222560676871e-21, nan 
-15.375, -72.375, 8.6088003949077e-22, nan 
-15.125, -72.375, 1.0506883296808008e-21, nan 
-14.875, -72.375, 9.989233584135842e-22, nan 
-14.625, -72.375, 1.179249427314782e-21, nan 
-14.375, -72.375, 1.5652662253414065e-21, nan 
-14.125, -72.375, 1.7474922312150574e-21, nan 
-13.875, -72.375, 1.7576779776800203e-21, nan 
-13.625, -72.375, 1.8482099777998068e-21, nan 
-13.375, -72.375, 4.537304847517413e-21, nan 
-13.125, -72.375, 2.8408589503383193e-21, nan 
-12.875, -72.375, 1.5348054490951886e-20, nan 
-12.625, -72.375, 2.1165702407848748e-20, nan 
-12.375, -72.375, 2.665031783380078e-20, nan 
-12.125, -72.375, 2.8664170721626883e-20, nan 
-11.875, -72.375, 1.7803796111854037e-20, nan 
-11.625, -72.375, 3.300115320822808e-20, nan 
-11.375, -72.375, 2.6990804297662552e-20, nan 
-11.125, -72.375, 1.8474788735801482e-20, nan 
-10.875, -72.375, 2.395791881254048e-20, nan 
-10.625, -72.375, 2.0107449298650653e-20, nan 
-10.375, -72.375, 1.2598287570602977e-20, nan 
-10.125, -72.375, 2.0672764120951102e-20, nan 
-9.875, -72.375, 4.061098571362295e-20, nan 
-9.625, -72.375, 4.1808241923692345e-20, nan 
-9.375, -72.375, 3.9542617712603385e-20, nan 
-9.125, -72.375, 4.8169621369416424e-20, nan 
-8.875, -72.375, 5.3824495793912095e-20, nan 
-8.625, -72.375, 3.994116974937517e-20, nan 
-8.375, -72.375, 1.8428881130175362e-20, nan 
-8.125, -72.375, 2.5483675803093884e-21, nan 
-7.875, -72.375, 3.3720179990093825e-21, nan 
-7.625, -72.375, 3.496227525232461e-21, nan 
-7.375, -72.375, 2.7786763220537582e-21, nan 
-7.125, -72.375, 1.8069217228428524e-21, nan 
-6.875, -72.375, 2.419637133626902e-21, nan 
-6.625, -72.375, 2.3248624399985407e-21, nan 
-6.375, -72.375, 1.178374362028653e-21, nan 
-6.125, -72.375, 9.179145929073182e-22, nan 
-5.875, -72.375, 1.6530880629962164e-21, nan 
-5.625, -72.375, 2.3312398106445884e-21, nan 
-5.375, -72.375, 6.517488576885561e-21, nan 
-5.125, -72.375, 1.5355201972116143e-20, nan 
-4.875, -72.375, 1.439864899890513e-20, nan 
-4.625, -72.375, 1.3444074568526415e-20, nan 
-4.375, -72.375, 1.6805022478229718e-20, nan 
-4.125, -72.375, 2.5824758123230007e-20, nan 
-3.875, -72.375, 2.509069918721472e-20, nan 
-3.625, -72.375, 1.577462606670474e-20, nan 
-3.375, -72.375, 1.485440569515484e-20, nan 
-3.125, -72.375, 1.438844693504443e-20, nan 
-2.875, -72.375, 1.2422141498689374e-20, nan 
-2.625, -72.375, 1.2373107823946536e-20, nan 
-2.375, -72.375, 1.0858930613160091e-20, nan 
-2.125, -72.375, 1.0072283220848412e-20, nan 
-1.875, -72.375, 1.0555960067698662e-20, nan 
-1.625, -72.375, 9.942674494335751e-21, nan 
-1.375, -72.375, 1.0231024639061456e-20, nan 
-1.125, -72.375, 1.337077940851395e-20, nan 
-0.875, -72.375, 1.049546805318881e-20, nan 
-0.625, -72.375, 3.8502178265768206e-21, nan 
-0.375, -72.375, 3.709003165599036e-21, nan 
-0.125, -72.375, 8.683006754467064e-21, nan 
0.125, -72.375, 3.795636056162739e-21, nan 
0.375, -72.375, 3.769022836992263e-21, nan 
0.625, -72.375, 1.171989613242933e-20, nan 
0.875, -72.375, 8.299103018230004e-21, nan 
1.125, -72.375, 1.0539166035989938e-20, nan 
1.375, -72.375, 1.3757248334773928e-20, nan 
1.625, -72.375, 1.2376871713636909e-20, nan 
1.875, -72.375, 1.3772966651805924e-20, nan 
2.125, -72.375, 4.345698631609846e-21, nan 
2.375, -72.375, 1.063882202271887e-21, nan 
2.625, -72.375, 1.2595768794349846e-21, nan 
2.875, -72.375, 4.1860911799550374e-21, nan 
3.125, -72.375, 2.762650848637689e-21, nan 
3.375, -72.375, 9.437251332866201e-21, nan 
3.625, -72.375, 2.850847456681515e-21, nan 
3.875, -72.375, 1.2130606122550114e-21, nan 
4.125, -72.375, 1.1432873473727838e-21, nan 
4.375, -72.375, 1.0593548371417172e-21, nan 
4.625, -72.375, 3.206224647690118e-21, nan 
4.875, -72.375, 3.2186186509433697e-21, nan 
5.125, -72.375, 3.2815456485666357e-21, nan 
5.375, -72.375, 3.0022553867206424e-21, nan 
5.625, -72.375, 3.8602357401391224e-21, nan 
5.875, -72.375, 3.2578937432814425e-21, nan 
6.125, -72.375, 2.3666781351551836e-21, nan 
6.375, -72.375, 1.262734881105575e-21, nan 
6.625, -72.375, 6.449658827069052e-22, nan 
6.875, -72.375, 6.55559870932847e-22, nan 
7.125, -72.375, 5.629293192984948e-22, nan 
7.375, -72.375, 4.986426607586464e-22, nan 
7.625, -72.375, 5.043276250821049e-22, nan 
7.875, -72.375, 4.810633089492754e-22, nan 
8.125, -72.375, 4.976481070523911e-22, nan 
8.375, -72.375, 1.4910126512860758e-21, nan 
8.625, -72.375, 2.570799681053097e-21, nan 
8.875, -72.375, 2.301042734187427e-21, nan 
9.125, -72.375, 2.1087728723421076e-21, nan 
9.375, -72.375, 1.395772303494572e-21, nan 
9.625, -72.375, 1.3420405578170798e-21, nan 
9.875, -72.375, 1.5364130146462698e-21, nan 
10.125, -72.375, 1.4513588966810309e-21, nan 
10.375, -72.375, 1.093377728705683e-21, nan 
10.625, -72.375, 6.768251975618818e-22, nan 
10.875, -72.375, 8.148469465009167e-22, nan 
11.125, -72.375, 1.3998494621474021e-21, nan 
11.375, -72.375, 1.0499451650974652e-21, nan 
11.625, -72.375, 1.1571089757249896e-21, nan 
11.875, -72.375, 1.6101037954951983e-21, nan 
12.125, -72.375, 1.1625755449727746e-21, nan 
12.375, -72.375, 1.0078768403598686e-21, nan 
12.625, -72.375, 1.4687017245683745e-21, nan 
12.875, -72.375, 8.539516723384052e-22, nan 
13.125, -72.375, 6.377386007043279e-22, nan 
-71.875, -72.125, 3.440944937567544e-23, nan 
-71.625, -72.125, 9.251422684022084e-24, nan 
-71.375, -72.125, 2.474710516837842e-23, nan 
-71.125, -72.125, 3.1059283331983096e-23, nan 
-70.875, -72.125, 2.502688318098431e-23, nan 
-70.625, -72.125, 2.406746373233256e-23, nan 
-70.375, -72.125, 3.5551498852905964e-23, nan 
-70.125, -72.125, 2.8231586440934515e-23, nan 
-69.875, -72.125, 1.7870732345686298e-23, nan 
-69.625, -72.125, 1.71390538505593e-23, nan 
-69.375, -72.125, 2.001730325770776e-23, nan 
-69.125, -72.125, 1.767687160729166e-23, nan 
-68.875, -72.125, 6.833715154472434e-24, nan 
-68.625, -72.125, 8.468069059014807e-24, nan 
-68.375, -72.125, 9.620295832739186e-24, nan 
-68.125, -72.125, 7.552199243318495e-24, nan 
-67.875, -72.125, 5.928325337464397e-24, nan 
-67.625, -72.125, 6.95586842863403e-24, nan 
-67.375, -72.125, 5.5513239977584725e-24, nan 
-67.125, -72.125, 4.335080508312833e-24, nan 
-66.875, -72.125, 5.355804305817052e-24, nan 
-66.625, -72.125, 6.134687007646374e-24, nan 
-66.375, -72.125, 6.36615820640441e-24, nan 
-66.125, -72.125, 3.7690061587408044e-24, nan 
-65.875, -72.125, 4.149043696255119e-24, nan 
-65.625, -72.125, 4.095662419277535e-24, nan 
-65.375, -72.125, 3.494154092586938e-24, nan 
-65.125, -72.125, 2.32703065616721e-24, nan 
-64.875, -72.125, 3.6305851687509234e-24, nan 
-64.625, -72.125, 4.943381155047207e-24, nan 
-64.375, -72.125, 3.639784212762726e-24, nan 
-64.125, -72.125, 3.136124528558944e-24, nan 
-63.875, -72.125, 4.5315141816377036e-24, nan 
-63.625, -72.125, 5.7589295885862874e-24, nan 
-63.375, -72.125, 5.0732586783094586e-24, nan 
-63.125, -72.125, 4.680098225934006e-24, nan 
-62.875, -72.125, 6.4226430291834965e-24, nan 
-62.625, -72.125, 6.079943240347663e-24, nan 
-62.375, -72.125, 4.125892331969505e-24, nan 
-62.125, -72.125, 3.972292880948558e-24, nan 
-61.875, -72.125, 2.887506136152635e-24, nan 
-61.625, -72.125, 2.521106912857041e-24, nan 
-61.375, -72.125, 3.525738859016381e-24, nan 
-61.125, -72.125, 4.548937386950764e-24, nan 
-60.875, -72.125, 3.596886051687195e-24, nan 
-60.625, -72.125, 4.913130403119998e-24, nan 
-60.375, -72.125, 5.112339905431801e-24, nan 
-60.125, -72.125, 5.6176912103869036e-24, nan 
-59.875, -72.125, 7.020515993292999e-24, nan 
-59.625, -72.125, 8.799638853299614e-24, nan 
-59.375, -72.125, 7.148246766620153e-24, nan 
-59.125, -72.125, 6.664647419033172e-24, nan 
-58.875, -72.125, 1.0333511143279147e-23, nan 
-58.625, -72.125, 8.531572712390088e-24, nan 
-58.375, -72.125, 8.041806414095766e-24, nan 
-58.125, -72.125, 6.6008128720377095e-24, nan 
-57.875, -72.125, 7.372898993797735e-24, nan 
-57.625, -72.125, 5.7879503498666616e-24, nan 
-57.375, -72.125, 6.943731335635677e-24, nan 
-57.125, -72.125, 6.954424136671889e-24, nan 
-56.875, -72.125, 4.093618763342335e-24, nan 
-56.625, -72.125, 9.038826011505987e-24, nan 
-56.375, -72.125, 7.898028863068186e-24, nan 
-56.125, -72.125, 1.1768364080465787e-23, nan 
-55.875, -72.125, 1.0639663449736417e-23, nan 
-55.625, -72.125, 5.636756976447657e-24, nan 
-55.375, -72.125, 2.378058956887604e-23, nan 
-55.125, -72.125, 4.1121995924247924e-23, nan 
-54.875, -72.125, 3.1311825752767957e-23, nan 
-54.625, -72.125, 3.139266122840655e-23, nan 
-54.375, -72.125, 4.947352552809395e-23, nan 
-54.125, -72.125, 3.6991417602002546e-23, nan 
-53.875, -72.125, 5.000588153729354e-23, nan 
-53.625, -72.125, 6.832217269807489e-23, nan 
-53.375, -72.125, 5.519635319252048e-23, nan 
-53.125, -72.125, 5.314887598716146e-23, nan 
-52.875, -72.125, 6.489645820994974e-23, nan 
-52.625, -72.125, 6.03635900609039e-23, nan 
-52.375, -72.125, 4.4261474922835847e-23, nan 
-52.125, -72.125, 5.174279050100546e-23, nan 
-51.875, -72.125, 3.0601682681511005e-23, nan 
-51.625, -72.125, 1.3688850503098822e-22, nan 
-51.375, -72.125, 2.48584609679059e-22, nan 
-51.125, -72.125, 1.7907545454604795e-22, nan 
-50.875, -72.125, 2.0051526219455662e-22, nan 
-50.625, -72.125, 2.588301779783304e-22, nan 
-50.375, -72.125, 2.120815434488302e-22, nan 
-50.125, -72.125, 1.5028845776484113e-22, nan 
-49.875, -72.125, 1.0882619470823732e-22, nan 
-49.625, -72.125, 9.886314812753377e-23, nan 
-49.375, -72.125, 9.499505682735158e-23, nan 
-49.125, -72.125, 1.1634549691895528e-22, nan 
-48.875, -72.125, 8.632195966971319e-23, nan 
-48.625, -72.125, 2.6298441122653015e-23, nan 
-48.375, -72.125, 2.2794454209767133e-23, nan 
-48.125, -72.125, 3.499177979080494e-23, nan 
-47.875, -72.125, 1.7488885756318467e-23, nan 
-47.625, -72.125, 1.7123760640466656e-23, nan 
-47.375, -72.125, 5.353947150490309e-24, nan 
-47.125, -72.125, 1.0805170450154245e-23, nan 
-46.875, -72.125, 6.532372349830787e-24, nan 
-46.625, -72.125, 3.2507612658214033e-24, nan 
-46.375, -72.125, 9.246626591175725e-24, nan 
-46.125, -72.125, 7.534592183501816e-24, nan 
-45.875, -72.125, 4.8414989378704924e-24, nan 
-45.625, -72.125, 9.445346179368232e-24, nan 
-45.375, -72.125, 1.690531207862466e-23, nan 
-45.125, -72.125, 2.514147870584331e-23, nan 
-44.875, -72.125, 1.6928442071821602e-23, nan 
-44.625, -72.125, 1.1295425431391468e-23, nan 
-44.375, -72.125, 1.9096828726602756e-23, nan 
-44.125, -72.125, 2.167779709433292e-23, nan 
-43.875, -72.125, 1.0587477118523862e-23, nan 
-43.625, -72.125, 1.4800543652536435e-23, nan 
-43.375, -72.125, 1.657915621412184e-23, nan 
-43.125, -72.125, 3.0032251767396734e-23, nan 
-42.875, -72.125, 8.292520850123174e-23, nan 
-42.625, -72.125, 9.82879098144958e-23, nan 
-42.375, -72.125, 8.585152788352394e-23, nan 
-42.125, -72.125, 1.133500997389586e-22, nan 
-41.875, -72.125, 1.2891924306780989e-22, nan 
-41.625, -72.125, 1.3460010261832524e-22, nan 
-41.375, -72.125, 1.2014077124838978e-22, nan 
-41.125, -72.125, 1.3423354622969033e-22, nan 
-40.875, -72.125, 1.3270187485876177e-22, nan 
-40.625, -72.125, 6.381581805065985e-23, nan 
-40.375, -72.125, 9.1021254907329e-23, nan 
-40.125, -72.125, 1.0357938748652484e-22, nan 
-39.875, -72.125, 7.351622135881078e-23, nan 
-39.625, -72.125, 5.766665807018636e-23, nan 
-39.375, -72.125, 4.5028785094708075e-23, nan 
-39.125, -72.125, 5.534121866649955e-23, nan 
-38.875, -72.125, 6.420943009751834e-23, nan 
-38.625, -72.125, 1.0826596765664589e-22, nan 
-38.375, -72.125, 1.225739808387026e-22, nan 
-38.125, -72.125, 6.786884504516823e-23, nan 
-37.875, -72.125, 8.185301184077211e-23, nan 
-37.625, -72.125, 9.257462427749735e-23, nan 
-37.375, -72.125, 7.063300792298344e-23, nan 
-37.125, -72.125, 1.0448093990961243e-22, nan 
-36.875, -72.125, 1.1869763461069822e-22, nan 
-36.625, -72.125, 1.1497876130839183e-22, nan 
-36.375, -72.125, 8.805538350813662e-23, nan 
-36.125, -72.125, 9.874010315719778e-23, nan 
-35.875, -72.125, 8.492053699753048e-23, nan 
-35.625, -72.125, 7.424170928352081e-23, nan 
-35.375, -72.125, 1.2391811100191517e-22, nan 
-35.125, -72.125, 1.1937705987475336e-22, nan 
-34.875, -72.125, 1.4312169511417204e-22, nan 
-34.625, -72.125, 1.7436029882104496e-22, nan 
-34.375, -72.125, 1.8946833550028276e-22, nan 
-34.125, -72.125, 1.8422432287285763e-22, nan 
-33.875, -72.125, 1.183512666917765e-22, nan 
-33.625, -72.125, 9.58674053655149e-23, nan 
-33.375, -72.125, 7.885163322889411e-23, nan 
-33.125, -72.125, 1.0967922013757766e-22, nan 
-32.875, -72.125, 1.1303078069773893e-22, nan 
-32.625, -72.125, 1.6846760229452031e-22, nan 
-32.375, -72.125, 1.4062056150706533e-22, nan 
-32.125, -72.125, 1.856372442530751e-22, nan 
-31.875, -72.125, 1.5364369979885827e-22, nan 
-31.625, -72.125, 2.290386274668469e-22, nan 
-31.375, -72.125, 6.4225866265668e-22, nan 
-31.125, -72.125, 6.445689115647759e-22, nan 
-30.875, -72.125, 6.287500785176175e-22, nan 
-30.625, -72.125, 9.891937808317358e-22, nan 
-30.375, -72.125, 8.308576216142751e-22, nan 
-30.125, -72.125, 7.173621988069738e-22, nan 
-29.875, -72.125, 4.989849291153273e-22, nan 
-29.625, -72.125, 6.270408852722478e-22, nan 
-29.375, -72.125, 1.0442886455023229e-22, nan 
-29.125, -72.125, 5.950411169953471e-22, nan 
-28.875, -72.125, 5.579267999986146e-22, nan 
-28.625, -72.125, 1.1571071007397222e-22, nan 
-28.375, -72.125, 3.5217058257741355e-22, nan 
-28.125, -72.125, 4.0136700126558197e-22, nan 
-27.875, -72.125, 6.53737148565401e-23, nan 
-27.625, -72.125, 1.153180848399367e-22, nan 
-27.375, -72.125, 1.6473788218021676e-22, nan 
-27.125, -72.125, 1.666074401663743e-22, nan 
-26.875, -72.125, 3.5217230680867205e-22, nan 
-26.625, -72.125, 4.801596538991571e-22, nan 
-26.375, -72.125, 3.4613017107858013e-22, nan 
-26.125, -72.125, 9.778750791731693e-22, nan 
-25.875, -72.125, 1.9016037401706462e-21, nan 
-25.625, -72.125, 1.5096188181748011e-21, nan 
-25.375, -72.125, 2.0524692896337496e-21, nan 
-25.125, -72.125, 2.6511607402325237e-21, nan 
-24.875, -72.125, 2.0611934361624708e-21, nan 
-24.625, -72.125, 1.80291200738595e-21, nan 
-24.375, -72.125, 1.342308409722112e-21, nan 
-24.125, -72.125, 1.190927534901189e-21, nan 
-23.875, -72.125, 9.386989182435415e-22, nan 
-23.625, -72.125, 8.323085681454225e-22, nan 
-23.375, -72.125, 1.5746896998883153e-21, nan 
-23.125, -72.125, 2.263047891324029e-21, nan 
-22.875, -72.125, 1.919556359592178e-21, nan 
-22.625, -72.125, 4.561605860775402e-21, nan 
-22.375, -72.125, 4.634544721517356e-21, nan 
-22.125, -72.125, 4.537394136728477e-21, nan 
-21.875, -72.125, 5.160237218461313e-21, nan 
-21.625, -72.125, 5.9205750998832376e-21, nan 
-21.375, -72.125, 6.16823933643438e-21, nan 
-21.125, -72.125, 2.290254213410364e-21, nan 
-20.875, -72.125, 1.2151133492487013e-21, nan 
-20.625, -72.125, 2.3205105491915944e-21, nan 
-20.375, -72.125, 1.851929343003192e-21, nan 
-20.125, -72.125, 2.0528939154733383e-21, nan 
-19.875, -72.125, 2.2412974934573433e-21, nan 
-19.625, -72.125, 1.5247968158553776e-21, nan 
-19.375, -72.125, 1.4799602456950056e-21, nan 
-19.125, -72.125, 3.925509390441485e-21, nan 
-18.875, -72.125, 5.3067046584794705e-21, nan 
-18.625, -72.125, 7.865746767341401e-21, nan 
-18.375, -72.125, 9.571523128427748e-21, nan 
-18.125, -72.125, 1.0897112500206297e-20, nan 
-17.875, -72.125, 1.2156440025949379e-20, nan 
-17.625, -72.125, 1.1465015266398809e-20, nan 
-17.375, -72.125, 1.1910575017463631e-20, nan 
-17.125, -72.125, 9.986365599824129e-21, nan 
-16.875, -72.125, 8.66123204205438e-21, nan 
-16.625, -72.125, 6.219919382525071e-21, nan 
-16.375, -72.125, 3.170242137872435e-21, nan 
-16.125, -72.125, 2.7966371581412947e-21, nan 
-15.875, -72.125, 4.129286822878474e-21, nan 
-15.625, -72.125, 2.8095384745467554e-21, nan 
-15.375, -72.125, 2.1729226834058276e-21, nan 
-15.125, -72.125, 4.475169375477977e-21, nan 
-14.875, -72.125, 4.06506084312839e-21, nan 
-14.625, -72.125, 3.978501775410496e-21, nan 
-14.375, -72.125, 4.855622956470402e-21, nan 
-14.125, -72.125, 5.1244616696662574e-21, nan 
-13.875, -72.125, 4.03511434304508e-21, nan 
-13.625, -72.125, 3.177746738695388e-21, nan 
-13.375, -72.125, 2.2179606486794825e-20, nan 
-13.125, -72.125, 1.4849851568023016e-20, nan 
-12.875, -72.125, 1.1361290371551984e-19, nan 
-12.625, -72.125, 7.918429689671e-20, nan 
-12.375, -72.125, 1.0564237757544085e-19, nan 
-12.125, -72.125, 7.638926863785742e-20, nan 
-11.875, -72.125, 3.347830418194339e-20, nan 
-11.625, -72.125, 4.500929749684051e-20, nan 
-11.375, -72.125, 3.84752774334334e-20, nan 
-11.125, -72.125, 3.9233580377867997e-20, nan 
-10.875, -72.125, 3.7959126837075554e-20, nan 
-10.625, -72.125, 4.3537118836881223e-20, nan 
-10.375, -72.125, 3.226422093689738e-20, nan 
-10.125, -72.125, 4.453971128924765e-20, nan 
-9.875, -72.125, 1.2278170811441103e-20, nan 
-9.625, -72.125, 3.8265383750528893e-20, nan 
-9.375, -72.125, 3.9684458634334856e-20, nan 
-9.125, -72.125, 4.390823277252315e-20, nan 
-8.875, -72.125, 2.859370323206168e-20, nan 
-8.625, -72.125, 2.64308543053613e-20, nan 
-8.375, -72.125, 2.8810368551038665e-20, nan 
-8.125, -72.125, 1.2959408281732045e-20, nan 
-7.875, -72.125, 1.0441885474912266e-20, nan 
-7.625, -72.125, 1.0977489658747609e-20, nan 
-7.375, -72.125, 8.47741189453504e-21, nan 
-7.125, -72.125, 4.559306028806819e-21, nan 
-6.875, -72.125, 3.68030033743461e-21, nan 
-6.625, -72.125, 4.218643525125748e-21, nan 
-6.375, -72.125, 3.691944566959321e-21, nan 
-6.125, -72.125, 1.3823592365999254e-20, nan 
-5.875, -72.125, 2.269118722538102e-20, nan 
-5.625, -72.125, 2.1177857173239412e-20, nan 
-5.375, -72.125, 1.6783053282293618e-20, nan 
-5.125, -72.125, 1.8863325549927742e-20, nan 
-4.875, -72.125, 1.698096356954511e-20, nan 
-4.625, -72.125, 1.326604295677378e-20, nan 
-4.375, -72.125, 9.989317492203363e-21, nan 
-4.125, -72.125, 9.420344979016732e-21, nan 
-3.875, -72.125, 9.729091148495316e-21, nan 
-3.625, -72.125, 8.296148782186562e-21, nan 
-3.375, -72.125, 2.0641207016206463e-21, nan 
-3.125, -72.125, 2.0325648324693004e-21, nan 
-2.875, -72.125, 5.026263059767172e-22, nan 
-2.625, -72.125, 7.406307038790406e-22, nan 
-2.375, -72.125, 5.949904591263048e-21, nan 
-2.125, -72.125, 9.365397905741083e-21, nan 
-1.875, -72.125, 9.748076163110313e-21, nan 
-1.625, -72.125, 6.122000564976508e-21, nan 
-1.375, -72.125, 1.4404785929462822e-20, nan 
-1.125, -72.125, 1.6837559263697967e-20, nan 
-0.875, -72.125, 9.367433285420525e-21, nan 
-0.625, -72.125, 8.548056690109874e-21, nan 
-0.375, -72.125, 1.017020090429661e-20, nan 
-0.125, -72.125, 6.7494412349952466e-21, nan 
0.125, -72.125, 2.971165193245681e-21, nan 
0.375, -72.125, 5.020193815789387e-21, nan 
0.625, -72.125, 8.342935981188543e-21, nan 
0.875, -72.125, 7.460555403918135e-21, nan 
1.125, -72.125, 9.235825115963779e-21, nan 
1.375, -72.125, 1.2971669071208363e-20, nan 
1.625, -72.125, 1.384959826924147e-20, nan 
1.875, -72.125, 1.4828322232085564e-20, nan 
2.125, -72.125, 6.671784259483616e-21, nan 
2.375, -72.125, 8.164658098342047e-21, nan 
2.625, -72.125, 1.0117383299392826e-20, nan 
2.875, -72.125, 3.902864450987504e-21, nan 
3.125, -72.125, 3.348448491189462e-21, nan 
3.375, -72.125, 1.1842469182209508e-20, nan 
3.625, -72.125, 3.164320207312635e-21, nan 
3.875, -72.125, 1.3985905770441957e-21, nan 
4.125, -72.125, 6.431770401517476e-21, nan 
4.375, -72.125, 1.723269898682212e-21, nan 
4.625, -72.125, 3.649593913423522e-22, nan 
4.875, -72.125, 5.23243790122777e-22, nan 
5.125, -72.125, 5.554552957812992e-22, nan 
5.375, -72.125, 5.387891543226893e-22, nan 
5.625, -72.125, 3.250798127953501e-22, nan 
5.875, -72.125, 8.2393999025798725e-22, nan 
6.125, -72.125, 6.747719486801024e-22, nan 
6.375, -72.125, 2.6416963997578355e-22, nan 
6.625, -72.125, 7.123274420291753e-22, nan 
6.875, -72.125, 4.956565872175966e-22, nan 
7.125, -72.125, 6.025087220547843e-22, nan 
7.375, -72.125, 7.28456306630731e-22, nan 
7.625, -72.125, 5.5170012626899905e-22, nan 
7.875, -72.125, 1.3969742555779345e-21, nan 
8.125, -72.125, 8.498562253425155e-22, nan 
8.375, -72.125, 9.78920776651267e-22, nan 
8.625, -72.125, 1.237249878447327e-21, nan 
8.875, -72.125, 6.562692101988314e-22, nan 
9.125, -72.125, 1.1210248944370772e-21, nan 
9.375, -72.125, 9.633892886997725e-22, nan 
9.625, -72.125, 9.447270583737305e-22, nan 
9.875, -72.125, 9.184801697864706e-22, nan 
10.125, -72.125, 1.1442693870459532e-21, nan 
10.375, -72.125, 1.2039434500042682e-21, nan 
10.625, -72.125, 1.3628538569192756e-21, nan 
10.875, -72.125, 1.0968355665595366e-21, nan 
11.125, -72.125, 1.5206298763892456e-21, nan 
11.375, -72.125, 1.1208900570427439e-21, nan 
11.625, -72.125, 6.147055363900638e-22, nan 
11.875, -72.125, 1.808669451231771e-21, nan 
12.125, -72.125, 1.3807759204070356e-21, nan 
12.375, -72.125, 1.0682189707614123e-21, nan 
12.625, -72.125, 1.4701964766444506e-21, nan 
12.875, -72.125, 1.0988740696679869e-21, nan 
-70.875, -71.875, 3.627199499565102e-23, nan 
-70.625, -71.875, 4.2163343115150274e-23, nan 
-70.375, -71.875, 2.9250831172483585e-23, nan 
-70.125, -71.875, 1.5977465234977015e-23, nan 
-69.875, -71.875, 1.1306092006571e-23, nan 
-69.625, -71.875, 1.1041084252866754e-23, nan 
-69.375, -71.875, 1.6824776234510813e-23, nan 
-69.125, -71.875, 1.1845969761751083e-23, nan 
-68.875, -71.875, 7.71077472149671e-24, nan 
-68.625, -71.875, 6.948440974700797e-24, nan 
-68.375, -71.875, 7.661901262029493e-24, nan 
-68.125, -71.875, 5.9395723633377614e-24, nan 
-67.875, -71.875, 5.670787869905792e-24, nan 
-67.625, -71.875, 4.910164027843327e-24, nan 
-67.375, -71.875, 4.460006290602488e-24, nan 
-67.125, -71.875, 5.38950467313933e-24, nan 
-66.875, -71.875, 5.2494213486279824e-24, nan 
-66.625, -71.875, 6.705693586000673e-24, nan 
-66.375, -71.875, 5.942204511787779e-24, nan 
-66.125, -71.875, 9.720885447006958e-24, nan 
-65.875, -71.875, 6.565566630198747e-24, nan 
-65.625, -71.875, 4.345611544743826e-24, nan 
-65.375, -71.875, 6.485806112916776e-24, nan 
-65.125, -71.875, 3.1066883662482985e-24, nan 
-64.875, -71.875, 3.522170041445743e-24, nan 
-64.625, -71.875, 6.4450314260697795e-24, nan 
-64.375, -71.875, 5.1817325716822406e-24, nan 
-64.125, -71.875, 2.2058752987633187e-24, nan 
-63.875, -71.875, 5.567172286031635e-24, nan 
-63.625, -71.875, 6.100644209564527e-24, nan 
-63.375, -71.875, 3.618406540770577e-24, nan 
-63.125, -71.875, 6.3340626984501594e-24, nan 
-62.875, -71.875, 7.221439486831215e-24, nan 
-62.625, -71.875, 6.475289594020363e-24, nan 
-62.375, -71.875, 6.880451976548312e-24, nan 
-62.125, -71.875, 6.541702086823691e-24, nan 
-61.875, -71.875, 5.60014485817657e-24, nan 
-61.625, -71.875, 2.7073935118991144e-24, nan 
-61.375, -71.875, 3.3001500772881285e-24, nan 
-61.125, -71.875, 5.800021994291548e-24, nan 
-60.875, -71.875, 4.324889120468772e-24, nan 
-60.625, -71.875, 5.259403965895096e-24, nan 
-60.375, -71.875, 4.483297897341752e-24, nan 
-60.125, -71.875, 3.2825906794932638e-24, nan 
-59.875, -71.875, 2.2853134350424868e-24, nan 
-59.625, -71.875, 5.970240400356337e-24, nan 
-59.375, -71.875, 6.076543492771552e-24, nan 
-59.125, -71.875, 5.8068246741429684e-24, nan 
-58.875, -71.875, 1.2636731673633719e-23, nan 
-58.625, -71.875, 8.768992833648868e-24, nan 
-58.375, -71.875, 7.016925047421719e-24, nan 
-58.125, -71.875, 6.77220578293783e-24, nan 
-57.875, -71.875, 5.381762999325971e-24, nan 
-57.625, -71.875, 5.014303506837884e-24, nan 
-57.375, -71.875, 7.375853893673969e-24, nan 
-57.125, -71.875, 5.90568011999714e-24, nan 
-56.875, -71.875, 8.674630145310831e-24, nan 
-56.625, -71.875, 1.4109674398288556e-23, nan 
-56.375, -71.875, 2.4061925244588976e-23, nan 
-56.125, -71.875, 3.3291461226961043e-23, nan 
-55.875, -71.875, 3.207418775118031e-23, nan 
-55.625, -71.875, 2.745105552403799e-23, nan 
-55.375, -71.875, 2.9255252188681805e-23, nan 
-55.125, -71.875, 4.292571708653559e-23, nan 
-54.875, -71.875, 4.024381060746184e-23, nan 
-54.625, -71.875, 3.971331272830203e-23, nan 
-54.375, -71.875, 4.719040341037674e-23, nan 
-54.125, -71.875, 3.912111466923111e-23, nan 
-53.875, -71.875, 4.580291960749505e-23, nan 
-53.625, -71.875, 4.5326345583781444e-23, nan 
-53.375, -71.875, 2.726626899762491e-23, nan 
-53.125, -71.875, 2.7151858355972884e-23, nan 
-52.875, -71.875, 2.683626847870452e-23, nan 
-52.625, -71.875, 5.270946595955676e-23, nan 
-52.375, -71.875, 4.3704218462984915e-23, nan 
-52.125, -71.875, 9.796533797588627e-23, nan 
-51.875, -71.875, 1.4782006001099108e-22, nan 
-51.625, -71.875, 1.5993072959711582e-22, nan 
-51.375, -71.875, 1.788757777067018e-22, nan 
-51.125, -71.875, 1.9467122091798088e-22, nan 
-50.875, -71.875, 1.492358590262912e-22, nan 
-50.625, -71.875, 4.855661224820114e-23, nan 
-50.375, -71.875, 4.2134376716151914e-23, nan 
-50.125, -71.875, 3.628897916274594e-23, nan 
-49.875, -71.875, 2.3390774670738536e-23, nan 
-49.625, -71.875, 2.861600794770056e-23, nan 
-49.375, -71.875, 3.098896899039734e-23, nan 
-49.125, -71.875, 3.134009182503362e-23, nan 
-48.875, -71.875, 2.4222827145468513e-23, nan 
-48.625, -71.875, 1.715383366635693e-23, nan 
-48.375, -71.875, 2.9449883177331563e-23, nan 
-48.125, -71.875, 2.9380178959539846e-23, nan 
-47.875, -71.875, 4.188762637057186e-23, nan 
-47.625, -71.875, 3.220254802148923e-23, nan 
-47.375, -71.875, 1.8380747606679215e-23, nan 
-47.125, -71.875, 2.2251194195467015e-23, nan 
-46.875, -71.875, 2.7464576442651957e-23, nan 
-46.625, -71.875, 1.0326830455172222e-23, nan 
-46.375, -71.875, 1.4591930651184275e-23, nan 
-46.125, -71.875, 1.2281363220381193e-23, nan 
-45.875, -71.875, 5.322588445964758e-24, nan 
-45.625, -71.875, 2.0094620106819562e-23, nan 
-45.375, -71.875, 6.850473100683686e-24, nan 
-45.125, -71.875, 8.354039308821689e-24, nan 
-44.875, -71.875, 2.1331436586445962e-23, nan 
-44.625, -71.875, 6.569470353955663e-24, nan 
-44.375, -71.875, 1.1528337670160241e-23, nan 
-44.125, -71.875, 2.3605425246628722e-23, nan 
-43.875, -71.875, 1.525298882366105e-23, nan 
-43.625, -71.875, 2.3780345541087107e-23, nan 
-43.375, -71.875, 2.328935958741825e-23, nan 
-43.125, -71.875, 1.8813141936931225e-23, nan 
-42.875, -71.875, 2.78664297084577e-23, nan 
-42.625, -71.875, 9.389175589899543e-23, nan 
-42.375, -71.875, 1.5367556617673976e-22, nan 
-42.125, -71.875, 8.293809025317138e-23, nan 
-41.875, -71.875, 1.307374629679153e-22, nan 
-41.625, -71.875, 2.1674193490479934e-22, nan 
-41.375, -71.875, 1.1876226667945405e-22, nan 
-41.125, -71.875, 1.3338496771378795e-22, nan 
-40.875, -71.875, 1.744169501082251e-22, nan 
-40.625, -71.875, 1.4341407663025824e-22, nan 
-40.375, -71.875, 1.5711690221763812e-22, nan 
-40.125, -71.875, 1.4267126459317742e-22, nan 
-39.875, -71.875, 4.046251616307448e-23, nan 
-39.625, -71.875, 5.856851268029667e-23, nan 
-39.375, -71.875, 8.073045270826084e-23, nan 
-39.125, -71.875, 7.543267996105374e-23, nan 
-38.875, -71.875, 8.524070832235052e-23, nan 
-38.625, -71.875, 6.123659411172939e-23, nan 
-38.375, -71.875, 5.0558533005444515e-23, nan 
-38.125, -71.875, 4.2872557268892726e-23, nan 
-37.875, -71.875, 4.857066471688726e-23, nan 
-37.625, -71.875, 3.478742945619464e-23, nan 
-37.375, -71.875, 5.757341609856574e-23, nan 
-37.125, -71.875, 7.480010887469252e-23, nan 
-36.875, -71.875, 7.098930039450344e-23, nan 
-36.625, -71.875, 9.295079281061001e-23, nan 
-36.375, -71.875, 1.1451975887185333e-22, nan 
-36.125, -71.875, 1.629264384615306e-22, nan 
-35.875, -71.875, 2.124457760535166e-22, nan 
-35.625, -71.875, 3.2184626160103925e-22, nan 
-35.375, -71.875, 3.6186631528513357e-22, nan 
-35.125, -71.875, 1.9795557937911173e-22, nan 
-34.875, -71.875, 2.438972649056165e-22, nan 
-34.625, -71.875, 2.310809290916329e-22, nan 
-34.375, -71.875, 2.4333545974759653e-22, nan 
-34.125, -71.875, 2.750424781136715e-22, nan 
-33.875, -71.875, 2.2056159110302026e-22, nan 
-33.625, -71.875, 2.6549518075332314e-22, nan 
-33.375, -71.875, 3.6346941530263015e-22, nan 
-33.125, -71.875, 2.5739125993423645e-22, nan 
-32.875, -71.875, 2.0901531731383966e-22, nan 
-32.625, -71.875, 1.3532174354225933e-22, nan 
-32.375, -71.875, 2.6858614055692885e-22, nan 
-32.125, -71.875, 3.877932727338797e-22, nan 
-31.875, -71.875, 2.599231796417906e-22, nan 
-31.625, -71.875, 2.825893314081172e-22, nan 
-31.375, -71.875, 3.397434345006687e-22, nan 
-31.125, -71.875, 9.620763519919397e-22, nan 
-30.875, -71.875, 1.0556206168169334e-21, nan 
-30.625, -71.875, 1.138360690791585e-21, nan 
-30.375, -71.875, 1.0924692279123293e-21, nan 
-30.125, -71.875, 1.2634339092673508e-21, nan 
-29.875, -71.875, 1.3741542980674564e-21, nan 
-29.625, -71.875, 7.616160138397708e-22, nan 
-29.375, -71.875, 9.675988226717675e-22, nan 
-29.125, -71.875, 1.1716832427668535e-21, nan 
-28.875, -71.875, 1.3745714253158722e-21, nan 
-28.625, -71.875, 1.3874452238372193e-21, nan 
-28.375, -71.875, 1.4112108073059767e-21, nan 
-28.125, -71.875, 1.4120724566585743e-21, nan 
-27.875, -71.875, 1.756076793459914e-21, nan 
-27.625, -71.875, 1.7527019405441964e-21, nan 
-27.375, -71.875, 1.6496377489003327e-21, nan 
-27.125, -71.875, 1.0219138982440654e-21, nan 
-26.875, -71.875, 5.859823394143889e-22, nan 
-26.625, -71.875, 7.133166601967039e-22, nan 
-26.375, -71.875, 7.327869955093857e-22, nan 
-26.125, -71.875, 8.37179871972957e-22, nan 
-25.875, -71.875, 1.0117622657817297e-21, nan 
-25.625, -71.875, 9.867400337155031e-22, nan 
-25.375, -71.875, 2.5685289326487875e-21, nan 
-25.125, -71.875, 3.71682206311178e-21, nan 
-24.875, -71.875, 3.1044003609883257e-21, nan 
-24.625, -71.875, 3.852818023176847e-21, nan 
-24.375, -71.875, 4.208141739239484e-21, nan 
-24.125, -71.875, 3.960861891349927e-21, nan 
-23.875, -71.875, 4.679723300325099e-21, nan 
-23.625, -71.875, 4.102510102713528e-21, nan 
-23.375, -71.875, 4.25123155178855e-21, nan 
-23.125, -71.875, 4.609613795382824e-21, nan 
-22.875, -71.875, 4.747075621153531e-21, nan 
-22.625, -71.875, 7.2335622169912e-21, nan 
-22.375, -71.875, 6.549734565581188e-21, nan 
-22.125, -71.875, 6.437491476656965e-21, nan 
-21.875, -71.875, 4.291010865203479e-21, nan 
-21.625, -71.875, 4.519485565634514e-21, nan 
-21.375, -71.875, 2.7318956166134657e-21, nan 
-21.125, -71.875, 3.611493146944291e-21, nan 
-20.875, -71.875, 5.1222597591831904e-21, nan 
-20.625, -71.875, 3.951215576909903e-21, nan 
-20.375, -71.875, 3.4400465615055105e-21, nan 
-20.125, -71.875, 1.6547213099514316e-21, nan 
-19.875, -71.875, 4.4807796119096175e-21, nan 
-19.625, -71.875, 6.585744066147524e-21, nan 
-19.375, -71.875, 9.268042439247895e-21, nan 
-19.125, -71.875, 7.217716440279774e-21, nan 
-18.875, -71.875, 1.111182413275035e-20, nan 
-18.625, -71.875, 1.5393270805801412e-20, nan 
-18.375, -71.875, 1.8570402727871996e-20, nan 
-18.125, -71.875, 1.935220003198825e-20, nan 
-17.875, -71.875, 2.710598071216937e-20, nan 
-17.625, -71.875, 3.153701881988875e-20, nan 
-17.375, -71.875, 3.641872558386215e-20, nan 
-17.125, -71.875, 3.848093618746703e-20, nan 
-16.875, -71.875, 3.4811016665575654e-20, nan 
-16.625, -71.875, 3.614739333159881e-20, nan 
-16.375, -71.875, 3.719423734712623e-20, nan 
-16.125, -71.875, 2.731973577925418e-20, nan 
-15.875, -71.875, 1.678123040305752e-20, nan 
-15.625, -71.875, 8.293820382171109e-21, nan 
-15.375, -71.875, 1.4611454803909032e-20, nan 
-15.125, -71.875, 1.5937766621357524e-20, nan 
-14.875, -71.875, 1.7597303698868573e-20, nan 
-14.625, -71.875, 1.185292341427496e-20, nan 
-14.375, -71.875, 1.1410975687523986e-20, nan 
-14.125, -71.875, 1.3515888240109852e-20, nan 
-13.875, -71.875, 1.0601897724765878e-20, nan 
-13.625, -71.875, 9.938080251759183e-20, nan 
-13.375, -71.875, 1.0085977093056204e-19, nan 
-13.125, -71.875, 9.928645979451551e-20, nan 
-12.875, -71.875, 1.1743864450233723e-19, nan 
-12.625, -71.875, 1.075637861547146e-19, nan 
-12.375, -71.875, 1.1180640720176153e-19, nan 
-12.125, -71.875, 7.75624371780736e-21, nan 
-11.875, -71.875, 2.1741601795853606e-20, nan 
-11.625, -71.875, 2.2147280442785968e-20, nan 
-11.375, -71.875, 1.905654650219496e-20, nan 
-11.125, -71.875, 1.9539012868687346e-20, nan 
-10.875, -71.875, 1.8804507925824005e-20, nan 
-10.625, -71.875, 2.827738552322339e-20, nan 
-10.375, -71.875, 1.853569295101127e-20, nan 
-10.125, -71.875, 2.7889968769528506e-20, nan 
-9.875, -71.875, 2.3634378371192648e-20, nan 
-9.625, -71.875, 2.1367682191488652e-20, nan 
-9.375, -71.875, 1.7160068587543778e-20, nan 
-9.125, -71.875, 2.2378409243913467e-20, nan 
-8.875, -71.875, 1.607681784667937e-20, nan 
-8.625, -71.875, 1.5623538456693654e-20, nan 
-8.375, -71.875, 1.5612921206120964e-20, nan 
-8.125, -71.875, 9.931831570287367e-21, nan 
-7.875, -71.875, 1.1585393738968279e-20, nan 
-7.625, -71.875, 1.3029766851079307e-20, nan 
-7.375, -71.875, 8.142867467743869e-21, nan 
-7.125, -71.875, 7.086092147900251e-21, nan 
-6.875, -71.875, 1.356868587063155e-20, nan 
-6.625, -71.875, 1.2655959359793823e-20, nan 
-6.375, -71.875, 1.5122438103338907e-20, nan 
-6.125, -71.875, 1.9095370128975754e-20, nan 
-5.875, -71.875, 1.5071780133271867e-20, nan 
-5.625, -71.875, 1.7778829167056117e-20, nan 
-5.375, -71.875, 2.272969417346373e-20, nan 
-5.125, -71.875, 1.3245507800474388e-20, nan 
-4.875, -71.875, 1.1919123435877082e-20, nan 
-4.625, -71.875, 1.0343271136235379e-20, nan 
-4.375, -71.875, 1.2331742661983344e-20, nan 
-4.125, -71.875, 6.6044664761781416e-21, nan 
-3.875, -71.875, 9.427069364644456e-21, nan 
-3.625, -71.875, 1.2387727521125903e-20, nan 
-3.375, -71.875, 1.518590728075299e-21, nan 
-3.125, -71.875, 4.063642194284615e-21, nan 
-2.875, -71.875, 5.289252813203298e-21, nan 
-2.625, -71.875, 1.1428524083241997e-21, nan 
-2.375, -71.875, 8.115731930807313e-22, nan 
-2.125, -71.875, 7.630906256019974e-22, nan 
-1.875, -71.875, 5.97189570134695e-22, nan 
-1.625, -71.875, 3.1028638952501744e-21, nan 
-1.375, -71.875, 4.9019134827867076e-21, nan 
-1.125, -71.875, 5.358137238736928e-21, nan 
-0.875, -71.875, 5.8911650771524106e-21, nan 
-0.625, -71.875, 2.915780629437875e-22, nan 
-0.375, -71.875, 8.13765830126048e-21, nan 
-0.125, -71.875, 8.363731340516802e-21, nan 
0.125, -71.875, 8.76745820855256e-21, nan 
0.375, -71.875, 8.295981542331555e-21, nan 
0.625, -71.875, 8.066250151177459e-21, nan 
0.875, -71.875, 7.172912445517702e-21, nan 
1.125, -71.875, 4.6725039818026985e-21, nan 
1.375, -71.875, 4.784235146675363e-21, nan 
1.625, -71.875, 6.159845220335484e-21, nan 
1.875, -71.875, 7.332795109293256e-21, nan 
2.125, -71.875, 5.193226184626975e-21, nan 
2.375, -71.875, 4.390820265709186e-21, nan 
2.625, -71.875, 3.720822915033661e-22, nan 
2.875, -71.875, 1.5626314083183591e-21, nan 
3.125, -71.875, 9.595496777889846e-22, nan 
3.375, -71.875, 3.68362188899018e-21, nan 
3.625, -71.875, 1.1197842482126067e-21, nan 
3.875, -71.875, 2.4290684781081217e-22, nan 
4.125, -71.875, 2.847072142236163e-22, nan 
4.375, -71.875, 1.8730982975932076e-22, nan 
4.625, -71.875, 3.0767102992047054e-22, nan 
4.875, -71.875, 3.452689610830644e-22, nan 
5.125, -71.875, 3.082538588667305e-22, nan 
5.375, -71.875, 2.4936849766843593e-22, nan 
5.625, -71.875, 3.174286819506585e-22, nan 
5.875, -71.875, 2.6686761731295037e-22, nan 
6.125, -71.875, 3.3131371501147936e-22, nan 
6.375, -71.875, 5.998107532680086e-22, nan 
6.625, -71.875, 5.792725285887745e-22, nan 
6.875, -71.875, 4.396468593856214e-22, nan 
7.125, -71.875, 1.4637508821263567e-21, nan 
7.375, -71.875, 1.5131692121311188e-21, nan 
7.625, -71.875, 4.375598531153083e-22, nan 
7.875, -71.875, 2.233789984739623e-21, nan 
8.125, -71.875, 1.8809699988782555e-21, nan 
8.375, -71.875, 5.114207876090133e-22, nan 
8.625, -71.875, 1.7196134885026226e-21, nan 
8.875, -71.875, 1.6623078987417888e-21, nan 
9.125, -71.875, 6.473524905965477e-22, nan 
9.375, -71.875, 1.1662639436611316e-21, nan 
9.625, -71.875, 1.847488583697515e-21, nan 
9.875, -71.875, 1.8716887876984044e-21, nan 
10.125, -71.875, 8.975362353082562e-22, nan 
10.375, -71.875, 1.1362833145533972e-21, nan 
10.625, -71.875, 1.428193514373974e-21, nan 
10.875, -71.875, 8.74406556324904e-22, nan 
11.125, -71.875, 7.56664348636249e-22, nan 
11.375, -71.875, 4.620657937585827e-22, nan 
11.625, -71.875, 5.963053559122253e-22, nan 
11.875, -71.875, 9.66804841954405e-22, nan 
12.125, -71.875, 7.7984796432209995e-22, nan 
12.375, -71.875, 3.9631413465805526e-22, nan 
12.625, -71.875, 6.713976628579072e-22, nan 
12.875, -71.875, 5.952101524403543e-22, nan 
-69.875, -71.625, 1.3330967728984834e-23, nan 
-69.625, -71.625, 8.32446817103447e-24, nan 
-69.375, -71.625, 9.677633462292437e-24, nan 
-69.125, -71.625, 9.54864798714606e-24, nan 
-68.875, -71.625, 5.853573948198086e-24, nan 
-68.625, -71.625, 6.578488884543631e-24, nan 
-68.375, -71.625, 4.727735586202393e-24, nan 
-68.125, -71.625, 2.978930527609062e-24, nan 
-67.875, -71.625, 3.804265509431238e-24, nan 
-67.625, -71.625, 5.815493286374403e-24, nan 
-67.375, -71.625, 7.75660795557565e-24, nan 
-67.125, -71.625, 7.503838941326737e-24, nan 
-66.875, -71.625, 8.664395843933888e-24, nan 
-66.625, -71.625, 9.501703965223427e-24, nan 
-66.375, -71.625, 5.9368778938214434e-24, nan 
-66.125, -71.625, 1.2945319454126616e-23, nan 
-65.875, -71.625, 7.976197495344208e-24, nan 
-65.625, -71.625, 5.279485605543884e-24, nan 
-65.375, -71.625, 8.419916677203909e-24, nan 
-65.125, -71.625, 6.959795439120691e-24, nan 
-64.875, -71.625, 7.827212172177248e-24, nan 
-64.625, -71.625, 5.458145504707005e-24, nan 
-64.375, -71.625, 1.905210721680774e-24, nan 
-64.125, -71.625, 1.660971230244586e-24, nan 
-63.875, -71.625, 8.03240461069252e-24, nan 
-63.625, -71.625, 6.829966886411945e-24, nan 
-63.375, -71.625, 2.570007571050562e-24, nan 
-63.125, -71.625, 6.956498121281566e-24, nan 
-62.875, -71.625, 8.548292391747812e-24, nan 
-62.625, -71.625, 6.577630174456369e-24, nan 
-62.375, -71.625, 7.823455649308167e-24, nan 
-62.125, -71.625, 9.598128533294663e-24, nan 
-61.875, -71.625, 1.000624206590885e-23, nan 
-61.625, -71.625, 9.197460021887828e-24, nan 
-61.375, -71.625, 8.816594470404855e-24, nan 
-61.125, -71.625, 9.30780103766967e-24, nan 
-60.875, -71.625, 1.068152817869323e-23, nan 
-60.625, -71.625, 1.0027450752681323e-23, nan 
-60.375, -71.625, 8.963197587723704e-24, nan 
-60.125, -71.625, 1.0825996469845615e-23, nan 
-59.875, -71.625, 7.830853695437514e-24, nan 
-59.625, -71.625, 2.9886929214010923e-24, nan 
-59.375, -71.625, 2.909903088958947e-24, nan 
-59.125, -71.625, 1.0179879492693078e-23, nan 
-58.875, -71.625, 1.3416185784936192e-23, nan 
-58.625, -71.625, 9.811430048020676e-24, nan 
-58.375, -71.625, 1.3790967469136698e-23, nan 
-58.125, -71.625, 1.4678964348768702e-23, nan 
-57.875, -71.625, 8.852636364247162e-24, nan 
-57.625, -71.625, 8.93199276219685e-24, nan 
-57.375, -71.625, 1.1297953766388239e-23, nan 
-57.125, -71.625, 1.985661085656318e-23, nan 
-56.875, -71.625, 2.7873012137573003e-23, nan 
-56.625, -71.625, 3.241148591380591e-23, nan 
-56.375, -71.625, 3.021691577188107e-23, nan 
-56.125, -71.625, 4.1540680273374153e-23, nan 
-55.875, -71.625, 3.1038485899426715e-23, nan 
-55.625, -71.625, 1.7425138200025613e-23, nan 
-55.375, -71.625, 1.311969434068721e-23, nan 
-55.125, -71.625, 1.3727893833452315e-23, nan 
-54.875, -71.625, 1.9564936728924217e-23, nan 
-54.625, -71.625, 2.499133816080902e-23, nan 
-54.375, -71.625, 4.3351322328778864e-23, nan 
-54.125, -71.625, 5.244839236610638e-23, nan 
-53.875, -71.625, 6.11212493358896e-23, nan 
-53.625, -71.625, 4.444146136660005e-23, nan 
-53.375, -71.625, 4.553474133548458e-23, nan 
-53.125, -71.625, 6.309464978108441e-23, nan 
-52.875, -71.625, 3.7668857787720596e-23, nan 
-52.625, -71.625, 6.442673252600458e-23, nan 
-52.375, -71.625, 4.38907996512044e-23, nan 
-52.125, -71.625, 1.3360886670738164e-22, nan 
-51.875, -71.625, 1.9221077642250013e-22, nan 
-51.625, -71.625, 1.3691375011488325e-22, nan 
-51.375, -71.625, 1.417758433144044e-22, nan 
-51.125, -71.625, 1.863385535854776e-22, nan 
-50.875, -71.625, 8.73644017426309e-23, nan 
-50.625, -71.625, 2.672912218645252e-23, nan 
-50.375, -71.625, 2.127338825336192e-23, nan 
-50.125, -71.625, 3.0820746341369824e-23, nan 
-49.875, -71.625, 2.5745171940073497e-23, nan 
-49.625, -71.625, 1.589963081017726e-23, nan 
-49.375, -71.625, 2.310188701146237e-23, nan 
-49.125, -71.625, 3.0715283314648477e-23, nan 
-48.875, -71.625, 2.3021720529205202e-23, nan 
-48.625, -71.625, 3.618734220655535e-23, nan 
-48.375, -71.625, 3.851326466731208e-23, nan 
-48.125, -71.625, 3.9681012735642496e-23, nan 
-47.875, -71.625, 7.939811037863149e-23, nan 
-47.625, -71.625, 4.552090323645165e-23, nan 
-47.375, -71.625, 3.9053831957215714e-23, nan 
-47.125, -71.625, 6.561587711338095e-23, nan 
-46.875, -71.625, 3.109029195620594e-23, nan 
-46.625, -71.625, 1.825019152013664e-23, nan 
-46.375, -71.625, 2.2301249518726364e-23, nan 
-46.125, -71.625, 1.4725951139922211e-23, nan 
-45.875, -71.625, 1.427169333685596e-23, nan 
-45.625, -71.625, 1.3929885562519418e-23, nan 
-45.375, -71.625, 2.0208778436636833e-23, nan 
-45.125, -71.625, 1.2586023341139826e-23, nan 
-44.875, -71.625, 1.1760424373256948e-23, nan 
-44.625, -71.625, 8.175340637818374e-24, nan 
-44.375, -71.625, 7.789170424126528e-24, nan 
-44.125, -71.625, 1.0571484231995907e-23, nan 
-43.875, -71.625, 4.917091031251488e-24, nan 
-43.625, -71.625, 1.443840907336241e-23, nan 
-43.375, -71.625, 1.623433187100007e-23, nan 
-43.125, -71.625, 1.3043849150266626e-23, nan 
-42.875, -71.625, 3.487043825008251e-23, nan 
-42.625, -71.625, 3.9965961302631753e-23, nan 
-42.375, -71.625, 6.868303199629122e-23, nan 
-42.125, -71.625, 6.455705904177811e-23, nan 
-41.875, -71.625, 1.1309687713750802e-22, nan 
-41.625, -71.625, 1.674282331457092e-22, nan 
-41.375, -71.625, 2.099222193139685e-22, nan 
-41.125, -71.625, 2.8358138141508643e-22, nan 
-40.875, -71.625, 2.278929562548312e-22, nan 
-40.625, -71.625, 2.5350324286777795e-22, nan 
-40.375, -71.625, 2.5553689089419394e-22, nan 
-40.125, -71.625, 1.33428616377863e-22, nan 
-39.875, -71.625, 1.6343217368751464e-22, nan 
-39.625, -71.625, 1.7284447141034297e-22, nan 
-39.375, -71.625, 1.1593349670189906e-22, nan 
-39.125, -71.625, 9.465765526268658e-23, nan 
-38.875, -71.625, 1.1097774636743868e-22, nan 
-38.625, -71.625, 8.082719774801344e-23, nan 
-38.375, -71.625, 7.780712895540927e-23, nan 
-38.125, -71.625, 7.760853517782916e-23, nan 
-37.875, -71.625, 7.569316373801652e-23, nan 
-37.625, -71.625, 5.329475735230606e-23, nan 
-37.375, -71.625, 5.937971957653179e-23, nan 
-37.125, -71.625, 7.435856897661205e-23, nan 
-36.875, -71.625, 1.7230408552287392e-22, nan 
-36.625, -71.625, 2.933956781142971e-22, nan 
-36.375, -71.625, 5.097297284135011e-22, nan 
-36.125, -71.625, 7.172994529786911e-22, nan 
-35.875, -71.625, 5.956563416416085e-22, nan 
-35.625, -71.625, 1.1673799743172492e-21, nan 
-35.375, -71.625, 1.2870972736696429e-21, nan 
-35.125, -71.625, 6.3067382954224e-22, nan 
-34.875, -71.625, 7.824254506465299e-22, nan 
-34.625, -71.625, 7.142469791966266e-22, nan 
-34.375, -71.625, 4.357127964471119e-22, nan 
-34.125, -71.625, 1.615830333288636e-22, nan 
-33.875, -71.625, 2.1266782323798773e-22, nan 
-33.625, -71.625, 2.455406320262194e-22, nan 
-33.375, -71.625, 5.752652643875045e-22, nan 
-33.125, -71.625, 6.711203669069763e-22, nan 
-32.875, -71.625, 6.264085265930954e-22, nan 
-32.625, -71.625, 7.207838097350837e-22, nan 
-32.375, -71.625, 9.567972150495487e-22, nan 
-32.125, -71.625, 1.0244276046899567e-21, nan 
-31.875, -71.625, 9.683607604275798e-22, nan 
-31.625, -71.625, 1.05991877468247e-21, nan 
-31.375, -71.625, 1.1234292483869562e-21, nan 
-31.125, -71.625, 1.716233572778048e-21, nan 
-30.875, -71.625, 2.0244190072577623e-21, nan 
-30.625, -71.625, 2.17438549986409e-21, nan 
-30.375, -71.625, 1.5156389082421547e-21, nan 
-30.125, -71.625, 2.4006770234292406e-21, nan 
-29.875, -71.625, 2.6986511154967285e-21, nan 
-29.625, -71.625, 2.6661999635123513e-21, nan 
-29.375, -71.625, 2.4376551731252183e-21, nan 
-29.125, -71.625, 2.9024568604001942e-21, nan 
-28.875, -71.625, 3.18271248719839e-21, nan 
-28.625, -71.625, 2.11517969721532e-21, nan 
-28.375, -71.625, 2.0459192255212406e-21, nan 
-28.125, -71.625, 1.944646598319096e-21, nan 
-27.875, -71.625, 2.694877156484573e-21, nan 
-27.625, -71.625, 3.1310001486398064e-21, nan 
-27.375, -71.625, 3.1892324462941648e-21, nan 
-27.125, -71.625, 2.8049150343190065e-21, nan 
-26.875, -71.625, 3.1630250213276207e-21, nan 
-26.625, -71.625, 3.823238934470351e-21, nan 
-26.375, -71.625, 3.3621839730805237e-21, nan 
-26.125, -71.625, 2.799930779605027e-21, nan 
-25.875, -71.625, 1.6714635514553295e-21, nan 
-25.625, -71.625, 1.4816946696595363e-21, nan 
-25.375, -71.625, 2.3827536245733395e-21, nan 
-25.125, -71.625, 2.8453713623381434e-21, nan 
-24.875, -71.625, 2.263023258691266e-21, nan 
-24.625, -71.625, 1.5179359562295524e-21, nan 
-24.375, -71.625, 4.2459706149638515e-21, nan 
-24.125, -71.625, 5.752681006573583e-21, nan 
-23.875, -71.625, 5.885283006748374e-21, nan 
-23.625, -71.625, 6.2945913135205796e-21, nan 
-23.375, -71.625, 4.81111792974408e-21, nan 
-23.125, -71.625, 3.1546033375231912e-21, nan 
-22.875, -71.625, 5.658932739029079e-21, nan 
-22.625, -71.625, 1.4314912538543121e-21, nan 
-22.375, -71.625, 1.6709063959018303e-21, nan 
-22.125, -71.625, 2.448819229056022e-21, nan 
-21.875, -71.625, 4.305427211742388e-21, nan 
-21.625, -71.625, 8.295719551195909e-21, nan 
-21.375, -71.625, 9.776646889822576e-21, nan 
-21.125, -71.625, 1.4915627027330365e-20, nan 
-20.875, -71.625, 1.2705159227779688e-20, nan 
-20.625, -71.625, 1.461187210089313e-20, nan 
-20.375, -71.625, 1.7447446646817683e-20, nan 
-20.125, -71.625, 3.5060992217167414e-20, nan 
-19.875, -71.625, 5.3721756435885126e-20, nan 
-19.625, -71.625, 7.697210499911587e-20, nan 
-19.375, -71.625, 9.568173902387733e-20, nan 
-19.125, -71.625, 5.615735924058725e-20, nan 
-18.875, -71.625, 6.329802519490681e-20, nan 
-18.625, -71.625, 1.1641259943097673e-19, nan 
-18.375, -71.625, 8.682489628023347e-20, nan 
-18.125, -71.625, 6.123782046709196e-20, nan 
-17.875, -71.625, 1.1697753416289157e-19, nan 
-17.625, -71.625, 1.7195411371943654e-19, nan 
-17.375, -71.625, 1.7206134868746313e-19, nan 
-17.125, -71.625, 1.669925337234761e-19, nan 
-16.875, -71.625, 1.6982598974556555e-19, nan 
-16.625, -71.625, 1.8528387494212336e-19, nan 
-16.375, -71.625, 1.4470674025758447e-19, nan 
-16.125, -71.625, 1.2951823742951653e-19, nan 
-15.875, -71.625, 7.274759884863257e-20, nan 
-15.625, -71.625, 4.732784539275009e-20, nan 
-15.375, -71.625, 3.876301051621233e-20, nan 
-15.125, -71.625, 2.0908238609181363e-20, nan 
-14.875, -71.625, 1.639673361094332e-20, nan 
-14.625, -71.625, 8.164623750214246e-21, nan 
-14.375, -71.625, 5.199476603364396e-21, nan 
-14.125, -71.625, 1.2822118567074847e-20, nan 
-13.875, -71.625, 1.9432195014429278e-20, nan 
-13.625, -71.625, 3.25635401965832e-20, nan 
-13.375, -71.625, 5.3042546916125695e-20, nan 
-13.125, -71.625, 4.331371702988851e-20, nan 
-12.875, -71.625, 2.9212251929482114e-20, nan 
-12.625, -71.625, 3.258343270936943e-20, nan 
-12.375, -71.625, 2.9133843471125225e-20, nan 
-12.125, -71.625, 2.309663362826916e-20, nan 
-11.875, -71.625, 1.9324236916428402e-20, nan 
-11.625, -71.625, 1.9595973465812156e-20, nan 
-11.375, -71.625, 2.347122274581952e-20, nan 
-11.125, -71.625, 1.8829270726588143e-20, nan 
-10.875, -71.625, 1.5405968867011874e-20, nan 
-10.625, -71.625, 2.1249738866616945e-20, nan 
-10.375, -71.625, 1.5954535815188523e-20, nan 
-10.125, -71.625, 1.3538786767166723e-20, nan 
-9.875, -71.625, 6.674524564610052e-21, nan 
-9.625, -71.625, 8.036310545058724e-21, nan 
-9.375, -71.625, 6.496156694483406e-21, nan 
-9.125, -71.625, 5.384073140742452e-21, nan 
-8.875, -71.625, 7.813351385317298e-21, nan 
-8.625, -71.625, 7.72847757631791e-21, nan 
-8.375, -71.625, 7.336411181928113e-21, nan 
-8.125, -71.625, 5.5921921294630825e-21, nan 
-7.875, -71.625, 4.4912571010263194e-21, nan 
-7.625, -71.625, 1.8680810567825563e-21, nan 
-7.375, -71.625, 3.0552418089458526e-21, nan 
-7.125, -71.625, 5.8140590605886665e-21, nan 
-6.875, -71.625, 5.282419009873867e-21, nan 
-6.625, -71.625, 5.383102896379042e-21, nan 
-6.375, -71.625, 5.946811792861953e-21, nan 
-6.125, -71.625, 3.792875745916837e-22, nan 
-5.875, -71.625, 1.0744541557400374e-22, nan 
-5.625, -71.625, 2.551155103118351e-21, nan 
-5.375, -71.625, 9.251370084447489e-21, nan 
-5.125, -71.625, 5.223645153938221e-21, nan 
-4.875, -71.625, 4.91191439033037e-21, nan 
-4.625, -71.625, 3.5752111488667435e-21, nan 
-4.375, -71.625, 4.824443042333776e-21, nan 
-4.125, -71.625, 6.858220317105246e-22, nan 
-3.875, -71.625, 1.9524396087052588e-21, nan 
-3.625, -71.625, 2.609569639413045e-21, nan 
-3.375, -71.625, 2.928645136816327e-22, nan 
-3.125, -71.625, 3.7329278362576787e-22, nan 
-2.875, -71.625, 5.036611391845375e-22, nan 
-2.625, -71.625, 4.935612332884989e-22, nan 
-2.375, -71.625, 3.595914139219502e-22, nan 
-2.125, -71.625, 8.48740944023201e-22, nan 
-1.875, -71.625, 5.300795221929623e-22, nan 
-1.625, -71.625, 3.2800147183089707e-21, nan 
-1.375, -71.625, 3.2935996011952366e-22, nan 
-1.125, -71.625, 4.4638575098804945e-21, nan 
-0.875, -71.625, 4.76929452379428e-21, nan 
-0.625, -71.625, 6.6416746531505764e-21, nan 
-0.375, -71.625, 6.7060390978738154e-21, nan 
-0.125, -71.625, 5.782024448641126e-21, nan 
0.125, -71.625, 7.323998045675652e-21, nan 
0.375, -71.625, 7.161949868884368e-21, nan 
0.625, -71.625, 8.748099589728885e-21, nan 
0.875, -71.625, 5.955076147763811e-21, nan 
1.125, -71.625, 4.900107600936668e-21, nan 
1.375, -71.625, 6.480456001299529e-21, nan 
1.625, -71.625, 4.1705569675286884e-21, nan 
1.875, -71.625, 6.7708236555476535e-21, nan 
2.125, -71.625, 6.1629997082462664e-21, nan 
2.375, -71.625, 5.0513169482084126e-21, nan 
2.625, -71.625, 6.94527577803062e-21, nan 
2.875, -71.625, 6.905233434156537e-21, nan 
3.125, -71.625, 3.226475437380804e-21, nan 
3.375, -71.625, 3.4209241004656884e-22, nan 
3.625, -71.625, 2.385756540519128e-22, nan 
3.875, -71.625, 2.1847574461997807e-22, nan 
4.125, -71.625, 6.329849644895049e-22, nan 
4.375, -71.625, 2.943812085187197e-22, nan 
4.625, -71.625, 2.450421099826769e-22, nan 
4.875, -71.625, 1.817928459665698e-22, nan 
5.125, -71.625, 1.8526165618964492e-22, nan 
5.375, -71.625, 1.9219817888600065e-22, nan 
5.625, -71.625, 1.3543106270649774e-22, nan 
5.875, -71.625, 1.9952448087824077e-22, nan 
6.125, -71.625, 2.7367971223381228e-22, nan 
6.375, -71.625, 3.281123052493983e-22, nan 
6.625, -71.625, 3.5920723117185347e-22, nan 
6.875, -71.625, 2.779231566290822e-22, nan 
7.125, -71.625, 5.562523783359393e-22, nan 
7.375, -71.625, 7.60830476001923e-22, nan 
7.625, -71.625, 4.642950645013841e-22, nan 
7.875, -71.625, 9.705554099009617e-22, nan 
8.125, -71.625, 8.408138633632395e-22, nan 
8.375, -71.625, 3.465194451103892e-22, nan 
8.625, -71.625, 4.485414910581466e-22, nan 
8.875, -71.625, 1.0883240647982893e-21, nan 
9.125, -71.625, 7.449066546213246e-22, nan 
9.375, -71.625, 7.664786335952681e-22, nan 
9.625, -71.625, 1.4383986747532674e-21, nan 
9.875, -71.625, 1.4059793209449424e-21, nan 
10.125, -71.625, 5.114389748348422e-22, nan 
10.375, -71.625, 8.677359800285998e-22, nan 
10.625, -71.625, 5.679211337310976e-22, nan 
10.875, -71.625, 4.0654799006867265e-22, nan 
11.125, -71.625, 3.149534898572492e-22, nan 
11.375, -71.625, 3.8520114659214737e-22, nan 
11.625, -71.625, 1.746729844613948e-21, nan 
11.875, -71.625, 2.35654184858898e-21, nan 
12.125, -71.625, 1.185384199344809e-21, nan 
12.375, -71.625, 1.0452808093674902e-22, nan 
12.625, -71.625, 2.9813342311128717e-22, nan 
-68.875, -71.375, 6.662232401289372e-24, nan 
-68.625, -71.375, 8.715289717790611e-24, nan 
-68.375, -71.375, 8.563576307400921e-24, nan 
-68.125, -71.375, 8.56960034439517e-24, nan 
-67.875, -71.375, 1.2810747010189674e-23, nan 
-67.625, -71.375, 6.78649399339262e-24, nan 
-67.375, -71.375, 8.99140578850918e-24, nan 
-67.125, -71.375, 1.2357425575875023e-23, nan 
-66.875, -71.375, 1.0600197483093329e-24, nan 
-66.625, -71.375, 7.029367932914563e-24, nan 
-66.375, -71.375, 5.694974806427896e-24, nan 
-66.125, -71.375, 8.0683343314234e-24, nan 
-65.875, -71.375, 6.955125261271609e-24, nan 
-65.625, -71.375, 1.6744655248495148e-23, nan 
-65.375, -71.375, 2.0371762841807098e-23, nan 
-65.125, -71.375, 9.28533046167795e-24, nan 
-64.875, -71.375, 1.6367455075083015e-23, nan 
-64.625, -71.375, 1.5366251606393224e-23, nan 
-64.375, -71.375, 5.768703067894488e-24, nan 
-64.125, -71.375, 1.575580369743659e-23, nan 
-63.875, -71.375, 1.4927033538096263e-23, nan 
-63.625, -71.375, 3.2298025531191252e-24, nan 
-63.375, -71.375, 4.101937985328525e-24, nan 
-63.125, -71.375, 5.567852113788353e-24, nan 
-62.875, -71.375, 4.9984413342255285e-24, nan 
-62.625, -71.375, 1.0374364838653211e-23, nan 
-62.375, -71.375, 6.957858432839845e-24, nan 
-62.125, -71.375, 3.684834853714117e-24, nan 
-61.875, -71.375, 7.485879943639334e-24, nan 
-61.625, -71.375, 9.181158109418103e-24, nan 
-61.375, -71.375, 1.0742122047537392e-23, nan 
-61.125, -71.375, 1.1114581103867901e-23, nan 
-60.875, -71.375, 1.0417414227651643e-23, nan 
-60.625, -71.375, 1.402290468905506e-23, nan 
-60.375, -71.375, 1.8752529859775628e-23, nan 
-60.125, -71.375, 1.624372395825122e-23, nan 
-59.875, -71.375, 9.815331273093466e-24, nan 
-59.625, -71.375, 1.1556563425765549e-23, nan 
-59.375, -71.375, 9.792029488043256e-24, nan 
-59.125, -71.375, 3.507151366473102e-24, nan 
-58.875, -71.375, 7.85366724177716e-24, nan 
-58.625, -71.375, 8.736878832588615e-24, nan 
-58.375, -71.375, 1.0253360094879453e-23, nan 
-58.125, -71.375, 1.3229992351837461e-23, nan 
-57.875, -71.375, 1.1072954426859939e-23, nan 
-57.625, -71.375, 2.743465328350994e-23, nan 
-57.375, -71.375, 4.1285258624673197e-23, nan 
-57.125, -71.375, 2.1565301089178532e-23, nan 
-56.875, -71.375, 4.200216357022903e-23, nan 
-56.625, -71.375, 5.2835703452489197e-23, nan 
-56.375, -71.375, 2.187818040265692e-23, nan 
-56.125, -71.375, 3.940138513005585e-23, nan 
-55.875, -71.375, 2.434562011896501e-23, nan 
-55.625, -71.375, 2.234659312403919e-23, nan 
-55.375, -71.375, 3.150807128492899e-23, nan 
-55.125, -71.375, 4.263341743554828e-23, nan 
-54.875, -71.375, 4.610508647862676e-23, nan 
-54.625, -71.375, 5.940186487923452e-23, nan 
-54.375, -71.375, 4.976003009127686e-23, nan 
-54.125, -71.375, 4.832101328520322e-23, nan 
-53.875, -71.375, 4.707552465032424e-23, nan 
-53.625, -71.375, 2.8708022810687944e-23, nan 
-53.375, -71.375, 5.364280434682805e-23, nan 
-53.125, -71.375, 4.6063615861541995e-23, nan 
-52.875, -71.375, 4.4293051018159624e-23, nan 
-52.625, -71.375, 6.278220328411613e-23, nan 
-52.375, -71.375, 4.325676571740851e-23, nan 
-52.125, -71.375, 9.676923275596886e-23, nan 
-51.875, -71.375, 1.6164262455763104e-22, nan 
-51.625, -71.375, 1.942999497899762e-22, nan 
-51.375, -71.375, 1.346640404353775e-22, nan 
-51.125, -71.375, 1.6529803675213736e-22, nan 
-50.875, -71.375, 1.8510937572098008e-22, nan 
-50.625, -71.375, 4.920146248658869e-23, nan 
-50.375, -71.375, 1.7621201805087033e-23, nan 
-50.125, -71.375, 2.6082350476112033e-23, nan 
-49.875, -71.375, 2.4170749182780334e-23, nan 
-49.625, -71.375, 2.3199464955092188e-23, nan 
-49.375, -71.375, 2.233991740303457e-23, nan 
-49.125, -71.375, 2.981300127257495e-23, nan 
-48.875, -71.375, 2.924215646400551e-23, nan 
-48.625, -71.375, 3.0633503159183226e-23, nan 
-48.375, -71.375, 4.4358798494034875e-23, nan 
-48.125, -71.375, 6.752338153052517e-23, nan 
-47.875, -71.375, 6.515380835323116e-23, nan 
-47.625, -71.375, 5.400303441406013e-23, nan 
-47.375, -71.375, 5.968972879728282e-23, nan 
-47.125, -71.375, 4.394179740905117e-23, nan 
-46.875, -71.375, 1.8159870719014698e-23, nan 
-46.625, -71.375, 1.7315992950237192e-23, nan 
-46.375, -71.375, 1.485261473217416e-23, nan 
-46.125, -71.375, 1.7859345356225168e-23, nan 
-45.875, -71.375, 1.2566430408726024e-23, nan 
-45.625, -71.375, 2.837246977542063e-23, nan 
-45.375, -71.375, 5.0700289741298687e-23, nan 
-45.125, -71.375, 3.3246467844578144e-23, nan 
-44.875, -71.375, 2.1053796521930887e-23, nan 
-44.625, -71.375, 2.2577249953349305e-23, nan 
-44.375, -71.375, 1.649705805189622e-23, nan 
-44.125, -71.375, 1.2093732872388622e-23, nan 
-43.875, -71.375, 1.6206760054693487e-23, nan 
-43.625, -71.375, 1.971617636043968e-23, nan 
-43.375, -71.375, 1.6910974099975126e-23, nan 
-43.125, -71.375, 8.89614481198434e-24, nan 
-42.875, -71.375, 1.8069489349893136e-23, nan 
-42.625, -71.375, 3.740021634117836e-23, nan 
-42.375, -71.375, 3.40729451468527e-23, nan 
-42.125, -71.375, 1.6320085339864795e-22, nan 
-41.875, -71.375, 2.9252023921573263e-22, nan 
-41.625, -71.375, 3.3234657817126857e-22, nan 
-41.375, -71.375, 2.511188787293025e-22, nan 
-41.125, -71.375, 4.022401112449281e-22, nan 
-40.875, -71.375, 4.1870655154918853e-22, nan 
-40.625, -71.375, 1.8754932315454054e-22, nan 
-40.375, -71.375, 6.865597028103074e-23, nan 
-40.125, -71.375, 1.0055018125102332e-22, nan 
-39.875, -71.375, 1.4718020463585325e-22, nan 
-39.625, -71.375, 1.508327780423334e-22, nan 
-39.375, -71.375, 1.4275000114841633e-22, nan 
-39.125, -71.375, 1.2105778204990722e-22, nan 
-38.875, -71.375, 1.2332625270509706e-22, nan 
-38.625, -71.375, 1.3169086363917386e-22, nan 
-38.375, -71.375, 1.1911189303622833e-22, nan 
-38.125, -71.375, 9.260462004108925e-23, nan 
-37.875, -71.375, 6.173130427216725e-23, nan 
-37.625, -71.375, 7.207243731009484e-23, nan 
-37.375, -71.375, 4.616859884711281e-23, nan 
-37.125, -71.375, 9.091013083931197e-23, nan 
-36.875, -71.375, 1.1678336211790068e-22, nan 
-36.625, -71.375, 1.444199605326191e-22, nan 
-36.375, -71.375, 1.8865819312558518e-22, nan 
-36.125, -71.375, 1.6212467548680638e-22, nan 
-35.875, -71.375, 5.422276932681809e-22, nan 
-35.625, -71.375, 8.542299602581389e-22, nan 
-35.375, -71.375, 8.941139320456814e-22, nan 
-35.125, -71.375, 5.967991324515963e-22, nan 
-34.875, -71.375, 1.50537754391928e-22, nan 
-34.625, -71.375, 1.3283362825747293e-22, nan 
-34.375, -71.375, 1.43181659319598e-22, nan 
-34.125, -71.375, 1.7079642654324385e-22, nan 
-33.875, -71.375, 1.216289157818138e-22, nan 
-33.625, -71.375, 9.725325963954734e-23, nan 
-33.375, -71.375, 3.4497715341722435e-22, nan 
-33.125, -71.375, 2.702150381197413e-22, nan 
-32.875, -71.375, 8.838940676128994e-23, nan 
-32.625, -71.375, 5.265713838563388e-22, nan 
-32.375, -71.375, 7.520889358105999e-22, nan 
-32.125, -71.375, 8.4450421208985605e-22, nan 
-31.875, -71.375, 1.1317248274673522e-21, nan 
-31.625, -71.375, 1.3967439113128004e-21, nan 
-31.375, -71.375, 1.5695969856121866e-21, nan 
-31.125, -71.375, 1.7138360655901055e-21, nan 
-30.875, -71.375, 2.0667574687817663e-21, nan 
-30.625, -71.375, 2.6159582537135285e-21, nan 
-30.375, -71.375, 2.8372127469550107e-21, nan 
-30.125, -71.375, 3.802436184942366e-21, nan 
-29.875, -71.375, 3.209370884484361e-21, nan 
-29.625, -71.375, 3.5806244209719244e-21, nan 
-29.375, -71.375, 4.620777862152551e-21, nan 
-29.125, -71.375, 2.961921710444112e-21, nan 
-28.875, -71.375, 7.044499209041088e-22, nan 
-28.625, -71.375, 5.312206225349805e-22, nan 
-28.375, -71.375, 3.5644144566904285e-22, nan 
-28.125, -71.375, 4.407620771061517e-22, nan 
-27.875, -71.375, 1.4266177844970471e-21, nan 
-27.625, -71.375, 3.409201769688981e-21, nan 
-27.375, -71.375, 3.3114642951486446e-21, nan 
-27.125, -71.375, 3.4878273141037065e-21, nan 
-26.875, -71.375, 5.055171029219095e-21, nan 
-26.625, -71.375, 6.055195590876498e-21, nan 
-26.375, -71.375, 5.2151437830505984e-21, nan 
-26.125, -71.375, 3.894610057988725e-21, nan 
-25.875, -71.375, 4.10168133786375e-21, nan 
-25.625, -71.375, 3.2111850232299135e-21, nan 
-25.375, -71.375, 2.883927046967311e-21, nan 
-25.125, -71.375, 2.6942775233151e-21, nan 
-24.875, -71.375, 2.217190898300755e-21, nan 
-24.625, -71.375, 2.3708543613592563e-21, nan 
-24.375, -71.375, 5.390107407006625e-21, nan 
-24.125, -71.375, 6.171211217637802e-21, nan 
-23.875, -71.375, 5.4507120668492365e-21, nan 
-23.625, -71.375, 5.210888585955223e-21, nan 
-23.375, -71.375, 6.431110892178778e-21, nan 
-23.125, -71.375, 6.660119507644266e-21, nan 
-22.875, -71.375, 3.646753504005887e-21, nan 
-22.625, -71.375, 3.6587395613426666e-21, nan 
-22.375, -71.375, 1.0883089872319854e-20, nan 
-22.125, -71.375, 1.2793709770710977e-20, nan 
-21.875, -71.375, 1.5727476351122513e-20, nan 
-21.625, -71.375, 3.103233734670985e-20, nan 
-21.375, -71.375, 4.675849316097699e-20, nan 
-21.125, -71.375, 7.597171656583663e-20, nan 
-20.875, -71.375, 7.980630077360237e-20, nan 
-20.625, -71.375, 1.2132545265732578e-19, nan 
-20.375, -71.375, 1.5850853187460213e-19, nan 
-20.125, -71.375, 1.4368813154969974e-19, nan 
-19.875, -71.375, 2.99760766977753e-19, nan 
-19.625, -71.375, 5.490613255682482e-19, nan 
-19.375, -71.375, 7.848770770487521e-19, nan 
-19.125, -71.375, 9.07216305778539e-19, nan 
-18.875, -71.375, 1.2597169976217397e-18, nan 
-18.625, -71.375, 1.3369102418661752e-18, nan 
-18.375, -71.375, 7.924252237587495e-19, nan 
-18.125, -71.375, 3.1755452055211446e-19, nan 
-17.875, -71.375, 2.4874306076698097e-19, nan 
-17.625, -71.375, 2.051042396248989e-19, nan 
-17.375, -71.375, 1.1957341417835349e-19, nan 
-17.125, -71.375, 1.0659058801232954e-19, nan 
-16.875, -71.375, 9.665955589698579e-20, nan 
-16.625, -71.375, 1.0676216878630871e-19, nan 
-16.375, -71.375, 9.045244879760886e-20, nan 
-16.125, -71.375, 7.991078678797886e-20, nan 
-15.875, -71.375, 6.125351161262008e-20, nan 
-15.625, -71.375, 5.2279192514404074e-20, nan 
-15.375, -71.375, 4.443237981255105e-20, nan 
-15.125, -71.375, 1.3141603187381108e-20, nan 
-14.875, -71.375, 6.4526997548792106e-21, nan 
-14.625, -71.375, 4.6711973298929715e-21, nan 
-14.375, -71.375, 9.836246137036772e-21, nan 
-14.125, -71.375, 1.2461432475736635e-20, nan 
-13.875, -71.375, 9.365898113984612e-21, nan 
-13.625, -71.375, 1.0435564726654245e-20, nan 
-13.375, -71.375, 1.2096685444579168e-20, nan 
-13.125, -71.375, 9.691862066917164e-21, nan 
-12.875, -71.375, 5.26334913287578e-21, nan 
-12.625, -71.375, 1.227171171776943e-20, nan 
-12.375, -71.375, 1.1328920163793687e-20, nan 
-12.125, -71.375, 1.1132164228766892e-20, nan 
-11.875, -71.375, 1.0368613314532581e-20, nan 
-11.625, -71.375, 1.0085831668031773e-20, nan 
-11.375, -71.375, 6.0075880670047555e-21, nan 
-11.125, -71.375, 8.675087239421117e-21, nan 
-10.875, -71.375, 6.726490289430022e-21, nan 
-10.625, -71.375, 4.473674184884048e-21, nan 
-10.375, -71.375, 5.6100307722581315e-21, nan 
-10.125, -71.375, 3.923842489297961e-21, nan 
-9.875, -71.375, 4.946294704539054e-22, nan 
-9.625, -71.375, 1.39685025331254e-21, nan 
-9.375, -71.375, 1.4278513777671294e-21, nan 
-9.125, -71.375, 5.236805147055479e-22, nan 
-8.875, -71.375, 5.768955350143898e-22, nan 
-8.625, -71.375, 5.780150835966806e-22, nan 
-8.375, -71.375, 6.888230835278967e-22, nan 
-8.125, -71.375, 6.451597504842903e-22, nan 
-7.875, -71.375, 3.5349390925456985e-22, nan 
-7.625, -71.375, 3.3669400338553e-22, nan 
-7.375, -71.375, 6.612096652425732e-22, nan 
-7.125, -71.375, 1.939605372757946e-21, nan 
-6.875, -71.375, 2.6608789729980706e-22, nan 
-6.625, -71.375, 1.109357305711551e-22, nan 
-6.375, -71.375, 9.748771027045746e-23, nan 
-6.125, -71.375, 1.1200497947221247e-22, nan 
-5.875, -71.375, 1.3643513397658467e-22, nan 
-5.625, -71.375, 1.2015862792079962e-22, nan 
-5.375, -71.375, 1.0839936743651194e-22, nan 
-5.125, -71.375, 1.4469792251012273e-22, nan 
-4.875, -71.375, 4.0678600203926953e-22, nan 
-4.625, -71.375, 1.470026520783256e-22, nan 
-4.375, -71.375, 1.7261588221233803e-22, nan 
-4.125, -71.375, 2.669658997406387e-22, nan 
-3.875, -71.375, 2.245499532645574e-22, nan 
-3.625, -71.375, 2.9533095435849776e-22, nan 
-3.375, -71.375, 3.258205333505264e-22, nan 
-3.125, -71.375, 2.6058549370977437e-22, nan 
-2.875, -71.375, 7.713853935926181e-22, nan 
-2.625, -71.375, 5.702113807313262e-22, nan 
-2.375, -71.375, 3.367436219766372e-22, nan 
-2.125, -71.375, 1.0598636451348408e-21, nan 
-1.875, -71.375, 7.655043738088662e-22, nan 
-1.625, -71.375, 7.90731977808044e-22, nan 
-1.375, -71.375, 2.8937451426792975e-21, nan 
-1.125, -71.375, 3.0686118915071374e-21, nan 
-0.875, -71.375, 2.7528844732301608e-21, nan 
-0.625, -71.375, 4.2974658352762175e-21, nan 
-0.375, -71.375, 3.195418918265979e-21, nan 
-0.125, -71.375, 2.773998188546007e-21, nan 
0.125, -71.375, 8.970379296444294e-22, nan 
0.375, -71.375, 1.5592280588777115e-21, nan 
0.625, -71.375, 1.6810449283507264e-21, nan 
0.875, -71.375, 3.0821818030301785e-21, nan 
1.125, -71.375, 3.201819307070815e-21, nan 
1.375, -71.375, 3.104320950447613e-21, nan 
1.625, -71.375, 5.447772782094527e-21, nan 
1.875, -71.375, 5.30374446837074e-21, nan 
2.125, -71.375, 1.9685402128671493e-21, nan 
2.375, -71.375, 2.6153066522690555e-21, nan 
2.625, -71.375, 5.409502633455686e-21, nan 
2.875, -71.375, 5.49623636174301e-21, nan 
3.125, -71.375, 2.736455387513757e-21, nan 
3.375, -71.375, 3.2204345723216274e-21, nan 
3.625, -71.375, 3.450791358567941e-21, nan 
3.875, -71.375, 4.6648020174812855e-22, nan 
4.125, -71.375, 7.471185210090362e-22, nan 
4.375, -71.375, 2.765976037672399e-22, nan 
4.625, -71.375, 2.0150729755486723e-22, nan 
4.875, -71.375, 3.629441783297867e-22, nan 
5.125, -71.375, 1.660398218765678e-22, nan 
5.375, -71.375, 1.6872064161220203e-22, nan 
5.625, -71.375, 1.9844018635200603e-22, nan 
5.875, -71.375, 2.9024382100756586e-22, nan 
6.125, -71.375, 2.514152135133906e-22, nan 
6.375, -71.375, 3.344049423832135e-22, nan 
6.625, -71.375, 2.650508502303862e-22, nan 
6.875, -71.375, 4.0082029953110295e-22, nan 
7.125, -71.375, 4.759361173784391e-22, nan 
7.375, -71.375, 6.289802854965499e-22, nan 
7.625, -71.375, 6.81234049081321e-22, nan 
7.875, -71.375, 6.339146270721992e-22, nan 
8.125, -71.375, 8.905764062559743e-22, nan 
8.375, -71.375, 1.2289205782443637e-21, nan 
8.625, -71.375, 7.3312157026801485e-22, nan 
8.875, -71.375, 6.941651544185168e-22, nan 
9.125, -71.375, 7.258693623297907e-22, nan 
9.375, -71.375, 4.620320130539343e-22, nan 
9.625, -71.375, 5.23931462967446e-22, nan 
9.875, -71.375, 2.8310121390744867e-22, nan 
10.125, -71.375, 6.79841795138103e-22, nan 
10.375, -71.375, 9.011095100463477e-22, nan 
10.625, -71.375, 4.852649832800815e-22, nan 
10.875, -71.375, 1.3654585433488419e-21, nan 
11.125, -71.375, 2.5207562280947784e-21, nan 
11.375, -71.375, 1.1541399461359624e-21, nan 
11.625, -71.375, 2.913461160439473e-21, nan 
11.875, -71.375, 4.876752514531146e-21, nan 
12.125, -71.375, 2.265723119531203e-21, nan 
12.375, -71.375, 1.5075175673911916e-21, nan 
12.625, -71.375, 2.2983210375514242e-21, nan 
-67.875, -71.125, 9.114755680374433e-24, nan 
-67.625, -71.125, 2.133658451517905e-24, nan 
-67.375, -71.125, 6.010120349852614e-24, nan 
-67.125, -71.125, 5.399345557609027e-24, nan 
-66.875, -71.125, 2.8889837767780934e-24, nan 
-66.625, -71.125, 7.762856729739765e-24, nan 
-66.375, -71.125, 1.3783829559998264e-23, nan 
-66.125, -71.125, 1.3723165473452498e-23, nan 
-65.875, -71.125, 1.0320616437188915e-23, nan 
-65.625, -71.125, 1.873952440119309e-23, nan 
-65.375, -71.125, 2.164791216227949e-23, nan 
-65.125, -71.125, 1.1276199710631852e-23, nan 
-64.875, -71.125, 3.418330047275155e-24, nan 
-64.625, -71.125, 5.032744940600147e-24, nan 
-64.375, -71.125, 1.0131439010833646e-23, nan 
-64.125, -71.125, 1.592114862936429e-23, nan 
-63.875, -71.125, 1.0607120860661594e-23, nan 
-63.625, -71.125, 1.712000050737256e-23, nan 
-63.375, -71.125, 1.38689083444364e-23, nan 
-63.125, -71.125, 6.896730466858706e-24, nan 
-62.875, -71.125, 8.240939357712586e-24, nan 
-62.625, -71.125, 1.7736925233019316e-23, nan 
-62.375, -71.125, 9.612440647843739e-24, nan 
-62.125, -71.125, 5.7512443521638074e-24, nan 
-61.875, -71.125, 1.1384220186067233e-23, nan 
-61.625, -71.125, 1.0006566226391976e-23, nan 
-61.375, -71.125, 1.0335666430291255e-23, nan 
-61.125, -71.125, 5.0031162818842765e-24, nan 
-60.875, -71.125, 8.901291527042974e-24, nan 
-60.625, -71.125, 1.133689681148309e-23, nan 
-60.375, -71.125, 1.2708506085923944e-23, nan 
-60.125, -71.125, 1.038508490720143e-23, nan 
-59.875, -71.125, 8.494678915563074e-24, nan 
-59.625, -71.125, 7.646970355295947e-24, nan 
-59.375, -71.125, 9.719433091214572e-24, nan 
-59.125, -71.125, 1.423918856334829e-23, nan 
-58.875, -71.125, 1.7588125102405574e-23, nan 
-58.625, -71.125, 1.4158817080400298e-23, nan 
-58.375, -71.125, 7.885458007267364e-24, nan 
-58.125, -71.125, 1.7692731121456166e-23, nan 
-57.875, -71.125, 2.6066678810364325e-23, nan 
-57.625, -71.125, 4.432918532089896e-23, nan 
-57.375, -71.125, 6.143701209131371e-23, nan 
-57.125, -71.125, 3.436752100631845e-23, nan 
-56.875, -71.125, 4.2149406006248237e-23, nan 
-56.625, -71.125, 4.827549487141423e-23, nan 
-56.375, -71.125, 3.591766213632205e-23, nan 
-56.125, -71.125, 3.143461599592479e-23, nan 
-55.875, -71.125, 2.3023067035993337e-23, nan 
-55.625, -71.125, 2.688992924014142e-23, nan 
-55.375, -71.125, 3.5247885548917743e-23, nan 
-55.125, -71.125, 4.076885391852383e-23, nan 
-54.875, -71.125, 3.888016783380272e-23, nan 
-54.625, -71.125, 5.70308363698822e-23, nan 
-54.375, -71.125, 3.685836327745437e-23, nan 
-54.125, -71.125, 2.3730013719315942e-23, nan 
-53.875, -71.125, 2.758857370652088e-23, nan 
-53.625, -71.125, 3.979161611402342e-23, nan 
-53.375, -71.125, 4.1680426776325e-23, nan 
-53.125, -71.125, 5.641434944186799e-23, nan 
-52.875, -71.125, 7.008801266256609e-23, nan 
-52.625, -71.125, 3.531097546049297e-23, nan 
-52.375, -71.125, 4.2504198142898516e-23, nan 
-52.125, -71.125, 5.374452018405335e-23, nan 
-51.875, -71.125, 6.967386201868182e-23, nan 
-51.625, -71.125, 1.165874389935169e-22, nan 
-51.375, -71.125, 1.4908354525173437e-22, nan 
-51.125, -71.125, 9.643405468308164e-23, nan 
-50.875, -71.125, 1.1320631144026498e-22, nan 
-50.625, -71.125, 1.1818476691996107e-22, nan 
-50.375, -71.125, 6.297481514964586e-23, nan 
-50.125, -71.125, 2.863784051186456e-23, nan 
-49.875, -71.125, 2.0894060770731777e-23, nan 
-49.625, -71.125, 2.2310074733673367e-23, nan 
-49.375, -71.125, 2.239649731915153e-23, nan 
-49.125, -71.125, 3.299459585778518e-23, nan 
-48.875, -71.125, 5.837596185559484e-23, nan 
-48.625, -71.125, 5.80365913524929e-23, nan 
-48.375, -71.125, 4.2696094590715424e-23, nan 
-48.125, -71.125, 6.742492276015004e-23, nan 
-47.875, -71.125, 6.919265058030658e-23, nan 
-47.625, -71.125, 4.006971885066669e-23, nan 
-47.375, -71.125, 4.556394401973618e-23, nan 
-47.125, -71.125, 4.511618596305366e-23, nan 
-46.875, -71.125, 1.2963800121438576e-22, nan 
-46.625, -71.125, 3.0873530244467655e-22, nan 
-46.375, -71.125, 3.1705789217771142e-22, nan 
-46.125, -71.125, 2.9426592013292033e-22, nan 
-45.875, -71.125, 5.935971443993224e-23, nan 
-45.625, -71.125, 3.866979915417862e-23, nan 
-45.375, -71.125, 5.395298338765219e-23, nan 
-45.125, -71.125, 4.175639681212458e-23, nan 
-44.875, -71.125, 2.527015206683836e-23, nan 
-44.625, -71.125, 3.266019774032148e-23, nan 
-44.375, -71.125, 3.347749263832428e-23, nan 
-44.125, -71.125, 2.31413219724662e-23, nan 
-43.875, -71.125, 3.1383512668360123e-23, nan 
-43.625, -71.125, 3.909278758242824e-23, nan 
-43.375, -71.125, 3.854108873320231e-23, nan 
-43.125, -71.125, 2.530776811043719e-23, nan 
-42.875, -71.125, 2.8185682303069014e-23, nan 
-42.625, -71.125, 3.995012122880906e-23, nan 
-42.375, -71.125, 2.782847526486651e-23, nan 
-42.125, -71.125, 2.226919505768772e-22, nan 
-41.875, -71.125, 4.389345781313769e-22, nan 
-41.625, -71.125, 4.688420859109732e-22, nan 
-41.375, -71.125, 3.334710596327912e-22, nan 
-41.125, -71.125, 4.885341986027528e-22, nan 
-40.875, -71.125, 5.007293974636851e-22, nan 
-40.625, -71.125, 2.355998251351664e-22, nan 
-40.375, -71.125, 1.0219460701659217e-22, nan 
-40.125, -71.125, 1.3983997520995715e-22, nan 
-39.875, -71.125, 1.1557720956805487e-22, nan 
-39.625, -71.125, 9.056912427166507e-23, nan 
-39.375, -71.125, 9.231382521991042e-23, nan 
-39.125, -71.125, 8.033836180506793e-23, nan 
-38.875, -71.125, 1.445040636681007e-22, nan 
-38.625, -71.125, 1.6730339621721446e-22, nan 
-38.375, -71.125, 1.0855111062639708e-22, nan 
-38.125, -71.125, 1.35638523998366e-22, nan 
-37.875, -71.125, 1.182755109475069e-22, nan 
-37.625, -71.125, 1.0211626402954034e-22, nan 
-37.375, -71.125, 7.929929138833953e-23, nan 
-37.125, -71.125, 1.2608447058352536e-22, nan 
-36.875, -71.125, 1.0964164754582304e-22, nan 
-36.625, -71.125, 1.4493909524440393e-22, nan 
-36.375, -71.125, 1.3394172234674796e-22, nan 
-36.125, -71.125, 1.220886411996952e-22, nan 
-35.875, -71.125, 1.3201391379006682e-22, nan 
-35.625, -71.125, 1.3496379236479506e-22, nan 
-35.375, -71.125, 1.3794825821081016e-22, nan 
-35.125, -71.125, 1.722492057386511e-22, nan 
-34.875, -71.125, 1.4044325550093316e-22, nan 
-34.625, -71.125, 1.7906287818896984e-22, nan 
-34.375, -71.125, 2.6006377602327296e-22, nan 
-34.125, -71.125, 2.0882229987773824e-22, nan 
-33.875, -71.125, 1.5567237887557363e-22, nan 
-33.625, -71.125, 8.841952586688909e-23, nan 
-33.375, -71.125, 3.3721982282514083e-22, nan 
-33.125, -71.125, 2.74581541181548e-22, nan 
-32.875, -71.125, 1.3793773578843679e-22, nan 
-32.625, -71.125, 1.6536002852696008e-22, nan 
-32.375, -71.125, 2.1008209863367585e-22, nan 
-32.125, -71.125, 2.400147568580931e-22, nan 
-31.875, -71.125, 3.8210165317638447e-22, nan 
-31.625, -71.125, 6.238351934436589e-22, nan 
-31.375, -71.125, 7.642783013140884e-22, nan 
-31.125, -71.125, 5.6352199284369065e-22, nan 
-30.875, -71.125, 2.4157409575525255e-21, nan 
-30.625, -71.125, 3.627656757766419e-21, nan 
-30.375, -71.125, 3.0843533509925245e-21, nan 
-30.125, -71.125, 5.351340915764671e-21, nan 
-29.875, -71.125, 7.399610941161806e-21, nan 
-29.625, -71.125, 6.207153764120228e-21, nan 
-29.375, -71.125, 5.735816592119431e-21, nan 
-29.125, -71.125, 5.69680327579695e-21, nan 
-28.875, -71.125, 6.028244175041717e-21, nan 
-28.625, -71.125, 6.703478147122647e-21, nan 
-28.375, -71.125, 5.735586637168004e-21, nan 
-28.125, -71.125, 6.187918185425164e-21, nan 
-27.875, -71.125, 8.052610370463052e-21, nan 
-27.625, -71.125, 1.1307797546780953e-20, nan 
-27.375, -71.125, 1.1660240868618896e-20, nan 
-27.125, -71.125, 9.437404578394632e-21, nan 
-26.875, -71.125, 1.112279601631885e-20, nan 
-26.625, -71.125, 1.3333140955464922e-20, nan 
-26.375, -71.125, 1.1511163095159659e-20, nan 
-26.125, -71.125, 5.052071116401399e-21, nan 
-25.875, -71.125, 3.695362210415079e-21, nan 
-25.625, -71.125, 6.489571111374092e-21, nan 
-25.375, -71.125, 6.713653879080822e-21, nan 
-25.125, -71.125, 6.5225086823153205e-21, nan 
-24.875, -71.125, 7.738527910161789e-21, nan 
-24.625, -71.125, 7.188602393922198e-21, nan 
-24.375, -71.125, 7.591523149608635e-21, nan 
-24.125, -71.125, 9.737514174741796e-21, nan 
-23.875, -71.125, 9.288865525124084e-21, nan 
-23.625, -71.125, 7.86564435781332e-21, nan 
-23.375, -71.125, 1.5966023888745496e-20, nan 
-23.125, -71.125, 1.5475964932889944e-20, nan 
-22.875, -71.125, 1.66448858728018e-20, nan 
-22.625, -71.125, 2.4487755799102507e-20, nan 
-22.375, -71.125, 5.806324463392252e-20, nan 
-22.125, -71.125, 7.654072166884695e-20, nan 
-21.875, -71.125, 1.0337783754351991e-19, nan 
-21.625, -71.125, 1.1613521909041743e-19, nan 
-21.375, -71.125, 3.865585658886014e-19, nan 
-21.125, -71.125, 6.12748937584344e-19, nan 
-20.875, -71.125, 8.305907133277003e-19, nan 
-20.625, -71.125, 1.7105302266707936e-18, nan 
-20.375, -71.125, 1.5127849277211815e-18, nan 
-20.125, -71.125, 1.6110362075766424e-18, nan 
-19.875, -71.125, 2.2533170732041865e-18, nan 
-19.625, -71.125, 3.9240261411567625e-18, nan 
-19.375, -71.125, 2.1639016915419395e-18, nan 
-19.125, -71.125, 5.972766986813816e-19, nan 
-18.875, -71.125, 2.8179472054263026e-19, nan 
-18.625, -71.125, 2.3339991154226534e-19, nan 
-18.375, -71.125, 2.326256252020361e-19, nan 
-18.125, -71.125, 3.247514391443978e-19, nan 
-17.875, -71.125, 2.63270364601942e-19, nan 
-17.625, -71.125, 4.7502919900109787e-20, nan 
-17.375, -71.125, 3.0031649064003153e-20, nan 
-17.125, -71.125, 2.0750253612103423e-20, nan 
-16.875, -71.125, 1.9298836004314545e-19, nan 
-16.625, -71.125, 1.588537725182386e-19, nan 
-16.375, -71.125, 1.2054502560749887e-19, nan 
-16.125, -71.125, 4.8915967877794545e-20, nan 
-15.875, -71.125, 3.279353496016911e-20, nan 
-15.625, -71.125, 2.5130351454736465e-20, nan 
-15.375, -71.125, 2.0901332898717554e-20, nan 
-15.125, -71.125, 1.4116560455591497e-20, nan 
-14.875, -71.125, 7.182724389249906e-21, nan 
-14.625, -71.125, 5.352756810936302e-21, nan 
-14.375, -71.125, 3.846672632532059e-21, nan 
-14.125, -71.125, 4.6204694865504214e-21, nan 
-13.875, -71.125, 2.3013868429660323e-21, nan 
-13.625, -71.125, 2.412768646762192e-21, nan 
-13.375, -71.125, 3.427222422825272e-21, nan 
-13.125, -71.125, 3.470779925917857e-21, nan 
-12.875, -71.125, 5.3442809901146665e-21, nan 
-12.625, -71.125, 2.7092203436274613e-21, nan 
-12.375, -71.125, 2.6001978244899555e-21, nan 
-12.125, -71.125, 5.939594130511757e-21, nan 
-11.875, -71.125, 3.4847534260348946e-21, nan 
-11.625, -71.125, 3.228968953271188e-21, nan 
-11.375, -71.125, 3.0992098159628563e-21, nan 
-11.125, -71.125, 3.816259217323108e-21, nan 
-10.875, -71.125, 3.0132966936860118e-21, nan 
-10.625, -71.125, 1.2468971448613461e-21, nan 
-10.375, -71.125, 1.721800825464576e-21, nan 
-10.125, -71.125, 1.3762831208693982e-21, nan 
-9.875, -71.125, 2.713147314819567e-22, nan 
-9.625, -71.125, 1.7237569962087715e-22, nan 
-9.375, -71.125, 2.0438717569204612e-22, nan 
-9.125, -71.125, 1.8518351568602031e-22, nan 
-8.875, -71.125, 2.6545983285597004e-22, nan 
-8.625, -71.125, 4.1204573249002564e-22, nan 
-8.375, -71.125, 4.170156421642191e-22, nan 
-8.125, -71.125, 4.94008832658282e-22, nan 
-7.875, -71.125, 3.4301970232398484e-22, nan 
-7.625, -71.125, 4.129829728392113e-22, nan 
-7.375, -71.125, 1.4788344131252159e-21, nan 
-7.125, -71.125, 4.206565511146296e-22, nan 
-6.875, -71.125, 1.45554503799222e-22, nan 
-6.625, -71.125, 1.085976239355816e-22, nan 
-6.375, -71.125, 1.1736140345621037e-22, nan 
-6.125, -71.125, 1.3069461980739638e-22, nan 
-5.875, -71.125, 1.371013688414238e-22, nan 
-5.625, -71.125, 2.1398972319808105e-22, nan 
-5.375, -71.125, 2.2851115929680405e-22, nan 
-5.125, -71.125, 3.07593463798531e-22, nan 
-4.875, -71.125, 2.3678770168691956e-22, nan 
-4.625, -71.125, 1.8443045783852433e-22, nan 
-4.375, -71.125, 1.5201849170204504e-22, nan 
-4.125, -71.125, 3.0031296793044533e-22, nan 
-3.875, -71.125, 3.2628935892678667e-22, nan 
-3.625, -71.125, 2.8471344895565655e-21, nan 
-3.375, -71.125, 7.071482545489049e-22, nan 
-3.125, -71.125, 1.152732716699247e-21, nan 
-2.875, -71.125, 7.163913169324525e-22, nan 
-2.625, -71.125, 1.6961119813937133e-21, nan 
-2.375, -71.125, 1.5603018889008197e-21, nan 
-2.125, -71.125, 8.090123733467779e-22, nan 
-1.875, -71.125, 5.118174997206653e-22, nan 
-1.625, -71.125, 2.5833900939507e-22, nan 
-1.375, -71.125, 7.691726306583962e-22, nan 
-1.125, -71.125, 1.2798545888248137e-21, nan 
-0.875, -71.125, 2.388290578083913e-21, nan 
-0.625, -71.125, 2.301371503014579e-21, nan 
-0.375, -71.125, 1.9536311332541927e-21, nan 
-0.125, -71.125, 2.5783062284254298e-21, nan 
0.125, -71.125, 2.068748406117583e-21, nan 
0.375, -71.125, 1.6708687682914368e-21, nan 
0.625, -71.125, 1.137014758688133e-21, nan 
0.875, -71.125, 8.044400078258428e-22, nan 
1.125, -71.125, 1.3704700513374412e-21, nan 
1.375, -71.125, 2.946938796847626e-21, nan 
1.625, -71.125, 4.7477570253230095e-21, nan 
1.875, -71.125, 3.615497899378142e-21, nan 
2.125, -71.125, 1.969210084513389e-21, nan 
2.375, -71.125, 2.8455932372774053e-21, nan 
2.625, -71.125, 2.459922590856171e-21, nan 
2.875, -71.125, 2.341688326572378e-21, nan 
3.125, -71.125, 1.811808056753781e-21, nan 
3.375, -71.125, 2.532565174864172e-21, nan 
3.625, -71.125, 2.8246934095701128e-21, nan 
3.875, -71.125, 2.6593458165943452e-21, nan 
4.125, -71.125, 1.8015968286174676e-21, nan 
4.375, -71.125, 1.3964823782487041e-22, nan 
4.625, -71.125, 1.4988377419780941e-22, nan 
4.875, -71.125, 1.2902164016227016e-22, nan 
5.125, -71.125, 1.9384820758644835e-22, nan 
5.375, -71.125, 2.465587962024273e-22, nan 
5.625, -71.125, 2.6133122562935735e-22, nan 
5.875, -71.125, 2.8992544390615235e-22, nan 
6.125, -71.125, 3.8906854427740765e-22, nan 
6.375, -71.125, 3.5732462838406936e-22, nan 
6.625, -71.125, 4.240780082124077e-22, nan 
6.875, -71.125, 3.637865793089022e-22, nan 
7.125, -71.125, 2.71363599583127e-22, nan 
7.375, -71.125, 5.943834194190418e-22, nan 
7.625, -71.125, 2.2913447549132384e-22, nan 
7.875, -71.125, 2.431806221170804e-22, nan 
8.125, -71.125, 6.167391920019089e-22, nan 
8.375, -71.125, 7.9289941693857205e-22, nan 
8.625, -71.125, 4.420745390089292e-22, nan 
8.875, -71.125, 5.558102746958789e-22, nan 
9.125, -71.125, 4.1444437445078325e-22, nan 
9.375, -71.125, 5.334391337216211e-22, nan 
9.625, -71.125, 3.807615379419289e-22, nan 
9.875, -71.125, 4.712016462216494e-22, nan 
10.125, -71.125, 6.867390799305842e-22, nan 
10.375, -71.125, 5.667873818456648e-22, nan 
10.625, -71.125, 4.470118088090188e-22, nan 
10.875, -71.125, 8.298332403766079e-22, nan 
11.125, -71.125, 9.442922643854486e-22, nan 
11.375, -71.125, 7.962812177371524e-22, nan 
11.625, -71.125, 1.7789577506348178e-21, nan 
11.875, -71.125, 2.728928458690119e-21, nan 
12.125, -71.125, 1.4188169856210114e-21, nan 
12.375, -71.125, 8.647570468238693e-22, nan 
-66.875, -70.875, 2.0131863280664047e-24, nan 
-66.625, -70.875, 1.1753782102404729e-23, nan 
-66.375, -70.875, 1.3126796045747522e-23, nan 
-66.125, -70.875, 8.480646621416185e-24, nan 
-65.875, -70.875, 1.2693401575733254e-23, nan 
-65.625, -70.875, 1.3398211483623505e-23, nan 
-65.375, -70.875, 8.656229424011438e-24, nan 
-65.125, -70.875, 1.074225903741953e-23, nan 
-64.875, -70.875, 1.3046189539746837e-23, nan 
-64.625, -70.875, 1.1163818269294936e-23, nan 
-64.375, -70.875, 1.1296480141068594e-23, nan 
-64.125, -70.875, 1.108723839056643e-23, nan 
-63.875, -70.875, 7.649599984362793e-24, nan 
-63.625, -70.875, 1.995841042415044e-23, nan 
-63.375, -70.875, 1.2111644110858758e-23, nan 
-63.125, -70.875, 2.2132200262826048e-23, nan 
-62.875, -70.875, 1.3024961814383197e-23, nan 
-62.625, -70.875, 9.485113322626206e-24, nan 
-62.375, -70.875, 6.6034550470706224e-24, nan 
-62.125, -70.875, 5.813218694865855e-24, nan 
-61.875, -70.875, 3.1939482360115282e-24, nan 
-61.625, -70.875, 5.35513241675345e-24, nan 
-61.375, -70.875, 9.123796797650092e-24, nan 
-61.125, -70.875, 1.243312046294933e-23, nan 
-60.875, -70.875, 5.225683729471481e-24, nan 
-60.625, -70.875, 8.013361121645797e-24, nan 
-60.375, -70.875, 1.5157296680285665e-23, nan 
-60.125, -70.875, 6.832956044368438e-24, nan 
-59.875, -70.875, 4.331960700127152e-24, nan 
-59.625, -70.875, 7.383487940660441e-24, nan 
-59.375, -70.875, 1.2484066845685076e-23, nan 
-59.125, -70.875, 2.525193782944666e-23, nan 
-58.875, -70.875, 2.8742007142629454e-23, nan 
-58.625, -70.875, 4.1323730890241356e-23, nan 
-58.375, -70.875, 4.084559192877043e-23, nan 
-58.125, -70.875, 4.913670796460698e-23, nan 
-57.875, -70.875, 5.712176022669712e-23, nan 
-57.625, -70.875, 4.742084378887823e-23, nan 
-57.375, -70.875, 6.070147482310853e-23, nan 
-57.125, -70.875, 3.749161918346569e-23, nan 
-56.875, -70.875, 4.175126925493882e-23, nan 
-56.625, -70.875, 3.518665970812191e-23, nan 
-56.375, -70.875, 4.1448707643563895e-23, nan 
-56.125, -70.875, 5.35269469916104e-23, nan 
-55.875, -70.875, 4.5835566188948146e-23, nan 
-55.625, -70.875, 6.279043290656694e-23, nan 
-55.375, -70.875, 7.86145767903099e-23, nan 
-55.125, -70.875, 4.1993447409863687e-23, nan 
-54.875, -70.875, 2.6879481902583965e-23, nan 
-54.625, -70.875, 9.839768940625673e-23, nan 
-54.375, -70.875, 1.1416996764307418e-22, nan 
-54.125, -70.875, 1.0705600397897866e-22, nan 
-53.875, -70.875, 1.0586056256867444e-22, nan 
-53.625, -70.875, 8.658500314160223e-23, nan 
-53.375, -70.875, 8.423320982154717e-23, nan 
-53.125, -70.875, 7.574060063112992e-23, nan 
-52.875, -70.875, 3.447872781021426e-23, nan 
-52.625, -70.875, 3.2521596395944246e-23, nan 
-52.375, -70.875, 3.512795226366054e-23, nan 
-52.125, -70.875, 6.705503160970663e-23, nan 
-51.875, -70.875, 4.762314541078524e-23, nan 
-51.625, -70.875, 6.884832019148356e-23, nan 
-51.375, -70.875, 7.64256358362623e-23, nan 
-51.125, -70.875, 3.7062228046125225e-23, nan 
-50.875, -70.875, 5.031730658081507e-23, nan 
-50.625, -70.875, 4.170298521851485e-23, nan 
-50.375, -70.875, 3.523411760591278e-23, nan 
-50.125, -70.875, 2.5199931840466548e-23, nan 
-49.875, -70.875, 3.17223030646121e-23, nan 
-49.625, -70.875, 2.9150334074969357e-23, nan 
-49.375, -70.875, 2.3461927647999436e-23, nan 
-49.125, -70.875, 3.4361695460196315e-23, nan 
-48.875, -70.875, 4.152177846403724e-23, nan 
-48.625, -70.875, 3.5136075813427535e-23, nan 
-48.375, -70.875, 3.9831931243277915e-23, nan 
-48.125, -70.875, 7.038922566314688e-23, nan 
-47.875, -70.875, 6.640511453714659e-23, nan 
-47.625, -70.875, 1.5305416115766493e-22, nan 
-47.375, -70.875, 4.252024847612672e-22, nan 
-47.125, -70.875, 4.366587437081528e-22, nan 
-46.875, -70.875, 3.504239225610383e-22, nan 
-46.625, -70.875, 7.453058032680829e-22, nan 
-46.375, -70.875, 7.378854420225756e-22, nan 
-46.125, -70.875, 6.176559835256581e-22, nan 
-45.875, -70.875, 4.24198027988261e-22, nan 
-45.625, -70.875, 4.325686842476021e-22, nan 
-45.375, -70.875, 3.8501640585923247e-22, nan 
-45.125, -70.875, 3.837210652654169e-23, nan 
-44.875, -70.875, 3.6176184446752813e-23, nan 
-44.625, -70.875, 3.7872063332012086e-23, nan 
-44.375, -70.875, 3.56933633996804e-23, nan 
-44.125, -70.875, 2.2868442892659728e-23, nan 
-43.875, -70.875, 4.099748105059782e-23, nan 
-43.625, -70.875, 3.351075691026599e-23, nan 
-43.375, -70.875, 1.8416756428944283e-23, nan 
-43.125, -70.875, 2.610067733111497e-23, nan 
-42.875, -70.875, 1.7539066744400413e-23, nan 
-42.625, -70.875, 2.157034652472439e-23, nan 
-42.375, -70.875, 2.0341134139855978e-22, nan 
-42.125, -70.875, 3.95896412830662e-22, nan 
-41.875, -70.875, 5.162487709064933e-22, nan 
-41.625, -70.875, 5.06658652326137e-22, nan 
-41.375, -70.875, 4.752616137233979e-22, nan 
-41.125, -70.875, 5.657521545676393e-22, nan 
-40.875, -70.875, 5.010192473122323e-22, nan 
-40.625, -70.875, 2.0372270885471754e-22, nan 
-40.375, -70.875, 1.4964116546210047e-22, nan 
-40.125, -70.875, 2.6225420132049187e-22, nan 
-39.875, -70.875, 2.193709325855904e-22, nan 
-39.625, -70.875, 1.2581501112860205e-22, nan 
-39.375, -70.875, 9.147325323952349e-23, nan 
-39.125, -70.875, 1.2504024723419541e-22, nan 
-38.875, -70.875, 1.6334516944864552e-22, nan 
-38.625, -70.875, 1.999208004502303e-22, nan 
-38.375, -70.875, 1.4534993416284383e-22, nan 
-38.125, -70.875, 2.291506256502188e-22, nan 
-37.875, -70.875, 2.3411986154773775e-22, nan 
-37.625, -70.875, 1.3662095658360248e-22, nan 
-37.375, -70.875, 1.4949374625935794e-22, nan 
-37.125, -70.875, 2.5005327932107696e-22, nan 
-36.875, -70.875, 2.005721074702045e-22, nan 
-36.625, -70.875, 1.8380317450756243e-22, nan 
-36.375, -70.875, 2.9094258279209127e-22, nan 
-36.125, -70.875, 2.272939583090516e-22, nan 
-35.875, -70.875, 6.11297418423145e-23, nan 
-35.625, -70.875, 1.1688418141406624e-22, nan 
-35.375, -70.875, 7.893233468956191e-23, nan 
-35.125, -70.875, 8.248387074173234e-23, nan 
-34.875, -70.875, 3.971133901570287e-23, nan 
-34.625, -70.875, 1.1381471322308908e-22, nan 
-34.375, -70.875, 3.434527927138967e-22, nan 
-34.125, -70.875, 5.032140926076727e-22, nan 
-33.875, -70.875, 3.471991564493886e-22, nan 
-33.625, -70.875, 2.9635498253147687e-22, nan 
-33.375, -70.875, 6.149164418208788e-22, nan 
-33.125, -70.875, 4.264107544540325e-22, nan 
-32.875, -70.875, 2.7307168867248335e-22, nan 
-32.625, -70.875, 2.645247276659753e-22, nan 
-32.375, -70.875, 2.9824631816523765e-22, nan 
-32.125, -70.875, 3.0411872902615816e-22, nan 
-31.875, -70.875, 5.429975794194741e-22, nan 
-31.625, -70.875, 7.268248125469343e-22, nan 
-31.375, -70.875, 9.31225221780032e-22, nan 
-31.125, -70.875, 1.1540341524318039e-21, nan 
-30.875, -70.875, 1.076219703937468e-21, nan 
-30.625, -70.875, 1.2848124526020807e-21, nan 
-30.375, -70.875, 2.390936893166925e-21, nan 
-30.125, -70.875, 4.377928017274995e-21, nan 
-29.875, -70.875, 6.774970630964507e-21, nan 
-29.625, -70.875, 8.14244634160637e-21, nan 
-29.375, -70.875, 6.827616290844786e-21, nan 
-29.125, -70.875, 1.0116870346121712e-20, nan 
-28.875, -70.875, 1.1550961648970539e-20, nan 
-28.625, -70.875, 1.198956962763326e-20, nan 
-28.375, -70.875, 1.2273082951559256e-20, nan 
-28.125, -70.875, 1.2187719964866552e-20, nan 
-27.875, -70.875, 1.408711215312008e-20, nan 
-27.625, -70.875, 1.7280063041522736e-20, nan 
-27.375, -70.875, 1.778881918561571e-20, nan 
-27.125, -70.875, 1.4624173541624382e-20, nan 
-26.875, -70.875, 5.57866030189173e-21, nan 
-26.625, -70.875, 7.363555374691595e-21, nan 
-26.375, -70.875, 1.0669698585709733e-20, nan 
-26.125, -70.875, 8.380675111743546e-21, nan 
-25.875, -70.875, 4.495789068284443e-21, nan 
-25.625, -70.875, 6.01594774050734e-21, nan 
-25.375, -70.875, 6.884761066712044e-21, nan 
-25.125, -70.875, 7.04809804754553e-21, nan 
-24.875, -70.875, 1.3574031278231424e-20, nan 
-24.625, -70.875, 1.0853474597348112e-20, nan 
-24.375, -70.875, 1.7095084461626516e-20, nan 
-24.125, -70.875, 3.323349295944232e-20, nan 
-23.875, -70.875, 2.471202714547359e-20, nan 
-23.625, -70.875, 5.833110900250672e-20, nan 
-23.375, -70.875, 1.0311929420449164e-19, nan 
-23.125, -70.875, 1.726670532404113e-19, nan 
-22.875, -70.875, 2.4425029468109024e-19, nan 
-22.625, -70.875, 6.121162532741902e-19, nan 
-22.375, -70.875, 1.612931973538541e-18, nan 
-22.125, -70.875, 3.3847032891030494e-18, nan 
-21.875, -70.875, 2.051691746859134e-17, nan 
-21.625, -70.875, 2.9931135634774556e-16, nan 
-21.375, -70.875, 2.2962105161690436e-17, nan 
-21.125, -70.875, 9.784952494363343e-18, nan 
-20.875, -70.875, 2.994440074268633e-18, nan 
-20.625, -70.875, 1.6035990419894295e-18, nan 
-20.375, -70.875, 6.666348775861326e-19, nan 
-20.125, -70.875, 7.588249378442609e-19, nan 
-19.875, -70.875, 4.926834279217649e-19, nan 
-19.625, -70.875, 3.0904793068076678e-19, nan 
-19.375, -70.875, 3.0902836309148647e-19, nan 
-19.125, -70.875, 1.8973859349191718e-19, nan 
-18.875, -70.875, 1.397517424525591e-19, nan 
-18.625, -70.875, 1.024426583418323e-19, nan 
-18.375, -70.875, 1.1015391682174136e-19, nan 
-18.125, -70.875, 1.1237197117189654e-19, nan 
-17.875, -70.875, 9.479810016369441e-20, nan 
-17.625, -70.875, 5.582745923234369e-20, nan 
-17.375, -70.875, 6.448235044448371e-20, nan 
-17.125, -70.875, 7.56963999282557e-20, nan 
-16.875, -70.875, 6.27629317804799e-20, nan 
-16.625, -70.875, 5.622239780282057e-20, nan 
-16.375, -70.875, 5.013507687990403e-20, nan 
-16.125, -70.875, 4.756127306055831e-20, nan 
-15.875, -70.875, 2.1144812265010062e-20, nan 
-15.625, -70.875, 1.680391020932399e-20, nan 
-15.375, -70.875, 1.0056594974188156e-20, nan 
-15.125, -70.875, 6.655867855136783e-21, nan 
-14.875, -70.875, 6.88124403408098e-21, nan 
-14.625, -70.875, 7.33880945809161e-21, nan 
-14.375, -70.875, 4.290799055106083e-21, nan 
-14.125, -70.875, 4.6906854426840796e-21, nan 
-13.875, -70.875, 2.5356895742732107e-21, nan 
-13.625, -70.875, 1.612760372689283e-21, nan 
-13.375, -70.875, 1.1676849448756923e-21, nan 
-13.125, -70.875, 6.968039630563504e-22, nan 
-12.875, -70.875, 3.152144653627518e-22, nan 
-12.625, -70.875, 5.878309620976265e-22, nan 
-12.375, -70.875, 6.002158810661666e-22, nan 
-12.125, -70.875, 2.327997443066058e-21, nan 
-11.875, -70.875, 1.1828736391954423e-21, nan 
-11.625, -70.875, 1.2124499532598851e-21, nan 
-11.375, -70.875, 1.6988209255076737e-21, nan 
-11.125, -70.875, 1.6885150112627625e-21, nan 
-10.875, -70.875, 1.469720666261264e-21, nan 
-10.625, -70.875, 8.692318674598718e-22, nan 
-10.375, -70.875, 6.499238354976216e-22, nan 
-10.125, -70.875, 9.028544013078097e-22, nan 
-9.875, -70.875, 1.1373156974085308e-21, nan 
-9.625, -70.875, 7.774341255809126e-22, nan 
-9.375, -70.875, 4.975204369981371e-22, nan 
-9.125, -70.875, 1.750508290399222e-22, nan 
-8.875, -70.875, 4.0942545537698e-22, nan 
-8.625, -70.875, 6.936299263253868e-22, nan 
-8.375, -70.875, 7.2352765899088565e-22, nan 
-8.125, -70.875, 1.3832783041471098e-21, nan 
-7.875, -70.875, 1.2186147495421084e-21, nan 
-7.625, -70.875, 6.268975670620373e-22, nan 
-7.375, -70.875, 1.7849467729362087e-21, nan 
-7.125, -70.875, 4.855307035857259e-22, nan 
-6.875, -70.875, 8.729995694271196e-22, nan 
-6.625, -70.875, 1.5903320431004285e-21, nan 
-6.375, -70.875, 1.0942031807457776e-21, nan 
-6.125, -70.875, 1.1362289690969638e-21, nan 
-5.875, -70.875, 1.213408561714323e-21, nan 
-5.625, -70.875, 1.1114328052054108e-21, nan 
-5.375, -70.875, 9.554720256260965e-22, nan 
-5.125, -70.875, 7.547273104331414e-22, nan 
-4.875, -70.875, 3.7957002433853167e-22, nan 
-4.625, -70.875, 4.18139548250264e-22, nan 
-4.375, -70.875, 1.6604177599514153e-21, nan 
-4.125, -70.875, 5.888002885324432e-22, nan 
-3.875, -70.875, 8.879152499006903e-22, nan 
-3.625, -70.875, 3.3297105542776985e-21, nan 
-3.375, -70.875, 9.595254838462306e-22, nan 
-3.125, -70.875, 1.0168257210196738e-21, nan 
-2.875, -70.875, 2.2805212789796514e-21, nan 
-2.625, -70.875, 2.2325278065853338e-21, nan 
-2.375, -70.875, 2.3129138262226348e-21, nan 
-2.125, -70.875, 9.476698186714883e-22, nan 
-1.875, -70.875, 1.1026584756434684e-21, nan 
-1.625, -70.875, 1.3163579874695552e-21, nan 
-1.375, -70.875, 5.542309349327849e-22, nan 
-1.125, -70.875, 4.951045988066606e-22, nan 
-0.875, -70.875, 7.32625388987491e-22, nan 
-0.625, -70.875, 1.4626038762322829e-21, nan 
-0.375, -70.875, 1.6047014867898201e-21, nan 
-0.125, -70.875, 1.7128528525547576e-21, nan 
0.125, -70.875, 1.4917687893456521e-21, nan 
0.375, -70.875, 1.842034079189116e-21, nan 
0.625, -70.875, 3.0770394456327057e-21, nan 
0.875, -70.875, 2.6431331415312238e-21, nan 
1.125, -70.875, 1.2382693729856321e-21, nan 
1.375, -70.875, 3.3781949582354118e-21, nan 
1.625, -70.875, 3.3650114784122953e-21, nan 
1.875, -70.875, 1.5276550729217297e-21, nan 
2.125, -70.875, 1.842267833256121e-21, nan 
2.375, -70.875, 2.4010842292970977e-21, nan 
2.625, -70.875, 9.311401976168312e-22, nan 
2.875, -70.875, 1.3063982193152903e-21, nan 
3.125, -70.875, 1.253288903694711e-21, nan 
3.375, -70.875, 1.408139826525412e-21, nan 
3.625, -70.875, 2.3166696062282963e-21, nan 
3.875, -70.875, 2.4543408000743567e-21, nan 
4.125, -70.875, 2.042235030721996e-21, nan 
4.375, -70.875, 1.5350863346626454e-21, nan 
4.625, -70.875, 1.6471876150489236e-21, nan 
4.875, -70.875, 1.3364044834551644e-21, nan 
5.125, -70.875, 2.3013914961542325e-22, nan 
5.375, -70.875, 2.837584371423097e-22, nan 
5.625, -70.875, 2.507535278716057e-22, nan 
5.875, -70.875, 2.1871684339330194e-22, nan 
6.125, -70.875, 2.5599187156181485e-22, nan 
6.375, -70.875, 2.60050657444735e-22, nan 
6.625, -70.875, 3.1176372670482916e-22, nan 
6.875, -70.875, 2.6085768293000337e-22, nan 
7.125, -70.875, 3.804037838995947e-22, nan 
7.375, -70.875, 6.30511348777258e-22, nan 
7.625, -70.875, 2.700237384882802e-22, nan 
7.875, -70.875, 2.3697174421553307e-22, nan 
8.125, -70.875, 3.35309097679951e-22, nan 
8.375, -70.875, 2.970432628225954e-22, nan 
8.625, -70.875, 2.2357126582997265e-22, nan 
8.875, -70.875, 2.7155063686576717e-22, nan 
9.125, -70.875, 3.0003088884197406e-22, nan 
9.375, -70.875, 4.088382077458938e-22, nan 
9.625, -70.875, 5.292654776490349e-22, nan 
9.875, -70.875, 4.746529508120518e-22, nan 
10.125, -70.875, 5.810214918891505e-22, nan 
10.375, -70.875, 7.483060337355628e-22, nan 
10.625, -70.875, 6.583997549250498e-22, nan 
10.875, -70.875, 7.980012557518273e-22, nan 
11.125, -70.875, 9.251012694140576e-22, nan 
11.375, -70.875, 1.1103675713699602e-21, nan 
11.625, -70.875, 1.1746722934549355e-21, nan 
11.875, -70.875, 7.492479726490076e-22, nan 
12.125, -70.875, 1.1704937904804005e-21, nan 
12.375, -70.875, 1.6161900953118346e-21, nan 
-66.125, -70.625, 1.3422248863487045e-23, nan 
-65.875, -70.625, 2.0282226073364977e-23, nan 
-65.625, -70.625, 2.6126249382156024e-23, nan 
-65.375, -70.625, 1.7643364787115e-23, nan 
-65.125, -70.625, 2.026508440421893e-23, nan 
-64.875, -70.625, 1.5619937772775089e-23, nan 
-64.625, -70.625, 1.5563827932811776e-23, nan 
-64.375, -70.625, 1.6242687630578986e-23, nan 
-64.125, -70.625, 4.5257937760399933e-23, nan 
-63.875, -70.625, 4.6816586311410245e-23, nan 
-63.625, -70.625, 3.4362313277118727e-23, nan 
-63.375, -70.625, 2.9893569655592767e-23, nan 
-63.125, -70.625, 4.61373596413767e-23, nan 
-62.875, -70.625, 2.3748030359935758e-23, nan 
-62.625, -70.625, 1.4365737849364867e-23, nan 
-62.375, -70.625, 2.2859607912586548e-23, nan 
-62.125, -70.625, 1.5451827776074707e-23, nan 
-61.875, -70.625, 7.368195836652551e-24, nan 
-61.625, -70.625, 8.364617152922313e-24, nan 
-61.375, -70.625, 5.956895136183664e-24, nan 
-61.125, -70.625, 1.084066260986282e-23, nan 
-60.875, -70.625, 7.388996828836774e-24, nan 
-60.625, -70.625, 4.5792384322763494e-24, nan 
-60.375, -70.625, 3.846609915179361e-24, nan 
-60.125, -70.625, 4.972473683604453e-24, nan 
-59.875, -70.625, 4.570393142290623e-24, nan 
-59.625, -70.625, 5.163773960108154e-24, nan 
-59.375, -70.625, 4.577255779039001e-24, nan 
-59.125, -70.625, 7.723293538146195e-24, nan 
-58.875, -70.625, 1.386855967649291e-23, nan 
-58.625, -70.625, 3.8045466946006765e-23, nan 
-58.375, -70.625, 6.58899120126579e-23, nan 
-58.125, -70.625, 7.92276001138992e-23, nan 
-57.875, -70.625, 7.520407362257708e-23, nan 
-57.625, -70.625, 6.874939550787064e-23, nan 
-57.375, -70.625, 7.82359278410164e-23, nan 
-57.125, -70.625, 7.182136757073408e-23, nan 
-56.875, -70.625, 5.545771249574864e-23, nan 
-56.625, -70.625, 5.515453562492908e-23, nan 
-56.375, -70.625, 5.0424878366775286e-23, nan 
-56.125, -70.625, 2.831100708576888e-23, nan 
-55.875, -70.625, 5.112725002834374e-23, nan 
-55.625, -70.625, 8.987572042979191e-23, nan 
-55.375, -70.625, 1.4483169510683812e-22, nan 
-55.125, -70.625, 1.1184468958057677e-22, nan 
-54.875, -70.625, 1.031511381670578e-22, nan 
-54.625, -70.625, 1.606090545008568e-22, nan 
-54.375, -70.625, 1.5671384586123116e-22, nan 
-54.125, -70.625, 1.3048708984053145e-22, nan 
-53.875, -70.625, 9.83082595735442e-23, nan 
-53.625, -70.625, 8.557899264267447e-23, nan 
-53.375, -70.625, 9.545063730122615e-23, nan 
-53.125, -70.625, 6.669452921100273e-23, nan 
-52.875, -70.625, 5.843446858389114e-23, nan 
-52.625, -70.625, 8.637018432773851e-23, nan 
-52.375, -70.625, 7.250699117546007e-23, nan 
-52.125, -70.625, 6.466621892888062e-23, nan 
-51.875, -70.625, 3.353363753562619e-23, nan 
-51.625, -70.625, 3.194821984407e-23, nan 
-51.375, -70.625, 4.776752761361466e-23, nan 
-51.125, -70.625, 2.2582277274050235e-23, nan 
-50.875, -70.625, 3.2959812789150345e-23, nan 
-50.625, -70.625, 3.819679528199706e-23, nan 
-50.375, -70.625, 1.5022369323849263e-23, nan 
-50.125, -70.625, 1.5426052625830466e-23, nan 
-49.875, -70.625, 2.6781146485460196e-23, nan 
-49.625, -70.625, 2.1300196696257727e-23, nan 
-49.375, -70.625, 1.6807499752372605e-23, nan 
-49.125, -70.625, 2.0090065567361248e-23, nan 
-48.875, -70.625, 1.676170710693433e-23, nan 
-48.625, -70.625, 1.4129395167686828e-23, nan 
-48.375, -70.625, 1.7098349434818225e-23, nan 
-48.125, -70.625, 7.140233969064197e-23, nan 
-47.875, -70.625, 6.500295931747418e-23, nan 
-47.625, -70.625, 4.6208694136484393e-23, nan 
-47.375, -70.625, 1.576885516401634e-22, nan 
-47.125, -70.625, 2.0303552553911634e-22, nan 
-46.875, -70.625, 2.2961894474797484e-22, nan 
-46.625, -70.625, 4.152947475683628e-22, nan 
-46.375, -70.625, 4.640329680695732e-22, nan 
-46.125, -70.625, 4.1548324379008803e-22, nan 
-45.875, -70.625, 1.367003182444077e-22, nan 
-45.625, -70.625, 2.0857314344679562e-22, nan 
-45.375, -70.625, 1.2346235082473373e-22, nan 
-45.125, -70.625, 1.2004199627115807e-22, nan 
-44.875, -70.625, 3.560049640582007e-23, nan 
-44.625, -70.625, 2.846914107790254e-23, nan 
-44.375, -70.625, 2.28137429727576e-23, nan 
-44.125, -70.625, 3.196680438321569e-23, nan 
-43.875, -70.625, 3.552355151760772e-23, nan 
-43.625, -70.625, 2.5051378914844946e-23, nan 
-43.375, -70.625, 2.601294015391724e-23, nan 
-43.125, -70.625, 2.93139497356174e-23, nan 
-42.875, -70.625, 1.363399085787375e-23, nan 
-42.625, -70.625, 4.0119788730109216e-23, nan 
-42.375, -70.625, 3.463349279233661e-22, nan 
-42.125, -70.625, 5.264595251762016e-22, nan 
-41.875, -70.625, 6.069260727033959e-22, nan 
-41.625, -70.625, 5.205426033188114e-22, nan 
-41.375, -70.625, 5.604426811374172e-22, nan 
-41.125, -70.625, 5.54581401900923e-22, nan 
-40.875, -70.625, 3.0811235652485484e-22, nan 
-40.625, -70.625, 2.126523670988751e-22, nan 
-40.375, -70.625, 1.8522253914174277e-22, nan 
-40.125, -70.625, 1.9850097437040764e-22, nan 
-39.875, -70.625, 2.6289244335377293e-22, nan 
-39.625, -70.625, 2.2407266684638763e-22, nan 
-39.375, -70.625, 2.419185082992151e-22, nan 
-39.125, -70.625, 2.461702814264718e-22, nan 
-38.875, -70.625, 1.7848777508071174e-22, nan 
-38.625, -70.625, 1.1939149087306101e-22, nan 
-38.375, -70.625, 2.1026237017496891e-22, nan 
-38.125, -70.625, 2.9471269376122403e-22, nan 
-37.875, -70.625, 2.2612279200306355e-22, nan 
-37.625, -70.625, 2.4470442777323233e-22, nan 
-37.375, -70.625, 4.0771276991350887e-22, nan 
-37.125, -70.625, 3.0788438044875033e-22, nan 
-36.875, -70.625, 2.0100551320180275e-22, nan 
-36.625, -70.625, 1.570995282122254e-22, nan 
-36.375, -70.625, 2.772174102125742e-22, nan 
-36.125, -70.625, 2.0130651937624765e-22, nan 
-35.875, -70.625, 1.3027478694301138e-22, nan 
-35.625, -70.625, 7.284526250379657e-23, nan 
-35.375, -70.625, 1.5331286453241214e-22, nan 
-35.125, -70.625, 2.4829307134643003e-22, nan 
-34.875, -70.625, 1.9146962950136379e-22, nan 
-34.625, -70.625, 1.7861127433949148e-22, nan 
-34.375, -70.625, 3.2617545603933927e-22, nan 
-34.125, -70.625, 3.211249280234202e-22, nan 
-33.875, -70.625, 3.172163318431739e-22, nan 
-33.625, -70.625, 1.7549062944019025e-22, nan 
-33.375, -70.625, 3.629248087230899e-22, nan 
-33.125, -70.625, 4.1799899161174925e-22, nan 
-32.875, -70.625, 1.7758428540341063e-22, nan 
-32.625, -70.625, 1.3593205957861067e-22, nan 
-32.375, -70.625, 3.840557824931371e-22, nan 
-32.125, -70.625, 3.9145505878725123e-22, nan 
-31.875, -70.625, 2.816144616681323e-22, nan 
-31.625, -70.625, 5.503199760702201e-22, nan 
-31.375, -70.625, 9.262657780670742e-22, nan 
-31.125, -70.625, 1.0916007505101262e-21, nan 
-30.875, -70.625, 1.1829579587387542e-21, nan 
-30.625, -70.625, 2.8713834605879084e-21, nan 
-30.375, -70.625, 2.5315137127314605e-21, nan 
-30.125, -70.625, 2.574488374710848e-21, nan 
-29.875, -70.625, 8.458207112332e-21, nan 
-29.625, -70.625, 7.846082080490567e-21, nan 
-29.375, -70.625, 4.1589998219468595e-21, nan 
-29.125, -70.625, 7.871009015995148e-21, nan 
-28.875, -70.625, 8.354336085000359e-21, nan 
-28.625, -70.625, 7.684307828174215e-21, nan 
-28.375, -70.625, 5.2614498490130224e-21, nan 
-28.125, -70.625, 6.843155221113196e-21, nan 
-27.875, -70.625, 9.397187968463934e-21, nan 
-27.625, -70.625, 8.842292899642459e-21, nan 
-27.375, -70.625, 1.1519810773454519e-20, nan 
-27.125, -70.625, 1.5150491864258557e-20, nan 
-26.875, -70.625, 1.5535439453540615e-20, nan 
-26.625, -70.625, 2.080006008598321e-20, nan 
-26.375, -70.625, 3.364908119303499e-20, nan 
-26.125, -70.625, 3.672749565991939e-20, nan 
-25.875, -70.625, 4.5711954584058306e-20, nan 
-25.625, -70.625, 5.993536391917741e-20, nan 
-25.375, -70.625, 7.605049483073021e-20, nan 
-25.125, -70.625, 8.687667682810208e-20, nan 
-24.875, -70.625, 1.1354510976575467e-19, nan 
-24.625, -70.625, 1.232156059623638e-19, nan 
-24.375, -70.625, 1.830531298960862e-19, nan 
-24.125, -70.625, 2.8858905680870507e-19, nan 
-23.875, -70.625, 4.650788396410684e-19, nan 
-23.625, -70.625, 8.755309469967375e-19, nan 
-23.375, -70.625, 1.56619003958126e-18, nan 
-23.125, -70.625, 3.244985087303208e-18, nan 
-22.875, -70.625, 4.958678732180105e-18, nan 
-22.625, -70.625, 3.642053072558015e-18, nan 
-22.375, -70.625, 2.0771911483120958e-18, nan 
-22.125, -70.625, 7.498127708642072e-19, nan 
-21.875, -70.625, 2.6589612396747263e-19, nan 
-21.625, -70.625, 2.867980698697442e-19, nan 
-21.375, -70.625, 1.5722249029261181e-19, nan 
-21.125, -70.625, 1.284853675659543e-19, nan 
-20.875, -70.625, 1.1392004035937963e-19, nan 
-20.625, -70.625, 1.1088350223352707e-19, nan 
-20.375, -70.625, 7.081029645719264e-20, nan 
-20.125, -70.625, 4.3359210981696186e-20, nan 
-19.875, -70.625, 5.515416642709494e-20, nan 
-19.625, -70.625, 5.192744710062633e-20, nan 
-19.375, -70.625, 4.849799768291104e-20, nan 
-19.125, -70.625, 3.847135685555578e-20, nan 
-18.875, -70.625, 4.3833522635970414e-20, nan 
-18.625, -70.625, 4.507849132421853e-20, nan 
-18.375, -70.625, 3.7170089111267536e-20, nan 
-18.125, -70.625, 1.6508979433763608e-20, nan 
-17.875, -70.625, 1.296763547436901e-20, nan 
-17.625, -70.625, 2.3419201124843012e-20, nan 
-17.375, -70.625, 1.993986934586044e-20, nan 
-17.125, -70.625, 2.207162247343777e-20, nan 
-16.875, -70.625, 1.513932189278875e-20, nan 
-16.625, -70.625, 1.8425404226615453e-20, nan 
-16.375, -70.625, 2.084249118854736e-20, nan 
-16.125, -70.625, 1.885595548600402e-20, nan 
-15.875, -70.625, 1.1340038967660144e-20, nan 
-15.625, -70.625, 1.2981065354584379e-20, nan 
-15.375, -70.625, 9.114385956274198e-21, nan 
-15.125, -70.625, 8.830605967479065e-21, nan 
-14.875, -70.625, 3.628555575230573e-21, nan 
-14.625, -70.625, 5.532743179030383e-21, nan 
-14.375, -70.625, 2.9309672032240284e-21, nan 
-14.125, -70.625, 4.046113417623597e-21, nan 
-13.875, -70.625, 2.67996501192213e-21, nan 
-13.625, -70.625, 2.2638474561277644e-21, nan 
-13.375, -70.625, 3.666085259113944e-21, nan 
-13.125, -70.625, 2.099838792410887e-21, nan 
-12.875, -70.625, 7.2550514892922e-22, nan 
-12.625, -70.625, 5.207769808429705e-22, nan 
-12.375, -70.625, 1.730762929270493e-22, nan 
-12.125, -70.625, 1.410935927278837e-22, nan 
-11.875, -70.625, 3.4052361493030136e-22, nan 
-11.625, -70.625, 2.5238734297109883e-22, nan 
-11.375, -70.625, 3.197043028334522e-22, nan 
-11.125, -70.625, 4.286039842384793e-22, nan 
-10.875, -70.625, 5.534742037754597e-22, nan 
-10.625, -70.625, 5.938201499950038e-22, nan 
-10.375, -70.625, 4.78838626000594e-22, nan 
-10.125, -70.625, 7.226519088597422e-22, nan 
-9.875, -70.625, 1.2670097909141339e-21, nan 
-9.625, -70.625, 7.012621184656424e-22, nan 
-9.375, -70.625, 4.553021428227734e-22, nan 
-9.125, -70.625, 1.0318471924228402e-21, nan 
-8.875, -70.625, 9.315943694721794e-22, nan 
-8.625, -70.625, 8.587536979820588e-22, nan 
-8.375, -70.625, 7.785812389776094e-22, nan 
-8.125, -70.625, 1.4438497534468612e-21, nan 
-7.875, -70.625, 1.569701972999384e-21, nan 
-7.625, -70.625, 8.012294760779422e-22, nan 
-7.375, -70.625, 1.1435413047965549e-21, nan 
-7.125, -70.625, 1.0488751150561603e-21, nan 
-6.875, -70.625, 1.2871621085587682e-21, nan 
-6.625, -70.625, 1.4579332509141874e-21, nan 
-6.375, -70.625, 1.3260988702504522e-21, nan 
-6.125, -70.625, 1.3328594115063944e-21, nan 
-5.875, -70.625, 1.4832812121603561e-21, nan 
-5.625, -70.625, 1.4748471412582796e-21, nan 
-5.375, -70.625, 1.6094930875464789e-21, nan 
-5.125, -70.625, 1.364273111988259e-21, nan 
-4.875, -70.625, 1.0254680314196626e-21, nan 
-4.625, -70.625, 1.0195829739300654e-21, nan 
-4.375, -70.625, 9.15935528144018e-22, nan 
-4.125, -70.625, 8.564831277064391e-22, nan 
-3.875, -70.625, 1.0085869800813513e-21, nan 
-3.625, -70.625, 1.3710871708501015e-21, nan 
-3.375, -70.625, 1.3247603412835116e-21, nan 
-3.125, -70.625, 1.4141892101919815e-21, nan 
-2.875, -70.625, 1.691220848922521e-21, nan 
-2.625, -70.625, 2.556447164396679e-21, nan 
-2.375, -70.625, 2.7502830220352425e-21, nan 
-2.125, -70.625, 1.5567127104942903e-21, nan 
-1.875, -70.625, 1.544881329636439e-21, nan 
-1.625, -70.625, 1.7364139623625645e-21, nan 
-1.375, -70.625, 1.2467931732406099e-21, nan 
-1.125, -70.625, 7.065854010783071e-22, nan 
-0.875, -70.625, 6.532675674562742e-22, nan 
-0.625, -70.625, 9.952810054161953e-22, nan 
-0.375, -70.625, 1.0352340518481527e-21, nan 
-0.125, -70.625, 7.143689291755571e-22, nan 
0.125, -70.625, 6.6520696295080655e-22, nan 
0.375, -70.625, 6.944433173647805e-22, nan 
0.625, -70.625, 1.0800894678443482e-21, nan 
0.875, -70.625, 1.3017694493661716e-21, nan 
1.125, -70.625, 8.299437743884602e-22, nan 
1.375, -70.625, 9.987772802319771e-22, nan 
1.625, -70.625, 9.3276721031388e-22, nan 
1.875, -70.625, 7.54696018779543e-22, nan 
2.125, -70.625, 8.688276159350294e-22, nan 
2.375, -70.625, 1.2420914405395039e-21, nan 
2.625, -70.625, 1.0714239426596846e-21, nan 
2.875, -70.625, 1.2922403129169882e-21, nan 
3.125, -70.625, 1.4080597267572391e-21, nan 
3.375, -70.625, 1.2379394010514236e-21, nan 
3.625, -70.625, 1.7131599563239808e-21, nan 
3.875, -70.625, 1.6604651965055024e-21, nan 
4.125, -70.625, 1.209851704311665e-21, nan 
4.375, -70.625, 1.2967526950108587e-21, nan 
4.625, -70.625, 1.3000217542116588e-21, nan 
4.875, -70.625, 8.35292886212177e-22, nan 
5.125, -70.625, 2.0063316284873006e-22, nan 
5.375, -70.625, 2.0381124206256374e-22, nan 
5.625, -70.625, 1.429665379987402e-22, nan 
5.875, -70.625, 2.3384475191194493e-22, nan 
6.125, -70.625, 4.0122902279175974e-22, nan 
6.375, -70.625, 3.5673418027506014e-22, nan 
6.625, -70.625, 5.872880098709784e-22, nan 
6.875, -70.625, 3.466972794013556e-22, nan 
7.125, -70.625, 5.761306214506745e-22, nan 
7.375, -70.625, 3.86788369640937e-22, nan 
7.625, -70.625, 1.6971074837879465e-22, nan 
7.875, -70.625, 1.292729460911561e-22, nan 
8.125, -70.625, 6.519103978504069e-23, nan 
8.375, -70.625, 4.108118207533246e-23, nan 
8.625, -70.625, 1.3071224273740432e-22, nan 
8.875, -70.625, 8.769952622661338e-23, nan 
9.125, -70.625, 6.970705251030266e-23, nan 
9.375, -70.625, 6.29194484653425e-23, nan 
9.625, -70.625, 2.275784985249128e-22, nan 
9.875, -70.625, 2.9794744801740427e-22, nan 
10.125, -70.625, 3.7552469161085126e-22, nan 
10.375, -70.625, 3.944103982242332e-22, nan 
10.625, -70.625, 4.601324177155243e-22, nan 
10.875, -70.625, 6.597379987932254e-22, nan 
11.125, -70.625, 8.53401201980619e-22, nan 
11.375, -70.625, 9.406784050469012e-22, nan 
11.625, -70.625, 1.391542602847264e-21, nan 
11.875, -70.625, 1.0370423099356836e-21, nan 
12.125, -70.625, 1.046648612372204e-21, nan 
-65.125, -70.375, 3.831245908200756e-23, nan 
-64.875, -70.375, 5.86121571176961e-23, nan 
-64.625, -70.375, 5.213810063553674e-23, nan 
-64.375, -70.375, 3.499364190856689e-23, nan 
-64.125, -70.375, 5.458637535590057e-23, nan 
-63.875, -70.375, 4.968163823447006e-23, nan 
-63.625, -70.375, 3.846586222074325e-23, nan 
-63.375, -70.375, 1.6393935669607252e-23, nan 
-63.125, -70.375, 1.714825877948193e-23, nan 
-62.875, -70.375, 1.5115846746688027e-23, nan 
-62.625, -70.375, 1.5738518478890784e-23, nan 
-62.375, -70.375, 1.894856340492177e-23, nan 
-62.125, -70.375, 2.4831078005092177e-23, nan 
-61.875, -70.375, 1.810103306825889e-23, nan 
-61.625, -70.375, 2.281470731905851e-23, nan 
-61.375, -70.375, 1.0096301341202344e-23, nan 
-61.125, -70.375, 1.2344030893007332e-23, nan 
-60.875, -70.375, 7.846532914123503e-24, nan 
-60.625, -70.375, 9.732900719557508e-24, nan 
-60.375, -70.375, 1.012625111113949e-23, nan 
-60.125, -70.375, 6.880551414772265e-24, nan 
-59.875, -70.375, 4.329349760691113e-24, nan 
-59.625, -70.375, 1.4955350641645813e-23, nan 
-59.375, -70.375, 3.839769638956453e-23, nan 
-59.125, -70.375, 3.941099730899992e-23, nan 
-58.875, -70.375, 3.3918304283561085e-23, nan 
-58.625, -70.375, 5.629992194048351e-23, nan 
-58.375, -70.375, 6.569006995401827e-23, nan 
-58.125, -70.375, 6.708438487314124e-23, nan 
-57.875, -70.375, 6.911342314819106e-23, nan 
-57.625, -70.375, 6.626928802504031e-23, nan 
-57.375, -70.375, 7.404869616835653e-23, nan 
-57.125, -70.375, 8.5351149499626e-23, nan 
-56.875, -70.375, 5.341834646018833e-23, nan 
-56.625, -70.375, 5.837568106437495e-23, nan 
-56.375, -70.375, 4.0687185097173423e-23, nan 
-56.125, -70.375, 2.350528099548544e-23, nan 
-55.875, -70.375, 1.7114494849139833e-23, nan 
-55.625, -70.375, 9.904436037787044e-23, nan 
-55.375, -70.375, 1.0510882299447958e-22, nan 
-55.125, -70.375, 1.1894771224190953e-22, nan 
-54.875, -70.375, 1.2134292303346376e-22, nan 
-54.625, -70.375, 1.069419401585938e-22, nan 
-54.375, -70.375, 1.198650474710866e-22, nan 
-54.125, -70.375, 3.737523206364038e-23, nan 
-53.875, -70.375, 1.7156322535503232e-23, nan 
-53.625, -70.375, 2.69432946197314e-23, nan 
-53.375, -70.375, 2.071798646075899e-23, nan 
-53.125, -70.375, 2.6228984906703596e-23, nan 
-52.875, -70.375, 4.879097301293897e-23, nan 
-52.625, -70.375, 8.783786031879265e-23, nan 
-52.375, -70.375, 7.50245289932917e-23, nan 
-52.125, -70.375, 5.251571402892069e-23, nan 
-51.875, -70.375, 7.852611535987812e-23, nan 
-51.625, -70.375, 6.185780547601801e-23, nan 
-51.375, -70.375, 5.363594730730565e-23, nan 
-51.125, -70.375, 3.795930286967632e-23, nan 
-50.875, -70.375, 2.391611726776695e-23, nan 
-50.625, -70.375, 3.786289029026555e-23, nan 
-50.375, -70.375, 1.9264633667380142e-23, nan 
-50.125, -70.375, 1.978600500501227e-23, nan 
-49.875, -70.375, 4.006703895506008e-23, nan 
-49.625, -70.375, 2.2015025690835875e-23, nan 
-49.375, -70.375, 2.7530760747848737e-23, nan 
-49.125, -70.375, 3.2058349293391956e-23, nan 
-48.875, -70.375, 1.051643817894956e-23, nan 
-48.625, -70.375, 7.716324987675923e-24, nan 
-48.375, -70.375, 7.539606193176423e-24, nan 
-48.125, -70.375, 1.0030216425493205e-23, nan 
-47.875, -70.375, 1.6848709027887956e-23, nan 
-47.625, -70.375, 3.359335355854456e-23, nan 
-47.375, -70.375, 7.500683100455533e-23, nan 
-47.125, -70.375, 6.642032873452299e-23, nan 
-46.875, -70.375, 5.80965325457624e-23, nan 
-46.625, -70.375, 9.236255818202365e-23, nan 
-46.375, -70.375, 2.1798712516006373e-22, nan 
-46.125, -70.375, 1.355920870038976e-22, nan 
-45.875, -70.375, 1.4174837781368325e-22, nan 
-45.625, -70.375, 2.1983599807019872e-23, nan 
-45.375, -70.375, 3.4345830614515886e-23, nan 
-45.125, -70.375, 2.5879931326788444e-22, nan 
-44.875, -70.375, 3.071092814361254e-23, nan 
-44.625, -70.375, 1.9824866939543442e-23, nan 
-44.375, -70.375, 1.2619722294722626e-22, nan 
-44.125, -70.375, 3.2106823369432607e-23, nan 
-43.875, -70.375, 2.0001197663340038e-23, nan 
-43.625, -70.375, 2.2813893932322475e-23, nan 
-43.375, -70.375, 2.5916055980840712e-23, nan 
-43.125, -70.375, 2.2037006627241154e-23, nan 
-42.875, -70.375, 1.5612338782854693e-22, nan 
-42.625, -70.375, 4.607760328590223e-22, nan 
-42.375, -70.375, 8.076841881715245e-22, nan 
-42.125, -70.375, 7.331663956095787e-22, nan 
-41.875, -70.375, 7.028623383799945e-22, nan 
-41.625, -70.375, 6.78631682790817e-22, nan 
-41.375, -70.375, 5.108183130853282e-22, nan 
-41.125, -70.375, 3.3063731437637827e-22, nan 
-40.875, -70.375, 7.875276236701356e-23, nan 
-40.625, -70.375, 1.405908564296e-22, nan 
-40.375, -70.375, 1.6403023164611865e-22, nan 
-40.125, -70.375, 1.076643223856019e-22, nan 
-39.875, -70.375, 2.2904202506761196e-22, nan 
-39.625, -70.375, 2.9319800481982413e-22, nan 
-39.375, -70.375, 2.726941679384594e-22, nan 
-39.125, -70.375, 2.493669957259898e-22, nan 
-38.875, -70.375, 3.0278284338480736e-22, nan 
-38.625, -70.375, 2.9580210589952374e-22, nan 
-38.375, -70.375, 2.0340538038542203e-22, nan 
-38.125, -70.375, 9.351855758472931e-23, nan 
-37.875, -70.375, 2.593571374254813e-22, nan 
-37.625, -70.375, 2.6497632027432825e-22, nan 
-37.375, -70.375, 4.036973772297159e-22, nan 
-37.125, -70.375, 2.2724280798604203e-22, nan 
-36.875, -70.375, 1.6958423005877221e-22, nan 
-36.625, -70.375, 3.0973278777471957e-22, nan 
-36.375, -70.375, 2.0075684890951024e-22, nan 
-36.125, -70.375, 2.0406463009977924e-22, nan 
-35.875, -70.375, 3.431311605314806e-22, nan 
-35.625, -70.375, 2.904827742876894e-22, nan 
-35.375, -70.375, 1.9780396397916263e-22, nan 
-35.125, -70.375, 3.444381192891332e-22, nan 
-34.875, -70.375, 3.999592257211084e-22, nan 
-34.625, -70.375, 2.859914814389561e-22, nan 
-34.375, -70.375, 4.712460074020207e-22, nan 
-34.125, -70.375, 4.538567825274541e-22, nan 
-33.875, -70.375, 3.4477258430717003e-22, nan 
-33.625, -70.375, 7.216341974695277e-23, nan 
-33.375, -70.375, 3.0871740976875095e-22, nan 
-33.125, -70.375, 3.4099900878240796e-22, nan 
-32.875, -70.375, 4.823613560706712e-22, nan 
-32.625, -70.375, 5.687711327191963e-22, nan 
-32.375, -70.375, 5.340354540301702e-22, nan 
-32.125, -70.375, 7.511179760932975e-22, nan 
-31.875, -70.375, 9.388866331534025e-22, nan 
-31.625, -70.375, 1.8755506949813847e-21, nan 
-31.375, -70.375, 3.509976974224053e-21, nan 
-31.125, -70.375, 4.42338499412382e-21, nan 
-30.875, -70.375, 1.369416511231604e-21, nan 
-30.625, -70.375, 1.7683087975592215e-21, nan 
-30.375, -70.375, 1.2665901488017645e-21, nan 
-30.125, -70.375, 1.3451963907604019e-21, nan 
-29.875, -70.375, 7.269037050386214e-21, nan 
-29.625, -70.375, 6.243607045245898e-21, nan 
-29.375, -70.375, 5.643410498788284e-21, nan 
-29.125, -70.375, 6.363431111777218e-21, nan 
-28.875, -70.375, 8.061410621156011e-21, nan 
-28.625, -70.375, 1.0396272730000289e-20, nan 
-28.375, -70.375, 4.9009078715853796e-21, nan 
-28.125, -70.375, 1.003754378249125e-20, nan 
-27.875, -70.375, 1.6494327061363128e-20, nan 
-27.625, -70.375, 2.0271010742694078e-20, nan 
-27.375, -70.375, 2.2099026493438137e-20, nan 
-27.125, -70.375, 3.2783051215813683e-20, nan 
-26.875, -70.375, 5.364276900973438e-20, nan 
-26.625, -70.375, 7.080182863450211e-20, nan 
-26.375, -70.375, 8.231110817158605e-20, nan 
-26.125, -70.375, 1.042538328449667e-19, nan 
-25.875, -70.375, 1.588410282776102e-19, nan 
-25.625, -70.375, 1.8860522092305413e-19, nan 
-25.375, -70.375, 2.3785673697248434e-19, nan 
-25.125, -70.375, 2.78888061200302e-19, nan 
-24.875, -70.375, 3.740884400688196e-19, nan 
-24.625, -70.375, 4.801163019780657e-19, nan 
-24.375, -70.375, 4.692374302968498e-19, nan 
-24.125, -70.375, 4.978945252976482e-19, nan 
-23.875, -70.375, 4.798787954900785e-19, nan 
-23.625, -70.375, 4.637631886116347e-19, nan 
-23.375, -70.375, 4.0673387110727934e-19, nan 
-23.125, -70.375, 2.670239837729331e-19, nan 
-22.875, -70.375, 2.1928580137902e-19, nan 
-22.625, -70.375, 2.0640079439731832e-19, nan 
-22.375, -70.375, 1.087868907705866e-19, nan 
-22.125, -70.375, 7.835190627586418e-20, nan 
-21.875, -70.375, 5.500132022353446e-20, nan 
-21.625, -70.375, 5.400211422765675e-20, nan 
-21.375, -70.375, 2.7090759249804008e-20, nan 
-21.125, -70.375, 2.0629946105894798e-20, nan 
-20.875, -70.375, 1.903405405427264e-20, nan 
-20.625, -70.375, 2.0446361981966654e-20, nan 
-20.375, -70.375, 1.6631861520338777e-20, nan 
-20.125, -70.375, 1.5234524703482433e-20, nan 
-19.875, -70.375, 1.6757382843753055e-20, nan 
-19.625, -70.375, 1.8328266788981495e-20, nan 
-19.375, -70.375, 1.4967262899702008e-20, nan 
-19.125, -70.375, 1.2065150629260319e-20, nan 
-18.875, -70.375, 1.0792895561557906e-20, nan 
-18.625, -70.375, 1.2600869992302289e-20, nan 
-18.375, -70.375, 1.0654339049788731e-20, nan 
-18.125, -70.375, 3.919051277037665e-21, nan 
-17.875, -70.375, 2.415436485420717e-21, nan 
-17.625, -70.375, 3.2237843444000455e-21, nan 
-17.375, -70.375, 2.6584819975205618e-21, nan 
-17.125, -70.375, 5.05206297644001e-21, nan 
-16.875, -70.375, 6.882227226460352e-21, nan 
-16.625, -70.375, 5.6331310079964965e-21, nan 
-16.375, -70.375, 5.9603825834653874e-21, nan 
-16.125, -70.375, 5.275273526691193e-21, nan 
-15.875, -70.375, 5.142909461916534e-21, nan 
-15.625, -70.375, 2.147524614974491e-21, nan 
-15.375, -70.375, 3.687133096218311e-21, nan 
-15.125, -70.375, 7.330755064068262e-21, nan 
-14.875, -70.375, 2.339091120605707e-21, nan 
-14.625, -70.375, 3.471252151260043e-21, nan 
-14.375, -70.375, 5.051875864201245e-21, nan 
-14.125, -70.375, 3.1029197798340547e-21, nan 
-13.875, -70.375, 5.940343492371989e-21, nan 
-13.625, -70.375, 4.742534932077863e-21, nan 
-13.375, -70.375, 4.328351232972261e-21, nan 
-13.125, -70.375, 3.0614124517604324e-21, nan 
-12.875, -70.375, 2.1740376013304022e-21, nan 
-12.625, -70.375, 1.8442532148173007e-21, nan 
-12.375, -70.375, 9.237649151897809e-22, nan 
-12.125, -70.375, 2.501442592965963e-22, nan 
-11.875, -70.375, 5.687248333577898e-22, nan 
-11.625, -70.375, 4.790993897629943e-22, nan 
-11.375, -70.375, 4.739638396495371e-22, nan 
-11.125, -70.375, 4.833128269417939e-22, nan 
-10.875, -70.375, 2.412004896948923e-22, nan 
-10.625, -70.375, 3.992030206173753e-22, nan 
-10.375, -70.375, 3.961520810892373e-22, nan 
-10.125, -70.375, 2.6664578665726007e-22, nan 
-9.875, -70.375, 3.942759089001084e-22, nan 
-9.625, -70.375, 4.022693151636577e-22, nan 
-9.375, -70.375, 5.173026910381511e-22, nan 
-9.125, -70.375, 5.258192511969562e-22, nan 
-8.875, -70.375, 2.4247046362643365e-22, nan 
-8.625, -70.375, 1.513787457462118e-22, nan 
-8.375, -70.375, 2.6179821204628456e-22, nan 
-8.125, -70.375, 4.425120218126203e-22, nan 
-7.875, -70.375, 5.089674574167698e-22, nan 
-7.625, -70.375, 3.183463630512746e-22, nan 
-7.375, -70.375, 5.320285555716524e-22, nan 
-7.125, -70.375, 4.339406723714623e-22, nan 
-6.875, -70.375, 8.026910289053998e-22, nan 
-6.625, -70.375, 8.98960205680037e-22, nan 
-6.375, -70.375, 8.295249787310824e-22, nan 
-6.125, -70.375, 8.204750892659489e-22, nan 
-5.875, -70.375, 8.298037157278074e-22, nan 
-5.625, -70.375, 7.885110366909553e-22, nan 
-5.375, -70.375, 7.159866626015396e-22, nan 
-5.125, -70.375, 6.094879598275336e-22, nan 
-4.875, -70.375, 5.024975262066671e-22, nan 
-4.625, -70.375, 2.7344637618402057e-22, nan 
-4.375, -70.375, 8.002104834402451e-23, nan 
-4.125, -70.375, 1.17126169230011e-22, nan 
-3.875, -70.375, 5.676763426449131e-23, nan 
-3.625, -70.375, 3.5828141554158193e-22, nan 
-3.375, -70.375, 6.267345443712934e-22, nan 
-3.125, -70.375, 6.539869332668218e-22, nan 
-2.875, -70.375, 9.727927395736004e-22, nan 
-2.625, -70.375, 1.2468818627565778e-21, nan 
-2.375, -70.375, 1.3130678738827963e-21, nan 
-2.125, -70.375, 7.602827383623858e-22, nan 
-1.875, -70.375, 4.494289852364146e-22, nan 
-1.625, -70.375, 3.1336945545713254e-22, nan 
-1.375, -70.375, 3.512284356244391e-22, nan 
-1.125, -70.375, 5.135468811956053e-22, nan 
-0.875, -70.375, 4.685720171464585e-22, nan 
-0.625, -70.375, 8.285703574294557e-22, nan 
-0.375, -70.375, 1.0613924092380245e-21, nan 
-0.125, -70.375, 8.771710141809237e-22, nan 
0.125, -70.375, 1.3636220534873533e-21, nan 
0.375, -70.375, 1.2803764390295936e-21, nan 
0.625, -70.375, 9.169304171323143e-22, nan 
0.875, -70.375, 1.1513368238590613e-21, nan 
1.125, -70.375, 1.3013483491701166e-21, nan 
1.375, -70.375, 8.983814596528562e-22, nan 
1.625, -70.375, 9.81212409747578e-22, nan 
1.875, -70.375, 1.6260868322337035e-21, nan 
2.125, -70.375, 1.2343847708687331e-21, nan 
2.375, -70.375, 5.706017767103539e-22, nan 
2.625, -70.375, 1.3050765110698776e-21, nan 
2.875, -70.375, 1.1805544793556918e-21, nan 
3.125, -70.375, 8.81997493925836e-22, nan 
3.375, -70.375, 8.474725557376497e-22, nan 
3.625, -70.375, 9.090850601309764e-22, nan 
3.875, -70.375, 8.45707362794918e-22, nan 
4.125, -70.375, 6.02700462740318e-22, nan 
4.375, -70.375, 2.9564161929478286e-23, nan 
4.625, -70.375, 9.71954941403135e-23, nan 
4.875, -70.375, 3.1531156645103076e-22, nan 
5.125, -70.375, 8.467975385496216e-23, nan 
5.375, -70.375, 1.4924559527568894e-22, nan 
5.625, -70.375, 3.180248367055766e-22, nan 
5.875, -70.375, 3.270759357586496e-22, nan 
6.125, -70.375, 3.85204578604647e-22, nan 
6.375, -70.375, 2.9303725496891993e-22, nan 
6.625, -70.375, 7.322892837073654e-22, nan 
6.875, -70.375, 3.8900902759487713e-22, nan 
7.125, -70.375, 5.3329840847666195e-22, nan 
7.375, -70.375, 6.261195943420505e-22, nan 
7.625, -70.375, 3.626442958582622e-22, nan 
7.875, -70.375, 3.889732994522115e-22, nan 
8.125, -70.375, 1.2570598318921992e-22, nan 
8.375, -70.375, 8.886260367252819e-23, nan 
8.625, -70.375, 5.655482255035065e-23, nan 
8.875, -70.375, 6.523307502988473e-23, nan 
9.125, -70.375, 1.0705868227076565e-22, nan 
9.375, -70.375, 7.61648580788235e-23, nan 
9.625, -70.375, 5.97417472153256e-23, nan 
9.875, -70.375, 9.585891046819421e-23, nan 
10.125, -70.375, 1.3325700250288121e-22, nan 
10.375, -70.375, 3.2355846984853646e-22, nan 
10.625, -70.375, 3.447746773175763e-22, nan 
10.875, -70.375, 3.5623699944458817e-22, nan 
11.125, -70.375, 5.164498486800593e-22, nan 
11.375, -70.375, 5.945564041111184e-22, nan 
11.625, -70.375, 8.181452231384989e-22, nan 
11.875, -70.375, 8.365235174737325e-22, nan 
-64.125, -70.125, 1.5621208784311203e-23, nan 
-63.875, -70.125, 1.733896299779383e-23, nan 
-63.625, -70.125, 1.4802856689365978e-23, nan 
-63.375, -70.125, 1.5947995163792416e-23, nan 
-63.125, -70.125, 1.9636827410233554e-23, nan 
-62.875, -70.125, 1.7477554841228213e-23, nan 
-62.625, -70.125, 1.0175605738921149e-23, nan 
-62.375, -70.125, 2.000232934289669e-23, nan 
-62.125, -70.125, 3.855244979933002e-23, nan 
-61.875, -70.125, 5.46269626045443e-23, nan 
-61.625, -70.125, 5.457666462792386e-23, nan 
-61.375, -70.125, 3.946378378249449e-23, nan 
-61.125, -70.125, 3.813582594592775e-23, nan 
-60.875, -70.125, 2.8057020018379245e-23, nan 
-60.625, -70.125, 1.912636819115052e-23, nan 
-60.375, -70.125, 2.397323285453947e-23, nan 
-60.125, -70.125, 2.704921989857207e-23, nan 
-59.875, -70.125, 2.82585362824087e-23, nan 
-59.625, -70.125, 2.8894078978219004e-23, nan 
-59.375, -70.125, 3.941643020206427e-23, nan 
-59.125, -70.125, 4.7820528887933404e-23, nan 
-58.875, -70.125, 4.9331093616187506e-23, nan 
-58.625, -70.125, 5.845969739800053e-23, nan 
-58.375, -70.125, 7.152796588488948e-23, nan 
-58.125, -70.125, 7.853473600362383e-23, nan 
-57.875, -70.125, 7.425486266432958e-23, nan 
-57.625, -70.125, 8.652367465405731e-23, nan 
-57.375, -70.125, 8.604874234930272e-23, nan 
-57.125, -70.125, 1.2691630429838854e-22, nan 
-56.875, -70.125, 3.7483267423901976e-23, nan 
-56.625, -70.125, 4.0296606593585937e-23, nan 
-56.375, -70.125, 1.142977185341179e-22, nan 
-56.125, -70.125, 6.048698055037933e-23, nan 
-55.875, -70.125, 6.808420778880488e-23, nan 
-55.625, -70.125, 8.620468321484383e-23, nan 
-55.375, -70.125, 8.153072024645688e-23, nan 
-55.125, -70.125, 1.2680440544138664e-22, nan 
-54.875, -70.125, 1.1330874920800758e-22, nan 
-54.625, -70.125, 7.675826660941813e-23, nan 
-54.375, -70.125, 9.180367802346964e-23, nan 
-54.125, -70.125, 8.026502226651959e-23, nan 
-53.875, -70.125, 3.63054584408185e-23, nan 
-53.625, -70.125, 2.887918397965314e-23, nan 
-53.375, -70.125, 3.056546968017393e-23, nan 
-53.125, -70.125, 4.9956314951809387e-23, nan 
-52.875, -70.125, 4.9141743201381715e-23, nan 
-52.625, -70.125, 2.8024021159332973e-23, nan 
-52.375, -70.125, 2.3616534407768492e-23, nan 
-52.125, -70.125, 2.485309767387216e-23, nan 
-51.875, -70.125, 5.184031388304453e-23, nan 
-51.625, -70.125, 3.330889666171997e-23, nan 
-51.375, -70.125, 2.89256297497787e-23, nan 
-51.125, -70.125, 2.828579660142121e-23, nan 
-50.875, -70.125, 4.1287795472421557e-23, nan 
-50.625, -70.125, 3.3189447685073646e-23, nan 
-50.375, -70.125, 3.803912585850389e-23, nan 
-50.125, -70.125, 1.7981012488311616e-23, nan 
-49.875, -70.125, 1.9318806930358935e-23, nan 
-49.625, -70.125, 3.869412702692107e-23, nan 
-49.375, -70.125, 4.3351931826955466e-23, nan 
-49.125, -70.125, 2.433774129884685e-23, nan 
-48.875, -70.125, 2.5606077463365984e-23, nan 
-48.625, -70.125, 2.960105672552173e-23, nan 
-48.375, -70.125, 1.6630239222819002e-23, nan 
-48.125, -70.125, 1.2873021354753564e-23, nan 
-47.875, -70.125, 8.799775419997937e-24, nan 
-47.625, -70.125, 3.039173504079811e-23, nan 
-47.375, -70.125, 2.8932530314943114e-23, nan 
-47.125, -70.125, 2.1386941722077428e-23, nan 
-46.875, -70.125, 4.098318918071021e-23, nan 
-46.625, -70.125, 4.1928235069797415e-23, nan 
-46.375, -70.125, 5.146432484507498e-23, nan 
-46.125, -70.125, 5.557798991098991e-23, nan 
-45.875, -70.125, 3.263094253436341e-23, nan 
-45.625, -70.125, 3.774343887859628e-23, nan 
-45.375, -70.125, 2.162567908640716e-23, nan 
-45.125, -70.125, 1.4484396680633724e-22, nan 
-44.875, -70.125, 2.628876456773161e-23, nan 
-44.625, -70.125, 3.298686851500483e-23, nan 
-44.375, -70.125, 3.7714844461400886e-23, nan 
-44.125, -70.125, 2.832896418439989e-23, nan 
-43.875, -70.125, 3.4708305818442147e-23, nan 
-43.625, -70.125, 4.1201659846059953e-23, nan 
-43.375, -70.125, 2.7711739306520284e-22, nan 
-43.125, -70.125, 7.148146563953316e-22, nan 
-42.875, -70.125, 7.020467901239637e-22, nan 
-42.625, -70.125, 6.2847717577530015e-22, nan 
-42.375, -70.125, 8.977469318237045e-22, nan 
-42.125, -70.125, 8.93500628638356e-22, nan 
-41.875, -70.125, 6.185417254794784e-22, nan 
-41.625, -70.125, 1.4583141502217833e-22, nan 
-41.375, -70.125, 1.0158900522345219e-22, nan 
-41.125, -70.125, 1.2810958482574607e-22, nan 
-40.875, -70.125, 1.6845841580740528e-22, nan 
-40.625, -70.125, 9.848664514403368e-23, nan 
-40.375, -70.125, 1.2503708857245653e-22, nan 
-40.125, -70.125, 1.9794495111872968e-22, nan 
-39.875, -70.125, 2.372233299225855e-22, nan 
-39.625, -70.125, 1.951043819848193e-22, nan 
-39.375, -70.125, 1.8798127608902777e-22, nan 
-39.125, -70.125, 1.783927901372309e-22, nan 
-38.875, -70.125, 2.340420675591591e-22, nan 
-38.625, -70.125, 2.245494277280533e-22, nan 
-38.375, -70.125, 2.2503812950080434e-22, nan 
-38.125, -70.125, 2.64918413002076e-22, nan 
-37.875, -70.125, 3.223316447971859e-22, nan 
-37.625, -70.125, 3.08962851043767e-22, nan 
-37.375, -70.125, 2.3478204013168094e-22, nan 
-37.125, -70.125, 2.807642956703874e-22, nan 
-36.875, -70.125, 3.6409584648399955e-22, nan 
-36.625, -70.125, 5.417218912800788e-22, nan 
-36.375, -70.125, 4.17531873243611e-22, nan 
-36.125, -70.125, 3.538770982633308e-22, nan 
-35.875, -70.125, 6.937468579305127e-22, nan 
-35.625, -70.125, 6.397699725566164e-22, nan 
-35.375, -70.125, 5.081338290354148e-22, nan 
-35.125, -70.125, 4.835634771601726e-22, nan 
-34.875, -70.125, 5.619623657859645e-22, nan 
-34.625, -70.125, 5.685499144333446e-22, nan 
-34.375, -70.125, 5.124389435127001e-22, nan 
-34.125, -70.125, 3.765224240386621e-22, nan 
-33.875, -70.125, 2.893438950910812e-22, nan 
-33.625, -70.125, 5.897449741299812e-22, nan 
-33.375, -70.125, 4.52770730531631e-22, nan 
-33.125, -70.125, 5.346686964029487e-22, nan 
-32.875, -70.125, 8.235697149127164e-22, nan 
-32.625, -70.125, 9.089648077833668e-22, nan 
-32.375, -70.125, 2.730174561123774e-21, nan 
-32.125, -70.125, 5.999851385551484e-21, nan 
-31.875, -70.125, 6.957742122866219e-21, nan 
-31.625, -70.125, 6.667145190457495e-21, nan 
-31.375, -70.125, 1.3992134973322613e-20, nan 
-31.125, -70.125, 1.4841783527509654e-20, nan 
-30.875, -70.125, 6.610504631003986e-21, nan 
-30.625, -70.125, 1.0194755208156442e-20, nan 
-30.375, -70.125, 1.1765208679595096e-20, nan 
-30.125, -70.125, 2.848153673450221e-21, nan 
-29.875, -70.125, 3.173042875848315e-21, nan 
-29.625, -70.125, 3.895903450573537e-21, nan 
-29.375, -70.125, 6.186504368708882e-21, nan 
-29.125, -70.125, 1.0407832357197404e-20, nan 
-28.875, -70.125, 1.2776285318835062e-20, nan 
-28.625, -70.125, 1.604477651603499e-20, nan 
-28.375, -70.125, 2.151997529369152e-20, nan 
-28.125, -70.125, 2.008047775697994e-20, nan 
-27.875, -70.125, 1.4297347844868245e-20, nan 
-27.625, -70.125, 2.7533327503568005e-20, nan 
-27.375, -70.125, 4.401324377587336e-20, nan 
-27.125, -70.125, 8.648864475615594e-20, nan 
-26.875, -70.125, 1.3090499882772754e-19, nan 
-26.625, -70.125, 1.4210662234517805e-19, nan 
-26.375, -70.125, 1.2409830513936173e-19, nan 
-26.125, -70.125, 1.5586165778674725e-19, nan 
-25.875, -70.125, 1.1621276590683058e-19, nan 
-25.625, -70.125, 1.1685962277394067e-19, nan 
-25.375, -70.125, 1.2936472710080881e-19, nan 
-25.125, -70.125, 1.4575681355190824e-19, nan 
-24.875, -70.125, 1.5181547810976467e-19, nan 
-24.625, -70.125, 1.4414018227294112e-19, nan 
-24.375, -70.125, 1.4174086152902312e-19, nan 
-24.125, -70.125, 1.3165231599082433e-19, nan 
-23.875, -70.125, 1.1124582202185988e-19, nan 
-23.625, -70.125, 8.58615480981151e-20, nan 
-23.375, -70.125, 6.239615775806751e-20, nan 
-23.125, -70.125, 6.289845125431881e-20, nan 
-22.875, -70.125, 4.775632243219865e-20, nan 
-22.625, -70.125, 3.8753691688094797e-20, nan 
-22.375, -70.125, 2.57458471113609e-20, nan 
-22.125, -70.125, 1.8853886096883587e-20, nan 
-21.875, -70.125, 1.8874062989329725e-20, nan 
-21.625, -70.125, 1.2637889984522849e-20, nan 
-21.375, -70.125, 1.1369890812034023e-20, nan 
-21.125, -70.125, 8.946684951044705e-21, nan 
-20.875, -70.125, 5.792683790839687e-21, nan 
-20.625, -70.125, 3.830799850555211e-21, nan 
-20.375, -70.125, 4.590820878956307e-21, nan 
-20.125, -70.125, 6.155976725629392e-21, nan 
-19.875, -70.125, 5.915383277472037e-21, nan 
-19.625, -70.125, 5.617091660517366e-21, nan 
-19.375, -70.125, 4.781953929352552e-21, nan 
-19.125, -70.125, 5.409568841748929e-21, nan 
-18.875, -70.125, 6.419109770149641e-21, nan 
-18.625, -70.125, 6.4258653449504374e-21, nan 
-18.375, -70.125, 4.025037484019133e-21, nan 
-18.125, -70.125, 4.23005004246609e-21, nan 
-17.875, -70.125, 3.965802815550643e-21, nan 
-17.625, -70.125, 2.291361004315564e-21, nan 
-17.375, -70.125, 7.971726073033348e-22, nan 
-17.125, -70.125, 9.276289698042707e-22, nan 
-16.875, -70.125, 1.1073852020733718e-21, nan 
-16.625, -70.125, 1.1437367217947124e-21, nan 
-16.375, -70.125, 1.2774594538901073e-21, nan 
-16.125, -70.125, 2.164849276628483e-21, nan 
-15.875, -70.125, 2.2169117831849056e-21, nan 
-15.625, -70.125, 1.4572509953770717e-21, nan 
-15.375, -70.125, 2.2592681399070786e-21, nan 
-15.125, -70.125, 2.02138093931962e-21, nan 
-14.875, -70.125, 1.3767748058640436e-21, nan 
-14.625, -70.125, 1.421063601563998e-21, nan 
-14.375, -70.125, 1.8516653745637222e-21, nan 
-14.125, -70.125, 2.0252038233969105e-21, nan 
-13.875, -70.125, 3.72848838437761e-21, nan 
-13.625, -70.125, 3.977031959920362e-21, nan 
-13.375, -70.125, 3.924054897118058e-21, nan 
-13.125, -70.125, 3.7735597365307184e-21, nan 
-12.875, -70.125, 3.200310840122169e-21, nan 
-12.625, -70.125, 2.6275149794219962e-21, nan 
-12.375, -70.125, 1.851166978924266e-21, nan 
-12.125, -70.125, 8.182567461038553e-22, nan 
-11.875, -70.125, 1.2900204164252694e-22, nan 
-11.625, -70.125, 4.943712132341212e-22, nan 
-11.375, -70.125, 2.116698202258942e-22, nan 
-11.125, -70.125, 2.3237130797251275e-22, nan 
-10.875, -70.125, 2.2557398737069155e-22, nan 
-10.625, -70.125, 2.5853145843833223e-22, nan 
-10.375, -70.125, 3.8836380480072563e-22, nan 
-10.125, -70.125, 3.0517164764153703e-22, nan 
-9.875, -70.125, 2.7319394150407714e-22, nan 
-9.625, -70.125, 4.0967804535017825e-22, nan 
-9.375, -70.125, 4.761924974063641e-22, nan 
-9.125, -70.125, 4.0599688908639e-22, nan 
-8.875, -70.125, 3.871613410266945e-22, nan 
-8.625, -70.125, 4.596111046796316e-22, nan 
-8.375, -70.125, 3.2957835324592267e-22, nan 
-8.125, -70.125, 2.7109416061697194e-22, nan 
-7.875, -70.125, 3.6974516720999147e-22, nan 
-7.625, -70.125, 3.6377550271587966e-22, nan 
-7.375, -70.125, 6.449971889573109e-22, nan 
-7.125, -70.125, 4.138854022254567e-22, nan 
-6.875, -70.125, 2.800509552774922e-22, nan 
-6.625, -70.125, 3.792839256584126e-22, nan 
-6.375, -70.125, 3.3797456875110895e-22, nan 
-6.125, -70.125, 3.09058673530629e-22, nan 
-5.875, -70.125, 2.863404817055645e-22, nan 
-5.625, -70.125, 3.303964184864231e-22, nan 
-5.375, -70.125, 3.6729770980583565e-22, nan 
-5.125, -70.125, 2.952703174083157e-22, nan 
-4.875, -70.125, 4.072633652879471e-22, nan 
-4.625, -70.125, 3.435270955953077e-22, nan 
-4.375, -70.125, 1.7046520381726387e-22, nan 
-4.125, -70.125, 2.0041504755478516e-22, nan 
-3.875, -70.125, 2.668120167981612e-22, nan 
-3.625, -70.125, 3.2740470993594314e-22, nan 
-3.375, -70.125, 3.175204018706957e-22, nan 
-3.125, -70.125, 1.682449942124614e-22, nan 
-2.875, -70.125, 9.198739319921109e-23, nan 
-2.625, -70.125, 1.6609737776384042e-22, nan 
-2.375, -70.125, 2.3563069833764968e-22, nan 
-2.125, -70.125, 1.3788555934365172e-22, nan 
-1.875, -70.125, 1.7958329830361133e-22, nan 
-1.625, -70.125, 2.275388463730202e-22, nan 
-1.375, -70.125, 2.569868424390316e-22, nan 
-1.125, -70.125, 1.92661824322794e-22, nan 
-0.875, -70.125, 2.453207670495607e-22, nan 
-0.625, -70.125, 3.1709389331130184e-22, nan 
-0.375, -70.125, 6.197683438062119e-22, nan 
-0.125, -70.125, 9.29234202069358e-22, nan 
0.125, -70.125, 8.314018588965968e-22, nan 
0.375, -70.125, 8.537398792323077e-22, nan 
0.625, -70.125, 1.2231409722432994e-21, nan 
0.875, -70.125, 2.7009794432725734e-22, nan 
1.125, -70.125, 3.5418125577464676e-22, nan 
1.375, -70.125, 7.02637347191261e-22, nan 
1.625, -70.125, 4.427235206144271e-22, nan 
1.875, -70.125, 7.509750108137941e-22, nan 
2.125, -70.125, 6.380940160673334e-22, nan 
2.375, -70.125, 1.3590440844685944e-22, nan 
2.625, -70.125, 1.6285092168884083e-22, nan 
2.875, -70.125, 1.0970785447894964e-22, nan 
3.125, -70.125, 9.09360142236695e-23, nan 
3.375, -70.125, 1.3457911353161462e-22, nan 
3.625, -70.125, 1.674584911679591e-22, nan 
3.875, -70.125, 1.6327680102432339e-22, nan 
4.125, -70.125, 3.382657049352606e-22, nan 
4.375, -70.125, 1.4070305390417075e-22, nan 
4.625, -70.125, 1.7907058553177405e-22, nan 
4.875, -70.125, 4.627597705754303e-22, nan 
5.125, -70.125, 2.2877237773572946e-22, nan 
5.375, -70.125, 2.0631176364375457e-22, nan 
5.625, -70.125, 3.9937264685515873e-22, nan 
5.875, -70.125, 1.3395782829796138e-22, nan 
6.125, -70.125, 9.492674936776588e-23, nan 
6.375, -70.125, 2.589626307609029e-22, nan 
6.625, -70.125, 2.2539390998519125e-22, nan 
6.875, -70.125, 2.28135091709078e-22, nan 
7.125, -70.125, 4.390734290813331e-22, nan 
7.375, -70.125, 5.993831475838379e-22, nan 
7.625, -70.125, 4.660795561826176e-22, nan 
7.875, -70.125, 4.1523398269586937e-22, nan 
8.125, -70.125, 4.714097976032647e-22, nan 
8.375, -70.125, 3.8300700987052345e-22, nan 
8.625, -70.125, 2.2022280066288346e-22, nan 
8.875, -70.125, 5.126903110386911e-23, nan 
9.125, -70.125, 9.506351874708311e-23, nan 
9.375, -70.125, 4.4018777018360867e-23, nan 
9.625, -70.125, 6.676032201112722e-23, nan 
9.875, -70.125, 4.9565531025219514e-23, nan 
10.125, -70.125, 6.162473674880881e-23, nan 
10.375, -70.125, 1.1351273876531123e-22, nan 
10.625, -70.125, 9.218704121655657e-23, nan 
10.875, -70.125, 1.4395213912582722e-22, nan 
11.125, -70.125, 1.278728126061071e-22, nan 
11.375, -70.125, 1.3328742858258862e-22, nan 
11.625, -70.125, 2.2074476656653835e-22, nan 
11.875, -70.125, 1.6937005834552139e-22, nan 
-63.375, -69.875, 1.0354145333911928e-23, nan 
-63.125, -69.875, 1.762225245033924e-23, nan 
-62.875, -69.875, 2.6133582431341302e-23, nan 
-62.625, -69.875, 4.3930844644424235e-23, nan 
-62.375, -69.875, 3.692531960304189e-23, nan 
-62.125, -69.875, 3.643317589630828e-23, nan 
-61.875, -69.875, 8.132596442891668e-23, nan 
-61.625, -69.875, 7.855824151451742e-23, nan 
-61.375, -69.875, 4.8801083904862683e-23, nan 
-61.125, -69.875, 6.43690841509555e-23, nan 
-60.875, -69.875, 6.79785602645813e-23, nan 
-60.625, -69.875, 5.402572375780119e-23, nan 
-60.375, -69.875, 4.8695554020979387e-23, nan 
-60.125, -69.875, 4.8615230044644143e-23, nan 
-59.875, -69.875, 3.296918855552428e-23, nan 
-59.625, -69.875, 3.8031219619150365e-23, nan 
-59.375, -69.875, 1.866847895415266e-23, nan 
-59.125, -69.875, 2.2648431091696834e-23, nan 
-58.875, -69.875, 3.3172178953698854e-23, nan 
-58.625, -69.875, 5.0625555717681305e-23, nan 
-58.375, -69.875, 4.8989663644799003e-23, nan 
-58.125, -69.875, 4.943606796705044e-23, nan 
-57.875, -69.875, 6.794751985895307e-23, nan 
-57.625, -69.875, 8.929791121726151e-23, nan 
-57.375, -69.875, 7.577966371806452e-23, nan 
-57.125, -69.875, 8.88165344216838e-23, nan 
-56.875, -69.875, 1.082229534930846e-22, nan 
-56.625, -69.875, 9.540522089658338e-23, nan 
-56.375, -69.875, 1.1353825128945354e-22, nan 
-56.125, -69.875, 9.931675769008062e-23, nan 
-55.875, -69.875, 1.1789892575409567e-22, nan 
-55.625, -69.875, 9.839582113522513e-23, nan 
-55.375, -69.875, 7.478584981588549e-23, nan 
-55.125, -69.875, 1.0971638760138612e-22, nan 
-54.875, -69.875, 7.919976241245078e-23, nan 
-54.625, -69.875, 4.325238646850659e-23, nan 
-54.375, -69.875, 2.1857609716554115e-23, nan 
-54.125, -69.875, 4.3453613228911733e-23, nan 
-53.875, -69.875, 7.783353689266512e-23, nan 
-53.625, -69.875, 5.025339987437842e-23, nan 
-53.375, -69.875, 5.2687047785719055e-23, nan 
-53.125, -69.875, 7.577563958305195e-23, nan 
-52.875, -69.875, 5.135110483992616e-23, nan 
-52.625, -69.875, 4.84797812569751e-23, nan 
-52.375, -69.875, 3.7793831818941604e-23, nan 
-52.125, -69.875, 1.8337926468251726e-23, nan 
-51.875, -69.875, 1.8423250873803607e-23, nan 
-51.625, -69.875, 3.598676889647667e-23, nan 
-51.375, -69.875, 2.6414027948442103e-23, nan 
-51.125, -69.875, 5.287757162167758e-23, nan 
-50.875, -69.875, 1.0431921280035077e-22, nan 
-50.625, -69.875, 8.553922976133804e-23, nan 
-50.375, -69.875, 5.140103019548398e-23, nan 
-50.125, -69.875, 6.697259717197175e-23, nan 
-49.875, -69.875, 2.839332439479596e-23, nan 
-49.625, -69.875, 4.398384963322392e-23, nan 
-49.375, -69.875, 7.128085829641778e-23, nan 
-49.125, -69.875, 4.682450647405795e-23, nan 
-48.875, -69.875, 5.543251740401555e-23, nan 
-48.625, -69.875, 5.936745232029108e-23, nan 
-48.375, -69.875, 9.096352154866395e-23, nan 
-48.125, -69.875, 2.7290749947432034e-22, nan 
-47.875, -69.875, 3.5604438162846636e-22, nan 
-47.625, -69.875, 4.477634244082143e-22, nan 
-47.375, -69.875, 1.78909917905021e-22, nan 
-47.125, -69.875, 3.05946556168988e-23, nan 
-46.875, -69.875, 2.999896052229911e-23, nan 
-46.625, -69.875, 3.859930535006147e-23, nan 
-46.375, -69.875, 2.2878365186982535e-22, nan 
-46.125, -69.875, 3.19385598192444e-22, nan 
-45.875, -69.875, 4.237021495785284e-22, nan 
-45.625, -69.875, 4.040742216697692e-22, nan 
-45.375, -69.875, 2.923298652932576e-22, nan 
-45.125, -69.875, 3.288909197857744e-22, nan 
-44.875, -69.875, 2.779371216104892e-22, nan 
-44.625, -69.875, 3.5263169324062e-22, nan 
-44.375, -69.875, 3.706985587739791e-22, nan 
-44.125, -69.875, 9.454741500641743e-23, nan 
-43.875, -69.875, 4.1768021650148333e-22, nan 
-43.625, -69.875, 6.144612328916283e-22, nan 
-43.375, -69.875, 5.846684455031645e-22, nan 
-43.125, -69.875, 6.91200023929144e-22, nan 
-42.875, -69.875, 6.408112735302887e-22, nan 
-42.625, -69.875, 5.082657269513232e-22, nan 
-42.375, -69.875, 2.6444063287906755e-22, nan 
-42.125, -69.875, 2.9682073937446224e-22, nan 
-41.875, -69.875, 2.8564488674837324e-22, nan 
-41.625, -69.875, 2.3117135580944815e-22, nan 
-41.375, -69.875, 1.4662031329633548e-22, nan 
-41.125, -69.875, 1.155543573163348e-22, nan 
-40.875, -69.875, 1.3316835910009917e-22, nan 
-40.625, -69.875, 1.4721987694470767e-22, nan 
-40.375, -69.875, 1.8964093895543391e-22, nan 
-40.125, -69.875, 8.057781528222596e-23, nan 
-39.875, -69.875, 1.264920729646236e-22, nan 
-39.625, -69.875, 2.9312372108518513e-22, nan 
-39.375, -69.875, 2.229709483222998e-22, nan 
-39.125, -69.875, 1.2116504593698155e-22, nan 
-38.875, -69.875, 1.9815459900809605e-22, nan 
-38.625, -69.875, 2.2101385847895584e-22, nan 
-38.375, -69.875, 4.645912280957012e-22, nan 
-38.125, -69.875, 3.7895587941470037e-22, nan 
-37.875, -69.875, 3.4970790374516184e-22, nan 
-37.625, -69.875, 3.4227523228263047e-22, nan 
-37.375, -69.875, 3.463209484327129e-22, nan 
-37.125, -69.875, 4.040481191023739e-22, nan 
-36.875, -69.875, 4.618289804375833e-22, nan 
-36.625, -69.875, 4.661160566516163e-22, nan 
-36.375, -69.875, 4.738199900663701e-22, nan 
-36.125, -69.875, 4.1804720036312247e-22, nan 
-35.875, -69.875, 7.071643782821154e-22, nan 
-35.625, -69.875, 6.654342561919816e-22, nan 
-35.375, -69.875, 5.977229847958697e-22, nan 
-35.125, -69.875, 8.675117178509892e-22, nan 
-34.875, -69.875, 8.216849100013272e-22, nan 
-34.625, -69.875, 6.415967434068223e-22, nan 
-34.375, -69.875, 5.070955653324451e-22, nan 
-34.125, -69.875, 4.0669509923092595e-22, nan 
-33.875, -69.875, 5.9977229470952965e-22, nan 
-33.625, -69.875, 1.1369021853169903e-21, nan 
-33.375, -69.875, 1.667340959225333e-21, nan 
-33.125, -69.875, 1.629964301999612e-21, nan 
-32.875, -69.875, 5.689462025213966e-22, nan 
-32.625, -69.875, 7.021196120301719e-22, nan 
-32.375, -69.875, 1.5963770371359265e-21, nan 
-32.125, -69.875, 1.3205205236555073e-21, nan 
-31.875, -69.875, 3.850388475345e-21, nan 
-31.625, -69.875, 6.890268547203271e-21, nan 
-31.375, -69.875, 1.4537067744330802e-20, nan 
-31.125, -69.875, 1.6568667283785884e-20, nan 
-30.875, -69.875, 6.106637432315398e-21, nan 
-30.625, -69.875, 3.548551510824947e-21, nan 
-30.375, -69.875, 7.392200897318751e-21, nan 
-30.125, -69.875, 9.322874343412308e-21, nan 
-29.875, -69.875, 1.0169233577416652e-20, nan 
-29.625, -69.875, 1.2994945653747185e-20, nan 
-29.375, -69.875, 1.7597379050430907e-20, nan 
-29.125, -69.875, 2.304026421236309e-20, nan 
-28.875, -69.875, 1.2772356325397586e-20, nan 
-28.625, -69.875, 2.1342703756295266e-20, nan 
-28.375, -69.875, 4.217216925772261e-20, nan 
-28.125, -69.875, 3.641255576564802e-20, nan 
-27.875, -69.875, 1.8256709750161922e-20, nan 
-27.625, -69.875, 3.614606420848321e-20, nan 
-27.375, -69.875, 1.0898261497077277e-19, nan 
-27.125, -69.875, 1.6239882467075462e-19, nan 
-26.875, -69.875, 1.7790397029162311e-19, nan 
-26.625, -69.875, 1.68075628480838e-19, nan 
-26.375, -69.875, 1.481021832336418e-19, nan 
-26.125, -69.875, 5.832898721387848e-20, nan 
-25.875, -69.875, 8.184823196135414e-20, nan 
-25.625, -69.875, 5.1320564421045136e-20, nan 
-25.375, -69.875, 4.409690600187475e-20, nan 
-25.125, -69.875, 4.3292445081973045e-20, nan 
-24.875, -69.875, 4.0096946654866683e-20, nan 
-24.625, -69.875, 3.993180551319124e-20, nan 
-24.375, -69.875, 2.956594249195375e-20, nan 
-24.125, -69.875, 2.5266960129635008e-20, nan 
-23.875, -69.875, 1.6246227561584622e-20, nan 
-23.625, -69.875, 1.73048584389797e-20, nan 
-23.375, -69.875, 1.5932663254651437e-20, nan 
-23.125, -69.875, 1.6637429926632378e-20, nan 
-22.875, -69.875, 1.4107573036372565e-20, nan 
-22.625, -69.875, 1.150732788233043e-20, nan 
-22.375, -69.875, 9.052561832982344e-21, nan 
-22.125, -69.875, 5.530394084769831e-21, nan 
-21.875, -69.875, 5.401147837261556e-21, nan 
-21.625, -69.875, 3.840495986621951e-21, nan 
-21.375, -69.875, 4.7454933754016954e-21, nan 
-21.125, -69.875, 3.423700477005465e-21, nan 
-20.875, -69.875, 2.273555381963523e-21, nan 
-20.625, -69.875, 1.784388199955192e-21, nan 
-20.375, -69.875, 1.6529932994135038e-21, nan 
-20.125, -69.875, 1.9303516069528967e-21, nan 
-19.875, -69.875, 2.2112783678401116e-21, nan 
-19.625, -69.875, 2.2788020210320944e-21, nan 
-19.375, -69.875, 3.736878063180908e-21, nan 
-19.125, -69.875, 3.3151393973466094e-21, nan 
-18.875, -69.875, 2.900304597554715e-21, nan 
-18.625, -69.875, 3.671846978266521e-21, nan 
-18.375, -69.875, 2.8180692901725676e-21, nan 
-18.125, -69.875, 3.4150962987586834e-21, nan 
-17.875, -69.875, 2.5124434226369095e-21, nan 
-17.625, -69.875, 1.706292278212129e-21, nan 
-17.375, -69.875, 2.456608374655354e-22, nan 
-17.125, -69.875, 3.0448815228081247e-22, nan 
-16.875, -69.875, 2.839584785173236e-22, nan 
-16.625, -69.875, 2.857413093953068e-22, nan 
-16.375, -69.875, 1.915571904125589e-21, nan 
-16.125, -69.875, 2.0350879266745233e-21, nan 
-15.875, -69.875, 2.057230588163499e-21, nan 
-15.625, -69.875, 2.1081620445847246e-21, nan 
-15.375, -69.875, 2.458427494656405e-21, nan 
-15.125, -69.875, 2.4093490080381705e-21, nan 
-14.875, -69.875, 1.8815700362069585e-21, nan 
-14.625, -69.875, 1.9688451832259666e-21, nan 
-14.375, -69.875, 1.785413208806386e-21, nan 
-14.125, -69.875, 1.2947246259901083e-21, nan 
-13.875, -69.875, 1.035596394853185e-21, nan 
-13.625, -69.875, 1.830163384278356e-21, nan 
-13.375, -69.875, 2.471945744862568e-21, nan 
-13.125, -69.875, 3.170331786937494e-21, nan 
-12.875, -69.875, 2.5877602266589457e-21, nan 
-12.625, -69.875, 2.3041216152268534e-21, nan 
-12.375, -69.875, 2.2268540667336824e-21, nan 
-12.125, -69.875, 1.2740917032765915e-21, nan 
-11.875, -69.875, 4.261293498707668e-22, nan 
-11.625, -69.875, 2.639418029241249e-22, nan 
-11.375, -69.875, 7.838698486483811e-23, nan 
-11.125, -69.875, 1.308838292330422e-22, nan 
-10.875, -69.875, 1.0984231783908727e-22, nan 
-10.625, -69.875, 1.6741368880754097e-22, nan 
-10.375, -69.875, 2.3415408438228574e-22, nan 
-10.125, -69.875, 2.3217121468880923e-22, nan 
-9.875, -69.875, 2.1907203001672007e-22, nan 
-9.625, -69.875, 1.7592249543301193e-22, nan 
-9.375, -69.875, 2.0800048052877116e-22, nan 
-9.125, -69.875, 1.9048608511889382e-22, nan 
-8.875, -69.875, 3.204069979014623e-22, nan 
-8.625, -69.875, 3.530692604185851e-22, nan 
-8.375, -69.875, 2.961818305416843e-22, nan 
-8.125, -69.875, 5.68335818352075e-22, nan 
-7.875, -69.875, 3.4575084341230094e-22, nan 
-7.625, -69.875, 3.0144994203754984e-22, nan 
-7.375, -69.875, 6.228860918771502e-22, nan 
-7.125, -69.875, 3.338640226987916e-22, nan 
-6.875, -69.875, 2.313767324851718e-22, nan 
-6.625, -69.875, 2.2268401517061965e-22, nan 
-6.375, -69.875, 2.2965714880135524e-22, nan 
-6.125, -69.875, 1.9077295989415283e-22, nan 
-5.875, -69.875, 2.6760890168067826e-22, nan 
-5.625, -69.875, 3.387778955664514e-22, nan 
-5.375, -69.875, 2.6416797766734145e-22, nan 
-5.125, -69.875, 2.7477697125534872e-22, nan 
-4.875, -69.875, 4.214950552667049e-22, nan 
-4.625, -69.875, 1.7585160017079675e-22, nan 
-4.375, -69.875, 2.5833134821444486e-22, nan 
-4.125, -69.875, 4.916521792558288e-22, nan 
-3.875, -69.875, 2.667092912083139e-22, nan 
-3.625, -69.875, 3.092336468308593e-22, nan 
-3.375, -69.875, 3.3531841977223535e-22, nan 
-3.125, -69.875, 2.1515564067532526e-22, nan 
-2.875, -69.875, 1.9674649557595424e-22, nan 
-2.625, -69.875, 2.202532321116159e-22, nan 
-2.375, -69.875, 2.7586637672742344e-22, nan 
-2.125, -69.875, 2.1903200851592877e-22, nan 
-1.875, -69.875, 1.8666926803656933e-22, nan 
-1.625, -69.875, 2.415085601221043e-22, nan 
-1.375, -69.875, 2.4776844603469667e-22, nan 
-1.125, -69.875, 2.253024167868647e-22, nan 
-0.875, -69.875, 1.3567093532658929e-22, nan 
-0.625, -69.875, 1.3999743773652235e-22, nan 
-0.375, -69.875, 1.981765149249131e-22, nan 
-0.125, -69.875, 2.2313182941671876e-22, nan 
0.125, -69.875, 2.0453000812507874e-22, nan 
0.375, -69.875, 4.127666128561622e-22, nan 
0.625, -69.875, 5.584902043092335e-22, nan 
0.875, -69.875, 2.7457354612454215e-22, nan 
1.125, -69.875, 1.8211440688262328e-22, nan 
1.375, -69.875, 9.867754535619054e-23, nan 
1.625, -69.875, 6.655090318640141e-23, nan 
1.875, -69.875, 1.7525828730877835e-22, nan 
2.125, -69.875, 2.220559809327775e-22, nan 
2.375, -69.875, 1.5723078513872076e-22, nan 
2.625, -69.875, 1.5986453374798792e-22, nan 
2.875, -69.875, 2.0721797392564606e-22, nan 
3.125, -69.875, 2.2225424587909394e-22, nan 
3.375, -69.875, 2.0136902222478338e-22, nan 
3.625, -69.875, 2.779615629846922e-22, nan 
3.875, -69.875, 4.1196144185065806e-22, nan 
4.125, -69.875, 3.015207487282019e-22, nan 
4.375, -69.875, 2.4868248466681273e-22, nan 
4.625, -69.875, 3.5522452893596727e-22, nan 
4.875, -69.875, 2.7658953550185416e-22, nan 
5.125, -69.875, 3.1271131776886e-22, nan 
5.375, -69.875, 3.506521658204314e-22, nan 
5.625, -69.875, 4.845340335456239e-22, nan 
5.875, -69.875, 2.144473042493241e-22, nan 
6.125, -69.875, 1.5653353145939408e-22, nan 
6.375, -69.875, 4.322223204522587e-22, nan 
6.625, -69.875, 1.8306488067058692e-22, nan 
6.875, -69.875, 8.750505667259911e-23, nan 
7.125, -69.875, 3.1615436592865944e-22, nan 
7.375, -69.875, 4.714134144179837e-22, nan 
7.625, -69.875, 3.436130403087189e-22, nan 
7.875, -69.875, 2.6470926377230806e-22, nan 
8.125, -69.875, 3.794085223978156e-22, nan 
8.375, -69.875, 3.0474694419576335e-22, nan 
8.625, -69.875, 1.701252049068094e-22, nan 
8.875, -69.875, 7.941131999409213e-23, nan 
9.125, -69.875, 1.0886644151569131e-22, nan 
9.375, -69.875, 7.415450891913686e-23, nan 
9.625, -69.875, 4.605797195177298e-23, nan 
9.875, -69.875, 5.284826504684215e-23, nan 
10.125, -69.875, 8.244081752702415e-23, nan 
10.375, -69.875, 7.39834312316109e-23, nan 
10.625, -69.875, 7.444579199913058e-23, nan 
10.875, -69.875, 1.0558885824939344e-22, nan 
11.125, -69.875, 3.329216976081853e-23, nan 
11.375, -69.875, 1.2979091894684094e-22, nan 
11.625, -69.875, 1.7555079952944116e-22, nan 
-62.625, -69.625, 2.8751034858571214e-23, nan 
-62.375, -69.625, 3.026994227744584e-23, nan 
-62.125, -69.625, 3.3654293099576124e-23, nan 
-61.875, -69.625, 3.4337565398642677e-23, nan 
-61.625, -69.625, 2.961006219679983e-23, nan 
-61.375, -69.625, 2.9677257207811886e-23, nan 
-61.125, -69.625, 3.746892801707993e-23, nan 
-60.875, -69.625, 4.231084406897506e-23, nan 
-60.625, -69.625, 5.731824445710824e-23, nan 
-60.375, -69.625, 4.757971202568263e-23, nan 
-60.125, -69.625, 6.408610366107745e-23, nan 
-59.875, -69.625, 1.067483434622948e-22, nan 
-59.625, -69.625, 8.565589657400667e-23, nan 
-59.375, -69.625, 9.991921181234251e-23, nan 
-59.125, -69.625, 3.163994785359052e-23, nan 
-58.875, -69.625, 4.441011669979851e-23, nan 
-58.625, -69.625, 5.255902581003319e-23, nan 
-58.375, -69.625, 3.077852492406465e-23, nan 
-58.125, -69.625, 1.8765851351565458e-23, nan 
-57.875, -69.625, 1.0534059083389318e-23, nan 
-57.625, -69.625, 1.271825418329365e-23, nan 
-57.375, -69.625, 3.554077705167791e-23, nan 
-57.125, -69.625, 6.966292819540849e-23, nan 
-56.875, -69.625, 9.151607170055343e-23, nan 
-56.625, -69.625, 1.0138981030330457e-22, nan 
-56.375, -69.625, 1.1047966618783628e-22, nan 
-56.125, -69.625, 9.236184368588943e-23, nan 
-55.875, -69.625, 9.051434769143074e-23, nan 
-55.625, -69.625, 4.806766999082e-23, nan 
-55.375, -69.625, 3.7048065068309875e-23, nan 
-55.125, -69.625, 2.4527243016101823e-23, nan 
-54.875, -69.625, 2.7412553917574015e-23, nan 
-54.625, -69.625, 4.600728599625724e-23, nan 
-54.375, -69.625, 4.978929517960849e-23, nan 
-54.125, -69.625, 4.524684309209567e-23, nan 
-53.875, -69.625, 8.049093067160093e-23, nan 
-53.625, -69.625, 6.002271687429514e-23, nan 
-53.375, -69.625, 2.202030018900486e-23, nan 
-53.125, -69.625, 3.397562128162392e-23, nan 
-52.875, -69.625, 1.2075551903631666e-23, nan 
-52.625, -69.625, 4.3066344476895035e-23, nan 
-52.375, -69.625, 4.462460479869648e-23, nan 
-52.125, -69.625, 1.6561315928099792e-23, nan 
-51.875, -69.625, 4.27447235034922e-23, nan 
-51.625, -69.625, 5.249497211807914e-23, nan 
-51.375, -69.625, 4.488708735596715e-23, nan 
-51.125, -69.625, 7.739611415917317e-23, nan 
-50.875, -69.625, 1.161970985781814e-22, nan 
-50.625, -69.625, 1.1193922676511917e-22, nan 
-50.375, -69.625, 5.568874666087497e-23, nan 
-50.125, -69.625, 6.930000404803885e-23, nan 
-49.875, -69.625, 5.887614896978347e-23, nan 
-49.625, -69.625, 3.617439419287469e-23, nan 
-49.375, -69.625, 2.1773576830060496e-23, nan 
-49.125, -69.625, 1.4859312363475901e-22, nan 
-48.875, -69.625, 3.252406196179709e-22, nan 
-48.625, -69.625, 4.026671733634834e-22, nan 
-48.375, -69.625, 3.9432620479069167e-22, nan 
-48.125, -69.625, 4.858613376712331e-22, nan 
-47.875, -69.625, 7.089579925609893e-22, nan 
-47.625, -69.625, 8.027393254501718e-22, nan 
-47.375, -69.625, 4.3374762239941095e-22, nan 
-47.125, -69.625, 5.030375577521067e-22, nan 
-46.875, -69.625, 6.327297636254389e-22, nan 
-46.625, -69.625, 8.3472270472572e-22, nan 
-46.375, -69.625, 6.951355908382867e-22, nan 
-46.125, -69.625, 6.670397108027477e-22, nan 
-45.875, -69.625, 7.821111013069048e-22, nan 
-45.625, -69.625, 7.474134786719141e-22, nan 
-45.375, -69.625, 8.186575830546426e-22, nan 
-45.125, -69.625, 7.680904794428014e-22, nan 
-44.875, -69.625, 7.092676557927671e-22, nan 
-44.625, -69.625, 6.769726022051658e-22, nan 
-44.375, -69.625, 5.089605458576081e-22, nan 
-44.125, -69.625, 8.145852699888306e-22, nan 
-43.875, -69.625, 9.564941627603194e-22, nan 
-43.625, -69.625, 6.153369497837002e-22, nan 
-43.375, -69.625, 7.4733031417476405e-22, nan 
-43.125, -69.625, 6.44705978265618e-22, nan 
-42.875, -69.625, 3.684027777676744e-22, nan 
-42.625, -69.625, 3.1733633653214454e-22, nan 
-42.375, -69.625, 3.385242361692681e-22, nan 
-42.125, -69.625, 1.7804521648476033e-22, nan 
-41.875, -69.625, 1.0572462044024987e-22, nan 
-41.625, -69.625, 9.33600447750194e-23, nan 
-41.375, -69.625, 8.821176256778404e-23, nan 
-41.125, -69.625, 1.8440550631030258e-22, nan 
-40.875, -69.625, 1.1120183519206277e-22, nan 
-40.625, -69.625, 1.164479664893138e-22, nan 
-40.375, -69.625, 9.461682576905248e-23, nan 
-40.125, -69.625, 7.888230025837626e-23, nan 
-39.875, -69.625, 1.4053643658779908e-22, nan 
-39.625, -69.625, 2.0123102921929162e-22, nan 
-39.375, -69.625, 9.375185647250578e-23, nan 
-39.125, -69.625, 3.24572616865812e-22, nan 
-38.875, -69.625, 7.122513069306084e-22, nan 
-38.625, -69.625, 7.1118967329153345e-22, nan 
-38.375, -69.625, 7.419410057409247e-22, nan 
-38.125, -69.625, 6.40539977237555e-22, nan 
-37.875, -69.625, 4.004137964158534e-22, nan 
-37.625, -69.625, 4.988269070173681e-22, nan 
-37.375, -69.625, 2.731920327458036e-22, nan 
-37.125, -69.625, 4.1722205743102285e-22, nan 
-36.875, -69.625, 4.523522203909473e-22, nan 
-36.625, -69.625, 4.044038864060158e-22, nan 
-36.375, -69.625, 6.404189696007445e-22, nan 
-36.125, -69.625, 6.994332073901534e-22, nan 
-35.875, -69.625, 6.0385181062359735e-22, nan 
-35.625, -69.625, 8.328410860847488e-22, nan 
-35.375, -69.625, 1.0431675473054805e-21, nan 
-35.125, -69.625, 1.0960058626151222e-21, nan 
-34.875, -69.625, 8.446422833122203e-22, nan 
-34.625, -69.625, 8.549944509201219e-22, nan 
-34.375, -69.625, 1.2523970486286737e-21, nan 
-34.125, -69.625, 1.1981841918077936e-21, nan 
-33.875, -69.625, 1.171315324881744e-21, nan 
-33.625, -69.625, 2.1818574920506714e-21, nan 
-33.375, -69.625, 3.1175560032585157e-21, nan 
-33.125, -69.625, 2.6736506795165077e-21, nan 
-32.875, -69.625, 1.838881329995811e-21, nan 
-32.625, -69.625, 2.8820214673840996e-21, nan 
-32.375, -69.625, 2.4528480424888867e-21, nan 
-32.125, -69.625, 1.7096084656628554e-21, nan 
-31.875, -69.625, 3.1119361101711403e-21, nan 
-31.625, -69.625, 5.100051217488762e-21, nan 
-31.375, -69.625, 3.3149089193807924e-21, nan 
-31.125, -69.625, 1.1784137186109644e-20, nan 
-30.875, -69.625, 1.3416877027531747e-20, nan 
-30.625, -69.625, 9.485238427950637e-21, nan 
-30.375, -69.625, 1.1192209780547376e-20, nan 
-30.125, -69.625, 2.745076591808074e-20, nan 
-29.875, -69.625, 4.1675489676295425e-20, nan 
-29.625, -69.625, 5.469140258540794e-20, nan 
-29.375, -69.625, 6.348453264793498e-20, nan 
-29.125, -69.625, 7.984439863910834e-20, nan 
-28.875, -69.625, 8.260285281289668e-20, nan 
-28.625, -69.625, 5.0416009965235565e-20, nan 
-28.375, -69.625, 6.706975955540578e-20, nan 
-28.125, -69.625, 6.000574777968112e-20, nan 
-27.875, -69.625, 9.763933394789788e-20, nan 
-27.625, -69.625, 9.945730574005382e-20, nan 
-27.375, -69.625, 6.261835626698587e-20, nan 
-27.125, -69.625, 8.015336428563343e-20, nan 
-26.875, -69.625, 1.16226552702439e-19, nan 
-26.625, -69.625, 1.7701668176239452e-19, nan 
-26.375, -69.625, 1.8850334768408697e-19, nan 
-26.125, -69.625, 1.4119319311044274e-19, nan 
-25.875, -69.625, 1.600353417783673e-19, nan 
-25.625, -69.625, 1.0441461904380066e-19, nan 
-25.375, -69.625, 2.393868198782178e-20, nan 
-25.125, -69.625, 1.3489201202621598e-20, nan 
-24.875, -69.625, 1.3121665987405816e-20, nan 
-24.625, -69.625, 1.3534401501966974e-20, nan 
-24.375, -69.625, 1.0907567397109063e-20, nan 
-24.125, -69.625, 9.435600304421274e-21, nan 
-23.875, -69.625, 7.652732109163689e-21, nan 
-23.625, -69.625, 8.399268262356645e-21, nan 
-23.375, -69.625, 6.688320834773654e-21, nan 
-23.125, -69.625, 6.990910120019305e-21, nan 
-22.875, -69.625, 6.138060888723858e-21, nan 
-22.625, -69.625, 5.247576174075988e-21, nan 
-22.375, -69.625, 4.660463300498723e-21, nan 
-22.125, -69.625, 4.2708410693992305e-21, nan 
-21.875, -69.625, 3.567982726683211e-21, nan 
-21.625, -69.625, 3.122249332170031e-21, nan 
-21.375, -69.625, 1.7933123342940713e-21, nan 
-21.125, -69.625, 9.207658775837587e-22, nan 
-20.875, -69.625, 9.470446015347566e-22, nan 
-20.625, -69.625, 7.840529556915488e-22, nan 
-20.375, -69.625, 8.9546687118771e-22, nan 
-20.125, -69.625, 1.254459815522105e-21, nan 
-19.875, -69.625, 8.289647159751266e-22, nan 
-19.625, -69.625, 8.926912932041933e-22, nan 
-19.375, -69.625, 2.0958360557975918e-21, nan 
-19.125, -69.625, 2.4810157506587712e-21, nan 
-18.875, -69.625, 1.272282666908496e-21, nan 
-18.625, -69.625, 2.329769297549131e-21, nan 
-18.375, -69.625, 3.1091634781527873e-21, nan 
-18.125, -69.625, 2.7006454674594117e-21, nan 
-17.875, -69.625, 2.519472232372444e-21, nan 
-17.625, -69.625, 2.0082885415019866e-21, nan 
-17.375, -69.625, 1.8944209640248356e-21, nan 
-17.125, -69.625, 1.1687413610097975e-21, nan 
-16.875, -69.625, 1.1552255891300454e-21, nan 
-16.625, -69.625, 2.1970729957159363e-21, nan 
-16.375, -69.625, 1.9800886113410755e-21, nan 
-16.125, -69.625, 2.0548442249238703e-21, nan 
-15.875, -69.625, 1.985700020585419e-21, nan 
-15.625, -69.625, 1.7565099745723742e-21, nan 
-15.375, -69.625, 1.775122751662722e-21, nan 
-15.125, -69.625, 1.6835930027807117e-21, nan 
-14.875, -69.625, 1.3437070529992374e-21, nan 
-14.625, -69.625, 1.4013347250786731e-21, nan 
-14.375, -69.625, 1.3706411702583474e-21, nan 
-14.125, -69.625, 2.361817656504889e-21, nan 
-13.875, -69.625, 2.9274320955183445e-21, nan 
-13.625, -69.625, 2.5963908661443232e-21, nan 
-13.375, -69.625, 2.2722727128926227e-21, nan 
-13.125, -69.625, 2.4955833783602793e-21, nan 
-12.875, -69.625, 2.0653164591159456e-21, nan 
-12.625, -69.625, 1.4299587976477411e-21, nan 
-12.375, -69.625, 5.168195098591981e-22, nan 
-12.125, -69.625, 3.9242575820073966e-22, nan 
-11.875, -69.625, 1.6158940428251678e-22, nan 
-11.625, -69.625, 1.0340337684595622e-22, nan 
-11.375, -69.625, 8.983400340520526e-23, nan 
-11.125, -69.625, 1.09514659075899e-22, nan 
-10.875, -69.625, 1.0567135564900371e-22, nan 
-10.625, -69.625, 1.1992996291019536e-22, nan 
-10.375, -69.625, 1.4346652514044823e-22, nan 
-10.125, -69.625, 1.666047304243679e-22, nan 
-9.875, -69.625, 1.793632730079296e-22, nan 
-9.625, -69.625, 2.0785970195973493e-22, nan 
-9.375, -69.625, 2.4522534409267636e-22, nan 
-9.125, -69.625, 2.2146208966337173e-22, nan 
-8.875, -69.625, 2.1016983653805657e-22, nan 
-8.625, -69.625, 1.5696427966573263e-22, nan 
-8.375, -69.625, 2.0860891243278807e-22, nan 
-8.125, -69.625, 2.879481640678214e-22, nan 
-7.875, -69.625, 1.8586042106019462e-22, nan 
-7.625, -69.625, 1.7723418459617688e-22, nan 
-7.375, -69.625, 1.0448162362998841e-22, nan 
-7.125, -69.625, 1.6154922570255445e-22, nan 
-6.875, -69.625, 1.3330134329278115e-22, nan 
-6.625, -69.625, 9.459280943070603e-23, nan 
-6.375, -69.625, 7.627977161001836e-23, nan 
-6.125, -69.625, 8.68244088136108e-23, nan 
-5.875, -69.625, 1.4780970526411865e-22, nan 
-5.625, -69.625, 1.725536601876333e-22, nan 
-5.375, -69.625, 1.315111562377401e-22, nan 
-5.125, -69.625, 1.249295464973829e-22, nan 
-4.875, -69.625, 3.4577690566415695e-23, nan 
-4.625, -69.625, 8.161012815799396e-23, nan 
-4.375, -69.625, 1.6359280193418759e-22, nan 
-4.125, -69.625, 2.7836161583645277e-22, nan 
-3.875, -69.625, 1.7580064962436083e-22, nan 
-3.625, -69.625, 1.4105045356299584e-22, nan 
-3.375, -69.625, 1.5150078667198735e-22, nan 
-3.125, -69.625, 1.833002869505037e-22, nan 
-2.875, -69.625, 1.874816725832432e-22, nan 
-2.625, -69.625, 1.7448925177141045e-22, nan 
-2.375, -69.625, 1.5362014270017475e-22, nan 
-2.125, -69.625, 1.6454182162439495e-22, nan 
-1.875, -69.625, 1.2816778248116982e-22, nan 
-1.625, -69.625, 1.3612734116179876e-22, nan 
-1.375, -69.625, 9.697993299487547e-23, nan 
-1.125, -69.625, 1.0213415025872227e-22, nan 
-0.875, -69.625, 9.709996159493951e-23, nan 
-0.625, -69.625, 7.212354383364871e-23, nan 
-0.375, -69.625, 1.151411900292144e-22, nan 
-0.125, -69.625, 1.2223889120668843e-22, nan 
0.125, -69.625, 1.5378932144073808e-22, nan 
0.375, -69.625, 9.441917536313113e-23, nan 
0.625, -69.625, 1.156197506257847e-22, nan 
0.875, -69.625, 3.51651822818769e-22, nan 
1.125, -69.625, 1.784217091420465e-22, nan 
1.375, -69.625, 7.014721651864826e-23, nan 
1.625, -69.625, 1.718346831626839e-22, nan 
1.875, -69.625, 1.2893111377484997e-22, nan 
2.125, -69.625, 7.23867768083921e-23, nan 
2.375, -69.625, 1.122638022680045e-22, nan 
2.625, -69.625, 1.554063119028652e-22, nan 
2.875, -69.625, 1.4645222264296278e-22, nan 
3.125, -69.625, 2.3409750797548784e-22, nan 
3.375, -69.625, 1.9253454870384843e-22, nan 
3.625, -69.625, 1.9912884307085293e-22, nan 
3.875, -69.625, 2.680623739945309e-22, nan 
4.125, -69.625, 2.48658850661249e-22, nan 
4.375, -69.625, 2.9663275270484245e-22, nan 
4.625, -69.625, 2.76787410812352e-22, nan 
4.875, -69.625, 2.756800492525108e-22, nan 
5.125, -69.625, 2.1505239431054553e-22, nan 
5.375, -69.625, 2.0496739866802075e-22, nan 
5.625, -69.625, 2.182385543505594e-22, nan 
5.875, -69.625, 1.1451294096646855e-22, nan 
6.125, -69.625, 4.155958215322299e-23, nan 
6.375, -69.625, 1.8514007361285861e-22, nan 
6.625, -69.625, 1.4633779928058567e-22, nan 
6.875, -69.625, 1.5053518748976987e-22, nan 
7.125, -69.625, 2.112573663757489e-22, nan 
7.375, -69.625, 2.7808338539762483e-22, nan 
7.625, -69.625, 2.5141237831701015e-22, nan 
7.875, -69.625, 2.4599656579338893e-22, nan 
8.125, -69.625, 1.2945072038168743e-22, nan 
8.375, -69.625, 1.7779184908911207e-22, nan 
8.625, -69.625, 2.30616504439312e-22, nan 
8.875, -69.625, 1.0701704695777075e-22, nan 
9.125, -69.625, 1.5540635452223902e-22, nan 
9.375, -69.625, 1.0955227032415348e-22, nan 
9.625, -69.625, 7.338733077801064e-23, nan 
9.875, -69.625, 1.2345991527347697e-22, nan 
10.125, -69.625, 9.146434804138651e-23, nan 
10.375, -69.625, 6.868748221242947e-23, nan 
10.625, -69.625, 3.9781726838389373e-23, nan 
10.875, -69.625, 9.345800095888011e-23, nan 
11.125, -69.625, 6.278167520562774e-23, nan 
11.375, -69.625, 5.2289197760461195e-23, nan 
-61.625, -69.375, 2.2674436280855128e-23, nan 
-61.375, -69.375, 1.396012436388684e-23, nan 
-61.125, -69.375, 2.740192892957214e-23, nan 
-60.875, -69.375, 3.865720217034295e-23, nan 
-60.625, -69.375, 7.391979116728702e-23, nan 
-60.375, -69.375, 4.99372597776241e-23, nan 
-60.125, -69.375, 5.491776867151149e-23, nan 
-59.875, -69.375, 1.5487468151036412e-22, nan 
-59.625, -69.375, 1.0097211555283729e-22, nan 
-59.375, -69.375, 1.0243082551477011e-22, nan 
-59.125, -69.375, 9.503978100229991e-23, nan 
-58.875, -69.375, 6.743568428753116e-23, nan 
-58.625, -69.375, 6.925488177767789e-23, nan 
-58.375, -69.375, 5.671181068188583e-23, nan 
-58.125, -69.375, 6.150134766911841e-23, nan 
-57.875, -69.375, 5.197749936407417e-23, nan 
-57.625, -69.375, 3.963196082898895e-23, nan 
-57.375, -69.375, 6.62268688366953e-23, nan 
-57.125, -69.375, 6.298119588841122e-23, nan 
-56.875, -69.375, 6.076721870721456e-23, nan 
-56.625, -69.375, 8.425193444979295e-23, nan 
-56.375, -69.375, 7.274813070998613e-23, nan 
-56.125, -69.375, 7.867340188012209e-23, nan 
-55.875, -69.375, 6.365736119690353e-23, nan 
-55.625, -69.375, 4.8703780971059837e-23, nan 
-55.375, -69.375, 5.0869599298651636e-23, nan 
-55.125, -69.375, 8.096115779486402e-23, nan 
-54.875, -69.375, 7.285572599686628e-23, nan 
-54.625, -69.375, 5.83379720778633e-23, nan 
-54.375, -69.375, 6.623977329016172e-23, nan 
-54.125, -69.375, 6.660414399119063e-23, nan 
-53.875, -69.375, 6.1546940917144e-23, nan 
-53.625, -69.375, 2.26277112895582e-23, nan 
-53.375, -69.375, 8.60425281736981e-24, nan 
-53.125, -69.375, 1.9841962841566974e-23, nan 
-52.875, -69.375, 1.5809632639234903e-23, nan 
-52.625, -69.375, 1.603213084834293e-23, nan 
-52.375, -69.375, 2.699399713209746e-23, nan 
-52.125, -69.375, 1.9560882073921334e-23, nan 
-51.875, -69.375, 3.434365460076086e-23, nan 
-51.625, -69.375, 5.2437683617680636e-23, nan 
-51.375, -69.375, 3.190607898377229e-23, nan 
-51.125, -69.375, 3.9995452055841106e-23, nan 
-50.875, -69.375, 7.668171865113507e-23, nan 
-50.625, -69.375, 4.5202332505447495e-23, nan 
-50.375, -69.375, 2.9236810237676174e-23, nan 
-50.125, -69.375, 8.307374671199622e-23, nan 
-49.875, -69.375, 1.3797610407376364e-22, nan 
-49.625, -69.375, 2.5464828460812066e-22, nan 
-49.375, -69.375, 3.235155285078656e-22, nan 
-49.125, -69.375, 4.263280498560398e-22, nan 
-48.875, -69.375, 6.240365211609869e-22, nan 
-48.625, -69.375, 6.870399276487432e-22, nan 
-48.375, -69.375, 5.250981408850947e-22, nan 
-48.125, -69.375, 4.542939735849061e-22, nan 
-47.875, -69.375, 5.181392669784281e-22, nan 
-47.625, -69.375, 4.492528853181451e-22, nan 
-47.375, -69.375, 4.086173369505226e-22, nan 
-47.125, -69.375, 6.878903336893225e-22, nan 
-46.875, -69.375, 7.317261584237736e-22, nan 
-46.625, -69.375, 8.200843470248993e-22, nan 
-46.375, -69.375, 8.751819888026772e-22, nan 
-46.125, -69.375, 7.634052734175362e-22, nan 
-45.875, -69.375, 5.075223924548031e-22, nan 
-45.625, -69.375, 1.1596147044763135e-21, nan 
-45.375, -69.375, 1.2109650953387472e-21, nan 
-45.125, -69.375, 9.376285055450764e-22, nan 
-44.875, -69.375, 7.60873772716284e-22, nan 
-44.625, -69.375, 6.13411439652627e-22, nan 
-44.375, -69.375, 5.580474223914551e-22, nan 
-44.125, -69.375, 7.927504443113212e-22, nan 
-43.875, -69.375, 8.124515467791459e-22, nan 
-43.625, -69.375, 2.6937597746298587e-22, nan 
-43.375, -69.375, 3.039126314996247e-22, nan 
-43.125, -69.375, 4.385146849025184e-22, nan 
-42.875, -69.375, 4.292862549311435e-22, nan 
-42.625, -69.375, 4.1212702961223444e-22, nan 
-42.375, -69.375, 6.949072824017239e-22, nan 
-42.125, -69.375, 3.146041998849269e-22, nan 
-41.875, -69.375, 1.694058698284224e-22, nan 
-41.625, -69.375, 3.0727667944932575e-22, nan 
-41.375, -69.375, 2.4677170783302146e-22, nan 
-41.125, -69.375, 2.755056820169649e-22, nan 
-40.875, -69.375, 2.2171436622230335e-22, nan 
-40.625, -69.375, 2.201145644678665e-22, nan 
-40.375, -69.375, 2.571900811277201e-22, nan 
-40.125, -69.375, 2.9969068689155963e-22, nan 
-39.875, -69.375, 3.4840016410139034e-22, nan 
-39.625, -69.375, 6.439885373924431e-22, nan 
-39.375, -69.375, 6.835188665621178e-22, nan 
-39.125, -69.375, 6.486881860542992e-22, nan 
-38.875, -69.375, 1.3241369582202477e-21, nan 
-38.625, -69.375, 1.8022565854067475e-21, nan 
-38.375, -69.375, 1.6937680637224634e-21, nan 
-38.125, -69.375, 1.5062846439610661e-21, nan 
-37.875, -69.375, 1.0001650770986804e-21, nan 
-37.625, -69.375, 9.101602981789337e-22, nan 
-37.375, -69.375, 9.78504322912364e-22, nan 
-37.125, -69.375, 5.476640110934655e-22, nan 
-36.875, -69.375, 2.653884449927745e-22, nan 
-36.625, -69.375, 4.236613566399264e-22, nan 
-36.375, -69.375, 2.577748907629547e-22, nan 
-36.125, -69.375, 6.376971650426949e-22, nan 
-35.875, -69.375, 8.74691300933082e-22, nan 
-35.625, -69.375, 1.5279423436852118e-21, nan 
-35.375, -69.375, 1.768607072548426e-21, nan 
-35.125, -69.375, 1.5430562961417265e-21, nan 
-34.875, -69.375, 1.9065262919917168e-21, nan 
-34.625, -69.375, 2.404396439534019e-21, nan 
-34.375, -69.375, 1.9303326094928314e-21, nan 
-34.125, -69.375, 1.8227919418099516e-21, nan 
-33.875, -69.375, 1.9659757957721124e-21, nan 
-33.625, -69.375, 2.2558025658568715e-21, nan 
-33.375, -69.375, 4.10796046793082e-21, nan 
-33.125, -69.375, 3.390833564702705e-21, nan 
-32.875, -69.375, 3.036249917170574e-21, nan 
-32.625, -69.375, 5.712734197111112e-21, nan 
-32.375, -69.375, 1.519695863455953e-20, nan 
-32.125, -69.375, 1.6525489616699372e-20, nan 
-31.875, -69.375, 1.0429680297685002e-20, nan 
-31.625, -69.375, 5.115747176253819e-21, nan 
-31.375, -69.375, 5.439463185761058e-21, nan 
-31.125, -69.375, 1.7571253053169733e-20, nan 
-30.875, -69.375, 3.040427187199615e-20, nan 
-30.625, -69.375, 4.456608635357514e-20, nan 
-30.375, -69.375, 5.939020465090274e-20, nan 
-30.125, -69.375, 7.346114811559223e-20, nan 
-29.875, -69.375, 7.31007408693025e-20, nan 
-29.625, -69.375, 1.0638625803987243e-19, nan 
-29.375, -69.375, 1.6396574671714366e-19, nan 
-29.125, -69.375, 1.8960971478480728e-19, nan 
-28.875, -69.375, 1.4833734424150698e-19, nan 
-28.625, -69.375, 1.403166054100935e-19, nan 
-28.375, -69.375, 1.3900016959498996e-19, nan 
-28.125, -69.375, 6.854674644634614e-20, nan 
-27.875, -69.375, 3.780658703381677e-20, nan 
-27.625, -69.375, 3.8382122285914153e-20, nan 
-27.375, -69.375, 2.7705091628184477e-20, nan 
-27.125, -69.375, 2.1615343749272068e-20, nan 
-26.875, -69.375, 2.1930500218882367e-20, nan 
-26.625, -69.375, 2.4850016666127745e-20, nan 
-26.375, -69.375, 7.319981397462683e-20, nan 
-26.125, -69.375, 6.542010280593058e-20, nan 
-25.875, -69.375, 5.532599796668667e-20, nan 
-25.625, -69.375, 4.3967982036254896e-20, nan 
-25.375, -69.375, 3.105656296059366e-20, nan 
-25.125, -69.375, 1.7862778096019756e-20, nan 
-24.875, -69.375, 2.70732432262987e-21, nan 
-24.625, -69.375, 2.9794580128327474e-21, nan 
-24.375, -69.375, 4.244766415751985e-21, nan 
-24.125, -69.375, 3.725261009378448e-21, nan 
-23.875, -69.375, 3.834685764098015e-21, nan 
-23.625, -69.375, 4.0871668227550804e-21, nan 
-23.375, -69.375, 3.190363452478799e-21, nan 
-23.125, -69.375, 3.1962981233936e-21, nan 
-22.875, -69.375, 2.694944246437656e-21, nan 
-22.625, -69.375, 2.708471608978697e-21, nan 
-22.375, -69.375, 2.520733769826274e-21, nan 
-22.125, -69.375, 2.499825549397567e-21, nan 
-21.875, -69.375, 2.2783821519486175e-21, nan 
-21.625, -69.375, 2.0399482488179737e-21, nan 
-21.375, -69.375, 1.272545083492457e-21, nan 
-21.125, -69.375, 1.520562051246844e-21, nan 
-20.875, -69.375, 1.5587339329627018e-21, nan 
-20.625, -69.375, 1.1570862149006342e-21, nan 
-20.375, -69.375, 9.697531380717733e-22, nan 
-20.125, -69.375, 7.930947814165981e-22, nan 
-19.875, -69.375, 7.177773484270168e-22, nan 
-19.625, -69.375, 8.906668036830773e-22, nan 
-19.375, -69.375, 1.1182134703456706e-21, nan 
-19.125, -69.375, 1.0047732113635273e-21, nan 
-18.875, -69.375, 7.934899549505142e-22, nan 
-18.625, -69.375, 6.609146686090622e-22, nan 
-18.375, -69.375, 1.8409532922140848e-21, nan 
-18.125, -69.375, 2.1432191534647265e-21, nan 
-17.875, -69.375, 2.1892662534777506e-21, nan 
-17.625, -69.375, 2.0471559142670632e-21, nan 
-17.375, -69.375, 2.3077486240056917e-21, nan 
-17.125, -69.375, 1.8558499444301423e-21, nan 
-16.875, -69.375, 1.4162152859256593e-21, nan 
-16.625, -69.375, 1.763687633594727e-21, nan 
-16.375, -69.375, 1.68223868539739e-21, nan 
-16.125, -69.375, 1.9685171747845524e-21, nan 
-15.875, -69.375, 1.569575425136696e-21, nan 
-15.625, -69.375, 1.3526206017681426e-21, nan 
-15.375, -69.375, 1.621423794873093e-21, nan 
-15.125, -69.375, 1.7125598515146084e-21, nan 
-14.875, -69.375, 2.4145901699038477e-21, nan 
-14.625, -69.375, 2.3374899305822283e-21, nan 
-14.375, -69.375, 2.0556031306593373e-21, nan 
-14.125, -69.375, 2.167873018341338e-21, nan 
-13.875, -69.375, 2.105865821144338e-21, nan 
-13.625, -69.375, 1.8621366675833327e-21, nan 
-13.375, -69.375, 1.1603341144440093e-21, nan 
-13.125, -69.375, 8.287021696830188e-22, nan 
-12.875, -69.375, 7.369266943239348e-22, nan 
-12.625, -69.375, 7.305837301712446e-22, nan 
-12.375, -69.375, 6.267772789254489e-22, nan 
-12.125, -69.375, 1.9308739622982745e-22, nan 
-11.875, -69.375, 2.8455948324896606e-22, nan 
-11.625, -69.375, 3.1614443504206512e-22, nan 
-11.375, -69.375, 2.2413805101092344e-22, nan 
-11.125, -69.375, 1.8098870363028932e-22, nan 
-10.875, -69.375, 2.6650222237512844e-22, nan 
-10.625, -69.375, 2.154522615451964e-22, nan 
-10.375, -69.375, 1.906325249761891e-22, nan 
-10.125, -69.375, 2.4677930205384523e-22, nan 
-9.875, -69.375, 2.2232262214998367e-22, nan 
-9.625, -69.375, 2.140315538590434e-22, nan 
-9.375, -69.375, 2.560395475806211e-22, nan 
-9.125, -69.375, 2.0473783951650053e-22, nan 
-8.875, -69.375, 1.347188492549445e-22, nan 
-8.625, -69.375, 1.1634137843237278e-22, nan 
-8.375, -69.375, 2.0925828844099708e-22, nan 
-8.125, -69.375, 2.1709058403098684e-22, nan 
-7.875, -69.375, 1.4675889759065406e-22, nan 
-7.625, -69.375, 5.1060092980935716e-23, nan 
-7.375, -69.375, 6.472469333873212e-23, nan 
-7.125, -69.375, 6.635719175928178e-23, nan 
-6.875, -69.375, 4.559132856552388e-23, nan 
-6.625, -69.375, 4.390019561919676e-23, nan 
-6.375, -69.375, 5.336438728004819e-23, nan 
-6.125, -69.375, 4.167582638724669e-23, nan 
-5.875, -69.375, 5.966772058783279e-23, nan 
-5.625, -69.375, 4.792220446606788e-23, nan 
-5.375, -69.375, 3.406160783002351e-23, nan 
-5.125, -69.375, 5.359309252564647e-23, nan 
-4.875, -69.375, 5.692698381554175e-23, nan 
-4.625, -69.375, 9.500976634372944e-23, nan 
-4.375, -69.375, 1.147333733337572e-22, nan 
-4.125, -69.375, 1.0268379392548998e-22, nan 
-3.875, -69.375, 1.4578254613992267e-22, nan 
-3.625, -69.375, 2.2799839133644597e-22, nan 
-3.375, -69.375, 1.5927293144130422e-22, nan 
-3.125, -69.375, 1.6450867949780149e-22, nan 
-2.875, -69.375, 2.0978765104487803e-22, nan 
-2.625, -69.375, 1.3958138624965424e-22, nan 
-2.375, -69.375, 1.103840535574048e-22, nan 
-2.125, -69.375, 8.71312792087479e-23, nan 
-1.875, -69.375, 8.08537211189367e-23, nan 
-1.625, -69.375, 7.225131057629005e-23, nan 
-1.375, -69.375, 7.864596905109279e-23, nan 
-1.125, -69.375, 6.792092601329052e-23, nan 
-0.875, -69.375, 7.639280438437596e-23, nan 
-0.625, -69.375, 7.270739948612191e-23, nan 
-0.375, -69.375, 6.481719386262943e-23, nan 
-0.125, -69.375, 7.574342061124241e-23, nan 
0.125, -69.375, 9.027249487831068e-23, nan 
0.375, -69.375, 8.13722445446967e-23, nan 
0.625, -69.375, 1.1571490081018793e-22, nan 
0.875, -69.375, 2.0628468380166452e-22, nan 
1.125, -69.375, 1.2273186102728308e-22, nan 
1.375, -69.375, 4.6355832498668047e-23, nan 
1.625, -69.375, 6.546358309519982e-23, nan 
1.875, -69.375, 6.055106418730864e-23, nan 
2.125, -69.375, 4.4766315258489535e-23, nan 
2.375, -69.375, 1.044867583348493e-22, nan 
2.625, -69.375, 1.172788258029265e-22, nan 
2.875, -69.375, 1.2941376987400334e-22, nan 
3.125, -69.375, 2.5350422619387213e-22, nan 
3.375, -69.375, 1.1927218742425553e-22, nan 
3.625, -69.375, 2.512693152426736e-22, nan 
3.875, -69.375, 3.620231400385417e-22, nan 
4.125, -69.375, 2.2657112983496713e-22, nan 
4.375, -69.375, 3.568921554582776e-22, nan 
4.625, -69.375, 3.728095273076111e-22, nan 
4.875, -69.375, 2.981781191989517e-22, nan 
5.125, -69.375, 3.3506944435128837e-22, nan 
5.375, -69.375, 3.0241367771772565e-22, nan 
5.625, -69.375, 2.432388685947328e-22, nan 
5.875, -69.375, 1.6678571028868676e-22, nan 
6.125, -69.375, 1.5155186899421302e-22, nan 
6.375, -69.375, 1.5998991062214526e-22, nan 
6.625, -69.375, 1.5014189963832596e-22, nan 
6.875, -69.375, 1.5285734999560353e-22, nan 
7.125, -69.375, 1.5804270358005569e-22, nan 
7.375, -69.375, 1.4497862923160135e-22, nan 
7.625, -69.375, 1.0469201354028283e-22, nan 
7.875, -69.375, 1.3787972082759478e-22, nan 
8.125, -69.375, 1.8033328720450814e-22, nan 
8.375, -69.375, 1.0182954343149527e-22, nan 
8.625, -69.375, 9.397758706454819e-23, nan 
8.875, -69.375, 1.0019228637582597e-22, nan 
9.125, -69.375, 7.462504453039454e-23, nan 
9.375, -69.375, 5.919348188941698e-23, nan 
9.625, -69.375, 8.621948808215614e-23, nan 
9.875, -69.375, 9.986288453541322e-23, nan 
10.125, -69.375, 4.053320599257344e-23, nan 
10.375, -69.375, 4.457153301984165e-23, nan 
10.625, -69.375, 6.839941488998155e-23, nan 
10.875, -69.375, 5.408015351685192e-23, nan 
11.125, -69.375, 3.5169094283839317e-23, nan 
11.375, -69.375, 7.609157931400724e-23, nan 
-60.875, -69.125, 3.276934426665076e-23, nan 
-60.625, -69.125, 6.059996268648101e-23, nan 
-60.375, -69.125, 7.000855406145992e-23, nan 
-60.125, -69.125, 5.430005532095901e-23, nan 
-59.875, -69.125, 7.193653946914846e-23, nan 
-59.625, -69.125, 7.211568438468563e-23, nan 
-59.375, -69.125, 4.7045340959580245e-23, nan 
-59.125, -69.125, 4.9434330070963495e-23, nan 
-58.875, -69.125, 4.0636223267850474e-23, nan 
-58.625, -69.125, 5.697148695338711e-23, nan 
-58.375, -69.125, 7.872420429010119e-23, nan 
-58.125, -69.125, 9.353170743832131e-23, nan 
-57.875, -69.125, 1.0251121697727454e-22, nan 
-57.625, -69.125, 1.3574963326465063e-22, nan 
-57.375, -69.125, 1.313656883961843e-22, nan 
-57.125, -69.125, 1.1879302134424515e-22, nan 
-56.875, -69.125, 8.331737074908386e-23, nan 
-56.625, -69.125, 7.142115534105543e-23, nan 
-56.375, -69.125, 5.541686335832899e-23, nan 
-56.125, -69.125, 4.968341935214143e-23, nan 
-55.875, -69.125, 4.851477259387702e-23, nan 
-55.625, -69.125, 4.884515015780264e-23, nan 
-55.375, -69.125, 4.505271786739035e-23, nan 
-55.125, -69.125, 6.021298763467661e-23, nan 
-54.875, -69.125, 6.252906183210744e-23, nan 
-54.625, -69.125, 6.840870603430311e-23, nan 
-54.375, -69.125, 5.309903291337687e-23, nan 
-54.125, -69.125, 5.878762688199997e-23, nan 
-53.875, -69.125, 4.6754483162619506e-23, nan 
-53.625, -69.125, 1.1950605493382989e-23, nan 
-53.375, -69.125, 2.375550041461048e-23, nan 
-53.125, -69.125, 1.1025039682687703e-23, nan 
-52.875, -69.125, 2.6871133376539546e-23, nan 
-52.625, -69.125, 1.9011027165605684e-23, nan 
-52.375, -69.125, 3.32534902795626e-23, nan 
-52.125, -69.125, 3.2964652868590955e-23, nan 
-51.875, -69.125, 2.3994936826583825e-23, nan 
-51.625, -69.125, 3.9988120575415335e-23, nan 
-51.375, -69.125, 1.933036813807622e-23, nan 
-51.125, -69.125, 3.1595794550359226e-23, nan 
-50.875, -69.125, 4.7262408342364295e-23, nan 
-50.625, -69.125, 1.2410768201098338e-22, nan 
-50.375, -69.125, 2.094363917370225e-22, nan 
-50.125, -69.125, 2.661364776172834e-22, nan 
-49.875, -69.125, 2.987838347792283e-22, nan 
-49.625, -69.125, 4.273861182798365e-22, nan 
-49.375, -69.125, 5.089516188745117e-22, nan 
-49.125, -69.125, 5.105372835606833e-22, nan 
-48.875, -69.125, 5.84737979163402e-22, nan 
-48.625, -69.125, 6.086493616983206e-22, nan 
-48.375, -69.125, 4.085333109548941e-22, nan 
-48.125, -69.125, 1.2370968671951775e-22, nan 
-47.875, -69.125, 8.053616297851719e-23, nan 
-47.625, -69.125, 6.316311186151808e-23, nan 
-47.375, -69.125, 9.200082091702915e-23, nan 
-47.125, -69.125, 3.179802116108785e-22, nan 
-46.875, -69.125, 3.98840684162619e-22, nan 
-46.625, -69.125, 2.37161142421359e-22, nan 
-46.375, -69.125, 7.514103216992175e-22, nan 
-46.125, -69.125, 4.928164278978948e-22, nan 
-45.875, -69.125, 3.7176578452992517e-22, nan 
-45.625, -69.125, 1.57958601917534e-21, nan 
-45.375, -69.125, 1.0487921118216559e-21, nan 
-45.125, -69.125, 5.28791732016179e-22, nan 
-44.875, -69.125, 7.719501364386883e-22, nan 
-44.625, -69.125, 4.302706090433024e-22, nan 
-44.375, -69.125, 2.209529225082086e-22, nan 
-44.125, -69.125, 3.1906152382622764e-22, nan 
-43.875, -69.125, 2.0455290553187904e-22, nan 
-43.625, -69.125, 1.8788261001238537e-22, nan 
-43.375, -69.125, 2.635748945037917e-22, nan 
-43.125, -69.125, 3.7977343196143534e-22, nan 
-42.875, -69.125, 4.38415808593847e-22, nan 
-42.625, -69.125, 5.112451365768761e-22, nan 
-42.375, -69.125, 6.642672577099362e-22, nan 
-42.125, -69.125, 5.154397906097173e-22, nan 
-41.875, -69.125, 4.102937820712492e-22, nan 
-41.625, -69.125, 3.486853986247403e-22, nan 
-41.375, -69.125, 1.8994438905837878e-22, nan 
-41.125, -69.125, 1.9858174215072717e-22, nan 
-40.875, -69.125, 2.4712220350386874e-22, nan 
-40.625, -69.125, 3.2672155379518654e-22, nan 
-40.375, -69.125, 3.706490937789665e-22, nan 
-40.125, -69.125, 4.648591412750219e-22, nan 
-39.875, -69.125, 4.924114680889527e-22, nan 
-39.625, -69.125, 5.0859332597040625e-22, nan 
-39.375, -69.125, 5.098778572470768e-22, nan 
-39.125, -69.125, 5.531528502986749e-22, nan 
-38.875, -69.125, 9.424814140889192e-22, nan 
-38.625, -69.125, 1.7517245677720744e-21, nan 
-38.375, -69.125, 1.920828381281171e-21, nan 
-38.125, -69.125, 1.5833926170754542e-21, nan 
-37.875, -69.125, 9.512106310501303e-22, nan 
-37.625, -69.125, 8.37727864733864e-22, nan 
-37.375, -69.125, 7.174085722377528e-22, nan 
-37.125, -69.125, 1.0869879263010095e-21, nan 
-36.875, -69.125, 1.8780687912297916e-21, nan 
-36.625, -69.125, 2.0925899510261202e-21, nan 
-36.375, -69.125, 3.495939088314673e-21, nan 
-36.125, -69.125, 1.7226765194537513e-21, nan 
-35.875, -69.125, 2.319392592170924e-21, nan 
-35.625, -69.125, 2.9375151600397355e-21, nan 
-35.375, -69.125, 2.477244974936148e-21, nan 
-35.125, -69.125, 2.8192022753014165e-21, nan 
-34.875, -69.125, 3.405491095182984e-21, nan 
-34.625, -69.125, 5.417947042153205e-21, nan 
-34.375, -69.125, 7.141978479922698e-21, nan 
-34.125, -69.125, 5.70414796530071e-21, nan 
-33.875, -69.125, 4.907566913261954e-21, nan 
-33.625, -69.125, 3.2251072588408166e-21, nan 
-33.375, -69.125, 3.156320459961343e-21, nan 
-33.125, -69.125, 1.1218017854587635e-20, nan 
-32.875, -69.125, 1.4650681918019537e-20, nan 
-32.625, -69.125, 9.426370282994881e-21, nan 
-32.375, -69.125, 3.718136470225297e-20, nan 
-32.125, -69.125, 3.741624288992978e-20, nan 
-31.875, -69.125, 1.7224336289914123e-20, nan 
-31.625, -69.125, 4.0543645021079696e-20, nan 
-31.375, -69.125, 4.630227156115041e-20, nan 
-31.125, -69.125, 3.192958466825338e-20, nan 
-30.875, -69.125, 3.1051880073056215e-20, nan 
-30.625, -69.125, 3.3175090453851966e-20, nan 
-30.375, -69.125, 2.8808108474367306e-20, nan 
-30.125, -69.125, 2.490172628360692e-20, nan 
-29.875, -69.125, 4.3540185054934996e-20, nan 
-29.625, -69.125, 5.570119427714342e-20, nan 
-29.375, -69.125, 5.939717811440944e-20, nan 
-29.125, -69.125, 6.981004109580289e-20, nan 
-28.875, -69.125, 3.473444268463676e-20, nan 
-28.625, -69.125, 1.685473645150131e-20, nan 
-28.375, -69.125, 1.1566520052194753e-20, nan 
-28.125, -69.125, 2.41168208421326e-20, nan 
-27.875, -69.125, 1.934802149488362e-20, nan 
-27.625, -69.125, 1.4051522860893835e-20, nan 
-27.375, -69.125, 2.0779312523157398e-20, nan 
-27.125, -69.125, 1.9734761890685975e-20, nan 
-26.875, -69.125, 1.90229911870146e-20, nan 
-26.625, -69.125, 2.0690404657613797e-20, nan 
-26.375, -69.125, 3.230237621202407e-20, nan 
-26.125, -69.125, 2.6960664489736362e-20, nan 
-25.875, -69.125, 1.9559665860612943e-20, nan 
-25.625, -69.125, 2.1483638978791438e-20, nan 
-25.375, -69.125, 1.5982888290934265e-20, nan 
-25.125, -69.125, 6.840836453237101e-21, nan 
-24.875, -69.125, 1.890876214308762e-21, nan 
-24.625, -69.125, 1.6061228240730152e-21, nan 
-24.375, -69.125, 2.1477622969254475e-21, nan 
-24.125, -69.125, 1.3263044505795899e-21, nan 
-23.875, -69.125, 1.541404281498755e-21, nan 
-23.625, -69.125, 1.771108107777778e-21, nan 
-23.375, -69.125, 1.404804152480375e-21, nan 
-23.125, -69.125, 1.1079774417727885e-21, nan 
-22.875, -69.125, 9.029597922085146e-22, nan 
-22.625, -69.125, 8.953315413000035e-22, nan 
-22.375, -69.125, 6.676567036761355e-22, nan 
-22.125, -69.125, 8.504790104308436e-22, nan 
-21.875, -69.125, 6.581853799772494e-22, nan 
-21.625, -69.125, 7.182378000995108e-22, nan 
-21.375, -69.125, 6.29191402394393e-22, nan 
-21.125, -69.125, 7.951199231106957e-22, nan 
-20.875, -69.125, 9.740562754197977e-22, nan 
-20.625, -69.125, 7.784254677352451e-22, nan 
-20.375, -69.125, 6.264660147105022e-22, nan 
-20.125, -69.125, 5.263536726228762e-22, nan 
-19.875, -69.125, 5.029645951913367e-22, nan 
-19.625, -69.125, 4.906052401802993e-22, nan 
-19.375, -69.125, 4.55737856918477e-22, nan 
-19.125, -69.125, 3.436748804401409e-22, nan 
-18.875, -69.125, 3.46385544265107e-22, nan 
-18.625, -69.125, 2.416689531963781e-22, nan 
-18.375, -69.125, 2.885930067070205e-22, nan 
-18.125, -69.125, 6.051268882340207e-22, nan 
-17.875, -69.125, 7.42571881966089e-22, nan 
-17.625, -69.125, 1.5968220673149562e-21, nan 
-17.375, -69.125, 1.6695554117450913e-21, nan 
-17.125, -69.125, 1.1900714958779e-21, nan 
-16.875, -69.125, 1.0990150264351814e-21, nan 
-16.625, -69.125, 1.3261634737572588e-21, nan 
-16.375, -69.125, 1.3891344670451139e-21, nan 
-16.125, -69.125, 1.373003781644593e-21, nan 
-15.875, -69.125, 1.358414116040996e-21, nan 
-15.625, -69.125, 1.1548068884561741e-21, nan 
-15.375, -69.125, 1.35942389517173e-21, nan 
-15.125, -69.125, 1.4841280267823746e-21, nan 
-14.875, -69.125, 1.5044816979810918e-21, nan 
-14.625, -69.125, 1.2047274282979583e-21, nan 
-14.375, -69.125, 1.2541378561332172e-21, nan 
-14.125, -69.125, 8.875378746704979e-22, nan 
-13.875, -69.125, 5.422845307378781e-22, nan 
-13.625, -69.125, 4.765116879471743e-22, nan 
-13.375, -69.125, 7.997268916306464e-22, nan 
-13.125, -69.125, 6.188489302897778e-22, nan 
-12.875, -69.125, 3.910539328048505e-22, nan 
-12.625, -69.125, 1.6351099005777612e-22, nan 
-12.375, -69.125, 1.8498226722430821e-22, nan 
-12.125, -69.125, 1.1187161726140455e-22, nan 
-11.875, -69.125, 1.882168990649643e-22, nan 
-11.625, -69.125, 1.9431621435486832e-22, nan 
-11.375, -69.125, 1.647248935967029e-22, nan 
-11.125, -69.125, 1.9854409941735507e-22, nan 
-10.875, -69.125, 2.1957660140029634e-22, nan 
-10.625, -69.125, 1.5595980362694723e-22, nan 
-10.375, -69.125, 1.5565142410378717e-22, nan 
-10.125, -69.125, 1.3719644670910498e-22, nan 
-9.875, -69.125, 1.104174603579374e-22, nan 
-9.625, -69.125, 1.4436787670763906e-22, nan 
-9.375, -69.125, 1.2884002098164698e-22, nan 
-9.125, -69.125, 1.728635317291112e-22, nan 
-8.875, -69.125, 1.348585550539355e-22, nan 
-8.625, -69.125, 1.3734377657627953e-22, nan 
-8.375, -69.125, 2.889600774326102e-22, nan 
-8.125, -69.125, 3.2436692760882756e-22, nan 
-7.875, -69.125, 2.2344669060168353e-22, nan 
-7.625, -69.125, 1.7510295745199573e-22, nan 
-7.375, -69.125, 1.6890911193242078e-22, nan 
-7.125, -69.125, 1.1947430826055376e-22, nan 
-6.875, -69.125, 6.538460326069217e-23, nan 
-6.625, -69.125, 5.446394442960404e-23, nan 
-6.375, -69.125, 8.454590270809518e-23, nan 
-6.125, -69.125, 9.786171506152831e-23, nan 
-5.875, -69.125, 7.969230929867606e-23, nan 
-5.625, -69.125, 9.474237366954886e-23, nan 
-5.375, -69.125, 8.232707505866918e-23, nan 
-5.125, -69.125, 9.052634378797054e-23, nan 
-4.875, -69.125, 8.861483643793125e-23, nan 
-4.625, -69.125, 1.4642893600965906e-22, nan 
-4.375, -69.125, 1.6228174892514072e-22, nan 
-4.125, -69.125, 7.863474713708786e-23, nan 
-3.875, -69.125, 1.1860713852344347e-22, nan 
-3.625, -69.125, 1.688288065040515e-22, nan 
-3.375, -69.125, 1.8608623679324803e-22, nan 
-3.125, -69.125, 1.3503672872398837e-22, nan 
-2.875, -69.125, 1.237564208221099e-22, nan 
-2.625, -69.125, 1.6618512118340932e-22, nan 
-2.375, -69.125, 1.2726549170137267e-22, nan 
-2.125, -69.125, 8.97236575536871e-23, nan 
-1.875, -69.125, 7.269531496150573e-23, nan 
-1.625, -69.125, 6.888468004787937e-23, nan 
-1.375, -69.125, 6.157150441951058e-23, nan 
-1.125, -69.125, 5.452659553891978e-23, nan 
-0.875, -69.125, 5.744266069769082e-23, nan 
-0.625, -69.125, 6.313507199710914e-23, nan 
-0.375, -69.125, 2.562361607607894e-23, nan 
-0.125, -69.125, 4.193962050105582e-23, nan 
0.125, -69.125, 8.879491045864141e-23, nan 
0.375, -69.125, 5.530830213892841e-23, nan 
0.625, -69.125, 1.3412610400093235e-22, nan 
0.875, -69.125, 1.3113929255026072e-22, nan 
1.125, -69.125, 7.916640301235373e-23, nan 
1.375, -69.125, 1.2333762894184447e-22, nan 
1.625, -69.125, 5.2224080372724944e-23, nan 
1.875, -69.125, 5.028216836483813e-23, nan 
2.125, -69.125, 5.83583959165623e-23, nan 
2.375, -69.125, 6.641046457160072e-23, nan 
2.625, -69.125, 5.257241533300825e-23, nan 
2.875, -69.125, 4.7574763408576425e-23, nan 
3.125, -69.125, 5.0976175478819156e-23, nan 
3.375, -69.125, 4.319759671281691e-23, nan 
3.625, -69.125, 1.2812888856082676e-22, nan 
3.875, -69.125, 1.6626078934663238e-22, nan 
4.125, -69.125, 1.1406871636132208e-22, nan 
4.375, -69.125, 4.565486047436739e-23, nan 
4.625, -69.125, 9.312948612186392e-23, nan 
4.875, -69.125, 4.005763419889559e-22, nan 
5.125, -69.125, 1.0362378183541302e-21, nan 
5.375, -69.125, 6.36758855577915e-22, nan 
5.625, -69.125, 1.7174891565872524e-22, nan 
5.875, -69.125, 1.198721247299078e-22, nan 
6.125, -69.125, 1.0892764554238153e-22, nan 
6.375, -69.125, 1.2330536335326418e-22, nan 
6.625, -69.125, 1.2062771127171703e-22, nan 
6.875, -69.125, 8.831054240134942e-23, nan 
7.125, -69.125, 7.466998686175545e-23, nan 
7.375, -69.125, 1.5420047155035004e-22, nan 
7.625, -69.125, 4.233677926975636e-23, nan 
7.875, -69.125, 5.337731774240087e-23, nan 
8.125, -69.125, 1.321445815394328e-22, nan 
8.375, -69.125, 6.964099455652381e-23, nan 
8.625, -69.125, 4.0784529511157754e-23, nan 
8.875, -69.125, 4.7230787667854076e-23, nan 
9.125, -69.125, 4.0807144243730265e-23, nan 
9.375, -69.125, 4.473736604931701e-23, nan 
9.625, -69.125, 7.343418411103704e-23, nan 
9.875, -69.125, 7.989244580666833e-23, nan 
10.125, -69.125, 3.156146127680715e-23, nan 
10.375, -69.125, 3.52930826503102e-23, nan 
10.625, -69.125, 3.282479831353432e-23, nan 
10.875, -69.125, 1.4642521447476437e-23, nan 
11.125, -69.125, 4.585861327262756e-23, nan 
-60.125, -68.875, 1.239828656698854e-22, nan 
-59.875, -68.875, 8.980396614652855e-23, nan 
-59.625, -68.875, 7.506246525883426e-23, nan 
-59.375, -68.875, 5.0251830448332425e-23, nan 
-59.125, -68.875, 2.3186294067018145e-23, nan 
-58.875, -68.875, 3.342692554256824e-23, nan 
-58.625, -68.875, 4.279153674066653e-23, nan 
-58.375, -68.875, 1.6436940148710136e-22, nan 
-58.125, -68.875, 1.764865097228509e-22, nan 
-57.875, -68.875, 1.3722460905765707e-22, nan 
-57.625, -68.875, 2.0969407580369224e-22, nan 
-57.375, -68.875, 2.040038664450693e-22, nan 
-57.125, -68.875, 1.5039393430544355e-22, nan 
-56.875, -68.875, 5.967352220103162e-23, nan 
-56.625, -68.875, 2.051418072011304e-23, nan 
-56.375, -68.875, 3.212393154364655e-23, nan 
-56.125, -68.875, 3.4031778975446796e-23, nan 
-55.875, -68.875, 5.23050028489341e-23, nan 
-55.625, -68.875, 4.2745417378366927e-23, nan 
-55.375, -68.875, 4.844411166820168e-23, nan 
-55.125, -68.875, 7.492341804431833e-23, nan 
-54.875, -68.875, 5.629701506338723e-23, nan 
-54.625, -68.875, 8.313998477258307e-23, nan 
-54.375, -68.875, 5.449577619292158e-23, nan 
-54.125, -68.875, 5.870271642387732e-23, nan 
-53.875, -68.875, 2.810085678943029e-23, nan 
-53.625, -68.875, 4.5158659891448454e-23, nan 
-53.375, -68.875, 4.5065175756926106e-23, nan 
-53.125, -68.875, 5.516233406336668e-23, nan 
-52.875, -68.875, 4.58354954497066e-23, nan 
-52.625, -68.875, 2.4797190655612276e-23, nan 
-52.375, -68.875, 5.539126191400027e-23, nan 
-52.125, -68.875, 5.81549774689631e-23, nan 
-51.875, -68.875, 2.0294268860130402e-23, nan 
-51.625, -68.875, 2.875701442129407e-23, nan 
-51.375, -68.875, 4.1081977794049224e-23, nan 
-51.125, -68.875, 3.0706828992272735e-23, nan 
-50.875, -68.875, 1.324249434139002e-22, nan 
-50.625, -68.875, 2.0146865754617287e-22, nan 
-50.375, -68.875, 2.4118510020145146e-22, nan 
-50.125, -68.875, 2.340017175256336e-22, nan 
-49.875, -68.875, 2.4012968987282056e-22, nan 
-49.625, -68.875, 4.0652553015371784e-22, nan 
-49.375, -68.875, 5.015517450086819e-22, nan 
-49.125, -68.875, 3.302789867582671e-22, nan 
-48.875, -68.875, 4.192168680928822e-22, nan 
-48.625, -68.875, 4.982750761692348e-22, nan 
-48.375, -68.875, 2.716699833732871e-22, nan 
-48.125, -68.875, 2.908869037420933e-22, nan 
-47.875, -68.875, 2.0184463359411912e-22, nan 
-47.625, -68.875, 1.985920585669153e-22, nan 
-47.375, -68.875, 1.665483354046374e-22, nan 
-47.125, -68.875, 1.1862300962599668e-22, nan 
-46.875, -68.875, 1.860742306374809e-22, nan 
-46.625, -68.875, 1.6012186049915408e-22, nan 
-46.375, -68.875, 2.0698492034452266e-22, nan 
-46.125, -68.875, 2.6479534292689776e-22, nan 
-45.875, -68.875, 2.1153056846004527e-22, nan 
-45.625, -68.875, 6.793951570854352e-22, nan 
-45.375, -68.875, 2.350852279448915e-22, nan 
-45.125, -68.875, 2.8968305613125406e-22, nan 
-44.875, -68.875, 2.4682541062995217e-22, nan 
-44.625, -68.875, 3.666372193251421e-22, nan 
-44.375, -68.875, 3.195751669348551e-22, nan 
-44.125, -68.875, 4.586366037027564e-22, nan 
-43.875, -68.875, 5.490989415419171e-22, nan 
-43.625, -68.875, 3.693110164206003e-22, nan 
-43.375, -68.875, 2.59498801701736e-22, nan 
-43.125, -68.875, 3.793589011379088e-22, nan 
-42.875, -68.875, 3.7736311137484174e-22, nan 
-42.625, -68.875, 2.8810780760224814e-22, nan 
-42.375, -68.875, 3.333855870686281e-22, nan 
-42.125, -68.875, 5.907330721333068e-22, nan 
-41.875, -68.875, 4.396085504053983e-22, nan 
-41.625, -68.875, 4.670742004126897e-22, nan 
-41.375, -68.875, 4.194445397784235e-22, nan 
-41.125, -68.875, 3.5466800679128138e-22, nan 
-40.875, -68.875, 3.916044358245958e-22, nan 
-40.625, -68.875, 3.324472330634077e-22, nan 
-40.375, -68.875, 7.360845628073044e-22, nan 
-40.125, -68.875, 8.458756714760856e-22, nan 
-39.875, -68.875, 5.333670489459727e-22, nan 
-39.625, -68.875, 7.68849992874062e-22, nan 
-39.375, -68.875, 7.903774744679627e-22, nan 
-39.125, -68.875, 6.717842853485658e-22, nan 
-38.875, -68.875, 6.808670485792598e-22, nan 
-38.625, -68.875, 9.762298231558941e-22, nan 
-38.375, -68.875, 9.053469384668347e-22, nan 
-38.125, -68.875, 3.665603809644398e-22, nan 
-37.875, -68.875, 1.3397667505215312e-21, nan 
-37.625, -68.875, 1.7265534121222186e-21, nan 
-37.375, -68.875, 3.2885547505350233e-21, nan 
-37.125, -68.875, 6.684796678637769e-21, nan 
-36.875, -68.875, 1.0131235937111243e-20, nan 
-36.625, -68.875, 8.047403423659436e-21, nan 
-36.375, -68.875, 9.099930393462222e-21, nan 
-36.125, -68.875, 1.0577500232633235e-20, nan 
-35.875, -68.875, 1.291227017358693e-20, nan 
-35.625, -68.875, 1.138915095436425e-20, nan 
-35.375, -68.875, 1.1002177945291301e-20, nan 
-35.125, -68.875, 1.3808360629623545e-20, nan 
-34.875, -68.875, 1.149497704050294e-20, nan 
-34.625, -68.875, 1.1355024032773312e-20, nan 
-34.375, -68.875, 1.8631064034409572e-20, nan 
-34.125, -68.875, 1.4652588098755957e-20, nan 
-33.875, -68.875, 8.040727006593026e-21, nan 
-33.625, -68.875, 1.3704619281708146e-20, nan 
-33.375, -68.875, 7.857615079189604e-21, nan 
-33.125, -68.875, 6.78335634855934e-21, nan 
-32.875, -68.875, 1.2749855451588094e-20, nan 
-32.625, -68.875, 8.333398364106803e-21, nan 
-32.375, -68.875, 1.9190679537472106e-20, nan 
-32.125, -68.875, 1.83312360678485e-20, nan 
-31.875, -68.875, 1.792317936098081e-20, nan 
-31.625, -68.875, 2.5524875193733172e-20, nan 
-31.375, -68.875, 2.869520603969771e-20, nan 
-31.125, -68.875, 2.5428464568139026e-20, nan 
-30.875, -68.875, 1.3182014259237354e-20, nan 
-30.625, -68.875, 2.9933492574742426e-20, nan 
-30.375, -68.875, 3.838810525366998e-20, nan 
-30.125, -68.875, 3.966026610623699e-20, nan 
-29.875, -68.875, 3.435204121786011e-20, nan 
-29.625, -68.875, 2.882605460904002e-20, nan 
-29.375, -68.875, 1.0085061906299072e-20, nan 
-29.125, -68.875, 9.873753033903404e-21, nan 
-28.875, -68.875, 9.350109951800243e-21, nan 
-28.625, -68.875, 8.584084904402811e-21, nan 
-28.375, -68.875, 5.308594591397643e-21, nan 
-28.125, -68.875, 7.016238159347868e-21, nan 
-27.875, -68.875, 9.696791488549132e-21, nan 
-27.625, -68.875, 6.488969482898108e-21, nan 
-27.375, -68.875, 1.0891921733619033e-20, nan 
-27.125, -68.875, 1.4587266264036056e-20, nan 
-26.875, -68.875, 1.5386644957890802e-20, nan 
-26.625, -68.875, 1.2890080445986395e-20, nan 
-26.375, -68.875, 1.0381828317335187e-20, nan 
-26.125, -68.875, 1.2627815048645529e-20, nan 
-25.875, -68.875, 1.392600172115089e-20, nan 
-25.625, -68.875, 1.0565626206607931e-20, nan 
-25.375, -68.875, 1.1794571704675332e-20, nan 
-25.125, -68.875, 4.83046294111778e-21, nan 
-24.875, -68.875, 1.6033774098545217e-21, nan 
-24.625, -68.875, 7.847469380234031e-22, nan 
-24.375, -68.875, 1.0060493796348428e-21, nan 
-24.125, -68.875, 1.2383825118564896e-21, nan 
-23.875, -68.875, 1.0359382616625866e-21, nan 
-23.625, -68.875, 8.798913047766319e-22, nan 
-23.375, -68.875, 1.1910131076137244e-21, nan 
-23.125, -68.875, 9.407454097776115e-22, nan 
-22.875, -68.875, 6.001225884965665e-22, nan 
-22.625, -68.875, 3.910790411465245e-22, nan 
-22.375, -68.875, 5.20552930168813e-22, nan 
-22.125, -68.875, 5.828501582727176e-22, nan 
-21.875, -68.875, 6.552385912564355e-22, nan 
-21.625, -68.875, 6.02420464436761e-22, nan 
-21.375, -68.875, 4.400271140411456e-22, nan 
-21.125, -68.875, 4.885613924352905e-22, nan 
-20.875, -68.875, 4.928443011103961e-22, nan 
-20.625, -68.875, 2.4529560147522455e-22, nan 
-20.375, -68.875, 2.4900425335987256e-22, nan 
-20.125, -68.875, 2.1902717981355855e-22, nan 
-19.875, -68.875, 1.71691980003128e-22, nan 
-19.625, -68.875, 8.392872535242122e-23, nan 
-19.375, -68.875, 1.9879304241637424e-22, nan 
-19.125, -68.875, 1.375003555348829e-22, nan 
-18.875, -68.875, 2.055046112653156e-22, nan 
-18.625, -68.875, 2.421459769985589e-22, nan 
-18.375, -68.875, 3.2148819732196173e-22, nan 
-18.125, -68.875, 4.289053032458442e-22, nan 
-17.875, -68.875, 4.362593048184608e-22, nan 
-17.625, -68.875, 4.720542416473533e-22, nan 
-17.375, -68.875, 4.240816954527146e-22, nan 
-17.125, -68.875, 2.607929298845619e-22, nan 
-16.875, -68.875, 6.143446320071852e-22, nan 
-16.625, -68.875, 7.161368710630391e-22, nan 
-16.375, -68.875, 8.514077720578954e-22, nan 
-16.125, -68.875, 7.247945624941491e-22, nan 
-15.875, -68.875, 8.147100814721815e-22, nan 
-15.625, -68.875, 9.249244045743854e-22, nan 
-15.375, -68.875, 7.141903711488873e-22, nan 
-15.125, -68.875, 8.450247374851811e-22, nan 
-14.875, -68.875, 1.1050453705009768e-21, nan 
-14.625, -68.875, 7.90737287522498e-22, nan 
-14.375, -68.875, 6.019655598588619e-22, nan 
-14.125, -68.875, 7.756581833343778e-22, nan 
-13.875, -68.875, 8.462552360029901e-22, nan 
-13.625, -68.875, 8.332588310874343e-22, nan 
-13.375, -68.875, 8.836115377604446e-22, nan 
-13.125, -68.875, 1.0402293266272775e-21, nan 
-12.875, -68.875, 9.050055113837012e-22, nan 
-12.625, -68.875, 5.22138640694532e-22, nan 
-12.375, -68.875, 2.3629613509471905e-22, nan 
-12.125, -68.875, 1.9811055591175994e-22, nan 
-11.875, -68.875, 1.5852240139316918e-22, nan 
-11.625, -68.875, 1.9505045639930809e-22, nan 
-11.375, -68.875, 7.763445681513272e-23, nan 
-11.125, -68.875, 1.320884291868311e-22, nan 
-10.875, -68.875, 1.5929929362621418e-22, nan 
-10.625, -68.875, 9.492985936196319e-23, nan 
-10.375, -68.875, 9.625415261536422e-23, nan 
-10.125, -68.875, 1.0942072523573364e-22, nan 
-9.875, -68.875, 9.154607192084003e-23, nan 
-9.625, -68.875, 8.831238536974206e-23, nan 
-9.375, -68.875, 1.620621150630066e-22, nan 
-9.125, -68.875, 1.1276927559865812e-22, nan 
-8.875, -68.875, 1.5831134129087864e-22, nan 
-8.625, -68.875, 3.06794279551759e-22, nan 
-8.375, -68.875, 1.8909162692722232e-22, nan 
-8.125, -68.875, 1.7962217220486532e-22, nan 
-7.875, -68.875, 2.236007705176631e-22, nan 
-7.625, -68.875, 1.1908206189664863e-22, nan 
-7.375, -68.875, 5.749604163041635e-23, nan 
-7.125, -68.875, 6.596902629281116e-23, nan 
-6.875, -68.875, 6.648330039783482e-23, nan 
-6.625, -68.875, 5.334053639044593e-23, nan 
-6.375, -68.875, 7.649057751524588e-23, nan 
-6.125, -68.875, 1.0303001329876468e-22, nan 
-5.875, -68.875, 1.142048534614496e-22, nan 
-5.625, -68.875, 1.0982436679696197e-22, nan 
-5.375, -68.875, 1.1391129147829707e-22, nan 
-5.125, -68.875, 8.72393755537329e-23, nan 
-4.875, -68.875, 1.165902223411059e-22, nan 
-4.625, -68.875, 1.2950711908235666e-22, nan 
-4.375, -68.875, 1.1529133689754955e-22, nan 
-4.125, -68.875, 7.875470280215056e-23, nan 
-3.875, -68.875, 9.137318615103602e-23, nan 
-3.625, -68.875, 1.1027372834810157e-22, nan 
-3.375, -68.875, 1.3174038670488996e-22, nan 
-3.125, -68.875, 1.1735357960056236e-22, nan 
-2.875, -68.875, 8.94297822676425e-23, nan 
-2.625, -68.875, 1.0516897673860869e-22, nan 
-2.375, -68.875, 9.922181747557312e-23, nan 
-2.125, -68.875, 7.726050033634925e-23, nan 
-1.875, -68.875, 6.691287900471229e-23, nan 
-1.625, -68.875, 5.577760018799255e-23, nan 
-1.375, -68.875, 5.380834846100157e-23, nan 
-1.125, -68.875, 5.914140758607961e-23, nan 
-0.875, -68.875, 5.171001039376929e-23, nan 
-0.625, -68.875, 6.15150486432177e-23, nan 
-0.375, -68.875, 5.823831718852356e-23, nan 
-0.125, -68.875, 6.954581075990299e-23, nan 
0.125, -68.875, 7.193654945545619e-23, nan 
0.375, -68.875, 8.607762425886873e-23, nan 
0.625, -68.875, 1.2693837580861548e-22, nan 
0.875, -68.875, 2.1750664148833645e-22, nan 
1.125, -68.875, 1.4516487660930709e-22, nan 
1.375, -68.875, 1.438947024499688e-22, nan 
1.625, -68.875, 1.2176466780181032e-22, nan 
1.875, -68.875, 9.14242013206772e-23, nan 
2.125, -68.875, 5.742448091755752e-23, nan 
2.375, -68.875, 6.802542334574656e-23, nan 
2.625, -68.875, 4.536054498944451e-23, nan 
2.875, -68.875, 6.642923567569844e-23, nan 
3.125, -68.875, 5.90779393525675e-23, nan 
3.375, -68.875, 2.6909361414570534e-23, nan 
3.625, -68.875, 4.151789288204061e-23, nan 
3.875, -68.875, 6.660095936057293e-23, nan 
4.125, -68.875, 3.3615783854806376e-22, nan 
4.375, -68.875, 9.856467246260277e-22, nan 
4.625, -68.875, 5.363980773021921e-22, nan 
4.875, -68.875, 5.783925495632488e-22, nan 
5.125, -68.875, 1.4517840551945394e-21, nan 
5.375, -68.875, 8.411900654212861e-22, nan 
5.625, -68.875, 2.71726847421001e-22, nan 
5.875, -68.875, 7.654040454188698e-22, nan 
6.125, -68.875, 4.860286916307032e-22, nan 
6.375, -68.875, 1.0294709556987244e-22, nan 
6.625, -68.875, 5.0455114257447977e-23, nan 
6.875, -68.875, 5.636979341086778e-23, nan 
7.125, -68.875, 2.9141419151033e-23, nan 
7.375, -68.875, 6.510252629905893e-23, nan 
7.625, -68.875, 3.9154029916583364e-23, nan 
7.875, -68.875, 4.619024296565031e-23, nan 
8.125, -68.875, 5.528951348836095e-23, nan 
8.375, -68.875, 3.551177380530879e-23, nan 
8.625, -68.875, 4.3712897620629555e-23, nan 
8.875, -68.875, 4.385674912358771e-23, nan 
9.125, -68.875, 2.6370432541802376e-23, nan 
9.375, -68.875, 3.058688346438219e-23, nan 
9.625, -68.875, 1.6610612486504308e-23, nan 
9.875, -68.875, 4.76264704160208e-23, nan 
10.125, -68.875, 2.9641589565376744e-23, nan 
10.375, -68.875, 4.04702098864145e-23, nan 
10.625, -68.875, 7.797260070707055e-23, nan 
10.875, -68.875, 5.101689415221816e-22, nan 
-59.375, -68.625, 8.154377929853718e-23, nan 
-59.125, -68.625, 8.415040585811811e-23, nan 
-58.875, -68.625, 7.830890428022822e-23, nan 
-58.625, -68.625, 9.81573442306424e-23, nan 
-58.375, -68.625, 1.5699942604787462e-22, nan 
-58.125, -68.625, 1.5875160818696252e-22, nan 
-57.875, -68.625, 1.3699857115478284e-22, nan 
-57.625, -68.625, 1.7874237586275943e-22, nan 
-57.375, -68.625, 1.6860006104391233e-22, nan 
-57.125, -68.625, 1.0195089145298336e-22, nan 
-56.875, -68.625, 2.4217860033397406e-23, nan 
-56.625, -68.625, 3.76772165772446e-23, nan 
-56.375, -68.625, 4.08018763657797e-23, nan 
-56.125, -68.625, 4.5472246429969807e-23, nan 
-55.875, -68.625, 3.9073489200270304e-23, nan 
-55.625, -68.625, 4.4879973246273327e-23, nan 
-55.375, -68.625, 4.335120897942754e-23, nan 
-55.125, -68.625, 5.680025868503295e-23, nan 
-54.875, -68.625, 7.737824982137065e-23, nan 
-54.625, -68.625, 1.4422899281349905e-22, nan 
-54.375, -68.625, 8.19146419875251e-23, nan 
-54.125, -68.625, 9.387665020532048e-23, nan 
-53.875, -68.625, 7.490594005747409e-23, nan 
-53.625, -68.625, 9.166167507200451e-23, nan 
-53.375, -68.625, 8.590318207501137e-23, nan 
-53.125, -68.625, 7.583087441694407e-23, nan 
-52.875, -68.625, 2.825851528723917e-23, nan 
-52.625, -68.625, 8.930184306301985e-24, nan 
-52.375, -68.625, 5.972448787625278e-23, nan 
-52.125, -68.625, 4.3404266341185954e-23, nan 
-51.875, -68.625, 1.7909005153789157e-23, nan 
-51.625, -68.625, 2.897272094077878e-23, nan 
-51.375, -68.625, 1.3843525543917651e-22, nan 
-51.125, -68.625, 2.7350465709618145e-22, nan 
-50.875, -68.625, 3.0828817296458468e-22, nan 
-50.625, -68.625, 2.15860630731914e-22, nan 
-50.375, -68.625, 3.7378312250732723e-22, nan 
-50.125, -68.625, 3.6864182974119885e-22, nan 
-49.875, -68.625, 3.6341433872520286e-22, nan 
-49.625, -68.625, 7.1524426513781825e-22, nan 
-49.375, -68.625, 7.77889491667349e-22, nan 
-49.125, -68.625, 6.770599400138879e-22, nan 
-48.875, -68.625, 5.67269813296143e-22, nan 
-48.625, -68.625, 5.72636915964246e-22, nan 
-48.375, -68.625, 4.273283675709443e-22, nan 
-48.125, -68.625, 4.753011848280801e-22, nan 
-47.875, -68.625, 4.896118328253788e-22, nan 
-47.625, -68.625, 3.9607994725440776e-22, nan 
-47.375, -68.625, 4.048777766850568e-22, nan 
-47.125, -68.625, 3.176871789633174e-22, nan 
-46.875, -68.625, 3.8981451928580616e-22, nan 
-46.625, -68.625, 3.717396411297813e-22, nan 
-46.375, -68.625, 1.7926769536831923e-22, nan 
-46.125, -68.625, 2.407939364231196e-22, nan 
-45.875, -68.625, 2.51227723029373e-22, nan 
-45.625, -68.625, 2.6892644714836067e-22, nan 
-45.375, -68.625, 2.4548236913986918e-22, nan 
-45.125, -68.625, 1.6752885621196402e-22, nan 
-44.875, -68.625, 1.3167678110004723e-22, nan 
-44.625, -68.625, 1.249597385043136e-22, nan 
-44.375, -68.625, 2.6073206276243044e-22, nan 
-44.125, -68.625, 4.580960153595907e-22, nan 
-43.875, -68.625, 4.303556356861166e-22, nan 
-43.625, -68.625, 4.356160021874849e-22, nan 
-43.375, -68.625, 3.2988561210725656e-22, nan 
-43.125, -68.625, 2.5791552435558164e-22, nan 
-42.875, -68.625, 3.552679488049245e-22, nan 
-42.625, -68.625, 2.2670480316638004e-22, nan 
-42.375, -68.625, 1.9920917248808828e-22, nan 
-42.125, -68.625, 1.6841846123199127e-22, nan 
-41.875, -68.625, 3.0005831132638524e-22, nan 
-41.625, -68.625, 3.7326459450703847e-22, nan 
-41.375, -68.625, 3.754777051144598e-22, nan 
-41.125, -68.625, 5.3049944691778455e-22, nan 
-40.875, -68.625, 5.594172080228245e-22, nan 
-40.625, -68.625, 3.9487428645370665e-22, nan 
-40.375, -68.625, 1.3008104778419734e-21, nan 
-40.125, -68.625, 1.3495271270928961e-21, nan 
-39.875, -68.625, 4.2653037201151535e-22, nan 
-39.625, -68.625, 9.701841510164122e-22, nan 
-39.375, -68.625, 1.138660349362364e-21, nan 
-39.125, -68.625, 8.230005017989642e-22, nan 
-38.875, -68.625, 8.036372049146161e-22, nan 
-38.625, -68.625, 1.1189481550553623e-21, nan 
-38.375, -68.625, 1.380829908949095e-21, nan 
-38.125, -68.625, 1.994876147817405e-21, nan 
-37.875, -68.625, 4.01492330128491e-21, nan 
-37.625, -68.625, 1.1863998365798254e-20, nan 
-37.375, -68.625, 1.4825732029834638e-20, nan 
-37.125, -68.625, 1.1518763938889498e-20, nan 
-36.875, -68.625, 2.2897423182130534e-20, nan 
-36.625, -68.625, 2.3153240378515427e-20, nan 
-36.375, -68.625, 1.3392487742577992e-20, nan 
-36.125, -68.625, 2.4194106110615832e-20, nan 
-35.875, -68.625, 3.3407380825152525e-20, nan 
-35.625, -68.625, 1.88152847113681e-20, nan 
-35.375, -68.625, 4.126660220258858e-20, nan 
-35.125, -68.625, 3.644099443836326e-20, nan 
-34.875, -68.625, 1.2545496939497378e-20, nan 
-34.625, -68.625, 3.068283573487918e-20, nan 
-34.375, -68.625, 3.5326281860837913e-20, nan 
-34.125, -68.625, 2.113028548743847e-20, nan 
-33.875, -68.625, 1.2268474908194095e-20, nan 
-33.625, -68.625, 1.6011590874726655e-20, nan 
-33.375, -68.625, 3.6524157063083786e-21, nan 
-33.125, -68.625, 5.900231880349957e-21, nan 
-32.875, -68.625, 1.1530481355918025e-20, nan 
-32.625, -68.625, 1.1284696806534383e-20, nan 
-32.375, -68.625, 1.2287515007844594e-20, nan 
-32.125, -68.625, 1.1442745373746221e-20, nan 
-31.875, -68.625, 1.6134785160247456e-20, nan 
-31.625, -68.625, 2.2075882822935767e-20, nan 
-31.375, -68.625, 1.6751113275980828e-20, nan 
-31.125, -68.625, 2.7808173675401655e-20, nan 
-30.875, -68.625, 2.844922448112784e-20, nan 
-30.625, -68.625, 2.317884051134176e-20, nan 
-30.375, -68.625, 3.046820330997513e-20, nan 
-30.125, -68.625, 4.2436314742124094e-20, nan 
-29.875, -68.625, 4.760242927354754e-20, nan 
-29.625, -68.625, 3.918898359224568e-20, nan 
-29.375, -68.625, 2.3124519355769363e-20, nan 
-29.125, -68.625, 2.5105809275562367e-20, nan 
-28.875, -68.625, 1.6520712625550856e-20, nan 
-28.625, -68.625, 3.496310517876955e-21, nan 
-28.375, -68.625, 3.4987781532519314e-21, nan 
-28.125, -68.625, 4.2987760112253026e-21, nan 
-27.875, -68.625, 2.4362546826475063e-21, nan 
-27.625, -68.625, 5.416847464178916e-21, nan 
-27.375, -68.625, 5.809228053781263e-21, nan 
-27.125, -68.625, 5.5341781752428715e-21, nan 
-26.875, -68.625, 6.641998521489217e-21, nan 
-26.625, -68.625, 5.601270988116317e-21, nan 
-26.375, -68.625, 5.292871482279955e-21, nan 
-26.125, -68.625, 5.5586718886213935e-21, nan 
-25.875, -68.625, 8.543489347484418e-21, nan 
-25.625, -68.625, 9.573364882487873e-21, nan 
-25.375, -68.625, 1.0740746296379972e-20, nan 
-25.125, -68.625, 6.763590978375656e-21, nan 
-24.875, -68.625, 5.0395064818951796e-21, nan 
-24.625, -68.625, 4.697147869903161e-21, nan 
-24.375, -68.625, 2.92785821442041e-21, nan 
-24.125, -68.625, 1.2115454317953152e-21, nan 
-23.875, -68.625, 1.2838686525817173e-21, nan 
-23.625, -68.625, 1.4391101991227198e-21, nan 
-23.375, -68.625, 1.9154492843611787e-21, nan 
-23.125, -68.625, 1.928648951367187e-21, nan 
-22.875, -68.625, 1.4690070510797181e-21, nan 
-22.625, -68.625, 1.1732580895968218e-21, nan 
-22.375, -68.625, 4.913563910219091e-22, nan 
-22.125, -68.625, 5.107726096303355e-22, nan 
-21.875, -68.625, 4.553967670336375e-22, nan 
-21.625, -68.625, 3.974455234321752e-22, nan 
-21.375, -68.625, 4.272779734388252e-22, nan 
-21.125, -68.625, 4.1378575698221695e-22, nan 
-20.875, -68.625, 3.6787840548916682e-22, nan 
-20.625, -68.625, 2.9176993425063266e-22, nan 
-20.375, -68.625, 3.643196732104037e-22, nan 
-20.125, -68.625, 3.3500935609759325e-22, nan 
-19.875, -68.625, 2.9015690505948948e-22, nan 
-19.625, -68.625, 2.321632541401745e-22, nan 
-19.375, -68.625, 2.7464284865286173e-22, nan 
-19.125, -68.625, 2.099604887391008e-22, nan 
-18.875, -68.625, 2.231977709948216e-22, nan 
-18.625, -68.625, 1.1735830098420292e-22, nan 
-18.375, -68.625, 2.219665003603851e-22, nan 
-18.125, -68.625, 1.6113766738466544e-22, nan 
-17.875, -68.625, 1.2079215452030532e-22, nan 
-17.625, -68.625, 1.8450331980149771e-22, nan 
-17.375, -68.625, 1.5608285598688207e-22, nan 
-17.125, -68.625, 1.9162354584713829e-22, nan 
-16.875, -68.625, 2.420227112937425e-22, nan 
-16.625, -68.625, 2.9115177709602556e-22, nan 
-16.375, -68.625, 3.3398969529437894e-22, nan 
-16.125, -68.625, 3.512831097202781e-22, nan 
-15.875, -68.625, 4.0368355161591414e-22, nan 
-15.625, -68.625, 7.882272735776675e-22, nan 
-15.375, -68.625, 8.26958833864283e-22, nan 
-15.125, -68.625, 4.549330310421667e-22, nan 
-14.875, -68.625, 6.85717346830237e-22, nan 
-14.625, -68.625, 8.004857809949891e-22, nan 
-14.375, -68.625, 3.7619508156171057e-22, nan 
-14.125, -68.625, 1.757080676187074e-22, nan 
-13.875, -68.625, 5.020384056606805e-23, nan 
-13.625, -68.625, 4.324087353835876e-22, nan 
-13.375, -68.625, 9.24948774924305e-22, nan 
-13.125, -68.625, 9.799986253075153e-22, nan 
-12.875, -68.625, 7.256871554418701e-22, nan 
-12.625, -68.625, 8.163249977589606e-22, nan 
-12.375, -68.625, 6.904390173845183e-22, nan 
-12.125, -68.625, 2.4861478210211955e-22, nan 
-11.875, -68.625, 1.5550764767989547e-22, nan 
-11.625, -68.625, 1.2141862993842186e-22, nan 
-11.375, -68.625, 5.415791191136703e-23, nan 
-11.125, -68.625, 6.652036812403393e-23, nan 
-10.875, -68.625, 9.432027255833689e-23, nan 
-10.625, -68.625, 5.736710059112229e-23, nan 
-10.375, -68.625, 8.975836333150628e-23, nan 
-10.125, -68.625, 7.14760737201668e-23, nan 
-9.875, -68.625, 6.740227035799775e-23, nan 
-9.625, -68.625, 6.944764518453458e-23, nan 
-9.375, -68.625, 7.332354396793765e-23, nan 
-9.125, -68.625, 6.13357874157551e-23, nan 
-8.875, -68.625, 1.0077124323132915e-22, nan 
-8.625, -68.625, 1.714701797714498e-22, nan 
-8.375, -68.625, 1.126096213800375e-22, nan 
-8.125, -68.625, 7.117429415007095e-23, nan 
-7.875, -68.625, 7.687187885836733e-23, nan 
-7.625, -68.625, 5.0014917507005546e-23, nan 
-7.375, -68.625, 6.851684422099259e-23, nan 
-7.125, -68.625, 8.057133478667605e-23, nan 
-6.875, -68.625, 5.174789609399077e-23, nan 
-6.625, -68.625, 6.689415128905088e-23, nan 
-6.375, -68.625, 3.273580287754648e-23, nan 
-6.125, -68.625, 5.618016473704164e-23, nan 
-5.875, -68.625, 1.4416505867264996e-22, nan 
-5.625, -68.625, 1.1901371971411832e-22, nan 
-5.375, -68.625, 1.3123694792211256e-22, nan 
-5.125, -68.625, 9.964106322150055e-23, nan 
-4.875, -68.625, 1.0336354529910635e-22, nan 
-4.625, -68.625, 9.917744176644886e-23, nan 
-4.375, -68.625, 6.37520063678528e-23, nan 
-4.125, -68.625, 9.423318804968402e-23, nan 
-3.875, -68.625, 1.2785107224254786e-22, nan 
-3.625, -68.625, 6.865835117017287e-23, nan 
-3.375, -68.625, 9.375207449020865e-23, nan 
-3.125, -68.625, 9.760207416731175e-23, nan 
-2.875, -68.625, 7.153766972146899e-23, nan 
-2.625, -68.625, 8.169740064031815e-23, nan 
-2.375, -68.625, 7.908211478953739e-23, nan 
-2.125, -68.625, 6.766654707615148e-23, nan 
-1.875, -68.625, 5.910043908486736e-23, nan 
-1.625, -68.625, 7.016996942661513e-23, nan 
-1.375, -68.625, 4.926829574166115e-23, nan 
-1.125, -68.625, 4.1990865338596914e-23, nan 
-0.875, -68.625, 4.7734926152529063e-23, nan 
-0.625, -68.625, 6.976913923432675e-23, nan 
-0.375, -68.625, 7.254050542987052e-23, nan 
-0.125, -68.625, 7.051591684990956e-23, nan 
0.125, -68.625, 1.366662612444995e-22, nan 
0.375, -68.625, 1.6816443659272943e-22, nan 
0.625, -68.625, 1.9701661802234666e-22, nan 
0.875, -68.625, 1.9032799226025494e-22, nan 
1.125, -68.625, 1.8379183453768152e-22, nan 
1.375, -68.625, 4.33926944995911e-22, nan 
1.625, -68.625, 3.270062056065514e-22, nan 
1.875, -68.625, 5.321913621784971e-23, nan 
2.125, -68.625, 6.399670807734086e-23, nan 
2.375, -68.625, 4.513985833252601e-23, nan 
2.625, -68.625, 1.1697429431700686e-23, nan 
2.875, -68.625, 1.3672423231912077e-22, nan 
3.125, -68.625, 6.501185561099824e-23, nan 
3.375, -68.625, 4.6745993819042554e-23, nan 
3.625, -68.625, 6.318581562356639e-23, nan 
3.875, -68.625, 3.042302340877471e-22, nan 
4.125, -68.625, 4.513130204014668e-22, nan 
4.375, -68.625, 8.007852861294404e-22, nan 
4.625, -68.625, 4.002776593510001e-22, nan 
4.875, -68.625, 6.923742691119744e-22, nan 
5.125, -68.625, 1.246514488942774e-21, nan 
5.375, -68.625, 4.475473474635284e-22, nan 
5.625, -68.625, 4.296001465389894e-22, nan 
5.875, -68.625, 6.719918354397714e-22, nan 
6.125, -68.625, 3.2263651602756073e-22, nan 
6.375, -68.625, 4.067705929264333e-23, nan 
6.625, -68.625, 4.8394739440782844e-23, nan 
6.875, -68.625, 5.583046790371009e-23, nan 
7.125, -68.625, 3.9154170888798416e-23, nan 
7.375, -68.625, 4.591571774720561e-23, nan 
7.625, -68.625, 4.76183385425624e-23, nan 
7.875, -68.625, 4.175875892556722e-23, nan 
8.125, -68.625, 4.109934477638844e-23, nan 
8.375, -68.625, 5.245579714666265e-23, nan 
8.625, -68.625, 3.262153747764876e-23, nan 
8.875, -68.625, 5.206924573415022e-23, nan 
9.125, -68.625, 3.899376470465955e-23, nan 
9.375, -68.625, 3.062645931909312e-23, nan 
9.625, -68.625, 1.7241476703503275e-23, nan 
9.875, -68.625, 6.905564376135804e-23, nan 
10.125, -68.625, 4.368244454554029e-22, nan 
10.375, -68.625, 8.101138819076127e-22, nan 
10.625, -68.625, 6.960651390876483e-22, nan 
10.875, -68.625, 7.666423907452985e-22, nan 
-58.375, -68.375, 1.1525516481224358e-22, nan 
-58.125, -68.375, 1.171980954386529e-22, nan 
-57.875, -68.375, 1.2684552494483113e-22, nan 
-57.625, -68.375, 1.5414289252004536e-22, nan 
-57.375, -68.375, 1.3025537345459494e-22, nan 
-57.125, -68.375, 1.0137633755234546e-22, nan 
-56.875, -68.375, 7.577830612475708e-23, nan 
-56.625, -68.375, 6.435241677474427e-23, nan 
-56.375, -68.375, 4.55470907223798e-23, nan 
-56.125, -68.375, 4.9591138407192206e-23, nan 
-55.875, -68.375, 6.693618723519162e-23, nan 
-55.625, -68.375, 5.687288112395022e-23, nan 
-55.375, -68.375, 1.0735982285651e-22, nan 
-55.125, -68.375, 8.738788638739698e-23, nan 
-54.875, -68.375, 1.0862378659431962e-22, nan 
-54.625, -68.375, 1.8008545392990748e-22, nan 
-54.375, -68.375, 1.0961218367398559e-22, nan 
-54.125, -68.375, 1.0609948885807518e-22, nan 
-53.875, -68.375, 7.519154336338126e-23, nan 
-53.625, -68.375, 8.970234905279185e-23, nan 
-53.375, -68.375, 5.418039272866959e-23, nan 
-53.125, -68.375, 4.8385259955501165e-23, nan 
-52.875, -68.375, 3.217043002860936e-23, nan 
-52.625, -68.375, 1.982477350918298e-23, nan 
-52.375, -68.375, 4.3213651263983707e-23, nan 
-52.125, -68.375, 1.3395594395048598e-22, nan 
-51.875, -68.375, 1.5852686957326245e-22, nan 
-51.625, -68.375, 2.397284733500317e-22, nan 
-51.375, -68.375, 3.1731202372284105e-22, nan 
-51.125, -68.375, 3.282799693390504e-22, nan 
-50.875, -68.375, 3.7267556126901755e-22, nan 
-50.625, -68.375, 3.840692511213172e-22, nan 
-50.375, -68.375, 3.482449417044139e-22, nan 
-50.125, -68.375, 3.43000492525935e-22, nan 
-49.875, -68.375, 5.274158090544182e-22, nan 
-49.625, -68.375, 6.875850275822452e-22, nan 
-49.375, -68.375, 7.002483854394107e-22, nan 
-49.125, -68.375, 6.536399774632496e-22, nan 
-48.875, -68.375, 1.2336241874815467e-22, nan 
-48.625, -68.375, 1.5889975848422322e-22, nan 
-48.375, -68.375, 2.55390245374824e-22, nan 
-48.125, -68.375, 3.2398271807380814e-22, nan 
-47.875, -68.375, 3.1258861731346165e-22, nan 
-47.625, -68.375, 2.2374451373051722e-22, nan 
-47.375, -68.375, 3.705870973968278e-22, nan 
-47.125, -68.375, 1.1285465606162858e-22, nan 
-46.875, -68.375, 2.1118527814699373e-22, nan 
-46.625, -68.375, 3.340295392359581e-22, nan 
-46.375, -68.375, 3.664412962913952e-22, nan 
-46.125, -68.375, 3.1705558867322403e-22, nan 
-45.875, -68.375, 3.0660069425560257e-22, nan 
-45.625, -68.375, 4.22393373643509e-22, nan 
-45.375, -68.375, 3.4041461938173606e-22, nan 
-45.125, -68.375, 1.515967046268425e-22, nan 
-44.875, -68.375, 1.4765734393371764e-22, nan 
-44.625, -68.375, 2.0021695338350719e-22, nan 
-44.375, -68.375, 2.138489487620435e-22, nan 
-44.125, -68.375, 2.344740907754786e-22, nan 
-43.875, -68.375, 1.860284315940763e-22, nan 
-43.625, -68.375, 3.6119753330132024e-22, nan 
-43.375, -68.375, 2.5807598586088955e-22, nan 
-43.125, -68.375, 3.20836372130536e-22, nan 
-42.875, -68.375, 3.19169507863464e-22, nan 
-42.625, -68.375, 2.8738367011980857e-22, nan 
-42.375, -68.375, 2.727392253153304e-22, nan 
-42.125, -68.375, 1.6772991754363174e-22, nan 
-41.875, -68.375, 2.1640521869414574e-22, nan 
-41.625, -68.375, 2.368975142814279e-22, nan 
-41.375, -68.375, 2.134937875792751e-22, nan 
-41.125, -68.375, 1.7978031381823048e-22, nan 
-40.875, -68.375, 1.3127650190701177e-22, nan 
-40.625, -68.375, 1.246278824560286e-22, nan 
-40.375, -68.375, 7.54950940428288e-22, nan 
-40.125, -68.375, 7.899646732631558e-22, nan 
-39.875, -68.375, 6.822409569761061e-22, nan 
-39.625, -68.375, 9.064029929065009e-22, nan 
-39.375, -68.375, 1.068796175747586e-21, nan 
-39.125, -68.375, 1.1811396531707606e-21, nan 
-38.875, -68.375, 1.649615594861107e-21, nan 
-38.625, -68.375, 1.8232060325894834e-21, nan 
-38.375, -68.375, 1.3509968394232867e-21, nan 
-38.125, -68.375, 2.219372106955608e-21, nan 
-37.875, -68.375, 2.0046472225247743e-21, nan 
-37.625, -68.375, 3.427506353517975e-21, nan 
-37.375, -68.375, 7.528236469791957e-21, nan 
-37.125, -68.375, 1.5700892088477177e-20, nan 
-36.875, -68.375, 2.9875741204548615e-20, nan 
-36.625, -68.375, 3.2625947083933995e-20, nan 
-36.375, -68.375, 3.836960654660872e-20, nan 
-36.125, -68.375, 5.742932756324709e-20, nan 
-35.875, -68.375, 4.984367745118004e-20, nan 
-35.625, -68.375, 3.064692087873529e-20, nan 
-35.375, -68.375, 2.6334507233887447e-20, nan 
-35.125, -68.375, 6.108395698986676e-21, nan 
-34.875, -68.375, 8.75513739547978e-21, nan 
-34.625, -68.375, 2.0234008300359405e-20, nan 
-34.375, -68.375, 2.1402205627672927e-20, nan 
-34.125, -68.375, 1.5963624273611202e-20, nan 
-33.875, -68.375, 1.505433417181884e-20, nan 
-33.625, -68.375, 1.0802550084897081e-20, nan 
-33.375, -68.375, 8.711952388195655e-21, nan 
-33.125, -68.375, 1.0665905877439481e-20, nan 
-32.875, -68.375, 1.0484546608838631e-20, nan 
-32.625, -68.375, 1.0924565717766392e-20, nan 
-32.375, -68.375, 9.936302323926478e-21, nan 
-32.125, -68.375, 9.15530889187223e-21, nan 
-31.875, -68.375, 9.006072090853152e-21, nan 
-31.625, -68.375, 9.139850996775412e-21, nan 
-31.375, -68.375, 6.047172857894765e-21, nan 
-31.125, -68.375, 5.791606187103214e-21, nan 
-30.875, -68.375, 7.410379256527035e-21, nan 
-30.625, -68.375, 1.1286904226058659e-20, nan 
-30.375, -68.375, 1.3232947140853537e-20, nan 
-30.125, -68.375, 1.347162271677558e-20, nan 
-29.875, -68.375, 1.257939033760984e-20, nan 
-29.625, -68.375, 1.0247021176719768e-20, nan 
-29.375, -68.375, 2.1157857169970455e-21, nan 
-29.125, -68.375, 1.696585246892344e-21, nan 
-28.875, -68.375, 2.2473697287054373e-21, nan 
-28.625, -68.375, 2.228870676027318e-21, nan 
-28.375, -68.375, 2.3439862482857352e-21, nan 
-28.125, -68.375, 2.4816150737618778e-21, nan 
-27.875, -68.375, 1.597007494329743e-21, nan 
-27.625, -68.375, 1.696558387112372e-21, nan 
-27.375, -68.375, 2.6622961084842853e-21, nan 
-27.125, -68.375, 3.675484382868147e-21, nan 
-26.875, -68.375, 3.2038722130636677e-21, nan 
-26.625, -68.375, 2.6781651374049417e-21, nan 
-26.375, -68.375, 4.2682417670051384e-21, nan 
-26.125, -68.375, 4.1527932966649936e-21, nan 
-25.875, -68.375, 4.5420286679781926e-21, nan 
-25.625, -68.375, 6.5715933924744536e-21, nan 
-25.375, -68.375, 5.9526445124163435e-21, nan 
-25.125, -68.375, 4.388601018443894e-21, nan 
-24.875, -68.375, 3.744763295340742e-21, nan 
-24.625, -68.375, 3.1201259951174396e-21, nan 
-24.375, -68.375, 1.6148279862952536e-21, nan 
-24.125, -68.375, 5.904842815837349e-22, nan 
-23.875, -68.375, 7.563068674155601e-22, nan 
-23.625, -68.375, 9.13681476391392e-22, nan 
-23.375, -68.375, 1.3124586718935147e-21, nan 
-23.125, -68.375, 2.2456038600172365e-21, nan 
-22.875, -68.375, 1.6211981845940689e-21, nan 
-22.625, -68.375, 1.2571193541933025e-21, nan 
-22.375, -68.375, 1.405620876237888e-21, nan 
-22.125, -68.375, 9.605715661573336e-22, nan 
-21.875, -68.375, 6.471989989983428e-22, nan 
-21.625, -68.375, 3.225707494022787e-22, nan 
-21.375, -68.375, 2.6956423431885015e-22, nan 
-21.125, -68.375, 1.9184308924288114e-22, nan 
-20.875, -68.375, 2.3931688292583833e-22, nan 
-20.625, -68.375, 2.3700438686634676e-22, nan 
-20.375, -68.375, 3.712751519302112e-22, nan 
-20.125, -68.375, 2.9492260268052656e-22, nan 
-19.875, -68.375, 2.364253090173229e-22, nan 
-19.625, -68.375, 2.683360792406049e-22, nan 
-19.375, -68.375, 2.589868947258207e-22, nan 
-19.125, -68.375, 1.822941828710037e-22, nan 
-18.875, -68.375, 1.9005663398119212e-22, nan 
-18.625, -68.375, 1.7219592145257239e-22, nan 
-18.375, -68.375, 2.253624060927085e-22, nan 
-18.125, -68.375, 1.797258037868686e-22, nan 
-17.875, -68.375, 1.7204860439182953e-22, nan 
-17.625, -68.375, 2.261292478332327e-22, nan 
-17.375, -68.375, 1.6548280587424687e-22, nan 
-17.125, -68.375, 1.1963357318358477e-22, nan 
-16.875, -68.375, 1.5847201130146318e-22, nan 
-16.625, -68.375, 2.305916942162259e-22, nan 
-16.375, -68.375, 1.8354263884374643e-22, nan 
-16.125, -68.375, 1.5415261844339287e-22, nan 
-15.875, -68.375, 3.4028585574961477e-22, nan 
-15.625, -68.375, 4.1504477223763174e-22, nan 
-15.375, -68.375, 5.282995299282937e-22, nan 
-15.125, -68.375, 4.591226421803042e-22, nan 
-14.875, -68.375, 5.252299482894812e-22, nan 
-14.625, -68.375, 6.547667354094611e-22, nan 
-14.375, -68.375, 4.782263343622345e-22, nan 
-14.125, -68.375, 3.002582910827595e-22, nan 
-13.875, -68.375, 3.3792134073741098e-22, nan 
-13.625, -68.375, 6.592047084601625e-22, nan 
-13.375, -68.375, 7.3766727852648145e-22, nan 
-13.125, -68.375, 5.291876274541464e-22, nan 
-12.875, -68.375, 5.8503369539316e-22, nan 
-12.625, -68.375, 5.415468744202994e-22, nan 
-12.375, -68.375, 3.2872752222019885e-22, nan 
-12.125, -68.375, 6.530445092255418e-23, nan 
-11.875, -68.375, 5.077343591040062e-23, nan 
-11.625, -68.375, 6.04329686661762e-23, nan 
-11.375, -68.375, 4.8020503666290804e-23, nan 
-11.125, -68.375, 1.1413611979041717e-22, nan 
-10.875, -68.375, 1.0729921024812705e-22, nan 
-10.625, -68.375, 7.428220929753447e-23, nan 
-10.375, -68.375, 9.679195668212348e-23, nan 
-10.125, -68.375, 8.008977596853697e-23, nan 
-9.875, -68.375, 8.513171809555157e-23, nan 
-9.625, -68.375, 5.737696448654721e-23, nan 
-9.375, -68.375, 5.1194493441509737e-23, nan 
-9.125, -68.375, 6.67650693767646e-23, nan 
-8.875, -68.375, 4.711517794798296e-23, nan 
-8.625, -68.375, 5.874195673821116e-23, nan 
-8.375, -68.375, 6.515335875064042e-23, nan 
-8.125, -68.375, 8.305891076106063e-23, nan 
-7.875, -68.375, 8.407722304866946e-23, nan 
-7.625, -68.375, 7.494589940914104e-23, nan 
-7.375, -68.375, 6.174207018872006e-23, nan 
-7.125, -68.375, 6.890182694414716e-23, nan 
-6.875, -68.375, 5.517438040808803e-23, nan 
-6.625, -68.375, 8.8936237434849e-23, nan 
-6.375, -68.375, 7.866700339615303e-23, nan 
-6.125, -68.375, 8.282446239051688e-23, nan 
-5.875, -68.375, 1.3228580306854296e-22, nan 
-5.625, -68.375, 1.3048330104755415e-22, nan 
-5.375, -68.375, 1.5257981982165606e-22, nan 
-5.125, -68.375, 1.4868758010386229e-22, nan 
-4.875, -68.375, 1.5260081335223899e-22, nan 
-4.625, -68.375, 1.633380518540895e-22, nan 
-4.375, -68.375, 1.0480492267923991e-22, nan 
-4.125, -68.375, 1.494428102287091e-22, nan 
-3.875, -68.375, 1.9649445602065918e-22, nan 
-3.625, -68.375, 5.806878358172202e-23, nan 
-3.375, -68.375, 1.1321741389054988e-22, nan 
-3.125, -68.375, 1.4371654912457386e-22, nan 
-2.875, -68.375, 5.2302882318488035e-23, nan 
-2.625, -68.375, 9.73285326781917e-23, nan 
-2.375, -68.375, 6.959392671928927e-23, nan 
-2.125, -68.375, 7.165090789512411e-23, nan 
-1.875, -68.375, 7.595847639298814e-23, nan 
-1.625, -68.375, 6.71873515836573e-23, nan 
-1.375, -68.375, 7.094887593160925e-23, nan 
-1.125, -68.375, 4.689672898367179e-23, nan 
-0.875, -68.375, 4.0417381724188707e-23, nan 
-0.625, -68.375, 6.396991863464492e-23, nan 
-0.375, -68.375, 6.990721971623756e-23, nan 
-0.125, -68.375, 1.1346466626068342e-22, nan 
0.125, -68.375, 1.6845233422830468e-22, nan 
0.375, -68.375, 2.028156787544554e-22, nan 
0.625, -68.375, 3.59043544532666e-22, nan 
0.875, -68.375, 2.649033150112035e-22, nan 
1.125, -68.375, 1.93064382112665e-22, nan 
1.375, -68.375, 6.207967915867596e-22, nan 
1.625, -68.375, 4.972052356307009e-22, nan 
1.875, -68.375, 3.2806417170972064e-23, nan 
2.125, -68.375, 3.957970607042311e-22, nan 
2.375, -68.375, 2.7041571753243255e-22, nan 
2.625, -68.375, 6.672176947428733e-23, nan 
2.875, -68.375, 2.5219015678713164e-22, nan 
3.125, -68.375, 7.397035595258657e-23, nan 
3.375, -68.375, 1.7930949680624234e-23, nan 
3.625, -68.375, 1.3385710893374247e-22, nan 
3.875, -68.375, 2.532808260328296e-22, nan 
4.125, -68.375, 2.2661063131686635e-22, nan 
4.375, -68.375, 1.1672029292120672e-22, nan 
4.625, -68.375, 4.221640197112058e-22, nan 
4.875, -68.375, 4.469304015481711e-22, nan 
5.125, -68.375, 6.1946994479186e-22, nan 
5.375, -68.375, 3.3606082778666826e-22, nan 
5.625, -68.375, 2.0536648249266764e-22, nan 
5.875, -68.375, 1.4667909044696084e-22, nan 
6.125, -68.375, 5.2837402073048916e-23, nan 
6.375, -68.375, 2.7726202972052966e-23, nan 
6.625, -68.375, 3.710323254528515e-23, nan 
6.875, -68.375, 3.247024087490194e-23, nan 
7.125, -68.375, 3.163992678209082e-23, nan 
7.375, -68.375, 3.945894143244313e-23, nan 
7.625, -68.375, 3.427229835582831e-23, nan 
7.875, -68.375, 2.8224006492830254e-23, nan 
8.125, -68.375, 7.320900635039081e-23, nan 
8.375, -68.375, 8.064216502456851e-23, nan 
8.625, -68.375, 4.1082279398911634e-23, nan 
8.875, -68.375, 9.687719171945458e-23, nan 
9.125, -68.375, 9.503959354117394e-23, nan 
9.375, -68.375, 3.777106913715821e-23, nan 
9.625, -68.375, 5.561602759745589e-23, nan 
9.875, -68.375, 6.329582488312811e-23, nan 
10.125, -68.375, 2.685981803794447e-22, nan 
10.375, -68.375, 4.613080438689326e-22, nan 
10.625, -68.375, 1.8070964569508162e-22, nan 
-57.625, -68.125, 1.4192761068511147e-22, nan 
-57.375, -68.125, 1.5776570029211195e-22, nan 
-57.125, -68.125, 1.4629092807190932e-22, nan 
-56.875, -68.125, 8.508362017932083e-23, nan 
-56.625, -68.125, 6.488858806559906e-23, nan 
-56.375, -68.125, 5.938052601351848e-23, nan 
-56.125, -68.125, 7.313601692498113e-23, nan 
-55.875, -68.125, 1.0644303412323932e-22, nan 
-55.625, -68.125, 8.510855653757508e-23, nan 
-55.375, -68.125, 1.2139685257448829e-22, nan 
-55.125, -68.125, 1.073384866397377e-22, nan 
-54.875, -68.125, 1.0163084393880665e-22, nan 
-54.625, -68.125, 1.4915690155427545e-22, nan 
-54.375, -68.125, 1.6362605452808077e-22, nan 
-54.125, -68.125, 6.165585498179814e-23, nan 
-53.875, -68.125, 8.931184695273998e-23, nan 
-53.625, -68.125, 1.2109567876162014e-22, nan 
-53.375, -68.125, 8.833286528148462e-23, nan 
-53.125, -68.125, 1.0054750748881819e-22, nan 
-52.875, -68.125, 8.494979528563654e-23, nan 
-52.625, -68.125, 1.220531332943773e-22, nan 
-52.375, -68.125, 1.9784763966033238e-22, nan 
-52.125, -68.125, 3.025755806183119e-22, nan 
-51.875, -68.125, 2.784447802902175e-22, nan 
-51.625, -68.125, 3.2916312644037654e-22, nan 
-51.375, -68.125, 4.1230973708504963e-22, nan 
-51.125, -68.125, 3.428542325721668e-22, nan 
-50.875, -68.125, 2.8711519863904187e-22, nan 
-50.625, -68.125, 3.2371397920864096e-22, nan 
-50.375, -68.125, 3.805796767847017e-22, nan 
-50.125, -68.125, 2.8459069566950532e-22, nan 
-49.875, -68.125, 3.4825669399007714e-22, nan 
-49.625, -68.125, 4.620216243170519e-22, nan 
-49.375, -68.125, 2.9897079644259525e-22, nan 
-49.125, -68.125, 2.3882615968539096e-22, nan 
-48.875, -68.125, 1.6000977520956025e-22, nan 
-48.625, -68.125, 9.312172539608497e-23, nan 
-48.375, -68.125, 2.294005883351539e-22, nan 
-48.125, -68.125, 3.4468077222101444e-22, nan 
-47.875, -68.125, 1.0914965278638348e-22, nan 
-47.625, -68.125, 1.71385327715104e-22, nan 
-47.375, -68.125, 3.503049558946464e-22, nan 
-47.125, -68.125, 2.19672359108721e-22, nan 
-46.875, -68.125, 2.4687283515904116e-22, nan 
-46.625, -68.125, 4.1942090134823203e-22, nan 
-46.375, -68.125, 3.7754595980882995e-22, nan 
-46.125, -68.125, 3.0004329247575837e-22, nan 
-45.875, -68.125, 3.4068997243593416e-22, nan 
-45.625, -68.125, 4.438989647904039e-22, nan 
-45.375, -68.125, 4.253263439080979e-22, nan 
-45.125, -68.125, 9.38576655692553e-22, nan 
-44.875, -68.125, 3.743676998173531e-22, nan 
-44.625, -68.125, 6.339342654155421e-22, nan 
-44.375, -68.125, 7.079563511353622e-22, nan 
-44.125, -68.125, 4.817945560803255e-22, nan 
-43.875, -68.125, 4.504992961407605e-22, nan 
-43.625, -68.125, 2.9233806195915366e-22, nan 
-43.375, -68.125, 3.901232945710179e-22, nan 
-43.125, -68.125, 4.910123317950659e-22, nan 
-42.875, -68.125, 5.872915919526834e-22, nan 
-42.625, -68.125, 5.527870800755732e-22, nan 
-42.375, -68.125, 4.939644033072266e-22, nan 
-42.125, -68.125, 4.384684039390245e-22, nan 
-41.875, -68.125, 6.320680382730403e-22, nan 
-41.625, -68.125, 5.201002845646944e-22, nan 
-41.375, -68.125, 1.8226919485945803e-22, nan 
-41.125, -68.125, 3.3162628424406267e-22, nan 
-40.875, -68.125, 3.327833606002117e-22, nan 
-40.625, -68.125, 2.8260433477230006e-22, nan 
-40.375, -68.125, 2.634118141083638e-22, nan 
-40.125, -68.125, 2.6272031921275705e-22, nan 
-39.875, -68.125, 2.7600861652789235e-22, nan 
-39.625, -68.125, 2.8610508429993373e-22, nan 
-39.375, -68.125, 6.042477927383612e-22, nan 
-39.125, -68.125, 1.5535930852138164e-21, nan 
-38.875, -68.125, 2.0221866882540223e-21, nan 
-38.625, -68.125, 1.8210415873894505e-21, nan 
-38.375, -68.125, 1.4329511627282684e-21, nan 
-38.125, -68.125, 1.994599131394214e-21, nan 
-37.875, -68.125, 3.2904792368259405e-21, nan 
-37.625, -68.125, 2.942901447392118e-21, nan 
-37.375, -68.125, 3.79284752199037e-21, nan 
-37.125, -68.125, 5.023284941264135e-21, nan 
-36.875, -68.125, 6.92413095400227e-21, nan 
-36.625, -68.125, 1.4016233094259328e-20, nan 
-36.375, -68.125, 2.437462762243164e-20, nan 
-36.125, -68.125, 3.5052602160161275e-20, nan 
-35.875, -68.125, 1.081130090160077e-20, nan 
-35.625, -68.125, 9.460684859172282e-21, nan 
-35.375, -68.125, 8.578750132741516e-21, nan 
-35.125, -68.125, 8.580405821528704e-21, nan 
-34.875, -68.125, 9.104909730710572e-21, nan 
-34.625, -68.125, 8.215576851426024e-21, nan 
-34.375, -68.125, 9.098210936719782e-21, nan 
-34.125, -68.125, 8.04802968706549e-21, nan 
-33.875, -68.125, 8.489258319766129e-21, nan 
-33.625, -68.125, 6.283279857637673e-21, nan 
-33.375, -68.125, 6.771139669182882e-21, nan 
-33.125, -68.125, 6.3097061966775425e-21, nan 
-32.875, -68.125, 6.17978155452973e-21, nan 
-32.625, -68.125, 5.772247956128007e-21, nan 
-32.375, -68.125, 5.190596321042285e-21, nan 
-32.125, -68.125, 4.25002069410809e-21, nan 
-31.875, -68.125, 3.770145354630884e-21, nan 
-31.625, -68.125, 3.190113100663974e-21, nan 
-31.375, -68.125, 2.345670675870473e-21, nan 
-31.125, -68.125, 1.9054760398983916e-21, nan 
-30.875, -68.125, 3.1833938760015885e-21, nan 
-30.625, -68.125, 2.4883889449513693e-21, nan 
-30.375, -68.125, 9.3670567619898e-22, nan 
-30.125, -68.125, 1.064467586672467e-21, nan 
-29.875, -68.125, 1.388844229047177e-21, nan 
-29.625, -68.125, 1.4370088809808276e-21, nan 
-29.375, -68.125, 1.0479743091634768e-21, nan 
-29.125, -68.125, 1.0181724276547061e-21, nan 
-28.875, -68.125, 1.5979753661376085e-21, nan 
-28.625, -68.125, 1.2099499358428697e-21, nan 
-28.375, -68.125, 7.783653075757629e-22, nan 
-28.125, -68.125, 5.5080173564496255e-22, nan 
-27.875, -68.125, 1.0585646817437894e-21, nan 
-27.625, -68.125, 8.21961185530141e-22, nan 
-27.375, -68.125, 6.454253160170442e-22, nan 
-27.125, -68.125, 7.900090460194488e-22, nan 
-26.875, -68.125, 7.897683959776778e-22, nan 
-26.625, -68.125, 1.4914023892039056e-21, nan 
-26.375, -68.125, 3.014501869675168e-21, nan 
-26.125, -68.125, 3.2054952610567477e-21, nan 
-25.875, -68.125, 3.209154780192958e-21, nan 
-25.625, -68.125, 3.04691158154267e-21, nan 
-25.375, -68.125, 2.8384576456628158e-21, nan 
-25.125, -68.125, 2.269055242375251e-21, nan 
-24.875, -68.125, 8.389035085428695e-22, nan 
-24.625, -68.125, 5.00411784359849e-22, nan 
-24.375, -68.125, 5.719160591689265e-22, nan 
-24.125, -68.125, 6.289079632171058e-22, nan 
-23.875, -68.125, 8.128446195699602e-22, nan 
-23.625, -68.125, 3.0017751679656315e-22, nan 
-23.375, -68.125, 6.9229503976408e-22, nan 
-23.125, -68.125, 1.5176049686787004e-21, nan 
-22.875, -68.125, 9.692760125683714e-22, nan 
-22.625, -68.125, 8.344762366699867e-22, nan 
-22.375, -68.125, 1.5099635226512243e-21, nan 
-22.125, -68.125, 8.127738050467262e-22, nan 
-21.875, -68.125, 5.8042948864631905e-22, nan 
-21.625, -68.125, 5.4419422851330995e-22, nan 
-21.375, -68.125, 2.5409536589167145e-22, nan 
-21.125, -68.125, 1.8025335988680496e-22, nan 
-20.875, -68.125, 2.167450859673044e-22, nan 
-20.625, -68.125, 2.4837753657953777e-22, nan 
-20.375, -68.125, 2.336388282882989e-22, nan 
-20.125, -68.125, 1.4298378062214433e-22, nan 
-19.875, -68.125, 1.29297948949509e-22, nan 
-19.625, -68.125, 2.145664275791995e-22, nan 
-19.375, -68.125, 1.9231716414288192e-22, nan 
-19.125, -68.125, 1.6408157356279266e-22, nan 
-18.875, -68.125, 1.4192307983203329e-22, nan 
-18.625, -68.125, 1.8206736140203853e-22, nan 
-18.375, -68.125, 1.4419560443159063e-22, nan 
-18.125, -68.125, 1.5864172235498109e-22, nan 
-17.875, -68.125, 1.7844869909117411e-22, nan 
-17.625, -68.125, 1.6230674166815795e-22, nan 
-17.375, -68.125, 1.4222154470886536e-22, nan 
-17.125, -68.125, 1.7808909555303171e-22, nan 
-16.875, -68.125, 1.8278809125045275e-22, nan 
-16.625, -68.125, 1.6253375709076414e-22, nan 
-16.375, -68.125, 1.6793347844817886e-22, nan 
-16.125, -68.125, 1.0050982990595274e-22, nan 
-15.875, -68.125, 8.724493222764669e-23, nan 
-15.625, -68.125, 1.348559652539508e-22, nan 
-15.375, -68.125, 7.678694625912158e-23, nan 
-15.125, -68.125, 2.853784819046608e-22, nan 
-14.875, -68.125, 4.301692468187172e-22, nan 
-14.625, -68.125, 4.837293635533858e-22, nan 
-14.375, -68.125, 3.7171936787536e-22, nan 
-14.125, -68.125, 4.285811550474144e-22, nan 
-13.875, -68.125, 3.8938056137142336e-22, nan 
-13.625, -68.125, 3.3527521959629627e-22, nan 
-13.375, -68.125, 4.700100155041711e-22, nan 
-13.125, -68.125, 3.7443493675398926e-22, nan 
-12.875, -68.125, 1.0987792285151275e-22, nan 
-12.625, -68.125, 7.182693183517177e-23, nan 
-12.375, -68.125, 6.622410098664737e-23, nan 
-12.125, -68.125, 2.5696665548967413e-23, nan 
-11.875, -68.125, 3.544566073176493e-23, nan 
-11.625, -68.125, 7.134008295447743e-23, nan 
-11.375, -68.125, 8.16897300738658e-23, nan 
-11.125, -68.125, 8.85012399295874e-23, nan 
-10.875, -68.125, 9.1707742261403e-23, nan 
-10.625, -68.125, 7.420120236390561e-23, nan 
-10.375, -68.125, 5.1841757167370324e-23, nan 
-10.125, -68.125, 4.0768564222582316e-23, nan 
-9.875, -68.125, 3.276585501155288e-23, nan 
-9.625, -68.125, 2.7367864529740565e-23, nan 
-9.375, -68.125, 3.124879837030602e-23, nan 
-9.125, -68.125, 5.624934673790291e-23, nan 
-8.875, -68.125, 5.504427457714927e-23, nan 
-8.625, -68.125, 5.22057079227584e-23, nan 
-8.375, -68.125, 6.326998564934343e-23, nan 
-8.125, -68.125, 6.781300074922184e-23, nan 
-7.875, -68.125, 5.8480534238281e-23, nan 
-7.625, -68.125, 6.64580644907846e-23, nan 
-7.375, -68.125, 3.8268291188531676e-23, nan 
-7.125, -68.125, 1.5131490313576418e-23, nan 
-6.875, -68.125, 4.9524318408694626e-23, nan 
-6.625, -68.125, 5.42195536816934e-23, nan 
-6.375, -68.125, 7.476108579643515e-23, nan 
-6.125, -68.125, 7.264738420468412e-23, nan 
-5.875, -68.125, 4.247524507705033e-23, nan 
-5.625, -68.125, 2.2047104109261265e-23, nan 
-5.375, -68.125, 4.742752568044852e-23, nan 
-5.125, -68.125, 1.0674782283332115e-22, nan 
-4.875, -68.125, 1.0552012262674057e-22, nan 
-4.625, -68.125, 1.2045562924552441e-22, nan 
-4.375, -68.125, 1.2668578705888561e-22, nan 
-4.125, -68.125, 1.3685782175841152e-22, nan 
-3.875, -68.125, 1.3871830354720222e-22, nan 
-3.625, -68.125, 6.749446310823533e-23, nan 
-3.375, -68.125, 1.2313803414953872e-22, nan 
-3.125, -68.125, 8.313588640332541e-23, nan 
-2.875, -68.125, 4.6541841064241156e-23, nan 
-2.625, -68.125, 8.688899419614232e-23, nan 
-2.375, -68.125, 5.652247188412803e-23, nan 
-2.125, -68.125, 4.783788868217354e-23, nan 
-1.875, -68.125, 3.372857272722451e-23, nan 
-1.625, -68.125, 3.2817187688934606e-23, nan 
-1.375, -68.125, 2.7831626314677854e-23, nan 
-1.125, -68.125, 3.728329254510717e-23, nan 
-0.875, -68.125, 3.729821096777315e-23, nan 
-0.625, -68.125, 2.784708590094884e-23, nan 
-0.375, -68.125, 2.6373697454888957e-23, nan 
-0.125, -68.125, 7.450952678550821e-23, nan 
0.125, -68.125, 7.333826446133042e-23, nan 
0.375, -68.125, 1.6896688534830472e-22, nan 
0.625, -68.125, 2.882641656865686e-22, nan 
0.875, -68.125, 1.4541957399686368e-22, nan 
1.125, -68.125, 2.6534486044102594e-22, nan 
1.375, -68.125, 4.472910818027616e-22, nan 
1.625, -68.125, 2.845228984672921e-22, nan 
1.875, -68.125, 1.7778694209107766e-22, nan 
2.125, -68.125, 2.232534693599049e-22, nan 
2.375, -68.125, 9.570168766522796e-23, nan 
2.625, -68.125, 1.188772101668997e-22, nan 
2.875, -68.125, 1.3349615689565459e-22, nan 
3.125, -68.125, 4.2006626809658234e-23, nan 
3.375, -68.125, 6.634847902477156e-23, nan 
3.625, -68.125, 3.069619906320109e-23, nan 
3.875, -68.125, 3.281699816958615e-23, nan 
4.125, -68.125, 2.652216669290163e-23, nan 
4.375, -68.125, 2.851954573789186e-23, nan 
4.625, -68.125, 2.358500251820011e-22, nan 
4.875, -68.125, 2.0463856348592899e-22, nan 
5.125, -68.125, 1.2584954975019542e-22, nan 
5.375, -68.125, 4.558638900476478e-23, nan 
5.625, -68.125, 2.249012037278402e-23, nan 
5.875, -68.125, 3.129971705515121e-23, nan 
6.125, -68.125, 4.0174902173382053e-23, nan 
6.375, -68.125, 2.6918568876775215e-23, nan 
6.625, -68.125, 6.675389690005164e-23, nan 
6.875, -68.125, 5.854218705332564e-23, nan 
7.125, -68.125, 3.187063161010174e-23, nan 
7.375, -68.125, 4.559791878006891e-23, nan 
7.625, -68.125, 3.5489070698821924e-23, nan 
7.875, -68.125, 2.5623813667313614e-23, nan 
8.125, -68.125, 3.4839981088735175e-23, nan 
8.375, -68.125, 3.0831559853216657e-23, nan 
8.625, -68.125, 5.151150108834172e-23, nan 
8.875, -68.125, 5.017665036235295e-23, nan 
9.125, -68.125, 3.590906121597055e-23, nan 
9.375, -68.125, 4.39302180993961e-23, nan 
9.625, -68.125, 3.9963724428830506e-23, nan 
9.875, -68.125, 4.4487935390407063e-23, nan 
10.125, -68.125, 2.3416884149327996e-23, nan 
10.375, -68.125, 4.325765050302831e-23, nan 
-56.875, -67.875, 1.3045468011839394e-22, nan 
-56.625, -67.875, 4.826364545921355e-23, nan 
-56.375, -67.875, 2.734979455960809e-23, nan 
-56.125, -67.875, 9.207512727836506e-23, nan 
-55.875, -67.875, 1.6748649829573745e-22, nan 
-55.625, -67.875, 9.726722274569568e-23, nan 
-55.375, -67.875, 1.144908682924234e-22, nan 
-55.125, -67.875, 1.178993167153848e-22, nan 
-54.875, -67.875, 1.1197534139065083e-22, nan 
-54.625, -67.875, 1.2096334628300658e-22, nan 
-54.375, -67.875, 1.0861703209872337e-22, nan 
-54.125, -67.875, 7.666583833679519e-23, nan 
-53.875, -67.875, 4.8121229726379235e-23, nan 
-53.625, -67.875, 1.0397761575039317e-22, nan 
-53.375, -67.875, 1.0317975075785852e-22, nan 
-53.125, -67.875, 1.0533791139720885e-22, nan 
-52.875, -67.875, 8.645925472548521e-23, nan 
-52.625, -67.875, 2.232939505400688e-22, nan 
-52.375, -67.875, 3.5271921188685126e-22, nan 
-52.125, -67.875, 4.773409999424491e-22, nan 
-51.875, -67.875, 3.619687280305485e-22, nan 
-51.625, -67.875, 3.921848535176026e-22, nan 
-51.375, -67.875, 4.6902957524834725e-22, nan 
-51.125, -67.875, 3.1878322710897223e-22, nan 
-50.875, -67.875, 2.2079328924606866e-22, nan 
-50.625, -67.875, 1.8523587028396146e-22, nan 
-50.375, -67.875, 1.680929815400408e-22, nan 
-50.125, -67.875, 2.6402470939614793e-22, nan 
-49.875, -67.875, 3.6955187399551656e-22, nan 
-49.625, -67.875, 3.958800793409467e-22, nan 
-49.375, -67.875, 2.71457345248447e-22, nan 
-49.125, -67.875, 3.6032445079051336e-22, nan 
-48.875, -67.875, 3.198398679089282e-22, nan 
-48.625, -67.875, 2.469621767181331e-22, nan 
-48.375, -67.875, 3.902454905180796e-22, nan 
-48.125, -67.875, 5.005059692415171e-22, nan 
-47.875, -67.875, 2.654459721159765e-22, nan 
-47.625, -67.875, 3.891152043463597e-22, nan 
-47.375, -67.875, 4.997592249847181e-22, nan 
-47.125, -67.875, 3.399198282616922e-22, nan 
-46.875, -67.875, 2.3413859608900112e-21, nan 
-46.625, -67.875, 2.3241516547755654e-21, nan 
-46.375, -67.875, 2.2822317487788038e-21, nan 
-46.125, -67.875, 2.362267237920433e-21, nan 
-45.875, -67.875, 2.6479168220689383e-21, nan 
-45.625, -67.875, 1.9973206804901595e-21, nan 
-45.375, -67.875, 1.91071511027478e-21, nan 
-45.125, -67.875, 2.002408627252147e-21, nan 
-44.875, -67.875, 3.0016871267976403e-21, nan 
-44.625, -67.875, 3.0192943597365277e-21, nan 
-44.375, -67.875, 3.0404148414382497e-21, nan 
-44.125, -67.875, 3.3587757830174556e-21, nan 
-43.875, -67.875, 3.463401287448698e-21, nan 
-43.625, -67.875, 3.682585570066125e-21, nan 
-43.375, -67.875, 2.417334846116925e-21, nan 
-43.125, -67.875, 2.330228726216554e-21, nan 
-42.875, -67.875, 8.123204089857046e-22, nan 
-42.625, -67.875, 1.1983667803504164e-21, nan 
-42.375, -67.875, 6.725873693124912e-22, nan 
-42.125, -67.875, 6.003438330740652e-22, nan 
-41.875, -67.875, 1.0129049929054598e-21, nan 
-41.625, -67.875, 1.2451364886960789e-21, nan 
-41.375, -67.875, 4.193774963665556e-22, nan 
-41.125, -67.875, 8.416946467603402e-22, nan 
-40.875, -67.875, 5.475236440278741e-22, nan 
-40.625, -67.875, 6.195268448467178e-22, nan 
-40.375, -67.875, 4.985721863951798e-22, nan 
-40.125, -67.875, 6.199926850675664e-22, nan 
-39.875, -67.875, 7.108603753034584e-22, nan 
-39.625, -67.875, 5.8812492240919e-22, nan 
-39.375, -67.875, 3.1842567258308845e-22, nan 
-39.125, -67.875, 5.79602570418959e-22, nan 
-38.875, -67.875, 1.1686437258610815e-21, nan 
-38.625, -67.875, 7.451888771655594e-22, nan 
-38.375, -67.875, 1.0783067414787208e-21, nan 
-38.125, -67.875, 2.039597082827644e-21, nan 
-37.875, -67.875, 2.8832395853478808e-21, nan 
-37.625, -67.875, 1.5524872403937568e-21, nan 
-37.375, -67.875, 3.007809391412904e-21, nan 
-37.125, -67.875, 5.344119942599984e-21, nan 
-36.875, -67.875, 4.787945810481455e-21, nan 
-36.625, -67.875, 5.839510406294229e-21, nan 
-36.375, -67.875, 8.414843437330174e-21, nan 
-36.125, -67.875, 8.258535734278246e-21, nan 
-35.875, -67.875, 9.447448014163507e-21, nan 
-35.625, -67.875, 8.409330273706887e-21, nan 
-35.375, -67.875, 6.0314189199710495e-21, nan 
-35.125, -67.875, 5.801042417179488e-21, nan 
-34.875, -67.875, 5.233870505255256e-21, nan 
-34.625, -67.875, 5.736311993263059e-21, nan 
-34.375, -67.875, 5.094436200952246e-21, nan 
-34.125, -67.875, 6.32406916274749e-21, nan 
-33.875, -67.875, 5.762009392689474e-21, nan 
-33.625, -67.875, 4.673840759350474e-21, nan 
-33.375, -67.875, 5.247227024080281e-21, nan 
-33.125, -67.875, 3.824989059190208e-21, nan 
-32.875, -67.875, 3.453386525509125e-21, nan 
-32.625, -67.875, 2.286773215481917e-21, nan 
-32.375, -67.875, 1.857835082449167e-21, nan 
-32.125, -67.875, 1.9868185462215503e-21, nan 
-31.875, -67.875, 1.876816694321214e-21, nan 
-31.625, -67.875, 1.851236536036293e-21, nan 
-31.375, -67.875, 1.5062422232508565e-21, nan 
-31.125, -67.875, 1.375728339293128e-21, nan 
-30.875, -67.875, 1.495916841788136e-21, nan 
-30.625, -67.875, 1.3779775663217071e-21, nan 
-30.375, -67.875, 1.0278469426964728e-21, nan 
-30.125, -67.875, 9.144456986075422e-22, nan 
-29.875, -67.875, 8.822126627562287e-22, nan 
-29.625, -67.875, 6.338906352109773e-22, nan 
-29.375, -67.875, 3.016820450742647e-22, nan 
-29.125, -67.875, 3.3615157579339717e-22, nan 
-28.875, -67.875, 5.234826302194378e-22, nan 
-28.625, -67.875, 1.0573737291893085e-21, nan 
-28.375, -67.875, 5.553327215317265e-22, nan 
-28.125, -67.875, 6.735965177043275e-22, nan 
-27.875, -67.875, 7.978850695896595e-22, nan 
-27.625, -67.875, 6.05814533997364e-22, nan 
-27.375, -67.875, 6.831373311825856e-22, nan 
-27.125, -67.875, 4.665780458120464e-22, nan 
-26.875, -67.875, 8.88913168904903e-22, nan 
-26.625, -67.875, 9.722625826932457e-22, nan 
-26.375, -67.875, 1.1960089603636516e-21, nan 
-26.125, -67.875, 1.1894027367948293e-21, nan 
-25.875, -67.875, 1.1547333897528563e-21, nan 
-25.625, -67.875, 1.1465315683090362e-21, nan 
-25.375, -67.875, 5.409686892646148e-22, nan 
-25.125, -67.875, 2.8281206664535366e-22, nan 
-24.875, -67.875, 4.402271278595506e-22, nan 
-24.625, -67.875, 4.715462302982185e-22, nan 
-24.375, -67.875, 5.260181932291021e-22, nan 
-24.125, -67.875, 5.169272841255875e-22, nan 
-23.875, -67.875, 5.649437275537145e-22, nan 
-23.625, -67.875, 6.942388773272815e-22, nan 
-23.375, -67.875, 7.711490141337981e-22, nan 
-23.125, -67.875, 1.3929206868908093e-21, nan 
-22.875, -67.875, 1.044942228749585e-21, nan 
-22.625, -67.875, 7.897863067914537e-22, nan 
-22.375, -67.875, 9.650003222891869e-22, nan 
-22.125, -67.875, 5.284452099598229e-22, nan 
-21.875, -67.875, 3.585045167879738e-22, nan 
-21.625, -67.875, 1.593779466841371e-22, nan 
-21.375, -67.875, 1.590502356208622e-22, nan 
-21.125, -67.875, 2.1131741054957845e-22, nan 
-20.875, -67.875, 2.4497292378050327e-22, nan 
-20.625, -67.875, 2.0406322389649347e-22, nan 
-20.375, -67.875, 1.6244797561185314e-22, nan 
-20.125, -67.875, 1.5010511811763258e-22, nan 
-19.875, -67.875, 9.358279638999182e-23, nan 
-19.625, -67.875, 1.9164646491859678e-22, nan 
-19.375, -67.875, 1.8414242248635758e-22, nan 
-19.125, -67.875, 2.954668658564464e-22, nan 
-18.875, -67.875, 1.136191673424043e-22, nan 
-18.625, -67.875, 1.4049439426841504e-22, nan 
-18.375, -67.875, 1.2663092696930317e-22, nan 
-18.125, -67.875, 1.2885364446218647e-22, nan 
-17.875, -67.875, 1.0811878463817505e-22, nan 
-17.625, -67.875, 9.828704528690392e-23, nan 
-17.375, -67.875, 1.194177484942004e-22, nan 
-17.125, -67.875, 1.6310657998586695e-22, nan 
-16.875, -67.875, 1.5647588636859905e-22, nan 
-16.625, -67.875, 1.3046064973009824e-22, nan 
-16.375, -67.875, 1.0967480894695042e-22, nan 
-16.125, -67.875, 1.2470564360383703e-22, nan 
-15.875, -67.875, 9.268241846421632e-23, nan 
-15.625, -67.875, 7.356797903230119e-23, nan 
-15.375, -67.875, 7.860315814507089e-23, nan 
-15.125, -67.875, 6.266830601965862e-23, nan 
-14.875, -67.875, 8.996833745010807e-23, nan 
-14.625, -67.875, 8.637031392900075e-23, nan 
-14.375, -67.875, 1.273045165031788e-22, nan 
-14.125, -67.875, 1.8372080082009382e-22, nan 
-13.875, -67.875, 1.3056575931800148e-22, nan 
-13.625, -67.875, 9.653233662787293e-23, nan 
-13.375, -67.875, 3.2263639555106753e-23, nan 
-13.125, -67.875, 5.685125995774544e-23, nan 
-12.875, -67.875, 1.6007052227544145e-23, nan 
-12.625, -67.875, 3.575646717940329e-23, nan 
-12.375, -67.875, 6.917264769921781e-23, nan 
-12.125, -67.875, 7.514319787137092e-23, nan 
-11.875, -67.875, 1.0845070125060732e-22, nan 
-11.625, -67.875, 9.54906951697389e-23, nan 
-11.375, -67.875, 7.433002717314915e-23, nan 
-11.125, -67.875, 7.708774757660554e-23, nan 
-10.875, -67.875, 5.808854802121288e-23, nan 
-10.625, -67.875, 4.344216666602408e-23, nan 
-10.375, -67.875, 4.6132478867002294e-23, nan 
-10.125, -67.875, 5.373304715634391e-23, nan 
-9.875, -67.875, 3.973405276367005e-23, nan 
-9.625, -67.875, 5.47697757297505e-23, nan 
-9.375, -67.875, 5.179969028346648e-23, nan 
-9.125, -67.875, 2.334405117543238e-23, nan 
-8.875, -67.875, 5.647364802860559e-23, nan 
-8.625, -67.875, 8.71615328902517e-23, nan 
-8.375, -67.875, 6.635451341087349e-23, nan 
-8.125, -67.875, 4.662982998711141e-23, nan 
-7.875, -67.875, 6.285323519196777e-23, nan 
-7.625, -67.875, 5.715339966735282e-23, nan 
-7.375, -67.875, 4.366072762129448e-23, nan 
-7.125, -67.875, 4.573428790053093e-23, nan 
-6.875, -67.875, 5.694440661606019e-23, nan 
-6.625, -67.875, 3.128024221231486e-23, nan 
-6.375, -67.875, 8.392169348471808e-23, nan 
-6.125, -67.875, 6.780952861612027e-23, nan 
-5.875, -67.875, 4.420613681562238e-23, nan 
-5.625, -67.875, 2.952864076033729e-23, nan 
-5.375, -67.875, 3.368561991804901e-23, nan 
-5.125, -67.875, 3.7795893782594364e-23, nan 
-4.875, -67.875, 1.932390942396894e-23, nan 
-4.625, -67.875, 5.963584142364745e-23, nan 
-4.375, -67.875, 7.865779561487285e-23, nan 
-4.125, -67.875, 9.932255277577701e-23, nan 
-3.875, -67.875, 9.471298335042453e-23, nan 
-3.625, -67.875, 6.769684972151953e-23, nan 
-3.375, -67.875, 8.115094050986493e-23, nan 
-3.125, -67.875, 7.355978663543191e-23, nan 
-2.875, -67.875, 3.9252524948589396e-23, nan 
-2.625, -67.875, 7.732973754276738e-23, nan 
-2.375, -67.875, 3.913139507619707e-23, nan 
-2.125, -67.875, 3.900666251743311e-23, nan 
-1.875, -67.875, 6.493029493527662e-23, nan 
-1.625, -67.875, 4.3375201035805367e-23, nan 
-1.375, -67.875, 2.2559314338817744e-23, nan 
-1.125, -67.875, 2.672199431506597e-23, nan 
-0.875, -67.875, 5.562744747495413e-23, nan 
-0.625, -67.875, 6.174945151455753e-23, nan 
-0.375, -67.875, 6.233945684607201e-23, nan 
-0.125, -67.875, 6.932661971334908e-23, nan 
0.125, -67.875, 5.930385991658246e-23, nan 
0.375, -67.875, 7.164833819826114e-23, nan 
0.625, -67.875, 6.500333551438174e-23, nan 
0.875, -67.875, 9.81010408189065e-23, nan 
1.125, -67.875, 1.888279888837632e-22, nan 
1.375, -67.875, 2.781982497337542e-22, nan 
1.625, -67.875, 1.76712258087651e-22, nan 
1.875, -67.875, 1.6539500458396985e-22, nan 
2.125, -67.875, 1.9514152819662912e-22, nan 
2.375, -67.875, 1.1591682997460483e-22, nan 
2.625, -67.875, 1.0908727096048197e-22, nan 
2.875, -67.875, 1.4166991910521046e-22, nan 
3.125, -67.875, 6.886636741128992e-23, nan 
3.375, -67.875, 2.4904492721723725e-23, nan 
3.625, -67.875, 2.0739947477324584e-23, nan 
3.875, -67.875, 1.4516730703996784e-23, nan 
4.125, -67.875, 1.339410789012677e-23, nan 
4.375, -67.875, 1.8761335390209652e-23, nan 
4.625, -67.875, 1.6857489467794242e-23, nan 
4.875, -67.875, 1.4737980196699138e-23, nan 
5.125, -67.875, 2.1075330685060102e-23, nan 
5.375, -67.875, 1.9897514943816434e-23, nan 
5.625, -67.875, 2.7130744523856954e-23, nan 
5.875, -67.875, 4.011894534222112e-23, nan 
6.125, -67.875, 4.820668585870022e-23, nan 
6.375, -67.875, 2.8462650312674276e-23, nan 
6.625, -67.875, 6.226382425290291e-23, nan 
6.875, -67.875, 5.959534138131833e-23, nan 
7.125, -67.875, 2.4155276758395416e-23, nan 
7.375, -67.875, 3.5891264282027786e-23, nan 
7.625, -67.875, 1.7138155840643165e-23, nan 
7.875, -67.875, 2.2151328589913759e-23, nan 
8.125, -67.875, 3.018758995196814e-23, nan 
8.375, -67.875, 3.878767560166324e-23, nan 
8.625, -67.875, 3.131767456946705e-23, nan 
8.875, -67.875, 2.4952052878409826e-23, nan 
9.125, -67.875, 3.588137575765569e-23, nan 
9.375, -67.875, 2.3799597442718902e-23, nan 
9.625, -67.875, 1.477876767702045e-23, nan 
9.875, -67.875, 1.8604134742843673e-23, nan 
10.125, -67.875, 1.4098805763351115e-23, nan 
10.375, -67.875, 3.916575981543675e-23, nan 
-56.125, -67.625, 5.953113721684642e-23, nan 
-55.875, -67.625, 1.903810633084869e-22, nan 
-55.625, -67.625, 1.3460372234166584e-22, nan 
-55.375, -67.625, 7.101712398162383e-23, nan 
-55.125, -67.625, 2.0205150667389829e-22, nan 
-54.875, -67.625, 1.6113281287366475e-22, nan 
-54.625, -67.625, 8.961746951105645e-23, nan 
-54.375, -67.625, 7.081882432944017e-23, nan 
-54.125, -67.625, 1.1315067976952588e-22, nan 
-53.875, -67.625, 7.076718388715355e-23, nan 
-53.625, -67.625, 8.809560236461186e-23, nan 
-53.375, -67.625, 1.1188384420807372e-22, nan 
-53.125, -67.625, 1.5035533076756618e-22, nan 
-52.875, -67.625, 1.8832990032346339e-22, nan 
-52.625, -67.625, 2.577328587555516e-22, nan 
-52.375, -67.625, 3.1367559385874166e-22, nan 
-52.125, -67.625, 4.2266999784744113e-22, nan 
-51.875, -67.625, 3.4995237467798673e-22, nan 
-51.625, -67.625, 3.026075424722713e-22, nan 
-51.375, -67.625, 3.467147122614298e-22, nan 
-51.125, -67.625, 3.002727409249825e-22, nan 
-50.875, -67.625, 2.780717353756021e-22, nan 
-50.625, -67.625, 1.459816056059793e-22, nan 
-50.375, -67.625, 2.6594890413948736e-22, nan 
-50.125, -67.625, 3.418054216951703e-22, nan 
-49.875, -67.625, 3.962589307168432e-22, nan 
-49.625, -67.625, 4.661323731540016e-22, nan 
-49.375, -67.625, 3.5185346019410505e-22, nan 
-49.125, -67.625, 3.179356639049591e-22, nan 
-48.875, -67.625, 4.0180809563985283e-22, nan 
-48.625, -67.625, 2.3878247322636247e-22, nan 
-48.375, -67.625, 3.068549338899972e-22, nan 
-48.125, -67.625, 4.659678124150609e-22, nan 
-47.875, -67.625, 9.02521811468309e-22, nan 
-47.625, -67.625, 2.6521565536809103e-21, nan 
-47.375, -67.625, 2.9487826163677517e-21, nan 
-47.125, -67.625, 4.0536327342573614e-21, nan 
-46.875, -67.625, 3.603237202842757e-21, nan 
-46.625, -67.625, 3.7193837642764074e-21, nan 
-46.375, -67.625, 3.767214532147508e-21, nan 
-46.125, -67.625, 3.212984350420609e-21, nan 
-45.875, -67.625, 3.311171435622261e-21, nan 
-45.625, -67.625, 3.0252928842311165e-21, nan 
-45.375, -67.625, 3.193647465517181e-21, nan 
-45.125, -67.625, 3.2940537861035013e-21, nan 
-44.875, -67.625, 3.7243675341541876e-21, nan 
-44.625, -67.625, 3.788249799167025e-21, nan 
-44.375, -67.625, 3.697112204212091e-21, nan 
-44.125, -67.625, 4.322056953680621e-21, nan 
-43.875, -67.625, 4.6817491320431976e-21, nan 
-43.625, -67.625, 5.321758131537304e-21, nan 
-43.375, -67.625, 4.9759001813011785e-21, nan 
-43.125, -67.625, 5.148558127720346e-21, nan 
-42.875, -67.625, 6.463252234798418e-21, nan 
-42.625, -67.625, 3.7300987114538415e-21, nan 
-42.375, -67.625, 3.570938625707979e-21, nan 
-42.125, -67.625, 1.998628619014242e-21, nan 
-41.875, -67.625, 2.4071396281429853e-21, nan 
-41.625, -67.625, 3.55347946176001e-21, nan 
-41.375, -67.625, 2.150599154154123e-21, nan 
-41.125, -67.625, 2.398127738870725e-21, nan 
-40.875, -67.625, 1.991329036058975e-21, nan 
-40.625, -67.625, 9.74793140807888e-22, nan 
-40.375, -67.625, 1.074201219516757e-21, nan 
-40.125, -67.625, 1.030591919551419e-21, nan 
-39.875, -67.625, 9.44354389311813e-22, nan 
-39.625, -67.625, 5.634194790198095e-22, nan 
-39.375, -67.625, 6.42657287422109e-22, nan 
-39.125, -67.625, 5.078656094700089e-22, nan 
-38.875, -67.625, 7.846981043129685e-22, nan 
-38.625, -67.625, 1.216317465089009e-21, nan 
-38.375, -67.625, 2.205952737044407e-21, nan 
-38.125, -67.625, 2.2295368103394216e-21, nan 
-37.875, -67.625, 2.5389996798418313e-21, nan 
-37.625, -67.625, 1.1160272705497955e-21, nan 
-37.375, -67.625, 1.735601787147979e-21, nan 
-37.125, -67.625, 2.0390694660131696e-21, nan 
-36.875, -67.625, 1.4195419738797113e-21, nan 
-36.625, -67.625, 1.5651948246614902e-21, nan 
-36.375, -67.625, 1.6024620479734008e-21, nan 
-36.125, -67.625, 4.182627496788801e-21, nan 
-35.875, -67.625, 3.827476182419532e-21, nan 
-35.625, -67.625, 3.519145024372319e-21, nan 
-35.375, -67.625, 4.6141837342200455e-21, nan 
-35.125, -67.625, 4.756228749852073e-21, nan 
-34.875, -67.625, 6.2300859153597376e-21, nan 
-34.625, -67.625, 6.38213744453692e-21, nan 
-34.375, -67.625, 3.79728689552896e-21, nan 
-34.125, -67.625, 4.621323994289345e-21, nan 
-33.875, -67.625, 4.0535394629679016e-21, nan 
-33.625, -67.625, 3.2391643204495693e-21, nan 
-33.375, -67.625, 3.125536422909906e-21, nan 
-33.125, -67.625, 2.331505938616001e-21, nan 
-32.875, -67.625, 1.6270004966544518e-21, nan 
-32.625, -67.625, 1.1979663818688467e-21, nan 
-32.375, -67.625, 1.7249709024178813e-21, nan 
-32.125, -67.625, 1.520547492848267e-21, nan 
-31.875, -67.625, 1.4484710641785955e-21, nan 
-31.625, -67.625, 1.1423105303674889e-21, nan 
-31.375, -67.625, 1.2423843744424554e-21, nan 
-31.125, -67.625, 1.3188799733914528e-21, nan 
-30.875, -67.625, 7.6741552306821205e-22, nan 
-30.625, -67.625, 8.070643699789162e-22, nan 
-30.375, -67.625, 8.795569994551347e-22, nan 
-30.125, -67.625, 6.8477459937372e-22, nan 
-29.875, -67.625, 7.559372797454388e-22, nan 
-29.625, -67.625, 4.546350230739247e-22, nan 
-29.375, -67.625, 4.973576913531953e-22, nan 
-29.125, -67.625, 4.852413882689656e-22, nan 
-28.875, -67.625, 5.43866399848501e-22, nan 
-28.625, -67.625, 6.758615329024047e-22, nan 
-28.375, -67.625, 6.866306926402078e-22, nan 
-28.125, -67.625, 7.192765960456979e-22, nan 
-27.875, -67.625, 5.958183596289653e-22, nan 
-27.625, -67.625, 5.278317353429786e-22, nan 
-27.375, -67.625, 5.635584204424848e-22, nan 
-27.125, -67.625, 5.214121267880539e-22, nan 
-26.875, -67.625, 4.3296175559363e-22, nan 
-26.625, -67.625, 3.6819965085472597e-22, nan 
-26.375, -67.625, 5.459438693492054e-22, nan 
-26.125, -67.625, 5.954586807036941e-22, nan 
-25.875, -67.625, 5.715213475990803e-22, nan 
-25.625, -67.625, 6.22350193672742e-22, nan 
-25.375, -67.625, 5.05168694127465e-22, nan 
-25.125, -67.625, 4.136088606423403e-22, nan 
-24.875, -67.625, 3.9572494970437353e-22, nan 
-24.625, -67.625, 2.6634060144295776e-22, nan 
-24.375, -67.625, 2.5290289797075896e-22, nan 
-24.125, -67.625, 3.8300426278526107e-22, nan 
-23.875, -67.625, 4.221311153501707e-22, nan 
-23.625, -67.625, 6.348499558099806e-22, nan 
-23.375, -67.625, 6.198877590033656e-22, nan 
-23.125, -67.625, 8.3862259789911065e-22, nan 
-22.875, -67.625, 7.459194230798289e-22, nan 
-22.625, -67.625, 5.324930855432315e-22, nan 
-22.375, -67.625, 1.517921731016055e-22, nan 
-22.125, -67.625, 1.4921906281070633e-22, nan 
-21.875, -67.625, 1.002100891929363e-22, nan 
-21.625, -67.625, 8.249776795861968e-23, nan 
-21.375, -67.625, 5.588598787629316e-23, nan 
-21.125, -67.625, 1.6866750686464586e-22, nan 
-20.875, -67.625, 2.2115153800531156e-22, nan 
-20.625, -67.625, 1.5917474469738386e-22, nan 
-20.375, -67.625, 2.5589136279481666e-22, nan 
-20.125, -67.625, 3.8661012021702065e-22, nan 
-19.875, -67.625, 4.0040267686761895e-22, nan 
-19.625, -67.625, 3.411076725429806e-22, nan 
-19.375, -67.625, 3.29091767168286e-22, nan 
-19.125, -67.625, 3.341608195360834e-22, nan 
-18.875, -67.625, 3.7336210151682177e-23, nan 
-18.625, -67.625, 4.865615641105835e-23, nan 
-18.375, -67.625, 1.789260992882656e-22, nan 
-18.125, -67.625, 2.9039893363243205e-23, nan 
-17.875, -67.625, 7.35455680555208e-23, nan 
-17.625, -67.625, 5.55251053446292e-23, nan 
-17.375, -67.625, 7.487802992879357e-23, nan 
-17.125, -67.625, 1.450392688002881e-22, nan 
-16.875, -67.625, 1.1406679845737352e-22, nan 
-16.625, -67.625, 1.1433367220652078e-22, nan 
-16.375, -67.625, 1.0048951446982181e-22, nan 
-16.125, -67.625, 1.262655231027169e-22, nan 
-15.875, -67.625, 1.1043264143386405e-22, nan 
-15.625, -67.625, 8.864815362555451e-23, nan 
-15.375, -67.625, 7.861898128155263e-23, nan 
-15.125, -67.625, 1.0427802849164172e-22, nan 
-14.875, -67.625, 8.639926738174757e-23, nan 
-14.625, -67.625, 7.382858826485065e-23, nan 
-14.375, -67.625, 5.872015562844398e-23, nan 
-14.125, -67.625, 5.939599725724957e-23, nan 
-13.875, -67.625, 4.141297268810082e-23, nan 
-13.625, -67.625, 3.451816027626427e-23, nan 
-13.375, -67.625, 6.75973108973275e-23, nan 
-13.125, -67.625, 7.929826494895647e-23, nan 
-12.875, -67.625, 7.832316366777598e-23, nan 
-12.625, -67.625, 6.97974137034599e-23, nan 
-12.375, -67.625, 8.634677411595953e-23, nan 
-12.125, -67.625, 8.723018884190643e-23, nan 
-11.875, -67.625, 8.838485492010298e-23, nan 
-11.625, -67.625, 7.416283910335242e-23, nan 
-11.375, -67.625, 4.593199864901846e-23, nan 
-11.125, -67.625, 3.3423296574226654e-23, nan 
-10.875, -67.625, 3.914365285124934e-23, nan 
-10.625, -67.625, 3.6236462436531354e-23, nan 
-10.375, -67.625, 3.2315152888042023e-23, nan 
-10.125, -67.625, 8.599967946556194e-23, nan 
-9.875, -67.625, 5.0521702294179943e-23, nan 
-9.625, -67.625, 4.0570074575512855e-23, nan 
-9.375, -67.625, 4.7946607677779285e-23, nan 
-9.125, -67.625, 5.407724274078517e-23, nan 
-8.875, -67.625, 3.9177786567557484e-23, nan 
-8.625, -67.625, 6.384654938684596e-23, nan 
-8.375, -67.625, 5.59537903486078e-23, nan 
-8.125, -67.625, 3.103976901704306e-23, nan 
-7.875, -67.625, 2.3466414675903697e-23, nan 
-7.625, -67.625, 3.0733082174637426e-23, nan 
-7.375, -67.625, 6.244782550752345e-23, nan 
-7.125, -67.625, 2.18735381495111e-23, nan 
-6.875, -67.625, 4.0936513169053e-23, nan 
-6.625, -67.625, 3.74342631449457e-23, nan 
-6.375, -67.625, 3.7160357969318025e-23, nan 
-6.125, -67.625, 4.5065311160133245e-23, nan 
-5.875, -67.625, 3.4611701998750715e-23, nan 
-5.625, -67.625, 1.753783148684432e-23, nan 
-5.375, -67.625, 2.7160796609146304e-23, nan 
-5.125, -67.625, 4.182667974494277e-23, nan 
-4.875, -67.625, 6.930139718699797e-23, nan 
-4.625, -67.625, 1.2503731436317028e-23, nan 
-4.375, -67.625, 7.02828222663912e-23, nan 
-4.125, -67.625, 1.3195428473382842e-22, nan 
-3.875, -67.625, 8.455562280654059e-23, nan 
-3.625, -67.625, 4.7645659563452293e-23, nan 
-3.375, -67.625, 3.8047591305895233e-23, nan 
-3.125, -67.625, 1.1202453411497453e-22, nan 
-2.875, -67.625, 5.429451423800788e-23, nan 
-2.625, -67.625, 6.800633184320286e-23, nan 
-2.375, -67.625, 8.454570626126938e-23, nan 
-2.125, -67.625, 7.67930961022776e-23, nan 
-1.875, -67.625, 5.603572165407696e-23, nan 
-1.625, -67.625, 5.733113948903581e-23, nan 
-1.375, -67.625, 3.862191760484993e-23, nan 
-1.125, -67.625, 3.652428046746225e-23, nan 
-0.875, -67.625, 5.368334578597703e-23, nan 
-0.625, -67.625, 4.991831901673921e-23, nan 
-0.375, -67.625, 5.20799603408287e-23, nan 
-0.125, -67.625, 5.139189012044143e-23, nan 
0.125, -67.625, 5.243058331212101e-23, nan 
0.375, -67.625, 5.626599570753784e-23, nan 
0.625, -67.625, 7.269009248686499e-23, nan 
0.875, -67.625, 7.239387282711785e-23, nan 
1.125, -67.625, 6.226555417418224e-23, nan 
1.375, -67.625, 7.04718306964911e-23, nan 
1.625, -67.625, 8.638808428648766e-23, nan 
1.875, -67.625, 9.943432815684206e-23, nan 
2.125, -67.625, 9.099564103589962e-23, nan 
2.375, -67.625, 8.066329525856774e-23, nan 
2.625, -67.625, 8.268461725318628e-23, nan 
2.875, -67.625, 5.544487427749353e-23, nan 
3.125, -67.625, 2.2576472998339255e-23, nan 
3.375, -67.625, 1.3084815682986014e-23, nan 
3.625, -67.625, 1.2371075268603794e-23, nan 
3.875, -67.625, 8.647654639721691e-24, nan 
4.125, -67.625, 1.634329319994489e-23, nan 
4.375, -67.625, 2.1718999688529798e-23, nan 
4.625, -67.625, 1.2847891110778815e-23, nan 
4.875, -67.625, 1.6554910258035182e-23, nan 
5.125, -67.625, 2.804387297671093e-23, nan 
5.375, -67.625, 2.876475178627397e-23, nan 
5.625, -67.625, 3.835396537915374e-23, nan 
5.875, -67.625, 2.4984399982519394e-23, nan 
6.125, -67.625, 6.614170609172363e-23, nan 
6.375, -67.625, 2.416589090500316e-23, nan 
6.625, -67.625, 2.3957748265011032e-23, nan 
6.875, -67.625, 5.516723529772068e-23, nan 
7.125, -67.625, 2.2496914000419633e-23, nan 
7.375, -67.625, 2.3058458818908792e-23, nan 
7.625, -67.625, 1.7627719813803845e-23, nan 
7.875, -67.625, 3.686768785655144e-23, nan 
8.125, -67.625, 1.6118525481971725e-23, nan 
8.375, -67.625, 2.670669773907057e-23, nan 
8.625, -67.625, 3.747511733248639e-23, nan 
8.875, -67.625, 2.744685087944858e-23, nan 
9.125, -67.625, 3.20887727268794e-23, nan 
9.375, -67.625, 3.3273136877715316e-23, nan 
9.625, -67.625, 4.5345217536651044e-23, nan 
9.875, -67.625, 4.088844441877204e-23, nan 
10.125, -67.625, 1.3653958298298427e-23, nan 
-55.375, -67.375, 7.352541509054486e-23, nan 
-55.125, -67.375, 1.7269323069665705e-22, nan 
-54.875, -67.375, 1.6696316314873586e-22, nan 
-54.625, -67.375, 6.02127466505825e-23, nan 
-54.375, -67.375, 1.076377304626769e-22, nan 
-54.125, -67.375, 1.164613073441326e-22, nan 
-53.875, -67.375, 1.0113088121622363e-22, nan 
-53.625, -67.375, 1.2848429694517125e-22, nan 
-53.375, -67.375, 7.854861926081548e-23, nan 
-53.125, -67.375, 1.5127543749784532e-22, nan 
-52.875, -67.375, 2.1632146407790606e-22, nan 
-52.625, -67.375, 2.908628511845637e-22, nan 
-52.375, -67.375, 3.5778701343582717e-22, nan 
-52.125, -67.375, 3.953278632640116e-22, nan 
-51.875, -67.375, 4.371428401291909e-22, nan 
-51.625, -67.375, 4.252647206082823e-22, nan 
-51.375, -67.375, 3.997757462328639e-22, nan 
-51.125, -67.375, 4.701655687492874e-22, nan 
-50.875, -67.375, 3.924222650658658e-22, nan 
-50.625, -67.375, 3.388800969322667e-22, nan 
-50.375, -67.375, 4.618301134615637e-22, nan 
-50.125, -67.375, 4.509655279470497e-22, nan 
-49.875, -67.375, 5.466360941719664e-22, nan 
-49.625, -67.375, 6.233115506406665e-22, nan 
-49.375, -67.375, 5.204569494183871e-22, nan 
-49.125, -67.375, 3.4537750329589853e-22, nan 
-48.875, -67.375, 5.948413866523674e-22, nan 
-48.625, -67.375, 1.0151565184131843e-21, nan 
-48.375, -67.375, 1.3763524063543314e-21, nan 
-48.125, -67.375, 2.0905971824473672e-21, nan 
-47.875, -67.375, 3.756837042142341e-21, nan 
-47.625, -67.375, 4.014581470025251e-21, nan 
-47.375, -67.375, 4.306516470318588e-21, nan 
-47.125, -67.375, 5.012907275738345e-21, nan 
-46.875, -67.375, 3.566531473376232e-21, nan 
-46.625, -67.375, 3.4702088109206254e-21, nan 
-46.375, -67.375, 2.7564080298453002e-21, nan 
-46.125, -67.375, 3.0844931765722004e-21, nan 
-45.875, -67.375, 2.7129667857126213e-21, nan 
-45.625, -67.375, 3.051900728873051e-21, nan 
-45.375, -67.375, 3.1572237654850284e-21, nan 
-45.125, -67.375, 3.606765055846746e-21, nan 
-44.875, -67.375, 3.0475909019078014e-21, nan 
-44.625, -67.375, 2.321767801690635e-21, nan 
-44.375, -67.375, 2.7221928922612897e-21, nan 
-44.125, -67.375, 2.6337924079414138e-21, nan 
-43.875, -67.375, 3.386165273486974e-21, nan 
-43.625, -67.375, 3.784611574670236e-21, nan 
-43.375, -67.375, 6.137163655673671e-21, nan 
-43.125, -67.375, 6.725963515480934e-21, nan 
-42.875, -67.375, 8.434328561765493e-21, nan 
-42.625, -67.375, 7.128761074793317e-21, nan 
-42.375, -67.375, 8.292088552540066e-21, nan 
-42.125, -67.375, 8.351571820923419e-21, nan 
-41.875, -67.375, 7.032479750649666e-21, nan 
-41.625, -67.375, 8.897378782019381e-21, nan 
-41.375, -67.375, 5.778192314519904e-21, nan 
-41.125, -67.375, 3.2626599747733194e-21, nan 
-40.875, -67.375, 4.099406995078577e-21, nan 
-40.625, -67.375, 2.397488600097083e-21, nan 
-40.375, -67.375, 1.6294534038004335e-21, nan 
-40.125, -67.375, 1.0334844668446892e-21, nan 
-39.875, -67.375, 3.750037923875155e-22, nan 
-39.625, -67.375, 5.131079817166762e-22, nan 
-39.375, -67.375, 7.804246629180876e-22, nan 
-39.125, -67.375, 8.443965769965373e-22, nan 
-38.875, -67.375, 8.959928582786484e-22, nan 
-38.625, -67.375, 1.4784148059138288e-21, nan 
-38.375, -67.375, 2.4098193676553265e-21, nan 
-38.125, -67.375, 2.5822826229922444e-21, nan 
-37.875, -67.375, 1.82760040957204e-21, nan 
-37.625, -67.375, 1.4563838754055044e-21, nan 
-37.375, -67.375, 3.723775632635896e-21, nan 
-37.125, -67.375, 3.2621675790031656e-21, nan 
-36.875, -67.375, 3.596333882388338e-21, nan 
-36.625, -67.375, 2.95327288454045e-21, nan 
-36.375, -67.375, 2.785387386033916e-21, nan 
-36.125, -67.375, 4.201450543591694e-21, nan 
-35.875, -67.375, 3.527777828676167e-21, nan 
-35.625, -67.375, 3.594052103322626e-21, nan 
-35.375, -67.375, 3.030229081761771e-21, nan 
-35.125, -67.375, 3.0871233803353678e-21, nan 
-34.875, -67.375, 3.8484508393248886e-21, nan 
-34.625, -67.375, 3.3659543578965857e-21, nan 
-34.375, -67.375, 1.3357282072496338e-21, nan 
-34.125, -67.375, 1.2357047898031814e-21, nan 
-33.875, -67.375, 8.524623347094734e-22, nan 
-33.625, -67.375, 1.7659340580579852e-21, nan 
-33.375, -67.375, 1.8338127194415946e-21, nan 
-33.125, -67.375, 1.5167878725997374e-21, nan 
-32.875, -67.375, 1.3707058506944029e-21, nan 
-32.625, -67.375, 1.30309180818602e-21, nan 
-32.375, -67.375, 1.2530013897957066e-21, nan 
-32.125, -67.375, 1.0594149499205205e-21, nan 
-31.875, -67.375, 8.530303798349956e-22, nan 
-31.625, -67.375, 7.6259308144699e-22, nan 
-31.375, -67.375, 9.1792367419919e-22, nan 
-31.125, -67.375, 9.196225653402054e-22, nan 
-30.875, -67.375, 7.112982178687487e-22, nan 
-30.625, -67.375, 8.343505521504061e-22, nan 
-30.375, -67.375, 8.275190655923019e-22, nan 
-30.125, -67.375, 7.453670319512497e-22, nan 
-29.875, -67.375, 7.163334903064514e-22, nan 
-29.625, -67.375, 4.273538880747321e-22, nan 
-29.375, -67.375, 4.484962966072678e-22, nan 
-29.125, -67.375, 4.917830472641024e-22, nan 
-28.875, -67.375, 4.160534354780653e-22, nan 
-28.625, -67.375, 3.902585021589404e-22, nan 
-28.375, -67.375, 4.326765677798981e-22, nan 
-28.125, -67.375, 4.747764420854454e-22, nan 
-27.875, -67.375, 6.486979112232556e-22, nan 
-27.625, -67.375, 5.625147787333032e-22, nan 
-27.375, -67.375, 4.450997144850991e-22, nan 
-27.125, -67.375, 5.227392187868359e-22, nan 
-26.875, -67.375, 4.786373658809582e-22, nan 
-26.625, -67.375, 3.6720878810680297e-22, nan 
-26.375, -67.375, 3.558710984803958e-22, nan 
-26.125, -67.375, 3.3412097133359444e-22, nan 
-25.875, -67.375, 3.02766815244061e-22, nan 
-25.625, -67.375, 2.5773785185628357e-22, nan 
-25.375, -67.375, 3.211404249855756e-22, nan 
-25.125, -67.375, 3.057390701699399e-22, nan 
-24.875, -67.375, 3.9458311141582206e-22, nan 
-24.625, -67.375, 1.892860978371013e-22, nan 
-24.375, -67.375, 1.846669458758865e-22, nan 
-24.125, -67.375, 2.4180330035636042e-22, nan 
-23.875, -67.375, 2.203295700771997e-22, nan 
-23.625, -67.375, 3.3220443970466944e-22, nan 
-23.375, -67.375, 2.8094174128124818e-22, nan 
-23.125, -67.375, 2.0667119138971949e-22, nan 
-22.875, -67.375, 2.8476197802206427e-22, nan 
-22.625, -67.375, 2.36330994102043e-22, nan 
-22.375, -67.375, 1.484630825748374e-22, nan 
-22.125, -67.375, 9.604853050744366e-23, nan 
-21.875, -67.375, 1.0179245185858152e-22, nan 
-21.625, -67.375, 9.755849749490163e-23, nan 
-21.375, -67.375, 1.3240551363898728e-22, nan 
-21.125, -67.375, 2.7382601152886924e-22, nan 
-20.875, -67.375, 3.216056095092198e-22, nan 
-20.625, -67.375, 2.7360172715095335e-22, nan 
-20.375, -67.375, 3.431146400231976e-22, nan 
-20.125, -67.375, 4.2191675239755514e-22, nan 
-19.875, -67.375, 4.275879039346482e-22, nan 
-19.625, -67.375, 3.7557504865954857e-22, nan 
-19.375, -67.375, 3.9621202814889124e-22, nan 
-19.125, -67.375, 2.2493379328515094e-22, nan 
-18.875, -67.375, 2.13166194038816e-22, nan 
-18.625, -67.375, 2.3733783683921815e-22, nan 
-18.375, -67.375, 1.4816145676007484e-22, nan 
-18.125, -67.375, 3.471361910697827e-23, nan 
-17.875, -67.375, 3.82086205040922e-23, nan 
-17.625, -67.375, 6.060609784467762e-23, nan 
-17.375, -67.375, 7.397062038989964e-23, nan 
-17.125, -67.375, 9.662739511530818e-23, nan 
-16.875, -67.375, 9.794690424035439e-23, nan 
-16.625, -67.375, 1.1959020749331189e-22, nan 
-16.375, -67.375, 1.2892035099875722e-22, nan 
-16.125, -67.375, 1.3094368128695494e-22, nan 
-15.875, -67.375, 1.7335771971844663e-22, nan 
-15.625, -67.375, 2.9227803389844444e-22, nan 
-15.375, -67.375, 2.2660034128521137e-22, nan 
-15.125, -67.375, 1.1060493021440734e-22, nan 
-14.875, -67.375, 8.758578296949462e-23, nan 
-14.625, -67.375, 1.1957019735111748e-22, nan 
-14.375, -67.375, 9.494439353101265e-23, nan 
-14.125, -67.375, 8.767528346261088e-23, nan 
-13.875, -67.375, 7.546503405758346e-23, nan 
-13.625, -67.375, 6.613642801704641e-23, nan 
-13.375, -67.375, 8.396608254947183e-23, nan 
-13.125, -67.375, 7.641367243390793e-23, nan 
-12.875, -67.375, 7.043778990110752e-23, nan 
-12.625, -67.375, 4.5628741696157234e-23, nan 
-12.375, -67.375, 3.741031223220569e-23, nan 
-12.125, -67.375, 4.0538776149363954e-23, nan 
-11.875, -67.375, 3.157040739553552e-23, nan 
-11.625, -67.375, 2.9237150070010575e-23, nan 
-11.375, -67.375, 3.061644542398931e-23, nan 
-11.125, -67.375, 2.755999944578616e-23, nan 
-10.875, -67.375, 5.957041026867522e-23, nan 
-10.625, -67.375, 3.4641175309708136e-23, nan 
-10.375, -67.375, 3.035942905534235e-23, nan 
-10.125, -67.375, 1.2416372844120918e-22, nan 
-9.875, -67.375, 3.73134568094988e-23, nan 
-9.625, -67.375, 2.2402907336047164e-23, nan 
-9.375, -67.375, 6.735578883942009e-23, nan 
-9.125, -67.375, 3.3129701676229157e-23, nan 
-8.875, -67.375, 2.9624438736985886e-23, nan 
-8.625, -67.375, 2.5887890411201628e-23, nan 
-8.375, -67.375, 2.901228853135784e-23, nan 
-8.125, -67.375, 3.2603049921350145e-23, nan 
-7.875, -67.375, 2.6467480744192995e-23, nan 
-7.625, -67.375, 1.6547509125238862e-23, nan 
-7.375, -67.375, 4.5740046968619906e-23, nan 
-7.125, -67.375, 1.6589408259406862e-23, nan 
-6.875, -67.375, 2.595570675961096e-23, nan 
-6.625, -67.375, 2.7645095884420146e-23, nan 
-6.375, -67.375, 1.8217527554482853e-23, nan 
-6.125, -67.375, 3.35431440692925e-23, nan 
-5.875, -67.375, 3.343570898681255e-23, nan 
-5.625, -67.375, 1.1541844639718947e-23, nan 
-5.375, -67.375, 1.692830971527575e-23, nan 
-5.125, -67.375, 2.57211394852522e-23, nan 
-4.875, -67.375, 2.127258832283375e-23, nan 
-4.625, -67.375, 2.0051082969801067e-23, nan 
-4.375, -67.375, 6.456263283147573e-23, nan 
-4.125, -67.375, 1.0876646181879713e-22, nan 
-3.875, -67.375, 6.633915006940218e-23, nan 
-3.625, -67.375, 5.475680342869344e-23, nan 
-3.375, -67.375, 1.025328694351769e-22, nan 
-3.125, -67.375, 1.131950711750996e-22, nan 
-2.875, -67.375, 1.0734769022157033e-22, nan 
-2.625, -67.375, 7.653201282226693e-23, nan 
-2.375, -67.375, 9.745958354465393e-23, nan 
-2.125, -67.375, 1.048405690311885e-22, nan 
-1.875, -67.375, 7.309961885995269e-23, nan 
-1.625, -67.375, 6.487380884332083e-23, nan 
-1.375, -67.375, 5.305181566270872e-23, nan 
-1.125, -67.375, 9.094106480648807e-23, nan 
-0.875, -67.375, 7.471230036738485e-23, nan 
-0.625, -67.375, 4.414957701076467e-23, nan 
-0.375, -67.375, 3.900835266385581e-23, nan 
-0.125, -67.375, 5.1967179994616927e-23, nan 
0.125, -67.375, 5.798560004287347e-23, nan 
0.375, -67.375, 5.988555619550831e-23, nan 
0.625, -67.375, 6.049331316371164e-23, nan 
0.875, -67.375, 6.289192155281277e-23, nan 
1.125, -67.375, 5.564098321060021e-23, nan 
1.375, -67.375, 4.000940750248295e-23, nan 
1.625, -67.375, 4.382815650087978e-23, nan 
1.875, -67.375, 5.492389671836498e-23, nan 
2.125, -67.375, 5.384498665134615e-23, nan 
2.375, -67.375, 3.2332307229926756e-23, nan 
2.625, -67.375, 2.763590902519082e-23, nan 
2.875, -67.375, 4.109901894723098e-23, nan 
3.125, -67.375, 2.096135041049669e-23, nan 
3.375, -67.375, 1.7515659293969725e-23, nan 
3.625, -67.375, 1.0011028805032764e-23, nan 
3.875, -67.375, 1.7657926223665832e-23, nan 
4.125, -67.375, 2.643087425939847e-23, nan 
4.375, -67.375, 3.183511851308333e-23, nan 
4.625, -67.375, 4.0482414161106467e-23, nan 
4.875, -67.375, 5.787008394208801e-23, nan 
5.125, -67.375, 4.974842322392037e-23, nan 
5.375, -67.375, 3.861183974419057e-23, nan 
5.625, -67.375, 6.872116091307249e-23, nan 
5.875, -67.375, 4.6135501058524504e-23, nan 
6.125, -67.375, 4.783985253988524e-23, nan 
6.375, -67.375, 4.6796163278477443e-23, nan 
6.625, -67.375, 4.9142348146004655e-23, nan 
6.875, -67.375, 3.248832426876262e-23, nan 
7.125, -67.375, 1.7747543861849142e-23, nan 
7.375, -67.375, 2.9940729838245383e-23, nan 
7.625, -67.375, 2.2752290068356378e-23, nan 
7.875, -67.375, 2.8932799153363946e-23, nan 
8.125, -67.375, 3.020920281135263e-23, nan 
8.375, -67.375, 1.3772521214367754e-23, nan 
8.625, -67.375, 2.9314958973253103e-23, nan 
8.875, -67.375, 2.644319740656489e-23, nan 
9.125, -67.375, 2.763437271373775e-23, nan 
9.375, -67.375, 3.642190122936688e-23, nan 
9.625, -67.375, 3.929442310814429e-23, nan 
9.875, -67.375, 4.188144248251523e-23, nan 
-54.875, -67.125, 1.3819277223450278e-22, nan 
-54.625, -67.125, 3.799558803484343e-23, nan 
-54.375, -67.125, 1.3560073613472917e-22, nan 
-54.125, -67.125, 1.775700535487013e-22, nan 
-53.875, -67.125, 7.383258639881067e-23, nan 
-53.625, -67.125, 1.2416266053095079e-22, nan 
-53.375, -67.125, 1.9552603265109418e-22, nan 
-53.125, -67.125, 1.4023749623513726e-22, nan 
-52.875, -67.125, 2.127557365091209e-22, nan 
-52.625, -67.125, 1.9480798513589245e-22, nan 
-52.375, -67.125, 3.1841445348400093e-22, nan 
-52.125, -67.125, 4.653472860813921e-22, nan 
-51.875, -67.125, 4.70437794076012e-22, nan 
-51.625, -67.125, 4.530721891095933e-22, nan 
-51.375, -67.125, 6.223066961317723e-22, nan 
-51.125, -67.125, 9.184331363228072e-22, nan 
-50.875, -67.125, 1.0293847551984687e-21, nan 
-50.625, -67.125, 1.2116976986937324e-21, nan 
-50.375, -67.125, 1.4229724787631418e-21, nan 
-50.125, -67.125, 1.4516728708464007e-21, nan 
-49.875, -67.125, 8.867580289088192e-22, nan 
-49.625, -67.125, 1.1466076830562987e-21, nan 
-49.375, -67.125, 1.5584723155389573e-21, nan 
-49.125, -67.125, 1.7114624410167975e-21, nan 
-48.875, -67.125, 2.585878568693662e-21, nan 
-48.625, -67.125, 3.3152126037993343e-21, nan 
-48.375, -67.125, 4.5204238317271625e-21, nan 
-48.125, -67.125, 4.6870168181024265e-21, nan 
-47.875, -67.125, 4.787334906533615e-21, nan 
-47.625, -67.125, 5.397449838761587e-21, nan 
-47.375, -67.125, 5.3235781263979104e-21, nan 
-47.125, -67.125, 3.6349361130215144e-21, nan 
-46.875, -67.125, 2.271803062962203e-21, nan 
-46.625, -67.125, 2.058223662779344e-21, nan 
-46.375, -67.125, 1.1639241573959497e-21, nan 
-46.125, -67.125, 1.3932066823526984e-21, nan 
-45.875, -67.125, 1.0876240104170902e-21, nan 
-45.625, -67.125, 1.5316150987881691e-21, nan 
-45.375, -67.125, 1.6455662091443197e-21, nan 
-45.125, -67.125, 1.7973692466973522e-21, nan 
-44.875, -67.125, 2.35321860278697e-21, nan 
-44.625, -67.125, 2.539767172670148e-21, nan 
-44.375, -67.125, 2.951904835898635e-21, nan 
-44.125, -67.125, 3.111552232193229e-21, nan 
-43.875, -67.125, 3.3159065050128423e-21, nan 
-43.625, -67.125, 2.909620527163855e-21, nan 
-43.375, -67.125, 3.505702251102108e-21, nan 
-43.125, -67.125, 4.663690759989714e-21, nan 
-42.875, -67.125, 5.673260068517922e-21, nan 
-42.625, -67.125, 6.228273893234937e-21, nan 
-42.375, -67.125, 9.00777326666201e-21, nan 
-42.125, -67.125, 9.95961167298549e-21, nan 
-41.875, -67.125, 9.584206426042867e-21, nan 
-41.625, -67.125, 9.487707966083192e-21, nan 
-41.375, -67.125, 1.047962717031267e-20, nan 
-41.125, -67.125, 9.616863015009838e-21, nan 
-40.875, -67.125, 2.682638460867749e-21, nan 
-40.625, -67.125, 1.82545572860505e-21, nan 
-40.375, -67.125, 2.284252620059527e-21, nan 
-40.125, -67.125, 1.2420057724431688e-21, nan 
-39.875, -67.125, 1.2447253926008333e-21, nan 
-39.625, -67.125, 5.0666215332766245e-22, nan 
-39.375, -67.125, 3.988337278039079e-22, nan 
-39.125, -67.125, 1.883097734104438e-21, nan 
-38.875, -67.125, 1.3665373555753896e-21, nan 
-38.625, -67.125, 1.1849975513705276e-21, nan 
-38.375, -67.125, 1.3269843940954937e-21, nan 
-38.125, -67.125, 1.5894544038611461e-21, nan 
-37.875, -67.125, 2.408873937508685e-21, nan 
-37.625, -67.125, 2.091850315179989e-21, nan 
-37.375, -67.125, 3.142654534982339e-21, nan 
-37.125, -67.125, 3.480906669560305e-21, nan 
-36.875, -67.125, 3.598854554911852e-21, nan 
-36.625, -67.125, 2.335966591151182e-21, nan 
-36.375, -67.125, 2.224187798186076e-21, nan 
-36.125, -67.125, 1.3829398590559696e-21, nan 
-35.875, -67.125, 1.5755795693224638e-21, nan 
-35.625, -67.125, 2.12554461755078e-21, nan 
-35.375, -67.125, 1.5825373452427725e-21, nan 
-35.125, -67.125, 6.615527584746735e-22, nan 
-34.875, -67.125, 1.1971288697523125e-21, nan 
-34.625, -67.125, 1.3799136103625723e-21, nan 
-34.375, -67.125, 1.7548005176444175e-21, nan 
-34.125, -67.125, 1.7238898915403516e-21, nan 
-33.875, -67.125, 1.5003439193936434e-21, nan 
-33.625, -67.125, 1.3246113109519835e-21, nan 
-33.375, -67.125, 1.9069334550887075e-21, nan 
-33.125, -67.125, 1.5295832748322214e-21, nan 
-32.875, -67.125, 1.5181765967865489e-21, nan 
-32.625, -67.125, 1.0939740158422297e-21, nan 
-32.375, -67.125, 7.145804968203461e-22, nan 
-32.125, -67.125, 9.65399163063613e-22, nan 
-31.875, -67.125, 7.091030964481025e-22, nan 
-31.625, -67.125, 4.994078214118024e-22, nan 
-31.375, -67.125, 9.11107492826372e-22, nan 
-31.125, -67.125, 1.04416312950986e-21, nan 
-30.875, -67.125, 8.139570795936198e-22, nan 
-30.625, -67.125, 7.500820255146287e-22, nan 
-30.375, -67.125, 8.536117837618371e-22, nan 
-30.125, -67.125, 7.241333895306831e-22, nan 
-29.875, -67.125, 3.2345256548301563e-22, nan 
-29.625, -67.125, 1.9913873923133344e-22, nan 
-29.375, -67.125, 2.1657093469333785e-22, nan 
-29.125, -67.125, 4.935150076540608e-22, nan 
-28.875, -67.125, 7.297281399383027e-22, nan 
-28.625, -67.125, 6.764971027194501e-22, nan 
-28.375, -67.125, 5.448163094390547e-22, nan 
-28.125, -67.125, 5.661768585625235e-22, nan 
-27.875, -67.125, 5.539688704792672e-22, nan 
-27.625, -67.125, 4.469821371783877e-22, nan 
-27.375, -67.125, 3.6881483763550093e-22, nan 
-27.125, -67.125, 2.9250863385355094e-22, nan 
-26.875, -67.125, 2.51426340817269e-22, nan 
-26.625, -67.125, 3.085350847930875e-22, nan 
-26.375, -67.125, 3.467339159261272e-22, nan 
-26.125, -67.125, 3.281380792104072e-22, nan 
-25.875, -67.125, 3.3613253965312125e-22, nan 
-25.625, -67.125, 3.321779539549299e-22, nan 
-25.375, -67.125, 3.3113045656647396e-22, nan 
-25.125, -67.125, 3.18890213020054e-22, nan 
-24.875, -67.125, 3.014012435079379e-22, nan 
-24.625, -67.125, 1.2542641682779607e-22, nan 
-24.375, -67.125, 1.0339863027522255e-22, nan 
-24.125, -67.125, 1.8634048699231903e-22, nan 
-23.875, -67.125, 1.997367900024459e-22, nan 
-23.625, -67.125, 3.15986247107918e-22, nan 
-23.375, -67.125, 2.7994383292669236e-22, nan 
-23.125, -67.125, 2.835454953074112e-22, nan 
-22.875, -67.125, 2.0385572063891586e-22, nan 
-22.625, -67.125, 2.0128666278377505e-22, nan 
-22.375, -67.125, 2.323913494917726e-22, nan 
-22.125, -67.125, 1.4551275171470526e-22, nan 
-21.875, -67.125, 1.3891203063339876e-22, nan 
-21.625, -67.125, 1.2854997958953805e-22, nan 
-21.375, -67.125, 1.2981924649607898e-22, nan 
-21.125, -67.125, 3.308346287135647e-22, nan 
-20.875, -67.125, 3.4858923651430263e-22, nan 
-20.625, -67.125, 2.602054151008897e-22, nan 
-20.375, -67.125, 4.353265770302416e-22, nan 
-20.125, -67.125, 4.217654263203795e-22, nan 
-19.875, -67.125, 2.906036736506937e-22, nan 
-19.625, -67.125, 2.56230396605656e-22, nan 
-19.375, -67.125, 2.1675014909978056e-22, nan 
-19.125, -67.125, 2.2230478170003005e-22, nan 
-18.875, -67.125, 1.715676898886107e-22, nan 
-18.625, -67.125, 1.4707823632185147e-22, nan 
-18.375, -67.125, 1.3371188757123659e-22, nan 
-18.125, -67.125, 8.204218001722377e-23, nan 
-17.875, -67.125, 5.685801557461744e-23, nan 
-17.625, -67.125, 4.792327196047702e-23, nan 
-17.375, -67.125, 6.532654727048544e-23, nan 
-17.125, -67.125, 5.709944281089991e-23, nan 
-16.875, -67.125, 6.150414625415502e-23, nan 
-16.625, -67.125, 7.33138526444445e-23, nan 
-16.375, -67.125, 1.0799902723871118e-22, nan 
-16.125, -67.125, 1.0444535500619304e-22, nan 
-15.875, -67.125, 2.478859260192752e-22, nan 
-15.625, -67.125, 3.393308027055945e-22, nan 
-15.375, -67.125, 3.055898210130398e-22, nan 
-15.125, -67.125, 3.7270099019308936e-22, nan 
-14.875, -67.125, 3.533500641233043e-22, nan 
-14.625, -67.125, 2.768127166602673e-22, nan 
-14.375, -67.125, 1.7733275416945046e-22, nan 
-14.125, -67.125, 5.31119204293675e-23, nan 
-13.875, -67.125, 5.985178489921254e-23, nan 
-13.625, -67.125, 7.313663371533963e-23, nan 
-13.375, -67.125, 6.505028342239515e-23, nan 
-13.125, -67.125, 5.822620756339374e-23, nan 
-12.875, -67.125, 7.191801852991242e-23, nan 
-12.625, -67.125, 6.03878678375248e-23, nan 
-12.375, -67.125, 3.5865823902635064e-23, nan 
-12.125, -67.125, 2.2866624200797347e-23, nan 
-11.875, -67.125, 2.0486850551855615e-23, nan 
-11.625, -67.125, 2.7535077111940524e-23, nan 
-11.375, -67.125, 2.2182114187063563e-23, nan 
-11.125, -67.125, 1.8862853504583875e-23, nan 
-10.875, -67.125, 2.0663184963878e-23, nan 
-10.625, -67.125, 1.7393033172848098e-23, nan 
-10.375, -67.125, 1.7046415321663443e-23, nan 
-10.125, -67.125, 5.710696987011876e-23, nan 
-9.875, -67.125, 3.081392817370986e-23, nan 
-9.625, -67.125, 2.1352744357912224e-23, nan 
-9.375, -67.125, 2.680177749142894e-23, nan 
-9.125, -67.125, 3.5444115071875847e-23, nan 
-8.875, -67.125, 4.538353555599264e-23, nan 
-8.625, -67.125, 3.6697313840156813e-23, nan 
-8.375, -67.125, 2.445084532335117e-23, nan 
-8.125, -67.125, 3.168930474827669e-23, nan 
-7.875, -67.125, 2.779324019960158e-23, nan 
-7.625, -67.125, 1.1458355745272542e-23, nan 
-7.375, -67.125, 6.695434373161441e-24, nan 
-7.125, -67.125, 1.1116162839802632e-23, nan 
-6.875, -67.125, 9.481687845408428e-24, nan 
-6.625, -67.125, 1.2204044555427205e-23, nan 
-6.375, -67.125, 2.059298723377715e-23, nan 
-6.125, -67.125, 1.647873617317706e-23, nan 
-5.875, -67.125, 2.1091839631324294e-23, nan 
-5.625, -67.125, 1.9665952958984162e-23, nan 
-5.375, -67.125, 1.1255368459686914e-23, nan 
-5.125, -67.125, 1.7086784005628336e-23, nan 
-4.875, -67.125, 2.309065913465066e-23, nan 
-4.625, -67.125, 1.99490833935122e-23, nan 
-4.375, -67.125, 1.4958943406907831e-23, nan 
-4.125, -67.125, 1.2259370068580432e-23, nan 
-3.875, -67.125, 4.34175889128454e-23, nan 
-3.625, -67.125, 3.714054971467709e-23, nan 
-3.375, -67.125, 6.860885561178479e-23, nan 
-3.125, -67.125, 1.0332652949049334e-22, nan 
-2.875, -67.125, 7.1820922963132e-23, nan 
-2.625, -67.125, 4.816007547314389e-23, nan 
-2.375, -67.125, 7.073477114464255e-23, nan 
-2.125, -67.125, 3.668126405128674e-23, nan 
-1.875, -67.125, 1.564584173433851e-23, nan 
-1.625, -67.125, 4.5280895886759184e-23, nan 
-1.375, -67.125, 4.2281651611835174e-23, nan 
-1.125, -67.125, 6.84927301171918e-23, nan 
-0.875, -67.125, 5.893890116713757e-23, nan 
-0.625, -67.125, 4.325176346172083e-23, nan 
-0.375, -67.125, 3.660443514957501e-23, nan 
-0.125, -67.125, 3.4591462583045434e-23, nan 
0.125, -67.125, 4.314121495221425e-23, nan 
0.375, -67.125, 4.1350632039768274e-23, nan 
0.625, -67.125, 2.4594202697785144e-23, nan 
0.875, -67.125, 1.8929422749280656e-23, nan 
1.125, -67.125, 2.3628370974653087e-23, nan 
1.375, -67.125, 3.552668278296525e-23, nan 
1.625, -67.125, 3.6655201658961367e-23, nan 
1.875, -67.125, 4.99684411526852e-23, nan 
2.125, -67.125, 6.427715455332299e-23, nan 
2.375, -67.125, 3.733652716717991e-23, nan 
2.625, -67.125, 2.7217273265178214e-23, nan 
2.875, -67.125, 2.0291277952756896e-23, nan 
3.125, -67.125, 2.7902439449137644e-23, nan 
3.375, -67.125, 3.4874301825051246e-23, nan 
3.625, -67.125, 3.343731790701043e-23, nan 
3.875, -67.125, 4.7241564124447796e-23, nan 
4.125, -67.125, 4.254173316146695e-23, nan 
4.375, -67.125, 4.0108137008753677e-23, nan 
4.625, -67.125, 4.4452599045061564e-23, nan 
4.875, -67.125, 6.060390782202964e-23, nan 
5.125, -67.125, 5.727838366527933e-23, nan 
5.375, -67.125, 6.09002474522357e-23, nan 
5.625, -67.125, 4.6982982883672685e-23, nan 
5.875, -67.125, 5.561691905435831e-23, nan 
6.125, -67.125, 5.33893422276992e-23, nan 
6.375, -67.125, 2.597053672564663e-23, nan 
6.625, -67.125, 7.864189623304668e-23, nan 
6.875, -67.125, 5.351323369457404e-24, nan 
7.125, -67.125, 1.9718705690100055e-23, nan 
7.375, -67.125, 4.556258730189583e-23, nan 
7.625, -67.125, 1.5129379186599754e-23, nan 
7.875, -67.125, 2.1596704944298797e-23, nan 
8.125, -67.125, 2.6767101552311796e-23, nan 
8.375, -67.125, 1.1518531618665574e-23, nan 
8.625, -67.125, 2.2543574745370737e-23, nan 
8.875, -67.125, 2.9422396215142514e-23, nan 
9.125, -67.125, 1.329887250925932e-23, nan 
9.375, -67.125, 2.2663254898025762e-23, nan 
9.625, -67.125, 2.725433472058376e-23, nan 
-54.125, -66.875, 1.089211128352314e-22, nan 
-53.875, -66.875, 6.312792666290058e-23, nan 
-53.625, -66.875, 1.0310226153394311e-22, nan 
-53.375, -66.875, 1.2098024096918847e-22, nan 
-53.125, -66.875, 7.144410319658032e-23, nan 
-52.875, -66.875, 2.0775870088391875e-22, nan 
-52.625, -66.875, 2.4364620332819473e-22, nan 
-52.375, -66.875, 3.4724890176607344e-22, nan 
-52.125, -66.875, 1.4254925320878964e-22, nan 
-51.875, -66.875, 4.179991546550641e-22, nan 
-51.625, -66.875, 6.070538927746879e-22, nan 
-51.375, -66.875, 5.818331522607945e-22, nan 
-51.125, -66.875, 9.098264258035747e-22, nan 
-50.875, -66.875, 1.1321386700525231e-21, nan 
-50.625, -66.875, 1.748586454716158e-21, nan 
-50.375, -66.875, 1.834724960388321e-21, nan 
-50.125, -66.875, 1.5892961533623193e-21, nan 
-49.875, -66.875, 2.5040789357046593e-21, nan 
-49.625, -66.875, 2.4639893001177155e-21, nan 
-49.375, -66.875, 2.2719075364334816e-21, nan 
-49.125, -66.875, 2.683886647424815e-21, nan 
-48.875, -66.875, 3.7830877067840656e-21, nan 
-48.625, -66.875, 4.428817198788358e-21, nan 
-48.375, -66.875, 5.0011130288527725e-21, nan 
-48.125, -66.875, 4.5732255155849254e-21, nan 
-47.875, -66.875, 5.061568052632721e-21, nan 
-47.625, -66.875, 4.916443416394196e-21, nan 
-47.375, -66.875, 2.5943411703695282e-21, nan 
-47.125, -66.875, 1.229612233163594e-21, nan 
-46.875, -66.875, 4.413643187717292e-22, nan 
-46.625, -66.875, 1.3361309150494995e-22, nan 
-46.375, -66.875, 2.7008664722880687e-22, nan 
-46.125, -66.875, 4.432940660410819e-22, nan 
-45.875, -66.875, 6.73869469694832e-22, nan 
-45.625, -66.875, 4.924928138317578e-22, nan 
-45.375, -66.875, 1.0996945313423064e-21, nan 
-45.125, -66.875, 3.8348197191056855e-22, nan 
-44.875, -66.875, 5.915837812744296e-22, nan 
-44.625, -66.875, 1.0327791554375685e-21, nan 
-44.375, -66.875, 2.3781175671425573e-21, nan 
-44.125, -66.875, 4.013123866021113e-21, nan 
-43.875, -66.875, 4.744037334840717e-21, nan 
-43.625, -66.875, 3.9098815776141676e-21, nan 
-43.375, -66.875, 5.236749963823219e-21, nan 
-43.125, -66.875, 7.294035448784241e-21, nan 
-42.875, -66.875, 7.1596653524817e-21, nan 
-42.625, -66.875, 6.010234582661657e-21, nan 
-42.375, -66.875, 8.937348386725533e-21, nan 
-42.125, -66.875, 1.3307309193407821e-20, nan 
-41.875, -66.875, 1.3477497291011523e-20, nan 
-41.625, -66.875, 1.1553280264872326e-20, nan 
-41.375, -66.875, 1.472231578756883e-20, nan 
-41.125, -66.875, 1.6837689639105425e-20, nan 
-40.875, -66.875, 9.254752067861036e-21, nan 
-40.625, -66.875, 2.8657507438380507e-21, nan 
-40.375, -66.875, 5.150759075749954e-21, nan 
-40.125, -66.875, 4.032472473559675e-21, nan 
-39.875, -66.875, 2.225195475521374e-21, nan 
-39.625, -66.875, 2.73931308791671e-21, nan 
-39.375, -66.875, 3.2670840935713446e-21, nan 
-39.125, -66.875, 2.4488060342602066e-21, nan 
-38.875, -66.875, 3.8941383040645296e-21, nan 
-38.625, -66.875, 2.6390961796486178e-21, nan 
-38.375, -66.875, 2.1509354682502802e-21, nan 
-38.125, -66.875, 2.676609602500488e-21, nan 
-37.875, -66.875, 2.0834755584457458e-21, nan 
-37.625, -66.875, 2.1323342851197457e-21, nan 
-37.375, -66.875, 2.4280972302552787e-21, nan 
-37.125, -66.875, 1.799662886682169e-21, nan 
-36.875, -66.875, 3.2333444029183366e-21, nan 
-36.625, -66.875, 2.3737853440012225e-21, nan 
-36.375, -66.875, 1.5942793606362237e-21, nan 
-36.125, -66.875, 2.641940433254564e-21, nan 
-35.875, -66.875, 2.651121832443386e-21, nan 
-35.625, -66.875, 1.0937133259924644e-21, nan 
-35.375, -66.875, 6.937900692944295e-22, nan 
-35.125, -66.875, 1.1111904713567673e-21, nan 
-34.875, -66.875, 1.2429513848019872e-21, nan 
-34.625, -66.875, 1.1213571449353899e-21, nan 
-34.375, -66.875, 1.56239267768952e-21, nan 
-34.125, -66.875, 1.5369766854320785e-21, nan 
-33.875, -66.875, 1.5856372008064098e-21, nan 
-33.625, -66.875, 1.716050290026312e-21, nan 
-33.375, -66.875, 1.3166465849706821e-21, nan 
-33.125, -66.875, 1.2428213448123275e-21, nan 
-32.875, -66.875, 1.0967982003239688e-21, nan 
-32.625, -66.875, 4.019627876755213e-22, nan 
-32.375, -66.875, 7.514631821744463e-22, nan 
-32.125, -66.875, 6.655317912541334e-22, nan 
-31.875, -66.875, 4.055248638744652e-22, nan 
-31.625, -66.875, 5.001233659476763e-22, nan 
-31.375, -66.875, 7.934061643868727e-22, nan 
-31.125, -66.875, 6.583095602403435e-22, nan 
-30.875, -66.875, 4.552662557477804e-22, nan 
-30.625, -66.875, 5.557636660619895e-22, nan 
-30.375, -66.875, 5.162449929465898e-22, nan 
-30.125, -66.875, 4.336720154644215e-22, nan 
-29.875, -66.875, 5.076991447831932e-22, nan 
-29.625, -66.875, 4.731163594680987e-22, nan 
-29.375, -66.875, 6.23330783987017e-22, nan 
-29.125, -66.875, 5.3379225809653735e-22, nan 
-28.875, -66.875, 1.5747122260557457e-21, nan 
-28.625, -66.875, 6.845748596331839e-22, nan 
-28.375, -66.875, 4.481052765365749e-22, nan 
-28.125, -66.875, 9.553439127529705e-22, nan 
-27.875, -66.875, 3.627850135425167e-22, nan 
-27.625, -66.875, 3.932324865730886e-22, nan 
-27.375, -66.875, 3.300914655903925e-22, nan 
-27.125, -66.875, 2.4919073593115025e-22, nan 
-26.875, -66.875, 1.818522286301419e-22, nan 
-26.625, -66.875, 2.0248190260383626e-22, nan 
-26.375, -66.875, 1.9224628507848988e-22, nan 
-26.125, -66.875, 2.8031211648478706e-22, nan 
-25.875, -66.875, 2.7806843394682146e-22, nan 
-25.625, -66.875, 2.264645894694325e-22, nan 
-25.375, -66.875, 2.3636740870484546e-22, nan 
-25.125, -66.875, 2.335234754627271e-22, nan 
-24.875, -66.875, 2.1285476737501698e-22, nan 
-24.625, -66.875, 2.5505668211483475e-22, nan 
-24.375, -66.875, 1.6421756422615012e-22, nan 
-24.125, -66.875, 4.1407328359469607e-22, nan 
-23.875, -66.875, 4.2325601361093767e-22, nan 
-23.625, -66.875, 4.123779835048944e-22, nan 
-23.375, -66.875, 3.9717469578738637e-22, nan 
-23.125, -66.875, 5.091718200563504e-22, nan 
-22.875, -66.875, 4.875877609090357e-22, nan 
-22.625, -66.875, 4.303692153178551e-22, nan 
-22.375, -66.875, 6.488254166947988e-22, nan 
-22.125, -66.875, 4.252799213826082e-22, nan 
-21.875, -66.875, 2.0566380847607641e-22, nan 
-21.625, -66.875, 1.5863107036997485e-22, nan 
-21.375, -66.875, 1.4345370870034344e-22, nan 
-21.125, -66.875, 1.2483347791222982e-22, nan 
-20.875, -66.875, 1.041755401764377e-22, nan 
-20.625, -66.875, 1.8785279272394278e-22, nan 
-20.375, -66.875, 2.7633173662322793e-22, nan 
-20.125, -66.875, 2.492277037536716e-22, nan 
-19.875, -66.875, 2.515346812177571e-22, nan 
-19.625, -66.875, 1.710987365253445e-22, nan 
-19.375, -66.875, 1.1492438988529569e-22, nan 
-19.125, -66.875, 1.2792642097294374e-22, nan 
-18.875, -66.875, 3.9514818403664714e-23, nan 
-18.625, -66.875, 5.263678145182678e-23, nan 
-18.375, -66.875, 4.1394526697979313e-23, nan 
-18.125, -66.875, 5.782155123058242e-23, nan 
-17.875, -66.875, 9.098942559202902e-23, nan 
-17.625, -66.875, 6.73692133893002e-23, nan 
-17.375, -66.875, 4.592573269751465e-23, nan 
-17.125, -66.875, 6.045211274831292e-23, nan 
-16.875, -66.875, 6.797214531896119e-23, nan 
-16.625, -66.875, 1.7668623845800019e-22, nan 
-16.375, -66.875, 2.299618673041089e-22, nan 
-16.125, -66.875, 2.351658362267309e-22, nan 
-15.875, -66.875, 2.2007284177169364e-22, nan 
-15.625, -66.875, 2.5875912770257985e-22, nan 
-15.375, -66.875, 2.959579687508272e-22, nan 
-15.125, -66.875, 3.3640770411845124e-22, nan 
-14.875, -66.875, 3.6787749711463207e-22, nan 
-14.625, -66.875, 3.1918751183384535e-22, nan 
-14.375, -66.875, 2.3702179492164577e-22, nan 
-14.125, -66.875, 2.0042836242407118e-22, nan 
-13.875, -66.875, 1.974139749127279e-22, nan 
-13.625, -66.875, 1.1384588695804117e-22, nan 
-13.375, -66.875, 4.728968030342837e-23, nan 
-13.125, -66.875, 5.049702040605544e-23, nan 
-12.875, -66.875, 4.2244080763672494e-23, nan 
-12.625, -66.875, 4.9357751683907394e-23, nan 
-12.375, -66.875, 4.8790661855033736e-23, nan 
-12.125, -66.875, 3.2253720646989395e-23, nan 
-11.875, -66.875, 3.1161513274546104e-23, nan 
-11.625, -66.875, 2.789537612994802e-23, nan 
-11.375, -66.875, 1.9070542371702256e-23, nan 
-11.125, -66.875, 1.9288068830988687e-23, nan 
-10.875, -66.875, 9.484664882481568e-24, nan 
-10.625, -66.875, 7.517889499588707e-24, nan 
-10.375, -66.875, 1.4970818816218734e-23, nan 
-10.125, -66.875, 1.282080622043724e-23, nan 
-9.875, -66.875, 7.272610623377888e-24, nan 
-9.625, -66.875, 1.348734631766168e-23, nan 
-9.375, -66.875, 2.1980120298619829e-23, nan 
-9.125, -66.875, 2.4031393014922142e-23, nan 
-8.875, -66.875, 2.899554644969466e-23, nan 
-8.625, -66.875, 2.570816333298448e-23, nan 
-8.375, -66.875, 1.80459134611564e-23, nan 
-8.125, -66.875, 1.0117088573647994e-23, nan 
-7.875, -66.875, 1.552297164068067e-23, nan 
-7.625, -66.875, 1.1517882415075361e-23, nan 
-7.375, -66.875, 6.626891932648796e-24, nan 
-7.125, -66.875, 5.977250124828974e-24, nan 
-6.875, -66.875, 9.708269104030412e-24, nan 
-6.625, -66.875, 1.1491889527147673e-23, nan 
-6.375, -66.875, 1.4307823771490915e-23, nan 
-6.125, -66.875, 6.88692157916017e-24, nan 
-5.875, -66.875, 8.685141623438828e-24, nan 
-5.625, -66.875, 1.961381276646806e-23, nan 
-5.375, -66.875, 2.2565604392889507e-23, nan 
-5.125, -66.875, 1.1907428924799023e-23, nan 
-4.875, -66.875, 2.0493705368150107e-23, nan 
-4.625, -66.875, 2.8116282560303086e-23, nan 
-4.375, -66.875, 1.7593992495307516e-23, nan 
-4.125, -66.875, 1.1293665011689596e-23, nan 
-3.875, -66.875, 1.2532630070740877e-23, nan 
-3.625, -66.875, 2.4210018967901808e-23, nan 
-3.375, -66.875, 3.213408723434562e-23, nan 
-3.125, -66.875, 1.6770388989155726e-22, nan 
-2.875, -66.875, 1.226793387682183e-22, nan 
-2.625, -66.875, 7.373825442444934e-23, nan 
-2.375, -66.875, 1.4436277938775474e-23, nan 
-2.125, -66.875, 1.4782693736966966e-23, nan 
-1.875, -66.875, 3.920653884277525e-24, nan 
-1.625, -66.875, 1.9003846031809745e-23, nan 
-1.375, -66.875, 2.387763710803886e-23, nan 
-1.125, -66.875, 2.2188411576415636e-23, nan 
-0.875, -66.875, 2.8858755716570784e-23, nan 
-0.625, -66.875, 3.224331961914238e-23, nan 
-0.375, -66.875, 3.0545488228390516e-23, nan 
-0.125, -66.875, 2.2266616530772104e-23, nan 
0.125, -66.875, 3.075979042186408e-23, nan 
0.375, -66.875, 3.3938152357642577e-23, nan 
0.625, -66.875, 3.8700685862965076e-23, nan 
0.875, -66.875, 4.79488232109545e-23, nan 
1.125, -66.875, 3.7032536737410655e-23, nan 
1.375, -66.875, 9.375938320200969e-24, nan 
1.625, -66.875, 3.2043353028112146e-23, nan 
1.875, -66.875, 6.433388910427315e-23, nan 
2.125, -66.875, 5.927067504781998e-23, nan 
2.375, -66.875, 3.760518797225147e-23, nan 
2.625, -66.875, 5.2483471859815434e-23, nan 
2.875, -66.875, 4.466785580942225e-23, nan 
3.125, -66.875, 2.1398961773219465e-23, nan 
3.375, -66.875, 1.735169207066019e-23, nan 
3.625, -66.875, 3.1107675078025893e-23, nan 
3.875, -66.875, 4.009408335107086e-23, nan 
4.125, -66.875, 2.835499602201343e-23, nan 
4.375, -66.875, 3.564533016912077e-23, nan 
4.625, -66.875, 3.9432080994216785e-23, nan 
4.875, -66.875, 3.1758337370812343e-23, nan 
5.125, -66.875, 2.873620842973444e-23, nan 
5.375, -66.875, 4.019285541025842e-23, nan 
5.625, -66.875, 3.8069562277622696e-23, nan 
5.875, -66.875, 2.632604978899857e-23, nan 
6.125, -66.875, 2.2433392469570042e-23, nan 
6.375, -66.875, 2.5954810735464674e-23, nan 
6.625, -66.875, 4.806945475575584e-23, nan 
6.875, -66.875, 1.673921058727637e-23, nan 
7.125, -66.875, 1.7246164116564025e-23, nan 
7.375, -66.875, 1.5180896968102873e-23, nan 
7.625, -66.875, 1.2106340266053525e-23, nan 
7.875, -66.875, 3.6336742233328907e-23, nan 
8.125, -66.875, 3.5534774566414874e-23, nan 
8.375, -66.875, 9.651769968873285e-24, nan 
8.625, -66.875, 3.8434598520457566e-23, nan 
8.875, -66.875, 3.358412897493108e-23, nan 
9.125, -66.875, 1.5567606611926753e-23, nan 
9.375, -66.875, 2.0946928634331118e-23, nan 
-53.375, -66.625, 2.6778158642714045e-22, nan 
-53.125, -66.625, 1.0331454776122848e-22, nan 
-52.875, -66.625, 1.7461238039984315e-22, nan 
-52.625, -66.625, 2.0338787026842429e-22, nan 
-52.375, -66.625, 2.3881597236637364e-22, nan 
-52.125, -66.625, 2.17799557556752e-22, nan 
-51.875, -66.625, 2.717456299203913e-22, nan 
-51.625, -66.625, 4.853725359464431e-22, nan 
-51.375, -66.625, 4.253184495574167e-22, nan 
-51.125, -66.625, 5.487389129183362e-22, nan 
-50.875, -66.625, 1.0732657236299751e-21, nan 
-50.625, -66.625, 8.232331366152357e-22, nan 
-50.375, -66.625, 1.451338269146518e-21, nan 
-50.125, -66.625, 1.7990179992373236e-21, nan 
-49.875, -66.625, 2.4903828826263823e-21, nan 
-49.625, -66.625, 2.5476365944628947e-21, nan 
-49.375, -66.625, 2.3468856219229578e-21, nan 
-49.125, -66.625, 3.050955610998429e-21, nan 
-48.875, -66.625, 3.3137993657844088e-21, nan 
-48.625, -66.625, 4.142053174168184e-21, nan 
-48.375, -66.625, 4.4093690801443384e-21, nan 
-48.125, -66.625, 3.0269069341232105e-21, nan 
-47.875, -66.625, 3.996900314995627e-21, nan 
-47.625, -66.625, 1.7748073959192813e-21, nan 
-47.375, -66.625, 1.708688339807588e-21, nan 
-47.125, -66.625, 3.8419983015738843e-22, nan 
-46.875, -66.625, 2.2536425803311325e-22, nan 
-46.625, -66.625, 1.5851810661431497e-22, nan 
-46.375, -66.625, 1.5102849455873254e-22, nan 
-46.125, -66.625, 3.5212323675900664e-22, nan 
-45.875, -66.625, 4.3501215508992425e-22, nan 
-45.625, -66.625, 4.731669068775228e-22, nan 
-45.375, -66.625, 5.615586581751668e-22, nan 
-45.125, -66.625, 4.846627366499817e-22, nan 
-44.875, -66.625, 4.1462975545208247e-22, nan 
-44.625, -66.625, 3.322714653324202e-22, nan 
-44.375, -66.625, 1.7555213827221013e-21, nan 
-44.125, -66.625, 2.8542424387881808e-21, nan 
-43.875, -66.625, 1.782941863429339e-21, nan 
-43.625, -66.625, 3.577951473149836e-21, nan 
-43.375, -66.625, 5.213768969087514e-21, nan 
-43.125, -66.625, 1.2646180808442941e-20, nan 
-42.875, -66.625, 7.426301512182384e-21, nan 
-42.625, -66.625, 7.485661506125824e-21, nan 
-42.375, -66.625, 1.0788928096326488e-20, nan 
-42.125, -66.625, 1.8858439981864002e-20, nan 
-41.875, -66.625, 1.9545982324009627e-20, nan 
-41.625, -66.625, 1.6648085715749236e-20, nan 
-41.375, -66.625, 2.1001448464448074e-20, nan 
-41.125, -66.625, 2.357307734121483e-20, nan 
-40.875, -66.625, 1.9965385087298563e-20, nan 
-40.625, -66.625, 6.346387334965453e-21, nan 
-40.375, -66.625, 6.990243212458815e-21, nan 
-40.125, -66.625, 4.888042724000706e-21, nan 
-39.875, -66.625, 3.7457709243716274e-21, nan 
-39.625, -66.625, 6.466948516360159e-21, nan 
-39.375, -66.625, 5.047389652563416e-21, nan 
-39.125, -66.625, 3.9702708714326276e-21, nan 
-38.875, -66.625, 3.475550282458667e-21, nan 
-38.625, -66.625, 1.9254549537485436e-21, nan 
-38.375, -66.625, 1.7228085421226475e-21, nan 
-38.125, -66.625, 1.6565260625135622e-21, nan 
-37.875, -66.625, 1.151369377124695e-21, nan 
-37.625, -66.625, 1.796306368730908e-21, nan 
-37.375, -66.625, 1.1168017376255833e-21, nan 
-37.125, -66.625, 1.6075834916622193e-21, nan 
-36.875, -66.625, 2.5993930136476393e-21, nan 
-36.625, -66.625, 1.402810614548528e-21, nan 
-36.375, -66.625, 2.0055077599260115e-21, nan 
-36.125, -66.625, 3.1720486256345035e-21, nan 
-35.875, -66.625, 2.562993190466417e-21, nan 
-35.625, -66.625, 1.2323931942193021e-21, nan 
-35.375, -66.625, 1.4299926583932345e-21, nan 
-35.125, -66.625, 1.9901709041929934e-21, nan 
-34.875, -66.625, 1.7980912890230687e-21, nan 
-34.625, -66.625, 1.6439553229524085e-21, nan 
-34.375, -66.625, 1.2311583990853734e-21, nan 
-34.125, -66.625, 1.0936758869776262e-21, nan 
-33.875, -66.625, 1.212956675509616e-21, nan 
-33.625, -66.625, 1.1345881797536488e-21, nan 
-33.375, -66.625, 5.83078011723284e-22, nan 
-33.125, -66.625, 3.067047254084537e-22, nan 
-32.875, -66.625, 5.317427970501687e-22, nan 
-32.625, -66.625, 3.105301626799361e-22, nan 
-32.375, -66.625, 4.0793398450622e-22, nan 
-32.125, -66.625, 3.787739473631722e-22, nan 
-31.875, -66.625, 3.542000143224232e-22, nan 
-31.625, -66.625, 1.5603918750310647e-22, nan 
-31.375, -66.625, 3.985606016959937e-22, nan 
-31.125, -66.625, 6.190980217697303e-22, nan 
-30.875, -66.625, 4.492163337884157e-22, nan 
-30.625, -66.625, 3.1237404720447307e-22, nan 
-30.375, -66.625, 5.376189044478291e-22, nan 
-30.125, -66.625, 5.166880493567201e-22, nan 
-29.875, -66.625, 5.096968906182711e-22, nan 
-29.625, -66.625, 5.756831562533044e-22, nan 
-29.375, -66.625, 5.583092381595922e-22, nan 
-29.125, -66.625, 5.17632647156246e-22, nan 
-28.875, -66.625, 1.3144176925599501e-21, nan 
-28.625, -66.625, 1.4130963618652194e-21, nan 
-28.375, -66.625, 1.2873915391420536e-21, nan 
-28.125, -66.625, 1.0913747429188266e-21, nan 
-27.875, -66.625, 5.41378822892464e-22, nan 
-27.625, -66.625, 3.624639027278436e-22, nan 
-27.375, -66.625, 2.9462317533102144e-22, nan 
-27.125, -66.625, 1.935887491070244e-22, nan 
-26.875, -66.625, 1.6973619950016649e-22, nan 
-26.625, -66.625, 1.7273040082114234e-22, nan 
-26.375, -66.625, 1.5784533301808598e-22, nan 
-26.125, -66.625, 1.882384929605527e-22, nan 
-25.875, -66.625, 2.388655341079693e-22, nan 
-25.625, -66.625, 2.5713621231954823e-22, nan 
-25.375, -66.625, 2.1614323988508744e-22, nan 
-25.125, -66.625, 2.0587192319482026e-22, nan 
-24.875, -66.625, 4.0169556977641444e-22, nan 
-24.625, -66.625, 5.852176076257447e-22, nan 
-24.375, -66.625, 3.523918574981588e-22, nan 
-24.125, -66.625, 4.654715158328061e-22, nan 
-23.875, -66.625, 5.165268675938978e-22, nan 
-23.625, -66.625, 2.9244210618296308e-22, nan 
-23.375, -66.625, 2.765678344065979e-22, nan 
-23.125, -66.625, 3.0004388815957344e-22, nan 
-22.875, -66.625, 3.933761543417274e-22, nan 
-22.625, -66.625, 5.943356983113155e-22, nan 
-22.375, -66.625, 7.999939029369196e-22, nan 
-22.125, -66.625, 6.953561604448459e-22, nan 
-21.875, -66.625, 5.59728646151823e-22, nan 
-21.625, -66.625, 3.593792225466491e-22, nan 
-21.375, -66.625, 2.526406022254807e-22, nan 
-21.125, -66.625, 1.6354536984026287e-22, nan 
-20.875, -66.625, 1.08250582178492e-22, nan 
-20.625, -66.625, 1.141974865051483e-22, nan 
-20.375, -66.625, 9.908672654727143e-23, nan 
-20.125, -66.625, 7.684365706332926e-23, nan 
-19.875, -66.625, 1.3519957068609712e-22, nan 
-19.625, -66.625, 4.1590851486635276e-23, nan 
-19.375, -66.625, 2.9395646870279085e-23, nan 
-19.125, -66.625, 2.4391805221475286e-23, nan 
-18.875, -66.625, 2.943733571794351e-23, nan 
-18.625, -66.625, 1.514723217351779e-23, nan 
-18.375, -66.625, 2.8102430075106864e-23, nan 
-18.125, -66.625, 3.3240155347606107e-23, nan 
-17.875, -66.625, 5.527401651065986e-23, nan 
-17.625, -66.625, 6.779691951015624e-23, nan 
-17.375, -66.625, 7.430141882215626e-23, nan 
-17.125, -66.625, 4.4574870891975845e-23, nan 
-16.875, -66.625, 6.681493949073595e-23, nan 
-16.625, -66.625, 1.5047644975136533e-22, nan 
-16.375, -66.625, 1.834578523839568e-22, nan 
-16.125, -66.625, 1.88735234880076e-22, nan 
-15.875, -66.625, 1.78207238442324e-22, nan 
-15.625, -66.625, 1.9636926733041012e-22, nan 
-15.375, -66.625, 2.144022425543456e-22, nan 
-15.125, -66.625, 1.4662887440376348e-22, nan 
-14.875, -66.625, 2.173989228829038e-22, nan 
-14.625, -66.625, 2.5173195646829753e-22, nan 
-14.375, -66.625, 2.2134242423706246e-22, nan 
-14.125, -66.625, 1.681672961610027e-22, nan 
-13.875, -66.625, 1.8612768583910758e-22, nan 
-13.625, -66.625, 1.6769618953190671e-22, nan 
-13.375, -66.625, 5.092808473948179e-23, nan 
-13.125, -66.625, 4.10146759785676e-23, nan 
-12.875, -66.625, 3.9093486907994845e-23, nan 
-12.625, -66.625, 4.0912340407944707e-23, nan 
-12.375, -66.625, 4.1523183270350464e-23, nan 
-12.125, -66.625, 3.5257162047346336e-23, nan 
-11.875, -66.625, 2.723635487119639e-23, nan 
-11.625, -66.625, 2.2109759440436323e-23, nan 
-11.375, -66.625, 1.6993430408695226e-23, nan 
-11.125, -66.625, 1.2606094529351505e-23, nan 
-10.875, -66.625, 5.772543174584806e-24, nan 
-10.625, -66.625, 5.3531255841764645e-24, nan 
-10.375, -66.625, 7.877963648319572e-24, nan 
-10.125, -66.625, 9.900730574650471e-24, nan 
-9.875, -66.625, 5.426238055733591e-24, nan 
-9.625, -66.625, 6.717041815752534e-24, nan 
-9.375, -66.625, 1.0062650954949896e-23, nan 
-9.125, -66.625, 7.959608291891623e-24, nan 
-8.875, -66.625, 9.382373796230113e-24, nan 
-8.625, -66.625, 8.153262015679239e-24, nan 
-8.375, -66.625, 3.9403996789219754e-24, nan 
-8.125, -66.625, 2.8092451345259568e-24, nan 
-7.875, -66.625, 1.1057729955270561e-23, nan 
-7.625, -66.625, 1.1129815530574181e-23, nan 
-7.375, -66.625, 1.253581438147291e-23, nan 
-7.125, -66.625, 9.850900246000479e-24, nan 
-6.875, -66.625, 8.186833883413238e-24, nan 
-6.625, -66.625, 2.0586939455317193e-23, nan 
-6.375, -66.625, 1.2629412079640597e-23, nan 
-6.125, -66.625, 3.65531981030783e-24, nan 
-5.875, -66.625, 1.393928084976546e-23, nan 
-5.625, -66.625, 9.066511845439398e-24, nan 
-5.375, -66.625, 9.468388570445097e-24, nan 
-5.125, -66.625, 1.4261767460899695e-23, nan 
-4.875, -66.625, 1.026907899542231e-23, nan 
-4.625, -66.625, 1.4652325376200852e-23, nan 
-4.375, -66.625, 1.2888841855944274e-23, nan 
-4.125, -66.625, 1.2565455052982358e-23, nan 
-3.875, -66.625, 1.2342743849559293e-22, nan 
-3.625, -66.625, 8.791224041536133e-23, nan 
-3.375, -66.625, 5.80958582682444e-23, nan 
-3.125, -66.625, 2.616308754362033e-22, nan 
-2.875, -66.625, 2.548190005880611e-22, nan 
-2.625, -66.625, 1.2621228055125943e-22, nan 
-2.375, -66.625, 1.3830554194746534e-22, nan 
-2.125, -66.625, 1.0515642733316608e-22, nan 
-1.875, -66.625, 6.178340302776585e-23, nan 
-1.625, -66.625, 6.528535080718076e-24, nan 
-1.375, -66.625, 1.377563317390833e-23, nan 
-1.125, -66.625, 1.4516728048784787e-23, nan 
-0.875, -66.625, 1.3577756170378853e-23, nan 
-0.625, -66.625, 1.8651977593960653e-23, nan 
-0.375, -66.625, 1.8045286176938128e-23, nan 
-0.125, -66.625, 2.0100508859961472e-23, nan 
0.125, -66.625, 2.4372200019615787e-23, nan 
0.375, -66.625, 1.1230869356897217e-23, nan 
0.625, -66.625, 4.469879284230164e-23, nan 
0.875, -66.625, 6.103895360423664e-23, nan 
1.125, -66.625, 3.737454119633874e-23, nan 
1.375, -66.625, 3.5111375887215935e-23, nan 
1.625, -66.625, 6.763569371215123e-23, nan 
1.875, -66.625, 6.005291442751824e-23, nan 
2.125, -66.625, 3.4070421394382565e-23, nan 
2.375, -66.625, 4.102930835049323e-23, nan 
2.625, -66.625, 4.164466338675596e-23, nan 
2.875, -66.625, 2.693618778270579e-23, nan 
3.125, -66.625, 1.0168257431162853e-23, nan 
3.375, -66.625, 6.211772263775964e-23, nan 
3.625, -66.625, 5.478876220599888e-23, nan 
3.875, -66.625, 1.2883468894638043e-22, nan 
4.125, -66.625, 1.0796022693238827e-22, nan 
4.375, -66.625, 4.317453734000587e-23, nan 
4.625, -66.625, 3.089662178773965e-23, nan 
4.875, -66.625, 2.608315864455122e-23, nan 
5.125, -66.625, 2.5283992753402842e-23, nan 
5.375, -66.625, 2.985830199593097e-23, nan 
5.625, -66.625, 3.799870863047894e-23, nan 
5.875, -66.625, 3.96192968706846e-23, nan 
6.125, -66.625, 1.8558089077711188e-23, nan 
6.375, -66.625, 2.698814900789837e-23, nan 
6.625, -66.625, 2.4092521424425668e-23, nan 
6.875, -66.625, 1.9206429592269745e-23, nan 
7.125, -66.625, 1.962773569933159e-23, nan 
7.375, -66.625, 1.5700418622771674e-23, nan 
7.625, -66.625, 2.6700307795140697e-23, nan 
7.875, -66.625, 3.8408399025096364e-23, nan 
8.125, -66.625, 2.7656933523446713e-23, nan 
8.375, -66.625, 2.655689684805153e-23, nan 
8.625, -66.625, 4.857963193059169e-23, nan 
8.875, -66.625, 5.122436023905224e-23, nan 
9.125, -66.625, 3.967468217410541e-23, nan 
9.375, -66.625, 2.6570439929084094e-23, nan 
-52.625, -66.375, 4.839932595367484e-22, nan 
-52.375, -66.375, 3.928348625574176e-22, nan 
-52.125, -66.375, 2.658756881172101e-22, nan 
-51.875, -66.375, 3.34876442164226e-22, nan 
-51.625, -66.375, 5.348263097508467e-22, nan 
-51.375, -66.375, 9.767985474914105e-22, nan 
-51.125, -66.375, 2.0272744454741104e-21, nan 
-50.875, -66.375, 2.738775888043282e-21, nan 
-50.625, -66.375, 1.654377707729216e-21, nan 
-50.375, -66.375, 2.4029572237282406e-21, nan 
-50.125, -66.375, 3.0568659563987933e-21, nan 
-49.875, -66.375, 1.6768433415344978e-21, nan 
-49.625, -66.375, 1.6721027668073181e-21, nan 
-49.375, -66.375, 1.740771740281459e-21, nan 
-49.125, -66.375, 2.5881939458578285e-21, nan 
-48.875, -66.375, 3.1772923287159953e-21, nan 
-48.625, -66.375, 3.62466438769089e-21, nan 
-48.375, -66.375, 3.044041956280893e-21, nan 
-48.125, -66.375, 2.9674921467470844e-21, nan 
-47.875, -66.375, 2.715810371133695e-21, nan 
-47.625, -66.375, 1.4732176505623351e-21, nan 
-47.375, -66.375, 6.077397321522588e-22, nan 
-47.125, -66.375, 4.189065825068279e-22, nan 
-46.875, -66.375, 2.315078895239338e-22, nan 
-46.625, -66.375, 5.459542941264271e-22, nan 
-46.375, -66.375, 4.372503005822253e-22, nan 
-46.125, -66.375, 2.2022307222691815e-22, nan 
-45.875, -66.375, 4.496957844144215e-22, nan 
-45.625, -66.375, 5.112053608448236e-22, nan 
-45.375, -66.375, 5.641695392759089e-22, nan 
-45.125, -66.375, 4.753486304852354e-22, nan 
-44.875, -66.375, 5.102545738511688e-22, nan 
-44.625, -66.375, 5.476390063387532e-22, nan 
-44.375, -66.375, 1.1915513286544758e-21, nan 
-44.125, -66.375, 1.6205422091069734e-21, nan 
-43.875, -66.375, 8.205359777268157e-21, nan 
-43.625, -66.375, 6.3447859417081844e-21, nan 
-43.375, -66.375, 6.755292326072167e-21, nan 
-43.125, -66.375, 1.7203283800197766e-20, nan 
-42.875, -66.375, 9.446378048272464e-21, nan 
-42.625, -66.375, 9.393848439905212e-21, nan 
-42.375, -66.375, 5.596165599977593e-21, nan 
-42.125, -66.375, 1.5338349917306198e-20, nan 
-41.875, -66.375, 2.4955082786047942e-20, nan 
-41.625, -66.375, 2.846072310571959e-20, nan 
-41.375, -66.375, 2.2020102833605724e-20, nan 
-41.125, -66.375, 2.820939015057562e-20, nan 
-40.875, -66.375, 2.830207178966152e-20, nan 
-40.625, -66.375, 1.395548536131929e-20, nan 
-40.375, -66.375, 5.49481234147738e-21, nan 
-40.125, -66.375, 6.010670907747108e-21, nan 
-39.875, -66.375, 6.771437255482924e-21, nan 
-39.625, -66.375, 6.484226891519841e-21, nan 
-39.375, -66.375, 4.321824341400047e-21, nan 
-39.125, -66.375, 3.4059890427775734e-21, nan 
-38.875, -66.375, 2.4749261213858648e-21, nan 
-38.625, -66.375, 2.0572253711576994e-21, nan 
-38.375, -66.375, 1.9080840922180705e-21, nan 
-38.125, -66.375, 9.9136536226978e-22, nan 
-37.875, -66.375, 4.496107932313615e-22, nan 
-37.625, -66.375, 4.555056958076089e-22, nan 
-37.375, -66.375, 4.555308555507864e-22, nan 
-37.125, -66.375, 5.535465059175069e-22, nan 
-36.875, -66.375, 5.562058010722906e-22, nan 
-36.625, -66.375, 1.0433176965511113e-21, nan 
-36.375, -66.375, 1.238665270815364e-21, nan 
-36.125, -66.375, 1.7272397077709217e-21, nan 
-35.875, -66.375, 1.783268594035313e-21, nan 
-35.625, -66.375, 1.202180906722508e-21, nan 
-35.375, -66.375, 1.4722038519442668e-21, nan 
-35.125, -66.375, 1.4726167962547196e-21, nan 
-34.875, -66.375, 1.1905800618861944e-21, nan 
-34.625, -66.375, 1.0869865647382767e-21, nan 
-34.375, -66.375, 5.318206585418109e-22, nan 
-34.125, -66.375, 2.685405075028654e-22, nan 
-33.875, -66.375, 2.617857577231623e-22, nan 
-33.625, -66.375, 2.73679182215009e-22, nan 
-33.375, -66.375, 2.371441509780644e-22, nan 
-33.125, -66.375, 3.7170469766106276e-22, nan 
-32.875, -66.375, 4.086851853532266e-22, nan 
-32.625, -66.375, 3.7706200696464735e-22, nan 
-32.375, -66.375, 4.369172298666621e-22, nan 
-32.125, -66.375, 2.924251719565765e-22, nan 
-31.875, -66.375, 3.240269652559097e-22, nan 
-31.625, -66.375, 3.043107597702602e-22, nan 
-31.375, -66.375, 3.1457845274798446e-22, nan 
-31.125, -66.375, 5.238719878412079e-22, nan 
-30.875, -66.375, 6.787587367988033e-22, nan 
-30.625, -66.375, 2.2381192992603497e-22, nan 
-30.375, -66.375, 4.569837510826892e-22, nan 
-30.125, -66.375, 6.082045052573532e-22, nan 
-29.875, -66.375, 7.80089932952279e-22, nan 
-29.625, -66.375, 4.843782720480232e-22, nan 
-29.375, -66.375, 7.86224272792068e-22, nan 
-29.125, -66.375, 1.0250652472937273e-21, nan 
-28.875, -66.375, 8.022550986104177e-22, nan 
-28.625, -66.375, 1.4152899251251306e-21, nan 
-28.375, -66.375, 1.739533833891169e-21, nan 
-28.125, -66.375, 1.4990550338394672e-21, nan 
-27.875, -66.375, 9.92217778519413e-22, nan 
-27.625, -66.375, 1.1115632154247544e-21, nan 
-27.375, -66.375, 9.525444370786195e-22, nan 
-27.125, -66.375, 5.053899960588675e-22, nan 
-26.875, -66.375, 1.40778456075131e-22, nan 
-26.625, -66.375, 1.667891593799221e-22, nan 
-26.375, -66.375, 1.8402695005028707e-22, nan 
-26.125, -66.375, 1.4226476167434664e-22, nan 
-25.875, -66.375, 1.5883349600866924e-22, nan 
-25.625, -66.375, 1.6075967920002913e-22, nan 
-25.375, -66.375, 2.1828127292949854e-22, nan 
-25.125, -66.375, 3.3869658984366828e-22, nan 
-24.875, -66.375, 3.6838052527575825e-22, nan 
-24.625, -66.375, 3.6465935547315184e-22, nan 
-24.375, -66.375, 3.738829754391376e-22, nan 
-24.125, -66.375, 3.733443771596906e-22, nan 
-23.875, -66.375, 1.8081552611753234e-22, nan 
-23.625, -66.375, 1.2956511198182545e-22, nan 
-23.375, -66.375, 2.305317877922206e-22, nan 
-23.125, -66.375, 3.3532699553061114e-22, nan 
-22.875, -66.375, 2.5569862013816597e-22, nan 
-22.625, -66.375, 4.115292447191653e-22, nan 
-22.375, -66.375, 6.650842489865003e-22, nan 
-22.125, -66.375, 7.885695691807563e-22, nan 
-21.875, -66.375, 6.644793856023375e-22, nan 
-21.625, -66.375, 5.471196095003444e-22, nan 
-21.375, -66.375, 5.723667600474027e-22, nan 
-21.125, -66.375, 4.098051777182863e-22, nan 
-20.875, -66.375, 1.0186643474504198e-22, nan 
-20.625, -66.375, 1.0488111001984216e-22, nan 
-20.375, -66.375, 9.658591931105812e-23, nan 
-20.125, -66.375, 4.288142945974513e-23, nan 
-19.875, -66.375, 3.70663073225652e-23, nan 
-19.625, -66.375, 3.076173277631874e-23, nan 
-19.375, -66.375, 3.195270754040334e-23, nan 
-19.125, -66.375, 3.663540234596081e-23, nan 
-18.875, -66.375, 3.3850000272392425e-23, nan 
-18.625, -66.375, 1.8659421391159162e-23, nan 
-18.375, -66.375, 2.5562164934443283e-23, nan 
-18.125, -66.375, 3.648810204974588e-23, nan 
-17.875, -66.375, 3.6619894362803146e-23, nan 
-17.625, -66.375, 3.6341967126993024e-23, nan 
-17.375, -66.375, 6.031219684657092e-23, nan 
-17.125, -66.375, 5.996473100403702e-23, nan 
-16.875, -66.375, 3.8105038348988053e-23, nan 
-16.625, -66.375, 1.0532707435879307e-22, nan 
-16.375, -66.375, 1.3702324417172926e-22, nan 
-16.125, -66.375, 1.1258540492180448e-22, nan 
-15.875, -66.375, 1.5005878818355688e-22, nan 
-15.625, -66.375, 1.5196780514688784e-22, nan 
-15.375, -66.375, 1.5712670050538507e-22, nan 
-15.125, -66.375, 1.4062670205270936e-22, nan 
-14.875, -66.375, 1.2656442970850244e-22, nan 
-14.625, -66.375, 1.5621926342263714e-22, nan 
-14.375, -66.375, 1.1602382821463256e-22, nan 
-14.125, -66.375, 3.5306174152536156e-23, nan 
-13.875, -66.375, 5.812158540229752e-23, nan 
-13.625, -66.375, 6.980437953315388e-23, nan 
-13.375, -66.375, 4.537702177885229e-23, nan 
-13.125, -66.375, 5.362079516824048e-23, nan 
-12.875, -66.375, 6.440246835622427e-23, nan 
-12.625, -66.375, 4.272068007121393e-23, nan 
-12.375, -66.375, 4.02773862022403e-23, nan 
-12.125, -66.375, 3.98995888094522e-23, nan 
-11.875, -66.375, 3.4526597358321743e-23, nan 
-11.625, -66.375, 2.735618600345395e-23, nan 
-11.375, -66.375, 2.2624531031744034e-23, nan 
-11.125, -66.375, 1.808851408437712e-23, nan 
-10.875, -66.375, 3.0444319267828194e-24, nan 
-10.625, -66.375, 5.9670631015193925e-24, nan 
-10.375, -66.375, 8.571166235864426e-24, nan 
-10.125, -66.375, 7.272528231479841e-24, nan 
-9.875, -66.375, 5.403643642500012e-24, nan 
-9.625, -66.375, 2.914084535601444e-24, nan 
-9.375, -66.375, 8.494723609798021e-24, nan 
-9.125, -66.375, 1.0419196950997325e-23, nan 
-8.875, -66.375, 1.148245916890094e-23, nan 
-8.625, -66.375, 1.0512721360516401e-23, nan 
-8.375, -66.375, 7.293407271428892e-24, nan 
-8.125, -66.375, 6.085172199444117e-24, nan 
-7.875, -66.375, 1.0809994383671325e-23, nan 
-7.625, -66.375, 1.0212561575565627e-23, nan 
-7.375, -66.375, 6.681661700639133e-24, nan 
-7.125, -66.375, 9.835704388247953e-24, nan 
-6.875, -66.375, 8.957071643451386e-24, nan 
-6.625, -66.375, 9.32756047339078e-24, nan 
-6.375, -66.375, 9.304614681818468e-24, nan 
-6.125, -66.375, 1.030263951187386e-23, nan 
-5.875, -66.375, 1.9292070664935755e-23, nan 
-5.625, -66.375, 9.724137080479287e-24, nan 
-5.375, -66.375, 1.9506990742986444e-23, nan 
-5.125, -66.375, 3.029154639940085e-23, nan 
-4.875, -66.375, 1.1089688884947779e-23, nan 
-4.625, -66.375, 7.198929728913314e-24, nan 
-4.375, -66.375, 1.1542236656558036e-23, nan 
-4.125, -66.375, 4.2568476768177415e-23, nan 
-3.875, -66.375, 2.190317815410779e-22, nan 
-3.625, -66.375, 2.4512121145467902e-22, nan 
-3.375, -66.375, 9.950317810787713e-23, nan 
-3.125, -66.375, 4.1118351223668793e-22, nan 
-2.875, -66.375, 4.707577765773234e-22, nan 
-2.625, -66.375, 1.9862489931387084e-22, nan 
-2.375, -66.375, 1.952154728847745e-22, nan 
-2.125, -66.375, 2.276051329698844e-22, nan 
-1.875, -66.375, 1.1913135860062482e-22, nan 
-1.625, -66.375, 2.8733739499968876e-23, nan 
-1.375, -66.375, 7.307238153923945e-24, nan 
-1.125, -66.375, 6.943090305783906e-24, nan 
-0.875, -66.375, 2.7215270821417194e-23, nan 
-0.625, -66.375, 1.9131830446056298e-23, nan 
-0.375, -66.375, 6.4221884286931876e-24, nan 
-0.125, -66.375, 2.537282703184742e-23, nan 
0.125, -66.375, 2.5255569758420186e-23, nan 
0.375, -66.375, 1.7728741023558442e-23, nan 
0.625, -66.375, 1.5949772706433894e-23, nan 
0.875, -66.375, 2.0838918625837674e-23, nan 
1.125, -66.375, 1.55988688844087e-23, nan 
1.375, -66.375, 2.365663541295866e-23, nan 
1.625, -66.375, 3.7099989519955673e-23, nan 
1.875, -66.375, 3.783181948343867e-23, nan 
2.125, -66.375, 2.622443029233874e-23, nan 
2.375, -66.375, 1.606867139510855e-23, nan 
2.625, -66.375, 3.513743406249069e-23, nan 
2.875, -66.375, 4.9241619089493156e-23, nan 
3.125, -66.375, 1.0433426985687287e-22, nan 
3.375, -66.375, 1.0062420004689973e-22, nan 
3.625, -66.375, 1.1183785894553818e-22, nan 
3.875, -66.375, 1.9721205785803184e-22, nan 
4.125, -66.375, 1.499233694122586e-22, nan 
4.375, -66.375, 5.820765806218531e-23, nan 
4.625, -66.375, 1.0764226695399723e-22, nan 
4.875, -66.375, 9.070963712483482e-23, nan 
5.125, -66.375, 4.4937242370424746e-23, nan 
5.375, -66.375, 2.9675459933979387e-23, nan 
5.625, -66.375, 2.740550177203404e-23, nan 
5.875, -66.375, 3.5931197989367335e-23, nan 
6.125, -66.375, 3.0463416835432994e-23, nan 
6.375, -66.375, 3.3495626638274436e-23, nan 
6.625, -66.375, 2.403359857433294e-23, nan 
6.875, -66.375, 2.5283370598317512e-23, nan 
7.125, -66.375, 3.189944873323653e-23, nan 
7.375, -66.375, 1.2641738451956345e-23, nan 
7.625, -66.375, 2.0789439342934696e-23, nan 
7.875, -66.375, 3.9916240451202443e-23, nan 
8.125, -66.375, 1.6014623591185866e-23, nan 
8.375, -66.375, 2.254885015739925e-23, nan 
8.625, -66.375, 4.157285482292875e-23, nan 
8.875, -66.375, 5.1066674729070154e-23, nan 
9.125, -66.375, 5.966409607309112e-23, nan 
-51.875, -66.125, 8.825614361827606e-22, nan 
-51.625, -66.125, 7.624024031326265e-22, nan 
-51.375, -66.125, 2.183480414979176e-21, nan 
-51.125, -66.125, 3.0673629276874173e-21, nan 
-50.875, -66.125, 3.1715072164349955e-21, nan 
-50.625, -66.125, 2.4629702005135128e-21, nan 
-50.375, -66.125, 3.2104901586477283e-21, nan 
-50.125, -66.125, 3.3382514898421357e-21, nan 
-49.875, -66.125, 7.202520698964892e-22, nan 
-49.625, -66.125, 5.376093866822316e-22, nan 
-49.375, -66.125, 7.462199484156642e-22, nan 
-49.125, -66.125, 2.3655129822746713e-21, nan 
-48.875, -66.125, 4.199313237722671e-21, nan 
-48.625, -66.125, 4.331589505626813e-21, nan 
-48.375, -66.125, 4.10831585731737e-21, nan 
-48.125, -66.125, 4.1060405654102986e-21, nan 
-47.875, -66.125, 4.379553236222599e-21, nan 
-47.625, -66.125, 3.1559997057597483e-21, nan 
-47.375, -66.125, 8.72295778436363e-22, nan 
-47.125, -66.125, 6.619369373575484e-22, nan 
-46.875, -66.125, 4.170674724035839e-22, nan 
-46.625, -66.125, 5.512972862316122e-22, nan 
-46.375, -66.125, 4.199778172537582e-22, nan 
-46.125, -66.125, 2.6968506524471967e-22, nan 
-45.875, -66.125, 5.446427645193698e-22, nan 
-45.625, -66.125, 3.750897818423745e-22, nan 
-45.375, -66.125, 5.3911405403988995e-22, nan 
-45.125, -66.125, 5.979248625176091e-22, nan 
-44.875, -66.125, 6.604221730003358e-22, nan 
-44.625, -66.125, 7.033276319868922e-22, nan 
-44.375, -66.125, 6.411296850923488e-22, nan 
-44.125, -66.125, 1.3251100617185111e-21, nan 
-43.875, -66.125, 1.1769472311225948e-20, nan 
-43.625, -66.125, 8.698510522288627e-21, nan 
-43.375, -66.125, 1.6040891030838852e-20, nan 
-43.125, -66.125, 1.4764632737484475e-20, nan 
-42.875, -66.125, 9.492429149805467e-21, nan 
-42.625, -66.125, 1.042816895811634e-20, nan 
-42.375, -66.125, 1.342471941005565e-20, nan 
-42.125, -66.125, 2.3027023822775475e-20, nan 
-41.875, -66.125, 3.0704304489183516e-20, nan 
-41.625, -66.125, 3.368790049848143e-20, nan 
-41.375, -66.125, 3.309353773138851e-20, nan 
-41.125, -66.125, 2.837388744364788e-20, nan 
-40.875, -66.125, 1.7072736281847057e-20, nan 
-40.625, -66.125, 6.4295335859384244e-21, nan 
-40.375, -66.125, 3.1677916766941593e-21, nan 
-40.125, -66.125, 4.4368711267703036e-21, nan 
-39.875, -66.125, 5.362332320385123e-21, nan 
-39.625, -66.125, 5.147617075959719e-21, nan 
-39.375, -66.125, 3.5875811845760235e-21, nan 
-39.125, -66.125, 3.2745145909248203e-21, nan 
-38.875, -66.125, 3.065020038323878e-21, nan 
-38.625, -66.125, 2.0763411151478177e-21, nan 
-38.375, -66.125, 1.721081954941725e-21, nan 
-38.125, -66.125, 1.0722214442405828e-21, nan 
-37.875, -66.125, 5.368931315434448e-22, nan 
-37.625, -66.125, 5.743142305551009e-22, nan 
-37.375, -66.125, 1.1691431684319496e-21, nan 
-37.125, -66.125, 5.51084523075321e-22, nan 
-36.875, -66.125, 1.3196775953546996e-21, nan 
-36.625, -66.125, 1.8941579430259283e-21, nan 
-36.375, -66.125, 1.1619001822808478e-21, nan 
-36.125, -66.125, 1.4016867269071547e-21, nan 
-35.875, -66.125, 1.5178496533752486e-21, nan 
-35.625, -66.125, 1.0427725931772805e-21, nan 
-35.375, -66.125, 1.0564562140653765e-21, nan 
-35.125, -66.125, 7.925491335835204e-22, nan 
-34.875, -66.125, 4.30747623670686e-22, nan 
-34.625, -66.125, 2.3479359426206274e-22, nan 
-34.375, -66.125, 2.9923548010202287e-22, nan 
-34.125, -66.125, 1.2363358951030072e-22, nan 
-33.875, -66.125, 1.2477099028719144e-22, nan 
-33.625, -66.125, 1.6143621087096624e-22, nan 
-33.375, -66.125, 1.812283164136247e-22, nan 
-33.125, -66.125, 2.7617271276321846e-22, nan 
-32.875, -66.125, 2.379882010222606e-22, nan 
-32.625, -66.125, 1.9221130504690818e-22, nan 
-32.375, -66.125, 2.19552466823365e-22, nan 
-32.125, -66.125, 1.222264867957942e-22, nan 
-31.875, -66.125, 2.575934873207589e-22, nan 
-31.625, -66.125, 1.6880235985675425e-22, nan 
-31.375, -66.125, 1.6486133041363208e-22, nan 
-31.125, -66.125, 4.0622419982604625e-22, nan 
-30.875, -66.125, 4.706212742412663e-22, nan 
-30.625, -66.125, 4.330792758191458e-22, nan 
-30.375, -66.125, 4.707277692598274e-22, nan 
-30.125, -66.125, 5.919423762241664e-22, nan 
-29.875, -66.125, 4.29206897635774e-22, nan 
-29.625, -66.125, 7.112354996827503e-22, nan 
-29.375, -66.125, 8.518120255344001e-22, nan 
-29.125, -66.125, 5.712937629990785e-22, nan 
-28.875, -66.125, 9.413368692755946e-22, nan 
-28.625, -66.125, 8.911313888074245e-22, nan 
-28.375, -66.125, 8.818435012470363e-22, nan 
-28.125, -66.125, 1.2780294279262469e-21, nan 
-27.875, -66.125, 1.0375749210265384e-21, nan 
-27.625, -66.125, 7.95345874443345e-22, nan 
-27.375, -66.125, 8.44331000088711e-22, nan 
-27.125, -66.125, 5.834614121918421e-22, nan 
-26.875, -66.125, 1.3317576256768288e-22, nan 
-26.625, -66.125, 8.37953716445063e-23, nan 
-26.375, -66.125, 9.728069169820963e-23, nan 
-26.125, -66.125, 7.318125826522637e-23, nan 
-25.875, -66.125, 7.6490759808521e-23, nan 
-25.625, -66.125, 8.13227447964134e-23, nan 
-25.375, -66.125, 8.769151202070058e-23, nan 
-25.125, -66.125, 2.7945234720311943e-22, nan 
-24.875, -66.125, 2.3990511453288224e-22, nan 
-24.625, -66.125, 1.6130595030523111e-22, nan 
-24.375, -66.125, 3.6772884900772284e-22, nan 
-24.125, -66.125, 2.4120747329098425e-22, nan 
-23.875, -66.125, 2.7442437025512374e-22, nan 
-23.625, -66.125, 4.7822143524938175e-22, nan 
-23.375, -66.125, 5.419426847608379e-22, nan 
-23.125, -66.125, 2.9362430052266156e-22, nan 
-22.875, -66.125, 2.633059121623852e-22, nan 
-22.625, -66.125, 2.3225301773537625e-22, nan 
-22.375, -66.125, 2.618964867702393e-22, nan 
-22.125, -66.125, 4.891278118137486e-22, nan 
-21.875, -66.125, 4.5172967524506675e-22, nan 
-21.625, -66.125, 5.7533215496782855e-22, nan 
-21.375, -66.125, 4.630321295962313e-22, nan 
-21.125, -66.125, 3.7341568415323713e-22, nan 
-20.875, -66.125, 2.3864372551369907e-22, nan 
-20.625, -66.125, 4.2609642665702434e-23, nan 
-20.375, -66.125, 5.055803226091894e-23, nan 
-20.125, -66.125, 2.757249467763892e-23, nan 
-19.875, -66.125, 3.130857671741957e-23, nan 
-19.625, -66.125, 4.1967021354781763e-23, nan 
-19.375, -66.125, 3.86166369236332e-23, nan 
-19.125, -66.125, 3.097539105861253e-23, nan 
-18.875, -66.125, 2.694376931519902e-23, nan 
-18.625, -66.125, 2.7423548856450167e-23, nan 
-18.375, -66.125, 2.23862651091507e-23, nan 
-18.125, -66.125, 1.9020915414893837e-23, nan 
-17.875, -66.125, 3.656646898649691e-23, nan 
-17.625, -66.125, 2.544383244802075e-23, nan 
-17.375, -66.125, 5.996354301029529e-23, nan 
-17.125, -66.125, 7.438432346270848e-23, nan 
-16.875, -66.125, 4.7389645938443446e-23, nan 
-16.625, -66.125, 7.655451522447982e-23, nan 
-16.375, -66.125, 8.010170969018818e-23, nan 
-16.125, -66.125, 6.421254360405632e-23, nan 
-15.875, -66.125, 3.8281413268587524e-23, nan 
-15.625, -66.125, 4.793612765147596e-23, nan 
-15.375, -66.125, 4.277500527490032e-23, nan 
-15.125, -66.125, 4.343424839127846e-23, nan 
-14.875, -66.125, 2.415714921089536e-23, nan 
-14.625, -66.125, 1.9434620210610775e-23, nan 
-14.375, -66.125, 1.2078884172044182e-23, nan 
-14.125, -66.125, 1.691378326312635e-23, nan 
-13.875, -66.125, 1.790644672397694e-23, nan 
-13.625, -66.125, 1.5058668781184596e-23, nan 
-13.375, -66.125, 3.3300386884606265e-23, nan 
-13.125, -66.125, 3.963080758527129e-23, nan 
-12.875, -66.125, 3.842640184358236e-23, nan 
-12.625, -66.125, 7.74741915553274e-23, nan 
-12.375, -66.125, 7.236830570699308e-23, nan 
-12.125, -66.125, 1.5389797558921606e-23, nan 
-11.875, -66.125, 1.8253577527290704e-23, nan 
-11.625, -66.125, 1.0154448773427971e-23, nan 
-11.375, -66.125, 1.328463841057077e-23, nan 
-11.125, -66.125, 8.321548881508377e-24, nan 
-10.875, -66.125, 3.5411370933329304e-24, nan 
-10.625, -66.125, 9.58868513133575e-24, nan 
-10.375, -66.125, 4.691968587393928e-24, nan 
-10.125, -66.125, 1.2325419540370558e-23, nan 
-9.875, -66.125, 1.814321186204063e-23, nan 
-9.625, -66.125, 7.068337811152504e-24, nan 
-9.375, -66.125, 1.1221985247005822e-23, nan 
-9.125, -66.125, 2.8302160435192295e-23, nan 
-8.875, -66.125, 3.7416781269420047e-23, nan 
-8.625, -66.125, 1.7199350021802382e-23, nan 
-8.375, -66.125, 1.1926754176784007e-23, nan 
-8.125, -66.125, 1.500298768387686e-23, nan 
-7.875, -66.125, 1.7752304349364792e-23, nan 
-7.625, -66.125, 8.585356337123651e-24, nan 
-7.375, -66.125, 4.980729959889659e-24, nan 
-7.125, -66.125, 6.1214042542532475e-24, nan 
-6.875, -66.125, 1.0162674623730242e-23, nan 
-6.625, -66.125, 8.7877143231521e-24, nan 
-6.375, -66.125, 6.561955093984348e-24, nan 
-6.125, -66.125, 1.6160652967275395e-23, nan 
-5.875, -66.125, 1.440220543261928e-23, nan 
-5.625, -66.125, 2.2083418299833805e-23, nan 
-5.375, -66.125, 3.4413450960206376e-23, nan 
-5.125, -66.125, 3.1548888273192615e-23, nan 
-4.875, -66.125, 9.050242917366957e-24, nan 
-4.625, -66.125, 2.2275811461640696e-23, nan 
-4.375, -66.125, 2.6337632929581613e-23, nan 
-4.125, -66.125, 1.6069785171272357e-23, nan 
-3.875, -66.125, 2.1448854963590395e-23, nan 
-3.625, -66.125, 1.894442711137783e-23, nan 
-3.375, -66.125, 4.812335926581093e-23, nan 
-3.125, -66.125, 2.445759097035792e-22, nan 
-2.875, -66.125, 2.6125258048080355e-22, nan 
-2.625, -66.125, 1.1960199120561643e-22, nan 
-2.375, -66.125, 2.754873816395726e-23, nan 
-2.125, -66.125, 1.9506174311314506e-23, nan 
-1.875, -66.125, 2.4016277224682458e-23, nan 
-1.625, -66.125, 2.4231933746918758e-23, nan 
-1.375, -66.125, 2.2643518420511326e-23, nan 
-1.125, -66.125, 5.817179682505213e-24, nan 
-0.875, -66.125, 4.0903095470026396e-23, nan 
-0.625, -66.125, 2.33402565029714e-23, nan 
-0.375, -66.125, 1.0704844070432118e-23, nan 
-0.125, -66.125, 2.437877751917305e-23, nan 
0.125, -66.125, 2.0207916577679527e-23, nan 
0.375, -66.125, 2.366302924857515e-23, nan 
0.625, -66.125, 2.4232647188808241e-23, nan 
0.875, -66.125, 2.2237591981647513e-23, nan 
1.125, -66.125, 1.8662518365138104e-23, nan 
1.375, -66.125, 1.6324538876454157e-23, nan 
1.625, -66.125, 2.0595818786488182e-23, nan 
1.875, -66.125, 2.453071644895797e-23, nan 
2.125, -66.125, 1.63682798695179e-23, nan 
2.375, -66.125, 2.239081937216984e-23, nan 
2.625, -66.125, 8.02153561244558e-23, nan 
2.875, -66.125, 9.846142649707421e-23, nan 
3.125, -66.125, 1.2694056849971254e-22, nan 
3.375, -66.125, 1.4586832144388759e-22, nan 
3.625, -66.125, 2.0563024907815283e-22, nan 
3.875, -66.125, 2.6693817885789633e-22, nan 
4.125, -66.125, 2.138661135098376e-22, nan 
4.375, -66.125, 1.0021169079923857e-22, nan 
4.625, -66.125, 1.4897896008186096e-22, nan 
4.875, -66.125, 1.2549112688598852e-22, nan 
5.125, -66.125, 2.99992038357497e-23, nan 
5.375, -66.125, 2.822647545138922e-23, nan 
5.625, -66.125, 2.128976185755486e-23, nan 
5.875, -66.125, 2.2586147456054117e-23, nan 
6.125, -66.125, 2.6114517849795452e-23, nan 
6.375, -66.125, 2.256579087749301e-23, nan 
6.625, -66.125, 1.780495239108805e-23, nan 
6.875, -66.125, 3.0398250489849485e-23, nan 
7.125, -66.125, 2.4221396007276524e-23, nan 
7.375, -66.125, 1.74971798434158e-23, nan 
7.625, -66.125, 2.0392188658479024e-23, nan 
7.875, -66.125, 2.2028803135310752e-23, nan 
8.125, -66.125, 2.979089128159634e-23, nan 
8.375, -66.125, 2.4493831391774205e-23, nan 
8.625, -66.125, 1.8766187392547838e-23, nan 
8.875, -66.125, 2.4504605819862408e-23, nan 
-51.375, -65.875, 2.6757081632713128e-21, nan 
-51.125, -65.875, 3.1929321308090396e-21, nan 
-50.875, -65.875, 2.827775471214394e-21, nan 
-50.625, -65.875, 2.8920607099844422e-21, nan 
-50.375, -65.875, 3.411676855066308e-21, nan 
-50.125, -65.875, 2.3634004646710198e-21, nan 
-49.875, -65.875, 7.457123754749995e-22, nan 
-49.625, -65.875, 8.172921090100982e-22, nan 
-49.375, -65.875, 8.45025487955177e-22, nan 
-49.125, -65.875, 2.1054236083845414e-21, nan 
-48.875, -65.875, 4.967469940683006e-21, nan 
-48.625, -65.875, 4.2637245602157784e-21, nan 
-48.375, -65.875, 4.1007736407516294e-21, nan 
-48.125, -65.875, 5.814483654122101e-21, nan 
-47.875, -65.875, 5.0608123642892e-21, nan 
-47.625, -65.875, 4.083995320360651e-21, nan 
-47.375, -65.875, 1.5553980729969871e-21, nan 
-47.125, -65.875, 9.107525277238928e-22, nan 
-46.875, -65.875, 1.0780835169236824e-21, nan 
-46.625, -65.875, 1.0644697278076464e-21, nan 
-46.375, -65.875, 6.890397495053166e-22, nan 
-46.125, -65.875, 3.1743326164873396e-22, nan 
-45.875, -65.875, 3.9709547072344968e-22, nan 
-45.625, -65.875, 6.045553771792063e-22, nan 
-45.375, -65.875, 7.804008839576538e-22, nan 
-45.125, -65.875, 4.564739272272478e-22, nan 
-44.875, -65.875, 6.432589830361843e-22, nan 
-44.625, -65.875, 8.529650178657644e-22, nan 
-44.375, -65.875, 2.6935376778239128e-21, nan 
-44.125, -65.875, 1.0389001066016123e-20, nan 
-43.875, -65.875, 1.0868791366970241e-20, nan 
-43.625, -65.875, 1.1175280738133735e-20, nan 
-43.375, -65.875, 2.007817196431298e-20, nan 
-43.125, -65.875, 1.1848957135822191e-20, nan 
-42.875, -65.875, 8.748796654076899e-21, nan 
-42.625, -65.875, 1.1702333288103955e-20, nan 
-42.375, -65.875, 2.3740334713737135e-20, nan 
-42.125, -65.875, 5.576748007915982e-20, nan 
-41.875, -65.875, 4.939724228005921e-20, nan 
-41.625, -65.875, 3.995774229625551e-20, nan 
-41.375, -65.875, 3.2217969392435383e-20, nan 
-41.125, -65.875, 2.184171265230262e-20, nan 
-40.875, -65.875, 1.000388000369352e-20, nan 
-40.625, -65.875, 5.014067499640382e-21, nan 
-40.375, -65.875, 4.471178994425181e-21, nan 
-40.125, -65.875, 4.233220073747158e-21, nan 
-39.875, -65.875, 5.159086259924059e-21, nan 
-39.625, -65.875, 4.07151353208779e-21, nan 
-39.375, -65.875, 1.9578152581464444e-21, nan 
-39.125, -65.875, 1.2814468604559429e-21, nan 
-38.875, -65.875, 1.236185143506549e-21, nan 
-38.625, -65.875, 1.3191085325376895e-21, nan 
-38.375, -65.875, 1.3778454061558668e-21, nan 
-38.125, -65.875, 1.2660067047971198e-21, nan 
-37.875, -65.875, 4.3179120221386334e-21, nan 
-37.625, -65.875, 4.4556081476376725e-21, nan 
-37.375, -65.875, 7.721882665849868e-22, nan 
-37.125, -65.875, 1.0788436082855002e-21, nan 
-36.875, -65.875, 1.0168923785415713e-21, nan 
-36.625, -65.875, 1.1515966672899387e-21, nan 
-36.375, -65.875, 1.2535822375172497e-21, nan 
-36.125, -65.875, 1.0316250156753365e-21, nan 
-35.875, -65.875, 9.673568060816734e-22, nan 
-35.625, -65.875, 6.696954217914512e-22, nan 
-35.375, -65.875, 7.311031705126899e-22, nan 
-35.125, -65.875, 4.780716455294389e-22, nan 
-34.875, -65.875, 3.0820192866116652e-22, nan 
-34.625, -65.875, 2.5519124225841564e-22, nan 
-34.375, -65.875, 2.3186977911594775e-22, nan 
-34.125, -65.875, 1.8285098220668392e-22, nan 
-33.875, -65.875, 2.0779975669700868e-22, nan 
-33.625, -65.875, 2.1706434566161094e-22, nan 
-33.375, -65.875, 1.9039369921384148e-22, nan 
-33.125, -65.875, 1.664029686226962e-22, nan 
-32.875, -65.875, 4.8343546236908805e-23, nan 
-32.625, -65.875, 1.4365227591384134e-22, nan 
-32.375, -65.875, 1.8232946898378776e-22, nan 
-32.125, -65.875, 8.109111439901925e-23, nan 
-31.875, -65.875, 9.177045656639551e-23, nan 
-31.625, -65.875, 1.8617277986443895e-22, nan 
-31.375, -65.875, 1.8961769018479536e-22, nan 
-31.125, -65.875, 2.0051705505288e-22, nan 
-30.875, -65.875, 2.201049987414429e-22, nan 
-30.625, -65.875, 4.318276274239058e-22, nan 
-30.375, -65.875, 3.4653347575941317e-22, nan 
-30.125, -65.875, 4.095984090728937e-22, nan 
-29.875, -65.875, 4.494126793502936e-22, nan 
-29.625, -65.875, 3.839061637463516e-22, nan 
-29.375, -65.875, 3.699614241870136e-22, nan 
-29.125, -65.875, 5.210607582643412e-22, nan 
-28.875, -65.875, 7.748748928540844e-22, nan 
-28.625, -65.875, 7.974140668826225e-22, nan 
-28.375, -65.875, 8.963282410978368e-22, nan 
-28.125, -65.875, 7.099703905574415e-22, nan 
-27.875, -65.875, 7.533434554885722e-22, nan 
-27.625, -65.875, 6.47102275217034e-22, nan 
-27.375, -65.875, 2.487719046837311e-22, nan 
-27.125, -65.875, 1.2391181260703036e-22, nan 
-26.875, -65.875, 1.0385761892441269e-22, nan 
-26.625, -65.875, 8.958962337245305e-23, nan 
-26.375, -65.875, 9.545996724729902e-23, nan 
-26.125, -65.875, 1.2746502509199014e-22, nan 
-25.875, -65.875, 6.333845547506091e-23, nan 
-25.625, -65.875, 6.479555977891888e-23, nan 
-25.375, -65.875, 5.686253422943319e-23, nan 
-25.125, -65.875, 1.0517809170881702e-22, nan 
-24.875, -65.875, 2.312421650769312e-22, nan 
-24.625, -65.875, 2.3873998861501917e-22, nan 
-24.375, -65.875, 4.760961790715886e-22, nan 
-24.125, -65.875, 4.074382536832009e-22, nan 
-23.875, -65.875, 3.2743529587691597e-22, nan 
-23.625, -65.875, 6.804738441872118e-22, nan 
-23.375, -65.875, 6.905508754275685e-22, nan 
-23.125, -65.875, 2.0216078666372311e-22, nan 
-22.875, -65.875, 6.404312658235425e-23, nan 
-22.625, -65.875, 2.3800145045073673e-22, nan 
-22.375, -65.875, 4.85804955126657e-22, nan 
-22.125, -65.875, 5.058632081514657e-22, nan 
-21.875, -65.875, 5.023201141074331e-22, nan 
-21.625, -65.875, 5.715900538517704e-22, nan 
-21.375, -65.875, 4.341106442479744e-22, nan 
-21.125, -65.875, 2.262865605616332e-22, nan 
-20.875, -65.875, 1.2948499836603397e-22, nan 
-20.625, -65.875, 1.5154133390213702e-22, nan 
-20.375, -65.875, 1.8202944804210682e-22, nan 
-20.125, -65.875, 1.4012015272453814e-22, nan 
-19.875, -65.875, 4.343965393502594e-23, nan 
-19.625, -65.875, 5.433782749481462e-23, nan 
-19.375, -65.875, 3.072624714172291e-23, nan 
-19.125, -65.875, 2.912734834567464e-23, nan 
-18.875, -65.875, 2.5031310840821026e-23, nan 
-18.625, -65.875, 4.8408276568348505e-23, nan 
-18.375, -65.875, 4.6648001110049615e-23, nan 
-18.125, -65.875, 3.380452566503358e-23, nan 
-17.875, -65.875, 3.4561648513526154e-23, nan 
-17.625, -65.875, 2.0964409591614456e-23, nan 
-17.375, -65.875, 4.2319143246199297e-23, nan 
-17.125, -65.875, 4.8142616079002334e-23, nan 
-16.875, -65.875, 5.473004985485978e-23, nan 
-16.625, -65.875, 8.182110064097781e-23, nan 
-16.375, -65.875, 5.1515594691621515e-23, nan 
-16.125, -65.875, 6.238599210424375e-23, nan 
-15.875, -65.875, 5.46751146047279e-23, nan 
-15.625, -65.875, 3.890301189012411e-23, nan 
-15.375, -65.875, 3.925896182460889e-23, nan 
-15.125, -65.875, 3.4158994846131856e-23, nan 
-14.875, -65.875, 3.69675665184801e-23, nan 
-14.625, -65.875, 3.0049781100240777e-23, nan 
-14.375, -65.875, 1.985175638691252e-23, nan 
-14.125, -65.875, 1.6719876069232583e-23, nan 
-13.875, -65.875, 1.670011503515633e-23, nan 
-13.625, -65.875, 1.1641926027817629e-23, nan 
-13.375, -65.875, 5.508048524628281e-23, nan 
-13.125, -65.875, 6.584449508375735e-23, nan 
-12.875, -65.875, 8.977210147416598e-24, nan 
-12.625, -65.875, 1.0865482125670553e-22, nan 
-12.375, -65.875, 1.2260470023589473e-22, nan 
-12.125, -65.875, 1.1524563614021134e-23, nan 
-11.875, -65.875, 3.5734004121408986e-23, nan 
-11.625, -65.875, 4.38675130116496e-23, nan 
-11.375, -65.875, 7.693443020827907e-24, nan 
-11.125, -65.875, 5.0525826166019174e-24, nan 
-10.875, -65.875, 4.807788046336599e-24, nan 
-10.625, -65.875, 3.6458756529727245e-24, nan 
-10.375, -65.875, 4.811021801601839e-24, nan 
-10.125, -65.875, 1.0549483186277768e-23, nan 
-9.875, -65.875, 2.3253849984543216e-23, nan 
-9.625, -65.875, 2.935711841231616e-23, nan 
-9.375, -65.875, 1.1788353063108624e-23, nan 
-9.125, -65.875, 4.079818310618754e-23, nan 
-8.875, -65.875, 5.85544215778066e-23, nan 
-8.625, -65.875, 1.8043429567298147e-23, nan 
-8.375, -65.875, 2.7565077597988765e-23, nan 
-8.125, -65.875, 3.6696172858876916e-23, nan 
-7.875, -65.875, 1.596651691341912e-23, nan 
-7.625, -65.875, 1.3469069040881414e-23, nan 
-7.375, -65.875, 1.534231484953322e-23, nan 
-7.125, -65.875, 4.7688644951680144e-24, nan 
-6.875, -65.875, 1.4972084051620347e-23, nan 
-6.625, -65.875, 1.6253327610578926e-23, nan 
-6.375, -65.875, 1.492284299282243e-23, nan 
-6.125, -65.875, 1.176923684822963e-23, nan 
-5.875, -65.875, 1.1177291829343646e-23, nan 
-5.625, -65.875, 3.621355554865195e-23, nan 
-5.375, -65.875, 1.825263631686118e-23, nan 
-5.125, -65.875, 1.5551912509824078e-23, nan 
-4.875, -65.875, 3.040175522135038e-23, nan 
-4.625, -65.875, 2.985786556459413e-23, nan 
-4.375, -65.875, 2.1277032822068738e-23, nan 
-4.125, -65.875, 2.733090139067225e-23, nan 
-3.875, -65.875, 3.0324891949236014e-23, nan 
-3.625, -65.875, 2.279630298322206e-23, nan 
-3.375, -65.875, 2.361884496132594e-23, nan 
-3.125, -65.875, 2.2841132440503328e-23, nan 
-2.875, -65.875, 1.5492513503201966e-23, nan 
-2.625, -65.875, 1.8386279770973133e-23, nan 
-2.375, -65.875, 2.0761736869726332e-23, nan 
-2.125, -65.875, 1.516343680668687e-23, nan 
-1.875, -65.875, 2.2102610426679615e-23, nan 
-1.625, -65.875, 2.3124922153189418e-23, nan 
-1.375, -65.875, 2.3491064457614695e-23, nan 
-1.125, -65.875, 1.4535356302661832e-23, nan 
-0.875, -65.875, 2.1349904529189728e-23, nan 
-0.625, -65.875, 2.2187729461291387e-23, nan 
-0.375, -65.875, 1.4189903365936783e-23, nan 
-0.125, -65.875, 1.1931623315974543e-23, nan 
0.125, -65.875, 2.3331703858324432e-23, nan 
0.375, -65.875, 2.26528709785834e-23, nan 
0.625, -65.875, 2.122053924259814e-23, nan 
0.875, -65.875, 1.7162021263770828e-23, nan 
1.125, -65.875, 1.0935129845427979e-23, nan 
1.375, -65.875, 1.1223923693005729e-23, nan 
1.625, -65.875, 1.5136172559298875e-23, nan 
1.875, -65.875, 8.384125227099998e-24, nan 
2.125, -65.875, 1.1504165856481619e-23, nan 
2.375, -65.875, 2.197639438503826e-23, nan 
2.625, -65.875, 2.081923692035156e-23, nan 
2.875, -65.875, 1.7259568324418138e-23, nan 
3.125, -65.875, 2.5598371236481585e-23, nan 
3.375, -65.875, 8.8731502156904e-23, nan 
3.625, -65.875, 1.22129472159255e-22, nan 
3.875, -65.875, 1.6763218008548798e-22, nan 
4.125, -65.875, 1.5709768137334249e-22, nan 
4.375, -65.875, 3.2749012386825566e-23, nan 
4.625, -65.875, 1.8443785449350236e-23, nan 
4.875, -65.875, 2.4462347134810223e-23, nan 
5.125, -65.875, 3.129153745129606e-23, nan 
5.375, -65.875, 3.962813888158479e-24, nan 
5.625, -65.875, 1.0461176112897231e-23, nan 
5.875, -65.875, 1.0499825353645474e-23, nan 
6.125, -65.875, 1.6490290706409782e-23, nan 
6.375, -65.875, 1.747675810032547e-23, nan 
6.625, -65.875, 1.5975409437597827e-23, nan 
6.875, -65.875, 2.5032506602154053e-23, nan 
7.125, -65.875, 2.064779520840825e-23, nan 
7.375, -65.875, 1.7531907569934467e-23, nan 
7.625, -65.875, 3.0138801096496046e-23, nan 
7.875, -65.875, 2.7089401558721936e-23, nan 
8.125, -65.875, 2.2958789227458178e-23, nan 
8.375, -65.875, 3.1029179786761894e-23, nan 
8.625, -65.875, 2.1232275808245754e-23, nan 
-50.625, -65.625, 5.202223367564722e-21, nan 
-50.375, -65.625, 4.117155368174995e-21, nan 
-50.125, -65.625, 3.746203749762166e-21, nan 
-49.875, -65.625, 1.0495764724464551e-21, nan 
-49.625, -65.625, 3.8511440745926536e-22, nan 
-49.375, -65.625, 8.177776110346014e-22, nan 
-49.125, -65.625, 1.7690079402758265e-21, nan 
-48.875, -65.625, 2.8883601345092753e-21, nan 
-48.625, -65.625, 3.6922240652852205e-21, nan 
-48.375, -65.625, 3.993240558593193e-21, nan 
-48.125, -65.625, 4.85319954153407e-21, nan 
-47.875, -65.625, 4.605736308966016e-21, nan 
-47.625, -65.625, 4.34154034223073e-21, nan 
-47.375, -65.625, 3.9786705551664365e-21, nan 
-47.125, -65.625, 2.3180910301445423e-21, nan 
-46.875, -65.625, 4.908046348263806e-21, nan 
-46.625, -65.625, 5.521384297454175e-21, nan 
-46.375, -65.625, 9.877890187514283e-22, nan 
-46.125, -65.625, 1.4168696005038965e-21, nan 
-45.875, -65.625, 1.7301495609618248e-21, nan 
-45.625, -65.625, 1.2478832153561353e-21, nan 
-45.375, -65.625, 2.0093265068398065e-21, nan 
-45.125, -65.625, 2.347817265000887e-21, nan 
-44.875, -65.625, 2.9138461162817726e-21, nan 
-44.625, -65.625, 3.1475279868806696e-21, nan 
-44.375, -65.625, 8.820569964379482e-21, nan 
-44.125, -65.625, 9.074130323324475e-21, nan 
-43.875, -65.625, 1.3968773021277543e-20, nan 
-43.625, -65.625, 1.5065769895526025e-20, nan 
-43.375, -65.625, 1.2071331041143682e-20, nan 
-43.125, -65.625, 1.8681689688409294e-20, nan 
-42.875, -65.625, 4.6006121105293165e-20, nan 
-42.625, -65.625, 4.827097817798055e-20, nan 
-42.375, -65.625, 5.2734852623744857e-20, nan 
-42.125, -65.625, 6.145413530395803e-20, nan 
-41.875, -65.625, 4.53385813267886e-20, nan 
-41.625, -65.625, 3.054259850486944e-20, nan 
-41.375, -65.625, 6.461808591575702e-21, nan 
-41.125, -65.625, 5.126562282240684e-21, nan 
-40.875, -65.625, 4.651922244532138e-21, nan 
-40.625, -65.625, 3.3186438583740205e-21, nan 
-40.375, -65.625, 2.5398710259800937e-21, nan 
-40.125, -65.625, 4.140058190376739e-21, nan 
-39.875, -65.625, 2.570811978269401e-21, nan 
-39.625, -65.625, 1.752624873048773e-21, nan 
-39.375, -65.625, 1.356865660512294e-21, nan 
-39.125, -65.625, 1.166231056553799e-21, nan 
-38.875, -65.625, 8.586700476464611e-22, nan 
-38.625, -65.625, 4.099357457995385e-21, nan 
-38.375, -65.625, 4.228815667651535e-21, nan 
-38.125, -65.625, 8.0462632411761105e-22, nan 
-37.875, -65.625, 7.371920060507019e-21, nan 
-37.625, -65.625, 7.456817615259823e-21, nan 
-37.375, -65.625, 6.406792383957751e-22, nan 
-37.125, -65.625, 3.2230360906361924e-21, nan 
-36.875, -65.625, 3.097441832510758e-21, nan 
-36.625, -65.625, 9.466965791565529e-22, nan 
-36.375, -65.625, 1.1630793488553452e-21, nan 
-36.125, -65.625, 1.1901798628456313e-21, nan 
-35.875, -65.625, 8.973606662063321e-22, nan 
-35.625, -65.625, 8.679462956177216e-22, nan 
-35.375, -65.625, 4.030455371421484e-22, nan 
-35.125, -65.625, 4.86223585063475e-22, nan 
-34.875, -65.625, 5.376908515544352e-22, nan 
-34.625, -65.625, 2.487855880079236e-22, nan 
-34.375, -65.625, 1.7043583359644936e-22, nan 
-34.125, -65.625, 1.9766093011303268e-22, nan 
-33.875, -65.625, 1.6120151147122333e-22, nan 
-33.625, -65.625, 1.9597795928546595e-22, nan 
-33.375, -65.625, 1.5589086622349629e-22, nan 
-33.125, -65.625, 1.3117216217153625e-22, nan 
-32.875, -65.625, 1.4016305498509166e-22, nan 
-32.625, -65.625, 1.6857154991964935e-22, nan 
-32.375, -65.625, 1.2668628016573282e-22, nan 
-32.125, -65.625, 1.113934285221416e-22, nan 
-31.875, -65.625, 1.1769156043503086e-22, nan 
-31.625, -65.625, 1.180639047671887e-22, nan 
-31.375, -65.625, 1.4770977482399323e-22, nan 
-31.125, -65.625, 1.5555842914844784e-22, nan 
-30.875, -65.625, 1.3806774942403948e-22, nan 
-30.625, -65.625, 2.0625708263841562e-22, nan 
-30.375, -65.625, 2.7941758720017353e-22, nan 
-30.125, -65.625, 2.512959010334998e-22, nan 
-29.875, -65.625, 3.3044386180638385e-22, nan 
-29.625, -65.625, 3.5354716607266477e-22, nan 
-29.375, -65.625, 3.46631537717348e-22, nan 
-29.125, -65.625, 3.496230925546734e-22, nan 
-28.875, -65.625, 3.0941994387846294e-22, nan 
-28.625, -65.625, 4.483589812297275e-22, nan 
-28.375, -65.625, 5.336289906797787e-22, nan 
-28.125, -65.625, 2.151007635516312e-22, nan 
-27.875, -65.625, 2.2237065022337124e-22, nan 
-27.625, -65.625, 2.0718244404163956e-22, nan 
-27.375, -65.625, 1.803921555735439e-22, nan 
-27.125, -65.625, 1.9932117308638702e-22, nan 
-26.875, -65.625, 1.063822195488749e-22, nan 
-26.625, -65.625, 8.742891132824944e-23, nan 
-26.375, -65.625, 1.161864292854048e-22, nan 
-26.125, -65.625, 1.31053233037919e-22, nan 
-25.875, -65.625, 9.285106198623058e-23, nan 
-25.625, -65.625, 7.269882588135256e-23, nan 
-25.375, -65.625, 1.0100361783710528e-22, nan 
-25.125, -65.625, 9.788666592337613e-23, nan 
-24.875, -65.625, 1.0566690977587277e-22, nan 
-24.625, -65.625, 1.1388751646655626e-22, nan 
-24.375, -65.625, 1.1542713649049794e-22, nan 
-24.125, -65.625, 2.313593096351189e-22, nan 
-23.875, -65.625, 2.9135445882418098e-22, nan 
-23.625, -65.625, 4.860608767735622e-22, nan 
-23.375, -65.625, 4.140069565855665e-22, nan 
-23.125, -65.625, 3.734786777944231e-22, nan 
-22.875, -65.625, 4.862003913999074e-22, nan 
-22.625, -65.625, 6.794603626361255e-22, nan 
-22.375, -65.625, 6.323081554549461e-22, nan 
-22.125, -65.625, 4.751627318437655e-22, nan 
-21.875, -65.625, 5.736124945301201e-22, nan 
-21.625, -65.625, 4.1411909832572522e-22, nan 
-21.375, -65.625, 2.864171047844569e-22, nan 
-21.125, -65.625, 1.8742980663481404e-22, nan 
-20.875, -65.625, 1.7265334918154945e-22, nan 
-20.625, -65.625, 2.10069698885731e-22, nan 
-20.375, -65.625, 2.653777111464359e-22, nan 
-20.125, -65.625, 1.9359380559475676e-22, nan 
-19.875, -65.625, 5.733387561730554e-23, nan 
-19.625, -65.625, 8.940182036376702e-23, nan 
-19.375, -65.625, 7.677236268575564e-23, nan 
-19.125, -65.625, 2.801564084008687e-23, nan 
-18.875, -65.625, 2.419303521814512e-23, nan 
-18.625, -65.625, 5.02808338372996e-23, nan 
-18.375, -65.625, 5.079596086347871e-23, nan 
-18.125, -65.625, 4.8651996139880124e-23, nan 
-17.875, -65.625, 5.970430253196e-23, nan 
-17.625, -65.625, 5.000124685795378e-23, nan 
-17.375, -65.625, 5.55076980200422e-23, nan 
-17.125, -65.625, 7.210916275667547e-23, nan 
-16.875, -65.625, 6.747799400764282e-23, nan 
-16.625, -65.625, 5.094575184405408e-23, nan 
-16.375, -65.625, 3.4029728313262105e-23, nan 
-16.125, -65.625, 5.426539731318932e-23, nan 
-15.875, -65.625, 5.838209129383746e-23, nan 
-15.625, -65.625, 6.386772262680292e-23, nan 
-15.375, -65.625, 4.468765842081165e-23, nan 
-15.125, -65.625, 3.878051382555365e-23, nan 
-14.875, -65.625, 6.901804343437562e-23, nan 
-14.625, -65.625, 4.3216808094487245e-23, nan 
-14.375, -65.625, 1.2623142026354735e-23, nan 
-14.125, -65.625, 6.204828380408595e-23, nan 
-13.875, -65.625, 2.009889239952136e-23, nan 
-13.625, -65.625, 2.3934319670356164e-23, nan 
-13.375, -65.625, 1.7489595986836886e-23, nan 
-13.125, -65.625, 2.061386807846437e-23, nan 
-12.875, -65.625, 9.146034167811587e-24, nan 
-12.625, -65.625, 5.599413156127831e-23, nan 
-12.375, -65.625, 6.81408325029703e-23, nan 
-12.125, -65.625, 1.1281030889580676e-23, nan 
-11.875, -65.625, 1.1827312194832029e-23, nan 
-11.625, -65.625, 1.2655820348967915e-23, nan 
-11.375, -65.625, 7.909151470663176e-24, nan 
-11.125, -65.625, 3.607671106899342e-24, nan 
-10.875, -65.625, 3.6879213835004775e-24, nan 
-10.625, -65.625, 4.185225896240734e-24, nan 
-10.375, -65.625, 5.668125350364843e-24, nan 
-10.125, -65.625, 1.367871857466709e-23, nan 
-9.875, -65.625, 1.075802637229738e-23, nan 
-9.625, -65.625, 1.1252034881303107e-23, nan 
-9.375, -65.625, 1.9991421960123833e-23, nan 
-9.125, -65.625, 2.2338053400177938e-23, nan 
-8.875, -65.625, 2.5480519376794423e-23, nan 
-8.625, -65.625, 1.9894985214029536e-23, nan 
-8.375, -65.625, 1.425505833856507e-23, nan 
-8.125, -65.625, 1.558940329448973e-23, nan 
-7.875, -65.625, 1.7047724226559416e-23, nan 
-7.625, -65.625, 8.45624165919271e-24, nan 
-7.375, -65.625, 1.0019962156300067e-23, nan 
-7.125, -65.625, 5.172640275850432e-24, nan 
-6.875, -65.625, 8.628608530593704e-24, nan 
-6.625, -65.625, 3.8278696674290825e-24, nan 
-6.375, -65.625, 7.002711760248672e-24, nan 
-6.125, -65.625, 8.194051238631835e-24, nan 
-5.875, -65.625, 7.064962399196414e-24, nan 
-5.625, -65.625, 1.8762061458503324e-23, nan 
-5.375, -65.625, 1.2620879869254472e-23, nan 
-5.125, -65.625, 1.3956632873978747e-23, nan 
-4.875, -65.625, 2.0662234201036564e-23, nan 
-4.625, -65.625, 2.978703009347243e-23, nan 
-4.375, -65.625, 1.9167017731552804e-23, nan 
-4.125, -65.625, 1.7742441158009923e-23, nan 
-3.875, -65.625, 2.2420453342343876e-23, nan 
-3.625, -65.625, 2.698646942263034e-23, nan 
-3.375, -65.625, 1.7352143256665518e-23, nan 
-3.125, -65.625, 2.4071715062137063e-23, nan 
-2.875, -65.625, 3.60078919089438e-23, nan 
-2.625, -65.625, 2.1974493944779273e-23, nan 
-2.375, -65.625, 1.927410212254894e-23, nan 
-2.125, -65.625, 3.267023692067552e-23, nan 
-1.875, -65.625, 2.3449628556817817e-23, nan 
-1.625, -65.625, 2.858124163395388e-23, nan 
-1.375, -65.625, 3.0100585478447893e-23, nan 
-1.125, -65.625, 1.5232089182248457e-23, nan 
-0.875, -65.625, 2.0391959336705192e-23, nan 
-0.625, -65.625, 2.8667362277213094e-23, nan 
-0.375, -65.625, 1.69884297512022e-23, nan 
-0.125, -65.625, 1.3052540003204869e-23, nan 
0.125, -65.625, 2.219810837887596e-23, nan 
0.375, -65.625, 2.0673891913163936e-23, nan 
0.625, -65.625, 1.6341468384118233e-23, nan 
0.875, -65.625, 7.35235383976956e-24, nan 
1.125, -65.625, 6.415674866954893e-24, nan 
1.375, -65.625, 8.225716853903349e-24, nan 
1.625, -65.625, 2.1832189490318393e-23, nan 
1.875, -65.625, 2.0251611491397868e-23, nan 
2.125, -65.625, 1.333123280856221e-23, nan 
2.375, -65.625, 3.003033122317425e-23, nan 
2.625, -65.625, 3.050679565589504e-23, nan 
2.875, -65.625, 2.08851321400207e-23, nan 
3.125, -65.625, 2.2928653912313287e-23, nan 
3.375, -65.625, 1.986772319848001e-23, nan 
3.625, -65.625, 1.90505263999055e-23, nan 
3.875, -65.625, 2.4856484583280367e-23, nan 
4.125, -65.625, 3.109459138685297e-23, nan 
4.375, -65.625, 2.134203860599267e-23, nan 
4.625, -65.625, 1.6373226637295122e-23, nan 
4.875, -65.625, 2.1234331243419824e-23, nan 
5.125, -65.625, 2.379227687408502e-23, nan 
5.375, -65.625, 1.7817746082250884e-23, nan 
5.625, -65.625, 1.054995866830374e-23, nan 
5.875, -65.625, 9.334954601053725e-24, nan 
6.125, -65.625, 2.2299678274910797e-23, nan 
6.375, -65.625, 3.476107333972432e-23, nan 
6.625, -65.625, 2.675877883756079e-23, nan 
6.875, -65.625, 2.6007771540343107e-23, nan 
7.125, -65.625, 2.4418785668859335e-23, nan 
7.375, -65.625, 3.234685461682654e-23, nan 
7.625, -65.625, 2.5637840111128885e-23, nan 
7.875, -65.625, 1.671545214607328e-23, nan 
8.125, -65.625, 1.2234994693773041e-23, nan 
8.375, -65.625, 1.764132922852096e-23, nan 
8.625, -65.625, 1.4212418573810466e-23, nan 
-49.875, -65.375, 5.924069747634498e-21, nan 
-49.625, -65.375, 2.8159604526236618e-21, nan 
-49.375, -65.375, 1.6278463557564873e-21, nan 
-49.125, -65.375, 1.767033799401705e-21, nan 
-48.875, -65.375, 1.952543336023396e-21, nan 
-48.625, -65.375, 5.68674725255057e-21, nan 
-48.375, -65.375, 6.0888470222713466e-21, nan 
-48.125, -65.375, 7.365780115768236e-21, nan 
-47.875, -65.375, 8.072440130961381e-21, nan 
-47.625, -65.375, 1.1273676150350067e-20, nan 
-47.375, -65.375, 1.5040748513963603e-20, nan 
-47.125, -65.375, 1.5694152995829347e-20, nan 
-46.875, -65.375, 2.4046263951504986e-20, nan 
-46.625, -65.375, 2.2328341457247604e-20, nan 
-46.375, -65.375, 6.844192711894739e-21, nan 
-46.125, -65.375, 7.609557208456263e-21, nan 
-45.875, -65.375, 7.937033408621544e-21, nan 
-45.625, -65.375, 5.716641180961472e-21, nan 
-45.375, -65.375, 4.855821347297615e-21, nan 
-45.125, -65.375, 4.920520710950493e-21, nan 
-44.875, -65.375, 6.965067279157182e-21, nan 
-44.625, -65.375, 1.5511705188299652e-20, nan 
-44.375, -65.375, 2.4565605070121475e-20, nan 
-44.125, -65.375, 2.90104559822485e-20, nan 
-43.875, -65.375, 3.101421530343909e-20, nan 
-43.625, -65.375, 3.4413400387193175e-20, nan 
-43.375, -65.375, 4.2159924894310495e-20, nan 
-43.125, -65.375, 4.428250870079276e-20, nan 
-42.875, -65.375, 4.42594640400592e-20, nan 
-42.625, -65.375, 4.743295704471714e-20, nan 
-42.375, -65.375, 3.790771630837034e-20, nan 
-42.125, -65.375, 2.1505635224194084e-20, nan 
-41.875, -65.375, 1.1568546906360896e-20, nan 
-41.625, -65.375, 5.9097142163359195e-21, nan 
-41.375, -65.375, 7.770443769692042e-21, nan 
-41.125, -65.375, 5.728246267613542e-21, nan 
-40.875, -65.375, 5.616449243636136e-21, nan 
-40.625, -65.375, 3.767278360192158e-21, nan 
-40.375, -65.375, 6.52418247349707e-21, nan 
-40.125, -65.375, 8.704263451310397e-21, nan 
-39.875, -65.375, 5.122756853184015e-21, nan 
-39.625, -65.375, 1.916936000175074e-21, nan 
-39.375, -65.375, 3.032857155695861e-21, nan 
-39.125, -65.375, 1.6687168674704554e-21, nan 
-38.875, -65.375, 8.57700038236787e-22, nan 
-38.625, -65.375, 4.696428381086482e-22, nan 
-38.375, -65.375, 4.374351095124485e-22, nan 
-38.125, -65.375, 4.973415506247775e-22, nan 
-37.875, -65.375, 3.3375632273372347e-21, nan 
-37.625, -65.375, 3.446167071681361e-21, nan 
-37.375, -65.375, 3.9307262937191236e-22, nan 
-37.125, -65.375, 7.851687863130241e-22, nan 
-36.875, -65.375, 4.733105026401361e-22, nan 
-36.625, -65.375, 5.514592582292292e-22, nan 
-36.375, -65.375, 6.64928793227274e-22, nan 
-36.125, -65.375, 1.0259021920889977e-21, nan 
-35.875, -65.375, 5.684777280151533e-22, nan 
-35.625, -65.375, 5.92488818660418e-22, nan 
-35.375, -65.375, 6.283630438042335e-22, nan 
-35.125, -65.375, 4.3724696546935655e-22, nan 
-34.875, -65.375, 4.124066779963972e-22, nan 
-34.625, -65.375, 2.391638075497885e-22, nan 
-34.375, -65.375, 1.1072974255120796e-22, nan 
-34.125, -65.375, 2.17809635312154e-22, nan 
-33.875, -65.375, 1.7036440021849007e-22, nan 
-33.625, -65.375, 4.0553186817082377e-23, nan 
-33.375, -65.375, 1.1325793784229487e-22, nan 
-33.125, -65.375, 1.0945107727120686e-22, nan 
-32.875, -65.375, 1.3993602481768964e-22, nan 
-32.625, -65.375, 1.8604293461614135e-22, nan 
-32.375, -65.375, 1.3193434337370628e-22, nan 
-32.125, -65.375, 1.7333818682397544e-22, nan 
-31.875, -65.375, 1.7860885187746207e-22, nan 
-31.625, -65.375, 1.8467537396267567e-22, nan 
-31.375, -65.375, 1.389980971379349e-22, nan 
-31.125, -65.375, 1.3476646226271632e-22, nan 
-30.875, -65.375, 1.4638939306181164e-22, nan 
-30.625, -65.375, 1.1057158409416053e-22, nan 
-30.375, -65.375, 1.565090904868708e-22, nan 
-30.125, -65.375, 1.8733072576316802e-22, nan 
-29.875, -65.375, 2.991974672939384e-22, nan 
-29.625, -65.375, 2.5406388456341944e-22, nan 
-29.375, -65.375, 2.8848079350451423e-22, nan 
-29.125, -65.375, 3.0419896713286856e-22, nan 
-28.875, -65.375, 2.8337976685413074e-22, nan 
-28.625, -65.375, 2.696205940387876e-22, nan 
-28.375, -65.375, 2.5671914836187527e-22, nan 
-28.125, -65.375, 2.3643477295432576e-22, nan 
-27.875, -65.375, 1.7827061543003163e-22, nan 
-27.625, -65.375, 1.7593365991977803e-22, nan 
-27.375, -65.375, 1.5264196224804743e-22, nan 
-27.125, -65.375, 1.285039474098599e-22, nan 
-26.875, -65.375, 9.654770307715643e-23, nan 
-26.625, -65.375, 2.4118201778713325e-22, nan 
-26.375, -65.375, 2.975423865620685e-22, nan 
-26.125, -65.375, 7.037146926810251e-23, nan 
-25.875, -65.375, 9.307594604389384e-23, nan 
-25.625, -65.375, 9.402760004049779e-23, nan 
-25.375, -65.375, 9.031513573220968e-23, nan 
-25.125, -65.375, 8.743300159915864e-23, nan 
-24.875, -65.375, 7.921211738108911e-23, nan 
-24.625, -65.375, 1.005814428161469e-22, nan 
-24.375, -65.375, 1.1915173154549662e-22, nan 
-24.125, -65.375, 8.928084177630568e-23, nan 
-23.875, -65.375, 1.2321758099807285e-22, nan 
-23.625, -65.375, 1.2720143915176618e-22, nan 
-23.375, -65.375, 1.9399826439951179e-22, nan 
-23.125, -65.375, 3.38672530601426e-22, nan 
-22.875, -65.375, 4.0853504643123873e-22, nan 
-22.625, -65.375, 4.427528090115049e-22, nan 
-22.375, -65.375, 4.234471565905078e-22, nan 
-22.125, -65.375, 2.9841373348802547e-22, nan 
-21.875, -65.375, 8.045915723858996e-23, nan 
-21.625, -65.375, 6.659032774217992e-23, nan 
-21.375, -65.375, 1.3368042945304505e-22, nan 
-21.125, -65.375, 1.444201727406003e-22, nan 
-20.875, -65.375, 1.0126462455597777e-22, nan 
-20.625, -65.375, 1.1320638542885048e-22, nan 
-20.375, -65.375, 1.3590702740472472e-22, nan 
-20.125, -65.375, 1.085667233001501e-22, nan 
-19.875, -65.375, 2.1647800116514246e-23, nan 
-19.625, -65.375, 2.7637239315183195e-23, nan 
-19.375, -65.375, 3.479609034770279e-23, nan 
-19.125, -65.375, 4.1761922216757813e-23, nan 
-18.875, -65.375, 1.471962944232043e-23, nan 
-18.625, -65.375, 2.2593391658681486e-23, nan 
-18.375, -65.375, 3.6181664472543245e-23, nan 
-18.125, -65.375, 2.0094503668929793e-23, nan 
-17.875, -65.375, 4.0930798188489866e-23, nan 
-17.625, -65.375, 4.1401434773795584e-23, nan 
-17.375, -65.375, 4.2790425207577396e-23, nan 
-17.125, -65.375, 5.992977632314022e-23, nan 
-16.875, -65.375, 8.330135970383859e-23, nan 
-16.625, -65.375, 7.312349115512785e-23, nan 
-16.375, -65.375, 5.597110308151299e-23, nan 
-16.125, -65.375, 6.792624321076057e-23, nan 
-15.875, -65.375, 9.060182148372093e-23, nan 
-15.625, -65.375, 7.719152269624063e-23, nan 
-15.375, -65.375, 3.627229331586856e-23, nan 
-15.125, -65.375, 1.4160784728032775e-22, nan 
-14.875, -65.375, 2.177078371971174e-22, nan 
-14.625, -65.375, 1.7304287549608078e-22, nan 
-14.375, -65.375, 1.6692510381567107e-22, nan 
-14.125, -65.375, 1.1692313453323417e-22, nan 
-13.875, -65.375, 2.3678461337207418e-23, nan 
-13.625, -65.375, 2.54542160163945e-23, nan 
-13.375, -65.375, 6.104626115797055e-23, nan 
-13.125, -65.375, 2.1111275493849368e-23, nan 
-12.875, -65.375, 1.5359401083116378e-23, nan 
-12.625, -65.375, 1.9224691207160898e-23, nan 
-12.375, -65.375, 1.679130710633859e-23, nan 
-12.125, -65.375, 1.1408070444972698e-23, nan 
-11.875, -65.375, 9.64420279721191e-24, nan 
-11.625, -65.375, 7.518764227753973e-24, nan 
-11.375, -65.375, 3.8595820295528404e-24, nan 
-11.125, -65.375, 2.0283402689579885e-24, nan 
-10.875, -65.375, 2.4209288244447525e-24, nan 
-10.625, -65.375, 2.628734227719787e-24, nan 
-10.375, -65.375, 2.608151568141252e-24, nan 
-10.125, -65.375, 2.9065906015524084e-24, nan 
-9.875, -65.375, 2.58509648341735e-24, nan 
-9.625, -65.375, 5.594265553865553e-24, nan 
-9.375, -65.375, 1.2964041062271439e-23, nan 
-9.125, -65.375, 1.2032585153089871e-23, nan 
-8.875, -65.375, 1.3588288082426484e-23, nan 
-8.625, -65.375, 1.40344096551857e-23, nan 
-8.375, -65.375, 6.2826824431991146e-24, nan 
-8.125, -65.375, 1.4379961532690287e-23, nan 
-7.875, -65.375, 9.853373630843826e-24, nan 
-7.625, -65.375, 5.962705886340003e-24, nan 
-7.375, -65.375, 7.686006211495572e-24, nan 
-7.125, -65.375, 9.251694945373344e-24, nan 
-6.875, -65.375, 5.687478143872112e-24, nan 
-6.625, -65.375, 4.867634823728642e-24, nan 
-6.375, -65.375, 6.621786265879853e-24, nan 
-6.125, -65.375, 3.6993068713257794e-24, nan 
-5.875, -65.375, 8.307480645304235e-24, nan 
-5.625, -65.375, 8.396959431917148e-24, nan 
-5.375, -65.375, 4.103727790421938e-24, nan 
-5.125, -65.375, 1.7246260567199492e-23, nan 
-4.875, -65.375, 2.962511276149549e-23, nan 
-4.625, -65.375, 2.1317953420712012e-23, nan 
-4.375, -65.375, 2.0502726028564633e-23, nan 
-4.125, -65.375, 3.761294834349452e-23, nan 
-3.875, -65.375, 2.7723150538451864e-23, nan 
-3.625, -65.375, 2.349287226462811e-23, nan 
-3.375, -65.375, 3.094550708521822e-23, nan 
-3.125, -65.375, 2.4085334501934905e-23, nan 
-2.875, -65.375, 3.687067001739541e-23, nan 
-2.625, -65.375, 1.1212096613441562e-23, nan 
-2.375, -65.375, 1.2722920431012116e-23, nan 
-2.125, -65.375, 2.9977338234811034e-23, nan 
-1.875, -65.375, 2.670862304888142e-23, nan 
-1.625, -65.375, 3.0559947171063226e-23, nan 
-1.375, -65.375, 2.943544793874483e-23, nan 
-1.125, -65.375, 2.299529827131319e-23, nan 
-0.875, -65.375, 2.536702438786504e-23, nan 
-0.625, -65.375, 2.6266920379912513e-23, nan 
-0.375, -65.375, 1.9486257297453845e-23, nan 
-0.125, -65.375, 1.2328691476360596e-23, nan 
0.125, -65.375, 1.7052627788640297e-23, nan 
0.375, -65.375, 1.6151363434949815e-23, nan 
0.625, -65.375, 1.884490838011129e-23, nan 
0.875, -65.375, 2.43641727570593e-23, nan 
1.125, -65.375, 1.8406948182414423e-23, nan 
1.375, -65.375, 1.4595637225129704e-23, nan 
1.625, -65.375, 3.5902755436114593e-23, nan 
1.875, -65.375, 4.326060689346277e-23, nan 
2.125, -65.375, 2.592442213070109e-23, nan 
2.375, -65.375, 1.9511887854781658e-23, nan 
2.625, -65.375, 2.6897427684205935e-23, nan 
2.875, -65.375, 3.3556001605368065e-23, nan 
3.125, -65.375, 4.4372691551238684e-23, nan 
3.375, -65.375, 2.3009724100144746e-23, nan 
3.625, -65.375, 2.2471624529300683e-23, nan 
3.875, -65.375, 1.5293014915549166e-23, nan 
4.125, -65.375, 2.654258743166725e-23, nan 
4.375, -65.375, 2.342909530829414e-23, nan 
4.625, -65.375, 1.1008317285009881e-23, nan 
4.875, -65.375, 1.7171283557278153e-23, nan 
5.125, -65.375, 2.4830903518954194e-23, nan 
5.375, -65.375, 2.196914557345825e-23, nan 
5.625, -65.375, 2.87130397751128e-23, nan 
5.875, -65.375, 2.0720962738984886e-23, nan 
6.125, -65.375, 2.8195461475760783e-23, nan 
6.375, -65.375, 5.2899834249541e-23, nan 
6.625, -65.375, 3.1481105026759046e-23, nan 
6.875, -65.375, 3.42259721073199e-23, nan 
7.125, -65.375, 5.0709584675663e-23, nan 
7.375, -65.375, 4.464646770072545e-23, nan 
7.625, -65.375, 2.759750830944677e-23, nan 
7.875, -65.375, 1.0961233441193349e-23, nan 
8.125, -65.375, 1.8604888842455816e-23, nan 
8.375, -65.375, 2.1868250600179176e-23, nan 
-49.375, -65.125, 9.309041640885694e-21, nan 
-49.125, -65.125, 9.285660224027731e-21, nan 
-48.875, -65.125, 9.816858273517195e-21, nan 
-48.625, -65.125, 8.839970549244706e-21, nan 
-48.375, -65.125, 9.114656101340414e-21, nan 
-48.125, -65.125, 1.1540978622787155e-20, nan 
-47.875, -65.125, 1.8361083886636512e-20, nan 
-47.625, -65.125, 1.7713499329499392e-20, nan 
-47.375, -65.125, 1.763054441539105e-20, nan 
-47.125, -65.125, 2.2332170634218366e-20, nan 
-46.875, -65.125, 3.302410575672028e-20, nan 
-46.625, -65.125, 3.3736717279476067e-20, nan 
-46.375, -65.125, 2.6709537625541132e-20, nan 
-46.125, -65.125, 3.3182440826448666e-20, nan 
-45.875, -65.125, 2.813654762223676e-20, nan 
-45.625, -65.125, 3.063790421363535e-20, nan 
-45.375, -65.125, 3.6485045117485517e-20, nan 
-45.125, -65.125, 3.57769797254164e-20, nan 
-44.875, -65.125, 4.777167874594582e-20, nan 
-44.625, -65.125, 3.43706035462164e-20, nan 
-44.375, -65.125, 4.7348225699525284e-20, nan 
-44.125, -65.125, 4.8689614236609734e-20, nan 
-43.875, -65.125, 3.875548550916963e-20, nan 
-43.625, -65.125, 3.802360758808387e-20, nan 
-43.375, -65.125, 4.376308534746236e-20, nan 
-43.125, -65.125, 3.6013695723090086e-20, nan 
-42.875, -65.125, 1.5313004293049913e-20, nan 
-42.625, -65.125, 1.493151705437467e-20, nan 
-42.375, -65.125, 1.726070542254366e-20, nan 
-42.125, -65.125, 9.607783957644732e-21, nan 
-41.875, -65.125, 6.855980811286669e-21, nan 
-41.625, -65.125, 8.209961359983751e-21, nan 
-41.375, -65.125, 4.808888728643077e-21, nan 
-41.125, -65.125, 8.019225367833452e-21, nan 
-40.875, -65.125, 9.812120998655117e-21, nan 
-40.625, -65.125, 7.843780343788506e-21, nan 
-40.375, -65.125, 1.2032587851865323e-20, nan 
-40.125, -65.125, 1.3892598271890236e-20, nan 
-39.875, -65.125, 7.12853520683476e-21, nan 
-39.625, -65.125, 3.1753603482074027e-21, nan 
-39.375, -65.125, 4.706957637262807e-21, nan 
-39.125, -65.125, 4.729991311266982e-21, nan 
-38.875, -65.125, 4.207767430263381e-21, nan 
-38.625, -65.125, 3.402933495913051e-21, nan 
-38.375, -65.125, 1.8082939040860815e-21, nan 
-38.125, -65.125, 5.692107044236461e-22, nan 
-37.875, -65.125, 5.79715094946775e-22, nan 
-37.625, -65.125, 4.841024825580008e-22, nan 
-37.375, -65.125, 3.5435884297818388e-22, nan 
-37.125, -65.125, 4.864063599854377e-22, nan 
-36.875, -65.125, 4.91599302846491e-22, nan 
-36.625, -65.125, 4.017340850403879e-22, nan 
-36.375, -65.125, 3.559354436394512e-22, nan 
-36.125, -65.125, 2.8322323865791697e-22, nan 
-35.875, -65.125, 2.195977574685203e-22, nan 
-35.625, -65.125, 2.3796909424190376e-22, nan 
-35.375, -65.125, 3.090523264147936e-22, nan 
-35.125, -65.125, 3.552601705260095e-22, nan 
-34.875, -65.125, 3.3777902668344413e-22, nan 
-34.625, -65.125, 2.404698682421894e-22, nan 
-34.375, -65.125, 2.42998329237882e-22, nan 
-34.125, -65.125, 3.1799489324380945e-22, nan 
-33.875, -65.125, 1.8647878871818804e-22, nan 
-33.625, -65.125, 7.049644672260964e-23, nan 
-33.375, -65.125, 8.015109693317474e-23, nan 
-33.125, -65.125, 1.0315961717765133e-22, nan 
-32.875, -65.125, 1.9813616006630062e-22, nan 
-32.625, -65.125, 1.7924779741667926e-22, nan 
-32.375, -65.125, 1.5806001909661204e-22, nan 
-32.125, -65.125, 2.1123204993261647e-22, nan 
-31.875, -65.125, 1.8793158160794608e-22, nan 
-31.625, -65.125, 1.5436509233817384e-22, nan 
-31.375, -65.125, 8.704176709152406e-23, nan 
-31.125, -65.125, 8.533823585316043e-23, nan 
-30.875, -65.125, 6.022818453332013e-23, nan 
-30.625, -65.125, 7.478469252155802e-23, nan 
-30.375, -65.125, 8.239386045676218e-23, nan 
-30.125, -65.125, 1.261190970732638e-22, nan 
-29.875, -65.125, 1.3057707973347511e-22, nan 
-29.625, -65.125, 1.3957545473093254e-22, nan 
-29.375, -65.125, 1.6924722668226424e-22, nan 
-29.125, -65.125, 2.0438839893027462e-22, nan 
-28.875, -65.125, 2.3939472693331673e-22, nan 
-28.625, -65.125, 2.641371154065022e-22, nan 
-28.375, -65.125, 2.5383844630805877e-22, nan 
-28.125, -65.125, 2.4584712573452185e-22, nan 
-27.875, -65.125, 2.570526853906246e-22, nan 
-27.625, -65.125, 2.2483952536462914e-22, nan 
-27.375, -65.125, 1.4851726951051261e-22, nan 
-27.125, -65.125, 2.587496035256143e-22, nan 
-26.875, -65.125, 1.5662517472619594e-22, nan 
-26.625, -65.125, 2.6437918293697775e-22, nan 
-26.375, -65.125, 3.7578182038864123e-22, nan 
-26.125, -65.125, 1.359432848857462e-22, nan 
-25.875, -65.125, 1.881787256137793e-22, nan 
-25.625, -65.125, 2.2715371327577484e-22, nan 
-25.375, -65.125, 1.0757767921023373e-22, nan 
-25.125, -65.125, 7.638337156143404e-23, nan 
-24.875, -65.125, 7.640215190587499e-23, nan 
-24.625, -65.125, 4.4689738218344295e-23, nan 
-24.375, -65.125, 5.1166106412605056e-23, nan 
-24.125, -65.125, 4.7367574608146244e-23, nan 
-23.875, -65.125, 8.010440483267132e-23, nan 
-23.625, -65.125, 9.376662546539253e-23, nan 
-23.375, -65.125, 9.172360705286148e-23, nan 
-23.125, -65.125, 1.3470604741204263e-22, nan 
-22.875, -65.125, 1.2430381126867338e-22, nan 
-22.625, -65.125, 1.206764836352271e-22, nan 
-22.375, -65.125, 1.136007376655726e-22, nan 
-22.125, -65.125, 9.605014826376739e-23, nan 
-21.875, -65.125, 7.145579067030426e-23, nan 
-21.625, -65.125, 6.829876517156617e-23, nan 
-21.375, -65.125, 8.267165614648475e-23, nan 
-21.125, -65.125, 8.96941684708004e-23, nan 
-20.875, -65.125, 6.281449460847582e-23, nan 
-20.625, -65.125, 3.819195119553239e-23, nan 
-20.375, -65.125, 4.1078088788598666e-23, nan 
-20.125, -65.125, 2.573017110930344e-23, nan 
-19.875, -65.125, 4.0404079730461034e-23, nan 
-19.625, -65.125, 2.1341179495287878e-23, nan 
-19.375, -65.125, 2.1962168606038155e-23, nan 
-19.125, -65.125, 2.659201649678279e-23, nan 
-18.875, -65.125, 1.6470465687194704e-23, nan 
-18.625, -65.125, 2.7268320487552255e-23, nan 
-18.375, -65.125, 4.2173777823411554e-23, nan 
-18.125, -65.125, 3.4323279105109943e-23, nan 
-17.875, -65.125, 4.2661282835460394e-23, nan 
-17.625, -65.125, 5.490383860059888e-23, nan 
-17.375, -65.125, 4.477765383388788e-23, nan 
-17.125, -65.125, 4.273694443809891e-23, nan 
-16.875, -65.125, 5.673861444853296e-23, nan 
-16.625, -65.125, 4.81527044222204e-23, nan 
-16.375, -65.125, 4.2010285740456853e-23, nan 
-16.125, -65.125, 2.517672078863955e-23, nan 
-15.875, -65.125, 8.919454501256008e-23, nan 
-15.625, -65.125, 1.162202223260105e-22, nan 
-15.375, -65.125, 1.1831095028115054e-22, nan 
-15.125, -65.125, 1.69249330864551e-22, nan 
-14.875, -65.125, 2.15563232596913e-22, nan 
-14.625, -65.125, 2.3056785873505005e-22, nan 
-14.375, -65.125, 2.1943526736413287e-22, nan 
-14.125, -65.125, 1.3720168113515308e-22, nan 
-13.875, -65.125, 1.5508292197374597e-22, nan 
-13.625, -65.125, 1.372310954856499e-22, nan 
-13.375, -65.125, 7.992510485794974e-23, nan 
-13.125, -65.125, 1.6395491516184448e-23, nan 
-12.875, -65.125, 1.2849677331930944e-23, nan 
-12.625, -65.125, 1.6031633051460264e-23, nan 
-12.375, -65.125, 1.0658120237202238e-23, nan 
-12.125, -65.125, 1.2061960537062811e-23, nan 
-11.875, -65.125, 1.2617116442134559e-23, nan 
-11.625, -65.125, 5.66618340182445e-24, nan 
-11.375, -65.125, 5.7568490869363056e-24, nan 
-11.125, -65.125, 6.834295580579288e-24, nan 
-10.875, -65.125, 3.1639649172499296e-24, nan 
-10.625, -65.125, 1.5430740865886288e-24, nan 
-10.375, -65.125, 3.0674469869715713e-24, nan 
-10.125, -65.125, 8.161573237583438e-24, nan 
-9.875, -65.125, 1.1885743523652635e-23, nan 
-9.625, -65.125, 2.079136522144546e-23, nan 
-9.375, -65.125, 1.589096984193438e-23, nan 
-9.125, -65.125, 1.5612900219991525e-23, nan 
-8.875, -65.125, 1.611808066835504e-23, nan 
-8.625, -65.125, 1.0029549690444053e-23, nan 
-8.375, -65.125, 8.331440576903925e-24, nan 
-8.125, -65.125, 1.769580096669656e-23, nan 
-7.875, -65.125, 9.238897836674054e-24, nan 
-7.625, -65.125, 1.2443249701505985e-23, nan 
-7.375, -65.125, 1.4582857295772737e-23, nan 
-7.125, -65.125, 9.502078380575688e-24, nan 
-6.875, -65.125, 5.7983399396976186e-24, nan 
-6.625, -65.125, 6.366960137530279e-24, nan 
-6.375, -65.125, 5.928870793100431e-24, nan 
-6.125, -65.125, 3.2081400644876255e-24, nan 
-5.875, -65.125, 1.1556061695039974e-23, nan 
-5.625, -65.125, 2.3439739131468125e-23, nan 
-5.375, -65.125, 1.0671564583745144e-23, nan 
-5.125, -65.125, 9.10509712445061e-24, nan 
-4.875, -65.125, 2.924940463669682e-23, nan 
-4.625, -65.125, 1.5199360261394176e-23, nan 
-4.375, -65.125, 2.07481732027238e-23, nan 
-4.125, -65.125, 4.3193505046572874e-23, nan 
-3.875, -65.125, 4.8200346213816667e-23, nan 
-3.625, -65.125, 4.060643915458136e-23, nan 
-3.375, -65.125, 4.594062788441217e-23, nan 
-3.125, -65.125, 4.3842493534590074e-23, nan 
-2.875, -65.125, 3.8569854989144136e-23, nan 
-2.625, -65.125, 3.2959551055867255e-23, nan 
-2.375, -65.125, 3.279288208812038e-23, nan 
-2.125, -65.125, 2.607881451433656e-23, nan 
-1.875, -65.125, 2.2469778949825203e-23, nan 
-1.625, -65.125, 2.2331367969683652e-23, nan 
-1.375, -65.125, 2.218632933749657e-23, nan 
-1.125, -65.125, 2.1849621422829316e-23, nan 
-0.875, -65.125, 1.0776494359430027e-23, nan 
-0.625, -65.125, 1.0410499495651249e-23, nan 
-0.375, -65.125, 1.762914666122383e-23, nan 
-0.125, -65.125, 2.0477843803736615e-23, nan 
0.125, -65.125, 1.9007552263570637e-23, nan 
0.375, -65.125, 2.2042330968719627e-23, nan 
0.625, -65.125, 1.8545320274157096e-23, nan 
0.875, -65.125, 2.638156317350722e-23, nan 
1.125, -65.125, 2.979286741761769e-23, nan 
1.375, -65.125, 3.2901450744403754e-23, nan 
1.625, -65.125, 4.47525671094991e-23, nan 
1.875, -65.125, 4.8798143978540734e-23, nan 
2.125, -65.125, 2.5877094469359636e-23, nan 
2.375, -65.125, 4.166147733501933e-23, nan 
2.625, -65.125, 2.5997019210251186e-23, nan 
2.875, -65.125, 4.725027688192708e-23, nan 
3.125, -65.125, 6.547416878405844e-23, nan 
3.375, -65.125, 1.5176506376525584e-23, nan 
3.625, -65.125, 3.572714242350421e-23, nan 
3.875, -65.125, 3.4429214804261905e-23, nan 
4.125, -65.125, 8.063118009965491e-24, nan 
4.375, -65.125, 1.7928267172577013e-23, nan 
4.625, -65.125, 1.4176620438067305e-23, nan 
4.875, -65.125, 1.1323102654523888e-23, nan 
5.125, -65.125, 1.2377374248575385e-23, nan 
5.375, -65.125, 1.8009969389176874e-23, nan 
5.625, -65.125, 3.108599783639171e-23, nan 
5.875, -65.125, 3.642970815267387e-23, nan 
6.125, -65.125, 2.9079863808394364e-23, nan 
6.375, -65.125, 3.5480520859786386e-23, nan 
6.625, -65.125, 4.791336519025923e-23, nan 
6.875, -65.125, 4.6663986488420343e-23, nan 
7.125, -65.125, 2.749765152665422e-23, nan 
7.375, -65.125, 2.64998809782446e-23, nan 
7.625, -65.125, 2.1180815853552438e-23, nan 
7.875, -65.125, 1.2834491397932337e-23, nan 
8.125, -65.125, 4.799616938733284e-24, nan 
-48.625, -64.875, 6.371240608775257e-21, nan 
-48.375, -64.875, 6.854036694330078e-21, nan 
-48.125, -64.875, 7.671246177062672e-21, nan 
-47.875, -64.875, 1.4008959865740228e-20, nan 
-47.625, -64.875, 1.3103554321916628e-20, nan 
-47.375, -64.875, 7.97297158832682e-21, nan 
-47.125, -64.875, 7.147094896960704e-21, nan 
-46.875, -64.875, 1.2031335870013291e-20, nan 
-46.625, -64.875, 1.7763644554102833e-20, nan 
-46.375, -64.875, 2.3716644779613118e-20, nan 
-46.125, -64.875, 3.2369800129231354e-20, nan 
-45.875, -64.875, 2.7915451178105986e-20, nan 
-45.625, -64.875, 2.9497548830001915e-20, nan 
-45.375, -64.875, 3.0217592912215867e-20, nan 
-45.125, -64.875, 3.131540042393975e-20, nan 
-44.875, -64.875, 3.659684480112459e-20, nan 
-44.625, -64.875, 2.3064980549671407e-20, nan 
-44.375, -64.875, 2.736656613094551e-20, nan 
-44.125, -64.875, 2.0556994481130362e-20, nan 
-43.875, -64.875, 1.9290853894793546e-20, nan 
-43.625, -64.875, 2.363220025482149e-20, nan 
-43.375, -64.875, 2.304001428396846e-20, nan 
-43.125, -64.875, 1.820578099206143e-20, nan 
-42.875, -64.875, 1.524548396923664e-20, nan 
-42.625, -64.875, 9.660703296314686e-21, nan 
-42.375, -64.875, 1.1146521492168203e-20, nan 
-42.125, -64.875, 6.4894036502609284e-21, nan 
-41.875, -64.875, 2.2877806606226693e-21, nan 
-41.625, -64.875, 2.0491134034194272e-21, nan 
-41.375, -64.875, 2.1321312837116956e-21, nan 
-41.125, -64.875, 1.58386497553656e-21, nan 
-40.875, -64.875, 2.307024654300661e-21, nan 
-40.625, -64.875, 5.0471289380582226e-21, nan 
-40.375, -64.875, 7.457496833566329e-21, nan 
-40.125, -64.875, 7.984119476785198e-21, nan 
-39.875, -64.875, 5.761437919426185e-21, nan 
-39.625, -64.875, 6.104893910496856e-21, nan 
-39.375, -64.875, 3.3758840326716088e-21, nan 
-39.125, -64.875, 4.361845146594088e-21, nan 
-38.875, -64.875, 5.514121630053869e-21, nan 
-38.625, -64.875, 4.178090858540287e-21, nan 
-38.375, -64.875, 2.4606141169927962e-21, nan 
-38.125, -64.875, 2.021883875518538e-21, nan 
-37.875, -64.875, 1.6737085075238914e-21, nan 
-37.625, -64.875, 1.272689284357486e-21, nan 
-37.375, -64.875, 9.094193717228122e-22, nan 
-37.125, -64.875, 2.974513548185303e-22, nan 
-36.875, -64.875, 2.951077360456156e-22, nan 
-36.625, -64.875, 3.962488926440766e-22, nan 
-36.375, -64.875, 2.154232062957966e-22, nan 
-36.125, -64.875, 1.0637418526517306e-22, nan 
-35.875, -64.875, 1.2642718140918144e-22, nan 
-35.625, -64.875, 8.84184297045066e-23, nan 
-35.375, -64.875, 2.0118722822008597e-22, nan 
-35.125, -64.875, 2.4820736276867563e-22, nan 
-34.875, -64.875, 2.3030990562159154e-22, nan 
-34.625, -64.875, 1.8786901789428718e-22, nan 
-34.375, -64.875, 2.54634067446462e-22, nan 
-34.125, -64.875, 2.383683142046995e-22, nan 
-33.875, -64.875, 1.6591789458575707e-22, nan 
-33.625, -64.875, 1.0238616185684307e-22, nan 
-33.375, -64.875, 4.839621655665394e-23, nan 
-33.125, -64.875, 8.62724575823052e-23, nan 
-32.875, -64.875, 1.687270912149411e-22, nan 
-32.625, -64.875, 1.3821703265603842e-22, nan 
-32.375, -64.875, 1.176822773433387e-22, nan 
-32.125, -64.875, 1.5701290375855638e-22, nan 
-31.875, -64.875, 1.6036156881181133e-22, nan 
-31.625, -64.875, 1.4372384324560337e-22, nan 
-31.375, -64.875, 1.1382120214471706e-22, nan 
-31.125, -64.875, 1.1732050390155572e-22, nan 
-30.875, -64.875, 9.77610094377143e-23, nan 
-30.625, -64.875, 8.740037355203073e-23, nan 
-30.375, -64.875, 6.948974257459136e-23, nan 
-30.125, -64.875, 1.228699404953641e-22, nan 
-29.875, -64.875, 1.142502311353674e-22, nan 
-29.625, -64.875, 1.324668548970619e-22, nan 
-29.375, -64.875, 2.0325859641844064e-22, nan 
-29.125, -64.875, 1.4467345733443934e-22, nan 
-28.875, -64.875, 1.4734631704508122e-22, nan 
-28.625, -64.875, 2.0209173813649515e-22, nan 
-28.375, -64.875, 1.88642537010496e-22, nan 
-28.125, -64.875, 2.3391527244951627e-22, nan 
-27.875, -64.875, 2.3485103485525827e-22, nan 
-27.625, -64.875, 2.517872108270067e-22, nan 
-27.375, -64.875, 2.6715904746887074e-22, nan 
-27.125, -64.875, 2.200016902962201e-22, nan 
-26.875, -64.875, 2.174016795327794e-22, nan 
-26.625, -64.875, 1.4331188242056925e-22, nan 
-26.375, -64.875, 1.426102242358466e-22, nan 
-26.125, -64.875, 1.6516198246370287e-22, nan 
-25.875, -64.875, 1.6850945679384815e-22, nan 
-25.625, -64.875, 1.5706936424643747e-22, nan 
-25.375, -64.875, 1.2159755621398336e-22, nan 
-25.125, -64.875, 9.689865611109925e-23, nan 
-24.875, -64.875, 1.91855786316392e-22, nan 
-24.625, -64.875, 3.6108070177350535e-22, nan 
-24.375, -64.875, 3.4919484776164443e-22, nan 
-24.125, -64.875, 3.645472648401441e-22, nan 
-23.875, -64.875, 2.2240926582686526e-22, nan 
-23.625, -64.875, 8.140853961374234e-23, nan 
-23.375, -64.875, 6.182234346766279e-23, nan 
-23.125, -64.875, 8.754876214991541e-23, nan 
-22.875, -64.875, 1.0847274348639096e-22, nan 
-22.625, -64.875, 1.0870753634014834e-22, nan 
-22.375, -64.875, 1.0300871452091579e-22, nan 
-22.125, -64.875, 9.229413129752455e-23, nan 
-21.875, -64.875, 1.3457278212593005e-22, nan 
-21.625, -64.875, 1.796674868470084e-22, nan 
-21.375, -64.875, 1.393001129696429e-22, nan 
-21.125, -64.875, 9.955658106658582e-23, nan 
-20.875, -64.875, 9.924989148241327e-23, nan 
-20.625, -64.875, 7.366659562429728e-23, nan 
-20.375, -64.875, 4.578490827215396e-23, nan 
-20.125, -64.875, 6.238578974893166e-23, nan 
-19.875, -64.875, 6.997216069142035e-23, nan 
-19.625, -64.875, 2.3996900457553376e-23, nan 
-19.375, -64.875, 1.1565174255418781e-23, nan 
-19.125, -64.875, 2.2862921164973593e-23, nan 
-18.875, -64.875, 3.013265257812409e-23, nan 
-18.625, -64.875, 3.4979794833295415e-23, nan 
-18.375, -64.875, 3.387982947836524e-23, nan 
-18.125, -64.875, 3.2993584306692805e-23, nan 
-17.875, -64.875, 3.706707334406613e-23, nan 
-17.625, -64.875, 4.21223556194417e-23, nan 
-17.375, -64.875, 4.447916122996154e-23, nan 
-17.125, -64.875, 4.512435025323238e-23, nan 
-16.875, -64.875, 6.686196900072636e-23, nan 
-16.625, -64.875, 6.630757283866128e-23, nan 
-16.375, -64.875, 6.6512517062048e-23, nan 
-16.125, -64.875, 6.47267076945742e-23, nan 
-15.875, -64.875, 1.3296367068844493e-22, nan 
-15.625, -64.875, 1.24946655076061e-22, nan 
-15.375, -64.875, 9.008378319445282e-23, nan 
-15.125, -64.875, 2.112985093060552e-22, nan 
-14.875, -64.875, 1.1828466694097806e-22, nan 
-14.625, -64.875, 8.386928715303217e-23, nan 
-14.375, -64.875, 1.3978180038432192e-22, nan 
-14.125, -64.875, 2.1079505225312454e-22, nan 
-13.875, -64.875, 1.6865582397804533e-22, nan 
-13.625, -64.875, 1.3492866404827705e-22, nan 
-13.375, -64.875, 1.5625710523353842e-22, nan 
-13.125, -64.875, 9.110275683673593e-23, nan 
-12.875, -64.875, 2.7294199716733983e-23, nan 
-12.625, -64.875, 2.3915371960148905e-23, nan 
-12.375, -64.875, 1.5958195538657857e-23, nan 
-12.125, -64.875, 1.5331006140148878e-23, nan 
-11.875, -64.875, 1.1905199964303592e-23, nan 
-11.625, -64.875, 4.005495694069941e-24, nan 
-11.375, -64.875, 8.722905957092864e-25, nan 
-11.125, -64.875, 2.3682090586392936e-24, nan 
-10.875, -64.875, 6.124889959014299e-24, nan 
-10.625, -64.875, 8.205104067062783e-24, nan 
-10.375, -64.875, 1.3563986210525474e-23, nan 
-10.125, -64.875, 1.1676514631185507e-23, nan 
-9.875, -64.875, 1.4001695345171807e-23, nan 
-9.625, -64.875, 2.511837538145366e-23, nan 
-9.375, -64.875, 1.8148927755674328e-23, nan 
-9.125, -64.875, 1.721155492836419e-23, nan 
-8.875, -64.875, 1.2513311781637214e-23, nan 
-8.625, -64.875, 1.1297936328139288e-23, nan 
-8.375, -64.875, 1.3469677646704654e-23, nan 
-8.125, -64.875, 1.3644266239545353e-23, nan 
-7.875, -64.875, 1.2000528683393325e-23, nan 
-7.625, -64.875, 1.876384176146324e-23, nan 
-7.375, -64.875, 2.299907181931802e-23, nan 
-7.125, -64.875, 1.154325378112462e-23, nan 
-6.875, -64.875, 9.99428673560942e-24, nan 
-6.625, -64.875, 1.4597159154441514e-23, nan 
-6.375, -64.875, 1.6411759830780758e-23, nan 
-6.125, -64.875, 2.3878644679493717e-23, nan 
-5.875, -64.875, 1.930607885719905e-23, nan 
-5.625, -64.875, 2.758310327943705e-23, nan 
-5.375, -64.875, 2.2730164658913316e-23, nan 
-5.125, -64.875, 1.697136484612262e-23, nan 
-4.875, -64.875, 9.133003788733658e-23, nan 
-4.625, -64.875, 1.5668715228982502e-22, nan 
-4.375, -64.875, 1.8333559275035195e-22, nan 
-4.125, -64.875, 2.0241521835470515e-22, nan 
-3.875, -64.875, 1.9340935272445835e-22, nan 
-3.625, -64.875, 2.0144360832672925e-22, nan 
-3.375, -64.875, 1.7606092796662184e-22, nan 
-3.125, -64.875, 7.73099446283898e-23, nan 
-2.875, -64.875, 3.947478491530182e-23, nan 
-2.625, -64.875, 4.8314553822521497e-23, nan 
-2.375, -64.875, 4.265005062320018e-23, nan 
-2.125, -64.875, 3.728903550639492e-23, nan 
-1.875, -64.875, 4.0472761585096194e-23, nan 
-1.625, -64.875, 3.764370321667338e-23, nan 
-1.375, -64.875, 2.5423015550915657e-23, nan 
-1.125, -64.875, 2.0675295964023636e-23, nan 
-0.875, -64.875, 1.793001415273972e-23, nan 
-0.625, -64.875, 1.3264460294696477e-23, nan 
-0.375, -64.875, 6.23873604188164e-24, nan 
-0.125, -64.875, 2.19017441612794e-23, nan 
0.125, -64.875, 1.842132671909137e-23, nan 
0.375, -64.875, 2.1507210370679872e-23, nan 
0.625, -64.875, 1.6284945046517464e-23, nan 
0.875, -64.875, 1.6855420933657716e-23, nan 
1.125, -64.875, 2.1745356051837644e-23, nan 
1.375, -64.875, 3.2933633244569236e-23, nan 
1.625, -64.875, 4.596085799640044e-23, nan 
1.875, -64.875, 3.9571356203295483e-23, nan 
2.125, -64.875, 2.0454092873366568e-23, nan 
2.375, -64.875, 4.2940539207487607e-23, nan 
2.625, -64.875, 3.905140767774079e-23, nan 
2.875, -64.875, 3.022319625717956e-23, nan 
3.125, -64.875, 3.412792778746541e-23, nan 
3.375, -64.875, 2.8964330037036055e-23, nan 
3.625, -64.875, 1.7028155576459923e-23, nan 
3.875, -64.875, 1.705288727220325e-23, nan 
4.125, -64.875, 1.527712451926358e-23, nan 
4.375, -64.875, 1.1627577901991208e-23, nan 
4.625, -64.875, 9.467837165346694e-24, nan 
4.875, -64.875, 1.1333276464197598e-23, nan 
5.125, -64.875, 1.834966460311433e-23, nan 
5.375, -64.875, 1.6580924298378462e-23, nan 
5.625, -64.875, 2.618685292471337e-23, nan 
5.875, -64.875, 4.1641812797214555e-23, nan 
6.125, -64.875, 3.699779012024343e-23, nan 
6.375, -64.875, 3.494728156103236e-23, nan 
6.625, -64.875, 5.924926857946633e-23, nan 
6.875, -64.875, 5.0813811883854916e-23, nan 
7.125, -64.875, 1.6240183261121564e-23, nan 
7.375, -64.875, 2.1341180079728023e-23, nan 
7.625, -64.875, 1.8565677959819567e-23, nan 
7.875, -64.875, 1.0712785870580167e-23, nan 
-48.125, -64.625, 2.092321952212614e-21, nan 
-47.875, -64.625, 2.2592771497460998e-21, nan 
-47.625, -64.625, 2.1738464861572445e-21, nan 
-47.375, -64.625, 1.44682992265228e-21, nan 
-47.125, -64.625, 9.64582619583486e-22, nan 
-46.875, -64.625, 7.674842081606538e-22, nan 
-46.625, -64.625, 2.032839170301367e-21, nan 
-46.375, -64.625, 2.3439745329924974e-21, nan 
-46.125, -64.625, 3.2976123082762798e-21, nan 
-45.875, -64.625, 2.0497339302573843e-21, nan 
-45.625, -64.625, 2.369784966296412e-21, nan 
-45.375, -64.625, 3.4023495925667265e-21, nan 
-45.125, -64.625, 4.0098534840555366e-21, nan 
-44.875, -64.625, 4.706149252087949e-21, nan 
-44.625, -64.625, 7.398044219907344e-21, nan 
-44.375, -64.625, 6.59386193774709e-21, nan 
-44.125, -64.625, 5.727818663865681e-21, nan 
-43.875, -64.625, 5.766183373022856e-21, nan 
-43.625, -64.625, 9.009965418225904e-21, nan 
-43.375, -64.625, 1.1052798669863661e-20, nan 
-43.125, -64.625, 1.1175659670124806e-20, nan 
-42.875, -64.625, 8.589977619293497e-21, nan 
-42.625, -64.625, 3.081153960832717e-21, nan 
-42.375, -64.625, 2.36859458889185e-21, nan 
-42.125, -64.625, 1.761386137114803e-21, nan 
-41.875, -64.625, 1.570149769742994e-21, nan 
-41.625, -64.625, 1.4210388996036534e-21, nan 
-41.375, -64.625, 1.8513385122842045e-21, nan 
-41.125, -64.625, 1.5777233860032177e-21, nan 
-40.875, -64.625, 1.739248239482372e-21, nan 
-40.625, -64.625, 1.2949055366311679e-21, nan 
-40.375, -64.625, 1.0594416277920702e-21, nan 
-40.125, -64.625, 1.504144338917037e-21, nan 
-39.875, -64.625, 3.0780583651734e-21, nan 
-39.625, -64.625, 3.560674177215044e-21, nan 
-39.375, -64.625, 2.3256726494873474e-21, nan 
-39.125, -64.625, 2.5706935794427925e-21, nan 
-38.875, -64.625, 3.2739192259476207e-21, nan 
-38.625, -64.625, 3.060788510126504e-21, nan 
-38.375, -64.625, 2.4751537493603853e-21, nan 
-38.125, -64.625, 1.6077616832158136e-21, nan 
-37.875, -64.625, 1.5522106783324233e-21, nan 
-37.625, -64.625, 1.3952972142679321e-21, nan 
-37.375, -64.625, 9.82549204711378e-22, nan 
-37.125, -64.625, 2.066394022130417e-22, nan 
-36.875, -64.625, 3.9269965639601546e-22, nan 
-36.625, -64.625, 3.4210560749984035e-22, nan 
-36.375, -64.625, 4.20071739130693e-23, nan 
-36.125, -64.625, 8.387297467477878e-23, nan 
-35.875, -64.625, 8.430521309669101e-23, nan 
-35.625, -64.625, 9.057829215100701e-23, nan 
-35.375, -64.625, 1.31619093865348e-22, nan 
-35.125, -64.625, 8.891567956744547e-23, nan 
-34.875, -64.625, 9.704884984798215e-23, nan 
-34.625, -64.625, 8.055395583941774e-23, nan 
-34.375, -64.625, 1.9592205400253347e-22, nan 
-34.125, -64.625, 1.756454108780378e-22, nan 
-33.875, -64.625, 1.541950138226534e-22, nan 
-33.625, -64.625, 1.2511319503554795e-22, nan 
-33.375, -64.625, 1.0440733809496885e-22, nan 
-33.125, -64.625, 1.1423416839658022e-22, nan 
-32.875, -64.625, 1.3405152977569163e-22, nan 
-32.625, -64.625, 9.7711215163646e-23, nan 
-32.375, -64.625, 1.6076967522057984e-22, nan 
-32.125, -64.625, 1.724985037990556e-22, nan 
-31.875, -64.625, 1.573615975413631e-22, nan 
-31.625, -64.625, 1.697506094578809e-22, nan 
-31.375, -64.625, 1.2216263477178135e-22, nan 
-31.125, -64.625, 1.1679065007370383e-22, nan 
-30.875, -64.625, 1.1634082394123254e-22, nan 
-30.625, -64.625, 9.246430101327797e-23, nan 
-30.375, -64.625, 8.98229781069456e-23, nan 
-30.125, -64.625, 8.154380398511431e-23, nan 
-29.875, -64.625, 6.238048328255608e-23, nan 
-29.625, -64.625, 1.2921369715031964e-22, nan 
-29.375, -64.625, 1.6817243342608366e-22, nan 
-29.125, -64.625, 1.1531730581137848e-22, nan 
-28.875, -64.625, 8.20959834951923e-23, nan 
-28.625, -64.625, 8.227350613364573e-23, nan 
-28.375, -64.625, 6.834275574885422e-23, nan 
-28.125, -64.625, 9.949445781204851e-23, nan 
-27.875, -64.625, 1.5182001787608845e-22, nan 
-27.625, -64.625, 1.8222610995560356e-22, nan 
-27.375, -64.625, 2.350544798732943e-22, nan 
-27.125, -64.625, 1.957116753132207e-22, nan 
-26.875, -64.625, 1.998879318686532e-22, nan 
-26.625, -64.625, 1.9527827833755594e-22, nan 
-26.375, -64.625, 1.3831157212786106e-22, nan 
-26.125, -64.625, 1.3884808254015308e-22, nan 
-25.875, -64.625, 1.3799481580059864e-22, nan 
-25.625, -64.625, 1.1691202883521954e-22, nan 
-25.375, -64.625, 2.6102068419545684e-22, nan 
-25.125, -64.625, 3.8988584378645077e-22, nan 
-24.875, -64.625, 2.9398715817628727e-22, nan 
-24.625, -64.625, 3.7645690801801984e-22, nan 
-24.375, -64.625, 4.456406338560627e-22, nan 
-24.125, -64.625, 4.496454431793295e-22, nan 
-23.875, -64.625, 2.906416530816628e-22, nan 
-23.625, -64.625, 2.4664840669609247e-22, nan 
-23.375, -64.625, 2.5302338092182725e-22, nan 
-23.125, -64.625, 1.592531504436076e-22, nan 
-22.875, -64.625, 8.319184695105759e-23, nan 
-22.625, -64.625, 7.681475994010028e-23, nan 
-22.375, -64.625, 1.147680275986185e-22, nan 
-22.125, -64.625, 1.1618446218174845e-22, nan 
-21.875, -64.625, 1.1409782381093696e-22, nan 
-21.625, -64.625, 1.6770578049612374e-22, nan 
-21.375, -64.625, 1.4279966957982514e-22, nan 
-21.125, -64.625, 1.026861347511158e-22, nan 
-20.875, -64.625, 1.0400674651558006e-22, nan 
-20.625, -64.625, 7.346862387914084e-23, nan 
-20.375, -64.625, 6.85844049490164e-23, nan 
-20.125, -64.625, 7.551703143202699e-23, nan 
-19.875, -64.625, 5.907411161829537e-23, nan 
-19.625, -64.625, 4.5463700942608713e-23, nan 
-19.375, -64.625, 3.7288625193110697e-23, nan 
-19.125, -64.625, 2.6261485976989996e-23, nan 
-18.875, -64.625, 2.981391640790813e-23, nan 
-18.625, -64.625, 3.4502457416797437e-23, nan 
-18.375, -64.625, 2.3774642010118675e-23, nan 
-18.125, -64.625, 1.7149941183551558e-23, nan 
-17.875, -64.625, 2.2568677928601955e-23, nan 
-17.625, -64.625, 1.5194041205284243e-23, nan 
-17.375, -64.625, 2.6939240044043245e-23, nan 
-17.125, -64.625, 6.680313116527062e-23, nan 
-16.875, -64.625, 5.780658782370745e-23, nan 
-16.625, -64.625, 5.491063479820173e-23, nan 
-16.375, -64.625, 5.555760031033612e-23, nan 
-16.125, -64.625, 5.894076097140564e-23, nan 
-15.875, -64.625, 6.630807389589533e-23, nan 
-15.625, -64.625, 1.2731340946188026e-22, nan 
-15.375, -64.625, 1.4095979190244686e-22, nan 
-15.125, -64.625, 1.8415575219694177e-22, nan 
-14.875, -64.625, 2.239294524465792e-22, nan 
-14.625, -64.625, 2.4707716591696104e-22, nan 
-14.375, -64.625, 2.392435927175761e-22, nan 
-14.125, -64.625, 1.899015117070717e-22, nan 
-13.875, -64.625, 1.3610193074963707e-22, nan 
-13.625, -64.625, 1.13798541893498e-22, nan 
-13.375, -64.625, 7.205939978099053e-23, nan 
-13.125, -64.625, 2.4221806067454645e-23, nan 
-12.875, -64.625, 2.1111489081048624e-23, nan 
-12.625, -64.625, 1.981382135250367e-23, nan 
-12.375, -64.625, 1.8590421980678923e-23, nan 
-12.125, -64.625, 1.7709419566286342e-23, nan 
-11.875, -64.625, 1.7337464210307528e-23, nan 
-11.625, -64.625, 8.558031556209942e-24, nan 
-11.375, -64.625, 4.927695640047566e-24, nan 
-11.125, -64.625, 2.0794427740795123e-24, nan 
-10.875, -64.625, 3.279162476310946e-24, nan 
-10.625, -64.625, 4.692439827721691e-24, nan 
-10.375, -64.625, 1.2578105161652782e-23, nan 
-10.125, -64.625, 9.990752990028547e-24, nan 
-9.875, -64.625, 7.757417097980304e-24, nan 
-9.625, -64.625, 2.212674687631349e-23, nan 
-9.375, -64.625, 1.0894272129224082e-23, nan 
-9.125, -64.625, 1.5036792260702606e-23, nan 
-8.875, -64.625, 8.919480608424078e-24, nan 
-8.625, -64.625, 7.005642261415728e-24, nan 
-8.375, -64.625, 2.2718570706971613e-24, nan 
-8.125, -64.625, 2.37586960361923e-24, nan 
-7.875, -64.625, 7.856384726390567e-24, nan 
-7.625, -64.625, 1.1421594822795228e-23, nan 
-7.375, -64.625, 1.2827180737504503e-23, nan 
-7.125, -64.625, 9.171348880189401e-24, nan 
-6.875, -64.625, 1.52035990826558e-23, nan 
-6.625, -64.625, 2.005004058477291e-23, nan 
-6.375, -64.625, 2.496045456634687e-23, nan 
-6.125, -64.625, 2.5526259827200227e-23, nan 
-5.875, -64.625, 3.249831278339198e-23, nan 
-5.625, -64.625, 5.935879613770845e-23, nan 
-5.375, -64.625, 1.2449410856572242e-22, nan 
-5.125, -64.625, 1.4844906018636407e-22, nan 
-4.875, -64.625, 1.477803340635327e-22, nan 
-4.625, -64.625, 1.887322274225495e-22, nan 
-4.375, -64.625, 2.0376131639320547e-22, nan 
-4.125, -64.625, 2.0509849287348446e-22, nan 
-3.875, -64.625, 2.2325140501607626e-22, nan 
-3.625, -64.625, 2.6986778802489193e-22, nan 
-3.375, -64.625, 2.3875368777647345e-22, nan 
-3.125, -64.625, 1.3589194330079944e-22, nan 
-2.875, -64.625, 1.800290383626524e-22, nan 
-2.625, -64.625, 1.4237602885983436e-22, nan 
-2.375, -64.625, 4.7814222829640926e-23, nan 
-2.125, -64.625, 3.505481881336625e-23, nan 
-1.875, -64.625, 3.7851886287191315e-23, nan 
-1.625, -64.625, 2.510562210533808e-23, nan 
-1.375, -64.625, 3.3117778942006497e-23, nan 
-1.125, -64.625, 2.923814354240804e-23, nan 
-0.875, -64.625, 4.297187089617864e-23, nan 
-0.625, -64.625, 2.8979436873204167e-23, nan 
-0.375, -64.625, 3.6296628617364406e-23, nan 
-0.125, -64.625, 2.0461020301963033e-23, nan 
0.125, -64.625, 5.3375733453010305e-24, nan 
0.375, -64.625, 1.4574827573535414e-23, nan 
0.625, -64.625, 8.070607223051333e-24, nan 
0.875, -64.625, 8.231260105395885e-24, nan 
1.125, -64.625, 1.2096894259151891e-23, nan 
1.375, -64.625, 2.591547148811911e-23, nan 
1.625, -64.625, 3.102676684539066e-23, nan 
1.875, -64.625, 2.4118901581541545e-23, nan 
2.125, -64.625, 3.56061040177522e-23, nan 
2.375, -64.625, 4.189719373951157e-23, nan 
2.625, -64.625, 2.927431727827542e-23, nan 
2.875, -64.625, 3.082638793716074e-23, nan 
3.125, -64.625, 3.848988917128553e-23, nan 
3.375, -64.625, 3.215045793292362e-23, nan 
3.625, -64.625, 1.4589075042517286e-23, nan 
3.875, -64.625, 1.486512015770675e-23, nan 
4.125, -64.625, 2.1003675992390995e-23, nan 
4.375, -64.625, 5.831294478281611e-23, nan 
4.625, -64.625, 1.0984888121294963e-23, nan 
4.875, -64.625, 1.36498550777211e-23, nan 
5.125, -64.625, 1.7124252979971018e-23, nan 
5.375, -64.625, 1.9922885994250845e-23, nan 
5.625, -64.625, 1.9405121314802538e-23, nan 
5.875, -64.625, 2.0428813640545134e-23, nan 
6.125, -64.625, 2.1299449316064324e-23, nan 
6.375, -64.625, 1.8745434622483973e-23, nan 
6.625, -64.625, 2.9773906594403555e-23, nan 
6.875, -64.625, 1.8386949865909392e-23, nan 
7.125, -64.625, 2.043528240674543e-23, nan 
7.375, -64.625, 7.119021975677278e-23, nan 
7.625, -64.625, 4.490606279750553e-24, nan 
-47.375, -64.375, 1.5041427602034252e-21, nan 
-47.125, -64.375, 1.1758973174946818e-21, nan 
-46.875, -64.375, 1.6252671449786088e-21, nan 
-46.625, -64.375, 2.3774562197595457e-21, nan 
-46.375, -64.375, 2.787735715100784e-21, nan 
-46.125, -64.375, 2.804553328365944e-21, nan 
-45.875, -64.375, 2.8371727087123952e-21, nan 
-45.625, -64.375, 2.724759651428363e-21, nan 
-45.375, -64.375, 3.841495217157269e-21, nan 
-45.125, -64.375, 2.5851052634078985e-21, nan 
-44.875, -64.375, 2.295744118934899e-21, nan 
-44.625, -64.375, 3.6645816596171936e-21, nan 
-44.375, -64.375, 5.122760397177033e-21, nan 
-44.125, -64.375, 4.629881355948295e-21, nan 
-43.875, -64.375, 4.36587726015753e-21, nan 
-43.625, -64.375, 3.147326790619009e-21, nan 
-43.375, -64.375, 2.4691939246120347e-21, nan 
-43.125, -64.375, 1.4448147453058491e-21, nan 
-42.875, -64.375, 2.2816997071485018e-21, nan 
-42.625, -64.375, 2.1204759582493008e-21, nan 
-42.375, -64.375, 7.590030592596499e-22, nan 
-42.125, -64.375, 1.0159979846219018e-21, nan 
-41.875, -64.375, 1.1998171137413129e-21, nan 
-41.625, -64.375, 6.348422358667171e-22, nan 
-41.375, -64.375, 9.096053516195789e-22, nan 
-41.125, -64.375, 1.448964486207171e-21, nan 
-40.875, -64.375, 1.0892490251658177e-21, nan 
-40.625, -64.375, 5.960610023880292e-22, nan 
-40.375, -64.375, 7.628163826689309e-22, nan 
-40.125, -64.375, 9.39302282673954e-22, nan 
-39.875, -64.375, 4.464910315783314e-22, nan 
-39.625, -64.375, 2.639676709742754e-22, nan 
-39.375, -64.375, 1.5937904532449004e-22, nan 
-39.125, -64.375, 1.6199670924632039e-21, nan 
-38.875, -64.375, 1.7805110788027028e-21, nan 
-38.625, -64.375, 1.6737809536963798e-21, nan 
-38.375, -64.375, 1.633130177038795e-21, nan 
-38.125, -64.375, 3.452307983597203e-22, nan 
-37.875, -64.375, 2.864233146477029e-22, nan 
-37.625, -64.375, 4.910433408512507e-22, nan 
-37.375, -64.375, 4.1584771780572806e-22, nan 
-37.125, -64.375, 3.554175976814024e-22, nan 
-36.875, -64.375, 2.532358793788277e-22, nan 
-36.625, -64.375, 9.707348249597162e-23, nan 
-36.375, -64.375, 8.502281442216021e-23, nan 
-36.125, -64.375, 2.524897235512935e-22, nan 
-35.875, -64.375, 1.878709600061495e-22, nan 
-35.625, -64.375, 1.9832605553709616e-22, nan 
-35.375, -64.375, 1.3234468696754765e-22, nan 
-35.125, -64.375, 9.18515739133022e-23, nan 
-34.875, -64.375, 1.1447370589133412e-22, nan 
-34.625, -64.375, 1.1642935846233595e-22, nan 
-34.375, -64.375, 6.895091470676159e-23, nan 
-34.125, -64.375, 1.2480914634596295e-22, nan 
-33.875, -64.375, 7.57968929175514e-23, nan 
-33.625, -64.375, 1.1708537976649847e-22, nan 
-33.375, -64.375, 1.2806626540785101e-22, nan 
-33.125, -64.375, 1.1444367983243884e-22, nan 
-32.875, -64.375, 1.0895201807866753e-22, nan 
-32.625, -64.375, 7.705121087025388e-23, nan 
-32.375, -64.375, 1.8299863391986033e-22, nan 
-32.125, -64.375, 1.7670964025121297e-22, nan 
-31.875, -64.375, 1.7578982921404065e-22, nan 
-31.625, -64.375, 2.0731079617405842e-22, nan 
-31.375, -64.375, 1.7211756247136682e-22, nan 
-31.125, -64.375, 1.4005253047789714e-22, nan 
-30.875, -64.375, 1.5409544492444271e-22, nan 
-30.625, -64.375, 1.2626244399708126e-22, nan 
-30.375, -64.375, 1.0803614564906454e-22, nan 
-30.125, -64.375, 8.033668323264826e-23, nan 
-29.875, -64.375, 6.143523833839717e-23, nan 
-29.625, -64.375, 7.122737738089899e-23, nan 
-29.375, -64.375, 6.170955770840006e-23, nan 
-29.125, -64.375, 7.4889947894628e-23, nan 
-28.875, -64.375, 5.661038275964173e-23, nan 
-28.625, -64.375, 4.399221984458801e-23, nan 
-28.375, -64.375, 5.1470104087461704e-23, nan 
-28.125, -64.375, 5.184597100607255e-23, nan 
-27.875, -64.375, 5.762086920871586e-23, nan 
-27.625, -64.375, 6.81360305429155e-23, nan 
-27.375, -64.375, 6.096296886375101e-23, nan 
-27.125, -64.375, 1.2341007585656104e-22, nan 
-26.875, -64.375, 1.2115655388010294e-22, nan 
-26.625, -64.375, 1.3560378579405924e-22, nan 
-26.375, -64.375, 1.0668655076101173e-22, nan 
-26.125, -64.375, 9.344025445759634e-23, nan 
-25.875, -64.375, 1.385757319063398e-22, nan 
-25.625, -64.375, 1.440897012819415e-22, nan 
-25.375, -64.375, 2.0062137773308876e-22, nan 
-25.125, -64.375, 3.0572113175113424e-22, nan 
-24.875, -64.375, 2.159880944558244e-22, nan 
-24.625, -64.375, 9.613565412216303e-23, nan 
-24.375, -64.375, 1.6000913518500304e-22, nan 
-24.125, -64.375, 1.6752434542524692e-22, nan 
-23.875, -64.375, 1.5762924024014614e-22, nan 
-23.625, -64.375, 1.7628904636297072e-22, nan 
-23.375, -64.375, 1.7635860628670435e-22, nan 
-23.125, -64.375, 1.3306866625802902e-22, nan 
-22.875, -64.375, 5.797777601021642e-23, nan 
-22.625, -64.375, 6.124623149797758e-23, nan 
-22.375, -64.375, 9.406105043683972e-23, nan 
-22.125, -64.375, 8.285555074695517e-23, nan 
-21.875, -64.375, 7.598988360570306e-23, nan 
-21.625, -64.375, 5.811891467384135e-23, nan 
-21.375, -64.375, 5.094282605470668e-23, nan 
-21.125, -64.375, 6.09575728710879e-23, nan 
-20.875, -64.375, 1.0646973040269123e-22, nan 
-20.625, -64.375, 9.091981687790913e-23, nan 
-20.375, -64.375, 8.127888384625931e-23, nan 
-20.125, -64.375, 3.089356107673552e-23, nan 
-19.875, -64.375, 2.8011469643393205e-23, nan 
-19.625, -64.375, 2.780725333898175e-23, nan 
-19.375, -64.375, 2.8665022920791276e-23, nan 
-19.125, -64.375, 1.7087478176029084e-23, nan 
-18.875, -64.375, 8.602750725018245e-24, nan 
-18.625, -64.375, 1.0390914234591673e-23, nan 
-18.375, -64.375, 4.0698560612568916e-24, nan 
-18.125, -64.375, 1.4177843179352585e-23, nan 
-17.875, -64.375, 3.186379795477021e-23, nan 
-17.625, -64.375, 2.4995830734922003e-23, nan 
-17.375, -64.375, 3.3188166780247574e-23, nan 
-17.125, -64.375, 7.863370528335962e-23, nan 
-16.875, -64.375, 4.491919278842432e-23, nan 
-16.625, -64.375, 3.7731328158927914e-23, nan 
-16.375, -64.375, 3.4350992074989364e-23, nan 
-16.125, -64.375, 3.6025323507581377e-23, nan 
-15.875, -64.375, 5.135839204345989e-23, nan 
-15.625, -64.375, 3.209936609236354e-23, nan 
-15.375, -64.375, 3.7780918885576135e-23, nan 
-15.125, -64.375, 5.378769786795183e-23, nan 
-14.875, -64.375, 1.8344374726793213e-22, nan 
-14.625, -64.375, 1.8861434852371238e-22, nan 
-14.375, -64.375, 1.8653312145451943e-22, nan 
-14.125, -64.375, 1.3733796114334293e-22, nan 
-13.875, -64.375, 5.635404823876536e-23, nan 
-13.625, -64.375, 4.994879419641209e-23, nan 
-13.375, -64.375, 6.603544293765369e-23, nan 
-13.125, -64.375, 8.182826338400199e-23, nan 
-12.875, -64.375, 8.523007491275001e-23, nan 
-12.625, -64.375, 4.815812617949571e-23, nan 
-12.375, -64.375, 2.457320102781809e-23, nan 
-12.125, -64.375, 1.5632485879126844e-23, nan 
-11.875, -64.375, 1.8516126002170463e-23, nan 
-11.625, -64.375, 1.7765307607934332e-23, nan 
-11.375, -64.375, 1.2263992435611933e-23, nan 
-11.125, -64.375, 6.233242736900703e-24, nan 
-10.875, -64.375, 3.3118764199122204e-24, nan 
-10.625, -64.375, 2.2003414322320582e-24, nan 
-10.375, -64.375, 2.1992485148223577e-24, nan 
-10.125, -64.375, 1.2025225307253509e-23, nan 
-9.875, -64.375, 1.6582266653163458e-23, nan 
-9.625, -64.375, 1.6143106997440364e-23, nan 
-9.375, -64.375, 1.7614466560884551e-23, nan 
-9.125, -64.375, 2.85157142548822e-23, nan 
-8.875, -64.375, 6.4673533682247386e-24, nan 
-8.625, -64.375, 7.009193593127707e-24, nan 
-8.375, -64.375, 1.0982020267094057e-23, nan 
-8.125, -64.375, 4.1569172261392625e-24, nan 
-7.875, -64.375, 3.35841669204742e-24, nan 
-7.625, -64.375, 2.76475646421743e-24, nan 
-7.375, -64.375, 1.1907152438108491e-23, nan 
-7.125, -64.375, 1.841420321145019e-23, nan 
-6.875, -64.375, 1.2535180561859431e-23, nan 
-6.625, -64.375, 1.5731401503001155e-23, nan 
-6.375, -64.375, 2.6636500545590764e-23, nan 
-6.125, -64.375, 2.689385323727836e-23, nan 
-5.875, -64.375, 8.968109419884295e-23, nan 
-5.625, -64.375, 1.1547112642172297e-22, nan 
-5.375, -64.375, 1.3177045277562106e-22, nan 
-5.125, -64.375, 1.705168213680067e-22, nan 
-4.875, -64.375, 1.4193431404124592e-22, nan 
-4.625, -64.375, 1.2510403636603797e-22, nan 
-4.375, -64.375, 8.377313966168398e-23, nan 
-4.125, -64.375, 4.759905525615213e-23, nan 
-3.875, -64.375, 1.4782728547884771e-22, nan 
-3.625, -64.375, 1.7191331696167747e-22, nan 
-3.375, -64.375, 2.0176416482561113e-22, nan 
-3.125, -64.375, 1.565308526106441e-22, nan 
-2.875, -64.375, 1.7317204559915407e-22, nan 
-2.625, -64.375, 1.808929241058612e-22, nan 
-2.375, -64.375, 7.542688354116348e-23, nan 
-2.125, -64.375, 3.157515693026548e-23, nan 
-1.875, -64.375, 3.362020561635725e-23, nan 
-1.625, -64.375, 3.456514625842205e-23, nan 
-1.375, -64.375, 2.8946253346390303e-23, nan 
-1.125, -64.375, 2.0081746067981876e-23, nan 
-0.875, -64.375, 4.413161115421634e-23, nan 
-0.625, -64.375, 3.346314477570606e-23, nan 
-0.375, -64.375, 3.677950421840785e-23, nan 
-0.125, -64.375, 2.7991354792142496e-23, nan 
0.125, -64.375, 2.6740085302103415e-23, nan 
0.375, -64.375, 2.35087551822737e-23, nan 
0.625, -64.375, 1.9551865939447102e-23, nan 
0.875, -64.375, 9.63172347913772e-24, nan 
1.125, -64.375, 1.8449557821164387e-23, nan 
1.375, -64.375, 2.1551107340714013e-23, nan 
1.625, -64.375, 4.168286595902526e-23, nan 
1.875, -64.375, 2.963729977101062e-23, nan 
2.125, -64.375, 3.1336486290903815e-23, nan 
2.375, -64.375, 3.974036484552188e-23, nan 
2.625, -64.375, 2.110392359015129e-23, nan 
2.875, -64.375, 3.5691741493409407e-23, nan 
3.125, -64.375, 5.1541093398735545e-23, nan 
3.375, -64.375, 3.339742446850076e-23, nan 
3.625, -64.375, 4.787938022538557e-23, nan 
3.875, -64.375, 2.3306734829753316e-23, nan 
4.125, -64.375, 2.6714924823398495e-23, nan 
4.375, -64.375, 9.361014893411748e-23, nan 
4.625, -64.375, 1.326170132710641e-23, nan 
4.875, -64.375, 1.8128275020905712e-23, nan 
5.125, -64.375, 3.648459458918334e-23, nan 
5.375, -64.375, 2.2039708515935095e-23, nan 
5.625, -64.375, 2.262747975332716e-23, nan 
5.875, -64.375, 2.3651781000651245e-23, nan 
6.125, -64.375, 2.3975315301632427e-23, nan 
6.375, -64.375, 3.141306995116296e-23, nan 
6.625, -64.375, 6.054609351885732e-23, nan 
6.875, -64.375, 3.10809157744593e-23, nan 
7.125, -64.375, 2.281184476175613e-22, nan 
7.375, -64.375, 2.017966753064526e-22, nan 
-46.875, -64.125, 3.886573506480281e-21, nan 
-46.625, -64.125, 2.2554062407075126e-21, nan 
-46.375, -64.125, 2.044719185693726e-21, nan 
-46.125, -64.125, 2.6676041577120415e-21, nan 
-45.875, -64.125, 2.7652828202833537e-21, nan 
-45.625, -64.125, 3.319447568873293e-21, nan 
-45.375, -64.125, 4.601403874254766e-21, nan 
-45.125, -64.125, 2.8385206559415257e-21, nan 
-44.875, -64.125, 1.751597809994777e-21, nan 
-44.625, -64.125, 2.449026980874981e-21, nan 
-44.375, -64.125, 2.1833212947364695e-21, nan 
-44.125, -64.125, 9.833744760639058e-22, nan 
-43.875, -64.125, 8.94058069280992e-22, nan 
-43.625, -64.125, 1.8764381270783128e-21, nan 
-43.375, -64.125, 1.4521904077636502e-21, nan 
-43.125, -64.125, 7.773514784195503e-22, nan 
-42.875, -64.125, 1.886816706772694e-21, nan 
-42.625, -64.125, 1.2492165964261135e-21, nan 
-42.375, -64.125, 5.455754590885216e-22, nan 
-42.125, -64.125, 1.5505252997904228e-21, nan 
-41.875, -64.125, 8.077978278285573e-22, nan 
-41.625, -64.125, 4.870721718219487e-22, nan 
-41.375, -64.125, 7.847688094202006e-22, nan 
-41.125, -64.125, 8.003746525419375e-22, nan 
-40.875, -64.125, 6.738483004755919e-22, nan 
-40.625, -64.125, 8.702729229892045e-22, nan 
-40.375, -64.125, 9.835321449132562e-22, nan 
-40.125, -64.125, 9.322634620529715e-22, nan 
-39.875, -64.125, 7.829820888857942e-22, nan 
-39.625, -64.125, 7.347683344992969e-22, nan 
-39.375, -64.125, 3.060184365420844e-22, nan 
-39.125, -64.125, 2.54628102523666e-22, nan 
-38.875, -64.125, 1.9816901240225858e-22, nan 
-38.625, -64.125, 2.1010515198948033e-22, nan 
-38.375, -64.125, 3.428426930149657e-22, nan 
-38.125, -64.125, 4.238496460691579e-22, nan 
-37.875, -64.125, 3.4475575247270196e-22, nan 
-37.625, -64.125, 2.344858995486896e-22, nan 
-37.375, -64.125, 3.745470704539733e-22, nan 
-37.125, -64.125, 3.9103935930917155e-22, nan 
-36.875, -64.125, 2.505279176587662e-22, nan 
-36.625, -64.125, 2.301937205692255e-22, nan 
-36.375, -64.125, 3.0825213453533155e-22, nan 
-36.125, -64.125, 2.7925931722389665e-22, nan 
-35.875, -64.125, 2.4747735401239723e-22, nan 
-35.625, -64.125, 2.7137679036892674e-22, nan 
-35.375, -64.125, 2.5929129543219847e-22, nan 
-35.125, -64.125, 3.198473627323785e-22, nan 
-34.875, -64.125, 1.7500448028806287e-22, nan 
-34.625, -64.125, 1.1176041627540934e-22, nan 
-34.375, -64.125, 5.358237007079126e-23, nan 
-34.125, -64.125, 7.635832790785284e-23, nan 
-33.875, -64.125, 1.2944524542076856e-22, nan 
-33.625, -64.125, 1.209483715869709e-22, nan 
-33.375, -64.125, 1.2727868707764852e-22, nan 
-33.125, -64.125, 9.872831920599125e-23, nan 
-32.875, -64.125, 6.63601221975297e-23, nan 
-32.625, -64.125, 1.2282462211689491e-22, nan 
-32.375, -64.125, 9.811583302105415e-23, nan 
-32.125, -64.125, 9.170935304615725e-23, nan 
-31.875, -64.125, 9.228511369608336e-23, nan 
-31.625, -64.125, 1.0920166312340357e-22, nan 
-31.375, -64.125, 1.4255950820917111e-22, nan 
-31.125, -64.125, 1.2257223090484868e-22, nan 
-30.875, -64.125, 1.1759381207491733e-22, nan 
-30.625, -64.125, 1.2903053588714093e-22, nan 
-30.375, -64.125, 1.3175215148038086e-22, nan 
-30.125, -64.125, 9.986187898073383e-23, nan 
-29.875, -64.125, 5.482787675204405e-23, nan 
-29.625, -64.125, 6.150613617839e-23, nan 
-29.375, -64.125, 4.698279736571524e-23, nan 
-29.125, -64.125, 4.917363285478222e-23, nan 
-28.875, -64.125, 4.2327012304008455e-23, nan 
-28.625, -64.125, 4.249249900330823e-23, nan 
-28.375, -64.125, 6.076403520212426e-23, nan 
-28.125, -64.125, 3.564174218043585e-23, nan 
-27.875, -64.125, 3.6507288859072414e-23, nan 
-27.625, -64.125, 3.9634954599845394e-23, nan 
-27.375, -64.125, 3.248771192657799e-23, nan 
-27.125, -64.125, 3.650814665310471e-23, nan 
-26.875, -64.125, 6.428743015800013e-23, nan 
-26.625, -64.125, 5.937133488903981e-23, nan 
-26.375, -64.125, 5.781902507830562e-23, nan 
-26.125, -64.125, 8.405752481244673e-23, nan 
-25.875, -64.125, 9.649824292380605e-23, nan 
-25.625, -64.125, 9.000429973130392e-23, nan 
-25.375, -64.125, 1.1525477074052217e-22, nan 
-25.125, -64.125, 7.602300125397609e-23, nan 
-24.875, -64.125, 6.809081536910614e-23, nan 
-24.625, -64.125, 5.07534446973278e-23, nan 
-24.375, -64.125, 1.3882791216689371e-22, nan 
-24.125, -64.125, 1.6349564493466703e-22, nan 
-23.875, -64.125, 2.0278430352383037e-22, nan 
-23.625, -64.125, 1.5256194778203871e-22, nan 
-23.375, -64.125, 1.5852056494322173e-22, nan 
-23.125, -64.125, 1.4031838618578516e-22, nan 
-22.875, -64.125, 1.0062375131459911e-22, nan 
-22.625, -64.125, 1.679672645155502e-22, nan 
-22.375, -64.125, 1.5854963433244573e-22, nan 
-22.125, -64.125, 1.5631565833478008e-22, nan 
-21.875, -64.125, 1.7021620882760255e-22, nan 
-21.625, -64.125, 2.222974465037145e-22, nan 
-21.375, -64.125, 2.214097566167007e-22, nan 
-21.125, -64.125, 1.5470699213901851e-22, nan 
-20.875, -64.125, 1.7928852423228694e-22, nan 
-20.625, -64.125, 1.5625102015675114e-22, nan 
-20.375, -64.125, 1.233392947401243e-22, nan 
-20.125, -64.125, 1.3137981750546498e-22, nan 
-19.875, -64.125, 7.300404440345382e-23, nan 
-19.625, -64.125, 5.747462280268418e-23, nan 
-19.375, -64.125, 1.7507208271217306e-23, nan 
-19.125, -64.125, 9.246524495886085e-24, nan 
-18.875, -64.125, 1.0392404822132517e-23, nan 
-18.625, -64.125, 2.005065887903363e-23, nan 
-18.375, -64.125, 2.3200234564955154e-23, nan 
-18.125, -64.125, 1.7325678199665358e-23, nan 
-17.875, -64.125, 1.8647244604637086e-23, nan 
-17.625, -64.125, 2.459562545693702e-23, nan 
-17.375, -64.125, 3.005878578752942e-23, nan 
-17.125, -64.125, 3.703692449299195e-23, nan 
-16.875, -64.125, 2.927455419233008e-23, nan 
-16.625, -64.125, 2.9546204675299806e-23, nan 
-16.375, -64.125, 2.3162919177170553e-23, nan 
-16.125, -64.125, 3.116580769568117e-23, nan 
-15.875, -64.125, 5.2111285845090564e-23, nan 
-15.625, -64.125, 4.755599828181141e-23, nan 
-15.375, -64.125, 4.3579545941543553e-23, nan 
-15.125, -64.125, 4.123947705260886e-23, nan 
-14.875, -64.125, 3.6003019318728666e-23, nan 
-14.625, -64.125, 4.031473992986583e-23, nan 
-14.375, -64.125, 3.6094741653626894e-23, nan 
-14.125, -64.125, 5.639385145039937e-23, nan 
-13.875, -64.125, 4.5436026879629006e-23, nan 
-13.625, -64.125, 2.6934534279225946e-23, nan 
-13.375, -64.125, 6.794947144941922e-23, nan 
-13.125, -64.125, 1.0201702236838879e-22, nan 
-12.875, -64.125, 9.878421972905695e-23, nan 
-12.625, -64.125, 6.084245448367874e-23, nan 
-12.375, -64.125, 6.798503735848592e-23, nan 
-12.125, -64.125, 6.21188241473915e-23, nan 
-11.875, -64.125, 3.604974702237708e-23, nan 
-11.625, -64.125, 2.2430054434026303e-23, nan 
-11.375, -64.125, 1.5446632199120863e-23, nan 
-11.125, -64.125, 1.721494588220612e-23, nan 
-10.875, -64.125, 1.3765649197908264e-23, nan 
-10.625, -64.125, 9.878974210575999e-24, nan 
-10.375, -64.125, 2.9223826381960854e-24, nan 
-10.125, -64.125, 2.7611495918730303e-24, nan 
-9.875, -64.125, 2.5281843145071157e-24, nan 
-9.625, -64.125, 3.636918478592505e-24, nan 
-9.375, -64.125, 1.1741178948157931e-23, nan 
-9.125, -64.125, 1.6213813763290118e-23, nan 
-8.875, -64.125, 4.651605251670871e-24, nan 
-8.625, -64.125, 3.7443816963383334e-24, nan 
-8.375, -64.125, 3.4562865103657364e-24, nan 
-8.125, -64.125, 1.4968046787206772e-24, nan 
-7.875, -64.125, 4.212179054392175e-24, nan 
-7.625, -64.125, 2.6079135028027713e-24, nan 
-7.375, -64.125, 7.699905942712227e-24, nan 
-7.125, -64.125, 1.7452959084171478e-23, nan 
-6.875, -64.125, 8.485039340996355e-24, nan 
-6.625, -64.125, 8.291271273359016e-24, nan 
-6.375, -64.125, 2.1773973748035554e-23, nan 
-6.125, -64.125, 2.2968872040827424e-23, nan 
-5.875, -64.125, 1.164213788347325e-23, nan 
-5.625, -64.125, 1.146979130466776e-22, nan 
-5.375, -64.125, 1.5240991013203853e-22, nan 
-5.125, -64.125, 1.52291491649694e-22, nan 
-4.875, -64.125, 1.9332469412918455e-22, nan 
-4.625, -64.125, 2.0478259940607646e-22, nan 
-4.375, -64.125, 1.785877683601376e-22, nan 
-4.125, -64.125, 1.6726321497495858e-22, nan 
-3.875, -64.125, 1.7760838469526062e-22, nan 
-3.625, -64.125, 1.5434074109893444e-22, nan 
-3.375, -64.125, 1.7912114583343446e-22, nan 
-3.125, -64.125, 1.638320195775407e-22, nan 
-2.875, -64.125, 1.3280410168538483e-22, nan 
-2.625, -64.125, 1.0432060299376295e-22, nan 
-2.375, -64.125, 5.88743291157404e-23, nan 
-2.125, -64.125, 3.220610939723379e-23, nan 
-1.875, -64.125, 2.000312075333519e-23, nan 
-1.625, -64.125, 1.6386531892479132e-23, nan 
-1.375, -64.125, 6.36702916586548e-24, nan 
-1.125, -64.125, 7.567962063974222e-24, nan 
-0.875, -64.125, 9.231065014564302e-24, nan 
-0.625, -64.125, 1.6642327271174127e-23, nan 
-0.375, -64.125, 1.7410877184183178e-23, nan 
-0.125, -64.125, 1.137050611474707e-23, nan 
0.125, -64.125, 2.6302177757499734e-23, nan 
0.375, -64.125, 1.983654595015891e-23, nan 
0.625, -64.125, 2.021920123624437e-23, nan 
0.875, -64.125, 2.970594685171638e-23, nan 
1.125, -64.125, 2.732056146937649e-23, nan 
1.375, -64.125, 2.0162048778382147e-23, nan 
1.625, -64.125, 4.48046850841575e-23, nan 
1.875, -64.125, 3.671366926980912e-23, nan 
2.125, -64.125, 1.6458464775030401e-23, nan 
2.375, -64.125, 9.947359152741542e-24, nan 
2.625, -64.125, 2.1513063249319686e-23, nan 
2.875, -64.125, 2.2863568149243525e-23, nan 
3.125, -64.125, 3.1783664104255597e-23, nan 
3.375, -64.125, 2.866527513701223e-23, nan 
3.625, -64.125, 1.7012901640100902e-23, nan 
3.875, -64.125, 1.9306727584601724e-23, nan 
4.125, -64.125, 1.9196244306359297e-23, nan 
4.375, -64.125, 4.8638563921439025e-23, nan 
4.625, -64.125, 1.1049565797832913e-23, nan 
4.875, -64.125, 1.3146556272178368e-23, nan 
5.125, -64.125, 1.1219789837340795e-23, nan 
5.375, -64.125, 1.2164299475936785e-23, nan 
5.625, -64.125, 2.3271971021057505e-23, nan 
5.875, -64.125, 2.587668545078614e-23, nan 
6.125, -64.125, 2.9168232984944745e-23, nan 
6.375, -64.125, 1.9171512560049965e-22, nan 
6.625, -64.125, 1.851331063381004e-22, nan 
6.875, -64.125, 5.977710393461687e-23, nan 
7.125, -64.125, 4.192424406993737e-22, nan 
-46.125, -63.875, 4.503704789395445e-21, nan 
-45.875, -63.875, 9.83540043071517e-21, nan 
-45.625, -63.875, 1.2930734752119151e-20, nan 
-45.375, -63.875, 1.4209169767345315e-20, nan 
-45.125, -63.875, 1.1319705636952914e-20, nan 
-44.875, -63.875, 1.1279039473589545e-20, nan 
-44.625, -63.875, 2.229635621493068e-21, nan 
-44.375, -63.875, 3.2271995621452814e-21, nan 
-44.125, -63.875, 1.7039284757768414e-21, nan 
-43.875, -63.875, 2.1168966117592082e-21, nan 
-43.625, -63.875, 1.8594434542433007e-21, nan 
-43.375, -63.875, 1.2573213321284967e-21, nan 
-43.125, -63.875, 2.4928797552332774e-21, nan 
-42.875, -63.875, 2.5971203133786503e-21, nan 
-42.625, -63.875, 2.077615358461659e-21, nan 
-42.375, -63.875, 1.2189834682889626e-21, nan 
-42.125, -63.875, 8.450098710178027e-22, nan 
-41.875, -63.875, 9.335006710789438e-22, nan 
-41.625, -63.875, 1.6432615285969009e-21, nan 
-41.375, -63.875, 7.526629883324174e-22, nan 
-41.125, -63.875, 2.7207573963994283e-21, nan 
-40.875, -63.875, 2.707990409929679e-21, nan 
-40.625, -63.875, 1.7598727828711525e-21, nan 
-40.375, -63.875, 5.819775826326821e-21, nan 
-40.125, -63.875, 8.484069503242632e-21, nan 
-39.875, -63.875, 7.717030399116417e-21, nan 
-39.625, -63.875, 4.396372523982498e-21, nan 
-39.375, -63.875, 6.629855743850164e-22, nan 
-39.125, -63.875, 4.170197967886146e-22, nan 
-38.875, -63.875, 4.632580830257841e-22, nan 
-38.625, -63.875, 1.836063446024801e-22, nan 
-38.375, -63.875, 1.6447206214857241e-22, nan 
-38.125, -63.875, 1.8234477354745419e-22, nan 
-37.875, -63.875, 2.0417614433118105e-22, nan 
-37.625, -63.875, 2.339974619106785e-22, nan 
-37.375, -63.875, 2.5441285949232556e-22, nan 
-37.125, -63.875, 2.7889040434920605e-22, nan 
-36.875, -63.875, 2.3933857045871003e-22, nan 
-36.625, -63.875, 2.3485096921610704e-22, nan 
-36.375, -63.875, 2.844628254870071e-22, nan 
-36.125, -63.875, 1.3551800693505172e-22, nan 
-35.875, -63.875, 1.220703123331735e-22, nan 
-35.625, -63.875, 1.8940373238251015e-22, nan 
-35.375, -63.875, 2.6658088324080555e-22, nan 
-35.125, -63.875, 3.7839077759515586e-22, nan 
-34.875, -63.875, 3.8231114042938255e-22, nan 
-34.625, -63.875, 3.658583044781502e-22, nan 
-34.375, -63.875, 3.4863904466985975e-22, nan 
-34.125, -63.875, 2.2109559200254844e-22, nan 
-33.875, -63.875, 1.9332172457647048e-22, nan 
-33.625, -63.875, 1.4768954000638876e-22, nan 
-33.375, -63.875, 1.7040117291320439e-22, nan 
-33.125, -63.875, 1.539368443360469e-22, nan 
-32.875, -63.875, 1.0503575612169528e-22, nan 
-32.625, -63.875, 1.5529983507874984e-22, nan 
-32.375, -63.875, 1.1766246995568849e-22, nan 
-32.125, -63.875, 1.198902771051864e-22, nan 
-31.875, -63.875, 1.8068171189509018e-22, nan 
-31.625, -63.875, 2.17759854689657e-22, nan 
-31.375, -63.875, 1.514763978716793e-22, nan 
-31.125, -63.875, 1.7323323599629372e-22, nan 
-30.875, -63.875, 1.6190802968992394e-22, nan 
-30.625, -63.875, 1.2438003897903672e-22, nan 
-30.375, -63.875, 1.216544742628273e-22, nan 
-30.125, -63.875, 1.0109637354579577e-22, nan 
-29.875, -63.875, 7.436641201379509e-23, nan 
-29.625, -63.875, 8.576035605826793e-23, nan 
-29.375, -63.875, 7.703737167523124e-23, nan 
-29.125, -63.875, 5.2129780077676974e-23, nan 
-28.875, -63.875, 3.778332350738342e-23, nan 
-28.625, -63.875, 3.450070247641249e-23, nan 
-28.375, -63.875, 6.18865930966574e-23, nan 
-28.125, -63.875, 2.7628584191807624e-23, nan 
-27.875, -63.875, 1.3723878848447428e-23, nan 
-27.625, -63.875, 1.8720501067041803e-23, nan 
-27.375, -63.875, 1.7312217455042193e-23, nan 
-27.125, -63.875, 3.405581962782808e-23, nan 
-26.875, -63.875, 1.495328583054892e-23, nan 
-26.625, -63.875, 2.0135244807507426e-23, nan 
-26.375, -63.875, 3.195654390756137e-23, nan 
-26.125, -63.875, 2.3571676582204005e-23, nan 
-25.875, -63.875, 6.329453087967957e-23, nan 
-25.625, -63.875, 6.50505678051431e-23, nan 
-25.375, -63.875, 7.809627833450962e-23, nan 
-25.125, -63.875, 1.2430947004678296e-22, nan 
-24.875, -63.875, 1.3546146969761978e-22, nan 
-24.625, -63.875, 2.0665807937897802e-22, nan 
-24.375, -63.875, 2.0086895673943444e-22, nan 
-24.125, -63.875, 1.675224241206069e-22, nan 
-23.875, -63.875, 1.890789453651965e-22, nan 
-23.625, -63.875, 1.2576421847328981e-22, nan 
-23.375, -63.875, 1.0407646264952596e-22, nan 
-23.125, -63.875, 1.2897271257113788e-22, nan 
-22.875, -63.875, 1.509952882116357e-22, nan 
-22.625, -63.875, 1.5931688765733352e-22, nan 
-22.375, -63.875, 1.4590489933263936e-22, nan 
-22.125, -63.875, 1.538839733143649e-22, nan 
-21.875, -63.875, 1.601035963950314e-22, nan 
-21.625, -63.875, 1.9611347756877262e-22, nan 
-21.375, -63.875, 2.0662797628724189e-22, nan 
-21.125, -63.875, 1.52543419504483e-22, nan 
-20.875, -63.875, 1.3188635509275336e-22, nan 
-20.625, -63.875, 1.772797426848303e-22, nan 
-20.375, -63.875, 1.5249029310218639e-22, nan 
-20.125, -63.875, 1.5492880034946786e-22, nan 
-19.875, -63.875, 1.375145314641033e-22, nan 
-19.625, -63.875, 1.1453839787793607e-22, nan 
-19.375, -63.875, 7.798109152542054e-23, nan 
-19.125, -63.875, 1.8208008565322517e-23, nan 
-18.875, -63.875, 1.660878524501997e-23, nan 
-18.625, -63.875, 2.0871930914519696e-23, nan 
-18.375, -63.875, 2.5186687000834334e-23, nan 
-18.125, -63.875, 1.8829665704848633e-23, nan 
-17.875, -63.875, 1.8022138025747302e-23, nan 
-17.625, -63.875, 2.2432789090067523e-23, nan 
-17.375, -63.875, 2.4769849406661766e-23, nan 
-17.125, -63.875, 1.9241027135511897e-23, nan 
-16.875, -63.875, 2.2685319072647294e-23, nan 
-16.625, -63.875, 2.709270469206397e-23, nan 
-16.375, -63.875, 2.5160210628816047e-23, nan 
-16.125, -63.875, 2.2529742469876783e-23, nan 
-15.875, -63.875, 2.0216679128590982e-23, nan 
-15.625, -63.875, 4.4460206309644185e-23, nan 
-15.375, -63.875, 2.9644822863970043e-23, nan 
-15.125, -63.875, 3.713180600127105e-23, nan 
-14.875, -63.875, 3.4390391313659456e-23, nan 
-14.625, -63.875, 3.334297020716408e-23, nan 
-14.375, -63.875, 2.5438278835053394e-23, nan 
-14.125, -63.875, 5.311879261558259e-23, nan 
-13.875, -63.875, 4.2841245833644265e-23, nan 
-13.625, -63.875, 2.799279496947603e-23, nan 
-13.375, -63.875, 3.7932165864962187e-23, nan 
-13.125, -63.875, 5.64644875178232e-23, nan 
-12.875, -63.875, 6.080789055105213e-23, nan 
-12.625, -63.875, 5.69143237036427e-23, nan 
-12.375, -63.875, 5.165926433576067e-23, nan 
-12.125, -63.875, 5.166306382095315e-23, nan 
-11.875, -63.875, 4.736202331833783e-23, nan 
-11.625, -63.875, 4.113712599552356e-23, nan 
-11.375, -63.875, 1.6947718614162454e-23, nan 
-11.125, -63.875, 2.0640714308475107e-23, nan 
-10.875, -63.875, 1.5073253770135673e-23, nan 
-10.625, -63.875, 1.2125888039915646e-23, nan 
-10.375, -63.875, 9.044517954851012e-24, nan 
-10.125, -63.875, 6.891135105985732e-24, nan 
-9.875, -63.875, 6.5177340072463674e-24, nan 
-9.625, -63.875, 2.730446783493288e-24, nan 
-9.375, -63.875, 2.373077693675773e-24, nan 
-9.125, -63.875, 1.7810307970617808e-24, nan 
-8.875, -63.875, 3.308543136783788e-24, nan 
-8.625, -63.875, 3.0454592680278393e-24, nan 
-8.375, -63.875, 1.921889104867963e-24, nan 
-8.125, -63.875, 5.177232420544798e-24, nan 
-7.875, -63.875, 8.579004094175326e-24, nan 
-7.625, -63.875, 4.012587754141876e-24, nan 
-7.375, -63.875, 9.73129684224069e-24, nan 
-7.125, -63.875, 1.1784600879485294e-23, nan 
-6.875, -63.875, 7.537576872240131e-24, nan 
-6.625, -63.875, 9.435986010735268e-24, nan 
-6.375, -63.875, 1.6577408563271732e-23, nan 
-6.125, -63.875, 1.2057914812772346e-23, nan 
-5.875, -63.875, 7.492964451268432e-24, nan 
-5.625, -63.875, 1.2680827873453279e-23, nan 
-5.375, -63.875, 2.4757562085392996e-23, nan 
-5.125, -63.875, 4.0977534268815095e-23, nan 
-4.875, -63.875, 1.6343764987131589e-22, nan 
-4.625, -63.875, 1.5588762544796826e-22, nan 
-4.375, -63.875, 1.3722682315763596e-22, nan 
-4.125, -63.875, 1.604987191938319e-22, nan 
-3.875, -63.875, 1.675589215578903e-22, nan 
-3.625, -63.875, 1.3660873369428467e-22, nan 
-3.375, -63.875, 9.941146933655611e-23, nan 
-3.125, -63.875, 1.1581644620978255e-22, nan 
-2.875, -63.875, 9.762631187462486e-23, nan 
-2.625, -63.875, 4.427441717169747e-23, nan 
-2.375, -63.875, 2.65610915941729e-23, nan 
-2.125, -63.875, 2.9906185517898325e-23, nan 
-1.875, -63.875, 2.186410512609031e-23, nan 
-1.625, -63.875, 1.1177822058811774e-23, nan 
-1.375, -63.875, 9.19540426376805e-24, nan 
-1.125, -63.875, 6.866860563971762e-24, nan 
-0.875, -63.875, 9.397505653049161e-24, nan 
-0.625, -63.875, 1.5018297255595015e-23, nan 
-0.375, -63.875, 1.2981243832770555e-23, nan 
-0.125, -63.875, 1.5946055426303108e-23, nan 
0.125, -63.875, 2.0245545193790608e-23, nan 
0.375, -63.875, 1.0328348291048446e-23, nan 
0.625, -63.875, 1.633470356945179e-23, nan 
0.875, -63.875, 2.6518952626900603e-23, nan 
1.125, -63.875, 2.5289558719362036e-23, nan 
1.375, -63.875, 1.8024652333549698e-23, nan 
1.625, -63.875, 2.1099501850634153e-23, nan 
1.875, -63.875, 3.318061949053303e-23, nan 
2.125, -63.875, 2.1765151822516485e-23, nan 
2.375, -63.875, 4.728665521365805e-24, nan 
2.625, -63.875, 1.5996300358134003e-23, nan 
2.875, -63.875, 9.833592650865034e-24, nan 
3.125, -63.875, 3.447712141217454e-23, nan 
3.375, -63.875, 7.429861658692627e-23, nan 
3.625, -63.875, 5.1890066382216756e-23, nan 
3.875, -63.875, 1.403154704787106e-23, nan 
4.125, -63.875, 1.1417186314193494e-23, nan 
4.375, -63.875, 1.1358120008555887e-23, nan 
4.625, -63.875, 8.858392244936668e-24, nan 
4.875, -63.875, 9.430757611338207e-24, nan 
5.125, -63.875, 9.560569620676989e-24, nan 
5.375, -63.875, 8.396444142605195e-24, nan 
5.625, -63.875, 3.031225478017139e-23, nan 
5.875, -63.875, 3.1163018717399307e-23, nan 
6.125, -63.875, 3.335597636408917e-23, nan 
6.375, -63.875, 2.707377406906078e-23, nan 
6.625, -63.875, 2.78693879707566e-23, nan 
6.875, -63.875, 4.1743185602477276e-23, nan 
7.125, -63.875, 2.335773622686064e-22, nan 
-45.625, -63.625, 1.3730454423426973e-20, nan 
-45.375, -63.625, 1.806179973529641e-20, nan 
-45.125, -63.625, 1.6549624818402246e-20, nan 
-44.875, -63.625, 1.591942784694598e-20, nan 
-44.625, -63.625, 1.7379064251841296e-20, nan 
-44.375, -63.625, 1.4923818226468465e-20, nan 
-44.125, -63.625, 1.0569339439395229e-20, nan 
-43.875, -63.625, 1.663435472097764e-21, nan 
-43.625, -63.625, 1.5801109488622633e-21, nan 
-43.375, -63.625, 1.1965592796667203e-21, nan 
-43.125, -63.625, 2.087881861307004e-21, nan 
-42.875, -63.625, 2.385840761769006e-21, nan 
-42.625, -63.625, 1.813036498904995e-21, nan 
-42.375, -63.625, 1.1151519614487171e-21, nan 
-42.125, -63.625, 1.4248117450674812e-21, nan 
-41.875, -63.625, 2.8051371816853555e-21, nan 
-41.625, -63.625, 3.417310945214101e-21, nan 
-41.375, -63.625, 4.467566439151442e-21, nan 
-41.125, -63.625, 3.818958017011713e-21, nan 
-40.875, -63.625, 4.7996917766030776e-21, nan 
-40.625, -63.625, 4.687065520613007e-21, nan 
-40.375, -63.625, 5.205808424008666e-21, nan 
-40.125, -63.625, 1.0472257707377543e-20, nan 
-39.875, -63.625, 9.579665627497938e-21, nan 
-39.625, -63.625, 5.1075412026758034e-21, nan 
-39.375, -63.625, 5.521486587643509e-21, nan 
-39.125, -63.625, 4.884299269399843e-21, nan 
-38.875, -63.625, 2.2472428612176408e-21, nan 
-38.625, -63.625, 3.7786040739774885e-22, nan 
-38.375, -63.625, 2.675421438730207e-22, nan 
-38.125, -63.625, 1.1547161292323996e-22, nan 
-37.875, -63.625, 1.1173397645034906e-22, nan 
-37.625, -63.625, 1.516277490758465e-22, nan 
-37.375, -63.625, 1.764493524579034e-22, nan 
-37.125, -63.625, 2.8267585095953355e-22, nan 
-36.875, -63.625, 2.22622444494354e-22, nan 
-36.625, -63.625, 1.4724332200897414e-22, nan 
-36.375, -63.625, 2.747911728096815e-22, nan 
-36.125, -63.625, 1.8333089273265448e-22, nan 
-35.875, -63.625, 2.598992537783823e-22, nan 
-35.625, -63.625, 2.558008356106807e-22, nan 
-35.375, -63.625, 1.6366761661621893e-22, nan 
-35.125, -63.625, 2.8318759045803665e-22, nan 
-34.875, -63.625, 3.9553729140460747e-22, nan 
-34.625, -63.625, 3.5017818008922373e-22, nan 
-34.375, -63.625, 3.322289681306215e-22, nan 
-34.125, -63.625, 3.156078808842121e-22, nan 
-33.875, -63.625, 3.064145607005349e-22, nan 
-33.625, -63.625, 2.119652782184873e-22, nan 
-33.375, -63.625, 1.468627432571603e-22, nan 
-33.125, -63.625, 1.6157046026082317e-22, nan 
-32.875, -63.625, 1.1388162961175239e-22, nan 
-32.625, -63.625, 1.344279279386194e-22, nan 
-32.375, -63.625, 1.8867247794519774e-22, nan 
-32.125, -63.625, 1.56292604244083e-22, nan 
-31.875, -63.625, 1.97630156104743e-22, nan 
-31.625, -63.625, 2.5020454897715157e-22, nan 
-31.375, -63.625, 2.0425193021428343e-22, nan 
-31.125, -63.625, 1.9802707047824351e-22, nan 
-30.875, -63.625, 2.0093536775286941e-22, nan 
-30.625, -63.625, 1.6316902419530686e-22, nan 
-30.375, -63.625, 1.5508367237046368e-22, nan 
-30.125, -63.625, 1.369403495151119e-22, nan 
-29.875, -63.625, 1.2435717987049304e-22, nan 
-29.625, -63.625, 1.0895198549712423e-22, nan 
-29.375, -63.625, 6.497340173960385e-23, nan 
-29.125, -63.625, 3.867259899603076e-23, nan 
-28.875, -63.625, 4.274004634315123e-23, nan 
-28.625, -63.625, 3.4590233740683034e-23, nan 
-28.375, -63.625, 5.638704422459804e-23, nan 
-28.125, -63.625, 1.889141544578369e-23, nan 
-27.875, -63.625, 3.6628389321151086e-23, nan 
-27.625, -63.625, 3.6267028563436574e-23, nan 
-27.375, -63.625, 1.2394772155845414e-23, nan 
-27.125, -63.625, 7.126498074708121e-23, nan 
-26.875, -63.625, 2.116241062344564e-23, nan 
-26.625, -63.625, 1.425177407290074e-23, nan 
-26.375, -63.625, 3.291661174477203e-23, nan 
-26.125, -63.625, 4.1210337118400586e-23, nan 
-25.875, -63.625, 4.035197129297893e-23, nan 
-25.625, -63.625, 3.893306614295003e-23, nan 
-25.375, -63.625, 7.205484588091978e-23, nan 
-25.125, -63.625, 1.245805237451483e-22, nan 
-24.875, -63.625, 1.272014408974342e-22, nan 
-24.625, -63.625, 1.3677567265593628e-22, nan 
-24.375, -63.625, 1.455299965001436e-22, nan 
-24.125, -63.625, 1.4113761801614955e-22, nan 
-23.875, -63.625, 1.1119156833672402e-22, nan 
-23.625, -63.625, 9.66443193430656e-23, nan 
-23.375, -63.625, 9.453072895606753e-23, nan 
-23.125, -63.625, 1.3198507127571642e-22, nan 
-22.875, -63.625, 1.4169895874375455e-22, nan 
-22.625, -63.625, 8.59990423763538e-23, nan 
-22.375, -63.625, 6.067181394370093e-23, nan 
-22.125, -63.625, 6.652650779279766e-23, nan 
-21.875, -63.625, 8.617501039366209e-23, nan 
-21.625, -63.625, 6.596246764637026e-23, nan 
-21.375, -63.625, 5.109719469708467e-23, nan 
-21.125, -63.625, 8.509973645397109e-23, nan 
-20.875, -63.625, 1.0604782263531254e-22, nan 
-20.625, -63.625, 1.275168265271133e-22, nan 
-20.375, -63.625, 1.4190957536357538e-22, nan 
-20.125, -63.625, 1.0391619306717403e-22, nan 
-19.875, -63.625, 1.1137501342008622e-22, nan 
-19.625, -63.625, 1.2187427769922557e-22, nan 
-19.375, -63.625, 8.854249802598956e-23, nan 
-19.125, -63.625, 5.61396348088624e-23, nan 
-18.875, -63.625, 3.3698584070768145e-23, nan 
-18.625, -63.625, 1.8157640778893192e-23, nan 
-18.375, -63.625, 2.592422247559635e-23, nan 
-18.125, -63.625, 1.3340056573853894e-23, nan 
-17.875, -63.625, 1.2244629719057888e-23, nan 
-17.625, -63.625, 2.0526582246198326e-23, nan 
-17.375, -63.625, 2.93460877968142e-23, nan 
-17.125, -63.625, 3.943007711213872e-23, nan 
-16.875, -63.625, 3.3131277960359344e-23, nan 
-16.625, -63.625, 2.5433572498842952e-23, nan 
-16.375, -63.625, 2.1325232083251838e-23, nan 
-16.125, -63.625, 2.2642524300497433e-23, nan 
-15.875, -63.625, 3.587132953251493e-23, nan 
-15.625, -63.625, 3.2009540147012905e-23, nan 
-15.375, -63.625, 3.392959788803722e-23, nan 
-15.125, -63.625, 3.088805308842974e-23, nan 
-14.875, -63.625, 4.4893870779404683e-23, nan 
-14.625, -63.625, 4.5924817675050905e-23, nan 
-14.375, -63.625, 5.0233414451946935e-23, nan 
-14.125, -63.625, 5.374678927423772e-23, nan 
-13.875, -63.625, 4.826424409636483e-23, nan 
-13.625, -63.625, 3.5865337793420124e-23, nan 
-13.375, -63.625, 3.35010277530188e-23, nan 
-13.125, -63.625, 4.740302193933164e-23, nan 
-12.875, -63.625, 4.2127641862775347e-23, nan 
-12.625, -63.625, 4.099099109588153e-23, nan 
-12.375, -63.625, 2.4365799204373427e-23, nan 
-12.125, -63.625, 3.6353643662789935e-23, nan 
-11.875, -63.625, 4.3463332341331873e-23, nan 
-11.625, -63.625, 3.830018900497612e-23, nan 
-11.375, -63.625, 2.5754092290188163e-23, nan 
-11.125, -63.625, 3.2590897660050344e-23, nan 
-10.875, -63.625, 2.9421272250282534e-23, nan 
-10.625, -63.625, 1.5823724765582232e-23, nan 
-10.375, -63.625, 1.269403301418717e-23, nan 
-10.125, -63.625, 1.1383655518959263e-23, nan 
-9.875, -63.625, 6.3875892272629994e-24, nan 
-9.625, -63.625, 2.2040261912378425e-24, nan 
-9.375, -63.625, 9.82192781847957e-24, nan 
-9.125, -63.625, 3.018577970447976e-23, nan 
-8.875, -63.625, 1.9547723701333525e-24, nan 
-8.625, -63.625, 2.4877892862355477e-24, nan 
-8.375, -63.625, 2.319535852304156e-24, nan 
-8.125, -63.625, 1.1118014179411245e-24, nan 
-7.875, -63.625, 4.197143677978713e-24, nan 
-7.625, -63.625, 4.582429471983001e-24, nan 
-7.375, -63.625, 1.2384078339596532e-23, nan 
-7.125, -63.625, 8.767508607824202e-24, nan 
-6.875, -63.625, 5.507782496743265e-24, nan 
-6.625, -63.625, 8.430931680191942e-24, nan 
-6.375, -63.625, 1.4175425695567746e-23, nan 
-6.125, -63.625, 1.1510343282898727e-23, nan 
-5.875, -63.625, 1.2212515678250144e-23, nan 
-5.625, -63.625, 2.3128848785120169e-23, nan 
-5.375, -63.625, 1.2630437652788954e-23, nan 
-5.125, -63.625, 7.603399730816275e-24, nan 
-4.875, -63.625, 2.3397482214925485e-23, nan 
-4.625, -63.625, 1.6180095657833402e-23, nan 
-4.375, -63.625, 5.076409913128257e-23, nan 
-4.125, -63.625, 7.605663168086731e-23, nan 
-3.875, -63.625, 7.962115431059769e-23, nan 
-3.625, -63.625, 7.513343617464583e-23, nan 
-3.375, -63.625, 3.0507494219741334e-23, nan 
-3.125, -63.625, 3.220801575686152e-23, nan 
-2.875, -63.625, 3.280927689919891e-23, nan 
-2.625, -63.625, 2.9424635741650554e-23, nan 
-2.375, -63.625, 1.3525969050685224e-23, nan 
-2.125, -63.625, 2.6695963380107056e-23, nan 
-1.875, -63.625, 1.901242766711182e-23, nan 
-1.625, -63.625, 1.6938415759574096e-23, nan 
-1.375, -63.625, 2.35454869016822e-23, nan 
-1.125, -63.625, 1.8185419132311485e-23, nan 
-0.875, -63.625, 2.1618676878134278e-23, nan 
-0.625, -63.625, 1.9079124394857033e-23, nan 
-0.375, -63.625, 1.3170106397436316e-23, nan 
-0.125, -63.625, 1.7986503986378315e-23, nan 
0.125, -63.625, 2.331308667392009e-23, nan 
0.375, -63.625, 9.932459862285258e-24, nan 
0.625, -63.625, 1.6397138006424544e-23, nan 
0.875, -63.625, 2.105541869768043e-23, nan 
1.125, -63.625, 1.768296425214618e-23, nan 
1.375, -63.625, 1.7977952388076593e-23, nan 
1.625, -63.625, 1.360588500053024e-23, nan 
1.875, -63.625, 2.0319469446781392e-23, nan 
2.125, -63.625, 1.4192473381102335e-23, nan 
2.375, -63.625, 2.343508911158133e-23, nan 
2.625, -63.625, 4.884886270808494e-23, nan 
2.875, -63.625, 2.7436321891319775e-23, nan 
3.125, -63.625, 7.015623284435004e-23, nan 
3.375, -63.625, 1.0782009121776964e-22, nan 
3.625, -63.625, 8.123613023845162e-23, nan 
3.875, -63.625, 3.4396619108236935e-23, nan 
4.125, -63.625, 5.649975552522137e-23, nan 
4.375, -63.625, 3.920190539264838e-23, nan 
4.625, -63.625, 1.0096108215736222e-23, nan 
4.875, -63.625, 1.7834289451891862e-23, nan 
5.125, -63.625, 1.863712074639673e-23, nan 
5.375, -63.625, 1.4384482224376846e-23, nan 
5.625, -63.625, 3.373830322752659e-23, nan 
5.875, -63.625, 3.7577450530589524e-23, nan 
6.125, -63.625, 3.738708261801318e-23, nan 
6.375, -63.625, 3.260788271997601e-23, nan 
6.625, -63.625, 3.861402185573677e-23, nan 
6.875, -63.625, 3.7032106008738147e-23, nan 
-44.875, -63.375, 1.1674428067311855e-20, nan 
-44.625, -63.375, 1.614076884887488e-20, nan 
-44.375, -63.375, 1.3154191517161385e-20, nan 
-44.125, -63.375, 1.1027033777679567e-20, nan 
-43.875, -63.375, 9.638558845095799e-21, nan 
-43.625, -63.375, 5.062519733814337e-21, nan 
-43.375, -63.375, 9.324981581433516e-22, nan 
-43.125, -63.375, 5.534887337991562e-22, nan 
-42.875, -63.375, 3.1353411230021037e-22, nan 
-42.625, -63.375, 9.966402600108676e-22, nan 
-42.375, -63.375, 1.4773651277775284e-21, nan 
-42.125, -63.375, 3.584542964280572e-21, nan 
-41.875, -63.375, 4.691932272722989e-21, nan 
-41.625, -63.375, 4.3443617659617826e-21, nan 
-41.375, -63.375, 4.5060886110904966e-21, nan 
-41.125, -63.375, 3.982102754235785e-21, nan 
-40.875, -63.375, 4.197652161484969e-21, nan 
-40.625, -63.375, 3.310617525077543e-21, nan 
-40.375, -63.375, 2.0556113049679683e-21, nan 
-40.125, -63.375, 1.0011846191476474e-20, nan 
-39.875, -63.375, 9.277213696626916e-21, nan 
-39.625, -63.375, 4.9088880049740766e-21, nan 
-39.375, -63.375, 5.088260143264007e-21, nan 
-39.125, -63.375, 4.479890732067533e-21, nan 
-38.875, -63.375, 2.1563436686232166e-21, nan 
-38.625, -63.375, 3.4802010929802664e-22, nan 
-38.375, -63.375, 3.2023740126892595e-22, nan 
-38.125, -63.375, 2.4335238760622865e-22, nan 
-37.875, -63.375, 1.9844467371449859e-22, nan 
-37.625, -63.375, 2.0595815225236458e-22, nan 
-37.375, -63.375, 2.597801682925067e-22, nan 
-37.125, -63.375, 2.421727189629356e-22, nan 
-36.875, -63.375, 1.6059418383828494e-22, nan 
-36.625, -63.375, 7.535825352460767e-23, nan 
-36.375, -63.375, 1.6423070162299593e-22, nan 
-36.125, -63.375, 1.095226132243929e-22, nan 
-35.875, -63.375, 1.8789327787139519e-22, nan 
-35.625, -63.375, 2.3713092440577725e-22, nan 
-35.375, -63.375, 1.6168379169035504e-22, nan 
-35.125, -63.375, 2.730703332736678e-22, nan 
-34.875, -63.375, 3.52759350869663e-22, nan 
-34.625, -63.375, 1.8925859452339332e-22, nan 
-34.375, -63.375, 2.1236520484738412e-22, nan 
-34.125, -63.375, 2.499174078391909e-22, nan 
-33.875, -63.375, 2.307406300048581e-22, nan 
-33.625, -63.375, 1.3686955597499367e-22, nan 
-33.375, -63.375, 4.035307588517721e-23, nan 
-33.125, -63.375, 7.666817053833262e-23, nan 
-32.875, -63.375, 1.1345345724202781e-22, nan 
-32.625, -63.375, 2.56399921659022e-22, nan 
-32.375, -63.375, 1.4861856742905592e-22, nan 
-32.125, -63.375, 4.895658837718879e-22, nan 
-31.875, -63.375, 1.2023091085932638e-22, nan 
-31.625, -63.375, 1.7007862238252207e-22, nan 
-31.375, -63.375, 1.983779044416952e-22, nan 
-31.125, -63.375, 1.5388511656213646e-22, nan 
-30.875, -63.375, 1.5028531939383703e-22, nan 
-30.625, -63.375, 1.727624656347636e-22, nan 
-30.375, -63.375, 1.4082654125005565e-22, nan 
-30.125, -63.375, 1.19911006557211e-22, nan 
-29.875, -63.375, 1.2388499052535283e-22, nan 
-29.625, -63.375, 1.1145885474933339e-22, nan 
-29.375, -63.375, 8.729911412472724e-23, nan 
-29.125, -63.375, 6.999657355165816e-23, nan 
-28.875, -63.375, 9.392988814007458e-23, nan 
-28.625, -63.375, 6.425254126773043e-23, nan 
-28.375, -63.375, 4.0452647476524396e-23, nan 
-28.125, -63.375, 5.470021690793808e-23, nan 
-27.875, -63.375, 2.1847766034496198e-23, nan 
-27.625, -63.375, 3.022116194522767e-23, nan 
-27.375, -63.375, 4.5843560949745787e-23, nan 
-27.125, -63.375, 5.602031962074684e-23, nan 
-26.875, -63.375, 4.0419341860822854e-23, nan 
-26.625, -63.375, 4.6127438277997026e-23, nan 
-26.375, -63.375, 5.647075252483092e-23, nan 
-26.125, -63.375, 5.556287706565779e-23, nan 
-25.875, -63.375, 4.055708366389092e-23, nan 
-25.625, -63.375, 4.927758018232533e-23, nan 
-25.375, -63.375, 6.444816802608244e-23, nan 
-25.125, -63.375, 8.601410653162444e-23, nan 
-24.875, -63.375, 6.391300852364023e-23, nan 
-24.625, -63.375, 7.342240769159861e-23, nan 
-24.375, -63.375, 9.017546354624951e-23, nan 
-24.125, -63.375, 6.088738943997135e-23, nan 
-23.875, -63.375, 8.137306834937827e-23, nan 
-23.625, -63.375, 8.069883641588717e-23, nan 
-23.375, -63.375, 6.877146226817449e-23, nan 
-23.125, -63.375, 2.021955835841119e-23, nan 
-22.875, -63.375, 3.042860659187109e-23, nan 
-22.625, -63.375, 2.553224277696358e-23, nan 
-22.375, -63.375, 2.1307970321542394e-23, nan 
-22.125, -63.375, 3.8996804971679915e-23, nan 
-21.875, -63.375, 8.426746636583016e-23, nan 
-21.625, -63.375, 9.973404358098853e-23, nan 
-21.375, -63.375, 1.0253052326285759e-22, nan 
-21.125, -63.375, 1.162866656137078e-22, nan 
-20.875, -63.375, 1.155648077922948e-22, nan 
-20.625, -63.375, 1.2895376671651393e-22, nan 
-20.375, -63.375, 1.0220257134439656e-22, nan 
-20.125, -63.375, 7.452046902524935e-23, nan 
-19.875, -63.375, 6.657382635301401e-23, nan 
-19.625, -63.375, 7.605464316981449e-23, nan 
-19.375, -63.375, 9.092597025415208e-23, nan 
-19.125, -63.375, 7.325533533682378e-23, nan 
-18.875, -63.375, 5.411738947956334e-23, nan 
-18.625, -63.375, 5.30747106982732e-23, nan 
-18.375, -63.375, 1.0819998616000684e-22, nan 
-18.125, -63.375, 6.129991294321178e-23, nan 
-17.875, -63.375, 1.847353008358931e-23, nan 
-17.625, -63.375, 2.4238223654661554e-23, nan 
-17.375, -63.375, 3.977502250935934e-23, nan 
-17.125, -63.375, 4.9288831054404775e-23, nan 
-16.875, -63.375, 4.5177808639581395e-23, nan 
-16.625, -63.375, 4.120552709213749e-23, nan 
-16.375, -63.375, 5.2093171491289204e-23, nan 
-16.125, -63.375, 5.1083467794895136e-23, nan 
-15.875, -63.375, 4.7846352804211633e-23, nan 
-15.625, -63.375, 5.2065711544591845e-23, nan 
-15.375, -63.375, 5.1154870738450996e-23, nan 
-15.125, -63.375, 4.8336889864354637e-23, nan 
-14.875, -63.375, 4.175379226975733e-23, nan 
-14.625, -63.375, 7.169072724435019e-23, nan 
-14.375, -63.375, 5.1920750748794763e-23, nan 
-14.125, -63.375, 3.3383627321138315e-23, nan 
-13.875, -63.375, 2.3169550919341205e-23, nan 
-13.625, -63.375, 1.8637701713911178e-23, nan 
-13.375, -63.375, 1.6548381683353335e-23, nan 
-13.125, -63.375, 1.6035690125998675e-23, nan 
-12.875, -63.375, 2.0096065175486213e-23, nan 
-12.625, -63.375, 2.217207653761174e-23, nan 
-12.375, -63.375, 1.9430293510950624e-23, nan 
-12.125, -63.375, 2.5158011630748663e-23, nan 
-11.875, -63.375, 3.583088196159424e-23, nan 
-11.625, -63.375, 2.4497074861444423e-23, nan 
-11.375, -63.375, 2.5499383407987568e-23, nan 
-11.125, -63.375, 3.2256185802745106e-23, nan 
-10.875, -63.375, 2.799833292255577e-23, nan 
-10.625, -63.375, 1.6399232404554952e-23, nan 
-10.375, -63.375, 1.5693957492711638e-23, nan 
-10.125, -63.375, 2.0069970593818985e-23, nan 
-9.875, -63.375, 2.5304359217624798e-23, nan 
-9.625, -63.375, 3.8863815743540564e-24, nan 
-9.375, -63.375, 1.7022112602826468e-23, nan 
-9.125, -63.375, 5.349578259673161e-23, nan 
-8.875, -63.375, 6.869683062074629e-24, nan 
-8.625, -63.375, 9.670912641335363e-24, nan 
-8.375, -63.375, 2.1670516938852692e-23, nan 
-8.125, -63.375, 9.605244610459455e-24, nan 
-7.875, -63.375, 7.515395646447884e-24, nan 
-7.625, -63.375, 7.688704760468148e-24, nan 
-7.375, -63.375, 1.5702368074321563e-23, nan 
-7.125, -63.375, 1.1686850826732534e-23, nan 
-6.875, -63.375, 5.572851106871997e-24, nan 
-6.625, -63.375, 8.335874896784567e-24, nan 
-6.375, -63.375, 5.246392564629707e-24, nan 
-6.125, -63.375, 5.708294174716437e-24, nan 
-5.875, -63.375, 8.736514460722053e-24, nan 
-5.625, -63.375, 1.7300673419323017e-23, nan 
-5.375, -63.375, 1.0659593429929313e-23, nan 
-5.125, -63.375, 8.090124884081986e-24, nan 
-4.875, -63.375, 9.90973650282823e-24, nan 
-4.625, -63.375, 1.720310892532101e-23, nan 
-4.375, -63.375, 2.083454620515608e-23, nan 
-4.125, -63.375, 2.200581562037073e-23, nan 
-3.875, -63.375, 2.3569619867760037e-23, nan 
-3.625, -63.375, 2.2460886031035455e-23, nan 
-3.375, -63.375, 2.5618279159624088e-23, nan 
-3.125, -63.375, 1.157785620903191e-23, nan 
-2.875, -63.375, 1.8535706724625553e-23, nan 
-2.625, -63.375, 1.438317234117718e-23, nan 
-2.375, -63.375, 1.4354064575139206e-23, nan 
-2.125, -63.375, 2.009610582319626e-23, nan 
-1.875, -63.375, 1.8720212170205063e-23, nan 
-1.625, -63.375, 2.2231296307342962e-23, nan 
-1.375, -63.375, 2.1637776326753155e-23, nan 
-1.125, -63.375, 1.8469798491320306e-23, nan 
-0.875, -63.375, 2.3056851576532945e-23, nan 
-0.625, -63.375, 8.303025227636804e-24, nan 
-0.375, -63.375, 9.877513422193006e-24, nan 
-0.125, -63.375, 1.2911128915008039e-23, nan 
0.125, -63.375, 1.5681751056199016e-23, nan 
0.375, -63.375, 1.5628986000077773e-23, nan 
0.625, -63.375, 2.5394017983054462e-23, nan 
0.875, -63.375, 1.0703913470049777e-23, nan 
1.125, -63.375, 2.004694424824471e-23, nan 
1.375, -63.375, 2.4083716803825738e-23, nan 
1.625, -63.375, 1.0384932630106686e-23, nan 
1.875, -63.375, 1.2866233105587533e-23, nan 
2.125, -63.375, 4.042324983933062e-24, nan 
2.375, -63.375, 5.954530270977768e-23, nan 
2.625, -63.375, 7.793355165692787e-23, nan 
2.875, -63.375, 6.114647824117744e-23, nan 
3.125, -63.375, 1.2582487822887327e-22, nan 
3.375, -63.375, 1.5959360623408746e-22, nan 
3.625, -63.375, 1.3716976340985975e-22, nan 
3.875, -63.375, 5.830111128994224e-23, nan 
4.125, -63.375, 8.135905795913031e-23, nan 
4.375, -63.375, 7.006112284732393e-23, nan 
4.625, -63.375, 1.2934316143075468e-23, nan 
4.875, -63.375, 1.7844118670863182e-23, nan 
5.125, -63.375, 2.5334901466555483e-23, nan 
5.375, -63.375, 1.860067418803071e-23, nan 
5.625, -63.375, 2.2769681834689427e-23, nan 
5.875, -63.375, 3.325258512276983e-23, nan 
6.125, -63.375, 2.84017447978873e-23, nan 
6.375, -63.375, 3.659181303940351e-23, nan 
6.625, -63.375, 3.3191877360167295e-23, nan 
-44.375, -63.125, 1.8512829529876938e-20, nan 
-44.125, -63.125, 9.659024734077586e-21, nan 
-43.875, -63.125, 1.0028455457439319e-20, nan 
-43.625, -63.125, 8.674454558566702e-21, nan 
-43.375, -63.125, 2.7224611237587733e-21, nan 
-43.125, -63.125, 1.047625592918515e-21, nan 
-42.875, -63.125, 1.0257305078528451e-21, nan 
-42.625, -63.125, 9.245719959525678e-22, nan 
-42.375, -63.125, 1.4690208368342722e-21, nan 
-42.125, -63.125, 3.50133477189643e-21, nan 
-41.875, -63.125, 4.192877605555581e-21, nan 
-41.625, -63.125, 3.5018983001622656e-21, nan 
-41.375, -63.125, 3.1845193623747337e-21, nan 
-41.125, -63.125, 4.68814177667825e-21, nan 
-40.875, -63.125, 5.1216964348149876e-21, nan 
-40.625, -63.125, 4.145297985151003e-21, nan 
-40.375, -63.125, 3.2035439013135046e-21, nan 
-40.125, -63.125, 7.26737005138731e-21, nan 
-39.875, -63.125, 6.901953111955957e-21, nan 
-39.625, -63.125, 3.7552601114368154e-21, nan 
-39.375, -63.125, 4.322246323989125e-22, nan 
-39.125, -63.125, 7.997292005616022e-22, nan 
-38.875, -63.125, 4.258356810061609e-22, nan 
-38.625, -63.125, 1.626474063224766e-22, nan 
-38.375, -63.125, 1.4109781738804903e-22, nan 
-38.125, -63.125, 1.7246103277543853e-22, nan 
-37.875, -63.125, 1.4737201709848375e-22, nan 
-37.625, -63.125, 1.5339893601022594e-22, nan 
-37.375, -63.125, 1.8991115441864932e-22, nan 
-37.125, -63.125, 1.9316940252085797e-22, nan 
-36.875, -63.125, 1.8840905472735005e-22, nan 
-36.625, -63.125, 1.709443125164412e-22, nan 
-36.375, -63.125, 2.3564027279109416e-22, nan 
-36.125, -63.125, 2.1033412819778434e-22, nan 
-35.875, -63.125, 1.5175282451835258e-22, nan 
-35.625, -63.125, 3.205456111281514e-22, nan 
-35.375, -63.125, 4.2172758397603736e-22, nan 
-35.125, -63.125, 2.559572312656718e-22, nan 
-34.875, -63.125, 2.9436036942193864e-22, nan 
-34.625, -63.125, 5.489486139243046e-22, nan 
-34.375, -63.125, 8.061098148321348e-22, nan 
-34.125, -63.125, 1.0421274252221984e-21, nan 
-33.875, -63.125, 2.7406452052684487e-22, nan 
-33.625, -63.125, 1.3488372271545301e-22, nan 
-33.375, -63.125, 2.6310109217308533e-22, nan 
-33.125, -63.125, 1.5346010066950489e-22, nan 
-32.875, -63.125, 3.7608888837116045e-22, nan 
-32.625, -63.125, 2.7688229910800907e-22, nan 
-32.375, -63.125, 4.552698299986617e-22, nan 
-32.125, -63.125, 7.079556835914717e-22, nan 
-31.875, -63.125, 3.518694896208459e-22, nan 
-31.625, -63.125, 2.5340068104105917e-22, nan 
-31.375, -63.125, 4.619648636454594e-22, nan 
-31.125, -63.125, 1.3976032962144934e-22, nan 
-30.875, -63.125, 1.659962741329133e-22, nan 
-30.625, -63.125, 1.6975072012383725e-22, nan 
-30.375, -63.125, 1.5596622928735048e-22, nan 
-30.125, -63.125, 1.584502510415785e-22, nan 
-29.875, -63.125, 1.380294938345036e-22, nan 
-29.625, -63.125, 1.2511558909011038e-22, nan 
-29.375, -63.125, 1.1592017107157622e-22, nan 
-29.125, -63.125, 8.688028827495825e-23, nan 
-28.875, -63.125, 1.0537966156906323e-22, nan 
-28.625, -63.125, 8.58817797501082e-23, nan 
-28.375, -63.125, 3.511513504984088e-23, nan 
-28.125, -63.125, 4.8427334408149416e-23, nan 
-27.875, -63.125, 5.304842191166032e-23, nan 
-27.625, -63.125, 5.423675112344234e-23, nan 
-27.375, -63.125, 4.81319793659479e-23, nan 
-27.125, -63.125, 2.1825698160994226e-23, nan 
-26.875, -63.125, 4.33703028949883e-23, nan 
-26.625, -63.125, 4.7566786209872095e-23, nan 
-26.375, -63.125, 4.892319555398908e-23, nan 
-26.125, -63.125, 5.243666510371732e-23, nan 
-25.875, -63.125, 3.106655994119303e-23, nan 
-25.625, -63.125, 3.912720307161823e-23, nan 
-25.375, -63.125, 4.708415602163593e-23, nan 
-25.125, -63.125, 7.69551639499087e-23, nan 
-24.875, -63.125, 6.285321049685978e-23, nan 
-24.625, -63.125, 5.542815213503906e-23, nan 
-24.375, -63.125, 7.221489825940409e-23, nan 
-24.125, -63.125, 3.9265939540207517e-23, nan 
-23.875, -63.125, 1.0326210920203052e-23, nan 
-23.625, -63.125, 2.828817460552282e-23, nan 
-23.375, -63.125, 3.1527397251457236e-23, nan 
-23.125, -63.125, 2.0880471468811457e-23, nan 
-22.875, -63.125, 2.3658243548370527e-23, nan 
-22.625, -63.125, 2.0995923686169104e-23, nan 
-22.375, -63.125, 3.366324788522483e-23, nan 
-22.125, -63.125, 5.88190866734962e-23, nan 
-21.875, -63.125, 7.210786787453665e-23, nan 
-21.625, -63.125, 8.123735225948559e-23, nan 
-21.375, -63.125, 6.78188139502163e-23, nan 
-21.125, -63.125, 9.840236768569646e-23, nan 
-20.875, -63.125, 6.435656285506579e-23, nan 
-20.625, -63.125, 8.080930654687205e-23, nan 
-20.375, -63.125, 7.30320536212005e-23, nan 
-20.125, -63.125, 1.0819533704457358e-22, nan 
-19.875, -63.125, 1.0942332473244213e-22, nan 
-19.625, -63.125, 6.839306050947094e-23, nan 
-19.375, -63.125, 6.482496682083005e-23, nan 
-19.125, -63.125, 4.0565695332237724e-23, nan 
-18.875, -63.125, 5.047902821103696e-23, nan 
-18.625, -63.125, 9.952933948794119e-23, nan 
-18.375, -63.125, 1.1887548654707262e-22, nan 
-18.125, -63.125, 1.0349697623116075e-22, nan 
-17.875, -63.125, 6.444795173876562e-23, nan 
-17.625, -63.125, 6.817476074959692e-23, nan 
-17.375, -63.125, 3.5812595375802393e-23, nan 
-17.125, -63.125, 3.0917504220789464e-23, nan 
-16.875, -63.125, 3.086585575016307e-23, nan 
-16.625, -63.125, 3.8008903806607277e-23, nan 
-16.375, -63.125, 5.0198019157317765e-23, nan 
-16.125, -63.125, 5.71713442161129e-23, nan 
-15.875, -63.125, 7.04472227254676e-23, nan 
-15.625, -63.125, 7.444531049752153e-23, nan 
-15.375, -63.125, 7.350179918849607e-23, nan 
-15.125, -63.125, 5.316515043868911e-23, nan 
-14.875, -63.125, 5.35295163800155e-23, nan 
-14.625, -63.125, 7.161821829420779e-23, nan 
-14.375, -63.125, 3.1575258639372197e-23, nan 
-14.125, -63.125, 3.1194757069482544e-23, nan 
-13.875, -63.125, 3.5867843834820394e-23, nan 
-13.625, -63.125, 2.723148276083705e-23, nan 
-13.375, -63.125, 3.3031141941559166e-23, nan 
-13.125, -63.125, 2.9155149245066004e-23, nan 
-12.875, -63.125, 3.8691735346612973e-23, nan 
-12.625, -63.125, 4.3520641922236467e-23, nan 
-12.375, -63.125, 3.915633950046146e-23, nan 
-12.125, -63.125, 5.520740361272334e-23, nan 
-11.875, -63.125, 5.319086615065256e-23, nan 
-11.625, -63.125, 3.404569132429498e-23, nan 
-11.375, -63.125, 2.9705632241284e-23, nan 
-11.125, -63.125, 4.152763348007698e-23, nan 
-10.875, -63.125, 3.1112751349777986e-23, nan 
-10.625, -63.125, 1.2898578357295976e-23, nan 
-10.375, -63.125, 1.837845564782621e-23, nan 
-10.125, -63.125, 1.1940555928379368e-23, nan 
-9.875, -63.125, 1.255253529507858e-23, nan 
-9.625, -63.125, 4.507347982435488e-24, nan 
-9.375, -63.125, 1.3729970597328972e-23, nan 
-9.125, -63.125, 3.329758926217599e-23, nan 
-8.875, -63.125, 1.4471144136747647e-23, nan 
-8.625, -63.125, 1.6422135532183025e-23, nan 
-8.375, -63.125, 1.0850222784388677e-23, nan 
-8.125, -63.125, 1.4974281345513162e-23, nan 
-7.875, -63.125, 1.6163773287795423e-23, nan 
-7.625, -63.125, 1.3252374396010658e-23, nan 
-7.375, -63.125, 1.0167871527991424e-23, nan 
-7.125, -63.125, 1.526173829513134e-23, nan 
-6.875, -63.125, 5.568086189395652e-24, nan 
-6.625, -63.125, 8.14882797774295e-24, nan 
-6.375, -63.125, 9.680501010567555e-24, nan 
-6.125, -63.125, 5.5818183461128766e-24, nan 
-5.875, -63.125, 4.788762467321828e-24, nan 
-5.625, -63.125, 1.760370284241225e-24, nan 
-5.375, -63.125, 8.585027705708323e-24, nan 
-5.125, -63.125, 1.061830012876074e-23, nan 
-4.875, -63.125, 8.896712504238994e-24, nan 
-4.625, -63.125, 1.4182749792262665e-23, nan 
-4.375, -63.125, 2.0891707780780503e-23, nan 
-4.125, -63.125, 8.995316369173547e-24, nan 
-3.875, -63.125, 1.4931152093992434e-23, nan 
-3.625, -63.125, 1.3457479320778637e-23, nan 
-3.375, -63.125, 1.3628813175630617e-23, nan 
-3.125, -63.125, 1.0912816835691035e-23, nan 
-2.875, -63.125, 1.593258161601804e-23, nan 
-2.625, -63.125, 1.295366087711073e-23, nan 
-2.375, -63.125, 1.0716903804901545e-23, nan 
-2.125, -63.125, 9.472703520941893e-24, nan 
-1.875, -63.125, 1.2899362170865428e-23, nan 
-1.625, -63.125, 1.7063036815353573e-23, nan 
-1.375, -63.125, 1.133343166478544e-23, nan 
-1.125, -63.125, 4.956352725653746e-24, nan 
-0.875, -63.125, 4.12809560171096e-24, nan 
-0.625, -63.125, 3.740789907908748e-24, nan 
-0.375, -63.125, 5.785354588117673e-24, nan 
-0.125, -63.125, 5.726819997366401e-24, nan 
0.125, -63.125, 5.626982275542335e-24, nan 
0.375, -63.125, 1.8298504335904822e-23, nan 
0.625, -63.125, 1.5906727192663566e-23, nan 
0.875, -63.125, 1.2036690438780271e-23, nan 
1.125, -63.125, 2.4341512494915637e-23, nan 
1.375, -63.125, 1.0487502491645465e-23, nan 
1.625, -63.125, 1.2444293745752378e-23, nan 
1.875, -63.125, 9.946392380499632e-24, nan 
2.125, -63.125, 1.2527267854602634e-23, nan 
2.375, -63.125, 1.8614610004402505e-24, nan 
2.625, -63.125, 7.267210622622313e-24, nan 
2.875, -63.125, 1.3481245631815207e-23, nan 
3.125, -63.125, 7.857492253312e-23, nan 
3.375, -63.125, 1.004852701016421e-22, nan 
3.625, -63.125, 8.590474540715707e-23, nan 
3.875, -63.125, 1.1786695995923858e-23, nan 
4.125, -63.125, 9.333140377848124e-24, nan 
4.375, -63.125, 7.320037150001019e-24, nan 
4.625, -63.125, 4.847566634000886e-24, nan 
4.875, -63.125, 1.495701084443933e-23, nan 
5.125, -63.125, 1.795711002482987e-23, nan 
5.375, -63.125, 1.979608669555913e-23, nan 
5.625, -63.125, 1.912450331610223e-23, nan 
5.875, -63.125, 2.4101141844855068e-23, nan 
6.125, -63.125, 2.1950331149066287e-23, nan 
6.375, -63.125, 3.824942115072087e-23, nan 
-43.625, -62.875, 9.359498258839008e-22, nan 
-43.375, -62.875, 8.907361468355495e-22, nan 
-43.125, -62.875, 6.576508700305091e-22, nan 
-42.875, -62.875, 1.0744017245106095e-21, nan 
-42.625, -62.875, 1.7418580732306853e-21, nan 
-42.375, -62.875, 1.6450694986775616e-21, nan 
-42.125, -62.875, 1.5518563384363334e-21, nan 
-41.875, -62.875, 1.7232670374968783e-21, nan 
-41.625, -62.875, 1.6276885851324314e-21, nan 
-41.375, -62.875, 2.0762555186193596e-21, nan 
-41.125, -62.875, 3.0950316300993033e-21, nan 
-40.875, -62.875, 2.9714050312565577e-21, nan 
-40.625, -62.875, 2.8270818448145486e-21, nan 
-40.375, -62.875, 1.6924331789940706e-21, nan 
-40.125, -62.875, 7.63114881694362e-22, nan 
-39.875, -62.875, 4.300072617286054e-21, nan 
-39.625, -62.875, 4.268608728490819e-21, nan 
-39.375, -62.875, 3.529528857279605e-21, nan 
-39.125, -62.875, 3.367025619190912e-21, nan 
-38.875, -62.875, 2.443180308882137e-21, nan 
-38.625, -62.875, 6.392704378857673e-22, nan 
-38.375, -62.875, 2.557060329975171e-22, nan 
-38.125, -62.875, 2.248944495753532e-22, nan 
-37.875, -62.875, 1.3700236906922847e-22, nan 
-37.625, -62.875, 9.458336346658065e-23, nan 
-37.375, -62.875, 4.7807998931654363e-23, nan 
-37.125, -62.875, 1.253448083210549e-22, nan 
-36.875, -62.875, 1.4375755611335657e-22, nan 
-36.625, -62.875, 1.527900357678818e-22, nan 
-36.375, -62.875, 2.016951820961724e-22, nan 
-36.125, -62.875, 1.631533777283108e-22, nan 
-35.875, -62.875, 1.7997876235974615e-22, nan 
-35.625, -62.875, 2.796430121220616e-22, nan 
-35.375, -62.875, 4.282741423457691e-22, nan 
-35.125, -62.875, 5.485737357820484e-22, nan 
-34.875, -62.875, 8.1920242640882905e-22, nan 
-34.625, -62.875, 9.728328504405983e-22, nan 
-34.375, -62.875, 1.4741157711886155e-21, nan 
-34.125, -62.875, 1.5828511713640966e-21, nan 
-33.875, -62.875, 8.939250637440481e-22, nan 
-33.625, -62.875, 5.905670162840929e-22, nan 
-33.375, -62.875, 7.379556185361733e-22, nan 
-33.125, -62.875, 7.678267446999958e-22, nan 
-32.875, -62.875, 1.1268244787014993e-21, nan 
-32.625, -62.875, 9.435700011874753e-22, nan 
-32.375, -62.875, 7.888932368016618e-22, nan 
-32.125, -62.875, 7.215495518406933e-22, nan 
-31.875, -62.875, 9.13211123951717e-22, nan 
-31.625, -62.875, 1.0938406772949804e-21, nan 
-31.375, -62.875, 9.51917407752751e-22, nan 
-31.125, -62.875, 7.733958276886286e-22, nan 
-30.875, -62.875, 4.344145828084769e-22, nan 
-30.625, -62.875, 2.9886293516819804e-22, nan 
-30.375, -62.875, 1.3663660237900958e-22, nan 
-30.125, -62.875, 1.5388362643036616e-22, nan 
-29.875, -62.875, 1.3916574590213872e-22, nan 
-29.625, -62.875, 1.0958603476286528e-22, nan 
-29.375, -62.875, 1.0249557152116142e-22, nan 
-29.125, -62.875, 9.206092749803644e-23, nan 
-28.875, -62.875, 1.0876724410719433e-22, nan 
-28.625, -62.875, 1.0444163573729882e-22, nan 
-28.375, -62.875, 6.934203267740139e-23, nan 
-28.125, -62.875, 6.211209334803734e-23, nan 
-27.875, -62.875, 7.593217626706762e-23, nan 
-27.625, -62.875, 7.177678960298953e-23, nan 
-27.375, -62.875, 2.235582979735937e-23, nan 
-27.125, -62.875, 2.99820690800351e-23, nan 
-26.875, -62.875, 3.255347060366299e-23, nan 
-26.625, -62.875, 4.081222841503962e-23, nan 
-26.375, -62.875, 1.278613450701727e-23, nan 
-26.125, -62.875, 1.4481226753607868e-23, nan 
-25.875, -62.875, 2.0591828979745106e-23, nan 
-25.625, -62.875, 1.803055930014522e-23, nan 
-25.375, -62.875, 2.888039894234084e-23, nan 
-25.125, -62.875, 3.4247805192250623e-23, nan 
-24.875, -62.875, 2.2763724692943235e-23, nan 
-24.625, -62.875, 3.098961529658147e-23, nan 
-24.375, -62.875, 2.331006704478443e-23, nan 
-24.125, -62.875, 1.955289166871073e-23, nan 
-23.875, -62.875, 1.2159212037913024e-23, nan 
-23.625, -62.875, 2.836346571910202e-23, nan 
-23.375, -62.875, 4.720108470820246e-23, nan 
-23.125, -62.875, 4.043727634602341e-23, nan 
-22.875, -62.875, 3.082242528461158e-23, nan 
-22.625, -62.875, 3.379768939111468e-23, nan 
-22.375, -62.875, 4.581397328302181e-23, nan 
-22.125, -62.875, 5.77240131626508e-23, nan 
-21.875, -62.875, 7.331340793054759e-23, nan 
-21.625, -62.875, 7.115336595335024e-23, nan 
-21.375, -62.875, 6.466855396110415e-23, nan 
-21.125, -62.875, 6.671850240087821e-23, nan 
-20.875, -62.875, 6.001920287453977e-23, nan 
-20.625, -62.875, 5.320469691735511e-23, nan 
-20.375, -62.875, 3.304943140595755e-23, nan 
-20.125, -62.875, 1.3465864162502036e-22, nan 
-19.875, -62.875, 1.18048972953419e-22, nan 
-19.625, -62.875, 7.272873540411978e-23, nan 
-19.375, -62.875, 5.403214128504556e-23, nan 
-19.125, -62.875, 6.234348676922649e-23, nan 
-18.875, -62.875, 6.182144852164731e-23, nan 
-18.625, -62.875, 8.311535882467698e-23, nan 
-18.375, -62.875, 7.478964529767827e-23, nan 
-18.125, -62.875, 1.1364032718921813e-22, nan 
-17.875, -62.875, 6.63750980057972e-23, nan 
-17.625, -62.875, 7.941814791998068e-23, nan 
-17.375, -62.875, 7.995028721962024e-23, nan 
-17.125, -62.875, 5.478858529346437e-23, nan 
-16.875, -62.875, 6.364742418869579e-23, nan 
-16.625, -62.875, 5.312853069212678e-23, nan 
-16.375, -62.875, 4.7790257866508497e-23, nan 
-16.125, -62.875, 4.604215727815727e-23, nan 
-15.875, -62.875, 6.574117521195276e-23, nan 
-15.625, -62.875, 6.461349724176601e-23, nan 
-15.375, -62.875, 5.648461433306549e-23, nan 
-15.125, -62.875, 3.947278959041327e-23, nan 
-14.875, -62.875, 4.7245599433853455e-23, nan 
-14.625, -62.875, 1.1392510003490257e-23, nan 
-14.375, -62.875, 1.5283123441686178e-23, nan 
-14.125, -62.875, 2.0429746103526913e-23, nan 
-13.875, -62.875, 2.952557204671586e-23, nan 
-13.625, -62.875, 2.4612670870118752e-23, nan 
-13.375, -62.875, 2.767343700418161e-23, nan 
-13.125, -62.875, 2.7187900580906766e-23, nan 
-12.875, -62.875, 2.8546256369769124e-23, nan 
-12.625, -62.875, 4.2775820322667463e-23, nan 
-12.375, -62.875, 4.609667991396475e-23, nan 
-12.125, -62.875, 4.51979724009395e-23, nan 
-11.875, -62.875, 6.009813704299399e-23, nan 
-11.625, -62.875, 5.0565553131170156e-23, nan 
-11.375, -62.875, 1.5423642343401807e-23, nan 
-11.125, -62.875, 3.4644202209503215e-23, nan 
-10.875, -62.875, 2.738467960876882e-23, nan 
-10.625, -62.875, 1.0577684872058003e-23, nan 
-10.375, -62.875, 8.619780023257794e-24, nan 
-10.125, -62.875, 7.571798790254989e-24, nan 
-9.875, -62.875, 1.35876754897242e-23, nan 
-9.625, -62.875, 2.5361653518955625e-23, nan 
-9.375, -62.875, 2.5909918159898846e-23, nan 
-9.125, -62.875, 1.4660325339867328e-23, nan 
-8.875, -62.875, 1.5089228359626153e-23, nan 
-8.625, -62.875, 1.6035446618650508e-23, nan 
-8.375, -62.875, 1.8506139830503806e-23, nan 
-8.125, -62.875, 2.4460983153178804e-23, nan 
-7.875, -62.875, 2.153306528040282e-23, nan 
-7.625, -62.875, 2.1982587096517626e-23, nan 
-7.375, -62.875, 2.0442860716856504e-23, nan 
-7.125, -62.875, 1.1427159429727797e-23, nan 
-6.875, -62.875, 6.749163624523911e-24, nan 
-6.625, -62.875, 1.0263423849745496e-23, nan 
-6.375, -62.875, 9.919835760377848e-24, nan 
-6.125, -62.875, 1.0218524376702645e-23, nan 
-5.875, -62.875, 6.950412834638293e-24, nan 
-5.625, -62.875, 4.059503513881831e-24, nan 
-5.375, -62.875, 9.632126088518222e-24, nan 
-5.125, -62.875, 7.083542144411972e-24, nan 
-4.875, -62.875, 5.293896218904885e-24, nan 
-4.625, -62.875, 1.3317450836442098e-23, nan 
-4.375, -62.875, 9.545678547461404e-24, nan 
-4.125, -62.875, 1.0434502089550768e-23, nan 
-3.875, -62.875, 1.3705637593266517e-23, nan 
-3.625, -62.875, 7.621633167269446e-24, nan 
-3.375, -62.875, 8.407206865617392e-24, nan 
-3.125, -62.875, 8.645780836715911e-24, nan 
-2.875, -62.875, 6.600761926664219e-24, nan 
-2.625, -62.875, 8.903711603501824e-24, nan 
-2.375, -62.875, 6.5759027245862485e-24, nan 
-2.125, -62.875, 1.1289212399955471e-23, nan 
-1.875, -62.875, 1.0581274259286353e-23, nan 
-1.625, -62.875, 1.2404253777025387e-23, nan 
-1.375, -62.875, 1.6316782837206792e-23, nan 
-1.125, -62.875, 7.530552711759188e-24, nan 
-0.875, -62.875, 7.719177957309525e-24, nan 
-0.625, -62.875, 9.366523329177633e-24, nan 
-0.375, -62.875, 5.212673393517432e-24, nan 
-0.125, -62.875, 5.942364146799289e-24, nan 
0.125, -62.875, 6.946333102152106e-24, nan 
0.375, -62.875, 1.3316931511302186e-23, nan 
0.625, -62.875, 1.4520726421872477e-23, nan 
0.875, -62.875, 1.3037243056270246e-23, nan 
1.125, -62.875, 2.2122176900975575e-23, nan 
1.375, -62.875, 1.2579044507507418e-23, nan 
1.625, -62.875, 1.2302782407735e-23, nan 
1.875, -62.875, 1.6067794504437753e-23, nan 
2.125, -62.875, 1.1898833203103896e-23, nan 
2.375, -62.875, 4.6764492072327745e-24, nan 
2.625, -62.875, 9.51218735254334e-24, nan 
2.875, -62.875, 1.1778631866254205e-23, nan 
3.125, -62.875, 1.074760419807318e-23, nan 
3.375, -62.875, 8.167077067688308e-24, nan 
3.625, -62.875, 4.784800721348509e-24, nan 
3.875, -62.875, 9.613265989106152e-24, nan 
4.125, -62.875, 9.63724501378195e-24, nan 
4.375, -62.875, 6.382849090954104e-24, nan 
4.625, -62.875, 4.817857767534203e-24, nan 
4.875, -62.875, 8.304368089746004e-24, nan 
5.125, -62.875, 5.831739729977811e-24, nan 
5.375, -62.875, 1.3045183216805581e-23, nan 
5.625, -62.875, 1.0508199197627244e-23, nan 
5.875, -62.875, 1.5332530510270335e-23, nan 
6.125, -62.875, 1.7781869290978618e-23, nan 
-43.125, -62.625, 1.0039781228262367e-21, nan 
-42.875, -62.625, 1.1998924650603918e-21, nan 
-42.625, -62.625, 1.4623391574344329e-21, nan 
-42.375, -62.625, 1.4250759652263997e-21, nan 
-42.125, -62.625, 1.474623196694133e-21, nan 
-41.875, -62.625, 1.5621014981653025e-21, nan 
-41.625, -62.625, 1.5462431447764612e-21, nan 
-41.375, -62.625, 1.4430384050457017e-21, nan 
-41.125, -62.625, 1.776605747854231e-21, nan 
-40.875, -62.625, 1.5724120819246767e-21, nan 
-40.625, -62.625, 2.1827105088823173e-21, nan 
-40.375, -62.625, 3.083340135325834e-21, nan 
-40.125, -62.625, 3.193499814546397e-21, nan 
-39.875, -62.625, 3.819621923593531e-21, nan 
-39.625, -62.625, 4.216740947347894e-21, nan 
-39.375, -62.625, 4.31176733926405e-21, nan 
-39.125, -62.625, 3.9857862981968816e-21, nan 
-38.875, -62.625, 2.977551895007402e-21, nan 
-38.625, -62.625, 1.7423594120289337e-21, nan 
-38.375, -62.625, 1.794092251455031e-21, nan 
-38.125, -62.625, 1.2725284275393182e-21, nan 
-37.875, -62.625, 2.3384990436646894e-22, nan 
-37.625, -62.625, 7.019955673213984e-23, nan 
-37.375, -62.625, 8.180272487731037e-23, nan 
-37.125, -62.625, 9.492393475145706e-23, nan 
-36.875, -62.625, 8.252744227561546e-23, nan 
-36.625, -62.625, 1.7955736948823286e-22, nan 
-36.375, -62.625, 2.470156508290161e-22, nan 
-36.125, -62.625, 2.490573674498012e-22, nan 
-35.875, -62.625, 2.60439261711598e-22, nan 
-35.625, -62.625, 2.8555658895187633e-22, nan 
-35.375, -62.625, 8.185162945639999e-22, nan 
-35.125, -62.625, 1.1824599288881253e-21, nan 
-34.875, -62.625, 1.1695740419975143e-21, nan 
-34.625, -62.625, 1.393287528283053e-21, nan 
-34.375, -62.625, 2.0657759445012292e-21, nan 
-34.125, -62.625, 1.898347043293666e-21, nan 
-33.875, -62.625, 1.1613592035959027e-21, nan 
-33.625, -62.625, 1.083043073977693e-21, nan 
-33.375, -62.625, 1.5689476419580834e-21, nan 
-33.125, -62.625, 1.015113398536344e-21, nan 
-32.875, -62.625, 1.039299661957856e-21, nan 
-32.625, -62.625, 9.801920380423866e-22, nan 
-32.375, -62.625, 6.166169388409641e-22, nan 
-32.125, -62.625, 4.7437241963044435e-22, nan 
-31.875, -62.625, 7.805211495100104e-22, nan 
-31.625, -62.625, 1.0481927181682202e-21, nan 
-31.375, -62.625, 9.410191393979183e-22, nan 
-31.125, -62.625, 9.832803689332398e-22, nan 
-30.875, -62.625, 8.780079450436506e-22, nan 
-30.625, -62.625, 6.544770834846894e-22, nan 
-30.375, -62.625, 6.673223917028295e-22, nan 
-30.125, -62.625, 2.9526567682082455e-22, nan 
-29.875, -62.625, 1.8794125876323052e-22, nan 
-29.625, -62.625, 1.0343266507872069e-22, nan 
-29.375, -62.625, 1.3705620810146976e-22, nan 
-29.125, -62.625, 1.1193012851432535e-22, nan 
-28.875, -62.625, 9.834348339941557e-23, nan 
-28.625, -62.625, 1.1939107621697436e-22, nan 
-28.375, -62.625, 7.14986709755164e-23, nan 
-28.125, -62.625, 8.729496042591176e-23, nan 
-27.875, -62.625, 1.0161377324148791e-22, nan 
-27.625, -62.625, 5.132730751405603e-23, nan 
-27.375, -62.625, 2.877794317489379e-23, nan 
-27.125, -62.625, 3.7086595180514943e-23, nan 
-26.875, -62.625, 1.9476214478922222e-23, nan 
-26.625, -62.625, 3.5648781573087016e-23, nan 
-26.375, -62.625, 1.3238486510414297e-23, nan 
-26.125, -62.625, 1.1703450557110633e-23, nan 
-25.875, -62.625, 1.6328368821919867e-23, nan 
-25.625, -62.625, 1.8447125999134825e-23, nan 
-25.375, -62.625, 1.875733054535229e-23, nan 
-25.125, -62.625, 2.3603665157824737e-23, nan 
-24.875, -62.625, 2.680313862356842e-23, nan 
-24.625, -62.625, 3.0973205308250413e-23, nan 
-24.375, -62.625, 3.1545844699537755e-23, nan 
-24.125, -62.625, 3.746840373500223e-23, nan 
-23.875, -62.625, 3.2514761900219476e-23, nan 
-23.625, -62.625, 2.9681114052520037e-23, nan 
-23.375, -62.625, 6.12012397171387e-23, nan 
-23.125, -62.625, 5.313485267433627e-23, nan 
-22.875, -62.625, 2.70282207881769e-23, nan 
-22.625, -62.625, 4.8827171227211045e-23, nan 
-22.375, -62.625, 6.089414641152991e-23, nan 
-22.125, -62.625, 5.855389033442546e-23, nan 
-21.875, -62.625, 5.717684929862846e-23, nan 
-21.625, -62.625, 5.651614613064642e-23, nan 
-21.375, -62.625, 6.01743056438913e-23, nan 
-21.125, -62.625, 4.46306671561471e-23, nan 
-20.875, -62.625, 4.484975432740078e-23, nan 
-20.625, -62.625, 4.711102709403349e-23, nan 
-20.375, -62.625, 3.6036412039737293e-23, nan 
-20.125, -62.625, 9.261925525444921e-23, nan 
-19.875, -62.625, 9.907492416210552e-23, nan 
-19.625, -62.625, 6.043703523433864e-23, nan 
-19.375, -62.625, 5.647955244653167e-23, nan 
-19.125, -62.625, 6.849956627905607e-23, nan 
-18.875, -62.625, 7.789077554344122e-23, nan 
-18.625, -62.625, 8.090161151508406e-23, nan 
-18.375, -62.625, 4.285478147241542e-23, nan 
-18.125, -62.625, 4.8153025416275044e-23, nan 
-17.875, -62.625, 4.2503481182121037e-23, nan 
-17.625, -62.625, 4.2144650332560367e-23, nan 
-17.375, -62.625, 5.578346717012337e-23, nan 
-17.125, -62.625, 5.721027229366936e-23, nan 
-16.875, -62.625, 6.721231324711136e-23, nan 
-16.625, -62.625, 4.930611577347974e-23, nan 
-16.375, -62.625, 3.470442311380115e-23, nan 
-16.125, -62.625, 2.702533972552428e-23, nan 
-15.875, -62.625, 1.3198732513002206e-23, nan 
-15.625, -62.625, 1.1782533164398156e-23, nan 
-15.375, -62.625, 2.6931063715249833e-23, nan 
-15.125, -62.625, 3.0075179947735946e-23, nan 
-14.875, -62.625, 1.7953169619677928e-23, nan 
-14.625, -62.625, 1.5114052705950292e-23, nan 
-14.375, -62.625, 1.091787156521618e-23, nan 
-14.125, -62.625, 1.959111281880877e-23, nan 
-13.875, -62.625, 2.903065171568456e-23, nan 
-13.625, -62.625, 2.018659849320202e-23, nan 
-13.375, -62.625, 1.242940004347004e-23, nan 
-13.125, -62.625, 2.198728737300595e-23, nan 
-12.875, -62.625, 2.0862234513172266e-23, nan 
-12.625, -62.625, 1.864038449710219e-23, nan 
-12.375, -62.625, 2.1794072705692705e-23, nan 
-12.125, -62.625, 2.010920997587448e-23, nan 
-11.875, -62.625, 3.951428338117499e-23, nan 
-11.625, -62.625, 3.5514432669564684e-23, nan 
-11.375, -62.625, 1.8740282365404216e-23, nan 
-11.125, -62.625, 1.7335018714148177e-23, nan 
-10.875, -62.625, 6.184552939535046e-24, nan 
-10.625, -62.625, 9.527347077902026e-24, nan 
-10.375, -62.625, 2.940767082621657e-23, nan 
-10.125, -62.625, 3.67922736866973e-23, nan 
-9.875, -62.625, 1.6092280702991232e-23, nan 
-9.625, -62.625, 2.5229457822334516e-23, nan 
-9.375, -62.625, 2.973481031759014e-23, nan 
-9.125, -62.625, 1.1815222237994e-23, nan 
-8.875, -62.625, 1.2277087406213083e-23, nan 
-8.625, -62.625, 1.349277653528032e-23, nan 
-8.375, -62.625, 1.7422375075148207e-23, nan 
-8.125, -62.625, 2.30580876266317e-23, nan 
-7.875, -62.625, 2.4561873064710166e-23, nan 
-7.625, -62.625, 2.5064710878271887e-23, nan 
-7.375, -62.625, 2.4799357255705266e-23, nan 
-7.125, -62.625, 1.7690819704720907e-23, nan 
-6.875, -62.625, 1.718887664062802e-23, nan 
-6.625, -62.625, 2.1277786451061293e-23, nan 
-6.375, -62.625, 1.2976037966814199e-23, nan 
-6.125, -62.625, 7.495983660308753e-24, nan 
-5.875, -62.625, 1.0427218635081433e-23, nan 
-5.625, -62.625, 9.055674150883525e-24, nan 
-5.375, -62.625, 2.958177490685216e-24, nan 
-5.125, -62.625, 6.604878473914396e-24, nan 
-4.875, -62.625, 8.201211276864676e-24, nan 
-4.625, -62.625, 9.756730481187377e-24, nan 
-4.375, -62.625, 4.938000325318652e-24, nan 
-4.125, -62.625, 1.097322175033918e-23, nan 
-3.875, -62.625, 1.2046152104858288e-23, nan 
-3.625, -62.625, 5.227744442549399e-24, nan 
-3.375, -62.625, 6.382731682156171e-24, nan 
-3.125, -62.625, 5.42424672699387e-24, nan 
-2.875, -62.625, 9.049485413200793e-24, nan 
-2.625, -62.625, 8.047467046755655e-24, nan 
-2.375, -62.625, 1.052040278394702e-23, nan 
-2.125, -62.625, 1.326003134671333e-23, nan 
-1.875, -62.625, 9.157121763979528e-24, nan 
-1.625, -62.625, 8.406806090210895e-24, nan 
-1.375, -62.625, 1.4788502940905688e-23, nan 
-1.125, -62.625, 1.088140156656095e-23, nan 
-0.875, -62.625, 1.0115611992256013e-23, nan 
-0.625, -62.625, 1.068183075432202e-23, nan 
-0.375, -62.625, 1.2577073145975572e-23, nan 
-0.125, -62.625, 1.0573553544411565e-23, nan 
0.125, -62.625, 5.201010102015068e-24, nan 
0.375, -62.625, 1.1347412378016725e-23, nan 
0.625, -62.625, 1.3022768068452671e-23, nan 
0.875, -62.625, 9.769821248899856e-24, nan 
1.125, -62.625, 1.090090499144793e-23, nan 
1.375, -62.625, 6.170041581445837e-24, nan 
1.625, -62.625, 9.809178752612564e-24, nan 
1.875, -62.625, 1.2530975476920133e-23, nan 
2.125, -62.625, 9.322016374337595e-24, nan 
2.375, -62.625, 7.92781200500231e-24, nan 
2.625, -62.625, 9.442723433007204e-24, nan 
2.875, -62.625, 1.523781921299433e-23, nan 
3.125, -62.625, 1.4284906520661142e-23, nan 
3.375, -62.625, 9.487018860132536e-24, nan 
3.625, -62.625, 7.15804177689866e-23, nan 
3.875, -62.625, 7.475882269612976e-23, nan 
4.125, -62.625, 4.5750543044233503e-23, nan 
4.375, -62.625, 3.733732721465848e-24, nan 
4.625, -62.625, 2.3115803654601326e-24, nan 
4.875, -62.625, 4.043271899182837e-24, nan 
5.125, -62.625, 9.622738456865908e-24, nan 
5.375, -62.625, 1.6818872712553166e-23, nan 
5.625, -62.625, 7.512036167602274e-24, nan 
5.875, -62.625, 2.1167847156173304e-23, nan 
-42.625, -62.375, 1.3197817417359496e-21, nan 
-42.375, -62.375, 1.510958553279286e-21, nan 
-42.125, -62.375, 1.469819535443175e-21, nan 
-41.875, -62.375, 1.5897079730425727e-21, nan 
-41.625, -62.375, 1.5914567117462254e-21, nan 
-41.375, -62.375, 1.0951979309821147e-21, nan 
-41.125, -62.375, 1.017566474390138e-21, nan 
-40.875, -62.375, 1.2976263090381972e-21, nan 
-40.625, -62.375, 1.5290481258922205e-21, nan 
-40.375, -62.375, 2.3561976419339995e-21, nan 
-40.125, -62.375, 2.4205576783323792e-21, nan 
-39.875, -62.375, 1.3498851513591214e-21, nan 
-39.625, -62.375, 2.599585311824033e-21, nan 
-39.375, -62.375, 3.520923178726829e-21, nan 
-39.125, -62.375, 2.948638438429673e-21, nan 
-38.875, -62.375, 2.0482958952517597e-21, nan 
-38.625, -62.375, 1.7096043795933006e-21, nan 
-38.375, -62.375, 1.4440290257186397e-21, nan 
-38.125, -62.375, 8.179395522273049e-22, nan 
-37.875, -62.375, 1.381986657406672e-22, nan 
-37.625, -62.375, 1.315615698818857e-22, nan 
-37.375, -62.375, 1.181962544171706e-22, nan 
-37.125, -62.375, 1.7000123334683624e-22, nan 
-36.875, -62.375, 2.0070493228075786e-22, nan 
-36.625, -62.375, 1.987609880578561e-22, nan 
-36.375, -62.375, 2.422802598663648e-22, nan 
-36.125, -62.375, 2.759339500077669e-22, nan 
-35.875, -62.375, 2.693450849761109e-22, nan 
-35.625, -62.375, 1.3347039826943827e-22, nan 
-35.375, -62.375, 9.315388267809355e-23, nan 
-35.125, -62.375, 2.5215956672639093e-22, nan 
-34.875, -62.375, 2.95690979967403e-22, nan 
-34.625, -62.375, 9.8161888535109e-22, nan 
-34.375, -62.375, 1.1208577539068766e-21, nan 
-34.125, -62.375, 1.0570731743032347e-21, nan 
-33.875, -62.375, 9.711918422496555e-22, nan 
-33.625, -62.375, 8.937127957436746e-22, nan 
-33.375, -62.375, 1.0379892754974148e-21, nan 
-33.125, -62.375, 8.84874495991523e-22, nan 
-32.875, -62.375, 6.345220030619527e-22, nan 
-32.625, -62.375, 3.8593890194298547e-22, nan 
-32.375, -62.375, 3.237163528869988e-22, nan 
-32.125, -62.375, 2.690119926845973e-22, nan 
-31.875, -62.375, 1.8701980174608634e-22, nan 
-31.625, -62.375, 1.4550466608358506e-22, nan 
-31.375, -62.375, 2.662895506795656e-22, nan 
-31.125, -62.375, 4.1492021225951514e-22, nan 
-30.875, -62.375, 9.59731832556621e-22, nan 
-30.625, -62.375, 7.28097854846273e-22, nan 
-30.375, -62.375, 7.082191504307146e-22, nan 
-30.125, -62.375, 7.604265631407349e-22, nan 
-29.875, -62.375, 4.26994309680957e-22, nan 
-29.625, -62.375, 3.042298619726591e-22, nan 
-29.375, -62.375, 1.6673321485873245e-22, nan 
-29.125, -62.375, 1.3901016795916261e-22, nan 
-28.875, -62.375, 1.2600727163615368e-22, nan 
-28.625, -62.375, 1.3327454158713817e-22, nan 
-28.375, -62.375, 1.0369691267231657e-22, nan 
-28.125, -62.375, 1.1639399479479255e-22, nan 
-27.875, -62.375, 4.9364841159217316e-23, nan 
-27.625, -62.375, 3.230546952477478e-23, nan 
-27.375, -62.375, 4.508407517227817e-23, nan 
-27.125, -62.375, 2.177039324622899e-23, nan 
-26.875, -62.375, 1.7883711912838386e-23, nan 
-26.625, -62.375, 2.6822361059246185e-23, nan 
-26.375, -62.375, 2.647906132698583e-23, nan 
-26.125, -62.375, 2.0482019268927252e-23, nan 
-25.875, -62.375, 2.183391680724636e-23, nan 
-25.625, -62.375, 2.432388147382697e-23, nan 
-25.375, -62.375, 4.2461336710000564e-23, nan 
-25.125, -62.375, 4.993963693451294e-23, nan 
-24.875, -62.375, 4.5263655477022964e-23, nan 
-24.625, -62.375, 4.8701421311619074e-23, nan 
-24.375, -62.375, 5.220544922973681e-23, nan 
-24.125, -62.375, 4.3726826101523803e-23, nan 
-23.875, -62.375, 4.521820111085293e-23, nan 
-23.625, -62.375, 3.811339471534562e-23, nan 
-23.375, -62.375, 3.1841018598266785e-23, nan 
-23.125, -62.375, 2.2478272396136176e-23, nan 
-22.875, -62.375, 4.1276406384837097e-23, nan 
-22.625, -62.375, 6.599182748757104e-23, nan 
-22.375, -62.375, 6.416777579497126e-23, nan 
-22.125, -62.375, 4.9739714541275976e-23, nan 
-21.875, -62.375, 4.393604633887296e-23, nan 
-21.625, -62.375, 4.2461994612982566e-23, nan 
-21.375, -62.375, 3.8344834759590953e-23, nan 
-21.125, -62.375, 3.8377891820689725e-23, nan 
-20.875, -62.375, 4.139102111937253e-23, nan 
-20.625, -62.375, 4.245491615369181e-23, nan 
-20.375, -62.375, 3.657812020849271e-23, nan 
-20.125, -62.375, 5.5695076958534e-23, nan 
-19.875, -62.375, 8.771540132853299e-23, nan 
-19.625, -62.375, 4.4359554191262407e-23, nan 
-19.375, -62.375, 5.91698207889659e-23, nan 
-19.125, -62.375, 7.252873691306454e-23, nan 
-18.875, -62.375, 7.246508187411083e-23, nan 
-18.625, -62.375, 9.004579873169292e-23, nan 
-18.375, -62.375, 8.833553248503685e-23, nan 
-18.125, -62.375, 7.47168080732558e-23, nan 
-17.875, -62.375, 6.582311326553604e-23, nan 
-17.625, -62.375, 3.001303513766167e-23, nan 
-17.375, -62.375, 3.649855422014461e-23, nan 
-17.125, -62.375, 3.319725439009721e-23, nan 
-16.875, -62.375, 4.6976194569433697e-23, nan 
-16.625, -62.375, 5.67253392311168e-23, nan 
-16.375, -62.375, 1.7891551550095388e-23, nan 
-16.125, -62.375, 2.2768809313123912e-23, nan 
-15.875, -62.375, 3.2307870387898024e-23, nan 
-15.625, -62.375, 2.1238363033556886e-23, nan 
-15.375, -62.375, 3.387917934724067e-23, nan 
-15.125, -62.375, 3.6590623150027674e-23, nan 
-14.875, -62.375, 1.9194159384347567e-23, nan 
-14.625, -62.375, 2.6686037501732234e-23, nan 
-14.375, -62.375, 2.3162736952261586e-23, nan 
-14.125, -62.375, 9.91614452548087e-24, nan 
-13.875, -62.375, 1.8865970829211905e-23, nan 
-13.625, -62.375, 1.3658004390647285e-23, nan 
-13.375, -62.375, 1.3563535809115213e-23, nan 
-13.125, -62.375, 2.052870599973336e-23, nan 
-12.875, -62.375, 2.1238756081746924e-23, nan 
-12.625, -62.375, 1.3634979011784823e-23, nan 
-12.375, -62.375, 1.5170713008394352e-23, nan 
-12.125, -62.375, 9.23368977938671e-24, nan 
-11.875, -62.375, 1.60090215831845e-23, nan 
-11.625, -62.375, 2.053722769620921e-23, nan 
-11.375, -62.375, 2.5562398025151272e-23, nan 
-11.125, -62.375, 4.433849392347083e-23, nan 
-10.875, -62.375, 4.843595560872582e-23, nan 
-10.625, -62.375, 5.222286618894523e-23, nan 
-10.375, -62.375, 4.020252862562051e-23, nan 
-10.125, -62.375, 4.149053527474411e-23, nan 
-9.875, -62.375, 1.9972170225603648e-23, nan 
-9.625, -62.375, 1.1709043626103842e-23, nan 
-9.375, -62.375, 6.931813035482474e-24, nan 
-9.125, -62.375, 1.7478894074223362e-23, nan 
-8.875, -62.375, 2.125125734670282e-23, nan 
-8.625, -62.375, 1.8771193472178347e-23, nan 
-8.375, -62.375, 1.7374105771737398e-23, nan 
-8.125, -62.375, 2.3961928010876852e-23, nan 
-7.875, -62.375, 3.759144923859374e-23, nan 
-7.625, -62.375, 4.1209891860276255e-23, nan 
-7.375, -62.375, 2.839123661876521e-23, nan 
-7.125, -62.375, 2.818862603583896e-23, nan 
-6.875, -62.375, 2.701824335592077e-23, nan 
-6.625, -62.375, 2.5754632618379344e-23, nan 
-6.375, -62.375, 2.0496279549923215e-23, nan 
-6.125, -62.375, 1.2553218524015859e-23, nan 
-5.875, -62.375, 3.662558536545847e-24, nan 
-5.625, -62.375, 5.8999439008883125e-24, nan 
-5.375, -62.375, 4.636570402421513e-24, nan 
-5.125, -62.375, 7.604265222128997e-24, nan 
-4.875, -62.375, 9.17052891115617e-24, nan 
-4.625, -62.375, 5.464769251770797e-24, nan 
-4.375, -62.375, 9.150331661609732e-24, nan 
-4.125, -62.375, 1.0561688232319268e-23, nan 
-3.875, -62.375, 9.342617569154258e-24, nan 
-3.625, -62.375, 7.527415803500192e-24, nan 
-3.375, -62.375, 3.5185669769587e-24, nan 
-3.125, -62.375, 1.1889857665433842e-23, nan 
-2.875, -62.375, 1.1821349944062309e-23, nan 
-2.625, -62.375, 6.180129918499226e-24, nan 
-2.375, -62.375, 1.5432379996092374e-23, nan 
-2.125, -62.375, 1.183251298848696e-23, nan 
-1.875, -62.375, 5.1533476860885326e-24, nan 
-1.625, -62.375, 1.1643214746082705e-23, nan 
-1.375, -62.375, 1.1427098206606566e-23, nan 
-1.125, -62.375, 1.1437544649262258e-23, nan 
-0.875, -62.375, 8.133119070198383e-24, nan 
-0.625, -62.375, 1.0142588444346732e-23, nan 
-0.375, -62.375, 2.3213072783597456e-23, nan 
-0.125, -62.375, 5.0229290139925566e-23, nan 
0.125, -62.375, 5.273544067242082e-23, nan 
0.375, -62.375, 3.050422814040896e-23, nan 
0.625, -62.375, 8.223107656322514e-24, nan 
0.875, -62.375, 8.089153512070168e-24, nan 
1.125, -62.375, 7.059126987196133e-24, nan 
1.375, -62.375, 7.869190553801303e-24, nan 
1.625, -62.375, 8.428402005613962e-24, nan 
1.875, -62.375, 7.942732552893504e-24, nan 
2.125, -62.375, 4.130562359298079e-24, nan 
2.375, -62.375, 3.4651135686532464e-24, nan 
2.625, -62.375, 6.156594114794446e-24, nan 
2.875, -62.375, 4.7897430646731115e-23, nan 
3.125, -62.375, 4.992880786902643e-23, nan 
3.375, -62.375, 2.5612449947563656e-23, nan 
3.625, -62.375, 9.754959072722119e-23, nan 
3.875, -62.375, 1.0315218708157917e-22, nan 
4.125, -62.375, 5.696466273907105e-23, nan 
4.375, -62.375, 5.342200169422908e-23, nan 
4.625, -62.375, 5.2073049273275707e-23, nan 
4.875, -62.375, 2.948491670846362e-23, nan 
5.125, -62.375, 1.7150342001063383e-23, nan 
5.375, -62.375, 1.1931283056836307e-23, nan 
5.625, -62.375, 6.0375911678716495e-24, nan 
-41.875, -62.125, 1.4425374981005555e-21, nan 
-41.625, -62.125, 1.1947230567316502e-21, nan 
-41.375, -62.125, 1.1506200726418654e-21, nan 
-41.125, -62.125, 1.040431718942099e-21, nan 
-40.875, -62.125, 1.1829811938086658e-21, nan 
-40.625, -62.125, 1.1300695191028427e-21, nan 
-40.375, -62.125, 1.330065628788012e-21, nan 
-40.125, -62.125, 1.4873336857322076e-21, nan 
-39.875, -62.125, 1.424687234335515e-21, nan 
-39.625, -62.125, 2.198716448399884e-21, nan 
-39.375, -62.125, 2.558622552676772e-21, nan 
-39.125, -62.125, 2.2915770728887047e-21, nan 
-38.875, -62.125, 1.640908465223449e-21, nan 
-38.625, -62.125, 8.890620799257178e-22, nan 
-38.375, -62.125, 9.244380146876544e-22, nan 
-38.125, -62.125, 5.019976138949638e-22, nan 
-37.875, -62.125, 2.8886677541754797e-22, nan 
-37.625, -62.125, 2.899279343856903e-22, nan 
-37.375, -62.125, 1.805767946442859e-22, nan 
-37.125, -62.125, 1.7639587201092733e-22, nan 
-36.875, -62.125, 2.0565517846352077e-22, nan 
-36.625, -62.125, 1.9919642636278196e-22, nan 
-36.375, -62.125, 1.7861944624703982e-22, nan 
-36.125, -62.125, 1.983618217998199e-22, nan 
-35.875, -62.125, 4.698552288672192e-22, nan 
-35.625, -62.125, 3.4607408437346396e-22, nan 
-35.375, -62.125, 1.9386951867519028e-22, nan 
-35.125, -62.125, 2.0378841664125773e-22, nan 
-34.875, -62.125, 2.159397075895393e-22, nan 
-34.625, -62.125, 9.255552444593304e-23, nan 
-34.375, -62.125, 5.56135535785041e-22, nan 
-34.125, -62.125, 9.041186629469953e-22, nan 
-33.875, -62.125, 8.450018724569397e-22, nan 
-33.625, -62.125, 7.893721657841366e-22, nan 
-33.375, -62.125, 7.949444428433941e-22, nan 
-33.125, -62.125, 7.227819563435201e-22, nan 
-32.875, -62.125, 3.9124413206161795e-22, nan 
-32.625, -62.125, 2.176080325633339e-22, nan 
-32.375, -62.125, 4.7517563504294825e-23, nan 
-32.125, -62.125, 2.621156872826886e-23, nan 
-31.875, -62.125, 4.5730252167668976e-23, nan 
-31.625, -62.125, 6.328774109853e-23, nan 
-31.375, -62.125, 6.293062032047097e-23, nan 
-31.125, -62.125, 1.4142842472397445e-22, nan 
-30.875, -62.125, 4.794892772092732e-22, nan 
-30.625, -62.125, 7.542082077030881e-22, nan 
-30.375, -62.125, 5.276835555938214e-22, nan 
-30.125, -62.125, 5.411569062712699e-22, nan 
-29.875, -62.125, 6.229089980147803e-22, nan 
-29.625, -62.125, 4.2101772981095095e-22, nan 
-29.375, -62.125, 1.544384042397427e-22, nan 
-29.125, -62.125, 2.02411295009314e-22, nan 
-28.875, -62.125, 1.1777764403308066e-22, nan 
-28.625, -62.125, 2.2018378979430514e-22, nan 
-28.375, -62.125, 1.4239232087493007e-22, nan 
-28.125, -62.125, 8.384830291246208e-23, nan 
-27.875, -62.125, 6.139204528947224e-23, nan 
-27.625, -62.125, 5.294526913953335e-23, nan 
-27.375, -62.125, 3.206575813308223e-23, nan 
-27.125, -62.125, 3.535189649113745e-23, nan 
-26.875, -62.125, 4.3698094836017414e-23, nan 
-26.625, -62.125, 4.076632504881045e-23, nan 
-26.375, -62.125, 3.8916488005256315e-23, nan 
-26.125, -62.125, 3.9181353579258146e-23, nan 
-25.875, -62.125, 4.8044289017234805e-23, nan 
-25.625, -62.125, 5.1331215067718895e-23, nan 
-25.375, -62.125, 5.06782349159222e-23, nan 
-25.125, -62.125, 5.486840690218532e-23, nan 
-24.875, -62.125, 4.986746843899734e-23, nan 
-24.625, -62.125, 4.694220804076344e-23, nan 
-24.375, -62.125, 4.2149984331663675e-23, nan 
-24.125, -62.125, 3.9407908724124544e-23, nan 
-23.875, -62.125, 4.026550675653303e-23, nan 
-23.625, -62.125, 3.1528865505551137e-23, nan 
-23.375, -62.125, 3.8733769943701853e-23, nan 
-23.125, -62.125, 3.087765000465022e-23, nan 
-22.875, -62.125, 4.47143236557096e-23, nan 
-22.625, -62.125, 6.172874681567106e-23, nan 
-22.375, -62.125, 6.042721545938307e-23, nan 
-22.125, -62.125, 4.877691111534613e-23, nan 
-21.875, -62.125, 4.256494957627525e-23, nan 
-21.625, -62.125, 3.7015742555604174e-23, nan 
-21.375, -62.125, 4.1289956430448056e-23, nan 
-21.125, -62.125, 4.606560710549562e-23, nan 
-20.875, -62.125, 4.3260197574358214e-23, nan 
-20.625, -62.125, 3.946427494655381e-23, nan 
-20.375, -62.125, 3.0318630304034007e-23, nan 
-20.125, -62.125, 3.044819765789832e-23, nan 
-19.875, -62.125, 2.50930123578002e-23, nan 
-19.625, -62.125, 3.721064821488019e-23, nan 
-19.375, -62.125, 3.811475409025662e-23, nan 
-19.125, -62.125, 3.693577019981668e-23, nan 
-18.875, -62.125, 3.379465255267874e-23, nan 
-18.625, -62.125, 5.195741014931535e-23, nan 
-18.375, -62.125, 1.0290138154297883e-22, nan 
-18.125, -62.125, 1.365685363615805e-22, nan 
-17.875, -62.125, 7.558517317970699e-23, nan 
-17.625, -62.125, 6.869385443594626e-23, nan 
-17.375, -62.125, 6.195700408799914e-23, nan 
-17.125, -62.125, 3.134101013869636e-23, nan 
-16.875, -62.125, 2.3585028931852648e-23, nan 
-16.625, -62.125, 3.449235576600615e-23, nan 
-16.375, -62.125, 2.469337834130807e-23, nan 
-16.125, -62.125, 2.4460887029585563e-23, nan 
-15.875, -62.125, 4.28655444886386e-23, nan 
-15.625, -62.125, 4.9733259676099296e-23, nan 
-15.375, -62.125, 2.151265565884939e-23, nan 
-15.125, -62.125, 3.768769683436377e-23, nan 
-14.875, -62.125, 3.004299876218921e-23, nan 
-14.625, -62.125, 2.200588699780708e-23, nan 
-14.375, -62.125, 2.472874017472141e-23, nan 
-14.125, -62.125, 1.5989871779747544e-23, nan 
-13.875, -62.125, 1.0514117427650472e-23, nan 
-13.625, -62.125, 1.4388139130012118e-23, nan 
-13.375, -62.125, 1.205720087549913e-23, nan 
-13.125, -62.125, 1.541163790445351e-23, nan 
-12.875, -62.125, 2.0029907484827767e-23, nan 
-12.625, -62.125, 1.283823328408328e-23, nan 
-12.375, -62.125, 1.6495543642574633e-23, nan 
-12.125, -62.125, 1.6180508172032616e-23, nan 
-11.875, -62.125, 3.0879966416074676e-23, nan 
-11.625, -62.125, 4.1778792213236314e-23, nan 
-11.375, -62.125, 2.995345395511114e-23, nan 
-11.125, -62.125, 7.621795974408272e-23, nan 
-10.875, -62.125, 8.602531200227275e-23, nan 
-10.625, -62.125, 8.461795674865592e-23, nan 
-10.375, -62.125, 4.580393268630188e-23, nan 
-10.125, -62.125, 5.638214328891469e-23, nan 
-9.875, -62.125, 5.2515956419967633e-23, nan 
-9.625, -62.125, 1.788793205614264e-23, nan 
-9.375, -62.125, 9.096809557756718e-24, nan 
-9.125, -62.125, 1.7097063334587643e-23, nan 
-8.875, -62.125, 2.2329031668481116e-23, nan 
-8.625, -62.125, 2.3052670654481578e-23, nan 
-8.375, -62.125, 1.9062359180986602e-23, nan 
-8.125, -62.125, 2.2271935082888695e-23, nan 
-7.875, -62.125, 4.244315135688171e-23, nan 
-7.625, -62.125, 4.5072938218841553e-23, nan 
-7.375, -62.125, 3.4329223017187673e-23, nan 
-7.125, -62.125, 4.299720297143177e-23, nan 
-6.875, -62.125, 3.6624454265529585e-23, nan 
-6.625, -62.125, 2.5785195572971203e-23, nan 
-6.375, -62.125, 2.288159410925536e-23, nan 
-6.125, -62.125, 1.9334544980491357e-23, nan 
-5.875, -62.125, 1.7913645612369583e-23, nan 
-5.625, -62.125, 1.621421646692072e-23, nan 
-5.375, -62.125, 6.183460633881355e-24, nan 
-5.125, -62.125, 6.6123793782490304e-24, nan 
-4.875, -62.125, 9.917409371379173e-24, nan 
-4.625, -62.125, 6.102352784259894e-24, nan 
-4.375, -62.125, 6.199207776593379e-24, nan 
-4.125, -62.125, 1.1209407293446943e-23, nan 
-3.875, -62.125, 1.3133506345549348e-23, nan 
-3.625, -62.125, 1.5264232288981114e-23, nan 
-3.375, -62.125, 7.691079589933661e-24, nan 
-3.125, -62.125, 9.13069753103346e-24, nan 
-2.875, -62.125, 1.0837248469724408e-23, nan 
-2.625, -62.125, 1.0108808063166946e-23, nan 
-2.375, -62.125, 6.122323846432169e-24, nan 
-2.125, -62.125, 9.664046210825827e-24, nan 
-1.875, -62.125, 4.129614069235918e-24, nan 
-1.625, -62.125, 5.892176451447088e-24, nan 
-1.375, -62.125, 8.191023651335208e-24, nan 
-1.125, -62.125, 4.035719042296365e-24, nan 
-0.875, -62.125, 2.836870256770466e-23, nan 
-0.625, -62.125, 3.989184679886334e-23, nan 
-0.375, -62.125, 2.2781058952642244e-23, nan 
-0.125, -62.125, 7.653942287181776e-23, nan 
0.125, -62.125, 7.755269533836087e-23, nan 
0.375, -62.125, 4.275296805110338e-23, nan 
0.625, -62.125, 3.015872450254636e-23, nan 
0.875, -62.125, 3.315846661103178e-23, nan 
1.125, -62.125, 1.8109509976681838e-23, nan 
1.375, -62.125, 8.679174944631408e-24, nan 
1.625, -62.125, 7.67936192529408e-24, nan 
1.875, -62.125, 3.665377975250186e-23, nan 
2.125, -62.125, 5.147004830508882e-23, nan 
2.375, -62.125, 4.974302003398208e-23, nan 
2.625, -62.125, 4.590108249203823e-23, nan 
2.875, -62.125, 7.241155171768605e-23, nan 
3.125, -62.125, 6.82163932644316e-23, nan 
3.375, -62.125, 2.9401234265427585e-23, nan 
3.625, -62.125, 1.1188660599498738e-22, nan 
3.875, -62.125, 1.3683358422942812e-22, nan 
4.125, -62.125, 6.175074806178964e-23, nan 
4.375, -62.125, 5.270812599284654e-23, nan 
4.625, -62.125, 6.752272859937656e-23, nan 
4.875, -62.125, 3.032105141440069e-23, nan 
5.125, -62.125, 6.370168585736542e-24, nan 
5.375, -62.125, 1.0490613723266388e-23, nan 
-41.375, -61.875, 1.0135697025231319e-21, nan 
-41.125, -61.875, 8.911854982470647e-22, nan 
-40.875, -61.875, 8.11341326018961e-22, nan 
-40.625, -61.875, 6.860400607784602e-22, nan 
-40.375, -61.875, 9.056422771164284e-22, nan 
-40.125, -61.875, 1.0108511025522391e-21, nan 
-39.875, -61.875, 9.877591774363195e-22, nan 
-39.625, -61.875, 8.780975601008996e-22, nan 
-39.375, -61.875, 9.337024465757463e-22, nan 
-39.125, -61.875, 8.698523178848512e-22, nan 
-38.875, -61.875, 7.56828726140543e-22, nan 
-38.625, -61.875, 8.088588726025167e-22, nan 
-38.375, -61.875, 1.049604909975824e-21, nan 
-38.125, -61.875, 5.772031438358661e-22, nan 
-37.875, -61.875, 3.7561962661904576e-22, nan 
-37.625, -61.875, 5.07243242413294e-22, nan 
-37.375, -61.875, 5.712064897910753e-22, nan 
-37.125, -61.875, 3.265150519071059e-22, nan 
-36.875, -61.875, 3.4402855335546336e-22, nan 
-36.625, -61.875, 3.5301149453628405e-22, nan 
-36.375, -61.875, 2.7659231190170577e-22, nan 
-36.125, -61.875, 2.261946937556897e-22, nan 
-35.875, -61.875, 3.995007585414928e-22, nan 
-35.625, -61.875, 2.947199885932825e-22, nan 
-35.375, -61.875, 1.8450817386798442e-22, nan 
-35.125, -61.875, 1.0305362802486328e-22, nan 
-34.875, -61.875, 1.1039790211148735e-22, nan 
-34.625, -61.875, 1.4174842922691587e-22, nan 
-34.375, -61.875, 5.471179048058613e-22, nan 
-34.125, -61.875, 7.649175056176399e-22, nan 
-33.875, -61.875, 6.915608015249553e-22, nan 
-33.625, -61.875, 6.450697900782646e-22, nan 
-33.375, -61.875, 6.588205630214892e-22, nan 
-33.125, -61.875, 5.626892734547475e-22, nan 
-32.875, -61.875, 2.3764507687053617e-22, nan 
-32.625, -61.875, 7.108435494361018e-23, nan 
-32.375, -61.875, 2.993162711733912e-23, nan 
-32.125, -61.875, 3.3482072114469334e-23, nan 
-31.875, -61.875, 2.3954906264425105e-23, nan 
-31.625, -61.875, 3.179372843986089e-23, nan 
-31.375, -61.875, 4.945375524290961e-23, nan 
-31.125, -61.875, 1.869720881059391e-22, nan 
-30.875, -61.875, 4.933897201742499e-22, nan 
-30.625, -61.875, 5.781023159924219e-22, nan 
-30.375, -61.875, 5.441920549918367e-22, nan 
-30.125, -61.875, 4.588684858786028e-22, nan 
-29.875, -61.875, 5.399958274014454e-22, nan 
-29.625, -61.875, 3.210933576417644e-22, nan 
-29.375, -61.875, 3.971644980158821e-23, nan 
-29.125, -61.875, 2.599943471908998e-22, nan 
-28.875, -61.875, 9.689862177067088e-23, nan 
-28.625, -61.875, 1.5697465406112408e-22, nan 
-28.375, -61.875, 1.095821746950861e-22, nan 
-28.125, -61.875, 7.960018174368413e-23, nan 
-27.875, -61.875, 5.630751484947098e-23, nan 
-27.625, -61.875, 3.8268379605931614e-23, nan 
-27.375, -61.875, 3.7103988625867553e-23, nan 
-27.125, -61.875, 2.8359877746855974e-23, nan 
-26.875, -61.875, 4.1553878053527815e-23, nan 
-26.625, -61.875, 4.0097760974139693e-23, nan 
-26.375, -61.875, 4.450425188543078e-23, nan 
-26.125, -61.875, 4.7210546719438367e-23, nan 
-25.875, -61.875, 4.45504393007867e-23, nan 
-25.625, -61.875, 4.648858297709565e-23, nan 
-25.375, -61.875, 3.101323990636018e-23, nan 
-25.125, -61.875, 2.1678069163328864e-23, nan 
-24.875, -61.875, 2.337653818726761e-23, nan 
-24.625, -61.875, 3.127658615179332e-23, nan 
-24.375, -61.875, 2.5302813846504175e-23, nan 
-24.125, -61.875, 2.4392344567017445e-23, nan 
-23.875, -61.875, 2.4763626165792244e-23, nan 
-23.625, -61.875, 3.104562155024097e-23, nan 
-23.375, -61.875, 3.800406421823937e-23, nan 
-23.125, -61.875, 3.9765286812764355e-23, nan 
-22.875, -61.875, 4.5623399319676944e-23, nan 
-22.625, -61.875, 3.971818001883389e-23, nan 
-22.375, -61.875, 4.865336027215995e-23, nan 
-22.125, -61.875, 3.6168707048601227e-23, nan 
-21.875, -61.875, 3.4725708582166586e-23, nan 
-21.625, -61.875, 2.826236548895058e-23, nan 
-21.375, -61.875, 2.69104971242833e-23, nan 
-21.125, -61.875, 2.7993317583356503e-23, nan 
-20.875, -61.875, 2.6031973764470605e-23, nan 
-20.625, -61.875, 2.0910533722904778e-23, nan 
-20.375, -61.875, 1.831405855194254e-23, nan 
-20.125, -61.875, 2.0784964503594394e-23, nan 
-19.875, -61.875, 1.5281480695115032e-23, nan 
-19.625, -61.875, 1.8660472472202965e-23, nan 
-19.375, -61.875, 1.6757230068008485e-23, nan 
-19.125, -61.875, 2.0148146996471097e-23, nan 
-18.875, -61.875, 6.533593316012509e-23, nan 
-18.625, -61.875, 6.938983693944135e-23, nan 
-18.375, -61.875, 6.962922920265605e-23, nan 
-18.125, -61.875, 1.1544849473114838e-22, nan 
-17.875, -61.875, 8.17737922504809e-23, nan 
-17.625, -61.875, 6.626551507768504e-23, nan 
-17.375, -61.875, 1.4172328585562766e-23, nan 
-17.125, -61.875, 1.7958385464908108e-23, nan 
-16.875, -61.875, 2.088617664727108e-23, nan 
-16.625, -61.875, 2.1843490549707458e-23, nan 
-16.375, -61.875, 2.733117374891065e-23, nan 
-16.125, -61.875, 3.282906907166329e-23, nan 
-15.875, -61.875, 4.060571120252118e-23, nan 
-15.625, -61.875, 3.940061277747547e-23, nan 
-15.375, -61.875, 2.507435111164739e-23, nan 
-15.125, -61.875, 2.8606030999830934e-23, nan 
-14.875, -61.875, 1.8468823160571202e-23, nan 
-14.625, -61.875, 1.9708041306686985e-23, nan 
-14.375, -61.875, 1.4899799581995767e-23, nan 
-14.125, -61.875, 1.1777538672185201e-23, nan 
-13.875, -61.875, 1.2161030025238133e-23, nan 
-13.625, -61.875, 2.4311185983640785e-23, nan 
-13.375, -61.875, 3.9021975101669e-23, nan 
-13.125, -61.875, 2.186963220482817e-23, nan 
-12.875, -61.875, 9.436343841318724e-24, nan 
-12.625, -61.875, 2.3742842802097637e-23, nan 
-12.375, -61.875, 2.0198935137117583e-23, nan 
-12.125, -61.875, 1.4465122469257432e-23, nan 
-11.875, -61.875, 1.1815510843936192e-23, nan 
-11.625, -61.875, 9.324226938370522e-24, nan 
-11.375, -61.875, 6.6079967135687474e-24, nan 
-11.125, -61.875, 4.5857548286578394e-23, nan 
-10.875, -61.875, 4.3937930933455915e-23, nan 
-10.625, -61.875, 4.3291040489174346e-23, nan 
-10.375, -61.875, 1.2937319792938777e-23, nan 
-10.125, -61.875, 2.3176470423325953e-23, nan 
-9.875, -61.875, 1.8408819287450368e-23, nan 
-9.625, -61.875, 1.5643987510771896e-23, nan 
-9.375, -61.875, 1.2537505193529587e-23, nan 
-9.125, -61.875, 1.6378188601644404e-23, nan 
-8.875, -61.875, 1.9300478899432354e-23, nan 
-8.625, -61.875, 1.579889317835117e-23, nan 
-8.375, -61.875, 2.223035459781599e-23, nan 
-8.125, -61.875, 2.31130379796245e-23, nan 
-7.875, -61.875, 2.6412376260854422e-23, nan 
-7.625, -61.875, 3.246265680029523e-23, nan 
-7.375, -61.875, 3.89017178797888e-23, nan 
-7.125, -61.875, 4.1062238139374215e-23, nan 
-6.875, -61.875, 3.042344415622877e-23, nan 
-6.625, -61.875, 2.7597485389269993e-23, nan 
-6.375, -61.875, 2.797147986707361e-23, nan 
-6.125, -61.875, 2.0095466043397248e-23, nan 
-5.875, -61.875, 1.5229195406601517e-23, nan 
-5.625, -61.875, 1.5258776805240303e-23, nan 
-5.375, -61.875, 1.021567675312607e-23, nan 
-5.125, -61.875, 9.417571951232167e-24, nan 
-4.875, -61.875, 9.439336150920185e-24, nan 
-4.625, -61.875, 1.2654830266812727e-23, nan 
-4.375, -61.875, 1.1085425899397039e-23, nan 
-4.125, -61.875, 7.324242704998659e-24, nan 
-3.875, -61.875, 1.645365151789386e-23, nan 
-3.625, -61.875, 2.2947377567351593e-23, nan 
-3.375, -61.875, 8.208217671837991e-24, nan 
-3.125, -61.875, 1.00307890144461e-23, nan 
-2.875, -61.875, 1.2006750284571909e-23, nan 
-2.625, -61.875, 1.6306872886751485e-23, nan 
-2.375, -61.875, 7.312509709473833e-24, nan 
-2.125, -61.875, 8.757594650629e-24, nan 
-1.875, -61.875, 1.0425148255723298e-23, nan 
-1.625, -61.875, 8.441906565430724e-24, nan 
-1.375, -61.875, 8.499905650286881e-24, nan 
-1.125, -61.875, 3.005650239450445e-24, nan 
-0.875, -61.875, 3.574761217463281e-24, nan 
-0.625, -61.875, 1.2599236999211386e-23, nan 
-0.375, -61.875, 3.7221372513885465e-24, nan 
-0.125, -61.875, 4.235553421313843e-23, nan 
0.125, -61.875, 3.653629489440255e-23, nan 
0.375, -61.875, 2.282443031943255e-23, nan 
0.625, -61.875, 1.0380626602930584e-23, nan 
0.875, -61.875, 7.236970010686767e-24, nan 
1.125, -61.875, 1.9326254431462593e-23, nan 
1.375, -61.875, 3.0934838023180936e-23, nan 
1.625, -61.875, 3.6078448849753974e-23, nan 
1.875, -61.875, 3.8145161719991424e-23, nan 
2.125, -61.875, 5.657338131877239e-23, nan 
2.375, -61.875, 6.943971838500656e-23, nan 
2.625, -61.875, 5.463444072120331e-23, nan 
2.875, -61.875, 4.878951472968711e-23, nan 
3.125, -61.875, 3.863057415872381e-23, nan 
3.375, -61.875, 3.4500863497147965e-23, nan 
3.625, -61.875, 7.978803901709358e-23, nan 
3.875, -61.875, 8.884999965843117e-23, nan 
4.125, -61.875, 4.36273407155875e-23, nan 
4.375, -61.875, 1.2903113408200126e-23, nan 
4.625, -61.875, 8.063166093701778e-24, nan 
4.875, -61.875, 7.34043083772126e-24, nan 
5.125, -61.875, 6.825312749697366e-24, nan 
-40.875, -61.625, 4.831172687357804e-22, nan 
-40.625, -61.625, 4.466220450320789e-22, nan 
-40.375, -61.625, 6.673975437190455e-22, nan 
-40.125, -61.625, 7.000297146699193e-22, nan 
-39.875, -61.625, 5.489666640351192e-22, nan 
-39.625, -61.625, 5.9412290264948725e-22, nan 
-39.375, -61.625, 6.1432800670719e-22, nan 
-39.125, -61.625, 5.490826042837262e-22, nan 
-38.875, -61.625, 5.0955029005655075e-22, nan 
-38.625, -61.625, 4.417105140576684e-22, nan 
-38.375, -61.625, 5.743327523580759e-22, nan 
-38.125, -61.625, 3.0544194253079173e-22, nan 
-37.875, -61.625, 3.130114026712375e-22, nan 
-37.625, -61.625, 3.5730751237209736e-22, nan 
-37.375, -61.625, 4.828461907592382e-22, nan 
-37.125, -61.625, 3.419954705685997e-22, nan 
-36.875, -61.625, 3.5699436398577865e-22, nan 
-36.625, -61.625, 3.123856803746725e-22, nan 
-36.375, -61.625, 3.553290308483619e-22, nan 
-36.125, -61.625, 2.3280307167578317e-22, nan 
-35.875, -61.625, 1.770245305970795e-22, nan 
-35.625, -61.625, 2.209316220034946e-22, nan 
-35.375, -61.625, 3.938163858738129e-22, nan 
-35.125, -61.625, 3.802802566766109e-22, nan 
-34.875, -61.625, 2.6199269532037765e-22, nan 
-34.625, -61.625, 7.622072402490513e-23, nan 
-34.375, -61.625, 2.5184044723982477e-22, nan 
-34.125, -61.625, 5.7673052567212665e-22, nan 
-33.875, -61.625, 6.986381751278156e-22, nan 
-33.625, -61.625, 7.315269101355347e-22, nan 
-33.375, -61.625, 7.739228598768555e-22, nan 
-33.125, -61.625, 7.641976930283436e-22, nan 
-32.875, -61.625, 4.722495981255928e-22, nan 
-32.625, -61.625, 1.5223342299276822e-22, nan 
-32.375, -61.625, 3.6019183377804545e-23, nan 
-32.125, -61.625, 3.332160119036492e-23, nan 
-31.875, -61.625, 3.510606848690298e-23, nan 
-31.625, -61.625, 3.018730197597053e-23, nan 
-31.375, -61.625, 6.852872937580025e-23, nan 
-31.125, -61.625, 4.621386015805438e-22, nan 
-30.875, -61.625, 5.726045837155663e-22, nan 
-30.625, -61.625, 5.544472120050078e-22, nan 
-30.375, -61.625, 5.450600981215346e-22, nan 
-30.125, -61.625, 5.372923095242204e-22, nan 
-29.875, -61.625, 4.1256632728321103e-22, nan 
-29.625, -61.625, 1.3233218504713562e-22, nan 
-29.375, -61.625, 5.864463282037046e-23, nan 
-29.125, -61.625, 1.726696294703342e-22, nan 
-28.875, -61.625, 2.119656232775859e-22, nan 
-28.625, -61.625, 6.491993761396201e-23, nan 
-28.375, -61.625, 8.943263103426271e-23, nan 
-28.125, -61.625, 6.77095690357857e-23, nan 
-27.875, -61.625, 5.144104068568496e-23, nan 
-27.625, -61.625, 4.9350750177744515e-23, nan 
-27.375, -61.625, 4.0330912065328486e-23, nan 
-27.125, -61.625, 3.484116076067623e-23, nan 
-26.875, -61.625, 2.834551003440827e-23, nan 
-26.625, -61.625, 2.726997911933896e-23, nan 
-26.375, -61.625, 3.459903823982702e-23, nan 
-26.125, -61.625, 3.790324009302512e-23, nan 
-25.875, -61.625, 2.2579293843339554e-23, nan 
-25.625, -61.625, 1.423783239842729e-23, nan 
-25.375, -61.625, 7.79751895079009e-24, nan 
-25.125, -61.625, 5.2828728055510574e-24, nan 
-24.875, -61.625, 1.9924341688905794e-23, nan 
-24.625, -61.625, 2.348629487528361e-23, nan 
-24.375, -61.625, 2.475829661504639e-23, nan 
-24.125, -61.625, 2.3345139469183026e-23, nan 
-23.875, -61.625, 1.847317423699433e-23, nan 
-23.625, -61.625, 4.642131827616301e-23, nan 
-23.375, -61.625, 4.058148833410108e-23, nan 
-23.125, -61.625, 2.942755165284998e-23, nan 
-22.875, -61.625, 6.787593404065489e-23, nan 
-22.625, -61.625, 4.5071810572271706e-23, nan 
-22.375, -61.625, 2.4244436296484182e-23, nan 
-22.125, -61.625, 2.351502976050392e-23, nan 
-21.875, -61.625, 1.8173297911572123e-23, nan 
-21.625, -61.625, 2.244910253246969e-23, nan 
-21.375, -61.625, 3.012466757689593e-23, nan 
-21.125, -61.625, 3.014837013041211e-23, nan 
-20.875, -61.625, 2.6326724401093505e-23, nan 
-20.625, -61.625, 2.2969285642662225e-23, nan 
-20.375, -61.625, 2.604178929517894e-23, nan 
-20.125, -61.625, 2.2283751917285322e-23, nan 
-19.875, -61.625, 1.970890985276314e-23, nan 
-19.625, -61.625, 2.092814192406604e-23, nan 
-19.375, -61.625, 1.927800512093845e-23, nan 
-19.125, -61.625, 2.049248448848332e-23, nan 
-18.875, -61.625, 6.291535942484396e-23, nan 
-18.625, -61.625, 6.347663422570409e-23, nan 
-18.375, -61.625, 6.768277766912223e-23, nan 
-18.125, -61.625, 1.2408697135093614e-22, nan 
-17.875, -61.625, 1.0002025995218124e-22, nan 
-17.625, -61.625, 7.432606484519944e-23, nan 
-17.375, -61.625, 4.6030523166470903e-23, nan 
-17.125, -61.625, 3.978660715646642e-23, nan 
-16.875, -61.625, 6.592672897373042e-23, nan 
-16.625, -61.625, 4.419969474713487e-23, nan 
-16.375, -61.625, 3.729621496997729e-23, nan 
-16.125, -61.625, 2.496041929941259e-23, nan 
-15.875, -61.625, 9.29348712996017e-24, nan 
-15.625, -61.625, 1.0365211125861169e-23, nan 
-15.375, -61.625, 2.2364688369740603e-23, nan 
-15.125, -61.625, 1.9085250042572853e-23, nan 
-14.875, -61.625, 1.330508448398643e-23, nan 
-14.625, -61.625, 9.496972107225204e-24, nan 
-14.375, -61.625, 2.655518151804942e-23, nan 
-14.125, -61.625, 4.6936094949761184e-23, nan 
-13.875, -61.625, 5.0209722690037723e-23, nan 
-13.625, -61.625, 5.113854174201366e-23, nan 
-13.375, -61.625, 5.900182033013439e-23, nan 
-13.125, -61.625, 5.022754693088401e-23, nan 
-12.875, -61.625, 3.75021389385429e-23, nan 
-12.625, -61.625, 3.8623227221705554e-23, nan 
-12.375, -61.625, 2.335874149877179e-23, nan 
-12.125, -61.625, 1.7317241171072945e-23, nan 
-11.875, -61.625, 1.4320980457630726e-23, nan 
-11.625, -61.625, 1.131447632361219e-23, nan 
-11.375, -61.625, 1.2040621212585463e-23, nan 
-11.125, -61.625, 8.724212543539578e-24, nan 
-10.875, -61.625, 1.4223298914013355e-23, nan 
-10.625, -61.625, 8.899091446123233e-24, nan 
-10.375, -61.625, 4.498787777205702e-24, nan 
-10.125, -61.625, 9.103850432908363e-24, nan 
-9.875, -61.625, 4.514361719185818e-24, nan 
-9.625, -61.625, 5.8091605352167694e-24, nan 
-9.375, -61.625, 8.56679483532086e-24, nan 
-9.125, -61.625, 9.460347185471653e-24, nan 
-8.875, -61.625, 1.4773768514041193e-23, nan 
-8.625, -61.625, 1.2337481306978462e-23, nan 
-8.375, -61.625, 1.8637920114971995e-23, nan 
-8.125, -61.625, 2.2244960452715735e-23, nan 
-7.875, -61.625, 2.7549027606946635e-23, nan 
-7.625, -61.625, 3.38007941105845e-23, nan 
-7.375, -61.625, 2.661938215194908e-23, nan 
-7.125, -61.625, 3.4755270300189375e-23, nan 
-6.875, -61.625, 4.198632857352066e-23, nan 
-6.625, -61.625, 1.6440517521113904e-23, nan 
-6.375, -61.625, 3.5636813221048416e-23, nan 
-6.125, -61.625, 4.6108825292045775e-23, nan 
-5.875, -61.625, 4.005635964010636e-23, nan 
-5.625, -61.625, 3.3575389392549964e-23, nan 
-5.375, -61.625, 2.827960342720139e-23, nan 
-5.125, -61.625, 8.142568780601312e-24, nan 
-4.875, -61.625, 8.882563662502986e-24, nan 
-4.625, -61.625, 1.478501480222644e-23, nan 
-4.375, -61.625, 7.395834208175631e-24, nan 
-4.125, -61.625, 7.937219203499202e-24, nan 
-3.875, -61.625, 1.617879275954458e-23, nan 
-3.625, -61.625, 1.4252319939518225e-23, nan 
-3.375, -61.625, 7.161417973420364e-24, nan 
-3.125, -61.625, 9.684148267109286e-24, nan 
-2.875, -61.625, 9.954685159392806e-24, nan 
-2.625, -61.625, 1.092884699302885e-23, nan 
-2.375, -61.625, 8.129183088363748e-24, nan 
-2.125, -61.625, 5.144475394598131e-24, nan 
-1.875, -61.625, 5.227285303770144e-24, nan 
-1.625, -61.625, 9.326949218159031e-24, nan 
-1.375, -61.625, 8.797297872074411e-24, nan 
-1.125, -61.625, 3.801223965806827e-24, nan 
-0.875, -61.625, 6.4120861078526224e-24, nan 
-0.625, -61.625, 5.887019353542568e-24, nan 
-0.375, -61.625, 5.373708708311962e-24, nan 
-0.125, -61.625, 1.0455510078431617e-23, nan 
0.125, -61.625, 1.9736248914320492e-23, nan 
0.375, -61.625, 8.14559166064994e-24, nan 
0.625, -61.625, 1.2357058039313337e-23, nan 
0.875, -61.625, 1.0353199203719902e-23, nan 
1.125, -61.625, 2.363084293048816e-23, nan 
1.375, -61.625, 4.495718283309223e-23, nan 
1.625, -61.625, 3.805702781832687e-23, nan 
1.875, -61.625, 4.124042377289553e-23, nan 
2.125, -61.625, 7.515016569957416e-23, nan 
2.375, -61.625, 6.81049382442446e-23, nan 
2.625, -61.625, 5.069089883830839e-23, nan 
2.875, -61.625, 3.818108365994359e-23, nan 
3.125, -61.625, 3.395075988626455e-23, nan 
3.375, -61.625, 3.280471282531724e-23, nan 
3.625, -61.625, 2.243274772817239e-23, nan 
3.875, -61.625, 7.937777067093486e-24, nan 
4.125, -61.625, 8.31197258228206e-24, nan 
4.375, -61.625, 1.1725921320710884e-23, nan 
4.625, -61.625, 1.6420118787244282e-23, nan 
4.875, -61.625, 1.0797954745602166e-23, nan 
-40.125, -61.375, 4.1692630739008354e-22, nan 
-39.875, -61.375, 4.489352212709681e-22, nan 
-39.625, -61.375, 3.735280794386387e-22, nan 
-39.375, -61.375, 2.503572538127966e-22, nan 
-39.125, -61.375, 2.298312700561403e-22, nan 
-38.875, -61.375, 3.5553545282926427e-22, nan 
-38.625, -61.375, 3.4895962046140864e-22, nan 
-38.375, -61.375, 3.5209328553348946e-22, nan 
-38.125, -61.375, 2.654078137378371e-22, nan 
-37.875, -61.375, 2.709697195010537e-22, nan 
-37.625, -61.375, 2.569048435424852e-22, nan 
-37.375, -61.375, 2.823004332852405e-22, nan 
-37.125, -61.375, 4.0803158931366776e-22, nan 
-36.875, -61.375, 3.5880029595267013e-22, nan 
-36.625, -61.375, 2.639741157754337e-22, nan 
-36.375, -61.375, 4.0124680545820303e-22, nan 
-36.125, -61.375, 3.853950074915984e-22, nan 
-35.875, -61.375, 4.0927654043808496e-22, nan 
-35.625, -61.375, 4.986653184224016e-22, nan 
-35.375, -61.375, 5.154019695177275e-22, nan 
-35.125, -61.375, 6.093543055694738e-22, nan 
-34.875, -61.375, 2.8780493278624957e-22, nan 
-34.625, -61.375, 1.5615594560678478e-22, nan 
-34.375, -61.375, 2.1569718497585227e-22, nan 
-34.125, -61.375, 1.6998302737237553e-22, nan 
-33.875, -61.375, 3.2492582609277905e-22, nan 
-33.625, -61.375, 7.235374331355508e-22, nan 
-33.375, -61.375, 7.567469608194456e-22, nan 
-33.125, -61.375, 7.107792278923346e-22, nan 
-32.875, -61.375, 7.303604361312347e-22, nan 
-32.625, -61.375, 5.905619133292687e-22, nan 
-32.375, -61.375, 6.352390795914771e-22, nan 
-32.125, -61.375, 4.82627016633963e-22, nan 
-31.875, -61.375, 4.482561133513942e-22, nan 
-31.625, -61.375, 5.259609483705517e-22, nan 
-31.375, -61.375, 6.380798379173838e-22, nan 
-31.125, -61.375, 8.064319116623248e-22, nan 
-30.875, -61.375, 6.673724634529377e-22, nan 
-30.625, -61.375, 4.790144972460945e-22, nan 
-30.375, -61.375, 4.316340740591714e-22, nan 
-30.125, -61.375, 3.919895681886316e-22, nan 
-29.875, -61.375, 1.6365714301151122e-22, nan 
-29.625, -61.375, 1.4136176818150925e-22, nan 
-29.375, -61.375, 1.0747645015038743e-22, nan 
-29.125, -61.375, 9.16385987696569e-23, nan 
-28.875, -61.375, 3.077704858253584e-22, nan 
-28.625, -61.375, 1.6799633429730812e-22, nan 
-28.375, -61.375, 7.062023369249295e-23, nan 
-28.125, -61.375, 1.0857578745948117e-22, nan 
-27.875, -61.375, 6.150509450375172e-23, nan 
-27.625, -61.375, 6.078711881317032e-23, nan 
-27.375, -61.375, 5.499484733067854e-23, nan 
-27.125, -61.375, 5.0782848078021286e-23, nan 
-26.875, -61.375, 4.5452554741740505e-23, nan 
-26.625, -61.375, 3.4623575896462696e-23, nan 
-26.375, -61.375, 2.8411399074138093e-23, nan 
-26.125, -61.375, 6.180384522229238e-23, nan 
-25.875, -61.375, 7.571020267897717e-23, nan 
-25.625, -61.375, 7.706288212304553e-23, nan 
-25.375, -61.375, 6.920475439256647e-23, nan 
-25.125, -61.375, 5.076208057252446e-23, nan 
-24.875, -61.375, 2.2918614294043975e-23, nan 
-24.625, -61.375, 2.103718923972414e-23, nan 
-24.375, -61.375, 2.3145833898095002e-23, nan 
-24.125, -61.375, 1.36338588513624e-23, nan 
-23.875, -61.375, 6.86368235759247e-24, nan 
-23.625, -61.375, 1.7406707407494338e-23, nan 
-23.375, -61.375, 2.5102853627266732e-23, nan 
-23.125, -61.375, 2.0983419590091018e-23, nan 
-22.875, -61.375, 4.213385440901126e-23, nan 
-22.625, -61.375, 3.7266406178704873e-23, nan 
-22.375, -61.375, 2.524112160938208e-23, nan 
-22.125, -61.375, 1.462765486827197e-23, nan 
-21.875, -61.375, 1.1229303840751078e-23, nan 
-21.625, -61.375, 2.2678339385781207e-23, nan 
-21.375, -61.375, 3.123682332001442e-23, nan 
-21.125, -61.375, 3.4413641735314123e-23, nan 
-20.875, -61.375, 3.8212811328017786e-23, nan 
-20.625, -61.375, 3.2957453280336806e-23, nan 
-20.375, -61.375, 3.474111627647839e-23, nan 
-20.125, -61.375, 3.158727908076802e-23, nan 
-19.875, -61.375, 2.6502784635422e-23, nan 
-19.625, -61.375, 2.2506908187107946e-23, nan 
-19.375, -61.375, 1.649535697934134e-23, nan 
-19.125, -61.375, 1.995471775074027e-23, nan 
-18.875, -61.375, 2.052950992089864e-23, nan 
-18.625, -61.375, 1.3688087338850806e-23, nan 
-18.375, -61.375, 4.609327503237797e-23, nan 
-18.125, -61.375, 1.1899048826014485e-22, nan 
-17.875, -61.375, 9.14510959301293e-23, nan 
-17.625, -61.375, 9.862549571059236e-23, nan 
-17.375, -61.375, 1.0078282786315716e-22, nan 
-17.125, -61.375, 8.490205084627928e-23, nan 
-16.875, -61.375, 6.692979742003456e-23, nan 
-16.625, -61.375, 4.5329641205257736e-23, nan 
-16.375, -61.375, 2.2321249134043355e-23, nan 
-16.125, -61.375, 1.8939159509198218e-23, nan 
-15.875, -61.375, 1.8664538669202243e-23, nan 
-15.625, -61.375, 1.1096890915107273e-23, nan 
-15.375, -61.375, 1.5169159329274505e-23, nan 
-15.125, -61.375, 1.436385876376602e-23, nan 
-14.875, -61.375, 2.882321316460195e-23, nan 
-14.625, -61.375, 3.7541066816767595e-23, nan 
-14.375, -61.375, 3.6262181052557536e-23, nan 
-14.125, -61.375, 4.818708100877109e-23, nan 
-13.875, -61.375, 5.991990445361061e-23, nan 
-13.625, -61.375, 5.516424406790445e-23, nan 
-13.375, -61.375, 5.242636342189412e-23, nan 
-13.125, -61.375, 6.856156425039808e-23, nan 
-12.875, -61.375, 4.7161110635022296e-23, nan 
-12.625, -61.375, 4.4925526415905856e-23, nan 
-12.375, -61.375, 5.2271655787450995e-23, nan 
-12.125, -61.375, 3.0009715079976184e-23, nan 
-11.875, -61.375, 1.406631043970914e-23, nan 
-11.625, -61.375, 1.4910886009903383e-23, nan 
-11.375, -61.375, 1.4753276075945433e-23, nan 
-11.125, -61.375, 1.2497094497479479e-23, nan 
-10.875, -61.375, 1.3599330008532596e-23, nan 
-10.625, -61.375, 1.3744615741412006e-23, nan 
-10.375, -61.375, 1.0796156597212136e-23, nan 
-10.125, -61.375, 5.957906054968775e-24, nan 
-9.875, -61.375, 4.55873225270228e-24, nan 
-9.625, -61.375, 7.343942885935841e-24, nan 
-9.375, -61.375, 6.858994950554969e-24, nan 
-9.125, -61.375, 3.792873369591125e-24, nan 
-8.875, -61.375, 6.2924791952858685e-24, nan 
-8.625, -61.375, 8.921149826260998e-24, nan 
-8.375, -61.375, 1.1522276455854095e-23, nan 
-8.125, -61.375, 1.1622998354533991e-23, nan 
-7.875, -61.375, 1.617075088785501e-23, nan 
-7.625, -61.375, 1.885981122138466e-23, nan 
-7.375, -61.375, 1.9644401712948475e-23, nan 
-7.125, -61.375, 2.983054646339199e-23, nan 
-6.875, -61.375, 3.8015195947958995e-23, nan 
-6.625, -61.375, 1.8712225727942266e-23, nan 
-6.375, -61.375, 3.5443829798671524e-23, nan 
-6.125, -61.375, 4.8266322599384745e-23, nan 
-5.875, -61.375, 4.988465171133308e-23, nan 
-5.625, -61.375, 4.065026461750705e-23, nan 
-5.375, -61.375, 3.2756528412126537e-23, nan 
-5.125, -61.375, 2.9619140811953306e-23, nan 
-4.875, -61.375, 2.8932140507288135e-23, nan 
-4.625, -61.375, 1.983970255427371e-23, nan 
-4.375, -61.375, 1.2956909516905517e-23, nan 
-4.125, -61.375, 8.373994361475606e-24, nan 
-3.875, -61.375, 1.8467603957074335e-23, nan 
-3.625, -61.375, 1.0782249262372057e-23, nan 
-3.375, -61.375, 6.854100399391924e-24, nan 
-3.125, -61.375, 5.5273335178352144e-24, nan 
-2.875, -61.375, 9.102015206440873e-24, nan 
-2.625, -61.375, 5.7649796161256664e-24, nan 
-2.375, -61.375, 5.732880811304385e-24, nan 
-2.125, -61.375, 5.529125863553938e-24, nan 
-1.875, -61.375, 5.148372216676098e-24, nan 
-1.625, -61.375, 8.404804167445768e-24, nan 
-1.375, -61.375, 7.295214670293089e-24, nan 
-1.125, -61.375, 4.324955571999978e-24, nan 
-0.875, -61.375, 6.70485950528112e-24, nan 
-0.625, -61.375, 6.862944200570006e-24, nan 
-0.375, -61.375, 5.292010713008681e-24, nan 
-0.125, -61.375, 5.7310706714030535e-24, nan 
0.125, -61.375, 9.175078828659435e-24, nan 
0.375, -61.375, 1.0116293002299704e-23, nan 
0.625, -61.375, 9.947551130110056e-24, nan 
0.875, -61.375, 7.826686302144061e-24, nan 
1.125, -61.375, 8.909819347780324e-24, nan 
1.375, -61.375, 6.449348803529171e-24, nan 
1.625, -61.375, 8.968374845481275e-24, nan 
1.875, -61.375, 3.287926580769936e-23, nan 
2.125, -61.375, 5.566482754646506e-23, nan 
2.375, -61.375, 4.5518110472146956e-23, nan 
2.625, -61.375, 3.809588851743007e-23, nan 
2.875, -61.375, 2.7164092111100205e-23, nan 
3.125, -61.375, 9.493041465066604e-24, nan 
3.375, -61.375, 1.0367405770975265e-23, nan 
3.625, -61.375, 1.0081762844301254e-23, nan 
3.875, -61.375, 1.2948734394915739e-23, nan 
4.125, -61.375, 1.575023691092467e-23, nan 
4.375, -61.375, 1.9014586123573677e-23, nan 
4.625, -61.375, 2.0214620873499314e-23, nan 
-39.625, -61.125, 5.053457125096334e-22, nan 
-39.375, -61.125, 4.790779555528023e-22, nan 
-39.125, -61.125, 3.4159543200210356e-22, nan 
-38.875, -61.125, 4.418747422012237e-22, nan 
-38.625, -61.125, 2.6282398926718924e-22, nan 
-38.375, -61.125, 3.587113356629807e-22, nan 
-38.125, -61.125, 3.969549141506461e-22, nan 
-37.875, -61.125, 3.862217437010628e-22, nan 
-37.625, -61.125, 2.4191344201372776e-22, nan 
-37.375, -61.125, 2.6864538474821966e-22, nan 
-37.125, -61.125, 2.958017732614403e-22, nan 
-36.875, -61.125, 3.2477615829480727e-22, nan 
-36.625, -61.125, 3.6661992566924966e-22, nan 
-36.375, -61.125, 4.776454074934804e-22, nan 
-36.125, -61.125, 4.795740534184807e-22, nan 
-35.875, -61.125, 5.17493317260019e-22, nan 
-35.625, -61.125, 6.017632687635729e-22, nan 
-35.375, -61.125, 5.213672214738149e-22, nan 
-35.125, -61.125, 6.145099021568049e-22, nan 
-34.875, -61.125, 2.488549706919472e-22, nan 
-34.625, -61.125, 2.7729505318672265e-22, nan 
-34.375, -61.125, 9.341050832255018e-23, nan 
-34.125, -61.125, 1.0530485068880251e-22, nan 
-33.875, -61.125, 5.775155544127662e-23, nan 
-33.625, -61.125, 1.8898595345450884e-22, nan 
-33.375, -61.125, 3.881537073816538e-22, nan 
-33.125, -61.125, 4.243557171508298e-22, nan 
-32.875, -61.125, 5.665814295176635e-22, nan 
-32.625, -61.125, 7.517279420292314e-22, nan 
-32.375, -61.125, 6.973262164477395e-22, nan 
-32.125, -61.125, 7.299501249531798e-22, nan 
-31.875, -61.125, 8.008280559309323e-22, nan 
-31.625, -61.125, 6.852108954127111e-22, nan 
-31.375, -61.125, 6.252842274285697e-22, nan 
-31.125, -61.125, 6.235498567039788e-22, nan 
-30.875, -61.125, 5.389436739193275e-22, nan 
-30.625, -61.125, 2.886485612576701e-22, nan 
-30.375, -61.125, 1.9283968093895073e-22, nan 
-30.125, -61.125, 3.823040499345977e-22, nan 
-29.875, -61.125, 9.330447636258612e-23, nan 
-29.625, -61.125, 1.7968281436661026e-22, nan 
-29.375, -61.125, 2.350844251360823e-22, nan 
-29.125, -61.125, 1.289566197436031e-22, nan 
-28.875, -61.125, 2.192526146250686e-22, nan 
-28.625, -61.125, 2.9613863683175654e-22, nan 
-28.375, -61.125, 2.6232034554361066e-22, nan 
-28.125, -61.125, 2.3175650608942012e-22, nan 
-27.875, -61.125, 1.965624762853723e-22, nan 
-27.625, -61.125, 5.452684163269252e-23, nan 
-27.375, -61.125, 4.3279306863449673e-23, nan 
-27.125, -61.125, 4.4085979572532747e-23, nan 
-26.875, -61.125, 7.4398036819456e-23, nan 
-26.625, -61.125, 7.4921515643876e-23, nan 
-26.375, -61.125, 7.52212768293013e-23, nan 
-26.125, -61.125, 8.158616668406105e-23, nan 
-25.875, -61.125, 9.473685970146355e-23, nan 
-25.625, -61.125, 1.1292863297342915e-22, nan 
-25.375, -61.125, 9.277362041258903e-23, nan 
-25.125, -61.125, 6.84498724060567e-23, nan 
-24.875, -61.125, 5.725109444181539e-23, nan 
-24.625, -61.125, 6.245800083411684e-23, nan 
-24.375, -61.125, 4.306611229130939e-23, nan 
-24.125, -61.125, 3.8037483192774596e-24, nan 
-23.875, -61.125, 6.74554846522739e-24, nan 
-23.625, -61.125, 9.706309644876049e-24, nan 
-23.375, -61.125, 1.0922534925147858e-23, nan 
-23.125, -61.125, 6.088918669819313e-24, nan 
-22.875, -61.125, 1.1512189962294914e-23, nan 
-22.625, -61.125, 1.9222305554156128e-23, nan 
-22.375, -61.125, 1.834404124722008e-23, nan 
-22.125, -61.125, 1.387233550949907e-23, nan 
-21.875, -61.125, 1.6939603733109618e-23, nan 
-21.625, -61.125, 1.427175278952822e-23, nan 
-21.375, -61.125, 2.3392583295405917e-23, nan 
-21.125, -61.125, 3.3310386423359475e-23, nan 
-20.875, -61.125, 3.708737912080977e-23, nan 
-20.625, -61.125, 3.230969728897442e-23, nan 
-20.375, -61.125, 3.8302569213199654e-23, nan 
-20.125, -61.125, 3.852797458289127e-23, nan 
-19.875, -61.125, 3.33006757755796e-23, nan 
-19.625, -61.125, 2.4932372830728272e-23, nan 
-19.375, -61.125, 2.3401466787852375e-23, nan 
-19.125, -61.125, 2.429464484530478e-23, nan 
-18.875, -61.125, 1.5254132318572864e-23, nan 
-18.625, -61.125, 1.7790505003415277e-23, nan 
-18.375, -61.125, 1.0283649447297813e-23, nan 
-18.125, -61.125, 6.642552968495683e-24, nan 
-17.875, -61.125, 3.715713293793584e-23, nan 
-17.625, -61.125, 7.849094656527781e-23, nan 
-17.375, -61.125, 7.759860667052567e-23, nan 
-17.125, -61.125, 7.328298673768148e-23, nan 
-16.875, -61.125, 3.716833996851693e-23, nan 
-16.625, -61.125, 4.6628343505451966e-23, nan 
-16.375, -61.125, 3.206787465177406e-23, nan 
-16.125, -61.125, 2.6225480934256857e-23, nan 
-15.875, -61.125, 2.3309893951649405e-23, nan 
-15.625, -61.125, 1.6883059404423693e-23, nan 
-15.375, -61.125, 1.8841176826378084e-23, nan 
-15.125, -61.125, 1.696547886463424e-23, nan 
-14.875, -61.125, 2.2830215777163405e-23, nan 
-14.625, -61.125, 3.302274559019717e-23, nan 
-14.375, -61.125, 3.164742456047227e-23, nan 
-14.125, -61.125, 3.7732349270665046e-23, nan 
-13.875, -61.125, 4.064962553774354e-23, nan 
-13.625, -61.125, 3.6670099566282894e-23, nan 
-13.375, -61.125, 4.786841782317057e-23, nan 
-13.125, -61.125, 5.62231300168617e-23, nan 
-12.875, -61.125, 3.9215782773451197e-23, nan 
-12.625, -61.125, 4.6685713991534114e-23, nan 
-12.375, -61.125, 4.3363346670772414e-23, nan 
-12.125, -61.125, 2.896320009935624e-23, nan 
-11.875, -61.125, 1.6064515933069172e-23, nan 
-11.625, -61.125, 1.115637414676269e-23, nan 
-11.375, -61.125, 1.3671946282336343e-23, nan 
-11.125, -61.125, 9.923447600073903e-24, nan 
-10.875, -61.125, 6.1973118713504e-24, nan 
-10.625, -61.125, 8.447641854420628e-24, nan 
-10.375, -61.125, 6.614922399949175e-24, nan 
-10.125, -61.125, 5.671712856178215e-24, nan 
-9.875, -61.125, 2.8921607097928547e-24, nan 
-9.625, -61.125, 5.929228717482805e-24, nan 
-9.375, -61.125, 1.047850600537751e-23, nan 
-9.125, -61.125, 4.040584509938379e-24, nan 
-8.875, -61.125, 8.612817025024302e-24, nan 
-8.625, -61.125, 1.3169819155279379e-23, nan 
-8.375, -61.125, 1.0340171078965268e-23, nan 
-8.125, -61.125, 1.3792034045711335e-23, nan 
-7.875, -61.125, 1.1366805227136324e-23, nan 
-7.625, -61.125, 1.4010593068830834e-23, nan 
-7.375, -61.125, 1.28939318085632e-23, nan 
-7.125, -61.125, 1.159253068360616e-23, nan 
-6.875, -61.125, 1.6387575643169624e-23, nan 
-6.625, -61.125, 1.732027989447832e-23, nan 
-6.375, -61.125, 1.7861243947202884e-23, nan 
-6.125, -61.125, 2.1830610516757322e-23, nan 
-5.875, -61.125, 3.273683802863981e-23, nan 
-5.625, -61.125, 6.480811430665063e-23, nan 
-5.375, -61.125, 5.0438711081271184e-23, nan 
-5.125, -61.125, 4.145475314094394e-23, nan 
-4.875, -61.125, 3.379743803076152e-23, nan 
-4.625, -61.125, 9.958390179042726e-24, nan 
-4.375, -61.125, 3.800104701199762e-23, nan 
-4.125, -61.125, 4.5824424203178425e-23, nan 
-3.875, -61.125, 1.5328609489275404e-23, nan 
-3.625, -61.125, 5.446928525322079e-24, nan 
-3.375, -61.125, 1.1133073220370493e-23, nan 
-3.125, -61.125, 1.081185254899118e-23, nan 
-2.875, -61.125, 4.6780544796580414e-24, nan 
-2.625, -61.125, 4.675820788635497e-24, nan 
-2.375, -61.125, 4.5496270390412215e-24, nan 
-2.125, -61.125, 4.805097664287463e-24, nan 
-1.875, -61.125, 4.628360035183365e-24, nan 
-1.625, -61.125, 6.934339118446184e-24, nan 
-1.375, -61.125, 7.42863210890456e-24, nan 
-1.125, -61.125, 2.1907274425428964e-24, nan 
-0.875, -61.125, 3.1913527111990463e-24, nan 
-0.625, -61.125, 3.7424762284701654e-24, nan 
-0.375, -61.125, 3.8203672809150844e-24, nan 
-0.125, -61.125, 5.0628317954831686e-24, nan 
0.125, -61.125, 4.9844318889575024e-24, nan 
0.375, -61.125, 6.3518234118309976e-24, nan 
0.625, -61.125, 1.1095752302764951e-23, nan 
0.875, -61.125, 1.3286459599889162e-23, nan 
1.125, -61.125, 8.050488765484669e-24, nan 
1.375, -61.125, 9.747249329455293e-24, nan 
1.625, -61.125, 7.003965599557359e-24, nan 
1.875, -61.125, 9.130377214871133e-24, nan 
2.125, -61.125, 7.308617466476948e-24, nan 
2.375, -61.125, 5.902401426347397e-24, nan 
2.625, -61.125, 9.22056081981957e-24, nan 
2.875, -61.125, 1.1394657839290407e-23, nan 
3.125, -61.125, 1.1133912431947478e-23, nan 
3.375, -61.125, 1.9616879449639712e-23, nan 
3.625, -61.125, 1.543129595080588e-23, nan 
3.875, -61.125, 1.2204111741844976e-23, nan 
4.125, -61.125, 1.929058094814314e-23, nan 
4.375, -61.125, 2.0812342360354587e-23, nan 
-39.125, -60.875, 7.167598645633665e-22, nan 
-38.875, -60.875, 8.259505216546403e-22, nan 
-38.625, -60.875, 5.546306815219718e-22, nan 
-38.375, -60.875, 3.6851851957173417e-22, nan 
-38.125, -60.875, 4.294471334313019e-22, nan 
-37.875, -60.875, 4.114279546754709e-22, nan 
-37.625, -60.875, 2.5603157433856414e-22, nan 
-37.375, -60.875, 3.2477383356844525e-22, nan 
-37.125, -60.875, 3.7233304980822835e-22, nan 
-36.875, -60.875, 4.882353702143528e-22, nan 
-36.625, -60.875, 5.5540729802452475e-22, nan 
-36.375, -60.875, 5.3443567920813235e-22, nan 
-36.125, -60.875, 4.3283495373370125e-22, nan 
-35.875, -60.875, 4.963350313804321e-22, nan 
-35.625, -60.875, 4.600491758314299e-22, nan 
-35.375, -60.875, 2.553842394725296e-22, nan 
-35.125, -60.875, 4.336699028026749e-22, nan 
-34.875, -60.875, 2.814756143878118e-22, nan 
-34.625, -60.875, 3.1960571683096616e-22, nan 
-34.375, -60.875, 2.9388361287378254e-22, nan 
-34.125, -60.875, 2.1710911999223136e-22, nan 
-33.875, -60.875, 1.616750416652655e-22, nan 
-33.625, -60.875, 2.2176955218062454e-22, nan 
-33.375, -60.875, 3.4517834349231495e-22, nan 
-33.125, -60.875, 2.570571291227825e-22, nan 
-32.875, -60.875, 3.3102575775565646e-22, nan 
-32.625, -60.875, 6.927479600350648e-22, nan 
-32.375, -60.875, 4.82947135734458e-22, nan 
-32.125, -60.875, 5.708128734674883e-22, nan 
-31.875, -60.875, 6.415696543339224e-22, nan 
-31.625, -60.875, 4.865544631870404e-22, nan 
-31.375, -60.875, 4.065786904513465e-22, nan 
-31.125, -60.875, 2.172182301421699e-22, nan 
-30.875, -60.875, 2.6479433781036185e-22, nan 
-30.625, -60.875, 4.0027736664658083e-22, nan 
-30.375, -60.875, 1.659911801665277e-22, nan 
-30.125, -60.875, 2.3737789033168207e-22, nan 
-29.875, -60.875, 1.932429168897704e-22, nan 
-29.625, -60.875, 1.3241472582339172e-22, nan 
-29.375, -60.875, 2.6198833429428628e-22, nan 
-29.125, -60.875, 2.7644320755994405e-22, nan 
-28.875, -60.875, 2.0909811292376031e-22, nan 
-28.625, -60.875, 3.0921501910448453e-22, nan 
-28.375, -60.875, 3.5466645080309228e-22, nan 
-28.125, -60.875, 3.1773490220526616e-22, nan 
-27.875, -60.875, 2.3377461453683937e-22, nan 
-27.625, -60.875, 1.5620313877800098e-22, nan 
-27.375, -60.875, 1.352275967680344e-22, nan 
-27.125, -60.875, 1.2435536239930527e-22, nan 
-26.875, -60.875, 7.485061095843909e-23, nan 
-26.625, -60.875, 8.262546123721222e-23, nan 
-26.375, -60.875, 7.943020059197838e-23, nan 
-26.125, -60.875, 1.073003239927143e-22, nan 
-25.875, -60.875, 1.2398476959946179e-22, nan 
-25.625, -60.875, 1.0159089302990086e-22, nan 
-25.375, -60.875, 6.061281039257544e-23, nan 
-25.125, -60.875, 4.507560616120165e-23, nan 
-24.875, -60.875, 5.449394765098466e-23, nan 
-24.625, -60.875, 4.7573461300481876e-23, nan 
-24.375, -60.875, 3.2291823530308043e-23, nan 
-24.125, -60.875, 7.469891815621653e-24, nan 
-23.875, -60.875, 8.829217821864402e-24, nan 
-23.625, -60.875, 1.1363329949680353e-23, nan 
-23.375, -60.875, 1.1066018286633336e-23, nan 
-23.125, -60.875, 1.3025869567563381e-23, nan 
-22.875, -60.875, 1.1986956856593137e-23, nan 
-22.625, -60.875, 1.239744443009808e-23, nan 
-22.375, -60.875, 1.1957897152634567e-23, nan 
-22.125, -60.875, 1.4510754811262364e-23, nan 
-21.875, -60.875, 1.9305597650053078e-23, nan 
-21.625, -60.875, 1.249536924173954e-23, nan 
-21.375, -60.875, 2.1854221591892228e-23, nan 
-21.125, -60.875, 3.1578408393682155e-23, nan 
-20.875, -60.875, 3.649496126874531e-23, nan 
-20.625, -60.875, 3.5380746209968294e-23, nan 
-20.375, -60.875, 3.975882141625432e-23, nan 
-20.125, -60.875, 4.2549980974656006e-23, nan 
-19.875, -60.875, 3.607358115473428e-23, nan 
-19.625, -60.875, 2.878784438953888e-23, nan 
-19.375, -60.875, 2.6893823310667546e-23, nan 
-19.125, -60.875, 1.9890299460585972e-23, nan 
-18.875, -60.875, 1.2764455924434235e-23, nan 
-18.625, -60.875, 1.2555392748073394e-23, nan 
-18.375, -60.875, 1.4682175393998133e-23, nan 
-18.125, -60.875, 9.547453104856667e-24, nan 
-17.875, -60.875, 1.0380079021337215e-23, nan 
-17.625, -60.875, 1.8705481112000905e-23, nan 
-17.375, -60.875, 1.2828770424855418e-23, nan 
-17.125, -60.875, 2.0642365201495883e-23, nan 
-16.875, -60.875, 3.406011462042375e-23, nan 
-16.625, -60.875, 4.483819044177191e-23, nan 
-16.375, -60.875, 2.659264349216042e-23, nan 
-16.125, -60.875, 2.7294853868147376e-23, nan 
-15.875, -60.875, 3.287069959610206e-23, nan 
-15.625, -60.875, 1.9748862105535337e-23, nan 
-15.375, -60.875, 2.204762278978074e-23, nan 
-15.125, -60.875, 1.977111089080309e-23, nan 
-14.875, -60.875, 1.3146124546572433e-23, nan 
-14.625, -60.875, 2.071209435775824e-23, nan 
-14.375, -60.875, 2.974137110247699e-23, nan 
-14.125, -60.875, 3.6274293923488964e-23, nan 
-13.875, -60.875, 3.626815582601471e-23, nan 
-13.625, -60.875, 5.0808547438425676e-23, nan 
-13.375, -60.875, 4.7794034710672533e-23, nan 
-13.125, -60.875, 3.9446094265051644e-23, nan 
-12.875, -60.875, 3.7790106912789636e-23, nan 
-12.625, -60.875, 2.8477284135067133e-23, nan 
-12.375, -60.875, 1.580649329431265e-23, nan 
-12.125, -60.875, 1.6327591905184636e-23, nan 
-11.875, -60.875, 1.5332802397138747e-23, nan 
-11.625, -60.875, 1.141242345584214e-23, nan 
-11.375, -60.875, 1.4268727059361226e-23, nan 
-11.125, -60.875, 9.404052496296176e-24, nan 
-10.875, -60.875, 8.14456790026694e-24, nan 
-10.625, -60.875, 5.6125066144699026e-24, nan 
-10.375, -60.875, 6.062117594445037e-24, nan 
-10.125, -60.875, 4.428543283732257e-24, nan 
-9.875, -60.875, 6.05764037065345e-24, nan 
-9.625, -60.875, 1.004436513831619e-23, nan 
-9.375, -60.875, 8.413216315631225e-24, nan 
-9.125, -60.875, 3.543366007471484e-24, nan 
-8.875, -60.875, 8.981438353834993e-24, nan 
-8.625, -60.875, 1.1792253002301214e-23, nan 
-8.375, -60.875, 1.1480156051843482e-23, nan 
-8.125, -60.875, 1.0154123703234428e-23, nan 
-7.875, -60.875, 4.79990448615914e-24, nan 
-7.625, -60.875, 1.1505916540260803e-23, nan 
-7.375, -60.875, 1.2156669252332793e-23, nan 
-7.125, -60.875, 1.0877870700604528e-23, nan 
-6.875, -60.875, 1.5519835207225677e-23, nan 
-6.625, -60.875, 1.950931885893922e-23, nan 
-6.375, -60.875, 3.213111461689676e-23, nan 
-6.125, -60.875, 3.8629002286735005e-23, nan 
-5.875, -60.875, 4.5851477177251874e-23, nan 
-5.625, -60.875, 6.61970215511539e-23, nan 
-5.375, -60.875, 6.343120338531488e-23, nan 
-5.125, -60.875, 4.9663077505623156e-23, nan 
-4.875, -60.875, 3.391611366280727e-23, nan 
-4.625, -60.875, 2.219293522372192e-23, nan 
-4.375, -60.875, 5.699173600296004e-23, nan 
-4.125, -60.875, 5.891868361003872e-23, nan 
-3.875, -60.875, 1.3196314736606487e-23, nan 
-3.625, -60.875, 2.319954266969719e-23, nan 
-3.375, -60.875, 1.7768979196117987e-23, nan 
-3.125, -60.875, 9.87451566080006e-24, nan 
-2.875, -60.875, 4.705303411986863e-24, nan 
-2.625, -60.875, 7.464397529137514e-24, nan 
-2.375, -60.875, 1.0929174603548728e-23, nan 
-2.125, -60.875, 5.552963923587974e-24, nan 
-1.875, -60.875, 3.631820462298441e-24, nan 
-1.625, -60.875, 5.0851222533000405e-24, nan 
-1.375, -60.875, 4.6723395217133646e-24, nan 
-1.125, -60.875, 4.43754810674822e-24, nan 
-0.875, -60.875, 5.121706835620905e-24, nan 
-0.625, -60.875, 1.1204861630143013e-24, nan 
-0.375, -60.875, 5.803146330198106e-24, nan 
-0.125, -60.875, 8.108543010920117e-24, nan 
0.125, -60.875, 4.945603226672262e-24, nan 
0.375, -60.875, 4.5350192160670945e-24, nan 
0.625, -60.875, 8.498648832221566e-24, nan 
0.875, -60.875, 1.46123293550133e-23, nan 
1.125, -60.875, 7.772961306332945e-24, nan 
1.375, -60.875, 8.261855929984665e-24, nan 
1.625, -60.875, 1.3546897183273982e-23, nan 
1.875, -60.875, 8.650999305490885e-24, nan 
2.125, -60.875, 8.249598602837183e-24, nan 
2.375, -60.875, 9.138424288733544e-24, nan 
2.625, -60.875, 1.2917280328622723e-23, nan 
2.875, -60.875, 1.273823561921337e-23, nan 
3.125, -60.875, 1.282220140154523e-23, nan 
3.375, -60.875, 1.409173922941334e-23, nan 
3.625, -60.875, 9.564913383240943e-24, nan 
3.875, -60.875, 3.9996114307369e-24, nan 
4.125, -60.875, 8.45323050691925e-24, nan 
-38.625, -60.625, 4.466376202035618e-22, nan 
-38.375, -60.625, 2.5083577345280485e-22, nan 
-38.125, -60.625, 8.913697663203092e-23, nan 
-37.875, -60.625, 1.6066619011490653e-22, nan 
-37.625, -60.625, 2.032259838065917e-22, nan 
-37.375, -60.625, 2.9079607558179375e-22, nan 
-37.125, -60.625, 3.464766496263348e-22, nan 
-36.875, -60.625, 4.538051253140521e-22, nan 
-36.625, -60.625, 6.11134960662235e-22, nan 
-36.375, -60.625, 5.236207318500113e-22, nan 
-36.125, -60.625, 3.7447277047231423e-22, nan 
-35.875, -60.625, 5.19366718398285e-22, nan 
-35.625, -60.625, 4.877677296569348e-22, nan 
-35.375, -60.625, 3.7364410594432997e-22, nan 
-35.125, -60.625, 3.611291616992741e-22, nan 
-34.875, -60.625, 3.3104399324421927e-22, nan 
-34.625, -60.625, 4.0619208724226756e-22, nan 
-34.375, -60.625, 3.652709346579667e-22, nan 
-34.125, -60.625, 2.8528756031135587e-22, nan 
-33.875, -60.625, 2.267379331741293e-22, nan 
-33.625, -60.625, 2.54562319801943e-22, nan 
-33.375, -60.625, 2.504044202217696e-22, nan 
-33.125, -60.625, 2.853724982167797e-22, nan 
-32.875, -60.625, 4.660493372376065e-22, nan 
-32.625, -60.625, 6.601227959419093e-22, nan 
-32.375, -60.625, 5.732766748272713e-22, nan 
-32.125, -60.625, 6.631853449831963e-22, nan 
-31.875, -60.625, 8.384136815305857e-22, nan 
-31.625, -60.625, 7.461921122752729e-22, nan 
-31.375, -60.625, 5.564727228151025e-22, nan 
-31.125, -60.625, 3.2543788310640814e-22, nan 
-30.875, -60.625, 3.620116670309536e-22, nan 
-30.625, -60.625, 2.2757481566638313e-22, nan 
-30.375, -60.625, 1.1673087723079404e-22, nan 
-30.125, -60.625, 2.0559110120903382e-22, nan 
-29.875, -60.625, 1.463573877237033e-22, nan 
-29.625, -60.625, 1.286197303431155e-22, nan 
-29.375, -60.625, 2.973293918378487e-22, nan 
-29.125, -60.625, 2.900915154571129e-22, nan 
-28.875, -60.625, 2.1164086126382845e-22, nan 
-28.625, -60.625, 3.3718599901472206e-22, nan 
-28.375, -60.625, 2.6856407789508774e-22, nan 
-28.125, -60.625, 2.317131985258868e-22, nan 
-27.875, -60.625, 2.266972967611984e-22, nan 
-27.625, -60.625, 2.0978036095258495e-22, nan 
-27.375, -60.625, 1.4556167314128672e-22, nan 
-27.125, -60.625, 1.5039804341743015e-22, nan 
-26.875, -60.625, 1.0850877624745324e-22, nan 
-26.625, -60.625, 7.690992497931014e-23, nan 
-26.375, -60.625, 3.922275084038793e-23, nan 
-26.125, -60.625, 9.240914365524127e-23, nan 
-25.875, -60.625, 1.0190175275355343e-22, nan 
-25.625, -60.625, 5.885295518638338e-23, nan 
-25.375, -60.625, 5.312060411961607e-23, nan 
-25.125, -60.625, 3.840561202457268e-23, nan 
-24.875, -60.625, 2.9286912382794493e-23, nan 
-24.625, -60.625, 2.830982350558475e-23, nan 
-24.375, -60.625, 2.1267553919528115e-23, nan 
-24.125, -60.625, 2.0498105476611842e-23, nan 
-23.875, -60.625, 1.387743802756295e-23, nan 
-23.625, -60.625, 1.3666306736845e-23, nan 
-23.375, -60.625, 1.2350645048991082e-23, nan 
-23.125, -60.625, 1.3582689742602244e-23, nan 
-22.875, -60.625, 1.936988821281997e-23, nan 
-22.625, -60.625, 8.958377621614932e-23, nan 
-22.375, -60.625, 9.757619466320249e-23, nan 
-22.125, -60.625, 1.102900362474004e-23, nan 
-21.875, -60.625, 2.3315313841643377e-23, nan 
-21.625, -60.625, 1.279970179721951e-23, nan 
-21.375, -60.625, 9.92389396568082e-23, nan 
-21.125, -60.625, 9.327056336826949e-23, nan 
-20.875, -60.625, 3.75000919161441e-23, nan 
-20.625, -60.625, 4.3604761011213253e-23, nan 
-20.375, -60.625, 4.13641256552041e-23, nan 
-20.125, -60.625, 4.2681169444544503e-23, nan 
-19.875, -60.625, 3.2300035083078485e-23, nan 
-19.625, -60.625, 2.6615543557818045e-23, nan 
-19.375, -60.625, 2.297773429879247e-23, nan 
-19.125, -60.625, 1.3867757205433125e-23, nan 
-18.875, -60.625, 9.973027676509541e-24, nan 
-18.625, -60.625, 6.44702072236644e-24, nan 
-18.375, -60.625, 8.910268931286557e-24, nan 
-18.125, -60.625, 8.38173141983044e-24, nan 
-17.875, -60.625, 7.902023324560748e-24, nan 
-17.625, -60.625, 7.65589664912508e-24, nan 
-17.375, -60.625, 1.1167153646869277e-23, nan 
-17.125, -60.625, 2.009514116886315e-23, nan 
-16.875, -60.625, 2.963603497237374e-23, nan 
-16.625, -60.625, 3.221927577754587e-23, nan 
-16.375, -60.625, 2.7236510448542443e-23, nan 
-16.125, -60.625, 2.6174063915740032e-23, nan 
-15.875, -60.625, 2.656482455846251e-23, nan 
-15.625, -60.625, 1.9185820090552513e-23, nan 
-15.375, -60.625, 1.4356685059669893e-23, nan 
-15.125, -60.625, 1.1330535649282325e-23, nan 
-14.875, -60.625, 1.2207802464201125e-23, nan 
-14.625, -60.625, 1.4775101671864376e-23, nan 
-14.375, -60.625, 1.3141341987391022e-23, nan 
-14.125, -60.625, 6.740179376394359e-24, nan 
-13.875, -60.625, 1.91578608209484e-23, nan 
-13.625, -60.625, 3.1170603565860537e-23, nan 
-13.375, -60.625, 3.077368452146343e-23, nan 
-13.125, -60.625, 8.712311484037375e-24, nan 
-12.875, -60.625, 8.533277750873749e-24, nan 
-12.625, -60.625, 6.5978685365038085e-24, nan 
-12.375, -60.625, 7.957462870006155e-24, nan 
-12.125, -60.625, 7.536142112629863e-24, nan 
-11.875, -60.625, 6.496179712840368e-24, nan 
-11.625, -60.625, 5.77138574928266e-24, nan 
-11.375, -60.625, 7.239762919719026e-24, nan 
-11.125, -60.625, 9.065546700606829e-24, nan 
-10.875, -60.625, 7.691527421770135e-24, nan 
-10.625, -60.625, 5.82017430214933e-24, nan 
-10.375, -60.625, 8.00645359237697e-24, nan 
-10.125, -60.625, 2.921047660986658e-24, nan 
-9.875, -60.625, 7.850502256070473e-24, nan 
-9.625, -60.625, 1.461952406629356e-23, nan 
-9.375, -60.625, 1.1878573755068651e-23, nan 
-9.125, -60.625, 7.60994129402163e-24, nan 
-8.875, -60.625, 1.3332127759073906e-23, nan 
-8.625, -60.625, 1.413518925002042e-23, nan 
-8.375, -60.625, 9.508669912133124e-24, nan 
-8.125, -60.625, 1.1247422532380267e-23, nan 
-7.875, -60.625, 1.0068311217405813e-23, nan 
-7.625, -60.625, 6.029791407702246e-24, nan 
-7.375, -60.625, 1.0552370872460368e-23, nan 
-7.125, -60.625, 1.0586994846585989e-23, nan 
-6.875, -60.625, 1.6824518119337683e-23, nan 
-6.625, -60.625, 1.7038348669835945e-23, nan 
-6.375, -60.625, 3.1905902439961603e-23, nan 
-6.125, -60.625, 3.981825261106218e-23, nan 
-5.875, -60.625, 3.703727250807319e-23, nan 
-5.625, -60.625, 5.660685131412975e-23, nan 
-5.375, -60.625, 6.059094031420207e-23, nan 
-5.125, -60.625, 5.392184581466082e-23, nan 
-4.875, -60.625, 3.674751713275374e-23, nan 
-4.625, -60.625, 2.5873571942234595e-23, nan 
-4.375, -60.625, 4.218866982879608e-23, nan 
-4.125, -60.625, 3.455477748311901e-23, nan 
-3.875, -60.625, 1.0052793225070258e-23, nan 
-3.625, -60.625, 5.7212797607422115e-24, nan 
-3.375, -60.625, 6.1168937134447765e-24, nan 
-3.125, -60.625, 8.022825059561343e-24, nan 
-2.875, -60.625, 4.8278101544936895e-24, nan 
-2.625, -60.625, 9.065237933686392e-24, nan 
-2.375, -60.625, 1.4570441134179146e-23, nan 
-2.125, -60.625, 7.077397703952186e-24, nan 
-1.875, -60.625, 6.745837087188012e-24, nan 
-1.625, -60.625, 9.326977690495159e-24, nan 
-1.375, -60.625, 1.4415361980405284e-23, nan 
-1.125, -60.625, 8.30347561535039e-24, nan 
-0.875, -60.625, 3.251270701541192e-24, nan 
-0.625, -60.625, 2.6592311041658993e-24, nan 
-0.375, -60.625, 4.358462154798581e-24, nan 
-0.125, -60.625, 5.052061300811366e-24, nan 
0.125, -60.625, 7.478980749811066e-24, nan 
0.375, -60.625, 9.396660299083633e-24, nan 
0.625, -60.625, 8.954351234726626e-24, nan 
0.875, -60.625, 1.5908531172804708e-23, nan 
1.125, -60.625, 8.105349024667788e-24, nan 
1.375, -60.625, 7.907636530562854e-24, nan 
1.625, -60.625, 2.2053952958479096e-23, nan 
1.875, -60.625, 8.828330488705452e-24, nan 
2.125, -60.625, 9.818283906873083e-24, nan 
2.375, -60.625, 1.8232151778734368e-23, nan 
2.625, -60.625, 1.4315386613229035e-23, nan 
2.875, -60.625, 1.0466312469746068e-23, nan 
3.125, -60.625, 1.1673633287050642e-23, nan 
3.375, -60.625, 7.153150908199525e-24, nan 
3.625, -60.625, 1.2951481382639404e-23, nan 
3.875, -60.625, 7.065817054729112e-24, nan 
-37.875, -60.375, 1.6133700366183013e-22, nan 
-37.625, -60.375, 2.365630470802949e-22, nan 
-37.375, -60.375, 2.5614055545825885e-22, nan 
-37.125, -60.375, 3.0238869472249844e-22, nan 
-36.875, -60.375, 3.6800323695009277e-22, nan 
-36.625, -60.375, 4.569867421004722e-22, nan 
-36.375, -60.375, 3.8926243182017877e-22, nan 
-36.125, -60.375, 3.3492198541095934e-22, nan 
-35.875, -60.375, 4.1166195788937604e-22, nan 
-35.625, -60.375, 3.8585132918363074e-22, nan 
-35.375, -60.375, 3.5176843697915486e-22, nan 
-35.125, -60.375, 5.190917001567348e-22, nan 
-34.875, -60.375, 4.105046314403261e-22, nan 
-34.625, -60.375, 3.2788615340310407e-22, nan 
-34.375, -60.375, 3.571790400094724e-22, nan 
-34.125, -60.375, 3.4775976590944597e-22, nan 
-33.875, -60.375, 2.465843135201251e-22, nan 
-33.625, -60.375, 1.170837552616522e-22, nan 
-33.375, -60.375, 3.21860790381368e-22, nan 
-33.125, -60.375, 4.889120267592701e-22, nan 
-32.875, -60.375, 4.7307326700821435e-22, nan 
-32.625, -60.375, 5.532318986783074e-22, nan 
-32.375, -60.375, 5.498803764611049e-22, nan 
-32.125, -60.375, 6.175667324022682e-22, nan 
-31.875, -60.375, 7.992470075564036e-22, nan 
-31.625, -60.375, 6.989509989755032e-22, nan 
-31.375, -60.375, 5.865129531332303e-22, nan 
-31.125, -60.375, 3.483490825632291e-22, nan 
-30.875, -60.375, 2.327311330579413e-22, nan 
-30.625, -60.375, 2.1441720245976667e-22, nan 
-30.375, -60.375, 2.297309189821457e-22, nan 
-30.125, -60.375, 2.537797412641603e-22, nan 
-29.875, -60.375, 1.6038214563100394e-22, nan 
-29.625, -60.375, 1.361071685162489e-22, nan 
-29.375, -60.375, 1.5147782790710863e-22, nan 
-29.125, -60.375, 1.9301695258363003e-22, nan 
-28.875, -60.375, 1.8772561384416072e-22, nan 
-28.625, -60.375, 2.528054927245357e-22, nan 
-28.375, -60.375, 2.779437379576706e-22, nan 
-28.125, -60.375, 2.296902914385429e-22, nan 
-27.875, -60.375, 1.7541926760413735e-22, nan 
-27.625, -60.375, 1.855178122350295e-22, nan 
-27.375, -60.375, 1.4818813624208744e-22, nan 
-27.125, -60.375, 8.318148217706424e-23, nan 
-26.875, -60.375, 1.0195263862781372e-22, nan 
-26.625, -60.375, 9.737422208590142e-23, nan 
-26.375, -60.375, 7.100017793797236e-23, nan 
-26.125, -60.375, 4.2319290253978256e-23, nan 
-25.875, -60.375, 3.560068031860819e-23, nan 
-25.625, -60.375, 3.276310570970008e-23, nan 
-25.375, -60.375, 3.529132246841759e-23, nan 
-25.125, -60.375, 3.591084491598132e-23, nan 
-24.875, -60.375, 3.502304009914243e-23, nan 
-24.625, -60.375, 4.418792790444575e-23, nan 
-24.375, -60.375, 2.7797174030539706e-23, nan 
-24.125, -60.375, 2.674482539425673e-23, nan 
-23.875, -60.375, 2.1411073515699103e-23, nan 
-23.625, -60.375, 1.9074122850122946e-23, nan 
-23.375, -60.375, 5.106376474569479e-23, nan 
-23.125, -60.375, 6.371554489189912e-23, nan 
-22.875, -60.375, 2.83965239305901e-23, nan 
-22.625, -60.375, 1.4271698527622444e-22, nan 
-22.375, -60.375, 1.422013895894383e-22, nan 
-22.125, -60.375, 6.822300006021425e-23, nan 
-21.875, -60.375, 9.935893898414298e-23, nan 
-21.625, -60.375, 1.0654872901696284e-22, nan 
-21.375, -60.375, 1.481342892962283e-22, nan 
-21.125, -60.375, 1.4533161486738398e-22, nan 
-20.875, -60.375, 6.959146451728243e-23, nan 
-20.625, -60.375, 1.068984914102291e-22, nan 
-20.375, -60.375, 1.0215028899649029e-22, nan 
-20.125, -60.375, 6.254176891227655e-23, nan 
-19.875, -60.375, 3.070076728741112e-23, nan 
-19.625, -60.375, 1.9629557085620707e-23, nan 
-19.375, -60.375, 1.1856224810066588e-23, nan 
-19.125, -60.375, 1.1191565748187012e-23, nan 
-18.875, -60.375, 8.247436700549701e-24, nan 
-18.625, -60.375, 3.325365732578359e-24, nan 
-18.375, -60.375, 4.007768121835414e-24, nan 
-18.125, -60.375, 7.196449116400312e-24, nan 
-17.875, -60.375, 6.40704994926569e-24, nan 
-17.625, -60.375, 7.000030855360831e-24, nan 
-17.375, -60.375, 1.7928096644072206e-23, nan 
-17.125, -60.375, 2.1086335981495524e-23, nan 
-16.875, -60.375, 2.314691841115992e-23, nan 
-16.625, -60.375, 3.211265123398149e-23, nan 
-16.375, -60.375, 2.839480722409007e-23, nan 
-16.125, -60.375, 2.3157224856936562e-23, nan 
-15.875, -60.375, 1.5659409601055825e-23, nan 
-15.625, -60.375, 1.1144955268529268e-23, nan 
-15.375, -60.375, 1.1001971762302455e-23, nan 
-15.125, -60.375, 9.79283903875607e-24, nan 
-14.875, -60.375, 1.1903221358958632e-23, nan 
-14.625, -60.375, 1.248186709156963e-23, nan 
-14.375, -60.375, 1.1528457242247995e-23, nan 
-14.125, -60.375, 2.485345646078363e-23, nan 
-13.875, -60.375, 5.6956221688403285e-24, nan 
-13.625, -60.375, 8.1950517252131e-24, nan 
-13.375, -60.375, 5.5925292033001175e-24, nan 
-13.125, -60.375, 4.125300034710981e-24, nan 
-12.875, -60.375, 5.594257359800269e-24, nan 
-12.625, -60.375, 8.015233356863468e-24, nan 
-12.375, -60.375, 6.0858449159607505e-24, nan 
-12.125, -60.375, 1.5310523497390984e-23, nan 
-11.875, -60.375, 7.273183906617432e-24, nan 
-11.625, -60.375, 3.755032045142689e-24, nan 
-11.375, -60.375, 1.117861330430048e-23, nan 
-11.125, -60.375, 3.554519566879486e-24, nan 
-10.875, -60.375, 4.3446160949270096e-24, nan 
-10.625, -60.375, 7.753287436303243e-24, nan 
-10.375, -60.375, 9.637925791105589e-24, nan 
-10.125, -60.375, 5.856236743245765e-24, nan 
-9.875, -60.375, 6.747850318133673e-24, nan 
-9.625, -60.375, 1.1764924207030986e-23, nan 
-9.375, -60.375, 9.57177705565057e-24, nan 
-9.125, -60.375, 1.1781927105919217e-23, nan 
-8.875, -60.375, 1.5732884701702225e-23, nan 
-8.625, -60.375, 1.5243540839628257e-23, nan 
-8.375, -60.375, 3.151037176259873e-23, nan 
-8.125, -60.375, 3.8052413795816797e-23, nan 
-7.875, -60.375, 3.416327312856718e-23, nan 
-7.625, -60.375, 1.733305175702993e-23, nan 
-7.375, -60.375, 1.1713188597925117e-23, nan 
-7.125, -60.375, 1.4668510433669856e-23, nan 
-6.875, -60.375, 9.026782517273383e-24, nan 
-6.625, -60.375, 9.429570936474879e-24, nan 
-6.375, -60.375, 1.0079569554759654e-23, nan 
-6.125, -60.375, 1.0643822591435828e-23, nan 
-5.875, -60.375, 1.2285196882007966e-23, nan 
-5.625, -60.375, 4.729762716019936e-23, nan 
-5.375, -60.375, 3.9376040870678504e-23, nan 
-5.125, -60.375, 3.7863259219560805e-23, nan 
-4.875, -60.375, 2.969576236890381e-23, nan 
-4.625, -60.375, 4.955900857391212e-24, nan 
-4.375, -60.375, 6.48068219373243e-24, nan 
-4.125, -60.375, 7.928982540095869e-24, nan 
-3.875, -60.375, 7.279185165415543e-24, nan 
-3.625, -60.375, 5.608315685737591e-24, nan 
-3.375, -60.375, 8.669320233656755e-24, nan 
-3.125, -60.375, 1.1508507934388551e-23, nan 
-2.875, -60.375, 8.85076739178346e-24, nan 
-2.625, -60.375, 5.708188701548038e-24, nan 
-2.375, -60.375, 1.2274605959103039e-23, nan 
-2.125, -60.375, 1.5819276906922328e-23, nan 
-1.875, -60.375, 4.608699892091331e-24, nan 
-1.625, -60.375, 7.879851744764327e-24, nan 
-1.375, -60.375, 2.89833233872798e-23, nan 
-1.125, -60.375, 8.973436301698122e-24, nan 
-0.875, -60.375, 3.0104628991437292e-24, nan 
-0.625, -60.375, 1.1237642337444743e-23, nan 
-0.375, -60.375, 8.966862428641803e-24, nan 
-0.125, -60.375, 4.97884140182249e-24, nan 
0.125, -60.375, 1.1470532660163312e-23, nan 
0.375, -60.375, 1.5152517753308385e-23, nan 
0.625, -60.375, 1.6130857183805117e-23, nan 
0.875, -60.375, 1.408357951783142e-23, nan 
1.125, -60.375, 1.0677067906173238e-23, nan 
1.375, -60.375, 1.4664313164654403e-23, nan 
1.625, -60.375, 4.2532029094016287e-23, nan 
1.875, -60.375, 1.8579009791385494e-23, nan 
2.125, -60.375, 7.903620993041877e-24, nan 
2.375, -60.375, 1.6140363342037144e-23, nan 
2.625, -60.375, 9.892842923448235e-24, nan 
2.875, -60.375, 1.1427427958164676e-23, nan 
3.125, -60.375, 1.3304914592349612e-23, nan 
3.375, -60.375, 8.748742424152655e-24, nan 
3.625, -60.375, 1.1113909818200662e-23, nan 
-37.375, -60.125, 2.947637462247634e-22, nan 
-37.125, -60.125, 3.3801491609996103e-22, nan 
-36.875, -60.125, 2.20994354039747e-22, nan 
-36.625, -60.125, 3.2961837759784764e-22, nan 
-36.375, -60.125, 3.2768120997719127e-22, nan 
-36.125, -60.125, 3.0867765728189547e-22, nan 
-35.875, -60.125, 7.032830910645638e-22, nan 
-35.625, -60.125, 6.022309695506081e-22, nan 
-35.375, -60.125, 5.694359320644119e-22, nan 
-35.125, -60.125, 5.183390265039721e-22, nan 
-34.875, -60.125, 4.850179565749404e-22, nan 
-34.625, -60.125, 4.452231824213178e-22, nan 
-34.375, -60.125, 5.057081789798673e-22, nan 
-34.125, -60.125, 3.087068148224801e-22, nan 
-33.875, -60.125, 2.5530946945405135e-22, nan 
-33.625, -60.125, 4.895547105846411e-22, nan 
-33.375, -60.125, 3.4353245099953304e-22, nan 
-33.125, -60.125, 4.55108347844261e-22, nan 
-32.875, -60.125, 3.773136209036624e-22, nan 
-32.625, -60.125, 2.638475943629222e-22, nan 
-32.375, -60.125, 3.2648058221333553e-22, nan 
-32.125, -60.125, 2.252957245784178e-22, nan 
-31.875, -60.125, 2.387592094064622e-22, nan 
-31.625, -60.125, 3.015516076551012e-22, nan 
-31.375, -60.125, 3.277612268862568e-22, nan 
-31.125, -60.125, 3.273190555194712e-22, nan 
-30.875, -60.125, 3.4124038499175606e-22, nan 
-30.625, -60.125, 3.1166037005748124e-22, nan 
-30.375, -60.125, 2.788242009746243e-22, nan 
-30.125, -60.125, 2.2823052941135236e-22, nan 
-29.875, -60.125, 1.4605007634812513e-22, nan 
-29.625, -60.125, 8.09019742904034e-23, nan 
-29.375, -60.125, 8.571700006059474e-23, nan 
-29.125, -60.125, 6.048766339288123e-23, nan 
-28.875, -60.125, 4.5366834283180884e-23, nan 
-28.625, -60.125, 6.92263032316445e-23, nan 
-28.375, -60.125, 1.743851897234762e-22, nan 
-28.125, -60.125, 1.6611237529039143e-22, nan 
-27.875, -60.125, 1.2007816319064844e-22, nan 
-27.625, -60.125, 9.05725927940921e-23, nan 
-27.375, -60.125, 1.6258563315926053e-22, nan 
-27.125, -60.125, 1.104691793143745e-22, nan 
-26.875, -60.125, 1.1063645790717084e-22, nan 
-26.625, -60.125, 5.69097762046606e-23, nan 
-26.375, -60.125, 9.600757764078088e-23, nan 
-26.125, -60.125, 5.447795643717168e-23, nan 
-25.875, -60.125, 4.3453566207204994e-23, nan 
-25.625, -60.125, 3.6110009340292366e-23, nan 
-25.375, -60.125, 4.2090143167084216e-23, nan 
-25.125, -60.125, 3.456822880342823e-23, nan 
-24.875, -60.125, 3.5948221814839985e-23, nan 
-24.625, -60.125, 3.9984525981790376e-23, nan 
-24.375, -60.125, 2.1652074054390033e-23, nan 
-24.125, -60.125, 2.0047932040179808e-23, nan 
-23.875, -60.125, 2.5836940250654088e-23, nan 
-23.625, -60.125, 6.530857661567571e-23, nan 
-23.375, -60.125, 5.599350061781787e-24, nan 
-23.125, -60.125, 1.959033385016574e-23, nan 
-22.875, -60.125, 2.430421845734957e-23, nan 
-22.625, -60.125, 7.849481426433827e-23, nan 
-22.375, -60.125, 7.792402421691266e-23, nan 
-22.125, -60.125, 9.292964940686624e-23, nan 
-21.875, -60.125, 7.89081614901032e-23, nan 
-21.625, -60.125, 1.4193429472255053e-22, nan 
-21.375, -60.125, 2.0004077838360543e-22, nan 
-21.125, -60.125, 1.69707537450169e-22, nan 
-20.875, -60.125, 1.6642999679174463e-22, nan 
-20.625, -60.125, 1.3100518816727004e-22, nan 
-20.375, -60.125, 1.1288945896200812e-22, nan 
-20.125, -60.125, 1.0252690166237879e-22, nan 
-19.875, -60.125, 2.7591841380008437e-23, nan 
-19.625, -60.125, 2.3760674222002357e-23, nan 
-19.375, -60.125, 9.470288980547624e-24, nan 
-19.125, -60.125, 7.614607767083186e-24, nan 
-18.875, -60.125, 6.68161817548107e-24, nan 
-18.625, -60.125, 6.69001526599704e-24, nan 
-18.375, -60.125, 9.262750576266312e-24, nan 
-18.125, -60.125, 8.83371629598579e-24, nan 
-17.875, -60.125, 6.140258328845275e-24, nan 
-17.625, -60.125, 1.0963405327732257e-23, nan 
-17.375, -60.125, 1.5826427951208817e-23, nan 
-17.125, -60.125, 1.1288758759039641e-23, nan 
-16.875, -60.125, 1.661277704844983e-23, nan 
-16.625, -60.125, 2.6804554834129813e-23, nan 
-16.375, -60.125, 2.3481884790625366e-23, nan 
-16.125, -60.125, 2.9237555649615685e-23, nan 
-15.875, -60.125, 3.488007385453565e-23, nan 
-15.625, -60.125, 3.1027410569925226e-23, nan 
-15.375, -60.125, 3.0766562590889394e-23, nan 
-15.125, -60.125, 2.5579728349101315e-23, nan 
-14.875, -60.125, 2.7797563907637036e-23, nan 
-14.625, -60.125, 1.854272442310031e-23, nan 
-14.375, -60.125, 2.0026594348093556e-23, nan 
-14.125, -60.125, 4.5401295217536594e-23, nan 
-13.875, -60.125, 6.5180270816436295e-24, nan 
-13.625, -60.125, 6.080581582223851e-24, nan 
-13.375, -60.125, 1.097737407083549e-23, nan 
-13.125, -60.125, 5.3950062337399075e-24, nan 
-12.875, -60.125, 1.1339486072888586e-23, nan 
-12.625, -60.125, 7.569189919611566e-24, nan 
-12.375, -60.125, 5.6225440591394234e-24, nan 
-12.125, -60.125, 2.7319500065267436e-23, nan 
-11.875, -60.125, 1.3068188147544115e-23, nan 
-11.625, -60.125, 1.3456308263347623e-23, nan 
-11.375, -60.125, 2.128379432710184e-23, nan 
-11.125, -60.125, 2.332813602107375e-23, nan 
-10.875, -60.125, 6.233583646660509e-24, nan 
-10.625, -60.125, 1.15147991608263e-23, nan 
-10.375, -60.125, 7.407360632259e-24, nan 
-10.125, -60.125, 5.4662572441837155e-24, nan 
-9.875, -60.125, 6.546798587834711e-24, nan 
-9.625, -60.125, 1.5284995221506368e-23, nan 
-9.375, -60.125, 7.990903034178555e-24, nan 
-9.125, -60.125, 9.592984671121394e-24, nan 
-8.875, -60.125, 2.2385020521891045e-23, nan 
-8.625, -60.125, 5.2764600617732603e-23, nan 
-8.375, -60.125, 6.351535603206637e-23, nan 
-8.125, -60.125, 7.119710796355152e-23, nan 
-7.875, -60.125, 7.223534745429158e-23, nan 
-7.625, -60.125, 5.2239935048279776e-23, nan 
-7.375, -60.125, 2.879835066317801e-23, nan 
-7.125, -60.125, 1.3556833975938715e-23, nan 
-6.875, -60.125, 1.1012164805752836e-23, nan 
-6.625, -60.125, 5.866143216565753e-24, nan 
-6.375, -60.125, 5.7283317776721184e-24, nan 
-6.125, -60.125, 1.5602389378922878e-23, nan 
-5.875, -60.125, 4.2935834651599125e-24, nan 
-5.625, -60.125, 1.2619590943291359e-23, nan 
-5.375, -60.125, 1.3228059655543232e-23, nan 
-5.125, -60.125, 1.5668631232630946e-23, nan 
-4.875, -60.125, 1.2602785939462388e-23, nan 
-4.625, -60.125, 1.066229055141816e-23, nan 
-4.375, -60.125, 1.129701194485503e-23, nan 
-4.125, -60.125, 8.647007677270973e-24, nan 
-3.875, -60.125, 7.11793844719788e-24, nan 
-3.625, -60.125, 5.377739771091348e-24, nan 
-3.375, -60.125, 8.537559150270373e-24, nan 
-3.125, -60.125, 1.786318605423736e-23, nan 
-2.875, -60.125, 2.2804032356697316e-23, nan 
-2.625, -60.125, 9.494539060710023e-24, nan 
-2.375, -60.125, 7.902425008319608e-24, nan 
-2.125, -60.125, 4.935339914198296e-24, nan 
-1.875, -60.125, 7.254281127639204e-24, nan 
-1.625, -60.125, 7.930345491745118e-24, nan 
-1.375, -60.125, 1.9523808603133557e-23, nan 
-1.125, -60.125, 7.509183793139357e-24, nan 
-0.875, -60.125, 4.358398308267312e-24, nan 
-0.625, -60.125, 8.641544881405698e-24, nan 
-0.375, -60.125, 1.0364470450131108e-23, nan 
-0.125, -60.125, 8.289164339016631e-24, nan 
0.125, -60.125, 1.7687065584146864e-23, nan 
0.375, -60.125, 1.3884196898701463e-23, nan 
0.625, -60.125, 1.0399894293674863e-23, nan 
0.875, -60.125, 1.9674429592452837e-23, nan 
1.125, -60.125, 1.4768356135480884e-23, nan 
1.375, -60.125, 2.8555720468831167e-23, nan 
1.625, -60.125, 6.207817981433569e-23, nan 
1.875, -60.125, 5.037246204269478e-23, nan 
2.125, -60.125, 1.374089521879825e-23, nan 
2.375, -60.125, 1.9847324542952647e-23, nan 
2.625, -60.125, 1.1449928012222e-23, nan 
2.875, -60.125, 8.59176592616395e-24, nan 
3.125, -60.125, 1.4155843620617602e-23, nan 
3.375, -60.125, 1.2681983956990609e-23, nan 
-36.875, -59.875, 9.81284431505958e-22, nan 
-36.625, -59.875, 6.836991130326101e-22, nan 
-36.375, -59.875, 1.221700490547608e-21, nan 
-36.125, -59.875, 2.5553820318905592e-21, nan 
-35.875, -59.875, 3.818630782361418e-21, nan 
-35.625, -59.875, 3.2123259242458965e-21, nan 
-35.375, -59.875, 2.7417099565101725e-21, nan 
-35.125, -59.875, 1.812111126729539e-21, nan 
-34.875, -59.875, 1.880140874293341e-21, nan 
-34.625, -59.875, 3.154336169821581e-21, nan 
-34.375, -59.875, 3.258044173715677e-21, nan 
-34.125, -59.875, 1.9842925118666845e-21, nan 
-33.875, -59.875, 1.527688953409715e-21, nan 
-33.625, -59.875, 2.298922822924248e-21, nan 
-33.375, -59.875, 1.0702772550785576e-21, nan 
-33.125, -59.875, 3.0671879767367095e-22, nan 
-32.875, -59.875, 1.3127103655343157e-21, nan 
-32.625, -59.875, 1.3211896396967495e-21, nan 
-32.375, -59.875, 9.253281725870275e-22, nan 
-32.125, -59.875, 9.839057190798385e-22, nan 
-31.875, -59.875, 1.6477427372222298e-21, nan 
-31.625, -59.875, 1.4290052532969486e-21, nan 
-31.375, -59.875, 8.799391013843689e-22, nan 
-31.125, -59.875, 2.09930018974211e-21, nan 
-30.875, -59.875, 2.1405948645795916e-21, nan 
-30.625, -59.875, 1.1631976456281982e-21, nan 
-30.375, -59.875, 7.96196622921129e-22, nan 
-30.125, -59.875, 2.318986579626343e-22, nan 
-29.875, -59.875, 2.766892617212688e-22, nan 
-29.625, -59.875, 2.6419354436229254e-22, nan 
-29.375, -59.875, 3.1543842904095574e-22, nan 
-29.125, -59.875, 4.466800462165852e-22, nan 
-28.875, -59.875, 4.542902498191039e-22, nan 
-28.625, -59.875, 3.151630298656513e-22, nan 
-28.375, -59.875, 2.052708109475211e-22, nan 
-28.125, -59.875, 1.913329429997878e-22, nan 
-27.875, -59.875, 1.504557259551941e-22, nan 
-27.625, -59.875, 1.641953245106801e-22, nan 
-27.375, -59.875, 5.208106765233807e-22, nan 
-27.125, -59.875, 4.63375116339882e-22, nan 
-26.875, -59.875, 3.647900319417748e-22, nan 
-26.625, -59.875, 8.722045336443748e-22, nan 
-26.375, -59.875, 8.308420873426325e-22, nan 
-26.125, -59.875, 1.7120120235216217e-22, nan 
-25.875, -59.875, 2.0420370031865996e-22, nan 
-25.625, -59.875, 1.796572337145583e-22, nan 
-25.375, -59.875, 1.4404624442215024e-22, nan 
-25.125, -59.875, 2.3114502130814796e-22, nan 
-24.875, -59.875, 1.8671410727984482e-22, nan 
-24.625, -59.875, 6.250098432871411e-23, nan 
-24.375, -59.875, 7.205903384229466e-23, nan 
-24.125, -59.875, 3.418784264696005e-22, nan 
-23.875, -59.875, 4.97864407808794e-22, nan 
-23.625, -59.875, 7.447734691239633e-22, nan 
-23.375, -59.875, 6.052015589358579e-22, nan 
-23.125, -59.875, 5.711750723467102e-23, nan 
-22.875, -59.875, 7.666532147734907e-23, nan 
-22.625, -59.875, 9.303541464504939e-23, nan 
-22.375, -59.875, 2.121901462669783e-22, nan 
-22.125, -59.875, 2.134029929130405e-22, nan 
-21.875, -59.875, 1.788154570822223e-22, nan 
-21.625, -59.875, 4.816255785320174e-22, nan 
-21.375, -59.875, 5.830206512176289e-22, nan 
-21.125, -59.875, 5.9149648037093725e-22, nan 
-20.875, -59.875, 6.875821433118607e-22, nan 
-20.625, -59.875, 3.172144086563047e-22, nan 
-20.375, -59.875, 1.7418575041916043e-22, nan 
-20.125, -59.875, 1.5614423173188562e-22, nan 
-19.875, -59.875, 1.7836420677661426e-22, nan 
-19.625, -59.875, 1.628088528295106e-22, nan 
-19.375, -59.875, 1.4192441642090838e-22, nan 
-19.125, -59.875, 5.2856680793357707e-23, nan 
-18.875, -59.875, 7.014981041582277e-23, nan 
-18.625, -59.875, 7.093035553647685e-23, nan 
-18.375, -59.875, 4.2704446544083847e-23, nan 
-18.125, -59.875, 2.8887612636825984e-23, nan 
-17.875, -59.875, 2.83663472099269e-23, nan 
-17.625, -59.875, 7.004045064557356e-23, nan 
-17.375, -59.875, 8.735308661278543e-23, nan 
-17.125, -59.875, 5.341181660013141e-23, nan 
-16.875, -59.875, 2.765183227481456e-23, nan 
-16.625, -59.875, 4.7485375140748127e-23, nan 
-16.375, -59.875, 7.623113003569472e-23, nan 
-16.125, -59.875, 9.964264459789844e-23, nan 
-15.875, -59.875, 1.3969668326367078e-22, nan 
-15.625, -59.875, 1.2465421893334422e-22, nan 
-15.375, -59.875, 1.4982138660442845e-22, nan 
-15.125, -59.875, 1.789199547309163e-22, nan 
-14.875, -59.875, 1.3943887644528854e-22, nan 
-14.625, -59.875, 8.957325786776221e-23, nan 
-14.375, -59.875, 1.5822691816442506e-22, nan 
-14.125, -59.875, 1.962641700559025e-22, nan 
-13.875, -59.875, 6.760658928237443e-23, nan 
-13.625, -59.875, 2.656747522939635e-23, nan 
-13.375, -59.875, 2.733066354790329e-23, nan 
-13.125, -59.875, 2.6045971064026043e-23, nan 
-12.875, -59.875, 2.695513918639934e-23, nan 
-12.625, -59.875, 2.6100786164442835e-23, nan 
-12.375, -59.875, 1.6977270515201583e-23, nan 
-12.125, -59.875, 6.920354381597348e-23, nan 
-11.875, -59.875, 7.438759801644086e-23, nan 
-11.625, -59.875, 1.032354393291516e-22, nan 
-11.375, -59.875, 8.201040983322963e-23, nan 
-11.125, -59.875, 1.9743636558290467e-22, nan 
-10.875, -59.875, 1.814363655441413e-22, nan 
-10.625, -59.875, 8.619167451339865e-23, nan 
-10.375, -59.875, 6.581327598344822e-23, nan 
-10.125, -59.875, 2.9804771457515743e-23, nan 
-9.875, -59.875, 5.548593204762956e-23, nan 
-9.625, -59.875, 4.357943322481138e-23, nan 
-9.375, -59.875, 1.2324414751990757e-22, nan 
-9.125, -59.875, 1.3870668984318472e-22, nan 
-8.875, -59.875, 4.04871709928529e-22, nan 
-8.625, -59.875, 4.704178247261374e-22, nan 
-8.375, -59.875, 2.8555573260659613e-22, nan 
-8.125, -59.875, 2.702387105916875e-22, nan 
-7.875, -59.875, 3.406517941337565e-22, nan 
-7.625, -59.875, 3.982669199636946e-22, nan 
-7.375, -59.875, 4.682736034577935e-22, nan 
-7.125, -59.875, 3.395769963497211e-22, nan 
-6.875, -59.875, 5.563821100120435e-23, nan 
-6.625, -59.875, 3.216103583699607e-23, nan 
-6.375, -59.875, 1.1537636418002822e-22, nan 
-6.125, -59.875, 2.0029821483044948e-22, nan 
-5.875, -59.875, 1.412000690063915e-22, nan 
-5.625, -59.875, 6.496423175034209e-23, nan 
-5.375, -59.875, 1.1918039551544918e-22, nan 
-5.125, -59.875, 1.2257006525072703e-22, nan 
-4.875, -59.875, 7.412346265602336e-23, nan 
-4.625, -59.875, 3.399506976339092e-23, nan 
-4.375, -59.875, 6.046722028681561e-23, nan 
-4.125, -59.875, 5.83640384480684e-23, nan 
-3.875, -59.875, 6.237406380615555e-23, nan 
-3.625, -59.875, 8.069066491632646e-23, nan 
-3.375, -59.875, 1.0819492930175568e-22, nan 
-3.125, -59.875, 1.6628217944867204e-22, nan 
-2.875, -59.875, 1.7937591058055742e-22, nan 
-2.625, -59.875, 1.1470513955523413e-22, nan 
-2.375, -59.875, 1.1981834781510283e-22, nan 
-2.125, -59.875, 1.0244566573912895e-22, nan 
-1.875, -59.875, 5.778449870500676e-23, nan 
-1.625, -59.875, 6.650250786480628e-23, nan 
-1.375, -59.875, 3.528361613090068e-23, nan 
-1.125, -59.875, 5.529475699097391e-23, nan 
-0.875, -59.875, 7.272579178018537e-23, nan 
-0.625, -59.875, 7.465286600567771e-23, nan 
-0.375, -59.875, 9.126452791931849e-23, nan 
-0.125, -59.875, 1.2858229647966626e-22, nan 
0.125, -59.875, 1.42119783492736e-22, nan 
0.375, -59.875, 1.797219220823947e-22, nan 
0.625, -59.875, 1.7419246603313088e-22, nan 
0.875, -59.875, 5.988735923320316e-23, nan 
1.125, -59.875, 3.582371071000366e-22, nan 
1.375, -59.875, 5.830521088408344e-22, nan 
1.625, -59.875, 5.421942280485602e-22, nan 
1.875, -59.875, 5.832127253231198e-22, nan 
2.125, -59.875, 5.013379781239869e-22, nan 
2.375, -59.875, 1.4236860469610165e-22, nan 
2.625, -59.875, 2.2574141551181112e-23, nan 
2.875, -59.875, 1.6414717981183994e-23, nan 
3.125, -59.875, 7.248508420348485e-23, nan 
-36.375, -59.625, 7.447997044028971e-22, nan 
-36.125, -59.625, 3.0733704146134755e-21, nan 
-35.875, -59.625, 2.9909106321078137e-21, nan 
-35.625, -59.625, 2.1453262483098773e-21, nan 
-35.375, -59.625, 2.1632147458104736e-21, nan 
-35.125, -59.625, 1.308870084547912e-21, nan 
-34.875, -59.625, 2.7775082088026586e-21, nan 
-34.625, -59.625, 3.2720004358282526e-21, nan 
-34.375, -59.625, 1.940484268981007e-21, nan 
-34.125, -59.625, 1.607627186231485e-21, nan 
-33.875, -59.625, 1.5427183445253103e-21, nan 
-33.625, -59.625, 2.6471978986342782e-21, nan 
-33.375, -59.625, 2.3556281032828775e-21, nan 
-33.125, -59.625, 1.6645609596935554e-21, nan 
-32.875, -59.625, 1.8986289733383828e-21, nan 
-32.625, -59.625, 6.482869481648815e-22, nan 
-32.375, -59.625, 4.66964320092999e-22, nan 
-32.125, -59.625, 3.772803709375884e-22, nan 
-31.875, -59.625, 2.650125738579752e-21, nan 
-31.625, -59.625, 2.751705834369853e-21, nan 
-31.375, -59.625, 1.7355898629537027e-21, nan 
-31.125, -59.625, 1.827386879319453e-21, nan 
-30.875, -59.625, 1.5553008155661412e-21, nan 
-30.625, -59.625, 8.300789568014321e-22, nan 
-30.375, -59.625, 5.513184624804906e-22, nan 
-30.125, -59.625, 3.6111961749334774e-22, nan 
-29.875, -59.625, 4.037627615522003e-22, nan 
-29.625, -59.625, 3.9931430197441334e-22, nan 
-29.375, -59.625, 3.2592971652427254e-22, nan 
-29.125, -59.625, 3.0471637062311343e-22, nan 
-28.875, -59.625, 2.7762714643248903e-22, nan 
-28.625, -59.625, 2.3381126575956873e-22, nan 
-28.375, -59.625, 1.638574384870323e-22, nan 
-28.125, -59.625, 9.914098574402287e-23, nan 
-27.875, -59.625, 1.0702007232675413e-22, nan 
-27.625, -59.625, 1.0915873414877437e-22, nan 
-27.375, -59.625, 7.979479739406336e-23, nan 
-27.125, -59.625, 2.0294863891647792e-22, nan 
-26.875, -59.625, 2.674365032394044e-22, nan 
-26.625, -59.625, 3.569541274914524e-22, nan 
-26.375, -59.625, 8.528466831860075e-23, nan 
-26.125, -59.625, 1.0509481854874611e-22, nan 
-25.875, -59.625, 1.9405351296700712e-22, nan 
-25.625, -59.625, 1.7843650920141653e-22, nan 
-25.375, -59.625, 2.591523574640103e-22, nan 
-25.125, -59.625, 3.4501642151997545e-22, nan 
-24.875, -59.625, 1.8007725693913566e-22, nan 
-24.625, -59.625, 1.2073913970489965e-22, nan 
-24.375, -59.625, 5.225522456878139e-23, nan 
-24.125, -59.625, 4.834416074919551e-23, nan 
-23.875, -59.625, 5.900227965502246e-22, nan 
-23.625, -59.625, 8.07362285220647e-22, nan 
-23.375, -59.625, 5.262950804766384e-22, nan 
-23.125, -59.625, 6.513694146017029e-23, nan 
-22.875, -59.625, 7.195064486898436e-23, nan 
-22.625, -59.625, 7.112362082004496e-23, nan 
-22.375, -59.625, 9.222784662417844e-23, nan 
-22.125, -59.625, 1.4800820999759992e-22, nan 
-21.875, -59.625, 1.6088988140303463e-22, nan 
-21.625, -59.625, 1.0939600393396152e-22, nan 
-21.375, -59.625, 1.4439592200672756e-22, nan 
-21.125, -59.625, 3.1895521459318007e-22, nan 
-20.875, -59.625, 4.1503363024504184e-22, nan 
-20.625, -59.625, 3.1464403230471437e-22, nan 
-20.375, -59.625, 1.9064271795181023e-22, nan 
-20.125, -59.625, 3.232300341595467e-22, nan 
-19.875, -59.625, 4.118893853079009e-22, nan 
-19.625, -59.625, 2.562888477275084e-22, nan 
-19.375, -59.625, 1.4408054303509917e-22, nan 
-19.125, -59.625, 1.3386443382958866e-22, nan 
-18.875, -59.625, 7.733063729673022e-23, nan 
-18.625, -59.625, 3.956479709319761e-23, nan 
-18.375, -59.625, 1.2957990187955408e-23, nan 
-18.125, -59.625, 2.0468816879762891e-23, nan 
-17.875, -59.625, 3.6359432631867106e-23, nan 
-17.625, -59.625, 4.511434330079515e-23, nan 
-17.375, -59.625, 5.860053214745741e-23, nan 
-17.125, -59.625, 6.121290231699848e-23, nan 
-16.875, -59.625, 2.1782592382058008e-23, nan 
-16.625, -59.625, 1.8981355916290735e-23, nan 
-16.375, -59.625, 8.38502831223972e-23, nan 
-16.125, -59.625, 1.2713374906799133e-22, nan 
-15.875, -59.625, 1.4022239445423575e-22, nan 
-15.625, -59.625, 1.0639650319333127e-22, nan 
-15.375, -59.625, 1.0252249220070094e-22, nan 
-15.125, -59.625, 9.533205893630248e-23, nan 
-14.875, -59.625, 9.989784221099471e-23, nan 
-14.625, -59.625, 1.6816716793147908e-22, nan 
-14.375, -59.625, 1.633873768636551e-22, nan 
-14.125, -59.625, 1.280387207954936e-22, nan 
-13.875, -59.625, 7.694607429391785e-23, nan 
-13.625, -59.625, 3.857012658021228e-23, nan 
-13.375, -59.625, 3.450860442578699e-23, nan 
-13.125, -59.625, 3.479607759784009e-23, nan 
-12.875, -59.625, 2.961946550671675e-23, nan 
-12.625, -59.625, 5.605950309477434e-23, nan 
-12.375, -59.625, 6.398380590437429e-23, nan 
-12.125, -59.625, 3.217870104745003e-23, nan 
-11.875, -59.625, 4.83649393192331e-23, nan 
-11.625, -59.625, 8.834876251237668e-23, nan 
-11.375, -59.625, 9.06694988154504e-23, nan 
-11.125, -59.625, 6.309417732930041e-23, nan 
-10.875, -59.625, 6.624950912850193e-23, nan 
-10.625, -59.625, 7.5086984772277e-23, nan 
-10.375, -59.625, 1.3697927525511797e-22, nan 
-10.125, -59.625, 1.2178673562759746e-22, nan 
-9.875, -59.625, 4.000577207376337e-23, nan 
-9.625, -59.625, 1.501916999342301e-23, nan 
-9.375, -59.625, 4.677476429622701e-23, nan 
-9.125, -59.625, 7.838765748004886e-23, nan 
-8.875, -59.625, 3.839824203127621e-22, nan 
-8.625, -59.625, 4.491161382107572e-22, nan 
-8.375, -59.625, 3.379559414523358e-22, nan 
-8.125, -59.625, 3.830010273519647e-22, nan 
-7.875, -59.625, 3.3770171129388106e-22, nan 
-7.625, -59.625, 5.227498418326523e-22, nan 
-7.375, -59.625, 4.718029124681035e-22, nan 
-7.125, -59.625, 1.7687162688867404e-22, nan 
-6.875, -59.625, 6.53637998652892e-23, nan 
-6.625, -59.625, 4.547788307600018e-23, nan 
-6.375, -59.625, 3.3416903791861556e-23, nan 
-6.125, -59.625, 6.189724320819467e-23, nan 
-5.875, -59.625, 4.754277121339846e-23, nan 
-5.625, -59.625, 7.722149224499348e-23, nan 
-5.375, -59.625, 8.648706797835097e-23, nan 
-5.125, -59.625, 4.000780097213461e-23, nan 
-4.875, -59.625, 1.1922573583907693e-23, nan 
-4.625, -59.625, 7.30901938294414e-23, nan 
-4.375, -59.625, 8.749945981727486e-23, nan 
-4.125, -59.625, 5.577321206150086e-23, nan 
-3.875, -59.625, 4.697868168793799e-23, nan 
-3.625, -59.625, 6.356661439529664e-23, nan 
-3.375, -59.625, 7.568899971225912e-23, nan 
-3.125, -59.625, 1.5057291465444712e-22, nan 
-2.875, -59.625, 2.2606738981097426e-22, nan 
-2.625, -59.625, 2.2393327425370066e-22, nan 
-2.375, -59.625, 1.8080213482239958e-22, nan 
-2.125, -59.625, 1.4049529761364014e-22, nan 
-1.875, -59.625, 1.649040242523716e-22, nan 
-1.625, -59.625, 1.3015668528529636e-22, nan 
-1.375, -59.625, 1.434252734155715e-22, nan 
-1.125, -59.625, 1.0811825086477916e-22, nan 
-0.875, -59.625, 8.685423022617119e-23, nan 
-0.625, -59.625, 9.922373791209602e-23, nan 
-0.375, -59.625, 9.19208864493246e-23, nan 
-0.125, -59.625, 6.139929451946273e-23, nan 
0.125, -59.625, 9.822595500884366e-23, nan 
0.375, -59.625, 1.5935142743957e-22, nan 
0.625, -59.625, 1.3812747906728102e-22, nan 
0.875, -59.625, 4.0172058517404825e-23, nan 
1.125, -59.625, 1.4423933291621556e-23, nan 
1.375, -59.625, 1.7714840649992385e-22, nan 
1.625, -59.625, 3.231035610277905e-22, nan 
1.875, -59.625, 2.5303250490167003e-22, nan 
2.125, -59.625, 1.07091005251405e-22, nan 
2.375, -59.625, 1.0524613036127133e-22, nan 
2.625, -59.625, 2.0629691259840176e-23, nan 
2.875, -59.625, 2.827794616452904e-23, nan 
-35.625, -59.375, 3.4547129321684735e-21, nan 
-35.375, -59.375, 2.889266738840368e-21, nan 
-35.125, -59.375, 1.4178941954168377e-21, nan 
-34.875, -59.375, 1.4650053412152962e-21, nan 
-34.625, -59.375, 8.506401297234028e-22, nan 
-34.375, -59.375, 2.0103915070574987e-21, nan 
-34.125, -59.375, 2.360538996763234e-21, nan 
-33.875, -59.375, 2.3920043003485582e-21, nan 
-33.625, -59.375, 2.141181186185816e-21, nan 
-33.375, -59.375, 2.465127455550518e-21, nan 
-33.125, -59.375, 2.562563839931329e-21, nan 
-32.875, -59.375, 2.6477743294328938e-21, nan 
-32.625, -59.375, 2.329891204443319e-21, nan 
-32.375, -59.375, 1.9869254591849438e-21, nan 
-32.125, -59.375, 2.524235215074383e-21, nan 
-31.875, -59.375, 3.2637976449848767e-21, nan 
-31.625, -59.375, 2.444217085746275e-21, nan 
-31.375, -59.375, 1.320121733361344e-21, nan 
-31.125, -59.375, 5.578872990521323e-22, nan 
-30.875, -59.375, 8.922517326011396e-22, nan 
-30.625, -59.375, 9.135127083587176e-22, nan 
-30.375, -59.375, 6.599508123133574e-22, nan 
-30.125, -59.375, 6.128622083674067e-22, nan 
-29.875, -59.375, 4.481499992942101e-22, nan 
-29.625, -59.375, 4.53199965863702e-22, nan 
-29.375, -59.375, 6.132926625281082e-22, nan 
-29.125, -59.375, 3.061812247084009e-22, nan 
-28.875, -59.375, 2.51888381274956e-22, nan 
-28.625, -59.375, 2.3196900027872888e-22, nan 
-28.375, -59.375, 1.5398730739150097e-22, nan 
-28.125, -59.375, 7.50615971196459e-23, nan 
-27.875, -59.375, 9.9330066313827e-23, nan 
-27.625, -59.375, 1.7595320387873304e-22, nan 
-27.375, -59.375, 2.1856425385371285e-22, nan 
-27.125, -59.375, 7.148437686068606e-22, nan 
-26.875, -59.375, 7.0559714836228385e-22, nan 
-26.625, -59.375, 6.918098663877866e-23, nan 
-26.375, -59.375, 2.8710009120259345e-23, nan 
-26.125, -59.375, 3.181391671989332e-23, nan 
-25.875, -59.375, 2.1641207334270934e-22, nan 
-25.625, -59.375, 2.502152870707982e-22, nan 
-25.375, -59.375, 1.4527929763043713e-22, nan 
-25.125, -59.375, 2.7973041978234284e-22, nan 
-24.875, -59.375, 2.6682254675228684e-22, nan 
-24.625, -59.375, 1.329009112306972e-22, nan 
-24.375, -59.375, 4.6673596777112163e-23, nan 
-24.125, -59.375, 6.647525145556916e-23, nan 
-23.875, -59.375, 7.982244546282434e-23, nan 
-23.625, -59.375, 2.566529215984305e-22, nan 
-23.375, -59.375, 6.776088203311537e-23, nan 
-23.125, -59.375, 8.396578262841796e-23, nan 
-22.875, -59.375, 1.4582278852815693e-22, nan 
-22.625, -59.375, 1.448191717790453e-22, nan 
-22.375, -59.375, 3.344576320725993e-23, nan 
-22.125, -59.375, 7.990924736027042e-23, nan 
-21.875, -59.375, 8.30063286708209e-23, nan 
-21.625, -59.375, 9.044242928279581e-23, nan 
-21.375, -59.375, 1.6033064832715716e-22, nan 
-21.125, -59.375, 1.609030288357115e-22, nan 
-20.875, -59.375, 2.03841167969043e-22, nan 
-20.625, -59.375, 3.128924651643909e-22, nan 
-20.375, -59.375, 2.624526983816759e-22, nan 
-20.125, -59.375, 2.2086996857231745e-22, nan 
-19.875, -59.375, 2.642943233980151e-22, nan 
-19.625, -59.375, 1.5423571730079863e-22, nan 
-19.375, -59.375, 1.6229825641617328e-22, nan 
-19.125, -59.375, 1.479249652165991e-22, nan 
-18.875, -59.375, 1.1631189405063666e-22, nan 
-18.625, -59.375, 5.432183703337034e-23, nan 
-18.375, -59.375, 1.8021210795197074e-23, nan 
-18.125, -59.375, 2.273297535863098e-23, nan 
-17.875, -59.375, 3.158937113672024e-23, nan 
-17.625, -59.375, 5.873225971920182e-23, nan 
-17.375, -59.375, 9.848012285768908e-23, nan 
-17.125, -59.375, 6.785397504486571e-23, nan 
-16.875, -59.375, 1.2380251405701896e-22, nan 
-16.625, -59.375, 1.9091797328525343e-22, nan 
-16.375, -59.375, 1.640901325628071e-22, nan 
-16.125, -59.375, 1.203458986659249e-22, nan 
-15.875, -59.375, 1.4121385933293655e-22, nan 
-15.625, -59.375, 1.78223122394939e-22, nan 
-15.375, -59.375, 1.481318982454079e-22, nan 
-15.125, -59.375, 1.3920674125494281e-22, nan 
-14.875, -59.375, 1.2385025874443945e-22, nan 
-14.625, -59.375, 1.06834358983313e-22, nan 
-14.375, -59.375, 7.97084976476799e-23, nan 
-14.125, -59.375, 7.627143949504601e-23, nan 
-13.875, -59.375, 7.053836894009065e-23, nan 
-13.625, -59.375, 6.749720095246916e-23, nan 
-13.375, -59.375, 6.711687374630713e-23, nan 
-13.125, -59.375, 7.796712506122518e-23, nan 
-12.875, -59.375, 1.252918651247311e-22, nan 
-12.625, -59.375, 1.0531404313705911e-22, nan 
-12.375, -59.375, 9.424005128305169e-23, nan 
-12.125, -59.375, 5.648455550690318e-23, nan 
-11.875, -59.375, 6.104939159934353e-23, nan 
-11.625, -59.375, 6.602713381884646e-23, nan 
-11.375, -59.375, 3.45370877846349e-23, nan 
-11.125, -59.375, 2.1058243404849708e-23, nan 
-10.875, -59.375, 4.200261775019175e-23, nan 
-10.625, -59.375, 6.966623085799636e-23, nan 
-10.375, -59.375, 9.510528359823797e-23, nan 
-10.125, -59.375, 8.134671409379047e-23, nan 
-9.875, -59.375, 3.985345777803431e-23, nan 
-9.625, -59.375, 1.88643720366285e-23, nan 
-9.375, -59.375, 1.5396156512538056e-23, nan 
-9.125, -59.375, 5.620837233601286e-23, nan 
-8.875, -59.375, 8.692298255451312e-23, nan 
-8.625, -59.375, 2.193363816837301e-22, nan 
-8.375, -59.375, 2.990094504057562e-22, nan 
-8.125, -59.375, 3.8186759997854304e-22, nan 
-7.875, -59.375, 3.1397697468454734e-22, nan 
-7.625, -59.375, 2.5683991916761477e-22, nan 
-7.375, -59.375, 7.171202200445926e-23, nan 
-7.125, -59.375, 6.357738642879692e-23, nan 
-6.875, -59.375, 3.235171547423227e-23, nan 
-6.625, -59.375, 5.548662836002486e-23, nan 
-6.375, -59.375, 5.893052293550328e-23, nan 
-6.125, -59.375, 4.1023836197555454e-23, nan 
-5.875, -59.375, 4.4302894775214335e-23, nan 
-5.625, -59.375, 3.5694204734737815e-23, nan 
-5.375, -59.375, 8.565099109883951e-24, nan 
-5.125, -59.375, 4.2913391248258916e-23, nan 
-4.875, -59.375, 7.223683303592407e-23, nan 
-4.625, -59.375, 6.811627253115217e-23, nan 
-4.375, -59.375, 3.7479626072870043e-23, nan 
-4.125, -59.375, 1.245045364414638e-23, nan 
-3.875, -59.375, 1.3501856233394466e-23, nan 
-3.625, -59.375, 2.725493591835873e-23, nan 
-3.375, -59.375, 3.4239482028974543e-23, nan 
-3.125, -59.375, 2.5807581505699245e-23, nan 
-2.875, -59.375, 7.831440738353734e-23, nan 
-2.625, -59.375, 1.5029198686133377e-22, nan 
-2.375, -59.375, 2.430840533584905e-22, nan 
-2.125, -59.375, 2.554210100333949e-22, nan 
-1.875, -59.375, 1.942824872252474e-22, nan 
-1.625, -59.375, 9.375318678626981e-23, nan 
-1.375, -59.375, 1.2638408324378566e-22, nan 
-1.125, -59.375, 1.2512730708037092e-22, nan 
-0.875, -59.375, 1.289845776343065e-22, nan 
-0.625, -59.375, 1.055346548026408e-22, nan 
-0.375, -59.375, 1.2592227478221556e-22, nan 
-0.125, -59.375, 1.115305268053992e-22, nan 
0.125, -59.375, 6.603924552270885e-23, nan 
0.375, -59.375, 8.852741104799062e-23, nan 
0.625, -59.375, 8.836295354214944e-23, nan 
0.875, -59.375, 6.461144025903625e-23, nan 
1.125, -59.375, 3.9850283664993945e-23, nan 
1.375, -59.375, 1.1033205187038946e-22, nan 
1.625, -59.375, 1.4686900202076425e-22, nan 
1.875, -59.375, 8.820958474538472e-23, nan 
2.125, -59.375, 1.3807139222998928e-22, nan 
2.375, -59.375, 1.3323689522114542e-22, nan 
2.625, -59.375, 6.242394429979369e-23, nan 
-35.125, -59.125, 8.357511007871941e-22, nan 
-34.875, -59.125, 1.4541483800811289e-21, nan 
-34.625, -59.125, 2.984418248964568e-21, nan 
-34.375, -59.125, 3.394122211194261e-21, nan 
-34.125, -59.125, 3.2767515591198158e-21, nan 
-33.875, -59.125, 2.720537058792429e-21, nan 
-33.625, -59.125, 1.5848954558879704e-21, nan 
-33.375, -59.125, 1.5166161496598463e-21, nan 
-33.125, -59.125, 2.09005658086441e-21, nan 
-32.875, -59.125, 2.4721426707220427e-21, nan 
-32.625, -59.125, 2.3671545217865144e-21, nan 
-32.375, -59.125, 2.049148284858269e-21, nan 
-32.125, -59.125, 1.6025687082803794e-21, nan 
-31.875, -59.125, 1.035377863019408e-21, nan 
-31.625, -59.125, 9.44173578115123e-22, nan 
-31.375, -59.125, 6.670063302351692e-22, nan 
-31.125, -59.125, 5.018044377314278e-22, nan 
-30.875, -59.125, 6.083320844434355e-22, nan 
-30.625, -59.125, 8.629225402012133e-22, nan 
-30.375, -59.125, 7.425554971534506e-22, nan 
-30.125, -59.125, 6.897154571878127e-22, nan 
-29.875, -59.125, 7.5749002548836425e-22, nan 
-29.625, -59.125, 1.2107035773349936e-21, nan 
-29.375, -59.125, 1.1934526923592362e-21, nan 
-29.125, -59.125, 1.0102898846204243e-21, nan 
-28.875, -59.125, 4.024101328457645e-22, nan 
-28.625, -59.125, 2.4880706730928063e-22, nan 
-28.375, -59.125, 1.8932472518277986e-22, nan 
-28.125, -59.125, 1.2049116865856888e-22, nan 
-27.875, -59.125, 1.9768557109454294e-22, nan 
-27.625, -59.125, 5.355939195364473e-22, nan 
-27.375, -59.125, 1.1244369974958012e-21, nan 
-27.125, -59.125, 1.405105555559723e-21, nan 
-26.875, -59.125, 1.924535317712428e-21, nan 
-26.625, -59.125, 1.5284561283118155e-21, nan 
-26.375, -59.125, 7.619872912481885e-23, nan 
-26.125, -59.125, 9.878652153229662e-23, nan 
-25.875, -59.125, 3.366534055009628e-22, nan 
-25.625, -59.125, 4.0752421102036146e-22, nan 
-25.375, -59.125, 3.241471929416556e-22, nan 
-25.125, -59.125, 1.3900440173101859e-22, nan 
-24.875, -59.125, 2.064589377513613e-22, nan 
-24.625, -59.125, 3.8785703683333684e-22, nan 
-24.375, -59.125, 3.532993600300499e-22, nan 
-24.125, -59.125, 1.3538431426246458e-22, nan 
-23.875, -59.125, 1.1731835937026311e-22, nan 
-23.625, -59.125, 1.3534772637113417e-22, nan 
-23.375, -59.125, 1.2769725018257453e-22, nan 
-23.125, -59.125, 1.6693923991446313e-22, nan 
-22.875, -59.125, 1.7432210712669636e-22, nan 
-22.625, -59.125, 2.6350079862941753e-22, nan 
-22.375, -59.125, 2.2523719469519195e-22, nan 
-22.125, -59.125, 6.535103488453024e-23, nan 
-21.875, -59.125, 1.2883697244554717e-22, nan 
-21.625, -59.125, 1.2530988190287965e-22, nan 
-21.375, -59.125, 8.457861026469797e-23, nan 
-21.125, -59.125, 7.44110951143784e-23, nan 
-20.875, -59.125, 1.0658093042727463e-22, nan 
-20.625, -59.125, 1.2729759425389743e-22, nan 
-20.375, -59.125, 1.6920350770548174e-22, nan 
-20.125, -59.125, 1.712728797386667e-22, nan 
-19.875, -59.125, 1.9196179374120823e-22, nan 
-19.625, -59.125, 1.4984914232888624e-22, nan 
-19.375, -59.125, 1.555999868211904e-22, nan 
-19.125, -59.125, 1.1679261784003423e-22, nan 
-18.875, -59.125, 5.672444319923141e-23, nan 
-18.625, -59.125, 1.0928954163333342e-22, nan 
-18.375, -59.125, 1.0150259502952358e-22, nan 
-18.125, -59.125, 5.714891164976656e-23, nan 
-17.875, -59.125, 1.732149182506359e-22, nan 
-17.625, -59.125, 1.631457448427974e-22, nan 
-17.375, -59.125, 1.9456387869793413e-22, nan 
-17.125, -59.125, 2.1177195390183304e-22, nan 
-16.875, -59.125, 1.5262646263261763e-22, nan 
-16.625, -59.125, 1.4607404455819563e-22, nan 
-16.375, -59.125, 8.875798468354346e-23, nan 
-16.125, -59.125, 1.1507292534902014e-22, nan 
-15.875, -59.125, 1.3053483799953783e-22, nan 
-15.625, -59.125, 1.4588036366078454e-22, nan 
-15.375, -59.125, 1.140971932180754e-22, nan 
-15.125, -59.125, 8.965916513185432e-23, nan 
-14.875, -59.125, 5.41408218583265e-23, nan 
-14.625, -59.125, 4.3772271186748695e-23, nan 
-14.375, -59.125, 5.297094498150177e-23, nan 
-14.125, -59.125, 4.582386187093051e-23, nan 
-13.875, -59.125, 7.713717715818572e-23, nan 
-13.625, -59.125, 1.1278679484084257e-22, nan 
-13.375, -59.125, 1.09297623869391e-22, nan 
-13.125, -59.125, 1.0333564306885033e-22, nan 
-12.875, -59.125, 1.3330379912528104e-22, nan 
-12.625, -59.125, 9.113323122922413e-23, nan 
-12.375, -59.125, 1.3904736839313391e-22, nan 
-12.125, -59.125, 1.5224527793720885e-22, nan 
-11.875, -59.125, 1.8153632627801145e-22, nan 
-11.625, -59.125, 1.3523228280468904e-22, nan 
-11.375, -59.125, 4.491300538393859e-23, nan 
-11.125, -59.125, 1.907674687422278e-23, nan 
-10.875, -59.125, 1.539214478998496e-23, nan 
-10.625, -59.125, 5.2473535166130463e-23, nan 
-10.375, -59.125, 1.5131778726937218e-22, nan 
-10.125, -59.125, 1.4276061344424926e-22, nan 
-9.875, -59.125, 2.4863763718259437e-23, nan 
-9.625, -59.125, 3.947790287561909e-23, nan 
-9.375, -59.125, 4.619481613867833e-23, nan 
-9.125, -59.125, 7.160824531057101e-23, nan 
-8.875, -59.125, 8.02715995486934e-23, nan 
-8.625, -59.125, 6.019232339066135e-23, nan 
-8.375, -59.125, 9.271091332037449e-23, nan 
-8.125, -59.125, 9.466578388795546e-23, nan 
-7.875, -59.125, 7.210662613802892e-23, nan 
-7.625, -59.125, 7.170732144884216e-23, nan 
-7.375, -59.125, 3.6750250340819873e-23, nan 
-7.125, -59.125, 2.3261695473777548e-23, nan 
-6.875, -59.125, 1.6062763504416636e-23, nan 
-6.625, -59.125, 4.2500901472006366e-23, nan 
-6.375, -59.125, 4.097989475911444e-23, nan 
-6.125, -59.125, 5.403519933361707e-23, nan 
-5.875, -59.125, 6.118752037223638e-23, nan 
-5.625, -59.125, 6.118404248624145e-23, nan 
-5.375, -59.125, 5.757047591047554e-23, nan 
-5.125, -59.125, 1.3286414572817247e-22, nan 
-4.875, -59.125, 1.4432284881186983e-22, nan 
-4.625, -59.125, 2.4392704790174986e-23, nan 
-4.375, -59.125, 1.8090623129387875e-23, nan 
-4.125, -59.125, 2.297770181449379e-23, nan 
-3.875, -59.125, 1.598691569884726e-23, nan 
-3.625, -59.125, 1.3642045687416795e-23, nan 
-3.375, -59.125, 1.1477483498075066e-23, nan 
-3.125, -59.125, 1.484372824146021e-23, nan 
-2.875, -59.125, 4.735791022440049e-23, nan 
-2.625, -59.125, 5.789739394076312e-23, nan 
-2.375, -59.125, 1.1176262616925776e-22, nan 
-2.125, -59.125, 2.359829385497487e-22, nan 
-1.875, -59.125, 2.1103187487872078e-22, nan 
-1.625, -59.125, 9.443292903432839e-23, nan 
-1.375, -59.125, 6.226359839203796e-23, nan 
-1.125, -59.125, 7.27060274066656e-23, nan 
-0.875, -59.125, 1.0650171815976876e-22, nan 
-0.625, -59.125, 8.467934538563797e-23, nan 
-0.375, -59.125, 1.3476865512365121e-22, nan 
-0.125, -59.125, 1.9464841863310385e-22, nan 
0.125, -59.125, 1.6410443460403952e-22, nan 
0.375, -59.125, 9.110483789599108e-23, nan 
0.625, -59.125, 9.196438583194182e-23, nan 
0.875, -59.125, 5.519879731165724e-23, nan 
1.125, -59.125, 1.6166741778225842e-22, nan 
1.375, -59.125, 2.165986061374454e-22, nan 
1.625, -59.125, 2.0237998789375726e-22, nan 
1.875, -59.125, 1.602731064422865e-22, nan 
2.125, -59.125, 1.4992314747884147e-22, nan 
2.375, -59.125, 9.759027938092355e-23, nan 
-34.625, -58.875, 2.6352341049430064e-21, nan 
-34.375, -58.875, 2.6519475076439955e-21, nan 
-34.125, -58.875, 2.917937647514145e-21, nan 
-33.875, -58.875, 1.8811373452704127e-21, nan 
-33.625, -58.875, 1.5502452573249822e-21, nan 
-33.375, -58.875, 1.1813614189279815e-21, nan 
-33.125, -58.875, 6.840515058360998e-22, nan 
-32.875, -58.875, 1.709366044313271e-21, nan 
-32.625, -58.875, 1.6855163925705424e-21, nan 
-32.375, -58.875, 5.532485868797689e-22, nan 
-32.125, -58.875, 2.3780916692147285e-22, nan 
-31.875, -58.875, 1.6345070712934854e-22, nan 
-31.625, -58.875, 3.5615423296017923e-22, nan 
-31.375, -58.875, 2.2447610445540572e-22, nan 
-31.125, -58.875, 3.4717852400631725e-22, nan 
-30.875, -58.875, 3.4436169875526224e-22, nan 
-30.625, -58.875, 4.639058273915326e-22, nan 
-30.375, -58.875, 5.969027558710603e-22, nan 
-30.125, -58.875, 6.298171631864423e-22, nan 
-29.875, -58.875, 8.768279191876636e-22, nan 
-29.625, -58.875, 1.1184335866126858e-21, nan 
-29.375, -58.875, 9.941570076904327e-22, nan 
-29.125, -58.875, 1.6392301121447935e-21, nan 
-28.875, -58.875, 1.4230972508814155e-21, nan 
-28.625, -58.875, 4.961110488805119e-22, nan 
-28.375, -58.875, 2.6460176328609887e-22, nan 
-28.125, -58.875, 1.184532649003222e-22, nan 
-27.875, -58.875, 6.990789422920754e-23, nan 
-27.625, -58.875, 1.3328096898289235e-22, nan 
-27.375, -58.875, 2.858421849120814e-22, nan 
-27.125, -58.875, 7.84829386341655e-22, nan 
-26.875, -58.875, 7.119640570016015e-22, nan 
-26.625, -58.875, 6.074711235412711e-23, nan 
-26.375, -58.875, 8.685736109096969e-23, nan 
-26.125, -58.875, 8.775718069919114e-23, nan 
-25.875, -58.875, 9.678670265741914e-23, nan 
-25.625, -58.875, 2.5939000434077774e-22, nan 
-25.375, -58.875, 4.743735420655608e-22, nan 
-25.125, -58.875, 5.114047918619138e-22, nan 
-24.875, -58.875, 4.8515362741152e-22, nan 
-24.625, -58.875, 7.901861266985355e-22, nan 
-24.375, -58.875, 6.48630893659115e-22, nan 
-24.125, -58.875, 1.5555040049081184e-22, nan 
-23.875, -58.875, 1.0856175597315023e-22, nan 
-23.625, -58.875, 1.1519902524861477e-22, nan 
-23.375, -58.875, 1.0915965666497323e-22, nan 
-23.125, -58.875, 1.213865095384104e-22, nan 
-22.875, -58.875, 1.2294698962553026e-22, nan 
-22.625, -58.875, 1.9827097883017876e-22, nan 
-22.375, -58.875, 1.7483296770293822e-22, nan 
-22.125, -58.875, 4.948165698759622e-23, nan 
-21.875, -58.875, 1.1270924470158163e-22, nan 
-21.625, -58.875, 1.9534955961325137e-22, nan 
-21.375, -58.875, 1.8413533693753797e-22, nan 
-21.125, -58.875, 5.914988859414053e-23, nan 
-20.875, -58.875, 5.1529812635706193e-23, nan 
-20.625, -58.875, 4.98735289429329e-23, nan 
-20.375, -58.875, 8.167809620785111e-23, nan 
-20.125, -58.875, 9.30095059055286e-23, nan 
-19.875, -58.875, 1.202255705868149e-22, nan 
-19.625, -58.875, 1.0291252850053559e-22, nan 
-19.375, -58.875, 8.112679064145661e-23, nan 
-19.125, -58.875, 1.307584338016986e-22, nan 
-18.875, -58.875, 1.0126719888821881e-22, nan 
-18.625, -58.875, 2.7833293046572557e-23, nan 
-18.375, -58.875, 6.759808813463374e-23, nan 
-18.125, -58.875, 3.5461754136656067e-22, nan 
-17.875, -58.875, 3.8762396513701863e-22, nan 
-17.625, -58.875, 1.3807663125294797e-22, nan 
-17.375, -58.875, 1.0505107683297756e-22, nan 
-17.125, -58.875, 2.0448170352372478e-22, nan 
-16.875, -58.875, 1.5499796305738567e-22, nan 
-16.625, -58.875, 9.608040183169515e-23, nan 
-16.375, -58.875, 9.914160600069626e-23, nan 
-16.125, -58.875, 5.92840303454791e-23, nan 
-15.875, -58.875, 1.943384725357088e-23, nan 
-15.625, -58.875, 5.93280183262462e-23, nan 
-15.375, -58.875, 6.718915586935167e-23, nan 
-15.125, -58.875, 7.568059860263839e-23, nan 
-14.875, -58.875, 3.3204772884527426e-23, nan 
-14.625, -58.875, 2.990040772586987e-23, nan 
-14.375, -58.875, 2.1658945880232162e-23, nan 
-14.125, -58.875, 8.424028482136511e-24, nan 
-13.875, -58.875, 3.896095748038585e-23, nan 
-13.625, -58.875, 5.91733521098494e-23, nan 
-13.375, -58.875, 9.844253828595599e-23, nan 
-13.125, -58.875, 9.759917313181116e-23, nan 
-12.875, -58.875, 8.840369879141349e-23, nan 
-12.625, -58.875, 6.64585012085039e-23, nan 
-12.375, -58.875, 4.8995636355732515e-23, nan 
-12.125, -58.875, 8.034266395277034e-23, nan 
-11.875, -58.875, 1.1416121937812591e-22, nan 
-11.625, -58.875, 1.027467945764355e-22, nan 
-11.375, -58.875, 1.0372818114878356e-22, nan 
-11.125, -58.875, 6.205781295680723e-23, nan 
-10.875, -58.875, 7.358404067674084e-23, nan 
-10.625, -58.875, 9.022799917627094e-23, nan 
-10.375, -58.875, 9.195989885807259e-23, nan 
-10.125, -58.875, 7.466237213535276e-23, nan 
-9.875, -58.875, 4.3284548700490546e-23, nan 
-9.625, -58.875, 3.427042664470032e-23, nan 
-9.375, -58.875, 3.183275411900969e-23, nan 
-9.125, -58.875, 6.80046846682323e-23, nan 
-8.875, -58.875, 7.127840008772922e-23, nan 
-8.625, -58.875, 2.78777381442735e-23, nan 
-8.375, -58.875, 4.789266053088234e-23, nan 
-8.125, -58.875, 9.278644368712949e-23, nan 
-7.875, -58.875, 8.486400090381662e-23, nan 
-7.625, -58.875, 4.257696244540844e-23, nan 
-7.375, -58.875, 3.2104634318049527e-23, nan 
-7.125, -58.875, 3.2409248052158897e-23, nan 
-6.875, -58.875, 2.733180174508419e-23, nan 
-6.625, -58.875, 3.0658167511100955e-23, nan 
-6.375, -58.875, 3.4250717030640116e-23, nan 
-6.125, -58.875, 4.861979263802782e-23, nan 
-5.875, -58.875, 7.890295331555821e-23, nan 
-5.625, -58.875, 1.6141963630715823e-22, nan 
-5.375, -58.875, 1.484263297726214e-22, nan 
-5.125, -58.875, 1.0553682142840791e-22, nan 
-4.875, -58.875, 1.671907530817611e-22, nan 
-4.625, -58.875, 1.4211541548832651e-22, nan 
-4.375, -58.875, 2.2902197569377005e-23, nan 
-4.125, -58.875, 2.1422991137469317e-23, nan 
-3.875, -58.875, 2.4911397195110402e-23, nan 
-3.625, -58.875, 1.1810697041967568e-23, nan 
-3.375, -58.875, 1.1901994976281238e-23, nan 
-3.125, -58.875, 1.7558675135437305e-23, nan 
-2.875, -58.875, 2.646824994892172e-23, nan 
-2.625, -58.875, 8.972196871781075e-23, nan 
-2.375, -58.875, 2.216903770541448e-22, nan 
-2.125, -58.875, 2.369932871615514e-22, nan 
-1.875, -58.875, 1.312960572788535e-22, nan 
-1.625, -58.875, 8.380397184494768e-23, nan 
-1.375, -58.875, 5.979263926248663e-23, nan 
-1.125, -58.875, 5.06388592613379e-23, nan 
-0.875, -58.875, 4.6441734349990145e-23, nan 
-0.625, -58.875, 7.231509101510083e-23, nan 
-0.375, -58.875, 8.37997439251552e-23, nan 
-0.125, -58.875, 6.68339601604061e-23, nan 
0.125, -58.875, 1.8123919105069326e-22, nan 
0.375, -58.875, 1.7540090626941118e-22, nan 
0.625, -58.875, 4.846652940553858e-23, nan 
0.875, -58.875, 3.295862610394572e-23, nan 
1.125, -58.875, 9.587888033617161e-23, nan 
1.375, -58.875, 9.528658361248024e-23, nan 
1.625, -58.875, 9.695814806903132e-23, nan 
1.875, -58.875, 7.924058966059768e-23, nan 
2.125, -58.875, 1.0037083353773628e-22, nan 
-34.125, -58.625, 1.0150961526172494e-21, nan 
-33.875, -58.625, 1.3739260302960093e-21, nan 
-33.625, -58.625, 1.4202126272175277e-21, nan 
-33.375, -58.625, 1.301979985298465e-21, nan 
-33.125, -58.625, 1.0359379631060694e-21, nan 
-32.875, -58.625, 8.622217371145819e-22, nan 
-32.625, -58.625, 8.148053388945321e-22, nan 
-32.375, -58.625, 5.256344070715558e-22, nan 
-32.125, -58.625, 6.369338604005782e-22, nan 
-31.875, -58.625, 5.209358354324456e-22, nan 
-31.625, -58.625, 2.5433625496167994e-22, nan 
-31.375, -58.625, 4.603620940469419e-22, nan 
-31.125, -58.625, 4.973911415614413e-22, nan 
-30.875, -58.625, 2.403430067959364e-22, nan 
-30.625, -58.625, 2.341265328960349e-22, nan 
-30.375, -58.625, 2.719212733729986e-22, nan 
-30.125, -58.625, 3.423010847556022e-22, nan 
-29.875, -58.625, 4.1784814793712246e-22, nan 
-29.625, -58.625, 2.979712142723744e-22, nan 
-29.375, -58.625, 4.567930783666352e-22, nan 
-29.125, -58.625, 3.473392082968569e-22, nan 
-28.875, -58.625, 7.134660393361648e-22, nan 
-28.625, -58.625, 1.136782384301652e-21, nan 
-28.375, -58.625, 8.850748855437949e-22, nan 
-28.125, -58.625, 1.58920090300933e-22, nan 
-27.875, -58.625, 1.6333667677380853e-22, nan 
-27.625, -58.625, 2.1789644197722e-22, nan 
-27.375, -58.625, 1.518220185597984e-22, nan 
-27.125, -58.625, 1.4403744657055944e-22, nan 
-26.875, -58.625, 1.4130863097237684e-22, nan 
-26.625, -58.625, 1.0456821360651324e-22, nan 
-26.375, -58.625, 1.1189926230381777e-22, nan 
-26.125, -58.625, 1.1400591373000603e-22, nan 
-25.875, -58.625, 1.006181593410942e-22, nan 
-25.625, -58.625, 1.4083951222943603e-22, nan 
-25.375, -58.625, 2.0676379592782177e-22, nan 
-25.125, -58.625, 3.6108495427422324e-22, nan 
-24.875, -58.625, 4.571331028199285e-22, nan 
-24.625, -58.625, 4.6079862205012455e-22, nan 
-24.375, -58.625, 1.903913337169864e-22, nan 
-24.125, -58.625, 1.2104937409566555e-22, nan 
-23.875, -58.625, 8.115451957293751e-23, nan 
-23.625, -58.625, 2.474304699579801e-23, nan 
-23.375, -58.625, 3.562626558739996e-23, nan 
-23.125, -58.625, 7.00692684971505e-23, nan 
-22.875, -58.625, 1.2262207862209488e-22, nan 
-22.625, -58.625, 1.079178191339328e-22, nan 
-22.375, -58.625, 7.552108675384425e-23, nan 
-22.125, -58.625, 7.779043187268046e-23, nan 
-21.875, -58.625, 1.1993421499918317e-22, nan 
-21.625, -58.625, 1.8234843149188832e-22, nan 
-21.375, -58.625, 1.4200048964554368e-22, nan 
-21.125, -58.625, 1.342272932035762e-22, nan 
-20.875, -58.625, 1.0309803489106367e-22, nan 
-20.625, -58.625, 9.205233802135815e-23, nan 
-20.375, -58.625, 1.1698148289489915e-22, nan 
-20.125, -58.625, 8.219404364319912e-23, nan 
-19.875, -58.625, 1.9407587764332558e-22, nan 
-19.625, -58.625, 4.1702545358977626e-22, nan 
-19.375, -58.625, 4.760812533346952e-22, nan 
-19.125, -58.625, 5.046136656534072e-22, nan 
-18.875, -58.625, 4.717201353471743e-22, nan 
-18.625, -58.625, 8.648793203337345e-23, nan 
-18.375, -58.625, 1.3929712723078907e-22, nan 
-18.125, -58.625, 8.513769194306502e-23, nan 
-17.875, -58.625, 1.6642264907594265e-22, nan 
-17.625, -58.625, 1.2959288378756607e-22, nan 
-17.375, -58.625, 7.025034531132212e-23, nan 
-17.125, -58.625, 5.1588380799091934e-23, nan 
-16.875, -58.625, 5.563812932731381e-23, nan 
-16.625, -58.625, 6.816879174944076e-23, nan 
-16.375, -58.625, 8.722036374455941e-23, nan 
-16.125, -58.625, 6.145930674465273e-23, nan 
-15.875, -58.625, 1.1537398250433551e-22, nan 
-15.625, -58.625, 1.173021074721696e-22, nan 
-15.375, -58.625, 6.873020242363526e-23, nan 
-15.125, -58.625, 1.2893764976078075e-22, nan 
-14.875, -58.625, 1.1765212526376973e-22, nan 
-14.625, -58.625, 5.661861632502662e-23, nan 
-14.375, -58.625, 3.4015794473970945e-23, nan 
-14.125, -58.625, 2.115088736548352e-23, nan 
-13.875, -58.625, 1.737430950748937e-23, nan 
-13.625, -58.625, 3.6420520655722235e-23, nan 
-13.375, -58.625, 9.373719242923206e-23, nan 
-13.125, -58.625, 1.4572949106308568e-22, nan 
-12.875, -58.625, 1.4684813817247343e-22, nan 
-12.625, -58.625, 5.77658199422739e-23, nan 
-12.375, -58.625, 6.155294984966521e-23, nan 
-12.125, -58.625, 5.106580258345558e-23, nan 
-11.875, -58.625, 1.0251918775322218e-22, nan 
-11.625, -58.625, 1.1536049957509716e-22, nan 
-11.375, -58.625, 6.318968886326015e-23, nan 
-11.125, -58.625, 2.228592407534511e-23, nan 
-10.875, -58.625, 7.616582350148973e-23, nan 
-10.625, -58.625, 8.104304277084488e-23, nan 
-10.375, -58.625, 6.798558123539324e-23, nan 
-10.125, -58.625, 8.483277965047864e-23, nan 
-9.875, -58.625, 7.009951199847683e-23, nan 
-9.625, -58.625, 1.407799606276644e-23, nan 
-9.375, -58.625, 2.780809577054635e-23, nan 
-9.125, -58.625, 6.996358371900888e-23, nan 
-8.875, -58.625, 6.833539263715583e-23, nan 
-8.625, -58.625, 1.3880167024086882e-23, nan 
-8.375, -58.625, 9.165701056931821e-24, nan 
-8.125, -58.625, 5.266674399503122e-23, nan 
-7.875, -58.625, 7.485045083118542e-23, nan 
-7.625, -58.625, 5.323077789019222e-23, nan 
-7.375, -58.625, 4.19293762643188e-23, nan 
-7.125, -58.625, 4.107040891892723e-23, nan 
-6.875, -58.625, 4.149851903825872e-23, nan 
-6.625, -58.625, 7.133501734062478e-23, nan 
-6.375, -58.625, 7.833472372460318e-23, nan 
-6.125, -58.625, 1.1765528527150317e-22, nan 
-5.875, -58.625, 1.2392262997023648e-22, nan 
-5.625, -58.625, 1.07100271306459e-22, nan 
-5.375, -58.625, 8.638925223542866e-23, nan 
-5.125, -58.625, 4.062906642172342e-23, nan 
-4.875, -58.625, 1.22001386140406e-22, nan 
-4.625, -58.625, 1.8024218188549354e-22, nan 
-4.375, -58.625, 2.102191919444881e-22, nan 
-4.125, -58.625, 1.5860932732712985e-22, nan 
-3.875, -58.625, 1.1543668000223673e-22, nan 
-3.625, -58.625, 1.0952588770304254e-22, nan 
-3.375, -58.625, 1.7020604084936817e-23, nan 
-3.125, -58.625, 4.017087676844507e-23, nan 
-2.875, -58.625, 5.610702369673802e-23, nan 
-2.625, -58.625, 1.6630966731860953e-22, nan 
-2.375, -58.625, 1.907100513194517e-22, nan 
-2.125, -58.625, 1.8286082605355288e-22, nan 
-1.875, -58.625, 1.550398427990518e-22, nan 
-1.625, -58.625, 9.173213824252941e-23, nan 
-1.375, -58.625, 2.519395840059848e-23, nan 
-1.125, -58.625, 2.4317734056213416e-23, nan 
-0.875, -58.625, 3.719302318195842e-23, nan 
-0.625, -58.625, 6.200874493078265e-23, nan 
-0.375, -58.625, 1.099233289151142e-22, nan 
-0.125, -58.625, 1.2976317707214704e-22, nan 
0.125, -58.625, 9.952110246405145e-23, nan 
0.375, -58.625, 4.647596773189183e-23, nan 
0.625, -58.625, 5.954315698677748e-23, nan 
0.875, -58.625, 5.1956233464538883e-23, nan 
1.125, -58.625, 1.0417890448646062e-22, nan 
1.375, -58.625, 1.3510817130929054e-22, nan 
1.625, -58.625, 1.400659426423743e-22, nan 
1.875, -58.625, 1.2348879945865807e-22, nan 
-33.625, -58.375, 8.971843825592994e-22, nan 
-33.375, -58.375, 1.1365757006636182e-21, nan 
-33.125, -58.375, 8.817971488894687e-22, nan 
-32.875, -58.375, 1.1176131868323097e-21, nan 
-32.625, -58.375, 9.86191081246855e-22, nan 
-32.375, -58.375, 3.5253030596672436e-22, nan 
-32.125, -58.375, 3.456893949415449e-22, nan 
-31.875, -58.375, 2.554896916662362e-22, nan 
-31.625, -58.375, 2.8759944252933787e-22, nan 
-31.375, -58.375, 1.955814711491116e-22, nan 
-31.125, -58.375, 2.3848836557224943e-22, nan 
-30.875, -58.375, 2.733693409417426e-22, nan 
-30.625, -58.375, 2.148454617707186e-22, nan 
-30.375, -58.375, 2.671777835495116e-22, nan 
-30.125, -58.375, 2.5220454598740942e-22, nan 
-29.875, -58.375, 1.4384239016636646e-22, nan 
-29.625, -58.375, 1.2683323082512038e-22, nan 
-29.375, -58.375, 2.427598597161684e-22, nan 
-29.125, -58.375, 2.8901689533414242e-22, nan 
-28.875, -58.375, 5.163271648704615e-22, nan 
-28.625, -58.375, 1.1593684805296722e-21, nan 
-28.375, -58.375, 1.2262764035492336e-21, nan 
-28.125, -58.375, 7.308533893884552e-22, nan 
-27.875, -58.375, 6.898062623496225e-22, nan 
-27.625, -58.375, 6.375093236412193e-22, nan 
-27.375, -58.375, 4.437778406110314e-22, nan 
-27.125, -58.375, 2.3538013107763867e-22, nan 
-26.875, -58.375, 1.3848131926223706e-22, nan 
-26.625, -58.375, 1.246197547077823e-22, nan 
-26.375, -58.375, 9.364355766308992e-23, nan 
-26.125, -58.375, 5.475442248219297e-23, nan 
-25.875, -58.375, 1.0805868578896617e-22, nan 
-25.625, -58.375, 1.2881886280001533e-22, nan 
-25.375, -58.375, 1.6561992293261187e-22, nan 
-25.125, -58.375, 1.4682143629524202e-22, nan 
-24.875, -58.375, 1.5968811059450818e-22, nan 
-24.625, -58.375, 1.8130959375950477e-22, nan 
-24.375, -58.375, 1.868777793252417e-22, nan 
-24.125, -58.375, 1.2995798176422163e-22, nan 
-23.875, -58.375, 5.602771102740426e-23, nan 
-23.625, -58.375, 3.3906475233995595e-23, nan 
-23.375, -58.375, 5.92449687104515e-23, nan 
-23.125, -58.375, 9.857477109285637e-23, nan 
-22.875, -58.375, 1.0025520912979771e-22, nan 
-22.625, -58.375, 4.2767434047293156e-23, nan 
-22.375, -58.375, 1.2395829627908264e-23, nan 
-22.125, -58.375, 8.394683541863686e-23, nan 
-21.875, -58.375, 2.11409600203221e-22, nan 
-21.625, -58.375, 2.610004444091988e-22, nan 
-21.375, -58.375, 9.34355916851998e-23, nan 
-21.125, -58.375, 1.9069787304609895e-22, nan 
-20.875, -58.375, 3.093250230214597e-22, nan 
-20.625, -58.375, 4.915529113231048e-22, nan 
-20.375, -58.375, 4.867025734273644e-22, nan 
-20.125, -58.375, 5.327089503500329e-22, nan 
-19.875, -58.375, 5.497817908273192e-22, nan 
-19.625, -58.375, 5.398762248433554e-22, nan 
-19.375, -58.375, 4.712975865612731e-22, nan 
-19.125, -58.375, 5.121705999927666e-22, nan 
-18.875, -58.375, 8.703036074280576e-22, nan 
-18.625, -58.375, 8.008976541318051e-22, nan 
-18.375, -58.375, 3.1421470847729114e-22, nan 
-18.125, -58.375, 1.4411633659293358e-22, nan 
-17.875, -58.375, 5.069940209428702e-23, nan 
-17.625, -58.375, 3.1928129350966355e-23, nan 
-17.375, -58.375, 7.474315661802873e-23, nan 
-17.125, -58.375, 7.905121942729896e-23, nan 
-16.875, -58.375, 1.0366330304907207e-22, nan 
-16.625, -58.375, 8.86156230499192e-23, nan 
-16.375, -58.375, 7.99662777844119e-23, nan 
-16.125, -58.375, 8.728789072010475e-23, nan 
-15.875, -58.375, 7.368389046243131e-23, nan 
-15.625, -58.375, 3.364257232340961e-23, nan 
-15.375, -58.375, 3.077277585070631e-23, nan 
-15.125, -58.375, 2.9354252242014786e-23, nan 
-14.875, -58.375, 4.4833996875360817e-23, nan 
-14.625, -58.375, 5.880867336200279e-23, nan 
-14.375, -58.375, 5.864840714379041e-23, nan 
-14.125, -58.375, 4.876450061797728e-23, nan 
-13.875, -58.375, 2.084844766076809e-23, nan 
-13.625, -58.375, 3.2810463919318034e-23, nan 
-13.375, -58.375, 4.0370790640822364e-23, nan 
-13.125, -58.375, 5.537734169492427e-23, nan 
-12.875, -58.375, 1.9367093044364124e-22, nan 
-12.625, -58.375, 1.8143843352697772e-22, nan 
-12.375, -58.375, 5.621066649951978e-23, nan 
-12.125, -58.375, 5.807694062664395e-23, nan 
-11.875, -58.375, 7.989676009086244e-23, nan 
-11.625, -58.375, 5.35870053117679e-23, nan 
-11.375, -58.375, 2.635127128950813e-23, nan 
-11.125, -58.375, 2.4701636516699616e-23, nan 
-10.875, -58.375, 4.896066650164872e-23, nan 
-10.625, -58.375, 8.315803485318131e-23, nan 
-10.375, -58.375, 8.6634156689816e-23, nan 
-10.125, -58.375, 5.324259286990896e-23, nan 
-9.875, -58.375, 3.537889991120234e-23, nan 
-9.625, -58.375, 1.7275866635757105e-23, nan 
-9.375, -58.375, 1.7685942657673413e-23, nan 
-9.125, -58.375, 3.035297686859174e-23, nan 
-8.875, -58.375, 4.904585863341793e-23, nan 
-8.625, -58.375, 3.910809315147427e-23, nan 
-8.375, -58.375, 3.0764994439924846e-23, nan 
-8.125, -58.375, 2.761569664051664e-23, nan 
-7.875, -58.375, 5.068841620978352e-23, nan 
-7.625, -58.375, 5.33469230498014e-23, nan 
-7.375, -58.375, 3.781405446944033e-23, nan 
-7.125, -58.375, 2.7945420026264076e-23, nan 
-6.875, -58.375, 6.065330962383498e-23, nan 
-6.625, -58.375, 6.399526714222937e-23, nan 
-6.375, -58.375, 5.279697078698961e-23, nan 
-6.125, -58.375, 3.805923795789386e-23, nan 
-5.875, -58.375, 4.979704208884143e-23, nan 
-5.625, -58.375, 3.815961804958893e-23, nan 
-5.375, -58.375, 2.79605750462179e-23, nan 
-5.125, -58.375, 2.6194945536560367e-23, nan 
-4.875, -58.375, 9.21888347666943e-23, nan 
-4.625, -58.375, 1.3518213899700956e-22, nan 
-4.375, -58.375, 1.9502877695393396e-22, nan 
-4.125, -58.375, 1.7960525304983038e-22, nan 
-3.875, -58.375, 1.5234409603298653e-22, nan 
-3.625, -58.375, 2.239546206858324e-22, nan 
-3.375, -58.375, 2.6733413325805264e-22, nan 
-3.125, -58.375, 2.86662657637955e-22, nan 
-2.875, -58.375, 2.7908602918582175e-22, nan 
-2.625, -58.375, 2.1678712492022703e-22, nan 
-2.375, -58.375, 1.1626916164963976e-22, nan 
-2.125, -58.375, 9.354888502512135e-23, nan 
-1.875, -58.375, 6.057248518327547e-23, nan 
-1.625, -58.375, 5.058665155986727e-23, nan 
-1.375, -58.375, 5.611581230900314e-23, nan 
-1.125, -58.375, 5.0874112705010605e-23, nan 
-0.875, -58.375, 2.0552441363555775e-23, nan 
-0.625, -58.375, 4.865731451119379e-23, nan 
-0.375, -58.375, 8.386822895539387e-23, nan 
-0.125, -58.375, 1.0288823045044298e-22, nan 
0.125, -58.375, 1.3081699462755906e-22, nan 
0.375, -58.375, 1.097690049245001e-22, nan 
0.625, -58.375, 1.0169888178453706e-22, nan 
0.875, -58.375, 9.459860383220851e-23, nan 
1.125, -58.375, 9.256154401784002e-23, nan 
1.375, -58.375, 1.1267821015925431e-22, nan 
1.625, -58.375, 1.1120771488059479e-22, nan 
-32.875, -58.125, 5.964551304513789e-22, nan 
-32.625, -58.125, 1.6158377351911449e-22, nan 
-32.375, -58.125, 9.024904790560896e-23, nan 
-32.125, -58.125, 8.467106663085908e-23, nan 
-31.875, -58.125, 1.943684445074273e-22, nan 
-31.625, -58.125, 3.0796711777475215e-22, nan 
-31.375, -58.125, 2.557489311381334e-22, nan 
-31.125, -58.125, 1.163702629101183e-22, nan 
-30.875, -58.125, 2.0393247344599854e-22, nan 
-30.625, -58.125, 2.3424883274365903e-22, nan 
-30.375, -58.125, 2.6860942627474784e-22, nan 
-30.125, -58.125, 3.262955184508145e-22, nan 
-29.875, -58.125, 3.550114987107821e-22, nan 
-29.625, -58.125, 3.2473210822601777e-22, nan 
-29.375, -58.125, 1.089872091635403e-22, nan 
-29.125, -58.125, 1.0632179478949266e-22, nan 
-28.875, -58.125, 1.892635798110259e-22, nan 
-28.625, -58.125, 3.5175376262136204e-22, nan 
-28.375, -58.125, 7.093510088885902e-22, nan 
-28.125, -58.125, 7.030479624689968e-22, nan 
-27.875, -58.125, 7.376226478809608e-22, nan 
-27.625, -58.125, 1.038774580831987e-21, nan 
-27.375, -58.125, 1.0452167706077209e-21, nan 
-27.125, -58.125, 6.719411584911503e-22, nan 
-26.875, -58.125, 2.5788444095164946e-22, nan 
-26.625, -58.125, 2.2466695446327905e-22, nan 
-26.375, -58.125, 3.0787737456231383e-22, nan 
-26.125, -58.125, 3.3830785655501653e-22, nan 
-25.875, -58.125, 2.770970973154295e-22, nan 
-25.625, -58.125, 2.1469694472840833e-22, nan 
-25.375, -58.125, 2.275686870502499e-22, nan 
-25.125, -58.125, 1.9756008577024938e-22, nan 
-24.875, -58.125, 1.7273120194248105e-22, nan 
-24.625, -58.125, 1.8576408308195945e-22, nan 
-24.375, -58.125, 1.993506666663246e-22, nan 
-24.125, -58.125, 2.0746922655668642e-22, nan 
-23.875, -58.125, 1.5125576135727125e-22, nan 
-23.625, -58.125, 2.3532076407268115e-22, nan 
-23.375, -58.125, 8.854694571069429e-23, nan 
-23.125, -58.125, 1.0420848030604183e-22, nan 
-22.875, -58.125, 7.198229516010243e-23, nan 
-22.625, -58.125, 9.688357754154314e-24, nan 
-22.375, -58.125, 7.937810766413595e-23, nan 
-22.125, -58.125, 1.1878146339713525e-22, nan 
-21.875, -58.125, 1.0257659821380007e-22, nan 
-21.625, -58.125, 2.4508572729987253e-22, nan 
-21.375, -58.125, 3.2332136604818803e-22, nan 
-21.125, -58.125, 4.555252078201438e-22, nan 
-20.875, -58.125, 5.470799159577836e-22, nan 
-20.625, -58.125, 6.004224473197611e-22, nan 
-20.375, -58.125, 4.546481795942208e-22, nan 
-20.125, -58.125, 4.813640366726319e-22, nan 
-19.875, -58.125, 3.5215206460326893e-22, nan 
-19.625, -58.125, 1.50275452961146e-22, nan 
-19.375, -58.125, 1.1258566416142823e-22, nan 
-19.125, -58.125, 1.6259492395834808e-22, nan 
-18.875, -58.125, 2.1380550114928443e-22, nan 
-18.625, -58.125, 4.9932936521264535e-22, nan 
-18.375, -58.125, 8.106573669317201e-22, nan 
-18.125, -58.125, 8.544613228495426e-22, nan 
-17.875, -58.125, 3.9478341921109627e-22, nan 
-17.625, -58.125, 2.4243256219093956e-22, nan 
-17.375, -58.125, 1.5570571750892102e-22, nan 
-17.125, -58.125, 5.5132300027112e-23, nan 
-16.875, -58.125, 8.940638850155107e-23, nan 
-16.625, -58.125, 6.887446206080895e-23, nan 
-16.375, -58.125, 1.625677905005161e-22, nan 
-16.125, -58.125, 1.945965075965762e-22, nan 
-15.875, -58.125, 1.012486746627412e-22, nan 
-15.625, -58.125, 4.6763166808341344e-23, nan 
-15.375, -58.125, 1.428662365928402e-23, nan 
-15.125, -58.125, 1.6692815800387608e-23, nan 
-14.875, -58.125, 3.401789141894286e-23, nan 
-14.625, -58.125, 3.1989294876633066e-23, nan 
-14.375, -58.125, 2.3264038321923142e-23, nan 
-14.125, -58.125, 4.1373046871417374e-23, nan 
-13.875, -58.125, 4.163588332720147e-23, nan 
-13.625, -58.125, 1.279390890239787e-23, nan 
-13.375, -58.125, 1.9722740657301397e-23, nan 
-13.125, -58.125, 4.062177185123823e-23, nan 
-12.875, -58.125, 1.2549641079284933e-22, nan 
-12.625, -58.125, 1.452786816610439e-22, nan 
-12.375, -58.125, 7.159827201865354e-23, nan 
-12.125, -58.125, 5.457972912669215e-23, nan 
-11.875, -58.125, 4.740888504686847e-23, nan 
-11.625, -58.125, 6.866224640034209e-23, nan 
-11.375, -58.125, 6.78458629954975e-23, nan 
-11.125, -58.125, 4.011379650984445e-23, nan 
-10.875, -58.125, 3.918588379016085e-23, nan 
-10.625, -58.125, 5.637815401374294e-23, nan 
-10.375, -58.125, 7.526585171088291e-23, nan 
-10.125, -58.125, 5.61226861679403e-23, nan 
-9.875, -58.125, 3.2262026005904436e-23, nan 
-9.625, -58.125, 2.7331921762812834e-23, nan 
-9.375, -58.125, 1.6804833756767582e-23, nan 
-9.125, -58.125, 1.2631205730925167e-23, nan 
-8.875, -58.125, 3.016581702241548e-23, nan 
-8.625, -58.125, 3.6550481812848067e-23, nan 
-8.375, -58.125, 2.8318302274814776e-23, nan 
-8.125, -58.125, 1.8489871828578155e-23, nan 
-7.875, -58.125, 1.4432966231765622e-23, nan 
-7.625, -58.125, 2.872767281483556e-23, nan 
-7.375, -58.125, 3.001522997071706e-23, nan 
-7.125, -58.125, 2.9058962529902116e-23, nan 
-6.875, -58.125, 4.0005406873562717e-23, nan 
-6.625, -58.125, 4.60817119130925e-23, nan 
-6.375, -58.125, 6.277801935531946e-23, nan 
-6.125, -58.125, 6.4426359133063e-23, nan 
-5.875, -58.125, 3.347639026619143e-23, nan 
-5.625, -58.125, 6.378838098524295e-23, nan 
-5.375, -58.125, 1.1078639785764762e-22, nan 
-5.125, -58.125, 7.194857065494507e-23, nan 
-4.875, -58.125, 8.420118209718386e-23, nan 
-4.625, -58.125, 8.661568445326139e-23, nan 
-4.375, -58.125, 6.474277319312107e-23, nan 
-4.125, -58.125, 5.811112893466344e-23, nan 
-3.875, -58.125, 7.527402569700443e-23, nan 
-3.625, -58.125, 8.332386058177905e-23, nan 
-3.375, -58.125, 1.853906893073198e-22, nan 
-3.125, -58.125, 2.2754895611809237e-22, nan 
-2.875, -58.125, 1.6575131917982776e-22, nan 
-2.625, -58.125, 1.2563106390542036e-22, nan 
-2.375, -58.125, 9.220384847523213e-23, nan 
-2.125, -58.125, 5.62063105907492e-23, nan 
-1.875, -58.125, 4.7163898767559214e-23, nan 
-1.625, -58.125, 3.7493851526629987e-23, nan 
-1.375, -58.125, 1.2851416081563796e-22, nan 
-1.125, -58.125, 1.7152951676977705e-23, nan 
-0.875, -58.125, 3.4016725417207876e-23, nan 
-0.625, -58.125, 5.424036917031672e-23, nan 
-0.375, -58.125, 6.40171710843895e-23, nan 
-0.125, -58.125, 1.1756602240150873e-22, nan 
0.125, -58.125, 1.1235921936859694e-22, nan 
0.375, -58.125, 2.213859409509428e-22, nan 
0.625, -58.125, 2.316884822821526e-22, nan 
0.875, -58.125, 8.732165757512772e-23, nan 
1.125, -58.125, 7.620052517036089e-23, nan 
1.375, -58.125, 5.1497140445196154e-23, nan 
-32.375, -57.875, 4.0733509902180544e-23, nan 
-32.125, -57.875, 7.516834470986243e-23, nan 
-31.875, -57.875, 1.4350880968877394e-22, nan 
-31.625, -57.875, 1.8146930484965473e-22, nan 
-31.375, -57.875, 2.8745631063750197e-22, nan 
-31.125, -57.875, 3.706845853623176e-22, nan 
-30.875, -57.875, 2.7595260786112707e-22, nan 
-30.625, -57.875, 1.0590597347397352e-22, nan 
-30.375, -57.875, 1.8529696425149935e-22, nan 
-30.125, -57.875, 2.4223153810889817e-22, nan 
-29.875, -57.875, 2.2594482981295616e-22, nan 
-29.625, -57.875, 3.2275012290892217e-22, nan 
-29.375, -57.875, 3.9239157947514945e-22, nan 
-29.125, -57.875, 2.9133251420108227e-22, nan 
-28.875, -57.875, 1.1970485607788351e-22, nan 
-28.625, -57.875, 1.2163370520747103e-22, nan 
-28.375, -57.875, 1.8097154970459726e-22, nan 
-28.125, -57.875, 1.6100225130194933e-22, nan 
-27.875, -57.875, 1.6473733659316466e-22, nan 
-27.625, -57.875, 3.6468232523632815e-22, nan 
-27.375, -57.875, 6.518477956955146e-22, nan 
-27.125, -57.875, 1.15753100881854e-21, nan 
-26.875, -57.875, 1.0632848221536606e-21, nan 
-26.625, -57.875, 4.460996961790901e-22, nan 
-26.375, -57.875, 3.0478454161431357e-22, nan 
-26.125, -57.875, 3.243048834175344e-22, nan 
-25.875, -57.875, 2.4039503289250873e-22, nan 
-25.625, -57.875, 1.7287087447139265e-22, nan 
-25.375, -57.875, 1.6225141994557525e-22, nan 
-25.125, -57.875, 1.7100539892273211e-22, nan 
-24.875, -57.875, 1.478162652751828e-22, nan 
-24.625, -57.875, 1.4535827155487062e-22, nan 
-24.375, -57.875, 1.5281972303203891e-22, nan 
-24.125, -57.875, 1.9475033491243995e-22, nan 
-23.875, -57.875, 2.484109309701694e-22, nan 
-23.625, -57.875, 4.37564477032807e-22, nan 
-23.375, -57.875, 3.3388122525854496e-22, nan 
-23.125, -57.875, 3.3730448904211805e-23, nan 
-22.875, -57.875, 8.510209341085646e-23, nan 
-22.625, -57.875, 4.473654897727277e-23, nan 
-22.375, -57.875, 6.812813710024397e-23, nan 
-22.125, -57.875, 8.945335494186179e-23, nan 
-21.875, -57.875, 1.4238686896728762e-22, nan 
-21.625, -57.875, 4.86717869887659e-22, nan 
-21.375, -57.875, 7.085391614507826e-22, nan 
-21.125, -57.875, 6.478309334628937e-22, nan 
-20.875, -57.875, 2.261142455803242e-22, nan 
-20.625, -57.875, 8.347925367615728e-23, nan 
-20.375, -57.875, 6.136169177795394e-23, nan 
-20.125, -57.875, 3.173209316848601e-23, nan 
-19.875, -57.875, 4.975136148228602e-23, nan 
-19.625, -57.875, 2.127490722134971e-22, nan 
-19.375, -57.875, 1.5661969251719118e-22, nan 
-19.125, -57.875, 7.341463907015379e-23, nan 
-18.875, -57.875, 1.287321204264987e-22, nan 
-18.625, -57.875, 1.3967346335617567e-22, nan 
-18.375, -57.875, 2.6098313410508876e-22, nan 
-18.125, -57.875, 5.679389775834764e-22, nan 
-17.875, -57.875, 5.274749400101189e-22, nan 
-17.625, -57.875, 4.2262579637732563e-22, nan 
-17.375, -57.875, 4.456445250440211e-22, nan 
-17.125, -57.875, 3.9225268576939134e-22, nan 
-16.875, -57.875, 1.2970519409721041e-22, nan 
-16.625, -57.875, 5.967582089874651e-23, nan 
-16.375, -57.875, 6.584214645200713e-23, nan 
-16.125, -57.875, 1.0128904738952167e-22, nan 
-15.875, -57.875, 1.1883730407873063e-22, nan 
-15.625, -57.875, 1.1663064184686365e-22, nan 
-15.375, -57.875, 6.464114890811924e-23, nan 
-15.125, -57.875, 6.47405197992118e-23, nan 
-14.875, -57.875, 5.561376841557266e-23, nan 
-14.625, -57.875, 2.2540394992329815e-23, nan 
-14.375, -57.875, 1.628822286964442e-23, nan 
-14.125, -57.875, 1.7793695483577367e-23, nan 
-13.875, -57.875, 3.9255087759296953e-23, nan 
-13.625, -57.875, 3.3198573736405514e-23, nan 
-13.375, -57.875, 1.4545742694872052e-23, nan 
-13.125, -57.875, 1.0499471588701274e-23, nan 
-12.875, -57.875, 4.799789552748047e-23, nan 
-12.625, -57.875, 8.72407589290969e-23, nan 
-12.375, -57.875, 7.601514320455036e-23, nan 
-12.125, -57.875, 4.452814223534565e-23, nan 
-11.875, -57.875, 3.8357904474232756e-23, nan 
-11.625, -57.875, 8.865891537276818e-23, nan 
-11.375, -57.875, 8.694196278279294e-23, nan 
-11.125, -57.875, 4.3387375541063474e-23, nan 
-10.875, -57.875, 2.87312103364217e-23, nan 
-10.625, -57.875, 2.982914294362202e-23, nan 
-10.375, -57.875, 5.036039961795429e-23, nan 
-10.125, -57.875, 6.355677164702366e-23, nan 
-9.875, -57.875, 5.0692255048214266e-23, nan 
-9.625, -57.875, 1.3236152397960505e-23, nan 
-9.375, -57.875, 1.329740672931301e-23, nan 
-9.125, -57.875, 2.3318388424396826e-23, nan 
-8.875, -57.875, 2.2419936005172253e-23, nan 
-8.625, -57.875, 3.2862415510762746e-23, nan 
-8.375, -57.875, 3.1817255621539964e-23, nan 
-8.125, -57.875, 1.8101512557642505e-23, nan 
-7.875, -57.875, 1.7235046883271402e-23, nan 
-7.625, -57.875, 4.5504305480126e-23, nan 
-7.375, -57.875, 4.5945684996459456e-23, nan 
-7.125, -57.875, 3.21700026677949e-23, nan 
-6.875, -57.875, 4.558401519906191e-23, nan 
-6.625, -57.875, 3.9244322064044166e-23, nan 
-6.375, -57.875, 3.2859317225108035e-23, nan 
-6.125, -57.875, 5.689605354786329e-23, nan 
-5.875, -57.875, 5.339961736489768e-23, nan 
-5.625, -57.875, 5.0130161643303985e-23, nan 
-5.375, -57.875, 9.223293821539555e-23, nan 
-5.125, -57.875, 5.337033974136843e-23, nan 
-4.875, -57.875, 4.399278026356714e-23, nan 
-4.625, -57.875, 4.8900252029658437e-23, nan 
-4.375, -57.875, 5.406255741377211e-23, nan 
-4.125, -57.875, 5.654464583600299e-23, nan 
-3.875, -57.875, 6.969084631498936e-23, nan 
-3.625, -57.875, 9.46810752143648e-23, nan 
-3.375, -57.875, 1.2516970382639835e-22, nan 
-3.125, -57.875, 1.3865200649666954e-22, nan 
-2.875, -57.875, 1.2885071113307388e-22, nan 
-2.625, -57.875, 1.4203049732672947e-22, nan 
-2.375, -57.875, 1.5471382564632573e-22, nan 
-2.125, -57.875, 9.132107907315684e-23, nan 
-1.875, -57.875, 6.247312594694812e-23, nan 
-1.625, -57.875, 2.1131953396030902e-22, nan 
-1.375, -57.875, 3.3463430907861054e-22, nan 
-1.125, -57.875, 2.583784070054872e-22, nan 
-0.875, -57.875, 2.0565081513376433e-22, nan 
-0.625, -57.875, 1.8374338849130698e-22, nan 
-0.375, -57.875, 1.6576069043327126e-22, nan 
-0.125, -57.875, 1.1158110026169716e-22, nan 
0.125, -57.875, 1.3506875495911923e-22, nan 
0.375, -57.875, 1.8802307065371798e-22, nan 
0.625, -57.875, 1.4107411866410211e-22, nan 
0.875, -57.875, 1.9085887681331997e-23, nan 
1.125, -57.875, 3.583300179611856e-23, nan 
-31.875, -57.625, 2.6647689024585606e-22, nan 
-31.625, -57.625, 4.59147988592589e-22, nan 
-31.375, -57.625, 3.2871093328246625e-22, nan 
-31.125, -57.625, 2.7225428034761315e-22, nan 
-30.875, -57.625, 1.2685050179903262e-22, nan 
-30.625, -57.625, 9.77161167043986e-23, nan 
-30.375, -57.625, 1.2509003802461318e-22, nan 
-30.125, -57.625, 1.7611623858202102e-22, nan 
-29.875, -57.625, 2.299968442293821e-22, nan 
-29.625, -57.625, 1.8182114137036268e-22, nan 
-29.375, -57.625, 3.7282513949250915e-22, nan 
-29.125, -57.625, 5.246680640946284e-22, nan 
-28.875, -57.625, 5.119367307645913e-22, nan 
-28.625, -57.625, 3.0475328850730316e-22, nan 
-28.375, -57.625, 2.4551064546422625e-22, nan 
-28.125, -57.625, 1.6490607533442366e-22, nan 
-27.875, -57.625, 1.8975400248553744e-22, nan 
-27.625, -57.625, 2.1031728348877082e-22, nan 
-27.375, -57.625, 2.3079649960165e-22, nan 
-27.125, -57.625, 3.16800026841005e-22, nan 
-26.875, -57.625, 5.345823386370929e-22, nan 
-26.625, -57.625, 6.1339695626624695e-22, nan 
-26.375, -57.625, 4.909370175909854e-22, nan 
-26.125, -57.625, 2.8728374805833643e-22, nan 
-25.875, -57.625, 2.0490779619774143e-22, nan 
-25.625, -57.625, 1.7119822646834384e-22, nan 
-25.375, -57.625, 1.5833644325094168e-22, nan 
-25.125, -57.625, 1.8290164783799033e-22, nan 
-24.875, -57.625, 1.6531512817806432e-22, nan 
-24.625, -57.625, 1.251576946226011e-22, nan 
-24.375, -57.625, 1.336104935527008e-22, nan 
-24.125, -57.625, 1.5344137190607773e-22, nan 
-23.875, -57.625, 1.7160568368241452e-22, nan 
-23.625, -57.625, 1.9851261914567503e-22, nan 
-23.375, -57.625, 2.0340806503825904e-22, nan 
-23.125, -57.625, 1.2683305462048593e-22, nan 
-22.875, -57.625, 1.78393013367714e-22, nan 
-22.625, -57.625, 1.4864603374393605e-22, nan 
-22.375, -57.625, 4.492459017668104e-23, nan 
-22.125, -57.625, 7.012552827112881e-23, nan 
-21.875, -57.625, 5.784095882133741e-22, nan 
-21.625, -57.625, 6.841975298595195e-22, nan 
-21.375, -57.625, 3.6777701531433316e-22, nan 
-21.125, -57.625, 6.625621499357762e-23, nan 
-20.875, -57.625, 7.567179335403229e-23, nan 
-20.625, -57.625, 7.622291763246696e-23, nan 
-20.375, -57.625, 7.228520533601635e-23, nan 
-20.125, -57.625, 3.401347945398591e-23, nan 
-19.875, -57.625, 3.0144167775365515e-22, nan 
-19.625, -57.625, 4.0579721395443226e-22, nan 
-19.375, -57.625, 3.215782226583773e-22, nan 
-19.125, -57.625, 2.371930419162489e-22, nan 
-18.875, -57.625, 2.426538824856493e-23, nan 
-18.625, -57.625, 3.937101896011048e-23, nan 
-18.375, -57.625, 3.5712574950737536e-23, nan 
-18.125, -57.625, 7.260749633608557e-23, nan 
-17.875, -57.625, 1.80168886510927e-22, nan 
-17.625, -57.625, 2.7672677004573613e-22, nan 
-17.375, -57.625, 3.979549837183872e-22, nan 
-17.125, -57.625, 3.844052967994049e-22, nan 
-16.875, -57.625, 2.46701933195043e-22, nan 
-16.625, -57.625, 1.8979932015556702e-22, nan 
-16.375, -57.625, 7.527161415930752e-23, nan 
-16.125, -57.625, 7.205532890645217e-23, nan 
-15.875, -57.625, 2.93659726204933e-23, nan 
-15.625, -57.625, 6.328093405327067e-23, nan 
-15.375, -57.625, 6.290554891449799e-23, nan 
-15.125, -57.625, 4.3912633260961195e-23, nan 
-14.875, -57.625, 2.3654001973952432e-23, nan 
-14.625, -57.625, 3.1964868332150104e-23, nan 
-14.375, -57.625, 3.468808203896429e-23, nan 
-14.125, -57.625, 3.083107519716669e-23, nan 
-13.875, -57.625, 2.780865560486447e-23, nan 
-13.625, -57.625, 1.6697071367518156e-23, nan 
-13.375, -57.625, 1.8914290844185652e-23, nan 
-13.125, -57.625, 1.671374402573635e-23, nan 
-12.875, -57.625, 1.3753047283355955e-23, nan 
-12.625, -57.625, 4.8811891004708396e-23, nan 
-12.375, -57.625, 5.769440085546258e-23, nan 
-12.125, -57.625, 3.8429549232704336e-23, nan 
-11.875, -57.625, 4.093533203820737e-23, nan 
-11.625, -57.625, 5.079467189434114e-23, nan 
-11.375, -57.625, 6.380507566738862e-23, nan 
-11.125, -57.625, 5.910897386160098e-23, nan 
-10.875, -57.625, 1.4389903720889534e-23, nan 
-10.625, -57.625, 3.1819609915763285e-23, nan 
-10.375, -57.625, 5.570808816040519e-23, nan 
-10.125, -57.625, 7.057633471308455e-23, nan 
-9.875, -57.625, 6.014428287914689e-23, nan 
-9.625, -57.625, 5.631770738283333e-23, nan 
-9.375, -57.625, 4.0804532249105206e-23, nan 
-9.125, -57.625, 3.0675527722246955e-23, nan 
-8.875, -57.625, 2.460179776023698e-23, nan 
-8.625, -57.625, 3.43101951010143e-23, nan 
-8.375, -57.625, 2.6007112770599025e-23, nan 
-8.125, -57.625, 2.637363614491395e-23, nan 
-7.875, -57.625, 2.884562196821533e-23, nan 
-7.625, -57.625, 3.1423699417935975e-23, nan 
-7.375, -57.625, 2.7175050849317435e-23, nan 
-7.125, -57.625, 2.7353293937454007e-23, nan 
-6.875, -57.625, 3.8189599764489544e-23, nan 
-6.625, -57.625, 2.9003844313545646e-23, nan 
-6.375, -57.625, 2.2694693306642652e-23, nan 
-6.125, -57.625, 5.907540807162064e-23, nan 
-5.875, -57.625, 7.082434554389626e-23, nan 
-5.625, -57.625, 4.3538640960177516e-23, nan 
-5.375, -57.625, 4.279230449791709e-23, nan 
-5.125, -57.625, 3.397572897449409e-23, nan 
-4.875, -57.625, 2.4413805814747912e-23, nan 
-4.625, -57.625, 1.2943522853595353e-23, nan 
-4.375, -57.625, 2.2994015108885548e-23, nan 
-4.125, -57.625, 3.5712614416684207e-23, nan 
-3.875, -57.625, 4.507830348663488e-23, nan 
-3.625, -57.625, 7.556055010567803e-23, nan 
-3.375, -57.625, 1.5677282300042751e-22, nan 
-3.125, -57.625, 1.631330524650361e-22, nan 
-2.875, -57.625, 9.859753748460028e-23, nan 
-2.625, -57.625, 9.134183850781881e-23, nan 
-2.375, -57.625, 2.215403905562524e-22, nan 
-2.125, -57.625, 2.0936434297283325e-22, nan 
-1.875, -57.625, 7.474222523052994e-23, nan 
-1.625, -57.625, 1.161562392333289e-22, nan 
-1.375, -57.625, 1.8626100817648607e-22, nan 
-1.125, -57.625, 2.2435879434548456e-22, nan 
-0.875, -57.625, 2.4578423673283547e-22, nan 
-0.625, -57.625, 1.8203435014428528e-22, nan 
-0.375, -57.625, 1.7509466185392633e-22, nan 
-0.125, -57.625, 1.472458476440425e-22, nan 
0.125, -57.625, 9.227556634002422e-23, nan 
0.375, -57.625, 9.608256559929258e-23, nan 
0.625, -57.625, 8.848664637766668e-23, nan 
0.875, -57.625, 5.80127499953741e-23, nan 
-31.375, -57.375, 6.964776572432151e-22, nan 
-31.125, -57.375, 6.601040433344063e-22, nan 
-30.875, -57.375, 6.497378867982171e-22, nan 
-30.625, -57.375, 2.549515628795277e-22, nan 
-30.375, -57.375, 2.044971106710615e-22, nan 
-30.125, -57.375, 1.561388118875026e-22, nan 
-29.875, -57.375, 1.3628130957742692e-22, nan 
-29.625, -57.375, 2.048199166616368e-22, nan 
-29.375, -57.375, 3.5734954936057178e-22, nan 
-29.125, -57.375, 2.754402843928321e-22, nan 
-28.875, -57.375, 2.920254099915766e-22, nan 
-28.625, -57.375, 3.317346097449137e-22, nan 
-28.375, -57.375, 3.450677956669408e-22, nan 
-28.125, -57.375, 3.5861686667038787e-22, nan 
-27.875, -57.375, 2.95814662835994e-22, nan 
-27.625, -57.375, 2.8289669027572906e-22, nan 
-27.375, -57.375, 2.158169782877631e-22, nan 
-27.125, -57.375, 2.7087142893056185e-22, nan 
-26.875, -57.375, 3.092692363197285e-22, nan 
-26.625, -57.375, 3.646167339406076e-22, nan 
-26.375, -57.375, 3.2791244677583745e-22, nan 
-26.125, -57.375, 2.3557381814786263e-22, nan 
-25.875, -57.375, 1.9638425047966732e-22, nan 
-25.625, -57.375, 1.410934167336123e-22, nan 
-25.375, -57.375, 1.4286548787646964e-22, nan 
-25.125, -57.375, 1.6036021950431496e-22, nan 
-24.875, -57.375, 1.6959966266040077e-22, nan 
-24.625, -57.375, 1.4731977581136786e-22, nan 
-24.375, -57.375, 1.3344473175185807e-22, nan 
-24.125, -57.375, 1.5162250569526117e-22, nan 
-23.875, -57.375, 1.5780034832900615e-22, nan 
-23.625, -57.375, 1.645735473314026e-22, nan 
-23.375, -57.375, 2.354405032067701e-22, nan 
-23.125, -57.375, 2.2194513235970397e-22, nan 
-22.875, -57.375, 5.059821153346513e-22, nan 
-22.625, -57.375, 5.955714958914486e-22, nan 
-22.375, -57.375, 5.84670159271259e-22, nan 
-22.125, -57.375, 3.8202074496982944e-22, nan 
-21.875, -57.375, 6.21678934963263e-22, nan 
-21.625, -57.375, 6.135775223895461e-22, nan 
-21.375, -57.375, 1.1192609962533463e-22, nan 
-21.125, -57.375, 1.2166311462463102e-22, nan 
-20.875, -57.375, 1.0864860078729942e-22, nan 
-20.625, -57.375, 6.378026250112342e-23, nan 
-20.375, -57.375, 7.999359742664012e-23, nan 
-20.125, -57.375, 4.685353656692042e-23, nan 
-19.875, -57.375, 2.1717698760980955e-23, nan 
-19.625, -57.375, 1.6117607506829864e-22, nan 
-19.375, -57.375, 1.238110208423763e-22, nan 
-19.125, -57.375, 2.5278200429026348e-23, nan 
-18.875, -57.375, 1.0408655513443727e-23, nan 
-18.625, -57.375, 1.47269755683247e-23, nan 
-18.375, -57.375, 2.615743192332574e-23, nan 
-18.125, -57.375, 3.677111992726759e-23, nan 
-17.875, -57.375, 1.183637639372899e-22, nan 
-17.625, -57.375, 2.793111872499263e-22, nan 
-17.375, -57.375, 3.162739620554734e-22, nan 
-17.125, -57.375, 2.008520274614529e-22, nan 
-16.875, -57.375, 1.8126737507918256e-22, nan 
-16.625, -57.375, 2.4035875966319037e-22, nan 
-16.375, -57.375, 1.6986589063240377e-22, nan 
-16.125, -57.375, 4.587548867874201e-23, nan 
-15.875, -57.375, 5.433981767042417e-23, nan 
-15.625, -57.375, 4.592708536939553e-23, nan 
-15.375, -57.375, 3.351298569272619e-23, nan 
-15.125, -57.375, 3.1363960220674446e-23, nan 
-14.875, -57.375, 1.776345847883075e-23, nan 
-14.625, -57.375, 1.5321773857728214e-23, nan 
-14.375, -57.375, 2.541597995575918e-23, nan 
-14.125, -57.375, 2.9680789747647614e-23, nan 
-13.875, -57.375, 2.4198132845113904e-23, nan 
-13.625, -57.375, 1.933034934396922e-23, nan 
-13.375, -57.375, 1.318405844756675e-23, nan 
-13.125, -57.375, 7.958031192370286e-24, nan 
-12.875, -57.375, 1.5573597051364373e-23, nan 
-12.625, -57.375, 1.895193170324199e-23, nan 
-12.375, -57.375, 2.8816118035153395e-23, nan 
-12.125, -57.375, 3.615813267091597e-23, nan 
-11.875, -57.375, 4.198250056726219e-23, nan 
-11.625, -57.375, 5.085953775811519e-23, nan 
-11.375, -57.375, 3.905124074264884e-23, nan 
-11.125, -57.375, 2.81714569490015e-23, nan 
-10.875, -57.375, 2.213790247638944e-23, nan 
-10.625, -57.375, 2.6463169208631977e-23, nan 
-10.375, -57.375, 4.200340330286109e-23, nan 
-10.125, -57.375, 7.015552407694545e-23, nan 
-9.875, -57.375, 7.752210688857536e-23, nan 
-9.625, -57.375, 5.681354620457875e-23, nan 
-9.375, -57.375, 4.603809319195726e-23, nan 
-9.125, -57.375, 2.9175617522072024e-23, nan 
-8.875, -57.375, 3.131657215776438e-23, nan 
-8.625, -57.375, 2.6458841289864628e-23, nan 
-8.375, -57.375, 1.9083448009815286e-23, nan 
-8.125, -57.375, 3.6625946943180537e-23, nan 
-7.875, -57.375, 3.412122396393452e-23, nan 
-7.625, -57.375, 6.351081088493752e-23, nan 
-7.375, -57.375, 7.008732585992462e-23, nan 
-7.125, -57.375, 4.100152318533803e-23, nan 
-6.875, -57.375, 5.76970619299565e-23, nan 
-6.625, -57.375, 3.3880595943987653e-23, nan 
-6.375, -57.375, 1.7948764524107592e-23, nan 
-6.125, -57.375, 1.009817060135399e-23, nan 
-5.875, -57.375, 6.462583469311369e-23, nan 
-5.625, -57.375, 7.814792352580066e-23, nan 
-5.375, -57.375, 5.2540836444485075e-23, nan 
-5.125, -57.375, 2.5070476958902612e-23, nan 
-4.875, -57.375, 1.3848191695076123e-23, nan 
-4.625, -57.375, 2.3739992751526917e-23, nan 
-4.375, -57.375, 2.971494374800265e-23, nan 
-4.125, -57.375, 2.3892802917903988e-23, nan 
-3.875, -57.375, 3.965050909421952e-23, nan 
-3.625, -57.375, 1.0151770044380472e-22, nan 
-3.375, -57.375, 1.4476772159393164e-22, nan 
-3.125, -57.375, 1.360527789106937e-22, nan 
-2.875, -57.375, 5.2700636865818767e-23, nan 
-2.625, -57.375, 5.870291490988723e-23, nan 
-2.375, -57.375, 1.770319138869063e-22, nan 
-2.125, -57.375, 1.6511802186068373e-22, nan 
-1.875, -57.375, 1.0935179143907728e-22, nan 
-1.625, -57.375, 2.076090752357338e-22, nan 
-1.375, -57.375, 2.112414621878491e-22, nan 
-1.125, -57.375, 1.0425919376767484e-22, nan 
-0.875, -57.375, 4.275766653709273e-23, nan 
-0.625, -57.375, 4.2418080722051715e-23, nan 
-0.375, -57.375, 5.239787291927227e-23, nan 
-0.125, -57.375, 2.0240169920386103e-22, nan 
0.125, -57.375, 1.8800341253738057e-22, nan 
0.375, -57.375, 6.163117571572009e-23, nan 
0.625, -57.375, 7.131863737385891e-23, nan 
-30.875, -57.125, 9.130126990403212e-22, nan 
-30.625, -57.125, 7.904928446953109e-22, nan 
-30.375, -57.125, 3.127294636184242e-22, nan 
-30.125, -57.125, 1.180572701414308e-22, nan 
-29.875, -57.125, 8.990647248142384e-23, nan 
-29.625, -57.125, 1.146327008099211e-22, nan 
-29.375, -57.125, 1.611411612902348e-22, nan 
-29.125, -57.125, 4.898768770944597e-23, nan 
-28.875, -57.125, 1.5872681346539088e-22, nan 
-28.625, -57.125, 2.0887628380709873e-22, nan 
-28.375, -57.125, 1.7109555356102146e-22, nan 
-28.125, -57.125, 3.018521888323586e-22, nan 
-27.875, -57.125, 3.500751711315154e-22, nan 
-27.625, -57.125, 4.339033331559056e-22, nan 
-27.375, -57.125, 3.078096370713911e-22, nan 
-27.125, -57.125, 2.1911078685353084e-22, nan 
-26.875, -57.125, 1.2076712697160707e-22, nan 
-26.625, -57.125, 2.087897888745806e-22, nan 
-26.375, -57.125, 2.0997288012685522e-22, nan 
-26.125, -57.125, 1.0895528271652606e-22, nan 
-25.875, -57.125, 1.034969454824528e-22, nan 
-25.625, -57.125, 9.936525500480672e-23, nan 
-25.375, -57.125, 1.0635527739780826e-22, nan 
-25.125, -57.125, 9.356062529624985e-23, nan 
-24.875, -57.125, 9.595181584645081e-23, nan 
-24.625, -57.125, 1.0157591677665739e-22, nan 
-24.375, -57.125, 1.1638851550275786e-22, nan 
-24.125, -57.125, 1.0480407109819102e-22, nan 
-23.875, -57.125, 1.1484379245834523e-22, nan 
-23.625, -57.125, 1.687193278933517e-22, nan 
-23.375, -57.125, 2.2076558044514823e-22, nan 
-23.125, -57.125, 6.577842962458284e-22, nan 
-22.875, -57.125, 7.922349409660321e-22, nan 
-22.625, -57.125, 6.077300727995221e-22, nan 
-22.375, -57.125, 6.905325099134232e-22, nan 
-22.125, -57.125, 8.180928312202183e-22, nan 
-21.875, -57.125, 8.179269131724358e-22, nan 
-21.625, -57.125, 5.920669706892023e-22, nan 
-21.375, -57.125, 2.224791741552148e-22, nan 
-21.125, -57.125, 1.085339785540496e-22, nan 
-20.875, -57.125, 7.822426692225555e-23, nan 
-20.625, -57.125, 6.012353445146805e-23, nan 
-20.375, -57.125, 5.1468822495144235e-23, nan 
-20.125, -57.125, 1.7935905805498098e-23, nan 
-19.875, -57.125, 1.7395272511720382e-23, nan 
-19.625, -57.125, 9.197348736460554e-23, nan 
-19.375, -57.125, 1.5009059575950245e-22, nan 
-19.125, -57.125, 1.0285486579428647e-22, nan 
-18.875, -57.125, 1.2176471503937712e-23, nan 
-18.625, -57.125, 2.1396616216517515e-23, nan 
-18.375, -57.125, 2.9723446074636084e-23, nan 
-18.125, -57.125, 2.1346759379511054e-23, nan 
-17.875, -57.125, 5.312225340368302e-23, nan 
-17.625, -57.125, 2.0441318129284553e-22, nan 
-17.375, -57.125, 3.5593945154185854e-22, nan 
-17.125, -57.125, 2.8814927471915597e-22, nan 
-16.875, -57.125, 9.850663980645619e-23, nan 
-16.625, -57.125, 1.8723355254350372e-22, nan 
-16.375, -57.125, 2.1156031301737119e-22, nan 
-16.125, -57.125, 1.2901641532069346e-22, nan 
-15.875, -57.125, 4.3135268471313057e-23, nan 
-15.625, -57.125, 2.7274748084607586e-23, nan 
-15.375, -57.125, 3.0927491367239975e-23, nan 
-15.125, -57.125, 4.836806259089422e-23, nan 
-14.875, -57.125, 4.9673690993738745e-23, nan 
-14.625, -57.125, 4.4454126162932855e-23, nan 
-14.375, -57.125, 3.2853351812859955e-23, nan 
-14.125, -57.125, 2.582764505186237e-23, nan 
-13.875, -57.125, 1.4476592647258357e-23, nan 
-13.625, -57.125, 2.67472343171815e-23, nan 
-13.375, -57.125, 2.7377470906969684e-23, nan 
-13.125, -57.125, 4.945414197044361e-23, nan 
-12.875, -57.125, 4.614865847001373e-23, nan 
-12.625, -57.125, 6.609881464880162e-23, nan 
-12.375, -57.125, 6.303062520982627e-23, nan 
-12.125, -57.125, 4.075176097926576e-23, nan 
-11.875, -57.125, 9.477782934333235e-23, nan 
-11.625, -57.125, 1.4793845165854004e-22, nan 
-11.375, -57.125, 1.1053562731963415e-22, nan 
-11.125, -57.125, 1.2187353926851004e-22, nan 
-10.875, -57.125, 1.3122971223255787e-22, nan 
-10.625, -57.125, 1.1387399923843475e-22, nan 
-10.375, -57.125, 4.520340312429319e-23, nan 
-10.125, -57.125, 3.1838446691905545e-23, nan 
-9.875, -57.125, 5.964354969408178e-23, nan 
-9.625, -57.125, 4.3976291163345884e-23, nan 
-9.375, -57.125, 4.191028024847416e-23, nan 
-9.125, -57.125, 4.122882039211516e-23, nan 
-8.875, -57.125, 4.656373406081483e-23, nan 
-8.625, -57.125, 4.154955273677921e-23, nan 
-8.375, -57.125, 2.860157535945124e-23, nan 
-8.125, -57.125, 2.254395974702734e-23, nan 
-7.875, -57.125, 6.408304141794869e-24, nan 
-7.625, -57.125, 1.5545624089548175e-23, nan 
-7.375, -57.125, 5.048310171012501e-23, nan 
-7.125, -57.125, 8.231032331848813e-23, nan 
-6.875, -57.125, 8.581414185097191e-23, nan 
-6.625, -57.125, 6.07104263488827e-23, nan 
-6.375, -57.125, 6.296003491528546e-23, nan 
-6.125, -57.125, 7.919108145054455e-23, nan 
-5.875, -57.125, 8.161400324871324e-23, nan 
-5.625, -57.125, 5.334325542472221e-23, nan 
-5.375, -57.125, 2.84350441797799e-23, nan 
-5.125, -57.125, 2.847169192295886e-23, nan 
-4.875, -57.125, 2.4166715338130373e-23, nan 
-4.625, -57.125, 2.1254144115786236e-23, nan 
-4.375, -57.125, 6.465661140234255e-23, nan 
-4.125, -57.125, 6.637437569785737e-23, nan 
-3.875, -57.125, 1.6114786722794628e-23, nan 
-3.625, -57.125, 1.897956603920085e-23, nan 
-3.375, -57.125, 3.70237950678677e-23, nan 
-3.125, -57.125, 9.985307171964063e-23, nan 
-2.875, -57.125, 8.029804562034428e-23, nan 
-2.625, -57.125, 1.0233710881204623e-22, nan 
-2.375, -57.125, 1.24897982016784e-22, nan 
-2.125, -57.125, 4.5208856948474247e-23, nan 
-1.875, -57.125, 1.829133394882353e-23, nan 
-1.625, -57.125, 2.659694155805595e-22, nan 
-1.375, -57.125, 2.9364674568437637e-22, nan 
-1.125, -57.125, 8.079054665180863e-23, nan 
-0.875, -57.125, 3.3582289295330826e-23, nan 
-0.625, -57.125, 1.5685815004866795e-23, nan 
-0.375, -57.125, 1.2495486938461626e-23, nan 
-0.125, -57.125, 1.4815305434605883e-22, nan 
0.125, -57.125, 1.7018095394895184e-22, nan 
0.375, -57.125, 1.1431702319454408e-22, nan 
-30.375, -56.875, 7.905727589501052e-22, nan 
-30.125, -56.875, 4.82088956310425e-22, nan 
-29.875, -56.875, 1.223292883333831e-22, nan 
-29.625, -56.875, 1.4775106172831765e-22, nan 
-29.375, -56.875, 1.4211648683971856e-22, nan 
-29.125, -56.875, 1.177661044570711e-22, nan 
-28.875, -56.875, 1.9043188457561173e-22, nan 
-28.625, -56.875, 2.8803965713267406e-22, nan 
-28.375, -56.875, 3.0030248695385653e-22, nan 
-28.125, -56.875, 2.763097247892792e-22, nan 
-27.875, -56.875, 2.7182469136872733e-22, nan 
-27.625, -56.875, 7.0379425181824185e-22, nan 
-27.375, -56.875, 6.477123424344874e-22, nan 
-27.125, -56.875, 2.88914660817259e-22, nan 
-26.875, -56.875, 2.1286869441965874e-22, nan 
-26.625, -56.875, 1.3517819711238345e-22, nan 
-26.375, -56.875, 1.8444537236253185e-22, nan 
-26.125, -56.875, 1.4771497868502768e-22, nan 
-25.875, -56.875, 1.0166320938754601e-22, nan 
-25.625, -56.875, 9.577352890027029e-23, nan 
-25.375, -56.875, 1.0020244280815069e-22, nan 
-25.125, -56.875, 9.761072305318804e-23, nan 
-24.875, -56.875, 1.0260496819812534e-22, nan 
-24.625, -56.875, 1.0973510460085336e-22, nan 
-24.375, -56.875, 1.09694909594653e-22, nan 
-24.125, -56.875, 1.0837400328171623e-22, nan 
-23.875, -56.875, 9.640088733289949e-23, nan 
-23.625, -56.875, 1.8002778095562205e-22, nan 
-23.375, -56.875, 2.0406186849757308e-22, nan 
-23.125, -56.875, 7.06720034072603e-22, nan 
-22.875, -56.875, 8.099184565560588e-22, nan 
-22.625, -56.875, 5.101460408889343e-22, nan 
-22.375, -56.875, 7.104319581562896e-22, nan 
-22.125, -56.875, 7.338846324139667e-22, nan 
-21.875, -56.875, 6.22268291762704e-22, nan 
-21.625, -56.875, 5.84384128750912e-22, nan 
-21.375, -56.875, 4.442540867227812e-22, nan 
-21.125, -56.875, 1.464596037359696e-22, nan 
-20.875, -56.875, 1.263151134699627e-22, nan 
-20.625, -56.875, 1.1140036954410252e-22, nan 
-20.375, -56.875, 1.2638763172637804e-22, nan 
-20.125, -56.875, 9.623707214050369e-23, nan 
-19.875, -56.875, 1.1631248328546186e-23, nan 
-19.625, -56.875, 1.1405386864806662e-23, nan 
-19.375, -56.875, 4.0874153670397836e-23, nan 
-19.125, -56.875, 1.3359033889069893e-23, nan 
-18.875, -56.875, 1.0726663230965883e-23, nan 
-18.625, -56.875, 1.3349234708877974e-23, nan 
-18.375, -56.875, 1.1885520139575619e-23, nan 
-18.125, -56.875, 1.6845353917820422e-23, nan 
-17.875, -56.875, 2.897381711630556e-23, nan 
-17.625, -56.875, 1.4900599698004888e-22, nan 
-17.375, -56.875, 3.7158187812816025e-22, nan 
-17.125, -56.875, 3.2897119947428176e-22, nan 
-16.875, -56.875, 1.2519568375712112e-22, nan 
-16.625, -56.875, 1.1668465461376564e-22, nan 
-16.375, -56.875, 1.078565249062103e-22, nan 
-16.125, -56.875, 9.615917501745476e-23, nan 
-15.875, -56.875, 7.297614531942011e-23, nan 
-15.625, -56.875, 7.928360868868632e-23, nan 
-15.375, -56.875, 4.865829385947526e-23, nan 
-15.125, -56.875, 5.2418477916306276e-23, nan 
-14.875, -56.875, 5.483042944870509e-23, nan 
-14.625, -56.875, 3.571545796137343e-23, nan 
-14.375, -56.875, 1.9380677404584614e-23, nan 
-14.125, -56.875, 2.976421844884172e-23, nan 
-13.875, -56.875, 4.1700918331415423e-23, nan 
-13.625, -56.875, 3.933403524287955e-23, nan 
-13.375, -56.875, 6.686194153522249e-23, nan 
-13.125, -56.875, 9.036410223986449e-23, nan 
-12.875, -56.875, 6.651481363555727e-23, nan 
-12.625, -56.875, 1.875873753015376e-22, nan 
-12.375, -56.875, 1.7085054843354187e-22, nan 
-12.125, -56.875, 3.9880912506670615e-23, nan 
-11.875, -56.875, 3.2888067373132757e-22, nan 
-11.625, -56.875, 3.447077014778066e-22, nan 
-11.375, -56.875, 1.040139187085065e-22, nan 
-11.125, -56.875, 1.1307812056103167e-22, nan 
-10.875, -56.875, 1.2724533465478722e-22, nan 
-10.625, -56.875, 1.857423409696288e-22, nan 
-10.375, -56.875, 1.8104535259735302e-22, nan 
-10.125, -56.875, 8.857690994474408e-23, nan 
-9.875, -56.875, 4.188854874785978e-23, nan 
-9.625, -56.875, 2.0378257899234524e-23, nan 
-9.375, -56.875, 1.8569643058157326e-23, nan 
-9.125, -56.875, 2.78966341457069e-23, nan 
-8.875, -56.875, 2.989164700952353e-23, nan 
-8.625, -56.875, 3.3816461055375724e-23, nan 
-8.375, -56.875, 2.909565510887162e-23, nan 
-8.125, -56.875, 2.1657480454672242e-23, nan 
-7.875, -56.875, 3.0763885048538857e-23, nan 
-7.625, -56.875, 5.0782063928678655e-23, nan 
-7.375, -56.875, 5.265950670010848e-23, nan 
-7.125, -56.875, 6.235785469449604e-23, nan 
-6.875, -56.875, 4.833625121410817e-23, nan 
-6.625, -56.875, 6.475269881157478e-23, nan 
-6.375, -56.875, 7.658032586230908e-23, nan 
-6.125, -56.875, 5.793758182986362e-23, nan 
-5.875, -56.875, 2.6437119863241613e-23, nan 
-5.625, -56.875, 4.003737018458929e-23, nan 
-5.375, -56.875, 4.0882871770348167e-23, nan 
-5.125, -56.875, 2.9838152495634904e-23, nan 
-4.875, -56.875, 1.349636101118464e-23, nan 
-4.625, -56.875, 2.814465177260578e-23, nan 
-4.375, -56.875, 3.491214456088587e-23, nan 
-4.125, -56.875, 5.885229273997079e-23, nan 
-3.875, -56.875, 4.8486691331433334e-23, nan 
-3.625, -56.875, 3.1505261192210246e-23, nan 
-3.375, -56.875, 2.8097294190231377e-23, nan 
-3.125, -56.875, 3.1275855064140044e-23, nan 
-2.875, -56.875, 3.425893018709919e-23, nan 
-2.625, -56.875, 3.937765723204133e-23, nan 
-2.375, -56.875, 5.294756235274369e-23, nan 
-2.125, -56.875, 4.357856751938396e-23, nan 
-1.875, -56.875, 2.0964673533401325e-23, nan 
-1.625, -56.875, 2.7670948798765097e-23, nan 
-1.375, -56.875, 1.744770615828766e-22, nan 
-1.125, -56.875, 1.6501765306638415e-22, nan 
-0.875, -56.875, 1.2493940987993392e-22, nan 
-0.625, -56.875, 1.2971049275907342e-22, nan 
-0.375, -56.875, 1.868446815620566e-22, nan 
-0.125, -56.875, 2.027290748552606e-22, nan 
0.125, -56.875, 1.491210436968517e-22, nan 
-29.875, -56.625, 4.66506695303092e-22, nan 
-29.625, -56.625, 3.0679420808698655e-22, nan 
-29.375, -56.625, 2.810698357089159e-22, nan 
-29.125, -56.625, 2.1368178457908e-22, nan 
-28.875, -56.625, 3.1379438914133683e-22, nan 
-28.625, -56.625, 4.598962054736852e-22, nan 
-28.375, -56.625, 4.787790908987519e-22, nan 
-28.125, -56.625, 5.638305578196833e-22, nan 
-27.875, -56.625, 5.853778985447784e-22, nan 
-27.625, -56.625, 6.163201535820479e-22, nan 
-27.375, -56.625, 5.686391149185772e-22, nan 
-27.125, -56.625, 2.775892913250246e-22, nan 
-26.875, -56.625, 2.181438951444559e-22, nan 
-26.625, -56.625, 5.752300431096317e-23, nan 
-26.375, -56.625, 7.963999468863056e-23, nan 
-26.125, -56.625, 1.1252029223927495e-22, nan 
-25.875, -56.625, 1.085557216326521e-22, nan 
-25.625, -56.625, 8.538621655640429e-23, nan 
-25.375, -56.625, 5.567311054131998e-23, nan 
-25.125, -56.625, 8.697551145628813e-23, nan 
-24.875, -56.625, 1.5520114463748747e-22, nan 
-24.625, -56.625, 1.6572851649633075e-22, nan 
-24.375, -56.625, 4.948242563220623e-23, nan 
-24.125, -56.625, 8.003722414721075e-23, nan 
-23.875, -56.625, 9.667928366673475e-23, nan 
-23.625, -56.625, 1.0989532829939147e-22, nan 
-23.375, -56.625, 2.3419830594431227e-22, nan 
-23.125, -56.625, 2.447021939132145e-22, nan 
-22.875, -56.625, 4.514187230653878e-22, nan 
-22.625, -56.625, 4.921879274955768e-22, nan 
-22.375, -56.625, 5.213941969624331e-22, nan 
-22.125, -56.625, 3.201982868192983e-22, nan 
-21.875, -56.625, 3.0922019152307222e-22, nan 
-21.625, -56.625, 4.731752084533325e-22, nan 
-21.375, -56.625, 3.68164838520698e-22, nan 
-21.125, -56.625, 9.447040273970605e-23, nan 
-20.875, -56.625, 6.900869638617162e-23, nan 
-20.625, -56.625, 1.6286850113445835e-22, nan 
-20.375, -56.625, 2.0155921801098184e-22, nan 
-20.125, -56.625, 2.1537718165606324e-22, nan 
-19.875, -56.625, 1.5481875118722604e-22, nan 
-19.625, -56.625, 2.2903653997184018e-23, nan 
-19.375, -56.625, 1.2885960903898461e-23, nan 
-19.125, -56.625, 2.4163345796476575e-23, nan 
-18.875, -56.625, 3.206945314872565e-23, nan 
-18.625, -56.625, 2.4604901926123008e-23, nan 
-18.375, -56.625, 1.8949047836415135e-23, nan 
-18.125, -56.625, 6.467693463265276e-23, nan 
-17.875, -56.625, 5.418852667284805e-23, nan 
-17.625, -56.625, 3.550470499819485e-22, nan 
-17.375, -56.625, 4.392738272593634e-22, nan 
-17.125, -56.625, 2.1734310755134215e-22, nan 
-16.875, -56.625, 1.4575686441845599e-22, nan 
-16.625, -56.625, 1.5159419574183723e-22, nan 
-16.375, -56.625, 1.1729933496263256e-22, nan 
-16.125, -56.625, 7.183651680685913e-23, nan 
-15.875, -56.625, 3.935024947916545e-23, nan 
-15.625, -56.625, 4.281166381649647e-23, nan 
-15.375, -56.625, 2.6130376532717218e-23, nan 
-15.125, -56.625, 2.3753082583881995e-23, nan 
-14.875, -56.625, 1.6568771746994376e-23, nan 
-14.625, -56.625, 7.166271508363511e-24, nan 
-14.375, -56.625, 2.6040276339344945e-23, nan 
-14.125, -56.625, 3.362548612396625e-23, nan 
-13.875, -56.625, 2.000589593697366e-23, nan 
-13.625, -56.625, 1.2048370615010845e-23, nan 
-13.375, -56.625, 1.4542250657026615e-23, nan 
-13.125, -56.625, 4.6103850132517067e-23, nan 
-12.875, -56.625, 6.323932825247652e-23, nan 
-12.625, -56.625, 8.044466416623734e-23, nan 
-12.375, -56.625, 4.6009418088892985e-23, nan 
-12.125, -56.625, 5.1742316266509275e-23, nan 
-11.875, -56.625, 1.8433440006469561e-22, nan 
-11.625, -56.625, 2.1427024473614754e-22, nan 
-11.375, -56.625, 6.051723928518662e-23, nan 
-11.125, -56.625, 1.9667416533116146e-23, nan 
-10.875, -56.625, 2.7917431341715785e-23, nan 
-10.625, -56.625, 5.931323686291027e-23, nan 
-10.375, -56.625, 2.178907838698575e-22, nan 
-10.125, -56.625, 1.9145944435393527e-22, nan 
-9.875, -56.625, 3.1733535682221836e-23, nan 
-9.625, -56.625, 2.4881577857204137e-23, nan 
-9.375, -56.625, 1.7452277794089947e-23, nan 
-9.125, -56.625, 1.5772244842736623e-23, nan 
-8.875, -56.625, 1.2796587084649705e-23, nan 
-8.625, -56.625, 1.2652365165290601e-23, nan 
-8.375, -56.625, 1.4461059504053825e-23, nan 
-8.125, -56.625, 2.7236725613134075e-23, nan 
-7.875, -56.625, 4.265159524110228e-23, nan 
-7.625, -56.625, 4.503597871918679e-23, nan 
-7.375, -56.625, 1.2184620819143743e-22, nan 
-7.125, -56.625, 1.4791919356191202e-22, nan 
-6.875, -56.625, 1.2717217198002386e-22, nan 
-6.625, -56.625, 2.8551897009532365e-23, nan 
-6.375, -56.625, 3.265576510195032e-23, nan 
-6.125, -56.625, 3.196801243344505e-23, nan 
-5.875, -56.625, 1.4514653635550425e-23, nan 
-5.625, -56.625, 5.1676477211242743e-23, nan 
-5.375, -56.625, 1.3934126076586373e-22, nan 
-5.125, -56.625, 1.5705224703541334e-22, nan 
-4.875, -56.625, 1.7651650789691615e-22, nan 
-4.625, -56.625, 1.7237362061177846e-22, nan 
-4.375, -56.625, 1.2261288468802359e-22, nan 
-4.125, -56.625, 8.371221473567692e-23, nan 
-3.875, -56.625, 6.762688210099247e-23, nan 
-3.625, -56.625, 3.33954479898634e-23, nan 
-3.375, -56.625, 2.9121092963703824e-23, nan 
-3.125, -56.625, 6.343458650118863e-23, nan 
-2.875, -56.625, 6.598272653538925e-23, nan 
-2.625, -56.625, 5.377493224305839e-23, nan 
-2.375, -56.625, 5.407266909945973e-23, nan 
-2.125, -56.625, 3.475040073111545e-23, nan 
-1.875, -56.625, 5.122361777336955e-23, nan 
-1.625, -56.625, 5.420486438615642e-23, nan 
-1.375, -56.625, 3.855614959020054e-23, nan 
-1.125, -56.625, 2.669407818449962e-23, nan 
-0.875, -56.625, 9.728396413423231e-23, nan 
-0.625, -56.625, 1.4248757060828177e-22, nan 
-0.375, -56.625, 1.4407645808866722e-22, nan 
-0.125, -56.625, 6.782082176038775e-23, nan 
-29.125, -56.375, 2.520409760199075e-22, nan 
-28.875, -56.375, 2.6447991523128643e-22, nan 
-28.625, -56.375, 3.3286545830834536e-22, nan 
-28.375, -56.375, 1.0226800050164804e-21, nan 
-28.125, -56.375, 9.347755568051784e-22, nan 
-27.875, -56.375, 6.555783106499024e-22, nan 
-27.625, -56.375, 5.820615258443097e-22, nan 
-27.375, -56.375, 3.5846795320493043e-22, nan 
-27.125, -56.375, 2.2564200661947775e-22, nan 
-26.875, -56.375, 2.4411469976835247e-22, nan 
-26.625, -56.375, 2.3068917203869038e-22, nan 
-26.375, -56.375, 3.468271138499561e-22, nan 
-26.125, -56.375, 1.1344839116144953e-22, nan 
-25.875, -56.375, 5.977348450697309e-23, nan 
-25.625, -56.375, 5.177477346097142e-23, nan 
-25.375, -56.375, 2.3634893217973108e-23, nan 
-25.125, -56.375, 4.206672167304706e-23, nan 
-24.875, -56.375, 6.373909102394777e-23, nan 
-24.625, -56.375, 2.564935744819121e-22, nan 
-24.375, -56.375, 1.7499396061593455e-22, nan 
-24.125, -56.375, 1.281126819045137e-22, nan 
-23.875, -56.375, 1.7378699495906984e-22, nan 
-23.625, -56.375, 1.4500414093890626e-22, nan 
-23.375, -56.375, 9.124905667782261e-23, nan 
-23.125, -56.375, 9.600290320396764e-23, nan 
-22.875, -56.375, 1.566881690070533e-22, nan 
-22.625, -56.375, 1.6633984827520339e-22, nan 
-22.375, -56.375, 1.4160410038939958e-22, nan 
-22.125, -56.375, 1.3499854674162807e-22, nan 
-21.875, -56.375, 7.529182689332078e-23, nan 
-21.625, -56.375, 4.967336207307683e-22, nan 
-21.375, -56.375, 5.305217285897695e-22, nan 
-21.125, -56.375, 2.9599018507479264e-22, nan 
-20.875, -56.375, 9.06090862170438e-23, nan 
-20.625, -56.375, 8.178950271945525e-23, nan 
-20.375, -56.375, 1.1542380740184622e-22, nan 
-20.125, -56.375, 1.7644116739847109e-22, nan 
-19.875, -56.375, 1.9682199087038113e-22, nan 
-19.625, -56.375, 9.083416636993584e-23, nan 
-19.375, -56.375, 4.5405218810301935e-23, nan 
-19.125, -56.375, 3.939391819271496e-23, nan 
-18.875, -56.375, 9.575504099839118e-23, nan 
-18.625, -56.375, 1.7941609632265376e-22, nan 
-18.375, -56.375, 1.4006710446207792e-22, nan 
-18.125, -56.375, 1.7349740293705136e-22, nan 
-17.875, -56.375, 2.271137292430509e-22, nan 
-17.625, -56.375, 5.212487241260972e-22, nan 
-17.375, -56.375, 5.159606593312933e-22, nan 
-17.125, -56.375, 2.22689202612794e-22, nan 
-16.875, -56.375, 1.8118616914707398e-22, nan 
-16.625, -56.375, 1.070352396022532e-22, nan 
-16.375, -56.375, 6.01651838334581e-23, nan 
-16.125, -56.375, 2.405781400193079e-23, nan 
-15.875, -56.375, 3.3447255985647265e-23, nan 
-15.625, -56.375, 2.984556401200304e-23, nan 
-15.375, -56.375, 2.0264480524609613e-23, nan 
-15.125, -56.375, 1.2757502842025153e-23, nan 
-14.875, -56.375, 1.5349552450440176e-23, nan 
-14.625, -56.375, 1.3121473122265452e-23, nan 
-14.375, -56.375, 1.1580737194048197e-23, nan 
-14.125, -56.375, 1.2040053971257173e-23, nan 
-13.875, -56.375, 1.8711230675884503e-23, nan 
-13.625, -56.375, 2.53312081853359e-23, nan 
-13.375, -56.375, 2.7730488997708256e-23, nan 
-13.125, -56.375, 2.1090967784868046e-23, nan 
-12.875, -56.375, 2.553893169520223e-23, nan 
-12.625, -56.375, 3.6260723450632064e-23, nan 
-12.375, -56.375, 3.918404502911152e-23, nan 
-12.125, -56.375, 1.9976979848150535e-23, nan 
-11.875, -56.375, 2.0983920788980247e-23, nan 
-11.625, -56.375, 2.3650547936908373e-22, nan 
-11.375, -56.375, 2.482281564966142e-22, nan 
-11.125, -56.375, 1.3430175011216973e-22, nan 
-10.875, -56.375, 1.2302492750442986e-22, nan 
-10.625, -56.375, 1.7381114598919453e-22, nan 
-10.375, -56.375, 1.61967378100275e-22, nan 
-10.125, -56.375, 3.2725201400400494e-23, nan 
-9.875, -56.375, 1.7914145694407215e-23, nan 
-9.625, -56.375, 1.6534397270592052e-23, nan 
-9.375, -56.375, 2.534746591583734e-23, nan 
-9.125, -56.375, 1.4613420965359544e-23, nan 
-8.875, -56.375, 2.442141601181069e-23, nan 
-8.625, -56.375, 2.6151405299149836e-23, nan 
-8.375, -56.375, 7.712052377108777e-24, nan 
-8.125, -56.375, 2.1907529381717328e-23, nan 
-7.875, -56.375, 3.399280451789115e-23, nan 
-7.625, -56.375, 2.40599148889209e-22, nan 
-7.375, -56.375, 2.7757450575052165e-22, nan 
-7.125, -56.375, 1.645407895994463e-22, nan 
-6.875, -56.375, 2.868880791458037e-22, nan 
-6.625, -56.375, 2.9017372411497706e-22, nan 
-6.375, -56.375, 2.49920181995717e-23, nan 
-6.125, -56.375, 2.5696678310792962e-23, nan 
-5.875, -56.375, 8.180918833425859e-23, nan 
-5.625, -56.375, 1.8962713884944424e-22, nan 
-5.375, -56.375, 2.0806211214990837e-22, nan 
-5.125, -56.375, 1.5196861324927088e-22, nan 
-4.875, -56.375, 1.7211812196503976e-22, nan 
-4.625, -56.375, 2.247337358833438e-22, nan 
-4.375, -56.375, 2.9338592558641584e-22, nan 
-4.125, -56.375, 2.2266469675349732e-22, nan 
-3.875, -56.375, 6.78916032469136e-23, nan 
-3.625, -56.375, 4.887046678628468e-23, nan 
-3.375, -56.375, 6.205729765274336e-23, nan 
-3.125, -56.375, 4.3480451601054137e-23, nan 
-2.875, -56.375, 2.888072402397764e-23, nan 
-2.625, -56.375, 3.888819379856053e-23, nan 
-2.375, -56.375, 4.3092084076649656e-23, nan 
-2.125, -56.375, 3.554920436539033e-23, nan 
-1.875, -56.375, 3.679184056128921e-23, nan 
-1.625, -56.375, 2.4532571958425418e-23, nan 
-1.375, -56.375, 1.2217867137293742e-23, nan 
-1.125, -56.375, 1.812497395306077e-23, nan 
-0.875, -56.375, 2.3794884855039163e-23, nan 
-0.625, -56.375, 3.02569358348129e-23, nan 
-0.375, -56.375, 3.906426850119488e-23, nan 
-28.625, -56.125, 8.74842740681137e-22, nan 
-28.375, -56.125, 1.1548105555984608e-21, nan 
-28.125, -56.125, 8.185462501450552e-22, nan 
-27.875, -56.125, 8.399790747969363e-22, nan 
-27.625, -56.125, 6.19547957940273e-22, nan 
-27.375, -56.125, 3.7469106972562777e-22, nan 
-27.125, -56.125, 2.942952851167385e-22, nan 
-26.875, -56.125, 2.84540248580836e-22, nan 
-26.625, -56.125, 3.3652743968408197e-22, nan 
-26.375, -56.125, 5.64000783792081e-22, nan 
-26.125, -56.125, 4.1696837155195056e-22, nan 
-25.875, -56.125, 1.295553603384358e-22, nan 
-25.625, -56.125, 4.5471359872400087e-23, nan 
-25.375, -56.125, 1.188176071591029e-23, nan 
-25.125, -56.125, 3.1843035798184445e-23, nan 
-24.875, -56.125, 3.3494827954841964e-22, nan 
-24.625, -56.125, 3.8236813245141924e-22, nan 
-24.375, -56.125, 1.9740786671575692e-22, nan 
-24.125, -56.125, 1.7260326376089862e-22, nan 
-23.875, -56.125, 3.3260641151158916e-22, nan 
-23.625, -56.125, 3.5517338885861377e-22, nan 
-23.375, -56.125, 1.076401006316013e-22, nan 
-23.125, -56.125, 5.065939828991918e-23, nan 
-22.875, -56.125, 5.790575684716159e-23, nan 
-22.625, -56.125, 7.740058289489012e-23, nan 
-22.375, -56.125, 9.509809545477466e-23, nan 
-22.125, -56.125, 3.002175783656033e-22, nan 
-21.875, -56.125, 2.7562322026693567e-22, nan 
-21.625, -56.125, 8.148671309395129e-23, nan 
-21.375, -56.125, 2.444361423066549e-22, nan 
-21.125, -56.125, 4.086357085629195e-22, nan 
-20.875, -56.125, 3.8284513798311555e-22, nan 
-20.625, -56.125, 1.4915802986775744e-22, nan 
-20.375, -56.125, 2.212522837098718e-22, nan 
-20.125, -56.125, 2.9202005276373374e-22, nan 
-19.875, -56.125, 3.533538683922289e-22, nan 
-19.625, -56.125, 3.1565784048373156e-22, nan 
-19.375, -56.125, 2.0525414991930639e-22, nan 
-19.125, -56.125, 1.571417425875416e-22, nan 
-18.875, -56.125, 2.7311966245432846e-22, nan 
-18.625, -56.125, 3.7331206843430474e-22, nan 
-18.375, -56.125, 3.2082426870867096e-22, nan 
-18.125, -56.125, 2.5988618349871006e-22, nan 
-17.875, -56.125, 4.675012216044947e-22, nan 
-17.625, -56.125, 6.824517947688852e-22, nan 
-17.375, -56.125, 5.281137934233355e-22, nan 
-17.125, -56.125, 1.408643579471723e-22, nan 
-16.875, -56.125, 1.3125639508864788e-22, nan 
-16.625, -56.125, 9.728724025663318e-23, nan 
-16.375, -56.125, 2.9477961118411995e-23, nan 
-16.125, -56.125, 1.0524985234820403e-23, nan 
-15.875, -56.125, 1.0777063417208839e-23, nan 
-15.625, -56.125, 2.0620060153660944e-23, nan 
-15.375, -56.125, 2.626776316088866e-23, nan 
-15.125, -56.125, 3.029071430537435e-23, nan 
-14.875, -56.125, 2.820715034117294e-23, nan 
-14.625, -56.125, 1.9649610910408068e-23, nan 
-14.375, -56.125, 1.351201255813689e-23, nan 
-14.125, -56.125, 1.3187535566143987e-23, nan 
-13.875, -56.125, 1.8585930490246355e-23, nan 
-13.625, -56.125, 2.817369110673582e-23, nan 
-13.375, -56.125, 2.661712509055319e-23, nan 
-13.125, -56.125, 2.1778214070135897e-23, nan 
-12.875, -56.125, 1.430279601474552e-23, nan 
-12.625, -56.125, 2.2842644573429888e-23, nan 
-12.375, -56.125, 2.981929073259116e-23, nan 
-12.125, -56.125, 3.594088373509448e-23, nan 
-11.875, -56.125, 3.295323784032021e-23, nan 
-11.625, -56.125, 3.5550454041671655e-23, nan 
-11.375, -56.125, 1.27141718307083e-22, nan 
-11.125, -56.125, 1.3272607009860328e-22, nan 
-10.875, -56.125, 1.245650969708174e-22, nan 
-10.625, -56.125, 9.139026415520626e-23, nan 
-10.375, -56.125, 1.9710326374448508e-23, nan 
-10.125, -56.125, 1.93855280823147e-23, nan 
-9.875, -56.125, 3.659187990635723e-23, nan 
-9.625, -56.125, 4.482439469358721e-23, nan 
-9.375, -56.125, 4.280382242256023e-23, nan 
-9.125, -56.125, 3.0462810032169844e-23, nan 
-8.875, -56.125, 2.715972265120409e-23, nan 
-8.625, -56.125, 1.6038599518227426e-23, nan 
-8.375, -56.125, 2.1779085798120365e-23, nan 
-8.125, -56.125, 2.693654466170197e-23, nan 
-7.875, -56.125, 2.5187882941699153e-23, nan 
-7.625, -56.125, 3.0798026156755e-22, nan 
-7.375, -56.125, 3.4187163821566115e-22, nan 
-7.125, -56.125, 5.556142992264297e-23, nan 
-6.875, -56.125, 1.2939628381229784e-22, nan 
-6.625, -56.125, 3.4382544644285875e-22, nan 
-6.375, -56.125, 2.6746788835491265e-22, nan 
-6.125, -56.125, 2.9441264376688703e-23, nan 
-5.875, -56.125, 1.6004515018238151e-22, nan 
-5.625, -56.125, 1.9301827777441967e-22, nan 
-5.375, -56.125, 7.668583756951191e-23, nan 
-5.125, -56.125, 2.1576876297014723e-23, nan 
-4.875, -56.125, 1.8198483627808402e-23, nan 
-4.625, -56.125, 4.850894800056214e-23, nan 
-4.375, -56.125, 2.7188312296357777e-22, nan 
-4.125, -56.125, 2.639319188163492e-22, nan 
-3.875, -56.125, 6.675295926533128e-23, nan 
-3.625, -56.125, 8.13335692835021e-23, nan 
-3.375, -56.125, 9.887979415850258e-23, nan 
-3.125, -56.125, 6.559558246662656e-23, nan 
-2.875, -56.125, 4.5537676618312863e-23, nan 
-2.625, -56.125, 2.3386968159112834e-23, nan 
-2.375, -56.125, 1.8549552099752645e-23, nan 
-2.125, -56.125, 1.9187957631582663e-23, nan 
-1.875, -56.125, 2.3052155115238947e-23, nan 
-1.625, -56.125, 2.1788283335853574e-23, nan 
-1.375, -56.125, 2.3812723913968033e-23, nan 
-1.125, -56.125, 2.366328119851665e-23, nan 
-0.875, -56.125, 8.196643520756044e-24, nan 
-28.125, -55.875, 7.129802602454639e-22, nan 
-27.875, -55.875, 6.261056347813173e-22, nan 
-27.625, -55.875, 4.486265125608563e-22, nan 
-27.375, -55.875, 3.952853189792557e-22, nan 
-27.125, -55.875, 2.800942788994178e-22, nan 
-26.875, -55.875, 3.3759898641830822e-22, nan 
-26.625, -55.875, 4.3430298758665265e-22, nan 
-26.375, -55.875, 4.94160995173866e-22, nan 
-26.125, -55.875, 2.8043467703262787e-22, nan 
-25.875, -55.875, 1.5834456668453774e-22, nan 
-25.625, -55.875, 1.1786209163285612e-22, nan 
-25.375, -55.875, 1.438540465581382e-22, nan 
-25.125, -55.875, 1.4678460111382655e-22, nan 
-24.875, -55.875, 2.9893292107042596e-22, nan 
-24.625, -55.875, 3.9423117226063182e-22, nan 
-24.375, -55.875, 3.212842507971016e-22, nan 
-24.125, -55.875, 1.3726407693874937e-22, nan 
-23.875, -55.875, 1.5379562513872136e-22, nan 
-23.625, -55.875, 4.656854337545772e-22, nan 
-23.375, -55.875, 3.965303998499256e-22, nan 
-23.125, -55.875, 1.2420869989792437e-22, nan 
-22.875, -55.875, 1.0172767281593506e-22, nan 
-22.625, -55.875, 1.1272507044148587e-22, nan 
-22.375, -55.875, 4.504343698783484e-22, nan 
-22.125, -55.875, 5.343942167367184e-22, nan 
-21.875, -55.875, 4.685313022298547e-22, nan 
-21.625, -55.875, 3.5274509623230486e-22, nan 
-21.375, -55.875, 9.248502580770983e-23, nan 
-21.125, -55.875, 1.0271602464742147e-22, nan 
-20.875, -55.875, 3.070357105929492e-22, nan 
-20.625, -55.875, 2.866117395290598e-22, nan 
-20.375, -55.875, 2.5295313090898644e-22, nan 
-20.125, -55.875, 2.0727544960272585e-22, nan 
-19.875, -55.875, 3.5555892038998253e-22, nan 
-19.625, -55.875, 3.3985269393829977e-22, nan 
-19.375, -55.875, 2.4634262141298224e-22, nan 
-19.125, -55.875, 1.6943073755399793e-22, nan 
-18.875, -55.875, 2.943990902098179e-22, nan 
-18.625, -55.875, 3.798252888540821e-22, nan 
-18.375, -55.875, 4.1112324831884904e-22, nan 
-18.125, -55.875, 4.883594843287282e-22, nan 
-17.875, -55.875, 5.129549508799281e-22, nan 
-17.625, -55.875, 3.047073880377784e-22, nan 
-17.375, -55.875, 6.459202823952047e-23, nan 
-17.125, -55.875, 5.765059597886659e-23, nan 
-16.875, -55.875, 6.178747662794418e-23, nan 
-16.625, -55.875, 4.475627206342538e-23, nan 
-16.375, -55.875, 2.8932594286283195e-23, nan 
-16.125, -55.875, 1.373493284158739e-22, nan 
-15.875, -55.875, 1.297124094873257e-22, nan 
-15.625, -55.875, 2.133733412156802e-23, nan 
-15.375, -55.875, 2.1879132442064654e-23, nan 
-15.125, -55.875, 2.0543887087111409e-23, nan 
-14.875, -55.875, 1.1276550385347438e-23, nan 
-14.625, -55.875, 8.01083110457215e-24, nan 
-14.375, -55.875, 1.705592346693851e-23, nan 
-14.125, -55.875, 3.991819918994267e-23, nan 
-13.875, -55.875, 3.176169014816737e-23, nan 
-13.625, -55.875, 3.388405246166908e-23, nan 
-13.375, -55.875, 3.3874427306948215e-23, nan 
-13.125, -55.875, 2.5709253532462175e-23, nan 
-12.875, -55.875, 3.594729966359282e-23, nan 
-12.625, -55.875, 3.220768779783977e-23, nan 
-12.375, -55.875, 3.1102723637471357e-23, nan 
-12.125, -55.875, 3.847841181332565e-23, nan 
-11.875, -55.875, 4.5588396699441516e-23, nan 
-11.625, -55.875, 4.902514171561779e-23, nan 
-11.375, -55.875, 3.717411059980612e-23, nan 
-11.125, -55.875, 4.3722992001354495e-23, nan 
-10.875, -55.875, 5.316219475492887e-23, nan 
-10.625, -55.875, 6.110788172022109e-23, nan 
-10.375, -55.875, 5.973439116622635e-23, nan 
-10.125, -55.875, 4.875894426880896e-23, nan 
-9.875, -55.875, 5.088168696626967e-23, nan 
-9.625, -55.875, 4.51981550686049e-23, nan 
-9.375, -55.875, 9.529362792203624e-23, nan 
-9.125, -55.875, 7.606034863498637e-23, nan 
-8.875, -55.875, 2.0897425480835675e-23, nan 
-8.625, -55.875, 1.0144473150360106e-23, nan 
-8.375, -55.875, 9.129324306017336e-24, nan 
-8.125, -55.875, 1.4405004890475262e-23, nan 
-7.875, -55.875, 7.766077136192212e-23, nan 
-7.625, -55.875, 1.6119818003084099e-22, nan 
-7.375, -55.875, 2.5900547417990155e-22, nan 
-7.125, -55.875, 2.258828307751427e-22, nan 
-6.875, -55.875, 1.97402359723821e-22, nan 
-6.625, -55.875, 1.9319980198389849e-22, nan 
-6.375, -55.875, 5.800083686186164e-23, nan 
-6.125, -55.875, 2.73521907618226e-23, nan 
-5.875, -55.875, 6.575096752625275e-23, nan 
-5.625, -55.875, 1.938347055142898e-22, nan 
-5.375, -55.875, 2.155732621972331e-22, nan 
-5.125, -55.875, 1.5975955471747872e-22, nan 
-4.875, -55.875, 1.7011179522109344e-22, nan 
-4.625, -55.875, 2.2252053472105704e-22, nan 
-4.375, -55.875, 2.8071883715895445e-22, nan 
-4.125, -55.875, 2.079438822694394e-22, nan 
-3.875, -55.875, 7.50497540969225e-23, nan 
-3.625, -55.875, 1.098971054656519e-22, nan 
-3.375, -55.875, 1.1315083468078927e-22, nan 
-3.125, -55.875, 1.1225185152671748e-22, nan 
-2.875, -55.875, 5.439842204018056e-23, nan 
-2.625, -55.875, 4.461751174296493e-23, nan 
-2.375, -55.875, 2.5229032558670997e-23, nan 
-2.125, -55.875, 6.604910596238654e-24, nan 
-1.875, -55.875, 8.303883076607745e-24, nan 
-1.625, -55.875, 6.480848294227197e-24, nan 
-1.375, -55.875, 7.946843919071604e-24, nan 
-1.125, -55.875, 3.479374027199806e-23, nan 
-27.625, -55.625, 2.9179635214413487e-22, nan 
-27.375, -55.625, 4.2115884784558074e-22, nan 
-27.125, -55.625, 4.655620442931183e-22, nan 
-26.875, -55.625, 2.8460072078891694e-22, nan 
-26.625, -55.625, 2.2506367911331293e-22, nan 
-26.375, -55.625, 2.997004849364171e-22, nan 
-26.125, -55.625, 1.6050991522839971e-22, nan 
-25.875, -55.625, 1.7456521586267836e-22, nan 
-25.625, -55.625, 2.21058062478996e-22, nan 
-25.375, -55.625, 1.8972288559570493e-22, nan 
-25.125, -55.625, 1.039750037554369e-22, nan 
-24.875, -55.625, 9.019919163200414e-23, nan 
-24.625, -55.625, 1.6976336830655576e-22, nan 
-24.375, -55.625, 2.4542732095603806e-22, nan 
-24.125, -55.625, 1.9311830219967122e-22, nan 
-23.875, -55.625, 2.5269138126478696e-22, nan 
-23.625, -55.625, 3.144522677942455e-22, nan 
-23.375, -55.625, 1.7847253932985593e-22, nan 
-23.125, -55.625, 1.055864041737599e-22, nan 
-22.875, -55.625, 8.542556888607716e-23, nan 
-22.625, -55.625, 8.91305741134182e-23, nan 
-22.375, -55.625, 1.0973142304815988e-22, nan 
-22.125, -55.625, 1.871948475794667e-22, nan 
-21.875, -55.625, 1.6602370518302417e-22, nan 
-21.625, -55.625, 9.969720535516113e-23, nan 
-21.375, -55.625, 9.845456790405372e-23, nan 
-21.125, -55.625, 9.346819445374006e-23, nan 
-20.875, -55.625, 1.1661454461161657e-22, nan 
-20.625, -55.625, 1.1803176036408792e-22, nan 
-20.375, -55.625, 2.2301966337586203e-22, nan 
-20.125, -55.625, 3.4613205936970176e-22, nan 
-19.875, -55.625, 4.023501243836772e-22, nan 
-19.625, -55.625, 3.2927073110211164e-22, nan 
-19.375, -55.625, 3.0159110659855576e-22, nan 
-19.125, -55.625, 3.433799054277239e-22, nan 
-18.875, -55.625, 3.4437475098798554e-22, nan 
-18.625, -55.625, 3.5671949594034187e-22, nan 
-18.375, -55.625, 3.7543728946532405e-22, nan 
-18.125, -55.625, 2.701821132453878e-22, nan 
-17.875, -55.625, 8.128150737143585e-23, nan 
-17.625, -55.625, 5.230035952611537e-23, nan 
-17.375, -55.625, 6.530462620677935e-23, nan 
-17.125, -55.625, 4.6445121078046394e-23, nan 
-16.875, -55.625, 3.896767327485855e-23, nan 
-16.625, -55.625, 3.44892007126461e-23, nan 
-16.375, -55.625, 2.5829275363029946e-22, nan 
-16.125, -55.625, 3.060337049942984e-22, nan 
-15.875, -55.625, 2.6280360596523936e-22, nan 
-15.625, -55.625, 2.0203916506992253e-22, nan 
-15.375, -55.625, 2.0939696529822395e-23, nan 
-15.125, -55.625, 2.1594459583958008e-23, nan 
-14.875, -55.625, 2.7477251474168703e-23, nan 
-14.625, -55.625, 2.2549928661730977e-23, nan 
-14.375, -55.625, 2.764669748661942e-23, nan 
-14.125, -55.625, 3.694475728515187e-23, nan 
-13.875, -55.625, 2.4099924007161685e-23, nan 
-13.625, -55.625, 3.027268990326688e-23, nan 
-13.375, -55.625, 3.557344742759643e-23, nan 
-13.125, -55.625, 2.4757470067214005e-23, nan 
-12.875, -55.625, 3.4973185647845043e-23, nan 
-12.625, -55.625, 3.176152316928028e-23, nan 
-12.375, -55.625, 3.4361918290383616e-23, nan 
-12.125, -55.625, 4.044787905757911e-23, nan 
-11.875, -55.625, 3.3312007896149725e-23, nan 
-11.625, -55.625, 3.2851352632562916e-23, nan 
-11.375, -55.625, 3.302663859344396e-23, nan 
-11.125, -55.625, 4.514870484275867e-23, nan 
-10.875, -55.625, 5.762725308195763e-23, nan 
-10.625, -55.625, 6.655986803156836e-23, nan 
-10.375, -55.625, 5.961841384380813e-23, nan 
-10.125, -55.625, 3.6751941318035986e-23, nan 
-9.875, -55.625, 3.4001941259998934e-23, nan 
-9.625, -55.625, 3.7019107882214383e-23, nan 
-9.375, -55.625, 5.321821222160231e-23, nan 
-9.125, -55.625, 1.4838169436099407e-23, nan 
-8.875, -55.625, 1.7178972611983306e-23, nan 
-8.625, -55.625, 1.373311629201521e-23, nan 
-8.375, -55.625, 1.1145762614558957e-23, nan 
-8.125, -55.625, 9.1185667869203e-24, nan 
-7.875, -55.625, 1.3505237909568393e-23, nan 
-7.625, -55.625, 5.143225290523326e-23, nan 
-7.375, -55.625, 3.060837016194186e-23, nan 
-7.125, -55.625, 1.250237906873796e-22, nan 
-6.875, -55.625, 1.015812733914307e-22, nan 
-6.625, -55.625, 2.4522627277424677e-23, nan 
-6.375, -55.625, 1.962580010637407e-23, nan 
-6.125, -55.625, 1.8903305452895587e-23, nan 
-5.875, -55.625, 1.5869644303233768e-23, nan 
-5.625, -55.625, 3.670788504836213e-23, nan 
-5.375, -55.625, 1.3353539013522377e-22, nan 
-5.125, -55.625, 1.5766484705388278e-22, nan 
-4.875, -55.625, 1.6513802443033824e-22, nan 
-4.625, -55.625, 1.637360584060773e-22, nan 
-4.375, -55.625, 1.0297469040408436e-22, nan 
-4.125, -55.625, 9.59832336185842e-23, nan 
-3.875, -55.625, 1.4680199918008919e-22, nan 
-3.625, -55.625, 1.5221580019832896e-22, nan 
-3.375, -55.625, 9.07775799825062e-23, nan 
-3.125, -55.625, 2.0918298890403917e-22, nan 
-2.875, -55.625, 1.7384580435793914e-22, nan 
-2.625, -55.625, 5.266975709369379e-23, nan 
-2.375, -55.625, 4.932852301126178e-23, nan 
-2.125, -55.625, 1.6019116167868877e-23, nan 
-1.875, -55.625, 1.0651478306115566e-23, nan 
-1.625, -55.625, 1.0057766114990495e-23, nan 
-1.375, -55.625, 6.113251894475097e-24, nan 
-27.125, -55.375, 6.345617367108817e-22, nan 
-26.875, -55.375, 5.02054430775187e-22, nan 
-26.625, -55.375, 1.8713068927185846e-22, nan 
-26.375, -55.375, 1.2500755623261046e-22, nan 
-26.125, -55.375, 2.269850660423906e-22, nan 
-25.875, -55.375, 1.3896750462757918e-22, nan 
-25.625, -55.375, 1.5793691165666716e-22, nan 
-25.375, -55.375, 1.65724100172313e-22, nan 
-25.125, -55.375, 7.69760372092301e-23, nan 
-24.875, -55.375, 1.4619204435708296e-22, nan 
-24.625, -55.375, 1.852131164391751e-22, nan 
-24.375, -55.375, 1.688679749914803e-22, nan 
-24.125, -55.375, 1.2764661495367208e-22, nan 
-23.875, -55.375, 2.200145271096441e-22, nan 
-23.625, -55.375, 2.1785773995720807e-22, nan 
-23.375, -55.375, 1.123412794026368e-22, nan 
-23.125, -55.375, 8.633795198878585e-23, nan 
-22.875, -55.375, 6.984711660903587e-23, nan 
-22.625, -55.375, 5.373538284755148e-23, nan 
-22.375, -55.375, 7.719876435548268e-23, nan 
-22.125, -55.375, 5.955239757973218e-23, nan 
-21.875, -55.375, 7.652037830102825e-23, nan 
-21.625, -55.375, 8.907410428990306e-23, nan 
-21.375, -55.375, 6.333706091355277e-23, nan 
-21.125, -55.375, 7.517388780155255e-23, nan 
-20.875, -55.375, 9.7901431908906e-23, nan 
-20.625, -55.375, 1.3596233747564903e-22, nan 
-20.375, -55.375, 1.2134666099142882e-22, nan 
-20.125, -55.375, 1.2047239961786e-22, nan 
-19.875, -55.375, 9.26584956220309e-23, nan 
-19.625, -55.375, 1.3019257666855146e-22, nan 
-19.375, -55.375, 1.5625860994619628e-22, nan 
-19.125, -55.375, 2.19248184087065e-22, nan 
-18.875, -55.375, 1.3304074109661518e-22, nan 
-18.625, -55.375, 1.093400163562718e-22, nan 
-18.375, -55.375, 6.557664793648621e-23, nan 
-18.125, -55.375, 5.670826395189088e-23, nan 
-17.875, -55.375, 3.964381681595051e-23, nan 
-17.625, -55.375, 4.784318216836797e-23, nan 
-17.375, -55.375, 2.9258467673635694e-23, nan 
-17.125, -55.375, 2.915437343494823e-23, nan 
-16.875, -55.375, 2.887565427075669e-23, nan 
-16.625, -55.375, 4.440042413596584e-23, nan 
-16.375, -55.375, 5.25615900126134e-23, nan 
-16.125, -55.375, 1.1752000233617785e-22, nan 
-15.875, -55.375, 1.073973358412117e-22, nan 
-15.625, -55.375, 3.2450958523953105e-23, nan 
-15.375, -55.375, 2.9723259225999214e-23, nan 
-15.125, -55.375, 3.2930357857987977e-23, nan 
-14.875, -55.375, 2.9564547950091727e-23, nan 
-14.625, -55.375, 1.9583368210770813e-23, nan 
-14.375, -55.375, 4.086275368594426e-23, nan 
-14.125, -55.375, 3.684496291215387e-23, nan 
-13.875, -55.375, 1.8582198267412702e-23, nan 
-13.625, -55.375, 2.5243435280513394e-23, nan 
-13.375, -55.375, 4.15793455957492e-23, nan 
-13.125, -55.375, 3.266534242736599e-23, nan 
-12.875, -55.375, 1.526295667406883e-23, nan 
-12.625, -55.375, 1.8155507571720325e-23, nan 
-12.375, -55.375, 2.4934127724125336e-23, nan 
-12.125, -55.375, 3.3414311853652014e-23, nan 
-11.875, -55.375, 3.505811147508346e-23, nan 
-11.625, -55.375, 2.94536859573554e-23, nan 
-11.375, -55.375, 1.4246760973880765e-23, nan 
-11.125, -55.375, 1.6616587429956763e-23, nan 
-10.875, -55.375, 2.6071216155719284e-23, nan 
-10.625, -55.375, 3.5841373474627094e-23, nan 
-10.375, -55.375, 3.210864921146728e-23, nan 
-10.125, -55.375, 2.4167831060626717e-23, nan 
-9.875, -55.375, 3.408505858752737e-23, nan 
-9.625, -55.375, 3.4506452952898853e-23, nan 
-9.375, -55.375, 2.367985137943584e-23, nan 
-9.125, -55.375, 3.265904756805968e-23, nan 
-8.875, -55.375, 2.7621708399962114e-23, nan 
-8.625, -55.375, 1.440254003089395e-23, nan 
-8.375, -55.375, 1.774621863774807e-23, nan 
-8.125, -55.375, 2.0001234788532012e-23, nan 
-7.875, -55.375, 1.7662849020467417e-23, nan 
-7.625, -55.375, 1.648153262534302e-23, nan 
-7.375, -55.375, 8.240339127922186e-24, nan 
-7.125, -55.375, 5.738888865922393e-24, nan 
-6.875, -55.375, 8.210740150808434e-24, nan 
-6.625, -55.375, 1.0761284943445159e-23, nan 
-6.375, -55.375, 1.7374764685381525e-23, nan 
-6.125, -55.375, 1.4797498495222496e-23, nan 
-5.875, -55.375, 3.0728817629834494e-23, nan 
-5.625, -55.375, 3.41967423354803e-23, nan 
-5.375, -55.375, 1.328214628401712e-23, nan 
-5.125, -55.375, 7.904219897019424e-24, nan 
-4.875, -55.375, 1.033472305836881e-23, nan 
-4.625, -55.375, 1.3937321473899704e-23, nan 
-4.375, -55.375, 2.1213140539145693e-23, nan 
-4.125, -55.375, 3.6770761482535494e-23, nan 
-3.875, -55.375, 3.724000798120553e-23, nan 
-3.625, -55.375, 8.327120734760665e-23, nan 
-3.375, -55.375, 7.952789932346422e-23, nan 
-3.125, -55.375, 9.003406923106019e-23, nan 
-2.875, -55.375, 3.278040563002245e-23, nan 
-2.625, -55.375, 3.6537744157878025e-23, nan 
-2.375, -55.375, 2.269170258906752e-23, nan 
-2.125, -55.375, 1.1126293685756935e-23, nan 
-1.875, -55.375, 9.308787575056836e-23, nan 
-1.625, -55.375, 1.5641958167247042e-23, nan 
-26.625, -55.125, 2.952769854068858e-22, nan 
-26.375, -55.125, 3.2906942552011924e-22, nan 
-26.125, -55.125, 4.475328905170446e-22, nan 
-25.875, -55.125, 3.3937464604027427e-22, nan 
-25.625, -55.125, 2.112384032837145e-22, nan 
-25.375, -55.125, 1.4980520704116225e-22, nan 
-25.125, -55.125, 1.0169999019195425e-22, nan 
-24.875, -55.125, 8.191175930632242e-23, nan 
-24.625, -55.125, 5.688349764878427e-23, nan 
-24.375, -55.125, 2.8865372067278063e-23, nan 
-24.125, -55.125, 4.4230313860488236e-23, nan 
-23.875, -55.125, 1.8476077991740726e-22, nan 
-23.625, -55.125, 2.0103652184794278e-22, nan 
-23.375, -55.125, 8.598556792399392e-23, nan 
-23.125, -55.125, 7.026936086430006e-23, nan 
-22.875, -55.125, 6.697195367530082e-23, nan 
-22.625, -55.125, 3.427745781597215e-23, nan 
-22.375, -55.125, 4.2222920218053494e-23, nan 
-22.125, -55.125, 4.541063277873519e-23, nan 
-21.875, -55.125, 4.416109975837226e-23, nan 
-21.625, -55.125, 1.8945212237151693e-23, nan 
-21.375, -55.125, 2.7257599000379046e-23, nan 
-21.125, -55.125, 7.076713729383557e-23, nan 
-20.875, -55.125, 5.817804323006516e-23, nan 
-20.625, -55.125, 8.459458591382541e-23, nan 
-20.375, -55.125, 1.0136805502448232e-22, nan 
-20.125, -55.125, 9.268864595080072e-23, nan 
-19.875, -55.125, 1.1690349790141274e-22, nan 
-19.625, -55.125, 1.1007392168566924e-22, nan 
-19.375, -55.125, 1.198402490582644e-22, nan 
-19.125, -55.125, 1.5675300812647707e-22, nan 
-18.875, -55.125, 1.6970488529703176e-22, nan 
-18.625, -55.125, 1.4485996338637453e-22, nan 
-18.375, -55.125, 1.1120768697003245e-22, nan 
-18.125, -55.125, 1.1777311785633478e-22, nan 
-17.875, -55.125, 1.0271371420555787e-22, nan 
-17.625, -55.125, 7.290090374070019e-23, nan 
-17.375, -55.125, 4.71724674676178e-23, nan 
-17.125, -55.125, 3.6032945910426143e-23, nan 
-16.875, -55.125, 3.670835471562717e-23, nan 
-16.625, -55.125, 4.811235913836419e-23, nan 
-16.375, -55.125, 4.4103868163608876e-23, nan 
-16.125, -55.125, 3.49612509872241e-23, nan 
-15.875, -55.125, 3.105719733354551e-23, nan 
-15.625, -55.125, 2.800956724806749e-23, nan 
-15.375, -55.125, 3.2289212264930915e-23, nan 
-15.125, -55.125, 3.269479382409513e-23, nan 
-14.875, -55.125, 2.5099801397634265e-23, nan 
-14.625, -55.125, 5.396399301293017e-23, nan 
-14.375, -55.125, 8.052578020448439e-23, nan 
-14.125, -55.125, 5.920688557783977e-23, nan 
-13.875, -55.125, 2.3205019669064828e-23, nan 
-13.625, -55.125, 1.7972979626690293e-23, nan 
-13.375, -55.125, 2.9219302936031455e-23, nan 
-13.125, -55.125, 3.206448838544326e-23, nan 
-12.875, -55.125, 1.3378690471968196e-23, nan 
-12.625, -55.125, 9.319108729018837e-24, nan 
-12.375, -55.125, 1.989528787717439e-23, nan 
-12.125, -55.125, 2.5023037051296868e-23, nan 
-11.875, -55.125, 2.731778824767119e-23, nan 
-11.625, -55.125, 4.0032087127657215e-23, nan 
-11.375, -55.125, 3.4665336577600016e-23, nan 
-11.125, -55.125, 3.365872754934035e-23, nan 
-10.875, -55.125, 3.932725879410011e-23, nan 
-10.625, -55.125, 3.9572007788327486e-23, nan 
-10.375, -55.125, 2.722170133818045e-23, nan 
-10.125, -55.125, 1.8771569226871577e-23, nan 
-9.875, -55.125, 5.2158222901607926e-23, nan 
-9.625, -55.125, 5.978218141430871e-23, nan 
-9.375, -55.125, 5.254049902713722e-23, nan 
-9.125, -55.125, 4.7262972056668065e-23, nan 
-8.875, -55.125, 2.292686961947027e-23, nan 
-8.625, -55.125, 1.1539646063389193e-23, nan 
-8.375, -55.125, 2.3860704605455186e-23, nan 
-8.125, -55.125, 3.6175757869655435e-23, nan 
-7.875, -55.125, 4.8331740241298914e-23, nan 
-7.625, -55.125, 4.6498149562519074e-23, nan 
-7.375, -55.125, 2.814694289568285e-23, nan 
-7.125, -55.125, 5.226983332302375e-24, nan 
-6.875, -55.125, 1.3294102534043817e-23, nan 
-6.625, -55.125, 6.646785542463593e-23, nan 
-6.375, -55.125, 8.72163886660984e-23, nan 
-6.125, -55.125, 4.755755120773486e-23, nan 
-5.875, -55.125, 3.909564690634455e-23, nan 
-5.625, -55.125, 4.66746767835474e-23, nan 
-5.375, -55.125, 3.683517838199985e-23, nan 
-5.125, -55.125, 3.439283018013651e-23, nan 
-4.875, -55.125, 2.3460073705755199e-23, nan 
-4.625, -55.125, 9.158327052921727e-24, nan 
-4.375, -55.125, 3.022899286113478e-23, nan 
-4.125, -55.125, 2.915237205281457e-23, nan 
-3.875, -55.125, 1.6328412865889253e-23, nan 
-3.625, -55.125, 1.5380758274947965e-23, nan 
-3.375, -55.125, 1.6598462153767074e-23, nan 
-3.125, -55.125, 2.044074117953567e-23, nan 
-2.875, -55.125, 8.525861617643831e-23, nan 
-2.625, -55.125, 3.799548239857764e-23, nan 
-2.375, -55.125, 2.6419107807412722e-23, nan 
-2.125, -55.125, 1.59593282393602e-22, nan 
-1.875, -55.125, 2.40935338132053e-22, nan 
-26.125, -54.875, 2.3589449899285043e-22, nan 
-25.875, -54.875, 2.821884247905879e-22, nan 
-25.625, -54.875, 2.889479174561534e-22, nan 
-25.375, -54.875, 2.443878191682045e-22, nan 
-25.125, -54.875, 1.3942468258943367e-22, nan 
-24.875, -54.875, 1.642151910733467e-22, nan 
-24.625, -54.875, 1.3900832339179934e-22, nan 
-24.375, -54.875, 1.0380463831264567e-23, nan 
-24.125, -54.875, 3.6198483109641076e-23, nan 
-23.875, -54.875, 3.89340086581867e-23, nan 
-23.625, -54.875, 9.194086524633932e-23, nan 
-23.375, -54.875, 7.090571587360456e-23, nan 
-23.125, -54.875, 7.049474172661445e-23, nan 
-22.875, -54.875, 4.7165362859752654e-23, nan 
-22.625, -54.875, 4.624707714566765e-23, nan 
-22.375, -54.875, 4.502071549945927e-23, nan 
-22.125, -54.875, 3.741185062194968e-23, nan 
-21.875, -54.875, 5.679664011398291e-23, nan 
-21.625, -54.875, 7.732878776276159e-23, nan 
-21.375, -54.875, 1.1046755255925387e-22, nan 
-21.125, -54.875, 9.600574434556746e-23, nan 
-20.875, -54.875, 6.659802577470884e-23, nan 
-20.625, -54.875, 6.179912234241432e-23, nan 
-20.375, -54.875, 8.936817999983653e-23, nan 
-20.125, -54.875, 9.410660685761498e-23, nan 
-19.875, -54.875, 9.982675705532032e-23, nan 
-19.625, -54.875, 1.0072823934122154e-22, nan 
-19.375, -54.875, 1.1014140269600602e-22, nan 
-19.125, -54.875, 9.286967666329908e-23, nan 
-18.875, -54.875, 9.78327124462365e-23, nan 
-18.625, -54.875, 1.2850469693281468e-22, nan 
-18.375, -54.875, 1.0282305602867978e-22, nan 
-18.125, -54.875, 1.1198175373063322e-22, nan 
-17.875, -54.875, 1.0387850256379878e-22, nan 
-17.625, -54.875, 7.315941017531926e-23, nan 
-17.375, -54.875, 5.61630689997438e-23, nan 
-17.125, -54.875, 4.3416840018347163e-23, nan 
-16.875, -54.875, 4.5546367741309604e-23, nan 
-16.625, -54.875, 3.10169305804299e-23, nan 
-16.375, -54.875, 1.4445886717075093e-23, nan 
-16.125, -54.875, 1.5917765445589324e-23, nan 
-15.875, -54.875, 2.3800962557382962e-23, nan 
-15.625, -54.875, 3.388838332534962e-23, nan 
-15.375, -54.875, 2.949875289662551e-23, nan 
-15.125, -54.875, 3.2830267113591176e-23, nan 
-14.875, -54.875, 4.7237404275998885e-23, nan 
-14.625, -54.875, 5.381801670432963e-23, nan 
-14.375, -54.875, 5.903473946659633e-23, nan 
-14.125, -54.875, 3.486463768967517e-23, nan 
-13.875, -54.875, 2.5508811806579228e-23, nan 
-13.625, -54.875, 1.4265823755542014e-23, nan 
-13.375, -54.875, 1.46847424838504e-23, nan 
-13.125, -54.875, 2.181705508761009e-23, nan 
-12.875, -54.875, 1.2897596339625496e-23, nan 
-12.625, -54.875, 2.01490904570157e-23, nan 
-12.375, -54.875, 5.2884744883657916e-23, nan 
-12.125, -54.875, 9.651329969843899e-23, nan 
-11.875, -54.875, 2.589438321167427e-23, nan 
-11.625, -54.875, 1.9124382106781343e-23, nan 
-11.375, -54.875, 6.656123897975737e-23, nan 
-11.125, -54.875, 6.195507280324e-23, nan 
-10.875, -54.875, 4.116748572097931e-23, nan 
-10.625, -54.875, 4.859993558188489e-23, nan 
-10.375, -54.875, 4.111427961825076e-23, nan 
-10.125, -54.875, 1.836445365751032e-23, nan 
-9.875, -54.875, 2.6229804890320637e-23, nan 
-9.625, -54.875, 3.9766929912185836e-23, nan 
-9.375, -54.875, 3.4630498319078057e-23, nan 
-9.125, -54.875, 2.3429932769039065e-23, nan 
-8.875, -54.875, 2.450556127702003e-23, nan 
-8.625, -54.875, 1.649242402730403e-23, nan 
-8.375, -54.875, 9.220313277584617e-24, nan 
-8.125, -54.875, 1.9400696804648017e-23, nan 
-7.875, -54.875, 2.649953314434349e-23, nan 
-7.625, -54.875, 1.607208696863402e-23, nan 
-7.375, -54.875, 1.7532814706348355e-23, nan 
-7.125, -54.875, 8.797765799932182e-24, nan 
-6.875, -54.875, 1.2802655006181184e-22, nan 
-6.625, -54.875, 1.270555768207814e-22, nan 
-6.375, -54.875, 1.2102303854620885e-22, nan 
-6.125, -54.875, 1.5835848264260593e-22, nan 
-5.875, -54.875, 1.140178262459572e-22, nan 
-5.625, -54.875, 3.0724531388565734e-23, nan 
-5.375, -54.875, 3.464473661676507e-23, nan 
-5.125, -54.875, 3.752073812190924e-23, nan 
-4.875, -54.875, 1.9541965249314555e-23, nan 
-4.625, -54.875, 4.439246421929199e-24, nan 
-4.375, -54.875, 1.8390498044563564e-23, nan 
-4.125, -54.875, 9.20839811574692e-23, nan 
-3.875, -54.875, 1.2826825796658486e-22, nan 
-3.625, -54.875, 2.4101693518601376e-23, nan 
-3.375, -54.875, 2.324119331577291e-23, nan 
-3.125, -54.875, 1.288337827065728e-22, nan 
-2.875, -54.875, 2.3270351288937964e-22, nan 
-2.625, -54.875, 1.55662753718771e-22, nan 
-2.375, -54.875, 2.908677181836797e-23, nan 
-2.125, -54.875, 1.3934161750058183e-22, nan 
-25.625, -54.625, 5.050426222006143e-22, nan 
-25.375, -54.625, 4.967898619868874e-22, nan 
-25.125, -54.625, 3.558915723966436e-22, nan 
-24.875, -54.625, 3.2404860764228326e-22, nan 
-24.625, -54.625, 2.4022419019676163e-23, nan 
-24.375, -54.625, 1.4520739689178003e-23, nan 
-24.125, -54.625, 3.82176955591436e-23, nan 
-23.875, -54.625, 9.169803565647677e-23, nan 
-23.625, -54.625, 1.4898685381530527e-22, nan 
-23.375, -54.625, 1.1464731032161128e-22, nan 
-23.125, -54.625, 6.84952968226467e-23, nan 
-22.875, -54.625, 4.308653254961997e-23, nan 
-22.625, -54.625, 3.97798943687472e-23, nan 
-22.375, -54.625, 3.139058961893357e-23, nan 
-22.125, -54.625, 9.604907184054012e-23, nan 
-21.875, -54.625, 1.0184947456452691e-22, nan 
-21.625, -54.625, 1.2025540607295823e-22, nan 
-21.375, -54.625, 1.2210050268327432e-22, nan 
-21.125, -54.625, 7.720391484098374e-23, nan 
-20.875, -54.625, 6.919351444062247e-23, nan 
-20.625, -54.625, 7.257459976170444e-23, nan 
-20.375, -54.625, 5.937491514150004e-23, nan 
-20.125, -54.625, 3.701420267816404e-23, nan 
-19.875, -54.625, 2.3786610801191232e-23, nan 
-19.625, -54.625, 3.333097554181172e-23, nan 
-19.375, -54.625, 5.921551656014106e-23, nan 
-19.125, -54.625, 8.944089890830667e-23, nan 
-18.875, -54.625, 8.070221658319753e-23, nan 
-18.625, -54.625, 4.96425048552491e-23, nan 
-18.375, -54.625, 5.05432707841756e-23, nan 
-18.125, -54.625, 6.720788265680301e-23, nan 
-17.875, -54.625, 7.033775188086145e-23, nan 
-17.625, -54.625, 6.877990988100233e-23, nan 
-17.375, -54.625, 7.002084871094709e-23, nan 
-17.125, -54.625, 3.120710034933093e-23, nan 
-16.875, -54.625, 3.68579380255498e-23, nan 
-16.625, -54.625, 2.729409540784038e-23, nan 
-16.375, -54.625, 2.6102907657219638e-23, nan 
-16.125, -54.625, 2.87207840692228e-23, nan 
-15.875, -54.625, 3.713419048680779e-23, nan 
-15.625, -54.625, 3.572773870757192e-23, nan 
-15.375, -54.625, 1.7510853700143828e-23, nan 
-15.125, -54.625, 2.053303288983203e-23, nan 
-14.875, -54.625, 3.342043262724101e-23, nan 
-14.625, -54.625, 2.480897442074008e-23, nan 
-14.375, -54.625, 2.792584594371624e-23, nan 
-14.125, -54.625, 2.1441909047056847e-23, nan 
-13.875, -54.625, 3.535427367327219e-23, nan 
-13.625, -54.625, 2.6875029160261616e-23, nan 
-13.375, -54.625, 1.6096129960989556e-23, nan 
-13.125, -54.625, 2.4308936924353732e-23, nan 
-12.875, -54.625, 2.471731528422139e-23, nan 
-12.625, -54.625, 5.423550821865868e-23, nan 
-12.375, -54.625, 8.43853764119561e-23, nan 
-12.125, -54.625, 2.1434104468103457e-22, nan 
-11.875, -54.625, 1.9446682129930295e-22, nan 
-11.625, -54.625, 7.995668441634136e-23, nan 
-11.375, -54.625, 7.851270076065623e-23, nan 
-11.125, -54.625, 3.067165209391955e-23, nan 
-10.875, -54.625, 2.6448377739248653e-23, nan 
-10.625, -54.625, 2.9336287576766257e-23, nan 
-10.375, -54.625, 3.947972561413477e-23, nan 
-10.125, -54.625, 4.3311563754649934e-23, nan 
-9.875, -54.625, 4.724569090214324e-23, nan 
-9.625, -54.625, 3.279190394976995e-23, nan 
-9.375, -54.625, 2.9556489127117267e-23, nan 
-9.125, -54.625, 3.1504704598912415e-23, nan 
-8.875, -54.625, 2.612455369354355e-23, nan 
-8.625, -54.625, 2.1232888230157747e-23, nan 
-8.375, -54.625, 1.7485461828554233e-23, nan 
-8.125, -54.625, 1.0704159204578926e-23, nan 
-7.875, -54.625, 1.7056541241321862e-23, nan 
-7.625, -54.625, 2.273316892797588e-23, nan 
-7.375, -54.625, 2.482384865178441e-23, nan 
-7.125, -54.625, 1.3532583210699123e-22, nan 
-6.875, -54.625, 1.8484968419482354e-22, nan 
-6.625, -54.625, 1.0327944604486907e-22, nan 
-6.375, -54.625, 3.440716190898085e-23, nan 
-6.125, -54.625, 2.2457485793647867e-22, nan 
-5.875, -54.625, 2.133328866510286e-22, nan 
-5.625, -54.625, 3.029350800344038e-23, nan 
-5.375, -54.625, 2.84325918972939e-23, nan 
-5.125, -54.625, 1.3516020076120263e-23, nan 
-4.875, -54.625, 1.4210902054341475e-23, nan 
-4.625, -54.625, 1.7060874318738443e-23, nan 
-4.375, -54.625, 1.600313178413935e-22, nan 
-4.125, -54.625, 2.091108579462857e-22, nan 
-3.875, -54.625, 2.595206959689434e-22, nan 
-3.625, -54.625, 1.9233712399164254e-22, nan 
-3.375, -54.625, 3.5732932968809755e-23, nan 
-3.125, -54.625, 2.5508757856443718e-23, nan 
-2.875, -54.625, 9.595973113807578e-23, nan 
-2.625, -54.625, 2.4930596501089386e-23, nan 
-2.375, -54.625, 2.4804711542216854e-23, nan 
-25.125, -54.375, 2.292142829760156e-22, nan 
-24.875, -54.375, 2.8284958515147442e-22, nan 
-24.625, -54.375, 1.719798508648328e-22, nan 
-24.375, -54.375, 1.257284205127909e-22, nan 
-24.125, -54.375, 1.5213256323260355e-22, nan 
-23.875, -54.375, 1.9753453975030211e-22, nan 
-23.625, -54.375, 1.5598007561348007e-22, nan 
-23.375, -54.375, 8.456361118134201e-23, nan 
-23.125, -54.375, 9.53338152592267e-23, nan 
-22.875, -54.375, 3.11018581642204e-23, nan 
-22.625, -54.375, 7.381167259056853e-23, nan 
-22.375, -54.375, 1.3860272606148296e-22, nan 
-22.125, -54.375, 1.5103401407764226e-22, nan 
-21.875, -54.375, 8.898643242103301e-23, nan 
-21.625, -54.375, 6.475996509200703e-23, nan 
-21.375, -54.375, 3.478011719081492e-23, nan 
-21.125, -54.375, 4.761416268896906e-23, nan 
-20.875, -54.375, 4.528977188550337e-23, nan 
-20.625, -54.375, 2.5339270864464213e-23, nan 
-20.375, -54.375, 3.598666024499468e-23, nan 
-20.125, -54.375, 4.831637797461292e-23, nan 
-19.875, -54.375, 7.662309360815145e-23, nan 
-19.625, -54.375, 6.879293717275031e-23, nan 
-19.375, -54.375, 1.7697046597268253e-23, nan 
-19.125, -54.375, 3.6576420652039887e-23, nan 
-18.875, -54.375, 6.474389220343946e-23, nan 
-18.625, -54.375, 6.136562068221223e-23, nan 
-18.375, -54.375, 5.0015474796718986e-23, nan 
-18.125, -54.375, 4.633428868073823e-23, nan 
-17.875, -54.375, 6.245281015491168e-23, nan 
-17.625, -54.375, 6.158240775724214e-23, nan 
-17.375, -54.375, 7.547758663910449e-23, nan 
-17.125, -54.375, 6.689403645979896e-23, nan 
-16.875, -54.375, 3.283683194168028e-23, nan 
-16.625, -54.375, 2.787747634530204e-23, nan 
-16.375, -54.375, 2.65395956728706e-23, nan 
-16.125, -54.375, 4.196492504909318e-23, nan 
-15.875, -54.375, 3.579387867595068e-23, nan 
-15.625, -54.375, 2.805179585339106e-23, nan 
-15.375, -54.375, 2.7647625466108444e-23, nan 
-15.125, -54.375, 2.814414325792746e-23, nan 
-14.875, -54.375, 3.0367270241374173e-23, nan 
-14.625, -54.375, 4.139140474047883e-23, nan 
-14.375, -54.375, 3.426444792824867e-23, nan 
-14.125, -54.375, 3.7816984224843666e-23, nan 
-13.875, -54.375, 4.790230697916129e-23, nan 
-13.625, -54.375, 3.3288659692707523e-23, nan 
-13.375, -54.375, 2.990238283587767e-23, nan 
-13.125, -54.375, 4.554092819776627e-23, nan 
-12.875, -54.375, 4.49713484835365e-23, nan 
-12.625, -54.375, 3.1471309325938373e-23, nan 
-12.375, -54.375, 1.6580478044977492e-22, nan 
-12.125, -54.375, 2.3337809564113634e-22, nan 
-11.875, -54.375, 1.5815525824596288e-22, nan 
-11.625, -54.375, 5.535462915427825e-23, nan 
-11.375, -54.375, 2.3492820871618313e-23, nan 
-11.125, -54.375, 2.600228679324345e-23, nan 
-10.875, -54.375, 3.9774557238892815e-23, nan 
-10.625, -54.375, 2.681479332191181e-23, nan 
-10.375, -54.375, 2.681003677939045e-23, nan 
-10.125, -54.375, 3.2187215912856515e-23, nan 
-9.875, -54.375, 4.79527501214209e-23, nan 
-9.625, -54.375, 3.653985352683974e-23, nan 
-9.375, -54.375, 4.232080893063247e-23, nan 
-9.125, -54.375, 3.2861554803348676e-23, nan 
-8.875, -54.375, 2.009404347590008e-23, nan 
-8.625, -54.375, 2.537464985687239e-23, nan 
-8.375, -54.375, 2.562838463281983e-23, nan 
-8.125, -54.375, 2.3681124487157538e-23, nan 
-7.875, -54.375, 2.1973224745667294e-23, nan 
-7.625, -54.375, 1.6316898586693756e-23, nan 
-7.375, -54.375, 4.0356946656831984e-23, nan 
-7.125, -54.375, 4.53577172003839e-23, nan 
-6.875, -54.375, 1.0760687522234177e-22, nan 
-6.625, -54.375, 1.5497609430189485e-22, nan 
-6.375, -54.375, 1.5538344444680668e-22, nan 
-6.125, -54.375, 1.7073329767797576e-22, nan 
-5.875, -54.375, 1.457832493042612e-22, nan 
-5.625, -54.375, 1.204871409795505e-23, nan 
-5.375, -54.375, 1.0526261330041537e-23, nan 
-5.125, -54.375, 1.4264781471971337e-23, nan 
-4.875, -54.375, 1.7255326382528592e-23, nan 
-4.625, -54.375, 2.3167982139832042e-23, nan 
-4.375, -54.375, 2.422901750726382e-23, nan 
-4.125, -54.375, 8.8202511395502e-23, nan 
-3.875, -54.375, 1.1115518447499137e-22, nan 
-3.625, -54.375, 3.4012684386963816e-23, nan 
-3.375, -54.375, 4.205620882887524e-23, nan 
-3.125, -54.375, 3.686348763304591e-23, nan 
-2.875, -54.375, 3.8242934162839784e-23, nan 
-24.375, -54.125, 1.2324552454017304e-22, nan 
-24.125, -54.125, 1.611344672524168e-22, nan 
-23.875, -54.125, 1.6475305489124356e-22, nan 
-23.625, -54.125, 1.0440504678337572e-22, nan 
-23.375, -54.125, 2.291517533363204e-22, nan 
-23.125, -54.125, 2.5172999765757835e-22, nan 
-22.875, -54.125, 1.3707100459309264e-22, nan 
-22.625, -54.125, 1.7483666504899298e-22, nan 
-22.375, -54.125, 1.7621411645018754e-22, nan 
-22.125, -54.125, 1.3458333982087778e-22, nan 
-21.875, -54.125, 3.265717111122941e-23, nan 
-21.625, -54.125, 1.9186255057972372e-23, nan 
-21.375, -54.125, 3.321649726871179e-23, nan 
-21.125, -54.125, 4.102544033451037e-23, nan 
-20.875, -54.125, 2.8329511703468704e-23, nan 
-20.625, -54.125, 1.3488710767366063e-23, nan 
-20.375, -54.125, 2.1167646312900638e-23, nan 
-20.125, -54.125, 5.865902772269537e-23, nan 
-19.875, -54.125, 8.606729559675945e-23, nan 
-19.625, -54.125, 7.359611437141139e-23, nan 
-19.375, -54.125, 1.349013146254461e-23, nan 
-19.125, -54.125, 2.2623342748259604e-23, nan 
-18.875, -54.125, 2.2944224282840934e-23, nan 
-18.625, -54.125, 3.348503118344509e-23, nan 
-18.375, -54.125, 6.501895935342953e-23, nan 
-18.125, -54.125, 6.680989002799954e-23, nan 
-17.875, -54.125, 3.917193077519003e-23, nan 
-17.625, -54.125, 6.442120270029908e-23, nan 
-17.375, -54.125, 7.990950939848562e-23, nan 
-17.125, -54.125, 8.295815044544518e-23, nan 
-16.875, -54.125, 6.839601624519296e-23, nan 
-16.625, -54.125, 5.0342841611767936e-23, nan 
-16.375, -54.125, 5.308259356416655e-23, nan 
-16.125, -54.125, 5.0187812462587095e-23, nan 
-15.875, -54.125, 2.971053623300915e-23, nan 
-15.625, -54.125, 2.0871221554251716e-23, nan 
-15.375, -54.125, 2.2720381942541176e-23, nan 
-15.125, -54.125, 2.4021757582396316e-23, nan 
-14.875, -54.125, 2.801198712071728e-23, nan 
-14.625, -54.125, 4.074643932421758e-23, nan 
-14.375, -54.125, 4.3090948142154344e-23, nan 
-14.125, -54.125, 3.5898406414468397e-23, nan 
-13.875, -54.125, 5.61952628103017e-23, nan 
-13.625, -54.125, 5.32078496771907e-23, nan 
-13.375, -54.125, 6.600142730994648e-23, nan 
-13.125, -54.125, 6.276367279417513e-23, nan 
-12.875, -54.125, 4.421889736906145e-23, nan 
-12.625, -54.125, 3.740857792927629e-23, nan 
-12.375, -54.125, 2.733723984069222e-23, nan 
-12.125, -54.125, 7.443951974301167e-23, nan 
-11.875, -54.125, 1.8540451444768637e-23, nan 
-11.625, -54.125, 2.2006659489510846e-23, nan 
-11.375, -54.125, 2.235704463820341e-23, nan 
-11.125, -54.125, 4.8512068941954623e-23, nan 
-10.875, -54.125, 1.287433098189506e-22, nan 
-10.625, -54.125, 9.530240323318048e-23, nan 
-10.375, -54.125, 3.3008501795287614e-23, nan 
-10.125, -54.125, 3.3843982652955154e-23, nan 
-9.875, -54.125, 3.6642723767013946e-23, nan 
-9.625, -54.125, 3.58701065442654e-23, nan 
-9.375, -54.125, 4.283485195099432e-23, nan 
-9.125, -54.125, 3.311866072881068e-23, nan 
-8.875, -54.125, 3.72889491494929e-23, nan 
-8.625, -54.125, 3.660353626126937e-23, nan 
-8.375, -54.125, 3.8696239898074343e-23, nan 
-8.125, -54.125, 3.8895403854292457e-23, nan 
-7.875, -54.125, 4.897550869185867e-23, nan 
-7.625, -54.125, 8.555594378860336e-23, nan 
-7.375, -54.125, 7.805676787106908e-23, nan 
-7.125, -54.125, 4.6731449516244026e-23, nan 
-6.875, -54.125, 3.373284997650853e-23, nan 
-6.625, -54.125, 4.2181041673038256e-23, nan 
-6.375, -54.125, 9.393877778021421e-23, nan 
-6.125, -54.125, 7.856710515937089e-23, nan 
-5.875, -54.125, 1.3517799747886084e-23, nan 
-5.625, -54.125, 1.2198840260270861e-23, nan 
-5.375, -54.125, 9.127577830618353e-24, nan 
-5.125, -54.125, 1.1951782525763181e-23, nan 
-4.875, -54.125, 8.143128824930635e-23, nan 
-4.625, -54.125, 4.9189137064326165e-23, nan 
-4.375, -54.125, 4.374937032873879e-23, nan 
-4.125, -54.125, 2.2531405034040023e-23, nan 
-3.875, -54.125, 4.2712226383833266e-23, nan 
-3.625, -54.125, 4.906509620691217e-23, nan 
-3.375, -54.125, 8.319648634479821e-23, nan 
-3.125, -54.125, 8.091435831506469e-23, nan 
-23.875, -53.875, 5.69418165972432e-23, nan 
-23.625, -53.875, 1.105335509770184e-22, nan 
-23.375, -53.875, 2.0193642155605007e-22, nan 
-23.125, -53.875, 3.548818555742689e-22, nan 
-22.875, -53.875, 2.9669357673619707e-22, nan 
-22.625, -53.875, 2.2809973273850136e-22, nan 
-22.375, -53.875, 1.2644514157036013e-22, nan 
-22.125, -53.875, 8.076892962161299e-23, nan 
-21.875, -53.875, 1.5523488098393323e-23, nan 
-21.625, -53.875, 1.616881857220234e-23, nan 
-21.375, -53.875, 1.6479733855234635e-23, nan 
-21.125, -53.875, 3.389286563428343e-23, nan 
-20.875, -53.875, 3.811164243234914e-23, nan 
-20.625, -53.875, 2.2503283303545797e-23, nan 
-20.375, -53.875, 3.3960628861524775e-23, nan 
-20.125, -53.875, 3.810973776298932e-23, nan 
-19.875, -53.875, 4.5382029963176943e-23, nan 
-19.625, -53.875, 4.528464209119268e-23, nan 
-19.375, -53.875, 2.1259309006323162e-23, nan 
-19.125, -53.875, 1.935700756329546e-23, nan 
-18.875, -53.875, 1.842595438411803e-23, nan 
-18.625, -53.875, 7.992141107576911e-24, nan 
-18.375, -53.875, 2.3066198276851513e-23, nan 
-18.125, -53.875, 4.058656910665964e-23, nan 
-17.875, -53.875, 3.758057741617337e-23, nan 
-17.625, -53.875, 4.3664357755859454e-23, nan 
-17.375, -53.875, 6.083674840183722e-23, nan 
-17.125, -53.875, 7.336795923978863e-23, nan 
-16.875, -53.875, 7.660290294130958e-23, nan 
-16.625, -53.875, 7.296607811754028e-23, nan 
-16.375, -53.875, 6.136868926098223e-23, nan 
-16.125, -53.875, 2.9155525309511223e-23, nan 
-15.875, -53.875, 2.4910373128520022e-23, nan 
-15.625, -53.875, 1.921709920149036e-23, nan 
-15.375, -53.875, 2.745310017596947e-23, nan 
-15.125, -53.875, 4.3937061868053585e-23, nan 
-14.875, -53.875, 3.6434888111741894e-23, nan 
-14.625, -53.875, 2.8736993607510544e-23, nan 
-14.375, -53.875, 7.429471178675231e-23, nan 
-14.125, -53.875, 1.2768354934189612e-22, nan 
-13.875, -53.875, 1.0576333680875228e-22, nan 
-13.625, -53.875, 5.710113700476728e-23, nan 
-13.375, -53.875, 5.892408500733717e-23, nan 
-13.125, -53.875, 6.000503234182305e-23, nan 
-12.875, -53.875, 6.905419386955733e-23, nan 
-12.625, -53.875, 2.0280189532370685e-23, nan 
-12.375, -53.875, 1.651013289817963e-23, nan 
-12.125, -53.875, 1.5706816054193175e-23, nan 
-11.875, -53.875, 1.8516940854839718e-23, nan 
-11.625, -53.875, 1.5500270224484806e-23, nan 
-11.375, -53.875, 1.3748949861854132e-23, nan 
-11.125, -53.875, 8.078837968362643e-23, nan 
-10.875, -53.875, 1.1149213051024555e-22, nan 
-10.625, -53.875, 2.9851298487657756e-23, nan 
-10.375, -53.875, 3.556160670527967e-23, nan 
-10.125, -53.875, 3.2288532478331277e-23, nan 
-9.875, -53.875, 3.2987907930984337e-23, nan 
-9.625, -53.875, 4.685769624377711e-23, nan 
-9.375, -53.875, 7.014577792193092e-23, nan 
-9.125, -53.875, 1.350151071843128e-22, nan 
-8.875, -53.875, 1.4945636442178704e-22, nan 
-8.625, -53.875, 1.3051451933501186e-22, nan 
-8.375, -53.875, 1.2320565186832996e-22, nan 
-8.125, -53.875, 1.1133253815792394e-22, nan 
-7.875, -53.875, 8.840064943870598e-23, nan 
-7.625, -53.875, 9.639066217731658e-23, nan 
-7.375, -53.875, 6.097111389367838e-23, nan 
-7.125, -53.875, 4.702413136300183e-23, nan 
-6.875, -53.875, 3.834403042309124e-23, nan 
-6.625, -53.875, 3.7393194040735685e-23, nan 
-6.375, -53.875, 3.17912088725927e-23, nan 
-6.125, -53.875, 2.053421567561901e-23, nan 
-5.875, -53.875, 7.169199634039249e-24, nan 
-5.625, -53.875, 9.457322428871827e-24, nan 
-5.375, -53.875, 8.83892531308055e-24, nan 
-5.125, -53.875, 1.1091354323135878e-22, nan 
-4.875, -53.875, 1.7720464978048116e-22, nan 
-4.625, -53.875, 1.021676719886604e-22, nan 
-4.375, -53.875, 2.3663445670330054e-23, nan 
-4.125, -53.875, 7.948448067364343e-24, nan 
-3.875, -53.875, 2.670948128779521e-23, nan 
-3.625, -53.875, 3.591191749418433e-23, nan 
-3.375, -53.875, 3.48112560579914e-23, nan 
-23.375, -53.625, 1.4289799144336592e-22, nan 
-23.125, -53.625, 2.7133225427246334e-22, nan 
-22.875, -53.625, 1.4049572283699792e-22, nan 
-22.625, -53.625, 8.958364024365491e-23, nan 
-22.375, -53.625, 5.1758632379713125e-23, nan 
-22.125, -53.625, 2.5251370755851014e-23, nan 
-21.875, -53.625, 1.3755884603594977e-23, nan 
-21.625, -53.625, 7.187265654924267e-24, nan 
-21.375, -53.625, 1.328785589699078e-23, nan 
-21.125, -53.625, 1.6391391092837607e-23, nan 
-20.875, -53.625, 4.889244688500128e-23, nan 
-20.625, -53.625, 6.589004701668313e-23, nan 
-20.375, -53.625, 5.479680022991403e-23, nan 
-20.125, -53.625, 2.584254880997246e-23, nan 
-19.875, -53.625, 2.548751191725227e-23, nan 
-19.625, -53.625, 2.00624431915934e-23, nan 
-19.375, -53.625, 1.5271246004513373e-23, nan 
-19.125, -53.625, 3.797226098038021e-24, nan 
-18.875, -53.625, 5.850600160269581e-24, nan 
-18.625, -53.625, 6.188910619948562e-24, nan 
-18.375, -53.625, 1.0827094205333673e-23, nan 
-18.125, -53.625, 1.9692370371518002e-23, nan 
-17.875, -53.625, 2.38791481929642e-23, nan 
-17.625, -53.625, 1.6665509604646146e-23, nan 
-17.375, -53.625, 1.36758609797541e-23, nan 
-17.125, -53.625, 2.7382059802218055e-23, nan 
-16.875, -53.625, 3.80232411942944e-23, nan 
-16.625, -53.625, 5.102034008537657e-23, nan 
-16.375, -53.625, 6.097508474276969e-23, nan 
-16.125, -53.625, 4.6898646239041687e-23, nan 
-15.875, -53.625, 2.683036786596574e-23, nan 
-15.625, -53.625, 3.296490915417246e-23, nan 
-15.375, -53.625, 4.129518562535033e-23, nan 
-15.125, -53.625, 4.767631171724274e-23, nan 
-14.875, -53.625, 2.892158076592138e-23, nan 
-14.625, -53.625, 7.880382024084072e-23, nan 
-14.375, -53.625, 1.0244605359114635e-22, nan 
-14.125, -53.625, 8.411583835918825e-23, nan 
-13.875, -53.625, 2.9385400281903937e-23, nan 
-13.625, -53.625, 2.6722872393463007e-23, nan 
-13.375, -53.625, 3.4613232624053703e-23, nan 
-13.125, -53.625, 2.90757101773286e-23, nan 
-12.875, -53.625, 9.162810973941597e-23, nan 
-12.625, -53.625, 8.625283861696093e-23, nan 
-12.375, -53.625, 2.816247766204679e-23, nan 
-12.125, -53.625, 1.0626723162081527e-23, nan 
-11.875, -53.625, 1.1898484496913894e-23, nan 
-11.625, -53.625, 1.0898655120599966e-23, nan 
-11.375, -53.625, 1.3727015441351094e-23, nan 
-11.125, -53.625, 2.127569526705638e-23, nan 
-10.875, -53.625, 4.922767114788202e-23, nan 
-10.625, -53.625, 4.262757273801013e-23, nan 
-10.375, -53.625, 5.355448948844361e-23, nan 
-10.125, -53.625, 7.154854210933019e-23, nan 
-9.875, -53.625, 7.342857485531614e-23, nan 
-9.625, -53.625, 7.492008790860391e-23, nan 
-9.375, -53.625, 1.5526469923244382e-22, nan 
-9.125, -53.625, 1.7865237496077794e-22, nan 
-8.875, -53.625, 1.4500746375967564e-22, nan 
-8.625, -53.625, 1.34886981591135e-22, nan 
-8.375, -53.625, 1.3694214196370139e-22, nan 
-8.125, -53.625, 1.80524207695392e-22, nan 
-7.875, -53.625, 1.9067758928924902e-22, nan 
-7.625, -53.625, 1.5091730808666073e-22, nan 
-7.375, -53.625, 1.1958834310626125e-22, nan 
-7.125, -53.625, 8.91132851556469e-23, nan 
-6.875, -53.625, 4.8244419405692255e-23, nan 
-6.625, -53.625, 4.254566980864004e-23, nan 
-6.375, -53.625, 4.601559436915955e-23, nan 
-6.125, -53.625, 3.897792760433213e-23, nan 
-5.875, -53.625, 1.8485153840406796e-23, nan 
-5.625, -53.625, 2.1421001516721465e-23, nan 
-5.375, -53.625, 2.546707323244848e-23, nan 
-5.125, -53.625, 7.165383240351237e-24, nan 
-4.875, -53.625, 6.15612030682074e-23, nan 
-4.625, -53.625, 3.2780465475543827e-23, nan 
-4.375, -53.625, 3.245500235032402e-23, nan 
-4.125, -53.625, 2.5181965139616446e-23, nan 
-3.875, -53.625, 1.3931708563988267e-23, nan 
-3.625, -53.625, 2.859512438921678e-23, nan 
-22.875, -53.375, 7.025763773465245e-23, nan 
-22.625, -53.375, 3.484755241792965e-23, nan 
-22.375, -53.375, 2.8161599315844824e-23, nan 
-22.125, -53.375, 1.8298944625126546e-23, nan 
-21.875, -53.375, 1.9415207826061276e-23, nan 
-21.625, -53.375, 2.093624182969314e-23, nan 
-21.375, -53.375, 1.6154041643854142e-23, nan 
-21.125, -53.375, 2.2085303788152485e-23, nan 
-20.875, -53.375, 3.90724668314741e-23, nan 
-20.625, -53.375, 4.423128214934389e-23, nan 
-20.375, -53.375, 3.461821285509816e-23, nan 
-20.125, -53.375, 2.631397699474378e-23, nan 
-19.875, -53.375, 2.5674841816988558e-23, nan 
-19.625, -53.375, 1.7590084403706455e-23, nan 
-19.375, -53.375, 1.737225098988993e-23, nan 
-19.125, -53.375, 1.599962608249132e-23, nan 
-18.875, -53.375, 2.9099897360751222e-24, nan 
-18.625, -53.375, 9.09384191724115e-24, nan 
-18.375, -53.375, 1.2797816529471327e-23, nan 
-18.125, -53.375, 6.406992265830729e-24, nan 
-17.875, -53.375, 2.8015594793851884e-23, nan 
-17.625, -53.375, 3.541471965839501e-23, nan 
-17.375, -53.375, 2.446030540888115e-23, nan 
-17.125, -53.375, 2.697458284778482e-23, nan 
-16.875, -53.375, 3.853131326556518e-23, nan 
-16.625, -53.375, 3.767120891857172e-23, nan 
-16.375, -53.375, 4.75077764503775e-23, nan 
-16.125, -53.375, 4.1284099003004015e-23, nan 
-15.875, -53.375, 3.974813683808138e-23, nan 
-15.625, -53.375, 3.341658007823598e-23, nan 
-15.375, -53.375, 3.597736183063054e-23, nan 
-15.125, -53.375, 3.539103664523717e-23, nan 
-14.875, -53.375, 2.8184830939542324e-23, nan 
-14.625, -53.375, 7.044278426166879e-23, nan 
-14.375, -53.375, 7.43279707683779e-23, nan 
-14.125, -53.375, 1.741437131195691e-23, nan 
-13.875, -53.375, 1.1558637311753922e-23, nan 
-13.625, -53.375, 1.699830498850255e-23, nan 
-13.375, -53.375, 1.36301799539495e-23, nan 
-13.125, -53.375, 2.4012607089387096e-23, nan 
-12.875, -53.375, 1.2611641760418364e-22, nan 
-12.625, -53.375, 1.2295621768016345e-22, nan 
-12.375, -53.375, 1.3655898062382143e-23, nan 
-12.125, -53.375, 1.4196376778426698e-23, nan 
-11.875, -53.375, 1.519189246627867e-23, nan 
-11.625, -53.375, 6.683059364311053e-24, nan 
-11.375, -53.375, 7.477256627959513e-24, nan 
-11.125, -53.375, 1.8215074767596476e-23, nan 
-10.875, -53.375, 2.851757841586055e-23, nan 
-10.625, -53.375, 4.762201055584857e-23, nan 
-10.375, -53.375, 7.762740793044843e-23, nan 
-10.125, -53.375, 8.011161463456851e-23, nan 
-9.875, -53.375, 7.248804467890081e-23, nan 
-9.625, -53.375, 7.737435979081672e-23, nan 
-9.375, -53.375, 8.557330740087251e-23, nan 
-9.125, -53.375, 3.585021275717594e-23, nan 
-8.875, -53.375, 5.688566281976081e-23, nan 
-8.625, -53.375, 7.064365430541236e-23, nan 
-8.375, -53.375, 9.109909352528667e-23, nan 
-8.125, -53.375, 1.1487466092277062e-22, nan 
-7.875, -53.375, 1.6140046215254996e-22, nan 
-7.625, -53.375, 1.7302661308939856e-22, nan 
-7.375, -53.375, 1.7034691578364513e-22, nan 
-7.125, -53.375, 2.315519230694018e-22, nan 
-6.875, -53.375, 2.155528259161834e-22, nan 
-6.625, -53.375, 5.0186061773864754e-23, nan 
-6.375, -53.375, 5.108937479223621e-23, nan 
-6.125, -53.375, 6.25120140399355e-23, nan 
-5.875, -53.375, 6.755521087421078e-23, nan 
-5.625, -53.375, 3.4512185483473637e-23, nan 
-5.375, -53.375, 3.4423046715115606e-23, nan 
-5.125, -53.375, 3.366391122610306e-23, nan 
-4.875, -53.375, 2.878076891649071e-23, nan 
-4.625, -53.375, 3.0624811180698284e-23, nan 
-4.375, -53.375, 1.9297710938873943e-23, nan 
-4.125, -53.375, 3.517065076363258e-23, nan 
-3.875, -53.375, 2.9698063518148616e-23, nan 
-22.375, -53.125, 2.1492019884982792e-23, nan 
-22.125, -53.125, 1.3358402227928757e-23, nan 
-21.875, -53.125, 8.908665781839048e-24, nan 
-21.625, -53.125, 1.77747075634191e-23, nan 
-21.375, -53.125, 1.9337081764870645e-23, nan 
-21.125, -53.125, 2.039571945457162e-23, nan 
-20.875, -53.125, 1.9237091598013614e-23, nan 
-20.625, -53.125, 5.354408020678896e-23, nan 
-20.375, -53.125, 4.9229279602393434e-23, nan 
-20.125, -53.125, 2.0059832765953686e-23, nan 
-19.875, -53.125, 2.0221182594976147e-23, nan 
-19.625, -53.125, 1.2548532748539249e-23, nan 
-19.375, -53.125, 1.6991187075255593e-23, nan 
-19.125, -53.125, 1.5294683547759694e-23, nan 
-18.875, -53.125, 9.59781801805031e-24, nan 
-18.625, -53.125, 3.385909972031385e-24, nan 
-18.375, -53.125, 1.581187085168407e-23, nan 
-18.125, -53.125, 2.5523454183777514e-23, nan 
-17.875, -53.125, 2.718671948949126e-23, nan 
-17.625, -53.125, 2.716279726307189e-23, nan 
-17.375, -53.125, 2.3255569668122912e-23, nan 
-17.125, -53.125, 3.459081106423284e-23, nan 
-16.875, -53.125, 4.37511206226808e-23, nan 
-16.625, -53.125, 3.816143502089094e-23, nan 
-16.375, -53.125, 3.1783279306411933e-23, nan 
-16.125, -53.125, 3.767191561685053e-23, nan 
-15.875, -53.125, 5.294407809777689e-23, nan 
-15.625, -53.125, 2.411975588131656e-23, nan 
-15.375, -53.125, 2.3191339075684333e-23, nan 
-15.125, -53.125, 2.892980672847108e-23, nan 
-14.875, -53.125, 4.579442551825933e-23, nan 
-14.625, -53.125, 4.5715178072579653e-23, nan 
-14.375, -53.125, 5.751845593849495e-23, nan 
-14.125, -53.125, 7.944310175564212e-23, nan 
-13.875, -53.125, 2.5896437581656393e-23, nan 
-13.625, -53.125, 1.751348928240951e-23, nan 
-13.375, -53.125, 1.5594190386334963e-23, nan 
-13.125, -53.125, 7.977690879785483e-23, nan 
-12.875, -53.125, 1.2509762088761858e-22, nan 
-12.625, -53.125, 9.048684418692108e-23, nan 
-12.375, -53.125, 2.7974432662307846e-23, nan 
-12.125, -53.125, 1.0268569246046542e-23, nan 
-11.875, -53.125, 1.6708379608392568e-23, nan 
-11.625, -53.125, 2.6083086489524616e-23, nan 
-11.375, -53.125, 2.1254719615124232e-23, nan 
-11.125, -53.125, 1.4794049421919874e-23, nan 
-10.875, -53.125, 3.416658111534386e-23, nan 
-10.625, -53.125, 1.3423761430864334e-22, nan 
-10.375, -53.125, 1.2309031231402355e-22, nan 
-10.125, -53.125, 6.15775017452112e-23, nan 
-9.875, -53.125, 5.992901170577957e-23, nan 
-9.625, -53.125, 6.699043408034704e-23, nan 
-9.375, -53.125, 8.502589184635831e-23, nan 
-9.125, -53.125, 9.185017134228735e-23, nan 
-8.875, -53.125, 8.634197402150557e-23, nan 
-8.625, -53.125, 7.235431275156324e-23, nan 
-8.375, -53.125, 7.658553874448444e-23, nan 
-8.125, -53.125, 7.270348283024663e-23, nan 
-7.875, -53.125, 9.063104555619597e-23, nan 
-7.625, -53.125, 1.1561963439431174e-22, nan 
-7.375, -53.125, 1.5935847172502476e-22, nan 
-7.125, -53.125, 2.1925084918717596e-22, nan 
-6.875, -53.125, 2.4453098590042537e-22, nan 
-6.625, -53.125, 1.35028273806359e-22, nan 
-6.375, -53.125, 4.5439174759737136e-23, nan 
-6.125, -53.125, 5.81340727807723e-23, nan 
-5.875, -53.125, 8.055490278201828e-23, nan 
-5.625, -53.125, 6.52736215594081e-23, nan 
-5.375, -53.125, 3.7144228439432284e-23, nan 
-5.125, -53.125, 5.944103069165592e-23, nan 
-4.875, -53.125, 6.406813564323836e-23, nan 
-4.625, -53.125, 3.511944869539631e-23, nan 
-4.375, -53.125, 2.281648106459643e-23, nan 
-21.875, -52.875, 6.897491025798894e-24, nan 
-21.625, -52.875, 8.066883195218644e-24, nan 
-21.375, -52.875, 1.3177573270285094e-23, nan 
-21.125, -52.875, 2.573225893815842e-23, nan 
-20.875, -52.875, 3.952998517957157e-23, nan 
-20.625, -52.875, 3.628505745524218e-23, nan 
-20.375, -52.875, 1.951979605177723e-23, nan 
-20.125, -52.875, 1.7251794750544725e-23, nan 
-19.875, -52.875, 3.0597830966095477e-23, nan 
-19.625, -52.875, 1.8686816427479842e-23, nan 
-19.375, -52.875, 9.429684101337163e-24, nan 
-19.125, -52.875, 1.0072126829763997e-23, nan 
-18.875, -52.875, 1.3075424486512976e-23, nan 
-18.625, -52.875, 1.9986474490869048e-23, nan 
-18.375, -52.875, 1.7309365144550335e-23, nan 
-18.125, -52.875, 1.8261813542832477e-23, nan 
-17.875, -52.875, 2.2858744400651796e-23, nan 
-17.625, -52.875, 3.2852171814548825e-23, nan 
-17.375, -52.875, 3.103756838631556e-23, nan 
-17.125, -52.875, 1.4718806456147648e-23, nan 
-16.875, -52.875, 2.76961096890135e-23, nan 
-16.625, -52.875, 2.6729271322339124e-23, nan 
-16.375, -52.875, 1.922111389942934e-23, nan 
-16.125, -52.875, 1.9368151117562911e-23, nan 
-15.875, -52.875, 2.788210485970443e-23, nan 
-15.625, -52.875, 2.215488269085398e-23, nan 
-15.375, -52.875, 1.959915176561981e-23, nan 
-15.125, -52.875, 2.1992200694316068e-23, nan 
-14.875, -52.875, 2.975151089793298e-23, nan 
-14.625, -52.875, 3.8754466581557797e-23, nan 
-14.375, -52.875, 5.883311585971829e-23, nan 
-14.125, -52.875, 1.1425752083608423e-22, nan 
-13.875, -52.875, 1.0774101786311292e-22, nan 
-13.625, -52.875, 8.722083725113357e-23, nan 
-13.375, -52.875, 1.1622193756705478e-22, nan 
-13.125, -52.875, 1.237582017979641e-22, nan 
-12.875, -52.875, 9.58851784935735e-23, nan 
-12.625, -52.875, 3.2847647806000784e-23, nan 
-12.375, -52.875, 2.2377577740118293e-23, nan 
-12.125, -52.875, 1.0750157956513461e-23, nan 
-11.875, -52.875, 5.114032808102652e-23, nan 
-11.625, -52.875, 5.74035639708704e-23, nan 
-11.375, -52.875, 2.2165242273661048e-23, nan 
-11.125, -52.875, 2.465321776030773e-23, nan 
-10.875, -52.875, 9.220112837586033e-23, nan 
-10.625, -52.875, 1.3733095886870326e-22, nan 
-10.375, -52.875, 8.552168593752025e-23, nan 
-10.125, -52.875, 5.509780398465312e-23, nan 
-9.875, -52.875, 5.594410301906847e-23, nan 
-9.625, -52.875, 9.909214965660808e-23, nan 
-9.375, -52.875, 1.0094033573031244e-22, nan 
-9.125, -52.875, 7.547686423927336e-23, nan 
-8.875, -52.875, 4.66043207647576e-23, nan 
-8.625, -52.875, 2.6198795184477123e-23, nan 
-8.375, -52.875, 1.218158915327823e-23, nan 
-8.125, -52.875, 2.561642471696311e-23, nan 
-7.875, -52.875, 4.3135850383142135e-23, nan 
-7.625, -52.875, 4.4532072053369624e-23, nan 
-7.375, -52.875, 7.665011500338938e-23, nan 
-7.125, -52.875, 1.581516403219855e-22, nan 
-6.875, -52.875, 2.7042552419784324e-22, nan 
-6.625, -52.875, 2.63707671540108e-22, nan 
-6.375, -52.875, 1.1713951371909226e-22, nan 
-6.125, -52.875, 4.40224203870142e-23, nan 
-5.875, -52.875, 3.98142231691511e-23, nan 
-5.625, -52.875, 4.88491293832628e-23, nan 
-5.375, -52.875, 1.5119610355214217e-22, nan 
-5.125, -52.875, 1.5718537885874367e-22, nan 
-4.875, -52.875, 1.161164845130478e-22, nan 
-4.625, -52.875, 8.710264399451011e-23, nan 
-21.375, -52.625, 3.8882004392916836e-23, nan 
-21.125, -52.625, 4.582874538005081e-23, nan 
-20.875, -52.625, 6.438122539199772e-23, nan 
-20.625, -52.625, 5.700094561421169e-23, nan 
-20.375, -52.625, 2.6182090805221813e-23, nan 
-20.125, -52.625, 2.709694444354854e-23, nan 
-19.875, -52.625, 4.4282885368282057e-23, nan 
-19.625, -52.625, 4.689654014545462e-23, nan 
-19.375, -52.625, 3.34148177252651e-23, nan 
-19.125, -52.625, 5.889890343991414e-24, nan 
-18.875, -52.625, 1.3869567147028642e-23, nan 
-18.625, -52.625, 1.8451412178660962e-23, nan 
-18.375, -52.625, 1.1740110426233104e-23, nan 
-18.125, -52.625, 1.7187627061524097e-23, nan 
-17.875, -52.625, 2.320208430394012e-23, nan 
-17.625, -52.625, 2.8237985646718763e-23, nan 
-17.375, -52.625, 3.2936465154407926e-23, nan 
-17.125, -52.625, 2.860732711648347e-23, nan 
-16.875, -52.625, 2.738582157306274e-23, nan 
-16.625, -52.625, 2.9600956854678183e-23, nan 
-16.375, -52.625, 2.66089784660572e-23, nan 
-16.125, -52.625, 1.527434426200742e-23, nan 
-15.875, -52.625, 1.5475086983287224e-23, nan 
-15.625, -52.625, 1.4871639750801442e-23, nan 
-15.375, -52.625, 9.324481665553175e-24, nan 
-15.125, -52.625, 1.419062474120281e-23, nan 
-14.875, -52.625, 2.1858158286884826e-23, nan 
-14.625, -52.625, 1.4654769291061125e-23, nan 
-14.375, -52.625, 3.928915801470353e-23, nan 
-14.125, -52.625, 7.797005598289296e-23, nan 
-13.875, -52.625, 1.2116571820764274e-22, nan 
-13.625, -52.625, 1.3186595253017928e-22, nan 
-13.375, -52.625, 1.25857706134522e-22, nan 
-13.125, -52.625, 4.9296635728531105e-23, nan 
-12.875, -52.625, 1.7159782361057262e-23, nan 
-12.625, -52.625, 3.7658624663555184e-23, nan 
-12.375, -52.625, 4.51766845265534e-23, nan 
-12.125, -52.625, 4.170588052270586e-23, nan 
-11.875, -52.625, 3.11009398749422e-23, nan 
-11.625, -52.625, 4.0480752775455187e-23, nan 
-11.375, -52.625, 3.213713496554554e-23, nan 
-11.125, -52.625, 3.268276773375174e-23, nan 
-10.875, -52.625, 1.4411910907651985e-22, nan 
-10.625, -52.625, 1.4872470045682348e-22, nan 
-10.375, -52.625, 4.3004525768659926e-23, nan 
-10.125, -52.625, 3.512263137981896e-23, nan 
-9.875, -52.625, 8.101556834628622e-23, nan 
-9.625, -52.625, 8.491961545637291e-23, nan 
-9.375, -52.625, 1.771533376168634e-23, nan 
-9.125, -52.625, 4.502560803595209e-24, nan 
-8.875, -52.625, 9.185977066354832e-24, nan 
-8.625, -52.625, 1.7698988454310673e-23, nan 
-8.375, -52.625, 4.263346877698825e-23, nan 
-8.125, -52.625, 5.251541620562644e-23, nan 
-7.875, -52.625, 7.059073287545916e-23, nan 
-7.625, -52.625, 5.1923789271325924e-23, nan 
-7.375, -52.625, 1.5497621015575916e-23, nan 
-7.125, -52.625, 4.666401517672946e-23, nan 
-6.875, -52.625, 1.495243619643511e-22, nan 
-6.625, -52.625, 3.0185811428865103e-22, nan 
-6.375, -52.625, 2.579550210068464e-22, nan 
-6.125, -52.625, 8.238914082684129e-23, nan 
-5.875, -52.625, 6.84368565834809e-23, nan 
-5.625, -52.625, 1.6832438950682113e-22, nan 
-5.375, -52.625, 2.069406360748712e-22, nan 
-5.125, -52.625, 1.151428500811878e-22, nan 
-4.875, -52.625, 6.189346373232162e-23, nan 
-20.875, -52.375, 3.432790660260431e-23, nan 
-20.625, -52.375, 3.3061621887739216e-23, nan 
-20.375, -52.375, 3.131554679086999e-23, nan 
-20.125, -52.375, 1.382525218566467e-23, nan 
-19.875, -52.375, 4.220617625740601e-23, nan 
-19.625, -52.375, 3.9126062455755754e-23, nan 
-19.375, -52.375, 7.666148409546297e-24, nan 
-19.125, -52.375, 4.814893261933787e-24, nan 
-18.875, -52.375, 6.766717563872477e-24, nan 
-18.625, -52.375, 9.341156042555444e-24, nan 
-18.375, -52.375, 1.5056289056377204e-23, nan 
-18.125, -52.375, 1.715616461766632e-23, nan 
-17.875, -52.375, 2.372792410113964e-23, nan 
-17.625, -52.375, 2.385368185349196e-23, nan 
-17.375, -52.375, 2.95621224579273e-23, nan 
-17.125, -52.375, 4.689110222125946e-23, nan 
-16.875, -52.375, 4.6725234954855333e-23, nan 
-16.625, -52.375, 1.7306717365301663e-23, nan 
-16.375, -52.375, 8.154689592572166e-24, nan 
-16.125, -52.375, 9.153106029644452e-24, nan 
-15.875, -52.375, 9.68347124928456e-24, nan 
-15.625, -52.375, 1.2982447474696026e-23, nan 
-15.375, -52.375, 9.559425163023893e-24, nan 
-15.125, -52.375, 7.678845005153006e-23, nan 
-14.875, -52.375, 2.044169090432148e-23, nan 
-14.625, -52.375, 2.1659008175340574e-23, nan 
-14.375, -52.375, 1.0947008110809092e-22, nan 
-14.125, -52.375, 1.1118403897808141e-22, nan 
-13.875, -52.375, 1.0181074506204462e-22, nan 
-13.625, -52.375, 1.0552039975985086e-22, nan 
-13.375, -52.375, 1.4806819791680514e-22, nan 
-13.125, -52.375, 1.5064825708310363e-22, nan 
-12.875, -52.375, 9.273000657691952e-23, nan 
-12.625, -52.375, 2.7634053123163413e-23, nan 
-12.375, -52.375, 4.077804444523114e-23, nan 
-12.125, -52.375, 6.429121862715384e-23, nan 
-11.875, -52.375, 6.68403978931471e-23, nan 
-11.625, -52.375, 5.615574561689923e-23, nan 
-11.375, -52.375, 4.6399591223053726e-23, nan 
-11.125, -52.375, 5.705878262175518e-23, nan 
-10.875, -52.375, 2.0998064088474003e-22, nan 
-10.625, -52.375, 2.0727770657378921e-22, nan 
-10.375, -52.375, 4.382416545950909e-23, nan 
-10.125, -52.375, 5.2211089085924464e-23, nan 
-9.875, -52.375, 5.809364468140929e-23, nan 
-9.625, -52.375, 3.08164340472563e-23, nan 
-9.375, -52.375, 3.365320203746679e-24, nan 
-9.125, -52.375, 5.092290026001874e-24, nan 
-8.875, -52.375, 1.035978466217932e-23, nan 
-8.625, -52.375, 1.2486680194084225e-23, nan 
-8.375, -52.375, 1.0692034387368275e-23, nan 
-8.125, -52.375, 1.857573805541501e-23, nan 
-7.875, -52.375, 2.963024696302023e-23, nan 
-7.625, -52.375, 1.2666569857036888e-23, nan 
-7.375, -52.375, 3.2135452025657072e-24, nan 
-7.125, -52.375, 1.91076245040741e-23, nan 
-6.875, -52.375, 7.697782045309235e-23, nan 
-6.625, -52.375, 2.408335599388302e-22, nan 
-6.375, -52.375, 2.537280683621647e-22, nan 
-6.125, -52.375, 1.0870935869770515e-22, nan 
-5.875, -52.375, 6.810956733490864e-23, nan 
-5.625, -52.375, 1.6387344832637208e-22, nan 
-5.375, -52.375, 1.461668329949172e-22, nan 
-5.125, -52.375, 1.5285035369036123e-23, nan 
-20.125, -52.125, 2.992176981824929e-23, nan 
-19.875, -52.125, 3.719826546017012e-23, nan 
-19.625, -52.125, 7.192267274988513e-24, nan 
-19.375, -52.125, 9.979049185737993e-24, nan 
-19.125, -52.125, 1.1458683979038141e-23, nan 
-18.875, -52.125, 1.6767712277572164e-23, nan 
-18.625, -52.125, 1.6157286459638412e-23, nan 
-18.375, -52.125, 5.893307777973495e-24, nan 
-18.125, -52.125, 1.5460305878398408e-23, nan 
-17.875, -52.125, 1.8319733807683727e-23, nan 
-17.625, -52.125, 9.371003538597686e-24, nan 
-17.375, -52.125, 2.2376741458245612e-23, nan 
-17.125, -52.125, 3.1363382347386867e-23, nan 
-16.875, -52.125, 3.639792165779132e-23, nan 
-16.625, -52.125, 2.950716870082824e-23, nan 
-16.375, -52.125, 2.0029855094559252e-23, nan 
-16.125, -52.125, 1.1172148865710534e-23, nan 
-15.875, -52.125, 8.8460408046488e-24, nan 
-15.625, -52.125, 2.6395195826755736e-23, nan 
-15.375, -52.125, 1.1406514806455247e-22, nan 
-15.125, -52.125, 2.2769097221076504e-22, nan 
-14.875, -52.125, 1.5577491540175724e-22, nan 
-14.625, -52.125, 1.2594221972458785e-22, nan 
-14.375, -52.125, 1.4296523221709907e-22, nan 
-14.125, -52.125, 3.012463647098816e-23, nan 
-13.875, -52.125, 1.4548910261902026e-23, nan 
-13.625, -52.125, 1.4989992619696447e-23, nan 
-13.375, -52.125, 3.2133564058932807e-23, nan 
-13.125, -52.125, 1.085821285066439e-22, nan 
-12.875, -52.125, 1.7778535762104488e-22, nan 
-12.625, -52.125, 1.4519046273665244e-22, nan 
-12.375, -52.125, 2.536091546220702e-23, nan 
-12.125, -52.125, 3.310288998401729e-23, nan 
-11.875, -52.125, 4.9330452025098366e-23, nan 
-11.625, -52.125, 5.161323319548375e-23, nan 
-11.375, -52.125, 3.9624627419942673e-23, nan 
-11.125, -52.125, 3.7525539077328667e-23, nan 
-10.875, -52.125, 1.8229483260672296e-22, nan 
-10.625, -52.125, 1.9844986066479085e-22, nan 
-10.375, -52.125, 6.679719924445002e-23, nan 
-10.125, -52.125, 7.771535436861406e-23, nan 
-9.875, -52.125, 6.410994952576808e-23, nan 
-9.625, -52.125, 1.257849716030759e-23, nan 
-9.375, -52.125, 4.056460336055205e-24, nan 
-9.125, -52.125, 4.083150108279654e-24, nan 
-8.875, -52.125, 7.56141847632453e-24, nan 
-8.625, -52.125, 7.847577104731411e-24, nan 
-8.375, -52.125, 6.479939296991948e-24, nan 
-8.125, -52.125, 4.320458222880003e-24, nan 
-7.875, -52.125, 4.2955675617047295e-24, nan 
-7.625, -52.125, 4.31452256801659e-24, nan 
-7.375, -52.125, 4.545937342339628e-24, nan 
-7.125, -52.125, 1.127976717486595e-23, nan 
-6.875, -52.125, 6.889332320539878e-23, nan 
-6.625, -52.125, 2.091799769750868e-22, nan 
-6.375, -52.125, 2.187239225119885e-22, nan 
-6.125, -52.125, 9.836923838663459e-23, nan 
-5.875, -52.125, 8.730065752554948e-23, nan 
-5.625, -52.125, 1.1197480223050691e-22, nan 
-19.625, -51.875, 1.799453605256953e-23, nan 
-19.375, -51.875, 1.1736738133048482e-23, nan 
-19.125, -51.875, 1.937871670689284e-23, nan 
-18.875, -51.875, 1.7345891886281648e-23, nan 
-18.625, -51.875, 1.686112865696021e-23, nan 
-18.375, -51.875, 1.1866078958906266e-23, nan 
-18.125, -51.875, 1.37131164152295e-23, nan 
-17.875, -51.875, 1.2915786860276626e-23, nan 
-17.625, -51.875, 5.652939955199929e-24, nan 
-17.375, -51.875, 4.3150690883877253e-23, nan 
-17.125, -51.875, 4.827421132268533e-23, nan 
-16.875, -51.875, 2.1605425638733914e-23, nan 
-16.625, -51.875, 7.826437033507849e-24, nan 
-16.375, -51.875, 1.1930214104919527e-23, nan 
-16.125, -51.875, 1.6091499674804733e-23, nan 
-15.875, -51.875, 2.0483993254152534e-23, nan 
-15.625, -51.875, 1.9250237634642307e-23, nan 
-15.375, -51.875, 3.177365152729517e-23, nan 
-15.125, -51.875, 1.0386648932812946e-22, nan 
-14.875, -51.875, 2.736813685317973e-23, nan 
-14.625, -51.875, 7.668053483704353e-23, nan 
-14.375, -51.875, 1.0657466388257426e-22, nan 
-14.125, -51.875, 9.693562368928267e-23, nan 
-13.875, -51.875, 3.1413039412925135e-23, nan 
-13.625, -51.875, 1.803286452847525e-23, nan 
-13.375, -51.875, 2.87572192828847e-23, nan 
-13.125, -51.875, 1.0320918373265543e-22, nan 
-12.875, -51.875, 1.715059817436102e-22, nan 
-12.625, -51.875, 1.2542586529541676e-22, nan 
-12.375, -51.875, 4.0236317424303097e-23, nan 
-12.125, -51.875, 3.008477405024279e-23, nan 
-11.875, -51.875, 2.0736056874285042e-23, nan 
-11.625, -51.875, 2.0602076445678776e-23, nan 
-11.375, -51.875, 9.349080334282455e-24, nan 
-11.125, -51.875, 9.136019029861848e-24, nan 
-10.875, -51.875, 6.61092923495644e-23, nan 
-10.625, -51.875, 1.8988621119700795e-22, nan 
-10.375, -51.875, 1.7966609712696192e-22, nan 
-10.125, -51.875, 8.556455177033354e-23, nan 
-9.875, -51.875, 8.827619533439935e-23, nan 
-9.625, -51.875, 2.0794734643062344e-23, nan 
-9.375, -51.875, 7.107501769484886e-24, nan 
-9.125, -51.875, 9.233411856800895e-24, nan 
-8.875, -51.875, 7.864375878270544e-24, nan 
-8.625, -51.875, 5.6338283217552384e-24, nan 
-8.375, -51.875, 5.09782178551775e-24, nan 
-8.125, -51.875, 3.919888305297403e-24, nan 
-7.875, -51.875, 3.988558059541975e-24, nan 
-7.625, -51.875, 5.63056185504099e-24, nan 
-7.375, -51.875, 8.896699730398998e-24, nan 
-7.125, -51.875, 4.915726633777178e-23, nan 
-6.875, -51.875, 9.142973343984219e-23, nan 
-6.625, -51.875, 1.7223544621411151e-22, nan 
-6.375, -51.875, 1.9475840294951517e-22, nan 
-6.125, -51.875, 1.3488914048709348e-22, nan 
-5.875, -51.875, 1.071543852334912e-22, nan 
-19.125, -51.625, 1.7563791782375328e-23, nan 
-18.875, -51.625, 5.37737893463651e-24, nan 
-18.625, -51.625, 1.0010956376948229e-23, nan 
-18.375, -51.625, 9.90761371268202e-24, nan 
-18.125, -51.625, 1.2315345601803936e-23, nan 
-17.875, -51.625, 9.101432764205447e-24, nan 
-17.625, -51.625, 7.971320631753153e-24, nan 
-17.375, -51.625, 2.690315436113059e-23, nan 
-17.125, -51.625, 3.085070511653373e-23, nan 
-16.875, -51.625, 2.004497955515895e-23, nan 
-16.625, -51.625, 1.6063431734556165e-23, nan 
-16.375, -51.625, 1.4622216147680746e-23, nan 
-16.125, -51.625, 1.3946703467872762e-23, nan 
-15.875, -51.625, 1.9127308477887723e-23, nan 
-15.625, -51.625, 3.3038031502848044e-23, nan 
-15.375, -51.625, 2.863930676436542e-23, nan 
-15.125, -51.625, 7.015662109967454e-24, nan 
-14.875, -51.625, 1.4381973788975618e-23, nan 
-14.625, -51.625, 9.865380551313697e-24, nan 
-14.375, -51.625, 3.855497304233258e-23, nan 
-14.125, -51.625, 1.1489370242059502e-22, nan 
-13.875, -51.625, 1.1331570220233182e-22, nan 
-13.625, -51.625, 7.725600896995018e-23, nan 
-13.375, -51.625, 8.755184232721577e-23, nan 
-13.125, -51.625, 1.6009120151191902e-22, nan 
-12.875, -51.625, 1.485228695587918e-22, nan 
-12.625, -51.625, 1.7065552003417335e-23, nan 
-12.375, -51.625, 1.945108724160287e-23, nan 
-12.125, -51.625, 7.113862378300423e-24, nan 
-11.875, -51.625, 9.408136293752765e-24, nan 
-11.625, -51.625, 1.5404246479836763e-23, nan 
-11.375, -51.625, 2.14375359628174e-23, nan 
-11.125, -51.625, 1.9268076940676634e-23, nan 
-10.875, -51.625, 1.5965040342932934e-23, nan 
-10.625, -51.625, 1.068706796445789e-22, nan 
-10.375, -51.625, 1.3161396329208798e-22, nan 
-10.125, -51.625, 9.850343645817356e-23, nan 
-9.875, -51.625, 1.3380834885807486e-22, nan 
-9.625, -51.625, 1.137085766648895e-22, nan 
-9.375, -51.625, 2.4481027244230332e-23, nan 
-9.125, -51.625, 1.0049401096178196e-23, nan 
-8.875, -51.625, 7.618119012740611e-24, nan 
-8.625, -51.625, 1.2427265316039322e-23, nan 
-8.375, -51.625, 2.0508987371263017e-23, nan 
-8.125, -51.625, 5.227490323649143e-24, nan 
-7.875, -51.625, 1.6817065058210277e-23, nan 
-7.625, -51.625, 3.4278519156866304e-23, nan 
-7.375, -51.625, 5.295960498970917e-23, nan 
-7.125, -51.625, 1.0165994551012221e-22, nan 
-6.875, -51.625, 1.809765668187461e-22, nan 
-6.625, -51.625, 2.260983446698336e-22, nan 
-6.375, -51.625, 1.7925966149954143e-22, nan 
-6.125, -51.625, 1.0748044946415446e-22, nan 
-18.625, -51.375, 1.256105634866069e-23, nan 
-18.375, -51.375, 2.2981798669436775e-23, nan 
-18.125, -51.375, 2.2927969575512843e-23, nan 
-17.875, -51.375, 1.2011619736302453e-23, nan 
-17.625, -51.375, 1.3883138497773698e-23, nan 
-17.375, -51.375, 2.1236706179550163e-23, nan 
-17.125, -51.375, 2.1625691529800562e-23, nan 
-16.875, -51.375, 1.1628938191192345e-23, nan 
-16.625, -51.375, 1.1295433933889261e-23, nan 
-16.375, -51.375, 1.622713036658731e-23, nan 
-16.125, -51.375, 1.7324742219801753e-23, nan 
-15.875, -51.375, 2.0097269333981537e-23, nan 
-15.625, -51.375, 4.268482673328346e-23, nan 
-15.375, -51.375, 3.5759114339602106e-23, nan 
-15.125, -51.375, 4.281279349086719e-24, nan 
-14.875, -51.375, 5.047710549922951e-24, nan 
-14.625, -51.375, 5.333511614597338e-24, nan 
-14.375, -51.375, 1.760946545197193e-23, nan 
-14.125, -51.375, 2.0664444907824098e-23, nan 
-13.875, -51.375, 6.616503313823721e-23, nan 
-13.625, -51.375, 7.266276395609406e-23, nan 
-13.375, -51.375, 7.965224464777402e-23, nan 
-13.125, -51.375, 8.311418158788254e-23, nan 
-12.875, -51.375, 2.122310437724602e-23, nan 
-12.625, -51.375, 1.512977505289714e-23, nan 
-12.375, -51.375, 1.2292658128967108e-23, nan 
-12.125, -51.375, 4.703535174398397e-24, nan 
-11.875, -51.375, 3.7613950158428975e-24, nan 
-11.625, -51.375, 5.0273931050980286e-24, nan 
-11.375, -51.375, 1.2750203830959151e-23, nan 
-11.125, -51.375, 9.258373324376945e-24, nan 
-10.875, -51.375, 5.0645934914620914e-23, nan 
-10.625, -51.375, 1.0079080476159368e-22, nan 
-10.375, -51.375, 1.0525835842247672e-22, nan 
-10.125, -51.375, 9.294469817857373e-23, nan 
-9.875, -51.375, 1.247923185435188e-22, nan 
-9.625, -51.375, 1.4008819274304468e-22, nan 
-9.375, -51.375, 9.660035291804904e-23, nan 
-9.125, -51.375, 4.6108338034630563e-23, nan 
-8.875, -51.375, 6.165938055870823e-23, nan 
-8.625, -51.375, 7.100622452563522e-23, nan 
-8.375, -51.375, 8.361038096388842e-23, nan 
-8.125, -51.375, 8.803015851738788e-23, nan 
-7.875, -51.375, 7.778087283192249e-23, nan 
-7.625, -51.375, 8.96604094312213e-23, nan 
-7.375, -51.375, 9.937144962895912e-23, nan 
-7.125, -51.375, 1.5604415597847843e-22, nan 
-6.875, -51.375, 2.149085683490921e-22, nan 
-6.625, -51.375, 1.8813647915784646e-22, nan 
-18.125, -51.125, 2.44245976223379e-23, nan 
-17.875, -51.125, 2.6526653356801153e-23, nan 
-17.625, -51.125, 1.1340421510548375e-23, nan 
-17.375, -51.125, 1.187053413829389e-23, nan 
-17.125, -51.125, 1.3110232926939914e-23, nan 
-16.875, -51.125, 1.4652375030958552e-23, nan 
-16.625, -51.125, 1.3500805734091703e-23, nan 
-16.375, -51.125, 1.1910260145195649e-23, nan 
-16.125, -51.125, 1.2439769470554878e-23, nan 
-15.875, -51.125, 3.608499969282878e-23, nan 
-15.625, -51.125, 3.926954210730586e-23, nan 
-15.375, -51.125, 1.2846563595656051e-23, nan 
-15.125, -51.125, 7.953765689299419e-24, nan 
-14.875, -51.125, 9.837338965027173e-24, nan 
-14.625, -51.125, 7.46430317575249e-24, nan 
-14.375, -51.125, 1.2036551645184216e-23, nan 
-14.125, -51.125, 1.9135793006175548e-23, nan 
-13.875, -51.125, 1.9518707041219012e-23, nan 
-13.625, -51.125, 1.9438743303648034e-23, nan 
-13.375, -51.125, 2.660982534953554e-24, nan 
-13.125, -51.125, 5.1439215800901295e-23, nan 
-12.875, -51.125, 4.328136879366274e-23, nan 
-12.625, -51.125, 1.0422535819950993e-23, nan 
-12.375, -51.125, 6.124756509620639e-24, nan 
-12.125, -51.125, 4.667402138603797e-24, nan 
-11.875, -51.125, 6.226985525148687e-24, nan 
-11.625, -51.125, 2.001361740421345e-23, nan 
-11.375, -51.125, 2.488303846666081e-23, nan 
-11.125, -51.125, 1.2209446958899303e-23, nan 
-10.875, -51.125, 3.189992703187968e-23, nan 
-10.625, -51.125, 3.0756538175283356e-23, nan 
-10.375, -51.125, 6.180560247280697e-23, nan 
-10.125, -51.125, 6.995947678857808e-23, nan 
-9.875, -51.125, 1.0590127815986626e-22, nan 
-9.625, -51.125, 1.5234350752117393e-22, nan 
-9.375, -51.125, 1.599675989792142e-22, nan 
-9.125, -51.125, 1.3034813736703202e-22, nan 
-8.875, -51.125, 1.3020184313844594e-22, nan 
-8.625, -51.125, 1.2947507840215557e-22, nan 
-8.375, -51.125, 1.1866752618319279e-22, nan 
-8.125, -51.125, 1.297450635121692e-22, nan 
-7.875, -51.125, 1.3874905110353071e-22, nan 
-7.625, -51.125, 1.424810154218611e-22, nan 
-7.375, -51.125, 1.8888775823725412e-22, nan 
-7.125, -51.125, 2.0170572475485644e-22, nan 
-6.875, -51.125, 1.6071891451536324e-22, nan 
-17.625, -50.875, 2.3950247373495434e-23, nan 
-17.375, -50.875, 2.300087556452543e-23, nan 
-17.125, -50.875, 8.250000917637908e-24, nan 
-16.875, -50.875, 5.340697231242392e-24, nan 
-16.625, -50.875, 1.840031913104271e-23, nan 
-16.375, -50.875, 2.1540251175894178e-23, nan 
-16.125, -50.875, 1.706857521882391e-23, nan 
-15.875, -50.875, 2.1753725793676115e-23, nan 
-15.625, -50.875, 2.982304857328372e-23, nan 
-15.375, -50.875, 2.519046896819179e-23, nan 
-15.125, -50.875, 8.649622588406736e-24, nan 
-14.875, -50.875, 1.5317464131735025e-23, nan 
-14.625, -50.875, 1.4834678744605933e-23, nan 
-14.375, -50.875, 5.980627827226396e-24, nan 
-14.125, -50.875, 1.1635131979288771e-23, nan 
-13.875, -50.875, 1.4624855739786116e-23, nan 
-13.625, -50.875, 2.848477726216786e-23, nan 
-13.375, -50.875, 3.594712773369006e-23, nan 
-13.125, -50.875, 3.577591436249772e-23, nan 
-12.875, -50.875, 1.853152967526571e-23, nan 
-12.625, -50.875, 3.022457595348103e-24, nan 
-12.375, -50.875, 5.194997922534111e-24, nan 
-12.125, -50.875, 4.734249941311751e-24, nan 
-11.875, -50.875, 5.189633769953149e-24, nan 
-11.625, -50.875, 6.0426577351469355e-24, nan 
-11.375, -50.875, 1.2119677186751405e-23, nan 
-11.125, -50.875, 8.4843601071438e-24, nan 
-10.875, -50.875, 3.813590398645382e-23, nan 
-10.625, -50.875, 6.712711674679931e-23, nan 
-10.375, -50.875, 7.471828137649818e-23, nan 
-10.125, -50.875, 6.13220766297799e-23, nan 
-9.875, -50.875, 6.442750759609353e-23, nan 
-9.625, -50.875, 8.754075848841956e-23, nan 
-9.375, -50.875, 1.2863679121169362e-22, nan 
-9.125, -50.875, 1.386912200708156e-22, nan 
-8.875, -50.875, 1.2608575790068473e-22, nan 
-8.625, -50.875, 1.278920704112466e-22, nan 
-8.375, -50.875, 1.1229309059335965e-22, nan 
-8.125, -50.875, 1.1334535468060851e-22, nan 
-7.875, -50.875, 1.2597330815880442e-22, nan 
-7.625, -50.875, 1.2489231269958745e-22, nan 
-7.375, -50.875, 1.2598807594969932e-22, nan 
-7.125, -50.875, 5.477900436228491e-23, nan 
-17.125, -50.625, 1.2193609670881364e-23, nan 
-16.875, -50.625, 5.147283754144392e-24, nan 
-16.625, -50.625, 7.298569812581848e-24, nan 
-16.375, -50.625, 1.6503805165782725e-23, nan 
-16.125, -50.625, 2.2093123080407882e-23, nan 
-15.875, -50.625, 2.0783005002224454e-23, nan 
-15.625, -50.625, 6.080770487626424e-23, nan 
-15.375, -50.625, 3.531081519863479e-23, nan 
-15.125, -50.625, 1.138581640169087e-23, nan 
-14.875, -50.625, 1.0112810359690935e-23, nan 
-14.625, -50.625, 9.952591787751421e-24, nan 
-14.375, -50.625, 7.502364278201474e-24, nan 
-14.125, -50.625, 1.6704725666349383e-23, nan 
-13.875, -50.625, 2.1789886452506923e-23, nan 
-13.625, -50.625, 2.322478127640376e-23, nan 
-13.375, -50.625, 1.7324165558501056e-23, nan 
-13.125, -50.625, 1.2639749465059718e-23, nan 
-12.875, -50.625, 2.2898180473567425e-23, nan 
-12.625, -50.625, 2.1591791828279942e-23, nan 
-12.375, -50.625, 6.069140449378803e-24, nan 
-12.125, -50.625, 4.483172006537523e-24, nan 
-11.875, -50.625, 5.409022252017042e-24, nan 
-11.625, -50.625, 9.885401668510599e-24, nan 
-11.375, -50.625, 9.86752134198319e-24, nan 
-11.125, -50.625, 1.782404687473207e-23, nan 
-10.875, -50.625, 2.957347694511401e-23, nan 
-10.625, -50.625, 3.825748040261559e-23, nan 
-10.375, -50.625, 3.7435044707384406e-23, nan 
-10.125, -50.625, 3.3937486432158913e-23, nan 
-9.875, -50.625, 5.183693820211406e-23, nan 
-9.625, -50.625, 4.7276621101417454e-23, nan 
-9.375, -50.625, 4.746676198173858e-23, nan 
-9.125, -50.625, 7.574052651874465e-23, nan 
-8.875, -50.625, 6.863065319844909e-23, nan 
-8.625, -50.625, 8.414481988553575e-23, nan 
-8.375, -50.625, 7.481587856760466e-23, nan 
-8.125, -50.625, 5.024581823803015e-23, nan 
-7.875, -50.625, 4.084302838959891e-23, nan 
-7.625, -50.625, 4.390842743633765e-23, nan 
-16.375, -50.375, 1.920056541572152e-23, nan 
-16.125, -50.375, 2.1972081245341744e-23, nan 
-15.875, -50.375, 6.481972991738134e-23, nan 
-15.625, -50.375, 1.2995734755113078e-22, nan 
-15.375, -50.375, 9.097811894553888e-23, nan 
-15.125, -50.375, 1.9675457685799076e-23, nan 
-14.875, -50.375, 4.060979802571424e-24, nan 
-14.625, -50.375, 7.572791906998165e-24, nan 
-14.375, -50.375, 1.356642071848285e-23, nan 
-14.125, -50.375, 1.9720578144495278e-23, nan 
-13.875, -50.375, 1.7110651023611066e-23, nan 
-13.625, -50.375, 1.122350960334592e-23, nan 
-13.375, -50.375, 1.621632828646301e-23, nan 
-13.125, -50.375, 1.9018029011219217e-23, nan 
-12.875, -50.375, 6.334551540314126e-24, nan 
-12.625, -50.375, 1.7579296047833957e-23, nan 
-12.375, -50.375, 1.9930404583041867e-23, nan 
-12.125, -50.375, 1.0857109512140487e-23, nan 
-11.875, -50.375, 7.971692132799356e-24, nan 
-11.625, -50.375, 3.915430634802449e-23, nan 
-11.375, -50.375, 3.728117336740456e-23, nan 
-11.125, -50.375, 2.7447032132254465e-23, nan 
-10.875, -50.375, 1.8669247318885234e-23, nan 
-10.625, -50.375, 1.9402687555286432e-23, nan 
-10.375, -50.375, 2.434560341942905e-23, nan 
-10.125, -50.375, 3.511408304353301e-23, nan 
-9.875, -50.375, 3.2712804455445494e-23, nan 
-9.625, -50.375, 2.3494638569835986e-23, nan 
-9.375, -50.375, 8.846642528706932e-24, nan 
-9.125, -50.375, 2.0345171595381683e-23, nan 
-8.875, -50.375, 3.534170488346787e-23, nan 
-8.625, -50.375, 3.458186694841769e-23, nan 
-8.375, -50.375, 2.0039056281527725e-23, nan 
-8.125, -50.375, 3.795591488546276e-23, nan 
-7.875, -50.375, 3.0584660445297003e-23, nan 
-15.875, -50.125, 1.6934326792758e-23, nan 
-15.625, -50.125, 5.575204846284596e-23, nan 
-15.375, -50.125, 1.6651437327960544e-23, nan 
-15.125, -50.125, 1.0562995596514906e-23, nan 
-14.875, -50.125, 6.079563929122498e-24, nan 
-14.625, -50.125, 8.248956883307848e-24, nan 
-14.375, -50.125, 1.2744258397343826e-23, nan 
-14.125, -50.125, 1.3401796366253437e-23, nan 
-13.875, -50.125, 5.277765225568981e-24, nan 
-13.625, -50.125, 1.2179151486093464e-23, nan 
-13.375, -50.125, 5.884393024174077e-24, nan 
-13.125, -50.125, 9.463284218833196e-24, nan 
-12.875, -50.125, 5.183262147631978e-24, nan 
-12.625, -50.125, 4.9620877006718755e-24, nan 
-12.375, -50.125, 1.7525946857340437e-23, nan 
-12.125, -50.125, 2.605987882908419e-23, nan 
-11.875, -50.125, 6.138697162315339e-23, nan 
-11.625, -50.125, 7.019419795655537e-23, nan 
-11.375, -50.125, 9.483544640097277e-23, nan 
-11.125, -50.125, 8.953840839047248e-23, nan 
-10.875, -50.125, 1.8470400200171642e-23, nan 
-10.625, -50.125, 1.7740927062318183e-23, nan 
-10.375, -50.125, 1.2856085469705876e-23, nan 
-10.125, -50.125, 5.0417862096883435e-24, nan 
-9.875, -50.125, 1.2895954647584055e-23, nan 
-9.625, -50.125, 1.626389113597787e-23, nan 
-9.375, -50.125, 1.570666888742155e-23, nan 
-9.125, -50.125, 2.1417942813480866e-23, nan 
-8.875, -50.125, 2.3734657283247343e-23, nan 
-8.625, -50.125, 1.95741292330237e-23, nan 
-8.375, -50.125, 2.9625825161328013e-23, nan 
-8.125, -50.125, 3.413451399913787e-23, nan 
-15.375, -49.875, 2.7364481092669424e-23, nan 
-15.125, -49.875, 1.0781098341896802e-23, nan 
-14.875, -49.875, 5.123990651114713e-24, nan 
-14.625, -49.875, 1.0651039236529904e-23, nan 
-14.375, -49.875, 9.645291841797132e-24, nan 
-14.125, -49.875, 1.4484885751960813e-23, nan 
-13.875, -49.875, 2.5143559051248355e-23, nan 
-13.625, -49.875, 2.7448765864285373e-23, nan 
-13.375, -49.875, 1.1767048256098387e-23, nan 
-13.125, -49.875, 3.612174006206834e-23, nan 
-12.875, -49.875, 1.2438985477073272e-23, nan 
-12.625, -49.875, 1.641430132190155e-23, nan 
-12.375, -49.875, 1.5500467943192051e-23, nan 
-12.125, -49.875, 2.1602856252804483e-23, nan 
-11.875, -49.875, 5.744491259529349e-23, nan 
-11.625, -49.875, 6.812107866672226e-23, nan 
-11.375, -49.875, 1.0929037651105828e-22, nan 
-11.125, -49.875, 1.0206278881852178e-22, nan 
-10.875, -49.875, 1.2211141104901858e-23, nan 
-10.625, -49.875, 1.2413195010160361e-23, nan 
-10.375, -49.875, 9.24896801777295e-24, nan 
-10.125, -49.875, 1.5333152330417272e-23, nan 
-9.875, -49.875, 1.5811215110582533e-23, nan 
-9.625, -49.875, 1.8495038713925694e-23, nan 
-9.375, -49.875, 2.4942794835550047e-23, nan 
-9.125, -49.875, 2.832731667778394e-23, nan 
-8.875, -49.875, 2.466325328731208e-23, nan 
-8.625, -49.875, 1.469594267697722e-23, nan 
-14.875, -49.625, 1.3684250907968123e-23, 1.3694075961641585e-23 
-14.625, -49.625, 9.261575290786541e-24, 9.268160762080734e-24 
-14.375, -49.625, 1.2485348290841602e-23, 1.2494263103532368e-23 
-14.125, -49.625, 1.2991433368530195e-23, 1.3000826519347743e-23 
-13.875, -49.625, 1.3049507799324377e-23, 1.305906043250985e-23 
-13.625, -49.625, 1.3712966552700338e-23, 1.37231283114404e-23 
-13.375, -49.625, 6.15067239519976e-23, 6.155102345914964e-23 
-13.125, -49.625, 1.1567445004447613e-22, 1.1575654240859685e-22 
-12.875, -49.625, 7.746745858320968e-23, 7.752161853814394e-23 
-12.625, -49.625, 1.9126538191318892e-23, 1.913967114054009e-23 
-12.375, -49.625, 1.5856131306349727e-23, 1.5866897905144698e-23 
-12.125, -49.625, 1.689401323940448e-23, 1.690551555025322e-23 
-11.875, -49.625, 9.643394747393062e-24, 9.649978141815838e-24 
-11.625, -49.625, 4.0030984376507447e-23, 4.0059386358788396e-23 
-11.375, -49.625, 4.531443525725057e-23, 4.5345921689015494e-23 
-11.125, -49.625, 2.709292995455178e-23, 2.711171922745874e-23 
-10.875, -49.625, 1.1007434484481095e-23, 1.1015053619841677e-23 
-10.625, -49.625, 2.194126628467934e-23, 2.195642440312386e-23 
-10.375, -49.625, 2.071352704633569e-23, 2.072748398470454e-23 
-10.125, -49.625, 8.950756729026093e-24, 8.956775911520453e-24 
-9.875, -49.625, 9.758892522140203e-24, 9.76544217527457e-24 
-9.625, -49.625, 1.8331136028138677e-23, 1.8343414533500925e-23 
-9.375, -49.625, 2.4933542425783062e-23, 2.4949865201760838e-23 
-9.125, -49.625, 2.8461595919636957e-23, 2.847951086654256e-23 
-8.875, -49.625, 2.872605650789787e-23, 2.8743413819104004e-23 
-14.375, -49.375, 1.6959266825475428e-23, 1.6972154406456978e-23 
-14.125, -49.375, 1.776491162648901e-23, 1.7778571343052748e-23 
-13.875, -49.375, 1.146286793400266e-23, 1.14717850862143e-23 
-13.625, -49.375, 1.3413930396560904e-23, 1.342388365233412e-23 
-13.375, -49.375, 1.6580962684804268e-23, 1.659286555095645e-23 
-13.125, -49.375, 5.401912918972105e-23, 5.405713202818736e-23 
-12.875, -49.375, 1.7319278683775383e-23, 1.7331280164114733e-23 
-12.625, -49.375, 1.277482217592228e-23, 1.2783514919182427e-23 
-12.375, -49.375, 1.2510416005265494e-23, 1.2518833549138086e-23 
-12.125, -49.375, 1.1091443116723271e-23, 1.1098926252660248e-23 
-11.875, -49.375, 4.751257315421734e-24, 4.7545884645835456e-24 
-11.625, -49.375, 8.909554639486862e-24, 8.915418384824097e-24 
-11.375, -49.375, 1.8501725760970914e-23, 1.851352091001926e-23 
-11.125, -49.375, 1.9546449993665515e-23, 1.9558885186119863e-23 
-10.875, -49.375, 1.2007370590857356e-23, 1.2014993559275131e-23 
-10.625, -49.375, 2.0507480931323626e-23, 2.0520472998724563e-23 
-10.375, -49.375, 2.1029981909580083e-23, 2.1042686647144144e-23 
-10.125, -49.375, 9.740243987303342e-24, 9.745771524232067e-24 
-9.875, -49.375, 1.750399552416892e-23, 1.7513905722673815e-23 
-9.625, -49.375, 2.910513665108604e-23, 2.912157642448056e-23 
-9.375, -49.375, 3.081790351648104e-23, 3.083484345007597e-23 
-13.875, -49.125, 8.800231334184293e-24, 8.807086632976071e-24 
-13.625, -49.125, 1.2763244912147448e-23, 1.2772692269358051e-23 
-13.375, -49.125, 1.8604674157275282e-23, 1.8617996143730646e-23 
-13.125, -49.125, 5.470880906995692e-23, 5.474716896308332e-23 
-12.875, -49.125, 7.285918441164067e-24, 7.290922255026913e-24 
-12.625, -49.125, 1.430659533909727e-23, 1.4316242042062844e-23 
-12.375, -49.125, 1.363756400925268e-23, 1.364665573872499e-23 
-12.125, -49.125, 1.1768591205568503e-23, 1.1776743514053984e-23 
-11.875, -49.125, 8.914522500236054e-24, 8.920316183372021e-24 
-11.625, -49.125, 7.782394182842238e-24, 7.787069936957378e-24 
-11.375, -49.125, 1.0897783829848717e-23, 1.0904106596154299e-23 
-11.125, -49.125, 1.9490405962741515e-23, 1.95016881932254e-23 
-10.875, -49.125, 3.709804762356946e-23, 3.7119472980180077e-23 
-10.625, -49.125, 6.298251716835573e-23, 6.301880806609566e-23 
-10.375, -49.125, 1.3542824821620353e-23, 1.355023009409245e-23 
-10.125, -49.125, 1.5554474984923846e-23, 1.5562216638332687e-23 
-9.875, -49.125, 1.729643282709691e-23, 1.7304409691763474e-23 
-9.625, -49.125, 1.005450434246836e-23, 1.0059128028102426e-23 
-13.125, -48.875, 1.1551095116264236e-22, 1.1559173469587954e-22 
-12.875, -48.875, 7.804729835835985e-23, 7.810071934121571e-23 
-12.625, -48.875, 1.445965884407995e-23, 1.4469319467649817e-23 
-12.375, -48.875, 6.340404274993279e-24, 6.3447431745943484e-24 
-12.125, -48.875, 9.840814531617627e-24, 9.847129269282824e-24 
-11.875, -48.875, 1.5125609329495577e-23, 1.513457252057278e-23 
-11.625, -48.875, 1.3929760778837736e-23, 1.3937331347270256e-23 
-11.375, -48.875, 1.1898731944067268e-23, 1.1904953310737372e-23 
-11.125, -48.875, 3.175629692524327e-23, 3.177285891243171e-23 
-10.875, -48.875, 9.963431726608384e-23, 9.968614787113571e-23 
-10.625, -48.875, 1.2793659300813788e-22, 1.2800297711278857e-22 
-10.375, -48.875, 1.2625393063859934e-22, 1.2631572973081277e-22 
-10.125, -48.875, 1.1999255034053033e-23, 1.2004539407903949e-23 
-9.875, -48.875, 1.465567982329754e-23, 1.4661414643972498e-23 
-12.625, -48.625, 1.6638835129082172e-23, 1.6650419926274916e-23 
-12.375, -48.625, 8.97916933184549e-24, 8.985210190903424e-24 
-12.125, -48.625, 1.98976946352794e-23, 1.9910103954831978e-23 
-11.875, -48.625, 1.8608775314389448e-23, 1.8619467006734906e-23 
-11.625, -48.625, 7.814698068878097e-24, 7.818804290651946e-24 
-11.375, -48.625, 7.108361837799296e-24, 7.111879649273734e-24 
-11.125, -48.625, 1.4854484107747136e-22, 1.486181566877171e-22 
-10.875, -48.625, 1.9663742237112862e-22, 1.9673421401059768e-22 
-10.625, -48.625, 1.330337073772877e-22, 1.3309901488220097e-22 
-10.375, -48.625, 1.9094886903916422e-22, 1.9103034922023443e-22 
-12.125, -48.375, 1.940213924399616e-23, 1.9415176016980738e-23 
-11.875, -48.375, 9.248243960147757e-24, 9.254003928773448e-24 
-11.625, -48.375, 1.2711127636148716e-23, 1.2718053293129358e-23 
-11.375, -48.375, 8.880598019537682e-24, 8.885139228981535e-24 
-11.125, -48.375, 8.578771515126023e-24, 8.583147011748954e-24 
-10.875, -48.375, 9.770866915360758e-23, 9.775837476532073e-23 
-10.625, -48.375, 1.0689108980537624e-22, 1.069376838714452e-22 
-11.625, -48.125, 1.490151113288193e-23, 1.490987581451784e-23 
-11.375, -48.125, 1.0686623325797886e-23, 1.0692264186195767e-23 
-11.125, -48.125, 1.5921471975243716e-23, 1.592985490383846e-23 
