# lon_gridpoint [deg], lat_gridpoint [deg], P_R_modelGRS [W], P_R_modelFREND [W] 
-35.125, -79.875, 3.930586181049311e-24, nan 
-34.875, -79.875, 3.361567593240746e-24, nan 
-34.625, -79.875, 2.712531930690187e-24, nan 
-34.375, -79.875, 2.5338172994196052e-24, nan 
-34.125, -79.875, 2.2304116510534967e-24, nan 
-33.875, -79.875, 2.266050135047077e-24, nan 
-33.625, -79.875, 2.404015622336067e-24, nan 
-33.375, -79.875, 1.9098141476798487e-24, nan 
-33.125, -79.875, 1.877294438143881e-24, nan 
-32.875, -79.875, 1.320569295074512e-24, nan 
-32.625, -79.875, 1.0679475024559637e-24, nan 
-32.375, -79.875, 8.229636029533445e-25, nan 
-32.125, -79.875, 5.349670240911816e-25, nan 
-34.875, -79.625, 2.521067535907426e-24, nan 
-34.625, -79.625, 2.2569278465634705e-24, nan 
-34.375, -79.625, 1.7880483029976983e-24, nan 
-34.125, -79.625, 1.4843021730269542e-24, nan 
-33.875, -79.625, 8.431096109503353e-25, nan 
-33.625, -79.625, 5.025440144308371e-25, nan 
-33.375, -79.625, 6.887339758880537e-25, nan 
-33.125, -79.625, 5.172692085303668e-25, nan 
-32.875, -79.625, 4.958302015438813e-25, nan 
-32.625, -79.625, 3.7064782618102567e-25, nan 
-32.375, -79.625, 4.3609473997378525e-25, nan 
-32.125, -79.625, 3.9688736747530653e-25, nan 
-31.875, -79.625, 4.371999066869608e-25, nan 
-31.625, -79.625, 3.101104485941075e-25, nan 
-31.375, -79.625, 3.9417092798906637e-25, nan 
-31.125, -79.625, 3.555710183000475e-25, nan 
-30.875, -79.625, 4.6708609522688995e-25, nan 
-30.625, -79.625, 8.04092911493526e-25, nan 
-30.375, -79.625, 1.0362501058205924e-24, nan 
-30.125, -79.625, 1.0445366417930465e-24, nan 
-29.875, -79.625, 1.2418616561130412e-24, nan 
-29.625, -79.625, 1.083617575824269e-24, nan 
-29.375, -79.625, 1.1567389781927508e-24, nan 
-29.125, -79.625, 1.2780612237868056e-24, nan 
-28.875, -79.625, 1.2131361591321975e-24, nan 
-28.625, -79.625, 1.4557405667921147e-24, nan 
-28.375, -79.625, 1.2770372171760889e-24, nan 
-34.875, -79.375, 8.221276560589507e-25, nan 
-34.625, -79.375, 8.037860680634653e-25, nan 
-34.375, -79.375, 8.735807744271356e-25, nan 
-34.125, -79.375, 9.358419848650194e-25, nan 
-33.875, -79.375, 6.03655635336568e-25, nan 
-33.625, -79.375, 7.17951177486036e-25, nan 
-33.375, -79.375, 8.594389339658682e-25, nan 
-33.125, -79.375, 5.259324372524095e-25, nan 
-32.875, -79.375, 5.510596417178299e-25, nan 
-32.625, -79.375, 3.6019625953038505e-25, nan 
-32.375, -79.375, 4.810398252580545e-25, nan 
-32.125, -79.375, 4.465580374839429e-25, nan 
-31.875, -79.375, 5.209776562088753e-25, nan 
-31.625, -79.375, 4.632760245725884e-25, nan 
-31.375, -79.375, 4.954774567627665e-25, nan 
-31.125, -79.375, 6.595937056258919e-25, nan 
-30.875, -79.375, 4.371199087007478e-25, nan 
-30.625, -79.375, 4.916984996018393e-25, nan 
-30.375, -79.375, 8.557815960157509e-25, nan 
-30.125, -79.375, 6.41507813333506e-25, nan 
-29.875, -79.375, 6.265461633177344e-25, nan 
-29.625, -79.375, 6.633995791907601e-25, nan 
-29.375, -79.375, 6.705411551696335e-25, nan 
-29.125, -79.375, 9.893005122675272e-25, nan 
-28.875, -79.375, 9.930313491756817e-25, nan 
-28.625, -79.375, 1.0165941924222336e-24, nan 
-28.375, -79.375, 1.0500672279402843e-24, nan 
-28.125, -79.375, 1.0829120230115446e-24, nan 
-27.875, -79.375, 1.0813013637718219e-24, nan 
-27.625, -79.375, 1.2627774987578836e-24, nan 
-27.375, -79.375, 1.1591012142238646e-24, nan 
-27.125, -79.375, 9.341347170171787e-25, nan 
-26.875, -79.375, 8.453819512967298e-25, nan 
-26.625, -79.375, 7.841363681770199e-25, nan 
-26.375, -79.375, 7.842676155731186e-25, nan 
-26.125, -79.375, 6.268517733952638e-25, nan 
-25.875, -79.375, 8.202090324387277e-25, nan 
-25.625, -79.375, 1.1334149956440133e-24, nan 
-25.375, -79.375, 1.258283946442784e-24, nan 
-34.625, -79.125, 2.4830268569086434e-25, nan 
-34.375, -79.125, 4.531924735577301e-25, nan 
-34.125, -79.125, 3.221931913083177e-25, nan 
-33.875, -79.125, 6.977690691945253e-25, nan 
-33.625, -79.125, 8.053102148087882e-25, nan 
-33.375, -79.125, 9.200730900531387e-25, nan 
-33.125, -79.125, 7.125510098602439e-25, nan 
-32.875, -79.125, 8.294979458237549e-25, nan 
-32.625, -79.125, 1.144278571121333e-24, nan 
-32.375, -79.125, 9.937317666297273e-25, nan 
-32.125, -79.125, 9.642764627874453e-25, nan 
-31.875, -79.125, 6.578816292099602e-25, nan 
-31.625, -79.125, 5.832036320165481e-25, nan 
-31.375, -79.125, 5.920474544865609e-25, nan 
-31.125, -79.125, 8.980909890583603e-25, nan 
-30.875, -79.125, 8.583284614479622e-25, nan 
-30.625, -79.125, 8.559887955095073e-25, nan 
-30.375, -79.125, 8.667725789498297e-25, nan 
-30.125, -79.125, 9.607300097558107e-25, nan 
-29.875, -79.125, 1.2311398548291725e-24, nan 
-29.625, -79.125, 9.672954837816706e-25, nan 
-29.375, -79.125, 1.001187285260595e-24, nan 
-29.125, -79.125, 8.342812690534265e-25, nan 
-28.875, -79.125, 9.63764418306501e-25, nan 
-28.625, -79.125, 9.688490660236365e-25, nan 
-28.375, -79.125, 9.8906772217318e-25, nan 
-28.125, -79.125, 9.676244004569681e-25, nan 
-27.875, -79.125, 9.17930341270273e-25, nan 
-27.625, -79.125, 7.809415104884517e-25, nan 
-27.375, -79.125, 7.557230968415616e-25, nan 
-27.125, -79.125, 8.023362151175712e-25, nan 
-26.875, -79.125, 9.59656608319455e-25, nan 
-26.625, -79.125, 1.157734282091475e-24, nan 
-26.375, -79.125, 1.0052433023584705e-24, nan 
-26.125, -79.125, 1.3888705798420246e-24, nan 
-25.875, -79.125, 1.5077573358134161e-24, nan 
-25.625, -79.125, 1.7092379915591596e-24, nan 
-25.375, -79.125, 1.8647162162537097e-24, nan 
-25.125, -79.125, 2.0992477616624483e-24, nan 
-24.875, -79.125, 1.9588010403833313e-24, nan 
-24.625, -79.125, 2.1113490342508913e-24, nan 
-24.375, -79.125, 2.1822504001437006e-24, nan 
-24.125, -79.125, 2.164872345879518e-24, nan 
-23.875, -79.125, 1.9361929036140962e-24, nan 
-23.625, -79.125, 1.7307137651227863e-24, nan 
-23.375, -79.125, 2.1977543175842354e-24, nan 
-23.125, -79.125, 1.751271091865383e-24, nan 
-22.875, -79.125, 1.8868230631064877e-24, nan 
-34.375, -78.875, 4.395271502979365e-25, nan 
-34.125, -78.875, 5.337691307431811e-25, nan 
-33.875, -78.875, 5.919341069194423e-25, nan 
-33.625, -78.875, 6.664765004209216e-25, nan 
-33.375, -78.875, 6.4072563381444495e-25, nan 
-33.125, -78.875, 9.00960058246006e-25, nan 
-32.875, -78.875, 1.1407380675893695e-24, nan 
-32.625, -78.875, 1.4215876358248886e-24, nan 
-32.375, -78.875, 1.2012835805993437e-24, nan 
-32.125, -78.875, 6.44377758319567e-25, nan 
-31.875, -78.875, 7.551037507383614e-25, nan 
-31.625, -78.875, 1.0253677475977881e-24, nan 
-31.375, -78.875, 1.1771986645658007e-24, nan 
-31.125, -78.875, 1.2126910702684156e-24, nan 
-30.875, -78.875, 9.816308891722799e-25, nan 
-30.625, -78.875, 9.301310846195254e-25, nan 
-30.375, -78.875, 9.83337822389675e-25, nan 
-30.125, -78.875, 1.021534787077719e-24, nan 
-29.875, -78.875, 1.1628728665374832e-24, nan 
-29.625, -78.875, 1.1064843507752825e-24, nan 
-29.375, -78.875, 1.1629777118987435e-24, nan 
-29.125, -78.875, 1.0755171479365563e-24, nan 
-28.875, -78.875, 1.004126324552479e-24, nan 
-28.625, -78.875, 1.0830698444792848e-24, nan 
-28.375, -78.875, 1.2158509185079862e-24, nan 
-28.125, -78.875, 1.2888095132576252e-24, nan 
-27.875, -78.875, 1.3455345509875574e-24, nan 
-27.625, -78.875, 1.0861950389486421e-24, nan 
-27.375, -78.875, 1.2326595613157977e-24, nan 
-27.125, -78.875, 1.5547083261066739e-24, nan 
-26.875, -78.875, 1.6818560354946914e-24, nan 
-26.625, -78.875, 1.5221142113609313e-24, nan 
-26.375, -78.875, 2.1050178538652873e-24, nan 
-26.125, -78.875, 1.8835636340956202e-24, nan 
-25.875, -78.875, 1.8142392184862433e-24, nan 
-25.625, -78.875, 1.702989199688786e-24, nan 
-25.375, -78.875, 1.6293823574098242e-24, nan 
-25.125, -78.875, 2.4040245210914587e-24, nan 
-24.875, -78.875, 1.9178110341651213e-24, nan 
-24.625, -78.875, 2.1001638768509633e-24, nan 
-24.375, -78.875, 1.8217235655405886e-24, nan 
-24.125, -78.875, 1.5869577248602385e-24, nan 
-23.875, -78.875, 2.2773652044222482e-24, nan 
-23.625, -78.875, 2.4573009053358894e-24, nan 
-23.375, -78.875, 2.1868608240669012e-24, nan 
-23.125, -78.875, 2.842226915705688e-24, nan 
-22.875, -78.875, 3.617900470526245e-24, nan 
-22.625, -78.875, 3.809617287436429e-24, nan 
-22.375, -78.875, 4.344799895569298e-24, nan 
-22.125, -78.875, 4.2796056538436194e-24, nan 
-21.875, -78.875, 3.62437514370012e-24, nan 
-21.625, -78.875, 4.5189496742218966e-24, nan 
-21.375, -78.875, 4.448121929116647e-24, nan 
-21.125, -78.875, 5.8177809240202474e-24, nan 
-20.875, -78.875, 5.2275317626770334e-24, nan 
-34.125, -78.625, 9.196164153951863e-25, nan 
-33.875, -78.625, 1.1364001172721656e-24, nan 
-33.625, -78.625, 1.0863775023031975e-24, nan 
-33.375, -78.625, 9.75407598253878e-25, nan 
-33.125, -78.625, 1.222193014698921e-24, nan 
-32.875, -78.625, 9.347926014124174e-25, nan 
-32.625, -78.625, 9.958832700036375e-25, nan 
-32.375, -78.625, 6.565417990019078e-25, nan 
-32.125, -78.625, 9.075639203137729e-25, nan 
-31.875, -78.625, 9.469995133319285e-25, nan 
-31.625, -78.625, 9.99550850113237e-25, nan 
-31.375, -78.625, 1.0414285426394181e-24, nan 
-31.125, -78.625, 9.49446695001882e-25, nan 
-30.875, -78.625, 7.621215323467975e-25, nan 
-30.625, -78.625, 6.92257990761411e-25, nan 
-30.375, -78.625, 7.271118944616662e-25, nan 
-30.125, -78.625, 7.631339925031102e-25, nan 
-29.875, -78.625, 8.711136042038395e-25, nan 
-29.625, -78.625, 8.504010703433186e-25, nan 
-29.375, -78.625, 8.921053604868412e-25, nan 
-29.125, -78.625, 9.295248491991784e-25, nan 
-28.875, -78.625, 9.26536805108168e-25, nan 
-28.625, -78.625, 9.120950808767563e-25, nan 
-28.375, -78.625, 1.0655527263233307e-24, nan 
-28.125, -78.625, 1.1231942617811325e-24, nan 
-27.875, -78.625, 1.2511971731045329e-24, nan 
-27.625, -78.625, 1.2632731627529184e-24, nan 
-27.375, -78.625, 1.2679957080153607e-24, nan 
-27.125, -78.625, 1.3137860899150517e-24, nan 
-26.875, -78.625, 1.439058651974693e-24, nan 
-26.625, -78.625, 1.3350743021098816e-24, nan 
-26.375, -78.625, 1.5719105724692544e-24, nan 
-26.125, -78.625, 1.1915418331060745e-24, nan 
-25.875, -78.625, 7.0554726955447395e-25, nan 
-25.625, -78.625, 6.279455336564674e-25, nan 
-25.375, -78.625, 1.3291483676915266e-24, nan 
-25.125, -78.625, 1.28061166855243e-24, nan 
-24.875, -78.625, 1.6044925897263488e-24, nan 
-24.625, -78.625, 6.771194758440008e-25, nan 
-24.375, -78.625, 1.9801957271364654e-24, nan 
-24.125, -78.625, 1.6340006768485e-24, nan 
-23.875, -78.625, 1.4306317943774716e-24, nan 
-23.625, -78.625, 1.84731296837364e-24, nan 
-23.375, -78.625, 1.847696950376894e-24, nan 
-23.125, -78.625, 2.107831134937094e-24, nan 
-22.875, -78.625, 1.3724866185466953e-24, nan 
-22.625, -78.625, 1.5871783178814172e-24, nan 
-22.375, -78.625, 1.228214061346622e-24, nan 
-22.125, -78.625, 2.203145573239421e-24, nan 
-21.875, -78.625, 1.6852542447181073e-24, nan 
-21.625, -78.625, 2.4748657206501768e-24, nan 
-21.375, -78.625, 3.0788652559813067e-24, nan 
-21.125, -78.625, 4.3980481116042025e-24, nan 
-20.875, -78.625, 4.1384893453271936e-24, nan 
-20.625, -78.625, 3.744986735640674e-24, nan 
-20.375, -78.625, 4.7259824775617265e-24, nan 
-20.125, -78.625, 6.192364266849972e-24, nan 
-19.875, -78.625, 5.068926270218355e-24, nan 
-19.625, -78.625, 7.076551228728226e-24, nan 
-19.375, -78.625, 4.826572083271523e-24, nan 
-19.125, -78.625, 4.93789097634272e-24, nan 
-18.875, -78.625, 3.9441682851430405e-24, nan 
-33.875, -78.375, 1.3617969764223913e-24, nan 
-33.625, -78.375, 1.1786606256290942e-24, nan 
-33.375, -78.375, 1.4125332961928582e-24, nan 
-33.125, -78.375, 1.259616264232572e-24, nan 
-32.875, -78.375, 1.114508149583158e-24, nan 
-32.625, -78.375, 1.0147155935934188e-24, nan 
-32.375, -78.375, 7.513366998846627e-25, nan 
-32.125, -78.375, 1.2133251195187548e-24, nan 
-31.875, -78.375, 1.3850307069872962e-24, nan 
-31.625, -78.375, 1.1982547153342555e-24, nan 
-31.375, -78.375, 1.0915428060380678e-24, nan 
-31.125, -78.375, 9.468421443761759e-25, nan 
-30.875, -78.375, 7.821970128474335e-25, nan 
-30.625, -78.375, 7.657199073534553e-25, nan 
-30.375, -78.375, 6.969851529853039e-25, nan 
-30.125, -78.375, 6.208066267459539e-25, nan 
-29.875, -78.375, 7.615157414687625e-25, nan 
-29.625, -78.375, 7.446843119876162e-25, nan 
-29.375, -78.375, 8.80660597820555e-25, nan 
-29.125, -78.375, 9.585283632771217e-25, nan 
-28.875, -78.375, 8.728665441442077e-25, nan 
-28.625, -78.375, 8.881347889266693e-25, nan 
-28.375, -78.375, 9.237525177167215e-25, nan 
-28.125, -78.375, 8.608921997907903e-25, nan 
-27.875, -78.375, 9.177808504884127e-25, nan 
-27.625, -78.375, 9.951102318768025e-25, nan 
-27.375, -78.375, 8.723079405760702e-25, nan 
-27.125, -78.375, 6.00823257360727e-25, nan 
-26.875, -78.375, 8.327308255687231e-25, nan 
-26.625, -78.375, 9.701455637564714e-25, nan 
-26.375, -78.375, 5.47266836066008e-25, nan 
-26.125, -78.375, 2.8947600466635734e-25, nan 
-25.875, -78.375, 5.368222196592918e-25, nan 
-25.625, -78.375, 7.094859925755352e-25, nan 
-25.375, -78.375, 1.003525524771133e-24, nan 
-25.125, -78.375, 1.0679766678621249e-24, nan 
-24.875, -78.375, 1.793486388996801e-24, nan 
-24.625, -78.375, 9.615238350679812e-25, nan 
-24.375, -78.375, 1.050234435063224e-24, nan 
-24.125, -78.375, 1.322374504307276e-24, nan 
-23.875, -78.375, 1.5095820480811916e-24, nan 
-23.625, -78.375, 1.8070306052959207e-24, nan 
-23.375, -78.375, 1.0444372421844824e-24, nan 
-23.125, -78.375, 1.3176164063208845e-24, nan 
-22.875, -78.375, 1.022818611483471e-24, nan 
-22.625, -78.375, 1.2093342995438903e-24, nan 
-22.375, -78.375, 1.1900834631911382e-24, nan 
-22.125, -78.375, 2.9835160274219006e-24, nan 
-21.875, -78.375, 3.4982054458480426e-24, nan 
-21.625, -78.375, 4.215697996832935e-24, nan 
-21.375, -78.375, 4.995586050111136e-24, nan 
-21.125, -78.375, 2.916961745716752e-24, nan 
-20.875, -78.375, 4.104841751443296e-24, nan 
-20.625, -78.375, 4.419960801084929e-24, nan 
-20.375, -78.375, 6.066925143559866e-24, nan 
-20.125, -78.375, 7.617776180896009e-24, nan 
-19.875, -78.375, 4.4799020082717684e-24, nan 
-19.625, -78.375, 7.017730268094684e-24, nan 
-19.375, -78.375, 4.471323016407935e-24, nan 
-19.125, -78.375, 4.502381058519625e-24, nan 
-18.875, -78.375, 6.817894865861167e-24, nan 
-18.625, -78.375, 9.266575665310604e-24, nan 
-18.375, -78.375, 9.48487256440628e-24, nan 
-18.125, -78.375, 1.0188543087693996e-23, nan 
-17.875, -78.375, 1.1678360324573668e-23, nan 
-17.625, -78.375, 1.0525192077257304e-23, nan 
-17.375, -78.375, 1.2560692268924792e-23, nan 
-33.875, -78.125, 1.033176010766578e-24, nan 
-33.625, -78.125, 1.12785897005222e-24, nan 
-33.375, -78.125, 1.4447689116883012e-24, nan 
-33.125, -78.125, 9.935075136147752e-25, nan 
-32.875, -78.125, 2.3262169652282028e-24, nan 
-32.625, -78.125, 1.8654182215083836e-24, nan 
-32.375, -78.125, 1.676643998034317e-24, nan 
-32.125, -78.125, 9.938977508570117e-25, nan 
-31.875, -78.125, 1.5221185814066325e-24, nan 
-31.625, -78.125, 1.830854080798097e-24, nan 
-31.375, -78.125, 1.805035710888991e-24, nan 
-31.125, -78.125, 1.7410301062858615e-24, nan 
-30.875, -78.125, 1.3074149274936513e-24, nan 
-30.625, -78.125, 1.3044218163742555e-24, nan 
-30.375, -78.125, 9.812120777036913e-25, nan 
-30.125, -78.125, 7.3053849038525535e-25, nan 
-29.875, -78.125, 4.7474191322261715e-25, nan 
-29.625, -78.125, 7.444965875409068e-25, nan 
-29.375, -78.125, 9.108541579452884e-25, nan 
-29.125, -78.125, 9.14042955703701e-25, nan 
-28.875, -78.125, 8.082663844588192e-25, nan 
-28.625, -78.125, 7.864586690981763e-25, nan 
-28.375, -78.125, 1.1528663024215886e-24, nan 
-28.125, -78.125, 9.21103635010168e-25, nan 
-27.875, -78.125, 8.495021441044077e-25, nan 
-27.625, -78.125, 8.513082681412078e-25, nan 
-27.375, -78.125, 1.0854280917985865e-24, nan 
-27.125, -78.125, 6.4939299873859035e-25, nan 
-26.875, -78.125, 8.371903948771903e-25, nan 
-26.625, -78.125, 9.26472760671059e-25, nan 
-26.375, -78.125, 8.321648093681943e-25, nan 
-26.125, -78.125, 5.897034998087395e-25, nan 
-25.875, -78.125, 8.346891188999245e-25, nan 
-25.625, -78.125, 1.1439135577595116e-24, nan 
-25.375, -78.125, 1.5676444694481868e-24, nan 
-25.125, -78.125, 1.7314002029125973e-24, nan 
-24.875, -78.125, 2.0134356077275103e-24, nan 
-24.625, -78.125, 1.142283392846111e-24, nan 
-24.375, -78.125, 1.6741493386701376e-24, nan 
-24.125, -78.125, 2.3026432672469336e-24, nan 
-23.875, -78.125, 2.6356033591274533e-24, nan 
-23.625, -78.125, 2.6588209125122647e-24, nan 
-23.375, -78.125, 1.7386876524031785e-24, nan 
-23.125, -78.125, 2.3273355613809526e-24, nan 
-22.875, -78.125, 1.8776762478421967e-24, nan 
-22.625, -78.125, 1.9944890076502836e-24, nan 
-22.375, -78.125, 8.783834360155326e-25, nan 
-22.125, -78.125, 2.1395413003277064e-24, nan 
-21.875, -78.125, 1.9360201065025472e-24, nan 
-21.625, -78.125, 2.6111671469070542e-24, nan 
-21.375, -78.125, 4.082763079633612e-24, nan 
-21.125, -78.125, 2.0273026511158663e-24, nan 
-20.875, -78.125, 3.60497748854413e-24, nan 
-20.625, -78.125, 3.485336558049273e-24, nan 
-20.375, -78.125, 3.765518731244202e-24, nan 
-20.125, -78.125, 6.678917323770629e-24, nan 
-19.875, -78.125, 2.6733242721476367e-24, nan 
-19.625, -78.125, 4.977578644672246e-24, nan 
-19.375, -78.125, 4.619543868894771e-24, nan 
-19.125, -78.125, 4.155986878889734e-24, nan 
-18.875, -78.125, 5.006169536512579e-24, nan 
-18.625, -78.125, 8.758277805039045e-24, nan 
-18.375, -78.125, 7.201654119644171e-24, nan 
-18.125, -78.125, 9.080985414381519e-24, nan 
-17.875, -78.125, 9.783879530403728e-24, nan 
-17.625, -78.125, 7.981434143829103e-24, nan 
-17.375, -78.125, 1.0224975892832686e-23, nan 
-17.125, -78.125, 8.825431290979825e-24, nan 
-16.875, -78.125, 1.1965566602051769e-23, nan 
-16.625, -78.125, 1.4068123938851552e-23, nan 
-16.375, -78.125, 1.1712229989740519e-23, nan 
-16.125, -78.125, 6.72031078666024e-24, nan 
-15.875, -78.125, 5.0801494211390864e-24, nan 
-33.625, -77.875, 8.322804491944353e-25, nan 
-33.375, -77.875, 3.390723673419214e-25, nan 
-33.125, -77.875, 1.1086848359712287e-24, nan 
-32.875, -77.875, 2.1414522856830442e-24, nan 
-32.625, -77.875, 2.0117064275981882e-24, nan 
-32.375, -77.875, 2.005296226423489e-24, nan 
-32.125, -77.875, 5.882538706767008e-25, nan 
-31.875, -77.875, 1.0724086230204898e-24, nan 
-31.625, -77.875, 1.867919513880663e-24, nan 
-31.375, -77.875, 2.27820519490416e-24, nan 
-31.125, -77.875, 2.368161091489445e-24, nan 
-30.875, -77.875, 1.890215384668561e-24, nan 
-30.625, -77.875, 1.443962882656171e-24, nan 
-30.375, -77.875, 1.5614559341130097e-24, nan 
-30.125, -77.875, 1.809395459657983e-24, nan 
-29.875, -77.875, 1.9690189967578523e-24, nan 
-29.625, -77.875, 1.7129566112126355e-24, nan 
-29.375, -77.875, 1.3814550318637252e-24, nan 
-29.125, -77.875, 7.449985856825934e-25, nan 
-28.875, -77.875, 6.235837913511352e-25, nan 
-28.625, -77.875, 4.643139853150314e-25, nan 
-28.375, -77.875, 7.4043850780688755e-25, nan 
-28.125, -77.875, 7.563636869509329e-25, nan 
-27.875, -77.875, 8.450938186803701e-25, nan 
-27.625, -77.875, 8.37579736516464e-25, nan 
-27.375, -77.875, 9.641032195802862e-25, nan 
-27.125, -77.875, 5.416237495475864e-25, nan 
-26.875, -77.875, 8.106786267184801e-25, nan 
-26.625, -77.875, 9.125110221091946e-25, nan 
-26.375, -77.875, 1.0231541390832557e-24, nan 
-26.125, -77.875, 3.252393066143596e-25, nan 
-25.875, -77.875, 6.426049852538696e-25, nan 
-25.625, -77.875, 7.516685044860619e-25, nan 
-25.375, -77.875, 5.694140670030644e-25, nan 
-25.125, -77.875, 4.1758890690148175e-25, nan 
-24.875, -77.875, 5.3200000822475945e-25, nan 
-24.625, -77.875, 4.316820357098287e-25, nan 
-24.375, -77.875, 1.0649320663657404e-24, nan 
-24.125, -77.875, 1.713881202189849e-24, nan 
-23.875, -77.875, 1.954699953629189e-24, nan 
-23.625, -77.875, 2.1418223809831774e-24, nan 
-23.375, -77.875, 1.727327330065324e-24, nan 
-23.125, -77.875, 2.16365608294364e-24, nan 
-22.875, -77.875, 1.0893688861365142e-24, nan 
-22.625, -77.875, 1.9876295146334174e-24, nan 
-22.375, -77.875, 1.641448430406817e-24, nan 
-22.125, -77.875, 1.7755278139288803e-24, nan 
-21.875, -77.875, 2.1407928674793572e-24, nan 
-21.625, -77.875, 2.2665117061915007e-24, nan 
-21.375, -77.875, 2.859045763435295e-24, nan 
-21.125, -77.875, 2.600274552177461e-24, nan 
-20.875, -77.875, 3.115193744360703e-24, nan 
-20.625, -77.875, 2.448045211340768e-24, nan 
-20.375, -77.875, 2.0303941590704047e-24, nan 
-20.125, -77.875, 4.773355852738697e-24, nan 
-19.875, -77.875, 2.8742108314830593e-24, nan 
-19.625, -77.875, 3.539029596456562e-24, nan 
-19.375, -77.875, 3.769629335520238e-24, nan 
-19.125, -77.875, 3.0706149815870033e-24, nan 
-18.875, -77.875, 1.2830163438174093e-24, nan 
-18.625, -77.875, 2.652337216524053e-24, nan 
-18.375, -77.875, 1.0852770575142095e-24, nan 
-18.125, -77.875, 2.26050799012579e-24, nan 
-17.875, -77.875, 1.2040003640382837e-24, nan 
-17.625, -77.875, 1.3861591516668835e-24, nan 
-17.375, -77.875, 5.8774731179846965e-24, nan 
-17.125, -77.875, 5.596313873130942e-24, nan 
-16.875, -77.875, 7.3304316424427e-24, nan 
-16.625, -77.875, 8.688176874711916e-24, nan 
-16.375, -77.875, 8.83035693060882e-24, nan 
-16.125, -77.875, 4.713952618380033e-24, nan 
-15.875, -77.875, 2.593809980539936e-24, nan 
-15.625, -77.875, 3.0007990838206565e-24, nan 
-15.375, -77.875, 2.5366476656045713e-24, nan 
-15.125, -77.875, 5.919240843115953e-24, nan 
-14.875, -77.875, 8.549166199297879e-25, nan 
-14.625, -77.875, 4.7510697775287284e-24, nan 
-33.375, -77.625, 1.1647869599478686e-24, nan 
-33.125, -77.625, 4.197605010649381e-25, nan 
-32.875, -77.625, 1.0960156372000163e-24, nan 
-32.625, -77.625, 1.8377665917231854e-24, nan 
-32.375, -77.625, 1.9157591401178282e-24, nan 
-32.125, -77.625, 9.841135012419007e-25, nan 
-31.875, -77.625, 5.739308715125199e-25, nan 
-31.625, -77.625, 1.2957391093982325e-24, nan 
-31.375, -77.625, 1.4944604330443459e-24, nan 
-31.125, -77.625, 1.815645718805752e-24, nan 
-30.875, -77.625, 1.2047418823736246e-24, nan 
-30.625, -77.625, 5.986738070888227e-25, nan 
-30.375, -77.625, 9.4240420829024e-25, nan 
-30.125, -77.625, 1.0855418095646192e-24, nan 
-29.875, -77.625, 1.4159866317448579e-24, nan 
-29.625, -77.625, 1.3977617719754994e-24, nan 
-29.375, -77.625, 1.2064260239348661e-24, nan 
-29.125, -77.625, 1.2439141927877483e-24, nan 
-28.875, -77.625, 1.420628555979e-24, nan 
-28.625, -77.625, 1.440712516175622e-24, nan 
-28.375, -77.625, 1.4628979085121395e-24, nan 
-28.125, -77.625, 1.2722879534314508e-24, nan 
-27.875, -77.625, 1.1172683163846356e-24, nan 
-27.625, -77.625, 9.879938987099475e-25, nan 
-27.375, -77.625, 9.160620258392437e-25, nan 
-27.125, -77.625, 7.395437647246474e-25, nan 
-26.875, -77.625, 1.0992359927723443e-24, nan 
-26.625, -77.625, 1.1601403233361405e-24, nan 
-26.375, -77.625, 1.0898730436481575e-24, nan 
-26.125, -77.625, 1.1992985804676746e-24, nan 
-25.875, -77.625, 1.1075300339414572e-24, nan 
-25.625, -77.625, 1.3327958738609267e-24, nan 
-25.375, -77.625, 1.3134814724103765e-24, nan 
-25.125, -77.625, 5.770274980979717e-25, nan 
-24.875, -77.625, 8.729545980406186e-25, nan 
-24.625, -77.625, 1.0314307498854697e-24, nan 
-24.375, -77.625, 1.0632874121186768e-24, nan 
-24.125, -77.625, 1.2099978013485986e-24, nan 
-23.875, -77.625, 1.1071835429966268e-24, nan 
-23.625, -77.625, 9.534925870060519e-25, nan 
-23.375, -77.625, 1.0515159374234436e-24, nan 
-23.125, -77.625, 7.0617067376259e-25, nan 
-22.875, -77.625, 6.247437083390413e-25, nan 
-22.625, -77.625, 8.961731510596904e-25, nan 
-22.375, -77.625, 1.5090694921905395e-24, nan 
-22.125, -77.625, 1.5037948544636726e-24, nan 
-21.875, -77.625, 1.661636281073165e-24, nan 
-21.625, -77.625, 1.7962616268432242e-24, nan 
-21.375, -77.625, 7.091384600969361e-25, nan 
-21.125, -77.625, 8.182984489387206e-25, nan 
-20.875, -77.625, 1.1681605763072612e-24, nan 
-20.625, -77.625, 1.2190558256995924e-24, nan 
-20.375, -77.625, 1.4927380787327585e-24, nan 
-20.125, -77.625, 1.648796659213114e-24, nan 
-19.875, -77.625, 2.568383550103831e-24, nan 
-19.625, -77.625, 1.5464682547045871e-24, nan 
-19.375, -77.625, 9.366682893418104e-25, nan 
-19.125, -77.625, 1.073536786411938e-24, nan 
-18.875, -77.625, 2.00949369690979e-24, nan 
-18.625, -77.625, 2.5022297246184677e-24, nan 
-18.375, -77.625, 1.7784271782598683e-24, nan 
-18.125, -77.625, 1.2303460370686003e-24, nan 
-17.875, -77.625, 2.1345353178579854e-24, nan 
-17.625, -77.625, 2.5378283537745216e-24, nan 
-17.375, -77.625, 3.179444525861167e-24, nan 
-17.125, -77.625, 3.346263071075475e-24, nan 
-16.875, -77.625, 3.778950244589504e-24, nan 
-16.625, -77.625, 5.557237592522315e-24, nan 
-16.375, -77.625, 2.9329855855563134e-24, nan 
-16.125, -77.625, 6.631115088563536e-24, nan 
-15.875, -77.625, 6.783808192693537e-24, nan 
-15.625, -77.625, 7.709633331757722e-24, nan 
-15.375, -77.625, 7.494176002964213e-24, nan 
-15.125, -77.625, 6.702609025504325e-24, nan 
-14.875, -77.625, 7.824935807224291e-24, nan 
-14.625, -77.625, 7.135772772399817e-24, nan 
-14.375, -77.625, 5.361038880386762e-24, nan 
-14.125, -77.625, 6.604176339149925e-24, nan 
-13.875, -77.625, 7.564155323217852e-24, nan 
-13.625, -77.625, 6.170260194894432e-24, nan 
-13.375, -77.625, 6.069480832405275e-24, nan 
-33.125, -77.375, 2.9872026835444325e-25, nan 
-32.875, -77.375, 4.887247806269455e-25, nan 
-32.625, -77.375, 7.575446620222501e-25, nan 
-32.375, -77.375, 6.476073742647244e-25, nan 
-32.125, -77.375, 1.1167516694962732e-24, nan 
-31.875, -77.375, 7.106953363346586e-25, nan 
-31.625, -77.375, 8.008341321568907e-25, nan 
-31.375, -77.375, 9.946659144946372e-25, nan 
-31.125, -77.375, 1.1971249011235578e-24, nan 
-30.875, -77.375, 8.777304136353088e-25, nan 
-30.625, -77.375, 8.37649438654112e-25, nan 
-30.375, -77.375, 8.711200951223437e-25, nan 
-30.125, -77.375, 6.335426794193643e-25, nan 
-29.875, -77.375, 5.897163786791332e-25, nan 
-29.625, -77.375, 9.62185259624156e-25, nan 
-29.375, -77.375, 1.0464432130236827e-24, nan 
-29.125, -77.375, 1.6203161856405343e-24, nan 
-28.875, -77.375, 1.9108224809537495e-24, nan 
-28.625, -77.375, 1.822848577934093e-24, nan 
-28.375, -77.375, 1.887268301332153e-24, nan 
-28.125, -77.375, 1.2152940796395954e-24, nan 
-27.875, -77.375, 1.4223160839247758e-24, nan 
-27.625, -77.375, 1.3535752408174027e-24, nan 
-27.375, -77.375, 1.0387727238447383e-24, nan 
-27.125, -77.375, 9.842298768947754e-25, nan 
-26.875, -77.375, 1.1596383740477715e-24, nan 
-26.625, -77.375, 1.3325341092984026e-24, nan 
-26.375, -77.375, 1.5623492576237755e-24, nan 
-26.125, -77.375, 2.0629121845372358e-24, nan 
-25.875, -77.375, 2.384053184101574e-24, nan 
-25.625, -77.375, 2.283714682845953e-24, nan 
-25.375, -77.375, 3.1176500208983524e-24, nan 
-25.125, -77.375, 3.529762273713287e-24, nan 
-24.875, -77.375, 2.9107052963591104e-24, nan 
-24.625, -77.375, 2.1994700112619988e-24, nan 
-24.375, -77.375, 1.5975223433665403e-24, nan 
-24.125, -77.375, 1.3301718895720225e-24, nan 
-23.875, -77.375, 1.1906211032209965e-24, nan 
-23.625, -77.375, 2.34753524660866e-24, nan 
-23.375, -77.375, 2.2898447584433207e-24, nan 
-23.125, -77.375, 1.803215046130827e-24, nan 
-22.875, -77.375, 3.586784240715021e-24, nan 
-22.625, -77.375, 4.4931468566338176e-24, nan 
-22.375, -77.375, 3.1980948443497237e-24, nan 
-22.125, -77.375, 2.165778175814464e-24, nan 
-21.875, -77.375, 1.5564969673348997e-24, nan 
-21.625, -77.375, 3.99459851096136e-24, nan 
-21.375, -77.375, 1.2450994577492289e-24, nan 
-21.125, -77.375, 4.079240205593498e-24, nan 
-20.875, -77.375, 2.3862511950393974e-24, nan 
-20.625, -77.375, 3.1027973439886937e-24, nan 
-20.375, -77.375, 3.788800248757209e-24, nan 
-20.125, -77.375, 5.128661643559837e-24, nan 
-19.875, -77.375, 4.577462193185427e-24, nan 
-19.625, -77.375, 4.990633538917102e-24, nan 
-19.375, -77.375, 4.026333632731886e-24, nan 
-19.125, -77.375, 5.548989380901209e-24, nan 
-18.875, -77.375, 4.713395906882466e-24, nan 
-18.625, -77.375, 6.1649320448209854e-24, nan 
-18.375, -77.375, 7.008018676910532e-24, nan 
-18.125, -77.375, 5.824369490705937e-24, nan 
-17.875, -77.375, 6.283028812301835e-24, nan 
-17.625, -77.375, 5.728512722388621e-24, nan 
-17.375, -77.375, 6.479813316360335e-24, nan 
-17.125, -77.375, 6.365572620746103e-24, nan 
-16.875, -77.375, 6.430252809095549e-24, nan 
-16.625, -77.375, 7.119012403249739e-24, nan 
-16.375, -77.375, 5.223046126892571e-24, nan 
-16.125, -77.375, 7.908342393653706e-24, nan 
-15.875, -77.375, 7.735736427380674e-24, nan 
-15.625, -77.375, 9.028176689443232e-24, nan 
-15.375, -77.375, 8.024447710793266e-24, nan 
-15.125, -77.375, 7.87410535567499e-24, nan 
-14.875, -77.375, 8.044305782955604e-24, nan 
-14.625, -77.375, 7.168854083480657e-24, nan 
-14.375, -77.375, 7.05558478714103e-24, nan 
-14.125, -77.375, 6.4674148359534605e-24, nan 
-13.875, -77.375, 7.219038175390711e-24, nan 
-13.625, -77.375, 5.9418376248660625e-24, nan 
-13.375, -77.375, 5.851446288312232e-24, nan 
-13.125, -77.375, 7.59915846956509e-24, nan 
-12.875, -77.375, 4.393137542167335e-24, nan 
-12.625, -77.375, 2.3626849985314795e-24, nan 
-12.375, -77.375, 4.270677806923826e-24, nan 
-12.125, -77.375, 4.403465566245017e-24, nan 
-32.875, -77.125, 3.1155731251258347e-25, nan 
-32.625, -77.125, 7.175981578698366e-25, nan 
-32.375, -77.125, 1.3577251473229723e-24, nan 
-32.125, -77.125, 6.927128951029849e-25, nan 
-31.875, -77.125, 6.191603561836194e-25, nan 
-31.625, -77.125, 9.062633530108826e-25, nan 
-31.375, -77.125, 7.477577723612638e-25, nan 
-31.125, -77.125, 5.881432142624499e-25, nan 
-30.875, -77.125, 6.786661406518786e-25, nan 
-30.625, -77.125, 7.853249745484513e-25, nan 
-30.375, -77.125, 1.4815062991887407e-24, nan 
-30.125, -77.125, 6.427324525387144e-25, nan 
-29.875, -77.125, 6.686407363640087e-25, nan 
-29.625, -77.125, 6.273848125026959e-25, nan 
-29.375, -77.125, 8.190551266001845e-25, nan 
-29.125, -77.125, 1.0029938860517431e-24, nan 
-28.875, -77.125, 1.2710329218194433e-24, nan 
-28.625, -77.125, 1.542509479042991e-24, nan 
-28.375, -77.125, 1.4999199739307884e-24, nan 
-28.125, -77.125, 9.075236515060336e-25, nan 
-27.875, -77.125, 6.691343940689298e-25, nan 
-27.625, -77.125, 1.1445236917249252e-24, nan 
-27.375, -77.125, 1.3036919624066087e-24, nan 
-27.125, -77.125, 1.9535068959796832e-24, nan 
-26.875, -77.125, 1.755841546343842e-24, nan 
-26.625, -77.125, 2.878100099671066e-24, nan 
-26.375, -77.125, 3.6510876994145295e-24, nan 
-26.125, -77.125, 3.1575205338189803e-24, nan 
-25.875, -77.125, 2.4656301887617318e-24, nan 
-25.625, -77.125, 2.0927947668120508e-24, nan 
-25.375, -77.125, 4.224283757027996e-24, nan 
-25.125, -77.125, 6.0920650366410465e-24, nan 
-24.875, -77.125, 4.527548333430116e-24, nan 
-24.625, -77.125, 2.016931452809164e-24, nan 
-24.375, -77.125, 1.3924717630431388e-24, nan 
-24.125, -77.125, 3.826891343251649e-24, nan 
-23.875, -77.125, 4.7769124731913e-24, nan 
-23.625, -77.125, 3.017622006567132e-24, nan 
-23.375, -77.125, 4.31383443527994e-24, nan 
-23.125, -77.125, 5.350554562018496e-24, nan 
-22.875, -77.125, 5.563184564882671e-24, nan 
-22.625, -77.125, 6.894508002136756e-24, nan 
-22.375, -77.125, 4.28713585832435e-24, nan 
-22.125, -77.125, 3.902146860291624e-24, nan 
-21.875, -77.125, 8.119055318736642e-24, nan 
-21.625, -77.125, 4.380551200666582e-24, nan 
-21.375, -77.125, 7.656724120741592e-24, nan 
-21.125, -77.125, 4.559746947497572e-24, nan 
-20.875, -77.125, 3.563292279005904e-24, nan 
-20.625, -77.125, 5.588817492153372e-24, nan 
-20.375, -77.125, 3.889456504069703e-24, nan 
-20.125, -77.125, 7.295251420499859e-24, nan 
-19.875, -77.125, 4.6878812601629946e-24, nan 
-19.625, -77.125, 5.702400673721119e-24, nan 
-19.375, -77.125, 4.522826534621567e-24, nan 
-19.125, -77.125, 5.568970664760527e-24, nan 
-18.875, -77.125, 5.5181227162056116e-24, nan 
-18.625, -77.125, 6.526483044672138e-24, nan 
-18.375, -77.125, 6.855426531660633e-24, nan 
-18.125, -77.125, 6.439409052149246e-24, nan 
-17.875, -77.125, 5.695622583035443e-24, nan 
-17.625, -77.125, 5.772971193913357e-24, nan 
-17.375, -77.125, 4.0560063507642356e-24, nan 
-17.125, -77.125, 3.731602445539238e-24, nan 
-16.875, -77.125, 3.965979053066908e-24, nan 
-16.625, -77.125, 2.7297090999875164e-24, nan 
-16.375, -77.125, 3.188531923844701e-24, nan 
-16.125, -77.125, 2.3051217360271425e-24, nan 
-15.875, -77.125, 2.920614695645768e-24, nan 
-15.625, -77.125, 4.5444814620083684e-24, nan 
-15.375, -77.125, 4.7863494396517044e-24, nan 
-15.125, -77.125, 2.7569662084975538e-24, nan 
-14.875, -77.125, 1.712822180064898e-24, nan 
-14.625, -77.125, 1.2780826729559823e-24, nan 
-14.375, -77.125, 4.125172047837171e-24, nan 
-14.125, -77.125, 1.6031074873626769e-24, nan 
-13.875, -77.125, 3.216535469137786e-24, nan 
-13.625, -77.125, 1.1199653338026227e-24, nan 
-13.375, -77.125, 1.9655072739355556e-24, nan 
-13.125, -77.125, 2.948754240383812e-24, nan 
-12.875, -77.125, 1.8735967312111512e-24, nan 
-12.625, -77.125, 1.749521840985115e-24, nan 
-12.375, -77.125, 1.4972439789561048e-24, nan 
-12.125, -77.125, 3.172559746000787e-24, nan 
-11.875, -77.125, 4.0350561036930764e-24, nan 
-11.625, -77.125, 4.907831209450635e-24, nan 
-11.375, -77.125, 4.7404262717553196e-24, nan 
-11.125, -77.125, 5.551507780358323e-24, nan 
-32.625, -76.875, 2.965222988861934e-24, nan 
-32.375, -76.875, 3.592171251371444e-24, nan 
-32.125, -76.875, 2.5771198813204452e-24, nan 
-31.875, -76.875, 2.733148958821119e-24, nan 
-31.625, -76.875, 2.8390667143456965e-24, nan 
-31.375, -76.875, 2.773590912461524e-24, nan 
-31.125, -76.875, 1.8493206836555834e-24, nan 
-30.875, -76.875, 2.3060070038933525e-24, nan 
-30.625, -76.875, 2.030151206706891e-24, nan 
-30.375, -76.875, 2.2944598825034894e-24, nan 
-30.125, -76.875, 1.8005084053334174e-24, nan 
-29.875, -76.875, 5.422461837121652e-25, nan 
-29.625, -76.875, 5.1842765624550915e-25, nan 
-29.375, -76.875, 1.3451068154410392e-24, nan 
-29.125, -76.875, 1.0479554858088892e-24, nan 
-28.875, -76.875, 1.8352463449425533e-24, nan 
-28.625, -76.875, 1.8641768339836235e-24, nan 
-28.375, -76.875, 4.1449128054528724e-24, nan 
-28.125, -76.875, 2.1206239623850717e-24, nan 
-27.875, -76.875, 3.377745058312184e-24, nan 
-27.625, -76.875, 2.2887866164679214e-24, nan 
-27.375, -76.875, 2.9089132481446167e-24, nan 
-27.125, -76.875, 2.924815686371493e-24, nan 
-26.875, -76.875, 2.5837645818295917e-24, nan 
-26.625, -76.875, 2.7729146522280697e-24, nan 
-26.375, -76.875, 2.864102208914284e-24, nan 
-26.125, -76.875, 3.343013763301882e-24, nan 
-25.875, -76.875, 3.835342876300715e-24, nan 
-25.625, -76.875, 3.731042177160532e-24, nan 
-25.375, -76.875, 3.908960533083106e-24, nan 
-25.125, -76.875, 5.183760820209418e-24, nan 
-24.875, -76.875, 5.199865484318047e-24, nan 
-24.625, -76.875, 5.119756685995721e-24, nan 
-24.375, -76.875, 6.161273048714638e-24, nan 
-24.125, -76.875, 5.755253761340636e-24, nan 
-23.875, -76.875, 5.232810167923297e-24, nan 
-23.625, -76.875, 4.408541846482263e-24, nan 
-23.375, -76.875, 5.764152678632978e-24, nan 
-23.125, -76.875, 6.669044373186538e-24, nan 
-22.875, -76.875, 4.9797635292105115e-24, nan 
-22.625, -76.875, 3.2471433541035705e-24, nan 
-22.375, -76.875, 3.9112459087718145e-24, nan 
-22.125, -76.875, 3.414342520996848e-24, nan 
-21.875, -76.875, 6.623170452753291e-24, nan 
-21.625, -76.875, 1.840415990886106e-24, nan 
-21.375, -76.875, 5.01599408511229e-24, nan 
-21.125, -76.875, 4.588557728539628e-24, nan 
-20.875, -76.875, 2.153232796815955e-24, nan 
-20.625, -76.875, 1.894190150665937e-24, nan 
-20.375, -76.875, 1.1780614173062198e-24, nan 
-20.125, -76.875, 1.9963197581800477e-24, nan 
-19.875, -76.875, 4.229014055558068e-24, nan 
-19.625, -76.875, 3.376085009851528e-24, nan 
-19.375, -76.875, 4.507592062252184e-24, nan 
-19.125, -76.875, 4.1046326317326834e-24, nan 
-18.875, -76.875, 3.613113114108958e-24, nan 
-18.625, -76.875, 5.791994682241001e-24, nan 
-18.375, -76.875, 4.575324281498889e-24, nan 
-18.125, -76.875, 6.762749997931039e-24, nan 
-17.875, -76.875, 7.394413288668295e-24, nan 
-17.625, -76.875, 4.118814590513996e-24, nan 
-17.375, -76.875, 5.346893839661919e-24, nan 
-17.125, -76.875, 5.847086999246783e-24, nan 
-16.875, -76.875, 6.692697907276634e-24, nan 
-16.625, -76.875, 4.914383145874637e-24, nan 
-16.375, -76.875, 2.0975115330708694e-24, nan 
-16.125, -76.875, 5.4823738359291635e-24, nan 
-15.875, -76.875, 6.525666794440328e-24, nan 
-15.625, -76.875, 7.608401569956628e-24, nan 
-15.375, -76.875, 6.931802901732845e-24, nan 
-15.125, -76.875, 1.877896193092963e-24, nan 
-14.875, -76.875, 5.215962685624383e-24, nan 
-14.625, -76.875, 5.048955193753422e-24, nan 
-14.375, -76.875, 4.273478576029509e-24, nan 
-14.125, -76.875, 3.659906822188673e-24, nan 
-13.875, -76.875, 3.6606590189350395e-24, nan 
-13.625, -76.875, 2.6162537728801575e-24, nan 
-13.375, -76.875, 5.450905068419192e-24, nan 
-13.125, -76.875, 5.440592223465776e-24, nan 
-12.875, -76.875, 4.43993831436787e-24, nan 
-12.625, -76.875, 4.3244733913547055e-24, nan 
-12.375, -76.875, 1.871462511771368e-24, nan 
-12.125, -76.875, 3.654851946603657e-24, nan 
-11.875, -76.875, 4.0557213150746166e-24, nan 
-11.625, -76.875, 3.845347083215148e-24, nan 
-11.375, -76.875, 3.5065873433903774e-24, nan 
-11.125, -76.875, 1.7127828581085506e-24, nan 
-10.875, -76.875, 2.320416503745708e-24, nan 
-10.625, -76.875, 3.530394200026726e-24, nan 
-10.375, -76.875, 3.463554311628404e-24, nan 
-10.125, -76.875, 2.741814173734003e-24, nan 
-32.625, -76.625, 4.866068142197282e-24, nan 
-32.375, -76.625, 5.044655067414561e-24, nan 
-32.125, -76.625, 4.560675107202664e-24, nan 
-31.875, -76.625, 4.2190065823722564e-24, nan 
-31.625, -76.625, 3.3282991283692286e-24, nan 
-31.375, -76.625, 2.9907003361047558e-24, nan 
-31.125, -76.625, 2.7916677348160393e-24, nan 
-30.875, -76.625, 2.8843491785425278e-24, nan 
-30.625, -76.625, 2.396790210071558e-24, nan 
-30.375, -76.625, 2.42767981917159e-24, nan 
-30.125, -76.625, 2.5507537108415476e-24, nan 
-29.875, -76.625, 3.2978728430670084e-24, nan 
-29.625, -76.625, 3.9419951193414856e-24, nan 
-29.375, -76.625, 2.0868784193545685e-24, nan 
-29.125, -76.625, 2.4007645643838107e-24, nan 
-28.875, -76.625, 2.3660396733049533e-24, nan 
-28.625, -76.625, 4.3462073967111565e-24, nan 
-28.375, -76.625, 8.160896040740073e-24, nan 
-28.125, -76.625, 1.6061878264108316e-23, nan 
-27.875, -76.625, 1.5713237839093907e-23, nan 
-27.625, -76.625, 1.5161114568981146e-23, nan 
-27.375, -76.625, 1.4166050020137766e-23, nan 
-27.125, -76.625, 7.352838158076308e-24, nan 
-26.875, -76.625, 6.310279387246032e-24, nan 
-26.625, -76.625, 6.665047342394238e-24, nan 
-26.375, -76.625, 6.667154560793726e-24, nan 
-26.125, -76.625, 5.280677875629638e-24, nan 
-25.875, -76.625, 4.502213359592258e-24, nan 
-25.625, -76.625, 4.5472806415794665e-24, nan 
-25.375, -76.625, 4.494422865195355e-24, nan 
-25.125, -76.625, 4.668812754356611e-24, nan 
-24.875, -76.625, 4.296658316944498e-24, nan 
-24.625, -76.625, 3.637824379428724e-24, nan 
-24.375, -76.625, 4.29142693567092e-24, nan 
-24.125, -76.625, 3.846353157598761e-24, nan 
-23.875, -76.625, 3.410129640178015e-24, nan 
-23.625, -76.625, 2.203293374254153e-24, nan 
-23.375, -76.625, 1.9053005630547343e-24, nan 
-23.125, -76.625, 1.704549893246896e-24, nan 
-22.875, -76.625, 1.256933277309627e-24, nan 
-22.625, -76.625, 8.89918036016166e-25, nan 
-22.375, -76.625, 1.0385514277645096e-24, nan 
-22.125, -76.625, 7.820021907022682e-25, nan 
-21.875, -76.625, 1.635873884851527e-24, nan 
-21.625, -76.625, 2.6962084060095748e-24, nan 
-21.375, -76.625, 3.2384375518472023e-24, nan 
-21.125, -76.625, 4.764593913840831e-24, nan 
-20.875, -76.625, 1.760342275150202e-24, nan 
-20.625, -76.625, 1.5812707968277517e-24, nan 
-20.375, -76.625, 2.363427521299342e-24, nan 
-20.125, -76.625, 2.7407880181553866e-24, nan 
-19.875, -76.625, 3.2082272307441583e-24, nan 
-19.625, -76.625, 2.6254968541867156e-24, nan 
-19.375, -76.625, 2.3377088331130727e-24, nan 
-19.125, -76.625, 2.6697129444862624e-24, nan 
-18.875, -76.625, 2.4302942176087938e-24, nan 
-18.625, -76.625, 4.014677724614957e-24, nan 
-18.375, -76.625, 3.981998414443918e-24, nan 
-18.125, -76.625, 4.8574848486856254e-24, nan 
-17.875, -76.625, 5.393793557744329e-24, nan 
-17.625, -76.625, 3.773422080478806e-24, nan 
-17.375, -76.625, 4.988232616261898e-24, nan 
-17.125, -76.625, 5.212560055262783e-24, nan 
-16.875, -76.625, 6.480088692254855e-24, nan 
-16.625, -76.625, 6.898783574191114e-24, nan 
-16.375, -76.625, 5.796094850368686e-24, nan 
-16.125, -76.625, 6.5820069520946095e-24, nan 
-15.875, -76.625, 6.4538944291738596e-24, nan 
-15.625, -76.625, 5.858100849432097e-24, nan 
-15.375, -76.625, 4.409645943339387e-24, nan 
-15.125, -76.625, 4.2292571657143245e-24, nan 
-14.875, -76.625, 4.190618008766784e-24, nan 
-14.625, -76.625, 2.812645305427614e-24, nan 
-14.375, -76.625, 9.656272535715094e-25, nan 
-14.125, -76.625, 2.410705920756541e-24, nan 
-13.875, -76.625, 1.9865256597151915e-24, nan 
-13.625, -76.625, 2.188247910419733e-24, nan 
-13.375, -76.625, 4.537099059463802e-24, nan 
-13.125, -76.625, 3.7832487217711e-24, nan 
-12.875, -76.625, 3.0859765873416185e-24, nan 
-12.625, -76.625, 3.041336460981523e-24, nan 
-12.375, -76.625, 1.3004504799478173e-24, nan 
-12.125, -76.625, 1.8558304999020433e-24, nan 
-11.875, -76.625, 3.2367736926021876e-24, nan 
-11.625, -76.625, 2.3424344381211647e-24, nan 
-11.375, -76.625, 1.4423702434201812e-24, nan 
-11.125, -76.625, 1.8573029274061635e-24, nan 
-10.875, -76.625, 1.6798450452472626e-24, nan 
-10.625, -76.625, 1.2815547794857539e-24, nan 
-10.375, -76.625, 1.3897382086285198e-24, nan 
-10.125, -76.625, 1.3662298144728743e-24, nan 
-9.875, -76.625, 9.786509763865757e-25, nan 
-9.625, -76.625, 9.466519719576704e-25, nan 
-9.375, -76.625, 2.7457942756682433e-24, nan 
-32.375, -76.375, 9.904217023917578e-24, nan 
-32.125, -76.375, 5.6899722669707786e-24, nan 
-31.875, -76.375, 4.376890655170276e-24, nan 
-31.625, -76.375, 2.7965005865206634e-24, nan 
-31.375, -76.375, 2.8064241030591278e-24, nan 
-31.125, -76.375, 2.891769048538144e-24, nan 
-30.875, -76.375, 3.129368517708035e-24, nan 
-30.625, -76.375, 3.553687933797487e-24, nan 
-30.375, -76.375, 2.4457973145477077e-24, nan 
-30.125, -76.375, 1.5824039347081428e-24, nan 
-29.875, -76.375, 3.409892759943115e-24, nan 
-29.625, -76.375, 4.802064791527018e-24, nan 
-29.375, -76.375, 1.3243565351987685e-23, nan 
-29.125, -76.375, 1.2500321340967433e-23, nan 
-28.875, -76.375, 1.3190248353967056e-23, nan 
-28.625, -76.375, 1.454693956499241e-23, nan 
-28.375, -76.375, 1.0177282069054332e-23, nan 
-28.125, -76.375, 3.298487983450101e-23, nan 
-27.875, -76.375, 3.1584739097130043e-23, nan 
-27.625, -76.375, 3.210643919445818e-23, nan 
-27.375, -76.375, 2.982215846470192e-23, nan 
-27.125, -76.375, 1.4363075953798434e-23, nan 
-26.875, -76.375, 2.032553899583163e-23, nan 
-26.625, -76.375, 2.0034553747128427e-23, nan 
-26.375, -76.375, 2.0389666776727718e-23, nan 
-26.125, -76.375, 1.717566236668702e-23, nan 
-25.875, -76.375, 9.409985164139034e-24, nan 
-25.625, -76.375, 2.421146358754239e-24, nan 
-25.375, -76.375, 2.95899596371826e-24, nan 
-25.125, -76.375, 3.508814560219076e-24, nan 
-24.875, -76.375, 3.1371097101350287e-24, nan 
-24.625, -76.375, 1.708387507133158e-24, nan 
-24.375, -76.375, 1.090720598555837e-24, nan 
-24.125, -76.375, 1.822951563690207e-24, nan 
-23.875, -76.375, 1.670502787336586e-24, nan 
-23.625, -76.375, 2.128643131950136e-24, nan 
-23.375, -76.375, 1.3692154849467642e-24, nan 
-23.125, -76.375, 1.445517391985655e-24, nan 
-22.875, -76.375, 1.3878798870305096e-24, nan 
-22.625, -76.375, 1.597818271011267e-24, nan 
-22.375, -76.375, 1.714417171955329e-24, nan 
-22.125, -76.375, 6.8741206778583565e-25, nan 
-21.875, -76.375, 2.8068627203788255e-24, nan 
-21.625, -76.375, 4.256981822882526e-24, nan 
-21.375, -76.375, 5.079102751316417e-24, nan 
-21.125, -76.375, 4.886925007936744e-24, nan 
-20.875, -76.375, 9.33008282943537e-25, nan 
-20.625, -76.375, 2.1382641195656755e-24, nan 
-20.375, -76.375, 3.1948177547537725e-24, nan 
-20.125, -76.375, 3.608168914017019e-24, nan 
-19.875, -76.375, 3.596383147017285e-24, nan 
-19.625, -76.375, 1.7238507546741892e-24, nan 
-19.375, -76.375, 2.2798929592423495e-24, nan 
-19.125, -76.375, 2.1444986129972226e-24, nan 
-18.875, -76.375, 1.3644854974305279e-24, nan 
-18.625, -76.375, 1.518950270050906e-24, nan 
-18.375, -76.375, 2.679500898553083e-24, nan 
-18.125, -76.375, 3.4166822274269574e-24, nan 
-17.875, -76.375, 4.932700465578256e-24, nan 
-17.625, -76.375, 4.5711124108982024e-24, nan 
-17.375, -76.375, 7.005209671115103e-24, nan 
-17.125, -76.375, 8.578602836812521e-24, nan 
-16.875, -76.375, 8.661347955371608e-24, nan 
-16.625, -76.375, 8.286136643574337e-24, nan 
-16.375, -76.375, 7.540267342026214e-24, nan 
-16.125, -76.375, 9.290724516693855e-24, nan 
-15.875, -76.375, 9.296999288371927e-24, nan 
-15.625, -76.375, 6.1398131640178965e-24, nan 
-15.375, -76.375, 1.6113284993860347e-24, nan 
-15.125, -76.375, 5.165877486773678e-24, nan 
-14.875, -76.375, 4.751071839329212e-24, nan 
-14.625, -76.375, 4.3853176774505214e-24, nan 
-14.375, -76.375, 2.802012238606812e-24, nan 
-14.125, -76.375, 3.2638208298171804e-24, nan 
-13.875, -76.375, 3.2463736945124177e-24, nan 
-13.625, -76.375, 1.6581858556921566e-24, nan 
-13.375, -76.375, 2.464968121904087e-24, nan 
-13.125, -76.375, 1.4176826454023077e-24, nan 
-12.875, -76.375, 2.387095766179837e-24, nan 
-12.625, -76.375, 3.0344099670354756e-24, nan 
-12.375, -76.375, 2.72645247547614e-24, nan 
-12.125, -76.375, 3.3205290906577416e-24, nan 
-11.875, -76.375, 6.1521080480427615e-24, nan 
-11.625, -76.375, 4.9376573407848614e-24, nan 
-11.375, -76.375, 7.770784108662144e-24, nan 
-11.125, -76.375, 5.6885865867930864e-24, nan 
-10.875, -76.375, 4.897481608402453e-24, nan 
-10.625, -76.375, 5.308969541665647e-24, nan 
-10.375, -76.375, 5.4689122029623404e-24, nan 
-10.125, -76.375, 7.114168649080468e-24, nan 
-9.875, -76.375, 6.026828784784724e-24, nan 
-9.625, -76.375, 6.001881142896007e-24, nan 
-9.375, -76.375, 3.5295776828156565e-24, nan 
-9.125, -76.375, 3.76689274120059e-24, nan 
-8.875, -76.375, 7.130406266742536e-24, nan 
-8.625, -76.375, 9.09490238729018e-24, nan 
-8.375, -76.375, 1.0976741913297031e-23, nan 
-32.125, -76.125, 2.867659555764878e-24, nan 
-31.875, -76.125, 2.8072834652718856e-24, nan 
-31.625, -76.125, 1.9178081770339612e-24, nan 
-31.375, -76.125, 1.994350648034349e-24, nan 
-31.125, -76.125, 2.3194760781330357e-24, nan 
-30.875, -76.125, 1.789582975703449e-24, nan 
-30.625, -76.125, 3.5266829327695195e-24, nan 
-30.375, -76.125, 3.4289611259025866e-24, nan 
-30.125, -76.125, 1.2270632514633746e-24, nan 
-29.875, -76.125, 1.4848955568812735e-24, nan 
-29.625, -76.125, 1.5257899301505883e-24, nan 
-29.375, -76.125, 2.9593789166179254e-24, nan 
-29.125, -76.125, 3.0917586090615457e-24, nan 
-28.875, -76.125, 3.138256048130551e-24, nan 
-28.625, -76.125, 2.7424925208884785e-24, nan 
-28.375, -76.125, 6.904907042586901e-24, nan 
-28.125, -76.125, 1.7519116164010262e-23, nan 
-27.875, -76.125, 1.7083699052369227e-23, nan 
-27.625, -76.125, 1.7367826959132035e-23, nan 
-27.375, -76.125, 1.6006450850077896e-23, nan 
-27.125, -76.125, 9.453693270905862e-24, nan 
-26.875, -76.125, 4.443974698867093e-24, nan 
-26.625, -76.125, 6.2403724595261865e-24, nan 
-26.375, -76.125, 6.0352383118792325e-24, nan 
-26.125, -76.125, 4.173902702845385e-24, nan 
-25.875, -76.125, 3.2083240188691272e-24, nan 
-25.625, -76.125, 2.3365996571910095e-24, nan 
-25.375, -76.125, 1.938310917391669e-24, nan 
-25.125, -76.125, 1.7755950188601986e-24, nan 
-24.875, -76.125, 1.694017144448145e-24, nan 
-24.625, -76.125, 1.34351234309959e-24, nan 
-24.375, -76.125, 1.3000653780435923e-24, nan 
-24.125, -76.125, 3.0186059969511115e-24, nan 
-23.875, -76.125, 2.3333639948722313e-24, nan 
-23.625, -76.125, 3.845119104061223e-24, nan 
-23.375, -76.125, 2.861208160628361e-24, nan 
-23.125, -76.125, 1.8104092448139433e-24, nan 
-22.875, -76.125, 2.209691842247782e-24, nan 
-22.625, -76.125, 1.905886519153517e-24, nan 
-22.375, -76.125, 2.125587546264741e-24, nan 
-22.125, -76.125, 1.8449170156314417e-24, nan 
-21.875, -76.125, 3.0043983833336124e-24, nan 
-21.625, -76.125, 3.455753282085689e-24, nan 
-21.375, -76.125, 3.636437317697971e-24, nan 
-21.125, -76.125, 4.009527286445338e-24, nan 
-20.875, -76.125, 2.396167725048125e-24, nan 
-20.625, -76.125, 2.08116030048872e-24, nan 
-20.375, -76.125, 2.1744679712582607e-24, nan 
-20.125, -76.125, 1.258648519320857e-24, nan 
-19.875, -76.125, 1.915132237960887e-24, nan 
-19.625, -76.125, 1.6711448511142216e-24, nan 
-19.375, -76.125, 1.1878452102989144e-24, nan 
-19.125, -76.125, 1.994573676865272e-24, nan 
-18.875, -76.125, 3.431021645092223e-24, nan 
-18.625, -76.125, 4.9022208274119934e-24, nan 
-18.375, -76.125, 6.10343135674756e-24, nan 
-18.125, -76.125, 7.660936795354306e-24, nan 
-17.875, -76.125, 7.216711488844398e-24, nan 
-17.625, -76.125, 5.622846688756517e-24, nan 
-17.375, -76.125, 6.747975491255666e-24, nan 
-17.125, -76.125, 9.728346607249605e-24, nan 
-16.875, -76.125, 1.1801700601104735e-23, nan 
-16.625, -76.125, 1.1356360489176146e-23, nan 
-16.375, -76.125, 9.323495283665819e-24, nan 
-16.125, -76.125, 8.984672767372638e-24, nan 
-15.875, -76.125, 6.4030171818391096e-24, nan 
-15.625, -76.125, 6.171337895202305e-24, nan 
-15.375, -76.125, 6.044072559309274e-24, nan 
-15.125, -76.125, 5.3932156841592395e-24, nan 
-14.875, -76.125, 5.703590367994821e-24, nan 
-14.625, -76.125, 4.106761391246945e-24, nan 
-14.375, -76.125, 2.820888665015564e-24, nan 
-14.125, -76.125, 3.1453403541044685e-24, nan 
-13.875, -76.125, 2.9840631589622983e-24, nan 
-13.625, -76.125, 2.9176478401206324e-24, nan 
-13.375, -76.125, 2.7984545638506454e-24, nan 
-13.125, -76.125, 4.088071891581567e-24, nan 
-12.875, -76.125, 2.268338250824525e-24, nan 
-12.625, -76.125, 5.784731286895755e-24, nan 
-12.375, -76.125, 4.149394470653537e-24, nan 
-12.125, -76.125, 4.068237842090459e-24, nan 
-11.875, -76.125, 8.994055991844386e-24, nan 
-11.625, -76.125, 6.2229029830624276e-24, nan 
-11.375, -76.125, 1.0592478616422385e-23, nan 
-11.125, -76.125, 8.123187261957482e-24, nan 
-10.875, -76.125, 7.90578810669939e-24, nan 
-10.625, -76.125, 7.835970885249902e-24, nan 
-10.375, -76.125, 8.883596137281986e-24, nan 
-10.125, -76.125, 9.219300294417468e-24, nan 
-9.875, -76.125, 5.7508325219384234e-24, nan 
-9.625, -76.125, 4.142032175313642e-24, nan 
-9.375, -76.125, 4.1284503135133465e-24, nan 
-9.125, -76.125, 5.105238441898704e-24, nan 
-8.875, -76.125, 5.7556567740784195e-24, nan 
-8.625, -76.125, 5.312836586986227e-24, nan 
-8.375, -76.125, 5.7111320540237025e-24, nan 
-8.125, -76.125, 5.081277331316314e-24, nan 
-7.875, -76.125, 3.877913538986051e-24, nan 
-7.625, -76.125, 3.2733436098305553e-24, nan 
-31.875, -75.875, 4.112882078878382e-24, nan 
-31.625, -75.875, 4.843562599461578e-24, nan 
-31.375, -75.875, 4.950214935705601e-24, nan 
-31.125, -75.875, 3.9509292601973864e-24, nan 
-30.875, -75.875, 2.4844822580460395e-24, nan 
-30.625, -75.875, 3.053244259823837e-24, nan 
-30.375, -75.875, 4.612395364323181e-24, nan 
-30.125, -75.875, 4.055433704280672e-24, nan 
-29.875, -75.875, 3.0161904714025493e-24, nan 
-29.625, -75.875, 1.3025023555583695e-24, nan 
-29.375, -75.875, 2.7179810465365166e-24, nan 
-29.125, -75.875, 4.1632073164827016e-24, nan 
-28.875, -75.875, 4.921154214901849e-24, nan 
-28.625, -75.875, 3.277240382870913e-24, nan 
-28.375, -75.875, 5.053066047510143e-24, nan 
-28.125, -75.875, 4.276449288798755e-24, nan 
-27.875, -75.875, 5.8279956276388736e-24, nan 
-27.625, -75.875, 5.7320490332508946e-24, nan 
-27.375, -75.875, 4.85106914487087e-24, nan 
-27.125, -75.875, 4.366357986107613e-24, nan 
-26.875, -75.875, 3.816237179179668e-24, nan 
-26.625, -75.875, 5.0196695169948324e-24, nan 
-26.375, -75.875, 5.1645562975803004e-24, nan 
-26.125, -75.875, 4.8594508786692704e-24, nan 
-25.875, -75.875, 3.9638537824031494e-24, nan 
-25.625, -75.875, 3.544456282904656e-24, nan 
-25.375, -75.875, 2.3309183469469658e-24, nan 
-25.125, -75.875, 1.6086394499772839e-24, nan 
-24.875, -75.875, 3.0036119239940562e-24, nan 
-24.625, -75.875, 2.76823598963221e-24, nan 
-24.375, -75.875, 2.499228072715273e-24, nan 
-24.125, -75.875, 2.833725316499207e-24, nan 
-23.875, -75.875, 1.953864265472568e-24, nan 
-23.625, -75.875, 3.2433631821764405e-24, nan 
-23.375, -75.875, 3.417701524643191e-24, nan 
-23.125, -75.875, 5.351946526722815e-24, nan 
-22.875, -75.875, 5.608820533979982e-24, nan 
-22.625, -75.875, 5.014251058166546e-24, nan 
-22.375, -75.875, 4.633507207038635e-24, nan 
-22.125, -75.875, 3.723704136343198e-24, nan 
-21.875, -75.875, 4.289737823666887e-24, nan 
-21.625, -75.875, 4.47302934830804e-24, nan 
-21.375, -75.875, 3.361721414002794e-24, nan 
-21.125, -75.875, 4.165766596064154e-24, nan 
-20.875, -75.875, 2.6355395886744638e-24, nan 
-20.625, -75.875, 1.6379083427639566e-24, nan 
-20.375, -75.875, 2.2667830357953777e-24, nan 
-20.125, -75.875, 1.2463021644008559e-24, nan 
-19.875, -75.875, 2.216226000919979e-24, nan 
-19.625, -75.875, 1.5075586146970946e-24, nan 
-19.375, -75.875, 3.0447225756447408e-24, nan 
-19.125, -75.875, 3.969431508763004e-24, nan 
-18.875, -75.875, 4.642103388859188e-24, nan 
-18.625, -75.875, 5.294292996572101e-24, nan 
-18.375, -75.875, 2.4477367362779253e-24, nan 
-18.125, -75.875, 3.666549472423691e-24, nan 
-17.875, -75.875, 1.887672565243835e-24, nan 
-17.625, -75.875, 2.8965919888574766e-24, nan 
-17.375, -75.875, 4.261675685249957e-24, nan 
-17.125, -75.875, 5.7221495242539645e-24, nan 
-16.875, -75.875, 7.316677565102133e-24, nan 
-16.625, -75.875, 7.915621409557533e-24, nan 
-16.375, -75.875, 7.390767877638812e-24, nan 
-16.125, -75.875, 7.949311429985134e-24, nan 
-15.875, -75.875, 5.986539209346337e-24, nan 
-15.625, -75.875, 5.442970154457505e-24, nan 
-15.375, -75.875, 4.905260767527066e-24, nan 
-15.125, -75.875, 4.012924173066466e-24, nan 
-14.875, -75.875, 3.77699881501395e-24, nan 
-14.625, -75.875, 2.8787773267312807e-24, nan 
-14.375, -75.875, 2.1809081466388687e-24, nan 
-14.125, -75.875, 2.9488233746258615e-24, nan 
-13.875, -75.875, 3.64008779859549e-24, nan 
-13.625, -75.875, 6.964376757405715e-24, nan 
-13.375, -75.875, 5.567459767735584e-24, nan 
-13.125, -75.875, 3.6806412449316854e-24, nan 
-12.875, -75.875, 1.0405202623719133e-23, nan 
-12.625, -75.875, 4.88065142506542e-24, nan 
-12.375, -75.875, 1.5913731777771785e-23, nan 
-12.125, -75.875, 1.3631872601523645e-23, nan 
-11.875, -75.875, 7.128840758411643e-24, nan 
-11.625, -75.875, 5.5960653169627925e-24, nan 
-11.375, -75.875, 7.733043205501814e-24, nan 
-11.125, -75.875, 6.701844840576794e-24, nan 
-10.875, -75.875, 6.576750809776957e-24, nan 
-10.625, -75.875, 9.658996335697612e-24, nan 
-10.375, -75.875, 6.56310102511183e-24, nan 
-10.125, -75.875, 6.395930538638748e-24, nan 
-9.875, -75.875, 5.3488163219983145e-24, nan 
-9.625, -75.875, 8.505032541696211e-24, nan 
-9.375, -75.875, 3.388467497855481e-24, nan 
-9.125, -75.875, 3.8148022668417245e-24, nan 
-8.875, -75.875, 3.379495756367875e-24, nan 
-8.625, -75.875, 1.1133844326263255e-23, nan 
-8.375, -75.875, 1.1273842119784752e-23, nan 
-8.125, -75.875, 8.112287924160888e-24, nan 
-7.875, -75.875, 2.3263758728842846e-24, nan 
-7.625, -75.875, 2.242543296351587e-24, nan 
-7.375, -75.875, 2.421686895925288e-24, nan 
-7.125, -75.875, 1.1510540957008541e-24, nan 
-6.875, -75.875, 3.706858771246994e-24, nan 
-31.625, -75.625, 5.5623998093056e-24, nan 
-31.375, -75.625, 6.92217647176689e-24, nan 
-31.125, -75.625, 5.4533140071605316e-24, nan 
-30.875, -75.625, 3.896251541706657e-24, nan 
-30.625, -75.625, 2.8718998236319032e-24, nan 
-30.375, -75.625, 4.76053114147583e-24, nan 
-30.125, -75.625, 5.856907691921437e-24, nan 
-29.875, -75.625, 4.8279447893359766e-24, nan 
-29.625, -75.625, 3.6600168481801815e-24, nan 
-29.375, -75.625, 1.8063905681355674e-24, nan 
-29.125, -75.625, 2.529568424239398e-24, nan 
-28.875, -75.625, 4.1293100207608975e-24, nan 
-28.625, -75.625, 4.294423114760934e-24, nan 
-28.375, -75.625, 5.265464050960302e-24, nan 
-28.125, -75.625, 3.614231346491801e-24, nan 
-27.875, -75.625, 3.585796592814217e-24, nan 
-27.625, -75.625, 5.0055643862568586e-24, nan 
-27.375, -75.625, 5.0182511753677576e-24, nan 
-27.125, -75.625, 3.949522190654373e-24, nan 
-26.875, -75.625, 3.330040876992259e-24, nan 
-26.625, -75.625, 3.717777171522946e-24, nan 
-26.375, -75.625, 4.742765356681497e-24, nan 
-26.125, -75.625, 6.0473228697896206e-24, nan 
-25.875, -75.625, 5.263750392331903e-24, nan 
-25.625, -75.625, 4.958882233578348e-24, nan 
-25.375, -75.625, 3.997709399562212e-24, nan 
-25.125, -75.625, 2.3778906574113575e-24, nan 
-24.875, -75.625, 4.071412995427248e-24, nan 
-24.625, -75.625, 4.346419789229467e-24, nan 
-24.375, -75.625, 4.5196915706762746e-24, nan 
-24.125, -75.625, 4.5073380101876336e-24, nan 
-23.875, -75.625, 4.4761097624245076e-24, nan 
-23.625, -75.625, 4.550388960016906e-24, nan 
-23.375, -75.625, 5.189897597250361e-24, nan 
-23.125, -75.625, 4.811879251610501e-24, nan 
-22.875, -75.625, 5.377220519901723e-24, nan 
-22.625, -75.625, 5.752249480563825e-24, nan 
-22.375, -75.625, 5.47340605831923e-24, nan 
-22.125, -75.625, 5.153769165401509e-24, nan 
-21.875, -75.625, 3.351086760250936e-24, nan 
-21.625, -75.625, 2.862370849278508e-24, nan 
-21.375, -75.625, 2.3068772680784327e-24, nan 
-21.125, -75.625, 1.9928026522462172e-24, nan 
-20.875, -75.625, 2.0229212470137657e-24, nan 
-20.625, -75.625, 2.245075604750967e-24, nan 
-20.375, -75.625, 3.1537633952322866e-24, nan 
-20.125, -75.625, 3.558008590405221e-24, nan 
-19.875, -75.625, 4.700987182573009e-24, nan 
-19.625, -75.625, 2.7967447454658922e-24, nan 
-19.375, -75.625, 4.164697336171606e-24, nan 
-19.125, -75.625, 7.467181223990805e-24, nan 
-18.875, -75.625, 8.468095416509104e-24, nan 
-18.625, -75.625, 1.1267464825777192e-23, nan 
-18.375, -75.625, 4.9340932380055664e-24, nan 
-18.125, -75.625, 7.004130446040473e-24, nan 
-17.875, -75.625, 4.537165287565122e-24, nan 
-17.625, -75.625, 5.097103364233022e-24, nan 
-17.375, -75.625, 7.160016251727674e-24, nan 
-17.125, -75.625, 4.634136426871587e-24, nan 
-16.875, -75.625, 6.093685965933987e-24, nan 
-16.625, -75.625, 4.008889905886004e-24, nan 
-16.375, -75.625, 2.1812532901796444e-24, nan 
-16.125, -75.625, 5.0342041538202916e-24, nan 
-15.875, -75.625, 7.481991365815524e-24, nan 
-15.625, -75.625, 3.215208332618674e-24, nan 
-15.375, -75.625, 2.785931359498524e-24, nan 
-15.125, -75.625, 3.0553462715405255e-24, nan 
-14.875, -75.625, 4.086739787516094e-24, nan 
-14.625, -75.625, 3.372879072923002e-24, nan 
-14.375, -75.625, 3.170587980270303e-24, nan 
-14.125, -75.625, 9.686585435125416e-24, nan 
-13.875, -75.625, 8.14331166163338e-24, nan 
-13.625, -75.625, 9.56373436971423e-24, nan 
-13.375, -75.625, 9.58869277808976e-24, nan 
-13.125, -75.625, 3.950228798770681e-24, nan 
-12.875, -75.625, 1.329493908891518e-23, nan 
-12.625, -75.625, 7.113333840602956e-24, nan 
-12.375, -75.625, 1.8878517494107847e-23, nan 
-12.125, -75.625, 1.87360102140885e-23, nan 
-11.875, -75.625, 6.3462469523792296e-24, nan 
-11.625, -75.625, 5.812235927201295e-24, nan 
-11.375, -75.625, 4.8423102179392915e-24, nan 
-11.125, -75.625, 8.870801164451563e-24, nan 
-10.875, -75.625, 8.496808764515829e-24, nan 
-10.625, -75.625, 1.0441764257794396e-23, nan 
-10.375, -75.625, 7.581821303011616e-24, nan 
-10.125, -75.625, 8.632668846062697e-24, nan 
-9.875, -75.625, 1.1908553914181094e-23, nan 
-9.625, -75.625, 1.051207137982167e-23, nan 
-9.375, -75.625, 9.379946090797676e-24, nan 
-9.125, -75.625, 5.0390205167219764e-24, nan 
-8.875, -75.625, 5.175629848004235e-24, nan 
-8.625, -75.625, 1.6559355347774092e-23, nan 
-8.375, -75.625, 1.5634548801395658e-23, nan 
-8.125, -75.625, 1.2316941941841985e-23, nan 
-7.875, -75.625, 1.3420650723657078e-24, nan 
-7.625, -75.625, 8.218460572457605e-25, nan 
-7.375, -75.625, 8.172625746029612e-24, nan 
-7.125, -75.625, 8.64362605728142e-24, nan 
-6.875, -75.625, 9.335893256185795e-24, nan 
-6.625, -75.625, 1.0641436331667483e-23, nan 
-6.375, -75.625, 2.063896874073879e-24, nan 
-31.375, -75.375, 4.251061893282285e-24, nan 
-31.125, -75.375, 5.782549175060418e-24, nan 
-30.875, -75.375, 6.107723282235374e-24, nan 
-30.625, -75.375, 5.1736070824199144e-24, nan 
-30.375, -75.375, 6.1385175730596845e-24, nan 
-30.125, -75.375, 5.8394460073875076e-24, nan 
-29.875, -75.375, 2.7944693703886004e-24, nan 
-29.625, -75.375, 1.9438353427705938e-24, nan 
-29.375, -75.375, 2.6666143127598884e-24, nan 
-29.125, -75.375, 3.8739736895497396e-24, nan 
-28.875, -75.375, 3.3675589118441946e-24, nan 
-28.625, -75.375, 2.4227627748581683e-24, nan 
-28.375, -75.375, 3.476240004326823e-24, nan 
-28.125, -75.375, 2.0982643608377583e-24, nan 
-27.875, -75.375, 1.3995113070113629e-24, nan 
-27.625, -75.375, 1.119267989444266e-24, nan 
-27.375, -75.375, 4.870680083177739e-24, nan 
-27.125, -75.375, 4.8222439455683e-24, nan 
-26.875, -75.375, 4.089855330038811e-24, nan 
-26.625, -75.375, 5.149543210193154e-24, nan 
-26.375, -75.375, 4.4822464129076435e-24, nan 
-26.125, -75.375, 3.963865296543892e-24, nan 
-25.875, -75.375, 3.2490692303692007e-24, nan 
-25.625, -75.375, 7.10900439012382e-24, nan 
-25.375, -75.375, 7.597638907841109e-24, nan 
-25.125, -75.375, 5.3107590657029586e-24, nan 
-24.875, -75.375, 6.805642984826007e-24, nan 
-24.625, -75.375, 8.959056228189502e-24, nan 
-24.375, -75.375, 8.29702561987681e-24, nan 
-24.125, -75.375, 5.638583576271995e-24, nan 
-23.875, -75.375, 6.3481901425762664e-24, nan 
-23.625, -75.375, 7.844921697262882e-24, nan 
-23.375, -75.375, 6.999234764251767e-24, nan 
-23.125, -75.375, 3.997384531418429e-24, nan 
-22.875, -75.375, 3.4156451607231096e-24, nan 
-22.625, -75.375, 4.1099255063102955e-24, nan 
-22.375, -75.375, 2.839848764661922e-24, nan 
-22.125, -75.375, 3.526089397891225e-24, nan 
-21.875, -75.375, 4.247432416082761e-24, nan 
-21.625, -75.375, 3.4830407975025365e-24, nan 
-21.375, -75.375, 2.6380296054559354e-24, nan 
-21.125, -75.375, 1.5427775918511697e-24, nan 
-20.875, -75.375, 1.1005397529453899e-24, nan 
-20.625, -75.375, 1.866762037962112e-24, nan 
-20.375, -75.375, 1.947522578597304e-24, nan 
-20.125, -75.375, 2.150705507624637e-24, nan 
-19.875, -75.375, 2.9699226202697663e-24, nan 
-19.625, -75.375, 2.4996702510883807e-24, nan 
-19.375, -75.375, 3.879870583926563e-24, nan 
-19.125, -75.375, 5.762578353679035e-24, nan 
-18.875, -75.375, 6.792943194350854e-24, nan 
-18.625, -75.375, 8.342954955639658e-24, nan 
-18.375, -75.375, 4.2865651402961755e-24, nan 
-18.125, -75.375, 6.469518219258309e-24, nan 
-17.875, -75.375, 3.338670763423198e-24, nan 
-17.625, -75.375, 2.01494760824884e-24, nan 
-17.375, -75.375, 2.434744443243451e-24, nan 
-17.125, -75.375, 1.694359645482489e-24, nan 
-16.875, -75.375, 7.506696760819168e-24, nan 
-16.625, -75.375, 9.278907429605815e-24, nan 
-16.375, -75.375, 2.0436641217164633e-24, nan 
-16.125, -75.375, 1.3195338445840039e-23, nan 
-15.875, -75.375, 1.604845501211918e-23, nan 
-15.625, -75.375, 3.1677723324232962e-24, nan 
-15.375, -75.375, 7.125256663061834e-24, nan 
-15.125, -75.375, 7.93991821155044e-24, nan 
-14.875, -75.375, 9.605952448110726e-24, nan 
-14.625, -75.375, 1.1522753851065065e-23, nan 
-14.375, -75.375, 6.530606850395881e-24, nan 
-14.125, -75.375, 1.2618070853856116e-23, nan 
-13.875, -75.375, 1.628108664312441e-23, nan 
-13.625, -75.375, 8.421759654676753e-24, nan 
-13.375, -75.375, 4.498746049717055e-24, nan 
-13.125, -75.375, 1.2644742156661185e-23, nan 
-12.875, -75.375, 6.773694336856982e-24, nan 
-12.625, -75.375, 1.1118007245291117e-23, nan 
-12.375, -75.375, 1.396572104785212e-23, nan 
-12.125, -75.375, 9.015921881231675e-24, nan 
-11.875, -75.375, 7.369062724469624e-24, nan 
-11.625, -75.375, 9.399555154495326e-24, nan 
-11.375, -75.375, 7.746113815140362e-24, nan 
-11.125, -75.375, 8.366958239415745e-24, nan 
-10.875, -75.375, 8.796679209724157e-24, nan 
-10.625, -75.375, 8.87966930553171e-24, nan 
-10.375, -75.375, 1.265929061890284e-23, nan 
-10.125, -75.375, 1.4712164766895386e-23, nan 
-9.875, -75.375, 1.2300778997420353e-23, nan 
-9.625, -75.375, 8.591329895818165e-24, nan 
-9.375, -75.375, 8.954306218925394e-24, nan 
-9.125, -75.375, 6.86447916416371e-24, nan 
-8.875, -75.375, 6.080927940041995e-24, nan 
-8.625, -75.375, 7.447925790945221e-24, nan 
-8.375, -75.375, 8.175335955902261e-24, nan 
-8.125, -75.375, 6.436487040480222e-24, nan 
-7.875, -75.375, 6.0520606248739094e-24, nan 
-7.625, -75.375, 6.887470640487626e-24, nan 
-7.375, -75.375, 6.897189289241965e-24, nan 
-7.125, -75.375, 5.400607599654126e-24, nan 
-6.875, -75.375, 6.05482858676783e-24, nan 
-6.625, -75.375, 6.038602268872751e-24, nan 
-6.375, -75.375, 6.603454942460211e-24, nan 
-6.125, -75.375, 1.12721875633627e-23, nan 
-5.875, -75.375, 9.100724139874454e-24, nan 
-5.625, -75.375, 1.0039674040410914e-23, nan 
-31.375, -75.125, 4.1465524842058274e-24, nan 
-31.125, -75.125, 3.4696489717430224e-24, nan 
-30.875, -75.125, 3.939594898888595e-24, nan 
-30.625, -75.125, 4.9170886268952685e-24, nan 
-30.375, -75.125, 4.9798450592669226e-24, nan 
-30.125, -75.125, 5.0965002059197065e-24, nan 
-29.875, -75.125, 3.581974674386453e-24, nan 
-29.625, -75.125, 3.887137923483168e-24, nan 
-29.375, -75.125, 3.027622027675297e-24, nan 
-29.125, -75.125, 3.1492645882336803e-24, nan 
-28.875, -75.125, 1.9274716817916277e-24, nan 
-28.625, -75.125, 2.5293249288525688e-24, nan 
-28.375, -75.125, 2.7224843473818816e-24, nan 
-28.125, -75.125, 3.9944931908717034e-24, nan 
-27.875, -75.125, 3.735011209680258e-24, nan 
-27.625, -75.125, 4.115207210163187e-24, nan 
-27.375, -75.125, 4.562541135693929e-24, nan 
-27.125, -75.125, 3.944906727068147e-24, nan 
-26.875, -75.125, 4.129266954094699e-24, nan 
-26.625, -75.125, 2.9516718351039968e-24, nan 
-26.375, -75.125, 3.747765404604046e-24, nan 
-26.125, -75.125, 2.573828370437234e-24, nan 
-25.875, -75.125, 4.350328849297728e-24, nan 
-25.625, -75.125, 5.477376374368813e-24, nan 
-25.375, -75.125, 5.753265787300128e-24, nan 
-25.125, -75.125, 6.327334934010871e-24, nan 
-24.875, -75.125, 5.748945153198942e-24, nan 
-24.625, -75.125, 7.814598913061687e-24, nan 
-24.375, -75.125, 8.403561885094341e-24, nan 
-24.125, -75.125, 4.390637970255068e-24, nan 
-23.875, -75.125, 5.6682009918483505e-24, nan 
-23.625, -75.125, 6.629059616832172e-24, nan 
-23.375, -75.125, 4.2437701239589936e-24, nan 
-23.125, -75.125, 3.505974576216113e-24, nan 
-22.875, -75.125, 3.690891625485178e-24, nan 
-22.625, -75.125, 3.0891756500527912e-24, nan 
-22.375, -75.125, 3.799690764196155e-24, nan 
-22.125, -75.125, 3.1555257402913757e-24, nan 
-21.875, -75.125, 3.0654849960430196e-24, nan 
-21.625, -75.125, 2.7848899371190854e-24, nan 
-21.375, -75.125, 1.7468056975132174e-24, nan 
-21.125, -75.125, 1.3078516361163546e-24, nan 
-20.875, -75.125, 1.4373180143615606e-24, nan 
-20.625, -75.125, 2.419193751394524e-24, nan 
-20.375, -75.125, 2.7493970778768682e-24, nan 
-20.125, -75.125, 2.9721666153431205e-24, nan 
-19.875, -75.125, 2.56562166432695e-24, nan 
-19.625, -75.125, 3.698030277207939e-24, nan 
-19.375, -75.125, 2.7255084139791958e-24, nan 
-19.125, -75.125, 2.2828349090335004e-24, nan 
-18.875, -75.125, 4.438040225609141e-24, nan 
-18.625, -75.125, 3.059066470533967e-24, nan 
-18.375, -75.125, 3.6101524646671486e-24, nan 
-18.125, -75.125, 3.0198225068866658e-24, nan 
-17.875, -75.125, 2.623460153962686e-24, nan 
-17.625, -75.125, 2.6619542481775237e-24, nan 
-17.375, -75.125, 2.940313636025607e-24, nan 
-17.125, -75.125, 2.8399420736975028e-24, nan 
-16.875, -75.125, 3.08242878997435e-24, nan 
-16.625, -75.125, 1.2447507645986795e-23, nan 
-16.375, -75.125, 2.1223659537342295e-23, nan 
-16.125, -75.125, 2.6357485730991037e-23, nan 
-15.875, -75.125, 2.4616313344348576e-23, nan 
-15.625, -75.125, 2.4873941154890253e-23, nan 
-15.375, -75.125, 1.737546233344632e-23, nan 
-15.125, -75.125, 4.704086092574079e-24, nan 
-14.875, -75.125, 1.2101634630768681e-23, nan 
-14.625, -75.125, 1.2126444588158464e-23, nan 
-14.375, -75.125, 9.49711752259187e-24, nan 
-14.125, -75.125, 1.2171703645309685e-23, nan 
-13.875, -75.125, 1.494154633745391e-23, nan 
-13.625, -75.125, 1.3354179532665505e-23, nan 
-13.375, -75.125, 6.655612662090077e-24, nan 
-13.125, -75.125, 9.090686123527475e-24, nan 
-12.875, -75.125, 9.7337249133936e-24, nan 
-12.625, -75.125, 8.416177770169553e-24, nan 
-12.375, -75.125, 7.376609842649533e-24, nan 
-12.125, -75.125, 5.1146527650653496e-24, nan 
-11.875, -75.125, 3.7188094514438234e-24, nan 
-11.625, -75.125, 7.410610864937253e-24, nan 
-11.375, -75.125, 9.260969059450925e-24, nan 
-11.125, -75.125, 4.885395666053308e-24, nan 
-10.875, -75.125, 5.978669729674217e-24, nan 
-10.625, -75.125, 9.478325548121596e-24, nan 
-10.375, -75.125, 7.658685956811475e-24, nan 
-10.125, -75.125, 9.238920445022774e-24, nan 
-9.875, -75.125, 8.771481683117064e-24, nan 
-9.625, -75.125, 1.0213634791181217e-23, nan 
-9.375, -75.125, 9.99775949309326e-24, nan 
-9.125, -75.125, 7.20098736864664e-24, nan 
-8.875, -75.125, 7.357903905702642e-24, nan 
-8.625, -75.125, 9.269072218739257e-24, nan 
-8.375, -75.125, 7.2296612697887e-24, nan 
-8.125, -75.125, 4.756286004904909e-24, nan 
-7.875, -75.125, 4.068283561442198e-24, nan 
-7.625, -75.125, 4.175958720932461e-24, nan 
-7.375, -75.125, 5.4221850614933245e-24, nan 
-7.125, -75.125, 7.344182673804583e-24, nan 
-6.875, -75.125, 6.5862378532636216e-24, nan 
-6.625, -75.125, 7.041545896986453e-24, nan 
-6.375, -75.125, 6.389417770994301e-24, nan 
-6.125, -75.125, 9.874094349480918e-24, nan 
-5.875, -75.125, 8.47509611628327e-24, nan 
-5.625, -75.125, 6.268729243430192e-24, nan 
-5.375, -75.125, 5.2053637070404086e-24, nan 
-5.125, -75.125, 6.800667915321164e-24, nan 
-31.125, -74.875, 3.3533875314089974e-24, nan 
-30.875, -74.875, 4.834785558519661e-24, nan 
-30.625, -74.875, 4.6242030517945126e-24, nan 
-30.375, -74.875, 4.282573823063815e-24, nan 
-30.125, -74.875, 6.305265237787426e-24, nan 
-29.875, -74.875, 7.184677450141725e-24, nan 
-29.625, -74.875, 8.31042321407604e-24, nan 
-29.375, -74.875, 6.793588128250642e-24, nan 
-29.125, -74.875, 6.3509921808101776e-24, nan 
-28.875, -74.875, 5.695731642078939e-24, nan 
-28.625, -74.875, 4.88146861046352e-24, nan 
-28.375, -74.875, 4.350063549173903e-24, nan 
-28.125, -74.875, 2.6812084986938898e-24, nan 
-27.875, -74.875, 2.2774315305825433e-24, nan 
-27.625, -74.875, 3.493501414674366e-24, nan 
-27.375, -74.875, 2.7306535420320557e-24, nan 
-27.125, -74.875, 3.0889435560808323e-24, nan 
-26.875, -74.875, 1.7173788922572735e-24, nan 
-26.625, -74.875, 2.871254522770176e-24, nan 
-26.375, -74.875, 6.541953404850061e-24, nan 
-26.125, -74.875, 8.343873276813443e-24, nan 
-25.875, -74.875, 9.386597251703665e-24, nan 
-25.625, -74.875, 1.007921344545548e-23, nan 
-25.375, -74.875, 9.728647507856417e-24, nan 
-25.125, -74.875, 1.0566709887545429e-23, nan 
-24.875, -74.875, 1.2177182901666663e-23, nan 
-24.625, -74.875, 1.7661931411851518e-23, nan 
-24.375, -74.875, 9.576970363601313e-24, nan 
-24.125, -74.875, 7.950469659854968e-24, nan 
-23.875, -74.875, 1.4311980215398587e-23, nan 
-23.625, -74.875, 3.731019550106208e-24, nan 
-23.375, -74.875, 3.70897194053252e-24, nan 
-23.125, -74.875, 3.6177011138029494e-24, nan 
-22.875, -74.875, 3.976586465420705e-24, nan 
-22.625, -74.875, 3.695355856989483e-24, nan 
-22.375, -74.875, 3.9302676246286154e-24, nan 
-22.125, -74.875, 2.9379947828949333e-24, nan 
-21.875, -74.875, 5.054612456160542e-24, nan 
-21.625, -74.875, 3.4849480192459366e-24, nan 
-21.375, -74.875, 1.8272096368342648e-24, nan 
-21.125, -74.875, 3.091721389638671e-24, nan 
-20.875, -74.875, 3.502496713247936e-24, nan 
-20.625, -74.875, 2.6812421883180495e-24, nan 
-20.375, -74.875, 3.411898672603189e-24, nan 
-20.125, -74.875, 4.479206908485894e-24, nan 
-19.875, -74.875, 4.1737562036241165e-24, nan 
-19.625, -74.875, 4.057625014886737e-24, nan 
-19.375, -74.875, 5.027900199713147e-24, nan 
-19.125, -74.875, 9.996406732826965e-24, nan 
-18.875, -74.875, 5.5458685966040914e-24, nan 
-18.625, -74.875, 2.5103081359164463e-24, nan 
-18.375, -74.875, 5.9834338466181175e-24, nan 
-18.125, -74.875, 5.137383098220726e-24, nan 
-17.875, -74.875, 4.380369373877839e-24, nan 
-17.625, -74.875, 5.191507918535252e-24, nan 
-17.375, -74.875, 1.509961636381633e-23, nan 
-17.125, -74.875, 2.697377174557989e-23, nan 
-16.875, -74.875, 3.191188427650469e-23, nan 
-16.625, -74.875, 2.439298892526269e-23, nan 
-16.375, -74.875, 3.5556708818964716e-23, nan 
-16.125, -74.875, 4.0964574150672856e-23, nan 
-15.875, -74.875, 3.987365745344984e-23, nan 
-15.625, -74.875, 4.294747855052776e-23, nan 
-15.375, -74.875, 2.8254462140098353e-23, nan 
-15.125, -74.875, 3.0910615105488645e-23, nan 
-14.875, -74.875, 3.677454896872319e-23, nan 
-14.625, -74.875, 2.4503075654355672e-23, nan 
-14.375, -74.875, 1.2666990457372438e-23, nan 
-14.125, -74.875, 1.581010871359819e-23, nan 
-13.875, -74.875, 2.1063087025389796e-23, nan 
-13.625, -74.875, 1.526825315998079e-23, nan 
-13.375, -74.875, 8.816122297156197e-24, nan 
-13.125, -74.875, 1.2642773026485579e-23, nan 
-12.875, -74.875, 1.1186461958509132e-23, nan 
-12.625, -74.875, 7.129666837054176e-24, nan 
-12.375, -74.875, 1.9570185510540233e-24, nan 
-12.125, -74.875, 2.0664705263155506e-24, nan 
-11.875, -74.875, 6.029395101855273e-24, nan 
-11.625, -74.875, 1.0709880780504911e-23, nan 
-11.375, -74.875, 1.044782168846157e-23, nan 
-11.125, -74.875, 3.630292972028916e-24, nan 
-10.875, -74.875, 1.463789772136168e-23, nan 
-10.625, -74.875, 1.541261360922111e-23, nan 
-10.375, -74.875, 8.953597530403565e-25, nan 
-10.125, -74.875, 7.682464909510051e-24, nan 
-9.875, -74.875, 8.303077798393652e-24, nan 
-9.625, -74.875, 3.5683110645764615e-24, nan 
-9.375, -74.875, 3.129526193254614e-24, nan 
-9.125, -74.875, 3.175436631462322e-24, nan 
-8.875, -74.875, 4.494757810321517e-24, nan 
-8.625, -74.875, 5.566451095593235e-24, nan 
-8.375, -74.875, 5.4674306617496484e-24, nan 
-8.125, -74.875, 4.749876308855215e-24, nan 
-7.875, -74.875, 5.4648703684229994e-24, nan 
-7.625, -74.875, 5.075533197969883e-24, nan 
-7.375, -74.875, 3.880425135678577e-24, nan 
-7.125, -74.875, 1.1815107495163944e-23, nan 
-6.875, -74.875, 1.1015780061282353e-23, nan 
-6.625, -74.875, 1.1129898529368445e-23, nan 
-6.375, -74.875, 9.935565219613357e-24, nan 
-6.125, -74.875, 6.64107069339495e-24, nan 
-5.875, -74.875, 8.968741335415195e-24, nan 
-5.625, -74.875, 1.2079123177600318e-23, nan 
-5.375, -74.875, 3.745970375874402e-24, nan 
-5.125, -74.875, 8.374504754960232e-24, nan 
-4.875, -74.875, 1.0327856653058609e-23, nan 
-4.625, -74.875, 6.535072333943249e-24, nan 
-4.375, -74.875, 7.16102362800252e-24, nan 
-30.875, -74.625, 6.4612251338373886e-24, nan 
-30.625, -74.625, 5.342594773602835e-24, nan 
-30.375, -74.625, 6.27200593497136e-24, nan 
-30.125, -74.625, 4.821996918575523e-24, nan 
-29.875, -74.625, 8.832138834140847e-24, nan 
-29.625, -74.625, 1.0146336857246391e-23, nan 
-29.375, -74.625, 7.26356966393071e-24, nan 
-29.125, -74.625, 9.018284751493068e-24, nan 
-28.875, -74.625, 8.834484758504918e-24, nan 
-28.625, -74.625, 7.021700311693277e-24, nan 
-28.375, -74.625, 7.276892939870359e-24, nan 
-28.125, -74.625, 6.197316553494433e-24, nan 
-27.875, -74.625, 4.910674557182782e-24, nan 
-27.625, -74.625, 4.201134475781165e-24, nan 
-27.375, -74.625, 3.7066730917320196e-24, nan 
-27.125, -74.625, 7.091284175508638e-24, nan 
-26.875, -74.625, 8.972834881678229e-24, nan 
-26.625, -74.625, 9.361462833928255e-24, nan 
-26.375, -74.625, 9.45772879918958e-24, nan 
-26.125, -74.625, 1.1620933277800909e-23, nan 
-25.875, -74.625, 1.2322328063916185e-23, nan 
-25.625, -74.625, 1.1068613991269441e-23, nan 
-25.375, -74.625, 9.928080863508446e-24, nan 
-25.125, -74.625, 7.063939172224367e-24, nan 
-24.875, -74.625, 1.1917212962837847e-23, nan 
-24.625, -74.625, 1.167966019312816e-23, nan 
-24.375, -74.625, 6.371403204703433e-24, nan 
-24.125, -74.625, 2.6017585876273778e-24, nan 
-23.875, -74.625, 4.779431266373826e-24, nan 
-23.625, -74.625, 3.451788174510749e-24, nan 
-23.375, -74.625, 1.9980757347172152e-24, nan 
-23.125, -74.625, 1.7116753228871816e-24, nan 
-22.875, -74.625, 1.4991681561738919e-24, nan 
-22.625, -74.625, 1.476690679136352e-24, nan 
-22.375, -74.625, 2.099284871299882e-24, nan 
-22.125, -74.625, 1.3173450213609392e-24, nan 
-21.875, -74.625, 3.0539478746333885e-24, nan 
-21.625, -74.625, 6.4343153854848946e-24, nan 
-21.375, -74.625, 7.738376470340723e-24, nan 
-21.125, -74.625, 4.8490259530955925e-24, nan 
-20.875, -74.625, 4.798352549334176e-24, nan 
-20.625, -74.625, 4.482822776055748e-24, nan 
-20.375, -74.625, 5.237149508740225e-24, nan 
-20.125, -74.625, 3.555828188616819e-24, nan 
-19.875, -74.625, 5.747202309817094e-24, nan 
-19.625, -74.625, 4.317373730608016e-24, nan 
-19.375, -74.625, 5.0274803550907035e-24, nan 
-19.125, -74.625, 1.214478408020251e-23, nan 
-18.875, -74.625, 4.8202024500536326e-24, nan 
-18.625, -74.625, 2.3942686523229947e-24, nan 
-18.375, -74.625, 6.167201974041691e-24, nan 
-18.125, -74.625, 3.2777757615512924e-24, nan 
-17.875, -74.625, 4.215744058834093e-24, nan 
-17.625, -74.625, 3.4031313829820656e-24, nan 
-17.375, -74.625, 7.46466794581621e-24, nan 
-17.125, -74.625, 3.1469877961123965e-23, nan 
-16.875, -74.625, 3.059691084026387e-23, nan 
-16.625, -74.625, 2.4544516891251724e-23, nan 
-16.375, -74.625, 4.204921253114821e-23, nan 
-16.125, -74.625, 4.420239982023216e-23, nan 
-15.875, -74.625, 4.8157399285695094e-23, nan 
-15.625, -74.625, 4.015455637638213e-23, nan 
-15.375, -74.625, 2.8394428088911645e-23, nan 
-15.125, -74.625, 3.3581354503943425e-23, nan 
-14.875, -74.625, 2.9735546725731016e-23, nan 
-14.625, -74.625, 1.6444480367910054e-23, nan 
-14.375, -74.625, 8.154218731140947e-24, nan 
-14.125, -74.625, 8.887783969376382e-24, nan 
-13.875, -74.625, 1.2778652363845758e-23, nan 
-13.625, -74.625, 1.0009680600989643e-23, nan 
-13.375, -74.625, 8.150814222859893e-24, nan 
-13.125, -74.625, 3.0700064917297652e-24, nan 
-12.875, -74.625, 3.53503630285106e-24, nan 
-12.625, -74.625, 4.4632035374967364e-24, nan 
-12.375, -74.625, 2.3677473279281945e-24, nan 
-12.125, -74.625, 1.801703345687362e-24, nan 
-11.875, -74.625, 1.2254358862922968e-24, nan 
-11.625, -74.625, 1.3234366187108405e-24, nan 
-11.375, -74.625, 8.200333965854041e-25, nan 
-11.125, -74.625, 1.8525774717511486e-24, nan 
-10.875, -74.625, 7.042288407411086e-24, nan 
-10.625, -74.625, 7.377801685461478e-24, nan 
-10.375, -74.625, 2.95882077584128e-24, nan 
-10.125, -74.625, 3.031364989750663e-24, nan 
-9.875, -74.625, 3.4227003693607475e-24, nan 
-9.625, -74.625, 5.472086105394281e-24, nan 
-9.375, -74.625, 6.17901244310013e-24, nan 
-9.125, -74.625, 7.839846188032904e-24, nan 
-8.875, -74.625, 6.027389128415351e-24, nan 
-8.625, -74.625, 4.681789605530202e-24, nan 
-8.375, -74.625, 3.82029754293236e-24, nan 
-8.125, -74.625, 3.097536669709606e-24, nan 
-7.875, -74.625, 1.199983573131962e-23, nan 
-7.625, -74.625, 1.1177598766143673e-23, nan 
-7.375, -74.625, 7.840390509023359e-24, nan 
-7.125, -74.625, 1.4240608045279735e-23, nan 
-6.875, -74.625, 1.1299586829186109e-23, nan 
-6.625, -74.625, 8.294809588512525e-24, nan 
-6.375, -74.625, 7.950341471811293e-24, nan 
-6.125, -74.625, 6.121301850784899e-24, nan 
-5.875, -74.625, 2.4612181492909903e-24, nan 
-5.625, -74.625, 3.794406174662031e-24, nan 
-5.375, -74.625, 4.822444156188391e-24, nan 
-5.125, -74.625, 9.895231873763348e-24, nan 
-4.875, -74.625, 1.2802639897614373e-23, nan 
-4.625, -74.625, 9.485544019004866e-24, nan 
-4.375, -74.625, 9.043474752056281e-24, nan 
-4.125, -74.625, 1.059413129835622e-23, nan 
-3.875, -74.625, 9.103111768779612e-24, nan 
-30.625, -74.375, 4.011632533000119e-24, nan 
-30.375, -74.375, 8.46692083246307e-24, nan 
-30.125, -74.375, 1.3022278411757749e-23, nan 
-29.875, -74.375, 2.136123527471671e-23, nan 
-29.625, -74.375, 1.6258540037676516e-23, nan 
-29.375, -74.375, 1.7912499484124124e-23, nan 
-29.125, -74.375, 1.9028985991762744e-23, nan 
-28.875, -74.375, 1.0469880683986609e-23, nan 
-28.625, -74.375, 1.0242671317157651e-23, nan 
-28.375, -74.375, 1.1475061775213404e-23, nan 
-28.125, -74.375, 9.400393796887226e-24, nan 
-27.875, -74.375, 6.804796329534888e-24, nan 
-27.625, -74.375, 5.70343174430046e-24, nan 
-27.375, -74.375, 2.762462691937858e-24, nan 
-27.125, -74.375, 2.682975683776961e-24, nan 
-26.875, -74.375, 7.339234154763792e-24, nan 
-26.625, -74.375, 6.218452741885016e-24, nan 
-26.375, -74.375, 5.9066480445573e-24, nan 
-26.125, -74.375, 9.053858949142343e-24, nan 
-25.875, -74.375, 8.672388606338907e-24, nan 
-25.625, -74.375, 6.799234160433773e-24, nan 
-25.375, -74.375, 9.863769170461765e-24, nan 
-25.125, -74.375, 1.2237721251476538e-23, nan 
-24.875, -74.375, 1.2822860389946331e-23, nan 
-24.625, -74.375, 8.2625598062441e-24, nan 
-24.375, -74.375, 9.713422789580164e-24, nan 
-24.125, -74.375, 9.3515760983761e-24, nan 
-23.875, -74.375, 4.0907919636681565e-24, nan 
-23.625, -74.375, 1.3906708916172303e-24, nan 
-23.375, -74.375, 1.5464419252069953e-24, nan 
-23.125, -74.375, 6.003683539353561e-24, nan 
-22.875, -74.375, 9.622907304704187e-24, nan 
-22.625, -74.375, 1.1696511642795507e-24, nan 
-22.375, -74.375, 4.682249561564196e-24, nan 
-22.125, -74.375, 8.73111351395057e-24, nan 
-21.875, -74.375, 5.6676500180922866e-24, nan 
-21.625, -74.375, 7.138284273571326e-24, nan 
-21.375, -74.375, 1.1314412546474751e-23, nan 
-21.125, -74.375, 6.639702090585367e-24, nan 
-20.875, -74.375, 3.646689766559805e-24, nan 
-20.625, -74.375, 4.86136522477342e-24, nan 
-20.375, -74.375, 7.10968229384568e-24, nan 
-20.125, -74.375, 1.6587909688782645e-24, nan 
-19.875, -74.375, 8.4479768477639e-25, nan 
-19.625, -74.375, 2.5562089611231433e-24, nan 
-19.375, -74.375, 1.3508813574047678e-24, nan 
-19.125, -74.375, 4.151607087824754e-24, nan 
-18.875, -74.375, 1.4701089518310188e-24, nan 
-18.625, -74.375, 1.180608453421231e-24, nan 
-18.375, -74.375, 1.6200515450171962e-24, nan 
-18.125, -74.375, 1.8513675323679557e-24, nan 
-17.875, -74.375, 3.573195296732855e-24, nan 
-17.625, -74.375, 4.71726743536797e-24, nan 
-17.375, -74.375, 6.464934438108562e-24, nan 
-17.125, -74.375, 5.49295238433108e-24, nan 
-16.875, -74.375, 5.917908423939241e-24, nan 
-16.625, -74.375, 1.1706137090727884e-23, nan 
-16.375, -74.375, 2.829525554858719e-23, nan 
-16.125, -74.375, 2.8607035386969094e-23, nan 
-15.875, -74.375, 2.917791887074473e-23, nan 
-15.625, -74.375, 2.867941502542304e-23, nan 
-15.375, -74.375, 1.717134095330385e-23, nan 
-15.125, -74.375, 5.917975797377158e-24, nan 
-14.875, -74.375, 5.448626369472041e-24, nan 
-14.625, -74.375, 5.322953217784754e-24, nan 
-14.375, -74.375, 4.753086175785489e-24, nan 
-14.125, -74.375, 4.4900521814382875e-24, nan 
-13.875, -74.375, 4.537729179762955e-24, nan 
-13.625, -74.375, 4.5573073210829544e-24, nan 
-13.375, -74.375, 3.935639034862822e-24, nan 
-13.125, -74.375, 4.299862110689469e-24, nan 
-12.875, -74.375, 4.4977873439511295e-24, nan 
-12.625, -74.375, 4.196401684573225e-24, nan 
-12.375, -74.375, 2.515443083477698e-24, nan 
-12.125, -74.375, 2.9419254981784037e-24, nan 
-11.875, -74.375, 3.52641686290299e-24, nan 
-11.625, -74.375, 4.56777495672548e-24, nan 
-11.375, -74.375, 3.6268401736388814e-24, nan 
-11.125, -74.375, 2.027776441709342e-24, nan 
-10.875, -74.375, 2.7032173140206436e-24, nan 
-10.625, -74.375, 2.6401581294936672e-24, nan 
-10.375, -74.375, 1.2613634305503669e-24, nan 
-10.125, -74.375, 1.7633056586413227e-24, nan 
-9.875, -74.375, 3.634667276892244e-24, nan 
-9.625, -74.375, 4.9402139136603555e-24, nan 
-9.375, -74.375, 4.957190796746869e-24, nan 
-9.125, -74.375, 7.012878351782367e-24, nan 
-8.875, -74.375, 6.706743795331107e-24, nan 
-8.625, -74.375, 5.616099193184891e-24, nan 
-8.375, -74.375, 7.887236176775566e-24, nan 
-8.125, -74.375, 8.438946106488626e-24, nan 
-7.875, -74.375, 7.144456490878589e-24, nan 
-7.625, -74.375, 9.919915816729739e-24, nan 
-7.375, -74.375, 9.924361670549664e-24, nan 
-7.125, -74.375, 6.788960459041719e-24, nan 
-6.875, -74.375, 8.430258438790867e-24, nan 
-6.625, -74.375, 3.944374532989438e-24, nan 
-6.375, -74.375, 1.027963837766067e-23, nan 
-6.125, -74.375, 1.2060039720485049e-23, nan 
-5.875, -74.375, 5.511423884728368e-24, nan 
-5.625, -74.375, 4.31474734235994e-24, nan 
-5.375, -74.375, 1.1256197158626359e-23, nan 
-5.125, -74.375, 1.9269326680542723e-23, nan 
-4.875, -74.375, 1.652432978737301e-23, nan 
-4.625, -74.375, 1.0628855783815064e-23, nan 
-4.375, -74.375, 1.4857032001667864e-23, nan 
-4.125, -74.375, 1.4892793710585116e-23, nan 
-3.875, -74.375, 1.2687866847635939e-23, nan 
-3.625, -74.375, 8.783780310773601e-24, nan 
-3.375, -74.375, 2.256578733994274e-24, nan 
-30.375, -74.125, 1.3227598759430542e-23, nan 
-30.125, -74.125, 1.5182290926283054e-23, nan 
-29.875, -74.125, 3.454100573297575e-23, nan 
-29.625, -74.125, 2.1723022220014382e-23, nan 
-29.375, -74.125, 1.567442935087697e-23, nan 
-29.125, -74.125, 2.169379620182378e-23, nan 
-28.875, -74.125, 1.2779727263716687e-23, nan 
-28.625, -74.125, 6.830006189022117e-24, nan 
-28.375, -74.125, 6.507998075683262e-24, nan 
-28.125, -74.125, 4.806332700265188e-24, nan 
-27.875, -74.125, 3.5844204265148634e-24, nan 
-27.625, -74.125, 3.167336609053812e-24, nan 
-27.375, -74.125, 2.6890980413131676e-24, nan 
-27.125, -74.125, 2.6489523064486125e-24, nan 
-26.875, -74.125, 2.6469078565625375e-24, nan 
-26.625, -74.125, 6.178770266623863e-24, nan 
-26.375, -74.125, 1.1665921248508018e-23, nan 
-26.125, -74.125, 9.432186682081238e-24, nan 
-25.875, -74.125, 7.385667603542608e-24, nan 
-25.625, -74.125, 6.763574197329918e-24, nan 
-25.375, -74.125, 6.754801115150595e-24, nan 
-25.125, -74.125, 8.040013209700707e-24, nan 
-24.875, -74.125, 8.446475207493973e-24, nan 
-24.625, -74.125, 2.4954900393863742e-24, nan 
-24.375, -74.125, 1.2817802963498661e-24, nan 
-24.125, -74.125, 1.647519283243104e-24, nan 
-23.875, -74.125, 7.261807080657096e-24, nan 
-23.625, -74.125, 1.2014779704666645e-23, nan 
-23.375, -74.125, 4.552139189117994e-24, nan 
-23.125, -74.125, 1.2169191182600987e-23, nan 
-22.875, -74.125, 1.924745691417387e-23, nan 
-22.625, -74.125, 5.1206146857247364e-24, nan 
-22.375, -74.125, 1.1317115465198322e-23, nan 
-22.125, -74.125, 1.3983862721259258e-23, nan 
-21.875, -74.125, 1.0192564445243318e-23, nan 
-21.625, -74.125, 9.184180390407947e-24, nan 
-21.375, -74.125, 7.605633814835137e-24, nan 
-21.125, -74.125, 1.23268443028175e-23, nan 
-20.875, -74.125, 7.277668196395474e-24, nan 
-20.625, -74.125, 7.188505044462378e-24, nan 
-20.375, -74.125, 1.6132785171021832e-23, nan 
-20.125, -74.125, 1.5677950755728247e-24, nan 
-19.875, -74.125, 5.632568484940906e-24, nan 
-19.625, -74.125, 9.958169931604442e-24, nan 
-19.375, -74.125, 1.7465054052250014e-24, nan 
-19.125, -74.125, 7.112873336209575e-25, nan 
-18.875, -74.125, 9.671613591469734e-25, nan 
-18.625, -74.125, 1.8371346450823352e-24, nan 
-18.375, -74.125, 2.214359058218138e-24, nan 
-18.125, -74.125, 3.098815926301449e-24, nan 
-17.875, -74.125, 2.8265651577291954e-24, nan 
-17.625, -74.125, 3.5921623974119026e-24, nan 
-17.375, -74.125, 3.958057753052814e-24, nan 
-17.125, -74.125, 5.073545132169033e-24, nan 
-16.875, -74.125, 5.280722322192509e-24, nan 
-16.625, -74.125, 5.384768357226832e-24, nan 
-16.375, -74.125, 6.447747494254773e-24, nan 
-16.125, -74.125, 6.4467716782774434e-24, nan 
-15.875, -74.125, 5.978284143383122e-24, nan 
-15.625, -74.125, 5.4720226197478314e-24, nan 
-15.375, -74.125, 5.9212658133494275e-24, nan 
-15.125, -74.125, 5.1427229357677835e-24, nan 
-14.875, -74.125, 4.816836823447868e-24, nan 
-14.625, -74.125, 4.90822650517172e-24, nan 
-14.375, -74.125, 4.0245312141475645e-24, nan 
-14.125, -74.125, 4.2346016303314105e-24, nan 
-13.875, -74.125, 4.400337339061523e-24, nan 
-13.625, -74.125, 4.0355285093745794e-24, nan 
-13.375, -74.125, 2.5676252110171606e-24, nan 
-13.125, -74.125, 2.8100234589311353e-24, nan 
-12.875, -74.125, 1.4770064519408152e-24, nan 
-12.625, -74.125, 1.9725425038804527e-24, nan 
-12.375, -74.125, 2.619951463196347e-24, nan 
-12.125, -74.125, 2.9561260892625623e-24, nan 
-11.875, -74.125, 3.93848628062588e-24, nan 
-11.625, -74.125, 4.9657686513262655e-24, nan 
-11.375, -74.125, 3.0268849520626892e-24, nan 
-11.125, -74.125, 1.5475103871350462e-24, nan 
-10.875, -74.125, 2.01708769402409e-24, nan 
-10.625, -74.125, 1.29600027265042e-24, nan 
-10.375, -74.125, 1.980079901274035e-24, nan 
-10.125, -74.125, 2.932027524146844e-24, nan 
-9.875, -74.125, 2.170454411575221e-24, nan 
-9.625, -74.125, 2.9843522460222365e-24, nan 
-9.375, -74.125, 3.615681465647316e-24, nan 
-9.125, -74.125, 6.817710255639584e-24, nan 
-8.875, -74.125, 7.023451501335104e-24, nan 
-8.625, -74.125, 1.8930046884112845e-24, nan 
-8.375, -74.125, 4.240562591145663e-24, nan 
-8.125, -74.125, 5.379310075075555e-24, nan 
-7.875, -74.125, 4.091858006259975e-24, nan 
-7.625, -74.125, 9.1733143431406e-24, nan 
-7.375, -74.125, 5.2247209036113476e-24, nan 
-7.125, -74.125, 4.156804030140303e-24, nan 
-6.875, -74.125, 1.5250425031023685e-23, nan 
-6.625, -74.125, 4.135987581011626e-24, nan 
-6.375, -74.125, 7.891752761914447e-24, nan 
-6.125, -74.125, 1.2262934431161261e-23, nan 
-5.875, -74.125, 7.381771363763151e-24, nan 
-5.625, -74.125, 1.1938509050120028e-23, nan 
-5.375, -74.125, 1.1658575377449904e-23, nan 
-5.125, -74.125, 1.731102657082858e-23, nan 
-4.875, -74.125, 2.717337516273698e-23, nan 
-4.625, -74.125, 2.6451687122615948e-23, nan 
-4.375, -74.125, 1.782318458943605e-23, nan 
-4.125, -74.125, 2.1818007204816094e-23, nan 
-3.875, -74.125, 2.7880588734834427e-23, nan 
-3.625, -74.125, 2.1758151719680506e-23, nan 
-3.375, -74.125, 1.2919039323360599e-23, nan 
-3.125, -74.125, 1.6963455661880928e-23, nan 
-2.875, -74.125, 1.3153498539823052e-23, nan 
-30.125, -73.875, 3.9380102701404306e-24, nan 
-29.875, -73.875, 9.91071444381983e-24, nan 
-29.625, -73.875, 1.4100548000865396e-23, nan 
-29.375, -73.875, 1.1980928540833468e-23, nan 
-29.125, -73.875, 1.7094415989752945e-23, nan 
-28.875, -73.875, 1.4212670932009538e-23, nan 
-28.625, -73.875, 1.3745054271135924e-23, nan 
-28.375, -73.875, 1.3846655623546506e-23, nan 
-28.125, -73.875, 7.683984581114015e-24, nan 
-27.875, -73.875, 4.1641680011999315e-24, nan 
-27.625, -73.875, 6.238840628698986e-24, nan 
-27.375, -73.875, 8.479606916684016e-24, nan 
-27.125, -73.875, 1.2574273254982556e-23, nan 
-26.875, -73.875, 7.781797728336288e-24, nan 
-26.625, -73.875, 9.673165115811344e-24, nan 
-26.375, -73.875, 2.110205154717526e-23, nan 
-26.125, -73.875, 1.5776305721547323e-23, nan 
-25.875, -73.875, 1.1210712050003322e-23, nan 
-25.625, -73.875, 1.5474563215817274e-23, nan 
-25.375, -73.875, 9.702803460598852e-24, nan 
-25.125, -73.875, 1.1276266340216405e-23, nan 
-24.875, -73.875, 1.5694592253364814e-23, nan 
-24.625, -73.875, 4.7908616763417134e-24, nan 
-24.375, -73.875, 5.327482123951747e-24, nan 
-24.125, -73.875, 1.0275835129786495e-23, nan 
-23.875, -73.875, 5.251654974675099e-24, nan 
-23.625, -73.875, 2.748830767972728e-24, nan 
-23.375, -73.875, 7.880247302897127e-24, nan 
-23.125, -73.875, 1.2824871315308542e-23, nan 
-22.875, -73.875, 1.5038554769473827e-23, nan 
-22.625, -73.875, 1.0735977576217904e-23, nan 
-22.375, -73.875, 1.6990768180438125e-23, nan 
-22.125, -73.875, 1.7296727470384344e-23, nan 
-21.875, -73.875, 1.4656445441697906e-23, nan 
-21.625, -73.875, 1.1174543055188443e-23, nan 
-21.375, -73.875, 1.1213955449965759e-23, nan 
-21.125, -73.875, 1.2496246198468446e-23, nan 
-20.875, -73.875, 1.3583165105615128e-23, nan 
-20.625, -73.875, 8.749205202338088e-24, nan 
-20.375, -73.875, 1.0029310252256411e-23, nan 
-20.125, -73.875, 8.466664966959418e-24, nan 
-19.875, -73.875, 1.6860745361604004e-24, nan 
-19.625, -73.875, 2.336005693113162e-24, nan 
-19.375, -73.875, 1.5650676537695991e-24, nan 
-19.125, -73.875, 1.5720024701391488e-24, nan 
-18.875, -73.875, 2.4312769867239076e-24, nan 
-18.625, -73.875, 1.663245772487165e-24, nan 
-18.375, -73.875, 1.6265096791537226e-24, nan 
-18.125, -73.875, 2.9029556010616376e-24, nan 
-17.875, -73.875, 3.2274354992898776e-24, nan 
-17.625, -73.875, 2.8657992370993447e-24, nan 
-17.375, -73.875, 3.053590953874798e-24, nan 
-17.125, -73.875, 4.868605520102995e-24, nan 
-16.875, -73.875, 4.3503598712776495e-24, nan 
-16.625, -73.875, 6.350942908223599e-24, nan 
-16.375, -73.875, 6.659918317595168e-24, nan 
-16.125, -73.875, 6.69328123988136e-24, nan 
-15.875, -73.875, 5.024051598659273e-24, nan 
-15.625, -73.875, 4.738037443577448e-24, nan 
-15.375, -73.875, 4.051515732515026e-24, nan 
-15.125, -73.875, 3.661750056870799e-24, nan 
-14.875, -73.875, 3.982989034418509e-24, nan 
-14.625, -73.875, 2.664257658670731e-24, nan 
-14.375, -73.875, 3.482218219730364e-24, nan 
-14.125, -73.875, 4.269753327634036e-24, nan 
-13.875, -73.875, 3.6548107953561776e-24, nan 
-13.625, -73.875, 2.5136876533783093e-24, nan 
-13.375, -73.875, 1.0070488723930987e-23, nan 
-13.125, -73.875, 1.0860048166719695e-23, nan 
-12.875, -73.875, 3.1677041055941427e-24, nan 
-12.625, -73.875, 1.1343213326059338e-23, nan 
-12.375, -73.875, 7.002853200268737e-24, nan 
-12.125, -73.875, 2.8760842995475652e-24, nan 
-11.875, -73.875, 1.829173839876143e-24, nan 
-11.625, -73.875, 1.768274556930136e-24, nan 
-11.375, -73.875, 1.2004548409403785e-24, nan 
-11.125, -73.875, 7.75823330208015e-25, nan 
-10.875, -73.875, 1.0088887730837262e-24, nan 
-10.625, -73.875, 1.5613127515355719e-24, nan 
-10.375, -73.875, 2.5320775871007836e-24, nan 
-10.125, -73.875, 3.4275256879871826e-24, nan 
-9.875, -73.875, 9.830134264153837e-24, nan 
-9.625, -73.875, 9.677927263163596e-24, nan 
-9.375, -73.875, 3.604310100261262e-24, nan 
-9.125, -73.875, 1.5602326473793774e-23, nan 
-8.875, -73.875, 2.0134684401410303e-23, nan 
-8.625, -73.875, 7.2597510319322e-24, nan 
-8.375, -73.875, 1.1296829482822604e-23, nan 
-8.125, -73.875, 1.325243463816041e-23, nan 
-7.875, -73.875, 6.66759960544593e-24, nan 
-7.625, -73.875, 9.725103553848994e-24, nan 
-7.375, -73.875, 5.3974342177114644e-24, nan 
-7.125, -73.875, 8.707297377917099e-24, nan 
-6.875, -73.875, 1.0631375869086552e-23, nan 
-6.625, -73.875, 6.702554598316825e-24, nan 
-6.375, -73.875, 1.506898732043049e-23, nan 
-6.125, -73.875, 5.40965541058019e-24, nan 
-5.875, -73.875, 1.9029784471093167e-23, nan 
-5.625, -73.875, 2.873554341210171e-23, nan 
-5.375, -73.875, 1.966820248640032e-23, nan 
-5.125, -73.875, 1.9798238803716618e-23, nan 
-4.875, -73.875, 4.4643461435896044e-23, nan 
-4.625, -73.875, 4.345032137836013e-23, nan 
-4.375, -73.875, 2.6536999228350906e-23, nan 
-4.125, -73.875, 2.7110385551797724e-23, nan 
-3.875, -73.875, 2.8910406274138957e-23, nan 
-3.625, -73.875, 2.0552789156208044e-23, nan 
-3.375, -73.875, 1.2680383507434606e-24, nan 
-3.125, -73.875, 2.7499267043073464e-24, nan 
-2.875, -73.875, 1.983618836078044e-24, nan 
-2.625, -73.875, 9.973556583948667e-25, nan 
-29.875, -73.625, 1.7488225052306495e-23, nan 
-29.625, -73.625, 1.6511545397194434e-23, nan 
-29.375, -73.625, 1.7545498978801846e-23, nan 
-29.125, -73.625, 1.967497430132632e-23, nan 
-28.875, -73.625, 1.601404892449973e-23, nan 
-28.625, -73.625, 2.1657226266230602e-23, nan 
-28.375, -73.625, 1.1614869298619691e-23, nan 
-28.125, -73.625, 6.610160467796591e-24, nan 
-27.875, -73.625, 1.1143607764917329e-23, nan 
-27.625, -73.625, 1.1098737409968032e-23, nan 
-27.375, -73.625, 1.0197914395523675e-23, nan 
-27.125, -73.625, 8.77552231695124e-24, nan 
-26.875, -73.625, 8.811237611144338e-24, nan 
-26.625, -73.625, 8.904845622121017e-24, nan 
-26.375, -73.625, 9.557352818814029e-24, nan 
-26.125, -73.625, 7.033470402997103e-24, nan 
-25.875, -73.625, 6.96293477258979e-24, nan 
-25.625, -73.625, 4.401890716870818e-24, nan 
-25.375, -73.625, 1.8969076545378443e-24, nan 
-25.125, -73.625, 6.977676815700365e-24, nan 
-24.875, -73.625, 6.300883966896998e-24, nan 
-24.625, -73.625, 2.112399828024157e-24, nan 
-24.375, -73.625, 3.970251680171643e-24, nan 
-24.125, -73.625, 5.3888935125055156e-24, nan 
-23.875, -73.625, 4.781726699182439e-24, nan 
-23.625, -73.625, 4.876170697136815e-24, nan 
-23.375, -73.625, 3.670796859281356e-24, nan 
-23.125, -73.625, 3.8693551218327224e-24, nan 
-22.875, -73.625, 5.119616433278608e-24, nan 
-22.625, -73.625, 5.819145061205385e-24, nan 
-22.375, -73.625, 9.191315634958856e-24, nan 
-22.125, -73.625, 8.939661135358389e-24, nan 
-21.875, -73.625, 9.460466153736663e-24, nan 
-21.625, -73.625, 9.06695314703123e-24, nan 
-21.375, -73.625, 7.917901560640622e-24, nan 
-21.125, -73.625, 7.34671596679273e-24, nan 
-20.875, -73.625, 8.41924419328263e-24, nan 
-20.625, -73.625, 2.383056991986188e-24, nan 
-20.375, -73.625, 1.8474062976883042e-24, nan 
-20.125, -73.625, 2.5243038728927984e-24, nan 
-19.875, -73.625, 3.346077412978655e-24, nan 
-19.625, -73.625, 2.452046992644898e-24, nan 
-19.375, -73.625, 1.762373737550451e-24, nan 
-19.125, -73.625, 1.7766909123332375e-24, nan 
-18.875, -73.625, 1.5732231382762376e-24, nan 
-18.625, -73.625, 3.5472063151341073e-25, nan 
-18.375, -73.625, 6.50537170760304e-25, nan 
-18.125, -73.625, 1.8255729188227313e-24, nan 
-17.875, -73.625, 1.7120374968132122e-24, nan 
-17.625, -73.625, 2.4351144823437785e-24, nan 
-17.375, -73.625, 7.509643420613444e-24, nan 
-17.125, -73.625, 7.013063065485108e-24, nan 
-16.875, -73.625, 8.283627320620593e-24, nan 
-16.625, -73.625, 7.443825020497691e-24, nan 
-16.375, -73.625, 5.21828225987215e-24, nan 
-16.125, -73.625, 9.690757990538702e-24, nan 
-15.875, -73.625, 1.1206927164660612e-23, nan 
-15.625, -73.625, 3.061057715889564e-24, nan 
-15.375, -73.625, 3.631808217481366e-24, nan 
-15.125, -73.625, 4.126553192000494e-24, nan 
-14.875, -73.625, 3.975070077386836e-24, nan 
-14.625, -73.625, 4.260490427017545e-24, nan 
-14.375, -73.625, 4.370552021808158e-24, nan 
-14.125, -73.625, 1.2648999830484666e-23, nan 
-13.875, -73.625, 1.2763285203297888e-23, nan 
-13.625, -73.625, 8.761436545085778e-24, nan 
-13.375, -73.625, 1.589926036687831e-23, nan 
-13.125, -73.625, 1.7461383123346097e-23, nan 
-12.875, -73.625, 9.569123799868044e-24, nan 
-12.625, -73.625, 1.830098053233262e-23, nan 
-12.375, -73.625, 1.3767643132695542e-23, nan 
-12.125, -73.625, 5.272866775149711e-24, nan 
-11.875, -73.625, 1.4268741035407872e-23, nan 
-11.625, -73.625, 9.846581929049857e-24, nan 
-11.375, -73.625, 4.0076647580418195e-24, nan 
-11.125, -73.625, 1.3164725267053215e-24, nan 
-10.875, -73.625, 1.1328238583653076e-24, nan 
-10.625, -73.625, 1.4517998780422068e-24, nan 
-10.375, -73.625, 5.644673997895879e-24, nan 
-10.125, -73.625, 4.4319330074886504e-24, nan 
-9.875, -73.625, 2.9886170780656162e-24, nan 
-9.625, -73.625, 8.620227275878813e-24, nan 
-9.375, -73.625, 7.597222947123402e-24, nan 
-9.125, -73.625, 1.0193358767594324e-23, nan 
-8.875, -73.625, 1.3435469517726485e-23, nan 
-8.625, -73.625, 1.0706488497114808e-23, nan 
-8.375, -73.625, 1.600289860820894e-23, nan 
-8.125, -73.625, 1.369078014687069e-23, nan 
-7.875, -73.625, 1.1700730368672943e-23, nan 
-7.625, -73.625, 1.3391600085969966e-23, nan 
-7.375, -73.625, 4.214400946786676e-24, nan 
-7.125, -73.625, 3.1445060836107994e-24, nan 
-6.875, -73.625, 1.2748636832570403e-23, nan 
-6.625, -73.625, 1.5954876017023976e-23, nan 
-6.375, -73.625, 1.5880039364908562e-23, nan 
-6.125, -73.625, 1.5938100642370258e-23, nan 
-5.875, -73.625, 2.4177730875175723e-23, nan 
-5.625, -73.625, 2.4627629275362323e-23, nan 
-5.375, -73.625, 8.12167555872434e-24, nan 
-5.125, -73.625, 1.438997310515625e-23, nan 
-4.875, -73.625, 2.41430357861269e-23, nan 
-4.625, -73.625, 2.171458247973989e-23, nan 
-4.375, -73.625, 1.7194531688639812e-23, nan 
-4.125, -73.625, 2.7574038141387373e-24, nan 
-3.875, -73.625, 2.850518661039465e-24, nan 
-3.625, -73.625, 1.7320927067597284e-24, nan 
-3.375, -73.625, 2.78041185298365e-24, nan 
-3.125, -73.625, 5.757500129544451e-24, nan 
-2.875, -73.625, 4.121203291260917e-24, nan 
-2.625, -73.625, 3.411751029399951e-24, nan 
-2.375, -73.625, 4.8913513773594695e-24, nan 
-2.125, -73.625, 4.571702168402889e-24, nan 
-29.875, -73.375, 1.1799705468988472e-23, nan 
-29.625, -73.375, 1.1266832767121012e-23, nan 
-29.375, -73.375, 5.823299055818428e-24, nan 
-29.125, -73.375, 7.555518969332203e-24, nan 
-28.875, -73.375, 1.048394150885962e-23, nan 
-28.625, -73.375, 1.1681803749769592e-23, nan 
-28.375, -73.375, 1.0042548890681311e-23, nan 
-28.125, -73.375, 8.324693115945501e-24, nan 
-27.875, -73.375, 8.188571420904817e-24, nan 
-27.625, -73.375, 9.14144997550341e-24, nan 
-27.375, -73.375, 8.233257580972956e-24, nan 
-27.125, -73.375, 1.048196208138058e-23, nan 
-26.875, -73.375, 1.176476464467486e-23, nan 
-26.625, -73.375, 8.28821517177324e-24, nan 
-26.375, -73.375, 6.945546562299908e-24, nan 
-26.125, -73.375, 8.560985065447135e-24, nan 
-25.875, -73.375, 5.814169724638239e-24, nan 
-25.625, -73.375, 3.7833679509639266e-24, nan 
-25.375, -73.375, 4.813562114857528e-24, nan 
-25.125, -73.375, 4.973754316755888e-24, nan 
-24.875, -73.375, 5.82249565461985e-24, nan 
-24.625, -73.375, 5.5952382896780665e-24, nan 
-24.375, -73.375, 4.397237563635303e-24, nan 
-24.125, -73.375, 7.408438706448495e-24, nan 
-23.875, -73.375, 5.375291149307487e-24, nan 
-23.625, -73.375, 6.925033025243157e-24, nan 
-23.375, -73.375, 8.80658261799787e-24, nan 
-23.125, -73.375, 8.36068757541234e-24, nan 
-22.875, -73.375, 8.299686456150157e-24, nan 
-22.625, -73.375, 6.962503848739233e-24, nan 
-22.375, -73.375, 1.0682261117367875e-23, nan 
-22.125, -73.375, 9.84798965342553e-24, nan 
-21.875, -73.375, 7.651699941274347e-24, nan 
-21.625, -73.375, 5.071625262216279e-24, nan 
-21.375, -73.375, 5.211407201933712e-24, nan 
-21.125, -73.375, 6.23331001083237e-24, nan 
-20.875, -73.375, 5.350483353406215e-24, nan 
-20.625, -73.375, 5.472494008946996e-24, nan 
-20.375, -73.375, 4.9429118534793024e-24, nan 
-20.125, -73.375, 8.141281336385136e-24, nan 
-19.875, -73.375, 9.118582643141999e-24, nan 
-19.625, -73.375, 5.835640350711613e-24, nan 
-19.375, -73.375, 5.512358899431754e-24, nan 
-19.125, -73.375, 5.15462435114276e-24, nan 
-18.875, -73.375, 4.2121753566471534e-24, nan 
-18.625, -73.375, 2.2935524095931744e-24, nan 
-18.375, -73.375, 3.0019989678917143e-24, nan 
-18.125, -73.375, 4.543815126287444e-24, nan 
-17.875, -73.375, 5.751195109233678e-24, nan 
-17.625, -73.375, 7.632934016288403e-24, nan 
-17.375, -73.375, 6.455476225745201e-24, nan 
-17.125, -73.375, 1.2144609414982462e-23, nan 
-16.875, -73.375, 1.9576395391164315e-23, nan 
-16.625, -73.375, 1.914843642159984e-23, nan 
-16.375, -73.375, 2.1575926101785e-23, nan 
-16.125, -73.375, 2.910584172930809e-23, nan 
-15.875, -73.375, 2.976009052183422e-23, nan 
-15.625, -73.375, 2.975223348634129e-23, nan 
-15.375, -73.375, 1.540106078670131e-23, nan 
-15.125, -73.375, 1.622129863167359e-23, nan 
-14.875, -73.375, 6.187223108150771e-24, nan 
-14.625, -73.375, 8.456665334134444e-24, nan 
-14.375, -73.375, 1.432828844198581e-23, nan 
-14.125, -73.375, 1.2824235525657692e-23, nan 
-13.875, -73.375, 1.265636237186081e-23, nan 
-13.625, -73.375, 1.919361141484488e-23, nan 
-13.375, -73.375, 1.550819773130221e-23, nan 
-13.125, -73.375, 1.7765879470806907e-23, nan 
-12.875, -73.375, 2.123299425169531e-23, nan 
-12.625, -73.375, 1.7771557391953303e-23, nan 
-12.375, -73.375, 1.1557494135073021e-23, nan 
-12.125, -73.375, 1.4267797787224435e-23, nan 
-11.875, -73.375, 1.4065660314481072e-23, nan 
-11.625, -73.375, 4.1918842013073904e-24, nan 
-11.375, -73.375, 2.0298137135883122e-24, nan 
-11.125, -73.375, 2.9167697303380818e-24, nan 
-10.875, -73.375, 2.8911383169244697e-24, nan 
-10.625, -73.375, 8.225624607679466e-24, nan 
-10.375, -73.375, 1.1023370351713067e-23, nan 
-10.125, -73.375, 1.1707647646844625e-23, nan 
-9.875, -73.375, 8.677134195101967e-24, nan 
-9.625, -73.375, 3.4197350278718894e-24, nan 
-9.375, -73.375, 6.024462651023597e-24, nan 
-9.125, -73.375, 1.0197981825819335e-23, nan 
-8.875, -73.375, 1.1641085299744884e-23, nan 
-8.625, -73.375, 9.650630198683572e-24, nan 
-8.375, -73.375, 1.3449320851251822e-23, nan 
-8.125, -73.375, 2.1311018763503966e-23, nan 
-7.875, -73.375, 1.9613980862806016e-23, nan 
-7.625, -73.375, 1.7595074831543897e-23, nan 
-7.375, -73.375, 1.708795800101958e-23, nan 
-7.125, -73.375, 1.9957308615483395e-23, nan 
-6.875, -73.375, 1.4849662817698944e-23, nan 
-6.625, -73.375, 7.963323399520518e-24, nan 
-6.375, -73.375, 2.755760797478458e-24, nan 
-6.125, -73.375, 9.154344188893771e-24, nan 
-5.875, -73.375, 1.2228205685427154e-23, nan 
-5.625, -73.375, 1.1530489739209998e-23, nan 
-5.375, -73.375, 4.1576676852652384e-24, nan 
-5.125, -73.375, 6.977541133067582e-24, nan 
-4.875, -73.375, 3.035473569900828e-24, nan 
-4.625, -73.375, 2.9367435897829044e-24, nan 
-4.375, -73.375, 1.906884607862439e-24, nan 
-4.125, -73.375, 1.685218916137081e-24, nan 
-3.875, -73.375, 1.389952876356802e-24, nan 
-3.625, -73.375, 1.3909229282620572e-24, nan 
-3.375, -73.375, 3.130778005245335e-24, nan 
-3.125, -73.375, 5.0479695859293915e-24, nan 
-2.875, -73.375, 6.1641133962021224e-24, nan 
-2.625, -73.375, 4.09663572187243e-24, nan 
-2.375, -73.375, 1.8269779176328543e-23, nan 
-2.125, -73.375, 2.310796412245926e-23, nan 
-1.875, -73.375, 2.5267900990782978e-23, nan 
-1.625, -73.375, 1.4161818050311082e-23, nan 
-29.625, -73.125, 7.868176651918786e-24, nan 
-29.375, -73.125, 5.6404025836547575e-24, nan 
-29.125, -73.125, 6.306865088136506e-24, nan 
-28.875, -73.125, 3.2060771652379772e-24, nan 
-28.625, -73.125, 3.633243934280027e-24, nan 
-28.375, -73.125, 3.2663089362823593e-24, nan 
-28.125, -73.125, 8.183469094904793e-24, nan 
-27.875, -73.125, 7.196399610957877e-24, nan 
-27.625, -73.125, 7.023656620828228e-24, nan 
-27.375, -73.125, 9.241032728616252e-24, nan 
-27.125, -73.125, 1.0127448333096265e-23, nan 
-26.875, -73.125, 9.858159621060432e-24, nan 
-26.625, -73.125, 7.764533425062926e-24, nan 
-26.375, -73.125, 9.870852082269418e-24, nan 
-26.125, -73.125, 1.3983517638093238e-23, nan 
-25.875, -73.125, 1.1627824801060722e-23, nan 
-25.625, -73.125, 8.869083558976527e-24, nan 
-25.375, -73.125, 1.2105578539124484e-23, nan 
-25.125, -73.125, 1.0923030554473663e-23, nan 
-24.875, -73.125, 7.06892304850568e-24, nan 
-24.625, -73.125, 7.232657160126062e-24, nan 
-24.375, -73.125, 6.464383576131075e-24, nan 
-24.125, -73.125, 4.966781215452569e-24, nan 
-23.875, -73.125, 4.3488166293408795e-24, nan 
-23.625, -73.125, 6.857516429673352e-24, nan 
-23.375, -73.125, 8.185170000103384e-24, nan 
-23.125, -73.125, 6.4620911989204266e-24, nan 
-22.875, -73.125, 7.999078030710178e-24, nan 
-22.625, -73.125, 7.710031675044777e-24, nan 
-22.375, -73.125, 1.1681509247125845e-23, nan 
-22.125, -73.125, 1.4264743458263465e-23, nan 
-21.875, -73.125, 1.3009849935658907e-23, nan 
-21.625, -73.125, 1.0326607037254576e-23, nan 
-21.375, -73.125, 1.339175092339535e-23, nan 
-21.125, -73.125, 1.2237097561089322e-23, nan 
-20.875, -73.125, 6.784507416003551e-24, nan 
-20.625, -73.125, 6.513052876557006e-24, nan 
-20.375, -73.125, 5.618467288150481e-24, nan 
-20.125, -73.125, 6.71560712861632e-24, nan 
-19.875, -73.125, 8.491578807251352e-24, nan 
-19.625, -73.125, 6.715919066185372e-24, nan 
-19.375, -73.125, 5.898408232951141e-24, nan 
-19.125, -73.125, 5.5573727038878404e-24, nan 
-18.875, -73.125, 4.84293761937593e-24, nan 
-18.625, -73.125, 3.460895982688556e-24, nan 
-18.375, -73.125, 3.795767213622937e-24, nan 
-18.125, -73.125, 2.4664642116979965e-24, nan 
-17.875, -73.125, 3.844934364997105e-24, nan 
-17.625, -73.125, 5.113640540092156e-24, nan 
-17.375, -73.125, 9.383939425211817e-24, nan 
-17.125, -73.125, 2.903055165050241e-23, nan 
-16.875, -73.125, 3.741026427937462e-23, nan 
-16.625, -73.125, 2.927397008759696e-23, nan 
-16.375, -73.125, 4.3245542312037935e-23, nan 
-16.125, -73.125, 5.719362500055984e-23, nan 
-15.875, -73.125, 5.638230081650813e-23, nan 
-15.625, -73.125, 5.370274950083215e-23, nan 
-15.375, -73.125, 2.8986479602023697e-23, nan 
-15.125, -73.125, 3.76174432101893e-23, nan 
-14.875, -73.125, 3.463091670872821e-23, nan 
-14.625, -73.125, 1.0055361666209842e-23, nan 
-14.375, -73.125, 6.741302971039036e-24, nan 
-14.125, -73.125, 6.128963652445838e-24, nan 
-13.875, -73.125, 6.483358841416878e-24, nan 
-13.625, -73.125, 1.0525977342205514e-23, nan 
-13.375, -73.125, 1.077523048777068e-23, nan 
-13.125, -73.125, 1.2272146673367036e-23, nan 
-12.875, -73.125, 1.339027206794973e-23, nan 
-12.625, -73.125, 1.1491323965253475e-23, nan 
-12.375, -73.125, 3.116036044038755e-24, nan 
-12.125, -73.125, 2.1400010414911325e-24, nan 
-11.875, -73.125, 2.134170310783606e-24, nan 
-11.625, -73.125, 2.417794687464489e-24, nan 
-11.375, -73.125, 7.745834980016161e-24, nan 
-11.125, -73.125, 1.0006080776796857e-23, nan 
-10.875, -73.125, 8.897556488291005e-24, nan 
-10.625, -73.125, 1.1998810068401315e-23, nan 
-10.375, -73.125, 1.8348622008839812e-23, nan 
-10.125, -73.125, 1.7770259186981237e-23, nan 
-9.875, -73.125, 1.2101851561769677e-23, nan 
-9.625, -73.125, 1.1510703164128885e-23, nan 
-9.375, -73.125, 1.0398325468857673e-23, nan 
-9.125, -73.125, 1.209445432107998e-23, nan 
-8.875, -73.125, 1.2759292098254435e-23, nan 
-8.625, -73.125, 1.4190044634322103e-23, nan 
-8.375, -73.125, 9.108723365693586e-24, nan 
-8.125, -73.125, 1.1654350604203997e-23, nan 
-7.875, -73.125, 1.5468283725302585e-23, nan 
-7.625, -73.125, 2.0510527760075605e-23, nan 
-7.375, -73.125, 1.7847837055466187e-23, nan 
-7.125, -73.125, 2.4127296768953098e-23, nan 
-6.875, -73.125, 2.891703296552065e-23, nan 
-6.625, -73.125, 2.245938180298761e-23, nan 
-6.375, -73.125, 2.905833828076844e-23, nan 
-6.125, -73.125, 2.6473088990104324e-23, nan 
-5.875, -73.125, 2.772869622200156e-23, nan 
-5.625, -73.125, 2.316095723560728e-23, nan 
-5.375, -73.125, 2.2065243210141062e-23, nan 
-5.125, -73.125, 2.2135862103314293e-23, nan 
-4.875, -73.125, 2.2114519695232063e-23, nan 
-4.625, -73.125, 5.133748465692247e-24, nan 
-4.375, -73.125, 4.601981104422951e-24, nan 
-4.125, -73.125, 4.906526077424029e-24, nan 
-3.875, -73.125, 6.140526266551339e-24, nan 
-3.625, -73.125, 1.9451312328749743e-23, nan 
-3.375, -73.125, 1.0977125762584174e-23, nan 
-3.125, -73.125, 2.3001808769719932e-23, nan 
-2.875, -73.125, 2.9383071588576645e-23, nan 
-2.625, -73.125, 3.6667353420139714e-23, nan 
-2.375, -73.125, 3.196276432588153e-23, nan 
-2.125, -73.125, 4.564732510745633e-23, nan 
-1.875, -73.125, 5.026686509098806e-23, nan 
-1.625, -73.125, 2.678863373166034e-23, nan 
-1.375, -73.125, 3.824915792622961e-23, nan 
-29.375, -72.875, 5.198740202595395e-24, nan 
-29.125, -72.875, 3.7404231106443134e-24, nan 
-28.875, -72.875, 3.632489704815935e-24, nan 
-28.625, -72.875, 3.521048039844961e-24, nan 
-28.375, -72.875, 3.703470578177167e-24, nan 
-28.125, -72.875, 4.3750948003912945e-24, nan 
-27.875, -72.875, 5.44370084675517e-24, nan 
-27.625, -72.875, 6.620352743957196e-24, nan 
-27.375, -72.875, 9.771025402162979e-24, nan 
-27.125, -72.875, 5.803140933644591e-24, nan 
-26.875, -72.875, 6.929315815912327e-24, nan 
-26.625, -72.875, 1.128144564017128e-23, nan 
-26.375, -72.875, 5.87366177794921e-24, nan 
-26.125, -72.875, 9.340854649601611e-24, nan 
-25.875, -72.875, 1.0330567651515198e-23, nan 
-25.625, -72.875, 4.521886750056323e-24, nan 
-25.375, -72.875, 4.685372464702744e-24, nan 
-25.125, -72.875, 5.916649223754637e-24, nan 
-24.875, -72.875, 6.96508127136267e-24, nan 
-24.625, -72.875, 6.994956795942978e-24, nan 
-24.375, -72.875, 6.307116561976691e-24, nan 
-24.125, -72.875, 6.577005318723929e-24, nan 
-23.875, -72.875, 5.4906596053888945e-24, nan 
-23.625, -72.875, 5.074686854167227e-24, nan 
-23.375, -72.875, 5.451856513919076e-24, nan 
-23.125, -72.875, 1.657353368352669e-24, nan 
-22.875, -72.875, 3.2164250938796588e-24, nan 
-22.625, -72.875, 3.75516093500517e-24, nan 
-22.375, -72.875, 2.4895533663673698e-24, nan 
-22.125, -72.875, 4.730236223621988e-24, nan 
-21.875, -72.875, 1.5168184419222913e-23, nan 
-21.625, -72.875, 1.6567585193431062e-23, nan 
-21.375, -72.875, 1.5967594183698762e-23, nan 
-21.125, -72.875, 1.569481509600439e-23, nan 
-20.875, -72.875, 1.6555067249208067e-23, nan 
-20.625, -72.875, 1.7033488959309663e-23, nan 
-20.375, -72.875, 8.45499444549159e-24, nan 
-20.125, -72.875, 4.615918597158584e-24, nan 
-19.875, -72.875, 4.5893693032385214e-24, nan 
-19.625, -72.875, 4.614080747223705e-24, nan 
-19.375, -72.875, 5.1665671247443876e-24, nan 
-19.125, -72.875, 6.904786404165158e-24, nan 
-18.875, -72.875, 9.63508966189887e-24, nan 
-18.625, -72.875, 6.969415653869162e-24, nan 
-18.375, -72.875, 4.818177078570276e-24, nan 
-18.125, -72.875, 1.9473203375244606e-24, nan 
-17.875, -72.875, 1.7430946312410896e-24, nan 
-17.625, -72.875, 2.860438868795253e-24, nan 
-17.375, -72.875, 2.345512010456571e-24, nan 
-17.125, -72.875, 3.0879133412540663e-24, nan 
-16.875, -72.875, 5.148822690984693e-24, nan 
-16.625, -72.875, 9.371435413940996e-24, nan 
-16.375, -72.875, 2.595846646248752e-23, nan 
-16.125, -72.875, 3.0044167960791416e-23, nan 
-15.875, -72.875, 3.2393398119224185e-23, nan 
-15.625, -72.875, 3.105493107173769e-23, nan 
-15.375, -72.875, 8.172456059315384e-24, nan 
-15.125, -72.875, 5.7920983303950766e-24, nan 
-14.875, -72.875, 5.237691675013125e-24, nan 
-14.625, -72.875, 5.248122322711911e-24, nan 
-14.375, -72.875, 3.9471106835218415e-24, nan 
-14.125, -72.875, 2.4902860963945675e-24, nan 
-13.875, -72.875, 1.7028381323005436e-24, nan 
-13.625, -72.875, 2.13379318196597e-24, nan 
-13.375, -72.875, 2.7666344584145852e-24, nan 
-13.125, -72.875, 2.7702802995411635e-24, nan 
-12.875, -72.875, 7.020420012338233e-24, nan 
-12.625, -72.875, 8.762858289541065e-24, nan 
-12.375, -72.875, 1.657907671331319e-24, nan 
-12.125, -72.875, 4.204791056474883e-24, nan 
-11.875, -72.875, 7.026909476418682e-24, nan 
-11.625, -72.875, 6.5614485099497484e-24, nan 
-11.375, -72.875, 6.450343418559087e-24, nan 
-11.125, -72.875, 3.474835572069972e-24, nan 
-10.875, -72.875, 1.3843484276219568e-24, nan 
-10.625, -72.875, 6.0917140471793004e-24, nan 
-10.375, -72.875, 8.072076033159513e-24, nan 
-10.125, -72.875, 7.960192585863222e-24, nan 
-9.875, -72.875, 9.342247708578711e-24, nan 
-9.625, -72.875, 5.51931026364929e-24, nan 
-9.375, -72.875, 3.1828860056479888e-24, nan 
-9.125, -72.875, 1.4921085163841695e-23, nan 
-8.875, -72.875, 1.3600157345556126e-23, nan 
-8.625, -72.875, 2.6439894185885426e-23, nan 
-8.375, -72.875, 1.9292836200499717e-23, nan 
-8.125, -72.875, 1.775985123573909e-23, nan 
-7.875, -72.875, 2.601843409925297e-23, nan 
-7.625, -72.875, 1.735104626668277e-23, nan 
-7.375, -72.875, 1.5504002272825798e-23, nan 
-7.125, -72.875, 1.0802210736751193e-23, nan 
-6.875, -72.875, 2.4564469774145284e-23, nan 
-6.625, -72.875, 2.0261695456079174e-23, nan 
-6.375, -72.875, 2.60461490250318e-23, nan 
-6.125, -72.875, 2.78597280231704e-23, nan 
-5.875, -72.875, 2.831742697423844e-23, nan 
-5.625, -72.875, 2.4033346831475873e-23, nan 
-5.375, -72.875, 3.2546825453862715e-23, nan 
-5.125, -72.875, 3.3683254564450193e-23, nan 
-4.875, -72.875, 3.385651853341283e-23, nan 
-4.625, -72.875, 3.240619325930878e-23, nan 
-4.375, -72.875, 3.9505085807818337e-23, nan 
-4.125, -72.875, 2.801415974851963e-23, nan 
-3.875, -72.875, 4.917975352082853e-24, nan 
-3.625, -72.875, 3.2972315486713286e-23, nan 
-3.375, -72.875, 2.3120527807968209e-23, nan 
-3.125, -72.875, 4.2112214351632585e-23, nan 
-2.875, -72.875, 3.91777488817401e-23, nan 
-2.625, -72.875, 2.93536035960349e-23, nan 
-2.375, -72.875, 3.5495104272774844e-23, nan 
-2.125, -72.875, 3.054034584793594e-23, nan 
-1.875, -72.875, 1.7301456428914043e-23, nan 
-1.625, -72.875, 2.5310843112250345e-23, nan 
-1.375, -72.875, 4.233597296219813e-23, nan 
-1.125, -72.875, 3.6227346596011517e-23, nan 
-0.875, -72.875, 2.826778181142719e-23, nan 
-29.125, -72.625, 3.1533469667916585e-24, nan 
-28.875, -72.625, 3.7954922086079205e-24, nan 
-28.625, -72.625, 4.860597362475861e-24, nan 
-28.375, -72.625, 3.800239813740466e-24, nan 
-28.125, -72.625, 4.974643938923904e-24, nan 
-27.875, -72.625, 6.506855344448996e-24, nan 
-27.625, -72.625, 5.364907193747025e-24, nan 
-27.375, -72.625, 5.392092981249671e-24, nan 
-27.125, -72.625, 4.6418693339075415e-24, nan 
-26.875, -72.625, 9.696102278067805e-24, nan 
-26.625, -72.625, 1.1522638432263433e-23, nan 
-26.375, -72.625, 1.0043086457431989e-23, nan 
-26.125, -72.625, 1.1095707521059323e-23, nan 
-25.875, -72.625, 1.2133597405182208e-23, nan 
-25.625, -72.625, 6.084266177183986e-24, nan 
-25.375, -72.625, 5.83593569501005e-24, nan 
-25.125, -72.625, 5.674534706347802e-24, nan 
-24.875, -72.625, 6.001049506427541e-24, nan 
-24.625, -72.625, 6.613721621185119e-24, nan 
-24.375, -72.625, 4.710823351955466e-24, nan 
-24.125, -72.625, 3.95812910141752e-24, nan 
-23.875, -72.625, 3.753240875993767e-24, nan 
-23.625, -72.625, 4.808017106701076e-24, nan 
-23.375, -72.625, 4.230247899889043e-24, nan 
-23.125, -72.625, 3.996954228431539e-24, nan 
-22.875, -72.625, 3.413226764630905e-24, nan 
-22.625, -72.625, 3.1839018135000543e-24, nan 
-22.375, -72.625, 3.5874924811008196e-24, nan 
-22.125, -72.625, 4.120367530186955e-24, nan 
-21.875, -72.625, 6.825772492488897e-24, nan 
-21.625, -72.625, 1.9210715954781047e-23, nan 
-21.375, -72.625, 2.256448765677437e-23, nan 
-21.125, -72.625, 2.057386065784884e-23, nan 
-20.875, -72.625, 2.0292666340283837e-23, nan 
-20.625, -72.625, 2.5226111647765672e-23, nan 
-20.375, -72.625, 1.9079148093298286e-23, nan 
-20.125, -72.625, 5.122961504386916e-24, nan 
-19.875, -72.625, 1.0435345967183682e-23, nan 
-19.625, -72.625, 9.281645441942e-24, nan 
-19.375, -72.625, 6.699735724747794e-24, nan 
-19.125, -72.625, 8.51959497423837e-24, nan 
-18.875, -72.625, 1.3865625393836795e-23, nan 
-18.625, -72.625, 8.874294421571024e-24, nan 
-18.375, -72.625, 7.718964459180661e-24, nan 
-18.125, -72.625, 1.0322375592823521e-23, nan 
-17.875, -72.625, 6.56291694471982e-24, nan 
-17.625, -72.625, 4.899836978387939e-24, nan 
-17.375, -72.625, 2.8716790564476732e-24, nan 
-17.125, -72.625, 3.1155614431557725e-24, nan 
-16.875, -72.625, 5.3378239632510794e-24, nan 
-16.625, -72.625, 3.774818975077283e-24, nan 
-16.375, -72.625, 3.6416131472916294e-24, nan 
-16.125, -72.625, 2.7575144975161337e-24, nan 
-15.875, -72.625, 3.916758317299096e-24, nan 
-15.625, -72.625, 3.440478025735451e-24, nan 
-15.375, -72.625, 3.3207368810766444e-24, nan 
-15.125, -72.625, 3.2651860896127818e-24, nan 
-14.875, -72.625, 2.2042350821309313e-24, nan 
-14.625, -72.625, 2.0937033703817267e-24, nan 
-14.375, -72.625, 1.8346200356935377e-24, nan 
-14.125, -72.625, 3.674602454807824e-24, nan 
-13.875, -72.625, 2.2326196088952255e-24, nan 
-13.625, -72.625, 7.039525641688312e-24, nan 
-13.375, -72.625, 7.919183184027331e-24, nan 
-13.125, -72.625, 3.614901476397927e-24, nan 
-12.875, -72.625, 1.1914419232802075e-23, nan 
-12.625, -72.625, 1.2952990384317247e-23, nan 
-12.375, -72.625, 7.729618838337227e-24, nan 
-12.125, -72.625, 6.028327546799749e-24, nan 
-11.875, -72.625, 9.717965745769794e-24, nan 
-11.625, -72.625, 1.348051854460168e-23, nan 
-11.375, -72.625, 1.1108455370177762e-23, nan 
-11.125, -72.625, 8.22048070716893e-24, nan 
-10.875, -72.625, 7.996754910920237e-24, nan 
-10.625, -72.625, 7.478015800350886e-24, nan 
-10.375, -72.625, 4.587542112991775e-24, nan 
-10.125, -72.625, 2.696106110597783e-24, nan 
-9.875, -72.625, 6.879542339992591e-24, nan 
-9.625, -72.625, 7.739783083572383e-24, nan 
-9.375, -72.625, 1.0714525487027804e-23, nan 
-9.125, -72.625, 1.7091008355883996e-23, nan 
-8.875, -72.625, 2.5580908456209316e-23, nan 
-8.625, -72.625, 2.4230389756468298e-23, nan 
-8.375, -72.625, 1.7595557301198692e-23, nan 
-8.125, -72.625, 2.0784296906505618e-23, nan 
-7.875, -72.625, 1.719699492461351e-23, nan 
-7.625, -72.625, 1.2868513654564434e-23, nan 
-7.375, -72.625, 2.0197044585163597e-24, nan 
-7.125, -72.625, 1.9460596132252434e-24, nan 
-6.875, -72.625, 2.6637554743270417e-24, nan 
-6.625, -72.625, 2.5645258866219914e-24, nan 
-6.375, -72.625, 2.2475746067058467e-24, nan 
-6.125, -72.625, 3.1628784387224843e-24, nan 
-5.875, -72.625, 3.562400198101186e-24, nan 
-5.625, -72.625, 1.127084677229381e-24, nan 
-5.375, -72.625, 1.5252807041808316e-24, nan 
-5.125, -72.625, 1.2758859664424803e-24, nan 
-4.875, -72.625, 2.4389110383103014e-23, nan 
-4.625, -72.625, 3.521497442079474e-23, nan 
-4.375, -72.625, 3.591659423729542e-23, nan 
-4.125, -72.625, 3.883181771605784e-23, nan 
-3.875, -72.625, 4.696537775791018e-23, nan 
-3.625, -72.625, 4.337671233274237e-23, nan 
-3.375, -72.625, 3.3251380104609544e-23, nan 
-3.125, -72.625, 4.902858187702993e-23, nan 
-2.875, -72.625, 4.725559074469127e-23, nan 
-2.625, -72.625, 3.1798488279200354e-23, nan 
-2.375, -72.625, 2.5466548920319893e-23, nan 
-2.125, -72.625, 1.1940596513822144e-23, nan 
-1.875, -72.625, 1.559080596482519e-23, nan 
-1.625, -72.625, 1.6223837378213798e-23, nan 
-1.375, -72.625, 2.1635960566378805e-23, nan 
-1.125, -72.625, 2.152295556306256e-23, nan 
-0.875, -72.625, 2.0389186792768532e-23, nan 
-0.625, -72.625, 2.08032874733579e-23, nan 
-28.875, -72.375, 5.56734774655966e-24, nan 
-28.625, -72.375, 4.107632304839202e-24, nan 
-28.375, -72.375, 2.130851400671436e-24, nan 
-28.125, -72.375, 1.3802105626460813e-24, nan 
-27.875, -72.375, 2.4789850926906484e-24, nan 
-27.625, -72.375, 1.5792181836651085e-24, nan 
-27.375, -72.375, 4.2754623252794594e-24, nan 
-27.125, -72.375, 7.026200649831943e-24, nan 
-26.875, -72.375, 2.2707388205591053e-24, nan 
-26.625, -72.375, 1.4063858278041813e-23, nan 
-26.375, -72.375, 2.0183699419062118e-23, nan 
-26.125, -72.375, 1.2673155108748752e-23, nan 
-25.875, -72.375, 2.1736107243699216e-23, nan 
-25.625, -72.375, 2.009387196634424e-23, nan 
-25.375, -72.375, 1.1487918697274927e-23, nan 
-25.125, -72.375, 4.537875065821759e-24, nan 
-24.875, -72.375, 5.435703604947298e-24, nan 
-24.625, -72.375, 4.591343040852799e-24, nan 
-24.375, -72.375, 6.004472229567877e-24, nan 
-24.125, -72.375, 7.819628332941634e-24, nan 
-23.875, -72.375, 7.467855357255738e-24, nan 
-23.625, -72.375, 4.7727201240994456e-24, nan 
-23.375, -72.375, 4.3456644306515636e-24, nan 
-23.125, -72.375, 4.873300467008007e-24, nan 
-22.875, -72.375, 3.7346608026969776e-24, nan 
-22.625, -72.375, 3.570725206270413e-24, nan 
-22.375, -72.375, 6.69535616739798e-24, nan 
-22.125, -72.375, 1.1012830207753108e-23, nan 
-21.875, -72.375, 2.315907226050431e-23, nan 
-21.625, -72.375, 2.9063363612909394e-23, nan 
-21.375, -72.375, 2.7427895477528554e-23, nan 
-21.125, -72.375, 1.9220691304657533e-23, nan 
-20.875, -72.375, 2.3783951771364732e-23, nan 
-20.625, -72.375, 2.079886591313825e-23, nan 
-20.375, -72.375, 7.031450303367646e-24, nan 
-20.125, -72.375, 1.1139835010744854e-23, nan 
-19.875, -72.375, 9.839141773579567e-24, nan 
-19.625, -72.375, 7.748254482901108e-24, nan 
-19.375, -72.375, 8.474588203995992e-24, nan 
-19.125, -72.375, 6.365378588629261e-24, nan 
-18.875, -72.375, 7.420037152315107e-24, nan 
-18.625, -72.375, 9.328459053749652e-24, nan 
-18.375, -72.375, 9.061914954043258e-24, nan 
-18.125, -72.375, 9.986106091330916e-24, nan 
-17.875, -72.375, 8.502901217610375e-24, nan 
-17.625, -72.375, 7.634264219259994e-24, nan 
-17.375, -72.375, 6.516706982054606e-24, nan 
-17.125, -72.375, 3.488522084874931e-24, nan 
-16.875, -72.375, 3.2044901890872795e-24, nan 
-16.625, -72.375, 1.9679303534292863e-24, nan 
-16.375, -72.375, 1.3178769953373688e-24, nan 
-16.125, -72.375, 1.4682703657405837e-24, nan 
-15.875, -72.375, 1.659357492673663e-24, nan 
-15.625, -72.375, 1.4527850880064617e-24, nan 
-15.375, -72.375, 1.0289693242224461e-24, nan 
-15.125, -72.375, 1.1477882611195046e-24, nan 
-14.875, -72.375, 1.0222980516877104e-24, nan 
-14.625, -72.375, 1.1316912940646036e-24, nan 
-14.375, -72.375, 1.4000853283485857e-24, nan 
-14.125, -72.375, 1.4750640275766257e-24, nan 
-13.875, -72.375, 1.3975183976532207e-24, nan 
-13.625, -72.375, 1.3951100913626856e-24, nan 
-13.375, -72.375, 3.2946800057391417e-24, nan 
-13.125, -72.375, 1.9684859243481477e-24, nan 
-12.875, -72.375, 9.708813834816558e-24, nan 
-12.625, -72.375, 1.221261603302871e-23, nan 
-12.375, -72.375, 1.3069004470151914e-23, nan 
-12.125, -72.375, 1.2452253062995052e-23, nan 
-11.875, -72.375, 9.343803916260028e-24, nan 
-11.625, -72.375, 1.7898435694442624e-23, nan 
-11.375, -72.375, 1.6139416150841146e-23, nan 
-11.125, -72.375, 1.0579903059284832e-23, nan 
-10.875, -72.375, 1.4586413156424365e-23, nan 
-10.625, -72.375, 1.3830040288828434e-23, nan 
-10.375, -72.375, 7.621823681525226e-24, nan 
-10.125, -72.375, 1.097734128378862e-23, nan 
-9.875, -72.375, 2.0550983567330115e-23, nan 
-9.625, -72.375, 2.1474512015899102e-23, nan 
-9.375, -72.375, 2.0647807392388438e-23, nan 
-9.125, -72.375, 2.960955343694917e-23, nan 
-8.875, -72.375, 2.743487900417313e-23, nan 
-8.625, -72.375, 2.0169315199871826e-23, nan 
-8.375, -72.375, 1.0593839155530493e-23, nan 
-8.125, -72.375, 1.869393740487959e-24, nan 
-7.875, -72.375, 2.6701120153972228e-24, nan 
-7.625, -72.375, 2.909456629511185e-24, nan 
-7.375, -72.375, 2.383866020736176e-24, nan 
-7.125, -72.375, 1.5931376685497877e-24, nan 
-6.875, -72.375, 2.248038021849903e-24, nan 
-6.625, -72.375, 2.2310833383912044e-24, nan 
-6.375, -72.375, 1.1783179512754765e-24, nan 
-6.125, -72.375, 9.712248140471002e-25, nan 
-5.875, -72.375, 1.8140079858762506e-24, nan 
-5.625, -72.375, 2.662086127757786e-24, nan 
-5.375, -72.375, 9.09770507383844e-24, nan 
-5.125, -72.375, 2.984201864732241e-23, nan 
-4.875, -72.375, 2.830567218140796e-23, nan 
-4.625, -72.375, 2.693153090296811e-23, nan 
-4.375, -72.375, 3.4095781672524104e-23, nan 
-4.125, -72.375, 4.01924379398893e-23, nan 
-3.875, -72.375, 3.817663282776423e-23, nan 
-3.625, -72.375, 2.5464401789637553e-23, nan 
-3.375, -72.375, 3.262883116881524e-23, nan 
-3.125, -72.375, 3.566802056660494e-23, nan 
-2.875, -72.375, 3.3490039095274466e-23, nan 
-2.625, -72.375, 3.538973009732417e-23, nan 
-2.375, -72.375, 3.1581678256785183e-23, nan 
-2.125, -72.375, 2.9219893458717565e-23, nan 
-1.875, -72.375, 3.0512310736714354e-23, nan 
-1.625, -72.375, 2.4488319737383354e-23, nan 
-1.375, -72.375, 2.1913106604813942e-23, nan 
-1.125, -72.375, 2.595650965011696e-23, nan 
-0.875, -72.375, 2.3677815615274642e-23, nan 
-0.625, -72.375, 9.886349880860322e-24, nan 
-0.375, -72.375, 9.343187459472977e-24, nan 
-28.625, -72.125, 2.744311587923303e-24, nan 
-28.375, -72.125, 8.370853350164854e-24, nan 
-28.125, -72.125, 9.18497677103144e-24, nan 
-27.875, -72.125, 1.3603808692453657e-24, nan 
-27.625, -72.125, 2.276460404201317e-24, nan 
-27.375, -72.125, 3.0984085367621115e-24, nan 
-27.125, -72.125, 3.0053960770073835e-24, nan 
-26.875, -72.125, 6.027156504751742e-24, nan 
-26.625, -72.125, 7.864938946215791e-24, nan 
-26.375, -72.125, 5.3425784423186515e-24, nan 
-26.125, -72.125, 1.335412192280123e-23, nan 
-25.875, -72.125, 2.3629057970116634e-23, nan 
-25.625, -72.125, 1.7288418597788204e-23, nan 
-25.375, -72.125, 2.1395880563361913e-23, nan 
-25.125, -72.125, 2.5682791146156783e-23, nan 
-24.875, -72.125, 1.9538879027191497e-23, nan 
-24.625, -72.125, 1.6935069270655025e-23, nan 
-24.375, -72.125, 1.2040726328667672e-23, nan 
-24.125, -72.125, 1.0048226509414411e-23, nan 
-23.875, -72.125, 7.640959500354115e-24, nan 
-23.625, -72.125, 6.364343017823076e-24, nan 
-23.375, -72.125, 1.1035908236781807e-23, nan 
-23.125, -72.125, 1.4865998266671157e-23, nan 
-22.875, -72.125, 1.2283834971274945e-23, nan 
-22.625, -72.125, 2.964199818243158e-23, nan 
-22.375, -72.125, 2.9282817416995717e-23, nan 
-22.125, -72.125, 2.7194031969702e-23, nan 
-21.875, -72.125, 2.7828941443331575e-23, nan 
-21.625, -72.125, 2.9573116805005004e-23, nan 
-21.375, -72.125, 2.7921494859024665e-23, nan 
-21.125, -72.125, 8.51773542808014e-24, nan 
-20.875, -72.125, 4.044235522731813e-24, nan 
-20.625, -72.125, 6.886815060913468e-24, nan 
-20.375, -72.125, 5.205128396088344e-24, nan 
-20.125, -72.125, 5.275193370002126e-24, nan 
-19.875, -72.125, 5.2910423020608645e-24, nan 
-19.625, -72.125, 3.289563278275897e-24, nan 
-19.375, -72.125, 2.939530753732873e-24, nan 
-19.125, -72.125, 6.841397604870644e-24, nan 
-18.875, -72.125, 7.944635826741862e-24, nan 
-18.625, -72.125, 1.0118127481586408e-23, nan 
-18.375, -72.125, 1.0759607023811886e-23, nan 
-18.125, -72.125, 1.0989199641021245e-23, nan 
-17.875, -72.125, 1.1172399977286173e-23, nan 
-17.625, -72.125, 9.981340671094027e-24, nan 
-17.375, -72.125, 9.87166447898812e-24, nan 
-17.125, -72.125, 7.934295532939843e-24, nan 
-16.875, -72.125, 6.586713259426377e-24, nan 
-16.625, -72.125, 4.506127217012618e-24, nan 
-16.375, -72.125, 2.0816465949152353e-24, nan 
-16.125, -72.125, 1.693113766903343e-24, nan 
-15.875, -72.125, 2.2714892660055533e-24, nan 
-15.625, -72.125, 1.408574805813107e-24, nan 
-15.375, -72.125, 9.733058240460769e-25, nan 
-15.125, -72.125, 1.8060358455277264e-24, nan 
-14.875, -72.125, 1.5511111350368361e-24, nan 
-14.625, -72.125, 1.4225984816029545e-24, nan 
-14.375, -72.125, 1.637430632890482e-24, nan 
-14.125, -72.125, 1.6569506009810462e-24, nan 
-13.875, -72.125, 1.2561016406815708e-24, nan 
-13.625, -72.125, 9.654412226881885e-25, nan 
-13.375, -72.125, 6.046780644544423e-24, nan 
-13.125, -72.125, 4.121611005989453e-24, nan 
-12.875, -72.125, 2.061197376582803e-23, nan 
-12.625, -72.125, 1.4637956595359087e-23, nan 
-12.375, -72.125, 1.866471787997502e-23, nan 
-12.125, -72.125, 1.6975770190528966e-23, nan 
-11.875, -72.125, 8.622665283851138e-24, nan 
-11.625, -72.125, 1.34924987494194e-23, nan 
-11.375, -72.125, 1.512845367246734e-23, nan 
-11.125, -72.125, 1.4563040094972648e-23, nan 
-10.875, -72.125, 1.449490689033745e-23, nan 
-10.625, -72.125, 1.710118946810234e-23, nan 
-10.375, -72.125, 1.388275149290205e-23, nan 
-10.125, -72.125, 1.665417379757051e-23, nan 
-9.875, -72.125, 5.736855177659162e-24, nan 
-9.625, -72.125, 1.829508107777595e-23, nan 
-9.375, -72.125, 2.3123526842226402e-23, nan 
-9.125, -72.125, 3.153587823433552e-23, nan 
-8.875, -72.125, 2.0898249838861782e-23, nan 
-8.625, -72.125, 2.0362456075921192e-23, nan 
-8.375, -72.125, 2.3350294370826858e-23, nan 
-8.125, -72.125, 1.1565715655875703e-23, nan 
-7.875, -72.125, 1.0997514753181648e-23, nan 
-7.625, -72.125, 1.2407536118568637e-23, nan 
-7.375, -72.125, 9.600427291128216e-24, nan 
-7.125, -72.125, 5.037157855708053e-24, nan 
-6.875, -72.125, 4.270733428288988e-24, nan 
-6.625, -72.125, 5.196317981937283e-24, nan 
-6.375, -72.125, 4.804725868276968e-24, nan 
-6.125, -72.125, 2.318894881958595e-23, nan 
-5.875, -72.125, 3.9467194664647995e-23, nan 
-5.625, -72.125, 4.277130207385232e-23, nan 
-5.375, -72.125, 4.3927720111870084e-23, nan 
-5.125, -72.125, 4.6774690925115385e-23, nan 
-4.875, -72.125, 4.4481418932811953e-23, nan 
-4.625, -72.125, 3.477099342323711e-23, nan 
-4.375, -72.125, 2.988132016268119e-23, nan 
-4.125, -72.125, 2.3716389575848134e-23, nan 
-3.875, -72.125, 2.2822539117641876e-23, nan 
-3.625, -72.125, 1.47648552145708e-23, nan 
-3.375, -72.125, 4.336896436465449e-24, nan 
-3.125, -72.125, 4.5973019333409105e-24, nan 
-2.875, -72.125, 1.2053937492537805e-24, nan 
-2.625, -72.125, 1.871291907754283e-24, nan 
-2.375, -72.125, 1.721218265623684e-23, nan 
-2.125, -72.125, 3.443491434717701e-23, nan 
-1.875, -72.125, 3.786445213877648e-23, nan 
-1.625, -72.125, 2.2629290390763332e-23, nan 
-1.375, -72.125, 4.864627749195062e-23, nan 
-1.125, -72.125, 5.766786673235168e-23, nan 
-0.875, -72.125, 2.889845463980121e-23, nan 
-0.625, -72.125, 2.5900522487525474e-23, nan 
-0.375, -72.125, 3.124082109394538e-23, nan 
-0.125, -72.125, 2.5024778053275066e-23, nan 
-28.375, -71.875, 2.831833996243014e-23, nan 
-28.125, -71.875, 2.717351535634441e-23, nan 
-27.875, -71.875, 3.16019711883876e-23, nan 
-27.625, -71.875, 3.0149562710918285e-23, nan 
-27.375, -71.875, 2.732585413407648e-23, nan 
-27.125, -71.875, 1.4662186462742764e-23, nan 
-26.875, -71.875, 7.596014465449343e-24, nan 
-26.625, -71.875, 8.319327775589246e-24, nan 
-26.375, -71.875, 8.199463558339638e-24, nan 
-26.125, -71.875, 8.794989639526286e-24, nan 
-25.875, -71.875, 1.0084904951768591e-23, nan 
-25.625, -71.875, 8.961050863043763e-24, nan 
-25.375, -71.875, 2.0535895510687683e-23, nan 
-25.125, -71.875, 2.739247354368115e-23, nan 
-24.875, -71.875, 2.0078909082260773e-23, nan 
-24.625, -71.875, 2.162888312451595e-23, nan 
-24.375, -71.875, 2.097608531949989e-23, nan 
-24.125, -71.875, 1.9702155909654718e-23, nan 
-23.875, -71.875, 2.2922601698313163e-23, nan 
-23.625, -71.875, 1.8645613944406032e-23, nan 
-23.375, -71.875, 2.032586694132309e-23, nan 
-23.125, -71.875, 2.071077504604836e-23, nan 
-22.875, -71.875, 1.969946090449189e-23, nan 
-22.625, -71.875, 2.733240225654093e-23, nan 
-22.375, -71.875, 2.1871816229475218e-23, nan 
-22.125, -71.875, 1.9981752188703766e-23, nan 
-21.875, -71.875, 1.0684048690174733e-23, nan 
-21.625, -71.875, 1.033715952064031e-23, nan 
-21.375, -71.875, 5.609364248166181e-24, nan 
-21.125, -71.875, 6.245654757709504e-24, nan 
-20.875, -71.875, 7.909247553417873e-24, nan 
-20.625, -71.875, 5.8803038822336366e-24, nan 
-20.375, -71.875, 4.799702911814603e-24, nan 
-20.125, -71.875, 2.0052149148330205e-24, nan 
-19.875, -71.875, 4.826652759195961e-24, nan 
-19.625, -71.875, 6.208121297900957e-24, nan 
-19.375, -71.875, 7.642441316120658e-24, nan 
-19.125, -71.875, 4.913547977890621e-24, nan 
-18.875, -71.875, 6.20760265820611e-24, nan 
-18.625, -71.875, 7.442508507171646e-24, nan 
-18.375, -71.875, 7.857236893058147e-24, nan 
-18.125, -71.875, 7.319328914729503e-24, nan 
-17.875, -71.875, 8.882786347412084e-24, nan 
-17.625, -71.875, 9.101278115185237e-24, nan 
-17.375, -71.875, 9.630686627774531e-24, nan 
-17.125, -71.875, 9.072940113751682e-24, nan 
-16.875, -71.875, 7.445092507864877e-24, nan 
-16.625, -71.875, 6.767615870531602e-24, nan 
-16.375, -71.875, 6.406306352322576e-24, nan 
-16.125, -71.875, 4.28745426816773e-24, nan 
-15.875, -71.875, 2.4822119874824027e-24, nan 
-15.625, -71.875, 1.2316818886030239e-24, nan 
-15.375, -71.875, 1.9830738349206337e-24, nan 
-15.125, -71.875, 2.1011403702342583e-24, nan 
-14.875, -71.875, 2.319260285989526e-24, nan 
-14.625, -71.875, 1.6193617318052203e-24, nan 
-14.375, -71.875, 1.6266415848902833e-24, nan 
-14.125, -71.875, 2.017620422952097e-24, nan 
-13.875, -71.875, 1.693880696818711e-24, nan 
-13.625, -71.875, 1.6050741648147358e-23, nan 
-13.375, -71.875, 1.71424304815647e-23, nan 
-13.125, -71.875, 1.8172834802385283e-23, nan 
-12.875, -71.875, 2.3517351964391202e-23, nan 
-12.625, -71.875, 2.038099142528633e-23, nan 
-12.375, -71.875, 2.261760007327456e-23, nan 
-12.125, -71.875, 2.2029276286199124e-24, nan 
-11.875, -71.875, 6.317231227625187e-24, nan 
-11.625, -71.875, 7.71960429008625e-24, nan 
-11.375, -71.875, 7.497817271268471e-24, nan 
-11.125, -71.875, 8.653213614578373e-24, nan 
-10.875, -71.875, 9.129927528265311e-24, nan 
-10.625, -71.875, 1.4960677945630824e-23, nan 
-10.375, -71.875, 1.082109579430118e-23, nan 
-10.125, -71.875, 1.8190267693136023e-23, nan 
-9.875, -71.875, 1.545726462029823e-23, nan 
-9.625, -71.875, 1.5681024609809123e-23, nan 
-9.375, -71.875, 1.3666110279118323e-23, nan 
-9.125, -71.875, 2.246272002681935e-23, nan 
-8.875, -71.875, 1.9726554757409915e-23, nan 
-8.625, -71.875, 2.1334317815596448e-23, nan 
-8.375, -71.875, 2.286382133852399e-23, nan 
-8.125, -71.875, 1.5377412142864543e-23, nan 
-7.875, -71.875, 1.91920634991635e-23, nan 
-7.625, -71.875, 2.2780843957787244e-23, nan 
-7.375, -71.875, 1.519591318177566e-23, nan 
-7.125, -71.875, 1.379252015318331e-23, nan 
-6.875, -71.875, 2.839109420405818e-23, nan 
-6.625, -71.875, 2.780654460229062e-23, nan 
-6.375, -71.875, 3.2643696459170936e-23, nan 
-6.125, -71.875, 4.021494615124529e-23, nan 
-5.875, -71.875, 3.4301449495153645e-23, nan 
-5.625, -71.875, 4.3033308373606204e-23, nan 
-5.375, -71.875, 5.862420394615764e-23, nan 
-5.125, -71.875, 2.648447660866224e-23, nan 
-4.875, -71.875, 3.113487600971796e-23, nan 
-4.625, -71.875, 3.4269630709802796e-23, nan 
-4.375, -71.875, 4.2048067079980094e-23, nan 
-4.125, -71.875, 2.150937464261631e-23, nan 
-3.875, -71.875, 3.11972207890019e-23, nan 
-3.625, -71.875, 4.332157339039506e-23, nan 
-3.375, -71.875, 4.729193461495228e-24, nan 
-3.125, -71.875, 1.2626001990718197e-23, nan 
-2.875, -71.875, 1.6686121627552092e-23, nan 
-2.625, -71.875, 4.0304593785785264e-24, nan 
-2.375, -71.875, 3.0522522243813345e-24, nan 
-2.125, -71.875, 2.9819667082042195e-24, nan 
-1.875, -71.875, 2.4202225963647986e-24, nan 
-1.625, -71.875, 1.44888858384066e-23, nan 
-1.375, -71.875, 2.5563523174040157e-23, nan 
-1.125, -71.875, 2.9305207088681585e-23, nan 
-0.875, -71.875, 2.627427350923942e-23, nan 
-0.625, -71.875, 1.3520354848998852e-24, nan 
-0.375, -71.875, 3.1588910109653903e-23, nan 
-0.125, -71.875, 3.324218071542084e-23, nan 
0.125, -71.875, 3.5213461751571807e-23, nan 
-28.375, -71.625, 2.957142279654739e-23, nan 
-28.125, -71.625, 2.700711131621946e-23, nan 
-27.875, -71.625, 3.897750099618447e-23, nan 
-27.625, -71.625, 4.584896985033723e-23, nan 
-27.375, -71.625, 4.590696098587988e-23, nan 
-27.125, -71.625, 3.674829432617381e-23, nan 
-26.875, -71.625, 3.698617218618123e-23, nan 
-26.625, -71.625, 4.083814005107491e-23, nan 
-26.375, -71.625, 2.9144197494848115e-23, nan 
-26.125, -71.625, 2.0386123893569655e-23, nan 
-25.875, -71.625, 1.0255872696037594e-23, nan 
-25.625, -71.625, 8.48360411937834e-24, nan 
-25.375, -71.625, 1.2554026481106756e-23, nan 
-25.125, -71.625, 1.4963485080856794e-23, nan 
-24.875, -71.625, 1.122365876221913e-23, nan 
-24.625, -71.625, 6.651126811274991e-24, nan 
-24.375, -71.625, 1.656408740931399e-23, nan 
-24.125, -71.625, 2.0113842201314337e-23, nan 
-23.875, -71.625, 1.8098881619801406e-23, nan 
-23.625, -71.625, 1.5801401129898685e-23, nan 
-23.375, -71.625, 1.0914730425632385e-23, nan 
-23.125, -71.625, 6.698282254333195e-24, nan 
-22.875, -71.625, 1.0528643888278561e-23, nan 
-22.625, -71.625, 2.5436175793172636e-24, nan 
-22.375, -71.625, 2.6297464371240126e-24, nan 
-22.125, -71.625, 3.3653430007325495e-24, nan 
-21.875, -71.625, 5.047787728208578e-24, nan 
-21.625, -71.625, 8.099190702637303e-24, nan 
-21.375, -71.625, 8.063771209721877e-24, nan 
-21.125, -71.625, 1.0157187380275696e-23, nan 
-20.875, -71.625, 7.409274359109541e-24, nan 
-20.625, -71.625, 7.312952137106682e-24, nan 
-20.375, -71.625, 8.68233211981716e-24, nan 
-20.125, -71.625, 1.6462697467441932e-23, nan 
-19.875, -71.625, 2.0024284094825098e-23, nan 
-19.625, -71.625, 2.2233105906368688e-23, nan 
-19.375, -71.625, 2.508993804725552e-23, nan 
-19.125, -71.625, 1.1305322457992177e-23, nan 
-18.875, -71.625, 8.311775834135168e-24, nan 
-18.625, -71.625, 1.0422678918336273e-23, nan 
-18.375, -71.625, 7.30270356678227e-24, nan 
-18.125, -71.625, 5.2343637697868234e-24, nan 
-17.875, -71.625, 7.739814148789702e-24, nan 
-17.625, -71.625, 1.0013490294940807e-23, nan 
-17.375, -71.625, 9.188752710551893e-24, nan 
-17.125, -71.625, 8.9845754767882e-24, nan 
-16.875, -71.625, 9.212889630796728e-24, nan 
-16.625, -71.625, 1.1564362325521339e-23, nan 
-16.375, -71.625, 1.083192706557844e-23, nan 
-16.125, -71.625, 1.0611660072850677e-23, nan 
-15.875, -71.625, 4.820323712880695e-24, nan 
-15.625, -71.625, 3.446290928505126e-24, nan 
-15.375, -71.625, 3.326861311669384e-24, nan 
-15.125, -71.625, 2.1215859595383695e-24, nan 
-14.875, -71.625, 1.8892390045143785e-24, nan 
-14.625, -71.625, 1.1185474866822028e-24, nan 
-14.375, -71.625, 8.566190738182791e-25, nan 
-14.125, -71.625, 2.522699454531599e-24, nan 
-13.875, -71.625, 4.559557773683452e-24, nan 
-13.625, -71.625, 8.369495212359729e-24, nan 
-13.375, -71.625, 1.7555706954565992e-23, nan 
-13.125, -71.625, 1.692526292700896e-23, nan 
-12.875, -71.625, 1.7069082167187123e-23, nan 
-12.625, -71.625, 2.2779624213687176e-23, nan 
-12.375, -71.625, 2.2418302049184995e-23, nan 
-12.125, -71.625, 1.8013689151938537e-23, nan 
-11.875, -71.625, 1.4937897238075798e-23, nan 
-11.625, -71.625, 1.6634273336622944e-23, nan 
-11.375, -71.625, 1.764143090761154e-23, nan 
-11.125, -71.625, 1.3734271888487253e-23, nan 
-10.875, -71.625, 1.2185088230384785e-23, nan 
-10.625, -71.625, 2.182944493652771e-23, nan 
-10.375, -71.625, 1.7868734929127393e-23, nan 
-10.125, -71.625, 1.8399784059915876e-23, nan 
-9.875, -71.625, 9.221260015925639e-24, nan 
-9.625, -71.625, 1.253540289354376e-23, nan 
-9.375, -71.625, 1.1220094121898386e-23, nan 
-9.125, -71.625, 1.0026662467354112e-23, nan 
-8.875, -71.625, 1.595298819618905e-23, nan 
-8.625, -71.625, 1.7118236547567036e-23, nan 
-8.375, -71.625, 1.813354535796093e-23, nan 
-8.125, -71.625, 1.435512316971621e-23, nan 
-7.875, -71.625, 1.1943432233127089e-23, nan 
-7.625, -71.625, 4.848454893729157e-24, nan 
-7.375, -71.625, 8.654658834371565e-24, nan 
-7.125, -71.625, 1.852720732225645e-23, nan 
-6.875, -71.625, 1.779986217935009e-23, nan 
-6.625, -71.625, 1.8751870350889762e-23, nan 
-6.375, -71.625, 2.0697600703255997e-23, nan 
-6.125, -71.625, 1.2611119985780155e-24, nan 
-5.875, -71.625, 3.732762901849215e-25, nan 
-5.625, -71.625, 8.537913990203182e-24, nan 
-5.375, -71.625, 2.8441310176937354e-23, nan 
-5.125, -71.625, 1.811515868750762e-23, nan 
-4.875, -71.625, 1.7656195380639406e-23, nan 
-4.625, -71.625, 1.3892088120506593e-23, nan 
-4.375, -71.625, 1.8945225782318138e-23, nan 
-4.125, -71.625, 3.2058082780035007e-24, nan 
-3.875, -71.625, 9.885246605713978e-24, nan 
-3.625, -71.625, 1.400640270928698e-23, nan 
-3.375, -71.625, 1.4953881175248397e-24, nan 
-3.125, -71.625, 1.927026238949331e-24, nan 
-2.875, -71.625, 2.680991287825017e-24, nan 
-2.625, -71.625, 2.6994227722518616e-24, nan 
-2.375, -71.625, 2.041120179427706e-24, nan 
-2.125, -71.625, 4.804481252417775e-24, nan 
-1.875, -71.625, 3.1273897404074474e-24, nan 
-1.625, -71.625, 2.274946325330239e-23, nan 
-1.375, -71.625, 2.0956737276894895e-24, nan 
-1.125, -71.625, 3.474455665428805e-23, nan 
-0.875, -71.625, 3.717416650518296e-23, nan 
-0.625, -71.625, 4.855389713606769e-23, nan 
-0.375, -71.625, 4.896839165246922e-23, nan 
-0.125, -71.625, 3.774392796034473e-23, nan 
0.125, -71.625, 5.467120913117628e-23, nan 
0.375, -71.625, 4.2431643677847624e-23, nan 
-28.125, -71.375, 3.761846785433685e-24, nan 
-27.875, -71.375, 1.195994931347794e-23, nan 
-27.625, -71.375, 2.981535879299116e-23, nan 
-27.375, -71.375, 2.697843205555919e-23, nan 
-27.125, -71.375, 2.7446073824127163e-23, nan 
-26.875, -71.375, 3.5130004990107584e-23, nan 
-26.625, -71.375, 4.0719370029296987e-23, nan 
-26.375, -71.375, 3.0016929976274835e-23, nan 
-26.125, -71.375, 1.8127964643284e-23, nan 
-25.875, -71.375, 1.7351193168508776e-23, nan 
-25.625, -71.375, 1.1140013294431436e-23, nan 
-25.375, -71.375, 8.779102480482413e-24, nan 
-25.125, -71.375, 7.133909465770859e-24, nan 
-24.875, -71.375, 5.378635605863976e-24, nan 
-24.625, -71.375, 5.193696679237289e-24, nan 
-24.375, -71.375, 1.156482025963861e-23, nan 
-24.125, -71.375, 1.1915163870686039e-23, nan 
-23.875, -71.375, 9.00383839205826e-24, nan 
-23.625, -71.375, 7.398524587765063e-24, nan 
-23.375, -71.375, 7.69228785165768e-24, nan 
-23.125, -71.375, 6.793318220774342e-24, nan 
-22.875, -71.375, 3.0103718463809014e-24, nan 
-22.625, -71.375, 2.5316481678238495e-24, nan 
-22.375, -71.375, 6.698977199513955e-24, nan 
-22.125, -71.375, 6.430783907437433e-24, nan 
-21.875, -71.375, 6.878617631775028e-24, nan 
-21.625, -71.375, 9.540201999341062e-24, nan 
-21.375, -71.375, 1.071710875105067e-23, nan 
-21.125, -71.375, 1.3679379206376517e-23, nan 
-20.875, -71.375, 1.2982717413517679e-23, nan 
-20.625, -71.375, 1.9316553787023967e-23, nan 
-20.375, -71.375, 2.3646124131298413e-23, nan 
-20.125, -71.375, 2.344914951723547e-23, nan 
-19.875, -71.375, 2.74112141901502e-23, nan 
-19.625, -71.375, 3.8406723957575035e-23, nan 
-19.375, -71.375, 3.8898858620333905e-23, nan 
-19.125, -71.375, 2.1336402956216893e-23, nan 
-18.875, -71.375, 2.744973573473255e-23, nan 
-18.625, -71.375, 3.025568806129684e-23, nan 
-18.375, -71.375, 1.409128395145683e-23, nan 
-18.125, -71.375, 7.074991224890381e-24, nan 
-17.875, -71.375, 7.118863503938966e-24, nan 
-17.625, -71.375, 7.96870997194611e-24, nan 
-17.375, -71.375, 5.3541071610685904e-24, nan 
-17.125, -71.375, 6.681405840690979e-24, nan 
-16.875, -71.375, 8.650718483784129e-24, nan 
-16.625, -71.375, 1.579799958917062e-23, nan 
-16.375, -71.375, 1.6574237834952567e-23, nan 
-16.125, -71.375, 1.63774626527765e-23, nan 
-15.875, -71.375, 1.5353751812834816e-23, nan 
-15.625, -71.375, 1.394171687797927e-23, nan 
-15.375, -71.375, 1.411202190712413e-23, nan 
-15.125, -71.375, 4.1424869195682e-24, nan 
-14.875, -71.375, 2.215558611671434e-24, nan 
-14.625, -71.375, 1.8439797970220912e-24, nan 
-14.375, -71.375, 4.711528544669228e-24, nan 
-14.125, -71.375, 6.737814072716822e-24, nan 
-13.875, -71.375, 5.8641940216623425e-24, nan 
-13.625, -71.375, 7.570325144018916e-24, nan 
-13.375, -71.375, 9.748963095162053e-24, nan 
-13.125, -71.375, 9.266948878273351e-24, nan 
-12.875, -71.375, 5.6184090517354395e-24, nan 
-12.625, -71.375, 1.627449861893867e-23, nan 
-12.375, -71.375, 1.645660274599264e-23, nan 
-12.125, -71.375, 1.709906771012871e-23, nan 
-11.875, -71.375, 1.954335377875772e-23, nan 
-11.625, -71.375, 1.996508744737334e-23, nan 
-11.375, -71.375, 1.1159496903950518e-23, nan 
-11.125, -71.375, 1.6522322219762995e-23, nan 
-10.875, -71.375, 1.3904811670904096e-23, nan 
-10.625, -71.375, 8.657942568565017e-24, nan 
-10.375, -71.375, 1.1441624544510724e-23, nan 
-10.125, -71.375, 8.731858782230433e-24, nan 
-9.875, -71.375, 1.3095294462202194e-24, nan 
-9.625, -71.375, 4.0453357769296086e-24, nan 
-9.375, -71.375, 4.3344695330675335e-24, nan 
-9.125, -71.375, 1.6350834642990542e-24, nan 
-8.875, -71.375, 1.882526177627327e-24, nan 
-8.625, -71.375, 2.004719190979563e-24, nan 
-8.375, -71.375, 2.5239642579417974e-24, nan 
-8.125, -71.375, 2.4937099856906236e-24, nan 
-7.875, -71.375, 1.4445062815674644e-24, nan 
-7.625, -71.375, 1.4522885597822858e-24, nan 
-7.375, -71.375, 3.034736218038843e-24, nan 
-7.125, -71.375, 9.710291648103825e-24, nan 
-6.875, -71.375, 1.3120095578869656e-24, nan 
-6.625, -71.375, 5.681625070353797e-25, nan 
-6.375, -71.375, 5.204215583226335e-25, nan 
-6.125, -71.375, 6.224451362779974e-25, nan 
-5.875, -71.375, 7.873011770057939e-25, nan 
-5.625, -71.375, 7.153578760808595e-25, nan 
-5.375, -71.375, 6.677861294515727e-25, nan 
-5.125, -71.375, 9.228033383789774e-25, nan 
-4.875, -71.375, 2.6528526680445162e-24, nan 
-4.625, -71.375, 9.999605863621619e-25, nan 
-4.375, -71.375, 1.2175176606537965e-24, nan 
-4.125, -71.375, 1.9287257807491727e-24, nan 
-3.875, -71.375, 1.6691234649082227e-24, nan 
-3.625, -71.375, 2.264396912001655e-24, nan 
-3.375, -71.375, 2.577140823424287e-24, nan 
-3.125, -71.375, 2.1110670473279294e-24, nan 
-2.875, -71.375, 6.639129112592501e-24, nan 
-2.625, -71.375, 5.006553480445138e-24, nan 
-2.375, -71.375, 2.9596744203466217e-24, nan 
-2.125, -71.375, 9.539678216738047e-24, nan 
-1.875, -71.375, 7.081938150935076e-24, nan 
-1.625, -71.375, 7.63571650615928e-24, nan 
-1.375, -71.375, 3.135448053889505e-23, nan 
-1.125, -71.375, 3.4861394871302225e-23, nan 
-0.875, -71.375, 3.4795323357525645e-23, nan 
-0.625, -71.375, 4.952248396156683e-23, nan 
-0.375, -71.375, 3.9669851319784964e-23, nan 
-0.125, -71.375, 3.1518476770448194e-23, nan 
0.125, -71.375, 9.277933432256874e-24, nan 
0.375, -71.375, 1.5669803473971112e-23, nan 
0.625, -71.375, 1.7064375224004774e-23, nan 
-27.875, -71.125, 3.862559052864828e-23, nan 
-27.625, -71.125, 6.205233772769384e-23, nan 
-27.375, -71.125, 5.984883056667974e-23, nan 
-27.125, -71.125, 4.490804317858305e-23, nan 
-26.875, -71.125, 5.132354031226621e-23, nan 
-26.625, -71.125, 5.325883167029105e-23, nan 
-26.375, -71.125, 3.79646459986478e-23, nan 
-26.125, -71.125, 1.1103610572181798e-23, nan 
-25.875, -71.125, 7.095918200419644e-24, nan 
-25.625, -71.125, 1.0735811539873723e-23, nan 
-25.375, -71.125, 9.541662010563752e-24, nan 
-25.125, -71.125, 7.806883269686753e-24, nan 
-24.875, -71.125, 7.727627769064389e-24, nan 
-24.625, -71.125, 6.283262311809905e-24, nan 
-24.375, -71.125, 5.868301934988526e-24, nan 
-24.125, -71.125, 6.669464455654292e-24, nan 
-23.875, -71.125, 5.298374306405303e-24, nan 
-23.625, -71.125, 3.796098994158027e-24, nan 
-23.375, -71.125, 6.3567407393032716e-24, nan 
-23.125, -71.125, 4.835246705715726e-24, nan 
-22.875, -71.125, 3.866284003086106e-24, nan 
-22.625, -71.125, 3.8950273785937646e-24, nan 
-22.375, -71.125, 7.400722850353411e-24, nan 
-22.125, -71.125, 8.279503777087075e-24, nan 
-21.875, -71.125, 7.639884944057326e-24, nan 
-21.625, -71.125, 5.277415087652878e-24, nan 
-21.375, -71.125, 9.422196547302286e-24, nan 
-21.125, -71.125, 8.882743723833135e-24, nan 
-20.875, -71.125, 5.912016494858134e-24, nan 
-20.625, -71.125, 1.3017864862457522e-23, nan 
-20.375, -71.125, 2.3693698022943958e-23, nan 
-20.125, -71.125, 2.528812467171551e-23, nan 
-19.875, -71.125, 1.3028821478227986e-23, nan 
-19.625, -71.125, 2.850919935473679e-23, nan 
-19.375, -71.125, 3.519946855513876e-23, nan 
-19.125, -71.125, 2.4166140685733176e-23, nan 
-18.875, -71.125, 2.285550713465642e-23, nan 
-18.625, -71.125, 2.754750970740684e-23, nan 
-18.375, -71.125, 2.2933873771765812e-23, nan 
-18.125, -71.125, 2.728927053386361e-23, nan 
-17.875, -71.125, 2.6842537402799153e-23, nan 
-17.625, -71.125, 7.832573874521283e-24, nan 
-17.375, -71.125, 5.797835830636798e-24, nan 
-17.125, -71.125, 4.9655750534585e-24, nan 
-16.875, -71.125, 3.9717037298288195e-23, nan 
-16.625, -71.125, 4.1038244692721885e-23, nan 
-16.375, -71.125, 4.130528997166602e-23, nan 
-16.125, -71.125, 2.260642076156693e-23, nan 
-15.875, -71.125, 2.2622130286669807e-23, nan 
-15.625, -71.125, 1.9916598160886646e-23, nan 
-15.375, -71.125, 1.7862571602410848e-23, nan 
-15.125, -71.125, 1.3926476401299e-23, nan 
-14.875, -71.125, 8.027310209431989e-24, nan 
-14.625, -71.125, 6.5748538763051776e-24, nan 
-14.375, -71.125, 5.0544018569063205e-24, nan 
-14.125, -71.125, 6.633254367534073e-24, nan 
-13.875, -71.125, 3.514049149866198e-24, nan 
-13.625, -71.125, 4.224375895299342e-24, nan 
-13.375, -71.125, 6.686797541454082e-24, nan 
-13.125, -71.125, 7.451172959835448e-24, nan 
-12.875, -71.125, 1.388084273124271e-23, nan 
-12.625, -71.125, 6.9776807867093e-24, nan 
-12.375, -71.125, 7.443952714460996e-24, nan 
-12.125, -71.125, 1.9294971154176702e-23, nan 
-11.875, -71.125, 1.2114776536804475e-23, nan 
-11.625, -71.125, 1.171665153415587e-23, nan 
-11.375, -71.125, 1.1088174860085836e-23, nan 
-11.125, -71.125, 1.538713820781615e-23, nan 
-10.875, -71.125, 1.2554555055018904e-23, nan 
-10.625, -71.125, 5.0550308599851774e-24, nan 
-10.375, -71.125, 7.22475598728012e-24, nan 
-10.125, -71.125, 6.134224331288385e-24, nan 
-9.875, -71.125, 1.3312692693559725e-24, nan 
-9.625, -71.125, 8.89892410012466e-25, nan 
-9.375, -71.125, 1.1028426429802413e-24, nan 
-9.125, -71.125, 1.0413550993910102e-24, nan 
-8.875, -71.125, 1.5529092712229349e-24, nan 
-8.625, -71.125, 2.4989412387639932e-24, nan 
-8.375, -71.125, 2.6534438372337137e-24, nan 
-8.125, -71.125, 3.2900477678748995e-24, nan 
-7.875, -71.125, 2.365280374660565e-24, nan 
-7.625, -71.125, 2.9135007394435695e-24, nan 
-7.375, -71.125, 1.0455690731811175e-23, nan 
-7.125, -71.125, 3.2020861192160248e-24, nan 
-6.875, -71.125, 1.16237467221068e-24, nan 
-6.625, -71.125, 9.028135383667497e-25, nan 
-6.375, -71.125, 1.015425601907146e-24, nan 
-6.125, -71.125, 1.168813972011731e-24, nan 
-5.875, -71.125, 1.265168407089967e-24, nan 
-5.625, -71.125, 2.0349608536533374e-24, nan 
-5.375, -71.125, 2.2274033600675867e-24, nan 
-5.125, -71.125, 3.0988995542575565e-24, nan 
-4.875, -71.125, 2.43053044318527e-24, nan 
-4.625, -71.125, 1.939738657438929e-24, nan 
-4.375, -71.125, 1.631269478996216e-24, nan 
-4.125, -71.125, 3.321613366830257e-24, nan 
-3.875, -71.125, 3.624573236784859e-24, nan 
-3.625, -71.125, 2.941734662260744e-23, nan 
-3.375, -71.125, 8.079033812216211e-24, nan 
-3.125, -71.125, 1.346782885628974e-23, nan 
-2.875, -71.125, 8.742954308713406e-24, nan 
-2.625, -71.125, 2.021442820041172e-23, nan 
-2.375, -71.125, 1.9071825309799608e-23, nan 
-2.125, -71.125, 1.079171901262524e-23, nan 
-1.875, -71.125, 7.06224329782936e-24, nan 
-1.625, -71.125, 3.573908932867505e-24, nan 
-1.375, -71.125, 1.0970643438074852e-23, nan 
-1.125, -71.125, 1.9593801856616256e-23, nan 
-0.875, -71.125, 4.091746135065254e-23, nan 
-0.625, -71.125, 4.2726451168045874e-23, nan 
-0.375, -71.125, 3.707848052657009e-23, nan 
-0.125, -71.125, 4.741060071888316e-23, nan 
0.125, -71.125, 3.539535832228887e-23, nan 
0.375, -71.125, 2.710989261676864e-23, nan 
0.625, -71.125, 1.685034576034549e-23, nan 
0.875, -71.125, 1.2162516573560132e-23, nan 
-27.625, -70.875, 4.243612677329323e-23, nan 
-27.375, -70.875, 3.927708801396538e-23, nan 
-27.125, -70.875, 2.871624666755627e-23, nan 
-26.875, -70.875, 1.1444045024380372e-23, nan 
-26.625, -70.875, 1.2839259153878751e-23, nan 
-26.375, -70.875, 1.5096935371016345e-23, nan 
-26.125, -70.875, 9.469658609467781e-24, nan 
-25.875, -70.875, 4.225812380683378e-24, nan 
-25.625, -70.875, 4.7314863142630186e-24, nan 
-25.375, -70.875, 4.2467126898882396e-24, nan 
-25.125, -70.875, 3.3878720906773106e-24, nan 
-24.875, -70.875, 5.1543743821955804e-24, nan 
-24.625, -70.875, 3.247741928531574e-24, nan 
-24.375, -70.875, 3.923938522916178e-24, nan 
-24.125, -70.875, 5.924444040171611e-24, nan 
-23.875, -70.875, 3.2232286490592184e-24, nan 
-23.625, -70.875, 6.213215961738851e-24, nan 
-23.375, -70.875, 8.27028506518528e-24, nan 
-23.125, -70.875, 9.002494944366352e-24, nan 
-22.875, -70.875, 6.040836844847987e-24, nan 
-22.625, -70.875, 7.657739158034576e-24, nan 
-22.375, -70.875, 1.0137760519254274e-23, nan 
-22.125, -70.875, 7.86044559108769e-24, nan 
-21.875, -70.875, 6.636633603047667e-24, nan 
-21.625, -70.875, 2.226342248007849e-24, nan 
-21.375, -70.875, 1.21270463510955e-23, nan 
-21.125, -70.875, 1.2620103354606822e-23, nan 
-20.875, -70.875, 1.121846388599599e-23, nan 
-20.625, -70.875, 1.4227509276570933e-23, nan 
-20.375, -70.875, 1.2222987072076865e-23, nan 
-20.125, -70.875, 1.6455771122540938e-23, nan 
-19.875, -70.875, 1.4625000240570696e-23, nan 
-19.625, -70.875, 1.6676432210933728e-23, nan 
-19.375, -70.875, 3.145847851689675e-23, nan 
-19.125, -70.875, 4.250737981118451e-23, nan 
-18.875, -70.875, 5.966964544063211e-23, nan 
-18.625, -70.875, 6.138129954754248e-23, nan 
-18.375, -70.875, 4.6969941689857617e-23, nan 
-18.125, -70.875, 5.167302791146737e-23, nan 
-17.875, -70.875, 4.820477843834138e-23, nan 
-17.625, -70.875, 5.335132786648682e-23, nan 
-17.375, -70.875, 5.370472374494169e-23, nan 
-17.125, -70.875, 6.602989972448002e-23, nan 
-16.875, -70.875, 6.485381987375842e-23, nan 
-16.625, -70.875, 6.256906603584497e-23, nan 
-16.375, -70.875, 6.270923497577994e-23, nan 
-16.125, -70.875, 3.8747678772129715e-23, nan 
-15.875, -70.875, 2.399995988467703e-23, nan 
-15.625, -70.875, 2.07899846517408e-23, nan 
-15.375, -70.875, 1.6142512517864068e-23, nan 
-15.125, -70.875, 1.2433664894585105e-23, nan 
-14.875, -70.875, 1.3959292880744623e-23, nan 
-14.625, -70.875, 1.6360307221855898e-23, nan 
-14.375, -70.875, 1.1057738070129064e-23, nan 
-14.125, -70.875, 1.3431994258607453e-23, nan 
-13.875, -70.875, 8.086275037172443e-24, nan 
-13.625, -70.875, 5.607312849937973e-24, nan 
-13.375, -70.875, 4.6108572656751e-24, nan 
-13.125, -70.875, 2.8413455593310567e-24, nan 
-12.875, -70.875, 1.3878843630875027e-24, nan 
-12.625, -70.875, 2.8451329208732434e-24, nan 
-12.375, -70.875, 3.0912993466880158e-24, nan 
-12.125, -70.875, 1.3522095280932984e-23, nan 
-11.875, -70.875, 7.116691351396383e-24, nan 
-11.625, -70.875, 7.794799095823989e-24, nan 
-11.375, -70.875, 1.1816657788153415e-23, nan 
-11.125, -70.875, 1.238783815528706e-23, nan 
-10.875, -70.875, 1.1283060676225414e-23, nan 
-10.625, -70.875, 6.745771698952864e-24, nan 
-10.375, -70.875, 5.203068605497615e-24, nan 
-10.125, -70.875, 7.583381905220982e-24, nan 
-9.875, -70.875, 1.0087810868615869e-23, nan 
-9.625, -70.875, 7.082838141233788e-24, nan 
-9.375, -70.875, 4.656577794350194e-24, nan 
-9.125, -70.875, 1.648620120232768e-24, nan 
-8.875, -70.875, 3.974252901760387e-24, nan 
-8.625, -70.875, 7.079228975683469e-24, nan 
-8.375, -70.875, 7.896944655223646e-24, nan 
-8.125, -70.875, 1.6530191859177806e-23, nan 
-7.875, -70.875, 1.4398070966062883e-23, nan 
-7.625, -70.875, 7.307535548934769e-24, nan 
-7.375, -70.875, 2.1075308164088973e-23, nan 
-7.125, -70.875, 5.876675333809241e-24, nan 
-6.875, -70.875, 1.0376157146467207e-23, nan 
-6.625, -70.875, 1.8364005025342137e-23, nan 
-6.375, -70.875, 1.3659908169540617e-23, nan 
-6.125, -70.875, 1.4724315143759853e-23, nan 
-5.875, -70.875, 1.6027866295445243e-23, nan 
-5.625, -70.875, 1.5217078781135925e-23, nan 
-5.375, -70.875, 1.3535453561806312e-23, nan 
-5.125, -70.875, 1.1127647505688927e-23, nan 
-4.875, -70.875, 5.725484857871872e-24, nan 
-4.625, -70.875, 6.822402329210328e-24, nan 
-4.375, -70.875, 3.182203819472469e-23, nan 
-4.125, -70.875, 1.0165676644292541e-23, nan 
-3.875, -70.875, 1.615175721013305e-23, nan 
-3.625, -70.875, 5.796766458694992e-23, nan 
-3.375, -70.875, 1.7710155315791133e-23, nan 
-3.125, -70.875, 1.8716373223620674e-23, nan 
-2.875, -70.875, 3.41097016858017e-23, nan 
-2.625, -70.875, 3.5571871550189113e-23, nan 
-2.375, -70.875, 3.641857341037022e-23, nan 
-2.125, -70.875, 1.7105503273305535e-23, nan 
-1.875, -70.875, 1.970723739869647e-23, nan 
-1.625, -70.875, 2.411932733779533e-23, nan 
-1.375, -70.875, 1.1121042496442892e-23, nan 
-1.125, -70.875, 1.0246915089879899e-23, nan 
-0.875, -70.875, 1.55573080483139e-23, nan 
-0.625, -70.875, 3.3656999606337704e-23, nan 
-0.375, -70.875, 3.904933821812334e-23, nan 
-0.125, -70.875, 4.386832088800178e-23, nan 
0.125, -70.875, 3.8019430208941583e-23, nan 
0.375, -70.875, 4.369167688099128e-23, nan 
0.625, -70.875, 6.299269487851431e-23, nan 
0.875, -70.875, 5.022521889570363e-23, nan 
1.125, -70.875, 2.5124305857702995e-23, nan 
-27.375, -70.625, 1.5767152482132988e-23, nan 
-27.125, -70.625, 1.7903889853350383e-23, nan 
-26.875, -70.625, 1.5104855480235763e-23, nan 
-26.625, -70.625, 1.6778446017012835e-23, nan 
-26.375, -70.625, 2.361027773093384e-23, nan 
-26.125, -70.625, 2.0011868582967213e-23, nan 
-25.875, -70.625, 2.0804898795008465e-23, nan 
-25.625, -70.625, 2.064573169190155e-23, nan 
-25.375, -70.625, 1.9258665472479782e-23, nan 
-25.125, -70.625, 1.517114898721146e-23, nan 
-24.875, -70.625, 1.4164737974366283e-23, nan 
-24.625, -70.625, 9.648934286820369e-24, nan 
-24.375, -70.625, 8.903853521590094e-24, nan 
-24.125, -70.625, 8.962076161107255e-24, nan 
-23.875, -70.625, 9.412391054344478e-24, nan 
-23.625, -70.625, 1.4083885354961474e-23, nan 
-23.375, -70.625, 1.4596931495003107e-23, nan 
-23.125, -70.625, 1.219090296202214e-23, nan 
-22.875, -70.625, 1.3449926855826517e-23, nan 
-22.625, -70.625, 1.2787335729954159e-23, nan 
-22.375, -70.625, 1.4308992954089187e-23, nan 
-22.125, -70.625, 1.5452987895699853e-23, nan 
-21.875, -70.625, 1.0114250725410507e-23, nan 
-21.625, -70.625, 2.0078694140778988e-23, nan 
-21.375, -70.625, 1.498098971558018e-23, nan 
-21.125, -70.625, 1.4252910550998204e-23, nan 
-20.875, -70.625, 1.7936109119933336e-23, nan 
-20.625, -70.625, 1.77268622039379e-23, nan 
-20.375, -70.625, 1.4027726046742956e-23, nan 
-20.125, -70.625, 1.1570264218445643e-23, nan 
-19.875, -70.625, 2.2382039795446143e-23, nan 
-19.625, -70.625, 4.285971120765623e-23, nan 
-19.375, -70.625, 5.177171744129003e-23, nan 
-19.125, -70.625, 5.044661558365203e-23, nan 
-18.875, -70.625, 6.287769848627603e-23, nan 
-18.625, -70.625, 6.669462987275829e-23, nan 
-18.375, -70.625, 5.207203263349146e-23, nan 
-18.125, -70.625, 2.016091446065124e-23, nan 
-17.875, -70.625, 2.2013555526679267e-23, nan 
-17.625, -70.625, 4.588866489067903e-23, nan 
-17.375, -70.625, 4.186262811691163e-23, nan 
-17.125, -70.625, 5.989133985480419e-23, nan 
-16.875, -70.625, 5.199717203825563e-23, nan 
-16.625, -70.625, 5.353846287314254e-23, nan 
-16.375, -70.625, 5.680346000558605e-23, nan 
-16.125, -70.625, 4.7490611018833793e-23, nan 
-15.875, -70.625, 3.1578412245880557e-23, nan 
-15.625, -70.625, 3.62700620860392e-23, nan 
-15.375, -70.625, 2.8331667728079825e-23, nan 
-15.125, -70.625, 3.3994049899517684e-23, nan 
-14.875, -70.625, 1.6216118184685345e-23, nan 
-14.625, -70.625, 2.3963327268724546e-23, nan 
-14.375, -70.625, 1.4065900039079047e-23, nan 
-14.125, -70.625, 1.9672858669181002e-23, nan 
-13.875, -70.625, 1.4264529095347176e-23, nan 
-13.625, -70.625, 1.3197104775770689e-23, nan 
-13.375, -70.625, 2.217798305782933e-23, nan 
-13.125, -70.625, 1.4038653258140906e-23, nan 
-12.875, -70.625, 5.479007382019983e-24, nan 
-12.625, -70.625, 4.4466206785340575e-24, nan 
-12.375, -70.625, 1.4969690907482608e-24, nan 
-12.125, -70.625, 1.2870013491785599e-24, nan 
-11.875, -70.625, 3.26061664160298e-24, nan 
-11.625, -70.625, 2.544269188212188e-24, nan 
-11.375, -70.625, 3.44141890214701e-24, nan 
-11.125, -70.625, 4.849158792233038e-24, nan 
-10.875, -70.625, 6.376424643596519e-24, nan 
-10.625, -70.625, 7.008637421250795e-24, nan 
-10.375, -70.625, 5.97613478233546e-24, nan 
-10.125, -70.625, 9.603664523399486e-24, nan 
-9.875, -70.625, 1.7864919929281613e-23, nan 
-9.625, -70.625, 1.0048740844103457e-23, nan 
-9.375, -70.625, 6.684826934423035e-24, nan 
-9.125, -70.625, 1.5575059349180706e-23, nan 
-8.875, -70.625, 1.389719922032716e-23, nan 
-8.625, -70.625, 1.287969522880702e-23, nan 
-8.375, -70.625, 1.2508289238739003e-23, nan 
-8.125, -70.625, 2.4656514941745233e-23, nan 
-7.875, -70.625, 2.78481468999813e-23, nan 
-7.625, -70.625, 1.559663550452607e-23, nan 
-7.375, -70.625, 2.4600668800949667e-23, nan 
-7.125, -70.625, 2.2524627846453486e-23, nan 
-6.875, -70.625, 2.697199731725946e-23, nan 
-6.625, -70.625, 3.0364423491154756e-23, nan 
-6.375, -70.625, 2.8193282538875787e-23, nan 
-6.125, -70.625, 2.7599412876088187e-23, nan 
-5.875, -70.625, 3.0180098230177337e-23, nan 
-5.625, -70.625, 3.021666235647121e-23, nan 
-5.375, -70.625, 3.192334064769901e-23, nan 
-5.125, -70.625, 2.7249924795374316e-23, nan 
-4.875, -70.625, 2.1175037472313648e-23, nan 
-4.625, -70.625, 2.135363587564584e-23, nan 
-4.375, -70.625, 2.0985592265224078e-23, nan 
-4.125, -70.625, 2.1035780192874584e-23, nan 
-3.875, -70.625, 2.6905717192306533e-23, nan 
-3.625, -70.625, 4.1690591207693986e-23, nan 
-3.375, -70.625, 4.0661386328540484e-23, nan 
-3.125, -70.625, 4.577662553700279e-23, nan 
-2.875, -70.625, 4.801289775976573e-23, nan 
-2.625, -70.625, 6.769457640611415e-23, nan 
-2.375, -70.625, 7.357252798679637e-23, nan 
-2.125, -70.625, 3.779928531470141e-23, nan 
-1.875, -70.625, 3.568032507177561e-23, nan 
-1.625, -70.625, 4.107949725592758e-23, nan 
-1.375, -70.625, 3.3997435462083375e-23, nan 
-1.125, -70.625, 2.135099188686903e-23, nan 
-0.875, -70.625, 1.9983245467123167e-23, nan 
-0.625, -70.625, 3.137349740832866e-23, nan 
-0.375, -70.625, 3.321351013105502e-23, nan 
-0.125, -70.625, 2.2325272091732512e-23, nan 
0.125, -70.625, 2.043884457178991e-23, nan 
0.375, -70.625, 2.1230697312423137e-23, nan 
0.625, -70.625, 3.10100887175536e-23, nan 
0.875, -70.625, 3.998184111641496e-23, nan 
1.125, -70.625, 2.5060303339499146e-23, nan 
1.375, -70.625, 2.8151408925133396e-23, nan 
-27.125, -70.375, 1.6369708947461064e-23, nan 
-26.875, -70.375, 2.253815471485429e-23, nan 
-26.625, -70.375, 2.373892690280155e-23, nan 
-26.375, -70.375, 2.2230085686508977e-23, nan 
-26.125, -70.375, 2.2369817161897555e-23, nan 
-25.875, -70.375, 2.5739844879628946e-23, nan 
-25.625, -70.375, 2.3274623452436545e-23, nan 
-25.375, -70.375, 2.3497124927715972e-23, nan 
-25.125, -70.375, 2.0858045483260225e-23, nan 
-24.875, -70.375, 2.22829333966808e-23, nan 
-24.625, -70.375, 2.251795597477553e-23, nan 
-24.375, -70.375, 2.2474341544909522e-23, nan 
-24.125, -70.375, 1.9963551183358822e-23, nan 
-23.875, -70.375, 2.0701202514608766e-23, nan 
-23.625, -70.375, 1.9060893403856317e-23, nan 
-23.375, -70.375, 1.824357292363512e-23, nan 
-23.125, -70.375, 1.615157099403972e-23, nan 
-22.875, -70.375, 1.7793187348414826e-23, nan 
-22.625, -70.375, 2.0596185320518163e-23, nan 
-22.375, -70.375, 1.8858967191922066e-23, nan 
-22.125, -70.375, 1.8063140625344988e-23, nan 
-21.875, -70.375, 1.7136163776522588e-23, nan 
-21.625, -70.375, 2.113123393785225e-23, nan 
-21.375, -70.375, 1.352022718358717e-23, nan 
-21.125, -70.375, 1.2748684394365611e-23, nan 
-20.875, -70.375, 1.1958412962257959e-23, nan 
-20.625, -70.375, 1.5599898235598775e-23, nan 
-20.375, -70.375, 1.4772775914095885e-23, nan 
-20.125, -70.375, 1.6683914401904416e-23, nan 
-19.875, -70.375, 2.055015629781773e-23, nan 
-19.625, -70.375, 3.62603731855312e-23, nan 
-19.375, -70.375, 4.0483567821596765e-23, nan 
-19.125, -70.375, 3.8206440068935455e-23, nan 
-18.875, -70.375, 4.1442172896713716e-23, nan 
-18.625, -70.375, 5.133793993039922e-23, nan 
-18.375, -70.375, 4.3340895688099877e-23, nan 
-18.125, -70.375, 1.2727842340844025e-23, nan 
-17.875, -70.375, 7.595078461977576e-24, nan 
-17.625, -70.375, 1.0741834190021912e-23, nan 
-17.375, -70.375, 9.839044964716162e-24, nan 
-17.125, -70.375, 2.338819621411804e-23, nan 
-16.875, -70.375, 3.6624838045993215e-23, nan 
-16.625, -70.375, 3.2037852625542903e-23, nan 
-16.375, -70.375, 4.055310904922257e-23, nan 
-16.125, -70.375, 4.0505332113267244e-23, nan 
-15.875, -70.375, 4.274346035392259e-23, nan 
-15.625, -70.375, 1.5840648426447166e-23, nan 
-15.375, -70.375, 3.068510136568829e-23, nan 
-15.125, -70.375, 5.894820839119678e-23, nan 
-14.875, -70.375, 1.8636000828911522e-23, nan 
-14.625, -70.375, 2.6653589526165926e-23, nan 
-14.375, -70.375, 3.614427641662187e-23, nan 
-14.125, -70.375, 2.7376669203970465e-23, nan 
-13.875, -70.375, 4.7834864078455596e-23, nan 
-13.625, -70.375, 4.1387606254550174e-23, nan 
-13.375, -70.375, 3.9137067599375194e-23, nan 
-13.125, -70.375, 3.0947655643821136e-23, nan 
-12.875, -70.375, 2.4392293326334262e-23, nan 
-12.625, -70.375, 2.289500959198423e-23, nan 
-12.375, -70.375, 1.2032785565889372e-23, nan 
-12.125, -70.375, 3.602227725895579e-24, nan 
-11.875, -70.375, 8.747492441626185e-24, nan 
-11.625, -70.375, 7.516007092971285e-24, nan 
-11.375, -70.375, 7.9257001272427e-24, nan 
-11.125, -70.375, 8.29819147681853e-24, nan 
-10.875, -70.375, 4.275284986437844e-24, nan 
-10.625, -70.375, 7.467960815372667e-24, nan 
-10.375, -70.375, 7.616345569202357e-24, nan 
-10.125, -70.375, 5.2311567711042196e-24, nan 
-9.875, -70.375, 7.915636885644199e-24, nan 
-9.625, -70.375, 8.395452692657517e-24, nan 
-9.375, -70.375, 1.1311894716007848e-23, nan 
-9.125, -70.375, 1.1685635287306248e-23, nan 
-8.875, -70.375, 5.510708448097008e-24, nan 
-8.625, -70.375, 3.462374410907975e-24, nan 
-8.375, -70.375, 6.078018831275909e-24, nan 
-8.125, -70.375, 1.024524117859197e-23, nan 
-7.875, -70.375, 1.2159688900670011e-23, nan 
-7.625, -70.375, 8.07989241203082e-24, nan 
-7.375, -70.375, 1.389777301373171e-23, nan 
-7.125, -70.375, 1.1540627100131885e-23, nan 
-6.875, -70.375, 2.2503172111136503e-23, nan 
-6.625, -70.375, 2.655144096209627e-23, nan 
-6.375, -70.375, 2.4467332551031914e-23, nan 
-6.125, -70.375, 2.5178148860846422e-23, nan 
-5.875, -70.375, 2.5584940293333162e-23, nan 
-5.625, -70.375, 2.4513602730759573e-23, nan 
-5.375, -70.375, 2.2490186954936436e-23, nan 
-5.125, -70.375, 1.9454235147964966e-23, nan 
-4.875, -70.375, 1.619384239918994e-23, nan 
-4.625, -70.375, 8.756019774017137e-24, nan 
-4.375, -70.375, 2.5800698708595108e-24, nan 
-4.125, -70.375, 3.836247525906237e-24, nan 
-3.875, -70.375, 1.8814701222993963e-24, nan 
-3.625, -70.375, 1.2257702707491152e-23, nan 
-3.375, -70.375, 2.2250141251975978e-23, nan 
-3.125, -70.375, 2.3623823078954998e-23, nan 
-2.875, -70.375, 3.6796430296711197e-23, nan 
-2.625, -70.375, 4.9910972476081625e-23, nan 
-2.375, -70.375, 5.363946945575091e-23, nan 
-2.125, -70.375, 3.0112586880703576e-23, nan 
-1.875, -70.375, 1.6412536752459496e-23, nan 
-1.625, -70.375, 1.190517342468678e-23, nan 
-1.375, -70.375, 1.3402449270700116e-23, nan 
-1.125, -70.375, 1.9033890371236152e-23, nan 
-0.875, -70.375, 1.8677358732182978e-23, nan 
-0.625, -70.375, 3.592655417043201e-23, nan 
-0.375, -70.375, 4.912075664980044e-23, nan 
-0.125, -70.375, 3.995252191320181e-23, nan 
0.125, -70.375, 5.583015818175789e-23, nan 
0.375, -70.375, 5.247244264528904e-23, nan 
0.625, -70.375, 3.602174807050134e-23, nan 
0.875, -70.375, 4.66585454503357e-23, nan 
1.125, -70.375, 5.472551607717661e-23, nan 
1.375, -70.375, 3.5885365891178817e-23, nan 
1.625, -70.375, 3.9851551374743955e-23, nan 
-26.875, -70.125, 1.949952316042149e-23, nan 
-26.625, -70.125, 1.7170832297663333e-23, nan 
-26.375, -70.125, 1.0348001200723057e-23, nan 
-26.125, -70.125, 1.2177644664650603e-23, nan 
-25.875, -70.125, 7.99280229116557e-24, nan 
-25.625, -70.125, 8.645408334294068e-24, nan 
-25.375, -70.125, 1.0894081600369795e-23, nan 
-25.125, -70.125, 1.6066316779252534e-23, nan 
-24.875, -70.125, 1.7759154752177165e-23, nan 
-24.625, -70.125, 2.0253193670800575e-23, nan 
-24.375, -70.125, 2.298312476773976e-23, nan 
-24.125, -70.125, 2.2491388613476583e-23, nan 
-23.875, -70.125, 2.1759541481713426e-23, nan 
-23.625, -70.125, 1.835081259297544e-23, nan 
-23.375, -70.125, 1.7488790339780482e-23, nan 
-23.125, -70.125, 2.1847694643984087e-23, nan 
-22.875, -70.125, 2.157770039386372e-23, nan 
-22.625, -70.125, 2.2160771826756194e-23, nan 
-22.375, -70.125, 1.9231637989477594e-23, nan 
-22.125, -70.125, 1.6402964553487285e-23, nan 
-21.875, -70.125, 1.957345782161687e-23, nan 
-21.625, -70.125, 1.5624803734156413e-23, nan 
-21.375, -70.125, 1.6459337505877137e-23, nan 
-21.125, -70.125, 1.50227467523662e-23, nan 
-20.875, -70.125, 1.0782978569058947e-23, nan 
-20.625, -70.125, 8.665199464965056e-24, nan 
-20.375, -70.125, 1.1207092377189928e-23, nan 
-20.125, -70.125, 1.6336735349277115e-23, nan 
-19.875, -70.125, 1.7355422566595402e-23, nan 
-19.625, -70.125, 1.8063156826488688e-23, nan 
-19.375, -70.125, 1.748627021378343e-23, nan 
-19.125, -70.125, 2.44332193672787e-23, nan 
-18.875, -70.125, 4.147528766019335e-23, nan 
-18.625, -70.125, 4.823168051269858e-23, nan 
-18.375, -70.125, 3.1147431717009485e-23, nan 
-18.125, -70.125, 3.2762275881091717e-23, nan 
-17.875, -70.125, 3.253674505824804e-23, nan 
-17.625, -70.125, 1.8283727959251702e-23, nan 
-17.375, -70.125, 6.009327029041288e-24, nan 
-17.125, -70.125, 7.45140607235458e-24, nan 
-16.875, -70.125, 9.600166947626507e-24, nan 
-16.625, -70.125, 1.0812002955185692e-23, nan 
-16.375, -70.125, 1.3180726858751397e-23, nan 
-16.125, -70.125, 2.5697167050503856e-23, nan 
-15.875, -70.125, 2.8723708805943396e-23, nan 
-15.625, -70.125, 1.947653779933591e-23, nan 
-15.375, -70.125, 3.333638263155103e-23, nan 
-15.125, -70.125, 3.1941379065615946e-23, nan 
-14.875, -70.125, 2.0465319705188614e-23, nan 
-14.625, -70.125, 2.289976611145402e-23, nan 
-14.375, -70.125, 2.7926504936781254e-23, nan 
-14.125, -70.125, 3.117962879986468e-23, nan 
-13.875, -70.125, 5.600949211444804e-23, nan 
-13.625, -70.125, 5.527981302570716e-23, nan 
-13.375, -70.125, 5.2627437164279905e-23, nan 
-13.125, -70.125, 4.8922958965785137e-23, nan 
-12.875, -70.125, 4.4986255569918516e-23, nan 
-12.625, -70.125, 4.2166337841684243e-23, nan 
-12.375, -70.125, 3.440074440312569e-23, nan 
-12.125, -70.125, 1.6692211842565324e-23, nan 
-11.875, -70.125, 2.9258115532749535e-24, nan 
-11.625, -70.125, 1.1514834542357424e-23, nan 
-11.375, -70.125, 5.1759004776918874e-24, nan 
-11.125, -70.125, 5.847065999106018e-24, nan 
-10.875, -70.125, 5.753033581638749e-24, nan 
-10.625, -70.125, 7.030751036653681e-24, nan 
-10.375, -70.125, 1.0526306019667243e-23, nan 
-10.125, -70.125, 8.44939854579559e-24, nan 
-9.875, -70.125, 7.797255413338447e-24, nan 
-9.625, -70.125, 1.2220232377377836e-23, nan 
-9.375, -70.125, 1.486365324637179e-23, nan 
-9.125, -70.125, 1.300021455705728e-23, nan 
-8.875, -70.125, 1.2984836551650244e-23, nan 
-8.625, -70.125, 1.582702497883348e-23, nan 
-8.375, -70.125, 1.1211112365925933e-23, nan 
-8.125, -70.125, 9.238019602019904e-24, nan 
-7.875, -70.125, 1.2850783932917253e-23, nan 
-7.625, -70.125, 1.2795094972956578e-23, nan 
-7.375, -70.125, 2.315280285493969e-23, nan 
-7.125, -70.125, 1.5106705728299273e-23, nan 
-6.875, -70.125, 1.0404292273158216e-23, nan 
-6.625, -70.125, 1.472986472854136e-23, nan 
-6.375, -70.125, 1.3462938691826396e-23, nan 
-6.125, -70.125, 1.2618573697088446e-23, nan 
-5.875, -70.125, 1.1780327666182144e-23, nan 
-5.625, -70.125, 1.3550919555385003e-23, nan 
-5.375, -70.125, 1.541303758339653e-23, nan 
-5.125, -70.125, 1.2664116441020889e-23, nan 
-4.875, -70.125, 1.7815329017300997e-23, nan 
-4.625, -70.125, 1.516687936429854e-23, nan 
-4.375, -70.125, 7.691198755023927e-24, nan 
-4.125, -70.125, 9.14738113083604e-24, nan 
-3.875, -70.125, 1.2492899753528038e-23, nan 
-3.625, -70.125, 1.516749849895724e-23, nan 
-3.375, -70.125, 1.4770005152670603e-23, nan 
-3.125, -70.125, 7.697947354881239e-24, nan 
-2.875, -70.125, 4.2936268129377895e-24, nan 
-2.625, -70.125, 7.942103422357535e-24, nan 
-2.375, -70.125, 1.1371105798023935e-23, nan 
-2.125, -70.125, 6.72904685786268e-24, nan 
-1.875, -70.125, 8.803920764834077e-24, nan 
-1.625, -70.125, 1.1258950599894434e-23, nan 
-1.375, -70.125, 1.2556806628080733e-23, nan 
-1.125, -70.125, 9.16231537452601e-24, nan 
-0.875, -70.125, 1.1978186703071812e-23, nan 
-0.625, -70.125, 1.5820240486582423e-23, nan 
-0.375, -70.125, 3.3744481980690497e-23, nan 
-0.125, -70.125, 5.480902678877683e-23, nan 
0.125, -70.125, 4.62194668007465e-23, nan 
0.375, -70.125, 4.7942275369683084e-23, nan 
0.625, -70.125, 6.887637212700785e-23, nan 
0.875, -70.125, 1.4597672382701627e-23, nan 
1.125, -70.125, 1.7642211240980663e-23, nan 
1.375, -70.125, 3.3731925356695376e-23, nan 
1.625, -70.125, 2.3953314997213972e-23, nan 
-26.625, -69.875, 4.5079618218274595e-23, nan 
-26.375, -69.875, 4.22294106609702e-23, nan 
-26.125, -69.875, 1.2705651555283572e-23, nan 
-25.875, -69.875, 1.988877996673557e-23, nan 
-25.625, -69.875, 1.4939143274832732e-23, nan 
-25.375, -69.875, 1.559405224129738e-23, nan 
-25.125, -69.875, 1.75778569731477e-23, nan 
-24.875, -69.875, 1.969120223415795e-23, nan 
-24.625, -69.875, 2.13442787780061e-23, nan 
-24.375, -69.875, 1.8946645938717815e-23, nan 
-24.125, -69.875, 1.906643996174906e-23, nan 
-23.875, -69.875, 1.506335505101877e-23, nan 
-23.625, -69.875, 1.7760795356657816e-23, nan 
-23.375, -69.875, 1.8909730382504293e-23, nan 
-23.125, -69.875, 2.4217296715003013e-23, nan 
-22.875, -69.875, 2.309560922114977e-23, nan 
-22.625, -69.875, 2.1468822634189285e-23, nan 
-22.375, -69.875, 1.8983408651816488e-23, nan 
-22.125, -69.875, 1.3100310350605263e-23, nan 
-21.875, -69.875, 1.433833805393478e-23, nan 
-21.625, -69.875, 1.138597833058047e-23, nan 
-21.375, -69.875, 1.5752847751452826e-23, nan 
-21.125, -69.875, 1.2695634631894918e-23, nan 
-20.875, -69.875, 9.540211433599303e-24, nan 
-20.625, -69.875, 8.446450114122379e-24, nan 
-20.375, -69.875, 8.706859427902888e-24, nan 
-20.125, -69.875, 1.1782467016461111e-23, nan 
-19.875, -69.875, 1.5022221455763595e-23, nan 
-19.625, -69.875, 1.5172539710526806e-23, nan 
-19.375, -69.875, 2.4903924165555494e-23, nan 
-19.125, -69.875, 2.5591001878245757e-23, nan 
-18.875, -69.875, 2.827464177891316e-23, nan 
-18.625, -69.875, 3.8459329355032257e-23, nan 
-18.375, -69.875, 3.2744580034416044e-23, nan 
-18.125, -69.875, 4.7047520986673545e-23, nan 
-17.875, -69.875, 3.492950134090929e-23, nan 
-17.625, -69.875, 2.3465108958891786e-23, nan 
-17.375, -69.875, 3.1339576500612538e-24, nan 
-17.125, -69.875, 4.090792508594369e-24, nan 
-16.875, -69.875, 4.032490420760142e-24, nan 
-16.625, -69.875, 4.282755010012567e-24, nan 
-16.375, -69.875, 2.8653766721118984e-23, nan 
-16.125, -69.875, 3.2484196727120975e-23, nan 
-15.875, -69.875, 3.5611869026491793e-23, nan 
-15.625, -69.875, 4.1471053360784913e-23, nan 
-15.375, -69.875, 5.316570870071532e-23, nan 
-15.125, -69.875, 5.539614837648158e-23, nan 
-14.875, -69.875, 4.540291025428172e-23, nan 
-14.625, -69.875, 5.0563765991304736e-23, nan 
-14.375, -69.875, 4.7347118378981994e-23, nan 
-14.125, -69.875, 3.295617902369939e-23, nan 
-13.875, -69.875, 2.649498179846161e-23, nan 
-13.625, -69.875, 4.3393957061103254e-23, nan 
-13.375, -69.875, 5.627449933624094e-23, nan 
-13.125, -69.875, 7.075047539791581e-23, nan 
-12.875, -69.875, 5.601726068794006e-23, nan 
-12.625, -69.875, 5.400849869189492e-23, nan 
-12.375, -69.875, 5.648029820763828e-23, nan 
-12.125, -69.875, 3.5637159882896314e-23, nan 
-11.875, -69.875, 1.3206404234801982e-23, nan 
-11.625, -69.875, 9.165929027883822e-24, nan 
-11.375, -69.875, 2.7203134635818554e-24, nan 
-11.125, -69.875, 4.597736916098186e-24, nan 
-10.875, -69.875, 3.9937745829197916e-24, nan 
-10.625, -69.875, 6.2443785245369316e-24, nan 
-10.375, -69.875, 8.918642625612123e-24, nan 
-10.125, -69.875, 9.0113512804568e-24, nan 
-9.875, -69.875, 8.730145735067106e-24, nan 
-9.625, -69.875, 7.07476776817511e-24, nan 
-9.375, -69.875, 8.53837056206525e-24, nan 
-9.125, -69.875, 8.159327854508543e-24, nan 
-8.875, -69.875, 1.444520425791578e-23, nan 
-8.625, -69.875, 1.6121691611371804e-23, nan 
-8.375, -69.875, 1.369703536357743e-23, nan 
-8.125, -69.875, 2.5979046439042774e-23, nan 
-7.875, -69.875, 1.6589111207349623e-23, nan 
-7.625, -69.875, 1.4574807440533164e-23, nan 
-7.375, -69.875, 3.0181975954995556e-23, nan 
-7.125, -69.875, 1.6598093215740658e-23, nan 
-6.875, -69.875, 1.170317393949616e-23, nan 
-6.625, -69.875, 1.2028693226184617e-23, nan 
-6.375, -69.875, 1.2289198007468031e-23, nan 
-6.125, -69.875, 1.0158067684036412e-23, nan 
-5.875, -69.875, 1.464771020305765e-23, nan 
-5.625, -69.875, 1.8638031493387847e-23, nan 
-5.375, -69.875, 1.4889936124542287e-23, nan 
-5.125, -69.875, 1.5836668611917556e-23, nan 
-4.875, -69.875, 2.4820624780300828e-23, nan 
-4.625, -69.875, 1.0349882607621226e-23, nan 
-4.375, -69.875, 1.533291759195647e-23, nan 
-4.125, -69.875, 3.0117377418774415e-23, nan 
-3.875, -69.875, 1.671803563796734e-23, nan 
-3.625, -69.875, 1.9000904374594663e-23, nan 
-3.375, -69.875, 2.0247247443091327e-23, nan 
-3.125, -69.875, 1.3213870149269178e-23, nan 
-2.875, -69.875, 1.2524272084855426e-23, nan 
-2.625, -69.875, 1.4348970740451763e-23, nan 
-2.375, -69.875, 1.756934084339677e-23, nan 
-2.125, -69.875, 1.423231142128404e-23, nan 
-1.875, -69.875, 1.2348644862129528e-23, nan 
-1.625, -69.875, 1.600033041612968e-23, nan 
-1.375, -69.875, 1.6004894288443484e-23, nan 
-1.125, -69.875, 1.4358446684519815e-23, nan 
-0.875, -69.875, 8.545627405622863e-24, nan 
-0.625, -69.875, 8.784994444040416e-24, nan 
-0.375, -69.875, 1.2523515884387378e-23, nan 
-0.125, -69.875, 1.4534875514454193e-23, nan 
0.125, -69.875, 1.3690064513002064e-23, nan 
0.375, -69.875, 2.870055354352853e-23, nan 
0.625, -69.875, 3.9663243897990474e-23, nan 
0.875, -69.875, 1.9069325559924183e-23, nan 
1.125, -69.875, 1.2379464703131247e-23, nan 
1.375, -69.875, 6.538017234529931e-24, nan 
1.625, -69.875, 4.451419355593053e-24, nan 
1.875, -69.875, 1.1870839828759487e-23, nan 
-26.375, -69.625, 6.276712068622463e-23, nan 
-26.125, -69.625, 4.7355053185555546e-23, nan 
-25.875, -69.625, 6.683052729390881e-23, nan 
-25.625, -69.625, 4.8476715643689165e-23, nan 
-25.375, -69.625, 1.9420122367182363e-23, nan 
-25.125, -69.625, 1.7474138735062447e-23, nan 
-24.875, -69.625, 1.8845128268115467e-23, nan 
-24.625, -69.625, 2.15164320508452e-23, nan 
-24.375, -69.625, 2.0503904802943713e-23, nan 
-24.125, -69.625, 2.1223697246924167e-23, nan 
-23.875, -69.625, 1.937713391305165e-23, nan 
-23.625, -69.625, 2.3440399148509352e-23, nan 
-23.375, -69.625, 2.1235527152855676e-23, nan 
-23.125, -69.625, 2.634380706758705e-23, nan 
-22.875, -69.625, 2.753456862947049e-23, nan 
-22.625, -69.625, 2.5805554000625553e-23, nan 
-22.375, -69.625, 2.5845277056618198e-23, nan 
-22.125, -69.625, 2.5388233580180706e-23, nan 
-21.875, -69.625, 2.3135240540592815e-23, nan 
-21.625, -69.625, 2.204328583538615e-23, nan 
-21.375, -69.625, 1.2787144938213037e-23, nan 
-21.125, -69.625, 6.997145540185797e-24, nan 
-20.875, -69.625, 7.636328037937998e-24, nan 
-20.625, -69.625, 7.072682979559774e-24, nan 
-20.375, -69.625, 8.875957944300156e-24, nan 
-20.125, -69.625, 1.3946565992512168e-23, nan 
-19.875, -69.625, 9.753666234294225e-24, nan 
-19.625, -69.625, 1.0744854821090683e-23, nan 
-19.375, -69.625, 2.6420243038300504e-23, nan 
-19.125, -69.625, 3.1760998501865627e-23, nan 
-18.875, -69.625, 1.7156740161434493e-23, nan 
-18.625, -69.625, 3.8885849857269234e-23, nan 
-18.375, -69.625, 5.796320306840353e-23, nan 
-18.125, -69.625, 5.86529986389253e-23, nan 
-17.875, -69.625, 5.972611968450552e-23, nan 
-17.625, -69.625, 4.71779843010879e-23, nan 
-17.375, -69.625, 4.4307703413871613e-23, nan 
-17.125, -69.625, 2.7415859602709464e-23, nan 
-16.875, -69.625, 2.864311263460595e-23, nan 
-16.625, -69.625, 5.431330612861741e-23, nan 
-16.375, -69.625, 5.010631251140814e-23, nan 
-16.125, -69.625, 5.54635968620744e-23, nan 
-15.875, -69.625, 5.786778168203856e-23, nan 
-15.625, -69.625, 4.9318376064548136e-23, nan 
-15.375, -69.625, 5.3060120291283e-23, nan 
-15.125, -69.625, 5.222097108654022e-23, nan 
-14.875, -69.625, 4.374229180398775e-23, nan 
-14.625, -69.625, 4.562438651714371e-23, nan 
-14.375, -69.625, 4.5249697763052014e-23, nan 
-14.125, -69.625, 7.889251647146221e-23, nan 
-13.875, -69.625, 8.913516589240907e-23, nan 
-13.625, -69.625, 8.13275902113552e-23, nan 
-13.375, -69.625, 6.899090758908876e-23, nan 
-13.125, -69.625, 7.775069628462618e-23, nan 
-12.875, -69.625, 6.878102805416584e-23, nan 
-12.625, -69.625, 5.346638914459435e-23, nan 
-12.375, -69.625, 2.1276659140250877e-23, nan 
-12.125, -69.625, 1.6666636650817278e-23, nan 
-11.875, -69.625, 7.492458992468494e-24, nan 
-11.625, -69.625, 4.856577918505717e-24, nan 
-11.375, -69.625, 4.2907543545365925e-24, nan 
-11.125, -69.625, 5.236378326811764e-24, nan 
-10.875, -69.625, 5.1779031575826025e-24, nan 
-10.625, -69.625, 5.951504070116899e-24, nan 
-10.375, -69.625, 7.249088438688907e-24, nan 
-10.125, -69.625, 8.618797121905025e-24, nan 
-9.875, -69.625, 9.492203239648262e-24, nan 
-9.625, -69.625, 1.1204975786377347e-23, nan 
-9.375, -69.625, 1.3632876674395403e-23, nan 
-9.125, -69.625, 1.258893275923624e-23, nan 
-8.875, -69.625, 1.2002837893495123e-23, nan 
-8.625, -69.625, 9.235570059414262e-24, nan 
-8.375, -69.625, 1.2506377489740245e-23, nan 
-8.125, -69.625, 1.7522228406647196e-23, nan 
-7.875, -69.625, 1.1484518628772416e-23, nan 
-7.625, -69.625, 1.1150371740759747e-23, nan 
-7.375, -69.625, 6.659070010624452e-24, nan 
-7.125, -69.625, 1.0545076914568775e-23, nan 
-6.875, -69.625, 8.884202519195089e-24, nan 
-6.625, -69.625, 6.425367556975133e-24, nan 
-6.375, -69.625, 5.2252307338719186e-24, nan 
-6.125, -69.625, 6.002698979467782e-24, nan 
-5.875, -69.625, 1.0382808957726202e-23, nan 
-5.625, -69.625, 1.2367960581126995e-23, nan 
-5.375, -69.625, 9.57467771981185e-24, nan 
-5.125, -69.625, 9.249054517920469e-24, nan 
-4.875, -69.625, 2.547279213379338e-24, nan 
-4.625, -69.625, 6.148416802768802e-24, nan 
-4.375, -69.625, 1.2653810595003376e-23, nan 
-4.125, -69.625, 2.172973711718991e-23, nan 
-3.875, -69.625, 1.3845205667709876e-23, nan 
-3.625, -69.625, 1.1206148976627463e-23, nan 
-3.375, -69.625, 1.2207608179480617e-23, nan 
-3.125, -69.625, 1.5001584191636634e-23, nan 
-2.875, -69.625, 1.5520471065019056e-23, nan 
-2.625, -69.625, 1.448104254451454e-23, nan 
-2.375, -69.625, 1.2694095228784215e-23, nan 
-2.125, -69.625, 1.3798813020866463e-23, nan 
-1.875, -69.625, 1.0705873046057045e-23, nan 
-1.625, -69.625, 1.1530643983484242e-23, nan 
-1.375, -69.625, 8.115452293684539e-24, nan 
-1.125, -69.625, 8.606760964236085e-24, nan 
-0.875, -69.625, 8.184324890664832e-24, nan 
-0.625, -69.625, 5.958020890657797e-24, nan 
-0.375, -69.625, 9.606761691292722e-24, nan 
-0.125, -69.625, 1.01052367482252e-23, nan 
0.125, -69.625, 1.2527048205378334e-23, nan 
0.375, -69.625, 7.831326219723872e-24, nan 
0.625, -69.625, 9.788890140088497e-24, nan 
0.875, -69.625, 3.0109460865030624e-23, nan 
1.125, -69.625, 1.537700945346722e-23, nan 
1.375, -69.625, 5.9951684186274534e-24, nan 
1.625, -69.625, 1.5085448037211675e-23, nan 
1.875, -69.625, 1.110299431202436e-23, nan 
2.125, -69.625, 6.101415707771674e-24, nan 
-26.375, -69.375, 5.738768445066872e-23, nan 
-26.125, -69.375, 5.713420912249017e-23, nan 
-25.875, -69.375, 5.71856355914942e-23, nan 
-25.625, -69.375, 5.783931236894621e-23, nan 
-25.375, -69.375, 4.905957994896276e-23, nan 
-25.125, -69.375, 3.5941618521730976e-23, nan 
-24.875, -69.375, 8.208196556147025e-24, nan 
-24.625, -69.375, 9.669507883997808e-24, nan 
-24.375, -69.375, 1.5132077752449672e-23, nan 
-24.125, -69.375, 1.5510967176824534e-23, nan 
-23.875, -69.375, 1.728724926292712e-23, nan 
-23.625, -69.375, 2.063470483176658e-23, nan 
-23.375, -69.375, 1.8330454721331537e-23, nan 
-23.125, -69.375, 2.0651530182250545e-23, nan 
-22.875, -69.375, 2.048655321383063e-23, nan 
-22.625, -69.375, 2.248235879596358e-23, nan 
-22.375, -69.375, 2.377223523782269e-23, nan 
-22.125, -69.375, 2.723708583510091e-23, nan 
-21.875, -69.375, 2.7320580617873694e-23, nan 
-21.625, -69.375, 2.6456568903920952e-23, nan 
-21.375, -69.375, 1.6814513685075272e-23, nan 
-21.125, -69.375, 2.1421043084703724e-23, nan 
-20.875, -69.375, 2.3531736268472445e-23, nan 
-20.625, -69.375, 1.8240649691684038e-23, nan 
-20.375, -69.375, 1.5831990851790565e-23, nan 
-20.125, -69.375, 1.3749037115666414e-23, nan 
-19.875, -69.375, 1.311402088465773e-23, nan 
-19.625, -69.375, 1.707448943636741e-23, nan 
-19.375, -69.375, 2.2740113499919716e-23, nan 
-19.125, -69.375, 2.0960037524457648e-23, nan 
-18.875, -69.375, 1.6607347388204648e-23, nan 
-18.625, -69.375, 1.4359874417307823e-23, nan 
-18.375, -69.375, 5.316042296365936e-23, nan 
-18.125, -69.375, 7.119424374536372e-23, nan 
-17.875, -69.375, 7.878841947595631e-23, nan 
-17.625, -69.375, 7.71339132692744e-23, nan 
-17.375, -69.375, 1.0577894502735478e-22, nan 
-17.125, -69.375, 8.947048923890345e-23, nan 
-16.875, -69.375, 5.611947634937776e-23, nan 
-16.625, -69.375, 6.836017671603351e-23, nan 
-16.375, -69.375, 7.156347596252848e-23, nan 
-16.125, -69.375, 9.106122021748544e-23, nan 
-15.875, -69.375, 6.545820516923905e-23, nan 
-15.625, -69.375, 5.571451012968635e-23, nan 
-15.375, -69.375, 7.035339100196392e-23, nan 
-15.125, -69.375, 7.373727878820783e-23, nan 
-14.875, -69.375, 9.46247933912602e-23, nan 
-14.625, -69.375, 9.464096392061462e-23, nan 
-14.375, -69.375, 8.774136375400489e-23, nan 
-14.125, -69.375, 9.627099409960739e-23, nan 
-13.875, -69.375, 9.201469478893267e-23, nan 
-13.625, -69.375, 8.200578663646889e-23, nan 
-13.375, -69.375, 5.895071927644247e-23, nan 
-13.125, -69.375, 4.1174837645903104e-23, nan 
-12.875, -69.375, 3.850588840109534e-23, nan 
-12.625, -69.375, 3.8994892903202546e-23, nan 
-12.375, -69.375, 3.4772981247566734e-23, nan 
-12.125, -69.375, 1.195529212220764e-23, nan 
-11.875, -69.375, 1.8480620226110447e-23, nan 
-11.625, -69.375, 2.0695738409615547e-23, nan 
-11.375, -69.375, 1.4581527538510195e-23, nan 
-11.125, -69.375, 1.1812446067139217e-23, nan 
-10.875, -69.375, 1.749559843964552e-23, nan 
-10.625, -69.375, 1.413033624341941e-23, nan 
-10.375, -69.375, 1.2530267559335466e-23, nan 
-10.125, -69.375, 1.6292511926594307e-23, nan 
-9.875, -69.375, 1.5052469335059725e-23, nan 
-9.625, -69.375, 1.4932987850052456e-23, nan 
-9.375, -69.375, 1.8341491848586223e-23, nan 
-9.125, -69.375, 1.5077257519395388e-23, nan 
-8.875, -69.375, 1.027937272846324e-23, nan 
-8.625, -69.375, 9.210863771302143e-24, nan 
-8.375, -69.375, 1.6985684888116466e-23, nan 
-8.125, -69.375, 1.7682237003886484e-23, nan 
-7.875, -69.375, 1.1999867664113561e-23, nan 
-7.625, -69.375, 4.195143865186438e-24, nan 
-7.375, -69.375, 5.3412169140478834e-24, nan 
-7.125, -69.375, 5.540508826646305e-24, nan 
-6.875, -69.375, 3.8691754058575836e-24, nan 
-6.625, -69.375, 3.784579897295314e-24, nan 
-6.375, -69.375, 4.6622588106541915e-24, nan 
-6.125, -69.375, 3.693093460601698e-24, nan 
-5.875, -69.375, 5.2760625653281165e-24, nan 
-5.625, -69.375, 4.3191089847066566e-24, nan 
-5.375, -69.375, 3.1284317321746288e-24, nan 
-5.125, -69.375, 4.980125405345312e-24, nan 
-4.875, -69.375, 5.396540915873879e-24, nan 
-4.625, -69.375, 9.082349542574049e-24, nan 
-4.375, -69.375, 1.1099293961678284e-23, nan 
-4.125, -69.375, 1.0189241482425957e-23, nan 
-3.875, -69.375, 1.4636655526235444e-23, nan 
-3.625, -69.375, 2.3274094221917598e-23, nan 
-3.375, -69.375, 1.6528952984976008e-23, nan 
-3.125, -69.375, 1.7284647738984103e-23, nan 
-2.875, -69.375, 2.2411255261738003e-23, nan 
-2.625, -69.375, 1.464949092671378e-23, nan 
-2.375, -69.375, 1.1566381470064048e-23, nan 
-2.125, -69.375, 9.135198115196684e-24, nan 
-1.875, -69.375, 8.473327345300598e-24, nan 
-1.625, -69.375, 7.607024000917495e-24, nan 
-1.375, -69.375, 8.375883969387111e-24, nan 
-1.125, -69.375, 7.196227595456703e-24, nan 
-0.875, -69.375, 8.143911595850664e-24, nan 
-0.625, -69.375, 7.77066632454899e-24, nan 
-0.375, -69.375, 6.973843182464492e-24, nan 
-0.125, -69.375, 8.232027612447489e-24, nan 
0.125, -69.375, 9.752666265205979e-24, nan 
0.375, -69.375, 8.755206903294672e-24, nan 
0.625, -69.375, 1.2469847117481294e-23, nan 
0.875, -69.375, 2.196391156546151e-23, nan 
1.125, -69.375, 1.3154178183744314e-23, nan 
1.375, -69.375, 4.952223484061323e-24, nan 
1.625, -69.375, 7.096657683427589e-24, nan 
1.875, -69.375, 6.6158493581710545e-24, nan 
2.125, -69.375, 4.845678910970649e-24, nan 
-26.125, -69.125, 6.302532664214385e-23, nan 
-25.875, -69.125, 5.386414742439076e-23, nan 
-25.625, -69.125, 6.346011746134977e-23, nan 
-25.375, -69.125, 5.683642398053931e-23, nan 
-25.125, -69.125, 3.207286789147988e-23, nan 
-24.875, -69.125, 1.1564323452308146e-23, nan 
-24.625, -69.125, 1.060271399890812e-23, nan 
-24.375, -69.125, 1.53759327531745e-23, nan 
-24.125, -69.125, 9.941064351299266e-24, nan 
-23.875, -69.125, 1.2383674113478101e-23, nan 
-23.625, -69.125, 1.5315289146754984e-23, nan 
-23.375, -69.125, 1.3832628275387422e-23, nan 
-23.125, -69.125, 1.1795042369720197e-23, nan 
-22.875, -69.125, 1.0649282728873347e-23, nan 
-22.625, -69.125, 1.1810704091358582e-23, nan 
-22.375, -69.125, 9.767120426980838e-24, nan 
-22.125, -69.125, 1.3882328736904896e-23, nan 
-21.875, -69.125, 1.1510307253093729e-23, nan 
-21.625, -69.125, 1.3235878646815252e-23, nan 
-21.375, -69.125, 1.2321700288831744e-23, nan 
-21.125, -69.125, 1.641758601393261e-23, nan 
-20.875, -69.125, 2.127075957562896e-23, nan 
-20.625, -69.125, 1.7925458167319373e-23, nan 
-20.375, -69.125, 1.5266581040497548e-23, nan 
-20.125, -69.125, 1.3745951429583053e-23, nan 
-19.875, -69.125, 1.378139728160719e-23, nan 
-19.625, -69.125, 1.4338950528355995e-23, nan 
-19.375, -69.125, 1.3851377667569296e-23, nan 
-19.125, -69.125, 1.065846995718544e-23, nan 
-18.875, -69.125, 1.095997654980816e-23, nan 
-18.625, -69.125, 7.937523857210004e-24, nan 
-18.375, -69.125, 9.945446392633562e-24, nan 
-18.125, -69.125, 2.146910289082308e-23, nan 
-17.875, -69.125, 2.911739226380954e-23, nan 
-17.625, -69.125, 8.014522122783412e-23, nan 
-17.375, -69.125, 9.201960899323442e-23, nan 
-17.125, -69.125, 6.815936369696771e-23, nan 
-16.875, -69.125, 6.160234775225063e-23, nan 
-16.625, -69.125, 8.212590432852873e-23, nan 
-16.375, -69.125, 8.76829917438965e-23, nan 
-16.125, -69.125, 7.870072661858161e-23, nan 
-15.875, -69.125, 7.843781016713498e-23, nan 
-15.625, -69.125, 6.389127802705076e-23, nan 
-15.375, -69.125, 8.505718779049572e-23, nan 
-15.125, -69.125, 9.086131756161293e-23, nan 
-14.875, -69.125, 9.247252181842331e-23, nan 
-14.625, -69.125, 8.209938571937592e-23, nan 
-14.375, -69.125, 7.845623901592585e-23, nan 
-14.125, -69.125, 5.004749248775766e-23, nan 
-13.875, -69.125, 3.1862646589685306e-23, nan 
-13.625, -69.125, 3.041480340721148e-23, nan 
-13.375, -69.125, 5.272361173837e-23, nan 
-13.125, -69.125, 4.1419953652621957e-23, nan 
-12.875, -69.125, 2.7894858801163994e-23, nan 
-12.625, -69.125, 1.2369770165854437e-23, nan 
-12.375, -69.125, 1.4138946473756564e-23, nan 
-12.125, -69.125, 8.917723434699887e-24, nan 
-11.875, -69.125, 1.5647775928670178e-23, nan 
-11.625, -69.125, 1.597730311080547e-23, nan 
-11.375, -69.125, 1.388360789843435e-23, nan 
-11.125, -69.125, 1.739559385344443e-23, nan 
-10.875, -69.125, 1.9407050752539535e-23, nan 
-10.625, -69.125, 1.364582240623935e-23, nan 
-10.375, -69.125, 1.3598830796591574e-23, nan 
-10.125, -69.125, 1.2331156703199332e-23, nan 
-9.875, -69.125, 9.876741611964823e-24, nan 
-9.625, -69.125, 1.293418179126083e-23, nan 
-9.375, -69.125, 1.1713196489531902e-23, nan 
-9.125, -69.125, 1.5769042422486975e-23, nan 
-8.875, -69.125, 1.2721727977136442e-23, nan 
-8.625, -69.125, 1.3596057313636246e-23, nan 
-8.375, -69.125, 2.970666176859583e-23, nan 
-8.125, -69.125, 3.3855437596449454e-23, nan 
-7.875, -69.125, 2.368753583068055e-23, nan 
-7.625, -69.125, 1.92436080351023e-23, nan 
-7.375, -69.125, 1.8798690522447686e-23, nan 
-7.125, -69.125, 1.3236219924269643e-23, nan 
-6.875, -69.125, 7.118060997603095e-24, nan 
-6.625, -69.125, 6.003450772298038e-24, nan 
-6.375, -69.125, 9.372028943346083e-24, nan 
-6.125, -69.125, 1.0870201206887346e-23, nan 
-5.875, -69.125, 8.905772947401179e-24, nan 
-5.625, -69.125, 1.0612043998359471e-23, nan 
-5.375, -69.125, 9.33065027173104e-24, nan 
-5.125, -69.125, 1.0316645798460782e-23, nan 
-4.875, -69.125, 1.0406768964848235e-23, nan 
-4.625, -69.125, 1.789155975501602e-23, nan 
-4.375, -69.125, 2.0139264493566213e-23, nan 
-4.125, -69.125, 9.798625263109334e-24, nan 
-3.875, -69.125, 1.521326287533908e-23, nan 
-3.625, -69.125, 2.2071220268189822e-23, nan 
-3.375, -69.125, 2.467704385650404e-23, nan 
-3.125, -69.125, 1.7816292831966067e-23, nan 
-2.875, -69.125, 1.6476489961198432e-23, nan 
-2.625, -69.125, 2.254643856327299e-23, nan 
-2.375, -69.125, 1.7101798009017935e-23, nan 
-2.125, -69.125, 1.1952004534741597e-23, nan 
-1.875, -69.125, 9.6949015955963e-24, nan 
-1.625, -69.125, 9.207804579405624e-24, nan 
-1.375, -69.125, 8.228155664905665e-24, nan 
-1.125, -69.125, 7.279154682219172e-24, nan 
-0.875, -69.125, 7.62548218686606e-24, nan 
-0.625, -69.125, 8.394426855361802e-24, nan 
-0.375, -69.125, 3.42840238987358e-24, nan 
-0.125, -69.125, 5.617537315033126e-24, nan 
0.125, -69.125, 1.2011797073365975e-23, nan 
0.375, -69.125, 7.449524665760405e-24, nan 
0.625, -69.125, 1.8781102012278132e-23, nan 
0.875, -69.125, 1.8163024051184614e-23, nan 
1.125, -69.125, 1.0903121612409348e-23, nan 
1.375, -69.125, 1.7032506066100534e-23, nan 
1.625, -69.125, 7.192323798799456e-24, nan 
1.875, -69.125, 7.00659635192323e-24, nan 
2.125, -69.125, 7.97361569496565e-24, nan 
2.375, -69.125, 9.316845365642975e-24, nan 
-25.875, -68.875, 8.139670847135657e-23, nan 
-25.625, -68.875, 6.239624485501384e-23, nan 
-25.375, -68.875, 8.091002917014959e-23, nan 
-25.125, -68.875, 4.211069719338347e-23, nan 
-24.875, -68.875, 1.569567035219099e-23, nan 
-24.625, -68.875, 9.22657962896349e-24, nan 
-24.375, -68.875, 1.2165251607761504e-23, nan 
-24.125, -68.875, 1.5534306507277728e-23, nan 
-23.875, -68.875, 1.4173857354628134e-23, nan 
-23.625, -68.875, 1.2943709950857996e-23, nan 
-23.375, -68.875, 1.8700420095742372e-23, nan 
-23.125, -68.875, 1.6135290322596812e-23, nan 
-22.875, -68.875, 1.1212513999567289e-23, nan 
-22.625, -68.875, 7.988944069762483e-24, nan 
-22.375, -68.875, 1.1557022285495078e-23, nan 
-22.125, -68.875, 1.4482982417633388e-23, nan 
-21.875, -68.875, 1.7568407417080863e-23, nan 
-21.625, -68.875, 1.7019815884497532e-23, nan 
-21.375, -68.875, 1.3055404099994797e-23, nan 
-21.125, -68.875, 1.533073198609012e-23, nan 
-20.875, -68.875, 1.6171030900916196e-23, nan 
-20.625, -68.875, 8.192462035279723e-24, nan 
-20.375, -68.875, 8.645540524214629e-24, nan 
-20.125, -68.875, 7.902793365240662e-24, nan 
-19.875, -68.875, 6.509536587517777e-24, nan 
-19.625, -68.875, 3.3087483778011475e-24, nan 
-19.375, -68.875, 8.287080471572388e-24, nan 
-19.125, -68.875, 5.9702123888028304e-24, nan 
-18.875, -68.875, 9.516532865394188e-24, nan 
-18.625, -68.875, 1.1832748136417108e-23, nan 
-18.375, -68.875, 1.6350003271400837e-23, nan 
-18.125, -68.875, 2.2510125679609867e-23, nan 
-17.875, -68.875, 2.3453696943919328e-23, nan 
-17.625, -68.875, 2.6074675393506376e-23, nan 
-17.375, -68.875, 2.4137633128507433e-23, nan 
-17.125, -68.875, 1.5374954295798978e-23, nan 
-16.875, -68.875, 3.831942162415054e-23, nan 
-16.625, -68.875, 4.616002656326276e-23, nan 
-16.375, -68.875, 6.11171416190284e-23, nan 
-16.125, -68.875, 4.952828842676315e-23, nan 
-15.875, -68.875, 5.771248538272247e-23, nan 
-15.625, -68.875, 6.905290435796073e-23, nan 
-15.375, -68.875, 5.719173762020182e-23, nan 
-15.125, -68.875, 7.288967540908096e-23, nan 
-14.875, -68.875, 9.173974000653786e-23, nan 
-14.625, -68.875, 7.191639338299872e-23, nan 
-14.375, -68.875, 5.327451125432819e-23, nan 
-14.125, -68.875, 6.935711049618522e-23, nan 
-13.875, -68.875, 6.933413628679181e-23, nan 
-13.625, -68.875, 5.931414269996702e-23, nan 
-13.375, -68.875, 6.267569675894207e-23, nan 
-13.125, -68.875, 7.622569740979129e-23, nan 
-12.875, -68.875, 7.544294517073436e-23, nan 
-12.625, -68.875, 4.714526450920962e-23, nan 
-12.375, -68.875, 2.3738442335692078e-23, nan 
-12.125, -68.875, 2.111716495861508e-23, nan 
-11.875, -68.875, 1.663200893710327e-23, nan 
-11.625, -68.875, 2.0756614769405468e-23, nan 
-11.375, -68.875, 8.266877669869474e-24, nan 
-11.125, -68.875, 1.434826687203865e-23, nan 
-10.875, -68.875, 1.7427973134560682e-23, nan 
-10.625, -68.875, 1.0645820923358234e-23, nan 
-10.375, -68.875, 1.1016539166268076e-23, nan 
-10.125, -68.875, 1.2680678306410815e-23, nan 
-9.875, -68.875, 1.0596222646238424e-23, nan 
-9.625, -68.875, 1.0201966680446798e-23, nan 
-9.375, -68.875, 1.8425475572659286e-23, nan 
-9.125, -68.875, 1.3263698726455795e-23, nan 
-8.875, -68.875, 1.9506788923120653e-23, nan 
-8.625, -68.875, 3.905603506158868e-23, nan 
-8.375, -68.875, 2.426776928656193e-23, nan 
-8.125, -68.875, 2.3617155808740118e-23, nan 
-7.875, -68.875, 3.0711458172814253e-23, nan 
-7.625, -68.875, 1.6372648734960368e-23, nan 
-7.375, -68.875, 7.802819593909212e-24, nan 
-7.125, -68.875, 9.031343903280834e-24, nan 
-6.875, -68.875, 9.222338268521145e-24, nan 
-6.625, -68.875, 7.416387120840171e-24, nan 
-6.375, -68.875, 1.0733532937760394e-23, nan 
-6.125, -68.875, 1.4410453327723598e-23, nan 
-5.875, -68.875, 1.603350562382542e-23, nan 
-5.625, -68.875, 1.533642466359545e-23, nan 
-5.375, -68.875, 1.6028285426090262e-23, nan 
-5.125, -68.875, 1.256583493241461e-23, nan 
-4.875, -68.875, 1.7057561969272692e-23, nan 
-4.625, -68.875, 1.9410180250503693e-23, nan 
-4.375, -68.875, 1.7757792856102865e-23, nan 
-4.125, -68.875, 1.2448361373273678e-23, nan 
-3.875, -68.875, 1.4788879858700996e-23, nan 
-3.625, -68.875, 1.806482739172706e-23, nan 
-3.375, -68.875, 2.1649630927666164e-23, nan 
-3.125, -68.875, 1.9456345769687994e-23, nan 
-2.875, -68.875, 1.4845395587926144e-23, nan 
-2.625, -68.875, 1.7698854137141495e-23, nan 
-2.375, -68.875, 1.6747950573193414e-23, nan 
-2.125, -68.875, 1.3012120421749826e-23, nan 
-1.875, -68.875, 1.1274478176035266e-23, nan 
-1.625, -68.875, 9.372383939178262e-24, nan 
-1.375, -68.875, 9.046001889506906e-24, nan 
-1.125, -68.875, 9.960413050191999e-24, nan 
-0.875, -68.875, 8.62068912468556e-24, nan 
-0.625, -68.875, 1.0195606352181801e-23, nan 
-0.375, -68.875, 9.706633624315376e-24, nan 
-0.125, -68.875, 1.1431590316214602e-23, nan 
0.125, -68.875, 1.1901120561951821e-23, nan 
0.375, -68.875, 1.4504608048004908e-23, nan 
0.625, -68.875, 2.1917353527089926e-23, nan 
0.875, -68.875, 3.7733183618232565e-23, nan 
1.125, -68.875, 2.509252220661138e-23, nan 
1.375, -68.875, 2.5592922011251787e-23, nan 
1.625, -68.875, 2.1713866389270187e-23, nan 
1.875, -68.875, 1.619196698058203e-23, nan 
2.125, -68.875, 1.0073910258871575e-23, nan 
2.375, -68.875, 1.1991056150714394e-23, nan 
-25.625, -68.625, 8.309459855038504e-23, nan 
-25.375, -68.625, 9.716879285197113e-23, nan 
-25.125, -68.625, 6.917148371066671e-23, nan 
-24.875, -68.625, 6.28725224763927e-23, nan 
-24.625, -68.625, 6.359109607876104e-23, nan 
-24.375, -68.625, 4.5023845626738456e-23, nan 
-24.125, -68.625, 2.2437532286550566e-23, nan 
-23.875, -68.625, 2.5637118392289583e-23, nan 
-23.625, -68.625, 3.0713774662114027e-23, nan 
-23.375, -68.625, 4.276489213091269e-23, nan 
-23.125, -68.625, 4.570474499048223e-23, nan 
-22.875, -68.625, 3.812552352953373e-23, nan 
-22.625, -68.625, 3.3600029263713344e-23, nan 
-22.375, -68.625, 1.6040864736626413e-23, nan 
-22.125, -68.625, 1.8117767197332472e-23, nan 
-21.875, -68.625, 1.709065281362298e-23, nan 
-21.625, -68.625, 1.5897684379617212e-23, nan 
-21.375, -68.625, 1.8234400641912555e-23, nan 
-21.125, -68.625, 1.8488434517589082e-23, nan 
-20.875, -68.625, 1.7130655682985149e-23, nan 
-20.625, -68.625, 1.3964613158812748e-23, nan 
-20.375, -68.625, 1.8375553670029707e-23, nan 
-20.125, -68.625, 1.762473585712623e-23, nan 
-19.875, -68.625, 1.5782054741376195e-23, nan 
-19.625, -68.625, 1.3032714526702052e-23, nan 
-19.375, -68.625, 1.602175825915656e-23, nan 
-19.125, -68.625, 1.2625599524001872e-23, nan 
-18.875, -68.625, 1.3992906593907908e-23, nan 
-18.625, -68.625, 7.614773284563627e-24, nan 
-18.375, -68.625, 1.5141247729823868e-23, nan 
-18.125, -68.625, 1.1235649701101686e-23, nan 
-17.875, -68.625, 8.611877279217713e-24, nan 
-17.625, -68.625, 1.3513968601531878e-23, nan 
-17.375, -68.625, 1.1833802422385397e-23, nan 
-17.125, -68.625, 1.4767958371685032e-23, nan 
-16.875, -68.625, 1.8627751101121577e-23, nan 
-16.625, -68.625, 2.3011639498173664e-23, nan 
-16.375, -68.625, 2.6761882598149376e-23, nan 
-16.125, -68.625, 2.865952112405159e-23, nan 
-15.875, -68.625, 3.753211205105969e-23, nan 
-15.625, -68.625, 8.356052577988328e-23, nan 
-15.375, -68.625, 9.250271464846327e-23, nan 
-15.125, -68.625, 5.0935097805538555e-23, nan 
-14.875, -68.625, 7.90374879496642e-23, nan 
-14.625, -68.625, 9.774331550654653e-23, nan 
-14.375, -68.625, 4.4022058041284283e-23, nan 
-14.125, -68.625, 2.0019149740254874e-23, nan 
-13.875, -68.625, 5.562990884717878e-24, nan 
-13.625, -68.625, 4.4591369205216444e-23, nan 
-13.375, -68.625, 8.715068509566421e-23, nan 
-13.125, -68.625, 9.263273259120515e-23, nan 
-12.875, -68.625, 7.325280803588305e-23, nan 
-12.625, -68.625, 8.500253088450053e-23, nan 
-12.375, -68.625, 7.312829859020925e-23, nan 
-12.125, -68.625, 2.9661385015550155e-23, nan 
-11.875, -68.625, 2.1158819988768874e-23, nan 
-11.625, -68.625, 1.680032689318651e-23, nan 
-11.375, -68.625, 7.421087008632863e-24, nan 
-11.125, -68.625, 9.261314912865744e-24, nan 
-10.875, -68.625, 1.3376476199709007e-23, nan 
-10.625, -68.625, 8.147525756377846e-24, nan 
-10.375, -68.625, 1.2860714826004515e-23, nan 
-10.125, -68.625, 1.0306215924550254e-23, nan 
-9.875, -68.625, 9.837564870454932e-24, nan 
-9.625, -68.625, 1.024996717390367e-23, nan 
-9.375, -68.625, 1.0935703954090817e-23, nan 
-9.125, -68.625, 9.364170179563012e-24, nan 
-8.875, -68.625, 1.562176605964302e-23, nan 
-8.625, -68.625, 2.68649531600678e-23, nan 
-8.375, -68.625, 1.8074941039901582e-23, nan 
-8.125, -68.625, 1.1616114923078928e-23, nan 
-7.875, -68.625, 1.2798798183957696e-23, nan 
-7.625, -68.625, 8.431498885696539e-24, nan 
-7.375, -68.625, 1.166125480593263e-23, nan 
-7.125, -68.625, 1.382996789140806e-23, nan 
-6.875, -68.625, 9.001474949223613e-24, nan 
-6.625, -68.625, 1.1891714659800758e-23, nan 
-6.375, -68.625, 5.81050004483976e-24, nan 
-6.125, -68.625, 9.981891602744359e-24, nan 
-5.875, -68.625, 2.547046515158324e-23, nan 
-5.625, -68.625, 2.1139856269013553e-23, nan 
-5.375, -68.625, 2.3563591487211163e-23, nan 
-5.125, -68.625, 1.7775524248999062e-23, nan 
-4.875, -68.625, 1.865641797091722e-23, nan 
-4.625, -68.625, 1.8343678919514188e-23, nan 
-4.375, -68.625, 1.2177534369200593e-23, nan 
-4.125, -68.625, 1.8553045422800028e-23, nan 
-3.875, -68.625, 2.560283864934677e-23, nan 
-3.625, -68.625, 1.393971256989706e-23, nan 
-3.375, -68.625, 1.925511448020138e-23, nan 
-3.125, -68.625, 2.015951566122035e-23, nan 
-2.875, -68.625, 1.4856715676171645e-23, nan 
-2.625, -68.625, 1.7055693938233747e-23, nan 
-2.375, -68.625, 1.6614715382876154e-23, nan 
-2.125, -68.625, 1.4280684637389874e-23, nan 
-1.875, -68.625, 1.2493352334779604e-23, nan 
-1.625, -68.625, 1.4887598465296835e-23, nan 
-1.375, -68.625, 1.0429108311312259e-23, nan 
-1.125, -68.625, 8.854583907313863e-24, nan 
-0.875, -68.625, 1.0022435444175874e-23, nan 
-0.625, -68.625, 1.4563900362719457e-23, nan 
-0.375, -68.625, 1.5119404178067077e-23, nan 
-0.125, -68.625, 1.4753716794041678e-23, nan 
0.125, -68.625, 3.014604577479018e-23, nan 
0.375, -68.625, 3.7493934512629795e-23, nan 
0.625, -68.625, 4.352599229419749e-23, nan 
0.875, -68.625, 4.239137354501623e-23, nan 
1.125, -68.625, 4.1351911449094927e-23, nan 
1.375, -68.625, 9.556685770134199e-23, nan 
1.625, -68.625, 6.955568118656803e-23, nan 
1.875, -68.625, 1.1468856653943245e-23, nan 
2.125, -68.625, 1.3590173027193968e-23, nan 
2.375, -68.625, 9.773880986810367e-24, nan 
2.625, -68.625, 2.5515725129033508e-24, nan 
-25.375, -68.375, 1.0357117419107915e-22, nan 
-25.125, -68.375, 8.247431449215248e-23, nan 
-24.875, -68.375, 7.68810677279546e-23, nan 
-24.625, -68.375, 6.933576709125665e-23, nan 
-24.375, -68.375, 4.0612295733545137e-23, nan 
-24.125, -68.375, 1.8863488526375042e-23, nan 
-23.875, -68.375, 2.5324253094282703e-23, nan 
-23.625, -68.375, 3.0509727011675254e-23, nan 
-23.375, -68.375, 4.4557153912423546e-23, nan 
-23.125, -68.375, 6.978421918136547e-23, nan 
-22.875, -68.375, 5.475317276342129e-23, nan 
-22.625, -68.375, 4.547662237194472e-23, nan 
-22.375, -68.375, 5.471722560040788e-23, nan 
-22.125, -68.375, 4.1385676619664695e-23, nan 
-21.875, -68.375, 2.972624844570566e-23, nan 
-21.625, -68.375, 1.7141675939430124e-23, nan 
-21.375, -68.375, 1.5267432269341413e-23, nan 
-21.125, -68.375, 1.0988962762384228e-23, nan 
-20.875, -68.375, 1.4022809695479792e-23, nan 
-20.625, -68.375, 1.4789686532253807e-23, nan 
-20.375, -68.375, 2.4440636895083225e-23, nan 
-20.125, -68.375, 2.0239677444858002e-23, nan 
-19.875, -68.375, 1.7152173198255375e-23, nan 
-19.625, -68.375, 2.0410890945727227e-23, nan 
-19.375, -68.375, 2.0742533133090715e-23, nan 
-19.125, -68.375, 1.4620037477799705e-23, nan 
-18.875, -68.375, 1.5773267171541915e-23, nan 
-18.625, -68.375, 1.508720285738223e-23, nan 
-18.375, -68.375, 2.0391406282320035e-23, nan 
-18.125, -68.375, 1.6828285570824403e-23, nan 
-17.875, -68.375, 1.6197728738849913e-23, nan 
-17.625, -68.375, 2.2335792883297917e-23, nan 
-17.375, -68.375, 1.639906256681688e-23, nan 
-17.125, -68.375, 1.1784770877221299e-23, nan 
-16.875, -68.375, 1.572255633438417e-23, nan 
-16.625, -68.375, 2.323250030251575e-23, nan 
-16.375, -68.375, 1.900641128115269e-23, nan 
-16.125, -68.375, 1.642493592378812e-23, nan 
-15.875, -68.375, 4.0271172633288997e-23, nan 
-15.625, -68.375, 5.291538426341333e-23, nan 
-15.375, -68.375, 7.280618354185001e-23, nan 
-15.125, -68.375, 6.994912861145308e-23, nan 
-14.875, -68.375, 8.368835999742727e-23, nan 
-14.625, -68.375, 1.0793443904764922e-22, nan 
-14.375, -68.375, 7.347468404807618e-23, nan 
-14.125, -68.375, 4.472912188167841e-23, nan 
-13.875, -68.375, 4.7809559861685725e-23, nan 
-13.625, -68.375, 8.40677134816667e-23, nan 
-13.375, -68.375, 9.860463504402556e-23, nan 
-13.125, -68.375, 7.322884345041718e-23, nan 
-12.875, -68.375, 7.881108109448836e-23, nan 
-12.625, -68.375, 7.101828801615813e-23, nan 
-12.375, -68.375, 4.565252529169634e-23, nan 
-12.125, -68.375, 1.0526029071683208e-23, nan 
-11.875, -68.375, 8.334417788167146e-24, nan 
-11.625, -68.375, 9.939687303723253e-24, nan 
-11.375, -68.375, 8.179006064408923e-24, nan 
-11.125, -68.375, 1.998374764178926e-23, nan 
-10.875, -68.375, 1.917591999880558e-23, nan 
-10.625, -68.375, 1.3423458417187236e-23, nan 
-10.375, -68.375, 1.7808166074909662e-23, nan 
-10.125, -68.375, 1.4712509316262798e-23, nan 
-9.875, -68.375, 1.554585094660269e-23, nan 
-9.625, -68.375, 1.0571066787711331e-23, nan 
-9.375, -68.375, 9.603835745731775e-24, nan 
-9.125, -68.375, 1.2697844421670595e-23, nan 
-8.875, -68.375, 9.222232691150952e-24, nan 
-8.625, -68.375, 1.1772899926101228e-23, nan 
-8.375, -68.375, 1.3211889009241864e-23, nan 
-8.125, -68.375, 1.7065659804568167e-23, nan 
-7.875, -68.375, 1.757004643802829e-23, nan 
-7.625, -68.375, 1.572089136006707e-23, nan 
-7.375, -68.375, 1.3040188282698062e-23, nan 
-7.125, -68.375, 1.4623796031890027e-23, nan 
-6.875, -68.375, 1.2034810166268085e-23, nan 
-6.625, -68.375, 1.9876587783357927e-23, nan 
-6.375, -68.375, 1.7573603366579956e-23, nan 
-6.125, -68.375, 1.87759463114696e-23, nan 
-5.875, -68.375, 2.9529033857136884e-23, nan 
-5.625, -68.375, 2.934766887824334e-23, nan 
-5.375, -68.375, 3.3865704428046584e-23, nan 
-5.125, -68.375, 3.209279573064953e-23, nan 
-4.875, -68.375, 3.3161200571049664e-23, nan 
-4.625, -68.375, 3.559026544412316e-23, nan 
-4.375, -68.375, 2.4624740728194878e-23, nan 
-4.125, -68.375, 3.6066291408762113e-23, nan 
-3.875, -68.375, 4.896501333349735e-23, nan 
-3.625, -68.375, 1.4768241403204374e-23, nan 
-3.375, -68.375, 2.911554555932287e-23, nan 
-3.125, -68.375, 3.8180670361287114e-23, nan 
-2.875, -68.375, 1.354054605132356e-23, nan 
-2.625, -68.375, 2.5149885887125384e-23, nan 
-2.375, -68.375, 1.8187544247757737e-23, nan 
-2.125, -68.375, 1.900760561346294e-23, nan 
-1.875, -68.375, 2.0489146631896746e-23, nan 
-1.625, -68.375, 1.7911083552737227e-23, nan 
-1.375, -68.375, 1.8853654047258508e-23, nan 
-1.125, -68.375, 1.2449906679726037e-23, nan 
-0.875, -68.375, 1.0591568294439581e-23, nan 
-0.625, -68.375, 1.6619660791500566e-23, nan 
-0.375, -68.375, 1.8116923592668734e-23, nan 
-0.125, -68.375, 3.1428421602917654e-23, nan 
0.125, -68.375, 4.7708282662633054e-23, nan 
0.375, -68.375, 5.775019228538072e-23, nan 
0.625, -68.375, 1.1659011641689003e-22, nan 
0.875, -68.375, 8.470650344406393e-23, nan 
1.125, -68.375, 5.638014879348843e-23, nan 
1.375, -68.375, 1.7020101067665798e-22, nan 
1.625, -68.375, 1.3631717981745617e-22, nan 
1.875, -68.375, 8.904624049457111e-24, nan 
2.125, -68.375, 9.170536181074378e-23, nan 
2.375, -68.375, 6.713143781464778e-23, nan 
2.625, -68.375, 1.8506995272857845e-23, nan 
-25.125, -68.125, 7.636684421989592e-23, nan 
-24.875, -68.125, 3.053416496781283e-23, nan 
-24.625, -68.125, 2.0145381408257475e-23, nan 
-24.375, -68.125, 2.5248184154329032e-23, nan 
-24.125, -68.125, 3.0103061282653756e-23, nan 
-23.875, -68.125, 4.255350407166218e-23, nan 
-23.625, -68.125, 1.434375107197084e-23, nan 
-23.375, -68.125, 3.416895263628666e-23, nan 
-23.125, -68.125, 7.635893198325153e-23, nan 
-22.875, -68.125, 4.653089224017307e-23, nan 
-22.625, -68.125, 4.167304790986504e-23, nan 
-22.375, -68.125, 7.40313793277133e-23, nan 
-22.125, -68.125, 4.6204570449849664e-23, nan 
-21.875, -68.125, 3.581039127897104e-23, nan 
-21.625, -68.125, 3.64615371593425e-23, nan 
-21.375, -68.125, 1.944520548114264e-23, nan 
-21.125, -68.125, 1.404079094097674e-23, nan 
-20.875, -68.125, 1.74255039869328e-23, nan 
-20.625, -68.125, 2.036833654662417e-23, nan 
-20.375, -68.125, 1.9516139148842208e-23, nan 
-20.125, -68.125, 1.2236756131647961e-23, nan 
-19.875, -68.125, 1.1685037751285858e-23, nan 
-19.625, -68.125, 2.0472481796908762e-23, nan 
-19.375, -68.125, 1.9147273370676344e-23, nan 
-19.125, -68.125, 1.716883522713703e-23, nan 
-18.875, -68.125, 1.526854981439751e-23, nan 
-18.625, -68.125, 2.034745622502072e-23, nan 
-18.375, -68.125, 1.6371515334146007e-23, nan 
-18.125, -68.125, 1.861145255502593e-23, nan 
-17.875, -68.125, 2.1673070894877375e-23, nan 
-17.625, -68.125, 2.0288475170129374e-23, nan 
-17.375, -68.125, 1.8118102876304087e-23, nan 
-17.125, -68.125, 2.332066782136435e-23, nan 
-16.875, -68.125, 2.4304669889008456e-23, nan 
-16.625, -68.125, 2.1838666489668037e-23, nan 
-16.375, -68.125, 2.2372750870264133e-23, nan 
-16.125, -68.125, 1.369713522123967e-23, nan 
-15.875, -68.125, 1.2279552135728491e-23, nan 
-15.625, -68.125, 1.9449345332679487e-23, nan 
-15.375, -68.125, 1.155975655979421e-23, nan 
-15.125, -68.125, 4.856009060292612e-23, nan 
-14.875, -68.125, 7.94854576796345e-23, nan 
-14.625, -68.125, 9.047154735605393e-23, nan 
-14.375, -68.125, 7.039979715334627e-23, nan 
-14.125, -68.125, 7.943881580495705e-23, nan 
-13.875, -68.125, 7.261399885082872e-23, nan 
-13.625, -68.125, 6.097954339895533e-23, nan 
-13.375, -68.125, 8.484771684199302e-23, nan 
-13.125, -68.125, 6.92716512606494e-23, nan 
-12.875, -68.125, 1.9983397766220723e-23, nan 
-12.625, -68.125, 1.3755075574042058e-23, nan 
-12.375, -68.125, 1.3201858497901648e-23, nan 
-12.125, -68.125, 5.12288603922223e-24, nan 
-11.875, -68.125, 7.237375273072742e-24, nan 
-11.625, -68.125, 1.4926524839742657e-23, nan 
-11.375, -68.125, 1.737923185509089e-23, nan 
-11.125, -68.125, 1.9239627452301034e-23, nan 
-10.875, -68.125, 2.0256606991168662e-23, nan 
-10.625, -68.125, 1.6686206518167628e-23, nan 
-10.375, -68.125, 1.1733271615742882e-23, nan 
-10.125, -68.125, 9.160218685482401e-24, nan 
-9.875, -68.125, 7.4720611824243e-24, nan 
-9.625, -68.125, 6.3542671600281014e-24, nan 
-9.375, -68.125, 7.363585975046518e-24, nan 
-9.125, -68.125, 1.351663311393607e-23, nan 
-8.875, -68.125, 1.36368684003372e-23, nan 
-8.625, -68.125, 1.323912631130751e-23, nan 
-8.375, -68.125, 1.6301989690727205e-23, nan 
-8.125, -68.125, 1.7558336145175865e-23, nan 
-7.875, -68.125, 1.528579976858796e-23, nan 
-7.625, -68.125, 1.73718913179753e-23, nan 
-7.375, -68.125, 1.0086593447725643e-23, nan 
-7.125, -68.125, 4.038252956802798e-24, nan 
-6.875, -68.125, 1.3531625749063363e-23, nan 
-6.625, -68.125, 1.503319253498803e-23, nan 
-6.375, -68.125, 2.0677187927501704e-23, nan 
-6.125, -68.125, 2.0429229306251547e-23, nan 
-5.875, -68.125, 1.2098851155786674e-23, nan 
-5.625, -68.125, 6.353445232279165e-24, nan 
-5.375, -68.125, 1.3390706062213197e-23, nan 
-5.125, -68.125, 2.968848811893826e-23, nan 
-4.875, -68.125, 2.9758768829218453e-23, nan 
-4.625, -68.125, 3.367893135816254e-23, nan 
-4.375, -68.125, 3.6154390899563737e-23, nan 
-4.125, -68.125, 3.9012240723169737e-23, nan 
-3.875, -68.125, 4.106891122017488e-23, nan 
-3.625, -68.125, 2.0909315256667042e-23, nan 
-3.375, -68.125, 3.9127726656527e-23, nan 
-3.125, -68.125, 2.708588309668811e-23, nan 
-2.875, -68.125, 1.5233354232596153e-23, nan 
-2.625, -68.125, 2.9090839112684374e-23, nan 
-2.375, -68.125, 1.8851001445729588e-23, nan 
-2.125, -68.125, 1.5925897612906257e-23, nan 
-1.875, -68.125, 1.1174034907356932e-23, nan 
-1.625, -68.125, 1.0934908528418818e-23, nan 
-1.375, -68.125, 9.324221850130435e-24, nan 
-1.125, -68.125, 1.2542993568820737e-23, nan 
-0.875, -68.125, 1.258511301010875e-23, nan 
-0.625, -68.125, 9.382826564765149e-24, nan 
-0.375, -68.125, 8.934870079616994e-24, nan 
-0.125, -68.125, 2.5081627786612323e-23, nan 
0.125, -68.125, 2.57635621641372e-23, nan 
0.375, -68.125, 6.214462243481697e-23, nan 
0.625, -68.125, 1.1170968214777336e-22, nan 
0.875, -68.125, 5.419699188118628e-23, nan 
1.125, -68.125, 9.868514929757522e-23, nan 
1.375, -68.125, 1.706487619734968e-22, nan 
1.625, -68.125, 1.037194525619052e-22, nan 
1.875, -68.125, 6.015849203868407e-23, nan 
2.125, -68.125, 7.474676886366208e-23, nan 
2.375, -68.125, 3.36278132280728e-23, nan 
2.625, -68.125, 4.2235276846592965e-23, nan 
2.875, -68.125, 4.7725184871591264e-23, nan 
-24.875, -67.875, 2.1986287544181435e-23, nan 
-24.625, -67.875, 2.5229364153781263e-23, nan 
-24.375, -67.875, 3.1028493432567813e-23, nan 
-24.125, -67.875, 3.297665617972562e-23, nan 
-23.875, -67.875, 3.8947168288636175e-23, nan 
-23.625, -67.875, 4.7311171985065914e-23, nan 
-23.375, -67.875, 5.331619657714912e-23, nan 
-23.125, -67.875, 9.820378013792385e-23, nan 
-22.875, -67.875, 7.207901911678457e-23, nan 
-22.625, -67.875, 5.670898951699068e-23, nan 
-22.375, -67.875, 7.034978471006944e-23, nan 
-22.125, -67.875, 4.0102976133082585e-23, nan 
-21.875, -67.875, 2.992687673343244e-23, nan 
-21.625, -67.875, 1.4870299779253386e-23, nan 
-21.375, -67.875, 1.552716989648976e-23, nan 
-21.125, -67.875, 2.1319189582188588e-23, nan 
-20.875, -67.875, 2.5876990319118236e-23, nan 
-20.625, -67.875, 2.1902688032731955e-23, nan 
-20.375, -67.875, 1.7162300580390467e-23, nan 
-20.125, -67.875, 1.6307455532036294e-23, nan 
-19.875, -67.875, 1.0522239228570412e-23, nan 
-19.625, -67.875, 2.2563627413013805e-23, nan 
-19.375, -67.875, 2.261079355968632e-23, nan 
-19.125, -67.875, 3.7069427577907644e-23, nan 
-18.875, -67.875, 1.5266139540086793e-23, nan 
-18.625, -67.875, 1.9765051453961225e-23, nan 
-18.375, -67.875, 1.832091682980289e-23, nan 
-18.125, -67.875, 1.899069158685719e-23, nan 
-17.875, -67.875, 1.6193316044534066e-23, nan 
-17.625, -67.875, 1.514753113255049e-23, nan 
-17.375, -67.875, 1.9024135761361203e-23, nan 
-17.125, -67.875, 2.703597653413341e-23, nan 
-16.875, -67.875, 2.649437095557989e-23, nan 
-16.625, -67.875, 2.2429148674712175e-23, nan 
-16.375, -67.875, 1.934504019553966e-23, nan 
-16.125, -67.875, 2.2515111848517756e-23, nan 
-15.875, -67.875, 1.7198372138218234e-23, nan 
-15.625, -67.875, 1.3836784909560907e-23, nan 
-15.375, -67.875, 1.5132144933664813e-23, nan 
-15.125, -67.875, 1.2450627406424548e-23, nan 
-14.875, -67.875, 1.854218090686392e-23, nan 
-14.625, -67.875, 1.8145288343570583e-23, nan 
-14.375, -67.875, 2.7820347604593715e-23, nan 
-14.125, -67.875, 4.1200008391087634e-23, nan 
-13.875, -67.875, 2.944003653730643e-23, nan 
-13.625, -67.875, 2.185766283291532e-23, nan 
-13.375, -67.875, 7.288301890215144e-24, nan 
-13.125, -67.875, 1.3051322870889944e-23, nan 
-12.875, -67.875, 3.765383771214131e-24, nan 
-12.625, -67.875, 8.476480370216199e-24, nan 
-12.375, -67.875, 1.674607880365503e-23, nan 
-12.125, -67.875, 1.8808425285829988e-23, nan 
-11.875, -67.875, 2.763339019716053e-23, nan 
-11.625, -67.875, 2.4885506287695896e-23, nan 
-11.375, -67.875, 1.9695466228960135e-23, nan 
-11.125, -67.875, 2.1033478840515477e-23, nan 
-10.875, -67.875, 1.614994587965308e-23, nan 
-10.625, -67.875, 1.196876448673262e-23, nan 
-10.375, -67.875, 1.2725213624154172e-23, nan 
-10.125, -67.875, 1.4999475558207213e-23, nan 
-9.875, -67.875, 1.1260598871875328e-23, nan 
-9.625, -67.875, 1.5707103164059825e-23, nan 
-9.375, -67.875, 1.4989300771449336e-23, nan 
-9.125, -67.875, 6.966402583082749e-24, nan 
-8.875, -67.875, 1.7504065503146483e-23, nan 
-8.625, -67.875, 2.762993854166482e-23, nan 
-8.375, -67.875, 2.1355285593956703e-23, nan 
-8.125, -67.875, 1.5293694027658844e-23, nan 
-7.875, -67.875, 2.0777948565189202e-23, nan 
-7.625, -67.875, 1.8985820004877047e-23, nan 
-7.375, -67.875, 1.4669679811597186e-23, nan 
-7.125, -67.875, 1.5626166993548728e-23, nan 
-6.875, -67.875, 1.969788830669218e-23, nan 
-6.625, -67.875, 1.0914680730230328e-23, nan 
-6.375, -67.875, 2.9480761741474657e-23, nan 
-6.125, -67.875, 2.410086647639659e-23, nan 
-5.875, -67.875, 1.5724107898875613e-23, nan 
-5.625, -67.875, 1.0495709997675735e-23, nan 
-5.375, -67.875, 1.210355750561185e-23, nan 
-5.125, -67.875, 1.3720167086953734e-23, nan 
-4.875, -67.875, 7.148184806526328e-24, nan 
-4.625, -67.875, 2.2007055617693542e-23, nan 
-4.375, -67.875, 2.9496889117428854e-23, nan 
-4.125, -67.875, 3.7495104914148075e-23, nan 
-3.875, -67.875, 3.5755889018933536e-23, nan 
-3.625, -67.875, 2.5878319386548177e-23, nan 
-3.375, -67.875, 3.1333048782833367e-23, nan 
-3.125, -67.875, 2.9536022092094326e-23, nan 
-2.875, -67.875, 1.605757016467942e-23, nan 
-2.625, -67.875, 3.2204645968799026e-23, nan 
-2.375, -67.875, 1.6375007368460838e-23, nan 
-2.125, -67.875, 1.661300406154997e-23, nan 
-1.875, -67.875, 2.808372243855956e-23, nan 
-1.625, -67.875, 1.867050384872953e-23, nan 
-1.375, -67.875, 9.722585852413759e-24, nan 
-1.125, -67.875, 1.143674238155134e-23, nan 
-0.875, -67.875, 2.3746812548366597e-23, nan 
-0.625, -67.875, 2.645053955385613e-23, nan 
-0.375, -67.875, 2.648742183008834e-23, nan 
-0.125, -67.875, 2.942846590673436e-23, nan 
0.125, -67.875, 2.5599445435502415e-23, nan 
0.375, -67.875, 3.138961863928537e-23, nan 
0.625, -67.875, 2.891005674711719e-23, nan 
0.875, -67.875, 4.433111862466485e-23, nan 
1.125, -67.875, 8.744882739159334e-23, nan 
1.375, -67.875, 1.3026011991951342e-22, nan 
1.625, -67.875, 8.364369556457898e-23, nan 
1.875, -67.875, 8.024671778064221e-23, nan 
2.125, -67.875, 9.638417479635366e-23, nan 
2.375, -67.875, 5.671121271994562e-23, nan 
2.625, -67.875, 5.343461919397235e-23, nan 
2.875, -67.875, 7.023646920246054e-23, nan 
-24.625, -67.625, 1.743080080265269e-23, nan 
-24.375, -67.625, 1.7762620835925836e-23, nan 
-24.125, -67.625, 2.8487509295182786e-23, nan 
-23.875, -67.625, 3.2465776575457747e-23, nan 
-23.625, -67.625, 5.120841287196096e-23, nan 
-23.375, -67.625, 5.308961344722376e-23, nan 
-23.125, -67.625, 7.674896730621542e-23, nan 
-22.875, -67.625, 7.213331055156133e-23, nan 
-22.625, -67.625, 5.379388348800188e-23, nan 
-22.375, -67.625, 1.579677330256862e-23, nan 
-22.125, -67.625, 1.6426745089808828e-23, nan 
-21.875, -67.625, 1.1379184073363125e-23, nan 
-21.625, -67.625, 9.659813168559277e-24, nan 
-21.375, -67.625, 6.755109714624806e-24, nan 
-21.125, -67.625, 2.1683938470460773e-23, nan 
-20.875, -67.625, 2.923515819953038e-23, nan 
-20.625, -67.625, 2.1541289246325892e-23, nan 
-20.375, -67.625, 3.491830117800186e-23, nan 
-20.125, -67.625, 5.33788510383336e-23, nan 
-19.875, -67.625, 5.939346839943861e-23, nan 
-19.625, -67.625, 4.9139535917389946e-23, nan 
-19.375, -67.625, 4.8417646211251615e-23, nan 
-19.125, -67.625, 5.182508069820983e-23, nan 
-18.875, -67.625, 6.1226493103226035e-24, nan 
-18.625, -67.625, 8.38113194689206e-24, nan 
-18.375, -67.625, 2.992362202263197e-23, nan 
-18.125, -67.625, 5.1444014780747566e-24, nan 
-17.875, -67.625, 1.342178012400126e-23, nan 
-17.625, -67.625, 1.0505595131073778e-23, nan 
-17.375, -67.625, 1.4471416391469204e-23, nan 
-17.125, -67.625, 2.8526840374142237e-23, nan 
-16.875, -67.625, 2.2809748101969547e-23, nan 
-16.625, -67.625, 2.3612588491539103e-23, nan 
-16.375, -67.625, 2.1753612539148045e-23, nan 
-16.125, -67.625, 2.814929090447468e-23, nan 
-15.875, -67.625, 2.5675245479997547e-23, nan 
-15.625, -67.625, 2.1221906035228677e-23, nan 
-15.375, -67.625, 1.940276239108202e-23, nan 
-15.125, -67.625, 2.650265913072265e-23, nan 
-14.875, -67.625, 2.233085975897073e-23, nan 
-14.625, -67.625, 1.938501904189898e-23, nan 
-14.375, -67.625, 1.562381021971317e-23, nan 
-14.125, -67.625, 1.610278298104464e-23, nan 
-13.875, -67.625, 1.1391422267578014e-23, nan 
-13.625, -67.625, 9.648448742746098e-24, nan 
-13.375, -67.625, 1.9447744803881694e-23, nan 
-13.125, -67.625, 2.3399657816645944e-23, nan 
-12.875, -67.625, 2.3490102206411088e-23, nan 
-12.625, -67.625, 2.1366166902830836e-23, nan 
-12.375, -67.625, 2.6842275988700706e-23, nan 
-12.125, -67.625, 2.7554426293696356e-23, nan 
-11.875, -67.625, 2.788548416442365e-23, nan 
-11.625, -67.625, 2.359765959308718e-23, nan 
-11.375, -67.625, 1.499917349312138e-23, nan 
-11.125, -67.625, 1.1075391304320478e-23, nan 
-10.875, -67.625, 1.3127747117434946e-23, nan 
-10.625, -67.625, 1.2434053660376404e-23, nan 
-10.375, -67.625, 1.1199618823682758e-23, nan 
-10.125, -67.625, 2.989119257474927e-23, nan 
-9.875, -67.625, 1.7817477965498404e-23, nan 
-9.625, -67.625, 1.4662803377139882e-23, nan 
-9.375, -67.625, 1.7760673117702414e-23, nan 
-9.125, -67.625, 2.024625876951659e-23, nan 
-8.875, -67.625, 1.5087442618739103e-23, nan 
-8.625, -67.625, 2.5269788786503808e-23, nan 
-8.375, -67.625, 2.2614656499685494e-23, nan 
-8.125, -67.625, 1.239069071047275e-23, nan 
-7.875, -67.625, 9.572842929918714e-24, nan 
-7.625, -67.625, 1.2786187467276135e-23, nan 
-7.375, -67.625, 2.6208315182603942e-23, nan 
-7.125, -67.625, 9.232118870890057e-24, nan 
-6.875, -67.625, 1.787872902853124e-23, nan 
-6.625, -67.625, 1.6860274918954132e-23, nan 
-6.375, -67.625, 1.666026695466475e-23, nan 
-6.125, -67.625, 2.039082423439416e-23, nan 
-5.875, -67.625, 1.5854810435820622e-23, nan 
-5.625, -67.625, 8.108349405421773e-24, nan 
-5.375, -67.625, 1.2482346039625215e-23, nan 
-5.125, -67.625, 1.9165689927350223e-23, nan 
-4.875, -67.625, 3.1757000591867775e-23, nan 
-4.625, -67.625, 6.020773742419047e-24, nan 
-4.375, -67.625, 3.400213812652171e-23, nan 
-4.125, -67.625, 6.307905078639855e-23, nan 
-3.875, -67.625, 4.0274530110089167e-23, nan 
-3.625, -67.625, 2.3864426698529246e-23, nan 
-3.375, -67.625, 2.0083935327567649e-23, nan 
-3.125, -67.625, 5.809002239356636e-23, nan 
-2.875, -67.625, 2.8536690225535496e-23, nan 
-2.625, -67.625, 3.7323031202754e-23, nan 
-2.375, -67.625, 4.763899987262586e-23, nan 
-2.125, -67.625, 4.265518647074488e-23, nan 
-1.875, -67.625, 3.081862717765072e-23, nan 
-1.625, -67.625, 3.1336605970257184e-23, nan 
-1.375, -67.625, 2.1322623313439948e-23, nan 
-1.125, -67.625, 2.0014482993330835e-23, nan 
-0.875, -67.625, 2.9432027546599096e-23, nan 
-0.625, -67.625, 2.7649036544162746e-23, nan 
-0.375, -67.625, 2.9100460062540194e-23, nan 
-0.125, -67.625, 2.914676068426399e-23, nan 
0.125, -67.625, 3.0130694487049807e-23, nan 
0.375, -67.625, 3.2937127830203526e-23, nan 
0.625, -67.625, 4.3566363968993273e-23, nan 
0.875, -67.625, 4.4005514133416033e-23, nan 
1.125, -67.625, 3.8075416006220166e-23, nan 
1.375, -67.625, 4.3992196897639985e-23, nan 
1.625, -67.625, 5.496422914120479e-23, nan 
1.875, -67.625, 6.376624522804133e-23, nan 
2.125, -67.625, 5.795932309073065e-23, nan 
2.375, -67.625, 5.159053439940431e-23, nan 
2.625, -67.625, 5.333476968806854e-23, nan 
2.875, -67.625, 3.5383754925063737e-23, nan 
-24.375, -67.375, 1.676260433948011e-23, nan 
-24.125, -67.375, 2.2433327598204186e-23, nan 
-23.875, -67.375, 2.146070134071127e-23, nan 
-23.625, -67.375, 3.3097383557099366e-23, nan 
-23.375, -67.375, 2.933481800093642e-23, nan 
-23.125, -67.375, 2.2747923530096662e-23, nan 
-22.875, -67.375, 3.299552000211065e-23, nan 
-22.625, -67.375, 2.93063725901865e-23, nan 
-22.375, -67.375, 1.9551536492265647e-23, nan 
-22.125, -67.375, 1.345354314663136e-23, nan 
-21.875, -67.375, 1.468301830782188e-23, nan 
-21.625, -67.375, 1.475657662403824e-23, nan 
-21.375, -67.375, 2.086967528335666e-23, nan 
-21.125, -67.375, 4.6207316257459733e-23, nan 
-20.875, -67.375, 5.787242994802091e-23, nan 
-20.625, -67.375, 5.0124733335471445e-23, nan 
-20.375, -67.375, 6.255512230491062e-23, nan 
-20.125, -67.375, 7.680985440419682e-23, nan 
-19.875, -67.375, 7.676375349886267e-23, nan 
-19.625, -67.375, 6.506364581257175e-23, nan 
-19.375, -67.375, 6.749878594457103e-23, nan 
-19.125, -67.375, 4.069812272203739e-23, nan 
-18.875, -67.375, 4.027201407481776e-23, nan 
-18.625, -67.375, 4.65962462853938e-23, nan 
-18.375, -67.375, 3.0782059391593555e-23, nan 
-18.125, -67.375, 7.678244552756036e-24, nan 
-17.875, -67.375, 8.934611108099188e-24, nan 
-17.625, -67.375, 1.4575699777299986e-23, nan 
-17.375, -67.375, 1.802004629205407e-23, nan 
-17.125, -67.375, 2.3828873383411372e-23, nan 
-16.875, -67.375, 2.4827174777062402e-23, nan 
-16.625, -67.375, 3.056527339418232e-23, nan 
-16.375, -67.375, 3.2576540794419646e-23, nan 
-16.125, -67.375, 3.373373129604063e-23, nan 
-15.875, -67.375, 4.5444351763865097e-23, nan 
-15.625, -67.375, 7.92680334243414e-23, nan 
-15.375, -67.375, 6.419874751150083e-23, nan 
-15.125, -67.375, 3.3568222389723906e-23, nan 
-14.875, -67.375, 2.785379350748818e-23, nan 
-14.625, -67.375, 3.860230387236478e-23, nan 
-14.375, -67.375, 3.177600008703305e-23, nan 
-14.125, -67.375, 3.013308234301963e-23, nan 
-13.875, -67.375, 2.6456774028329838e-23, nan 
-13.625, -67.375, 2.3635040824588324e-23, nan 
-13.375, -67.375, 3.059812956246614e-23, nan 
-13.125, -67.375, 2.8193149211756076e-23, nan 
-12.875, -67.375, 2.6271636211962593e-23, nan 
-12.625, -67.375, 1.7232923595465002e-23, nan 
-12.375, -67.375, 1.4413556986128984e-23, nan 
-12.125, -67.375, 1.5971979297675672e-23, nan 
-11.875, -67.375, 1.2614121472646693e-23, nan 
-11.625, -67.375, 1.1912716801014525e-23, nan 
-11.375, -67.375, 1.2665712294390588e-23, nan 
-11.125, -67.375, 1.1562498708570864e-23, nan 
-10.875, -67.375, 2.5971478981353495e-23, nan 
-10.625, -67.375, 1.4767506932681968e-23, nan 
-10.375, -67.375, 1.3249066401694977e-23, nan 
-10.125, -67.375, 5.470237934767839e-23, nan 
-9.875, -67.375, 1.6696366166021554e-23, nan 
-9.625, -67.375, 1.0170293475553448e-23, nan 
-9.375, -67.375, 3.0475246302324416e-23, nan 
-9.125, -67.375, 1.601688688602235e-23, nan 
-8.875, -67.375, 1.4596628228844285e-23, nan 
-8.625, -67.375, 1.3056661863994896e-23, nan 
-8.375, -67.375, 1.4850075565077787e-23, nan 
-8.125, -67.375, 1.7027346224826173e-23, nan 
-7.875, -67.375, 1.3965761143022038e-23, nan 
-7.625, -67.375, 8.768258825302225e-24, nan 
-7.375, -67.375, 2.4417449911024694e-23, nan 
-7.125, -67.375, 9.021275381290321e-24, nan 
-6.875, -67.375, 1.450147115439379e-23, nan 
-6.625, -67.375, 1.5649989086308184e-23, nan 
-6.375, -67.375, 1.0416218127740033e-23, nan 
-6.125, -67.375, 1.9647690625536158e-23, nan 
-5.875, -67.375, 1.9835026874774662e-23, nan 
-5.625, -67.375, 6.930392173675142e-24, nan 
-5.375, -67.375, 1.0189362276257226e-23, nan 
-5.125, -67.375, 1.5780829664337625e-23, nan 
-4.875, -67.375, 1.3298644783864355e-23, nan 
-4.625, -67.375, 1.2590266552079654e-23, nan 
-4.375, -67.375, 4.060925689134764e-23, nan 
-4.125, -67.375, 6.760136704340079e-23, nan 
-3.875, -67.375, 4.161677719237456e-23, nan 
-3.625, -67.375, 3.5046303798937823e-23, nan 
-3.375, -67.375, 6.828014925358143e-23, nan 
-3.125, -67.375, 7.867979829640373e-23, nan 
-2.875, -67.375, 7.718103328680768e-23, nan 
-2.625, -67.375, 5.659235979517185e-23, nan 
-2.375, -67.375, 7.34953431287499e-23, nan 
-2.125, -67.375, 7.859940548455135e-23, nan 
-1.875, -67.375, 5.2448679567550855e-23, nan 
-1.625, -67.375, 4.6112809015547654e-23, nan 
-1.375, -67.375, 3.801665328767562e-23, nan 
-1.125, -67.375, 6.616794994666687e-23, nan 
-0.875, -67.375, 5.528695020635201e-23, nan 
-0.625, -67.375, 3.300590518779767e-23, nan 
-0.375, -67.375, 3.026688696253573e-23, nan 
-0.125, -67.375, 4.101972041844348e-23, nan 
0.125, -67.375, 4.612261749106127e-23, nan 
0.375, -67.375, 4.8030317066562555e-23, nan 
0.625, -67.375, 4.907865860600326e-23, nan 
0.875, -67.375, 5.202978164947762e-23, nan 
1.125, -67.375, 4.6471790004599495e-23, nan 
1.375, -67.375, 3.340545432596738e-23, nan 
1.625, -67.375, 3.693382361102005e-23, nan 
1.875, -67.375, 4.6801430148977267e-23, nan 
2.125, -67.375, 4.625157873621101e-23, nan 
2.375, -67.375, 2.7766755195369163e-23, nan 
2.625, -67.375, 2.3804708772863408e-23, nan 
2.875, -67.375, 3.5707261058736167e-23, nan 
3.125, -67.375, 1.8018525901935202e-23, nan 
-24.125, -67.125, 2.314657687758996e-23, nan 
-23.875, -67.125, 2.5141146291148144e-23, nan 
-23.625, -67.125, 3.990616670021232e-23, nan 
-23.375, -67.125, 3.6549437924311855e-23, nan 
-23.125, -67.125, 3.8116506872751087e-23, nan 
-22.875, -67.125, 2.955892943101249e-23, nan 
-22.625, -67.125, 3.121582839384609e-23, nan 
-22.375, -67.125, 3.904362562725172e-23, nan 
-22.125, -67.125, 2.5503730707946416e-23, nan 
-21.875, -67.125, 2.5442196598031808e-23, nan 
-21.625, -67.125, 2.432340019825533e-23, nan 
-21.375, -67.125, 2.5697898758041522e-23, nan 
-21.125, -67.125, 7.177919074834528e-23, nan 
-20.875, -67.125, 7.88154287588202e-23, nan 
-20.625, -67.125, 6.113960961163081e-23, nan 
-20.375, -67.125, 1.0514231785331254e-22, nan 
-20.125, -67.125, 1.0423256135153987e-22, nan 
-19.875, -67.125, 6.883582776984568e-23, nan 
-19.625, -67.125, 5.736358137806021e-23, nan 
-19.375, -67.125, 4.8885281158030693e-23, nan 
-19.125, -67.125, 5.0534653705221744e-23, nan 
-18.875, -67.125, 4.0192707272418465e-23, nan 
-18.625, -67.125, 3.589685303416816e-23, nan 
-18.375, -67.125, 3.4370118457059024e-23, nan 
-18.125, -67.125, 2.2596759958232137e-23, nan 
-17.875, -67.125, 1.6331350330383997e-23, nan 
-17.625, -67.125, 1.421426833494066e-23, nan 
-17.375, -67.125, 1.9886596375985885e-23, nan 
-17.125, -67.125, 1.8025660833591235e-23, nan 
-16.875, -67.125, 1.9848533049219058e-23, nan 
-16.625, -67.125, 2.4401798174985936e-23, nan 
-16.375, -67.125, 3.766020971392458e-23, nan 
-16.125, -67.125, 3.668606858014526e-23, nan 
-15.875, -67.125, 8.066792275848624e-23, nan 
-15.625, -67.125, 1.1052909332080716e-22, nan 
-15.375, -67.125, 1.0371397952188327e-22, nan 
-15.125, -67.125, 1.2656641276605099e-22, nan 
-14.875, -67.125, 1.2039143031419363e-22, nan 
-14.625, -67.125, 9.829887646645445e-23, nan 
-14.375, -67.125, 6.93027659188572e-23, nan 
-14.125, -67.125, 2.1858846140596988e-23, nan 
-13.875, -67.125, 2.5012260021833443e-23, nan 
-13.625, -67.125, 3.21426784471852e-23, nan 
-13.375, -67.125, 2.966779219519989e-23, nan 
-13.125, -67.125, 2.715777045017433e-23, nan 
-12.875, -67.125, 3.4207648745031444e-23, nan 
-12.625, -67.125, 2.912425642702509e-23, nan 
-12.375, -67.125, 1.7374640402395478e-23, nan 
-12.125, -67.125, 1.121546282378205e-23, nan 
-11.875, -67.125, 1.024406214320338e-23, nan 
-11.625, -67.125, 1.4086046047311207e-23, nan 
-11.375, -67.125, 1.158005762593967e-23, nan 
-11.125, -67.125, 9.996024111397713e-24, nan 
-10.875, -67.125, 1.1178025022283537e-23, nan 
-10.625, -67.125, 9.587079135217204e-24, nan 
-10.375, -67.125, 9.499172151612585e-24, nan 
-10.125, -67.125, 3.2371154223028645e-23, nan 
-9.875, -67.125, 1.7523580756970335e-23, nan 
-9.625, -67.125, 1.2425392765282447e-23, nan 
-9.375, -67.125, 1.603679226841526e-23, nan 
-9.125, -67.125, 2.1759235714683857e-23, nan 
-8.875, -67.125, 2.871031806525689e-23, nan 
-8.625, -67.125, 2.3898504591020952e-23, nan 
-8.375, -67.125, 1.622768573642779e-23, nan 
-8.125, -67.125, 2.1587173076600666e-23, nan 
-7.875, -67.125, 1.9146909019756736e-23, nan 
-7.625, -67.125, 7.991790959879568e-24, nan 
-7.375, -67.125, 4.7355249508223295e-24, nan 
-7.125, -67.125, 7.997699103727371e-24, nan 
-6.875, -67.125, 6.930529202099699e-24, nan 
-6.625, -67.125, 9.031464786880351e-24, nan 
-6.375, -67.125, 1.5580101467789363e-23, nan 
-6.125, -67.125, 1.2723034171576048e-23, nan 
-5.875, -67.125, 1.664126065119926e-23, nan 
-5.625, -67.125, 1.5785877041329067e-23, nan 
-5.375, -67.125, 9.210111288267604e-24, nan 
-5.125, -67.125, 1.4171199688134272e-23, nan 
-4.875, -67.125, 1.9539573953570755e-23, nan 
-4.625, -67.125, 1.7011931236274657e-23, nan 
-4.375, -67.125, 1.2840093508176536e-23, nan 
-4.125, -67.125, 1.0698363909791829e-23, nan 
-3.875, -67.125, 3.7489056170880633e-23, nan 
-3.625, -67.125, 3.3386127740519157e-23, nan 
-3.375, -67.125, 6.350633715472608e-23, nan 
-3.125, -67.125, 9.798858133826409e-23, nan 
-2.875, -67.125, 6.977943899960971e-23, nan 
-2.625, -67.125, 4.7485608962121893e-23, nan 
-2.375, -67.125, 7.300221674589568e-23, nan 
-2.125, -67.125, 3.742062847161464e-23, nan 
-1.875, -67.125, 1.5769736764014383e-23, nan 
-1.625, -67.125, 4.4932899308557725e-23, nan 
-1.375, -67.125, 4.2532419843127406e-23, nan 
-1.125, -67.125, 6.970285402359673e-23, nan 
-0.875, -67.125, 6.074874943256573e-23, nan 
-0.625, -67.125, 4.537397067435589e-23, nan 
-0.375, -67.125, 3.897664905044059e-23, nan 
-0.125, -67.125, 3.793046071269276e-23, nan 
0.125, -67.125, 4.76937320760141e-23, nan 
0.375, -67.125, 4.604469149402873e-23, nan 
0.625, -67.125, 2.7668406776615e-23, nan 
0.875, -67.125, 2.1817130539519204e-23, nan 
1.125, -67.125, 2.7577766488731785e-23, nan 
1.375, -67.125, 4.2433624301861276e-23, nan 
1.625, -67.125, 4.449394615578623e-23, nan 
1.875, -67.125, 6.130744241479199e-23, nan 
2.125, -67.125, 7.966758995764933e-23, nan 
2.375, -67.125, 4.589365101272781e-23, nan 
2.625, -67.125, 3.362409375584298e-23, nan 
2.875, -67.125, 2.482758566083336e-23, nan 
3.125, -67.125, 3.3638470317849227e-23, nan 
-24.125, -66.875, 6.426777257996354e-23, nan 
-23.875, -66.875, 6.568507461393667e-23, nan 
-23.625, -66.875, 6.506081133009218e-23, nan 
-23.375, -66.875, 6.518345276113656e-23, nan 
-23.125, -66.875, 8.107992377917367e-23, nan 
-22.875, -66.875, 7.915338380926557e-23, nan 
-22.625, -66.875, 7.537389230652758e-23, nan 
-22.375, -66.875, 1.20947709984105e-22, nan 
-22.125, -66.875, 8.600234086704816e-23, nan 
-21.875, -66.875, 4.507993827913761e-23, nan 
-21.625, -66.875, 3.872854368233202e-23, nan 
-21.375, -66.875, 3.5722007296100814e-23, nan 
-21.125, -66.875, 3.1772355192998746e-23, nan 
-20.875, -66.875, 2.7140184762349225e-23, nan 
-20.625, -66.875, 5.292927428754257e-23, nan 
-20.375, -66.875, 7.898772385220426e-23, nan 
-20.125, -66.875, 7.304113953164872e-23, nan 
-19.875, -66.875, 7.526163069291959e-23, nan 
-19.625, -66.875, 5.187143443212136e-23, nan 
-19.375, -66.875, 3.4929581071965966e-23, nan 
-19.125, -66.875, 3.815158845173624e-23, nan 
-18.875, -66.875, 1.2227432972574448e-23, nan 
-18.625, -66.875, 1.6512559229606653e-23, nan 
-18.375, -66.875, 1.3542952394982658e-23, nan 
-18.125, -66.875, 1.969343599869127e-23, nan 
-17.875, -66.875, 3.203617163165176e-23, nan 
-17.625, -66.875, 2.4715785434286567e-23, nan 
-17.375, -66.875, 1.7527149321768998e-23, nan 
-17.125, -66.875, 2.3531428681084177e-23, nan 
-16.875, -66.875, 2.688484850592497e-23, nan 
-16.625, -66.875, 7.715226358613202e-23, nan 
-16.375, -66.875, 1.0633332818146206e-22, nan 
-16.125, -66.875, 1.1234458091080827e-22, nan 
-15.875, -66.875, 1.048056871912041e-22, nan 
-15.625, -66.875, 1.2661388518688467e-22, nan 
-15.375, -66.875, 1.4634723443779951e-22, nan 
-15.125, -66.875, 1.4495238295888616e-22, nan 
-14.875, -66.875, 1.4941286161375238e-22, nan 
-14.625, -66.875, 1.3234835621282797e-22, nan 
-14.375, -66.875, 1.0093847443657514e-22, nan 
-14.125, -66.875, 9.066823975024966e-23, nan 
-13.875, -66.875, 9.220592610882099e-23, nan 
-13.625, -66.875, 5.807449496310527e-23, nan 
-13.375, -66.875, 2.6527598935581616e-23, nan 
-13.125, -66.875, 2.9402509538186084e-23, nan 
-12.875, -66.875, 2.5352436681237837e-23, nan 
-12.625, -66.875, 3.043046430985688e-23, nan 
-12.375, -66.875, 3.069961683316212e-23, nan 
-12.125, -66.875, 2.044857005379398e-23, nan 
-11.875, -66.875, 2.0148240063839564e-23, nan 
-11.625, -66.875, 1.831206659331241e-23, nan 
-11.375, -66.875, 1.2775773094692939e-23, nan 
-11.125, -66.875, 1.3201116655970377e-23, nan 
-10.875, -66.875, 6.615166636230527e-24, nan 
-10.625, -66.875, 5.349093813902839e-24, nan 
-10.375, -66.875, 1.0828698876266567e-23, nan 
-10.125, -66.875, 9.460100982501392e-24, nan 
-9.875, -66.875, 5.487885531708309e-24, nan 
-9.625, -66.875, 1.0380076980413653e-23, nan 
-9.375, -66.875, 1.7420215717713992e-23, nan 
-9.125, -66.875, 1.9520030052959984e-23, nan 
-8.875, -66.875, 2.406252032402594e-23, nan 
-8.625, -66.875, 2.1779649261238795e-23, nan 
-8.375, -66.875, 1.5684699199556856e-23, nan 
-8.125, -66.875, 9.022733729589267e-24, nan 
-7.875, -66.875, 1.405826557595502e-23, nan 
-7.625, -66.875, 1.0651585457278023e-23, nan 
-7.375, -66.875, 6.294848561684052e-24, nan 
-7.125, -66.875, 5.8012895804845564e-24, nan 
-6.875, -66.875, 9.669894215461784e-24, nan 
-6.625, -66.875, 1.1602245245874152e-23, nan 
-6.375, -66.875, 1.476126248982256e-23, nan 
-6.125, -66.875, 7.256482433113019e-24, nan 
-5.875, -66.875, 9.38251992713433e-24, nan 
-5.625, -66.875, 2.186780493809052e-23, nan 
-5.375, -66.875, 2.5700887788705927e-23, nan 
-5.125, -66.875, 1.3843191872171525e-23, nan 
-4.875, -66.875, 2.436485897878592e-23, nan 
-4.625, -66.875, 3.399865166423887e-23, nan 
-4.375, -66.875, 2.160772318091402e-23, nan 
-4.125, -66.875, 1.4051825711830916e-23, nan 
-3.875, -66.875, 1.579980334303113e-23, nan 
-3.625, -66.875, 3.128830966974485e-23, nan 
-3.375, -66.875, 4.2803113302594524e-23, nan 
-3.125, -66.875, 2.3073677566221374e-22, nan 
-2.875, -66.875, 1.715961729734144e-22, nan 
-2.625, -66.875, 1.0432097982091192e-22, nan 
-2.375, -66.875, 2.0657188859048783e-23, nan 
-2.125, -66.875, 2.1457437108074947e-23, nan 
-1.875, -66.875, 5.736224786751613e-24, nan 
-1.625, -66.875, 2.7772792274232016e-23, nan 
-1.375, -66.875, 3.527670518109682e-23, nan 
-1.125, -66.875, 3.344920616652285e-23, nan 
-0.875, -66.875, 4.424786929014143e-23, nan 
-0.625, -66.875, 5.0292168068012575e-23, nan 
-0.375, -66.875, 4.847597823357617e-23, nan 
-0.125, -66.875, 3.587974893430138e-23, nan 
0.125, -66.875, 5.011078696668248e-23, nan 
0.375, -66.875, 5.602252137475464e-23, nan 
0.625, -66.875, 6.428130097331177e-23, nan 
0.875, -66.875, 8.009702826726047e-23, nan 
1.125, -66.875, 6.182926935770646e-23, nan 
1.375, -66.875, 1.6249014159835681e-23, nan 
1.625, -66.875, 5.778192636884897e-23, nan 
1.875, -66.875, 1.1817548724082432e-22, nan 
2.125, -66.875, 1.1003651062599754e-22, nan 
2.375, -66.875, 7.095938590728036e-23, nan 
2.625, -66.875, 1.008760476998725e-22, nan 
2.875, -66.875, 8.610125154458689e-23, nan 
3.125, -66.875, 4.037142572906054e-23, nan 
-23.875, -66.625, 1.1184382856200574e-22, nan 
-23.625, -66.625, 6.236071899989622e-23, nan 
-23.375, -66.625, 5.768426833170435e-23, nan 
-23.125, -66.625, 6.317946393359139e-23, nan 
-22.875, -66.625, 8.193140227789062e-23, nan 
-22.625, -66.625, 1.2133819260682792e-22, nan 
-22.375, -66.625, 1.5962895107732982e-22, nan 
-22.125, -66.625, 1.4555875025029641e-22, nan 
-21.875, -66.625, 1.2658622340062252e-22, nan 
-21.625, -66.625, 9.064745390920264e-23, nan 
-21.375, -66.625, 7.00261271352359e-23, nan 
-21.125, -66.625, 4.912005310111483e-23, nan 
-20.875, -66.625, 3.485644581062577e-23, nan 
-20.625, -66.625, 3.817259006296058e-23, nan 
-20.375, -66.625, 3.3812839399096166e-23, nan 
-20.125, -66.625, 2.6925261754250865e-23, nan 
-19.875, -66.625, 4.967005586279447e-23, nan 
-19.625, -66.625, 1.5223290527180721e-23, nan 
-19.375, -66.625, 1.0917012571740932e-23, nan 
-19.125, -66.625, 9.225010557701203e-24, nan 
-18.875, -66.625, 1.1455749142661248e-23, nan 
-18.625, -66.625, 6.056749058797218e-24, nan 
-18.375, -66.625, 1.155103816484415e-23, nan 
-18.125, -66.625, 1.404264032096775e-23, nan 
-17.875, -66.625, 2.4271297110942167e-23, nan 
-17.625, -66.625, 3.123789122111973e-23, nan 
-17.375, -66.625, 3.57191183815744e-23, nan 
-17.125, -66.625, 2.1713752422140618e-23, nan 
-16.875, -66.625, 3.356713739978002e-23, nan 
-16.625, -66.625, 8.364159939240743e-23, nan 
-16.375, -66.625, 1.063512358356251e-22, nan 
-16.125, -66.625, 1.1186412023644327e-22, nan 
-15.875, -66.625, 1.111870985711881e-22, nan 
-15.625, -66.625, 1.260633192308251e-22, nan 
-15.375, -66.625, 1.4249421301232546e-22, nan 
-15.125, -66.625, 9.158708960376765e-23, nan 
-14.875, -66.625, 1.236690095607534e-22, nan 
-14.625, -66.625, 1.4524654125971865e-22, nan 
-14.375, -66.625, 1.2743088374067336e-22, nan 
-14.125, -66.625, 9.73271956920964e-23, nan 
-13.875, -66.625, 1.1027731983404631e-22, nan 
-13.625, -66.625, 1.0415169392256391e-22, nan 
-13.375, -66.625, 3.6124189239600346e-23, nan 
-13.125, -66.625, 3.053813803435114e-23, nan 
-12.875, -66.625, 3.034470286034214e-23, nan 
-12.625, -66.625, 3.2640884734823995e-23, nan 
-12.375, -66.625, 3.3986600508327065e-23, nan 
-12.125, -66.625, 2.932223510409315e-23, nan 
-11.875, -66.625, 2.308982584002248e-23, nan 
-11.625, -66.625, 1.9032339279240993e-23, nan 
-11.375, -66.625, 1.493615680285605e-23, nan 
-11.125, -66.625, 1.1364370446545813e-23, nan 
-10.875, -66.625, 5.3319156789159544e-24, nan 
-10.625, -66.625, 5.072854187268026e-24, nan 
-10.375, -66.625, 7.633206271188426e-24, nan 
-10.125, -66.625, 9.82507428794301e-24, nan 
-9.875, -66.625, 5.531576221911719e-24, nan 
-9.625, -66.625, 7.038922878961153e-24, nan 
-9.375, -66.625, 1.0837531658446934e-23, nan 
-9.125, -66.625, 8.807809784966579e-24, nan 
-8.875, -66.625, 1.0697486719265996e-23, nan 
-8.625, -66.625, 9.599458856555068e-24, nan 
-8.375, -66.625, 4.7349937870536e-24, nan 
-8.125, -66.625, 3.4541430038465e-24, nan 
-7.875, -66.625, 1.3936138386547307e-23, nan 
-7.625, -66.625, 1.4424241892056766e-23, nan 
-7.375, -66.625, 1.679067504200594e-23, nan 
-7.125, -66.625, 1.3446603541617936e-23, nan 
-6.875, -66.625, 1.1479151098469464e-23, nan 
-6.625, -66.625, 2.9543408473090024e-23, nan 
-6.375, -66.625, 1.861527123082069e-23, nan 
-6.125, -66.625, 5.517561976587867e-24, nan 
-5.875, -66.625, 2.150846647622906e-23, nan 
-5.625, -66.625, 1.44357721550533e-23, nan 
-5.375, -66.625, 1.5497410449744935e-23, nan 
-5.125, -66.625, 2.3990075169372312e-23, nan 
-4.875, -66.625, 1.7700904236890278e-23, nan 
-4.625, -66.625, 2.605665116744856e-23, nan 
-4.375, -66.625, 2.3415577141376472e-23, nan 
-4.125, -66.625, 2.2992862474673244e-23, nan 
-3.875, -66.625, 2.0693381470821992e-22, nan 
-3.625, -66.625, 1.566458519224432e-22, nan 
-3.375, -66.625, 1.1179124435304602e-22, nan 
-3.125, -66.625, 5.544072140659055e-22, nan 
-2.875, -66.625, 5.527696990510054e-22, nan 
-2.625, -66.625, 2.811790963297263e-22, nan 
-2.375, -66.625, 3.48466207511284e-22, nan 
-2.125, -66.625, 2.587884540191383e-22, nan 
-1.875, -66.625, 1.4755375719458527e-22, nan 
-1.625, -66.625, 1.4919243122855914e-23, nan 
-1.375, -66.625, 3.211565976279391e-23, nan 
-1.125, -66.625, 3.462178675064264e-23, nan 
-0.875, -66.625, 3.295963494223344e-23, nan 
-0.625, -66.625, 4.612041376010891e-23, nan 
-0.375, -66.625, 4.6034481828794834e-23, nan 
-0.125, -66.625, 5.2307261768591296e-23, nan 
0.125, -66.625, 6.440828879632584e-23, nan 
0.375, -66.625, 2.974030019729843e-23, nan 
0.625, -66.625, 1.1843366490384364e-22, nan 
0.875, -66.625, 1.6300211823645498e-22, nan 
1.125, -66.625, 1.0009583451860616e-22, nan 
1.375, -66.625, 9.667308532100063e-23, nan 
1.625, -66.625, 1.924463212528307e-22, nan 
1.875, -66.625, 1.7555275241587972e-22, nan 
2.125, -66.625, 1.0271535589889381e-22, nan 
2.375, -66.625, 1.267871750507056e-22, nan 
2.625, -66.625, 1.3045022767767834e-22, nan 
2.875, -66.625, 8.353999200026955e-23, nan 
3.125, -66.625, 3.111766040236432e-23, nan 
-23.625, -66.375, 3.513326837460636e-23, nan 
-23.375, -66.375, 6.684417685271948e-23, nan 
-23.125, -66.375, 1.0071777737349387e-22, nan 
-22.875, -66.375, 7.666129878661875e-23, nan 
-22.625, -66.375, 1.22554745980567e-22, nan 
-22.375, -66.375, 1.8641074809316643e-22, nan 
-22.125, -66.375, 2.043980915798338e-22, nan 
-21.875, -66.375, 1.7133770207583466e-22, nan 
-21.625, -66.375, 1.4738016570104077e-22, nan 
-21.375, -66.375, 1.711803460717994e-22, nan 
-21.125, -66.375, 1.3291767731917618e-22, nan 
-20.875, -66.375, 3.754087611664572e-23, nan 
-20.625, -66.375, 4.295370539305836e-23, nan 
-20.375, -66.375, 4.0671108673223424e-23, nan 
-20.125, -66.375, 1.843287386020643e-23, nan 
-19.875, -66.375, 1.637018543075746e-23, nan 
-19.625, -66.375, 1.3863714422425584e-23, nan 
-19.375, -66.375, 1.488094678852176e-23, nan 
-19.125, -66.375, 1.75107791624577e-23, nan 
-18.875, -66.375, 1.6546560280371056e-23, nan 
-18.625, -66.375, 9.306560407413489e-24, nan 
-18.375, -66.375, 1.316533358660423e-23, nan 
-18.125, -66.375, 1.9487499221064545e-23, nan 
-17.875, -66.375, 2.0187483574647844e-23, nan 
-17.625, -66.375, 2.0828964413592403e-23, nan 
-17.375, -66.375, 3.51931168372151e-23, nan 
-17.125, -66.375, 3.619740141921198e-23, nan 
-16.875, -66.375, 2.3731845662494002e-23, nan 
-16.625, -66.375, 6.83226891385768e-23, nan 
-16.375, -66.375, 9.430330385556862e-23, nan 
-16.125, -66.375, 7.97950220628727e-23, nan 
-15.875, -66.375, 1.1569859550117942e-22, nan 
-15.625, -66.375, 1.2109851410237e-22, nan 
-15.375, -66.375, 1.2628334713111205e-22, nan 
-15.125, -66.375, 1.148663853495765e-22, nan 
-14.875, -66.375, 1.0174387205592647e-22, nan 
-14.625, -66.375, 1.2976560897563576e-22, nan 
-14.375, -66.375, 9.814369573037363e-23, nan 
-14.125, -66.375, 2.945012657927021e-23, nan 
-13.875, -66.375, 4.997669023009061e-23, nan 
-13.625, -66.375, 6.106742411996973e-23, nan 
-13.375, -66.375, 4.1062739036737285e-23, nan 
-13.125, -66.375, 5.065801035750502e-23, nan 
-12.875, -66.375, 6.325392860118181e-23, nan 
-12.625, -66.375, 4.4235749611015614e-23, nan 
-12.375, -66.375, 4.39371380796729e-23, nan 
-12.125, -66.375, 4.5259344481218015e-23, nan 
-11.875, -66.375, 4.0123830868748846e-23, nan 
-11.625, -66.375, 3.2172619614299335e-23, nan 
-11.375, -66.375, 2.7179006356154076e-23, nan 
-11.125, -66.375, 2.231443485280026e-23, nan 
-10.875, -66.375, 3.845899551603581e-24, nan 
-10.625, -66.375, 7.771788510810444e-24, nan 
-10.375, -66.375, 1.1465323788472378e-23, nan 
-10.125, -66.375, 1.0047096107489547e-23, nan 
-9.875, -66.375, 7.723626010500637e-24, nan 
-9.625, -66.375, 4.319427228089683e-24, nan 
-9.375, -66.375, 1.2967305375228022e-23, nan 
-9.125, -66.375, 1.646939887007e-23, nan 
-8.875, -66.375, 1.8874835754326058e-23, nan 
-8.625, -66.375, 1.7948864599131588e-23, nan 
-8.375, -66.375, 1.2793773218574252e-23, nan 
-8.125, -66.375, 1.097477938408177e-23, nan 
-7.875, -66.375, 2.0189085033617828e-23, nan 
-7.625, -66.375, 1.9627683532361137e-23, nan 
-7.375, -66.375, 1.3194998010911539e-23, nan 
-7.125, -66.375, 1.9922811631600788e-23, nan 
-6.875, -66.375, 1.8740232831789014e-23, nan 
-6.625, -66.375, 2.0164488920928725e-23, nan 
-6.375, -66.375, 2.0717176805365598e-23, nan 
-6.125, -66.375, 2.3820675148168942e-23, nan 
-5.875, -66.375, 4.6597586286917984e-23, nan 
-5.625, -66.375, 2.420737969733677e-23, nan 
-5.375, -66.375, 5.024422254556006e-23, nan 
-5.125, -66.375, 8.049530070500682e-23, nan 
-4.875, -66.375, 3.017012315672737e-23, nan 
-4.625, -66.375, 2.0029686512166094e-23, nan 
-4.375, -66.375, 3.2955755483909334e-23, nan 
-4.125, -66.375, 1.19387807734389e-22, nan 
-3.875, -66.375, 5.163632629019748e-22, nan 
-3.625, -66.375, 5.821359772431905e-22, nan 
-3.375, -66.375, 2.8448139999630084e-22, nan 
-3.125, -66.375, 1.3204698724033633e-21, nan 
-2.875, -66.375, 1.5912634730286186e-21, nan 
-2.625, -66.375, 7.561562402586805e-22, nan 
-2.375, -66.375, 9.603351141103823e-22, nan 
-2.125, -66.375, 1.1725958606975733e-21, nan 
-1.875, -66.375, 5.321248284522507e-22, nan 
-1.625, -66.375, 1.1530776204802993e-22, nan 
-1.375, -66.375, 2.912983583107513e-23, nan 
-1.125, -66.375, 2.852418447141993e-23, nan 
-0.875, -66.375, 1.157863776187012e-22, nan 
-0.625, -66.375, 8.327127062476857e-23, nan 
-0.375, -66.375, 2.866072133487621e-23, nan 
-0.125, -66.375, 1.162516398975242e-22, nan 
0.125, -66.375, 1.1641571579921175e-22, nan 
0.375, -66.375, 8.243910774546959e-23, nan 
0.625, -66.375, 7.484546769201622e-23, nan 
0.875, -66.375, 1.0044645657402545e-22, nan 
1.125, -66.375, 7.656983366776499e-23, nan 
1.375, -66.375, 1.1882514293429105e-22, nan 
1.625, -66.375, 1.925633035990864e-22, nan 
1.875, -66.375, 2.001807241697508e-22, nan 
2.125, -66.375, 1.4237917655519937e-22, nan 
2.375, -66.375, 8.734740077870939e-23, nan 
2.625, -66.375, 1.8263138206099872e-22, nan 
2.875, -66.375, 2.5892182889045708e-22, nan 
3.125, -66.375, 5.140663792863296e-22, nan 
3.375, -66.375, 4.978212593106977e-22, nan 
-23.375, -66.125, 1.8674397116442504e-22, nan 
-23.125, -66.125, 1.1152189704791744e-22, nan 
-22.875, -66.125, 1.0288371142882008e-22, nan 
-22.625, -66.125, 9.363641837122749e-23, nan 
-22.375, -66.125, 9.9737167219473e-23, nan 
-22.125, -66.125, 1.659674650123211e-22, nan 
-21.875, -66.125, 1.6075513838960862e-22, nan 
-21.625, -66.125, 2.1333968123590377e-22, nan 
-21.375, -66.125, 1.7246947429591852e-22, nan 
-21.125, -66.125, 1.4714048344969979e-22, nan 
-20.875, -66.125, 1.0362921628695829e-22, nan 
-20.625, -66.125, 2.139385939463673e-23, nan 
-20.375, -66.125, 2.6269723258515454e-23, nan 
-20.125, -66.125, 1.4633492100877526e-23, nan 
-19.875, -66.125, 1.7264746624963995e-23, nan 
-19.625, -66.125, 2.381370104283276e-23, nan 
-19.375, -66.125, 2.2748642489252558e-23, nan 
-19.125, -66.125, 1.882130129304341e-23, nan 
-18.875, -66.125, 1.6804644125109345e-23, nan 
-18.625, -66.125, 1.7668517329605686e-23, nan 
-18.375, -66.125, 1.465141315878132e-23, nan 
-18.125, -66.125, 1.279514914566927e-23, nan 
-17.875, -66.125, 2.5228416522193013e-23, nan 
-17.625, -66.125, 1.834082620866039e-23, nan 
-17.375, -66.125, 4.5595061669833417e-23, nan 
-17.125, -66.125, 5.853331048568155e-23, nan 
-16.875, -66.125, 3.922400821885637e-23, nan 
-16.625, -66.125, 6.55959885155301e-23, nan 
-16.375, -66.125, 7.086445204256448e-23, nan 
-16.125, -66.125, 5.836136690376908e-23, nan 
-15.875, -66.125, 3.572554065898618e-23, nan 
-15.625, -66.125, 4.685911519751261e-23, nan 
-15.375, -66.125, 4.282019235545501e-23, nan 
-15.125, -66.125, 4.5097948176139715e-23, nan 
-14.875, -66.125, 2.5568162042349256e-23, nan 
-14.625, -66.125, 2.0968949964352797e-23, nan 
-14.375, -66.125, 1.3463652931405556e-23, nan 
-14.125, -66.125, 1.9598790465872722e-23, nan 
-13.875, -66.125, 2.1510446552037167e-23, nan 
-13.625, -66.125, 1.858117399603729e-23, nan 
-13.375, -66.125, 4.2192089637729743e-23, nan 
-13.125, -66.125, 5.246851893926379e-23, nan 
-12.875, -66.125, 5.250418312733115e-23, nan 
-12.625, -66.125, 1.067715701271041e-22, nan 
-12.375, -66.125, 1.0470260026419406e-22, nan 
-12.125, -66.125, 2.3756722247943373e-23, nan 
-11.875, -66.125, 2.928775639941611e-23, nan 
-11.625, -66.125, 1.671510810984802e-23, nan 
-11.375, -66.125, 2.2690778858034465e-23, nan 
-11.125, -66.125, 1.4708005703705942e-23, nan 
-10.875, -66.125, 6.47305963481743e-24, nan 
-10.625, -66.125, 1.8243861761469608e-23, nan 
-10.375, -66.125, 9.202377385887183e-24, nan 
-10.125, -66.125, 2.51185013489861e-23, nan 
-9.875, -66.125, 3.846433516485134e-23, nan 
-9.625, -66.125, 1.5537988147161813e-23, nan 
-9.375, -66.125, 2.5737974626722856e-23, nan 
-9.125, -66.125, 6.818685884611687e-23, nan 
-8.875, -66.125, 9.541461276017343e-23, nan 
-8.625, -66.125, 4.577358478077142e-23, nan 
-8.375, -66.125, 3.285443251351389e-23, nan 
-8.125, -66.125, 4.3015192436778557e-23, nan 
-7.875, -66.125, 5.260997827040459e-23, nan 
-7.625, -66.125, 2.618711350233001e-23, nan 
-7.375, -66.125, 1.574885862187183e-23, nan 
-7.125, -66.125, 2.0076269459167682e-23, nan 
-6.875, -66.125, 3.49999581327081e-23, nan 
-6.625, -66.125, 3.1546130206385033e-23, nan 
-6.375, -66.125, 2.4445378072400646e-23, nan 
-6.125, -66.125, 6.17661995556267e-23, nan 
-5.875, -66.125, 5.74979515711694e-23, nan 
-5.625, -66.125, 9.354062389938773e-23, nan 
-5.375, -66.125, 1.5180356797251327e-22, nan 
-5.125, -66.125, 1.4535575751369613e-22, nan 
-4.875, -66.125, 4.2582414251236124e-23, nan 
-4.625, -66.125, 1.1120201289516748e-22, nan 
-4.375, -66.125, 1.36649799251357e-22, nan 
-4.125, -66.125, 8.583711120799682e-23, nan 
-3.875, -66.125, 1.1958720553350695e-22, nan 
-3.625, -66.125, 1.0882740843057716e-22, nan 
-3.375, -66.125, 2.915167830483395e-22, nan 
-3.125, -66.125, 1.4965436921525361e-21, nan 
-2.875, -66.125, 1.649561281025487e-21, nan 
-2.625, -66.125, 8.113137738628315e-22, nan 
-2.375, -66.125, 1.936362957530832e-22, nan 
-2.125, -66.125, 1.4279590515966766e-22, nan 
-1.875, -66.125, 1.808015481652047e-22, nan 
-1.625, -66.125, 1.7985892842948735e-22, nan 
-1.375, -66.125, 1.749398627731043e-22, nan 
-1.125, -66.125, 4.7574009769194865e-23, nan 
-0.875, -66.125, 3.4261783881396087e-22, nan 
-0.625, -66.125, 2.0106590613553226e-22, nan 
-0.375, -66.125, 9.48437380217525e-23, nan 
-0.125, -66.125, 2.293656366607159e-22, nan 
0.125, -66.125, 1.9228299644646548e-22, nan 
0.375, -66.125, 2.2637482909877304e-22, nan 
0.625, -66.125, 2.4059126074396485e-22, nan 
0.875, -66.125, 2.280684441988749e-22, nan 
1.125, -66.125, 1.9803524301127263e-22, nan 
1.375, -66.125, 1.7579956533982854e-22, nan 
1.625, -66.125, 2.2620149470984677e-22, nan 
1.875, -66.125, 2.6905022160687656e-22, nan 
2.125, -66.125, 1.807282343591956e-22, nan 
2.375, -66.125, 2.422720488263081e-22, nan 
2.625, -66.125, 7.881731169191402e-22, nan 
2.875, -66.125, 9.543781503601536e-22, nan 
3.125, -66.125, 1.1836910540330068e-21, nan 
3.375, -66.125, 1.4301245207003843e-21, nan 
-23.125, -65.875, 9.345305731127321e-23, nan 
-22.875, -65.875, 2.7990842215031274e-23, nan 
-22.625, -65.875, 9.696864383785643e-23, nan 
-22.375, -65.875, 1.9635571437301415e-22, nan 
-22.125, -65.875, 2.1788859633366225e-22, nan 
-21.875, -65.875, 2.436454447098994e-22, nan 
-21.625, -65.875, 2.7676699790925493e-22, nan 
-21.375, -65.875, 2.0650776574428654e-22, nan 
-21.125, -65.875, 1.1994146754485198e-22, nan 
-20.875, -65.875, 7.917426367035629e-23, nan 
-20.625, -65.875, 9.471960805601332e-23, nan 
-20.375, -65.875, 1.159155547974558e-22, nan 
-20.125, -65.875, 9.346246904574951e-23, nan 
-19.875, -65.875, 3.046499482872736e-23, nan 
-19.625, -65.875, 3.930678780705881e-23, nan 
-19.375, -65.875, 2.291769541622521e-23, nan 
-19.125, -65.875, 2.2526204359099563e-23, nan 
-18.875, -65.875, 1.9670765698076383e-23, nan 
-18.625, -65.875, 3.988151408731645e-23, nan 
-18.375, -65.875, 4.0115625045949457e-23, nan 
-18.125, -65.875, 3.00862748416367e-23, nan 
-17.875, -65.875, 3.1820914991591805e-23, nan 
-17.625, -65.875, 1.9630550837745488e-23, nan 
-17.375, -65.875, 4.071156745810893e-23, nan 
-17.125, -65.875, 4.8630226473711706e-23, nan 
-16.875, -65.875, 5.754706926661163e-23, nan 
-16.625, -65.875, 9.056128741563754e-23, nan 
-16.375, -65.875, 5.956968411458652e-23, nan 
-16.125, -65.875, 7.604877363262753e-23, nan 
-15.875, -65.875, 7.012624084534012e-23, nan 
-15.625, -65.875, 5.146653982806763e-23, nan 
-15.375, -65.875, 5.404461896104936e-23, nan 
-15.125, -65.875, 4.8151961768966954e-23, nan 
-14.875, -65.875, 5.377133817443548e-23, nan 
-14.625, -65.875, 4.509162276661477e-23, nan 
-14.375, -65.875, 3.1047879879345394e-23, nan 
-14.125, -65.875, 2.695400862210899e-23, nan 
-13.875, -65.875, 2.782217155686972e-23, nan 
-13.625, -65.875, 2.020993248081355e-23, nan 
-13.375, -65.875, 1.0544022823066677e-22, nan 
-13.125, -65.875, 1.3249423020492497e-22, nan 
-12.875, -65.875, 1.7910681623856493e-23, nan 
-12.625, -65.875, 2.2752793463336036e-22, nan 
-12.375, -65.875, 2.706063817708188e-22, nan 
-12.125, -65.875, 2.6404485584139763e-23, nan 
-11.875, -65.875, 8.073683883073889e-23, nan 
-11.625, -65.875, 1.0257302350259213e-22, nan 
-11.375, -65.875, 1.9953358321673215e-23, nan 
-11.125, -65.875, 1.3628865194160134e-23, nan 
-10.875, -65.875, 1.3535979922111196e-23, nan 
-10.625, -65.875, 1.0749534832407686e-23, nan 
-10.375, -65.875, 1.4854669808543985e-23, nan 
-10.125, -65.875, 3.406542117332413e-23, nan 
-9.875, -65.875, 7.762445055714846e-23, nan 
-9.625, -65.875, 1.0144691828375686e-22, nan 
-9.375, -65.875, 4.4470787621314744e-23, nan 
-9.125, -65.875, 1.6444957799070139e-22, nan 
-8.875, -65.875, 2.487868633208715e-22, nan 
-8.625, -65.875, 8.175645237645064e-23, nan 
-8.375, -65.875, 1.3444523302644865e-22, nan 
-8.125, -65.875, 1.9193095266509098e-22, nan 
-7.875, -65.875, 8.411468698194571e-23, nan 
-7.625, -65.875, 7.265194197704543e-23, nan 
-7.375, -65.875, 8.707421294829616e-23, nan 
-7.125, -65.875, 2.853421354060961e-23, nan 
-6.875, -65.875, 9.533141555531937e-23, nan 
-6.625, -65.875, 1.086923234197695e-22, nan 
-6.375, -65.875, 1.0245619558237006e-22, nan 
-6.125, -65.875, 8.908615768029481e-23, nan 
-5.875, -65.875, 8.946204939258566e-23, nan 
-5.625, -65.875, 3.0480555315063616e-22, nan 
-5.375, -65.875, 1.5935753087426747e-22, nan 
-5.125, -65.875, 1.4101220804125203e-22, nan 
-4.875, -65.875, 2.97334521850995e-22, nan 
-4.625, -65.875, 2.9703081487189406e-22, nan 
-4.375, -65.875, 2.238015822809749e-22, nan 
-4.125, -65.875, 3.1007705543288868e-22, nan 
-3.875, -65.875, 3.602452696887524e-22, nan 
-3.625, -65.875, 2.8950787903188665e-22, nan 
-3.375, -65.875, 3.2468659040453066e-22, nan 
-3.125, -65.875, 3.2959670558542465e-22, nan 
-2.875, -65.875, 2.3331290086831746e-22, nan 
-2.625, -65.875, 2.809052066285703e-22, nan 
-2.375, -65.875, 3.3835296122572544e-22, nan 
-2.125, -65.875, 2.575015825435129e-22, nan 
-1.875, -65.875, 3.956933208284646e-22, nan 
-1.625, -65.875, 4.31520650890695e-22, nan 
-1.375, -65.875, 4.481853978044551e-22, nan 
-1.125, -65.875, 2.980229148455804e-22, nan 
-0.875, -65.875, 4.563495986111579e-22, nan 
-0.625, -65.875, 5.016484342047675e-22, nan 
-0.375, -65.875, 3.269012484234957e-22, nan 
-0.125, -65.875, 2.8628379551753055e-22, nan 
0.125, -65.875, 5.842183311217249e-22, nan 
0.375, -65.875, 5.763113595929943e-22, nan 
0.625, -65.875, 5.513566720889646e-22, nan 
0.875, -65.875, 4.564818205266567e-22, nan 
1.125, -65.875, 2.925403438249202e-22, nan 
1.375, -65.875, 3.011748069033516e-22, nan 
1.625, -65.875, 4.1784447223818114e-22, nan 
1.875, -65.875, 2.3382883454966174e-22, nan 
2.125, -65.875, 3.2366221379782867e-22, nan 
2.375, -65.875, 6.236005193950282e-22, nan 
2.625, -65.875, 5.949667547098421e-22, nan 
2.875, -65.875, 5.19976017068881e-22, nan 
3.125, -65.875, 8.008426028503562e-22, nan 
3.375, -65.875, 2.9645499988789964e-21, nan 
-22.875, -65.625, 3.1555875268356746e-22, nan 
-22.625, -65.625, 3.7986063766159106e-22, nan 
-22.375, -65.625, 3.586120704501451e-22, nan 
-22.125, -65.625, 2.7415718099276786e-22, nan 
-21.875, -65.625, 3.2723094855370545e-22, nan 
-21.625, -65.625, 2.447411916173068e-22, nan 
-21.375, -65.625, 1.935565270591701e-22, nan 
-21.125, -65.625, 1.5537180530539194e-22, nan 
-20.875, -65.625, 1.4421313773889704e-22, nan 
-20.625, -65.625, 1.703776969453619e-22, nan 
-20.375, -65.625, 2.226129128663385e-22, nan 
-20.125, -65.625, 1.6270508502043975e-22, nan 
-19.875, -65.625, 4.8305497556196295e-23, nan 
-19.625, -65.625, 7.681772049189042e-23, nan 
-19.375, -65.625, 6.833879366862049e-23, nan 
-19.125, -65.625, 2.7246589418937935e-23, nan 
-18.875, -65.625, 2.4759957039204436e-23, nan 
-18.625, -65.625, 5.401706516041788e-23, nan 
-18.375, -65.625, 5.775748332282272e-23, nan 
-18.125, -65.625, 5.845445189398883e-23, nan 
-17.875, -65.625, 7.653963937666206e-23, nan 
-17.625, -65.625, 6.659391069772018e-23, nan 
-17.375, -65.625, 7.622651772022053e-23, nan 
-17.125, -65.625, 1.039223698664977e-22, nan 
-16.875, -65.625, 1.0105591701370373e-22, nan 
-16.625, -65.625, 7.678704159678663e-23, nan 
-16.375, -65.625, 5.2875458622207935e-23, nan 
-16.125, -65.625, 8.782713116019089e-23, nan 
-15.875, -65.625, 1.0052826465453515e-22, nan 
-15.625, -65.625, 1.1587781422783456e-22, nan 
-15.375, -65.625, 8.452250954967189e-23, nan 
-15.125, -65.625, 7.82400391787036e-23, nan 
-14.875, -65.625, 1.4686921902237571e-22, nan 
-14.625, -65.625, 9.480079247548589e-23, nan 
-14.375, -65.625, 2.8811965204182843e-23, nan 
-14.125, -65.625, 1.4205898169132475e-22, nan 
-13.875, -65.625, 5.0168582681193255e-23, nan 
-13.625, -65.625, 6.285034935080202e-23, nan 
-13.375, -65.625, 4.8669116769426513e-23, nan 
-13.125, -65.625, 6.050652908565622e-23, nan 
-12.875, -65.625, 2.799517658270492e-23, nan 
-12.625, -65.625, 1.8797367199869891e-22, nan 
-12.375, -65.625, 2.4183159093603863e-22, nan 
-12.125, -65.625, 4.145609528844037e-23, nan 
-11.875, -65.625, 4.5877100028889966e-23, nan 
-11.625, -65.625, 5.1965459479350874e-23, nan 
-11.375, -65.625, 3.4248481439579435e-23, nan 
-11.125, -65.625, 1.6406669885518842e-23, nan 
-10.875, -65.625, 1.7762720587196582e-23, nan 
-10.625, -65.625, 2.1344966785941926e-23, nan 
-10.375, -65.625, 3.070255891623727e-23, nan 
-10.125, -65.625, 7.772021290292417e-23, nan 
-9.875, -65.625, 6.518854435166251e-23, nan 
-9.625, -65.625, 7.250505697881402e-23, nan 
-9.375, -65.625, 1.3757722219975973e-22, nan 
-9.125, -65.625, 1.6767793473663567e-22, nan 
-8.875, -65.625, 2.03822534680725e-22, nan 
-8.625, -65.625, 1.7732479783752207e-22, nan 
-8.375, -65.625, 1.3589439823823432e-22, nan 
-8.125, -65.625, 1.5965929450655125e-22, nan 
-7.875, -65.625, 1.8746190728393115e-22, nan 
-7.625, -65.625, 9.647490591029833e-23, nan 
-7.375, -65.625, 1.239492302119062e-22, nan 
-7.125, -65.625, 6.852791110159169e-23, nan 
-6.875, -65.625, 1.2291783518362184e-22, nan 
-6.625, -65.625, 5.82854759359329e-23, nan 
-6.375, -65.625, 1.1459482553602748e-22, nan 
-6.125, -65.625, 1.467650290761322e-22, nan 
-5.875, -65.625, 1.3552124174385068e-22, nan 
-5.625, -65.625, 3.754491822829639e-22, nan 
-5.375, -65.625, 2.6884030182259946e-22, nan 
-5.125, -65.625, 3.21494536789454e-22, nan 
-4.875, -65.625, 5.062804416526485e-22, nan 
-4.625, -65.625, 7.685844408912866e-22, nan 
-4.375, -65.625, 5.342889753162988e-22, nan 
-4.125, -65.625, 5.590606668793126e-22, nan 
-3.875, -65.625, 7.729902780709104e-22, nan 
-3.625, -65.625, 1.0128724785355783e-21, nan 
-3.375, -65.625, 7.014036760790171e-22, nan 
-3.125, -65.625, 1.0652691322912587e-21, nan 
-2.875, -65.625, 1.748105664354323e-21, nan 
-2.625, -65.625, 1.0923973585707202e-21, nan 
-2.375, -65.625, 1.00259033374077e-21, nan 
-2.125, -65.625, 1.7686791901039284e-21, nan 
-1.875, -65.625, 1.439178517148748e-21, nan 
-1.625, -65.625, 1.8719528952171478e-21, nan 
-1.375, -65.625, 2.022903707556141e-21, nan 
-1.125, -65.625, 1.1187590900832573e-21, nan 
-0.875, -65.625, 1.6346621793558361e-21, nan 
-0.625, -65.625, 2.5413930013197588e-21, nan 
-0.375, -65.625, 1.4889592740562779e-21, nan 
-0.125, -65.625, 1.1543631747641196e-21, nan 
0.125, -65.625, 2.00135250287919e-21, nan 
0.375, -65.625, 1.880216102933244e-21, nan 
0.625, -65.625, 1.5265882541924577e-21, nan 
0.875, -65.625, 7.039623063742979e-22, nan 
1.125, -65.625, 6.145799482580011e-22, nan 
1.375, -65.625, 7.901617468496509e-22, nan 
1.625, -65.625, 2.0689225487902294e-21, nan 
1.875, -65.625, 1.9379572755337985e-21, nan 
2.125, -65.625, 1.3108851443053507e-21, nan 
2.375, -65.625, 2.96811604172609e-21, nan 
2.625, -65.625, 2.986119482646151e-21, nan 
2.875, -65.625, 2.075475213303668e-21, nan 
3.125, -65.625, 2.476555139917287e-21, nan 
3.375, -65.625, 2.1685089266503798e-21, nan 
-22.625, -65.375, 3.331391424335972e-22, nan 
-22.375, -65.375, 3.3929954368967786e-22, nan 
-22.125, -65.375, 2.41096996303447e-22, nan 
-21.875, -65.375, 6.353878278372465e-23, nan 
-21.625, -65.375, 5.701359250857083e-23, nan 
-21.375, -65.375, 1.2469316611395002e-22, nan 
-21.125, -65.375, 1.4031862794592496e-22, nan 
-20.875, -65.375, 1.0421716103293304e-22, nan 
-20.625, -65.375, 1.2432121709937167e-22, nan 
-20.375, -65.375, 1.580728921269245e-22, nan 
-20.125, -65.375, 1.2893912233050507e-22, nan 
-19.875, -65.375, 2.4951494257600516e-23, nan 
-19.625, -65.375, 3.26577161879973e-23, nan 
-19.375, -65.375, 4.390667746774341e-23, nan 
-19.125, -65.375, 5.449640317130317e-23, nan 
-18.875, -65.375, 2.0240942117914173e-23, nan 
-18.625, -65.375, 3.2197289031728544e-23, nan 
-18.375, -65.375, 5.450275749983903e-23, nan 
-18.125, -65.375, 3.2412954213990853e-23, nan 
-17.875, -65.375, 6.983700324000282e-23, nan 
-17.625, -65.375, 7.465935584508719e-23, nan 
-17.375, -65.375, 8.205816515357181e-23, nan 
-17.125, -65.375, 1.2349092983830356e-22, nan 
-16.875, -65.375, 1.8280808793818026e-22, nan 
-16.625, -65.375, 1.6907389824660385e-22, nan 
-16.375, -65.375, 1.358169936382389e-22, nan 
-16.125, -65.375, 1.716842793713635e-22, nan 
-15.875, -65.375, 2.311033935813188e-22, nan 
-15.625, -65.375, 2.009244446264924e-22, nan 
-15.375, -65.375, 9.916836643618874e-23, nan 
-15.125, -65.375, 3.945950764624143e-22, nan 
-14.875, -65.375, 6.623251967559764e-22, nan 
-14.625, -65.375, 5.2625064349080565e-22, nan 
-14.375, -65.375, 5.550267620355521e-22, nan 
-14.125, -65.375, 4.286516887646707e-22, nan 
-13.875, -65.375, 9.494003673656479e-23, nan 
-13.625, -65.375, 1.106478040635805e-22, nan 
-13.375, -65.375, 2.6601117056189408e-22, nan 
-13.125, -65.375, 1.065783010086549e-22, nan 
-12.875, -65.375, 8.295340569873342e-23, nan 
-12.625, -65.375, 1.112645832413324e-22, nan 
-12.375, -65.375, 1.0401146159359465e-22, nan 
-12.125, -65.375, 7.51529573219196e-23, nan 
-11.875, -65.375, 6.81021639846225e-23, nan 
-11.625, -65.375, 5.701755777564414e-23, nan 
-11.375, -65.375, 3.142746004540479e-23, nan 
-11.125, -65.375, 1.7812747178905162e-23, nan 
-10.875, -65.375, 2.292831128169895e-23, nan 
-10.625, -65.375, 2.707308885475748e-23, nan 
-10.375, -65.375, 2.923549152353986e-23, nan 
-10.125, -65.375, 3.5365047045679105e-23, nan 
-9.875, -65.375, 3.4304122880106164e-23, nan 
-9.625, -65.375, 8.032115388280002e-23, nan 
-9.375, -65.375, 2.022347221736638e-22, nan 
-9.125, -65.375, 2.1070633746688263e-22, nan 
-8.875, -65.375, 2.6164190578328724e-22, nan 
-8.625, -65.375, 2.9839192993444782e-22, nan 
-8.375, -65.375, 1.4919069086831503e-22, nan 
-8.125, -65.375, 3.749969260903734e-22, nan 
-7.875, -65.375, 2.858588935734554e-22, nan 
-7.625, -65.375, 1.8792575992491867e-22, nan 
-7.375, -65.375, 2.687913250356544e-22, nan 
-7.125, -65.375, 3.625103203601417e-22, nan 
-6.875, -65.375, 2.4804316546180776e-22, nan 
-6.625, -65.375, 2.403673299285478e-22, nan 
-6.375, -65.375, 3.7001450004567693e-22, nan 
-6.125, -65.375, 2.262139962674979e-22, nan 
-5.875, -65.375, 5.787011931041168e-22, nan 
-5.625, -65.375, 6.5118373401669275e-22, nan 
-5.375, -65.375, 3.479084288201492e-22, nan 
-5.125, -65.375, 1.5640794685838432e-21, nan 
-4.875, -65.375, 2.857901030471034e-21, nan 
-4.625, -65.375, 2.3811234295685045e-21, nan 
-4.375, -65.375, 2.6428407850983426e-21, nan 
-4.125, -65.375, 5.416860224777878e-21, nan 
-3.875, -65.375, 4.4337660490062615e-21, nan 
-3.625, -65.375, 4.198772022675707e-21, nan 
-3.375, -65.375, 6.561450190137951e-21, nan 
-3.125, -65.375, 5.527152119888895e-21, nan 
-2.875, -65.375, 8.634740517223347e-21, nan 
-2.625, -65.375, 3.100811003366255e-21, nan 
-2.375, -65.375, 4.0552350816632045e-21, nan 
-2.125, -65.375, 1.055770219476338e-20, nan 
-1.875, -65.375, 1.0467866461341551e-20, nan 
-1.625, -65.375, 1.419918528599932e-20, nan 
-1.375, -65.375, 1.5139953396880572e-20, nan 
-1.125, -65.375, 1.1856441145922345e-20, nan 
-0.875, -65.375, 1.2980752012180049e-20, nan 
-0.625, -65.375, 1.3449022762679914e-20, nan 
-0.375, -65.375, 9.09223293323584e-21, nan 
-0.125, -65.375, 5.706002242142532e-21, nan 
0.125, -65.375, 7.61098154283736e-21, nan 
0.375, -65.375, 7.097730488288228e-21, nan 
0.625, -65.375, 7.909005897225321e-21, nan 
0.875, -65.375, 9.950322961945814e-21, nan 
1.125, -65.375, 7.502809491093759e-21, nan 
1.375, -65.375, 5.7443630028168556e-21, nan 
1.625, -65.375, 1.1955460162608006e-20, nan 
1.875, -65.375, 1.3273138772596784e-20, nan 
2.125, -65.375, 8.419111752243068e-21, nan 
2.375, -65.375, 7.43023885002316e-21, nan 
2.625, -65.375, 9.484630790468164e-21, nan 
2.875, -65.375, 9.255063293701856e-21, nan 
3.125, -65.375, 1.1151466902724721e-20, nan 
3.375, -65.375, 6.358316716246761e-21, nan 
-22.375, -65.125, 1.0264458523625925e-22, nan 
-22.125, -65.125, 9.344836229352998e-23, nan 
-21.875, -65.125, 7.454960866766261e-23, nan 
-21.625, -65.125, 7.556705831231994e-23, nan 
-21.375, -65.125, 9.580809621594748e-23, nan 
-21.125, -65.125, 1.086080731024839e-22, nan 
-20.875, -65.125, 8.117371424531877e-23, nan 
-20.625, -65.125, 5.259577950621911e-23, nan 
-20.375, -65.125, 5.951867230178813e-23, nan 
-20.125, -65.125, 3.883697206199793e-23, nan 
-19.875, -65.125, 6.391348115739918e-23, nan 
-19.625, -65.125, 3.533155961159831e-23, nan 
-19.375, -65.125, 3.824651045076036e-23, nan 
-19.125, -65.125, 4.853249787045313e-23, nan 
-18.875, -65.125, 3.174820345071244e-23, nan 
-18.625, -65.125, 5.642793530177688e-23, nan 
-18.375, -65.125, 9.266833988070224e-23, nan 
-18.125, -65.125, 8.035105634130309e-23, nan 
-17.875, -65.125, 1.0714898356131372e-22, nan 
-17.625, -65.125, 1.4947576473352727e-22, nan 
-17.375, -65.125, 1.2845396297498532e-22, nan 
-17.125, -65.125, 1.2852024427770232e-22, nan 
-16.875, -65.125, 1.8156049098917038e-22, nan 
-16.625, -65.125, 1.6277138861714055e-22, nan 
-16.375, -65.125, 1.526901305118275e-22, nan 
-16.125, -65.125, 9.663100278151574e-23, nan 
-15.875, -65.125, 4.0586215729696867e-22, nan 
-15.625, -65.125, 6.106262056092094e-22, nan 
-15.375, -65.125, 6.344452353388877e-22, nan 
-15.125, -65.125, 8.809641610736608e-22, nan 
-14.875, -65.125, 1.1197332464099008e-21, nan 
-14.625, -65.125, 1.2430391318397104e-21, nan 
-14.375, -65.125, 1.0928441851209297e-21, nan 
-14.125, -65.125, 7.021667510002039e-22, nan 
-13.875, -65.125, 8.60429023563181e-22, nan 
-13.625, -65.125, 8.957926681005247e-22, nan 
-13.375, -65.125, 6.201441690143986e-22, nan 
-13.125, -65.125, 1.54826248811472e-22, nan 
-12.875, -65.125, 1.3739952748338065e-22, nan 
-12.625, -65.125, 1.8627996909276194e-22, nan 
-12.375, -65.125, 1.3621550924694824e-22, nan 
-12.125, -65.125, 1.700687760341981e-22, nan 
-11.875, -65.125, 1.9392615580400654e-22, nan 
-11.625, -65.125, 9.671809087086258e-23, nan 
-11.375, -65.125, 1.100800779775423e-22, nan 
-11.125, -65.125, 1.4569615912293903e-22, nan 
-10.875, -65.125, 7.46905335114468e-23, nan 
-10.625, -65.125, 4.080450182819643e-23, nan 
-10.375, -65.125, 9.117145328284115e-23, nan 
-10.125, -65.125, 2.750623523075739e-22, nan 
-9.875, -65.125, 4.521635739674443e-22, nan 
-9.625, -65.125, 8.965748671169816e-22, nan 
-9.375, -65.125, 7.943696906095645e-22, nan 
-9.125, -65.125, 9.047414617381887e-22, nan 
-8.875, -65.125, 1.1219395914906041e-21, nan 
-8.625, -65.125, 7.974671714858069e-22, nan 
-8.375, -65.125, 7.983796401367164e-22, nan 
-8.125, -65.125, 1.986039986151163e-21, nan 
-7.875, -65.125, 1.209666062755062e-21, nan 
-7.625, -65.125, 1.9222662426494664e-21, nan 
-7.375, -65.125, 2.5186872443354403e-21, nan 
-7.125, -65.125, 2.0688569135744793e-21, nan 
-6.875, -65.125, 1.52790725641223e-21, nan 
-6.625, -65.125, 2.024569083853006e-21, nan 
-6.375, -65.125, 2.434186300699227e-21, nan 
-6.125, -65.125, 1.5646558004590942e-21, nan 
-5.875, -65.125, 7.226904591177704e-21, nan 
-5.625, -65.125, 1.7194889044688327e-20, nan 
-5.375, -65.125, 9.845239658946892e-21, nan 
-5.125, -65.125, 1.058280124713113e-20, nan 
-4.875, -65.125, 3.4380043441382895e-20, nan 
-4.625, -65.125, 2.5287351120873455e-20, nan 
-4.375, -65.125, 3.909236079901895e-20, nan 
-4.125, -65.125, 7.739843055432902e-20, nan 
-3.875, -65.125, 8.889266335831466e-20, nan 
-3.625, -65.125, 6.757480698953898e-20, nan 
-3.375, -65.125, 7.410369762525009e-20, nan 
-3.125, -65.125, 7.811134143150346e-20, nan 
-2.875, -65.125, 6.907068303700486e-20, nan 
-2.625, -65.125, 5.647384599741291e-20, nan 
-2.375, -65.125, 5.4034534259138245e-20, nan 
-2.125, -65.125, 4.2781985001133086e-20, nan 
-1.875, -65.125, 3.8758164673902196e-20, nan 
-1.625, -65.125, 3.446341332649548e-20, nan 
-1.375, -65.125, 2.77992231244314e-20, nan 
-1.125, -65.125, 2.0370352090408484e-20, nan 
-0.875, -65.125, 8.849790606598149e-21, nan 
-0.625, -65.125, 7.345616103056833e-21, nan 
-0.375, -65.125, 1.0226334368706508e-20, nan 
-0.125, -65.125, 1.0216697537547733e-20, nan 
0.125, -65.125, 8.67404766804801e-21, nan 
0.375, -65.125, 8.857255008088482e-21, nan 
0.625, -65.125, 6.722163867775059e-21, nan 
0.875, -65.125, 8.574825145381597e-21, nan 
1.125, -65.125, 9.007620871577678e-21, nan 
1.375, -65.125, 8.56322632349041e-21, nan 
1.625, -65.125, 9.833590930347071e-21, nan 
1.875, -65.125, 1.0231697520065023e-20, nan 
2.125, -65.125, 6.1967822859439266e-21, nan 
2.375, -65.125, 1.0033381366731869e-20, nan 
2.625, -65.125, 5.500169248532217e-21, nan 
2.875, -65.125, 9.184460626327348e-21, nan 
3.125, -65.125, 1.1459072289353042e-20, nan 
3.375, -65.125, 2.489122451989309e-21, nan 
-22.125, -64.875, 1.170567551955604e-22, nan 
-21.875, -64.875, 1.7972203848537655e-22, nan 
-21.625, -64.875, 2.5334974596845015e-22, nan 
-21.375, -64.875, 2.129944788702053e-22, nan 
-21.125, -64.875, 1.617991100046354e-22, nan 
-20.875, -64.875, 1.6882571410879322e-22, nan 
-20.625, -64.875, 1.3243675046977064e-22, nan 
-20.375, -64.875, 8.774379758090321e-23, nan 
-20.125, -64.875, 1.275021421231984e-22, nan 
-19.875, -64.875, 1.5197598552333234e-22, nan 
-19.625, -64.875, 5.636354743286639e-23, nan 
-19.375, -64.875, 2.95355213557352e-23, nan 
-19.125, -64.875, 6.244442208281015e-23, nan 
-18.875, -64.875, 8.633711237680744e-23, nan 
-18.625, -64.875, 1.0701970198446468e-22, nan 
-18.375, -64.875, 1.116450584332918e-22, nan 
-18.125, -64.875, 1.1766077033603778e-22, nan 
-17.875, -64.875, 1.4631806913777485e-22, nan 
-17.625, -64.875, 1.8232779112924326e-22, nan 
-17.375, -64.875, 2.0655479428059776e-22, nan 
-17.125, -64.875, 2.277112959225687e-22, nan 
-16.875, -64.875, 3.7798723726809204e-22, nan 
-16.625, -64.875, 4.005848593053892e-22, nan 
-16.375, -64.875, 4.1478707713183855e-22, nan 
-16.125, -64.875, 4.588870785528421e-22, nan 
-15.875, -64.875, 1.2008174864082922e-21, nan 
-15.625, -64.875, 1.198770866861247e-21, nan 
-15.375, -64.875, 8.810941327119295e-22, nan 
-15.125, -64.875, 2.4842743758313175e-21, nan 
-14.875, -64.875, 1.6091582884361946e-21, nan 
-14.625, -64.875, 1.0897534113516269e-21, nan 
-14.375, -64.875, 1.343005038645348e-21, nan 
-14.125, -64.875, 2.311479313138633e-21, nan 
-13.875, -64.875, 2.245662304470731e-21, nan 
-13.625, -64.875, 1.9002464732709687e-21, nan 
-13.375, -64.875, 2.2947768772231194e-21, nan 
-13.125, -64.875, 1.7244521278372132e-21, nan 
-12.875, -64.875, 7.732978696686122e-22, nan 
-12.625, -64.875, 7.662290659329451e-22, nan 
-12.375, -64.875, 5.657611565433459e-22, nan 
-12.125, -64.875, 6.183475253837637e-22, nan 
-11.875, -64.875, 5.497638963785315e-22, nan 
-11.625, -64.875, 2.1224001362896603e-22, nan 
-11.375, -64.875, 5.443497764810949e-23, nan 
-11.125, -64.875, 1.7695788343558015e-22, nan 
-10.875, -64.875, 5.545239054742215e-22, nan 
-10.625, -64.875, 9.133224267013145e-22, nan 
-10.375, -64.875, 1.913000099305622e-21, nan 
-10.125, -64.875, 2.0213199356530848e-21, nan 
-9.875, -64.875, 3.0105105714181926e-21, nan 
-9.625, -64.875, 6.5215666812338276e-21, nan 
-9.375, -64.875, 5.991420863727507e-21, nan 
-9.125, -64.875, 7.426367854245498e-21, nan 
-8.875, -64.875, 6.979755047664869e-21, nan 
-8.625, -64.875, 9.431388012663149e-21, nan 
-8.375, -64.875, 1.704310361471801e-20, nan 
-8.125, -64.875, 2.7916378010896787e-20, nan 
-7.875, -64.875, 3.746464985116322e-20, nan 
-7.625, -64.875, 9.324890652838282e-20, nan 
-7.375, -64.875, 1.7822364108053451e-19, nan 
-7.125, -64.875, 1.4636025407617276e-19, nan 
-6.875, -64.875, 1.9728787687922318e-19, nan 
-6.625, -64.875, 3.6335243175290683e-19, nan 
-6.375, -64.875, 4.332701225888974e-19, nan 
-6.125, -64.875, 3.703908379021204e-19, nan 
-5.875, -64.875, 2.0780149796156953e-19, nan 
-5.625, -64.875, 1.9400864862197666e-19, nan 
-5.375, -64.875, 1.0625623533832995e-19, nan 
-5.125, -64.875, 7.684452848680297e-20, nan 
-4.875, -64.875, 3.85641207697113e-19, nan 
-4.625, -64.875, 4.664223214109873e-19, nan 
-4.375, -64.875, 4.0075660590283175e-19, nan 
-4.125, -64.875, 2.9549116169044483e-19, nan 
-3.875, -64.875, 2.479515919177425e-19, nan 
-3.625, -64.875, 2.104112609228078e-19, nan 
-3.375, -64.875, 1.394697844527892e-19, nan 
-3.125, -64.875, 4.5089543543087683e-20, nan 
-2.875, -64.875, 1.3484776696716014e-20, nan 
-2.625, -64.875, 1.1703108280633477e-20, nan 
-2.375, -64.875, 9.935296549888947e-21, nan 
-2.125, -64.875, 7.759568198615997e-21, nan 
-1.875, -64.875, 7.806025808580027e-21, nan 
-1.625, -64.875, 6.488103594786931e-21, nan 
-1.375, -64.875, 4.126394153365885e-21, nan 
-1.125, -64.875, 3.160003693936443e-21, nan 
-0.875, -64.875, 2.6768290028831017e-21, nan 
-0.625, -64.875, 1.8198154835907304e-21, nan 
-0.375, -64.875, 7.887093241140558e-22, nan 
-0.125, -64.875, 2.52964688325871e-21, nan 
0.125, -64.875, 1.9955605020931476e-21, nan 
0.375, -64.875, 2.086529085704004e-21, nan 
0.625, -64.875, 1.5127829253754794e-21, nan 
0.875, -64.875, 1.5341392956316623e-21, nan 
1.125, -64.875, 1.8453230556232835e-21, nan 
1.375, -64.875, 2.4576487737079616e-21, nan 
1.625, -64.875, 3.214919571700087e-21, nan 
1.875, -64.875, 2.7276307444793238e-21, nan 
2.125, -64.875, 1.4051004985474945e-21, nan 
2.375, -64.875, 2.7268903186399576e-21, nan 
2.625, -64.875, 2.341111785949555e-21, nan 
2.875, -64.875, 1.8886843747463148e-21, nan 
3.125, -64.875, 2.136132600252937e-21, nan 
3.375, -64.875, 1.6127309811424688e-21, nan 
-21.875, -64.625, 2.1513278236704733e-22, nan 
-21.625, -64.625, 3.425442293410109e-22, nan 
-21.375, -64.625, 3.093686165675432e-22, nan 
-21.125, -64.625, 2.3048358654095476e-22, nan 
-20.875, -64.625, 2.4168867091981296e-22, nan 
-20.625, -64.625, 1.8318852000036745e-22, nan 
-20.375, -64.625, 1.828943135818281e-22, nan 
-20.125, -64.625, 2.126056984078768e-22, nan 
-19.875, -64.625, 1.8355138341080548e-22, nan 
-19.625, -64.625, 1.5750875205069017e-22, nan 
-19.375, -64.625, 1.433182016472579e-22, nan 
-19.125, -64.625, 1.0937410191412942e-22, nan 
-18.875, -64.625, 1.3552570758479605e-22, nan 
-18.625, -64.625, 1.7148986451071504e-22, nan 
-18.375, -64.625, 1.26558602908102e-22, nan 
-18.125, -64.625, 1.0033467770328381e-22, nan 
-17.875, -64.625, 1.4689733294186249e-22, nan 
-17.625, -64.625, 1.054411249008561e-22, nan 
-17.375, -64.625, 2.1284854024899025e-22, nan 
-17.125, -64.625, 6.062227912134661e-22, nan 
-16.875, -64.625, 5.934744974601677e-22, nan 
-16.625, -64.625, 6.138497308487647e-22, nan 
-16.375, -64.625, 6.810588872968573e-22, nan 
-16.125, -64.625, 8.408253880353978e-22, nan 
-15.875, -64.625, 1.097809246072459e-21, nan 
-15.625, -64.625, 2.8532895538609336e-21, nan 
-15.375, -64.625, 3.7884553160219036e-21, nan 
-15.125, -64.625, 6.5294046047787014e-21, nan 
-14.875, -64.625, 8.122728380755333e-21, nan 
-14.625, -64.625, 8.772924842138023e-21, nan 
-14.375, -64.625, 8.99102140966305e-21, nan 
-14.125, -64.625, 6.7700626756206435e-21, nan 
-13.875, -64.625, 5.237947388126e-21, nan 
-13.625, -64.625, 4.638078177253999e-21, nan 
-13.375, -64.625, 3.935422758360735e-21, nan 
-13.125, -64.625, 1.8972930456875414e-21, nan 
-12.875, -64.625, 2.2530139340341896e-21, nan 
-12.625, -64.625, 2.5806299121981023e-21, nan 
-12.375, -64.625, 3.131257947965073e-21, nan 
-12.125, -64.625, 3.817617229631093e-21, nan 
-11.875, -64.625, 4.832052260535325e-21, nan 
-11.625, -64.625, 3.0413695185586885e-21, nan 
-11.375, -64.625, 2.3708107742766296e-21, nan 
-11.125, -64.625, 1.3946921347372262e-21, nan 
-10.875, -64.625, 3.3003898208644505e-21, nan 
-10.625, -64.625, 7.615968964466742e-21, nan 
-10.375, -64.625, 3.911537744177071e-20, nan 
-10.125, -64.625, 6.081109773467644e-20, nan 
-9.875, -64.625, 1.0007100386068702e-19, nan 
-9.625, -64.625, 8.798199882207771e-19, nan 
-9.375, -64.625, 1.7201637373358334e-18, nan 
-9.125, -64.625, 1.8359593669183952e-17, nan 
-8.875, -64.625, 5.241895644251319e-17, nan 
-8.625, -64.625, 1.2550190475983278e-18, nan 
-8.375, -64.625, 7.154547634952912e-20, nan 
-8.125, -64.625, 2.775651237750971e-20, nan 
-7.875, -64.625, 4.232358839855115e-20, nan 
-7.625, -64.625, 3.471978269870695e-20, nan 
-7.375, -64.625, 2.5308180537489555e-20, nan 
-7.125, -64.625, 1.2512300902413459e-20, nan 
-6.875, -64.625, 1.6149035830870572e-20, nan 
-6.625, -64.625, 1.5762575541270838e-20, nan 
-6.375, -64.625, 1.3806535611481893e-20, nan 
-6.125, -64.625, 1.1685989325823979e-20, nan 
-5.875, -64.625, 1.0697232204799414e-20, nan 
-5.625, -64.625, 1.2949318779131622e-20, nan 
-5.375, -64.625, 1.7280794129662253e-20, nan 
-5.125, -64.625, 1.7788035516464036e-20, nan 
-4.875, -64.625, 1.6148052330926e-20, nan 
-4.625, -64.625, 1.8086936989456028e-20, nan 
-4.375, -64.625, 1.944593859870589e-20, nan 
-4.125, -64.625, 2.2379621433271998e-20, nan 
-3.875, -64.625, 3.6541455827268693e-20, nan 
-3.625, -64.625, 5.0637597475983977e-20, nan 
-3.375, -64.625, 4.2777671188592545e-20, nan 
-3.125, -64.625, 1.8297230068807208e-20, nan 
-2.875, -64.625, 1.9501378212764123e-20, nan 
-2.625, -64.625, 1.1529123983748144e-20, nan 
-2.375, -64.625, 2.970766189955521e-21, nan 
-2.125, -64.625, 1.7370146539472543e-21, nan 
-1.875, -64.625, 1.7530846117969717e-21, nan 
-1.625, -64.625, 1.1348433829884326e-21, nan 
-1.375, -64.625, 1.4015765673201081e-21, nan 
-1.125, -64.625, 1.177745294923143e-21, nan 
-0.875, -64.625, 1.6519193733569752e-21, nan 
-0.625, -64.625, 1.0914394683289324e-21, nan 
-0.375, -64.625, 1.2971956255316796e-21, nan 
-0.125, -64.625, 7.188160434432727e-22, nan 
0.125, -64.625, 1.835995792911984e-22, nan 
0.375, -64.625, 4.80476198784512e-22, nan 
0.625, -64.625, 2.5598998449959973e-22, nan 
0.875, -64.625, 2.531555807282269e-22, nan 
1.125, -64.625, 3.5322418458164657e-22, nan 
1.375, -64.625, 7.114229638126714e-22, nan 
1.625, -64.625, 8.296537544205583e-22, nan 
1.875, -64.625, 6.559633169727171e-22, nan 
2.125, -64.625, 9.317509563161246e-22, nan 
2.375, -64.625, 1.0587741902198643e-21, nan 
2.625, -64.625, 7.215525026643174e-22, nan 
2.875, -64.625, 7.59500706491173e-22, nan 
3.125, -64.625, 9.341342140798184e-22, nan 
3.375, -64.625, 7.489168286179276e-22, nan 
-21.625, -64.375, 1.7756300931029627e-22, nan 
-21.375, -64.375, 1.680571051131643e-22, nan 
-21.125, -64.375, 2.0512800560303207e-22, nan 
-20.875, -64.375, 3.789986678373728e-22, nan 
-20.625, -64.375, 3.482218518736055e-22, nan 
-20.375, -64.375, 3.3942653512941856e-22, nan 
-20.125, -64.375, 1.4565395931097438e-22, nan 
-19.875, -64.375, 1.4533297491279146e-22, nan 
-19.625, -64.375, 1.5931244179605084e-22, nan 
-19.375, -64.375, 1.8023501134251988e-22, nan 
-19.125, -64.375, 1.2040941138782604e-22, nan 
-18.875, -64.375, 6.827497438819912e-23, nan 
-18.625, -64.375, 9.217032877350697e-23, nan 
-18.375, -64.375, 3.9799333211164034e-23, nan 
-18.125, -64.375, 1.5130964525605416e-22, nan 
-17.875, -64.375, 3.708678160334795e-22, nan 
-17.625, -64.375, 3.265210105725295e-22, nan 
-17.375, -64.375, 5.0656684810418e-22, nan 
-17.125, -64.375, 1.427088518960337e-21, nan 
-16.875, -64.375, 9.271013287416697e-22, nan 
-16.625, -64.375, 9.607053435287134e-22, nan 
-16.375, -64.375, 1.0657086454177358e-21, nan 
-16.125, -64.375, 1.3073572477479208e-21, nan 
-15.875, -64.375, 2.1816032219863722e-21, nan 
-15.625, -64.375, 1.498577861265497e-21, nan 
-15.375, -64.375, 2.101399038780156e-21, nan 
-15.125, -64.375, 3.592336219450712e-21, nan 
-14.875, -64.375, 1.7972623555324215e-20, nan 
-14.625, -64.375, 2.611595749427291e-20, nan 
-14.375, -64.375, 3.0891421079762294e-20, nan 
-14.125, -64.375, 3.058635965542495e-20, nan 
-13.875, -64.375, 1.8111219678052962e-20, nan 
-13.625, -64.375, 2.271767179628034e-20, nan 
-13.375, -64.375, 4.97276615709987e-20, nan 
-13.125, -64.375, 8.014042971360533e-20, nan 
-12.875, -64.375, 1.5294965911414813e-19, nan 
-12.625, -64.375, 1.191917568628152e-19, nan 
-12.375, -64.375, 9.062618405611991e-20, nan 
-12.125, -64.375, 9.462909202946626e-20, nan 
-11.875, -64.375, 2.647723890014959e-19, nan 
-11.625, -64.375, 5.745911745044417e-19, nan 
-11.375, -64.375, 6.124037153593989e-19, nan 
-11.125, -64.375, 2.5723859754420284e-19, nan 
-10.875, -64.375, 8.276068395035868e-20, nan 
-10.625, -64.375, 2.7104369047679817e-20, nan 
-10.375, -64.375, 1.3469660340293955e-20, nan 
-10.125, -64.375, 3.512744386927652e-20, nan 
-9.875, -64.375, 2.8390701593404854e-20, nan 
-9.625, -64.375, 1.9752426380982904e-20, nan 
-9.375, -64.375, 1.5086210751911004e-20, nan 
-9.125, -64.375, 1.7723796625098076e-20, nan 
-8.875, -64.375, 3.090556145914572e-21, nan 
-8.625, -64.375, 2.753962396527486e-21, nan 
-8.375, -64.375, 3.456403397326157e-21, nan 
-8.125, -64.375, 9.814665972422465e-22, nan 
-7.875, -64.375, 6.4881757988567645e-22, nan 
-7.625, -64.375, 4.490089779534478e-22, nan 
-7.375, -64.375, 1.6750242940483926e-21, nan 
-7.125, -64.375, 2.2851939642371033e-21, nan 
-6.875, -64.375, 1.3264089814374259e-21, nan 
-6.625, -64.375, 1.4447552698729513e-21, nan 
-6.375, -64.375, 2.1402221350377684e-21, nan 
-6.125, -64.375, 1.793147837589626e-21, nan 
-5.875, -64.375, 4.210589586483441e-21, nan 
-5.625, -64.375, 4.443784459233467e-21, nan 
-5.375, -64.375, 4.3462620960184e-21, nan 
-5.125, -64.375, 4.980351213350041e-21, nan 
-4.875, -64.375, 4.257223631191241e-21, nan 
-4.625, -64.375, 3.493371099578399e-21, nan 
-4.375, -64.375, 2.635657816472113e-21, nan 
-4.125, -64.375, 1.6101807978529645e-21, nan 
-3.875, -64.375, 6.197718289341787e-21, nan 
-3.625, -64.375, 7.128120610200599e-21, nan 
-3.375, -64.375, 7.953956655449192e-21, nan 
-3.125, -64.375, 6.2764583578837e-21, nan 
-2.875, -64.375, 6.388964137485649e-21, nan 
-2.625, -64.375, 5.533246656844238e-21, nan 
-2.375, -64.375, 1.788868836392561e-21, nan 
-2.125, -64.375, 6.9526700561774385e-22, nan 
-1.875, -64.375, 6.452554692703253e-22, nan 
-1.625, -64.375, 6.500485005720244e-22, nan 
-1.375, -64.375, 5.235468145932941e-22, nan 
-1.125, -64.375, 3.605192898644001e-22, nan 
-0.875, -64.375, 7.541168033716236e-22, nan 
-0.625, -64.375, 5.3117456125261775e-22, nan 
-0.375, -64.375, 5.675002674945674e-22, nan 
-0.125, -64.375, 4.187604441039328e-22, nan 
0.125, -64.375, 3.990404032830253e-22, nan 
0.375, -64.375, 3.4411742520687856e-22, nan 
0.625, -64.375, 2.8048957996755066e-22, nan 
0.875, -64.375, 1.3836946815891248e-22, nan 
1.125, -64.375, 2.5375827615137615e-22, nan 
1.375, -64.375, 2.911669596271317e-22, nan 
1.625, -64.375, 5.580570320072891e-22, nan 
1.875, -64.375, 3.96856601325667e-22, nan 
2.125, -64.375, 4.102413314436766e-22, nan 
2.375, -64.375, 5.1414575056336335e-22, nan 
2.625, -64.375, 2.755878435720567e-22, nan 
2.875, -64.375, 4.594313538953676e-22, nan 
3.125, -64.375, 6.619806563748103e-22, nan 
3.375, -64.375, 4.159709578369965e-22, nan 
-21.375, -64.125, 1.0790335481641082e-21, nan 
-21.125, -64.125, 8.238529053630271e-22, nan 
-20.875, -64.125, 9.690624908355784e-22, nan 
-20.625, -64.125, 9.39735836125117e-22, nan 
-20.375, -64.125, 7.91816603774199e-22, nan 
-20.125, -64.125, 9.313470186286775e-22, nan 
-19.875, -64.125, 6.3629595728385545e-22, nan 
-19.625, -64.125, 5.724890957081553e-22, nan 
-19.375, -64.125, 2.126394384590452e-22, nan 
-19.125, -64.125, 1.2815250172355557e-22, nan 
-18.875, -64.125, 1.6599095628081415e-22, nan 
-18.625, -64.125, 3.7151136539521406e-22, nan 
-18.375, -64.125, 5.0212206037624375e-22, nan 
-18.125, -64.125, 4.333389536464643e-22, nan 
-17.875, -64.125, 5.377881699662843e-22, nan 
-17.625, -64.125, 8.28713437380415e-22, nan 
-17.375, -64.125, 1.1734170402853348e-21, nan 
-17.125, -64.125, 1.6607318571714977e-21, nan 
-16.875, -64.125, 1.628796317861328e-21, nan 
-16.625, -64.125, 2.0580789831978137e-21, nan 
-16.375, -64.125, 2.2022838672554097e-21, nan 
-16.125, -64.125, 3.885290316282992e-21, nan 
-15.875, -64.125, 9.486895922049904e-21, nan 
-15.625, -64.125, 1.2038731831907642e-20, nan 
-15.375, -64.125, 1.5454059548631676e-20, nan 
-15.125, -64.125, 2.0443703901282868e-20, nan 
-14.875, -64.125, 2.283591582895532e-20, nan 
-14.625, -64.125, 3.580201852121001e-20, nan 
-14.375, -64.125, 3.845019322891676e-20, nan 
-14.125, -64.125, 9.320825246036439e-20, nan 
-13.875, -64.125, 1.7087789203965106e-19, nan 
-13.625, -64.125, 1.4319313467534823e-19, nan 
-13.375, -64.125, 5.919797961001195e-19, nan 
-13.125, -64.125, 7.839360115301255e-19, nan 
-12.875, -64.125, 3.990976140773949e-19, nan 
-12.625, -64.125, 1.5808702043017264e-19, nan 
-12.375, -64.125, 9.916249936165545e-20, nan 
-12.125, -64.125, 6.108554035988848e-20, nan 
-11.875, -64.125, 3.2439013226976057e-20, nan 
-11.625, -64.125, 1.643566935894022e-20, nan 
-11.375, -64.125, 8.841069841745596e-21, nan 
-11.125, -64.125, 7.183225442822226e-21, nan 
-10.875, -64.125, 4.4281429481252374e-21, nan 
-10.625, -64.125, 2.5331083429675637e-21, nan 
-10.375, -64.125, 6.119604174649267e-22, nan 
-10.125, -64.125, 4.680607722375914e-22, nan 
-9.875, -64.125, 3.5262445804419455e-22, nan 
-9.625, -64.125, 4.1968377742413876e-22, nan 
-9.375, -64.125, 1.1375768322193947e-21, nan 
-9.125, -64.125, 1.3409430619869398e-21, nan 
-8.875, -64.125, 3.3812671152311993e-22, nan 
-8.625, -64.125, 2.4028719339666275e-22, nan 
-8.375, -64.125, 1.953737511510983e-22, nan 
-8.125, -64.125, 7.561105703950135e-23, nan 
-7.875, -64.125, 1.9050851651035276e-22, nan 
-7.625, -64.125, 1.0613514644463813e-22, nan 
-7.375, -64.125, 2.8501439829371464e-22, nan 
-7.125, -64.125, 6.021716073712616e-22, nan 
-6.875, -64.125, 2.644382836498982e-22, nan 
-6.625, -64.125, 2.385246011510119e-22, nan 
-6.375, -64.125, 5.901245822459552e-22, nan 
-6.125, -64.125, 5.922766702601703e-22, nan 
-5.875, -64.125, 2.575804119447521e-22, nan 
-5.625, -64.125, 1.8722385808881566e-21, nan 
-5.375, -64.125, 2.2681746550445232e-21, nan 
-5.125, -64.125, 2.0139031375808647e-21, nan 
-4.875, -64.125, 2.279882305206218e-21, nan 
-4.625, -64.125, 2.254266210249864e-21, nan 
-4.375, -64.125, 2.1170894806786272e-21, nan 
-4.125, -64.125, 2.499887685375096e-21, nan 
-3.875, -64.125, 2.750422224131056e-21, nan 
-3.625, -64.125, 2.4571302756331065e-21, nan 
-3.375, -64.125, 2.8472513564717392e-21, nan 
-3.125, -64.125, 2.611086656754096e-21, nan 
-2.875, -64.125, 1.9609566550494872e-21, nan 
-2.625, -64.125, 1.4104253130835933e-21, nan 
-2.375, -64.125, 7.238471179595082e-22, nan 
-2.125, -64.125, 3.6665093048184605e-22, nan 
-1.875, -64.125, 2.0852999709250004e-22, nan 
-1.625, -64.125, 1.6590232950892804e-22, nan 
-1.375, -64.125, 6.363008227845494e-23, nan 
-1.125, -64.125, 7.424147748054716e-23, nan 
-0.875, -64.125, 8.784006443405818e-23, nan 
-0.625, -64.125, 1.5271468828965568e-22, nan 
-0.375, -64.125, 1.5655322422666943e-22, nan 
-0.125, -64.125, 9.973380109539953e-23, nan 
0.125, -64.125, 2.2268209642717156e-22, nan 
0.375, -64.125, 1.658896047637269e-22, nan 
0.625, -64.125, 1.6666569817908475e-22, nan 
0.875, -64.125, 2.3633503055016105e-22, nan 
1.125, -64.125, 2.158885752881727e-22, nan 
1.375, -64.125, 1.5871322387752924e-22, nan 
1.625, -64.125, 3.537494052077112e-22, nan 
1.875, -64.125, 2.8923768301741837e-22, nan 
2.125, -64.125, 1.282074813088375e-22, nan 
2.375, -64.125, 7.804808857957889e-23, nan 
2.625, -64.125, 1.6938434621263175e-22, nan 
2.875, -64.125, 1.780538308700819e-22, nan 
3.125, -64.125, 2.4501696481358385e-22, nan 
3.375, -64.125, 2.1778009717988336e-22, nan 
-21.125, -63.875, 1.3701585158584463e-21, nan 
-20.875, -63.875, 1.2830082298798817e-21, nan 
-20.625, -63.875, 1.745514607880345e-21, nan 
-20.375, -63.875, 1.6738587606230254e-21, nan 
-20.125, -63.875, 1.949681881586542e-21, nan 
-19.875, -63.875, 2.154158870812056e-21, nan 
-19.625, -63.875, 2.1798011285682303e-21, nan 
-19.375, -63.875, 1.8514382592435974e-21, nan 
-19.125, -63.875, 5.639798890943789e-22, nan 
-18.875, -63.875, 6.244749958068429e-22, nan 
-18.625, -63.875, 9.828131185788662e-22, nan 
-18.375, -63.875, 1.4631136735919912e-21, nan 
-18.125, -63.875, 1.3226523773215784e-21, nan 
-17.875, -63.875, 1.6209168961926997e-21, nan 
-17.625, -63.875, 2.595337317036062e-21, nan 
-17.375, -63.875, 3.626998182529717e-21, nan 
-17.125, -63.875, 3.706929697670797e-21, nan 
-16.875, -63.875, 5.7970200571690404e-21, nan 
-16.625, -63.875, 9.649215053217214e-21, nan 
-16.375, -63.875, 1.2926003092180434e-20, nan 
-16.125, -63.875, 1.7795520060610482e-20, nan 
-15.875, -63.875, 2.4545640289013514e-20, nan 
-15.625, -63.875, 9.739932569481918e-20, nan 
-15.375, -63.875, 8.151539897033595e-20, nan 
-15.125, -63.875, 1.2916070148406758e-19, nan 
-14.875, -63.875, 1.114684754021488e-19, nan 
-14.625, -63.875, 8.929708637680135e-20, nan 
-14.375, -63.875, 5.1987466163571727e-20, nan 
-14.125, -63.875, 6.904027373001103e-20, nan 
-13.875, -63.875, 4.4712090783511626e-20, nan 
-13.625, -63.875, 2.1438808930019524e-20, nan 
-13.375, -63.875, 1.956797672479177e-20, nan 
-13.125, -63.875, 2.0763164522543267e-20, nan 
-12.875, -63.875, 1.518137594252763e-20, nan 
-12.625, -63.875, 1.1607400434170237e-20, nan 
-12.375, -63.875, 7.881131975220215e-21, nan 
-12.125, -63.875, 6.4159330459644106e-21, nan 
-11.875, -63.875, 4.850302561662728e-21, nan 
-11.625, -63.875, 3.6537433252548934e-21, nan 
-11.375, -63.875, 1.4185120274079306e-21, nan 
-11.125, -63.875, 1.4252471297647893e-21, nan 
-10.875, -63.875, 9.169355489836458e-22, nan 
-10.625, -63.875, 6.487066496763269e-22, nan 
-10.375, -63.875, 4.29944174293359e-22, nan 
-10.125, -63.875, 2.916896402488844e-22, nan 
-9.875, -63.875, 2.4553336044515197e-22, nan 
-9.625, -63.875, 9.314659122167796e-23, nan 
-9.375, -63.875, 7.305586094355394e-23, nan 
-9.125, -63.875, 4.971915600861345e-23, nan 
-8.875, -63.875, 8.392628568086284e-23, nan 
-8.625, -63.875, 7.079377661872356e-23, nan 
-8.375, -63.875, 4.1209730131294504e-23, nan 
-8.125, -63.875, 1.035437841562016e-22, nan 
-7.875, -63.875, 1.6011398209911312e-22, nan 
-7.625, -63.875, 6.931144009374993e-23, nan 
-7.375, -63.875, 1.577493676317523e-22, nan 
-7.125, -63.875, 1.807873759834622e-22, nan 
-6.875, -63.875, 1.0943894431305757e-22, nan 
-6.625, -63.875, 1.2843773102546638e-22, nan 
-6.375, -63.875, 2.1453403004895726e-22, nan 
-6.125, -63.875, 1.4794900720513334e-22, nan 
-5.875, -63.875, 8.72315313106781e-23, nan 
-5.625, -63.875, 1.4245571040264616e-22, nan 
-5.375, -63.875, 2.5954636399073584e-22, nan 
-5.125, -63.875, 3.854526364917902e-22, nan 
-4.875, -63.875, 1.3570412475024221e-21, nan 
-4.625, -63.875, 1.2277212949672758e-21, nan 
-4.375, -63.875, 1.0407840976381799e-21, nan 
-4.125, -63.875, 1.2158872461104615e-21, nan 
-3.875, -63.875, 1.3100975197511544e-21, nan 
-3.625, -63.875, 1.1089776823852657e-21, nan 
-3.375, -63.875, 8.180996256174705e-22, nan 
-3.125, -63.875, 9.367453112756461e-22, nan 
-2.875, -63.875, 7.736483482160495e-22, nan 
-2.625, -63.875, 3.2625906721106267e-22, nan 
-2.375, -63.875, 1.8502281394644394e-22, nan 
-2.125, -63.875, 2.0193542295924327e-22, nan 
-1.875, -63.875, 1.4366701257215249e-22, nan 
-1.625, -63.875, 7.320341441565007e-23, nan 
-1.375, -63.875, 5.972540677282919e-23, nan 
-1.125, -63.875, 4.349162193360707e-23, nan 
-0.875, -63.875, 5.782327413336306e-23, nan 
-0.625, -63.875, 9.175968606870501e-23, nan 
-0.375, -63.875, 7.751212676400548e-23, nan 
-0.125, -63.875, 9.300216979923382e-23, nan 
0.125, -63.875, 1.1527641400218583e-22, nan 
0.375, -63.875, 5.835668807577407e-23, nan 
0.625, -63.875, 9.122366058529053e-23, nan 
0.875, -63.875, 1.4336194135372472e-22, nan 
1.125, -63.875, 1.36164947229965e-22, nan 
1.375, -63.875, 9.690153198797318e-23, nan 
1.625, -63.875, 1.1301905963741388e-22, nan 
1.875, -63.875, 1.7620130011580805e-22, nan 
2.125, -63.875, 1.151982612231175e-22, nan 
2.375, -63.875, 2.5352326867199566e-23, nan 
2.625, -63.875, 8.569883692656858e-23, nan 
2.875, -63.875, 5.203326416094307e-23, nan 
3.125, -63.875, 1.7909301036348969e-22, nan 
3.375, -63.875, 3.8222006597335807e-22, nan 
-20.875, -63.625, 2.5379807423929825e-21, nan 
-20.625, -63.625, 3.322040621036385e-21, nan 
-20.375, -63.625, 4.056451769131058e-21, nan 
-20.125, -63.625, 3.5431375155958065e-21, nan 
-19.875, -63.625, 4.081637897571822e-21, nan 
-19.625, -63.625, 5.2971287542708e-21, nan 
-19.375, -63.625, 5.092657022780432e-21, nan 
-19.125, -63.625, 4.323698886149013e-21, nan 
-18.875, -63.625, 3.587689204848465e-21, nan 
-18.625, -63.625, 2.6725356060841315e-21, nan 
-18.375, -63.625, 4.836967257975408e-21, nan 
-18.125, -63.625, 3.480260576583472e-21, nan 
-17.875, -63.625, 4.333062289182784e-21, nan 
-17.625, -63.625, 9.365473531045144e-21, nan 
-17.375, -63.625, 1.6762787750888257e-20, nan 
-17.125, -63.625, 2.7511211065457806e-20, nan 
-16.875, -63.625, 2.988950373949394e-20, nan 
-16.625, -63.625, 3.0358312473109445e-20, nan 
-16.375, -63.625, 3.1389940809350806e-20, nan 
-16.125, -63.625, 2.878510586420151e-20, nan 
-15.875, -63.625, 3.358105471417885e-20, nan 
-15.625, -63.625, 2.326585275552583e-20, nan 
-15.375, -63.625, 1.839996870599035e-20, nan 
-15.125, -63.625, 1.2372686161002378e-20, nan 
-14.875, -63.625, 1.1802616707096154e-20, nan 
-14.625, -63.625, 9.60912547840928e-21, nan 
-14.375, -63.625, 8.828990439171398e-21, nan 
-14.125, -63.625, 7.777481505610593e-21, nan 
-13.875, -63.625, 5.792546670328961e-21, nan 
-13.625, -63.625, 3.610069000883054e-21, nan 
-13.375, -63.625, 3.133308129284173e-21, nan 
-13.125, -63.625, 3.766449410756255e-21, nan 
-12.875, -63.625, 2.8867620005058596e-21, nan 
-12.625, -63.625, 2.443625984464538e-21, nan 
-12.375, -63.625, 1.2304727503006453e-21, nan 
-12.125, -63.625, 1.5030056349720392e-21, nan 
-11.875, -63.625, 1.551976705254457e-21, nan 
-11.625, -63.625, 1.1968934146245491e-21, nan 
-11.375, -63.625, 7.040179568846795e-22, nan 
-11.125, -63.625, 7.868670717541861e-22, nan 
-10.875, -63.625, 6.524077732234101e-22, nan 
-10.625, -63.625, 3.318888188290714e-22, nan 
-10.375, -63.625, 2.4703817266214468e-22, nan 
-10.125, -63.625, 2.0613455784307567e-22, nan 
-9.875, -63.625, 1.0665842419171564e-22, nan 
-9.625, -63.625, 3.4377194645752855e-23, nan 
-9.375, -63.625, 1.431884441863254e-22, nan 
-9.125, -63.625, 4.123024859386808e-22, nan 
-8.875, -63.625, 2.4738307443418964e-23, nan 
-8.625, -63.625, 2.949513514920252e-23, nan 
-8.375, -63.625, 2.5883295801372476e-23, nan 
-8.125, -63.625, 1.1744874961204138e-23, nan 
-7.875, -63.625, 4.2134871620723156e-23, nan 
-7.625, -63.625, 4.3707265176922816e-23, nan 
-7.375, -63.625, 1.1338876464380544e-22, nan 
-7.125, -63.625, 7.725823972968153e-23, nan 
-6.875, -63.625, 4.65404869912239e-23, nan 
-6.625, -63.625, 6.862115465793351e-23, nan 
-6.375, -63.625, 1.1113494681660313e-22, nan 
-6.125, -63.625, 8.622176017045752e-23, nan 
-5.875, -63.625, 8.842209314775569e-23, nan 
-5.625, -63.625, 1.6103196633669934e-22, nan 
-5.375, -63.625, 8.537167410739279e-23, nan 
-5.125, -63.625, 4.928523478223655e-23, nan 
-4.875, -63.625, 1.4758539212907737e-22, nan 
-4.625, -63.625, 9.920256761315172e-23, nan 
-4.375, -63.625, 2.9767823169654776e-22, nan 
-4.125, -63.625, 4.354244690318523e-22, nan 
-3.875, -63.625, 4.371940170109276e-22, nan 
-3.625, -63.625, 4.0304166751192617e-22, nan 
-3.375, -63.625, 1.6185755295292457e-22, nan 
-3.125, -63.625, 1.6936244461182519e-22, nan 
-2.875, -63.625, 1.7065876000560925e-22, nan 
-2.625, -63.625, 1.4911222719461126e-22, nan 
-2.375, -63.625, 6.772705374782722e-23, nan 
-2.125, -63.625, 1.30525319164863e-22, nan 
-1.875, -63.625, 9.094912956358024e-23, nan 
-1.625, -63.625, 7.960662789823908e-23, nan 
-1.375, -63.625, 1.07706067874382e-22, nan 
-1.125, -63.625, 8.208829921107886e-23, nan 
-0.875, -63.625, 9.603963106429764e-23, nan 
-0.625, -63.625, 8.460004744895368e-23, nan 
-0.375, -63.625, 5.742846041457916e-23, nan 
-0.125, -63.625, 7.693672084731729e-23, nan 
0.125, -63.625, 9.921053887044053e-23, nan 
0.375, -63.625, 4.170473069509413e-23, nan 
0.625, -63.625, 6.815020690746787e-23, nan 
0.875, -63.625, 8.55861949863786e-23, nan 
1.125, -63.625, 7.235372434293413e-23, nan 
1.375, -63.625, 7.356082999105938e-23, nan 
1.625, -63.625, 5.500080083982532e-23, nan 
1.875, -63.625, 8.136022401875686e-23, nan 
2.125, -63.625, 5.684198964202244e-23, nan 
2.375, -63.625, 9.648420237435195e-23, nan 
2.625, -63.625, 2.032412799891252e-22, nan 
2.875, -63.625, 1.1215594136884065e-22, nan 
3.125, -63.625, 2.736382902192552e-22, nan 
3.375, -63.625, 4.1749240243089986e-22, nan 
-20.625, -63.375, 7.644575122979813e-21, nan 
-20.375, -63.375, 8.813409466133947e-21, nan 
-20.125, -63.375, 7.173962315395623e-21, nan 
-19.875, -63.375, 7.37562184756896e-21, nan 
-19.625, -63.375, 9.836135751317878e-21, nan 
-19.375, -63.375, 1.3878347247388428e-20, nan 
-19.125, -63.375, 1.570075546378193e-20, nan 
-18.875, -63.375, 1.653875319477694e-20, nan 
-18.625, -63.375, 2.1744382199713286e-20, nan 
-18.375, -63.375, 3.472341549265263e-20, nan 
-18.125, -63.375, 3.327566362831991e-20, nan 
-17.875, -63.375, 1.3330260080883982e-20, nan 
-17.625, -63.375, 1.5379734909894772e-20, nan 
-17.375, -63.375, 2.1861954773693644e-20, nan 
-17.125, -63.375, 2.4917132769764217e-20, nan 
-16.875, -63.375, 1.8962810343508154e-20, nan 
-16.625, -63.375, 1.4336508143166427e-20, nan 
-16.375, -63.375, 1.5274506364399656e-20, nan 
-16.125, -63.375, 1.115331985328303e-20, nan 
-15.875, -63.375, 7.785313784642813e-21, nan 
-15.625, -63.375, 6.613586484453326e-21, nan 
-15.375, -63.375, 5.28614280859845e-21, nan 
-15.125, -63.375, 4.046474939283934e-21, nan 
-14.875, -63.375, 2.877786720637571e-21, nan 
-14.625, -63.375, 4.285353709147051e-21, nan 
-14.375, -63.375, 2.741741151971044e-21, nan 
-14.125, -63.375, 1.552692584244455e-21, nan 
-13.875, -63.375, 9.526010953378354e-22, nan 
-13.625, -63.375, 6.967484619700514e-22, nan 
-13.375, -63.375, 5.4938025288735105e-22, nan 
-13.125, -63.375, 4.737513795452143e-22, nan 
-12.875, -63.375, 5.338560328186361e-22, nan 
-12.625, -63.375, 5.3080725824647925e-22, nan 
-12.375, -63.375, 4.065370609549865e-22, nan 
-12.125, -63.375, 4.63691397299014e-22, nan 
-11.875, -63.375, 5.963118474720759e-22, nan 
-11.625, -63.375, 3.6625229485298853e-22, nan 
-11.375, -63.375, 3.4771825078379927e-22, nan 
-11.125, -63.375, 4.0121763339496066e-22, nan 
-10.875, -63.375, 3.2616800724723427e-22, nan 
-10.625, -63.375, 1.8406322973517346e-22, nan 
-10.375, -63.375, 1.6624982042637228e-22, nan 
-10.125, -63.375, 1.9835333350493465e-22, nan 
-9.875, -63.375, 2.3121178343249173e-22, nan 
-9.625, -63.375, 3.4987327129661925e-23, nan 
-9.375, -63.375, 1.4674678410654681e-22, nan 
-9.125, -63.375, 4.3290304994371895e-22, nan 
-8.875, -63.375, 5.286252671118882e-23, nan 
-8.625, -63.375, 7.166204777238221e-23, nan 
-8.375, -63.375, 1.5624681109124891e-22, nan 
-8.125, -63.375, 6.395860207229717e-23, nan 
-7.875, -63.375, 4.838182636633153e-23, nan 
-7.625, -63.375, 4.769957606718125e-23, nan 
-7.375, -63.375, 9.481235411133539e-23, nan 
-7.125, -63.375, 6.881324709154683e-23, nan 
-6.875, -63.375, 3.1974085944644996e-23, nan 
-6.625, -63.375, 4.6578844490691165e-23, nan 
-6.375, -63.375, 2.8157286435544656e-23, nan 
-6.125, -63.375, 2.967808718197491e-23, nan 
-5.875, -63.375, 4.4286454760458585e-23, nan 
-5.625, -63.375, 8.553099157047266e-23, nan 
-5.375, -63.375, 5.09224531264652e-23, nan 
-5.125, -63.375, 3.787135318139066e-23, nan 
-4.875, -63.375, 4.5197228011492315e-23, nan 
-4.625, -63.375, 7.691862719290146e-23, nan 
-4.375, -63.375, 9.093400597936571e-23, nan 
-4.125, -63.375, 9.381106049043523e-23, nan 
-3.875, -63.375, 9.942950281335603e-23, nan 
-3.625, -63.375, 9.323980105292866e-23, nan 
-3.375, -63.375, 1.0464775235949076e-22, nan 
-3.125, -63.375, 4.635044164992788e-23, nan 
-2.875, -63.375, 7.299118176199368e-23, nan 
-2.625, -63.375, 5.591549033526674e-23, nan 
-2.375, -63.375, 5.498623920986977e-23, nan 
-2.125, -63.375, 7.477979510252784e-23, nan 
-1.875, -63.375, 6.879888557349862e-23, nan 
-1.625, -63.375, 8.05838792910657e-23, nan 
-1.375, -63.375, 7.777606443800365e-23, nan 
-1.125, -63.375, 6.538439428640499e-23, nan 
-0.875, -63.375, 8.045186850771257e-23, nan 
-0.625, -63.375, 2.9043868102800933e-23, nan 
-0.375, -63.375, 3.4230291691132163e-23, nan 
-0.125, -63.375, 4.4520789578295716e-23, nan 
0.125, -63.375, 5.312853950228068e-23, nan 
0.375, -63.375, 5.217245241401799e-23, nan 
0.625, -63.375, 8.421935348204772e-23, nan 
0.875, -63.375, 3.52326575805755e-23, nan 
1.125, -63.375, 6.590296222197064e-23, nan 
1.375, -63.375, 7.844441065803827e-23, nan 
1.625, -63.375, 3.3815240666556504e-23, nan 
1.875, -63.375, 4.198088134914669e-23, nan 
2.125, -63.375, 1.320237851982427e-23, nan 
2.375, -63.375, 2.0195225129109155e-22, nan 
2.625, -63.375, 2.6603142615574023e-22, nan 
2.875, -63.375, 2.0739722150397744e-22, nan 
3.125, -63.375, 4.0942133851306577e-22, nan 
3.375, -63.375, 5.175152655516884e-22, nan 
-20.375, -63.125, 1.522273702755823e-20, nan 
-20.125, -63.125, 1.8648970812675265e-20, nan 
-19.875, -63.125, 2.2773402142738373e-20, nan 
-19.625, -63.125, 2.1415759496424174e-20, nan 
-19.375, -63.125, 2.5951738987781494e-20, nan 
-19.125, -63.125, 1.611774774264052e-20, nan 
-18.875, -63.125, 2.099821254430888e-20, nan 
-18.625, -63.125, 3.302928362456856e-20, nan 
-18.375, -63.125, 3.0834043693667416e-20, nan 
-18.125, -63.125, 2.203634307577926e-20, nan 
-17.875, -63.125, 1.405917445612877e-20, nan 
-17.625, -63.125, 1.4829310900813038e-20, nan 
-17.375, -63.125, 5.897063724377417e-21, nan 
-17.125, -63.125, 3.836111016270091e-21, nan 
-16.875, -63.125, 3.2282158262734808e-21, nan 
-16.625, -63.125, 3.375074903119048e-21, nan 
-16.375, -63.125, 3.659664925703013e-21, nan 
-16.125, -63.125, 3.5146863482620684e-21, nan 
-15.875, -63.125, 3.59090536119501e-21, nan 
-15.625, -63.125, 3.294760304103658e-21, nan 
-15.375, -63.125, 2.6048974032679403e-21, nan 
-15.125, -63.125, 1.730486555660245e-21, nan 
-14.875, -63.125, 1.539732625450898e-21, nan 
-14.625, -63.125, 1.8637639540104695e-21, nan 
-14.375, -63.125, 7.380346873192321e-22, nan 
-14.125, -63.125, 6.538952472855495e-22, nan 
-13.875, -63.125, 7.326783856464847e-22, nan 
-13.625, -63.125, 4.874522898983199e-22, nan 
-13.375, -63.125, 5.405917734549234e-22, nan 
-13.125, -63.125, 4.392905719455554e-22, nan 
-12.875, -63.125, 5.49510143075509e-22, nan 
-12.625, -63.125, 5.72989683699132e-22, nan 
-12.375, -63.125, 4.67173657406584e-22, nan 
-12.125, -63.125, 5.890746619560792e-22, nan 
-11.875, -63.125, 5.241479914332118e-22, nan 
-11.625, -63.125, 3.076235878589287e-22, nan 
-11.375, -63.125, 2.4552075349045128e-22, nan 
-11.125, -63.125, 3.183629258443444e-22, nan 
-10.875, -63.125, 2.3030175025001547e-22, nan 
-10.625, -63.125, 9.387396053944752e-23, nan 
-10.375, -63.125, 1.2638283464819274e-22, nan 
-10.125, -63.125, 7.846044017025785e-23, nan 
-9.875, -63.125, 7.949855816774277e-23, nan 
-9.625, -63.125, 2.758603648589574e-23, nan 
-9.375, -63.125, 7.978986217937569e-23, nan 
-9.125, -63.125, 1.8280261024389167e-22, nan 
-8.875, -63.125, 7.691721203403139e-23, nan 
-8.625, -63.125, 8.387516704218703e-23, nan 
-8.375, -63.125, 5.346273566056003e-23, nan 
-8.125, -63.125, 7.102068163254314e-23, nan 
-7.875, -63.125, 7.423066380481377e-23, nan 
-7.625, -63.125, 5.964046637036668e-23, nan 
-7.375, -63.125, 4.50896171813791e-23, nan 
-7.125, -63.125, 6.658400077124267e-23, nan 
-6.875, -63.125, 2.3875771031016574e-23, nan 
-6.625, -63.125, 3.4361401181519527e-23, nan 
-6.375, -63.125, 3.9898978528303603e-23, nan 
-6.125, -63.125, 2.2316937335091907e-23, nan 
-5.875, -63.125, 1.8639528458813127e-23, nan 
-5.625, -63.125, 6.70384937046474e-24, nan 
-5.375, -63.125, 3.1787717116158105e-23, nan 
-5.125, -63.125, 3.851777942905883e-23, nan 
-4.875, -63.125, 3.1878304615567876e-23, nan 
-4.625, -63.125, 4.9723322515503086e-23, nan 
-4.375, -63.125, 7.220305920581872e-23, nan 
-4.125, -63.125, 3.056572253183522e-23, nan 
-3.875, -63.125, 5.0549780314634644e-23, nan 
-3.625, -63.125, 4.488566335739801e-23, nan 
-3.375, -63.125, 4.4722080362384714e-23, nan 
-3.125, -63.125, 3.54618069793906e-23, nan 
-2.875, -63.125, 5.109531999545976e-23, nan 
-2.625, -63.125, 4.1013159425176255e-23, nan 
-2.375, -63.125, 3.3439586132344216e-23, nan 
-2.125, -63.125, 2.9150837934801694e-23, nan 
-1.875, -63.125, 3.918854638477859e-23, nan 
-1.625, -63.125, 5.147559506717843e-23, nan 
-1.375, -63.125, 3.385449011622109e-23, nan 
-1.125, -63.125, 1.467149941118512e-23, nan 
-0.875, -63.125, 1.2082876561439699e-23, nan 
-0.625, -63.125, 1.0904450717655445e-23, nan 
-0.375, -63.125, 1.679372773367359e-23, nan 
-0.125, -63.125, 1.6404833523460804e-23, nan 
0.125, -63.125, 1.6006823163351097e-23, nan 
0.375, -63.125, 5.1346665294971744e-23, nan 
0.625, -63.125, 4.4514255124442394e-23, nan 
0.875, -63.125, 3.3437724612797277e-23, nan 
1.125, -63.125, 6.708441379531614e-23, nan 
1.375, -63.125, 2.910064073450194e-23, nan 
1.625, -63.125, 3.438871750202484e-23, nan 
1.875, -63.125, 2.758019263639338e-23, nan 
2.125, -63.125, 3.46184097516315e-23, nan 
2.375, -63.125, 5.146763419474679e-24, nan 
2.625, -63.125, 2.00404343155995e-23, nan 
2.875, -63.125, 3.7065388303064985e-23, nan 
3.125, -63.125, 2.179237433800266e-22, nan 
3.375, -63.125, 2.7962125915264773e-22, nan 
-20.125, -62.875, 4.546191152284057e-20, nan 
-19.875, -62.875, 3.2624317406149273e-20, nan 
-19.625, -62.875, 2.1831051704560108e-20, nan 
-19.375, -62.875, 1.509585071784281e-20, nan 
-19.125, -62.875, 1.2420037800613433e-20, nan 
-18.875, -62.875, 8.787458211696266e-21, nan 
-18.625, -62.875, 1.0886495535206177e-20, nan 
-18.375, -62.875, 8.703383725107711e-21, nan 
-18.125, -62.875, 1.0383057901854125e-20, nan 
-17.875, -62.875, 5.457021272198198e-21, nan 
-17.625, -62.875, 5.8178775709887705e-21, nan 
-17.375, -62.875, 4.979498832599519e-21, nan 
-17.125, -62.875, 2.542227974467483e-21, nan 
-16.875, -62.875, 2.4597878180746005e-21, nan 
-16.625, -62.875, 1.721797147671999e-21, nan 
-16.375, -62.875, 1.3534466839773337e-21, nan 
-16.125, -62.875, 1.1400438942229446e-21, nan 
-15.875, -62.875, 1.4847093176889049e-21, nan 
-15.625, -62.875, 1.3255035999871011e-21, nan 
-15.375, -62.875, 1.0604608879836645e-21, nan 
-15.125, -62.875, 6.950256486567216e-22, nan 
-14.875, -62.875, 7.63260795756879e-22, nan 
-14.625, -62.875, 1.64132335382326e-22, nan 
-14.375, -62.875, 2.0018672147878235e-22, nan 
-14.125, -62.875, 2.4568721630005507e-22, nan 
-13.875, -62.875, 3.3144657306249027e-22, nan 
-13.625, -62.875, 2.5432350257785587e-22, nan 
-13.375, -62.875, 2.6498828413290414e-22, nan 
-13.125, -62.875, 2.4618125525416996e-22, nan 
-12.875, -62.875, 2.446491244192788e-22, nan 
-12.625, -62.875, 3.5587503171669684e-22, nan 
-12.375, -62.875, 3.577937927237153e-22, nan 
-12.125, -62.875, 3.253186902514792e-22, nan 
-11.875, -62.875, 4.038930657442848e-22, nan 
-11.625, -62.875, 3.214355063148103e-22, nan 
-11.375, -62.875, 9.180782683420342e-23, nan 
-11.125, -62.875, 1.920947414295067e-22, nan 
-10.875, -62.875, 1.4592099425344463e-22, nan 
-10.625, -62.875, 5.483425311054971e-23, nan 
-10.375, -62.875, 4.326344873390484e-23, nan 
-10.125, -62.875, 3.683891602256361e-23, nan 
-9.875, -62.875, 6.399499498068743e-23, nan 
-9.625, -62.875, 1.1476489094213503e-22, nan 
-9.375, -62.875, 1.1332137498339173e-22, nan 
-9.125, -62.875, 6.191451629735618e-23, nan 
-8.875, -62.875, 6.167885542510682e-23, nan 
-8.625, -62.875, 6.31656180195854e-23, nan 
-8.375, -62.875, 7.015845575090346e-23, nan 
-8.125, -62.875, 8.984418526710595e-23, nan 
-7.875, -62.875, 7.718774007913495e-23, nan 
-7.625, -62.875, 7.753675966930476e-23, nan 
-7.375, -62.875, 7.105868738416648e-23, nan 
-7.125, -62.875, 3.936588776935767e-23, nan 
-6.875, -62.875, 2.3186383548396665e-23, nan 
-6.625, -62.875, 3.49008631899536e-23, nan 
-6.375, -62.875, 3.31899796071859e-23, nan 
-6.125, -62.875, 3.353974671223365e-23, nan 
-5.875, -62.875, 2.2377610134681872e-23, nan 
-5.625, -62.875, 1.278078553488304e-23, nan 
-5.375, -62.875, 2.961410425715032e-23, nan 
-5.125, -62.875, 2.1496853388957928e-23, nan 
-4.875, -62.875, 1.5866862576832383e-23, nan 
-4.625, -62.875, 3.9181974059096424e-23, nan 
-4.375, -62.875, 2.783859150065153e-23, nan 
-4.125, -62.875, 3.0104853764210174e-23, nan 
-3.875, -62.875, 3.9191146286766726e-23, nan 
-3.625, -62.875, 2.1504171636351324e-23, nan 
-3.375, -62.875, 2.3508378946402285e-23, nan 
-3.125, -62.875, 2.4009771266370694e-23, nan 
-2.875, -62.875, 1.8074063541550815e-23, nan 
-2.625, -62.875, 2.418429791453367e-23, nan 
-2.375, -62.875, 1.7588586601746904e-23, nan 
-2.125, -62.875, 2.981958200078753e-23, nan 
-1.875, -62.875, 2.7846018284116505e-23, nan 
-1.625, -62.875, 3.2411346623750765e-23, nan 
-1.375, -62.875, 4.2248597598571286e-23, nan 
-1.125, -62.875, 1.935528825398102e-23, nan 
-0.875, -62.875, 1.9844549698473055e-23, nan 
-0.625, -62.875, 2.3976582445849795e-23, nan 
-0.375, -62.875, 1.3225703092479561e-23, nan 
-0.125, -62.875, 1.495067860358114e-23, nan 
0.125, -62.875, 1.7368214320959621e-23, nan 
0.375, -62.875, 3.317641675260831e-23, nan 
0.625, -62.875, 3.577121881220749e-23, nan 
0.875, -62.875, 3.1918590086803795e-23, nan 
1.125, -62.875, 5.381082145034694e-23, nan 
1.375, -62.875, 3.0631213309429086e-23, nan 
1.625, -62.875, 3.001413483034555e-23, nan 
1.875, -62.875, 3.918050669817261e-23, nan 
2.125, -62.875, 2.9115858709238285e-23, nan 
2.375, -62.875, 1.1480687446534765e-23, nan 
2.625, -62.875, 2.333507424571523e-23, nan 
2.875, -62.875, 2.8819049344690206e-23, nan 
3.125, -62.875, 2.6321426494911608e-23, nan 
3.375, -62.875, 1.9993157363872947e-23, nan 
-20.125, -62.625, 1.4156116761304696e-20, nan 
-19.875, -62.625, 1.1661095856973893e-20, nan 
-19.625, -62.625, 5.617055081121419e-21, nan 
-19.375, -62.625, 4.489608286553394e-21, nan 
-19.125, -62.625, 4.887089656751967e-21, nan 
-18.875, -62.625, 4.4204665718336895e-21, nan 
-18.625, -62.625, 4.076138380447055e-21, nan 
-18.375, -62.625, 1.8321039692550306e-21, nan 
-18.125, -62.625, 1.7693700678558725e-21, nan 
-17.875, -62.625, 1.3669611031047543e-21, nan 
-17.625, -62.625, 1.1807381511224994e-21, nan 
-17.375, -62.625, 1.3842558614918192e-21, nan 
-17.125, -62.625, 1.2461244637142407e-21, nan 
-16.875, -62.625, 1.3509244498535319e-21, nan 
-16.625, -62.625, 8.919050332144831e-22, nan 
-16.375, -62.625, 5.623339242033479e-22, nan 
-16.125, -62.625, 4.0674981989376194e-22, nan 
-15.875, -62.625, 1.7612959155469435e-22, nan 
-15.625, -62.625, 1.4215889585536688e-22, nan 
-15.375, -62.625, 3.046125624789798e-22, nan 
-15.125, -62.625, 3.162737986698586e-22, nan 
-14.875, -62.625, 1.7424016535308313e-22, nan 
-14.625, -62.625, 1.326421565981167e-22, nan 
-14.375, -62.625, 9.059949784711668e-23, nan 
-14.125, -62.625, 1.5498915076886715e-22, nan 
-13.875, -62.625, 2.1269765757497845e-22, nan 
-13.625, -62.625, 1.3986848957459437e-22, nan 
-13.375, -62.625, 8.201954346580273e-23, nan 
-13.125, -62.625, 1.3759268005053267e-22, nan 
-12.875, -62.625, 1.2434535754378062e-22, nan 
-12.625, -62.625, 1.066351612970169e-22, nan 
-12.375, -62.625, 1.1884285285709851e-22, nan 
-12.125, -62.625, 1.0495254369981505e-22, nan 
-11.875, -62.625, 1.962869854181875e-22, nan 
-11.625, -62.625, 1.7080266973392941e-22, nan 
-11.375, -62.625, 8.598374354998438e-23, nan 
-11.125, -62.625, 7.575880326315797e-23, nan 
-10.875, -62.625, 2.6154286549120866e-23, nan 
-10.625, -62.625, 3.881604115172029e-23, nan 
-10.375, -62.625, 1.1744845770284716e-22, nan 
-10.125, -62.625, 1.4241875423089996e-22, nan 
-9.875, -62.625, 5.972144392264401e-23, nan 
-9.625, -62.625, 9.098748374003333e-23, nan 
-9.375, -62.625, 1.0446656420125646e-22, nan 
-9.125, -62.625, 4.057017641156571e-23, nan 
-8.875, -62.625, 4.074955169996979e-23, nan 
-8.625, -62.625, 4.3362370885099996e-23, nan 
-8.375, -62.625, 5.510947779040833e-23, nan 
-8.125, -62.625, 7.091218387733036e-23, nan 
-7.875, -62.625, 7.346115850905914e-23, nan 
-7.625, -62.625, 7.317381286422509e-23, nan 
-7.375, -62.625, 7.132275305726117e-23, nan 
-7.125, -62.625, 5.067169396799998e-23, nan 
-6.875, -62.625, 4.912897772964661e-23, nan 
-6.625, -62.625, 6.067114460983363e-23, nan 
-6.375, -62.625, 3.6906477542908595e-23, nan 
-6.125, -62.625, 2.1242470923911727e-23, nan 
-5.875, -62.625, 2.920437940591132e-23, nan 
-5.625, -62.625, 2.4927138005136766e-23, nan 
-5.375, -62.625, 8.006533910724184e-24, nan 
-5.125, -62.625, 1.7558586536600763e-23, nan 
-4.875, -62.625, 2.1600436967419498e-23, nan 
-4.625, -62.625, 2.5391780865745897e-23, nan 
-4.375, -62.625, 1.2715395077006196e-23, nan 
-4.125, -62.625, 2.791254392551856e-23, nan 
-3.875, -62.625, 3.029101306088162e-23, nan 
-3.625, -62.625, 1.3052417410637273e-23, nan 
-3.375, -62.625, 1.5751211687999334e-23, nan 
-3.125, -62.625, 1.3305607251706668e-23, nan 
-2.875, -62.625, 2.209467959488725e-23, nan 
-2.625, -62.625, 1.948343700044834e-23, nan 
-2.375, -62.625, 2.514920571516899e-23, nan 
-2.125, -62.625, 3.1467589205762895e-23, nan 
-1.875, -62.625, 2.1665301496913638e-23, nan 
-1.625, -62.625, 1.9729743334153406e-23, nan 
-1.375, -62.625, 3.439531235870699e-23, nan 
-1.125, -62.625, 2.528934019443805e-23, nan 
-0.875, -62.625, 2.3510686243924085e-23, nan 
-0.625, -62.625, 2.4645022467145705e-23, nan 
-0.375, -62.625, 2.8783543437598626e-23, nan 
-0.125, -62.625, 2.4070056342056883e-23, nan 
0.125, -62.625, 1.1795694467820932e-23, nan 
0.375, -62.625, 2.5622865832661765e-23, nan 
0.625, -62.625, 2.916769450654935e-23, nan 
0.875, -62.625, 2.1832579440485793e-23, nan 
1.125, -62.625, 2.4340886169974987e-23, nan 
1.375, -62.625, 1.3773350702400384e-23, nan 
1.625, -62.625, 2.1874847440689076e-23, nan 
1.875, -62.625, 2.797730014343375e-23, nan 
2.125, -62.625, 2.0900920972603658e-23, nan 
2.375, -62.625, 1.7804558388756652e-23, nan 
2.625, -62.625, 2.1146825803863403e-23, nan 
2.875, -62.625, 3.410782633026619e-23, nan 
3.125, -62.625, 3.195111493917356e-23, nan 
3.375, -62.625, 2.117581836831507e-23, nan 
-19.875, -62.375, 4.465974721854829e-21, nan 
-19.625, -62.375, 1.8720868708383537e-21, nan 
-19.375, -62.375, 2.1473098035358576e-21, nan 
-19.125, -62.375, 2.144226050851008e-21, nan 
-18.875, -62.375, 1.8830832113245114e-21, nan 
-18.625, -62.375, 1.9527659003430928e-21, nan 
-18.375, -62.375, 1.7166619420068186e-21, nan 
-18.125, -62.375, 1.3199408362863178e-21, nan 
-17.875, -62.375, 1.0731277308302926e-21, nan 
-17.625, -62.375, 4.666350442445841e-22, nan 
-17.375, -62.375, 5.296480238113346e-22, nan 
-17.125, -62.375, 4.317386307879782e-22, nan 
-16.875, -62.375, 5.548173551844103e-22, nan 
-16.625, -62.375, 6.1758934908071795e-22, nan 
-16.375, -62.375, 1.7653380027358522e-22, nan 
-16.125, -62.375, 2.0646031369445359e-22, nan 
-15.875, -62.375, 2.6807388547542764e-22, nan 
-15.625, -62.375, 1.7489503044304809e-22, nan 
-15.375, -62.375, 2.655883067248989e-22, nan 
-15.125, -62.375, 2.679799774200613e-22, nan 
-14.875, -62.375, 1.3145391773815836e-22, nan 
-14.625, -62.375, 1.7292107304069237e-22, nan 
-14.375, -62.375, 1.4289234033954045e-22, nan 
-14.125, -62.375, 5.692218699110364e-23, nan 
-13.875, -62.375, 1.0214698470592284e-22, nan 
-13.625, -62.375, 7.105500913251417e-23, nan 
-13.375, -62.375, 6.744751325199602e-23, nan 
-13.125, -62.375, 9.645692602225792e-23, nan 
-12.875, -62.375, 9.583665090366269e-23, nan 
-12.625, -62.375, 5.928854119817663e-23, nan 
-12.375, -62.375, 6.334812084724216e-23, nan 
-12.125, -62.375, 3.7105090927315606e-23, nan 
-11.875, -62.375, 6.230948964729241e-23, nan 
-11.625, -62.375, 7.819765166128747e-23, nan 
-11.375, -62.375, 9.508123749761742e-23, nan 
-11.125, -62.375, 1.6252961018132168e-22, nan 
-10.875, -62.375, 1.7321334043026875e-22, nan 
-10.625, -62.375, 1.8010936406135728e-22, nan 
-10.375, -62.375, 1.338540452960773e-22, nan 
-10.125, -62.375, 1.3422295369005589e-22, nan 
-9.875, -62.375, 6.216939781877045e-23, nan 
-9.625, -62.375, 3.5408137950257545e-23, nan 
-9.375, -62.375, 2.046205406430419e-23, nan 
-9.125, -62.375, 5.0763574239254966e-23, nan 
-8.875, -62.375, 6.048835320346119e-23, nan 
-8.625, -62.375, 5.2203094753030494e-23, nan 
-8.375, -62.375, 4.7346859048030824e-23, nan 
-8.125, -62.375, 6.377585531698316e-23, nan 
-7.875, -62.375, 9.775678415631787e-23, nan 
-7.625, -62.375, 1.0502633519117233e-22, nan 
-7.375, -62.375, 7.167541824480207e-23, nan 
-7.125, -62.375, 7.04973420776478e-23, nan 
-6.875, -62.375, 6.760669423933856e-23, nan 
-6.625, -62.375, 6.443375575317415e-23, nan 
-6.375, -62.375, 5.1147856243420454e-23, nan 
-6.125, -62.375, 3.140645178142415e-23, nan 
-5.875, -62.375, 9.167522055368746e-24, nan 
-5.625, -62.375, 1.4663831162434459e-23, nan 
-5.375, -62.375, 1.1346581796657807e-23, nan 
-5.125, -62.375, 1.8341837165896618e-23, nan 
-4.875, -62.375, 2.192742257482846e-23, nan 
-4.625, -62.375, 1.2950407304388758e-23, nan 
-4.375, -62.375, 2.1448462385365802e-23, nan 
-4.125, -62.375, 2.4473783267846115e-23, nan 
-3.875, -62.375, 2.1494605948123176e-23, nan 
-3.625, -62.375, 1.720428275876226e-23, nan 
-3.375, -62.375, 7.986194022277705e-24, nan 
-3.125, -62.375, 2.683494724911434e-23, nan 
-2.875, -62.375, 2.6508511793615494e-23, nan 
-2.625, -62.375, 1.3733727905163845e-23, nan 
-2.375, -62.375, 3.406526478261215e-23, nan 
-2.125, -62.375, 2.6033640466894982e-23, nan 
-1.875, -62.375, 1.1278020810500377e-23, nan 
-1.625, -62.375, 2.5229619454215923e-23, nan 
-1.375, -62.375, 2.4682159457553287e-23, nan 
-1.125, -62.375, 2.4773466947976403e-23, nan 
-0.875, -62.375, 1.7517089152237612e-23, nan 
-0.625, -62.375, 2.1661191555604147e-23, nan 
-0.375, -62.375, 4.9393115574408784e-23, nan 
-0.125, -62.375, 1.0675584551289087e-22, nan 
0.125, -62.375, 1.1147661228724633e-22, nan 
0.375, -62.375, 6.400766656394903e-23, nan 
0.625, -62.375, 1.7197885611352014e-23, nan 
0.875, -62.375, 1.6907753527088522e-23, nan 
1.125, -62.375, 1.4734889189160645e-23, nan 
1.375, -62.375, 1.641197696336309e-23, nan 
1.625, -62.375, 1.7597814752896453e-23, nan 
1.875, -62.375, 1.6591729043669582e-23, nan 
2.125, -62.375, 8.644124619273364e-24, nan 
2.375, -62.375, 7.255400745154516e-24, nan 
2.625, -62.375, 1.2933818970899033e-23, nan 
2.875, -62.375, 1.0286498358060508e-22, nan 
3.125, -62.375, 1.0724003630208173e-22, nan 
3.375, -62.375, 5.447356576179674e-23, nan 
-19.625, -62.125, 8.394074502701583e-22, nan 
-19.375, -62.125, 7.73034625336576e-22, nan 
-19.125, -62.125, 6.7398617527229475e-22, nan 
-18.875, -62.125, 5.403674984565237e-22, nan 
-18.625, -62.125, 6.979540707237468e-22, nan 
-18.375, -62.125, 1.208409846869509e-21, nan 
-18.125, -62.125, 1.4906406424205089e-21, nan 
-17.875, -62.125, 7.553218422846305e-22, nan 
-17.625, -62.125, 6.30417633068331e-22, nan 
-17.375, -62.125, 5.4042940263941515e-22, nan 
-17.125, -62.125, 2.682758427011872e-22, nan 
-16.875, -62.125, 1.917290364260948e-22, nan 
-16.625, -62.125, 2.6078065228165842e-22, nan 
-16.375, -62.125, 1.7265444102441828e-22, nan 
-16.125, -62.125, 1.6173190031025286e-22, nan 
-15.875, -62.125, 2.636799273617896e-22, nan 
-15.625, -62.125, 2.9338750170990187e-22, nan 
-15.375, -62.125, 1.237788376871895e-22, nan 
-15.125, -62.125, 2.0726778162238303e-22, nan 
-14.875, -62.125, 1.5851445296644843e-22, nan 
-14.625, -62.125, 1.1009109551758554e-22, nan 
-14.375, -62.125, 1.1886745576229916e-22, nan 
-14.125, -62.125, 7.327615408231297e-23, nan 
-13.875, -62.125, 4.5861971850384137e-23, nan 
-13.625, -62.125, 6.033300123234283e-23, nan 
-13.375, -62.125, 4.8528496085570974e-23, nan 
-13.125, -62.125, 5.938099448688771e-23, nan 
-12.875, -62.125, 7.441136232410093e-23, nan 
-12.625, -62.125, 4.6162163805037513e-23, nan 
-12.375, -62.125, 5.769759971016555e-23, nan 
-12.125, -62.125, 5.450245300702687e-23, nan 
-11.875, -62.125, 9.874783729879427e-23, nan 
-11.625, -62.125, 1.3079704886764524e-22, nan 
-11.375, -62.125, 9.181705365019151e-23, nan 
-11.125, -62.125, 2.340887836013067e-22, nan 
-10.875, -62.125, 2.583590194934527e-22, nan 
-10.625, -62.125, 2.498162902006593e-22, nan 
-10.375, -62.125, 1.3562031311268126e-22, nan 
-10.125, -62.125, 1.6340385699466808e-22, nan 
-9.875, -62.125, 1.4831149982284492e-22, nan 
-9.625, -62.125, 4.836202215164197e-23, nan 
-9.375, -62.125, 2.3951541388222954e-23, nan 
-9.125, -62.125, 4.4130690184780465e-23, nan 
-8.875, -62.125, 5.689668858624617e-23, nan 
-8.625, -62.125, 5.807392319051594e-23, nan 
-8.375, -62.125, 4.706516102528195e-23, nan 
-8.125, -62.125, 5.349593040903056e-23, nan 
-7.875, -62.125, 1.0007341381205627e-22, nan 
-7.625, -62.125, 1.0426127080213146e-22, nan 
-7.375, -62.125, 7.853455113307735e-23, nan 
-7.125, -62.125, 9.69832727799133e-23, nan 
-6.875, -62.125, 8.245515009683858e-23, nan 
-6.625, -62.125, 5.842898776193106e-23, nan 
-6.375, -62.125, 5.180109251114339e-23, nan 
-6.125, -62.125, 4.3819880576589274e-23, nan 
-5.875, -62.125, 4.063676266916164e-23, nan 
-5.625, -62.125, 3.687290155818359e-23, nan 
-5.375, -62.125, 1.4007785280846222e-23, nan 
-5.125, -62.125, 1.4863674664061638e-23, nan 
-4.875, -62.125, 2.215761049248281e-23, nan 
-4.625, -62.125, 1.3533666228488673e-23, nan 
-4.375, -62.125, 1.360543977282234e-23, nan 
-4.125, -62.125, 2.4365995686260026e-23, nan 
-3.875, -62.125, 2.8337413435649034e-23, nan 
-3.625, -62.125, 3.2706194296535183e-23, nan 
-3.375, -62.125, 1.6382922128666497e-23, nan 
-3.125, -62.125, 1.9313203841778298e-23, nan 
-2.875, -62.125, 2.28422535190755e-23, nan 
-2.625, -62.125, 2.116149913261574e-23, nan 
-2.375, -62.125, 1.275996443978307e-23, nan 
-2.125, -62.125, 2.0067561400041138e-23, nan 
-1.875, -62.125, 8.521316422044372e-24, nan 
-1.625, -62.125, 1.2096832874650877e-23, nan 
-1.375, -62.125, 1.6794738634769585e-23, nan 
-1.125, -62.125, 8.23531692314333e-24, nan 
-0.875, -62.125, 5.690427331732114e-23, nan 
-0.625, -62.125, 7.955418210793032e-23, nan 
-0.375, -62.125, 4.566009154602735e-23, nan 
-0.125, -62.125, 1.5422845530304499e-22, nan 
0.125, -62.125, 1.5538256889930913e-22, nan 
0.375, -62.125, 8.579730041205298e-23, nan 
0.625, -62.125, 6.125045731019268e-23, nan 
0.875, -62.125, 6.721095496619776e-23, nan 
1.125, -62.125, 3.6347877091774894e-23, nan 
1.375, -62.125, 1.726016969437563e-23, nan 
1.625, -62.125, 1.5312570468524372e-23, nan 
1.875, -62.125, 7.292001800813813e-23, nan 
2.125, -62.125, 1.0221115769728509e-22, nan 
2.375, -62.125, 9.912109981575024e-23, nan 
2.625, -62.125, 9.181882559753522e-23, nan 
2.875, -62.125, 1.4843343817961158e-22, nan 
3.125, -62.125, 1.4072108048969315e-22, nan 
3.375, -62.125, 5.98035369430678e-23, nan 
-19.375, -61.875, 2.1148531296959554e-22, nan 
-19.125, -61.875, 2.336270911943712e-22, nan 
-18.875, -61.875, 6.260435224917493e-22, nan 
-18.625, -61.875, 6.1426147292031505e-22, nan 
-18.375, -61.875, 5.783556181960275e-22, nan 
-18.125, -61.875, 9.013853678471684e-22, nan 
-17.875, -61.875, 5.931423992158501e-22, nan 
-17.625, -61.875, 4.474446035589416e-22, nan 
-17.375, -61.875, 9.861391063045137e-23, nan 
-17.125, -61.875, 1.1889064414149101e-22, nan 
-16.875, -61.875, 1.3030172063467126e-22, nan 
-16.625, -61.875, 1.2901035481405523e-22, nan 
-16.375, -61.875, 1.5201356437844937e-22, nan 
-16.125, -61.875, 1.7090327068293551e-22, nan 
-15.875, -61.875, 2.020697096322235e-22, nan 
-15.625, -61.875, 1.859376223652484e-22, nan 
-15.375, -61.875, 1.1395659949895367e-22, nan 
-15.125, -61.875, 1.239464586654939e-22, nan 
-14.875, -61.875, 7.703310282567569e-23, nan 
-14.625, -61.875, 8.013214503074055e-23, nan 
-14.375, -61.875, 5.825820382371144e-23, nan 
-14.125, -61.875, 4.4445496353488264e-23, nan 
-13.875, -61.875, 4.4348453405197986e-23, nan 
-13.625, -61.875, 8.604988371357865e-23, nan 
-13.375, -61.875, 1.3362782445462323e-22, nan 
-13.125, -61.875, 7.24728229973578e-23, nan 
-12.875, -61.875, 3.017904397427913e-23, nan 
-12.625, -61.875, 7.392998175788654e-23, nan 
-12.375, -61.875, 6.120011571026884e-23, nan 
-12.125, -61.875, 4.269895982779073e-23, nan 
-11.875, -61.875, 3.427633564118428e-23, nan 
-11.625, -61.875, 2.644485556382119e-23, nan 
-11.375, -61.875, 1.83565854072984e-23, nan 
-11.125, -61.875, 1.2313359686390975e-22, nan 
-10.875, -61.875, 1.1557518632864552e-22, nan 
-10.625, -61.875, 1.1222462739279402e-22, nan 
-10.375, -61.875, 3.32543997967268e-23, nan 
-10.125, -61.875, 5.884642010315879e-23, nan 
-9.875, -61.875, 4.5753223673504346e-23, nan 
-9.625, -61.875, 3.8387932984702087e-23, nan 
-9.375, -61.875, 3.0210907393493454e-23, nan 
-9.125, -61.875, 3.8940922148279576e-23, nan 
-8.875, -61.875, 4.514080754760407e-23, nan 
-8.625, -61.875, 3.640205954533294e-23, nan 
-8.375, -61.875, 5.0889626195924563e-23, nan 
-8.125, -61.875, 5.207348296324116e-23, nan 
-7.875, -61.875, 5.881327408796067e-23, nan 
-7.625, -61.875, 7.062011061628937e-23, nan 
-7.375, -61.875, 8.341159275446278e-23, nan 
-7.125, -61.875, 8.744038553536481e-23, nan 
-6.875, -61.875, 6.418329611148998e-23, nan 
-6.625, -61.875, 5.834707718796556e-23, nan 
-6.375, -61.875, 5.902356756338218e-23, nan 
-6.125, -61.875, 4.2551829681026996e-23, nan 
-5.875, -61.875, 3.250707675954762e-23, nan 
-5.625, -61.875, 3.26195472591981e-23, nan 
-5.375, -61.875, 2.1828023341906112e-23, nan 
-5.125, -61.875, 2.004351961818343e-23, nan 
-4.875, -61.875, 2.000423575325376e-23, nan 
-4.625, -61.875, 2.6774511221263134e-23, nan 
-4.375, -61.875, 2.329268710027825e-23, nan 
-4.125, -61.875, 1.5199456156531647e-23, nan 
-3.875, -61.875, 3.403486302505903e-23, nan 
-3.625, -61.875, 4.723560280104009e-23, nan 
-3.375, -61.875, 1.6775887030274485e-23, nan 
-3.125, -61.875, 2.0308989635411852e-23, nan 
-2.875, -61.875, 2.4128713321346078e-23, nan 
-2.625, -61.875, 3.277612388867914e-23, nan 
-2.375, -61.875, 1.4645405746730962e-23, nan 
-2.125, -61.875, 1.743125231153179e-23, nan 
-1.875, -61.875, 2.0648102974965855e-23, nan 
-1.625, -61.875, 1.6697426286364292e-23, nan 
-1.375, -61.875, 1.6788245694897486e-23, nan 
-1.125, -61.875, 5.925467863749568e-24, nan 
-0.875, -61.875, 7.031496162643294e-24, nan 
-0.625, -61.875, 2.459241149266878e-23, nan 
-0.375, -61.875, 7.269363667035282e-24, nan 
-0.125, -61.875, 8.222450565386911e-23, nan 
0.125, -61.875, 7.06691952745226e-23, nan 
0.375, -61.875, 4.4285123601049213e-23, nan 
0.625, -61.875, 2.0125242301336168e-23, nan 
0.875, -61.875, 1.4041596916067124e-23, nan 
1.125, -61.875, 3.7708628251897837e-23, nan 
1.375, -61.875, 6.071475936296455e-23, nan 
1.625, -61.875, 7.090048394133322e-23, nan 
1.875, -61.875, 7.453453051788167e-23, nan 
2.125, -61.875, 1.1023412395433445e-22, nan 
2.375, -61.875, 1.3420269117112466e-22, nan 
2.625, -61.875, 1.0465359106436555e-22, nan 
2.875, -61.875, 9.317524370297721e-23, nan 
3.125, -61.875, 7.388188384193074e-23, nan 
-19.125, -61.625, 1.692160148324591e-22, nan 
-18.875, -61.625, 4.455136613129944e-22, nan 
-18.625, -61.625, 4.2113299553202066e-22, nan 
-18.375, -61.625, 4.213510027944365e-22, nan 
-18.125, -61.625, 7.117429624115355e-22, nan 
-17.875, -61.625, 5.51470226283038e-22, nan 
-17.625, -61.625, 3.9404366216635116e-22, nan 
-17.375, -61.625, 2.4964398111334705e-22, nan 
-17.125, -61.625, 2.096526169812686e-22, nan 
-16.875, -61.625, 3.2692350495120294e-22, nan 
-16.625, -61.625, 2.0941940795812256e-22, nan 
-16.375, -61.625, 1.6964705377420358e-22, nan 
-16.125, -61.625, 1.0814646566011659e-22, nan 
-15.875, -61.625, 3.8521083678379145e-23, nan 
-15.625, -61.625, 4.071781107149454e-23, nan 
-15.375, -61.625, 8.523534868628402e-23, nan 
-15.125, -61.625, 7.113000152431491e-23, nan 
-14.875, -61.625, 4.7625988375736154e-23, nan 
-14.625, -61.625, 3.304814839737297e-23, nan 
-14.375, -61.625, 8.880630756939214e-23, nan 
-14.125, -61.625, 1.5216174293663048e-22, nan 
-13.875, -61.625, 1.6003660476133685e-22, nan 
-13.625, -61.625, 1.5962235977243705e-22, nan 
-13.375, -61.625, 1.8045538336506738e-22, nan 
-13.125, -61.625, 1.4996352339042203e-22, nan 
-12.875, -61.625, 1.091405111673555e-22, nan 
-12.625, -61.625, 1.0969349052283982e-22, nan 
-12.375, -61.625, 6.399605587287271e-23, nan 
-12.125, -61.625, 4.6017603673414016e-23, nan 
-11.875, -61.625, 3.7339116195673395e-23, nan 
-11.625, -61.625, 2.904944092707987e-23, nan 
-11.375, -61.625, 3.0361091419201755e-23, nan 
-11.125, -61.625, 2.1566522392496495e-23, nan 
-10.875, -61.625, 3.4607916080181695e-23, nan 
-10.625, -61.625, 2.136002347681376e-23, nan 
-10.375, -61.625, 1.061391984742968e-23, nan 
-10.125, -61.625, 2.117074707743998e-23, nan 
-9.875, -61.625, 1.0335891052547244e-23, nan 
-9.625, -61.625, 1.3134825178837217e-23, nan 
-9.375, -61.625, 1.9146058920219148e-23, nan 
-9.125, -61.625, 2.0877778652736844e-23, nan 
-8.875, -61.625, 3.216002119233512e-23, nan 
-8.625, -61.625, 2.6506797231212566e-23, nan 
-8.375, -61.625, 3.979288871002274e-23, nan 
-8.125, -61.625, 4.710602622666815e-23, nan 
-7.875, -61.625, 5.785426085618313e-23, nan 
-7.625, -61.625, 7.03013437862575e-23, nan 
-7.375, -61.625, 5.47659994567981e-23, nan 
-7.125, -61.625, 7.117132952672375e-23, nan 
-6.875, -61.625, 8.547862802225609e-23, nan 
-6.625, -61.625, 3.328238713824077e-23, nan 
-6.375, -61.625, 7.178839635989778e-23, nan 
-6.125, -61.625, 9.258523214907065e-23, nan 
-5.875, -61.625, 8.122064787573603e-23, nan 
-5.625, -61.625, 6.834562396269046e-23, nan 
-5.375, -61.625, 5.776629964239426e-23, nan 
-5.125, -61.625, 1.6744650075228696e-23, nan 
-4.875, -61.625, 1.8227068534579766e-23, nan 
-4.625, -61.625, 3.023452017838319e-23, nan 
-4.375, -61.625, 1.498607636966e-23, nan 
-4.125, -61.625, 1.6010229871417115e-23, nan 
-3.875, -61.625, 3.2538603915711236e-23, nan 
-3.625, -61.625, 2.84977274666529e-23, nan 
-3.375, -61.625, 1.4194195743464462e-23, nan 
-3.125, -61.625, 1.9085643741479233e-23, nan 
-2.875, -61.625, 1.962489033848898e-23, nan 
-2.625, -61.625, 2.1479804173641502e-23, nan 
-2.375, -61.625, 1.5920632225552726e-23, nan 
-2.125, -61.625, 1.003076089276405e-23, nan 
-1.875, -61.625, 1.0155800925019726e-23, nan 
-1.625, -61.625, 1.8063043010238676e-23, nan 
-1.375, -61.625, 1.6985664807114718e-23, nan 
-1.125, -61.625, 7.321125343280586e-24, nan 
-0.875, -61.625, 1.2313954638057934e-23, nan 
-0.625, -61.625, 1.1286380133645766e-23, nan 
-0.375, -61.625, 1.02746240318398e-23, nan 
-0.125, -61.625, 1.9922902732920567e-23, nan 
0.125, -61.625, 3.7509914984574665e-23, nan 
0.375, -61.625, 1.5464141696792196e-23, nan 
0.625, -61.625, 2.3407476554575263e-23, nan 
0.875, -61.625, 1.9612816690607808e-23, nan 
1.125, -61.625, 4.52318710480993e-23, nan 
1.375, -61.625, 8.692190618544866e-23, nan 
1.625, -61.625, 7.350442631645565e-23, nan 
1.875, -61.625, 7.96457906364014e-23, nan 
2.125, -61.625, 1.447601018277811e-22, nan 
2.375, -61.625, 1.3023947697128393e-22, nan 
2.625, -61.625, 9.597341120262519e-23, nan 
2.875, -61.625, 7.178040846558924e-23, nan 
3.125, -61.625, 6.38828709113379e-23, nan 
-18.875, -61.375, 1.2495116293490828e-22, nan 
-18.625, -61.375, 7.691059099475085e-23, nan 
-18.375, -61.375, 2.376834900060136e-22, nan 
-18.125, -61.375, 5.7129883509379055e-22, nan 
-17.875, -61.375, 4.2015436672866826e-22, nan 
-17.625, -61.375, 4.425564398401604e-22, nan 
-17.375, -61.375, 4.275804011694006e-22, nan 
-17.125, -61.375, 3.5263404006852734e-22, nan 
-16.875, -61.375, 2.7388616755765818e-22, nan 
-16.625, -61.375, 1.7900633403009685e-22, nan 
-16.375, -61.375, 8.613397687392419e-23, nan 
-16.125, -61.375, 6.909400510810489e-23, nan 
-15.875, -61.375, 6.618487991941239e-23, nan 
-15.625, -61.375, 3.8183166591873066e-23, nan 
-15.375, -61.375, 5.087193211925501e-23, nan 
-15.125, -61.375, 4.687461418005914e-23, nan 
-14.875, -61.375, 8.944622308410657e-23, nan 
-14.625, -61.375, 1.1278854868072342e-22, nan 
-14.375, -61.375, 1.0629924944265459e-22, nan 
-14.125, -61.375, 1.384071088226597e-22, nan 
-13.875, -61.375, 1.6863803770929276e-22, nan 
-13.625, -61.375, 1.5408450767629413e-22, nan 
-13.375, -61.375, 1.472827679059165e-22, nan 
-13.125, -61.375, 1.9132766782189006e-22, nan 
-12.875, -61.375, 1.2858718432462895e-22, nan 
-12.625, -61.375, 1.1940332894169234e-22, nan 
-12.375, -61.375, 1.3570967294395349e-22, nan 
-12.125, -61.375, 7.532220794314367e-23, nan 
-11.875, -61.375, 3.4288654495480436e-23, nan 
-11.625, -61.375, 3.5396846662255424e-23, nan 
-11.375, -61.375, 3.445066877151874e-23, nan 
-11.125, -61.375, 2.8799201970512757e-23, nan 
-10.875, -61.375, 3.0959041288446384e-23, nan 
-10.625, -61.375, 3.085690126456223e-23, nan 
-10.375, -61.375, 2.3952787020344487e-23, nan 
-10.125, -61.375, 1.3109530698415946e-23, nan 
-9.875, -61.375, 9.894528201377805e-24, nan 
-9.625, -61.375, 1.5711184893842044e-23, nan 
-9.375, -61.375, 1.4502053508452904e-23, nan 
-9.125, -61.375, 7.924671451945399e-24, nan 
-8.875, -61.375, 1.298181355911272e-23, nan 
-8.625, -61.375, 1.8218345014614784e-23, nan 
-8.375, -61.375, 2.3339330483695367e-23, nan 
-8.125, -61.375, 2.3408238021664368e-23, nan 
-7.875, -61.375, 3.2264606034845735e-23, nan 
-7.625, -61.375, 3.727502542806101e-23, nan 
-7.375, -61.375, 3.894477913120016e-23, nan 
-7.125, -61.375, 5.956798377411923e-23, nan 
-6.875, -61.375, 7.606717539400925e-23, nan 
-6.625, -61.375, 3.7283971389540517e-23, nan 
-6.375, -61.375, 7.041861391699558e-23, nan 
-6.125, -61.375, 9.569445402252894e-23, nan 
-5.875, -61.375, 9.803159263813399e-23, nan 
-5.625, -61.375, 7.96334457712505e-23, nan 
-5.375, -61.375, 6.446746626972084e-23, nan 
-5.125, -61.375, 5.855453601830321e-23, nan 
-4.875, -61.375, 5.747217945497569e-23, nan 
-4.625, -61.375, 3.937092822457129e-23, nan 
-4.375, -61.375, 2.5770022126211064e-23, nan 
-4.125, -61.375, 1.6587387199658642e-23, nan 
-3.875, -61.375, 3.634420074869086e-23, nan 
-3.625, -61.375, 2.1125095042528864e-23, nan 
-3.375, -61.375, 1.3388828819627017e-23, nan 
-3.125, -61.375, 1.0781769062796162e-23, nan 
-2.875, -61.375, 1.7716986942886392e-23, nan 
-2.625, -61.375, 1.1181308453567908e-23, nan 
-2.375, -61.375, 1.1095928611156817e-23, nan 
-2.125, -61.375, 1.0678805421922132e-23, nan 
-1.875, -61.375, 9.892266453615815e-24, nan 
-1.625, -61.375, 1.609767475097092e-23, nan 
-1.375, -61.375, 1.3934449972428316e-23, nan 
-1.125, -61.375, 8.237233672968662e-24, nan 
-0.875, -61.375, 1.2736214322795226e-23, nan 
-0.625, -61.375, 1.3019525826526112e-23, nan 
-0.375, -61.375, 1.0047324417873226e-23, nan 
-0.125, -61.375, 1.0852957431896118e-23, nan 
0.125, -61.375, 1.732340194179303e-23, nan 
0.375, -61.375, 1.9073034916147155e-23, nan 
0.625, -61.375, 1.8721683485619495e-23, nan 
0.875, -61.375, 1.4715990285188112e-23, nan 
1.125, -61.375, 1.67437494838509e-23, nan 
1.375, -61.375, 1.2146646327177927e-23, nan 
1.625, -61.375, 1.696136338040531e-23, nan 
1.875, -61.375, 6.234149252929946e-23, nan 
2.125, -61.375, 1.0557073926101238e-22, nan 
2.375, -61.375, 8.630323022206659e-23, nan 
2.625, -61.375, 7.227159984229914e-23, nan 
2.875, -61.375, 5.1538365657273186e-23, nan 
3.125, -61.375, 1.800412736079304e-23, nan 
-18.625, -61.125, 8.550725875637405e-23, nan 
-18.375, -61.125, 4.7062176236776524e-23, nan 
-18.125, -61.125, 2.9209746828702204e-23, nan 
-17.875, -61.125, 1.5549186957763082e-22, nan 
-17.625, -61.125, 3.0903761182557303e-22, nan 
-17.375, -61.125, 2.915365058566915e-22, nan 
-17.125, -61.125, 2.651456127089749e-22, nan 
-16.875, -61.125, 1.3028823767615649e-22, nan 
-16.625, -61.125, 1.5764357013797337e-22, nan 
-16.375, -61.125, 1.0635189247626474e-22, nan 
-16.125, -61.125, 8.504108972139293e-23, nan 
-15.875, -61.125, 7.380363892291594e-23, nan 
-15.625, -61.125, 5.21276588266708e-23, nan 
-15.375, -61.125, 5.700123368810003e-23, nan 
-15.125, -61.125, 5.02291847457171e-23, nan 
-14.875, -61.125, 6.494627777016124e-23, nan 
-14.625, -61.125, 9.134351203781345e-23, nan 
-14.375, -61.125, 8.572713822246026e-23, nan 
-14.125, -61.125, 9.958396269659405e-23, nan 
-13.875, -61.125, 1.0554844293262458e-22, nan 
-13.625, -61.125, 9.456803744047393e-23, nan 
-13.375, -61.125, 1.2433650299594838e-22, nan 
-13.125, -61.125, 1.4366283138787877e-22, nan 
-12.875, -61.125, 9.871656853006793e-23, nan 
-12.625, -61.125, 1.1627222485379071e-22, nan 
-12.375, -61.125, 1.0576635006582495e-22, nan 
-12.125, -61.125, 6.893248965467704e-23, nan 
-11.875, -61.125, 3.7079673618388907e-23, nan 
-11.625, -61.125, 2.5347499476115553e-23, nan 
-11.375, -61.125, 3.0618712726389865e-23, nan 
-11.125, -61.125, 2.1871180321201157e-23, nan 
-10.875, -61.125, 1.3498139805625437e-23, nan 
-10.625, -61.125, 1.8157423090051468e-23, nan 
-10.375, -61.125, 1.4091559956994852e-23, nan 
-10.125, -61.125, 1.1957709049627085e-23, nan 
-9.875, -61.125, 6.01671762675883e-24, nan 
-9.625, -61.125, 1.220739227437123e-23, nan 
-9.375, -61.125, 2.1327509011957163e-23, nan 
-9.125, -61.125, 8.139443118905395e-24, nan 
-8.875, -61.125, 1.7154794043168186e-23, nan 
-8.625, -61.125, 2.605501137525136e-23, nan 
-8.375, -61.125, 2.031535887729882e-23, nan 
-8.125, -61.125, 2.6907194035186537e-23, nan 
-7.875, -61.125, 2.201589697222894e-23, nan 
-7.625, -61.125, 2.6948797679199514e-23, nan 
-7.375, -61.125, 2.485306173435751e-23, nan 
-7.125, -61.125, 2.2369995608170644e-23, nan 
-6.875, -61.125, 3.1728721117248404e-23, nan 
-6.625, -61.125, 3.368293160883964e-23, nan 
-6.375, -61.125, 3.4817008957444163e-23, nan 
-6.125, -61.125, 4.2342387348921927e-23, nan 
-5.875, -61.125, 6.337521981776858e-23, nan 
-5.625, -61.125, 1.2627177404226221e-22, nan 
-5.375, -61.125, 9.832325501294048e-23, nan 
-5.125, -61.125, 8.053188663997263e-23, nan 
-4.875, -61.125, 6.619099260267657e-23, nan 
-4.625, -61.125, 1.9710553880890442e-23, nan 
-4.375, -61.125, 7.521745430301481e-23, nan 
-4.125, -61.125, 9.012882093449102e-23, nan 
-3.875, -61.125, 2.996276141369164e-23, nan 
-3.625, -61.125, 1.0641554879282908e-23, nan 
-3.375, -61.125, 2.1619387661396722e-23, nan 
-3.125, -61.125, 2.0925434236270227e-23, nan 
-2.875, -61.125, 9.05468855134945e-24, nan 
-2.625, -61.125, 9.032144959864097e-24, nan 
-2.375, -61.125, 8.772281955414337e-24, nan 
-2.125, -61.125, 9.249748004336893e-24, nan 
-1.875, -61.125, 8.882963270624776e-24, nan 
-1.625, -61.125, 1.327166595576775e-23, nan 
-1.375, -61.125, 1.4178293970349488e-23, nan 
-1.125, -61.125, 4.169412158278213e-24, nan 
-0.875, -61.125, 6.0602980318662e-24, nan 
-0.625, -61.125, 7.096008924481348e-24, nan 
-0.375, -61.125, 7.243909713143113e-24, nan 
-0.125, -61.125, 9.600729652286574e-24, nan 
0.125, -61.125, 9.421310180968226e-24, nan 
0.375, -61.125, 1.1996768538479834e-23, nan 
0.625, -61.125, 2.0931280285345618e-23, nan 
0.875, -61.125, 2.503568363672907e-23, nan 
1.125, -61.125, 1.5174102068815778e-23, nan 
1.375, -61.125, 1.8381300733099887e-23, nan 
1.625, -61.125, 1.3246963320426807e-23, nan 
1.875, -61.125, 1.727212841561358e-23, nan 
2.125, -61.125, 1.3844520743818066e-23, nan 
2.375, -61.125, 1.1194775199589762e-23, nan 
2.625, -61.125, 1.7485900696952285e-23, nan 
2.875, -61.125, 2.1621713668665608e-23, nan 
3.125, -61.125, 2.1208224555608322e-23, nan 
-18.375, -60.875, 5.910290509241772e-23, nan 
-18.125, -60.875, 3.7062918446687287e-23, nan 
-17.875, -60.875, 3.8729621804815744e-23, nan 
-17.625, -60.875, 6.754415613822438e-23, nan 
-17.375, -60.875, 4.4861035867983175e-23, nan 
-17.125, -60.875, 6.888357065882531e-23, nan 
-16.875, -60.875, 1.090887800340572e-22, nan 
-16.625, -60.875, 1.3940811945026132e-22, nan 
-16.375, -60.875, 8.12267098916437e-23, nan 
-16.125, -60.875, 8.152358358642366e-23, nan 
-15.875, -60.875, 9.551719025120943e-23, nan 
-15.625, -60.875, 5.625512249857237e-23, nan 
-15.375, -60.875, 6.1726179303039e-23, nan 
-15.125, -60.875, 5.431436913214422e-23, nan 
-14.875, -60.875, 3.528775285764051e-23, nan 
-14.625, -60.875, 5.405390310523135e-23, nan 
-14.375, -60.875, 7.567847895886834e-23, nan 
-14.125, -60.875, 9.088586510090766e-23, nan 
-13.875, -60.875, 9.033046895377238e-23, nan 
-13.625, -60.875, 1.2487176293790563e-22, nan 
-13.375, -60.875, 1.1533074455297161e-22, nan 
-13.125, -60.875, 9.431309294313225e-23, nan 
-12.875, -60.875, 8.981987328798775e-23, nan 
-12.625, -60.875, 6.702846587261175e-23, nan 
-12.375, -60.875, 3.6210131726865497e-23, nan 
-12.125, -60.875, 3.67727614629256e-23, nan 
-11.875, -60.875, 3.415915793391808e-23, nan 
-11.625, -60.875, 2.5104163423425486e-23, nan 
-11.375, -60.875, 3.0991617918225757e-23, nan 
-11.125, -60.875, 2.0119148676991182e-23, nan 
-10.875, -60.875, 1.7237654345557807e-23, nan 
-10.625, -60.875, 1.175481689162683e-23, nan 
-10.375, -60.875, 1.2547128322519757e-23, nan 
-10.125, -60.875, 9.06672783293956e-24, nan 
-9.875, -60.875, 1.2280633060864547e-23, nan 
-9.625, -60.875, 2.0242061128115673e-23, nan 
-9.375, -60.875, 1.6769150394441328e-23, nan 
-9.125, -60.875, 6.985772223394048e-24, nan 
-8.875, -60.875, 1.755962509158004e-23, nan 
-8.625, -60.875, 2.2866294983414746e-23, nan 
-8.375, -60.875, 2.2130417992973482e-23, nan 
-8.125, -60.875, 1.9379503992281555e-23, nan 
-7.875, -60.875, 9.102856831036336e-24, nan 
-7.625, -60.875, 2.171396502757346e-23, nan 
-7.375, -60.875, 2.297272492696823e-23, nan 
-7.125, -60.875, 2.060727143805187e-23, nan 
-6.875, -60.875, 2.9482056970158776e-23, nan 
-6.625, -60.875, 3.726375186693841e-23, nan 
-6.375, -60.875, 6.074023342396316e-23, nan 
-6.125, -60.875, 7.30151772146597e-23, nan 
-5.875, -60.875, 8.718561411016672e-23, nan 
-5.625, -60.875, 1.2707030303129692e-22, nan 
-5.375, -60.875, 1.227284226301669e-22, nan 
-5.125, -60.875, 9.518569790896295e-23, nan 
-4.875, -60.875, 6.625214791543042e-23, nan 
-4.625, -60.875, 4.4128299157222746e-23, nan 
-4.375, -60.875, 1.1353625069601458e-22, nan 
-4.125, -60.875, 1.1665814524124171e-22, nan 
-3.875, -60.875, 2.593098608194154e-23, nan 
-3.625, -60.875, 4.5954196928183003e-23, nan 
-3.375, -60.875, 3.505117937569668e-23, nan 
-3.125, -60.875, 1.9208393499952153e-23, nan 
-2.875, -60.875, 9.14319933537876e-24, nan 
-2.625, -60.875, 1.449184231975676e-23, nan 
-2.375, -60.875, 2.1157021945143677e-23, nan 
-2.125, -60.875, 1.0726196119109801e-23, nan 
-1.875, -60.875, 7.009869722231398e-24, nan 
-1.625, -60.875, 9.797866690334765e-24, nan 
-1.375, -60.875, 8.977939834146136e-24, nan 
-1.125, -60.875, 8.503464887664798e-24, nan 
-0.875, -60.875, 9.79905821218002e-24, nan 
-0.625, -60.875, 2.142576137398694e-24, nan 
-0.375, -60.875, 1.1085276884614973e-23, nan 
-0.125, -60.875, 1.5478182568648818e-23, nan 
0.125, -60.875, 9.447083559168157e-24, nan 
0.375, -60.875, 8.649746106147418e-24, nan 
0.625, -60.875, 1.6185056278251134e-23, nan 
0.875, -60.875, 2.7797882003216444e-23, nan 
1.125, -60.875, 1.4802109614752088e-23, nan 
1.375, -60.875, 1.5731150588441807e-23, nan 
1.625, -60.875, 2.5787978573724583e-23, nan 
1.875, -60.875, 1.649738308871955e-23, nan 
2.125, -60.875, 1.5793917310180546e-23, nan 
2.375, -60.875, 1.7493390335824308e-23, nan 
2.625, -60.875, 2.4732316592742994e-23, nan 
2.875, -60.875, 2.4404936470055328e-23, nan 
-18.125, -60.625, 2.9662338620454906e-23, nan 
-17.875, -60.625, 2.7134774451912047e-23, nan 
-17.625, -60.625, 2.5503074469304127e-23, nan 
-17.375, -60.625, 3.602922118734438e-23, nan 
-17.125, -60.625, 6.249154775934985e-23, nan 
-16.875, -60.625, 8.912098726660632e-23, nan 
-16.625, -60.625, 9.450406002697354e-23, nan 
-16.375, -60.625, 7.802748164996732e-23, nan 
-16.125, -60.625, 7.343264576164817e-23, nan 
-15.875, -60.625, 7.298019523492609e-23, nan 
-15.625, -60.625, 5.167341717949958e-23, nan 
-15.375, -60.625, 3.81289763096076e-23, nan 
-15.125, -60.625, 2.9603609223705214e-23, nan 
-14.875, -60.625, 3.124376680827231e-23, nan 
-14.625, -60.625, 3.709782444097656e-23, nan 
-14.375, -60.625, 3.241400315944697e-23, nan 
-14.125, -60.625, 1.6442773236434713e-23, nan 
-13.875, -60.625, 4.6092822137983657e-23, nan 
-13.625, -60.625, 7.364903454638187e-23, nan 
-13.375, -60.625, 7.15998292888123e-23, nan 
-13.125, -60.625, 2.0070499233139164e-23, nan 
-12.875, -60.625, 1.9428378168773807e-23, nan 
-12.625, -60.625, 1.4812868295885808e-23, nan 
-12.375, -60.625, 1.7588469301878523e-23, nan 
-12.125, -60.625, 1.645713186468953e-23, nan 
-11.875, -60.625, 1.405706798550896e-23, nan 
-11.625, -60.625, 1.2352996715677282e-23, nan 
-11.375, -60.625, 1.5338727073191866e-23, nan 
-11.125, -60.625, 1.9006665912324123e-23, nan 
-10.875, -60.625, 1.595272021319141e-23, nan 
-10.625, -60.625, 1.19472011631182e-23, nan 
-10.375, -60.625, 1.6260036887303228e-23, nan 
-10.125, -60.625, 5.877854687241457e-24, nan 
-9.875, -60.625, 1.5665625553461677e-23, nan 
-9.625, -60.625, 2.896503808364751e-23, nan 
-9.375, -60.625, 2.3378149153126228e-23, nan 
-9.125, -60.625, 1.4843233786526937e-23, nan 
-8.875, -60.625, 2.5825161421008136e-23, nan 
-8.625, -60.625, 2.7132084241919595e-23, nan 
-8.375, -60.625, 1.8082563022920127e-23, nan 
-8.125, -60.625, 2.1162789141554536e-23, nan 
-7.875, -60.625, 1.88080936971096e-23, nan 
-7.625, -60.625, 1.1212877637021243e-23, nan 
-7.375, -60.625, 1.9666140683683763e-23, nan 
-7.125, -60.625, 1.982965826623989e-23, nan 
-6.875, -60.625, 3.170137295378207e-23, nan 
-6.625, -60.625, 3.219988557824398e-23, nan 
-6.375, -60.625, 5.990693389766111e-23, nan 
-6.125, -60.625, 7.499060583222286e-23, nan 
-5.875, -60.625, 7.017714424531665e-23, nan 
-5.625, -60.625, 1.0760400999974735e-22, nan 
-5.375, -60.625, 1.1643365070227411e-22, nan 
-5.125, -60.625, 1.0445040169404464e-22, nan 
-4.875, -60.625, 7.232730797416256e-23, nan 
-4.625, -60.625, 5.135342566026568e-23, nan 
-4.375, -60.625, 8.400565790401607e-23, nan 
-4.125, -60.625, 6.908536404024797e-23, nan 
-3.875, -60.625, 1.9979044914690807e-23, nan 
-3.625, -60.625, 1.1334601373487374e-23, nan 
-3.375, -60.625, 1.2109470977916975e-23, nan 
-3.125, -60.625, 1.5858871235237516e-23, nan 
-2.875, -60.625, 9.506414243828859e-24, nan 
-2.625, -60.625, 1.779688372485974e-23, nan 
-2.375, -60.625, 2.8537970552093273e-23, nan 
-2.125, -60.625, 1.3839305007551757e-23, nan 
-1.875, -60.625, 1.3161369679475236e-23, nan 
-1.625, -60.625, 1.8140509260615113e-23, nan 
-1.375, -60.625, 2.8028021654095513e-23, nan 
-1.125, -60.625, 1.6132283767020464e-23, nan 
-0.875, -60.625, 6.312317037399581e-24, nan 
-0.625, -60.625, 5.15655154888705e-24, nan 
-0.375, -60.625, 8.434793462482632e-24, nan 
-0.125, -60.625, 9.774498681966656e-24, nan 
0.125, -60.625, 1.4484235011121884e-23, nan 
0.375, -60.625, 1.8182731877265902e-23, nan 
0.625, -60.625, 1.7280604118870218e-23, nan 
0.875, -60.625, 3.0636888887400074e-23, nan 
1.125, -60.625, 1.5677608506392862e-23, nan 
1.375, -60.625, 1.5300339864021292e-23, nan 
1.625, -60.625, 4.267919040958688e-23, nan 
1.875, -60.625, 1.7112151081722445e-23, nan 
2.125, -60.625, 1.9094694215707562e-23, nan 
2.375, -60.625, 3.557364693407823e-23, nan 
2.625, -60.625, 2.7800634023158017e-23, nan 
2.875, -60.625, 2.034029156849016e-23, nan 
-17.875, -60.375, 2.0523938882076852e-23, nan 
-17.625, -60.375, 2.1773407132838588e-23, nan 
-17.375, -60.375, 5.416909495732714e-23, nan 
-17.125, -60.375, 6.19346498350753e-23, nan 
-16.875, -60.375, 6.619377202003915e-23, nan 
-16.625, -60.375, 8.963132904975867e-23, nan 
-16.375, -60.375, 7.781996122065545e-23, nan 
-16.125, -60.375, 6.229531766136382e-23, nan 
-15.875, -60.375, 4.148685732102024e-23, nan 
-15.625, -60.375, 2.903309715643462e-23, nan 
-15.375, -60.375, 2.8186092138166453e-23, nan 
-15.125, -60.375, 2.46756618458641e-23, nan 
-14.875, -60.375, 2.9442992735186464e-23, nan 
-14.625, -60.375, 3.039795474795264e-23, nan 
-14.375, -60.375, 2.7650351715896825e-23, nan 
-14.125, -60.375, 5.901029728600655e-23, nan 
-13.875, -60.375, 1.3336195691246065e-23, nan 
-13.625, -60.375, 1.893987554283148e-23, nan 
-13.375, -60.375, 1.2764168130976733e-23, nan 
-13.125, -60.375, 9.300491599776102e-24, nan 
-12.875, -60.375, 1.245594504204042e-23, nan 
-12.625, -60.375, 1.7613308007604127e-23, nan 
-12.375, -60.375, 1.3204327639305326e-23, nan 
-12.125, -60.375, 3.288293354319116e-23, nan 
-11.875, -60.375, 1.5449091970524444e-23, nan 
-11.625, -60.375, 7.895234412004601e-24, nan 
-11.375, -60.375, 2.3272378829775488e-23, nan 
-11.125, -60.375, 7.344855547193213e-24, nan 
-10.875, -60.375, 8.897940024156924e-24, nan 
-10.625, -60.375, 1.575666564001328e-23, nan 
-10.375, -60.375, 1.942992871760833e-23, nan 
-10.125, -60.375, 1.1685199559233908e-23, nan 
-9.875, -60.375, 1.3345140942459647e-23, nan 
-9.625, -60.375, 2.310908943405645e-23, nan 
-9.375, -60.375, 1.8686496731805857e-23, nan 
-9.125, -60.375, 2.284805239464281e-23, nan 
-8.875, -60.375, 3.031805720318796e-23, nan 
-8.625, -60.375, 2.921115472077083e-23, nan 
-8.375, -60.375, 5.985946697696624e-23, nan 
-8.125, -60.375, 7.162582692548273e-23, nan 
-7.875, -60.375, 6.374746471520916e-23, nan 
-7.625, -60.375, 3.2108963676053135e-23, nan 
-7.375, -60.375, 2.171464393976639e-23, nan 
-7.125, -60.375, 2.732754796733649e-23, nan 
-6.875, -60.375, 1.6941060904423368e-23, nan 
-6.625, -60.375, 1.7831630998250947e-23, nan 
-6.375, -60.375, 1.9175355930425743e-23, nan 
-6.125, -60.375, 2.0287210104948465e-23, nan 
-5.875, -60.375, 2.35448610610357e-23, nan 
-5.625, -60.375, 9.093102593636697e-23, nan 
-5.375, -60.375, 7.598732359381117e-23, nan 
-5.125, -60.375, 7.340640644216337e-23, nan 
-4.875, -60.375, 5.795043332166166e-23, nan 
-4.625, -60.375, 9.778460974086614e-24, nan 
-4.375, -60.375, 1.2866959707639227e-23, nan 
-4.125, -60.375, 1.58414561603578e-23, nan 
-3.875, -60.375, 1.466145354859615e-23, nan 
-3.625, -60.375, 1.1289945779756113e-23, nan 
-3.375, -60.375, 1.7446464904132606e-23, nan 
-3.125, -60.375, 2.3146483243532806e-23, nan 
-2.875, -60.375, 1.7742531239627223e-23, nan 
-2.625, -60.375, 1.1414198856826978e-23, nan 
-2.375, -60.375, 2.451088520249123e-23, nan 
-2.125, -60.375, 3.14049370707909e-23, nan 
-1.875, -60.375, 9.138305129015941e-24, nan 
-1.625, -60.375, 1.5585569264379477e-23, nan 
-1.375, -60.375, 5.728082399112017e-23, nan 
-1.125, -60.375, 1.7735348208001803e-23, nan 
-0.875, -60.375, 5.948630287920979e-24, nan 
-0.625, -60.375, 2.229699736541299e-23, nan 
-0.375, -60.375, 1.774177568886785e-23, nan 
-0.125, -60.375, 9.836703313136418e-24, nan 
0.125, -60.375, 2.260932766147091e-23, nan 
0.375, -60.375, 2.986142177253751e-23, nan 
0.625, -60.375, 3.173043429487547e-23, nan 
0.875, -60.375, 2.761546551698396e-23, nan 
1.125, -60.375, 2.098942767850889e-23, nan 
1.375, -60.375, 2.886370655213803e-23, nan 
1.625, -60.375, 8.390531706047047e-23, nan 
1.875, -60.375, 3.670896540329506e-23, nan 
2.125, -60.375, 1.5661678860901263e-23, nan 
2.375, -60.375, 3.2133848818601716e-23, nan 
2.625, -60.375, 1.9641500930470195e-23, nan 
2.875, -60.375, 2.2658890567176358e-23, nan 
-17.625, -60.125, 3.267847997921483e-23, nan 
-17.375, -60.125, 4.628113935240758e-23, nan 
-17.125, -60.125, 3.2102280688529334e-23, nan 
-16.875, -60.125, 4.595468277794537e-23, nan 
-16.625, -60.125, 7.246933970851034e-23, nan 
-16.375, -60.125, 6.22518960724565e-23, nan 
-16.125, -60.125, 7.600826719136803e-23, nan 
-15.875, -60.125, 8.893097037997396e-23, nan 
-15.625, -60.125, 7.813026678731419e-23, nan 
-15.375, -60.125, 7.638554395427854e-23, nan 
-15.125, -60.125, 6.268032978513873e-23, nan 
-14.875, -60.125, 6.657349477801058e-23, nan 
-14.625, -60.125, 4.413098249402988e-23, nan 
-14.375, -60.125, 4.705306974242403e-23, nan 
-14.125, -60.125, 1.0534609313679603e-22, nan 
-13.875, -60.125, 1.4972843604892363e-23, nan 
-13.625, -60.125, 1.3808682192146767e-23, nan 
-13.375, -60.125, 2.484474740938615e-23, nan 
-13.125, -60.125, 1.2001539972801512e-23, nan 
-12.875, -60.125, 2.4826134226775965e-23, nan 
-12.625, -60.125, 1.6445506117821142e-23, nan 
-12.375, -60.125, 1.2097725080688347e-23, nan 
-12.125, -60.125, 5.830890314381387e-23, nan 
-11.875, -60.125, 2.7522512138761825e-23, nan 
-11.625, -60.125, 2.80348092798581e-23, nan 
-11.375, -60.125, 4.4091526289468434e-23, nan 
-11.125, -60.125, 4.779369359550202e-23, nan 
-10.875, -60.125, 1.2682765824793584e-23, nan 
-10.625, -60.125, 2.3205306434893948e-23, nan 
-10.375, -60.125, 1.4835379224381382e-23, nan 
-10.125, -60.125, 1.08720739744065e-23, nan 
-9.875, -60.125, 1.2936948842775434e-23, nan 
-9.625, -60.125, 3.00984015467243e-23, nan 
-9.375, -60.125, 1.5571388159440785e-23, nan 
-9.125, -60.125, 1.8477571009567987e-23, nan 
-8.875, -60.125, 4.292604292272558e-23, nan 
-8.625, -60.125, 1.0089551843947729e-22, nan 
-8.375, -60.125, 1.2088981258112755e-22, nan 
-8.125, -60.125, 1.3460106955893479e-22, nan 
-7.875, -60.125, 1.361616493816168e-22, nan 
-7.625, -60.125, 9.805872106366868e-23, nan 
-7.375, -60.125, 5.411345982789454e-23, nan 
-7.125, -60.125, 2.5540468113613858e-23, nan 
-6.875, -60.125, 2.0840479584269077e-23, nan 
-6.625, -60.125, 1.1139527872678071e-23, nan 
-6.375, -60.125, 1.091856773578618e-23, nan 
-6.125, -60.125, 2.9979561672717094e-23, nan 
-5.875, -60.125, 8.2928153737721e-24, nan 
-5.625, -60.125, 2.4477210071119394e-23, nan 
-5.375, -60.125, 2.5757823320322608e-23, nan 
-5.125, -60.125, 3.070949507645885e-23, nan 
-4.875, -60.125, 2.4897358584258668e-23, nan 
-4.625, -60.125, 2.1170404031909401e-23, nan 
-4.375, -60.125, 2.2603658449375733e-23, nan 
-4.125, -60.125, 1.7455354220928e-23, nan 
-3.875, -60.125, 1.4493719483281762e-23, nan 
-3.625, -60.125, 1.1051400729383946e-23, nan 
-3.375, -60.125, 1.7556082322648528e-23, nan 
-3.125, -60.125, 3.668352734411015e-23, nan 
-2.875, -60.125, 4.663688257053773e-23, nan 
-2.625, -60.125, 1.9380647779455554e-23, nan 
-2.375, -60.125, 1.6122208403085472e-23, nan 
-2.125, -60.125, 1.0052289337762444e-23, nan 
-1.875, -60.125, 1.4724022202841615e-23, nan 
-1.625, -60.125, 1.605123182877629e-23, nan 
-1.375, -60.125, 3.9492938214184564e-23, nan 
-1.125, -60.125, 1.5187021033471303e-23, nan 
-0.875, -60.125, 8.809821308472553e-24, nan 
-0.625, -60.125, 1.745441742875109e-23, nan 
-0.375, -60.125, 2.0936672996363234e-23, nan 
-0.125, -60.125, 1.6724840510995433e-23, nan 
0.125, -60.125, 3.565325580375847e-23, nan 
0.375, -60.125, 2.798401922314879e-23, nan 
0.625, -60.125, 2.099592520153165e-23, nan 
0.875, -60.125, 3.9852258138301756e-23, nan 
1.125, -60.125, 2.9858659482653685e-23, nan 
1.375, -60.125, 5.762753515681588e-23, nan 
1.625, -60.125, 1.253352758380977e-22, nan 
1.875, -60.125, 1.0188170584941326e-22, nan 
2.125, -60.125, 2.778032064583661e-23, nan 
2.375, -60.125, 4.007901221143092e-23, nan 
2.625, -60.125, 2.3175679909339898e-23, nan 
2.875, -60.125, 1.745866834390413e-23, nan 
-17.375, -59.875, 5.436046540699393e-23, nan 
-17.125, -59.875, 3.278124849066889e-23, nan 
-16.875, -59.875, 1.6602168156741004e-23, nan 
-16.625, -59.875, 2.8106653057684465e-23, nan 
-16.375, -59.875, 4.42206168202948e-23, nan 
-16.125, -59.875, 5.658780956359198e-23, nan 
-15.875, -59.875, 7.813167466475631e-23, nan 
-15.625, -59.875, 6.836063005600125e-23, nan 
-15.375, -59.875, 8.034786467069536e-23, nan 
-15.125, -59.875, 9.36635516638922e-23, nan 
-14.875, -59.875, 7.246556864543631e-23, nan 
-14.625, -59.875, 4.6561345006472796e-23, nan 
-14.375, -59.875, 8.039845228173199e-23, nan 
-14.125, -59.875, 9.762640367785206e-23, nan 
-13.875, -59.875, 3.372048155188648e-23, nan 
-13.625, -59.875, 1.3169763297547943e-23, nan 
-13.375, -59.875, 1.3395418292453591e-23, nan 
-13.125, -59.875, 1.2640225669427952e-23, nan 
-12.875, -59.875, 1.298081872120775e-23, nan 
-12.625, -59.875, 1.2452293020964598e-23, nan 
-12.375, -59.875, 8.028959461924098e-24, nan 
-12.125, -59.875, 3.237504222568743e-23, nan 
-11.875, -59.875, 3.464917956867872e-23, nan 
-11.625, -59.875, 4.786770027223651e-23, nan 
-11.375, -59.875, 3.765412599863404e-23, nan 
-11.125, -59.875, 8.81151907498966e-23, nan 
-10.875, -59.875, 7.978268266266889e-23, nan 
-10.625, -59.875, 3.812360429204654e-23, nan 
-10.375, -59.875, 2.9000825095370574e-23, nan 
-10.125, -59.875, 1.308832239972495e-23, nan 
-9.875, -59.875, 2.4139789463524464e-23, nan 
-9.625, -59.875, 1.8789590738130086e-23, nan 
-9.375, -59.875, 5.344525780944235e-23, nan 
-9.125, -59.875, 5.950094981244096e-23, nan 
-8.875, -59.875, 1.6602355188939803e-22, nan 
-8.625, -59.875, 1.9090738857462093e-22, nan 
-8.375, -59.875, 1.1854900631681068e-22, nan 
-8.125, -59.875, 1.1274375150755445e-22, nan 
-7.875, -59.875, 1.43410713454059e-22, nan 
-7.625, -59.875, 1.7002441922460895e-22, nan 
-7.375, -59.875, 2.005823813425903e-22, nan 
-7.125, -59.875, 1.4188820128444212e-22, nan 
-6.875, -59.875, 2.2591199811462097e-23, nan 
-6.625, -59.875, 1.30122329560367e-23, nan 
-6.375, -59.875, 4.6213053439976503e-23, nan 
-6.125, -59.875, 8.060258201216797e-23, nan 
-5.875, -59.875, 5.712535529254809e-23, nan 
-5.625, -59.875, 2.5950682227658654e-23, nan 
-5.375, -59.875, 4.709952930801829e-23, nan 
-5.125, -59.875, 4.810883200719141e-23, nan 
-4.875, -59.875, 2.9143555460326706e-23, nan 
-4.625, -59.875, 1.3389081289973187e-23, nan 
-4.375, -59.875, 2.3737903651095474e-23, nan 
-4.125, -59.875, 2.279766858092195e-23, nan 
-3.875, -59.875, 2.437813162521672e-23, nan 
-3.625, -59.875, 3.1522952017144053e-23, nan 
-3.375, -59.875, 4.224411151277731e-23, nan 
-3.125, -59.875, 6.49714580029356e-23, nan 
-2.875, -59.875, 6.930979329986967e-23, nan 
-2.625, -59.875, 4.391038429000831e-23, nan 
-2.375, -59.875, 4.5929642569544446e-23, nan 
-2.125, -59.875, 3.934586155620053e-23, nan 
-1.875, -59.875, 2.2226656084879022e-23, nan 
-1.625, -59.875, 2.5499477701045156e-23, nan 
-1.375, -59.875, 1.3490066497479475e-23, nan 
-1.125, -59.875, 2.1103981042638772e-23, nan 
-0.875, -59.875, 2.7777183017630446e-23, nan 
-0.625, -59.875, 2.857546520648345e-23, nan 
-0.375, -59.875, 3.4895992173651257e-23, nan 
-0.125, -59.875, 4.9354690940237816e-23, nan 
0.125, -59.875, 5.435189242650544e-23, nan 
0.375, -59.875, 6.770325456074105e-23, nan 
0.625, -59.875, 6.558912564631179e-23, nan 
0.875, -59.875, 2.2791115947391578e-23, nan 
1.125, -59.875, 1.3933802807277409e-22, nan 
1.375, -59.875, 2.3099252374813166e-22, nan 
1.625, -59.875, 2.0992817534770687e-22, nan 
1.875, -59.875, 2.1591461409059287e-22, nan 
2.125, -59.875, 1.850483413923963e-22, nan 
2.375, -59.875, 5.401714592103999e-23, nan 
2.625, -59.875, 8.642704535804234e-24, nan 
-17.125, -59.625, 3.64434996484445e-23, nan 
-16.875, -59.625, 1.2673893701911694e-23, nan 
-16.625, -59.625, 1.0832821351296567e-23, nan 
-16.375, -59.625, 4.7374150227075213e-23, nan 
-16.125, -59.625, 7.03309559321349e-23, nan 
-15.875, -59.625, 7.691622077668776e-23, nan 
-15.625, -59.625, 5.782990301631589e-23, nan 
-15.375, -59.625, 5.416464853357237e-23, nan 
-15.125, -59.625, 4.9677994265355614e-23, nan 
-14.875, -59.625, 5.180573894975731e-23, nan 
-14.625, -59.625, 8.536290180054887e-23, nan 
-14.375, -59.625, 8.11147432069238e-23, nan 
-14.125, -59.625, 6.307876372815987e-23, nan 
-13.875, -59.625, 3.7774338991461786e-23, nan 
-13.625, -59.625, 1.883541616697089e-23, nan 
-13.375, -59.625, 1.6725121329988944e-23, nan 
-13.125, -59.625, 1.6722750421122274e-23, nan 
-12.875, -59.625, 1.4093301328430677e-23, nan 
-12.625, -59.625, 2.6294557889112606e-23, nan 
-12.375, -59.625, 2.9760207948254756e-23, nan 
-12.125, -59.625, 1.4888224008560966e-23, nan 
-11.875, -59.625, 2.2198383317773075e-23, nan 
-11.625, -59.625, 4.044307395674243e-23, nan 
-11.375, -59.625, 4.1337381938476245e-23, nan 
-11.125, -59.625, 2.836533939073472e-23, nan 
-10.875, -59.625, 2.933376605091766e-23, nan 
-10.625, -59.625, 3.302057243364181e-23, nan 
-10.375, -59.625, 5.942642920507423e-23, nan 
-10.125, -59.625, 5.2460125127676316e-23, nan 
-9.875, -59.625, 1.729426095606236e-23, nan 
-9.625, -59.625, 6.4676934854699e-24, nan 
-9.375, -59.625, 2.0067757922455937e-23, nan 
-9.125, -59.625, 3.355311333811286e-23, nan 
-8.875, -59.625, 1.5843700221291462e-22, nan 
-8.625, -59.625, 1.8119344845417453e-22, nan 
-8.375, -59.625, 1.3828378908921212e-22, nan 
-8.125, -59.625, 1.5790611685784112e-22, nan 
-7.875, -59.625, 1.4037245665897352e-22, nan 
-7.625, -59.625, 2.218325568576596e-22, nan 
-7.375, -59.625, 2.0035576415666342e-22, nan 
-7.125, -59.625, 7.27521849362028e-23, nan 
-6.875, -59.625, 2.65363298067419e-23, nan 
-6.625, -59.625, 1.8469584284130984e-23, nan 
-6.375, -59.625, 1.348865268429678e-23, nan 
-6.125, -59.625, 2.4819836598275677e-23, nan 
-5.875, -59.625, 1.897312373087084e-23, nan 
-5.625, -59.625, 3.0641500564176545e-23, nan 
-5.375, -59.625, 3.4238150896575287e-23, nan 
-5.125, -59.625, 1.5825027063763395e-23, nan 
-4.875, -59.625, 4.70344886983962e-24, nan 
-4.625, -59.625, 2.8645272324303725e-23, nan 
-4.375, -59.625, 3.418055778944889e-23, nan 
-4.125, -59.625, 2.1807041420838804e-23, nan 
-3.875, -59.625, 1.8345628162257933e-23, nan 
-3.625, -59.625, 2.4776763994502122e-23, nan 
-3.375, -59.625, 2.946178192089756e-23, nan 
-3.125, -59.625, 5.88410358591155e-23, nan 
-2.875, -59.625, 8.888435814151658e-23, nan 
-2.625, -59.625, 8.766723585606175e-23, nan 
-2.375, -59.625, 6.985583793617408e-23, nan 
-2.125, -59.625, 5.369232392185008e-23, nan 
-1.875, -59.625, 6.320261475277496e-23, nan 
-1.625, -59.625, 4.9912737146496226e-23, nan 
-1.375, -59.625, 5.489027399834152e-23, nan 
-1.125, -59.625, 4.149889982647164e-23, nan 
-0.875, -59.625, 3.328652342111173e-23, nan 
-0.625, -59.625, 3.809198612199531e-23, nan 
-0.375, -59.625, 3.5224362064511436e-23, nan 
-0.125, -59.625, 2.347404723187714e-23, nan 
0.125, -59.625, 3.739724026792948e-23, nan 
0.375, -59.625, 6.019787520376661e-23, nan 
0.625, -59.625, 5.231780928484716e-23, nan 
0.875, -59.625, 1.5319286197927312e-23, nan 
1.125, -59.625, 5.515676254556959e-24, nan 
1.375, -59.625, 6.795944091995654e-23, nan 
1.625, -59.625, 1.2426418238421673e-22, nan 
1.875, -59.625, 9.703823255989635e-23, nan 
2.125, -59.625, 4.0777698180066866e-23, nan 
2.375, -59.625, 4.014993118460638e-23, nan 
2.625, -59.625, 7.91727738770508e-24, nan 
-16.875, -59.375, 7.07947434106747e-23, nan 
-16.625, -59.375, 1.0564327754731904e-22, nan 
-16.375, -59.375, 8.936133684364597e-23, nan 
-16.125, -59.375, 6.562955179090636e-23, nan 
-15.875, -59.375, 7.668171929210363e-23, nan 
-15.625, -59.375, 9.511184164166622e-23, nan 
-15.375, -59.375, 7.722935543543281e-23, nan 
-15.125, -59.375, 7.144619889845635e-23, nan 
-14.875, -59.375, 6.298158322513707e-23, nan 
-14.625, -59.375, 5.403686919894318e-23, nan 
-14.375, -59.375, 3.968812764532765e-23, nan 
-14.125, -59.375, 3.746151698158478e-23, nan 
-13.875, -59.375, 3.4600475352551026e-23, nan 
-13.625, -59.375, 3.284514778858989e-23, nan 
-13.375, -59.375, 3.2163188282379754e-23, nan 
-13.125, -59.375, 3.698132850015445e-23, nan 
-12.875, -59.375, 5.909138197149986e-23, nan 
-12.625, -59.375, 4.9273837818867415e-23, nan 
-12.375, -59.375, 4.347408232415949e-23, nan 
-12.125, -59.375, 2.5939194478733247e-23, nan 
-11.875, -59.375, 2.795159519687202e-23, nan 
-11.625, -59.375, 2.9885337997300726e-23, nan 
-11.375, -59.375, 1.5513087818863387e-23, nan 
-11.125, -59.375, 9.411058362549016e-24, nan 
-10.875, -59.375, 1.8561382333556236e-23, nan 
-10.625, -59.375, 3.044509520158652e-23, nan 
-10.375, -59.375, 4.1213680578504524e-23, nan 
-10.125, -59.375, 3.5077934233092435e-23, nan 
-9.875, -59.375, 1.717578051841028e-23, nan 
-9.625, -59.375, 8.10539064238066e-24, nan 
-9.375, -59.375, 6.576795955268067e-24, nan 
-9.125, -59.375, 2.3953463135043773e-23, nan 
-8.875, -59.375, 3.696372148694394e-23, nan 
-8.625, -59.375, 9.227146855348471e-23, nan 
-8.375, -59.375, 1.2510192599486167e-22, nan 
-8.125, -59.375, 1.580033654515207e-22, nan 
-7.875, -59.375, 1.2876759422993144e-22, nan 
-7.625, -59.375, 1.0544097387992739e-22, nan 
-7.375, -59.375, 2.930202257208136e-23, nan 
-7.125, -59.375, 2.593098612561033e-23, nan 
-6.875, -59.375, 1.3187448496977263e-23, nan 
-6.625, -59.375, 2.2570388344379545e-23, nan 
-6.375, -59.375, 2.380794746290088e-23, nan 
-6.125, -59.375, 1.6458851988766947e-23, nan 
-5.875, -59.375, 1.7726501395042304e-23, nan 
-5.625, -59.375, 1.424694125553432e-23, nan 
-5.375, -59.375, 3.410699485024619e-24, nan 
-5.125, -59.375, 1.6996363792006497e-23, nan 
-4.875, -59.375, 2.846091727760189e-23, nan 
-4.625, -59.375, 2.6766641500177886e-23, nan 
-4.375, -59.375, 1.4721241911740158e-23, nan 
-4.125, -59.375, 4.885541761967071e-24, nan 
-3.875, -59.375, 5.2861401378642435e-24, nan 
-3.625, -59.375, 1.0637285365751281e-23, nan 
-3.375, -59.375, 1.3351406215834733e-23, nan 
-3.125, -59.375, 1.0059307025095782e-23, nan 
-2.875, -59.375, 3.05132659104633e-23, nan 
-2.625, -59.375, 5.867236840112856e-23, nan 
-2.375, -59.375, 9.543089291235287e-23, nan 
-2.125, -59.375, 1.0041976678498721e-22, nan 
-1.875, -59.375, 7.54714350572233e-23, nan 
-1.625, -59.375, 3.6114773294803564e-23, nan 
-1.375, -59.375, 4.8587649346253314e-23, nan 
-1.125, -59.375, 4.794075700490627e-23, nan 
-0.875, -59.375, 4.946602321831442e-23, nan 
-0.625, -59.375, 4.049198077433595e-23, nan 
-0.375, -59.375, 4.813314502457882e-23, nan 
-0.125, -59.375, 4.2675167299316665e-23, nan 
0.125, -59.375, 2.5270719743160976e-23, nan 
0.375, -59.375, 3.378513410115429e-23, nan 
0.625, -59.375, 3.372214804111282e-23, nan 
0.875, -59.375, 2.4714874716286104e-23, nan 
1.125, -59.375, 1.5307994482400787e-23, nan 
1.375, -59.375, 4.252173436963864e-23, nan 
1.625, -59.375, 5.668939934885423e-23, nan 
1.875, -59.375, 3.4061481876576123e-23, nan 
2.125, -59.375, 5.291976228393586e-23, nan 
2.375, -59.375, 5.092851819779265e-23, nan 
2.625, -59.375, 2.4084560427543744e-23, nan 
-16.625, -59.125, 8.035624198032337e-23, nan 
-16.375, -59.125, 4.827302680497525e-23, nan 
-16.125, -59.125, 6.138293072289946e-23, nan 
-15.875, -59.125, 6.896528773874909e-23, nan 
-15.625, -59.125, 7.68099497023276e-23, nan 
-15.375, -59.125, 5.937920884547343e-23, nan 
-15.125, -59.125, 4.608066381363661e-23, nan 
-14.875, -59.125, 2.7545853219383464e-23, nan 
-14.625, -59.125, 2.1992183178177436e-23, nan 
-14.375, -59.125, 2.621233877991048e-23, nan 
-14.125, -59.125, 2.2480377967408418e-23, nan 
-13.875, -59.125, 3.780919003379776e-23, nan 
-13.625, -59.125, 5.505230835654475e-23, nan 
-13.375, -59.125, 5.263182593514118e-23, nan 
-13.125, -59.125, 4.9251407221577185e-23, nan 
-12.875, -59.125, 6.281365078282133e-23, nan 
-12.625, -59.125, 4.2285861585815745e-23, nan 
-12.375, -59.125, 6.35056107499055e-23, nan 
-12.125, -59.125, 6.880620062037341e-23, nan 
-11.875, -59.125, 8.277059621858979e-23, nan 
-11.625, -59.125, 6.144291924813238e-23, nan 
-11.375, -59.125, 2.008837054853116e-23, nan 
-11.125, -59.125, 8.493477730372267e-24, nan 
-10.875, -59.125, 6.810033648702787e-24, nan 
-10.625, -59.125, 2.3005801684798945e-23, nan 
-10.375, -59.125, 6.537016918176182e-23, nan 
-10.125, -59.125, 6.138812946316397e-23, nan 
-9.875, -59.125, 1.07199373755564e-23, nan 
-9.625, -59.125, 1.699062026701916e-23, nan 
-9.375, -59.125, 1.9795408209327072e-23, nan 
-9.125, -59.125, 3.057754894950869e-23, nan 
-8.875, -59.125, 3.399881013989315e-23, nan 
-8.625, -59.125, 2.531092852242835e-23, nan 
-8.375, -59.125, 3.9073221974685044e-23, nan 
-8.125, -59.125, 3.9700833330904104e-23, nan 
-7.875, -59.125, 2.9821688502664143e-23, nan 
-7.625, -59.125, 2.946208548728055e-23, nan 
-7.375, -59.125, 1.5082550284770617e-23, nan 
-7.125, -59.125, 9.522736388671674e-24, nan 
-6.875, -59.125, 6.559056433722406e-24, nan 
-6.625, -59.125, 1.731858791627965e-23, nan 
-6.375, -59.125, 1.6633451530424544e-23, nan 
-6.125, -59.125, 2.175285997038708e-23, nan 
-5.875, -59.125, 2.4535811296323253e-23, nan 
-5.625, -59.125, 2.459536243110827e-23, nan 
-5.375, -59.125, 2.3095481663064778e-23, nan 
-5.125, -59.125, 5.2659229223769146e-23, nan 
-4.875, -59.125, 5.69627019141837e-23, nan 
-4.625, -59.125, 9.664487357915017e-24, nan 
-4.375, -59.125, 7.148437983314138e-24, nan 
-4.125, -59.125, 9.053667111266478e-24, nan 
-3.875, -59.125, 6.289816661989694e-24, nan 
-3.625, -59.125, 5.3566535806043544e-24, nan 
-3.375, -59.125, 4.496840177345275e-24, nan 
-3.125, -59.125, 5.8081546360735925e-24, nan 
-2.875, -59.125, 1.8542278992766117e-23, nan 
-2.625, -59.125, 2.2663606027836437e-23, nan 
-2.375, -59.125, 4.3791615614851376e-23, nan 
-2.125, -59.125, 9.297957530910246e-23, nan 
-1.875, -59.125, 8.295495290243276e-23, nan 
-1.625, -59.125, 3.6844458429827866e-23, nan 
-1.375, -59.125, 2.421492490249049e-23, nan 
-1.125, -59.125, 2.8228999930280966e-23, nan 
-0.875, -59.125, 4.120319630927635e-23, nan 
-0.625, -59.125, 3.270736130129048e-23, nan 
-0.375, -59.125, 5.1903825200189736e-23, nan 
-0.125, -59.125, 7.440128709977169e-23, nan 
0.125, -59.125, 6.285601842472581e-23, nan 
0.375, -59.125, 3.501510203086231e-23, nan 
0.625, -59.125, 3.532310517478391e-23, nan 
0.875, -59.125, 2.1275660224751588e-23, nan 
1.125, -59.125, 6.28950734561041e-23, nan 
1.375, -59.125, 8.472874181551201e-23, nan 
1.625, -59.125, 7.836455179912357e-23, nan 
1.875, -59.125, 6.149488303307776e-23, nan 
2.125, -59.125, 5.75403853184425e-23, nan 
2.375, -59.125, 3.7670898644537503e-23, nan 
-16.375, -58.875, 5.303239890813445e-23, nan 
-16.125, -58.875, 3.153971966129793e-23, nan 
-15.875, -58.875, 1.0248553704404805e-23, nan 
-15.625, -58.875, 3.088648494231607e-23, nan 
-15.375, -58.875, 3.456049827007078e-23, nan 
-15.125, -58.875, 3.848998423632042e-23, nan 
-14.875, -58.875, 1.675138003830892e-23, nan 
-14.625, -58.875, 1.4960950168570006e-23, nan 
-14.375, -58.875, 1.0718534003135503e-23, nan 
-14.125, -58.875, 4.12655513525162e-24, nan 
-13.875, -58.875, 1.8977196063588147e-23, nan 
-13.625, -58.875, 2.8657846641515184e-23, nan 
-13.375, -58.875, 4.7421245289352823e-23, nan 
-13.125, -58.875, 4.6648327214096064e-23, nan 
-12.875, -58.875, 4.1836383687579265e-23, nan 
-12.625, -58.875, 3.109956533174262e-23, nan 
-12.375, -58.875, 2.2610774965061386e-23, nan 
-12.125, -58.875, 3.6770208564515966e-23, nan 
-11.875, -58.875, 5.1946075361575455e-23, nan 
-11.625, -58.875, 4.626725283896532e-23, nan 
-11.375, -58.875, 4.623199904064388e-23, nan 
-11.125, -58.875, 2.762224084736238e-23, nan 
-10.875, -58.875, 3.2518950252253206e-23, nan 
-10.625, -58.875, 3.950262613969215e-23, nan 
-10.375, -58.875, 4.0022765777024454e-23, nan 
-10.125, -58.875, 3.23496864953019e-23, nan 
-9.875, -58.875, 1.8701086427405877e-23, nan 
-9.625, -58.875, 1.4737645743439283e-23, nan 
-9.375, -58.875, 1.3656075830383146e-23, nan 
-9.125, -58.875, 2.913482282684207e-23, nan 
-8.875, -58.875, 3.040358090237672e-23, nan 
-8.625, -58.875, 1.1785204413719797e-23, nan 
-8.375, -58.875, 2.0178423476760737e-23, nan 
-8.125, -58.875, 3.909767644108781e-23, nan 
-7.875, -58.875, 3.54534638501432e-23, nan 
-7.625, -58.875, 1.7616972055359527e-23, nan 
-7.375, -58.875, 1.3248210518363348e-23, nan 
-7.125, -58.875, 1.3330313812544942e-23, nan 
-6.875, -58.875, 1.1214475092569283e-23, nan 
-6.625, -58.875, 1.2552713379483562e-23, nan 
-6.375, -58.875, 1.394437221002584e-23, nan 
-6.125, -58.875, 1.9693022379837338e-23, nan 
-5.875, -58.875, 3.177796382985308e-23, nan 
-5.625, -58.875, 6.528039397029491e-23, nan 
-5.375, -58.875, 6.022534856882345e-23, nan 
-5.125, -58.875, 4.227076035332825e-23, nan 
-4.875, -58.875, 6.620484104387996e-23, nan 
-4.625, -58.875, 5.63230213804431e-23, nan 
-4.375, -58.875, 9.105595714836217e-24, nan 
-4.125, -58.875, 8.497807735943585e-24, nan 
-3.875, -58.875, 9.860887126451163e-24, nan 
-3.625, -58.875, 4.6686211476626656e-24, nan 
-3.375, -58.875, 4.695198816365875e-24, nan 
-3.125, -58.875, 6.916915847832978e-24, nan 
-2.875, -58.875, 1.042086797140727e-23, nan 
-2.625, -58.875, 3.538827714940071e-23, nan 
-2.375, -58.875, 8.798821136663718e-23, nan 
-2.125, -58.875, 9.402984371626238e-23, nan 
-1.875, -58.875, 5.1736100799839416e-23, nan 
-1.625, -58.875, 3.288364500586842e-23, nan 
-1.375, -58.875, 2.34191910080479e-23, nan 
-1.125, -58.875, 1.9790429354268294e-23, nan 
-0.875, -58.875, 1.8070554405000236e-23, nan 
-0.625, -58.875, 2.805297546172571e-23, nan 
-0.375, -58.875, 3.24830659603348e-23, nan 
-0.125, -58.875, 2.5927247486157113e-23, nan 
0.125, -58.875, 6.995803171400778e-23, nan 
0.375, -58.875, 6.76907002832941e-23, nan 
0.625, -58.875, 1.8834132491225128e-23, nan 
0.875, -58.875, 1.284012736383103e-23, nan 
1.125, -58.875, 3.750454207547006e-23, nan 
1.375, -58.875, 3.720587073986207e-23, nan 
1.625, -58.875, 3.768987651302518e-23, nan 
1.875, -58.875, 3.0800459223713087e-23, nan 
2.125, -58.875, 3.896793792420197e-23, nan 
2.375, -58.875, 3.4314435210360036e-23, nan 
-16.125, -58.625, 3.259200028310467e-23, nan 
-15.875, -58.625, 6.099757890809363e-23, nan 
-15.625, -58.625, 6.137851836400794e-23, nan 
-15.375, -58.625, 3.5348927339039177e-23, nan 
-15.125, -58.625, 6.506810721479584e-23, nan 
-14.875, -58.625, 5.864480837843252e-23, nan 
-14.625, -58.625, 2.8185903125053843e-23, nan 
-14.375, -58.625, 1.6804094838756698e-23, nan 
-14.125, -58.625, 1.0363921122908595e-23, nan 
-13.875, -58.625, 8.455531192030815e-24, nan 
-13.625, -58.625, 1.7609084794410053e-23, nan 
-13.375, -58.625, 4.517041610213312e-23, nan 
-13.125, -58.625, 7.004780227244046e-23, nan 
-12.875, -58.625, 6.987219589028441e-23, nan 
-12.625, -58.625, 2.7078079180000686e-23, nan 
-12.375, -58.625, 2.8488860520311554e-23, nan 
-12.125, -58.625, 2.3421639067123915e-23, nan 
-11.875, -58.625, 4.6569735403920623e-23, nan 
-11.625, -58.625, 5.197368048022054e-23, nan 
-11.375, -58.625, 2.8421865643511426e-23, nan 
-11.125, -58.625, 9.995857334767359e-24, nan 
-10.875, -58.625, 3.383317111431662e-23, nan 
-10.625, -58.625, 3.566953097374972e-23, nan 
-10.375, -58.625, 2.979595668580556e-23, nan 
-10.125, -58.625, 3.690984954076856e-23, nan 
-9.875, -58.625, 3.0408345290751373e-23, nan 
-9.625, -58.625, 6.094293451915209e-24, nan 
-9.375, -58.625, 1.1996527226453345e-23, nan 
-9.125, -58.625, 3.0150554402436354e-23, nan 
-8.875, -58.625, 2.92709220996611e-23, nan 
-8.625, -58.625, 5.8985240478292404e-24, nan 
-8.375, -58.625, 3.878161527252122e-24, nan 
-8.125, -58.625, 2.223874981650628e-23, nan 
-7.875, -58.625, 3.151153053650913e-23, nan 
-7.625, -58.625, 2.2234211879350827e-23, nan 
-7.375, -58.625, 1.7407303964184145e-23, nan 
-7.125, -58.625, 1.7028688985784936e-23, nan 
-6.875, -58.625, 1.7175124015481924e-23, nan 
-6.625, -58.625, 2.947976255124259e-23, nan 
-6.375, -58.625, 3.2250253810687695e-23, nan 
-6.125, -58.625, 4.787754431536592e-23, nan 
-5.875, -58.625, 5.0326581935190086e-23, nan 
-5.625, -58.625, 4.373148732331709e-23, nan 
-5.375, -58.625, 3.515639681170225e-23, nan 
-5.125, -58.625, 1.645351699563841e-23, nan 
-4.875, -58.625, 4.9020324566487173e-23, nan 
-4.625, -58.625, 7.17331106842292e-23, nan 
-4.375, -58.625, 8.374040846523979e-23, nan 
-4.125, -58.625, 6.33873577442246e-23, nan 
-3.875, -58.625, 4.60297224924649e-23, nan 
-3.625, -58.625, 4.357439746215201e-23, nan 
-3.375, -58.625, 6.771240527437742e-24, nan 
-3.125, -58.625, 1.5977352785412813e-23, nan 
-2.875, -58.625, 2.229292315889076e-23, nan 
-2.625, -58.625, 6.621836541571166e-23, nan 
-2.375, -58.625, 7.612149453681264e-23, nan 
-2.125, -58.625, 7.294077927592199e-23, nan 
-1.875, -58.625, 6.167355030572289e-23, nan 
-1.625, -58.625, 3.626343415318622e-23, nan 
-1.375, -58.625, 9.915035864263487e-24, nan 
-1.125, -58.625, 9.568180683044313e-24, nan 
-0.875, -58.625, 1.461127917898095e-23, nan 
-0.625, -58.625, 2.428819782933604e-23, nan 
-0.375, -58.625, 4.293062283558006e-23, nan 
-0.125, -58.625, 5.060740890644076e-23, nan 
0.125, -58.625, 3.893121366618124e-23, nan 
0.375, -58.625, 1.821477563206058e-23, nan 
0.625, -58.625, 2.3316663908774686e-23, nan 
0.875, -58.625, 2.0396430019535494e-23, nan 
1.125, -58.625, 4.1129928279553725e-23, nan 
1.375, -58.625, 5.329876419765785e-23, nan 
1.625, -58.625, 5.488095677847149e-23, nan 
1.875, -58.625, 4.832929777273167e-23, nan 
2.125, -58.625, 4.099541213833099e-23, nan 
2.375, -58.625, 3.972994018002239e-23, nan 
-15.875, -58.375, 3.867471163259103e-23, nan 
-15.625, -58.375, 1.7527309375047808e-23, nan 
-15.375, -58.375, 1.5817772604576086e-23, nan 
-15.125, -58.375, 1.4917116689261152e-23, nan 
-14.875, -58.375, 2.257621797212818e-23, nan 
-14.625, -58.375, 2.9313043518998445e-23, nan 
-14.375, -58.375, 2.892073870826451e-23, nan 
-14.125, -58.375, 2.3862526823354544e-23, nan 
-13.875, -58.375, 1.0148393488619662e-23, nan 
-13.625, -58.375, 1.5897018264273472e-23, nan 
-13.375, -58.375, 1.9432925084130557e-23, nan 
-13.125, -58.375, 2.6459847866556045e-23, nan 
-12.875, -58.375, 9.277751474958443e-23, nan 
-12.625, -58.375, 8.58579912323097e-23, nan 
-12.375, -58.375, 2.6116794359607593e-23, nan 
-12.125, -58.375, 2.677226751013478e-23, nan 
-11.875, -58.375, 3.6518369914014153e-23, nan 
-11.625, -58.375, 2.4370626796600357e-23, nan 
-11.375, -58.375, 1.193013057099646e-23, nan 
-11.125, -58.375, 1.1119376865126683e-23, nan 
-10.875, -58.375, 2.188547278528409e-23, nan 
-10.625, -58.375, 3.682887162461261e-23, nan 
-10.375, -58.375, 3.816316475221187e-23, nan 
-10.125, -58.375, 2.338309790449347e-23, nan 
-9.875, -58.375, 1.5474578328131016e-23, nan 
-9.625, -58.375, 7.535720107450693e-24, nan 
-9.375, -58.375, 7.683831447115225e-24, nan 
-9.125, -58.375, 1.3135009544206782e-23, nan 
-8.875, -58.375, 2.114724014377115e-23, nan 
-8.625, -58.375, 1.6766725783264853e-23, nan 
-8.375, -58.375, 1.3106184197613527e-23, nan 
-8.125, -58.375, 1.170692918054661e-23, nan 
-7.875, -58.375, 2.1447126244792472e-23, nan 
-7.625, -58.375, 2.2500822651953263e-23, nan 
-7.375, -58.375, 1.585667331088021e-23, nan 
-7.125, -58.375, 1.1669606847950045e-23, nan 
-6.875, -58.375, 2.531411040096703e-23, nan 
-6.625, -58.375, 2.6654198965074843e-23, nan 
-6.375, -58.375, 2.1895673489743195e-23, nan 
-6.125, -58.375, 1.5722162072788216e-23, nan 
-5.875, -58.375, 2.04885194467841e-23, nan 
-5.625, -58.375, 1.564330072147523e-23, nan 
-5.375, -58.375, 1.1419603097215351e-23, nan 
-5.125, -58.375, 1.0677704046589711e-23, nan 
-4.875, -58.375, 3.762831704473709e-23, nan 
-4.625, -58.375, 5.519701220653216e-23, nan 
-4.375, -58.375, 7.901613898243229e-23, nan 
-4.125, -58.375, 7.210881198890951e-23, nan 
-3.875, -58.375, 6.10576579528893e-23, nan 
-3.625, -58.375, 8.924540361544921e-23, nan 
-3.375, -58.375, 1.0620986427831304e-22, nan 
-3.125, -58.375, 1.1519896096081252e-22, nan 
-2.875, -58.375, 1.129974764423009e-22, nan 
-2.625, -58.375, 8.726989694696979e-23, nan 
-2.375, -58.375, 4.655242250051219e-23, nan 
-2.125, -58.375, 3.7429561319341953e-23, nan 
-1.875, -58.375, 2.4183642390094324e-23, nan 
-1.625, -58.375, 2.0156717450792853e-23, nan 
-1.375, -58.375, 2.236213756325001e-23, nan 
-1.125, -58.375, 2.024245953129357e-23, nan 
-0.875, -58.375, 8.156246025754894e-24, nan 
-0.625, -58.375, 1.9266447364101196e-23, nan 
-0.375, -58.375, 3.312145251119878e-23, nan 
-0.125, -58.375, 4.058679966782039e-23, nan 
0.125, -58.375, 5.152670445817699e-23, nan 
0.375, -58.375, 4.334521611719136e-23, nan 
0.625, -58.375, 4.0259928270006285e-23, nan 
0.875, -58.375, 3.744960685674872e-23, nan 
1.125, -58.375, 3.664237522472566e-23, nan 
1.375, -58.375, 4.460750479178906e-23, nan 
1.625, -58.375, 4.408261302974507e-23, nan 
1.875, -58.375, 3.822620064366192e-23, nan 
2.125, -58.375, 4.728496852890098e-23, nan 
-15.625, -58.125, 2.4277913306347023e-23, nan 
-15.375, -58.125, 7.3703910401299e-24, nan 
-15.125, -58.125, 8.528722193324835e-24, nan 
-14.875, -58.125, 1.7207937596445545e-23, nan 
-14.625, -58.125, 1.603906049617208e-23, nan 
-14.375, -58.125, 1.1565577423439281e-23, nan 
-14.125, -58.125, 2.0367011640656406e-23, nan 
-13.875, -58.125, 2.033887740245558e-23, nan 
-13.625, -58.125, 6.212450838358961e-24, nan 
-13.375, -58.125, 9.511835794730204e-24, nan 
-13.125, -58.125, 1.9499068086060972e-23, nan 
-12.875, -58.125, 6.020992252984292e-23, nan 
-12.625, -58.125, 6.932635273899924e-23, nan 
-12.375, -58.125, 3.3651063359578743e-23, nan 
-12.125, -58.125, 2.5350220333528467e-23, nan 
-11.875, -58.125, 2.185165325536015e-23, nan 
-11.625, -58.125, 3.140763430749751e-23, nan 
-11.375, -58.125, 3.087091811380305e-23, nan 
-11.125, -58.125, 1.8186604453875207e-23, nan 
-10.875, -58.125, 1.766200563843121e-23, nan 
-10.625, -58.125, 2.5223895560529015e-23, nan 
-10.375, -58.125, 3.3421585861981e-23, nan 
-10.125, -58.125, 2.485246329225485e-23, nan 
-9.875, -58.125, 1.42406303573346e-23, nan 
-9.625, -58.125, 1.199730353584089e-23, nan 
-9.375, -58.125, 7.350547802987785e-24, nan 
-9.125, -58.125, 5.501441755597492e-24, nan 
-8.875, -58.125, 1.3085867669967759e-23, nan 
-8.625, -58.125, 1.5801359884617315e-23, nan 
-8.375, -58.125, 1.2182091138804538e-23, nan 
-8.125, -58.125, 7.9187533112037e-24, nan 
-7.875, -58.125, 6.152719384463324e-24, nan 
-7.625, -58.125, 1.2194746637218154e-23, nan 
-7.375, -58.125, 1.2704586746696703e-23, nan 
-7.125, -58.125, 1.2265896803875781e-23, nan 
-6.875, -58.125, 1.684573361465634e-23, nan 
-6.625, -58.125, 1.9346015285723808e-23, nan 
-6.375, -58.125, 2.629308306218592e-23, nan 
-6.125, -58.125, 2.6900339939330145e-23, nan 
-5.875, -58.125, 1.3897094548294416e-23, nan 
-5.625, -58.125, 2.6440877379864933e-23, nan 
-5.375, -58.125, 4.571640666048816e-23, nan 
-5.125, -58.125, 2.9583478400170607e-23, nan 
-4.875, -58.125, 3.471202028152628e-23, nan 
-4.625, -58.125, 3.558754141757144e-23, nan 
-4.375, -58.125, 2.6492554150462096e-23, nan 
-4.125, -58.125, 2.373171777806482e-23, nan 
-3.875, -58.125, 3.0654318264125427e-23, nan 
-3.625, -58.125, 3.3881627512548617e-23, nan 
-3.375, -58.125, 7.524333426262066e-23, nan 
-3.125, -58.125, 9.212918222556848e-23, nan 
-2.875, -58.125, 6.704815348827121e-23, nan 
-2.625, -58.125, 5.075894019775464e-23, nan 
-2.375, -58.125, 3.7194925453654206e-23, nan 
-2.125, -58.125, 2.2649454646097412e-23, nan 
-1.875, -58.125, 1.8992439621265584e-23, nan 
-1.625, -58.125, 1.5077327359096267e-23, nan 
-1.375, -58.125, 5.158545610250971e-23, nan 
-1.125, -58.125, 6.881090019917792e-24, nan 
-0.875, -58.125, 1.365520602829326e-23, nan 
-0.625, -58.125, 2.1733143242703853e-23, nan 
-0.375, -58.125, 2.5573609653853357e-23, nan 
-0.125, -58.125, 4.684857714354242e-23, nan 
0.125, -58.125, 4.477311349113305e-23, nan 
0.375, -58.125, 8.788473258537653e-23, nan 
0.625, -58.125, 9.204993770774525e-23, nan 
0.875, -58.125, 3.4973092209694005e-23, nan 
1.125, -58.125, 3.0554068723685255e-23, nan 
1.375, -58.125, 2.064482507834185e-23, nan 
1.625, -58.125, 2.0116183223154035e-23, nan 
1.875, -58.125, 1.4920580350063705e-23, nan 
2.125, -58.125, 2.6700743586925954e-23, nan 
-15.375, -57.875, 3.351274796117975e-23, nan 
-15.125, -57.875, 3.3193873330181275e-23, nan 
-14.875, -57.875, 2.8265419944078905e-23, nan 
-14.625, -57.875, 1.1390709273183778e-23, nan 
-14.375, -57.875, 8.163224723242855e-24, nan 
-14.125, -57.875, 8.848932504116214e-24, nan 
-13.875, -57.875, 1.9334555227669915e-23, nan 
-13.625, -57.875, 1.620797420152208e-23, nan 
-13.375, -57.875, 7.058203772092876e-24, nan 
-13.125, -57.875, 5.0631113650149256e-24, nan 
-12.875, -57.875, 2.3056954804642488e-23, nan 
-12.625, -57.875, 4.17464708945385e-23, nan 
-12.375, -57.875, 3.606407268300106e-23, nan 
-12.125, -57.875, 2.0938658235038234e-23, nan 
-11.875, -57.875, 1.7878546795272534e-23, nan 
-11.625, -57.875, 4.08750742013776e-23, nan 
-11.375, -57.875, 3.9838683226700205e-23, nan 
-11.125, -57.875, 1.983906790925166e-23, nan 
-10.875, -57.875, 1.3076252210011423e-23, nan 
-10.625, -57.875, 1.3493344573852986e-23, nan 
-10.375, -57.875, 2.261433062741924e-23, nan 
-10.125, -57.875, 2.8359091181704944e-23, nan 
-9.875, -57.875, 2.2557054579807268e-23, nan 
-9.625, -57.875, 5.872287321287872e-24, nan 
-9.375, -57.875, 5.8716118134624454e-24, nan 
-9.125, -57.875, 1.0257677262783812e-23, nan 
-8.875, -57.875, 9.81083171579009e-24, nan 
-8.625, -57.875, 1.4327594761583073e-23, nan 
-8.375, -57.875, 1.382893260811919e-23, nan 
-8.125, -57.875, 7.828809793391324e-24, nan 
-7.875, -57.875, 7.422714197938976e-24, nan 
-7.625, -57.875, 1.9481805004319955e-23, nan 
-7.375, -57.875, 1.9601801737050926e-23, nan 
-7.125, -57.875, 1.3717546171659527e-23, nan 
-6.875, -57.875, 1.9390004875428554e-23, nan 
-6.625, -57.875, 1.6631326901897436e-23, nan 
-6.375, -57.875, 1.38761537625277e-23, nan 
-6.125, -57.875, 2.3980078217805044e-23, nan 
-5.875, -57.875, 2.239892158625286e-23, nan 
-5.625, -57.875, 2.0903887241689486e-23, nan 
-5.375, -57.875, 3.84477013723647e-23, nan 
-5.125, -57.875, 2.2246646523952195e-23, nan 
-4.875, -57.875, 1.8284133116900632e-23, nan 
-4.625, -57.875, 2.0250274518487274e-23, nan 
-4.375, -57.875, 2.233834352333121e-23, nan 
-4.125, -57.875, 2.3331736447248825e-23, nan 
-3.875, -57.875, 2.8725593708325173e-23, nan 
-3.625, -57.875, 3.903708270195827e-23, nan 
-3.375, -57.875, 5.133278703707996e-23, nan 
-3.125, -57.875, 5.654586806220268e-23, nan 
-2.875, -57.875, 5.2520185190446664e-23, nan 
-2.625, -57.875, 5.80028866726829e-23, nan 
-2.375, -57.875, 6.333242188899665e-23, nan 
-2.125, -57.875, 3.727105841082925e-23, nan 
-1.875, -57.875, 2.5449058502000833e-23, nan 
-1.625, -57.875, 8.540443289981583e-23, nan 
-1.375, -57.875, 1.3588594102747136e-22, nan 
-1.125, -57.875, 1.0562784909744759e-22, nan 
-0.875, -57.875, 8.332192819298088e-23, nan 
-0.625, -57.875, 7.430521472248051e-23, nan 
-0.375, -57.875, 6.6939645770163e-23, nan 
-0.125, -57.875, 4.503250577590389e-23, nan 
0.125, -57.875, 5.439600765275078e-23, nan 
0.375, -57.875, 7.549334576131136e-23, nan 
0.625, -57.875, 5.687478246959985e-23, nan 
0.875, -57.875, 7.731393215976608e-24, nan 
1.125, -57.875, 1.4526182782490873e-23, nan 
1.375, -57.875, 1.338378010235404e-23, nan 
1.625, -57.875, 2.3125721382855483e-23, nan 
1.875, -57.875, 3.7895450595321404e-23, nan 
-15.125, -57.625, 2.2794881642893158e-23, nan 
-14.875, -57.625, 1.2165745968399922e-23, nan 
-14.625, -57.625, 1.632452677565605e-23, nan 
-14.375, -57.625, 1.7545234321419967e-23, nan 
-14.125, -57.625, 1.5429829078378266e-23, nan 
-13.875, -57.625, 1.380861160013622e-23, nan 
-13.625, -57.625, 8.232737283399022e-24, nan 
-13.375, -57.625, 9.256147812167779e-24, nan 
-13.125, -57.625, 8.119050230249357e-24, nan 
-12.875, -57.625, 6.64213608287963e-24, nan 
-12.625, -57.625, 2.3482044976941948e-23, nan 
-12.375, -57.625, 2.7608837445112826e-23, nan 
-12.125, -57.625, 1.8238731203943412e-23, nan 
-11.875, -57.625, 1.92453543259335e-23, nan 
-11.625, -57.625, 2.3697942382678723e-23, nan 
-11.375, -57.625, 2.9547669535834274e-23, nan 
-11.125, -57.625, 2.7255528580580627e-23, nan 
-10.875, -57.625, 6.613704286322355e-24, nan 
-10.625, -57.625, 1.452605675005704e-23, nan 
-10.375, -57.625, 2.5261004479834037e-23, nan 
-10.125, -57.625, 3.181523044921224e-23, nan 
-9.875, -57.625, 2.701352818722292e-23, nan 
-9.625, -57.625, 2.5248821878999777e-23, nan 
-9.375, -57.625, 1.822553112498661e-23, nan 
-9.125, -57.625, 1.3626585131967422e-23, nan 
-8.875, -57.625, 1.0869500417578006e-23, nan 
-8.625, -57.625, 1.510091277506813e-23, nan 
-8.375, -57.625, 1.1412368483380695e-23, nan 
-8.125, -57.625, 1.1528574369670259e-23, nan 
-7.875, -57.625, 1.2548246836514935e-23, nan 
-7.625, -57.625, 1.3595561506797973e-23, nan 
-7.375, -57.625, 1.1716905571517444e-23, nan 
-7.125, -57.625, 1.1776108424885653e-23, nan 
-6.875, -57.625, 1.640790661446923e-23, nan 
-6.625, -57.625, 1.2408997805784895e-23, nan 
-6.375, -57.625, 9.676411360431268e-24, nan 
-6.125, -57.625, 2.5164029968806218e-23, nan 
-5.875, -57.625, 3.0097705464403663e-23, nan 
-5.625, -57.625, 1.8416111320301678e-23, nan 
-5.375, -57.625, 1.8019706849153053e-23, nan 
-5.125, -57.625, 1.4279846441267098e-23, nan 
-4.875, -57.625, 1.0247111340535494e-23, nan 
-4.625, -57.625, 5.4158221125511096e-24, nan 
-4.375, -57.625, 9.602676187360608e-24, nan 
-4.125, -57.625, 1.490178062670025e-23, nan 
-3.875, -57.625, 1.8783274587029153e-23, nan 
-3.625, -57.625, 3.132805188701572e-23, nan 
-3.375, -57.625, 6.4577862678967e-23, nan 
-3.125, -57.625, 6.720028554989433e-23, nan 
-2.875, -57.625, 4.070213996263873e-23, nan 
-2.625, -57.625, 3.7713145396228195e-23, nan 
-2.375, -57.625, 9.193002515670358e-23, nan 
-2.125, -57.625, 8.686370917852696e-23, nan 
-1.875, -57.625, 3.082793314370249e-23, nan 
-1.625, -57.625, 4.766233723916457e-23, nan 
-1.375, -57.625, 7.60564429031803e-23, nan 
-1.125, -57.625, 9.135798614383999e-23, nan 
-0.875, -57.625, 1.0035978992571009e-22, nan 
-0.625, -57.625, 7.467626765037756e-23, nan 
-0.375, -57.625, 7.192416535600026e-23, nan 
-0.125, -57.625, 6.052884815847459e-23, nan 
0.125, -57.625, 3.7772994981389103e-23, nan 
0.375, -57.625, 3.9192077568182755e-23, nan 
0.625, -57.625, 3.613148912360154e-23, nan 
0.875, -57.625, 2.3768216652381382e-23, nan 
1.125, -57.625, 2.049795108117078e-23, nan 
1.375, -57.625, 2.18506001411007e-23, nan 
1.625, -57.625, 3.7667141924816275e-23, nan 
1.875, -57.625, 5.0396939829288496e-23, nan 
-14.875, -57.375, 9.202245841681396e-24, nan 
-14.625, -57.375, 7.871658971195519e-24, nan 
-14.375, -57.375, 1.2962886801138189e-23, nan 
-14.125, -57.375, 1.5005320759344594e-23, nan 
-13.875, -57.375, 1.214153090691889e-23, nan 
-13.625, -57.375, 9.629474336312153e-24, nan 
-13.375, -57.375, 6.520432653172898e-24, nan 
-13.125, -57.375, 3.908021353281724e-24, nan 
-12.875, -57.375, 7.59835175013385e-24, nan 
-12.625, -57.375, 9.19191872033775e-24, nan 
-12.375, -57.375, 1.388352533805335e-23, nan 
-12.125, -57.375, 1.7316530261863153e-23, nan 
-11.875, -57.375, 1.9938075348601184e-23, nan 
-11.625, -57.375, 2.397720909774869e-23, nan 
-11.375, -57.375, 1.831089708814997e-23, nan 
-11.125, -57.375, 1.314491997551558e-23, nan 
-10.875, -57.375, 1.0283277369356145e-23, nan 
-10.625, -57.375, 1.2227158642675716e-23, nan 
-10.375, -57.375, 1.9293510262915338e-23, nan 
-10.125, -57.375, 3.1984096100304356e-23, nan 
-9.875, -57.375, 3.5184962501362285e-23, nan 
-9.625, -57.375, 2.5697805360658315e-23, nan 
-9.375, -57.375, 2.073602090709009e-23, nan 
-9.125, -57.375, 1.3092409946671097e-23, nan 
-8.875, -57.375, 1.3988017473577872e-23, nan 
-8.625, -57.375, 1.176749324219593e-23, nan 
-8.375, -57.375, 8.454550343051705e-24, nan 
-8.125, -57.375, 1.6184393299027616e-23, nan 
-7.875, -57.375, 1.5016872793058205e-23, nan 
-7.625, -57.375, 2.775263270530781e-23, nan 
-7.375, -57.375, 3.049925292671591e-23, nan 
-7.125, -57.375, 1.7834661791688086e-23, nan 
-6.875, -57.375, 2.5050962458425057e-23, nan 
-6.625, -57.375, 1.4664558842983473e-23, nan 
-6.375, -57.375, 7.739161362921284e-24, nan 
-6.125, -57.375, 4.339588774210775e-24, nan 
-5.875, -57.375, 2.7729225075714e-23, nan 
-5.625, -57.375, 3.348863919520758e-23, nan 
-5.375, -57.375, 2.2436191174504634e-23, nan 
-5.125, -57.375, 1.0662467648267486e-23, nan 
-4.875, -57.375, 5.871076273325118e-24, nan 
-4.625, -57.375, 1.0048612435197335e-23, nan 
-4.375, -57.375, 1.2560727187945514e-23, nan 
-4.125, -57.375, 1.0074181505973984e-23, nan 
-3.875, -57.375, 1.6698432509195614e-23, nan 
-3.625, -57.375, 4.2547090156030254e-23, nan 
-3.375, -57.375, 6.030709771875473e-23, nan 
-3.125, -57.375, 5.675656614582293e-23, nan 
-2.875, -57.375, 2.2033032576448578e-23, nan 
-2.625, -57.375, 2.4526840124334643e-23, nan 
-2.375, -57.375, 7.418640606949298e-23, nan 
-2.125, -57.375, 6.916754588761649e-23, nan 
-1.875, -57.375, 4.5427049682465264e-23, nan 
-1.625, -57.375, 8.562424763782242e-23, nan 
-1.375, -57.375, 8.722285773299528e-23, nan 
-1.125, -57.375, 4.319632843087619e-23, nan 
-0.875, -57.375, 1.7723145957174875e-23, nan 
-0.625, -57.375, 1.759097650491247e-23, nan 
-0.375, -57.375, 2.1727322353989707e-23, nan 
-0.125, -57.375, 8.433306467688183e-23, nan 
0.125, -57.375, 7.825490442484046e-23, nan 
0.375, -57.375, 2.5487262207469155e-23, nan 
0.625, -57.375, 2.948114444114972e-23, nan 
0.875, -57.375, 2.1440805543111524e-23, nan 
1.125, -57.375, 1.1535308854773062e-23, nan 
1.375, -57.375, 3.040456549007065e-23, nan 
1.625, -57.375, 3.865047884314243e-23, nan 
1.875, -57.375, 3.16763194200886e-23, nan 
-14.375, -57.125, 1.6892359770215393e-23, nan 
-14.125, -57.125, 1.3188917506167594e-23, nan 
-13.875, -57.125, 7.338375123428819e-24, nan 
-13.625, -57.125, 1.346745855972046e-23, nan 
-13.375, -57.125, 1.3703695303026084e-23, nan 
-13.125, -57.125, 2.4577099170119477e-23, nan 
-12.875, -57.125, 2.2752497783619033e-23, nan 
-12.625, -57.125, 3.245490261626231e-23, nan 
-12.375, -57.125, 3.0740464914154733e-23, nan 
-12.125, -57.125, 1.9684647051249654e-23, nan 
-11.875, -57.125, 4.5290502942493875e-23, nan 
-11.625, -57.125, 7.044966616487965e-23, nan 
-11.375, -57.125, 5.258706445700742e-23, nan 
-11.125, -57.125, 5.773835064576181e-23, nan 
-10.875, -57.125, 6.178229042452882e-23, nan 
-10.625, -57.125, 5.327537218874768e-23, nan 
-10.375, -57.125, 2.1023304604850744e-23, nan 
-10.125, -57.125, 1.471311492176306e-23, nan 
-9.875, -57.125, 2.738499317733308e-23, nan 
-9.625, -57.125, 2.010408590873109e-23, nan 
-9.375, -57.125, 1.907952810101398e-23, nan 
-9.125, -57.125, 1.869725050802938e-23, nan 
-8.875, -57.125, 2.1019371974780238e-23, nan 
-8.625, -57.125, 1.8671863373496198e-23, nan 
-8.375, -57.125, 1.2821723325406819e-23, nan 
-8.125, -57.125, 1.0068025065329949e-23, nan 
-7.875, -57.125, 2.8497875990951614e-24, nan 
-7.625, -57.125, 6.884585162784009e-24, nan 
-7.375, -57.125, 2.2259963548320125e-23, nan 
-7.125, -57.125, 3.623659924673662e-23, nan 
-6.875, -57.125, 3.76275321684226e-23, nan 
-6.625, -57.125, 2.6503490510461827e-23, nan 
-6.375, -57.125, 2.7443004016568764e-23, nan 
-6.125, -57.125, 3.447969778772563e-23, nan 
-5.875, -57.125, 3.5476964788271263e-23, nan 
-5.625, -57.125, 2.3086335856707133e-23, nan 
-5.375, -57.125, 1.2264772105667313e-23, nan 
-5.125, -57.125, 1.2243501733070229e-23, nan 
-4.875, -57.125, 1.0359139993179232e-23, nan 
-4.625, -57.125, 9.096780603547014e-24, nan 
-4.375, -57.125, 2.767986338410579e-23, nan 
-4.125, -57.125, 2.8351668469348476e-23, nan 
-3.875, -57.125, 6.855798403648844e-24, nan 
-3.625, -57.125, 8.058378155039924e-24, nan 
-3.375, -57.125, 1.5691692482904494e-23, nan 
-3.125, -57.125, 4.219483223817695e-23, nan 
-2.875, -57.125, 3.389855690283921e-23, nan 
-2.625, -57.125, 4.332264822987922e-23, nan 
-2.375, -57.125, 5.285971285775443e-23, nan 
-2.125, -57.125, 1.9071204839665024e-23, nan 
-1.875, -57.125, 7.699924818639108e-24, nan 
-1.625, -57.125, 1.110137581234212e-22, nan 
-1.375, -57.125, 1.2242674611454755e-22, nan 
-1.125, -57.125, 3.3903257226879234e-23, nan 
-0.875, -57.125, 1.4093415728075487e-23, nan 
-0.625, -57.125, 6.583447952173258e-24, nan 
-0.375, -57.125, 5.243198021467925e-24, nan 
-0.125, -57.125, 6.236752303064448e-23, nan 
0.125, -57.125, 7.177259704460938e-23, nan 
0.375, -57.125, 4.795245493864791e-23, nan 
0.625, -57.125, 4.1785516764110834e-23, nan 
0.875, -57.125, 3.152476128472222e-23, nan 
1.125, -57.125, 1.6224252994727547e-23, nan 
1.375, -57.125, 1.361660082571863e-23, nan 
1.625, -57.125, 2.7535475922042975e-23, nan 
-14.125, -56.875, 1.5376752930599406e-23, nan 
-13.875, -56.875, 2.1420354009373842e-23, nan 
-13.625, -56.875, 2.0032565983879707e-23, nan 
-13.375, -56.875, 3.3647479474845817e-23, nan 
-13.125, -56.875, 4.5176420498590047e-23, nan 
-12.875, -56.875, 3.3143469972519286e-23, nan 
-12.625, -56.875, 9.357052595925822e-23, nan 
-12.375, -56.875, 8.468421388465081e-23, nan 
-12.125, -56.875, 1.9492298231542156e-23, nan 
-11.875, -56.875, 1.574186006829779e-22, nan 
-11.625, -56.875, 1.643087230398313e-22, nan 
-11.375, -56.875, 5.0025875896405136e-23, nan 
-11.125, -56.875, 5.408808238851067e-23, nan 
-10.875, -56.875, 6.060411062117889e-23, nan 
-10.625, -56.875, 8.846514430707875e-23, nan 
-10.375, -56.875, 8.59286108680632e-23, nan 
-10.125, -56.875, 4.1495945454516064e-23, nan 
-9.875, -56.875, 1.9460974858190464e-23, nan 
-9.625, -56.875, 9.438518146289647e-24, nan 
-9.375, -56.875, 8.567240329431738e-24, nan 
-9.125, -56.875, 1.2810248424862518e-23, nan 
-8.875, -56.875, 1.3656050849821494e-23, nan 
-8.625, -56.875, 1.5376607002944088e-23, nan 
-8.375, -56.875, 1.3178305915819282e-23, nan 
-8.125, -56.875, 9.774282616720493e-24, nan 
-7.875, -56.875, 1.3845044313470238e-23, nan 
-7.625, -56.875, 2.2794691726258235e-23, nan 
-7.375, -56.875, 2.3558605802890943e-23, nan 
-7.125, -56.875, 2.7782734680662627e-23, nan 
-6.875, -56.875, 2.1435622274024205e-23, nan 
-6.625, -56.875, 2.864792723564459e-23, nan 
-6.375, -56.875, 3.379173035752181e-23, nan 
-6.125, -56.875, 2.5452073994456313e-23, nan 
-5.875, -56.875, 1.1593559174543756e-23, nan 
-5.625, -56.875, 1.750376169848141e-23, nan 
-5.375, -56.875, 1.7828226788606699e-23, nan 
-5.125, -56.875, 1.29956948436588e-23, nan 
-4.875, -56.875, 5.862125919980565e-24, nan 
-4.625, -56.875, 1.2202559137879445e-23, nan 
-4.375, -56.875, 1.510452820890336e-23, nan 
-4.125, -56.875, 2.542015650740291e-23, nan 
-3.875, -56.875, 2.0888903804851254e-23, nan 
-3.625, -56.875, 1.3531086124857276e-23, nan 
-3.375, -56.875, 1.2060007071622558e-23, nan 
-3.125, -56.875, 1.3405500748416727e-23, nan 
-2.875, -56.875, 1.4652812164376824e-23, nan 
-2.625, -56.875, 1.682880709084654e-23, nan 
-2.375, -56.875, 2.2629144852617226e-23, nan 
-2.125, -56.875, 1.8605826952349398e-23, nan 
-1.875, -56.875, 8.935094218044019e-24, nan 
-1.625, -56.875, 1.1776300405186577e-23, nan 
-1.375, -56.875, 7.397258678938546e-23, nan 
-1.125, -56.875, 6.976738793792374e-23, nan 
-0.875, -56.875, 5.291532093494355e-23, nan 
-0.625, -56.875, 5.504881767517128e-23, nan 
-0.375, -56.875, 7.958730173423235e-23, nan 
-0.125, -56.875, 8.663663492075438e-23, nan 
0.125, -56.875, 6.354762066847405e-23, nan 
0.375, -56.875, 5.481576348821531e-23, nan 
0.625, -56.875, 6.588612273065556e-23, nan 
0.875, -56.875, 4.6705212727147263e-23, nan 
1.125, -56.875, 2.1048839761045998e-23, nan 
1.375, -56.875, 1.8469800125326432e-23, nan 
1.625, -56.875, 6.436283232837672e-24, nan 
-13.875, -56.625, 1.0371733037978905e-23, nan 
-13.625, -56.625, 6.202949073312485e-24, nan 
-13.375, -56.625, 7.434562592683046e-24, nan 
-13.125, -56.625, 2.3384227219458882e-23, nan 
-12.875, -56.625, 3.19107471695393e-23, nan 
-12.625, -56.625, 4.036096766803525e-23, nan 
-12.375, -56.625, 2.2893919167573683e-23, nan 
-12.125, -56.625, 2.553030135098261e-23, nan 
-11.875, -56.625, 8.983893337377191e-23, nan 
-11.625, -56.625, 1.0354470404401576e-22, nan 
-11.375, -56.625, 2.932088601149942e-23, nan 
-11.125, -56.625, 9.504165895670054e-24, nan 
-10.875, -56.625, 1.3432350002891758e-23, nan 
-10.625, -56.625, 2.843114887208395e-23, nan 
-10.375, -56.625, 1.0455585274538736e-22, nan 
-10.125, -56.625, 9.12068033160926e-23, nan 
-9.875, -56.625, 1.49267856401189e-23, nan 
-9.625, -56.625, 1.165425512393189e-23, nan 
-9.375, -56.625, 8.140356512062062e-24, nan 
-9.125, -56.625, 7.322416726719053e-24, nan 
-8.875, -56.625, 5.9181080892773044e-24, nan 
-8.625, -56.625, 5.829533576919665e-24, nan 
-8.375, -56.625, 6.634693003538491e-24, nan 
-8.125, -56.625, 1.2451538008004435e-23, nan 
-7.875, -56.625, 1.944386081027116e-23, nan 
-7.625, -56.625, 2.0432564684697424e-23, nan 
-7.375, -56.625, 5.504801482884063e-23, nan 
-7.125, -56.625, 6.66699536430018e-23, nan 
-6.875, -56.625, 5.720240754351523e-23, nan 
-6.625, -56.625, 1.2784878997454819e-23, nan 
-6.375, -56.625, 1.4560643109254303e-23, nan 
-6.125, -56.625, 1.421914368497887e-23, nan 
-5.875, -56.625, 6.442406934793124e-24, nan 
-5.625, -56.625, 2.2880987408717643e-23, nan 
-5.375, -56.625, 6.155070369345992e-23, nan 
-5.125, -56.625, 6.9252092022276e-23, nan 
-4.875, -56.625, 7.76970695289109e-23, nan 
-4.625, -56.625, 7.573506801198334e-23, nan 
-4.375, -56.625, 5.377727531572441e-23, nan 
-4.125, -56.625, 3.6533705115020946e-23, nan 
-3.875, -56.625, 2.94145321829217e-23, nan 
-3.625, -56.625, 1.4514947857563845e-23, nan 
-3.375, -56.625, 1.2643773349025732e-23, nan 
-3.125, -56.625, 2.755447715961017e-23, nan 
-2.875, -56.625, 2.8636016734051916e-23, nan 
-2.625, -56.625, 2.3289642097778155e-23, nan 
-2.375, -56.625, 2.3376376042766818e-23, nan 
-2.125, -56.625, 1.499461940471475e-23, nan 
-1.875, -56.625, 2.2059804292250744e-23, nan 
-1.625, -56.625, 2.3316776778881376e-23, nan 
-1.375, -56.625, 1.6586740331780175e-23, nan 
-1.125, -56.625, 1.1482267544655171e-23, nan 
-0.875, -56.625, 4.190278418274247e-23, nan 
-0.625, -56.625, 6.139815909307856e-23, nan 
-0.375, -56.625, 6.193833108736221e-23, nan 
-0.125, -56.625, 2.912789923561119e-23, nan 
0.125, -56.625, 1.251421863987065e-23, nan 
0.375, -56.625, 2.4182298754569618e-23, nan 
0.625, -56.625, 3.3937191345241855e-23, nan 
0.875, -56.625, 3.515450864904048e-23, nan 
1.125, -56.625, 3.2846137303457226e-23, nan 
1.375, -56.625, 2.924246220672527e-23, nan 
-13.625, -56.375, 1.3208109385506537e-23, nan 
-13.375, -56.375, 1.4359472296947073e-23, nan 
-13.125, -56.375, 1.083719612302187e-23, nan 
-12.875, -56.375, 1.3037989698320275e-23, nan 
-12.625, -56.375, 1.837558858225124e-23, nan 
-12.375, -56.375, 1.973207823565122e-23, nan 
-12.125, -56.375, 1.0000697196260973e-23, nan 
-11.875, -56.375, 1.042650736516798e-23, nan 
-11.625, -56.375, 1.157790915740191e-22, nan 
-11.375, -56.375, 1.2086096182922533e-22, nan 
-11.125, -56.375, 6.560010762411692e-23, nan 
-10.875, -56.375, 5.984665976243091e-23, nan 
-10.625, -56.375, 8.453371486778698e-23, nan 
-10.375, -56.375, 7.837362220705904e-23, nan 
-10.125, -56.375, 1.5693609230660224e-23, nan 
-9.875, -56.375, 8.538311517686554e-24, nan 
-9.625, -56.375, 7.839978021753273e-24, nan 
-9.375, -56.375, 1.1968420821537384e-23, nan 
-9.125, -56.375, 6.869678050202947e-24, nan 
-8.875, -56.375, 1.144090157477518e-23, nan 
-8.625, -56.375, 1.2200556099059828e-23, nan 
-8.375, -56.375, 3.581551885772703e-24, nan 
-8.125, -56.375, 1.0139679540306995e-23, nan 
-7.875, -56.375, 1.568458078507274e-23, nan 
-7.625, -56.375, 1.0977399513369859e-22, nan 
-7.375, -56.375, 1.259665641246222e-22, nan 
-7.125, -56.375, 7.504463776624778e-23, nan 
-6.875, -56.375, 1.3156936452074675e-22, nan 
-6.625, -56.375, 1.3243398691850189e-22, nan 
-6.375, -56.375, 1.1283076844593647e-23, nan 
-6.125, -56.375, 1.15655235624126e-23, nan 
-5.875, -56.375, 3.6664141713169373e-23, nan 
-5.625, -56.375, 8.445226444598415e-23, nan 
-5.375, -56.375, 9.257656903221748e-23, nan 
-5.125, -56.375, 6.771991191380356e-23, nan 
-4.875, -56.375, 7.663822550908675e-23, nan 
-4.625, -56.375, 1.0022782766839616e-22, nan 
-4.375, -56.375, 1.3112387543529497e-22, nan 
-4.125, -56.375, 9.877751782528846e-23, nan 
-3.875, -56.375, 2.990725504111671e-23, nan 
-3.625, -56.375, 2.1511659299439485e-23, nan 
-3.375, -56.375, 2.727472646759066e-23, nan 
-3.125, -56.375, 1.909624521403453e-23, nan 
-2.875, -56.375, 1.2666707211528096e-23, nan 
-2.625, -56.375, 1.7038995486109132e-23, nan 
-2.375, -56.375, 1.8856842683961467e-23, nan 
-2.125, -56.375, 1.5531344159295536e-23, nan 
-1.875, -56.375, 1.6053975679006647e-23, nan 
-1.625, -56.375, 1.0695670638534888e-23, nan 
-1.375, -56.375, 5.3240054801059955e-24, nan 
-1.125, -56.375, 7.896662043174609e-24, nan 
-0.875, -56.375, 1.0365048977748642e-23, nan 
-0.625, -56.375, 1.3176241068438503e-23, nan 
-0.375, -56.375, 1.7011155297661668e-23, nan 
-0.125, -56.375, 1.807964917127492e-23, nan 
0.125, -56.375, 1.440218670653885e-23, nan 
0.375, -56.375, 3.559751209748193e-23, nan 
0.625, -56.375, 4.1544598868371054e-23, nan 
0.875, -56.375, 2.2083995491396816e-23, nan 
1.125, -56.375, 9.711261130745853e-24, nan 
1.375, -56.375, 1.7094587157105406e-23, nan 
-13.375, -56.125, 1.3948223105418936e-23, nan 
-13.125, -56.125, 1.1326689882371218e-23, nan 
-12.875, -56.125, 7.386364404199731e-24, nan 
-12.625, -56.125, 1.172261471489971e-23, nan 
-12.375, -56.125, 1.5216424597850925e-23, nan 
-12.125, -56.125, 1.8231603608403863e-23, nan 
-11.875, -56.125, 1.6589646263573772e-23, nan 
-11.625, -56.125, 1.7789037872132398e-23, nan 
-11.375, -56.125, 6.322329151031141e-23, nan 
-11.125, -56.125, 6.560793423943934e-23, nan 
-10.875, -56.125, 6.119103059821196e-23, nan 
-10.625, -56.125, 4.469160235092611e-23, nan 
-10.375, -56.125, 9.603286979960433e-24, nan 
-10.125, -56.125, 9.401421289104814e-24, nan 
-9.875, -56.125, 1.7645012604818956e-23, nan 
-9.625, -56.125, 2.1484933270952006e-23, nan 
-9.375, -56.125, 2.045459312681793e-23, nan 
-9.125, -56.125, 1.4511174376034315e-23, nan 
-8.875, -56.125, 1.2881783667260548e-23, nan 
-8.625, -56.125, 7.57307975421299e-24, nan 
-8.375, -56.125, 1.0244749531727886e-23, nan 
-8.125, -56.125, 1.2624504471826419e-23, nan 
-7.875, -56.125, 1.1746862136397658e-23, nan 
-7.625, -56.125, 1.417950235893991e-22, nan 
-7.375, -56.125, 1.5700866153483845e-22, nan 
-7.125, -56.125, 2.5631844621277323e-23, nan 
-6.875, -56.125, 5.958469519927354e-23, nan 
-6.625, -56.125, 1.591321124511825e-22, nan 
-6.375, -56.125, 1.230942607821238e-22, nan 
-6.125, -56.125, 1.3411570101194686e-23, nan 
-5.875, -56.125, 7.244828342408893e-23, nan 
-5.625, -56.125, 8.702919268745748e-23, nan 
-5.375, -56.125, 3.4612828550541267e-23, nan 
-5.125, -56.125, 9.73428417553668e-24, nan 
-4.875, -56.125, 8.198126126006883e-24, nan 
-4.625, -56.125, 2.1824253458242184e-23, nan 
-4.375, -56.125, 1.227272214057275e-22, nan 
-4.125, -56.125, 1.189138645474657e-22, nan 
-3.875, -56.125, 2.986958370191058e-23, nan 
-3.625, -56.125, 3.629192230587826e-23, nan 
-3.375, -56.125, 4.3990973056997455e-23, nan 
-3.125, -56.125, 2.9112778536365015e-23, nan 
-2.875, -56.125, 2.0184066818130198e-23, nan 
-2.625, -56.125, 1.0359072935848139e-23, nan 
-2.375, -56.125, 8.210037720448103e-24, nan 
-2.125, -56.125, 8.484169228045882e-24, nan 
-1.875, -56.125, 1.0182659453944537e-23, nan 
-1.625, -56.125, 9.620162850524818e-24, nan 
-1.375, -56.125, 1.051165663109446e-23, nan 
-1.125, -56.125, 1.0438321579031505e-23, nan 
-0.875, -56.125, 3.612541818011354e-24, nan 
-0.625, -56.125, 1.2384088919164304e-23, nan 
-0.375, -56.125, 1.0986904358568706e-23, nan 
-0.125, -56.125, 1.409905831893929e-23, nan 
0.125, -56.125, 6.951719562695706e-24, nan 
0.375, -56.125, 2.948440005805772e-23, nan 
0.625, -56.125, 4.548930052692712e-23, nan 
0.875, -56.125, 3.6439777511748385e-23, nan 
1.125, -56.125, 8.766060170834199e-24, nan 
-13.125, -55.875, 1.3539548951504635e-23, nan 
-12.875, -55.875, 1.8796797052910792e-23, nan 
-12.625, -55.875, 1.6723277511875457e-23, nan 
-12.375, -55.875, 1.6054613074121347e-23, nan 
-12.125, -55.875, 1.973809318518267e-23, nan 
-11.875, -55.875, 2.3224647970527196e-23, nan 
-11.625, -55.875, 2.4854589867460018e-23, nan 
-11.375, -55.875, 1.8743629552845167e-23, nan 
-11.125, -55.875, 2.1879341173568145e-23, nan 
-10.875, -55.875, 2.6481884208507156e-23, nan 
-10.625, -55.875, 3.0364811994100725e-23, nan 
-10.375, -55.875, 2.951488376572501e-23, nan 
-10.125, -55.875, 2.3895198487036e-23, nan 
-9.875, -55.875, 2.480302504102638e-23, nan 
-9.625, -55.875, 2.193103889610107e-23, nan 
-9.375, -55.875, 4.614912414925731e-23, nan 
-9.125, -55.875, 3.6729695561796907e-23, nan 
-8.875, -55.875, 1.0026450961776002e-23, nan 
-8.625, -55.875, 4.8448335596560194e-24, nan 
-8.375, -55.875, 4.3438960216789894e-24, nan 
-8.125, -55.875, 6.83063837437248e-24, nan 
-7.875, -55.875, 3.6757787509932106e-23, nan 
-7.625, -55.875, 7.573165873527428e-23, nan 
-7.375, -55.875, 1.2036103612643212e-22, nan 
-7.125, -55.875, 1.0509349634767624e-22, nan 
-6.875, -55.875, 9.230512447947948e-23, nan 
-6.625, -55.875, 9.010024554348716e-23, nan 
-6.375, -55.875, 2.688605829333896e-23, nan 
-6.125, -55.875, 1.2618778351546248e-23, nan 
-5.875, -55.875, 3.0204117723876324e-23, nan 
-5.625, -55.875, 8.847170031912163e-23, nan 
-5.375, -55.875, 9.823890754269879e-23, nan 
-5.125, -55.875, 7.290312181179208e-23, nan 
-4.875, -55.875, 7.752403013829767e-23, nan 
-4.625, -55.875, 1.0153907638404309e-22, nan 
-4.375, -55.875, 1.2834770325221524e-22, nan 
-4.125, -55.875, 9.452446566394852e-23, nan 
-3.875, -55.875, 3.386288903474422e-23, nan 
-3.625, -55.875, 4.950580091382182e-23, nan 
-3.375, -55.875, 5.1014326032378824e-23, nan 
-3.125, -55.875, 5.060551892175803e-23, nan 
-2.875, -55.875, 2.444219998432451e-23, nan 
-2.625, -55.875, 1.9993889741457152e-23, nan 
-2.375, -55.875, 1.1299468808092711e-23, nan 
-2.125, -55.875, 2.9562053192685106e-24, nan 
-1.875, -55.875, 3.713314172448795e-24, nan 
-1.625, -55.875, 2.896149168475402e-24, nan 
-1.375, -55.875, 3.5486510795801515e-24, nan 
-1.125, -55.875, 1.5537399897086162e-23, nan 
-0.875, -55.875, 2.4208006671616697e-23, nan 
-0.625, -55.875, 3.8097637322765513e-23, nan 
-0.375, -55.875, 2.9295675824502964e-23, nan 
-0.125, -55.875, 1.0025339654066473e-23, nan 
0.125, -55.875, 1.6353984270947102e-23, nan 
0.375, -55.875, 2.85097987368688e-23, nan 
0.625, -55.875, 3.059682430330093e-23, nan 
0.875, -55.875, 2.2550468184389124e-23, nan 
1.125, -55.875, 1.9366740330458705e-23, nan 
-12.875, -55.625, 1.8493908723801883e-23, nan 
-12.625, -55.625, 1.6697185193778845e-23, nan 
-12.375, -55.625, 1.7954744660629364e-23, nan 
-12.125, -55.625, 2.1001433675016492e-23, nan 
-11.875, -55.625, 1.718893143983394e-23, nan 
-11.625, -55.625, 1.686565480385057e-23, nan 
-11.375, -55.625, 1.6862259988290543e-23, nan 
-11.125, -55.625, 2.2870866081472305e-23, nan 
-10.875, -55.625, 2.906268731583244e-23, nan 
-10.625, -55.625, 3.349536303012831e-23, nan 
-10.375, -55.625, 2.980376148573135e-23, nan 
-10.125, -55.625, 1.823476041692133e-23, nan 
-9.875, -55.625, 1.6799680197594433e-23, nan 
-9.625, -55.625, 1.8230814609911413e-23, nan 
-9.375, -55.625, 2.6080827544593256e-23, nan 
-9.125, -55.625, 7.234710654761513e-24, nan 
-8.875, -55.625, 8.33823987934391e-24, nan 
-8.625, -55.625, 6.639412368183344e-24, nan 
-8.375, -55.625, 5.368822302014851e-24, nan 
-8.125, -55.625, 4.3750903930346914e-24, nan 
-7.875, -55.625, 6.454811781985651e-24, nan 
-7.625, -55.625, 2.4507073417836528e-23, nan 
-7.375, -55.625, 1.452689577286157e-23, nan 
-7.125, -55.625, 5.909517411490578e-23, nan 
-6.875, -55.625, 4.7859900935072005e-23, nan 
-6.625, -55.625, 1.1518338004682748e-23, nan 
-6.375, -55.625, 9.19407580068839e-24, nan 
-6.125, -55.625, 8.834505819856514e-24, nan 
-5.875, -55.625, 7.393576575204887e-24, nan 
-5.625, -55.625, 1.7053064135492332e-23, nan 
-5.375, -55.625, 6.191599540546008e-23, nan 
-5.125, -55.625, 7.29268531216438e-23, nan 
-4.875, -55.625, 7.618904086747237e-23, nan 
-4.625, -55.625, 7.540677024677883e-23, nan 
-4.375, -55.625, 4.733153345810644e-23, nan 
-4.125, -55.625, 4.393194362242059e-23, nan 
-3.875, -55.625, 6.68943999326609e-23, nan 
-3.625, -55.625, 6.937133167545722e-23, nan 
-3.375, -55.625, 4.140609809226673e-23, nan 
-3.125, -55.625, 9.55930023144501e-23, nan 
-2.875, -55.625, 7.932672117468974e-23, nan 
-2.625, -55.625, 2.3898364029447184e-23, nan 
-2.375, -55.625, 2.2346948799150575e-23, nan 
-2.125, -55.625, 7.256835991986285e-24, nan 
-1.875, -55.625, 4.822177557869315e-24, nan 
-1.625, -55.625, 4.549321909503871e-24, nan 
-1.375, -55.625, 2.7631746735290176e-24, nan 
-1.125, -55.625, 4.6789241871194355e-24, nan 
-0.875, -55.625, 4.5745965821622286e-24, nan 
-0.625, -55.625, 1.3782804216212534e-23, nan 
-0.375, -55.625, 1.6632438895528396e-23, nan 
-0.125, -55.625, 1.858972545316936e-23, nan 
0.125, -55.625, 1.3600698711374866e-23, nan 
0.375, -55.625, 1.632185954903867e-23, nan 
0.625, -55.625, 2.1412852077772875e-23, nan 
0.875, -55.625, 1.920679326333816e-23, nan 
-12.625, -55.375, 9.654097261334967e-24, nan 
-12.375, -55.375, 1.3172549996092888e-23, nan 
-12.125, -55.375, 1.7563094402040868e-23, nan 
-11.875, -55.375, 1.8338531629339232e-23, nan 
-11.625, -55.375, 1.5310810819245475e-23, nan 
-11.375, -55.375, 7.355470315001989e-24, nan 
-11.125, -55.375, 8.528122345703718e-24, nan 
-10.875, -55.375, 1.3319107890504415e-23, nan 
-10.625, -55.375, 1.8231783559512905e-23, nan 
-10.375, -55.375, 1.6233264326785016e-23, nan 
-10.125, -55.375, 1.2153968620349817e-23, nan 
-9.875, -55.375, 1.7075777263766107e-23, nan 
-9.625, -55.375, 1.7197297048770766e-23, nan 
-9.375, -55.375, 1.1733974799034317e-23, nan 
-9.125, -55.375, 1.6101947148724053e-23, nan 
-8.875, -55.375, 1.3566664672159026e-23, nan 
-8.625, -55.375, 7.049468187123054e-24, nan 
-8.375, -55.375, 8.654813205078306e-24, nan 
-8.125, -55.375, 9.718936862433308e-24, nan 
-7.875, -55.375, 8.545046139640652e-24, nan 
-7.625, -55.375, 7.943228216857672e-24, nan 
-7.375, -55.375, 3.958670753724757e-24, nan 
-7.125, -55.375, 2.747364721202276e-24, nan 
-6.875, -55.375, 3.9169062859786506e-24, nan 
-6.625, -55.375, 5.116799623898483e-24, nan 
-6.375, -55.375, 8.239151216239347e-24, nan 
-6.125, -55.375, 6.997394342383855e-24, nan 
-5.875, -55.375, 1.449337983822265e-23, nan 
-5.625, -55.375, 1.6086832922478007e-23, nan 
-5.375, -55.375, 6.2306972124822545e-24, nan 
-5.125, -55.375, 3.69915952178407e-24, nan 
-4.875, -55.375, 4.8254554846866314e-24, nan 
-4.625, -55.375, 6.49384204206545e-24, nan 
-4.375, -55.375, 9.860088148472684e-24, nan 
-4.125, -55.375, 1.70601581725987e-23, nan 
-3.875, -55.375, 1.7244700094414885e-23, nan 
-3.625, -55.375, 3.8470958680592136e-23, nan 
-3.375, -55.375, 3.6710629845498185e-23, nan 
-3.125, -55.375, 4.1523407359833254e-23, nan 
-2.875, -55.375, 1.5086089072808367e-23, nan 
-2.625, -55.375, 1.6780687665190953e-23, nan 
-2.375, -55.375, 1.0410703160822267e-23, nan 
-2.125, -55.375, 5.101817563424505e-24, nan 
-1.875, -55.375, 4.264602131083931e-23, nan 
-1.625, -55.375, 7.158353894876342e-24, nan 
-1.375, -55.375, 9.120923859265387e-24, nan 
-1.125, -55.375, 6.018546784828423e-24, nan 
-0.875, -55.375, 1.1873577452161624e-23, nan 
-0.625, -55.375, 8.021664877716053e-24, nan 
-0.375, -55.375, 8.875785006624239e-24, nan 
-0.125, -55.375, 9.130103759170138e-24, nan 
0.125, -55.375, 1.0599919831048779e-23, nan 
0.375, -55.375, 1.9395028691156873e-23, nan 
0.625, -55.375, 1.5835887840473038e-23, nan 
0.875, -55.375, 8.162150597189593e-24, nan 
-12.375, -55.125, 1.0642166382061294e-23, nan 
-12.125, -55.125, 1.3307085307005225e-23, nan 
-11.875, -55.125, 1.445388383143236e-23, nan 
-11.625, -55.125, 2.107136147958367e-23, nan 
-11.375, -55.125, 1.813320804981813e-23, nan 
-11.125, -55.125, 1.7486411572715478e-23, nan 
-10.875, -55.125, 2.033208203057205e-23, nan 
-10.625, -55.125, 2.0368005991834387e-23, nan 
-10.375, -55.125, 1.3929884447236295e-23, nan 
-10.125, -55.125, 9.553987849858891e-24, nan 
-9.875, -55.125, 2.6457686166688094e-23, nan 
-9.625, -55.125, 3.017601936637997e-23, nan 
-9.375, -55.125, 2.633544260431006e-23, nan 
-9.125, -55.125, 2.357448041219405e-23, nan 
-8.875, -55.125, 1.1397336616511632e-23, nan 
-8.625, -55.125, 5.715855411646745e-24, nan 
-8.375, -55.125, 1.1779173972036628e-23, nan 
-8.125, -55.125, 1.7798403951742255e-23, nan 
-7.875, -55.125, 2.3656725910862055e-23, nan 
-7.625, -55.125, 2.2677240061039135e-23, nan 
-7.375, -55.125, 1.3689968305864835e-23, nan 
-7.125, -55.125, 2.5318601366154487e-24, nan 
-6.875, -55.125, 6.420084693879695e-24, nan 
-6.625, -55.125, 3.201129121345041e-23, nan 
-6.375, -55.125, 4.187028659259594e-23, nan 
-6.125, -55.125, 2.2768314540435714e-23, nan 
-5.875, -55.125, 1.866783669454205e-23, nan 
-5.625, -55.125, 2.2202141347994856e-23, nan 
-5.375, -55.125, 1.7468550173850943e-23, nan 
-5.125, -55.125, 1.6288661873215163e-23, nan 
-4.875, -55.125, 1.1087135631361363e-23, nan 
-4.625, -55.125, 4.317419655858147e-24, nan 
-4.375, -55.125, 1.4212721788905508e-23, nan 
-4.125, -55.125, 1.367770131359821e-23, nan 
-3.875, -55.125, 7.651412057214178e-24, nan 
-3.625, -55.125, 7.196335435180364e-24, nan 
-3.375, -55.125, 7.753595473077602e-24, nan 
-3.125, -55.125, 9.52929484524673e-24, nan 
-2.875, -55.125, 3.967804630891434e-23, nan 
-2.625, -55.125, 1.7671227091479237e-23, nan 
-2.375, -55.125, 1.2276526841101176e-23, nan 
-2.125, -55.125, 7.384800723900186e-23, nan 
-1.875, -55.125, 1.1166321240049769e-22, nan 
-1.625, -55.125, 7.331040694329385e-23, nan 
-1.375, -55.125, 1.1850709410266583e-23, nan 
-1.125, -55.125, 1.3843957352776638e-23, nan 
-0.875, -55.125, 2.1223074636869703e-23, nan 
-0.625, -55.125, 2.6212944371042978e-23, nan 
-0.375, -55.125, 2.1499073348414776e-23, nan 
-0.125, -55.125, 1.7588999407251103e-23, nan 
0.125, -55.125, 1.8080242648654465e-23, nan 
0.375, -55.125, 2.1831223788257656e-23, nan 
0.625, -55.125, 2.1255177503760628e-23, nan 
-12.125, -54.875, 5.207038350014466e-23, nan 
-11.875, -54.875, 1.3860733183848383e-23, nan 
-11.625, -54.875, 1.0177447671948804e-23, nan 
-11.375, -54.875, 3.517545383641085e-23, nan 
-11.125, -54.875, 3.2529546668691816e-23, nan 
-10.875, -54.875, 2.1539099672183888e-23, nan 
-10.625, -54.875, 2.5328188363423235e-23, nan 
-10.375, -54.875, 2.130589910280948e-23, nan 
-10.125, -54.875, 9.460853011147954e-24, nan 
-9.875, -54.875, 1.3452702578125103e-23, nan 
-9.625, -54.875, 2.0300052422116278e-23, nan 
-9.375, -54.875, 1.7589184244315557e-23, nan 
-9.125, -54.875, 1.1840285696017054e-23, nan 
-8.875, -54.875, 1.2330714526374346e-23, nan 
-8.625, -54.875, 8.26786435258869e-24, nan 
-8.375, -54.875, 4.6034130111567746e-24, nan 
-8.125, -54.875, 9.650855056707084e-24, nan 
-7.875, -54.875, 1.3133641411042371e-23, nan 
-7.625, -54.875, 7.936188205219058e-24, nan 
-7.375, -54.875, 8.62754048207964e-24, nan 
-7.125, -54.875, 4.3133230701889255e-24, nan 
-6.875, -54.875, 6.243345727648161e-23, nan 
-6.625, -54.875, 6.173073990169954e-23, nan 
-6.375, -54.875, 5.883559218718131e-23, nan 
-6.125, -54.875, 7.697187821508777e-23, nan 
-5.875, -54.875, 5.517289989616158e-23, nan 
-5.625, -54.875, 1.478726062095796e-23, nan 
-5.375, -54.875, 1.6633641356932636e-23, nan 
-5.125, -54.875, 1.797323494339707e-23, nan 
-4.875, -54.875, 9.336766804343443e-24, nan 
-4.625, -54.875, 2.1168988433643438e-24, nan 
-4.375, -54.875, 8.748521370796032e-24, nan 
-4.125, -54.875, 4.372626262057964e-23, nan 
-3.875, -54.875, 6.081371649432372e-23, nan 
-3.625, -54.875, 1.1408432048975947e-23, nan 
-3.375, -54.875, 1.0979641797023755e-23, nan 
-3.125, -54.875, 6.062667703666543e-23, nan 
-2.875, -54.875, 1.0965825109894444e-22, nan 
-2.625, -54.875, 7.344456102607037e-23, nan 
-2.375, -54.875, 1.366906842998631e-23, nan 
-2.125, -54.875, 6.52430905064371e-23, nan 
-1.875, -54.875, 9.839114971034562e-23, nan 
-1.625, -54.875, 6.791862231800147e-23, nan 
-1.375, -54.875, 1.426246046436305e-23, nan 
-1.125, -54.875, 1.382835659037771e-23, nan 
-0.875, -54.875, 1.7498938790378853e-23, nan 
-0.625, -54.875, 2.54001649214638e-23, nan 
-0.375, -54.875, 2.1411534843097353e-23, nan 
-0.125, -54.875, 5.0409369654041945e-23, nan 
0.125, -54.875, 3.438976294335342e-23, nan 
0.375, -54.875, 2.285894513517198e-23, nan 
0.625, -54.875, 1.96850011568178e-23, nan 
-11.875, -54.625, 1.058851906695028e-22, nan 
-11.625, -54.625, 4.295275428189824e-23, nan 
-11.375, -54.625, 4.194136861366027e-23, nan 
-11.125, -54.625, 1.6325543596734266e-23, nan 
-10.875, -54.625, 1.4011632896084986e-23, nan 
-10.625, -54.625, 1.546122275552858e-23, nan 
-10.375, -54.625, 2.0705209837424855e-23, nan 
-10.125, -54.625, 2.2599875972268927e-23, nan 
-9.875, -54.625, 2.450747619188265e-23, nan 
-9.625, -54.625, 1.692093820874573e-23, nan 
-9.375, -54.625, 1.5188523202546807e-23, nan 
-9.125, -54.625, 1.6110382600103233e-23, nan 
-8.875, -54.625, 1.3297922782210402e-23, nan 
-8.625, -54.625, 1.0771749699316039e-23, nan 
-8.375, -54.625, 8.835913803909385e-24, nan 
-8.125, -54.625, 5.386783288929738e-24, nan 
-7.875, -54.625, 8.551452726409218e-24, nan 
-7.625, -54.625, 1.135844464130092e-23, nan 
-7.375, -54.625, 1.23609875106982e-23, nan 
-7.125, -54.625, 6.694361492660274e-23, nan 
-6.875, -54.625, 9.106645621212054e-23, nan 
-6.625, -54.625, 5.0847650181141785e-23, nan 
-6.375, -54.625, 1.6902674458674717e-23, nan 
-6.125, -54.625, 1.1045360768830192e-22, nan 
-5.875, -54.625, 1.0460772029781532e-22, nan 
-5.625, -54.625, 1.4749056392000806e-23, nan 
-5.375, -54.625, 1.3805579147272e-23, nan 
-5.125, -54.625, 6.55008233677138e-24, nan 
-4.875, -54.625, 6.871496198549479e-24, nan 
-4.625, -54.625, 8.229182141732245e-24, nan 
-4.375, -54.625, 7.680993596047037e-23, nan 
-4.125, -54.625, 1.0009648427041409e-22, nan 
-3.875, -54.625, 1.2470524883207881e-22, nan 
-3.625, -54.625, 9.239767185772318e-23, nan 
-3.375, -54.625, 1.7088867746757037e-23, nan 
-3.125, -54.625, 1.2178348444777958e-23, nan 
-2.875, -54.625, 4.575283451756389e-23, nan 
-2.625, -54.625, 1.186590094454609e-23, nan 
-2.375, -54.625, 1.1785148683033242e-23, nan 
-2.125, -54.625, 1.562200608767197e-23, nan 
-1.875, -54.625, 3.3802891283961865e-23, nan 
-1.625, -54.625, 1.1219259828264642e-23, nan 
-1.375, -54.625, 1.3670346176449274e-23, nan 
-1.125, -54.625, 2.2465506380626212e-23, nan 
-0.875, -54.625, 2.2294460245411424e-23, nan 
-0.625, -54.625, 6.374142655912167e-23, nan 
-0.375, -54.625, 9.93373870088485e-23, nan 
-0.125, -54.625, 9.936536008647848e-23, nan 
0.125, -54.625, 7.113848246894384e-23, nan 
0.375, -54.625, 5.815873371189648e-23, nan 
-11.625, -54.375, 3.0162657321293013e-23, nan 
-11.375, -54.375, 1.2715825501370427e-23, nan 
-11.125, -54.375, 1.400577280690391e-23, nan 
-10.875, -54.375, 2.1322681790813915e-23, nan 
-10.625, -54.375, 1.4289836801301125e-23, nan 
-10.375, -54.375, 1.421057767942972e-23, nan 
-10.125, -54.375, 1.6970575684222268e-23, nan 
-9.875, -54.375, 2.5163905672779986e-23, nan 
-9.625, -54.375, 1.9086216590735407e-23, nan 
-9.375, -54.375, 2.2003908957092105e-23, nan 
-9.125, -54.375, 1.7010711917348615e-23, nan 
-8.875, -54.375, 1.0352572771755864e-23, nan 
-8.625, -54.375, 1.3022924754404572e-23, nan 
-8.375, -54.375, 1.3101041473965346e-23, nan 
-8.125, -54.375, 1.2056962076169966e-23, nan 
-7.875, -54.375, 1.1144408323265672e-23, nan 
-7.625, -54.375, 8.243762628490587e-24, nan 
-7.375, -54.375, 2.0324638126134896e-23, nan 
-7.125, -54.375, 2.2771181932607388e-23, nan 
-6.875, -54.375, 5.376681543085996e-23, nan 
-6.625, -54.375, 7.698420372896193e-23, nan 
-6.375, -54.375, 7.703507149346293e-23, nan 
-6.125, -54.375, 8.480773308511705e-23, nan 
-5.875, -54.375, 7.219720913024976e-23, nan 
-5.625, -54.375, 5.934770371094205e-24, nan 
-5.375, -54.375, 5.171464948279697e-24, nan 
-5.125, -54.375, 6.99335803642262e-24, nan 
-4.875, -54.375, 8.438809330713408e-24, nan 
-4.625, -54.375, 1.129890819372734e-23, nan 
-4.375, -54.375, 1.1789928877218674e-23, nan 
-4.125, -54.375, 4.2835621870252266e-23, nan 
-3.875, -54.375, 5.388621217587167e-23, nan 
-3.625, -54.375, 1.6469851266817178e-23, nan 
-3.375, -54.375, 2.0335978687105288e-23, nan 
-3.125, -54.375, 1.7801814863431915e-23, nan 
-2.875, -54.375, 1.8440521595511192e-23, nan 
-2.625, -54.375, 1.6435318660751577e-23, nan 
-2.375, -54.375, 2.1854582068866927e-23, nan 
-2.125, -54.375, 2.0034659285525523e-23, nan 
-1.875, -54.375, 8.973432281149472e-24, nan 
-1.625, -54.375, 1.6369992900317987e-23, nan 
-1.375, -54.375, 2.148287607979646e-23, nan 
-1.125, -54.375, 1.8807465053179612e-23, nan 
-0.875, -54.375, 8.676430815345518e-23, nan 
-0.625, -54.375, 1.1145310129677777e-22, nan 
-0.375, -54.375, 6.713986663486298e-23, nan 
-0.125, -54.375, 2.0384425680818404e-23, nan 
0.125, -54.375, 4.559729210317492e-23, nan 
0.375, -54.375, 1.0228615751171023e-22, nan 
-11.375, -54.125, 1.2252264221913852e-23, nan 
-11.125, -54.125, 2.6399906535757905e-23, nan 
-10.875, -54.125, 6.979950951887769e-23, nan 
-10.625, -54.125, 5.1465415568743816e-23, nan 
-10.375, -54.125, 1.7686466515237515e-23, nan 
-10.125, -54.125, 1.8042246163784586e-23, nan 
-9.875, -54.125, 1.945170995889269e-23, nan 
-9.625, -54.125, 1.8957402468667924e-23, nan 
-9.375, -54.125, 2.252160661603384e-23, nan 
-9.125, -54.125, 1.7328187965898266e-23, nan 
-8.875, -54.125, 1.9423438279639664e-23, nan 
-8.625, -54.125, 1.8993749054239075e-23, nan 
-8.375, -54.125, 2.0002282643218822e-23, nan 
-8.125, -54.125, 2.0021363866721154e-23, nan 
-7.875, -54.125, 2.5112798245043568e-23, nan 
-7.625, -54.125, 4.373297355489094e-23, nan 
-7.375, -54.125, 3.977001934315258e-23, nan 
-7.125, -54.125, 2.370976961182781e-23, nan 
-6.875, -54.125, 1.7043207697498035e-23, nan 
-6.625, -54.125, 2.1249453411107897e-23, nan 
-6.375, -54.125, 4.7192005269351416e-23, nan 
-6.125, -54.125, 3.934239289017237e-23, nan 
-5.875, -54.125, 6.752537114270897e-24, nan 
-5.625, -54.125, 6.078016885224644e-24, nan 
-5.375, -54.125, 4.535205513354125e-24, nan 
-5.125, -54.125, 5.924153917729839e-24, nan 
-4.875, -54.125, 4.0275838571061855e-23, nan 
-4.625, -54.125, 2.425589906724641e-23, nan 
-4.375, -54.125, 2.1519702285622345e-23, nan 
-4.125, -54.125, 1.1064808076911002e-23, nan 
-3.875, -54.125, 2.0928283614441028e-23, nan 
-3.625, -54.125, 2.4005871973721407e-23, nan 
-3.375, -54.125, 4.0705149286011725e-23, nan 
-3.125, -54.125, 3.952665072621517e-23, nan 
-2.875, -54.125, 1.4908908697596027e-23, nan 
-2.625, -54.125, 1.5837754960692254e-23, nan 
-2.375, -54.125, 1.8079025002456755e-23, nan 
-2.125, -54.125, 1.6221244522920456e-23, nan 
-1.875, -54.125, 1.815788804071476e-23, nan 
-1.625, -54.125, 1.7704523348075038e-23, nan 
-1.375, -54.125, 1.3199784693628513e-23, nan 
-1.125, -54.125, 1.4302506227755907e-23, nan 
-0.875, -54.125, 1.4847008220636232e-23, nan 
-0.625, -54.125, 7.422664038766003e-23, nan 
-0.375, -54.125, 7.805237696221095e-23, nan 
-0.125, -54.125, 5.298152260775186e-23, nan 
0.125, -54.125, 1.0468559304654978e-22, nan 
-11.125, -53.875, 4.458822300913928e-23, nan 
-10.875, -53.875, 6.116891942261595e-23, nan 
-10.625, -53.875, 1.62697460616396e-23, nan 
-10.375, -53.875, 1.9283371852599703e-23, nan 
-10.125, -53.875, 1.740794725630761e-23, nan 
-9.875, -53.875, 1.7697744358911674e-23, nan 
-9.625, -53.875, 2.5044079680894898e-23, nan 
-9.375, -53.875, 3.732298297378977e-23, nan 
-9.125, -53.875, 7.149401139968706e-23, nan 
-8.875, -53.875, 7.87759340193865e-23, nan 
-8.625, -53.875, 6.85094101314808e-23, nan 
-8.375, -53.875, 6.443333412328231e-23, nan 
-8.125, -53.875, 5.799601101392621e-23, nan 
-7.875, -53.875, 4.589727177618929e-23, nan 
-7.625, -53.875, 4.983475254269468e-23, nan 
-7.375, -53.875, 3.1367770622972304e-23, nan 
-7.125, -53.875, 2.4092848175948164e-23, nan 
-6.875, -53.875, 1.9583563956994091e-23, nan 
-6.625, -53.875, 1.9040120065040188e-23, nan 
-6.375, -53.875, 1.613761841177939e-23, nan 
-6.125, -53.875, 1.0395816064998421e-23, nan 
-5.875, -53.875, 3.620052644572144e-24, nan 
-5.625, -53.875, 4.7626058435791354e-24, nan 
-5.375, -53.875, 4.43958598612919e-24, nan 
-5.125, -53.875, 5.547700415190086e-23, nan 
-4.875, -53.875, 8.855821078644056e-23, nan 
-4.625, -53.875, 5.101801757130835e-23, nan 
-4.375, -53.875, 1.1774229722404258e-23, nan 
-4.125, -53.875, 3.947717884128174e-24, nan 
-3.875, -53.875, 1.3236007851850828e-23, nan 
-3.625, -53.875, 1.7759924560073146e-23, nan 
-3.375, -53.875, 1.7200246239947584e-23, nan 
-3.125, -53.875, 2.335989577363992e-23, nan 
-2.875, -53.875, 1.3141689970165635e-23, nan 
-2.625, -53.875, 7.481030174354962e-24, nan 
-2.375, -53.875, 1.2200742467080896e-23, nan 
-2.125, -53.875, 8.321952817073607e-24, nan 
-1.875, -53.875, 1.5564988729892078e-23, nan 
-1.625, -53.875, 1.358119643870124e-23, nan 
-1.375, -53.875, 8.488744034008921e-24, nan 
-1.125, -53.875, 1.0334834856780342e-23, nan 
-0.875, -53.875, 1.3540875523994182e-23, nan 
-0.625, -53.875, 1.3734162414861978e-23, nan 
-0.375, -53.875, 4.198524988616825e-23, nan 
-0.125, -53.875, 5.29401838506124e-23, nan 
-10.625, -53.625, 2.3512244799617067e-23, nan 
-10.375, -53.625, 2.936403921802098e-23, nan 
-10.125, -53.625, 3.899240195091889e-23, nan 
-9.875, -53.625, 3.981464475311692e-23, nan 
-9.625, -53.625, 4.044097295785226e-23, nan 
-9.375, -53.625, 8.322389708197781e-23, nan 
-9.125, -53.625, 9.533536641117093e-23, nan 
-8.875, -53.625, 7.728551589947517e-23, nan 
-8.625, -53.625, 7.165242529655829e-23, nan 
-8.375, -53.625, 7.246339574311013e-23, nan 
-8.125, -53.625, 9.529459398189274e-23, nan 
-7.875, -53.625, 1.0031334692522753e-22, nan 
-7.625, -53.625, 7.896736474392771e-23, nan 
-7.375, -53.625, 6.229353738025672e-23, nan 
-7.125, -53.625, 4.6209256278637285e-23, nan 
-6.875, -53.625, 2.491188538799483e-23, nan 
-6.625, -53.625, 2.1900029730630532e-23, nan 
-6.375, -53.625, 2.3605900201569086e-23, nan 
-6.125, -53.625, 1.993804900966566e-23, nan 
-5.875, -53.625, 9.432697857448363e-24, nan 
-5.625, -53.625, 1.0899956727088205e-23, nan 
-5.375, -53.625, 1.2924494673175996e-23, nan 
-5.125, -53.625, 3.628404284548525e-24, nan 
-4.875, -53.625, 3.109095493171929e-23, nan 
-4.625, -53.625, 1.6513632746468988e-23, nan 
-4.375, -53.625, 1.632231525897646e-23, nan 
-4.125, -53.625, 1.2645071557664311e-23, nan 
-3.875, -53.625, 6.980545720646824e-24, nan 
-3.625, -53.625, 1.429526301279888e-23, nan 
-3.375, -53.625, 1.63597100081402e-23, nan 
-3.125, -53.625, 2.5354671295024818e-23, nan 
-2.875, -53.625, 2.5589805207532676e-23, nan 
-2.625, -53.625, 1.4498335044830814e-23, nan 
-2.375, -53.625, 1.4697306416223987e-23, nan 
-2.125, -53.625, 1.8596184582558137e-23, nan 
-1.875, -53.625, 2.6229101150738663e-23, nan 
-1.625, -53.625, 5.809763258948351e-23, nan 
-1.375, -53.625, 5.428131700297109e-23, nan 
-1.125, -53.625, 4.11541386997155e-23, nan 
-0.875, -53.625, 1.3826405395247112e-23, nan 
-0.625, -53.625, 1.3484912478378743e-23, nan 
-0.375, -53.625, 1.4787426176206073e-23, nan 
-0.125, -53.625, 1.743651515585393e-23, nan 
-10.375, -53.375, 4.292833706570137e-23, nan 
-10.125, -53.375, 4.4099036765117916e-23, nan 
-9.875, -53.375, 3.972208419042871e-23, nan 
-9.625, -53.375, 4.219478086902275e-23, nan 
-9.375, -53.375, 4.6452405204613804e-23, nan 
-9.125, -53.375, 1.937480363332628e-23, nan 
-8.875, -53.375, 3.060548377300493e-23, nan 
-8.625, -53.375, 3.785784866643496e-23, nan 
-8.375, -53.375, 4.863731742106983e-23, nan 
-8.125, -53.375, 6.114272962779716e-23, nan 
-7.875, -53.375, 8.568461381258662e-23, nan 
-7.625, -53.375, 9.151323696342918e-23, nan 
-7.375, -53.375, 8.977764950704341e-23, nan 
-7.125, -53.375, 1.2185004615181338e-22, nan 
-6.875, -53.375, 1.1284992494419782e-22, nan 
-6.625, -53.375, 2.6098846548332697e-23, nan 
-6.375, -53.375, 2.6479599497530326e-23, nan 
-6.125, -53.375, 3.2299870496247346e-23, nan 
-5.875, -53.375, 3.4818181673814726e-23, nan 
-5.625, -53.375, 1.7746963360383646e-23, nan 
-5.375, -53.375, 1.765199317033286e-23, nan 
-5.125, -53.375, 1.7218433599125366e-23, nan 
-4.875, -53.375, 1.4685259869586393e-23, nan 
-4.625, -53.375, 1.5590142405840155e-23, nan 
-4.375, -53.375, 9.804480747415422e-24, nan 
-4.125, -53.375, 1.784202432032216e-23, nan 
-3.875, -53.375, 1.5040634656144057e-23, nan 
-3.625, -53.375, 1.0533863732822077e-23, nan 
-3.375, -53.375, 2.1683435694380884e-23, nan 
-3.125, -53.375, 2.046338720146027e-23, nan 
-2.875, -53.375, 2.021825274969672e-23, nan 
-2.625, -53.375, 1.680702261113812e-23, nan 
-2.375, -53.375, 1.0050267438485798e-23, nan 
-2.125, -53.375, 1.5959968242697976e-23, nan 
-1.875, -53.375, 6.461786219571096e-23, nan 
-1.625, -53.375, 8.255576878242678e-23, nan 
-1.375, -53.375, 5.837420475879602e-23, nan 
-1.125, -53.375, 6.792819458846401e-23, nan 
-0.875, -53.375, 4.8746590808559094e-23, nan 
-0.625, -53.375, 1.109826139128438e-23, nan 
-0.375, -53.375, 9.833343722375646e-24, nan 
-10.125, -53.125, 3.426400366853933e-23, nan 
-9.875, -53.125, 3.317800369019055e-23, nan 
-9.625, -53.125, 3.689755919692183e-23, nan 
-9.375, -53.125, 4.662829282920727e-23, nan 
-9.125, -53.125, 5.0133153955694043e-23, nan 
-8.875, -53.125, 4.690089950782296e-23, nan 
-8.625, -53.125, 3.914736466932546e-23, nan 
-8.375, -53.125, 4.129506785461316e-23, nan 
-8.125, -53.125, 3.908458601056169e-23, nan 
-7.875, -53.125, 4.8557569409341596e-23, nan 
-7.625, -53.125, 6.172959425680069e-23, nan 
-7.375, -53.125, 8.485954119166242e-23, nan 
-7.125, -53.125, 1.1650898969494117e-22, nan 
-6.875, -53.125, 1.295240506590261e-22, nan 
-6.625, -53.125, 7.111552926064909e-23, nan 
-6.375, -53.125, 2.382959966120888e-23, nan 
-6.125, -53.125, 3.039802887660975e-23, nan 
-5.875, -53.125, 4.194176038083828e-23, nan 
-5.625, -53.125, 3.388065120128264e-23, nan 
-5.375, -53.125, 1.9238955568149593e-23, nan 
-5.125, -53.125, 3.0698728568656814e-23, nan 
-4.875, -53.125, 3.3011391811864425e-23, nan 
-4.625, -53.125, 1.8063689181447104e-23, nan 
-4.375, -53.125, 1.1710858846571564e-23, nan 
-4.125, -53.125, 8.981610500975532e-24, nan 
-3.875, -53.125, 8.651614401598066e-24, nan 
-3.625, -53.125, 9.2321476846496e-24, nan 
-3.375, -53.125, 1.3169245020340624e-23, nan 
-3.125, -53.125, 1.53799960522277e-23, nan 
-2.875, -53.125, 1.0575899244389078e-23, nan 
-2.625, -53.125, 1.1349128325697153e-23, nan 
-2.375, -53.125, 1.1814902517581072e-23, nan 
-2.125, -53.125, 1.8975612830707755e-23, nan 
-1.875, -53.125, 5.392408439434551e-23, nan 
-1.625, -53.125, 6.652421702174394e-23, nan 
-1.375, -53.125, 5.290927763295573e-23, nan 
-1.125, -53.125, 5.728197532909648e-23, nan 
-0.875, -53.125, 3.776783601642301e-23, nan 
-0.625, -53.125, 9.99059163631149e-24, nan 
-0.375, -53.125, 8.585120624218787e-24, nan 
-9.875, -52.875, 3.1289629379536425e-23, nan 
-9.625, -52.875, 5.509595550011636e-23, nan 
-9.375, -52.875, 5.586418521615162e-23, nan 
-9.125, -52.875, 4.164167600373549e-23, nan 
-8.875, -52.875, 2.5609072682179505e-23, nan 
-8.625, -52.875, 1.4335444207253978e-23, nan 
-8.375, -52.875, 6.636906463764599e-24, nan 
-8.125, -52.875, 1.389965199661631e-23, nan 
-7.875, -52.875, 2.3312896551589352e-23, nan 
-7.625, -52.875, 2.3976900212166928e-23, nan 
-7.375, -52.875, 4.114624186540268e-23, nan 
-7.125, -52.875, 8.473767684091136e-23, nan 
-6.875, -52.875, 1.4475481187911827e-22, nan 
-6.625, -52.875, 1.4067281123006668e-22, nan 
-6.375, -52.875, 6.213859108151183e-23, nan 
-6.125, -52.875, 2.324268374478539e-23, nan 
-5.875, -52.875, 2.09429101686044e-23, nan 
-5.625, -52.875, 2.5629307794749387e-23, nan 
-5.375, -52.875, 7.909088169612933e-23, nan 
-5.125, -52.875, 8.192236768498487e-23, nan 
-4.875, -52.875, 6.040629592002673e-23, nan 
-4.625, -52.875, 4.5290932825266097e-23, nan 
-4.375, -52.875, 5.713781583649404e-23, nan 
-4.125, -52.875, 2.294055287525205e-23, nan 
-3.875, -52.875, 1.4079576495609462e-23, nan 
-3.625, -52.875, 1.236425567720408e-23, nan 
-3.375, -52.875, 1.4828325901206577e-23, nan 
-3.125, -52.875, 2.0630221860263506e-23, nan 
-2.875, -52.875, 1.4718855499786124e-23, nan 
-2.625, -52.875, 9.600549301377142e-24, nan 
-2.375, -52.875, 8.110127018351367e-24, nan 
-2.125, -52.875, 1.3692409935978892e-23, nan 
-1.875, -52.875, 1.636989567132304e-23, nan 
-1.625, -52.875, 4.386461731107867e-23, nan 
-1.375, -52.875, 4.5506800934526154e-23, nan 
-1.125, -52.875, 3.6498860835670706e-23, nan 
-0.875, -52.875, 1.9395419864021343e-23, nan 
-0.625, -52.875, 1.2944152141232042e-23, nan 
-9.625, -52.625, 4.7684742077359803e-23, nan 
-9.375, -52.625, 9.914044165308813e-24, nan 
-9.125, -52.625, 2.508871066965991e-24, nan 
-8.875, -52.625, 5.0963441690420975e-24, nan 
-8.625, -52.625, 9.779427556391362e-24, nan 
-8.375, -52.625, 2.3439444885559543e-23, nan 
-8.125, -52.625, 2.8741856742964073e-23, nan 
-7.875, -52.625, 3.8541113989359454e-23, nan 
-7.625, -52.625, 2.82456280545831e-23, nan 
-7.375, -52.625, 8.393637189446583e-24, nan 
-7.125, -52.625, 2.52029811688958e-23, nan 
-6.875, -52.625, 8.062971751288826e-23, nan 
-6.625, -52.625, 1.626996865219195e-22, nan 
-6.375, -52.625, 1.3846021350409113e-22, nan 
-6.125, -52.625, 4.3922786496386617e-23, nan 
-5.875, -52.625, 3.632414552328388e-23, nan 
-5.625, -52.625, 8.896775618156151e-23, nan 
-5.375, -52.625, 1.0915435387985446e-22, nan 
-5.125, -52.625, 6.068879714569717e-23, nan 
-4.875, -52.625, 3.2548060381093733e-23, nan 
-4.625, -52.625, 2.9717545261645646e-23, nan 
-4.375, -52.625, 6.075907327601772e-23, nan 
-4.125, -52.625, 5.1168276931404144e-23, nan 
-3.875, -52.625, 1.376653044597105e-23, nan 
-3.625, -52.625, 3.1908819653516095e-24, nan 
-3.375, -52.625, 1.9579852856986078e-23, nan 
-3.125, -52.625, 2.1276650895042724e-23, nan 
-2.875, -52.625, 5.491582656833209e-24, nan 
-2.625, -52.625, 6.499080580439827e-24, nan 
-2.375, -52.625, 5.836979074175213e-24, nan 
-2.125, -52.625, 4.819872861019235e-24, nan 
-1.875, -52.625, 9.093004095538758e-24, nan 
-1.625, -52.625, 1.3827984314556084e-23, nan 
-1.375, -52.625, 1.29798155153336e-23, nan 
-1.125, -52.625, 1.1126265098283243e-23, nan 
-0.875, -52.625, 1.2573908563684073e-23, nan 
-9.375, -52.375, 1.901659515999977e-24, nan 
-9.125, -52.375, 2.864541147910756e-24, nan 
-8.875, -52.375, 5.8025136704186714e-24, nan 
-8.625, -52.375, 6.964184425637064e-24, nan 
-8.375, -52.375, 5.9370685966549914e-24, nan 
-8.125, -52.375, 1.027144943532542e-23, nan 
-7.875, -52.375, 1.631878578263217e-23, nan 
-7.625, -52.375, 6.9502165854445e-24, nan 
-7.375, -52.375, 1.7571163837763057e-24, nan 
-7.125, -52.375, 1.0413918688766343e-23, nan 
-6.875, -52.375, 4.185471384527199e-23, nan 
-6.625, -52.375, 1.3087684203247425e-22, nan 
-6.375, -52.375, 1.3748563831537209e-22, nan 
-6.125, -52.375, 5.854527203746759e-23, nan 
-5.875, -52.375, 3.6501077831548566e-23, nan 
-5.625, -52.375, 8.744222190915943e-23, nan 
-5.375, -52.375, 7.783290446674181e-23, nan 
-5.125, -52.375, 8.132661108053116e-24, nan 
-4.875, -52.375, 6.356229575249853e-24, nan 
-4.625, -52.375, 5.5743841936530695e-24, nan 
-4.375, -52.375, 7.0200626808525e-24, nan 
-4.125, -52.375, 4.931556853165159e-23, nan 
-3.875, -52.375, 4.7344612747283805e-23, nan 
-3.625, -52.375, 1.3196633673219095e-23, nan 
-3.375, -52.375, 1.1893169608980928e-23, nan 
-3.125, -52.375, 5.4853033747393044e-24, nan 
-2.875, -52.375, 3.631463607143105e-24, nan 
-2.625, -52.375, 6.926590644413977e-24, nan 
-2.375, -52.375, 1.0181309809298964e-23, nan 
-2.125, -52.375, 8.232454231978216e-24, nan 
-1.875, -52.375, 1.1791668080343073e-23, nan 
-1.625, -52.375, 1.8428602161527728e-23, nan 
-1.375, -52.375, 1.483339015149786e-23, nan 
-1.125, -52.375, 1.46234829041699e-23, nan 
-0.875, -52.375, 1.340965297977897e-23, nan 
-9.125, -52.125, 2.3180149278412576e-24, nan 
-8.875, -52.125, 4.2739229382281316e-24, nan 
-8.625, -52.125, 4.41669320986415e-24, nan 
-8.375, -52.125, 3.631282545578313e-24, nan 
-8.125, -52.125, 2.411208393764196e-24, nan 
-7.875, -52.125, 2.3879423500585692e-24, nan 
-7.625, -52.125, 2.3894205225308123e-24, nan 
-7.375, -52.125, 2.5084091109506687e-24, nan 
-7.125, -52.125, 6.202702704581031e-24, nan 
-6.875, -52.125, 3.778661389039188e-23, nan 
-6.625, -52.125, 1.1463437242029593e-22, nan 
-6.375, -52.125, 1.19528530401182e-22, nan 
-6.125, -52.125, 5.345085360220972e-23, nan 
-5.875, -52.125, 4.7201403522659755e-23, nan 
-5.625, -52.125, 6.034181324632334e-23, nan 
-5.375, -52.125, 3.474237123633746e-23, nan 
-5.125, -52.125, 4.9308200319322106e-24, nan 
-4.875, -52.125, 2.7481072988082026e-24, nan 
-4.625, -52.125, 3.220107045956961e-24, nan 
-4.375, -52.125, 7.067301244456917e-24, nan 
-4.125, -52.125, 1.1147247905742845e-23, nan 
-3.875, -52.125, 4.4988762624103584e-23, nan 
-3.625, -52.125, 3.9923040952110225e-23, nan 
-3.375, -52.125, 7.974862864470985e-24, nan 
-3.125, -52.125, 5.916964310149283e-24, nan 
-2.875, -52.125, 3.5339657071768966e-24, nan 
-2.625, -52.125, 7.239005329267982e-24, nan 
-2.375, -52.125, 8.518529971777423e-24, nan 
-2.125, -52.125, 4.230042424504736e-24, nan 
-1.875, -52.125, 1.3154860156145671e-23, nan 
-1.625, -52.125, 1.7555158754200496e-23, nan 
-1.375, -52.125, 1.432901450762692e-23, nan 
-1.125, -52.125, 2.2400188023482575e-23, nan 
-8.625, -51.875, 3.1989285332480836e-24, nan 
-8.375, -51.875, 2.8823957183390434e-24, nan 
-8.125, -51.875, 2.2072233992834765e-24, nan 
-7.875, -51.875, 2.2370262741237297e-24, nan 
-7.625, -51.875, 3.146118727708922e-24, nan 
-7.375, -51.875, 4.953517700715296e-24, nan 
-7.125, -51.875, 2.7289377726604053e-23, nan 
-6.875, -51.875, 5.06215305868886e-23, nan 
-6.625, -51.875, 9.514539474948841e-23, nan 
-6.375, -51.875, 1.0731224177453073e-22, nan 
-6.125, -51.875, 7.393906207155532e-23, nan 
-5.875, -51.875, 5.842405913741286e-23, nan 
-5.625, -51.875, 5.760206208005485e-23, nan 
-5.375, -51.875, 2.6906648390187185e-23, nan 
-5.125, -51.875, 8.433142404768797e-24, nan 
-4.875, -51.875, 6.1108336128816716e-24, nan 
-4.625, -51.875, 6.653671948447383e-24, nan 
-4.375, -51.875, 1.0137685293029346e-23, nan 
-4.125, -51.875, 3.3615264440132005e-23, nan 
-3.875, -51.875, 5.16997044201009e-23, nan 
-3.625, -51.875, 3.8762141911446427e-23, nan 
-3.375, -51.875, 8.673245358490154e-24, nan 
-3.125, -51.875, 5.0357915758725706e-24, nan 
-2.875, -51.875, 4.782201449485034e-24, nan 
-2.625, -51.875, 7.280672957950095e-24, nan 
-2.375, -51.875, 8.650197280849471e-24, nan 
-2.125, -51.875, 8.610869136682921e-24, nan 
-1.875, -51.875, 9.091372504009579e-24, nan 
-1.625, -51.875, 5.414380614367995e-24, nan 
-1.375, -51.875, 4.3766127704538375e-24, nan 
-8.375, -51.625, 1.1697067401008284e-23, nan 
-8.125, -51.625, 2.969003782409301e-24, nan 
-7.875, -51.625, 9.5136780030602e-24, nan 
-7.625, -51.625, 1.9319156117655057e-23, nan 
-7.375, -51.625, 2.974492390811829e-23, nan 
-7.125, -51.625, 5.693830919434088e-23, nan 
-6.875, -51.625, 1.0117748200426344e-22, nan 
-6.625, -51.625, 1.260827059773196e-22, nan 
-6.375, -51.625, 9.956074221469142e-23, nan 
-6.125, -51.625, 5.93836636726067e-23, nan 
-5.875, -51.625, 6.737127212793696e-23, nan 
-5.625, -51.625, 7.017425914420252e-23, nan 
-5.375, -51.625, 5.501543619568171e-23, nan 
-5.125, -51.625, 4.127630468710857e-23, nan 
-4.875, -51.625, 3.093591624534876e-23, nan 
-4.625, -51.625, 4.7735678977083224e-23, nan 
-4.375, -51.625, 5.834415522515688e-23, nan 
-4.125, -51.625, 5.766455039471159e-23, nan 
-3.875, -51.625, 4.02730985897167e-23, nan 
-3.625, -51.625, 2.248559371671636e-23, nan 
-3.375, -51.625, 2.163942255657235e-23, nan 
-3.125, -51.625, 1.467548105108369e-23, nan 
-2.875, -51.625, 4.167602553073987e-24, nan 
-2.625, -51.625, 5.613680112584841e-24, nan 
-2.375, -51.625, 9.189813250718421e-24, nan 
-2.125, -51.625, 1.2164285893596519e-23, nan 
-1.875, -51.625, 1.2260495496735118e-23, nan 
-1.625, -51.625, 1.1414375139736804e-23, nan 
-1.375, -51.625, 7.798249199397448e-24, nan 
-8.125, -51.375, 5.0406368909215e-23, nan 
-7.875, -51.375, 4.4393953484978416e-23, nan 
-7.625, -51.375, 5.0984377993189e-23, nan 
-7.375, -51.375, 5.632321653428824e-23, nan 
-7.125, -51.375, 8.817160118398261e-23, nan 
-6.875, -51.375, 1.2112979261198579e-22, nan 
-6.625, -51.375, 1.0572101067765994e-22, nan 
-6.375, -51.375, 6.078339213332204e-23, nan 
-6.125, -51.375, 4.5598497665489694e-23, nan 
-5.875, -51.375, 4.845166218633129e-23, nan 
-5.625, -51.375, 2.954007759690217e-23, nan 
-5.375, -51.375, 3.9063080885872735e-23, nan 
-5.125, -51.375, 4.2484972811270374e-23, nan 
-4.875, -51.375, 4.20245042778148e-23, nan 
-4.625, -51.375, 5.641390108885405e-23, nan 
-4.375, -51.375, 3.945862269437063e-23, nan 
-4.125, -51.375, 1.2281434888511344e-23, nan 
-3.875, -51.375, 1.2466519643357388e-23, nan 
-3.625, -51.375, 1.0870489163596372e-23, nan 
-3.375, -51.375, 6.724365833477329e-24, nan 
-3.125, -51.375, 6.1131920714377036e-24, nan 
-2.875, -51.375, 4.906611873842264e-24, nan 
-2.625, -51.375, 1.0612672908368456e-23, nan 
-2.375, -51.375, 1.2772290337632274e-23, nan 
-2.125, -51.375, 1.970663456379537e-23, nan 
-1.875, -51.375, 8.731450948634544e-24, nan 
-1.625, -51.375, 1.0424529271529261e-23, nan 
-7.875, -51.125, 7.979856220057648e-23, nan 
-7.625, -51.125, 8.164114546980769e-23, nan 
-7.375, -51.125, 1.0796650881093717e-22, nan 
-7.125, -51.125, 1.1504043978334575e-22, nan 
-6.875, -51.125, 9.121373467653055e-23, nan 
-6.625, -51.125, 3.485806435860214e-23, nan 
-6.375, -51.125, 3.542110328358745e-23, nan 
-6.125, -51.125, 3.4372068555670093e-23, nan 
-5.875, -51.125, 2.130210717822572e-23, nan 
-5.625, -51.125, 1.2694881626790844e-23, nan 
-5.375, -51.125, 1.587317621068831e-23, nan 
-5.125, -51.125, 2.1739658024530412e-23, nan 
-4.875, -51.125, 1.9192771479579978e-23, nan 
-4.625, -51.125, 1.494805971842301e-23, nan 
-4.375, -51.125, 1.078934989463763e-23, nan 
-4.125, -51.125, 5.703224057620709e-24, nan 
-3.875, -51.125, 4.291104884154787e-24, nan 
-3.625, -51.125, 3.5685579846013375e-24, nan 
-3.375, -51.125, 4.502967155605692e-24, nan 
-3.125, -51.125, 6.656059655378133e-24, nan 
-2.875, -51.125, 5.4598120162905345e-24, nan 
-2.625, -51.125, 8.440882944040743e-24, nan 
-2.375, -51.125, 1.9017269437133413e-23, nan 
-2.125, -51.125, 4.8062340106571024e-23, nan 
-1.875, -51.125, 4.0700853220519487e-23, nan 
-7.625, -50.875, 7.214130814614308e-23, nan 
-7.375, -50.875, 7.248133464716531e-23, nan 
-7.125, -50.875, 3.140449017170646e-23, nan 
-6.875, -50.875, 3.053117265519071e-23, nan 
-6.625, -50.875, 3.83512774771422e-23, nan 
-6.375, -50.875, 2.886721527520127e-23, nan 
-6.125, -50.875, 1.633479905564296e-23, nan 
-5.875, -50.875, 1.0633669045886672e-23, nan 
-5.625, -50.875, 5.9299702355059175e-24, nan 
-5.375, -50.875, 1.3347721481761929e-23, nan 
-5.125, -50.875, 1.5836757948268793e-23, nan 
-4.875, -50.875, 1.2991431908171248e-23, nan 
-4.625, -50.875, 4.927471500540773e-24, nan 
-4.375, -50.875, 6.678543859298804e-24, nan 
-4.125, -50.875, 7.757859578318846e-24, nan 
-3.875, -50.875, 6.92930297890299e-24, nan 
-3.625, -50.875, 9.894832489238992e-24, nan 
-3.375, -50.875, 8.523911138908316e-24, nan 
-3.125, -50.875, 9.26238200177183e-24, nan 
-2.875, -50.875, 1.0669371091165677e-23, nan 
-2.625, -50.875, 1.4455669737469813e-23, nan 
-2.375, -50.875, 6.677715427754045e-23, nan 
-2.125, -50.875, 9.128604887474823e-23, nan 
-1.875, -50.875, 8.303421951169207e-23, nan 
-7.375, -50.625, 2.4359370238286224e-23, nan 
-7.125, -50.625, 2.0844916849704378e-23, nan 
-6.875, -50.625, 1.8337532673544217e-23, nan 
-6.625, -50.625, 2.570291839226074e-23, nan 
-6.375, -50.625, 2.2639593327576933e-23, nan 
-6.125, -50.625, 9.685736016588318e-24, nan 
-5.875, -50.625, 3.0998834184594405e-24, nan 
-5.625, -50.625, 3.806384032476197e-24, nan 
-5.375, -50.625, 6.96503664617569e-24, nan 
-5.125, -50.625, 6.606928341453283e-24, nan 
-4.875, -50.625, 1.5101866422230053e-23, nan 
-4.625, -50.625, 2.1249641823858044e-23, nan 
-4.375, -50.625, 4.435005793885431e-23, nan 
-4.125, -50.625, 3.7189291123800383e-23, nan 
-3.875, -50.625, 3.510668303553255e-23, nan 
-3.625, -50.625, 1.7579145674181852e-23, nan 
-3.375, -50.625, 7.950724843918948e-24, nan 
-3.125, -50.625, 8.186688759533801e-24, nan 
-2.875, -50.625, 1.0151999952998623e-23, nan 
-2.625, -50.625, 9.930195906936236e-24, nan 
-2.375, -50.625, 8.415370034373117e-24, nan 
-2.125, -50.625, 4.801848265864539e-23, nan 
-6.875, -50.375, 1.4117269681251612e-23, nan 
-6.625, -50.375, 1.4976142775029827e-23, nan 
-6.375, -50.375, 9.492914786575778e-24, nan 
-6.125, -50.375, 6.962642149375247e-24, nan 
-5.875, -50.375, 5.242328104173054e-24, nan 
-5.625, -50.375, 2.0452849334896044e-23, nan 
-5.375, -50.375, 4.0562189729435046e-23, nan 
-5.125, -50.375, 5.539450598843081e-23, nan 
-4.875, -50.375, 6.477594618193858e-23, nan 
-4.625, -50.375, 7.628289446978587e-23, nan 
-4.375, -50.375, 6.900529531523521e-23, nan 
-4.125, -50.375, 4.2921252810466727e-23, nan 
-3.875, -50.375, 4.7909905819377e-23, nan 
-3.625, -50.375, 4.938849406281765e-23, nan 
-3.375, -50.375, 3.67455480458746e-23, nan 
-3.125, -50.375, 6.6148106035617645e-24, nan 
-2.875, -50.375, 9.172584166288138e-24, nan 
-2.625, -50.375, 1.1539541291807972e-23, nan 
-2.375, -50.375, 1.0104945872766923e-23, nan 
-6.625, -50.125, 4.975566370181533e-24, nan 
-6.375, -50.125, 6.30923471923745e-24, nan 
-6.125, -50.125, 3.9537501703836096e-23, nan 
-5.875, -50.125, 9.227970866434828e-23, nan 
-5.625, -50.125, 9.059848614788542e-23, nan 
-5.375, -50.125, 7.090389670998513e-23, nan 
-5.125, -50.125, 7.698863030260997e-23, nan 
-4.875, -50.125, 7.081520984714006e-23, nan 
-4.625, -50.125, 5.686815126483944e-23, nan 
-4.375, -50.125, 2.8342145917633786e-23, nan 
-4.125, -50.125, 2.7251627157310057e-23, nan 
-3.875, -50.125, 2.5905611191139462e-23, nan 
-3.625, -50.125, 4.473263291035818e-23, nan 
-3.375, -50.125, 6.00213257789789e-23, nan 
-3.125, -50.125, 4.9665406769725654e-23, nan 
-2.875, -50.125, 2.2441254771959874e-23, nan 
-2.625, -50.125, 1.0916970249977951e-23, nan 
-2.375, -50.125, 7.640438018420726e-24, nan 
-6.375, -49.875, 6.489408223099243e-23, nan 
-6.125, -49.875, 1.0482319924442001e-22, nan 
-5.875, -49.875, 1.1373300112346843e-22, nan 
-5.625, -49.875, 8.172007294763812e-23, nan 
-5.375, -49.875, 5.0978567308223414e-23, nan 
-5.125, -49.875, 4.279791991938237e-23, nan 
-4.875, -49.875, 1.5705608987981698e-23, nan 
-4.625, -49.875, 1.2503654490272942e-23, nan 
-4.375, -49.875, 3.8746628776339304e-23, nan 
-4.125, -49.875, 6.456524336399281e-23, nan 
-3.875, -49.875, 5.353558596215103e-23, nan 
-3.625, -49.875, 2.731795737318637e-23, nan 
-3.375, -49.875, 4.728436118373277e-23, nan 
-3.125, -49.875, 6.058314086129616e-23, nan 
-2.875, -49.875, 8.798865868621501e-23, nan 
-2.625, -49.875, 8.392163867062266e-23, nan 
-6.125, -49.625, 1.1004666952457235e-22, 1.1014388862442533e-22 
-5.875, -49.625, 9.958155766637145e-23, 9.967997601481985e-23 
-5.625, -49.625, 5.209413818441816e-23, 5.215108722219337e-23 
-5.375, -49.625, 3.131158745751687e-23, 3.1348093140395566e-23 
-5.125, -49.625, 3.964416897464324e-24, 3.969357541252388e-24 
-4.875, -49.625, 4.8993659788397246e-24, 4.905865501264547e-24 
-4.625, -49.625, 5.2573851000757766e-23, 5.2647820131651416e-23 
-4.375, -49.625, 8.244802841126172e-23, 8.25683416887567e-23 
-4.125, -49.625, 7.694063501924684e-23, 7.705469577621354e-23 
-3.875, -49.625, 1.1291972355251745e-22, 1.1308973996762984e-22 
-3.625, -49.625, 9.392439110820531e-23, 9.406798522018182e-23 
-3.375, -49.625, 5.2660016423218385e-23, 5.2742403573851476e-23 
-3.125, -49.625, 1.0109068254287849e-22, 1.0125869598926682e-22 
-2.875, -49.625, 1.0709036587272266e-22, 1.0727899005115436e-22 
-5.875, -49.375, 9.188811123869509e-23, 9.196378632936106e-23 
-5.625, -49.375, 4.872020098667965e-23, 4.876369838629247e-23 
-5.375, -49.375, 9.990163557859702e-24, 9.999722585708273e-24 
-5.125, -49.375, 2.9771296463129066e-24, 2.980179605003104e-24 
-4.875, -49.375, 3.977820316959657e-24, 3.982215134741623e-24 
-4.625, -49.375, 4.694596625369385e-24, 4.700160627538449e-24 
-4.375, -49.375, 8.576000504815227e-23, 8.58662797595193e-23 
-4.125, -49.375, 1.076710462378003e-22, 1.0780766473091098e-22 
-3.875, -49.375, 7.330187084662924e-23, 7.339658018773373e-23 
-3.625, -49.375, 4.3114363983293016e-23, 4.317106966189783e-23 
-3.375, -49.375, 3.273388750772746e-23, 3.2777840993992864e-23 
-3.125, -49.375, 7.744395989391472e-23, 7.755101608311545e-23 
-5.375, -49.125, 8.735169404630026e-24, 8.741732459883109e-24 
-5.125, -49.125, 1.373323245265666e-24, 1.3744430326852348e-24 
-4.875, -49.125, 5.617479508783062e-25, 5.62243998271425e-25 
-4.625, -49.125, 4.356252267193605e-24, 4.360449146386339e-24 
-4.375, -49.125, 5.4294722509624394e-24, 5.4349964214342766e-24 
-4.125, -49.125, 5.2114430060620646e-23, 5.216908818687029e-23 
-3.875, -49.125, 2.2368818524959012e-23, 2.2392941913762015e-23 
-3.625, -49.125, 2.463622589923209e-23, 2.466336609894373e-23 
-3.375, -49.125, 3.449377531599658e-23, 3.4532724225328826e-23 
-5.125, -48.875, 2.916899533579941e-23, 2.918678477203443e-23 
-4.875, -48.875, 6.295228738140653e-24, 6.2994712656874765e-24 
-4.625, -48.875, 3.704731014862615e-24, 3.707478530548215e-24 
-4.375, -48.875, 7.00158097618902e-24, 7.007151843836881e-24 
-4.125, -48.875, 8.061651481119533e-24, 8.068318740670586e-24 
-3.875, -48.875, 1.5826245534183093e-23, 1.5839830904436354e-23 
-3.625, -48.875, 3.5305082928230166e-23, 3.5336434699302173e-23 
-3.375, -48.875, 8.310096184353274e-23, 8.317704498231972e-23 
-4.875, -48.625, 5.336274560977062e-23, 5.33881235890033e-23 
-4.625, -48.625, 3.273557387764245e-23, 3.275323905913513e-23 
-4.375, -48.625, 3.2790961857107335e-23, 3.2809679751534365e-23 
-4.125, -48.625, 2.922876927652636e-23, 2.9246371073800504e-23 
-3.875, -48.625, 4.0633585135028944e-23, 4.065933014224221e-23 
-3.625, -48.625, 5.301535560857386e-23, 5.305060917826801e-23 
-4.625, -48.375, 5.355933120951343e-23, 5.357512695891576e-23 
-4.375, -48.375, 4.8492240119287506e-23, 4.85076975250559e-23 
-4.125, -48.375, 5.766766611245565e-23, 5.76878585846637e-23 
-3.875, -48.375, 6.569750933736753e-23, 6.572257574125879e-23 
-4.375, -48.125, 3.6995344377506416e-23, 3.6997810697101657e-23 
-4.125, -48.125, 5.1739024345842536e-23, 5.1744098213633597e-23 
