# lon_gridpoint [deg], lat_gridpoint [deg], P_R_modelGRS [W], P_R_modelFREND [W] 
113.375, 48.125, 1.0427210098475619e-23, 1.0420877288473592e-23 
113.625, 48.125, 6.621501741454507e-24, 6.617502702540514e-24 
113.875, 48.125, 3.286977820626774e-24, 3.2848484135138647e-24 
114.125, 48.125, 6.5644966452184905e-24, 6.559746847943714e-24 
114.375, 48.125, 2.193180889880723e-23, 2.1913903092872543e-23 
114.625, 48.125, 5.233231633655682e-24, 5.2284507556833546e-24 
114.875, 48.125, 3.354969039317104e-24, 3.351562795936372e-24 
115.125, 48.125, 9.77601605608718e-24, 9.764986273917879e-24 
115.375, 48.125, 1.1495818124897367e-23, 1.1481533757753509e-23 
115.625, 48.125, 1.1138079678252954e-23, 1.112291768171367e-23 
115.875, 48.125, 4.829604699531832e-24, 4.822368327604546e-24 
116.125, 48.125, 5.722622724819999e-24, 5.713172570126585e-24 
116.375, 48.125, 5.640485128651023e-24, 5.6303366037329355e-24 
116.625, 48.125, 2.0976097536854202e-23, 2.0935625773659397e-23 
116.875, 48.125, 2.4371060507891775e-23, 2.43198380104842e-23 
117.125, 48.125, 2.990921796682281e-23, 2.984006607960646e-23 
117.375, 48.125, 2.332996072007353e-23, 2.327188552795466e-23 
117.625, 48.125, 9.229509099652901e-24, 9.204962365683096e-24 
117.875, 48.125, 1.0550195645962523e-23, 1.052046462734038e-23 
118.125, 48.125, 1.1462866293999967e-23, 1.1428873093949682e-23 
118.375, 48.125, 1.3755561424626762e-23, 1.3712608450617263e-23 
118.625, 48.125, 7.893528485965985e-24, 7.867354774389129e-24 
118.875, 48.125, 6.702740463571913e-24, 6.679297927436682e-24 
119.125, 48.125, 8.565436261470117e-25, 8.534015510742636e-25 
119.375, 48.125, 5.658567053608776e-24, 5.63691175227153e-24 
119.625, 48.125, 1.0769210435530582e-23, 1.0726322987855136e-23 
119.875, 48.125, 1.2088776670109998e-23, 1.203870827407234e-23 
120.125, 48.125, 1.2133636792454343e-23, 1.2081447921235104e-23 
120.375, 48.125, 1.006817968922359e-23, 1.002331543820018e-23 
120.625, 48.125, 5.072748085945945e-24, 5.049363812236972e-24 
120.875, 48.125, 1.091497153416905e-23, 1.086291610366358e-23 
121.125, 48.125, 1.303304679008704e-23, 1.2968736751692781e-23 
121.375, 48.125, 8.360930855506483e-24, 8.318369360008944e-24 
121.625, 48.125, 4.656182891929208e-24, 4.631764498478622e-24 
121.875, 48.125, 6.809881307307943e-24, 6.773347817653816e-24 
122.125, 48.125, 5.517542543083605e-24, 5.4874727183128946e-24 
122.375, 48.125, 2.9437329159336995e-24, 2.9274527407707194e-24 
122.625, 48.125, 3.066010005590602e-24, 3.0488102573221947e-24 
122.875, 48.125, 5.837583039146307e-24, 5.804244609111625e-24 
123.125, 48.125, 5.113705701555109e-24, 5.0838612148736864e-24 
123.375, 48.125, 3.459932818728126e-24, 3.439330260526945e-24 
123.625, 48.125, 5.611521088879837e-24, 5.577629101704082e-24 
123.875, 48.125, 9.220383137640706e-24, 9.163909945640534e-24 
124.125, 48.125, 8.403401390922634e-24, 8.351216862324076e-24 
124.375, 48.125, 1.1317535496513574e-23, 1.124650959741326e-23 
124.625, 48.125, 1.1800799190152606e-23, 1.1725977384061566e-23 
124.875, 48.125, 1.0686079194270297e-23, 1.0617810804907583e-23 
125.125, 48.125, 2.09421889123556e-23, 2.0807710067928464e-23 
125.375, 48.125, 1.4471307056298138e-23, 1.4377891889072845e-23 
125.625, 48.125, 4.692389657844577e-24, 4.661918091496013e-24 
125.875, 48.125, 5.7787030644152255e-24, 5.7408493786236105e-24 
126.125, 48.125, 7.548673451417023e-24, 7.498631178355806e-24 
126.375, 48.125, 9.183851073206518e-24, 9.122238132053355e-24 
126.625, 48.125, 7.843482111720588e-24, 7.7901989712608e-24 
126.875, 48.125, 4.8023885966492975e-24, 4.769358858774084e-24 
127.125, 48.125, 1.0052781973422335e-23, 9.982792008659966e-24 
127.375, 48.125, 1.1606174743431152e-23, 1.1524389184017484e-23 
127.625, 48.125, 7.241072235314964e-24, 7.18943461032351e-24 
127.875, 48.125, 5.7744975555101556e-24, 5.7329455267064954e-24 
128.125, 48.125, 5.58800982199033e-24, 5.5475837268087726e-24 
128.375, 48.125, 6.296547636179734e-24, 6.250540364964722e-24 
128.625, 48.125, 1.0286943953887805e-23, 1.0210910635701013e-23 
128.875, 48.125, 9.250573201112228e-24, 9.181598985560816e-24 
129.125, 48.125, 4.5572762219342635e-24, 4.5231200217969385e-24 
129.375, 48.125, 2.4108397849105084e-24, 2.3926899011783807e-24 
129.625, 48.125, 3.953505493712685e-24, 3.923618611023574e-24 
129.875, 48.125, 8.792564212324602e-24, 8.726011690402779e-24 
109.375, 48.375, 9.424436086071323e-25, 9.405622295775213e-25 
109.625, 48.375, 1.4308414149243491e-24, 1.4281124471374045e-24 
109.875, 48.375, 2.1233358455566615e-24, 2.119475186369114e-24 
110.125, 48.375, 2.352797262044886e-24, 2.348728920162951e-24 
110.375, 48.375, 3.2577031228982033e-24, 3.2523602097058275e-24 
110.625, 48.375, 2.4697107249678864e-24, 2.465880180374218e-24 
110.875, 48.375, 3.1307371270513975e-24, 3.1261602354588492e-24 
111.125, 48.375, 3.7308049189617756e-24, 3.7256831882446314e-24 
111.375, 48.375, 5.57211416060591e-24, 5.5649611766872426e-24 
111.625, 48.375, 6.46210346561584e-24, 6.45438391110114e-24 
111.875, 48.375, 1.8180108852269434e-23, 1.8159952558837672e-23 
112.125, 48.375, 1.3739194389416354e-23, 1.372502700322285e-23 
112.375, 48.375, 5.811029945471148e-24, 5.805389919029253e-24 
112.625, 48.375, 5.468328169820857e-24, 5.4633521482561305e-24 
112.875, 48.375, 1.0885015235755845e-23, 1.0875630643502313e-23 
113.125, 48.375, 2.5390683179962074e-23, 2.5369896183755875e-23 
113.375, 48.375, 9.749125503444462e-24, 9.741735063521379e-24 
113.625, 48.375, 1.4413180054449448e-23, 1.4403033967643378e-23 
113.875, 48.375, 1.1198037112255307e-23, 1.1189662854177844e-23 
114.125, 48.375, 3.480849825206595e-24, 3.4779831126970015e-24 
114.375, 48.375, 4.935245368866214e-24, 4.930842505781774e-24 
114.625, 48.375, 1.122094561452697e-23, 1.1210012970297109e-23 
114.875, 48.375, 9.252843261132147e-24, 9.242903680917914e-24 
115.125, 48.375, 2.096624872947671e-24, 2.0941329740557395e-24 
115.375, 48.375, 1.5602859156729635e-23, 1.558246257130076e-23 
115.625, 48.375, 1.9222336352390012e-23, 1.9194926242548052e-23 
115.875, 48.375, 1.3468106250498934e-23, 1.344705525790435e-23 
116.125, 48.375, 9.042756574345762e-24, 9.027285024708192e-24 
116.375, 48.375, 5.005999018039357e-24, 4.996782349000667e-24 
116.625, 48.375, 1.2034472531755442e-23, 1.2010748611073815e-23 
116.875, 48.375, 1.3421354038131015e-23, 1.3392582710131892e-23 
117.125, 48.375, 1.2330726257649516e-23, 1.2301699732171846e-23 
117.375, 48.375, 1.4156267782026414e-23, 1.4119966477542665e-23 
117.625, 48.375, 1.433370644508517e-23, 1.4294410313496377e-23 
117.875, 48.375, 8.34953925174887e-24, 8.325325610913354e-24 
118.125, 48.375, 8.034908966931837e-24, 8.010346369747448e-24 
118.375, 48.375, 2.3532198516584677e-23, 2.345571321422277e-23 
118.625, 48.375, 3.434897799214015e-23, 3.423069664438747e-23 
118.875, 48.375, 3.1102835262033034e-23, 3.099008274650121e-23 
119.125, 48.375, 2.9890999765745353e-23, 2.9777532423335246e-23 
119.375, 48.375, 2.2160679475968942e-23, 2.2072731961902355e-23 
119.625, 48.375, 7.267741552363374e-24, 7.237656678832141e-24 
119.875, 48.375, 7.595105466660687e-24, 7.562389380441382e-24 
120.125, 48.375, 4.758931820049499e-24, 4.7376737479097485e-24 
120.375, 48.375, 3.002681962819006e-24, 2.988790192376945e-24 
120.625, 48.375, 4.890298212242176e-24, 4.866916056771491e-24 
120.875, 48.375, 4.959495171770272e-24, 4.9349915826701175e-24 
121.125, 48.375, 7.254649643015885e-24, 7.21760766893944e-24 
121.375, 48.375, 1.0685066592769917e-23, 1.062874354618735e-23 
121.625, 48.375, 9.350826467319405e-24, 9.300076442428813e-24 
121.875, 48.375, 8.192579283298756e-24, 8.147128294462638e-24 
122.125, 48.375, 7.660688994451901e-24, 7.617536985990196e-24 
122.375, 48.375, 6.176180020998095e-24, 6.140864570662444e-24 
122.625, 48.375, 3.8863289404486264e-24, 3.86379366506072e-24 
122.875, 48.375, 5.4516495476581234e-24, 5.419485924762176e-24 
123.125, 48.375, 5.467836785139584e-24, 5.434929578076632e-24 
123.375, 48.375, 3.679805910602776e-24, 3.6573464721941056e-24 
123.625, 48.375, 8.35846304712659e-24, 8.30673635954565e-24 
123.875, 48.375, 9.125212434920853e-24, 9.067964009219157e-24 
124.125, 48.375, 1.0432235223997887e-23, 1.0365899033789204e-23 
124.375, 48.375, 9.70108234371737e-24, 9.638756866061533e-24 
124.625, 48.375, 8.810541896330122e-24, 8.753329768544418e-24 
124.875, 48.375, 6.166072618365594e-24, 6.1256770622258005e-24 
125.125, 48.375, 2.1639943247083717e-23, 2.149744378445859e-23 
125.375, 48.375, 2.285771770065257e-23, 2.2706316140506526e-23 
125.625, 48.375, 3.04530426878305e-24, 3.025015584516379e-24 
125.875, 48.375, 6.584073676746407e-24, 6.5398351894473e-24 
126.125, 48.375, 9.072124256887552e-24, 9.010446866637365e-24 
126.375, 48.375, 1.1339532747541123e-23, 1.1261482383770926e-23 
126.625, 48.375, 9.040921988089457e-24, 8.977929302281184e-24 
126.875, 48.375, 4.37690498409231e-24, 4.346039109983611e-24 
127.125, 48.375, 7.770127344445004e-24, 7.714676062231693e-24 
127.375, 48.375, 8.950182820986734e-24, 8.885553922760275e-24 
127.625, 48.375, 1.192434284724352e-23, 1.183723014396012e-23 
127.875, 48.375, 1.1676543877110927e-23, 1.159048741991005e-23 
128.125, 48.375, 8.2273485149708e-24, 8.166394671716925e-24 
128.375, 48.375, 6.906103530306906e-24, 6.854671389243379e-24 
128.625, 48.375, 7.907633696591552e-24, 7.848170173451234e-24 
128.875, 48.375, 7.128594303326702e-24, 7.074525818907924e-24 
129.125, 48.375, 5.215634588962803e-24, 5.175873726066463e-24 
129.375, 48.375, 4.8316432169475325e-24, 4.7946474178850794e-24 
129.625, 48.375, 5.641992375453063e-24, 5.5986160186343484e-24 
129.875, 48.375, 7.407587630538819e-24, 7.350566071863321e-24 
130.125, 48.375, 5.47868018414083e-24, 5.436588333115165e-24 
130.375, 48.375, 4.476637996835778e-24, 4.442105233461354e-24 
130.625, 48.375, 4.763573898443607e-24, 4.726679319054022e-24 
130.875, 48.375, 1.3810649151564563e-23, 1.370354513493159e-23 
131.125, 48.375, 1.5112372251972684e-23, 1.4995481977924598e-23 
131.375, 48.375, 8.89002569975435e-24, 8.821445343862709e-24 
131.625, 48.375, 4.197684255762237e-24, 4.165387836870982e-24 
131.875, 48.375, 3.888267618099009e-24, 3.8583597538018025e-24 
132.125, 48.375, 6.024260695024359e-24, 5.9777354214569086e-24 
132.375, 48.375, 4.812947089820524e-24, 4.775350884302472e-24 
132.625, 48.375, 4.009179883000966e-24, 3.977507493180156e-24 
132.875, 48.375, 6.402201632040326e-24, 6.350928093610285e-24 
133.125, 48.375, 1.2225957425234464e-23, 1.2126329946790279e-23 
133.375, 48.375, 1.3756546711418863e-23, 1.3642519053778245e-23 
133.625, 48.375, 7.042767322443273e-24, 6.98368354901157e-24 
133.875, 48.375, 6.941449686556258e-24, 6.882349199272916e-24 
106.375, 48.625, 5.926457267651692e-24, 5.9073823579549436e-24 
106.625, 48.625, 1.0405997702461737e-23, 1.0373754552699074e-23 
106.875, 48.625, 5.823114139199183e-24, 5.805648868898842e-24 
107.125, 48.625, 5.6441576866840445e-24, 5.6277138540523654e-24 
107.375, 48.625, 4.849553852044248e-24, 4.835841545818623e-24 
107.625, 48.625, 8.829946423251024e-24, 8.805737857444627e-24 
107.875, 48.625, 5.043646033044525e-24, 5.030206503421169e-24 
108.125, 48.625, 1.2104053767203305e-24, 1.2072840692299549e-24 
108.375, 48.625, 5.975571162344516e-24, 5.960675247059942e-24 
108.625, 48.625, 6.3199355129603316e-24, 6.304724285538631e-24 
108.875, 48.625, 4.2347365268341895e-24, 4.224870323897848e-24 
109.125, 48.625, 3.323607585972553e-24, 3.316157388614964e-24 
109.375, 48.625, 3.0360254544417184e-24, 3.02949013555681e-24 
109.625, 48.625, 2.2724046988527914e-24, 2.267715433754818e-24 
109.875, 48.625, 4.746565702375419e-24, 4.7371934312327196e-24 
110.125, 48.625, 5.098048030420952e-24, 5.088435693182554e-24 
110.375, 48.625, 2.675978727192854e-24, 2.6711714958913304e-24 
110.625, 48.625, 3.191508968314473e-24, 3.186059875440531e-24 
110.875, 48.625, 2.4012400868179833e-24, 2.3973541746574816e-24 
111.125, 48.625, 2.993409924128431e-24, 2.9888323886009327e-24 
111.375, 48.625, 5.9430491428639824e-24, 5.934490537746229e-24 
111.625, 48.625, 9.419175076077758e-24, 9.406449856200785e-24 
111.875, 48.625, 7.833501057454713e-24, 7.823544966617831e-24 
112.125, 48.625, 1.8354344122434792e-24, 1.83321282058418e-24 
112.375, 48.625, 5.4220927371339946e-24, 5.415858366609466e-24 
112.625, 48.625, 1.676052897307351e-23, 1.6742273078129996e-23 
112.875, 48.625, 3.561945762319575e-23, 3.558256453086129e-23 
113.125, 48.625, 5.944825807806808e-23, 5.939028703097895e-23 
113.375, 48.625, 4.144696475326163e-23, 4.140905994117167e-23 
113.625, 48.625, 2.1166862993634712e-23, 2.1148788273127713e-23 
113.875, 48.625, 1.0617124519958778e-23, 1.060812282388943e-23 
114.125, 48.625, 1.363195696367738e-23, 1.3619366651222624e-23 
114.375, 48.625, 7.97314318550068e-24, 7.965317068620651e-24 
114.625, 48.625, 1.0171528814387825e-23, 1.0160977130012119e-23 
114.875, 48.625, 9.353492575256136e-24, 9.342881187214363e-24 
115.125, 48.625, 4.783727918053776e-24, 4.777733001176071e-24 
115.375, 48.625, 1.1810050544427128e-23, 1.1793848256724167e-23 
115.625, 48.625, 1.7167561479247453e-23, 1.7141970891455285e-23 
115.875, 48.625, 1.3059060427197594e-23, 1.3037870364618956e-23 
116.125, 48.625, 9.850894616580667e-24, 9.83362774143539e-24 
116.375, 48.625, 1.2184558831934447e-23, 1.2161614982761587e-23 
116.625, 48.625, 1.2580980242751079e-23, 1.2555651661531387e-23 
116.875, 48.625, 4.430570400850991e-24, 4.420886829356712e-24 
117.125, 48.625, 3.356356013481708e-24, 3.348314365396654e-24 
117.375, 48.625, 1.758277030911628e-23, 1.753694448078917e-23 
117.625, 48.625, 1.895792425729701e-23, 1.8904526169896102e-23 
117.875, 48.625, 1.231923889454541e-23, 1.2282387400523942e-23 
118.125, 48.625, 4.22064847604571e-23, 4.207207257914053e-23 
118.375, 48.625, 4.79049532620608e-23, 4.7743134529957056e-23 
118.625, 48.625, 6.293303843584082e-23, 6.270829107135365e-23 
118.875, 48.625, 2.398877266558977e-22, 2.3898745910600697e-22 
119.125, 48.625, 3.4673720433543944e-23, 3.4537668503683734e-23 
119.375, 48.625, 4.968928013534382e-23, 4.9485141223281914e-23 
119.625, 48.625, 4.2769330889251734e-23, 4.258533256451416e-23 
119.875, 48.625, 4.4630628709302416e-24, 4.44309807581981e-24 
120.125, 48.625, 6.1167221094468324e-24, 6.088384465371129e-24 
120.375, 48.625, 8.402202683258422e-24, 8.361936809021386e-24 
120.625, 48.625, 6.999525001162407e-24, 6.964864803790729e-24 
120.875, 48.625, 5.775481871722996e-24, 5.745955704484568e-24 
121.125, 48.625, 4.857009665663507e-24, 4.8313764802667634e-24 
121.375, 48.625, 1.752754691398966e-24, 1.743214780821947e-24 
121.625, 48.625, 3.317417717070573e-24, 3.298813427493325e-24 
121.875, 48.625, 4.800459102167437e-24, 4.772948173937113e-24 
122.125, 48.625, 7.511669216638446e-24, 7.467981388563198e-24 
122.375, 48.625, 7.199447768493392e-24, 7.15696312774599e-24 
122.625, 48.625, 4.812561722181851e-24, 4.783752752112159e-24 
122.875, 48.625, 5.746766650532008e-24, 5.711814592834734e-24 
123.125, 48.625, 7.137935873004352e-24, 7.093915146065865e-24 
123.375, 48.625, 4.934942986540045e-24, 4.904088410870084e-24 
123.625, 48.625, 9.235108432421238e-24, 9.176582003653118e-24 
123.875, 48.625, 1.5225088649258423e-23, 1.5127305437235254e-23 
124.125, 48.625, 2.0809743419725775e-23, 2.0674321318161372e-23 
124.375, 48.625, 1.326913596526887e-23, 1.3181856804013306e-23 
124.625, 48.625, 1.4257087748058324e-23, 1.4162187806332946e-23 
124.875, 48.625, 1.8957160251931518e-23, 1.8829865810193865e-23 
125.125, 48.625, 2.365513540998649e-23, 2.3495380862208934e-23 
125.375, 48.625, 2.3990876341587278e-23, 2.3827927444842426e-23 
125.625, 48.625, 2.0984695930042306e-23, 2.0841354556779798e-23 
125.875, 48.625, 6.714498634130156e-24, 6.668247216571668e-24 
126.125, 48.625, 7.438947650925917e-24, 7.387077615169843e-24 
126.375, 48.625, 8.426450029542821e-24, 8.36698251275244e-24 
126.625, 48.625, 5.6356587274667455e-24, 5.5954103868421354e-24 
126.875, 48.625, 1.0529429579109347e-23, 1.0453341650334202e-23 
127.125, 48.625, 1.0895835984396021e-23, 1.0816179710496262e-23 
127.375, 48.625, 9.797435772842183e-24, 9.724981731933392e-24 
127.625, 48.625, 1.1306343589410401e-23, 1.1221775469434476e-23 
127.875, 48.625, 1.479696133342181e-23, 1.4685328771899055e-23 
128.125, 48.625, 1.0956193262926595e-23, 1.0873112964765362e-23 
128.375, 48.625, 1.1262886100612603e-23, 1.1177044686148831e-23 
128.625, 48.625, 6.75552003450018e-24, 6.703770829394419e-24 
128.875, 48.625, 4.134473450469653e-24, 4.102583155369113e-24 
129.125, 48.625, 2.9638869510010978e-24, 2.940911087652309e-24 
129.375, 48.625, 9.089244742800352e-24, 9.018480218304872e-24 
129.625, 48.625, 1.180332552844557e-23, 1.1711062771135707e-23 
129.875, 48.625, 9.76937905211266e-24, 9.692867977562186e-24 
130.125, 48.625, 6.105717613947871e-24, 6.0577090997420064e-24 
130.375, 48.625, 4.534494401588357e-24, 4.498698944532286e-24 
130.625, 48.625, 1.5211962331637167e-23, 1.50914045887643e-23 
130.875, 48.625, 1.5346275604695488e-23, 1.5224499410644253e-23 
131.125, 48.625, 1.4805411477376498e-23, 1.4688229677596095e-23 
131.375, 48.625, 1.1795505337878956e-23, 1.170238735359979e-23 
131.625, 48.625, 5.70638466153091e-24, 5.6614530050712675e-24 
131.875, 48.625, 4.530138585276053e-24, 4.49445243753059e-24 
132.125, 48.625, 5.050693741250033e-24, 5.010459960386748e-24 
132.375, 48.625, 6.856544237205472e-24, 6.801318253042047e-24 
132.625, 48.625, 5.398127767257556e-24, 5.3541708110031895e-24 
132.875, 48.625, 3.872857415892262e-24, 3.840899434953124e-24 
133.125, 48.625, 8.338776589675456e-24, 8.268798288442852e-24 
133.375, 48.625, 2.830159697275636e-23, 2.8060126120977026e-23 
133.625, 48.625, 2.726983317197144e-23, 2.7033343396772415e-23 
133.875, 48.625, 1.6377341681537777e-23, 1.6232966286417102e-23 
134.125, 48.625, 7.691553906519028e-24, 7.622139210290009e-24 
134.375, 48.625, 6.142054854790392e-24, 6.085346634986831e-24 
134.625, 48.625, 5.121968285355003e-24, 5.075904107404204e-24 
134.875, 48.625, 4.523569942870021e-24, 4.4844830273770544e-24 
135.125, 48.625, 2.513716373093228e-24, 2.4927758088357237e-24 
135.375, 48.625, 3.614949772221145e-24, 3.5859583491021065e-24 
135.625, 48.625, 4.9315313187512944e-24, 4.893515282568714e-24 
135.875, 48.625, 5.9925692281302185e-24, 5.948374713628185e-24 
136.125, 48.625, 5.577950731758456e-24, 5.5388115472691734e-24 
136.375, 48.625, 3.2472999794776485e-24, 3.2256790179202292e-24 
136.625, 48.625, 4.4746732792068e-24, 4.446487371873108e-24 
136.875, 48.625, 5.957339349359527e-24, 5.921631357394109e-24 
103.875, 48.875, 6.209744540183348e-24, 6.181632046203046e-24 
104.125, 48.875, 5.092378941863523e-24, 5.069781699994619e-24 
104.375, 48.875, 3.504351989496253e-24, 3.4891219895571274e-24 
104.625, 48.875, 3.0184104690688275e-24, 3.0055684140311456e-24 
104.875, 48.875, 2.8051279024048812e-24, 2.7935100031644045e-24 
105.125, 48.875, 3.851620092901077e-24, 3.836007388560171e-24 
105.375, 48.875, 4.844822093524337e-24, 4.82559898345364e-24 
105.625, 48.875, 5.444881563144747e-24, 5.423744668130826e-24 
105.875, 48.875, 5.700448306818824e-24, 5.678929072954251e-24 
106.125, 48.875, 3.330586528411928e-24, 3.318413358657975e-24 
106.375, 48.875, 4.2118549589930764e-24, 4.196966453525209e-24 
106.625, 48.875, 7.611817054797288e-24, 7.585913888517049e-24 
106.875, 48.875, 4.3364422488096776e-24, 4.322182972710884e-24 
107.125, 48.875, 7.1456354091836e-24, 7.122752345778676e-24 
107.375, 48.875, 5.278177173076838e-24, 5.261727664967866e-24 
107.625, 48.875, 6.60927260422404e-24, 6.589383252170195e-24 
107.875, 48.875, 2.961402407829333e-24, 2.9528325140709454e-24 
108.125, 48.875, 2.927280871661327e-24, 2.9190611866672553e-24 
108.375, 48.875, 6.3425829767715384e-24, 6.325318183968704e-24 
108.625, 48.875, 7.177945996406672e-24, 7.159092671393794e-24 
108.875, 48.875, 2.8114702501043873e-24, 2.8043664629367282e-24 
109.125, 48.875, 3.851234542305318e-24, 3.841843086677078e-24 
109.375, 48.875, 3.974942469982085e-24, 3.9656031068041506e-24 
109.625, 48.875, 3.7005535216941375e-24, 3.692188235290437e-24 
109.875, 48.875, 3.217392054148276e-24, 3.210405393070493e-24 
110.125, 48.875, 3.1984350961750986e-24, 3.191774364420541e-24 
110.375, 48.875, 4.7381028955472095e-24, 4.728657708143754e-24 
110.625, 48.875, 6.43506267995265e-24, 6.4228655961140454e-24 
110.875, 48.875, 2.760424041498465e-24, 2.755486907031865e-24 
111.125, 48.875, 2.7591939687589564e-24, 2.754506541400911e-24 
111.375, 48.875, 1.2032585251609146e-24, 1.2013215817122632e-24 
111.625, 48.875, 6.806997393626961e-24, 6.796646361004405e-24 
111.875, 48.875, 7.398522052639207e-24, 7.387810755947108e-24 
112.125, 48.875, 4.1215764353194994e-24, 4.115858984613883e-24 
112.375, 48.875, 4.447929351320334e-24, 4.44202859454554e-24 
112.625, 48.875, 7.07692957416458e-24, 7.068019465169347e-24 
112.875, 48.875, 1.1230629380674645e-23, 1.1217131612453086e-23 
113.125, 48.875, 3.217400898928049e-23, 3.213717389676065e-23 
113.375, 48.875, 1.746443769957952e-23, 1.7445501562731695e-23 
113.625, 48.875, 4.371527452104747e-24, 4.367052505760709e-24 
113.875, 48.875, 3.398666077640448e-24, 3.395232341839817e-24 
114.125, 48.875, 7.427093895988028e-24, 7.419332480123267e-24 
114.375, 48.875, 3.588695753446764e-24, 3.584745200277972e-24 
114.625, 48.875, 8.640230362866428e-24, 8.630213978478259e-24 
114.875, 48.875, 6.863773474354219e-24, 6.855248262236762e-24 
115.125, 48.875, 4.6538293696105605e-24, 4.647511711458832e-24 
115.375, 48.875, 2.7132805253347395e-24, 2.7092750486892234e-24 
115.625, 48.875, 7.104200838342632e-24, 7.092869701251384e-24 
115.875, 48.875, 6.641987416916471e-24, 6.630401626134196e-24 
116.125, 48.875, 9.113864404178833e-24, 9.096717270704153e-24 
116.375, 48.875, 8.954680805543419e-24, 8.936667094317197e-24 
116.625, 48.875, 6.2341726980562426e-24, 6.220819811821026e-24 
116.875, 48.875, 8.2262173930167e-24, 8.207179561591698e-24 
117.125, 48.875, 6.851155520138897e-24, 6.833858891694617e-24 
117.375, 48.875, 9.18340115812412e-24, 9.15828458164182e-24 
117.625, 48.875, 1.2825060357965655e-23, 1.2787345359941265e-23 
117.875, 48.875, 3.435555773962123e-23, 3.424798277662103e-23 
118.125, 48.875, 4.728118153590497e-23, 4.7123995148432565e-23 
118.375, 48.875, 8.094065422449575e-23, 8.065592096799682e-23 
118.625, 48.875, 3.293367430071146e-22, 3.2811600630332927e-22 
118.875, 48.875, 5.562325238103886e-22, 5.5407432904753015e-22 
119.125, 48.875, 3.669530744861069e-22, 3.6546455567121256e-22 
119.375, 48.875, 3.615010366012777e-23, 3.599645736855962e-23 
119.625, 48.875, 4.524223959436372e-23, 4.504118101419003e-23 
119.875, 48.875, 2.4965238074550695e-23, 2.484981077399218e-23 
120.125, 48.875, 7.270422609829562e-24, 7.23564043830661e-24 
120.375, 48.875, 8.227384983761467e-24, 8.18671239869263e-24 
120.625, 48.875, 5.209632084023608e-24, 5.183046981074325e-24 
120.875, 48.875, 7.592232483834349e-24, 7.552256309969646e-24 
121.125, 48.875, 6.74888079798812e-24, 6.712229967997474e-24 
121.375, 48.875, 6.583325911430044e-24, 6.546486206892044e-24 
121.625, 48.875, 9.328047549401777e-24, 9.274361621411909e-24 
121.875, 48.875, 9.63240050690848e-24, 9.575915783245235e-24 
122.125, 48.875, 5.820285849557884e-24, 5.7856601532033665e-24 
122.375, 48.875, 3.520001693374655e-24, 3.498761125068187e-24 
122.625, 48.875, 1.0028587541037484e-23, 9.96721898537917e-24 
122.875, 48.875, 1.2933120776829673e-23, 1.2852842241268148e-23 
123.125, 48.875, 1.7012005784904827e-23, 1.6904940333036747e-23 
123.375, 48.875, 1.7351316327468222e-23, 1.7240638443535543e-23 
123.625, 48.875, 1.5906985604471306e-23, 1.5804166514878418e-23 
123.875, 48.875, 9.034190030673274e-24, 8.975026046981291e-24 
124.125, 48.875, 1.0966482295945837e-23, 1.0897392450534206e-23 
124.375, 48.875, 1.7976435595933602e-23, 1.786288167018745e-23 
124.625, 48.875, 1.665040778247844e-23, 1.6544029701509257e-23 
124.875, 48.875, 6.172813354033892e-24, 6.133156319498253e-24 
125.125, 48.875, 1.208993331000459e-23, 1.2011794685568553e-23 
125.375, 48.875, 9.513670422263875e-24, 9.451814782709862e-24 
125.625, 48.875, 2.2009142113989435e-23, 2.1865037697501162e-23 
125.875, 48.875, 2.81819586958258e-23, 2.7995623740754804e-23 
126.125, 48.875, 1.5703432241366114e-23, 1.5598466318868317e-23 
126.375, 48.875, 1.2864864748526676e-23, 1.2777785326663973e-23 
126.625, 48.875, 1.4316830544444698e-23, 1.421871307532965e-23 
126.875, 48.875, 1.5009730350388148e-23, 1.4905595594580818e-23 
127.125, 48.875, 1.3168777952051335e-23, 1.307630228831659e-23 
127.375, 48.875, 1.3720058332914943e-23, 1.3622551634355967e-23 
127.625, 48.875, 1.0315522466699072e-23, 1.0241332241710588e-23 
127.875, 48.875, 1.3443331813376073e-23, 1.3345733949145902e-23 
128.125, 48.875, 1.3105930819676033e-23, 1.3010275580970936e-23 
128.375, 48.875, 1.9345390468819077e-23, 1.9203447534066833e-23 
128.625, 48.875, 1.7238358453009794e-23, 1.711120867547483e-23 
128.875, 48.875, 6.07254220959968e-24, 6.027516371309426e-24 
129.125, 48.875, 1.1990723153536793e-23, 1.1901352181476508e-23 
129.375, 48.875, 1.4747670323852042e-23, 1.4637255432447244e-23 
129.625, 48.875, 9.953323743481905e-24, 9.8784877910839e-24 
129.875, 48.875, 4.423262977617655e-24, 4.389948623213722e-24 
130.125, 48.875, 1.632982327359993e-23, 1.6206550099300784e-23 
130.375, 48.875, 1.7106486253092224e-23, 1.6976817000894596e-23 
130.625, 48.875, 1.8442613485157382e-23, 1.830224147462888e-23 
130.875, 48.875, 1.379020479914818e-23, 1.3685105273518385e-23 
131.125, 48.875, 1.1302603214070864e-23, 1.1216693624242037e-23 
131.375, 48.875, 3.4751814856902e-24, 3.4488381612781796e-24 
131.625, 48.875, 1.7827785398043122e-24, 1.7692928056310107e-24 
131.875, 48.875, 5.62077352913738e-24, 5.5778346008413615e-24 
132.125, 48.875, 8.28954310389938e-24, 8.225360909016454e-24 
132.375, 48.875, 8.608631747058193e-24, 8.541216810871676e-24 
132.625, 48.875, 9.490307372985451e-24, 9.415147656321102e-24 
132.875, 48.875, 1.208001482198468e-23, 1.1983030938334346e-23 
133.125, 48.875, 9.839231397829936e-24, 9.758858181275497e-24 
133.375, 48.875, 9.129210828390066e-24, 9.053357583915395e-24 
133.625, 48.875, 9.391581329983873e-24, 9.312223700840138e-24 
133.875, 48.875, 2.9731634100997137e-23, 2.947517396256612e-23 
134.125, 48.875, 2.6024287592612124e-23, 2.5794319678589272e-23 
134.375, 48.875, 7.80607969787765e-24, 7.735681541769547e-24 
134.625, 48.875, 8.04930708246901e-24, 7.97976300932307e-24 
134.875, 48.875, 7.314487023082519e-24, 7.254017530156222e-24 
135.125, 48.875, 6.035272735185205e-24, 5.987350410451441e-24 
135.375, 48.875, 4.757455483986593e-24, 4.7211597595815305e-24 
135.625, 48.875, 4.3745487955830174e-24, 4.3425374359712905e-24 
135.875, 48.875, 4.79894085713544e-24, 4.7654027781325805e-24 
136.125, 48.875, 3.731834240304534e-24, 3.707092171265974e-24 
136.375, 48.875, 2.1376096072502666e-24, 2.1242049847620903e-24 
136.625, 48.875, 2.7802402672238037e-24, 2.7638050576298453e-24 
136.875, 48.875, 6.561990996685091e-24, 6.5256621034728215e-24 
137.125, 48.875, 8.14781421923237e-24, 8.105719780017947e-24 
137.375, 48.875, 4.404018290086803e-23, 4.382805567062996e-23 
137.625, 48.875, 5.317436967384913e-23, 5.2936866545925196e-23 
137.875, 48.875, 1.9800147139920233e-23, 1.9719015839238833e-23 
138.125, 48.875, 4.690811969070979e-23, 4.6732664109420945e-23 
138.375, 48.875, 6.390152552363267e-23, 6.368387069577148e-23 
138.625, 48.875, 6.720774834947293e-23, 6.700133322343094e-23 
138.875, 48.875, 1.1924235223391053e-22, 1.18922037318169e-22 
139.125, 48.875, 2.341258253913451e-22, 2.3360955381861853e-22 
101.875, 49.125, 3.510511843233259e-24, 3.494529018542198e-24 
102.125, 49.125, 1.047277993401487e-23, 1.0424344720754923e-23 
102.375, 49.125, 1.3643192580920706e-23, 1.3579262604233282e-23 
102.625, 49.125, 1.9484499467135596e-23, 1.939201669693136e-23 
102.875, 49.125, 1.853240026946435e-23, 1.8443584956285808e-23 
103.125, 49.125, 1.1011838173164776e-23, 1.0958648128682995e-23 
103.375, 49.125, 7.908602275388813e-24, 7.870145785685345e-24 
103.625, 49.125, 5.895525990127398e-24, 5.866668901134275e-24 
103.875, 49.125, 4.793387949625909e-24, 4.769964319470929e-24 
104.125, 49.125, 5.069601682021519e-24, 5.045118202212384e-24 
104.375, 49.125, 1.835308784579599e-24, 1.8266099539365967e-24 
104.625, 49.125, 2.3086156665870537e-24, 2.297884576033991e-24 
104.875, 49.125, 1.711135035245644e-24, 1.7033743782799408e-24 
105.125, 49.125, 2.2776687885419273e-24, 2.2676249484372156e-24 
105.375, 49.125, 2.9185059338176e-24, 2.9058931158647555e-24 
105.625, 49.125, 7.61211159655539e-24, 7.579867466535815e-24 
105.875, 49.125, 9.899884215768412e-24, 9.859008129009776e-24 
106.125, 49.125, 6.416441527043819e-24, 6.390718552774463e-24 
106.375, 49.125, 9.495521654504217e-24, 9.458706164184289e-24 
106.625, 49.125, 7.013255556492386e-24, 6.987186313534832e-24 
106.875, 49.125, 1.3871554209621072e-24, 1.3821583673138474e-24 
107.125, 49.125, 2.4902684691326305e-24, 2.481511364266276e-24 
107.375, 49.125, 4.701881548813865e-24, 4.685850445126638e-24 
107.625, 49.125, 5.8996234536998645e-24, 5.880452962003713e-24 
107.875, 49.125, 2.8250021304823374e-24, 2.8161485564337136e-24 
108.125, 49.125, 4.651513100971143e-24, 4.6373347603427834e-24 
108.375, 49.125, 6.632439676394176e-24, 6.612855901964342e-24 
108.625, 49.125, 9.761025392840634e-24, 9.733376546510943e-24 
108.875, 49.125, 1.0056233909045544e-23, 1.0028750778499303e-23 
109.125, 49.125, 5.624901551112832e-24, 5.6100248330967615e-24 
109.375, 49.125, 6.2004792679294345e-24, 6.184632027607191e-24 
109.625, 49.125, 5.627024017041639e-24, 5.613143216446115e-24 
109.875, 49.125, 4.0679328314002956e-24, 4.058260100157911e-24 
110.125, 49.125, 2.9948320890597794e-24, 2.9879775815991458e-24 
110.375, 49.125, 2.5752767982838197e-24, 2.5696348067505935e-24 
110.625, 49.125, 6.88885339195102e-24, 6.874610561764366e-24 
110.875, 49.125, 7.61443829263917e-24, 7.599508983175284e-24 
111.125, 49.125, 4.84349807775915e-24, 4.834460712188243e-24 
111.375, 49.125, 3.173430744813445e-24, 3.1677941543497144e-24 
111.625, 49.125, 6.389942844776012e-24, 6.379162449073932e-24 
111.875, 49.125, 1.3824584957672514e-23, 1.380226913348831e-23 
112.125, 49.125, 1.910347119973755e-23, 1.9073790881468546e-23 
112.375, 49.125, 1.5131913915864005e-23, 1.510942570118352e-23 
112.625, 49.125, 5.9707813821928294e-24, 5.962440150149839e-24 
112.875, 49.125, 9.449740122799804e-24, 9.437078872773895e-24 
113.125, 49.125, 1.1711856533339613e-23, 1.1696539346144975e-23 
113.375, 49.125, 1.0121200505448426e-23, 1.0108541128869585e-23 
113.625, 49.125, 6.547653689700985e-24, 6.539860823086553e-24 
113.875, 49.125, 1.134914421857716e-23, 1.1335836366348434e-23 
114.125, 49.125, 1.1340174921364185e-23, 1.1326510661595303e-23 
114.375, 49.125, 1.401773010289583e-23, 1.400013707631349e-23 
114.625, 49.125, 1.684648406765205e-23, 1.6824207612054687e-23 
114.875, 49.125, 8.008106814101411e-24, 7.996854477792197e-24 
115.125, 49.125, 1.4676455791218538e-24, 1.4654426698808374e-24 
115.375, 49.125, 3.679437830606361e-24, 3.6734899739529304e-24 
115.625, 49.125, 1.3627125837494737e-23, 1.3603479139253804e-23 
115.875, 49.125, 2.1733268645480733e-23, 2.1692309796411183e-23 
116.125, 49.125, 1.1284947349807279e-23, 1.1261693790021931e-23 
116.375, 49.125, 9.073721545418969e-24, 9.053780912757083e-24 
116.625, 49.125, 6.583669671060749e-24, 6.568343724763862e-24 
116.875, 49.125, 8.12450914235598e-24, 8.104195488973383e-24 
117.125, 49.125, 8.736140220073552e-24, 8.712459548864712e-24 
117.375, 49.125, 2.0104691524191528e-23, 2.0046057624154222e-23 
117.625, 49.125, 1.9979751271649532e-23, 1.991773496751102e-23 
117.875, 49.125, 1.5348427477985282e-23, 1.5297862492328245e-23 
118.125, 49.125, 3.697206194404496e-23, 3.6843111929905557e-23 
118.375, 49.125, 3.3568837080329725e-23, 3.3445415834248543e-23 
118.625, 49.125, 1.8547160733492944e-22, 1.8475807766019496e-22 
118.875, 49.125, 3.1626014096070636e-22, 3.1498861844455966e-22 
119.125, 49.125, 1.8365943869233299e-22, 1.8288776923314035e-22 
119.375, 49.125, 2.6353575431926066e-23, 2.62377134409756e-23 
119.625, 49.125, 3.904166500369105e-23, 3.8862453215543747e-23 
119.875, 49.125, 2.985468134483247e-23, 2.9712281769971603e-23 
120.125, 49.125, 1.714325182547255e-23, 1.705865020103269e-23 
120.375, 49.125, 1.179500240145538e-23, 1.1734900586509046e-23 
120.625, 49.125, 9.473257215520309e-24, 9.423474788749234e-24 
120.875, 49.125, 6.991947231531912e-24, 6.9540690806913e-24 
121.125, 49.125, 7.011785532407833e-24, 6.972641143475767e-24 
121.375, 49.125, 5.453213554936992e-24, 5.421900425531823e-24 
121.625, 49.125, 5.8662760334547185e-24, 5.831823044581771e-24 
121.875, 49.125, 4.3408275266171256e-24, 4.314861664395373e-24 
122.125, 49.125, 3.369049632199018e-24, 3.348609983554762e-24 
122.375, 49.125, 1.8648040791751007e-23, 1.8533317985405443e-23 
122.625, 49.125, 2.2104380264791697e-23, 2.196651257285897e-23 
122.875, 49.125, 1.707945823597196e-23, 1.697143117767627e-23 
123.125, 49.125, 2.006319293948718e-23, 1.993447107468661e-23 
123.375, 49.125, 2.2611710515277013e-23, 2.2464686097068282e-23 
123.625, 49.125, 2.0774554950466317e-23, 2.0637707424222604e-23 
123.875, 49.125, 9.923539845672044e-24, 9.860482231571558e-24 
124.125, 49.125, 1.5508176769334737e-23, 1.5426709858412488e-23 
124.375, 49.125, 1.8745042648968722e-23, 1.8646235933210747e-23 
124.625, 49.125, 2.4802334425835796e-23, 2.4670659732314673e-23 
124.875, 49.125, 3.4346259171818057e-23, 3.4162694262367374e-23 
125.125, 49.125, 2.779702594770343e-23, 2.764738855995108e-23 
125.375, 49.125, 1.9995911469598642e-23, 1.9887356470378187e-23 
125.625, 49.125, 2.2851546438884153e-23, 2.2725424531069604e-23 
125.875, 49.125, 3.824442311067206e-23, 3.8030880808127316e-23 
126.125, 49.125, 2.838146837553173e-23, 2.8222061975505177e-23 
126.375, 49.125, 9.990382061900323e-24, 9.933545158010603e-24 
126.625, 49.125, 1.4811138446832434e-23, 1.4725622433615802e-23 
126.875, 49.125, 1.107191176632155e-23, 1.1007048415439069e-23 
127.125, 49.125, 1.064941996239145e-23, 1.0586130674277848e-23 
127.375, 49.125, 1.06259709602465e-23, 1.0561914709464542e-23 
127.625, 49.125, 1.1204305485383952e-23, 1.1135750467123516e-23 
127.875, 49.125, 1.003220082107201e-23, 9.970136140978562e-24 
128.125, 49.125, 9.872027963476383e-24, 9.810572096440886e-24 
128.375, 49.125, 1.539383893657863e-23, 1.529741254785857e-23 
128.625, 49.125, 2.0359649739691305e-23, 2.023132961201846e-23 
128.875, 49.125, 8.777915266387e-24, 8.722251176960536e-24 
129.125, 49.125, 3.939871062282331e-24, 3.914734325193275e-24 
129.375, 49.125, 6.340131002449119e-24, 6.299463594043725e-24 
129.625, 49.125, 1.2528692162000333e-23, 1.2447867128263572e-23 
129.875, 49.125, 2.190863346280015e-23, 2.1767013474967448e-23 
130.125, 49.125, 2.428641029366242e-23, 2.4129917981708968e-23 
130.375, 49.125, 1.4278198575940332e-23, 1.418594637128597e-23 
130.625, 49.125, 1.0942187364489718e-23, 1.0871148203977016e-23 
130.875, 49.125, 5.706339643097327e-24, 5.6692356463829934e-24 
131.125, 49.125, 5.1593814022116686e-24, 5.125939641161752e-24 
131.375, 49.125, 2.279189591496722e-24, 2.264453231495255e-24 
131.625, 49.125, 3.168554215680735e-24, 3.14796878295172e-24 
131.875, 49.125, 4.2464098277665455e-24, 4.218503552091683e-24 
132.125, 49.125, 4.048565814858498e-24, 4.021391719045666e-24 
132.375, 49.125, 8.28077871935898e-24, 8.224343130981215e-24 
132.625, 49.125, 8.827703676999717e-24, 8.766758296026771e-24 
132.875, 49.125, 8.799540935395957e-24, 8.737831406120548e-24 
133.125, 49.125, 4.870525820340154e-24, 4.835686225825862e-24 
133.375, 49.125, 9.569435841371689e-24, 9.499633716705625e-24 
133.625, 49.125, 1.520484843703998e-23, 1.509163120071237e-23 
133.875, 49.125, 2.7874763815058456e-23, 2.76622944855032e-23 
134.125, 49.125, 2.7204894347885774e-23, 2.6991271171132424e-23 
134.375, 49.125, 1.2828698580625941e-23, 1.2724992311092479e-23 
134.625, 49.125, 7.700464051079766e-24, 7.636836308697278e-24 
134.875, 49.125, 6.50648194082951e-24, 6.45514799653469e-24 
135.125, 49.125, 6.612705492328026e-24, 6.562933531706219e-24 
135.375, 49.125, 6.718549904722477e-24, 6.670182161588812e-24 
135.625, 49.125, 5.513939037078279e-24, 5.475964374460911e-24 
135.875, 49.125, 4.533048825757581e-24, 4.503323299640669e-24 
136.125, 49.125, 3.4529877463341724e-24, 3.431584978637151e-24 
136.375, 49.125, 3.867357939075749e-24, 3.8447768834616465e-24 
136.625, 49.125, 6.4242213129537764e-24, 6.388988006589194e-24 
136.875, 49.125, 6.352201366278912e-24, 6.319749716314527e-24 
137.125, 49.125, 9.232853074720447e-24, 9.189501172092705e-24 
137.375, 49.125, 1.350066000786508e-23, 1.344227630607263e-23 
137.625, 49.125, 2.5597317651311107e-23, 2.5495600321604106e-23 
137.875, 49.125, 3.1117372691103925e-23, 3.100522032818953e-23 
138.125, 49.125, 3.3566676513847587e-23, 3.3459257281052833e-23 
138.375, 49.125, 7.238994970579849e-23, 7.218421127960483e-23 
138.625, 49.125, 8.375080728238013e-23, 8.354087200175284e-23 
138.875, 49.125, 3.188311555538707e-23, 3.181549254190583e-23 
139.125, 49.125, 3.984271818975971e-23, 3.9777411533500733e-23 
139.375, 49.125, 6.599964559264333e-23, 6.591734696852056e-23 
139.625, 49.125, 6.331600705390862e-23, 6.321862877090757e-23 
139.875, 49.125, 4.1079138452814224e-23, 4.100376454243396e-23 
140.125, 49.125, 4.937344935686206e-23, 4.926762392473506e-23 
140.375, 49.125, 8.771536040334362e-23, 8.749165148844357e-23 
140.625, 49.125, 5.092170363239039e-23, 5.0768411420541525e-23 
140.875, 49.125, 2.6511996113070435e-23, 2.6420442891646507e-23 
141.125, 49.125, 1.3817589515402395e-23, 1.3764240998302483e-23 
141.375, 49.125, 1.832863800907096e-23, 1.825040243805248e-23 
99.875, 49.375, 3.5069538012850115e-23, 3.492756002086827e-23 
100.125, 49.375, 4.0402923902224834e-23, 4.0234598063671384e-23 
100.375, 49.375, 2.176186427802573e-23, 2.1668393641265304e-23 
100.625, 49.375, 1.581534432691779e-23, 1.5745374883191927e-23 
100.875, 49.375, 1.8384709053554266e-23, 1.8301554138659597e-23 
101.125, 49.375, 9.593356288353287e-24, 9.549110214150724e-24 
101.375, 49.375, 7.578353622620743e-24, 7.542639272505171e-24 
101.625, 49.375, 5.4287078873899224e-24, 5.4025783728541476e-24 
101.875, 49.375, 7.543074868070221e-24, 7.506150242432195e-24 
102.125, 49.375, 1.1848363217380022e-23, 1.17895099374679e-23 
102.375, 49.375, 9.701521459356533e-24, 9.65263303845894e-24 
102.625, 49.375, 4.873553060104613e-24, 4.848696778654518e-24 
102.875, 49.375, 1.0123861356092244e-23, 1.0071761829556857e-23 
103.125, 49.375, 1.6437381210358145e-23, 1.635216894503706e-23 
103.375, 49.375, 1.7714891662821616e-23, 1.7622386280155554e-23 
103.625, 49.375, 1.3977016742341094e-23, 1.3903577838978478e-23 
103.875, 49.375, 6.592515864958083e-24, 6.557930304716796e-24 
104.125, 49.375, 5.0450793827099054e-24, 5.018900367606248e-24 
104.375, 49.375, 3.9797036783091445e-24, 3.959280451024251e-24 
104.625, 49.375, 1.4278399964931023e-24, 1.4206407926248171e-24 
104.875, 49.375, 8.627584583166787e-25, 8.585057949025872e-25 
105.125, 49.375, 1.0373973169694502e-24, 1.0324142006769473e-24 
105.375, 49.375, 4.7616570416559336e-24, 4.739382977407361e-24 
105.625, 49.375, 5.490857168908405e-24, 5.4656549317972934e-24 
105.875, 49.375, 5.531560712240542e-24, 5.506763178541667e-24 
106.125, 49.375, 3.921782949071866e-24, 3.90471826811732e-24 
106.375, 49.375, 5.0885303701637434e-24, 5.067202923587717e-24 
106.625, 49.375, 3.394012397183902e-24, 3.380330169555228e-24 
106.875, 49.375, 3.069324875206667e-24, 3.0573037623409297e-24 
107.125, 49.375, 2.765364335968388e-24, 2.75482915088084e-24 
107.375, 49.375, 5.490593246110022e-24, 5.470554500249364e-24 
107.625, 49.375, 8.49188203170225e-24, 8.462248823285404e-24 
107.875, 49.375, 6.990221766334782e-24, 6.966635602464976e-24 
108.125, 49.375, 1.390663520503468e-23, 1.386103714245962e-23 
108.375, 49.375, 1.36631823568245e-23, 1.362002391405373e-23 
108.625, 49.375, 7.551338604826626e-24, 7.528391539718898e-24 
108.875, 49.375, 6.484217050364392e-24, 6.465158734030751e-24 
109.125, 49.375, 8.572814029713035e-24, 8.548372530464126e-24 
109.375, 49.375, 6.474691306074962e-24, 6.456807750215826e-24 
109.625, 49.375, 4.276618367941859e-24, 4.26518661311646e-24 
109.875, 49.375, 3.38304234222262e-24, 3.374300279151264e-24 
110.125, 49.375, 3.0827843728936223e-24, 3.0751198691828398e-24 
110.375, 49.375, 2.7739812480070807e-24, 2.767426500025956e-24 
110.625, 49.375, 3.9493354654603144e-24, 3.940490395037954e-24 
110.875, 49.375, 4.660388886791884e-24, 4.650449289325255e-24 
111.125, 49.375, 4.445717023740274e-24, 4.436656612007721e-24 
111.375, 49.375, 6.089051037466583e-24, 6.0772186517862686e-24 
111.625, 49.375, 9.078057103109185e-24, 9.061230575698428e-24 
111.875, 49.375, 1.444982017209678e-23, 1.4424089773389794e-23 
112.125, 49.375, 1.8273597621699842e-23, 1.8242290669643483e-23 
112.375, 49.375, 1.2899133181442401e-23, 1.2878183489137894e-23 
112.625, 49.375, 3.79314520324306e-24, 3.787322774981214e-24 
112.875, 49.375, 3.892565100061892e-24, 3.8868125183123774e-24 
113.125, 49.375, 3.26252436839741e-24, 3.2578073072337895e-24 
113.375, 49.375, 6.663958483079117e-24, 6.65453684152878e-24 
113.625, 49.375, 6.0151854201657224e-24, 6.007049801815759e-24 
113.875, 49.375, 6.155739352238108e-24, 6.147528249057434e-24 
114.125, 49.375, 4.350741836543396e-24, 4.344786405450218e-24 
114.375, 49.375, 4.985864838044786e-24, 4.978753589166221e-24 
114.625, 49.375, 1.2529995759246115e-23, 1.2511383919871895e-23 
114.875, 49.375, 1.412306410875702e-23, 1.4100916442414032e-23 
115.125, 49.375, 1.1186851361127649e-23, 1.1168235692216955e-23 
115.375, 49.375, 2.333027804950208e-23, 2.3289217887048997e-23 
115.625, 49.375, 3.5178257837864e-23, 3.511227912502828e-23 
115.875, 49.375, 4.239640702808574e-23, 4.2310557869643007e-23 
116.125, 49.375, 2.4061151687667147e-23, 2.4008195549741288e-23 
116.375, 49.375, 1.0163207998702921e-23, 1.0139051068380972e-23 
116.625, 49.375, 6.5263638357609575e-24, 6.509957359677272e-24 
116.875, 49.375, 6.44204963531523e-24, 6.424744256679182e-24 
117.125, 49.375, 6.80338910764107e-24, 6.783712811807963e-24 
117.375, 49.375, 1.370833123805698e-23, 1.3666114291591888e-23 
117.625, 49.375, 1.7724581795760994e-23, 1.7666671991174692e-23 
117.875, 49.375, 9.526394382302261e-24, 9.493454621969205e-24 
118.125, 49.375, 2.925197727517232e-23, 2.914530491818573e-23 
118.375, 49.375, 3.898057402186304e-23, 3.883178065616715e-23 
118.625, 49.375, 3.29646588510884e-23, 3.2833209658168923e-23 
118.875, 49.375, 1.3298149365592173e-22, 1.3242816031398735e-22 
119.125, 49.375, 2.6421516059360956e-23, 2.6306790361643315e-23 
119.375, 49.375, 4.6307297799087386e-23, 4.609698470640691e-23 
119.625, 49.375, 4.145855642085138e-23, 4.126218769564203e-23 
119.875, 49.375, 1.0959713917605497e-23, 1.090583590818732e-23 
120.125, 49.375, 1.36416248662226e-23, 1.3572308495447766e-23 
120.375, 49.375, 9.446103843703711e-24, 9.396545010143306e-24 
120.625, 49.375, 1.5727873335984187e-24, 1.5642832054913793e-24 
120.875, 49.375, 3.729579986783263e-24, 3.708808458430695e-24 
121.125, 49.375, 8.889368315470145e-24, 8.838441466598148e-24 
121.375, 49.375, 6.69312579023374e-24, 6.653904875030812e-24 
121.625, 49.375, 2.5251179387213626e-24, 2.509990449551274e-24 
121.875, 49.375, 3.751031079797475e-24, 3.7281515571724875e-24 
122.125, 49.375, 6.909162261507823e-24, 6.866431539814535e-24 
122.375, 49.375, 2.089416541301652e-23, 2.076316388868192e-23 
122.625, 49.375, 2.458010215190953e-23, 2.4423898333987814e-23 
122.875, 49.375, 1.8442888099058148e-23, 1.832406530483898e-23 
123.125, 49.375, 1.9820056397525988e-23, 1.96905600644328e-23 
123.375, 49.375, 1.9403253644849682e-23, 1.9274717541030167e-23 
123.625, 49.375, 3.001216283287764e-23, 2.981982682146539e-23 
123.875, 49.375, 3.011993802758119e-23, 2.996007693177903e-23 
124.125, 49.375, 2.2645166747344827e-23, 2.255012724432063e-23 
124.375, 49.375, 2.74872701765745e-23, 2.7372500207638264e-23 
124.625, 49.375, 3.697495676922606e-23, 3.681887279201271e-23 
124.875, 49.375, 3.9679822930728185e-23, 3.951071847368391e-23 
125.125, 49.375, 2.5410189848499575e-23, 2.5300740640870676e-23 
125.375, 49.375, 1.8911126883928807e-23, 1.8827961234005976e-23 
125.625, 49.375, 2.311595846489094e-23, 2.3012211068801184e-23 
125.875, 49.375, 3.038139637098473e-23, 3.0243081254694395e-23 
126.125, 49.375, 2.609653263545163e-23, 2.5976864480161065e-23 
126.375, 49.375, 1.3838583610030357e-23, 1.3774669171946022e-23 
126.625, 49.375, 1.0717034428627501e-23, 1.0666757108964277e-23 
126.875, 49.375, 1.2824130158377846e-23, 1.2762881637192328e-23 
127.125, 49.375, 2.226497563200993e-23, 2.215673669593208e-23 
127.375, 49.375, 1.6382942537855388e-23, 1.6301816737891927e-23 
127.625, 49.375, 1.4278012330621582e-23, 1.4206018358698817e-23 
127.875, 49.375, 1.4296389058516598e-23, 1.4223330556000148e-23 
128.125, 49.375, 1.9598041918292267e-23, 1.949713136804438e-23 
128.375, 49.375, 1.9812456507105763e-23, 1.9709674461386588e-23 
128.625, 49.375, 2.8849079736359835e-23, 2.8698300391492374e-23 
128.875, 49.375, 3.0600338961917565e-23, 3.043922122461092e-23 
129.125, 49.375, 1.6522604945124029e-23, 1.6434960127490794e-23 
129.375, 49.375, 9.856620522449612e-24, 9.803947571460463e-24 
129.625, 49.375, 1.632529107202744e-23, 1.623744724423092e-23 
129.875, 49.375, 2.0075144220756298e-23, 1.9966863823550157e-23 
130.125, 49.375, 1.2823173629521354e-23, 1.2754272142023179e-23 
130.375, 49.375, 3.1644722844172794e-24, 3.147533983321931e-24 
130.625, 49.375, 5.364102822860442e-24, 5.335296596253411e-24 
130.875, 49.375, 4.6191554528038975e-24, 4.5943035494932256e-24 
131.125, 49.375, 8.497347045512797e-24, 8.451768096207914e-24 
131.375, 49.375, 7.85617735338706e-24, 7.813792579897743e-24 
131.625, 49.375, 6.0866867366970305e-24, 6.053658696358148e-24 
131.875, 49.375, 4.214094247569705e-24, 4.190911323230079e-24 
132.125, 49.375, 3.34811027660752e-24, 3.3292211695552574e-24 
132.375, 49.375, 3.31342556350373e-24, 3.294266764597535e-24 
132.625, 49.375, 5.649518029302661e-24, 5.616268394494582e-24 
132.875, 49.375, 4.212226285796351e-24, 4.1869763652101206e-24 
133.125, 49.375, 3.377580210339238e-24, 3.356856471127562e-24 
133.375, 49.375, 7.445444793324483e-24, 7.398630268409796e-24 
133.625, 49.375, 1.3832640690868284e-23, 1.374356286329882e-23 
133.875, 49.375, 1.847025816202749e-23, 1.8347785322858948e-23 
134.125, 49.375, 1.1567300120062879e-23, 1.1487871416575058e-23 
134.375, 49.375, 6.52001483248986e-24, 6.473706315928499e-24 
134.625, 49.375, 8.642814993840955e-24, 8.579425610388133e-24 
134.875, 49.375, 1.1162207286620399e-23, 1.1078359572767197e-23 
135.125, 49.375, 8.669781825990044e-24, 8.607807631470932e-24 
135.375, 49.375, 6.557573349096173e-24, 6.513084627684653e-24 
135.625, 49.375, 4.8011058411427826e-24, 4.7701105259287246e-24 
135.875, 49.375, 5.608423977850477e-24, 5.574067725513116e-24 
136.125, 49.375, 5.719205580581685e-24, 5.686226669711463e-24 
136.375, 49.375, 3.560201206210168e-24, 3.540933813676549e-24 
136.625, 49.375, 4.8646717647954145e-24, 4.840071555949777e-24 
136.875, 49.375, 3.9256138898996354e-24, 3.907239512775747e-24 
137.125, 49.375, 4.764582740382965e-24, 4.74425352281792e-24 
137.375, 49.375, 7.091609648978547e-24, 7.064291051835021e-24 
137.625, 49.375, 9.509567291950589e-24, 9.476470448229609e-24 
137.875, 49.375, 1.4414894848861445e-23, 1.4370061595901618e-23 
138.125, 49.375, 2.2055167327170466e-23, 2.1995495026434448e-23 
138.375, 49.375, 3.888276939784354e-23, 3.8793323459370846e-23 
138.625, 49.375, 1.0011602000753483e-22, 9.992166300763094e-23 
138.875, 49.375, 9.921626183542172e-23, 9.906198395052339e-23 
139.125, 49.375, 5.784044747881976e-23, 5.777828100742809e-23 
139.375, 49.375, 6.857311041298919e-23, 6.851614359712491e-23 
139.625, 49.375, 6.645181682501468e-23, 6.637726199105368e-23 
139.875, 49.375, 4.9044700486510456e-23, 4.897510649226258e-23 
140.125, 49.375, 2.8336582104836304e-23, 2.828762504971753e-23 
140.375, 49.375, 3.0161706389830787e-23, 3.010028427899257e-23 
140.625, 49.375, 3.7794596789007016e-23, 3.770222500360018e-23 
140.875, 49.375, 4.0544143366270126e-23, 4.0427083380182604e-23 
141.125, 49.375, 3.507660399018207e-23, 3.4961023326573805e-23 
141.375, 49.375, 3.4269344409255414e-23, 3.414543778624264e-23 
141.625, 49.375, 2.9205187958986747e-23, 2.909023080498166e-23 
141.875, 49.375, 1.4972967650627732e-23, 1.490914858526929e-23 
142.125, 49.375, 1.1730527685252197e-23, 1.1676563269005313e-23 
142.375, 49.375, 6.3057025322571784e-24, 6.275072140752453e-24 
142.625, 49.375, 5.090992228490401e-24, 5.064956598421734e-24 
142.875, 49.375, 7.950966041190213e-24, 7.908264889133057e-24 
143.125, 49.375, 4.953466952685818e-24, 4.925593396983191e-24 
143.375, 49.375, 5.49312953662198e-24, 5.4608100818822924e-24 
97.875, 49.625, 1.054314556635997e-23, 1.0507330021677377e-23 
98.125, 49.625, 1.2572991607396248e-23, 1.2528616714817939e-23 
98.375, 49.625, 9.818612993494089e-24, 9.782659919811242e-24 
98.625, 49.625, 6.949860188809843e-24, 6.923494634006606e-24 
98.875, 49.625, 9.0348895365359e-24, 8.999770035034569e-24 
99.125, 49.625, 7.531827404825606e-24, 7.501653168225669e-24 
99.375, 49.625, 4.2810921601942086e-24, 4.2634310575971724e-24 
99.625, 49.625, 4.7829773573348534e-23, 4.762675885621481e-23 
99.875, 49.625, 6.220381501378989e-23, 6.193246158681019e-23 
100.125, 49.625, 7.397558013645086e-23, 7.36433325088143e-23 
100.375, 49.625, 6.162368386860655e-23, 6.133896298748227e-23 
100.625, 49.625, 2.8363138016625596e-23, 2.8228432103615276e-23 
100.875, 49.625, 1.2601864602392416e-23, 1.2540696227476911e-23 
101.125, 49.625, 1.6532102686443016e-23, 1.6450195249472435e-23 
101.375, 49.625, 1.2567330094226024e-23, 1.2503802358416228e-23 
101.625, 49.625, 1.4230593483848846e-23, 1.4157227038486946e-23 
101.875, 49.625, 1.0668443343564802e-23, 1.0612567137518057e-23 
102.125, 49.625, 1.0400800678587653e-23, 1.034557679725152e-23 
102.375, 49.625, 1.0565460309700736e-23, 1.0508600759673711e-23 
102.625, 49.625, 8.892386842333972e-24, 8.843890293358427e-24 
102.875, 49.625, 8.658597583909483e-24, 8.610975115016744e-24 
103.125, 49.625, 9.946844706491983e-24, 9.891760269759021e-24 
103.375, 49.625, 1.2255938601967055e-23, 1.218760263754277e-23 
103.625, 49.625, 1.3065424471849848e-23, 1.2992080289287578e-23 
103.875, 49.625, 7.514539649106918e-24, 7.472415011764152e-24 
104.125, 49.625, 6.556142872397474e-24, 6.519765423199048e-24 
104.375, 49.625, 3.357695853056851e-24, 3.339257226088374e-24 
104.625, 49.625, 1.6221091066815014e-24, 1.6132940918857008e-24 
104.875, 49.625, 1.3421694486745707e-24, 1.3350251480126722e-24 
105.125, 49.625, 1.2093441927775508e-24, 1.2030588714470068e-24 
105.375, 49.625, 1.7875736453674995e-24, 1.7785077320358755e-24 
105.625, 49.625, 3.1191631648247162e-24, 3.1037359400508387e-24 
105.875, 49.625, 4.033825864492353e-24, 4.014361201737259e-24 
106.125, 49.625, 3.338407165819467e-24, 3.3228321315002695e-24 
106.375, 49.625, 2.916621793738352e-24, 2.9034811269013325e-24 
106.625, 49.625, 5.362631293716236e-24, 5.3393282150355634e-24 
106.875, 49.625, 4.039746367560719e-24, 4.0227395997142396e-24 
107.125, 49.625, 4.0751431997133415e-24, 4.0586395096609804e-24 
107.375, 49.625, 9.390975687352122e-24, 9.354446586151918e-24 
107.625, 49.625, 9.976224242800471e-24, 9.939015338628041e-24 
107.875, 49.625, 1.0608266916122746e-23, 1.0570024126504952e-23 
108.125, 49.625, 1.3166204235811932e-23, 1.3120321505008546e-23 
108.375, 49.625, 9.844035283580724e-24, 9.810910342088406e-24 
108.625, 49.625, 7.780704825739673e-24, 7.755456038223326e-24 
108.875, 49.625, 5.315632085436588e-24, 5.298912091572191e-24 
109.125, 49.625, 5.954050786838609e-24, 5.9358474022529985e-24 
109.375, 49.625, 3.9774568184815145e-24, 3.96565035459695e-24 
109.625, 49.625, 4.8032848962640035e-24, 4.7894544737072165e-24 
109.875, 49.625, 4.20768440709174e-24, 4.195980288283449e-24 
110.125, 49.625, 6.69715289754028e-24, 6.679349595191736e-24 
110.375, 49.625, 6.474629105006989e-24, 6.458215548996293e-24 
110.625, 49.625, 3.975780915821053e-24, 3.966192283061438e-24 
110.875, 49.625, 6.508873581004769e-24, 6.4938711706371306e-24 
111.125, 49.625, 9.44051797274408e-24, 9.419652999536716e-24 
111.375, 49.625, 6.033235231466267e-24, 6.0204726824269624e-24 
111.625, 49.625, 8.204571257722614e-24, 8.187993227060707e-24 
111.875, 49.625, 8.129973155710177e-24, 8.114198534390366e-24 
112.125, 49.625, 6.2178766245174515e-24, 6.206366061715358e-24 
112.375, 49.625, 4.7538962494050275e-24, 4.745519438239799e-24 
112.625, 49.625, 6.866386582814593e-24, 6.854899314526025e-24 
112.875, 49.625, 6.759766670068708e-24, 6.748844030079062e-24 
113.125, 49.625, 6.986242321459359e-24, 6.975177277217195e-24 
113.375, 49.625, 6.4462636731342386e-24, 6.436286713645273e-24 
113.625, 49.625, 5.910121090428662e-24, 5.9011944305479786e-24 
113.875, 49.625, 5.898587404588052e-24, 5.889752758414963e-24 
114.125, 49.625, 5.363191889144405e-24, 5.3549241543562086e-24 
114.375, 49.625, 4.718649849504425e-24, 4.711104577149383e-24 
114.625, 49.625, 1.1154406621836816e-23, 1.1135929339582185e-23 
114.875, 49.625, 1.0480128644052804e-23, 1.046198462252088e-23 
115.125, 49.625, 6.597483021996486e-24, 6.585428324818852e-24 
115.375, 49.625, 3.811979126237377e-24, 3.804648450697994e-24 
115.625, 49.625, 1.467267623129789e-23, 1.464305255421364e-23 
115.875, 49.625, 2.7543632439914525e-23, 2.748399419816073e-23 
116.125, 49.625, 1.3153423035656571e-23, 1.3122627911563548e-23 
116.375, 49.625, 1.1372372378454694e-23, 1.1343745359147463e-23 
116.625, 49.625, 1.0695920247480117e-23, 1.0667113137337696e-23 
116.875, 49.625, 6.1700504006535906e-24, 6.15235571417968e-24 
117.125, 49.625, 6.4445593114543664e-24, 6.424868893155883e-24 
117.375, 49.625, 5.185814110553638e-24, 5.168997046248366e-24 
117.625, 49.625, 1.565881152965074e-23, 1.560509457061788e-23 
117.875, 49.625, 1.7950207468309688e-23, 1.788528725852272e-23 
118.125, 49.625, 6.994466818082053e-24, 6.967977914567698e-24 
118.375, 49.625, 1.6231034844293177e-23, 1.6166799198546794e-23 
118.625, 49.625, 2.5988455388229283e-23, 2.5881173482964292e-23 
118.875, 49.625, 3.0545584070148086e-23, 3.041419297816516e-23 
119.125, 49.625, 2.3220080964856196e-23, 2.311599365549781e-23 
119.375, 49.625, 2.6359943579451208e-23, 2.6236520880439587e-23 
119.625, 49.625, 5.4814687522436605e-24, 5.454709408155303e-24 
119.875, 49.625, 7.052319985887227e-24, 7.016619271529264e-24 
120.125, 49.625, 4.796506863563592e-24, 4.7714330710245025e-24 
120.375, 49.625, 1.1321084715667863e-23, 1.1260032756284452e-23 
120.625, 49.625, 7.437227317322878e-24, 7.3958909863059e-24 
120.875, 49.625, 3.016838319813309e-24, 2.9995947353492973e-24 
121.125, 49.625, 6.23117620782323e-24, 6.194744387551604e-24 
121.375, 49.625, 5.146539940145992e-24, 5.115775845226468e-24 
121.625, 49.625, 4.400864041903177e-24, 4.373981102950167e-24 
121.875, 49.625, 4.2254825182447895e-24, 4.199211468867658e-24 
122.125, 49.625, 1.8130404161146977e-23, 1.8016138883301924e-23 
122.375, 49.625, 3.356265487047129e-23, 3.3348272157567993e-23 
122.625, 49.625, 3.608341259005443e-23, 3.584985671965646e-23 
122.875, 49.625, 2.4865002902431895e-23, 2.470187541118412e-23 
123.125, 49.625, 2.1323326731152675e-23, 2.1181496997046443e-23 
123.375, 49.625, 1.3956395843701475e-23, 1.3866293858432022e-23 
123.625, 49.625, 1.7723250078922186e-23, 1.7628242028594255e-23 
123.875, 49.625, 2.7246720567459446e-23, 2.713088405651182e-23 
124.125, 49.625, 2.732744241417796e-23, 2.724277229002092e-23 
124.375, 49.625, 2.754761122635032e-23, 2.7462854854769984e-23 
124.625, 49.625, 1.965055949183398e-23, 1.9589195978492388e-23 
124.875, 49.625, 1.3878700865683976e-23, 1.3834592152781273e-23 
125.125, 49.625, 1.7027573030861226e-23, 1.69718370218159e-23 
125.375, 49.625, 1.9731885009904892e-23, 1.9665511140046703e-23 
125.625, 49.625, 2.648345611833305e-23, 2.6391974307725184e-23 
125.875, 49.625, 2.8262000145255846e-23, 2.816255014463783e-23 
126.125, 49.625, 1.6021806541383367e-23, 1.5964899431358456e-23 
126.375, 49.625, 1.3225822509768743e-23, 1.317840993163782e-23 
126.625, 49.625, 3.310311646872664e-24, 3.2983354490391155e-24 
126.875, 49.625, 5.9621024440871476e-24, 5.940093562924543e-24 
127.125, 49.625, 1.3124505523827396e-23, 1.3074868686289158e-23 
127.375, 49.625, 6.132211765943965e-24, 6.1084645595476876e-24 
127.625, 49.625, 7.525708064931788e-24, 7.495883092241744e-24 
127.875, 49.625, 2.7278859225325756e-23, 2.716889476826899e-23 
128.125, 49.625, 2.962582944745951e-23, 2.9505255622565917e-23 
128.375, 49.625, 1.4887749746851318e-23, 1.482658111918262e-23 
128.625, 49.625, 1.483302541761072e-23, 1.4771506586047822e-23 
128.875, 49.625, 3.055335098210551e-23, 3.0425431666443255e-23 
129.125, 49.625, 2.5845706380069783e-23, 2.5736346002173204e-23 
129.375, 49.625, 8.597580532719651e-24, 8.560863034642653e-24 
129.625, 49.625, 1.3876778772586666e-23, 1.381700284739367e-23 
129.875, 49.625, 2.3984704303379912e-23, 2.388107785455192e-23 
130.125, 49.625, 2.0097951550589543e-23, 2.0011532039388886e-23 
130.375, 49.625, 4.589988103249105e-24, 4.570346123275397e-24 
130.625, 49.625, 3.710660291756563e-24, 3.694857696156187e-24 
130.875, 49.625, 6.923820029815165e-24, 6.89432937343354e-24 
131.125, 49.625, 1.1458591728434834e-23, 1.1409428661643863e-23 
131.375, 49.625, 7.420311352689733e-24, 7.388243038707998e-24 
131.625, 49.625, 7.185578032008615e-24, 7.154299991442197e-24 
131.875, 49.625, 3.749432105670006e-24, 3.73282976202397e-24 
132.125, 49.625, 3.5862553832701185e-24, 3.569871416162626e-24 
132.375, 49.625, 2.1688589564025615e-24, 2.1586454992486404e-24 
132.625, 49.625, 4.847299679165294e-24, 4.8237915152237895e-24 
132.875, 49.625, 5.9074495879832374e-24, 5.878065625961602e-24 
133.125, 49.625, 7.770138985274882e-24, 7.730307722111713e-24 
133.375, 49.625, 9.373443311565554e-24, 9.3239669495194e-24 
133.625, 49.625, 1.5077797142778423e-23, 1.4995697429368863e-23 
133.875, 49.625, 1.743899181157417e-23, 1.7340597629013937e-23 
134.125, 49.625, 6.947503232748446e-24, 6.906663552087127e-24 
134.375, 49.625, 9.044286186643545e-24, 8.988985186157342e-24 
134.625, 49.625, 1.1403438192517376e-23, 1.133101923672901e-23 
134.875, 49.625, 1.0257962225881402e-23, 1.019037013546651e-23 
135.125, 49.625, 3.835763066163212e-24, 3.809797283326569e-24 
135.375, 49.625, 2.365211031272333e-24, 2.3500620632247575e-24 
135.625, 49.625, 4.8540555211547814e-24, 4.8247374699882345e-24 
135.875, 49.625, 6.95654383499117e-24, 6.916934553128987e-24 
136.125, 49.625, 9.000132114368582e-24, 8.952077444572288e-24 
136.375, 49.625, 6.707426054506625e-24, 6.673994019401663e-24 
136.625, 49.625, 2.987444817471259e-24, 2.9736164686178547e-24 
136.875, 49.625, 1.2207983271966776e-24, 1.215607494734446e-24 
137.125, 49.625, 1.744134140773513e-24, 1.7374409864931328e-24 
137.375, 49.625, 6.046938876113532e-24, 6.026243509688739e-24 
137.625, 49.625, 4.801882116921813e-24, 4.787443869358592e-24 
137.875, 49.625, 8.532520179585643e-24, 8.51020249769552e-24 
138.125, 49.625, 9.272204805685699e-24, 9.251709732915013e-24 
138.375, 49.625, 9.459489754798668e-24, 9.442419449958654e-24 
138.625, 49.625, 2.6537077534427037e-23, 2.649997400868913e-23 
138.875, 49.625, 6.482197555290133e-23, 6.4757780996603e-23 
139.125, 49.625, 5.078375149690051e-23, 5.0750312318348566e-23 
139.375, 49.625, 4.580944109880729e-23, 4.57904763006752e-23 
139.625, 49.625, 4.9736641149070235e-23, 4.970155883750395e-23 
139.875, 49.625, 5.853536593258165e-23, 5.847667874668194e-23 
140.125, 49.625, 5.296141277841563e-23, 5.2891954584975087e-23 
140.375, 49.625, 3.8691098335597136e-23, 3.862840319968858e-23 
140.625, 49.625, 4.647675284295047e-23, 4.638708340849506e-23 
140.875, 49.625, 4.35883566681235e-23, 4.348721194601212e-23 
141.125, 49.625, 3.041655571049004e-23, 3.033621450666531e-23 
141.375, 49.625, 2.080515876074823e-23, 2.074353312933022e-23 
141.625, 49.625, 2.051089168613243e-23, 2.0443559929781046e-23 
141.875, 49.625, 1.9017924488695311e-23, 1.8949288671554594e-23 
142.125, 49.625, 1.0902030928092813e-23, 1.0859877917399902e-23 
142.375, 49.625, 7.816168323873732e-24, 7.783941192679585e-24 
142.625, 49.625, 1.2860528257969287e-23, 1.2804202222775046e-23 
142.875, 49.625, 1.1873075202165847e-23, 1.1818026879359527e-23 
143.125, 49.625, 3.0141535748088436e-24, 2.9994051580954765e-24 
143.375, 49.625, 2.8690553328910084e-24, 2.8542804900707404e-24 
143.625, 49.625, 3.051652569406609e-24, 3.0351540876642282e-24 
143.875, 49.625, 9.119636301638574e-24, 9.068426393449718e-24 
144.125, 49.625, 1.0210165698467243e-23, 1.0150985436945522e-23 
144.375, 49.625, 6.232768352827298e-24, 6.195514587981009e-24 
144.625, 49.625, 1.4708581325889928e-23, 1.4618006455159976e-23 
144.875, 49.625, 1.6916289406072892e-23, 1.680952154407523e-23 
145.125, 49.625, 5.653649872296101e-24, 5.616963153372334e-24 
96.375, 49.875, 2.3260431979256702e-23, nan 
96.625, 49.875, 1.9322245024016626e-23, nan 
96.875, 49.875, 1.8726925797378424e-23, nan 
97.125, 49.875, 1.4052833447456414e-23, nan 
97.375, 49.875, 9.406933724937865e-24, nan 
97.625, 49.875, 1.3221778062570388e-23, nan 
97.875, 49.875, 1.3092802248355988e-23, nan 
98.125, 49.875, 1.1524921856018327e-23, nan 
98.375, 49.875, 9.518838747915341e-24, nan 
98.625, 49.875, 8.140277127285746e-24, nan 
98.875, 49.875, 8.591425107785755e-24, nan 
99.125, 49.875, 1.0758851657750176e-23, nan 
99.375, 49.875, 1.2714177506894145e-23, nan 
99.625, 49.875, 8.261020393581115e-24, nan 
99.875, 49.875, 3.4659832138900126e-23, nan 
100.125, 49.875, 4.3998402205847173e-23, nan 
100.375, 49.875, 2.4164113068305473e-23, nan 
100.625, 49.875, 1.8947439881551893e-23, nan 
100.875, 49.875, 1.2424446128065889e-23, nan 
101.125, 49.875, 1.6168327088500906e-23, nan 
101.375, 49.875, 1.5046285982679515e-23, nan 
101.625, 49.875, 1.24110241800567e-23, nan 
101.875, 49.875, 7.72893624342866e-24, nan 
102.125, 49.875, 7.718817605636335e-24, nan 
102.375, 49.875, 1.2576082581316006e-23, nan 
102.625, 49.875, 1.344102572744894e-23, nan 
102.875, 49.875, 1.0099522218122741e-23, nan 
103.125, 49.875, 1.0453301696841776e-23, nan 
103.375, 49.875, 8.170172080817891e-24, nan 
103.625, 49.875, 1.3246806472348192e-23, nan 
103.875, 49.875, 1.0863332842299576e-23, nan 
104.125, 49.875, 4.0761244776372784e-24, nan 
104.375, 49.875, 5.416173095172945e-24, nan 
104.625, 49.875, 4.769804443748238e-24, nan 
104.875, 49.875, 1.2731056384768078e-24, nan 
105.125, 49.875, 1.1618272612696147e-24, nan 
105.375, 49.875, 1.881797377959847e-24, nan 
105.625, 49.875, 1.6775207531874227e-24, nan 
105.875, 49.875, 3.6095482296748884e-24, nan 
106.125, 49.875, 4.554003161682677e-24, nan 
106.375, 49.875, 3.491662734158906e-24, nan 
106.625, 49.875, 6.453721613064798e-24, nan 
106.875, 49.875, 9.39290153553843e-24, nan 
107.125, 49.875, 1.376367760650489e-23, nan 
107.375, 49.875, 1.1057681174583117e-23, nan 
107.625, 49.875, 4.016593693955409e-24, nan 
107.875, 49.875, 5.949527638148109e-24, nan 
108.125, 49.875, 1.37049108694263e-23, nan 
108.375, 49.875, 1.4816820917423005e-23, nan 
108.625, 49.875, 7.48503715132967e-24, nan 
108.875, 49.875, 1.1353678160123785e-23, nan 
109.125, 49.875, 1.0429194117192047e-23, nan 
109.375, 49.875, 8.102607859885358e-24, nan 
109.625, 49.875, 8.355279729051158e-24, nan 
109.875, 49.875, 6.1577089547841254e-24, nan 
110.125, 49.875, 8.916521086151822e-24, nan 
110.375, 49.875, 1.3373448384943215e-23, nan 
110.625, 49.875, 1.1651740758807398e-23, nan 
110.875, 49.875, 4.980224804332928e-24, nan 
111.125, 49.875, 5.748498804965647e-24, nan 
111.375, 49.875, 9.10033441955586e-24, nan 
111.625, 49.875, 1.206299046550067e-23, nan 
111.875, 49.875, 1.2459560284992215e-23, nan 
112.125, 49.875, 9.948175785983386e-24, nan 
112.375, 49.875, 1.041502934342148e-23, nan 
112.625, 49.875, 1.224750536302967e-23, nan 
112.875, 49.875, 1.0394582468859574e-23, nan 
113.125, 49.875, 1.2832420704855255e-23, nan 
113.375, 49.875, 1.0961450956283175e-23, nan 
113.625, 49.875, 5.9020424531380054e-24, nan 
113.875, 49.875, 4.793500666678991e-24, nan 
114.125, 49.875, 4.857058174296557e-24, nan 
114.375, 49.875, 6.0824973017960936e-24, nan 
114.625, 49.875, 8.090516131755496e-24, nan 
114.875, 49.875, 3.775793163525803e-24, nan 
115.125, 49.875, 5.1882023279987955e-24, nan 
115.375, 49.875, 5.661978057201636e-24, nan 
115.625, 49.875, 6.0317315604544636e-24, nan 
115.875, 49.875, 5.090477137006294e-24, nan 
116.125, 49.875, 8.850686048345224e-24, nan 
116.375, 49.875, 5.653665922792248e-24, nan 
116.625, 49.875, 1.2441197455333887e-23, nan 
116.875, 49.875, 1.2696842595796124e-23, nan 
117.125, 49.875, 1.494507847737211e-23, nan 
117.375, 49.875, 1.6064038711267683e-23, nan 
117.625, 49.875, 7.083910851091764e-24, nan 
117.875, 49.875, 2.8243842592568905e-23, nan 
118.125, 49.875, 2.9759810772450793e-23, nan 
118.375, 49.875, 1.8724713751943625e-23, nan 
118.625, 49.875, 1.8331164013083355e-23, nan 
118.875, 49.875, 1.3648447553282416e-23, nan 
119.125, 49.875, 1.080229155507673e-23, nan 
119.375, 49.875, 8.702683220156362e-24, nan 
119.625, 49.875, 7.45009676712541e-24, nan 
119.875, 49.875, 5.062470898769005e-24, nan 
120.125, 49.875, 7.312767869742959e-24, nan 
120.375, 49.875, 8.447897201454863e-24, nan 
120.625, 49.875, 1.8594115574187655e-24, nan 
120.875, 49.875, 2.3654521024660948e-24, nan 
121.125, 49.875, 3.503220845111385e-24, nan 
121.375, 49.875, 3.678421176681689e-24, nan 
121.625, 49.875, 5.553473083262742e-24, nan 
121.875, 49.875, 6.120509532840327e-24, nan 
122.125, 49.875, 7.882151195201613e-24, nan 
122.375, 49.875, 1.7176842802040608e-23, nan 
122.625, 49.875, 2.933003618158126e-23, nan 
122.875, 49.875, 2.6197188340602627e-23, nan 
123.125, 49.875, 1.8548007300448586e-23, nan 
123.375, 49.875, 2.0295673676909903e-23, nan 
123.625, 49.875, 1.7412458977432374e-23, nan 
123.875, 49.875, 2.1265691249066389e-23, nan 
124.125, 49.875, 1.896149754006028e-23, nan 
124.375, 49.875, 1.542646322574947e-23, nan 
124.625, 49.875, 1.3828943525438917e-23, nan 
124.875, 49.875, 1.776129554089935e-23, nan 
125.125, 49.875, 1.9695219762366803e-23, nan 
125.375, 49.875, 2.0968854925957156e-23, nan 
125.625, 49.875, 1.6291120768284256e-23, nan 
125.875, 49.875, 8.937471901270734e-24, nan 
126.125, 49.875, 1.0260066922921275e-23, nan 
126.375, 49.875, 1.7768666683881713e-23, nan 
126.625, 49.875, 1.5720059869000406e-23, nan 
126.875, 49.875, 1.2498847548339638e-23, nan 
127.125, 49.875, 9.069339837545363e-24, nan 
127.375, 49.875, 1.0094314218509199e-23, nan 
127.625, 49.875, 2.725483780319468e-23, nan 
127.875, 49.875, 2.991757950254259e-23, nan 
128.125, 49.875, 2.1026900788481667e-23, nan 
128.375, 49.875, 7.911365868642113e-24, nan 
128.625, 49.875, 7.604985277083693e-24, nan 
128.875, 49.875, 2.2328918098726296e-23, nan 
129.125, 49.875, 2.74638838436452e-23, nan 
129.375, 49.875, 2.5759603074166716e-23, nan 
129.625, 49.875, 2.1292657132460643e-23, nan 
129.875, 49.875, 1.6272909683420896e-23, nan 
130.125, 49.875, 9.280063128641093e-24, nan 
130.375, 49.875, 3.604743537521946e-24, nan 
130.625, 49.875, 5.241283368342871e-24, nan 
130.875, 49.875, 1.6532524675415585e-23, nan 
131.125, 49.875, 2.1071907696009748e-23, nan 
131.375, 49.875, 9.805144899314825e-24, nan 
131.625, 49.875, 5.13715151439093e-24, nan 
131.875, 49.875, 4.769126160450479e-24, nan 
132.125, 49.875, 4.025963358629232e-24, nan 
132.375, 49.875, 1.4369152856179826e-24, nan 
132.625, 49.875, 1.1004471916720807e-23, nan 
132.875, 49.875, 1.1352984796369817e-23, nan 
133.125, 49.875, 7.570324002293898e-24, nan 
133.375, 49.875, 8.869060357882674e-24, nan 
133.625, 49.875, 7.279463007361353e-24, nan 
133.875, 49.875, 1.2228701340441544e-23, nan 
134.125, 49.875, 1.5329206550671835e-23, nan 
134.375, 49.875, 1.1728710646719073e-23, nan 
134.625, 49.875, 7.028325637029387e-24, nan 
134.875, 49.875, 5.478531119043269e-24, nan 
135.125, 49.875, 4.8930457166852205e-24, nan 
135.375, 49.875, 5.039443922332508e-24, nan 
135.625, 49.875, 5.512279652153051e-24, nan 
135.875, 49.875, 1.1657470584247286e-23, nan 
136.125, 49.875, 1.5605453181172914e-23, nan 
136.375, 49.875, 8.128259281914632e-24, nan 
136.625, 49.875, 3.652057107359184e-24, nan 
136.875, 49.875, 1.8882383610667928e-24, nan 
137.125, 49.875, 1.4399828358234454e-24, nan 
137.375, 49.875, 3.9504741469859524e-24, nan 
137.625, 49.875, 5.726452737434271e-24, nan 
137.875, 49.875, 7.195645104841454e-24, nan 
138.125, 49.875, 6.3449002409176805e-24, nan 
138.375, 49.875, 5.718154557124394e-24, nan 
138.625, 49.875, 7.58848747180877e-24, nan 
138.875, 49.875, 1.6154581202965968e-23, nan 
139.125, 49.875, 1.8458239885289222e-23, nan 
139.375, 49.875, 1.6501670124054357e-23, nan 
139.625, 49.875, 1.1987128326433815e-23, nan 
139.875, 49.875, 2.1431447987418902e-23, nan 
140.125, 49.875, 3.947979167153296e-23, nan 
140.375, 49.875, 2.1290861074161428e-23, nan 
140.625, 49.875, 2.3503769741546018e-23, nan 
140.875, 49.875, 1.3568318622119774e-23, nan 
141.125, 49.875, 9.999078541290541e-24, nan 
141.375, 49.875, 6.960040443732076e-24, nan 
141.625, 49.875, 8.215492363746545e-24, nan 
141.875, 49.875, 2.1927149472213743e-23, nan 
142.125, 49.875, 2.0466750089553144e-23, nan 
142.375, 49.875, 1.160902413134288e-23, nan 
142.625, 49.875, 9.435481766706339e-24, nan 
142.875, 49.875, 5.716262406212069e-24, nan 
143.125, 49.875, 4.845748071259848e-24, nan 
143.375, 49.875, 1.272882914564798e-24, nan 
143.625, 49.875, 1.5774189732563034e-24, nan 
143.875, 49.875, 1.058418020543713e-23, nan 
144.125, 49.875, 1.3577626022138967e-23, nan 
144.375, 49.875, 1.0430773391887971e-23, nan 
144.625, 49.875, 8.200798829470126e-24, nan 
144.875, 49.875, 1.1544218036382053e-23, nan 
145.125, 49.875, 1.121660802996633e-23, nan 
145.375, 49.875, 1.2353288657262734e-23, nan 
145.625, 49.875, 7.835336747526582e-24, nan 
145.875, 49.875, 4.555476019766332e-24, nan 
146.125, 49.875, 4.002946938556507e-24, nan 
146.375, 49.875, 9.7189687360821e-24, nan 
146.625, 49.875, 1.0641823780140012e-23, nan 
146.875, 49.875, 6.69798235884588e-24, nan 
94.625, 50.125, 2.1807046590731337e-23, nan 
94.875, 50.125, 3.3733937837838253e-23, nan 
95.125, 50.125, 2.8018511529964785e-23, nan 
95.375, 50.125, 2.6728666348901033e-23, nan 
95.625, 50.125, 9.876152787475296e-24, nan 
95.875, 50.125, 1.1735818729969613e-23, nan 
96.125, 50.125, 2.1509464533652836e-23, nan 
96.375, 50.125, 2.508076900713252e-23, nan 
96.625, 50.125, 2.1333907940645357e-23, nan 
96.875, 50.125, 2.185771909969668e-23, nan 
97.125, 50.125, 1.2724510486086164e-23, nan 
97.375, 50.125, 3.0191128689831786e-23, nan 
97.625, 50.125, 2.524772126291773e-23, nan 
97.875, 50.125, 1.0899962383864897e-23, nan 
98.125, 50.125, 6.525174354883261e-24, nan 
98.375, 50.125, 1.4336554994208554e-23, nan 
98.625, 50.125, 1.5356498594981022e-23, nan 
98.875, 50.125, 6.890238060994806e-24, nan 
99.125, 50.125, 8.713155351689732e-24, nan 
99.375, 50.125, 1.1541846520800889e-23, nan 
99.625, 50.125, 7.655910881145307e-24, nan 
99.875, 50.125, 1.224054365006324e-23, nan 
100.125, 50.125, 1.0387145093098555e-23, nan 
100.375, 50.125, 1.3222038978223474e-23, nan 
100.625, 50.125, 1.9843343176495076e-23, nan 
100.875, 50.125, 1.4033671506125084e-23, nan 
101.125, 50.125, 1.40408197186576e-23, nan 
101.375, 50.125, 1.2593735126761661e-23, nan 
101.625, 50.125, 1.1570751578857367e-23, nan 
101.875, 50.125, 1.0797701067109291e-23, nan 
102.125, 50.125, 6.457436956130458e-24, nan 
102.375, 50.125, 5.915269406454324e-24, nan 
102.625, 50.125, 8.057062442062648e-24, nan 
102.875, 50.125, 9.928465519981076e-24, nan 
103.125, 50.125, 8.397200525886262e-24, nan 
103.375, 50.125, 7.57102253818262e-24, nan 
103.625, 50.125, 6.116514848561347e-24, nan 
103.875, 50.125, 7.58758783534411e-24, nan 
104.125, 50.125, 6.273866596638309e-24, nan 
104.375, 50.125, 3.1826336242746437e-24, nan 
104.625, 50.125, 4.5612160921339586e-24, nan 
104.875, 50.125, 3.214172158572951e-24, nan 
105.125, 50.125, 1.196723122270101e-24, nan 
105.375, 50.125, 1.5213558038755968e-24, nan 
105.625, 50.125, 1.9664826256535396e-24, nan 
105.875, 50.125, 2.7527628346942997e-24, nan 
106.125, 50.125, 3.924977253052867e-24, nan 
106.375, 50.125, 4.1988621833015395e-24, nan 
106.625, 50.125, 4.241334075437352e-24, nan 
106.875, 50.125, 6.491066016099005e-24, nan 
107.125, 50.125, 7.208338794313603e-24, nan 
107.375, 50.125, 3.2517633585159378e-24, nan 
107.625, 50.125, 4.7173963788837084e-24, nan 
107.875, 50.125, 6.826256871415766e-24, nan 
108.125, 50.125, 1.0734919759591365e-23, nan 
108.375, 50.125, 1.0032975636887722e-23, nan 
108.625, 50.125, 5.944224981237439e-24, nan 
108.875, 50.125, 1.5091818522574508e-23, nan 
109.125, 50.125, 1.4069979501057036e-23, nan 
109.375, 50.125, 1.2477219158426337e-23, nan 
109.625, 50.125, 1.418103597990496e-23, nan 
109.875, 50.125, 9.850505804894713e-24, nan 
110.125, 50.125, 6.983352401502875e-24, nan 
110.375, 50.125, 9.25327088501374e-24, nan 
110.625, 50.125, 9.417579539016564e-24, nan 
110.875, 50.125, 3.389291579805938e-24, nan 
111.125, 50.125, 8.153299206739897e-24, nan 
111.375, 50.125, 2.5558981268751385e-23, nan 
111.625, 50.125, 1.398391500586707e-23, nan 
111.875, 50.125, 1.041833760469491e-23, nan 
112.125, 50.125, 9.825083336615037e-24, nan 
112.375, 50.125, 8.072523622120685e-24, nan 
112.625, 50.125, 6.2198639580091686e-24, nan 
112.875, 50.125, 6.0686431381591005e-24, nan 
113.125, 50.125, 1.0152784952523014e-23, nan 
113.375, 50.125, 9.900095265473064e-24, nan 
113.625, 50.125, 7.980082409555832e-24, nan 
113.875, 50.125, 7.013652719246158e-24, nan 
114.125, 50.125, 3.352184349650269e-24, nan 
114.375, 50.125, 3.7234131660856725e-24, nan 
114.625, 50.125, 2.9285578352718903e-24, nan 
114.875, 50.125, 2.945477866394873e-24, nan 
115.125, 50.125, 3.7677042324932634e-24, nan 
115.375, 50.125, 8.430251321177886e-24, nan 
115.625, 50.125, 1.0858030862316654e-23, nan 
115.875, 50.125, 1.2368048304790997e-23, nan 
116.125, 50.125, 1.0574781613464056e-23, nan 
116.375, 50.125, 4.045153648530139e-24, nan 
116.625, 50.125, 5.632106462509952e-24, nan 
116.875, 50.125, 1.241378886458255e-23, nan 
117.125, 50.125, 1.1433890038320554e-23, nan 
117.375, 50.125, 2.5266398155548043e-23, nan 
117.625, 50.125, 3.316365643773909e-23, nan 
117.875, 50.125, 2.9921072180776126e-23, nan 
118.125, 50.125, 4.032999360459142e-23, nan 
118.375, 50.125, 3.0668575842338803e-23, nan 
118.625, 50.125, 3.2403257668362577e-24, nan 
118.875, 50.125, 5.0336891396755366e-24, nan 
119.125, 50.125, 8.267571221886012e-24, nan 
119.375, 50.125, 1.126787999675893e-23, nan 
119.625, 50.125, 1.1309244826587169e-23, nan 
119.875, 50.125, 6.086706073237748e-24, nan 
120.125, 50.125, 5.834958741320625e-24, nan 
120.375, 50.125, 3.612573356338981e-24, nan 
120.625, 50.125, 1.45864806550657e-24, nan 
120.875, 50.125, 3.662877110786903e-24, nan 
121.125, 50.125, 4.031771902132158e-24, nan 
121.375, 50.125, 7.533648840836009e-24, nan 
121.625, 50.125, 1.0706196374360119e-23, nan 
121.875, 50.125, 9.683268814686509e-24, nan 
122.125, 50.125, 7.339150514180147e-24, nan 
122.375, 50.125, 1.544976322227684e-23, nan 
122.625, 50.125, 2.032737686987556e-23, nan 
122.875, 50.125, 1.5869039948989445e-23, nan 
123.125, 50.125, 2.0471858488743546e-23, nan 
123.375, 50.125, 3.3117793321708244e-23, nan 
123.625, 50.125, 2.725198541946754e-23, nan 
123.875, 50.125, 1.7405976421740884e-23, nan 
124.125, 50.125, 7.741638939443744e-24, nan 
124.375, 50.125, 1.1283486307576724e-23, nan 
124.625, 50.125, 1.756285101871739e-23, nan 
124.875, 50.125, 1.6734500133151132e-23, nan 
125.125, 50.125, 1.3055393898214979e-23, nan 
125.375, 50.125, 1.1582998032663137e-23, nan 
125.625, 50.125, 1.098713895915147e-23, nan 
125.875, 50.125, 1.1993420954893786e-23, nan 
126.125, 50.125, 1.5377754086838137e-23, nan 
126.375, 50.125, 1.7605428426587403e-23, nan 
126.625, 50.125, 1.023410730258028e-23, nan 
126.875, 50.125, 1.988352030702485e-23, nan 
127.125, 50.125, 2.244063611509939e-23, nan 
127.375, 50.125, 3.883563162322251e-23, nan 
127.625, 50.125, 4.074298255213941e-23, nan 
127.875, 50.125, 9.037437138616854e-24, nan 
128.125, 50.125, 8.934939532129414e-24, nan 
128.375, 50.125, 8.462526954349364e-24, nan 
128.625, 50.125, 6.403876478434744e-24, nan 
128.875, 50.125, 1.4007278838516984e-23, nan 
129.125, 50.125, 2.4878835001736678e-23, nan 
129.375, 50.125, 1.4908381693031898e-23, nan 
129.625, 50.125, 5.199828905198011e-24, nan 
129.875, 50.125, 4.94311119073738e-24, nan 
130.125, 50.125, 4.372941586012102e-24, nan 
130.375, 50.125, 4.7874229699579945e-24, nan 
130.625, 50.125, 5.599888207743056e-24, nan 
130.875, 50.125, 7.559557369936024e-24, nan 
131.125, 50.125, 8.9529299762377e-24, nan 
131.375, 50.125, 2.648153328255142e-24, nan 
131.625, 50.125, 3.271602290933351e-24, nan 
131.875, 50.125, 3.9067712210763505e-24, nan 
132.125, 50.125, 5.950836767002953e-24, nan 
132.375, 50.125, 7.567974621491995e-24, nan 
132.625, 50.125, 9.909120330267828e-24, nan 
132.875, 50.125, 8.276078660324562e-24, nan 
133.125, 50.125, 4.393565837426458e-24, nan 
133.375, 50.125, 5.1297012667350166e-24, nan 
133.625, 50.125, 2.0259319090389594e-23, nan 
133.875, 50.125, 2.2463946358339326e-23, nan 
134.125, 50.125, 1.1790873413111309e-23, nan 
134.375, 50.125, 3.57084397583991e-23, nan 
134.625, 50.125, 9.789735627859082e-23, nan 
134.875, 50.125, 1.1101744713399537e-23, nan 
135.125, 50.125, 9.708589350266676e-24, nan 
135.375, 50.125, 3.3241412669902044e-24, nan 
135.625, 50.125, 4.62894728408365e-24, nan 
135.875, 50.125, 4.5840156201326686e-24, nan 
136.125, 50.125, 1.064792343604161e-23, nan 
136.375, 50.125, 5.151875995572136e-24, nan 
136.625, 50.125, 3.723367096913755e-24, nan 
136.875, 50.125, 5.611476335123216e-24, nan 
137.125, 50.125, 5.781667606995148e-24, nan 
137.375, 50.125, 4.097112233003746e-24, nan 
137.625, 50.125, 6.812836600766067e-24, nan 
137.875, 50.125, 1.0363492127121983e-23, nan 
138.125, 50.125, 6.93816242764773e-24, nan 
138.375, 50.125, 3.535448360022047e-24, nan 
138.625, 50.125, 5.6486432588455e-24, nan 
138.875, 50.125, 7.135174953483696e-24, nan 
139.125, 50.125, 1.2793325184872064e-23, nan 
139.375, 50.125, 1.4370491697232273e-23, nan 
139.625, 50.125, 1.0826660187568001e-23, nan 
139.875, 50.125, 1.0553769653077283e-23, nan 
140.125, 50.125, 8.574594344359085e-24, nan 
140.375, 50.125, 8.512049771537039e-24, nan 
140.625, 50.125, 1.6520879343995133e-23, nan 
140.875, 50.125, 1.5845294368496794e-23, nan 
141.125, 50.125, 7.227303347725064e-24, nan 
141.375, 50.125, 8.12718362917303e-24, nan 
141.625, 50.125, 3.734710029258716e-24, nan 
141.875, 50.125, 1.2736155950276092e-23, nan 
142.125, 50.125, 1.4052794521261172e-23, nan 
142.375, 50.125, 9.719842029283491e-24, nan 
142.625, 50.125, 7.787160867641594e-24, nan 
142.875, 50.125, 7.119062540997812e-24, nan 
143.125, 50.125, 3.44610010230219e-24, nan 
143.375, 50.125, 2.774551313952608e-24, nan 
143.625, 50.125, 3.6778735612900626e-24, nan 
143.875, 50.125, 5.7155933139899814e-24, nan 
144.125, 50.125, 6.78788336211864e-24, nan 
144.375, 50.125, 8.244925727062676e-24, nan 
144.625, 50.125, 7.24899237046719e-24, nan 
144.875, 50.125, 6.428589847829769e-24, nan 
145.125, 50.125, 9.82195853671375e-24, nan 
145.375, 50.125, 7.762464643656622e-24, nan 
145.625, 50.125, 7.402339828551463e-24, nan 
145.875, 50.125, 6.11118122239305e-24, nan 
146.125, 50.125, 3.2425280389997452e-24, nan 
146.375, 50.125, 6.418203428831096e-24, nan 
146.625, 50.125, 7.74412779888324e-24, nan 
146.875, 50.125, 1.3723235431748434e-23, nan 
147.125, 50.125, 1.806083214218702e-23, nan 
147.375, 50.125, 1.2766052358798611e-23, nan 
147.625, 50.125, 1.4259550807855136e-23, nan 
93.125, 50.375, 3.489823482642449e-24, nan 
93.375, 50.375, 1.0699464767085631e-23, nan 
93.625, 50.375, 1.2095360230320974e-23, nan 
93.875, 50.375, 9.173065788906215e-24, nan 
94.125, 50.375, 8.03973147325944e-24, nan 
94.375, 50.375, 1.3805965028383956e-23, nan 
94.625, 50.375, 1.917044979851885e-23, nan 
94.875, 50.375, 1.4733205501576148e-23, nan 
95.125, 50.375, 1.74800819595004e-23, nan 
95.375, 50.375, 1.2385938207698684e-23, nan 
95.625, 50.375, 1.1027596664916721e-23, nan 
95.875, 50.375, 2.020859108425798e-23, nan 
96.125, 50.375, 1.5404354647800695e-23, nan 
96.375, 50.375, 1.356038507817893e-23, nan 
96.625, 50.375, 1.389861253024252e-23, nan 
96.875, 50.375, 2.710255621024933e-23, nan 
97.125, 50.375, 2.842336819238474e-23, nan 
97.375, 50.375, 2.5854471937014912e-23, nan 
97.625, 50.375, 1.1359598810658392e-23, nan 
97.875, 50.375, 1.463236805234685e-23, nan 
98.125, 50.375, 9.694225097675625e-24, nan 
98.375, 50.375, 1.2046570745041627e-23, nan 
98.625, 50.375, 1.4215552094140392e-23, nan 
98.875, 50.375, 7.889205616687986e-24, nan 
99.125, 50.375, 6.687727692550777e-24, nan 
99.375, 50.375, 4.040420037003681e-24, nan 
99.625, 50.375, 6.008578434314512e-24, nan 
99.875, 50.375, 6.12946931960048e-24, nan 
100.125, 50.375, 3.73252642236292e-24, nan 
100.375, 50.375, 6.10723717286419e-24, nan 
100.625, 50.375, 7.015552613490575e-24, nan 
100.875, 50.375, 7.997648889319204e-24, nan 
101.125, 50.375, 1.106786734050523e-23, nan 
101.375, 50.375, 9.460457353372074e-24, nan 
101.625, 50.375, 6.181457380146328e-24, nan 
101.875, 50.375, 9.012246499018621e-24, nan 
102.125, 50.375, 1.0495840935105461e-23, nan 
102.375, 50.375, 1.0731512554504796e-23, nan 
102.625, 50.375, 1.3254057879159848e-23, nan 
102.875, 50.375, 8.398745462584015e-24, nan 
103.125, 50.375, 3.677143899471719e-24, nan 
103.375, 50.375, 8.912543426963102e-24, nan 
103.625, 50.375, 1.173308551514655e-23, nan 
103.875, 50.375, 1.2085124145237714e-23, nan 
104.125, 50.375, 4.6597407412683e-24, nan 
104.375, 50.375, 6.646170835909562e-24, nan 
104.625, 50.375, 6.18594433580572e-24, nan 
104.875, 50.375, 3.8378478386774906e-24, nan 
105.125, 50.375, 3.7714205524336655e-24, nan 
105.375, 50.375, 2.189818381524424e-24, nan 
105.625, 50.375, 2.8248976708503217e-24, nan 
105.875, 50.375, 3.1743588471090263e-24, nan 
106.125, 50.375, 2.4094926289094384e-24, nan 
106.375, 50.375, 5.66946705437297e-24, nan 
106.625, 50.375, 4.660409814165354e-24, nan 
106.875, 50.375, 1.2147282636826183e-23, nan 
107.125, 50.375, 1.2791710631901323e-23, nan 
107.375, 50.375, 7.648691635472408e-24, nan 
107.625, 50.375, 5.243055540783986e-24, nan 
107.875, 50.375, 4.8479196468042656e-24, nan 
108.125, 50.375, 2.970292386509674e-24, nan 
108.375, 50.375, 5.8847378143306436e-24, nan 
108.625, 50.375, 6.597128841660737e-24, nan 
108.875, 50.375, 7.233837088408083e-24, nan 
109.125, 50.375, 6.895060235001545e-24, nan 
109.375, 50.375, 1.0540466324970042e-23, nan 
109.625, 50.375, 1.4891806382244984e-23, nan 
109.875, 50.375, 1.1267304005938084e-23, nan 
110.125, 50.375, 5.98006522635554e-24, nan 
110.375, 50.375, 4.372732116073953e-24, nan 
110.625, 50.375, 3.929319878216798e-24, nan 
110.875, 50.375, 1.1270322916760137e-23, nan 
111.125, 50.375, 3.115917173241103e-23, nan 
111.375, 50.375, 4.268543678021063e-23, nan 
111.625, 50.375, 2.3690715080963964e-23, nan 
111.875, 50.375, 1.472580702742998e-23, nan 
112.125, 50.375, 8.275634293574312e-24, nan 
112.375, 50.375, 7.944252906142486e-24, nan 
112.625, 50.375, 6.365385912596821e-24, nan 
112.875, 50.375, 3.955782031375809e-24, nan 
113.125, 50.375, 5.566749247255381e-24, nan 
113.375, 50.375, 9.323470611787319e-24, nan 
113.625, 50.375, 9.221906302649924e-24, nan 
113.875, 50.375, 6.649480067532853e-24, nan 
114.125, 50.375, 1.1278524432170089e-24, nan 
114.375, 50.375, 1.6913516447315245e-24, nan 
114.625, 50.375, 1.8659385663119046e-24, nan 
114.875, 50.375, 1.8216091113625797e-24, nan 
115.125, 50.375, 1.212186515806624e-24, nan 
115.375, 50.375, 1.0831261365686906e-24, nan 
115.625, 50.375, 5.278633793171128e-24, nan 
115.875, 50.375, 8.581626043824579e-24, nan 
116.125, 50.375, 5.540267962157952e-24, nan 
116.375, 50.375, 3.70823668825915e-24, nan 
116.625, 50.375, 3.437102943390005e-24, nan 
116.875, 50.375, 1.5790833281246297e-23, nan 
117.125, 50.375, 1.7721399100740574e-23, nan 
117.375, 50.375, 1.0419981305633309e-23, nan 
117.625, 50.375, 5.0334402184880544e-23, nan 
117.875, 50.375, 5.761381245977972e-23, nan 
118.125, 50.375, 4.370502341435908e-23, nan 
118.375, 50.375, 3.9529516387708095e-23, nan 
118.625, 50.375, 6.079783597402981e-24, nan 
118.875, 50.375, 1.618857347597651e-23, nan 
119.125, 50.375, 1.285787034412876e-23, nan 
119.375, 50.375, 4.7131945306985644e-24, nan 
119.625, 50.375, 1.154910453061712e-23, nan 
119.875, 50.375, 1.4408304993380153e-23, nan 
120.125, 50.375, 6.85251017334518e-24, nan 
120.375, 50.375, 5.767957651197836e-24, nan 
120.625, 50.375, 8.050067502051863e-24, nan 
120.875, 50.375, 5.367598931568365e-24, nan 
121.125, 50.375, 1.0105519264872515e-23, nan 
121.375, 50.375, 1.0901762548640073e-23, nan 
121.625, 50.375, 8.350093296609629e-24, nan 
121.875, 50.375, 9.034449966223015e-24, nan 
122.125, 50.375, 7.15502679128832e-24, nan 
122.375, 50.375, 8.564464372103149e-24, nan 
122.625, 50.375, 2.1266761330238663e-23, nan 
122.875, 50.375, 2.5933802759847387e-23, nan 
123.125, 50.375, 3.7305618299069865e-23, nan 
123.375, 50.375, 3.545915106642018e-23, nan 
123.625, 50.375, 2.216407606902029e-23, nan 
123.875, 50.375, 2.0606839836297916e-23, nan 
124.125, 50.375, 2.0056750635518486e-23, nan 
124.375, 50.375, 1.505427768744887e-23, nan 
124.625, 50.375, 1.4710449827010086e-23, nan 
124.875, 50.375, 4.987894537895703e-24, nan 
125.125, 50.375, 1.0097713770634258e-23, nan 
125.375, 50.375, 1.0832283367663782e-23, nan 
125.625, 50.375, 6.518140653291943e-24, nan 
125.875, 50.375, 5.640863022453785e-24, nan 
126.125, 50.375, 1.6642571624662022e-23, nan 
126.375, 50.375, 2.0658601601691676e-23, nan 
126.625, 50.375, 1.6574307870765526e-23, nan 
126.875, 50.375, 1.2385810534551435e-23, nan 
127.125, 50.375, 1.9734389033601727e-23, nan 
127.375, 50.375, 1.7337482028595387e-23, nan 
127.625, 50.375, 1.2968694853817356e-23, nan 
127.875, 50.375, 1.1643043308422891e-23, nan 
128.125, 50.375, 1.3436602964731662e-23, nan 
128.375, 50.375, 1.1423559726531674e-23, nan 
128.625, 50.375, 2.0045657803364153e-23, nan 
128.875, 50.375, 2.595364014896199e-23, nan 
129.125, 50.375, 4.8087888360667135e-23, nan 
129.375, 50.375, 4.897303390161942e-23, nan 
129.625, 50.375, 7.001265424367119e-24, nan 
129.875, 50.375, 9.698517296636044e-24, nan 
130.125, 50.375, 4.2913681098641556e-24, nan 
130.375, 50.375, 3.3719223391312695e-24, nan 
130.625, 50.375, 8.461017818767098e-24, nan 
130.875, 50.375, 8.99139453767867e-24, nan 
131.125, 50.375, 7.015800166657733e-24, nan 
131.375, 50.375, 4.793513763670037e-24, nan 
131.625, 50.375, 2.868861394041268e-24, nan 
131.875, 50.375, 8.205511004330002e-24, nan 
132.125, 50.375, 1.2194599207551275e-23, nan 
132.375, 50.375, 1.0550152478364839e-23, nan 
132.625, 50.375, 4.443932898940212e-24, nan 
132.875, 50.375, 4.26242489175114e-24, nan 
133.125, 50.375, 5.929938058234799e-24, nan 
133.375, 50.375, 5.92344981342369e-24, nan 
133.625, 50.375, 2.4434413039282977e-23, nan 
133.875, 50.375, 2.5395321820853824e-23, nan 
134.125, 50.375, 4.560102232353214e-23, nan 
134.375, 50.375, 1.1628064527501604e-22, nan 
134.625, 50.375, 2.378562678829026e-22, nan 
134.875, 50.375, 1.6680872377147684e-22, nan 
135.125, 50.375, 1.9627138214822273e-23, nan 
135.375, 50.375, 1.2061924869084193e-23, nan 
135.625, 50.375, 3.1944893091690194e-24, nan 
135.875, 50.375, 1.0679099877961499e-23, nan 
136.125, 50.375, 1.1080191589109586e-23, nan 
136.375, 50.375, 8.132309161909838e-24, nan 
136.625, 50.375, 7.897236607020352e-24, nan 
136.875, 50.375, 5.813659740711944e-24, nan 
137.125, 50.375, 8.963429891129091e-24, nan 
137.375, 50.375, 7.135157699486145e-24, nan 
137.625, 50.375, 3.821002427914052e-24, nan 
137.875, 50.375, 3.6659403715422995e-24, nan 
138.125, 50.375, 7.146215881012507e-24, nan 
138.375, 50.375, 5.9830278194424584e-24, nan 
138.625, 50.375, 4.220481531943605e-24, nan 
138.875, 50.375, 2.436945890339313e-24, nan 
139.125, 50.375, 3.437575620172403e-24, nan 
139.375, 50.375, 1.0989027762835188e-23, nan 
139.625, 50.375, 9.944439091169109e-24, nan 
139.875, 50.375, 7.795654488320141e-24, nan 
140.125, 50.375, 1.1454465217308935e-23, nan 
140.375, 50.375, 1.3234554485963624e-23, nan 
140.625, 50.375, 1.0167769195721799e-23, nan 
140.875, 50.375, 8.897840502842311e-24, nan 
141.125, 50.375, 6.724822490663524e-24, nan 
141.375, 50.375, 6.3794292610873185e-24, nan 
141.625, 50.375, 5.041579763127067e-24, nan 
141.875, 50.375, 8.465979749391354e-24, nan 
142.125, 50.375, 3.721314665790256e-24, nan 
142.375, 50.375, 3.222688155120941e-24, nan 
142.625, 50.375, 4.5211293180885455e-24, nan 
142.875, 50.375, 9.782728050793503e-24, nan 
143.125, 50.375, 8.78127712927741e-24, nan 
143.375, 50.375, 4.2923019411792405e-24, nan 
143.625, 50.375, 5.0694341913906635e-24, nan 
143.875, 50.375, 4.309099309145238e-24, nan 
144.125, 50.375, 5.06910989868001e-24, nan 
144.375, 50.375, 5.105541735625254e-24, nan 
144.625, 50.375, 8.28662911764241e-24, nan 
144.875, 50.375, 8.253385156780279e-24, nan 
145.125, 50.375, 5.177076081051916e-24, nan 
145.375, 50.375, 2.825149298951206e-24, nan 
145.625, 50.375, 2.6341812147947947e-24, nan 
145.875, 50.375, 5.405814637327391e-24, nan 
146.125, 50.375, 3.984105945085583e-24, nan 
146.375, 50.375, 7.505933280811658e-24, nan 
146.625, 50.375, 6.88213156604042e-24, nan 
146.875, 50.375, 8.183302497732202e-24, nan 
147.125, 50.375, 1.3677721222538127e-23, nan 
147.375, 50.375, 8.4547713537819e-24, nan 
147.625, 50.375, 8.422408777272193e-24, nan 
147.875, 50.375, 2.5990388440496536e-24, nan 
148.125, 50.375, 4.7312550331918375e-24, nan 
148.375, 50.375, 5.492876334337339e-24, nan 
91.625, 50.625, 1.350123907444231e-23, nan 
91.875, 50.625, 1.6914784367751588e-23, nan 
92.125, 50.625, 1.744982425608117e-23, nan 
92.375, 50.625, 1.2587293119815222e-23, nan 
92.625, 50.625, 1.613616533035239e-23, nan 
92.875, 50.625, 1.4265130797353667e-23, nan 
93.125, 50.625, 4.852620533129019e-24, nan 
93.375, 50.625, 5.3448837910623e-24, nan 
93.625, 50.625, 1.4600974648367323e-23, nan 
93.875, 50.625, 7.470983535126157e-24, nan 
94.125, 50.625, 3.171597434656035e-24, nan 
94.375, 50.625, 8.51998090688694e-24, nan 
94.625, 50.625, 1.0623863704386925e-23, nan 
94.875, 50.625, 6.252473095407838e-24, nan 
95.125, 50.625, 7.796858865901105e-24, nan 
95.375, 50.625, 1.0530068215984324e-23, nan 
95.625, 50.625, 2.2948434019687613e-23, nan 
95.875, 50.625, 1.5587930512070112e-23, nan 
96.125, 50.625, 8.560953358627616e-24, nan 
96.375, 50.625, 1.3185063283074193e-23, nan 
96.625, 50.625, 2.832669007072576e-23, nan 
96.875, 50.625, 1.9856976322866642e-23, nan 
97.125, 50.625, 1.2048134511798437e-23, nan 
97.375, 50.625, 1.2312627359563761e-23, nan 
97.625, 50.625, 1.4848960756013222e-23, nan 
97.875, 50.625, 1.67662219165825e-23, nan 
98.125, 50.625, 9.349098625506914e-24, nan 
98.375, 50.625, 5.6295783615505975e-24, nan 
98.625, 50.625, 1.3891999479060882e-23, nan 
98.875, 50.625, 1.362843795734708e-23, nan 
99.125, 50.625, 6.224363827116461e-24, nan 
99.375, 50.625, 5.657529317998098e-24, nan 
99.625, 50.625, 6.820563145796217e-24, nan 
99.875, 50.625, 7.439894188434876e-24, nan 
100.125, 50.625, 8.307900552604077e-24, nan 
100.375, 50.625, 8.215285374828479e-24, nan 
100.625, 50.625, 5.7971714230961725e-24, nan 
100.875, 50.625, 8.471673094818413e-24, nan 
101.125, 50.625, 8.74769551868737e-24, nan 
101.375, 50.625, 6.3479574491845614e-24, nan 
101.625, 50.625, 5.816813101490556e-24, nan 
101.875, 50.625, 2.890727148130478e-24, nan 
102.125, 50.625, 7.537988359372493e-24, nan 
102.375, 50.625, 1.0299186054215076e-23, nan 
102.625, 50.625, 1.2408608262942993e-23, nan 
102.875, 50.625, 1.0448334987133581e-23, nan 
103.125, 50.625, 4.910507618923662e-24, nan 
103.375, 50.625, 8.813176960374539e-24, nan 
103.625, 50.625, 1.0326032025639005e-23, nan 
103.875, 50.625, 1.1719487542128635e-23, nan 
104.125, 50.625, 1.386644194133312e-23, nan 
104.375, 50.625, 1.3134012170440797e-23, nan 
104.625, 50.625, 6.292408068166331e-24, nan 
104.875, 50.625, 5.027068709727469e-24, nan 
105.125, 50.625, 3.899851450452954e-24, nan 
105.375, 50.625, 1.5418770530580454e-24, nan 
105.625, 50.625, 1.9891129869713616e-24, nan 
105.875, 50.625, 9.362150199765577e-25, nan 
106.125, 50.625, 5.6378602019826365e-24, nan 
106.375, 50.625, 1.1147995017177793e-23, nan 
106.625, 50.625, 1.3307671800991983e-23, nan 
106.875, 50.625, 1.6886187185448007e-23, nan 
107.125, 50.625, 1.896617226407943e-23, nan 
107.375, 50.625, 1.7063175257759356e-23, nan 
107.625, 50.625, 6.5423721283962166e-24, nan 
107.875, 50.625, 2.3661742231825224e-24, nan 
108.125, 50.625, 2.119776208267825e-24, nan 
108.375, 50.625, 2.7092960840807173e-24, nan 
108.625, 50.625, 5.896449357890121e-24, nan 
108.875, 50.625, 5.8135395837505294e-24, nan 
109.125, 50.625, 5.882625317650425e-24, nan 
109.375, 50.625, 6.562374595017784e-24, nan 
109.625, 50.625, 1.0025157353235881e-23, nan 
109.875, 50.625, 5.965931132125324e-24, nan 
110.125, 50.625, 4.6976298442766286e-24, nan 
110.375, 50.625, 1.5719417331486076e-24, nan 
110.625, 50.625, 1.6230016935895758e-24, nan 
110.875, 50.625, 1.5495047103658966e-23, nan 
111.125, 50.625, 2.1626218367236684e-23, nan 
111.375, 50.625, 2.3847761348910773e-23, nan 
111.625, 50.625, 1.475916705202508e-23, nan 
111.875, 50.625, 8.750394189158262e-24, nan 
112.125, 50.625, 1.2045334661544686e-24, nan 
112.375, 50.625, 5.230217041559331e-24, nan 
112.625, 50.625, 5.2438237784536115e-24, nan 
112.875, 50.625, 3.874154401722088e-24, nan 
113.125, 50.625, 5.215189124817933e-24, nan 
113.375, 50.625, 5.2195812841499656e-24, nan 
113.625, 50.625, 4.0497017260400864e-24, nan 
113.875, 50.625, 5.083815348833491e-24, nan 
114.125, 50.625, 4.036534123923148e-24, nan 
114.375, 50.625, 2.3803773717924816e-24, nan 
114.625, 50.625, 1.0836736681225662e-24, nan 
114.875, 50.625, 1.1759437817547893e-24, nan 
115.125, 50.625, 1.821385761263958e-24, nan 
115.375, 50.625, 1.9874571978114584e-24, nan 
115.625, 50.625, 1.5538257460894441e-24, nan 
115.875, 50.625, 2.6517597354516623e-24, nan 
116.125, 50.625, 1.0996861673111817e-23, nan 
116.375, 50.625, 1.0229249204032421e-23, nan 
116.625, 50.625, 2.2327461834364627e-24, nan 
116.875, 50.625, 4.423509946378331e-24, nan 
117.125, 50.625, 1.1370157133024835e-23, nan 
117.375, 50.625, 9.793866722896676e-24, nan 
117.625, 50.625, 1.027154090833326e-23, nan 
117.875, 50.625, 3.716792546718112e-23, nan 
118.125, 50.625, 2.4323673223497625e-23, nan 
118.375, 50.625, 2.2791479006017148e-23, nan 
118.625, 50.625, 2.6123845853248104e-23, nan 
118.875, 50.625, 1.941078096162998e-23, nan 
119.125, 50.625, 1.0366021684942316e-23, nan 
119.375, 50.625, 9.440908613332923e-24, nan 
119.625, 50.625, 5.423935467634277e-24, nan 
119.875, 50.625, 1.4685164963461144e-23, nan 
120.125, 50.625, 1.978519657139639e-23, nan 
120.375, 50.625, 1.406391147717858e-23, nan 
120.625, 50.625, 9.940321821673571e-24, nan 
120.875, 50.625, 6.692902907536475e-24, nan 
121.125, 50.625, 8.19350407589811e-24, nan 
121.375, 50.625, 7.121739554856357e-24, nan 
121.625, 50.625, 8.592167103537128e-24, nan 
121.875, 50.625, 7.946778274620809e-24, nan 
122.125, 50.625, 9.448276556791296e-24, nan 
122.375, 50.625, 6.89184064256314e-24, nan 
122.625, 50.625, 2.431202329989648e-23, nan 
122.875, 50.625, 4.4984402813268176e-23, nan 
123.125, 50.625, 4.727985839914234e-23, nan 
123.375, 50.625, 3.338432295645682e-23, nan 
123.625, 50.625, 3.0843256370013834e-23, nan 
123.875, 50.625, 2.442081827505258e-23, nan 
124.125, 50.625, 3.2894873441257834e-23, nan 
124.375, 50.625, 2.5138503128333443e-23, nan 
124.625, 50.625, 1.464142840410435e-23, nan 
124.875, 50.625, 8.405267924413275e-24, nan 
125.125, 50.625, 9.836871014147638e-24, nan 
125.375, 50.625, 6.569266599900922e-24, nan 
125.625, 50.625, 1.45878570638822e-23, nan 
125.875, 50.625, 1.2264449098543752e-23, nan 
126.125, 50.625, 1.2695051289033784e-23, nan 
126.375, 50.625, 1.5106321049928864e-23, nan 
126.625, 50.625, 2.824498238855205e-23, nan 
126.875, 50.625, 2.6346980996216968e-23, nan 
127.125, 50.625, 1.9933645968047068e-23, nan 
127.375, 50.625, 2.056343855584082e-23, nan 
127.625, 50.625, 9.86823726063837e-24, nan 
127.875, 50.625, 1.0797423895734988e-23, nan 
128.125, 50.625, 1.3201235490125442e-23, nan 
128.375, 50.625, 1.6856390208149552e-23, nan 
128.625, 50.625, 1.8140666355290564e-23, nan 
128.875, 50.625, 1.900407079442444e-23, nan 
129.125, 50.625, 1.604570798379253e-23, nan 
129.375, 50.625, 5.2738631055221487e-23, nan 
129.625, 50.625, 4.7490273978886535e-23, nan 
129.875, 50.625, 9.860629727794344e-24, nan 
130.125, 50.625, 5.146120167919334e-24, nan 
130.375, 50.625, 7.010630217534537e-24, nan 
130.625, 50.625, 7.68809531453302e-24, nan 
130.875, 50.625, 5.264535052355572e-24, nan 
131.125, 50.625, 5.6102741667676506e-24, nan 
131.375, 50.625, 4.491620996922436e-24, nan 
131.625, 50.625, 1.0017102787716848e-23, nan 
131.875, 50.625, 1.4254652509132646e-23, nan 
132.125, 50.625, 8.813709546338209e-24, nan 
132.375, 50.625, 4.6073190549538274e-24, nan 
132.625, 50.625, 5.72445512933812e-24, nan 
132.875, 50.625, 3.6337417442977524e-24, nan 
133.125, 50.625, 4.896561606403239e-24, nan 
133.375, 50.625, 8.5163823220368e-24, nan 
133.625, 50.625, 1.2037612185820427e-23, nan 
133.875, 50.625, 1.71537507943266e-23, nan 
134.125, 50.625, 1.7785448475672628e-23, nan 
134.375, 50.625, 4.3388739440587265e-23, nan 
134.625, 50.625, 1.0425359881369564e-22, nan 
134.875, 50.625, 1.8582082068867803e-23, nan 
135.125, 50.625, 1.7208823134830383e-23, nan 
135.375, 50.625, 1.0052287014286196e-23, nan 
135.625, 50.625, 1.0252894064011411e-23, nan 
135.875, 50.625, 1.7870579801635303e-23, nan 
136.125, 50.625, 1.6650029791699336e-23, nan 
136.375, 50.625, 1.2977765478847306e-23, nan 
136.625, 50.625, 1.0493125210736812e-23, nan 
136.875, 50.625, 1.4904402730413842e-24, nan 
137.125, 50.625, 7.327131910654203e-24, nan 
137.375, 50.625, 7.789897745522735e-24, nan 
137.625, 50.625, 4.7053043514852845e-24, nan 
137.875, 50.625, 7.500192661668926e-24, nan 
138.125, 50.625, 7.448172376588633e-24, nan 
138.375, 50.625, 5.7209205666409076e-24, nan 
138.625, 50.625, 6.575281268968324e-24, nan 
138.875, 50.625, 4.3311770304963584e-24, nan 
139.125, 50.625, 2.7474363225073543e-24, nan 
139.375, 50.625, 5.463780102072928e-24, nan 
139.625, 50.625, 7.09625263448628e-24, nan 
139.875, 50.625, 9.390608886098791e-24, nan 
140.125, 50.625, 6.606880000285487e-24, nan 
140.375, 50.625, 1.1237926953487498e-23, nan 
140.625, 50.625, 8.018621337081814e-24, nan 
140.875, 50.625, 3.980110460041231e-24, nan 
141.125, 50.625, 8.159673401565515e-24, nan 
141.375, 50.625, 8.354117346482988e-24, nan 
141.625, 50.625, 7.552300841644476e-24, nan 
141.875, 50.625, 1.0879356696161433e-23, nan 
142.125, 50.625, 8.798749708475386e-24, nan 
142.375, 50.625, 2.9209442264533e-24, nan 
142.625, 50.625, 2.7254520791375378e-24, nan 
142.875, 50.625, 6.303657078355974e-24, nan 
143.125, 50.625, 8.531516987490978e-24, nan 
143.375, 50.625, 6.0656290078507835e-24, nan 
143.625, 50.625, 2.6225472287354607e-24, nan 
143.875, 50.625, 5.345387536461067e-24, nan 
144.125, 50.625, 4.9542942484214966e-24, nan 
144.375, 50.625, 4.403588913491524e-24, nan 
144.625, 50.625, 2.6732437047391487e-24, nan 
144.875, 50.625, 4.4131404995971836e-24, nan 
145.125, 50.625, 3.362276052320158e-24, nan 
145.375, 50.625, 2.592698050888248e-24, nan 
145.625, 50.625, 2.468832814252829e-24, nan 
145.875, 50.625, 3.989307227947104e-24, nan 
146.125, 50.625, 5.141959010971951e-24, nan 
146.375, 50.625, 8.015254271870693e-24, nan 
146.625, 50.625, 8.145244753521369e-24, nan 
146.875, 50.625, 3.572820958096223e-24, nan 
147.125, 50.625, 5.8961095513080574e-24, nan 
147.375, 50.625, 7.630790950606242e-24, nan 
147.625, 50.625, 7.625045083679603e-24, nan 
147.875, 50.625, 7.297808022276959e-24, nan 
148.125, 50.625, 5.474633656047555e-24, nan 
148.375, 50.625, 9.813321734366191e-24, nan 
148.625, 50.625, 9.611860978208364e-24, nan 
148.875, 50.625, 5.9755483075271074e-24, nan 
90.375, 50.875, 1.570306543065868e-23, nan 
90.625, 50.875, 2.0333047174962895e-23, nan 
90.875, 50.875, 1.823902238518439e-23, nan 
91.125, 50.875, 1.1247365146405968e-23, nan 
91.375, 50.875, 1.4710077326022836e-23, nan 
91.625, 50.875, 1.9806798485982507e-23, nan 
91.875, 50.875, 1.7124037953903605e-23, nan 
92.125, 50.875, 1.8538930668383982e-23, nan 
92.375, 50.875, 2.735791232544198e-23, nan 
92.625, 50.875, 2.5779110649965192e-23, nan 
92.875, 50.875, 8.065929393858594e-24, nan 
93.125, 50.875, 1.0512426128468386e-23, nan 
93.375, 50.875, 2.63036636258044e-23, nan 
93.625, 50.875, 3.0366283341467655e-23, nan 
93.875, 50.875, 2.5916777347602082e-23, nan 
94.125, 50.875, 2.1777978024115988e-23, nan 
94.375, 50.875, 1.535824622318253e-23, nan 
94.625, 50.875, 2.3416783499385797e-23, nan 
94.875, 50.875, 1.7349813173518238e-23, nan 
95.125, 50.875, 1.3438091752607232e-23, nan 
95.375, 50.875, 2.723521929767663e-23, nan 
95.625, 50.875, 3.619807250454073e-23, nan 
95.875, 50.875, 2.3639362017867168e-23, nan 
96.125, 50.875, 2.3780346391205477e-23, nan 
96.375, 50.875, 4.684931498627074e-23, nan 
96.625, 50.875, 5.424737541296122e-23, nan 
96.875, 50.875, 1.805341694433711e-23, nan 
97.125, 50.875, 2.6147720765247386e-23, nan 
97.375, 50.875, 2.1619222818662135e-23, nan 
97.625, 50.875, 1.33331288321476e-23, nan 
97.875, 50.875, 5.6521578484268354e-24, nan 
98.125, 50.875, 1.1648662051122827e-23, nan 
98.375, 50.875, 1.2876664908247887e-23, nan 
98.625, 50.875, 1.2250365686526461e-23, nan 
98.875, 50.875, 1.1281168439645459e-23, nan 
99.125, 50.875, 7.659239555002857e-24, nan 
99.375, 50.875, 5.5622676274459445e-24, nan 
99.625, 50.875, 2.370084050248957e-24, nan 
99.875, 50.875, 4.139711534764707e-24, nan 
100.125, 50.875, 3.600214202189461e-24, nan 
100.375, 50.875, 7.383302464273033e-24, nan 
100.625, 50.875, 7.477129839749949e-24, nan 
100.875, 50.875, 1.0753144079401705e-23, nan 
101.125, 50.875, 1.0963584533498972e-23, nan 
101.375, 50.875, 7.523675597373543e-24, nan 
101.625, 50.875, 7.101602227160078e-24, nan 
101.875, 50.875, 5.690712082433288e-24, nan 
102.125, 50.875, 8.325291819161831e-24, nan 
102.375, 50.875, 7.891277171771122e-24, nan 
102.625, 50.875, 5.322766083543223e-24, nan 
102.875, 50.875, 1.1208077109589739e-23, nan 
103.125, 50.875, 1.1403728014318667e-23, nan 
103.375, 50.875, 5.9807743550522674e-24, nan 
103.625, 50.875, 7.935021072851531e-24, nan 
103.875, 50.875, 1.0913714919360851e-23, nan 
104.125, 50.875, 1.675655607387193e-23, nan 
104.375, 50.875, 1.8126900382399234e-23, nan 
104.625, 50.875, 1.0296105330390503e-23, nan 
104.875, 50.875, 4.6078199046763025e-24, nan 
105.125, 50.875, 4.897757646696541e-24, nan 
105.375, 50.875, 7.581328356416396e-24, nan 
105.625, 50.875, 1.2845717579950496e-23, nan 
105.875, 50.875, 1.4496968886593027e-23, nan 
106.125, 50.875, 2.1808852697880506e-23, nan 
106.375, 50.875, 2.0553155819869397e-23, nan 
106.625, 50.875, 1.6749272860781703e-23, nan 
106.875, 50.875, 2.5687870391207698e-23, nan 
107.125, 50.875, 2.399395225247804e-23, nan 
107.375, 50.875, 1.1902303711049283e-23, nan 
107.625, 50.875, 2.6252305401406386e-24, nan 
107.875, 50.875, 2.2155928247741994e-24, nan 
108.125, 50.875, 1.6068555859010898e-24, nan 
108.375, 50.875, 7.130915765267658e-24, nan 
108.625, 50.875, 1.252756007763841e-23, nan 
108.875, 50.875, 8.445462068546795e-24, nan 
109.125, 50.875, 3.672269890356212e-24, nan 
109.375, 50.875, 3.83052966352115e-24, nan 
109.625, 50.875, 2.9951801390830668e-24, nan 
109.875, 50.875, 3.443845861940032e-24, nan 
110.125, 50.875, 1.106433770454836e-24, nan 
110.375, 50.875, 2.143366777674935e-24, nan 
110.625, 50.875, 3.0671056511257817e-24, nan 
110.875, 50.875, 2.2684536736413227e-24, nan 
111.125, 50.875, 1.0605803396563011e-23, nan 
111.375, 50.875, 1.7262954589163116e-23, nan 
111.625, 50.875, 9.845966330714222e-24, nan 
111.875, 50.875, 2.802288121042511e-24, nan 
112.125, 50.875, 1.3731272320565595e-24, nan 
112.375, 50.875, 9.008745967533208e-24, nan 
112.625, 50.875, 3.79119458658957e-24, nan 
112.875, 50.875, 7.7747257905136e-24, nan 
113.125, 50.875, 1.0774920655535552e-23, nan 
113.375, 50.875, 3.619181218603413e-24, nan 
113.625, 50.875, 2.949123361559209e-24, nan 
113.875, 50.875, 3.677413096280163e-24, nan 
114.125, 50.875, 3.0159359104339497e-24, nan 
114.375, 50.875, 1.5737412670520262e-24, nan 
114.625, 50.875, 9.155221777968017e-25, nan 
114.875, 50.875, 2.5291755014191835e-24, nan 
115.125, 50.875, 2.6203673408413872e-24, nan 
115.375, 50.875, 3.2808495744967124e-24, nan 
115.625, 50.875, 3.0644020794380394e-24, nan 
115.875, 50.875, 6.2384779707851785e-24, nan 
116.125, 50.875, 9.530483089327034e-24, nan 
116.375, 50.875, 8.260640220617135e-24, nan 
116.625, 50.875, 4.64628106114022e-24, nan 
116.875, 50.875, 7.101558573376208e-24, nan 
117.125, 50.875, 7.46189531226751e-24, nan 
117.375, 50.875, 8.191450963796372e-24, nan 
117.625, 50.875, 1.1057313651432692e-23, nan 
117.875, 50.875, 1.3791540643754384e-23, nan 
118.125, 50.875, 1.5247838446478617e-23, nan 
118.375, 50.875, 1.7484118521127527e-23, nan 
118.625, 50.875, 2.714467391728235e-23, nan 
118.875, 50.875, 2.2534979467630708e-23, nan 
119.125, 50.875, 8.33209867779812e-24, nan 
119.375, 50.875, 7.980222949522971e-24, nan 
119.625, 50.875, 1.1630362816557199e-23, nan 
119.875, 50.875, 1.6460981424550237e-23, nan 
120.125, 50.875, 1.8982716917066704e-23, nan 
120.375, 50.875, 1.7259111443508108e-23, nan 
120.625, 50.875, 1.5745932744673487e-23, nan 
120.875, 50.875, 8.867233726074919e-24, nan 
121.125, 50.875, 5.412164121696611e-24, nan 
121.375, 50.875, 3.50969822226829e-24, nan 
121.625, 50.875, 4.9080141804905436e-24, nan 
121.875, 50.875, 6.770123362244819e-24, nan 
122.125, 50.875, 1.5082461492797373e-23, nan 
122.375, 50.875, 1.611411308293836e-23, nan 
122.625, 50.875, 3.160622777251678e-23, nan 
122.875, 50.875, 5.287293339880096e-23, nan 
123.125, 50.875, 5.02171588668482e-23, nan 
123.375, 50.875, 1.58036058636719e-23, nan 
123.625, 50.875, 3.0613883002848145e-23, nan 
123.875, 50.875, 3.987504645977482e-23, nan 
124.125, 50.875, 4.5661956457096663e-23, nan 
124.375, 50.875, 4.1592509405308426e-23, nan 
124.625, 50.875, 2.366814869286745e-23, nan 
124.875, 50.875, 2.3555204562125418e-23, nan 
125.125, 50.875, 2.0513486977574153e-23, nan 
125.375, 50.875, 1.8688062404595875e-23, nan 
125.625, 50.875, 1.891096572248645e-23, nan 
125.875, 50.875, 1.9660549407642725e-23, nan 
126.125, 50.875, 1.5290889267461285e-23, nan 
126.375, 50.875, 1.5140464856796492e-23, nan 
126.625, 50.875, 2.482256207456007e-23, nan 
126.875, 50.875, 2.2128185017327778e-23, nan 
127.125, 50.875, 1.3005568465522719e-23, nan 
127.375, 50.875, 2.3781443607355618e-23, nan 
127.625, 50.875, 2.171507392308839e-23, nan 
127.875, 50.875, 1.127468872635923e-23, nan 
128.125, 50.875, 1.0914283276675772e-23, nan 
128.375, 50.875, 1.6621388847560954e-23, nan 
128.625, 50.875, 1.7055348270422916e-23, nan 
128.875, 50.875, 1.580402913889169e-23, nan 
129.125, 50.875, 1.9386337318777025e-23, nan 
129.375, 50.875, 1.9630682540474252e-23, nan 
129.625, 50.875, 4.401428969080654e-23, nan 
129.875, 50.875, 3.2658608230068277e-23, nan 
130.125, 50.875, 3.382024264840236e-24, nan 
130.375, 50.875, 6.237434472998484e-24, nan 
130.625, 50.875, 6.734790209909893e-24, nan 
130.875, 50.875, 7.581454880291728e-24, nan 
131.125, 50.875, 5.9708541744785226e-24, nan 
131.375, 50.875, 3.1924522382616473e-24, nan 
131.625, 50.875, 4.776435588606493e-24, nan 
131.875, 50.875, 1.5669657611312202e-23, nan 
132.125, 50.875, 1.3645481703959314e-23, nan 
132.375, 50.875, 9.793284576933215e-24, nan 
132.625, 50.875, 9.489170018505775e-24, nan 
132.875, 50.875, 4.809718172565932e-24, nan 
133.125, 50.875, 4.9712970601222216e-24, nan 
133.375, 50.875, 6.101414969181608e-24, nan 
133.625, 50.875, 6.290997990125015e-24, nan 
133.875, 50.875, 1.107444573159905e-23, nan 
134.125, 50.875, 2.0772230756909815e-23, nan 
134.375, 50.875, 1.731626577615558e-23, nan 
134.625, 50.875, 2.2290330409558412e-23, nan 
134.875, 50.875, 1.5148041753348778e-23, nan 
135.125, 50.875, 1.504047478905198e-23, nan 
135.375, 50.875, 2.4463577932106462e-23, nan 
135.625, 50.875, 1.0042689003307424e-23, nan 
135.875, 50.875, 7.665222180956746e-24, nan 
136.125, 50.875, 7.796080910280174e-24, nan 
136.375, 50.875, 7.608806258197009e-24, nan 
136.625, 50.875, 4.413786847967782e-24, nan 
136.875, 50.875, 5.766967372341649e-24, nan 
137.125, 50.875, 5.0063968672955244e-24, nan 
137.375, 50.875, 6.557016289601694e-24, nan 
137.625, 50.875, 8.634068381397517e-24, nan 
137.875, 50.875, 8.487544936584555e-24, nan 
138.125, 50.875, 3.456090657884216e-24, nan 
138.375, 50.875, 3.4231127685684234e-24, nan 
138.625, 50.875, 3.52191405212362e-24, nan 
138.875, 50.875, 5.085010235001032e-24, nan 
139.125, 50.875, 5.018478002519861e-24, nan 
139.375, 50.875, 7.097377158897941e-24, nan 
139.625, 50.875, 1.0750403101685632e-23, nan 
139.875, 50.875, 1.1895450171402985e-23, nan 
140.125, 50.875, 8.704691131947822e-24, nan 
140.375, 50.875, 1.1561880759579316e-23, nan 
140.625, 50.875, 1.6898463005102285e-23, nan 
140.875, 50.875, 1.1852022639763086e-23, nan 
141.125, 50.875, 1.0031059942338903e-23, nan 
141.375, 50.875, 7.371939865296007e-24, nan 
141.625, 50.875, 4.31819757067098e-24, nan 
141.875, 50.875, 6.5726103377922736e-24, nan 
142.125, 50.875, 8.952454093969312e-24, nan 
142.375, 50.875, 7.056594352557399e-24, nan 
142.625, 50.875, 3.3888505005866275e-24, nan 
142.875, 50.875, 4.4112393830451325e-24, nan 
143.125, 50.875, 5.232669870257324e-24, nan 
143.375, 50.875, 5.0807082528711945e-24, nan 
143.625, 50.875, 4.857474875110577e-24, nan 
143.875, 50.875, 7.462610196111701e-24, nan 
144.125, 50.875, 4.127577806560345e-24, nan 
144.375, 50.875, 3.5942317835658826e-24, nan 
144.625, 50.875, 4.001814767143666e-24, nan 
144.875, 50.875, 3.5941444147520104e-24, nan 
145.125, 50.875, 3.266541319192981e-24, nan 
145.375, 50.875, 2.119120679567838e-24, nan 
145.625, 50.875, 6.247061930803894e-24, nan 
145.875, 50.875, 1.0753568510689069e-23, nan 
146.125, 50.875, 8.833031561676043e-24, nan 
146.375, 50.875, 6.96239570221981e-24, nan 
146.625, 50.875, 5.039198292114068e-24, nan 
146.875, 50.875, 2.6629259908601087e-24, nan 
147.125, 50.875, 3.565054131924445e-24, nan 
147.375, 50.875, 4.5791399114104554e-24, nan 
147.625, 50.875, 5.491600068476471e-24, nan 
147.875, 50.875, 3.722570168723881e-24, nan 
148.125, 50.875, 2.1661852736645947e-24, nan 
148.375, 50.875, 7.222855969208715e-24, nan 
148.625, 50.875, 7.976945497002573e-24, nan 
148.875, 50.875, 5.362858941082539e-24, nan 
149.125, 50.875, 3.5864477116525364e-24, nan 
149.375, 50.875, 3.234344979041875e-24, nan 
149.625, 50.875, 1.3297569355506816e-24, nan 
88.875, 51.125, 1.720023013344247e-23, nan 
89.125, 51.125, 1.9219612455540184e-23, nan 
89.375, 51.125, 2.2899432772261054e-23, nan 
89.625, 51.125, 2.8224353743014956e-23, nan 
89.875, 51.125, 1.368324001994489e-23, nan 
90.125, 51.125, 1.2048960132824781e-23, nan 
90.375, 51.125, 1.821403630860271e-23, nan 
90.625, 51.125, 1.7789489566691104e-23, nan 
90.875, 51.125, 1.2639251954760463e-23, nan 
91.125, 51.125, 1.2234625751291132e-23, nan 
91.375, 51.125, 1.7268553302482698e-23, nan 
91.625, 51.125, 1.839287399170153e-23, nan 
91.875, 51.125, 1.8384859679545885e-23, nan 
92.125, 51.125, 1.3864357764846344e-23, nan 
92.375, 51.125, 1.5146492571729416e-23, nan 
92.625, 51.125, 3.690179627528814e-23, nan 
92.875, 51.125, 6.202424504493861e-23, nan 
93.125, 51.125, 2.861499833860819e-23, nan 
93.375, 51.125, 1.5204812224072403e-23, nan 
93.625, 51.125, 5.1914159223284277e-23, nan 
93.875, 51.125, 5.519885821829612e-23, nan 
94.125, 51.125, 2.528254359834952e-23, nan 
94.375, 51.125, 1.601231782058815e-23, nan 
94.625, 51.125, 1.4969403935890628e-23, nan 
94.875, 51.125, 2.0285258125205535e-23, nan 
95.125, 51.125, 2.3199329659515366e-23, nan 
95.375, 51.125, 2.4964388252006578e-23, nan 
95.625, 51.125, 3.7061797003265505e-23, nan 
95.875, 51.125, 3.301469448869195e-23, nan 
96.125, 51.125, 3.319985895813241e-23, nan 
96.375, 51.125, 2.4315503248712223e-23, nan 
96.625, 51.125, 2.6176043630672586e-23, nan 
96.875, 51.125, 1.7779682476609465e-23, nan 
97.125, 51.125, 1.8693108289725808e-23, nan 
97.375, 51.125, 7.457434350069496e-24, nan 
97.625, 51.125, 1.5080010552268748e-23, nan 
97.875, 51.125, 1.5392429758115663e-23, nan 
98.125, 51.125, 1.3476807136946106e-23, nan 
98.375, 51.125, 1.4996293566264907e-23, nan 
98.625, 51.125, 1.3449035075651015e-23, nan 
98.875, 51.125, 7.040301978952315e-24, nan 
99.125, 51.125, 7.041657307114396e-24, nan 
99.375, 51.125, 6.3629520986042674e-24, nan 
99.625, 51.125, 4.762229975371215e-24, nan 
99.875, 51.125, 1.350527773540226e-23, nan 
100.125, 51.125, 1.9778873095373884e-24, nan 
100.375, 51.125, 8.183110101099002e-24, nan 
100.625, 51.125, 1.116187202892922e-23, nan 
100.875, 51.125, 9.015876812101316e-24, nan 
101.125, 51.125, 5.824825160090652e-24, nan 
101.375, 51.125, 9.787595954651198e-24, nan 
101.625, 51.125, 1.4534010171762994e-23, nan 
101.875, 51.125, 1.9960393099456618e-23, nan 
102.125, 51.125, 1.5179634760947796e-23, nan 
102.375, 51.125, 1.2812917430750991e-23, nan 
102.625, 51.125, 1.409384883358085e-23, nan 
102.875, 51.125, 1.4556090352460152e-23, nan 
103.125, 51.125, 1.6421567642566673e-23, nan 
103.375, 51.125, 1.3401193345641324e-23, nan 
103.625, 51.125, 1.225505640637981e-23, nan 
103.875, 51.125, 1.5508003286484064e-23, nan 
104.125, 51.125, 1.9146575080686196e-23, nan 
104.375, 51.125, 1.9680542807024423e-23, nan 
104.625, 51.125, 1.7264292524964926e-23, nan 
104.875, 51.125, 1.4098158725383058e-23, nan 
105.125, 51.125, 6.92863941384736e-24, nan 
105.375, 51.125, 1.3424609301654003e-23, nan 
105.625, 51.125, 1.9862996109091004e-23, nan 
105.875, 51.125, 2.1259886486608154e-23, nan 
106.125, 51.125, 2.2189484480049822e-23, nan 
106.375, 51.125, 1.1894962531734905e-23, nan 
106.625, 51.125, 2.0869904207528516e-23, nan 
106.875, 51.125, 2.5643693556679176e-23, nan 
107.125, 51.125, 2.0255518714719827e-23, nan 
107.375, 51.125, 5.960345528477116e-24, nan 
107.625, 51.125, 1.9476171364973737e-23, nan 
107.875, 51.125, 1.2780749289787338e-23, nan 
108.125, 51.125, 2.0599917049081917e-24, nan 
108.375, 51.125, 1.6130984097254161e-24, nan 
108.625, 51.125, 4.129165794480087e-24, nan 
108.875, 51.125, 2.271786216764388e-24, nan 
109.125, 51.125, 1.871865953996339e-24, nan 
109.375, 51.125, 2.333034029168592e-24, nan 
109.625, 51.125, 2.1738194507142832e-24, nan 
109.875, 51.125, 8.733214905965129e-25, nan 
110.125, 51.125, 4.038573742555101e-24, nan 
110.375, 51.125, 5.0092619420333935e-24, nan 
110.625, 51.125, 5.580085556653725e-24, nan 
110.875, 51.125, 1.0973166555730112e-23, nan 
111.125, 51.125, 8.976859372600706e-24, nan 
111.375, 51.125, 6.447632034433058e-24, nan 
111.625, 51.125, 6.394892581880899e-24, nan 
111.875, 51.125, 3.865443287691948e-24, nan 
112.125, 51.125, 4.0013646732393e-23, nan 
112.375, 51.125, 3.760849532382989e-23, nan 
112.625, 51.125, 3.3122465408565866e-23, nan 
112.875, 51.125, 3.2348859429039426e-23, nan 
113.125, 51.125, 3.4419039695023663e-23, nan 
113.375, 51.125, 4.4780100407556074e-23, nan 
113.625, 51.125, 1.5920854911356227e-23, nan 
113.875, 51.125, 5.1160972422270444e-24, nan 
114.125, 51.125, 1.9669166590249244e-24, nan 
114.375, 51.125, 1.0062173904718198e-24, nan 
114.625, 51.125, 3.1257584944982082e-24, nan 
114.875, 51.125, 3.461948856129653e-24, nan 
115.125, 51.125, 1.1463411521078713e-24, nan 
115.375, 51.125, 3.767149761243899e-24, nan 
115.625, 51.125, 4.963270635185436e-24, nan 
115.875, 51.125, 9.83755570327868e-24, nan 
116.125, 51.125, 1.0291015650522614e-23, nan 
116.375, 51.125, 5.5682372886069774e-24, nan 
116.625, 51.125, 7.753663802522495e-24, nan 
116.875, 51.125, 7.142919477344275e-24, nan 
117.125, 51.125, 9.99911399355274e-24, nan 
117.375, 51.125, 1.5392403755922834e-23, nan 
117.625, 51.125, 1.6754100077001133e-23, nan 
117.875, 51.125, 1.1568276276274792e-23, nan 
118.125, 51.125, 1.9091820774405583e-23, nan 
118.375, 51.125, 1.0762018758991231e-23, nan 
118.625, 51.125, 2.141421048750403e-23, nan 
118.875, 51.125, 2.946135267614914e-23, nan 
119.125, 51.125, 1.2342738350330293e-23, nan 
119.375, 51.125, 1.1291409406438608e-23, nan 
119.625, 51.125, 2.3261116733853787e-23, nan 
119.875, 51.125, 2.693536074954048e-23, nan 
120.125, 51.125, 9.408285067669034e-24, nan 
120.375, 51.125, 6.618669049744863e-24, nan 
120.625, 51.125, 2.3306913231330348e-23, nan 
120.875, 51.125, 2.366609971426609e-23, nan 
121.125, 51.125, 8.013568501481151e-24, nan 
121.375, 51.125, 5.691264167420002e-24, nan 
121.625, 51.125, 5.415545353695303e-24, nan 
121.875, 51.125, 2.448537980639497e-23, nan 
122.125, 51.125, 2.58360620184989e-23, nan 
122.375, 51.125, 1.3441468051652315e-23, nan 
122.625, 51.125, 2.4864189122743374e-23, nan 
122.875, 51.125, 1.6726915000853893e-23, nan 
123.125, 51.125, 3.621055332891859e-23, nan 
123.375, 51.125, 3.083398246836899e-23, nan 
123.625, 51.125, 1.318033396274167e-23, nan 
123.875, 51.125, 2.666571946678373e-23, nan 
124.125, 51.125, 1.7295097773212874e-23, nan 
124.375, 51.125, 2.2900302941709695e-23, nan 
124.625, 51.125, 2.100991212885441e-23, nan 
124.875, 51.125, 2.0355626888785128e-23, nan 
125.125, 51.125, 1.417497514177334e-23, nan 
125.375, 51.125, 1.6958453595785462e-23, nan 
125.625, 51.125, 2.2068423836148617e-23, nan 
125.875, 51.125, 2.2907438356167933e-23, nan 
126.125, 51.125, 1.221374606169371e-23, nan 
126.375, 51.125, 1.5076262888680363e-23, nan 
126.625, 51.125, 1.6071463194001738e-23, nan 
126.875, 51.125, 1.3711865061290458e-23, nan 
127.125, 51.125, 1.4136802726802504e-23, nan 
127.375, 51.125, 9.223298752453944e-24, nan 
127.625, 51.125, 1.643429080109405e-23, nan 
127.875, 51.125, 1.387101475854271e-23, nan 
128.125, 51.125, 1.0764990303592406e-23, nan 
128.375, 51.125, 1.3939363770857194e-23, nan 
128.625, 51.125, 1.5613611301646212e-23, nan 
128.875, 51.125, 2.0275301921629123e-23, nan 
129.125, 51.125, 2.03909040318361e-23, nan 
129.375, 51.125, 1.877601272332006e-23, nan 
129.625, 51.125, 6.315413472840267e-23, nan 
129.875, 51.125, 6.494320564033898e-23, nan 
130.125, 51.125, 4.342529157450005e-24, nan 
130.375, 51.125, 3.794434055699863e-24, nan 
130.625, 51.125, 1.5043990662119777e-23, nan 
130.875, 51.125, 1.5336267270602675e-23, nan 
131.125, 51.125, 4.501386910889587e-24, nan 
131.375, 51.125, 4.705297566370245e-24, nan 
131.625, 51.125, 8.642373283148144e-24, nan 
131.875, 51.125, 1.117703329392101e-23, nan 
132.125, 51.125, 6.224865888763332e-24, nan 
132.375, 51.125, 8.197384979109245e-24, nan 
132.625, 51.125, 7.93588734303388e-24, nan 
132.875, 51.125, 4.031708183324441e-24, nan 
133.125, 51.125, 2.734445975405325e-24, nan 
133.375, 51.125, 9.275445694613612e-24, nan 
133.625, 51.125, 1.0514785319907373e-23, nan 
133.875, 51.125, 1.78715246648704e-23, nan 
134.125, 51.125, 2.9987619387566965e-23, nan 
134.375, 51.125, 2.2715529917002895e-23, nan 
134.625, 51.125, 1.7955963533194152e-23, nan 
134.875, 51.125, 1.6481084894624816e-23, nan 
135.125, 51.125, 1.0401376199330814e-23, nan 
135.375, 51.125, 2.87711274975579e-23, nan 
135.625, 51.125, 2.6332371819458532e-23, nan 
135.875, 51.125, 9.729716531258197e-24, nan 
136.125, 51.125, 4.3844964894410016e-24, nan 
136.375, 51.125, 2.626713870625547e-24, nan 
136.625, 51.125, 7.2390269490361e-24, nan 
136.875, 51.125, 7.591377136376016e-24, nan 
137.125, 51.125, 5.799863764759834e-24, nan 
137.375, 51.125, 5.462708498130894e-24, nan 
137.625, 51.125, 7.255632051656391e-24, nan 
137.875, 51.125, 8.414862977358537e-24, nan 
138.125, 51.125, 6.552199041031981e-24, nan 
138.375, 51.125, 6.401913278595313e-24, nan 
138.625, 51.125, 5.015531997868313e-24, nan 
138.875, 51.125, 4.994041069892269e-24, nan 
139.125, 51.125, 3.38341166227863e-24, nan 
139.375, 51.125, 9.773002231819605e-24, nan 
139.625, 51.125, 1.7304820443944827e-23, nan 
139.875, 51.125, 1.506274012487072e-23, nan 
140.125, 51.125, 1.3282379414359323e-23, nan 
140.375, 51.125, 8.446944845873841e-24, nan 
140.625, 51.125, 8.565601235108313e-24, nan 
140.875, 51.125, 8.689004960916177e-24, nan 
141.125, 51.125, 6.872656648341218e-24, nan 
141.375, 51.125, 5.650403294000976e-24, nan 
141.625, 51.125, 8.84400847878936e-24, nan 
141.875, 51.125, 9.756392529343396e-24, nan 
142.125, 51.125, 4.461824396043697e-24, nan 
142.375, 51.125, 5.9470223954863035e-24, nan 
142.625, 51.125, 4.725119592318347e-24, nan 
142.875, 51.125, 3.2630226735378143e-24, nan 
143.125, 51.125, 4.928170072504212e-24, nan 
143.375, 51.125, 5.8771790252386595e-24, nan 
143.625, 51.125, 7.271111708819673e-24, nan 
143.875, 51.125, 8.156353088363323e-24, nan 
144.125, 51.125, 1.0906939971075066e-23, nan 
144.375, 51.125, 1.1136354443539785e-23, nan 
144.625, 51.125, 7.938966331160875e-24, nan 
144.875, 51.125, 7.099779575105555e-24, nan 
145.125, 51.125, 3.5339551084407106e-24, nan 
145.375, 51.125, 3.253274194898896e-24, nan 
145.625, 51.125, 1.3148693657553765e-23, nan 
145.875, 51.125, 1.700936541074303e-23, nan 
146.125, 51.125, 7.679389213786618e-24, nan 
146.375, 51.125, 5.264814637525766e-24, nan 
146.625, 51.125, 2.832478837047903e-24, nan 
146.875, 51.125, 3.9415571730939575e-24, nan 
147.125, 51.125, 8.08288390287439e-24, nan 
147.375, 51.125, 6.5782248513700846e-24, nan 
147.625, 51.125, 6.040396784377158e-24, nan 
147.875, 51.125, 4.140413592244531e-24, nan 
148.125, 51.125, 2.176554371381667e-24, nan 
148.375, 51.125, 4.1454014670181854e-24, nan 
148.625, 51.125, 5.5308241124723316e-24, nan 
148.875, 51.125, 3.742491648633702e-24, nan 
149.125, 51.125, 1.9605608189643627e-24, nan 
149.375, 51.125, 2.0279723868140506e-24, nan 
149.625, 51.125, 1.6170338584826528e-24, nan 
149.875, 51.125, 2.179915848204176e-24, nan 
150.125, 51.125, 5.9183236318331255e-24, nan 
87.625, 51.375, 9.809428900305444e-24, nan 
87.875, 51.375, 2.8111796650633137e-23, nan 
88.125, 51.375, 2.498037547268036e-23, nan 
88.375, 51.375, 1.4415084279113792e-23, nan 
88.625, 51.375, 1.2330281066150964e-23, nan 
88.875, 51.375, 5.437019196065893e-24, nan 
89.125, 51.375, 9.730418184178188e-24, nan 
89.375, 51.375, 4.522570668826283e-23, nan 
89.625, 51.375, 4.270392263296836e-23, nan 
89.875, 51.375, 1.1256421789310592e-23, nan 
90.125, 51.375, 1.6242993589856083e-23, nan 
90.375, 51.375, 1.4068193193147713e-23, nan 
90.625, 51.375, 1.7572194092669573e-23, nan 
90.875, 51.375, 2.1154358290438355e-23, nan 
91.125, 51.375, 1.451746171038069e-23, nan 
91.375, 51.375, 1.1222635340281474e-23, nan 
91.625, 51.375, 1.2478744261603716e-23, nan 
91.875, 51.375, 1.766392987313598e-23, nan 
92.125, 51.375, 1.6991641011369573e-23, nan 
92.375, 51.375, 3.767928754463111e-23, nan 
92.625, 51.375, 5.615718850438619e-23, nan 
92.875, 51.375, 1.0670328044088158e-22, nan 
93.125, 51.375, 8.247778369613872e-23, nan 
93.375, 51.375, 4.9785608538550717e-23, nan 
93.625, 51.375, 4.0386443105897063e-23, nan 
93.875, 51.375, 5.205632691957626e-23, nan 
94.125, 51.375, 4.3200850261205194e-23, nan 
94.375, 51.375, 3.0481821438412886e-23, nan 
94.625, 51.375, 2.1013737078396117e-23, nan 
94.875, 51.375, 1.83764856895834e-23, nan 
95.125, 51.375, 2.056285913943801e-23, nan 
95.375, 51.375, 1.7666385576516824e-23, nan 
95.625, 51.375, 2.3205367278917955e-23, nan 
95.875, 51.375, 2.4621984404125483e-23, nan 
96.125, 51.375, 3.0016492019914344e-23, nan 
96.375, 51.375, 2.1603254901709187e-23, nan 
96.625, 51.375, 1.3360658215228426e-23, nan 
96.875, 51.375, 1.2929139144684399e-23, nan 
97.125, 51.375, 1.2005790984784534e-23, nan 
97.375, 51.375, 1.6309828633721112e-23, nan 
97.625, 51.375, 2.75948143043894e-23, nan 
97.875, 51.375, 2.038741492820023e-23, nan 
98.125, 51.375, 9.095211259399334e-24, nan 
98.375, 51.375, 1.0234739218637298e-23, nan 
98.625, 51.375, 1.2393586137100245e-23, nan 
98.875, 51.375, 9.069070220037651e-24, nan 
99.125, 51.375, 8.27902818146997e-24, nan 
99.375, 51.375, 9.156240715343593e-24, nan 
99.625, 51.375, 1.3966241683491098e-23, nan 
99.875, 51.375, 3.0317762311873706e-23, nan 
100.125, 51.375, 2.605974608908658e-23, nan 
100.375, 51.375, 1.6566961269732047e-23, nan 
100.625, 51.375, 2.1342681201256424e-23, nan 
100.875, 51.375, 1.1811963198750087e-23, nan 
101.125, 51.375, 1.502683813431704e-23, nan 
101.375, 51.375, 1.7313351557103863e-23, nan 
101.625, 51.375, 2.1292039254791672e-23, nan 
101.875, 51.375, 2.765868546754469e-23, nan 
102.125, 51.375, 2.4058066503639058e-23, nan 
102.375, 51.375, 2.1097386548992166e-23, nan 
102.625, 51.375, 1.563291905676318e-23, nan 
102.875, 51.375, 1.7142026218301073e-23, nan 
103.125, 51.375, 1.9680956219310002e-23, nan 
103.375, 51.375, 1.759588012663992e-23, nan 
103.625, 51.375, 1.7596665029405174e-23, nan 
103.875, 51.375, 1.6900391371361714e-23, nan 
104.125, 51.375, 1.572752488514351e-23, nan 
104.375, 51.375, 1.5273354658225458e-23, nan 
104.625, 51.375, 1.568636343217796e-23, nan 
104.875, 51.375, 2.0183267261888193e-23, nan 
105.125, 51.375, 2.5743690779301802e-23, nan 
105.375, 51.375, 2.569143666251991e-23, nan 
105.625, 51.375, 2.4119356268170685e-23, nan 
105.875, 51.375, 2.488783567622725e-23, nan 
106.125, 51.375, 2.3885199545735926e-23, nan 
106.375, 51.375, 2.909921831307231e-23, nan 
106.625, 51.375, 2.6831367216323146e-23, nan 
106.875, 51.375, 9.7037200034054e-24, nan 
107.125, 51.375, 4.791540773232543e-24, nan 
107.375, 51.375, 2.4858697447291228e-23, nan 
107.625, 51.375, 3.5194589046835754e-23, nan 
107.875, 51.375, 2.7923273097829077e-23, nan 
108.125, 51.375, 2.250056476902754e-23, nan 
108.375, 51.375, 9.038599315711599e-24, nan 
108.625, 51.375, 4.894173806557129e-24, nan 
108.875, 51.375, 7.269250241470045e-24, nan 
109.125, 51.375, 8.804931993956163e-24, nan 
109.375, 51.375, 6.763603621898974e-24, nan 
109.625, 51.375, 7.090011552065087e-24, nan 
109.875, 51.375, 6.741435150504338e-24, nan 
110.125, 51.375, 6.350072747093998e-24, nan 
110.375, 51.375, 7.47873122086032e-24, nan 
110.625, 51.375, 1.3912361559456237e-23, nan 
110.875, 51.375, 1.5508930516297428e-23, nan 
111.125, 51.375, 1.041991719168132e-23, nan 
111.375, 51.375, 1.0177855211663813e-23, nan 
111.625, 51.375, 1.1215664328290577e-23, nan 
111.875, 51.375, 6.428554703141363e-23, nan 
112.125, 51.375, 8.216840470457944e-23, nan 
112.375, 51.375, 4.219509942493092e-23, nan 
112.625, 51.375, 3.51541095151885e-23, nan 
112.875, 51.375, 3.369699381121398e-23, nan 
113.125, 51.375, 5.883504691932807e-23, nan 
113.375, 51.375, 7.35896027030504e-23, nan 
113.625, 51.375, 5.897069832550915e-23, nan 
113.875, 51.375, 2.7239322597120416e-23, nan 
114.125, 51.375, 5.092712030718157e-24, nan 
114.375, 51.375, 3.489564634123159e-24, nan 
114.625, 51.375, 4.29786288395018e-24, nan 
114.875, 51.375, 3.71514184033422e-24, nan 
115.125, 51.375, 2.5633840748746624e-24, nan 
115.375, 51.375, 3.4526307507801294e-24, nan 
115.625, 51.375, 5.687968460797847e-24, nan 
115.875, 51.375, 1.4060963313064636e-23, nan 
116.125, 51.375, 1.4661810706579378e-23, nan 
116.375, 51.375, 8.607480143797767e-24, nan 
116.625, 51.375, 1.526436632651825e-23, nan 
116.875, 51.375, 1.4460504807095713e-23, nan 
117.125, 51.375, 1.0937178635668826e-23, nan 
117.375, 51.375, 3.3180164727823187e-23, nan 
117.625, 51.375, 3.295070626502171e-23, nan 
117.875, 51.375, 2.025148228409905e-23, nan 
118.125, 51.375, 2.739689364544187e-23, nan 
118.375, 51.375, 1.3990104137779317e-23, nan 
118.625, 51.375, 1.3934765253066325e-23, nan 
118.875, 51.375, 3.2431432978437137e-23, nan 
119.125, 51.375, 3.452349715136985e-23, nan 
119.375, 51.375, 1.8643715691570274e-23, nan 
119.625, 51.375, 1.3450525935365908e-23, nan 
119.875, 51.375, 2.1219225385011303e-23, nan 
120.125, 51.375, 1.675513029550226e-23, nan 
120.375, 51.375, 1.4805185737272995e-23, nan 
120.625, 51.375, 1.569807682115263e-23, nan 
120.875, 51.375, 2.6820145410736113e-23, nan 
121.125, 51.375, 2.554733911227051e-23, nan 
121.375, 51.375, 1.0671728286836005e-23, nan 
121.625, 51.375, 7.304339469522236e-24, nan 
121.875, 51.375, 8.787943218985125e-24, nan 
122.125, 51.375, 1.4002198044017653e-23, nan 
122.375, 51.375, 2.1615919203069014e-23, nan 
122.625, 51.375, 2.207442356548573e-23, nan 
122.875, 51.375, 9.105053247317448e-24, nan 
123.125, 51.375, 4.245004433748716e-23, nan 
123.375, 51.375, 4.455021098249475e-23, nan 
123.625, 51.375, 1.723404884238609e-23, nan 
123.875, 51.375, 1.1540882607095246e-23, nan 
124.125, 51.375, 1.5581176010406554e-23, nan 
124.375, 51.375, 3.9264934306963e-23, nan 
124.625, 51.375, 3.753683372594187e-23, nan 
124.875, 51.375, 2.3034986177763685e-23, nan 
125.125, 51.375, 8.687622487951955e-24, nan 
125.375, 51.375, 1.5534156601179368e-23, nan 
125.625, 51.375, 2.6576754640999465e-23, nan 
125.875, 51.375, 2.4522129795744836e-23, nan 
126.125, 51.375, 5.595917292814825e-24, nan 
126.375, 51.375, 7.784412183367284e-24, nan 
126.625, 51.375, 6.950846626250349e-24, nan 
126.875, 51.375, 1.0836258011933186e-23, nan 
127.125, 51.375, 1.2919582200840765e-23, nan 
127.375, 51.375, 2.0387809707231972e-23, nan 
127.625, 51.375, 2.0494799670485384e-23, nan 
127.875, 51.375, 1.5507435861275964e-23, nan 
128.125, 51.375, 1.070360972700045e-23, nan 
128.375, 51.375, 9.34788136163497e-24, nan 
128.625, 51.375, 1.5309099026121074e-23, nan 
128.875, 51.375, 1.6604425829519754e-23, nan 
129.125, 51.375, 1.3861793279718628e-23, nan 
129.375, 51.375, 2.118614658801402e-23, nan 
129.625, 51.375, 2.158618297515372e-23, nan 
129.875, 51.375, 5.472632776748933e-23, nan 
130.125, 51.375, 5.779319023616401e-23, nan 
130.375, 51.375, 4.44362464372509e-24, nan 
130.625, 51.375, 9.865250238821328e-24, nan 
130.875, 51.375, 8.126785225889569e-24, nan 
131.125, 51.375, 4.8006522534292306e-24, nan 
131.375, 51.375, 4.49727311488251e-24, nan 
131.625, 51.375, 4.6928923678235575e-24, nan 
131.875, 51.375, 9.622685609797924e-24, nan 
132.125, 51.375, 1.0196304171914673e-23, nan 
132.375, 51.375, 7.357316192574984e-24, nan 
132.625, 51.375, 6.583180142103973e-24, nan 
132.875, 51.375, 3.6848391518866376e-24, nan 
133.125, 51.375, 2.6142840041741865e-24, nan 
133.375, 51.375, 2.6223818771351772e-24, nan 
133.625, 51.375, 6.537118259214728e-24, nan 
133.875, 51.375, 1.4723446577163783e-23, nan 
134.125, 51.375, 1.865795597247377e-23, nan 
134.375, 51.375, 2.9930562760581157e-23, nan 
134.625, 51.375, 2.900152729325453e-23, nan 
134.875, 51.375, 1.7971525337969997e-23, nan 
135.125, 51.375, 1.3215081247077e-23, nan 
135.375, 51.375, 1.1186366927345538e-23, nan 
135.625, 51.375, 1.597496323372628e-23, nan 
135.875, 51.375, 1.419694953578077e-23, nan 
136.125, 51.375, 1.3370940199287535e-23, nan 
136.375, 51.375, 1.1998159378868015e-24, nan 
136.625, 51.375, 9.933116735951612e-24, nan 
136.875, 51.375, 1.0615857134328033e-23, nan 
137.125, 51.375, 4.9802826103210934e-24, nan 
137.375, 51.375, 3.183961625442104e-24, nan 
137.625, 51.375, 7.860541801415113e-24, nan 
137.875, 51.375, 3.749331952434102e-24, nan 
138.125, 51.375, 5.697014835802886e-24, nan 
138.375, 51.375, 1.0170299671983212e-23, nan 
138.625, 51.375, 7.189176192102807e-24, nan 
138.875, 51.375, 4.555636318910431e-24, nan 
139.125, 51.375, 6.164545379713838e-24, nan 
139.375, 51.375, 7.117370751963237e-24, nan 
139.625, 51.375, 1.8233055842510742e-23, nan 
139.875, 51.375, 1.8541935681977044e-23, nan 
140.125, 51.375, 9.091362656704459e-24, nan 
140.375, 51.375, 6.314455468890672e-24, nan 
140.625, 51.375, 1.1800926660834033e-23, nan 
140.875, 51.375, 1.7236498632257613e-23, nan 
141.125, 51.375, 1.1423443008496019e-23, nan 
141.375, 51.375, 6.314984467969302e-24, nan 
141.625, 51.375, 7.094862684622348e-24, nan 
141.875, 51.375, 5.803888694218215e-24, nan 
142.125, 51.375, 2.825048082341545e-24, nan 
142.375, 51.375, 9.841869529860023e-24, nan 
142.625, 51.375, 8.80981732663709e-24, nan 
142.875, 51.375, 3.455040520013719e-24, nan 
143.125, 51.375, 1.7837146084709815e-24, nan 
143.375, 51.375, 2.84223534916878e-24, nan 
143.625, 51.375, 3.941212718394405e-24, nan 
143.875, 51.375, 2.9301819553207717e-24, nan 
144.125, 51.375, 6.659187433233279e-24, nan 
144.375, 51.375, 7.715477529454516e-24, nan 
144.625, 51.375, 4.999472850311832e-24, nan 
144.875, 51.375, 3.999109412496109e-24, nan 
145.125, 51.375, 2.521715178609877e-24, nan 
145.375, 51.375, 2.4528168263360994e-24, nan 
145.625, 51.375, 2.8354746879385793e-24, nan 
145.875, 51.375, 1.0914066973980622e-23, nan 
146.125, 51.375, 8.457060860564032e-24, nan 
146.375, 51.375, 4.20148654035601e-24, nan 
146.625, 51.375, 5.1572460839475626e-24, nan 
146.875, 51.375, 2.889778166721885e-24, nan 
147.125, 51.375, 3.7162642758503376e-24, nan 
147.375, 51.375, 8.555721153464028e-25, nan 
147.625, 51.375, 1.9558280607746853e-24, nan 
147.875, 51.375, 9.862340618416056e-25, nan 
148.125, 51.375, 1.6247937386548445e-24, nan 
148.375, 51.375, 3.2025231781831672e-24, nan 
148.625, 51.375, 4.292629084895016e-24, nan 
148.875, 51.375, 2.810060000993085e-24, nan 
149.125, 51.375, 1.7339015507210903e-24, nan 
149.375, 51.375, 2.242524787751124e-24, nan 
149.625, 51.375, 2.2992028833697935e-24, nan 
149.875, 51.375, 5.272390886914835e-24, nan 
150.125, 51.375, 6.080806150724286e-24, nan 
150.375, 51.375, 5.466102515099393e-24, nan 
150.625, 51.375, 5.140258763789101e-24, nan 
86.375, 51.625, 7.283787798972638e-24, nan 
86.625, 51.625, 1.3088965992796207e-23, nan 
86.875, 51.625, 1.4260525753919203e-23, nan 
87.125, 51.625, 1.188300563366525e-23, nan 
87.375, 51.625, 8.335782642096388e-24, nan 
87.625, 51.625, 4.359086017185895e-24, nan 
87.875, 51.625, 1.3332693156662673e-23, nan 
88.125, 51.625, 9.473183903508125e-24, nan 
88.375, 51.625, 7.842742616498106e-24, nan 
88.625, 51.625, 2.298441644516607e-23, nan 
88.875, 51.625, 2.221778833132678e-23, nan 
89.125, 51.625, 4.0544223441786517e-23, nan 
89.375, 51.625, 4.280008950119123e-23, nan 
89.625, 51.625, 2.0850664873815144e-23, nan 
89.875, 51.625, 1.7588837606601736e-23, nan 
90.125, 51.625, 1.524208335210933e-23, nan 
90.375, 51.625, 1.3267572495278924e-23, nan 
90.625, 51.625, 1.326260375968286e-23, nan 
90.875, 51.625, 2.1367572523695388e-23, nan 
91.125, 51.625, 2.0109302176639644e-23, nan 
91.375, 51.625, 1.0662518738671643e-23, nan 
91.625, 51.625, 4.630282888579027e-24, nan 
91.875, 51.625, 1.468323747218673e-23, nan 
92.125, 51.625, 3.0494542398641465e-23, nan 
92.375, 51.625, 3.455861482629506e-23, nan 
92.625, 51.625, 5.359794124602848e-23, nan 
92.875, 51.625, 9.142991919814559e-23, nan 
93.125, 51.625, 8.044037130046896e-23, nan 
93.375, 51.625, 6.191334986359229e-23, nan 
93.625, 51.625, 9.53933641192389e-24, nan 
93.875, 51.625, 3.5693935258546545e-23, nan 
94.125, 51.625, 4.2405718617998297e-23, nan 
94.375, 51.625, 2.4367186029924933e-23, nan 
94.625, 51.625, 1.634623714931008e-23, nan 
94.875, 51.625, 1.2391924767829344e-23, nan 
95.125, 51.625, 1.2418292470233532e-23, nan 
95.375, 51.625, 1.6649743311392278e-23, nan 
95.625, 51.625, 1.2436832244683403e-23, nan 
95.875, 51.625, 7.545107959852855e-24, nan 
96.125, 51.625, 2.1984523656559537e-23, nan 
96.375, 51.625, 2.3794641145646057e-23, nan 
96.625, 51.625, 1.6527174512684273e-23, nan 
96.875, 51.625, 1.5662630269187244e-23, nan 
97.125, 51.625, 3.68301592443058e-23, nan 
97.375, 51.625, 4.205452085253442e-23, nan 
97.625, 51.625, 3.139961314842987e-23, nan 
97.875, 51.625, 1.1493204867380717e-23, nan 
98.125, 51.625, 6.393649721571139e-24, nan 
98.375, 51.625, 1.6333981737802464e-23, nan 
98.625, 51.625, 1.7243370267589347e-23, nan 
98.875, 51.625, 6.342801840625616e-24, nan 
99.125, 51.625, 7.266835799654114e-24, nan 
99.375, 51.625, 1.205611059024407e-23, nan 
99.625, 51.625, 2.8391830095507516e-23, nan 
99.875, 51.625, 2.4714823490969812e-23, nan 
100.125, 51.625, 3.183791669523734e-23, nan 
100.375, 51.625, 2.666258957986738e-23, nan 
100.625, 51.625, 2.9067551676904544e-23, nan 
100.875, 51.625, 2.966300320912643e-23, nan 
101.125, 51.625, 1.9531627116608594e-23, nan 
101.375, 51.625, 1.740004904322911e-23, nan 
101.625, 51.625, 1.4498707783950522e-23, nan 
101.875, 51.625, 1.4547079332752697e-23, nan 
102.125, 51.625, 1.6037233845056357e-23, nan 
102.375, 51.625, 2.0061799884666074e-23, nan 
102.625, 51.625, 1.6110706172194597e-23, nan 
102.875, 51.625, 9.628957349361474e-24, nan 
103.125, 51.625, 1.4384565441454863e-23, nan 
103.375, 51.625, 1.7787729593609208e-23, nan 
103.625, 51.625, 2.2436130089199897e-23, nan 
103.875, 51.625, 2.3867488368207746e-23, nan 
104.125, 51.625, 1.6640152882351306e-23, nan 
104.375, 51.625, 1.7317567017553758e-23, nan 
104.625, 51.625, 1.9049003378669972e-23, nan 
104.875, 51.625, 1.7497553288835038e-23, nan 
105.125, 51.625, 2.752863719268136e-23, nan 
105.375, 51.625, 2.8263681430493576e-23, nan 
105.625, 51.625, 2.727766651135447e-23, nan 
105.875, 51.625, 5.541221774056585e-23, nan 
106.125, 51.625, 4.8643010175598447e-23, nan 
106.375, 51.625, 2.22825971586522e-23, nan 
106.625, 51.625, 8.52041599487952e-24, nan 
106.875, 51.625, 4.7829801739514474e-24, nan 
107.125, 51.625, 4.2744409144376804e-24, nan 
107.375, 51.625, 2.1823434893378896e-23, nan 
107.625, 51.625, 1.3415249034971536e-23, nan 
107.875, 51.625, 1.4862841382167896e-23, nan 
108.125, 51.625, 1.9146806834442876e-23, nan 
108.375, 51.625, 1.4420039194909954e-23, nan 
108.625, 51.625, 1.1906637684452345e-23, nan 
108.875, 51.625, 1.0698747931533896e-23, nan 
109.125, 51.625, 1.2033758643205125e-23, nan 
109.375, 51.625, 1.1924261456830093e-23, nan 
109.625, 51.625, 8.871534896696655e-24, nan 
109.875, 51.625, 1.1956235042405428e-23, nan 
110.125, 51.625, 1.6938008211810284e-23, nan 
110.375, 51.625, 1.8955692929528433e-23, nan 
110.625, 51.625, 1.6070030781715188e-23, nan 
110.875, 51.625, 1.2233281671793797e-23, nan 
111.125, 51.625, 1.218466987472981e-23, nan 
111.375, 51.625, 1.3265958509814078e-23, nan 
111.625, 51.625, 1.538817866382591e-23, nan 
111.875, 51.625, 1.121243284234997e-22, nan 
112.125, 51.625, 1.18428788670949e-22, nan 
112.375, 51.625, 6.320355577255712e-23, nan 
112.625, 51.625, 7.224035577017026e-23, nan 
112.875, 51.625, 8.224978742119966e-23, nan 
113.125, 51.625, 9.688077484859863e-23, nan 
113.375, 51.625, 9.766899010320754e-23, nan 
113.625, 51.625, 1.0976170711515544e-22, nan 
113.875, 51.625, 6.297330203386214e-23, nan 
114.125, 51.625, 1.3108339667793211e-23, nan 
114.375, 51.625, 1.3768758968259123e-23, nan 
114.625, 51.625, 1.2653620242993914e-23, nan 
114.875, 51.625, 1.4496280194031838e-23, nan 
115.125, 51.625, 1.0863329591711877e-23, nan 
115.375, 51.625, 4.519941402813437e-24, nan 
115.625, 51.625, 5.4680813009583256e-24, nan 
115.875, 51.625, 5.3139490565054535e-24, nan 
116.125, 51.625, 1.1773312520387857e-23, nan 
116.375, 51.625, 1.7247156453567703e-23, nan 
116.625, 51.625, 1.6855408428358994e-23, nan 
116.875, 51.625, 1.770805160896751e-23, nan 
117.125, 51.625, 1.3599622627869848e-23, nan 
117.375, 51.625, 1.7282743772894842e-23, nan 
117.625, 51.625, 1.6110724247125105e-23, nan 
117.875, 51.625, 1.235291074677545e-23, nan 
118.125, 51.625, 1.5935123324704296e-23, nan 
118.375, 51.625, 3.1706657649204835e-23, nan 
118.625, 51.625, 2.8207601285889634e-23, nan 
118.875, 51.625, 1.1858996746088927e-23, nan 
119.125, 51.625, 4.2476615108582586e-23, nan 
119.375, 51.625, 3.882324769518692e-23, nan 
119.625, 51.625, 1.0536470704868998e-23, nan 
119.875, 51.625, 1.2855483438098352e-23, nan 
120.125, 51.625, 2.1703540026554868e-23, nan 
120.375, 51.625, 1.681118950042105e-23, nan 
120.625, 51.625, 1.7247177198039537e-23, nan 
120.875, 51.625, 1.7529025987049337e-23, nan 
121.125, 51.625, 2.80082996271504e-23, nan 
121.375, 51.625, 2.690915116358347e-23, nan 
121.625, 51.625, 1.87813326868029e-23, nan 
121.875, 51.625, 1.039053665981071e-23, nan 
122.125, 51.625, 1.4190847973159624e-23, nan 
122.375, 51.625, 2.1190879505424363e-23, nan 
122.625, 51.625, 2.138911473010701e-23, nan 
122.875, 51.625, 1.1652700565021058e-23, nan 
123.125, 51.625, 2.874895561753457e-23, nan 
123.375, 51.625, 3.9867109408136834e-23, nan 
123.625, 51.625, 3.7247083084888896e-23, nan 
123.875, 51.625, 3.4097238736695904e-23, nan 
124.125, 51.625, 2.2573251562780604e-23, nan 
124.375, 51.625, 2.976177591615574e-23, nan 
124.625, 51.625, 1.7238244484245924e-23, nan 
124.875, 51.625, 9.882291192104556e-24, nan 
125.125, 51.625, 1.4427414991477994e-23, nan 
125.375, 51.625, 1.6159248123287593e-23, nan 
125.625, 51.625, 1.8331999583888518e-23, nan 
125.875, 51.625, 2.2880877758857665e-23, nan 
126.125, 51.625, 1.714920649765562e-23, nan 
126.375, 51.625, 5.0083585823389154e-24, nan 
126.625, 51.625, 8.720947280700375e-24, nan 
126.875, 51.625, 9.844384669546159e-24, nan 
127.125, 51.625, 9.034316677743557e-24, nan 
127.375, 51.625, 1.803585160444407e-23, nan 
127.625, 51.625, 1.823935004987169e-23, nan 
127.875, 51.625, 1.1394270872310303e-23, nan 
128.125, 51.625, 1.4403575529959255e-23, nan 
128.375, 51.625, 1.0046804127085146e-23, nan 
128.625, 51.625, 1.6116594049556987e-23, nan 
128.875, 51.625, 2.0577460651121263e-23, nan 
129.125, 51.625, 1.5154981665368917e-23, nan 
129.375, 51.625, 1.3810519784135582e-23, nan 
129.625, 51.625, 1.702934711357606e-23, nan 
129.875, 51.625, 1.212162004036515e-23, nan 
130.125, 51.625, 6.554951352554508e-23, nan 
130.375, 51.625, 5.844494087392493e-23, nan 
130.625, 51.625, 1.192046725561197e-23, nan 
130.875, 51.625, 6.012167066014347e-24, nan 
131.125, 51.625, 1.5328184451484511e-24, nan 
131.375, 51.625, 4.521858935455833e-24, nan 
131.625, 51.625, 4.552958308921069e-24, nan 
131.875, 51.625, 7.499779202076088e-24, nan 
132.125, 51.625, 1.0300987426249278e-23, nan 
132.375, 51.625, 7.46417824653326e-24, nan 
132.625, 51.625, 7.191140000002223e-24, nan 
132.875, 51.625, 6.859217873634686e-24, nan 
133.125, 51.625, 2.634156252521291e-24, nan 
133.375, 51.625, 2.565337580434019e-24, nan 
133.625, 51.625, 3.239838421763e-24, nan 
133.875, 51.625, 6.879399410007073e-24, nan 
134.125, 51.625, 1.4362507118885164e-23, nan 
134.375, 51.625, 1.5139615415968593e-23, nan 
134.625, 51.625, 9.55872083214286e-24, nan 
134.875, 51.625, 9.714152339456327e-24, nan 
135.125, 51.625, 1.0497549731530366e-23, nan 
135.375, 51.625, 3.7275694010255154e-24, nan 
135.625, 51.625, 3.344820847781982e-24, nan 
135.875, 51.625, 6.2776457449235985e-24, nan 
136.125, 51.625, 1.5890129702940973e-23, nan 
136.375, 51.625, 1.3500480931996893e-23, nan 
136.625, 51.625, 4.1955623944118624e-24, nan 
136.875, 51.625, 5.6659951717920864e-24, nan 
137.125, 51.625, 1.0658680721044184e-23, nan 
137.375, 51.625, 1.5464650081173084e-23, nan 
137.625, 51.625, 1.7406517490092133e-23, nan 
137.875, 51.625, 9.175081537972354e-24, nan 
138.125, 51.625, 1.567166136411476e-23, nan 
138.375, 51.625, 2.358305672838473e-23, nan 
138.625, 51.625, 1.463626153989492e-23, nan 
138.875, 51.625, 1.3107903987013284e-23, nan 
139.125, 51.625, 1.173759914588406e-23, nan 
139.375, 51.625, 5.900268593931612e-24, nan 
139.625, 51.625, 8.446284391158566e-24, nan 
139.875, 51.625, 1.2211860446965567e-23, nan 
140.125, 51.625, 9.648129272476753e-24, nan 
140.375, 51.625, 5.8411143877131275e-24, nan 
140.625, 51.625, 5.089472967575853e-24, nan 
140.875, 51.625, 6.876609979652802e-24, nan 
141.125, 51.625, 4.253623365274857e-24, nan 
141.375, 51.625, 2.293621050476088e-24, nan 
141.625, 51.625, 4.283744079946404e-24, nan 
141.875, 51.625, 7.021350313210556e-24, nan 
142.125, 51.625, 7.805904991735982e-24, nan 
142.375, 51.625, 7.761482295645815e-24, nan 
142.625, 51.625, 3.2621059012912627e-24, nan 
142.875, 51.625, 3.3018642133228e-24, nan 
143.125, 51.625, 3.812834294342772e-24, nan 
143.375, 51.625, 6.085099721296441e-24, nan 
143.625, 51.625, 6.844581087898103e-24, nan 
143.875, 51.625, 3.603890117045986e-24, nan 
144.125, 51.625, 3.1377090984661577e-24, nan 
144.375, 51.625, 5.387322579159474e-24, nan 
144.625, 51.625, 4.653725770711453e-24, nan 
144.875, 51.625, 6.170387086015649e-24, nan 
145.125, 51.625, 5.24049105982497e-24, nan 
145.375, 51.625, 3.4809579597983794e-24, nan 
145.625, 51.625, 2.452498065208992e-24, nan 
145.875, 51.625, 2.8522857844741316e-24, nan 
146.125, 51.625, 6.458481211550435e-24, nan 
146.375, 51.625, 7.769749022972643e-24, nan 
146.625, 51.625, 5.726686301273298e-24, nan 
146.875, 51.625, 5.426933773134362e-24, nan 
147.125, 51.625, 2.4345282156112016e-24, nan 
147.375, 51.625, 6.528874499117037e-24, nan 
147.625, 51.625, 8.418871068746827e-24, nan 
147.875, 51.625, 7.2305447916286935e-25, nan 
148.125, 51.625, 6.659129075702418e-25, nan 
148.375, 51.625, 2.7886765440829158e-24, nan 
148.625, 51.625, 3.977946792722099e-24, nan 
148.875, 51.625, 4.888771531133795e-24, nan 
149.125, 51.625, 3.940082112626543e-24, nan 
149.375, 51.625, 2.1943456275417868e-24, nan 
149.625, 51.625, 1.8461262821411154e-24, nan 
149.875, 51.625, 3.811959371464686e-24, nan 
150.125, 51.625, 3.748338183342967e-24, nan 
150.375, 51.625, 2.928120100057836e-24, nan 
150.625, 51.625, 2.811990951789741e-24, nan 
150.875, 51.625, 1.660072519450075e-24, nan 
151.125, 51.625, 1.3009271207137214e-24, nan 
151.375, 51.625, 2.7916193432602793e-24, nan 
85.125, 51.875, 2.2930303895062494e-23, nan 
85.375, 51.875, 1.988024866962576e-23, nan 
85.625, 51.875, 6.486181233856087e-24, nan 
85.875, 51.875, 9.985548352202507e-24, nan 
86.125, 51.875, 1.1100813098003196e-23, nan 
86.375, 51.875, 1.187740177002518e-23, nan 
86.625, 51.875, 5.982231734542134e-24, nan 
86.875, 51.875, 6.016196325338872e-24, nan 
87.125, 51.875, 1.2310450913175577e-23, nan 
87.375, 51.875, 1.2433114797142529e-23, nan 
87.625, 51.875, 8.263814064161053e-24, nan 
87.875, 51.875, 1.455297969409377e-23, nan 
88.125, 51.875, 1.9052931922435523e-23, nan 
88.375, 51.875, 1.8198099254900195e-23, nan 
88.625, 51.875, 1.3607346546501934e-23, nan 
88.875, 51.875, 3.563907698068649e-23, nan 
89.125, 51.875, 4.013014498230991e-23, nan 
89.375, 51.875, 1.4899088931162513e-23, nan 
89.625, 51.875, 2.0154878188021625e-23, nan 
89.875, 51.875, 2.3222218254007256e-23, nan 
90.125, 51.875, 1.3155200224560798e-23, nan 
90.375, 51.875, 1.2375997958834094e-23, nan 
90.625, 51.875, 1.1712853969082304e-23, nan 
90.875, 51.875, 2.64069446956383e-23, nan 
91.125, 51.875, 2.3193859155379436e-23, nan 
91.375, 51.875, 1.1601585729218369e-23, nan 
91.625, 51.875, 5.91476000199942e-24, nan 
91.875, 51.875, 1.4998565632804217e-23, nan 
92.125, 51.875, 2.5207269424809413e-23, nan 
92.375, 51.875, 2.0570018269351727e-23, nan 
92.625, 51.875, 1.9427675827207796e-23, nan 
92.875, 51.875, 3.699179112828414e-23, nan 
93.125, 51.875, 4.2838533567697607e-23, nan 
93.375, 51.875, 3.002497707023633e-23, nan 
93.625, 51.875, 1.5137780513079448e-23, nan 
93.875, 51.875, 1.1276755838137192e-23, nan 
94.125, 51.875, 1.641432391484695e-23, nan 
94.375, 51.875, 1.939463309704244e-23, nan 
94.625, 51.875, 1.7333902664357898e-23, nan 
94.875, 51.875, 1.2876676137687253e-23, nan 
95.125, 51.875, 1.344943861708203e-23, nan 
95.375, 51.875, 1.141800419922842e-23, nan 
95.625, 51.875, 1.0336400892457633e-23, nan 
95.875, 51.875, 8.578242373959252e-24, nan 
96.125, 51.875, 1.0036261484621374e-23, nan 
96.375, 51.875, 2.6186628519988363e-23, nan 
96.625, 51.875, 2.4624079772157564e-23, nan 
96.875, 51.875, 2.7453310606902693e-23, nan 
97.125, 51.875, 4.4436106310187007e-23, nan 
97.375, 51.875, 4.193703128871071e-23, nan 
97.625, 51.875, 3.585805189553723e-23, nan 
97.875, 51.875, 3.319216941774626e-23, nan 
98.125, 51.875, 1.857668675986986e-23, nan 
98.375, 51.875, 1.086612770902901e-23, nan 
98.625, 51.875, 2.5325128497605936e-23, nan 
98.875, 51.875, 2.751765115789334e-23, nan 
99.125, 51.875, 1.3917869958854674e-23, nan 
99.375, 51.875, 2.3838020463394166e-23, nan 
99.625, 51.875, 2.836955434261436e-23, nan 
99.875, 51.875, 2.4397564190078262e-23, nan 
100.125, 51.875, 5.175673749931324e-23, nan 
100.375, 51.875, 8.532178784856163e-23, nan 
100.625, 51.875, 4.4268578988987466e-23, nan 
100.875, 51.875, 3.098687799320886e-23, nan 
101.125, 51.875, 1.5225852941127456e-23, nan 
101.375, 51.875, 9.038396722516318e-24, nan 
101.625, 51.875, 9.00832797157847e-24, nan 
101.875, 51.875, 1.1131104324537916e-23, nan 
102.125, 51.875, 1.2429376131780872e-23, nan 
102.375, 51.875, 1.1913889809050743e-23, nan 
102.625, 51.875, 1.7508357383235334e-23, nan 
102.875, 51.875, 1.499516611025685e-23, nan 
103.125, 51.875, 1.1545217031905954e-23, nan 
103.375, 51.875, 2.0116921399639937e-23, nan 
103.625, 51.875, 2.766978476747636e-23, nan 
103.875, 51.875, 2.4212459657583833e-23, nan 
104.125, 51.875, 1.825703899064378e-23, nan 
104.375, 51.875, 1.7116003675844295e-23, nan 
104.625, 51.875, 1.9568033607654724e-23, nan 
104.875, 51.875, 2.3837067224540043e-23, nan 
105.125, 51.875, 2.5255522273014274e-23, nan 
105.375, 51.875, 2.472051356429776e-23, nan 
105.625, 51.875, 5.360950973554298e-23, nan 
105.875, 51.875, 5.773025474980097e-23, nan 
106.125, 51.875, 2.3359520885285483e-23, nan 
106.375, 51.875, 2.6506376851988463e-23, nan 
106.625, 51.875, 2.1291831325295636e-23, nan 
106.875, 51.875, 2.3796579998845733e-23, nan 
107.125, 51.875, 3.6676445253863096e-23, nan 
107.375, 51.875, 5.0815020208454855e-23, nan 
107.625, 51.875, 3.3501247952525146e-23, nan 
107.875, 51.875, 9.240568443885006e-24, nan 
108.125, 51.875, 1.617204112324634e-23, nan 
108.375, 51.875, 1.406863377477539e-23, nan 
108.625, 51.875, 1.7355047015698773e-23, nan 
108.875, 51.875, 1.576739634710653e-23, nan 
109.125, 51.875, 1.1761121969112432e-23, nan 
109.375, 51.875, 7.16990329601402e-24, nan 
109.625, 51.875, 7.792817632150449e-24, nan 
109.875, 51.875, 1.0052130298659905e-23, nan 
110.125, 51.875, 1.536795193410883e-23, nan 
110.375, 51.875, 1.8220162535018472e-23, nan 
110.625, 51.875, 1.3989614184542913e-23, nan 
110.875, 51.875, 1.1699778629374622e-23, nan 
111.125, 51.875, 1.3260670743284353e-23, nan 
111.375, 51.875, 1.4805384297885536e-23, nan 
111.625, 51.875, 1.145767382398371e-23, nan 
111.875, 51.875, 8.898289161840398e-23, nan 
112.125, 51.875, 1.0332977786922024e-22, nan 
112.375, 51.875, 5.386963565117414e-23, nan 
112.625, 51.875, 5.890791028470059e-23, nan 
112.875, 51.875, 6.276726496982595e-23, nan 
113.125, 51.875, 7.759668488321704e-23, nan 
113.375, 51.875, 1.150217766239515e-22, nan 
113.625, 51.875, 9.596809628738373e-23, nan 
113.875, 51.875, 1.7271582033528983e-23, nan 
114.125, 51.875, 2.5038143307978245e-23, nan 
114.375, 51.875, 1.756208672487708e-23, nan 
114.625, 51.875, 1.2373112900281109e-23, nan 
114.875, 51.875, 1.3440625236857734e-23, nan 
115.125, 51.875, 1.6680972200714603e-23, nan 
115.375, 51.875, 1.4436794078838326e-23, nan 
115.625, 51.875, 3.745019245269527e-24, nan 
115.875, 51.875, 9.808329886132998e-24, nan 
116.125, 51.875, 1.3923038181967233e-23, nan 
116.375, 51.875, 2.741482070860419e-23, nan 
116.625, 51.875, 2.868734766857675e-23, nan 
116.875, 51.875, 2.6771654891291955e-23, nan 
117.125, 51.875, 2.7311444156591155e-23, nan 
117.375, 51.875, 1.3721576341736438e-23, nan 
117.625, 51.875, 1.970421994948807e-23, nan 
117.875, 51.875, 2.4136644094229188e-23, nan 
118.125, 51.875, 2.2678678572921947e-23, nan 
118.375, 51.875, 2.328851647439604e-23, nan 
118.625, 51.875, 1.1113182568926311e-23, nan 
118.875, 51.875, 8.317151807675776e-24, nan 
119.125, 51.875, 4.0030301429292124e-23, nan 
119.375, 51.875, 3.7115188131049693e-23, nan 
119.625, 51.875, 1.5348774923108815e-23, nan 
119.875, 51.875, 3.116738819484573e-23, nan 
120.125, 51.875, 3.8659163043166427e-23, nan 
120.375, 51.875, 2.0331551410297028e-23, nan 
120.625, 51.875, 1.3564744354226434e-23, nan 
120.875, 51.875, 1.1396094723935928e-23, nan 
121.125, 51.875, 2.1978990760543404e-23, nan 
121.375, 51.875, 2.59924080860892e-23, nan 
121.625, 51.875, 1.7545997491793004e-23, nan 
121.875, 51.875, 1.0273375122084781e-23, nan 
122.125, 51.875, 9.410103370745935e-24, nan 
122.375, 51.875, 5.7721716418266135e-24, nan 
122.625, 51.875, 1.4428038376023369e-23, nan 
122.875, 51.875, 2.094996793975589e-23, nan 
123.125, 51.875, 3.078969950089734e-23, nan 
123.375, 51.875, 2.4625874868343332e-23, nan 
123.625, 51.875, 1.9378141217405692e-23, nan 
123.875, 51.875, 3.4738292081267734e-23, nan 
124.125, 51.875, 2.3702580625020877e-23, nan 
124.375, 51.875, 1.6667709803152144e-23, nan 
124.625, 51.875, 1.4190958523858614e-23, nan 
124.875, 51.875, 9.877261658018097e-24, nan 
125.125, 51.875, 1.461940717578813e-23, nan 
125.375, 51.875, 1.9691774111830573e-23, nan 
125.625, 51.875, 2.227486255874375e-23, nan 
125.875, 51.875, 1.1485616646733886e-23, nan 
126.125, 51.875, 8.171779363048643e-24, nan 
126.375, 51.875, 1.2044711543257655e-23, nan 
126.625, 51.875, 1.0936216206997242e-23, nan 
126.875, 51.875, 1.3595275156080792e-23, nan 
127.125, 51.875, 1.5553479922795594e-23, nan 
127.375, 51.875, 1.5233417547675667e-23, nan 
127.625, 51.875, 1.7222809441887698e-23, nan 
127.875, 51.875, 1.7180125012022022e-23, nan 
128.125, 51.875, 1.755911687493223e-23, nan 
128.375, 51.875, 1.537988273328484e-23, nan 
128.625, 51.875, 8.380143986293004e-24, nan 
128.875, 51.875, 1.408649722513309e-23, nan 
129.125, 51.875, 1.6959000501865528e-23, nan 
129.375, 51.875, 1.556515465525859e-23, nan 
129.625, 51.875, 1.8044945893148425e-23, nan 
129.875, 51.875, 1.8160969148656877e-23, nan 
130.125, 51.875, 2.0926204559937906e-23, nan 
130.375, 51.875, 5.043947447689874e-23, nan 
130.625, 51.875, 4.9995119591531826e-23, nan 
130.875, 51.875, 4.84033404672885e-24, nan 
131.125, 51.875, 4.046626290249633e-24, nan 
131.375, 51.875, 6.95794634502667e-24, nan 
131.625, 51.875, 7.96576026760098e-24, nan 
131.875, 51.875, 8.419567177565213e-24, nan 
132.125, 51.875, 8.452758586284803e-24, nan 
132.375, 51.875, 4.8309634994738734e-24, nan 
132.625, 51.875, 2.0618557061569656e-24, nan 
132.875, 51.875, 4.537003844776868e-24, nan 
133.125, 51.875, 4.8959781046753976e-24, nan 
133.375, 51.875, 4.018838595003604e-24, nan 
133.625, 51.875, 4.6745381514080574e-24, nan 
133.875, 51.875, 4.137924786392945e-24, nan 
134.125, 51.875, 6.3995397642208315e-24, nan 
134.375, 51.875, 8.806283701073279e-24, nan 
134.625, 51.875, 6.89410742117313e-24, nan 
134.875, 51.875, 4.2067015665991555e-24, nan 
135.125, 51.875, 7.600446407804645e-24, nan 
135.375, 51.875, 9.449943112000846e-24, nan 
135.625, 51.875, 8.882425842180421e-24, nan 
135.875, 51.875, 6.535660754714919e-24, nan 
136.125, 51.875, 6.816880119302478e-24, nan 
136.375, 51.875, 4.331282409647406e-24, nan 
136.625, 51.875, 4.486540149186962e-24, nan 
136.875, 51.875, 6.532886432390619e-24, nan 
137.125, 51.875, 1.2976628282720581e-23, nan 
137.375, 51.875, 1.3000710943035471e-23, nan 
137.625, 51.875, 6.590250350903402e-24, nan 
137.875, 51.875, 4.696789246625833e-24, nan 
138.125, 51.875, 6.89163942173021e-24, nan 
138.375, 51.875, 1.4315547868962697e-23, nan 
138.625, 51.875, 4.154752450124803e-24, nan 
138.875, 51.875, 1.2309014902232851e-23, nan 
139.125, 51.875, 1.4194908570977427e-23, nan 
139.375, 51.875, 6.140058924508211e-24, nan 
139.625, 51.875, 7.078429940475242e-24, nan 
139.875, 51.875, 1.364247166896134e-23, nan 
140.125, 51.875, 1.3285260117096461e-23, nan 
140.375, 51.875, 5.470685913384561e-24, nan 
140.625, 51.875, 5.290512742020813e-24, nan 
140.875, 51.875, 2.8456714376671802e-24, nan 
141.125, 51.875, 2.2875277091307356e-24, nan 
141.375, 51.875, 1.5778583407620054e-24, nan 
141.625, 51.875, 3.0501262438875357e-24, nan 
141.875, 51.875, 5.399927721480284e-24, nan 
142.125, 51.875, 6.609260893774141e-24, nan 
142.375, 51.875, 7.037093147694679e-24, nan 
142.625, 51.875, 4.572923232847647e-24, nan 
142.875, 51.875, 3.93046034021476e-24, nan 
143.125, 51.875, 6.443902204655301e-24, nan 
143.375, 51.875, 6.421683854518017e-24, nan 
143.625, 51.875, 5.0243652374989086e-24, nan 
143.875, 51.875, 3.502570079785966e-24, nan 
144.125, 51.875, 2.617862464977867e-24, nan 
144.375, 51.875, 5.9616566294447605e-24, nan 
144.625, 51.875, 5.402868319598198e-24, nan 
144.875, 51.875, 5.8723948730982366e-24, nan 
145.125, 51.875, 4.797575579886753e-24, nan 
145.375, 51.875, 6.017561273740868e-24, nan 
145.625, 51.875, 6.1260377357199975e-24, nan 
145.875, 51.875, 5.710754225214959e-24, nan 
146.125, 51.875, 4.07707509629701e-24, nan 
146.375, 51.875, 5.921225910146688e-24, nan 
146.625, 51.875, 9.113805054120242e-24, nan 
146.875, 51.875, 9.635832732312144e-24, nan 
147.125, 51.875, 1.533447375247352e-23, nan 
147.375, 51.875, 1.4276852322217965e-23, nan 
147.625, 51.875, 1.6191435623477204e-23, nan 
147.875, 51.875, 1.7314445357530485e-23, nan 
148.125, 51.875, 8.660416184996879e-24, nan 
148.375, 51.875, 3.110717227347395e-24, nan 
148.625, 51.875, 2.6924769380244003e-24, nan 
148.875, 51.875, 3.620194631856905e-24, nan 
149.125, 51.875, 3.8703723122234566e-24, nan 
149.375, 51.875, 2.2863280354038797e-24, nan 
149.625, 51.875, 2.039400546012707e-24, nan 
149.875, 51.875, 2.208159376636136e-24, nan 
150.125, 51.875, 2.4665720697292933e-24, nan 
150.375, 51.875, 2.6555470584630194e-24, nan 
150.625, 51.875, 3.6867636324166775e-24, nan 
150.875, 51.875, 2.6420254038698947e-24, nan 
151.125, 51.875, 3.823283597335451e-24, nan 
151.375, 51.875, 6.854513174473198e-24, nan 
151.625, 51.875, 4.45688944363067e-24, nan 
151.875, 51.875, 2.5447255536146435e-24, nan 
83.875, 52.125, 1.2865033756001096e-23, nan 
84.125, 52.125, 1.7301262313847697e-23, nan 
84.375, 52.125, 1.7021691056438543e-23, nan 
84.625, 52.125, 1.6599755027499562e-23, nan 
84.875, 52.125, 1.6418703995425108e-23, nan 
85.125, 52.125, 6.832057623033636e-24, nan 
85.375, 52.125, 1.4328388674611863e-23, nan 
85.625, 52.125, 1.0262513328559702e-23, nan 
85.875, 52.125, 1.5193586700863428e-23, nan 
86.125, 52.125, 1.5714821218707674e-23, nan 
86.375, 52.125, 1.402808470784673e-23, nan 
86.625, 52.125, 1.1219982764922524e-23, nan 
86.875, 52.125, 3.98391170688802e-24, nan 
87.125, 52.125, 7.353452127812357e-24, nan 
87.375, 52.125, 1.1031075848100924e-23, nan 
87.625, 52.125, 1.0272123582587604e-23, nan 
87.875, 52.125, 7.291657123555727e-24, nan 
88.125, 52.125, 7.721863467716772e-24, nan 
88.375, 52.125, 1.276899950169595e-23, nan 
88.625, 52.125, 2.511995993913731e-23, nan 
88.875, 52.125, 4.184234714144058e-23, nan 
89.125, 52.125, 3.0609623770943406e-23, nan 
89.375, 52.125, 1.7054621392852188e-23, nan 
89.625, 52.125, 1.783086950192917e-23, nan 
89.875, 52.125, 3.228480112185241e-23, nan 
90.125, 52.125, 2.705236209942351e-23, nan 
90.375, 52.125, 1.374948835518647e-23, nan 
90.625, 52.125, 1.377065888550554e-23, nan 
90.875, 52.125, 3.5663839491250453e-23, nan 
91.125, 52.125, 3.521112710938262e-23, nan 
91.375, 52.125, 1.8189365526974332e-23, nan 
91.625, 52.125, 1.562809479207357e-23, nan 
91.875, 52.125, 1.4078627084943143e-23, nan 
92.125, 52.125, 1.9626075607898336e-23, nan 
92.375, 52.125, 1.8599287850350774e-23, nan 
92.625, 52.125, 2.016727069335265e-23, nan 
92.875, 52.125, 2.540141870632702e-23, nan 
93.125, 52.125, 2.038297058031806e-23, nan 
93.375, 52.125, 1.9356736984080654e-23, nan 
93.625, 52.125, 1.7543791508764567e-23, nan 
93.875, 52.125, 1.2371268725068394e-23, nan 
94.125, 52.125, 9.805627547304867e-24, nan 
94.375, 52.125, 1.8814623842917882e-23, nan 
94.625, 52.125, 1.7787277330501464e-23, nan 
94.875, 52.125, 1.1534318150281046e-23, nan 
95.125, 52.125, 1.1323205190752924e-23, nan 
95.375, 52.125, 8.996238731146235e-24, nan 
95.625, 52.125, 5.76572722759077e-24, nan 
95.875, 52.125, 7.199012059710387e-24, nan 
96.125, 52.125, 1.0329100448630162e-23, nan 
96.375, 52.125, 2.772356519858355e-23, nan 
96.625, 52.125, 3.517340138731417e-23, nan 
96.875, 52.125, 4.1358803933867977e-23, nan 
97.125, 52.125, 4.367428931926193e-23, nan 
97.375, 52.125, 4.246189649730357e-23, nan 
97.625, 52.125, 5.468165185453167e-23, nan 
97.875, 52.125, 4.6253575690349423e-23, nan 
98.125, 52.125, 2.3279873828978777e-23, nan 
98.375, 52.125, 1.7864109475349094e-23, nan 
98.625, 52.125, 2.099378087802469e-23, nan 
98.875, 52.125, 2.3258109749067112e-23, nan 
99.125, 52.125, 2.1142651775725862e-23, nan 
99.375, 52.125, 2.498728066910655e-23, nan 
99.625, 52.125, 1.438621067194729e-23, nan 
99.875, 52.125, 6.308300936643481e-23, nan 
100.125, 52.125, 9.861102939044394e-23, nan 
100.375, 52.125, 1.5559477900246192e-22, nan 
100.625, 52.125, 1.0974653119588188e-22, nan 
100.875, 52.125, 5.497139522166644e-23, nan 
101.125, 52.125, 5.0276898360889675e-23, nan 
101.375, 52.125, 1.9906155252183074e-23, nan 
101.625, 52.125, 1.2672098671292189e-23, nan 
101.875, 52.125, 1.2758568313353527e-23, nan 
102.125, 52.125, 1.1953430313466603e-23, nan 
102.375, 52.125, 9.896584510127947e-24, nan 
102.625, 52.125, 1.270902832621361e-23, nan 
102.875, 52.125, 1.7352998705367989e-23, nan 
103.125, 52.125, 1.777156768138879e-23, nan 
103.375, 52.125, 2.921866811417989e-23, nan 
103.625, 52.125, 3.049213991043218e-23, nan 
103.875, 52.125, 2.413409366251504e-23, nan 
104.125, 52.125, 2.7685339873003874e-23, nan 
104.375, 52.125, 2.2159876360086425e-23, nan 
104.625, 52.125, 2.1170910470600014e-23, nan 
104.875, 52.125, 2.0483068364601775e-23, nan 
105.125, 52.125, 1.9063779226830125e-23, nan 
105.375, 52.125, 1.0372947651019163e-23, nan 
105.625, 52.125, 5.036565295441349e-23, nan 
105.875, 52.125, 5.1775624802833185e-23, nan 
106.125, 52.125, 1.548264179737938e-23, nan 
106.375, 52.125, 1.7040104323484175e-23, nan 
106.625, 52.125, 2.073627469739069e-23, nan 
106.875, 52.125, 2.454125570488109e-23, nan 
107.125, 52.125, 1.7551634113794095e-23, nan 
107.375, 52.125, 1.044423483736793e-23, nan 
107.625, 52.125, 1.5933216360670445e-23, nan 
107.875, 52.125, 1.4563936687964696e-23, nan 
108.125, 52.125, 1.9384199890764465e-23, nan 
108.375, 52.125, 1.6578040737634182e-23, nan 
108.625, 52.125, 1.7329402646142018e-23, nan 
108.875, 52.125, 1.7311280388152623e-23, nan 
109.125, 52.125, 2.296795679976883e-23, nan 
109.375, 52.125, 2.1034880117966112e-23, nan 
109.625, 52.125, 1.2629341810683232e-23, nan 
109.875, 52.125, 1.2609287212903279e-23, nan 
110.125, 52.125, 1.551149969603972e-23, nan 
110.375, 52.125, 1.3127902110007412e-23, nan 
110.625, 52.125, 1.486906093398011e-23, nan 
110.875, 52.125, 1.8276945695477014e-23, nan 
111.125, 52.125, 1.7035250585959302e-23, nan 
111.375, 52.125, 1.60246813037907e-23, nan 
111.625, 52.125, 1.1984440912838557e-23, nan 
111.875, 52.125, 1.2181811846836331e-23, nan 
112.125, 52.125, 5.32840753105999e-23, nan 
112.375, 52.125, 5.941928253169812e-23, nan 
112.625, 52.125, 6.588142811860005e-23, nan 
112.875, 52.125, 7.241140605379886e-23, nan 
113.125, 52.125, 6.935746482036241e-23, nan 
113.375, 52.125, 5.80187737461423e-23, nan 
113.625, 52.125, 2.0645527930773933e-23, nan 
113.875, 52.125, 2.993440653972294e-23, nan 
114.125, 52.125, 3.006929414306791e-23, nan 
114.375, 52.125, 2.2526943562841755e-23, nan 
114.625, 52.125, 2.1171386163737974e-23, nan 
114.875, 52.125, 1.5058273783646413e-23, nan 
115.125, 52.125, 2.003223031537309e-23, nan 
115.375, 52.125, 2.39798319190973e-23, nan 
115.625, 52.125, 1.9960538148141607e-23, nan 
115.875, 52.125, 2.0678598719734378e-23, nan 
116.125, 52.125, 2.779552986879462e-23, nan 
116.375, 52.125, 2.860336423212718e-23, nan 
116.625, 52.125, 3.302663749386822e-23, nan 
116.875, 52.125, 3.5802734491210987e-23, nan 
117.125, 52.125, 4.0604297941374136e-23, nan 
117.375, 52.125, 2.7241118445367393e-23, nan 
117.625, 52.125, 1.7589858363518173e-23, nan 
117.875, 52.125, 2.864633226259398e-23, nan 
118.125, 52.125, 3.203313208655407e-23, nan 
118.375, 52.125, 2.309189861699298e-23, nan 
118.625, 52.125, 2.5142571878068352e-23, nan 
118.875, 52.125, 3.899717226703019e-23, nan 
119.125, 52.125, 3.480419104901546e-23, nan 
119.375, 52.125, 9.506390581512128e-24, nan 
119.625, 52.125, 1.2550579133034427e-23, nan 
119.875, 52.125, 1.79170760537952e-23, nan 
120.125, 52.125, 1.6282685620084467e-23, nan 
120.375, 52.125, 6.753902269609834e-24, nan 
120.625, 52.125, 1.5291983436838118e-23, nan 
120.875, 52.125, 1.5945276556158416e-23, nan 
121.125, 52.125, 2.235280064111769e-23, nan 
121.375, 52.125, 3.1012952633434814e-23, nan 
121.625, 52.125, 1.733572731709196e-23, nan 
121.875, 52.125, 7.995037440374758e-24, nan 
122.125, 52.125, 9.837114473704013e-24, nan 
122.375, 52.125, 1.469022588920197e-23, nan 
122.625, 52.125, 1.4573841083978114e-23, nan 
122.875, 52.125, 2.1757633498618067e-23, nan 
123.125, 52.125, 2.2353568275142327e-23, nan 
123.375, 52.125, 1.2208693231813058e-23, nan 
123.625, 52.125, 1.530189951641919e-23, nan 
123.875, 52.125, 1.7555622193286984e-23, nan 
124.125, 52.125, 1.6563913495409286e-23, nan 
124.375, 52.125, 1.42704593321663e-23, nan 
124.625, 52.125, 9.792564205561191e-24, nan 
124.875, 52.125, 1.1396056436594774e-23, nan 
125.125, 52.125, 1.8655812938175096e-23, nan 
125.375, 52.125, 1.3298759984589846e-23, nan 
125.625, 52.125, 1.409485009992113e-23, nan 
125.875, 52.125, 1.3998900311160512e-23, nan 
126.125, 52.125, 1.3607880933794333e-23, nan 
126.375, 52.125, 1.1410865756674642e-23, nan 
126.625, 52.125, 9.437219706099846e-24, nan 
126.875, 52.125, 1.1469610002705628e-23, nan 
127.125, 52.125, 1.439675677946859e-23, nan 
127.375, 52.125, 2.0727034137334833e-23, nan 
127.625, 52.125, 1.4995360482250516e-23, nan 
127.875, 52.125, 1.39370854892699e-23, nan 
128.125, 52.125, 1.312753651733901e-23, nan 
128.375, 52.125, 1.461905910336216e-23, nan 
128.625, 52.125, 1.6373838429213832e-23, nan 
128.875, 52.125, 1.1395898069218251e-23, nan 
129.125, 52.125, 1.4284114056027508e-23, nan 
129.375, 52.125, 1.347952610925333e-23, nan 
129.625, 52.125, 1.8889881359306402e-23, nan 
129.875, 52.125, 2.2354865698452195e-23, nan 
130.125, 52.125, 2.338333679261867e-23, nan 
130.375, 52.125, 2.659157700502805e-23, nan 
130.625, 52.125, 6.970128668085804e-23, nan 
130.875, 52.125, 7.444243384127719e-23, nan 
131.125, 52.125, 1.2658744824540529e-23, nan 
131.375, 52.125, 1.2688806084334338e-23, nan 
131.625, 52.125, 9.854756319308194e-24, nan 
131.875, 52.125, 1.3027561578331598e-23, nan 
132.125, 52.125, 8.586481777958043e-24, nan 
132.375, 52.125, 4.716093319899425e-24, nan 
132.625, 52.125, 2.219481030992447e-24, nan 
132.875, 52.125, 6.363535686592948e-24, nan 
133.125, 52.125, 8.996272853507865e-24, nan 
133.375, 52.125, 6.921404641790478e-24, nan 
133.625, 52.125, 3.441964943648397e-24, nan 
133.875, 52.125, 6.060650381559237e-24, nan 
134.125, 52.125, 7.628811425532192e-24, nan 
134.375, 52.125, 5.504989269829247e-24, nan 
134.625, 52.125, 5.597888437791546e-24, nan 
134.875, 52.125, 9.940466686293125e-24, nan 
135.125, 52.125, 1.6796540899684565e-23, nan 
135.375, 52.125, 1.0727698270138459e-23, nan 
135.625, 52.125, 7.181572060866789e-24, nan 
135.875, 52.125, 6.2025826567277095e-24, nan 
136.125, 52.125, 4.117109553169335e-24, nan 
136.375, 52.125, 2.941498282941427e-24, nan 
136.625, 52.125, 3.5361436079776636e-24, nan 
136.875, 52.125, 5.252914846655247e-24, nan 
137.125, 52.125, 7.903225327469199e-24, nan 
137.375, 52.125, 1.6696155100337064e-23, nan 
137.625, 52.125, 1.5291919311395264e-23, nan 
137.875, 52.125, 4.0510469479190234e-24, nan 
138.125, 52.125, 4.142108837027755e-24, nan 
138.375, 52.125, 6.908875141057128e-24, nan 
138.625, 52.125, 4.677338173443611e-24, nan 
138.875, 52.125, 6.0026102163231575e-24, nan 
139.125, 52.125, 1.2221115083989367e-23, nan 
139.375, 52.125, 1.0183898102033038e-23, nan 
139.625, 52.125, 1.3711107028651805e-23, nan 
139.875, 52.125, 1.4922771424300385e-23, nan 
140.125, 52.125, 7.806591533351438e-24, nan 
140.375, 52.125, 8.000519437154046e-24, nan 
140.625, 52.125, 7.800277758263485e-24, nan 
140.875, 52.125, 7.820463353206441e-24, nan 
141.125, 52.125, 8.674755788479955e-24, nan 
141.375, 52.125, 4.852152776754154e-24, nan 
141.625, 52.125, 2.0006344182176775e-24, nan 
141.875, 52.125, 2.5458889779153584e-24, nan 
142.125, 52.125, 5.9948360160417104e-24, nan 
142.375, 52.125, 6.0478373958655366e-24, nan 
142.625, 52.125, 3.81956055177685e-24, nan 
142.875, 52.125, 4.4606358250330305e-24, nan 
143.125, 52.125, 5.514164530433854e-24, nan 
143.375, 52.125, 5.0378057820228896e-24, nan 
143.625, 52.125, 3.9412067505451424e-24, nan 
143.875, 52.125, 2.333579800445183e-24, nan 
144.125, 52.125, 1.1908352769565113e-24, nan 
144.375, 52.125, 7.134375402959158e-24, nan 
144.625, 52.125, 1.3176244076084326e-23, nan 
144.875, 52.125, 6.351354698192946e-24, nan 
145.125, 52.125, 2.0265094536721758e-24, nan 
145.375, 52.125, 3.9362760317072565e-24, nan 
145.625, 52.125, 4.9960965650335066e-24, nan 
145.875, 52.125, 5.5910121349175294e-24, nan 
146.125, 52.125, 4.149911239182495e-24, nan 
146.375, 52.125, 1.415468981812639e-23, nan 
146.625, 52.125, 1.6049727743033864e-23, nan 
146.875, 52.125, 1.7428127999380346e-23, nan 
147.125, 52.125, 1.8219969623318462e-23, nan 
147.375, 52.125, 7.670719591656741e-24, nan 
147.625, 52.125, 4.155892648131539e-24, nan 
147.875, 52.125, 1.380849682879661e-23, nan 
148.125, 52.125, 1.6454240917859216e-23, nan 
148.375, 52.125, 1.2373501741928194e-23, nan 
148.625, 52.125, 2.958960317747566e-24, nan 
148.875, 52.125, 5.228671485442522e-24, nan 
149.125, 52.125, 5.196159445551227e-24, nan 
149.375, 52.125, 3.1039721960707288e-24, nan 
149.625, 52.125, 3.971886774570401e-24, nan 
149.875, 52.125, 2.689837896179651e-24, nan 
150.125, 52.125, 1.9355593104416315e-24, nan 
150.375, 52.125, 2.5506749762592276e-24, nan 
150.625, 52.125, 2.370676736790893e-24, nan 
150.875, 52.125, 2.195152867065096e-24, nan 
151.125, 52.125, 2.7429305325027547e-24, nan 
151.375, 52.125, 4.503210276007179e-24, nan 
151.625, 52.125, 1.9104377089803276e-24, nan 
151.875, 52.125, 2.6304542663314446e-24, nan 
152.125, 52.125, 2.691103818940052e-24, nan 
152.375, 52.125, 4.453336621063981e-24, nan 
82.625, 52.375, 2.5607363271911584e-23, nan 
82.875, 52.375, 2.5834789773999195e-23, nan 
83.125, 52.375, 1.6943841628004813e-23, nan 
83.375, 52.375, 1.3025219573587486e-23, nan 
83.625, 52.375, 1.8614311003609482e-23, nan 
83.875, 52.375, 1.6123987806651143e-23, nan 
84.125, 52.375, 1.0203044981905856e-23, nan 
84.375, 52.375, 2.001264641051106e-23, nan 
84.625, 52.375, 2.2944147219977477e-23, nan 
84.875, 52.375, 1.4930294926537125e-23, nan 
85.125, 52.375, 1.1641754063081954e-23, nan 
85.375, 52.375, 1.599019191059978e-23, nan 
85.625, 52.375, 1.6597911357264884e-23, nan 
85.875, 52.375, 4.956226643507123e-24, nan 
86.125, 52.375, 8.11566773140508e-24, nan 
86.375, 52.375, 2.2561262736048357e-23, nan 
86.625, 52.375, 2.2616686749975358e-23, nan 
86.875, 52.375, 9.251270521677096e-24, nan 
87.125, 52.375, 6.279307414666313e-24, nan 
87.375, 52.375, 9.532452931318051e-24, nan 
87.625, 52.375, 1.98040783722675e-23, nan 
87.875, 52.375, 1.798963676449135e-23, nan 
88.125, 52.375, 3.15585434655959e-24, nan 
88.375, 52.375, 9.037844625021648e-24, nan 
88.625, 52.375, 5.406843262867743e-23, nan 
88.875, 52.375, 4.7861751757425443e-23, nan 
89.125, 52.375, 2.3183780689678168e-23, nan 
89.375, 52.375, 1.7850972692518127e-23, nan 
89.625, 52.375, 2.72004411468119e-23, nan 
89.875, 52.375, 3.2446236554827865e-23, nan 
90.125, 52.375, 2.1500137802352506e-23, nan 
90.375, 52.375, 1.1135402077003752e-23, nan 
90.625, 52.375, 1.0478518667742764e-23, nan 
90.875, 52.375, 1.3046554118086976e-23, nan 
91.125, 52.375, 1.721121914133407e-23, nan 
91.375, 52.375, 1.947702374733633e-23, nan 
91.625, 52.375, 1.934776386793712e-23, nan 
91.875, 52.375, 1.7214608435676176e-23, nan 
92.125, 52.375, 1.8864126584342106e-23, nan 
92.375, 52.375, 1.6401465806760887e-23, nan 
92.625, 52.375, 1.1372757674307478e-23, nan 
92.875, 52.375, 1.4305024363512304e-23, nan 
93.125, 52.375, 2.328653796497377e-23, nan 
93.375, 52.375, 2.2154045402636102e-23, nan 
93.625, 52.375, 1.2173898363741187e-23, nan 
93.875, 52.375, 1.4982920402794723e-23, nan 
94.125, 52.375, 1.7290783785914035e-23, nan 
94.375, 52.375, 1.730412809824264e-23, nan 
94.625, 52.375, 1.6069971480526267e-23, nan 
94.875, 52.375, 1.5660099352602465e-23, nan 
95.125, 52.375, 1.4575313224394873e-23, nan 
95.375, 52.375, 1.6624898793418338e-23, nan 
95.625, 52.375, 1.2481712270397394e-23, nan 
95.875, 52.375, 1.4384803884824278e-23, nan 
96.125, 52.375, 1.2464621931205033e-23, nan 
96.375, 52.375, 1.4258283291526442e-23, nan 
96.625, 52.375, 1.4615131773042092e-23, nan 
96.875, 52.375, 3.108266881658512e-23, nan 
97.125, 52.375, 3.5754397870800045e-23, nan 
97.375, 52.375, 3.637299696135811e-23, nan 
97.625, 52.375, 3.8393107857971066e-23, nan 
97.875, 52.375, 2.736747332233166e-23, nan 
98.125, 52.375, 2.6584574725528065e-23, nan 
98.375, 52.375, 1.3326262897959123e-23, nan 
98.625, 52.375, 1.9262336203813708e-23, nan 
98.875, 52.375, 2.1713308564623434e-23, nan 
99.125, 52.375, 1.551946867501175e-23, nan 
99.375, 52.375, 1.498392409727989e-23, nan 
99.625, 52.375, 2.1025060227699946e-23, nan 
99.875, 52.375, 1.8876979248887454e-23, nan 
100.125, 52.375, 3.412073229397259e-23, nan 
100.375, 52.375, 7.060412557739448e-23, nan 
100.625, 52.375, 3.514441287433869e-23, nan 
100.875, 52.375, 3.498228117872751e-23, nan 
101.125, 52.375, 4.10829198636631e-23, nan 
101.375, 52.375, 3.181127615745871e-23, nan 
101.625, 52.375, 2.5840749240688176e-23, nan 
101.875, 52.375, 1.8433643603698534e-23, nan 
102.125, 52.375, 1.8211363757117528e-23, nan 
102.375, 52.375, 1.4702164962785077e-23, nan 
102.625, 52.375, 1.0514783229011471e-23, nan 
102.875, 52.375, 1.9509568190526853e-23, nan 
103.125, 52.375, 1.788058922224312e-23, nan 
103.375, 52.375, 1.4721388847650098e-23, nan 
103.625, 52.375, 2.045054186439753e-23, nan 
103.875, 52.375, 2.4945395413664104e-23, nan 
104.125, 52.375, 3.1686586551059856e-23, nan 
104.375, 52.375, 7.675182903800193e-23, nan 
104.625, 52.375, 3.542469991513454e-23, nan 
104.875, 52.375, 2.02962440414591e-23, nan 
105.125, 52.375, 2.099466669907352e-23, nan 
105.375, 52.375, 1.9001867225765715e-23, nan 
105.625, 52.375, 4.657603953887057e-23, nan 
105.875, 52.375, 4.783427681435401e-23, nan 
106.125, 52.375, 1.958259813554356e-23, nan 
106.375, 52.375, 2.1277143775197287e-23, nan 
106.625, 52.375, 1.8491346651915488e-23, nan 
106.875, 52.375, 1.7660910359039843e-23, nan 
107.125, 52.375, 1.8475445484378228e-23, nan 
107.375, 52.375, 2.049616141144929e-23, nan 
107.625, 52.375, 2.0556602047263135e-23, nan 
107.875, 52.375, 2.5377314301458584e-23, nan 
108.125, 52.375, 2.332265878621282e-23, nan 
108.375, 52.375, 1.885255212672641e-23, nan 
108.625, 52.375, 1.7399979687840364e-23, nan 
108.875, 52.375, 1.7800866480898553e-23, nan 
109.125, 52.375, 2.4470404971452646e-23, nan 
109.375, 52.375, 2.275575500288144e-23, nan 
109.625, 52.375, 2.1099802145978283e-23, nan 
109.875, 52.375, 1.4642900819601967e-23, nan 
110.125, 52.375, 1.525878013879687e-23, nan 
110.375, 52.375, 2.1751239960331737e-23, nan 
110.625, 52.375, 1.7156869409908038e-23, nan 
110.875, 52.375, 1.6190387842533883e-23, nan 
111.125, 52.375, 1.6791134784517826e-23, nan 
111.375, 52.375, 1.4379102737211905e-23, nan 
111.625, 52.375, 1.5990751138571842e-23, nan 
111.875, 52.375, 1.507317394452417e-23, nan 
112.125, 52.375, 1.2010604854137884e-23, nan 
112.375, 52.375, 1.704426457622784e-23, nan 
112.625, 52.375, 3.8642412868910673e-23, nan 
112.875, 52.375, 3.231238905914169e-23, nan 
113.125, 52.375, 2.6180731461461836e-23, nan 
113.375, 52.375, 3.1964883810673595e-23, nan 
113.625, 52.375, 4.347896744433519e-23, nan 
113.875, 52.375, 3.3987625154340166e-23, nan 
114.125, 52.375, 2.3390274673944175e-23, nan 
114.375, 52.375, 2.500849035596578e-23, nan 
114.625, 52.375, 2.2773278778726082e-23, nan 
114.875, 52.375, 1.0596127602407296e-23, nan 
115.125, 52.375, 8.544396392519443e-24, nan 
115.375, 52.375, 2.0534649067199632e-23, nan 
115.625, 52.375, 2.727418073731243e-23, nan 
115.875, 52.375, 3.564520876685613e-23, nan 
116.125, 52.375, 3.2587352012207515e-23, nan 
116.375, 52.375, 2.741739840205551e-23, nan 
116.625, 52.375, 4.604251205884791e-23, nan 
116.875, 52.375, 4.4627359537995636e-23, nan 
117.125, 52.375, 4.963285014993096e-23, nan 
117.375, 52.375, 4.496044576782445e-23, nan 
117.625, 52.375, 1.5923546213022857e-23, nan 
117.875, 52.375, 1.648894899034537e-23, nan 
118.125, 52.375, 1.8578552580114358e-23, nan 
118.375, 52.375, 1.7852709480282e-23, nan 
118.625, 52.375, 1.1576943818366774e-23, nan 
118.875, 52.375, 3.8234423689562105e-23, nan 
119.125, 52.375, 4.158608609768111e-23, nan 
119.375, 52.375, 1.9059020069948845e-23, nan 
119.625, 52.375, 1.109778657917127e-23, nan 
119.875, 52.375, 1.1136152652960182e-23, nan 
120.125, 52.375, 7.373280908299675e-24, nan 
120.375, 52.375, 6.3641672957361756e-24, nan 
120.625, 52.375, 2.133330602254187e-23, nan 
120.875, 52.375, 2.294943691964951e-23, nan 
121.125, 52.375, 1.2128361368323174e-23, nan 
121.375, 52.375, 4.5518876369263854e-23, nan 
121.625, 52.375, 5.1024275077117927e-23, nan 
121.875, 52.375, 8.554654656716243e-24, nan 
122.125, 52.375, 1.379603336914605e-23, nan 
122.375, 52.375, 1.55693142339046e-23, nan 
122.625, 52.375, 1.647432315251957e-23, nan 
122.875, 52.375, 2.058385384639611e-23, nan 
123.125, 52.375, 2.1305570721777838e-23, nan 
123.375, 52.375, 2.75869344973736e-23, nan 
123.625, 52.375, 2.321517619235972e-23, nan 
123.875, 52.375, 1.223389221064494e-23, nan 
124.125, 52.375, 2.0482579620259783e-23, nan 
124.375, 52.375, 2.2517933390497458e-23, nan 
124.625, 52.375, 1.365051364022969e-23, nan 
124.875, 52.375, 1.1779297154451416e-23, nan 
125.125, 52.375, 1.9068671144132445e-23, nan 
125.375, 52.375, 2.9475758075652544e-23, nan 
125.625, 52.375, 2.8859808215139554e-23, nan 
125.875, 52.375, 2.735213193011871e-23, nan 
126.125, 52.375, 1.936179357478785e-23, nan 
126.375, 52.375, 1.1000839502873447e-23, nan 
126.625, 52.375, 6.765587320462658e-24, nan 
126.875, 52.375, 1.720913265478301e-23, nan 
127.125, 52.375, 2.684329868015457e-23, nan 
127.375, 52.375, 2.675366884933855e-23, nan 
127.625, 52.375, 9.187702189055253e-24, nan 
127.875, 52.375, 1.344993914171499e-23, nan 
128.125, 52.375, 1.3577098574031717e-23, nan 
128.375, 52.375, 8.783838643983688e-24, nan 
128.625, 52.375, 1.6324566779675546e-23, nan 
128.875, 52.375, 1.7258899855855505e-23, nan 
129.125, 52.375, 1.83928969643419e-23, nan 
129.375, 52.375, 1.5980555386111915e-23, nan 
129.625, 52.375, 2.2483405544842932e-23, nan 
129.875, 52.375, 1.5244389289367168e-23, nan 
130.125, 52.375, 1.722602168582201e-23, nan 
130.375, 52.375, 2.1241425797410686e-23, nan 
130.625, 52.375, 2.5841172297605793e-23, nan 
130.875, 52.375, 8.057592821440502e-23, nan 
131.125, 52.375, 7.217099796197154e-23, nan 
131.375, 52.375, 7.444911783161686e-24, nan 
131.625, 52.375, 2.6098938038197622e-23, nan 
131.875, 52.375, 2.907966865920823e-23, nan 
132.125, 52.375, 1.0245004329915422e-23, nan 
132.375, 52.375, 6.2924809536056565e-24, nan 
132.625, 52.375, 7.516685944318807e-24, nan 
132.875, 52.375, 1.2316215695051635e-23, nan 
133.125, 52.375, 9.603910404265004e-24, nan 
133.375, 52.375, 5.0453978410930264e-24, nan 
133.625, 52.375, 4.522874869860147e-24, nan 
133.875, 52.375, 6.403900354413227e-24, nan 
134.125, 52.375, 5.1631303668832964e-24, nan 
134.375, 52.375, 8.301824549604455e-24, nan 
134.625, 52.375, 1.543516300261317e-23, nan 
134.875, 52.375, 2.0722343332584354e-23, nan 
135.125, 52.375, 2.357250487953951e-23, nan 
135.375, 52.375, 1.3225502139570547e-23, nan 
135.625, 52.375, 6.316895445114038e-24, nan 
135.875, 52.375, 3.9704407947234595e-24, nan 
136.125, 52.375, 1.8242374878656995e-24, nan 
136.375, 52.375, 1.76719582675271e-24, nan 
136.625, 52.375, 5.199371089793827e-24, nan 
136.875, 52.375, 9.575508733447437e-24, nan 
137.125, 52.375, 1.062106994106896e-23, nan 
137.375, 52.375, 7.404977250548618e-24, nan 
137.625, 52.375, 8.658669969637524e-24, nan 
137.875, 52.375, 8.134743081166308e-24, nan 
138.125, 52.375, 8.006944049707785e-24, nan 
138.375, 52.375, 6.1751255154000895e-24, nan 
138.625, 52.375, 5.966153819729831e-24, nan 
138.875, 52.375, 6.62859169027707e-24, nan 
139.125, 52.375, 1.360825335517139e-23, nan 
139.375, 52.375, 1.4093768416527813e-23, nan 
139.625, 52.375, 9.480663901793289e-24, nan 
139.875, 52.375, 1.0740028214788767e-23, nan 
140.125, 52.375, 1.1491655945222746e-23, nan 
140.375, 52.375, 8.413844152540284e-24, nan 
140.625, 52.375, 5.221146984203752e-24, nan 
140.875, 52.375, 3.353896978650923e-24, nan 
141.125, 52.375, 5.4141752549506e-24, nan 
141.375, 52.375, 6.041344099573601e-24, nan 
141.625, 52.375, 6.188188138004095e-24, nan 
141.875, 52.375, 2.3186780709973733e-24, nan 
142.125, 52.375, 5.2705004032025155e-24, nan 
142.375, 52.375, 4.8620080117665e-24, nan 
142.625, 52.375, 3.761768665813506e-24, nan 
142.875, 52.375, 6.56228928236353e-24, nan 
143.125, 52.375, 5.5887236236416816e-24, nan 
143.375, 52.375, 4.579829033693745e-24, nan 
143.625, 52.375, 2.6698436887226736e-24, nan 
143.875, 52.375, 5.934912158993818e-24, nan 
144.125, 52.375, 3.860505277759545e-24, nan 
144.375, 52.375, 1.2582577190283392e-23, nan 
144.625, 52.375, 2.4197886163538683e-23, nan 
144.875, 52.375, 1.8867516005073486e-23, nan 
145.125, 52.375, 7.275016472918779e-24, nan 
145.375, 52.375, 7.218850279211664e-24, nan 
145.625, 52.375, 6.242302129301269e-24, nan 
145.875, 52.375, 8.114230926336477e-24, nan 
146.125, 52.375, 1.4126914805298303e-23, nan 
146.375, 52.375, 1.4918135892488537e-23, nan 
146.625, 52.375, 1.3519700581574332e-23, nan 
146.875, 52.375, 2.2730111072947258e-23, nan 
147.125, 52.375, 2.1894580072302192e-23, nan 
147.375, 52.375, 3.563022592347859e-24, nan 
147.625, 52.375, 5.0131101135746014e-24, nan 
147.875, 52.375, 7.880959342941388e-24, nan 
148.125, 52.375, 1.815884740778718e-23, nan 
148.375, 52.375, 1.4282497306194497e-23, nan 
148.625, 52.375, 3.499746842561537e-24, nan 
148.875, 52.375, 4.96733099280102e-24, nan 
149.125, 52.375, 4.319792024428702e-24, nan 
149.375, 52.375, 7.191172553374854e-24, nan 
149.625, 52.375, 5.781986617961985e-24, nan 
149.875, 52.375, 2.9585582528506327e-24, nan 
150.125, 52.375, 3.561448795769515e-24, nan 
150.375, 52.375, 3.824094298852139e-24, nan 
150.625, 52.375, 3.912381339571027e-24, nan 
150.875, 52.375, 4.4069422763693406e-24, nan 
151.125, 52.375, 3.50645175580021e-24, nan 
151.375, 52.375, 2.7461381835536986e-24, nan 
151.625, 52.375, 2.3093161219878364e-24, nan 
151.875, 52.375, 2.5774840213585497e-24, nan 
152.125, 52.375, 1.8922380931303223e-24, nan 
152.375, 52.375, 2.4775046433854537e-24, nan 
152.625, 52.375, 3.437553792923713e-24, nan 
152.875, 52.375, 4.135352477453289e-24, nan 
81.625, 52.625, 1.3752657849105338e-23, nan 
81.875, 52.625, 1.264897713163198e-23, nan 
82.125, 52.625, 1.2652340410347438e-23, nan 
82.375, 52.625, 1.3020862121357266e-23, nan 
82.625, 52.625, 1.976439680421456e-23, nan 
82.875, 52.625, 1.7020706184108747e-23, nan 
83.125, 52.625, 1.4013707145288222e-23, nan 
83.375, 52.625, 1.7310742618049674e-23, nan 
83.625, 52.625, 1.4777266062660483e-23, nan 
83.875, 52.625, 1.1351308577230186e-23, nan 
84.125, 52.625, 1.2914231958321927e-23, nan 
84.375, 52.625, 1.420958537808877e-23, nan 
84.625, 52.625, 1.8287766119520515e-23, nan 
84.875, 52.625, 2.5708856838737318e-23, nan 
85.125, 52.625, 1.8789651240121228e-23, nan 
85.375, 52.625, 9.438210667272524e-24, nan 
85.625, 52.625, 2.5157089327721266e-23, nan 
85.875, 52.625, 2.254594218188377e-23, nan 
86.125, 52.625, 9.905009199992249e-24, nan 
86.375, 52.625, 9.526540703903413e-24, nan 
86.625, 52.625, 1.1220902336774034e-23, nan 
86.875, 52.625, 1.2909622883191494e-23, nan 
87.125, 52.625, 1.0609252793255187e-23, nan 
87.375, 52.625, 1.531502453990352e-23, nan 
87.625, 52.625, 1.5329136598214773e-23, nan 
87.875, 52.625, 2.50309130984046e-23, nan 
88.125, 52.625, 3.434795963360233e-23, nan 
88.375, 52.625, 6.998439710513419e-23, nan 
88.625, 52.625, 6.59920538230726e-23, nan 
88.875, 52.625, 1.1513726198183974e-23, nan 
89.125, 52.625, 1.0674125138984396e-23, nan 
89.375, 52.625, 1.864677626724138e-23, nan 
89.625, 52.625, 1.942357410493988e-23, nan 
89.875, 52.625, 2.512699599098464e-23, nan 
90.125, 52.625, 2.567172764877906e-23, nan 
90.375, 52.625, 1.5817628318253637e-23, nan 
90.625, 52.625, 1.4173801792167693e-23, nan 
90.875, 52.625, 1.475137057808446e-23, nan 
91.125, 52.625, 2.0189605665401693e-23, nan 
91.375, 52.625, 2.2849611114302383e-23, nan 
91.625, 52.625, 1.6498005782103845e-23, nan 
91.875, 52.625, 7.26744015437997e-24, nan 
92.125, 52.625, 1.4765200437596884e-23, nan 
92.375, 52.625, 2.1524458718178344e-23, nan 
92.625, 52.625, 1.72632232204719e-23, nan 
92.875, 52.625, 5.803021336606982e-24, nan 
93.125, 52.625, 2.0776688262560543e-23, nan 
93.375, 52.625, 2.4578283369008997e-23, nan 
93.625, 52.625, 1.8353699169153924e-23, nan 
93.875, 52.625, 1.5777395115706927e-23, nan 
94.125, 52.625, 1.5017266353023106e-23, nan 
94.375, 52.625, 1.590245652854185e-23, nan 
94.625, 52.625, 1.40846113644513e-23, nan 
94.875, 52.625, 9.539057319680264e-24, nan 
95.125, 52.625, 8.868244250890886e-24, nan 
95.375, 52.625, 1.5518944265745914e-23, nan 
95.625, 52.625, 1.7211240136911543e-23, nan 
95.875, 52.625, 1.8567265298201042e-23, nan 
96.125, 52.625, 2.6932390063654736e-23, nan 
96.375, 52.625, 3.3377911736109697e-23, nan 
96.625, 52.625, 1.674697854406849e-23, nan 
96.875, 52.625, 1.4875399551305022e-23, nan 
97.125, 52.625, 1.8759869655762472e-23, nan 
97.375, 52.625, 1.950570784030881e-23, nan 
97.625, 52.625, 1.5599826551352966e-23, nan 
97.875, 52.625, 1.098067398665364e-23, nan 
98.125, 52.625, 2.058883666867926e-23, nan 
98.375, 52.625, 2.043930897503454e-23, nan 
98.625, 52.625, 1.697438252438101e-23, nan 
98.875, 52.625, 2.2804783736979443e-23, nan 
99.125, 52.625, 2.014370188290181e-23, nan 
99.375, 52.625, 1.606564891499118e-23, nan 
99.625, 52.625, 1.4518371868438534e-23, nan 
99.875, 52.625, 1.9023715746665428e-23, nan 
100.125, 52.625, 1.847092882265073e-23, nan 
100.375, 52.625, 1.7591709181735592e-23, nan 
100.625, 52.625, 2.817790463806009e-23, nan 
100.875, 52.625, 2.324632132381654e-23, nan 
101.125, 52.625, 1.3038915598964347e-23, nan 
101.375, 52.625, 2.355205092685825e-23, nan 
101.625, 52.625, 4.4363384356799203e-23, nan 
101.875, 52.625, 3.36275896785245e-23, nan 
102.125, 52.625, 1.4798528782894015e-23, nan 
102.375, 52.625, 1.6326947690743075e-23, nan 
102.625, 52.625, 1.416830431589494e-23, nan 
102.875, 52.625, 1.975845143714191e-23, nan 
103.125, 52.625, 2.5166100537831296e-23, nan 
103.375, 52.625, 2.1087799289383687e-23, nan 
103.625, 52.625, 3.163917477914744e-23, nan 
103.875, 52.625, 3.5197575932777376e-23, nan 
104.125, 52.625, 8.999079709388327e-23, nan 
104.375, 52.625, 1.5043368509577635e-22, nan 
104.625, 52.625, 9.631457718349929e-23, nan 
104.875, 52.625, 3.341366476086076e-23, nan 
105.125, 52.625, 1.394415152741903e-23, nan 
105.375, 52.625, 3.139946355546278e-23, nan 
105.625, 52.625, 4.005864181075299e-23, nan 
105.875, 52.625, 3.7400016583317744e-23, nan 
106.125, 52.625, 2.2109508534413168e-23, nan 
106.375, 52.625, 2.5952089597939855e-23, nan 
106.625, 52.625, 2.554965272173266e-23, nan 
106.875, 52.625, 1.401917501734407e-23, nan 
107.125, 52.625, 1.490426300941304e-23, nan 
107.375, 52.625, 2.1999763305790297e-23, nan 
107.625, 52.625, 2.2304747878223492e-23, nan 
107.875, 52.625, 2.0335868536821022e-23, nan 
108.125, 52.625, 1.4619714498151146e-23, nan 
108.375, 52.625, 1.683373449600634e-23, nan 
108.625, 52.625, 2.091828765331416e-23, nan 
108.875, 52.625, 1.8314084221179934e-23, nan 
109.125, 52.625, 2.4301660806652308e-23, nan 
109.375, 52.625, 2.546883570863445e-23, nan 
109.625, 52.625, 2.2461826472990622e-23, nan 
109.875, 52.625, 1.5058520803646534e-23, nan 
110.125, 52.625, 1.3170311747503858e-23, nan 
110.375, 52.625, 1.9507638627202884e-23, nan 
110.625, 52.625, 1.913597597174587e-23, nan 
110.875, 52.625, 2.3664505194009892e-23, nan 
111.125, 52.625, 2.3823515252792304e-23, nan 
111.375, 52.625, 2.4260869571357098e-23, nan 
111.625, 52.625, 2.8956528230333685e-23, nan 
111.875, 52.625, 2.8966909144449634e-23, nan 
112.125, 52.625, 1.706345346177149e-23, nan 
112.375, 52.625, 1.8329714822296356e-23, nan 
112.625, 52.625, 3.0621612870157494e-23, nan 
112.875, 52.625, 3.322172897676433e-23, nan 
113.125, 52.625, 2.5603987733365066e-23, nan 
113.375, 52.625, 2.8022937807114086e-23, nan 
113.625, 52.625, 4.356825421760732e-23, nan 
113.875, 52.625, 3.063164713489193e-23, nan 
114.125, 52.625, 2.825803458823766e-23, nan 
114.375, 52.625, 2.757144953237045e-23, nan 
114.625, 52.625, 2.5322890652860995e-23, nan 
114.875, 52.625, 3.115188857656695e-23, nan 
115.125, 52.625, 6.101168700362372e-23, nan 
115.375, 52.625, 4.083748456440289e-23, nan 
115.625, 52.625, 3.0776437673626734e-23, nan 
115.875, 52.625, 3.286695978852018e-23, nan 
116.125, 52.625, 2.1815912237972277e-23, nan 
116.375, 52.625, 2.652941039419449e-23, nan 
116.625, 52.625, 3.2551323628547904e-23, nan 
116.875, 52.625, 2.458849165607187e-23, nan 
117.125, 52.625, 4.022792688852922e-23, nan 
117.375, 52.625, 4.5294464611181625e-23, nan 
117.625, 52.625, 2.0893283724732137e-23, nan 
117.875, 52.625, 1.7822713881542916e-23, nan 
118.125, 52.625, 1.622597465928341e-23, nan 
118.375, 52.625, 9.697871927830788e-24, nan 
118.625, 52.625, 1.2935939045928936e-23, nan 
118.875, 52.625, 3.301414279988008e-23, nan 
119.125, 52.625, 4.686582795469265e-23, nan 
119.375, 52.625, 3.440204541755203e-23, nan 
119.625, 52.625, 1.0523702436361244e-23, nan 
119.875, 52.625, 7.904945485040584e-24, nan 
120.125, 52.625, 7.136463466305498e-24, nan 
120.375, 52.625, 8.606962140664809e-24, nan 
120.625, 52.625, 1.637746199054481e-23, nan 
120.875, 52.625, 1.7623695625752466e-23, nan 
121.125, 52.625, 1.8509310928007547e-23, nan 
121.375, 52.625, 1.5941095509794066e-23, nan 
121.625, 52.625, 5.52245860151963e-23, nan 
121.875, 52.625, 5.313854509107047e-23, nan 
122.125, 52.625, 1.657871541391254e-23, nan 
122.375, 52.625, 1.4994803011242793e-23, nan 
122.625, 52.625, 1.2676640930512578e-23, nan 
122.875, 52.625, 1.011033529342296e-23, nan 
123.125, 52.625, 1.3784279811577755e-23, nan 
123.375, 52.625, 3.099400951694698e-23, nan 
123.625, 52.625, 2.722967098879062e-23, nan 
123.875, 52.625, 9.132124029559741e-24, nan 
124.125, 52.625, 1.4062303090242338e-23, nan 
124.375, 52.625, 2.9239574752829575e-23, nan 
124.625, 52.625, 2.7598909435361975e-23, nan 
124.875, 52.625, 3.253391744955271e-23, nan 
125.125, 52.625, 4.0813829344705434e-23, nan 
125.375, 52.625, 4.456957253892415e-23, nan 
125.625, 52.625, 3.477698173071396e-23, nan 
125.875, 52.625, 1.7069278238205506e-23, nan 
126.125, 52.625, 2.3816844585958165e-23, nan 
126.375, 52.625, 2.9687477164373297e-23, nan 
126.625, 52.625, 2.6000974850189446e-23, nan 
126.875, 52.625, 1.6670842521964694e-23, nan 
127.125, 52.625, 1.0729646459469953e-23, nan 
127.375, 52.625, 1.4124587899257773e-23, nan 
127.625, 52.625, 1.0809941069506615e-23, nan 
127.875, 52.625, 9.352115430006369e-24, nan 
128.125, 52.625, 1.2945229351098324e-23, nan 
128.375, 52.625, 2.388996829392293e-23, nan 
128.625, 52.625, 2.4266259047525027e-23, nan 
128.875, 52.625, 1.7027835281907983e-23, nan 
129.125, 52.625, 2.5390315273590733e-23, nan 
129.375, 52.625, 1.8048569934908672e-23, nan 
129.625, 52.625, 1.4230024680959468e-23, nan 
129.875, 52.625, 1.3327477577064306e-23, nan 
130.125, 52.625, 1.4340389663063626e-23, nan 
130.375, 52.625, 1.3955718736687848e-23, nan 
130.625, 52.625, 1.7448318785846185e-23, nan 
130.875, 52.625, 2.1290152073857474e-23, nan 
131.125, 52.625, 7.001872040599124e-23, nan 
131.375, 52.625, 6.496620584267111e-23, nan 
131.625, 52.625, 2.4262503699009052e-23, nan 
131.875, 52.625, 1.9397194043458017e-23, nan 
132.125, 52.625, 1.2090587818161743e-23, nan 
132.375, 52.625, 1.1414338380389161e-23, nan 
132.625, 52.625, 1.5006637042738973e-23, nan 
132.875, 52.625, 1.386527147388845e-23, nan 
133.125, 52.625, 4.028462834806583e-24, nan 
133.375, 52.625, 3.746389026283865e-24, nan 
133.625, 52.625, 8.032781567962143e-24, nan 
133.875, 52.625, 8.692387992766081e-24, nan 
134.125, 52.625, 5.2333919406816215e-24, nan 
134.375, 52.625, 7.33148077905075e-24, nan 
134.625, 52.625, 9.86648812053683e-24, nan 
134.875, 52.625, 9.3980264941677e-24, nan 
135.125, 52.625, 1.0922792932858179e-23, nan 
135.375, 52.625, 8.784604768956904e-24, nan 
135.625, 52.625, 5.1290451196471016e-24, nan 
135.875, 52.625, 7.839479077843333e-24, nan 
136.125, 52.625, 7.851691622141375e-24, nan 
136.375, 52.625, 3.2366555799019075e-24, nan 
136.625, 52.625, 7.191092501196074e-24, nan 
136.875, 52.625, 7.615243728519197e-24, nan 
137.125, 52.625, 1.1566733182295797e-23, nan 
137.375, 52.625, 1.3543142658257657e-23, nan 
137.625, 52.625, 1.1512670115366204e-23, nan 
137.875, 52.625, 9.15998103887577e-24, nan 
138.125, 52.625, 7.234761348650293e-24, nan 
138.375, 52.625, 7.015324547295639e-24, nan 
138.625, 52.625, 9.478666468453459e-24, nan 
138.875, 52.625, 6.152621234844786e-24, nan 
139.125, 52.625, 8.70079960328768e-24, nan 
139.375, 52.625, 1.3426976205750448e-23, nan 
139.625, 52.625, 1.5538119313877285e-23, nan 
139.875, 52.625, 1.1980951889824669e-23, nan 
140.125, 52.625, 7.302449235065988e-24, nan 
140.375, 52.625, 3.8453744895285074e-24, nan 
140.625, 52.625, 2.585601942950713e-24, nan 
140.875, 52.625, 2.4723915545180654e-24, nan 
141.125, 52.625, 3.2774152327097983e-24, nan 
141.375, 52.625, 3.19228010327656e-24, nan 
141.625, 52.625, 7.556940558524187e-24, nan 
141.875, 52.625, 7.235254818600985e-24, nan 
142.125, 52.625, 4.8434002087102155e-24, nan 
142.375, 52.625, 5.576697806108401e-24, nan 
142.625, 52.625, 5.405022488613104e-24, nan 
142.875, 52.625, 8.075056133942163e-24, nan 
143.125, 52.625, 8.506761855733327e-24, nan 
143.375, 52.625, 7.979598267796084e-24, nan 
143.625, 52.625, 8.364180359174754e-24, nan 
143.875, 52.625, 1.1172003296243635e-23, nan 
144.125, 52.625, 6.795699089445682e-24, nan 
144.375, 52.625, 1.4143297642060733e-23, nan 
144.625, 52.625, 1.679622482816948e-23, nan 
144.875, 52.625, 7.893595731864203e-24, nan 
145.125, 52.625, 1.0200032996323066e-23, nan 
145.375, 52.625, 1.1882532289606926e-23, nan 
145.625, 52.625, 3.956004979160006e-24, nan 
145.875, 52.625, 1.773182698549903e-23, nan 
146.125, 52.625, 1.8066478422786267e-23, nan 
146.375, 52.625, 3.7421370525605375e-24, nan 
146.625, 52.625, 7.509022350162947e-24, nan 
146.875, 52.625, 1.3422234021287446e-23, nan 
147.125, 52.625, 1.8341572845446737e-23, nan 
147.375, 52.625, 1.460013231885861e-23, nan 
147.625, 52.625, 1.0985017797245271e-23, nan 
147.875, 52.625, 1.404595706005749e-23, nan 
148.125, 52.625, 1.509047145406811e-23, nan 
148.375, 52.625, 4.959932309980066e-24, nan 
148.625, 52.625, 4.613355689388512e-24, nan 
148.875, 52.625, 7.001072077659909e-24, nan 
149.125, 52.625, 9.181184147685916e-24, nan 
149.375, 52.625, 8.6723381449724e-24, nan 
149.625, 52.625, 3.445563144199122e-24, nan 
149.875, 52.625, 3.3335897521318e-24, nan 
150.125, 52.625, 2.493556734023053e-24, nan 
150.375, 52.625, 1.8223210011920806e-24, nan 
150.625, 52.625, 3.1881449556743658e-24, nan 
150.875, 52.625, 3.9240291571740765e-24, nan 
151.125, 52.625, 2.6222537435984092e-24, nan 
151.375, 52.625, 2.2102092599911155e-24, nan 
151.625, 52.625, 2.057247236660995e-24, nan 
151.875, 52.625, 3.984711657914447e-24, nan 
152.125, 52.625, 2.717861801700859e-24, nan 
152.375, 52.625, 2.617419576156778e-24, nan 
152.625, 52.625, 2.917584004521433e-24, nan 
152.875, 52.625, 3.958475208607399e-24, nan 
153.125, 52.625, 4.2096801302151495e-24, nan 
153.375, 52.625, 6.880544089632721e-24, nan 
153.625, 52.625, 5.7086064919949656e-24, nan 
80.375, 52.875, 4.1764555020932505e-24, nan 
80.625, 52.875, 2.8333722606311463e-24, nan 
80.875, 52.875, 1.2011198849355592e-23, nan 
81.125, 52.875, 1.5303458268046484e-23, nan 
81.375, 52.875, 2.1172051479946123e-23, nan 
81.625, 52.875, 2.1419205055524926e-23, nan 
81.875, 52.875, 1.5304262810409302e-23, nan 
82.125, 52.875, 1.2328282919128441e-23, nan 
82.375, 52.875, 1.9905064785904857e-23, nan 
82.625, 52.875, 2.0952025151644012e-23, nan 
82.875, 52.875, 1.9501607908811276e-23, nan 
83.125, 52.875, 1.8856327015703753e-23, nan 
83.375, 52.875, 4.9689082524114165e-24, nan 
83.625, 52.875, 1.3104906965973615e-23, nan 
83.875, 52.875, 1.4787081319797744e-23, nan 
84.125, 52.875, 1.394102857102532e-23, nan 
84.375, 52.875, 1.5689640573053088e-23, nan 
84.625, 52.875, 1.5297198943945806e-23, nan 
84.875, 52.875, 1.482154404919201e-23, nan 
85.125, 52.875, 4.8023384642912536e-24, nan 
85.375, 52.875, 8.65101482331304e-24, nan 
85.625, 52.875, 2.7903146267344013e-23, nan 
85.875, 52.875, 3.138615637643364e-23, nan 
86.125, 52.875, 1.9508605913128106e-23, nan 
86.375, 52.875, 1.2504003836029622e-23, nan 
86.625, 52.875, 1.313234660919448e-23, nan 
86.875, 52.875, 1.4130374128996834e-23, nan 
87.125, 52.875, 1.730116709685346e-23, nan 
87.375, 52.875, 3.219933803690607e-23, nan 
87.625, 52.875, 5.434220179115495e-23, nan 
87.875, 52.875, 4.8015858831181457e-23, nan 
88.125, 52.875, 4.523250338799856e-23, nan 
88.375, 52.875, 5.408068356330918e-23, nan 
88.625, 52.875, 2.4915908191806703e-23, nan 
88.875, 52.875, 2.458821120165992e-23, nan 
89.125, 52.875, 1.8769142650478746e-23, nan 
89.375, 52.875, 2.1445033768709782e-23, nan 
89.625, 52.875, 1.5833866809066753e-23, nan 
89.875, 52.875, 1.8688930475530898e-23, nan 
90.125, 52.875, 1.9631192516740746e-23, nan 
90.375, 52.875, 1.8429234291476274e-23, nan 
90.625, 52.875, 2.239916103519301e-23, nan 
90.875, 52.875, 2.069957717191669e-23, nan 
91.125, 52.875, 1.9033970562886933e-23, nan 
91.375, 52.875, 1.8409941818638784e-23, nan 
91.625, 52.875, 2.106625938332628e-23, nan 
91.875, 52.875, 1.0910572756476788e-23, nan 
92.125, 52.875, 1.5471612959590156e-23, nan 
92.375, 52.875, 1.6101085313767415e-23, nan 
92.625, 52.875, 1.7945266530489017e-23, nan 
92.875, 52.875, 1.9706009781233843e-23, nan 
93.125, 52.875, 2.0802974060850532e-23, nan 
93.375, 52.875, 2.1210796698452042e-23, nan 
93.625, 52.875, 2.2442031918659842e-23, nan 
93.875, 52.875, 2.4854889994950173e-23, nan 
94.125, 52.875, 2.395986198089834e-23, nan 
94.375, 52.875, 1.8724875016340495e-23, nan 
94.625, 52.875, 1.3989572047531514e-23, nan 
94.875, 52.875, 1.401111723902972e-23, nan 
95.125, 52.875, 9.067664317844468e-24, nan 
95.375, 52.875, 8.731218696109602e-24, nan 
95.625, 52.875, 1.882316392234078e-23, nan 
95.875, 52.875, 1.3115740662067396e-23, nan 
96.125, 52.875, 1.0527394865333226e-23, nan 
96.375, 52.875, 3.7468610455776376e-23, nan 
96.625, 52.875, 3.712340247772655e-23, nan 
96.875, 52.875, 2.4266983233622658e-23, nan 
97.125, 52.875, 2.985059953101533e-23, nan 
97.375, 52.875, 3.170862300475503e-23, nan 
97.625, 52.875, 1.7116853013727025e-23, nan 
97.875, 52.875, 7.418920903169203e-24, nan 
98.125, 52.875, 1.780741672192157e-23, nan 
98.375, 52.875, 2.4422069988221098e-23, nan 
98.625, 52.875, 2.2551977588655703e-23, nan 
98.875, 52.875, 2.804747869066002e-23, nan 
99.125, 52.875, 2.2157483125525146e-23, nan 
99.375, 52.875, 2.3388911374799633e-23, nan 
99.625, 52.875, 1.9311303139037916e-23, nan 
99.875, 52.875, 1.9821573944694904e-23, nan 
100.125, 52.875, 2.68680942341088e-23, nan 
100.375, 52.875, 8.758664473218267e-24, nan 
100.625, 52.875, 2.6220887206957858e-24, nan 
100.875, 52.875, 1.9731086341925052e-23, nan 
101.125, 52.875, 3.781972760845126e-23, nan 
101.375, 52.875, 4.3012574335683307e-23, nan 
101.625, 52.875, 6.775366889692035e-23, nan 
101.875, 52.875, 7.25178086093278e-23, nan 
102.125, 52.875, 1.4637788596822812e-23, nan 
102.375, 52.875, 1.1586648465788103e-23, nan 
102.625, 52.875, 9.970011597332428e-24, nan 
102.875, 52.875, 1.5749333707963168e-23, nan 
103.125, 52.875, 2.5966966649621405e-23, nan 
103.375, 52.875, 2.7012910780599925e-23, nan 
103.625, 52.875, 2.623925077852765e-23, nan 
103.875, 52.875, 2.0316283375163388e-23, nan 
104.125, 52.875, 3.7582766129819525e-23, nan 
104.375, 52.875, 5.416468776803809e-23, nan 
104.625, 52.875, 2.539426873655849e-23, nan 
104.875, 52.875, 2.3032904085810984e-23, nan 
105.125, 52.875, 1.760012356392227e-23, nan 
105.375, 52.875, 2.32504099988252e-23, nan 
105.625, 52.875, 2.857816361120374e-23, nan 
105.875, 52.875, 3.4010817106492084e-23, nan 
106.125, 52.875, 2.9301761856054764e-23, nan 
106.375, 52.875, 2.0368155142444582e-23, nan 
106.625, 52.875, 2.613962057485114e-23, nan 
106.875, 52.875, 2.439025606184721e-23, nan 
107.125, 52.875, 2.2675222674976508e-23, nan 
107.375, 52.875, 2.0468697683681584e-23, nan 
107.625, 52.875, 1.5204019701035955e-23, nan 
107.875, 52.875, 1.885496408721666e-23, nan 
108.125, 52.875, 1.4004180263130822e-23, nan 
108.375, 52.875, 1.4940710800670196e-23, nan 
108.625, 52.875, 1.356238778817517e-23, nan 
108.875, 52.875, 1.8897570090194444e-23, nan 
109.125, 52.875, 2.2010282060710844e-23, nan 
109.375, 52.875, 2.1207576176413427e-23, nan 
109.625, 52.875, 2.2934380721733884e-23, nan 
109.875, 52.875, 1.673762295686729e-23, nan 
110.125, 52.875, 2.569698183028723e-23, nan 
110.375, 52.875, 2.1536768583017774e-23, nan 
110.625, 52.875, 3.1839640657141065e-23, nan 
110.875, 52.875, 3.023057065193968e-23, nan 
111.125, 52.875, 2.5300989619743712e-23, nan 
111.375, 52.875, 2.0118593108833497e-23, nan 
111.625, 52.875, 1.2418383914787915e-23, nan 
111.875, 52.875, 2.860575482018741e-23, nan 
112.125, 52.875, 2.5520149994589136e-23, nan 
112.375, 52.875, 1.9407599018819898e-23, nan 
112.625, 52.875, 2.2180538642843455e-23, nan 
112.875, 52.875, 3.5735623108211855e-23, nan 
113.125, 52.875, 4.011282839010527e-23, nan 
113.375, 52.875, 1.616257881779921e-23, nan 
113.625, 52.875, 1.7859913642887168e-23, nan 
113.875, 52.875, 3.6213895603477603e-23, nan 
114.125, 52.875, 3.632107653666788e-23, nan 
114.375, 52.875, 2.0320573715183966e-23, nan 
114.625, 52.875, 3.844770327129436e-23, nan 
114.875, 52.875, 5.603458447848536e-23, nan 
115.125, 52.875, 7.215442213044315e-23, nan 
115.375, 52.875, 2.960672232140731e-23, nan 
115.625, 52.875, 2.0937720729350047e-23, nan 
115.875, 52.875, 1.9702805678968482e-23, nan 
116.125, 52.875, 2.1047349630159064e-23, nan 
116.375, 52.875, 2.1681346358637054e-23, nan 
116.625, 52.875, 2.3101672019257573e-23, nan 
116.875, 52.875, 2.1162447894274847e-23, nan 
117.125, 52.875, 2.2531746116979857e-23, nan 
117.375, 52.875, 3.8633825908107644e-23, nan 
117.625, 52.875, 2.841329591773877e-23, nan 
117.875, 52.875, 9.691700651000168e-24, nan 
118.125, 52.875, 1.5442466455289745e-23, nan 
118.375, 52.875, 1.8615663867401475e-23, nan 
118.625, 52.875, 1.7356676421085497e-23, nan 
118.875, 52.875, 1.8670001326280306e-23, nan 
119.125, 52.875, 4.2092238890384576e-23, nan 
119.375, 52.875, 4.46785577230298e-23, nan 
119.625, 52.875, 1.7972296576482285e-23, nan 
119.875, 52.875, 1.1161363571536713e-23, nan 
120.125, 52.875, 8.13497372263911e-24, nan 
120.375, 52.875, 1.0247809689523772e-23, nan 
120.625, 52.875, 1.3009145055904927e-23, nan 
120.875, 52.875, 1.2528134212780156e-23, nan 
121.125, 52.875, 2.1228336409631401e-23, nan 
121.375, 52.875, 2.3559065188887442e-23, nan 
121.625, 52.875, 2.0917606145318897e-23, nan 
121.875, 52.875, 5.316844232196584e-23, nan 
122.125, 52.875, 4.479320353169901e-23, nan 
122.375, 52.875, 1.628161678925596e-23, nan 
122.625, 52.875, 1.4147335469901072e-23, nan 
122.875, 52.875, 2.0325315798506896e-23, nan 
123.125, 52.875, 1.7947684373945758e-23, nan 
123.375, 52.875, 1.2211182591581852e-23, nan 
123.625, 52.875, 1.247922174611167e-23, nan 
123.875, 52.875, 1.1868788428819167e-23, nan 
124.125, 52.875, 3.8141914458786524e-23, nan 
124.375, 52.875, 4.783547869876553e-23, nan 
124.625, 52.875, 4.5004767384419746e-23, nan 
124.875, 52.875, 4.588613205266177e-23, nan 
125.125, 52.875, 4.2286344154387034e-23, nan 
125.375, 52.875, 3.088893041494365e-23, nan 
125.625, 52.875, 3.808612205760836e-23, nan 
125.875, 52.875, 2.9192359613882046e-23, nan 
126.125, 52.875, 2.833480648339851e-23, nan 
126.375, 52.875, 4.7973270506283966e-23, nan 
126.625, 52.875, 4.652363308247232e-23, nan 
126.875, 52.875, 1.2190549999228644e-23, nan 
127.125, 52.875, 1.0699117379616015e-23, nan 
127.375, 52.875, 1.3234153847481705e-23, nan 
127.625, 52.875, 1.5412072905356284e-23, nan 
127.875, 52.875, 1.238941259152315e-23, nan 
128.125, 52.875, 7.937024852100758e-24, nan 
128.375, 52.875, 1.462441367987785e-23, nan 
128.625, 52.875, 1.9081994177082322e-23, nan 
128.875, 52.875, 1.1385383766896955e-23, nan 
129.125, 52.875, 1.2532887404634213e-23, nan 
129.375, 52.875, 5.080351085705072e-24, nan 
129.625, 52.875, 8.738059805478265e-24, nan 
129.875, 52.875, 1.313761412689734e-23, nan 
130.125, 52.875, 1.0676557514355147e-23, nan 
130.375, 52.875, 1.0703060899817104e-23, nan 
130.625, 52.875, 1.3592897761260487e-23, nan 
130.875, 52.875, 2.0368695345316786e-23, nan 
131.125, 52.875, 2.1449380129633147e-23, nan 
131.375, 52.875, 5.307128623304094e-23, nan 
131.625, 52.875, 4.8467991223395016e-23, nan 
131.875, 52.875, 8.31440791557372e-24, nan 
132.125, 52.875, 1.2033381860215853e-23, nan 
132.375, 52.875, 1.1368220587041476e-23, nan 
132.625, 52.875, 8.1088541943742e-24, nan 
132.875, 52.875, 1.0771813879529654e-23, nan 
133.125, 52.875, 8.149850895070848e-24, nan 
133.375, 52.875, 6.393808812161877e-24, nan 
133.625, 52.875, 5.107433651746812e-24, nan 
133.875, 52.875, 6.832805676029243e-24, nan 
134.125, 52.875, 7.158604013542164e-24, nan 
134.375, 52.875, 8.468091376708731e-24, nan 
134.625, 52.875, 1.550175537598742e-23, nan 
134.875, 52.875, 1.4303002429563576e-23, nan 
135.125, 52.875, 1.3390420286742123e-23, nan 
135.375, 52.875, 1.5406652900689675e-23, nan 
135.625, 52.875, 6.783270465399683e-24, nan 
135.875, 52.875, 3.261610406909568e-24, nan 
136.125, 52.875, 7.468416218177855e-24, nan 
136.375, 52.875, 8.17451961805139e-24, nan 
136.625, 52.875, 7.059230537299738e-24, nan 
136.875, 52.875, 6.277202132683449e-24, nan 
137.125, 52.875, 1.36208056545654e-23, nan 
137.375, 52.875, 1.914413256805108e-23, nan 
137.625, 52.875, 1.5370479286800123e-23, nan 
137.875, 52.875, 1.126417312739261e-23, nan 
138.125, 52.875, 1.282175887307223e-23, nan 
138.375, 52.875, 1.6371962470413392e-23, nan 
138.625, 52.875, 1.7675824017954045e-23, nan 
138.875, 52.875, 8.965512427675917e-24, nan 
139.125, 52.875, 5.960491812209604e-24, nan 
139.375, 52.875, 9.583454227216439e-24, nan 
139.625, 52.875, 1.9343364695831718e-23, nan 
139.875, 52.875, 1.7890750292102427e-23, nan 
140.125, 52.875, 9.165078946620733e-24, nan 
140.375, 52.875, 4.065292426663051e-24, nan 
140.625, 52.875, 2.881395910543065e-24, nan 
140.875, 52.875, 2.022652277970673e-24, nan 
141.125, 52.875, 2.8619976430452435e-24, nan 
141.375, 52.875, 4.035716022740763e-24, nan 
141.625, 52.875, 4.83262848176124e-24, nan 
141.875, 52.875, 6.831138885281837e-24, nan 
142.125, 52.875, 6.163721044572444e-24, nan 
142.375, 52.875, 3.524698236614577e-24, nan 
142.625, 52.875, 2.105634825150188e-24, nan 
142.875, 52.875, 4.4705943156368665e-24, nan 
143.125, 52.875, 6.1880988571982804e-24, nan 
143.375, 52.875, 5.911062369841853e-24, nan 
143.625, 52.875, 3.7808237171789634e-24, nan 
143.875, 52.875, 8.054407828381587e-24, nan 
144.125, 52.875, 5.884398560398688e-24, nan 
144.375, 52.875, 2.0495362231857157e-24, nan 
144.625, 52.875, 9.061708763624092e-24, nan 
144.875, 52.875, 4.752995543438184e-24, nan 
145.125, 52.875, 4.016547127617444e-24, nan 
145.375, 52.875, 9.951964188560685e-24, nan 
145.625, 52.875, 1.6706798804818594e-23, nan 
145.875, 52.875, 2.141779969049331e-23, nan 
146.125, 52.875, 1.6602643151352916e-23, nan 
146.375, 52.875, 9.45106388968358e-24, nan 
146.625, 52.875, 8.126606262036715e-24, nan 
146.875, 52.875, 9.146580475148157e-24, nan 
147.125, 52.875, 5.70537557766699e-24, nan 
147.375, 52.875, 1.1119849492885516e-23, nan 
147.625, 52.875, 1.3151493804859904e-23, nan 
147.875, 52.875, 7.669790943668666e-24, nan 
148.125, 52.875, 4.9798519807070344e-24, nan 
148.375, 52.875, 3.905206957774257e-24, nan 
148.625, 52.875, 2.2930770975391562e-24, nan 
148.875, 52.875, 3.927867957513035e-24, nan 
149.125, 52.875, 5.370907336107025e-24, nan 
149.375, 52.875, 5.7197176221530615e-24, nan 
149.625, 52.875, 3.113559119252313e-24, nan 
149.875, 52.875, 3.3463943232630515e-24, nan 
150.125, 52.875, 5.318576032428603e-24, nan 
150.375, 52.875, 4.9497719995370075e-24, nan 
150.625, 52.875, 4.199454420488308e-24, nan 
150.875, 52.875, 4.4595008577006665e-24, nan 
151.125, 52.875, 6.0799028632834455e-24, nan 
151.375, 52.875, 4.904174249247265e-24, nan 
151.625, 52.875, 5.443486395828138e-24, nan 
151.875, 52.875, 9.128899590654153e-24, nan 
152.125, 52.875, 7.802941039226054e-24, nan 
152.375, 52.875, 2.0365425079632346e-24, nan 
152.625, 52.875, 2.2001891808449348e-24, nan 
152.875, 52.875, 2.4766938766033125e-24, nan 
153.125, 52.875, 2.730325800222071e-24, nan 
153.375, 52.875, 4.02949607583723e-24, nan 
153.625, 52.875, 5.753504256007145e-24, nan 
153.875, 52.875, 3.7512824268513226e-24, nan 
154.125, 52.875, 3.609685956224016e-24, nan 
79.375, 53.125, 3.3621906412197725e-23, nan 
79.625, 53.125, 3.1105317905453785e-23, nan 
79.875, 53.125, 8.911793797675745e-24, nan 
80.125, 53.125, 9.74164036259518e-24, nan 
80.375, 53.125, 6.266345293162868e-24, nan 
80.625, 53.125, 1.55720001435049e-23, nan 
80.875, 53.125, 1.4785299823494635e-23, nan 
81.125, 53.125, 2.3916683283831118e-23, nan 
81.375, 53.125, 2.3703381061167853e-23, nan 
81.625, 53.125, 1.7644400377719726e-23, nan 
81.875, 53.125, 1.370926416819769e-23, nan 
82.125, 53.125, 1.354763935910875e-23, nan 
82.375, 53.125, 2.104851423073623e-23, nan 
82.625, 53.125, 2.4924424654985862e-23, nan 
82.875, 53.125, 2.6120420858562747e-23, nan 
83.125, 53.125, 3.950882583606225e-23, nan 
83.375, 53.125, 3.4128314421106037e-23, nan 
83.625, 53.125, 1.2544539330348099e-23, nan 
83.875, 53.125, 9.129767819718067e-24, nan 
84.125, 53.125, 1.340597968378488e-23, nan 
84.375, 53.125, 1.529248462170344e-23, nan 
84.625, 53.125, 1.0442503193923877e-23, nan 
84.875, 53.125, 1.491688274425357e-23, nan 
85.125, 53.125, 1.6199810659615025e-23, nan 
85.375, 53.125, 1.4137099020542427e-23, nan 
85.625, 53.125, 3.443119664642745e-23, nan 
85.875, 53.125, 3.918115707183578e-23, nan 
86.125, 53.125, 2.301776388590562e-23, nan 
86.375, 53.125, 1.5850489810185672e-23, nan 
86.625, 53.125, 1.549578548507072e-23, nan 
86.875, 53.125, 2.185717306133934e-23, nan 
87.125, 53.125, 3.3406736671330736e-23, nan 
87.375, 53.125, 3.4445890018029177e-23, nan 
87.625, 53.125, 4.160517392140688e-23, nan 
87.875, 53.125, 2.2358833581567195e-23, nan 
88.125, 53.125, 1.594202353675356e-23, nan 
88.375, 53.125, 2.0971559486369133e-23, nan 
88.625, 53.125, 2.6028653824986916e-23, nan 
88.875, 53.125, 2.404885223413618e-23, nan 
89.125, 53.125, 1.4145429272711593e-23, nan 
89.375, 53.125, 1.952496750609238e-23, nan 
89.625, 53.125, 2.0751037792714716e-23, nan 
89.875, 53.125, 2.1003831312984314e-23, nan 
90.125, 53.125, 1.6836914755718683e-23, nan 
90.375, 53.125, 1.7240456028570916e-23, nan 
90.625, 53.125, 1.5157407925589347e-23, nan 
90.875, 53.125, 2.0720421238650116e-23, nan 
91.125, 53.125, 2.0163964812792204e-23, nan 
91.375, 53.125, 1.7533167217380688e-23, nan 
91.625, 53.125, 2.6579997656314514e-23, nan 
91.875, 53.125, 2.1355781349831124e-23, nan 
92.125, 53.125, 1.9926456295023968e-23, nan 
92.375, 53.125, 3.934066397246941e-23, nan 
92.625, 53.125, 3.235352689437114e-23, nan 
92.875, 53.125, 1.873011851050858e-23, nan 
93.125, 53.125, 2.667790658834444e-23, nan 
93.375, 53.125, 2.707358458276929e-23, nan 
93.625, 53.125, 2.006813952473877e-23, nan 
93.875, 53.125, 2.6407421931803523e-23, nan 
94.125, 53.125, 3.415752925333541e-23, nan 
94.375, 53.125, 3.068095181757593e-23, nan 
94.625, 53.125, 1.5322372578198227e-23, nan 
94.875, 53.125, 1.591475749837714e-23, nan 
95.125, 53.125, 1.2803394706584062e-23, nan 
95.375, 53.125, 1.029945176948918e-23, nan 
95.625, 53.125, 1.709069308126083e-23, nan 
95.875, 53.125, 1.476382452184416e-23, nan 
96.125, 53.125, 8.685449177251457e-24, nan 
96.375, 53.125, 6.171465214412056e-24, nan 
96.625, 53.125, 2.585562691083825e-23, nan 
96.875, 53.125, 3.8179049304836475e-23, nan 
97.125, 53.125, 3.443269984541466e-23, nan 
97.375, 53.125, 3.8805569861950114e-23, nan 
97.625, 53.125, 3.093404005347048e-23, nan 
97.875, 53.125, 1.692570492783397e-23, nan 
98.125, 53.125, 1.1915767407998225e-23, nan 
98.375, 53.125, 1.9716696881669858e-23, nan 
98.625, 53.125, 2.484245092255673e-23, nan 
98.875, 53.125, 3.408293865859653e-23, nan 
99.125, 53.125, 2.8352068330817436e-23, nan 
99.375, 53.125, 3.047394987272229e-23, nan 
99.625, 53.125, 2.4595493803251996e-23, nan 
99.875, 53.125, 1.2333328110132687e-23, nan 
100.125, 53.125, 3.6276230682218043e-23, nan 
100.375, 53.125, 3.3360491511541037e-23, nan 
100.625, 53.125, 2.5547399380524824e-23, nan 
100.875, 53.125, 5.591597684484136e-23, nan 
101.125, 53.125, 7.041960918949681e-23, nan 
101.375, 53.125, 5.310251656062899e-23, nan 
101.625, 53.125, 3.126886252924465e-23, nan 
101.875, 53.125, 9.759566901274216e-23, nan 
102.125, 53.125, 8.888234494043685e-23, nan 
102.375, 53.125, 2.237648358853759e-23, nan 
102.625, 53.125, 1.2962171605095715e-23, nan 
102.875, 53.125, 1.0326312980463428e-23, nan 
103.125, 53.125, 1.940590984023462e-23, nan 
103.375, 53.125, 2.873237692404656e-23, nan 
103.625, 53.125, 3.398860458615838e-23, nan 
103.875, 53.125, 4.2067712336895476e-23, nan 
104.125, 53.125, 5.889943642844022e-23, nan 
104.375, 53.125, 4.1655014665462344e-23, nan 
104.625, 53.125, 1.9234856951507383e-23, nan 
104.875, 53.125, 1.6326513518886038e-23, nan 
105.125, 53.125, 3.9222370195492136e-23, nan 
105.375, 53.125, 4.090676542778279e-23, nan 
105.625, 53.125, 1.7030198258179683e-23, nan 
105.875, 53.125, 2.5309765150050096e-23, nan 
106.125, 53.125, 3.160664691817828e-23, nan 
106.375, 53.125, 2.2339040797206973e-23, nan 
106.625, 53.125, 1.4449125964854524e-23, nan 
106.875, 53.125, 2.1697961249924596e-23, nan 
107.125, 53.125, 2.1019140065063308e-23, nan 
107.375, 53.125, 1.8196706431238985e-23, nan 
107.625, 53.125, 1.3622631129286038e-23, nan 
107.875, 53.125, 2.1007339186677182e-23, nan 
108.125, 53.125, 1.2842982413773529e-23, nan 
108.375, 53.125, 1.6519067121271917e-23, nan 
108.625, 53.125, 1.7549848760116236e-23, nan 
108.875, 53.125, 1.4891311859444198e-23, nan 
109.125, 53.125, 2.6193170716758533e-23, nan 
109.375, 53.125, 2.3546040884215644e-23, nan 
109.625, 53.125, 3.7721375518027156e-23, nan 
109.875, 53.125, 7.652057907164359e-23, nan 
110.125, 53.125, 9.628405049295782e-23, nan 
110.375, 53.125, 9.05667093023736e-23, nan 
110.625, 53.125, 7.481223263305116e-23, nan 
110.875, 53.125, 2.1069396549885022e-23, nan 
111.125, 53.125, 2.503514366427835e-23, nan 
111.375, 53.125, 2.4117321417478783e-23, nan 
111.625, 53.125, 1.1934859940082835e-23, nan 
111.875, 53.125, 8.725544156073755e-24, nan 
112.125, 53.125, 1.7137031284843226e-23, nan 
112.375, 53.125, 1.7409511050095874e-23, nan 
112.625, 53.125, 2.5335722137805795e-23, nan 
112.875, 53.125, 2.8841092362991366e-23, nan 
113.125, 53.125, 3.9102632173710206e-23, nan 
113.375, 53.125, 3.1197985029640636e-23, nan 
113.625, 53.125, 1.7273912405469003e-23, nan 
113.875, 53.125, 2.5515784204111687e-23, nan 
114.125, 53.125, 2.664831063818351e-23, nan 
114.375, 53.125, 3.687484139221667e-23, nan 
114.625, 53.125, 4.3878408471751745e-23, nan 
114.875, 53.125, 1.9844610949179983e-23, nan 
115.125, 53.125, 1.457705471995779e-23, nan 
115.375, 53.125, 2.2336541967939e-23, nan 
115.625, 53.125, 2.2808631252409762e-23, nan 
115.875, 53.125, 1.974311630025769e-23, nan 
116.125, 53.125, 2.8700518621229096e-23, nan 
116.375, 53.125, 2.761605388030848e-23, nan 
116.625, 53.125, 1.1718989909494973e-23, nan 
116.875, 53.125, 2.0704423674335016e-23, nan 
117.125, 53.125, 2.1846496201183697e-23, nan 
117.375, 53.125, 4.398742532479852e-23, nan 
117.625, 53.125, 4.090396760640323e-23, nan 
117.875, 53.125, 1.357984252237703e-23, nan 
118.125, 53.125, 1.7000386409466414e-23, nan 
118.375, 53.125, 1.3203297926022926e-23, nan 
118.625, 53.125, 1.1716378524922468e-23, nan 
118.875, 53.125, 6.932868902994055e-24, nan 
119.125, 53.125, 2.4233642181020946e-23, nan 
119.375, 53.125, 4.801203697065836e-23, nan 
119.625, 53.125, 3.960467715314209e-23, nan 
119.875, 53.125, 1.4610564721086005e-23, nan 
120.125, 53.125, 1.6948504793055174e-23, nan 
120.375, 53.125, 1.7232259918591556e-23, nan 
120.625, 53.125, 1.2831998221407616e-23, nan 
120.875, 53.125, 2.0582594854869975e-23, nan 
121.125, 53.125, 2.3360928062421615e-23, nan 
121.375, 53.125, 2.539320077088324e-23, nan 
121.625, 53.125, 2.3195381578687668e-23, nan 
121.875, 53.125, 4.2597731722132726e-23, nan 
122.125, 53.125, 4.903446739455791e-23, nan 
122.375, 53.125, 2.3473856864543558e-23, nan 
122.625, 53.125, 2.5989670731617637e-23, nan 
122.875, 53.125, 1.9031491340412805e-23, nan 
123.125, 53.125, 1.0882700661549873e-23, nan 
123.375, 53.125, 9.763951968593899e-24, nan 
123.625, 53.125, 2.0046354583419897e-23, nan 
123.875, 53.125, 3.612295754397189e-23, nan 
124.125, 53.125, 4.76528357895557e-23, nan 
124.375, 53.125, 2.0870104186320637e-23, nan 
124.625, 53.125, 2.166758886534485e-23, nan 
124.875, 53.125, 3.260119012506121e-23, nan 
125.125, 53.125, 3.195228713561137e-23, nan 
125.375, 53.125, 3.944951379108185e-23, nan 
125.625, 53.125, 4.745761437270123e-23, nan 
125.875, 53.125, 2.923357992303946e-23, nan 
126.125, 53.125, 6.776250397527892e-23, nan 
126.375, 53.125, 7.241003967947681e-23, nan 
126.625, 53.125, 7.914444690810103e-23, nan 
126.875, 53.125, 8.328948724373159e-23, nan 
127.125, 53.125, 2.1995709282775012e-23, nan 
127.375, 53.125, 1.9468980346606806e-23, nan 
127.625, 53.125, 2.658348343169542e-23, nan 
127.875, 53.125, 2.1262725623669224e-23, nan 
128.125, 53.125, 1.0585289902197629e-23, nan 
128.375, 53.125, 1.0275820043528287e-23, nan 
128.625, 53.125, 1.7146772830345274e-23, nan 
128.875, 53.125, 1.4874449049743168e-23, nan 
129.125, 53.125, 5.0649587929790884e-24, nan 
129.375, 53.125, 6.0545380159022024e-24, nan 
129.625, 53.125, 8.875038967175053e-24, nan 
129.875, 53.125, 7.78312674687522e-24, nan 
130.125, 53.125, 5.921344371089567e-24, nan 
130.375, 53.125, 1.7418855464078045e-23, nan 
130.625, 53.125, 1.7498679721426587e-23, nan 
130.875, 53.125, 1.4007554593962666e-23, nan 
131.125, 53.125, 2.874999662601025e-23, nan 
131.375, 53.125, 2.541240783969756e-23, nan 
131.625, 53.125, 4.6767419076399266e-23, nan 
131.875, 53.125, 4.6265151636730075e-23, nan 
132.125, 53.125, 1.4425151447734292e-23, nan 
132.375, 53.125, 6.75732580461424e-24, nan 
132.625, 53.125, 2.0291922608684324e-23, nan 
132.875, 53.125, 2.5131964720084287e-23, nan 
133.125, 53.125, 1.8646521732516615e-23, nan 
133.375, 53.125, 1.562803411266455e-23, nan 
133.625, 53.125, 6.135183315945528e-24, nan 
133.875, 53.125, 3.2654754617934868e-24, nan 
134.125, 53.125, 1.0657282915819726e-23, nan 
134.375, 53.125, 1.4061696408285897e-23, nan 
134.625, 53.125, 1.3890607869262908e-23, nan 
134.875, 53.125, 1.5891869569201376e-23, nan 
135.125, 53.125, 1.7598770893366273e-23, nan 
135.375, 53.125, 1.9784905961491775e-23, nan 
135.625, 53.125, 1.3183544558388545e-23, nan 
135.875, 53.125, 4.887249122905719e-24, nan 
136.125, 53.125, 2.18046400026292e-24, nan 
136.375, 53.125, 6.2379248823317325e-24, nan 
136.625, 53.125, 9.47851164604873e-24, nan 
136.875, 53.125, 1.6093606856233889e-23, nan 
137.125, 53.125, 1.6917009032262376e-23, nan 
137.375, 53.125, 1.2358164068850198e-23, nan 
137.625, 53.125, 1.983941574514887e-23, nan 
137.875, 53.125, 2.008382247695874e-23, nan 
138.125, 53.125, 1.4225738624178386e-23, nan 
138.375, 53.125, 2.6144294017207163e-23, nan 
138.625, 53.125, 2.671038606376917e-23, nan 
138.875, 53.125, 1.0110876112258144e-23, nan 
139.125, 53.125, 7.9813285533994e-24, nan 
139.375, 53.125, 1.1745504275175881e-23, nan 
139.625, 53.125, 1.264641152557e-23, nan 
139.875, 53.125, 1.0214722966121432e-23, nan 
140.125, 53.125, 1.1453110952651261e-23, nan 
140.375, 53.125, 7.71498072455191e-24, nan 
140.625, 53.125, 3.512144205373391e-24, nan 
140.875, 53.125, 4.618508605448947e-24, nan 
141.125, 53.125, 5.128889404657609e-24, nan 
141.375, 53.125, 8.160953722202106e-24, nan 
141.625, 53.125, 9.598319554275372e-24, nan 
141.875, 53.125, 3.933613111100824e-24, nan 
142.125, 53.125, 2.8667580311983042e-24, nan 
142.375, 53.125, 1.3023074692403162e-24, nan 
142.625, 53.125, 2.2381295437889203e-24, nan 
142.875, 53.125, 3.593370613452479e-24, nan 
143.125, 53.125, 6.3347084301153894e-24, nan 
143.375, 53.125, 7.69508828199453e-24, nan 
143.625, 53.125, 5.866444557993436e-24, nan 
143.875, 53.125, 7.134983424136959e-24, nan 
144.125, 53.125, 8.908311807021605e-24, nan 
144.375, 53.125, 1.540400182105446e-23, nan 
144.625, 53.125, 1.1635393928570237e-23, nan 
144.875, 53.125, 1.1621073948639944e-23, nan 
145.125, 53.125, 7.776294363706674e-24, nan 
145.375, 53.125, 6.4503977807110715e-24, nan 
145.625, 53.125, 2.0631637891787893e-23, nan 
145.875, 53.125, 2.0048117231114065e-23, nan 
146.125, 53.125, 1.2503476953697219e-23, nan 
146.375, 53.125, 1.2284104051156107e-23, nan 
146.625, 53.125, 1.0360105335867911e-23, nan 
146.875, 53.125, 5.084695845135886e-24, nan 
147.125, 53.125, 3.0967121228010716e-24, nan 
147.375, 53.125, 5.938201572201606e-24, nan 
147.625, 53.125, 7.023797407110672e-24, nan 
147.875, 53.125, 4.367138357902643e-24, nan 
148.125, 53.125, 6.1518903877709726e-24, nan 
148.375, 53.125, 5.100689968864115e-24, nan 
148.625, 53.125, 4.9125203836790694e-24, nan 
148.875, 53.125, 3.5160033513302076e-24, nan 
149.125, 53.125, 4.1145104158969506e-24, nan 
149.375, 53.125, 5.393590357438075e-24, nan 
149.625, 53.125, 3.4155842696221506e-24, nan 
149.875, 53.125, 1.6079517968053303e-24, nan 
150.125, 53.125, 3.990094716891093e-24, nan 
150.375, 53.125, 3.972125785133297e-24, nan 
150.625, 53.125, 7.048801793842402e-24, nan 
150.875, 53.125, 9.760003949573784e-24, nan 
151.125, 53.125, 8.475304714030447e-24, nan 
151.375, 53.125, 9.585283751460643e-24, nan 
151.625, 53.125, 7.059950971603787e-24, nan 
151.875, 53.125, 7.22578181238804e-24, nan 
152.125, 53.125, 5.341315061937727e-24, nan 
152.375, 53.125, 2.2350942508753315e-24, nan 
152.625, 53.125, 1.031209550807977e-24, nan 
152.875, 53.125, 8.605406726145947e-25, nan 
153.125, 53.125, 8.922176951931033e-25, nan 
153.375, 53.125, 5.887789145760839e-24, nan 
153.625, 53.125, 6.244786044243013e-24, nan 
153.875, 53.125, 4.128497077577948e-24, nan 
154.125, 53.125, 4.157054534253644e-24, nan 
154.375, 53.125, 2.5809828273166152e-24, nan 
154.625, 53.125, 9.352871941114172e-25, nan 
78.375, 53.375, 2.5174313173578794e-23, nan 
78.625, 53.375, 1.8127045487538007e-23, nan 
78.875, 53.375, 1.6682292195893164e-23, nan 
79.125, 53.375, 2.2076722789957493e-23, nan 
79.375, 53.375, 1.6707943698472033e-23, nan 
79.625, 53.375, 1.4145662884065338e-23, nan 
79.875, 53.375, 1.3722890590976496e-23, nan 
80.125, 53.375, 1.7934167837437912e-23, nan 
80.375, 53.375, 3.1370252137190736e-23, nan 
80.625, 53.375, 2.856160199895033e-23, nan 
80.875, 53.375, 1.7433976166664287e-23, nan 
81.125, 53.375, 1.943577356501515e-23, nan 
81.375, 53.375, 5.136635811135238e-24, nan 
81.625, 53.375, 1.3099699378225528e-23, nan 
81.875, 53.375, 1.4023458690137492e-23, nan 
82.125, 53.375, 7.41034064947368e-24, nan 
82.375, 53.375, 2.1416861856065557e-23, nan 
82.625, 53.375, 3.06016342040128e-23, nan 
82.875, 53.375, 2.6540518896875154e-23, nan 
83.125, 53.375, 3.051294007606545e-23, nan 
83.375, 53.375, 2.5607077279874713e-23, nan 
83.625, 53.375, 9.597311663524714e-24, nan 
83.875, 53.375, 1.402267427528931e-23, nan 
84.125, 53.375, 1.907664990705829e-23, nan 
84.375, 53.375, 1.3346939666856354e-23, nan 
84.625, 53.375, 1.0634530896149589e-23, nan 
84.875, 53.375, 2.0083058487388236e-23, nan 
85.125, 53.375, 1.970434246990829e-23, nan 
85.375, 53.375, 2.4801389114336512e-23, nan 
85.625, 53.375, 3.640765078749654e-23, nan 
85.875, 53.375, 3.516900542584237e-23, nan 
86.125, 53.375, 1.6856982218403864e-23, nan 
86.375, 53.375, 1.2822032275953012e-23, nan 
86.625, 53.375, 2.368912051884011e-23, nan 
86.875, 53.375, 5.226606010523285e-23, nan 
87.125, 53.375, 4.125832398874973e-23, nan 
87.375, 53.375, 1.2834522537167345e-23, nan 
87.625, 53.375, 1.1923562639382048e-23, nan 
87.875, 53.375, 3.7712515958986283e-23, nan 
88.125, 53.375, 3.444447433702205e-23, nan 
88.375, 53.375, 1.1992183708407631e-23, nan 
88.625, 53.375, 2.0248048104741753e-23, nan 
88.875, 53.375, 2.0124580389280754e-23, nan 
89.125, 53.375, 8.532147831767728e-24, nan 
89.375, 53.375, 1.7604414496473198e-23, nan 
89.625, 53.375, 2.1054509708733617e-23, nan 
89.875, 53.375, 2.1396038987958835e-23, nan 
90.125, 53.375, 2.1198605360875823e-23, nan 
90.375, 53.375, 3.784366352648808e-23, nan 
90.625, 53.375, 3.1470766441000703e-23, nan 
90.875, 53.375, 1.1832783052228729e-23, nan 
91.125, 53.375, 1.2481563854404469e-23, nan 
91.375, 53.375, 2.018580816212032e-23, nan 
91.625, 53.375, 2.0046885041312224e-23, nan 
91.875, 53.375, 2.0773339356856387e-23, nan 
92.125, 53.375, 7.412153847689074e-23, nan 
92.375, 53.375, 7.798196603414647e-23, nan 
92.625, 53.375, 5.0939934261028246e-23, nan 
92.875, 53.375, 4.246936080610188e-23, nan 
93.125, 53.375, 2.0369565996886583e-23, nan 
93.375, 53.375, 2.3589932632337588e-23, nan 
93.625, 53.375, 1.652224823567984e-23, nan 
93.875, 53.375, 1.9434976845780616e-23, nan 
94.125, 53.375, 2.396525980075007e-23, nan 
94.375, 53.375, 2.4892521982356288e-23, nan 
94.625, 53.375, 2.125072644948261e-23, nan 
94.875, 53.375, 2.1120822060395638e-23, nan 
95.125, 53.375, 1.4685478451996314e-23, nan 
95.375, 53.375, 1.1899921199970306e-23, nan 
95.625, 53.375, 1.1230143437094532e-23, nan 
95.875, 53.375, 1.5969888601380808e-23, nan 
96.125, 53.375, 1.0307802247193813e-23, nan 
96.375, 53.375, 1.0585226112755338e-23, nan 
96.625, 53.375, 1.8210782873300897e-23, nan 
96.875, 53.375, 4.5996988242500154e-23, nan 
97.125, 53.375, 4.9904342780427315e-23, nan 
97.375, 53.375, 6.475629372829315e-23, nan 
97.625, 53.375, 5.501362736723479e-23, nan 
97.875, 53.375, 1.9600098519677157e-23, nan 
98.125, 53.375, 1.6499618833891635e-23, nan 
98.375, 53.375, 1.6210659067151586e-23, nan 
98.625, 53.375, 8.960398915262401e-24, nan 
98.875, 53.375, 1.284239235942451e-23, nan 
99.125, 53.375, 1.9943670771270858e-23, nan 
99.375, 53.375, 3.7103483492280376e-23, nan 
99.625, 53.375, 3.5161170807988996e-23, nan 
99.875, 53.375, 2.283790412950902e-23, nan 
100.125, 53.375, 2.841237470822823e-23, nan 
100.375, 53.375, 3.6107967660065005e-23, nan 
100.625, 53.375, 2.732562530228423e-23, nan 
100.875, 53.375, 6.813285055541339e-23, nan 
101.125, 53.375, 8.449511235491592e-23, nan 
101.375, 53.375, 6.703796189157257e-23, nan 
101.625, 53.375, 8.077367709263336e-23, nan 
101.875, 53.375, 1.1870607046607282e-22, nan 
102.125, 53.375, 1.1015057428718914e-22, nan 
102.375, 53.375, 3.5632680707265964e-23, nan 
102.625, 53.375, 2.9922095824922697e-23, nan 
102.875, 53.375, 3.107910006597211e-23, nan 
103.125, 53.375, 3.5136670778043904e-23, nan 
103.375, 53.375, 3.6830535830080055e-23, nan 
103.625, 53.375, 4.995612685010552e-23, nan 
103.875, 53.375, 3.2879112906710694e-23, nan 
104.125, 53.375, 4.21951734649568e-23, nan 
104.375, 53.375, 3.995052511924473e-23, nan 
104.625, 53.375, 3.516562065721682e-23, nan 
104.875, 53.375, 3.747088335616986e-23, nan 
105.125, 53.375, 3.8615039594827194e-23, nan 
105.375, 53.375, 4.525899867587395e-23, nan 
105.625, 53.375, 3.692501859676472e-23, nan 
105.875, 53.375, 2.4723996678521906e-23, nan 
106.125, 53.375, 2.7015279703558015e-23, nan 
106.375, 53.375, 3.1636264729753745e-23, nan 
106.625, 53.375, 2.1713670895281527e-23, nan 
106.875, 53.375, 3.3787383086238105e-24, nan 
107.125, 53.375, 9.95475602350532e-24, nan 
107.375, 53.375, 1.0642347882531777e-23, nan 
107.625, 53.375, 1.1972973427129761e-23, nan 
107.875, 53.375, 2.048031432702891e-23, nan 
108.125, 53.375, 1.8599710109616208e-23, nan 
108.375, 53.375, 8.669901072157548e-24, nan 
108.625, 53.375, 1.233509194077984e-23, nan 
108.875, 53.375, 1.844212342975201e-23, nan 
109.125, 53.375, 3.1874394323694576e-23, nan 
109.375, 53.375, 3.664056913074054e-23, nan 
109.625, 53.375, 2.825334154580453e-23, nan 
109.875, 53.375, 4.490313402130674e-23, nan 
110.125, 53.375, 7.266277472735225e-23, nan 
110.375, 53.375, 6.604822533731078e-23, nan 
110.625, 53.375, 3.971672876208629e-23, nan 
110.875, 53.375, 4.1802578025408075e-23, nan 
111.125, 53.375, 4.131010695295471e-23, nan 
111.375, 53.375, 3.1219315925184866e-23, nan 
111.625, 53.375, 3.599411636024382e-23, nan 
111.875, 53.375, 3.765562203762435e-23, nan 
112.125, 53.375, 3.205246969456791e-23, nan 
112.375, 53.375, 1.7851426817187977e-23, nan 
112.625, 53.375, 2.4506088480273537e-23, nan 
112.875, 53.375, 2.801910240369458e-23, nan 
113.125, 53.375, 1.9165922046546712e-23, nan 
113.375, 53.375, 2.3393004305532175e-23, nan 
113.625, 53.375, 2.315884426757216e-23, nan 
113.875, 53.375, 1.553680143426363e-23, nan 
114.125, 53.375, 1.9900181480408055e-23, nan 
114.375, 53.375, 2.4097085839716392e-23, nan 
114.625, 53.375, 1.0521641045852647e-23, nan 
114.875, 53.375, 1.9362352610358163e-23, nan 
115.125, 53.375, 2.4096615606890196e-23, nan 
115.375, 53.375, 2.1410986119548197e-23, nan 
115.625, 53.375, 2.276882079499159e-23, nan 
115.875, 53.375, 2.5232072380006973e-23, nan 
116.125, 53.375, 3.303982716989209e-23, nan 
116.375, 53.375, 2.9331609669613395e-23, nan 
116.625, 53.375, 1.797735431576769e-23, nan 
116.875, 53.375, 3.8956805821324256e-23, nan 
117.125, 53.375, 3.656061222574436e-23, nan 
117.375, 53.375, 4.8369215896614756e-23, nan 
117.625, 53.375, 4.840612956792282e-23, nan 
117.875, 53.375, 1.5149212172413568e-23, nan 
118.125, 53.375, 2.350389025499953e-23, nan 
118.375, 53.375, 3.176835871842571e-23, nan 
118.625, 53.375, 2.76134303336781e-23, nan 
118.875, 53.375, 2.114106413011969e-23, nan 
119.125, 53.375, 3.398609998402041e-23, nan 
119.375, 53.375, 4.4081391848886935e-23, nan 
119.625, 53.375, 2.855187085934353e-23, nan 
119.875, 53.375, 1.0644588420377636e-23, nan 
120.125, 53.375, 1.8018464797053802e-23, nan 
120.375, 53.375, 2.0700461596861924e-23, nan 
120.625, 53.375, 1.3357442825068212e-23, nan 
120.875, 53.375, 1.620795192542672e-23, nan 
121.125, 53.375, 1.6344805821015887e-23, nan 
121.375, 53.375, 2.965088842259703e-23, nan 
121.625, 53.375, 3.255240632375935e-23, nan 
121.875, 53.375, 2.1549319277950997e-23, nan 
122.125, 53.375, 4.073970170248359e-23, nan 
122.375, 53.375, 3.3799266445278764e-23, nan 
122.625, 53.375, 2.407932312531795e-23, nan 
122.875, 53.375, 1.8873895045283322e-23, nan 
123.125, 53.375, 1.474564420459536e-23, nan 
123.375, 53.375, 1.9145541939005914e-23, nan 
123.625, 53.375, 2.697395557156177e-23, nan 
123.875, 53.375, 2.4598442621283014e-23, nan 
124.125, 53.375, 7.312459611433664e-23, nan 
124.375, 53.375, 6.247557741718223e-23, nan 
124.625, 53.375, 1.2441747188313276e-23, nan 
124.875, 53.375, 2.542767940902408e-23, nan 
125.125, 53.375, 5.369808954149335e-23, nan 
125.375, 53.375, 5.331387828524555e-23, nan 
125.625, 53.375, 3.984088276418327e-23, nan 
125.875, 53.375, 4.916868185327094e-23, nan 
126.125, 53.375, 5.77569952536568e-23, nan 
126.375, 53.375, 2.49677866253779e-23, nan 
126.625, 53.375, 2.3339977425701022e-23, nan 
126.875, 53.375, 9.324395511392732e-23, nan 
127.125, 53.375, 9.110169625783373e-23, nan 
127.375, 53.375, 6.054595477541286e-23, nan 
127.625, 53.375, 3.001410314060759e-23, nan 
127.875, 53.375, 2.0890230512717733e-23, nan 
128.125, 53.375, 9.310284028757361e-24, nan 
128.375, 53.375, 5.6390873068689845e-24, nan 
128.625, 53.375, 8.251261533150213e-24, nan 
128.875, 53.375, 9.503958526693891e-24, nan 
129.125, 53.375, 4.842959562014772e-24, nan 
129.375, 53.375, 5.144667749467551e-24, nan 
129.625, 53.375, 1.4870409118071082e-23, nan 
129.875, 53.375, 1.7458696882335394e-23, nan 
130.125, 53.375, 1.100814049504514e-23, nan 
130.375, 53.375, 6.5312092145353896e-24, nan 
130.625, 53.375, 9.383837674077886e-24, nan 
130.875, 53.375, 1.3706316602306647e-23, nan 
131.125, 53.375, 2.4291433251867297e-23, nan 
131.375, 53.375, 2.386804442783104e-23, nan 
131.625, 53.375, 1.4659633017061366e-23, nan 
131.875, 53.375, 7.459509533865604e-23, nan 
132.125, 53.375, 7.044172428359083e-23, nan 
132.375, 53.375, 9.358454723108979e-24, nan 
132.625, 53.375, 6.686548627838852e-24, nan 
132.875, 53.375, 9.729737939969784e-24, nan 
133.125, 53.375, 1.6327899533254857e-23, nan 
133.375, 53.375, 1.561457860157923e-23, nan 
133.625, 53.375, 1.353266692317477e-23, nan 
133.875, 53.375, 1.28332690704379e-23, nan 
134.125, 53.375, 1.2667786109406178e-23, nan 
134.375, 53.375, 1.3398508156086135e-23, nan 
134.625, 53.375, 1.3807388905332904e-23, nan 
134.875, 53.375, 1.4288448927610956e-23, nan 
135.125, 53.375, 1.2846558741246847e-23, nan 
135.375, 53.375, 2.8272411638242296e-23, nan 
135.625, 53.375, 2.5832848870369856e-23, nan 
135.875, 53.375, 9.268043423074722e-24, nan 
136.125, 53.375, 7.524162031261421e-24, nan 
136.375, 53.375, 6.880363030604392e-24, nan 
136.625, 53.375, 9.291010110964288e-24, nan 
136.875, 53.375, 2.0685695309504318e-23, nan 
137.125, 53.375, 1.8975020854099808e-23, nan 
137.375, 53.375, 5.4053080404001134e-24, nan 
137.625, 53.375, 1.0202416925658796e-23, nan 
137.875, 53.375, 8.973247426710429e-24, nan 
138.125, 53.375, 1.445876621524464e-23, nan 
138.375, 53.375, 1.6158045545400987e-23, nan 
138.625, 53.375, 1.487803527614284e-23, nan 
138.875, 53.375, 1.0974850017138498e-23, nan 
139.125, 53.375, 8.793452972653808e-24, nan 
139.375, 53.375, 1.0331347483352235e-23, nan 
139.625, 53.375, 1.4627119193851915e-23, nan 
139.875, 53.375, 1.1977763268187173e-23, nan 
140.125, 53.375, 7.848863535877691e-24, nan 
140.375, 53.375, 2.7973365408455527e-24, nan 
140.625, 53.375, 1.2716729650377134e-23, nan 
140.875, 53.375, 1.4166785980909695e-23, nan 
141.125, 53.375, 5.3883136579967266e-24, nan 
141.375, 53.375, 6.701118195518605e-24, nan 
141.625, 53.375, 1.2425327097512033e-23, nan 
141.875, 53.375, 9.899232291128952e-24, nan 
142.125, 53.375, 4.176102314100284e-24, nan 
142.375, 53.375, 3.577735698019059e-24, nan 
142.625, 53.375, 2.054840353356453e-24, nan 
142.875, 53.375, 4.1706022020694646e-24, nan 
143.125, 53.375, 6.951838994143418e-24, nan 
143.375, 53.375, 5.056529591852436e-24, nan 
143.625, 53.375, 6.1960069592454884e-24, nan 
143.875, 53.375, 5.9280439013607154e-24, nan 
144.125, 53.375, 2.9178850605518013e-23, nan 
144.375, 53.375, 3.6801221687259255e-23, nan 
144.625, 53.375, 1.8893919178253924e-23, nan 
144.875, 53.375, 2.990245705924073e-23, nan 
145.125, 53.375, 2.767878107445071e-23, nan 
145.375, 53.375, 1.547626856705851e-23, nan 
145.625, 53.375, 1.3963066692378975e-23, nan 
145.875, 53.375, 4.049273240071731e-24, nan 
146.125, 53.375, 9.66704607972191e-24, nan 
146.375, 53.375, 1.0101756535678403e-23, nan 
146.625, 53.375, 6.989173215689166e-24, nan 
146.875, 53.375, 4.494015314998523e-24, nan 
147.125, 53.375, 2.1011123869185725e-24, nan 
147.375, 53.375, 8.625613376993527e-24, nan 
147.625, 53.375, 9.59168056309723e-24, nan 
147.875, 53.375, 3.348235938240238e-24, nan 
148.125, 53.375, 5.1082541009442966e-24, nan 
148.375, 53.375, 5.8266681330497095e-24, nan 
148.625, 53.375, 5.11069110772492e-24, nan 
148.875, 53.375, 8.697254795318589e-24, nan 
149.125, 53.375, 9.584405113276488e-24, nan 
149.375, 53.375, 5.693607193992981e-24, nan 
149.625, 53.375, 4.412143537750865e-24, nan 
149.875, 53.375, 2.526742166466916e-24, nan 
150.125, 53.375, 2.5560830185339407e-24, nan 
150.375, 53.375, 1.319629461926349e-24, nan 
150.625, 53.375, 5.682902731449625e-24, nan 
150.875, 53.375, 1.0741718372470175e-23, nan 
151.125, 53.375, 1.678378808078857e-23, nan 
151.375, 53.375, 1.8536842536444803e-23, nan 
151.625, 53.375, 1.1043924708383025e-23, nan 
151.875, 53.375, 1.149158482293912e-23, nan 
152.125, 53.375, 9.618886143822528e-24, nan 
152.375, 53.375, 1.8149341495318118e-24, nan 
152.625, 53.375, 1.001755055488458e-24, nan 
152.875, 53.375, 5.7433987354733705e-25, nan 
153.125, 53.375, 1.9106831206718325e-24, nan 
153.375, 53.375, 5.0586492963118754e-24, nan 
153.625, 53.375, 4.576008616389259e-24, nan 
153.875, 53.375, 2.8965367727385453e-24, nan 
154.125, 53.375, 2.8755647874675738e-24, nan 
154.375, 53.375, 1.7378510255628285e-24, nan 
154.625, 53.375, 1.1301648409720818e-24, nan 
154.875, 53.375, 4.885390366207475e-25, nan 
155.125, 53.375, 1.2817666492677595e-24, nan 
77.125, 53.625, 1.461333950415127e-23, nan 
77.375, 53.625, 1.5803592883545947e-23, nan 
77.625, 53.625, 1.6225507748116727e-23, nan 
77.875, 53.625, 1.9042811138952207e-23, nan 
78.125, 53.625, 1.6489992703635258e-23, nan 
78.375, 53.625, 1.2037236020131438e-23, nan 
78.625, 53.625, 1.005860917818954e-23, nan 
78.875, 53.625, 1.4645719698136645e-23, nan 
79.125, 53.625, 7.574035402625492e-24, nan 
79.375, 53.625, 6.278207424766049e-24, nan 
79.625, 53.625, 8.356347190846185e-24, nan 
79.875, 53.625, 1.710800433301012e-23, nan 
80.125, 53.625, 2.810433348642163e-23, nan 
80.375, 53.625, 2.5521055003119024e-23, nan 
80.625, 53.625, 1.2157520205550195e-23, nan 
80.875, 53.625, 1.408736098278646e-23, nan 
81.125, 53.625, 7.01778766028841e-24, nan 
81.375, 53.625, 1.524416758940865e-23, nan 
81.625, 53.625, 1.4653445426433324e-23, nan 
81.875, 53.625, 1.1210784964678045e-23, nan 
82.125, 53.625, 2.0027502880719412e-23, nan 
82.375, 53.625, 2.5120184591821187e-23, nan 
82.625, 53.625, 2.183930154665057e-23, nan 
82.875, 53.625, 1.931749289851793e-23, nan 
83.125, 53.625, 2.05817594907129e-23, nan 
83.375, 53.625, 1.920454198799979e-23, nan 
83.625, 53.625, 1.8643305037730734e-23, nan 
83.875, 53.625, 7.257483046734869e-24, nan 
84.125, 53.625, 1.422000078285143e-23, nan 
84.375, 53.625, 1.6384867986808434e-23, nan 
84.625, 53.625, 1.8297446142613685e-23, nan 
84.875, 53.625, 2.4831230399391242e-23, nan 
85.125, 53.625, 2.311342893939669e-23, nan 
85.375, 53.625, 1.863452079809873e-23, nan 
85.625, 53.625, 1.8519855488105187e-23, nan 
85.875, 53.625, 1.673147887208381e-23, nan 
86.125, 53.625, 1.882566582596539e-23, nan 
86.375, 53.625, 5.245333924108287e-23, nan 
86.625, 53.625, 5.484291953327539e-23, nan 
86.875, 53.625, 5.1823601647363266e-23, nan 
87.125, 53.625, 3.114422282531258e-23, nan 
87.375, 53.625, 1.388445003810502e-23, nan 
87.625, 53.625, 8.977848234083465e-24, nan 
87.875, 53.625, 3.012734352536582e-23, nan 
88.125, 53.625, 3.023969041980832e-23, nan 
88.375, 53.625, 1.4737623131224293e-23, nan 
88.625, 53.625, 9.801180579111779e-24, nan 
88.875, 53.625, 1.1793575390048022e-23, nan 
89.125, 53.625, 1.0144831260956491e-23, nan 
89.375, 53.625, 2.3419735133239455e-23, nan 
89.625, 53.625, 2.7792253893888667e-23, nan 
89.875, 53.625, 2.1160717474281492e-23, nan 
90.125, 53.625, 1.4600918262072733e-23, nan 
90.375, 53.625, 1.7342751297653142e-23, nan 
90.625, 53.625, 1.3350946121875002e-23, nan 
90.875, 53.625, 1.1166361603776766e-23, nan 
91.125, 53.625, 1.3772779864794755e-23, nan 
91.375, 53.625, 2.440517799109067e-23, nan 
91.625, 53.625, 2.2097621621556376e-23, nan 
91.875, 53.625, 7.247621242355189e-23, nan 
92.125, 53.625, 1.0235315283491556e-22, nan 
92.375, 53.625, 7.293186737969569e-23, nan 
92.625, 53.625, 6.144330969126196e-23, nan 
92.875, 53.625, 7.135185475841978e-23, nan 
93.125, 53.625, 4.745308153485196e-23, nan 
93.375, 53.625, 3.407946955167082e-23, nan 
93.625, 53.625, 3.510402778597972e-23, nan 
93.875, 53.625, 1.9564595819973143e-23, nan 
94.125, 53.625, 2.0809397697338722e-23, nan 
94.375, 53.625, 2.65173659562479e-23, nan 
94.625, 53.625, 2.1137721724326793e-23, nan 
94.875, 53.625, 2.2846047145712974e-23, nan 
95.125, 53.625, 2.058418463303878e-23, nan 
95.375, 53.625, 1.1289604187729592e-23, nan 
95.625, 53.625, 4.520219478508612e-24, nan 
95.875, 53.625, 6.306952067090683e-24, nan 
96.125, 53.625, 1.0448994243627113e-23, nan 
96.375, 53.625, 9.83721592162541e-24, nan 
96.625, 53.625, 1.2718666249524671e-23, nan 
96.875, 53.625, 3.03460634895305e-23, nan 
97.125, 53.625, 4.361373483036875e-23, nan 
97.375, 53.625, 6.5972011520449e-23, nan 
97.625, 53.625, 6.71735054179441e-23, nan 
97.875, 53.625, 5.209010043036537e-23, nan 
98.125, 53.625, 3.495156798325785e-23, nan 
98.375, 53.625, 2.931364074442882e-23, nan 
98.625, 53.625, 1.6570706874022877e-23, nan 
98.875, 53.625, 1.4720532762141868e-23, nan 
99.125, 53.625, 2.1829535533796633e-23, nan 
99.375, 53.625, 2.8218089511988805e-23, nan 
99.625, 53.625, 3.357053635092866e-23, nan 
99.875, 53.625, 2.7733352323876745e-23, nan 
100.125, 53.625, 2.3570262491723605e-23, nan 
100.375, 53.625, 2.6308538817087885e-23, nan 
100.625, 53.625, 1.959686003092578e-23, nan 
100.875, 53.625, 1.7099056399133716e-23, nan 
101.125, 53.625, 4.881632110449453e-23, nan 
101.375, 53.625, 6.876150293205189e-23, nan 
101.625, 53.625, 6.109954675137876e-23, nan 
101.875, 53.625, 2.7415090144873975e-23, nan 
102.125, 53.625, 6.788925898773521e-23, nan 
102.375, 53.625, 6.01653331925608e-23, nan 
102.625, 53.625, 3.490289678107222e-23, nan 
102.875, 53.625, 2.617069754301308e-23, nan 
103.125, 53.625, 4.0817016392989684e-23, nan 
103.375, 53.625, 2.9782976924285877e-23, nan 
103.625, 53.625, 4.449409090768793e-23, nan 
103.875, 53.625, 4.63038549502356e-23, nan 
104.125, 53.625, 5.71531364920284e-23, nan 
104.375, 53.625, 4.60866596857737e-23, nan 
104.625, 53.625, 5.267166635771736e-23, nan 
104.875, 53.625, 6.714215243775933e-23, nan 
105.125, 53.625, 4.336524618216476e-23, nan 
105.375, 53.625, 3.8534759981655486e-23, nan 
105.625, 53.625, 2.7189770267550746e-23, nan 
105.875, 53.625, 2.986796812697172e-23, nan 
106.125, 53.625, 4.281259499669594e-23, nan 
106.375, 53.625, 5.390831423501493e-23, nan 
106.625, 53.625, 6.087487107304255e-23, nan 
106.875, 53.625, 3.4564417477417806e-23, nan 
107.125, 53.625, 2.0809065403298002e-23, nan 
107.375, 53.625, 1.8292598739513764e-23, nan 
107.625, 53.625, 2.0695529210036482e-23, nan 
107.875, 53.625, 1.5776666351858122e-23, nan 
108.125, 53.625, 1.4001904836255783e-23, nan 
108.375, 53.625, 9.112514178421196e-24, nan 
108.625, 53.625, 1.0147598728824327e-23, nan 
108.875, 53.625, 1.738642715404214e-23, nan 
109.125, 53.625, 1.700197717900325e-23, nan 
109.375, 53.625, 2.9972526189147374e-23, nan 
109.625, 53.625, 2.3671691002761693e-23, nan 
109.875, 53.625, 3.573806008317357e-23, nan 
110.125, 53.625, 3.7369257867706107e-23, nan 
110.375, 53.625, 3.9623752022482636e-23, nan 
110.625, 53.625, 4.7694787359756015e-23, nan 
110.875, 53.625, 4.739935471459624e-23, nan 
111.125, 53.625, 2.9178999960225034e-23, nan 
111.375, 53.625, 8.124284489133108e-23, nan 
111.625, 53.625, 8.755803769750637e-23, nan 
111.875, 53.625, 7.271080959432364e-23, nan 
112.125, 53.625, 2.3081897498293423e-23, nan 
112.375, 53.625, 1.6194794698152348e-23, nan 
112.625, 53.625, 1.656510712011582e-23, nan 
112.875, 53.625, 2.235305909336741e-23, nan 
113.125, 53.625, 2.16006790043095e-23, nan 
113.375, 53.625, 2.3522539761290323e-23, nan 
113.625, 53.625, 2.533810674903843e-23, nan 
113.875, 53.625, 2.738174474176152e-23, nan 
114.125, 53.625, 2.1945380507542592e-23, nan 
114.375, 53.625, 2.0807521225968505e-23, nan 
114.625, 53.625, 1.641297533306437e-23, nan 
114.875, 53.625, 1.492617335906983e-23, nan 
115.125, 53.625, 2.3482154700811013e-23, nan 
115.375, 53.625, 2.619746755457879e-23, nan 
115.625, 53.625, 2.978287657741284e-23, nan 
115.875, 53.625, 1.98201143462215e-23, nan 
116.125, 53.625, 2.4772256970762813e-23, nan 
116.375, 53.625, 2.3677881375908275e-23, nan 
116.625, 53.625, 3.7546551011529434e-23, nan 
116.875, 53.625, 3.880745766789187e-23, nan 
117.125, 53.625, 2.584760946273574e-23, nan 
117.375, 53.625, 3.470180072908271e-23, nan 
117.625, 53.625, 4.631775808287083e-23, nan 
117.875, 53.625, 3.8047037497850605e-23, nan 
118.125, 53.625, 3.2927589813623513e-23, nan 
118.375, 53.625, 3.0866292137643096e-23, nan 
118.625, 53.625, 2.678642098008221e-23, nan 
118.875, 53.625, 3.524102921555582e-23, nan 
119.125, 53.625, 3.521793408026672e-23, nan 
119.375, 53.625, 4.117389997756183e-23, nan 
119.625, 53.625, 4.183657157263467e-23, nan 
119.875, 53.625, 2.6891930393926845e-23, nan 
120.125, 53.625, 1.3641337307765166e-23, nan 
120.375, 53.625, 1.7323282280128577e-23, nan 
120.625, 53.625, 2.933433971924019e-23, nan 
120.875, 53.625, 3.3506112739986873e-23, nan 
121.125, 53.625, 2.4981294171553287e-23, nan 
121.375, 53.625, 3.467149473632626e-23, nan 
121.625, 53.625, 3.309912250411188e-23, nan 
121.875, 53.625, 2.0220778637494404e-23, nan 
122.125, 53.625, 3.8521773562268e-23, nan 
122.375, 53.625, 4.662611383951648e-23, nan 
122.625, 53.625, 2.306735537065833e-23, nan 
122.875, 53.625, 1.9907546474756508e-23, nan 
123.125, 53.625, 2.3436212486547826e-23, nan 
123.375, 53.625, 2.776481133124863e-23, nan 
123.625, 53.625, 3.014026721550149e-23, nan 
123.875, 53.625, 2.3051339348321123e-23, nan 
124.125, 53.625, 3.213951851398086e-23, nan 
124.375, 53.625, 1.7673412515879405e-23, nan 
124.625, 53.625, 5.382301234934021e-24, nan 
124.875, 53.625, 9.927789049785133e-24, nan 
125.125, 53.625, 4.360964038199788e-23, nan 
125.375, 53.625, 4.4446008149946235e-23, nan 
125.625, 53.625, 2.6473751212729984e-23, nan 
125.875, 53.625, 2.8718624103784545e-23, nan 
126.125, 53.625, 3.401108932616352e-23, nan 
126.375, 53.625, 4.2576887839804424e-23, nan 
126.625, 53.625, 3.623206974051485e-23, nan 
126.875, 53.625, 2.796910789626104e-23, nan 
127.125, 53.625, 6.054020420541638e-23, nan 
127.375, 53.625, 8.053265471561228e-23, nan 
127.625, 53.625, 1.0035959989488335e-22, nan 
127.875, 53.625, 7.696109274667717e-23, nan 
128.125, 53.625, 1.8795819508987665e-23, nan 
128.375, 53.625, 6.242368488959768e-24, nan 
128.625, 53.625, 6.131594448975349e-24, nan 
128.875, 53.625, 1.485093790289471e-23, nan 
129.125, 53.625, 1.2954986859370354e-23, nan 
129.375, 53.625, 3.434917735150823e-24, nan 
129.625, 53.625, 8.106507711330637e-24, nan 
129.875, 53.625, 1.4524673220724164e-23, nan 
130.125, 53.625, 1.7963662838002258e-23, nan 
130.375, 53.625, 1.897430757605483e-23, nan 
130.625, 53.625, 1.4436312877512005e-23, nan 
130.875, 53.625, 1.6289565765725672e-23, nan 
131.125, 53.625, 2.2168319151571472e-23, nan 
131.375, 53.625, 3.23033658570961e-23, nan 
131.625, 53.625, 2.9719271365921777e-23, nan 
131.875, 53.625, 6.080136157065891e-23, nan 
132.125, 53.625, 7.20007459313108e-23, nan 
132.375, 53.625, 9.323089202677353e-24, nan 
132.625, 53.625, 5.561371193970318e-24, nan 
132.875, 53.625, 9.24129868904789e-24, nan 
133.125, 53.625, 1.3198880500889167e-23, nan 
133.375, 53.625, 1.340024366111652e-23, nan 
133.625, 53.625, 1.2191402560250671e-23, nan 
133.875, 53.625, 8.153074532932167e-24, nan 
134.125, 53.625, 1.7125750928141796e-23, nan 
134.375, 53.625, 1.6868777032021255e-23, nan 
134.625, 53.625, 1.2476040088036214e-23, nan 
134.875, 53.625, 2.338344724989769e-23, nan 
135.125, 53.625, 2.472598233714216e-23, nan 
135.375, 53.625, 4.1374190022901866e-23, nan 
135.625, 53.625, 3.9220986780759667e-23, nan 
135.875, 53.625, 7.98907717549812e-24, nan 
136.125, 53.625, 4.931785201427458e-24, nan 
136.375, 53.625, 7.596738142179078e-24, nan 
136.625, 53.625, 2.281627693229551e-23, nan 
136.875, 53.625, 2.4548048749447274e-23, nan 
137.125, 53.625, 9.203482670326495e-24, nan 
137.375, 53.625, 6.6114602974301985e-24, nan 
137.625, 53.625, 7.489280337985444e-24, nan 
137.875, 53.625, 1.1962589774693241e-23, nan 
138.125, 53.625, 2.1843211714614166e-23, nan 
138.375, 53.625, 2.346306552697986e-23, nan 
138.625, 53.625, 1.5987746358142195e-23, nan 
138.875, 53.625, 7.766538760611102e-24, nan 
139.125, 53.625, 7.167410050080046e-24, nan 
139.375, 53.625, 1.5205929414849507e-23, nan 
139.625, 53.625, 1.6684615734864488e-23, nan 
139.875, 53.625, 2.2760221351305244e-23, nan 
140.125, 53.625, 1.6654577553963466e-23, nan 
140.375, 53.625, 1.3218299666143597e-23, nan 
140.625, 53.625, 6.773597877105772e-24, nan 
140.875, 53.625, 8.494187325263626e-24, nan 
141.125, 53.625, 1.2829461150096399e-23, nan 
141.375, 53.625, 1.2148896408498946e-23, nan 
141.625, 53.625, 7.2021526832384e-24, nan 
141.875, 53.625, 8.653133839536456e-24, nan 
142.125, 53.625, 6.381191556549114e-24, nan 
142.375, 53.625, 5.28159933629739e-24, nan 
142.625, 53.625, 6.490014962002105e-24, nan 
142.875, 53.625, 5.524056490242156e-24, nan 
143.125, 53.625, 1.1531960861473025e-23, nan 
143.375, 53.625, 1.0700127614270495e-23, nan 
143.625, 53.625, 8.962280965837067e-24, nan 
143.875, 53.625, 1.052671504797517e-23, nan 
144.125, 53.625, 9.239938349999225e-24, nan 
144.375, 53.625, 1.797374156589478e-23, nan 
144.625, 53.625, 2.0577587303936726e-23, nan 
144.875, 53.625, 1.8991966359921947e-23, nan 
145.125, 53.625, 1.1013544171670475e-23, nan 
145.375, 53.625, 2.1970759161878676e-23, nan 
145.625, 53.625, 2.0877815221819237e-23, nan 
145.875, 53.625, 5.392750534485856e-24, nan 
146.125, 53.625, 7.255981265089475e-24, nan 
146.375, 53.625, 5.102258750753927e-24, nan 
146.625, 53.625, 2.4990626071777633e-24, nan 
146.875, 53.625, 2.5741789637159462e-24, nan 
147.125, 53.625, 4.997013527632599e-24, nan 
147.375, 53.625, 7.418465620287549e-24, nan 
147.625, 53.625, 9.57203496743418e-24, nan 
147.875, 53.625, 8.891837754118523e-24, nan 
148.125, 53.625, 8.69404837533086e-24, nan 
148.375, 53.625, 1.6048797110541278e-23, nan 
148.625, 53.625, 1.0254268410889684e-23, nan 
148.875, 53.625, 3.5336256523854015e-24, nan 
149.125, 53.625, 1.1291387031234098e-23, nan 
149.375, 53.625, 9.476286435064097e-24, nan 
149.625, 53.625, 1.8224170079494788e-24, nan 
149.875, 53.625, 3.2404250271745582e-24, nan 
150.125, 53.625, 6.64315265697232e-24, nan 
150.375, 53.625, 4.719313610981e-24, nan 
150.625, 53.625, 8.427009571942051e-24, nan 
150.875, 53.625, 1.1457896541223874e-23, nan 
151.125, 53.625, 1.1520494689179951e-23, nan 
151.375, 53.625, 1.3790898081004522e-23, nan 
151.625, 53.625, 9.745415967768784e-24, nan 
151.875, 53.625, 7.087012908189547e-24, nan 
152.125, 53.625, 1.1017419896145396e-23, nan 
152.375, 53.625, 7.943782668150932e-24, nan 
152.625, 53.625, 9.411976200422832e-25, nan 
152.875, 53.625, 1.0207868348005075e-24, nan 
153.125, 53.625, 4.5151973483658314e-24, nan 
153.375, 53.625, 5.454794264275858e-24, nan 
153.625, 53.625, 4.266606315173826e-24, nan 
153.875, 53.625, 5.1486342982928364e-24, nan 
154.125, 53.625, 6.867222867631599e-24, nan 
154.375, 53.625, 6.687184274491533e-24, nan 
154.625, 53.625, 2.0837741778052325e-24, nan 
154.875, 53.625, 3.462797981730864e-24, nan 
155.125, 53.625, 5.20638071349623e-24, nan 
155.375, 53.625, 7.9424629713233e-24, nan 
155.625, 53.625, 7.159706573182187e-24, nan 
155.875, 53.625, 2.8189574188244166e-24, nan 
76.125, 53.875, 4.913946950339185e-24, nan 
76.375, 53.875, 1.2712876359936501e-23, nan 
76.625, 53.875, 1.6367626636273918e-23, nan 
76.875, 53.875, 1.0651111808588437e-23, nan 
77.125, 53.875, 8.097720176548831e-24, nan 
77.375, 53.875, 1.1233556220145118e-23, nan 
77.625, 53.875, 6.0555129720488585e-24, nan 
77.875, 53.875, 4.465467017748762e-24, nan 
78.125, 53.875, 5.2860645978021406e-24, nan 
78.375, 53.875, 6.303007188674455e-24, nan 
78.625, 53.875, 7.021641845868707e-24, nan 
78.875, 53.875, 2.4808218720703876e-23, nan 
79.125, 53.875, 2.3991440430224867e-23, nan 
79.375, 53.875, 1.2733088938404298e-23, nan 
79.625, 53.875, 1.562449529839592e-23, nan 
79.875, 53.875, 1.994969488183732e-23, nan 
80.125, 53.875, 2.235556774788398e-23, nan 
80.375, 53.875, 1.6780619682821436e-23, nan 
80.625, 53.875, 1.3618957838920025e-23, nan 
80.875, 53.875, 1.0852493438864584e-23, nan 
81.125, 53.875, 1.7098587360721805e-23, nan 
81.375, 53.875, 2.940204457054427e-23, nan 
81.625, 53.875, 3.015189702514591e-23, nan 
81.875, 53.875, 2.5683441278962237e-23, nan 
82.125, 53.875, 2.0084516549429697e-23, nan 
82.375, 53.875, 2.2440241433834213e-23, nan 
82.625, 53.875, 1.8651570212225445e-23, nan 
82.875, 53.875, 1.3467624342817943e-23, nan 
83.125, 53.875, 1.0788623731917476e-23, nan 
83.375, 53.875, 1.3102328646950432e-23, nan 
83.625, 53.875, 1.1741240860273611e-23, nan 
83.875, 53.875, 1.8583416629176829e-23, nan 
84.125, 53.875, 2.0224726570152878e-23, nan 
84.375, 53.875, 1.4244837886047827e-23, nan 
84.625, 53.875, 2.0633092858927204e-23, nan 
84.875, 53.875, 1.9454664507659348e-23, nan 
85.125, 53.875, 3.365302636633611e-23, nan 
85.375, 53.875, 2.957071033745836e-23, nan 
85.625, 53.875, 1.2950006782030225e-23, nan 
85.875, 53.875, 2.314983931020347e-23, nan 
86.125, 53.875, 5.97509771499175e-23, nan 
86.375, 53.875, 7.081700223012455e-23, nan 
86.625, 53.875, 4.093464506494096e-23, nan 
86.875, 53.875, 1.9827377242690912e-23, nan 
87.125, 53.875, 4.1329910329728446e-23, nan 
87.375, 53.875, 3.54365884219558e-23, nan 
87.625, 53.875, 2.955713875289099e-23, nan 
87.875, 53.875, 2.875767258392737e-23, nan 
88.125, 53.875, 1.7495118255321607e-23, nan 
88.375, 53.875, 2.7889631457596535e-23, nan 
88.625, 53.875, 2.5662382712080866e-23, nan 
88.875, 53.875, 1.4124826538992067e-23, nan 
89.125, 53.875, 1.3571263813121263e-23, nan 
89.375, 53.875, 3.176569754289013e-23, nan 
89.625, 53.875, 3.679655692894239e-23, nan 
89.875, 53.875, 1.9728256470494844e-23, nan 
90.125, 53.875, 7.447087377777992e-24, nan 
90.375, 53.875, 1.9273453196325415e-23, nan 
90.625, 53.875, 2.0954780848817362e-23, nan 
90.875, 53.875, 1.4411859105371257e-23, nan 
91.125, 53.875, 1.700385499013348e-23, nan 
91.375, 53.875, 2.6458103364505964e-23, nan 
91.625, 53.875, 2.5814602388634155e-23, nan 
91.875, 53.875, 1.510580692851832e-23, nan 
92.125, 53.875, 6.032269709955627e-23, nan 
92.375, 53.875, 6.898564135289491e-23, nan 
92.625, 53.875, 5.515178400464436e-23, nan 
92.875, 53.875, 4.297351169035657e-23, nan 
93.125, 53.875, 1.5742549264206755e-23, nan 
93.375, 53.875, 2.863347776650784e-23, nan 
93.625, 53.875, 2.6783234416214636e-23, nan 
93.875, 53.875, 1.2683253857070807e-23, nan 
94.125, 53.875, 1.0593962746625325e-23, nan 
94.375, 53.875, 1.7704511519864472e-23, nan 
94.625, 53.875, 2.6588347878667094e-23, nan 
94.875, 53.875, 3.4347573063200656e-23, nan 
95.125, 53.875, 6.219306653226569e-23, nan 
95.375, 53.875, 8.653253733644668e-23, nan 
95.625, 53.875, 1.559646938629297e-23, nan 
95.875, 53.875, 5.125885316428601e-24, nan 
96.125, 53.875, 7.064382852589494e-24, nan 
96.375, 53.875, 2.9763034103510974e-23, nan 
96.625, 53.875, 3.878883085734554e-23, nan 
96.875, 53.875, 4.6525824768210547e-23, nan 
97.125, 53.875, 5.1091096543197646e-23, nan 
97.375, 53.875, 5.562536982574192e-23, nan 
97.625, 53.875, 5.468607612294429e-23, nan 
97.875, 53.875, 5.118773266874517e-23, nan 
98.125, 53.875, 3.53866316263464e-23, nan 
98.375, 53.875, 3.6723653247957854e-23, nan 
98.625, 53.875, 2.3497730481744967e-23, nan 
98.875, 53.875, 1.6078327835706457e-23, nan 
99.125, 53.875, 1.9181863121790797e-23, nan 
99.375, 53.875, 1.7646619894666834e-23, nan 
99.625, 53.875, 2.254106979495751e-23, nan 
99.875, 53.875, 3.472994221267922e-23, nan 
100.125, 53.875, 3.2575765509354977e-23, nan 
100.375, 53.875, 3.0548680596367004e-23, nan 
100.625, 53.875, 2.7737801624040975e-23, nan 
100.875, 53.875, 2.683066420218424e-23, nan 
101.125, 53.875, 1.5099878468367967e-23, nan 
101.375, 53.875, 2.7976695677537604e-23, nan 
101.625, 53.875, 2.7148548984028156e-23, nan 
101.875, 53.875, 2.8626294755019683e-23, nan 
102.125, 53.875, 4.256025398875319e-23, nan 
102.375, 53.875, 6.072674690637786e-23, nan 
102.625, 53.875, 5.429500647413783e-23, nan 
102.875, 53.875, 3.011925464011354e-23, nan 
103.125, 53.875, 2.6480243673085367e-23, nan 
103.375, 53.875, 3.059767364289903e-23, nan 
103.625, 53.875, 5.2931067593073765e-23, nan 
103.875, 53.875, 5.435760992413324e-23, nan 
104.125, 53.875, 4.1482727025864705e-23, nan 
104.375, 53.875, 4.33171668732087e-23, nan 
104.625, 53.875, 5.684719702376386e-23, nan 
104.875, 53.875, 7.224083857230047e-23, nan 
105.125, 53.875, 7.141938973546819e-23, nan 
105.375, 53.875, 7.297299524130009e-23, nan 
105.625, 53.875, 5.881699662650183e-23, nan 
105.875, 53.875, 6.112787984827706e-23, nan 
106.125, 53.875, 5.337924436527736e-23, nan 
106.375, 53.875, 7.334318348262201e-23, nan 
106.625, 53.875, 8.740433520061032e-23, nan 
106.875, 53.875, 8.438676240320496e-23, nan 
107.125, 53.875, 4.687832126300681e-23, nan 
107.375, 53.875, 2.9708494965952924e-23, nan 
107.625, 53.875, 3.7083992211142223e-23, nan 
107.875, 53.875, 3.538208738359755e-23, nan 
108.125, 53.875, 2.2862603447012353e-23, nan 
108.375, 53.875, 1.4254505348652962e-23, nan 
108.625, 53.875, 1.1362712225906406e-23, nan 
108.875, 53.875, 1.5469486403032304e-23, nan 
109.125, 53.875, 1.909505238344545e-23, nan 
109.375, 53.875, 9.25665286572639e-24, nan 
109.625, 53.875, 9.438919267299462e-24, nan 
109.875, 53.875, 8.996430883305907e-24, nan 
110.125, 53.875, 1.3310323082989286e-23, nan 
110.375, 53.875, 2.4474398237015277e-23, nan 
110.625, 53.875, 4.38229427232537e-23, nan 
110.875, 53.875, 4.405785683384842e-23, nan 
111.125, 53.875, 4.607799753224957e-23, nan 
111.375, 53.875, 1.0035496370887305e-22, nan 
111.625, 53.875, 1.1340157901249906e-22, nan 
111.875, 53.875, 1.4090189420759336e-22, nan 
112.125, 53.875, 1.0809251725673478e-22, nan 
112.375, 53.875, 3.484214981652826e-23, nan 
112.625, 53.875, 2.4840849414016027e-23, nan 
112.875, 53.875, 2.900113834662953e-23, nan 
113.125, 53.875, 3.211054273691718e-23, nan 
113.375, 53.875, 2.7251239808356085e-23, nan 
113.625, 53.875, 1.827757168169591e-23, nan 
113.875, 53.875, 2.473300826148374e-23, nan 
114.125, 53.875, 3.9486840735330415e-23, nan 
114.375, 53.875, 6.312266299053212e-23, nan 
114.625, 53.875, 2.8724998705464067e-23, nan 
114.875, 53.875, 1.9096801393270485e-23, nan 
115.125, 53.875, 2.3779264409376737e-23, nan 
115.375, 53.875, 3.4171086613917984e-23, nan 
115.625, 53.875, 2.443276592171216e-23, nan 
115.875, 53.875, 2.764967404091681e-23, nan 
116.125, 53.875, 3.44292705433396e-23, nan 
116.375, 53.875, 4.827971066068158e-23, nan 
116.625, 53.875, 6.07093090557221e-23, nan 
116.875, 53.875, 4.6208541564297054e-23, nan 
117.125, 53.875, 2.8981040098602933e-23, nan 
117.375, 53.875, 2.4274530218161688e-23, nan 
117.625, 53.875, 4.867749829275009e-23, nan 
117.875, 53.875, 4.441259816966191e-23, nan 
118.125, 53.875, 5.428380903737324e-23, nan 
118.375, 53.875, 5.041009294398446e-23, nan 
118.625, 53.875, 2.3486860054032753e-23, nan 
118.875, 53.875, 2.2838533124816005e-23, nan 
119.125, 53.875, 4.601506289750274e-23, nan 
119.375, 53.875, 5.199156052625224e-23, nan 
119.625, 53.875, 4.340710332938711e-23, nan 
119.875, 53.875, 2.7253717997640456e-23, nan 
120.125, 53.875, 2.4419244165412897e-23, nan 
120.375, 53.875, 3.134542828881258e-23, nan 
120.625, 53.875, 4.072288995109301e-23, nan 
120.875, 53.875, 3.665602394464818e-23, nan 
121.125, 53.875, 2.2825132138215616e-23, nan 
121.375, 53.875, 2.2375412891902605e-23, nan 
121.625, 53.875, 3.8485275566912414e-23, nan 
121.875, 53.875, 4.8535042573393264e-23, nan 
122.125, 53.875, 4.656708241976343e-23, nan 
122.375, 53.875, 6.694794116653526e-23, nan 
122.625, 53.875, 6.073651236900916e-23, nan 
122.875, 53.875, 1.6125866836875781e-23, nan 
123.125, 53.875, 1.3405825486663995e-23, nan 
123.375, 53.875, 3.0763853084223537e-23, nan 
123.625, 53.875, 3.1872201725209256e-23, nan 
123.875, 53.875, 1.0381027696141587e-23, nan 
124.125, 53.875, 2.1405176165149533e-23, nan 
124.375, 53.875, 1.960504547537904e-23, nan 
124.625, 53.875, 2.1228309734282246e-23, nan 
124.875, 53.875, 4.34814885627911e-23, nan 
125.125, 53.875, 4.1114287360048993e-23, nan 
125.375, 53.875, 3.638530090709548e-23, nan 
125.625, 53.875, 4.630424516660208e-23, nan 
125.875, 53.875, 3.6645081042904566e-23, nan 
126.125, 53.875, 2.648509925482824e-23, nan 
126.375, 53.875, 3.569274610295088e-23, nan 
126.625, 53.875, 3.8874127364664306e-23, nan 
126.875, 53.875, 3.105096729215148e-23, nan 
127.125, 53.875, 4.690715848991069e-23, nan 
127.375, 53.875, 7.968922959316252e-23, nan 
127.625, 53.875, 1.1010230461275286e-22, nan 
127.875, 53.875, 1.5187972349073774e-22, nan 
128.125, 53.875, 1.3057870303803514e-22, nan 
128.375, 53.875, 2.9129196445957e-23, nan 
128.625, 53.875, 1.7835228672219714e-23, nan 
128.875, 53.875, 2.046085369809077e-23, nan 
129.125, 53.875, 2.2495763215823515e-23, nan 
129.375, 53.875, 1.8869870596475735e-23, nan 
129.625, 53.875, 1.1772414328775001e-23, nan 
129.875, 53.875, 1.4207884822837915e-23, nan 
130.125, 53.875, 2.4154036482279666e-23, nan 
130.375, 53.875, 2.4985947412296352e-23, nan 
130.625, 53.875, 2.5902809907857685e-23, nan 
130.875, 53.875, 3.3740403617807843e-23, nan 
131.125, 53.875, 2.7913050681036795e-23, nan 
131.375, 53.875, 1.6434756038373722e-23, nan 
131.625, 53.875, 2.724614973916248e-23, nan 
131.875, 53.875, 2.259274687553458e-23, nan 
132.125, 53.875, 7.586097063654061e-23, nan 
132.375, 53.875, 6.895439399954684e-23, nan 
132.625, 53.875, 9.55177874752793e-24, nan 
132.875, 53.875, 3.94910759630151e-24, nan 
133.125, 53.875, 8.228815357279695e-24, nan 
133.375, 53.875, 9.38542962519242e-24, nan 
133.625, 53.875, 4.7974823738977645e-24, nan 
133.875, 53.875, 2.5444320441716726e-23, nan 
134.125, 53.875, 2.829034316583645e-23, nan 
134.375, 53.875, 1.1416706675550064e-23, nan 
134.625, 53.875, 1.4626573269535745e-23, nan 
134.875, 53.875, 1.8728036724960892e-23, nan 
135.125, 53.875, 2.017689231268553e-23, nan 
135.375, 53.875, 4.261341807513193e-23, nan 
135.625, 53.875, 4.1104834054472777e-23, nan 
135.875, 53.875, 1.680823575789118e-23, nan 
136.125, 53.875, 8.593628743485255e-24, nan 
136.375, 53.875, 7.945239603667835e-24, nan 
136.625, 53.875, 2.111341742033694e-23, nan 
136.875, 53.875, 2.91015128265876e-23, nan 
137.125, 53.875, 1.641474442913339e-23, nan 
137.375, 53.875, 1.033068169991186e-23, nan 
137.625, 53.875, 2.093409437309236e-23, nan 
137.875, 53.875, 2.267554819466668e-23, nan 
138.125, 53.875, 2.936182972339747e-23, nan 
138.375, 53.875, 2.5280514862905807e-23, nan 
138.625, 53.875, 9.933829974234736e-24, nan 
138.875, 53.875, 7.343933389371762e-24, nan 
139.125, 53.875, 4.4223116849714965e-23, nan 
139.375, 53.875, 2.920489986168771e-23, nan 
139.625, 53.875, 3.40791857858843e-23, nan 
139.875, 53.875, 4.554924326287798e-23, nan 
140.125, 53.875, 2.1667880534687558e-23, nan 
140.375, 53.875, 2.824799320039585e-23, nan 
140.625, 53.875, 3.2603405709179387e-23, nan 
140.875, 53.875, 1.3621462327433313e-23, nan 
141.125, 53.875, 1.1665386258903131e-23, nan 
141.375, 53.875, 9.130820891692139e-24, nan 
141.625, 53.875, 7.729240730317049e-24, nan 
141.875, 53.875, 8.040172641004652e-24, nan 
142.125, 53.875, 9.316125115882524e-24, nan 
142.375, 53.875, 6.4631361204890694e-24, nan 
142.625, 53.875, 4.894143207867832e-24, nan 
142.875, 53.875, 3.799311101166271e-24, nan 
143.125, 53.875, 5.911235772170449e-24, nan 
143.375, 53.875, 1.0901855496543501e-23, nan 
143.625, 53.875, 9.347074112955655e-24, nan 
143.875, 53.875, 4.493697491409567e-24, nan 
144.125, 53.875, 1.1344494114245162e-23, nan 
144.375, 53.875, 2.3025651182332884e-23, nan 
144.625, 53.875, 2.594901791188046e-23, nan 
144.875, 53.875, 1.4909379438423962e-23, nan 
145.125, 53.875, 1.715988261168384e-23, nan 
145.375, 53.875, 2.113645074441494e-23, nan 
145.625, 53.875, 1.4829287885055276e-23, nan 
145.875, 53.875, 8.805855345276023e-24, nan 
146.125, 53.875, 8.006312710801729e-24, nan 
146.375, 53.875, 3.850559905580532e-24, nan 
146.625, 53.875, 2.1340854701413733e-24, nan 
146.875, 53.875, 3.505386822391794e-24, nan 
147.125, 53.875, 2.8460939753904445e-24, nan 
147.375, 53.875, 3.488434846311341e-24, nan 
147.625, 53.875, 2.0504313157248573e-24, nan 
147.875, 53.875, 5.8004213895985425e-24, nan 
148.125, 53.875, 4.4459039292325254e-24, nan 
148.375, 53.875, 9.277835687157765e-24, nan 
148.625, 53.875, 3.349742446953417e-24, nan 
148.875, 53.875, 5.384675114337857e-24, nan 
149.125, 53.875, 1.1704087866488788e-23, nan 
149.375, 53.875, 1.0874961635402465e-23, nan 
149.625, 53.875, 3.662679134473597e-24, nan 
149.875, 53.875, 4.351519440977786e-24, nan 
150.125, 53.875, 5.8883003675194e-24, nan 
150.375, 53.875, 2.9921935985336405e-24, nan 
150.625, 53.875, 3.492392009546538e-24, nan 
150.875, 53.875, 1.0559911678512451e-23, nan 
151.125, 53.875, 1.0344659232406698e-23, nan 
151.375, 53.875, 1.0398841412621697e-23, nan 
151.625, 53.875, 8.240511553094201e-24, nan 
151.875, 53.875, 7.617738649101319e-24, nan 
152.125, 53.875, 7.957944094841167e-24, nan 
152.375, 53.875, 2.5487892029242704e-24, nan 
152.625, 53.875, 2.9968051240407125e-24, nan 
152.875, 53.875, 4.100505521420977e-24, nan 
153.125, 53.875, 4.934378788496727e-24, nan 
153.375, 53.875, 1.5403711631577869e-24, nan 
153.625, 53.875, 7.512292422662307e-24, nan 
153.875, 53.875, 7.880863039871512e-24, nan 
154.125, 53.875, 1.5346534782999344e-24, nan 
154.375, 53.875, 6.470050117559929e-24, nan 
154.625, 53.875, 6.23318500266279e-24, nan 
154.875, 53.875, 4.50901324580927e-24, nan 
155.125, 53.875, 5.342266624314591e-24, nan 
155.375, 53.875, 5.428715606841853e-24, nan 
155.625, 53.875, 3.04924118359645e-24, nan 
155.875, 53.875, 3.7358428691903296e-24, nan 
156.125, 53.875, 4.3097630531090155e-24, nan 
156.375, 53.875, 4.2694942971223874e-24, nan 
75.125, 54.125, 9.721843557049307e-24, nan 
75.375, 54.125, 1.0075685669760249e-23, nan 
75.625, 54.125, 1.034272810125923e-23, nan 
75.875, 54.125, 8.531929515169577e-24, nan 
76.125, 54.125, 1.8389860851814266e-23, nan 
76.375, 54.125, 1.8000633953226447e-23, nan 
76.625, 54.125, 9.977487372476246e-24, nan 
76.875, 54.125, 1.3193085589690415e-23, nan 
77.125, 54.125, 1.7469302099627892e-23, nan 
77.375, 54.125, 1.468551721933638e-23, nan 
77.625, 54.125, 1.5450901212419094e-23, nan 
77.875, 54.125, 1.8548454879837786e-23, nan 
78.125, 54.125, 1.1544024144142462e-23, nan 
78.375, 54.125, 1.472769104379846e-23, nan 
78.625, 54.125, 1.3069647824635976e-23, nan 
78.875, 54.125, 2.049341816186331e-23, nan 
79.125, 54.125, 1.929230175821303e-23, nan 
79.375, 54.125, 2.1618488164233546e-23, nan 
79.625, 54.125, 2.472312038417216e-23, nan 
79.875, 54.125, 1.5614040521146798e-23, nan 
80.125, 54.125, 2.6365051567598375e-23, nan 
80.375, 54.125, 2.921340471319786e-23, nan 
80.625, 54.125, 2.1107045988565642e-23, nan 
80.875, 54.125, 1.2420840073583694e-23, nan 
81.125, 54.125, 9.28446826974029e-24, nan 
81.375, 54.125, 1.6305849341205554e-23, nan 
81.625, 54.125, 2.0012173233290152e-23, nan 
81.875, 54.125, 2.631553490957682e-23, nan 
82.125, 54.125, 2.1570510732518005e-23, nan 
82.375, 54.125, 1.1916970630259763e-23, nan 
82.625, 54.125, 1.4085186893420762e-23, nan 
82.875, 54.125, 1.2965889949490764e-23, nan 
83.125, 54.125, 1.473413148329618e-23, nan 
83.375, 54.125, 2.330211441492484e-23, nan 
83.625, 54.125, 3.283059601965996e-23, nan 
83.875, 54.125, 2.113567700618101e-23, nan 
84.125, 54.125, 1.779313904063243e-23, nan 
84.375, 54.125, 1.4548655064367887e-23, nan 
84.625, 54.125, 1.1170585548011664e-23, nan 
84.875, 54.125, 8.174264466423244e-24, nan 
85.125, 54.125, 3.4000041806205044e-23, nan 
85.375, 54.125, 3.494236063461135e-23, nan 
85.625, 54.125, 3.6233623829781253e-23, nan 
85.875, 54.125, 4.532863005635246e-23, nan 
86.125, 54.125, 5.0756101795883627e-23, nan 
86.375, 54.125, 3.1369897835466257e-23, nan 
86.625, 54.125, 4.1243877038852396e-23, nan 
86.875, 54.125, 3.769521661957269e-23, nan 
87.125, 54.125, 3.2853739265244817e-23, nan 
87.375, 54.125, 3.048504444262888e-23, nan 
87.625, 54.125, 1.6918843970940445e-23, nan 
87.875, 54.125, 1.5792071603803874e-23, nan 
88.125, 54.125, 2.4710917397203726e-23, nan 
88.375, 54.125, 2.3433400362212452e-23, nan 
88.625, 54.125, 2.4907327324863826e-23, nan 
88.875, 54.125, 1.7262526239649505e-23, nan 
89.125, 54.125, 1.6905516318539365e-23, nan 
89.375, 54.125, 3.3975081131474844e-23, nan 
89.625, 54.125, 3.1300855990355715e-23, nan 
89.875, 54.125, 1.1579099706983747e-23, nan 
90.125, 54.125, 9.786786270327325e-24, nan 
90.375, 54.125, 2.8205791206531866e-23, nan 
90.625, 54.125, 3.5270571892306584e-23, nan 
90.875, 54.125, 2.3432741953143375e-23, nan 
91.125, 54.125, 6.390527550714351e-24, nan 
91.375, 54.125, 1.0020757440408821e-23, nan 
91.625, 54.125, 1.9568326586786276e-23, nan 
91.875, 54.125, 2.047856517582676e-23, nan 
92.125, 54.125, 3.383022666918959e-23, nan 
92.375, 54.125, 3.746259076484882e-23, nan 
92.625, 54.125, 2.6398496598917994e-23, nan 
92.875, 54.125, 1.9093841384076417e-23, nan 
93.125, 54.125, 1.9500345530715758e-23, nan 
93.375, 54.125, 2.3823355142518337e-23, nan 
93.625, 54.125, 2.0133011647601787e-23, nan 
93.875, 54.125, 1.7007970599316018e-23, nan 
94.125, 54.125, 2.631952897657026e-23, nan 
94.375, 54.125, 2.705887414302654e-23, nan 
94.625, 54.125, 3.744724520598549e-23, nan 
94.875, 54.125, 4.600604414408236e-23, nan 
95.125, 54.125, 9.09777057784946e-23, nan 
95.375, 54.125, 1.8710542577329737e-22, nan 
95.625, 54.125, 1.46769921352121e-22, nan 
95.875, 54.125, 2.043151804808163e-23, nan 
96.125, 54.125, 3.9166748459385947e-23, nan 
96.375, 54.125, 5.2321734306421063e-23, nan 
96.625, 54.125, 4.2997727580234195e-23, nan 
96.875, 54.125, 6.855165990795805e-23, nan 
97.125, 54.125, 6.566250877075488e-23, nan 
97.375, 54.125, 5.01145426040492e-23, nan 
97.625, 54.125, 4.4229003751679995e-23, nan 
97.875, 54.125, 3.4360491646513724e-23, nan 
98.125, 54.125, 3.2960480517824887e-23, nan 
98.375, 54.125, 3.175677862817981e-23, nan 
98.625, 54.125, 2.0876979358149187e-23, nan 
98.875, 54.125, 2.255123918420001e-23, nan 
99.125, 54.125, 1.5537443383012315e-23, nan 
99.375, 54.125, 2.1037560844477557e-23, nan 
99.625, 54.125, 2.317972058177768e-23, nan 
99.875, 54.125, 4.106828888080843e-23, nan 
100.125, 54.125, 2.4806332241403915e-23, nan 
100.375, 54.125, 2.5104674586005975e-23, nan 
100.625, 54.125, 2.5100181592423612e-23, nan 
100.875, 54.125, 3.6745958372224435e-23, nan 
101.125, 54.125, 3.6219415818685523e-23, nan 
101.375, 54.125, 3.0143586032566084e-23, nan 
101.625, 54.125, 3.367067094469328e-23, nan 
101.875, 54.125, 3.717402262181776e-23, nan 
102.125, 54.125, 2.954952479990706e-23, nan 
102.375, 54.125, 5.777089411591441e-23, nan 
102.625, 54.125, 9.324466741171985e-23, nan 
102.875, 54.125, 9.036361688140198e-23, nan 
103.125, 54.125, 2.2657183058785555e-23, nan 
103.375, 54.125, 3.9405641766462946e-23, nan 
103.625, 54.125, 4.420415535750129e-23, nan 
103.875, 54.125, 5.987422008240202e-23, nan 
104.125, 54.125, 7.893355246942054e-23, nan 
104.375, 54.125, 9.129663026776891e-23, nan 
104.625, 54.125, 6.698231747252163e-23, nan 
104.875, 54.125, 6.826224706351321e-23, nan 
105.125, 54.125, 7.096961265544215e-23, nan 
105.375, 54.125, 5.420986778141744e-23, nan 
105.625, 54.125, 6.286214857061626e-23, nan 
105.875, 54.125, 1.1394266193700613e-22, nan 
106.125, 54.125, 9.601843329586461e-23, nan 
106.375, 54.125, 1.0411019829331032e-22, nan 
106.625, 54.125, 6.602137679995364e-23, nan 
106.875, 54.125, 8.469209354584296e-23, nan 
107.125, 54.125, 8.111487156593439e-23, nan 
107.375, 54.125, 4.105759335770252e-23, nan 
107.625, 54.125, 2.913647711385211e-23, nan 
107.875, 54.125, 3.492633562896566e-23, nan 
108.125, 54.125, 2.843097092017526e-23, nan 
108.375, 54.125, 2.4714465793632726e-23, nan 
108.625, 54.125, 2.794373485223103e-23, nan 
108.875, 54.125, 2.906439411812658e-23, nan 
109.125, 54.125, 3.2072490647577464e-23, nan 
109.375, 54.125, 2.769950853203955e-23, nan 
109.625, 54.125, 2.1128888993480563e-23, nan 
109.875, 54.125, 1.412922745607032e-23, nan 
110.125, 54.125, 2.423684581661848e-23, nan 
110.375, 54.125, 2.5528348331516095e-23, nan 
110.625, 54.125, 1.9537596473060573e-23, nan 
110.875, 54.125, 4.192482621137376e-23, nan 
111.125, 54.125, 5.0972835728660024e-23, nan 
111.375, 54.125, 6.146566928955333e-23, nan 
111.625, 54.125, 5.296032975474985e-23, nan 
111.875, 54.125, 4.434744317896409e-23, nan 
112.125, 54.125, 4.664718441375682e-23, nan 
112.375, 54.125, 4.018886819087202e-23, nan 
112.625, 54.125, 2.858984441924044e-23, nan 
112.875, 54.125, 2.5924527003261668e-23, nan 
113.125, 54.125, 3.1396990951691465e-23, nan 
113.375, 54.125, 3.245192045979427e-23, nan 
113.625, 54.125, 2.535652088323784e-23, nan 
113.875, 54.125, 7.21763030321452e-23, nan 
114.125, 54.125, 9.656139548769917e-23, nan 
114.375, 54.125, 1.0975735528167702e-22, nan 
114.625, 54.125, 8.935135305647097e-23, nan 
114.875, 54.125, 6.07798379725411e-23, nan 
115.125, 54.125, 3.099810558787489e-23, nan 
115.375, 54.125, 3.482596897948055e-23, nan 
115.625, 54.125, 1.995902190802218e-23, nan 
115.875, 54.125, 3.952138673539126e-23, nan 
116.125, 54.125, 4.307237262372047e-23, nan 
116.375, 54.125, 8.326886072119773e-23, nan 
116.625, 54.125, 8.329284539905705e-23, nan 
116.875, 54.125, 5.374793928591899e-23, nan 
117.125, 54.125, 5.0524998643623006e-23, nan 
117.375, 54.125, 6.23734302043382e-23, nan 
117.625, 54.125, 6.382146001717675e-23, nan 
117.875, 54.125, 4.958054424930624e-23, nan 
118.125, 54.125, 3.3206433897890206e-23, nan 
118.375, 54.125, 1.1886474257144536e-23, nan 
118.625, 54.125, 3.4687136852229826e-23, nan 
118.875, 54.125, 3.1204854537870244e-23, nan 
119.125, 54.125, 4.9056193091942463e-23, nan 
119.375, 54.125, 5.810352582349711e-23, nan 
119.625, 54.125, 3.841264530217957e-23, nan 
119.875, 54.125, 3.2356778384156463e-23, nan 
120.125, 54.125, 2.9048624529496267e-23, nan 
120.375, 54.125, 2.5158082497255906e-23, nan 
120.625, 54.125, 2.512706995210581e-23, nan 
120.875, 54.125, 3.241671297944443e-23, nan 
121.125, 54.125, 3.099398591445699e-23, nan 
121.375, 54.125, 2.860443470918872e-23, nan 
121.625, 54.125, 3.3291768472688e-23, nan 
121.875, 54.125, 3.716390646257916e-23, nan 
122.125, 54.125, 3.691373041423903e-23, nan 
122.375, 54.125, 5.1195544310196486e-23, nan 
122.625, 54.125, 7.530232616929318e-23, nan 
122.875, 54.125, 6.327195090580629e-23, nan 
123.125, 54.125, 3.4516606474446135e-23, nan 
123.375, 54.125, 6.907486957081207e-23, nan 
123.625, 54.125, 5.568493782431702e-23, nan 
123.875, 54.125, 3.5356698573492275e-23, nan 
124.125, 54.125, 2.1759294829111646e-23, nan 
124.375, 54.125, 7.597399559710779e-24, nan 
124.625, 54.125, 1.9176674833688527e-23, nan 
124.875, 54.125, 2.173342865592985e-23, nan 
125.125, 54.125, 1.4854867545321447e-23, nan 
125.375, 54.125, 2.481227924446025e-23, nan 
125.625, 54.125, 2.7563626939696945e-23, nan 
125.875, 54.125, 2.9621810840264485e-23, nan 
126.125, 54.125, 3.606962210485913e-23, nan 
126.375, 54.125, 5.464207205754204e-23, nan 
126.625, 54.125, 5.591337867249531e-23, nan 
126.875, 54.125, 3.744328728454623e-23, nan 
127.125, 54.125, 1.1499286806561168e-23, nan 
127.375, 54.125, 6.304529712075754e-23, nan 
127.625, 54.125, 6.495773712234366e-23, nan 
127.875, 54.125, 1.2468723205404325e-22, nan 
128.125, 54.125, 1.4375633711426134e-22, nan 
128.375, 54.125, 5.204607043628092e-23, nan 
128.625, 54.125, 2.728631913115398e-23, nan 
128.875, 54.125, 3.953773198010956e-23, nan 
129.125, 54.125, 3.745014929187966e-23, nan 
129.375, 54.125, 1.2449308104353325e-23, nan 
129.625, 54.125, 1.0239793315169369e-23, nan 
129.875, 54.125, 1.6259117465903268e-23, nan 
130.125, 54.125, 1.793969366707207e-23, nan 
130.375, 54.125, 1.806006048529051e-23, nan 
130.625, 54.125, 2.905728091971844e-23, nan 
130.875, 54.125, 3.514819644869193e-23, nan 
131.125, 54.125, 2.066543514445032e-23, nan 
131.375, 54.125, 1.0499616580533707e-23, nan 
131.625, 54.125, 2.2054114596955393e-23, nan 
131.875, 54.125, 2.568170466278771e-23, nan 
132.125, 54.125, 2.3873929847369813e-23, nan 
132.375, 54.125, 5.34626080798847e-23, nan 
132.625, 54.125, 4.472363277981976e-23, nan 
132.875, 54.125, 5.3704303237066225e-24, nan 
133.125, 54.125, 7.772507412115578e-24, nan 
133.375, 54.125, 7.257977427573933e-24, nan 
133.625, 54.125, 8.223293907844545e-24, nan 
133.875, 54.125, 1.567464178113426e-23, nan 
134.125, 54.125, 1.995396334499754e-23, nan 
134.375, 54.125, 2.110625232759192e-23, nan 
134.625, 54.125, 2.3497612876059985e-23, nan 
134.875, 54.125, 1.958668641132615e-23, nan 
135.125, 54.125, 1.7791179802736864e-23, nan 
135.375, 54.125, 3.9450423429855856e-23, nan 
135.625, 54.125, 3.450618301841208e-23, nan 
135.875, 54.125, 1.5049270688445268e-23, nan 
136.125, 54.125, 2.0073642286110846e-23, nan 
136.375, 54.125, 2.7328832719720465e-23, nan 
136.625, 54.125, 3.492671177974374e-23, nan 
136.875, 54.125, 3.021808137064425e-23, nan 
137.125, 54.125, 1.9677160709641348e-23, nan 
137.375, 54.125, 2.3514288925844285e-23, nan 
137.625, 54.125, 3.130588420876726e-23, nan 
137.875, 54.125, 2.90314015427308e-23, nan 
138.125, 54.125, 1.717985335614037e-23, nan 
138.375, 54.125, 7.615684882975052e-24, nan 
138.625, 54.125, 1.5748703235664617e-23, nan 
138.875, 54.125, 7.318735853647574e-23, nan 
139.125, 54.125, 8.605919529984203e-23, nan 
139.375, 54.125, 2.4136517113729135e-22, nan 
139.625, 54.125, 1.8865225114218315e-22, nan 
139.875, 54.125, 1.0418164630897955e-22, nan 
140.125, 54.125, 6.10610464517026e-23, nan 
140.375, 54.125, 1.0789553409840886e-23, nan 
140.625, 54.125, 3.507223522959284e-23, nan 
140.875, 54.125, 2.7826878345734264e-23, nan 
141.125, 54.125, 1.840870041477712e-23, nan 
141.375, 54.125, 1.883696314614336e-23, nan 
141.625, 54.125, 1.6603021831218358e-23, nan 
141.875, 54.125, 7.121221167704287e-24, nan 
142.125, 54.125, 6.717223422196033e-24, nan 
142.375, 54.125, 5.906297692743232e-24, nan 
142.625, 54.125, 4.6300571776027905e-24, nan 
142.875, 54.125, 3.286327002057515e-24, nan 
143.125, 54.125, 1.0391484766508869e-23, nan 
143.375, 54.125, 8.638670550723885e-24, nan 
143.625, 54.125, 3.1583201371491724e-24, nan 
143.875, 54.125, 1.2640301604060669e-23, nan 
144.125, 54.125, 1.5078003161411708e-23, nan 
144.375, 54.125, 1.1635548503693149e-23, nan 
144.625, 54.125, 1.7771095040660398e-24, nan 
144.875, 54.125, 1.5884447515438112e-23, nan 
145.125, 54.125, 1.9847715000427574e-23, nan 
145.375, 54.125, 1.8814863602225927e-23, nan 
145.625, 54.125, 1.5885416775615933e-23, nan 
145.875, 54.125, 1.0855101112665554e-23, nan 
146.125, 54.125, 4.909337881042338e-24, nan 
146.375, 54.125, 2.4854137716923366e-24, nan 
146.625, 54.125, 1.871398516225037e-24, nan 
146.875, 54.125, 1.8113443864113533e-24, nan 
147.125, 54.125, 1.1976969114367314e-24, nan 
147.375, 54.125, 5.242349806742129e-24, nan 
147.625, 54.125, 2.47415095410669e-24, nan 
147.875, 54.125, 2.5988278480421976e-24, nan 
148.125, 54.125, 2.355662982525374e-24, nan 
148.375, 54.125, 3.290277339710835e-24, nan 
148.625, 54.125, 2.503390969791226e-24, nan 
148.875, 54.125, 1.2334864200200424e-23, nan 
149.125, 54.125, 1.3017157299139356e-23, nan 
149.375, 54.125, 4.601369103002867e-24, nan 
149.625, 54.125, 2.937357759429676e-24, nan 
149.875, 54.125, 2.8769139563924752e-24, nan 
150.125, 54.125, 2.5036526326810452e-24, nan 
150.375, 54.125, 1.5704134016466112e-24, nan 
150.625, 54.125, 3.607229720702505e-24, nan 
150.875, 54.125, 7.66637125969953e-24, nan 
151.125, 54.125, 9.503129975779126e-24, nan 
151.375, 54.125, 6.887330407816012e-24, nan 
151.625, 54.125, 5.872697041750461e-24, nan 
151.875, 54.125, 5.530730268344587e-24, nan 
152.125, 54.125, 2.9578971664840567e-24, nan 
152.375, 54.125, 3.142028475031041e-24, nan 
152.625, 54.125, 6.614760629702103e-24, nan 
152.875, 54.125, 3.4702853764593725e-24, nan 
153.125, 54.125, 2.7963244264621246e-24, nan 
153.375, 54.125, 3.45531705656641e-24, nan 
153.625, 54.125, 8.405407305468606e-24, nan 
153.875, 54.125, 7.560488131920276e-24, nan 
154.125, 54.125, 5.4926411474817314e-24, nan 
154.375, 54.125, 6.277140312744175e-24, nan 
154.625, 54.125, 3.8571349348887156e-24, nan 
154.875, 54.125, 3.479951686943961e-24, nan 
155.125, 54.125, 1.8874815576500543e-24, nan 
155.375, 54.125, 3.1820772609452253e-24, nan 
155.625, 54.125, 5.9888696730364344e-24, nan 
155.875, 54.125, 6.862597798123726e-24, nan 
156.125, 54.125, 5.245616750347034e-24, nan 
156.375, 54.125, 1.533565105583831e-24, nan 
156.625, 54.125, 3.028718497534029e-24, nan 
156.875, 54.125, 4.383054763916269e-24, nan 
74.125, 54.375, 1.2289359555666405e-23, nan 
74.375, 54.375, 1.2782410975028201e-23, nan 
74.625, 54.375, 1.1209458712082717e-23, nan 
74.875, 54.375, 1.430963303093673e-23, nan 
75.125, 54.375, 2.1771472442909218e-23, nan 
75.375, 54.375, 1.9643266558547833e-23, nan 
75.625, 54.375, 9.210295518454825e-24, nan 
75.875, 54.375, 8.984498589466961e-24, nan 
76.125, 54.375, 1.075941306307935e-23, nan 
76.375, 54.375, 1.2344913156779832e-23, nan 
76.625, 54.375, 1.4467709108750746e-23, nan 
76.875, 54.375, 9.352045544043121e-24, nan 
77.125, 54.375, 1.5351066621010797e-23, nan 
77.375, 54.375, 1.663049190991459e-23, nan 
77.625, 54.375, 2.2285395059063526e-23, nan 
77.875, 54.375, 2.9826107626165096e-23, nan 
78.125, 54.375, 3.1256839923508625e-23, nan 
78.375, 54.375, 2.6695126216893424e-23, nan 
78.625, 54.375, 1.9719770436117865e-23, nan 
78.875, 54.375, 2.2416356616316092e-23, nan 
79.125, 54.375, 1.881259191096678e-23, nan 
79.375, 54.375, 2.613775468750587e-23, nan 
79.625, 54.375, 2.4460300440631248e-23, nan 
79.875, 54.375, 1.8903610191414633e-23, nan 
80.125, 54.375, 2.303255671504741e-23, nan 
80.375, 54.375, 2.282897462832166e-23, nan 
80.625, 54.375, 2.243989192121769e-23, nan 
80.875, 54.375, 2.5239671145137227e-23, nan 
81.125, 54.375, 1.880417673025891e-23, nan 
81.375, 54.375, 1.2689804161272385e-23, nan 
81.625, 54.375, 1.9533914410762742e-23, nan 
81.875, 54.375, 1.6577116189082255e-23, nan 
82.125, 54.375, 1.4626529146443753e-23, nan 
82.375, 54.375, 4.187854764988789e-24, nan 
82.625, 54.375, 7.321452266229504e-24, nan 
82.875, 54.375, 1.3307223035719916e-23, nan 
83.125, 54.375, 1.5698060900267324e-23, nan 
83.375, 54.375, 2.1525913720062703e-23, nan 
83.625, 54.375, 3.5226102922265466e-23, nan 
83.875, 54.375, 3.625956173119319e-23, nan 
84.125, 54.375, 2.8759349206674357e-23, nan 
84.375, 54.375, 8.291417284280311e-24, nan 
84.625, 54.375, 6.5164602318751955e-24, nan 
84.875, 54.375, 2.744198733742894e-23, nan 
85.125, 54.375, 3.448732771724592e-23, nan 
85.375, 54.375, 4.671196459694042e-23, nan 
85.625, 54.375, 5.267091217611137e-23, nan 
85.875, 54.375, 3.060837001239099e-23, nan 
86.125, 54.375, 1.2296218424237317e-23, nan 
86.375, 54.375, 1.569906316674647e-23, nan 
86.625, 54.375, 3.357802888578237e-23, nan 
86.875, 54.375, 3.5524996948139275e-23, nan 
87.125, 54.375, 2.867302238691664e-23, nan 
87.375, 54.375, 1.2090932357441938e-23, nan 
87.625, 54.375, 2.3911996952704447e-23, nan 
87.875, 54.375, 1.5740785377744606e-23, nan 
88.125, 54.375, 2.2211770371422154e-23, nan 
88.375, 54.375, 2.703470489159115e-23, nan 
88.625, 54.375, 4.5723705860894727e-23, nan 
88.875, 54.375, 3.862969465233332e-23, nan 
89.125, 54.375, 2.614403170789935e-23, nan 
89.375, 54.375, 3.5159504903407435e-23, nan 
89.625, 54.375, 2.960272516489003e-23, nan 
89.875, 54.375, 9.009419155512272e-24, nan 
90.125, 54.375, 7.866203055269451e-24, nan 
90.375, 54.375, 2.7408197845193437e-23, nan 
90.625, 54.375, 3.025312729672029e-23, nan 
90.875, 54.375, 1.764721420231998e-23, nan 
91.125, 54.375, 1.470292056734738e-23, nan 
91.375, 54.375, 1.194732424985946e-23, nan 
91.625, 54.375, 1.6288506178630485e-23, nan 
91.875, 54.375, 2.964670568820532e-23, nan 
92.125, 54.375, 3.050869438418135e-23, nan 
92.375, 54.375, 1.7587578550310763e-23, nan 
92.625, 54.375, 2.6435112128964945e-23, nan 
92.875, 54.375, 2.3372622628740288e-23, nan 
93.125, 54.375, 2.1508439655010635e-23, nan 
93.375, 54.375, 2.3711080293111304e-23, nan 
93.625, 54.375, 3.14833732948919e-23, nan 
93.875, 54.375, 2.6988683611966185e-23, nan 
94.125, 54.375, 3.335083046903514e-23, nan 
94.375, 54.375, 4.093845969575258e-23, nan 
94.625, 54.375, 8.760198873001154e-23, nan 
94.875, 54.375, 7.507763744805688e-23, nan 
95.125, 54.375, 5.078474326485921e-23, nan 
95.375, 54.375, 7.450252483554138e-23, nan 
95.625, 54.375, 2.1281447520355458e-23, nan 
95.875, 54.375, 2.3935897753548023e-23, nan 
96.125, 54.375, 1.9082440391036842e-23, nan 
96.375, 54.375, 3.103929944540776e-23, nan 
96.625, 54.375, 3.188113384866296e-23, nan 
96.875, 54.375, 3.45267311228757e-23, nan 
97.125, 54.375, 5.789867563552648e-23, nan 
97.375, 54.375, 4.8884561586879553e-23, nan 
97.625, 54.375, 4.1020838316686314e-23, nan 
97.875, 54.375, 4.7703381902147403e-23, nan 
98.125, 54.375, 4.500117617706004e-23, nan 
98.375, 54.375, 3.363015120498276e-23, nan 
98.625, 54.375, 2.5723235011562085e-23, nan 
98.875, 54.375, 2.699250753803663e-23, nan 
99.125, 54.375, 2.197580890081894e-23, nan 
99.375, 54.375, 1.3538581590899255e-23, nan 
99.625, 54.375, 3.1042913386144997e-23, nan 
99.875, 54.375, 5.518369994306573e-23, nan 
100.125, 54.375, 5.0889061195654776e-23, nan 
100.375, 54.375, 3.070870342002473e-23, nan 
100.625, 54.375, 3.207148678773071e-23, nan 
100.875, 54.375, 2.9905835796454993e-23, nan 
101.125, 54.375, 3.0088667012024864e-23, nan 
101.375, 54.375, 3.1980527047222696e-23, nan 
101.625, 54.375, 4.2218118221180145e-23, nan 
101.875, 54.375, 4.045921445471639e-23, nan 
102.125, 54.375, 4.512085056624486e-23, nan 
102.375, 54.375, 4.164370759808595e-23, nan 
102.625, 54.375, 7.468296686026381e-23, nan 
102.875, 54.375, 1.4167988200611772e-22, nan 
103.125, 54.375, 1.2962086686610568e-22, nan 
103.375, 54.375, 8.023694230763594e-23, nan 
103.625, 54.375, 1.7072853199963132e-22, nan 
103.875, 54.375, 1.445272306867061e-22, nan 
104.125, 54.375, 1.2966525090102237e-22, nan 
104.375, 54.375, 1.4632653845491733e-22, nan 
104.625, 54.375, 9.55530842343479e-23, nan 
104.875, 54.375, 5.741154843613415e-23, nan 
105.125, 54.375, 2.957564961914674e-23, nan 
105.375, 54.375, 4.44302342377917e-23, nan 
105.625, 54.375, 1.3558300645103332e-22, nan 
105.875, 54.375, 1.8102198364080606e-22, nan 
106.125, 54.375, 1.027199024200299e-22, nan 
106.375, 54.375, 1.6003214314681676e-22, nan 
106.625, 54.375, 1.373643159995233e-22, nan 
106.875, 54.375, 6.27677071391479e-23, nan 
107.125, 54.375, 1.0834899906982701e-22, nan 
107.375, 54.375, 8.821376886277812e-23, nan 
107.625, 54.375, 3.379513540539856e-23, nan 
107.875, 54.375, 3.6493876717836343e-23, nan 
108.125, 54.375, 3.040150892683333e-23, nan 
108.375, 54.375, 2.7972788521740557e-23, nan 
108.625, 54.375, 4.2346353068437495e-23, nan 
108.875, 54.375, 3.120895095187942e-23, nan 
109.125, 54.375, 2.5265503159939088e-23, nan 
109.375, 54.375, 4.029923063772904e-23, nan 
109.625, 54.375, 3.860298207360168e-23, nan 
109.875, 54.375, 3.0609792013968614e-23, nan 
110.125, 54.375, 3.5872420712931583e-23, nan 
110.375, 54.375, 4.634952530971924e-23, nan 
110.625, 54.375, 4.1247977018952917e-23, nan 
110.875, 54.375, 4.257678030512162e-23, nan 
111.125, 54.375, 7.681789197120348e-23, nan 
111.375, 54.375, 4.5934754534655e-23, nan 
111.625, 54.375, 3.1235116230229103e-23, nan 
111.875, 54.375, 1.5383818390750078e-23, nan 
112.125, 54.375, 2.6311806585275586e-23, nan 
112.375, 54.375, 2.4517697076678145e-23, nan 
112.625, 54.375, 2.516868509048672e-23, nan 
112.875, 54.375, 2.454096344340413e-23, nan 
113.125, 54.375, 2.1151367920146825e-23, nan 
113.375, 54.375, 1.393233867266391e-23, nan 
113.625, 54.375, 1.8167272269844463e-23, nan 
113.875, 54.375, 2.707636353718636e-23, nan 
114.125, 54.375, 6.12082596182271e-23, nan 
114.375, 54.375, 8.917139597258072e-23, nan 
114.625, 54.375, 6.420748808507735e-23, nan 
114.875, 54.375, 3.0150589317011034e-23, nan 
115.125, 54.375, 1.5591905230523546e-23, nan 
115.375, 54.375, 2.1654462798800457e-23, nan 
115.625, 54.375, 2.757039808589295e-23, nan 
115.875, 54.375, 2.5385386653597157e-23, nan 
116.125, 54.375, 7.453781801624463e-23, nan 
116.375, 54.375, 8.175356386636553e-23, nan 
116.625, 54.375, 4.3719684403789754e-23, nan 
116.875, 54.375, 2.81668270095849e-23, nan 
117.125, 54.375, 5.958435309094543e-23, nan 
117.375, 54.375, 7.684007892020433e-23, nan 
117.625, 54.375, 9.779653661572395e-23, nan 
117.875, 54.375, 9.139904051047781e-23, nan 
118.125, 54.375, 4.349417087153197e-23, nan 
118.375, 54.375, 3.340426377499548e-23, nan 
118.625, 54.375, 4.4625595823746013e-23, nan 
118.875, 54.375, 2.1415715532778566e-23, nan 
119.125, 54.375, 1.9695058714434755e-23, nan 
119.375, 54.375, 5.356737186582158e-23, nan 
119.625, 54.375, 5.434718142492523e-23, nan 
119.875, 54.375, 3.6145314412530674e-23, nan 
120.125, 54.375, 3.607262870551319e-23, nan 
120.375, 54.375, 4.5076645773947314e-23, nan 
120.625, 54.375, 5.042634101242167e-23, nan 
120.875, 54.375, 4.9609580861240023e-23, nan 
121.125, 54.375, 3.38278698802639e-23, nan 
121.375, 54.375, 3.032065443206258e-23, nan 
121.625, 54.375, 3.495097628340212e-23, nan 
121.875, 54.375, 3.148986354789902e-23, nan 
122.125, 54.375, 3.620010105021859e-23, nan 
122.375, 54.375, 4.1240281973482634e-23, nan 
122.625, 54.375, 4.797853110616495e-23, nan 
122.875, 54.375, 5.635364853271863e-23, nan 
123.125, 54.375, 7.690019712977953e-23, nan 
123.375, 54.375, 7.861527961089997e-23, nan 
123.625, 54.375, 4.279681691448984e-23, nan 
123.875, 54.375, 4.841190221581169e-23, nan 
124.125, 54.375, 4.2220044858692304e-23, nan 
124.375, 54.375, 2.9350290780130277e-23, nan 
124.625, 54.375, 2.909601371095945e-23, nan 
124.875, 54.375, 1.838312816176892e-23, nan 
125.125, 54.375, 1.39628079029293e-23, nan 
125.375, 54.375, 3.211116070418215e-23, nan 
125.625, 54.375, 3.34027831910859e-23, nan 
125.875, 54.375, 2.643535156110937e-23, nan 
126.125, 54.375, 4.651584248320663e-23, nan 
126.375, 54.375, 5.235079159832977e-23, nan 
126.625, 54.375, 3.988168622579639e-23, nan 
126.875, 54.375, 5.333602287292627e-23, nan 
127.125, 54.375, 4.791144957813896e-23, nan 
127.375, 54.375, 3.4868341615031274e-23, nan 
127.625, 54.375, 4.010563823730725e-23, nan 
127.875, 54.375, 3.0069557473196004e-23, nan 
128.125, 54.375, 1.5709622323829025e-22, nan 
128.375, 54.375, 1.626115142045028e-22, nan 
128.625, 54.375, 2.3784769054795756e-23, nan 
128.875, 54.375, 2.766049036395072e-23, nan 
129.125, 54.375, 1.7646877985063197e-23, nan 
129.375, 54.375, 8.89678121112436e-24, nan 
129.625, 54.375, 1.0855598355963678e-23, nan 
129.875, 54.375, 9.29096135750942e-24, nan 
130.125, 54.375, 1.438636459988273e-23, nan 
130.375, 54.375, 2.4002118743987805e-23, nan 
130.625, 54.375, 1.9328298362172228e-23, nan 
130.875, 54.375, 3.974226197203053e-23, nan 
131.125, 54.375, 3.82052026918495e-23, nan 
131.375, 54.375, 1.7576861980766064e-23, nan 
131.625, 54.375, 1.0851300780092846e-23, nan 
131.875, 54.375, 1.49891953517867e-23, nan 
132.125, 54.375, 1.747230990641884e-23, nan 
132.375, 54.375, 3.5371339220556546e-23, nan 
132.625, 54.375, 4.067917557505698e-23, nan 
132.875, 54.375, 3.5482924727514296e-23, nan 
133.125, 54.375, 2.0849065321250737e-23, nan 
133.375, 54.375, 3.482747398729852e-23, nan 
133.625, 54.375, 1.7611827272525623e-23, nan 
133.875, 54.375, 9.178925034041139e-24, nan 
134.125, 54.375, 6.05956837941465e-24, nan 
134.375, 54.375, 8.765713323220375e-24, nan 
134.625, 54.375, 2.1768787842848936e-23, nan 
134.875, 54.375, 2.2920804756378608e-23, nan 
135.125, 54.375, 2.7469725977828845e-23, nan 
135.375, 54.375, 3.1660442369771347e-23, nan 
135.625, 54.375, 1.9574717910277138e-23, nan 
135.875, 54.375, 8.210900822236764e-24, nan 
136.125, 54.375, 3.234390718625975e-23, nan 
136.375, 54.375, 4.7882669767785445e-23, nan 
136.625, 54.375, 4.333065387812353e-23, nan 
136.875, 54.375, 2.341950314686502e-23, nan 
137.125, 54.375, 1.596641538491011e-23, nan 
137.375, 54.375, 1.6359868149767318e-23, nan 
137.625, 54.375, 1.958482089880517e-23, nan 
137.875, 54.375, 1.9173315320557682e-23, nan 
138.125, 54.375, 1.6470293428751598e-23, nan 
138.375, 54.375, 2.0991760810990764e-23, nan 
138.625, 54.375, 1.0025432456489817e-23, nan 
138.875, 54.375, 1.0496576179915387e-22, nan 
139.125, 54.375, 4.975126949882205e-22, nan 
139.375, 54.375, 6.141745800518342e-22, nan 
139.625, 54.375, 3.8319719489587244e-22, nan 
139.875, 54.375, 2.6852125614556414e-22, nan 
140.125, 54.375, 5.678164464118138e-23, nan 
140.375, 54.375, 1.9800654275491963e-23, nan 
140.625, 54.375, 1.3322483823632237e-23, nan 
140.875, 54.375, 5.391912466120525e-24, nan 
141.125, 54.375, 1.3315030144192234e-23, nan 
141.375, 54.375, 1.3394623572948258e-23, nan 
141.625, 54.375, 8.855339139732721e-24, nan 
141.875, 54.375, 7.254694810127477e-24, nan 
142.125, 54.375, 5.2732379671242076e-24, nan 
142.375, 54.375, 7.870060966012726e-24, nan 
142.625, 54.375, 1.0051857908377541e-23, nan 
142.875, 54.375, 1.436948331918632e-23, nan 
143.125, 54.375, 1.357969499075426e-23, nan 
143.375, 54.375, 3.4080646524590674e-24, nan 
143.625, 54.375, 5.43336339680531e-24, nan 
143.875, 54.375, 9.227034544985026e-24, nan 
144.125, 54.375, 8.37449729023239e-24, nan 
144.375, 54.375, 4.178529263325031e-24, nan 
144.625, 54.375, 1.2896521826627872e-23, nan 
144.875, 54.375, 1.4435845410422213e-23, nan 
145.125, 54.375, 2.625791303689287e-23, nan 
145.375, 54.375, 2.4039244112598375e-23, nan 
145.625, 54.375, 1.3231315842242302e-23, nan 
145.875, 54.375, 1.2397371690909358e-23, nan 
146.125, 54.375, 7.502014059014563e-24, nan 
146.375, 54.375, 1.7249596308869957e-24, nan 
146.625, 54.375, 2.206137515366775e-24, nan 
146.875, 54.375, 3.333381621730851e-24, nan 
147.125, 54.375, 8.829578911847685e-24, nan 
147.375, 54.375, 1.2598274939231792e-23, nan 
147.625, 54.375, 7.215469206864234e-24, nan 
147.875, 54.375, 3.6342567110864825e-24, nan 
148.125, 54.375, 5.991112787980193e-24, nan 
148.375, 54.375, 7.969243229315074e-24, nan 
148.625, 54.375, 1.2895091830036701e-23, nan 
148.875, 54.375, 1.8384732155285793e-23, nan 
149.125, 54.375, 1.6716377545080332e-23, nan 
149.375, 54.375, 9.288566930366656e-24, nan 
149.625, 54.375, 3.847895932696912e-24, nan 
149.875, 54.375, 4.0358532322349214e-24, nan 
150.125, 54.375, 2.0368225366179492e-24, nan 
150.375, 54.375, 8.987425799435382e-25, nan 
150.625, 54.375, 2.995206754021254e-24, nan 
150.875, 54.375, 2.7855935819316247e-24, nan 
151.125, 54.375, 4.093989543271121e-24, nan 
151.375, 54.375, 2.132817662560815e-24, nan 
151.625, 54.375, 3.2689618042951195e-24, nan 
151.875, 54.375, 1.506585379678712e-24, nan 
152.125, 54.375, 2.9485438032272207e-24, nan 
152.375, 54.375, 7.46052548023889e-24, nan 
152.625, 54.375, 9.253233730384644e-24, nan 
152.875, 54.375, 5.329637384964402e-24, nan 
153.125, 54.375, 1.0972917113683965e-23, nan 
153.375, 54.375, 9.659420719322796e-24, nan 
153.625, 54.375, 5.8977692107820685e-24, nan 
153.875, 54.375, 3.581040113420676e-24, nan 
154.125, 54.375, 3.55579972125567e-24, nan 
154.375, 54.375, 7.922256827772113e-24, nan 
154.625, 54.375, 1.049726368331089e-23, nan 
154.875, 54.375, 3.0078944283048088e-24, nan 
155.125, 54.375, 1.9483827784862134e-24, nan 
155.375, 54.375, 6.3571691032974324e-24, nan 
155.625, 54.375, 7.847354341415207e-24, nan 
155.875, 54.375, 3.65670851820217e-24, nan 
156.125, 54.375, 2.1070758698270175e-24, nan 
156.375, 54.375, 2.821676550394228e-24, nan 
156.625, 54.375, 3.719627210223806e-24, nan 
156.875, 54.375, 3.970220018882597e-24, nan 
157.125, 54.375, 5.312775241137661e-24, nan 
157.375, 54.375, 5.303092246663009e-24, nan 
73.125, 54.625, 2.061106282545121e-23, nan 
73.375, 54.625, 5.176235022698422e-23, nan 
73.625, 54.625, 4.7695645484405594e-23, nan 
73.875, 54.625, 2.6137564549397698e-23, nan 
74.125, 54.625, 1.1109378097324402e-23, nan 
74.375, 54.625, 1.4707401630511168e-23, nan 
74.625, 54.625, 1.6779669371211572e-23, nan 
74.875, 54.625, 1.6103791507061718e-23, nan 
75.125, 54.625, 1.3538098466050472e-23, nan 
75.375, 54.625, 2.5094550049016307e-24, nan 
75.625, 54.625, 2.9689984909078784e-24, nan 
75.875, 54.625, 3.727613192590443e-24, nan 
76.125, 54.625, 2.96414217553673e-24, nan 
76.375, 54.625, 2.8344247008560892e-24, nan 
76.625, 54.625, 7.160542510134065e-24, nan 
76.875, 54.625, 4.725894378161134e-24, nan 
77.125, 54.625, 1.5709879466246991e-24, nan 
77.375, 54.625, 5.8749564105427386e-24, nan 
77.625, 54.625, 2.6282856520946556e-23, nan 
77.875, 54.625, 2.8138195989918105e-23, nan 
78.125, 54.625, 3.123395220618677e-23, nan 
78.375, 54.625, 3.50610248338926e-23, nan 
78.625, 54.625, 2.4376866156960186e-23, nan 
78.875, 54.625, 1.9489373499024937e-23, nan 
79.125, 54.625, 1.942054121874527e-23, nan 
79.375, 54.625, 2.2103993458924308e-23, nan 
79.625, 54.625, 1.8397455690972363e-23, nan 
79.875, 54.625, 1.4901697028735336e-23, nan 
80.125, 54.625, 1.1481645243407623e-23, nan 
80.375, 54.625, 2.1102660304242905e-23, nan 
80.625, 54.625, 1.9700659581524068e-23, nan 
80.875, 54.625, 2.1728366519905212e-23, nan 
81.125, 54.625, 2.3410353296501466e-23, nan 
81.375, 54.625, 1.963120971072937e-23, nan 
81.625, 54.625, 2.651005356254926e-23, nan 
81.875, 54.625, 1.905902935426724e-23, nan 
82.125, 54.625, 2.5567513943468872e-23, nan 
82.375, 54.625, 2.3266612837831994e-23, nan 
82.625, 54.625, 1.1330635248989879e-23, nan 
82.875, 54.625, 8.729868908998643e-24, nan 
83.125, 54.625, 1.2780416649521807e-23, nan 
83.375, 54.625, 1.599216102984523e-23, nan 
83.625, 54.625, 1.2132633216126666e-23, nan 
83.875, 54.625, 3.810847938122371e-23, nan 
84.125, 54.625, 3.9033681370001746e-23, nan 
84.375, 54.625, 1.5847333693156388e-23, nan 
84.625, 54.625, 1.502373091129773e-23, nan 
84.875, 54.625, 1.521258462939172e-23, nan 
85.125, 54.625, 1.9656236072679165e-23, nan 
85.375, 54.625, 2.721095964467232e-23, nan 
85.625, 54.625, 3.17072201987374e-23, nan 
85.875, 54.625, 4.636431275014729e-23, nan 
86.125, 54.625, 3.757778660294002e-23, nan 
86.375, 54.625, 2.0117007226087758e-23, nan 
86.625, 54.625, 3.211722717019347e-23, nan 
86.875, 54.625, 3.4189288387152026e-23, nan 
87.125, 54.625, 2.2061364174852455e-23, nan 
87.375, 54.625, 2.8095840169688176e-23, nan 
87.625, 54.625, 3.901054862469885e-23, nan 
87.875, 54.625, 2.820430550484969e-23, nan 
88.125, 54.625, 2.8310341431224184e-23, nan 
88.375, 54.625, 5.536258665768722e-23, nan 
88.625, 54.625, 5.413789295221001e-23, nan 
88.875, 54.625, 1.5966680936086143e-23, nan 
89.125, 54.625, 3.0064478990619234e-23, nan 
89.375, 54.625, 4.0967956354792805e-23, nan 
89.625, 54.625, 3.387710647460605e-23, nan 
89.875, 54.625, 1.7347902929267604e-23, nan 
90.125, 54.625, 9.997620292046905e-24, nan 
90.375, 54.625, 1.7813396068924622e-23, nan 
90.625, 54.625, 2.5940980924851307e-23, nan 
90.875, 54.625, 3.0687539042179485e-23, nan 
91.125, 54.625, 2.805402691449214e-23, nan 
91.375, 54.625, 1.4876016547689827e-23, nan 
91.625, 54.625, 1.0378066964415601e-23, nan 
91.875, 54.625, 1.9639035729148652e-23, nan 
92.125, 54.625, 2.7567557912200045e-23, nan 
92.375, 54.625, 2.802139803534688e-23, nan 
92.625, 54.625, 4.0191410846274643e-23, nan 
92.875, 54.625, 3.486907003021585e-23, nan 
93.125, 54.625, 3.3057239834568684e-23, nan 
93.375, 54.625, 2.730937264724198e-23, nan 
93.625, 54.625, 3.349711544326798e-23, nan 
93.875, 54.625, 3.576834063766229e-23, nan 
94.125, 54.625, 2.3407125336461667e-23, nan 
94.375, 54.625, 2.319359037369179e-23, nan 
94.625, 54.625, 3.9549590902253544e-23, nan 
94.875, 54.625, 3.187049210971639e-23, nan 
95.125, 54.625, 2.957123209917737e-23, nan 
95.375, 54.625, 1.9795497470124943e-23, nan 
95.625, 54.625, 2.3868746420819095e-23, nan 
95.875, 54.625, 2.1455111548279233e-23, nan 
96.125, 54.625, 2.2299265344148047e-23, nan 
96.375, 54.625, 1.5591635606492938e-23, nan 
96.625, 54.625, 6.553455266019828e-23, nan 
96.875, 54.625, 7.64269133828708e-23, nan 
97.125, 54.625, 8.641733094847928e-23, nan 
97.375, 54.625, 8.104985871994873e-23, nan 
97.625, 54.625, 4.7036860029119624e-23, nan 
97.875, 54.625, 4.6279413821414524e-23, nan 
98.125, 54.625, 4.5903845334456477e-23, nan 
98.375, 54.625, 3.691212143880453e-23, nan 
98.625, 54.625, 4.059947123977161e-23, nan 
98.875, 54.625, 3.043430536939765e-23, nan 
99.125, 54.625, 3.3226262926793816e-23, nan 
99.375, 54.625, 2.9663328549031094e-23, nan 
99.625, 54.625, 2.802929851689786e-23, nan 
99.875, 54.625, 3.098238370983523e-23, nan 
100.125, 54.625, 4.173832479081414e-23, nan 
100.375, 54.625, 4.988669128179316e-23, nan 
100.625, 54.625, 4.870437660643026e-23, nan 
100.875, 54.625, 3.4472680745104624e-23, nan 
101.125, 54.625, 4.1348503872888525e-23, nan 
101.375, 54.625, 3.6187144836210773e-23, nan 
101.625, 54.625, 4.402128816783635e-23, nan 
101.875, 54.625, 5.517392429323134e-23, nan 
102.125, 54.625, 4.539628550932689e-23, nan 
102.375, 54.625, 3.01716417509318e-23, nan 
102.625, 54.625, 6.48102115999864e-23, nan 
102.875, 54.625, 7.854588201934698e-23, nan 
103.125, 54.625, 9.033913532205317e-23, nan 
103.375, 54.625, 1.4171307586819403e-22, nan 
103.625, 54.625, 1.720051487728438e-22, nan 
103.875, 54.625, 1.3246820541415031e-22, nan 
104.125, 54.625, 1.4036058045013837e-22, nan 
104.375, 54.625, 2.0009419349749677e-22, nan 
104.625, 54.625, 1.8345133566346253e-22, nan 
104.875, 54.625, 7.603788333740359e-23, nan 
105.125, 54.625, 6.922620777106504e-23, nan 
105.375, 54.625, 4.042290536877893e-23, nan 
105.625, 54.625, 6.083375242022216e-23, nan 
105.875, 54.625, 9.712655222734067e-23, nan 
106.125, 54.625, 5.184334728653097e-23, nan 
106.375, 54.625, 7.437382201073422e-23, nan 
106.625, 54.625, 1.1428809693775535e-22, nan 
106.875, 54.625, 1.1714927636824941e-22, nan 
107.125, 54.625, 5.0818343371607546e-23, nan 
107.375, 54.625, 3.1049266388469893e-23, nan 
107.625, 54.625, 3.762943528261913e-23, nan 
107.875, 54.625, 4.10310589572868e-23, nan 
108.125, 54.625, 3.4848957973286774e-23, nan 
108.375, 54.625, 3.7114348393022544e-23, nan 
108.625, 54.625, 5.012941173252793e-23, nan 
108.875, 54.625, 4.0704064918244136e-23, nan 
109.125, 54.625, 5.30971996953229e-23, nan 
109.375, 54.625, 5.2629530551496644e-23, nan 
109.625, 54.625, 4.619253693106549e-23, nan 
109.875, 54.625, 4.13402309708046e-23, nan 
110.125, 54.625, 2.830820746779495e-23, nan 
110.375, 54.625, 4.6227714920950265e-23, nan 
110.625, 54.625, 6.721754663322369e-23, nan 
110.875, 54.625, 1.5489770392449213e-22, nan 
111.125, 54.625, 1.5888581600127766e-22, nan 
111.375, 54.625, 7.32562685784857e-23, nan 
111.625, 54.625, 2.8938481573651634e-23, nan 
111.875, 54.625, 2.5261391031919698e-23, nan 
112.125, 54.625, 1.7333670808837267e-23, nan 
112.375, 54.625, 1.7560271574006055e-23, nan 
112.625, 54.625, 2.2050862642567313e-23, nan 
112.875, 54.625, 2.5680811900715926e-23, nan 
113.125, 54.625, 3.0322293604351145e-23, nan 
113.375, 54.625, 2.0843550820603614e-23, nan 
113.625, 54.625, 1.6007257335536676e-23, nan 
113.875, 54.625, 2.49320744884856e-23, nan 
114.125, 54.625, 5.469457739440832e-23, nan 
114.375, 54.625, 7.337933499802541e-23, nan 
114.625, 54.625, 5.1446266187015993e-23, nan 
114.875, 54.625, 3.494927313351888e-23, nan 
115.125, 54.625, 1.7475408158138043e-23, nan 
115.375, 54.625, 5.6186132524839e-23, nan 
115.625, 54.625, 3.964929058061785e-23, nan 
115.875, 54.625, 7.43800421241843e-23, nan 
116.125, 54.625, 1.103280548652294e-22, nan 
116.375, 54.625, 8.608945830620177e-23, nan 
116.625, 54.625, 3.5403826504691343e-23, nan 
116.875, 54.625, 5.56677265192283e-23, nan 
117.125, 54.625, 7.249075596197786e-23, nan 
117.375, 54.625, 4.699235954993403e-23, nan 
117.625, 54.625, 9.781956167096706e-23, nan 
117.875, 54.625, 1.0259936696406538e-22, nan 
118.125, 54.625, 5.0060216982876247e-23, nan 
118.375, 54.625, 4.725189679070985e-23, nan 
118.625, 54.625, 5.339276395573698e-23, nan 
118.875, 54.625, 3.210866762205702e-23, nan 
119.125, 54.625, 3.3539131072872845e-23, nan 
119.375, 54.625, 6.225885297072054e-23, nan 
119.625, 54.625, 6.034997129195604e-23, nan 
119.875, 54.625, 3.727271709109872e-23, nan 
120.125, 54.625, 5.2733146361353633e-23, nan 
120.375, 54.625, 5.68480386409792e-23, nan 
120.625, 54.625, 3.8626883903317055e-23, nan 
120.875, 54.625, 2.0100323853450486e-23, nan 
121.125, 54.625, 1.9778741109078983e-23, nan 
121.375, 54.625, 2.6361884687954578e-23, nan 
121.625, 54.625, 3.2791250843071045e-23, nan 
121.875, 54.625, 3.796819175845717e-23, nan 
122.125, 54.625, 4.065380404898247e-23, nan 
122.375, 54.625, 4.985851505991028e-23, nan 
122.625, 54.625, 5.575103095706235e-23, nan 
122.875, 54.625, 4.304440318026212e-23, nan 
123.125, 54.625, 5.104204464147611e-23, nan 
123.375, 54.625, 2.015509956370522e-23, nan 
123.625, 54.625, 3.6737369033248934e-23, nan 
123.875, 54.625, 4.934439012584215e-23, nan 
124.125, 54.625, 4.215900919426793e-23, nan 
124.375, 54.625, 3.132126195039401e-23, nan 
124.625, 54.625, 3.709317492389629e-23, nan 
124.875, 54.625, 3.3852087132985e-23, nan 
125.125, 54.625, 3.289934787786965e-23, nan 
125.375, 54.625, 4.3817069708524946e-23, nan 
125.625, 54.625, 3.828901219982852e-23, nan 
125.875, 54.625, 2.7197566916554667e-23, nan 
126.125, 54.625, 2.2751757041957058e-23, nan 
126.375, 54.625, 3.342806306506234e-23, nan 
126.625, 54.625, 6.459310867809128e-23, nan 
126.875, 54.625, 5.896858109101044e-23, nan 
127.125, 54.625, 3.932919175367887e-23, nan 
127.375, 54.625, 3.9731379424761407e-23, nan 
127.625, 54.625, 4.0557272937774705e-23, nan 
127.875, 54.625, 3.9399424237421826e-23, nan 
128.125, 54.625, 2.8084750811469245e-23, nan 
128.375, 54.625, 1.538648085434899e-22, nan 
128.625, 54.625, 1.5034735045998508e-22, nan 
128.875, 54.625, 9.183658843672775e-23, nan 
129.125, 54.625, 1.2834145162733927e-23, nan 
129.375, 54.625, 8.932702237234944e-24, nan 
129.625, 54.625, 8.991165426787906e-24, nan 
129.875, 54.625, 1.1208618860432337e-23, nan 
130.125, 54.625, 1.6809906965819886e-23, nan 
130.375, 54.625, 1.9496390428437453e-23, nan 
130.625, 54.625, 1.7586544231755706e-23, nan 
130.875, 54.625, 1.985728468983488e-23, nan 
131.125, 54.625, 2.0502587606473726e-23, nan 
131.375, 54.625, 2.3026289102829885e-23, nan 
131.625, 54.625, 2.3271337180567378e-23, nan 
131.875, 54.625, 1.4360090445971974e-23, nan 
132.125, 54.625, 1.3322352171463344e-23, nan 
132.375, 54.625, 1.30873651179108e-23, nan 
132.625, 54.625, 3.5729785525910914e-23, nan 
132.875, 54.625, 4.075690279106812e-23, nan 
133.125, 54.625, 3.6971553743718316e-23, nan 
133.375, 54.625, 5.365717090413712e-23, nan 
133.625, 54.625, 4.383878540360123e-23, nan 
133.875, 54.625, 4.151747386913322e-23, nan 
134.125, 54.625, 1.1367436529068546e-23, nan 
134.375, 54.625, 1.1557542561238037e-23, nan 
134.625, 54.625, 1.3851969414096223e-23, nan 
134.875, 54.625, 1.1096276425236006e-23, nan 
135.125, 54.625, 1.0161909005520336e-23, nan 
135.375, 54.625, 9.651130031759457e-24, nan 
135.625, 54.625, 2.820393605648244e-23, nan 
135.875, 54.625, 2.095829897747972e-23, nan 
136.125, 54.625, 2.4519466661074256e-23, nan 
136.375, 54.625, 3.032682294315144e-23, nan 
136.625, 54.625, 2.6245430339694008e-23, nan 
136.875, 54.625, 2.2741858756677828e-23, nan 
137.125, 54.625, 1.993958435879648e-23, nan 
137.375, 54.625, 1.8745467748195946e-23, nan 
137.625, 54.625, 1.3884961137009046e-23, nan 
137.875, 54.625, 2.2950808508537432e-23, nan 
138.125, 54.625, 2.204694306353736e-23, nan 
138.375, 54.625, 2.8739074650162103e-23, nan 
138.625, 54.625, 4.007797472997519e-23, nan 
138.875, 54.625, 3.9428423997867706e-23, nan 
139.125, 54.625, 7.749353325865614e-23, nan 
139.375, 54.625, 2.9141420392215774e-22, nan 
139.625, 54.625, 2.1091240289430018e-22, nan 
139.875, 54.625, 4.413359045998929e-23, nan 
140.125, 54.625, 3.033606725021032e-23, nan 
140.375, 54.625, 3.269551991177514e-23, nan 
140.625, 54.625, 1.6564901945986768e-23, nan 
140.875, 54.625, 3.3726757302589255e-24, nan 
141.125, 54.625, 7.94275672067618e-24, nan 
141.375, 54.625, 9.919353230058457e-24, nan 
141.625, 54.625, 6.690040219639426e-24, nan 
141.875, 54.625, 4.020909739070051e-24, nan 
142.125, 54.625, 3.2159443005018414e-24, nan 
142.375, 54.625, 6.319278488635267e-24, nan 
142.625, 54.625, 7.308449809467131e-24, nan 
142.875, 54.625, 1.0031729455507844e-23, nan 
143.125, 54.625, 1.1265474666719653e-23, nan 
143.375, 54.625, 1.652749191730519e-23, nan 
143.625, 54.625, 1.5984921950450458e-23, nan 
143.875, 54.625, 6.167892543282699e-24, nan 
144.125, 54.625, 6.0715234082230985e-24, nan 
144.375, 54.625, 8.698255403208232e-24, nan 
144.625, 54.625, 1.1142040041408182e-23, nan 
144.875, 54.625, 2.2117662166472488e-23, nan 
145.125, 54.625, 2.3488990932060367e-23, nan 
145.375, 54.625, 1.241673773280633e-23, nan 
145.625, 54.625, 1.4883186548734007e-23, nan 
145.875, 54.625, 5.575765094102076e-24, nan 
146.125, 54.625, 3.6127016521145665e-24, nan 
146.375, 54.625, 5.923034605262692e-24, nan 
146.625, 54.625, 6.835056889138645e-24, nan 
146.875, 54.625, 5.793078357669155e-24, nan 
147.125, 54.625, 7.006122870590408e-24, nan 
147.375, 54.625, 7.919893172150702e-24, nan 
147.625, 54.625, 2.8775394004504866e-24, nan 
147.875, 54.625, 3.014349737007011e-24, nan 
148.125, 54.625, 3.141037302822213e-24, nan 
148.375, 54.625, 7.213783515361586e-24, nan 
148.625, 54.625, 1.4440118074650012e-23, nan 
148.875, 54.625, 1.3274817104087437e-23, nan 
149.125, 54.625, 4.125808462852552e-24, nan 
149.375, 54.625, 5.576833979597639e-24, nan 
149.625, 54.625, 6.755495060376255e-24, nan 
149.875, 54.625, 5.797777632909102e-24, nan 
150.125, 54.625, 2.404940683627301e-24, nan 
150.375, 54.625, 4.231171044310041e-24, nan 
150.625, 54.625, 3.8526029675432145e-24, nan 
150.875, 54.625, 8.546308277043084e-25, nan 
151.125, 54.625, 3.072093226353787e-24, nan 
151.375, 54.625, 3.6253813714040316e-24, nan 
151.625, 54.625, 3.869079941601064e-24, nan 
151.875, 54.625, 3.2427123874037773e-24, nan 
152.125, 54.625, 5.2355051366523205e-24, nan 
152.375, 54.625, 6.5349978677963865e-24, nan 
152.625, 54.625, 5.3243394425881725e-24, nan 
152.875, 54.625, 6.2662552201300604e-24, nan 
153.125, 54.625, 8.106967946181633e-24, nan 
153.375, 54.625, 4.895262607744613e-24, nan 
153.625, 54.625, 5.454675203285729e-24, nan 
153.875, 54.625, 2.921965982227558e-24, nan 
154.125, 54.625, 2.348176799488152e-24, nan 
154.375, 54.625, 6.0508680996372196e-24, nan 
154.625, 54.625, 1.3103620537965293e-23, nan 
154.875, 54.625, 8.238822826984486e-24, nan 
155.125, 54.625, 4.203324143812112e-24, nan 
155.375, 54.625, 4.252610278482793e-24, nan 
155.625, 54.625, 5.431371751673595e-24, nan 
155.875, 54.625, 5.966652655752493e-24, nan 
156.125, 54.625, 4.7152130665816486e-24, nan 
156.375, 54.625, 1.8640300223045915e-24, nan 
156.625, 54.625, 2.3332014885680772e-24, nan 
156.875, 54.625, 8.548972345630248e-24, nan 
157.125, 54.625, 7.81261302673413e-24, nan 
157.375, 54.625, 8.22464313787783e-24, nan 
157.625, 54.625, 7.782374228056031e-24, nan 
157.875, 54.625, 2.3918843229132287e-24, nan 
72.125, 54.875, 8.041291206183497e-24, nan 
72.375, 54.875, 1.0560714507308622e-23, nan 
72.625, 54.875, 1.0227644160268448e-23, nan 
72.875, 54.875, 1.400126617522744e-23, nan 
73.125, 54.875, 7.07197335125927e-23, nan 
73.375, 54.875, 9.722650989417208e-23, nan 
73.625, 54.875, 8.352246357786868e-23, nan 
73.875, 54.875, 6.842517514606119e-23, nan 
74.125, 54.875, 1.454599818911615e-23, nan 
74.375, 54.875, 1.052190210422328e-23, nan 
74.625, 54.875, 1.0579749650763026e-23, nan 
74.875, 54.875, 8.437486963992124e-24, nan 
75.125, 54.875, 4.5797212068418095e-24, nan 
75.375, 54.875, 3.716947051175336e-24, nan 
75.625, 54.875, 3.0590516340941575e-24, nan 
75.875, 54.875, 5.5725413766502686e-24, nan 
76.125, 54.875, 8.418524105662276e-24, nan 
76.375, 54.875, 5.5680105408532995e-24, nan 
76.625, 54.875, 5.990628293323753e-24, nan 
76.875, 54.875, 6.3959212585635354e-24, nan 
77.125, 54.875, 4.7994397132660266e-24, nan 
77.375, 54.875, 5.954123191673547e-24, nan 
77.625, 54.875, 1.9109606934474068e-23, nan 
77.875, 54.875, 2.6084784700247475e-23, nan 
78.125, 54.875, 4.225408384728701e-23, nan 
78.375, 54.875, 4.1245953204836707e-23, nan 
78.625, 54.875, 2.644409215249786e-23, nan 
78.875, 54.875, 2.3200796703419618e-23, nan 
79.125, 54.875, 2.254360515849527e-23, nan 
79.375, 54.875, 2.2671037015693267e-23, nan 
79.625, 54.875, 1.3706742892148285e-23, nan 
79.875, 54.875, 1.2537716708461399e-23, nan 
80.125, 54.875, 8.811697792961154e-24, nan 
80.375, 54.875, 1.1663317687127974e-23, nan 
80.625, 54.875, 1.1411109213861473e-23, nan 
80.875, 54.875, 1.529542111662361e-23, nan 
81.125, 54.875, 1.6802103209111406e-23, nan 
81.375, 54.875, 1.7648667759434164e-23, nan 
81.625, 54.875, 4.569465481289316e-23, nan 
81.875, 54.875, 5.073335039387234e-23, nan 
82.125, 54.875, 2.4461206869427567e-23, nan 
82.375, 54.875, 2.1854545353998207e-23, nan 
82.625, 54.875, 1.745698297549189e-23, nan 
82.875, 54.875, 1.7021798032368725e-23, nan 
83.125, 54.875, 1.1926880326460555e-23, nan 
83.375, 54.875, 7.483233156064209e-24, nan 
83.625, 54.875, 1.218381127357891e-23, nan 
83.875, 54.875, 1.5105454962485668e-23, nan 
84.125, 54.875, 1.6372197742752942e-23, nan 
84.375, 54.875, 1.642668485212573e-23, nan 
84.625, 54.875, 1.7186169996868936e-23, nan 
84.875, 54.875, 2.3843174660843234e-23, nan 
85.125, 54.875, 1.7754218690364828e-23, nan 
85.375, 54.875, 2.065990020129108e-23, nan 
85.625, 54.875, 2.2535880917599513e-23, nan 
85.875, 54.875, 5.564478881051421e-23, nan 
86.125, 54.875, 4.445165195138961e-23, nan 
86.375, 54.875, 2.4428090001121578e-23, nan 
86.625, 54.875, 3.008639445122544e-23, nan 
86.875, 54.875, 3.917317504560011e-23, nan 
87.125, 54.875, 2.66584072635958e-23, nan 
87.375, 54.875, 8.929433776611704e-24, nan 
87.625, 54.875, 2.3029374099075183e-23, nan 
87.875, 54.875, 4.566429016269636e-23, nan 
88.125, 54.875, 4.997498123762368e-23, nan 
88.375, 54.875, 5.840699619873629e-23, nan 
88.625, 54.875, 5.413673511538719e-23, nan 
88.875, 54.875, 3.402321341191474e-23, nan 
89.125, 54.875, 4.354578265608071e-23, nan 
89.375, 54.875, 3.673135551610952e-23, nan 
89.625, 54.875, 1.8213631255080428e-23, nan 
89.875, 54.875, 1.6015351219265852e-23, nan 
90.125, 54.875, 1.99419330144349e-23, nan 
90.375, 54.875, 1.9868167302441275e-23, nan 
90.625, 54.875, 1.0805184573510831e-23, nan 
90.875, 54.875, 2.4052382138239162e-23, nan 
91.125, 54.875, 2.8927384676281406e-23, nan 
91.375, 54.875, 1.8776882000096503e-23, nan 
91.625, 54.875, 2.1729343467852595e-23, nan 
91.875, 54.875, 2.3131287251078752e-23, nan 
92.125, 54.875, 1.742727404543389e-23, nan 
92.375, 54.875, 1.7507087227999625e-23, nan 
92.625, 54.875, 2.807250085209759e-23, nan 
92.875, 54.875, 2.840339395165426e-23, nan 
93.125, 54.875, 4.2687603392486e-23, nan 
93.375, 54.875, 4.6996860894667387e-23, nan 
93.625, 54.875, 2.0253875520536436e-23, nan 
93.875, 54.875, 2.669274764680141e-23, nan 
94.125, 54.875, 2.227564043357084e-23, nan 
94.375, 54.875, 1.4355787405087548e-23, nan 
94.625, 54.875, 2.745446208268638e-23, nan 
94.875, 54.875, 3.1433752006606756e-23, nan 
95.125, 54.875, 1.6539309295700912e-23, nan 
95.375, 54.875, 2.3014879549120063e-23, nan 
95.625, 54.875, 2.7745903676835344e-23, nan 
95.875, 54.875, 2.29965665839922e-23, nan 
96.125, 54.875, 2.512322425021664e-23, nan 
96.375, 54.875, 2.5118422500599042e-23, nan 
96.625, 54.875, 1.5828106780603153e-23, nan 
96.875, 54.875, 4.645595009852051e-23, nan 
97.125, 54.875, 6.10937965726321e-23, nan 
97.375, 54.875, 4.0452441536636626e-23, nan 
97.625, 54.875, 3.931169582833288e-23, nan 
97.875, 54.875, 4.086614060246557e-23, nan 
98.125, 54.875, 3.662271389947005e-23, nan 
98.375, 54.875, 7.366328193594802e-23, nan 
98.625, 54.875, 1.0162996555009122e-22, nan 
98.875, 54.875, 5.982460816734988e-23, nan 
99.125, 54.875, 4.181632113870833e-23, nan 
99.375, 54.875, 4.0078317766506095e-23, nan 
99.625, 54.875, 3.9006210608923115e-23, nan 
99.875, 54.875, 3.3671362441895185e-23, nan 
100.125, 54.875, 3.4699589885368726e-23, nan 
100.375, 54.875, 3.9888336122756767e-23, nan 
100.625, 54.875, 4.761616261586663e-23, nan 
100.875, 54.875, 4.1762683960274133e-23, nan 
101.125, 54.875, 3.838902904212802e-23, nan 
101.375, 54.875, 2.4933389165856282e-23, nan 
101.625, 54.875, 4.7331637542542844e-23, nan 
101.875, 54.875, 4.799315039523287e-23, nan 
102.125, 54.875, 4.979386289805036e-23, nan 
102.375, 54.875, 8.476176284438664e-23, nan 
102.625, 54.875, 1.1779972249651016e-22, nan 
102.875, 54.875, 1.130015320882368e-22, nan 
103.125, 54.875, 1.290349802390116e-22, nan 
103.375, 54.875, 1.921419158070698e-22, nan 
103.625, 54.875, 1.839224765376042e-22, nan 
103.875, 54.875, 1.3637551958204683e-22, nan 
104.125, 54.875, 8.242270214886414e-23, nan 
104.375, 54.875, 9.789888435008124e-23, nan 
104.625, 54.875, 1.5703388580871158e-22, nan 
104.875, 54.875, 1.3246466995199674e-22, nan 
105.125, 54.875, 5.557415443373134e-23, nan 
105.375, 54.875, 2.0594956554374793e-23, nan 
105.625, 54.875, 5.696023679985263e-23, nan 
105.875, 54.875, 7.471110154039974e-23, nan 
106.125, 54.875, 8.828059619692049e-23, nan 
106.375, 54.875, 8.10151519953988e-23, nan 
106.625, 54.875, 7.60267855603687e-23, nan 
106.875, 54.875, 7.044362106105518e-23, nan 
107.125, 54.875, 3.8536810174269134e-23, nan 
107.375, 54.875, 4.4647452766658415e-23, nan 
107.625, 54.875, 4.724940104598325e-23, nan 
107.875, 54.875, 9.419956248219211e-23, nan 
108.125, 54.875, 3.5444480855579205e-23, nan 
108.375, 54.875, 3.4743468806385334e-23, nan 
108.625, 54.875, 4.779086531438021e-23, nan 
108.875, 54.875, 5.336555563877264e-23, nan 
109.125, 54.875, 6.429462119500315e-23, nan 
109.375, 54.875, 4.580237208511539e-23, nan 
109.625, 54.875, 3.839270458388536e-23, nan 
109.875, 54.875, 5.013587301515495e-23, nan 
110.125, 54.875, 4.6154216869357334e-23, nan 
110.375, 54.875, 5.97655461951518e-23, nan 
110.625, 54.875, 1.423867497435908e-22, nan 
110.875, 54.875, 1.726506454499372e-22, nan 
111.125, 54.875, 1.5445345006442977e-22, nan 
111.375, 54.875, 1.2394492007167308e-22, nan 
111.625, 54.875, 3.899162434188557e-23, nan 
111.875, 54.875, 4.5752900892291397e-23, nan 
112.125, 54.875, 3.0133452478159296e-23, nan 
112.375, 54.875, 1.2664650868303118e-23, nan 
112.625, 54.875, 2.1989319396756566e-23, nan 
112.875, 54.875, 3.125154621463421e-23, nan 
113.125, 54.875, 5.135338447634591e-23, nan 
113.375, 54.875, 3.731707110290353e-23, nan 
113.625, 54.875, 2.215342769489623e-23, nan 
113.875, 54.875, 2.4316742091201764e-23, nan 
114.125, 54.875, 1.8251280384671064e-23, nan 
114.375, 54.875, 3.3613663821697214e-23, nan 
114.625, 54.875, 2.0992669218277228e-23, nan 
114.875, 54.875, 3.549480350553976e-23, nan 
115.125, 54.875, 9.003760285766213e-23, nan 
115.375, 54.875, 9.499462473257166e-23, nan 
115.625, 54.875, 3.833313840028911e-23, nan 
115.875, 54.875, 1.1036827568236243e-22, nan 
116.125, 54.875, 1.406317941750228e-22, nan 
116.375, 54.875, 1.0302834874944058e-22, nan 
116.625, 54.875, 5.390584495900101e-23, nan 
116.875, 54.875, 7.528918343012696e-23, nan 
117.125, 54.875, 7.453428454278478e-23, nan 
117.375, 54.875, 4.822359334854556e-23, nan 
117.625, 54.875, 9.597767758234923e-23, nan 
117.875, 54.875, 9.590095092594281e-23, nan 
118.125, 54.875, 5.406684480579137e-23, nan 
118.375, 54.875, 3.289844255839148e-23, nan 
118.625, 54.875, 2.8026855361238833e-23, nan 
118.875, 54.875, 3.022692985799194e-23, nan 
119.125, 54.875, 4.48733985442935e-23, nan 
119.375, 54.875, 7.904836714694056e-23, nan 
119.625, 54.875, 6.860061884023282e-23, nan 
119.875, 54.875, 3.334274749844872e-23, nan 
120.125, 54.875, 3.815075093146046e-23, nan 
120.375, 54.875, 4.516307480092548e-23, nan 
120.625, 54.875, 3.806797261639241e-23, nan 
120.875, 54.875, 3.086552518646266e-23, nan 
121.125, 54.875, 4.4593466623541495e-23, nan 
121.375, 54.875, 4.2692771105460713e-23, nan 
121.625, 54.875, 4.4386700300972647e-23, nan 
121.875, 54.875, 4.6986678285900665e-23, nan 
122.125, 54.875, 7.976499317350173e-23, nan 
122.375, 54.875, 8.846907327186625e-23, nan 
122.625, 54.875, 7.012486089262849e-23, nan 
122.875, 54.875, 3.97174009694398e-23, nan 
123.125, 54.875, 3.845708494014955e-23, nan 
123.375, 54.875, 2.1352210395802859e-23, nan 
123.625, 54.875, 2.605327945472652e-23, nan 
123.875, 54.875, 3.968144350621005e-23, nan 
124.125, 54.875, 4.365816956329593e-23, nan 
124.375, 54.875, 3.6840353450220913e-23, nan 
124.625, 54.875, 3.1669639023051624e-23, nan 
124.875, 54.875, 3.039996029042351e-23, nan 
125.125, 54.875, 3.232720107196644e-23, nan 
125.375, 54.875, 2.791417388461265e-23, nan 
125.625, 54.875, 3.2926552127686815e-23, nan 
125.875, 54.875, 2.0849099345780347e-23, nan 
126.125, 54.875, 2.160428204623919e-23, nan 
126.375, 54.875, 2.2693307178582885e-23, nan 
126.625, 54.875, 5.696441882335924e-23, nan 
126.875, 54.875, 6.499170568775843e-23, nan 
127.125, 54.875, 2.5605722681709936e-23, nan 
127.375, 54.875, 2.6876893036429403e-23, nan 
127.625, 54.875, 3.960313828803819e-23, nan 
127.875, 54.875, 6.02098171527501e-23, nan 
128.125, 54.875, 5.91666950552481e-23, nan 
128.375, 54.875, 3.943484301053741e-23, nan 
128.625, 54.875, 9.24633220658426e-23, nan 
128.875, 54.875, 1.7987938451043467e-22, nan 
129.125, 54.875, 1.4962849834801885e-22, nan 
129.375, 54.875, 8.175227251230106e-24, nan 
129.625, 54.875, 1.2142971741334422e-23, nan 
129.875, 54.875, 2.0676504991485648e-23, nan 
130.125, 54.875, 3.2441548957556336e-23, nan 
130.375, 54.875, 1.0179473344836178e-23, nan 
130.625, 54.875, 1.0600155598249633e-23, nan 
130.875, 54.875, 4.053825491901992e-24, nan 
131.125, 54.875, 1.0698534625011703e-23, nan 
131.375, 54.875, 1.5605375312904524e-23, nan 
131.625, 54.875, 2.6511972903563755e-23, nan 
131.875, 54.875, 2.294931775811755e-23, nan 
132.125, 54.875, 1.593136892691793e-23, nan 
132.375, 54.875, 6.682863963051491e-23, nan 
132.625, 54.875, 7.245886024683161e-23, nan 
132.875, 54.875, 3.751712424369517e-23, nan 
133.125, 54.875, 3.4983581314889654e-23, nan 
133.375, 54.875, 2.2256074116262543e-23, nan 
133.625, 54.875, 2.0447839666558316e-23, nan 
133.875, 54.875, 5.780184773722403e-23, nan 
134.125, 54.875, 5.009999747229163e-23, nan 
134.375, 54.875, 1.7695085234724783e-23, nan 
134.625, 54.875, 1.8885339935203936e-23, nan 
134.875, 54.875, 9.397009477342661e-24, nan 
135.125, 54.875, 1.7323539359220428e-23, nan 
135.375, 54.875, 1.7690312133096292e-23, nan 
135.625, 54.875, 1.1276330792257908e-23, nan 
135.875, 54.875, 4.312276724673022e-24, nan 
136.125, 54.875, 7.264550186223528e-24, nan 
136.375, 54.875, 2.4439997334013242e-23, nan 
136.625, 54.875, 2.188083442687363e-23, nan 
136.875, 54.875, 6.501903644926771e-24, nan 
137.125, 54.875, 1.0917385573408758e-23, nan 
137.375, 54.875, 1.5198002054267474e-23, nan 
137.625, 54.875, 1.4518175937320958e-23, nan 
137.875, 54.875, 1.361032157417174e-23, nan 
138.125, 54.875, 1.8447623624577093e-23, nan 
138.375, 54.875, 1.1973973893183546e-23, nan 
138.625, 54.875, 3.3695767788204944e-23, nan 
138.875, 54.875, 3.605494418907211e-23, nan 
139.125, 54.875, 2.9497239003938124e-23, nan 
139.375, 54.875, 5.846481762303537e-23, nan 
139.625, 54.875, 3.546023650742269e-23, nan 
139.875, 54.875, 2.0730633862942e-23, nan 
140.125, 54.875, 2.9956988220537315e-23, nan 
140.375, 54.875, 3.1367539900434894e-23, nan 
140.625, 54.875, 1.607800800360392e-23, nan 
140.875, 54.875, 5.8927872848424624e-24, nan 
141.125, 54.875, 1.3730334331060826e-23, nan 
141.375, 54.875, 1.469615148313961e-23, nan 
141.625, 54.875, 1.2755304584452317e-23, nan 
141.875, 54.875, 8.762367185043747e-24, nan 
142.125, 54.875, 5.413812828879588e-24, nan 
142.375, 54.875, 5.421431847406851e-24, nan 
142.625, 54.875, 9.408432895342834e-24, nan 
142.875, 54.875, 1.5279764762431054e-23, nan 
143.125, 54.875, 1.3511663852326268e-23, nan 
143.375, 54.875, 3.251563753062623e-23, nan 
143.625, 54.875, 2.678341464193157e-23, nan 
143.875, 54.875, 5.8304847739843425e-24, nan 
144.125, 54.875, 6.869891040406008e-24, nan 
144.375, 54.875, 8.005621366016207e-24, nan 
144.625, 54.875, 2.3699298397268058e-23, nan 
144.875, 54.875, 2.274289645942008e-23, nan 
145.125, 54.875, 1.4367994857392322e-23, nan 
145.375, 54.875, 1.540815390718512e-23, nan 
145.625, 54.875, 1.1459209490136668e-23, nan 
145.875, 54.875, 7.315720045131892e-24, nan 
146.125, 54.875, 6.68226312511685e-24, nan 
146.375, 54.875, 8.81436309553831e-24, nan 
146.625, 54.875, 7.926531649211605e-24, nan 
146.875, 54.875, 3.5771123679424425e-24, nan 
147.125, 54.875, 2.884381855607076e-24, nan 
147.375, 54.875, 3.1575834626887797e-24, nan 
147.625, 54.875, 3.0835395142758242e-24, nan 
147.875, 54.875, 2.8799099526584836e-24, nan 
148.125, 54.875, 1.0394546293111805e-23, nan 
148.375, 54.875, 1.1864254698451916e-23, nan 
148.625, 54.875, 8.215185365039352e-24, nan 
148.875, 54.875, 5.815428178506655e-24, nan 
149.125, 54.875, 3.917314842881232e-24, nan 
149.375, 54.875, 2.4386186953067166e-24, nan 
149.625, 54.875, 3.1399984348977877e-24, nan 
149.875, 54.875, 4.346940585044203e-24, nan 
150.125, 54.875, 3.2382169699746366e-24, nan 
150.375, 54.875, 4.3173114416188476e-24, nan 
150.625, 54.875, 4.243087315522202e-24, nan 
150.875, 54.875, 5.837910251713187e-24, nan 
151.125, 54.875, 5.265324827362777e-24, nan 
151.375, 54.875, 1.0277719222750454e-23, nan 
151.625, 54.875, 4.6635351883466004e-24, nan 
151.875, 54.875, 4.4140338303348805e-24, nan 
152.125, 54.875, 8.0062778167218e-24, nan 
152.375, 54.875, 1.0285281135227773e-23, nan 
152.625, 54.875, 8.584448180557332e-24, nan 
152.875, 54.875, 6.901449824730438e-24, nan 
153.125, 54.875, 4.440138650665907e-24, nan 
153.375, 54.875, 3.09685971318127e-24, nan 
153.625, 54.875, 4.957119656154613e-24, nan 
153.875, 54.875, 4.406416848069106e-24, nan 
154.125, 54.875, 7.146935820581549e-24, nan 
154.375, 54.875, 1.5260849318697672e-23, nan 
154.625, 54.875, 1.8052385209201014e-23, nan 
154.875, 54.875, 1.2133684822319629e-23, nan 
155.125, 54.875, 7.683580661361665e-24, nan 
155.375, 54.875, 5.246476876111231e-24, nan 
155.625, 54.875, 3.326506059208807e-24, nan 
155.875, 54.875, 7.697416809685797e-24, nan 
156.125, 54.875, 7.385174411458482e-24, nan 
156.375, 54.875, 6.011787605656812e-24, nan 
156.625, 54.875, 9.14972665289226e-24, nan 
156.875, 54.875, 1.0477927086670866e-23, nan 
157.125, 54.875, 1.1722994134056327e-23, nan 
157.375, 54.875, 1.0988447018208756e-23, nan 
157.625, 54.875, 3.595569178406248e-24, nan 
157.875, 54.875, 3.2787772337041855e-24, nan 
158.125, 54.875, 5.092695104386418e-24, nan 
158.375, 54.875, 5.125953701733064e-24, nan 
71.125, 55.125, 1.040452358695652e-23, nan 
71.375, 55.125, 7.443747616027072e-24, nan 
71.625, 55.125, 6.828001102345947e-24, nan 
71.875, 55.125, 1.0665125366803003e-23, nan 
72.125, 55.125, 3.8953191681927885e-24, nan 
72.375, 55.125, 8.90872567993059e-24, nan 
72.625, 55.125, 8.946414732414286e-24, nan 
72.875, 55.125, 8.343138032340961e-24, nan 
73.125, 55.125, 2.0943106080146628e-23, nan 
73.375, 55.125, 5.947146276491621e-23, nan 
73.625, 55.125, 5.2471840932160327e-23, nan 
73.875, 55.125, 1.8109011720318436e-23, nan 
74.125, 55.125, 2.205416735847953e-23, nan 
74.375, 55.125, 2.0859848630252665e-23, nan 
74.625, 55.125, 7.763400407377955e-24, nan 
74.875, 55.125, 6.771670808727094e-24, nan 
75.125, 55.125, 6.4882799260976984e-24, nan 
75.375, 55.125, 6.269304418485514e-24, nan 
75.625, 55.125, 8.67882956696511e-24, nan 
75.875, 55.125, 6.672692333210938e-24, nan 
76.125, 55.125, 8.736357032077277e-24, nan 
76.375, 55.125, 5.9738865861292165e-24, nan 
76.625, 55.125, 5.843044226533121e-24, nan 
76.875, 55.125, 7.041649979614478e-24, nan 
77.125, 55.125, 7.27387348806991e-24, nan 
77.375, 55.125, 7.632810443351654e-24, nan 
77.625, 55.125, 1.9144393055930383e-23, nan 
77.875, 55.125, 2.4891267413357222e-23, nan 
78.125, 55.125, 1.8542388037944945e-23, nan 
78.375, 55.125, 2.0747855301315332e-23, nan 
78.625, 55.125, 4.201895457662139e-23, nan 
78.875, 55.125, 4.083351785328208e-23, nan 
79.125, 55.125, 2.6205213721939346e-23, nan 
79.375, 55.125, 3.162670807592452e-23, nan 
79.625, 55.125, 2.297390636914936e-23, nan 
79.875, 55.125, 1.631054488208041e-23, nan 
80.125, 55.125, 9.542931664403565e-24, nan 
80.375, 55.125, 1.8232960563455543e-23, nan 
80.625, 55.125, 1.948344919911844e-23, nan 
80.875, 55.125, 1.9092252482482255e-23, nan 
81.125, 55.125, 1.6387841106612844e-23, nan 
81.375, 55.125, 1.045781368995226e-23, nan 
81.625, 55.125, 1.543818567474791e-23, nan 
81.875, 55.125, 5.469624914970332e-23, nan 
82.125, 55.125, 6.211586844173687e-23, nan 
82.375, 55.125, 4.154812490446963e-23, nan 
82.625, 55.125, 2.1445910650582337e-23, nan 
82.875, 55.125, 1.7608933891256517e-23, nan 
83.125, 55.125, 1.7582512645852862e-23, nan 
83.375, 55.125, 1.361098893605947e-23, nan 
83.625, 55.125, 1.0519642045087924e-23, nan 
83.875, 55.125, 1.306579208047e-23, nan 
84.125, 55.125, 1.151821795026832e-23, nan 
84.375, 55.125, 9.593347831411932e-24, nan 
84.625, 55.125, 5.815929726168639e-24, nan 
84.875, 55.125, 2.0754556340842733e-23, nan 
85.125, 55.125, 2.8315571514651485e-23, nan 
85.375, 55.125, 3.163129210034138e-23, nan 
85.625, 55.125, 4.078175347821019e-23, nan 
85.875, 55.125, 5.853047064795284e-23, nan 
86.125, 55.125, 2.131042918689816e-23, nan 
86.375, 55.125, 3.6434464639060456e-23, nan 
86.625, 55.125, 3.739013609537502e-23, nan 
86.875, 55.125, 3.4531640863131643e-23, nan 
87.125, 55.125, 3.2235150909078814e-23, nan 
87.375, 55.125, 3.327229796546764e-23, nan 
87.625, 55.125, 3.861197469707355e-23, nan 
87.875, 55.125, 2.781748403718119e-23, nan 
88.125, 55.125, 2.729062484672596e-23, nan 
88.375, 55.125, 3.362591600269913e-23, nan 
88.625, 55.125, 4.6816368314099913e-23, nan 
88.875, 55.125, 3.450398590221486e-23, nan 
89.125, 55.125, 2.3616051825674965e-23, nan 
89.375, 55.125, 3.853139709321208e-23, nan 
89.625, 55.125, 3.5546359893191144e-23, nan 
89.875, 55.125, 1.3272868448775538e-23, nan 
90.125, 55.125, 2.2607162919121254e-23, nan 
90.375, 55.125, 3.2060733611802956e-23, nan 
90.625, 55.125, 2.539736387719747e-23, nan 
90.875, 55.125, 1.5248400228776385e-23, nan 
91.125, 55.125, 2.5599680408438675e-23, nan 
91.375, 55.125, 2.893424420011839e-23, nan 
91.625, 55.125, 2.2714012973184314e-23, nan 
91.875, 55.125, 1.8709963218182044e-23, nan 
92.125, 55.125, 2.214550800602369e-23, nan 
92.375, 55.125, 2.1941329240349337e-23, nan 
92.625, 55.125, 3.6076438458331944e-23, nan 
92.875, 55.125, 3.64500760246796e-23, nan 
93.125, 55.125, 2.108578745282081e-23, nan 
93.375, 55.125, 3.191630459210237e-23, nan 
93.625, 55.125, 3.243154766688417e-23, nan 
93.875, 55.125, 4.30468659200351e-23, nan 
94.125, 55.125, 3.168812597376009e-23, nan 
94.375, 55.125, 2.0250668095398463e-23, nan 
94.625, 55.125, 2.307235746350763e-23, nan 
94.875, 55.125, 3.99694989344464e-23, nan 
95.125, 55.125, 3.298979848127682e-23, nan 
95.375, 55.125, 1.648321433150971e-23, nan 
95.625, 55.125, 8.952825757487802e-24, nan 
95.875, 55.125, 1.3693102669198292e-23, nan 
96.125, 55.125, 2.6356355116116748e-23, nan 
96.375, 55.125, 3.314110708635568e-23, nan 
96.625, 55.125, 3.708082579293095e-23, nan 
96.875, 55.125, 3.420683491845074e-23, nan 
97.125, 55.125, 5.657630611020075e-23, nan 
97.375, 55.125, 2.2916578892563e-23, nan 
97.625, 55.125, 2.4692554098427317e-23, nan 
97.875, 55.125, 3.201397842517797e-23, nan 
98.125, 55.125, 8.774904660826764e-23, nan 
98.375, 55.125, 1.2359052831963542e-22, nan 
98.625, 55.125, 1.4598518328432365e-22, nan 
98.875, 55.125, 1.2013064676339297e-22, nan 
99.125, 55.125, 7.200279574320518e-23, nan 
99.375, 55.125, 3.8846368241613876e-23, nan 
99.625, 55.125, 3.723221607984542e-23, nan 
99.875, 55.125, 3.6526916943426634e-23, nan 
100.125, 55.125, 4.8877615569617974e-23, nan 
100.375, 55.125, 4.2149136881224344e-23, nan 
100.625, 55.125, 3.651627860656079e-23, nan 
100.875, 55.125, 6.184608886183685e-23, nan 
101.125, 55.125, 5.1503080781617076e-23, nan 
101.375, 55.125, 1.3914955612625352e-22, nan 
101.625, 55.125, 1.2519126300681172e-22, nan 
101.875, 55.125, 1.1936225819516965e-22, nan 
102.125, 55.125, 1.1672843474301617e-22, nan 
102.375, 55.125, 7.384606882480606e-23, nan 
102.625, 55.125, 2.9761401794470215e-23, nan 
102.875, 55.125, 6.631516039411305e-23, nan 
103.125, 55.125, 1.353692685648435e-22, nan 
103.375, 55.125, 2.6245861939345557e-22, nan 
103.625, 55.125, 2.365005145009001e-22, nan 
103.875, 55.125, 1.2691012841574183e-22, nan 
104.125, 55.125, 1.2965254052448982e-22, nan 
104.375, 55.125, 1.4320243785297545e-22, nan 
104.625, 55.125, 1.266770166640173e-22, nan 
104.875, 55.125, 7.347931357514712e-23, nan 
105.125, 55.125, 5.937643491317007e-23, nan 
105.375, 55.125, 5.60737448737298e-23, nan 
105.625, 55.125, 4.7242148724045583e-23, nan 
105.875, 55.125, 6.33666420885236e-23, nan 
106.125, 55.125, 7.342101891841272e-23, nan 
106.375, 55.125, 3.7559623201250324e-23, nan 
106.625, 55.125, 3.221685536584112e-23, nan 
106.875, 55.125, 4.120021206939188e-23, nan 
107.125, 55.125, 5.0655191439691265e-23, nan 
107.375, 55.125, 4.311820653099438e-23, nan 
107.625, 55.125, 8.152379060386528e-23, nan 
107.875, 55.125, 2.1852199476675904e-22, nan 
108.125, 55.125, 1.7543014377235207e-22, nan 
108.375, 55.125, 4.8380303999659704e-23, nan 
108.625, 55.125, 4.446439778252658e-23, nan 
108.875, 55.125, 6.587777194658143e-23, nan 
109.125, 55.125, 8.304381532041499e-23, nan 
109.375, 55.125, 6.694683706681485e-23, nan 
109.625, 55.125, 4.931505621587291e-23, nan 
109.875, 55.125, 3.272015998710226e-23, nan 
110.125, 55.125, 6.034251455908286e-23, nan 
110.375, 55.125, 6.390364470383742e-23, nan 
110.625, 55.125, 6.173177086029246e-23, nan 
110.875, 55.125, 7.108191648780176e-23, nan 
111.125, 55.125, 7.648175000494621e-23, nan 
111.375, 55.125, 5.055930019463665e-23, nan 
111.625, 55.125, 5.1317672234013654e-23, nan 
111.875, 55.125, 6.62623102857207e-23, nan 
112.125, 55.125, 7.210202098280908e-23, nan 
112.375, 55.125, 7.201820059684288e-23, nan 
112.625, 55.125, 4.201257350533859e-23, nan 
112.875, 55.125, 3.0855680285885744e-23, nan 
113.125, 55.125, 6.682901335119346e-23, nan 
113.375, 55.125, 7.633055150829393e-23, nan 
113.625, 55.125, 6.099292198599478e-23, nan 
113.875, 55.125, 3.873917856465407e-23, nan 
114.125, 55.125, 2.7992486615367646e-23, nan 
114.375, 55.125, 3.0479039157358323e-23, nan 
114.625, 55.125, 5.905989106859995e-23, nan 
114.875, 55.125, 6.400787980684034e-23, nan 
115.125, 55.125, 6.344070242108492e-23, nan 
115.375, 55.125, 4.1956929744384343e-23, nan 
115.625, 55.125, 3.254764367611523e-23, nan 
115.875, 55.125, 3.4943009060618936e-23, nan 
116.125, 55.125, 8.977045226052651e-23, nan 
116.375, 55.125, 1.2871352596385792e-22, nan 
116.625, 55.125, 9.280980019191375e-23, nan 
116.875, 55.125, 3.8801294498325357e-23, nan 
117.125, 55.125, 2.2671791083580724e-23, nan 
117.375, 55.125, 4.709145646569184e-23, nan 
117.625, 55.125, 4.6114898934349533e-23, nan 
117.875, 55.125, 2.9213410186618095e-23, nan 
118.125, 55.125, 5.797514995456681e-23, nan 
118.375, 55.125, 6.136983073078476e-23, nan 
118.625, 55.125, 4.8564619618552076e-23, nan 
118.875, 55.125, 6.02353606056971e-23, nan 
119.125, 55.125, 6.347016820890538e-23, nan 
119.375, 55.125, 1.3039397965835077e-22, nan 
119.625, 55.125, 1.342588250496366e-22, nan 
119.875, 55.125, 3.3543043302174745e-23, nan 
120.125, 55.125, 2.90176771710146e-23, nan 
120.375, 55.125, 3.900526806949376e-23, nan 
120.625, 55.125, 4.3907562957777984e-23, nan 
120.875, 55.125, 4.055277079670023e-23, nan 
121.125, 55.125, 3.887095256171477e-23, nan 
121.375, 55.125, 4.5129688816749716e-23, nan 
121.625, 55.125, 5.658907772317741e-23, nan 
121.875, 55.125, 5.143831072387971e-23, nan 
122.125, 55.125, 4.6471265408143766e-23, nan 
122.375, 55.125, 4.2838508831747906e-23, nan 
122.625, 55.125, 6.950516793527557e-23, nan 
122.875, 55.125, 6.306527705532845e-23, nan 
123.125, 55.125, 6.11882996012458e-23, nan 
123.375, 55.125, 3.5462475893318844e-23, nan 
123.625, 55.125, 9.327643116842364e-24, nan 
123.875, 55.125, 1.8404822758429148e-23, nan 
124.125, 55.125, 3.5576400184934416e-23, nan 
124.375, 55.125, 2.956468500045744e-23, nan 
124.625, 55.125, 1.984122289396591e-23, nan 
124.875, 55.125, 1.719990191473366e-23, nan 
125.125, 55.125, 1.1821128444331845e-23, nan 
125.375, 55.125, 3.5874510754315107e-23, nan 
125.625, 55.125, 4.6304927905397046e-23, nan 
125.875, 55.125, 2.3104570749871585e-23, nan 
126.125, 55.125, 2.245963441826792e-23, nan 
126.375, 55.125, 2.4353792727054703e-23, nan 
126.625, 55.125, 1.0052815715761105e-23, nan 
126.875, 55.125, 4.695087258625083e-23, nan 
127.125, 55.125, 3.570851825927414e-23, nan 
127.375, 55.125, 2.7178582910979923e-23, nan 
127.625, 55.125, 3.9434279063413376e-23, nan 
127.875, 55.125, 4.611541828372093e-23, nan 
128.125, 55.125, 5.394969131176325e-23, nan 
128.375, 55.125, 5.796019486484852e-23, nan 
128.625, 55.125, 5.2793326920680864e-23, nan 
128.875, 55.125, 1.1341162537054799e-22, nan 
129.125, 55.125, 1.2386611163305271e-22, nan 
129.375, 55.125, 3.504741367533165e-23, nan 
129.625, 55.125, 3.8264943849482525e-23, nan 
129.875, 55.125, 6.339718426371597e-23, nan 
130.125, 55.125, 7.819453330307483e-23, nan 
130.375, 55.125, 4.5399163930217606e-23, nan 
130.625, 55.125, 1.7313470445803504e-23, nan 
130.875, 55.125, 1.5573419525890986e-23, nan 
131.125, 55.125, 1.0824946518299413e-23, nan 
131.375, 55.125, 1.0261923711930657e-23, nan 
131.625, 55.125, 8.241423934847607e-24, nan 
131.875, 55.125, 1.9909071066374543e-23, nan 
132.125, 55.125, 5.634232973358442e-23, nan 
132.375, 55.125, 6.544166099695459e-23, nan 
132.625, 55.125, 2.692433684836454e-23, nan 
132.875, 55.125, 2.6098926014753868e-23, nan 
133.125, 55.125, 3.906130362981716e-23, nan 
133.375, 55.125, 6.270606267981755e-23, nan 
133.625, 55.125, 5.80387117981512e-23, nan 
133.875, 55.125, 2.82832055646395e-23, nan 
134.125, 55.125, 3.835798117218039e-23, nan 
134.375, 55.125, 3.9053600413414427e-23, nan 
134.625, 55.125, 2.7521633449042984e-23, nan 
134.875, 55.125, 1.6055210750364158e-23, nan 
135.125, 55.125, 2.3821245728852486e-23, nan 
135.375, 55.125, 1.939571290744019e-23, nan 
135.625, 55.125, 4.455885369567396e-24, nan 
135.875, 55.125, 6.33165731045759e-24, nan 
136.125, 55.125, 5.213790716030793e-24, nan 
136.375, 55.125, 2.8249947822461145e-23, nan 
136.625, 55.125, 2.83006000112429e-23, nan 
136.875, 55.125, 6.991266655200635e-24, nan 
137.125, 55.125, 3.683034964468493e-24, nan 
137.375, 55.125, 4.7957698608519e-24, nan 
137.625, 55.125, 7.221987921056769e-24, nan 
137.875, 55.125, 1.0164402484910089e-23, nan 
138.125, 55.125, 8.593843106185089e-24, nan 
138.375, 55.125, 3.218555244152858e-23, nan 
138.625, 55.125, 3.489833833530997e-23, nan 
138.875, 55.125, 2.6332184936514477e-23, nan 
139.125, 55.125, 4.2000065143478644e-23, nan 
139.375, 55.125, 3.2440861084757467e-23, nan 
139.625, 55.125, 1.4415112991616418e-23, nan 
139.875, 55.125, 2.4088092271049165e-23, nan 
140.125, 55.125, 2.2095494501706134e-23, nan 
140.375, 55.125, 2.2155500871659042e-23, nan 
140.625, 55.125, 8.353322795582464e-24, nan 
140.875, 55.125, 2.03171752569632e-23, nan 
141.125, 55.125, 1.8361042364628068e-23, nan 
141.375, 55.125, 6.235465668284611e-24, nan 
141.625, 55.125, 5.710314352834997e-24, nan 
141.875, 55.125, 4.088740966406533e-24, nan 
142.125, 55.125, 9.760891609116684e-24, nan 
142.375, 55.125, 1.6009075906840762e-23, nan 
142.625, 55.125, 1.473380590508815e-23, nan 
142.875, 55.125, 1.1497885339243047e-23, nan 
143.125, 55.125, 3.3758292121789897e-23, nan 
143.375, 55.125, 3.570525816084753e-23, nan 
143.625, 55.125, 4.360638885043181e-24, nan 
143.875, 55.125, 3.1617331269561493e-24, nan 
144.125, 55.125, 6.537523557473546e-24, nan 
144.375, 55.125, 2.904312987909902e-23, nan 
144.625, 55.125, 2.6205254697241376e-23, nan 
144.875, 55.125, 6.550117942842483e-24, nan 
145.125, 55.125, 1.292644062065172e-23, nan 
145.375, 55.125, 1.3014576638024433e-23, nan 
145.625, 55.125, 5.674899920574381e-24, nan 
145.875, 55.125, 7.42967321516615e-24, nan 
146.125, 55.125, 3.0008778191099423e-24, nan 
146.375, 55.125, 1.206577937299353e-23, nan 
146.625, 55.125, 1.281234647708603e-23, nan 
146.875, 55.125, 4.067807645838854e-24, nan 
147.125, 55.125, 5.028274487541513e-24, nan 
147.375, 55.125, 3.109857010501191e-24, nan 
147.625, 55.125, 7.744608819435276e-24, nan 
147.875, 55.125, 8.008465086187915e-24, nan 
148.125, 55.125, 3.830410620229671e-24, nan 
148.375, 55.125, 3.2516502256068953e-24, nan 
148.625, 55.125, 7.306303093852464e-24, nan 
148.875, 55.125, 8.29492757447046e-24, nan 
149.125, 55.125, 5.952813651147416e-24, nan 
149.375, 55.125, 2.5660880813198036e-24, nan 
149.625, 55.125, 4.311031879682693e-24, nan 
149.875, 55.125, 4.975045693699359e-24, nan 
150.125, 55.125, 5.836519794848112e-24, nan 
150.375, 55.125, 2.8652010819672892e-24, nan 
150.625, 55.125, 2.6984463458988537e-24, nan 
150.875, 55.125, 1.7735038810079092e-24, nan 
151.125, 55.125, 1.793640587996609e-23, nan 
151.375, 55.125, 2.3910899148571197e-23, nan 
151.625, 55.125, 1.2230916872176846e-23, nan 
151.875, 55.125, 5.004840846663515e-24, nan 
152.125, 55.125, 6.321507553464605e-24, nan 
152.375, 55.125, 8.31951351678825e-24, nan 
152.625, 55.125, 8.846986521537104e-24, nan 
152.875, 55.125, 6.46377104522547e-24, nan 
153.125, 55.125, 3.922031342898986e-24, nan 
153.375, 55.125, 3.0981865514613644e-24, nan 
153.625, 55.125, 2.7014074222892566e-24, nan 
153.875, 55.125, 1.57534588090159e-23, nan 
154.125, 55.125, 1.765556540290051e-23, nan 
154.375, 55.125, 1.3008607416446524e-23, nan 
154.625, 55.125, 1.4742949991570554e-23, nan 
154.875, 55.125, 1.3496758063350433e-23, nan 
155.125, 55.125, 8.108250904603127e-24, nan 
155.375, 55.125, 6.564084732768759e-24, nan 
155.625, 55.125, 6.694902555157894e-24, nan 
155.875, 55.125, 4.2823317426709536e-24, nan 
156.125, 55.125, 7.221270060007187e-24, nan 
156.375, 55.125, 1.389246650666019e-23, nan 
156.625, 55.125, 8.861897733825027e-24, nan 
156.875, 55.125, 7.812025801521366e-24, nan 
157.125, 55.125, 9.410240640037534e-24, nan 
157.375, 55.125, 6.4864404930117484e-24, nan 
157.625, 55.125, 3.0716463633765615e-24, nan 
157.875, 55.125, 2.7439794007500544e-24, nan 
158.125, 55.125, 5.232358922541535e-24, nan 
158.375, 55.125, 4.804064602398113e-24, nan 
158.625, 55.125, 3.01769645274242e-24, nan 
158.875, 55.125, 4.599377804381894e-24, nan 
159.125, 55.125, 4.076023581629783e-24, nan 
70.125, 55.375, 3.1144110220037024e-23, nan 
70.375, 55.375, 2.2813170087749822e-23, nan 
70.625, 55.375, 1.9150653060836738e-23, nan 
70.875, 55.375, 1.4386748639967473e-23, nan 
71.125, 55.375, 1.0130668136255105e-23, nan 
71.375, 55.375, 7.127726895184568e-24, nan 
71.625, 55.375, 1.7514135394099217e-23, nan 
71.875, 55.375, 2.474296753855831e-23, nan 
72.125, 55.375, 1.9790235638920198e-23, nan 
72.375, 55.375, 9.637740184940309e-24, nan 
72.625, 55.375, 8.864814375416061e-24, nan 
72.875, 55.375, 7.064778882617677e-24, nan 
73.125, 55.375, 1.222920938745487e-23, nan 
73.375, 55.375, 3.03034041309453e-23, nan 
73.625, 55.375, 6.202429265706986e-23, nan 
73.875, 55.375, 5.135282485024127e-23, nan 
74.125, 55.375, 1.4857397554525147e-23, nan 
74.375, 55.375, 1.0681747310255994e-23, nan 
74.625, 55.375, 7.110332345268054e-24, nan 
74.875, 55.375, 5.832454398695004e-24, nan 
75.125, 55.375, 7.14106672395745e-24, nan 
75.375, 55.375, 1.0497001646879311e-23, nan 
75.625, 55.375, 8.029682090138996e-24, nan 
75.875, 55.375, 9.27333480280399e-24, nan 
76.125, 55.375, 1.9780285358597966e-23, nan 
76.375, 55.375, 1.6156755844249805e-23, nan 
76.625, 55.375, 1.0319810026638033e-23, nan 
76.875, 55.375, 8.316421566290112e-24, nan 
77.125, 55.375, 8.191092903202417e-24, nan 
77.375, 55.375, 7.999101335437358e-24, nan 
77.625, 55.375, 1.6598138916291344e-23, nan 
77.875, 55.375, 2.876067115121848e-23, nan 
78.125, 55.375, 3.6145304284037213e-23, nan 
78.375, 55.375, 1.718321584319617e-23, nan 
78.625, 55.375, 2.637763331908835e-23, nan 
78.875, 55.375, 2.6338410771431822e-23, nan 
79.125, 55.375, 1.8989081107267733e-23, nan 
79.375, 55.375, 4.0750550478764776e-23, nan 
79.625, 55.375, 4.489717015385369e-23, nan 
79.875, 55.375, 2.929279443490412e-23, nan 
80.125, 55.375, 1.5118643478180843e-23, nan 
80.375, 55.375, 2.8517016546560225e-23, nan 
80.625, 55.375, 3.625596348648833e-23, nan 
80.875, 55.375, 2.696915104536208e-23, nan 
81.125, 55.375, 2.84390979859035e-23, nan 
81.375, 55.375, 2.5716638284259263e-23, nan 
81.625, 55.375, 2.652890526942412e-23, nan 
81.875, 55.375, 2.6040607530306225e-23, nan 
82.125, 55.375, 3.613096058499346e-23, nan 
82.375, 55.375, 4.0703986225513735e-23, nan 
82.625, 55.375, 1.9913060477473366e-23, nan 
82.875, 55.375, 2.1170156226669635e-23, nan 
83.125, 55.375, 3.555841372171782e-23, nan 
83.375, 55.375, 3.0160179883410786e-23, nan 
83.625, 55.375, 1.924568878544112e-23, nan 
83.875, 55.375, 2.260495101310125e-23, nan 
84.125, 55.375, 1.566581346759612e-23, nan 
84.375, 55.375, 1.1495702139808715e-23, nan 
84.625, 55.375, 9.393334921148596e-24, nan 
84.875, 55.375, 1.0161087180383191e-23, nan 
85.125, 55.375, 1.3699919177100477e-23, nan 
85.375, 55.375, 4.551468467778439e-23, nan 
85.625, 55.375, 7.686143180293355e-23, nan 
85.875, 55.375, 6.759573282527894e-23, nan 
86.125, 55.375, 4.4402629933143936e-23, nan 
86.375, 55.375, 4.103944763149862e-23, nan 
86.625, 55.375, 3.293558435629182e-23, nan 
86.875, 55.375, 4.2764201508710974e-23, nan 
87.125, 55.375, 3.488942666982843e-23, nan 
87.375, 55.375, 2.5563871829441668e-23, nan 
87.625, 55.375, 4.267689639558468e-23, nan 
87.875, 55.375, 3.981514660549735e-23, nan 
88.125, 55.375, 1.5028931861186858e-23, nan 
88.375, 55.375, 5.535169527354644e-23, nan 
88.625, 55.375, 6.204009948728805e-23, nan 
88.875, 55.375, 3.3428278933736196e-23, nan 
89.125, 55.375, 2.4176557258709637e-23, nan 
89.375, 55.375, 2.4763206785296054e-23, nan 
89.625, 55.375, 2.4273933269653395e-23, nan 
89.875, 55.375, 1.2515897892511291e-23, nan 
90.125, 55.375, 2.8711131928874005e-23, nan 
90.375, 55.375, 3.523102901441531e-23, nan 
90.625, 55.375, 2.5016378276522005e-23, nan 
90.875, 55.375, 1.1389964630009583e-23, nan 
91.125, 55.375, 2.435309676317983e-23, nan 
91.375, 55.375, 3.4285438463399584e-23, nan 
91.625, 55.375, 3.156606964475949e-23, nan 
91.875, 55.375, 3.2785307020467125e-23, nan 
92.125, 55.375, 2.981517519948738e-23, nan 
92.375, 55.375, 2.671365080941829e-23, nan 
92.625, 55.375, 3.131831522457407e-23, nan 
92.875, 55.375, 3.2770015839527805e-23, nan 
93.125, 55.375, 2.3195886374796918e-23, nan 
93.375, 55.375, 3.1183783188068454e-23, nan 
93.625, 55.375, 3.101042979475594e-23, nan 
93.875, 55.375, 4.132927855222376e-23, nan 
94.125, 55.375, 4.522332225417697e-23, nan 
94.375, 55.375, 3.340211041774232e-23, nan 
94.625, 55.375, 1.6791536454489405e-23, nan 
94.875, 55.375, 3.9970319215175716e-23, nan 
95.125, 55.375, 4.578052281088723e-23, nan 
95.375, 55.375, 3.2019247417025334e-23, nan 
95.625, 55.375, 2.111900060031725e-23, nan 
95.875, 55.375, 1.9386246303700648e-23, nan 
96.125, 55.375, 5.080043858710557e-23, nan 
96.375, 55.375, 3.7917850895674243e-23, nan 
96.625, 55.375, 3.903878059097828e-23, nan 
96.875, 55.375, 2.96876776514488e-23, nan 
97.125, 55.375, 5.395466145587834e-23, nan 
97.375, 55.375, 5.7124147654098e-23, nan 
97.625, 55.375, 3.8966834714629524e-23, nan 
97.875, 55.375, 2.3366725697094946e-23, nan 
98.125, 55.375, 4.970544093801281e-23, nan 
98.375, 55.375, 4.879281259978305e-23, nan 
98.625, 55.375, 4.937472009023466e-23, nan 
98.875, 55.375, 5.079309077588592e-23, nan 
99.125, 55.375, 5.446776912380057e-23, nan 
99.375, 55.375, 3.607016348542626e-23, nan 
99.625, 55.375, 2.0772921450751684e-23, nan 
99.875, 55.375, 2.6358968387971104e-23, nan 
100.125, 55.375, 5.442904215885027e-23, nan 
100.375, 55.375, 5.572784263306839e-23, nan 
100.625, 55.375, 5.725728493005639e-23, nan 
100.875, 55.375, 8.267538245189195e-23, nan 
101.125, 55.375, 1.912830349715955e-22, nan 
101.375, 55.375, 2.2418904685761346e-22, nan 
101.625, 55.375, 3.4136077431504034e-22, nan 
101.875, 55.375, 3.4736949705049978e-22, nan 
102.125, 55.375, 1.7005127155243155e-22, nan 
102.375, 55.375, 2.0260757186444126e-22, nan 
102.625, 55.375, 1.4818285083293987e-22, nan 
102.875, 55.375, 7.933338964301487e-23, nan 
103.125, 55.375, 2.1823985552175805e-22, nan 
103.375, 55.375, 1.9210820055644713e-22, nan 
103.625, 55.375, 2.5332311495991937e-23, nan 
103.875, 55.375, 7.486218356043825e-23, nan 
104.125, 55.375, 6.330602159398308e-23, nan 
104.375, 55.375, 1.3527757345674847e-22, nan 
104.625, 55.375, 1.981990996054478e-22, nan 
104.875, 55.375, 1.6313364570950343e-22, nan 
105.125, 55.375, 6.586521551417494e-23, nan 
105.375, 55.375, 5.496142810316634e-23, nan 
105.625, 55.375, 5.643176829590986e-23, nan 
105.875, 55.375, 4.667962609518885e-23, nan 
106.125, 55.375, 3.67170324842264e-23, nan 
106.375, 55.375, 3.96065657237667e-23, nan 
106.625, 55.375, 2.251069146981884e-23, nan 
106.875, 55.375, 3.2570293622170835e-23, nan 
107.125, 55.375, 3.6663473751605385e-23, nan 
107.375, 55.375, 2.1669039487619194e-23, nan 
107.625, 55.375, 7.966707006594648e-23, nan 
107.875, 55.375, 1.1278242692253735e-22, nan 
108.125, 55.375, 3.489715772698445e-23, nan 
108.375, 55.375, 2.990511602658504e-23, nan 
108.625, 55.375, 5.42414417333636e-23, nan 
108.875, 55.375, 8.482766821746231e-23, nan 
109.125, 55.375, 8.240319325424662e-23, nan 
109.375, 55.375, 5.354075207531509e-23, nan 
109.625, 55.375, 7.27659181120947e-23, nan 
109.875, 55.375, 7.18014229924192e-23, nan 
110.125, 55.375, 4.138802296493348e-23, nan 
110.375, 55.375, 7.762343106530361e-23, nan 
110.625, 55.375, 7.757596174175994e-23, nan 
110.875, 55.375, 7.486347054585629e-23, nan 
111.125, 55.375, 5.520331456036876e-23, nan 
111.375, 55.375, 5.471823401489929e-23, nan 
111.625, 55.375, 4.927884247741364e-23, nan 
111.875, 55.375, 5.122466171334705e-23, nan 
112.125, 55.375, 5.187623411774123e-23, nan 
112.375, 55.375, 4.469878058385543e-23, nan 
112.625, 55.375, 4.9214730585594093e-23, nan 
112.875, 55.375, 6.848248136905724e-23, nan 
113.125, 55.375, 4.2303946897592243e-23, nan 
113.375, 55.375, 6.211508460333956e-23, nan 
113.625, 55.375, 6.555219395358839e-23, nan 
113.875, 55.375, 4.614143307362105e-23, nan 
114.125, 55.375, 4.6271354859597695e-23, nan 
114.375, 55.375, 4.5518993427409953e-23, nan 
114.625, 55.375, 3.9375320996070576e-23, nan 
114.875, 55.375, 9.202687500835551e-23, nan 
115.125, 55.375, 8.491616213978369e-23, nan 
115.375, 55.375, 2.4278965432436105e-23, nan 
115.625, 55.375, 2.788022012663615e-23, nan 
115.875, 55.375, 4.56272734313035e-23, nan 
116.125, 55.375, 1.4715724792847925e-22, nan 
116.375, 55.375, 1.4309432924840228e-22, nan 
116.625, 55.375, 4.48392915854143e-23, nan 
116.875, 55.375, 2.508043078224947e-23, nan 
117.125, 55.375, 6.682793277985224e-23, nan 
117.375, 55.375, 1.078421063922428e-22, nan 
117.625, 55.375, 6.238406500168234e-23, nan 
117.875, 55.375, 2.9837988264803833e-23, nan 
118.125, 55.375, 2.2152012063428838e-23, nan 
118.375, 55.375, 4.343160337270219e-23, nan 
118.625, 55.375, 4.2997814273057814e-23, nan 
118.875, 55.375, 4.1694137348913024e-23, nan 
119.125, 55.375, 3.636209020459673e-23, nan 
119.375, 55.375, 7.112838834836273e-23, nan 
119.625, 55.375, 1.2110810300622864e-22, nan 
119.875, 55.375, 7.39478959596945e-23, nan 
120.125, 55.375, 3.7157972842510557e-23, nan 
120.375, 55.375, 3.525623159593559e-23, nan 
120.625, 55.375, 2.4257493600328417e-23, nan 
120.875, 55.375, 4.110943617541672e-23, nan 
121.125, 55.375, 6.061208987130052e-23, nan 
121.375, 55.375, 5.941004563862481e-23, nan 
121.625, 55.375, 3.7014558751737053e-23, nan 
121.875, 55.375, 1.9703276728285848e-23, nan 
122.125, 55.375, 2.4704988962216633e-23, nan 
122.375, 55.375, 2.3936186576414245e-23, nan 
122.625, 55.375, 3.080714229854366e-23, nan 
122.875, 55.375, 2.7156354360805334e-23, nan 
123.125, 55.375, 3.4235078787094966e-23, nan 
123.375, 55.375, 2.0220666851834053e-23, nan 
123.625, 55.375, 1.5063394870558406e-23, nan 
123.875, 55.375, 2.4981775682153667e-23, nan 
124.125, 55.375, 2.4653364473911952e-23, nan 
124.375, 55.375, 1.501045709793528e-23, nan 
124.625, 55.375, 1.4883371893581398e-23, nan 
124.875, 55.375, 6.845021941747337e-24, nan 
125.125, 55.375, 3.043687127158111e-23, nan 
125.375, 55.375, 4.476466561635452e-23, nan 
125.625, 55.375, 4.7736795840552803e-23, nan 
125.875, 55.375, 3.4403057924605463e-23, nan 
126.125, 55.375, 1.6642030598865584e-23, nan 
126.375, 55.375, 2.9551477026312525e-23, nan 
126.625, 55.375, 4.40652531362756e-23, nan 
126.875, 55.375, 5.773134317611785e-23, nan 
127.125, 55.375, 4.772771759669731e-23, nan 
127.375, 55.375, 1.3255937749028406e-23, nan 
127.625, 55.375, 1.661785422137314e-23, nan 
127.875, 55.375, 2.1453877910841347e-23, nan 
128.125, 55.375, 2.986087532799368e-23, nan 
128.375, 55.375, 4.817430603299431e-23, nan 
128.625, 55.375, 6.239010249207638e-23, nan 
128.875, 55.375, 5.872708283248678e-23, nan 
129.125, 55.375, 1.373081204139899e-22, nan 
129.375, 55.375, 1.2228920619029757e-22, nan 
129.625, 55.375, 2.974196176057965e-23, nan 
129.875, 55.375, 3.3977370063058387e-23, nan 
130.125, 55.375, 5.029123335755413e-23, nan 
130.375, 55.375, 4.619671732156205e-23, nan 
130.625, 55.375, 2.6648307305029273e-23, nan 
130.875, 55.375, 1.7436967418786647e-23, nan 
131.125, 55.375, 1.1075685026008138e-23, nan 
131.375, 55.375, 1.1742045783187752e-23, nan 
131.625, 55.375, 1.3072817973006927e-23, nan 
131.875, 55.375, 2.181648483373097e-23, nan 
132.125, 55.375, 2.0331666081521297e-23, nan 
132.375, 55.375, 5.526230136730206e-23, nan 
132.625, 55.375, 5.697690854879653e-23, nan 
132.875, 55.375, 3.744896268962897e-23, nan 
133.125, 55.375, 3.683675195507968e-23, nan 
133.375, 55.375, 3.691378212979251e-23, nan 
133.625, 55.375, 3.850672429139321e-23, nan 
133.875, 55.375, 4.3604615826088867e-23, nan 
134.125, 55.375, 2.2531068291347788e-23, nan 
134.375, 55.375, 1.7491734998841666e-23, nan 
134.625, 55.375, 1.4008047387711987e-23, nan 
134.875, 55.375, 2.0013500264036585e-23, nan 
135.125, 55.375, 1.5863561340630487e-23, nan 
135.375, 55.375, 6.1679651288108364e-24, nan 
135.625, 55.375, 1.3730460415120403e-23, nan 
135.875, 55.375, 1.7633431493951722e-23, nan 
136.125, 55.375, 9.137035074412317e-24, nan 
136.375, 55.375, 3.984963597286174e-23, nan 
136.625, 55.375, 3.8490891057564963e-23, nan 
136.875, 55.375, 1.611505199266302e-23, nan 
137.125, 55.375, 1.3558183044069726e-23, nan 
137.375, 55.375, 4.0117608473456405e-24, nan 
137.625, 55.375, 6.365611759789672e-24, nan 
137.875, 55.375, 9.0545803711147e-24, nan 
138.125, 55.375, 1.990157290822414e-23, nan 
138.375, 55.375, 1.97330632868439e-23, nan 
138.625, 55.375, 4.146243768412221e-23, nan 
138.875, 55.375, 6.357367908887505e-23, nan 
139.125, 55.375, 5.180591422124812e-23, nan 
139.375, 55.375, 1.3003385252589893e-23, nan 
139.625, 55.375, 2.0061537998188287e-22, nan 
139.875, 55.375, 1.6524454649750523e-22, nan 
140.125, 55.375, 5.041319011360684e-23, nan 
140.375, 55.375, 4.100708424602875e-23, nan 
140.625, 55.375, 3.434927582284158e-23, nan 
140.875, 55.375, 3.5600669979418116e-23, nan 
141.125, 55.375, 1.5839628589826802e-23, nan 
141.375, 55.375, 1.3321730573179e-23, nan 
141.625, 55.375, 1.0460496834676015e-23, nan 
141.875, 55.375, 9.425297141547471e-24, nan 
142.125, 55.375, 1.381911661586548e-23, nan 
142.375, 55.375, 1.599853570802577e-23, nan 
142.625, 55.375, 1.735149592925339e-23, nan 
142.875, 55.375, 1.586609051702894e-23, nan 
143.125, 55.375, 1.7863395379734903e-23, nan 
143.375, 55.375, 1.1864102676778205e-23, nan 
143.625, 55.375, 7.365737162025911e-24, nan 
143.875, 55.375, 4.618277121847621e-24, nan 
144.125, 55.375, 3.5432072794987664e-23, nan 
144.375, 55.375, 3.577370451112669e-23, nan 
144.625, 55.375, 1.0331647289402424e-23, nan 
144.875, 55.375, 1.1162533246548398e-23, nan 
145.125, 55.375, 1.094768229727187e-23, nan 
145.375, 55.375, 8.381598187915395e-24, nan 
145.625, 55.375, 5.226682950119974e-24, nan 
145.875, 55.375, 9.758278255243665e-24, nan 
146.125, 55.375, 1.1911452780708235e-23, nan 
146.375, 55.375, 1.947560982982427e-23, nan 
146.625, 55.375, 1.8931920810405212e-23, nan 
146.875, 55.375, 1.143600084151479e-23, nan 
147.125, 55.375, 6.262421720946115e-24, nan 
147.375, 55.375, 2.0567035064311205e-24, nan 
147.625, 55.375, 5.832642590687317e-24, nan 
147.875, 55.375, 6.264888549337983e-24, nan 
148.125, 55.375, 4.372732215786175e-24, nan 
148.375, 55.375, 3.5121061057221884e-24, nan 
148.625, 55.375, 3.0180713636071704e-24, nan 
148.875, 55.375, 8.145314231324709e-24, nan 
149.125, 55.375, 7.762458848026886e-24, nan 
149.375, 55.375, 9.820411829783865e-24, nan 
149.625, 55.375, 1.0034167079465643e-23, nan 
149.875, 55.375, 7.408003745052219e-24, nan 
150.125, 55.375, 9.158330766552696e-24, nan 
150.375, 55.375, 4.318587313930159e-24, nan 
150.625, 55.375, 4.9002913522394846e-24, nan 
150.875, 55.375, 8.422918006585012e-24, nan 
151.125, 55.375, 9.461542694940998e-24, nan 
151.375, 55.375, 7.526678210907119e-24, nan 
151.625, 55.375, 4.305925370258688e-24, nan 
151.875, 55.375, 3.617171399007717e-24, nan 
152.125, 55.375, 3.118389088004378e-24, nan 
152.375, 55.375, 1.993300955314661e-24, nan 
152.625, 55.375, 3.884356176893597e-24, nan 
152.875, 55.375, 5.0618207664897725e-24, nan 
153.125, 55.375, 3.928345145007338e-24, nan 
153.375, 55.375, 3.072547588898565e-24, nan 
153.625, 55.375, 9.068217699442022e-24, nan 
153.875, 55.375, 1.1983252683583403e-23, nan 
154.125, 55.375, 1.0869473062527613e-23, nan 
154.375, 55.375, 9.633935618161533e-24, nan 
154.625, 55.375, 9.603811063863243e-24, nan 
154.875, 55.375, 5.900442569946756e-24, nan 
155.125, 55.375, 4.132675052525888e-24, nan 
155.375, 55.375, 5.395643835702738e-24, nan 
155.625, 55.375, 1.042039359461795e-23, nan 
155.875, 55.375, 8.853764117682581e-24, nan 
156.125, 55.375, 1.1602617997384522e-23, nan 
156.375, 55.375, 1.7055078805915182e-23, nan 
156.625, 55.375, 1.3139537085946137e-23, nan 
156.875, 55.375, 1.0722336298864679e-23, nan 
157.125, 55.375, 5.579942097662413e-24, nan 
157.375, 55.375, 2.8474913098419192e-24, nan 
157.625, 55.375, 6.727297833884014e-24, nan 
157.875, 55.375, 6.5645103292289004e-24, nan 
158.125, 55.375, 5.11964107615229e-24, nan 
158.375, 55.375, 5.86877603089084e-24, nan 
158.625, 55.375, 5.2627233596342806e-24, nan 
158.875, 55.375, 4.470157270340077e-24, nan 
159.125, 55.375, 4.523368767137808e-24, nan 
159.375, 55.375, 3.0356322084246052e-24, nan 
159.625, 55.375, 6.1719740200384906e-24, nan 
69.375, 55.625, 1.0428466569459277e-23, nan 
69.625, 55.625, 2.8103223386399913e-23, nan 
69.875, 55.625, 3.270657226595723e-23, nan 
70.125, 55.625, 2.5030037146167413e-23, nan 
70.375, 55.625, 2.571687188057662e-23, nan 
70.625, 55.625, 1.6124587691707733e-23, nan 
70.875, 55.625, 1.7540037038033168e-23, nan 
71.125, 55.625, 1.494150345872026e-23, nan 
71.375, 55.625, 1.8836517897642334e-23, nan 
71.625, 55.625, 2.068602149804792e-23, nan 
71.875, 55.625, 2.2000946675797996e-23, nan 
72.125, 55.625, 2.6010189919396566e-23, nan 
72.375, 55.625, 1.3844097676545502e-23, nan 
72.625, 55.625, 8.798085306599654e-24, nan 
72.875, 55.625, 2.83468130687273e-23, nan 
73.125, 55.625, 2.6320431819093426e-23, nan 
73.375, 55.625, 1.672446776057356e-23, nan 
73.625, 55.625, 2.7073583645540244e-23, nan 
73.875, 55.625, 1.1439164929406464e-23, nan 
74.125, 55.625, 1.6515329084904644e-23, nan 
74.375, 55.625, 2.3498495032843404e-23, nan 
74.625, 55.625, 1.8590350541902648e-23, nan 
74.875, 55.625, 1.176555617640295e-23, nan 
75.125, 55.625, 7.281866843007896e-24, nan 
75.375, 55.625, 1.1925227505151058e-23, nan 
75.625, 55.625, 1.7759478029581006e-23, nan 
75.875, 55.625, 1.8920550419967065e-23, nan 
76.125, 55.625, 1.673172072030161e-23, nan 
76.375, 55.625, 1.6603233844607535e-23, nan 
76.625, 55.625, 1.571441307228107e-23, nan 
76.875, 55.625, 9.30412864790148e-24, nan 
77.125, 55.625, 1.0837481611347599e-23, nan 
77.375, 55.625, 1.7022685868332936e-23, nan 
77.625, 55.625, 2.093334842778502e-23, nan 
77.875, 55.625, 2.125440452065947e-23, nan 
78.125, 55.625, 6.320230480012315e-23, nan 
78.375, 55.625, 5.926117440889206e-23, nan 
78.625, 55.625, 1.9592897730418478e-23, nan 
78.875, 55.625, 1.443072937505733e-23, nan 
79.125, 55.625, 8.787810669585158e-24, nan 
79.375, 55.625, 1.325615298690724e-23, nan 
79.625, 55.625, 5.4324120654061e-23, nan 
79.875, 55.625, 5.543693996527005e-23, nan 
80.125, 55.625, 3.48273925688539e-23, nan 
80.375, 55.625, 4.6518482991013645e-23, nan 
80.625, 55.625, 4.7493461455533204e-23, nan 
80.875, 55.625, 3.679783471084959e-23, nan 
81.125, 55.625, 2.739950911560056e-23, nan 
81.375, 55.625, 1.8888811109000892e-23, nan 
81.625, 55.625, 1.7137057110838162e-23, nan 
81.875, 55.625, 2.9377395425599035e-23, nan 
82.125, 55.625, 2.4658101138066276e-23, nan 
82.375, 55.625, 4.1815874456841854e-23, nan 
82.625, 55.625, 5.46542424564734e-23, nan 
82.875, 55.625, 4.907658883275036e-23, nan 
83.125, 55.625, 2.2229555285632757e-23, nan 
83.375, 55.625, 2.878627692342028e-23, nan 
83.625, 55.625, 3.090841393044084e-23, nan 
83.875, 55.625, 2.982883131369624e-23, nan 
84.125, 55.625, 1.672271357353344e-23, nan 
84.375, 55.625, 2.3249466911122496e-23, nan 
84.625, 55.625, 2.6725398186449564e-23, nan 
84.875, 55.625, 3.262387902198735e-23, nan 
85.125, 55.625, 5.311604534130286e-23, nan 
85.375, 55.625, 9.066115384394603e-23, nan 
85.625, 55.625, 7.84913138297529e-23, nan 
85.875, 55.625, 5.051339489117224e-23, nan 
86.125, 55.625, 5.601665765363891e-23, nan 
86.375, 55.625, 4.045140072011469e-23, nan 
86.625, 55.625, 5.77393316029378e-23, nan 
86.875, 55.625, 7.834656486229888e-23, nan 
87.125, 55.625, 6.044528594905504e-23, nan 
87.375, 55.625, 5.605313064020342e-23, nan 
87.625, 55.625, 3.6151072310803896e-23, nan 
87.875, 55.625, 2.917320936461307e-23, nan 
88.125, 55.625, 1.0624434457090868e-23, nan 
88.375, 55.625, 6.988463536150262e-23, nan 
88.625, 55.625, 8.267758209838408e-23, nan 
88.875, 55.625, 5.35766319545372e-23, nan 
89.125, 55.625, 3.300816116443467e-23, nan 
89.375, 55.625, 3.659033432174727e-23, nan 
89.625, 55.625, 3.561355219383766e-23, nan 
89.875, 55.625, 3.257047553425684e-23, nan 
90.125, 55.625, 1.9674285297348667e-23, nan 
90.375, 55.625, 2.5106441790813736e-23, nan 
90.625, 55.625, 3.5276826840612444e-23, nan 
90.875, 55.625, 2.980161803753435e-23, nan 
91.125, 55.625, 1.625607325061139e-23, nan 
91.375, 55.625, 2.773301341673273e-23, nan 
91.625, 55.625, 3.131853693371502e-23, nan 
91.875, 55.625, 2.9910944985116526e-23, nan 
92.125, 55.625, 4.710644651447564e-23, nan 
92.375, 55.625, 4.753928774903267e-23, nan 
92.625, 55.625, 4.214765036146919e-23, nan 
92.875, 55.625, 2.276884958465155e-23, nan 
93.125, 55.625, 2.0653399617676964e-23, nan 
93.375, 55.625, 2.1540167120667495e-23, nan 
93.625, 55.625, 4.389795507570321e-23, nan 
93.875, 55.625, 4.149235624535169e-23, nan 
94.125, 55.625, 2.0565887946895508e-23, nan 
94.375, 55.625, 3.138724786441202e-23, nan 
94.625, 55.625, 2.4366525976373795e-23, nan 
94.875, 55.625, 4.53355979935698e-23, nan 
95.125, 55.625, 5.220343433347014e-23, nan 
95.375, 55.625, 2.4519785794131178e-23, nan 
95.625, 55.625, 2.1531123576536232e-23, nan 
95.875, 55.625, 5.159287934644527e-23, nan 
96.125, 55.625, 9.445025082134456e-23, nan 
96.375, 55.625, 7.09049716864442e-23, nan 
96.625, 55.625, 3.4727316088581537e-23, nan 
96.875, 55.625, 3.291669723428364e-23, nan 
97.125, 55.625, 3.8624464505519704e-23, nan 
97.375, 55.625, 6.382777893236206e-23, nan 
97.625, 55.625, 7.787556981249738e-23, nan 
97.875, 55.625, 7.096246843774305e-23, nan 
98.125, 55.625, 5.967367389218269e-23, nan 
98.375, 55.625, 9.137607099126093e-23, nan 
98.625, 55.625, 1.0296197076368766e-22, nan 
98.875, 55.625, 5.402698130292812e-23, nan 
99.125, 55.625, 4.63652022868675e-23, nan 
99.375, 55.625, 5.995783175690433e-23, nan 
99.625, 55.625, 5.46647886063887e-23, nan 
99.875, 55.625, 4.3928185444551565e-23, nan 
100.125, 55.625, 4.7211921922551864e-23, nan 
100.375, 55.625, 5.503323835294602e-23, nan 
100.625, 55.625, 6.97565536026609e-23, nan 
100.875, 55.625, 6.30260053267131e-23, nan 
101.125, 55.625, 8.226912866324346e-23, nan 
101.375, 55.625, 1.1741600255020027e-22, nan 
101.625, 55.625, 1.5471169667566066e-22, nan 
101.875, 55.625, 9.943651921624465e-23, nan 
102.125, 55.625, 1.333295219065321e-22, nan 
102.375, 55.625, 1.5876988221465912e-22, nan 
102.625, 55.625, 5.475219809087245e-23, nan 
102.875, 55.625, 2.3852055709217486e-22, nan 
103.125, 55.625, 2.5624753868006e-22, nan 
103.375, 55.625, 5.464951353181946e-23, nan 
103.625, 55.625, 7.53500090601444e-23, nan 
103.875, 55.625, 8.034861479923871e-23, nan 
104.125, 55.625, 6.845194731680361e-23, nan 
104.375, 55.625, 1.0988962590104713e-22, nan 
104.625, 55.625, 1.2149551641491274e-22, nan 
104.875, 55.625, 9.280905161461656e-23, nan 
105.125, 55.625, 1.4131641605807277e-22, nan 
105.375, 55.625, 1.1469434515119086e-22, nan 
105.625, 55.625, 8.012958333516422e-23, nan 
105.875, 55.625, 6.433763392891758e-23, nan 
106.125, 55.625, 4.811153928335195e-23, nan 
106.375, 55.625, 3.641909907240068e-23, nan 
106.625, 55.625, 3.752530770386296e-23, nan 
106.875, 55.625, 3.019183893960222e-23, nan 
107.125, 55.625, 2.559577558595413e-23, nan 
107.375, 55.625, 3.571442510776996e-23, nan 
107.625, 55.625, 1.641632293903916e-23, nan 
107.875, 55.625, 3.69746983841706e-23, nan 
108.125, 55.625, 4.4579859599092686e-23, nan 
108.375, 55.625, 5.391420017653729e-23, nan 
108.625, 55.625, 8.001894656881544e-23, nan 
108.875, 55.625, 9.599098815486843e-23, nan 
109.125, 55.625, 1.0125717134639323e-22, nan 
109.375, 55.625, 1.0032786965985481e-22, nan 
109.625, 55.625, 7.4979912733977e-23, nan 
109.875, 55.625, 6.854668482897794e-23, nan 
110.125, 55.625, 7.011051804887797e-23, nan 
110.375, 55.625, 9.33425265948491e-23, nan 
110.625, 55.625, 1.0359699039656589e-22, nan 
110.875, 55.625, 9.744112017811408e-23, nan 
111.125, 55.625, 7.816056866942192e-23, nan 
111.375, 55.625, 1.0491382674137068e-22, nan 
111.625, 55.625, 8.672546855870197e-23, nan 
111.875, 55.625, 5.417913639673396e-23, nan 
112.125, 55.625, 6.285443169148441e-23, nan 
112.375, 55.625, 1.0707247180832568e-22, nan 
112.625, 55.625, 1.1652802186550608e-22, nan 
112.875, 55.625, 1.5474288505386627e-22, nan 
113.125, 55.625, 1.4797280542019854e-22, nan 
113.375, 55.625, 5.682569193834131e-23, nan 
113.625, 55.625, 6.737445630129473e-23, nan 
113.875, 55.625, 6.239316983053164e-23, nan 
114.125, 55.625, 5.159773909123892e-23, nan 
114.375, 55.625, 4.554196072262325e-23, nan 
114.625, 55.625, 5.1841045337698585e-23, nan 
114.875, 55.625, 8.382809672138669e-23, nan 
115.125, 55.625, 6.803296193683599e-23, nan 
115.375, 55.625, 2.9017893350825426e-23, nan 
115.625, 55.625, 3.2661787603778997e-23, nan 
115.875, 55.625, 1.2174605448182144e-22, nan 
116.125, 55.625, 1.5828159741155496e-22, nan 
116.375, 55.625, 1.0364480446536657e-22, nan 
116.625, 55.625, 1.0290503256286354e-22, nan 
116.875, 55.625, 9.344881647820899e-23, nan 
117.125, 55.625, 5.262156471014836e-23, nan 
117.375, 55.625, 9.006201639900751e-23, nan 
117.625, 55.625, 5.181518575860184e-23, nan 
117.875, 55.625, 2.905223019101262e-23, nan 
118.125, 55.625, 3.633501368247152e-23, nan 
118.375, 55.625, 3.8095428966151047e-23, nan 
118.625, 55.625, 3.724913742479422e-23, nan 
118.875, 55.625, 2.8726521556044857e-23, nan 
119.125, 55.625, 3.57579683972625e-23, nan 
119.375, 55.625, 2.9102444040281347e-23, nan 
119.625, 55.625, 1.562612033113463e-22, nan 
119.875, 55.625, 1.6278283997849813e-22, nan 
120.125, 55.625, 6.187434414422748e-23, nan 
120.375, 55.625, 3.6713791026905213e-23, nan 
120.625, 55.625, 2.2896497360107158e-23, nan 
120.875, 55.625, 2.8937796114264177e-23, nan 
121.125, 55.625, 2.4286591305414348e-23, nan 
121.375, 55.625, 2.303736313332253e-23, nan 
121.625, 55.625, 2.573559110100392e-23, nan 
121.875, 55.625, 3.0241178497878734e-23, nan 
122.125, 55.625, 5.57803257163573e-23, nan 
122.375, 55.625, 4.994112166219295e-23, nan 
122.625, 55.625, 2.445522763343832e-23, nan 
122.875, 55.625, 5.097361298498655e-23, nan 
123.125, 55.625, 5.856447533058028e-23, nan 
123.375, 55.625, 5.21268758840673e-23, nan 
123.625, 55.625, 1.2357174749626484e-23, nan 
123.875, 55.625, 2.5651345039966857e-23, nan 
124.125, 55.625, 3.005441176640882e-23, nan 
124.375, 55.625, 2.753740413379448e-23, nan 
124.625, 55.625, 2.5964200500112137e-23, nan 
124.875, 55.625, 1.8943888317815965e-23, nan 
125.125, 55.625, 1.5554568909380524e-23, nan 
125.375, 55.625, 2.5069153480314123e-23, nan 
125.625, 55.625, 3.3013207524704126e-23, nan 
125.875, 55.625, 1.565419314319413e-23, nan 
126.125, 55.625, 7.264703059065038e-24, nan 
126.375, 55.625, 7.04500094199083e-23, nan 
126.625, 55.625, 1.1235381112443465e-22, nan 
126.875, 55.625, 1.102509383206136e-22, nan 
127.125, 55.625, 1.0349698176576807e-22, nan 
127.375, 55.625, 7.452840793376456e-23, nan 
127.625, 55.625, 2.8347374375454697e-23, nan 
127.875, 55.625, 1.4146919081007695e-23, nan 
128.125, 55.625, 2.5035663093724642e-23, nan 
128.375, 55.625, 2.6315692151306894e-23, nan 
128.625, 55.625, 4.2610220707228775e-23, nan 
128.875, 55.625, 5.420109389280875e-23, nan 
129.125, 55.625, 7.645901357038896e-23, nan 
129.375, 55.625, 7.255483549599473e-23, nan 
129.625, 55.625, 3.913981952838955e-23, nan 
129.875, 55.625, 2.501845805644156e-23, nan 
130.125, 55.625, 4.2087743455788e-23, nan 
130.375, 55.625, 6.838622016754664e-23, nan 
130.625, 55.625, 5.37876949586965e-23, nan 
130.875, 55.625, 3.1048044183510026e-23, nan 
131.125, 55.625, 1.383392117682486e-23, nan 
131.375, 55.625, 1.7738720801609205e-23, nan 
131.625, 55.625, 1.0844268880263642e-23, nan 
131.875, 55.625, 1.5798204615888658e-23, nan 
132.125, 55.625, 1.57780909717339e-23, nan 
132.375, 55.625, 8.26740197738494e-24, nan 
132.625, 55.625, 3.533250123645e-23, nan 
132.875, 55.625, 4.844242740291311e-23, nan 
133.125, 55.625, 4.8895370371632824e-23, nan 
133.375, 55.625, 7.68350173752534e-23, nan 
133.625, 55.625, 8.619653980657931e-23, nan 
133.875, 55.625, 7.681004011620467e-23, nan 
134.125, 55.625, 5.656362896742996e-23, nan 
134.375, 55.625, 4.8711037722534937e-23, nan 
134.625, 55.625, 3.989505425144394e-23, nan 
134.875, 55.625, 1.804528515920695e-23, nan 
135.125, 55.625, 1.568054632575472e-23, nan 
135.375, 55.625, 1.4188127853078885e-23, nan 
135.625, 55.625, 5.567145179094402e-24, nan 
135.875, 55.625, 1.0448803859388631e-23, nan 
136.125, 55.625, 1.5953265442571133e-23, nan 
136.375, 55.625, 2.672512645384638e-23, nan 
136.625, 55.625, 2.025946844445343e-23, nan 
136.875, 55.625, 8.121898041515236e-24, nan 
137.125, 55.625, 8.958294084105328e-24, nan 
137.375, 55.625, 1.3301777143926937e-23, nan 
137.625, 55.625, 9.032904887490735e-24, nan 
137.875, 55.625, 6.626856048143158e-24, nan 
138.125, 55.625, 2.815550222616228e-23, nan 
138.375, 55.625, 2.749617730741346e-23, nan 
138.625, 55.625, 1.844206389513363e-23, nan 
138.875, 55.625, 6.518820768867528e-23, nan 
139.125, 55.625, 7.05049615951694e-23, nan 
139.375, 55.625, 4.0573331047429164e-22, nan 
139.625, 55.625, 5.049284141827772e-22, nan 
139.875, 55.625, 4.217084112684127e-22, nan 
140.125, 55.625, 3.593610972054771e-22, nan 
140.375, 55.625, 9.972000103522767e-23, nan 
140.625, 55.625, 4.333862009753018e-23, nan 
140.875, 55.625, 4.927866621174539e-23, nan 
141.125, 55.625, 2.4286196480189815e-23, nan 
141.375, 55.625, 1.7721192625779718e-23, nan 
141.625, 55.625, 1.026000442350995e-23, nan 
141.875, 55.625, 5.756113981455674e-24, nan 
142.125, 55.625, 1.5333160606085396e-23, nan 
142.375, 55.625, 1.68401501119179e-23, nan 
142.625, 55.625, 1.845297566995227e-23, nan 
142.875, 55.625, 1.91677939502364e-23, nan 
143.125, 55.625, 1.9598799829552156e-23, nan 
143.375, 55.625, 1.4023903077781748e-23, nan 
143.625, 55.625, 7.40545438134767e-24, nan 
143.875, 55.625, 2.84295395826024e-23, nan 
144.125, 55.625, 3.1796655397650153e-23, nan 
144.375, 55.625, 1.5003267006263176e-23, nan 
144.625, 55.625, 1.8287076226240246e-23, nan 
144.875, 55.625, 1.685946923985607e-23, nan 
145.125, 55.625, 1.0527683951351757e-23, nan 
145.375, 55.625, 2.7518202992373104e-24, nan 
145.625, 55.625, 1.2402116897157512e-23, nan 
145.875, 55.625, 2.3081003752300564e-23, nan 
146.125, 55.625, 2.0888831600773175e-23, nan 
146.375, 55.625, 1.533774229958345e-23, nan 
146.625, 55.625, 1.1451305076863024e-23, nan 
146.875, 55.625, 1.073134552318421e-23, nan 
147.125, 55.625, 5.315995853464363e-24, nan 
147.375, 55.625, 8.785691310273461e-24, nan 
147.625, 55.625, 9.284444556458877e-24, nan 
147.875, 55.625, 4.728655202369582e-24, nan 
148.125, 55.625, 4.839414897873515e-24, nan 
148.375, 55.625, 6.3488551908112866e-24, nan 
148.625, 55.625, 9.691911569914755e-24, nan 
148.875, 55.625, 1.0838729620564548e-23, nan 
149.125, 55.625, 4.7402874521982905e-24, nan 
149.375, 55.625, 3.719860122025368e-24, nan 
149.625, 55.625, 6.759088158610885e-24, nan 
149.875, 55.625, 8.224967194616417e-24, nan 
150.125, 55.625, 8.08026884078969e-24, nan 
150.375, 55.625, 4.1472451354516926e-24, nan 
150.625, 55.625, 4.6466636606932975e-24, nan 
150.875, 55.625, 4.448064649727795e-24, nan 
151.125, 55.625, 4.1985295062338455e-24, nan 
151.375, 55.625, 2.1254043110309213e-24, nan 
151.625, 55.625, 7.415204443595295e-25, nan 
151.875, 55.625, 2.7717207894079236e-24, nan 
152.125, 55.625, 3.359674315062966e-24, nan 
152.375, 55.625, 4.3162118733887204e-24, nan 
152.625, 55.625, 2.855224254436517e-24, nan 
152.875, 55.625, 4.2605678862383245e-24, nan 
153.125, 55.625, 5.692626727070738e-24, nan 
153.375, 55.625, 5.177172463284538e-24, nan 
153.625, 55.625, 4.08118876012231e-24, nan 
153.875, 55.625, 7.80300173833821e-24, nan 
154.125, 55.625, 1.2791539375639149e-23, nan 
154.375, 55.625, 1.0199785744771832e-23, nan 
154.625, 55.625, 7.362503833899074e-24, nan 
154.875, 55.625, 7.008773669632858e-24, nan 
155.125, 55.625, 9.019996270798213e-24, nan 
155.375, 55.625, 6.904807385113533e-24, nan 
155.625, 55.625, 8.722171359922433e-24, nan 
155.875, 55.625, 7.56219578107578e-24, nan 
156.125, 55.625, 1.5905577572437564e-23, nan 
156.375, 55.625, 1.4196689918485015e-23, nan 
156.625, 55.625, 1.7339462467022485e-23, nan 
156.875, 55.625, 1.646328305758945e-23, nan 
157.125, 55.625, 6.2924505973677136e-24, nan 
157.375, 55.625, 9.206494635310824e-24, nan 
157.625, 55.625, 1.3706413258252785e-23, nan 
157.875, 55.625, 8.82797517540241e-24, nan 
158.125, 55.625, 3.0295504288866988e-24, nan 
158.375, 55.625, 3.747990564521956e-24, nan 
158.625, 55.625, 4.868970602619532e-24, nan 
158.875, 55.625, 4.671537660825439e-24, nan 
159.125, 55.625, 3.0892336825840936e-24, nan 
159.375, 55.625, 2.098937289120551e-24, nan 
159.625, 55.625, 2.737197952635623e-24, nan 
159.875, 55.625, 3.0253350351867575e-24, nan 
160.125, 55.625, 1.8764529963903805e-24, nan 
68.375, 55.875, 1.4603871549738e-23, nan 
68.625, 55.875, 1.2177993544075497e-23, nan 
68.875, 55.875, 1.2045097273886335e-23, nan 
69.125, 55.875, 1.1088138798879487e-23, nan 
69.375, 55.875, 1.8687420584821226e-23, nan 
69.625, 55.875, 4.6661005000052256e-23, nan 
69.875, 55.875, 3.7391221573116445e-23, nan 
70.125, 55.875, 3.1924120494208065e-23, nan 
70.375, 55.875, 3.283053658738562e-23, nan 
70.625, 55.875, 3.93740689012356e-23, nan 
70.875, 55.875, 4.006745537076487e-23, nan 
71.125, 55.875, 2.0028819804514162e-23, nan 
71.375, 55.875, 1.4420811883492683e-23, nan 
71.625, 55.875, 1.0413566592404273e-23, nan 
71.875, 55.875, 1.8495256165699607e-23, nan 
72.125, 55.875, 2.2950813385379127e-23, nan 
72.375, 55.875, 1.6184641528338624e-23, nan 
72.625, 55.875, 2.2356059928099167e-23, nan 
72.875, 55.875, 2.73603162704659e-23, nan 
73.125, 55.875, 1.2497221493999094e-23, nan 
73.375, 55.875, 1.898410618806464e-23, nan 
73.625, 55.875, 3.9683589981841385e-23, nan 
73.875, 55.875, 4.8372724649732626e-23, nan 
74.125, 55.875, 1.1418005028745136e-23, nan 
74.375, 55.875, 2.5022966264462758e-23, nan 
74.625, 55.875, 2.6087263589103808e-23, nan 
74.875, 55.875, 1.597093783479396e-23, nan 
75.125, 55.875, 1.2454721016947156e-23, nan 
75.375, 55.875, 8.840792282894769e-24, nan 
75.625, 55.875, 8.46966039605212e-24, nan 
75.875, 55.875, 1.3045582040775925e-23, nan 
76.125, 55.875, 1.5369372302166695e-23, nan 
76.375, 55.875, 1.7702692597257974e-23, nan 
76.625, 55.875, 2.251920015291904e-23, nan 
76.875, 55.875, 1.869350686154724e-23, nan 
77.125, 55.875, 1.480559016815426e-23, nan 
77.375, 55.875, 2.2737197813915532e-23, nan 
77.625, 55.875, 2.2757384884499654e-23, nan 
77.875, 55.875, 2.076424249365125e-23, nan 
78.125, 55.875, 2.2104669722530563e-23, nan 
78.375, 55.875, 2.882119814370916e-23, nan 
78.625, 55.875, 3.208550912270787e-23, nan 
78.875, 55.875, 2.988073180636946e-23, nan 
79.125, 55.875, 2.0835559087617432e-23, nan 
79.375, 55.875, 1.9678198898615877e-23, nan 
79.625, 55.875, 4.5029442928107835e-23, nan 
79.875, 55.875, 4.820715218081585e-23, nan 
80.125, 55.875, 3.454289355721349e-23, nan 
80.375, 55.875, 3.454397473508195e-23, nan 
80.625, 55.875, 2.8976409774574524e-23, nan 
80.875, 55.875, 6.078538317202255e-23, nan 
81.125, 55.875, 5.682377461988516e-23, nan 
81.375, 55.875, 1.870924810521519e-23, nan 
81.625, 55.875, 2.7926860640462603e-23, nan 
81.875, 55.875, 1.874110877109889e-23, nan 
82.125, 55.875, 6.530607440297853e-23, nan 
82.375, 55.875, 8.808855458766506e-23, nan 
82.625, 55.875, 7.15023281619752e-23, nan 
82.875, 55.875, 8.453880176223297e-23, nan 
83.125, 55.875, 7.35531335005881e-23, nan 
83.375, 55.875, 5.472622469919224e-23, nan 
83.625, 55.875, 3.684653180413193e-23, nan 
83.875, 55.875, 4.1548932413787613e-23, nan 
84.125, 55.875, 5.826974098383289e-23, nan 
84.375, 55.875, 7.399373509349683e-23, nan 
84.625, 55.875, 4.769533532539989e-23, nan 
84.875, 55.875, 4.1170410891540037e-23, nan 
85.125, 55.875, 7.264872034710816e-23, nan 
85.375, 55.875, 7.93142290480863e-23, nan 
85.625, 55.875, 7.070492901145166e-23, nan 
85.875, 55.875, 7.413515843023578e-23, nan 
86.125, 55.875, 3.8789919448688044e-23, nan 
86.375, 55.875, 2.9620060825075275e-23, nan 
86.625, 55.875, 1.1810990600455532e-23, nan 
86.875, 55.875, 3.413868370147488e-23, nan 
87.125, 55.875, 5.541867632177362e-23, nan 
87.375, 55.875, 5.702840195437273e-23, nan 
87.625, 55.875, 1.873011411572938e-23, nan 
87.875, 55.875, 1.7989764953452435e-23, nan 
88.125, 55.875, 3.846444427049576e-23, nan 
88.375, 55.875, 6.129094499974752e-23, nan 
88.625, 55.875, 7.557578557671981e-23, nan 
88.875, 55.875, 1.0263817036059987e-22, nan 
89.125, 55.875, 9.696263013401186e-23, nan 
89.375, 55.875, 3.788524252566004e-23, nan 
89.625, 55.875, 3.944355674230261e-23, nan 
89.875, 55.875, 3.105541780725122e-23, nan 
90.125, 55.875, 1.4779184459926653e-23, nan 
90.375, 55.875, 2.373152800047129e-23, nan 
90.625, 55.875, 4.884978712976687e-23, nan 
90.875, 55.875, 5.550596769988791e-23, nan 
91.125, 55.875, 3.788610040989037e-23, nan 
91.375, 55.875, 3.714799701935729e-23, nan 
91.625, 55.875, 3.54314494676645e-23, nan 
91.875, 55.875, 4.056310686978854e-23, nan 
92.125, 55.875, 5.747249680903436e-23, nan 
92.375, 55.875, 5.917170579994563e-23, nan 
92.625, 55.875, 8.922446841902e-23, nan 
92.875, 55.875, 1.5439520329262683e-22, nan 
93.125, 55.875, 3.4410719358821935e-23, nan 
93.375, 55.875, 2.743991871161396e-23, nan 
93.625, 55.875, 2.1908244051578354e-23, nan 
93.875, 55.875, 3.9026452283508276e-23, nan 
94.125, 55.875, 4.1651774060926346e-23, nan 
94.375, 55.875, 3.8457943352337555e-23, nan 
94.625, 55.875, 2.82487272790796e-23, nan 
94.875, 55.875, 1.4178010400670568e-23, nan 
95.125, 55.875, 3.856644247632173e-23, nan 
95.375, 55.875, 4.5310802370744887e-23, nan 
95.625, 55.875, 5.898494843282211e-23, nan 
95.875, 55.875, 1.1035782881801081e-22, nan 
96.125, 55.875, 1.3771602631566703e-22, nan 
96.375, 55.875, 9.411264832100228e-23, nan 
96.625, 55.875, 7.636504047571452e-23, nan 
96.875, 55.875, 5.1798800505590755e-23, nan 
97.125, 55.875, 4.7395063173882655e-23, nan 
97.375, 55.875, 4.3063416591279465e-23, nan 
97.625, 55.875, 4.3904106849204855e-23, nan 
97.875, 55.875, 5.704411289412552e-23, nan 
98.125, 55.875, 1.2427014130497188e-22, nan 
98.375, 55.875, 1.59558223698779e-22, nan 
98.625, 55.875, 1.9362246860034924e-22, nan 
98.875, 55.875, 1.6179620509799933e-22, nan 
99.125, 55.875, 5.777097098715512e-23, nan 
99.375, 55.875, 5.730074606052989e-23, nan 
99.625, 55.875, 6.941953950281942e-23, nan 
99.875, 55.875, 6.388831346111301e-23, nan 
100.125, 55.875, 7.330645703286764e-23, nan 
100.375, 55.875, 8.788243937075785e-23, nan 
100.625, 55.875, 9.856042114046705e-23, nan 
100.875, 55.875, 7.226005886179227e-23, nan 
101.125, 55.875, 7.566516834155015e-23, nan 
101.375, 55.875, 1.114073929509785e-22, nan 
101.625, 55.875, 1.9030783857232618e-22, nan 
101.875, 55.875, 1.6419390543817767e-22, nan 
102.125, 55.875, 7.074070053435316e-23, nan 
102.375, 55.875, 7.994726635824527e-23, nan 
102.625, 55.875, 1.253135287988989e-22, nan 
102.875, 55.875, 2.3439528124209853e-22, nan 
103.125, 55.875, 1.8032590547837823e-22, nan 
103.375, 55.875, 1.0147071410052599e-22, nan 
103.625, 55.875, 9.984237965892742e-23, nan 
103.875, 55.875, 8.955683778463013e-23, nan 
104.125, 55.875, 7.1385956843452e-23, nan 
104.375, 55.875, 9.33470548905755e-23, nan 
104.625, 55.875, 6.361339317123739e-23, nan 
104.875, 55.875, 1.8861420776245006e-22, nan 
105.125, 55.875, 2.7627664854845614e-22, nan 
105.375, 55.875, 2.3759010426850446e-22, nan 
105.625, 55.875, 1.9213229628590393e-22, nan 
105.875, 55.875, 8.746186857022436e-23, nan 
106.125, 55.875, 8.914965234619568e-23, nan 
106.375, 55.875, 8.481169215749027e-23, nan 
106.625, 55.875, 4.434183265779133e-23, nan 
106.875, 55.875, 3.7397652196355763e-23, nan 
107.125, 55.875, 7.296504346095744e-23, nan 
107.375, 55.875, 8.533550506696494e-23, nan 
107.625, 55.875, 6.016018211031617e-23, nan 
107.875, 55.875, 4.4095516881247806e-23, nan 
108.125, 55.875, 4.5868059373132224e-23, nan 
108.375, 55.875, 3.972650248218524e-23, nan 
108.625, 55.875, 3.616589265806688e-23, nan 
108.875, 55.875, 6.787898682375205e-23, nan 
109.125, 55.875, 6.83801145937857e-23, nan 
109.375, 55.875, 5.981869281489187e-23, nan 
109.625, 55.875, 3.8486488590042836e-23, nan 
109.875, 55.875, 6.139709884776757e-23, nan 
110.125, 55.875, 6.011347641458284e-23, nan 
110.375, 55.875, 9.245992827030321e-23, nan 
110.625, 55.875, 1.5161906403841225e-22, nan 
110.875, 55.875, 1.6061385341778068e-22, nan 
111.125, 55.875, 2.1642942748983286e-22, nan 
111.375, 55.875, 1.967363006466019e-22, nan 
111.625, 55.875, 7.475650027783328e-23, nan 
111.875, 55.875, 7.506863502654522e-23, nan 
112.125, 55.875, 3.4682736968376714e-23, nan 
112.375, 55.875, 4.961682960633101e-23, nan 
112.625, 55.875, 6.339366258653472e-23, nan 
112.875, 55.875, 1.8483628756773873e-22, nan 
113.125, 55.875, 1.8472728597193833e-22, nan 
113.375, 55.875, 9.169085938174616e-23, nan 
113.625, 55.875, 8.877924715188501e-23, nan 
113.875, 55.875, 6.79733737758539e-23, nan 
114.125, 55.875, 9.732354327296441e-23, nan 
114.375, 55.875, 1.0584674368182815e-22, nan 
114.625, 55.875, 4.830481422759749e-23, nan 
114.875, 55.875, 3.1994538920054625e-23, nan 
115.125, 55.875, 3.111423974474165e-23, nan 
115.375, 55.875, 1.889995941621306e-23, nan 
115.625, 55.875, 9.422696444302506e-24, nan 
115.875, 55.875, 5.1378475363443335e-23, nan 
116.125, 55.875, 1.2129120402469103e-22, nan 
116.375, 55.875, 1.4228507169754703e-22, nan 
116.625, 55.875, 1.5593776154569568e-22, nan 
116.875, 55.875, 1.168703862515937e-22, nan 
117.125, 55.875, 5.661893703568472e-23, nan 
117.375, 55.875, 4.647796462652902e-23, nan 
117.625, 55.875, 4.702767332002769e-23, nan 
117.875, 55.875, 7.619850183625485e-23, nan 
118.125, 55.875, 7.700014597077245e-23, nan 
118.375, 55.875, 3.669472343455626e-23, nan 
118.625, 55.875, 5.956956402463526e-23, nan 
118.875, 55.875, 5.322557520631268e-23, nan 
119.125, 55.875, 4.586831622821419e-23, nan 
119.375, 55.875, 4.7957253491199296e-23, nan 
119.625, 55.875, 7.06528417125923e-23, nan 
119.875, 55.875, 1.5152845256560257e-22, nan 
120.125, 55.875, 1.2118622047013985e-22, nan 
120.375, 55.875, 4.395685023638678e-23, nan 
120.625, 55.875, 3.015245728024095e-23, nan 
120.875, 55.875, 2.683982420317265e-23, nan 
121.125, 55.875, 2.0398614499883627e-23, nan 
121.375, 55.875, 3.506485020605907e-23, nan 
121.625, 55.875, 4.3287721485908654e-23, nan 
121.875, 55.875, 4.6688008973035067e-23, nan 
122.125, 55.875, 3.9212215398494927e-23, nan 
122.375, 55.875, 1.9537224668610654e-23, nan 
122.625, 55.875, 8.433190318299176e-23, nan 
122.875, 55.875, 9.860603701824619e-23, nan 
123.125, 55.875, 7.821584486530205e-23, nan 
123.375, 55.875, 1.1289754037316616e-22, nan 
123.625, 55.875, 9.637573491575836e-23, nan 
123.875, 55.875, 3.8538052687264573e-23, nan 
124.125, 55.875, 4.2717490244271166e-23, nan 
124.375, 55.875, 3.3211566618738777e-23, nan 
124.625, 55.875, 2.4749747133110527e-23, nan 
124.875, 55.875, 2.310042103639431e-23, nan 
125.125, 55.875, 2.378129230912968e-23, nan 
125.375, 55.875, 3.1060476221140354e-23, nan 
125.625, 55.875, 1.992866360334516e-23, nan 
125.875, 55.875, 7.04385482501733e-24, nan 
126.125, 55.875, 9.199676690496609e-24, nan 
126.375, 55.875, 9.00559063934544e-24, nan 
126.625, 55.875, 4.645212592460149e-23, nan 
126.875, 55.875, 7.468155896523813e-23, nan 
127.125, 55.875, 6.865439512045191e-23, nan 
127.375, 55.875, 6.851812916140229e-23, nan 
127.625, 55.875, 1.6882924404592722e-23, nan 
127.875, 55.875, 1.7189718426542706e-23, nan 
128.125, 55.875, 1.9382045894459928e-23, nan 
128.375, 55.875, 3.312166580741024e-23, nan 
128.625, 55.875, 3.110916566176755e-23, nan 
128.875, 55.875, 4.095424561442968e-23, nan 
129.125, 55.875, 3.852251415530294e-23, nan 
129.375, 55.875, 3.5478884273382385e-23, nan 
129.625, 55.875, 6.241476193841006e-23, nan 
129.875, 55.875, 5.2250184638011666e-23, nan 
130.125, 55.875, 1.987013430899897e-23, nan 
130.375, 55.875, 4.235905807709593e-23, nan 
130.625, 55.875, 3.539368196900126e-23, nan 
130.875, 55.875, 1.526145521415838e-23, nan 
131.125, 55.875, 2.833296880855414e-23, nan 
131.375, 55.875, 3.947742572707031e-23, nan 
131.625, 55.875, 2.7117032344401414e-23, nan 
131.875, 55.875, 1.7072603328507605e-23, nan 
132.125, 55.875, 1.8988959487336175e-23, nan 
132.375, 55.875, 1.6186629257320932e-23, nan 
132.625, 55.875, 1.2651854159300422e-23, nan 
132.875, 55.875, 1.9624125406282438e-23, nan 
133.125, 55.875, 1.6841807546904052e-23, nan 
133.375, 55.875, 3.1776476664134957e-23, nan 
133.625, 55.875, 5.652266708832113e-23, nan 
133.875, 55.875, 5.045561596711915e-23, nan 
134.125, 55.875, 3.4778896975834616e-23, nan 
134.375, 55.875, 3.962807739107742e-23, nan 
134.625, 55.875, 2.8332148870012325e-23, nan 
134.875, 55.875, 1.084858985865616e-23, nan 
135.125, 55.875, 1.486920162784254e-23, nan 
135.375, 55.875, 1.354320944584936e-23, nan 
135.625, 55.875, 6.779770456455084e-24, nan 
135.875, 55.875, 6.475063305061895e-24, nan 
136.125, 55.875, 6.344096756067281e-24, nan 
136.375, 55.875, 2.4853212221500914e-23, nan 
136.625, 55.875, 1.961067582303928e-23, nan 
136.875, 55.875, 5.931234621271462e-24, nan 
137.125, 55.875, 5.051297952078343e-24, nan 
137.375, 55.875, 1.0061220169223888e-23, nan 
137.625, 55.875, 1.9936335595518872e-23, nan 
137.875, 55.875, 2.1018953489207335e-23, nan 
138.125, 55.875, 1.6379720687589316e-23, nan 
138.375, 55.875, 2.3210389329843985e-23, nan 
138.625, 55.875, 2.0665730624165752e-23, nan 
138.875, 55.875, 2.5455765880148918e-23, nan 
139.125, 55.875, 4.976009377706042e-23, nan 
139.375, 55.875, 4.491704456553062e-23, nan 
139.625, 55.875, 2.1944185927799705e-22, nan 
139.875, 55.875, 1.7279346848588516e-22, nan 
140.125, 55.875, 6.505430450355691e-23, nan 
140.375, 55.875, 2.2562270428733372e-23, nan 
140.625, 55.875, 1.6686352461953765e-23, nan 
140.875, 55.875, 1.9825990915916637e-23, nan 
141.125, 55.875, 1.2804874773848307e-23, nan 
141.375, 55.875, 1.0623285828166326e-23, nan 
141.625, 55.875, 1.524874293069541e-23, nan 
141.875, 55.875, 2.3626630147812874e-23, nan 
142.125, 55.875, 2.6807806147275755e-23, nan 
142.375, 55.875, 2.1832828724569904e-23, nan 
142.625, 55.875, 1.0299865294967613e-23, nan 
142.875, 55.875, 5.549811816529927e-24, nan 
143.125, 55.875, 9.276429068289506e-24, nan 
143.375, 55.875, 8.59482124234123e-24, nan 
143.625, 55.875, 2.3598934993123326e-23, nan 
143.875, 55.875, 2.569239398311961e-23, nan 
144.125, 55.875, 1.069777439225147e-23, nan 
144.375, 55.875, 1.1938271940120314e-23, nan 
144.625, 55.875, 1.4175748049552016e-23, nan 
144.875, 55.875, 1.0930556857093273e-23, nan 
145.125, 55.875, 5.194201981686324e-24, nan 
145.375, 55.875, 7.593158987281192e-24, nan 
145.625, 55.875, 3.502562293007923e-23, nan 
145.875, 55.875, 3.8294043321672756e-23, nan 
146.125, 55.875, 1.9417124839877815e-23, nan 
146.375, 55.875, 2.1061424473666685e-23, nan 
146.625, 55.875, 2.1387284566792656e-23, nan 
146.875, 55.875, 1.5486649486967114e-23, nan 
147.125, 55.875, 5.7257451998408566e-24, nan 
147.375, 55.875, 1.629191016064386e-23, nan 
147.625, 55.875, 1.6393293845574217e-23, nan 
147.875, 55.875, 2.7444728222888904e-24, nan 
148.125, 55.875, 2.4406321677553557e-24, nan 
148.375, 55.875, 6.974400306976028e-24, nan 
148.625, 55.875, 6.407948959880426e-24, nan 
148.875, 55.875, 1.2893988392503327e-23, nan 
149.125, 55.875, 1.1192611809961061e-23, nan 
149.375, 55.875, 7.503180932120118e-24, nan 
149.625, 55.875, 7.997298067669068e-24, nan 
149.875, 55.875, 4.722317767299067e-24, nan 
150.125, 55.875, 3.1736149910979482e-24, nan 
150.375, 55.875, 4.3340987595316216e-24, nan 
150.625, 55.875, 4.902815775174822e-24, nan 
150.875, 55.875, 5.486323473032932e-24, nan 
151.125, 55.875, 4.200198350516765e-24, nan 
151.375, 55.875, 4.451392256146957e-24, nan 
151.625, 55.875, 3.502065455737126e-24, nan 
151.875, 55.875, 3.4326296420428265e-24, nan 
152.125, 55.875, 4.6485185480962154e-24, nan 
152.375, 55.875, 4.17250096250665e-24, nan 
152.625, 55.875, 7.447355531596515e-24, nan 
152.875, 55.875, 6.523867001906147e-24, nan 
153.125, 55.875, 5.1510082109620144e-24, nan 
153.375, 55.875, 5.974942736576698e-24, nan 
153.625, 55.875, 3.8494940287057055e-24, nan 
153.875, 55.875, 3.868908745630991e-24, nan 
154.125, 55.875, 6.727915977621727e-24, nan 
154.375, 55.875, 6.846381477421754e-24, nan 
154.625, 55.875, 5.438743888288553e-24, nan 
154.875, 55.875, 3.8271708121039725e-24, nan 
155.125, 55.875, 6.960593504095529e-24, nan 
155.375, 55.875, 5.618452060245875e-24, nan 
155.625, 55.875, 1.1143553991256698e-23, nan 
155.875, 55.875, 1.961169990719909e-23, nan 
156.125, 55.875, 2.8778493631638303e-23, nan 
156.375, 55.875, 1.8866350047641368e-23, nan 
156.625, 55.875, 7.05116301052262e-24, nan 
156.875, 55.875, 2.8921622933325606e-24, nan 
157.125, 55.875, 4.706358382540084e-24, nan 
157.375, 55.875, 5.633538243637177e-24, nan 
157.625, 55.875, 5.341676906548446e-24, nan 
157.875, 55.875, 1.3347021193727123e-24, nan 
158.125, 55.875, 1.292821233344919e-24, nan 
158.375, 55.875, 8.026498538609413e-24, nan 
158.625, 55.875, 1.0426459023995984e-23, nan 
158.875, 55.875, 6.809347188022812e-24, nan 
159.125, 55.875, 3.223670622615479e-24, nan 
159.375, 55.875, 3.053734484444831e-24, nan 
159.625, 55.875, 2.8535792216779197e-24, nan 
159.875, 55.875, 1.8602871993651626e-24, nan 
160.125, 55.875, 2.7165101301362714e-24, nan 
160.375, 55.875, 4.266309400963319e-24, nan 
160.625, 55.875, 5.2914090436689985e-24, nan 
67.375, 56.125, 2.9214047381670075e-23, nan 
67.625, 56.125, 2.139873893725214e-23, nan 
67.875, 56.125, 1.6900836026321987e-23, nan 
68.125, 56.125, 1.477416388867667e-23, nan 
68.375, 56.125, 1.1012057347121363e-23, nan 
68.625, 56.125, 1.1458649639792788e-23, nan 
68.875, 56.125, 1.1775298833734872e-23, nan 
69.125, 56.125, 1.3847861586558384e-23, nan 
69.375, 56.125, 2.1350470264805714e-23, nan 
69.625, 56.125, 3.0723377798146095e-23, nan 
69.875, 56.125, 1.8459428935309266e-23, nan 
70.125, 56.125, 2.4903512509137075e-23, nan 
70.375, 56.125, 2.814653193886735e-23, nan 
70.625, 56.125, 2.252436535520594e-23, nan 
70.875, 56.125, 1.3452366848216927e-23, nan 
71.125, 56.125, 2.67222834783773e-23, nan 
71.375, 56.125, 2.420447325940222e-23, nan 
71.625, 56.125, 1.5397530059384374e-23, nan 
71.875, 56.125, 1.748704538442114e-23, nan 
72.125, 56.125, 9.975558597666999e-24, nan 
72.375, 56.125, 4.991677030449103e-24, nan 
72.625, 56.125, 7.486708508635386e-24, nan 
72.875, 56.125, 2.8523068105167493e-23, nan 
73.125, 56.125, 2.852980077740779e-23, nan 
73.375, 56.125, 1.1461874401781083e-23, nan 
73.625, 56.125, 1.3979735268835535e-23, nan 
73.875, 56.125, 5.368208673303417e-23, nan 
74.125, 56.125, 4.7404873117565466e-23, nan 
74.375, 56.125, 2.7724647197421985e-23, nan 
74.625, 56.125, 2.6796174863416666e-23, nan 
74.875, 56.125, 2.1211783441672642e-23, nan 
75.125, 56.125, 1.7270773393341075e-23, nan 
75.375, 56.125, 1.4250458436559186e-23, nan 
75.625, 56.125, 5.159047047261196e-24, nan 
75.875, 56.125, 8.056811404038564e-24, nan 
76.125, 56.125, 9.348021927702234e-24, nan 
76.375, 56.125, 1.895061180953329e-23, nan 
76.625, 56.125, 2.3290438067542212e-23, nan 
76.875, 56.125, 2.077079576347126e-23, nan 
77.125, 56.125, 1.6472870842852608e-23, nan 
77.375, 56.125, 2.666784638614128e-23, nan 
77.625, 56.125, 3.1582441282137814e-23, nan 
77.875, 56.125, 3.621742131451621e-23, nan 
78.125, 56.125, 3.2552285553751687e-23, nan 
78.375, 56.125, 1.6137793419485864e-23, nan 
78.625, 56.125, 2.5011714074371698e-23, nan 
78.875, 56.125, 2.848955698403923e-23, nan 
79.125, 56.125, 3.755389516614017e-23, nan 
79.375, 56.125, 3.7841329090523264e-23, nan 
79.625, 56.125, 3.363135720718292e-23, nan 
79.875, 56.125, 5.615785418324017e-23, nan 
80.125, 56.125, 5.180358843949342e-23, nan 
80.375, 56.125, 3.6125619274498e-23, nan 
80.625, 56.125, 3.736060146042484e-23, nan 
80.875, 56.125, 1.024453851122088e-22, nan 
81.125, 56.125, 1.3049143212900248e-22, nan 
81.375, 56.125, 5.402141930718353e-23, nan 
81.625, 56.125, 1.9688856826674652e-23, nan 
81.875, 56.125, 1.7820261327998495e-23, nan 
82.125, 56.125, 7.262713354054888e-23, nan 
82.375, 56.125, 9.615390321445748e-23, nan 
82.625, 56.125, 9.863832981688584e-23, nan 
82.875, 56.125, 7.890379992632594e-23, nan 
83.125, 56.125, 1.5142781976042028e-23, nan 
83.375, 56.125, 5.492673246128762e-23, nan 
83.625, 56.125, 8.289655213220232e-23, nan 
83.875, 56.125, 1.110638121159801e-22, nan 
84.125, 56.125, 1.1229096872847484e-22, nan 
84.375, 56.125, 9.448294065155016e-23, nan 
84.625, 56.125, 5.057525537159555e-23, nan 
84.875, 56.125, 3.888655311707465e-23, nan 
85.125, 56.125, 4.086448018308912e-23, nan 
85.375, 56.125, 3.310727892854686e-23, nan 
85.625, 56.125, 5.1352904419868654e-23, nan 
85.875, 56.125, 4.852943719293112e-23, nan 
86.125, 56.125, 3.673410841528199e-23, nan 
86.375, 56.125, 2.549200185940656e-23, nan 
86.625, 56.125, 1.7739995071497108e-23, nan 
86.875, 56.125, 3.740472232108194e-23, nan 
87.125, 56.125, 4.27020675955293e-23, nan 
87.375, 56.125, 3.6439484762286997e-23, nan 
87.625, 56.125, 2.784431588576584e-23, nan 
87.875, 56.125, 2.6074949689389852e-23, nan 
88.125, 56.125, 5.589394370440922e-23, nan 
88.375, 56.125, 6.071633083865494e-23, nan 
88.625, 56.125, 8.744986411779562e-23, nan 
88.875, 56.125, 9.991723866034095e-23, nan 
89.125, 56.125, 9.969934059367674e-23, nan 
89.375, 56.125, 7.450079404561697e-23, nan 
89.625, 56.125, 5.843262764586725e-23, nan 
89.875, 56.125, 6.218887039849744e-23, nan 
90.125, 56.125, 5.96099020974332e-23, nan 
90.375, 56.125, 2.362509205237173e-23, nan 
90.625, 56.125, 2.7199496473642015e-23, nan 
90.875, 56.125, 5.23583320204403e-23, nan 
91.125, 56.125, 5.39785160163434e-23, nan 
91.375, 56.125, 4.9975487877969853e-23, nan 
91.625, 56.125, 5.794011487317989e-23, nan 
91.875, 56.125, 6.682527623144184e-23, nan 
92.125, 56.125, 5.0819214596932674e-23, nan 
92.375, 56.125, 8.169062006947548e-23, nan 
92.625, 56.125, 1.6785029291631057e-22, nan 
92.875, 56.125, 3.3460551071350104e-22, nan 
93.125, 56.125, 2.4365921182393574e-22, nan 
93.375, 56.125, 5.481037878017419e-23, nan 
93.625, 56.125, 3.201800910518086e-23, nan 
93.875, 56.125, 3.9489097459362444e-23, nan 
94.125, 56.125, 4.779160233986329e-23, nan 
94.375, 56.125, 3.6818487380500683e-23, nan 
94.625, 56.125, 3.774664630905005e-23, nan 
94.875, 56.125, 3.06605848020931e-23, nan 
95.125, 56.125, 3.1450618302352335e-23, nan 
95.375, 56.125, 4.451819528592178e-23, nan 
95.625, 56.125, 6.280119877662735e-23, nan 
95.875, 56.125, 5.529022202422724e-23, nan 
96.125, 56.125, 2.7035792402700447e-23, nan 
96.375, 56.125, 9.177888591225826e-23, nan 
96.625, 56.125, 1.3241920734091347e-22, nan 
96.875, 56.125, 8.04579212825572e-23, nan 
97.125, 56.125, 4.536074829102984e-23, nan 
97.375, 56.125, 4.517013745898602e-23, nan 
97.625, 56.125, 4.623287699177329e-23, nan 
97.875, 56.125, 4.668870550929809e-23, nan 
98.125, 56.125, 4.1048879280674216e-23, nan 
98.375, 56.125, 7.957197866961238e-23, nan 
98.625, 56.125, 7.949736616486281e-23, nan 
98.875, 56.125, 4.444217796715136e-23, nan 
99.125, 56.125, 5.972434580914699e-23, nan 
99.375, 56.125, 5.497864712337693e-23, nan 
99.625, 56.125, 7.539985438067411e-23, nan 
99.875, 56.125, 6.687890039065017e-23, nan 
100.125, 56.125, 7.681158078970891e-23, nan 
100.375, 56.125, 1.0538182282337768e-22, nan 
100.625, 56.125, 1.2761259580720965e-22, nan 
100.875, 56.125, 9.806100728986834e-23, nan 
101.125, 56.125, 1.725021119426502e-22, nan 
101.375, 56.125, 1.9703864231558275e-22, nan 
101.625, 56.125, 2.237695737251113e-22, nan 
101.875, 56.125, 1.9982650301712255e-22, nan 
102.125, 56.125, 8.892737777920894e-23, nan 
102.375, 56.125, 1.404246803846289e-22, nan 
102.625, 56.125, 3.29433179318882e-22, nan 
102.875, 56.125, 3.277143257326347e-22, nan 
103.125, 56.125, 8.25093588214869e-23, nan 
103.375, 56.125, 1.0760478452051423e-22, nan 
103.625, 56.125, 1.2056163205178275e-22, nan 
103.875, 56.125, 1.1408773750508921e-22, nan 
104.125, 56.125, 7.520125415755869e-23, nan 
104.375, 56.125, 6.382150949089058e-23, nan 
104.625, 56.125, 8.195531427196525e-23, nan 
104.875, 56.125, 8.077281974953321e-23, nan 
105.125, 56.125, 1.142628377593042e-22, nan 
105.375, 56.125, 5.980032276479984e-23, nan 
105.625, 56.125, 8.868823281704466e-23, nan 
105.875, 56.125, 1.756900801729257e-22, nan 
106.125, 56.125, 2.0504048020619102e-22, nan 
106.375, 56.125, 1.1119160451512673e-22, nan 
106.625, 56.125, 1.0481547131029582e-22, nan 
106.875, 56.125, 7.241594316853323e-23, nan 
107.125, 56.125, 1.0832686423500356e-22, nan 
107.375, 56.125, 1.437428621886606e-22, nan 
107.625, 56.125, 1.6646403660809788e-22, nan 
107.875, 56.125, 1.2284200685794463e-22, nan 
108.125, 56.125, 4.745256055984258e-23, nan 
108.375, 56.125, 2.8602754108559794e-23, nan 
108.625, 56.125, 5.369222114537649e-23, nan 
108.875, 56.125, 6.868628227941641e-23, nan 
109.125, 56.125, 7.478203209892205e-23, nan 
109.375, 56.125, 6.491356806063034e-23, nan 
109.625, 56.125, 1.8494849865667048e-23, nan 
109.875, 56.125, 3.880761094876903e-23, nan 
110.125, 56.125, 7.556792338546722e-23, nan 
110.375, 56.125, 1.7533134951433942e-22, nan 
110.625, 56.125, 1.9539815916787944e-22, nan 
110.875, 56.125, 1.7916471045659613e-22, nan 
111.125, 56.125, 2.63634402080216e-22, nan 
111.375, 56.125, 3.173752230500755e-22, nan 
111.625, 56.125, 2.4756961538560198e-22, nan 
111.875, 56.125, 1.294555626820015e-22, nan 
112.125, 56.125, 8.15472879222034e-23, nan 
112.375, 56.125, 7.16866978637605e-23, nan 
112.625, 56.125, 1.1920268508347037e-22, nan 
112.875, 56.125, 1.958680467583164e-22, nan 
113.125, 56.125, 1.7569986692966133e-22, nan 
113.375, 56.125, 1.103118230063419e-22, nan 
113.625, 56.125, 2.790077946600118e-23, nan 
113.875, 56.125, 4.4138149873497353e-23, nan 
114.125, 56.125, 7.270383666873261e-23, nan 
114.375, 56.125, 1.2984567534022214e-22, nan 
114.625, 56.125, 1.0218875013419045e-22, nan 
114.875, 56.125, 4.743182760218044e-23, nan 
115.125, 56.125, 4.635947588994465e-23, nan 
115.375, 56.125, 3.913291050214374e-23, nan 
115.625, 56.125, 5.443015973239938e-23, nan 
115.875, 56.125, 6.196688746715501e-23, nan 
116.125, 56.125, 4.004616546719804e-23, nan 
116.375, 56.125, 4.660345241105318e-23, nan 
116.625, 56.125, 9.62977412664355e-23, nan 
116.875, 56.125, 4.397813951343465e-23, nan 
117.125, 56.125, 2.2686590336981348e-23, nan 
117.375, 56.125, 4.3241938188600904e-23, nan 
117.625, 56.125, 9.956481539849458e-23, nan 
117.875, 56.125, 1.2085769753268684e-22, nan 
118.125, 56.125, 8.125993319398882e-23, nan 
118.375, 56.125, 4.339279362585875e-23, nan 
118.625, 56.125, 4.742614449608113e-23, nan 
118.875, 56.125, 4.393867439889113e-23, nan 
119.125, 56.125, 5.94122959074159e-23, nan 
119.375, 56.125, 5.1961823137798226e-23, nan 
119.625, 56.125, 4.099751915963665e-23, nan 
119.875, 56.125, 1.6936599714167845e-22, nan 
120.125, 56.125, 1.9368895826689298e-22, nan 
120.375, 56.125, 5.589778083700794e-23, nan 
120.625, 56.125, 2.7390892162316645e-23, nan 
120.875, 56.125, 3.210251299813083e-23, nan 
121.125, 56.125, 4.1099926837124315e-23, nan 
121.375, 56.125, 4.783769398313033e-23, nan 
121.625, 56.125, 3.1569511781293076e-23, nan 
121.875, 56.125, 2.4418711384845486e-23, nan 
122.125, 56.125, 2.6404038919535387e-23, nan 
122.375, 56.125, 3.76775300422238e-23, nan 
122.625, 56.125, 1.2309593470601606e-22, nan 
122.875, 56.125, 1.2949075890424663e-22, nan 
123.125, 56.125, 1.068808105673703e-22, nan 
123.375, 56.125, 1.341160064557649e-22, nan 
123.625, 56.125, 1.194310608187224e-22, nan 
123.875, 56.125, 4.750578748716692e-23, nan 
124.125, 56.125, 2.586735470168253e-23, nan 
124.375, 56.125, 3.2015384500350726e-23, nan 
124.625, 56.125, 2.922033137616338e-23, nan 
124.875, 56.125, 2.3466191035359302e-23, nan 
125.125, 56.125, 1.5738847692577002e-23, nan 
125.375, 56.125, 2.0729874983678008e-23, nan 
125.625, 56.125, 3.193559612575019e-23, nan 
125.875, 56.125, 1.7658081889597412e-23, nan 
126.125, 56.125, 6.536129290154322e-24, nan 
126.375, 56.125, 1.4472410072222135e-23, nan 
126.625, 56.125, 1.249320436839814e-23, nan 
126.875, 56.125, 2.023159121991592e-23, nan 
127.125, 56.125, 1.4862822156527272e-22, nan 
127.375, 56.125, 2.2700131862081e-22, nan 
127.625, 56.125, 1.362235914662477e-22, nan 
127.875, 56.125, 3.0996557367977164e-23, nan 
128.125, 56.125, 3.6073756875224436e-23, nan 
128.375, 56.125, 2.5180117146675298e-23, nan 
128.625, 56.125, 2.4767973173332126e-23, nan 
128.875, 56.125, 6.119153313305716e-23, nan 
129.125, 56.125, 5.826641324857479e-23, nan 
129.375, 56.125, 1.2569315266853895e-23, nan 
129.625, 56.125, 5.614443415819744e-23, nan 
129.875, 56.125, 7.177584067950891e-23, nan 
130.125, 56.125, 5.379265155143691e-23, nan 
130.375, 56.125, 2.2722187792880896e-23, nan 
130.625, 56.125, 5.664893876731833e-24, nan 
130.875, 56.125, 3.9053771734251495e-24, nan 
131.125, 56.125, 1.4225820733079073e-23, nan 
131.375, 56.125, 2.3802232959899615e-23, nan 
131.625, 56.125, 1.9934776367837582e-23, nan 
131.875, 56.125, 1.8454341417802006e-23, nan 
132.125, 56.125, 2.0270238081881748e-23, nan 
132.375, 56.125, 2.057026067296215e-23, nan 
132.625, 56.125, 2.082382375252479e-23, nan 
132.875, 56.125, 1.9613092381647848e-23, nan 
133.125, 56.125, 1.5327238575509415e-23, nan 
133.375, 56.125, 1.9296105615376376e-23, nan 
133.625, 56.125, 2.2631993769318118e-23, nan 
133.875, 56.125, 2.46590293150195e-23, nan 
134.125, 56.125, 2.6734376647668314e-23, nan 
134.375, 56.125, 2.094060711684006e-23, nan 
134.625, 56.125, 1.737004217372158e-23, nan 
134.875, 56.125, 1.0196449357689401e-23, nan 
135.125, 56.125, 6.576895600257505e-24, nan 
135.375, 56.125, 7.824294977434039e-24, nan 
135.625, 56.125, 1.1263744048694815e-23, nan 
135.875, 56.125, 1.3189760678539863e-23, nan 
136.125, 56.125, 3.663591933447749e-23, nan 
136.375, 56.125, 3.955222972507994e-23, nan 
136.625, 56.125, 1.587873857863879e-23, nan 
136.875, 56.125, 1.4908966236981835e-23, nan 
137.125, 56.125, 8.503291495477482e-24, nan 
137.375, 56.125, 2.2279224892830288e-23, nan 
137.625, 56.125, 2.9408624129112564e-23, nan 
137.875, 56.125, 1.672982828894093e-23, nan 
138.125, 56.125, 1.3035889155067687e-23, nan 
138.375, 56.125, 1.2296479314693338e-23, nan 
138.625, 56.125, 2.3714810044821615e-23, nan 
138.875, 56.125, 2.486590915473715e-23, nan 
139.125, 56.125, 4.3301165293698785e-23, nan 
139.375, 56.125, 4.3571019012677956e-23, nan 
139.625, 56.125, 3.701176661907953e-23, nan 
139.875, 56.125, 4.676160860097273e-23, nan 
140.125, 56.125, 3.737901367818137e-23, nan 
140.375, 56.125, 1.758805708020728e-23, nan 
140.625, 56.125, 1.6271835032740075e-23, nan 
140.875, 56.125, 2.1630504085638954e-23, nan 
141.125, 56.125, 2.2524334585796617e-23, nan 
141.375, 56.125, 1.0822415390138635e-23, nan 
141.625, 56.125, 1.8656111984849802e-23, nan 
141.875, 56.125, 2.193060355574006e-23, nan 
142.125, 56.125, 2.3177012914963458e-23, nan 
142.375, 56.125, 1.8392722724520022e-23, nan 
142.625, 56.125, 9.299145710068256e-24, nan 
142.875, 56.125, 6.4799124987477895e-24, nan 
143.125, 56.125, 1.2004962025282937e-23, nan 
143.375, 56.125, 1.3209550681725034e-23, nan 
143.625, 56.125, 1.537528431524319e-23, nan 
143.875, 56.125, 1.301499099236442e-23, nan 
144.125, 56.125, 8.561366772425013e-24, nan 
144.375, 56.125, 1.118644826357632e-23, nan 
144.625, 56.125, 1.080336030550564e-23, nan 
144.875, 56.125, 8.506094178072568e-24, nan 
145.125, 56.125, 6.541990221355697e-24, nan 
145.375, 56.125, 1.3438331542184312e-23, nan 
145.625, 56.125, 1.9021641859937615e-23, nan 
145.875, 56.125, 1.7150081814572022e-23, nan 
146.125, 56.125, 1.916061174909549e-23, nan 
146.375, 56.125, 2.083945928363427e-23, nan 
146.625, 56.125, 1.1154981304143714e-23, nan 
146.875, 56.125, 7.242972853713525e-24, nan 
147.125, 56.125, 8.178499074857694e-24, nan 
147.375, 56.125, 9.253944829084531e-24, nan 
147.625, 56.125, 8.449130119161847e-24, nan 
147.875, 56.125, 6.1477270529169706e-24, nan 
148.125, 56.125, 1.2512006542908096e-23, nan 
148.375, 56.125, 1.565151783559923e-23, nan 
148.625, 56.125, 1.1674033517486096e-23, nan 
148.875, 56.125, 1.226667284873015e-23, nan 
149.125, 56.125, 8.382939349401424e-24, nan 
149.375, 56.125, 8.621778197580664e-24, nan 
149.625, 56.125, 9.130864973419337e-24, nan 
149.875, 56.125, 3.228080362878812e-24, nan 
150.125, 56.125, 4.088351825524968e-24, nan 
150.375, 56.125, 2.9731895455028127e-24, nan 
150.625, 56.125, 2.0848026220408916e-24, nan 
150.875, 56.125, 1.937391291208374e-24, nan 
151.125, 56.125, 4.091260407938339e-24, nan 
151.375, 56.125, 6.2405819438211715e-24, nan 
151.625, 56.125, 5.6239783793391985e-24, nan 
151.875, 56.125, 1.292764630705265e-23, nan 
152.125, 56.125, 9.359550826602479e-24, nan 
152.375, 56.125, 6.73012723260307e-24, nan 
152.625, 56.125, 8.149436392496824e-24, nan 
152.875, 56.125, 4.474831055221908e-24, nan 
153.125, 56.125, 3.0912894928683554e-24, nan 
153.375, 56.125, 4.0865692423063166e-24, nan 
153.625, 56.125, 4.644992072417581e-24, nan 
153.875, 56.125, 5.576354297156293e-24, nan 
154.125, 56.125, 6.599005061702335e-24, nan 
154.375, 56.125, 6.268660314649937e-24, nan 
154.625, 56.125, 5.843775705775912e-24, nan 
154.875, 56.125, 5.320876446033744e-24, nan 
155.125, 56.125, 6.215821054713735e-24, nan 
155.375, 56.125, 1.394883711198811e-23, nan 
155.625, 56.125, 1.5012477138847701e-23, nan 
155.875, 56.125, 9.14971022070454e-24, nan 
156.125, 56.125, 1.335312741888574e-23, nan 
156.375, 56.125, 3.335840545274876e-24, nan 
156.625, 56.125, 2.941130819466296e-24, nan 
156.875, 56.125, 3.3046749038297433e-24, nan 
157.125, 56.125, 2.792738674929284e-24, nan 
157.375, 56.125, 7.162524631881783e-24, nan 
157.625, 56.125, 6.8846417981836e-24, nan 
157.875, 56.125, 1.2746760698224406e-24, nan 
158.125, 56.125, 1.0768673190812763e-24, nan 
158.375, 56.125, 9.093665876936019e-24, nan 
158.625, 56.125, 1.0661318439578803e-23, nan 
158.875, 56.125, 7.8089276247521e-24, nan 
159.125, 56.125, 4.886412963457048e-24, nan 
159.375, 56.125, 3.1080640597096604e-24, nan 
159.625, 56.125, 4.365032114311486e-24, nan 
159.875, 56.125, 3.182842099272301e-24, nan 
160.125, 56.125, 1.0247639314289637e-24, nan 
160.375, 56.125, 2.2810082513746867e-24, nan 
160.625, 56.125, 5.09625737152558e-24, nan 
160.875, 56.125, 5.5147148394516695e-24, nan 
161.125, 56.125, 4.121041786831319e-24, nan 
66.375, 56.375, 6.389501306550531e-24, nan 
66.625, 56.375, 1.991414418638311e-23, nan 
66.875, 56.375, 1.954258904448416e-23, nan 
67.125, 56.375, 7.30380302518586e-24, nan 
67.375, 56.375, 1.165877341246449e-23, nan 
67.625, 56.375, 7.99302669944225e-24, nan 
67.875, 56.375, 1.0923484674107098e-23, nan 
68.125, 56.375, 1.2637783893765612e-23, nan 
68.375, 56.375, 9.186211579490357e-24, nan 
68.625, 56.375, 8.384763756882602e-24, nan 
68.875, 56.375, 2.1667791116199153e-23, nan 
69.125, 56.375, 2.5443225687215322e-23, nan 
69.375, 56.375, 1.8263093769722297e-23, nan 
69.625, 56.375, 1.3221762175904324e-23, nan 
69.875, 56.375, 1.7786157908007108e-23, nan 
70.125, 56.375, 1.7639637876875515e-23, nan 
70.375, 56.375, 8.84869801634465e-24, nan 
70.625, 56.375, 3.835757349237359e-24, nan 
70.875, 56.375, 1.4095941748320955e-23, nan 
71.125, 56.375, 1.0168463575713937e-23, nan 
71.375, 56.375, 1.3115026278535985e-23, nan 
71.625, 56.375, 1.8651239014534167e-23, nan 
71.875, 56.375, 2.12451777238065e-23, nan 
72.125, 56.375, 1.6995706422420142e-23, nan 
72.375, 56.375, 1.716388172051676e-23, nan 
72.625, 56.375, 9.796575902702487e-24, nan 
72.875, 56.375, 1.3199506711056877e-23, nan 
73.125, 56.375, 2.028891331089879e-23, nan 
73.375, 56.375, 2.716210926271861e-23, nan 
73.625, 56.375, 3.835962767377119e-23, nan 
73.875, 56.375, 3.6073405070275954e-23, nan 
74.125, 56.375, 2.9350010703285595e-23, nan 
74.375, 56.375, 2.6587340864942085e-23, nan 
74.625, 56.375, 2.1256928728811574e-23, nan 
74.875, 56.375, 2.5043257313740942e-23, nan 
75.125, 56.375, 2.1883375869011642e-23, nan 
75.375, 56.375, 1.2893836800584814e-23, nan 
75.625, 56.375, 1.4381579867037926e-23, nan 
75.875, 56.375, 1.0548615959235455e-23, nan 
76.125, 56.375, 1.3244625117935807e-23, nan 
76.375, 56.375, 3.0481228936885574e-23, nan 
76.625, 56.375, 3.0249836667405956e-23, nan 
76.875, 56.375, 1.4174564117661635e-23, nan 
77.125, 56.375, 7.082343313515488e-24, nan 
77.375, 56.375, 5.85989633421827e-24, nan 
77.625, 56.375, 3.458455237370497e-23, nan 
77.875, 56.375, 4.999072015316972e-23, nan 
78.125, 56.375, 3.286979706163397e-23, nan 
78.375, 56.375, 2.4618224485783963e-23, nan 
78.625, 56.375, 2.4571294770690226e-23, nan 
78.875, 56.375, 1.634519453200589e-23, nan 
79.125, 56.375, 2.569370394446824e-23, nan 
79.375, 56.375, 5.335155308987213e-23, nan 
79.625, 56.375, 5.1562879264989145e-23, nan 
79.875, 56.375, 2.5892810108004252e-23, nan 
80.125, 56.375, 3.722308936367098e-23, nan 
80.375, 56.375, 2.761455664913028e-23, nan 
80.625, 56.375, 4.0818778678107383e-23, nan 
80.875, 56.375, 4.02105648736409e-23, nan 
81.125, 56.375, 7.323026207982598e-23, nan 
81.375, 56.375, 4.7585752200459017e-23, nan 
81.625, 56.375, 3.5615995955973315e-23, nan 
81.875, 56.375, 2.0034794746047016e-23, nan 
82.125, 56.375, 2.4548765944365416e-23, nan 
82.375, 56.375, 4.5261898220799984e-23, nan 
82.625, 56.375, 5.84965925272495e-23, nan 
82.875, 56.375, 1.6429773912765992e-23, nan 
83.125, 56.375, 3.3219213244016455e-23, nan 
83.375, 56.375, 4.926229641843562e-23, nan 
83.625, 56.375, 8.037001818293391e-23, nan 
83.875, 56.375, 8.053314253050345e-23, nan 
84.125, 56.375, 4.952815348903034e-23, nan 
84.375, 56.375, 4.989811071269163e-23, nan 
84.625, 56.375, 2.9445367749359355e-23, nan 
84.875, 56.375, 2.654157265365288e-23, nan 
85.125, 56.375, 4.1584571177191776e-23, nan 
85.375, 56.375, 4.5939417108892906e-23, nan 
85.625, 56.375, 6.38269833266724e-23, nan 
85.875, 56.375, 5.1413144708309456e-23, nan 
86.125, 56.375, 2.1406625144272438e-23, nan 
86.375, 56.375, 2.2750624594736986e-23, nan 
86.625, 56.375, 1.6779715493666047e-23, nan 
86.875, 56.375, 2.1388212165704166e-23, nan 
87.125, 56.375, 3.2995860560331624e-23, nan 
87.375, 56.375, 3.436178474935194e-23, nan 
87.625, 56.375, 2.2111289905371795e-23, nan 
87.875, 56.375, 2.3813988045100684e-23, nan 
88.125, 56.375, 4.84089804116745e-23, nan 
88.375, 56.375, 5.850419005161971e-23, nan 
88.625, 56.375, 5.627059423636713e-23, nan 
88.875, 56.375, 5.620582834096236e-23, nan 
89.125, 56.375, 8.889392129760215e-23, nan 
89.375, 56.375, 9.727859496932019e-23, nan 
89.625, 56.375, 7.442110988694581e-23, nan 
89.875, 56.375, 6.418992922891378e-23, nan 
90.125, 56.375, 7.432755496611887e-23, nan 
90.375, 56.375, 6.145060362638358e-23, nan 
90.625, 56.375, 3.618488448677978e-23, nan 
90.875, 56.375, 4.7939642421581603e-23, nan 
91.125, 56.375, 6.675266964787365e-23, nan 
91.375, 56.375, 4.062398621203688e-23, nan 
91.625, 56.375, 4.1723498082140624e-23, nan 
91.875, 56.375, 6.367322974145075e-23, nan 
92.125, 56.375, 6.811727191300505e-23, nan 
92.375, 56.375, 6.064102858310102e-23, nan 
92.625, 56.375, 7.335799115012355e-23, nan 
92.875, 56.375, 1.3411762322401295e-22, nan 
93.125, 56.375, 2.881278234693184e-23, nan 
93.375, 56.375, 3.505494521977825e-23, nan 
93.625, 56.375, 3.809859588304449e-23, nan 
93.875, 56.375, 3.354624501414008e-23, nan 
94.125, 56.375, 6.126333035519647e-23, nan 
94.375, 56.375, 5.808478873468679e-23, nan 
94.625, 56.375, 4.058424573760659e-23, nan 
94.875, 56.375, 4.073198656386324e-23, nan 
95.125, 56.375, 3.9992987084913786e-23, nan 
95.375, 56.375, 5.321168071522826e-23, nan 
95.625, 56.375, 3.9067842769588034e-23, nan 
95.875, 56.375, 3.5533931966077735e-23, nan 
96.125, 56.375, 4.6773848713393863e-23, nan 
96.375, 56.375, 4.356238686268903e-23, nan 
96.625, 56.375, 6.951528883174856e-23, nan 
96.875, 56.375, 2.705822214777807e-23, nan 
97.125, 56.375, 8.713663199748626e-23, nan 
97.375, 56.375, 9.856349993963082e-23, nan 
97.625, 56.375, 6.081020446905458e-23, nan 
97.875, 56.375, 8.309868267615455e-23, nan 
98.125, 56.375, 6.620331695053311e-23, nan 
98.375, 56.375, 4.215253480589394e-23, nan 
98.625, 56.375, 4.0753007544523056e-23, nan 
98.875, 56.375, 5.00418431473641e-23, nan 
99.125, 56.375, 5.95626056521013e-23, nan 
99.375, 56.375, 7.444702601750619e-23, nan 
99.625, 56.375, 9.0889447996593e-23, nan 
99.875, 56.375, 9.038593630778548e-23, nan 
100.125, 56.375, 9.241147546535389e-23, nan 
100.375, 56.375, 1.0777777915503586e-22, nan 
100.625, 56.375, 3.001204640060223e-22, nan 
100.875, 56.375, 3.0624495327544813e-22, nan 
101.125, 56.375, 1.4990055751994096e-22, nan 
101.375, 56.375, 9.605666263040921e-23, nan 
101.625, 56.375, 6.649168831560669e-23, nan 
101.875, 56.375, 1.0987720855813226e-22, nan 
102.125, 56.375, 9.321079139871419e-23, nan 
102.375, 56.375, 1.0336849093498979e-22, nan 
102.625, 56.375, 2.5340550115272653e-22, nan 
102.875, 56.375, 2.760816037468189e-22, nan 
103.125, 56.375, 1.7259983177961552e-22, nan 
103.375, 56.375, 1.7904012735603954e-22, nan 
103.625, 56.375, 1.5514440830296856e-22, nan 
103.875, 56.375, 1.04030321323437e-22, nan 
104.125, 56.375, 1.0987035818120296e-22, nan 
104.375, 56.375, 1.0188071871803945e-22, nan 
104.625, 56.375, 7.519295199112343e-23, nan 
104.875, 56.375, 6.517614719904513e-23, nan 
105.125, 56.375, 6.916255166762564e-23, nan 
105.375, 56.375, 7.255685038150884e-23, nan 
105.625, 56.375, 1.9063048128975598e-22, nan 
105.875, 56.375, 2.349808102106354e-22, nan 
106.125, 56.375, 3.9530032112228723e-22, nan 
106.375, 56.375, 3.5102980424489057e-22, nan 
106.625, 56.375, 9.795376509994523e-23, nan 
106.875, 56.375, 8.242898549105563e-23, nan 
107.125, 56.375, 6.247548519259634e-23, nan 
107.375, 56.375, 1.1128873266928896e-22, nan 
107.625, 56.375, 1.3321285149064452e-22, nan 
107.875, 56.375, 6.966669036047095e-23, nan 
108.125, 56.375, 4.9940550004805987e-23, nan 
108.375, 56.375, 5.02099054672067e-23, nan 
108.625, 56.375, 6.107161595422419e-23, nan 
108.875, 56.375, 5.957434830673562e-23, nan 
109.125, 56.375, 4.640707337155424e-23, nan 
109.375, 56.375, 3.946270168922929e-23, nan 
109.625, 56.375, 3.3546777092659367e-23, nan 
109.875, 56.375, 5.1484020002498166e-23, nan 
110.125, 56.375, 7.719230479042368e-23, nan 
110.375, 56.375, 9.353297030559552e-23, nan 
110.625, 56.375, 7.510095272600921e-23, nan 
110.875, 56.375, 7.666317045459506e-23, nan 
111.125, 56.375, 9.8107893977079e-23, nan 
111.375, 56.375, 1.9083683665679948e-22, nan 
111.625, 56.375, 2.292259496563181e-22, nan 
111.875, 56.375, 1.583625162189641e-22, nan 
112.125, 56.375, 1.846999573443703e-22, nan 
112.375, 56.375, 2.438568931261289e-22, nan 
112.625, 56.375, 1.8267103250877407e-22, nan 
112.875, 56.375, 1.8444305792961782e-22, nan 
113.125, 56.375, 1.0837155273520083e-22, nan 
113.375, 56.375, 6.619586675191166e-23, nan 
113.625, 56.375, 6.94744300411253e-23, nan 
113.875, 56.375, 7.661160887674824e-23, nan 
114.125, 56.375, 8.979560734679402e-23, nan 
114.375, 56.375, 8.435498981249947e-23, nan 
114.625, 56.375, 6.245719069210601e-23, nan 
114.875, 56.375, 6.271296432241246e-23, nan 
115.125, 56.375, 5.474903462259829e-23, nan 
115.375, 56.375, 5.59643826597548e-23, nan 
115.625, 56.375, 4.48627677868713e-23, nan 
115.875, 56.375, 4.29411403829972e-23, nan 
116.125, 56.375, 5.094123572184409e-23, nan 
116.375, 56.375, 4.2034192077203624e-23, nan 
116.625, 56.375, 1.8736455819995342e-23, nan 
116.875, 56.375, 2.7754024456162854e-23, nan 
117.125, 56.375, 6.426119947485726e-23, nan 
117.375, 56.375, 9.544422347393602e-23, nan 
117.625, 56.375, 1.3667473264849333e-22, nan 
117.875, 56.375, 1.352215040075499e-22, nan 
118.125, 56.375, 8.43060872938266e-23, nan 
118.375, 56.375, 6.462939783250399e-23, nan 
118.625, 56.375, 3.907198364883801e-23, nan 
118.875, 56.375, 3.933059884267016e-23, nan 
119.125, 56.375, 5.060835955968411e-23, nan 
119.375, 56.375, 5.284273159273583e-23, nan 
119.625, 56.375, 6.183949930206777e-23, nan 
119.875, 56.375, 6.393207523412891e-23, nan 
120.125, 56.375, 2.354081852978851e-22, nan 
120.375, 56.375, 2.0577856717069549e-22, nan 
120.625, 56.375, 5.088155316682695e-23, nan 
120.875, 56.375, 3.5556169346933605e-23, nan 
121.125, 56.375, 2.116454328424468e-23, nan 
121.375, 56.375, 1.9175803148442245e-23, nan 
121.625, 56.375, 3.552535717151861e-23, nan 
121.875, 56.375, 3.143286971920704e-23, nan 
122.125, 56.375, 2.4152301714879414e-23, nan 
122.375, 56.375, 1.3418612064141694e-22, nan 
122.625, 56.375, 1.5937525227291325e-22, nan 
122.875, 56.375, 1.0318728720153462e-22, nan 
123.125, 56.375, 1.2352379674525336e-22, nan 
123.375, 56.375, 1.0905318196695466e-22, nan 
123.625, 56.375, 6.19448296918599e-23, nan 
123.875, 56.375, 4.2436802564973526e-23, nan 
124.125, 56.375, 4.251303937989321e-23, nan 
124.375, 56.375, 4.219238944522878e-23, nan 
124.625, 56.375, 1.2026162151248204e-23, nan 
124.875, 56.375, 9.587473143519287e-24, nan 
125.125, 56.375, 9.582960241600421e-24, nan 
125.375, 56.375, 4.885334975537554e-23, nan 
125.625, 56.375, 5.774591403183891e-23, nan 
125.875, 56.375, 2.968676372158059e-23, nan 
126.125, 56.375, 3.215430135877148e-23, nan 
126.375, 56.375, 1.8013986200392956e-23, nan 
126.625, 56.375, 9.97598708272912e-24, nan 
126.875, 56.375, 7.432521419470564e-24, nan 
127.125, 56.375, 1.630745932113029e-23, nan 
127.375, 56.375, 9.053977002414629e-23, nan 
127.625, 56.375, 1.3285722743829867e-23, nan 
127.875, 56.375, 2.6068695059869985e-23, nan 
128.125, 56.375, 2.739555962612935e-23, nan 
128.375, 56.375, 4.725386511679226e-23, nan 
128.625, 56.375, 5.1537228861769974e-23, nan 
128.875, 56.375, 2.7308285557876665e-23, nan 
129.125, 56.375, 2.0801582805720633e-23, nan 
129.375, 56.375, 3.487013961643967e-23, nan 
129.625, 56.375, 3.241854598023862e-23, nan 
129.875, 56.375, 3.9394734311732574e-23, nan 
130.125, 56.375, 7.192595480365391e-23, nan 
130.375, 56.375, 6.372576101917609e-23, nan 
130.625, 56.375, 2.409421843303973e-23, nan 
130.875, 56.375, 1.6450993713640521e-23, nan 
131.125, 56.375, 1.978779241285892e-23, nan 
131.375, 56.375, 1.140206826515732e-23, nan 
131.625, 56.375, 1.492349836925949e-23, nan 
131.875, 56.375, 1.4518266715639008e-23, nan 
132.125, 56.375, 2.1587929736209326e-23, nan 
132.375, 56.375, 2.982573127989346e-23, nan 
132.625, 56.375, 3.2564486321243905e-23, nan 
132.875, 56.375, 2.6158650939055132e-23, nan 
133.125, 56.375, 9.638941732041526e-24, nan 
133.375, 56.375, 9.39179606177537e-24, nan 
133.625, 56.375, 1.2647548522068523e-23, nan 
133.875, 56.375, 2.1201637441247477e-23, nan 
134.125, 56.375, 1.4420866445931093e-23, nan 
134.375, 56.375, 1.776920274417541e-23, nan 
134.625, 56.375, 2.3903644456342408e-23, nan 
134.875, 56.375, 1.5497632521264617e-23, nan 
135.125, 56.375, 7.075083080639618e-24, nan 
135.375, 56.375, 7.748696782401203e-24, nan 
135.625, 56.375, 1.0774809174265712e-23, nan 
135.875, 56.375, 9.860212575845955e-24, nan 
136.125, 56.375, 2.0773693526480055e-23, nan 
136.375, 56.375, 2.1112519020782414e-23, nan 
136.625, 56.375, 1.0818746015730218e-23, nan 
136.875, 56.375, 1.2464022640299298e-23, nan 
137.125, 56.375, 9.574133772893474e-24, nan 
137.375, 56.375, 1.6384108846249323e-23, nan 
137.625, 56.375, 2.4644361420894942e-23, nan 
137.875, 56.375, 2.748088005576986e-23, nan 
138.125, 56.375, 2.3596558852342447e-23, nan 
138.375, 56.375, 2.2606155357118453e-23, nan 
138.625, 56.375, 2.703002496776172e-23, nan 
138.875, 56.375, 2.0729032197634584e-23, nan 
139.125, 56.375, 2.421976864253564e-23, nan 
139.375, 56.375, 3.0139507727827977e-23, nan 
139.625, 56.375, 3.619837913847163e-23, nan 
139.875, 56.375, 2.2156781059787536e-23, nan 
140.125, 56.375, 1.5223656525207172e-23, nan 
140.375, 56.375, 6.126988648766015e-24, nan 
140.625, 56.375, 4.156122097593772e-24, nan 
140.875, 56.375, 1.0236765619647409e-23, nan 
141.125, 56.375, 2.424035137641842e-23, nan 
141.375, 56.375, 2.9502061445318894e-23, nan 
141.625, 56.375, 3.377730120669199e-23, nan 
141.875, 56.375, 6.033070787949292e-23, nan 
142.125, 56.375, 5.073162948159932e-23, nan 
142.375, 56.375, 9.506690109649816e-24, nan 
142.625, 56.375, 2.055777510975004e-23, nan 
142.875, 56.375, 8.401050266214277e-24, nan 
143.125, 56.375, 1.503951176057371e-23, nan 
143.375, 56.375, 2.61527068913465e-23, nan 
143.625, 56.375, 2.449035864534002e-23, nan 
143.875, 56.375, 1.9791298847656277e-23, nan 
144.125, 56.375, 1.735397177006139e-23, nan 
144.375, 56.375, 1.1204783877375541e-23, nan 
144.625, 56.375, 5.812641105385204e-24, nan 
144.875, 56.375, 1.4337429802501765e-23, nan 
145.125, 56.375, 1.4732073947806938e-23, nan 
145.375, 56.375, 1.1603213231009942e-23, nan 
145.625, 56.375, 1.3449324157260964e-23, nan 
145.875, 56.375, 1.843556124903213e-23, nan 
146.125, 56.375, 2.031449890358891e-23, nan 
146.375, 56.375, 1.5508305276248062e-23, nan 
146.625, 56.375, 8.859647581945255e-24, nan 
146.875, 56.375, 9.41126735546038e-24, nan 
147.125, 56.375, 4.4701983081363646e-24, nan 
147.375, 56.375, 1.2381191221897653e-23, nan 
147.625, 56.375, 1.1030712089513392e-23, nan 
147.875, 56.375, 7.535662971272511e-24, nan 
148.125, 56.375, 2.2897174588823366e-23, nan 
148.375, 56.375, 2.6093361143580308e-23, nan 
148.625, 56.375, 1.1759731597577057e-23, nan 
148.875, 56.375, 1.2572641429450796e-23, nan 
149.125, 56.375, 2.2484456120583858e-23, nan 
149.375, 56.375, 1.807518294501866e-23, nan 
149.625, 56.375, 8.066559888198725e-24, nan 
149.875, 56.375, 6.052421879751392e-24, nan 
150.125, 56.375, 8.525214675489148e-24, nan 
150.375, 56.375, 6.277942824365252e-24, nan 
150.625, 56.375, 2.1567678403504596e-24, nan 
150.875, 56.375, 3.9570318470746914e-24, nan 
151.125, 56.375, 6.908463583172048e-24, nan 
151.375, 56.375, 7.745346738225732e-24, nan 
151.625, 56.375, 1.79728035243483e-23, nan 
151.875, 56.375, 1.9749719159931823e-23, nan 
152.125, 56.375, 6.804138281142364e-24, nan 
152.375, 56.375, 5.1508580757219276e-24, nan 
152.625, 56.375, 4.1184177768017765e-24, nan 
152.875, 56.375, 7.481973068351988e-24, nan 
153.125, 56.375, 5.1322729213569554e-24, nan 
153.375, 56.375, 2.499274914626796e-24, nan 
153.625, 56.375, 3.131944685143471e-24, nan 
153.875, 56.375, 6.342170799283184e-24, nan 
154.125, 56.375, 7.101596274848988e-24, nan 
154.375, 56.375, 2.4654107364600398e-24, nan 
154.625, 56.375, 3.879649961474573e-24, nan 
154.875, 56.375, 4.467843742040844e-24, nan 
155.125, 56.375, 3.419040445163595e-24, nan 
155.375, 56.375, 5.8931248143919275e-24, nan 
155.625, 56.375, 9.613541263102176e-24, nan 
155.875, 56.375, 8.336307010184828e-24, nan 
156.125, 56.375, 2.6505842168642726e-24, nan 
156.375, 56.375, 1.6981726336673508e-24, nan 
156.625, 56.375, 5.041114933442084e-24, nan 
156.875, 56.375, 4.710999251973116e-24, nan 
157.125, 56.375, 5.4456358570053134e-24, nan 
157.375, 56.375, 7.050870731165671e-24, nan 
157.625, 56.375, 7.257066941735184e-24, nan 
157.875, 56.375, 4.603582227907201e-24, nan 
158.125, 56.375, 5.227424890121263e-24, nan 
158.375, 56.375, 6.852074974586416e-24, nan 
158.625, 56.375, 9.144832740083914e-24, nan 
158.875, 56.375, 9.534528802091132e-24, nan 
159.125, 56.375, 3.3028259134065867e-24, nan 
159.375, 56.375, 1.90588708314604e-24, nan 
159.625, 56.375, 2.3545341502085773e-24, nan 
159.875, 56.375, 8.964353920792043e-25, nan 
160.125, 56.375, 1.1118635905746718e-24, nan 
160.375, 56.375, 4.111924484393408e-24, nan 
160.625, 56.375, 7.263463160320695e-24, nan 
160.875, 56.375, 7.531895064391323e-24, nan 
161.125, 56.375, 5.523156651520275e-24, nan 
161.375, 56.375, 6.266814556384363e-24, nan 
161.625, 56.375, 6.651902532202271e-24, nan 
65.625, 56.625, 7.562374125070287e-24, nan 
65.875, 56.625, 6.477553093463548e-24, nan 
66.125, 56.625, 6.99540459966661e-24, nan 
66.375, 56.625, 7.119697561950933e-24, nan 
66.625, 56.625, 1.4172572686285706e-23, nan 
66.875, 56.625, 1.4300488779640332e-23, nan 
67.125, 56.625, 1.8435820003136775e-23, nan 
67.375, 56.625, 1.6966417899222986e-23, nan 
67.625, 56.625, 9.461331437164505e-24, nan 
67.875, 56.625, 1.1006163718457682e-23, nan 
68.125, 56.625, 1.5283247496781692e-23, nan 
68.375, 56.625, 2.107227987856531e-23, nan 
68.625, 56.625, 2.8214949041863804e-23, nan 
68.875, 56.625, 3.091683302264225e-23, nan 
69.125, 56.625, 1.9293261097707255e-23, nan 
69.375, 56.625, 5.751886587522354e-24, nan 
69.625, 56.625, 3.2939325164650796e-23, nan 
69.875, 56.625, 4.2834686544206994e-23, nan 
70.125, 56.625, 2.7188667131589754e-23, nan 
70.375, 56.625, 1.529125478187459e-23, nan 
70.625, 56.625, 1.931685635131607e-23, nan 
70.875, 56.625, 2.3298100865489053e-23, nan 
71.125, 56.625, 2.344983117849922e-23, nan 
71.375, 56.625, 1.795867313068916e-23, nan 
71.625, 56.625, 2.2070922669491455e-23, nan 
71.875, 56.625, 2.0374668885088214e-23, nan 
72.125, 56.625, 1.1899073901830661e-23, nan 
72.375, 56.625, 1.911333625871104e-23, nan 
72.625, 56.625, 1.6189861652813325e-23, nan 
72.875, 56.625, 1.1351576622924762e-23, nan 
73.125, 56.625, 1.5620198496337305e-23, nan 
73.375, 56.625, 2.002844545760733e-23, nan 
73.625, 56.625, 2.923738936260028e-23, nan 
73.875, 56.625, 1.6704070073499017e-23, nan 
74.125, 56.625, 1.9489064444987026e-23, nan 
74.375, 56.625, 1.9979551381515584e-23, nan 
74.625, 56.625, 1.9153103818679167e-23, nan 
74.875, 56.625, 1.390005159590038e-23, nan 
75.125, 56.625, 9.382616165951354e-24, nan 
75.375, 56.625, 2.745013058201367e-23, nan 
75.625, 56.625, 2.6495335208965735e-23, nan 
75.875, 56.625, 1.2750262630232404e-23, nan 
76.125, 56.625, 1.8164188826426206e-23, nan 
76.375, 56.625, 2.2963370599410437e-23, nan 
76.625, 56.625, 1.0095333841051263e-23, nan 
76.875, 56.625, 7.811863628749676e-24, nan 
77.125, 56.625, 1.7864151532137695e-23, nan 
77.375, 56.625, 2.7944522093698216e-23, nan 
77.625, 56.625, 1.970859197610794e-23, nan 
77.875, 56.625, 2.4879995303910137e-23, nan 
78.125, 56.625, 1.044523397037687e-23, nan 
78.375, 56.625, 3.44062975460101e-23, nan 
78.625, 56.625, 4.006311296588093e-23, nan 
78.875, 56.625, 9.245105202522406e-24, nan 
79.125, 56.625, 4.634151330819557e-24, nan 
79.375, 56.625, 2.2091757538885452e-23, nan 
79.625, 56.625, 6.874696770961882e-23, nan 
79.875, 56.625, 6.498292101680716e-23, nan 
80.125, 56.625, 4.882461702981431e-23, nan 
80.375, 56.625, 5.532850782685928e-23, nan 
80.625, 56.625, 5.2614445521578504e-23, nan 
80.875, 56.625, 4.1334237881924e-23, nan 
81.125, 56.625, 2.66345649996134e-23, nan 
81.375, 56.625, 3.458481548236796e-23, nan 
81.625, 56.625, 3.4424901944181914e-23, nan 
81.875, 56.625, 2.4800202867638105e-23, nan 
82.125, 56.625, 2.601152499122993e-23, nan 
82.375, 56.625, 4.890600388888467e-23, nan 
82.625, 56.625, 7.044553208255292e-23, nan 
82.875, 56.625, 9.798544060182129e-23, nan 
83.125, 56.625, 8.593958814741729e-23, nan 
83.375, 56.625, 2.5897088773351364e-23, nan 
83.625, 56.625, 2.837346851995045e-23, nan 
83.875, 56.625, 2.976710170225921e-23, nan 
84.125, 56.625, 4.235483586780633e-23, nan 
84.375, 56.625, 4.48550278271934e-23, nan 
84.625, 56.625, 1.9428236440650947e-23, nan 
84.875, 56.625, 2.9017859218568926e-23, nan 
85.125, 56.625, 4.802984605114442e-23, nan 
85.375, 56.625, 4.391599414967932e-23, nan 
85.625, 56.625, 3.691587116144176e-23, nan 
85.875, 56.625, 3.908715167575769e-23, nan 
86.125, 56.625, 2.493349726164118e-23, nan 
86.375, 56.625, 1.733614841205411e-23, nan 
86.625, 56.625, 3.8141284962028775e-23, nan 
86.875, 56.625, 3.979366247441452e-23, nan 
87.125, 56.625, 4.115272824287904e-23, nan 
87.375, 56.625, 3.257604498855065e-23, nan 
87.625, 56.625, 1.8999585054627043e-23, nan 
87.875, 56.625, 2.7222756383832234e-23, nan 
88.125, 56.625, 2.729462200566182e-23, nan 
88.375, 56.625, 4.7638704653777806e-23, nan 
88.625, 56.625, 4.4050873632807044e-23, nan 
88.875, 56.625, 3.9871276786571884e-23, nan 
89.125, 56.625, 6.999665879455471e-23, nan 
89.375, 56.625, 8.870722516395072e-23, nan 
89.625, 56.625, 1.046482525265268e-22, nan 
89.875, 56.625, 8.849579150501679e-23, nan 
90.125, 56.625, 5.393847063302749e-23, nan 
90.375, 56.625, 6.437203850728871e-23, nan 
90.625, 56.625, 5.953435650677278e-23, nan 
90.875, 56.625, 4.3873622443023826e-23, nan 
91.125, 56.625, 1.0499831641802988e-22, nan 
91.375, 56.625, 9.26590972225375e-23, nan 
91.625, 56.625, 4.929005901514701e-23, nan 
91.875, 56.625, 8.027428006326485e-23, nan 
92.125, 56.625, 8.244009420022724e-23, nan 
92.375, 56.625, 3.5980839995624124e-23, nan 
92.625, 56.625, 6.08347923840078e-23, nan 
92.875, 56.625, 5.765582337320256e-23, nan 
93.125, 56.625, 3.763562861428024e-23, nan 
93.375, 56.625, 2.2504008434633154e-23, nan 
93.625, 56.625, 2.7095513813822516e-23, nan 
93.875, 56.625, 4.0118450506296103e-23, nan 
94.125, 56.625, 5.799079987101479e-23, nan 
94.375, 56.625, 5.519664752615474e-23, nan 
94.625, 56.625, 3.6884716685101906e-23, nan 
94.875, 56.625, 3.501102588121465e-23, nan 
95.125, 56.625, 5.1639224175120736e-23, nan 
95.375, 56.625, 9.155007484286529e-23, nan 
95.625, 56.625, 9.482606729851735e-23, nan 
95.875, 56.625, 1.145388229744719e-22, nan 
96.125, 56.625, 8.372762204175163e-23, nan 
96.375, 56.625, 9.580962055747515e-23, nan 
96.625, 56.625, 1.4037597123897917e-22, nan 
96.875, 56.625, 1.0429485589973698e-22, nan 
97.125, 56.625, 7.559964237763954e-23, nan 
97.375, 56.625, 1.0586105168816154e-22, nan 
97.625, 56.625, 1.145299653637187e-22, nan 
97.875, 56.625, 1.3449495277744333e-22, nan 
98.125, 56.625, 1.1243526852799357e-22, nan 
98.375, 56.625, 9.305867261764977e-23, nan 
98.625, 56.625, 6.224140226608584e-23, nan 
98.875, 56.625, 6.63775110697097e-23, nan 
99.125, 56.625, 7.621073369874281e-23, nan 
99.375, 56.625, 9.145671783558754e-23, nan 
99.625, 56.625, 8.182861815046831e-23, nan 
99.875, 56.625, 1.120327056482095e-22, nan 
100.125, 56.625, 1.1747661442555557e-22, nan 
100.375, 56.625, 2.4763148138950294e-22, nan 
100.625, 56.625, 3.1410860742426804e-22, nan 
100.875, 56.625, 2.544819830665093e-22, nan 
101.125, 56.625, 1.4509342959100643e-22, nan 
101.375, 56.625, 4.8583906262559036e-23, nan 
101.625, 56.625, 4.8895566356556173e-23, nan 
101.875, 56.625, 5.352332667448008e-23, nan 
102.125, 56.625, 5.2614615500297065e-23, nan 
102.375, 56.625, 4.2268455046130654e-23, nan 
102.625, 56.625, 3.869488429483249e-22, nan 
102.875, 56.625, 4.141755399802746e-22, nan 
103.125, 56.625, 1.1691004349204795e-22, nan 
103.375, 56.625, 1.5390376897902946e-22, nan 
103.625, 56.625, 1.8453734192114508e-22, nan 
103.875, 56.625, 1.3418787646851965e-22, nan 
104.125, 56.625, 1.3217042647145215e-22, nan 
104.375, 56.625, 1.1364560279034665e-22, nan 
104.625, 56.625, 9.281610652745222e-23, nan 
104.875, 56.625, 6.286597844142508e-23, nan 
105.125, 56.625, 6.543343859023998e-23, nan 
105.375, 56.625, 5.938953283603254e-23, nan 
105.625, 56.625, 3.2359396990607444e-23, nan 
105.875, 56.625, 8.689524778324419e-23, nan 
106.125, 56.625, 1.6180340162562375e-22, nan 
106.375, 56.625, 1.6758139094237393e-22, nan 
106.625, 56.625, 1.1152631589603065e-22, nan 
106.875, 56.625, 1.8846734863091227e-22, nan 
107.125, 56.625, 9.499219669701742e-23, nan 
107.375, 56.625, 4.006473931125837e-23, nan 
107.625, 56.625, 6.663378964363933e-23, nan 
107.875, 56.625, 9.297330828060404e-23, nan 
108.125, 56.625, 6.296700731174623e-23, nan 
108.375, 56.625, 5.836780154147596e-23, nan 
108.625, 56.625, 6.265961421162469e-23, nan 
108.875, 56.625, 5.1198709925324484e-23, nan 
109.125, 56.625, 5.448697535494594e-23, nan 
109.375, 56.625, 6.006975175935818e-23, nan 
109.625, 56.625, 7.177500671596026e-23, nan 
109.875, 56.625, 7.712158620627797e-23, nan 
110.125, 56.625, 7.487485707219419e-23, nan 
110.375, 56.625, 8.070099134755645e-23, nan 
110.625, 56.625, 6.437445304335998e-23, nan 
110.875, 56.625, 5.0612073471896275e-23, nan 
111.125, 56.625, 8.095304723115008e-23, nan 
111.375, 56.625, 6.674684980161826e-23, nan 
111.625, 56.625, 1.281932040678495e-22, nan 
111.875, 56.625, 1.6770568801603921e-22, nan 
112.125, 56.625, 2.5012123480560543e-22, nan 
112.375, 56.625, 3.318509930827062e-22, nan 
112.625, 56.625, 2.0730727267437974e-22, nan 
112.875, 56.625, 4.9611736330888377e-23, nan 
113.125, 56.625, 5.85269623059965e-23, nan 
113.375, 56.625, 6.84194788062411e-23, nan 
113.625, 56.625, 8.367640186452364e-23, nan 
113.875, 56.625, 9.513256836888122e-23, nan 
114.125, 56.625, 9.007069786894668e-23, nan 
114.375, 56.625, 7.699470436487499e-23, nan 
114.625, 56.625, 7.005532671234607e-23, nan 
114.875, 56.625, 4.9280888097157414e-23, nan 
115.125, 56.625, 4.8441715029206895e-23, nan 
115.375, 56.625, 6.935060646687589e-23, nan 
115.625, 56.625, 6.780639831791179e-23, nan 
115.875, 56.625, 4.465847765111119e-23, nan 
116.125, 56.625, 5.531669450183194e-23, nan 
116.375, 56.625, 3.857391971896604e-23, nan 
116.625, 56.625, 3.5622812933221263e-23, nan 
116.875, 56.625, 5.429367579829881e-23, nan 
117.125, 56.625, 7.162804014037753e-23, nan 
117.375, 56.625, 8.785291699557072e-23, nan 
117.625, 56.625, 8.631313281027297e-23, nan 
117.875, 56.625, 7.284062527331277e-23, nan 
118.125, 56.625, 4.364286459649171e-23, nan 
118.375, 56.625, 6.967336061094067e-23, nan 
118.625, 56.625, 6.076770669585193e-23, nan 
118.875, 56.625, 2.752030388352832e-23, nan 
119.125, 56.625, 3.162836890307138e-23, nan 
119.375, 56.625, 3.231301545223285e-23, nan 
119.625, 56.625, 3.2535001806252756e-23, nan 
119.875, 56.625, 3.9214882760641696e-23, nan 
120.125, 56.625, 1.9546669993801984e-22, nan 
120.375, 56.625, 1.9766867345712447e-22, nan 
120.625, 56.625, 4.417470636082219e-23, nan 
120.875, 56.625, 2.3878960995711045e-23, nan 
121.125, 56.625, 2.2865912751669954e-23, nan 
121.375, 56.625, 2.965288580394244e-23, nan 
121.625, 56.625, 4.4775059903620786e-23, nan 
121.875, 56.625, 4.4713642999838535e-23, nan 
122.125, 56.625, 4.3165479508191417e-23, nan 
122.375, 56.625, 3.0845728322316145e-23, nan 
122.625, 56.625, 5.416655953605462e-23, nan 
122.875, 56.625, 9.259172037466179e-23, nan 
123.125, 56.625, 8.961695853702121e-23, nan 
123.375, 56.625, 4.1682791557779353e-23, nan 
123.625, 56.625, 6.443423567750758e-23, nan 
123.875, 56.625, 6.177486264076817e-23, nan 
124.125, 56.625, 5.322741875253586e-23, nan 
124.375, 56.625, 6.413170226504681e-23, nan 
124.625, 56.625, 3.4779716621884195e-23, nan 
124.875, 56.625, 9.74659150201647e-24, nan 
125.125, 56.625, 4.979508998922633e-24, nan 
125.375, 56.625, 1.634567243691594e-23, nan 
125.625, 56.625, 3.6663377660643606e-23, nan 
125.875, 56.625, 3.2981186635682704e-23, nan 
126.125, 56.625, 3.047516929742992e-23, nan 
126.375, 56.625, 2.6333452522565908e-23, nan 
126.625, 56.625, 2.8330359839163784e-23, nan 
126.875, 56.625, 1.1201718318017041e-23, nan 
127.125, 56.625, 1.194417049820343e-23, nan 
127.375, 56.625, 1.8477557715458457e-23, nan 
127.625, 56.625, 1.5994952452667794e-23, nan 
127.875, 56.625, 1.6439325872846718e-23, nan 
128.125, 56.625, 2.3670225242056005e-23, nan 
128.375, 56.625, 3.1003030304811266e-23, nan 
128.625, 56.625, 4.884284137072682e-23, nan 
128.875, 56.625, 5.0786256944297303e-23, nan 
129.125, 56.625, 3.3695302874925554e-23, nan 
129.375, 56.625, 3.720388258702778e-23, nan 
129.625, 56.625, 3.716224162011667e-23, nan 
129.875, 56.625, 3.197285094533225e-23, nan 
130.125, 56.625, 1.1162380288207362e-23, nan 
130.375, 56.625, 5.713132337194363e-23, nan 
130.625, 56.625, 5.948859054702114e-23, nan 
130.875, 56.625, 3.15639295177385e-23, nan 
131.125, 56.625, 1.1652445278072877e-23, nan 
131.375, 56.625, 1.9105786114576536e-23, nan 
131.625, 56.625, 2.2944889164470712e-23, nan 
131.875, 56.625, 2.0850204430100427e-23, nan 
132.125, 56.625, 2.857283614425596e-23, nan 
132.375, 56.625, 2.6444742179760096e-23, nan 
132.625, 56.625, 2.3428929747903573e-23, nan 
132.875, 56.625, 2.339679310088505e-23, nan 
133.125, 56.625, 1.3849167709826835e-23, nan 
133.375, 56.625, 2.0598254960043324e-23, nan 
133.625, 56.625, 2.818944806667071e-23, nan 
133.875, 56.625, 2.5306312819859223e-23, nan 
134.125, 56.625, 3.673498439713808e-23, nan 
134.375, 56.625, 5.217885461227719e-23, nan 
134.625, 56.625, 2.992002204207748e-23, nan 
134.875, 56.625, 2.147121061589557e-23, nan 
135.125, 56.625, 1.581475592476582e-23, nan 
135.375, 56.625, 1.20714685911913e-23, nan 
135.625, 56.625, 1.2331376424968618e-23, nan 
135.875, 56.625, 1.1691440094284911e-23, nan 
136.125, 56.625, 1.2352857724502336e-23, nan 
136.375, 56.625, 7.603703562478252e-24, nan 
136.625, 56.625, 8.597453544032353e-24, nan 
136.875, 56.625, 7.785097169990341e-24, nan 
137.125, 56.625, 3.357868592093245e-23, nan 
137.375, 56.625, 4.1390412127026334e-23, nan 
137.625, 56.625, 2.0634415445659506e-23, nan 
137.875, 56.625, 1.637403658315312e-23, nan 
138.125, 56.625, 1.474509449303154e-23, nan 
138.375, 56.625, 2.7715284520284447e-23, nan 
138.625, 56.625, 3.27378618285869e-23, nan 
138.875, 56.625, 2.6527316637397636e-23, nan 
139.125, 56.625, 3.179904277340534e-23, nan 
139.375, 56.625, 4.917725495695895e-23, nan 
139.625, 56.625, 4.261871567736846e-23, nan 
139.875, 56.625, 1.6681959296382267e-23, nan 
140.125, 56.625, 2.0984596879393693e-23, nan 
140.375, 56.625, 1.7325531357937977e-23, nan 
140.625, 56.625, 8.120690526400915e-24, nan 
140.875, 56.625, 1.9362432609784426e-23, nan 
141.125, 56.625, 4.037479093742519e-23, nan 
141.375, 56.625, 4.012332842681884e-23, nan 
141.625, 56.625, 4.678409786701378e-23, nan 
141.875, 56.625, 5.158029957934077e-23, nan 
142.125, 56.625, 3.3016562012148123e-23, nan 
142.375, 56.625, 3.679480328479525e-23, nan 
142.625, 56.625, 4.3123351489858963e-23, nan 
142.875, 56.625, 2.4570243240388807e-23, nan 
143.125, 56.625, 4.973987941230302e-24, nan 
143.375, 56.625, 2.5184422331684075e-23, nan 
143.625, 56.625, 2.427126792770271e-23, nan 
143.875, 56.625, 1.400010466678631e-23, nan 
144.125, 56.625, 1.0992180695155458e-23, nan 
144.375, 56.625, 1.441132077754202e-23, nan 
144.625, 56.625, 1.6445432309643468e-23, nan 
144.875, 56.625, 1.317467308273126e-23, nan 
145.125, 56.625, 9.361036519604643e-24, nan 
145.375, 56.625, 1.4021910576930655e-23, nan 
145.625, 56.625, 1.9571069585827366e-23, nan 
145.875, 56.625, 3.62480267399317e-23, nan 
146.125, 56.625, 3.3059450635909515e-23, nan 
146.375, 56.625, 1.3883902174271865e-23, nan 
146.625, 56.625, 6.635803039950155e-24, nan 
146.875, 56.625, 7.767668999281437e-24, nan 
147.125, 56.625, 1.801052485361591e-23, nan 
147.375, 56.625, 2.0103699212461777e-23, nan 
147.625, 56.625, 6.931644586954635e-24, nan 
147.875, 56.625, 7.358516079599998e-24, nan 
148.125, 56.625, 9.852328505669234e-24, nan 
148.375, 56.625, 1.892993055700969e-23, nan 
148.625, 56.625, 1.8017463522847854e-23, nan 
148.875, 56.625, 2.0780966768499154e-23, nan 
149.125, 56.625, 2.0699965436776073e-23, nan 
149.375, 56.625, 7.696782827047253e-24, nan 
149.625, 56.625, 5.139886139987773e-24, nan 
149.875, 56.625, 4.6498802225010286e-24, nan 
150.125, 56.625, 1.1927791751921577e-23, nan 
150.375, 56.625, 5.770135202130034e-24, nan 
150.625, 56.625, 2.352480183238448e-24, nan 
150.875, 56.625, 2.2265620308258965e-24, nan 
151.125, 56.625, 7.009075283767148e-24, nan 
151.375, 56.625, 1.0447598574266095e-23, nan 
151.625, 56.625, 1.0585336181258798e-23, nan 
151.875, 56.625, 6.0204712944571926e-24, nan 
152.125, 56.625, 6.653236743280246e-24, nan 
152.375, 56.625, 6.629086882343816e-24, nan 
152.625, 56.625, 5.726861911434387e-24, nan 
152.875, 56.625, 7.421331916024906e-24, nan 
153.125, 56.625, 4.73878941510594e-24, nan 
153.375, 56.625, 3.379944749409822e-24, nan 
153.625, 56.625, 2.2401883375829932e-24, nan 
153.875, 56.625, 3.86276100128597e-24, nan 
154.125, 56.625, 7.49523052475121e-24, nan 
154.375, 56.625, 6.474239497028419e-24, nan 
154.625, 56.625, 6.755850633497136e-24, nan 
154.875, 56.625, 6.2550305463130134e-24, nan 
155.125, 56.625, 4.913815126041734e-24, nan 
155.375, 56.625, 4.9897667737658946e-24, nan 
155.625, 56.625, 5.543732605674136e-24, nan 
155.875, 56.625, 1.0078603786045824e-23, nan 
156.125, 56.625, 9.780521808295236e-24, nan 
156.375, 56.625, 4.023749472273678e-24, nan 
156.625, 56.625, 5.705572631127052e-24, nan 
156.875, 56.625, 6.620140449006666e-24, nan 
157.125, 56.625, 8.743104755193535e-24, nan 
157.375, 56.625, 8.998499221846759e-24, nan 
157.625, 56.625, 1.0645581062525992e-23, nan 
157.875, 56.625, 1.1518962881923125e-23, nan 
158.125, 56.625, 3.301842119880452e-24, nan 
158.375, 56.625, 5.2633326065142634e-24, nan 
158.625, 56.625, 1.1101189632749403e-23, nan 
158.875, 56.625, 9.536168765576835e-24, nan 
159.125, 56.625, 1.879272135845896e-24, nan 
159.375, 56.625, 1.3600811864096349e-24, nan 
159.625, 56.625, 6.061610714227509e-25, nan 
159.875, 56.625, 1.2333058534275876e-24, nan 
160.125, 56.625, 1.744480271349615e-24, nan 
160.375, 56.625, 1.2498948919710782e-24, nan 
160.625, 56.625, 4.457760725360987e-24, nan 
160.875, 56.625, 7.143401988459183e-24, nan 
161.125, 56.625, 3.500574858470823e-24, nan 
161.375, 56.625, 4.702790489259729e-24, nan 
161.625, 56.625, 5.589624880360034e-24, nan 
161.875, 56.625, 5.248511072773364e-24, nan 
162.125, 56.625, 5.133165306057893e-24, nan 
64.625, 56.875, 1.5285234790207276e-23, nan 
64.875, 56.875, 2.3782872151534806e-23, nan 
65.125, 56.875, 2.4731540425948796e-23, nan 
65.375, 56.875, 1.391308700864498e-23, nan 
65.625, 56.875, 1.0950827485019138e-23, nan 
65.875, 56.875, 1.1477231724268264e-23, nan 
66.125, 56.875, 1.1576292381635621e-23, nan 
66.375, 56.875, 1.562599466618174e-23, nan 
66.625, 56.875, 1.755294757871711e-23, nan 
66.875, 56.875, 1.4114563879826994e-23, nan 
67.125, 56.875, 1.7441013036651048e-23, nan 
67.375, 56.875, 1.790233791157872e-23, nan 
67.625, 56.875, 1.9694899719463028e-23, nan 
67.875, 56.875, 1.8636898033259936e-23, nan 
68.125, 56.875, 1.6204683317956493e-23, nan 
68.375, 56.875, 1.5180592004746793e-23, nan 
68.625, 56.875, 2.1260174551265226e-23, nan 
68.875, 56.875, 2.1856244748411854e-23, nan 
69.125, 56.875, 1.3444814712995712e-23, nan 
69.375, 56.875, 8.191415532400246e-24, nan 
69.625, 56.875, 1.0835080303287562e-23, nan 
69.875, 56.875, 2.1267590614195203e-23, nan 
70.125, 56.875, 2.5600339883278895e-23, nan 
70.375, 56.875, 2.882877374574068e-23, nan 
70.625, 56.875, 2.6424681911894244e-23, nan 
70.875, 56.875, 3.202516547897524e-23, nan 
71.125, 56.875, 3.137326390910161e-23, nan 
71.375, 56.875, 1.952519129001604e-23, nan 
71.625, 56.875, 1.5233654361313812e-23, nan 
71.875, 56.875, 2.3054758822182437e-23, nan 
72.125, 56.875, 1.7619549252232978e-23, nan 
72.375, 56.875, 1.4083359413861603e-23, nan 
72.625, 56.875, 1.0200784630393896e-23, nan 
72.875, 56.875, 1.7011562224883737e-23, nan 
73.125, 56.875, 2.5027304297170747e-23, nan 
73.375, 56.875, 2.7289440655863744e-23, nan 
73.625, 56.875, 5.482184620041883e-23, nan 
73.875, 56.875, 4.724422479223905e-23, nan 
74.125, 56.875, 1.3132986030042315e-23, nan 
74.375, 56.875, 1.2065041036176068e-23, nan 
74.625, 56.875, 1.302803653783559e-23, nan 
74.875, 56.875, 1.2704026240912894e-23, nan 
75.125, 56.875, 2.917969125448474e-23, nan 
75.375, 56.875, 3.8321913217108506e-23, nan 
75.625, 56.875, 1.2588610749966278e-23, nan 
75.875, 56.875, 7.39758011066553e-24, nan 
76.125, 56.875, 6.890499174121961e-24, nan 
76.375, 56.875, 1.8213233088365202e-23, nan 
76.625, 56.875, 1.8259015954783246e-23, nan 
76.875, 56.875, 1.8067465993446186e-23, nan 
77.125, 56.875, 1.7526622104881187e-23, nan 
77.375, 56.875, 1.8656166895092596e-23, nan 
77.625, 56.875, 1.8438387318547494e-23, nan 
77.875, 56.875, 2.1192098964979458e-23, nan 
78.125, 56.875, 1.883703789937369e-23, nan 
78.375, 56.875, 1.847002219095517e-23, nan 
78.625, 56.875, 5.469177536451694e-23, nan 
78.875, 56.875, 5.163803321431981e-23, nan 
79.125, 56.875, 1.0343813998877529e-23, nan 
79.375, 56.875, 8.58621466439124e-24, nan 
79.625, 56.875, 5.479297019309737e-23, nan 
79.875, 56.875, 6.436149753674125e-23, nan 
80.125, 56.875, 5.1338284983934186e-23, nan 
80.375, 56.875, 5.142114995835818e-23, nan 
80.625, 56.875, 4.6808029927244184e-23, nan 
80.875, 56.875, 3.6179708750141636e-23, nan 
81.125, 56.875, 3.367085985230878e-23, nan 
81.375, 56.875, 3.648449186594235e-23, nan 
81.625, 56.875, 2.755247097319889e-23, nan 
81.875, 56.875, 2.4898448150288462e-23, nan 
82.125, 56.875, 8.112335317762089e-23, nan 
82.375, 56.875, 7.730000083740122e-23, nan 
82.625, 56.875, 8.229304665380014e-23, nan 
82.875, 56.875, 7.43838092293415e-23, nan 
83.125, 56.875, 2.5692274503738258e-23, nan 
83.375, 56.875, 2.3485916687729017e-23, nan 
83.625, 56.875, 3.0754542643518597e-23, nan 
83.875, 56.875, 3.4799161083906764e-23, nan 
84.125, 56.875, 4.5397618077535894e-23, nan 
84.375, 56.875, 3.9975159248886415e-23, nan 
84.625, 56.875, 1.5186589299875348e-23, nan 
84.875, 56.875, 2.3912440183592452e-23, nan 
85.125, 56.875, 4.3438799669516006e-23, nan 
85.375, 56.875, 5.856523819784372e-23, nan 
85.625, 56.875, 4.6332624001853444e-23, nan 
85.875, 56.875, 3.9036115050343426e-23, nan 
86.125, 56.875, 3.164036875230933e-23, nan 
86.375, 56.875, 5.601529754946178e-23, nan 
86.625, 56.875, 6.829050122967822e-23, nan 
86.875, 56.875, 1.680786016865171e-23, nan 
87.125, 56.875, 3.34975691887368e-23, nan 
87.375, 56.875, 5.1217355311103636e-23, nan 
87.625, 56.875, 5.335817761346304e-23, nan 
87.875, 56.875, 5.510577195767611e-23, nan 
88.125, 56.875, 9.052003087248364e-23, nan 
88.375, 56.875, 8.950466980751149e-23, nan 
88.625, 56.875, 5.260995121592797e-23, nan 
88.875, 56.875, 3.05770804312951e-23, nan 
89.125, 56.875, 4.4259065593609785e-23, nan 
89.375, 56.875, 5.2237548427027166e-23, nan 
89.625, 56.875, 7.358845770231517e-23, nan 
89.875, 56.875, 7.309165675753304e-23, nan 
90.125, 56.875, 6.371047342769047e-23, nan 
90.375, 56.875, 5.631754607503653e-23, nan 
90.625, 56.875, 7.303443877640807e-23, nan 
90.875, 56.875, 7.06308374332764e-23, nan 
91.125, 56.875, 9.044829535534244e-23, nan 
91.375, 56.875, 1.1296544325742833e-22, nan 
91.625, 56.875, 9.146782779415086e-23, nan 
91.875, 56.875, 4.754364872409191e-23, nan 
92.125, 56.875, 6.646259143372543e-23, nan 
92.375, 56.875, 5.977052074669895e-23, nan 
92.625, 56.875, 8.081239359210083e-23, nan 
92.875, 56.875, 8.049506493930603e-23, nan 
93.125, 56.875, 5.661135338524665e-23, nan 
93.375, 56.875, 2.911952999499518e-23, nan 
93.625, 56.875, 3.085491716294494e-23, nan 
93.875, 56.875, 2.8471571088988147e-23, nan 
94.125, 56.875, 4.20342955408229e-23, nan 
94.375, 56.875, 5.095336816051019e-23, nan 
94.625, 56.875, 4.559408241493821e-23, nan 
94.875, 56.875, 4.8520050685393116e-23, nan 
95.125, 56.875, 1.120396350214019e-22, nan 
95.375, 56.875, 1.3453071289858558e-22, nan 
95.625, 56.875, 9.70388092598782e-23, nan 
95.875, 56.875, 1.1552045663979487e-22, nan 
96.125, 56.875, 8.93974694299273e-23, nan 
96.375, 56.875, 8.800802812037812e-23, nan 
96.625, 56.875, 9.122639971296032e-23, nan 
96.875, 56.875, 7.119645567523958e-23, nan 
97.125, 56.875, 2.9167230947405153e-23, nan 
97.375, 56.875, 1.2042794719178751e-22, nan 
97.625, 56.875, 1.480770995252482e-22, nan 
97.875, 56.875, 1.357750691330161e-22, nan 
98.125, 56.875, 1.0923108115505775e-22, nan 
98.375, 56.875, 1.0078488681923905e-22, nan 
98.625, 56.875, 9.097644676074751e-23, nan 
98.875, 56.875, 7.833263553402032e-23, nan 
99.125, 56.875, 8.062366723962096e-23, nan 
99.375, 56.875, 9.00678313294832e-23, nan 
99.625, 56.875, 1.0966497242524086e-22, nan 
99.875, 56.875, 1.1859836937734676e-22, nan 
100.125, 56.875, 4.2106602470095214e-22, nan 
100.375, 56.875, 4.624001676530672e-22, nan 
100.625, 56.875, 1.8892247287508296e-22, nan 
100.875, 56.875, 8.523633383955136e-23, nan 
101.125, 56.875, 9.2814048674023e-23, nan 
101.375, 56.875, 7.978986905516698e-23, nan 
101.625, 56.875, 6.888764168593388e-23, nan 
101.875, 56.875, 8.81976520660728e-23, nan 
102.125, 56.875, 6.90178219830404e-23, nan 
102.375, 56.875, 5.293971701197506e-23, nan 
102.625, 56.875, 1.6286664182653155e-22, nan 
102.875, 56.875, 4.339827808925863e-22, nan 
103.125, 56.875, 3.988882676395549e-22, nan 
103.375, 56.875, 1.3333167050561646e-22, nan 
103.625, 56.875, 1.860796030908719e-22, nan 
103.875, 56.875, 1.4859308722595072e-22, nan 
104.125, 56.875, 1.8342404067963304e-22, nan 
104.375, 56.875, 1.9858284527891584e-22, nan 
104.625, 56.875, 1.3975413663710865e-22, nan 
104.875, 56.875, 7.04563215755509e-23, nan 
105.125, 56.875, 7.695243201867745e-23, nan 
105.375, 56.875, 7.534162700075304e-23, nan 
105.625, 56.875, 5.1528886252881716e-23, nan 
105.875, 56.875, 9.030330040643184e-23, nan 
106.125, 56.875, 1.5460355728319352e-22, nan 
106.375, 56.875, 1.2111365178670332e-22, nan 
106.625, 56.875, 2.5171878009974875e-22, nan 
106.875, 56.875, 3.665455505029255e-22, nan 
107.125, 56.875, 2.6692470520697556e-22, nan 
107.375, 56.875, 1.965625126881133e-22, nan 
107.625, 56.875, 1.386729660648691e-22, nan 
107.875, 56.875, 1.505447163650401e-22, nan 
108.125, 56.875, 1.5397799747966818e-22, nan 
108.375, 56.875, 1.0382998465465906e-22, nan 
108.625, 56.875, 1.0168789542972228e-22, nan 
108.875, 56.875, 1.044794151570313e-22, nan 
109.125, 56.875, 1.3840593011537683e-22, nan 
109.375, 56.875, 9.904292346411999e-23, nan 
109.625, 56.875, 5.950006434893575e-23, nan 
109.875, 56.875, 5.603415746337187e-23, nan 
110.125, 56.875, 8.9219821169227e-23, nan 
110.375, 56.875, 7.151158014194054e-23, nan 
110.625, 56.875, 4.3043642188204476e-23, nan 
110.875, 56.875, 8.596472380510258e-23, nan 
111.125, 56.875, 1.0589191703268135e-22, nan 
111.375, 56.875, 1.1996032318750887e-22, nan 
111.625, 56.875, 1.0285709792513001e-22, nan 
111.875, 56.875, 1.2974915535761837e-22, nan 
112.125, 56.875, 1.209420886554332e-22, nan 
112.375, 56.875, 1.5704594167301938e-22, nan 
112.625, 56.875, 1.5574018816069292e-22, nan 
112.875, 56.875, 3.1392718041293214e-23, nan 
113.125, 56.875, 7.375658188868869e-23, nan 
113.375, 56.875, 7.131340223846022e-23, nan 
113.625, 56.875, 7.677163287583551e-23, nan 
113.875, 56.875, 1.0093702446903083e-22, nan 
114.125, 56.875, 1.1546572296680948e-22, nan 
114.375, 56.875, 1.1951772551519615e-22, nan 
114.625, 56.875, 1.091941356347252e-22, nan 
114.875, 56.875, 1.0860709413825072e-22, nan 
115.125, 56.875, 1.2989838599221606e-22, nan 
115.375, 56.875, 7.892008038495422e-23, nan 
115.625, 56.875, 6.705454786848365e-23, nan 
115.875, 56.875, 8.042981856428138e-23, nan 
116.125, 56.875, 6.101005330502989e-23, nan 
116.375, 56.875, 5.022467681275643e-23, nan 
116.625, 56.875, 6.73002411397819e-23, nan 
116.875, 56.875, 8.162545792711178e-23, nan 
117.125, 56.875, 7.060794493563095e-23, nan 
117.375, 56.875, 5.130589986740727e-23, nan 
117.625, 56.875, 4.45959550513975e-23, nan 
117.875, 56.875, 2.918985036416869e-23, nan 
118.125, 56.875, 5.326124270811098e-23, nan 
118.375, 56.875, 5.1063924970371e-23, nan 
118.625, 56.875, 3.2630045996845636e-23, nan 
118.875, 56.875, 1.8752702782993144e-23, nan 
119.125, 56.875, 2.5660874026388344e-23, nan 
119.375, 56.875, 1.9598561963244838e-23, nan 
119.625, 56.875, 3.933822931255347e-23, nan 
119.875, 56.875, 6.265163742899144e-23, nan 
120.125, 56.875, 1.4043864156698155e-22, nan 
120.375, 56.875, 1.6455572074021985e-22, nan 
120.625, 56.875, 7.387468826389576e-23, nan 
120.875, 56.875, 3.374128313273841e-23, nan 
121.125, 56.875, 3.573523350989366e-23, nan 
121.375, 56.875, 3.302504688942724e-23, nan 
121.625, 56.875, 4.426141080653291e-23, nan 
121.875, 56.875, 3.6567723881824504e-23, nan 
122.125, 56.875, 2.4839157136874195e-23, nan 
122.375, 56.875, 9.426837508143879e-24, nan 
122.625, 56.875, 2.0069990097755166e-23, nan 
122.875, 56.875, 2.0628166520323642e-23, nan 
123.125, 56.875, 2.396499632641462e-23, nan 
123.375, 56.875, 5.467442225010547e-23, nan 
123.625, 56.875, 5.700630896937942e-23, nan 
123.875, 56.875, 6.57553803089879e-23, nan 
124.125, 56.875, 5.212746783207817e-23, nan 
124.375, 56.875, 5.2918531664100187e-23, nan 
124.625, 56.875, 7.624083058890803e-23, nan 
124.875, 56.875, 7.966254672056438e-23, nan 
125.125, 56.875, 3.6234080216523744e-23, nan 
125.375, 56.875, 4.305444303152365e-23, nan 
125.625, 56.875, 4.3325622929004206e-23, nan 
125.875, 56.875, 3.61673340427462e-23, nan 
126.125, 56.875, 3.021059785020461e-23, nan 
126.375, 56.875, 1.4441838876114668e-23, nan 
126.625, 56.875, 3.1180320448716486e-23, nan 
126.875, 56.875, 2.710963159656183e-23, nan 
127.125, 56.875, 1.5122107957550848e-23, nan 
127.375, 56.875, 2.724025309820242e-23, nan 
127.625, 56.875, 2.5046396421792398e-23, nan 
127.875, 56.875, 9.228035776948768e-24, nan 
128.125, 56.875, 3.8465770887052966e-23, nan 
128.375, 56.875, 4.0123778005953396e-23, nan 
128.625, 56.875, 3.779030447524379e-23, nan 
128.875, 56.875, 5.0962378936382895e-23, nan 
129.125, 56.875, 5.33677742754495e-23, nan 
129.375, 56.875, 4.3583239265443724e-23, nan 
129.625, 56.875, 6.730062433739981e-23, nan 
129.875, 56.875, 7.213573838347773e-23, nan 
130.125, 56.875, 4.676375110581539e-23, nan 
130.375, 56.875, 4.435593342585448e-23, nan 
130.625, 56.875, 5.180004757345485e-23, nan 
130.875, 56.875, 3.5054690548196826e-23, nan 
131.125, 56.875, 2.642972888727001e-23, nan 
131.375, 56.875, 2.75559146759269e-23, nan 
131.625, 56.875, 3.465282688852323e-23, nan 
131.875, 56.875, 2.8198089526735325e-23, nan 
132.125, 56.875, 3.730022242190203e-23, nan 
132.375, 56.875, 6.331679417363658e-23, nan 
132.625, 56.875, 6.180358338150259e-23, nan 
132.875, 56.875, 4.2166714027655953e-23, nan 
133.125, 56.875, 6.644413541888789e-23, nan 
133.375, 56.875, 6.665141237066231e-23, nan 
133.625, 56.875, 6.789111505277008e-23, nan 
133.875, 56.875, 2.2164944377953056e-23, nan 
134.125, 56.875, 2.3695760553011882e-23, nan 
134.375, 56.875, 4.335213708584872e-23, nan 
134.625, 56.875, 4.7766848346090805e-23, nan 
134.875, 56.875, 4.523770819799269e-23, nan 
135.125, 56.875, 1.1426662625094905e-23, nan 
135.375, 56.875, 1.407047820547552e-23, nan 
135.625, 56.875, 9.375643169197124e-24, nan 
135.875, 56.875, 1.4258114526725707e-23, nan 
136.125, 56.875, 1.4560977280027752e-23, nan 
136.375, 56.875, 6.213071521574674e-24, nan 
136.625, 56.875, 1.066210108787743e-23, nan 
136.875, 56.875, 1.13623116039449e-23, nan 
137.125, 56.875, 1.0436609755118899e-23, nan 
137.375, 56.875, 2.0476965690847032e-23, nan 
137.625, 56.875, 1.9036220031335476e-23, nan 
137.875, 56.875, 1.4289119139925886e-23, nan 
138.125, 56.875, 9.25187406419848e-24, nan 
138.375, 56.875, 3.0296903762559474e-23, nan 
138.625, 56.875, 3.1999788142165134e-23, nan 
138.875, 56.875, 3.077768426100502e-23, nan 
139.125, 56.875, 4.042032540115698e-23, nan 
139.375, 56.875, 3.3727917132855465e-23, nan 
139.625, 56.875, 1.5477473728299718e-23, nan 
139.875, 56.875, 1.5228830191115124e-23, nan 
140.125, 56.875, 1.1787954927710666e-23, nan 
140.375, 56.875, 1.0252417800805411e-23, nan 
140.625, 56.875, 2.242558707733473e-23, nan 
140.875, 56.875, 3.3406160959936024e-23, nan 
141.125, 56.875, 3.313163139423281e-23, nan 
141.375, 56.875, 3.308504657017475e-23, nan 
141.625, 56.875, 4.2210582826797786e-23, nan 
141.875, 56.875, 2.8276863261508564e-23, nan 
142.125, 56.875, 1.019137930870172e-23, nan 
142.375, 56.875, 1.815366990912412e-23, nan 
142.625, 56.875, 2.3270648885203876e-23, nan 
142.875, 56.875, 7.310511101034112e-24, nan 
143.125, 56.875, 5.7259365351829165e-24, nan 
143.375, 56.875, 2.5444906726280103e-23, nan 
143.625, 56.875, 2.4893595873378887e-23, nan 
143.875, 56.875, 6.1997092884356216e-24, nan 
144.125, 56.875, 9.563944236569558e-24, nan 
144.375, 56.875, 9.445557652075317e-24, nan 
144.625, 56.875, 7.457522520232119e-24, nan 
144.875, 56.875, 8.341322644529159e-24, nan 
145.125, 56.875, 1.582131414910552e-23, nan 
145.375, 56.875, 1.5901436456070984e-23, nan 
145.625, 56.875, 9.938254816183798e-24, nan 
145.875, 56.875, 2.5023508374550236e-23, nan 
146.125, 56.875, 1.7299417162809457e-23, nan 
146.375, 56.875, 9.858060825945421e-24, nan 
146.625, 56.875, 1.0637859496862347e-23, nan 
146.875, 56.875, 4.4222053314897855e-24, nan 
147.125, 56.875, 8.733857437053749e-24, nan 
147.375, 56.875, 1.2743466287168815e-23, nan 
147.625, 56.875, 9.041386539658633e-24, nan 
147.875, 56.875, 7.652782391003706e-24, nan 
148.125, 56.875, 9.07287941170273e-24, nan 
148.375, 56.875, 3.91657944255741e-24, nan 
148.625, 56.875, 1.1380891605531714e-23, nan 
148.875, 56.875, 1.643642401640181e-23, nan 
149.125, 56.875, 1.2241462118001602e-23, nan 
149.375, 56.875, 1.1914088789541213e-23, nan 
149.625, 56.875, 8.725472498440778e-24, nan 
149.875, 56.875, 2.2379288615924862e-23, nan 
150.125, 56.875, 3.267718681494037e-23, nan 
150.375, 56.875, 1.9735504539468792e-23, nan 
150.625, 56.875, 4.911480547027878e-24, nan 
150.875, 56.875, 4.4224711377802376e-24, nan 
151.125, 56.875, 5.554138382525332e-24, nan 
151.375, 56.875, 1.3567308200558738e-23, nan 
151.625, 56.875, 1.4191732826622386e-23, nan 
151.875, 56.875, 6.215138488111239e-24, nan 
152.125, 56.875, 5.136861497100567e-24, nan 
152.375, 56.875, 2.2600707883992838e-24, nan 
152.625, 56.875, 1.901832730276754e-24, nan 
152.875, 56.875, 1.6190829798809477e-24, nan 
153.125, 56.875, 1.2401173066621125e-24, nan 
153.375, 56.875, 3.006235458664546e-24, nan 
153.625, 56.875, 3.588063439123114e-24, nan 
153.875, 56.875, 5.14648042290272e-24, nan 
154.125, 56.875, 2.3144509817707747e-24, nan 
154.375, 56.875, 5.467499800717457e-24, nan 
154.625, 56.875, 5.631373215010094e-24, nan 
154.875, 56.875, 4.253890402720011e-24, nan 
155.125, 56.875, 1.6819779794965456e-24, nan 
155.375, 56.875, 2.4639977648261145e-24, nan 
155.625, 56.875, 8.895357052430266e-24, nan 
155.875, 56.875, 8.831370108596206e-24, nan 
156.125, 56.875, 4.935986853926609e-24, nan 
156.375, 56.875, 4.35243601817228e-24, nan 
156.625, 56.875, 4.9756460018171665e-24, nan 
156.875, 56.875, 3.870732788076016e-24, nan 
157.125, 56.875, 6.522305931566401e-24, nan 
157.375, 56.875, 6.813358378446607e-24, nan 
157.625, 56.875, 3.6938169130332695e-24, nan 
157.875, 56.875, 1.480762970412948e-23, nan 
158.125, 56.875, 1.3281689803121934e-23, nan 
158.375, 56.875, 4.106213382590873e-24, nan 
158.625, 56.875, 6.919807469474227e-24, nan 
158.875, 56.875, 3.7448764320692936e-24, nan 
159.125, 56.875, 1.8745838258093678e-24, nan 
159.375, 56.875, 1.1708578121869523e-24, nan 
159.625, 56.875, 8.904686145705825e-25, nan 
159.875, 56.875, 9.599330850774418e-25, nan 
160.125, 56.875, 2.2590391497928094e-24, nan 
160.375, 56.875, 3.6623420809382716e-24, nan 
160.625, 56.875, 9.832569774476084e-24, nan 
160.875, 56.875, 1.2499091293082532e-23, nan 
161.125, 56.875, 7.08162687294312e-24, nan 
161.375, 56.875, 6.5181665164944486e-24, nan 
161.625, 56.875, 6.756928140390945e-24, nan 
161.875, 56.875, 7.388941400702896e-24, nan 
162.125, 56.875, 5.474475973160168e-24, nan 
162.375, 56.875, 6.529726471165877e-24, nan 
162.625, 56.875, 1.0552522004379285e-23, nan 
63.625, 57.125, 9.490059949957499e-24, nan 
63.875, 57.125, 8.528530115286496e-24, nan 
64.125, 57.125, 8.574075324144469e-24, nan 
64.375, 57.125, 1.4841706937497984e-23, nan 
64.625, 57.125, 1.780937482273313e-23, nan 
64.875, 57.125, 1.3129578406922111e-23, nan 
65.125, 57.125, 9.313422470198172e-24, nan 
65.375, 57.125, 1.2037697805791199e-23, nan 
65.625, 57.125, 1.1791322518110348e-23, nan 
65.875, 57.125, 1.4513368825774438e-23, nan 
66.125, 57.125, 1.5530296714840476e-23, nan 
66.375, 57.125, 3.7555464291271727e-23, nan 
66.625, 57.125, 3.8877858369890536e-23, nan 
66.875, 57.125, 1.5122960105276867e-23, nan 
67.125, 57.125, 2.1552518700829033e-23, nan 
67.375, 57.125, 2.6086678868517066e-23, nan 
67.625, 57.125, 2.4631686359417348e-23, nan 
67.875, 57.125, 2.5707152444374736e-23, nan 
68.125, 57.125, 2.330136319350906e-23, nan 
68.375, 57.125, 2.1178768246682438e-23, nan 
68.625, 57.125, 2.5727035085436645e-23, nan 
68.875, 57.125, 2.56854280341933e-23, nan 
69.125, 57.125, 1.1195533138715987e-23, nan 
69.375, 57.125, 1.073633576035843e-23, nan 
69.625, 57.125, 1.4071612251736236e-23, nan 
69.875, 57.125, 1.3583703972594412e-23, nan 
70.125, 57.125, 1.5760003442690858e-23, nan 
70.375, 57.125, 4.0297333427842604e-23, nan 
70.625, 57.125, 5.253922930080761e-23, nan 
70.875, 57.125, 4.034830270759132e-23, nan 
71.125, 57.125, 2.145028010720627e-23, nan 
71.375, 57.125, 1.9776320701416102e-23, nan 
71.625, 57.125, 1.0746162235071843e-23, nan 
71.875, 57.125, 2.020557058902409e-23, nan 
72.125, 57.125, 9.706133087379824e-24, nan 
72.375, 57.125, 3.661750706291277e-24, nan 
72.625, 57.125, 6.487883102105618e-24, nan 
72.875, 57.125, 7.159241450323774e-24, nan 
73.125, 57.125, 1.859470987901734e-23, nan 
73.375, 57.125, 1.8010187037852564e-23, nan 
73.625, 57.125, 2.911763404314102e-23, nan 
73.875, 57.125, 2.528744675192641e-23, nan 
74.125, 57.125, 2.137566023589426e-23, nan 
74.375, 57.125, 2.978302470174455e-23, nan 
74.625, 57.125, 2.4093650625101018e-23, nan 
74.875, 57.125, 1.890537734609723e-23, nan 
75.125, 57.125, 1.4842336036211553e-23, nan 
75.375, 57.125, 3.5402437561406304e-23, nan 
75.625, 57.125, 3.0752907742301317e-23, nan 
75.875, 57.125, 1.3078684939039289e-23, nan 
76.125, 57.125, 1.1006703146001538e-23, nan 
76.375, 57.125, 1.4923651386753707e-23, nan 
76.625, 57.125, 1.6346855131718078e-23, nan 
76.875, 57.125, 9.782628502011637e-24, nan 
77.125, 57.125, 1.667280558426095e-23, nan 
77.375, 57.125, 1.5868217136313095e-23, nan 
77.625, 57.125, 1.465756508005211e-23, nan 
77.875, 57.125, 1.1836261829683905e-23, nan 
78.125, 57.125, 3.679788433559124e-23, nan 
78.375, 57.125, 3.9746655097566303e-23, nan 
78.625, 57.125, 6.220522999017172e-23, nan 
78.875, 57.125, 5.872472881301768e-23, nan 
79.125, 57.125, 2.9731831842231726e-23, nan 
79.375, 57.125, 2.718452543426847e-23, nan 
79.625, 57.125, 4.406876636678621e-23, nan 
79.875, 57.125, 4.7036121984898836e-23, nan 
80.125, 57.125, 3.636334256558073e-23, nan 
80.375, 57.125, 3.6891391359542777e-23, nan 
80.625, 57.125, 3.555275839114842e-23, nan 
80.875, 57.125, 2.563099521903076e-23, nan 
81.125, 57.125, 2.274846598432531e-23, nan 
81.375, 57.125, 1.5732220032745433e-23, nan 
81.625, 57.125, 1.839613234569518e-23, nan 
81.875, 57.125, 6.664548409840194e-23, nan 
82.125, 57.125, 7.851799009188371e-23, nan 
82.375, 57.125, 4.231857490110231e-23, nan 
82.625, 57.125, 4.550392729080205e-23, nan 
82.875, 57.125, 3.39105048085741e-23, nan 
83.125, 57.125, 3.344455116667726e-23, nan 
83.375, 57.125, 3.276877089186496e-23, nan 
83.625, 57.125, 3.664890763026039e-23, nan 
83.875, 57.125, 2.8750644678612113e-23, nan 
84.125, 57.125, 2.4699750173971196e-23, nan 
84.375, 57.125, 3.5614286191880945e-23, nan 
84.625, 57.125, 3.494502802243881e-23, nan 
84.875, 57.125, 4.735122787065498e-23, nan 
85.125, 57.125, 5.2122456561494576e-23, nan 
85.375, 57.125, 5.1616285705152935e-23, nan 
85.625, 57.125, 6.015989446624785e-23, nan 
85.875, 57.125, 6.856859906041947e-23, nan 
86.125, 57.125, 7.092754881257444e-23, nan 
86.375, 57.125, 5.013908327979355e-23, nan 
86.625, 57.125, 8.572083003114205e-23, nan 
86.875, 57.125, 7.53021330182845e-23, nan 
87.125, 57.125, 3.708016501523548e-23, nan 
87.375, 57.125, 4.3334189500472047e-23, nan 
87.625, 57.125, 5.426488625207329e-23, nan 
87.875, 57.125, 4.846237135825715e-23, nan 
88.125, 57.125, 4.807701484362819e-23, nan 
88.375, 57.125, 3.186252316331974e-23, nan 
88.625, 57.125, 3.815430967250733e-23, nan 
88.875, 57.125, 4.7190411937854566e-23, nan 
89.125, 57.125, 4.788970136388975e-23, nan 
89.375, 57.125, 5.10146950783507e-23, nan 
89.625, 57.125, 3.818984674775371e-23, nan 
89.875, 57.125, 2.7580533506797475e-23, nan 
90.125, 57.125, 5.546918437143262e-23, nan 
90.375, 57.125, 9.039516964333839e-23, nan 
90.625, 57.125, 1.0660478473286172e-22, nan 
90.875, 57.125, 8.342682242720113e-23, nan 
91.125, 57.125, 3.617259488843999e-23, nan 
91.375, 57.125, 2.4205594408043998e-23, nan 
91.625, 57.125, 6.646664358372539e-23, nan 
91.875, 57.125, 6.964981096245523e-23, nan 
92.125, 57.125, 6.693801172094174e-23, nan 
92.375, 57.125, 9.222793975723726e-23, nan 
92.625, 57.125, 9.583985172280872e-23, nan 
92.875, 57.125, 7.283560695587463e-23, nan 
93.125, 57.125, 1.0506459576202947e-22, nan 
93.375, 57.125, 1.0379120147279971e-22, nan 
93.625, 57.125, 4.240770207911846e-23, nan 
93.875, 57.125, 4.372941975431562e-23, nan 
94.125, 57.125, 3.4060880464824854e-23, nan 
94.375, 57.125, 5.440694940260199e-23, nan 
94.625, 57.125, 5.72743274301609e-23, nan 
94.875, 57.125, 4.3715871314689356e-23, nan 
95.125, 57.125, 1.2595585909079566e-22, nan 
95.375, 57.125, 1.3714432074661924e-22, nan 
95.625, 57.125, 1.0935654468463431e-22, nan 
95.875, 57.125, 8.306069029534526e-23, nan 
96.125, 57.125, 9.81905064936903e-23, nan 
96.375, 57.125, 9.22534803875046e-23, nan 
96.625, 57.125, 1.3161955272672088e-22, nan 
96.875, 57.125, 1.1397396281233226e-22, nan 
97.125, 57.125, 4.1251664842693004e-23, nan 
97.375, 57.125, 8.480611035714478e-23, nan 
97.625, 57.125, 7.406495350393502e-23, nan 
97.875, 57.125, 6.528993895307592e-23, nan 
98.125, 57.125, 8.133330549501884e-23, nan 
98.375, 57.125, 6.382825074791711e-23, nan 
98.625, 57.125, 9.481829294863406e-23, nan 
98.875, 57.125, 9.627077311085377e-23, nan 
99.125, 57.125, 1.525870463958941e-22, nan 
99.375, 57.125, 1.2584455751840445e-22, nan 
99.625, 57.125, 7.684345189076184e-23, nan 
99.875, 57.125, 3.813445226371215e-23, nan 
100.125, 57.125, 4.946317016412256e-22, nan 
100.375, 57.125, 4.742252258697515e-22, nan 
100.625, 57.125, 1.1825279389242948e-22, nan 
100.875, 57.125, 1.0447467801512412e-22, nan 
101.125, 57.125, 1.1681141025043118e-22, nan 
101.375, 57.125, 1.0537678340865239e-22, nan 
101.625, 57.125, 9.97038115429637e-23, nan 
101.875, 57.125, 1.2834137202439437e-22, nan 
102.125, 57.125, 1.3277475417516902e-22, nan 
102.375, 57.125, 1.0269413395827116e-22, nan 
102.625, 57.125, 1.6891139203189554e-22, nan 
102.875, 57.125, 5.690649535414784e-22, nan 
103.125, 57.125, 5.5899973970064395e-22, nan 
103.375, 57.125, 1.3774484810329323e-22, nan 
103.625, 57.125, 1.8665205275113796e-22, nan 
103.875, 57.125, 2.5143860405772857e-22, nan 
104.125, 57.125, 2.3567637589307337e-22, nan 
104.375, 57.125, 1.2594161731933596e-22, nan 
104.625, 57.125, 9.930722779465112e-23, nan 
104.875, 57.125, 1.130248335090123e-22, nan 
105.125, 57.125, 1.067220264900567e-22, nan 
105.375, 57.125, 9.014533567986257e-23, nan 
105.625, 57.125, 8.623760951226723e-23, nan 
105.875, 57.125, 1.44205784781483e-22, nan 
106.125, 57.125, 2.4442120450983127e-22, nan 
106.375, 57.125, 2.407503305247227e-22, nan 
106.625, 57.125, 1.8767851362930464e-22, nan 
106.875, 57.125, 9.066935925533465e-23, nan 
107.125, 57.125, 7.4041803818374e-23, nan 
107.375, 57.125, 1.3218779775847423e-22, nan 
107.625, 57.125, 1.0607888355219116e-22, nan 
107.875, 57.125, 7.899135755165055e-23, nan 
108.125, 57.125, 1.587607945107784e-22, nan 
108.375, 57.125, 1.6058520962461976e-22, nan 
108.625, 57.125, 1.2485142676914374e-22, nan 
108.875, 57.125, 1.3661621123919698e-22, nan 
109.125, 57.125, 1.2927412647019424e-22, nan 
109.375, 57.125, 1.09580060215983e-22, nan 
109.625, 57.125, 9.395817060835462e-23, nan 
109.875, 57.125, 9.552335882285857e-23, nan 
110.125, 57.125, 8.885442518523378e-23, nan 
110.375, 57.125, 5.32295703063579e-23, nan 
110.625, 57.125, 6.950297000059385e-23, nan 
110.875, 57.125, 1.2428214977140622e-22, nan 
111.125, 57.125, 1.4902424265191464e-22, nan 
111.375, 57.125, 1.3285572907580997e-22, nan 
111.625, 57.125, 8.810660675773638e-23, nan 
111.875, 57.125, 1.5389196749628005e-22, nan 
112.125, 57.125, 1.317734519903317e-22, nan 
112.375, 57.125, 1.3391934634045843e-22, nan 
112.625, 57.125, 1.6580139039294227e-22, nan 
112.875, 57.125, 1.0187667194036723e-22, nan 
113.125, 57.125, 4.8989633410971723e-23, nan 
113.375, 57.125, 9.764956108244168e-23, nan 
113.625, 57.125, 1.1479977348992704e-22, nan 
113.875, 57.125, 9.428037540988934e-23, nan 
114.125, 57.125, 7.700772058520432e-23, nan 
114.375, 57.125, 1.244453722796115e-22, nan 
114.625, 57.125, 2.6917568416786202e-22, nan 
114.875, 57.125, 3.1841474460859235e-22, nan 
115.125, 57.125, 2.982488596445923e-22, nan 
115.375, 57.125, 2.798187821864685e-22, nan 
115.625, 57.125, 1.8165674783403859e-22, nan 
115.875, 57.125, 1.2238563206912324e-22, nan 
116.125, 57.125, 8.529465366190481e-23, nan 
116.375, 57.125, 5.559811696906648e-23, nan 
116.625, 57.125, 6.571477406872457e-23, nan 
116.875, 57.125, 5.142905362266173e-23, nan 
117.125, 57.125, 4.835513466954822e-23, nan 
117.375, 57.125, 4.9614239108762776e-23, nan 
117.625, 57.125, 5.541557796323572e-23, nan 
117.875, 57.125, 6.980424103910565e-23, nan 
118.125, 57.125, 8.361719326371319e-23, nan 
118.375, 57.125, 3.664786814776637e-23, nan 
118.625, 57.125, 3.657205428180762e-23, nan 
118.875, 57.125, 1.8854889826024496e-23, nan 
119.125, 57.125, 2.4118428573979689e-23, nan 
119.375, 57.125, 3.3328604673328785e-23, nan 
119.625, 57.125, 1.2330899613061723e-22, nan 
119.875, 57.125, 1.491367784746432e-22, nan 
120.125, 57.125, 9.853743239932647e-23, nan 
120.375, 57.125, 1.5219437120877578e-22, nan 
120.625, 57.125, 1.2516076928176772e-22, nan 
120.875, 57.125, 4.350148937608243e-23, nan 
121.125, 57.125, 2.78123912885373e-23, nan 
121.375, 57.125, 2.628828176577266e-23, nan 
121.625, 57.125, 2.879980486100641e-23, nan 
121.875, 57.125, 2.4644739167959884e-23, nan 
122.125, 57.125, 1.8235956938271676e-23, nan 
122.375, 57.125, 3.008145050659604e-23, nan 
122.625, 57.125, 1.7548943104168267e-23, nan 
122.875, 57.125, 3.343497534278283e-23, nan 
123.125, 57.125, 4.44470155706762e-23, nan 
123.375, 57.125, 4.9039147016079856e-23, nan 
123.625, 57.125, 5.841098075068688e-23, nan 
123.875, 57.125, 4.7183206417375734e-23, nan 
124.125, 57.125, 2.5608683593255298e-23, nan 
124.375, 57.125, 4.6533048516544374e-23, nan 
124.625, 57.125, 7.204536215587556e-23, nan 
124.875, 57.125, 1.1429480086903992e-22, nan 
125.125, 57.125, 9.255861259853841e-23, nan 
125.375, 57.125, 2.545097058477333e-23, nan 
125.625, 57.125, 1.5327690424941657e-23, nan 
125.875, 57.125, 2.6627062031509645e-23, nan 
126.125, 57.125, 2.9247770567502193e-23, nan 
126.375, 57.125, 1.1782307246380825e-23, nan 
126.625, 57.125, 1.897175970721808e-23, nan 
126.875, 57.125, 2.1023587795834355e-23, nan 
127.125, 57.125, 2.078966482523482e-23, nan 
127.375, 57.125, 2.5472619302334453e-23, nan 
127.625, 57.125, 2.2775091249379562e-23, nan 
127.875, 57.125, 2.2621958481900262e-23, nan 
128.125, 57.125, 3.9817655238025804e-23, nan 
128.375, 57.125, 4.254032931115617e-23, nan 
128.625, 57.125, 5.120920412140599e-23, nan 
128.875, 57.125, 5.67524986882708e-23, nan 
129.125, 57.125, 6.335485836333414e-23, nan 
129.375, 57.125, 1.3918392817062594e-22, nan 
129.625, 57.125, 1.2972909205121712e-22, nan 
129.875, 57.125, 4.0245955697570486e-23, nan 
130.125, 57.125, 4.38811995726391e-23, nan 
130.375, 57.125, 2.950389185918999e-23, nan 
130.625, 57.125, 1.80809888935161e-23, nan 
130.875, 57.125, 2.742886069391972e-23, nan 
131.125, 57.125, 2.0176746140543484e-23, nan 
131.375, 57.125, 3.859803754500226e-23, nan 
131.625, 57.125, 7.477592543178246e-23, nan 
131.875, 57.125, 5.312670831291886e-23, nan 
132.125, 57.125, 2.6563138616884696e-23, nan 
132.375, 57.125, 2.9756198286580676e-23, nan 
132.625, 57.125, 2.2948519611887654e-23, nan 
132.875, 57.125, 1.0434419624302434e-22, nan 
133.125, 57.125, 1.284514025415543e-22, nan 
133.375, 57.125, 6.903266127237983e-23, nan 
133.625, 57.125, 1.2891116571833764e-22, nan 
133.875, 57.125, 1.0161087250787524e-22, nan 
134.125, 57.125, 1.7582574689473544e-23, nan 
134.375, 57.125, 1.5476462801725738e-23, nan 
134.625, 57.125, 2.4964932303117305e-23, nan 
134.875, 57.125, 3.239121192735895e-23, nan 
135.125, 57.125, 3.078704764336269e-23, nan 
135.375, 57.125, 1.6354719258085957e-23, nan 
135.625, 57.125, 1.0239516332966806e-23, nan 
135.875, 57.125, 9.101659452714399e-24, nan 
136.125, 57.125, 8.361020707977271e-24, nan 
136.375, 57.125, 1.9300436485569057e-23, nan 
136.625, 57.125, 2.1391245990515814e-23, nan 
136.875, 57.125, 2.576233254710741e-23, nan 
137.125, 57.125, 2.3832629353075798e-23, nan 
137.375, 57.125, 6.4128827106363885e-24, nan 
137.625, 57.125, 9.540559105411748e-24, nan 
137.875, 57.125, 1.6884937463414518e-23, nan 
138.125, 57.125, 1.83227000254513e-23, nan 
138.375, 57.125, 2.2893547296499674e-23, nan 
138.625, 57.125, 1.956926311926971e-23, nan 
138.875, 57.125, 3.2769916338679506e-23, nan 
139.125, 57.125, 3.3943643705547806e-23, nan 
139.375, 57.125, 1.0037442673989421e-23, nan 
139.625, 57.125, 1.9474907821195722e-23, nan 
139.875, 57.125, 1.8533058893394127e-23, nan 
140.125, 57.125, 9.849995607257194e-24, nan 
140.375, 57.125, 2.371260359713227e-23, nan 
140.625, 57.125, 3.256416630308725e-23, nan 
140.875, 57.125, 3.483379751655412e-23, nan 
141.125, 57.125, 2.7990343316964483e-23, nan 
141.375, 57.125, 4.3603152617754743e-23, nan 
141.625, 57.125, 3.705161251903077e-23, nan 
141.875, 57.125, 9.155298353336795e-24, nan 
142.125, 57.125, 1.4264501395420455e-23, nan 
142.375, 57.125, 2.9414627667780118e-24, nan 
142.625, 57.125, 1.082341143617142e-23, nan 
142.875, 57.125, 1.3403369530759997e-23, nan 
143.125, 57.125, 1.1070615501898161e-23, nan 
143.375, 57.125, 1.9107137421092964e-23, nan 
143.625, 57.125, 2.0917649831477567e-23, nan 
143.875, 57.125, 1.2654402056431547e-23, nan 
144.125, 57.125, 9.129043057456203e-24, nan 
144.375, 57.125, 8.594469713226808e-24, nan 
144.625, 57.125, 6.540961842621643e-24, nan 
144.875, 57.125, 1.2797111861686277e-23, nan 
145.125, 57.125, 1.365144306692499e-23, nan 
145.375, 57.125, 8.880841611418537e-24, nan 
145.625, 57.125, 1.9176649429791293e-23, nan 
145.875, 57.125, 2.0911803476307344e-23, nan 
146.125, 57.125, 5.220694155549072e-24, nan 
146.375, 57.125, 8.126270413357351e-24, nan 
146.625, 57.125, 1.2703526220042555e-23, nan 
146.875, 57.125, 1.1281432456217107e-23, nan 
147.125, 57.125, 5.70086472646585e-24, nan 
147.375, 57.125, 8.367155618890932e-24, nan 
147.625, 57.125, 4.961410877670041e-24, nan 
147.875, 57.125, 8.640099264946729e-24, nan 
148.125, 57.125, 1.7169566590800655e-23, nan 
148.375, 57.125, 1.330791431137996e-23, nan 
148.625, 57.125, 4.621688582689591e-24, nan 
148.875, 57.125, 7.718458201780751e-24, nan 
149.125, 57.125, 7.738820920958698e-24, nan 
149.375, 57.125, 9.491757508805399e-24, nan 
149.625, 57.125, 1.0422457098524833e-23, nan 
149.875, 57.125, 5.318676790569495e-24, nan 
150.125, 57.125, 1.1318557142112279e-23, nan 
150.375, 57.125, 8.7575672049873e-24, nan 
150.625, 57.125, 8.557303102489722e-24, nan 
150.875, 57.125, 3.952620125987017e-24, nan 
151.125, 57.125, 7.50703734155093e-24, nan 
151.375, 57.125, 9.149559798086525e-24, nan 
151.625, 57.125, 7.8832280361756e-24, nan 
151.875, 57.125, 3.906014255715166e-24, nan 
152.125, 57.125, 2.8922545347641874e-24, nan 
152.375, 57.125, 2.2234614772246883e-24, nan 
152.625, 57.125, 2.408505346263893e-24, nan 
152.875, 57.125, 4.270663725560555e-24, nan 
153.125, 57.125, 4.845684440711809e-24, nan 
153.375, 57.125, 9.165019322495251e-24, nan 
153.625, 57.125, 1.1408254370113417e-23, nan 
153.875, 57.125, 9.994355646960933e-24, nan 
154.125, 57.125, 5.41171995613133e-24, nan 
154.375, 57.125, 7.284216906787718e-24, nan 
154.625, 57.125, 4.563122046900746e-24, nan 
154.875, 57.125, 5.9244865348560656e-24, nan 
155.125, 57.125, 5.12328154537513e-24, nan 
155.375, 57.125, 2.406933358884154e-24, nan 
155.625, 57.125, 6.774489093826598e-24, nan 
155.875, 57.125, 6.883919438216503e-24, nan 
156.125, 57.125, 4.7726174616393e-24, nan 
156.375, 57.125, 5.5550599153751914e-24, nan 
156.625, 57.125, 4.816951091859338e-24, nan 
156.875, 57.125, 5.06298496878728e-24, nan 
157.125, 57.125, 1.0202843403349954e-23, nan 
157.375, 57.125, 1.0129231417117817e-23, nan 
157.625, 57.125, 5.8631327022922526e-24, nan 
157.875, 57.125, 1.4706460412674097e-23, nan 
158.125, 57.125, 1.5701836607255672e-23, nan 
158.375, 57.125, 7.68520987272267e-24, nan 
158.625, 57.125, 4.057363834072663e-24, nan 
158.875, 57.125, 1.5786514867785593e-24, nan 
159.125, 57.125, 1.2566110716223904e-24, nan 
159.375, 57.125, 8.37922061232188e-25, nan 
159.625, 57.125, 1.7525109194515917e-24, nan 
159.875, 57.125, 2.315269480062268e-24, nan 
160.125, 57.125, 2.468299241537757e-24, nan 
160.375, 57.125, 1.558741389767256e-24, nan 
160.625, 57.125, 2.117530539763453e-24, nan 
160.875, 57.125, 6.695675055632441e-24, nan 
161.125, 57.125, 6.798575011539617e-24, nan 
161.375, 57.125, 7.224239800278354e-24, nan 
161.625, 57.125, 6.101287762521702e-24, nan 
161.875, 57.125, 5.190777012355152e-24, nan 
162.125, 57.125, 4.235457412307614e-24, nan 
162.375, 57.125, 8.360704799567706e-24, nan 
162.625, 57.125, 7.960472171353189e-24, nan 
162.875, 57.125, 4.485536280287882e-24, nan 
163.125, 57.125, 6.748859427597242e-24, nan 
62.875, 57.375, 1.573419538258795e-23, nan 
63.125, 57.375, 1.8386752288408573e-23, nan 
63.375, 57.375, 1.2276447130079768e-23, nan 
63.625, 57.375, 1.0860441478134111e-23, nan 
63.875, 57.375, 6.618746442725834e-24, nan 
64.125, 57.375, 7.125110262575985e-24, nan 
64.375, 57.375, 7.484626816122696e-24, nan 
64.625, 57.375, 7.138590401789498e-24, nan 
64.875, 57.375, 7.37083820885421e-24, nan 
65.125, 57.375, 7.928115086015249e-24, nan 
65.375, 57.375, 9.011969240193276e-24, nan 
65.625, 57.375, 4.9668333312416324e-24, nan 
65.875, 57.375, 5.9013349539378185e-24, nan 
66.125, 57.375, 1.946607773468277e-23, nan 
66.375, 57.375, 2.2726284639418283e-23, nan 
66.625, 57.375, 1.7480442888805857e-23, nan 
66.875, 57.375, 1.7671255008179174e-23, nan 
67.125, 57.375, 1.9421059006224806e-23, nan 
67.375, 57.375, 2.0511452638523418e-23, nan 
67.625, 57.375, 1.5763026225034837e-23, nan 
67.875, 57.375, 1.2489509038398864e-23, nan 
68.125, 57.375, 1.5058018614707682e-23, nan 
68.375, 57.375, 1.8023311473099118e-23, nan 
68.625, 57.375, 1.0787196669868483e-23, nan 
68.875, 57.375, 1.535005295437066e-23, nan 
69.125, 57.375, 1.4014383243644005e-23, nan 
69.375, 57.375, 8.470194871333057e-24, nan 
69.625, 57.375, 1.2170474316336852e-23, nan 
69.875, 57.375, 1.3118498951883039e-23, nan 
70.125, 57.375, 1.9606698073989187e-23, nan 
70.375, 57.375, 1.9922981168166217e-23, nan 
70.625, 57.375, 2.5985802290319864e-23, nan 
70.875, 57.375, 2.706166723498532e-23, nan 
71.125, 57.375, 1.2006151592755721e-23, nan 
71.375, 57.375, 7.539127859763051e-24, nan 
71.625, 57.375, 6.507298046614538e-24, nan 
71.875, 57.375, 8.348981351611799e-24, nan 
72.125, 57.375, 6.55706867378722e-24, nan 
72.375, 57.375, 1.0141965660336177e-23, nan 
72.625, 57.375, 1.2143524484960716e-23, nan 
72.875, 57.375, 1.337816800164664e-23, nan 
73.125, 57.375, 1.475597951196512e-23, nan 
73.375, 57.375, 4.498434623037553e-24, nan 
73.625, 57.375, 1.626106176524317e-23, nan 
73.875, 57.375, 2.3957239570711103e-23, nan 
74.125, 57.375, 2.028917893505408e-23, nan 
74.375, 57.375, 1.579977860034323e-23, nan 
74.625, 57.375, 1.391962664030845e-23, nan 
74.875, 57.375, 2.1365470639838176e-23, nan 
75.125, 57.375, 2.259869740063632e-23, nan 
75.375, 57.375, 4.607094150686719e-23, nan 
75.625, 57.375, 3.839215549440935e-23, nan 
75.875, 57.375, 8.679900217393472e-24, nan 
76.125, 57.375, 1.4416497361257695e-23, nan 
76.375, 57.375, 1.9148329316934836e-23, nan 
76.625, 57.375, 4.039710924250686e-23, nan 
76.875, 57.375, 3.97589805943518e-23, nan 
77.125, 57.375, 9.331324370373584e-24, nan 
77.375, 57.375, 9.776505742865676e-24, nan 
77.625, 57.375, 5.6494850724476056e-24, nan 
77.875, 57.375, 2.146837129729931e-23, nan 
78.125, 57.375, 2.693846389293189e-23, nan 
78.375, 57.375, 5.476453314156507e-23, nan 
78.625, 57.375, 6.46918177739267e-23, nan 
78.875, 57.375, 9.156232274746291e-24, nan 
79.125, 57.375, 1.4052464748221786e-23, nan 
79.375, 57.375, 2.883350932369087e-23, nan 
79.625, 57.375, 3.601019546838948e-23, nan 
79.875, 57.375, 5.752204227474646e-23, nan 
80.125, 57.375, 6.935118347907226e-23, nan 
80.375, 57.375, 4.898183794961262e-23, nan 
80.625, 57.375, 3.3862216851781794e-23, nan 
80.875, 57.375, 2.4713238344406978e-23, nan 
81.125, 57.375, 4.04268793924011e-23, nan 
81.375, 57.375, 4.05149596976387e-23, nan 
81.625, 57.375, 7.945232316050832e-23, nan 
81.875, 57.375, 8.508234298319954e-23, nan 
82.125, 57.375, 5.928177035455871e-23, nan 
82.375, 57.375, 6.28563177323504e-23, nan 
82.625, 57.375, 3.229607473539894e-23, nan 
82.875, 57.375, 3.916084443808092e-23, nan 
83.125, 57.375, 3.26901789090208e-23, nan 
83.375, 57.375, 3.023625166614541e-23, nan 
83.625, 57.375, 3.750221882480669e-23, nan 
83.875, 57.375, 3.7598058787407266e-23, nan 
84.125, 57.375, 3.7981794565327104e-23, nan 
84.375, 57.375, 3.796237113648075e-23, nan 
84.625, 57.375, 2.2795369303936166e-23, nan 
84.875, 57.375, 5.004584857795531e-23, nan 
85.125, 57.375, 5.133117539234482e-23, nan 
85.375, 57.375, 3.316547824354994e-23, nan 
85.625, 57.375, 4.510363939206731e-23, nan 
85.875, 57.375, 4.722784837440959e-23, nan 
86.125, 57.375, 2.827249143616067e-23, nan 
86.375, 57.375, 1.4509347255492343e-23, nan 
86.625, 57.375, 6.2000259746166e-23, nan 
86.875, 57.375, 1.0620963960191475e-22, nan 
87.125, 57.375, 1.0165306662007804e-22, nan 
87.375, 57.375, 3.1157344284823984e-23, nan 
87.625, 57.375, 5.877312048251102e-23, nan 
87.875, 57.375, 8.625764932668578e-23, nan 
88.125, 57.375, 8.532303068467016e-23, nan 
88.375, 57.375, 2.786627819319923e-23, nan 
88.625, 57.375, 3.157087536274159e-23, nan 
88.875, 57.375, 7.646515579707384e-23, nan 
89.125, 57.375, 8.14304065230877e-23, nan 
89.375, 57.375, 5.1990474970389156e-23, nan 
89.625, 57.375, 3.4594586485233445e-23, nan 
89.875, 57.375, 4.0296958499069185e-23, nan 
90.125, 57.375, 3.053810054314224e-23, nan 
90.375, 57.375, 8.300790624601894e-23, nan 
90.625, 57.375, 9.487335335181244e-23, nan 
90.875, 57.375, 7.932080036992265e-23, nan 
91.125, 57.375, 6.050662877284567e-23, nan 
91.375, 57.375, 4.013207082381178e-23, nan 
91.625, 57.375, 1.8020580936932362e-23, nan 
91.875, 57.375, 6.712482246408165e-23, nan 
92.125, 57.375, 7.238336150406202e-23, nan 
92.375, 57.375, 6.032167375748384e-23, nan 
92.625, 57.375, 7.615929582521612e-23, nan 
92.875, 57.375, 9.333112201529871e-23, nan 
93.125, 57.375, 1.0037480154868983e-22, nan 
93.375, 57.375, 1.249813068044095e-22, nan 
93.625, 57.375, 1.1304277357127858e-22, nan 
93.875, 57.375, 8.932826940553247e-23, nan 
94.125, 57.375, 6.215630978968839e-23, nan 
94.375, 57.375, 5.359451941736141e-23, nan 
94.625, 57.375, 4.942887193965516e-23, nan 
94.875, 57.375, 5.222959128263966e-23, nan 
95.125, 57.375, 4.111405316638902e-23, nan 
95.375, 57.375, 7.239044823589785e-23, nan 
95.625, 57.375, 9.504018617207733e-23, nan 
95.875, 57.375, 6.144931460938316e-23, nan 
96.125, 57.375, 8.048117334040964e-23, nan 
96.375, 57.375, 8.620923427367159e-23, nan 
96.625, 57.375, 8.09020525694221e-23, nan 
96.875, 57.375, 7.48649669634981e-23, nan 
97.125, 57.375, 1.026168522979589e-22, nan 
97.375, 57.375, 9.20756329400873e-23, nan 
97.625, 57.375, 6.866473676788032e-23, nan 
97.875, 57.375, 4.2384005931360136e-23, nan 
98.125, 57.375, 8.20288312216861e-23, nan 
98.375, 57.375, 9.011815768739854e-23, nan 
98.625, 57.375, 1.1184321262977396e-22, nan 
98.875, 57.375, 1.7565335388821418e-22, nan 
99.125, 57.375, 1.9813776963256124e-22, nan 
99.375, 57.375, 1.1193541810536032e-22, nan 
99.625, 57.375, 8.477650243143762e-23, nan 
99.875, 57.375, 5.11824068740157e-22, nan 
100.125, 57.375, 5.46031715461803e-22, nan 
100.375, 57.375, 1.6357945726968084e-22, nan 
100.625, 57.375, 5.742090989110534e-23, nan 
100.875, 57.375, 3.7023956436041445e-23, nan 
101.125, 57.375, 8.426160051864312e-23, nan 
101.375, 57.375, 1.159264071315527e-22, nan 
101.625, 57.375, 9.85225478342756e-23, nan 
101.875, 57.375, 8.284686562471375e-23, nan 
102.125, 57.375, 1.1191246153398679e-22, nan 
102.375, 57.375, 1.087575361669974e-22, nan 
102.625, 57.375, 1.6658212655150136e-22, nan 
102.875, 57.375, 5.783874334576184e-22, nan 
103.125, 57.375, 5.603055673007639e-22, nan 
103.375, 57.375, 1.487752481099012e-22, nan 
103.625, 57.375, 1.9876290926856207e-22, nan 
103.875, 57.375, 2.061394072493205e-22, nan 
104.125, 57.375, 2.211121531863555e-22, nan 
104.375, 57.375, 2.0066081381771493e-22, nan 
104.625, 57.375, 1.5064179088558084e-22, nan 
104.875, 57.375, 1.0098915062142774e-22, nan 
105.125, 57.375, 1.220437595146089e-22, nan 
105.375, 57.375, 1.3659351146355195e-22, nan 
105.625, 57.375, 1.2664127375835492e-22, nan 
105.875, 57.375, 8.88545147288509e-23, nan 
106.125, 57.375, 1.3476417165642635e-22, nan 
106.375, 57.375, 6.400625127386268e-23, nan 
106.625, 57.375, 8.750471764618474e-23, nan 
106.875, 57.375, 6.829760339673074e-23, nan 
107.125, 57.375, 8.536023891846291e-23, nan 
107.375, 57.375, 1.0148575624375756e-22, nan 
107.625, 57.375, 9.907065186481382e-23, nan 
107.875, 57.375, 6.915005383813135e-23, nan 
108.125, 57.375, 5.8057177130792e-23, nan 
108.375, 57.375, 1.0329051021731388e-22, nan 
108.625, 57.375, 9.294234683765162e-23, nan 
108.875, 57.375, 1.349067813379285e-22, nan 
109.125, 57.375, 1.2761447266420893e-22, nan 
109.375, 57.375, 1.1264372804914954e-22, nan 
109.625, 57.375, 8.662935515618683e-23, nan 
109.875, 57.375, 9.98419203659745e-23, nan 
110.125, 57.375, 1.250710749728296e-22, nan 
110.375, 57.375, 1.4763809035139716e-22, nan 
110.625, 57.375, 1.666934405174128e-22, nan 
110.875, 57.375, 2.237693968084647e-22, nan 
111.125, 57.375, 1.9556944377847924e-22, nan 
111.375, 57.375, 7.785369673439542e-23, nan 
111.625, 57.375, 1.9197187668716798e-22, nan 
111.875, 57.375, 1.9483813364576358e-22, nan 
112.125, 57.375, 1.1989841094388967e-22, nan 
112.375, 57.375, 1.25295244242001e-22, nan 
112.625, 57.375, 1.2081478226236947e-22, nan 
112.875, 57.375, 9.495164750003575e-23, nan 
113.125, 57.375, 1.6071472159449464e-22, nan 
113.375, 57.375, 8.013283310237612e-23, nan 
113.625, 57.375, 9.455767598047251e-23, nan 
113.875, 57.375, 9.249839701490117e-23, nan 
114.125, 57.375, 9.670027784518698e-23, nan 
114.375, 57.375, 7.748368819347618e-23, nan 
114.625, 57.375, 1.2994242024036643e-22, nan 
114.875, 57.375, 2.3784984639524515e-22, nan 
115.125, 57.375, 2.991095741780394e-22, nan 
115.375, 57.375, 2.239133620136096e-22, nan 
115.625, 57.375, 8.429377335930842e-23, nan 
115.875, 57.375, 5.850933079371438e-23, nan 
116.125, 57.375, 6.989728185341274e-23, nan 
116.375, 57.375, 4.3136012202867254e-23, nan 
116.625, 57.375, 2.6295614462994028e-23, nan 
116.875, 57.375, 4.590378011286384e-23, nan 
117.125, 57.375, 5.287359893162587e-23, nan 
117.375, 57.375, 6.397979067702037e-23, nan 
117.625, 57.375, 7.820565833552646e-23, nan 
117.875, 57.375, 5.521502006586219e-23, nan 
118.125, 57.375, 9.587305737586099e-23, nan 
118.375, 57.375, 9.553686037748654e-23, nan 
118.625, 57.375, 4.7572621127836526e-23, nan 
118.875, 57.375, 2.87758452878024e-23, nan 
119.125, 57.375, 3.856570654689504e-23, nan 
119.375, 57.375, 5.712843004128466e-23, nan 
119.625, 57.375, 4.287618331974409e-23, nan 
119.875, 57.375, 8.142158143231905e-23, nan 
120.125, 57.375, 6.303484279828338e-23, nan 
120.375, 57.375, 8.973190630283726e-23, nan 
120.625, 57.375, 9.995253535699612e-23, nan 
120.875, 57.375, 6.395592347167688e-23, nan 
121.125, 57.375, 4.80720749162367e-23, nan 
121.375, 57.375, 3.593408477341894e-23, nan 
121.625, 57.375, 1.4628459337087433e-23, nan 
121.875, 57.375, 3.318510073820011e-23, nan 
122.125, 57.375, 3.34733867998229e-23, nan 
122.375, 57.375, 3.6940060065902415e-23, nan 
122.625, 57.375, 1.9680340751397095e-23, nan 
122.875, 57.375, 1.633429721656328e-23, nan 
123.125, 57.375, 1.4653080168621955e-23, nan 
123.375, 57.375, 2.75041580747702e-23, nan 
123.625, 57.375, 3.685041632126131e-23, nan 
123.875, 57.375, 3.13885543201268e-23, nan 
124.125, 57.375, 1.1887161511608963e-23, nan 
124.375, 57.375, 1.4173044493909127e-23, nan 
124.625, 57.375, 5.685432925470674e-23, nan 
124.875, 57.375, 8.770208337817145e-23, nan 
125.125, 57.375, 8.331916925640773e-23, nan 
125.375, 57.375, 4.9574185393808605e-23, nan 
125.625, 57.375, 3.620637982063183e-23, nan 
125.875, 57.375, 2.338909631396305e-23, nan 
126.125, 57.375, 2.5689910501164963e-23, nan 
126.375, 57.375, 2.2221043183830083e-23, nan 
126.625, 57.375, 2.405299187526347e-23, nan 
126.875, 57.375, 2.0809325299041282e-23, nan 
127.125, 57.375, 1.7228682852736037e-23, nan 
127.375, 57.375, 4.4963968192712855e-23, nan 
127.625, 57.375, 3.788774847217188e-23, nan 
127.875, 57.375, 2.801977494219494e-23, nan 
128.125, 57.375, 4.5343306932736534e-23, nan 
128.375, 57.375, 7.53103443785342e-23, nan 
128.625, 57.375, 7.199467019100563e-23, nan 
128.875, 57.375, 2.2860841101590204e-23, nan 
129.125, 57.375, 4.183304092732402e-23, nan 
129.375, 57.375, 6.699452995070662e-23, nan 
129.625, 57.375, 2.1207815790011624e-23, nan 
129.875, 57.375, 6.533971711544149e-23, nan 
130.125, 57.375, 7.161894905324592e-23, nan 
130.375, 57.375, 8.499326082983656e-23, nan 
130.625, 57.375, 7.970396729369722e-23, nan 
130.875, 57.375, 3.835159463113598e-23, nan 
131.125, 57.375, 2.8227474621360323e-23, nan 
131.375, 57.375, 2.4144418965237384e-23, nan 
131.625, 57.375, 3.784414617509168e-23, nan 
131.875, 57.375, 2.6391205523873146e-23, nan 
132.125, 57.375, 3.0994665447771303e-23, nan 
132.375, 57.375, 2.8096934257487544e-23, nan 
132.625, 57.375, 4.163301251111698e-23, nan 
132.875, 57.375, 5.2367890439036725e-23, nan 
133.125, 57.375, 1.226234723633593e-22, nan 
133.375, 57.375, 1.4449243199565747e-22, nan 
133.625, 57.375, 9.090864531213839e-23, nan 
133.875, 57.375, 2.7922370257567656e-23, nan 
134.125, 57.375, 2.5193113224750018e-23, nan 
134.375, 57.375, 3.681809891242069e-23, nan 
134.625, 57.375, 3.848099768661597e-23, nan 
134.875, 57.375, 3.6383795575280787e-23, nan 
135.125, 57.375, 3.8341413443484567e-23, nan 
135.375, 57.375, 2.2504935801816533e-23, nan 
135.625, 57.375, 1.5756460766727487e-23, nan 
135.875, 57.375, 1.7409225503514216e-23, nan 
136.125, 57.375, 7.140417033038864e-24, nan 
136.375, 57.375, 7.538121598598518e-24, nan 
136.625, 57.375, 9.426441434138835e-24, nan 
136.875, 57.375, 2.2864320557624945e-23, nan 
137.125, 57.375, 2.0310222214271448e-23, nan 
137.375, 57.375, 1.1400534650582652e-23, nan 
137.625, 57.375, 1.9300991936622432e-23, nan 
137.875, 57.375, 2.522234119838562e-23, nan 
138.125, 57.375, 2.4411877663396942e-23, nan 
138.375, 57.375, 2.2502591072041128e-23, nan 
138.625, 57.375, 3.863147177343117e-23, nan 
138.875, 57.375, 5.254372345252783e-23, nan 
139.125, 57.375, 5.051037862860252e-23, nan 
139.375, 57.375, 3.8094735184903925e-23, nan 
139.625, 57.375, 2.138381784932799e-23, nan 
139.875, 57.375, 1.394867304662528e-23, nan 
140.125, 57.375, 2.1127104227121978e-23, nan 
140.375, 57.375, 2.4850861924624738e-23, nan 
140.625, 57.375, 2.4044765301928066e-23, nan 
140.875, 57.375, 2.0353536871785052e-23, nan 
141.125, 57.375, 3.830925788476825e-23, nan 
141.375, 57.375, 3.9793601276202135e-23, nan 
141.625, 57.375, 1.6143510399678693e-23, nan 
141.875, 57.375, 1.689943465329609e-23, nan 
142.125, 57.375, 2.7299284382795995e-23, nan 
142.375, 57.375, 1.951805940435215e-23, nan 
142.625, 57.375, 1.6675290493325615e-23, nan 
142.875, 57.375, 2.223119031861196e-23, nan 
143.125, 57.375, 2.002767621197299e-23, nan 
143.375, 57.375, 2.51784211089228e-23, nan 
143.625, 57.375, 1.7378349157236146e-23, nan 
143.875, 57.375, 1.9924913611603684e-23, nan 
144.125, 57.375, 1.7983204474363054e-23, nan 
144.375, 57.375, 9.850565792063107e-24, nan 
144.625, 57.375, 1.0079260904833847e-23, nan 
144.875, 57.375, 1.2583758810434245e-23, nan 
145.125, 57.375, 9.630823415900328e-24, nan 
145.375, 57.375, 1.2513739220966416e-23, nan 
145.625, 57.375, 1.391282899940102e-23, nan 
145.875, 57.375, 3.564354520233944e-24, nan 
146.125, 57.375, 3.738388271970232e-24, nan 
146.375, 57.375, 2.5768346780767254e-24, nan 
146.625, 57.375, 7.570954850985071e-24, nan 
146.875, 57.375, 8.305027583466522e-24, nan 
147.125, 57.375, 4.8338174984998864e-24, nan 
147.375, 57.375, 5.357168980619115e-24, nan 
147.625, 57.375, 1.8787862651584642e-23, nan 
147.875, 57.375, 2.0039347204083095e-23, nan 
148.125, 57.375, 1.5193931357008298e-23, nan 
148.375, 57.375, 1.0497413022399808e-23, nan 
148.625, 57.375, 5.99380752153651e-24, nan 
148.875, 57.375, 5.784458499050464e-24, nan 
149.125, 57.375, 5.9196397268274455e-24, nan 
149.375, 57.375, 4.690970441390769e-24, nan 
149.625, 57.375, 7.526734227818922e-24, nan 
149.875, 57.375, 8.52133457332138e-24, nan 
150.125, 57.375, 1.002911889798636e-23, nan 
150.375, 57.375, 8.5442343316841e-24, nan 
150.625, 57.375, 5.558617392293763e-24, nan 
150.875, 57.375, 1.0759109520087533e-23, nan 
151.125, 57.375, 1.3808969630773673e-23, nan 
151.375, 57.375, 1.229438871574659e-23, nan 
151.625, 57.375, 9.901975991675322e-24, nan 
151.875, 57.375, 4.288064654203453e-24, nan 
152.125, 57.375, 4.413246061221642e-24, nan 
152.375, 57.375, 2.5335063140921894e-24, nan 
152.625, 57.375, 6.820917404862378e-24, nan 
152.875, 57.375, 7.343745831706667e-24, nan 
153.125, 57.375, 3.0511688567365863e-24, nan 
153.375, 57.375, 5.684007797084832e-24, nan 
153.625, 57.375, 6.964196042634399e-24, nan 
153.875, 57.375, 9.454891226487328e-24, nan 
154.125, 57.375, 1.1031176560733449e-23, nan 
154.375, 57.375, 1.2857095792630026e-23, nan 
154.625, 57.375, 8.296785648632943e-24, nan 
154.875, 57.375, 3.0659497149439474e-24, nan 
155.125, 57.375, 3.369576069318354e-24, nan 
155.375, 57.375, 3.6609017995365266e-24, nan 
155.625, 57.375, 5.367371219964196e-24, nan 
155.875, 57.375, 4.683339350494074e-24, nan 
156.125, 57.375, 3.5094833207937105e-24, nan 
156.375, 57.375, 5.743452185438768e-24, nan 
156.625, 57.375, 5.582424165553806e-24, nan 
156.875, 57.375, 5.696082674767414e-24, nan 
157.125, 57.375, 1.3120971270722646e-23, nan 
157.375, 57.375, 1.1470706561051674e-23, nan 
157.625, 57.375, 5.516670246186445e-24, nan 
157.875, 57.375, 1.506115445841098e-23, nan 
158.125, 57.375, 2.014306357598314e-23, nan 
158.375, 57.375, 1.358945544461613e-23, nan 
158.625, 57.375, 1.073131301699693e-24, nan 
158.875, 57.375, 4.415895574590986e-25, nan 
159.125, 57.375, 1.4002104493020685e-24, nan 
159.375, 57.375, 2.3174389630263722e-24, nan 
159.625, 57.375, 2.112432196162164e-24, nan 
159.875, 57.375, 1.446215765049688e-24, nan 
160.125, 57.375, 2.26029149536961e-24, nan 
160.375, 57.375, 2.4675491405176307e-24, nan 
160.625, 57.375, 2.7850257201344344e-24, nan 
160.875, 57.375, 2.1725020976736545e-24, nan 
161.125, 57.375, 1.4978113256294878e-24, nan 
161.375, 57.375, 3.714114861658734e-24, nan 
161.625, 57.375, 5.7747029321209234e-24, nan 
161.875, 57.375, 4.1693541795726475e-24, nan 
162.125, 57.375, 6.729706996864652e-24, nan 
162.375, 57.375, 8.195806744099457e-24, nan 
162.625, 57.375, 4.203247748827524e-24, nan 
162.875, 57.375, 4.273175317161758e-24, nan 
163.125, 57.375, 4.739274404536506e-24, nan 
163.375, 57.375, 1.3552529762400938e-23, nan 
163.625, 57.375, 1.3792633970791313e-23, nan 
163.875, 57.375, 6.3313508035238815e-24, nan 
61.875, 57.625, 2.113567339903534e-23, nan 
62.125, 57.625, 2.8124405625423044e-23, nan 
62.375, 57.625, 1.974332227925427e-23, nan 
62.625, 57.625, 1.1857320710048413e-23, nan 
62.875, 57.625, 7.402904963567918e-24, nan 
63.125, 57.625, 1.7402132298621927e-23, nan 
63.375, 57.625, 2.0795158132360623e-23, nan 
63.625, 57.625, 8.392705972920923e-24, nan 
63.875, 57.625, 6.5996998980613155e-24, nan 
64.125, 57.625, 1.108585704113095e-23, nan 
64.375, 57.625, 1.0824717651042683e-23, nan 
64.625, 57.625, 8.040170487701072e-24, nan 
64.875, 57.625, 4.955486296356093e-24, nan 
65.125, 57.625, 6.402265599827612e-24, nan 
65.375, 57.625, 6.837266649500592e-24, nan 
65.625, 57.625, 1.267083012194084e-23, nan 
65.875, 57.625, 1.377296724121313e-23, nan 
66.125, 57.625, 6.617458802841841e-24, nan 
66.375, 57.625, 9.236864363333382e-24, nan 
66.625, 57.625, 1.7647524145607775e-23, nan 
66.875, 57.625, 1.8653163315417718e-23, nan 
67.125, 57.625, 9.47138905658907e-24, nan 
67.375, 57.625, 1.39786436024911e-23, nan 
67.625, 57.625, 1.816808091085981e-23, nan 
67.875, 57.625, 1.5048312267377218e-23, nan 
68.125, 57.625, 2.013455441917048e-23, nan 
68.375, 57.625, 1.2067774929978396e-23, nan 
68.625, 57.625, 7.149851843193123e-24, nan 
68.875, 57.625, 8.946489455041826e-24, nan 
69.125, 57.625, 1.2254183506784554e-23, nan 
69.375, 57.625, 7.987205091610844e-24, nan 
69.625, 57.625, 9.199416460411002e-24, nan 
69.875, 57.625, 8.99332803779345e-24, nan 
70.125, 57.625, 9.30609567357649e-24, nan 
70.375, 57.625, 5.116358574926813e-24, nan 
70.625, 57.625, 1.6284099999823664e-23, nan 
70.875, 57.625, 1.830991165440613e-23, nan 
71.125, 57.625, 1.1680615062739361e-23, nan 
71.375, 57.625, 1.7392411534430245e-23, nan 
71.625, 57.625, 1.4315736696524164e-23, nan 
71.875, 57.625, 1.3851173577670856e-23, nan 
72.125, 57.625, 1.0006091611914656e-23, nan 
72.375, 57.625, 1.2241462061014438e-23, nan 
72.625, 57.625, 9.418525666376429e-24, nan 
72.875, 57.625, 1.9859657822859652e-23, nan 
73.125, 57.625, 1.6747873083864106e-23, nan 
73.375, 57.625, 5.186072552691161e-24, nan 
73.625, 57.625, 8.068765215731568e-24, nan 
73.875, 57.625, 3.377214010181199e-23, nan 
74.125, 57.625, 3.914340996673083e-23, nan 
74.375, 57.625, 2.3215315988384187e-23, nan 
74.625, 57.625, 1.498640470197045e-23, nan 
74.875, 57.625, 2.1529662190775237e-23, nan 
75.125, 57.625, 3.632348941070759e-23, nan 
75.375, 57.625, 3.99609722551266e-23, nan 
75.625, 57.625, 1.2250965582007257e-23, nan 
75.875, 57.625, 2.1323462287127983e-23, nan 
76.125, 57.625, 2.0284194803355607e-23, nan 
76.375, 57.625, 2.1087818587346262e-23, nan 
76.625, 57.625, 1.9489484330746205e-23, nan 
76.875, 57.625, 1.8255315567501734e-23, nan 
77.125, 57.625, 1.149042427104402e-23, nan 
77.375, 57.625, 1.1491718554882328e-23, nan 
77.625, 57.625, 1.252576790129929e-23, nan 
77.875, 57.625, 7.201881049304834e-24, nan 
78.125, 57.625, 1.7448343099721493e-23, nan 
78.375, 57.625, 5.0034558807692005e-23, nan 
78.625, 57.625, 4.677888051694562e-23, nan 
78.875, 57.625, 1.7406548670980073e-23, nan 
79.125, 57.625, 3.015639459425631e-23, nan 
79.375, 57.625, 3.1125192879606805e-23, nan 
79.625, 57.625, 2.1986989967472835e-23, nan 
79.875, 57.625, 3.92866180537778e-23, nan 
80.125, 57.625, 6.492345971365241e-23, nan 
80.375, 57.625, 6.386195158539417e-23, nan 
80.625, 57.625, 9.594275511236581e-23, nan 
80.875, 57.625, 9.132198160178503e-23, nan 
81.125, 57.625, 2.74093469117557e-23, nan 
81.375, 57.625, 2.3572107144128232e-23, nan 
81.625, 57.625, 5.78862005330804e-23, nan 
81.875, 57.625, 6.280093488903221e-23, nan 
82.125, 57.625, 3.759382906502387e-23, nan 
82.375, 57.625, 4.323298290264375e-23, nan 
82.625, 57.625, 3.5885308216636566e-23, nan 
82.875, 57.625, 3.6749777276306356e-23, nan 
83.125, 57.625, 6.458654169288587e-23, nan 
83.375, 57.625, 6.5332630707769e-23, nan 
83.625, 57.625, 2.2954200818136067e-23, nan 
83.875, 57.625, 2.5219508621410727e-23, nan 
84.125, 57.625, 2.5841417796001352e-23, nan 
84.375, 57.625, 3.484517688714362e-23, nan 
84.625, 57.625, 5.924551632315584e-23, nan 
84.875, 57.625, 5.641236186744542e-23, nan 
85.125, 57.625, 1.8484709574126988e-23, nan 
85.375, 57.625, 2.3778059021085706e-23, nan 
85.625, 57.625, 2.1174740310572274e-23, nan 
85.875, 57.625, 2.560448588067957e-23, nan 
86.125, 57.625, 1.5891940687774586e-23, nan 
86.375, 57.625, 3.641525302319055e-23, nan 
86.625, 57.625, 5.645486729647812e-23, nan 
86.875, 57.625, 5.011811341686861e-23, nan 
87.125, 57.625, 1.3106461333483999e-22, nan 
87.375, 57.625, 1.4124232122858077e-22, nan 
87.625, 57.625, 9.713737548113561e-23, nan 
87.875, 57.625, 9.044527205870016e-23, nan 
88.125, 57.625, 1.0427770625174346e-22, nan 
88.375, 57.625, 8.921965534069016e-23, nan 
88.625, 57.625, 9.285800085243685e-23, nan 
88.875, 57.625, 8.181770503231044e-23, nan 
89.125, 57.625, 8.054785795307747e-23, nan 
89.375, 57.625, 4.411293986948159e-23, nan 
89.625, 57.625, 5.554035245337184e-23, nan 
89.875, 57.625, 7.183496922601754e-23, nan 
90.125, 57.625, 9.356507566679856e-23, nan 
90.375, 57.625, 8.60949967113117e-23, nan 
90.625, 57.625, 5.641590557250468e-23, nan 
90.875, 57.625, 5.089494098424864e-23, nan 
91.125, 57.625, 4.707857632665819e-23, nan 
91.375, 57.625, 4.9195011950861066e-23, nan 
91.625, 57.625, 5.051741578455695e-23, nan 
91.875, 57.625, 2.3982976334630354e-23, nan 
92.125, 57.625, 4.1516130192290167e-23, nan 
92.375, 57.625, 5.748559826203816e-23, nan 
92.625, 57.625, 8.28567938116323e-23, nan 
92.875, 57.625, 9.259368256536692e-23, nan 
93.125, 57.625, 8.810542390865792e-23, nan 
93.375, 57.625, 1.336827009729562e-22, nan 
93.625, 57.625, 1.5010461757023445e-22, nan 
93.875, 57.625, 1.6912721957014473e-22, nan 
94.125, 57.625, 1.1450577497828162e-22, nan 
94.375, 57.625, 5.975979501872521e-23, nan 
94.625, 57.625, 5.1388286785615286e-23, nan 
94.875, 57.625, 5.975267382611746e-23, nan 
95.125, 57.625, 5.862173615016835e-23, nan 
95.375, 57.625, 6.944044160019256e-23, nan 
95.625, 57.625, 7.391860721295632e-23, nan 
95.875, 57.625, 7.184616670897777e-23, nan 
96.125, 57.625, 5.752852247522539e-23, nan 
96.375, 57.625, 5.355360751814502e-23, nan 
96.625, 57.625, 6.387865273868477e-23, nan 
96.875, 57.625, 1.2304702891069613e-22, nan 
97.125, 57.625, 1.2420098015367972e-22, nan 
97.375, 57.625, 9.246108208258166e-23, nan 
97.625, 57.625, 9.65226035615443e-23, nan 
97.875, 57.625, 1.2039959906299818e-22, nan 
98.125, 57.625, 1.1214151626341208e-22, nan 
98.375, 57.625, 1.1371318314575315e-22, nan 
98.625, 57.625, 1.4854690210632513e-22, nan 
98.875, 57.625, 1.784098759515583e-22, nan 
99.125, 57.625, 1.4744117808710944e-22, nan 
99.375, 57.625, 8.994000528601718e-23, nan 
99.625, 57.625, 5.354943380010815e-22, nan 
99.875, 57.625, 5.978305917509767e-22, nan 
100.125, 57.625, 2.0896138122970786e-22, nan 
100.375, 57.625, 1.380091697049007e-22, nan 
100.625, 57.625, 1.1884508563618239e-22, nan 
100.875, 57.625, 4.845140927564573e-23, nan 
101.125, 57.625, 6.095935886542242e-23, nan 
101.375, 57.625, 5.558419547507007e-23, nan 
101.625, 57.625, 6.37786777190193e-23, nan 
101.875, 57.625, 5.0009847322063865e-23, nan 
102.125, 57.625, 8.093298958378325e-23, nan 
102.375, 57.625, 9.538029498013728e-23, nan 
102.625, 57.625, 2.0535696464556154e-22, nan 
102.875, 57.625, 6.5055443586436915e-22, nan 
103.125, 57.625, 5.409615869334824e-22, nan 
103.375, 57.625, 1.4976784575359027e-22, nan 
103.625, 57.625, 2.2486442910217513e-22, nan 
103.875, 57.625, 2.3453239011488676e-22, nan 
104.125, 57.625, 2.032717197051527e-22, nan 
104.375, 57.625, 1.6024077261981193e-22, nan 
104.625, 57.625, 1.5757428323958896e-22, nan 
104.875, 57.625, 1.3742957548364448e-22, nan 
105.125, 57.625, 1.5315435354702938e-22, nan 
105.375, 57.625, 1.4918435587925528e-22, nan 
105.625, 57.625, 1.2350485011218513e-22, nan 
105.875, 57.625, 1.090031198014515e-22, nan 
106.125, 57.625, 1.0018491238494043e-22, nan 
106.375, 57.625, 1.124513687824363e-22, nan 
106.625, 57.625, 1.0357277394817101e-22, nan 
106.875, 57.625, 1.3396978911411226e-22, nan 
107.125, 57.625, 1.1231437043833462e-22, nan 
107.375, 57.625, 9.113033983843208e-23, nan 
107.625, 57.625, 1.0737637990735335e-22, nan 
107.875, 57.625, 1.0190753904761498e-22, nan 
108.125, 57.625, 1.0134968583500909e-22, nan 
108.375, 57.625, 7.996243349810884e-23, nan 
108.625, 57.625, 6.636075166942145e-23, nan 
108.875, 57.625, 5.753270398426709e-23, nan 
109.125, 57.625, 6.944415529037332e-23, nan 
109.375, 57.625, 6.8999625688202e-23, nan 
109.625, 57.625, 9.758060719880124e-23, nan 
109.875, 57.625, 1.2285877806037754e-22, nan 
110.125, 57.625, 1.6464545342312547e-22, nan 
110.375, 57.625, 1.7388473459756928e-22, nan 
110.625, 57.625, 1.8792891630290167e-22, nan 
110.875, 57.625, 1.5087256777659488e-22, nan 
111.125, 57.625, 1.1822544551543615e-22, nan 
111.375, 57.625, 1.3790345316748013e-22, nan 
111.625, 57.625, 1.5816140127266112e-22, nan 
111.875, 57.625, 1.3476600262175383e-22, nan 
112.125, 57.625, 2.685501931677278e-22, nan 
112.375, 57.625, 2.5662567807217094e-22, nan 
112.625, 57.625, 9.613782722454599e-23, nan 
112.875, 57.625, 2.509127383470722e-22, nan 
113.125, 57.625, 3.86937481926425e-22, nan 
113.375, 57.625, 2.6073317881382565e-22, nan 
113.625, 57.625, 1.2944556898746027e-22, nan 
113.875, 57.625, 1.8333264284862928e-22, nan 
114.125, 57.625, 2.377997542776418e-22, nan 
114.375, 57.625, 1.7135076233926968e-22, nan 
114.625, 57.625, 1.2543438380686633e-22, nan 
114.875, 57.625, 1.5572846126429474e-22, nan 
115.125, 57.625, 2.2100129982994284e-22, nan 
115.375, 57.625, 2.6177556830869383e-22, nan 
115.625, 57.625, 2.299049400048016e-22, nan 
115.875, 57.625, 7.819728557928487e-23, nan 
116.125, 57.625, 7.543708962767346e-23, nan 
116.375, 57.625, 5.909702529653254e-23, nan 
116.625, 57.625, 5.1651708756076113e-23, nan 
116.875, 57.625, 7.000758011851951e-23, nan 
117.125, 57.625, 7.948651484026352e-23, nan 
117.375, 57.625, 4.4146778687678566e-23, nan 
117.625, 57.625, 6.069415752956748e-23, nan 
117.875, 57.625, 6.177118451982798e-23, nan 
118.125, 57.625, 2.417727961285978e-23, nan 
118.375, 57.625, 5.884567803725498e-23, nan 
118.625, 57.625, 5.1396634218747423e-23, nan 
118.875, 57.625, 8.710666852858802e-23, nan 
119.125, 57.625, 1.1276915141389682e-22, nan 
119.375, 57.625, 8.184733757972355e-23, nan 
119.625, 57.625, 6.680451952598214e-23, nan 
119.875, 57.625, 4.665118790183922e-23, nan 
120.125, 57.625, 5.532510363394553e-23, nan 
120.375, 57.625, 8.107181727628261e-23, nan 
120.625, 57.625, 1.170124071607168e-22, nan 
120.875, 57.625, 1.164400630702019e-22, nan 
121.125, 57.625, 5.1379891693864905e-23, nan 
121.375, 57.625, 2.863333960051286e-23, nan 
121.625, 57.625, 4.75153000777746e-23, nan 
121.875, 57.625, 4.8819546390911764e-23, nan 
122.125, 57.625, 2.5191431240054235e-23, nan 
122.375, 57.625, 1.560339982662293e-23, nan 
122.625, 57.625, 1.7030197064846967e-23, nan 
122.875, 57.625, 1.1740170688835844e-23, nan 
123.125, 57.625, 1.13772874910226e-23, nan 
123.375, 57.625, 1.925875280298467e-23, nan 
123.625, 57.625, 2.1219712398514417e-23, nan 
123.875, 57.625, 1.8894832901542514e-23, nan 
124.125, 57.625, 3.567973752224152e-23, nan 
124.375, 57.625, 7.094446502927364e-23, nan 
124.625, 57.625, 1.0896480313197877e-22, nan 
124.875, 57.625, 1.2303811336161065e-22, nan 
125.125, 57.625, 1.0518142268072935e-22, nan 
125.375, 57.625, 8.186695010514246e-23, nan 
125.625, 57.625, 3.687745725743333e-23, nan 
125.875, 57.625, 4.1788539583521564e-23, nan 
126.125, 57.625, 3.79058317398945e-23, nan 
126.375, 57.625, 1.9718125421863582e-23, nan 
126.625, 57.625, 1.890772624607691e-23, nan 
126.875, 57.625, 1.7332719680658133e-23, nan 
127.125, 57.625, 2.2258973309754004e-23, nan 
127.375, 57.625, 3.432283718690186e-23, nan 
127.625, 57.625, 2.8614679225083857e-23, nan 
127.875, 57.625, 2.6414074171423147e-23, nan 
128.125, 57.625, 7.561063705732492e-23, nan 
128.375, 57.625, 1.0256494908362911e-22, nan 
128.625, 57.625, 7.591915139622402e-23, nan 
128.875, 57.625, 6.910494750182505e-23, nan 
129.125, 57.625, 7.220560882362449e-23, nan 
129.375, 57.625, 4.2263422452672657e-23, nan 
129.625, 57.625, 2.873584479299761e-23, nan 
129.875, 57.625, 2.780263605999005e-23, nan 
130.125, 57.625, 2.861120157678905e-23, nan 
130.375, 57.625, 5.769076511887951e-23, nan 
130.625, 57.625, 5.0325819969016345e-23, nan 
130.875, 57.625, 1.9946108801504804e-23, nan 
131.125, 57.625, 2.3426886469351045e-23, nan 
131.375, 57.625, 2.3562776896857066e-23, nan 
131.625, 57.625, 4.9268766967267153e-23, nan 
131.875, 57.625, 5.047796765778207e-23, nan 
132.125, 57.625, 3.401115319414749e-23, nan 
132.375, 57.625, 6.414862618256262e-23, nan 
132.625, 57.625, 6.016252066854022e-23, nan 
132.875, 57.625, 2.3811605259296016e-23, nan 
133.125, 57.625, 2.3186612966805707e-23, nan 
133.375, 57.625, 8.092456167052198e-23, nan 
133.625, 57.625, 4.807107020546057e-23, nan 
133.875, 57.625, 3.3366598831079644e-23, nan 
134.125, 57.625, 1.6225570298575593e-23, nan 
134.375, 57.625, 4.9768523686328695e-23, nan 
134.625, 57.625, 4.7322539398786863e-23, nan 
134.875, 57.625, 5.02598525872783e-23, nan 
135.125, 57.625, 5.1242120382135636e-23, nan 
135.375, 57.625, 3.8574961811417674e-23, nan 
135.625, 57.625, 3.49726451415199e-23, nan 
135.875, 57.625, 4.0423485684361467e-23, nan 
136.125, 57.625, 2.846877193969842e-23, nan 
136.375, 57.625, 1.043854762263896e-23, nan 
136.625, 57.625, 3.210178595636759e-23, nan 
136.875, 57.625, 2.8108939016703054e-23, nan 
137.125, 57.625, 2.5828923841427447e-23, nan 
137.375, 57.625, 2.4618985717137432e-23, nan 
137.625, 57.625, 5.0671712693534677e-23, nan 
137.875, 57.625, 5.230162352813857e-23, nan 
138.125, 57.625, 2.690533365157661e-23, nan 
138.375, 57.625, 4.2259599936917557e-23, nan 
138.625, 57.625, 6.084449590736849e-23, nan 
138.875, 57.625, 5.671472254487909e-23, nan 
139.125, 57.625, 6.236740890780442e-23, nan 
139.375, 57.625, 5.751856320047008e-23, nan 
139.625, 57.625, 1.5770948892932967e-23, nan 
139.875, 57.625, 2.071728678970242e-23, nan 
140.125, 57.625, 2.9684520424436027e-23, nan 
140.375, 57.625, 3.0459403432033495e-23, nan 
140.625, 57.625, 3.0068298605509665e-23, nan 
140.875, 57.625, 3.431527854998676e-23, nan 
141.125, 57.625, 2.700503454735685e-23, nan 
141.375, 57.625, 7.103510526339818e-24, nan 
141.625, 57.625, 1.0410116616064333e-23, nan 
141.875, 57.625, 1.3635536803105588e-23, nan 
142.125, 57.625, 1.4783384841520072e-23, nan 
142.375, 57.625, 5.0919303567731195e-24, nan 
142.625, 57.625, 1.7777402445210203e-23, nan 
142.875, 57.625, 3.0364538451955435e-23, nan 
143.125, 57.625, 4.3657857727721006e-23, nan 
143.375, 57.625, 3.567757315776244e-23, nan 
143.625, 57.625, 1.6170537206301426e-23, nan 
143.875, 57.625, 1.888915529885728e-23, nan 
144.125, 57.625, 1.103275184562191e-23, nan 
144.375, 57.625, 9.614771379579645e-24, nan 
144.625, 57.625, 2.1936434529462878e-23, nan 
144.875, 57.625, 2.0577272617615202e-23, nan 
145.125, 57.625, 9.808518065478421e-24, nan 
145.375, 57.625, 1.3863882274964626e-23, nan 
145.625, 57.625, 1.0228749088818542e-23, nan 
145.875, 57.625, 6.765279304330569e-24, nan 
146.125, 57.625, 4.283925986416337e-24, nan 
146.375, 57.625, 2.9054524244401265e-24, nan 
146.625, 57.625, 8.649979277285907e-24, nan 
146.875, 57.625, 1.0029677867769004e-23, nan 
147.125, 57.625, 6.912036665852084e-24, nan 
147.375, 57.625, 1.1539659689219686e-23, nan 
147.625, 57.625, 1.3058540817634566e-23, nan 
147.875, 57.625, 9.384828705560932e-24, nan 
148.125, 57.625, 6.797461645835497e-24, nan 
148.375, 57.625, 5.169080105983905e-24, nan 
148.625, 57.625, 5.643428563174248e-24, nan 
148.875, 57.625, 5.472807705890545e-24, nan 
149.125, 57.625, 5.492569937510234e-24, nan 
149.375, 57.625, 5.913367492191003e-24, nan 
149.625, 57.625, 1.4966108843649908e-23, nan 
149.875, 57.625, 1.2342802842234686e-23, nan 
150.125, 57.625, 6.84659058251934e-24, nan 
150.375, 57.625, 1.3974310440599825e-23, nan 
150.625, 57.625, 1.191946609809154e-23, nan 
150.875, 57.625, 5.95446192933686e-24, nan 
151.125, 57.625, 6.77650346494174e-24, nan 
151.375, 57.625, 4.0050552802007665e-24, nan 
151.625, 57.625, 6.4628609914092594e-24, nan 
151.875, 57.625, 6.73808612190711e-24, nan 
152.125, 57.625, 4.9877437269951566e-24, nan 
152.375, 57.625, 5.92072449367512e-24, nan 
152.625, 57.625, 6.450779635874528e-24, nan 
152.875, 57.625, 8.552948950448312e-24, nan 
153.125, 57.625, 8.069778990355125e-24, nan 
153.375, 57.625, 5.887633549931419e-24, nan 
153.625, 57.625, 1.031573361623478e-23, nan 
153.875, 57.625, 1.0422889420716264e-23, nan 
154.125, 57.625, 5.2049709399043824e-24, nan 
154.375, 57.625, 9.14680103531058e-24, nan 
154.625, 57.625, 1.106771125387316e-23, nan 
154.875, 57.625, 8.738001685199638e-24, nan 
155.125, 57.625, 4.1919620528940476e-24, nan 
155.375, 57.625, 3.846782148295009e-24, nan 
155.625, 57.625, 2.8624398728293355e-24, nan 
155.875, 57.625, 2.8849381856829802e-24, nan 
156.125, 57.625, 6.2631944135076334e-24, nan 
156.375, 57.625, 6.401837251094065e-24, nan 
156.625, 57.625, 5.562908264632216e-24, nan 
156.875, 57.625, 1.7891864253048646e-23, nan 
157.125, 57.625, 1.7928311720591205e-23, nan 
157.375, 57.625, 4.1112740614220054e-24, nan 
157.625, 57.625, 1.7388084477615132e-23, nan 
157.875, 57.625, 2.197065763819403e-23, nan 
158.125, 57.625, 1.5282937339467315e-23, nan 
158.375, 57.625, 2.364351967449927e-24, nan 
158.625, 57.625, 9.944175029820442e-25, nan 
158.875, 57.625, 1.1912979404538378e-24, nan 
159.125, 57.625, 1.7891471797846018e-24, nan 
159.375, 57.625, 2.1836118914325557e-24, nan 
159.625, 57.625, 1.896449467795511e-24, nan 
159.875, 57.625, 1.299328813873148e-24, nan 
160.125, 57.625, 2.2586635024030643e-24, nan 
160.375, 57.625, 3.426039284877627e-24, nan 
160.625, 57.625, 3.0888127741854264e-24, nan 
160.875, 57.625, 3.064437208765933e-24, nan 
161.125, 57.625, 2.637246654442245e-24, nan 
161.375, 57.625, 2.5216334146832962e-24, nan 
161.625, 57.625, 3.2643674363376715e-24, nan 
161.875, 57.625, 4.722052171555585e-24, nan 
162.125, 57.625, 6.89715452043425e-24, nan 
162.375, 57.625, 6.006208012924962e-24, nan 
162.625, 57.625, 7.087408258261544e-24, nan 
162.875, 57.625, 7.990306730993901e-24, nan 
163.125, 57.625, 9.204739204312007e-24, nan 
163.375, 57.625, 1.7831303946528047e-23, nan 
163.625, 57.625, 1.629878064658618e-23, nan 
163.875, 57.625, 6.017581529930877e-24, nan 
164.125, 57.625, 2.97159381912075e-24, nan 
164.375, 57.625, 1.4046458833198668e-24, nan 
60.875, 57.875, 9.237613564273664e-24, nan 
61.125, 57.875, 1.0441674639088217e-23, nan 
61.375, 57.875, 2.6967222365464285e-23, nan 
61.625, 57.875, 3.0875343663951104e-23, nan 
61.875, 57.875, 1.809858416898338e-23, nan 
62.125, 57.875, 1.615287067576432e-22, nan 
62.375, 57.875, 7.312175426319803e-23, nan 
62.625, 57.875, 1.8699892313491325e-23, nan 
62.875, 57.875, 2.1622890477623053e-23, nan 
63.125, 57.875, 1.005220466606022e-23, nan 
63.375, 57.875, 2.3036923988851693e-23, nan 
63.625, 57.875, 2.011967656094245e-23, nan 
63.875, 57.875, 1.1920193466146876e-23, nan 
64.125, 57.875, 1.2675404853677737e-23, nan 
64.375, 57.875, 1.7424467167465697e-24, nan 
64.625, 57.875, 3.602897125984909e-24, nan 
64.875, 57.875, 4.235045748212339e-24, nan 
65.125, 57.875, 6.6128532831840346e-24, nan 
65.375, 57.875, 7.836726406907338e-24, nan 
65.625, 57.875, 1.0479602645470876e-23, nan 
65.875, 57.875, 1.1262378444876538e-23, nan 
66.125, 57.875, 6.031320740034779e-24, nan 
66.375, 57.875, 8.035090182934564e-24, nan 
66.625, 57.875, 9.895490118138774e-24, nan 
66.875, 57.875, 1.8158419707987366e-23, nan 
67.125, 57.875, 1.9096325224375225e-23, nan 
67.375, 57.875, 1.4502223823592017e-23, nan 
67.625, 57.875, 1.604678849298308e-23, nan 
67.875, 57.875, 2.573310203039344e-23, nan 
68.125, 57.875, 2.8725534709231163e-23, nan 
68.375, 57.875, 1.9275059527979347e-23, nan 
68.625, 57.875, 1.450998792502896e-23, nan 
68.875, 57.875, 1.582617838916293e-23, nan 
69.125, 57.875, 1.7140309088657512e-23, nan 
69.375, 57.875, 1.233608437601196e-23, nan 
69.625, 57.875, 6.246489981609167e-24, nan 
69.875, 57.875, 7.273198911457999e-24, nan 
70.125, 57.875, 7.434780476101713e-24, nan 
70.375, 57.875, 4.148008675005893e-24, nan 
70.625, 57.875, 1.8511501919185662e-23, nan 
70.875, 57.875, 1.8013720311609442e-23, nan 
71.125, 57.875, 4.571500887874751e-24, nan 
71.375, 57.875, 1.0564924628525516e-23, nan 
71.625, 57.875, 1.504996659738259e-23, nan 
71.875, 57.875, 1.947319960127526e-23, nan 
72.125, 57.875, 1.3000928099183737e-23, nan 
72.375, 57.875, 2.5644542911472468e-23, nan 
72.625, 57.875, 4.3142963572640574e-23, nan 
72.875, 57.875, 4.655422048809503e-23, nan 
73.125, 57.875, 2.551331139118263e-23, nan 
73.375, 57.875, 7.654867998154485e-24, nan 
73.625, 57.875, 1.5531715007627478e-23, nan 
73.875, 57.875, 6.747971173144342e-24, nan 
74.125, 57.875, 2.4706719784526173e-23, nan 
74.375, 57.875, 4.271287184324204e-23, nan 
74.625, 57.875, 1.485895947092735e-22, nan 
74.875, 57.875, 5.419475380916438e-23, nan 
75.125, 57.875, 4.093342091768578e-23, nan 
75.375, 57.875, 1.3573026571496464e-23, nan 
75.625, 57.875, 5.262983448639249e-23, nan 
75.875, 57.875, 5.829669849629807e-23, nan 
76.125, 57.875, 2.8307495303161354e-23, nan 
76.375, 57.875, 2.5975347740337468e-23, nan 
76.625, 57.875, 2.014360286434598e-23, nan 
76.875, 57.875, 1.3180008245519804e-23, nan 
77.125, 57.875, 1.852169603984965e-23, nan 
77.375, 57.875, 2.6105909141696796e-23, nan 
77.625, 57.875, 3.877146733749085e-23, nan 
77.875, 57.875, 4.0351592215426105e-23, nan 
78.125, 57.875, 7.171452149933791e-23, nan 
78.375, 57.875, 6.780895977460215e-23, nan 
78.625, 57.875, 3.0501589669916186e-23, nan 
78.875, 57.875, 2.9165173662323665e-23, nan 
79.125, 57.875, 5.134870070332285e-23, nan 
79.375, 57.875, 5.17127215380913e-23, nan 
79.625, 57.875, 2.611152021053916e-23, nan 
79.875, 57.875, 2.5520616606720236e-23, nan 
80.125, 57.875, 2.5289077369923915e-23, nan 
80.375, 57.875, 3.34419788708283e-23, nan 
80.625, 57.875, 9.365636156459292e-23, nan 
80.875, 57.875, 1.1205121087652784e-22, nan 
81.125, 57.875, 6.954151880994786e-23, nan 
81.375, 57.875, 2.1193731007864912e-23, nan 
81.625, 57.875, 4.407469341062923e-23, nan 
81.875, 57.875, 4.955822518715073e-23, nan 
82.125, 57.875, 5.835600597502445e-23, nan 
82.375, 57.875, 1.095076850403539e-22, nan 
82.625, 57.875, 1.098489536388287e-22, nan 
82.875, 57.875, 5.081645491610218e-23, nan 
83.125, 57.875, 3.801346043752358e-23, nan 
83.375, 57.875, 3.6778160657224904e-23, nan 
83.625, 57.875, 2.5923218463444012e-23, nan 
83.875, 57.875, 1.9988703829878413e-23, nan 
84.125, 57.875, 2.5792837902799878e-23, nan 
84.375, 57.875, 3.1327082229682337e-23, nan 
84.625, 57.875, 5.350396711822189e-23, nan 
84.875, 57.875, 6.749525954759133e-23, nan 
85.125, 57.875, 6.826187909092796e-23, nan 
85.375, 57.875, 5.34283782678206e-23, nan 
85.625, 57.875, 2.40270804277535e-23, nan 
85.875, 57.875, 1.2311858759417716e-23, nan 
86.125, 57.875, 3.2590003046527744e-23, nan 
86.375, 57.875, 1.0110245540739048e-22, nan 
86.625, 57.875, 8.578524118777349e-23, nan 
86.875, 57.875, 2.573296443370378e-23, nan 
87.125, 57.875, 7.195092297484414e-23, nan 
87.375, 57.875, 1.6670734276974725e-22, nan 
87.625, 57.875, 1.7372327347215606e-22, nan 
87.875, 57.875, 9.778711389745537e-23, nan 
88.125, 57.875, 1.259934642678804e-22, nan 
88.375, 57.875, 1.4013986729779289e-22, nan 
88.625, 57.875, 9.94200758427004e-23, nan 
88.875, 57.875, 7.281090270942894e-23, nan 
89.125, 57.875, 1.110970919950236e-22, nan 
89.375, 57.875, 1.8177673420574236e-22, nan 
89.625, 57.875, 1.20371028542051e-22, nan 
89.875, 57.875, 1.4129526788034613e-22, nan 
90.125, 57.875, 1.215159296850089e-22, nan 
90.375, 57.875, 1.2308611487284846e-22, nan 
90.625, 57.875, 1.0154654037397292e-22, nan 
90.875, 57.875, 1.2105860414042555e-22, nan 
91.125, 57.875, 7.019309859956573e-23, nan 
91.375, 57.875, 3.250165984835078e-23, nan 
91.625, 57.875, 5.903185499655477e-23, nan 
91.875, 57.875, 6.184900040625679e-23, nan 
92.125, 57.875, 3.5419823788760667e-23, nan 
92.375, 57.875, 2.876288002245364e-23, nan 
92.625, 57.875, 5.975633363253485e-23, nan 
92.875, 57.875, 6.71366880336841e-23, nan 
93.125, 57.875, 1.1132204930163563e-22, nan 
93.375, 57.875, 1.5797776074784284e-22, nan 
93.625, 57.875, 1.1133642022046874e-22, nan 
93.875, 57.875, 2.6709758187729435e-22, nan 
94.125, 57.875, 2.9051390105108917e-22, nan 
94.375, 57.875, 2.227187495298432e-22, nan 
94.625, 57.875, 1.3991922546236097e-22, nan 
94.875, 57.875, 8.375950427353174e-23, nan 
95.125, 57.875, 9.308715876895204e-23, nan 
95.375, 57.875, 1.0565914368637335e-22, nan 
95.625, 57.875, 1.206891709123523e-22, nan 
95.875, 57.875, 1.4185492269489487e-22, nan 
96.125, 57.875, 1.8607532961004629e-22, nan 
96.375, 57.875, 1.5731739633532135e-22, nan 
96.625, 57.875, 2.489726603995317e-22, nan 
96.875, 57.875, 2.153320244522636e-22, nan 
97.125, 57.875, 1.0669867945720956e-22, nan 
97.375, 57.875, 1.3032206562410392e-22, nan 
97.625, 57.875, 1.2097899336310906e-22, nan 
97.875, 57.875, 1.301133044753911e-22, nan 
98.125, 57.875, 1.355713760804891e-22, nan 
98.375, 57.875, 1.6666782116480044e-22, nan 
98.625, 57.875, 2.1429102534444632e-22, nan 
98.875, 57.875, 2.1430034304944546e-22, nan 
99.125, 57.875, 2.2477599510822314e-22, nan 
99.375, 57.875, 4.73484459288135e-22, nan 
99.625, 57.875, 6.113152673689314e-22, nan 
99.875, 57.875, 4.381152224206893e-22, nan 
100.125, 57.875, 1.0289868772702789e-22, nan 
100.375, 57.875, 1.4548474617619384e-22, nan 
100.625, 57.875, 1.7888686157079837e-22, nan 
100.875, 57.875, 1.3027436821550445e-22, nan 
101.125, 57.875, 3.3715017180308485e-23, nan 
101.375, 57.875, 5.2617087633721914e-23, nan 
101.625, 57.875, 7.081684383101013e-23, nan 
101.875, 57.875, 9.9097577423879e-23, nan 
102.125, 57.875, 8.337360791013157e-23, nan 
102.375, 57.875, 9.992289546250761e-23, nan 
102.625, 57.875, 8.119931445068706e-22, nan 
102.875, 57.875, 8.89596476857365e-22, nan 
103.125, 57.875, 1.8940007338218774e-22, nan 
103.375, 57.875, 2.6453200230504235e-22, nan 
103.625, 57.875, 2.815140764219647e-22, nan 
103.875, 57.875, 2.1458509759748e-22, nan 
104.125, 57.875, 1.682104963114459e-22, nan 
104.375, 57.875, 1.451016119293797e-22, nan 
104.625, 57.875, 1.2994428542142599e-22, nan 
104.875, 57.875, 1.3498046204573755e-22, nan 
105.125, 57.875, 1.5033921975108533e-22, nan 
105.375, 57.875, 1.718193598481633e-22, nan 
105.625, 57.875, 1.2440101502407835e-22, nan 
105.875, 57.875, 1.2713612909555284e-22, nan 
106.125, 57.875, 1.5729431160737413e-22, nan 
106.375, 57.875, 1.0631016272714011e-22, nan 
106.625, 57.875, 1.2757312466924096e-22, nan 
106.875, 57.875, 2.2746020391893985e-22, nan 
107.125, 57.875, 2.018457479734412e-22, nan 
107.375, 57.875, 1.1521752613322658e-22, nan 
107.625, 57.875, 1.139116467331849e-22, nan 
107.875, 57.875, 8.372970970836113e-23, nan 
108.125, 57.875, 9.957685261206527e-23, nan 
108.375, 57.875, 9.249120707592782e-23, nan 
108.625, 57.875, 7.591571173168393e-23, nan 
108.875, 57.875, 1.4256571878570698e-22, nan 
109.125, 57.875, 8.917239432541074e-23, nan 
109.375, 57.875, 1.0909126942720951e-22, nan 
109.625, 57.875, 1.3341932216039626e-22, nan 
109.875, 57.875, 1.5809645343406874e-22, nan 
110.125, 57.875, 1.3708208216274285e-22, nan 
110.375, 57.875, 1.1450406324093756e-22, nan 
110.625, 57.875, 1.485033424655248e-22, nan 
110.875, 57.875, 1.3007043928682553e-22, nan 
111.125, 57.875, 1.4724055681798052e-22, nan 
111.375, 57.875, 1.3696330278593174e-22, nan 
111.625, 57.875, 1.817234649087714e-22, nan 
111.875, 57.875, 1.9085433928414104e-22, nan 
112.125, 57.875, 3.8086452731623217e-22, nan 
112.375, 57.875, 4.024118821584844e-22, nan 
112.625, 57.875, 1.8204020603309435e-22, nan 
112.875, 57.875, 8.598306069046615e-23, nan 
113.125, 57.875, 1.0804552178476195e-22, nan 
113.375, 57.875, 7.629664309304612e-23, nan 
113.625, 57.875, 2.275809208072044e-22, nan 
113.875, 57.875, 3.4710153888654397e-22, nan 
114.125, 57.875, 4.1739717314553905e-22, nan 
114.375, 57.875, 2.8900072409342443e-22, nan 
114.625, 57.875, 3.8913085568211033e-23, nan 
114.875, 57.875, 3.188588967116419e-23, nan 
115.125, 57.875, 1.0406175066193021e-22, nan 
115.375, 57.875, 1.2622917077079923e-22, nan 
115.625, 57.875, 1.0566194076924575e-22, nan 
115.875, 57.875, 6.969827011493914e-23, nan 
116.125, 57.875, 9.850473150951451e-23, nan 
116.375, 57.875, 9.176617155923541e-23, nan 
116.625, 57.875, 1.4373482581586977e-22, nan 
116.875, 57.875, 1.1692067554726271e-22, nan 
117.125, 57.875, 9.830755344520974e-23, nan 
117.375, 57.875, 8.593348164396027e-23, nan 
117.625, 57.875, 8.980252760405208e-23, nan 
117.875, 57.875, 6.163687977627544e-23, nan 
118.125, 57.875, 3.030984812953345e-23, nan 
118.375, 57.875, 4.1698892311045205e-23, nan 
118.625, 57.875, 4.1125108465280284e-23, nan 
118.875, 57.875, 1.9580997761714958e-22, nan 
119.125, 57.875, 2.134730466414854e-22, nan 
119.375, 57.875, 1.047811151693045e-22, nan 
119.625, 57.875, 1.7804530301706857e-22, nan 
119.875, 57.875, 1.6475086367500988e-22, nan 
120.125, 57.875, 6.703262387546132e-23, nan 
120.375, 57.875, 8.289441384436856e-23, nan 
120.625, 57.875, 7.163995438751108e-23, nan 
120.875, 57.875, 1.2811605553715301e-22, nan 
121.125, 57.875, 9.727128057343079e-23, nan 
121.375, 57.875, 4.1507787850264347e-23, nan 
121.625, 57.875, 4.095342648783679e-23, nan 
121.875, 57.875, 2.5487717852407504e-23, nan 
122.125, 57.875, 1.645326077809644e-23, nan 
122.375, 57.875, 1.2157261755997531e-23, nan 
122.625, 57.875, 9.10232426213593e-24, nan 
122.875, 57.875, 1.4111068164171218e-23, nan 
123.125, 57.875, 2.1686294472438385e-23, nan 
123.375, 57.875, 1.6625376127560065e-23, nan 
123.625, 57.875, 2.100146118939403e-23, nan 
123.875, 57.875, 8.41175051688462e-23, nan 
124.125, 57.875, 2.0808472523611214e-22, nan 
124.375, 57.875, 2.4033560734977497e-22, nan 
124.625, 57.875, 1.5965254733899088e-22, nan 
124.875, 57.875, 1.1919920726933585e-22, nan 
125.125, 57.875, 1.0778026719850927e-22, nan 
125.375, 57.875, 1.268025627488694e-22, nan 
125.625, 57.875, 1.4140667690327008e-22, nan 
125.875, 57.875, 1.033995155997161e-22, nan 
126.125, 57.875, 3.552819834374131e-23, nan 
126.375, 57.875, 3.132617553073591e-23, nan 
126.625, 57.875, 1.6853170266773428e-23, nan 
126.875, 57.875, 1.0346308274607898e-23, nan 
127.125, 57.875, 2.51850560078266e-23, nan 
127.375, 57.875, 5.411263208683972e-23, nan 
127.625, 57.875, 5.2082178097411586e-23, nan 
127.875, 57.875, 3.8114623784084395e-23, nan 
128.125, 57.875, 9.36746616179728e-23, nan 
128.375, 57.875, 1.1351351677313812e-22, nan 
128.625, 57.875, 1.108296720758851e-22, nan 
128.875, 57.875, 1.1095577072744163e-22, nan 
129.125, 57.875, 5.239467921502895e-23, nan 
129.375, 57.875, 3.3999826796879477e-23, nan 
129.625, 57.875, 3.149586575648241e-23, nan 
129.875, 57.875, 4.576100651033774e-23, nan 
130.125, 57.875, 3.8151082822147235e-23, nan 
130.375, 57.875, 4.5908725460153274e-23, nan 
130.625, 57.875, 3.9994271598754885e-23, nan 
130.875, 57.875, 1.783271783503004e-23, nan 
131.125, 57.875, 2.0195007613500494e-23, nan 
131.375, 57.875, 3.6871345813737064e-23, nan 
131.625, 57.875, 4.124215365260974e-23, nan 
131.875, 57.875, 2.55835315509172e-23, nan 
132.125, 57.875, 3.5335392434450523e-23, nan 
132.375, 57.875, 4.224711699526783e-23, nan 
132.625, 57.875, 1.4264237847745083e-23, nan 
132.875, 57.875, 9.113959190876293e-24, nan 
133.125, 57.875, 6.373298972452423e-24, nan 
133.375, 57.875, 6.939808404409363e-24, nan 
133.625, 57.875, 3.304296702927847e-23, nan 
133.875, 57.875, 3.4528327557330794e-23, nan 
134.125, 57.875, 3.4598528345874404e-23, nan 
134.375, 57.875, 3.490806444760928e-23, nan 
134.625, 57.875, 1.2735630872715978e-23, nan 
134.875, 57.875, 4.1335549136058396e-23, nan 
135.125, 57.875, 5.1288448428336046e-23, nan 
135.375, 57.875, 3.499446219229838e-23, nan 
135.625, 57.875, 3.226144376437529e-23, nan 
135.875, 57.875, 3.077892765308375e-23, nan 
136.125, 57.875, 2.170373194410493e-23, nan 
136.375, 57.875, 4.436468761892318e-23, nan 
136.625, 57.875, 5.272231281084793e-23, nan 
136.875, 57.875, 2.3997763163885947e-23, nan 
137.125, 57.875, 3.0654441509023626e-23, nan 
137.375, 57.875, 3.080782860846542e-23, nan 
137.625, 57.875, 1.4880457038720328e-23, nan 
137.875, 57.875, 1.8895853451039757e-23, nan 
138.125, 57.875, 3.003252093418489e-23, nan 
138.375, 57.875, 3.772524958929868e-23, nan 
138.625, 57.875, 2.179426852349077e-23, nan 
138.875, 57.875, 1.4341492906135958e-23, nan 
139.125, 57.875, 3.3943079896471444e-23, nan 
139.375, 57.875, 2.8716981716971984e-23, nan 
139.625, 57.875, 2.2894260463689085e-23, nan 
139.875, 57.875, 1.9903512455546253e-23, nan 
140.125, 57.875, 1.5507769646328868e-23, nan 
140.375, 57.875, 1.1323972798210378e-23, nan 
140.625, 57.875, 4.366085522885588e-23, nan 
140.875, 57.875, 4.5999910397981684e-23, nan 
141.125, 57.875, 2.4588569799450887e-23, nan 
141.375, 57.875, 1.4560525124450496e-23, nan 
141.625, 57.875, 1.2544243149685754e-23, nan 
141.875, 57.875, 1.400770013713187e-23, nan 
142.125, 57.875, 8.223234769973036e-24, nan 
142.375, 57.875, 3.51164166160297e-23, nan 
142.625, 57.875, 4.947842199657061e-23, nan 
142.875, 57.875, 3.415082924820066e-23, nan 
143.125, 57.875, 3.291962375027984e-23, nan 
143.375, 57.875, 2.948073694858422e-23, nan 
143.625, 57.875, 1.492438360353199e-23, nan 
143.875, 57.875, 1.0167111097490884e-23, nan 
144.125, 57.875, 1.7597167274239476e-23, nan 
144.375, 57.875, 1.9901719638081146e-23, nan 
144.625, 57.875, 1.555396339221991e-23, nan 
144.875, 57.875, 1.4059745798934654e-23, nan 
145.125, 57.875, 1.7654111599771263e-23, nan 
145.375, 57.875, 1.3694479896094832e-23, nan 
145.625, 57.875, 5.821567215587539e-24, nan 
145.875, 57.875, 5.066459226802494e-24, nan 
146.125, 57.875, 1.0678435041766835e-23, nan 
146.375, 57.875, 8.588943104552888e-24, nan 
146.625, 57.875, 1.2064297056826085e-23, nan 
146.875, 57.875, 1.6690704863157284e-23, nan 
147.125, 57.875, 9.045542263166629e-24, nan 
147.375, 57.875, 1.3156044084861917e-23, nan 
147.625, 57.875, 1.3939233751622062e-23, nan 
147.875, 57.875, 9.158266675967623e-24, nan 
148.125, 57.875, 9.268578400844958e-24, nan 
148.375, 57.875, 9.690565943853037e-24, nan 
148.625, 57.875, 7.528273363365706e-24, nan 
148.875, 57.875, 4.957680546446897e-24, nan 
149.125, 57.875, 5.05245233324504e-24, nan 
149.375, 57.875, 4.52096328169683e-24, nan 
149.625, 57.875, 6.817788303298986e-24, nan 
149.875, 57.875, 3.819870004488995e-24, nan 
150.125, 57.875, 4.392667937691592e-24, nan 
150.375, 57.875, 1.4743838413451842e-23, nan 
150.625, 57.875, 1.4132075603606574e-23, nan 
150.875, 57.875, 3.914389170058785e-24, nan 
151.125, 57.875, 4.298150364580569e-24, nan 
151.375, 57.875, 1.850198812602578e-24, nan 
151.625, 57.875, 6.852122159279375e-24, nan 
151.875, 57.875, 8.069004454420932e-24, nan 
152.125, 57.875, 9.070434069165276e-24, nan 
152.375, 57.875, 8.556219549773553e-24, nan 
152.625, 57.875, 8.733150553657185e-24, nan 
152.875, 57.875, 8.47499439222974e-24, nan 
153.125, 57.875, 4.780008532791376e-24, nan 
153.375, 57.875, 8.651568368752583e-24, nan 
153.625, 57.875, 1.0110690411859085e-23, nan 
153.875, 57.875, 4.831151563533368e-24, nan 
154.125, 57.875, 8.81987013759764e-24, nan 
154.375, 57.875, 7.881437732207572e-24, nan 
154.625, 57.875, 1.4987862184497924e-23, nan 
154.875, 57.875, 1.564311129913936e-23, nan 
155.125, 57.875, 4.633553911827795e-24, nan 
155.375, 57.875, 2.4045618781356072e-24, nan 
155.625, 57.875, 4.423991536656462e-24, nan 
155.875, 57.875, 3.240823399061036e-24, nan 
156.125, 57.875, 4.363260500700321e-24, nan 
156.375, 57.875, 6.653858860080207e-24, nan 
156.625, 57.875, 1.9147355598071432e-23, nan 
156.875, 57.875, 2.2990338663238805e-23, nan 
157.125, 57.875, 2.1039444355733149e-23, nan 
157.375, 57.875, 2.2398718600425896e-23, nan 
157.625, 57.875, 2.1790650610082092e-23, nan 
157.875, 57.875, 1.1865892982166059e-23, nan 
158.125, 57.875, 3.8575371048561945e-24, nan 
158.375, 57.875, 2.47378897301964e-24, nan 
158.625, 57.875, 4.5285928250995215e-25, nan 
158.875, 57.875, 1.3756050442435549e-24, nan 
159.125, 57.875, 1.6500391327458381e-24, nan 
159.375, 57.875, 1.5041409897027445e-24, nan 
159.625, 57.875, 2.2686764663034488e-24, nan 
159.875, 57.875, 1.5185995557469416e-24, nan 
160.125, 57.875, 1.4481813625374291e-24, nan 
160.375, 57.875, 2.2828833476296853e-24, nan 
160.625, 57.875, 5.454587412356076e-24, nan 
160.875, 57.875, 5.2885535367690994e-24, nan 
161.125, 57.875, 3.821483422095653e-24, nan 
161.375, 57.875, 4.833185937664546e-24, nan 
161.625, 57.875, 7.888374351385439e-24, nan 
161.875, 57.875, 1.2564538027838773e-23, nan 
162.125, 57.875, 9.165033517086159e-24, nan 
162.375, 57.875, 5.633304385954155e-24, nan 
162.625, 57.875, 7.866135247731613e-24, nan 
162.875, 57.875, 1.110997766636988e-23, nan 
163.125, 57.875, 1.6287684642747417e-23, nan 
163.375, 57.875, 1.5089516236112453e-23, nan 
163.625, 57.875, 8.273252263286099e-24, nan 
163.875, 57.875, 6.800720671313575e-24, nan 
164.125, 57.875, 6.489968326279439e-24, nan 
164.375, 57.875, 2.747208035897238e-24, nan 
164.625, 57.875, 1.1086168437491295e-24, nan 
164.875, 57.875, 1.445280196116369e-24, nan 
60.125, 58.125, 8.924720388712892e-24, nan 
60.375, 58.125, 2.106470217044515e-23, nan 
60.625, 58.125, 1.7476043347216666e-23, nan 
60.875, 58.125, 1.666360455886416e-23, nan 
61.125, 58.125, 2.5073514662643538e-23, nan 
61.375, 58.125, 4.0360787753100406e-23, nan 
61.625, 58.125, 3.667093982312741e-23, nan 
61.875, 58.125, 2.923695473021011e-22, nan 
62.125, 58.125, 4.0809419758770443e-22, nan 
62.375, 58.125, 2.1070861560927025e-22, nan 
62.625, 58.125, 1.1537523929471075e-22, nan 
62.875, 58.125, 5.385308904706884e-23, nan 
63.125, 58.125, 2.6119992384216925e-23, nan 
63.375, 58.125, 1.86119256374086e-23, nan 
63.625, 58.125, 1.940908483323074e-23, nan 
63.875, 58.125, 9.848103348533601e-24, nan 
64.125, 58.125, 7.637954907978648e-24, nan 
64.375, 58.125, 1.960650148134195e-24, nan 
64.625, 58.125, 3.365069620199003e-24, nan 
64.875, 58.125, 7.207754662942574e-24, nan 
65.125, 58.125, 7.761165020365988e-24, nan 
65.375, 58.125, 4.485606059788711e-24, nan 
65.625, 58.125, 4.332750398635514e-24, nan 
65.875, 58.125, 7.856262248352368e-24, nan 
66.125, 58.125, 1.2561208827323008e-23, nan 
66.375, 58.125, 1.8142397111431653e-23, nan 
66.625, 58.125, 2.2217808431957907e-23, nan 
66.875, 58.125, 2.5656005350612673e-23, nan 
67.125, 58.125, 2.932935274114763e-23, nan 
67.375, 58.125, 1.5494099643182826e-23, nan 
67.625, 58.125, 2.4334715515189766e-23, nan 
67.875, 58.125, 2.93586758865962e-23, nan 
68.125, 58.125, 2.257649117958744e-23, nan 
68.375, 58.125, 2.5014652133156996e-23, nan 
68.625, 58.125, 1.4895278060105502e-23, nan 
68.875, 58.125, 1.4816570742039363e-23, nan 
69.125, 58.125, 1.8514122609035337e-23, nan 
69.375, 58.125, 1.5651987007923473e-23, nan 
69.625, 58.125, 1.2506198474121158e-23, nan 
69.875, 58.125, 1.7975725302154856e-23, nan 
70.125, 58.125, 1.1727848347879383e-23, nan 
70.375, 58.125, 1.9267038387763045e-23, nan 
70.625, 58.125, 3.4652934814605325e-23, nan 
70.875, 58.125, 2.6637306020001296e-23, nan 
71.125, 58.125, 2.1322282715488724e-23, nan 
71.375, 58.125, 2.1004443068960763e-23, nan 
71.625, 58.125, 1.1562125220732513e-23, nan 
71.875, 58.125, 1.5686711480628976e-23, nan 
72.125, 58.125, 3.9730733413078577e-23, nan 
72.375, 58.125, 5.93253704357198e-23, nan 
72.625, 58.125, 6.582678660829252e-23, nan 
72.875, 58.125, 7.290941918415756e-23, nan 
73.125, 58.125, 8.246256221597583e-23, nan 
73.375, 58.125, 6.233237577462886e-23, nan 
73.625, 58.125, 4.0298023015627165e-23, nan 
73.875, 58.125, 2.6505752088571123e-23, nan 
74.125, 58.125, 3.523103134095074e-23, nan 
74.375, 58.125, 3.6829724651430408e-22, nan 
74.625, 58.125, 4.988728578818954e-22, nan 
74.875, 58.125, 2.6453343448172454e-22, nan 
75.125, 58.125, 2.4079681200274567e-23, nan 
75.375, 58.125, 2.813485691063188e-23, nan 
75.625, 58.125, 4.0683208774772044e-23, nan 
75.875, 58.125, 4.038401070606548e-23, nan 
76.125, 58.125, 2.2659234085327994e-23, nan 
76.375, 58.125, 3.1494065040138166e-23, nan 
76.625, 58.125, 3.463826659087492e-23, nan 
76.875, 58.125, 1.8135687563632233e-23, nan 
77.125, 58.125, 1.4649486867361772e-23, nan 
77.375, 58.125, 2.7825167030595707e-23, nan 
77.625, 58.125, 3.7574281575243217e-23, nan 
77.875, 58.125, 5.975573970832589e-23, nan 
78.125, 58.125, 6.702600799051724e-23, nan 
78.375, 58.125, 3.144655649775656e-23, nan 
78.625, 58.125, 2.4415029837001127e-23, nan 
78.875, 58.125, 1.1255479473645276e-23, nan 
79.125, 58.125, 4.568492155263543e-23, nan 
79.375, 58.125, 4.8417752764454133e-23, nan 
79.625, 58.125, 1.6837946400037913e-23, nan 
79.875, 58.125, 1.2571443090801615e-23, nan 
80.125, 58.125, 7.979156852802388e-23, nan 
80.375, 58.125, 1.0326232725134404e-22, nan 
80.625, 58.125, 1.2166463396250442e-22, nan 
80.875, 58.125, 1.3560053738805211e-22, nan 
81.125, 58.125, 1.2101182998382946e-22, nan 
81.375, 58.125, 8.053108406539853e-23, nan 
81.625, 58.125, 5.065847613070953e-23, nan 
81.875, 58.125, 5.466346576809356e-23, nan 
82.125, 58.125, 5.601740471690922e-23, nan 
82.375, 58.125, 3.8535772739008176e-23, nan 
82.625, 58.125, 1.0936162824613772e-22, nan 
82.875, 58.125, 1.2670014883656099e-22, nan 
83.125, 58.125, 7.416790529263482e-23, nan 
83.375, 58.125, 5.801615942533993e-23, nan 
83.625, 58.125, 4.390580523083622e-23, nan 
83.875, 58.125, 2.6405931301691555e-23, nan 
84.125, 58.125, 3.341917077160436e-23, nan 
84.375, 58.125, 4.6114970091099015e-23, nan 
84.625, 58.125, 5.764982377567951e-23, nan 
84.875, 58.125, 4.469671616786459e-23, nan 
85.125, 58.125, 6.433135584758799e-23, nan 
85.375, 58.125, 6.767312328896801e-23, nan 
85.625, 58.125, 4.7842891953850305e-23, nan 
85.875, 58.125, 9.428495696968692e-23, nan 
86.125, 58.125, 1.663276111479297e-22, nan 
86.375, 58.125, 2.0347794989094548e-22, nan 
86.625, 58.125, 2.0243116149843008e-22, nan 
86.875, 58.125, 1.5075564625971361e-22, nan 
87.125, 58.125, 4.2033071254204944e-23, nan 
87.375, 58.125, 6.678896415692816e-23, nan 
87.625, 58.125, 2.2070585369021444e-22, nan 
87.875, 58.125, 2.4401043550147234e-22, nan 
88.125, 58.125, 9.972383122083994e-23, nan 
88.375, 58.125, 8.427558214149865e-23, nan 
88.625, 58.125, 6.774467722865676e-23, nan 
88.875, 58.125, 1.0099813677030417e-22, nan 
89.125, 58.125, 1.9104119724511624e-22, nan 
89.375, 58.125, 2.509408251318435e-22, nan 
89.625, 58.125, 1.5838542239315112e-22, nan 
89.875, 58.125, 2.6655282454901756e-22, nan 
90.125, 58.125, 2.5110823813763913e-22, nan 
90.375, 58.125, 1.3678903150074552e-22, nan 
90.625, 58.125, 1.1185641084751339e-22, nan 
90.875, 58.125, 1.1747400732934567e-22, nan 
91.125, 58.125, 1.481981218103264e-22, nan 
91.375, 58.125, 1.2857038255200028e-22, nan 
91.625, 58.125, 5.569030902560614e-23, nan 
91.875, 58.125, 5.431871297523274e-23, nan 
92.125, 58.125, 8.085393615717433e-23, nan 
92.375, 58.125, 7.648366477527844e-23, nan 
92.625, 58.125, 7.717372332807363e-23, nan 
92.875, 58.125, 7.500074430739895e-23, nan 
93.125, 58.125, 6.872022632735142e-23, nan 
93.375, 58.125, 9.138273546852276e-23, nan 
93.625, 58.125, 7.147358001021563e-23, nan 
93.875, 58.125, 6.316750828910254e-23, nan 
94.125, 58.125, 9.786220014583393e-23, nan 
94.375, 58.125, 1.6841821840423153e-22, nan 
94.625, 58.125, 1.1983142626049546e-22, nan 
94.875, 58.125, 9.914773009446836e-23, nan 
95.125, 58.125, 9.624876124203797e-23, nan 
95.375, 58.125, 9.832844176026389e-23, nan 
95.625, 58.125, 1.4142984150372775e-22, nan 
95.875, 58.125, 1.6042840550201137e-22, nan 
96.125, 58.125, 2.4131385951216286e-22, nan 
96.375, 58.125, 2.3399207715214017e-22, nan 
96.625, 58.125, 1.8498770798629108e-22, nan 
96.875, 58.125, 1.08302586787495e-22, nan 
97.125, 58.125, 1.1344230462600073e-22, nan 
97.375, 58.125, 1.2413191935209068e-22, nan 
97.625, 58.125, 1.3274955260839936e-22, nan 
97.875, 58.125, 1.4678355324020263e-22, nan 
98.125, 58.125, 1.7435434569608046e-22, nan 
98.375, 58.125, 2.165733017509489e-22, nan 
98.625, 58.125, 2.283858193808154e-22, nan 
98.875, 58.125, 1.6993488853034384e-22, nan 
99.125, 58.125, 7.837212979520937e-22, nan 
99.375, 58.125, 8.234994383634677e-22, nan 
99.625, 58.125, 3.7822417904696527e-22, nan 
99.875, 58.125, 1.253614065863792e-22, nan 
100.125, 58.125, 1.1694534347104195e-22, nan 
100.375, 58.125, 8.866903329457071e-23, nan 
100.625, 58.125, 1.3981575884119788e-22, nan 
100.875, 58.125, 2.379480424716213e-22, nan 
101.125, 58.125, 2.272954808625383e-22, nan 
101.375, 58.125, 1.1546411776480458e-22, nan 
101.625, 58.125, 6.314537467203123e-23, nan 
101.875, 58.125, 1.169805385295198e-22, nan 
102.125, 58.125, 1.3625345411529918e-22, nan 
102.375, 58.125, 2.59133232514676e-22, nan 
102.625, 58.125, 9.707406054102858e-22, nan 
102.875, 58.125, 9.482972413380811e-22, nan 
103.125, 58.125, 3.4445685026452622e-22, nan 
103.375, 58.125, 3.117994543669295e-22, nan 
103.625, 58.125, 2.7828032541095394e-22, nan 
103.875, 58.125, 2.8867808920002352e-22, nan 
104.125, 58.125, 2.6813080927775726e-22, nan 
104.375, 58.125, 1.3878439317009155e-22, nan 
104.625, 58.125, 1.4235339194495143e-22, nan 
104.875, 58.125, 1.6522796497074217e-22, nan 
105.125, 58.125, 1.6575799367164762e-22, nan 
105.375, 58.125, 1.6423635270448658e-22, nan 
105.625, 58.125, 2.2993452356148394e-22, nan 
105.875, 58.125, 2.299816316981764e-22, nan 
106.125, 58.125, 2.372992242566508e-22, nan 
106.375, 58.125, 1.914588327205219e-22, nan 
106.625, 58.125, 1.2174793035589064e-22, nan 
106.875, 58.125, 9.711642781360055e-23, nan 
107.125, 58.125, 1.2963718267453313e-22, nan 
107.375, 58.125, 1.118172730247406e-22, nan 
107.625, 58.125, 1.1276798995601169e-22, nan 
107.875, 58.125, 8.141956534232197e-23, nan 
108.125, 58.125, 1.1179591399376492e-22, nan 
108.375, 58.125, 1.1556094398762468e-22, nan 
108.625, 58.125, 2.1603747033761523e-22, nan 
108.875, 58.125, 3.893401460233851e-22, nan 
109.125, 58.125, 3.5940502221849804e-22, nan 
109.375, 58.125, 3.849372845152181e-22, nan 
109.625, 58.125, 3.3986342022117427e-22, nan 
109.875, 58.125, 1.2677425757942961e-22, nan 
110.125, 58.125, 7.739700641659473e-23, nan 
110.375, 58.125, 9.313029610313757e-23, nan 
110.625, 58.125, 8.33977846598811e-23, nan 
110.875, 58.125, 1.053816418763042e-22, nan 
111.125, 58.125, 1.3238280212071315e-22, nan 
111.375, 58.125, 2.0183386163315313e-22, nan 
111.625, 58.125, 2.512528371340672e-22, nan 
111.875, 58.125, 1.9852336752647155e-22, nan 
112.125, 58.125, 5.64356647910109e-22, nan 
112.375, 58.125, 5.654204857116994e-22, nan 
112.625, 58.125, 1.4668724731223177e-22, nan 
112.875, 58.125, 1.2077685396029677e-22, nan 
113.125, 58.125, 9.884132785480671e-23, nan 
113.375, 58.125, 5.638920163302684e-23, nan 
113.625, 58.125, 8.39863200034614e-23, nan 
113.875, 58.125, 1.8113595741501102e-22, nan 
114.125, 58.125, 2.0964938978670357e-22, nan 
114.375, 58.125, 6.360964054035477e-23, nan 
114.625, 58.125, 3.2946044689272973e-23, nan 
114.875, 58.125, 5.202796113172226e-23, nan 
115.125, 58.125, 1.160370699020083e-22, nan 
115.375, 58.125, 1.4617521570282228e-22, nan 
115.625, 58.125, 1.4788192212140714e-22, nan 
115.875, 58.125, 1.7772206641880204e-22, nan 
116.125, 58.125, 1.640487537891651e-22, nan 
116.375, 58.125, 2.282762918676704e-22, nan 
116.625, 58.125, 2.3465818355521075e-22, nan 
116.875, 58.125, 1.9037570441253214e-22, nan 
117.125, 58.125, 8.935297253010997e-23, nan 
117.375, 58.125, 1.167892530455863e-22, nan 
117.625, 58.125, 7.478051182464829e-23, nan 
117.875, 58.125, 6.800969915439943e-23, nan 
118.125, 58.125, 5.121115260187258e-23, nan 
118.375, 58.125, 4.2241101105188575e-23, nan 
118.625, 58.125, 5.876832115396338e-23, nan 
118.875, 58.125, 9.610216559727437e-23, nan 
119.125, 58.125, 3.132287428408281e-22, nan 
119.375, 58.125, 3.047556976873863e-22, nan 
119.625, 58.125, 1.5777086465413155e-22, nan 
119.875, 58.125, 1.6049502180536726e-22, nan 
120.125, 58.125, 7.406318798796968e-23, nan 
120.375, 58.125, 1.4545407418931842e-22, nan 
120.625, 58.125, 1.2236813123703296e-22, nan 
120.875, 58.125, 4.843419050131988e-23, nan 
121.125, 58.125, 7.176396758134036e-23, nan 
121.375, 58.125, 5.877201768456203e-23, nan 
121.625, 58.125, 4.551486781592552e-23, nan 
121.875, 58.125, 4.3325137876144725e-23, nan 
122.125, 58.125, 2.8741370334831916e-23, nan 
122.375, 58.125, 2.5740639227064274e-23, nan 
122.625, 58.125, 2.803063445219422e-23, nan 
122.875, 58.125, 2.7511566794437635e-23, nan 
123.125, 58.125, 2.953404049008566e-23, nan 
123.375, 58.125, 1.7997933370600835e-23, nan 
123.625, 58.125, 3.2536243541928505e-23, nan 
123.875, 58.125, 6.907053157802461e-23, nan 
124.125, 58.125, 3.5059711114578994e-22, nan 
124.375, 58.125, 3.733365658991549e-22, nan 
124.625, 58.125, 8.651889579813055e-23, nan 
124.875, 58.125, 2.8650816916437805e-23, nan 
125.125, 58.125, 1.0851436105741782e-23, nan 
125.375, 58.125, 7.83156926018396e-23, nan 
125.625, 58.125, 2.144837143295984e-22, nan 
125.875, 58.125, 1.8037743052713867e-22, nan 
126.125, 58.125, 4.278172474327613e-23, nan 
126.375, 58.125, 1.8006990591905014e-23, nan 
126.625, 58.125, 2.202857894244992e-23, nan 
126.875, 58.125, 4.701980419325396e-23, nan 
127.125, 58.125, 3.768423275689275e-23, nan 
127.375, 58.125, 5.199184243486846e-23, nan 
127.625, 58.125, 5.743723748450235e-23, nan 
127.875, 58.125, 8.80127526151381e-23, nan 
128.125, 58.125, 1.605199113542656e-22, nan 
128.375, 58.125, 1.6938203182799806e-22, nan 
128.625, 58.125, 1.4169095118196366e-22, nan 
128.875, 58.125, 1.2021100238639928e-22, nan 
129.125, 58.125, 5.218466488265178e-23, nan 
129.375, 58.125, 2.2840157643874967e-23, nan 
129.625, 58.125, 6.458883276955026e-23, nan 
129.875, 58.125, 7.33071108463101e-23, nan 
130.125, 58.125, 5.846145437189301e-23, nan 
130.375, 58.125, 5.532374234619042e-23, nan 
130.625, 58.125, 2.456998989261717e-23, nan 
130.875, 58.125, 2.417894894057064e-23, nan 
131.125, 58.125, 2.0767649746407828e-23, nan 
131.375, 58.125, 3.5742347036280146e-23, nan 
131.625, 58.125, 3.3388510933832075e-23, nan 
131.875, 58.125, 3.03897804381219e-23, nan 
132.125, 58.125, 3.917546434821995e-23, nan 
132.375, 58.125, 1.879821430210334e-23, nan 
132.625, 58.125, 1.3868130404594334e-23, nan 
132.875, 58.125, 1.463458814856624e-23, nan 
133.125, 58.125, 6.846339949567856e-24, nan 
133.375, 58.125, 3.6639076046301135e-23, nan 
133.625, 58.125, 5.343356472929515e-23, nan 
133.875, 58.125, 4.142986005151091e-23, nan 
134.125, 58.125, 2.2976648453224978e-23, nan 
134.375, 58.125, 2.0740837575063954e-23, nan 
134.625, 58.125, 2.76220546368285e-23, nan 
134.875, 58.125, 4.732175532835309e-23, nan 
135.125, 58.125, 4.2507823417679993e-23, nan 
135.375, 58.125, 5.102708751772682e-23, nan 
135.625, 58.125, 5.233486630020819e-23, nan 
135.875, 58.125, 2.751658787071464e-23, nan 
136.125, 58.125, 1.9211442015405944e-23, nan 
136.375, 58.125, 3.156970204925201e-23, nan 
136.625, 58.125, 2.7622645538871383e-23, nan 
136.875, 58.125, 1.5056946624921818e-23, nan 
137.125, 58.125, 1.2462711531852011e-23, nan 
137.375, 58.125, 2.1667531966220046e-23, nan 
137.625, 58.125, 2.563088483911446e-23, nan 
137.875, 58.125, 3.660125665633558e-23, nan 
138.125, 58.125, 3.3737633176615817e-23, nan 
138.375, 58.125, 1.0093240665735915e-23, nan 
138.625, 58.125, 8.489692953080264e-24, nan 
138.875, 58.125, 2.7751055618533643e-23, nan 
139.125, 58.125, 2.7551826211373926e-23, nan 
139.375, 58.125, 1.9215851489285446e-23, nan 
139.625, 58.125, 2.6378786188081895e-23, nan 
139.875, 58.125, 2.9446026719100394e-23, nan 
140.125, 58.125, 2.347006413058303e-23, nan 
140.375, 58.125, 6.117202885036151e-23, nan 
140.625, 58.125, 6.443806911000841e-23, nan 
140.875, 58.125, 2.0217274429184204e-23, nan 
141.125, 58.125, 2.1557623546883785e-23, nan 
141.375, 58.125, 1.4001070249953005e-23, nan 
141.625, 58.125, 8.480901850405567e-24, nan 
141.875, 58.125, 1.7202363151316443e-23, nan 
142.125, 58.125, 1.7282042796613325e-23, nan 
142.375, 58.125, 2.4687640844310757e-23, nan 
142.625, 58.125, 2.804538649359927e-23, nan 
142.875, 58.125, 2.3129917911525974e-23, nan 
143.125, 58.125, 2.4198923548902242e-23, nan 
143.375, 58.125, 1.2318859148538715e-23, nan 
143.625, 58.125, 1.0037565671653763e-23, nan 
143.875, 58.125, 8.939527469846414e-24, nan 
144.125, 58.125, 2.0583610196250742e-23, nan 
144.375, 58.125, 2.011723432549307e-23, nan 
144.625, 58.125, 1.438588285501147e-23, nan 
144.875, 58.125, 1.5278570543435644e-23, nan 
145.125, 58.125, 1.5105284210004155e-23, nan 
145.375, 58.125, 8.827206240624127e-24, nan 
145.625, 58.125, 5.9273759863380144e-24, nan 
145.875, 58.125, 1.4344504612035215e-23, nan 
146.125, 58.125, 1.7052716308221895e-23, nan 
146.375, 58.125, 1.0750975007198979e-23, nan 
146.625, 58.125, 3.799501951924833e-24, nan 
146.875, 58.125, 8.59033647460692e-24, nan 
147.125, 58.125, 6.3963872735985456e-24, nan 
147.375, 58.125, 2.3348286147541654e-23, nan 
147.625, 58.125, 2.3676597317363812e-23, nan 
147.875, 58.125, 7.04605173698467e-24, nan 
148.125, 58.125, 5.9388372294388666e-24, nan 
148.375, 58.125, 8.522354733299955e-24, nan 
148.625, 58.125, 7.759860112924923e-24, nan 
148.875, 58.125, 5.501519345617642e-24, nan 
149.125, 58.125, 4.249456274469243e-24, nan 
149.375, 58.125, 3.472727747521334e-24, nan 
149.625, 58.125, 7.808771141674824e-24, nan 
149.875, 58.125, 6.857201301701357e-24, nan 
150.125, 58.125, 5.321964426517888e-24, nan 
150.375, 58.125, 1.3253229153305022e-23, nan 
150.625, 58.125, 1.5705407343353708e-23, nan 
150.875, 58.125, 8.868275553950997e-24, nan 
151.125, 58.125, 7.801978821844352e-24, nan 
151.375, 58.125, 5.702891358941933e-24, nan 
151.625, 58.125, 4.5481718282348904e-24, nan 
151.875, 58.125, 9.584463620088219e-24, nan 
152.125, 58.125, 9.563830782851565e-24, nan 
152.375, 58.125, 6.284062663384171e-24, nan 
152.625, 58.125, 7.183660899403429e-24, nan 
152.875, 58.125, 7.0585342155933e-24, nan 
153.125, 58.125, 9.260509059085846e-24, nan 
153.375, 58.125, 1.2461466971301147e-23, nan 
153.625, 58.125, 9.687621595382194e-24, nan 
153.875, 58.125, 1.1987609396724367e-23, nan 
154.125, 58.125, 1.2529950375666689e-23, nan 
154.375, 58.125, 4.1651195642826594e-24, nan 
154.625, 58.125, 1.2207606880710841e-23, nan 
154.875, 58.125, 1.2248177315789183e-23, nan 
155.125, 58.125, 4.962727946063249e-24, nan 
155.375, 58.125, 7.12269258379083e-24, nan 
155.625, 58.125, 9.073525302461434e-24, nan 
155.875, 58.125, 7.737302000313203e-24, nan 
156.125, 58.125, 6.3952779174815654e-24, nan 
156.375, 58.125, 1.1269506865177519e-23, nan 
156.625, 58.125, 1.5836421668050457e-23, nan 
156.875, 58.125, 1.5058930930659176e-23, nan 
157.125, 58.125, 1.8217438705788072e-23, nan 
157.375, 58.125, 1.5439053942951738e-23, nan 
157.625, 58.125, 9.52532934270451e-24, nan 
157.875, 58.125, 5.472828031717241e-24, nan 
158.125, 58.125, 3.0371872296637205e-24, nan 
158.375, 58.125, 1.6426727350750701e-24, nan 
158.625, 58.125, 1.8432749017794776e-24, nan 
158.875, 58.125, 6.5543090100831525e-24, nan 
159.125, 58.125, 4.351392103667327e-24, nan 
159.375, 58.125, 1.9687085457949254e-24, nan 
159.625, 58.125, 2.469937759753466e-24, nan 
159.875, 58.125, 1.5182876714778677e-24, nan 
160.125, 58.125, 1.1878705728516288e-24, nan 
160.375, 58.125, 3.512340844815353e-24, nan 
160.625, 58.125, 4.46778958354943e-24, nan 
160.875, 58.125, 2.17247822627601e-24, nan 
161.125, 58.125, 1.4370402071022298e-24, nan 
161.375, 58.125, 4.996323114161686e-24, nan 
161.625, 58.125, 2.0236981695069794e-23, nan 
161.875, 58.125, 2.1535845499755058e-23, nan 
162.125, 58.125, 9.842719261736771e-24, nan 
162.375, 58.125, 1.2907841383678492e-23, nan 
162.625, 58.125, 9.611597665426004e-24, nan 
162.875, 58.125, 4.502896012713677e-24, nan 
163.125, 58.125, 8.872914433293372e-24, nan 
163.375, 58.125, 6.214567709207124e-24, nan 
163.625, 58.125, 3.925373353628285e-24, nan 
163.875, 58.125, 4.381081336243139e-24, nan 
164.125, 58.125, 2.9815948055682256e-24, nan 
164.375, 58.125, 1.8854783670756376e-24, nan 
164.625, 58.125, 1.771729748161473e-24, nan 
164.875, 58.125, 3.0565924624739688e-24, nan 
165.125, 58.125, 2.8956013081870444e-24, nan 
165.375, 58.125, 6.87513942638017e-24, nan 
59.125, 58.375, 2.1834875960702134e-22, nan 
59.375, 58.375, 7.350529136720315e-23, nan 
59.625, 58.375, 5.334302618896487e-23, nan 
59.875, 58.375, 3.234306818658409e-23, nan 
60.125, 58.375, 2.3266777283354186e-23, nan 
60.375, 58.375, 2.557839980544575e-23, nan 
60.625, 58.375, 7.787515974201264e-24, nan 
60.875, 58.375, 8.393962664959792e-24, nan 
61.125, 58.375, 1.7504531756795186e-23, nan 
61.375, 58.375, 5.772552194934324e-23, nan 
61.625, 58.375, 6.637726510395071e-23, nan 
61.875, 58.375, 3.434172839018477e-23, nan 
62.125, 58.375, 1.8027565613827558e-22, nan 
62.375, 58.375, 8.154754784440681e-23, nan 
62.625, 58.375, 2.785567824792411e-23, nan 
62.875, 58.375, 2.204788673905329e-23, nan 
63.125, 58.375, 1.543914253734365e-23, nan 
63.375, 58.375, 1.3413262845353903e-23, nan 
63.625, 58.375, 2.029759995884144e-23, nan 
63.875, 58.375, 1.756291169371282e-23, nan 
64.125, 58.375, 1.0950971575099349e-23, nan 
64.375, 58.375, 8.94339715139369e-24, nan 
64.625, 58.375, 4.563377462247307e-24, nan 
64.875, 58.375, 4.325096552028305e-24, nan 
65.125, 58.375, 3.912489178413164e-24, nan 
65.375, 58.375, 8.292490122564364e-24, nan 
65.625, 58.375, 1.5748299835253338e-23, nan 
65.875, 58.375, 1.7054295362980439e-23, nan 
66.125, 58.375, 1.4407261107379802e-23, nan 
66.375, 58.375, 2.744804734814783e-23, nan 
66.625, 58.375, 2.7617422852394664e-23, nan 
66.875, 58.375, 2.0906533722209634e-23, nan 
67.125, 58.375, 5.144658957630178e-23, nan 
67.375, 58.375, 6.084784718315671e-23, nan 
67.625, 58.375, 3.291123171675596e-23, nan 
67.875, 58.375, 3.1059821621656914e-23, nan 
68.125, 58.375, 3.077909589276921e-23, nan 
68.375, 58.375, 2.1784343393750546e-23, nan 
68.625, 58.375, 1.9654366214139187e-23, nan 
68.875, 58.375, 2.469677299844544e-23, nan 
69.125, 58.375, 2.3974297490642857e-23, nan 
69.375, 58.375, 1.720497897342376e-23, nan 
69.625, 58.375, 1.897417467196581e-23, nan 
69.875, 58.375, 2.675252337529142e-23, nan 
70.125, 58.375, 4.755836051242959e-23, nan 
70.375, 58.375, 5.464495846468966e-23, nan 
70.625, 58.375, 5.379054575184697e-23, nan 
70.875, 58.375, 4.1322595029080346e-23, nan 
71.125, 58.375, 3.5221278300439524e-23, nan 
71.375, 58.375, 2.6357515189075803e-23, nan 
71.625, 58.375, 9.807236558994521e-24, nan 
71.875, 58.375, 3.439596884942364e-23, nan 
72.125, 58.375, 1.0242919167504465e-22, nan 
72.375, 58.375, 1.2528276495911801e-22, nan 
72.625, 58.375, 9.653161185055776e-23, nan 
72.875, 58.375, 6.711877426327772e-23, nan 
73.125, 58.375, 1.275505848762306e-22, nan 
73.375, 58.375, 1.1452319614457095e-22, nan 
73.625, 58.375, 6.910770050594937e-23, nan 
73.875, 58.375, 3.5310499573746025e-23, nan 
74.125, 58.375, 3.130580200146835e-23, nan 
74.375, 58.375, 5.238650306114175e-23, nan 
74.625, 58.375, 1.5892384326252416e-22, nan 
74.875, 58.375, 3.6197747103836866e-23, nan 
75.125, 58.375, 4.9264139038939195e-23, nan 
75.375, 58.375, 3.6303039942133217e-23, nan 
75.625, 58.375, 3.1942465275984995e-23, nan 
75.875, 58.375, 2.5430885856057275e-23, nan 
76.125, 58.375, 2.6187587842054214e-23, nan 
76.375, 58.375, 3.429093411071471e-23, nan 
76.625, 58.375, 4.319793779277049e-23, nan 
76.875, 58.375, 3.8584756283081045e-23, nan 
77.125, 58.375, 2.324461426100247e-23, nan 
77.375, 58.375, 7.656880953863571e-24, nan 
77.625, 58.375, 4.775451741295005e-23, nan 
77.875, 58.375, 5.868824428120539e-23, nan 
78.125, 58.375, 4.3050802807384323e-23, nan 
78.375, 58.375, 2.933378289656725e-23, nan 
78.625, 58.375, 2.278826191655536e-23, nan 
78.875, 58.375, 2.56601503809706e-23, nan 
79.125, 58.375, 2.8690938736985004e-23, nan 
79.375, 58.375, 2.9820551747417017e-23, nan 
79.625, 58.375, 7.117045145468743e-23, nan 
79.875, 58.375, 1.5693779778572853e-22, nan 
80.125, 58.375, 1.5105864453826753e-22, nan 
80.375, 58.375, 9.6093611116357e-23, nan 
80.625, 58.375, 9.044884047826531e-23, nan 
80.875, 58.375, 9.638139128256139e-23, nan 
81.125, 58.375, 1.0473022762250661e-22, nan 
81.375, 58.375, 1.1714583016258805e-22, nan 
81.625, 58.375, 1.177663737540391e-22, nan 
81.875, 58.375, 8.585699549771638e-23, nan 
82.125, 58.375, 8.246760509526441e-23, nan 
82.375, 58.375, 5.26887731044499e-23, nan 
82.625, 58.375, 4.9030037441601416e-23, nan 
82.875, 58.375, 1.0779274968229217e-22, nan 
83.125, 58.375, 1.0946097010950506e-22, nan 
83.375, 58.375, 1.0779481649909663e-22, nan 
83.625, 58.375, 9.243122133677285e-23, nan 
83.875, 58.375, 5.255167309317934e-23, nan 
84.125, 58.375, 6.381006440615283e-23, nan 
84.375, 58.375, 6.181182168273273e-23, nan 
84.625, 58.375, 2.3607979812997337e-23, nan 
84.875, 58.375, 3.766004580924163e-23, nan 
85.125, 58.375, 8.273760166811343e-23, nan 
85.375, 58.375, 7.549385955261006e-23, nan 
85.625, 58.375, 4.962470004615963e-23, nan 
85.875, 58.375, 5.811563653675215e-23, nan 
86.125, 58.375, 9.415439906017141e-23, nan 
86.375, 58.375, 1.3780424198028043e-22, nan 
86.625, 58.375, 1.206970769849648e-22, nan 
86.875, 58.375, 5.931356814882838e-23, nan 
87.125, 58.375, 7.641778777228316e-23, nan 
87.375, 58.375, 5.426159309454823e-23, nan 
87.625, 58.375, 7.387492021075153e-23, nan 
87.875, 58.375, 1.9170284228900961e-22, nan 
88.125, 58.375, 2.811803220859556e-22, nan 
88.375, 58.375, 3.0207284231687486e-22, nan 
88.625, 58.375, 1.395350948887739e-22, nan 
88.875, 58.375, 7.637255346696867e-23, nan 
89.125, 58.375, 1.3801225273459635e-22, nan 
89.375, 58.375, 1.6248937949913585e-22, nan 
89.625, 58.375, 1.5219216006660946e-22, nan 
89.875, 58.375, 1.985907477271491e-22, nan 
90.125, 58.375, 2.1341934219652966e-22, nan 
90.375, 58.375, 1.396164172055422e-22, nan 
90.625, 58.375, 1.479029438568006e-22, nan 
90.875, 58.375, 1.0474083968359159e-22, nan 
91.125, 58.375, 1.1341454798567795e-22, nan 
91.375, 58.375, 1.5338287724041682e-22, nan 
91.625, 58.375, 1.351377497533262e-22, nan 
91.875, 58.375, 1.0030393034025913e-22, nan 
92.125, 58.375, 1.0859564186440998e-22, nan 
92.375, 58.375, 1.2364877435455558e-22, nan 
92.625, 58.375, 1.5392824989512657e-22, nan 
92.875, 58.375, 1.3926873633225099e-22, nan 
93.125, 58.375, 1.1266506338834057e-22, nan 
93.375, 58.375, 8.223887009686913e-23, nan 
93.625, 58.375, 7.507119641393323e-23, nan 
93.875, 58.375, 7.268435290396082e-23, nan 
94.125, 58.375, 7.981904520900485e-23, nan 
94.375, 58.375, 7.708809374073364e-23, nan 
94.625, 58.375, 9.932790335836252e-23, nan 
94.875, 58.375, 9.461781363885694e-23, nan 
95.125, 58.375, 8.063954645294286e-23, nan 
95.375, 58.375, 1.4450734062103668e-22, nan 
95.625, 58.375, 1.8110976269861022e-22, nan 
95.875, 58.375, 1.6971768854890192e-22, nan 
96.125, 58.375, 1.935088244778335e-22, nan 
96.375, 58.375, 1.9726402658093203e-22, nan 
96.625, 58.375, 1.275875846509864e-22, nan 
96.875, 58.375, 1.245751559146152e-22, nan 
97.125, 58.375, 1.7071201280686832e-22, nan 
97.375, 58.375, 2.244220771048466e-22, nan 
97.625, 58.375, 1.9878836584543918e-22, nan 
97.875, 58.375, 1.4960704233897807e-22, nan 
98.125, 58.375, 2.0021537563391814e-22, nan 
98.375, 58.375, 2.4323431105930737e-22, nan 
98.625, 58.375, 1.8550948716252105e-22, nan 
98.875, 58.375, 9.278118068378388e-22, nan 
99.125, 58.375, 1.0124002272739732e-21, nan 
99.375, 58.375, 3.2388879007312915e-22, nan 
99.625, 58.375, 1.5051720858322646e-22, nan 
99.875, 58.375, 1.157238798279274e-22, nan 
100.125, 58.375, 2.397453393684157e-22, nan 
100.375, 58.375, 2.4120804888200056e-22, nan 
100.625, 58.375, 2.4387494698307776e-22, nan 
100.875, 58.375, 1.4794556293779008e-22, nan 
101.125, 58.375, 1.1826525252630248e-22, nan 
101.375, 58.375, 7.949067031440875e-23, nan 
101.625, 58.375, 8.126799847301057e-23, nan 
101.875, 58.375, 7.18379439352743e-23, nan 
102.125, 58.375, 1.5843247236644565e-22, nan 
102.375, 58.375, 6.215633131389136e-22, nan 
102.625, 58.375, 1.109765365415598e-21, nan 
102.875, 58.375, 9.377389003629467e-22, nan 
103.125, 58.375, 6.831969449610535e-22, nan 
103.375, 58.375, 6.613633602261187e-22, nan 
103.625, 58.375, 2.93709789096802e-22, nan 
103.875, 58.375, 2.3218831779663594e-22, nan 
104.125, 58.375, 2.368504924534829e-22, nan 
104.375, 58.375, 1.9702657566920658e-22, nan 
104.625, 58.375, 2.3546170946276705e-22, nan 
104.875, 58.375, 2.306090199191043e-22, nan 
105.125, 58.375, 1.1788845502880114e-22, nan 
105.375, 58.375, 1.9680012709935936e-22, nan 
105.625, 58.375, 2.8940175063119474e-22, nan 
105.875, 58.375, 2.75344949500337e-22, nan 
106.125, 58.375, 3.0901188851506357e-22, nan 
106.375, 58.375, 2.8026947474355625e-22, nan 
106.625, 58.375, 1.3103723828072007e-22, nan 
106.875, 58.375, 1.3129530553029132e-22, nan 
107.125, 58.375, 1.4631923409884225e-22, nan 
107.375, 58.375, 1.0710210400420498e-22, nan 
107.625, 58.375, 1.9087228514983986e-22, nan 
107.875, 58.375, 2.038517640468852e-22, nan 
108.125, 58.375, 1.4942594989216834e-22, nan 
108.375, 58.375, 1.7203008571861207e-22, nan 
108.625, 58.375, 1.5901048358921462e-22, nan 
108.875, 58.375, 1.4307451239940243e-22, nan 
109.125, 58.375, 2.514737865315753e-22, nan 
109.375, 58.375, 2.6135614068061343e-22, nan 
109.625, 58.375, 1.2375329221138664e-22, nan 
109.875, 58.375, 1.1141324240979506e-22, nan 
110.125, 58.375, 7.499711773000375e-23, nan 
110.375, 58.375, 6.606969801403764e-23, nan 
110.625, 58.375, 1.9026546104606026e-22, nan 
110.875, 58.375, 1.9402909551077053e-22, nan 
111.125, 58.375, 1.916968251425678e-22, nan 
111.375, 58.375, 2.338234003648868e-22, nan 
111.625, 58.375, 2.3927452658509376e-22, nan 
111.875, 58.375, 1.7178973698076614e-22, nan 
112.125, 58.375, 5.980103349395451e-22, nan 
112.375, 58.375, 6.331058326885835e-22, nan 
112.625, 58.375, 4.055275189350479e-22, nan 
112.875, 58.375, 1.428401693863837e-22, nan 
113.125, 58.375, 1.0807849010592264e-22, nan 
113.375, 58.375, 8.843435965485515e-23, nan 
113.625, 58.375, 6.161298272679578e-23, nan 
113.875, 58.375, 3.0204125516590696e-22, nan 
114.125, 58.375, 1.462394334904823e-22, nan 
114.375, 58.375, 9.358976630386735e-23, nan 
114.625, 58.375, 4.382212199725285e-23, nan 
114.875, 58.375, 4.2379065424071815e-23, nan 
115.125, 58.375, 7.706679753971395e-23, nan 
115.375, 58.375, 1.4759531985872566e-22, nan 
115.625, 58.375, 9.768190279419275e-23, nan 
115.875, 58.375, 1.6842870336716836e-22, nan 
116.125, 58.375, 1.931048761016911e-22, nan 
116.375, 58.375, 2.156046443161528e-22, nan 
116.625, 58.375, 1.0086794361772581e-22, nan 
116.875, 58.375, 3.6321633189187837e-22, nan 
117.125, 58.375, 2.68021794688111e-22, nan 
117.375, 58.375, 1.9756098718183787e-22, nan 
117.625, 58.375, 1.8129104138832765e-22, nan 
117.875, 58.375, 1.1109193823478082e-22, nan 
118.125, 58.375, 6.650183426437139e-23, nan 
118.375, 58.375, 8.975429676990291e-23, nan 
118.625, 58.375, 8.347059921915726e-23, nan 
118.875, 58.375, 1.1861950456324357e-22, nan 
119.125, 58.375, 3.4912563691523684e-22, nan 
119.375, 58.375, 3.401435943379374e-22, nan 
119.625, 58.375, 2.1503414128185114e-22, nan 
119.875, 58.375, 2.1354248008586358e-22, nan 
120.125, 58.375, 1.0118684932622297e-22, nan 
120.375, 58.375, 7.843318011998099e-23, nan 
120.625, 58.375, 7.703462323097205e-23, nan 
120.875, 58.375, 8.165385207989225e-23, nan 
121.125, 58.375, 8.888578945988113e-23, nan 
121.375, 58.375, 7.658623337899953e-23, nan 
121.625, 58.375, 4.385932281487502e-23, nan 
121.875, 58.375, 5.2530044691615655e-23, nan 
122.125, 58.375, 5.891493727487748e-23, nan 
122.375, 58.375, 5.105455009610419e-23, nan 
122.625, 58.375, 5.756879945895802e-23, nan 
122.875, 58.375, 5.259335600468906e-23, nan 
123.125, 58.375, 4.8010724085407733e-23, nan 
123.375, 58.375, 4.283850002787329e-23, nan 
123.625, 58.375, 5.917630837548553e-23, nan 
123.875, 58.375, 4.799729085334255e-23, nan 
124.125, 58.375, 5.797120499205173e-23, nan 
124.375, 58.375, 2.4407797304133466e-22, nan 
124.625, 58.375, 2.6735410046885323e-22, nan 
124.875, 58.375, 2.267853992630111e-22, nan 
125.125, 58.375, 2.1595556109569063e-22, nan 
125.375, 58.375, 2.432884847109429e-22, nan 
125.625, 58.375, 2.0086692326005382e-22, nan 
125.875, 58.375, 5.174420741737897e-23, nan 
126.125, 58.375, 2.958927303468521e-23, nan 
126.375, 58.375, 4.215536203801876e-23, nan 
126.625, 58.375, 5.923933845129688e-23, nan 
126.875, 58.375, 7.087524875458478e-23, nan 
127.125, 58.375, 6.193739274067691e-23, nan 
127.375, 58.375, 8.698871922712699e-23, nan 
127.625, 58.375, 9.170842172921224e-23, nan 
127.875, 58.375, 8.815760744262817e-23, nan 
128.125, 58.375, 6.635110927063495e-23, nan 
128.375, 58.375, 9.338117151834978e-23, nan 
128.625, 58.375, 1.0444796023213453e-22, nan 
128.875, 58.375, 2.5804375890346453e-23, nan 
129.125, 58.375, 5.49821712986279e-23, nan 
129.375, 58.375, 4.675061997469414e-23, nan 
129.625, 58.375, 6.904077112959824e-23, nan 
129.875, 58.375, 6.219544992248845e-23, nan 
130.125, 58.375, 9.857495914906965e-23, nan 
130.375, 58.375, 9.687134758158662e-23, nan 
130.625, 58.375, 3.0031498753525946e-23, nan 
130.875, 58.375, 3.0006489115067896e-23, nan 
131.125, 58.375, 2.404717992962663e-23, nan 
131.375, 58.375, 3.168612374166508e-23, nan 
131.625, 58.375, 3.291129127865219e-23, nan 
131.875, 58.375, 2.424156267498571e-23, nan 
132.125, 58.375, 3.346203948578423e-23, nan 
132.375, 58.375, 3.344280717096636e-23, nan 
132.625, 58.375, 1.9149464742785024e-23, nan 
132.875, 58.375, 2.2308285540535132e-23, nan 
133.125, 58.375, 3.3031662163831457e-23, nan 
133.375, 58.375, 5.1951340863136587e-23, nan 
133.625, 58.375, 5.362902006170485e-23, nan 
133.875, 58.375, 3.84424211461216e-23, nan 
134.125, 58.375, 2.3964874480624098e-23, nan 
134.375, 58.375, 3.878324657147759e-23, nan 
134.625, 58.375, 4.0495175168565666e-23, nan 
134.875, 58.375, 3.7200159126366756e-23, nan 
135.125, 58.375, 2.350098941951884e-23, nan 
135.375, 58.375, 4.3899529044481315e-23, nan 
135.625, 58.375, 3.9318065171311614e-23, nan 
135.875, 58.375, 1.3038377450038915e-23, nan 
136.125, 58.375, 5.755261410071458e-23, nan 
136.375, 58.375, 6.744103304502497e-23, nan 
136.625, 58.375, 2.670148196142458e-23, nan 
136.875, 58.375, 1.448467304514071e-23, nan 
137.125, 58.375, 1.9188429821085242e-23, nan 
137.375, 58.375, 1.947958636837099e-23, nan 
137.625, 58.375, 2.2919293935405153e-23, nan 
137.875, 58.375, 2.2316984256209415e-23, nan 
138.125, 58.375, 1.04822011294238e-23, nan 
138.375, 58.375, 1.279746550324953e-23, nan 
138.625, 58.375, 1.4757604555466828e-23, nan 
138.875, 58.375, 2.1399778252241114e-23, nan 
139.125, 58.375, 1.6716900304658248e-23, nan 
139.375, 58.375, 2.8283168032052e-23, nan 
139.625, 58.375, 4.060866976080799e-23, nan 
139.875, 58.375, 3.473674761852239e-23, nan 
140.125, 58.375, 4.7554146120506285e-23, nan 
140.375, 58.375, 6.151570689160814e-23, nan 
140.625, 58.375, 4.4065574885317176e-23, nan 
140.875, 58.375, 1.6886172258961722e-23, nan 
141.125, 58.375, 1.8608327658504056e-23, nan 
141.375, 58.375, 1.1773308623321403e-23, nan 
141.625, 58.375, 6.793323553195222e-24, nan 
141.875, 58.375, 2.5792093305021695e-23, nan 
142.125, 58.375, 2.0013538692961232e-23, nan 
142.375, 58.375, 1.1573739384158686e-23, nan 
142.625, 58.375, 3.3031557785439837e-23, nan 
142.875, 58.375, 3.140911050736998e-23, nan 
143.125, 58.375, 1.6695230071823767e-23, nan 
143.375, 58.375, 1.3415047594236813e-23, nan 
143.625, 58.375, 1.2553489041799297e-23, nan 
143.875, 58.375, 2.434411923919783e-23, nan 
144.125, 58.375, 3.07856763992261e-23, nan 
144.375, 58.375, 2.5101543155905212e-23, nan 
144.625, 58.375, 1.930787924688101e-23, nan 
144.875, 58.375, 1.0567779676012361e-23, nan 
145.125, 58.375, 8.934508601747053e-24, nan 
145.375, 58.375, 1.0224764924139666e-23, nan 
145.625, 58.375, 1.3556910942887835e-23, nan 
145.875, 58.375, 3.15915234688931e-23, nan 
146.125, 58.375, 3.467848225291112e-23, nan 
146.375, 58.375, 3.6603267251303793e-23, nan 
146.625, 58.375, 3.148587152935341e-23, nan 
146.875, 58.375, 1.4587391034639795e-23, nan 
147.125, 58.375, 1.0575726608221496e-23, nan 
147.375, 58.375, 1.8384451795730497e-23, nan 
147.625, 58.375, 1.9147337416095257e-23, nan 
147.875, 58.375, 7.846031858432614e-24, nan 
148.125, 58.375, 6.615747320221951e-24, nan 
148.375, 58.375, 5.025512589904484e-24, nan 
148.625, 58.375, 5.31535146330723e-24, nan 
148.875, 58.375, 4.188460196734708e-24, nan 
149.125, 58.375, 4.426314557132748e-24, nan 
149.375, 58.375, 5.349269557258662e-24, nan 
149.625, 58.375, 1.7588150069838556e-23, nan 
149.875, 58.375, 1.8981635376476523e-23, nan 
150.125, 58.375, 1.0742425823972239e-23, nan 
150.375, 58.375, 7.222121320344798e-24, nan 
150.625, 58.375, 1.1385535955409323e-23, nan 
150.875, 58.375, 1.2179874374881541e-23, nan 
151.125, 58.375, 1.3999447363654438e-23, nan 
151.375, 58.375, 1.5766178443125748e-23, nan 
151.625, 58.375, 1.255400366658919e-23, nan 
151.875, 58.375, 1.3512085905284884e-23, nan 
152.125, 58.375, 1.0353977286872647e-23, nan 
152.375, 58.375, 4.8672784844248336e-24, nan 
152.625, 58.375, 1.763930004473306e-24, nan 
152.875, 58.375, 5.121389560397802e-24, nan 
153.125, 58.375, 9.860046902741028e-24, nan 
153.375, 58.375, 9.074505015239991e-24, nan 
153.625, 58.375, 4.831462161569648e-24, nan 
153.875, 58.375, 1.439365042123945e-23, nan 
154.125, 58.375, 1.426818492422901e-23, nan 
154.375, 58.375, 4.371997626653721e-24, nan 
154.625, 58.375, 6.624273602661481e-24, nan 
154.875, 58.375, 9.91972675371972e-24, nan 
155.125, 58.375, 7.808773550216884e-24, nan 
155.375, 58.375, 7.109080233771745e-24, nan 
155.625, 58.375, 8.507538718980105e-24, nan 
155.875, 58.375, 9.471534147876613e-24, nan 
156.125, 58.375, 9.164131819300948e-24, nan 
156.375, 58.375, 7.190560163231117e-24, nan 
156.625, 58.375, 5.962542397475434e-24, nan 
156.875, 58.375, 9.791729355213082e-24, nan 
157.125, 58.375, 2.81594023497368e-23, nan 
157.375, 58.375, 2.5855307506428578e-23, nan 
157.625, 58.375, 6.841665154868714e-24, nan 
157.875, 58.375, 5.889332098486844e-24, nan 
158.125, 58.375, 2.380147760456113e-24, nan 
158.375, 58.375, 4.8797523797266344e-24, nan 
158.625, 58.375, 1.0183617880859279e-23, nan 
158.875, 58.375, 1.177698746955456e-23, nan 
159.125, 58.375, 1.0073935483919961e-23, nan 
159.375, 58.375, 8.17840244598089e-24, nan 
159.625, 58.375, 1.5332988921843198e-24, nan 
159.875, 58.375, 2.764423065914923e-24, nan 
160.125, 58.375, 2.4329389744589345e-24, nan 
160.375, 58.375, 5.341690124668712e-24, nan 
160.625, 58.375, 5.37912734238467e-24, nan 
160.875, 58.375, 2.9639846050613146e-24, nan 
161.125, 58.375, 1.797487737798251e-24, nan 
161.375, 58.375, 7.587314492913608e-24, nan 
161.625, 58.375, 1.0578581708590758e-23, nan 
161.875, 58.375, 8.267515470561764e-24, nan 
162.125, 58.375, 1.1347673980399948e-23, nan 
162.375, 58.375, 1.1245875120897949e-23, nan 
162.625, 58.375, 5.0998911449534945e-24, nan 
162.875, 58.375, 4.47889812405303e-24, nan 
163.125, 58.375, 4.90652832724705e-24, nan 
163.375, 58.375, 5.4993940844529634e-24, nan 
163.625, 58.375, 3.8750450000330094e-24, nan 
163.875, 58.375, 3.262720290185084e-24, nan 
164.125, 58.375, 3.357908612209279e-24, nan 
164.375, 58.375, 3.1252714216730194e-24, nan 
164.625, 58.375, 2.0174312171293494e-24, nan 
164.875, 58.375, 2.134727878521528e-24, nan 
165.125, 58.375, 5.652917327802383e-24, nan 
165.375, 58.375, 7.025704319772261e-24, nan 
165.625, 58.375, 1.867378165792604e-24, nan 
165.875, 58.375, 6.933749021533272e-24, nan 
58.375, 58.625, 4.3155558840690775e-23, nan 
58.625, 58.625, 4.222673045240572e-23, nan 
58.875, 58.625, 3.820547879319847e-23, nan 
59.125, 58.625, 5.257095262739773e-23, nan 
59.375, 58.625, 4.415505465558397e-23, nan 
59.625, 58.625, 3.3619706115771017e-23, nan 
59.875, 58.625, 1.991266705178323e-23, nan 
60.125, 58.625, 2.107385068136796e-23, nan 
60.375, 58.625, 1.6186736686925647e-23, nan 
60.625, 58.625, 8.37234412565669e-24, nan 
60.875, 58.625, 8.238925764838299e-24, nan 
61.125, 58.625, 5.734194749941572e-24, nan 
61.375, 58.625, 1.2797745119548808e-23, nan 
61.625, 58.625, 4.492122167961751e-23, nan 
61.875, 58.625, 5.828395256595444e-23, nan 
62.125, 58.625, 5.025549982703718e-23, nan 
62.375, 58.625, 4.1196082184304377e-23, nan 
62.625, 58.625, 4.1081177211216534e-23, nan 
62.875, 58.625, 2.6584585225573713e-23, nan 
63.125, 58.625, 2.5952032605007304e-23, nan 
63.375, 58.625, 2.1519120860207087e-23, nan 
63.625, 58.625, 2.1239157887005392e-23, nan 
63.875, 58.625, 1.2238588555390548e-23, nan 
64.125, 58.625, 9.723619673066102e-24, nan 
64.375, 58.625, 7.326703810367801e-24, nan 
64.625, 58.625, 1.4295524458843382e-23, nan 
64.875, 58.625, 1.2510510712724827e-23, nan 
65.125, 58.625, 6.398265686347336e-24, nan 
65.375, 58.625, 1.3949798895371013e-23, nan 
65.625, 58.625, 1.4862113679071768e-23, nan 
65.875, 58.625, 1.0198355362507606e-23, nan 
66.125, 58.625, 2.1587647448324446e-23, nan 
66.375, 58.625, 2.4649569577027818e-23, nan 
66.625, 58.625, 8.901434897459853e-24, nan 
66.875, 58.625, 9.862872954225261e-24, nan 
67.125, 58.625, 1.3732617802313233e-23, nan 
67.375, 58.625, 3.6217983739014885e-23, nan 
67.625, 58.625, 2.8132998946314136e-23, nan 
67.875, 58.625, 3.103642412546331e-23, nan 
68.125, 58.625, 2.62590011029816e-23, nan 
68.375, 58.625, 1.7054116511714577e-23, nan 
68.625, 58.625, 1.647721983327379e-23, nan 
68.875, 58.625, 2.0730526166602542e-23, nan 
69.125, 58.625, 2.479410330269015e-23, nan 
69.375, 58.625, 1.1045353011342623e-23, nan 
69.625, 58.625, 9.330991232799672e-24, nan 
69.875, 58.625, 1.0035084054988953e-23, nan 
70.125, 58.625, 3.140091602246817e-23, nan 
70.375, 58.625, 3.828334119617318e-23, nan 
70.625, 58.625, 3.780884367736291e-23, nan 
70.875, 58.625, 3.088359192628152e-23, nan 
71.125, 58.625, 1.9464788156197277e-23, nan 
71.375, 58.625, 1.2713608958562706e-23, nan 
71.625, 58.625, 1.2737170076848856e-23, nan 
71.875, 58.625, 2.0751807020335878e-23, nan 
72.125, 58.625, 1.7059051855997863e-23, nan 
72.375, 58.625, 4.9859230830953716e-23, nan 
72.625, 58.625, 8.102387840062818e-23, nan 
72.875, 58.625, 1.1071518185495737e-22, nan 
73.125, 58.625, 1.1388584477497435e-22, nan 
73.375, 58.625, 4.218026826522546e-23, nan 
73.625, 58.625, 3.668841377999136e-23, nan 
73.875, 58.625, 1.6179338761268674e-23, nan 
74.125, 58.625, 2.670951644654318e-23, nan 
74.375, 58.625, 2.8489099079056535e-23, nan 
74.625, 58.625, 2.0097431994314786e-23, nan 
74.875, 58.625, 9.890837666687158e-24, nan 
75.125, 58.625, 3.087299087758791e-23, nan 
75.375, 58.625, 3.385893008419202e-23, nan 
75.625, 58.625, 2.7255089583626957e-23, nan 
75.875, 58.625, 2.497039731920122e-23, nan 
76.125, 58.625, 2.0135883332721668e-23, nan 
76.375, 58.625, 4.698288724182703e-23, nan 
76.625, 58.625, 3.6672885680426205e-23, nan 
76.875, 58.625, 5.701794628704962e-23, nan 
77.125, 58.625, 4.805748455899408e-23, nan 
77.375, 58.625, 7.805520329891683e-23, nan 
77.625, 58.625, 9.05599318888772e-23, nan 
77.875, 58.625, 6.576580942979756e-23, nan 
78.125, 58.625, 3.0736456198995464e-23, nan 
78.375, 58.625, 1.3312978684883195e-23, nan 
78.625, 58.625, 3.458737026620053e-23, nan 
78.875, 58.625, 4.9907768358579135e-23, nan 
79.125, 58.625, 3.489440166669675e-23, nan 
79.375, 58.625, 1.6030409260166285e-22, nan 
79.625, 58.625, 1.952427442118815e-22, nan 
79.875, 58.625, 1.2545560911803821e-22, nan 
80.125, 58.625, 3.6623279180578095e-23, nan 
80.375, 58.625, 4.2120980280916893e-23, nan 
80.625, 58.625, 5.7557499738705e-23, nan 
80.875, 58.625, 9.191936599757702e-23, nan 
81.125, 58.625, 1.4130008990630192e-22, nan 
81.375, 58.625, 1.2980835000170904e-22, nan 
81.625, 58.625, 9.250649696869451e-23, nan 
81.875, 58.625, 9.102976933614904e-23, nan 
82.125, 58.625, 9.634267034057524e-23, nan 
82.375, 58.625, 8.900385514130624e-23, nan 
82.625, 58.625, 8.050103941636452e-23, nan 
82.875, 58.625, 7.161903984611676e-23, nan 
83.125, 58.625, 7.965087328845576e-23, nan 
83.375, 58.625, 1.3381049411992456e-22, nan 
83.625, 58.625, 1.7738038195585423e-22, nan 
83.875, 58.625, 2.0771333451318704e-22, nan 
84.125, 58.625, 1.729386473233658e-22, nan 
84.375, 58.625, 9.525504596350837e-23, nan 
84.625, 58.625, 8.989950103362446e-23, nan 
84.875, 58.625, 7.198972954502146e-23, nan 
85.125, 58.625, 8.722585560993494e-23, nan 
85.375, 58.625, 3.250825830436956e-23, nan 
85.625, 58.625, 3.1831748670382103e-23, nan 
85.875, 58.625, 3.725303894136035e-23, nan 
86.125, 58.625, 4.537630393806559e-23, nan 
86.375, 58.625, 5.053214565865713e-23, nan 
86.625, 58.625, 5.221286644292346e-23, nan 
86.875, 58.625, 1.3502834114806722e-22, nan 
87.125, 58.625, 1.6321162405218511e-22, nan 
87.375, 58.625, 1.204051697537915e-22, nan 
87.625, 58.625, 9.444074891146321e-23, nan 
87.875, 58.625, 5.0707125328671166e-23, nan 
88.125, 58.625, 9.591438060365442e-23, nan 
88.375, 58.625, 2.395136350984448e-22, nan 
88.625, 58.625, 2.68509190781215e-22, nan 
88.875, 58.625, 3.0364442400729703e-22, nan 
89.125, 58.625, 3.9466000604645935e-22, nan 
89.375, 58.625, 4.417360032988646e-22, nan 
89.625, 58.625, 2.7888715084199065e-22, nan 
89.875, 58.625, 2.125175021404085e-22, nan 
90.125, 58.625, 1.9252673887538278e-22, nan 
90.375, 58.625, 1.8686509665586372e-22, nan 
90.625, 58.625, 1.1354200557040794e-22, nan 
90.875, 58.625, 1.3083340642506318e-22, nan 
91.125, 58.625, 1.3721375326013475e-22, nan 
91.375, 58.625, 1.3419156255272158e-22, nan 
91.625, 58.625, 1.391308179817255e-22, nan 
91.875, 58.625, 1.521049187728597e-22, nan 
92.125, 58.625, 2.0120149085196054e-22, nan 
92.375, 58.625, 1.9336802483134037e-22, nan 
92.625, 58.625, 1.5395683628977538e-22, nan 
92.875, 58.625, 1.5067990391540482e-22, nan 
93.125, 58.625, 1.569578517780265e-22, nan 
93.375, 58.625, 1.6288035735788132e-22, nan 
93.625, 58.625, 1.2354777322720745e-22, nan 
93.875, 58.625, 1.0147839001335152e-22, nan 
94.125, 58.625, 1.1583465787753866e-22, nan 
94.375, 58.625, 1.313326219584219e-22, nan 
94.625, 58.625, 1.342637880191914e-22, nan 
94.875, 58.625, 1.1239253734091443e-22, nan 
95.125, 58.625, 1.3393607109578134e-22, nan 
95.375, 58.625, 1.54985075572748e-22, nan 
95.625, 58.625, 1.4162271439316073e-22, nan 
95.875, 58.625, 1.47693595947656e-22, nan 
96.125, 58.625, 1.0404438778278811e-22, nan 
96.375, 58.625, 8.788844728088904e-23, nan 
96.625, 58.625, 1.3055299564435199e-22, nan 
96.875, 58.625, 1.8106658601579167e-22, nan 
97.125, 58.625, 2.531592852139146e-22, nan 
97.375, 58.625, 2.7655887900441013e-22, nan 
97.625, 58.625, 1.6271222098975866e-22, nan 
97.875, 58.625, 2.0564291820601898e-22, nan 
98.125, 58.625, 2.1705638208165866e-22, nan 
98.375, 58.625, 1.6255624312049728e-22, nan 
98.625, 58.625, 6.399956976016071e-22, nan 
98.875, 58.625, 8.680249456617239e-22, nan 
99.125, 58.625, 5.2287149995173e-22, nan 
99.375, 58.625, 2.6897104163897094e-22, nan 
99.625, 58.625, 2.498621212141555e-22, nan 
99.875, 58.625, 2.0449171446846243e-22, nan 
100.125, 58.625, 1.767067570136043e-22, nan 
100.375, 58.625, 2.8120683530220937e-22, nan 
100.625, 58.625, 4.775008475441796e-22, nan 
100.875, 58.625, 4.259825436720633e-22, nan 
101.125, 58.625, 2.8303646461640964e-22, nan 
101.375, 58.625, 1.17652205090214e-22, nan 
101.625, 58.625, 1.1825977651193825e-22, nan 
101.875, 58.625, 8.806860077807398e-23, nan 
102.125, 58.625, 1.560481735459706e-22, nan 
102.375, 58.625, 4.41775396794001e-22, nan 
102.625, 58.625, 1.078685103958466e-21, nan 
102.875, 58.625, 1.0404277178104237e-21, nan 
103.125, 58.625, 3.1316690884264907e-22, nan 
103.375, 58.625, 4.53554756189899e-22, nan 
103.625, 58.625, 4.911733085405144e-22, nan 
103.875, 58.625, 2.6920016201990964e-22, nan 
104.125, 58.625, 2.5457756905569088e-22, nan 
104.375, 58.625, 2.8117193193233147e-22, nan 
104.625, 58.625, 2.1693912503434125e-22, nan 
104.875, 58.625, 2.272268285505045e-22, nan 
105.125, 58.625, 2.0804011036815277e-22, nan 
105.375, 58.625, 6.576175217291067e-23, nan 
105.625, 58.625, 8.992934947859803e-23, nan 
105.875, 58.625, 2.2066032815121435e-22, nan 
106.125, 58.625, 2.904584374246622e-22, nan 
106.375, 58.625, 2.439358489550277e-22, nan 
106.625, 58.625, 1.5187503562152892e-22, nan 
106.875, 58.625, 1.4467635785061387e-22, nan 
107.125, 58.625, 1.1176397230399105e-22, nan 
107.375, 58.625, 8.767878208079423e-23, nan 
107.625, 58.625, 7.503114633163205e-23, nan 
107.875, 58.625, 1.6676706635890433e-22, nan 
108.125, 58.625, 1.439529117581609e-22, nan 
108.375, 58.625, 1.751463583736343e-22, nan 
108.625, 58.625, 1.8031561667050206e-22, nan 
108.875, 58.625, 1.3378907250006539e-22, nan 
109.125, 58.625, 9.641258627941623e-23, nan 
109.375, 58.625, 8.970706405494187e-23, nan 
109.625, 58.625, 9.323978560889382e-23, nan 
109.875, 58.625, 1.4766094821545138e-22, nan 
110.125, 58.625, 1.3387811079136374e-22, nan 
110.375, 58.625, 3.2849309963105553e-22, nan 
110.625, 58.625, 3.443797060262282e-22, nan 
110.875, 58.625, 1.1575665451178974e-22, nan 
111.125, 58.625, 1.2672441346325442e-22, nan 
111.375, 58.625, 1.507631935645923e-22, nan 
111.625, 58.625, 3.4382210435991265e-22, nan 
111.875, 58.625, 4.753849442999476e-22, nan 
112.125, 58.625, 7.646906462442943e-22, nan 
112.375, 58.625, 6.749674043369519e-22, nan 
112.625, 58.625, 6.8451988915653e-22, nan 
112.875, 58.625, 5.564109942119868e-22, nan 
113.125, 58.625, 2.1071606272925165e-22, nan 
113.375, 58.625, 2.144842051427778e-22, nan 
113.625, 58.625, 6.666717233452121e-22, nan 
113.875, 58.625, 8.746019106829523e-22, nan 
114.125, 58.625, 4.290979523200675e-22, nan 
114.375, 58.625, 1.6843420871482675e-22, nan 
114.625, 58.625, 8.915550200768205e-23, nan 
114.875, 58.625, 1.0209946951384008e-22, nan 
115.125, 58.625, 1.381844445291728e-22, nan 
115.375, 58.625, 1.0340856645216198e-22, nan 
115.625, 58.625, 2.0729063826087775e-22, nan 
115.875, 58.625, 3.805545971776248e-22, nan 
116.125, 58.625, 3.2906531810859174e-22, nan 
116.375, 58.625, 9.208961867004175e-23, nan 
116.625, 58.625, 6.40018657127695e-22, nan 
116.875, 58.625, 1.0787009738442021e-21, nan 
117.125, 58.625, 8.43093247744372e-22, nan 
117.375, 58.625, 3.0056914721333317e-22, nan 
117.625, 58.625, 1.8627711561625824e-22, nan 
117.875, 58.625, 1.2419633546152687e-22, nan 
118.125, 58.625, 1.0868372047239436e-22, nan 
118.375, 58.625, 8.79205873193362e-23, nan 
118.625, 58.625, 5.0740102583343405e-23, nan 
118.875, 58.625, 5.867515012952582e-23, nan 
119.125, 58.625, 4.590870575205326e-22, nan 
119.375, 58.625, 4.996206571417901e-22, nan 
119.625, 58.625, 2.759553867316604e-22, nan 
119.875, 58.625, 2.791160089127328e-22, nan 
120.125, 58.625, 2.2593521222934853e-22, nan 
120.375, 58.625, 1.2858747393008196e-22, nan 
120.625, 58.625, 7.703968729153218e-23, nan 
120.875, 58.625, 7.60927589111574e-23, nan 
121.125, 58.625, 1.0648263331647245e-22, nan 
121.375, 58.625, 1.1749335126360902e-22, nan 
121.625, 58.625, 8.568846250623413e-23, nan 
121.875, 58.625, 6.085445898148257e-23, nan 
122.125, 58.625, 5.884301871396824e-23, nan 
122.375, 58.625, 6.065495147055126e-23, nan 
122.625, 58.625, 6.901320359648158e-23, nan 
122.875, 58.625, 7.484259106352371e-23, nan 
123.125, 58.625, 7.547824475894985e-23, nan 
123.375, 58.625, 7.641828913289272e-23, nan 
123.625, 58.625, 5.46020101650593e-23, nan 
123.875, 58.625, 5.317989166242801e-23, nan 
124.125, 58.625, 4.448626163446079e-23, nan 
124.375, 58.625, 6.996095488752993e-23, nan 
124.625, 58.625, 1.6760825567731474e-22, nan 
124.875, 58.625, 2.2466614064650477e-22, nan 
125.125, 58.625, 2.1116257734717203e-22, nan 
125.375, 58.625, 1.5851160935931676e-22, nan 
125.625, 58.625, 6.056688849082343e-23, nan 
125.875, 58.625, 2.912025169665971e-23, nan 
126.125, 58.625, 4.817259860682912e-23, nan 
126.375, 58.625, 5.261983545978718e-23, nan 
126.625, 58.625, 6.938128685555361e-23, nan 
126.875, 58.625, 7.086010542992779e-23, nan 
127.125, 58.625, 7.292106894996252e-23, nan 
127.375, 58.625, 8.715389535740132e-23, nan 
127.625, 58.625, 7.524666751456715e-23, nan 
127.875, 58.625, 4.167372067739591e-23, nan 
128.125, 58.625, 2.423030052127703e-23, nan 
128.375, 58.625, 4.605271749472802e-23, nan 
128.625, 58.625, 7.865881058364642e-23, nan 
128.875, 58.625, 6.706607017347975e-23, nan 
129.125, 58.625, 5.486514236790454e-23, nan 
129.375, 58.625, 6.585178752584908e-23, nan 
129.625, 58.625, 6.262247479803284e-23, nan 
129.875, 58.625, 2.9358988883301605e-23, nan 
130.125, 58.625, 8.216554590844896e-23, nan 
130.375, 58.625, 8.42412765330197e-23, nan 
130.625, 58.625, 4.003401877090066e-23, nan 
130.875, 58.625, 2.381582737534228e-23, nan 
131.125, 58.625, 2.2426405348001967e-23, nan 
131.375, 58.625, 4.076958063627748e-23, nan 
131.625, 58.625, 5.1121180776736436e-23, nan 
131.875, 58.625, 2.8983129805895005e-23, nan 
132.125, 58.625, 1.981361455750977e-23, nan 
132.375, 58.625, 3.226746282049841e-23, nan 
132.625, 58.625, 3.142602317335442e-23, nan 
132.875, 58.625, 4.454981497580309e-23, nan 
133.125, 58.625, 5.437104680743695e-23, nan 
133.375, 58.625, 4.808407075706284e-23, nan 
133.625, 58.625, 3.1871888665140367e-23, nan 
133.875, 58.625, 4.108120080015022e-23, nan 
134.125, 58.625, 4.287354275895978e-23, nan 
134.375, 58.625, 3.558914617087e-23, nan 
134.625, 58.625, 1.8367242770037298e-23, nan 
134.875, 58.625, 1.9490723579984212e-23, nan 
135.125, 58.625, 4.0478198337843514e-23, nan 
135.375, 58.625, 5.449826452554728e-23, nan 
135.625, 58.625, 2.988978826736607e-23, nan 
135.875, 58.625, 3.937044511425662e-23, nan 
136.125, 58.625, 4.521146391398421e-23, nan 
136.375, 58.625, 2.7899973548714156e-23, nan 
136.625, 58.625, 2.046852425010737e-23, nan 
136.875, 58.625, 2.2089585169465985e-23, nan 
137.125, 58.625, 1.6344514214301505e-23, nan 
137.375, 58.625, 1.9569840764565023e-23, nan 
137.625, 58.625, 1.3638595305256635e-23, nan 
137.875, 58.625, 1.515857197552575e-23, nan 
138.125, 58.625, 2.3390314211515906e-23, nan 
138.375, 58.625, 2.0167264728954824e-23, nan 
138.625, 58.625, 1.0102983648123041e-23, nan 
138.875, 58.625, 1.725742802486366e-23, nan 
139.125, 58.625, 1.7423225932760207e-23, nan 
139.375, 58.625, 5.963468421576292e-23, nan 
139.625, 58.625, 6.561838446415083e-23, nan 
139.875, 58.625, 7.910803307597856e-23, nan 
140.125, 58.625, 7.637982372227362e-23, nan 
140.375, 58.625, 3.6804232045258076e-23, nan 
140.625, 58.625, 1.3158308721975944e-23, nan 
140.875, 58.625, 1.2691922205668115e-23, nan 
141.125, 58.625, 1.6422547865968438e-23, nan 
141.375, 58.625, 1.5222618060778734e-23, nan 
141.625, 58.625, 3.1919056768352e-23, nan 
141.875, 58.625, 3.988295298103454e-23, nan 
142.125, 58.625, 2.629989764037358e-23, nan 
142.375, 58.625, 2.1364419323979913e-23, nan 
142.625, 58.625, 2.6909413717078275e-23, nan 
142.875, 58.625, 2.6067206144227277e-23, nan 
143.125, 58.625, 1.2953865074451497e-23, nan 
143.375, 58.625, 1.2867668253083758e-23, nan 
143.625, 58.625, 1.4143285229000646e-23, nan 
143.875, 58.625, 4.7405067020952353e-23, nan 
144.125, 58.625, 4.705280926623383e-23, nan 
144.375, 58.625, 2.0295790179686388e-23, nan 
144.625, 58.625, 1.833064824837767e-23, nan 
144.875, 58.625, 8.407594678921425e-24, nan 
145.125, 58.625, 9.442298143881202e-24, nan 
145.375, 58.625, 5.551474759538804e-24, nan 
145.625, 58.625, 9.408476273709297e-24, nan 
145.875, 58.625, 1.5312790686621266e-23, nan 
146.125, 58.625, 2.0786170304533425e-23, nan 
146.375, 58.625, 1.9908252509621358e-23, nan 
146.625, 58.625, 1.3871584005797155e-23, nan 
146.875, 58.625, 2.144457295197037e-23, nan 
147.125, 58.625, 1.6290986396984536e-23, nan 
147.375, 58.625, 4.464384526568589e-24, nan 
147.625, 58.625, 5.9659202289800035e-24, nan 
147.875, 58.625, 5.857346575429193e-24, nan 
148.125, 58.625, 9.097817971050167e-24, nan 
148.375, 58.625, 7.481814622002523e-24, nan 
148.625, 58.625, 3.898366347674359e-24, nan 
148.875, 58.625, 5.045288784492667e-24, nan 
149.125, 58.625, 4.051892246282378e-24, nan 
149.375, 58.625, 8.089496625471917e-24, nan 
149.625, 58.625, 2.4810297734412063e-23, nan 
149.875, 58.625, 2.926616191244085e-23, nan 
150.125, 58.625, 1.663383506539018e-23, nan 
150.375, 58.625, 1.2145551396516e-23, nan 
150.625, 58.625, 1.990250107250415e-23, nan 
150.875, 58.625, 2.005801510092261e-23, nan 
151.125, 58.625, 1.0735399185632506e-23, nan 
151.375, 58.625, 1.576867029271826e-23, nan 
151.625, 58.625, 2.4855656138404022e-23, nan 
151.875, 58.625, 2.2580954763354585e-23, nan 
152.125, 58.625, 4.419670425739974e-24, nan 
152.375, 58.625, 6.587363894655543e-24, nan 
152.625, 58.625, 8.714318596715475e-24, nan 
152.875, 58.625, 8.961735037115269e-24, nan 
153.125, 58.625, 6.73124748199854e-24, nan 
153.375, 58.625, 9.216686921948791e-24, nan 
153.625, 58.625, 1.6756505939739017e-23, nan 
153.875, 58.625, 1.3186227896537078e-23, nan 
154.125, 58.625, 5.924108806967219e-24, nan 
154.375, 58.625, 4.8228450874352176e-24, nan 
154.625, 58.625, 5.899875073849716e-24, nan 
154.875, 58.625, 7.301043031245327e-24, nan 
155.125, 58.625, 6.891716058575132e-24, nan 
155.375, 58.625, 5.990110504939597e-24, nan 
155.625, 58.625, 6.739472283935503e-24, nan 
155.875, 58.625, 8.557316898441739e-24, nan 
156.125, 58.625, 7.720826400181924e-24, nan 
156.375, 58.625, 5.6093893967571796e-24, nan 
156.625, 58.625, 7.363258051610597e-24, nan 
156.875, 58.625, 8.016525375273244e-24, nan 
157.125, 58.625, 2.1969915097833386e-23, nan 
157.375, 58.625, 1.8746179311722355e-23, nan 
157.625, 58.625, 4.9269881923459136e-24, nan 
157.875, 58.625, 5.574368979123315e-24, nan 
158.125, 58.625, 3.41942127450247e-24, nan 
158.375, 58.625, 5.908827930187751e-24, nan 
158.625, 58.625, 9.895814451748445e-24, nan 
158.875, 58.625, 1.1119155103578895e-23, nan 
159.125, 58.625, 8.689482628819462e-24, nan 
159.375, 58.625, 6.928441301630874e-24, nan 
159.625, 58.625, 4.839485835628489e-24, nan 
159.875, 58.625, 5.306554835781396e-24, nan 
160.125, 58.625, 4.715723611869395e-24, nan 
160.375, 58.625, 4.653467478829185e-24, nan 
160.625, 58.625, 2.2634212999093663e-24, nan 
160.875, 58.625, 1.6506123671880826e-24, nan 
161.125, 58.625, 1.8989046428154693e-24, nan 
161.375, 58.625, 2.4022825093090855e-24, nan 
161.625, 58.625, 1.1429031765298972e-23, nan 
161.875, 58.625, 1.2123259461817594e-23, nan 
162.125, 58.625, 8.98154363852794e-24, nan 
162.375, 58.625, 8.09471219798016e-24, nan 
162.625, 58.625, 6.516179312516932e-24, nan 
162.875, 58.625, 6.716097898746534e-24, nan 
163.125, 58.625, 6.950929784919976e-24, nan 
163.375, 58.625, 4.851214596775379e-24, nan 
163.625, 58.625, 2.2228423703476386e-24, nan 
163.875, 58.625, 3.604400164201315e-24, nan 
164.125, 58.625, 5.572472161362214e-24, nan 
164.375, 58.625, 5.028838771307245e-24, nan 
164.625, 58.625, 2.4960769161941035e-24, nan 
164.875, 58.625, 4.64719041761459e-24, nan 
165.125, 58.625, 4.1620083350929356e-24, nan 
165.375, 58.625, 9.089121957567231e-24, nan 
165.625, 58.625, 7.665057606053643e-24, nan 
165.875, 58.625, 5.487776533054547e-24, nan 
166.125, 58.625, 1.8576205251458438e-23, nan 
166.375, 58.625, 2.3265128959294629e-23, nan 
57.375, 58.875, 4.123927839683976e-24, nan 
57.625, 58.875, 5.272517847362841e-24, nan 
57.875, 58.875, 1.0091189968991277e-23, nan 
58.125, 58.875, 2.2954222298541303e-23, nan 
58.375, 58.875, 2.8902026259625397e-23, nan 
58.625, 58.875, 2.646899606613646e-23, nan 
58.875, 58.875, 4.1293270900693163e-23, nan 
59.125, 58.875, 4.593335393109884e-23, nan 
59.375, 58.875, 3.4743120552859686e-23, nan 
59.625, 58.875, 2.328284878573276e-23, nan 
59.875, 58.875, 2.1603229023897593e-23, nan 
60.125, 58.875, 1.7396583492447825e-23, nan 
60.375, 58.875, 1.1900970383299228e-23, nan 
60.625, 58.875, 7.505485671517165e-24, nan 
60.875, 58.875, 9.614670615513249e-24, nan 
61.125, 58.875, 1.0351798235391517e-23, nan 
61.375, 58.875, 1.0367471102029378e-23, nan 
61.625, 58.875, 2.060994639742725e-23, nan 
61.875, 58.875, 3.445269950717311e-23, nan 
62.125, 58.875, 4.8002257276765535e-23, nan 
62.375, 58.875, 3.81898446799503e-23, nan 
62.625, 58.875, 1.6900609585891664e-23, nan 
62.875, 58.875, 2.3152919711232264e-23, nan 
63.125, 58.875, 3.002086326153388e-23, nan 
63.375, 58.875, 2.4124335667699584e-23, nan 
63.625, 58.875, 2.051731182351269e-23, nan 
63.875, 58.875, 1.927677857089325e-23, nan 
64.125, 58.875, 1.7231460545918366e-23, nan 
64.375, 58.875, 8.524070383798267e-24, nan 
64.625, 58.875, 1.156234366889379e-23, nan 
64.875, 58.875, 9.143504473930884e-24, nan 
65.125, 58.875, 9.715406761364627e-24, nan 
65.375, 58.875, 1.13494306583693e-23, nan 
65.625, 58.875, 1.2461581413815952e-23, nan 
65.875, 58.875, 1.422510982523959e-23, nan 
66.125, 58.875, 1.3443823380173464e-23, nan 
66.375, 58.875, 5.381335239884498e-24, nan 
66.625, 58.875, 1.3364865668584675e-23, nan 
66.875, 58.875, 1.3892600040048864e-23, nan 
67.125, 58.875, 8.079378982829488e-24, nan 
67.375, 58.875, 7.871395598176306e-24, nan 
67.625, 58.875, 5.602833116449136e-24, nan 
67.875, 58.875, 5.865712018724979e-24, nan 
68.125, 58.875, 7.596061016829118e-24, nan 
68.375, 58.875, 1.7633338745845288e-23, nan 
68.625, 58.875, 2.2530669315836578e-23, nan 
68.875, 58.875, 1.975515899158476e-23, nan 
69.125, 58.875, 2.6255756704644142e-23, nan 
69.375, 58.875, 2.867484568235303e-23, nan 
69.625, 58.875, 1.8882124161798668e-23, nan 
69.875, 58.875, 5.4934048712355944e-24, nan 
70.125, 58.875, 6.639306968320139e-24, nan 
70.375, 58.875, 1.839178060941094e-23, nan 
70.625, 58.875, 1.6712064920395098e-23, nan 
70.875, 58.875, 2.327073745831333e-23, nan 
71.125, 58.875, 2.0641918774177423e-23, nan 
71.375, 58.875, 1.5894076144354865e-23, nan 
71.625, 58.875, 9.943244210235317e-24, nan 
71.875, 58.875, 2.551538598006683e-23, nan 
72.125, 58.875, 1.6927881299671682e-23, nan 
72.375, 58.875, 1.4413279024782377e-23, nan 
72.625, 58.875, 3.0079002470890207e-23, nan 
72.875, 58.875, 5.828048532951678e-23, nan 
73.125, 58.875, 2.3109938423972392e-23, nan 
73.375, 58.875, 2.84118888449411e-23, nan 
73.625, 58.875, 2.439403657796924e-23, nan 
73.875, 58.875, 1.887392859367309e-23, nan 
74.125, 58.875, 1.9023591288825798e-23, nan 
74.375, 58.875, 1.8582326061840505e-23, nan 
74.625, 58.875, 3.0657318215026854e-23, nan 
74.875, 58.875, 3.084422258371688e-23, nan 
75.125, 58.875, 2.9466053424799527e-23, nan 
75.375, 58.875, 2.715437347861571e-23, nan 
75.625, 58.875, 3.338070892502314e-23, nan 
75.875, 58.875, 4.4702185851722024e-23, nan 
76.125, 58.875, 6.870644409584002e-23, nan 
76.375, 58.875, 7.842899584218765e-23, nan 
76.625, 58.875, 4.615491574215806e-23, nan 
76.875, 58.875, 5.977906986729634e-23, nan 
77.125, 58.875, 4.228393581878089e-23, nan 
77.375, 58.875, 5.146418068737211e-23, nan 
77.625, 58.875, 4.5874729254031757e-23, nan 
77.875, 58.875, 9.717918227211917e-24, nan 
78.125, 58.875, 2.070071827122873e-23, nan 
78.375, 58.875, 1.865924001543086e-23, nan 
78.625, 58.875, 1.2896842241425553e-23, nan 
78.875, 58.875, 1.8095969456810033e-23, nan 
79.125, 58.875, 5.6343820993556086e-24, nan 
79.375, 58.875, 2.30179560690211e-22, nan 
79.625, 58.875, 2.7382306529553386e-22, nan 
79.875, 58.875, 4.158816669783978e-23, nan 
80.125, 58.875, 2.379756158930199e-23, nan 
80.375, 58.875, 3.622475971334164e-23, nan 
80.625, 58.875, 4.561701349463173e-23, nan 
80.875, 58.875, 1.1869959259540734e-22, nan 
81.125, 58.875, 1.9230500733769204e-22, nan 
81.375, 58.875, 1.8301893625561014e-22, nan 
81.625, 58.875, 8.369124411625301e-23, nan 
81.875, 58.875, 1.1846934174471547e-22, nan 
82.125, 58.875, 1.2637411565609551e-22, nan 
82.375, 58.875, 1.133594518401018e-22, nan 
82.625, 58.875, 1.2985468980173367e-22, nan 
82.875, 58.875, 9.2529690735324e-23, nan 
83.125, 58.875, 1.3759479437306858e-22, nan 
83.375, 58.875, 2.778889993984298e-22, nan 
83.625, 58.875, 2.9282918162650553e-22, nan 
83.875, 58.875, 2.483114813119672e-22, nan 
84.125, 58.875, 1.911212904927019e-22, nan 
84.375, 58.875, 5.616477468612889e-23, nan 
84.625, 58.875, 9.498792901786853e-23, nan 
84.875, 58.875, 9.106306459123914e-23, nan 
85.125, 58.875, 4.382435513773411e-23, nan 
85.375, 58.875, 4.140405159022548e-23, nan 
85.625, 58.875, 5.371963579200519e-23, nan 
85.875, 58.875, 3.946085670271602e-23, nan 
86.125, 58.875, 5.391852000524606e-23, nan 
86.375, 58.875, 8.778507423850696e-23, nan 
86.625, 58.875, 7.332566987794162e-23, nan 
86.875, 58.875, 5.488718788748588e-23, nan 
87.125, 58.875, 3.064490133494955e-23, nan 
87.375, 58.875, 4.6748002418329413e-23, nan 
87.625, 58.875, 9.562443942532755e-23, nan 
87.875, 58.875, 9.052178819246174e-23, nan 
88.125, 58.875, 7.015872458935377e-23, nan 
88.375, 58.875, 4.063913396131037e-23, nan 
88.625, 58.875, 8.221702374801467e-23, nan 
88.875, 58.875, 1.758349918544719e-22, nan 
89.125, 58.875, 3.536283286270047e-22, nan 
89.375, 58.875, 5.897619732372253e-22, nan 
89.625, 58.875, 5.813572563995304e-22, nan 
89.875, 58.875, 3.4222625685757905e-22, nan 
90.125, 58.875, 2.0606999824355277e-22, nan 
90.375, 58.875, 2.088667654917388e-22, nan 
90.625, 58.875, 1.8465640904180301e-22, nan 
90.875, 58.875, 1.5382924709207346e-22, nan 
91.125, 58.875, 1.5278942017223356e-22, nan 
91.375, 58.875, 1.4804339883082095e-22, nan 
91.625, 58.875, 1.2706215807949433e-22, nan 
91.875, 58.875, 1.440378171949535e-22, nan 
92.125, 58.875, 2.172106584302305e-22, nan 
92.375, 58.875, 2.9543612759550544e-22, nan 
92.625, 58.875, 2.869022282604357e-22, nan 
92.875, 58.875, 2.0030368370768192e-22, nan 
93.125, 58.875, 1.2284102756966573e-22, nan 
93.375, 58.875, 1.3834914342866411e-22, nan 
93.625, 58.875, 1.519751321631509e-22, nan 
93.875, 58.875, 1.4366499902916e-22, nan 
94.125, 58.875, 1.3701504234722215e-22, nan 
94.375, 58.875, 1.1666831862797101e-22, nan 
94.625, 58.875, 1.996857515963441e-22, nan 
94.875, 58.875, 1.8403619902020066e-22, nan 
95.125, 58.875, 1.2317424304755355e-22, nan 
95.375, 58.875, 2.1485990746145796e-22, nan 
95.625, 58.875, 2.2358894595355427e-22, nan 
95.875, 58.875, 2.7644481397299896e-22, nan 
96.125, 58.875, 2.432898676450547e-22, nan 
96.375, 58.875, 1.1398099796169096e-22, nan 
96.625, 58.875, 2.455840698647636e-22, nan 
96.875, 58.875, 2.287207462554192e-22, nan 
97.125, 58.875, 2.7543562377977444e-22, nan 
97.375, 58.875, 2.444224562724715e-22, nan 
97.625, 58.875, 2.182382605432264e-22, nan 
97.875, 58.875, 2.414276761779124e-22, nan 
98.125, 58.875, 2.257637143704783e-22, nan 
98.375, 58.875, 7.026067433387025e-22, nan 
98.625, 58.875, 9.930452292423726e-22, nan 
98.875, 58.875, 8.054565684643449e-22, nan 
99.125, 58.875, 2.5018909022813585e-22, nan 
99.375, 58.875, 1.525279320350249e-22, nan 
99.625, 58.875, 2.723554884017008e-22, nan 
99.875, 58.875, 3.2906239446885776e-22, nan 
100.125, 58.875, 3.392007892158113e-22, nan 
100.375, 58.875, 3.6587318118747596e-22, nan 
100.625, 58.875, 2.540938130846018e-22, nan 
100.875, 58.875, 2.543965783802569e-22, nan 
101.125, 58.875, 2.83754635137364e-22, nan 
101.375, 58.875, 3.3571339336640347e-22, nan 
101.625, 58.875, 1.824163628408511e-22, nan 
101.875, 58.875, 1.8173789884608818e-22, nan 
102.125, 58.875, 1.212065444205114e-22, nan 
102.375, 58.875, 4.808729294282932e-22, nan 
102.625, 58.875, 1.3955636480315412e-21, nan 
102.875, 58.875, 1.3709607073380943e-21, nan 
103.125, 58.875, 4.374794794821061e-22, nan 
103.375, 58.875, 3.5667507920695107e-22, nan 
103.625, 58.875, 4.092044632114756e-22, nan 
103.875, 58.875, 4.813041843391006e-22, nan 
104.125, 58.875, 3.6271989637536586e-22, nan 
104.375, 58.875, 2.37373204566409e-22, nan 
104.625, 58.875, 3.4632405256526896e-22, nan 
104.875, 58.875, 3.087299350514118e-22, nan 
105.125, 58.875, 2.6950268028882345e-22, nan 
105.375, 58.875, 2.265887822892801e-22, nan 
105.625, 58.875, 3.2876904267937793e-22, nan 
105.875, 58.875, 5.915933107541496e-22, nan 
106.125, 58.875, 4.996942706890345e-22, nan 
106.375, 58.875, 1.5338407204193815e-22, nan 
106.625, 58.875, 1.4018124308481865e-22, nan 
106.875, 58.875, 2.02942791828955e-22, nan 
107.125, 58.875, 1.7996715123468815e-22, nan 
107.375, 58.875, 1.3912474966175918e-22, nan 
107.625, 58.875, 2.0226087817741385e-22, nan 
107.875, 58.875, 2.0866418124438498e-22, nan 
108.125, 58.875, 1.6691363688348593e-22, nan 
108.375, 58.875, 1.602973556021631e-22, nan 
108.625, 58.875, 1.5654310336495164e-22, nan 
108.875, 58.875, 1.5142125660202223e-22, nan 
109.125, 58.875, 1.519799401213842e-22, nan 
109.375, 58.875, 1.5664275272551406e-22, nan 
109.625, 58.875, 1.5645124243975654e-22, nan 
109.875, 58.875, 1.81540679110741e-22, nan 
110.125, 58.875, 1.668989730628531e-22, nan 
110.375, 58.875, 2.345203736764717e-22, nan 
110.625, 58.875, 1.7211150907226402e-22, nan 
110.875, 58.875, 1.7548676929624787e-22, nan 
111.125, 58.875, 2.479321841020762e-22, nan 
111.375, 58.875, 2.6912232441342258e-22, nan 
111.625, 58.875, 3.5173789148572963e-22, nan 
111.875, 58.875, 3.96047872604099e-22, nan 
112.125, 58.875, 7.552268269307763e-22, nan 
112.375, 58.875, 8.158819613029546e-22, nan 
112.625, 58.875, 4.802954768058527e-22, nan 
112.875, 58.875, 2.2065685828549412e-22, nan 
113.125, 58.875, 9.570886714205827e-23, nan 
113.375, 58.875, 2.2323274991231857e-22, nan 
113.625, 58.875, 2.153820491753027e-22, nan 
113.875, 58.875, 3.453883313414022e-22, nan 
114.125, 58.875, 2.2098200218226085e-22, nan 
114.375, 58.875, 1.73148211393919e-22, nan 
114.625, 58.875, 1.3512085244336986e-22, nan 
114.875, 58.875, 1.695542842510728e-22, nan 
115.125, 58.875, 1.0455044400438688e-22, nan 
115.375, 58.875, 4.6748195797686767e-23, nan 
115.625, 58.875, 3.892668828850776e-23, nan 
115.875, 58.875, 1.3780614938075008e-22, nan 
116.125, 58.875, 2.439083826932869e-22, nan 
116.375, 58.875, 2.5003145493988582e-22, nan 
116.625, 58.875, 1.4533904153053662e-22, nan 
116.875, 58.875, 2.943193721549803e-22, nan 
117.125, 58.875, 2.0515921181999293e-22, nan 
117.375, 58.875, 1.5010076985936376e-22, nan 
117.625, 58.875, 9.662387749617526e-23, nan 
117.875, 58.875, 4.627770509409713e-23, nan 
118.125, 58.875, 7.42533665760962e-23, nan 
118.375, 58.875, 9.787895806115642e-23, nan 
118.625, 58.875, 5.387124617219944e-23, nan 
118.875, 58.875, 5.55662815390366e-23, nan 
119.125, 58.875, 9.495357450361761e-23, nan 
119.375, 58.875, 3.053839231672756e-22, nan 
119.625, 58.875, 3.0757256142477915e-22, nan 
119.875, 58.875, 1.7150362099446965e-22, nan 
120.125, 58.875, 1.4549616847213253e-22, nan 
120.375, 58.875, 1.550831500640593e-22, nan 
120.625, 58.875, 1.4441287570066595e-22, nan 
120.875, 58.875, 8.966594896697739e-23, nan 
121.125, 58.875, 6.249598742882409e-23, nan 
121.375, 58.875, 6.163183615461499e-23, nan 
121.625, 58.875, 7.079680853161599e-23, nan 
121.875, 58.875, 4.7760994772268513e-23, nan 
122.125, 58.875, 4.300388136142188e-23, nan 
122.375, 58.875, 3.407144006077416e-23, nan 
122.625, 58.875, 3.606199507336669e-23, nan 
122.875, 58.875, 5.33630886682853e-23, nan 
123.125, 58.875, 5.406674557941718e-23, nan 
123.375, 58.875, 6.886415731631271e-23, nan 
123.625, 58.875, 6.21174125802212e-23, nan 
123.875, 58.875, 6.30759768867028e-23, nan 
124.125, 58.875, 5.796907855357489e-23, nan 
124.375, 58.875, 4.78283612698905e-23, nan 
124.625, 58.875, 4.5121745260551736e-23, nan 
124.875, 58.875, 5.276548284030252e-23, nan 
125.125, 58.875, 5.741883537487392e-23, nan 
125.375, 58.875, 4.363692425534719e-23, nan 
125.625, 58.875, 5.779402760822231e-23, nan 
125.875, 58.875, 7.182888045233664e-23, nan 
126.125, 58.875, 5.585340271213015e-23, nan 
126.375, 58.875, 3.311751780260415e-23, nan 
126.625, 58.875, 7.674272707744665e-23, nan 
126.875, 58.875, 8.168099729272706e-23, nan 
127.125, 58.875, 6.848754563021404e-23, nan 
127.375, 58.875, 7.601371103459507e-23, nan 
127.625, 58.875, 9.874539562239325e-23, nan 
127.875, 58.875, 7.353827090194443e-23, nan 
128.125, 58.875, 4.345141122549943e-23, nan 
128.375, 58.875, 4.8857284366641014e-23, nan 
128.625, 58.875, 6.644254038865508e-23, nan 
128.875, 58.875, 7.142114645153828e-23, nan 
129.125, 58.875, 8.713354583670381e-23, nan 
129.375, 58.875, 8.676063414047924e-23, nan 
129.625, 58.875, 5.53672981428976e-23, nan 
129.875, 58.875, 1.2550525672931868e-22, nan 
130.125, 58.875, 1.277085105195057e-22, nan 
130.375, 58.875, 4.9085840881594373e-23, nan 
130.625, 58.875, 2.1308436785608538e-23, nan 
130.875, 58.875, 1.3352843718698884e-23, nan 
131.125, 58.875, 1.6381587175128062e-23, nan 
131.375, 58.875, 3.3509120348049344e-23, nan 
131.625, 58.875, 3.4986243924592567e-23, nan 
131.875, 58.875, 3.368587764231448e-23, nan 
132.125, 58.875, 3.6961052871548474e-23, nan 
132.375, 58.875, 3.278200672546732e-23, nan 
132.625, 58.875, 3.2254056339052735e-23, nan 
132.875, 58.875, 3.148329583232935e-23, nan 
133.125, 58.875, 5.2316467448389397e-23, nan 
133.375, 58.875, 3.599373899844191e-23, nan 
133.625, 58.875, 4.211201328040931e-23, nan 
133.875, 58.875, 5.1264779935333647e-23, nan 
134.125, 58.875, 4.250770363896226e-23, nan 
134.375, 58.875, 3.271542922303067e-23, nan 
134.625, 58.875, 2.75007171690814e-23, nan 
134.875, 58.875, 2.958617948518871e-23, nan 
135.125, 58.875, 3.973359287538535e-23, nan 
135.375, 58.875, 6.917346132979049e-23, nan 
135.625, 58.875, 5.663262158585205e-23, nan 
135.875, 58.875, 9.818800834278226e-24, nan 
136.125, 58.875, 1.883640818358404e-23, nan 
136.375, 58.875, 2.558593534187228e-23, nan 
136.625, 58.875, 1.8230420306435828e-23, nan 
136.875, 58.875, 2.2419554216463918e-23, nan 
137.125, 58.875, 2.1721010195821588e-23, nan 
137.375, 58.875, 2.121975070735262e-23, nan 
137.625, 58.875, 2.2551795261350955e-23, nan 
137.875, 58.875, 2.605410794683105e-23, nan 
138.125, 58.875, 3.5399626236484974e-23, nan 
138.375, 58.875, 3.161863962877643e-23, nan 
138.625, 58.875, 9.859188537330377e-24, nan 
138.875, 58.875, 3.8971522701990716e-23, nan 
139.125, 58.875, 3.620265781854252e-23, nan 
139.375, 58.875, 2.870155914624395e-23, nan 
139.625, 58.875, 3.962019496295169e-23, nan 
139.875, 58.875, 4.673687899648178e-23, nan 
140.125, 58.875, 2.822782489243926e-23, nan 
140.375, 58.875, 2.5238672949704844e-23, nan 
140.625, 58.875, 3.6339035837609376e-23, nan 
140.875, 58.875, 2.991759622838725e-23, nan 
141.125, 58.875, 3.6640404267800455e-23, nan 
141.375, 58.875, 2.0644198614817423e-23, nan 
141.625, 58.875, 1.5286408154940555e-23, nan 
141.875, 58.875, 2.216061614591169e-23, nan 
142.125, 58.875, 1.9475368899830477e-23, nan 
142.375, 58.875, 1.7003670769155527e-23, nan 
142.625, 58.875, 2.3406917267018043e-23, nan 
142.875, 58.875, 1.8266278988280104e-23, nan 
143.125, 58.875, 8.172998399018562e-24, nan 
143.375, 58.875, 2.856014091034789e-24, nan 
143.625, 58.875, 1.1709576692989267e-23, nan 
143.875, 58.875, 3.6850544899497483e-23, nan 
144.125, 58.875, 3.42073346324969e-23, nan 
144.375, 58.875, 1.4992203840985348e-23, nan 
144.625, 58.875, 7.613286648140522e-24, nan 
144.875, 58.875, 6.770947976740061e-24, nan 
145.125, 58.875, 6.4504582191001566e-24, nan 
145.375, 58.875, 4.8095335162912e-24, nan 
145.625, 58.875, 6.0124336939451964e-24, nan 
145.875, 58.875, 7.645970586397796e-24, nan 
146.125, 58.875, 7.210810277367466e-24, nan 
146.375, 58.875, 1.2271538394206918e-23, nan 
146.625, 58.875, 2.3706220767871758e-23, nan 
146.875, 58.875, 2.3666806315465012e-23, nan 
147.125, 58.875, 7.75954584735722e-24, nan 
147.375, 58.875, 2.7147277142276183e-24, nan 
147.625, 58.875, 3.656374591660953e-24, nan 
147.875, 58.875, 5.3109228677988345e-24, nan 
148.125, 58.875, 6.1651957072424005e-24, nan 
148.375, 58.875, 7.496198575203409e-24, nan 
148.625, 58.875, 1.0986047936780475e-23, nan 
148.875, 58.875, 1.2686928396376842e-23, nan 
149.125, 58.875, 6.05034344918921e-24, nan 
149.375, 58.875, 6.5056101209047655e-24, nan 
149.625, 58.875, 9.900709405532244e-24, nan 
149.875, 58.875, 1.840013521601644e-23, nan 
150.125, 58.875, 1.34903585081609e-23, nan 
150.375, 58.875, 9.438869625085972e-24, nan 
150.625, 58.875, 1.2515745180071229e-23, nan 
150.875, 58.875, 6.793496142232947e-24, nan 
151.125, 58.875, 1.2547706043095208e-23, nan 
151.375, 58.875, 1.8668311987981195e-23, nan 
151.625, 58.875, 1.4110097592153328e-23, nan 
151.875, 58.875, 1.2076237319407736e-23, nan 
152.125, 58.875, 8.532833852129937e-24, nan 
152.375, 58.875, 1.917032408557095e-23, nan 
152.625, 58.875, 1.8557428697993366e-23, nan 
152.875, 58.875, 1.347819163584786e-23, nan 
153.125, 58.875, 9.382911127845463e-24, nan 
153.375, 58.875, 1.0076675023098124e-23, nan 
153.625, 58.875, 1.5324939700872653e-23, nan 
153.875, 58.875, 6.976876395939696e-24, nan 
154.125, 58.875, 4.879844192833318e-24, nan 
154.375, 58.875, 4.9261962701088906e-24, nan 
154.625, 58.875, 8.043591142629029e-24, nan 
154.875, 58.875, 9.983034211070855e-24, nan 
155.125, 58.875, 7.05642482249853e-24, nan 
155.375, 58.875, 5.8927178636838074e-24, nan 
155.625, 58.875, 4.688634854906051e-24, nan 
155.875, 58.875, 4.3962879129529735e-24, nan 
156.125, 58.875, 1.7634234104905846e-23, nan 
156.375, 58.875, 2.2655376691899413e-23, nan 
156.625, 58.875, 3.507481236514242e-23, nan 
156.875, 58.875, 3.0665133282268395e-23, nan 
157.125, 58.875, 1.0310920752188765e-23, nan 
157.375, 58.875, 4.255177648869746e-24, nan 
157.625, 58.875, 1.03626385303677e-23, nan 
157.875, 58.875, 1.192635397778446e-23, nan 
158.125, 58.875, 7.841607389947307e-24, nan 
158.375, 58.875, 2.957604434596676e-24, nan 
158.625, 58.875, 2.8859690405436297e-24, nan 
158.875, 58.875, 7.348785601083267e-24, nan 
159.125, 58.875, 5.718095587755592e-24, nan 
159.375, 58.875, 3.892635014743499e-24, nan 
159.625, 58.875, 3.366829431376235e-24, nan 
159.875, 58.875, 3.2343218827792768e-24, nan 
160.125, 58.875, 2.9311287240494353e-24, nan 
160.375, 58.875, 3.5973892050637254e-24, nan 
160.625, 58.875, 2.992003596560072e-24, nan 
160.875, 58.875, 1.6611516979780525e-24, nan 
161.125, 58.875, 1.562630304095557e-24, nan 
161.375, 58.875, 5.895625043900096e-24, nan 
161.625, 58.875, 5.4513739066269896e-24, nan 
161.875, 58.875, 4.954836002781792e-24, nan 
162.125, 58.875, 4.502741940969255e-24, nan 
162.375, 58.875, 8.250154463529022e-24, nan 
162.625, 58.875, 6.744761099476923e-24, nan 
162.875, 58.875, 4.272183925065797e-24, nan 
163.125, 58.875, 4.600097194679796e-24, nan 
163.375, 58.875, 2.6941726420238186e-24, nan 
163.625, 58.875, 2.8121466581874595e-24, nan 
163.875, 58.875, 2.78270478372628e-24, nan 
164.125, 58.875, 2.5549019639020404e-24, nan 
164.375, 58.875, 5.0068984128247074e-24, nan 
164.625, 58.875, 6.59261358916079e-24, nan 
164.875, 58.875, 1.1352792983922888e-23, nan 
165.125, 58.875, 1.1414766735517987e-23, nan 
165.375, 58.875, 8.698242772057216e-24, nan 
165.625, 58.875, 2.592156128466512e-24, nan 
165.875, 58.875, 5.483845134263511e-24, nan 
166.125, 58.875, 7.868264860382216e-24, nan 
166.375, 58.875, 1.465559015432803e-23, nan 
166.625, 58.875, 1.085637358171503e-23, nan 
166.875, 58.875, 3.337576807426973e-23, nan 
56.375, 59.125, 2.007976184329322e-23, nan 
56.625, 59.125, 2.961929860994773e-23, nan 
56.875, 59.125, 2.486440502617687e-23, nan 
57.125, 59.125, 1.5386001736440313e-23, nan 
57.375, 59.125, 2.4759892967561285e-23, nan 
57.625, 59.125, 1.6522618133845427e-23, nan 
57.875, 59.125, 9.377482483282586e-24, nan 
58.125, 59.125, 8.874517691990853e-24, nan 
58.375, 59.125, 1.4994464920648734e-23, nan 
58.625, 59.125, 2.1766854169678668e-23, nan 
58.875, 59.125, 2.4080918640038458e-23, nan 
59.125, 59.125, 1.1304528715521633e-23, nan 
59.375, 59.125, 2.314862908678664e-23, nan 
59.625, 59.125, 1.4426919202016308e-23, nan 
59.875, 59.125, 5.942218696594269e-24, nan 
60.125, 59.125, 1.2181595744553536e-23, nan 
60.375, 59.125, 1.214249333089043e-23, nan 
60.625, 59.125, 3.517164271721943e-24, nan 
60.875, 59.125, 1.0073398696824684e-23, nan 
61.125, 59.125, 2.2570739004931987e-23, nan 
61.375, 59.125, 2.2441807590159595e-23, nan 
61.625, 59.125, 2.0414701409323515e-23, nan 
61.875, 59.125, 2.2222846382267073e-23, nan 
62.125, 59.125, 3.0555032224968265e-23, nan 
62.375, 59.125, 2.402449610585191e-23, nan 
62.625, 59.125, 1.6160700787406316e-23, nan 
62.875, 59.125, 2.0174205724694032e-23, nan 
63.125, 59.125, 2.4830937466608313e-23, nan 
63.375, 59.125, 2.2055028989683687e-23, nan 
63.625, 59.125, 2.025285098894084e-23, nan 
63.875, 59.125, 2.167585405859508e-23, nan 
64.125, 59.125, 2.8041340431557964e-23, nan 
64.375, 59.125, 2.7853394439565146e-23, nan 
64.625, 59.125, 1.4168886283182155e-23, nan 
64.875, 59.125, 1.0167793618486534e-23, nan 
65.125, 59.125, 1.0341360904295709e-23, nan 
65.375, 59.125, 1.0502748390896714e-23, nan 
65.625, 59.125, 8.339770221136898e-24, nan 
65.875, 59.125, 5.152671013164508e-24, nan 
66.125, 59.125, 4.820159029058678e-24, nan 
66.375, 59.125, 6.1516847465268055e-24, nan 
66.625, 59.125, 1.138726602587379e-23, nan 
66.875, 59.125, 1.8192584085117615e-23, nan 
67.125, 59.125, 1.8061401859341866e-23, nan 
67.375, 59.125, 7.489874789633806e-24, nan 
67.625, 59.125, 5.166446857558832e-24, nan 
67.875, 59.125, 6.87439147790608e-24, nan 
68.125, 59.125, 9.564990227656462e-24, nan 
68.375, 59.125, 1.7128787456502826e-23, nan 
68.625, 59.125, 2.090848224148736e-23, nan 
68.875, 59.125, 2.876231173301575e-23, nan 
69.125, 59.125, 3.4836437435600976e-23, nan 
69.375, 59.125, 2.4399380914389897e-23, nan 
69.625, 59.125, 1.3482973497007577e-23, nan 
69.875, 59.125, 1.2694253022140758e-23, nan 
70.125, 59.125, 5.823755140429921e-24, nan 
70.375, 59.125, 7.26942103613383e-24, nan 
70.625, 59.125, 7.971350152206552e-24, nan 
70.875, 59.125, 8.367875255362571e-24, nan 
71.125, 59.125, 8.453370342389522e-24, nan 
71.375, 59.125, 1.857088014824586e-23, nan 
71.625, 59.125, 4.013814057363554e-23, nan 
71.875, 59.125, 5.586269482762718e-23, nan 
72.125, 59.125, 3.363334750440148e-23, nan 
72.375, 59.125, 2.0185827220647647e-23, nan 
72.625, 59.125, 1.605384188645709e-23, nan 
72.875, 59.125, 3.705785201497817e-23, nan 
73.125, 59.125, 3.505089205251776e-23, nan 
73.375, 59.125, 1.772162714266961e-23, nan 
73.625, 59.125, 1.1879046497178242e-23, nan 
73.875, 59.125, 3.0716821133854494e-23, nan 
74.125, 59.125, 3.7500555570727006e-23, nan 
74.375, 59.125, 3.807030765371206e-23, nan 
74.625, 59.125, 4.053351990380944e-23, nan 
74.875, 59.125, 5.753426365111188e-23, nan 
75.125, 59.125, 5.532685302982799e-23, nan 
75.375, 59.125, 4.0459229255511464e-23, nan 
75.625, 59.125, 4.6302265388680243e-23, nan 
75.875, 59.125, 4.067223988371341e-23, nan 
76.125, 59.125, 3.093899620848353e-23, nan 
76.375, 59.125, 1.906855990873662e-23, nan 
76.625, 59.125, 2.5156866442179164e-23, nan 
76.875, 59.125, 2.741003815628711e-23, nan 
77.125, 59.125, 2.4222705591366153e-23, nan 
77.375, 59.125, 4.1977287356873266e-23, nan 
77.625, 59.125, 6.992697165701053e-23, nan 
77.875, 59.125, 6.438352247684647e-23, nan 
78.125, 59.125, 3.404720733142723e-23, nan 
78.375, 59.125, 1.3429926962252948e-23, nan 
78.625, 59.125, 1.7223317150857496e-23, nan 
78.875, 59.125, 2.8064245254400503e-23, nan 
79.125, 59.125, 2.9491294446764363e-23, nan 
79.375, 59.125, 3.884315377141941e-23, nan 
79.625, 59.125, 2.8321109594641685e-22, nan 
79.875, 59.125, 2.8145619091734123e-22, nan 
80.125, 59.125, 1.7204178599109296e-22, nan 
80.375, 59.125, 1.3775625657951262e-22, nan 
80.625, 59.125, 1.1534690953472574e-22, nan 
80.875, 59.125, 1.5332724982148332e-22, nan 
81.125, 59.125, 1.3821324769971477e-22, nan 
81.375, 59.125, 8.628142220419797e-23, nan 
81.625, 59.125, 8.18619875319514e-23, nan 
81.875, 59.125, 8.1978148028524e-23, nan 
82.125, 59.125, 6.84143965454764e-23, nan 
82.375, 59.125, 8.838144232245123e-23, nan 
82.625, 59.125, 7.661864912624747e-23, nan 
82.875, 59.125, 9.819360333212232e-23, nan 
83.125, 59.125, 9.427921800250982e-23, nan 
83.375, 59.125, 1.4042820415881115e-22, nan 
83.625, 59.125, 2.2502105097933775e-22, nan 
83.875, 59.125, 2.054049853477885e-22, nan 
84.125, 59.125, 1.0890428626781742e-22, nan 
84.375, 59.125, 8.620672062599419e-23, nan 
84.625, 59.125, 5.84009550965748e-23, nan 
84.875, 59.125, 8.389776786554933e-23, nan 
85.125, 59.125, 1.0579976473567924e-22, nan 
85.375, 59.125, 9.104987530754006e-23, nan 
85.625, 59.125, 9.052020608356763e-23, nan 
85.875, 59.125, 1.1142138453549552e-22, nan 
86.125, 59.125, 1.137713681471209e-22, nan 
86.375, 59.125, 1.3822815446720525e-22, nan 
86.625, 59.125, 1.1599940417738802e-22, nan 
86.875, 59.125, 6.577420510723152e-23, nan 
87.125, 59.125, 4.022659055017481e-23, nan 
87.375, 59.125, 5.916213249558921e-23, nan 
87.625, 59.125, 6.259907696940658e-23, nan 
87.875, 59.125, 4.450683721494283e-23, nan 
88.125, 59.125, 9.893406024096227e-23, nan 
88.375, 59.125, 8.810845520876707e-23, nan 
88.625, 59.125, 3.419690005200861e-23, nan 
88.875, 59.125, 3.104342829347793e-23, nan 
89.125, 59.125, 4.466709530591014e-23, nan 
89.375, 59.125, 1.5708393306947898e-22, nan 
89.625, 59.125, 4.307482495627015e-22, nan 
89.875, 59.125, 7.076322328977693e-22, nan 
90.125, 59.125, 7.485657983629948e-22, nan 
90.375, 59.125, 3.5873451946285465e-22, nan 
90.625, 59.125, 2.226433656185609e-22, nan 
90.875, 59.125, 1.8214250805259862e-22, nan 
91.125, 59.125, 1.7512256268756385e-22, nan 
91.375, 59.125, 2.126891270911905e-22, nan 
91.625, 59.125, 1.7535250344376853e-22, nan 
91.875, 59.125, 1.3929046843038089e-22, nan 
92.125, 59.125, 1.422596822289293e-22, nan 
92.375, 59.125, 1.840502660586833e-22, nan 
92.625, 59.125, 2.3799422028922185e-22, nan 
92.875, 59.125, 1.620256983886466e-22, nan 
93.125, 59.125, 9.723088069674806e-23, nan 
93.375, 59.125, 1.2565615030870207e-22, nan 
93.625, 59.125, 1.4642956566662113e-22, nan 
93.875, 59.125, 1.3502022905290406e-22, nan 
94.125, 59.125, 2.4165083825276362e-22, nan 
94.375, 59.125, 2.294628403625995e-22, nan 
94.625, 59.125, 1.3539266651858279e-22, nan 
94.875, 59.125, 2.248502169137139e-22, nan 
95.125, 59.125, 3.3119840132556346e-22, nan 
95.375, 59.125, 3.404646922988511e-22, nan 
95.625, 59.125, 2.6171577860735035e-22, nan 
95.875, 59.125, 3.7835014255163443e-22, nan 
96.125, 59.125, 3.7070970439564626e-22, nan 
96.375, 59.125, 4.429223125249619e-22, nan 
96.625, 59.125, 4.184810062212963e-22, nan 
96.875, 59.125, 1.639210665571419e-22, nan 
97.125, 59.125, 1.9707654431397564e-22, nan 
97.375, 59.125, 2.445962292619525e-22, nan 
97.625, 59.125, 2.883807574163649e-22, nan 
97.875, 59.125, 2.446906097935361e-22, nan 
98.125, 59.125, 1.7731792212987182e-21, nan 
98.375, 59.125, 1.777419868468009e-21, nan 
98.625, 59.125, 6.253032528195978e-22, nan 
98.875, 59.125, 1.8023869168998398e-22, nan 
99.125, 59.125, 2.0507741763074218e-22, nan 
99.375, 59.125, 2.7781524445173077e-22, nan 
99.625, 59.125, 2.646310548971947e-22, nan 
99.875, 59.125, 3.59294317023972e-22, nan 
100.125, 59.125, 3.800037441406104e-22, nan 
100.375, 59.125, 4.81394823228162e-22, nan 
100.625, 59.125, 5.274310396360316e-22, nan 
100.875, 59.125, 2.4688016420905055e-22, nan 
101.125, 59.125, 3.7548955329686742e-22, nan 
101.375, 59.125, 6.474287741852187e-22, nan 
101.625, 59.125, 4.82787410866109e-22, nan 
101.875, 59.125, 2.222259904158061e-22, nan 
102.125, 59.125, 1.662112990885437e-22, nan 
102.375, 59.125, 2.840034747976848e-22, nan 
102.625, 59.125, 1.9043757499199878e-21, nan 
102.875, 59.125, 1.969505561062034e-21, nan 
103.125, 59.125, 4.838719188634176e-22, nan 
103.375, 59.125, 3.520483156463091e-22, nan 
103.625, 59.125, 3.6150950350046308e-22, nan 
103.875, 59.125, 4.0985711517568537e-22, nan 
104.125, 59.125, 4.0522012545867384e-22, nan 
104.375, 59.125, 2.8663849989230164e-22, nan 
104.625, 59.125, 3.858813765760254e-22, nan 
104.875, 59.125, 3.522303996368113e-22, nan 
105.125, 59.125, 2.7731716834105375e-22, nan 
105.375, 59.125, 3.049045346201302e-22, nan 
105.625, 59.125, 2.3983823828744427e-22, nan 
105.875, 59.125, 2.5462783683703074e-22, nan 
106.125, 59.125, 2.0108529688423544e-22, nan 
106.375, 59.125, 1.5341665881309755e-22, nan 
106.625, 59.125, 1.5211604339601698e-22, nan 
106.875, 59.125, 1.393040787299888e-22, nan 
107.125, 59.125, 1.9427052501590315e-22, nan 
107.375, 59.125, 1.987847937744812e-22, nan 
107.625, 59.125, 1.6870899904708078e-22, nan 
107.875, 59.125, 1.0420971728186453e-22, nan 
108.125, 59.125, 9.255775817487646e-23, nan 
108.375, 59.125, 9.442964013688238e-23, nan 
108.625, 59.125, 1.61078909613912e-22, nan 
108.875, 59.125, 1.8879881274783646e-22, nan 
109.125, 59.125, 1.642868407621804e-22, nan 
109.375, 59.125, 1.599369284731473e-22, nan 
109.625, 59.125, 1.4708584526195802e-22, nan 
109.875, 59.125, 1.6060162987296854e-22, nan 
110.125, 59.125, 1.8929549317307614e-22, nan 
110.375, 59.125, 1.959695284829851e-22, nan 
110.625, 59.125, 2.1040145922903213e-22, nan 
110.875, 59.125, 2.5199860420444635e-22, nan 
111.125, 59.125, 1.9706235014161132e-22, nan 
111.375, 59.125, 2.1117749804046857e-22, nan 
111.625, 59.125, 2.335843934935104e-22, nan 
111.875, 59.125, 3.9109672162570574e-22, nan 
112.125, 59.125, 1.0396609932354758e-21, nan 
112.375, 59.125, 9.647119179574393e-22, nan 
112.625, 59.125, 2.126527953006183e-22, nan 
112.875, 59.125, 1.3074277520729809e-22, nan 
113.125, 59.125, 6.634998676348035e-23, nan 
113.375, 59.125, 1.6162095959476965e-22, nan 
113.625, 59.125, 2.0853388439968775e-22, nan 
113.875, 59.125, 2.383605316395479e-22, nan 
114.125, 59.125, 2.1141912335331419e-22, nan 
114.375, 59.125, 3.411425408145112e-22, nan 
114.625, 59.125, 3.654247545403544e-22, nan 
114.875, 59.125, 3.8186828668661472e-22, nan 
115.125, 59.125, 3.064394381394267e-22, nan 
115.375, 59.125, 7.375325539849514e-23, nan 
115.625, 59.125, 5.832683149821532e-23, nan 
115.875, 59.125, 1.2307835374753982e-22, nan 
116.125, 59.125, 1.8200067554924134e-22, nan 
116.375, 59.125, 1.6549946291811626e-22, nan 
116.625, 59.125, 1.0553222016885949e-22, nan 
116.875, 59.125, 7.411521875867619e-23, nan 
117.125, 59.125, 4.9495427614340306e-23, nan 
117.375, 59.125, 6.89916767366402e-23, nan 
117.625, 59.125, 8.660635408432181e-23, nan 
117.875, 59.125, 7.101645936799127e-23, nan 
118.125, 59.125, 1.0838578955394212e-22, nan 
118.375, 59.125, 1.7450319640741637e-22, nan 
118.625, 59.125, 1.232399070846387e-22, nan 
118.875, 59.125, 5.312216215085345e-23, nan 
119.125, 59.125, 6.610102252298485e-23, nan 
119.375, 59.125, 1.0254093058701235e-22, nan 
119.625, 59.125, 2.9943405422525964e-22, nan 
119.875, 59.125, 3.14718868272e-22, nan 
120.125, 59.125, 1.4526739314385956e-22, nan 
120.375, 59.125, 1.7056393508851345e-22, nan 
120.625, 59.125, 1.317357047727705e-22, nan 
120.875, 59.125, 1.566246250090164e-22, nan 
121.125, 59.125, 1.3697631056905455e-22, nan 
121.375, 59.125, 9.627838942217338e-23, nan 
121.625, 59.125, 6.008404351605057e-23, nan 
121.875, 59.125, 5.657573895474082e-23, nan 
122.125, 59.125, 5.272146238950002e-23, nan 
122.375, 59.125, 7.166835153438942e-23, nan 
122.625, 59.125, 6.716532970999648e-23, nan 
122.875, 59.125, 6.463760682314672e-23, nan 
123.125, 59.125, 6.161557175048251e-23, nan 
123.375, 59.125, 5.153265407030925e-23, nan 
123.625, 59.125, 6.454024078830991e-23, nan 
123.875, 59.125, 4.185245382999956e-23, nan 
124.125, 59.125, 6.148984268321026e-23, nan 
124.375, 59.125, 5.0686398226337107e-23, nan 
124.625, 59.125, 1.9591912871155315e-23, nan 
124.875, 59.125, 1.817772222300837e-23, nan 
125.125, 59.125, 3.9143318757429023e-23, nan 
125.375, 59.125, 4.31056474600072e-23, nan 
125.625, 59.125, 2.9391283472300797e-23, nan 
125.875, 59.125, 5.115854992018855e-23, nan 
126.125, 59.125, 2.4366752633674574e-23, nan 
126.375, 59.125, 2.961190261987189e-23, nan 
126.625, 59.125, 5.808704144909263e-23, nan 
126.875, 59.125, 6.373558874325656e-23, nan 
127.125, 59.125, 3.9654280408378746e-23, nan 
127.375, 59.125, 4.5143230368962977e-23, nan 
127.625, 59.125, 8.594113120873759e-23, nan 
127.875, 59.125, 5.071800669773211e-23, nan 
128.125, 59.125, 6.277778442705751e-23, nan 
128.375, 59.125, 7.425867263987533e-23, nan 
128.625, 59.125, 7.037066875737254e-23, nan 
128.875, 59.125, 7.950051654996101e-23, nan 
129.125, 59.125, 7.938685088115671e-23, nan 
129.375, 59.125, 1.1702174144077137e-22, nan 
129.625, 59.125, 1.7869145297475876e-22, nan 
129.875, 59.125, 1.6924498267605155e-22, nan 
130.125, 59.125, 7.979555548831651e-23, nan 
130.375, 59.125, 2.4303690232061693e-23, nan 
130.625, 59.125, 1.9859917714758395e-23, nan 
130.875, 59.125, 1.6996794905412756e-23, nan 
131.125, 59.125, 1.678383074113617e-23, nan 
131.375, 59.125, 2.3672304559958053e-23, nan 
131.625, 59.125, 2.771936046219869e-23, nan 
131.875, 59.125, 5.718804069775852e-23, nan 
132.125, 59.125, 5.722077067499659e-23, nan 
132.375, 59.125, 2.9921616083416544e-23, nan 
132.625, 59.125, 9.107016709904226e-24, nan 
132.875, 59.125, 8.852601662898214e-23, nan 
133.125, 59.125, 1.1478161191138681e-22, nan 
133.375, 59.125, 1.1031162736781367e-22, nan 
133.625, 59.125, 1.0652785135650276e-22, nan 
133.875, 59.125, 5.223790321878306e-23, nan 
134.125, 59.125, 4.690631501124979e-23, nan 
134.375, 59.125, 7.041424039228953e-23, nan 
134.625, 59.125, 4.5758020366040746e-23, nan 
134.875, 59.125, 2.738947558668719e-23, nan 
135.125, 59.125, 6.099040626519303e-23, nan 
135.375, 59.125, 6.956719305539372e-23, nan 
135.625, 59.125, 5.433982263000078e-23, nan 
135.875, 59.125, 5.2618201172005553e-23, nan 
136.125, 59.125, 6.315805813949237e-23, nan 
136.375, 59.125, 1.0264440664601806e-22, nan 
136.625, 59.125, 3.4479030434283194e-23, nan 
136.875, 59.125, 3.00553958782923e-23, nan 
137.125, 59.125, 4.052453919146522e-23, nan 
137.375, 59.125, 4.8101843126442504e-23, nan 
137.625, 59.125, 3.0736044364021927e-23, nan 
137.875, 59.125, 6.719572727581242e-23, nan 
138.125, 59.125, 9.432266027263845e-23, nan 
138.375, 59.125, 5.0426790521980786e-23, nan 
138.625, 59.125, 6.724611357427626e-23, nan 
138.875, 59.125, 4.2978898349955935e-23, nan 
139.125, 59.125, 4.0315790868034976e-23, nan 
139.375, 59.125, 3.6162075813160367e-23, nan 
139.625, 59.125, 2.874068035748975e-23, nan 
139.875, 59.125, 2.98972513717897e-23, nan 
140.125, 59.125, 1.1431872532292664e-22, nan 
140.375, 59.125, 1.0000407813512562e-22, nan 
140.625, 59.125, 8.913684123647529e-23, nan 
140.875, 59.125, 9.111373106329437e-23, nan 
141.125, 59.125, 3.119278615454288e-23, nan 
141.375, 59.125, 7.785921954948108e-24, nan 
141.625, 59.125, 1.566720817830124e-23, nan 
141.875, 59.125, 2.8520634126029355e-23, nan 
142.125, 59.125, 3.059598186586421e-23, nan 
142.375, 59.125, 2.708271543232226e-23, nan 
142.625, 59.125, 3.207618421522935e-23, nan 
142.875, 59.125, 2.4078745673753182e-23, nan 
143.125, 59.125, 7.069152733373963e-24, nan 
143.375, 59.125, 7.79314304798598e-24, nan 
143.625, 59.125, 3.9255502727178985e-23, nan 
143.875, 59.125, 4.145751410617804e-23, nan 
144.125, 59.125, 1.7660503724736794e-23, nan 
144.375, 59.125, 1.8393065623084416e-23, nan 
144.625, 59.125, 1.3016808499993736e-23, nan 
144.875, 59.125, 8.21563549610908e-24, nan 
145.125, 59.125, 9.591646232721454e-24, nan 
145.375, 59.125, 9.483073048617232e-24, nan 
145.625, 59.125, 3.7888202173958354e-24, nan 
145.875, 59.125, 6.744047321526925e-24, nan 
146.125, 59.125, 5.173304823704038e-24, nan 
146.375, 59.125, 1.184407746585293e-23, nan 
146.625, 59.125, 1.2233328666240802e-23, nan 
146.875, 59.125, 1.1701206991291012e-23, nan 
147.125, 59.125, 1.6686946485481764e-23, nan 
147.375, 59.125, 1.6035153065858846e-23, nan 
147.625, 59.125, 9.616549593680863e-24, nan 
147.875, 59.125, 9.719722496592539e-24, nan 
148.125, 59.125, 6.868371409595076e-24, nan 
148.375, 59.125, 6.4745300763416564e-24, nan 
148.625, 59.125, 9.143790825672144e-24, nan 
148.875, 59.125, 1.0621711689682715e-23, nan 
149.125, 59.125, 5.6357606893217785e-24, nan 
149.375, 59.125, 3.1633923494945498e-24, nan 
149.625, 59.125, 6.646660565793505e-24, nan 
149.875, 59.125, 1.0684566945885416e-23, nan 
150.125, 59.125, 1.5000146978819695e-23, nan 
150.375, 59.125, 1.65466155395685e-23, nan 
150.625, 59.125, 1.7035924930697254e-23, nan 
150.875, 59.125, 1.506914608772928e-23, nan 
151.125, 59.125, 2.7888374754644826e-23, nan 
151.375, 59.125, 2.866805535038932e-23, nan 
151.625, 59.125, 1.6541632173475515e-23, nan 
151.875, 59.125, 1.1656709528247326e-23, nan 
152.125, 59.125, 2.083087296743895e-23, nan 
152.375, 59.125, 2.0825060167618354e-23, nan 
152.625, 59.125, 7.195490392437339e-24, nan 
152.875, 59.125, 1.0192536786147938e-23, nan 
153.125, 59.125, 1.2667982796994593e-23, nan 
153.375, 59.125, 2.7655280737734586e-23, nan 
153.625, 59.125, 2.7283332318946577e-23, nan 
153.875, 59.125, 7.695588918614489e-24, nan 
154.125, 59.125, 5.044205120303926e-24, nan 
154.375, 59.125, 6.205131721879814e-24, nan 
154.625, 59.125, 7.894513469196828e-24, nan 
154.875, 59.125, 9.58009931235445e-24, nan 
155.125, 59.125, 7.954525717279043e-24, nan 
155.375, 59.125, 5.0306575649766e-24, nan 
155.625, 59.125, 8.588563183502735e-24, nan 
155.875, 59.125, 7.329074413169904e-24, nan 
156.125, 59.125, 9.827474826144874e-24, nan 
156.375, 59.125, 1.55031273754474e-23, nan 
156.625, 59.125, 1.7559061944499767e-23, nan 
156.875, 59.125, 5.650706285511106e-24, nan 
157.125, 59.125, 1.1357625566413394e-23, nan 
157.375, 59.125, 1.7823688953434164e-23, nan 
157.625, 59.125, 1.9385637230235804e-23, nan 
157.875, 59.125, 2.1258265490859672e-23, nan 
158.125, 59.125, 2.281991540194462e-23, nan 
158.375, 59.125, 1.5988852057877925e-23, nan 
158.625, 59.125, 3.185098485829523e-24, nan 
158.875, 59.125, 3.699051302068984e-24, nan 
159.125, 59.125, 3.616921090057288e-24, nan 
159.375, 59.125, 1.8879758606207408e-24, nan 
159.625, 59.125, 3.1433256446168992e-24, nan 
159.875, 59.125, 4.769200299824422e-24, nan 
160.125, 59.125, 5.737911221207055e-24, nan 
160.375, 59.125, 4.487497810661289e-24, nan 
160.625, 59.125, 2.1321482611511197e-24, nan 
160.875, 59.125, 2.4741110851118522e-24, nan 
161.125, 59.125, 5.8924636611828214e-24, nan 
161.375, 59.125, 6.777068055130076e-24, nan 
161.625, 59.125, 2.523457096080388e-24, nan 
161.875, 59.125, 3.865760216468179e-24, nan 
162.125, 59.125, 1.339784350640208e-23, nan 
162.375, 59.125, 1.3699749702065063e-23, nan 
162.625, 59.125, 2.714348625439537e-24, nan 
162.875, 59.125, 2.389703211521331e-24, nan 
163.125, 59.125, 3.0660997159374006e-24, nan 
163.375, 59.125, 3.243021573047248e-24, nan 
163.625, 59.125, 4.1384227289849295e-24, nan 
163.875, 59.125, 4.0272140407124e-24, nan 
164.125, 59.125, 3.2787026857042923e-24, nan 
164.375, 59.125, 8.015861270096243e-24, nan 
164.625, 59.125, 8.357108439301684e-24, nan 
164.875, 59.125, 8.640279743829379e-24, nan 
165.125, 59.125, 8.498215459072108e-24, nan 
165.375, 59.125, 4.422665014625879e-24, nan 
165.625, 59.125, 4.196183315816099e-24, nan 
165.875, 59.125, 4.251053023028504e-24, nan 
166.125, 59.125, 1.4260000208125617e-23, nan 
166.375, 59.125, 1.83133009453297e-23, nan 
166.625, 59.125, 1.3197342191124842e-23, nan 
166.875, 59.125, 6.692462821512901e-24, nan 
167.125, 59.125, 7.432880304076896e-24, nan 
167.375, 59.125, 8.089597431363583e-24, nan 
55.625, 59.375, 1.1295081224065664e-23, nan 
55.875, 59.375, 7.745903836639712e-24, nan 
56.125, 59.375, 1.5255918855992948e-23, nan 
56.375, 59.375, 2.2857069980442316e-23, nan 
56.625, 59.375, 3.121477479422426e-23, nan 
56.875, 59.375, 2.752505064338499e-23, nan 
57.125, 59.375, 2.4850960001613498e-23, nan 
57.375, 59.375, 4.0121044249438736e-23, nan 
57.625, 59.375, 3.6407232564721203e-23, nan 
57.875, 59.375, 3.0005479426945673e-23, nan 
58.125, 59.375, 1.2638348367465021e-23, nan 
58.375, 59.375, 2.199840522962166e-23, nan 
58.625, 59.375, 1.823127225511812e-23, nan 
58.875, 59.375, 6.352723120813774e-24, nan 
59.125, 59.375, 9.578210260838956e-24, nan 
59.375, 59.375, 1.0905817600455883e-23, nan 
59.625, 59.375, 9.724451040072198e-24, nan 
59.875, 59.375, 2.844264976589933e-23, nan 
60.125, 59.375, 2.6174863819269765e-23, nan 
60.375, 59.375, 2.073049067278263e-23, nan 
60.625, 59.375, 1.1864368768399503e-23, nan 
60.875, 59.375, 1.1773042805365045e-23, nan 
61.125, 59.375, 2.9834017146501956e-23, nan 
61.375, 59.375, 3.4914633483464427e-23, nan 
61.625, 59.375, 3.421139251706432e-23, nan 
61.875, 59.375, 2.6921604886404124e-23, nan 
62.125, 59.375, 2.292490011798719e-23, nan 
62.375, 59.375, 1.6131788932297183e-23, nan 
62.625, 59.375, 1.4059825327811283e-23, nan 
62.875, 59.375, 2.1657995164563007e-23, nan 
63.125, 59.375, 1.9327094521493724e-23, nan 
63.375, 59.375, 1.3477228349651043e-23, nan 
63.625, 59.375, 8.257794652931387e-24, nan 
63.875, 59.375, 1.2872606842967757e-23, nan 
64.125, 59.375, 1.512065638181218e-23, nan 
64.375, 59.375, 2.117305587472784e-23, nan 
64.625, 59.375, 2.8007823643806056e-23, nan 
64.875, 59.375, 2.5937221145053318e-23, nan 
65.125, 59.375, 8.678918884068676e-24, nan 
65.375, 59.375, 1.0828543923448166e-23, nan 
65.625, 59.375, 1.229496852132492e-23, nan 
65.875, 59.375, 1.0794636805839011e-23, nan 
66.125, 59.375, 1.7260419684119234e-23, nan 
66.375, 59.375, 1.8956109789473426e-23, nan 
66.625, 59.375, 1.0559438809183214e-23, nan 
66.875, 59.375, 8.637164224972273e-24, nan 
67.125, 59.375, 1.3148239483152542e-23, nan 
67.375, 59.375, 1.3390942174836398e-23, nan 
67.625, 59.375, 1.4327053686944093e-23, nan 
67.875, 59.375, 5.357575423572982e-24, nan 
68.125, 59.375, 8.600008922139052e-24, nan 
68.375, 59.375, 1.315464836803625e-23, nan 
68.625, 59.375, 9.757907691684301e-24, nan 
68.875, 59.375, 1.0641720508731426e-23, nan 
69.125, 59.375, 1.9060923870565858e-23, nan 
69.375, 59.375, 2.152851793667641e-23, nan 
69.625, 59.375, 1.6382648017025135e-23, nan 
69.875, 59.375, 1.2605882196991121e-23, nan 
70.125, 59.375, 2.8405376319237267e-23, nan 
70.375, 59.375, 1.599299383434808e-23, nan 
70.625, 59.375, 1.2155046617722858e-23, nan 
70.875, 59.375, 1.1718341731586746e-23, nan 
71.125, 59.375, 9.729837022345617e-24, nan 
71.375, 59.375, 1.1572929381801163e-23, nan 
71.625, 59.375, 1.4518356179264318e-23, nan 
71.875, 59.375, 3.258858821627216e-23, nan 
72.125, 59.375, 2.016297854825577e-23, nan 
72.375, 59.375, 2.865848589278596e-23, nan 
72.625, 59.375, 2.539734384288487e-23, nan 
72.875, 59.375, 1.7704567706894952e-23, nan 
73.125, 59.375, 3.955651582408685e-23, nan 
73.375, 59.375, 5.038873071463489e-23, nan 
73.625, 59.375, 4.9676265148449846e-23, nan 
73.875, 59.375, 3.23287325818503e-23, nan 
74.125, 59.375, 2.7520812679338244e-23, nan 
74.375, 59.375, 4.8848667761740386e-23, nan 
74.625, 59.375, 7.61293574437449e-23, nan 
74.875, 59.375, 8.386015453418403e-23, nan 
75.125, 59.375, 5.576438444585731e-23, nan 
75.375, 59.375, 3.9013774683988844e-23, nan 
75.625, 59.375, 4.1326331664062144e-23, nan 
75.875, 59.375, 3.5876573337172775e-23, nan 
76.125, 59.375, 2.4956560805904824e-23, nan 
76.375, 59.375, 2.4077565940803978e-23, nan 
76.625, 59.375, 2.7016864245078567e-23, nan 
76.875, 59.375, 4.0736711054678296e-23, nan 
77.125, 59.375, 3.9968605653757344e-23, nan 
77.375, 59.375, 2.5708941737123926e-23, nan 
77.625, 59.375, 2.698526886649788e-23, nan 
77.875, 59.375, 3.375831590630082e-23, nan 
78.125, 59.375, 3.331705678302986e-23, nan 
78.375, 59.375, 2.668005483157773e-23, nan 
78.625, 59.375, 2.8128364365092264e-23, nan 
78.875, 59.375, 2.5309837944185958e-23, nan 
79.125, 59.375, 2.1110826095618984e-23, nan 
79.375, 59.375, 3.39410378238831e-23, nan 
79.625, 59.375, 6.343989803729825e-23, nan 
79.875, 59.375, 1.3306692263468376e-22, nan 
80.125, 59.375, 1.7012497850836451e-22, nan 
80.375, 59.375, 1.5857556329745767e-22, nan 
80.625, 59.375, 1.2989880488254e-22, nan 
80.875, 59.375, 9.362979730165791e-23, nan 
81.125, 59.375, 4.6064845052419256e-23, nan 
81.375, 59.375, 3.462196554636278e-23, nan 
81.625, 59.375, 2.7648982141411656e-23, nan 
81.875, 59.375, 3.959373020709866e-23, nan 
82.125, 59.375, 4.811708901840057e-23, nan 
82.375, 59.375, 5.490178235066035e-23, nan 
82.625, 59.375, 5.438700548671251e-23, nan 
82.875, 59.375, 5.770914464810744e-23, nan 
83.125, 59.375, 1.633592025050699e-22, nan 
83.375, 59.375, 1.7094734482941365e-22, nan 
83.625, 59.375, 1.493943805025915e-22, nan 
83.875, 59.375, 1.8050421010499113e-22, nan 
84.125, 59.375, 1.4915627492550107e-22, nan 
84.375, 59.375, 1.2317045181285303e-22, nan 
84.625, 59.375, 9.989320845345454e-23, nan 
84.875, 59.375, 5.708553437563222e-23, nan 
85.125, 59.375, 1.0124704864820989e-22, nan 
85.375, 59.375, 1.0095587925753103e-22, nan 
85.625, 59.375, 9.701047581907399e-23, nan 
85.875, 59.375, 1.069887146149753e-22, nan 
86.125, 59.375, 8.709137837834223e-23, nan 
86.375, 59.375, 1.5763659879465192e-22, nan 
86.625, 59.375, 1.5181323996464556e-22, nan 
86.875, 59.375, 9.720047708283673e-23, nan 
87.125, 59.375, 9.445470479635597e-23, nan 
87.375, 59.375, 7.425617879134563e-23, nan 
87.625, 59.375, 3.1533736998480023e-23, nan 
87.875, 59.375, 4.602567650911884e-23, nan 
88.125, 59.375, 5.881385918709111e-23, nan 
88.375, 59.375, 5.0433906119116416e-23, nan 
88.625, 59.375, 5.540023819599922e-23, nan 
88.875, 59.375, 5.661810731381281e-23, nan 
89.125, 59.375, 5.519560359423801e-23, nan 
89.375, 59.375, 8.247694118391938e-23, nan 
89.625, 59.375, 9.399949688849789e-23, nan 
89.875, 59.375, 1.0072122362775869e-22, nan 
90.125, 59.375, 4.392960103715994e-22, nan 
90.375, 59.375, 5.307420051577775e-22, nan 
90.625, 59.375, 4.957139867131431e-22, nan 
90.875, 59.375, 3.1516267845076664e-22, nan 
91.125, 59.375, 3.22325364842395e-22, nan 
91.375, 59.375, 2.883510268754002e-22, nan 
91.625, 59.375, 2.003259823813733e-22, nan 
91.875, 59.375, 1.7631412132469915e-22, nan 
92.125, 59.375, 1.5889535525957074e-22, nan 
92.375, 59.375, 1.851614177155426e-22, nan 
92.625, 59.375, 2.774833444696344e-22, nan 
92.875, 59.375, 2.835841754119925e-22, nan 
93.125, 59.375, 2.135578575798672e-22, nan 
93.375, 59.375, 2.2539824442552284e-22, nan 
93.625, 59.375, 2.1915314755644617e-22, nan 
93.875, 59.375, 1.397736894693089e-22, nan 
94.125, 59.375, 1.5049183169669889e-22, nan 
94.375, 59.375, 2.0563406098358426e-22, nan 
94.625, 59.375, 1.9278031514243218e-22, nan 
94.875, 59.375, 1.8833847315964603e-22, nan 
95.125, 59.375, 1.5782914542414911e-22, nan 
95.375, 59.375, 1.6039751282904025e-22, nan 
95.625, 59.375, 1.9215216557554992e-22, nan 
95.875, 59.375, 1.237052876037728e-22, nan 
96.125, 59.375, 2.8724060864272374e-22, nan 
96.375, 59.375, 3.7154897269554103e-22, nan 
96.625, 59.375, 1.7080357308990154e-22, nan 
96.875, 59.375, 1.924954149845222e-22, nan 
97.125, 59.375, 2.0809843740534808e-22, nan 
97.375, 59.375, 2.7272453474796568e-22, nan 
97.625, 59.375, 2.286950299687728e-22, nan 
97.875, 59.375, 1.5544987611668922e-21, nan 
98.125, 59.375, 1.7615523624332003e-21, nan 
98.375, 59.375, 5.216646097723453e-22, nan 
98.625, 59.375, 2.287063845332284e-22, nan 
98.875, 59.375, 1.623723171808491e-22, nan 
99.125, 59.375, 2.5077643761581396e-22, nan 
99.375, 59.375, 2.413742909199388e-22, nan 
99.625, 59.375, 1.6112822697385783e-22, nan 
99.875, 59.375, 2.491583406991455e-22, nan 
100.125, 59.375, 3.382187067993684e-22, nan 
100.375, 59.375, 1.9545023564602952e-22, nan 
100.625, 59.375, 8.238905658394984e-22, nan 
100.875, 59.375, 7.932573920874723e-22, nan 
101.125, 59.375, 3.1559418861359163e-22, nan 
101.375, 59.375, 2.3875176145466255e-22, nan 
101.625, 59.375, 1.6607817128884576e-22, nan 
101.875, 59.375, 1.544211493418875e-22, nan 
102.125, 59.375, 1.5389376953839893e-22, nan 
102.375, 59.375, 1.689022669068527e-22, nan 
102.625, 59.375, 1.5950258360663485e-21, nan 
102.875, 59.375, 1.780713458964081e-21, nan 
103.125, 59.375, 6.542675177761138e-22, nan 
103.375, 59.375, 6.016443744357928e-22, nan 
103.625, 59.375, 4.683964492997558e-22, nan 
103.875, 59.375, 2.8971985474229026e-22, nan 
104.125, 59.375, 2.1261576846532074e-22, nan 
104.375, 59.375, 4.061202615600282e-22, nan 
104.625, 59.375, 4.982773655376417e-22, nan 
104.875, 59.375, 4.309052894218692e-22, nan 
105.125, 59.375, 2.9001121351204236e-22, nan 
105.375, 59.375, 1.9716115664242521e-22, nan 
105.625, 59.375, 2.3125790439685895e-22, nan 
105.875, 59.375, 1.920680852619045e-22, nan 
106.125, 59.375, 1.9710656773168285e-22, nan 
106.375, 59.375, 1.5857704384608603e-22, nan 
106.625, 59.375, 1.405432205786917e-22, nan 
106.875, 59.375, 2.6232502664315207e-22, nan 
107.125, 59.375, 2.2399594020926944e-22, nan 
107.375, 59.375, 3.8083362423186796e-22, nan 
107.625, 59.375, 1.5001917869909808e-22, nan 
107.875, 59.375, 5.77937652157488e-23, nan 
108.125, 59.375, 1.5777242175166252e-22, nan 
108.375, 59.375, 1.5420210381272132e-22, nan 
108.625, 59.375, 2.8593223099936394e-22, nan 
108.875, 59.375, 2.5174323940683304e-22, nan 
109.125, 59.375, 1.5700179247915393e-22, nan 
109.375, 59.375, 1.173410539080547e-22, nan 
109.625, 59.375, 2.1456840309546293e-22, nan 
109.875, 59.375, 2.2394505025334403e-22, nan 
110.125, 59.375, 1.5432538676939972e-22, nan 
110.375, 59.375, 1.7138162479680259e-22, nan 
110.625, 59.375, 2.059936541686321e-22, nan 
110.875, 59.375, 1.5153356286592702e-22, nan 
111.125, 59.375, 2.2684252723659327e-22, nan 
111.375, 59.375, 2.2704869158127675e-22, nan 
111.625, 59.375, 6.494464951199739e-22, nan 
111.875, 59.375, 7.442583860139697e-22, nan 
112.125, 59.375, 5.206860335827636e-22, nan 
112.375, 59.375, 1.4397020372522487e-22, nan 
112.625, 59.375, 1.856566345582099e-22, nan 
112.875, 59.375, 1.8435061142862087e-22, nan 
113.125, 59.375, 2.0252101147619815e-22, nan 
113.375, 59.375, 1.2036043132210974e-22, nan 
113.625, 59.375, 1.2286510406855742e-22, nan 
113.875, 59.375, 1.9976677779850244e-22, nan 
114.125, 59.375, 1.5596995013295109e-22, nan 
114.375, 59.375, 1.2290728229423134e-22, nan 
114.625, 59.375, 1.9821688327297922e-22, nan 
114.875, 59.375, 2.4891270949806336e-22, nan 
115.125, 59.375, 1.9485317469219393e-22, nan 
115.375, 59.375, 1.9545044499694144e-22, nan 
115.625, 59.375, 2.0297596458976882e-22, nan 
115.875, 59.375, 1.6620795356957082e-22, nan 
116.125, 59.375, 3.379087464678967e-22, nan 
116.375, 59.375, 3.030804712114297e-22, nan 
116.625, 59.375, 7.136103067186133e-23, nan 
116.875, 59.375, 9.151587749370628e-23, nan 
117.125, 59.375, 7.966547191430252e-23, nan 
117.375, 59.375, 8.333511337009421e-23, nan 
117.625, 59.375, 1.094691488121716e-22, nan 
117.875, 59.375, 1.118234735726166e-22, nan 
118.125, 59.375, 7.174919833888044e-23, nan 
118.375, 59.375, 6.505669390710813e-23, nan 
118.625, 59.375, 7.833256850451665e-23, nan 
118.875, 59.375, 6.703220319225757e-23, nan 
119.125, 59.375, 5.490335370658381e-23, nan 
119.375, 59.375, 7.901241089257337e-23, nan 
119.625, 59.375, 8.213746195638642e-23, nan 
119.875, 59.375, 5.064087421250416e-22, nan 
120.125, 59.375, 4.624678541300475e-22, nan 
120.375, 59.375, 2.2255734056925686e-22, nan 
120.625, 59.375, 2.444199813416874e-22, nan 
120.875, 59.375, 1.1728012403601493e-22, nan 
121.125, 59.375, 1.0661183609248017e-22, nan 
121.375, 59.375, 1.3761401330364913e-22, nan 
121.625, 59.375, 1.1304522758718192e-22, nan 
121.875, 59.375, 6.583950787403804e-23, nan 
122.125, 59.375, 6.351180548929236e-23, nan 
122.375, 59.375, 8.719257645265087e-23, nan 
122.625, 59.375, 9.220400896208511e-23, nan 
122.875, 59.375, 1.0926774599860014e-22, nan 
123.125, 59.375, 8.215266638573419e-23, nan 
123.375, 59.375, 8.192037879373304e-23, nan 
123.625, 59.375, 9.118977590076277e-23, nan 
123.875, 59.375, 9.488307375253199e-23, nan 
124.125, 59.375, 7.572306964407368e-23, nan 
124.375, 59.375, 9.907548958218666e-23, nan 
124.625, 59.375, 9.084191419890223e-23, nan 
124.875, 59.375, 9.637614773621702e-23, nan 
125.125, 59.375, 1.0132575651552121e-22, nan 
125.375, 59.375, 1.3485797727001373e-22, nan 
125.625, 59.375, 1.1194836306428858e-22, nan 
125.875, 59.375, 3.4248911705747097e-23, nan 
126.125, 59.375, 6.885849108790734e-23, nan 
126.375, 59.375, 7.005649714095806e-23, nan 
126.625, 59.375, 4.6342448406306716e-23, nan 
126.875, 59.375, 4.23363403327766e-23, nan 
127.125, 59.375, 1.0788698859696995e-22, nan 
127.375, 59.375, 1.1433913104384605e-22, nan 
127.625, 59.375, 1.6241327977020151e-22, nan 
127.875, 59.375, 1.2816289631685947e-22, nan 
128.125, 59.375, 5.949742581032415e-23, nan 
128.375, 59.375, 9.351877299512114e-23, nan 
128.625, 59.375, 7.951381700481951e-23, nan 
128.875, 59.375, 1.166562526694743e-22, nan 
129.125, 59.375, 1.25626650630442e-22, nan 
129.375, 59.375, 8.282631797762941e-23, nan 
129.625, 59.375, 2.1117760359965873e-22, nan 
129.875, 59.375, 2.0205263036267477e-22, nan 
130.125, 59.375, 8.299914888894253e-23, nan 
130.375, 59.375, 3.955970459861928e-23, nan 
130.625, 59.375, 6.980205298884294e-23, nan 
130.875, 59.375, 5.311977519053365e-23, nan 
131.125, 59.375, 3.3102939647116523e-23, nan 
131.375, 59.375, 4.440428464493816e-23, nan 
131.625, 59.375, 6.672873751321856e-23, nan 
131.875, 59.375, 6.384279382706489e-23, nan 
132.125, 59.375, 6.632860347167844e-23, nan 
132.375, 59.375, 6.107696235360356e-23, nan 
132.625, 59.375, 8.434882928424195e-23, nan 
132.875, 59.375, 1.0218335657287605e-22, nan 
133.125, 59.375, 1.228748316883102e-22, nan 
133.375, 59.375, 1.7118348098093002e-22, nan 
133.625, 59.375, 1.5511983025502988e-22, nan 
133.875, 59.375, 5.142054841505364e-23, nan 
134.125, 59.375, 6.153883469955374e-23, nan 
134.375, 59.375, 6.966808326109466e-23, nan 
134.625, 59.375, 3.92788142523656e-23, nan 
134.875, 59.375, 9.521269297913398e-23, nan 
135.125, 59.375, 1.2576397562906927e-22, nan 
135.375, 59.375, 9.607439387000886e-23, nan 
135.625, 59.375, 1.5240146854561154e-22, nan 
135.875, 59.375, 2.7933498077095173e-22, nan 
136.125, 59.375, 1.2921839035883825e-22, nan 
136.375, 59.375, 2.0454109162980874e-22, nan 
136.625, 59.375, 1.7163622645200208e-22, nan 
136.875, 59.375, 9.662981291177061e-23, nan 
137.125, 59.375, 4.1609441284614246e-23, nan 
137.375, 59.375, 7.27644821655244e-23, nan 
137.625, 59.375, 1.6288910211878903e-22, nan 
137.875, 59.375, 3.6218946535860552e-22, nan 
138.125, 59.375, 4.616067902055873e-22, nan 
138.375, 59.375, 2.706072560837706e-22, nan 
138.625, 59.375, 9.929201564307684e-23, nan 
138.875, 59.375, 7.268688825912339e-23, nan 
139.125, 59.375, 3.043062467988454e-23, nan 
139.375, 59.375, 1.5800957446637768e-23, nan 
139.625, 59.375, 5.9349519128939e-24, nan 
139.875, 59.375, 9.961536658064976e-23, nan 
140.125, 59.375, 1.3072618976403544e-22, nan 
140.375, 59.375, 6.172498043341583e-23, nan 
140.625, 59.375, 4.7585028397543806e-23, nan 
140.875, 59.375, 1.0748053631008398e-22, nan 
141.125, 59.375, 9.588664144898237e-23, nan 
141.375, 59.375, 4.78892703309235e-23, nan 
141.625, 59.375, 5.1592610296380826e-23, nan 
141.875, 59.375, 6.706726604777772e-23, nan 
142.125, 59.375, 4.8735636492640655e-23, nan 
142.375, 59.375, 2.3307955606242226e-23, nan 
142.625, 59.375, 4.46859931194156e-23, nan 
142.875, 59.375, 3.87391361839419e-23, nan 
143.125, 59.375, 1.0215723776091298e-23, nan 
143.375, 59.375, 1.3206326084787943e-23, nan 
143.625, 59.375, 4.848604098817642e-23, nan 
143.875, 59.375, 4.6806796421649674e-23, nan 
144.125, 59.375, 1.9785255479087498e-23, nan 
144.375, 59.375, 2.063053077828398e-23, nan 
144.625, 59.375, 9.123160676306481e-24, nan 
144.875, 59.375, 1.75522825023947e-23, nan 
145.125, 59.375, 1.723039659425348e-23, nan 
145.375, 59.375, 7.464317920485492e-24, nan 
145.625, 59.375, 1.0669944598780353e-23, nan 
145.875, 59.375, 1.2383481709632943e-23, nan 
146.125, 59.375, 1.2339040926791276e-23, nan 
146.375, 59.375, 1.3300101644289863e-23, nan 
146.625, 59.375, 1.043655300383171e-23, nan 
146.875, 59.375, 1.1606077237526927e-23, nan 
147.125, 59.375, 6.86619328222217e-24, nan 
147.375, 59.375, 7.867501768307133e-24, nan 
147.625, 59.375, 9.374347934249312e-24, nan 
147.875, 59.375, 6.769611095456618e-24, nan 
148.125, 59.375, 5.573292591603246e-24, nan 
148.375, 59.375, 1.2365381780520386e-23, nan 
148.625, 59.375, 1.561584271041183e-23, nan 
148.875, 59.375, 7.152437885192021e-24, nan 
149.125, 59.375, 6.543360156372991e-24, nan 
149.375, 59.375, 7.361643604917969e-24, nan 
149.625, 59.375, 5.8234473990846026e-24, nan 
149.875, 59.375, 9.66585673931972e-24, nan 
150.125, 59.375, 1.2329208862832195e-23, nan 
150.375, 59.375, 1.2194525156747271e-23, nan 
150.625, 59.375, 2.8428293013425796e-23, nan 
150.875, 59.375, 3.237454478374992e-23, nan 
151.125, 59.375, 3.2073750980294145e-23, nan 
151.375, 59.375, 2.9753069778815755e-23, nan 
151.625, 59.375, 1.9114598981108312e-23, nan 
151.875, 59.375, 1.095173385072677e-23, nan 
152.125, 59.375, 1.183895939810459e-23, nan 
152.375, 59.375, 1.1547049180051e-23, nan 
152.625, 59.375, 2.0849240096158412e-23, nan 
152.875, 59.375, 2.77067104880596e-23, nan 
153.125, 59.375, 2.3084069226645103e-23, nan 
153.375, 59.375, 1.0953668497828231e-23, nan 
153.625, 59.375, 7.002394126952939e-24, nan 
153.875, 59.375, 3.0715870127582383e-24, nan 
154.125, 59.375, 3.54486923314924e-24, nan 
154.375, 59.375, 5.2247488815560444e-24, nan 
154.625, 59.375, 1.1191756121565429e-23, nan 
154.875, 59.375, 1.3751683271331186e-23, nan 
155.125, 59.375, 1.1658903969645441e-23, nan 
155.375, 59.375, 8.756245951604452e-24, nan 
155.625, 59.375, 7.387688449495273e-24, nan 
155.875, 59.375, 1.4725352783024523e-23, nan 
156.125, 59.375, 1.4977781577724236e-23, nan 
156.375, 59.375, 5.6096727681436755e-24, nan 
156.625, 59.375, 6.047580290709067e-24, nan 
156.875, 59.375, 5.084223781848815e-24, nan 
157.125, 59.375, 5.193820095643003e-24, nan 
157.375, 59.375, 8.452366194577261e-24, nan 
157.625, 59.375, 1.2444599615356517e-23, nan 
157.875, 59.375, 1.3719706132405007e-23, nan 
158.125, 59.375, 9.832791707524011e-24, nan 
158.375, 59.375, 6.751687316126462e-24, nan 
158.625, 59.375, 5.798931816651605e-24, nan 
158.875, 59.375, 3.6243790374411466e-24, nan 
159.125, 59.375, 2.8277174365673003e-24, nan 
159.375, 59.375, 2.5213250566793657e-24, nan 
159.625, 59.375, 3.354975963920995e-24, nan 
159.875, 59.375, 3.01329821886802e-24, nan 
160.125, 59.375, 4.860434292250705e-24, nan 
160.375, 59.375, 4.3848882413917366e-24, nan 
160.625, 59.375, 1.5372661384637584e-24, nan 
160.875, 59.375, 1.0308565392151655e-24, nan 
161.125, 59.375, 1.2874533245105896e-24, nan 
161.375, 59.375, 5.0759048425383134e-24, nan 
161.625, 59.375, 8.057571865948194e-24, nan 
161.875, 59.375, 6.822996001863932e-24, nan 
162.125, 59.375, 1.8934557055310257e-23, nan 
162.375, 59.375, 1.6984586087108685e-23, nan 
162.625, 59.375, 4.1805957086837975e-24, nan 
162.875, 59.375, 6.099461803392563e-24, nan 
163.125, 59.375, 4.367428613912229e-24, nan 
163.375, 59.375, 9.38439638505909e-24, nan 
163.625, 59.375, 8.783017156333395e-24, nan 
163.875, 59.375, 4.210383307940086e-24, nan 
164.125, 59.375, 4.6946061116890264e-24, nan 
164.375, 59.375, 7.14020625044232e-24, nan 
164.625, 59.375, 7.88100522088554e-24, nan 
164.875, 59.375, 4.660229154939551e-24, nan 
165.125, 59.375, 1.2836942742139959e-23, nan 
165.375, 59.375, 1.2645812167377832e-23, nan 
165.625, 59.375, 5.353328101819109e-24, nan 
165.875, 59.375, 2.732283748395767e-24, nan 
166.125, 59.375, 4.900237397373229e-24, nan 
166.375, 59.375, 1.0169984699797974e-23, nan 
166.625, 59.375, 8.29469755218022e-24, nan 
166.875, 59.375, 2.90009970621989e-24, nan 
167.125, 59.375, 4.0112918883811746e-24, nan 
167.375, 59.375, 2.7873483847336767e-24, nan 
167.625, 59.375, 3.052765336574988e-24, nan 
167.875, 59.375, 5.191472522250371e-24, nan 
54.625, 59.625, 7.686861540289317e-24, nan 
54.875, 59.625, 8.563738463818648e-24, nan 
55.125, 59.625, 4.947828578471284e-24, nan 
55.375, 59.625, 4.7068159787237715e-24, nan 
55.625, 59.625, 6.549206098471982e-24, nan 
55.875, 59.625, 7.185699222109189e-24, nan 
56.125, 59.625, 1.661496315576213e-23, nan 
56.375, 59.625, 1.9881294660284818e-23, nan 
56.625, 59.625, 1.5352132930467373e-23, nan 
56.875, 59.625, 1.8891731783540345e-23, nan 
57.125, 59.625, 1.6781657818011427e-23, nan 
57.375, 59.625, 4.030743206004479e-23, nan 
57.625, 59.625, 4.483819450641031e-23, nan 
57.875, 59.625, 2.593384396816356e-23, nan 
58.125, 59.625, 1.8359397290117813e-23, nan 
58.375, 59.625, 3.732943534622832e-23, nan 
58.625, 59.625, 3.3448002786414003e-23, nan 
58.875, 59.625, 1.16513307809236e-23, nan 
59.125, 59.625, 1.2617930337121584e-23, nan 
59.375, 59.625, 1.583219105043346e-23, nan 
59.625, 59.625, 6.386189327332564e-23, nan 
59.875, 59.625, 6.973029168652782e-23, nan 
60.125, 59.625, 3.4931920944638925e-23, nan 
60.375, 59.625, 3.496943456756485e-23, nan 
60.625, 59.625, 3.0157757684393934e-23, nan 
60.875, 59.625, 2.4135675498389964e-23, nan 
61.125, 59.625, 1.460575050355403e-23, nan 
61.375, 59.625, 4.575996512196413e-23, nan 
61.625, 59.625, 4.5895032208375204e-23, nan 
61.875, 59.625, 1.048951777006265e-23, nan 
62.125, 59.625, 1.4439187628502635e-23, nan 
62.375, 59.625, 7.323523660057177e-24, nan 
62.625, 59.625, 6.585874013516633e-24, nan 
62.875, 59.625, 6.320078450539899e-24, nan 
63.125, 59.625, 8.46352967600682e-24, nan 
63.375, 59.625, 2.2037668429559208e-23, nan 
63.625, 59.625, 2.1629289315196094e-23, nan 
63.875, 59.625, 1.089105893975689e-23, nan 
64.125, 59.625, 1.6264200773268395e-23, nan 
64.375, 59.625, 1.744129601376602e-23, nan 
64.625, 59.625, 1.5046604379964748e-23, nan 
64.875, 59.625, 1.6912964451761698e-23, nan 
65.125, 59.625, 9.269100960333943e-24, nan 
65.375, 59.625, 1.5050969013251958e-23, nan 
65.625, 59.625, 1.6820464230694897e-23, nan 
65.875, 59.625, 1.227091675341912e-23, nan 
66.125, 59.625, 1.5911544061799538e-23, nan 
66.375, 59.625, 2.0665285395216362e-23, nan 
66.625, 59.625, 1.364026966438471e-23, nan 
66.875, 59.625, 9.071602237043308e-24, nan 
67.125, 59.625, 1.9801229772680724e-23, nan 
67.375, 59.625, 1.394324997425508e-23, nan 
67.625, 59.625, 1.8058414191029875e-23, nan 
67.875, 59.625, 1.8543119652325648e-23, nan 
68.125, 59.625, 2.1489633731664358e-23, nan 
68.375, 59.625, 1.927444353082198e-23, nan 
68.625, 59.625, 2.044722491799501e-23, nan 
68.875, 59.625, 1.759911259325032e-23, nan 
69.125, 59.625, 3.156617132800239e-23, nan 
69.375, 59.625, 4.14030444804786e-23, nan 
69.625, 59.625, 3.4187871732931926e-23, nan 
69.875, 59.625, 5.473981359328159e-23, nan 
70.125, 59.625, 6.681232609707719e-23, nan 
70.375, 59.625, 5.1122723460506536e-23, nan 
70.625, 59.625, 4.3415597127566366e-23, nan 
70.875, 59.625, 9.5418791638142e-24, nan 
71.125, 59.625, 8.921899775083973e-24, nan 
71.375, 59.625, 7.048412537981757e-24, nan 
71.625, 59.625, 8.111225352609592e-24, nan 
71.875, 59.625, 1.0983578845066542e-23, nan 
72.125, 59.625, 2.1378774451551396e-23, nan 
72.375, 59.625, 2.029251815256056e-23, nan 
72.625, 59.625, 1.9164963968396742e-23, nan 
72.875, 59.625, 3.795637678221771e-23, nan 
73.125, 59.625, 5.241539860242066e-23, nan 
73.375, 59.625, 6.198822744700191e-23, nan 
73.625, 59.625, 7.529982247662857e-23, nan 
73.875, 59.625, 5.409205236931554e-23, nan 
74.125, 59.625, 6.75647005308445e-23, nan 
74.375, 59.625, 6.857606075839361e-23, nan 
74.625, 59.625, 5.969214423284228e-23, nan 
74.875, 59.625, 7.205584680891138e-23, nan 
75.125, 59.625, 5.399410823049785e-23, nan 
75.375, 59.625, 3.032717896676991e-23, nan 
75.625, 59.625, 2.7519435795179874e-23, nan 
75.875, 59.625, 3.3140573735765047e-23, nan 
76.125, 59.625, 2.0594604943712165e-23, nan 
76.375, 59.625, 3.437320029822085e-23, nan 
76.625, 59.625, 8.227068225243016e-23, nan 
76.875, 59.625, 8.610265732824264e-23, nan 
77.125, 59.625, 5.533570659415135e-23, nan 
77.375, 59.625, 4.3645991652953035e-23, nan 
77.625, 59.625, 2.1884910704627004e-23, nan 
77.875, 59.625, 3.8780123171099936e-23, nan 
78.125, 59.625, 3.869858480712492e-23, nan 
78.375, 59.625, 2.740499951367607e-23, nan 
78.625, 59.625, 2.6724304397787413e-23, nan 
78.875, 59.625, 1.7918361228855847e-23, nan 
79.125, 59.625, 1.359910882317091e-23, nan 
79.375, 59.625, 1.0535879541947392e-22, nan 
79.625, 59.625, 1.3502119144084943e-22, nan 
79.875, 59.625, 1.6322011903163615e-22, nan 
80.125, 59.625, 1.3798831829754663e-22, nan 
80.375, 59.625, 9.170261884172477e-23, nan 
80.625, 59.625, 3.5081584378598836e-23, nan 
80.875, 59.625, 4.085337564332924e-23, nan 
81.125, 59.625, 2.4208398039734278e-23, nan 
81.375, 59.625, 2.9255514609350163e-23, nan 
81.625, 59.625, 2.5422624774413823e-23, nan 
81.875, 59.625, 1.593259353100082e-23, nan 
82.125, 59.625, 4.180876661903857e-23, nan 
82.375, 59.625, 4.733309518536251e-23, nan 
82.625, 59.625, 2.6069468297983687e-23, nan 
82.875, 59.625, 3.3516894059270303e-23, nan 
83.125, 59.625, 3.9469550017090187e-23, nan 
83.375, 59.625, 1.4365872527482375e-22, nan 
83.625, 59.625, 1.4582413568451965e-22, nan 
83.875, 59.625, 1.3633485096296633e-22, nan 
84.125, 59.625, 1.737041716092361e-22, nan 
84.375, 59.625, 1.3037528925844217e-22, nan 
84.625, 59.625, 9.37838545315602e-23, nan 
84.875, 59.625, 8.614810877060567e-23, nan 
85.125, 59.625, 4.184435911834475e-23, nan 
85.375, 59.625, 6.795361613688904e-23, nan 
85.625, 59.625, 9.688217864810783e-23, nan 
85.875, 59.625, 5.95892018901611e-23, nan 
86.125, 59.625, 1.9128928845226254e-22, nan 
86.375, 59.625, 2.0326152696511916e-22, nan 
86.625, 59.625, 7.254483769808281e-23, nan 
86.875, 59.625, 8.584884130511715e-23, nan 
87.125, 59.625, 7.849672715471438e-23, nan 
87.375, 59.625, 4.228459507622076e-23, nan 
87.625, 59.625, 7.082496029203499e-23, nan 
87.875, 59.625, 8.68670144602357e-23, nan 
88.125, 59.625, 1.4091928362876255e-22, nan 
88.375, 59.625, 7.091918994123546e-23, nan 
88.625, 59.625, 1.2245047981472875e-22, nan 
88.875, 59.625, 8.377904488612569e-23, nan 
89.125, 59.625, 9.343405701221501e-23, nan 
89.375, 59.625, 1.1469799129797542e-22, nan 
89.625, 59.625, 8.671735352140289e-23, nan 
89.875, 59.625, 9.704617161847723e-23, nan 
90.125, 59.625, 9.846357134308816e-23, nan 
90.375, 59.625, 1.1104438479483694e-22, nan 
90.625, 59.625, 3.24657011586985e-22, nan 
90.875, 59.625, 3.5064886178617796e-22, nan 
91.125, 59.625, 4.2710251682156215e-22, nan 
91.375, 59.625, 5.079459616514777e-22, nan 
91.625, 59.625, 4.620083381775501e-22, nan 
91.875, 59.625, 4.285180273029695e-22, nan 
92.125, 59.625, 3.8381565241935433e-22, nan 
92.375, 59.625, 2.5620799592510484e-22, nan 
92.625, 59.625, 2.9144379969594617e-22, nan 
92.875, 59.625, 2.449055278160055e-22, nan 
93.125, 59.625, 2.202548093934284e-22, nan 
93.375, 59.625, 2.676418977539402e-22, nan 
93.625, 59.625, 3.287042755298968e-22, nan 
93.875, 59.625, 3.2156850839497936e-22, nan 
94.125, 59.625, 2.2261555360879255e-22, nan 
94.375, 59.625, 2.5250742473540062e-22, nan 
94.625, 59.625, 3.3284473197127913e-22, nan 
94.875, 59.625, 3.740082759922928e-22, nan 
95.125, 59.625, 3.5352630027901598e-22, nan 
95.375, 59.625, 2.323659155814588e-22, nan 
95.625, 59.625, 2.428307294193078e-22, nan 
95.875, 59.625, 1.9319447158053372e-22, nan 
96.125, 59.625, 2.359446041628994e-22, nan 
96.375, 59.625, 6.177941899053491e-22, nan 
96.625, 59.625, 5.844259151576527e-22, nan 
96.875, 59.625, 3.143770733293205e-22, nan 
97.125, 59.625, 2.741821616646069e-22, nan 
97.375, 59.625, 1.7371652140143367e-22, nan 
97.625, 59.625, 1.0149845750691664e-21, nan 
97.875, 59.625, 1.4253456093645034e-21, nan 
98.125, 59.625, 8.92248640196103e-22, nan 
98.375, 59.625, 3.704206236141691e-22, nan 
98.625, 59.625, 2.669801515544523e-22, nan 
98.875, 59.625, 2.4953498114099603e-22, nan 
99.125, 59.625, 2.8867086693127937e-22, nan 
99.375, 59.625, 2.597912987262942e-22, nan 
99.625, 59.625, 1.3765854820894693e-22, nan 
99.875, 59.625, 2.1171598058531114e-22, nan 
100.125, 59.625, 2.515378785419226e-22, nan 
100.375, 59.625, 3.9348455251099543e-22, nan 
100.625, 59.625, 5.619405212955753e-22, nan 
100.875, 59.625, 4.37950606098805e-22, nan 
101.125, 59.625, 2.4788946890398715e-22, nan 
101.375, 59.625, 1.7145814618539131e-22, nan 
101.625, 59.625, 1.8865118403125326e-22, nan 
101.875, 59.625, 1.5244667550786432e-22, nan 
102.125, 59.625, 1.322767965839359e-22, nan 
102.375, 59.625, 4.3152786841570315e-22, nan 
102.625, 59.625, 2.682349284694699e-21, nan 
102.875, 59.625, 2.7750342012478492e-21, nan 
103.125, 59.625, 7.175813452074757e-22, nan 
103.375, 59.625, 1.0795091809615824e-21, nan 
103.625, 59.625, 9.81792983179001e-22, nan 
103.875, 59.625, 4.294072039071745e-22, nan 
104.125, 59.625, 2.8263559015755953e-22, nan 
104.375, 59.625, 2.9549222428044734e-22, nan 
104.625, 59.625, 3.5995306164443755e-22, nan 
104.875, 59.625, 3.899547579987784e-22, nan 
105.125, 59.625, 4.350567485123695e-22, nan 
105.375, 59.625, 3.460583461798531e-22, nan 
105.625, 59.625, 2.4446810915346635e-22, nan 
105.875, 59.625, 2.650242792347596e-22, nan 
106.125, 59.625, 2.3943398076139524e-22, nan 
106.375, 59.625, 1.786426270506295e-22, nan 
106.625, 59.625, 3.849634177814872e-22, nan 
106.875, 59.625, 4.438675190119036e-22, nan 
107.125, 59.625, 4.55322100389921e-22, nan 
107.375, 59.625, 9.565223500117628e-22, nan 
107.625, 59.625, 7.927795304892303e-22, nan 
107.875, 59.625, 9.803524556151869e-23, nan 
108.125, 59.625, 1.4384803505460851e-22, nan 
108.375, 59.625, 2.7852578802177806e-22, nan 
108.625, 59.625, 3.5227454808614675e-22, nan 
108.875, 59.625, 1.0456939999171497e-22, nan 
109.125, 59.625, 1.6582294755789083e-22, nan 
109.375, 59.625, 1.5710447491442844e-22, nan 
109.625, 59.625, 1.2970758376981522e-22, nan 
109.875, 59.625, 1.4355536324494476e-22, nan 
110.125, 59.625, 1.9627138202751403e-22, nan 
110.375, 59.625, 3.182265298106706e-22, nan 
110.625, 59.625, 3.2705804260583275e-22, nan 
110.875, 59.625, 2.193992298799744e-22, nan 
111.125, 59.625, 1.685110165396272e-22, nan 
111.375, 59.625, 6.798408811131873e-22, nan 
111.625, 59.625, 7.339572696491169e-22, nan 
111.875, 59.625, 5.221802834031411e-22, nan 
112.125, 59.625, 3.138947481251041e-22, nan 
112.375, 59.625, 1.4646622822891568e-22, nan 
112.625, 59.625, 1.866847796975639e-22, nan 
112.875, 59.625, 2.6565087313193727e-22, nan 
113.125, 59.625, 2.9484448099055644e-22, nan 
113.375, 59.625, 1.8434088610218617e-22, nan 
113.625, 59.625, 2.478021835453243e-22, nan 
113.875, 59.625, 2.380735021101328e-22, nan 
114.125, 59.625, 1.5217410627985798e-22, nan 
114.375, 59.625, 1.800575202076335e-22, nan 
114.625, 59.625, 2.482168145785314e-22, nan 
114.875, 59.625, 2.686208588966282e-22, nan 
115.125, 59.625, 2.88809831511881e-22, nan 
115.375, 59.625, 2.2371199804070414e-22, nan 
115.625, 59.625, 2.0001476614813415e-22, nan 
115.875, 59.625, 2.893742826771225e-22, nan 
116.125, 59.625, 5.389001541765048e-22, nan 
116.375, 59.625, 4.942697222369281e-22, nan 
116.625, 59.625, 2.278711502676976e-22, nan 
116.875, 59.625, 2.640013862932256e-22, nan 
117.125, 59.625, 1.9884031123764935e-22, nan 
117.375, 59.625, 1.482896101364425e-22, nan 
117.625, 59.625, 1.1567584830192377e-22, nan 
117.875, 59.625, 9.13859136154287e-23, nan 
118.125, 59.625, 8.789104787366505e-23, nan 
118.375, 59.625, 5.1960064483646984e-23, nan 
118.625, 59.625, 6.437544750317434e-23, nan 
118.875, 59.625, 1.2004462473746432e-22, nan 
119.125, 59.625, 1.247943644242996e-22, nan 
119.375, 59.625, 1.4380196214490151e-22, nan 
119.625, 59.625, 1.7213074224286472e-22, nan 
119.875, 59.625, 4.752551927274817e-22, nan 
120.125, 59.625, 4.410002063672984e-22, nan 
120.375, 59.625, 1.1270732358871376e-22, nan 
120.625, 59.625, 3.954553412264046e-22, nan 
120.875, 59.625, 3.229133857612934e-22, nan 
121.125, 59.625, 1.0412443750743295e-22, nan 
121.375, 59.625, 1.2136524241120764e-22, nan 
121.625, 59.625, 1.2711235858822904e-22, nan 
121.875, 59.625, 6.912588861037248e-23, nan 
122.125, 59.625, 1.0276274700539855e-22, nan 
122.375, 59.625, 9.52250519015274e-23, nan 
122.625, 59.625, 5.756179326437023e-23, nan 
122.875, 59.625, 9.123960976897903e-23, nan 
123.125, 59.625, 7.060319355756748e-23, nan 
123.375, 59.625, 7.94986976593223e-23, nan 
123.625, 59.625, 7.204488692334423e-23, nan 
123.875, 59.625, 9.94608131078832e-23, nan 
124.125, 59.625, 1.233877448861496e-22, nan 
124.375, 59.625, 1.1890490671173533e-22, nan 
124.625, 59.625, 5.461753788534557e-23, nan 
124.875, 59.625, 3.203905736140381e-23, nan 
125.125, 59.625, 3.661562594242702e-23, nan 
125.375, 59.625, 5.235287427808751e-23, nan 
125.625, 59.625, 3.01508161756619e-23, nan 
125.875, 59.625, 6.009429954008311e-23, nan 
126.125, 59.625, 6.065329482277226e-23, nan 
126.375, 59.625, 5.481596606970161e-23, nan 
126.625, 59.625, 6.243325994617399e-23, nan 
126.875, 59.625, 1.1588879621174915e-22, nan 
127.125, 59.625, 1.3837939553415404e-22, nan 
127.375, 59.625, 1.0100843282663253e-22, nan 
127.625, 59.625, 1.0187941026731784e-22, nan 
127.875, 59.625, 7.101811367942648e-23, nan 
128.125, 59.625, 1.5179117730341262e-22, nan 
128.375, 59.625, 1.6732041924617484e-22, nan 
128.625, 59.625, 1.4835457243618524e-22, nan 
128.875, 59.625, 1.7371456569281978e-22, nan 
129.125, 59.625, 1.9515211928699312e-22, nan 
129.375, 59.625, 2.2188475753746873e-22, nan 
129.625, 59.625, 2.1302334244831295e-22, nan 
129.875, 59.625, 5.920177823797631e-23, nan 
130.125, 59.625, 1.1242164708836822e-22, nan 
130.375, 59.625, 1.6311296760949262e-22, nan 
130.625, 59.625, 1.294975501493051e-22, nan 
130.875, 59.625, 7.42151843126481e-23, nan 
131.125, 59.625, 6.33560338764587e-23, nan 
131.375, 59.625, 5.96281645260445e-23, nan 
131.625, 59.625, 6.449360127587329e-23, nan 
131.875, 59.625, 6.369754738101546e-23, nan 
132.125, 59.625, 8.141639717823692e-23, nan 
132.375, 59.625, 9.042562207111301e-23, nan 
132.625, 59.625, 1.0832551862719878e-22, nan 
132.875, 59.625, 8.745478772956603e-23, nan 
133.125, 59.625, 1.163101645010334e-22, nan 
133.375, 59.625, 9.645275428666149e-23, nan 
133.625, 59.625, 3.6969653913029633e-23, nan 
133.875, 59.625, 4.867563581077766e-23, nan 
134.125, 59.625, 4.9762961807965137e-23, nan 
134.375, 59.625, 3.3747922559710843e-23, nan 
134.625, 59.625, 1.092884378945412e-22, nan 
134.875, 59.625, 2.0626493125675736e-22, nan 
135.125, 59.625, 1.8074398614894452e-22, nan 
135.375, 59.625, 2.0013796495156341e-22, nan 
135.625, 59.625, 9.796856552028282e-22, nan 
135.875, 59.625, 1.3924931103654425e-21, nan 
136.125, 59.625, 1.3102942705770243e-21, nan 
136.375, 59.625, 7.792994548198409e-22, nan 
136.625, 59.625, 1.2682048030463836e-22, nan 
136.875, 59.625, 2.279459679964136e-22, nan 
137.125, 59.625, 2.035463324886345e-22, nan 
137.375, 59.625, 7.81219062697826e-23, nan 
137.625, 59.625, 9.150089929527441e-23, nan 
137.875, 59.625, 1.5716819539085026e-22, nan 
138.125, 59.625, 2.5906307170231025e-22, nan 
138.375, 59.625, 1.2612704847606404e-22, nan 
138.625, 59.625, 8.589989784396924e-23, nan 
138.875, 59.625, 3.139352846535454e-23, nan 
139.125, 59.625, 1.977133512603711e-23, nan 
139.375, 59.625, 9.900429528059552e-24, nan 
139.625, 59.625, 4.14332930713118e-23, nan 
139.875, 59.625, 7.841929804296921e-23, nan 
140.125, 59.625, 9.33744964824495e-23, nan 
140.375, 59.625, 8.579440063377378e-23, nan 
140.625, 59.625, 9.061401433219647e-23, nan 
140.875, 59.625, 9.448787689096245e-23, nan 
141.125, 59.625, 5.893674303738767e-23, nan 
141.375, 59.625, 2.4441326299063753e-23, nan 
141.625, 59.625, 2.0590743916811052e-23, nan 
141.875, 59.625, 4.773977519541896e-23, nan 
142.125, 59.625, 6.151934658962687e-23, nan 
142.375, 59.625, 4.126202860502966e-23, nan 
142.625, 59.625, 2.5146758384393034e-23, nan 
142.875, 59.625, 1.9126102934255318e-23, nan 
143.125, 59.625, 2.0903203156023475e-23, nan 
143.375, 59.625, 1.819677629462359e-23, nan 
143.625, 59.625, 6.402013956017924e-23, nan 
143.875, 59.625, 6.197607377625485e-23, nan 
144.125, 59.625, 2.184090820468231e-23, nan 
144.375, 59.625, 2.005060806409932e-23, nan 
144.625, 59.625, 5.5109877535738155e-24, nan 
144.875, 59.625, 7.547262747372128e-24, nan 
145.125, 59.625, 1.0368085055893189e-23, nan 
145.375, 59.625, 1.0355818536286526e-23, nan 
145.625, 59.625, 4.67008579348466e-24, nan 
145.875, 59.625, 1.0043253371366702e-23, nan 
146.125, 59.625, 1.3486787678045572e-23, nan 
146.375, 59.625, 1.451270189111556e-23, nan 
146.625, 59.625, 1.0630980539216455e-23, nan 
146.875, 59.625, 1.4935668574196576e-23, nan 
147.125, 59.625, 1.6533420651074373e-23, nan 
147.375, 59.625, 1.1963571520290081e-23, nan 
147.625, 59.625, 1.2506310638604025e-23, nan 
147.875, 59.625, 1.2829974309422014e-23, nan 
148.125, 59.625, 7.56257149648906e-24, nan 
148.375, 59.625, 5.12844808569748e-24, nan 
148.625, 59.625, 1.438216164176148e-23, nan 
148.875, 59.625, 8.490701910565407e-24, nan 
149.125, 59.625, 4.543126197893606e-24, nan 
149.375, 59.625, 7.517625530997329e-24, nan 
149.625, 59.625, 5.4704686500870765e-24, nan 
149.875, 59.625, 1.6951941697758393e-23, nan 
150.125, 59.625, 1.731616910662417e-23, nan 
150.375, 59.625, 1.586178324004343e-23, nan 
150.625, 59.625, 3.095987109041484e-23, nan 
150.875, 59.625, 3.9525624035824326e-23, nan 
151.125, 59.625, 3.593412829484232e-23, nan 
151.375, 59.625, 2.1664019750432075e-23, nan 
151.625, 59.625, 9.391967297852599e-24, nan 
151.875, 59.625, 1.0619774662678517e-23, nan 
152.125, 59.625, 1.3216779157664878e-23, nan 
152.375, 59.625, 1.1686261200894865e-23, nan 
152.625, 59.625, 3.0347298193874013e-23, nan 
152.875, 59.625, 4.263494527490413e-23, nan 
153.125, 59.625, 4.099724076041475e-23, nan 
153.375, 59.625, 1.670340396068958e-23, nan 
153.625, 59.625, 1.0710973255467604e-23, nan 
153.875, 59.625, 8.880114071397693e-24, nan 
154.125, 59.625, 5.7166159813060015e-24, nan 
154.375, 59.625, 7.609691019075484e-24, nan 
154.625, 59.625, 7.992626082156109e-24, nan 
154.875, 59.625, 1.0085030207436247e-23, nan 
155.125, 59.625, 9.208918215325892e-24, nan 
155.375, 59.625, 6.5226572055505995e-24, nan 
155.625, 59.625, 4.814327080650758e-24, nan 
155.875, 59.625, 1.0795926186391545e-23, nan 
156.125, 59.625, 9.69959316611582e-24, nan 
156.375, 59.625, 5.773304604785125e-24, nan 
156.625, 59.625, 4.742291192990901e-24, nan 
156.875, 59.625, 4.570621466005307e-24, nan 
157.125, 59.625, 7.384740821087315e-24, nan 
157.375, 59.625, 8.673153522790349e-24, nan 
157.625, 59.625, 9.581621066650235e-24, nan 
157.875, 59.625, 1.26333783016586e-23, nan 
158.125, 59.625, 1.0956044534835992e-23, nan 
158.375, 59.625, 5.388854966424942e-24, nan 
158.625, 59.625, 2.0102781831924748e-24, nan 
158.875, 59.625, 2.1658333340949088e-24, nan 
159.125, 59.625, 2.669383318475591e-24, nan 
159.375, 59.625, 2.1316150349906237e-24, nan 
159.625, 59.625, 3.661201800681731e-24, nan 
159.875, 59.625, 4.0270917717057216e-24, nan 
160.125, 59.625, 3.3898668067957304e-24, nan 
160.375, 59.625, 1.5358394803998458e-24, nan 
160.625, 59.625, 1.855248482103262e-24, nan 
160.875, 59.625, 3.101126197609298e-24, nan 
161.125, 59.625, 4.310552653890792e-24, nan 
161.375, 59.625, 8.31306773238314e-24, nan 
161.625, 59.625, 7.741688230135909e-24, nan 
161.875, 59.625, 1.5934558665604685e-23, nan 
162.125, 59.625, 1.775525770265331e-23, nan 
162.375, 59.625, 5.7574426990766414e-24, nan 
162.625, 59.625, 5.258056702834409e-24, nan 
162.875, 59.625, 6.955058972500813e-24, nan 
163.125, 59.625, 5.446709596697439e-24, nan 
163.375, 59.625, 4.918348276171439e-24, nan 
163.625, 59.625, 1.7237957015683076e-24, nan 
163.875, 59.625, 2.9740709198921696e-24, nan 
164.125, 59.625, 4.044749608928423e-24, nan 
164.375, 59.625, 4.886598388902625e-24, nan 
164.625, 59.625, 6.989020289740413e-24, nan 
164.875, 59.625, 7.335215653919759e-24, nan 
165.125, 59.625, 7.027452787715093e-24, nan 
165.375, 59.625, 1.1525185354912962e-23, nan 
165.625, 59.625, 8.53110308473422e-24, nan 
165.875, 59.625, 3.9313759654925144e-24, nan 
166.125, 59.625, 4.7738487129422645e-24, nan 
166.375, 59.625, 6.482656138463389e-24, nan 
166.625, 59.625, 4.919034962711426e-24, nan 
166.875, 59.625, 1.0526333373624832e-24, nan 
167.125, 59.625, 4.081229423186263e-24, nan 
167.375, 59.625, 4.458063023766322e-24, nan 
167.625, 59.625, 2.6172103223911277e-24, nan 
167.875, 59.625, 2.006646293972328e-24, nan 
168.125, 59.625, 3.848433879799693e-24, nan 
168.375, 59.625, 6.779444444864197e-24, nan 
53.875, 59.875, 1.1309212600182318e-23, nan 
54.125, 59.875, 7.228936308737299e-24, nan 
54.375, 59.875, 3.959582182850036e-24, nan 
54.625, 59.875, 7.934712823732764e-24, nan 
54.875, 59.875, 9.027952410247545e-24, nan 
55.125, 59.875, 6.146833203547233e-24, nan 
55.375, 59.875, 5.7392144417098914e-24, nan 
55.625, 59.875, 9.725156916817062e-24, nan 
55.875, 59.875, 1.224823781604765e-23, nan 
56.125, 59.875, 1.6082087188858518e-23, nan 
56.375, 59.875, 1.8210069426529277e-23, nan 
56.625, 59.875, 1.5104497673602593e-23, nan 
56.875, 59.875, 1.0164156684466928e-23, nan 
57.125, 59.875, 1.0010969296352218e-23, nan 
57.375, 59.875, 4.8676210026421766e-24, nan 
57.625, 59.875, 2.0995888316105795e-23, nan 
57.875, 59.875, 1.6705804594637854e-23, nan 
58.125, 59.875, 1.4431011919366562e-23, nan 
58.375, 59.875, 1.766124275235514e-23, nan 
58.625, 59.875, 1.3401791646267102e-23, nan 
58.875, 59.875, 1.5398433197961811e-23, nan 
59.125, 59.875, 1.7973140229389453e-23, nan 
59.375, 59.875, 1.8161948997042978e-23, nan 
59.625, 59.875, 2.845022923022944e-23, nan 
59.875, 59.875, 2.348967763896322e-23, nan 
60.125, 59.875, 2.6703299229035955e-23, nan 
60.375, 59.875, 2.777832777093883e-23, nan 
60.625, 59.875, 2.6249821679043267e-23, nan 
60.875, 59.875, 3.500590151953972e-23, nan 
61.125, 59.875, 2.9631604920986236e-23, nan 
61.375, 59.875, 2.772149098741218e-23, nan 
61.625, 59.875, 1.9661731656800782e-23, nan 
61.875, 59.875, 1.1667475024471026e-23, nan 
62.125, 59.875, 9.579646606416227e-24, nan 
62.375, 59.875, 9.232510632383285e-24, nan 
62.625, 59.875, 7.388450892118772e-24, nan 
62.875, 59.875, 1.098470777452717e-23, nan 
63.125, 59.875, 1.1965117264696462e-23, nan 
63.375, 59.875, 1.0530820820783697e-23, nan 
63.625, 59.875, 1.0906102922488381e-23, nan 
63.875, 59.875, 8.554379856660778e-24, nan 
64.125, 59.875, 1.363698490569534e-23, nan 
64.375, 59.875, 1.8201426287752282e-23, nan 
64.625, 59.875, 2.196952451310727e-23, nan 
64.875, 59.875, 2.3770889433362773e-23, nan 
65.125, 59.875, 1.9078451057103052e-23, nan 
65.375, 59.875, 2.4241291659389347e-23, nan 
65.625, 59.875, 2.5469747323948823e-23, nan 
65.875, 59.875, 1.2119168793505175e-23, nan 
66.125, 59.875, 4.2963568353322105e-24, nan 
66.375, 59.875, 1.793669598608669e-23, nan 
66.625, 59.875, 1.9039436288207402e-23, nan 
66.875, 59.875, 2.7019201255807756e-23, nan 
67.125, 59.875, 3.427692390676108e-23, nan 
67.375, 59.875, 1.9363388103910592e-23, nan 
67.625, 59.875, 2.3915563964226904e-23, nan 
67.875, 59.875, 2.3339968077163098e-23, nan 
68.125, 59.875, 2.0448297510185366e-23, nan 
68.375, 59.875, 2.2165033731721555e-23, nan 
68.625, 59.875, 1.3692526072999463e-23, nan 
68.875, 59.875, 1.0759855406328125e-23, nan 
69.125, 59.875, 8.209125065016131e-24, nan 
69.375, 59.875, 2.354613537599108e-23, nan 
69.625, 59.875, 2.365980962341501e-23, nan 
69.875, 59.875, 1.618664630827785e-23, nan 
70.125, 59.875, 3.5236834457167404e-23, nan 
70.375, 59.875, 5.1467612390912946e-23, nan 
70.625, 59.875, 4.6422366313774935e-23, nan 
70.875, 59.875, 1.4853050757587668e-23, nan 
71.125, 59.875, 8.943004092203348e-24, nan 
71.375, 59.875, 1.1105973811319512e-23, nan 
71.625, 59.875, 2.4174001926474597e-23, nan 
71.875, 59.875, 2.667529422161623e-23, nan 
72.125, 59.875, 2.986853575560102e-23, nan 
72.375, 59.875, 1.8818980306080052e-23, nan 
72.625, 59.875, 7.503776909649791e-24, nan 
72.875, 59.875, 7.90191185528266e-24, nan 
73.125, 59.875, 1.8412999352415925e-23, nan 
73.375, 59.875, 3.5320568534939674e-23, nan 
73.625, 59.875, 3.985863280106638e-23, nan 
73.875, 59.875, 2.8304811036768096e-23, nan 
74.125, 59.875, 5.453671098161515e-23, nan 
74.375, 59.875, 4.320645286412366e-23, nan 
74.625, 59.875, 3.60444350168877e-23, nan 
74.875, 59.875, 3.8555283244208754e-23, nan 
75.125, 59.875, 6.557981693155779e-23, nan 
75.375, 59.875, 6.202620705156984e-23, nan 
75.625, 59.875, 3.573262083441112e-23, nan 
75.875, 59.875, 8.652388771330888e-23, nan 
76.125, 59.875, 8.082327103240516e-23, nan 
76.375, 59.875, 6.538844964244608e-23, nan 
76.625, 59.875, 6.895602822379138e-23, nan 
76.875, 59.875, 4.9459369595320053e-23, nan 
77.125, 59.875, 4.268066811475964e-23, nan 
77.375, 59.875, 2.8842651038392837e-23, nan 
77.625, 59.875, 3.9936693652613144e-23, nan 
77.875, 59.875, 5.371425266754187e-23, nan 
78.125, 59.875, 1.6931523412085165e-23, nan 
78.375, 59.875, 2.4167822461495292e-23, nan 
78.625, 59.875, 2.684126321852299e-23, nan 
78.875, 59.875, 2.6054161128046497e-23, nan 
79.125, 59.875, 3.086583988075997e-23, nan 
79.375, 59.875, 3.364449511467334e-23, nan 
79.625, 59.875, 1.033144133957285e-22, nan 
79.875, 59.875, 1.4480990627461024e-22, nan 
80.125, 59.875, 7.966990238059824e-23, nan 
80.375, 59.875, 5.259988791111137e-23, nan 
80.625, 59.875, 3.560384592746627e-23, nan 
80.875, 59.875, 3.863740143150366e-23, nan 
81.125, 59.875, 3.3235366786887206e-23, nan 
81.375, 59.875, 2.9041159154847934e-23, nan 
81.625, 59.875, 2.04628890052832e-23, nan 
81.875, 59.875, 6.012250006499469e-24, nan 
82.125, 59.875, 1.8994330343676914e-23, nan 
82.375, 59.875, 2.815362133620805e-23, nan 
82.625, 59.875, 3.612480981618873e-23, nan 
82.875, 59.875, 1.0465655588300916e-22, nan 
83.125, 59.875, 9.902027319865946e-23, nan 
83.375, 59.875, 1.0708645797162285e-22, nan 
83.625, 59.875, 1.2431241419784557e-22, nan 
83.875, 59.875, 9.831579919686259e-23, nan 
84.125, 59.875, 9.650417268592563e-23, nan 
84.375, 59.875, 6.618818902627376e-23, nan 
84.625, 59.875, 4.8251506873627214e-23, nan 
84.875, 59.875, 6.077523274932759e-23, nan 
85.125, 59.875, 6.845029145090963e-23, nan 
85.375, 59.875, 6.863509466271035e-23, nan 
85.625, 59.875, 8.412547465626637e-23, nan 
85.875, 59.875, 1.8562025817971576e-22, nan 
86.125, 59.875, 2.07733374150863e-22, nan 
86.375, 59.875, 8.635491816231396e-23, nan 
86.625, 59.875, 3.5011399065799936e-23, nan 
86.875, 59.875, 6.869475946102213e-23, nan 
87.125, 59.875, 1.9859985755306307e-22, nan 
87.375, 59.875, 4.702183598943804e-22, nan 
87.625, 59.875, 3.486327425901858e-22, nan 
87.875, 59.875, 5.363343079161385e-22, nan 
88.125, 59.875, 9.150631988387313e-22, nan 
88.375, 59.875, 6.556549492623306e-22, nan 
88.625, 59.875, 3.7633554744859144e-22, nan 
88.875, 59.875, 2.191113948018647e-22, nan 
89.125, 59.875, 2.3416270478613573e-22, nan 
89.375, 59.875, 1.4338500253511921e-22, nan 
89.625, 59.875, 1.5517929625032816e-22, nan 
89.875, 59.875, 1.7297178017999039e-22, nan 
90.125, 59.875, 1.4075022557610784e-22, nan 
90.375, 59.875, 1.394449994902975e-22, nan 
90.625, 59.875, 1.636192366718503e-22, nan 
90.875, 59.875, 1.8775413972194522e-22, nan 
91.125, 59.875, 1.9754029471597486e-22, nan 
91.375, 59.875, 1.9011719909794785e-22, nan 
91.625, 59.875, 3.717072269936273e-22, nan 
91.875, 59.875, 4.894265544615233e-22, nan 
92.125, 59.875, 4.675682577176276e-22, nan 
92.375, 59.875, 3.6158922826902167e-22, nan 
92.625, 59.875, 3.3506547127056764e-22, nan 
92.875, 59.875, 3.057468160448778e-22, nan 
93.125, 59.875, 3.2134837854598027e-22, nan 
93.375, 59.875, 4.766118672168711e-22, nan 
93.625, 59.875, 4.014764526840948e-22, nan 
93.875, 59.875, 4.0476811637995276e-22, nan 
94.125, 59.875, 2.910794751865644e-22, nan 
94.375, 59.875, 2.9300897137398543e-22, nan 
94.625, 59.875, 3.503177775938259e-22, nan 
94.875, 59.875, 3.850948815698612e-22, nan 
95.125, 59.875, 4.607168738940974e-22, nan 
95.375, 59.875, 3.4482571545730127e-22, nan 
95.625, 59.875, 2.6512067369881404e-22, nan 
95.875, 59.875, 2.53614532908946e-22, nan 
96.125, 59.875, 8.919727299797033e-22, nan 
96.375, 59.875, 1.0525899091844661e-21, nan 
96.625, 59.875, 7.037096785905491e-22, nan 
96.875, 59.875, 5.5999324963912655e-22, nan 
97.125, 59.875, 4.470653306412789e-22, nan 
97.375, 59.875, 9.095000377227638e-22, nan 
97.625, 59.875, 1.4300114756627307e-21, nan 
97.875, 59.875, 1.301064931783838e-21, nan 
98.125, 59.875, 5.172747425206013e-22, nan 
98.375, 59.875, 1.9365131246294643e-22, nan 
98.625, 59.875, 2.364389620860543e-22, nan 
98.875, 59.875, 1.8267403812310442e-22, nan 
99.125, 59.875, 1.9814256215986514e-22, nan 
99.375, 59.875, 1.228876612512689e-22, nan 
99.625, 59.875, 2.9877463784465874e-22, nan 
99.875, 59.875, 3.8318661512590184e-22, nan 
100.125, 59.875, 3.351649785411191e-22, nan 
100.375, 59.875, 5.367395886593995e-22, nan 
100.625, 59.875, 1.1210562600755534e-21, nan 
100.875, 59.875, 9.9308545078286e-22, nan 
101.125, 59.875, 1.661911200797616e-22, nan 
101.375, 59.875, 1.3041600863856437e-22, nan 
101.625, 59.875, 2.7258780863981324e-22, nan 
101.875, 59.875, 2.814456686831756e-22, nan 
102.125, 59.875, 2.3721425012966734e-22, nan 
102.375, 59.875, 7.236259021940089e-22, nan 
102.625, 59.875, 2.955755516238494e-21, nan 
102.875, 59.875, 2.7132212020092325e-21, nan 
103.125, 59.875, 7.67937216848787e-22, nan 
103.375, 59.875, 9.893909392292878e-22, nan 
103.625, 59.875, 9.36464021047755e-22, nan 
103.875, 59.875, 6.71555663677943e-22, nan 
104.125, 59.875, 4.348878174148184e-22, nan 
104.375, 59.875, 3.335934934964132e-22, nan 
104.625, 59.875, 4.390548335348587e-22, nan 
104.875, 59.875, 4.3262745537983325e-22, nan 
105.125, 59.875, 4.342878792478858e-22, nan 
105.375, 59.875, 4.143479464911869e-22, nan 
105.625, 59.875, 3.0610880559000854e-22, nan 
105.875, 59.875, 3.4149478435587936e-22, nan 
106.125, 59.875, 2.5511494043630523e-22, nan 
106.375, 59.875, 2.328871517184276e-22, nan 
106.625, 59.875, 2.532079920161824e-22, nan 
106.875, 59.875, 1.7018973972802285e-22, nan 
107.125, 59.875, 5.648721696767505e-22, nan 
107.375, 59.875, 1.283191176190634e-21, nan 
107.625, 59.875, 1.1403824943369015e-21, nan 
107.875, 59.875, 3.660550365247131e-22, nan 
108.125, 59.875, 2.5753484628265564e-22, nan 
108.375, 59.875, 2.4575142673805604e-22, nan 
108.625, 59.875, 4.093045274031389e-22, nan 
108.875, 59.875, 2.957344642058066e-22, nan 
109.125, 59.875, 1.3996645493335959e-22, nan 
109.375, 59.875, 8.460561143175495e-23, nan 
109.625, 59.875, 2.4801024346144415e-22, nan 
109.875, 59.875, 2.676329899961705e-22, nan 
110.125, 59.875, 2.0754628604736783e-22, nan 
110.375, 59.875, 3.598540708249418e-22, nan 
110.625, 59.875, 3.7359717392590146e-22, nan 
110.875, 59.875, 3.133395502626117e-22, nan 
111.125, 59.875, 8.886076793363999e-22, nan 
111.375, 59.875, 1.2116364082459775e-21, nan 
111.625, 59.875, 8.71264818798884e-22, nan 
111.875, 59.875, 7.085640239275349e-22, nan 
112.125, 59.875, 5.221452163593131e-22, nan 
112.375, 59.875, 3.727194629983504e-22, nan 
112.625, 59.875, 1.9202183612419573e-22, nan 
112.875, 59.875, 2.247934329109226e-22, nan 
113.125, 59.875, 1.5995876320978233e-22, nan 
113.375, 59.875, 1.8926181365046095e-22, nan 
113.625, 59.875, 2.5805313341511006e-22, nan 
113.875, 59.875, 2.0890429695153935e-22, nan 
114.125, 59.875, 1.5455975586611324e-22, nan 
114.375, 59.875, 1.657479824328905e-22, nan 
114.625, 59.875, 1.0953521756648333e-22, nan 
114.875, 59.875, 1.9500918656535062e-22, nan 
115.125, 59.875, 2.5304658085146016e-22, nan 
115.375, 59.875, 3.227038757757909e-22, nan 
115.625, 59.875, 4.818091508724075e-22, nan 
115.875, 59.875, 5.5290250580827025e-22, nan 
116.125, 59.875, 5.038970716420649e-22, nan 
116.375, 59.875, 2.742423866788287e-22, nan 
116.625, 59.875, 3.155889150443371e-22, nan 
116.875, 59.875, 3.6480387474622174e-22, nan 
117.125, 59.875, 2.5654819954790233e-22, nan 
117.375, 59.875, 1.2703904737162607e-22, nan 
117.625, 59.875, 2.0308005837228858e-22, nan 
117.875, 59.875, 1.7636810205761783e-22, nan 
118.125, 59.875, 1.108572349764816e-22, nan 
118.375, 59.875, 1.264391628202274e-22, nan 
118.625, 59.875, 8.873900111797912e-23, nan 
118.875, 59.875, 1.7285785340551495e-22, nan 
119.125, 59.875, 1.9534742141786384e-22, nan 
119.375, 59.875, 1.4157799224679183e-22, nan 
119.625, 59.875, 2.0995726764055791e-22, nan 
119.875, 59.875, 3.914563633999874e-22, nan 
120.125, 59.875, 3.5605078849183306e-22, nan 
120.375, 59.875, 1.9735066842302551e-22, nan 
120.625, 59.875, 2.4083396943340895e-22, nan 
120.875, 59.875, 7.532409680935997e-23, nan 
121.125, 59.875, 2.3348775354803866e-22, nan 
121.375, 59.875, 2.1572604474567187e-22, nan 
121.625, 59.875, 8.068555784986072e-23, nan 
121.875, 59.875, 7.49248412192754e-23, nan 
122.125, 59.875, 8.192934083086394e-23, nan 
122.375, 59.875, 3.3539281238433213e-23, nan 
122.625, 59.875, 3.437136498351523e-23, nan 
122.875, 59.875, 8.915046230880832e-23, nan 
123.125, 59.875, 8.22131396033645e-23, nan 
123.375, 59.875, 6.387825669686191e-23, nan 
123.625, 59.875, 5.528096065975564e-23, nan 
123.875, 59.875, 6.845890931007439e-23, nan 
124.125, 59.875, 7.161144850607084e-23, nan 
124.375, 59.875, 1.1813713627972423e-22, nan 
124.625, 59.875, 1.1891379668649735e-22, nan 
124.875, 59.875, 6.234579676643327e-23, nan 
125.125, 59.875, 7.724324691919845e-23, nan 
125.375, 59.875, 6.387283649736564e-23, nan 
125.625, 59.875, 5.264662820089841e-23, nan 
125.875, 59.875, 6.343312080582218e-23, nan 
126.125, 59.875, 5.315371884696053e-23, nan 
126.375, 59.875, 1.135399771413147e-22, nan 
126.625, 59.875, 1.4083212889109615e-22, nan 
126.875, 59.875, 1.3593484476986601e-22, nan 
127.125, 59.875, 9.455949929770997e-23, nan 
127.375, 59.875, 4.138679899566088e-23, nan 
127.625, 59.875, 1.0796947648672657e-22, nan 
127.875, 59.875, 1.3489854196583335e-22, nan 
128.125, 59.875, 2.171621085352494e-22, nan 
128.375, 59.875, 2.1221569532868196e-22, nan 
128.625, 59.875, 1.8808912090246735e-22, nan 
128.875, 59.875, 2.3265870287476105e-22, nan 
129.125, 59.875, 2.400307785280041e-22, nan 
129.375, 59.875, 8.709145081623656e-23, nan 
129.625, 59.875, 1.830876157204328e-22, nan 
129.875, 59.875, 1.6367480201982205e-22, nan 
130.125, 59.875, 1.5887623672033434e-22, nan 
130.375, 59.875, 1.2938131439270381e-22, nan 
130.625, 59.875, 1.2841773272029677e-22, nan 
130.875, 59.875, 8.407783573537319e-23, nan 
131.125, 59.875, 1.0626584485840353e-22, nan 
131.375, 59.875, 9.095293132553378e-23, nan 
131.625, 59.875, 5.2732738165891503e-23, nan 
131.875, 59.875, 6.865025707286325e-23, nan 
132.125, 59.875, 7.530386588321596e-23, nan 
132.375, 59.875, 6.327017567796616e-23, nan 
132.625, 59.875, 3.9518063602434924e-23, nan 
132.875, 59.875, 5.499033509929633e-23, nan 
133.125, 59.875, 5.2131910652232706e-23, nan 
133.375, 59.875, 4.8863140220968026e-23, nan 
133.625, 59.875, 4.6339720966541206e-23, nan 
133.875, 59.875, 5.851964454728312e-23, nan 
134.125, 59.875, 1.5511488445085537e-23, nan 
134.375, 59.875, 1.907549146951635e-23, nan 
134.625, 59.875, 2.0169798649557042e-22, nan 
134.875, 59.875, 2.367022109462683e-22, nan 
135.125, 59.875, 2.33637820140999e-22, nan 
135.375, 59.875, 7.646878845326232e-22, nan 
135.625, 59.875, 2.1845495677059246e-21, nan 
135.875, 59.875, 2.435959866831027e-21, nan 
136.125, 59.875, 1.8047712065271706e-21, nan 
136.375, 59.875, 2.163819477411443e-21, nan 
136.625, 59.875, 1.7457035981712133e-21, nan 
136.875, 59.875, 3.2522463318468164e-22, nan 
137.125, 59.875, 2.3810095295673883e-22, nan 
137.375, 59.875, 4.4492168909536777e-23, nan 
137.625, 59.875, 7.104362976754333e-23, nan 
137.875, 59.875, 6.232052899280398e-23, nan 
138.125, 59.875, 9.605855693342765e-23, nan 
138.375, 59.875, 6.615172545015527e-23, nan 
138.625, 59.875, 1.9841713442442868e-23, nan 
138.875, 59.875, 2.5824839494576513e-23, nan 
139.125, 59.875, 3.0692833708592895e-23, nan 
139.375, 59.875, 3.1395571854947994e-23, nan 
139.625, 59.875, 2.7224815040814806e-23, nan 
139.875, 59.875, 2.7605603105909844e-23, nan 
140.125, 59.875, 4.6638457976368003e-23, nan 
140.375, 59.875, 7.944757739529348e-23, nan 
140.625, 59.875, 6.841226162604157e-23, nan 
140.875, 59.875, 3.5523316933620636e-23, nan 
141.125, 59.875, 6.33476866862088e-23, nan 
141.375, 59.875, 6.589329216626184e-23, nan 
141.625, 59.875, 2.5934315655735637e-23, nan 
141.875, 59.875, 7.20959013731378e-23, nan 
142.125, 59.875, 7.007014793262677e-23, nan 
142.375, 59.875, 2.6357691597824767e-23, nan 
142.625, 59.875, 2.600976447190244e-23, nan 
142.875, 59.875, 1.1966073267528528e-23, nan 
143.125, 59.875, 1.3066649088795246e-23, nan 
143.375, 59.875, 1.844025428473982e-23, nan 
143.625, 59.875, 5.60154026241502e-23, nan 
143.875, 59.875, 5.1177890361936864e-23, nan 
144.125, 59.875, 8.705632184331272e-24, nan 
144.375, 59.875, 7.949337894607549e-24, nan 
144.625, 59.875, 9.565462123263193e-24, nan 
144.875, 59.875, 1.316812221087879e-23, nan 
145.125, 59.875, 1.19460388478752e-23, nan 
145.375, 59.875, 7.964998479105041e-24, nan 
145.625, 59.875, 8.47264613597643e-24, nan 
145.875, 59.875, 1.520934602450535e-23, nan 
146.125, 59.875, 2.32877349486691e-23, nan 
146.375, 59.875, 1.5403355704471816e-23, nan 
146.625, 59.875, 7.180149627360289e-24, nan 
146.875, 59.875, 9.468619238834055e-24, nan 
147.125, 59.875, 2.0168198497051147e-23, nan 
147.375, 59.875, 1.3743958451050517e-23, nan 
147.625, 59.875, 9.552017402928228e-24, nan 
147.875, 59.875, 1.781783328031718e-23, nan 
148.125, 59.875, 1.8588422722235923e-23, nan 
148.375, 59.875, 1.5379295886045943e-23, nan 
148.625, 59.875, 1.7693341723272904e-23, nan 
148.875, 59.875, 9.411739226321742e-24, nan 
149.125, 59.875, 6.983725506373313e-24, nan 
149.375, 59.875, 9.604781225323671e-24, nan 
149.625, 59.875, 7.906975103451827e-24, nan 
149.875, 59.875, 1.2999771692287793e-23, nan 
150.125, 59.875, 1.3932142097443564e-23, nan 
150.375, 59.875, 1.4419378103465312e-23, nan 
150.625, 59.875, 2.892073241381381e-23, nan 
150.875, 59.875, 3.122487669267098e-23, nan 
151.125, 59.875, 3.00178365246375e-23, nan 
151.375, 59.875, 2.817998567627638e-23, nan 
151.625, 59.875, 1.9333969832156738e-23, nan 
151.875, 59.875, 1.670959050631058e-23, nan 
152.125, 59.875, 1.467854920952722e-23, nan 
152.375, 59.875, 2.1065994559315273e-23, nan 
152.625, 59.875, 3.952892560581234e-23, nan 
152.875, 59.875, 2.2387322812499024e-23, nan 
153.125, 59.875, 3.971048403395596e-23, nan 
153.375, 59.875, 3.4708191101248314e-23, nan 
153.625, 59.875, 2.2853343778251917e-23, nan 
153.875, 59.875, 8.065071183621213e-24, nan 
154.125, 59.875, 1.2917194523818966e-23, nan 
154.375, 59.875, 1.651801452212693e-23, nan 
154.625, 59.875, 8.62755179994254e-24, nan 
154.875, 59.875, 8.308351872985269e-24, nan 
155.125, 59.875, 7.240285099305196e-24, nan 
155.375, 59.875, 8.446161092280331e-24, nan 
155.625, 59.875, 7.692430393107758e-24, nan 
155.875, 59.875, 1.1417101944876672e-23, nan 
156.125, 59.875, 1.0062404108607522e-23, nan 
156.375, 59.875, 6.381068526281834e-24, nan 
156.625, 59.875, 5.167925573005448e-24, nan 
156.875, 59.875, 8.719784635196997e-24, nan 
157.125, 59.875, 8.370470015664333e-24, nan 
157.375, 59.875, 7.166861368729826e-24, nan 
157.625, 59.875, 1.0899653264436067e-23, nan 
157.875, 59.875, 9.390333218072952e-24, nan 
158.125, 59.875, 5.198051289350883e-24, nan 
158.375, 59.875, 3.419995206313526e-24, nan 
158.625, 59.875, 2.750034205850131e-24, nan 
158.875, 59.875, 3.5242304862904205e-24, nan 
159.125, 59.875, 7.625772125330801e-24, nan 
159.375, 59.875, 8.233540713498031e-24, nan 
159.625, 59.875, 5.5003209066746135e-24, nan 
159.875, 59.875, 3.5415743115403716e-24, nan 
160.125, 59.875, 2.254573631310516e-24, nan 
160.375, 59.875, 3.6199740789648945e-24, nan 
160.625, 59.875, 5.976745862705454e-24, nan 
160.875, 59.875, 6.246747782065439e-24, nan 
161.125, 59.875, 6.621194878533772e-24, nan 
161.375, 59.875, 1.0020403050331506e-23, nan 
161.625, 59.875, 1.4872617974230854e-23, nan 
161.875, 59.875, 1.650073500655166e-23, nan 
162.125, 59.875, 1.0481129013712545e-23, nan 
162.375, 59.875, 5.64786002616114e-24, nan 
162.625, 59.875, 6.0224791630449344e-24, nan 
162.875, 59.875, 5.341179041457875e-24, nan 
163.125, 59.875, 4.560456741075583e-24, nan 
163.375, 59.875, 1.3537006421475832e-24, nan 
163.625, 59.875, 1.3079955963084039e-24, nan 
163.875, 59.875, 5.287739972780281e-24, nan 
164.125, 59.875, 5.9192591132423546e-24, nan 
164.375, 59.875, 6.651437332889572e-24, nan 
164.625, 59.875, 8.422555825136882e-24, nan 
164.875, 59.875, 8.418716031782066e-24, nan 
165.125, 59.875, 9.48354363556494e-24, nan 
165.375, 59.875, 1.238230177569137e-23, nan 
165.625, 59.875, 8.764424560110105e-24, nan 
165.875, 59.875, 5.126043254691801e-24, nan 
166.125, 59.875, 3.182606747670563e-24, nan 
166.375, 59.875, 4.503694216066739e-24, nan 
166.625, 59.875, 4.6305417789999636e-24, nan 
166.875, 59.875, 3.8033383216934064e-24, nan 
167.125, 59.875, 3.569770063093022e-24, nan 
167.375, 59.875, 3.2041226803563902e-24, nan 
167.625, 59.875, 5.272859273862338e-24, nan 
167.875, 59.875, 1.0212362558990424e-23, nan 
168.125, 59.875, 1.0400597544285756e-23, nan 
168.375, 59.875, 7.716895494152464e-24, nan 
168.625, 59.875, 8.716764792643612e-24, nan 
168.875, 59.875, 8.61504034590587e-24, nan 
52.875, 60.125, 1.2376612893707624e-23, nan 
53.125, 60.125, 9.132038195396372e-24, nan 
53.375, 60.125, 8.021307883143696e-24, nan 
53.625, 60.125, 8.633835296024761e-24, nan 
53.875, 60.125, 5.106567278152256e-24, nan 
54.125, 60.125, 6.5366307312059254e-24, nan 
54.375, 60.125, 6.061889183722508e-24, nan 
54.625, 60.125, 5.092446284295978e-24, nan 
54.875, 60.125, 5.81340302437488e-24, nan 
55.125, 60.125, 5.716481141177567e-24, nan 
55.375, 60.125, 9.873728404706309e-24, nan 
55.625, 60.125, 7.953526263346173e-24, nan 
55.875, 60.125, 7.617095788521066e-24, nan 
56.125, 60.125, 1.8320273223185958e-23, nan 
56.375, 60.125, 1.3082815765007088e-23, nan 
56.625, 60.125, 1.6284677670173155e-23, nan 
56.875, 60.125, 1.1914779588990397e-23, nan 
57.125, 60.125, 1.2978177504231135e-23, nan 
57.375, 60.125, 1.1051190681488799e-23, nan 
57.625, 60.125, 3.948615534833272e-24, nan 
57.875, 60.125, 9.884540286265973e-24, nan 
58.125, 60.125, 8.615243567142738e-24, nan 
58.375, 60.125, 8.433029525027793e-24, nan 
58.625, 60.125, 9.694457523320671e-24, nan 
58.875, 60.125, 2.195121755790908e-23, nan 
59.125, 60.125, 2.122339667278331e-23, nan 
59.375, 60.125, 1.6714139044520216e-23, nan 
59.625, 60.125, 2.4871383349116823e-23, nan 
59.875, 60.125, 1.6684511469556597e-23, nan 
60.125, 60.125, 1.0171078373494064e-23, nan 
60.375, 60.125, 5.769213765331802e-24, nan 
60.625, 60.125, 7.615701471481435e-24, nan 
60.875, 60.125, 1.002706478762958e-23, nan 
61.125, 60.125, 1.4496669201555792e-23, nan 
61.375, 60.125, 1.7861594231403434e-23, nan 
61.625, 60.125, 1.39705354203436e-23, nan 
61.875, 60.125, 1.2064093778488047e-23, nan 
62.125, 60.125, 1.1224903015168682e-23, nan 
62.375, 60.125, 1.140185370515605e-23, nan 
62.625, 60.125, 1.089496032489296e-23, nan 
62.875, 60.125, 1.0785332797268093e-23, nan 
63.125, 60.125, 1.1284027493568822e-23, nan 
63.375, 60.125, 1.1077974338018417e-23, nan 
63.625, 60.125, 1.2335521251090876e-23, nan 
63.875, 60.125, 9.648847504112669e-24, nan 
64.125, 60.125, 8.751537248537123e-24, nan 
64.375, 60.125, 1.2337945765699734e-23, nan 
64.625, 60.125, 1.5945842698351343e-23, nan 
64.875, 60.125, 1.632893925500227e-23, nan 
65.125, 60.125, 1.4740849759170992e-23, nan 
65.375, 60.125, 1.8797089563296354e-23, nan 
65.625, 60.125, 1.784879455584888e-23, nan 
65.875, 60.125, 4.986763121936624e-24, nan 
66.125, 60.125, 1.1093291865484232e-23, nan 
66.375, 60.125, 1.1778917983451735e-23, nan 
66.625, 60.125, 7.686335923119287e-24, nan 
66.875, 60.125, 1.1317931499321448e-23, nan 
67.125, 60.125, 1.6889170695663686e-23, nan 
67.375, 60.125, 8.88942802248108e-24, nan 
67.625, 60.125, 9.212983440737585e-24, nan 
67.875, 60.125, 1.6431385551781702e-23, nan 
68.125, 60.125, 1.0880294653444694e-23, nan 
68.375, 60.125, 1.2394666897643518e-23, nan 
68.625, 60.125, 1.5154241546807918e-23, nan 
68.875, 60.125, 1.1620278518369897e-23, nan 
69.125, 60.125, 9.790127736174818e-24, nan 
69.375, 60.125, 9.856099523326404e-24, nan 
69.625, 60.125, 8.9207792324832e-24, nan 
69.875, 60.125, 1.3185417028106324e-23, nan 
70.125, 60.125, 1.0130084254306163e-23, nan 
70.375, 60.125, 3.1629573844178375e-23, nan 
70.625, 60.125, 1.2804324486253896e-23, nan 
70.875, 60.125, 1.672052802562942e-23, nan 
71.125, 60.125, 2.6860094647745854e-23, nan 
71.375, 60.125, 1.105447575951701e-23, nan 
71.625, 60.125, 2.7313975114486055e-23, nan 
71.875, 60.125, 2.3884755334833954e-23, nan 
72.125, 60.125, 1.3816232427967073e-23, nan 
72.375, 60.125, 1.8273772512919318e-23, nan 
72.625, 60.125, 1.2424125554176026e-23, nan 
72.875, 60.125, 1.1267222587674942e-23, nan 
73.125, 60.125, 1.1053217496010364e-23, nan 
73.375, 60.125, 3.1686026903293317e-23, nan 
73.625, 60.125, 2.9487476273233115e-23, nan 
73.875, 60.125, 2.0879650693441045e-23, nan 
74.125, 60.125, 4.5379020964821457e-23, nan 
74.375, 60.125, 3.4787607109830107e-23, nan 
74.625, 60.125, 3.168487812773738e-23, nan 
74.875, 60.125, 3.9467728788049453e-23, nan 
75.125, 60.125, 3.04453067477161e-23, nan 
75.375, 60.125, 2.1151332905691017e-23, nan 
75.625, 60.125, 3.650458046527818e-23, nan 
75.875, 60.125, 4.928450331474199e-23, nan 
76.125, 60.125, 3.626239669835774e-23, nan 
76.375, 60.125, 1.247967025411033e-22, nan 
76.625, 60.125, 1.0144896094795795e-22, nan 
76.875, 60.125, 6.10999474538202e-23, nan 
77.125, 60.125, 3.369607920662374e-23, nan 
77.375, 60.125, 1.6833268742606734e-23, nan 
77.625, 60.125, 4.5191763987399336e-23, nan 
77.875, 60.125, 5.083316178932242e-23, nan 
78.125, 60.125, 2.0553978696334803e-23, nan 
78.375, 60.125, 3.162495903278364e-23, nan 
78.625, 60.125, 4.7909846999849176e-23, nan 
78.875, 60.125, 3.065095937109911e-23, nan 
79.125, 60.125, 3.4060122504123205e-23, nan 
79.375, 60.125, 2.426765972036819e-23, nan 
79.625, 60.125, 4.2747235220909316e-23, nan 
79.875, 60.125, 1.8950743810181792e-23, nan 
80.125, 60.125, 2.3018973659161103e-23, nan 
80.375, 60.125, 3.2180014780743045e-23, nan 
80.625, 60.125, 3.5220632552651696e-23, nan 
80.875, 60.125, 2.4757641815629865e-23, nan 
81.125, 60.125, 3.9953359483603956e-23, nan 
81.375, 60.125, 4.1067624144773554e-23, nan 
81.625, 60.125, 2.405517314448048e-23, nan 
81.875, 60.125, 2.803160204612109e-23, nan 
82.125, 60.125, 3.8141174304888845e-23, nan 
82.375, 60.125, 1.6152773377201623e-23, nan 
82.625, 60.125, 3.8612650503140786e-23, nan 
82.875, 60.125, 8.375161070548631e-23, nan 
83.125, 60.125, 3.2400282339974155e-23, nan 
83.375, 60.125, 6.781365395350161e-23, nan 
83.625, 60.125, 1.079260018706608e-22, nan 
83.875, 60.125, 7.911374845917565e-23, nan 
84.125, 60.125, 1.4110934427717755e-22, nan 
84.375, 60.125, 1.5261538927614315e-22, nan 
84.625, 60.125, 9.642175246495595e-23, nan 
84.875, 60.125, 1.0441898322605692e-22, nan 
85.125, 60.125, 1.0572235815103588e-22, nan 
85.375, 60.125, 9.298389790747392e-23, nan 
85.625, 60.125, 8.676311729889105e-23, nan 
85.875, 60.125, 8.826336721645397e-23, nan 
86.125, 60.125, 8.4771132988327e-23, nan 
86.375, 60.125, 1.5285308220910844e-22, nan 
86.625, 60.125, 6.249480742210782e-22, nan 
86.875, 60.125, 5.70288172098222e-22, nan 
87.125, 60.125, 3.75775765169274e-22, nan 
87.375, 60.125, 5.947842421379197e-22, nan 
87.625, 60.125, 4.282117214564308e-22, nan 
87.875, 60.125, 3.2850278052023927e-22, nan 
88.125, 60.125, 8.28161051321235e-22, nan 
88.375, 60.125, 6.326054584864529e-22, nan 
88.625, 60.125, 6.114826363117511e-22, nan 
88.875, 60.125, 7.846057646730996e-22, nan 
89.125, 60.125, 4.961560452371279e-22, nan 
89.375, 60.125, 3.1819109134867835e-22, nan 
89.625, 60.125, 3.1373918607976862e-22, nan 
89.875, 60.125, 3.075851145308549e-22, nan 
90.125, 60.125, 2.48225435482901e-22, nan 
90.375, 60.125, 2.329986918131135e-22, nan 
90.625, 60.125, 1.8849654787884323e-22, nan 
90.875, 60.125, 2.0722088309990264e-22, nan 
91.125, 60.125, 1.8763033002939799e-22, nan 
91.375, 60.125, 1.6794607787376284e-22, nan 
91.625, 60.125, 1.4575426221212595e-22, nan 
91.875, 60.125, 1.3258333092761792e-22, nan 
92.125, 60.125, 1.1626638663235373e-22, nan 
92.375, 60.125, 1.0487859459128975e-22, nan 
92.625, 60.125, 1.8572357458923776e-22, nan 
92.875, 60.125, 2.235769689572323e-22, nan 
93.125, 60.125, 3.0125032052016975e-22, nan 
93.375, 60.125, 4.741863520533837e-22, nan 
93.625, 60.125, 4.3509234548699355e-22, nan 
93.875, 60.125, 4.344518278903813e-22, nan 
94.125, 60.125, 2.6760393359797705e-22, nan 
94.375, 60.125, 2.7064161933566914e-22, nan 
94.625, 60.125, 3.083420513212009e-22, nan 
94.875, 60.125, 2.3645858734736683e-22, nan 
95.125, 60.125, 1.6569004486210606e-22, nan 
95.375, 60.125, 2.534748605641694e-22, nan 
95.625, 60.125, 3.873518979424304e-22, nan 
95.875, 60.125, 5.4108129046872e-22, nan 
96.125, 60.125, 5.194719125915355e-22, nan 
96.375, 60.125, 3.670940992998843e-22, nan 
96.625, 60.125, 8.178469104767185e-22, nan 
96.875, 60.125, 1.2340308946891209e-21, nan 
97.125, 60.125, 9.534534816590208e-22, nan 
97.375, 60.125, 1.0079231363140083e-21, nan 
97.625, 60.125, 1.1564881099283858e-21, nan 
97.875, 60.125, 9.70729184471601e-22, nan 
98.125, 60.125, 6.953929585323558e-22, nan 
98.375, 60.125, 5.39250014460725e-22, nan 
98.625, 60.125, 3.858123867927559e-22, nan 
98.875, 60.125, 3.9451765977527266e-22, nan 
99.125, 60.125, 1.9474547876821655e-22, nan 
99.375, 60.125, 2.232433829602263e-22, nan 
99.625, 60.125, 1.7735363196488468e-22, nan 
99.875, 60.125, 3.479353914372774e-22, nan 
100.125, 60.125, 3.6992940336329353e-22, nan 
100.375, 60.125, 3.9677429868043865e-22, nan 
100.625, 60.125, 4.634150405476851e-22, nan 
100.875, 60.125, 3.725461607500453e-22, nan 
101.125, 60.125, 3.92702812865879e-22, nan 
101.375, 60.125, 2.1542973819959854e-22, nan 
101.625, 60.125, 1.3931931106028358e-22, nan 
101.875, 60.125, 1.0453469897961683e-21, nan 
102.125, 60.125, 1.2006134943983902e-21, nan 
102.375, 60.125, 1.0645131406654484e-21, nan 
102.625, 60.125, 1.898093999979362e-21, nan 
102.875, 60.125, 1.2938528623388035e-21, nan 
103.125, 60.125, 1.1156286750294449e-21, nan 
103.375, 60.125, 4.763839382020621e-22, nan 
103.625, 60.125, 6.695339408419105e-22, nan 
103.875, 60.125, 7.173056472313134e-22, nan 
104.125, 60.125, 7.189064693840809e-22, nan 
104.375, 60.125, 5.842314590064576e-22, nan 
104.625, 60.125, 5.174874128631468e-22, nan 
104.875, 60.125, 4.821052647754425e-22, nan 
105.125, 60.125, 4.60828790482919e-22, nan 
105.375, 60.125, 4.349018007553898e-22, nan 
105.625, 60.125, 2.8949932006920985e-22, nan 
105.875, 60.125, 3.261200513461058e-22, nan 
106.125, 60.125, 3.209298693128338e-22, nan 
106.375, 60.125, 2.678371319391574e-22, nan 
106.625, 60.125, 1.4503457653558137e-22, nan 
106.875, 60.125, 2.3989368930076623e-22, nan 
107.125, 60.125, 3.6645069100071643e-22, nan 
107.375, 60.125, 5.385712666391158e-22, nan 
107.625, 60.125, 2.7998015267427176e-22, nan 
107.875, 60.125, 2.3987803059212557e-22, nan 
108.125, 60.125, 2.5143927799138675e-22, nan 
108.375, 60.125, 2.3802350542824e-22, nan 
108.625, 60.125, 2.687773787778926e-22, nan 
108.875, 60.125, 1.9405297985157732e-22, nan 
109.125, 60.125, 1.8264924315669593e-22, nan 
109.375, 60.125, 2.389852219298313e-22, nan 
109.625, 60.125, 3.4603575895545964e-22, nan 
109.875, 60.125, 4.126403028465746e-22, nan 
110.125, 60.125, 3.153366929630243e-22, nan 
110.375, 60.125, 3.3607248811948923e-22, nan 
110.625, 60.125, 2.049693484806689e-22, nan 
110.875, 60.125, 3.2931595978600895e-22, nan 
111.125, 60.125, 4.547155978751266e-22, nan 
111.375, 60.125, 8.185571648029504e-22, nan 
111.625, 60.125, 1.1575290437203168e-21, nan 
111.875, 60.125, 7.984999400295817e-22, nan 
112.125, 60.125, 4.489720543140436e-22, nan 
112.375, 60.125, 2.1430503680067496e-22, nan 
112.625, 60.125, 9.370194171005746e-23, nan 
112.875, 60.125, 1.0037890633969844e-22, nan 
113.125, 60.125, 2.377983140762773e-22, nan 
113.375, 60.125, 2.0788708708910948e-22, nan 
113.625, 60.125, 1.8648523400047543e-22, nan 
113.875, 60.125, 1.8297917946692028e-22, nan 
114.125, 60.125, 1.5406721455851493e-22, nan 
114.375, 60.125, 1.8007833625357867e-22, nan 
114.625, 60.125, 2.702308372287895e-22, nan 
114.875, 60.125, 4.817546023229487e-22, nan 
115.125, 60.125, 5.903267708968163e-22, nan 
115.375, 60.125, 5.453163974792766e-22, nan 
115.625, 60.125, 6.149435726283352e-22, nan 
115.875, 60.125, 1.573729220053768e-21, nan 
116.125, 60.125, 6.541526284458935e-22, nan 
116.375, 60.125, 4.979532899342462e-22, nan 
116.625, 60.125, 3.093228164579966e-22, nan 
116.875, 60.125, 3.0151211578208417e-22, nan 
117.125, 60.125, 1.6099698428808986e-22, nan 
117.375, 60.125, 1.4409775787892715e-22, nan 
117.625, 60.125, 1.6143667907305925e-22, nan 
117.875, 60.125, 1.7394006761126034e-22, nan 
118.125, 60.125, 1.141294791425511e-22, nan 
118.375, 60.125, 1.037669829291065e-22, nan 
118.625, 60.125, 1.1916904661629003e-22, nan 
118.875, 60.125, 8.662261230251704e-23, nan 
119.125, 60.125, 1.353243019025099e-22, nan 
119.375, 60.125, 1.3312423872329387e-22, nan 
119.625, 60.125, 1.725359677515724e-22, nan 
119.875, 60.125, 7.589091845789761e-23, nan 
120.125, 60.125, 1.537563842260604e-22, nan 
120.375, 60.125, 1.7269834055375653e-22, nan 
120.625, 60.125, 1.1166282524045156e-22, nan 
120.875, 60.125, 9.090830867268537e-23, nan 
121.125, 60.125, 1.3820443684724349e-22, nan 
121.375, 60.125, 1.1936544935984297e-22, nan 
121.625, 60.125, 1.3098404033319599e-22, nan 
121.875, 60.125, 1.3101615364704615e-22, nan 
122.125, 60.125, 8.093518509858641e-23, nan 
122.375, 60.125, 5.814099135079424e-23, nan 
122.625, 60.125, 1.3873225904129974e-22, nan 
122.875, 60.125, 1.1726969405068301e-22, nan 
123.125, 60.125, 8.641353071154246e-23, nan 
123.375, 60.125, 9.084122282679419e-23, nan 
123.625, 60.125, 1.6632174088533225e-22, nan 
123.875, 60.125, 1.1603374223207868e-22, nan 
124.125, 60.125, 1.0488526511027471e-22, nan 
124.375, 60.125, 7.96269237958592e-23, nan 
124.625, 60.125, 9.971205149310021e-23, nan 
124.875, 60.125, 1.8839926000765417e-22, nan 
125.125, 60.125, 1.131184677494274e-22, nan 
125.375, 60.125, 6.18213764376601e-23, nan 
125.625, 60.125, 8.096242298253553e-23, nan 
125.875, 60.125, 9.223508118759385e-23, nan 
126.125, 60.125, 9.963520594612295e-23, nan 
126.375, 60.125, 9.93923492829048e-23, nan 
126.625, 60.125, 9.472789682000073e-23, nan 
126.875, 60.125, 9.657255216213641e-23, nan 
127.125, 60.125, 7.902577159204875e-23, nan 
127.375, 60.125, 1.1596527904821694e-22, nan 
127.625, 60.125, 1.3760280833205038e-22, nan 
127.875, 60.125, 1.9529349100879394e-22, nan 
128.125, 60.125, 1.405043269760191e-22, nan 
128.375, 60.125, 1.1296823253746193e-22, nan 
128.625, 60.125, 2.588520883246122e-22, nan 
128.875, 60.125, 8.117071331197801e-23, nan 
129.125, 60.125, 3.3012769339773815e-22, nan 
129.375, 60.125, 3.6371811378199165e-22, nan 
129.625, 60.125, 2.677946299226139e-22, nan 
129.875, 60.125, 1.4638781002429206e-22, nan 
130.125, 60.125, 1.5371848456950179e-22, nan 
130.375, 60.125, 1.47896071484046e-22, nan 
130.625, 60.125, 8.235102970482625e-23, nan 
130.875, 60.125, 6.173722431071328e-23, nan 
131.125, 60.125, 3.114543067330708e-23, nan 
131.375, 60.125, 2.7678356646610764e-23, nan 
131.625, 60.125, 6.623092330188875e-23, nan 
131.875, 60.125, 6.730738683528346e-23, nan 
132.125, 60.125, 3.8757052961608276e-23, nan 
132.375, 60.125, 5.329103809857807e-23, nan 
132.625, 60.125, 5.29155617735561e-23, nan 
132.875, 60.125, 3.648383768470166e-23, nan 
133.125, 60.125, 4.012952211610476e-23, nan 
133.375, 60.125, 2.953116321320383e-23, nan 
133.625, 60.125, 3.2510652890749423e-23, nan 
133.875, 60.125, 6.908705887580722e-23, nan 
134.125, 60.125, 2.544264938265181e-23, nan 
134.375, 60.125, 9.141754010633056e-23, nan 
134.625, 60.125, 1.242159395350623e-22, nan 
134.875, 60.125, 1.5027982951864141e-22, nan 
135.125, 60.125, 1.4431272477628332e-22, nan 
135.375, 60.125, 2.053045747994045e-22, nan 
135.625, 60.125, 3.5570873890975044e-22, nan 
135.875, 60.125, 1.2990420297068894e-21, nan 
136.125, 60.125, 1.2768012904696074e-21, nan 
136.375, 60.125, 8.876945998178606e-22, nan 
136.625, 60.125, 1.7150867356295192e-22, nan 
136.875, 60.125, 1.5782974687724125e-22, nan 
137.125, 60.125, 8.316035528000233e-23, nan 
137.375, 60.125, 7.912665205875029e-23, nan 
137.625, 60.125, 3.18622617452496e-23, nan 
137.875, 60.125, 3.307070058845221e-23, nan 
138.125, 60.125, 4.504119966716566e-23, nan 
138.375, 60.125, 1.7330391013221283e-23, nan 
138.625, 60.125, 7.694228077034074e-24, nan 
138.875, 60.125, 2.780046102229695e-23, nan 
139.125, 60.125, 1.6749811389237065e-23, nan 
139.375, 60.125, 1.5071155707848637e-23, nan 
139.625, 60.125, 2.5135440447818913e-23, nan 
139.875, 60.125, 1.7394818648641527e-23, nan 
140.125, 60.125, 3.787215817168551e-23, nan 
140.375, 60.125, 3.866391538591473e-23, nan 
140.625, 60.125, 2.1473094060253724e-23, nan 
140.875, 60.125, 4.856533314999649e-23, nan 
141.125, 60.125, 2.835048469912556e-23, nan 
141.375, 60.125, 2.5715048299705856e-23, nan 
141.625, 60.125, 3.584370813072231e-23, nan 
141.875, 60.125, 2.0440959996965123e-23, nan 
142.125, 60.125, 2.206317495565773e-23, nan 
142.375, 60.125, 2.891705041814729e-23, nan 
142.625, 60.125, 1.956503437104253e-23, nan 
142.875, 60.125, 1.463852691983408e-23, nan 
143.125, 60.125, 2.966692642134566e-23, nan 
143.375, 60.125, 2.0738446881903817e-23, nan 
143.625, 60.125, 2.178911349113654e-23, nan 
143.875, 60.125, 2.5811107774732808e-23, nan 
144.125, 60.125, 2.0076270138764274e-23, nan 
144.375, 60.125, 1.2778859342448746e-23, nan 
144.625, 60.125, 1.1927668403279424e-23, nan 
144.875, 60.125, 9.189113877461654e-24, nan 
145.125, 60.125, 9.255146730491883e-24, nan 
145.375, 60.125, 1.9645387649391352e-23, nan 
145.625, 60.125, 1.6152758717958656e-23, nan 
145.875, 60.125, 1.4541136415619683e-23, nan 
146.125, 60.125, 2.7517841785016415e-23, nan 
146.375, 60.125, 2.3202283210186105e-23, nan 
146.625, 60.125, 1.7171900767277867e-23, nan 
146.875, 60.125, 3.1304636209372244e-23, nan 
147.125, 60.125, 3.146595383564652e-23, nan 
147.375, 60.125, 2.172371788822778e-23, nan 
147.625, 60.125, 1.4047254579093822e-22, nan 
147.875, 60.125, 7.927547059524682e-23, nan 
148.125, 60.125, 4.3186449216470035e-23, nan 
148.375, 60.125, 1.1445610243986861e-23, nan 
148.625, 60.125, 1.8374360858833165e-23, nan 
148.875, 60.125, 9.46085168606491e-24, nan 
149.125, 60.125, 5.526491173119417e-24, nan 
149.375, 60.125, 6.408372367216247e-24, nan 
149.625, 60.125, 8.602862867851419e-24, nan 
149.875, 60.125, 1.0782855949394244e-23, nan 
150.125, 60.125, 1.6023354171736325e-23, nan 
150.375, 60.125, 1.812950106633014e-23, nan 
150.625, 60.125, 2.1767117069360843e-23, nan 
150.875, 60.125, 2.391861447268208e-23, nan 
151.125, 60.125, 2.191756053413698e-23, nan 
151.375, 60.125, 2.6662096756919175e-23, nan 
151.625, 60.125, 2.644091341650301e-23, nan 
151.875, 60.125, 3.229684348170552e-23, nan 
152.125, 60.125, 1.805631824338955e-23, nan 
152.375, 60.125, 3.0210596183953934e-23, nan 
152.625, 60.125, 7.339650826105553e-23, nan 
152.875, 60.125, 4.2136549620098124e-23, nan 
153.125, 60.125, 3.8439182267241284e-23, nan 
153.375, 60.125, 3.899545614046372e-23, nan 
153.625, 60.125, 2.2760264155709883e-23, nan 
153.875, 60.125, 1.418289658658606e-23, nan 
154.125, 60.125, 1.4979341195820093e-23, nan 
154.375, 60.125, 1.3342606465263085e-23, nan 
154.625, 60.125, 8.006853328987528e-24, nan 
154.875, 60.125, 1.0733466463470612e-23, nan 
155.125, 60.125, 9.014781497365207e-24, nan 
155.375, 60.125, 5.757259378206573e-24, nan 
155.625, 60.125, 7.517325892791963e-24, nan 
155.875, 60.125, 6.920791573806288e-24, nan 
156.125, 60.125, 4.751937653753092e-24, nan 
156.375, 60.125, 9.279096829561363e-24, nan 
156.625, 60.125, 5.448269457119267e-24, nan 
156.875, 60.125, 2.0766368045935002e-24, nan 
157.125, 60.125, 7.211262004326513e-24, nan 
157.375, 60.125, 6.166442766493745e-24, nan 
157.625, 60.125, 5.442988291524519e-24, nan 
157.875, 60.125, 6.404738193550345e-24, nan 
158.125, 60.125, 5.025909212581059e-24, nan 
158.375, 60.125, 3.355704126346565e-24, nan 
158.625, 60.125, 4.356570079610165e-24, nan 
158.875, 60.125, 4.263990786509433e-24, nan 
159.125, 60.125, 7.192928192293064e-24, nan 
159.375, 60.125, 5.713882195118069e-24, nan 
159.625, 60.125, 2.6769089926250327e-24, nan 
159.875, 60.125, 4.085630428703217e-24, nan 
160.125, 60.125, 3.731120278258743e-24, nan 
160.375, 60.125, 2.8806028496885974e-24, nan 
160.625, 60.125, 6.2378269651304146e-24, nan 
160.875, 60.125, 6.867002939776606e-24, nan 
161.125, 60.125, 3.9062544087299864e-24, nan 
161.375, 60.125, 1.0618244701531276e-23, nan 
161.625, 60.125, 1.19715858726676e-23, nan 
161.875, 60.125, 7.498526626214777e-24, nan 
162.125, 60.125, 5.09462854883485e-24, nan 
162.375, 60.125, 8.13318239368636e-24, nan 
162.625, 60.125, 6.379383592300418e-24, nan 
162.875, 60.125, 1.2134360089748301e-24, nan 
163.125, 60.125, 1.3468522064250839e-24, nan 
163.375, 60.125, 2.0202358442868385e-24, nan 
163.625, 60.125, 5.304891372187134e-24, nan 
163.875, 60.125, 3.541114399322027e-24, nan 
164.125, 60.125, 3.263811893265329e-24, nan 
164.375, 60.125, 4.856274379464917e-24, nan 
164.625, 60.125, 7.338642385319419e-24, nan 
164.875, 60.125, 5.698883518252658e-24, nan 
165.125, 60.125, 7.659096163697599e-24, nan 
165.375, 60.125, 6.5276743373034826e-24, nan 
165.625, 60.125, 4.077365061436179e-24, nan 
165.875, 60.125, 7.290485541924096e-24, nan 
166.125, 60.125, 5.909055578777454e-24, nan 
166.375, 60.125, 3.629368982963559e-24, nan 
166.625, 60.125, 5.3344785309577496e-24, nan 
166.875, 60.125, 3.0434631695515066e-24, nan 
167.125, 60.125, 2.669488514151168e-24, nan 
167.375, 60.125, 3.7874640624459435e-24, nan 
167.625, 60.125, 3.92769999098813e-24, nan 
167.875, 60.125, 4.74275419188483e-24, nan 
168.125, 60.125, 4.623237722319055e-24, nan 
168.375, 60.125, 4.314897210110109e-24, nan 
168.625, 60.125, 5.2896708089477775e-24, nan 
168.875, 60.125, 5.415608378262786e-24, nan 
169.125, 60.125, 5.678221110082037e-24, nan 
169.375, 60.125, 2.7331802247582955e-24, nan 
52.125, 60.375, 5.356110547477173e-24, nan 
52.375, 60.375, 4.153754377574861e-24, nan 
52.625, 60.375, 5.788274963556443e-24, nan 
52.875, 60.375, 7.167747227982826e-24, nan 
53.125, 60.375, 2.7748388548297678e-24, nan 
53.375, 60.375, 4.809527352128693e-24, nan 
53.625, 60.375, 5.7023023605143094e-24, nan 
53.875, 60.375, 3.9065735434831515e-24, nan 
54.125, 60.375, 3.3840404501807654e-24, nan 
54.375, 60.375, 6.583479622842542e-24, nan 
54.625, 60.375, 6.22352861727433e-24, nan 
54.875, 60.375, 5.289886880685647e-24, nan 
55.125, 60.375, 6.581459908419374e-24, nan 
55.375, 60.375, 5.883681266774992e-24, nan 
55.625, 60.375, 8.205789422535042e-24, nan 
55.875, 60.375, 9.574945887801901e-24, nan 
56.125, 60.375, 1.664181241249265e-23, nan 
56.375, 60.375, 1.1967968432008202e-23, nan 
56.625, 60.375, 1.53904014537915e-23, nan 
56.875, 60.375, 1.4870874835526004e-23, nan 
57.125, 60.375, 9.99298130189493e-24, nan 
57.375, 60.375, 1.2122246842499412e-23, nan 
57.625, 60.375, 1.0381708583355184e-23, nan 
57.875, 60.375, 9.274983409256902e-24, nan 
58.125, 60.375, 1.0217316660542588e-23, nan 
58.375, 60.375, 3.662887686621893e-24, nan 
58.625, 60.375, 6.191421488960777e-24, nan 
58.875, 60.375, 1.577851509826456e-23, nan 
59.125, 60.375, 1.685351415927711e-23, nan 
59.375, 60.375, 1.4300586216333206e-23, nan 
59.625, 60.375, 9.791566160492863e-24, nan 
59.875, 60.375, 1.2454077549505233e-23, nan 
60.125, 60.375, 8.13590938783398e-24, nan 
60.375, 60.375, 1.7496459249942016e-23, nan 
60.625, 60.375, 6.4705056767487386e-24, nan 
60.875, 60.375, 1.0234655876994798e-23, nan 
61.125, 60.375, 1.2306819576054999e-23, nan 
61.375, 60.375, 4.23312009881696e-24, nan 
61.625, 60.375, 4.3021651831468674e-24, nan 
61.875, 60.375, 2.0060818339590372e-24, nan 
62.125, 60.375, 1.0184544007107203e-23, nan 
62.375, 60.375, 7.884972928132716e-24, nan 
62.625, 60.375, 8.85402070626116e-24, nan 
62.875, 60.375, 1.0271209155114647e-23, nan 
63.125, 60.375, 1.2600713507311543e-23, nan 
63.375, 60.375, 1.5248439615374008e-23, nan 
63.625, 60.375, 1.744578726949593e-23, nan 
63.875, 60.375, 1.312921293665314e-23, nan 
64.125, 60.375, 1.343302499656894e-23, nan 
64.375, 60.375, 1.531596747051166e-23, nan 
64.625, 60.375, 1.2661939347433065e-23, nan 
64.875, 60.375, 1.3232661053869017e-23, nan 
65.125, 60.375, 8.739500075074155e-24, nan 
65.375, 60.375, 1.156425030614378e-23, nan 
65.625, 60.375, 1.536032999138588e-23, nan 
65.875, 60.375, 1.0791648806731149e-23, nan 
66.125, 60.375, 9.309601392598272e-24, nan 
66.375, 60.375, 1.1823234570861398e-23, nan 
66.625, 60.375, 1.0029593110214659e-23, nan 
66.875, 60.375, 1.3077150653014154e-23, nan 
67.125, 60.375, 1.609792333866798e-23, nan 
67.375, 60.375, 9.43485136021288e-24, nan 
67.625, 60.375, 1.0203594438142182e-23, nan 
67.875, 60.375, 1.7817098325820627e-23, nan 
68.125, 60.375, 1.362565919719981e-23, nan 
68.375, 60.375, 1.1984513826485182e-23, nan 
68.625, 60.375, 2.069643257454013e-23, nan 
68.875, 60.375, 1.1969274007416268e-23, nan 
69.125, 60.375, 1.2498349556076181e-23, nan 
69.375, 60.375, 1.349533026955233e-23, nan 
69.625, 60.375, 1.8876845640942096e-23, nan 
69.875, 60.375, 1.484331577396162e-23, nan 
70.125, 60.375, 1.4055676359578706e-23, nan 
70.375, 60.375, 3.1698830973448637e-23, nan 
70.625, 60.375, 1.8075482647786782e-23, nan 
70.875, 60.375, 1.6719230267932076e-23, nan 
71.125, 60.375, 2.7042537622727694e-23, nan 
71.375, 60.375, 7.671140410951059e-24, nan 
71.625, 60.375, 1.930703563736912e-23, nan 
71.875, 60.375, 2.8970417291112236e-23, nan 
72.125, 60.375, 1.0946216283436756e-23, nan 
72.375, 60.375, 3.0668579973813515e-23, nan 
72.625, 60.375, 3.459661991838215e-23, nan 
72.875, 60.375, 3.1054863563194796e-23, nan 
73.125, 60.375, 1.248291731121608e-23, nan 
73.375, 60.375, 4.284490913603994e-23, nan 
73.625, 60.375, 4.2206534485837156e-23, nan 
73.875, 60.375, 3.365834761127358e-23, nan 
74.125, 60.375, 4.8795637573518337e-23, nan 
74.375, 60.375, 4.557786536202093e-23, nan 
74.625, 60.375, 4.0737820395583826e-23, nan 
74.875, 60.375, 3.8785330576825904e-23, nan 
75.125, 60.375, 3.038731842456152e-23, nan 
75.375, 60.375, 3.959071398469111e-23, nan 
75.625, 60.375, 6.067041818488512e-23, nan 
75.875, 60.375, 1.698663076529057e-23, nan 
76.125, 60.375, 5.2272433711874165e-23, nan 
76.375, 60.375, 1.3248118652829537e-22, nan 
76.625, 60.375, 8.635732505440323e-23, nan 
76.875, 60.375, 6.034107672043121e-23, nan 
77.125, 60.375, 7.673532879415019e-23, nan 
77.375, 60.375, 4.248392379255681e-23, nan 
77.625, 60.375, 1.640959392964466e-23, nan 
77.875, 60.375, 2.8672140207727965e-23, nan 
78.125, 60.375, 2.081019132404165e-23, nan 
78.375, 60.375, 2.7244138540076434e-23, nan 
78.625, 60.375, 2.5312451697723927e-23, nan 
78.875, 60.375, 1.86114553145703e-23, nan 
79.125, 60.375, 2.293500980106644e-23, nan 
79.375, 60.375, 1.6483688456016346e-23, nan 
79.625, 60.375, 1.8596705109645226e-23, nan 
79.875, 60.375, 2.908049286677132e-23, nan 
80.125, 60.375, 1.7219102922623395e-23, nan 
80.375, 60.375, 2.5547379526620282e-23, nan 
80.625, 60.375, 2.6096455449560978e-23, nan 
80.875, 60.375, 2.523858742367766e-23, nan 
81.125, 60.375, 2.646942744456819e-23, nan 
81.375, 60.375, 2.6405751563512694e-23, nan 
81.625, 60.375, 2.2722532623750267e-23, nan 
81.875, 60.375, 4.3793699651160647e-23, nan 
82.125, 60.375, 4.5215077720756966e-23, nan 
82.375, 60.375, 4.5662737174045554e-23, nan 
82.625, 60.375, 8.769659299356135e-23, nan 
82.875, 60.375, 9.38295614300141e-23, nan 
83.125, 60.375, 5.561112144591489e-23, nan 
83.375, 60.375, 8.309283273302604e-23, nan 
83.625, 60.375, 7.696648245822026e-23, nan 
83.875, 60.375, 1.2605367112240527e-22, nan 
84.125, 60.375, 1.9481464014189348e-22, nan 
84.375, 60.375, 1.7185416993951233e-22, nan 
84.625, 60.375, 1.3483927473140552e-22, nan 
84.875, 60.375, 1.9570484290212754e-22, nan 
85.125, 60.375, 1.7541563390347687e-22, nan 
85.375, 60.375, 1.353005009331099e-22, nan 
85.625, 60.375, 4.800662795295777e-23, nan 
85.875, 60.375, 3.10924732851443e-22, nan 
86.125, 60.375, 3.0448231193652744e-22, nan 
86.375, 60.375, 3.640321937949617e-22, nan 
86.625, 60.375, 7.165652536477261e-22, nan 
86.875, 60.375, 6.995648701412587e-22, nan 
87.125, 60.375, 6.216147309006842e-22, nan 
87.375, 60.375, 1.215142754547832e-21, nan 
87.625, 60.375, 3.2547549069452744e-21, nan 
87.875, 60.375, 2.709995167326789e-21, nan 
88.125, 60.375, 1.5643408168997568e-21, nan 
88.375, 60.375, 6.9326198186577675e-22, nan 
88.625, 60.375, 8.230422535852269e-22, nan 
88.875, 60.375, 9.277638468712086e-22, nan 
89.125, 60.375, 5.541511035296476e-22, nan 
89.375, 60.375, 6.535047206792001e-22, nan 
89.625, 60.375, 1.3142533238852758e-21, nan 
89.875, 60.375, 4.1182306710239125e-22, nan 
90.125, 60.375, 2.608602462832738e-22, nan 
90.375, 60.375, 3.3795255543223944e-22, nan 
90.625, 60.375, 2.9799474462899925e-22, nan 
90.875, 60.375, 2.96779615648058e-22, nan 
91.125, 60.375, 3.598731009975571e-22, nan 
91.375, 60.375, 2.0022800132325546e-22, nan 
91.625, 60.375, 1.9500033913185016e-22, nan 
91.875, 60.375, 1.7320240531937222e-22, nan 
92.125, 60.375, 1.6136707295977123e-22, nan 
92.375, 60.375, 1.9514001871812948e-22, nan 
92.625, 60.375, 2.1837662474942323e-22, nan 
92.875, 60.375, 2.34419216347304e-22, nan 
93.125, 60.375, 2.484328279223035e-22, nan 
93.375, 60.375, 3.360007216187895e-22, nan 
93.625, 60.375, 3.8208157774545704e-22, nan 
93.875, 60.375, 3.767097461607492e-22, nan 
94.125, 60.375, 2.842937958434204e-22, nan 
94.375, 60.375, 2.5252540949935576e-22, nan 
94.625, 60.375, 2.874823846768777e-22, nan 
94.875, 60.375, 2.3196902902724507e-22, nan 
95.125, 60.375, 3.2670300799374165e-22, nan 
95.375, 60.375, 3.875462618450299e-22, nan 
95.625, 60.375, 4.12917185088361e-22, nan 
95.875, 60.375, 5.033887645259355e-22, nan 
96.125, 60.375, 7.990226341103429e-22, nan 
96.375, 60.375, 1.0222475155402395e-21, nan 
96.625, 60.375, 1.0191447063046384e-21, nan 
96.875, 60.375, 1.1640192577645307e-21, nan 
97.125, 60.375, 1.1777869910122227e-21, nan 
97.375, 60.375, 8.3613658791506475e-22, nan 
97.625, 60.375, 8.7057276168204e-22, nan 
97.875, 60.375, 9.438564822137816e-22, nan 
98.125, 60.375, 7.735846324669731e-22, nan 
98.375, 60.375, 7.492082437435926e-22, nan 
98.625, 60.375, 7.034698507303711e-22, nan 
98.875, 60.375, 5.541857480215201e-22, nan 
99.125, 60.375, 4.382482882569762e-22, nan 
99.375, 60.375, 4.1898607484226802e-22, nan 
99.625, 60.375, 3.626597677394602e-22, nan 
99.875, 60.375, 4.380900672628303e-22, nan 
100.125, 60.375, 5.152803851413164e-22, nan 
100.375, 60.375, 5.234310483186399e-22, nan 
100.625, 60.375, 5.114311243070175e-22, nan 
100.875, 60.375, 4.871317386625555e-22, nan 
101.125, 60.375, 3.5643598553197272e-22, nan 
101.375, 60.375, 1.96445848770599e-22, nan 
101.625, 60.375, 3.6260647370413144e-22, nan 
101.875, 60.375, 4.523255513109795e-22, nan 
102.125, 60.375, 1.3963457792940827e-21, nan 
102.375, 60.375, 1.1022402623272659e-21, nan 
102.625, 60.375, 1.372999405582243e-21, nan 
102.875, 60.375, 1.5230092501279825e-21, nan 
103.125, 60.375, 1.105102834984243e-21, nan 
103.375, 60.375, 7.794728005284939e-22, nan 
103.625, 60.375, 7.780910020610256e-22, nan 
103.875, 60.375, 9.065727252195766e-22, nan 
104.125, 60.375, 9.485901526324414e-22, nan 
104.375, 60.375, 6.862622958946232e-22, nan 
104.625, 60.375, 7.718960304963909e-22, nan 
104.875, 60.375, 7.788017710439381e-22, nan 
105.125, 60.375, 5.155136494369114e-22, nan 
105.375, 60.375, 3.8889566677738094e-22, nan 
105.625, 60.375, 3.3680699997519305e-22, nan 
105.875, 60.375, 3.7378000514086695e-22, nan 
106.125, 60.375, 3.392158826613494e-22, nan 
106.375, 60.375, 2.7951143840388696e-22, nan 
106.625, 60.375, 2.2895020806876135e-22, nan 
106.875, 60.375, 2.1767310724561114e-22, nan 
107.125, 60.375, 2.8158717272652646e-22, nan 
107.375, 60.375, 2.5349954344451763e-22, nan 
107.625, 60.375, 2.9319695065239574e-22, nan 
107.875, 60.375, 1.8573338184097897e-22, nan 
108.125, 60.375, 1.746818626657312e-22, nan 
108.375, 60.375, 1.442174864251819e-22, nan 
108.625, 60.375, 2.981855981517103e-22, nan 
108.875, 60.375, 2.656617914973871e-22, nan 
109.125, 60.375, 4.442206051701189e-22, nan 
109.375, 60.375, 3.3937653227185193e-22, nan 
109.625, 60.375, 3.438288968292793e-22, nan 
109.875, 60.375, 5.251676461429158e-22, nan 
110.125, 60.375, 3.4926718718342866e-22, nan 
110.375, 60.375, 2.8890646038166376e-22, nan 
110.625, 60.375, 4.249192701561624e-22, nan 
110.875, 60.375, 5.583016690755192e-22, nan 
111.125, 60.375, 3.9774699813878074e-22, nan 
111.375, 60.375, 9.49878199589006e-22, nan 
111.625, 60.375, 1.432350657413341e-21, nan 
111.875, 60.375, 7.058532087368739e-22, nan 
112.125, 60.375, 6.482343858930069e-22, nan 
112.375, 60.375, 7.79544539892007e-22, nan 
112.625, 60.375, 4.251144145738808e-22, nan 
112.875, 60.375, 3.1535776431754095e-22, nan 
113.125, 60.375, 2.6710273438638673e-22, nan 
113.375, 60.375, 2.313694847477722e-22, nan 
113.625, 60.375, 2.266757972293547e-22, nan 
113.875, 60.375, 2.2347832031507954e-22, nan 
114.125, 60.375, 3.159721274160498e-22, nan 
114.375, 60.375, 4.291840206591109e-22, nan 
114.625, 60.375, 4.744799385834094e-22, nan 
114.875, 60.375, 5.415661444788242e-22, nan 
115.125, 60.375, 1.3736591234329118e-21, nan 
115.375, 60.375, 5.888293374264855e-22, nan 
115.625, 60.375, 3.4981974233638277e-22, nan 
115.875, 60.375, 2.928894654142222e-21, nan 
116.125, 60.375, 5.188564476932767e-22, nan 
116.375, 60.375, 6.964882142768809e-22, nan 
116.625, 60.375, 8.648164555128141e-22, nan 
116.875, 60.375, 4.0630843951390803e-22, nan 
117.125, 60.375, 4.837108101576699e-22, nan 
117.375, 60.375, 2.0291819117020415e-22, nan 
117.625, 60.375, 2.2314554760020756e-22, nan 
117.875, 60.375, 1.7565061852170546e-22, nan 
118.125, 60.375, 1.3028893869970934e-22, nan 
118.375, 60.375, 1.6357305076685726e-22, nan 
118.625, 60.375, 1.5141878630476514e-22, nan 
118.875, 60.375, 1.5688465069423098e-22, nan 
119.125, 60.375, 1.4684549954656595e-22, nan 
119.375, 60.375, 1.7596384959759678e-22, nan 
119.625, 60.375, 1.6069039096190031e-22, nan 
119.875, 60.375, 1.0554169577426557e-22, nan 
120.125, 60.375, 1.4197396865483193e-22, nan 
120.375, 60.375, 1.2568603116409243e-22, nan 
120.625, 60.375, 1.3585863101510968e-22, nan 
120.875, 60.375, 8.619860653300345e-23, nan 
121.125, 60.375, 1.2849046635787683e-22, nan 
121.375, 60.375, 1.2981057008172463e-22, nan 
121.625, 60.375, 1.4464757457495926e-22, nan 
121.875, 60.375, 1.388645281202723e-22, nan 
122.125, 60.375, 1.0825010419020268e-22, nan 
122.375, 60.375, 1.363240134353123e-22, nan 
122.625, 60.375, 1.4040154122789823e-22, nan 
122.875, 60.375, 1.218609232913409e-22, nan 
123.125, 60.375, 1.001926924083278e-22, nan 
123.375, 60.375, 1.0919147587178458e-22, nan 
123.625, 60.375, 2.5444446522799607e-22, nan 
123.875, 60.375, 1.5716113867605857e-22, nan 
124.125, 60.375, 1.0794817715017118e-22, nan 
124.375, 60.375, 1.3160068734589394e-22, nan 
124.625, 60.375, 1.2266810555353148e-22, nan 
124.875, 60.375, 2.1144470771695075e-22, nan 
125.125, 60.375, 1.35359797714968e-22, nan 
125.375, 60.375, 1.0084102641800519e-22, nan 
125.625, 60.375, 8.618456377957744e-23, nan 
125.875, 60.375, 8.519483970745342e-23, nan 
126.125, 60.375, 8.670189540864346e-23, nan 
126.375, 60.375, 8.478574055622757e-23, nan 
126.625, 60.375, 1.214334966488346e-22, nan 
126.875, 60.375, 1.3767701854846403e-22, nan 
127.125, 60.375, 8.760954068941362e-23, nan 
127.375, 60.375, 1.670966685604217e-22, nan 
127.625, 60.375, 1.6342045776110398e-22, nan 
127.875, 60.375, 2.345728677952156e-22, nan 
128.125, 60.375, 1.4543741863220861e-22, nan 
128.375, 60.375, 4.052982605235798e-22, nan 
128.625, 60.375, 6.182291116234166e-22, nan 
128.875, 60.375, 1.2014788919981746e-22, nan 
129.125, 60.375, 6.614839008279186e-22, nan 
129.375, 60.375, 7.881285009219454e-22, nan 
129.625, 60.375, 3.463582884993286e-22, nan 
129.875, 60.375, 2.0632501962609552e-22, nan 
130.125, 60.375, 3.5697135410940103e-22, nan 
130.375, 60.375, 2.319842846890844e-22, nan 
130.625, 60.375, 6.915743551731353e-23, nan 
130.875, 60.375, 1.095237194586229e-22, nan 
131.125, 60.375, 3.493498125537249e-23, nan 
131.375, 60.375, 6.424582698345336e-23, nan 
131.625, 60.375, 7.450481397591719e-23, nan 
131.875, 60.375, 6.769085407897054e-23, nan 
132.125, 60.375, 8.839896557575267e-23, nan 
132.375, 60.375, 6.890842445090177e-23, nan 
132.625, 60.375, 5.684273094655608e-23, nan 
132.875, 60.375, 3.657344011761637e-23, nan 
133.125, 60.375, 3.1341846421136404e-23, nan 
133.375, 60.375, 3.6404214727096474e-23, nan 
133.625, 60.375, 3.881939511818647e-23, nan 
133.875, 60.375, 3.80269403601668e-23, nan 
134.125, 60.375, 2.847161210702137e-23, nan 
134.375, 60.375, 4.7764076869472873e-23, nan 
134.625, 60.375, 5.390062708105936e-23, nan 
134.875, 60.375, 2.6667882447091076e-23, nan 
135.125, 60.375, 1.0543857145066772e-22, nan 
135.375, 60.375, 1.6034832603802348e-22, nan 
135.625, 60.375, 1.787172453602207e-22, nan 
135.875, 60.375, 1.9372872256801325e-22, nan 
136.125, 60.375, 1.3180215775304121e-22, nan 
136.375, 60.375, 1.0812488371630646e-22, nan 
136.625, 60.375, 1.1192868147248417e-22, nan 
136.875, 60.375, 6.337120449132415e-23, nan 
137.125, 60.375, 2.786773527388069e-23, nan 
137.375, 60.375, 2.7297835678294705e-23, nan 
137.625, 60.375, 6.058822426127488e-23, nan 
137.875, 60.375, 2.0939197354491545e-23, nan 
138.125, 60.375, 1.7434236018241667e-23, nan 
138.375, 60.375, 2.6092978794207274e-23, nan 
138.625, 60.375, 1.7633499710620044e-23, nan 
138.875, 60.375, 2.1897674891340193e-23, nan 
139.125, 60.375, 1.5559962423606227e-23, nan 
139.375, 60.375, 6.643655933213666e-24, nan 
139.625, 60.375, 1.5139674590076012e-23, nan 
139.875, 60.375, 2.3796552862711012e-23, nan 
140.125, 60.375, 5.520217018404933e-23, nan 
140.375, 60.375, 3.0869343951214374e-23, nan 
140.625, 60.375, 3.039448751481564e-23, nan 
140.875, 60.375, 6.591736859125245e-23, nan 
141.125, 60.375, 2.940096550709504e-23, nan 
141.375, 60.375, 2.601494957064225e-23, nan 
141.625, 60.375, 4.722943700924701e-23, nan 
141.875, 60.375, 1.930301269283527e-23, nan 
142.125, 60.375, 2.1492198363028053e-23, nan 
142.375, 60.375, 2.3627827331125143e-23, nan 
142.625, 60.375, 1.411852787994764e-23, nan 
142.875, 60.375, 1.3646015361968538e-23, nan 
143.125, 60.375, 2.5455748312035815e-23, nan 
143.375, 60.375, 1.5760444935231548e-23, nan 
143.625, 60.375, 1.3776658286467705e-23, nan 
143.875, 60.375, 2.4691389995690547e-23, nan 
144.125, 60.375, 1.587929067115136e-23, nan 
144.375, 60.375, 1.2389484869769648e-23, nan 
144.625, 60.375, 7.459783175415472e-24, nan 
144.875, 60.375, 3.962718733580475e-24, nan 
145.125, 60.375, 7.451199440356565e-24, nan 
145.375, 60.375, 1.263464725414345e-23, nan 
145.625, 60.375, 1.8973602813265923e-23, nan 
145.875, 60.375, 1.5623610951868716e-23, nan 
146.125, 60.375, 3.6160194693447364e-23, nan 
146.375, 60.375, 2.0771398836051163e-23, nan 
146.625, 60.375, 2.950543285119614e-23, nan 
146.875, 60.375, 1.2126308632056294e-22, nan 
147.125, 60.375, 5.516010825304862e-23, nan 
147.375, 60.375, 3.781753650223761e-23, nan 
147.625, 60.375, 2.438615886425094e-22, nan 
147.875, 60.375, 1.3397507088013485e-22, nan 
148.125, 60.375, 7.866025338259614e-23, nan 
148.375, 60.375, 8.610259364421691e-23, nan 
148.625, 60.375, 5.982966199414136e-23, nan 
148.875, 60.375, 3.899272050660364e-23, nan 
149.125, 60.375, 7.246743021691267e-24, nan 
149.375, 60.375, 1.5821161667915847e-23, nan 
149.625, 60.375, 8.861692659783775e-24, nan 
149.875, 60.375, 1.1522585786347721e-23, nan 
150.125, 60.375, 1.798266864309974e-23, nan 
150.375, 60.375, 2.171073714054762e-23, nan 
150.625, 60.375, 2.90454718514425e-23, nan 
150.875, 60.375, 2.9190068026277476e-23, nan 
151.125, 60.375, 3.17254038463874e-23, nan 
151.375, 60.375, 3.133932767215552e-23, nan 
151.625, 60.375, 2.353368129239211e-23, nan 
151.875, 60.375, 3.1682429138137926e-23, nan 
152.125, 60.375, 2.6786352584177593e-23, nan 
152.375, 60.375, 3.811035591969903e-23, nan 
152.625, 60.375, 6.096179277049446e-23, nan 
152.875, 60.375, 4.488455608260324e-23, nan 
153.125, 60.375, 4.0557025064324737e-23, nan 
153.375, 60.375, 2.9109076282072266e-23, nan 
153.625, 60.375, 1.3827172058536487e-23, nan 
153.875, 60.375, 1.1234067494853059e-23, nan 
154.125, 60.375, 8.531555379430952e-24, nan 
154.375, 60.375, 9.871665996846703e-24, nan 
154.625, 60.375, 1.0310067357848107e-23, nan 
154.875, 60.375, 1.143813123490182e-23, nan 
155.125, 60.375, 1.143527278048455e-23, nan 
155.375, 60.375, 1.0661610634824429e-23, nan 
155.625, 60.375, 1.2852301973835321e-23, nan 
155.875, 60.375, 6.46538708955774e-24, nan 
156.125, 60.375, 2.972048167455135e-24, nan 
156.375, 60.375, 1.0053330614987856e-23, nan 
156.625, 60.375, 5.628688628120272e-24, nan 
156.875, 60.375, 2.450348134690506e-24, nan 
157.125, 60.375, 7.922815479852484e-24, nan 
157.375, 60.375, 4.126517089725111e-24, nan 
157.625, 60.375, 2.9403571908148124e-24, nan 
157.875, 60.375, 5.452904733784032e-24, nan 
158.125, 60.375, 4.319783282972616e-24, nan 
158.375, 60.375, 4.111232120699153e-24, nan 
158.625, 60.375, 4.8307977426421754e-24, nan 
158.875, 60.375, 4.856666094988992e-24, nan 
159.125, 60.375, 6.772152895004944e-24, nan 
159.375, 60.375, 6.4849996794266085e-24, nan 
159.625, 60.375, 4.28686134290357e-24, nan 
159.875, 60.375, 4.42650272685906e-24, nan 
160.125, 60.375, 4.757901136343364e-24, nan 
160.375, 60.375, 6.5191832754685586e-24, nan 
160.625, 60.375, 1.2517460422454094e-23, nan 
160.875, 60.375, 1.1225705114781084e-23, nan 
161.125, 60.375, 3.62094644384959e-24, nan 
161.375, 60.375, 2.404371432535281e-23, nan 
161.625, 60.375, 2.4512007114315186e-23, nan 
161.875, 60.375, 9.498582125103182e-24, nan 
162.125, 60.375, 1.1430277859064783e-23, nan 
162.375, 60.375, 1.2056997338612185e-23, nan 
162.625, 60.375, 5.480277228735699e-24, nan 
162.875, 60.375, 4.542900421758793e-24, nan 
163.125, 60.375, 4.5814952532586784e-24, nan 
163.375, 60.375, 2.5928051742926307e-24, nan 
163.625, 60.375, 6.726880835108648e-24, nan 
163.875, 60.375, 6.811915881301358e-24, nan 
164.125, 60.375, 6.284972435647284e-24, nan 
164.375, 60.375, 7.366789919725374e-24, nan 
164.625, 60.375, 8.520795401338332e-24, nan 
164.875, 60.375, 6.855633021317067e-24, nan 
165.125, 60.375, 6.958656619288704e-24, nan 
165.375, 60.375, 6.120589921667823e-24, nan 
165.625, 60.375, 3.654062301956719e-24, nan 
165.875, 60.375, 6.674753583796998e-24, nan 
166.125, 60.375, 5.417961536027305e-24, nan 
166.375, 60.375, 3.216214922518736e-24, nan 
166.625, 60.375, 7.2277731381265e-24, nan 
166.875, 60.375, 3.0531092080774597e-24, nan 
167.125, 60.375, 3.07468133292284e-24, nan 
167.375, 60.375, 4.601200386581345e-24, nan 
167.625, 60.375, 4.377601896455838e-24, nan 
167.875, 60.375, 4.210173881600256e-24, nan 
168.125, 60.375, 3.941800814864201e-24, nan 
168.375, 60.375, 3.9303034683247386e-24, nan 
168.625, 60.375, 5.65069341554794e-24, nan 
168.875, 60.375, 4.038505926497411e-24, nan 
169.125, 60.375, 4.372293801467734e-24, nan 
169.375, 60.375, 4.380201206965767e-24, nan 
169.625, 60.375, 2.234306416314503e-24, nan 
169.875, 60.375, 2.8220283205686475e-24, nan 
51.125, 60.625, 6.270812983739777e-24, nan 
51.375, 60.625, 7.197539441144244e-24, nan 
51.625, 60.625, 6.3641876024651924e-24, nan 
51.875, 60.625, 6.0781262775790716e-24, nan 
52.125, 60.625, 6.425741285704129e-24, nan 
52.375, 60.625, 4.700411372117239e-24, nan 
52.625, 60.625, 4.1478695800785835e-24, nan 
52.875, 60.625, 5.88923459359937e-24, nan 
53.125, 60.625, 3.599139067165399e-24, nan 
53.375, 60.625, 4.0010711410423e-24, nan 
53.625, 60.625, 4.70155195815132e-24, nan 
53.875, 60.625, 4.144777407367791e-24, nan 
54.125, 60.625, 4.7913585452643e-24, nan 
54.375, 60.625, 5.772864828057711e-24, nan 
54.625, 60.625, 5.192760864603648e-24, nan 
54.875, 60.625, 6.173392941223812e-24, nan 
55.125, 60.625, 4.968700540203421e-24, nan 
55.375, 60.625, 7.905627558161818e-24, nan 
55.625, 60.625, 5.4074433253208336e-24, nan 
55.875, 60.625, 6.483339984392645e-24, nan 
56.125, 60.625, 9.559073661349327e-24, nan 
56.375, 60.625, 1.2561625458180072e-23, nan 
56.625, 60.625, 1.5084464152532282e-23, nan 
56.875, 60.625, 1.1977047295137211e-23, nan 
57.125, 60.625, 1.5409284195502677e-23, nan 
57.375, 60.625, 1.600047097005928e-23, nan 
57.625, 60.625, 1.3354743185821452e-23, nan 
57.875, 60.625, 1.2834432697713052e-23, nan 
58.125, 60.625, 1.3605164777821442e-23, nan 
58.375, 60.625, 1.1238690440752173e-23, nan 
58.625, 60.625, 1.0027345870930655e-23, nan 
58.875, 60.625, 8.238325675990467e-24, nan 
59.125, 60.625, 5.613209234123117e-24, nan 
59.375, 60.625, 7.469166423683328e-24, nan 
59.625, 60.625, 1.810628354420603e-23, nan 
59.875, 60.625, 1.712101818567814e-23, nan 
60.125, 60.625, 1.2963199816803464e-23, nan 
60.375, 60.625, 2.2912673825835457e-23, nan 
60.625, 60.625, 1.3177757263702996e-23, nan 
60.875, 60.625, 1.2293669431535794e-23, nan 
61.125, 60.625, 3.5688755074003446e-24, nan 
61.375, 60.625, 3.302122260696464e-24, nan 
61.625, 60.625, 6.141023745717868e-24, nan 
61.875, 60.625, 3.955043571649226e-24, nan 
62.125, 60.625, 3.871735478337423e-24, nan 
62.375, 60.625, 8.518884868630906e-24, nan 
62.625, 60.625, 9.466210076121015e-24, nan 
62.875, 60.625, 5.495499478140075e-24, nan 
63.125, 60.625, 1.4853828379732878e-23, nan 
63.375, 60.625, 1.4046159935073468e-23, nan 
63.625, 60.625, 1.611862929454065e-23, nan 
63.875, 60.625, 1.3380645635837e-23, nan 
64.125, 60.625, 1.0116238568981316e-23, nan 
64.375, 60.625, 1.6406686767162125e-23, nan 
64.625, 60.625, 1.0924028987380454e-23, nan 
64.875, 60.625, 1.4373992159993056e-23, nan 
65.125, 60.625, 1.741039147703268e-23, nan 
65.375, 60.625, 1.9076036194630225e-23, nan 
65.625, 60.625, 1.5411603157237428e-23, nan 
65.875, 60.625, 2.267415093009117e-23, nan 
66.125, 60.625, 9.295255876747048e-24, nan 
66.375, 60.625, 1.3947968801389938e-23, nan 
66.625, 60.625, 1.5618484251974195e-23, nan 
66.875, 60.625, 1.3302997141126065e-23, nan 
67.125, 60.625, 1.0781356446246867e-23, nan 
67.375, 60.625, 7.575176167474442e-24, nan 
67.625, 60.625, 1.912766019055777e-23, nan 
67.875, 60.625, 1.545555072411404e-23, nan 
68.125, 60.625, 1.4342377064939278e-23, nan 
68.375, 60.625, 1.4298404390166396e-23, nan 
68.625, 60.625, 2.122191862871058e-23, nan 
68.875, 60.625, 1.40646443395163e-23, nan 
69.125, 60.625, 7.865682708876741e-24, nan 
69.375, 60.625, 6.637330671666371e-24, nan 
69.625, 60.625, 1.8735920843989553e-23, nan 
69.875, 60.625, 2.045118142474678e-23, nan 
70.125, 60.625, 1.1639665194975916e-23, nan 
70.375, 60.625, 2.1056239492607096e-23, nan 
70.625, 60.625, 1.7853948713501466e-23, nan 
70.875, 60.625, 2.330167857620383e-23, nan 
71.125, 60.625, 2.2812031885053146e-23, nan 
71.375, 60.625, 1.0652412202239388e-23, nan 
71.625, 60.625, 3.046356291062363e-23, nan 
71.875, 60.625, 3.858987033555794e-23, nan 
72.125, 60.625, 1.1037578681600472e-22, nan 
72.375, 60.625, 6.58622160969091e-23, nan 
72.625, 60.625, 5.472115766644513e-23, nan 
72.875, 60.625, 4.74383977551499e-23, nan 
73.125, 60.625, 2.3370205454480853e-23, nan 
73.375, 60.625, 4.567231126398624e-23, nan 
73.625, 60.625, 5.337523044660644e-23, nan 
73.875, 60.625, 4.411334686796323e-23, nan 
74.125, 60.625, 4.78164397749847e-23, nan 
74.375, 60.625, 5.313311748263745e-23, nan 
74.625, 60.625, 4.861028463994556e-23, nan 
74.875, 60.625, 2.499077252520125e-23, nan 
75.125, 60.625, 3.422023648900897e-23, nan 
75.375, 60.625, 3.7484073603623365e-23, nan 
75.625, 60.625, 4.4234087663956366e-23, nan 
75.875, 60.625, 1.8216324088687362e-23, nan 
76.125, 60.625, 5.50193622236048e-23, nan 
76.375, 60.625, 6.069526264363988e-23, nan 
76.625, 60.625, 4.147093407351477e-23, nan 
76.875, 60.625, 6.190048274609841e-23, nan 
77.125, 60.625, 6.643482596212806e-23, nan 
77.375, 60.625, 4.2408917756651247e-23, nan 
77.625, 60.625, 1.9821092057942864e-23, nan 
77.875, 60.625, 1.0511836469767937e-23, nan 
78.125, 60.625, 2.932997243551442e-23, nan 
78.375, 60.625, 2.6201743120000403e-23, nan 
78.625, 60.625, 2.2258402894300898e-23, nan 
78.875, 60.625, 2.8006954510636565e-23, nan 
79.125, 60.625, 1.6799140948280588e-23, nan 
79.375, 60.625, 1.771539856389891e-23, nan 
79.625, 60.625, 1.5249489764304943e-23, nan 
79.875, 60.625, 1.423237291251063e-23, nan 
80.125, 60.625, 1.205290425486854e-23, nan 
80.375, 60.625, 1.7587022148035043e-23, nan 
80.625, 60.625, 1.3997094702435674e-23, nan 
80.875, 60.625, 2.3702014271149447e-23, nan 
81.125, 60.625, 3.001310860905045e-23, nan 
81.375, 60.625, 1.2502655663993796e-23, nan 
81.625, 60.625, 2.295353025879855e-23, nan 
81.875, 60.625, 1.8260266217364865e-23, nan 
82.125, 60.625, 7.530501267821262e-23, nan 
82.375, 60.625, 7.882326943687525e-23, nan 
82.625, 60.625, 1.0112398342379858e-22, nan 
82.875, 60.625, 9.970902050042125e-23, nan 
83.125, 60.625, 9.570899906684613e-23, nan 
83.375, 60.625, 5.670709938255006e-23, nan 
83.625, 60.625, 8.602665015417319e-23, nan 
83.875, 60.625, 1.9084205460697897e-22, nan 
84.125, 60.625, 1.192441225123864e-22, nan 
84.375, 60.625, 8.986733932552609e-23, nan 
84.625, 60.625, 1.6824507666466513e-22, nan 
84.875, 60.625, 1.654664261753821e-22, nan 
85.125, 60.625, 1.6059768923317552e-22, nan 
85.375, 60.625, 1.798510897292292e-22, nan 
85.625, 60.625, 2.731227404289943e-22, nan 
85.875, 60.625, 5.5232869576910605e-22, nan 
86.125, 60.625, 4.145761666795479e-22, nan 
86.375, 60.625, 5.055119480198192e-22, nan 
86.625, 60.625, 1.1711606088296684e-21, nan 
86.875, 60.625, 2.493966513763504e-21, nan 
87.125, 60.625, 2.3956237403998946e-21, nan 
87.375, 60.625, 2.4736859877700684e-21, nan 
87.625, 60.625, 6.164117697302063e-21, nan 
87.875, 60.625, 4.700527156306897e-21, nan 
88.125, 60.625, 2.801047288105565e-21, nan 
88.375, 60.625, 3.4483364784766446e-21, nan 
88.625, 60.625, 2.203381970915351e-21, nan 
88.875, 60.625, 1.93896855368841e-21, nan 
89.125, 60.625, 8.621589106889964e-22, nan 
89.375, 60.625, 4.865817441998635e-22, nan 
89.625, 60.625, 2.5803297724500353e-21, nan 
89.875, 60.625, 6.529908412423748e-22, nan 
90.125, 60.625, 3.499727238273687e-22, nan 
90.375, 60.625, 7.742583757069404e-22, nan 
90.625, 60.625, 2.7204156141405016e-22, nan 
90.875, 60.625, 2.7814629990110095e-22, nan 
91.125, 60.625, 3.3261537959986967e-22, nan 
91.375, 60.625, 2.028575948663313e-22, nan 
91.625, 60.625, 2.3250323944707254e-22, nan 
91.875, 60.625, 3.241956103558795e-22, nan 
92.125, 60.625, 2.4242729276299866e-22, nan 
92.375, 60.625, 2.1389963670800445e-22, nan 
92.625, 60.625, 1.6925290123268603e-22, nan 
92.875, 60.625, 2.536207478213934e-22, nan 
93.125, 60.625, 2.8448077922014243e-22, nan 
93.375, 60.625, 2.116663066988267e-22, nan 
93.625, 60.625, 2.6254977292093367e-22, nan 
93.875, 60.625, 3.5756811903552622e-22, nan 
94.125, 60.625, 2.941804162202776e-22, nan 
94.375, 60.625, 2.0359165657618103e-22, nan 
94.625, 60.625, 2.0032099112826025e-22, nan 
94.875, 60.625, 2.0957814035632908e-22, nan 
95.125, 60.625, 2.417840361630707e-22, nan 
95.375, 60.625, 2.4560372922567475e-22, nan 
95.625, 60.625, 3.083401752106923e-22, nan 
95.875, 60.625, 5.921087352346021e-22, nan 
96.125, 60.625, 7.079976394686995e-22, nan 
96.375, 60.625, 9.193844620692476e-22, nan 
96.625, 60.625, 1.2541565991125259e-21, nan 
96.875, 60.625, 7.6863988559738e-22, nan 
97.125, 60.625, 5.890310527284497e-22, nan 
97.375, 60.625, 6.27354249771635e-22, nan 
97.625, 60.625, 7.443599281282248e-22, nan 
97.875, 60.625, 7.894325378570205e-22, nan 
98.125, 60.625, 5.090458126553052e-22, nan 
98.375, 60.625, 4.754894305883428e-22, nan 
98.625, 60.625, 5.993896191287283e-22, nan 
98.875, 60.625, 1.996056294980627e-22, nan 
99.125, 60.625, 3.8379498892872454e-22, nan 
99.375, 60.625, 4.372885189438078e-22, nan 
99.625, 60.625, 3.289036568034276e-22, nan 
99.875, 60.625, 4.622881082078616e-22, nan 
100.125, 60.625, 6.73314383042318e-22, nan 
100.375, 60.625, 7.636887169519553e-22, nan 
100.625, 60.625, 7.6588480852559025e-22, nan 
100.875, 60.625, 7.882966539425546e-22, nan 
101.125, 60.625, 6.074494246505056e-22, nan 
101.375, 60.625, 4.0470199889713947e-22, nan 
101.625, 60.625, 3.450561479928691e-22, nan 
101.875, 60.625, 5.691123402901254e-22, nan 
102.125, 60.625, 1.5981702420178677e-21, nan 
102.375, 60.625, 1.3660852433057978e-21, nan 
102.625, 60.625, 9.037001174426908e-22, nan 
102.875, 60.625, 1.6840366093643921e-21, nan 
103.125, 60.625, 1.6428085049430963e-21, nan 
103.375, 60.625, 1.0358376096075859e-21, nan 
103.625, 60.625, 9.387712179451991e-22, nan 
103.875, 60.625, 1.0475278167418798e-21, nan 
104.125, 60.625, 9.62606137280546e-22, nan 
104.375, 60.625, 8.519645094218434e-22, nan 
104.625, 60.625, 7.011259531149527e-22, nan 
104.875, 60.625, 6.548006368361027e-22, nan 
105.125, 60.625, 5.334934337011137e-22, nan 
105.375, 60.625, 4.723440800125891e-22, nan 
105.625, 60.625, 4.400377694732446e-22, nan 
105.875, 60.625, 3.527597531746545e-22, nan 
106.125, 60.625, 3.8981741824526663e-22, nan 
106.375, 60.625, 5.181832570216698e-22, nan 
106.625, 60.625, 5.744621391090742e-22, nan 
106.875, 60.625, 6.938408355930066e-22, nan 
107.125, 60.625, 7.252614544251964e-22, nan 
107.375, 60.625, 5.140632096926711e-22, nan 
107.625, 60.625, 2.2904139595233286e-22, nan 
107.875, 60.625, 1.805891007541429e-22, nan 
108.125, 60.625, 2.6887867939240113e-22, nan 
108.375, 60.625, 2.349625367023936e-22, nan 
108.625, 60.625, 3.3996155203713446e-22, nan 
108.875, 60.625, 3.620380954524786e-22, nan 
109.125, 60.625, 3.7409057939246264e-22, nan 
109.375, 60.625, 3.178026279951815e-22, nan 
109.625, 60.625, 4.2134931706281287e-22, nan 
109.875, 60.625, 4.120734518542097e-22, nan 
110.125, 60.625, 5.285357400188465e-22, nan 
110.375, 60.625, 4.791437609340034e-22, nan 
110.625, 60.625, 5.841242621067483e-22, nan 
110.875, 60.625, 5.707880098501233e-22, nan 
111.125, 60.625, 6.454797527554506e-22, nan 
111.375, 60.625, 9.19092515796649e-22, nan 
111.625, 60.625, 9.277701822706536e-22, nan 
111.875, 60.625, 5.114777109055675e-22, nan 
112.125, 60.625, 7.768453698531081e-22, nan 
112.375, 60.625, 8.76583038159261e-22, nan 
112.625, 60.625, 3.4053586554733373e-22, nan 
112.875, 60.625, 3.756838112197962e-22, nan 
113.125, 60.625, 2.8946728247319173e-22, nan 
113.375, 60.625, 3.2054642150271836e-22, nan 
113.625, 60.625, 3.5819991500538745e-22, nan 
113.875, 60.625, 5.571332000174488e-22, nan 
114.125, 60.625, 7.5269428758366905e-22, nan 
114.375, 60.625, 8.530316111950277e-22, nan 
114.625, 60.625, 7.445317227107351e-22, nan 
114.875, 60.625, 3.318727772282845e-22, nan 
115.125, 60.625, 4.0071023539323425e-22, nan 
115.375, 60.625, 5.264846180046177e-22, nan 
115.625, 60.625, 5.971767827491575e-22, nan 
115.875, 60.625, 2.3244546729869808e-21, nan 
116.125, 60.625, 5.4447078263479405e-22, nan 
116.375, 60.625, 4.9468439098836285e-22, nan 
116.625, 60.625, 4.500799951956212e-22, nan 
116.875, 60.625, 2.8031670265249447e-22, nan 
117.125, 60.625, 3.149402627335027e-22, nan 
117.375, 60.625, 2.15113342930763e-22, nan 
117.625, 60.625, 1.6814076537702054e-22, nan 
117.875, 60.625, 1.3030822212441855e-22, nan 
118.125, 60.625, 9.859375844371031e-23, nan 
118.375, 60.625, 1.8959591020933468e-22, nan 
118.625, 60.625, 1.2365892383376416e-22, nan 
118.875, 60.625, 1.5843605494646043e-22, nan 
119.125, 60.625, 1.4968125602696243e-22, nan 
119.375, 60.625, 1.8597804926859075e-22, nan 
119.625, 60.625, 1.604825444404912e-22, nan 
119.875, 60.625, 1.199792027023291e-22, nan 
120.125, 60.625, 1.2727672776194976e-22, nan 
120.375, 60.625, 1.4169457421259202e-22, nan 
120.625, 60.625, 1.0384918981885522e-22, nan 
120.875, 60.625, 6.854370962649631e-23, nan 
121.125, 60.625, 1.4010398408975836e-22, nan 
121.375, 60.625, 1.5855660404914522e-22, nan 
121.625, 60.625, 8.606777303757603e-23, nan 
121.875, 60.625, 1.1311589198520274e-22, nan 
122.125, 60.625, 9.693506715082907e-23, nan 
122.375, 60.625, 1.3862519316515125e-22, nan 
122.625, 60.625, 9.815033686776458e-23, nan 
122.875, 60.625, 1.0370860925890384e-22, nan 
123.125, 60.625, 1.1681151948547228e-22, nan 
123.375, 60.625, 1.3081009722135737e-22, nan 
123.625, 60.625, 1.7938309324349452e-22, nan 
123.875, 60.625, 1.47217308004656e-22, nan 
124.125, 60.625, 2.270785875907909e-22, nan 
124.375, 60.625, 1.810764797633325e-22, nan 
124.625, 60.625, 1.5883569256066223e-22, nan 
124.875, 60.625, 2.0687590314466392e-22, nan 
125.125, 60.625, 1.5822642108857775e-22, nan 
125.375, 60.625, 1.063435793000252e-22, nan 
125.625, 60.625, 1.0395489833272712e-22, nan 
125.875, 60.625, 9.912629993111766e-23, nan 
126.125, 60.625, 8.540833677062358e-23, nan 
126.375, 60.625, 6.227679883441994e-23, nan 
126.625, 60.625, 1.7189788355017032e-22, nan 
126.875, 60.625, 1.5277555260302758e-22, nan 
127.125, 60.625, 1.4092017927094153e-22, nan 
127.375, 60.625, 1.9917469965072505e-22, nan 
127.625, 60.625, 1.4551357875785586e-22, nan 
127.875, 60.625, 1.4631267052895872e-22, nan 
128.125, 60.625, 1.4138514732711994e-22, nan 
128.375, 60.625, 3.3553310365612385e-22, nan 
128.625, 60.625, 4.1935273078632605e-22, nan 
128.875, 60.625, 2.277088338753196e-22, nan 
129.125, 60.625, 6.150521606048288e-22, nan 
129.375, 60.625, 5.779822676104955e-22, nan 
129.625, 60.625, 3.079030701878127e-22, nan 
129.875, 60.625, 1.969764869223376e-22, nan 
130.125, 60.625, 2.393202908618599e-22, nan 
130.375, 60.625, 1.613062596274405e-22, nan 
130.625, 60.625, 7.15584191855457e-23, nan 
130.875, 60.625, 3.3533737893248535e-23, nan 
131.125, 60.625, 6.779309329300338e-23, nan 
131.375, 60.625, 1.0443641443857076e-22, nan 
131.625, 60.625, 9.244425179646947e-23, nan 
131.875, 60.625, 8.11283940372086e-23, nan 
132.125, 60.625, 1.1259393496909562e-22, nan 
132.375, 60.625, 8.31574158972442e-23, nan 
132.625, 60.625, 5.825916539984277e-23, nan 
132.875, 60.625, 4.4498625675028785e-23, nan 
133.125, 60.625, 4.0643652477120795e-23, nan 
133.375, 60.625, 3.462329207153949e-23, nan 
133.625, 60.625, 4.830549890027848e-23, nan 
133.875, 60.625, 5.831461864150992e-23, nan 
134.125, 60.625, 3.2779124518155805e-23, nan 
134.375, 60.625, 6.618884264640626e-23, nan 
134.625, 60.625, 7.488499920107226e-23, nan 
134.875, 60.625, 2.930432383716372e-23, nan 
135.125, 60.625, 2.7013568083055565e-23, nan 
135.375, 60.625, 4.0332691907645313e-23, nan 
135.625, 60.625, 2.825154986775809e-23, nan 
135.875, 60.625, 9.365376161631039e-24, nan 
136.125, 60.625, 8.765443418888573e-23, nan 
136.375, 60.625, 4.9332442328857565e-23, nan 
136.625, 60.625, 2.8299327173248987e-23, nan 
136.875, 60.625, 1.7637676100181884e-23, nan 
137.125, 60.625, 2.2970556420149515e-23, nan 
137.375, 60.625, 1.6738123208298603e-23, nan 
137.625, 60.625, 4.2688623457692964e-23, nan 
137.875, 60.625, 1.6373716593083027e-23, nan 
138.125, 60.625, 1.8930065501395487e-23, nan 
138.375, 60.625, 2.1562443909272478e-23, nan 
138.625, 60.625, 2.2726232500632764e-23, nan 
138.875, 60.625, 2.0687415586064352e-23, nan 
139.125, 60.625, 1.6504456590675346e-23, nan 
139.375, 60.625, 2.947534690534701e-23, nan 
139.625, 60.625, 1.7270907292634877e-23, nan 
139.875, 60.625, 2.4264557228942842e-23, nan 
140.125, 60.625, 4.7734833623008586e-23, nan 
140.375, 60.625, 2.6063249816863404e-23, nan 
140.625, 60.625, 3.5357372333547404e-23, nan 
140.875, 60.625, 4.008484330907072e-23, nan 
141.125, 60.625, 1.5310476583556376e-23, nan 
141.375, 60.625, 2.753137703684133e-23, nan 
141.625, 60.625, 3.590110039833881e-23, nan 
141.875, 60.625, 1.136593794290492e-23, nan 
142.125, 60.625, 2.1460027950332695e-23, nan 
142.375, 60.625, 1.8475183310598076e-23, nan 
142.625, 60.625, 8.92141661465519e-24, nan 
142.875, 60.625, 2.1970337929604018e-23, nan 
143.125, 60.625, 2.498239002212824e-23, nan 
143.375, 60.625, 1.5957747789381776e-23, nan 
143.625, 60.625, 1.9818737975555545e-23, nan 
143.875, 60.625, 2.3881665256810257e-23, nan 
144.125, 60.625, 1.621285361430634e-23, nan 
144.375, 60.625, 4.0096617804323564e-24, nan 
144.625, 60.625, 3.861092048283011e-24, nan 
144.875, 60.625, 6.878746169945078e-24, nan 
145.125, 60.625, 5.05633322079573e-24, nan 
145.375, 60.625, 1.2111404250193796e-23, nan 
145.625, 60.625, 9.939806178251062e-24, nan 
145.875, 60.625, 1.3734149732944281e-23, nan 
146.125, 60.625, 1.697003787829978e-23, nan 
146.375, 60.625, 2.6049009102078177e-23, nan 
146.625, 60.625, 2.3428799510263827e-23, nan 
146.875, 60.625, 4.176516118501878e-23, nan 
147.125, 60.625, 3.505815937945884e-23, nan 
147.375, 60.625, 3.59483079232505e-23, nan 
147.625, 60.625, 1.4736972011735255e-22, nan 
147.875, 60.625, 8.33235670465289e-23, nan 
148.125, 60.625, 5.401446734600599e-23, nan 
148.375, 60.625, 3.485190753961347e-23, nan 
148.625, 60.625, 2.6417539753241244e-23, nan 
148.875, 60.625, 1.0407568123134246e-23, nan 
149.125, 60.625, 1.5222211752770235e-23, nan 
149.375, 60.625, 1.2059897573690355e-23, nan 
149.625, 60.625, 9.62084164837471e-24, nan 
149.875, 60.625, 1.6159251946789456e-23, nan 
150.125, 60.625, 2.460915372859313e-23, nan 
150.375, 60.625, 3.5366014560111166e-23, nan 
150.625, 60.625, 3.9456140823417257e-23, nan 
150.875, 60.625, 3.4354615695691857e-23, nan 
151.125, 60.625, 3.9263035860007715e-23, nan 
151.375, 60.625, 4.6034050006783504e-23, nan 
151.625, 60.625, 4.454325328613791e-23, nan 
151.875, 60.625, 3.739767987100009e-23, nan 
152.125, 60.625, 3.9050907470434243e-23, nan 
152.375, 60.625, 3.7249955425077946e-23, nan 
152.625, 60.625, 2.362679691753728e-23, nan 
152.875, 60.625, 2.3898162579659452e-23, nan 
153.125, 60.625, 1.413963687633833e-23, nan 
153.375, 60.625, 9.019554529565037e-24, nan 
153.625, 60.625, 1.0975513134547187e-23, nan 
153.875, 60.625, 1.0374052856352478e-23, nan 
154.125, 60.625, 8.226207659060977e-24, nan 
154.375, 60.625, 9.19698620047019e-24, nan 
154.625, 60.625, 7.663587681532993e-24, nan 
154.875, 60.625, 9.218506598831459e-24, nan 
155.125, 60.625, 1.3440757852365803e-23, nan 
155.375, 60.625, 1.2251975726008503e-23, nan 
155.625, 60.625, 1.1780985597691609e-23, nan 
155.875, 60.625, 1.0899993650740788e-23, nan 
156.125, 60.625, 6.947157280123761e-24, nan 
156.375, 60.625, 4.986184551631895e-24, nan 
156.625, 60.625, 6.818211045103607e-24, nan 
156.875, 60.625, 6.413130494971575e-24, nan 
157.125, 60.625, 7.943376087478294e-24, nan 
157.375, 60.625, 4.001694159409182e-24, nan 
157.625, 60.625, 4.437090531181614e-24, nan 
157.875, 60.625, 6.7207844153138e-24, nan 
158.125, 60.625, 5.0312714867333584e-24, nan 
158.375, 60.625, 4.53939852367941e-24, nan 
158.625, 60.625, 4.3210406855183635e-24, nan 
158.875, 60.625, 5.0361729810191416e-24, nan 
159.125, 60.625, 5.20187280634931e-24, nan 
159.375, 60.625, 3.970464910560996e-24, nan 
159.625, 60.625, 4.859400768903548e-24, nan 
159.875, 60.625, 6.229460442032646e-24, nan 
160.125, 60.625, 4.244826498085159e-24, nan 
160.375, 60.625, 1.3850822637134663e-23, nan 
160.625, 60.625, 9.76539416316257e-24, nan 
160.875, 60.625, 2.795962230273069e-24, nan 
161.125, 60.625, 4.525243222950205e-24, nan 
161.375, 60.625, 1.6539286499888028e-23, nan 
161.625, 60.625, 1.8147646328460566e-23, nan 
161.875, 60.625, 8.608640967435237e-24, nan 
162.125, 60.625, 4.287742628890269e-24, nan 
162.375, 60.625, 3.777759767788749e-24, nan 
162.625, 60.625, 4.4861893965014554e-24, nan 
162.875, 60.625, 1.0433069237124914e-23, nan 
163.125, 60.625, 1.43456184305791e-23, nan 
163.375, 60.625, 5.321269426961667e-24, nan 
163.625, 60.625, 1.0811822799520121e-23, nan 
163.875, 60.625, 1.3893770045872285e-23, nan 
164.125, 60.625, 7.929366413371094e-24, nan 
164.375, 60.625, 7.854671882796251e-24, nan 
164.625, 60.625, 9.904392650168943e-24, nan 
164.875, 60.625, 7.550126767520261e-24, nan 
165.125, 60.625, 3.995708240539013e-24, nan 
165.375, 60.625, 4.2626387048331225e-24, nan 
165.625, 60.625, 3.678732922374657e-24, nan 
165.875, 60.625, 3.834180072229475e-24, nan 
166.125, 60.625, 4.4986216771831434e-24, nan 
166.375, 60.625, 1.6884459477476712e-24, nan 
166.625, 60.625, 6.778556252359463e-24, nan 
166.875, 60.625, 4.344869988004529e-24, nan 
167.125, 60.625, 3.542374908148535e-24, nan 
167.375, 60.625, 5.834671838726829e-24, nan 
167.625, 60.625, 4.6951189076991016e-24, nan 
167.875, 60.625, 3.685210565097862e-24, nan 
168.125, 60.625, 3.085347394231509e-24, nan 
168.375, 60.625, 3.6917062518311556e-24, nan 
168.625, 60.625, 2.6071144109373278e-24, nan 
168.875, 60.625, 2.4020894010820094e-24, nan 
169.125, 60.625, 2.684113632681231e-24, nan 
169.375, 60.625, 3.357728893708792e-24, nan 
169.625, 60.625, 2.9288958975871e-24, nan 
169.875, 60.625, 2.6590860141680627e-24, nan 
170.125, 60.625, 2.1621070120497924e-24, nan 
170.375, 60.625, 1.7760391928870186e-24, nan 
50.375, 60.875, 5.565751658660206e-24, nan 
50.625, 60.875, 8.685822154152351e-24, nan 
50.875, 60.875, 4.959355783741496e-24, nan 
51.125, 60.875, 5.347209642596656e-24, nan 
51.375, 60.875, 7.570295013680784e-24, nan 
51.625, 60.875, 6.4406375762198095e-24, nan 
51.875, 60.875, 5.320477192106236e-24, nan 
52.125, 60.875, 4.5848358401183786e-24, nan 
52.375, 60.875, 4.925231266322956e-24, nan 
52.625, 60.875, 5.02747790078093e-24, nan 
52.875, 60.875, 5.0190822972877496e-24, nan 
53.125, 60.875, 5.475824869238239e-24, nan 
53.375, 60.875, 3.783065851031415e-24, nan 
53.625, 60.875, 6.946003941083245e-24, nan 
53.875, 60.875, 7.712948163247946e-24, nan 
54.125, 60.875, 5.553068198588236e-24, nan 
54.375, 60.875, 7.591315015574739e-24, nan 
54.625, 60.875, 6.0110084818650266e-24, nan 
54.875, 60.875, 5.967550577308198e-24, nan 
55.125, 60.875, 3.8481598827591e-24, nan 
55.375, 60.875, 5.917599993168971e-24, nan 
55.625, 60.875, 5.888271833068196e-24, nan 
55.875, 60.875, 7.08606987068586e-24, nan 
56.125, 60.875, 8.84696802105693e-24, nan 
56.375, 60.875, 8.234000370851312e-24, nan 
56.625, 60.875, 5.388103119875252e-24, nan 
56.875, 60.875, 1.1724885030612901e-23, nan 
57.125, 60.875, 1.4842689755656607e-23, nan 
57.375, 60.875, 1.6464431952308255e-23, nan 
57.625, 60.875, 1.3028204679923116e-23, nan 
57.875, 60.875, 1.446176420906168e-23, nan 
58.125, 60.875, 1.7861144269700982e-23, nan 
58.375, 60.875, 1.3613253463181622e-23, nan 
58.625, 60.875, 1.0606587966501609e-23, nan 
58.875, 60.875, 7.957073359174146e-24, nan 
59.125, 60.875, 7.884070057198248e-24, nan 
59.375, 60.875, 1.1257171888884193e-23, nan 
59.625, 60.875, 1.2249899673633049e-23, nan 
59.875, 60.875, 1.1490852936593315e-23, nan 
60.125, 60.875, 1.8146299319384517e-23, nan 
60.375, 60.875, 1.6092859176422674e-23, nan 
60.625, 60.875, 1.5930529121394783e-23, nan 
60.875, 60.875, 5.078990651083009e-24, nan 
61.125, 60.875, 6.009022094995625e-24, nan 
61.375, 60.875, 7.601345832770302e-24, nan 
61.625, 60.875, 5.3165655918463565e-24, nan 
61.875, 60.875, 4.824596152940132e-24, nan 
62.125, 60.875, 4.4955299152205255e-24, nan 
62.375, 60.875, 5.323150049495296e-24, nan 
62.625, 60.875, 4.766738249416189e-24, nan 
62.875, 60.875, 7.362173582797415e-24, nan 
63.125, 60.875, 1.1918933093016896e-23, nan 
63.375, 60.875, 1.284482954378247e-23, nan 
63.625, 60.875, 1.2398770030130833e-23, nan 
63.875, 60.875, 1.5945579592314294e-23, nan 
64.125, 60.875, 1.5228497530785274e-23, nan 
64.375, 60.875, 1.71231393260764e-23, nan 
64.625, 60.875, 2.5426943475870192e-23, nan 
64.875, 60.875, 2.9533598846840006e-23, nan 
65.125, 60.875, 2.1479586242649794e-23, nan 
65.375, 60.875, 3.101623978633316e-23, nan 
65.625, 60.875, 2.7930682649214764e-23, nan 
65.875, 60.875, 1.957784472054132e-23, nan 
66.125, 60.875, 1.8890820679568129e-23, nan 
66.375, 60.875, 2.2237937852822528e-23, nan 
66.625, 60.875, 1.8387984387605883e-23, nan 
66.875, 60.875, 7.258801476305787e-24, nan 
67.125, 60.875, 9.633659117549047e-24, nan 
67.375, 60.875, 1.6377510874739464e-23, nan 
67.625, 60.875, 1.8057058018382912e-23, nan 
67.875, 60.875, 1.5444327342843895e-23, nan 
68.125, 60.875, 1.08022280069513e-23, nan 
68.375, 60.875, 1.728615218902443e-23, nan 
68.625, 60.875, 1.585772972731284e-23, nan 
68.875, 60.875, 1.5433392076281113e-23, nan 
69.125, 60.875, 1.853210628667896e-23, nan 
69.375, 60.875, 1.6261984139080634e-23, nan 
69.625, 60.875, 1.9601397672358197e-23, nan 
69.875, 60.875, 2.0596116336642952e-23, nan 
70.125, 60.875, 8.545576466318291e-24, nan 
70.375, 60.875, 2.0770887823498443e-23, nan 
70.625, 60.875, 1.553380708035772e-23, nan 
70.875, 60.875, 1.2775126946917583e-23, nan 
71.125, 60.875, 2.285174696396252e-23, nan 
71.375, 60.875, 7.343881933509372e-23, nan 
71.625, 60.875, 3.163320412501355e-23, nan 
71.875, 60.875, 5.0196506086499507e-23, nan 
72.125, 60.875, 1.6560897727101482e-22, nan 
72.375, 60.875, 8.202057032045298e-23, nan 
72.625, 60.875, 1.0579202500230626e-22, nan 
72.875, 60.875, 8.499501714743274e-23, nan 
73.125, 60.875, 4.889079473414634e-23, nan 
73.375, 60.875, 7.731234749425327e-23, nan 
73.625, 60.875, 7.18653877048642e-23, nan 
73.875, 60.875, 6.528072387933363e-23, nan 
74.125, 60.875, 5.205250838874848e-23, nan 
74.375, 60.875, 6.583901876374506e-23, nan 
74.625, 60.875, 5.9226647944577e-23, nan 
74.875, 60.875, 3.444597119934773e-23, nan 
75.125, 60.875, 2.7187210034879176e-23, nan 
75.375, 60.875, 3.0517084103454387e-23, nan 
75.625, 60.875, 2.897243133836575e-23, nan 
75.875, 60.875, 2.5352956018444616e-23, nan 
76.125, 60.875, 3.7003823898118415e-23, nan 
76.375, 60.875, 3.859312627079962e-23, nan 
76.625, 60.875, 4.254634500958487e-23, nan 
76.875, 60.875, 5.1531598035667476e-23, nan 
77.125, 60.875, 4.811895112261927e-23, nan 
77.375, 60.875, 4.5775692383727484e-23, nan 
77.625, 60.875, 3.440859153079935e-23, nan 
77.875, 60.875, 2.5381327471974267e-23, nan 
78.125, 60.875, 4.081379435130185e-23, nan 
78.375, 60.875, 9.177008103578493e-23, nan 
78.625, 60.875, 9.194881556830991e-23, nan 
78.875, 60.875, 8.323253129615819e-23, nan 
79.125, 60.875, 7.481415262119594e-23, nan 
79.375, 60.875, 4.473351027217547e-23, nan 
79.625, 60.875, 1.9003476508345906e-23, nan 
79.875, 60.875, 9.222256269595218e-24, nan 
80.125, 60.875, 2.6036881122207022e-23, nan 
80.375, 60.875, 1.4330982028496453e-23, nan 
80.625, 60.875, 1.7520286649440163e-23, nan 
80.875, 60.875, 2.6157060373628388e-23, nan 
81.125, 60.875, 1.1202258749213562e-22, nan 
81.375, 60.875, 1.1962295691642182e-22, nan 
81.625, 60.875, 6.496801812753157e-23, nan 
81.875, 60.875, 7.817567999728233e-23, nan 
82.125, 60.875, 9.787062953431163e-23, nan 
82.375, 60.875, 9.38622564923696e-23, nan 
82.625, 60.875, 1.0076264246558041e-22, nan 
82.875, 60.875, 8.319288635427826e-23, nan 
83.125, 60.875, 8.380155831710101e-23, nan 
83.375, 60.875, 1.0359151436766223e-22, nan 
83.625, 60.875, 7.338623178415768e-23, nan 
83.875, 60.875, 1.3931791526347531e-22, nan 
84.125, 60.875, 1.220818576030485e-22, nan 
84.375, 60.875, 1.115250358090525e-22, nan 
84.625, 60.875, 2.2977340181923716e-22, nan 
84.875, 60.875, 4.656231275482853e-23, nan 
85.125, 60.875, 1.4848817112964772e-22, nan 
85.375, 60.875, 1.2037167024398925e-22, nan 
85.625, 60.875, 2.462383226019536e-22, nan 
85.875, 60.875, 5.433229377702487e-22, nan 
86.125, 60.875, 3.8580125611688627e-22, nan 
86.375, 60.875, 5.457132023258998e-22, nan 
86.625, 60.875, 4.393980846836512e-22, nan 
86.875, 60.875, 9.916597096660822e-22, nan 
87.125, 60.875, 1.4598361264999875e-21, nan 
87.375, 60.875, 1.911981885920913e-21, nan 
87.625, 60.875, 3.7398902215649745e-21, nan 
87.875, 60.875, 3.090972619904177e-21, nan 
88.125, 60.875, 2.2585587262971503e-21, nan 
88.375, 60.875, 1.1106340737861944e-21, nan 
88.625, 60.875, 1.1804491493358536e-21, nan 
88.875, 60.875, 8.346377252261403e-22, nan 
89.125, 60.875, 7.628825353492141e-22, nan 
89.375, 60.875, 5.683790980662947e-22, nan 
89.625, 60.875, 1.7376379986116196e-21, nan 
89.875, 60.875, 5.247976325605805e-22, nan 
90.125, 60.875, 3.270735059224947e-22, nan 
90.375, 60.875, 3.1196313791166174e-22, nan 
90.625, 60.875, 4.318084181354791e-22, nan 
90.875, 60.875, 2.24819649917185e-22, nan 
91.125, 60.875, 1.5342105538003116e-22, nan 
91.375, 60.875, 1.0352102468263964e-22, nan 
91.625, 60.875, 1.8699696613042625e-22, nan 
91.875, 60.875, 2.552303122960721e-22, nan 
92.125, 60.875, 2.2796604708294495e-22, nan 
92.375, 60.875, 1.690752300557733e-22, nan 
92.625, 60.875, 1.7109491387133943e-22, nan 
92.875, 60.875, 1.2252498788195536e-22, nan 
93.125, 60.875, 2.564114478535217e-22, nan 
93.375, 60.875, 3.2124365375888285e-22, nan 
93.625, 60.875, 3.0475570051237446e-22, nan 
93.875, 60.875, 2.784855333053866e-22, nan 
94.125, 60.875, 3.956931519718089e-22, nan 
94.375, 60.875, 2.4897454777336463e-22, nan 
94.625, 60.875, 1.8446429603956025e-22, nan 
94.875, 60.875, 3.2551436713688717e-22, nan 
95.125, 60.875, 1.133026309587098e-22, nan 
95.375, 60.875, 2.0370210997958284e-22, nan 
95.625, 60.875, 4.71727551277823e-22, nan 
95.875, 60.875, 4.588363503564526e-22, nan 
96.125, 60.875, 4.6242514837982105e-22, nan 
96.375, 60.875, 1.102566439728605e-21, nan 
96.625, 60.875, 1.0149603364721746e-21, nan 
96.875, 60.875, 7.613279530306773e-22, nan 
97.125, 60.875, 4.959317459114971e-22, nan 
97.375, 60.875, 5.639561310508568e-22, nan 
97.625, 60.875, 7.620806889272137e-22, nan 
97.875, 60.875, 6.028891781486196e-22, nan 
98.125, 60.875, 2.0587256086814271e-22, nan 
98.375, 60.875, 1.6652566989128938e-22, nan 
98.625, 60.875, 2.8347955368926953e-22, nan 
98.875, 60.875, 2.2399779347139193e-22, nan 
99.125, 60.875, 1.5327177876475455e-22, nan 
99.375, 60.875, 2.4502366143560066e-22, nan 
99.625, 60.875, 2.1033469168996262e-22, nan 
99.875, 60.875, 2.7793188877380967e-22, nan 
100.125, 60.875, 5.1082450753154765e-22, nan 
100.375, 60.875, 8.854009819976608e-22, nan 
100.625, 60.875, 1.0613311846774947e-21, nan 
100.875, 60.875, 8.772519895914092e-22, nan 
101.125, 60.875, 8.427995328628174e-22, nan 
101.375, 60.875, 6.929334425147558e-22, nan 
101.625, 60.875, 6.317606485909004e-22, nan 
101.875, 60.875, 6.501673094714176e-22, nan 
102.125, 60.875, 1.6064517754748216e-21, nan 
102.375, 60.875, 1.3564458716346123e-21, nan 
102.625, 60.875, 9.223919031612983e-22, nan 
102.875, 60.875, 1.804995063682019e-21, nan 
103.125, 60.875, 1.6102881683936254e-21, nan 
103.375, 60.875, 1.1630068365973188e-21, nan 
103.625, 60.875, 1.1035563911215646e-21, nan 
103.875, 60.875, 9.83525501054842e-22, nan 
104.125, 60.875, 9.347368692985709e-22, nan 
104.375, 60.875, 7.838798744449141e-22, nan 
104.625, 60.875, 7.632079934693009e-22, nan 
104.875, 60.875, 6.148100579564483e-22, nan 
105.125, 60.875, 5.948252729734472e-22, nan 
105.375, 60.875, 5.128853942581159e-22, nan 
105.625, 60.875, 4.904446263484111e-22, nan 
105.875, 60.875, 3.9600711616486002e-22, nan 
106.125, 60.875, 4.2351628127277065e-22, nan 
106.375, 60.875, 5.6557780432523965e-22, nan 
106.625, 60.875, 6.926109324011607e-22, nan 
106.875, 60.875, 9.85785401983344e-22, nan 
107.125, 60.875, 9.322831147927506e-22, nan 
107.375, 60.875, 5.992150301980454e-22, nan 
107.625, 60.875, 6.237741381883576e-22, nan 
107.875, 60.875, 6.13516700428378e-22, nan 
108.125, 60.875, 3.312443713245382e-22, nan 
108.375, 60.875, 4.2081231454158504e-22, nan 
108.625, 60.875, 2.1223187867350943e-22, nan 
108.875, 60.875, 3.9537677872947983e-22, nan 
109.125, 60.875, 3.3821245531748213e-22, nan 
109.375, 60.875, 5.027529669164402e-22, nan 
109.625, 60.875, 4.72058520596681e-22, nan 
109.875, 60.875, 5.200001398274563e-22, nan 
110.125, 60.875, 5.681092661946572e-22, nan 
110.375, 60.875, 5.848123176371148e-22, nan 
110.625, 60.875, 6.675978320871227e-22, nan 
110.875, 60.875, 4.594285937484402e-22, nan 
111.125, 60.875, 9.59373542221697e-22, nan 
111.375, 60.875, 1.091401805007822e-21, nan 
111.625, 60.875, 1.1675939901148897e-21, nan 
111.875, 60.875, 8.462930269147597e-22, nan 
112.125, 60.875, 1.023201003244488e-21, nan 
112.375, 60.875, 9.934339229813289e-22, nan 
112.625, 60.875, 3.297894173199546e-22, nan 
112.875, 60.875, 3.7648660223107587e-22, nan 
113.125, 60.875, 4.636499443595808e-22, nan 
113.375, 60.875, 6.508746999660497e-22, nan 
113.625, 60.875, 9.056790526067991e-22, nan 
113.875, 60.875, 8.64076816953577e-22, nan 
114.125, 60.875, 9.784341775182708e-22, nan 
114.375, 60.875, 1.1221949575027218e-21, nan 
114.625, 60.875, 8.491384894836307e-22, nan 
114.875, 60.875, 4.944728193865999e-22, nan 
115.125, 60.875, 5.400908755978217e-22, nan 
115.375, 60.875, 5.886433402459054e-22, nan 
115.625, 60.875, 5.571781905736152e-22, nan 
115.875, 60.875, 6.010793894024025e-22, nan 
116.125, 60.875, 5.189027304949666e-22, nan 
116.375, 60.875, 2.892592055379646e-22, nan 
116.625, 60.875, 1.4969581432025616e-22, nan 
116.875, 60.875, 2.0353981152416804e-22, nan 
117.125, 60.875, 1.9798054242420371e-22, nan 
117.375, 60.875, 2.2424316037055666e-22, nan 
117.625, 60.875, 2.2489751020099664e-22, nan 
117.875, 60.875, 1.8083025958342522e-22, nan 
118.125, 60.875, 1.183742930217642e-22, nan 
118.375, 60.875, 1.5319879275587271e-22, nan 
118.625, 60.875, 1.6492787298008258e-22, nan 
118.875, 60.875, 8.037054552663988e-23, nan 
119.125, 60.875, 1.2390052480870119e-22, nan 
119.375, 60.875, 2.263861418479615e-22, nan 
119.625, 60.875, 1.3035764905469903e-22, nan 
119.875, 60.875, 9.257563262901623e-23, nan 
120.125, 60.875, 5.256162563881104e-23, nan 
120.375, 60.875, 1.3733385599378082e-22, nan 
120.625, 60.875, 1.7363622991709975e-22, nan 
120.875, 60.875, 1.5059332581552161e-22, nan 
121.125, 60.875, 2.877721495195368e-22, nan 
121.375, 60.875, 2.9704192002332444e-22, nan 
121.625, 60.875, 1.8082802918465625e-22, nan 
121.875, 60.875, 8.858849645736401e-23, nan 
122.125, 60.875, 1.799547481779723e-22, nan 
122.375, 60.875, 1.1332109048829125e-22, nan 
122.625, 60.875, 8.810212157635581e-23, nan 
122.875, 60.875, 8.20866998908345e-23, nan 
123.125, 60.875, 7.75738325912762e-23, nan 
123.375, 60.875, 8.556658339640801e-23, nan 
123.625, 60.875, 8.292760990528712e-23, nan 
123.875, 60.875, 1.3814627078373925e-22, nan 
124.125, 60.875, 2.0648227493329317e-22, nan 
124.375, 60.875, 1.9960929666716017e-22, nan 
124.625, 60.875, 2.15031123932881e-22, nan 
124.875, 60.875, 1.975616678468313e-22, nan 
125.125, 60.875, 1.6792459282753831e-22, nan 
125.375, 60.875, 1.085284114887981e-22, nan 
125.625, 60.875, 1.2587406315362523e-22, nan 
125.875, 60.875, 1.5850683409613497e-22, nan 
126.125, 60.875, 1.4925488655120098e-22, nan 
126.375, 60.875, 1.2186076112744466e-22, nan 
126.625, 60.875, 1.9916945636992992e-22, nan 
126.875, 60.875, 1.9741756541780743e-22, nan 
127.125, 60.875, 1.6488191983639268e-22, nan 
127.375, 60.875, 1.8175171407227994e-22, nan 
127.625, 60.875, 2.0913146964263031e-22, nan 
127.875, 60.875, 2.2447581724022827e-22, nan 
128.125, 60.875, 3.1309424171474e-22, nan 
128.375, 60.875, 1.399807176568535e-22, nan 
128.625, 60.875, 2.275164323500516e-22, nan 
128.875, 60.875, 3.0799001820661365e-22, nan 
129.125, 60.875, 3.106445447397741e-22, nan 
129.375, 60.875, 2.335090065839789e-22, nan 
129.625, 60.875, 1.7635110685295377e-22, nan 
129.875, 60.875, 1.1975631800618956e-22, nan 
130.125, 60.875, 1.0753294999673837e-22, nan 
130.375, 60.875, 7.191789408419935e-23, nan 
130.625, 60.875, 8.206559308883334e-23, nan 
130.875, 60.875, 7.789596970554292e-23, nan 
131.125, 60.875, 7.579595978535035e-23, nan 
131.375, 60.875, 9.961122845482808e-23, nan 
131.625, 60.875, 9.229790270067413e-23, nan 
131.875, 60.875, 8.10373039686086e-23, nan 
132.125, 60.875, 9.777020028633951e-23, nan 
132.375, 60.875, 4.634669452305377e-23, nan 
132.625, 60.875, 4.804556728794313e-23, nan 
132.875, 60.875, 5.035723931901719e-23, nan 
133.125, 60.875, 3.848222377320624e-23, nan 
133.375, 60.875, 4.3526523396946307e-23, nan 
133.625, 60.875, 6.513903139822128e-23, nan 
133.875, 60.875, 5.608274733104068e-23, nan 
134.125, 60.875, 4.2658948580509545e-23, nan 
134.375, 60.875, 7.847496974175649e-23, nan 
134.625, 60.875, 6.712597563148633e-23, nan 
134.875, 60.875, 2.72995437143183e-23, nan 
135.125, 60.875, 4.454468034206506e-23, nan 
135.375, 60.875, 4.362803311412756e-23, nan 
135.625, 60.875, 2.2430822716382928e-23, nan 
135.875, 60.875, 2.0880455025694534e-23, nan 
136.125, 60.875, 1.7744695544696178e-23, nan 
136.375, 60.875, 2.3422035811241566e-23, nan 
136.625, 60.875, 2.5412764173709666e-23, nan 
136.875, 60.875, 1.1723554015623212e-23, nan 
137.125, 60.875, 1.3454221086640453e-23, nan 
137.375, 60.875, 1.0144389298485537e-23, nan 
137.625, 60.875, 1.6213908997518286e-23, nan 
137.875, 60.875, 9.088928780991441e-24, nan 
138.125, 60.875, 2.808944359901022e-23, nan 
138.375, 60.875, 2.16520637686923e-23, nan 
138.625, 60.875, 2.559592326775787e-23, nan 
138.875, 60.875, 3.257474834066861e-23, nan 
139.125, 60.875, 2.0174928675535794e-23, nan 
139.375, 60.875, 1.6077094548268503e-23, nan 
139.625, 60.875, 1.7992692684545973e-23, nan 
139.875, 60.875, 3.960648070649102e-23, nan 
140.125, 60.875, 4.0243437585003886e-23, nan 
140.375, 60.875, 2.2121548880043957e-23, nan 
140.625, 60.875, 5.752877626261855e-23, nan 
140.875, 60.875, 4.8008538253318565e-23, nan 
141.125, 60.875, 2.2372758974437432e-23, nan 
141.375, 60.875, 4.403488019213178e-23, nan 
141.625, 60.875, 3.798267528241297e-23, nan 
141.875, 60.875, 1.2016901073869151e-23, nan 
142.125, 60.875, 3.01638426458765e-23, nan 
142.375, 60.875, 2.0048054949001445e-23, nan 
142.625, 60.875, 1.7548317829009274e-23, nan 
142.875, 60.875, 2.987539644155172e-23, nan 
143.125, 60.875, 3.177625323089229e-23, nan 
143.375, 60.875, 2.287065522623189e-23, nan 
143.625, 60.875, 2.7876120322466626e-23, nan 
143.875, 60.875, 3.12005181783934e-23, nan 
144.125, 60.875, 1.7002795647172932e-23, nan 
144.375, 60.875, 5.063371655540875e-24, nan 
144.625, 60.875, 6.5895146100607e-24, nan 
144.875, 60.875, 1.0308722254772189e-23, nan 
145.125, 60.875, 8.85178185490496e-24, nan 
145.375, 60.875, 5.026841652913825e-24, nan 
145.625, 60.875, 5.607406279931909e-24, nan 
145.875, 60.875, 1.334879995782317e-23, nan 
146.125, 60.875, 1.449942900687261e-23, nan 
146.375, 60.875, 1.8194612926778772e-23, nan 
146.625, 60.875, 2.1595286631636148e-23, nan 
146.875, 60.875, 1.8450263021222443e-23, nan 
147.125, 60.875, 3.368538783850946e-23, nan 
147.375, 60.875, 3.068385783443672e-23, nan 
147.625, 60.875, 2.4787081851045302e-23, nan 
147.875, 60.875, 2.702734221413331e-23, nan 
148.125, 60.875, 1.9534172001501382e-23, nan 
148.375, 60.875, 3.2646406415122965e-23, nan 
148.625, 60.875, 2.24123069414566e-23, nan 
148.875, 60.875, 8.715886954118176e-24, nan 
149.125, 60.875, 7.745769848756497e-24, nan 
149.375, 60.875, 1.5862509035488455e-23, nan 
149.625, 60.875, 9.81761631493816e-24, nan 
149.875, 60.875, 2.0076224413388655e-23, nan 
150.125, 60.875, 2.954481212459602e-23, nan 
150.375, 60.875, 3.9571490768346233e-23, nan 
150.625, 60.875, 3.396595264625541e-23, nan 
150.875, 60.875, 2.7681862192540363e-23, nan 
151.125, 60.875, 5.467367631887737e-23, nan 
151.375, 60.875, 5.598535043672856e-23, nan 
151.625, 60.875, 3.9078190566645494e-23, nan 
151.875, 60.875, 3.806628475427107e-23, nan 
152.125, 60.875, 3.7420818552419836e-23, nan 
152.375, 60.875, 2.2815433828013167e-23, nan 
152.625, 60.875, 1.366348459952969e-23, nan 
152.875, 60.875, 7.747813800823758e-24, nan 
153.125, 60.875, 4.0786607566691354e-24, nan 
153.375, 60.875, 1.0738473372670403e-23, nan 
153.625, 60.875, 1.293028437934472e-23, nan 
153.875, 60.875, 8.216897386867132e-24, nan 
154.125, 60.875, 9.796677606762171e-24, nan 
154.375, 60.875, 5.915385036194133e-24, nan 
154.625, 60.875, 1.08338485835044e-23, nan 
154.875, 60.875, 1.0083594949187949e-23, nan 
155.125, 60.875, 9.569925200348035e-24, nan 
155.375, 60.875, 9.219017344734012e-24, nan 
155.625, 60.875, 7.814777567208043e-24, nan 
155.875, 60.875, 1.1221215673721477e-23, nan 
156.125, 60.875, 7.257801471745994e-24, nan 
156.375, 60.875, 6.183497825667931e-24, nan 
156.625, 60.875, 7.926548207356761e-24, nan 
156.875, 60.875, 6.517148418806239e-24, nan 
157.125, 60.875, 5.0707512567353876e-24, nan 
157.375, 60.875, 4.4249871046861386e-24, nan 
157.625, 60.875, 4.422150346647235e-24, nan 
157.875, 60.875, 5.476182761552561e-24, nan 
158.125, 60.875, 6.380789484123505e-24, nan 
158.375, 60.875, 7.367234848568736e-24, nan 
158.625, 60.875, 5.0221822669077706e-24, nan 
158.875, 60.875, 8.649131667343617e-24, nan 
159.125, 60.875, 6.29688437124791e-24, nan 
159.375, 60.875, 3.883502092374983e-24, nan 
159.625, 60.875, 1.6187507798056484e-23, nan 
159.875, 60.875, 1.0550769910479336e-23, nan 
160.125, 60.875, 4.944110916477593e-24, nan 
160.375, 60.875, 2.4882692918092003e-23, nan 
160.625, 60.875, 2.035695719455e-23, nan 
160.875, 60.875, 1.1515362086994693e-23, nan 
161.125, 60.875, 1.5359677893807935e-23, nan 
161.375, 60.875, 9.53113337226561e-24, nan 
161.625, 60.875, 5.352216031384342e-24, nan 
161.875, 60.875, 1.1456957149237745e-23, nan 
162.125, 60.875, 8.26998777233768e-24, nan 
162.375, 60.875, 9.417471461668939e-24, nan 
162.625, 60.875, 6.394943476102124e-24, nan 
162.875, 60.875, 1.315783532811016e-23, nan 
163.125, 60.875, 1.903678333514636e-23, nan 
163.375, 60.875, 1.0084353025479773e-23, nan 
163.625, 60.875, 8.273143683271387e-24, nan 
163.875, 60.875, 1.0615655824709178e-23, nan 
164.125, 60.875, 9.20246388740468e-24, nan 
164.375, 60.875, 3.707829491835251e-24, nan 
164.625, 60.875, 5.406967937024961e-24, nan 
164.875, 60.875, 6.919828768672284e-24, nan 
165.125, 60.875, 4.530531316771372e-24, nan 
165.375, 60.875, 6.76935035494136e-24, nan 
165.625, 60.875, 6.071588253598539e-24, nan 
165.875, 60.875, 3.2702874270181276e-24, nan 
166.125, 60.875, 4.3936964677074926e-24, nan 
166.375, 60.875, 4.855297328799512e-24, nan 
166.625, 60.875, 2.868686119957266e-24, nan 
166.875, 60.875, 3.336563827171942e-24, nan 
167.125, 60.875, 6.1063644707613804e-24, nan 
167.375, 60.875, 8.510478416754852e-24, nan 
167.625, 60.875, 5.172741850946161e-24, nan 
167.875, 60.875, 4.719700266517929e-24, nan 
168.125, 60.875, 5.685557802046343e-24, nan 
168.375, 60.875, 4.4370809627419915e-24, nan 
168.625, 60.875, 3.113220620363293e-24, nan 
168.875, 60.875, 3.6339161603582136e-24, nan 
169.125, 60.875, 2.5212168680073644e-24, nan 
169.375, 60.875, 2.9461131688464983e-24, nan 
169.625, 60.875, 2.334737485208464e-24, nan 
169.875, 60.875, 3.1904483260925282e-24, nan 
170.125, 60.875, 2.5234337203337164e-24, nan 
170.375, 60.875, 2.5123117109707343e-24, nan 
170.625, 60.875, 4.128309233628284e-24, nan 
170.875, 60.875, 1.2975000788732172e-24, nan 
49.375, 61.125, 4.611693105475586e-24, nan 
49.625, 61.125, 4.7035001988781634e-24, nan 
49.875, 61.125, 2.2300869540584885e-24, nan 
50.125, 61.125, 7.343073293502233e-24, nan 
50.375, 61.125, 1.0498204108592116e-23, nan 
50.625, 61.125, 9.328085364159202e-24, nan 
50.875, 61.125, 7.33011388963228e-24, nan 
51.125, 61.125, 6.49537209628853e-24, nan 
51.375, 61.125, 4.6212290360836555e-24, nan 
51.625, 61.125, 4.187779268165674e-24, nan 
51.875, 61.125, 5.1971830211569904e-24, nan 
52.125, 61.125, 3.892760715924872e-24, nan 
52.375, 61.125, 4.525816515211204e-24, nan 
52.625, 61.125, 5.6050811872488145e-24, nan 
52.875, 61.125, 3.475522049344348e-24, nan 
53.125, 61.125, 4.345689323834618e-24, nan 
53.375, 61.125, 3.765394118534972e-24, nan 
53.625, 61.125, 6.848580421295263e-24, nan 
53.875, 61.125, 7.222270898809188e-24, nan 
54.125, 61.125, 4.6068636530314116e-24, nan 
54.375, 61.125, 1.1535221893735324e-23, nan 
54.625, 61.125, 8.775880794823518e-24, nan 
54.875, 61.125, 5.2806596297256524e-24, nan 
55.125, 61.125, 8.105132407707384e-24, nan 
55.375, 61.125, 6.82204800279368e-24, nan 
55.625, 61.125, 8.371923924881005e-24, nan 
55.875, 61.125, 7.097601113240713e-24, nan 
56.125, 61.125, 6.0102419639973336e-24, nan 
56.375, 61.125, 8.27125292491179e-24, nan 
56.625, 61.125, 6.95458733267567e-24, nan 
56.875, 61.125, 7.250035581743539e-24, nan 
57.125, 61.125, 8.135577449190714e-24, nan 
57.375, 61.125, 9.674444255474369e-24, nan 
57.625, 61.125, 8.16325021802037e-24, nan 
57.875, 61.125, 1.2186028572700156e-23, nan 
58.125, 61.125, 1.679114731351646e-23, nan 
58.375, 61.125, 1.2542109245437203e-23, nan 
58.625, 61.125, 9.061814255603711e-24, nan 
58.875, 61.125, 1.0393483568700249e-23, nan 
59.125, 61.125, 1.092768654981868e-23, nan 
59.375, 61.125, 1.4098676358853587e-23, nan 
59.625, 61.125, 1.8799114347886016e-23, nan 
59.875, 61.125, 1.5166581307588733e-23, nan 
60.125, 61.125, 2.0888060413553586e-23, nan 
60.375, 61.125, 2.3816813008651735e-23, nan 
60.625, 61.125, 2.0150044993806172e-23, nan 
60.875, 61.125, 1.3690861172490688e-23, nan 
61.125, 61.125, 1.0543140299899899e-23, nan 
61.375, 61.125, 7.1597460077476e-24, nan 
61.625, 61.125, 5.419608509472867e-24, nan 
61.875, 61.125, 4.949965477021121e-24, nan 
62.125, 61.125, 6.3721363650337086e-24, nan 
62.375, 61.125, 9.687480619762164e-24, nan 
62.625, 61.125, 4.145380850149171e-24, nan 
62.875, 61.125, 8.583601395148702e-24, nan 
63.125, 61.125, 9.702069357602344e-24, nan 
63.375, 61.125, 1.1782921078134533e-23, nan 
63.625, 61.125, 1.365868867910996e-23, nan 
63.875, 61.125, 1.9622767799663898e-23, nan 
64.125, 61.125, 3.1546032955366746e-23, nan 
64.375, 61.125, 2.8116231229187313e-23, nan 
64.625, 61.125, 2.532789953589031e-23, nan 
64.875, 61.125, 3.9938763308203554e-23, nan 
65.125, 61.125, 3.2701495278425516e-23, nan 
65.375, 61.125, 2.2929988341307157e-23, nan 
65.625, 61.125, 2.4729428336434628e-23, nan 
65.875, 61.125, 2.5519840537365493e-23, nan 
66.125, 61.125, 2.3613660990515275e-23, nan 
66.375, 61.125, 1.506793339544796e-23, nan 
66.625, 61.125, 8.172001625254369e-24, nan 
66.875, 61.125, 8.605593484905727e-24, nan 
67.125, 61.125, 1.3315782327955445e-23, nan 
67.375, 61.125, 1.556235023236573e-23, nan 
67.625, 61.125, 9.584783930972815e-24, nan 
67.875, 61.125, 1.5090932111396796e-23, nan 
68.125, 61.125, 1.1993985879869507e-23, nan 
68.375, 61.125, 1.7255732135290974e-23, nan 
68.625, 61.125, 1.9138877296327497e-23, nan 
68.875, 61.125, 2.130245303634076e-23, nan 
69.125, 61.125, 2.3409833204596606e-23, nan 
69.375, 61.125, 2.5183612477713243e-23, nan 
69.625, 61.125, 2.3199215326614745e-23, nan 
69.875, 61.125, 2.205141354243984e-23, nan 
70.125, 61.125, 2.4374803780848205e-23, nan 
70.375, 61.125, 2.7614938957531753e-23, nan 
70.625, 61.125, 2.3163049518277776e-23, nan 
70.875, 61.125, 6.913172886790002e-24, nan 
71.125, 61.125, 1.6701911443647586e-23, nan 
71.375, 61.125, 3.774889762697594e-23, nan 
71.625, 61.125, 4.237271078724314e-23, nan 
71.875, 61.125, 3.784276539273636e-23, nan 
72.125, 61.125, 1.0383157701715304e-22, nan 
72.375, 61.125, 9.514676659123511e-23, nan 
72.625, 61.125, 8.17340670339036e-23, nan 
72.875, 61.125, 6.759840438035846e-23, nan 
73.125, 61.125, 6.016481577258586e-23, nan 
73.375, 61.125, 3.294183054464087e-23, nan 
73.625, 61.125, 3.8300749710043e-23, nan 
73.875, 61.125, 5.538490757590303e-23, nan 
74.125, 61.125, 4.866346740913812e-23, nan 
74.375, 61.125, 5.0875917225330433e-23, nan 
74.625, 61.125, 6.025823433061022e-23, nan 
74.875, 61.125, 4.9261934851736665e-23, nan 
75.125, 61.125, 2.325659452958014e-23, nan 
75.375, 61.125, 3.835184690941082e-23, nan 
75.625, 61.125, 4.0901990669640006e-23, nan 
75.875, 61.125, 2.176654789695529e-23, nan 
76.125, 61.125, 3.560490721365059e-23, nan 
76.375, 61.125, 3.28516136295927e-23, nan 
76.625, 61.125, 3.9163824185955895e-23, nan 
76.875, 61.125, 4.1175052033040063e-23, nan 
77.125, 61.125, 3.917619680657539e-23, nan 
77.375, 61.125, 4.539235331818257e-23, nan 
77.625, 61.125, 6.544651342979228e-23, nan 
77.875, 61.125, 5.77256992163475e-23, nan 
78.125, 61.125, 3.921068535743974e-23, nan 
78.375, 61.125, 1.1705551079200188e-22, nan 
78.625, 61.125, 1.2580467525490586e-22, nan 
78.875, 61.125, 9.945819614268082e-23, nan 
79.125, 61.125, 1.079989304573159e-22, nan 
79.375, 61.125, 8.495115862920006e-23, nan 
79.625, 61.125, 8.207113775375503e-23, nan 
79.875, 61.125, 9.131705325453573e-23, nan 
80.125, 61.125, 3.6700076585389493e-23, nan 
80.375, 61.125, 6.82474748759573e-23, nan 
80.625, 61.125, 6.426564582948829e-23, nan 
80.875, 61.125, 4.7516390425391536e-23, nan 
81.125, 61.125, 1.486259311035228e-22, nan 
81.375, 61.125, 1.3395767358237104e-22, nan 
81.625, 61.125, 5.749607959669738e-23, nan 
81.875, 61.125, 1.0154596986605207e-22, nan 
82.125, 61.125, 4.3727452417891144e-23, nan 
82.375, 61.125, 5.992032782433007e-23, nan 
82.625, 61.125, 6.49534909067533e-23, nan 
82.875, 61.125, 8.63712664915516e-23, nan 
83.125, 61.125, 7.720842226383904e-23, nan 
83.375, 61.125, 9.386949724868559e-23, nan 
83.625, 61.125, 8.946968931473406e-23, nan 
83.875, 61.125, 1.06260969538419e-22, nan 
84.125, 61.125, 8.285034965405149e-23, nan 
84.375, 61.125, 1.2339897644594715e-22, nan 
84.625, 61.125, 2.168578193601939e-22, nan 
84.875, 61.125, 6.353867168029651e-23, nan 
85.125, 61.125, 5.943232513828108e-23, nan 
85.375, 61.125, 1.2958706998081508e-22, nan 
85.625, 61.125, 3.239255264613062e-22, nan 
85.875, 61.125, 4.625418589756611e-22, nan 
86.125, 61.125, 5.855963464556076e-22, nan 
86.375, 61.125, 7.079865252194892e-22, nan 
86.625, 61.125, 7.782144706645902e-22, nan 
86.875, 61.125, 1.3450561755146536e-21, nan 
87.125, 61.125, 8.228641887439952e-22, nan 
87.375, 61.125, 5.287885999063454e-22, nan 
87.625, 61.125, 1.416726288744087e-21, nan 
87.875, 61.125, 1.7406375528274173e-21, nan 
88.125, 61.125, 9.535451864517294e-22, nan 
88.375, 61.125, 1.0454174851122098e-21, nan 
88.625, 61.125, 1.2124542617410655e-21, nan 
88.875, 61.125, 9.840857710790484e-22, nan 
89.125, 61.125, 9.254873163246574e-22, nan 
89.375, 61.125, 9.32250081413835e-22, nan 
89.625, 61.125, 5.722490077753754e-22, nan 
89.875, 61.125, 1.849452698368202e-22, nan 
90.125, 61.125, 1.2800430543155208e-22, nan 
90.375, 61.125, 1.7615875703770533e-22, nan 
90.625, 61.125, 3.05341230214626e-22, nan 
90.875, 61.125, 1.450523784447126e-22, nan 
91.125, 61.125, 3.1022259386878127e-22, nan 
91.375, 61.125, 2.841267034804935e-22, nan 
91.625, 61.125, 2.312238484013118e-22, nan 
91.875, 61.125, 2.6716766399728836e-22, nan 
92.125, 61.125, 2.58089619070351e-22, nan 
92.375, 61.125, 3.4940023741172363e-22, nan 
92.625, 61.125, 3.592058614136913e-22, nan 
92.875, 61.125, 2.9069154046641334e-22, nan 
93.125, 61.125, 3.0768189389941954e-22, nan 
93.375, 61.125, 4.396767909956341e-22, nan 
93.625, 61.125, 4.0354892899326564e-22, nan 
93.875, 61.125, 2.780544776444268e-22, nan 
94.125, 61.125, 3.8880613792347938e-22, nan 
94.375, 61.125, 2.9743776719027e-22, nan 
94.625, 61.125, 2.7262799014643564e-22, nan 
94.875, 61.125, 3.620948603731988e-22, nan 
95.125, 61.125, 2.647931015311403e-22, nan 
95.375, 61.125, 3.2980868736299763e-22, nan 
95.625, 61.125, 2.229271424699836e-22, nan 
95.875, 61.125, 5.254830463808115e-22, nan 
96.125, 61.125, 3.45561627897986e-22, nan 
96.375, 61.125, 1.371354769023499e-21, nan 
96.625, 61.125, 1.2636482422261869e-21, nan 
96.875, 61.125, 8.65803138532067e-22, nan 
97.125, 61.125, 1.051917095051424e-21, nan 
97.375, 61.125, 1.096658188862612e-21, nan 
97.625, 61.125, 8.306254762711999e-22, nan 
97.875, 61.125, 3.251389566341679e-22, nan 
98.125, 61.125, 5.135395910578592e-22, nan 
98.375, 61.125, 5.498497013532326e-22, nan 
98.625, 61.125, 4.769356694107247e-22, nan 
98.875, 61.125, 4.661061348652457e-22, nan 
99.125, 61.125, 5.198658262848616e-22, nan 
99.375, 61.125, 3.1571836834989143e-22, nan 
99.625, 61.125, 5.157704866350577e-22, nan 
99.875, 61.125, 5.828709322238949e-22, nan 
100.125, 61.125, 5.504375526683157e-22, nan 
100.375, 61.125, 1.0434276161702322e-21, nan 
100.625, 61.125, 1.302033185907322e-21, nan 
100.875, 61.125, 7.604087753539408e-22, nan 
101.125, 61.125, 1.0424105526715048e-21, nan 
101.375, 61.125, 1.2052669551000676e-21, nan 
101.625, 61.125, 7.488344350703371e-22, nan 
101.875, 61.125, 6.90226502707744e-22, nan 
102.125, 61.125, 2.2124972087773654e-21, nan 
102.375, 61.125, 1.78474983581386e-21, nan 
102.625, 61.125, 1.6785348508825594e-21, nan 
102.875, 61.125, 2.2925074521287712e-21, nan 
103.125, 61.125, 2.033889417764803e-21, nan 
103.375, 61.125, 1.3849782383099119e-21, nan 
103.625, 61.125, 1.3668034523080192e-21, nan 
103.875, 61.125, 1.2558576069670925e-21, nan 
104.125, 61.125, 1.1535218990219369e-21, nan 
104.375, 61.125, 1.0493672185305505e-21, nan 
104.625, 61.125, 9.530720700164736e-22, nan 
104.875, 61.125, 7.71818119634317e-22, nan 
105.125, 61.125, 6.193334827328642e-22, nan 
105.375, 61.125, 5.455568895439359e-22, nan 
105.625, 61.125, 5.176918673661653e-22, nan 
105.875, 61.125, 6.111026351513275e-22, nan 
106.125, 61.125, 4.0638320045694987e-22, nan 
106.375, 61.125, 2.485415177465627e-22, nan 
106.625, 61.125, 5.705509129730514e-22, nan 
106.875, 61.125, 5.92787393917565e-22, nan 
107.125, 61.125, 4.691607250843682e-22, nan 
107.375, 61.125, 4.309846243252097e-22, nan 
107.625, 61.125, 5.69760837410572e-22, nan 
107.875, 61.125, 5.251098763800418e-22, nan 
108.125, 61.125, 1.536870401640034e-22, nan 
108.375, 61.125, 4.0619343709331183e-22, nan 
108.625, 61.125, 3.2700868130416784e-22, nan 
108.875, 61.125, 4.652584553162819e-22, nan 
109.125, 61.125, 7.995349690682797e-22, nan 
109.375, 61.125, 5.083837720814843e-22, nan 
109.625, 61.125, 5.236016127081202e-22, nan 
109.875, 61.125, 6.4962482707131775e-22, nan 
110.125, 61.125, 6.291674006941191e-22, nan 
110.375, 61.125, 7.02398029454159e-22, nan 
110.625, 61.125, 6.532631750320663e-22, nan 
110.875, 61.125, 7.90691063303246e-22, nan 
111.125, 61.125, 9.609792130468932e-22, nan 
111.375, 61.125, 1.0528487373463563e-21, nan 
111.625, 61.125, 9.245495130922725e-22, nan 
111.875, 61.125, 9.329719719262e-22, nan 
112.125, 61.125, 9.607486537256805e-22, nan 
112.375, 61.125, 4.9751831449302155e-22, nan 
112.625, 61.125, 4.280812196720554e-22, nan 
112.875, 61.125, 4.724269039414773e-22, nan 
113.125, 61.125, 7.172831846909307e-22, nan 
113.375, 61.125, 7.869102900895156e-22, nan 
113.625, 61.125, 8.396582105815639e-22, nan 
113.875, 61.125, 8.377731647516639e-22, nan 
114.125, 61.125, 6.56534459673198e-22, nan 
114.375, 61.125, 7.187037495389725e-22, nan 
114.625, 61.125, 7.072350829239611e-22, nan 
114.875, 61.125, 7.959669274207944e-22, nan 
115.125, 61.125, 5.309675976069775e-22, nan 
115.375, 61.125, 5.468514562822813e-22, nan 
115.625, 61.125, 4.901340714217606e-22, nan 
115.875, 61.125, 2.859319967752068e-22, nan 
116.125, 61.125, 3.4700605349230104e-22, nan 
116.375, 61.125, 2.8531808215812597e-22, nan 
116.625, 61.125, 1.5084831697251248e-22, nan 
116.875, 61.125, 2.165187679039737e-22, nan 
117.125, 61.125, 2.1581517738617933e-22, nan 
117.375, 61.125, 2.41305341003657e-22, nan 
117.625, 61.125, 2.216581955726016e-22, nan 
117.875, 61.125, 1.5781785154523316e-22, nan 
118.125, 61.125, 1.8202276532432478e-22, nan 
118.375, 61.125, 1.7303631459554481e-22, nan 
118.625, 61.125, 2.251954696587362e-22, nan 
118.875, 61.125, 1.4717957401318374e-22, nan 
119.125, 61.125, 2.4416191685458596e-22, nan 
119.375, 61.125, 5.072406525363191e-22, nan 
119.625, 61.125, 1.1133270127349196e-22, nan 
119.875, 61.125, 2.0091360806169785e-22, nan 
120.125, 61.125, 2.1151296731082416e-22, nan 
120.375, 61.125, 1.6432392831897356e-22, nan 
120.625, 61.125, 2.23570217039428e-22, nan 
120.875, 61.125, 2.0088570536623365e-22, nan 
121.125, 61.125, 3.098443569814505e-22, nan 
121.375, 61.125, 2.410413494885115e-22, nan 
121.625, 61.125, 1.8644167279369958e-22, nan 
121.875, 61.125, 1.6507938761666175e-22, nan 
122.125, 61.125, 2.1302548181707814e-22, nan 
122.375, 61.125, 1.8095602686429242e-22, nan 
122.625, 61.125, 2.3680474045744924e-22, nan 
122.875, 61.125, 2.2573499092998016e-22, nan 
123.125, 61.125, 1.7654387267119344e-22, nan 
123.375, 61.125, 1.3499172967674185e-22, nan 
123.625, 61.125, 1.3808876678853603e-22, nan 
123.875, 61.125, 2.0621511186826918e-22, nan 
124.125, 61.125, 1.8950792999933944e-22, nan 
124.375, 61.125, 1.2999615013376032e-22, nan 
124.625, 61.125, 2.305076413832362e-22, nan 
124.875, 61.125, 1.949403126899623e-22, nan 
125.125, 61.125, 1.1136178619723924e-22, nan 
125.375, 61.125, 1.3935212313379012e-22, nan 
125.625, 61.125, 1.6048981621551705e-22, nan 
125.875, 61.125, 1.5880845650409721e-22, nan 
126.125, 61.125, 1.949579503511121e-22, nan 
126.375, 61.125, 1.421016474551312e-22, nan 
126.625, 61.125, 1.7852985319406768e-22, nan 
126.875, 61.125, 2.5002370884172968e-22, nan 
127.125, 61.125, 1.99234149549587e-22, nan 
127.375, 61.125, 2.709386463733414e-22, nan 
127.625, 61.125, 4.0438115453420173e-22, nan 
127.875, 61.125, 1.9622142710750945e-22, nan 
128.125, 61.125, 3.0655466249981423e-22, nan 
128.375, 61.125, 2.2655525483414256e-22, nan 
128.625, 61.125, 1.498467069235852e-22, nan 
128.875, 61.125, 7.198164879028761e-23, nan 
129.125, 61.125, 5.2400393785224315e-23, nan 
129.375, 61.125, 4.693922966562568e-23, nan 
129.625, 61.125, 5.0514249169480287e-23, nan 
129.875, 61.125, 9.053799818995845e-23, nan 
130.125, 61.125, 8.881408216350288e-23, nan 
130.375, 61.125, 5.694580149764163e-23, nan 
130.625, 61.125, 6.827270782603975e-23, nan 
130.875, 61.125, 1.6023194176194024e-22, nan 
131.125, 61.125, 1.0774642076414703e-22, nan 
131.375, 61.125, 9.723945049044374e-23, nan 
131.625, 61.125, 1.034580746833226e-22, nan 
131.875, 61.125, 7.572212249010864e-23, nan 
132.125, 61.125, 6.171407682873866e-23, nan 
132.375, 61.125, 4.133462359801784e-23, nan 
132.625, 61.125, 3.26768384676703e-23, nan 
132.875, 61.125, 3.1725686195170164e-23, nan 
133.125, 61.125, 3.3135279896202386e-23, nan 
133.375, 61.125, 5.672215532967302e-23, nan 
133.625, 61.125, 5.705551723801256e-23, nan 
133.875, 61.125, 9.539730191931364e-23, nan 
134.125, 61.125, 7.496548203414205e-23, nan 
134.375, 61.125, 6.068258259511869e-23, nan 
134.625, 61.125, 4.241111227910977e-23, nan 
134.875, 61.125, 4.554288558354256e-23, nan 
135.125, 61.125, 5.789269508036094e-23, nan 
135.375, 61.125, 4.522062766391423e-23, nan 
135.625, 61.125, 2.668415115039755e-23, nan 
135.875, 61.125, 2.8272427561873153e-23, nan 
136.125, 61.125, 2.1472450812193574e-23, nan 
136.375, 61.125, 4.1910889500997927e-23, nan 
136.625, 61.125, 1.9296011771189503e-23, nan 
136.875, 61.125, 2.014831732960757e-23, nan 
137.125, 61.125, 2.164271437301369e-23, nan 
137.375, 61.125, 8.440134027050812e-24, nan 
137.625, 61.125, 1.603094539512971e-23, nan 
137.875, 61.125, 2.2698303830787546e-23, nan 
138.125, 61.125, 4.1937150838937604e-23, nan 
138.375, 61.125, 2.9825397787713807e-23, nan 
138.625, 61.125, 4.485128163905968e-23, nan 
138.875, 61.125, 4.2695696932277227e-23, nan 
139.125, 61.125, 2.4197746954587036e-23, nan 
139.375, 61.125, 6.661303957790156e-24, nan 
139.625, 61.125, 2.348965989620632e-23, nan 
139.875, 61.125, 3.077107853205534e-23, nan 
140.125, 61.125, 4.2765625532876354e-23, nan 
140.375, 61.125, 2.8638888488589356e-23, nan 
140.625, 61.125, 3.895421872459947e-23, nan 
140.875, 61.125, 6.273018828249445e-23, nan 
141.125, 61.125, 5.676613894450402e-23, nan 
141.375, 61.125, 3.812012494593425e-23, nan 
141.625, 61.125, 4.7585501130731616e-23, nan 
141.875, 61.125, 2.7494230566634474e-23, nan 
142.125, 61.125, 3.194999681654983e-23, nan 
142.375, 61.125, 2.8312345798434186e-23, nan 
142.625, 61.125, 2.2608671506567266e-23, nan 
142.875, 61.125, 4.407763756797366e-23, nan 
143.125, 61.125, 3.108612623616713e-23, nan 
143.375, 61.125, 2.8276730808851967e-23, nan 
143.625, 61.125, 4.122700542727433e-23, nan 
143.875, 61.125, 2.757926741004798e-23, nan 
144.125, 61.125, 1.458189973635179e-23, nan 
144.375, 61.125, 1.0451472680070879e-23, nan 
144.625, 61.125, 5.1262510971931864e-24, nan 
144.875, 61.125, 1.3987462858578438e-23, nan 
145.125, 61.125, 1.0418866541020673e-23, nan 
145.375, 61.125, 8.222948237265318e-24, nan 
145.625, 61.125, 8.568126776011778e-24, nan 
145.875, 61.125, 8.206155566936487e-24, nan 
146.125, 61.125, 1.0978533842022808e-23, nan 
146.375, 61.125, 1.3599271833108432e-23, nan 
146.625, 61.125, 1.9361431280386126e-23, nan 
146.875, 61.125, 1.587533616212608e-23, nan 
147.125, 61.125, 1.7686296746490002e-23, nan 
147.375, 61.125, 1.7909420624545892e-23, nan 
147.625, 61.125, 1.9200080594513682e-23, nan 
147.875, 61.125, 1.301435734974783e-23, nan 
148.125, 61.125, 1.467810170799312e-23, nan 
148.375, 61.125, 5.954371718131012e-24, nan 
148.625, 61.125, 4.7265671447524635e-24, nan 
148.875, 61.125, 8.21167785089642e-24, nan 
149.125, 61.125, 1.0063899517736467e-23, nan 
149.375, 61.125, 9.461545002726456e-24, nan 
149.625, 61.125, 8.224252882339807e-24, nan 
149.875, 61.125, 1.6859056884724732e-23, nan 
150.125, 61.125, 2.993342157696665e-23, nan 
150.375, 61.125, 2.3680976457284225e-23, nan 
150.625, 61.125, 1.700054002947763e-23, nan 
150.875, 61.125, 2.86274817740804e-23, nan 
151.125, 61.125, 3.984283284355008e-23, nan 
151.375, 61.125, 4.1993438112282685e-23, nan 
151.625, 61.125, 2.453740426351949e-23, nan 
151.875, 61.125, 1.4727378187147526e-23, nan 
152.125, 61.125, 1.6316217820924892e-23, nan 
152.375, 61.125, 1.226055441192268e-23, nan 
152.625, 61.125, 7.373822519177384e-24, nan 
152.875, 61.125, 1.3658730215653056e-23, nan 
153.125, 61.125, 6.651025565479596e-24, nan 
153.375, 61.125, 8.444820615783596e-24, nan 
153.625, 61.125, 2.5242098724855173e-23, nan 
153.875, 61.125, 8.242067062424157e-24, nan 
154.125, 61.125, 9.420602959532625e-24, nan 
154.375, 61.125, 1.1899659431522749e-23, nan 
154.625, 61.125, 1.1163132131933652e-23, nan 
154.875, 61.125, 1.324098082998377e-23, nan 
155.125, 61.125, 1.1485627182020629e-23, nan 
155.375, 61.125, 9.196920053589323e-24, nan 
155.625, 61.125, 7.020188910337996e-24, nan 
155.875, 61.125, 7.615871018784454e-24, nan 
156.125, 61.125, 1.3622350417179113e-23, nan 
156.375, 61.125, 1.0326827458420665e-23, nan 
156.625, 61.125, 6.4663250357497296e-24, nan 
156.875, 61.125, 5.9190988514979364e-24, nan 
157.125, 61.125, 3.607490101667261e-24, nan 
157.375, 61.125, 6.047489826143737e-24, nan 
157.625, 61.125, 2.0825157635050497e-24, nan 
157.875, 61.125, 4.314553617354687e-24, nan 
158.125, 61.125, 8.066120334466605e-24, nan 
158.375, 61.125, 9.886353169495405e-24, nan 
158.625, 61.125, 5.205200452324953e-24, nan 
158.875, 61.125, 7.065889439660816e-24, nan 
159.125, 61.125, 8.200443095518016e-24, nan 
159.375, 61.125, 4.3928097470818295e-24, nan 
159.625, 61.125, 1.041517220927934e-23, nan 
159.875, 61.125, 8.889308278322382e-24, nan 
160.125, 61.125, 1.1548965636433277e-23, nan 
160.375, 61.125, 1.8096565550347604e-23, nan 
160.625, 61.125, 1.733080540662586e-23, nan 
160.875, 61.125, 1.7320639554335786e-23, nan 
161.125, 61.125, 2.4840187246265868e-23, nan 
161.375, 61.125, 8.21841299300458e-24, nan 
161.625, 61.125, 1.050864462747264e-23, nan 
161.875, 61.125, 2.3935373512672258e-23, nan 
162.125, 61.125, 7.763147347348616e-24, nan 
162.375, 61.125, 6.046763803330979e-24, nan 
162.625, 61.125, 6.1510712172027045e-24, nan 
162.875, 61.125, 8.090401029674387e-24, nan 
163.125, 61.125, 1.1768929088319835e-23, nan 
163.375, 61.125, 7.481264471818261e-24, nan 
163.625, 61.125, 3.486811405125142e-24, nan 
163.875, 61.125, 6.244992558285962e-24, nan 
164.125, 61.125, 6.92253228896443e-24, nan 
164.375, 61.125, 3.935308421156985e-24, nan 
164.625, 61.125, 5.725850468158975e-24, nan 
164.875, 61.125, 4.273919479486842e-24, nan 
165.125, 61.125, 4.3503221293353636e-24, nan 
165.375, 61.125, 9.561752987575644e-24, nan 
165.625, 61.125, 6.623697222866049e-24, nan 
165.875, 61.125, 2.9180555082208446e-24, nan 
166.125, 61.125, 3.962184295463102e-24, nan 
166.375, 61.125, 6.5609474128032274e-24, nan 
166.625, 61.125, 4.784150510392942e-24, nan 
166.875, 61.125, 3.9817719242743035e-24, nan 
167.125, 61.125, 6.049408821804983e-24, nan 
167.375, 61.125, 6.91817686411133e-24, nan 
167.625, 61.125, 4.7973756268463314e-24, nan 
167.875, 61.125, 3.737726973976333e-24, nan 
168.125, 61.125, 3.354612647711905e-24, nan 
168.375, 61.125, 3.613110228447797e-24, nan 
168.625, 61.125, 3.155202015669544e-24, nan 
168.875, 61.125, 7.419662737295043e-24, nan 
169.125, 61.125, 3.2569504890201566e-24, nan 
169.375, 61.125, 3.558330382813646e-24, nan 
169.625, 61.125, 4.492987165854213e-24, nan 
169.875, 61.125, 3.1673276339874817e-24, nan 
170.125, 61.125, 4.304347979190555e-24, nan 
170.375, 61.125, 7.751631464792865e-24, nan 
170.625, 61.125, 9.77663578168344e-24, nan 
170.875, 61.125, 7.150989743584847e-24, nan 
171.125, 61.125, 8.486621407208456e-24, nan 
171.375, 61.125, 6.757935509539249e-24, nan 
48.625, 61.375, 4.5586267149347935e-24, nan 
48.875, 61.375, 5.2119811680158114e-24, nan 
49.125, 61.375, 3.653594908848164e-24, nan 
49.375, 61.375, 5.724217949839543e-24, nan 
49.625, 61.375, 9.758523780887622e-24, nan 
49.875, 61.375, 1.1238795169055584e-23, nan 
50.125, 61.375, 1.2382961180653072e-23, nan 
50.375, 61.375, 1.2264867278616521e-23, nan 
50.625, 61.375, 9.50115762926511e-24, nan 
50.875, 61.375, 4.677143744058986e-24, nan 
51.125, 61.375, 1.1826667905189571e-24, nan 
51.375, 61.375, 2.7346066553372554e-24, nan 
51.625, 61.375, 3.847316469911364e-24, nan 
51.875, 61.375, 5.0284141211197535e-24, nan 
52.125, 61.375, 4.715377334306784e-24, nan 
52.375, 61.375, 6.733540085486961e-24, nan 
52.625, 61.375, 8.339541856076176e-24, nan 
52.875, 61.375, 8.191932925840306e-24, nan 
53.125, 61.375, 6.897872742707729e-24, nan 
53.375, 61.375, 4.470700027588343e-24, nan 
53.625, 61.375, 8.561554877148738e-24, nan 
53.875, 61.375, 8.574306639785823e-24, nan 
54.125, 61.375, 5.6234436621637835e-24, nan 
54.375, 61.375, 1.0287442727123048e-23, nan 
54.625, 61.375, 1.5238443031960982e-23, nan 
54.875, 61.375, 7.406008986417636e-24, nan 
55.125, 61.375, 5.9495195037505496e-24, nan 
55.375, 61.375, 1.267258271793649e-23, nan 
55.625, 61.375, 8.131018216769393e-24, nan 
55.875, 61.375, 5.4174864973975644e-24, nan 
56.125, 61.375, 6.5458696999665605e-24, nan 
56.375, 61.375, 7.388347127339306e-24, nan 
56.625, 61.375, 7.72977510142033e-24, nan 
56.875, 61.375, 7.887155259498216e-24, nan 
57.125, 61.375, 6.654246499939484e-24, nan 
57.375, 61.375, 7.268726758295577e-24, nan 
57.625, 61.375, 5.893273765762755e-24, nan 
57.875, 61.375, 9.6019477543926e-24, nan 
58.125, 61.375, 1.2554998297728734e-23, nan 
58.375, 61.375, 1.0956045070449408e-23, nan 
58.625, 61.375, 1.2438437278666446e-23, nan 
58.875, 61.375, 1.4008343717585843e-23, nan 
59.125, 61.375, 1.388751260765083e-23, nan 
59.375, 61.375, 1.5174842651139054e-23, nan 
59.625, 61.375, 1.970728798707449e-23, nan 
59.875, 61.375, 2.1932885496808184e-23, nan 
60.125, 61.375, 2.1229884981097605e-23, nan 
60.375, 61.375, 1.7701051742124024e-23, nan 
60.625, 61.375, 2.2420959390933652e-23, nan 
60.875, 61.375, 1.485820298906205e-23, nan 
61.125, 61.375, 1.1769286799351273e-23, nan 
61.375, 61.375, 1.027023939705168e-23, nan 
61.625, 61.375, 1.0120189963824171e-23, nan 
61.875, 61.375, 6.089734099220021e-24, nan 
62.125, 61.375, 1.0409882924832714e-23, nan 
62.375, 61.375, 6.765453841028196e-24, nan 
62.625, 61.375, 4.362197548626674e-24, nan 
62.875, 61.375, 1.0038101608335379e-23, nan 
63.125, 61.375, 5.967015064242418e-24, nan 
63.375, 61.375, 7.30609882013595e-24, nan 
63.625, 61.375, 6.5103152773484e-24, nan 
63.875, 61.375, 1.850610614105537e-23, nan 
64.125, 61.375, 3.175885675834417e-23, nan 
64.375, 61.375, 3.275249258409018e-23, nan 
64.625, 61.375, 2.7441717856096576e-23, nan 
64.875, 61.375, 4.769931938030675e-23, nan 
65.125, 61.375, 4.552430122657976e-23, nan 
65.375, 61.375, 2.9808925778024153e-23, nan 
65.625, 61.375, 2.4515521168085964e-23, nan 
65.875, 61.375, 2.6454995872802676e-23, nan 
66.125, 61.375, 2.1477706813186152e-23, nan 
66.375, 61.375, 1.7750699470063888e-23, nan 
66.625, 61.375, 1.650686829290729e-23, nan 
66.875, 61.375, 1.3948333788898482e-23, nan 
67.125, 61.375, 2.3191479368142822e-23, nan 
67.375, 61.375, 1.9183845009401358e-23, nan 
67.625, 61.375, 9.570762082811751e-24, nan 
67.875, 61.375, 1.0303290300447236e-23, nan 
68.125, 61.375, 1.6191331982794976e-23, nan 
68.375, 61.375, 1.6830106818126542e-23, nan 
68.625, 61.375, 1.8758620738662178e-23, nan 
68.875, 61.375, 2.4925206111626125e-23, nan 
69.125, 61.375, 2.965860263651577e-23, nan 
69.375, 61.375, 3.5914083785194e-23, nan 
69.625, 61.375, 2.6265703703543904e-23, nan 
69.875, 61.375, 3.119540665290952e-23, nan 
70.125, 61.375, 4.3396698196407196e-23, nan 
70.375, 61.375, 4.3828727690565596e-23, nan 
70.625, 61.375, 2.0008472843434134e-23, nan 
70.875, 61.375, 2.3761606420009404e-23, nan 
71.125, 61.375, 2.6649151878923544e-23, nan 
71.375, 61.375, 2.2415453231154017e-23, nan 
71.625, 61.375, 2.019717775950432e-23, nan 
71.875, 61.375, 3.0996713438392645e-23, nan 
72.125, 61.375, 5.014589880508692e-23, nan 
72.375, 61.375, 6.712093818798919e-23, nan 
72.625, 61.375, 4.0993041576727115e-23, nan 
72.875, 61.375, 2.9789260637531044e-23, nan 
73.125, 61.375, 1.972611643031585e-23, nan 
73.375, 61.375, 1.7561338808111037e-23, nan 
73.625, 61.375, 4.6459295428624755e-23, nan 
73.875, 61.375, 6.448050147046359e-23, nan 
74.125, 61.375, 6.119492178948237e-23, nan 
74.375, 61.375, 7.563837340923089e-23, nan 
74.625, 61.375, 7.686091043502575e-23, nan 
74.875, 61.375, 7.012543816916403e-23, nan 
75.125, 61.375, 3.5737374429856725e-23, nan 
75.375, 61.375, 3.2123933687632347e-23, nan 
75.625, 61.375, 3.906593876309446e-23, nan 
75.875, 61.375, 3.1477576372213244e-23, nan 
76.125, 61.375, 2.8381180679573267e-23, nan 
76.375, 61.375, 1.0464949146312215e-23, nan 
76.625, 61.375, 3.760585749925635e-23, nan 
76.875, 61.375, 4.2143275320725314e-23, nan 
77.125, 61.375, 3.497977150607854e-23, nan 
77.375, 61.375, 4.860119692994863e-23, nan 
77.625, 61.375, 6.337553539898347e-23, nan 
77.875, 61.375, 6.536693493242542e-23, nan 
78.125, 61.375, 6.073717693591696e-23, nan 
78.375, 61.375, 9.498882174958259e-23, nan 
78.625, 61.375, 1.2530471289901511e-22, nan 
78.875, 61.375, 5.377377479961752e-23, nan 
79.125, 61.375, 5.576865089291522e-23, nan 
79.375, 61.375, 8.337650899009843e-23, nan 
79.625, 61.375, 7.855420674065341e-23, nan 
79.875, 61.375, 8.099165580792323e-23, nan 
80.125, 61.375, 3.5481444326456397e-23, nan 
80.375, 61.375, 6.616286618290001e-23, nan 
80.625, 61.375, 4.87997902590033e-23, nan 
80.875, 61.375, 5.473445331437977e-23, nan 
81.125, 61.375, 6.196954486986161e-23, nan 
81.375, 61.375, 3.5188212338956153e-23, nan 
81.625, 61.375, 7.196120001875917e-23, nan 
81.875, 61.375, 9.32010549085983e-23, nan 
82.125, 61.375, 7.64368928718568e-23, nan 
82.375, 61.375, 6.140772855010974e-23, nan 
82.625, 61.375, 1.0304139526348669e-22, nan 
82.875, 61.375, 1.0500668246822966e-22, nan 
83.125, 61.375, 4.066264272727565e-23, nan 
83.375, 61.375, 5.311319439084457e-23, nan 
83.625, 61.375, 4.828679198320174e-23, nan 
83.875, 61.375, 1.2831147193074198e-22, nan 
84.125, 61.375, 7.389420013169923e-23, nan 
84.375, 61.375, 6.611581159124619e-23, nan 
84.625, 61.375, 1.0447208322231635e-22, nan 
84.875, 61.375, 8.039385616411652e-23, nan 
85.125, 61.375, 7.306768774614849e-23, nan 
85.375, 61.375, 9.716694862014735e-23, nan 
85.625, 61.375, 2.1513812219697526e-22, nan 
85.875, 61.375, 2.180550403204106e-22, nan 
86.125, 61.375, 2.0339029890223867e-22, nan 
86.375, 61.375, 5.7873444048533715e-22, nan 
86.625, 61.375, 7.413261245899296e-22, nan 
86.875, 61.375, 1.1000280825985003e-21, nan 
87.125, 61.375, 7.858434618752244e-22, nan 
87.375, 61.375, 9.420474286879325e-22, nan 
87.625, 61.375, 1.3836813017682086e-21, nan 
87.875, 61.375, 4.757282061051291e-22, nan 
88.125, 61.375, 8.2632202572879275e-22, nan 
88.375, 61.375, 1.3005958374008301e-21, nan 
88.625, 61.375, 1.0597683441008437e-21, nan 
88.875, 61.375, 7.056448128125439e-22, nan 
89.125, 61.375, 1.6428011128199946e-22, nan 
89.375, 61.375, 1.721074452514754e-22, nan 
89.625, 61.375, 1.7335840306772766e-22, nan 
89.875, 61.375, 3.003267214016251e-22, nan 
90.125, 61.375, 3.296403517235425e-22, nan 
90.375, 61.375, 2.399379417210948e-22, nan 
90.625, 61.375, 3.355926482751236e-22, nan 
90.875, 61.375, 2.2466568135992955e-22, nan 
91.125, 61.375, 4.17599702795426e-22, nan 
91.375, 61.375, 5.244946348552869e-22, nan 
91.625, 61.375, 3.996771714921255e-22, nan 
91.875, 61.375, 3.167429244241392e-22, nan 
92.125, 61.375, 3.0790425748241943e-22, nan 
92.375, 61.375, 4.032204478664179e-22, nan 
92.625, 61.375, 4.733334180766559e-22, nan 
92.875, 61.375, 3.884627682608452e-22, nan 
93.125, 61.375, 2.0483413117673786e-22, nan 
93.375, 61.375, 1.6096506176558092e-22, nan 
93.625, 61.375, 4.239984452573175e-22, nan 
93.875, 61.375, 2.667737947953315e-22, nan 
94.125, 61.375, 2.832254717326815e-22, nan 
94.375, 61.375, 3.6340705809803445e-22, nan 
94.625, 61.375, 2.840553266211016e-22, nan 
94.875, 61.375, 3.808040167071438e-22, nan 
95.125, 61.375, 6.225395673478446e-22, nan 
95.375, 61.375, 3.7136750938502333e-22, nan 
95.625, 61.375, 2.620281634746223e-22, nan 
95.875, 61.375, 8.90497662218255e-22, nan 
96.125, 61.375, 6.222880155007745e-22, nan 
96.375, 61.375, 1.1041719924965148e-21, nan 
96.625, 61.375, 1.1698625746279928e-21, nan 
96.875, 61.375, 8.260838715855408e-22, nan 
97.125, 61.375, 7.878453049160236e-22, nan 
97.375, 61.375, 8.494900671478308e-22, nan 
97.625, 61.375, 8.550191955798124e-22, nan 
97.875, 61.375, 4.519511227234616e-22, nan 
98.125, 61.375, 5.304689139666521e-22, nan 
98.375, 61.375, 6.005264735088676e-22, nan 
98.625, 61.375, 5.463090656654933e-22, nan 
98.875, 61.375, 5.8260067468661e-22, nan 
99.125, 61.375, 6.468966741439771e-22, nan 
99.375, 61.375, 5.515141699988755e-22, nan 
99.625, 61.375, 7.066825315852787e-22, nan 
99.875, 61.375, 8.132095535701139e-22, nan 
100.125, 61.375, 1.1404661241902523e-21, nan 
100.375, 61.375, 1.2774845800846928e-21, nan 
100.625, 61.375, 1.0794912155692261e-21, nan 
100.875, 61.375, 8.50515114146563e-22, nan 
101.125, 61.375, 1.2310913779589822e-21, nan 
101.375, 61.375, 1.1835431481435197e-21, nan 
101.625, 61.375, 7.166451075797513e-22, nan 
101.875, 61.375, 1.1626981285768709e-21, nan 
102.125, 61.375, 1.797919700094759e-21, nan 
102.375, 61.375, 1.6250766348038235e-21, nan 
102.625, 61.375, 2.045482696756459e-21, nan 
102.875, 61.375, 1.814481929515128e-21, nan 
103.125, 61.375, 1.692749043967067e-21, nan 
103.375, 61.375, 7.622533857649612e-22, nan 
103.625, 61.375, 1.3141232929171504e-21, nan 
103.875, 61.375, 1.1144322026052948e-21, nan 
104.125, 61.375, 1.0310053062062785e-21, nan 
104.375, 61.375, 1.112449089774397e-21, nan 
104.625, 61.375, 1.0251730424300984e-21, nan 
104.875, 61.375, 9.191067754545429e-22, nan 
105.125, 61.375, 5.661411770448405e-22, nan 
105.375, 61.375, 7.769750957178879e-22, nan 
105.625, 61.375, 7.061027587649693e-22, nan 
105.875, 61.375, 8.00494312890372e-22, nan 
106.125, 61.375, 4.928638912205331e-22, nan 
106.375, 61.375, 4.904064735955516e-22, nan 
106.625, 61.375, 6.35402485009529e-22, nan 
106.875, 61.375, 4.230522662225245e-22, nan 
107.125, 61.375, 4.062006457890806e-22, nan 
107.375, 61.375, 4.860983117663291e-22, nan 
107.625, 61.375, 4.505265383135992e-22, nan 
107.875, 61.375, 5.181601652004501e-22, nan 
108.125, 61.375, 4.87513530167912e-22, nan 
108.375, 61.375, 6.361967618646511e-22, nan 
108.625, 61.375, 4.553361381296392e-22, nan 
108.875, 61.375, 5.801130293349571e-22, nan 
109.125, 61.375, 1.1681773090191503e-21, nan 
109.375, 61.375, 5.9759543125126e-22, nan 
109.625, 61.375, 6.416213480101845e-22, nan 
109.875, 61.375, 6.357082133984085e-22, nan 
110.125, 61.375, 8.566933742596384e-22, nan 
110.375, 61.375, 7.19230908219061e-22, nan 
110.625, 61.375, 6.89044525466143e-22, nan 
110.875, 61.375, 1.1444722794689803e-21, nan 
111.125, 61.375, 9.216469652502232e-22, nan 
111.375, 61.375, 8.695389347460225e-22, nan 
111.625, 61.375, 8.810218679254351e-22, nan 
111.875, 61.375, 8.054683465432309e-22, nan 
112.125, 61.375, 5.092913130867916e-22, nan 
112.375, 61.375, 3.569475594856154e-22, nan 
112.625, 61.375, 4.5188858502894e-22, nan 
112.875, 61.375, 6.460063851043669e-22, nan 
113.125, 61.375, 6.260704513953957e-22, nan 
113.375, 61.375, 6.547790950297125e-22, nan 
113.625, 61.375, 6.248254784462904e-22, nan 
113.875, 61.375, 8.10049019992068e-22, nan 
114.125, 61.375, 7.131453735773522e-22, nan 
114.375, 61.375, 6.237627044048295e-22, nan 
114.625, 61.375, 6.926160510016907e-22, nan 
114.875, 61.375, 7.258756364416701e-22, nan 
115.125, 61.375, 3.3472693813550766e-22, nan 
115.375, 61.375, 2.747461135942633e-22, nan 
115.625, 61.375, 1.882309999634269e-22, nan 
115.875, 61.375, 2.4558521233014334e-22, nan 
116.125, 61.375, 2.670974740959329e-22, nan 
116.375, 61.375, 2.679346865963581e-22, nan 
116.625, 61.375, 3.237945803710673e-22, nan 
116.875, 61.375, 3.992137347602073e-22, nan 
117.125, 61.375, 3.352715055433435e-22, nan 
117.375, 61.375, 3.5336178767236784e-22, nan 
117.625, 61.375, 3.8009578304868565e-22, nan 
117.875, 61.375, 3.150354207688167e-22, nan 
118.125, 61.375, 2.6797833444533714e-22, nan 
118.375, 61.375, 1.8915544953188216e-22, nan 
118.625, 61.375, 2.0099764154165334e-22, nan 
118.875, 61.375, 1.917477766673719e-22, nan 
119.125, 61.375, 3.134876998597895e-22, nan 
119.375, 61.375, 5.808581243793914e-22, nan 
119.625, 61.375, 2.8639300896113557e-22, nan 
119.875, 61.375, 2.559234886326568e-22, nan 
120.125, 61.375, 2.7183328118768255e-22, nan 
120.375, 61.375, 2.8262769661547973e-22, nan 
120.625, 61.375, 3.1690389423825334e-22, nan 
120.875, 61.375, 1.5108319385507252e-22, nan 
121.125, 61.375, 6.057718028456954e-23, nan 
121.375, 61.375, 2.0855015986765732e-22, nan 
121.625, 61.375, 2.895169255435424e-22, nan 
121.875, 61.375, 1.4964164818604376e-22, nan 
122.125, 61.375, 5.64062321756955e-23, nan 
122.375, 61.375, 2.280804029291917e-22, nan 
122.625, 61.375, 2.5786340492190604e-22, nan 
122.875, 61.375, 2.1087687085451567e-22, nan 
123.125, 61.375, 2.5006623273679884e-22, nan 
123.375, 61.375, 2.9609829224850695e-22, nan 
123.625, 61.375, 2.517500878385264e-22, nan 
123.875, 61.375, 2.121428029702123e-22, nan 
124.125, 61.375, 1.2590360571373502e-22, nan 
124.375, 61.375, 1.7694655107704345e-22, nan 
124.625, 61.375, 2.797460470735656e-22, nan 
124.875, 61.375, 1.3462727122266655e-22, nan 
125.125, 61.375, 1.4610520289934778e-22, nan 
125.375, 61.375, 2.4370746354080133e-22, nan 
125.625, 61.375, 1.1622481258654807e-22, nan 
125.875, 61.375, 1.767295053109095e-22, nan 
126.125, 61.375, 2.7183004625824314e-22, nan 
126.375, 61.375, 2.3373059266298966e-22, nan 
126.625, 61.375, 1.970514819217046e-22, nan 
126.875, 61.375, 3.2703393873274915e-22, nan 
127.125, 61.375, 4.363801279382161e-22, nan 
127.375, 61.375, 3.164826264298074e-22, nan 
127.625, 61.375, 3.9313696738241705e-22, nan 
127.875, 61.375, 2.7674213842967964e-22, nan 
128.125, 61.375, 1.4463598040885187e-22, nan 
128.375, 61.375, 1.2676529748068718e-22, nan 
128.625, 61.375, 1.0406365041469491e-22, nan 
128.875, 61.375, 2.902581860981275e-23, nan 
129.125, 61.375, 4.0130154648799395e-23, nan 
129.375, 61.375, 4.3567119504568955e-23, nan 
129.625, 61.375, 3.505037346717383e-23, nan 
129.875, 61.375, 3.881093794971648e-23, nan 
130.125, 61.375, 1.0524822224839255e-22, nan 
130.375, 61.375, 8.940906808206859e-23, nan 
130.625, 61.375, 1.2231855239644508e-22, nan 
130.875, 61.375, 1.7511266649928708e-22, nan 
131.125, 61.375, 1.4391857904974188e-22, nan 
131.375, 61.375, 1.4870669926585516e-22, nan 
131.625, 61.375, 4.507032791931134e-23, nan 
131.875, 61.375, 3.146425154312722e-23, nan 
132.125, 61.375, 4.029580145546973e-23, nan 
132.375, 61.375, 5.2061819472236254e-23, nan 
132.625, 61.375, 5.846338979279065e-23, nan 
132.875, 61.375, 5.269938937753663e-23, nan 
133.125, 61.375, 9.728073096782044e-23, nan 
133.375, 61.375, 9.952774491579695e-23, nan 
133.625, 61.375, 5.840156915575838e-23, nan 
133.875, 61.375, 1.4362954643958887e-22, nan 
134.125, 61.375, 1.2148124455781735e-22, nan 
134.375, 61.375, 1.111361596074257e-22, nan 
134.625, 61.375, 9.501976545231766e-23, nan 
134.875, 61.375, 8.964570801808232e-23, nan 
135.125, 61.375, 8.66582822482635e-23, nan 
135.375, 61.375, 6.294965992479794e-23, nan 
135.625, 61.375, 4.785205831440282e-23, nan 
135.875, 61.375, 2.209463078710325e-23, nan 
136.125, 61.375, 2.4227490268643663e-23, nan 
136.375, 61.375, 5.27141184137427e-23, nan 
136.625, 61.375, 2.02038666068778e-23, nan 
136.875, 61.375, 1.7401541992695157e-23, nan 
137.125, 61.375, 1.729834573091615e-23, nan 
137.375, 61.375, 1.5461987367481335e-23, nan 
137.625, 61.375, 1.4917797532556637e-23, nan 
137.875, 61.375, 4.862653009176895e-23, nan 
138.125, 61.375, 3.8630130624359685e-23, nan 
138.375, 61.375, 2.762187478460566e-23, nan 
138.625, 61.375, 6.152810975038667e-23, nan 
138.875, 61.375, 3.727379419423578e-23, nan 
139.125, 61.375, 2.0668451814469316e-23, nan 
139.375, 61.375, 2.3961731165335908e-23, nan 
139.625, 61.375, 2.0404470494649218e-23, nan 
139.875, 61.375, 3.252781251956306e-23, nan 
140.125, 61.375, 2.7113947092928886e-23, nan 
140.375, 61.375, 1.447095896049567e-23, nan 
140.625, 61.375, 4.930176516771357e-23, nan 
140.875, 61.375, 5.371985904300902e-23, nan 
141.125, 61.375, 4.795313221133217e-23, nan 
141.375, 61.375, 5.304865584975574e-23, nan 
141.625, 61.375, 4.526799219185989e-23, nan 
141.875, 61.375, 1.4589745445894358e-23, nan 
142.125, 61.375, 4.139908575673865e-23, nan 
142.375, 61.375, 3.364563497769484e-23, nan 
142.625, 61.375, 1.9397398556562386e-23, nan 
142.875, 61.375, 4.692395074943537e-23, nan 
143.125, 61.375, 4.117588217213758e-23, nan 
143.375, 61.375, 3.4495818573095974e-23, nan 
143.625, 61.375, 4.412811220910075e-23, nan 
143.875, 61.375, 3.611670721777541e-23, nan 
144.125, 61.375, 2.4602793632349045e-23, nan 
144.375, 61.375, 9.020930309158873e-24, nan 
144.625, 61.375, 1.8817922501454396e-23, nan 
144.875, 61.375, 3.0218711616804046e-23, nan 
145.125, 61.375, 2.114838376019429e-23, nan 
145.375, 61.375, 1.608864163409538e-23, nan 
145.625, 61.375, 1.4378120618783997e-23, nan 
145.875, 61.375, 1.106135000491874e-23, nan 
146.125, 61.375, 1.553693739488042e-23, nan 
146.375, 61.375, 1.2299300185196909e-23, nan 
146.625, 61.375, 1.3370602055551563e-23, nan 
146.875, 61.375, 1.507512468505095e-23, nan 
147.125, 61.375, 1.3522445969553052e-23, nan 
147.375, 61.375, 1.244342181587804e-23, nan 
147.625, 61.375, 1.8218343573983568e-23, nan 
147.875, 61.375, 1.263548664493065e-23, nan 
148.125, 61.375, 7.81858736322687e-24, nan 
148.375, 61.375, 1.4003132553870078e-23, nan 
148.625, 61.375, 6.058444444762526e-24, nan 
148.875, 61.375, 1.083899280279586e-23, nan 
149.125, 61.375, 1.4328892927117985e-23, nan 
149.375, 61.375, 1.921698034364571e-23, nan 
149.625, 61.375, 1.4153147143128076e-23, nan 
149.875, 61.375, 2.1641501505821776e-23, nan 
150.125, 61.375, 2.6234430169329768e-23, nan 
150.375, 61.375, 2.0729106790627888e-23, nan 
150.625, 61.375, 1.9431349267470983e-23, nan 
150.875, 61.375, 2.4425586796943188e-23, nan 
151.125, 61.375, 2.6769300520228825e-23, nan 
151.375, 61.375, 2.0543170123396672e-23, nan 
151.625, 61.375, 1.997374139419152e-23, nan 
151.875, 61.375, 1.366997307987566e-23, nan 
152.125, 61.375, 1.0232270727317804e-23, nan 
152.375, 61.375, 9.099068638422782e-24, nan 
152.625, 61.375, 6.977725524152905e-24, nan 
152.875, 61.375, 7.03450938255823e-24, nan 
153.125, 61.375, 9.115980142846821e-24, nan 
153.375, 61.375, 8.486031245694149e-24, nan 
153.625, 61.375, 2.0415599217960952e-23, nan 
153.875, 61.375, 7.417484866603741e-24, nan 
154.125, 61.375, 3.571551359490295e-24, nan 
154.375, 61.375, 1.0243047010526692e-23, nan 
154.625, 61.375, 4.868967988452615e-24, nan 
154.875, 61.375, 1.2913288838161429e-23, nan 
155.125, 61.375, 1.3712184982416022e-23, nan 
155.375, 61.375, 5.38171190490179e-24, nan 
155.625, 61.375, 1.3344579119775277e-23, nan 
155.875, 61.375, 1.0758872595722853e-23, nan 
156.125, 61.375, 1.7464521585471374e-23, nan 
156.375, 61.375, 1.4164003335022114e-23, nan 
156.625, 61.375, 8.597230115475652e-24, nan 
156.875, 61.375, 1.2153390662500973e-23, nan 
157.125, 61.375, 9.97793378490127e-24, nan 
157.375, 61.375, 7.13096856882511e-24, nan 
157.625, 61.375, 4.991453634621866e-24, nan 
157.875, 61.375, 6.371637593490276e-24, nan 
158.125, 61.375, 1.3849272157343674e-23, nan 
158.375, 61.375, 1.1135358852244758e-23, nan 
158.625, 61.375, 6.93067583762352e-24, nan 
158.875, 61.375, 1.1732724690733334e-23, nan 
159.125, 61.375, 1.0337979652645249e-23, nan 
159.375, 61.375, 3.327293474075879e-24, nan 
159.625, 61.375, 8.782982575830916e-24, nan 
159.875, 61.375, 1.0598838888239644e-23, nan 
160.125, 61.375, 1.0036825582898941e-23, nan 
160.375, 61.375, 1.3590037741400407e-23, nan 
160.625, 61.375, 1.5967312721668758e-23, nan 
160.875, 61.375, 1.5181126046212824e-23, nan 
161.125, 61.375, 1.2524628482248025e-23, nan 
161.375, 61.375, 8.514439257086697e-24, nan 
161.625, 61.375, 1.2035068985869017e-23, nan 
161.875, 61.375, 1.3771851879979804e-23, nan 
162.125, 61.375, 7.089715533812036e-24, nan 
162.375, 61.375, 3.574285003109265e-24, nan 
162.625, 61.375, 3.0690208062780028e-24, nan 
162.875, 61.375, 1.9548960359688296e-24, nan 
163.125, 61.375, 2.5319538320530613e-24, nan 
163.375, 61.375, 4.531141444604718e-24, nan 
163.625, 61.375, 4.082073253097074e-24, nan 
163.875, 61.375, 4.733301025166245e-24, nan 
164.125, 61.375, 5.017432235796078e-24, nan 
164.375, 61.375, 5.58114632127639e-24, nan 
164.625, 61.375, 3.465522190227168e-24, nan 
164.875, 61.375, 4.247513890605894e-24, nan 
165.125, 61.375, 5.5987203050394e-24, nan 
165.375, 61.375, 8.980432310999012e-24, nan 
165.625, 61.375, 6.229095737149058e-24, nan 
165.875, 61.375, 8.661410909217269e-24, nan 
166.125, 61.375, 6.54115448070433e-24, nan 
166.375, 61.375, 7.17394723070213e-24, nan 
166.625, 61.375, 5.432419765605508e-24, nan 
166.875, 61.375, 5.035843048571752e-24, nan 
167.125, 61.375, 4.981189714248042e-24, nan 
167.375, 61.375, 4.662167593618225e-24, nan 
167.625, 61.375, 5.311287083783545e-24, nan 
167.875, 61.375, 4.9199581343912494e-24, nan 
168.125, 61.375, 4.325780567569306e-24, nan 
168.375, 61.375, 3.3251630176165336e-24, nan 
168.625, 61.375, 3.1936269113464886e-24, nan 
168.875, 61.375, 5.5159312763533256e-24, nan 
169.125, 61.375, 2.3096927016681748e-24, nan 
169.375, 61.375, 1.8009325285118726e-24, nan 
169.625, 61.375, 5.6260633256759855e-24, nan 
169.875, 61.375, 1.1165969319299134e-23, nan 
170.125, 61.375, 8.454895127034224e-24, nan 
170.375, 61.375, 1.4650838158723234e-23, nan 
170.625, 61.375, 1.515754557547705e-23, nan 
170.875, 61.375, 9.16381254189046e-24, nan 
171.125, 61.375, 1.004127027499328e-23, nan 
171.375, 61.375, 1.2932760779469913e-23, nan 
171.625, 61.375, 1.1501367097483117e-23, nan 
171.875, 61.375, 6.380329967957489e-24, nan 
47.625, 61.625, 3.927868388001829e-24, nan 
47.875, 61.625, 5.768822910979969e-24, nan 
48.125, 61.625, 3.868199217447025e-24, nan 
48.375, 61.625, 4.465637325592553e-24, nan 
48.625, 61.625, 7.924824196411952e-24, nan 
48.875, 61.625, 4.578991344787221e-24, nan 
49.125, 61.625, 7.322822373878841e-24, nan 
49.375, 61.625, 1.6517967270985272e-23, nan 
49.625, 61.625, 1.3919323568783075e-23, nan 
49.875, 61.625, 1.1249893828639344e-23, nan 
50.125, 61.625, 1.6909520470773308e-23, nan 
50.375, 61.625, 1.0119523636558537e-23, nan 
50.625, 61.625, 1.8202960702324686e-24, nan 
50.875, 61.625, 4.563528681863292e-24, nan 
51.125, 61.625, 4.175012247160585e-24, nan 
51.375, 61.625, 1.8074510131036597e-24, nan 
51.625, 61.625, 2.85604627502183e-24, nan 
51.875, 61.625, 1.9689657698438253e-24, nan 
52.125, 61.625, 2.4577517999034964e-24, nan 
52.375, 61.625, 6.045094321191943e-24, nan 
52.625, 61.625, 7.006691882070624e-24, nan 
52.875, 61.625, 8.061255931420889e-24, nan 
53.125, 61.625, 6.628181335360967e-24, nan 
53.375, 61.625, 4.919730730839297e-24, nan 
53.625, 61.625, 8.995508434055448e-24, nan 
53.875, 61.625, 9.83691554610678e-24, nan 
54.125, 61.625, 6.6120907312476106e-24, nan 
54.375, 61.625, 2.7307061645511456e-24, nan 
54.625, 61.625, 9.885084659024974e-24, nan 
54.875, 61.625, 4.638446810070641e-24, nan 
55.125, 61.625, 3.8018560911579e-24, nan 
55.375, 61.625, 5.5804788732773354e-24, nan 
55.625, 61.625, 4.228951174567415e-24, nan 
55.875, 61.625, 3.2937032753524983e-24, nan 
56.125, 61.625, 4.0183375491285145e-24, nan 
56.375, 61.625, 4.433394231901806e-24, nan 
56.625, 61.625, 4.86642755571892e-24, nan 
56.875, 61.625, 7.03780293357466e-24, nan 
57.125, 61.625, 7.215306241303086e-24, nan 
57.375, 61.625, 8.892745611074498e-24, nan 
57.625, 61.625, 7.61677722321177e-24, nan 
57.875, 61.625, 7.250681360035406e-24, nan 
58.125, 61.625, 1.1511413216527598e-23, nan 
58.375, 61.625, 1.10762045847599e-23, nan 
58.625, 61.625, 9.579029837914929e-24, nan 
58.875, 61.625, 1.0275882528307753e-23, nan 
59.125, 61.625, 1.448146252019428e-23, nan 
59.375, 61.625, 1.4144999051168183e-23, nan 
59.625, 61.625, 1.6303212438588256e-23, nan 
59.875, 61.625, 2.0931918939375306e-23, nan 
60.125, 61.625, 2.8056117685611955e-23, nan 
60.375, 61.625, 1.0463692527981112e-23, nan 
60.625, 61.625, 1.9004866515509303e-23, nan 
60.875, 61.625, 1.963288247061823e-23, nan 
61.125, 61.625, 1.471494274831262e-23, nan 
61.375, 61.625, 1.1341686690784049e-23, nan 
61.625, 61.625, 9.502316909640059e-24, nan 
61.875, 61.625, 1.4974248077011267e-23, nan 
62.125, 61.625, 1.1851921334941517e-23, nan 
62.375, 61.625, 6.4107472145098185e-24, nan 
62.625, 61.625, 6.682459114136224e-24, nan 
62.875, 61.625, 5.226534172654961e-24, nan 
63.125, 61.625, 8.191243227803859e-24, nan 
63.375, 61.625, 9.408333724108619e-24, nan 
63.625, 61.625, 7.301617454064567e-24, nan 
63.875, 61.625, 1.2289523685226194e-23, nan 
64.125, 61.625, 1.8746876835023067e-23, nan 
64.375, 61.625, 2.0186980046275156e-23, nan 
64.625, 61.625, 2.229672318661783e-23, nan 
64.875, 61.625, 3.503785565182682e-23, nan 
65.125, 61.625, 3.5703046318252464e-23, nan 
65.375, 61.625, 2.760184139462152e-23, nan 
65.625, 61.625, 1.6530320097487277e-23, nan 
65.875, 61.625, 1.6702444182704245e-23, nan 
66.125, 61.625, 1.2485033015512146e-23, nan 
66.375, 61.625, 1.890724488156201e-23, nan 
66.625, 61.625, 2.82959073674805e-23, nan 
66.875, 61.625, 2.7660883880305617e-23, nan 
67.125, 61.625, 2.977108335733843e-23, nan 
67.375, 61.625, 5.157450989365612e-23, nan 
67.625, 61.625, 3.4480735065733465e-23, nan 
67.875, 61.625, 1.1550782076513166e-23, nan 
68.125, 61.625, 2.711415215385594e-23, nan 
68.375, 61.625, 1.291170143062601e-23, nan 
68.625, 61.625, 1.4468409352711064e-23, nan 
68.875, 61.625, 2.183107892154444e-23, nan 
69.125, 61.625, 2.729407967864666e-23, nan 
69.375, 61.625, 2.579467785214504e-23, nan 
69.625, 61.625, 5.1746366374e-23, nan 
69.875, 61.625, 3.946646469446681e-23, nan 
70.125, 61.625, 3.554692222635602e-23, nan 
70.375, 61.625, 7.662610001746687e-23, nan 
70.625, 61.625, 3.6471294562418154e-23, nan 
70.875, 61.625, 3.107183301419318e-23, nan 
71.125, 61.625, 5.51349266792116e-23, nan 
71.375, 61.625, 3.9248661459833255e-23, nan 
71.625, 61.625, 3.7998032373430625e-23, nan 
71.875, 61.625, 3.8914820874478775e-23, nan 
72.125, 61.625, 3.3076462766671803e-23, nan 
72.375, 61.625, 5.670206486392378e-23, nan 
72.625, 61.625, 3.0527267461692526e-23, nan 
72.875, 61.625, 2.339433447182963e-23, nan 
73.125, 61.625, 4.1070509350063965e-23, nan 
73.375, 61.625, 2.717014545137168e-23, nan 
73.625, 61.625, 1.7166583025632293e-23, nan 
73.875, 61.625, 4.850512631048005e-23, nan 
74.125, 61.625, 6.346898537250604e-23, nan 
74.375, 61.625, 8.069600814986343e-23, nan 
74.625, 61.625, 7.120244413987688e-23, nan 
74.875, 61.625, 7.229660406246371e-23, nan 
75.125, 61.625, 6.68456241985712e-23, nan 
75.375, 61.625, 3.714458989615088e-23, nan 
75.625, 61.625, 3.251847718012701e-23, nan 
75.875, 61.625, 3.072590253294531e-23, nan 
76.125, 61.625, 3.307440392318965e-23, nan 
76.375, 61.625, 2.672089364755199e-23, nan 
76.625, 61.625, 2.0598656234832954e-23, nan 
76.875, 61.625, 4.153157935451784e-23, nan 
77.125, 61.625, 3.8845482810134166e-23, nan 
77.375, 61.625, 4.2579260996894617e-23, nan 
77.625, 61.625, 4.530786386229523e-23, nan 
77.875, 61.625, 4.573654660536661e-23, nan 
78.125, 61.625, 7.054614646786933e-23, nan 
78.375, 61.625, 8.539530356372053e-23, nan 
78.625, 61.625, 1.0540721645094723e-22, nan 
78.875, 61.625, 6.845871856823804e-23, nan 
79.125, 61.625, 4.564359080259296e-23, nan 
79.375, 61.625, 9.243493888929303e-23, nan 
79.625, 61.625, 7.306316323774705e-23, nan 
79.875, 61.625, 8.240778005318665e-23, nan 
80.125, 61.625, 8.45814328172911e-23, nan 
80.375, 61.625, 6.26114597010439e-23, nan 
80.625, 61.625, 2.841936786112283e-23, nan 
80.875, 61.625, 6.726026721831081e-23, nan 
81.125, 61.625, 5.407095424371435e-23, nan 
81.375, 61.625, 4.7476096349363783e-23, nan 
81.625, 61.625, 1.0710423482147997e-22, nan 
81.875, 61.625, 1.3269663983501516e-22, nan 
82.125, 61.625, 5.649809030390886e-23, nan 
82.375, 61.625, 1.0055320829114068e-22, nan 
82.625, 61.625, 1.3164094161877217e-22, nan 
82.875, 61.625, 7.95545815796383e-23, nan 
83.125, 61.625, 6.548193943329852e-23, nan 
83.375, 61.625, 9.364023596725165e-23, nan 
83.625, 61.625, 8.432932453142128e-23, nan 
83.875, 61.625, 9.830420520701384e-23, nan 
84.125, 61.625, 7.300574545433079e-23, nan 
84.375, 61.625, 8.370681674227086e-23, nan 
84.625, 61.625, 6.439728631085588e-23, nan 
84.875, 61.625, 5.901352126973108e-23, nan 
85.125, 61.625, 5.411085328088905e-23, nan 
85.375, 61.625, 6.376987880535078e-23, nan 
85.625, 61.625, 1.006343053198446e-22, nan 
85.875, 61.625, 1.3459795991188471e-22, nan 
86.125, 61.625, 1.1131876816140337e-22, nan 
86.375, 61.625, 1.4782238542085247e-22, nan 
86.625, 61.625, 2.533915540678728e-22, nan 
86.875, 61.625, 2.721739146600279e-22, nan 
87.125, 61.625, 3.4036858238954224e-22, nan 
87.375, 61.625, 7.740799866800386e-22, nan 
87.625, 61.625, 1.1450232606209163e-21, nan 
87.875, 61.625, 4.231656703928793e-22, nan 
88.125, 61.625, 2.3130031787115833e-22, nan 
88.375, 61.625, 2.0208387573926257e-22, nan 
88.625, 61.625, 3.0709400703473714e-22, nan 
88.875, 61.625, 2.703240092600839e-22, nan 
89.125, 61.625, 2.890042401369077e-22, nan 
89.375, 61.625, 2.1132084239451182e-22, nan 
89.625, 61.625, 2.170042237772158e-22, nan 
89.875, 61.625, 3.664333406038825e-22, nan 
90.125, 61.625, 4.144730072332619e-22, nan 
90.375, 61.625, 2.644020944849297e-22, nan 
90.625, 61.625, 3.1136031660053584e-22, nan 
90.875, 61.625, 1.760846560163817e-22, nan 
91.125, 61.625, 3.5153327306934256e-22, nan 
91.375, 61.625, 5.43358074974502e-22, nan 
91.625, 61.625, 3.1150616529501523e-22, nan 
91.875, 61.625, 2.3128533885418315e-22, nan 
92.125, 61.625, 2.9619509165106276e-22, nan 
92.375, 61.625, 4.121297894005119e-22, nan 
92.625, 61.625, 6.7131773418652e-22, nan 
92.875, 61.625, 3.8509112591504876e-22, nan 
93.125, 61.625, 2.7986638501815056e-22, nan 
93.375, 61.625, 3.8873006972022746e-22, nan 
93.625, 61.625, 3.7042847620295183e-22, nan 
93.875, 61.625, 3.801633224909646e-22, nan 
94.125, 61.625, 3.544005874472687e-22, nan 
94.375, 61.625, 2.5615425233564137e-22, nan 
94.625, 61.625, 2.8680786973195836e-22, nan 
94.875, 61.625, 4.849063766140921e-22, nan 
95.125, 61.625, 3.3966727357806205e-22, nan 
95.375, 61.625, 5.8787259092554855e-22, nan 
95.625, 61.625, 6.85964261505193e-22, nan 
95.875, 61.625, 6.145977412408029e-22, nan 
96.125, 61.625, 8.77095219014231e-22, nan 
96.375, 61.625, 1.1191220801328293e-21, nan 
96.625, 61.625, 1.1105106052438349e-21, nan 
96.875, 61.625, 6.961964243119819e-22, nan 
97.125, 61.625, 3.7729384033107537e-22, nan 
97.375, 61.625, 4.441084462682737e-22, nan 
97.625, 61.625, 6.310060142770927e-22, nan 
97.875, 61.625, 4.650457104424566e-22, nan 
98.125, 61.625, 6.369689775468386e-22, nan 
98.375, 61.625, 4.8884982401042965e-22, nan 
98.625, 61.625, 3.544565518798553e-22, nan 
98.875, 61.625, 5.524450429843755e-22, nan 
99.125, 61.625, 6.048776899224726e-22, nan 
99.375, 61.625, 8.93893671990782e-22, nan 
99.625, 61.625, 6.768727129190552e-22, nan 
99.875, 61.625, 8.963498044706356e-22, nan 
100.125, 61.625, 1.8607139820830798e-21, nan 
100.375, 61.625, 1.62993342449865e-21, nan 
100.625, 61.625, 1.787883433501962e-21, nan 
100.875, 61.625, 1.5422959424856724e-21, nan 
101.125, 61.625, 1.685588199437085e-21, nan 
101.375, 61.625, 1.392895231630094e-21, nan 
101.625, 61.625, 6.166729649027722e-22, nan 
101.875, 61.625, 2.2705399792521558e-21, nan 
102.125, 61.625, 1.9866852952384543e-21, nan 
102.375, 61.625, 2.370727593734822e-21, nan 
102.625, 61.625, 2.5892543808333055e-21, nan 
102.875, 61.625, 2.2081451016929773e-21, nan 
103.125, 61.625, 1.691588100394522e-21, nan 
103.375, 61.625, 1.2195949580418906e-21, nan 
103.625, 61.625, 1.3360988190507273e-21, nan 
103.875, 61.625, 1.2548491216228492e-21, nan 
104.125, 61.625, 1.0115444381576982e-21, nan 
104.375, 61.625, 1.1334115234860567e-21, nan 
104.625, 61.625, 8.1079060688646755e-22, nan 
104.875, 61.625, 8.011701934809145e-22, nan 
105.125, 61.625, 6.454090103064625e-22, nan 
105.375, 61.625, 7.965952655975469e-22, nan 
105.625, 61.625, 7.8185886069138355e-22, nan 
105.875, 61.625, 7.675308500422959e-22, nan 
106.125, 61.625, 5.490213356136137e-22, nan 
106.375, 61.625, 6.176827374074959e-22, nan 
106.625, 61.625, 6.825688151523772e-22, nan 
106.875, 61.625, 4.024872560111127e-22, nan 
107.125, 61.625, 3.1859020417738323e-22, nan 
107.375, 61.625, 5.805671128145839e-22, nan 
107.625, 61.625, 4.706289743662455e-22, nan 
107.875, 61.625, 5.00259449655067e-22, nan 
108.125, 61.625, 5.679791244222026e-22, nan 
108.375, 61.625, 5.71695513268836e-22, nan 
108.625, 61.625, 4.915903501424596e-22, nan 
108.875, 61.625, 5.56720278018834e-22, nan 
109.125, 61.625, 1.2775931436980773e-21, nan 
109.375, 61.625, 1.1563455438453862e-21, nan 
109.625, 61.625, 1.2003383705708565e-21, nan 
109.875, 61.625, 1.1150314480434497e-21, nan 
110.125, 61.625, 7.750239007587593e-22, nan 
110.375, 61.625, 6.155337179223996e-22, nan 
110.625, 61.625, 8.920847194607439e-22, nan 
110.875, 61.625, 9.89506675300971e-22, nan 
111.125, 61.625, 7.617868455284994e-22, nan 
111.375, 61.625, 7.454308650176479e-22, nan 
111.625, 61.625, 7.649559843193641e-22, nan 
111.875, 61.625, 4.1917192746212576e-22, nan 
112.125, 61.625, 4.512025789937499e-22, nan 
112.375, 61.625, 3.889596248861276e-22, nan 
112.625, 61.625, 1.636727425118969e-22, nan 
112.875, 61.625, 4.954339460243361e-22, nan 
113.125, 61.625, 2.628384391815136e-22, nan 
113.375, 61.625, 4.718501351153356e-22, nan 
113.625, 61.625, 4.1651515653942254e-22, nan 
113.875, 61.625, 6.30756063014247e-22, nan 
114.125, 61.625, 5.627197904431927e-22, nan 
114.375, 61.625, 3.456271991369083e-22, nan 
114.625, 61.625, 2.4567933081415936e-22, nan 
114.875, 61.625, 4.936127103995725e-22, nan 
115.125, 61.625, 4.167225877732188e-22, nan 
115.375, 61.625, 2.1305903155022036e-22, nan 
115.625, 61.625, 4.248570985340615e-22, nan 
115.875, 61.625, 7.637042744973563e-22, nan 
116.125, 61.625, 2.601964559908434e-22, nan 
116.375, 61.625, 1.7508762854877457e-22, nan 
116.625, 61.625, 3.5511838694133065e-22, nan 
116.875, 61.625, 4.0605219298475367e-22, nan 
117.125, 61.625, 3.058763251156714e-22, nan 
117.375, 61.625, 4.202522541867795e-22, nan 
117.625, 61.625, 5.237023145864508e-22, nan 
117.875, 61.625, 4.0092880006667667e-22, nan 
118.125, 61.625, 3.9656008399031068e-22, nan 
118.375, 61.625, 3.277699213161247e-22, nan 
118.625, 61.625, 1.9774480756348314e-22, nan 
118.875, 61.625, 1.5872076838369524e-22, nan 
119.125, 61.625, 2.438452321272931e-22, nan 
119.375, 61.625, 4.0224627703667403e-22, nan 
119.625, 61.625, 5.026291987155369e-22, nan 
119.875, 61.625, 3.820470399168291e-22, nan 
120.125, 61.625, 1.787840756109991e-22, nan 
120.375, 61.625, 3.07496524770255e-22, nan 
120.625, 61.625, 5.256788563838431e-22, nan 
120.875, 61.625, 1.8343844594880048e-22, nan 
121.125, 61.625, 1.0184361662788668e-22, nan 
121.375, 61.625, 2.2635832581645014e-22, nan 
121.625, 61.625, 3.1875686894537244e-22, nan 
121.875, 61.625, 1.9253069907473664e-22, nan 
122.125, 61.625, 3.740219301452345e-22, nan 
122.375, 61.625, 2.1068586001608417e-22, nan 
122.625, 61.625, 2.393735890351075e-22, nan 
122.875, 61.625, 2.420802938750652e-22, nan 
123.125, 61.625, 2.42764625866675e-22, nan 
123.375, 61.625, 3.9131496649011673e-22, nan 
123.625, 61.625, 3.09706668738014e-22, nan 
123.875, 61.625, 1.7499695735670396e-22, nan 
124.125, 61.625, 1.7282607931308314e-22, nan 
124.375, 61.625, 2.2132095712562895e-22, nan 
124.625, 61.625, 1.6662202022567683e-22, nan 
124.875, 61.625, 1.4377247895206466e-22, nan 
125.125, 61.625, 2.3078750701081455e-22, nan 
125.375, 61.625, 2.129844440236601e-22, nan 
125.625, 61.625, 1.109675110614151e-22, nan 
125.875, 61.625, 2.263695387979166e-22, nan 
126.125, 61.625, 2.98349047757034e-22, nan 
126.375, 61.625, 1.8255972804638124e-22, nan 
126.625, 61.625, 4.0617972065887197e-22, nan 
126.875, 61.625, 4.6082191805072975e-22, nan 
127.125, 61.625, 3.169248047655161e-22, nan 
127.375, 61.625, 4.2864781915092585e-22, nan 
127.625, 61.625, 3.2047790496830817e-22, nan 
127.875, 61.625, 1.0111335916793202e-22, nan 
128.125, 61.625, 1.4083352191461688e-22, nan 
128.375, 61.625, 9.121063169037941e-23, nan 
128.625, 61.625, 5.594735951109558e-23, nan 
128.875, 61.625, 7.088927754205864e-23, nan 
129.125, 61.625, 2.940389409459343e-23, nan 
129.375, 61.625, 3.7708956172248244e-23, nan 
129.625, 61.625, 2.2597534163183024e-23, nan 
129.875, 61.625, 2.5248581469863758e-23, nan 
130.125, 61.625, 8.077555646086192e-23, nan 
130.375, 61.625, 1.6417898346381751e-22, nan 
130.625, 61.625, 2.0116628327544943e-22, nan 
130.875, 61.625, 1.4946009574635235e-22, nan 
131.125, 61.625, 1.834344851473842e-22, nan 
131.375, 61.625, 1.67500913686892e-22, nan 
131.625, 61.625, 5.789151044514195e-23, nan 
131.875, 61.625, 4.621502848439969e-23, nan 
132.125, 61.625, 6.39537197495267e-23, nan 
132.375, 61.625, 3.7499726524287437e-23, nan 
132.625, 61.625, 4.054374229084878e-23, nan 
132.875, 61.625, 3.49784038973837e-23, nan 
133.125, 61.625, 1.2307800115821552e-22, nan 
133.375, 61.625, 1.6614572186631277e-22, nan 
133.625, 61.625, 8.377793191213511e-23, nan 
133.875, 61.625, 1.535666342814138e-22, nan 
134.125, 61.625, 1.1990607941945044e-22, nan 
134.375, 61.625, 9.055921976563405e-23, nan 
134.625, 61.625, 1.17533792142399e-22, nan 
134.875, 61.625, 7.916702074579776e-23, nan 
135.125, 61.625, 5.778768682310935e-23, nan 
135.375, 61.625, 5.12115427959249e-23, nan 
135.625, 61.625, 2.7701355551298107e-23, nan 
135.875, 61.625, 2.254297272687037e-23, nan 
136.125, 61.625, 2.191827538367951e-23, nan 
136.375, 61.625, 2.872938981484423e-23, nan 
136.625, 61.625, 3.2800568259313535e-23, nan 
136.875, 61.625, 2.3008648014074015e-23, nan 
137.125, 61.625, 2.971970028715974e-23, nan 
137.375, 61.625, 2.1583794784163885e-23, nan 
137.625, 61.625, 1.7678478880634875e-23, nan 
137.875, 61.625, 5.858214504805008e-23, nan 
138.125, 61.625, 3.43363521066029e-23, nan 
138.375, 61.625, 3.1338857042213416e-23, nan 
138.625, 61.625, 6.137757895649852e-23, nan 
138.875, 61.625, 3.9710607573417155e-23, nan 
139.125, 61.625, 2.116958092572956e-23, nan 
139.375, 61.625, 3.196429217583809e-23, nan 
139.625, 61.625, 3.008674154939155e-23, nan 
139.875, 61.625, 3.484823731762024e-23, nan 
140.125, 61.625, 2.0580693340227122e-23, nan 
140.375, 61.625, 2.878045955667556e-23, nan 
140.625, 61.625, 5.597385311180174e-23, nan 
140.875, 61.625, 2.83536353702216e-23, nan 
141.125, 61.625, 2.35436348748357e-23, nan 
141.375, 61.625, 4.0984737034152405e-23, nan 
141.625, 61.625, 7.531922612341991e-23, nan 
141.875, 61.625, 8.305542823553141e-23, nan 
142.125, 61.625, 9.8504041678952e-23, nan 
142.375, 61.625, 8.101680105189763e-23, nan 
142.625, 61.625, 5.505113942613241e-23, nan 
142.875, 61.625, 4.1639992711448207e-23, nan 
143.125, 61.625, 3.8877399092252344e-23, nan 
143.375, 61.625, 2.9581125030817237e-23, nan 
143.625, 61.625, 4.589778845736115e-23, nan 
143.875, 61.625, 4.049405628144611e-23, nan 
144.125, 61.625, 1.9825683600214792e-23, nan 
144.375, 61.625, 3.038933290805861e-23, nan 
144.625, 61.625, 2.3284559731349491e-23, nan 
144.875, 61.625, 3.0172655814077885e-23, nan 
145.125, 61.625, 2.6238598145906552e-23, nan 
145.375, 61.625, 1.5103838895259967e-23, nan 
145.625, 61.625, 1.2982817709439368e-23, nan 
145.875, 61.625, 9.918918522835626e-24, nan 
146.125, 61.625, 1.7981051220071975e-23, nan 
146.375, 61.625, 1.4839075989315356e-23, nan 
146.625, 61.625, 1.5314583830314747e-23, nan 
146.875, 61.625, 1.6083002923634753e-23, nan 
147.125, 61.625, 1.4478808107668864e-23, nan 
147.375, 61.625, 1.524206472645381e-23, nan 
147.625, 61.625, 1.2702664551385467e-23, nan 
147.875, 61.625, 1.0022221879506183e-23, nan 
148.125, 61.625, 1.097005770720446e-23, nan 
148.375, 61.625, 1.1404222993033327e-23, nan 
148.625, 61.625, 1.315199139914313e-23, nan 
148.875, 61.625, 1.2945948057419553e-23, nan 
149.125, 61.625, 1.7504623212037753e-23, nan 
149.375, 61.625, 2.1119069699112852e-23, nan 
149.625, 61.625, 2.3338113954724692e-23, nan 
149.875, 61.625, 2.761855780140867e-23, nan 
150.125, 61.625, 2.2645895875564112e-23, nan 
150.375, 61.625, 2.887250131496181e-23, nan 
150.625, 61.625, 3.744543737949539e-23, nan 
150.875, 61.625, 3.243007252652861e-23, nan 
151.125, 61.625, 2.4619910299969974e-23, nan 
151.375, 61.625, 2.884363698972614e-23, nan 
151.625, 61.625, 1.923027075148792e-23, nan 
151.875, 61.625, 7.986195973679532e-24, nan 
152.125, 61.625, 8.294412291277225e-24, nan 
152.375, 61.625, 9.417779721549519e-24, nan 
152.625, 61.625, 6.1775275175864e-24, nan 
152.875, 61.625, 9.258120907958867e-24, nan 
153.125, 61.625, 1.1840895609942119e-23, nan 
153.375, 61.625, 9.447251118818972e-24, nan 
153.625, 61.625, 1.0692334204957785e-23, nan 
153.875, 61.625, 1.2968624753888057e-23, nan 
154.125, 61.625, 1.264038747659823e-23, nan 
154.375, 61.625, 6.726965812745602e-24, nan 
154.625, 61.625, 8.302722210672493e-24, nan 
154.875, 61.625, 3.684206744380342e-24, nan 
155.125, 61.625, 1.3965026686400854e-23, nan 
155.375, 61.625, 7.345241341732171e-24, nan 
155.625, 61.625, 1.4830213406481596e-23, nan 
155.875, 61.625, 1.1533836061748193e-23, nan 
156.125, 61.625, 1.3973094704766075e-23, nan 
156.375, 61.625, 1.2286245640185352e-23, nan 
156.625, 61.625, 9.99588915855929e-24, nan 
156.875, 61.625, 1.792896386536303e-23, nan 
157.125, 61.625, 9.227890098442505e-24, nan 
157.375, 61.625, 1.1228127812844635e-23, nan 
157.625, 61.625, 6.037050456382326e-24, nan 
157.875, 61.625, 1.1192118230041584e-23, nan 
158.125, 61.625, 1.494808114565518e-23, nan 
158.375, 61.625, 8.977528010785515e-24, nan 
158.625, 61.625, 8.870759804433174e-24, nan 
158.875, 61.625, 1.4299495880228775e-23, nan 
159.125, 61.625, 9.776239677163151e-24, nan 
159.375, 61.625, 8.180765753902493e-24, nan 
159.625, 61.625, 5.278792131994023e-24, nan 
159.875, 61.625, 6.70908716413152e-24, nan 
160.125, 61.625, 8.01125274788389e-24, nan 
160.375, 61.625, 1.3535056110712473e-23, nan 
160.625, 61.625, 1.3286442379351324e-23, nan 
160.875, 61.625, 1.3519333913295658e-23, nan 
161.125, 61.625, 1.5764296617157246e-23, nan 
161.375, 61.625, 1.054944582675339e-23, nan 
161.625, 61.625, 1.1260650205069224e-23, nan 
161.875, 61.625, 1.371949733732089e-23, nan 
162.125, 61.625, 9.233014264366993e-24, nan 
162.375, 61.625, 3.1889969217560643e-24, nan 
162.625, 61.625, 5.5763776091807535e-24, nan 
162.875, 61.625, 2.6489576918387823e-24, nan 
163.125, 61.625, 5.572805138154697e-24, nan 
163.375, 61.625, 9.773273014507809e-24, nan 
163.625, 61.625, 8.179576469536756e-24, nan 
163.875, 61.625, 6.941516105315106e-24, nan 
164.125, 61.625, 7.483582976528716e-24, nan 
164.375, 61.625, 7.418064225384003e-24, nan 
164.625, 61.625, 3.738985359379725e-24, nan 
164.875, 61.625, 6.397538169428294e-24, nan 
165.125, 61.625, 5.8235892299009984e-24, nan 
165.375, 61.625, 8.775290446308905e-24, nan 
165.625, 61.625, 9.091397482859402e-24, nan 
165.875, 61.625, 1.7120305583658493e-23, nan 
166.125, 61.625, 2.2015397539760443e-23, nan 
166.375, 61.625, 1.8716103840172153e-23, nan 
166.625, 61.625, 2.0696056503598545e-23, nan 
166.875, 61.625, 1.7286774931234306e-23, nan 
167.125, 61.625, 8.035839515102172e-24, nan 
167.375, 61.625, 4.078887098329131e-24, nan 
167.625, 61.625, 4.913334589978218e-24, nan 
167.875, 61.625, 4.3854165000363e-24, nan 
168.125, 61.625, 3.7256234894801205e-24, nan 
168.375, 61.625, 2.292142938218913e-24, nan 
168.625, 61.625, 2.8117336336198534e-24, nan 
168.875, 61.625, 3.860141496924512e-24, nan 
169.125, 61.625, 6.3160900978549934e-24, nan 
169.375, 61.625, 5.1712598639257305e-24, nan 
169.625, 61.625, 1.1910117059975853e-23, nan 
169.875, 61.625, 1.345467684718516e-23, nan 
170.125, 61.625, 8.249376406203657e-24, nan 
170.375, 61.625, 1.8141936261400316e-23, nan 
170.625, 61.625, 1.3271234990900746e-23, nan 
170.875, 61.625, 7.122389133746387e-24, nan 
171.125, 61.625, 7.118847963522951e-24, nan 
171.375, 61.625, 1.6579345066462578e-23, nan 
171.625, 61.625, 1.4230210486551703e-23, nan 
171.875, 61.625, 7.117897237577304e-24, nan 
172.125, 61.625, 1.0180223053370672e-23, nan 
172.375, 61.625, 9.117300749368532e-24, nan 
172.625, 61.625, 5.773624735251274e-24, nan 
46.875, 61.875, 2.59668721349981e-24, nan 
47.125, 61.875, 1.8639915678394747e-24, nan 
47.375, 61.875, 2.2525960045269182e-24, nan 
47.625, 61.875, 2.9820892353929984e-24, nan 
47.875, 61.875, 3.573539233989375e-24, nan 
48.125, 61.875, 4.2453638098694385e-24, nan 
48.375, 61.875, 3.712146369886541e-24, nan 
48.625, 61.875, 3.4209480888176955e-24, nan 
48.875, 61.875, 2.91367214126325e-24, nan 
49.125, 61.875, 6.763613950506693e-24, nan 
49.375, 61.875, 1.1920568785783753e-23, nan 
49.625, 61.875, 1.082184206962785e-23, nan 
49.875, 61.875, 5.203109169337488e-24, nan 
50.125, 61.875, 6.2926058302167295e-24, nan 
50.375, 61.875, 2.961354677443833e-24, nan 
50.625, 61.875, 2.969539779559002e-24, nan 
50.875, 61.875, 5.959551392043945e-24, nan 
51.125, 61.875, 4.587882905834529e-24, nan 
51.375, 61.875, 3.154345366528044e-24, nan 
51.625, 61.875, 2.567157031874348e-24, nan 
51.875, 61.875, 1.0995949307550686e-24, nan 
52.125, 61.875, 2.041542221997804e-24, nan 
52.375, 61.875, 2.199288966077299e-24, nan 
52.625, 61.875, 2.6471033226732493e-24, nan 
52.875, 61.875, 3.2841231594160224e-24, nan 
53.125, 61.875, 1.5557324824155731e-24, nan 
53.375, 61.875, 4.328056228868754e-24, nan 
53.625, 61.875, 6.661461521492696e-24, nan 
53.875, 61.875, 9.780991469775065e-24, nan 
54.125, 61.875, 6.120207021744895e-24, nan 
54.375, 61.875, 4.1350521268383356e-24, nan 
54.625, 61.875, 8.957174471458098e-24, nan 
54.875, 61.875, 5.483388179144974e-24, nan 
55.125, 61.875, 2.4570066752323313e-24, nan 
55.375, 61.875, 6.5202287603671536e-24, nan 
55.625, 61.875, 5.273525188504743e-24, nan 
55.875, 61.875, 2.4780550015587866e-24, nan 
56.125, 61.875, 4.373298021656745e-24, nan 
56.375, 61.875, 3.75629062661554e-24, nan 
56.625, 61.875, 3.442122422286041e-24, nan 
56.875, 61.875, 8.193759399302264e-24, nan 
57.125, 61.875, 1.0919246634351901e-23, nan 
57.375, 61.875, 1.5250514738182388e-23, nan 
57.625, 61.875, 1.3133440797787709e-23, nan 
57.875, 61.875, 1.3186270877482817e-23, nan 
58.125, 61.875, 1.8544217234219443e-23, nan 
58.375, 61.875, 1.1062564681905219e-23, nan 
58.625, 61.875, 4.565718986285691e-24, nan 
58.875, 61.875, 7.660953211501595e-24, nan 
59.125, 61.875, 1.39793176509145e-23, nan 
59.375, 61.875, 1.980617894269807e-23, nan 
59.625, 61.875, 1.0564061654660872e-23, nan 
59.875, 61.875, 2.0526663996096552e-23, nan 
60.125, 61.875, 1.7808408881619212e-23, nan 
60.375, 61.875, 7.241114648604271e-24, nan 
60.625, 61.875, 1.6331823096770847e-23, nan 
60.875, 61.875, 1.755870045740797e-23, nan 
61.125, 61.875, 1.0365281311117656e-23, nan 
61.375, 61.875, 1.2272264694404101e-23, nan 
61.625, 61.875, 1.569398782518381e-23, nan 
61.875, 61.875, 1.2119520944119604e-23, nan 
62.125, 61.875, 1.3204106483199889e-23, nan 
62.375, 61.875, 1.3833606665235384e-23, nan 
62.625, 61.875, 1.023599396553476e-23, nan 
62.875, 61.875, 1.886724030685366e-23, nan 
63.125, 61.875, 2.211120624667544e-23, nan 
63.375, 61.875, 7.605607678580013e-24, nan 
63.625, 61.875, 6.633880732694602e-24, nan 
63.875, 61.875, 1.5663536482736648e-23, nan 
64.125, 61.875, 1.9905757701675156e-23, nan 
64.375, 61.875, 1.68305242979622e-23, nan 
64.625, 61.875, 1.5948926474091153e-23, nan 
64.875, 61.875, 2.1228604157162916e-23, nan 
65.125, 61.875, 2.71826494192644e-23, nan 
65.375, 61.875, 1.621796848856675e-23, nan 
65.625, 61.875, 1.3669318487001762e-23, nan 
65.875, 61.875, 1.6425476686922962e-23, nan 
66.125, 61.875, 2.0689655602166623e-23, nan 
66.375, 61.875, 1.372070725474486e-23, nan 
66.625, 61.875, 1.310142202260438e-23, nan 
66.875, 61.875, 2.5617009460046277e-23, nan 
67.125, 61.875, 2.6537621852930014e-23, nan 
67.375, 61.875, 4.1787022547416476e-23, nan 
67.625, 61.875, 3.50417129003568e-23, nan 
67.875, 61.875, 1.5601221719229744e-23, nan 
68.125, 61.875, 1.4291429474105475e-23, nan 
68.375, 61.875, 1.761180067590976e-23, nan 
68.625, 61.875, 1.4034650469015513e-23, nan 
68.875, 61.875, 1.1151286566496616e-23, nan 
69.125, 61.875, 2.2648137970304137e-23, nan 
69.375, 61.875, 3.233429667910956e-23, nan 
69.625, 61.875, 4.208288936309214e-23, nan 
69.875, 61.875, 4.5934226194083023e-23, nan 
70.125, 61.875, 3.0280159739136257e-23, nan 
70.375, 61.875, 6.474761464210752e-23, nan 
70.625, 61.875, 5.415318594829928e-23, nan 
70.875, 61.875, 5.551559914362524e-23, nan 
71.125, 61.875, 4.663690599135523e-23, nan 
71.375, 61.875, 3.9742585479219456e-23, nan 
71.625, 61.875, 4.31850818004473e-23, nan 
71.875, 61.875, 2.19121464193216e-23, nan 
72.125, 61.875, 6.762072973466516e-23, nan 
72.375, 61.875, 8.497095781225838e-23, nan 
72.625, 61.875, 4.8777465105767627e-23, nan 
72.875, 61.875, 3.8302482066957155e-23, nan 
73.125, 61.875, 5.0307954440716554e-23, nan 
73.375, 61.875, 3.5265600946606165e-23, nan 
73.625, 61.875, 2.5737873760403015e-23, nan 
73.875, 61.875, 5.437336172326706e-23, nan 
74.125, 61.875, 7.797135668759888e-23, nan 
74.375, 61.875, 7.581626470511597e-23, nan 
74.625, 61.875, 7.888131214209394e-23, nan 
74.875, 61.875, 9.494508545211816e-23, nan 
75.125, 61.875, 8.18868978937168e-23, nan 
75.375, 61.875, 9.277813471991478e-23, nan 
75.625, 61.875, 6.093300686950575e-23, nan 
75.875, 61.875, 4.428916459011313e-23, nan 
76.125, 61.875, 6.432235656454766e-23, nan 
76.375, 61.875, 5.558253722841191e-23, nan 
76.625, 61.875, 3.524392366143112e-23, nan 
76.875, 61.875, 5.446108757657168e-23, nan 
77.125, 61.875, 3.30364081804674e-23, nan 
77.375, 61.875, 5.139178659236958e-23, nan 
77.625, 61.875, 6.335865581160443e-23, nan 
77.875, 61.875, 5.2201712353762085e-23, nan 
78.125, 61.875, 7.036679328155383e-23, nan 
78.375, 61.875, 5.746038509742238e-23, nan 
78.625, 61.875, 5.940166527262275e-23, nan 
78.875, 61.875, 5.438803529968207e-23, nan 
79.125, 61.875, 5.656125372523972e-23, nan 
79.375, 61.875, 8.147365902287852e-23, nan 
79.625, 61.875, 6.472368768149614e-23, nan 
79.875, 61.875, 9.944858636447879e-23, nan 
80.125, 61.875, 7.649075057026408e-23, nan 
80.375, 61.875, 6.426384646746971e-23, nan 
80.625, 61.875, 6.11974096108028e-23, nan 
80.875, 61.875, 1.0069867241802703e-22, nan 
81.125, 61.875, 5.301790564943467e-23, nan 
81.375, 61.875, 9.539429918202353e-23, nan 
81.625, 61.875, 8.101220985945424e-23, nan 
81.875, 61.875, 1.0478055270230164e-22, nan 
82.125, 61.875, 8.178937514013473e-23, nan 
82.375, 61.875, 8.641706156695485e-23, nan 
82.625, 61.875, 8.129493379216026e-23, nan 
82.875, 61.875, 6.246796642604097e-23, nan 
83.125, 61.875, 5.513690878381185e-23, nan 
83.375, 61.875, 7.47083490172861e-23, nan 
83.625, 61.875, 7.620667738685855e-23, nan 
83.875, 61.875, 1.05394001050516e-22, nan 
84.125, 61.875, 8.081855591981835e-23, nan 
84.375, 61.875, 1.1306804091624045e-22, nan 
84.625, 61.875, 1.2486925203028325e-22, nan 
84.875, 61.875, 1.1432057828102749e-22, nan 
85.125, 61.875, 1.3573870619168474e-22, nan 
85.375, 61.875, 5.264554475617535e-23, nan 
85.625, 61.875, 4.1957306719326585e-23, nan 
85.875, 61.875, 8.065116489998074e-23, nan 
86.125, 61.875, 1.9248903402662114e-22, nan 
86.375, 61.875, 1.7644720661338798e-22, nan 
86.625, 61.875, 1.2935485361979806e-22, nan 
86.875, 61.875, 3.3829331983856653e-22, nan 
87.125, 61.875, 4.4782629438437e-22, nan 
87.375, 61.875, 4.504431510588718e-22, nan 
87.625, 61.875, 3.853326974442026e-22, nan 
87.875, 61.875, 4.5728253419322925e-22, nan 
88.125, 61.875, 2.541386431672719e-22, nan 
88.375, 61.875, 2.90096876197748e-22, nan 
88.625, 61.875, 2.8872069491457007e-22, nan 
88.875, 61.875, 2.674844181417563e-22, nan 
89.125, 61.875, 2.709871629544426e-22, nan 
89.375, 61.875, 2.4241367060219923e-22, nan 
89.625, 61.875, 1.979153655149705e-22, nan 
89.875, 61.875, 1.771682440645662e-22, nan 
90.125, 61.875, 2.152231281913279e-22, nan 
90.375, 61.875, 2.6776266408996926e-22, nan 
90.625, 61.875, 3.587888665625705e-22, nan 
90.875, 61.875, 1.8972276473180392e-22, nan 
91.125, 61.875, 5.311787683726716e-22, nan 
91.375, 61.875, 8.057660899630651e-22, nan 
91.625, 61.875, 4.960287064185095e-22, nan 
91.875, 61.875, 3.3263791498796763e-22, nan 
92.125, 61.875, 5.528521947195427e-22, nan 
92.375, 61.875, 5.099837291292521e-22, nan 
92.625, 61.875, 4.9193472059898865e-22, nan 
92.875, 61.875, 3.1793613844703317e-22, nan 
93.125, 61.875, 3.1460102401124974e-22, nan 
93.375, 61.875, 2.381021003171637e-22, nan 
93.625, 61.875, 1.638071161030501e-22, nan 
93.875, 61.875, 4.0928365568367793e-22, nan 
94.125, 61.875, 2.39631681709409e-22, nan 
94.375, 61.875, 2.338140343427331e-22, nan 
94.625, 61.875, 3.5781961858481073e-22, nan 
94.875, 61.875, 6.6642774369970455e-22, nan 
95.125, 61.875, 1.0263850256459859e-21, nan 
95.375, 61.875, 4.805758302478732e-22, nan 
95.625, 61.875, 6.614274134656678e-22, nan 
95.875, 61.875, 5.276262167692698e-22, nan 
96.125, 61.875, 6.44302981608774e-22, nan 
96.375, 61.875, 6.350659386588234e-22, nan 
96.625, 61.875, 4.741675557612978e-22, nan 
96.875, 61.875, 3.965092530423109e-22, nan 
97.125, 61.875, 4.516565080234573e-22, nan 
97.375, 61.875, 3.1162185637698656e-22, nan 
97.625, 61.875, 3.4189293449245345e-22, nan 
97.875, 61.875, 6.08525371010782e-22, nan 
98.125, 61.875, 7.493281466546441e-22, nan 
98.375, 61.875, 7.148760589153761e-22, nan 
98.625, 61.875, 6.877382949322043e-22, nan 
98.875, 61.875, 5.297784003817409e-22, nan 
99.125, 61.875, 6.595797070403808e-22, nan 
99.375, 61.875, 9.19777746260976e-22, nan 
99.625, 61.875, 7.042961074630657e-22, nan 
99.875, 61.875, 1.8672694473524518e-21, nan 
100.125, 61.875, 2.2460546679531118e-21, nan 
100.375, 61.875, 2.0729163039244634e-21, nan 
100.625, 61.875, 2.3278861464569103e-21, nan 
100.875, 61.875, 2.25234128087236e-21, nan 
101.125, 61.875, 2.0414520139647615e-21, nan 
101.375, 61.875, 5.197214645209741e-22, nan 
101.625, 61.875, 1.6342635311749811e-21, nan 
101.875, 61.875, 2.717064289192233e-21, nan 
102.125, 61.875, 2.6708040017925985e-21, nan 
102.375, 61.875, 2.7900396015014935e-21, nan 
102.625, 61.875, 3.10512221475362e-21, nan 
102.875, 61.875, 2.5906016518379412e-21, nan 
103.125, 61.875, 1.6169166310759186e-21, nan 
103.375, 61.875, 2.0706143468341576e-21, nan 
103.625, 61.875, 1.8417091963225682e-21, nan 
103.875, 61.875, 1.847485529108138e-21, nan 
104.125, 61.875, 1.3266481162001633e-21, nan 
104.375, 61.875, 1.3433444506679722e-21, nan 
104.625, 61.875, 1.1536101234797215e-21, nan 
104.875, 61.875, 7.659387386755573e-22, nan 
105.125, 61.875, 5.907357452196521e-22, nan 
105.375, 61.875, 6.133686912723448e-22, nan 
105.625, 61.875, 6.80741379347028e-22, nan 
105.875, 61.875, 6.539866984505506e-22, nan 
106.125, 61.875, 5.038836874333663e-22, nan 
106.375, 61.875, 7.116419021562259e-22, nan 
106.625, 61.875, 6.287715189062248e-22, nan 
106.875, 61.875, 5.2143614677586725e-22, nan 
107.125, 61.875, 7.730288150352097e-22, nan 
107.375, 61.875, 5.574664963095497e-22, nan 
107.625, 61.875, 6.8162356440013925e-22, nan 
107.875, 61.875, 1.187492983416702e-21, nan 
108.125, 61.875, 1.6034376332781415e-21, nan 
108.375, 61.875, 1.2583344060362076e-21, nan 
108.625, 61.875, 1.1023961204065942e-21, nan 
108.875, 61.875, 1.0208420194571044e-21, nan 
109.125, 61.875, 1.4598379364464183e-21, nan 
109.375, 61.875, 1.5302526545271977e-21, nan 
109.625, 61.875, 1.834875408943318e-21, nan 
109.875, 61.875, 1.3552441142071612e-21, nan 
110.125, 61.875, 5.586657944929688e-22, nan 
110.375, 61.875, 4.895539858886332e-22, nan 
110.625, 61.875, 6.980255122247906e-22, nan 
110.875, 61.875, 7.226416954412972e-22, nan 
111.125, 61.875, 7.68199017329137e-22, nan 
111.375, 61.875, 5.519752985127734e-22, nan 
111.625, 61.875, 4.737883181576115e-22, nan 
111.875, 61.875, 3.1933647353832886e-22, nan 
112.125, 61.875, 3.571037690806594e-22, nan 
112.375, 61.875, 4.791221097206831e-22, nan 
112.625, 61.875, 3.8488753310331205e-22, nan 
112.875, 61.875, 2.998732272155725e-22, nan 
113.125, 61.875, 2.4354614911686234e-22, nan 
113.375, 61.875, 5.253075219091381e-22, nan 
113.625, 61.875, 7.693923365499004e-22, nan 
113.875, 61.875, 1.7192054509428823e-22, nan 
114.125, 61.875, 2.2548729049614374e-22, nan 
114.375, 61.875, 4.8272639210847065e-22, nan 
114.625, 61.875, 2.642377845138579e-22, nan 
114.875, 61.875, 3.158309489320945e-22, nan 
115.125, 61.875, 4.384667445718967e-22, nan 
115.375, 61.875, 4.421743935430208e-22, nan 
115.625, 61.875, 5.465549963477967e-22, nan 
115.875, 61.875, 1.1375800634992452e-21, nan 
116.125, 61.875, 2.3244519266056964e-22, nan 
116.375, 61.875, 2.9454132672322165e-22, nan 
116.625, 61.875, 4.950118326316016e-22, nan 
116.875, 61.875, 2.1729158198167493e-22, nan 
117.125, 61.875, 2.8246930595574237e-22, nan 
117.375, 61.875, 2.2654201095033815e-22, nan 
117.625, 61.875, 4.662421876750158e-22, nan 
117.875, 61.875, 4.810509954262318e-22, nan 
118.125, 61.875, 3.911334087055205e-22, nan 
118.375, 61.875, 4.652117199170331e-22, nan 
118.625, 61.875, 4.530511885862304e-22, nan 
118.875, 61.875, 3.942132882096836e-22, nan 
119.125, 61.875, 2.333989817194379e-22, nan 
119.375, 61.875, 3.8764305766508725e-22, nan 
119.625, 61.875, 4.885103968573628e-22, nan 
119.875, 61.875, 3.4437237743155603e-22, nan 
120.125, 61.875, 2.7197120180079917e-22, nan 
120.375, 61.875, 1.1775045095306479e-22, nan 
120.625, 61.875, 4.715319270249021e-22, nan 
120.875, 61.875, 3.7753300273583233e-22, nan 
121.125, 61.875, 2.515408020148834e-22, nan 
121.375, 61.875, 3.411818973549546e-22, nan 
121.625, 61.875, 3.168741034340788e-22, nan 
121.875, 61.875, 2.874972867632607e-22, nan 
122.125, 61.875, 4.789860019020183e-22, nan 
122.375, 61.875, 3.671973512506294e-22, nan 
122.625, 61.875, 2.729392676008297e-22, nan 
122.875, 61.875, 3.1447561609302274e-22, nan 
123.125, 61.875, 3.2577539784696927e-22, nan 
123.375, 61.875, 4.253535939412332e-22, nan 
123.625, 61.875, 3.3269399837188433e-22, nan 
123.875, 61.875, 2.207897256472186e-22, nan 
124.125, 61.875, 3.301306456113358e-22, nan 
124.375, 61.875, 2.604650460502837e-22, nan 
124.625, 61.875, 1.872718470233235e-22, nan 
124.875, 61.875, 1.0606569845084097e-22, nan 
125.125, 61.875, 2.0928761078149987e-22, nan 
125.375, 61.875, 1.7340718784967723e-22, nan 
125.625, 61.875, 1.6622327308231095e-22, nan 
125.875, 61.875, 2.261029025467042e-22, nan 
126.125, 61.875, 2.4251191790698765e-22, nan 
126.375, 61.875, 4.198355682385272e-22, nan 
126.625, 61.875, 6.449384088113106e-22, nan 
126.875, 61.875, 4.10826105085864e-22, nan 
127.125, 61.875, 2.6174727244252102e-22, nan 
127.375, 61.875, 4.382036013963069e-22, nan 
127.625, 61.875, 3.548059872755652e-22, nan 
127.875, 61.875, 1.0349463905811174e-22, nan 
128.125, 61.875, 1.2178057720741487e-22, nan 
128.375, 61.875, 1.6688483824911538e-22, nan 
128.625, 61.875, 7.684376237091524e-23, nan 
128.875, 61.875, 7.28084788240033e-23, nan 
129.125, 61.875, 5.816672505472377e-23, nan 
129.375, 61.875, 7.542661625811425e-23, nan 
129.625, 61.875, 1.0332861346212446e-22, nan 
129.875, 61.875, 1.145531773593819e-22, nan 
130.125, 61.875, 1.5969816842212907e-22, nan 
130.375, 61.875, 2.696706557406479e-22, nan 
130.625, 61.875, 1.875430978002736e-22, nan 
130.875, 61.875, 1.8866013947418258e-22, nan 
131.125, 61.875, 1.521918918673655e-22, nan 
131.375, 61.875, 9.597956957386082e-23, nan 
131.625, 61.875, 7.373746223505256e-23, nan 
131.875, 61.875, 6.278186600195898e-23, nan 
132.125, 61.875, 5.327484643098025e-23, nan 
132.375, 61.875, 3.739632750100125e-23, nan 
132.625, 61.875, 9.175873817560271e-23, nan 
132.875, 61.875, 1.176196473276217e-22, nan 
133.125, 61.875, 1.3167073837155356e-22, nan 
133.375, 61.875, 1.7614982784060464e-22, nan 
133.625, 61.875, 1.571834863366123e-22, nan 
133.875, 61.875, 1.3241456943826354e-22, nan 
134.125, 61.875, 9.913398529657155e-23, nan 
134.375, 61.875, 8.931830940733381e-23, nan 
134.625, 61.875, 7.660121687846551e-23, nan 
134.875, 61.875, 4.645464598188398e-23, nan 
135.125, 61.875, 3.4469000525622023e-23, nan 
135.375, 61.875, 5.232711222993537e-23, nan 
135.625, 61.875, 2.7818726955235507e-23, nan 
135.875, 61.875, 2.162549921795765e-23, nan 
136.125, 61.875, 1.5320478211381475e-23, nan 
136.375, 61.875, 4.1213127884731615e-23, nan 
136.625, 61.875, 5.538180777806155e-23, nan 
136.875, 61.875, 4.1340105080085746e-23, nan 
137.125, 61.875, 3.479930365389618e-23, nan 
137.375, 61.875, 3.9161945033471304e-23, nan 
137.625, 61.875, 3.993600245238237e-23, nan 
137.875, 61.875, 5.152492044615283e-23, nan 
138.125, 61.875, 3.0774189482856797e-23, nan 
138.375, 61.875, 4.971460736867057e-23, nan 
138.625, 61.875, 5.808078466999851e-23, nan 
138.875, 61.875, 4.225643073538357e-23, nan 
139.125, 61.875, 1.3070146448528374e-23, nan 
139.375, 61.875, 3.5819724432018866e-23, nan 
139.625, 61.875, 2.8135795310222675e-23, nan 
139.875, 61.875, 2.2584177333186197e-23, nan 
140.125, 61.875, 2.8803311221332065e-23, nan 
140.375, 61.875, 3.2615836231519567e-23, nan 
140.625, 61.875, 4.732902320616724e-23, nan 
140.875, 61.875, 8.073686119385562e-23, nan 
141.125, 61.875, 8.676280437511802e-23, nan 
141.375, 61.875, 8.549547225895945e-23, nan 
141.625, 61.875, 1.0471426861510519e-22, nan 
141.875, 61.875, 1.2219498682647223e-22, nan 
142.125, 61.875, 1.3512967220990506e-22, nan 
142.375, 61.875, 1.1045206864477693e-22, nan 
142.625, 61.875, 9.712941657042777e-23, nan 
142.875, 61.875, 7.878315787221766e-23, nan 
143.125, 61.875, 6.576650722602124e-23, nan 
143.375, 61.875, 6.242359313637371e-23, nan 
143.625, 61.875, 4.238372192281985e-23, nan 
143.875, 61.875, 2.692521359264695e-23, nan 
144.125, 61.875, 1.5689128806301358e-23, nan 
144.375, 61.875, 2.8772140314284653e-23, nan 
144.625, 61.875, 1.351280074334754e-23, nan 
144.875, 61.875, 8.60958334401648e-24, nan 
145.125, 61.875, 3.048801302390868e-23, nan 
145.375, 61.875, 2.2124223905547672e-23, nan 
145.625, 61.875, 1.0011939462248196e-23, nan 
145.875, 61.875, 9.532986439228304e-24, nan 
146.125, 61.875, 6.644100282032083e-24, nan 
146.375, 61.875, 1.1348365901960059e-23, nan 
146.625, 61.875, 1.8813566267431728e-23, nan 
146.875, 61.875, 1.7078114674100192e-23, nan 
147.125, 61.875, 1.538269240984789e-23, nan 
147.375, 61.875, 3.2287864468734103e-23, nan 
147.625, 61.875, 2.3337105224709385e-23, nan 
147.875, 61.875, 1.7596039422714333e-23, nan 
148.125, 61.875, 8.791931817299116e-24, nan 
148.375, 61.875, 1.3297220740247615e-23, nan 
148.625, 61.875, 1.0688400109196007e-23, nan 
148.875, 61.875, 3.340794463227782e-23, nan 
149.125, 61.875, 6.111061348157316e-23, nan 
149.375, 61.875, 6.672990604613479e-23, nan 
149.625, 61.875, 6.141646284923481e-23, nan 
149.875, 61.875, 6.276524746662334e-23, nan 
150.125, 61.875, 3.656329765279536e-23, nan 
150.375, 61.875, 4.095303061716513e-23, nan 
150.625, 61.875, 2.8463948896850067e-23, nan 
150.875, 61.875, 3.1536564659949886e-23, nan 
151.125, 61.875, 2.5241551062809422e-23, nan 
151.375, 61.875, 1.6845061933817683e-23, nan 
151.625, 61.875, 1.3277470190043862e-23, nan 
151.875, 61.875, 9.174108785114818e-24, nan 
152.125, 61.875, 6.470834929601123e-24, nan 
152.375, 61.875, 5.478600666828725e-24, nan 
152.625, 61.875, 6.772242514519064e-24, nan 
152.875, 61.875, 9.95422082672734e-24, nan 
153.125, 61.875, 1.1131315022400371e-23, nan 
153.375, 61.875, 8.950191188430507e-24, nan 
153.625, 61.875, 1.0620570185601738e-23, nan 
153.875, 61.875, 1.4505450501265498e-23, nan 
154.125, 61.875, 1.516564929549935e-23, nan 
154.375, 61.875, 1.309595661284562e-23, nan 
154.625, 61.875, 1.573674857632676e-23, nan 
154.875, 61.875, 8.464328133132585e-24, nan 
155.125, 61.875, 1.9496223965143367e-23, nan 
155.375, 61.875, 1.620581482860951e-23, nan 
155.625, 61.875, 9.658587538170865e-24, nan 
155.875, 61.875, 1.2319185394419058e-23, nan 
156.125, 61.875, 9.824000395721536e-24, nan 
156.375, 61.875, 1.0085717432912223e-23, nan 
156.625, 61.875, 8.44442492871443e-24, nan 
156.875, 61.875, 1.524234422431854e-23, nan 
157.125, 61.875, 1.0468612888619614e-23, nan 
157.375, 61.875, 1.2821756055603281e-23, nan 
157.625, 61.875, 9.134285531600514e-24, nan 
157.875, 61.875, 9.106117139786078e-24, nan 
158.125, 61.875, 1.6319542467019794e-23, nan 
158.375, 61.875, 1.3345255656121145e-23, nan 
158.625, 61.875, 1.138547882986716e-23, nan 
158.875, 61.875, 1.5601880570010836e-23, nan 
159.125, 61.875, 1.3508411799419148e-23, nan 
159.375, 61.875, 1.2195249795758464e-23, nan 
159.625, 61.875, 8.620581276726044e-24, nan 
159.875, 61.875, 1.0468460993644026e-23, nan 
160.125, 61.875, 8.866941353753728e-24, nan 
160.375, 61.875, 5.896472111801946e-24, nan 
160.625, 61.875, 8.749848316514393e-24, nan 
160.875, 61.875, 1.0921162780442787e-23, nan 
161.125, 61.875, 1.0194515538621624e-23, nan 
161.375, 61.875, 1.189569570101992e-23, nan 
161.625, 61.875, 8.299722726899269e-24, nan 
161.875, 61.875, 7.37976196672111e-24, nan 
162.125, 61.875, 7.560816589793566e-24, nan 
162.375, 61.875, 3.04381379985473e-24, nan 
162.625, 61.875, 2.252600113332843e-24, nan 
162.875, 61.875, 4.087144117317343e-24, nan 
163.125, 61.875, 7.938660460310383e-24, nan 
163.375, 61.875, 7.08601274630007e-24, nan 
163.625, 61.875, 7.006150708535672e-24, nan 
163.875, 61.875, 9.380328800763522e-24, nan 
164.125, 61.875, 4.691276027826532e-24, nan 
164.375, 61.875, 8.836803130753834e-24, nan 
164.625, 61.875, 8.79926254997772e-24, nan 
164.875, 61.875, 6.429471174212539e-24, nan 
165.125, 61.875, 1.656811105359781e-23, nan 
165.375, 61.875, 2.0996206378504e-23, nan 
165.625, 61.875, 1.6866523837596855e-23, nan 
165.875, 61.875, 2.1915953425721177e-23, nan 
166.125, 61.875, 2.7313922651995e-23, nan 
166.375, 61.875, 2.1501449879756178e-23, nan 
166.625, 61.875, 2.514207189474504e-23, nan 
166.875, 61.875, 2.033569570678192e-23, nan 
167.125, 61.875, 1.5530475832390696e-23, nan 
167.375, 61.875, 1.3118546212821095e-23, nan 
167.625, 61.875, 9.944805371005764e-24, nan 
167.875, 61.875, 3.0892972435883747e-24, nan 
168.125, 61.875, 3.601776803737078e-24, nan 
168.375, 61.875, 4.044829769018055e-24, nan 
168.625, 61.875, 3.903387976793103e-24, nan 
168.875, 61.875, 2.3793882709073913e-24, nan 
169.125, 61.875, 5.137459138166635e-24, nan 
169.375, 61.875, 4.5023948974241604e-24, nan 
169.625, 61.875, 9.131340646998486e-24, nan 
169.875, 61.875, 9.57245589472293e-24, nan 
170.125, 61.875, 7.938356154141858e-24, nan 
170.375, 61.875, 2.0482542328218662e-23, nan 
170.625, 61.875, 1.7858816527350095e-23, nan 
170.875, 61.875, 7.696654351359662e-24, nan 
171.125, 61.875, 6.228454882932314e-24, nan 
171.375, 61.875, 1.3532218634793645e-23, nan 
171.625, 61.875, 1.7020255193677977e-23, nan 
171.875, 61.875, 8.2536812931978e-24, nan 
172.125, 61.875, 1.0845154857637759e-23, nan 
172.375, 61.875, 9.248630059458451e-24, nan 
172.625, 61.875, 7.934260413697411e-24, nan 
172.875, 61.875, 6.796383227651293e-24, nan 
173.125, 61.875, 2.499150500413542e-24, nan 
45.875, 62.125, 4.1453704831049374e-24, nan 
46.125, 62.125, 2.553929253510889e-24, nan 
46.375, 62.125, 2.6644614066887267e-24, nan 
46.625, 62.125, 2.551182741455474e-24, nan 
46.875, 62.125, 1.9290292176246085e-24, nan 
47.125, 62.125, 1.2932808072567141e-24, nan 
47.375, 62.125, 1.5345185866964566e-24, nan 
47.625, 62.125, 1.5922040969667172e-24, nan 
47.875, 62.125, 1.7748436764697453e-24, nan 
48.125, 62.125, 4.7140974090661625e-24, nan 
48.375, 62.125, 2.8185917635530684e-24, nan 
48.625, 62.125, 2.95872607290983e-24, nan 
48.875, 62.125, 5.291590791189828e-24, nan 
49.125, 62.125, 5.915070215189938e-24, nan 
49.375, 62.125, 8.466074031002606e-24, nan 
49.625, 62.125, 3.731389956805596e-24, nan 
49.875, 62.125, 4.1884235297869275e-24, nan 
50.125, 62.125, 2.5686987089320867e-24, nan 
50.375, 62.125, 1.81680123501337e-24, nan 
50.625, 62.125, 2.643712721097511e-24, nan 
50.875, 62.125, 5.7364271523918355e-24, nan 
51.125, 62.125, 4.4934465052764614e-24, nan 
51.375, 62.125, 4.734578361381137e-24, nan 
51.625, 62.125, 4.634643957914598e-24, nan 
51.875, 62.125, 2.792017705830982e-24, nan 
52.125, 62.125, 6.232626070147553e-24, nan 
52.375, 62.125, 2.5654927799700044e-24, nan 
52.625, 62.125, 3.2953436469097102e-24, nan 
52.875, 62.125, 6.3636600029057346e-24, nan 
53.125, 62.125, 4.1286555182592876e-24, nan 
53.375, 62.125, 6.63532330307095e-24, nan 
53.625, 62.125, 5.411325007750777e-24, nan 
53.875, 62.125, 5.426255779276116e-24, nan 
54.125, 62.125, 3.3608558667268166e-24, nan 
54.375, 62.125, 4.248148812371491e-24, nan 
54.625, 62.125, 5.9602515278153904e-24, nan 
54.875, 62.125, 5.2503413598522034e-24, nan 
55.125, 62.125, 7.411570851905238e-24, nan 
55.375, 62.125, 7.562483979970044e-24, nan 
55.625, 62.125, 5.555600724815242e-24, nan 
55.875, 62.125, 3.433595567810705e-24, nan 
56.125, 62.125, 5.512276377382292e-24, nan 
56.375, 62.125, 4.3930654445948966e-24, nan 
56.625, 62.125, 3.737732482535701e-24, nan 
56.875, 62.125, 5.540184767819336e-24, nan 
57.125, 62.125, 7.481834646118422e-24, nan 
57.375, 62.125, 1.2709824169020429e-23, nan 
57.625, 62.125, 1.7494545496311963e-23, nan 
57.875, 62.125, 1.3750488022010984e-23, nan 
58.125, 62.125, 1.8353590452836823e-23, nan 
58.375, 62.125, 2.262506163422651e-23, nan 
58.625, 62.125, 2.0968302773406778e-23, nan 
58.875, 62.125, 8.51826205316416e-24, nan 
59.125, 62.125, 7.60227736551244e-24, nan 
59.375, 62.125, 3.8675749985663583e-23, nan 
59.625, 62.125, 1.350938693414696e-23, nan 
59.875, 62.125, 1.5353369912431216e-23, nan 
60.125, 62.125, 1.750668380171217e-23, nan 
60.375, 62.125, 1.2037030438844554e-23, nan 
60.625, 62.125, 1.966953839693235e-23, nan 
60.875, 62.125, 2.2537337291378094e-23, nan 
61.125, 62.125, 1.0432473665708186e-23, nan 
61.375, 62.125, 1.952025420921135e-23, nan 
61.625, 62.125, 3.5738635380554225e-23, nan 
61.875, 62.125, 1.5058860465343153e-23, nan 
62.125, 62.125, 1.3509342457475772e-23, nan 
62.375, 62.125, 1.8396200387607366e-23, nan 
62.625, 62.125, 1.4907765487572845e-23, nan 
62.875, 62.125, 1.90128774956324e-23, nan 
63.125, 62.125, 2.055986133479558e-23, nan 
63.375, 62.125, 2.3286594465677612e-23, nan 
63.625, 62.125, 9.637459371982076e-24, nan 
63.875, 62.125, 9.525340849972613e-24, nan 
64.125, 62.125, 1.306643831603383e-23, nan 
64.375, 62.125, 1.3790972316771402e-23, nan 
64.625, 62.125, 1.6485263535460893e-23, nan 
64.875, 62.125, 1.849461859968983e-23, nan 
65.125, 62.125, 2.2054154335322498e-23, nan 
65.375, 62.125, 2.3757557531018047e-23, nan 
65.625, 62.125, 1.1636683473977376e-23, nan 
65.875, 62.125, 1.1783991092421523e-23, nan 
66.125, 62.125, 2.808842671170522e-23, nan 
66.375, 62.125, 1.1195369515706278e-23, nan 
66.625, 62.125, 1.2071997409329512e-23, nan 
66.875, 62.125, 1.660665570491283e-23, nan 
67.125, 62.125, 1.2606492125883937e-23, nan 
67.375, 62.125, 2.2713549351517888e-23, nan 
67.625, 62.125, 2.2021742135726162e-23, nan 
67.875, 62.125, 1.3414439367788015e-23, nan 
68.125, 62.125, 2.3073434362484222e-23, nan 
68.375, 62.125, 3.016797297271454e-23, nan 
68.625, 62.125, 2.35646193877353e-23, nan 
68.875, 62.125, 1.8646850020858517e-23, nan 
69.125, 62.125, 2.2344795650813534e-23, nan 
69.375, 62.125, 4.270921978628289e-23, nan 
69.625, 62.125, 3.6244718243802645e-23, nan 
69.875, 62.125, 3.2645052050469403e-23, nan 
70.125, 62.125, 3.3884376452708215e-23, nan 
70.375, 62.125, 4.6747648899314007e-23, nan 
70.625, 62.125, 5.013285566847381e-23, nan 
70.875, 62.125, 5.0474866076455277e-23, nan 
71.125, 62.125, 3.285331962446428e-23, nan 
71.375, 62.125, 2.8463841320931193e-23, nan 
71.625, 62.125, 2.3028816729601345e-23, nan 
71.875, 62.125, 2.028493807701341e-23, nan 
72.125, 62.125, 6.095070085512392e-23, nan 
72.375, 62.125, 7.11645892897548e-23, nan 
72.625, 62.125, 4.4972691380120005e-23, nan 
72.875, 62.125, 5.371845762262471e-23, nan 
73.125, 62.125, 5.387822976001592e-23, nan 
73.375, 62.125, 4.965527602616294e-23, nan 
73.625, 62.125, 4.989161589674578e-23, nan 
73.875, 62.125, 7.181139474616865e-23, nan 
74.125, 62.125, 7.794574582262383e-23, nan 
74.375, 62.125, 8.334229738364159e-23, nan 
74.625, 62.125, 5.360481686492925e-23, nan 
74.875, 62.125, 7.364529047829908e-23, nan 
75.125, 62.125, 4.890538445431396e-23, nan 
75.375, 62.125, 7.91004823800168e-23, nan 
75.625, 62.125, 5.747144456371107e-23, nan 
75.875, 62.125, 4.399741571358192e-23, nan 
76.125, 62.125, 4.2477555333402823e-23, nan 
76.375, 62.125, 4.262659811215255e-23, nan 
76.625, 62.125, 3.4179073336243526e-23, nan 
76.875, 62.125, 4.700796119463281e-23, nan 
77.125, 62.125, 4.374606748486246e-23, nan 
77.375, 62.125, 3.3125547025417055e-23, nan 
77.625, 62.125, 5.405316158421346e-23, nan 
77.875, 62.125, 5.860008688119053e-23, nan 
78.125, 62.125, 6.500576630164803e-23, nan 
78.375, 62.125, 5.52472063748157e-23, nan 
78.625, 62.125, 6.707299031349466e-23, nan 
78.875, 62.125, 4.5936982847264015e-23, nan 
79.125, 62.125, 3.0322306495038875e-23, nan 
79.375, 62.125, 5.35296591956528e-23, nan 
79.625, 62.125, 4.8340585323318234e-23, nan 
79.875, 62.125, 3.5348684242488837e-23, nan 
80.125, 62.125, 1.314625092428885e-22, nan 
80.375, 62.125, 1.236113456844422e-22, nan 
80.625, 62.125, 5.158116554925413e-23, nan 
80.875, 62.125, 2.0133191316553096e-22, nan 
81.125, 62.125, 1.2943332103465387e-22, nan 
81.375, 62.125, 8.220989209305351e-23, nan 
81.625, 62.125, 1.461643466029571e-22, nan 
81.875, 62.125, 1.9469009757296137e-22, nan 
82.125, 62.125, 1.2110157444828284e-22, nan 
82.375, 62.125, 9.496495952607242e-23, nan 
82.625, 62.125, 1.0178641001507004e-22, nan 
82.875, 62.125, 6.680459439014653e-23, nan 
83.125, 62.125, 5.2151476046583183e-23, nan 
83.375, 62.125, 7.153488390899168e-23, nan 
83.625, 62.125, 5.738863654377443e-23, nan 
83.875, 62.125, 7.395212450526467e-23, nan 
84.125, 62.125, 7.942348309587788e-23, nan 
84.375, 62.125, 9.544900818031e-23, nan 
84.625, 62.125, 1.3414511961898998e-22, nan 
84.875, 62.125, 1.3449986847969917e-22, nan 
85.125, 62.125, 1.6139627320792167e-22, nan 
85.375, 62.125, 7.581642421787547e-23, nan 
85.625, 62.125, 8.421290694893567e-23, nan 
85.875, 62.125, 1.2434919367965997e-22, nan 
86.125, 62.125, 1.974581545885433e-22, nan 
86.375, 62.125, 2.0460862561611285e-22, nan 
86.625, 62.125, 1.5727456791752708e-22, nan 
86.875, 62.125, 3.2762865908289524e-22, nan 
87.125, 62.125, 3.913410821962213e-22, nan 
87.375, 62.125, 6.552395232974658e-22, nan 
87.625, 62.125, 4.526093478003313e-22, nan 
87.875, 62.125, 5.27506176379384e-22, nan 
88.125, 62.125, 6.119375801673508e-22, nan 
88.375, 62.125, 5.129104250599468e-22, nan 
88.625, 62.125, 4.0336798244490903e-22, nan 
88.875, 62.125, 3.047419042179803e-22, nan 
89.125, 62.125, 3.102190452715907e-22, nan 
89.375, 62.125, 3.4100150737096766e-22, nan 
89.625, 62.125, 3.878466982291339e-22, nan 
89.875, 62.125, 2.7423204954345467e-22, nan 
90.125, 62.125, 2.27895365336612e-22, nan 
90.375, 62.125, 1.1827419579057696e-22, nan 
90.625, 62.125, 1.0573054343505107e-22, nan 
90.875, 62.125, 3.2999903968167813e-22, nan 
91.125, 62.125, 4.560556225047007e-22, nan 
91.375, 62.125, 5.726933367105368e-22, nan 
91.625, 62.125, 3.499155329721686e-22, nan 
91.875, 62.125, 2.8816329810389013e-22, nan 
92.125, 62.125, 3.834263004486337e-22, nan 
92.375, 62.125, 2.4807400674312157e-22, nan 
92.625, 62.125, 2.1083392414235961e-22, nan 
92.875, 62.125, 1.74952237778854e-22, nan 
93.125, 62.125, 2.9621434791403254e-22, nan 
93.375, 62.125, 2.6304324846338536e-22, nan 
93.625, 62.125, 3.236478356087998e-22, nan 
93.875, 62.125, 4.3113569635956405e-22, nan 
94.125, 62.125, 6.132444396606358e-22, nan 
94.375, 62.125, 6.374821039906004e-22, nan 
94.625, 62.125, 6.285308075637287e-22, nan 
94.875, 62.125, 1.4681542567720188e-21, nan 
95.125, 62.125, 1.7369231027144038e-21, nan 
95.375, 62.125, 9.51117567881847e-22, nan 
95.625, 62.125, 1.2710503665184564e-21, nan 
95.875, 62.125, 1.3440255466346441e-21, nan 
96.125, 62.125, 6.779852916123082e-22, nan 
96.375, 62.125, 5.088442068827565e-22, nan 
96.625, 62.125, 3.991072502962987e-22, nan 
96.875, 62.125, 5.04226354286992e-22, nan 
97.125, 62.125, 3.6991653092828557e-22, nan 
97.375, 62.125, 2.6145564011801725e-22, nan 
97.625, 62.125, 4.429717201975144e-22, nan 
97.875, 62.125, 7.8032897924684115e-22, nan 
98.125, 62.125, 6.580969701661111e-22, nan 
98.375, 62.125, 6.905901227748407e-22, nan 
98.625, 62.125, 6.894146428350451e-22, nan 
98.875, 62.125, 7.276589408421006e-22, nan 
99.125, 62.125, 1.5667297957583788e-21, nan 
99.375, 62.125, 3.2660980398121022e-21, nan 
99.625, 62.125, 3.1245390610313392e-21, nan 
99.875, 62.125, 2.0748319607581433e-21, nan 
100.125, 62.125, 2.7209452828506097e-21, nan 
100.375, 62.125, 3.2700801231181207e-21, nan 
100.625, 62.125, 2.045450746242201e-21, nan 
100.875, 62.125, 2.7427525167528333e-21, nan 
101.125, 62.125, 3.1660924050391997e-21, nan 
101.375, 62.125, 1.213740817209003e-21, nan 
101.625, 62.125, 1.9359674881237928e-21, nan 
101.875, 62.125, 3.203887793499754e-21, nan 
102.125, 62.125, 2.5122554228183923e-21, nan 
102.375, 62.125, 1.947553721833387e-21, nan 
102.625, 62.125, 3.59862601435136e-21, nan 
102.875, 62.125, 3.545599453401713e-21, nan 
103.125, 62.125, 2.6806715904940437e-21, nan 
103.375, 62.125, 7.244003966664106e-21, nan 
103.625, 62.125, 2.7821698765782684e-21, nan 
103.875, 62.125, 2.9742250589524982e-21, nan 
104.125, 62.125, 2.5927329571980183e-21, nan 
104.375, 62.125, 2.3307139031528934e-21, nan 
104.625, 62.125, 1.3184270077125544e-21, nan 
104.875, 62.125, 1.1756511254878004e-21, nan 
105.125, 62.125, 9.03153321544977e-22, nan 
105.375, 62.125, 8.866394206496002e-22, nan 
105.625, 62.125, 5.531396915777708e-22, nan 
105.875, 62.125, 9.555344435805303e-22, nan 
106.125, 62.125, 1.4208610302839097e-21, nan 
106.375, 62.125, 8.733522191403868e-22, nan 
106.625, 62.125, 8.785172903864595e-22, nan 
106.875, 62.125, 8.622081464272505e-22, nan 
107.125, 62.125, 1.123154750827673e-21, nan 
107.375, 62.125, 1.1849868435821828e-21, nan 
107.625, 62.125, 1.0742833127986363e-21, nan 
107.875, 62.125, 1.4164954257828996e-21, nan 
108.125, 62.125, 1.879151915518608e-21, nan 
108.375, 62.125, 1.3346504080488906e-21, nan 
108.625, 62.125, 1.2928962693655169e-21, nan 
108.875, 62.125, 1.8384822840811723e-21, nan 
109.125, 62.125, 2.1513206768372492e-21, nan 
109.375, 62.125, 1.6663546321444299e-21, nan 
109.625, 62.125, 2.3369640924816595e-21, nan 
109.875, 62.125, 1.7043779396789865e-21, nan 
110.125, 62.125, 9.038035097554073e-22, nan 
110.375, 62.125, 1.0112989042941205e-21, nan 
110.625, 62.125, 1.301735328102296e-21, nan 
110.875, 62.125, 8.166313717651001e-22, nan 
111.125, 62.125, 1.1138947023931843e-21, nan 
111.375, 62.125, 7.748878372019504e-22, nan 
111.625, 62.125, 6.18808366561618e-22, nan 
111.875, 62.125, 7.015697553861859e-22, nan 
112.125, 62.125, 2.8191978651861555e-22, nan 
112.375, 62.125, 6.3700206935323365e-22, nan 
112.625, 62.125, 6.1391241148508925e-22, nan 
112.875, 62.125, 2.7151925683002686e-22, nan 
113.125, 62.125, 3.496922763370882e-22, nan 
113.375, 62.125, 4.803550419652323e-22, nan 
113.625, 62.125, 6.354546312668564e-22, nan 
113.875, 62.125, 3.4101997504798594e-22, nan 
114.125, 62.125, 6.809405027777269e-22, nan 
114.375, 62.125, 5.735265924707197e-22, nan 
114.625, 62.125, 6.735464440246687e-22, nan 
114.875, 62.125, 5.110803181752225e-22, nan 
115.125, 62.125, 5.69033409047616e-22, nan 
115.375, 62.125, 1.2378074362811822e-21, nan 
115.625, 62.125, 8.441039190832796e-22, nan 
115.875, 62.125, 6.779311906583934e-22, nan 
116.125, 62.125, 3.193316679369805e-22, nan 
116.375, 62.125, 3.4918648507232725e-22, nan 
116.625, 62.125, 2.691732262525492e-22, nan 
116.875, 62.125, 4.854868242038132e-22, nan 
117.125, 62.125, 3.9810393092149625e-22, nan 
117.375, 62.125, 2.7192779801646293e-22, nan 
117.625, 62.125, 4.123970593134565e-22, nan 
117.875, 62.125, 4.1938871675004004e-22, nan 
118.125, 62.125, 2.5657806995728937e-22, nan 
118.375, 62.125, 5.195708245500735e-22, nan 
118.625, 62.125, 4.451187231721409e-22, nan 
118.875, 62.125, 3.6477910323993164e-22, nan 
119.125, 62.125, 3.8843284421712443e-22, nan 
119.375, 62.125, 3.605922415639448e-22, nan 
119.625, 62.125, 2.1936714977657134e-22, nan 
119.875, 62.125, 3.947085581480096e-22, nan 
120.125, 62.125, 2.9932427417089816e-22, nan 
120.375, 62.125, 1.8714414138514853e-22, nan 
120.625, 62.125, 2.264081176826078e-22, nan 
120.875, 62.125, 4.0886282077621583e-22, nan 
121.125, 62.125, 3.5397047542432978e-22, nan 
121.375, 62.125, 5.598865739990063e-22, nan 
121.625, 62.125, 3.6765115145746396e-22, nan 
121.875, 62.125, 2.8571628547184103e-22, nan 
122.125, 62.125, 4.493168811690629e-22, nan 
122.375, 62.125, 4.818501755557779e-22, nan 
122.625, 62.125, 3.3750905822969522e-22, nan 
122.875, 62.125, 2.2019571686432094e-22, nan 
123.125, 62.125, 4.52136939944758e-22, nan 
123.375, 62.125, 5.122946580315747e-22, nan 
123.625, 62.125, 3.1765008267609945e-22, nan 
123.875, 62.125, 3.831597230523748e-22, nan 
124.125, 62.125, 4.237786276410271e-22, nan 
124.375, 62.125, 2.8914378178483027e-22, nan 
124.625, 62.125, 3.2629355818901798e-22, nan 
124.875, 62.125, 2.5545927314963687e-22, nan 
125.125, 62.125, 2.994567790634488e-22, nan 
125.375, 62.125, 2.3762727722174767e-22, nan 
125.625, 62.125, 2.545825539272869e-22, nan 
125.875, 62.125, 3.7095757571392334e-22, nan 
126.125, 62.125, 4.584147570145717e-22, nan 
126.375, 62.125, 3.549713807561788e-22, nan 
126.625, 62.125, 5.663490772799287e-22, nan 
126.875, 62.125, 3.2223841235318354e-22, nan 
127.125, 62.125, 6.937320153129622e-23, nan 
127.375, 62.125, 1.7888782552364706e-22, nan 
127.625, 62.125, 2.1848106703021355e-22, nan 
127.875, 62.125, 7.112661832151932e-23, nan 
128.125, 62.125, 4.8564473314805565e-23, nan 
128.375, 62.125, 4.264407122780825e-23, nan 
128.625, 62.125, 1.0239479931873824e-22, nan 
128.875, 62.125, 1.1512409344420555e-22, nan 
129.125, 62.125, 1.024592750270377e-22, nan 
129.375, 62.125, 9.363587531395381e-23, nan 
129.625, 62.125, 2.0505096904391933e-22, nan 
129.875, 62.125, 1.869790471684565e-22, nan 
130.125, 62.125, 2.509491568777978e-22, nan 
130.375, 62.125, 2.942621669566592e-22, nan 
130.625, 62.125, 1.8975073420215272e-22, nan 
130.875, 62.125, 1.76809651591401e-22, nan 
131.125, 62.125, 1.0262870337734077e-22, nan 
131.375, 62.125, 8.091586569545123e-23, nan 
131.625, 62.125, 1.197991409671178e-22, nan 
131.875, 62.125, 4.522402280266289e-23, nan 
132.125, 62.125, 8.821495047481286e-23, nan 
132.375, 62.125, 1.1926326992719721e-22, nan 
132.625, 62.125, 1.5761768117585535e-22, nan 
132.875, 62.125, 1.4129537456793978e-22, nan 
133.125, 62.125, 1.8703343613651762e-22, nan 
133.375, 62.125, 1.2800176824732568e-22, nan 
133.625, 62.125, 1.098701270149447e-22, nan 
133.875, 62.125, 1.3695654151592264e-22, nan 
134.125, 62.125, 9.816105433806067e-23, nan 
134.375, 62.125, 6.063400185248398e-23, nan 
134.625, 62.125, 3.037304366199331e-23, nan 
134.875, 62.125, 1.964725637875327e-23, nan 
135.125, 62.125, 8.43478334598904e-23, nan 
135.375, 62.125, 5.11203996631858e-23, nan 
135.625, 62.125, 4.0107697597830663e-23, nan 
135.875, 62.125, 3.407314875357094e-23, nan 
136.125, 62.125, 2.337378071849831e-23, nan 
136.375, 62.125, 3.131113961833682e-23, nan 
136.625, 62.125, 3.115824067880969e-23, nan 
136.875, 62.125, 2.854479046915962e-23, nan 
137.125, 62.125, 1.2615189403677e-23, nan 
137.375, 62.125, 3.3255263397445405e-23, nan 
137.625, 62.125, 7.06834711354792e-23, nan 
137.875, 62.125, 5.397832633195489e-23, nan 
138.125, 62.125, 2.3216638938599202e-23, nan 
138.375, 62.125, 8.37736315231258e-23, nan 
138.625, 62.125, 6.457393955156842e-23, nan 
138.875, 62.125, 3.495209747114922e-23, nan 
139.125, 62.125, 4.1606221602190677e-23, nan 
139.375, 62.125, 3.8469416952040354e-23, nan 
139.625, 62.125, 1.7074945183807986e-23, nan 
139.875, 62.125, 1.2254523706003918e-23, nan 
140.125, 62.125, 1.6758378537495924e-23, nan 
140.375, 62.125, 3.0089050809149663e-23, nan 
140.625, 62.125, 6.518274315227847e-23, nan 
140.875, 62.125, 7.792390510761868e-23, nan 
141.125, 62.125, 9.205788065361193e-23, nan 
141.375, 62.125, 9.182975567405399e-23, nan 
141.625, 62.125, 7.194978902985562e-23, nan 
141.875, 62.125, 8.120653553213858e-23, nan 
142.125, 62.125, 6.639430326977399e-23, nan 
142.375, 62.125, 9.47357779233771e-23, nan 
142.625, 62.125, 1.0013422771862269e-22, nan 
142.875, 62.125, 6.964714526885903e-23, nan 
143.125, 62.125, 8.226306363422776e-23, nan 
143.375, 62.125, 8.448767143805673e-23, nan 
143.625, 62.125, 4.646618902504458e-23, nan 
143.875, 62.125, 3.459364571364143e-23, nan 
144.125, 62.125, 1.727963471675982e-23, nan 
144.375, 62.125, 3.4373009227446096e-23, nan 
144.625, 62.125, 3.006745017592102e-23, nan 
144.875, 62.125, 7.481632579882318e-24, nan 
145.125, 62.125, 7.064732978749999e-23, nan 
145.375, 62.125, 5.349358403722585e-23, nan 
145.625, 62.125, 1.2259121533052723e-23, nan 
145.875, 62.125, 1.9615037482902698e-23, nan 
146.125, 62.125, 1.2970512878027734e-23, nan 
146.375, 62.125, 1.852520016293912e-23, nan 
146.625, 62.125, 3.2629427825551133e-23, nan 
146.875, 62.125, 2.998710832672227e-23, nan 
147.125, 62.125, 2.0923619233405575e-23, nan 
147.375, 62.125, 4.625708913525841e-23, nan 
147.625, 62.125, 4.714316205581499e-23, nan 
147.875, 62.125, 3.527705475176375e-23, nan 
148.125, 62.125, 3.093971996527252e-23, nan 
148.375, 62.125, 4.156107910480852e-23, nan 
148.625, 62.125, 4.68024858687898e-23, nan 
148.875, 62.125, 4.398062073335717e-23, nan 
149.125, 62.125, 6.935636514738249e-23, nan 
149.375, 62.125, 1.0731955418608227e-22, nan 
149.625, 62.125, 8.505784641580742e-23, nan 
149.875, 62.125, 7.782308861653245e-23, nan 
150.125, 62.125, 1.0773089717453567e-22, nan 
150.375, 62.125, 7.283626908337551e-23, nan 
150.625, 62.125, 4.1309729712785214e-23, nan 
150.875, 62.125, 2.931094915702793e-23, nan 
151.125, 62.125, 2.296171346274097e-23, nan 
151.375, 62.125, 1.5006352140045982e-23, nan 
151.625, 62.125, 1.602102486653125e-23, nan 
151.875, 62.125, 8.306808965494808e-24, nan 
152.125, 62.125, 1.0453102249885852e-23, nan 
152.375, 62.125, 8.580824491087589e-24, nan 
152.625, 62.125, 5.379786197185291e-24, nan 
152.875, 62.125, 1.3615528529484922e-23, nan 
153.125, 62.125, 9.269970470965466e-24, nan 
153.375, 62.125, 8.253572670502403e-24, nan 
153.625, 62.125, 8.077473744142606e-24, nan 
153.875, 62.125, 4.607347271971486e-24, nan 
154.125, 62.125, 1.3712405222801277e-23, nan 
154.375, 62.125, 1.1097581966258398e-23, nan 
154.625, 62.125, 1.0280226750209522e-23, nan 
154.875, 62.125, 1.4094081120478963e-23, nan 
155.125, 62.125, 1.6858767157929397e-23, nan 
155.375, 62.125, 2.0525175807391077e-23, nan 
155.625, 62.125, 7.287473487459146e-24, nan 
155.875, 62.125, 1.3197562416288842e-23, nan 
156.125, 62.125, 1.57915389277438e-23, nan 
156.375, 62.125, 9.65537545758703e-24, nan 
156.625, 62.125, 6.028951161788419e-24, nan 
156.875, 62.125, 3.894115136900066e-24, nan 
157.125, 62.125, 9.75242285090493e-24, nan 
157.375, 62.125, 8.741540037179176e-24, nan 
157.625, 62.125, 1.0860788378150654e-23, nan 
157.875, 62.125, 1.062996751064555e-23, nan 
158.125, 62.125, 1.6958114417704373e-23, nan 
158.375, 62.125, 2.0122468832454226e-23, nan 
158.625, 62.125, 1.7766345425040007e-23, nan 
158.875, 62.125, 1.522375071261184e-23, nan 
159.125, 62.125, 1.7406922764434168e-23, nan 
159.375, 62.125, 1.5680854187827033e-23, nan 
159.625, 62.125, 5.945845655994065e-24, nan 
159.875, 62.125, 7.711421678705934e-24, nan 
160.125, 62.125, 8.107036199120039e-24, nan 
160.375, 62.125, 6.977771272042538e-24, nan 
160.625, 62.125, 1.0211669512176964e-23, nan 
160.875, 62.125, 1.288106305005646e-23, nan 
161.125, 62.125, 6.688160146400052e-24, nan 
161.375, 62.125, 1.1754332651100514e-23, nan 
161.625, 62.125, 1.0353802353769339e-23, nan 
161.875, 62.125, 4.917287761398253e-24, nan 
162.125, 62.125, 5.8841434525608064e-24, nan 
162.375, 62.125, 3.670210898949329e-24, nan 
162.625, 62.125, 3.335500701571267e-24, nan 
162.875, 62.125, 6.941805496911769e-24, nan 
163.125, 62.125, 1.1393113022303267e-23, nan 
163.375, 62.125, 4.40468469535382e-24, nan 
163.625, 62.125, 5.8060448416288746e-24, nan 
163.875, 62.125, 1.1227548987099034e-23, nan 
164.125, 62.125, 8.910051816150895e-24, nan 
164.375, 62.125, 7.28189525973726e-24, nan 
164.625, 62.125, 4.2619022902797584e-24, nan 
164.875, 62.125, 1.3447720559988142e-23, nan 
165.125, 62.125, 1.793016267803576e-23, nan 
165.375, 62.125, 1.554560449726874e-23, nan 
165.625, 62.125, 1.7857987256286712e-23, nan 
165.875, 62.125, 1.6133886615790106e-23, nan 
166.125, 62.125, 1.352199913675113e-23, nan 
166.375, 62.125, 3.2343362840121616e-24, nan 
166.625, 62.125, 1.2608719821906753e-23, nan 
166.875, 62.125, 1.5156973763740352e-23, nan 
167.125, 62.125, 1.9301807361231038e-23, nan 
167.375, 62.125, 1.2440384201419596e-23, nan 
167.625, 62.125, 1.3755744346749784e-23, nan 
167.875, 62.125, 8.418512861881836e-24, nan 
168.125, 62.125, 3.8551139244525635e-24, nan 
168.375, 62.125, 5.462491267414231e-24, nan 
168.625, 62.125, 4.5755163882908826e-24, nan 
168.875, 62.125, 4.7187536582664035e-24, nan 
169.125, 62.125, 8.604172728286897e-24, nan 
169.375, 62.125, 5.374706800435649e-24, nan 
169.625, 62.125, 6.284983748798065e-24, nan 
169.875, 62.125, 8.131727186413328e-24, nan 
170.125, 62.125, 1.0279065538515293e-23, nan 
170.375, 62.125, 1.997701364908718e-23, nan 
170.625, 62.125, 1.462539757428521e-23, nan 
170.875, 62.125, 5.497670888723446e-24, nan 
171.125, 62.125, 1.0192634464218379e-23, nan 
171.375, 62.125, 6.065719750739477e-24, nan 
171.625, 62.125, 1.4599449767956478e-23, nan 
171.875, 62.125, 9.101914731936999e-24, nan 
172.125, 62.125, 1.0108661080438295e-23, nan 
172.375, 62.125, 3.53212494253975e-24, nan 
172.625, 62.125, 4.852489273664846e-24, nan 
172.875, 62.125, 3.382086013703999e-24, nan 
173.125, 62.125, 2.0710358745048775e-24, nan 
173.375, 62.125, 4.339728404883448e-24, nan 
173.625, 62.125, 5.756242501323647e-24, nan 
45.125, 62.375, 3.394938354787919e-24, nan 
45.375, 62.375, 3.2253473436411794e-24, nan 
45.625, 62.375, 3.90423551557058e-24, nan 
45.875, 62.375, 3.324995875837945e-24, nan 
46.125, 62.375, 3.066360472409333e-24, nan 
46.375, 62.375, 2.2191821025375914e-24, nan 
46.625, 62.375, 3.470702101586953e-24, nan 
46.875, 62.375, 2.3749046604137865e-24, nan 
47.125, 62.375, 3.055630774296677e-24, nan 
47.375, 62.375, 2.0559315839619424e-24, nan 
47.625, 62.375, 1.9536257372936206e-24, nan 
47.875, 62.375, 2.6052718441685987e-24, nan 
48.125, 62.375, 1.1734170452774742e-24, nan 
48.375, 62.375, 1.9568264740589944e-24, nan 
48.625, 62.375, 4.103806053934963e-24, nan 
48.875, 62.375, 4.9485170070854505e-24, nan 
49.125, 62.375, 1.2816607155295802e-23, nan 
49.375, 62.375, 1.2938937695433829e-23, nan 
49.625, 62.375, 1.6378451734539226e-23, nan 
49.875, 62.375, 1.3930050171941998e-23, nan 
50.125, 62.375, 1.1238757559717675e-23, nan 
50.375, 62.375, 2.8550946062008748e-24, nan 
50.625, 62.375, 2.821387023340544e-24, nan 
50.875, 62.375, 1.5472422356274118e-24, nan 
51.125, 62.375, 2.5838899875327986e-24, nan 
51.375, 62.375, 2.7369095785123235e-24, nan 
51.625, 62.375, 4.85933295324408e-24, nan 
51.875, 62.375, 2.1238609581067885e-24, nan 
52.125, 62.375, 4.274151136633515e-24, nan 
52.375, 62.375, 6.037410392519901e-24, nan 
52.625, 62.375, 3.298137246878932e-24, nan 
52.875, 62.375, 4.97810694692346e-24, nan 
53.125, 62.375, 6.715620245486205e-24, nan 
53.375, 62.375, 8.186450763982805e-24, nan 
53.625, 62.375, 5.3109461202183885e-24, nan 
53.875, 62.375, 6.267077080655073e-24, nan 
54.125, 62.375, 7.327350175222515e-24, nan 
54.375, 62.375, 5.766932549399609e-24, nan 
54.625, 62.375, 2.1522479844128697e-24, nan 
54.875, 62.375, 7.497317522605935e-24, nan 
55.125, 62.375, 1.0865125432120666e-23, nan 
55.375, 62.375, 6.692893862209869e-24, nan 
55.625, 62.375, 5.4268649005404695e-24, nan 
55.875, 62.375, 7.226145100682875e-24, nan 
56.125, 62.375, 6.253095160449832e-24, nan 
56.375, 62.375, 5.5798538929605676e-24, nan 
56.625, 62.375, 5.732742407870254e-24, nan 
56.875, 62.375, 5.932758928780137e-24, nan 
57.125, 62.375, 5.7476392119635064e-24, nan 
57.375, 62.375, 6.751988567646207e-24, nan 
57.625, 62.375, 1.116150589562163e-23, nan 
57.875, 62.375, 9.212056866095274e-24, nan 
58.125, 62.375, 1.3592913300753837e-23, nan 
58.375, 62.375, 1.9612883740122875e-23, nan 
58.625, 62.375, 1.4554708438500114e-23, nan 
58.875, 62.375, 7.227006864621897e-24, nan 
59.125, 62.375, 8.937607582190637e-24, nan 
59.375, 62.375, 3.048001537061281e-23, nan 
59.625, 62.375, 1.075657799070842e-23, nan 
59.875, 62.375, 9.394891170740535e-24, nan 
60.125, 62.375, 1.7915849558965033e-23, nan 
60.375, 62.375, 8.301470342802636e-24, nan 
60.625, 62.375, 1.3208398145084136e-23, nan 
60.875, 62.375, 1.404363587170851e-23, nan 
61.125, 62.375, 1.7550462430740152e-23, nan 
61.375, 62.375, 1.63126523145465e-23, nan 
61.625, 62.375, 2.407890659468367e-23, nan 
61.875, 62.375, 6.107453166237173e-23, nan 
62.125, 62.375, 1.550288312901609e-23, nan 
62.375, 62.375, 5.843840342815459e-24, nan 
62.625, 62.375, 7.556164973017585e-24, nan 
62.875, 62.375, 1.1456222736827147e-23, nan 
63.125, 62.375, 1.1131528683495293e-23, nan 
63.375, 62.375, 1.9520865453927883e-23, nan 
63.625, 62.375, 1.448127709591163e-23, nan 
63.875, 62.375, 1.0752587413143811e-23, nan 
64.125, 62.375, 1.178542763493239e-23, nan 
64.375, 62.375, 1.4570973754074038e-23, nan 
64.625, 62.375, 1.3102858232118255e-23, nan 
64.875, 62.375, 1.398762798283069e-23, nan 
65.125, 62.375, 1.874810055932668e-23, nan 
65.375, 62.375, 2.5830111358536322e-23, nan 
65.625, 62.375, 1.5904280070961705e-23, nan 
65.875, 62.375, 1.9065488135731658e-23, nan 
66.125, 62.375, 3.708601152519219e-23, nan 
66.375, 62.375, 1.943584715579666e-23, nan 
66.625, 62.375, 1.5335442742848729e-23, nan 
66.875, 62.375, 2.5384819363474258e-23, nan 
67.125, 62.375, 2.5088453894169185e-23, nan 
67.375, 62.375, 2.4716490398427573e-23, nan 
67.625, 62.375, 2.5716093300067834e-23, nan 
67.875, 62.375, 8.687572473649735e-24, nan 
68.125, 62.375, 2.396540069571419e-23, nan 
68.375, 62.375, 3.9515179796991805e-23, nan 
68.625, 62.375, 2.0661679980137828e-23, nan 
68.875, 62.375, 2.4543067856754622e-23, nan 
69.125, 62.375, 2.071036765769587e-23, nan 
69.375, 62.375, 2.509717271069829e-23, nan 
69.625, 62.375, 2.456797332200756e-23, nan 
69.875, 62.375, 2.1463956668457915e-23, nan 
70.125, 62.375, 3.8543399453773467e-23, nan 
70.375, 62.375, 3.6214442528264127e-23, nan 
70.625, 62.375, 3.0270973501975245e-23, nan 
70.875, 62.375, 2.2414372665108086e-23, nan 
71.125, 62.375, 1.7305939146554823e-23, nan 
71.375, 62.375, 1.8877761793038106e-23, nan 
71.625, 62.375, 1.1067910481536948e-23, nan 
71.875, 62.375, 1.604814880644564e-23, nan 
72.125, 62.375, 3.8340265214656804e-23, nan 
72.375, 62.375, 3.7238868792138754e-23, nan 
72.625, 62.375, 2.226586404501678e-23, nan 
72.875, 62.375, 8.068849560241423e-23, nan 
73.125, 62.375, 6.671172881473315e-23, nan 
73.375, 62.375, 3.569896209703166e-23, nan 
73.625, 62.375, 3.2785172258076423e-23, nan 
73.875, 62.375, 3.9096921663127895e-23, nan 
74.125, 62.375, 4.873374323030526e-23, nan 
74.375, 62.375, 7.498243434426584e-23, nan 
74.625, 62.375, 3.8981900524962967e-23, nan 
74.875, 62.375, 3.706001319173684e-23, nan 
75.125, 62.375, 6.98856024696159e-23, nan 
75.375, 62.375, 5.107273274517592e-23, nan 
75.625, 62.375, 3.9357681149637815e-23, nan 
75.875, 62.375, 4.7477301118405646e-23, nan 
76.125, 62.375, 1.8040454600848674e-23, nan 
76.375, 62.375, 2.3946205832525947e-23, nan 
76.625, 62.375, 3.4509022207566213e-23, nan 
76.875, 62.375, 3.591906669119683e-23, nan 
77.125, 62.375, 3.461969217958119e-23, nan 
77.375, 62.375, 2.778247593697274e-23, nan 
77.625, 62.375, 7.147324167008641e-23, nan 
77.875, 62.375, 4.131344107296525e-23, nan 
78.125, 62.375, 5.548136380009712e-23, nan 
78.375, 62.375, 6.333442366229912e-23, nan 
78.625, 62.375, 5.91680766288639e-23, nan 
78.875, 62.375, 5.91123173521589e-23, nan 
79.125, 62.375, 3.9780232351854066e-23, nan 
79.375, 62.375, 5.432403030603561e-23, nan 
79.625, 62.375, 5.739094891440296e-23, nan 
79.875, 62.375, 4.40019782143608e-23, nan 
80.125, 62.375, 7.0711732524908e-23, nan 
80.375, 62.375, 6.01941354899792e-23, nan 
80.625, 62.375, 8.681206686195096e-23, nan 
80.875, 62.375, 2.1502158094750514e-22, nan 
81.125, 62.375, 1.549868715098417e-22, nan 
81.375, 62.375, 1.2486559456859556e-22, nan 
81.625, 62.375, 2.6820658316816834e-22, nan 
81.875, 62.375, 3.6635872261393993e-22, nan 
82.125, 62.375, 1.677885142732378e-22, nan 
82.375, 62.375, 1.9433238593921705e-22, nan 
82.625, 62.375, 2.0083033187565402e-22, nan 
82.875, 62.375, 1.391650792683866e-22, nan 
83.125, 62.375, 9.692848485429123e-23, nan 
83.375, 62.375, 8.497873395928433e-23, nan 
83.625, 62.375, 1.1716131373627414e-22, nan 
83.875, 62.375, 6.019986749982144e-23, nan 
84.125, 62.375, 8.701185022692688e-23, nan 
84.375, 62.375, 1.0679334498627288e-22, nan 
84.625, 62.375, 1.1935179265777462e-22, nan 
84.875, 62.375, 1.3047816772389776e-22, nan 
85.125, 62.375, 9.733997310757465e-23, nan 
85.375, 62.375, 1.568579258209909e-22, nan 
85.625, 62.375, 1.636071297610124e-22, nan 
85.875, 62.375, 1.5560875794436694e-22, nan 
86.125, 62.375, 9.879304676979532e-23, nan 
86.375, 62.375, 2.5048790885749373e-22, nan 
86.625, 62.375, 2.776718688023327e-22, nan 
86.875, 62.375, 2.7676397812128108e-22, nan 
87.125, 62.375, 3.5536236925246814e-22, nan 
87.375, 62.375, 4.23721664977947e-22, nan 
87.625, 62.375, 2.481735582520985e-22, nan 
87.875, 62.375, 5.633194308229115e-22, nan 
88.125, 62.375, 6.086676609292968e-22, nan 
88.375, 62.375, 5.99356565861063e-22, nan 
88.625, 62.375, 4.872697834443498e-22, nan 
88.875, 62.375, 3.8282246560344126e-22, nan 
89.125, 62.375, 5.195216406528292e-22, nan 
89.375, 62.375, 3.913298797367068e-22, nan 
89.625, 62.375, 4.450616402579032e-22, nan 
89.875, 62.375, 3.7047433010599844e-22, nan 
90.125, 62.375, 3.7471796447221065e-22, nan 
90.375, 62.375, 4.83615387353895e-22, nan 
90.625, 62.375, 2.959732945431504e-22, nan 
90.875, 62.375, 3.777842477444825e-22, nan 
91.125, 62.375, 2.72710984939771e-22, nan 
91.375, 62.375, 2.0906138711040139e-22, nan 
91.625, 62.375, 2.2805934877796546e-22, nan 
91.875, 62.375, 3.273065908879483e-22, nan 
92.125, 62.375, 5.695714268570712e-22, nan 
92.375, 62.375, 2.8627948930891414e-22, nan 
92.625, 62.375, 2.4856186627647495e-22, nan 
92.875, 62.375, 4.695047207666167e-22, nan 
93.125, 62.375, 2.3875799781267344e-22, nan 
93.375, 62.375, 1.422941923686392e-22, nan 
93.625, 62.375, 3.4215031127025784e-22, nan 
93.875, 62.375, 5.230754995841447e-22, nan 
94.125, 62.375, 9.661922159916079e-22, nan 
94.375, 62.375, 6.297151790104036e-22, nan 
94.625, 62.375, 4.923007403845354e-22, nan 
94.875, 62.375, 1.864888262155481e-21, nan 
95.125, 62.375, 1.6517235340187612e-21, nan 
95.375, 62.375, 1.5832046869338659e-21, nan 
95.625, 62.375, 1.5998736650453585e-21, nan 
95.875, 62.375, 1.505384438842979e-21, nan 
96.125, 62.375, 1.4312664490071468e-21, nan 
96.375, 62.375, 9.966874691386536e-22, nan 
96.625, 62.375, 5.053789125617277e-22, nan 
96.875, 62.375, 7.722451153378619e-22, nan 
97.125, 62.375, 1.2829344659515476e-21, nan 
97.375, 62.375, 4.809783020127073e-22, nan 
97.625, 62.375, 5.449463573564203e-22, nan 
97.875, 62.375, 1.1365101477065755e-21, nan 
98.125, 62.375, 8.56839670526469e-22, nan 
98.375, 62.375, 9.982722938068098e-22, nan 
98.625, 62.375, 2.6382162451489292e-21, nan 
98.875, 62.375, 2.5554240846078664e-21, nan 
99.125, 62.375, 2.0845615153008906e-21, nan 
99.375, 62.375, 5.20392183164327e-21, nan 
99.625, 62.375, 5.097801220328347e-21, nan 
99.875, 62.375, 3.07329191199473e-21, nan 
100.125, 62.375, 3.615114283487135e-21, nan 
100.375, 62.375, 4.3642230021444065e-21, nan 
100.625, 62.375, 3.1013236512655858e-21, nan 
100.875, 62.375, 3.413944973014295e-21, nan 
101.125, 62.375, 2.8192125313366266e-21, nan 
101.375, 62.375, 7.54962203006136e-22, nan 
101.625, 62.375, 1.386380337374113e-21, nan 
101.875, 62.375, 4.010937584489463e-21, nan 
102.125, 62.375, 4.674037620929318e-21, nan 
102.375, 62.375, 2.9304970954631446e-21, nan 
102.625, 62.375, 8.613718241888796e-21, nan 
102.875, 62.375, 6.528857938121453e-21, nan 
103.125, 62.375, 4.094424964006709e-21, nan 
103.375, 62.375, 1.595859841068495e-20, nan 
103.625, 62.375, 3.968533744405082e-21, nan 
103.875, 62.375, 4.271068025164626e-21, nan 
104.125, 62.375, 5.1016065005084896e-21, nan 
104.375, 62.375, 3.292057994488384e-21, nan 
104.625, 62.375, 2.8142705831912654e-21, nan 
104.875, 62.375, 2.0041618687942293e-21, nan 
105.125, 62.375, 1.950217526932708e-21, nan 
105.375, 62.375, 1.0755216488946495e-21, nan 
105.625, 62.375, 1.090661700206204e-21, nan 
105.875, 62.375, 1.0722016672352559e-21, nan 
106.125, 62.375, 1.5158704883795208e-21, nan 
106.375, 62.375, 8.472514535766256e-22, nan 
106.625, 62.375, 1.007983004738722e-21, nan 
106.875, 62.375, 9.864828185458994e-22, nan 
107.125, 62.375, 1.031175207460813e-21, nan 
107.375, 62.375, 1.3732078665103482e-21, nan 
107.625, 62.375, 1.793439394859589e-21, nan 
107.875, 62.375, 8.80771742693431e-22, nan 
108.125, 62.375, 5.836181247772441e-22, nan 
108.375, 62.375, 1.7311548664094752e-21, nan 
108.625, 62.375, 1.637339026065615e-21, nan 
108.875, 62.375, 2.356520037152167e-21, nan 
109.125, 62.375, 2.687039356294285e-21, nan 
109.375, 62.375, 2.0293448113708003e-21, nan 
109.625, 62.375, 1.7076704512827793e-21, nan 
109.875, 62.375, 1.0730078717598538e-21, nan 
110.125, 62.375, 1.5742635768196436e-21, nan 
110.375, 62.375, 1.369736873074809e-21, nan 
110.625, 62.375, 1.8780175180830304e-21, nan 
110.875, 62.375, 1.471422496490151e-21, nan 
111.125, 62.375, 1.2555863285923128e-21, nan 
111.375, 62.375, 1.8437478029058413e-21, nan 
111.625, 62.375, 1.2202500545445429e-21, nan 
111.875, 62.375, 7.592734110322785e-22, nan 
112.125, 62.375, 2.130739181425633e-22, nan 
112.375, 62.375, 5.007031433904987e-22, nan 
112.625, 62.375, 9.243723298328512e-22, nan 
112.875, 62.375, 5.244018613073885e-22, nan 
113.125, 62.375, 1.1523053796006295e-21, nan 
113.375, 62.375, 1.0771872160663013e-21, nan 
113.625, 62.375, 2.8098105862345012e-22, nan 
113.875, 62.375, 4.302301147514538e-22, nan 
114.125, 62.375, 6.196033234128173e-22, nan 
114.375, 62.375, 2.6771618850483533e-22, nan 
114.625, 62.375, 2.8613125475415297e-22, nan 
114.875, 62.375, 4.038148318209185e-22, nan 
115.125, 62.375, 3.779345382930856e-22, nan 
115.375, 62.375, 1.1744553554118928e-21, nan 
115.625, 62.375, 9.54691744063888e-22, nan 
115.875, 62.375, 2.9693181190480095e-22, nan 
116.125, 62.375, 4.5387958173748625e-22, nan 
116.375, 62.375, 4.010435593784947e-22, nan 
116.625, 62.375, 4.315713761352804e-22, nan 
116.875, 62.375, 8.071101895831787e-22, nan 
117.125, 62.375, 5.844821230986804e-22, nan 
117.375, 62.375, 3.721717228979672e-22, nan 
117.625, 62.375, 4.233955593020134e-22, nan 
117.875, 62.375, 5.912682861409539e-22, nan 
118.125, 62.375, 4.619272007923936e-22, nan 
118.375, 62.375, 8.43516648309841e-22, nan 
118.625, 62.375, 7.088277301905974e-22, nan 
118.875, 62.375, 2.7183921094314535e-22, nan 
119.125, 62.375, 6.572500438825902e-22, nan 
119.375, 62.375, 6.487684564035411e-22, nan 
119.625, 62.375, 2.1552757671430587e-22, nan 
119.875, 62.375, 4.703123175108355e-22, nan 
120.125, 62.375, 4.522223036323927e-22, nan 
120.375, 62.375, 2.9235361717337143e-22, nan 
120.625, 62.375, 3.6238603293185865e-22, nan 
120.875, 62.375, 4.497802937655306e-22, nan 
121.125, 62.375, 3.359548270669172e-22, nan 
121.375, 62.375, 4.30479655657443e-22, nan 
121.625, 62.375, 4.121965894193857e-22, nan 
121.875, 62.375, 2.756097356231338e-22, nan 
122.125, 62.375, 2.0816483639310726e-22, nan 
122.375, 62.375, 4.274385182747234e-22, nan 
122.625, 62.375, 4.347702775532621e-22, nan 
122.875, 62.375, 2.4845923050619866e-22, nan 
123.125, 62.375, 7.000202634645867e-22, nan 
123.375, 62.375, 3.6877468301153353e-22, nan 
123.625, 62.375, 3.4287033265771823e-22, nan 
123.875, 62.375, 5.082234635631034e-22, nan 
124.125, 62.375, 3.128334739480773e-22, nan 
124.375, 62.375, 4.860991240389864e-22, nan 
124.625, 62.375, 3.3734892052024367e-22, nan 
124.875, 62.375, 2.597748456290704e-22, nan 
125.125, 62.375, 2.65587512388743e-22, nan 
125.375, 62.375, 2.7988161901027406e-22, nan 
125.625, 62.375, 4.711283322426476e-22, nan 
125.875, 62.375, 5.115360799797327e-22, nan 
126.125, 62.375, 3.476494912992063e-22, nan 
126.375, 62.375, 3.0468471223866443e-22, nan 
126.625, 62.375, 3.167156097367467e-22, nan 
126.875, 62.375, 1.236204878231521e-22, nan 
127.125, 62.375, 7.010859513575488e-23, nan 
127.375, 62.375, 5.1522660931419954e-23, nan 
127.625, 62.375, 8.703277376838396e-23, nan 
127.875, 62.375, 6.643838264935699e-23, nan 
128.125, 62.375, 7.686643535702873e-23, nan 
128.375, 62.375, 1.1583898280620708e-22, nan 
128.625, 62.375, 1.3111601602429432e-22, nan 
128.875, 62.375, 1.418029120833974e-22, nan 
129.125, 62.375, 1.205660504574329e-22, nan 
129.375, 62.375, 1.9472353747263552e-22, nan 
129.625, 62.375, 4.240424707547932e-22, nan 
129.875, 62.375, 3.260621519899708e-22, nan 
130.125, 62.375, 2.417465335657802e-22, nan 
130.375, 62.375, 2.512699586122979e-22, nan 
130.625, 62.375, 1.5155622777531733e-22, nan 
130.875, 62.375, 8.885843160898214e-23, nan 
131.125, 62.375, 1.0292592325931658e-22, nan 
131.375, 62.375, 5.604002497335611e-23, nan 
131.625, 62.375, 8.137177996965624e-23, nan 
131.875, 62.375, 1.216852839223367e-22, nan 
132.125, 62.375, 1.3426040349269585e-22, nan 
132.375, 62.375, 1.4782893078889358e-22, nan 
132.625, 62.375, 1.8970976921458511e-22, nan 
132.875, 62.375, 2.323702220283813e-22, nan 
133.125, 62.375, 1.290204830156695e-22, nan 
133.375, 62.375, 1.1519045426782265e-22, nan 
133.625, 62.375, 1.507677203354107e-22, nan 
133.875, 62.375, 9.503318844408446e-23, nan 
134.125, 62.375, 6.401287104995852e-23, nan 
134.375, 62.375, 7.485061226728656e-23, nan 
134.625, 62.375, 6.078282467441664e-23, nan 
134.875, 62.375, 1.3802940141135675e-22, nan 
135.125, 62.375, 1.1899355979923835e-22, nan 
135.375, 62.375, 8.628572667620743e-23, nan 
135.625, 62.375, 6.77056296939521e-23, nan 
135.875, 62.375, 5.586688262221172e-23, nan 
136.125, 62.375, 4.2880789466086455e-23, nan 
136.375, 62.375, 2.5221003873182298e-23, nan 
136.625, 62.375, 2.2817831957489874e-23, nan 
136.875, 62.375, 1.1958929834683755e-23, nan 
137.125, 62.375, 1.4289557883895437e-23, nan 
137.375, 62.375, 4.7350382217012614e-23, nan 
137.625, 62.375, 1.0764035802403033e-22, nan 
137.875, 62.375, 4.717355276601354e-23, nan 
138.125, 62.375, 4.53611004307151e-23, nan 
138.375, 62.375, 1.3230626114256456e-22, nan 
138.625, 62.375, 5.2062669553980676e-23, nan 
138.875, 62.375, 2.6117653706848483e-23, nan 
139.125, 62.375, 7.024247189121584e-23, nan 
139.375, 62.375, 2.4381642507042133e-23, nan 
139.625, 62.375, 1.1755377457200394e-23, nan 
139.875, 62.375, 1.2795182340625519e-23, nan 
140.125, 62.375, 1.634474236970907e-23, nan 
140.375, 62.375, 1.980043171088836e-23, nan 
140.625, 62.375, 2.9121380486302386e-23, nan 
140.875, 62.375, 6.565629660953088e-23, nan 
141.125, 62.375, 6.858097582400486e-23, nan 
141.375, 62.375, 7.40784441385823e-23, nan 
141.625, 62.375, 9.778810888119235e-23, nan 
141.875, 62.375, 1.0737800361325968e-22, nan 
142.125, 62.375, 1.0894404899425935e-22, nan 
142.375, 62.375, 1.429991906731095e-22, nan 
142.625, 62.375, 1.2587861968691658e-22, nan 
142.875, 62.375, 6.504571909664328e-23, nan 
143.125, 62.375, 6.910266602106737e-23, nan 
143.375, 62.375, 5.194787416384641e-23, nan 
143.625, 62.375, 4.3358046130454335e-23, nan 
143.875, 62.375, 4.2885500300370197e-23, nan 
144.125, 62.375, 3.704030612640919e-23, nan 
144.375, 62.375, 3.0528102778140134e-23, nan 
144.625, 62.375, 2.5353849423304012e-23, nan 
144.875, 62.375, 1.1454595624345999e-23, nan 
145.125, 62.375, 5.789938875133497e-23, nan 
145.375, 62.375, 4.430684247364176e-23, nan 
145.625, 62.375, 2.0301195187005593e-23, nan 
145.875, 62.375, 2.3303395678772745e-23, nan 
146.125, 62.375, 1.9164983320964457e-23, nan 
146.375, 62.375, 2.8681759287159367e-23, nan 
146.625, 62.375, 2.387000813693846e-23, nan 
146.875, 62.375, 1.6535337352739448e-23, nan 
147.125, 62.375, 1.8600692191419232e-23, nan 
147.375, 62.375, 4.191412637067795e-23, nan 
147.625, 62.375, 4.2319266335824113e-23, nan 
147.875, 62.375, 3.400405834667067e-23, nan 
148.125, 62.375, 3.544415528834824e-23, nan 
148.375, 62.375, 5.179890000540598e-23, nan 
148.625, 62.375, 4.8192640520672017e-23, nan 
148.875, 62.375, 3.1461840758358195e-23, nan 
149.125, 62.375, 4.184897891313885e-23, nan 
149.375, 62.375, 3.082345993897601e-23, nan 
149.625, 62.375, 5.478034927521156e-23, nan 
149.875, 62.375, 5.706885836555701e-23, nan 
150.125, 62.375, 8.414935673336201e-23, nan 
150.375, 62.375, 5.958983731671792e-23, nan 
150.625, 62.375, 4.610284269675928e-23, nan 
150.875, 62.375, 2.063079077019581e-23, nan 
151.125, 62.375, 7.080686025907002e-24, nan 
151.375, 62.375, 1.4362258872144537e-23, nan 
151.625, 62.375, 1.2502931225751008e-23, nan 
151.875, 62.375, 8.659592118537196e-24, nan 
152.125, 62.375, 8.699665902962681e-24, nan 
152.375, 62.375, 1.2873223068001885e-23, nan 
152.625, 62.375, 9.169448655255675e-24, nan 
152.875, 62.375, 1.545187700181605e-23, nan 
153.125, 62.375, 1.243332031521892e-23, nan 
153.375, 62.375, 1.6863764211152693e-23, nan 
153.625, 62.375, 1.0605236992879482e-23, nan 
153.875, 62.375, 7.873102962590256e-24, nan 
154.125, 62.375, 1.112271028399038e-23, nan 
154.375, 62.375, 1.6836794321817786e-23, nan 
154.625, 62.375, 2.122468795147536e-23, nan 
154.875, 62.375, 2.5153246818679104e-23, nan 
155.125, 62.375, 2.4657233415257917e-23, nan 
155.375, 62.375, 1.9173254956980936e-23, nan 
155.625, 62.375, 2.0403067838546556e-23, nan 
155.875, 62.375, 2.0269631553584148e-23, nan 
156.125, 62.375, 1.2287753839550663e-23, nan 
156.375, 62.375, 1.2715050355418434e-23, nan 
156.625, 62.375, 8.159617734835725e-24, nan 
156.875, 62.375, 6.445597531127468e-24, nan 
157.125, 62.375, 1.4056781511160306e-23, nan 
157.375, 62.375, 1.2494715365421357e-23, nan 
157.625, 62.375, 9.963783913747478e-24, nan 
157.875, 62.375, 1.2304994534579135e-23, nan 
158.125, 62.375, 2.3929741095487537e-23, nan 
158.375, 62.375, 3.590395815293146e-23, nan 
158.625, 62.375, 2.803781529435625e-23, nan 
158.875, 62.375, 1.7389217189495215e-23, nan 
159.125, 62.375, 1.9500878103460352e-23, nan 
159.375, 62.375, 1.5540906400509968e-23, nan 
159.625, 62.375, 7.877830678566362e-24, nan 
159.875, 62.375, 1.0477970531330592e-23, nan 
160.125, 62.375, 1.2805103775857893e-23, nan 
160.375, 62.375, 9.016116908781207e-24, nan 
160.625, 62.375, 1.181351623950457e-23, nan 
160.875, 62.375, 1.6702035955085303e-23, nan 
161.125, 62.375, 8.121459567733278e-24, nan 
161.375, 62.375, 9.387525939740394e-24, nan 
161.625, 62.375, 1.1984312265469082e-23, nan 
161.875, 62.375, 7.37788224899551e-24, nan 
162.125, 62.375, 4.892924792260555e-24, nan 
162.375, 62.375, 3.223254329254355e-24, nan 
162.625, 62.375, 6.2507556926528406e-24, nan 
162.875, 62.375, 5.291666326384966e-24, nan 
163.125, 62.375, 1.0919443820133566e-23, nan 
163.375, 62.375, 1.1445890588361357e-23, nan 
163.625, 62.375, 1.4913233956037955e-23, nan 
163.875, 62.375, 1.0614296947034228e-23, nan 
164.125, 62.375, 1.3959598072169944e-23, nan 
164.375, 62.375, 1.1174461247817339e-23, nan 
164.625, 62.375, 3.927391225019839e-24, nan 
164.875, 62.375, 1.1108285829347094e-23, nan 
165.125, 62.375, 1.3006388411900525e-23, nan 
165.375, 62.375, 1.4148006777153387e-23, nan 
165.625, 62.375, 2.2738684538683996e-23, nan 
165.875, 62.375, 2.183312256776781e-23, nan 
166.125, 62.375, 2.1481092497525316e-23, nan 
166.375, 62.375, 2.5461646364456683e-23, nan 
166.625, 62.375, 2.74396652182274e-23, nan 
166.875, 62.375, 2.539585717300311e-23, nan 
167.125, 62.375, 1.7423143996053967e-23, nan 
167.375, 62.375, 1.4583412492142486e-23, nan 
167.625, 62.375, 1.6539302405296254e-23, nan 
167.875, 62.375, 4.389279040963705e-24, nan 
168.125, 62.375, 6.1705057535327475e-24, nan 
168.375, 62.375, 7.46902727534798e-24, nan 
168.625, 62.375, 4.138551738295178e-24, nan 
168.875, 62.375, 5.618083982429262e-24, nan 
169.125, 62.375, 8.773107683231983e-24, nan 
169.375, 62.375, 6.3063382063310954e-24, nan 
169.625, 62.375, 5.198782804139602e-24, nan 
169.875, 62.375, 9.311308741004061e-24, nan 
170.125, 62.375, 1.0399436903392764e-23, nan 
170.375, 62.375, 7.683578303751346e-24, nan 
170.625, 62.375, 1.1571742601439931e-23, nan 
170.875, 62.375, 1.2343885442835351e-23, nan 
171.125, 62.375, 1.1237483806184554e-23, nan 
171.375, 62.375, 9.008407999965207e-24, nan 
171.625, 62.375, 6.906565465089348e-24, nan 
171.875, 62.375, 8.472896059636272e-24, nan 
172.125, 62.375, 4.8358295180255736e-24, nan 
172.375, 62.375, 3.1571596502419842e-24, nan 
172.625, 62.375, 3.891856905807449e-24, nan 
172.875, 62.375, 4.129047851350518e-24, nan 
173.125, 62.375, 3.3174836144942565e-24, nan 
173.375, 62.375, 3.825094217755762e-24, nan 
173.625, 62.375, 4.47485121111793e-24, nan 
173.875, 62.375, 5.768386959073696e-24, nan 
174.125, 62.375, 4.612794601922666e-24, nan 
44.125, 62.625, 4.042338646412259e-24, nan 
44.375, 62.625, 3.616676994671922e-24, nan 
44.625, 62.625, 3.249625780242703e-24, nan 
44.875, 62.625, 3.920695723663315e-24, nan 
45.125, 62.625, 3.792058989559577e-24, nan 
45.375, 62.625, 4.726526008134409e-24, nan 
45.625, 62.625, 3.0624624815996467e-24, nan 
45.875, 62.625, 5.199494587441562e-24, nan 
46.125, 62.625, 5.0523305071372814e-24, nan 
46.375, 62.625, 2.170338269527901e-24, nan 
46.625, 62.625, 4.48433780069985e-24, nan 
46.875, 62.625, 3.332437989158165e-24, nan 
47.125, 62.625, 3.890150926232154e-24, nan 
47.375, 62.625, 3.710028954587239e-24, nan 
47.625, 62.625, 2.9607250861982542e-24, nan 
47.875, 62.625, 3.445229006214915e-24, nan 
48.125, 62.625, 4.13927767479078e-24, nan 
48.375, 62.625, 9.619685181075266e-24, nan 
48.625, 62.625, 1.1638563265422509e-23, nan 
48.875, 62.625, 1.1501350707014829e-23, nan 
49.125, 62.625, 1.5939213342473786e-23, nan 
49.375, 62.625, 1.698757065981476e-23, nan 
49.625, 62.625, 2.3265262823365797e-23, nan 
49.875, 62.625, 1.9812116928396053e-23, nan 
50.125, 62.625, 1.7751965685712012e-23, nan 
50.375, 62.625, 1.627922467262949e-23, nan 
50.625, 62.625, 1.3577873140189217e-23, nan 
50.875, 62.625, 1.0158170146841375e-23, nan 
51.125, 62.625, 3.832215854086908e-24, nan 
51.375, 62.625, 3.935331992257986e-24, nan 
51.625, 62.625, 3.4880471805902284e-24, nan 
51.875, 62.625, 2.7980735383481092e-24, nan 
52.125, 62.625, 4.682218046749916e-24, nan 
52.375, 62.625, 4.55322781216962e-24, nan 
52.625, 62.625, 6.074585889583745e-24, nan 
52.875, 62.625, 3.6972151714924734e-24, nan 
53.125, 62.625, 4.602035750837909e-24, nan 
53.375, 62.625, 5.588442753873447e-24, nan 
53.625, 62.625, 6.2628986913610246e-24, nan 
53.875, 62.625, 8.918996127509264e-24, nan 
54.125, 62.625, 9.73862974347448e-24, nan 
54.375, 62.625, 1.166532931278003e-23, nan 
54.625, 62.625, 9.335873680139525e-24, nan 
54.875, 62.625, 7.718306325372089e-24, nan 
55.125, 62.625, 1.0898200592641331e-23, nan 
55.375, 62.625, 4.6869876633874374e-24, nan 
55.625, 62.625, 5.322095770654549e-24, nan 
55.875, 62.625, 7.51401343566795e-24, nan 
56.125, 62.625, 7.56062870967047e-24, nan 
56.375, 62.625, 7.142628144231819e-24, nan 
56.625, 62.625, 6.541720412471625e-24, nan 
56.875, 62.625, 6.834308975675807e-24, nan 
57.125, 62.625, 7.91155282663537e-24, nan 
57.375, 62.625, 1.0068830354600014e-23, nan 
57.625, 62.625, 1.079299731490835e-23, nan 
57.875, 62.625, 9.342201174726135e-24, nan 
58.125, 62.625, 1.0741912819975916e-23, nan 
58.375, 62.625, 1.0856354574439444e-23, nan 
58.625, 62.625, 1.0596158962993903e-23, nan 
58.875, 62.625, 8.057826344984598e-24, nan 
59.125, 62.625, 8.03822082682319e-24, nan 
59.375, 62.625, 1.0236021182224232e-23, nan 
59.625, 62.625, 1.0667559239857987e-23, nan 
59.875, 62.625, 1.2526961926263062e-23, nan 
60.125, 62.625, 1.766826396063875e-23, nan 
60.375, 62.625, 6.4307259069572045e-24, nan 
60.625, 62.625, 1.237766024880741e-23, nan 
60.875, 62.625, 1.551433891397824e-23, nan 
61.125, 62.625, 4.51762464721808e-23, nan 
61.375, 62.625, 1.3215190545764442e-23, nan 
61.625, 62.625, 1.2984300146740493e-23, nan 
61.875, 62.625, 1.0669434663659907e-22, nan 
62.125, 62.625, 1.1361482915353799e-23, nan 
62.375, 62.625, 1.1466761937398748e-23, nan 
62.625, 62.625, 3.9687561784048545e-23, nan 
62.875, 62.625, 1.5697849755388833e-23, nan 
63.125, 62.625, 1.8709050614149082e-23, nan 
63.375, 62.625, 1.0210882145317556e-23, nan 
63.625, 62.625, 1.3165519571391211e-23, nan 
63.875, 62.625, 1.0002162812736829e-23, nan 
64.125, 62.625, 1.0730392128859865e-23, nan 
64.375, 62.625, 9.290706986836092e-24, nan 
64.625, 62.625, 1.1459855987412283e-23, nan 
64.875, 62.625, 1.2302518269694074e-23, nan 
65.125, 62.625, 1.1532154279327406e-23, nan 
65.375, 62.625, 1.129531984454298e-23, nan 
65.625, 62.625, 2.6322315419662361e-23, nan 
65.875, 62.625, 2.7457789166376085e-23, nan 
66.125, 62.625, 3.487851202574599e-23, nan 
66.375, 62.625, 4.4937778934435406e-23, nan 
66.625, 62.625, 4.7969505467322416e-23, nan 
66.875, 62.625, 3.660312094258518e-23, nan 
67.125, 62.625, 3.533268595501634e-23, nan 
67.375, 62.625, 3.932446059497785e-23, nan 
67.625, 62.625, 4.2791889167015223e-23, nan 
67.875, 62.625, 4.179311361794799e-23, nan 
68.125, 62.625, 5.2276745075254445e-23, nan 
68.375, 62.625, 7.003040328268914e-23, nan 
68.625, 62.625, 2.5155069152844465e-23, nan 
68.875, 62.625, 2.5432480242333153e-23, nan 
69.125, 62.625, 2.919958981591165e-23, nan 
69.375, 62.625, 1.2953465753556141e-23, nan 
69.625, 62.625, 2.4420983314620294e-23, nan 
69.875, 62.625, 2.2566707688401514e-23, nan 
70.125, 62.625, 3.1971433813980936e-23, nan 
70.375, 62.625, 3.737502024076029e-23, nan 
70.625, 62.625, 3.6669877862396034e-23, nan 
70.875, 62.625, 3.435555150667672e-23, nan 
71.125, 62.625, 2.3243137332100503e-23, nan 
71.375, 62.625, 4.0107928635924325e-23, nan 
71.625, 62.625, 4.032724628368614e-23, nan 
71.875, 62.625, 1.8053224148439515e-23, nan 
72.125, 62.625, 1.3771573140912314e-23, nan 
72.375, 62.625, 2.1599285109876298e-23, nan 
72.625, 62.625, 2.1783296432536996e-23, nan 
72.875, 62.625, 5.1646747793314495e-23, nan 
73.125, 62.625, 4.451318994651292e-23, nan 
73.375, 62.625, 3.498129452713925e-23, nan 
73.625, 62.625, 3.568398813826409e-23, nan 
73.875, 62.625, 2.7413192828881154e-23, nan 
74.125, 62.625, 2.909637551098174e-23, nan 
74.375, 62.625, 5.143333658131699e-23, nan 
74.625, 62.625, 4.1667390833274484e-23, nan 
74.875, 62.625, 5.721349141998949e-23, nan 
75.125, 62.625, 8.242144523057132e-23, nan 
75.375, 62.625, 6.833924124897843e-23, nan 
75.625, 62.625, 3.183458541675374e-23, nan 
75.875, 62.625, 4.305234288113431e-23, nan 
76.125, 62.625, 1.9751720971088142e-23, nan 
76.375, 62.625, 2.5314505674892616e-23, nan 
76.625, 62.625, 1.8317185472399082e-23, nan 
76.875, 62.625, 2.1059493302490622e-23, nan 
77.125, 62.625, 3.5400010185056104e-23, nan 
77.375, 62.625, 3.129160082488892e-23, nan 
77.625, 62.625, 5.793973905837367e-23, nan 
77.875, 62.625, 4.2799718121374933e-23, nan 
78.125, 62.625, 4.127451227007961e-23, nan 
78.375, 62.625, 4.191390187888135e-23, nan 
78.625, 62.625, 3.3023329403837746e-23, nan 
78.875, 62.625, 3.581458328605144e-23, nan 
79.125, 62.625, 4.042446542924715e-23, nan 
79.375, 62.625, 7.055905361948388e-23, nan 
79.625, 62.625, 7.861008064492381e-23, nan 
79.875, 62.625, 7.217555596999497e-23, nan 
80.125, 62.625, 7.34338756428186e-23, nan 
80.375, 62.625, 5.857943120098221e-23, nan 
80.625, 62.625, 1.0925325512284593e-22, nan 
80.875, 62.625, 1.517605014207504e-22, nan 
81.125, 62.625, 6.182271689351153e-23, nan 
81.375, 62.625, 1.3702529674146786e-22, nan 
81.625, 62.625, 2.158651689476562e-22, nan 
81.875, 62.625, 2.444460720082124e-22, nan 
82.125, 62.625, 2.1175489929579434e-22, nan 
82.375, 62.625, 2.8304099050262918e-22, nan 
82.625, 62.625, 9.729036742186679e-23, nan 
82.875, 62.625, 1.7119347962145373e-22, nan 
83.125, 62.625, 1.9968242217989986e-22, nan 
83.375, 62.625, 8.58077289481632e-23, nan 
83.625, 62.625, 1.592296436630058e-22, nan 
83.875, 62.625, 9.745262136666002e-23, nan 
84.125, 62.625, 7.868147865793871e-23, nan 
84.375, 62.625, 8.93621320024453e-23, nan 
84.625, 62.625, 1.7225082516291308e-22, nan 
84.875, 62.625, 2.16837531474461e-22, nan 
85.125, 62.625, 1.2513853630904662e-22, nan 
85.375, 62.625, 2.4081331709266164e-22, nan 
85.625, 62.625, 2.309471248487656e-22, nan 
85.875, 62.625, 2.6994182838407774e-22, nan 
86.125, 62.625, 9.375168431586829e-23, nan 
86.375, 62.625, 2.994780999173169e-22, nan 
86.625, 62.625, 3.806409705216759e-22, nan 
86.875, 62.625, 2.156576760247624e-22, nan 
87.125, 62.625, 6.168357489899158e-22, nan 
87.375, 62.625, 4.861497305567318e-22, nan 
87.625, 62.625, 4.336764896854291e-22, nan 
87.875, 62.625, 6.132449157269026e-22, nan 
88.125, 62.625, 5.925782616749554e-22, nan 
88.375, 62.625, 5.870000079845788e-22, nan 
88.625, 62.625, 7.173535637155065e-22, nan 
88.875, 62.625, 4.331530363822958e-22, nan 
89.125, 62.625, 3.548976772924277e-22, nan 
89.375, 62.625, 2.8819232554678173e-22, nan 
89.625, 62.625, 3.36831205860966e-22, nan 
89.875, 62.625, 3.7146394238436113e-22, nan 
90.125, 62.625, 3.215504068372794e-22, nan 
90.375, 62.625, 4.107726579782458e-22, nan 
90.625, 62.625, 3.876774183711471e-22, nan 
90.875, 62.625, 3.7572422378437556e-22, nan 
91.125, 62.625, 1.7494156553297175e-22, nan 
91.375, 62.625, 3.88170626788406e-22, nan 
91.625, 62.625, 1.9339823597045375e-22, nan 
91.875, 62.625, 2.0622272233503933e-22, nan 
92.125, 62.625, 6.428872893703418e-22, nan 
92.375, 62.625, 3.8088526740554306e-22, nan 
92.625, 62.625, 2.2770398045061574e-22, nan 
92.875, 62.625, 5.161007613188268e-22, nan 
93.125, 62.625, 4.718196625091914e-22, nan 
93.375, 62.625, 1.9783002402069677e-22, nan 
93.625, 62.625, 2.7666333812846244e-22, nan 
93.875, 62.625, 6.99444024991029e-22, nan 
94.125, 62.625, 1.0429424329716156e-21, nan 
94.375, 62.625, 5.470676615534923e-22, nan 
94.625, 62.625, 4.683891718543902e-22, nan 
94.875, 62.625, 1.6973425820871354e-21, nan 
95.125, 62.625, 1.5016333134371912e-21, nan 
95.375, 62.625, 1.095133195322853e-21, nan 
95.625, 62.625, 1.2168833880103236e-21, nan 
95.875, 62.625, 1.2532026646545594e-21, nan 
96.125, 62.625, 1.8849611443103304e-21, nan 
96.375, 62.625, 1.2230182012460502e-21, nan 
96.625, 62.625, 4.018823808670497e-22, nan 
96.875, 62.625, 8.159801284542402e-22, nan 
97.125, 62.625, 1.027822399457479e-21, nan 
97.375, 62.625, 7.445607858696426e-22, nan 
97.625, 62.625, 3.2303594622673203e-22, nan 
97.875, 62.625, 6.867199650499787e-22, nan 
98.125, 62.625, 1.0986964090349141e-21, nan 
98.375, 62.625, 1.3783315392253871e-21, nan 
98.625, 62.625, 1.3586366194740108e-21, nan 
98.875, 62.625, 1.378352899091824e-21, nan 
99.125, 62.625, 3.4609727527375246e-21, nan 
99.375, 62.625, 4.3038643330182724e-21, nan 
99.625, 62.625, 4.7317492898971676e-21, nan 
99.875, 62.625, 3.6880578916329804e-21, nan 
100.125, 62.625, 5.3906101001186644e-21, nan 
100.375, 62.625, 4.569997924592108e-21, nan 
100.625, 62.625, 3.6885473925709266e-21, nan 
100.875, 62.625, 4.0768002105577176e-21, nan 
101.125, 62.625, 7.42668802365026e-22, nan 
101.375, 62.625, 9.271177681948704e-22, nan 
101.625, 62.625, 1.0620842771438364e-21, nan 
101.875, 62.625, 4.424202818224793e-21, nan 
102.125, 62.625, 4.1809436733125305e-21, nan 
102.375, 62.625, 3.886572144024689e-21, nan 
102.625, 62.625, 4.9903327052269845e-21, nan 
102.875, 62.625, 5.022496949172562e-21, nan 
103.125, 62.625, 6.504514476924366e-21, nan 
103.375, 62.625, 1.3612395592225807e-20, nan 
103.625, 62.625, 3.8621838493172096e-21, nan 
103.875, 62.625, 4.743061154277595e-21, nan 
104.125, 62.625, 4.676275663219318e-21, nan 
104.375, 62.625, 3.308771901854181e-21, nan 
104.625, 62.625, 2.140273361286563e-21, nan 
104.875, 62.625, 1.5029602025830845e-21, nan 
105.125, 62.625, 1.8319916038097725e-21, nan 
105.375, 62.625, 1.2662839271762567e-21, nan 
105.625, 62.625, 1.2331476194182672e-21, nan 
105.875, 62.625, 1.2152274913805035e-21, nan 
106.125, 62.625, 8.965844221337306e-22, nan 
106.375, 62.625, 1.2228764669189621e-21, nan 
106.625, 62.625, 1.8725082294183753e-21, nan 
106.875, 62.625, 2.0721064321619586e-21, nan 
107.125, 62.625, 1.0763631359610811e-21, nan 
107.375, 62.625, 1.3271562864770795e-21, nan 
107.625, 62.625, 2.4781662761404152e-21, nan 
107.875, 62.625, 1.2058809653003305e-21, nan 
108.125, 62.625, 1.4532381315517577e-21, nan 
108.375, 62.625, 2.2428426578269646e-21, nan 
108.625, 62.625, 2.1066015081297024e-21, nan 
108.875, 62.625, 2.35175439065171e-21, nan 
109.125, 62.625, 1.9680118990259716e-21, nan 
109.375, 62.625, 2.031084484021542e-21, nan 
109.625, 62.625, 1.822707327437856e-21, nan 
109.875, 62.625, 1.4021270388363837e-21, nan 
110.125, 62.625, 1.836270555078002e-21, nan 
110.375, 62.625, 1.1185612942323991e-21, nan 
110.625, 62.625, 1.448372328261542e-21, nan 
110.875, 62.625, 1.4947560620448328e-21, nan 
111.125, 62.625, 1.1553738407779267e-21, nan 
111.375, 62.625, 1.4263140079293052e-21, nan 
111.625, 62.625, 1.27807265435969e-21, nan 
111.875, 62.625, 9.172186121907108e-22, nan 
112.125, 62.625, 1.0005568322053064e-21, nan 
112.375, 62.625, 1.2192588111590667e-21, nan 
112.625, 62.625, 7.348774605657863e-22, nan 
112.875, 62.625, 6.726092023418541e-22, nan 
113.125, 62.625, 1.7854171558126157e-21, nan 
113.375, 62.625, 1.2079260226032077e-21, nan 
113.625, 62.625, 6.152680291937878e-22, nan 
113.875, 62.625, 8.156309482576368e-22, nan 
114.125, 62.625, 6.96745430134764e-22, nan 
114.375, 62.625, 6.545793072492412e-22, nan 
114.625, 62.625, 1.636249753304178e-21, nan 
114.875, 62.625, 2.7789608699813432e-21, nan 
115.125, 62.625, 2.543206022839065e-21, nan 
115.375, 62.625, 1.9712491193027805e-21, nan 
115.625, 62.625, 1.1032487061651294e-21, nan 
115.875, 62.625, 6.048251754159006e-22, nan 
116.125, 62.625, 2.6805586283128446e-22, nan 
116.375, 62.625, 3.473274106726859e-22, nan 
116.625, 62.625, 3.465528520212317e-22, nan 
116.875, 62.625, 4.797968886453017e-22, nan 
117.125, 62.625, 2.872106398216593e-22, nan 
117.375, 62.625, 9.607599441711156e-23, nan 
117.625, 62.625, 4.51132006627997e-22, nan 
117.875, 62.625, 5.83208917120207e-22, nan 
118.125, 62.625, 6.038086119311417e-22, nan 
118.375, 62.625, 1.2825446006055943e-21, nan 
118.625, 62.625, 1.1956847477677173e-21, nan 
118.875, 62.625, 4.950025263045986e-22, nan 
119.125, 62.625, 1.4941713472306748e-21, nan 
119.375, 62.625, 1.5624284241597282e-21, nan 
119.625, 62.625, 4.0616723852115266e-22, nan 
119.875, 62.625, 7.238170309453823e-22, nan 
120.125, 62.625, 6.321403681711164e-22, nan 
120.375, 62.625, 5.861531591580775e-22, nan 
120.625, 62.625, 3.6972561246444915e-22, nan 
120.875, 62.625, 5.314010250089831e-22, nan 
121.125, 62.625, 6.3780101288516e-22, nan 
121.375, 62.625, 7.250371064653742e-22, nan 
121.625, 62.625, 4.944279889599511e-22, nan 
121.875, 62.625, 4.6169293083024125e-22, nan 
122.125, 62.625, 4.469188678772013e-22, nan 
122.375, 62.625, 5.715528798140648e-22, nan 
122.625, 62.625, 7.601536723150721e-22, nan 
122.875, 62.625, 4.5911666803361e-22, nan 
123.125, 62.625, 5.55999230712881e-22, nan 
123.375, 62.625, 4.037027282831372e-22, nan 
123.625, 62.625, 3.625144704956409e-22, nan 
123.875, 62.625, 3.2285877639749734e-22, nan 
124.125, 62.625, 3.3952561969044996e-22, nan 
124.375, 62.625, 5.3959908097377295e-22, nan 
124.625, 62.625, 2.1585999242756926e-22, nan 
124.875, 62.625, 2.396793500547585e-22, nan 
125.125, 62.625, 2.582115428734467e-22, nan 
125.375, 62.625, 2.1573264932780617e-22, nan 
125.625, 62.625, 3.1463873806992654e-22, nan 
125.875, 62.625, 3.833664301014644e-22, nan 
126.125, 62.625, 2.0324110741044157e-22, nan 
126.375, 62.625, 1.4364065650154021e-22, nan 
126.625, 62.625, 1.1100756125624356e-22, nan 
126.875, 62.625, 8.722202647080201e-23, nan 
127.125, 62.625, 1.1080045308923865e-22, nan 
127.375, 62.625, 1.3348654892834043e-22, nan 
127.625, 62.625, 1.2348321364861059e-22, nan 
127.875, 62.625, 1.2000194498078592e-22, nan 
128.125, 62.625, 9.829970570959135e-23, nan 
128.375, 62.625, 1.5076445875302194e-22, nan 
128.625, 62.625, 1.83437416108383e-22, nan 
128.875, 62.625, 2.0362724185988727e-22, nan 
129.125, 62.625, 1.8248694653536772e-22, nan 
129.375, 62.625, 2.821696841653321e-22, nan 
129.625, 62.625, 6.096395696966681e-22, nan 
129.875, 62.625, 4.3441274503888565e-22, nan 
130.125, 62.625, 1.805842812610229e-22, nan 
130.375, 62.625, 2.442921571327529e-22, nan 
130.625, 62.625, 1.9145129517121966e-22, nan 
130.875, 62.625, 1.439450952405896e-22, nan 
131.125, 62.625, 5.205494793093467e-23, nan 
131.375, 62.625, 7.620908105758174e-23, nan 
131.625, 62.625, 1.830728074002133e-22, nan 
131.875, 62.625, 2.027033103765997e-22, nan 
132.125, 62.625, 1.2962540187583663e-22, nan 
132.375, 62.625, 2.365877268823778e-22, nan 
132.625, 62.625, 1.807715986506409e-22, nan 
132.875, 62.625, 1.5416773020107354e-22, nan 
133.125, 62.625, 1.3411678283635258e-22, nan 
133.375, 62.625, 1.0462920523242155e-22, nan 
133.625, 62.625, 6.747096837807493e-23, nan 
133.875, 62.625, 5.93028673322348e-23, nan 
134.125, 62.625, 1.0965585743195442e-22, nan 
134.375, 62.625, 8.647044380174038e-23, nan 
134.625, 62.625, 1.3017131823778675e-22, nan 
134.875, 62.625, 1.7688834268451e-22, nan 
135.125, 62.625, 1.1126368894096423e-22, nan 
135.375, 62.625, 7.418498739389752e-23, nan 
135.625, 62.625, 5.295850433596242e-23, nan 
135.875, 62.625, 7.322606049163018e-23, nan 
136.125, 62.625, 4.937495391289371e-23, nan 
136.375, 62.625, 3.7266267161951746e-23, nan 
136.625, 62.625, 1.5106212112462023e-23, nan 
136.875, 62.625, 2.702050319804631e-23, nan 
137.125, 62.625, 1.8073342975944496e-23, nan 
137.375, 62.625, 5.768492856737227e-23, nan 
137.625, 62.625, 5.734120623830159e-23, nan 
137.875, 62.625, 4.573572658727103e-23, nan 
138.125, 62.625, 6.885437232463026e-23, nan 
138.375, 62.625, 8.840073567761171e-23, nan 
138.625, 62.625, 3.969417827272124e-23, nan 
138.875, 62.625, 3.686722021464648e-23, nan 
139.125, 62.625, 4.3436960384112965e-23, nan 
139.375, 62.625, 3.098885198336182e-23, nan 
139.625, 62.625, 1.649325681947078e-23, nan 
139.875, 62.625, 1.1709555538423266e-23, nan 
140.125, 62.625, 2.5159125632554467e-23, nan 
140.375, 62.625, 3.090258909636117e-23, nan 
140.625, 62.625, 2.952249404805e-23, nan 
140.875, 62.625, 1.4922023201464063e-23, nan 
141.125, 62.625, 6.177898691458769e-23, nan 
141.375, 62.625, 6.955601525823011e-23, nan 
141.625, 62.625, 9.082832957905189e-23, nan 
141.875, 62.625, 1.077910663305757e-22, nan 
142.125, 62.625, 9.623372552438697e-23, nan 
142.375, 62.625, 1.35786191994559e-22, nan 
142.625, 62.625, 1.4403474979144978e-22, nan 
142.875, 62.625, 5.277715143097749e-23, nan 
143.125, 62.625, 1.9172619124477004e-23, nan 
143.375, 62.625, 5.888140600082599e-23, nan 
143.625, 62.625, 4.1584972440512687e-23, nan 
143.875, 62.625, 2.651019279065656e-23, nan 
144.125, 62.625, 2.726346455819704e-23, nan 
144.375, 62.625, 2.6811410554936916e-23, nan 
144.625, 62.625, 2.737666566314412e-23, nan 
144.875, 62.625, 2.3742118806089574e-23, nan 
145.125, 62.625, 2.879566327241789e-23, nan 
145.375, 62.625, 1.3861977024233375e-23, nan 
145.625, 62.625, 1.880809677959238e-23, nan 
145.875, 62.625, 3.366497566706664e-23, nan 
146.125, 62.625, 1.666576741492456e-23, nan 
146.375, 62.625, 2.5034076910308654e-23, nan 
146.625, 62.625, 2.147631950621499e-23, nan 
146.875, 62.625, 8.458818109062875e-24, nan 
147.125, 62.625, 1.7289017300982464e-23, nan 
147.375, 62.625, 3.305805845510977e-23, nan 
147.625, 62.625, 3.338167248667796e-23, nan 
147.875, 62.625, 3.347520671547372e-23, nan 
148.125, 62.625, 1.9731156589112143e-23, nan 
148.375, 62.625, 4.8684304748871104e-23, nan 
148.625, 62.625, 6.214018931876423e-23, nan 
148.875, 62.625, 5.862281784212979e-23, nan 
149.125, 62.625, 9.89737232732175e-23, nan 
149.375, 62.625, 1.09764394916412e-22, nan 
149.625, 62.625, 8.653948789725889e-23, nan 
149.875, 62.625, 6.753862444062552e-23, nan 
150.125, 62.625, 4.967808170908061e-23, nan 
150.375, 62.625, 3.889380703630663e-23, nan 
150.625, 62.625, 4.6620624523078007e-23, nan 
150.875, 62.625, 1.6557497988059385e-23, nan 
151.125, 62.625, 1.6516504263093604e-23, nan 
151.375, 62.625, 1.892384672202078e-23, nan 
151.625, 62.625, 1.269652434757769e-23, nan 
151.875, 62.625, 1.0748452475005943e-23, nan 
152.125, 62.625, 1.3773148677245504e-23, nan 
152.375, 62.625, 1.1836863310677072e-23, nan 
152.625, 62.625, 1.6161206156614142e-23, nan 
152.875, 62.625, 1.3301200925660604e-23, nan 
153.125, 62.625, 1.1616919621474555e-23, nan 
153.375, 62.625, 1.906514288748071e-23, nan 
153.625, 62.625, 1.3039426610849519e-23, nan 
153.875, 62.625, 1.944712047089573e-23, nan 
154.125, 62.625, 1.7660498394078957e-23, nan 
154.375, 62.625, 1.3921377704814562e-23, nan 
154.625, 62.625, 2.648406036134318e-23, nan 
154.875, 62.625, 2.5523910894520863e-23, nan 
155.125, 62.625, 2.5465743046487468e-23, nan 
155.375, 62.625, 2.4759126694128913e-23, nan 
155.625, 62.625, 2.532322914604049e-23, nan 
155.875, 62.625, 2.3612670818565403e-23, nan 
156.125, 62.625, 2.0179264610157862e-23, nan 
156.375, 62.625, 1.6930866316607194e-23, nan 
156.625, 62.625, 2.4253673073049288e-23, nan 
156.875, 62.625, 1.6800216108342484e-23, nan 
157.125, 62.625, 1.602712361694389e-23, nan 
157.375, 62.625, 7.213705935570935e-24, nan 
157.625, 62.625, 1.245951722875606e-23, nan 
157.875, 62.625, 2.780320199170785e-23, nan 
158.125, 62.625, 2.651624170732934e-23, nan 
158.375, 62.625, 3.213563009253626e-23, nan 
158.625, 62.625, 3.1051002152356487e-23, nan 
158.875, 62.625, 1.3597344774552638e-23, nan 
159.125, 62.625, 7.614174868741083e-24, nan 
159.375, 62.625, 9.298525990519912e-24, nan 
159.625, 62.625, 2.306960011350809e-23, nan 
159.875, 62.625, 1.0293172915892457e-23, nan 
160.125, 62.625, 1.1580525831917409e-23, nan 
160.375, 62.625, 1.3813375881623063e-23, nan 
160.625, 62.625, 1.5945919048324922e-23, nan 
160.875, 62.625, 2.1166216404359782e-23, nan 
161.125, 62.625, 2.1377836515898932e-23, nan 
161.375, 62.625, 1.1908099946903683e-23, nan 
161.625, 62.625, 1.3031243876135666e-23, nan 
161.875, 62.625, 1.0457649178125726e-23, nan 
162.125, 62.625, 3.572509284752892e-24, nan 
162.375, 62.625, 4.677764037237043e-24, nan 
162.625, 62.625, 5.534842606403358e-24, nan 
162.875, 62.625, 4.773761489025283e-24, nan 
163.125, 62.625, 9.157700106756666e-24, nan 
163.375, 62.625, 1.0352826060558587e-23, nan 
163.625, 62.625, 1.2921583355425402e-23, nan 
163.875, 62.625, 8.615955521205328e-24, nan 
164.125, 62.625, 7.617549874789622e-24, nan 
164.375, 62.625, 4.166589563150657e-24, nan 
164.625, 62.625, 1.0299605949156164e-23, nan 
164.875, 62.625, 1.0778321709027072e-23, nan 
165.125, 62.625, 1.4302529897322905e-23, nan 
165.375, 62.625, 4.265740892136109e-24, nan 
165.625, 62.625, 2.2516524071508383e-23, nan 
165.875, 62.625, 2.1543884118737162e-23, nan 
166.125, 62.625, 1.7597442039250917e-23, nan 
166.375, 62.625, 2.4086661001516524e-23, nan 
166.625, 62.625, 2.693264337636087e-23, nan 
166.875, 62.625, 2.457619259318461e-23, nan 
167.125, 62.625, 6.713816879545563e-24, nan 
167.375, 62.625, 8.304256511177321e-24, nan 
167.625, 62.625, 9.795723954814807e-24, nan 
167.875, 62.625, 6.069341362890173e-24, nan 
168.125, 62.625, 6.319558116489196e-24, nan 
168.375, 62.625, 9.715126657044048e-24, nan 
168.625, 62.625, 9.560043390326757e-24, nan 
168.875, 62.625, 7.25576292110531e-24, nan 
169.125, 62.625, 7.77508136078624e-24, nan 
169.375, 62.625, 4.642935560282345e-24, nan 
169.625, 62.625, 3.826793336567785e-24, nan 
169.875, 62.625, 5.305906880450516e-24, nan 
170.125, 62.625, 3.876262730604404e-24, nan 
170.375, 62.625, 2.3010619487429575e-24, nan 
170.625, 62.625, 1.1101240843470816e-23, nan 
170.875, 62.625, 9.873249678944906e-24, nan 
171.125, 62.625, 7.974053758775098e-24, nan 
171.375, 62.625, 7.709696116186e-24, nan 
171.625, 62.625, 1.8151736107329767e-24, nan 
171.875, 62.625, 2.4057555420594405e-24, nan 
172.125, 62.625, 2.8096554936280045e-24, nan 
172.375, 62.625, 3.459595908678132e-24, nan 
172.625, 62.625, 1.2113263816420581e-24, nan 
172.875, 62.625, 3.744344415993804e-24, nan 
173.125, 62.625, 4.32744941036247e-24, nan 
173.375, 62.625, 4.207497633665219e-24, nan 
173.625, 62.625, 3.626850921930127e-24, nan 
173.875, 62.625, 5.131559724533972e-24, nan 
174.125, 62.625, 7.612415821958629e-24, nan 
174.375, 62.625, 6.774227074886335e-24, nan 
174.625, 62.625, 5.185762239464204e-24, nan 
43.125, 62.875, 2.0734362849921755e-24, nan 
43.375, 62.875, 2.6353586986807342e-24, nan 
43.625, 62.875, 4.026730694285534e-24, nan 
43.875, 62.875, 3.3590694251596614e-24, nan 
44.125, 62.875, 2.988997338831594e-24, nan 
44.375, 62.875, 3.96316293917728e-24, nan 
44.625, 62.875, 4.137636139729524e-24, nan 
44.875, 62.875, 3.41013112102067e-24, nan 
45.125, 62.875, 2.9072909864167823e-24, nan 
45.375, 62.875, 4.6989658284429015e-24, nan 
45.625, 62.875, 3.1942993040606905e-24, nan 
45.875, 62.875, 4.159160390494831e-24, nan 
46.125, 62.875, 4.9164750549442335e-24, nan 
46.375, 62.875, 5.782625703330286e-24, nan 
46.625, 62.875, 5.940868345498436e-24, nan 
46.875, 62.875, 4.507505545345169e-24, nan 
47.125, 62.875, 4.583147898679294e-24, nan 
47.375, 62.875, 5.216644825628072e-24, nan 
47.625, 62.875, 4.8549128038312645e-24, nan 
47.875, 62.875, 3.532693572250207e-24, nan 
48.125, 62.875, 5.997018633588964e-24, nan 
48.375, 62.875, 1.1409328775851315e-23, nan 
48.625, 62.875, 1.0524947616652233e-23, nan 
48.875, 62.875, 1.2796953998626446e-23, nan 
49.125, 62.875, 1.7843336872484802e-23, nan 
49.375, 62.875, 1.8013618573803163e-23, nan 
49.625, 62.875, 2.2162866214792617e-23, nan 
49.875, 62.875, 1.6087817180960924e-23, nan 
50.125, 62.875, 1.4845039901357497e-23, nan 
50.375, 62.875, 2.092883840126018e-23, nan 
50.625, 62.875, 1.342783320921001e-23, nan 
50.875, 62.875, 5.4415568943807125e-24, nan 
51.125, 62.875, 4.9736652730997405e-24, nan 
51.375, 62.875, 4.9224446481531925e-24, nan 
51.625, 62.875, 6.2284754547409125e-24, nan 
51.875, 62.875, 4.872824264746404e-24, nan 
52.125, 62.875, 5.228760787429401e-24, nan 
52.375, 62.875, 8.986389859163824e-24, nan 
52.625, 62.875, 8.813172542856252e-24, nan 
52.875, 62.875, 5.360817733628363e-24, nan 
53.125, 62.875, 5.675452150549215e-24, nan 
53.375, 62.875, 6.477664055089783e-24, nan 
53.625, 62.875, 5.356949216924108e-24, nan 
53.875, 62.875, 7.044222714469399e-24, nan 
54.125, 62.875, 9.196859645916338e-24, nan 
54.375, 62.875, 1.2710616862415217e-23, nan 
54.625, 62.875, 1.1727282684286455e-23, nan 
54.875, 62.875, 8.808248531815493e-24, nan 
55.125, 62.875, 1.1278390538905357e-23, nan 
55.375, 62.875, 1.3442870499857978e-23, nan 
55.625, 62.875, 9.03871889036234e-24, nan 
55.875, 62.875, 3.786809324751673e-24, nan 
56.125, 62.875, 1.173545604745544e-23, nan 
56.375, 62.875, 9.468303964540987e-24, nan 
56.625, 62.875, 7.068549779045874e-24, nan 
56.875, 62.875, 5.044414114393104e-24, nan 
57.125, 62.875, 8.621524159781663e-24, nan 
57.375, 62.875, 1.013809985893702e-23, nan 
57.625, 62.875, 1.1097696914888691e-23, nan 
57.875, 62.875, 1.1154219073515198e-23, nan 
58.125, 62.875, 1.3109585989946707e-23, nan 
58.375, 62.875, 1.3706956152927977e-23, nan 
58.625, 62.875, 1.207997689546411e-23, nan 
58.875, 62.875, 1.2932752362167048e-23, nan 
59.125, 62.875, 1.6596274779559947e-23, nan 
59.375, 62.875, 1.2851026000222967e-23, nan 
59.625, 62.875, 1.3412976590202676e-23, nan 
59.875, 62.875, 1.067385192313658e-23, nan 
60.125, 62.875, 1.0042459536128073e-23, nan 
60.375, 62.875, 8.196703895744832e-24, nan 
60.625, 62.875, 6.684663952811871e-24, nan 
60.875, 62.875, 1.1932602498551766e-23, nan 
61.125, 62.875, 6.3024902042420135e-24, nan 
61.375, 62.875, 1.568063123699501e-23, nan 
61.625, 62.875, 1.1349309298421152e-23, nan 
61.875, 62.875, 7.017178505465323e-23, nan 
62.125, 62.875, 1.1716242171153809e-23, nan 
62.375, 62.875, 8.988714807237498e-24, nan 
62.625, 62.875, 1.3757955145228942e-23, nan 
62.875, 62.875, 1.4847257581775167e-23, nan 
63.125, 62.875, 1.625406967006443e-23, nan 
63.375, 62.875, 1.2259867903722045e-23, nan 
63.625, 62.875, 5.336229402200882e-24, nan 
63.875, 62.875, 1.0500127068450944e-23, nan 
64.125, 62.875, 1.2159362489729707e-23, nan 
64.375, 62.875, 1.5478250566321326e-23, nan 
64.625, 62.875, 1.95758138730068e-23, nan 
64.875, 62.875, 2.8827414069321375e-23, nan 
65.125, 62.875, 2.822088009631226e-23, nan 
65.375, 62.875, 1.733370606433511e-23, nan 
65.625, 62.875, 2.0685345571131613e-23, nan 
65.875, 62.875, 1.1347762409313376e-23, nan 
66.125, 62.875, 1.1082597934448643e-23, nan 
66.375, 62.875, 3.743771489168159e-23, nan 
66.625, 62.875, 3.819533379741691e-23, nan 
66.875, 62.875, 2.7104409650249466e-23, nan 
67.125, 62.875, 2.3343083733605662e-23, nan 
67.375, 62.875, 1.4899606510247864e-23, nan 
67.625, 62.875, 2.3687609044120743e-23, nan 
67.875, 62.875, 4.409934381505399e-23, nan 
68.125, 62.875, 4.448962418770859e-23, nan 
68.375, 62.875, 5.359647459353067e-23, nan 
68.625, 62.875, 3.418692062696383e-23, nan 
68.875, 62.875, 3.5473307510184323e-23, nan 
69.125, 62.875, 3.2533670530978186e-23, nan 
69.375, 62.875, 2.880808098059087e-23, nan 
69.625, 62.875, 4.2466465125747435e-23, nan 
69.875, 62.875, 3.7532967299852525e-23, nan 
70.125, 62.875, 2.06189891870212e-23, nan 
70.375, 62.875, 2.63569334183779e-23, nan 
70.625, 62.875, 2.9212760511703916e-23, nan 
70.875, 62.875, 2.78783017791586e-23, nan 
71.125, 62.875, 2.822612531888491e-23, nan 
71.375, 62.875, 4.2723627740321554e-23, nan 
71.625, 62.875, 4.730964857621558e-23, nan 
71.875, 62.875, 2.368712115896168e-23, nan 
72.125, 62.875, 2.5263457911506125e-23, nan 
72.375, 62.875, 3.0000522690671766e-23, nan 
72.625, 62.875, 3.362119173451917e-23, nan 
72.875, 62.875, 2.9786278174712817e-23, nan 
73.125, 62.875, 3.4495416970124546e-23, nan 
73.375, 62.875, 3.8381903310566975e-23, nan 
73.625, 62.875, 3.419079950264262e-23, nan 
73.875, 62.875, 6.024844919731494e-23, nan 
74.125, 62.875, 9.003312816321415e-23, nan 
74.375, 62.875, 6.431719003179016e-23, nan 
74.625, 62.875, 6.457314070266673e-23, nan 
74.875, 62.875, 8.203525869137598e-23, nan 
75.125, 62.875, 8.276957689216036e-23, nan 
75.375, 62.875, 9.608562680461283e-23, nan 
75.625, 62.875, 1.134619473939564e-22, nan 
75.875, 62.875, 1.1498683918150936e-22, nan 
76.125, 62.875, 1.2613556428394156e-22, nan 
76.375, 62.875, 1.2689121981380234e-22, nan 
76.625, 62.875, 9.464572277606982e-23, nan 
76.875, 62.875, 3.3754964317383567e-23, nan 
77.125, 62.875, 7.639973963868585e-23, nan 
77.375, 62.875, 7.914234796162789e-23, nan 
77.625, 62.875, 6.085260599299947e-23, nan 
77.875, 62.875, 6.78851603638251e-23, nan 
78.125, 62.875, 6.659232103299761e-23, nan 
78.375, 62.875, 7.629010578547055e-23, nan 
78.625, 62.875, 6.93863061659372e-23, nan 
78.875, 62.875, 6.645791570789331e-23, nan 
79.125, 62.875, 8.516350855339185e-23, nan 
79.375, 62.875, 5.305814329717188e-23, nan 
79.625, 62.875, 5.726898897470295e-23, nan 
79.875, 62.875, 8.845226639463498e-23, nan 
80.125, 62.875, 4.775839104301487e-23, nan 
80.375, 62.875, 1.2976766810689925e-22, nan 
80.625, 62.875, 3.0247733579176346e-22, nan 
80.875, 62.875, 3.026204457618729e-22, nan 
81.125, 62.875, 1.238456357001285e-22, nan 
81.375, 62.875, 6.574283255127287e-23, nan 
81.625, 62.875, 1.519117071256429e-22, nan 
81.875, 62.875, 6.150198663513095e-23, nan 
82.125, 62.875, 1.7172275851635275e-22, nan 
82.375, 62.875, 2.2837247418509574e-22, nan 
82.625, 62.875, 9.880159314605591e-23, nan 
82.875, 62.875, 1.6847605526286715e-22, nan 
83.125, 62.875, 1.7709808307550577e-22, nan 
83.375, 62.875, 7.726255186403528e-23, nan 
83.625, 62.875, 1.6910811448242584e-22, nan 
83.875, 62.875, 1.7013332515680015e-22, nan 
84.125, 62.875, 1.28456471369008e-22, nan 
84.375, 62.875, 1.3251969510510773e-22, nan 
84.625, 62.875, 1.0878843488283105e-22, nan 
84.875, 62.875, 1.9510418838346307e-22, nan 
85.125, 62.875, 1.3513181089545342e-22, nan 
85.375, 62.875, 1.2952419730778825e-22, nan 
85.625, 62.875, 7.82734934051404e-23, nan 
85.875, 62.875, 2.965024180291346e-22, nan 
86.125, 62.875, 3.358350248491862e-23, nan 
86.375, 62.875, 3.1869164606494803e-23, nan 
86.625, 62.875, 3.2370167447337273e-22, nan 
86.875, 62.875, 2.80685686370781e-22, nan 
87.125, 62.875, 4.631581985917641e-22, nan 
87.375, 62.875, 3.4197888546689805e-22, nan 
87.625, 62.875, 5.825145854436474e-22, nan 
87.875, 62.875, 5.739271113346037e-22, nan 
88.125, 62.875, 6.867945454310978e-22, nan 
88.375, 62.875, 7.861885847353451e-22, nan 
88.625, 62.875, 8.784010744952543e-22, nan 
88.875, 62.875, 7.375408063329504e-22, nan 
89.125, 62.875, 6.664422384104745e-22, nan 
89.375, 62.875, 6.823076315123059e-22, nan 
89.625, 62.875, 4.333234174816389e-22, nan 
89.875, 62.875, 3.0717653273003178e-22, nan 
90.125, 62.875, 2.6370159766974325e-22, nan 
90.375, 62.875, 3.962519750084757e-22, nan 
90.625, 62.875, 4.577629541952117e-22, nan 
90.875, 62.875, 4.889936411218425e-22, nan 
91.125, 62.875, 4.0714918678828186e-22, nan 
91.375, 62.875, 4.059187075139056e-22, nan 
91.625, 62.875, 4.5956112084120165e-22, nan 
91.875, 62.875, 2.7059688572673204e-22, nan 
92.125, 62.875, 5.689035240435393e-22, nan 
92.375, 62.875, 2.8669472855156783e-22, nan 
92.625, 62.875, 2.741431842604313e-22, nan 
92.875, 62.875, 6.236893301566936e-22, nan 
93.125, 62.875, 5.990627607382574e-22, nan 
93.375, 62.875, 5.878842126421652e-22, nan 
93.625, 62.875, 4.792567615019021e-22, nan 
93.875, 62.875, 8.734532941079614e-22, nan 
94.125, 62.875, 1.427145082225869e-21, nan 
94.375, 62.875, 1.0776995069543982e-21, nan 
94.625, 62.875, 6.569879810029288e-22, nan 
94.875, 62.875, 1.5746053304742105e-21, nan 
95.125, 62.875, 1.24130338599921e-21, nan 
95.375, 62.875, 8.723938101285892e-22, nan 
95.625, 62.875, 7.220124781881979e-22, nan 
95.875, 62.875, 7.201041003253788e-22, nan 
96.125, 62.875, 3.012645814119938e-21, nan 
96.375, 62.875, 1.5957802145534491e-21, nan 
96.625, 62.875, 5.933311863483727e-22, nan 
96.875, 62.875, 1.8228847406666998e-21, nan 
97.125, 62.875, 1.2274188031495607e-21, nan 
97.375, 62.875, 1.0149569159205086e-21, nan 
97.625, 62.875, 1.2227740851917434e-21, nan 
97.875, 62.875, 6.825495388414069e-22, nan 
98.125, 62.875, 1.2046156007686609e-21, nan 
98.375, 62.875, 2.782063869696052e-21, nan 
98.625, 62.875, 3.78847285019601e-21, nan 
98.875, 62.875, 3.1031830026923424e-21, nan 
99.125, 62.875, 4.636585894544136e-21, nan 
99.375, 62.875, 8.111762664667345e-21, nan 
99.625, 62.875, 7.630322502372443e-21, nan 
99.875, 62.875, 5.345531396064765e-21, nan 
100.125, 62.875, 7.481470393163225e-21, nan 
100.375, 62.875, 6.849345658727474e-21, nan 
100.625, 62.875, 5.823606448133577e-21, nan 
100.875, 62.875, 1.80914795017896e-21, nan 
101.125, 62.875, 1.3963442518807697e-21, nan 
101.375, 62.875, 1.2740049932878998e-21, nan 
101.625, 62.875, 1.307293580913822e-21, nan 
101.875, 62.875, 3.2891857893608232e-21, nan 
102.125, 62.875, 4.177149191477647e-21, nan 
102.375, 62.875, 2.1841988761155204e-21, nan 
102.625, 62.875, 4.599991524149693e-21, nan 
102.875, 62.875, 5.333687491741807e-21, nan 
103.125, 62.875, 4.642714261730019e-21, nan 
103.375, 62.875, 4.273747918161521e-21, nan 
103.625, 62.875, 3.770190319826001e-21, nan 
103.875, 62.875, 2.664214792990028e-21, nan 
104.125, 62.875, 2.963923888146092e-21, nan 
104.375, 62.875, 2.3587246436976612e-21, nan 
104.625, 62.875, 2.2464287442315067e-21, nan 
104.875, 62.875, 2.5053528544034466e-21, nan 
105.125, 62.875, 2.1680246602812398e-21, nan 
105.375, 62.875, 1.2943600184518204e-21, nan 
105.625, 62.875, 5.4232058170364e-22, nan 
105.875, 62.875, 1.571900467422932e-21, nan 
106.125, 62.875, 1.7045731741330816e-21, nan 
106.375, 62.875, 1.56905943173343e-21, nan 
106.625, 62.875, 2.268927376576936e-21, nan 
106.875, 62.875, 1.822710882768561e-21, nan 
107.125, 62.875, 1.2768291437901329e-21, nan 
107.375, 62.875, 9.254049454455877e-22, nan 
107.625, 62.875, 9.24836680518784e-22, nan 
107.875, 62.875, 1.3333466464947457e-21, nan 
108.125, 62.875, 1.6448114632424023e-21, nan 
108.375, 62.875, 2.61369003980197e-21, nan 
108.625, 62.875, 2.652323881425512e-21, nan 
108.875, 62.875, 1.8227440047267273e-21, nan 
109.125, 62.875, 3.2318560500501138e-21, nan 
109.375, 62.875, 3.0098814556818785e-21, nan 
109.625, 62.875, 3.020014694598428e-21, nan 
109.875, 62.875, 1.9751500678933333e-21, nan 
110.125, 62.875, 2.424423098095502e-21, nan 
110.375, 62.875, 2.658598169854433e-21, nan 
110.625, 62.875, 2.2528861969182806e-21, nan 
110.875, 62.875, 1.4109549315823952e-21, nan 
111.125, 62.875, 2.1864780097812593e-21, nan 
111.375, 62.875, 1.3918155348563407e-21, nan 
111.625, 62.875, 4.828062970823352e-22, nan 
111.875, 62.875, 1.3006786959173344e-21, nan 
112.125, 62.875, 1.1524865135008978e-21, nan 
112.375, 62.875, 7.865609596377583e-22, nan 
112.625, 62.875, 7.579216300686027e-22, nan 
112.875, 62.875, 8.690690862159034e-22, nan 
113.125, 62.875, 7.959002830717345e-22, nan 
113.375, 62.875, 6.623233769740326e-22, nan 
113.625, 62.875, 6.101372519333869e-22, nan 
113.875, 62.875, 1.2232771855236645e-21, nan 
114.125, 62.875, 1.953033800086209e-21, nan 
114.375, 62.875, 1.9618521200577002e-21, nan 
114.625, 62.875, 2.370267295096006e-21, nan 
114.875, 62.875, 4.266732339556035e-21, nan 
115.125, 62.875, 4.358003657041366e-21, nan 
115.375, 62.875, 3.2913057995645106e-21, nan 
115.625, 62.875, 1.9544293530948435e-21, nan 
115.875, 62.875, 1.955763000468239e-21, nan 
116.125, 62.875, 1.6655351156158944e-21, nan 
116.375, 62.875, 8.848212396278441e-22, nan 
116.625, 62.875, 5.96283225642016e-22, nan 
116.875, 62.875, 4.425040798060513e-22, nan 
117.125, 62.875, 7.0436601426469585e-22, nan 
117.375, 62.875, 9.764095080638643e-22, nan 
117.625, 62.875, 2.903956384707987e-21, nan 
117.875, 62.875, 1.301356843594732e-21, nan 
118.125, 62.875, 6.987681596605238e-22, nan 
118.375, 62.875, 6.72769090009267e-22, nan 
118.625, 62.875, 6.923778836081532e-22, nan 
118.875, 62.875, 5.791142001688753e-22, nan 
119.125, 62.875, 1.2015992366913358e-21, nan 
119.375, 62.875, 1.2874119401060395e-21, nan 
119.625, 62.875, 5.177974380632546e-22, nan 
119.875, 62.875, 1.8718180798333208e-22, nan 
120.125, 62.875, 3.44239608207509e-22, nan 
120.375, 62.875, 6.305488747337015e-22, nan 
120.625, 62.875, 8.703298720443537e-22, nan 
120.875, 62.875, 5.952951721091062e-22, nan 
121.125, 62.875, 7.322559186259675e-22, nan 
121.375, 62.875, 1.008280006619188e-21, nan 
121.625, 62.875, 6.906953981523074e-22, nan 
121.875, 62.875, 8.314237834158614e-22, nan 
122.125, 62.875, 8.663291274121973e-22, nan 
122.375, 62.875, 1.0510350769829362e-21, nan 
122.625, 62.875, 1.5086444747010867e-21, nan 
122.875, 62.875, 6.071156436264033e-22, nan 
123.125, 62.875, 7.443903929108702e-22, nan 
123.375, 62.875, 9.28185116749554e-22, nan 
123.625, 62.875, 5.35584383913466e-22, nan 
123.875, 62.875, 2.0609799143563454e-22, nan 
124.125, 62.875, 2.4926880646333976e-22, nan 
124.375, 62.875, 3.396230896830069e-22, nan 
124.625, 62.875, 1.9673841192848078e-22, nan 
124.875, 62.875, 1.6371269593420822e-22, nan 
125.125, 62.875, 2.0357715266696083e-22, nan 
125.375, 62.875, 2.7122451969813605e-22, nan 
125.625, 62.875, 1.4839511638302578e-22, nan 
125.875, 62.875, 7.20955550663545e-23, nan 
126.125, 62.875, 2.417525643327271e-22, nan 
126.375, 62.875, 2.1987937847844417e-22, nan 
126.625, 62.875, 4.206364204404773e-23, nan 
126.875, 62.875, 1.2213486382932067e-22, nan 
127.125, 62.875, 1.4818225046194565e-22, nan 
127.375, 62.875, 1.2276102357140616e-22, nan 
127.625, 62.875, 1.5786512717383204e-22, nan 
127.875, 62.875, 1.7457421179135078e-22, nan 
128.125, 62.875, 6.791539038230503e-23, nan 
128.375, 62.875, 2.0760856139785066e-22, nan 
128.625, 62.875, 1.841039348819595e-22, nan 
128.875, 62.875, 1.179820978515342e-22, nan 
129.125, 62.875, 9.056180732613848e-23, nan 
129.375, 62.875, 2.6305747538895463e-22, nan 
129.625, 62.875, 5.307621725703509e-22, nan 
129.875, 62.875, 2.191088008328165e-22, nan 
130.125, 62.875, 1.5691008178710164e-22, nan 
130.375, 62.875, 1.2182409073795037e-22, nan 
130.625, 62.875, 1.0347694606538444e-22, nan 
130.875, 62.875, 1.560433912189715e-22, nan 
131.125, 62.875, 1.3872959822549195e-22, nan 
131.375, 62.875, 2.667863934852307e-22, nan 
131.625, 62.875, 2.17072442538638e-22, nan 
131.875, 62.875, 4.0395368709369656e-22, nan 
132.125, 62.875, 2.4052723533704477e-22, nan 
132.375, 62.875, 2.2008633506359315e-22, nan 
132.625, 62.875, 1.0138770568673513e-22, nan 
132.875, 62.875, 8.254165244500233e-23, nan 
133.125, 62.875, 1.0078076567755287e-22, nan 
133.375, 62.875, 5.1488184481025445e-23, nan 
133.625, 62.875, 7.122368959969835e-23, nan 
133.875, 62.875, 9.55306100416018e-23, nan 
134.125, 62.875, 1.3666156163663686e-22, nan 
134.375, 62.875, 1.7312801557041512e-22, nan 
134.625, 62.875, 1.5943531442804861e-22, nan 
134.875, 62.875, 1.739399166487826e-22, nan 
135.125, 62.875, 1.3110356655489474e-22, nan 
135.375, 62.875, 7.776823847892403e-23, nan 
135.625, 62.875, 1.0062623769793187e-22, nan 
135.875, 62.875, 8.289686058669725e-23, nan 
136.125, 62.875, 7.200234848315559e-23, nan 
136.375, 62.875, 4.4241396823368555e-23, nan 
136.625, 62.875, 6.323294171584076e-23, nan 
136.875, 62.875, 4.2678350273506367e-23, nan 
137.125, 62.875, 5.1387112091180746e-23, nan 
137.375, 62.875, 6.528193872967506e-23, nan 
137.625, 62.875, 3.765223008002751e-23, nan 
137.875, 62.875, 5.473459059791701e-23, nan 
138.125, 62.875, 7.139122073237946e-23, nan 
138.375, 62.875, 5.881110565636163e-23, nan 
138.625, 62.875, 3.187766991095357e-23, nan 
138.875, 62.875, 4.7205567859979564e-23, nan 
139.125, 62.875, 4.5465295319012466e-23, nan 
139.375, 62.875, 2.70533097570103e-23, nan 
139.625, 62.875, 1.8224148344575775e-23, nan 
139.875, 62.875, 1.8208806076318536e-23, nan 
140.125, 62.875, 3.6933174153023743e-23, nan 
140.375, 62.875, 7.634963235198014e-23, nan 
140.625, 62.875, 2.5871629117224046e-23, nan 
140.875, 62.875, 2.7768963993610356e-23, nan 
141.125, 62.875, 1.1694399848334363e-22, nan 
141.375, 62.875, 2.1846502051834008e-23, nan 
141.625, 62.875, 4.662257378998713e-23, nan 
141.875, 62.875, 7.887037582211308e-23, nan 
142.125, 62.875, 3.9294115273446694e-23, nan 
142.375, 62.875, 5.18632517739013e-23, nan 
142.625, 62.875, 7.352982253643419e-23, nan 
142.875, 62.875, 6.171806458683724e-23, nan 
143.125, 62.875, 2.2928847236966777e-23, nan 
143.375, 62.875, 4.7051312600410997e-23, nan 
143.625, 62.875, 4.8014125010636465e-23, nan 
143.875, 62.875, 3.517376389741573e-23, nan 
144.125, 62.875, 1.7769036387143132e-23, nan 
144.375, 62.875, 3.332763554944893e-23, nan 
144.625, 62.875, 5.315459550507616e-23, nan 
144.875, 62.875, 2.452359641588174e-23, nan 
145.125, 62.875, 3.9027579998418526e-23, nan 
145.375, 62.875, 1.9013631493562568e-23, nan 
145.625, 62.875, 2.7644793282638926e-23, nan 
145.875, 62.875, 3.906544820991801e-23, nan 
146.125, 62.875, 1.7614476889981477e-23, nan 
146.375, 62.875, 1.792659756420222e-23, nan 
146.625, 62.875, 2.132595003399356e-23, nan 
146.875, 62.875, 1.0097157823872594e-23, nan 
147.125, 62.875, 8.916984573839575e-24, nan 
147.375, 62.875, 1.5483587223907956e-23, nan 
147.625, 62.875, 2.2093391685803395e-23, nan 
147.875, 62.875, 2.852209516227516e-23, nan 
148.125, 62.875, 3.3603309916817204e-23, nan 
148.375, 62.875, 5.25256390068328e-23, nan 
148.625, 62.875, 4.4540875557541864e-23, nan 
148.875, 62.875, 7.126475665608298e-23, nan 
149.125, 62.875, 1.0577698359205581e-22, nan 
149.375, 62.875, 1.0551088049228323e-22, nan 
149.625, 62.875, 8.983930421975436e-23, nan 
149.875, 62.875, 7.125923376872181e-23, nan 
150.125, 62.875, 3.0301090690388047e-23, nan 
150.375, 62.875, 8.003589606201216e-23, nan 
150.625, 62.875, 8.279826976723007e-23, nan 
150.875, 62.875, 6.293954025842442e-23, nan 
151.125, 62.875, 1.7677162397125642e-23, nan 
151.375, 62.875, 3.658542278111057e-23, nan 
151.625, 62.875, 2.3507052576199908e-23, nan 
151.875, 62.875, 1.6002555292239532e-23, nan 
152.125, 62.875, 1.515611472457243e-23, nan 
152.375, 62.875, 1.6317717869636154e-23, nan 
152.625, 62.875, 1.8542252773864627e-23, nan 
152.875, 62.875, 6.003330392980903e-24, nan 
153.125, 62.875, 9.50705608444867e-24, nan 
153.375, 62.875, 1.0348252476443842e-23, nan 
153.625, 62.875, 9.177839239708495e-24, nan 
153.875, 62.875, 2.0195871698201084e-23, nan 
154.125, 62.875, 2.128052790430036e-23, nan 
154.375, 62.875, 1.088566811121137e-23, nan 
154.625, 62.875, 1.279494709457227e-23, nan 
154.875, 62.875, 1.8716678655367698e-23, nan 
155.125, 62.875, 2.224479617718326e-23, nan 
155.375, 62.875, 2.873872520354641e-23, nan 
155.625, 62.875, 2.5221583784778655e-23, nan 
155.875, 62.875, 2.927907335797488e-23, nan 
156.125, 62.875, 3.0838597037705256e-23, nan 
156.375, 62.875, 2.386425067240606e-23, nan 
156.625, 62.875, 3.2409998208226947e-23, nan 
156.875, 62.875, 2.460930361018065e-23, nan 
157.125, 62.875, 1.8014561939033796e-23, nan 
157.375, 62.875, 2.3926194169735538e-23, nan 
157.625, 62.875, 2.2074082168534803e-23, nan 
157.875, 62.875, 2.5547982495611584e-23, nan 
158.125, 62.875, 2.6390477307601033e-23, nan 
158.375, 62.875, 1.529389857758327e-23, nan 
158.625, 62.875, 1.3140765677656404e-23, nan 
158.875, 62.875, 1.7172253603821704e-23, nan 
159.125, 62.875, 7.147387243993545e-24, nan 
159.375, 62.875, 1.0472099198837048e-23, nan 
159.625, 62.875, 3.163148328487938e-23, nan 
159.875, 62.875, 7.039633475389525e-24, nan 
160.125, 62.875, 1.1663084313688248e-23, nan 
160.375, 62.875, 1.834029719344433e-23, nan 
160.625, 62.875, 1.6968115205558445e-23, nan 
160.875, 62.875, 1.869374969246255e-23, nan 
161.125, 62.875, 2.0345206591424845e-23, nan 
161.375, 62.875, 9.785502988147465e-24, nan 
161.625, 62.875, 6.868715375759869e-24, nan 
161.875, 62.875, 4.899174282654871e-24, nan 
162.125, 62.875, 4.5110648817031885e-24, nan 
162.375, 62.875, 4.500098656593657e-24, nan 
162.625, 62.875, 4.8443188021306076e-24, nan 
162.875, 62.875, 1.0595639433321814e-23, nan 
163.125, 62.875, 1.411152458833971e-23, nan 
163.375, 62.875, 1.6430032834611538e-23, nan 
163.625, 62.875, 1.1120846840197314e-23, nan 
163.875, 62.875, 1.477547847551439e-23, nan 
164.125, 62.875, 9.895905094105715e-24, nan 
164.375, 62.875, 8.0860512933361e-24, nan 
164.625, 62.875, 1.5011643546316015e-23, nan 
164.875, 62.875, 2.3884256320938493e-23, nan 
165.125, 62.875, 1.3901301893214462e-23, nan 
165.375, 62.875, 2.6813940269759365e-23, nan 
165.625, 62.875, 2.0419772090171594e-23, nan 
165.875, 62.875, 7.363991979598725e-24, nan 
166.125, 62.875, 7.817472653851225e-24, nan 
166.375, 62.875, 9.495362253619449e-24, nan 
166.625, 62.875, 1.2596512922720009e-23, nan 
166.875, 62.875, 1.1263226807956242e-23, nan 
167.125, 62.875, 8.807532139548417e-24, nan 
167.375, 62.875, 8.386386475653527e-24, nan 
167.625, 62.875, 9.496826758666946e-24, nan 
167.875, 62.875, 9.389138814722955e-24, nan 
168.125, 62.875, 7.645571724015137e-24, nan 
168.375, 62.875, 1.867205674714841e-23, nan 
168.625, 62.875, 1.4601541358310418e-23, nan 
168.875, 62.875, 8.936927272741678e-24, nan 
169.125, 62.875, 1.0182337815623226e-23, nan 
169.375, 62.875, 8.10610802479167e-24, nan 
169.625, 62.875, 5.771472199716727e-24, nan 
169.875, 62.875, 5.231923971007971e-24, nan 
170.125, 62.875, 3.6428992632755585e-24, nan 
170.375, 62.875, 2.600670747675609e-24, nan 
170.625, 62.875, 2.2242378335133224e-24, nan 
170.875, 62.875, 6.1161488594755246e-24, nan 
171.125, 62.875, 4.5538878085892895e-24, nan 
171.375, 62.875, 2.194198863730433e-24, nan 
171.625, 62.875, 2.5829817804136495e-24, nan 
171.875, 62.875, 2.8037244546428967e-24, nan 
172.125, 62.875, 3.324597358921873e-24, nan 
172.375, 62.875, 6.4157096639986524e-24, nan 
172.625, 62.875, 2.3028692909263875e-24, nan 
172.875, 62.875, 3.154522938982183e-24, nan 
173.125, 62.875, 5.776800994737878e-24, nan 
173.375, 62.875, 4.198256962330234e-24, nan 
173.625, 62.875, 6.0124590303772264e-24, nan 
173.875, 62.875, 4.077748506475442e-24, nan 
174.125, 62.875, 5.841488932401389e-24, nan 
174.375, 62.875, 9.896702870095264e-24, nan 
174.625, 62.875, 5.1475128846804734e-24, nan 
174.875, 62.875, 5.1118404904952545e-24, nan 
175.125, 62.875, 7.950584662870412e-24, nan 
42.375, 63.125, 3.2443943306464802e-24, nan 
42.625, 63.125, 2.3381970902631456e-24, nan 
42.875, 63.125, 2.1556875470337098e-24, nan 
43.125, 63.125, 3.1877927587893257e-24, nan 
43.375, 63.125, 2.109709610141234e-24, nan 
43.625, 63.125, 4.04542088004377e-24, nan 
43.875, 63.125, 5.368523245008148e-24, nan 
44.125, 63.125, 3.5307998215927685e-24, nan 
44.375, 63.125, 4.3586883174600804e-24, nan 
44.625, 63.125, 5.334898443359497e-24, nan 
44.875, 63.125, 3.914067028057587e-24, nan 
45.125, 63.125, 2.3255686959806653e-24, nan 
45.375, 63.125, 3.6177369239448e-24, nan 
45.625, 63.125, 2.8112585466381885e-24, nan 
45.875, 63.125, 3.6470143818339434e-24, nan 
46.125, 63.125, 5.2893652415981235e-24, nan 
46.375, 63.125, 1.2762805803583346e-23, nan 
46.625, 63.125, 1.3831227412816013e-23, nan 
46.875, 63.125, 7.431987771161798e-24, nan 
47.125, 63.125, 8.8826673693419e-24, nan 
47.375, 63.125, 9.609361377071198e-24, nan 
47.625, 63.125, 5.2611895415461595e-24, nan 
47.875, 63.125, 2.8698849922790255e-24, nan 
48.125, 63.125, 2.052348035294203e-24, nan 
48.375, 63.125, 3.9596663542494734e-24, nan 
48.625, 63.125, 5.3016127896625045e-24, nan 
48.875, 63.125, 1.1033432305494333e-23, nan 
49.125, 63.125, 1.3984295515281054e-23, nan 
49.375, 63.125, 1.328828951765591e-23, nan 
49.625, 63.125, 1.592988133952661e-23, nan 
49.875, 63.125, 1.0105674270617909e-23, nan 
50.125, 63.125, 9.869306381548915e-24, nan 
50.375, 63.125, 1.313013740558534e-23, nan 
50.625, 63.125, 5.108359985677215e-24, nan 
50.875, 63.125, 4.4626289249132274e-24, nan 
51.125, 63.125, 5.6145369121032715e-24, nan 
51.375, 63.125, 4.1008600990588554e-24, nan 
51.625, 63.125, 5.0733073033150355e-24, nan 
51.875, 63.125, 6.084032228709529e-24, nan 
52.125, 63.125, 5.246592714393816e-24, nan 
52.375, 63.125, 7.878847063484808e-24, nan 
52.625, 63.125, 8.06716939647689e-24, nan 
52.875, 63.125, 7.050395057612005e-24, nan 
53.125, 63.125, 6.69865184484618e-24, nan 
53.375, 63.125, 6.62680427426218e-24, nan 
53.625, 63.125, 5.5387634770351145e-24, nan 
53.875, 63.125, 6.732104912835441e-24, nan 
54.125, 63.125, 7.501571643393999e-24, nan 
54.375, 63.125, 6.549326591629178e-24, nan 
54.625, 63.125, 5.465276041314977e-24, nan 
54.875, 63.125, 5.5360650856992116e-24, nan 
55.125, 63.125, 5.811479009467885e-24, nan 
55.375, 63.125, 9.80728017930058e-24, nan 
55.625, 63.125, 9.899466785898908e-24, nan 
55.875, 63.125, 6.549148266140768e-24, nan 
56.125, 63.125, 8.703856073512079e-24, nan 
56.375, 63.125, 1.2629580482454003e-23, nan 
56.625, 63.125, 1.1735316545152696e-23, nan 
56.875, 63.125, 1.0069663998108725e-23, nan 
57.125, 63.125, 7.885251788050379e-24, nan 
57.375, 63.125, 8.516653924283265e-24, nan 
57.625, 63.125, 1.4612923751122538e-23, nan 
57.875, 63.125, 1.8784103654073507e-23, nan 
58.125, 63.125, 1.8663573771683923e-23, nan 
58.375, 63.125, 1.4659042732316016e-23, nan 
58.625, 63.125, 9.048761735418198e-24, nan 
58.875, 63.125, 1.3489570977041115e-23, nan 
59.125, 63.125, 1.8463127816117264e-23, nan 
59.375, 63.125, 1.4202027902429003e-23, nan 
59.625, 63.125, 1.3306971924420864e-23, nan 
59.875, 63.125, 1.459986884232225e-23, nan 
60.125, 63.125, 1.462457718016114e-23, nan 
60.375, 63.125, 1.3466577721342762e-23, nan 
60.625, 63.125, 1.5713395018088413e-23, nan 
60.875, 63.125, 1.3166403636689033e-23, nan 
61.125, 63.125, 1.4107459619643748e-23, nan 
61.375, 63.125, 2.2728106685711008e-23, nan 
61.625, 63.125, 7.04890762180377e-24, nan 
61.875, 63.125, 2.4074773376662625e-23, nan 
62.125, 63.125, 1.6891333182255117e-23, nan 
62.375, 63.125, 1.2289560154404123e-23, nan 
62.625, 63.125, 1.6556837325408657e-23, nan 
62.875, 63.125, 9.041905201890881e-24, nan 
63.125, 63.125, 1.1344426088290241e-23, nan 
63.375, 63.125, 2.09674968283041e-23, nan 
63.625, 63.125, 6.239350820405064e-24, nan 
63.875, 63.125, 7.379639078345622e-24, nan 
64.125, 63.125, 1.0089408293840529e-23, nan 
64.375, 63.125, 9.806571951183028e-24, nan 
64.625, 63.125, 2.0722113432799076e-23, nan 
64.875, 63.125, 3.658952219552203e-23, nan 
65.125, 63.125, 3.066771943662246e-23, nan 
65.375, 63.125, 2.8682455774348516e-23, nan 
65.625, 63.125, 4.3902601268589645e-23, nan 
65.875, 63.125, 2.341571455793913e-23, nan 
66.125, 63.125, 1.3129958880562018e-23, nan 
66.375, 63.125, 9.560375445757151e-24, nan 
66.625, 63.125, 1.470477492914143e-23, nan 
66.875, 63.125, 1.3317899019799732e-23, nan 
67.125, 63.125, 1.1065793308457792e-23, nan 
67.375, 63.125, 1.3774740743344856e-23, nan 
67.625, 63.125, 1.8436344105866155e-23, nan 
67.875, 63.125, 2.4930525044945396e-23, nan 
68.125, 63.125, 2.853940223790558e-23, nan 
68.375, 63.125, 3.2576223360914127e-23, nan 
68.625, 63.125, 3.083384604982243e-23, nan 
68.875, 63.125, 3.4270078809791913e-23, nan 
69.125, 63.125, 3.854336730141322e-23, nan 
69.375, 63.125, 3.5192458086466754e-23, nan 
69.625, 63.125, 4.832690757813176e-23, nan 
69.875, 63.125, 3.5502139850277037e-23, nan 
70.125, 63.125, 2.265702605759949e-23, nan 
70.375, 63.125, 1.2198877630959832e-23, nan 
70.625, 63.125, 3.2703897111144646e-23, nan 
70.875, 63.125, 4.281164813226378e-23, nan 
71.125, 63.125, 3.517378956531644e-23, nan 
71.375, 63.125, 5.0573763594555534e-23, nan 
71.625, 63.125, 7.001299285951243e-23, nan 
71.875, 63.125, 4.6409363355386674e-23, nan 
72.125, 63.125, 3.1444368422172754e-23, nan 
72.375, 63.125, 2.4540323888980597e-23, nan 
72.625, 63.125, 2.634135959667718e-23, nan 
72.875, 63.125, 2.810664700239576e-23, nan 
73.125, 63.125, 2.7985435380521834e-23, nan 
73.375, 63.125, 5.87199575638513e-23, nan 
73.625, 63.125, 6.388372519502294e-23, nan 
73.875, 63.125, 6.527932356419608e-23, nan 
74.125, 63.125, 1.0151649950409986e-22, nan 
74.375, 63.125, 6.314147213013963e-23, nan 
74.625, 63.125, 6.170607565507662e-23, nan 
74.875, 63.125, 3.700845924583547e-23, nan 
75.125, 63.125, 4.1086242129691843e-23, nan 
75.375, 63.125, 6.924958903234898e-23, nan 
75.625, 63.125, 1.0958587558112016e-22, nan 
75.875, 63.125, 1.184412070350774e-22, nan 
76.125, 63.125, 1.5082785964804093e-22, nan 
76.375, 63.125, 1.614096835954747e-22, nan 
76.625, 63.125, 1.2008248643383258e-22, nan 
76.875, 63.125, 1.5508157980644345e-22, nan 
77.125, 63.125, 1.6010881358400729e-22, nan 
77.375, 63.125, 9.608144723066078e-23, nan 
77.625, 63.125, 7.413755003622404e-23, nan 
77.875, 63.125, 6.372287958995263e-23, nan 
78.125, 63.125, 5.795628100649964e-23, nan 
78.375, 63.125, 8.748992010486363e-23, nan 
78.625, 63.125, 8.549029828129432e-23, nan 
78.875, 63.125, 7.828897099649924e-23, nan 
79.125, 63.125, 8.131284076524762e-23, nan 
79.375, 63.125, 5.981043877481057e-23, nan 
79.625, 63.125, 9.208676040713405e-23, nan 
79.875, 63.125, 2.244175691497496e-22, nan 
80.125, 63.125, 1.790372327391164e-22, nan 
80.375, 63.125, 1.5964765487981241e-22, nan 
80.625, 63.125, 4.905103863528266e-22, nan 
80.875, 63.125, 5.003643890815359e-22, nan 
81.125, 63.125, 1.8749024808424052e-22, nan 
81.375, 63.125, 2.6360959223282686e-22, nan 
81.625, 63.125, 4.937479277420225e-22, nan 
81.875, 63.125, 1.2054834779627471e-22, nan 
82.125, 63.125, 7.304658025443252e-23, nan 
82.375, 63.125, 5.339195173241973e-23, nan 
82.625, 63.125, 6.616944039158136e-23, nan 
82.875, 63.125, 1.219359165434227e-22, nan 
83.125, 63.125, 1.4234199961550695e-22, nan 
83.375, 63.125, 1.0481880193313443e-22, nan 
83.625, 63.125, 9.167704023637707e-23, nan 
83.875, 63.125, 1.2110261987755074e-22, nan 
84.125, 63.125, 6.460592615100702e-23, nan 
84.375, 63.125, 9.519161345309036e-23, nan 
84.625, 63.125, 9.538022035243993e-23, nan 
84.875, 63.125, 1.5461073503744067e-22, nan 
85.125, 63.125, 7.775848674641719e-23, nan 
85.375, 63.125, 6.212234446591695e-23, nan 
85.625, 63.125, 1.9051764705952556e-22, nan 
85.875, 63.125, 1.9675331430492652e-22, nan 
86.125, 63.125, 1.1078214265029825e-22, nan 
86.375, 63.125, 9.086955606534985e-23, nan 
86.625, 63.125, 3.108746313292635e-22, nan 
86.875, 63.125, 5.728870534714224e-22, nan 
87.125, 63.125, 4.829273945341451e-22, nan 
87.375, 63.125, 5.274184849340468e-22, nan 
87.625, 63.125, 1.0815874790015678e-21, nan 
87.875, 63.125, 1.0540458252443157e-21, nan 
88.125, 63.125, 6.813049649126864e-22, nan 
88.375, 63.125, 7.348734905135285e-22, nan 
88.625, 63.125, 7.679018197094265e-22, nan 
88.875, 63.125, 8.70922861798919e-22, nan 
89.125, 63.125, 8.616511201427605e-22, nan 
89.375, 63.125, 8.7336672182357e-22, nan 
89.625, 63.125, 6.792495934088614e-22, nan 
89.875, 63.125, 4.0280270770968354e-22, nan 
90.125, 63.125, 3.9892137386322773e-22, nan 
90.375, 63.125, 7.51843194777502e-22, nan 
90.625, 63.125, 5.079787891181712e-22, nan 
90.875, 63.125, 2.5718593512203854e-22, nan 
91.125, 63.125, 5.599517925976777e-22, nan 
91.375, 63.125, 5.555925874851205e-22, nan 
91.625, 63.125, 6.315466880430796e-22, nan 
91.875, 63.125, 6.636723981850314e-22, nan 
92.125, 63.125, 5.767046338327839e-22, nan 
92.375, 63.125, 6.62127533625352e-22, nan 
92.625, 63.125, 6.3600743648658e-22, nan 
92.875, 63.125, 6.849641241273916e-22, nan 
93.125, 63.125, 8.097740508742492e-22, nan 
93.375, 63.125, 1.0399036198856601e-21, nan 
93.625, 63.125, 1.0175854165910114e-21, nan 
93.875, 63.125, 7.8974812737916185e-22, nan 
94.125, 63.125, 1.2656103455786278e-21, nan 
94.375, 63.125, 1.440954356949413e-21, nan 
94.625, 63.125, 8.573999200499284e-22, nan 
94.875, 63.125, 1.2860426201483617e-21, nan 
95.125, 63.125, 1.2132831485404587e-21, nan 
95.375, 63.125, 9.476750922027359e-22, nan 
95.625, 63.125, 6.487657632131479e-22, nan 
95.875, 63.125, 6.254157500528306e-22, nan 
96.125, 63.125, 2.015459542354624e-21, nan 
96.375, 63.125, 8.778267579303811e-22, nan 
96.625, 63.125, 6.626886720606899e-22, nan 
96.875, 63.125, 6.248247990812666e-22, nan 
97.125, 63.125, 9.820972743833598e-22, nan 
97.375, 63.125, 1.1586048371131791e-21, nan 
97.625, 63.125, 9.98697680122669e-22, nan 
97.875, 63.125, 1.1037460890323867e-21, nan 
98.125, 63.125, 1.3723142479491372e-21, nan 
98.375, 63.125, 1.7930578940678254e-21, nan 
98.625, 63.125, 2.2731568256761054e-21, nan 
98.875, 63.125, 3.066301374802417e-21, nan 
99.125, 63.125, 2.634348717110318e-21, nan 
99.375, 63.125, 5.600635618383494e-21, nan 
99.625, 63.125, 5.769686441757171e-21, nan 
99.875, 63.125, 6.4724811928986455e-21, nan 
100.125, 63.125, 4.94622043344568e-21, nan 
100.375, 63.125, 6.116162795832366e-21, nan 
100.625, 63.125, 5.626440503403647e-21, nan 
100.875, 63.125, 1.6795663275699268e-21, nan 
101.125, 63.125, 2.2124965320423723e-21, nan 
101.375, 63.125, 2.1209650738967643e-21, nan 
101.625, 63.125, 1.1670202509036275e-21, nan 
101.875, 63.125, 2.6453866216626257e-21, nan 
102.125, 63.125, 4.5259766514579194e-21, nan 
102.375, 63.125, 3.1517612938530602e-21, nan 
102.625, 63.125, 3.3874923648162086e-21, nan 
102.875, 63.125, 5.539269365365364e-21, nan 
103.125, 63.125, 3.988147593100668e-21, nan 
103.375, 63.125, 2.1046417305354856e-21, nan 
103.625, 63.125, 3.569294361876852e-21, nan 
103.875, 63.125, 3.3430640053429024e-21, nan 
104.125, 63.125, 2.8370387309315903e-21, nan 
104.375, 63.125, 2.7161201660416776e-21, nan 
104.625, 63.125, 3.2356600110650473e-21, nan 
104.875, 63.125, 2.4525288038941143e-21, nan 
105.125, 63.125, 1.91193362178391e-21, nan 
105.375, 63.125, 1.2110043546033299e-21, nan 
105.625, 63.125, 1.1365107746175517e-21, nan 
105.875, 63.125, 1.5579401906959355e-21, nan 
106.125, 63.125, 2.184546954703358e-21, nan 
106.375, 63.125, 2.0320473322893014e-21, nan 
106.625, 63.125, 1.3952461782769215e-21, nan 
106.875, 63.125, 1.3636908070928599e-21, nan 
107.125, 63.125, 2.448814722227041e-21, nan 
107.375, 63.125, 3.036852034603767e-21, nan 
107.625, 63.125, 1.8779680633432725e-21, nan 
107.875, 63.125, 2.163919850034247e-21, nan 
108.125, 63.125, 2.7621110595949355e-21, nan 
108.375, 63.125, 4.2701954065121446e-21, nan 
108.625, 63.125, 3.7507275236638e-21, nan 
108.875, 63.125, 3.738873210938932e-21, nan 
109.125, 63.125, 5.477271073699459e-21, nan 
109.375, 63.125, 4.4723499021539684e-21, nan 
109.625, 63.125, 2.9947052794223513e-21, nan 
109.875, 63.125, 3.165077137644138e-21, nan 
110.125, 63.125, 3.4440318382512164e-21, nan 
110.375, 63.125, 2.861890512836747e-21, nan 
110.625, 63.125, 2.061429433021021e-21, nan 
110.875, 63.125, 1.4872319647565277e-21, nan 
111.125, 63.125, 1.9353212938409957e-21, nan 
111.375, 63.125, 1.8602858639793188e-21, nan 
111.625, 63.125, 1.4183648524922876e-21, nan 
111.875, 63.125, 1.5894277867326214e-21, nan 
112.125, 63.125, 1.2936439345584138e-21, nan 
112.375, 63.125, 8.668683884324188e-22, nan 
112.625, 63.125, 5.230893343168562e-22, nan 
112.875, 63.125, 1.335575404910121e-21, nan 
113.125, 63.125, 1.1346084027811973e-21, nan 
113.375, 63.125, 4.499706133649321e-22, nan 
113.625, 63.125, 4.091346635347216e-22, nan 
113.875, 63.125, 1.111622846216621e-21, nan 
114.125, 63.125, 7.578761862944092e-22, nan 
114.375, 63.125, 4.9267432742153245e-22, nan 
114.625, 63.125, 1.2214133644872925e-21, nan 
114.875, 63.125, 2.1740606206476292e-21, nan 
115.125, 63.125, 2.322664111164413e-21, nan 
115.375, 63.125, 1.9042396151105293e-21, nan 
115.625, 63.125, 7.546646733294168e-22, nan 
115.875, 63.125, 7.337765363526043e-22, nan 
116.125, 63.125, 9.393472766203784e-22, nan 
116.375, 63.125, 1.1704484413366119e-21, nan 
116.625, 63.125, 1.070416317975153e-21, nan 
116.875, 63.125, 2.3046335368072364e-21, nan 
117.125, 63.125, 1.1285443457565729e-21, nan 
117.375, 63.125, 1.096095892902708e-21, nan 
117.625, 63.125, 4.7390561677082234e-21, nan 
117.875, 63.125, 1.7929787079525124e-21, nan 
118.125, 63.125, 5.933166169353594e-22, nan 
118.375, 63.125, 1.6510598485333204e-21, nan 
118.625, 63.125, 1.0840766498024709e-21, nan 
118.875, 63.125, 5.537319345863648e-22, nan 
119.125, 63.125, 8.059151438946703e-22, nan 
119.375, 63.125, 7.738579655480462e-22, nan 
119.625, 63.125, 7.390582261565832e-22, nan 
119.875, 63.125, 9.033896144534982e-22, nan 
120.125, 63.125, 1.355220432725297e-21, nan 
120.375, 63.125, 7.087964974573026e-22, nan 
120.625, 63.125, 8.290344085002894e-22, nan 
120.875, 63.125, 7.386685467091303e-22, nan 
121.125, 63.125, 7.144660636014264e-22, nan 
121.375, 63.125, 7.170475164575902e-22, nan 
121.625, 63.125, 8.311996981918737e-22, nan 
121.875, 63.125, 7.48361410085507e-22, nan 
122.125, 63.125, 1.594396707526976e-21, nan 
122.375, 63.125, 1.0735174172164937e-21, nan 
122.625, 63.125, 1.2200841299543291e-21, nan 
122.875, 63.125, 1.0312238059871642e-21, nan 
123.125, 63.125, 7.349594132127648e-22, nan 
123.375, 63.125, 5.537643589351974e-22, nan 
123.625, 63.125, 2.439004673905052e-22, nan 
123.875, 63.125, 1.402490335699194e-22, nan 
124.125, 63.125, 3.127504057674507e-22, nan 
124.375, 63.125, 3.2169765933777173e-22, nan 
124.625, 63.125, 1.3537841634534043e-22, nan 
124.875, 63.125, 2.3928743524282453e-22, nan 
125.125, 63.125, 2.4394947309059534e-22, nan 
125.375, 63.125, 3.298444905219068e-22, nan 
125.625, 63.125, 2.0085541619528272e-22, nan 
125.875, 63.125, 4.672661997400996e-23, nan 
126.125, 63.125, 3.8746725672126995e-22, nan 
126.375, 63.125, 3.7711111978335035e-22, nan 
126.625, 63.125, 7.670601916344162e-23, nan 
126.875, 63.125, 2.5571602114238493e-22, nan 
127.125, 63.125, 1.9685171463954466e-22, nan 
127.375, 63.125, 7.189253658048617e-23, nan 
127.625, 63.125, 7.39989876721102e-23, nan 
127.875, 63.125, 1.4316197449161053e-22, nan 
128.125, 63.125, 1.7029085614569663e-22, nan 
128.375, 63.125, 2.4592616738463937e-22, nan 
128.625, 63.125, 1.7824817807329038e-22, nan 
128.875, 63.125, 2.155478432189072e-22, nan 
129.125, 63.125, 4.098791729179863e-22, nan 
129.375, 63.125, 3.039044046013057e-22, nan 
129.625, 63.125, 3.3125483074980626e-22, nan 
129.875, 63.125, 1.9159994449421667e-22, nan 
130.125, 63.125, 8.01364161700063e-23, nan 
130.375, 63.125, 8.892392871082863e-23, nan 
130.625, 63.125, 2.110477242498132e-22, nan 
130.875, 63.125, 3.3711717938030573e-22, nan 
131.125, 63.125, 7.301260213049692e-22, nan 
131.375, 63.125, 4.381012030222611e-22, nan 
131.625, 63.125, 2.8523412789810263e-22, nan 
131.875, 63.125, 6.244118054538134e-22, nan 
132.125, 63.125, 3.1905337450569283e-22, nan 
132.375, 63.125, 3.8084682759613765e-22, nan 
132.625, 63.125, 2.7610584230681614e-22, nan 
132.875, 63.125, 2.349909302519744e-22, nan 
133.125, 63.125, 2.53948307481683e-22, nan 
133.375, 63.125, 1.1731560857420017e-22, nan 
133.625, 63.125, 8.315778297999986e-23, nan 
133.875, 63.125, 1.3840403736885118e-22, nan 
134.125, 63.125, 1.472323253351055e-22, nan 
134.375, 63.125, 1.7781396266715005e-22, nan 
134.625, 63.125, 1.7404399448808393e-22, nan 
134.875, 63.125, 1.503991162271252e-22, nan 
135.125, 63.125, 9.94186049401452e-23, nan 
135.375, 63.125, 1.0353199402508142e-22, nan 
135.625, 63.125, 7.749341180294887e-23, nan 
135.875, 63.125, 7.119120058945661e-23, nan 
136.125, 63.125, 5.373810056723199e-23, nan 
136.375, 63.125, 5.418572770824744e-23, nan 
136.625, 63.125, 8.340583303872292e-23, nan 
136.875, 63.125, 5.115013497737665e-23, nan 
137.125, 63.125, 5.72466145086294e-23, nan 
137.375, 63.125, 5.809344207625533e-23, nan 
137.625, 63.125, 4.8603140577666215e-23, nan 
137.875, 63.125, 7.224316906981463e-23, nan 
138.125, 63.125, 7.080873403453e-23, nan 
138.375, 63.125, 4.814127458300507e-23, nan 
138.625, 63.125, 4.7857853198565553e-23, nan 
138.875, 63.125, 5.278558316898094e-23, nan 
139.125, 63.125, 3.85859274588874e-23, nan 
139.375, 63.125, 2.9764481917316643e-23, nan 
139.625, 63.125, 1.3069252544740256e-23, nan 
139.875, 63.125, 2.533561881351456e-23, nan 
140.125, 63.125, 3.648692832150501e-23, nan 
140.375, 63.125, 4.701665475319501e-23, nan 
140.625, 63.125, 3.1851294771520066e-23, nan 
140.875, 63.125, 3.4288393897391595e-23, nan 
141.125, 63.125, 7.050621644335298e-23, nan 
141.375, 63.125, 2.435206403353242e-23, nan 
141.625, 63.125, 3.593675096559721e-23, nan 
141.875, 63.125, 6.718257412740836e-23, nan 
142.125, 63.125, 6.140634904146064e-23, nan 
142.375, 63.125, 3.985641856929305e-23, nan 
142.625, 63.125, 7.535586837543048e-23, nan 
142.875, 63.125, 9.171663516901402e-23, nan 
143.125, 63.125, 3.5923327003731285e-23, nan 
143.375, 63.125, 4.941888481070037e-23, nan 
143.625, 63.125, 7.067806377866946e-23, nan 
143.875, 63.125, 3.158623374683998e-23, nan 
144.125, 63.125, 1.807360309795366e-23, nan 
144.375, 63.125, 2.724879718429641e-23, nan 
144.625, 63.125, 4.50896056362582e-23, nan 
144.875, 63.125, 3.7187866922745303e-23, nan 
145.125, 63.125, 2.953552612271766e-23, nan 
145.375, 63.125, 2.5571502355156608e-23, nan 
145.625, 63.125, 4.2960655963969386e-23, nan 
145.875, 63.125, 3.7697714686258237e-23, nan 
146.125, 63.125, 1.268412108652078e-23, nan 
146.375, 63.125, 2.3897941643799615e-23, nan 
146.625, 63.125, 2.561067548596737e-23, nan 
146.875, 63.125, 1.3714171378571604e-23, nan 
147.125, 63.125, 1.4089698427220136e-23, nan 
147.375, 63.125, 2.218010198208534e-23, nan 
147.625, 63.125, 2.776714318828753e-23, nan 
147.875, 63.125, 3.128011130527355e-23, nan 
148.125, 63.125, 3.532880134158374e-23, nan 
148.375, 63.125, 5.473557543281478e-23, nan 
148.625, 63.125, 5.0513108796701746e-23, nan 
148.875, 63.125, 3.9969587441254424e-23, nan 
149.125, 63.125, 4.924560598430204e-23, nan 
149.375, 63.125, 5.965417282386603e-23, nan 
149.625, 63.125, 9.432845462383655e-23, nan 
149.875, 63.125, 8.018775818356712e-23, nan 
150.125, 63.125, 6.00765599594166e-23, nan 
150.375, 63.125, 1.4461283058017863e-22, nan 
150.625, 63.125, 1.4090639298818752e-22, nan 
150.875, 63.125, 1.0376301545252866e-22, nan 
151.125, 63.125, 5.63822404000463e-23, nan 
151.375, 63.125, 6.713707537238803e-23, nan 
151.625, 63.125, 5.2311432334599184e-23, nan 
151.875, 63.125, 1.2269118565484784e-23, nan 
152.125, 63.125, 9.646386588397612e-24, nan 
152.375, 63.125, 7.907500925736981e-24, nan 
152.625, 63.125, 9.167091776595541e-24, nan 
152.875, 63.125, 7.966330199943476e-24, nan 
153.125, 63.125, 1.1997751547183965e-23, nan 
153.375, 63.125, 1.0475802008507411e-23, nan 
153.625, 63.125, 6.6168850370356095e-24, nan 
153.875, 63.125, 9.213327681066039e-24, nan 
154.125, 63.125, 8.280110906609007e-24, nan 
154.375, 63.125, 1.1053163785128376e-23, nan 
154.625, 63.125, 1.498755219876938e-23, nan 
154.875, 63.125, 2.2683720007598642e-23, nan 
155.125, 63.125, 2.642836149110663e-23, nan 
155.375, 63.125, 3.420163876873136e-23, nan 
155.625, 63.125, 3.571502823272512e-23, nan 
155.875, 63.125, 3.24122148556488e-23, nan 
156.125, 63.125, 3.172522354704214e-23, nan 
156.375, 63.125, 2.900364163487086e-23, nan 
156.625, 63.125, 2.688469130952902e-23, nan 
156.875, 63.125, 2.3258383199433054e-23, nan 
157.125, 63.125, 2.2795249263643233e-23, nan 
157.375, 63.125, 2.1951210710134038e-23, nan 
157.625, 63.125, 2.0088353532976333e-23, nan 
157.875, 63.125, 2.0251679350944252e-23, nan 
158.125, 63.125, 1.3999443014503227e-23, nan 
158.375, 63.125, 9.748461378178564e-24, nan 
158.625, 63.125, 1.406653421273108e-23, nan 
158.875, 63.125, 1.0793763644886602e-23, nan 
159.125, 63.125, 6.119429108598817e-24, nan 
159.375, 63.125, 1.8726063271219964e-23, nan 
159.625, 63.125, 1.9564921577653795e-23, nan 
159.875, 63.125, 8.106513987355679e-24, nan 
160.125, 63.125, 1.7739365015178178e-23, nan 
160.375, 63.125, 1.5524409854536485e-23, nan 
160.625, 63.125, 1.2894079707868869e-23, nan 
160.875, 63.125, 7.597407815408786e-24, nan 
161.125, 63.125, 6.852958017999945e-24, nan 
161.375, 63.125, 4.615923862871851e-24, nan 
161.625, 63.125, 2.7106071448951086e-24, nan 
161.875, 63.125, 4.355444358584772e-24, nan 
162.125, 63.125, 8.741823216927926e-24, nan 
162.375, 63.125, 7.077361000138613e-24, nan 
162.625, 63.125, 1.253356611988368e-23, nan 
162.875, 63.125, 1.4505151029147233e-23, nan 
163.125, 63.125, 1.462891907924277e-23, nan 
163.375, 63.125, 1.818929865667781e-23, nan 
163.625, 63.125, 7.897954853910166e-24, nan 
163.875, 63.125, 1.8630059509051103e-23, nan 
164.125, 63.125, 2.883553672320777e-23, nan 
164.375, 63.125, 8.815444006149425e-24, nan 
164.625, 63.125, 2.3917600218021124e-23, nan 
164.875, 63.125, 3.579474140628783e-23, nan 
165.125, 63.125, 2.0557240001582386e-23, nan 
165.375, 63.125, 3.828823727512872e-23, nan 
165.625, 63.125, 2.532013474457558e-23, nan 
165.875, 63.125, 1.0835546869653649e-23, nan 
166.125, 63.125, 2.1410523463653872e-23, nan 
166.375, 63.125, 2.0029315915519606e-23, nan 
166.625, 63.125, 1.4724824458831413e-23, nan 
166.875, 63.125, 1.2032855906195413e-23, nan 
167.125, 63.125, 1.4293661597611095e-23, nan 
167.375, 63.125, 1.3984237683726675e-23, nan 
167.625, 63.125, 1.019072467802894e-23, nan 
167.875, 63.125, 7.44700304956396e-24, nan 
168.125, 63.125, 6.912085249161716e-24, nan 
168.375, 63.125, 1.5319519620564743e-23, nan 
168.625, 63.125, 1.2917390684158637e-23, nan 
168.875, 63.125, 8.88549548281986e-24, nan 
169.125, 63.125, 5.821797614797645e-24, nan 
169.375, 63.125, 4.7302814309824576e-24, nan 
169.625, 63.125, 8.341707045542759e-24, nan 
169.875, 63.125, 1.0508159023682061e-23, nan 
170.125, 63.125, 1.2679281710643244e-23, nan 
170.375, 63.125, 1.304874811045412e-23, nan 
170.625, 63.125, 1.0128932636369197e-23, nan 
170.875, 63.125, 4.170377434374227e-24, nan 
171.125, 63.125, 4.397380339943671e-24, nan 
171.375, 63.125, 2.331456162220977e-24, nan 
171.625, 63.125, 1.81338719610441e-24, nan 
171.875, 63.125, 2.717812892624343e-24, nan 
172.125, 63.125, 3.269180064083944e-24, nan 
172.375, 63.125, 4.224412758798821e-24, nan 
172.625, 63.125, 3.611967851395225e-24, nan 
172.875, 63.125, 3.2851820620516333e-24, nan 
173.125, 63.125, 2.3427861127627222e-24, nan 
173.375, 63.125, 4.639933682793264e-24, nan 
173.625, 63.125, 6.508284645775168e-24, nan 
173.875, 63.125, 3.712217391434801e-24, nan 
174.125, 63.125, 4.510487846736584e-24, nan 
174.375, 63.125, 1.2279246435176095e-23, nan 
174.625, 63.125, 9.260300879337477e-24, nan 
174.875, 63.125, 4.5827814734401614e-24, nan 
175.125, 63.125, 1.0658437909535038e-23, nan 
175.375, 63.125, 9.395489460231386e-24, nan 
175.625, 63.125, 4.371817786705508e-24, nan 
41.375, 63.375, 1.0517027370490596e-24, nan 
41.625, 63.375, 2.0574272911409754e-24, nan 
41.875, 63.375, 7.836279281822554e-25, nan 
42.125, 63.375, 1.3725619375852912e-24, nan 
42.375, 63.375, 1.8363308067689146e-24, nan 
42.625, 63.375, 1.404330057806893e-24, nan 
42.875, 63.375, 3.572094145761907e-24, nan 
43.125, 63.375, 5.199256004896504e-24, nan 
43.375, 63.375, 2.289550969127406e-24, nan 
43.625, 63.375, 6.770734099238231e-24, nan 
43.875, 63.375, 1.1025491736978739e-23, nan 
44.125, 63.375, 4.998984543363584e-24, nan 
44.375, 63.375, 4.583521797896691e-24, nan 
44.625, 63.375, 6.966603836737601e-24, nan 
44.875, 63.375, 3.881398465169924e-24, nan 
45.125, 63.375, 3.542528832020063e-24, nan 
45.375, 63.375, 6.5599093065587564e-24, nan 
45.625, 63.375, 5.737310893900874e-24, nan 
45.875, 63.375, 5.4597199292344895e-24, nan 
46.125, 63.375, 6.93163764484531e-24, nan 
46.375, 63.375, 1.0129482452697556e-23, nan 
46.625, 63.375, 1.0163974949601212e-23, nan 
46.875, 63.375, 5.864747375511744e-24, nan 
47.125, 63.375, 2.899028974693903e-24, nan 
47.375, 63.375, 3.834353524461565e-24, nan 
47.625, 63.375, 3.819758841994242e-24, nan 
47.875, 63.375, 4.404683298600775e-24, nan 
48.125, 63.375, 2.802678969219661e-24, nan 
48.375, 63.375, 8.557536454727698e-24, nan 
48.625, 63.375, 1.0723025344995053e-23, nan 
48.875, 63.375, 5.835429557384352e-24, nan 
49.125, 63.375, 5.2633968876006724e-24, nan 
49.375, 63.375, 7.897433895817137e-24, nan 
49.625, 63.375, 6.5728720429941984e-24, nan 
49.875, 63.375, 4.506853143189735e-24, nan 
50.125, 63.375, 6.388569358654324e-24, nan 
50.375, 63.375, 8.920193974673193e-24, nan 
50.625, 63.375, 3.864070248762631e-24, nan 
50.875, 63.375, 3.8370330324864695e-24, nan 
51.125, 63.375, 2.9395455372027655e-24, nan 
51.375, 63.375, 3.727391346706082e-24, nan 
51.625, 63.375, 4.339766771018185e-24, nan 
51.875, 63.375, 5.640036622403266e-24, nan 
52.125, 63.375, 5.384316622878828e-24, nan 
52.375, 63.375, 7.038128991773963e-24, nan 
52.625, 63.375, 8.173706411659053e-24, nan 
52.875, 63.375, 5.981728650193068e-24, nan 
53.125, 63.375, 6.386180252752198e-24, nan 
53.375, 63.375, 6.884140188356377e-24, nan 
53.625, 63.375, 6.580445316609492e-24, nan 
53.875, 63.375, 8.453264146544173e-24, nan 
54.125, 63.375, 1.0357958927665651e-23, nan 
54.375, 63.375, 8.280224967030159e-24, nan 
54.625, 63.375, 1.2052347270088832e-23, nan 
54.875, 63.375, 1.051173553283827e-23, nan 
55.125, 63.375, 7.33898440804833e-24, nan 
55.375, 63.375, 7.110112487564762e-24, nan 
55.625, 63.375, 1.2187251406316657e-23, nan 
55.875, 63.375, 1.2425088634489529e-23, nan 
56.125, 63.375, 9.601555712586621e-24, nan 
56.375, 63.375, 1.5291965897084657e-23, nan 
56.625, 63.375, 1.6561612255439873e-23, nan 
56.875, 63.375, 1.2676982506328454e-23, nan 
57.125, 63.375, 7.71335475352191e-24, nan 
57.375, 63.375, 1.0890907618832196e-23, nan 
57.625, 63.375, 1.7366509139293826e-23, nan 
57.875, 63.375, 2.3564943975698637e-23, nan 
58.125, 63.375, 2.4289411944810112e-23, nan 
58.375, 63.375, 1.5908920659151973e-23, nan 
58.625, 63.375, 1.6657279359302764e-23, nan 
58.875, 63.375, 1.591200795288956e-23, nan 
59.125, 63.375, 1.2007319381736454e-23, nan 
59.375, 63.375, 9.608561877784467e-24, nan 
59.625, 63.375, 1.3447759088021086e-23, nan 
59.875, 63.375, 1.4857193078083048e-23, nan 
60.125, 63.375, 1.5571282637768814e-23, nan 
60.375, 63.375, 1.3112255430206657e-23, nan 
60.625, 63.375, 1.4634860827387414e-23, nan 
60.875, 63.375, 2.014995526623095e-23, nan 
61.125, 63.375, 1.5937000720875275e-23, nan 
61.375, 63.375, 1.454813664289894e-23, nan 
61.625, 63.375, 7.547082201040947e-24, nan 
61.875, 63.375, 1.7065259547537312e-23, nan 
62.125, 63.375, 1.5066680385974971e-23, nan 
62.375, 63.375, 1.2656401442466536e-23, nan 
62.625, 63.375, 3.159954117029042e-23, nan 
62.875, 63.375, 6.755559090348304e-24, nan 
63.125, 63.375, 1.4778654002922602e-23, nan 
63.375, 63.375, 4.209279687716991e-23, nan 
63.625, 63.375, 9.544466935190122e-24, nan 
63.875, 63.375, 1.3202718589684789e-23, nan 
64.125, 63.375, 1.9342672868627384e-23, nan 
64.375, 63.375, 1.0085779512183402e-23, nan 
64.625, 63.375, 7.22845501911606e-24, nan 
64.875, 63.375, 1.1770028453307296e-23, nan 
65.125, 63.375, 1.3910715875072788e-23, nan 
65.375, 63.375, 2.7075831138277144e-23, nan 
65.625, 63.375, 3.745907920001734e-23, nan 
65.875, 63.375, 2.1340614105845927e-23, nan 
66.125, 63.375, 1.82143862680486e-23, nan 
66.375, 63.375, 2.0087486419115354e-23, nan 
66.625, 63.375, 1.6993938848674107e-23, nan 
66.875, 63.375, 2.951341647115662e-23, nan 
67.125, 63.375, 1.4196392867415494e-23, nan 
67.375, 63.375, 1.9723462474371328e-23, nan 
67.625, 63.375, 1.7972670249231568e-23, nan 
67.875, 63.375, 1.8035262426895654e-23, nan 
68.125, 63.375, 3.0567874663190535e-23, nan 
68.375, 63.375, 2.0636404601420078e-23, nan 
68.625, 63.375, 2.6380816258682816e-23, nan 
68.875, 63.375, 2.8088648551282335e-23, nan 
69.125, 63.375, 4.2376487252791786e-23, nan 
69.375, 63.375, 3.892640307298943e-23, nan 
69.625, 63.375, 5.082363233184552e-23, nan 
69.875, 63.375, 6.179653047151129e-23, nan 
70.125, 63.375, 3.955468726584446e-23, nan 
70.375, 63.375, 3.3356542654509675e-23, nan 
70.625, 63.375, 1.5375322074662522e-23, nan 
70.875, 63.375, 1.6140834582065868e-23, nan 
71.125, 63.375, 3.3675272598451776e-23, nan 
71.375, 63.375, 4.3779134563196217e-23, nan 
71.625, 63.375, 6.054058611863343e-23, nan 
71.875, 63.375, 5.358861659303399e-23, nan 
72.125, 63.375, 5.055729088016923e-23, nan 
72.375, 63.375, 5.0918639223405625e-23, nan 
72.625, 63.375, 3.8598958687179965e-23, nan 
72.875, 63.375, 7.426217139967337e-23, nan 
73.125, 63.375, 8.655467732594959e-23, nan 
73.375, 63.375, 4.2516077190015856e-23, nan 
73.625, 63.375, 7.607808936216339e-23, nan 
73.875, 63.375, 6.877224386522422e-23, nan 
74.125, 63.375, 1.9970736358637796e-23, nan 
74.375, 63.375, 2.2601563682094707e-23, nan 
74.625, 63.375, 2.869057605682647e-23, nan 
74.875, 63.375, 3.216085616496083e-23, nan 
75.125, 63.375, 6.776769371781572e-23, nan 
75.375, 63.375, 1.545466920322703e-23, nan 
75.625, 63.375, 2.273720639124049e-23, nan 
75.875, 63.375, 2.775552699510112e-23, nan 
76.125, 63.375, 2.0254446506562683e-23, nan 
76.375, 63.375, 2.6503575396776746e-23, nan 
76.625, 63.375, 1.1878404770974506e-22, nan 
76.875, 63.375, 1.7037553340684204e-22, nan 
77.125, 63.375, 1.294570904908682e-22, nan 
77.375, 63.375, 1.867858176361406e-22, nan 
77.625, 63.375, 1.386009938528831e-22, nan 
77.875, 63.375, 7.15952065795109e-23, nan 
78.125, 63.375, 7.912939042378708e-23, nan 
78.375, 63.375, 6.972639367458647e-23, nan 
78.625, 63.375, 6.519997635984361e-23, nan 
78.875, 63.375, 6.699455432879596e-23, nan 
79.125, 63.375, 9.085828299557749e-23, nan 
79.375, 63.375, 8.403132740167129e-23, nan 
79.625, 63.375, 1.0122703623139254e-22, nan 
79.875, 63.375, 1.2430547731899093e-22, nan 
80.125, 63.375, 9.346305326485989e-23, nan 
80.375, 63.375, 1.4424494691480193e-22, nan 
80.625, 63.375, 2.373411316608074e-22, nan 
80.875, 63.375, 3.3195004271403174e-22, nan 
81.125, 63.375, 1.6930177284739763e-22, nan 
81.375, 63.375, 1.0676976818631157e-22, nan 
81.625, 63.375, 7.429898832379342e-22, nan 
81.875, 63.375, 7.841595777953906e-23, nan 
82.125, 63.375, 7.641054080535578e-23, nan 
82.375, 63.375, 4.1995266405599415e-22, nan 
82.625, 63.375, 6.648181955653426e-23, nan 
82.875, 63.375, 6.685460478422876e-23, nan 
83.125, 63.375, 1.6313622466471037e-22, nan 
83.375, 63.375, 1.361244417608146e-22, nan 
83.625, 63.375, 1.2004685347048545e-22, nan 
83.875, 63.375, 1.4490088723582497e-22, nan 
84.125, 63.375, 1.4121449527289934e-22, nan 
84.375, 63.375, 1.3291620303551256e-22, nan 
84.625, 63.375, 1.8660523092705886e-22, nan 
84.875, 63.375, 1.8031446891213434e-22, nan 
85.125, 63.375, 1.1977155696264044e-22, nan 
85.375, 63.375, 1.7394376438071848e-22, nan 
85.625, 63.375, 3.614872382406202e-22, nan 
85.875, 63.375, 5.830637646051006e-22, nan 
86.125, 63.375, 4.114947152504627e-22, nan 
86.375, 63.375, 2.0712509024630934e-22, nan 
86.625, 63.375, 1.7887308035357287e-22, nan 
86.875, 63.375, 3.5872764751963214e-22, nan 
87.125, 63.375, 3.343496165262515e-22, nan 
87.375, 63.375, 5.61374527120854e-22, nan 
87.625, 63.375, 9.735049525883513e-22, nan 
87.875, 63.375, 7.972137189406099e-22, nan 
88.125, 63.375, 6.201617148617088e-22, nan 
88.375, 63.375, 5.408130846062679e-22, nan 
88.625, 63.375, 5.280813945870292e-22, nan 
88.875, 63.375, 7.337597339792688e-22, nan 
89.125, 63.375, 9.41522533572552e-22, nan 
89.375, 63.375, 9.29355700668759e-22, nan 
89.625, 63.375, 6.854001786550781e-22, nan 
89.875, 63.375, 1.085844458344657e-21, nan 
90.125, 63.375, 1.0856388163028043e-21, nan 
90.375, 63.375, 8.81462811813773e-22, nan 
90.625, 63.375, 3.649051972914664e-22, nan 
90.875, 63.375, 1.0353826222025334e-21, nan 
91.125, 63.375, 7.442059353745431e-22, nan 
91.375, 63.375, 4.616158607559426e-22, nan 
91.625, 63.375, 6.986755178111285e-22, nan 
91.875, 63.375, 7.11036325757729e-22, nan 
92.125, 63.375, 6.269895399134678e-22, nan 
92.375, 63.375, 8.1137143361377815e-22, nan 
92.625, 63.375, 7.148098996832702e-22, nan 
92.875, 63.375, 6.678450810272289e-22, nan 
93.125, 63.375, 7.958969005872602e-22, nan 
93.375, 63.375, 1.0550358777316365e-21, nan 
93.625, 63.375, 1.4408626322828177e-21, nan 
93.875, 63.375, 8.804845457006166e-22, nan 
94.125, 63.375, 7.021632457725597e-22, nan 
94.375, 63.375, 1.1386867815257408e-21, nan 
94.625, 63.375, 9.440402509634896e-22, nan 
94.875, 63.375, 1.7797344811673607e-21, nan 
95.125, 63.375, 1.1138029559741218e-21, nan 
95.375, 63.375, 9.272689917920429e-22, nan 
95.625, 63.375, 1.4525742269738638e-21, nan 
95.875, 63.375, 1.1647739931788782e-21, nan 
96.125, 63.375, 9.142546057783571e-22, nan 
96.375, 63.375, 9.195803702554858e-22, nan 
96.625, 63.375, 7.176459840161536e-22, nan 
96.875, 63.375, 5.730845644681604e-22, nan 
97.125, 63.375, 1.0907235056184906e-21, nan 
97.375, 63.375, 8.222603991303088e-22, nan 
97.625, 63.375, 1.331162047514046e-21, nan 
97.875, 63.375, 1.943991523640625e-21, nan 
98.125, 63.375, 2.595337717261836e-21, nan 
98.375, 63.375, 2.952777946858393e-21, nan 
98.625, 63.375, 3.1205732435748696e-21, nan 
98.875, 63.375, 3.553169068388391e-21, nan 
99.125, 63.375, 4.6839800713628144e-21, nan 
99.375, 63.375, 7.312222890222146e-21, nan 
99.625, 63.375, 7.942142394419746e-21, nan 
99.875, 63.375, 7.03454810499006e-21, nan 
100.125, 63.375, 7.136458328512982e-21, nan 
100.375, 63.375, 6.64542699209527e-21, nan 
100.625, 63.375, 2.327177902321735e-21, nan 
100.875, 63.375, 1.2889067258029215e-21, nan 
101.125, 63.375, 1.6967316329608634e-21, nan 
101.375, 63.375, 1.871034011236432e-21, nan 
101.625, 63.375, 1.4719580245524022e-21, nan 
101.875, 63.375, 2.225094378116611e-21, nan 
102.125, 63.375, 6.361002259973562e-21, nan 
102.375, 63.375, 5.8116324875873664e-21, nan 
102.625, 63.375, 6.75440777281121e-21, nan 
102.875, 63.375, 7.678386708254122e-21, nan 
103.125, 63.375, 6.959673955219432e-21, nan 
103.375, 63.375, 3.495213149109655e-21, nan 
103.625, 63.375, 4.605753647152116e-21, nan 
103.875, 63.375, 4.123737514583231e-21, nan 
104.125, 63.375, 3.597844796846398e-21, nan 
104.375, 63.375, 2.923634485265846e-21, nan 
104.625, 63.375, 3.444726054000971e-21, nan 
104.875, 63.375, 2.4840230796528856e-21, nan 
105.125, 63.375, 2.270274723056871e-21, nan 
105.375, 63.375, 2.5514951894185188e-21, nan 
105.625, 63.375, 1.4032559666584416e-21, nan 
105.875, 63.375, 1.3174710451610492e-21, nan 
106.125, 63.375, 9.847104700023333e-22, nan 
106.375, 63.375, 1.3725465347845933e-21, nan 
106.625, 63.375, 9.638819421660336e-22, nan 
106.875, 63.375, 1.0086988205459937e-21, nan 
107.125, 63.375, 2.4012536465606345e-21, nan 
107.375, 63.375, 3.0607676247742035e-21, nan 
107.625, 63.375, 1.900829606105275e-21, nan 
107.875, 63.375, 3.2293329414944005e-21, nan 
108.125, 63.375, 4.052883948346048e-21, nan 
108.375, 63.375, 4.5913314979074045e-21, nan 
108.625, 63.375, 4.819648034418311e-21, nan 
108.875, 63.375, 6.246028716993681e-21, nan 
109.125, 63.375, 5.6620250543262976e-21, nan 
109.375, 63.375, 3.0626804760807577e-21, nan 
109.625, 63.375, 4.213310068060976e-21, nan 
109.875, 63.375, 5.195239026267811e-21, nan 
110.125, 63.375, 3.971785162972899e-21, nan 
110.375, 63.375, 2.6370599871046996e-21, nan 
110.625, 63.375, 1.911948318811121e-21, nan 
110.875, 63.375, 1.909854565133956e-21, nan 
111.125, 63.375, 1.7649137116760674e-21, nan 
111.375, 63.375, 1.391644102183396e-21, nan 
111.625, 63.375, 1.4713877334308176e-21, nan 
111.875, 63.375, 1.571062993286607e-21, nan 
112.125, 63.375, 1.2176534697766604e-21, nan 
112.375, 63.375, 1.3668271882752192e-21, nan 
112.625, 63.375, 4.337215172786224e-22, nan 
112.875, 63.375, 6.052861486893224e-22, nan 
113.125, 63.375, 9.385013754123461e-22, nan 
113.375, 63.375, 2.054246201981759e-22, nan 
113.625, 63.375, 8.412782191814196e-22, nan 
113.875, 63.375, 1.0665873254293722e-21, nan 
114.125, 63.375, 9.822572183658015e-22, nan 
114.375, 63.375, 6.2253642094622255e-22, nan 
114.625, 63.375, 7.504117399999818e-22, nan 
114.875, 63.375, 7.007115909933939e-22, nan 
115.125, 63.375, 1.0391148558418108e-21, nan 
115.375, 63.375, 2.5357509259928763e-21, nan 
115.625, 63.375, 3.4896763691773725e-21, nan 
115.875, 63.375, 3.8950161959934465e-21, nan 
116.125, 63.375, 2.1680512654817905e-21, nan 
116.375, 63.375, 1.2452777617319313e-21, nan 
116.625, 63.375, 1.1533740100012977e-21, nan 
116.875, 63.375, 1.0002913913863292e-21, nan 
117.125, 63.375, 8.792069360283175e-22, nan 
117.375, 63.375, 7.2078630986261485e-22, nan 
117.625, 63.375, 2.641566376355604e-21, nan 
117.875, 63.375, 1.1030980800498705e-21, nan 
118.125, 63.375, 7.997194998951258e-22, nan 
118.375, 63.375, 1.1784562513857149e-21, nan 
118.625, 63.375, 8.825709395709314e-22, nan 
118.875, 63.375, 7.175043148938912e-22, nan 
119.125, 63.375, 8.041639563180859e-22, nan 
119.375, 63.375, 1.0698534492326392e-21, nan 
119.625, 63.375, 9.073366435522134e-22, nan 
119.875, 63.375, 1.0998303352464964e-21, nan 
120.125, 63.375, 1.6679344329856642e-21, nan 
120.375, 63.375, 1.0372956684566226e-21, nan 
120.625, 63.375, 1.203637003372938e-21, nan 
120.875, 63.375, 1.2284179544886421e-21, nan 
121.125, 63.375, 7.56509165444264e-22, nan 
121.375, 63.375, 1.0416000113036006e-21, nan 
121.625, 63.375, 1.4458236793182768e-21, nan 
121.875, 63.375, 7.38729107956926e-22, nan 
122.125, 63.375, 1.2100631111903748e-21, nan 
122.375, 63.375, 1.326510940196808e-21, nan 
122.625, 63.375, 7.440132521209177e-22, nan 
122.875, 63.375, 5.703585830495251e-22, nan 
123.125, 63.375, 3.946060278984333e-22, nan 
123.375, 63.375, 2.849269884886088e-22, nan 
123.625, 63.375, 2.4078899462164645e-22, nan 
123.875, 63.375, 3.5399661020341403e-22, nan 
124.125, 63.375, 5.038013953127229e-22, nan 
124.375, 63.375, 5.848853907199769e-22, nan 
124.625, 63.375, 2.1983043959469085e-22, nan 
124.875, 63.375, 4.470426223944179e-22, nan 
125.125, 63.375, 5.013964087448833e-22, nan 
125.375, 63.375, 3.1881684455943056e-22, nan 
125.625, 63.375, 6.517198517215861e-23, nan 
125.875, 63.375, 1.4114868584273415e-22, nan 
126.125, 63.375, 2.4653233920665157e-22, nan 
126.375, 63.375, 2.195043551990102e-22, nan 
126.625, 63.375, 1.2417046342723907e-22, nan 
126.875, 63.375, 1.3019077112891956e-22, nan 
127.125, 63.375, 1.0968796953853295e-22, nan 
127.375, 63.375, 6.318106885769931e-23, nan 
127.625, 63.375, 1.9059153944206538e-22, nan 
127.875, 63.375, 2.420921188960255e-22, nan 
128.125, 63.375, 2.021253812557863e-22, nan 
128.375, 63.375, 3.5546897985616893e-22, nan 
128.625, 63.375, 5.809123325854833e-22, nan 
128.875, 63.375, 3.958985190303743e-22, nan 
129.125, 63.375, 5.060735522409151e-22, nan 
129.375, 63.375, 3.6748281546696037e-22, nan 
129.625, 63.375, 5.45444669581342e-23, nan 
129.875, 63.375, 2.207174692145118e-22, nan 
130.125, 63.375, 2.5059881728060675e-22, nan 
130.375, 63.375, 4.97094378517775e-22, nan 
130.625, 63.375, 4.388214630425721e-22, nan 
130.875, 63.375, 3.4328768960089484e-22, nan 
131.125, 63.375, 8.192449849584647e-22, nan 
131.375, 63.375, 5.410789776462599e-22, nan 
131.625, 63.375, 6.101323631862672e-22, nan 
131.875, 63.375, 1.1921962784735216e-21, nan 
132.125, 63.375, 4.6485524703733415e-22, nan 
132.375, 63.375, 2.1129971131405619e-22, nan 
132.625, 63.375, 2.165312671476399e-22, nan 
132.875, 63.375, 2.704725128895281e-22, nan 
133.125, 63.375, 1.3850963829475144e-22, nan 
133.375, 63.375, 1.0359158093814102e-22, nan 
133.625, 63.375, 1.3968998252775436e-22, nan 
133.875, 63.375, 9.850564354701676e-23, nan 
134.125, 63.375, 1.13662134627616e-22, nan 
134.375, 63.375, 2.551812597945373e-22, nan 
134.625, 63.375, 1.4707667485835446e-22, nan 
134.875, 63.375, 6.57194997948753e-23, nan 
135.125, 63.375, 1.4701957619602335e-22, nan 
135.375, 63.375, 9.230163871283196e-23, nan 
135.625, 63.375, 4.461973274406916e-23, nan 
135.875, 63.375, 6.436745789014789e-23, nan 
136.125, 63.375, 9.064558422062116e-23, nan 
136.375, 63.375, 1.1311035336408243e-22, nan 
136.625, 63.375, 8.611504093777932e-23, nan 
136.875, 63.375, 6.399960886848761e-23, nan 
137.125, 63.375, 7.10262293132085e-23, nan 
137.375, 63.375, 5.862380563616328e-23, nan 
137.625, 63.375, 7.092821075021004e-23, nan 
137.875, 63.375, 1.1532577828074097e-22, nan 
138.125, 63.375, 9.563434141209671e-23, nan 
138.375, 63.375, 3.941649468995816e-23, nan 
138.625, 63.375, 8.0703591909888e-23, nan 
138.875, 63.375, 7.739793443473431e-23, nan 
139.125, 63.375, 3.6839582600426316e-23, nan 
139.375, 63.375, 2.034571965883675e-23, nan 
139.625, 63.375, 1.623158763611044e-23, nan 
139.875, 63.375, 3.888262665026538e-23, nan 
140.125, 63.375, 7.00531115493356e-23, nan 
140.375, 63.375, 5.166607535992181e-23, nan 
140.625, 63.375, 3.516792728840051e-23, nan 
140.875, 63.375, 4.4341095059233954e-23, nan 
141.125, 63.375, 4.2826767488279644e-23, nan 
141.375, 63.375, 1.7025096400939013e-23, nan 
141.625, 63.375, 2.1730907903922888e-23, nan 
141.875, 63.375, 5.202476865039448e-23, nan 
142.125, 63.375, 5.687908051757546e-23, nan 
142.375, 63.375, 2.920137896618155e-23, nan 
142.625, 63.375, 7.850283582033219e-23, nan 
142.875, 63.375, 1.0739688043312226e-22, nan 
143.125, 63.375, 4.170507546497769e-23, nan 
143.375, 63.375, 6.635245859843688e-23, nan 
143.625, 63.375, 9.898387637966868e-23, nan 
143.875, 63.375, 4.619297991782324e-23, nan 
144.125, 63.375, 1.7201694880120184e-23, nan 
144.375, 63.375, 3.854140762902397e-23, nan 
144.625, 63.375, 4.268396620600423e-23, nan 
144.875, 63.375, 3.786069593925433e-23, nan 
145.125, 63.375, 1.7694605319949255e-23, nan 
145.375, 63.375, 4.369069594037807e-23, nan 
145.625, 63.375, 5.1782171119838425e-23, nan 
145.875, 63.375, 4.3621937399162776e-23, nan 
146.125, 63.375, 2.0050188952301856e-23, nan 
146.375, 63.375, 2.363713821772007e-23, nan 
146.625, 63.375, 2.6680861186288145e-23, nan 
146.875, 63.375, 1.6470006554255693e-23, nan 
147.125, 63.375, 1.5445987451999167e-23, nan 
147.375, 63.375, 2.245648737783063e-23, nan 
147.625, 63.375, 2.797924576258176e-23, nan 
147.875, 63.375, 3.5700794117073124e-23, nan 
148.125, 63.375, 4.799092865434185e-23, nan 
148.375, 63.375, 5.957730810256553e-23, nan 
148.625, 63.375, 6.053818047743712e-23, nan 
148.875, 63.375, 4.7902376879012163e-23, nan 
149.125, 63.375, 5.722881472895443e-23, nan 
149.375, 63.375, 6.275841870707612e-23, nan 
149.625, 63.375, 5.058542851778865e-23, nan 
149.875, 63.375, 2.882672611429763e-23, nan 
150.125, 63.375, 4.886543875312308e-23, nan 
150.375, 63.375, 8.357403560449812e-23, nan 
150.625, 63.375, 8.789668377321958e-23, nan 
150.875, 63.375, 6.306619506007025e-23, nan 
151.125, 63.375, 1.631750867722939e-23, nan 
151.375, 63.375, 2.4220036534858876e-23, nan 
151.625, 63.375, 4.435497372359915e-23, nan 
151.875, 63.375, 1.1071540522063139e-23, nan 
152.125, 63.375, 1.331859557008939e-23, nan 
152.375, 63.375, 1.9429075618445864e-23, nan 
152.625, 63.375, 7.860410230777212e-24, nan 
152.875, 63.375, 9.859772375161859e-24, nan 
153.125, 63.375, 1.2228080515771313e-23, nan 
153.375, 63.375, 9.614631786549216e-24, nan 
153.625, 63.375, 8.682245960084058e-24, nan 
153.875, 63.375, 5.347186909869602e-24, nan 
154.125, 63.375, 1.2658364713173857e-23, nan 
154.375, 63.375, 7.025094123337992e-24, nan 
154.625, 63.375, 1.1975771684843483e-23, nan 
154.875, 63.375, 2.251004407716775e-23, nan 
155.125, 63.375, 2.2991831745334602e-23, nan 
155.375, 63.375, 3.5033662767507725e-23, nan 
155.625, 63.375, 4.1148184772291715e-23, nan 
155.875, 63.375, 3.3874531089616244e-23, nan 
156.125, 63.375, 3.389285551716324e-23, nan 
156.375, 63.375, 3.731711583535012e-23, nan 
156.625, 63.375, 2.882030325049542e-23, nan 
156.875, 63.375, 2.0028927604063004e-23, nan 
157.125, 63.375, 2.3469438544579076e-23, nan 
157.375, 63.375, 1.8611378203436334e-23, nan 
157.625, 63.375, 1.1109270635609714e-23, nan 
157.875, 63.375, 9.433514401480802e-24, nan 
158.125, 63.375, 2.6081394015283266e-23, nan 
158.375, 63.375, 1.1288965368868849e-23, nan 
158.625, 63.375, 1.1736565509369304e-23, nan 
158.875, 63.375, 1.1427561182563683e-23, nan 
159.125, 63.375, 1.0631572203679e-23, nan 
159.375, 63.375, 2.1114879826679282e-23, nan 
159.625, 63.375, 1.9273468423353244e-23, nan 
159.875, 63.375, 7.551221101724391e-24, nan 
160.125, 63.375, 1.869098819402102e-23, nan 
160.375, 63.375, 1.6439683181857418e-23, nan 
160.625, 63.375, 6.224390511779515e-24, nan 
160.875, 63.375, 1.109330035529686e-23, nan 
161.125, 63.375, 6.629715556663652e-24, nan 
161.375, 63.375, 1.4561122770398658e-23, nan 
161.625, 63.375, 1.305860256779313e-23, nan 
161.875, 63.375, 7.638051893094476e-24, nan 
162.125, 63.375, 2.2092052565431213e-23, nan 
162.375, 63.375, 1.816221450964461e-23, nan 
162.625, 63.375, 1.0316656097902652e-23, nan 
162.875, 63.375, 1.983130210426528e-23, nan 
163.125, 63.375, 1.604858886158357e-23, nan 
163.375, 63.375, 1.0171349631495274e-23, nan 
163.625, 63.375, 4.469880121251139e-24, nan 
163.875, 63.375, 1.5849733639614407e-23, nan 
164.125, 63.375, 2.725153045481123e-23, nan 
164.375, 63.375, 2.4614673504261177e-23, nan 
164.625, 63.375, 3.015334135939182e-23, nan 
164.875, 63.375, 4.132718925662976e-23, nan 
165.125, 63.375, 3.9744441922476767e-23, nan 
165.375, 63.375, 3.4032184599493117e-23, nan 
165.625, 63.375, 2.5933391263181397e-23, nan 
165.875, 63.375, 1.375623590324729e-23, nan 
166.125, 63.375, 2.0548423129917413e-23, nan 
166.375, 63.375, 1.9916763150661242e-23, nan 
166.625, 63.375, 1.4264914613011367e-23, nan 
166.875, 63.375, 1.0429806723513374e-23, nan 
167.125, 63.375, 1.2124522127963558e-23, nan 
167.375, 63.375, 1.122883439780609e-23, nan 
167.625, 63.375, 5.979549680482832e-24, nan 
167.875, 63.375, 3.6279209742331734e-24, nan 
168.125, 63.375, 1.603857549037461e-24, nan 
168.375, 63.375, 6.291726778456095e-24, nan 
168.625, 63.375, 9.804790904987874e-24, nan 
168.875, 63.375, 8.60326184016073e-24, nan 
169.125, 63.375, 8.696858040428366e-24, nan 
169.375, 63.375, 1.0254355356448176e-23, nan 
169.625, 63.375, 1.057357276714647e-23, nan 
169.875, 63.375, 1.266495970997405e-23, nan 
170.125, 63.375, 2.2404644409752638e-23, nan 
170.375, 63.375, 1.8869147338968674e-23, nan 
170.625, 63.375, 2.260061032435224e-23, nan 
170.875, 63.375, 1.7356679435762837e-23, nan 
171.125, 63.375, 1.5286955736887355e-23, nan 
171.375, 63.375, 7.967910323036038e-24, nan 
171.625, 63.375, 3.0095693800443664e-24, nan 
171.875, 63.375, 3.0709845205861923e-24, nan 
172.125, 63.375, 3.9213732020526736e-24, nan 
172.375, 63.375, 2.814924847037794e-24, nan 
172.625, 63.375, 3.442176486805794e-24, nan 
172.875, 63.375, 1.7960482430853244e-24, nan 
173.125, 63.375, 2.6147163634586673e-24, nan 
173.375, 63.375, 3.1494032041845986e-24, nan 
173.625, 63.375, 6.065552675594378e-24, nan 
173.875, 63.375, 7.664161827937844e-24, nan 
174.125, 63.375, 5.97867160899195e-24, nan 
174.375, 63.375, 8.329573055959921e-24, nan 
174.625, 63.375, 1.3372786483672902e-23, nan 
174.875, 63.375, 8.214020962617784e-24, nan 
175.125, 63.375, 7.465318936725558e-24, nan 
175.375, 63.375, 1.2680714500072955e-23, nan 
175.625, 63.375, 9.169882780366495e-24, nan 
175.875, 63.375, 7.892147454558387e-24, nan 
176.125, 63.375, 1.451865975059878e-23, nan 
40.375, 63.625, 1.711801145602075e-24, nan 
40.625, 63.625, 1.2862501852271879e-24, nan 
40.875, 63.625, 1.5260611178618972e-24, nan 
41.125, 63.625, 1.4697433717293478e-24, nan 
41.375, 63.625, 1.1459532860050024e-24, nan 
41.625, 63.625, 1.0400818794900864e-24, nan 
41.875, 63.625, 9.327454364782487e-25, nan 
42.125, 63.625, 1.558886678463988e-24, nan 
42.375, 63.625, 1.801250662793124e-24, nan 
42.625, 63.625, 2.0926853589179756e-24, nan 
42.875, 63.625, 9.050909484046271e-25, nan 
43.125, 63.625, 2.5539809769515457e-24, nan 
43.375, 63.625, 2.5465139210113877e-24, nan 
43.625, 63.625, 4.57665219646059e-24, nan 
43.875, 63.625, 7.504163442485707e-24, nan 
44.125, 63.625, 3.8445157775347836e-24, nan 
44.375, 63.625, 3.343977448321144e-24, nan 
44.625, 63.625, 3.005099325259165e-24, nan 
44.875, 63.625, 4.147274571713291e-24, nan 
45.125, 63.625, 4.913490569984296e-24, nan 
45.375, 63.625, 4.985279058891115e-24, nan 
45.625, 63.625, 5.416043505591838e-24, nan 
45.875, 63.625, 7.025222667336014e-24, nan 
46.125, 63.625, 7.241267554947351e-24, nan 
46.375, 63.625, 4.393667703110799e-24, nan 
46.625, 63.625, 3.576544643916824e-24, nan 
46.875, 63.625, 3.2462221239581063e-24, nan 
47.125, 63.625, 3.759953017910366e-24, nan 
47.375, 63.625, 4.818015536109675e-24, nan 
47.625, 63.625, 6.690602802298016e-24, nan 
47.875, 63.625, 3.8120305280489864e-24, nan 
48.125, 63.625, 7.224136827914574e-24, nan 
48.375, 63.625, 7.751224431427868e-24, nan 
48.625, 63.625, 7.060057347583453e-24, nan 
48.875, 63.625, 1.0196491130483293e-23, nan 
49.125, 63.625, 6.736272721538013e-24, nan 
49.375, 63.625, 4.636487984437425e-24, nan 
49.625, 63.625, 6.747385479191338e-24, nan 
49.875, 63.625, 5.464289742904275e-24, nan 
50.125, 63.625, 5.106855971278898e-24, nan 
50.375, 63.625, 3.1402650213404914e-24, nan 
50.625, 63.625, 6.423908789524826e-24, nan 
50.875, 63.625, 5.988773961631089e-24, nan 
51.125, 63.625, 5.8829976948862284e-24, nan 
51.375, 63.625, 7.680241131205844e-24, nan 
51.625, 63.625, 5.51610804854769e-24, nan 
51.875, 63.625, 5.159082650145062e-24, nan 
52.125, 63.625, 4.49624449264803e-24, nan 
52.375, 63.625, 4.836635176765371e-24, nan 
52.625, 63.625, 5.27544922871981e-24, nan 
52.875, 63.625, 2.7258937811951672e-24, nan 
53.125, 63.625, 4.663683521733056e-24, nan 
53.375, 63.625, 4.832029193530218e-24, nan 
53.625, 63.625, 6.456919223383075e-24, nan 
53.875, 63.625, 1.3686630917875004e-23, nan 
54.125, 63.625, 1.2472097306397768e-23, nan 
54.375, 63.625, 8.516925008951212e-24, nan 
54.625, 63.625, 2.44199754507386e-23, nan 
54.875, 63.625, 1.8496168398994284e-23, nan 
55.125, 63.625, 6.319288541555644e-24, nan 
55.375, 63.625, 8.44188130895677e-24, nan 
55.625, 63.625, 7.925891564112372e-24, nan 
55.875, 63.625, 1.4967011917934522e-23, nan 
56.125, 63.625, 5.5046486650480444e-24, nan 
56.375, 63.625, 1.1532000553744732e-23, nan 
56.625, 63.625, 1.3051325144174887e-23, nan 
56.875, 63.625, 6.345647388055132e-24, nan 
57.125, 63.625, 2.7348376967046285e-24, nan 
57.375, 63.625, 9.656578293810318e-24, nan 
57.625, 63.625, 1.0868746581663057e-23, nan 
57.875, 63.625, 1.2168262006526837e-23, nan 
58.125, 63.625, 1.1945772648853275e-23, nan 
58.375, 63.625, 5.338391814601823e-24, nan 
58.625, 63.625, 1.0396445586668267e-23, nan 
58.875, 63.625, 6.2290575662537514e-24, nan 
59.125, 63.625, 7.378165493421323e-24, nan 
59.375, 63.625, 1.0365466031107309e-23, nan 
59.625, 63.625, 1.261062562623925e-23, nan 
59.875, 63.625, 1.340820643390687e-23, nan 
60.125, 63.625, 1.0630842165101578e-23, nan 
60.375, 63.625, 1.0171458049721838e-23, nan 
60.625, 63.625, 1.3875674862490013e-23, nan 
60.875, 63.625, 2.018953987486176e-23, nan 
61.125, 63.625, 2.4272563610104038e-23, nan 
61.375, 63.625, 2.1460817186330293e-23, nan 
61.625, 63.625, 2.15025499032199e-23, nan 
61.875, 63.625, 2.6346519482960169e-23, nan 
62.125, 63.625, 2.2810819436028116e-23, nan 
62.375, 63.625, 1.658084010517234e-23, nan 
62.625, 63.625, 1.4398652273788608e-23, nan 
62.875, 63.625, 2.2364316123709987e-23, nan 
63.125, 63.625, 2.240624645653929e-23, nan 
63.375, 63.625, 2.0749379429839807e-23, nan 
63.625, 63.625, 1.7401277518434024e-23, nan 
63.875, 63.625, 2.17622486068999e-23, nan 
64.125, 63.625, 1.0345487583065371e-23, nan 
64.375, 63.625, 1.450945038737168e-23, nan 
64.625, 63.625, 1.6316253511929303e-23, nan 
64.875, 63.625, 1.1424200589534264e-23, nan 
65.125, 63.625, 1.138376878343936e-23, nan 
65.375, 63.625, 1.6696490199967773e-23, nan 
65.625, 63.625, 2.1779833405711528e-23, nan 
65.875, 63.625, 3.4147866455975865e-23, nan 
66.125, 63.625, 5.842640761378434e-23, nan 
66.375, 63.625, 4.384660407249228e-23, nan 
66.625, 63.625, 2.8634469506010546e-23, nan 
66.875, 63.625, 5.0781435390721736e-23, nan 
67.125, 63.625, 2.4839026518258025e-23, nan 
67.375, 63.625, 2.486718716454085e-23, nan 
67.625, 63.625, 4.363457726491631e-23, nan 
67.875, 63.625, 1.346605190529661e-23, nan 
68.125, 63.625, 2.0212242727161825e-23, nan 
68.375, 63.625, 2.2999981470709195e-23, nan 
68.625, 63.625, 3.801933924310003e-23, nan 
68.875, 63.625, 2.4536125622933144e-23, nan 
69.125, 63.625, 3.284587527700752e-23, nan 
69.375, 63.625, 3.470177005271042e-23, nan 
69.625, 63.625, 5.348097167932735e-23, nan 
69.875, 63.625, 5.938239599971975e-23, nan 
70.125, 63.625, 4.94953126091329e-23, nan 
70.375, 63.625, 5.981196443547979e-23, nan 
70.625, 63.625, 3.83595901603332e-23, nan 
70.875, 63.625, 1.2920933357715626e-23, nan 
71.125, 63.625, 2.013273640612983e-23, nan 
71.375, 63.625, 3.9519956054780824e-23, nan 
71.625, 63.625, 4.324153077775092e-23, nan 
71.875, 63.625, 4.204937429121087e-23, nan 
72.125, 63.625, 4.1069488150175606e-23, nan 
72.375, 63.625, 5.082740830673954e-23, nan 
72.625, 63.625, 5.719888092479267e-23, nan 
72.875, 63.625, 6.742597198676999e-23, nan 
73.125, 63.625, 7.392987548156425e-23, nan 
73.375, 63.625, 3.7898152374744185e-23, nan 
73.625, 63.625, 4.956116723566667e-23, nan 
73.875, 63.625, 4.888241149867758e-23, nan 
74.125, 63.625, 2.0641165400363708e-23, nan 
74.375, 63.625, 5.704990601033004e-23, nan 
74.625, 63.625, 4.116190793126897e-23, nan 
74.875, 63.625, 3.140272512102586e-23, nan 
75.125, 63.625, 9.903240764428671e-23, nan 
75.375, 63.625, 2.0628070233405626e-23, nan 
75.625, 63.625, 3.278809698494969e-23, nan 
75.875, 63.625, 4.360806537860028e-23, nan 
76.125, 63.625, 3.223721411809115e-23, nan 
76.375, 63.625, 4.480731764737719e-23, nan 
76.625, 63.625, 7.380216181000667e-23, nan 
76.875, 63.625, 7.057007472578644e-23, nan 
77.125, 63.625, 6.862075121857889e-23, nan 
77.375, 63.625, 1.5013148774729517e-22, nan 
77.625, 63.625, 1.3055385798130978e-22, nan 
77.875, 63.625, 6.974614999095067e-23, nan 
78.125, 63.625, 6.192294458605615e-23, nan 
78.375, 63.625, 8.337865653742145e-23, nan 
78.625, 63.625, 9.049381420139967e-23, nan 
78.875, 63.625, 9.073615865794863e-23, nan 
79.125, 63.625, 1.4468942358245604e-22, nan 
79.375, 63.625, 1.4415181136623903e-22, nan 
79.625, 63.625, 1.1673334648490016e-22, nan 
79.875, 63.625, 1.9163031814524926e-22, nan 
80.125, 63.625, 2.345665518986916e-22, nan 
80.375, 63.625, 2.5430525183196894e-22, nan 
80.625, 63.625, 1.6838663733513946e-22, nan 
80.875, 63.625, 2.093826303867542e-22, nan 
81.125, 63.625, 1.7377007953605046e-22, nan 
81.375, 63.625, 1.2665994978818629e-22, nan 
81.625, 63.625, 4.774746142629667e-22, nan 
81.875, 63.625, 6.047600178992404e-23, nan 
82.125, 63.625, 9.64769395759817e-23, nan 
82.375, 63.625, 6.961165054912363e-23, nan 
82.625, 63.625, 6.245643880131875e-23, nan 
82.875, 63.625, 9.131936561932136e-23, nan 
83.125, 63.625, 1.4851183511916262e-22, nan 
83.375, 63.625, 1.755708262713692e-22, nan 
83.625, 63.625, 1.3545535974908668e-22, nan 
83.875, 63.625, 1.4691453775519184e-22, nan 
84.125, 63.625, 1.6043066578040684e-22, nan 
84.375, 63.625, 1.221234507737308e-22, nan 
84.625, 63.625, 1.6893349127601433e-22, nan 
84.875, 63.625, 1.97408855315213e-22, nan 
85.125, 63.625, 3.471576488608233e-22, nan 
85.375, 63.625, 3.0597820001311418e-22, nan 
85.625, 63.625, 5.01082325246276e-22, nan 
85.875, 63.625, 9.372474007970528e-22, nan 
86.125, 63.625, 6.035829023370117e-22, nan 
86.375, 63.625, 5.054232323806186e-22, nan 
86.625, 63.625, 7.263153836554649e-22, nan 
86.875, 63.625, 5.024013412435065e-22, nan 
87.125, 63.625, 5.092906842417198e-22, nan 
87.375, 63.625, 4.018735984226742e-22, nan 
87.625, 63.625, 4.807309086319344e-22, nan 
87.875, 63.625, 7.717534066755141e-22, nan 
88.125, 63.625, 7.21704002495686e-22, nan 
88.375, 63.625, 8.71712000698355e-22, nan 
88.625, 63.625, 1.5076454363592957e-21, nan 
88.875, 63.625, 1.2158940820926287e-21, nan 
89.125, 63.625, 6.050599224118107e-22, nan 
89.375, 63.625, 7.934447021152584e-22, nan 
89.625, 63.625, 1.1478123483854174e-21, nan 
89.875, 63.625, 1.161358852127371e-21, nan 
90.125, 63.625, 9.315508832940617e-22, nan 
90.375, 63.625, 5.2515505368556e-22, nan 
90.625, 63.625, 7.963935286160476e-22, nan 
90.875, 63.625, 1.2232922910795897e-21, nan 
91.125, 63.625, 7.687809611545018e-22, nan 
91.375, 63.625, 4.72716943129861e-22, nan 
91.625, 63.625, 7.093122357038955e-22, nan 
91.875, 63.625, 5.68161512433517e-22, nan 
92.125, 63.625, 4.669912355941184e-22, nan 
92.375, 63.625, 5.293467872971661e-22, nan 
92.625, 63.625, 9.856746256275248e-22, nan 
92.875, 63.625, 9.092651051410845e-22, nan 
93.125, 63.625, 5.771641330766963e-22, nan 
93.375, 63.625, 1.1837478210825616e-21, nan 
93.625, 63.625, 1.4346186503814333e-21, nan 
93.875, 63.625, 8.488188202571453e-22, nan 
94.125, 63.625, 6.9164450591315e-22, nan 
94.375, 63.625, 6.768642186334739e-22, nan 
94.625, 63.625, 5.717444036005088e-22, nan 
94.875, 63.625, 1.2356466918378758e-21, nan 
95.125, 63.625, 9.353121513759211e-22, nan 
95.375, 63.625, 7.9932939895726225e-22, nan 
95.625, 63.625, 8.907186796146076e-22, nan 
95.875, 63.625, 9.799776621417526e-22, nan 
96.125, 63.625, 1.0282505071474466e-21, nan 
96.375, 63.625, 1.582081237820046e-21, nan 
96.625, 63.625, 1.010149165936356e-21, nan 
96.875, 63.625, 7.030071035487872e-22, nan 
97.125, 63.625, 2.1020959752572684e-21, nan 
97.375, 63.625, 1.746663055138202e-21, nan 
97.625, 63.625, 2.439292625305445e-21, nan 
97.875, 63.625, 3.102956823920228e-21, nan 
98.125, 63.625, 3.3033743234904228e-21, nan 
98.375, 63.625, 3.653119174290538e-21, nan 
98.625, 63.625, 4.090336989615049e-21, nan 
98.875, 63.625, 5.739362340212436e-21, nan 
99.125, 63.625, 8.564041600466564e-21, nan 
99.375, 63.625, 1.0747707458453691e-20, nan 
99.625, 63.625, 8.921029880007964e-21, nan 
99.875, 63.625, 8.163502193727791e-21, nan 
100.125, 63.625, 1.0001117867964066e-20, nan 
100.375, 63.625, 3.820606554641484e-21, nan 
100.625, 63.625, 1.5140031738863607e-21, nan 
100.875, 63.625, 2.1489824532069023e-21, nan 
101.125, 63.625, 1.8944509607436622e-21, nan 
101.375, 63.625, 2.025096581241499e-21, nan 
101.625, 63.625, 1.5195819015320671e-21, nan 
101.875, 63.625, 6.791170475668128e-21, nan 
102.125, 63.625, 6.832989709974814e-21, nan 
102.375, 63.625, 6.4615870161881196e-21, nan 
102.625, 63.625, 1.0936655204636897e-20, nan 
102.875, 63.625, 7.940709803300287e-21, nan 
103.125, 63.625, 6.350243042243676e-21, nan 
103.375, 63.625, 4.03209374515665e-21, nan 
103.625, 63.625, 5.349283869295944e-21, nan 
103.875, 63.625, 4.5145792666709875e-21, nan 
104.125, 63.625, 4.2367241139707985e-21, nan 
104.375, 63.625, 3.698824573544715e-21, nan 
104.625, 63.625, 3.394702201396968e-21, nan 
104.875, 63.625, 3.3364299182164857e-21, nan 
105.125, 63.625, 2.7185998383296244e-21, nan 
105.375, 63.625, 3.68805742207975e-21, nan 
105.625, 63.625, 2.758258860957287e-21, nan 
105.875, 63.625, 5.743519770471327e-21, nan 
106.125, 63.625, 3.6086623163954576e-21, nan 
106.375, 63.625, 2.618743086582048e-21, nan 
106.625, 63.625, 1.6775528492634214e-21, nan 
106.875, 63.625, 2.177398925120941e-21, nan 
107.125, 63.625, 2.2158652729293707e-21, nan 
107.375, 63.625, 1.5211988701072575e-21, nan 
107.625, 63.625, 4.699920360973459e-21, nan 
107.875, 63.625, 7.300764549799538e-21, nan 
108.125, 63.625, 3.0221770499125684e-21, nan 
108.375, 63.625, 4.352860058661896e-21, nan 
108.625, 63.625, 7.902905030958047e-21, nan 
108.875, 63.625, 3.511065365588101e-21, nan 
109.125, 63.625, 2.77011376130854e-21, nan 
109.375, 63.625, 3.243555574264194e-21, nan 
109.625, 63.625, 3.8796408364913164e-21, nan 
109.875, 63.625, 5.006756818538499e-21, nan 
110.125, 63.625, 5.2873066537934526e-21, nan 
110.375, 63.625, 3.5579469547852e-21, nan 
110.625, 63.625, 3.8548404841070064e-21, nan 
110.875, 63.625, 4.164697385961678e-21, nan 
111.125, 63.625, 2.817158125610501e-21, nan 
111.375, 63.625, 2.2771771269977593e-21, nan 
111.625, 63.625, 1.6593900774490554e-21, nan 
111.875, 63.625, 1.77108116619605e-21, nan 
112.125, 63.625, 2.144399177639522e-21, nan 
112.375, 63.625, 1.6755130251034808e-21, nan 
112.625, 63.625, 1.4993795651656975e-21, nan 
112.875, 63.625, 5.355896624058348e-22, nan 
113.125, 63.625, 9.898516792108475e-22, nan 
113.375, 63.625, 1.6725617183966083e-21, nan 
113.625, 63.625, 1.0657533757377592e-21, nan 
113.875, 63.625, 7.714664418390721e-22, nan 
114.125, 63.625, 1.0853022055752385e-21, nan 
114.375, 63.625, 7.150166270206032e-22, nan 
114.625, 63.625, 2.152333340008819e-21, nan 
114.875, 63.625, 2.7136403549658045e-21, nan 
115.125, 63.625, 2.588036241956434e-21, nan 
115.375, 63.625, 3.866550755336857e-21, nan 
115.625, 63.625, 5.429036182490867e-21, nan 
115.875, 63.625, 6.483020665674873e-21, nan 
116.125, 63.625, 5.864971008061407e-21, nan 
116.375, 63.625, 5.9669742229219715e-21, nan 
116.625, 63.625, 4.417369021748527e-21, nan 
116.875, 63.625, 1.7468821661731003e-21, nan 
117.125, 63.625, 2.513792584689079e-21, nan 
117.375, 63.625, 1.768590076642256e-21, nan 
117.625, 63.625, 1.285058335946206e-21, nan 
117.875, 63.625, 1.1282284099225213e-21, nan 
118.125, 63.625, 1.3859485321333134e-21, nan 
118.375, 63.625, 1.6117643346630375e-21, nan 
118.625, 63.625, 1.8548351947192366e-21, nan 
118.875, 63.625, 1.7447908330023436e-21, nan 
119.125, 63.625, 2.0629828298685355e-21, nan 
119.375, 63.625, 1.6309579446427578e-21, nan 
119.625, 63.625, 1.01598195197011e-21, nan 
119.875, 63.625, 1.1854206241608405e-21, nan 
120.125, 63.625, 2.8684035437693583e-22, nan 
120.375, 63.625, 9.173285799920255e-22, nan 
120.625, 63.625, 1.3113814386736281e-21, nan 
120.875, 63.625, 1.2051520633173578e-21, nan 
121.125, 63.625, 1.1581519779682079e-21, nan 
121.375, 63.625, 1.4066427689516701e-21, nan 
121.625, 63.625, 1.121032023459908e-21, nan 
121.875, 63.625, 1.0120791553752682e-21, nan 
122.125, 63.625, 1.222065024760084e-21, nan 
122.375, 63.625, 9.993813006739096e-22, nan 
122.625, 63.625, 6.655457159904047e-22, nan 
122.875, 63.625, 4.742674647131179e-22, nan 
123.125, 63.625, 6.51855131412085e-22, nan 
123.375, 63.625, 7.977431339276603e-22, nan 
123.625, 63.625, 3.998952045090939e-22, nan 
123.875, 63.625, 6.087834761572108e-22, nan 
124.125, 63.625, 5.213206837755634e-22, nan 
124.375, 63.625, 4.180266076130231e-22, nan 
124.625, 63.625, 4.603915522982457e-22, nan 
124.875, 63.625, 5.620328389192407e-22, nan 
125.125, 63.625, 4.665576689185573e-22, nan 
125.375, 63.625, 2.5122578018292934e-22, nan 
125.625, 63.625, 1.0292756830941796e-22, nan 
125.875, 63.625, 1.7780106990477967e-22, nan 
126.125, 63.625, 2.097462352743801e-22, nan 
126.375, 63.625, 1.427660745644633e-22, nan 
126.625, 63.625, 1.0227840676909075e-22, nan 
126.875, 63.625, 1.4160767427177157e-22, nan 
127.125, 63.625, 9.240042049452091e-23, nan 
127.375, 63.625, 1.1603611064398226e-22, nan 
127.625, 63.625, 1.385785605807492e-22, nan 
127.875, 63.625, 5.9698929167934185e-22, nan 
128.125, 63.625, 4.523479659259663e-22, nan 
128.375, 63.625, 4.1767863623980007e-22, nan 
128.625, 63.625, 8.4356566941395e-22, nan 
128.875, 63.625, 5.952109069280243e-22, nan 
129.125, 63.625, 3.636463382885087e-22, nan 
129.375, 63.625, 3.045918246848033e-22, nan 
129.625, 63.625, 2.4868243123024323e-22, nan 
129.875, 63.625, 1.9080769012879854e-22, nan 
130.125, 63.625, 2.549526242873533e-22, nan 
130.375, 63.625, 4.058683300853386e-22, nan 
130.625, 63.625, 6.313574580984752e-22, nan 
130.875, 63.625, 6.624905561345586e-22, nan 
131.125, 63.625, 1.1450919093575173e-21, nan 
131.375, 63.625, 1.0286167963626807e-21, nan 
131.625, 63.625, 1.1758636092898752e-21, nan 
131.875, 63.625, 2.0342638195802215e-21, nan 
132.125, 63.625, 6.356102020245551e-22, nan 
132.375, 63.625, 4.792084213447605e-22, nan 
132.625, 63.625, 8.069091218498431e-22, nan 
132.875, 63.625, 2.507867026210012e-22, nan 
133.125, 63.625, 1.7000823151290427e-22, nan 
133.375, 63.625, 1.8382265094573631e-22, nan 
133.625, 63.625, 1.6060825997002326e-22, nan 
133.875, 63.625, 9.044923992411497e-23, nan 
134.125, 63.625, 9.833869742435325e-23, nan 
134.375, 63.625, 1.7764460190535533e-22, nan 
134.625, 63.625, 7.930157290699024e-23, nan 
134.875, 63.625, 8.3097892480916e-23, nan 
135.125, 63.625, 3.7610489996616825e-23, nan 
135.375, 63.625, 6.780402506628207e-23, nan 
135.625, 63.625, 1.346524566944343e-22, nan 
135.875, 63.625, 1.0775786845428315e-22, nan 
136.125, 63.625, 1.3230059568745967e-22, nan 
136.375, 63.625, 1.819074395136315e-22, nan 
136.625, 63.625, 1.0474575707717551e-22, nan 
136.875, 63.625, 4.5747724465372546e-23, nan 
137.125, 63.625, 1.0742040217533126e-22, nan 
137.375, 63.625, 7.413645135353056e-23, nan 
137.625, 63.625, 8.611003920679738e-23, nan 
137.875, 63.625, 1.0532930732512313e-22, nan 
138.125, 63.625, 7.621927253688679e-23, nan 
138.375, 63.625, 5.882568119595711e-23, nan 
138.625, 63.625, 7.781562534861636e-23, nan 
138.875, 63.625, 6.103013784812314e-23, nan 
139.125, 63.625, 3.6176624197083493e-23, nan 
139.375, 63.625, 4.6657022486918283e-23, nan 
139.625, 63.625, 3.527581499282378e-23, nan 
139.875, 63.625, 3.4049401315697366e-23, nan 
140.125, 63.625, 6.830832157778567e-23, nan 
140.375, 63.625, 5.502827745593603e-23, nan 
140.625, 63.625, 2.740230484788989e-23, nan 
140.875, 63.625, 1.4195860590702032e-23, nan 
141.125, 63.625, 2.3084709924136612e-23, nan 
141.375, 63.625, 1.2743279053001623e-23, nan 
141.625, 63.625, 3.614953001992675e-23, nan 
141.875, 63.625, 4.548391437097556e-23, nan 
142.125, 63.625, 3.8546287516833103e-23, nan 
142.375, 63.625, 4.497548853090495e-23, nan 
142.625, 63.625, 7.5233570619741e-23, nan 
142.875, 63.625, 6.34867334723434e-23, nan 
143.125, 63.625, 3.5109953241807275e-23, nan 
143.375, 63.625, 6.700260799678517e-23, nan 
143.625, 63.625, 4.733818327474791e-23, nan 
143.875, 63.625, 2.775322579945922e-23, nan 
144.125, 63.625, 2.596220771070208e-23, nan 
144.375, 63.625, 2.42421124230881e-23, nan 
144.625, 63.625, 2.7526731023325336e-23, nan 
144.875, 63.625, 1.6311766847721144e-23, nan 
145.125, 63.625, 2.6930370430956267e-23, nan 
145.375, 63.625, 3.801302757972876e-23, nan 
145.625, 63.625, 3.5006317239627874e-23, nan 
145.875, 63.625, 3.89570853563466e-23, nan 
146.125, 63.625, 3.030755302388574e-23, nan 
146.375, 63.625, 2.6748304387460523e-23, nan 
146.625, 63.625, 3.253910165124613e-23, nan 
146.875, 63.625, 3.3098105555037964e-23, nan 
147.125, 63.625, 1.548751479152158e-23, nan 
147.375, 63.625, 1.911551056777062e-23, nan 
147.625, 63.625, 3.571645445679577e-23, nan 
147.875, 63.625, 4.41343560090862e-23, nan 
148.125, 63.625, 5.418926201992785e-23, nan 
148.375, 63.625, 5.331265165466482e-23, nan 
148.625, 63.625, 7.537345554120731e-23, nan 
148.875, 63.625, 4.9218898491108614e-23, nan 
149.125, 63.625, 5.768306771133362e-23, nan 
149.375, 63.625, 9.623435192562503e-23, nan 
149.625, 63.625, 6.439401071895274e-23, nan 
149.875, 63.625, 4.0128138449277956e-23, nan 
150.125, 63.625, 7.93711275632683e-23, nan 
150.375, 63.625, 5.702869756005902e-23, nan 
150.625, 63.625, 2.8645046346343434e-23, nan 
150.875, 63.625, 2.955490387436994e-23, nan 
151.125, 63.625, 2.749673985414258e-23, nan 
151.375, 63.625, 2.6168373552693525e-23, nan 
151.625, 63.625, 3.2782747331366495e-23, nan 
151.875, 63.625, 1.4053334643469487e-23, nan 
152.125, 63.625, 1.7020353228789922e-23, nan 
152.375, 63.625, 1.1955798575207295e-23, nan 
152.625, 63.625, 1.5314138415739213e-23, nan 
152.875, 63.625, 2.0439174274338742e-23, nan 
153.125, 63.625, 1.2059446246644912e-23, nan 
153.375, 63.625, 1.5524298583437122e-23, nan 
153.625, 63.625, 1.345707105170312e-23, nan 
153.875, 63.625, 8.685007846425839e-24, nan 
154.125, 63.625, 1.2043234780318842e-23, nan 
154.375, 63.625, 1.1372042916043656e-23, nan 
154.625, 63.625, 1.0452661649090711e-23, nan 
154.875, 63.625, 1.358980842461963e-23, nan 
155.125, 63.625, 2.218389184177764e-23, nan 
155.375, 63.625, 3.194725423404162e-23, nan 
155.625, 63.625, 3.538344122278713e-23, nan 
155.875, 63.625, 2.5344963562241054e-23, nan 
156.125, 63.625, 3.079464460195998e-23, nan 
156.375, 63.625, 3.4847163883127257e-23, nan 
156.625, 63.625, 2.4554650797282956e-23, nan 
156.875, 63.625, 1.8648014785746452e-23, nan 
157.125, 63.625, 1.9450317118620125e-23, nan 
157.375, 63.625, 1.2406421795086425e-23, nan 
157.625, 63.625, 6.852255950203075e-24, nan 
157.875, 63.625, 9.03936001194459e-24, nan 
158.125, 63.625, 2.396513484161937e-23, nan 
158.375, 63.625, 5.505521579506492e-24, nan 
158.625, 63.625, 1.2345067591815671e-23, nan 
158.875, 63.625, 1.1377250589412496e-23, nan 
159.125, 63.625, 9.44117536657008e-24, nan 
159.375, 63.625, 1.615861597895724e-23, nan 
159.625, 63.625, 1.713215111327188e-23, nan 
159.875, 63.625, 1.4415722603121052e-23, nan 
160.125, 63.625, 1.696896221190493e-23, nan 
160.375, 63.625, 1.7050955863693427e-23, nan 
160.625, 63.625, 2.1688812893327808e-23, nan 
160.875, 63.625, 1.8041067936113312e-23, nan 
161.125, 63.625, 4.45596608410305e-24, nan 
161.375, 63.625, 2.1729722561206315e-23, nan 
161.625, 63.625, 1.6031636440020437e-23, nan 
161.875, 63.625, 7.941464088369426e-24, nan 
162.125, 63.625, 2.707808397095565e-23, nan 
162.375, 63.625, 2.1926748112678543e-23, nan 
162.625, 63.625, 1.2901638516026838e-23, nan 
162.875, 63.625, 1.460369254412697e-23, nan 
163.125, 63.625, 1.2888877107017029e-23, nan 
163.375, 63.625, 1.3473819541569422e-23, nan 
163.625, 63.625, 7.558237617799965e-24, nan 
163.875, 63.625, 5.2896109972538344e-24, nan 
164.125, 63.625, 9.237959871853937e-24, nan 
164.375, 63.625, 1.0078722701782749e-23, nan 
164.625, 63.625, 2.6415275100965594e-23, nan 
164.875, 63.625, 3.409455515910164e-23, nan 
165.125, 63.625, 2.7347606984603307e-23, nan 
165.375, 63.625, 2.7970660262764586e-23, nan 
165.625, 63.625, 2.3157680854041578e-23, nan 
165.875, 63.625, 7.208871844137924e-24, nan 
166.125, 63.625, 7.989047517571573e-24, nan 
166.375, 63.625, 1.0395480470901312e-23, nan 
166.625, 63.625, 1.1756367273871004e-23, nan 
166.875, 63.625, 6.97360651242748e-24, nan 
167.125, 63.625, 8.069236726337005e-24, nan 
167.375, 63.625, 6.452645075642935e-24, nan 
167.625, 63.625, 5.362144188050794e-24, nan 
167.875, 63.625, 4.321863090708779e-24, nan 
168.125, 63.625, 4.790418932295549e-24, nan 
168.375, 63.625, 2.17038697205609e-24, nan 
168.625, 63.625, 2.783722206407906e-24, nan 
168.875, 63.625, 8.893667883516227e-24, nan 
169.125, 63.625, 1.3639738620024213e-23, nan 
169.375, 63.625, 2.6080301248289244e-24, nan 
169.625, 63.625, 8.436692926137432e-24, nan 
169.875, 63.625, 1.9146762760102358e-23, nan 
170.125, 63.625, 2.3369437599293547e-23, nan 
170.375, 63.625, 6.810171020860338e-24, nan 
170.625, 63.625, 3.577523190669832e-23, nan 
170.875, 63.625, 2.932986503795901e-23, nan 
171.125, 63.625, 1.3911506158562127e-23, nan 
171.375, 63.625, 2.066284172025564e-23, nan 
171.625, 63.625, 1.47949073508897e-23, nan 
171.875, 63.625, 7.44995636445897e-24, nan 
172.125, 63.625, 5.439558760070615e-24, nan 
172.375, 63.625, 3.9462860461537005e-24, nan 
172.625, 63.625, 2.7114131325295302e-24, nan 
172.875, 63.625, 4.833102624932241e-24, nan 
173.125, 63.625, 6.067384332718282e-24, nan 
173.375, 63.625, 4.5505264892200905e-24, nan 
173.625, 63.625, 9.347555827988901e-24, nan 
173.875, 63.625, 8.480159720205174e-24, nan 
174.125, 63.625, 1.0766663201310706e-23, nan 
174.375, 63.625, 5.156186308514755e-24, nan 
174.625, 63.625, 9.377447727933194e-24, nan 
174.875, 63.625, 1.4801649485154143e-23, nan 
175.125, 63.625, 1.2234888158738687e-23, nan 
175.375, 63.625, 1.0397086476536498e-23, nan 
175.625, 63.625, 1.206698415016305e-23, nan 
175.875, 63.625, 1.3020936790480343e-23, nan 
176.125, 63.625, 1.5645439875474066e-23, nan 
176.375, 63.625, 1.8168057089486537e-23, nan 
176.625, 63.625, 1.4788352030788815e-23, nan 
39.625, 63.875, 3.2260865823822223e-24, nan 
39.875, 63.875, 3.633000392849701e-24, nan 
40.125, 63.875, 4.156798350940942e-24, nan 
40.375, 63.875, 4.5562528108624766e-24, nan 
40.625, 63.875, 3.5602407512519194e-24, nan 
40.875, 63.875, 4.273478316143176e-24, nan 
41.125, 63.875, 2.775682835999964e-24, nan 
41.375, 63.875, 2.5959275335758487e-24, nan 
41.625, 63.875, 1.8316412121680996e-24, nan 
41.875, 63.875, 1.897616340770332e-24, nan 
42.125, 63.875, 2.6083892118972367e-24, nan 
42.375, 63.875, 2.9353576859546623e-24, nan 
42.625, 63.875, 2.3753388528370956e-24, nan 
42.875, 63.875, 2.1792617794007525e-24, nan 
43.125, 63.875, 3.849948433763849e-24, nan 
43.375, 63.875, 3.2607965649692982e-24, nan 
43.625, 63.875, 3.0118130553419576e-24, nan 
43.875, 63.875, 3.398063007411068e-24, nan 
44.125, 63.875, 3.798211302756481e-24, nan 
44.375, 63.875, 4.396902485394747e-24, nan 
44.625, 63.875, 4.8780148002522765e-24, nan 
44.875, 63.875, 5.17009600772834e-24, nan 
45.125, 63.875, 2.3396422323899554e-24, nan 
45.375, 63.875, 3.350291348560651e-24, nan 
45.625, 63.875, 4.7001884388997024e-24, nan 
45.875, 63.875, 5.017431847001255e-24, nan 
46.125, 63.875, 7.412021989577129e-24, nan 
46.375, 63.875, 5.3344666215754404e-24, nan 
46.625, 63.875, 4.016445969248699e-24, nan 
46.875, 63.875, 5.687567386274843e-24, nan 
47.125, 63.875, 4.4655279637050985e-24, nan 
47.375, 63.875, 4.113698355241938e-24, nan 
47.625, 63.875, 6.879678842221328e-24, nan 
47.875, 63.875, 5.600988598513277e-24, nan 
48.125, 63.875, 6.440541686210522e-24, nan 
48.375, 63.875, 5.829041553457935e-24, nan 
48.625, 63.875, 3.874181235846844e-24, nan 
48.875, 63.875, 8.163253505862265e-24, nan 
49.125, 63.875, 6.335664447970352e-24, nan 
49.375, 63.875, 4.535371777414468e-24, nan 
49.625, 63.875, 3.517868441544805e-24, nan 
49.875, 63.875, 4.21748302758556e-24, nan 
50.125, 63.875, 5.564468039268673e-24, nan 
50.375, 63.875, 5.790296208788452e-24, nan 
50.625, 63.875, 4.4932778442608656e-24, nan 
50.875, 63.875, 8.573159979051786e-24, nan 
51.125, 63.875, 1.2181336294589263e-23, nan 
51.375, 63.875, 1.1183854070249418e-23, nan 
51.625, 63.875, 8.317059006441374e-24, nan 
51.875, 63.875, 9.872832717592769e-24, nan 
52.125, 63.875, 7.354232196750972e-24, nan 
52.375, 63.875, 4.033449234041689e-24, nan 
52.625, 63.875, 3.58084305395269e-24, nan 
52.875, 63.875, 4.1097324246844614e-24, nan 
53.125, 63.875, 4.947831934265641e-24, nan 
53.375, 63.875, 5.9735354220567985e-24, nan 
53.625, 63.875, 6.251382853562644e-24, nan 
53.875, 63.875, 6.363226919239826e-24, nan 
54.125, 63.875, 6.848916041502617e-24, nan 
54.375, 63.875, 9.629736528883835e-24, nan 
54.625, 63.875, 1.944838943707796e-23, nan 
54.875, 63.875, 1.5086377645090188e-23, nan 
55.125, 63.875, 1.3769859872472253e-23, nan 
55.375, 63.875, 9.213550640721225e-24, nan 
55.625, 63.875, 1.4653598929438862e-23, nan 
55.875, 63.875, 2.6662691630911793e-23, nan 
56.125, 63.875, 6.040105343279594e-24, nan 
56.375, 63.875, 1.5085306327469776e-23, nan 
56.625, 63.875, 1.93375706604071e-23, nan 
56.875, 63.875, 5.390696486168529e-24, nan 
57.125, 63.875, 5.47602596440985e-24, nan 
57.375, 63.875, 1.1236477481120167e-23, nan 
57.625, 63.875, 7.230062404418522e-24, nan 
57.875, 63.875, 7.494715501046784e-24, nan 
58.125, 63.875, 1.1907428896904575e-23, nan 
58.375, 63.875, 8.662461435699946e-24, nan 
58.625, 63.875, 5.6475509779205796e-24, nan 
58.875, 63.875, 7.49711014624686e-24, nan 
59.125, 63.875, 6.466889793399747e-24, nan 
59.375, 63.875, 7.557370434260235e-24, nan 
59.625, 63.875, 1.019208711252136e-23, nan 
59.875, 63.875, 1.0011813072625448e-23, nan 
60.125, 63.875, 1.0083144613187992e-23, nan 
60.375, 63.875, 1.3329789969564664e-23, nan 
60.625, 63.875, 1.1694493891810958e-23, nan 
60.875, 63.875, 8.086000547611815e-24, nan 
61.125, 63.875, 1.749629631046695e-23, nan 
61.375, 63.875, 2.392502789701553e-23, nan 
61.625, 63.875, 3.1660483735845715e-23, nan 
61.875, 63.875, 3.555047708255707e-23, nan 
62.125, 63.875, 4.9758041335779145e-23, nan 
62.375, 63.875, 5.618948002594373e-23, nan 
62.625, 63.875, 2.807358729783297e-23, nan 
62.875, 63.875, 3.4902219746052534e-23, nan 
63.125, 63.875, 4.645489068966174e-23, nan 
63.375, 63.875, 3.983688592292804e-23, nan 
63.625, 63.875, 3.583692947521558e-23, nan 
63.875, 63.875, 5.826083127202132e-23, nan 
64.125, 63.875, 2.5941684169392666e-23, nan 
64.375, 63.875, 2.1705493381818017e-23, nan 
64.625, 63.875, 2.8262824743828705e-23, nan 
64.875, 63.875, 1.960024764922488e-23, nan 
65.125, 63.875, 1.305075065882233e-23, nan 
65.375, 63.875, 2.421279667979034e-23, nan 
65.625, 63.875, 2.3565072471488577e-23, nan 
65.875, 63.875, 5.7244123783387e-23, nan 
66.125, 63.875, 9.459510136460621e-23, nan 
66.375, 63.875, 6.767309634266824e-23, nan 
66.625, 63.875, 5.894882499121267e-23, nan 
66.875, 63.875, 8.262234236380862e-23, nan 
67.125, 63.875, 6.501617629326136e-23, nan 
67.375, 63.875, 7.764407318534763e-23, nan 
67.625, 63.875, 8.255183152138077e-23, nan 
67.875, 63.875, 4.548514411445071e-23, nan 
68.125, 63.875, 3.492660711238186e-23, nan 
68.375, 63.875, 3.718032204054246e-23, nan 
68.625, 63.875, 6.977560017623133e-23, nan 
68.875, 63.875, 3.809728144056623e-23, nan 
69.125, 63.875, 6.825946441741033e-23, nan 
69.375, 63.875, 2.3583851838360745e-23, nan 
69.625, 63.875, 3.0897415446312266e-23, nan 
69.875, 63.875, 5.051688032309223e-23, nan 
70.125, 63.875, 4.507835724480388e-23, nan 
70.375, 63.875, 4.143264741360391e-23, nan 
70.625, 63.875, 4.720803897131354e-23, nan 
70.875, 63.875, 3.969757475995515e-23, nan 
71.125, 63.875, 2.341028270343214e-23, nan 
71.375, 63.875, 7.044907594423076e-23, nan 
71.625, 63.875, 3.584028795527019e-23, nan 
71.875, 63.875, 3.297854881438304e-23, nan 
72.125, 63.875, 4.89301243860661e-23, nan 
72.375, 63.875, 5.11651885335138e-23, nan 
72.625, 63.875, 6.835941209080967e-23, nan 
72.875, 63.875, 4.313099432694233e-23, nan 
73.125, 63.875, 3.6340558173355766e-23, nan 
73.375, 63.875, 4.635461235247643e-23, nan 
73.625, 63.875, 4.4839757676078226e-23, nan 
73.875, 63.875, 4.2083991021949254e-23, nan 
74.125, 63.875, 4.1613089474408337e-23, nan 
74.375, 63.875, 4.016843840635633e-23, nan 
74.625, 63.875, 4.82122119276343e-23, nan 
74.875, 63.875, 3.937060878208314e-23, nan 
75.125, 63.875, 5.508813984207472e-23, nan 
75.375, 63.875, 3.803174339076334e-23, nan 
75.625, 63.875, 6.129472453644947e-23, nan 
75.875, 63.875, 3.4531667755152446e-23, nan 
76.125, 63.875, 3.685532073145338e-23, nan 
76.375, 63.875, 5.228698609339147e-23, nan 
76.625, 63.875, 7.021735281888189e-23, nan 
76.875, 63.875, 6.163604852688692e-23, nan 
77.125, 63.875, 1.036048506266085e-22, nan 
77.375, 63.875, 8.540499694899141e-23, nan 
77.625, 63.875, 1.1317409258542248e-22, nan 
77.875, 63.875, 1.283185358332578e-22, nan 
78.125, 63.875, 6.902336209779948e-23, nan 
78.375, 63.875, 7.972719162904969e-23, nan 
78.625, 63.875, 1.2642780352967595e-22, nan 
78.875, 63.875, 9.484790947122305e-23, nan 
79.125, 63.875, 7.567709818447248e-23, nan 
79.375, 63.875, 1.0308962756800597e-22, nan 
79.625, 63.875, 8.382538733882483e-23, nan 
79.875, 63.875, 1.7940739340334987e-22, nan 
80.125, 63.875, 2.1771462628993138e-22, nan 
80.375, 63.875, 2.125214305347023e-22, nan 
80.625, 63.875, 1.7694688034052775e-22, nan 
80.875, 63.875, 1.183487904417927e-22, nan 
81.125, 63.875, 7.093016997109927e-23, nan 
81.375, 63.875, 1.1738873435285692e-22, nan 
81.625, 63.875, 7.129003011007703e-23, nan 
81.875, 63.875, 5.260406170248217e-23, nan 
82.125, 63.875, 6.937252715031942e-23, nan 
82.375, 63.875, 7.546268990566566e-23, nan 
82.625, 63.875, 5.841083973340297e-23, nan 
82.875, 63.875, 2.6469382231133987e-22, nan 
83.125, 63.875, 1.4613066603531464e-22, nan 
83.375, 63.875, 1.1468049284615094e-22, nan 
83.625, 63.875, 2.1328097653886975e-22, nan 
83.875, 63.875, 1.8571144749777768e-22, nan 
84.125, 63.875, 1.825268423809531e-22, nan 
84.375, 63.875, 1.7418800956322137e-22, nan 
84.625, 63.875, 2.395816526445222e-22, nan 
84.875, 63.875, 2.5494152168480235e-22, nan 
85.125, 63.875, 3.321833575566385e-22, nan 
85.375, 63.875, 5.072319515029353e-22, nan 
85.625, 63.875, 4.354443235021839e-22, nan 
85.875, 63.875, 7.243974811569491e-22, nan 
86.125, 63.875, 5.146634126646987e-22, nan 
86.375, 63.875, 5.235719390797597e-22, nan 
86.625, 63.875, 6.966445664080206e-22, nan 
86.875, 63.875, 3.894175960382919e-22, nan 
87.125, 63.875, 3.9397322626207363e-22, nan 
87.375, 63.875, 1.9404859946968928e-22, nan 
87.625, 63.875, 4.001029404276848e-22, nan 
87.875, 63.875, 3.5243966994645834e-22, nan 
88.125, 63.875, 4.159923000975097e-22, nan 
88.375, 63.875, 1.2509107697592743e-21, nan 
88.625, 63.875, 1.3171491441786813e-21, nan 
88.875, 63.875, 9.364552096210061e-22, nan 
89.125, 63.875, 1.6608861502045572e-21, nan 
89.375, 63.875, 1.2870994696078346e-21, nan 
89.625, 63.875, 1.431087014845626e-21, nan 
89.875, 63.875, 1.213143449413657e-21, nan 
90.125, 63.875, 1.239634086722695e-21, nan 
90.375, 63.875, 1.510430408489216e-21, nan 
90.625, 63.875, 1.4058586316030479e-21, nan 
90.875, 63.875, 8.7369278610232e-22, nan 
91.125, 63.875, 7.238322581479933e-22, nan 
91.375, 63.875, 4.62856770588902e-22, nan 
91.625, 63.875, 4.803703819656903e-22, nan 
91.875, 63.875, 3.0489956454128393e-22, nan 
92.125, 63.875, 6.095592112061125e-22, nan 
92.375, 63.875, 5.969027994014463e-22, nan 
92.625, 63.875, 1.5273553168858156e-21, nan 
92.875, 63.875, 6.739145173209968e-22, nan 
93.125, 63.875, 6.794905742341937e-22, nan 
93.375, 63.875, 1.2050710420633545e-21, nan 
93.625, 63.875, 9.759264667542498e-22, nan 
93.875, 63.875, 8.739327199272643e-22, nan 
94.125, 63.875, 8.998106975388747e-22, nan 
94.375, 63.875, 8.863502903942341e-22, nan 
94.625, 63.875, 8.103277888128681e-22, nan 
94.875, 63.875, 9.787727867519048e-22, nan 
95.125, 63.875, 2.1494324757378062e-21, nan 
95.375, 63.875, 2.8967333595516445e-21, nan 
95.625, 63.875, 2.908497380007522e-21, nan 
95.875, 63.875, 2.701420185784365e-21, nan 
96.125, 63.875, 2.78446491371497e-21, nan 
96.375, 63.875, 2.1372096033109676e-21, nan 
96.625, 63.875, 1.5054767832719739e-21, nan 
96.875, 63.875, 2.222420155127512e-21, nan 
97.125, 63.875, 3.0300864326674545e-21, nan 
97.375, 63.875, 4.1200914533312194e-21, nan 
97.625, 63.875, 2.92733898721709e-21, nan 
97.875, 63.875, 4.2779476589404205e-21, nan 
98.125, 63.875, 4.9696792019446776e-21, nan 
98.375, 63.875, 5.1351271859303995e-21, nan 
98.625, 63.875, 5.41046993954767e-21, nan 
98.875, 63.875, 1.003822203797382e-20, nan 
99.125, 63.875, 1.372084137710276e-20, nan 
99.375, 63.875, 8.953858112993062e-21, nan 
99.625, 63.875, 1.1212900332050789e-20, nan 
99.875, 63.875, 1.287586264353945e-20, nan 
100.125, 63.875, 7.381829865113487e-21, nan 
100.375, 63.875, 1.6771066384340712e-21, nan 
100.625, 63.875, 1.1944776424852854e-21, nan 
100.875, 63.875, 2.6001597055681e-21, nan 
101.125, 63.875, 2.8766060161336654e-21, nan 
101.375, 63.875, 1.933530573416074e-21, nan 
101.625, 63.875, 2.4083398329391534e-21, nan 
101.875, 63.875, 1.0552766317240434e-20, nan 
102.125, 63.875, 8.06250293915564e-21, nan 
102.375, 63.875, 6.061877079814597e-21, nan 
102.625, 63.875, 1.3446805414045401e-20, nan 
102.875, 63.875, 9.350385152357806e-21, nan 
103.125, 63.875, 5.425040226814267e-21, nan 
103.375, 63.875, 8.363730822174124e-21, nan 
103.625, 63.875, 7.606373377156161e-21, nan 
103.875, 63.875, 5.388722992380561e-21, nan 
104.125, 63.875, 6.2249093696853494e-21, nan 
104.375, 63.875, 7.041335900673834e-21, nan 
104.625, 63.875, 3.87122196014045e-21, nan 
104.875, 63.875, 3.033097485448229e-21, nan 
105.125, 63.875, 6.5435816414858806e-21, nan 
105.375, 63.875, 3.408422553772277e-21, nan 
105.625, 63.875, 2.851990727814569e-21, nan 
105.875, 63.875, 9.900791048965512e-21, nan 
106.125, 63.875, 4.669455909198507e-21, nan 
106.375, 63.875, 3.1774977113689624e-21, nan 
106.625, 63.875, 4.696625204126631e-21, nan 
106.875, 63.875, 3.0591108615258132e-21, nan 
107.125, 63.875, 2.090590304321827e-21, nan 
107.375, 63.875, 1.3081247172431357e-21, nan 
107.625, 63.875, 4.18293502121727e-21, nan 
107.875, 63.875, 6.033285719389436e-21, nan 
108.125, 63.875, 2.908809493592123e-21, nan 
108.375, 63.875, 2.2760927045384033e-21, nan 
108.625, 63.875, 6.239657878109652e-21, nan 
108.875, 63.875, 5.589172941093104e-21, nan 
109.125, 63.875, 3.953894440583375e-21, nan 
109.375, 63.875, 4.0711175045599166e-21, nan 
109.625, 63.875, 4.547811045201194e-21, nan 
109.875, 63.875, 3.562911417719984e-21, nan 
110.125, 63.875, 2.995476516621861e-21, nan 
110.375, 63.875, 2.7917835631983874e-21, nan 
110.625, 63.875, 3.378942830014528e-21, nan 
110.875, 63.875, 3.150102918608285e-21, nan 
111.125, 63.875, 3.111872889009105e-21, nan 
111.375, 63.875, 2.7418668012180463e-21, nan 
111.625, 63.875, 2.3173498439216914e-21, nan 
111.875, 63.875, 1.1630241566892231e-21, nan 
112.125, 63.875, 2.8557838127845155e-21, nan 
112.375, 63.875, 2.3904430704330394e-21, nan 
112.625, 63.875, 1.6482318416040012e-21, nan 
112.875, 63.875, 2.0102977922397766e-21, nan 
113.125, 63.875, 1.329565736771658e-21, nan 
113.375, 63.875, 2.016494032072016e-21, nan 
113.625, 63.875, 9.88816042771352e-22, nan 
113.875, 63.875, 1.061512126837588e-21, nan 
114.125, 63.875, 8.014822503216116e-22, nan 
114.375, 63.875, 8.234907973823203e-22, nan 
114.625, 63.875, 4.158694125613676e-21, nan 
114.875, 63.875, 4.442429991771985e-21, nan 
115.125, 63.875, 6.46767736089754e-21, nan 
115.375, 63.875, 6.247050148871867e-21, nan 
115.625, 63.875, 5.953977325445282e-21, nan 
115.875, 63.875, 9.031198858214879e-21, nan 
116.125, 63.875, 8.132959035332735e-21, nan 
116.375, 63.875, 7.019538660400508e-21, nan 
116.625, 63.875, 5.256444623560995e-21, nan 
116.875, 63.875, 4.619948643367494e-21, nan 
117.125, 63.875, 3.714584688217386e-21, nan 
117.375, 63.875, 2.691981985101442e-21, nan 
117.625, 63.875, 1.866722596375096e-21, nan 
117.875, 63.875, 1.9260734668212675e-21, nan 
118.125, 63.875, 1.8568155716009227e-21, nan 
118.375, 63.875, 2.1652897875934182e-21, nan 
118.625, 63.875, 2.8684423208238825e-21, nan 
118.875, 63.875, 2.7445359240212513e-21, nan 
119.125, 63.875, 3.0211964834795662e-21, nan 
119.375, 63.875, 2.86987060325308e-21, nan 
119.625, 63.875, 1.8729242654833432e-21, nan 
119.875, 63.875, 1.640362330867287e-21, nan 
120.125, 63.875, 1.777131860128239e-21, nan 
120.375, 63.875, 1.7135652157882835e-21, nan 
120.625, 63.875, 1.0190208081057252e-21, nan 
120.875, 63.875, 1.8707772142368682e-21, nan 
121.125, 63.875, 2.147917717141206e-21, nan 
121.375, 63.875, 1.3396087388668274e-21, nan 
121.625, 63.875, 1.3725699131845804e-21, nan 
121.875, 63.875, 1.4564762059254808e-21, nan 
122.125, 63.875, 1.0291243147101826e-21, nan 
122.375, 63.875, 8.024706401285046e-22, nan 
122.625, 63.875, 5.59101378997208e-22, nan 
122.875, 63.875, 5.018466788912601e-22, nan 
123.125, 63.875, 5.218222422524669e-22, nan 
123.375, 63.875, 9.119040715117404e-22, nan 
123.625, 63.875, 5.945650566028766e-22, nan 
123.875, 63.875, 3.283991942868145e-22, nan 
124.125, 63.875, 4.156338914441501e-22, nan 
124.375, 63.875, 5.632538184174831e-22, nan 
124.625, 63.875, 5.478005733528577e-22, nan 
124.875, 63.875, 5.971867978941491e-22, nan 
125.125, 63.875, 5.118806235777084e-22, nan 
125.375, 63.875, 3.030159712327999e-22, nan 
125.625, 63.875, 3.7671018517092825e-22, nan 
125.875, 63.875, 2.463174841501308e-22, nan 
126.125, 63.875, 2.21805546108272e-22, nan 
126.375, 63.875, 1.7011383006577512e-22, nan 
126.625, 63.875, 1.859167532636247e-22, nan 
126.875, 63.875, 1.3517118923430731e-22, nan 
127.125, 63.875, 1.4413165159027877e-22, nan 
127.375, 63.875, 1.5891112509500306e-22, nan 
127.625, 63.875, 2.107334709591888e-22, nan 
127.875, 63.875, 6.706065512274808e-22, nan 
128.125, 63.875, 4.601297411481146e-22, nan 
128.375, 63.875, 4.0562814693632127e-22, nan 
128.625, 63.875, 7.690478187671053e-22, nan 
128.875, 63.875, 4.980691380153973e-22, nan 
129.125, 63.875, 2.0739595505450931e-22, nan 
129.375, 63.875, 4.33781756059968e-22, nan 
129.625, 63.875, 3.339743841910581e-22, nan 
129.875, 63.875, 1.758953393920235e-22, nan 
130.125, 63.875, 1.8403671214405192e-22, nan 
130.375, 63.875, 1.1863763178775056e-22, nan 
130.625, 63.875, 1.2855639620917886e-22, nan 
130.875, 63.875, 2.429720363645228e-22, nan 
131.125, 63.875, 4.210997845458459e-22, nan 
131.375, 63.875, 7.619718893627182e-22, nan 
131.625, 63.875, 7.082202572304579e-22, nan 
131.875, 63.875, 1.0906558928123095e-21, nan 
132.125, 63.875, 2.3224695544285806e-22, nan 
132.375, 63.875, 1.608388491205273e-22, nan 
132.625, 63.875, 2.3518640776243865e-22, nan 
132.875, 63.875, 2.0672333199404898e-22, nan 
133.125, 63.875, 2.1161582205179766e-22, nan 
133.375, 63.875, 2.0875318202279197e-22, nan 
133.625, 63.875, 1.5679966507900784e-22, nan 
133.875, 63.875, 1.0286087477018469e-22, nan 
134.125, 63.875, 1.1039057405620922e-22, nan 
134.375, 63.875, 6.814188927794132e-23, nan 
134.625, 63.875, 6.120436829802843e-23, nan 
134.875, 63.875, 8.750130118692819e-23, nan 
135.125, 63.875, 8.759111906272603e-23, nan 
135.375, 63.875, 1.3832931633818224e-22, nan 
135.625, 63.875, 1.6805963146427596e-22, nan 
135.875, 63.875, 1.337030574665187e-22, nan 
136.125, 63.875, 1.6100722783090729e-22, nan 
136.375, 63.875, 1.623047657948389e-22, nan 
136.625, 63.875, 6.307337781391311e-23, nan 
136.875, 63.875, 9.207834188391492e-23, nan 
137.125, 63.875, 1.2982481360997533e-22, nan 
137.375, 63.875, 8.008209515163871e-23, nan 
137.625, 63.875, 5.242440127974323e-23, nan 
137.875, 63.875, 1.196292150620041e-22, nan 
138.125, 63.875, 7.98126403699883e-23, nan 
138.375, 63.875, 5.758649901749045e-23, nan 
138.625, 63.875, 8.604310830197794e-23, nan 
138.875, 63.875, 7.313467162781385e-23, nan 
139.125, 63.875, 3.859967598699665e-23, nan 
139.375, 63.875, 5.984324205076645e-23, nan 
139.625, 63.875, 7.333161229973371e-23, nan 
139.875, 63.875, 4.4954037967447245e-23, nan 
140.125, 63.875, 5.2435183127741545e-23, nan 
140.375, 63.875, 7.317532694227732e-23, nan 
140.625, 63.875, 4.980558217399548e-23, nan 
140.875, 63.875, 3.7931922285474945e-23, nan 
141.125, 63.875, 2.2909823306875222e-23, nan 
141.375, 63.875, 2.893676165501433e-23, nan 
141.625, 63.875, 7.54100410692288e-23, nan 
141.875, 63.875, 6.822501397164507e-23, nan 
142.125, 63.875, 4.119817142080039e-23, nan 
142.375, 63.875, 7.440142466439736e-23, nan 
142.625, 63.875, 7.368622873953022e-23, nan 
142.875, 63.875, 3.1968893178670677e-23, nan 
143.125, 63.875, 4.155025155852765e-23, nan 
143.375, 63.875, 5.2232392426075034e-23, nan 
143.625, 63.875, 1.6104087985493777e-23, nan 
143.875, 63.875, 2.1474665698058298e-23, nan 
144.125, 63.875, 1.9720624013180327e-23, nan 
144.375, 63.875, 2.5119851019118343e-23, nan 
144.625, 63.875, 1.0329393158973569e-23, nan 
144.875, 63.875, 2.2912855171274292e-23, nan 
145.125, 63.875, 3.693209874481041e-23, nan 
145.375, 63.875, 3.029586653522026e-23, nan 
145.625, 63.875, 2.8043168994139717e-23, nan 
145.875, 63.875, 3.387933517823463e-23, nan 
146.125, 63.875, 3.524701156056122e-23, nan 
146.375, 63.875, 3.6286438660599336e-23, nan 
146.625, 63.875, 4.935327547592843e-23, nan 
146.875, 63.875, 5.059136947156537e-23, nan 
147.125, 63.875, 3.072008916200449e-23, nan 
147.375, 63.875, 4.5925897835667436e-23, nan 
147.625, 63.875, 4.6356901847518093e-23, nan 
147.875, 63.875, 2.5775744264394737e-23, nan 
148.125, 63.875, 5.087908642831034e-23, nan 
148.375, 63.875, 8.559484418604026e-23, nan 
148.625, 63.875, 7.600256660061851e-23, nan 
148.875, 63.875, 4.884378473397674e-23, nan 
149.125, 63.875, 1.162428487785934e-22, nan 
149.375, 63.875, 1.0044039156166312e-22, nan 
149.625, 63.875, 4.9750324094931105e-23, nan 
149.875, 63.875, 7.673382834166339e-23, nan 
150.125, 63.875, 6.719691156891703e-23, nan 
150.375, 63.875, 3.2482448858911606e-23, nan 
150.625, 63.875, 2.2374907630255324e-23, nan 
150.875, 63.875, 3.0047977638811515e-23, nan 
151.125, 63.875, 2.5241222956599502e-23, nan 
151.375, 63.875, 2.31365848645863e-23, nan 
151.625, 63.875, 2.50497629822784e-23, nan 
151.875, 63.875, 2.966633695896596e-23, nan 
152.125, 63.875, 1.493633511664299e-23, nan 
152.375, 63.875, 1.2316162143627668e-23, nan 
152.625, 63.875, 1.700933689609954e-23, nan 
152.875, 63.875, 1.943909432471685e-23, nan 
153.125, 63.875, 1.4913499823602712e-23, nan 
153.375, 63.875, 1.3463157305896432e-23, nan 
153.625, 63.875, 9.511994870577225e-24, nan 
153.875, 63.875, 1.0718126476725704e-23, nan 
154.125, 63.875, 7.902802785479266e-24, nan 
154.375, 63.875, 1.5039859296397446e-23, nan 
154.625, 63.875, 1.8453779902584656e-23, nan 
154.875, 63.875, 1.163121841038557e-23, nan 
155.125, 63.875, 2.870431078274894e-23, nan 
155.375, 63.875, 3.399581688247021e-23, nan 
155.625, 63.875, 3.8926542658132345e-23, nan 
155.875, 63.875, 2.9200531033149704e-23, nan 
156.125, 63.875, 3.670990949578153e-23, nan 
156.375, 63.875, 5.320848579073306e-23, nan 
156.625, 63.875, 2.289674166738141e-23, nan 
156.875, 63.875, 2.4401287509012118e-23, nan 
157.125, 63.875, 2.4288586605206093e-23, nan 
157.375, 63.875, 1.1386145799718344e-23, nan 
157.625, 63.875, 8.585609239953309e-24, nan 
157.875, 63.875, 1.2576507814486753e-23, nan 
158.125, 63.875, 1.1867525261259332e-23, nan 
158.375, 63.875, 1.0553485771561244e-23, nan 
158.625, 63.875, 1.8905620783411267e-23, nan 
158.875, 63.875, 9.67668577760553e-24, nan 
159.125, 63.875, 1.4242794346149247e-23, nan 
159.375, 63.875, 2.5720423585580875e-23, nan 
159.625, 63.875, 2.0554607531851857e-23, nan 
159.875, 63.875, 2.0650914749537434e-23, nan 
160.125, 63.875, 2.392448945380398e-23, nan 
160.375, 63.875, 2.231196417037164e-23, nan 
160.625, 63.875, 2.7073732532355557e-23, nan 
160.875, 63.875, 1.6945770482934826e-23, nan 
161.125, 63.875, 1.596559074767662e-23, nan 
161.375, 63.875, 2.730364170023467e-23, nan 
161.625, 63.875, 1.4697464492202766e-23, nan 
161.875, 63.875, 1.1580986367088448e-23, nan 
162.125, 63.875, 2.520068615568651e-23, nan 
162.375, 63.875, 2.1652782286180607e-23, nan 
162.625, 63.875, 1.5158779661425564e-23, nan 
162.875, 63.875, 8.07627033304899e-24, nan 
163.125, 63.875, 8.548148906087275e-24, nan 
163.375, 63.875, 7.657569254959898e-24, nan 
163.625, 63.875, 6.4319614367656024e-24, nan 
163.875, 63.875, 1.0472324714018038e-23, nan 
164.125, 63.875, 9.444630290319682e-24, nan 
164.375, 63.875, 8.224898858927601e-24, nan 
164.625, 63.875, 1.2709680167456058e-23, nan 
164.875, 63.875, 1.3668757355574202e-23, nan 
165.125, 63.875, 1.1942087480803739e-23, nan 
165.375, 63.875, 1.1195658331180809e-23, nan 
165.625, 63.875, 1.1303235703100028e-23, nan 
165.875, 63.875, 1.0787760386624034e-23, nan 
166.125, 63.875, 7.108414629365822e-24, nan 
166.375, 63.875, 9.333210603242865e-24, nan 
166.625, 63.875, 1.0293132078798934e-23, nan 
166.875, 63.875, 8.21769509632427e-24, nan 
167.125, 63.875, 8.139824135764267e-24, nan 
167.375, 63.875, 5.7066503765532326e-24, nan 
167.625, 63.875, 5.005853321805683e-24, nan 
167.875, 63.875, 2.3003461804715454e-24, nan 
168.125, 63.875, 3.799754390491205e-24, nan 
168.375, 63.875, 2.2181366466673e-24, nan 
168.625, 63.875, 4.344656381759817e-24, nan 
168.875, 63.875, 1.0034715269454072e-23, nan 
169.125, 63.875, 8.532498664866635e-24, nan 
169.375, 63.875, 7.60307209046297e-24, nan 
169.625, 63.875, 1.2704785228444862e-23, nan 
169.875, 63.875, 1.2213911685352556e-23, nan 
170.125, 63.875, 1.3629279790992287e-23, nan 
170.375, 63.875, 8.345733778202858e-24, nan 
170.625, 63.875, 2.3577238821791538e-23, nan 
170.875, 63.875, 1.8846890713912905e-23, nan 
171.125, 63.875, 1.0824020652142138e-23, nan 
171.375, 63.875, 1.2256005053999509e-23, nan 
171.625, 63.875, 8.435574248711998e-24, nan 
171.875, 63.875, 6.452984635169904e-24, nan 
172.125, 63.875, 7.500590020170678e-24, nan 
172.375, 63.875, 4.233598300934953e-24, nan 
172.625, 63.875, 4.6386589378241865e-24, nan 
172.875, 63.875, 4.5903958660194006e-24, nan 
173.125, 63.875, 4.740047609883133e-24, nan 
173.375, 63.875, 4.370417138546186e-24, nan 
173.625, 63.875, 1.1252787288088346e-23, nan 
173.875, 63.875, 3.305344699273119e-24, nan 
174.125, 63.875, 6.595745762429738e-24, nan 
174.375, 63.875, 6.91038999888221e-24, nan 
174.625, 63.875, 6.0992006955183794e-24, nan 
174.875, 63.875, 1.3098476923184432e-23, nan 
175.125, 63.875, 1.221636595814546e-23, nan 
175.375, 63.875, 5.6159725904767824e-24, nan 
175.625, 63.875, 1.2089380851152627e-23, nan 
175.875, 63.875, 1.1496123333315661e-23, nan 
176.125, 63.875, 7.837712762648229e-24, nan 
176.375, 63.875, 1.3962080014642876e-23, nan 
176.625, 63.875, 1.4991476535488817e-23, nan 
176.875, 63.875, 1.531446405759046e-23, nan 
177.125, 63.875, 8.739335095866255e-24, nan 
38.625, 64.125, 3.3023400660093635e-24, nan 
38.875, 64.125, 3.346834380524427e-24, nan 
39.125, 64.125, 4.4861021738119085e-24, nan 
39.375, 64.125, 3.81520476090218e-24, nan 
39.625, 64.125, 3.520839737498039e-24, nan 
39.875, 64.125, 4.221114048451327e-24, nan 
40.125, 64.125, 4.625862196702497e-24, nan 
40.375, 64.125, 5.242254724185403e-24, nan 
40.625, 64.125, 4.405845076209109e-24, nan 
40.875, 64.125, 4.533672237699835e-24, nan 
41.125, 64.125, 4.259523637977825e-24, nan 
41.375, 64.125, 3.783465241407882e-24, nan 
41.625, 64.125, 2.9568558723185154e-24, nan 
41.875, 64.125, 1.926185776437039e-24, nan 
42.125, 64.125, 2.2895365039183195e-24, nan 
42.375, 64.125, 2.3779300779782987e-24, nan 
42.625, 64.125, 3.5838619797876256e-24, nan 
42.875, 64.125, 3.043249708207581e-24, nan 
43.125, 64.125, 3.2293731889525283e-24, nan 
43.375, 64.125, 6.848859835744167e-24, nan 
43.625, 64.125, 4.362028384367757e-24, nan 
43.875, 64.125, 3.1969497076209972e-24, nan 
44.125, 64.125, 4.873142835293851e-24, nan 
44.375, 64.125, 3.2752660551274475e-24, nan 
44.625, 64.125, 2.7095560546172087e-24, nan 
44.875, 64.125, 2.8186772229505003e-24, nan 
45.125, 64.125, 2.729803596652185e-24, nan 
45.375, 64.125, 4.4525662780262964e-24, nan 
45.625, 64.125, 5.744294623936095e-24, nan 
45.875, 64.125, 4.5294243504927696e-24, nan 
46.125, 64.125, 4.512768739029808e-24, nan 
46.375, 64.125, 3.942504509994531e-24, nan 
46.625, 64.125, 4.3910025314085365e-24, nan 
46.875, 64.125, 6.0176427551092894e-24, nan 
47.125, 64.125, 6.134659044543873e-24, nan 
47.375, 64.125, 2.9427967268864358e-24, nan 
47.625, 64.125, 2.4886161482903758e-24, nan 
47.875, 64.125, 5.750791471938714e-24, nan 
48.125, 64.125, 6.088302300456856e-24, nan 
48.375, 64.125, 6.969184333820507e-24, nan 
48.625, 64.125, 5.784846457111384e-24, nan 
48.875, 64.125, 7.283312007489674e-24, nan 
49.125, 64.125, 1.1065673904514035e-23, nan 
49.375, 64.125, 8.455451112597152e-24, nan 
49.625, 64.125, 3.631354960973922e-24, nan 
49.875, 64.125, 7.169049571571143e-24, nan 
50.125, 64.125, 6.651142228123183e-24, nan 
50.375, 64.125, 8.750092473193214e-24, nan 
50.625, 64.125, 9.697744042445254e-24, nan 
50.875, 64.125, 6.320664077893898e-24, nan 
51.125, 64.125, 1.9261486326669985e-23, nan 
51.375, 64.125, 2.0802282964672235e-23, nan 
51.625, 64.125, 9.046097868297313e-24, nan 
51.875, 64.125, 1.510237737967861e-23, nan 
52.125, 64.125, 1.6109653443563565e-23, nan 
52.375, 64.125, 6.07857475035598e-24, nan 
52.625, 64.125, 3.571872901513306e-24, nan 
52.875, 64.125, 6.222235536060036e-24, nan 
53.125, 64.125, 2.755242916855259e-24, nan 
53.375, 64.125, 5.1451659632900835e-24, nan 
53.625, 64.125, 6.3505221808333005e-24, nan 
53.875, 64.125, 7.907284155646483e-24, nan 
54.125, 64.125, 9.419671708746966e-24, nan 
54.375, 64.125, 1.1870712369577621e-23, nan 
54.625, 64.125, 1.1872770334065664e-23, nan 
54.875, 64.125, 1.0885614615042123e-23, nan 
55.125, 64.125, 1.1922606946450302e-23, nan 
55.375, 64.125, 9.752530909562229e-24, nan 
55.625, 64.125, 9.795244330548158e-24, nan 
55.875, 64.125, 1.8842624043980356e-23, nan 
56.125, 64.125, 6.85244028204602e-24, nan 
56.375, 64.125, 1.1168315041519585e-23, nan 
56.625, 64.125, 1.4122355215054787e-23, nan 
56.875, 64.125, 1.1485702525859309e-23, nan 
57.125, 64.125, 7.152459872993807e-24, nan 
57.375, 64.125, 3.990012805836602e-24, nan 
57.625, 64.125, 8.973116776305382e-24, nan 
57.875, 64.125, 9.445957802551566e-24, nan 
58.125, 64.125, 1.1566154035470608e-23, nan 
58.375, 64.125, 1.0377339533676546e-23, nan 
58.625, 64.125, 9.264311427106069e-24, nan 
58.875, 64.125, 8.498878588694791e-24, nan 
59.125, 64.125, 8.759163038089521e-24, nan 
59.375, 64.125, 1.1759493545248097e-23, nan 
59.625, 64.125, 9.042175196828256e-24, nan 
59.875, 64.125, 7.760970111128427e-24, nan 
60.125, 64.125, 1.0561681553712618e-23, nan 
60.375, 64.125, 1.8052394588050582e-23, nan 
60.625, 64.125, 1.3850991523934332e-23, nan 
60.875, 64.125, 9.86111632902346e-24, nan 
61.125, 64.125, 2.360592850987885e-23, nan 
61.375, 64.125, 1.8053412035039487e-23, nan 
61.625, 64.125, 1.0293892999134241e-23, nan 
61.875, 64.125, 3.11679599299593e-23, nan 
62.125, 64.125, 4.1181046124824954e-23, nan 
62.375, 64.125, 4.6455925988184086e-23, nan 
62.625, 64.125, 2.9610810538749644e-23, nan 
62.875, 64.125, 1.3179091245575507e-23, nan 
63.125, 64.125, 2.5457182819969414e-23, nan 
63.375, 64.125, 4.369172991679143e-23, nan 
63.625, 64.125, 3.237413738686139e-23, nan 
63.875, 64.125, 4.892657458086337e-23, nan 
64.125, 64.125, 3.401854736058709e-23, nan 
64.375, 64.125, 2.479039347060977e-23, nan 
64.625, 64.125, 1.0231898958915328e-23, nan 
64.875, 64.125, 1.6392633379445888e-23, nan 
65.125, 64.125, 1.4326651784628553e-23, nan 
65.375, 64.125, 2.3066016793245533e-23, nan 
65.625, 64.125, 3.174014918030708e-23, nan 
65.875, 64.125, 5.305681640307669e-23, nan 
66.125, 64.125, 6.733235511162028e-23, nan 
66.375, 64.125, 6.934487408826028e-23, nan 
66.625, 64.125, 8.10304246069184e-23, nan 
66.875, 64.125, 9.52252530730713e-23, nan 
67.125, 64.125, 7.277294042796707e-23, nan 
67.375, 64.125, 1.1814097725357562e-22, nan 
67.625, 64.125, 1.1709109230627794e-22, nan 
67.875, 64.125, 7.660590155237632e-23, nan 
68.125, 64.125, 8.038458339513063e-23, nan 
68.375, 64.125, 8.369121379316989e-23, nan 
68.625, 64.125, 5.160430348214896e-23, nan 
68.875, 64.125, 4.334731324351916e-23, nan 
69.125, 64.125, 5.685813610780824e-23, nan 
69.375, 64.125, 3.2927412806896285e-23, nan 
69.625, 64.125, 4.5418908970923394e-23, nan 
69.875, 64.125, 3.8802261598035864e-23, nan 
70.125, 64.125, 3.0031892021409577e-23, nan 
70.375, 64.125, 3.5775172772545914e-23, nan 
70.625, 64.125, 5.329390065838152e-23, nan 
70.875, 64.125, 3.8248197757207623e-23, nan 
71.125, 64.125, 5.2820477638430087e-23, nan 
71.375, 64.125, 7.86005949583113e-23, nan 
71.625, 64.125, 6.982879067527107e-23, nan 
71.875, 64.125, 6.536559747016267e-23, nan 
72.125, 64.125, 5.969051940447387e-23, nan 
72.375, 64.125, 9.45408212249114e-23, nan 
72.625, 64.125, 1.0822564556005336e-22, nan 
72.875, 64.125, 8.228437338393781e-23, nan 
73.125, 64.125, 4.924985213542699e-23, nan 
73.375, 64.125, 4.255733058361699e-23, nan 
73.625, 64.125, 5.444536171149053e-23, nan 
73.875, 64.125, 4.6129356108644e-23, nan 
74.125, 64.125, 5.320381416857189e-23, nan 
74.375, 64.125, 5.24041048849474e-23, nan 
74.625, 64.125, 4.538905548999179e-23, nan 
74.875, 64.125, 7.169768659400876e-23, nan 
75.125, 64.125, 9.777211244595159e-23, nan 
75.375, 64.125, 6.666492036907617e-23, nan 
75.625, 64.125, 8.434192837784593e-23, nan 
75.875, 64.125, 8.207929189280151e-23, nan 
76.125, 64.125, 7.690648563620196e-23, nan 
76.375, 64.125, 7.54164539948521e-23, nan 
76.625, 64.125, 3.264484087952094e-23, nan 
76.875, 64.125, 5.964833688663498e-23, nan 
77.125, 64.125, 8.056314456392574e-23, nan 
77.375, 64.125, 8.562292106006501e-23, nan 
77.625, 64.125, 9.858783579214485e-23, nan 
77.875, 64.125, 1.2589593173915085e-22, nan 
78.125, 64.125, 9.322263708197873e-23, nan 
78.375, 64.125, 8.214440766072641e-23, nan 
78.625, 64.125, 9.224863148274817e-23, nan 
78.875, 64.125, 6.783057593767284e-23, nan 
79.125, 64.125, 6.889450475486756e-23, nan 
79.375, 64.125, 3.596789721704035e-23, nan 
79.625, 64.125, 1.0184808648676028e-22, nan 
79.875, 64.125, 1.0184187171883357e-22, nan 
80.125, 64.125, 1.328076834654687e-22, nan 
80.375, 64.125, 8.48984581928035e-23, nan 
80.625, 64.125, 6.674944954807547e-23, nan 
80.875, 64.125, 6.164446185007575e-23, nan 
81.125, 64.125, 6.296109053684718e-23, nan 
81.375, 64.125, 8.257072801999414e-23, nan 
81.625, 64.125, 9.601163728787019e-23, nan 
81.875, 64.125, 7.959755577454495e-23, nan 
82.125, 64.125, 8.43916986122377e-23, nan 
82.375, 64.125, 8.829218311795914e-23, nan 
82.625, 64.125, 8.05613232761751e-23, nan 
82.875, 64.125, 2.1708460126554787e-22, nan 
83.125, 64.125, 1.7992661388964337e-22, nan 
83.375, 64.125, 2.1934530317984934e-22, nan 
83.625, 64.125, 1.4512580620427518e-22, nan 
83.875, 64.125, 2.849240571031084e-22, nan 
84.125, 64.125, 2.63585084676147e-22, nan 
84.375, 64.125, 1.9719631398602522e-22, nan 
84.625, 64.125, 1.992475768631109e-22, nan 
84.875, 64.125, 4.0528084757296156e-22, nan 
85.125, 64.125, 2.6200536250341445e-22, nan 
85.375, 64.125, 3.2976410649401867e-22, nan 
85.625, 64.125, 3.2593246312710117e-22, nan 
85.875, 64.125, 5.285866680140434e-22, nan 
86.125, 64.125, 6.298542591840438e-22, nan 
86.375, 64.125, 6.533386395088506e-22, nan 
86.625, 64.125, 3.5524355822833036e-22, nan 
86.875, 64.125, 6.0354215196240295e-22, nan 
87.125, 64.125, 6.38670772120409e-22, nan 
87.375, 64.125, 2.8959401197068087e-22, nan 
87.625, 64.125, 3.446810861104301e-22, nan 
87.875, 64.125, 5.755777460049026e-22, nan 
88.125, 64.125, 1.2370655122362827e-22, nan 
88.375, 64.125, 3.673891637805203e-22, nan 
88.625, 64.125, 3.8452682253476767e-22, nan 
88.875, 64.125, 9.514930396919142e-22, nan 
89.125, 64.125, 1.456678649057597e-21, nan 
89.375, 64.125, 1.168850653907008e-21, nan 
89.625, 64.125, 2.0346074976687707e-21, nan 
89.875, 64.125, 1.0870654115257562e-21, nan 
90.125, 64.125, 1.4682194512894537e-21, nan 
90.375, 64.125, 1.8727537353814045e-21, nan 
90.625, 64.125, 1.7421489584707563e-21, nan 
90.875, 64.125, 1.5912293552290197e-21, nan 
91.125, 64.125, 9.998184533737088e-22, nan 
91.375, 64.125, 1.2059052589806358e-21, nan 
91.625, 64.125, 1.159641892901684e-21, nan 
91.875, 64.125, 9.461376820079615e-22, nan 
92.125, 64.125, 1.0881183155060281e-21, nan 
92.375, 64.125, 7.814470611708448e-22, nan 
92.625, 64.125, 1.3057173764708194e-21, nan 
92.875, 64.125, 3.633152604818029e-22, nan 
93.125, 64.125, 5.042096670829203e-22, nan 
93.375, 64.125, 5.019999023821153e-22, nan 
93.625, 64.125, 7.25973208277443e-22, nan 
93.875, 64.125, 7.885362468387072e-22, nan 
94.125, 64.125, 8.56672880563035e-22, nan 
94.375, 64.125, 8.429924214784987e-22, nan 
94.625, 64.125, 1.6010292228276465e-21, nan 
94.875, 64.125, 2.3100975519723377e-21, nan 
95.125, 64.125, 2.732359741452156e-21, nan 
95.375, 64.125, 3.921160756613725e-21, nan 
95.625, 64.125, 4.584051823887823e-21, nan 
95.875, 64.125, 7.032879117796058e-21, nan 
96.125, 64.125, 7.285933311392389e-21, nan 
96.375, 64.125, 8.257152535830326e-21, nan 
96.625, 64.125, 1.0206059336275208e-20, nan 
96.875, 64.125, 6.365842437662189e-21, nan 
97.125, 64.125, 5.687782723989444e-21, nan 
97.375, 64.125, 5.640527326471573e-21, nan 
97.625, 64.125, 5.144409476912531e-21, nan 
97.875, 64.125, 8.104107082040239e-21, nan 
98.125, 64.125, 5.2349327146708885e-21, nan 
98.375, 64.125, 4.326543539298184e-21, nan 
98.625, 64.125, 5.546074037968232e-21, nan 
98.875, 64.125, 8.451053332284214e-21, nan 
99.125, 64.125, 1.0284313897810025e-20, nan 
99.375, 64.125, 7.291899604199522e-21, nan 
99.625, 64.125, 9.74992136470967e-21, nan 
99.875, 64.125, 1.1087650368988663e-20, nan 
100.125, 64.125, 8.090078414265814e-21, nan 
100.375, 64.125, 4.605856301179797e-21, nan 
100.625, 64.125, 3.960166022351295e-21, nan 
100.875, 64.125, 3.451557549162369e-21, nan 
101.125, 64.125, 3.244632397444297e-21, nan 
101.375, 64.125, 9.686730529107605e-22, nan 
101.625, 64.125, 3.748889603737561e-21, nan 
101.875, 64.125, 8.988291627834958e-21, nan 
102.125, 64.125, 1.1681447805596621e-20, nan 
102.375, 64.125, 6.283318273176703e-21, nan 
102.625, 64.125, 1.0879984002898917e-20, nan 
102.875, 64.125, 1.1530960018701299e-20, nan 
103.125, 64.125, 7.314383856657067e-21, nan 
103.375, 64.125, 7.030370089871847e-21, nan 
103.625, 64.125, 6.778692668746024e-21, nan 
103.875, 64.125, 7.618387014269399e-21, nan 
104.125, 64.125, 1.0798114955116581e-20, nan 
104.375, 64.125, 6.771471242426988e-21, nan 
104.625, 64.125, 4.814324441571053e-21, nan 
104.875, 64.125, 4.8872084985285895e-21, nan 
105.125, 64.125, 7.544616189905375e-21, nan 
105.375, 64.125, 2.7275861271806067e-21, nan 
105.625, 64.125, 2.369485514768151e-21, nan 
105.875, 64.125, 6.739568505261924e-21, nan 
106.125, 64.125, 2.9421928546384965e-21, nan 
106.375, 64.125, 2.1871193038476927e-21, nan 
106.625, 64.125, 3.080190216448398e-21, nan 
106.875, 64.125, 4.427366724227224e-21, nan 
107.125, 64.125, 2.535959122101068e-21, nan 
107.375, 64.125, 2.1391435195363707e-21, nan 
107.625, 64.125, 2.8029486975492738e-21, nan 
107.875, 64.125, 5.205444324344926e-21, nan 
108.125, 64.125, 6.268195237393906e-21, nan 
108.375, 64.125, 5.703504183360138e-21, nan 
108.625, 64.125, 6.41839809013407e-21, nan 
108.875, 64.125, 9.701214864891465e-21, nan 
109.125, 64.125, 8.857674343167143e-21, nan 
109.375, 64.125, 5.970341000270758e-21, nan 
109.625, 64.125, 6.340023523569007e-21, nan 
109.875, 64.125, 7.133928685019554e-21, nan 
110.125, 64.125, 4.8136556199245625e-21, nan 
110.375, 64.125, 2.7761719391821006e-21, nan 
110.625, 64.125, 6.355790835639587e-21, nan 
110.875, 64.125, 4.131882721278354e-21, nan 
111.125, 64.125, 3.0600222911807744e-21, nan 
111.375, 64.125, 4.210840800875148e-21, nan 
111.625, 64.125, 3.504816663637591e-21, nan 
111.875, 64.125, 1.6180115663840324e-21, nan 
112.125, 64.125, 1.8153657419934916e-21, nan 
112.375, 64.125, 2.7411355098323702e-21, nan 
112.625, 64.125, 9.269306295369727e-22, nan 
112.875, 64.125, 2.180723744330325e-21, nan 
113.125, 64.125, 1.3678505546629045e-21, nan 
113.375, 64.125, 1.2435901057958294e-21, nan 
113.625, 64.125, 4.398236435809424e-22, nan 
113.875, 64.125, 7.677546984796158e-22, nan 
114.125, 64.125, 9.374307298579541e-22, nan 
114.375, 64.125, 1.1134519380835002e-21, nan 
114.625, 64.125, 1.6089790042757246e-21, nan 
114.875, 64.125, 1.980999748305994e-21, nan 
115.125, 64.125, 2.8005075693119017e-21, nan 
115.375, 64.125, 6.901725618719233e-21, nan 
115.625, 64.125, 6.697441875831112e-21, nan 
115.875, 64.125, 6.935156254093294e-21, nan 
116.125, 64.125, 6.173337759943694e-21, nan 
116.375, 64.125, 5.42236369912971e-21, nan 
116.625, 64.125, 3.563902047726667e-21, nan 
116.875, 64.125, 2.7998828497072953e-21, nan 
117.125, 64.125, 2.3898965278709502e-21, nan 
117.375, 64.125, 2.400058316734999e-21, nan 
117.625, 64.125, 1.9469929230816184e-21, nan 
117.875, 64.125, 4.330157209913231e-21, nan 
118.125, 64.125, 4.761026581598886e-21, nan 
118.375, 64.125, 5.5448123260167416e-21, nan 
118.625, 64.125, 3.3191355241647023e-21, nan 
118.875, 64.125, 3.614843076422844e-21, nan 
119.125, 64.125, 3.863664358952682e-21, nan 
119.375, 64.125, 4.356810860132216e-21, nan 
119.625, 64.125, 3.610963652658099e-21, nan 
119.875, 64.125, 1.940090125089967e-21, nan 
120.125, 64.125, 2.2880118339641742e-21, nan 
120.375, 64.125, 2.594711810632051e-21, nan 
120.625, 64.125, 2.230681475834369e-21, nan 
120.875, 64.125, 1.4851921416743415e-21, nan 
121.125, 64.125, 1.933338547668869e-21, nan 
121.375, 64.125, 1.6810830530179243e-21, nan 
121.625, 64.125, 1.1043971185044347e-21, nan 
121.875, 64.125, 9.12073180769609e-22, nan 
122.125, 64.125, 7.506846432047269e-22, nan 
122.375, 64.125, 6.846655707606887e-22, nan 
122.625, 64.125, 4.311524711369799e-22, nan 
122.875, 64.125, 4.674700461263313e-22, nan 
123.125, 64.125, 2.7647767093545446e-22, nan 
123.375, 64.125, 3.442212511614496e-22, nan 
123.625, 64.125, 2.928986409658928e-22, nan 
123.875, 64.125, 1.0115892162241287e-22, nan 
124.125, 64.125, 2.4398377059189596e-22, nan 
124.375, 64.125, 6.591471585116914e-22, nan 
124.625, 64.125, 5.244054772683759e-22, nan 
124.875, 64.125, 3.7012543831920214e-22, nan 
125.125, 64.125, 5.70211304755111e-22, nan 
125.375, 64.125, 4.95847807274272e-22, nan 
125.625, 64.125, 4.5404128079058075e-22, nan 
125.875, 64.125, 3.396904092712171e-22, nan 
126.125, 64.125, 1.7828025631590277e-22, nan 
126.375, 64.125, 2.5052636489125136e-22, nan 
126.625, 64.125, 2.028789653091216e-22, nan 
126.875, 64.125, 2.48451969279127e-22, nan 
127.125, 64.125, 3.505414147989125e-22, nan 
127.375, 64.125, 1.8631241377700677e-22, nan 
127.625, 64.125, 4.340120111215862e-22, nan 
127.875, 64.125, 6.765622570637372e-22, nan 
128.125, 64.125, 4.614030038289258e-22, nan 
128.375, 64.125, 5.247243976519738e-22, nan 
128.625, 64.125, 7.885150964718908e-22, nan 
128.875, 64.125, 6.680816018947323e-22, nan 
129.125, 64.125, 2.986700667680699e-22, nan 
129.375, 64.125, 4.723949707891171e-22, nan 
129.625, 64.125, 5.429461223558322e-22, nan 
129.875, 64.125, 3.653928154735915e-22, nan 
130.125, 64.125, 2.4214426842980185e-22, nan 
130.375, 64.125, 1.8413157462893926e-22, nan 
130.625, 64.125, 2.9217328004907455e-22, nan 
130.875, 64.125, 2.209370964264265e-22, nan 
131.125, 64.125, 2.6589679749872905e-22, nan 
131.375, 64.125, 2.895747592688002e-22, nan 
131.625, 64.125, 3.0429459615480857e-22, nan 
131.875, 64.125, 3.8373605652499483e-22, nan 
132.125, 64.125, 3.0685335187937816e-22, nan 
132.375, 64.125, 2.914731880964346e-22, nan 
132.625, 64.125, 3.042867272400274e-22, nan 
132.875, 64.125, 1.7692009317647032e-22, nan 
133.125, 64.125, 1.67657570577823e-22, nan 
133.375, 64.125, 2.0482230744474016e-22, nan 
133.625, 64.125, 1.9248530123208708e-22, nan 
133.875, 64.125, 1.3603228158252434e-22, nan 
134.125, 64.125, 8.263454391507965e-23, nan 
134.375, 64.125, 7.815071953652155e-23, nan 
134.625, 64.125, 1.3729633451550297e-22, nan 
134.875, 64.125, 1.7494943356829334e-22, nan 
135.125, 64.125, 2.3217297171702775e-22, nan 
135.375, 64.125, 1.8052681466266004e-22, nan 
135.625, 64.125, 1.856114173121109e-22, nan 
135.875, 64.125, 2.4180732713916615e-22, nan 
136.125, 64.125, 2.0153888884511305e-22, nan 
136.375, 64.125, 1.292342835775287e-22, nan 
136.625, 64.125, 1.1583500865281153e-22, nan 
136.875, 64.125, 1.5646647983349868e-22, nan 
137.125, 64.125, 1.1574775711053616e-22, nan 
137.375, 64.125, 8.782484549533036e-23, nan 
137.625, 64.125, 1.192079561915926e-22, nan 
137.875, 64.125, 1.319145564385643e-22, nan 
138.125, 64.125, 9.956828311073981e-23, nan 
138.375, 64.125, 8.541984491079095e-23, nan 
138.625, 64.125, 9.309465490194835e-23, nan 
138.875, 64.125, 8.52378794353076e-23, nan 
139.125, 64.125, 4.837291526875345e-23, nan 
139.375, 64.125, 7.682066870717502e-23, nan 
139.625, 64.125, 6.796341084295703e-23, nan 
139.875, 64.125, 5.772990246550011e-23, nan 
140.125, 64.125, 7.713582226285371e-23, nan 
140.375, 64.125, 7.886167080609512e-23, nan 
140.625, 64.125, 3.9160843560233494e-23, nan 
140.875, 64.125, 5.1052242537126224e-23, nan 
141.125, 64.125, 5.877554385477167e-23, nan 
141.375, 64.125, 5.723548435957818e-23, nan 
141.625, 64.125, 7.39156324602477e-23, nan 
141.875, 64.125, 6.006535391626103e-23, nan 
142.125, 64.125, 6.671800540670154e-23, nan 
142.375, 64.125, 1.2629105115321135e-22, nan 
142.625, 64.125, 7.082788056750769e-23, nan 
142.875, 64.125, 4.5830280703653364e-23, nan 
143.125, 64.125, 6.842114279361362e-23, nan 
143.375, 64.125, 3.619911652840547e-23, nan 
143.625, 64.125, 3.184857961789635e-23, nan 
143.875, 64.125, 2.767710516907532e-23, nan 
144.125, 64.125, 3.965296751821043e-23, nan 
144.375, 64.125, 2.5921165390939202e-23, nan 
144.625, 64.125, 1.8349803497031295e-23, nan 
144.875, 64.125, 5.714024696066412e-23, nan 
145.125, 64.125, 3.511569556442038e-23, nan 
145.375, 64.125, 2.0782814423233612e-23, nan 
145.625, 64.125, 3.8901581749769205e-23, nan 
145.875, 64.125, 2.639458552775703e-23, nan 
146.125, 64.125, 1.8336361472762915e-23, nan 
146.375, 64.125, 1.847535789864952e-23, nan 
146.625, 64.125, 2.6444717617699735e-23, nan 
146.875, 64.125, 2.802717199232959e-23, nan 
147.125, 64.125, 3.503729537776933e-23, nan 
147.375, 64.125, 4.084003651297117e-23, nan 
147.625, 64.125, 6.330181877866837e-23, nan 
147.875, 64.125, 5.639549053135883e-23, nan 
148.125, 64.125, 8.924905069531457e-23, nan 
148.375, 64.125, 8.267503337743932e-23, nan 
148.625, 64.125, 8.000357727914518e-23, nan 
148.875, 64.125, 1.237344703241612e-22, nan 
149.125, 64.125, 1.1102359596243723e-22, nan 
149.375, 64.125, 8.828601135237781e-23, nan 
149.625, 64.125, 5.602754628095277e-23, nan 
149.875, 64.125, 5.375110543693806e-23, nan 
150.125, 64.125, 7.034845083019836e-23, nan 
150.375, 64.125, 3.4276807682475716e-23, nan 
150.625, 64.125, 3.0014050552007724e-23, nan 
150.875, 64.125, 2.995005903989269e-23, nan 
151.125, 64.125, 4.1565657358248935e-23, nan 
151.375, 64.125, 2.3605449051318913e-23, nan 
151.625, 64.125, 3.3374825384653413e-23, nan 
151.875, 64.125, 3.0420956197312127e-23, nan 
152.125, 64.125, 2.019544216417808e-23, nan 
152.375, 64.125, 2.4353059106182314e-23, nan 
152.625, 64.125, 2.4660377508591697e-23, nan 
152.875, 64.125, 1.1080220420089306e-23, nan 
153.125, 64.125, 2.3899164953038344e-23, nan 
153.375, 64.125, 3.082921686938646e-23, nan 
153.625, 64.125, 9.617095765008339e-24, nan 
153.875, 64.125, 1.3705422281964806e-23, nan 
154.125, 64.125, 8.668821732123689e-24, nan 
154.375, 64.125, 9.800823534633995e-24, nan 
154.625, 64.125, 2.0176040190005366e-23, nan 
154.875, 64.125, 6.986469586235513e-24, nan 
155.125, 64.125, 1.6826837993446835e-23, nan 
155.375, 64.125, 1.7544593836108844e-23, nan 
155.625, 64.125, 1.4309317340267416e-23, nan 
155.875, 64.125, 1.8126489115710336e-23, nan 
156.125, 64.125, 2.4469122212172603e-23, nan 
156.375, 64.125, 4.840816330460104e-23, nan 
156.625, 64.125, 3.4348914950477114e-23, nan 
156.875, 64.125, 3.2831968151395585e-23, nan 
157.125, 64.125, 3.122806064095656e-23, nan 
157.375, 64.125, 1.8037141362840068e-23, nan 
157.625, 64.125, 1.8729890929233262e-23, nan 
157.875, 64.125, 2.61591580782424e-23, nan 
158.125, 64.125, 1.8417412270947865e-23, nan 
158.375, 64.125, 1.4253798093664777e-23, nan 
158.625, 64.125, 1.771653231098284e-23, nan 
158.875, 64.125, 1.4346664423279245e-23, nan 
159.125, 64.125, 1.3126461508625305e-23, nan 
159.375, 64.125, 1.838373863391504e-23, nan 
159.625, 64.125, 2.1424424874668075e-23, nan 
159.875, 64.125, 2.971103920695058e-23, nan 
160.125, 64.125, 1.8619369678689213e-23, nan 
160.375, 64.125, 1.8481040336998368e-23, nan 
160.625, 64.125, 2.0872597470053377e-23, nan 
160.875, 64.125, 1.2440181401581764e-23, nan 
161.125, 64.125, 1.4767095102877236e-23, nan 
161.375, 64.125, 2.1827793607576472e-23, nan 
161.625, 64.125, 1.755052192613871e-23, nan 
161.875, 64.125, 1.2949359257377931e-23, nan 
162.125, 64.125, 1.4502463605179322e-23, nan 
162.375, 64.125, 1.7736639534111214e-23, nan 
162.625, 64.125, 1.2797599654280399e-23, nan 
162.875, 64.125, 4.971877723839228e-24, nan 
163.125, 64.125, 1.2736572206794654e-23, nan 
163.375, 64.125, 5.924134575713975e-24, nan 
163.625, 64.125, 1.096834448501362e-23, nan 
163.875, 64.125, 1.1938123326514698e-23, nan 
164.125, 64.125, 6.093335422653443e-24, nan 
164.375, 64.125, 8.928454571840694e-24, nan 
164.625, 64.125, 1.4633164736512543e-23, nan 
164.875, 64.125, 1.5196775983308825e-23, nan 
165.125, 64.125, 1.2889071872449323e-23, nan 
165.375, 64.125, 1.3053070648729212e-23, nan 
165.625, 64.125, 1.4565205266301158e-23, nan 
165.875, 64.125, 1.0674158152781566e-23, nan 
166.125, 64.125, 7.16055022798168e-24, nan 
166.375, 64.125, 8.831053161469735e-24, nan 
166.625, 64.125, 8.182353634778757e-24, nan 
166.875, 64.125, 7.387430127058062e-24, nan 
167.125, 64.125, 6.1868615029515775e-24, nan 
167.375, 64.125, 4.642048703341942e-24, nan 
167.625, 64.125, 4.555943744480232e-24, nan 
167.875, 64.125, 6.4813789418835645e-24, nan 
168.125, 64.125, 8.223166530278362e-24, nan 
168.375, 64.125, 5.031672600693555e-24, nan 
168.625, 64.125, 6.4831410231756634e-24, nan 
168.875, 64.125, 5.3767993644331805e-24, nan 
169.125, 64.125, 5.170572240795019e-24, nan 
169.375, 64.125, 5.2790875875871406e-24, nan 
169.625, 64.125, 1.0349590476485132e-23, nan 
169.875, 64.125, 1.0896258163841963e-23, nan 
170.125, 64.125, 1.0567109402448102e-23, nan 
170.375, 64.125, 1.0306212721543166e-23, nan 
170.625, 64.125, 1.4971304056705787e-23, nan 
170.875, 64.125, 1.347168506962549e-23, nan 
171.125, 64.125, 8.861451418003704e-24, nan 
171.375, 64.125, 9.706702345399391e-24, nan 
171.625, 64.125, 2.7418345012965523e-24, nan 
171.875, 64.125, 4.2292096404317706e-24, nan 
172.125, 64.125, 5.792635705388083e-24, nan 
172.375, 64.125, 6.90261256374153e-24, nan 
172.625, 64.125, 4.74890606268246e-24, nan 
172.875, 64.125, 5.654317602895883e-24, nan 
173.125, 64.125, 7.385019899872122e-24, nan 
173.375, 64.125, 4.152997901411717e-24, nan 
173.625, 64.125, 9.596788233688952e-24, nan 
173.875, 64.125, 5.756390172229386e-24, nan 
174.125, 64.125, 6.967920890802574e-24, nan 
174.375, 64.125, 6.0466561614673555e-24, nan 
174.625, 64.125, 8.509997170168955e-24, nan 
174.875, 64.125, 1.5046311411959255e-23, nan 
175.125, 64.125, 1.2807400753109888e-23, nan 
175.375, 64.125, 8.608927196146368e-24, nan 
175.625, 64.125, 1.4228779502800138e-23, nan 
175.875, 64.125, 1.389697741030368e-23, nan 
176.125, 64.125, 1.0116276574570422e-23, nan 
176.375, 64.125, 1.2431909593256948e-23, nan 
176.625, 64.125, 1.1973538616126017e-23, nan 
176.875, 64.125, 1.2661310956293325e-23, nan 
177.125, 64.125, 9.811345377806853e-24, nan 
177.375, 64.125, 1.062654371913709e-23, nan 
177.625, 64.125, 1.3649972712549178e-23, nan 
37.625, 64.375, 3.580733720594858e-24, nan 
37.875, 64.375, 2.27142952510824e-24, nan 
38.125, 64.375, 1.8839385587119662e-24, nan 
38.375, 64.375, 1.8427877711429755e-24, nan 
38.625, 64.375, 3.323324804397378e-24, nan 
38.875, 64.375, 2.7887392756794797e-24, nan 
39.125, 64.375, 3.4796395899496635e-24, nan 
39.375, 64.375, 3.409016690359459e-24, nan 
39.625, 64.375, 2.501308280979859e-24, nan 
39.875, 64.375, 1.7313095137332494e-24, nan 
40.125, 64.375, 5.092388317624643e-25, nan 
40.375, 64.375, 1.7586748583658955e-24, nan 
40.625, 64.375, 2.7881547113126826e-24, nan 
40.875, 64.375, 1.4951534368998716e-24, nan 
41.125, 64.375, 3.4409837942265415e-24, nan 
41.375, 64.375, 3.6524899812866e-24, nan 
41.625, 64.375, 4.0739650977790775e-24, nan 
41.875, 64.375, 3.4035166287010135e-24, nan 
42.125, 64.375, 2.362890849442397e-24, nan 
42.375, 64.375, 4.365226135129271e-24, nan 
42.625, 64.375, 3.8079902282763356e-24, nan 
42.875, 64.375, 5.3257667655645695e-24, nan 
43.125, 64.375, 4.8792195371887514e-24, nan 
43.375, 64.375, 5.3817951704027254e-24, nan 
43.625, 64.375, 5.059468720072932e-24, nan 
43.875, 64.375, 5.6393850887320594e-24, nan 
44.125, 64.375, 6.611165149263197e-24, nan 
44.375, 64.375, 6.2919392831840024e-24, nan 
44.625, 64.375, 6.218038759607889e-24, nan 
44.875, 64.375, 7.477138536982633e-24, nan 
45.125, 64.375, 5.604873409212818e-24, nan 
45.375, 64.375, 5.5036936086647475e-24, nan 
45.625, 64.375, 6.744143237137425e-24, nan 
45.875, 64.375, 4.347764841008047e-24, nan 
46.125, 64.375, 4.170853733729748e-24, nan 
46.375, 64.375, 3.3998200014427444e-24, nan 
46.625, 64.375, 5.25616870432762e-24, nan 
46.875, 64.375, 6.21133584661971e-24, nan 
47.125, 64.375, 6.756225753627519e-24, nan 
47.375, 64.375, 4.3254557952449566e-24, nan 
47.625, 64.375, 5.1326944303838574e-24, nan 
47.875, 64.375, 5.474099729808521e-24, nan 
48.125, 64.375, 3.9049651804019786e-24, nan 
48.375, 64.375, 5.534768425214383e-24, nan 
48.625, 64.375, 2.7501190142034094e-24, nan 
48.875, 64.375, 4.6301923648405506e-24, nan 
49.125, 64.375, 7.476070846144354e-24, nan 
49.375, 64.375, 7.143424146698602e-24, nan 
49.625, 64.375, 2.8397674231614292e-24, nan 
49.875, 64.375, 2.7818318448406273e-24, nan 
50.125, 64.375, 3.246034056747084e-24, nan 
50.375, 64.375, 3.3057083791205562e-24, nan 
50.625, 64.375, 3.4289359627574434e-24, nan 
50.875, 64.375, 3.648564548601335e-24, nan 
51.125, 64.375, 1.0298568999419541e-23, nan 
51.375, 64.375, 1.3629298481811296e-23, nan 
51.625, 64.375, 1.2140005770707381e-23, nan 
51.875, 64.375, 7.236121702772834e-24, nan 
52.125, 64.375, 1.2787939609607868e-23, nan 
52.375, 64.375, 1.122489488028491e-23, nan 
52.625, 64.375, 5.970291582163552e-24, nan 
52.875, 64.375, 1.0478671200527143e-23, nan 
53.125, 64.375, 5.406416875808707e-24, nan 
53.375, 64.375, 5.2855635525040004e-24, nan 
53.625, 64.375, 7.01603789234391e-24, nan 
53.875, 64.375, 4.977302519687276e-24, nan 
54.125, 64.375, 7.555905855004792e-24, nan 
54.375, 64.375, 1.0139638145878465e-23, nan 
54.625, 64.375, 1.1229328843834595e-23, nan 
54.875, 64.375, 1.1207600955921434e-23, nan 
55.125, 64.375, 1.0053786505954253e-23, nan 
55.375, 64.375, 1.0187657919340919e-23, nan 
55.625, 64.375, 1.5141075060909767e-23, nan 
55.875, 64.375, 1.2798935083598885e-23, nan 
56.125, 64.375, 1.1082304507573186e-23, nan 
56.375, 64.375, 1.699113166595083e-23, nan 
56.625, 64.375, 1.340181745697666e-23, nan 
56.875, 64.375, 1.413295078481169e-23, nan 
57.125, 64.375, 5.710375414394859e-24, nan 
57.375, 64.375, 5.120944439460075e-24, nan 
57.625, 64.375, 5.797073544086981e-24, nan 
57.875, 64.375, 9.288550354532488e-24, nan 
58.125, 64.375, 7.375549346768433e-24, nan 
58.375, 64.375, 8.232365507743331e-24, nan 
58.625, 64.375, 1.770687447958803e-23, nan 
58.875, 64.375, 1.0107614962249728e-23, nan 
59.125, 64.375, 9.642250370380817e-24, nan 
59.375, 64.375, 2.377072999252916e-23, nan 
59.625, 64.375, 6.736452855851399e-24, nan 
59.875, 64.375, 9.37934317238734e-24, nan 
60.125, 64.375, 9.598925981000521e-24, nan 
60.375, 64.375, 7.669089316965088e-24, nan 
60.625, 64.375, 1.3690162348188436e-23, nan 
60.875, 64.375, 1.7070545891395388e-23, nan 
61.125, 64.375, 2.2198806823445412e-23, nan 
61.375, 64.375, 1.6671540346196418e-23, nan 
61.625, 64.375, 9.316426222477609e-24, nan 
61.875, 64.375, 6.211713287913149e-24, nan 
62.125, 64.375, 1.0668991241325975e-23, nan 
62.375, 64.375, 2.1782835420377423e-23, nan 
62.625, 64.375, 1.5311732010221147e-23, nan 
62.875, 64.375, 1.5006346424229557e-23, nan 
63.125, 64.375, 1.222551633101155e-23, nan 
63.375, 64.375, 1.1527065930974225e-23, nan 
63.625, 64.375, 1.4420153514965756e-23, nan 
63.875, 64.375, 2.1204540354124022e-23, nan 
64.125, 64.375, 2.4559074238496314e-23, nan 
64.375, 64.375, 2.137388538485139e-23, nan 
64.625, 64.375, 2.0621097360878974e-23, nan 
64.875, 64.375, 2.4627514201879427e-23, nan 
65.125, 64.375, 3.2112180198776483e-23, nan 
65.375, 64.375, 3.772197885147904e-23, nan 
65.625, 64.375, 5.2054807363291025e-23, nan 
65.875, 64.375, 6.042371989629621e-23, nan 
66.125, 64.375, 1.0556580942697231e-22, nan 
66.375, 64.375, 8.971687986242499e-23, nan 
66.625, 64.375, 7.446851002279585e-23, nan 
66.875, 64.375, 1.504188236654067e-22, nan 
67.125, 64.375, 7.909922760223109e-23, nan 
67.375, 64.375, 5.25369634260062e-23, nan 
67.625, 64.375, 9.921831773775163e-23, nan 
67.875, 64.375, 9.718200931024852e-23, nan 
68.125, 64.375, 5.1231292356831656e-23, nan 
68.375, 64.375, 9.909205494639238e-23, nan 
68.625, 64.375, 7.572003508216565e-23, nan 
68.875, 64.375, 5.277500340425983e-23, nan 
69.125, 64.375, 5.980337063916879e-23, nan 
69.375, 64.375, 6.117229425693856e-23, nan 
69.625, 64.375, 5.738984628474373e-23, nan 
69.875, 64.375, 5.510557224709798e-23, nan 
70.125, 64.375, 6.820201984248578e-23, nan 
70.375, 64.375, 6.140143190450702e-23, nan 
70.625, 64.375, 5.938805099546771e-23, nan 
70.875, 64.375, 3.0184402756352466e-23, nan 
71.125, 64.375, 5.388025523880521e-23, nan 
71.375, 64.375, 4.9928912642453215e-23, nan 
71.625, 64.375, 2.869283409209275e-23, nan 
71.875, 64.375, 4.1063348282487507e-23, nan 
72.125, 64.375, 4.9614156953015345e-23, nan 
72.375, 64.375, 7.792925260073371e-23, nan 
72.625, 64.375, 8.937559034317562e-23, nan 
72.875, 64.375, 8.046557038020265e-23, nan 
73.125, 64.375, 6.836122309596739e-23, nan 
73.375, 64.375, 6.358258166541896e-23, nan 
73.625, 64.375, 7.250273164251352e-23, nan 
73.875, 64.375, 7.03812975197838e-23, nan 
74.125, 64.375, 7.132180245165303e-23, nan 
74.375, 64.375, 9.46416879388326e-23, nan 
74.625, 64.375, 7.014963843446745e-23, nan 
74.875, 64.375, 7.067063372325947e-23, nan 
75.125, 64.375, 7.023424389154845e-23, nan 
75.375, 64.375, 6.483991709105776e-23, nan 
75.625, 64.375, 6.905180882196035e-23, nan 
75.875, 64.375, 7.9329551562202e-23, nan 
76.125, 64.375, 1.0697847273134451e-22, nan 
76.375, 64.375, 6.546147758135736e-23, nan 
76.625, 64.375, 5.465089853642509e-23, nan 
76.875, 64.375, 6.110255611777585e-23, nan 
77.125, 64.375, 4.233192289361426e-23, nan 
77.375, 64.375, 9.006531319221469e-23, nan 
77.625, 64.375, 1.0441542386598965e-22, nan 
77.875, 64.375, 1.1009175179687124e-22, nan 
78.125, 64.375, 1.6505780746725342e-22, nan 
78.375, 64.375, 1.9011151240164e-22, nan 
78.625, 64.375, 3.3430700562449545e-22, nan 
78.875, 64.375, 4.0265625928464314e-22, nan 
79.125, 64.375, 3.5436027632265463e-22, nan 
79.375, 64.375, 2.6699778643737766e-22, nan 
79.625, 64.375, 9.894073874427436e-23, nan 
79.875, 64.375, 1.2320280447670704e-22, nan 
80.125, 64.375, 5.996939629908945e-23, nan 
80.375, 64.375, 6.55660369270896e-23, nan 
80.625, 64.375, 4.0691110797008373e-23, nan 
80.875, 64.375, 4.645164410850312e-23, nan 
81.125, 64.375, 5.818135286436185e-23, nan 
81.375, 64.375, 6.59695209553944e-23, nan 
81.625, 64.375, 1.0284844983335578e-22, nan 
81.875, 64.375, 1.0263970363543907e-22, nan 
82.125, 64.375, 1.0431027766613237e-22, nan 
82.375, 64.375, 1.0137175810301336e-22, nan 
82.625, 64.375, 9.310584409991899e-23, nan 
82.875, 64.375, 1.227941973544743e-22, nan 
83.125, 64.375, 1.7420045447187635e-22, nan 
83.375, 64.375, 2.2012321918588356e-22, nan 
83.625, 64.375, 5.747621560618495e-22, nan 
83.875, 64.375, 4.131629888387438e-22, nan 
84.125, 64.375, 1.6376095443797543e-22, nan 
84.375, 64.375, 4.790255090681934e-22, nan 
84.625, 64.375, 4.853435894766015e-22, nan 
84.875, 64.375, 3.637672212893063e-22, nan 
85.125, 64.375, 2.8223291819302214e-22, nan 
85.375, 64.375, 2.6825599533250406e-22, nan 
85.625, 64.375, 2.2360229327457045e-22, nan 
85.875, 64.375, 4.344251247823526e-22, nan 
86.125, 64.375, 5.60226303526236e-22, nan 
86.375, 64.375, 6.94896200324876e-22, nan 
86.625, 64.375, 5.592287715987811e-22, nan 
86.875, 64.375, 4.84222773853038e-22, nan 
87.125, 64.375, 5.133425863659771e-22, nan 
87.375, 64.375, 5.899703040919655e-22, nan 
87.625, 64.375, 8.078911795234827e-22, nan 
87.875, 64.375, 6.411794670910364e-22, nan 
88.125, 64.375, 4.697044609035735e-22, nan 
88.375, 64.375, 6.97471612007815e-22, nan 
88.625, 64.375, 8.517917100456515e-22, nan 
88.875, 64.375, 4.870663629161266e-22, nan 
89.125, 64.375, 1.3187414807567515e-21, nan 
89.375, 64.375, 1.8000197238412414e-21, nan 
89.625, 64.375, 2.1038835196393343e-21, nan 
89.875, 64.375, 2.413045320108316e-21, nan 
90.125, 64.375, 2.1410419442923727e-21, nan 
90.375, 64.375, 2.325700683831032e-21, nan 
90.625, 64.375, 1.874095392333328e-21, nan 
90.875, 64.375, 2.11808860107952e-21, nan 
91.125, 64.375, 2.218400585525593e-21, nan 
91.375, 64.375, 1.977003278918212e-21, nan 
91.625, 64.375, 2.0224537326053816e-21, nan 
91.875, 64.375, 1.4141403302689984e-21, nan 
92.125, 64.375, 1.3866662507250258e-21, nan 
92.375, 64.375, 1.3110286459344336e-21, nan 
92.625, 64.375, 1.159317272906076e-21, nan 
92.875, 64.375, 9.42316354070415e-22, nan 
93.125, 64.375, 5.183495671242571e-22, nan 
93.375, 64.375, 6.621977267541922e-22, nan 
93.625, 64.375, 9.456869798099485e-22, nan 
93.875, 64.375, 7.9779467161279115e-22, nan 
94.125, 64.375, 1.3617427179700146e-21, nan 
94.375, 64.375, 2.5216242268730415e-21, nan 
94.625, 64.375, 2.802329508876917e-21, nan 
94.875, 64.375, 3.0891337688965928e-21, nan 
95.125, 64.375, 4.7786020344053274e-21, nan 
95.375, 64.375, 4.677791164400834e-21, nan 
95.625, 64.375, 5.893184004449268e-21, nan 
95.875, 64.375, 8.21868232539285e-21, nan 
96.125, 64.375, 1.5542395776184993e-20, nan 
96.375, 64.375, 1.0678186583566973e-20, nan 
96.625, 64.375, 1.292211750876996e-20, nan 
96.875, 64.375, 8.166272806661099e-21, nan 
97.125, 64.375, 8.022393940676412e-21, nan 
97.375, 64.375, 8.50120814369112e-21, nan 
97.625, 64.375, 1.0177221426576461e-20, nan 
97.875, 64.375, 9.651744125634535e-21, nan 
98.125, 64.375, 5.315675946132554e-21, nan 
98.375, 64.375, 4.523594537752188e-21, nan 
98.625, 64.375, 8.777444128921047e-21, nan 
98.875, 64.375, 1.484279302084438e-20, nan 
99.125, 64.375, 9.344431495050344e-21, nan 
99.375, 64.375, 8.949258304209812e-21, nan 
99.625, 64.375, 1.3893145333757496e-20, nan 
99.875, 64.375, 1.0540368939419747e-20, nan 
100.125, 64.375, 7.09545955372614e-21, nan 
100.375, 64.375, 8.40581174688727e-21, nan 
100.625, 64.375, 8.956155177771058e-21, nan 
100.875, 64.375, 7.034456253784315e-21, nan 
101.125, 64.375, 3.593417307301658e-21, nan 
101.375, 64.375, 4.085940038548765e-21, nan 
101.625, 64.375, 3.872135066357113e-21, nan 
101.875, 64.375, 5.149745580333144e-21, nan 
102.125, 64.375, 1.100499098444647e-20, nan 
102.375, 64.375, 9.10743121965513e-21, nan 
102.625, 64.375, 7.483945102766255e-21, nan 
102.875, 64.375, 1.1761583416168234e-20, nan 
103.125, 64.375, 1.1358199046517793e-20, nan 
103.375, 64.375, 4.150327047480635e-21, nan 
103.625, 64.375, 9.069272619342315e-21, nan 
103.875, 64.375, 1.0815156200553324e-20, nan 
104.125, 64.375, 1.7907075788289262e-20, nan 
104.375, 64.375, 7.741881392925445e-21, nan 
104.625, 64.375, 7.897360841769214e-21, nan 
104.875, 64.375, 1.2427832303201054e-20, nan 
105.125, 64.375, 4.913907136005595e-21, nan 
105.375, 64.375, 3.679179274988078e-21, nan 
105.625, 64.375, 5.0445547757650394e-21, nan 
105.875, 64.375, 2.4366313515316448e-21, nan 
106.125, 64.375, 2.768243825188404e-21, nan 
106.375, 64.375, 2.7401189475516257e-21, nan 
106.625, 64.375, 3.0415952067894324e-21, nan 
106.875, 64.375, 6.428016595897996e-21, nan 
107.125, 64.375, 4.7740003014080804e-21, nan 
107.375, 64.375, 2.963130459689797e-21, nan 
107.625, 64.375, 4.048691792666341e-21, nan 
107.875, 64.375, 4.3650186156985586e-21, nan 
108.125, 64.375, 1.0041390915748824e-20, nan 
108.375, 64.375, 6.472842950403216e-21, nan 
108.625, 64.375, 5.080001691440174e-21, nan 
108.875, 64.375, 1.3084648267103822e-20, nan 
109.125, 64.375, 9.690447842350248e-21, nan 
109.375, 64.375, 7.451224573654367e-21, nan 
109.625, 64.375, 9.010204349522838e-21, nan 
109.875, 64.375, 8.138959870337806e-21, nan 
110.125, 64.375, 6.542096632786174e-21, nan 
110.375, 64.375, 4.332691258333871e-21, nan 
110.625, 64.375, 5.358700732723776e-21, nan 
110.875, 64.375, 3.416634883543204e-21, nan 
111.125, 64.375, 2.8258006937399616e-21, nan 
111.375, 64.375, 1.3541809831983272e-21, nan 
111.625, 64.375, 2.0596381396046984e-21, nan 
111.875, 64.375, 1.2305897124869313e-21, nan 
112.125, 64.375, 3.1118926413814735e-21, nan 
112.375, 64.375, 2.475277609013982e-21, nan 
112.625, 64.375, 1.5838071702287309e-21, nan 
112.875, 64.375, 1.5659148941430795e-21, nan 
113.125, 64.375, 1.9468138618534854e-21, nan 
113.375, 64.375, 8.641653078719888e-22, nan 
113.625, 64.375, 1.2700382301754923e-21, nan 
113.875, 64.375, 1.4499808053520696e-21, nan 
114.125, 64.375, 1.4110021097471e-21, nan 
114.375, 64.375, 1.5579678320504441e-21, nan 
114.625, 64.375, 9.348230856792162e-22, nan 
114.875, 64.375, 2.3174362245681272e-21, nan 
115.125, 64.375, 1.936670384028232e-21, nan 
115.375, 64.375, 2.1545899826470933e-21, nan 
115.625, 64.375, 2.755221124224367e-21, nan 
115.875, 64.375, 3.4061652950296415e-21, nan 
116.125, 64.375, 4.728958923385127e-21, nan 
116.375, 64.375, 4.08349153861365e-21, nan 
116.625, 64.375, 3.453565928126595e-21, nan 
116.875, 64.375, 3.453709520995857e-21, nan 
117.125, 64.375, 6.677830000719242e-21, nan 
117.375, 64.375, 6.3890341327720635e-21, nan 
117.625, 64.375, 5.320762534609365e-21, nan 
117.875, 64.375, 6.693255440113654e-21, nan 
118.125, 64.375, 6.6725031437357015e-21, nan 
118.375, 64.375, 7.811370084370957e-21, nan 
118.625, 64.375, 4.691030103418574e-21, nan 
118.875, 64.375, 2.627068755090128e-21, nan 
119.125, 64.375, 3.8400519683928206e-21, nan 
119.375, 64.375, 5.137861291448218e-21, nan 
119.625, 64.375, 3.965136733856526e-21, nan 
119.875, 64.375, 1.72793987675312e-21, nan 
120.125, 64.375, 1.870367314421739e-21, nan 
120.375, 64.375, 1.993847200196637e-21, nan 
120.625, 64.375, 1.879723613814507e-21, nan 
120.875, 64.375, 1.2776127527023851e-21, nan 
121.125, 64.375, 1.5298486173821881e-21, nan 
121.375, 64.375, 1.4510325066252237e-21, nan 
121.625, 64.375, 1.250819722245526e-21, nan 
121.875, 64.375, 9.538673968768318e-22, nan 
122.125, 64.375, 6.81193620683543e-22, nan 
122.375, 64.375, 4.480036596434546e-22, nan 
122.625, 64.375, 2.1321572106310205e-22, nan 
122.875, 64.375, 3.6437380257366803e-22, nan 
123.125, 64.375, 2.0812722121583496e-22, nan 
123.375, 64.375, 2.9722951982734136e-22, nan 
123.625, 64.375, 6.821768187450982e-22, nan 
123.875, 64.375, 5.537451861440062e-22, nan 
124.125, 64.375, 1.661942668784432e-22, nan 
124.375, 64.375, 6.529391592593069e-22, nan 
124.625, 64.375, 5.646717750375603e-22, nan 
124.875, 64.375, 6.1531545987993185e-22, nan 
125.125, 64.375, 5.00638778826129e-22, nan 
125.375, 64.375, 5.411514553752631e-22, nan 
125.625, 64.375, 3.0537668057753506e-22, nan 
125.875, 64.375, 4.300532960948471e-22, nan 
126.125, 64.375, 4.080539041522392e-22, nan 
126.375, 64.375, 3.3251421177337334e-22, nan 
126.625, 64.375, 2.314731030998205e-22, nan 
126.875, 64.375, 3.401695950447999e-22, nan 
127.125, 64.375, 4.325607004426444e-22, nan 
127.375, 64.375, 1.5891978148940868e-22, nan 
127.625, 64.375, 5.434735981440234e-22, nan 
127.875, 64.375, 5.860569267947213e-22, nan 
128.125, 64.375, 6.712157393429606e-22, nan 
128.375, 64.375, 6.309608227585099e-22, nan 
128.625, 64.375, 6.866039613692484e-22, nan 
128.875, 64.375, 4.1442046917647665e-22, nan 
129.125, 64.375, 3.7530105172224574e-22, nan 
129.375, 64.375, 4.1441550421219513e-22, nan 
129.625, 64.375, 3.2437071582442923e-22, nan 
129.875, 64.375, 2.0160018560285062e-22, nan 
130.125, 64.375, 2.2785067992210274e-22, nan 
130.375, 64.375, 2.373630214010857e-22, nan 
130.625, 64.375, 1.665465155299697e-22, nan 
130.875, 64.375, 1.506260283907717e-22, nan 
131.125, 64.375, 1.9214221278645558e-22, nan 
131.375, 64.375, 1.4642921206538815e-22, nan 
131.625, 64.375, 3.6412992955929394e-22, nan 
131.875, 64.375, 5.388762489777448e-22, nan 
132.125, 64.375, 3.7148243943393415e-22, nan 
132.375, 64.375, 4.339026696640061e-22, nan 
132.625, 64.375, 3.83832506938734e-22, nan 
132.875, 64.375, 1.2603657941200165e-22, nan 
133.125, 64.375, 2.1641838394868893e-22, nan 
133.375, 64.375, 2.7934930672466077e-22, nan 
133.625, 64.375, 2.5545493140524944e-22, nan 
133.875, 64.375, 1.9605593061729956e-22, nan 
134.125, 64.375, 1.7895184217408677e-22, nan 
134.375, 64.375, 2.0800967267962446e-22, nan 
134.625, 64.375, 1.9651009472879127e-22, nan 
134.875, 64.375, 2.6708191571846623e-22, nan 
135.125, 64.375, 2.273009966843615e-22, nan 
135.375, 64.375, 1.466651161181796e-22, nan 
135.625, 64.375, 2.5159569228191783e-22, nan 
135.875, 64.375, 2.693593648842075e-22, nan 
136.125, 64.375, 1.2797192705465644e-22, nan 
136.375, 64.375, 1.5687001045773005e-22, nan 
136.625, 64.375, 1.2355618927962952e-22, nan 
136.875, 64.375, 1.746553494071171e-22, nan 
137.125, 64.375, 1.7256873220048987e-22, nan 
137.375, 64.375, 6.253798193000215e-23, nan 
137.625, 64.375, 2.404926716187708e-22, nan 
137.875, 64.375, 2.1168865612771534e-22, nan 
138.125, 64.375, 8.322135819820535e-23, nan 
138.375, 64.375, 1.385142758120641e-22, nan 
138.625, 64.375, 1.2682291365556767e-22, nan 
138.875, 64.375, 5.963973011957099e-23, nan 
139.125, 64.375, 5.830911127428744e-23, nan 
139.375, 64.375, 9.649994901394357e-23, nan 
139.625, 64.375, 4.30528681698944e-23, nan 
139.875, 64.375, 6.694251479035796e-23, nan 
140.125, 64.375, 8.528928785189097e-23, nan 
140.375, 64.375, 5.847754353723577e-23, nan 
140.625, 64.375, 2.3256309918476553e-23, nan 
140.875, 64.375, 5.31433397663054e-23, nan 
141.125, 64.375, 5.48958991369994e-23, nan 
141.375, 64.375, 7.32581084558795e-23, nan 
141.625, 64.375, 3.2184486134409706e-23, nan 
141.875, 64.375, 6.890939989121809e-23, nan 
142.125, 64.375, 8.666300217168156e-23, nan 
142.375, 64.375, 9.23914127800702e-23, nan 
142.625, 64.375, 7.556337986865874e-23, nan 
142.875, 64.375, 5.371810942718746e-23, nan 
143.125, 64.375, 3.5434742429344396e-23, nan 
143.375, 64.375, 3.381559465757782e-23, nan 
143.625, 64.375, 3.106218168531795e-23, nan 
143.875, 64.375, 3.3707613435703413e-23, nan 
144.125, 64.375, 4.1787005213185486e-23, nan 
144.375, 64.375, 3.371700324241723e-23, nan 
144.625, 64.375, 3.203705826309586e-23, nan 
144.875, 64.375, 4.023855155570964e-23, nan 
145.125, 64.375, 5.1684286684690004e-23, nan 
145.375, 64.375, 2.1369997269046782e-23, nan 
145.625, 64.375, 4.7312458672082194e-23, nan 
145.875, 64.375, 4.2477923235835296e-23, nan 
146.125, 64.375, 4.6270388043736806e-23, nan 
146.375, 64.375, 3.408436916048959e-23, nan 
146.625, 64.375, 4.0336310966353683e-23, nan 
146.875, 64.375, 4.161232388138085e-23, nan 
147.125, 64.375, 1.989296150682507e-23, nan 
147.375, 64.375, 3.3132317341813136e-23, nan 
147.625, 64.375, 4.0226123060187615e-23, nan 
147.875, 64.375, 3.3907812259644367e-23, nan 
148.125, 64.375, 4.354192382505738e-23, nan 
148.375, 64.375, 5.344685846749536e-23, nan 
148.625, 64.375, 8.092943403312548e-23, nan 
148.875, 64.375, 9.106099593261575e-23, nan 
149.125, 64.375, 8.721285563308145e-23, nan 
149.375, 64.375, 5.98912592316738e-23, nan 
149.625, 64.375, 5.608404680821845e-23, nan 
149.875, 64.375, 4.758131611272605e-23, nan 
150.125, 64.375, 2.3821864181101483e-23, nan 
150.375, 64.375, 7.202916069670506e-23, nan 
150.625, 64.375, 6.343726838275247e-23, nan 
150.875, 64.375, 2.1037680678361022e-23, nan 
151.125, 64.375, 1.228974205205647e-22, nan 
151.375, 64.375, 8.154614169046299e-23, nan 
151.625, 64.375, 4.1919125515948937e-23, nan 
151.875, 64.375, 4.6792788090815995e-23, nan 
152.125, 64.375, 4.3044594381779646e-23, nan 
152.375, 64.375, 4.208992837561605e-23, nan 
152.625, 64.375, 4.5776306391582033e-23, nan 
152.875, 64.375, 2.158146230859297e-23, nan 
153.125, 64.375, 3.3311601945353485e-23, nan 
153.375, 64.375, 6.664225997672961e-23, nan 
153.625, 64.375, 2.841428978547483e-23, nan 
153.875, 64.375, 1.4930680197557182e-23, nan 
154.125, 64.375, 2.5313153358397104e-23, nan 
154.375, 64.375, 1.5313446517866036e-23, nan 
154.625, 64.375, 1.1684005112677606e-23, nan 
154.875, 64.375, 8.679072942045612e-24, nan 
155.125, 64.375, 1.9772079127550115e-23, nan 
155.375, 64.375, 1.2743282036362027e-23, nan 
155.625, 64.375, 1.7244077653501465e-23, nan 
155.875, 64.375, 1.4431937812492192e-23, nan 
156.125, 64.375, 2.776854652547008e-23, nan 
156.375, 64.375, 3.101860908936744e-23, nan 
156.625, 64.375, 4.199486567556352e-23, nan 
156.875, 64.375, 4.3522190913778536e-23, nan 
157.125, 64.375, 3.67603597585089e-23, nan 
157.375, 64.375, 3.990524796577055e-23, nan 
157.625, 64.375, 4.128837585431594e-23, nan 
157.875, 64.375, 3.902595329138881e-23, nan 
158.125, 64.375, 2.6996692813501377e-23, nan 
158.375, 64.375, 1.2548938853329445e-23, nan 
158.625, 64.375, 1.8358343392955445e-23, nan 
158.875, 64.375, 1.7189117609488226e-23, nan 
159.125, 64.375, 1.3719110363651737e-23, nan 
159.375, 64.375, 1.7895511218354402e-23, nan 
159.625, 64.375, 2.5011723999016212e-23, nan 
159.875, 64.375, 2.3539058022711953e-23, nan 
160.125, 64.375, 1.7585198782857382e-23, nan 
160.375, 64.375, 1.6298503483880353e-23, nan 
160.625, 64.375, 1.2492236352334495e-23, nan 
160.875, 64.375, 9.921656058684223e-24, nan 
161.125, 64.375, 1.0673585805655171e-23, nan 
161.375, 64.375, 1.2583169630150008e-23, nan 
161.625, 64.375, 1.3168437158830416e-23, nan 
161.875, 64.375, 1.0513738464140647e-23, nan 
162.125, 64.375, 5.632759439150902e-24, nan 
162.375, 64.375, 4.24731846772505e-24, nan 
162.625, 64.375, 2.715229715631135e-24, nan 
162.875, 64.375, 7.148255570611756e-24, nan 
163.125, 64.375, 8.787418206099347e-24, nan 
163.375, 64.375, 5.360706644299223e-24, nan 
163.625, 64.375, 1.1016206242381806e-23, nan 
163.875, 64.375, 5.079446618625224e-24, nan 
164.125, 64.375, 5.0831524768851066e-24, nan 
164.375, 64.375, 1.353649519228641e-23, nan 
164.625, 64.375, 1.504278656464068e-23, nan 
164.875, 64.375, 1.339556774945238e-23, nan 
165.125, 64.375, 1.4980158706175822e-23, nan 
165.375, 64.375, 1.4755539067401167e-23, nan 
165.625, 64.375, 1.456117343999989e-23, nan 
165.875, 64.375, 8.348554868688261e-24, nan 
166.125, 64.375, 8.186616009404046e-24, nan 
166.375, 64.375, 1.072972852859354e-23, nan 
166.625, 64.375, 9.874440126433614e-24, nan 
166.875, 64.375, 7.87203065749183e-24, nan 
167.125, 64.375, 7.043022592307137e-24, nan 
167.375, 64.375, 6.781659671384221e-24, nan 
167.625, 64.375, 6.33906052922407e-24, nan 
167.875, 64.375, 6.338536237922974e-24, nan 
168.125, 64.375, 8.29620118451652e-24, nan 
168.375, 64.375, 6.2153918347574925e-24, nan 
168.625, 64.375, 3.1258580913424527e-24, nan 
168.875, 64.375, 3.1760320951320425e-24, nan 
169.125, 64.375, 4.2296307634003986e-24, nan 
169.375, 64.375, 4.901510636105112e-24, nan 
169.625, 64.375, 6.446055952687629e-24, nan 
169.875, 64.375, 8.618915212856906e-24, nan 
170.125, 64.375, 7.19557706727688e-24, nan 
170.375, 64.375, 7.794480885633597e-24, nan 
170.625, 64.375, 6.544259563480705e-24, nan 
170.875, 64.375, 6.3955959191483845e-24, nan 
171.125, 64.375, 5.460412126862507e-24, nan 
171.375, 64.375, 4.438470141325808e-24, nan 
171.625, 64.375, 5.1431110331388366e-24, nan 
171.875, 64.375, 4.540460074540032e-24, nan 
172.125, 64.375, 5.80151540731261e-24, nan 
172.375, 64.375, 7.996858526833784e-24, nan 
172.625, 64.375, 6.004417944293163e-24, nan 
172.875, 64.375, 5.899359555735436e-24, nan 
173.125, 64.375, 7.294394359763781e-24, nan 
173.375, 64.375, 4.22272421964317e-24, nan 
173.625, 64.375, 4.679684695494501e-24, nan 
173.875, 64.375, 5.376752689633825e-24, nan 
174.125, 64.375, 7.060476670514651e-24, nan 
174.375, 64.375, 4.208055812501565e-24, nan 
174.625, 64.375, 1.0752842808605426e-23, nan 
174.875, 64.375, 2.239157242164779e-23, nan 
175.125, 64.375, 1.927449029621758e-23, nan 
175.375, 64.375, 1.604317123032334e-23, nan 
175.625, 64.375, 2.2303866698142775e-23, nan 
175.875, 64.375, 1.899233378027183e-23, nan 
176.125, 64.375, 1.3238529221583393e-23, nan 
176.375, 64.375, 9.686833302260712e-24, nan 
176.625, 64.375, 1.1416235192021634e-23, nan 
176.875, 64.375, 1.1216180116006578e-23, nan 
177.125, 64.375, 1.512077243899279e-23, nan 
177.375, 64.375, 1.4654636262185025e-23, nan 
177.625, 64.375, 1.660230774267574e-23, nan 
177.875, 64.375, 1.5086412344075166e-23, nan 
178.125, 64.375, 2.283342974088884e-23, nan 
36.875, 64.625, 2.0234845269042608e-24, nan 
37.125, 64.625, 3.593392268359199e-24, nan 
37.375, 64.625, 4.355655494181414e-24, nan 
37.625, 64.625, 3.941156863473871e-24, nan 
37.875, 64.625, 2.405147783833503e-24, nan 
38.125, 64.625, 2.181123264821049e-24, nan 
38.375, 64.625, 2.2939393666692315e-24, nan 
38.625, 64.625, 2.769454071437249e-24, nan 
38.875, 64.625, 2.3768460286540174e-24, nan 
39.125, 64.625, 1.61210101902083e-24, nan 
39.375, 64.625, 1.3523902186455897e-24, nan 
39.625, 64.625, 2.368959549447534e-24, nan 
39.875, 64.625, 5.3901219978796024e-24, nan 
40.125, 64.625, 3.1971589711008e-24, nan 
40.375, 64.625, 1.4405962787001523e-24, nan 
40.625, 64.625, 2.4620058409929715e-24, nan 
40.875, 64.625, 2.294307807783766e-24, nan 
41.125, 64.625, 2.0650523335126353e-24, nan 
41.375, 64.625, 3.2647565602189583e-24, nan 
41.625, 64.625, 3.98709929915367e-24, nan 
41.875, 64.625, 3.522456271769315e-24, nan 
42.125, 64.625, 4.159164835460797e-24, nan 
42.375, 64.625, 4.903967866457444e-24, nan 
42.625, 64.625, 3.676717426149148e-24, nan 
42.875, 64.625, 4.918285922523137e-24, nan 
43.125, 64.625, 6.068018691967935e-24, nan 
43.375, 64.625, 6.506761672291752e-24, nan 
43.625, 64.625, 4.469918444196472e-24, nan 
43.875, 64.625, 6.018203343647751e-24, nan 
44.125, 64.625, 8.112251175151832e-24, nan 
44.375, 64.625, 7.393478325734497e-24, nan 
44.625, 64.625, 6.390209040893224e-24, nan 
44.875, 64.625, 7.074154426271729e-24, nan 
45.125, 64.625, 5.4569819258877764e-24, nan 
45.375, 64.625, 4.0894402809472866e-24, nan 
45.625, 64.625, 2.6944055313824896e-24, nan 
45.875, 64.625, 2.7487423756383185e-24, nan 
46.125, 64.625, 2.514814291059023e-24, nan 
46.375, 64.625, 3.4290297008896515e-24, nan 
46.625, 64.625, 3.940802698639539e-24, nan 
46.875, 64.625, 5.1617862222843294e-24, nan 
47.125, 64.625, 5.5999031253462296e-24, nan 
47.375, 64.625, 5.631753221717221e-24, nan 
47.625, 64.625, 8.300600190927609e-24, nan 
47.875, 64.625, 6.156703137817001e-24, nan 
48.125, 64.625, 5.515847281966455e-24, nan 
48.375, 64.625, 8.652812862285872e-24, nan 
48.625, 64.625, 3.200726891101637e-24, nan 
48.875, 64.625, 3.534487319472941e-24, nan 
49.125, 64.625, 4.677574961638036e-24, nan 
49.375, 64.625, 5.6070902412316274e-24, nan 
49.625, 64.625, 3.880116457748956e-24, nan 
49.875, 64.625, 1.8663207054326056e-24, nan 
50.125, 64.625, 3.874986508904635e-24, nan 
50.375, 64.625, 4.066995303385765e-24, nan 
50.625, 64.625, 2.4296673519711675e-24, nan 
50.875, 64.625, 4.0212576668698934e-24, nan 
51.125, 64.625, 3.801418627171308e-24, nan 
51.375, 64.625, 5.284326325108462e-24, nan 
51.625, 64.625, 8.915244532776578e-24, nan 
51.875, 64.625, 9.313193977760073e-24, nan 
52.125, 64.625, 1.0479853073010025e-23, nan 
52.375, 64.625, 1.0791748327055929e-23, nan 
52.625, 64.625, 1.1307681110787823e-23, nan 
52.875, 64.625, 8.691054899573905e-24, nan 
53.125, 64.625, 6.0563796259358604e-24, nan 
53.375, 64.625, 5.34537077501002e-24, nan 
53.625, 64.625, 3.584863460501627e-24, nan 
53.875, 64.625, 5.270202997106669e-24, nan 
54.125, 64.625, 1.0219877393858987e-23, nan 
54.375, 64.625, 9.220622358918616e-24, nan 
54.625, 64.625, 1.1896711075400036e-23, nan 
54.875, 64.625, 1.6804884908744452e-23, nan 
55.125, 64.625, 1.4908428233611136e-23, nan 
55.375, 64.625, 1.3385371028480588e-23, nan 
55.625, 64.625, 1.6565839560159885e-23, nan 
55.875, 64.625, 1.6102676194114914e-23, nan 
56.125, 64.625, 1.4265072056319726e-23, nan 
56.375, 64.625, 1.624404754530361e-23, nan 
56.625, 64.625, 2.0790094080623392e-23, nan 
56.875, 64.625, 2.6030893862632343e-23, nan 
57.125, 64.625, 1.6075916498943725e-23, nan 
57.375, 64.625, 1.0975272480568577e-23, nan 
57.625, 64.625, 1.3560768354280111e-24, nan 
57.875, 64.625, 3.884389203641433e-24, nan 
58.125, 64.625, 6.526150396922047e-24, nan 
58.375, 64.625, 8.983049492678709e-24, nan 
58.625, 64.625, 1.3183196621656535e-23, nan 
58.875, 64.625, 1.2638798629974364e-23, nan 
59.125, 64.625, 1.3700694247844826e-23, nan 
59.375, 64.625, 2.324400241289076e-23, nan 
59.625, 64.625, 2.0331416517831501e-23, nan 
59.875, 64.625, 1.1965005040517406e-23, nan 
60.125, 64.625, 1.446744439461772e-23, nan 
60.375, 64.625, 1.1186473546999139e-23, nan 
60.625, 64.625, 1.6126084266988272e-23, nan 
60.875, 64.625, 2.311634473435793e-23, nan 
61.125, 64.625, 1.968648207653878e-23, nan 
61.375, 64.625, 1.6772153157476815e-23, nan 
61.625, 64.625, 1.589941750884838e-23, nan 
61.875, 64.625, 1.5219324566831687e-23, nan 
62.125, 64.625, 8.543559134441206e-24, nan 
62.375, 64.625, 1.0294721030508999e-23, nan 
62.625, 64.625, 1.2772465559930971e-23, nan 
62.875, 64.625, 1.2457342739823748e-23, nan 
63.125, 64.625, 7.080515484535506e-24, nan 
63.375, 64.625, 1.4887971072623892e-23, nan 
63.625, 64.625, 1.2057287970576216e-23, nan 
63.875, 64.625, 1.0008731430019384e-23, nan 
64.125, 64.625, 1.8500983925055347e-23, nan 
64.375, 64.625, 2.056323721180301e-23, nan 
64.625, 64.625, 2.303581263218113e-23, nan 
64.875, 64.625, 2.538811840528182e-23, nan 
65.125, 64.625, 3.7434908386770824e-23, nan 
65.375, 64.625, 2.667324652934276e-23, nan 
65.625, 64.625, 4.7736243960926635e-23, nan 
65.875, 64.625, 6.3819852640797e-23, nan 
66.125, 64.625, 7.363963646474676e-23, nan 
66.375, 64.625, 9.356989503407661e-23, nan 
66.625, 64.625, 9.626101416253634e-23, nan 
66.875, 64.625, 1.3704368763307096e-22, nan 
67.125, 64.625, 1.2630406443309729e-22, nan 
67.375, 64.625, 9.831992238162053e-23, nan 
67.625, 64.625, 1.1819810815319924e-22, nan 
67.875, 64.625, 1.4044379941837487e-22, nan 
68.125, 64.625, 5.333706185009919e-23, nan 
68.375, 64.625, 7.467541311550581e-23, nan 
68.625, 64.625, 1.0327709438650061e-22, nan 
68.875, 64.625, 7.060615149061786e-23, nan 
69.125, 64.625, 3.216846995366037e-23, nan 
69.375, 64.625, 4.157308035494316e-23, nan 
69.625, 64.625, 3.411553520102502e-23, nan 
69.875, 64.625, 4.6924439655910934e-23, nan 
70.125, 64.625, 5.4027042609749e-23, nan 
70.375, 64.625, 4.856384705788293e-23, nan 
70.625, 64.625, 5.0766583689294444e-23, nan 
70.875, 64.625, 4.658881789549623e-23, nan 
71.125, 64.625, 1.39407028109009e-23, nan 
71.375, 64.625, 2.802243117130838e-23, nan 
71.625, 64.625, 2.2369025777048484e-23, nan 
71.875, 64.625, 2.8693202640645534e-23, nan 
72.125, 64.625, 3.0702172582403087e-23, nan 
72.375, 64.625, 3.719731565306185e-23, nan 
72.625, 64.625, 4.5308803870059737e-23, nan 
72.875, 64.625, 4.803936387207332e-23, nan 
73.125, 64.625, 5.000072183729911e-23, nan 
73.375, 64.625, 5.308018001503142e-23, nan 
73.625, 64.625, 6.096955223115381e-23, nan 
73.875, 64.625, 7.875269456968196e-23, nan 
74.125, 64.625, 1.1988562304122752e-22, nan 
74.375, 64.625, 9.738816973531018e-23, nan 
74.625, 64.625, 7.879426089276346e-23, nan 
74.875, 64.625, 1.358307904792109e-22, nan 
75.125, 64.625, 5.905644724089274e-23, nan 
75.375, 64.625, 8.352505973332762e-23, nan 
75.625, 64.625, 7.476353048549221e-23, nan 
75.875, 64.625, 5.7227005583513e-23, nan 
76.125, 64.625, 1.3102330327078372e-22, nan 
76.375, 64.625, 6.402119999971497e-23, nan 
76.625, 64.625, 3.951267926019725e-23, nan 
76.875, 64.625, 1.3232188124353494e-23, nan 
77.125, 64.625, 2.5113840477950043e-23, nan 
77.375, 64.625, 3.1119462089842206e-23, nan 
77.625, 64.625, 2.2687577061041585e-22, nan 
77.875, 64.625, 3.461559595530369e-22, nan 
78.125, 64.625, 4.47574290451536e-22, nan 
78.375, 64.625, 4.245704900850178e-22, nan 
78.625, 64.625, 6.36117252815851e-22, nan 
78.875, 64.625, 8.098226905765161e-22, nan 
79.125, 64.625, 5.944234171945872e-22, nan 
79.375, 64.625, 4.271597218776627e-22, nan 
79.625, 64.625, 4.4570060015236995e-22, nan 
79.875, 64.625, 4.586765446064971e-22, nan 
80.125, 64.625, 3.157277303570574e-22, nan 
80.375, 64.625, 8.678930568003664e-23, nan 
80.625, 64.625, 2.93152162786721e-23, nan 
80.875, 64.625, 6.816315774899652e-23, nan 
81.125, 64.625, 8.42316947748174e-23, nan 
81.375, 64.625, 9.397849515604514e-23, nan 
81.625, 64.625, 5.533499506557153e-23, nan 
81.875, 64.625, 9.387517603517147e-23, nan 
82.125, 64.625, 7.79367100266235e-23, nan 
82.375, 64.625, 1.071415737415748e-22, nan 
82.625, 64.625, 9.892081027544022e-23, nan 
82.875, 64.625, 2.9933790521286046e-22, nan 
83.125, 64.625, 2.6111534244758904e-22, nan 
83.375, 64.625, 7.214617340033314e-22, nan 
83.625, 64.625, 9.967366624442734e-22, nan 
83.875, 64.625, 1.0158377645650147e-21, nan 
84.125, 64.625, 1.0907340294907527e-21, nan 
84.375, 64.625, 1.2310869047155929e-21, nan 
84.625, 64.625, 5.994786313750574e-22, nan 
84.875, 64.625, 2.7176277304173086e-22, nan 
85.125, 64.625, 2.8529280214419543e-22, nan 
85.375, 64.625, 3.788199667262802e-22, nan 
85.625, 64.625, 5.03985178640691e-22, nan 
85.875, 64.625, 4.2246330738652733e-22, nan 
86.125, 64.625, 3.749551358618128e-22, nan 
86.375, 64.625, 6.962142613338004e-22, nan 
86.625, 64.625, 2.765855985095397e-22, nan 
86.875, 64.625, 3.4032467749171414e-22, nan 
87.125, 64.625, 7.82992726356854e-22, nan 
87.375, 64.625, 8.296643996809854e-22, nan 
87.625, 64.625, 9.650132872372403e-22, nan 
87.875, 64.625, 9.428729299110427e-22, nan 
88.125, 64.625, 8.042664202557287e-22, nan 
88.375, 64.625, 6.425400023790242e-22, nan 
88.625, 64.625, 1.092253149341448e-21, nan 
88.875, 64.625, 1.1695518152842498e-21, nan 
89.125, 64.625, 9.887906976247694e-22, nan 
89.375, 64.625, 1.6061679800908961e-21, nan 
89.625, 64.625, 1.902267661344328e-21, nan 
89.875, 64.625, 3.1381454130310762e-21, nan 
90.125, 64.625, 2.3957961624288255e-21, nan 
90.375, 64.625, 2.4665002520281333e-21, nan 
90.625, 64.625, 4.116700736065748e-21, nan 
90.875, 64.625, 2.625673793744165e-21, nan 
91.125, 64.625, 2.2611966621139625e-21, nan 
91.375, 64.625, 2.833153698420495e-21, nan 
91.625, 64.625, 3.407942025570582e-21, nan 
91.875, 64.625, 3.13841480723345e-21, nan 
92.125, 64.625, 2.5306225578933546e-21, nan 
92.375, 64.625, 2.1801960533069897e-21, nan 
92.625, 64.625, 1.773326873673975e-21, nan 
92.875, 64.625, 1.375666128996401e-21, nan 
93.125, 64.625, 1.7138521322527226e-21, nan 
93.375, 64.625, 1.5587806579929808e-21, nan 
93.625, 64.625, 1.218746714023958e-21, nan 
93.875, 64.625, 1.3070935983032687e-21, nan 
94.125, 64.625, 1.827699573511598e-21, nan 
94.375, 64.625, 2.671314311703874e-21, nan 
94.625, 64.625, 3.897164620215205e-21, nan 
94.875, 64.625, 6.843641123529892e-21, nan 
95.125, 64.625, 6.563147881581913e-21, nan 
95.375, 64.625, 6.711477273356745e-21, nan 
95.625, 64.625, 1.0788597901094613e-20, nan 
95.875, 64.625, 9.777931097008128e-21, nan 
96.125, 64.625, 2.333468920302876e-20, nan 
96.375, 64.625, 7.78624644665362e-21, nan 
96.625, 64.625, 1.0254231264393592e-20, nan 
96.875, 64.625, 1.3505002136607918e-20, nan 
97.125, 64.625, 7.365814030023767e-21, nan 
97.375, 64.625, 9.25991426263493e-21, nan 
97.625, 64.625, 1.8107785966247022e-20, nan 
97.875, 64.625, 1.4015828459902557e-20, nan 
98.125, 64.625, 5.2725039431477494e-21, nan 
98.375, 64.625, 1.1199863088053126e-20, nan 
98.625, 64.625, 1.1516908878690152e-20, nan 
98.875, 64.625, 1.2974157250508112e-20, nan 
99.125, 64.625, 9.540558834914597e-21, nan 
99.375, 64.625, 7.568679439497212e-21, nan 
99.625, 64.625, 7.540374815772938e-21, nan 
99.875, 64.625, 5.997161295664078e-21, nan 
100.125, 64.625, 5.2221899636505114e-21, nan 
100.375, 64.625, 8.071817471880899e-21, nan 
100.625, 64.625, 8.78250451930446e-21, nan 
100.875, 64.625, 6.4923862962514606e-21, nan 
101.125, 64.625, 4.47627236491636e-21, nan 
101.375, 64.625, 7.889372090622543e-21, nan 
101.625, 64.625, 5.8575538770301035e-21, nan 
101.875, 64.625, 3.891651535791431e-21, nan 
102.125, 64.625, 5.237319708151822e-21, nan 
102.375, 64.625, 6.150642717362754e-21, nan 
102.625, 64.625, 3.1613802046004764e-21, nan 
102.875, 64.625, 1.1033117523770368e-20, nan 
103.125, 64.625, 1.2787207020855206e-20, nan 
103.375, 64.625, 9.128168423503825e-21, nan 
103.625, 64.625, 8.619291905961962e-21, nan 
103.875, 64.625, 1.0148088365205038e-20, nan 
104.125, 64.625, 1.5567482755881878e-20, nan 
104.375, 64.625, 8.478222308346938e-21, nan 
104.625, 64.625, 6.369006305890977e-21, nan 
104.875, 64.625, 5.660149634885016e-21, nan 
105.125, 64.625, 3.1872456118481276e-21, nan 
105.375, 64.625, 4.7560639842321775e-21, nan 
105.625, 64.625, 7.116005525885207e-21, nan 
105.875, 64.625, 2.652293310542648e-21, nan 
106.125, 64.625, 3.7326660434789595e-21, nan 
106.375, 64.625, 4.627341917160813e-21, nan 
106.625, 64.625, 2.4553618650666905e-21, nan 
106.875, 64.625, 3.9272897324683016e-21, nan 
107.125, 64.625, 4.431553088158256e-21, nan 
107.375, 64.625, 6.310177915202196e-22, nan 
107.625, 64.625, 4.141505924519052e-21, nan 
107.875, 64.625, 3.8417916646665125e-21, nan 
108.125, 64.625, 7.782432938077512e-21, nan 
108.375, 64.625, 7.18015715954528e-21, nan 
108.625, 64.625, 5.887318979921383e-21, nan 
108.875, 64.625, 9.46063531076466e-21, nan 
109.125, 64.625, 1.0135039152603983e-20, nan 
109.375, 64.625, 1.0448954399330709e-20, nan 
109.625, 64.625, 9.200803241354752e-21, nan 
109.875, 64.625, 1.0026843030321649e-20, nan 
110.125, 64.625, 9.226510835567806e-21, nan 
110.375, 64.625, 7.321760385161142e-21, nan 
110.625, 64.625, 6.526121027543552e-21, nan 
110.875, 64.625, 4.8088085891098365e-21, nan 
111.125, 64.625, 1.8261826676440085e-21, nan 
111.375, 64.625, 3.084724344800581e-21, nan 
111.625, 64.625, 1.961644226703095e-21, nan 
111.875, 64.625, 1.6584476654195393e-21, nan 
112.125, 64.625, 4.95571605352693e-21, nan 
112.375, 64.625, 3.5266715304744876e-21, nan 
112.625, 64.625, 2.846487968832477e-21, nan 
112.875, 64.625, 3.2069211456832503e-21, nan 
113.125, 64.625, 3.587366070956831e-21, nan 
113.375, 64.625, 2.3766101633189365e-21, nan 
113.625, 64.625, 2.7751092917885717e-21, nan 
113.875, 64.625, 2.1854989248628955e-21, nan 
114.125, 64.625, 1.7722487986445838e-21, nan 
114.375, 64.625, 2.2871666917736705e-21, nan 
114.625, 64.625, 1.3307103649628584e-21, nan 
114.875, 64.625, 1.9709735021822694e-21, nan 
115.125, 64.625, 1.785329669779934e-21, nan 
115.375, 64.625, 1.640408409345492e-21, nan 
115.625, 64.625, 1.1037108919715224e-21, nan 
115.875, 64.625, 3.4815365076885006e-21, nan 
116.125, 64.625, 2.692445296551389e-21, nan 
116.375, 64.625, 3.2772169691433225e-21, nan 
116.625, 64.625, 5.570725632031531e-21, nan 
116.875, 64.625, 5.6679685305793725e-21, nan 
117.125, 64.625, 6.5091902727970774e-21, nan 
117.375, 64.625, 7.836771064660362e-21, nan 
117.625, 64.625, 6.7113036821246224e-21, nan 
117.875, 64.625, 5.124127514159393e-21, nan 
118.125, 64.625, 5.23887344333559e-21, nan 
118.375, 64.625, 5.4231149425116494e-21, nan 
118.625, 64.625, 4.985061271180876e-21, nan 
118.875, 64.625, 2.2666654381256116e-21, nan 
119.125, 64.625, 2.6272791045856707e-21, nan 
119.375, 64.625, 3.1274715593764412e-21, nan 
119.625, 64.625, 2.5008452660365732e-21, nan 
119.875, 64.625, 1.6411188809417716e-21, nan 
120.125, 64.625, 1.0619134285646057e-21, nan 
120.375, 64.625, 1.627475343557803e-21, nan 
120.625, 64.625, 1.3537880231338496e-21, nan 
120.875, 64.625, 1.709565385955539e-21, nan 
121.125, 64.625, 1.1347680791376138e-21, nan 
121.375, 64.625, 1.3309741794610587e-21, nan 
121.625, 64.625, 1.1470669216511156e-21, nan 
121.875, 64.625, 6.104987341937884e-22, nan 
122.125, 64.625, 8.07136993300169e-22, nan 
122.375, 64.625, 4.772704999840311e-22, nan 
122.625, 64.625, 2.5727097937177793e-22, nan 
122.875, 64.625, 6.209999496665554e-22, nan 
123.125, 64.625, 6.743529933135225e-22, nan 
123.375, 64.625, 2.513422458025469e-22, nan 
123.625, 64.625, 1.0358569213131879e-21, nan 
123.875, 64.625, 1.7793965107648985e-21, nan 
124.125, 64.625, 1.5506608771189804e-21, nan 
124.375, 64.625, 1.2962176443921887e-21, nan 
124.625, 64.625, 1.161757741309871e-21, nan 
124.875, 64.625, 9.931638220346094e-22, nan 
125.125, 64.625, 3.294997850755719e-22, nan 
125.375, 64.625, 4.965547649042524e-22, nan 
125.625, 64.625, 5.782448205458203e-22, nan 
125.875, 64.625, 4.940859901427105e-22, nan 
126.125, 64.625, 4.1101169095647825e-22, nan 
126.375, 64.625, 2.209706547564464e-22, nan 
126.625, 64.625, 3.194328477373233e-22, nan 
126.875, 64.625, 5.0144638124105265e-22, nan 
127.125, 64.625, 2.8660038941575858e-22, nan 
127.375, 64.625, 6.641105319383937e-22, nan 
127.625, 64.625, 7.479333972926554e-22, nan 
127.875, 64.625, 6.327289979774826e-22, nan 
128.125, 64.625, 9.612591910997753e-22, nan 
128.375, 64.625, 7.315856373875485e-22, nan 
128.625, 64.625, 6.763259383899831e-22, nan 
128.875, 64.625, 4.38264063467155e-22, nan 
129.125, 64.625, 4.27549448221333e-22, nan 
129.375, 64.625, 4.683549314210109e-22, nan 
129.625, 64.625, 2.8491389841265658e-22, nan 
129.875, 64.625, 1.9402509249528702e-22, nan 
130.125, 64.625, 3.7316997302036823e-22, nan 
130.375, 64.625, 2.0216244885297207e-22, nan 
130.625, 64.625, 1.9065004632868662e-22, nan 
130.875, 64.625, 3.0661604573154346e-22, nan 
131.125, 64.625, 4.1084589496816527e-22, nan 
131.375, 64.625, 4.131498213254249e-22, nan 
131.625, 64.625, 5.2777730040612735e-22, nan 
131.875, 64.625, 5.598760707079352e-22, nan 
132.125, 64.625, 5.149141841696813e-22, nan 
132.375, 64.625, 2.7460523459410183e-22, nan 
132.625, 64.625, 1.7510644735504554e-22, nan 
132.875, 64.625, 1.7297470196693185e-22, nan 
133.125, 64.625, 2.6603463357989044e-22, nan 
133.375, 64.625, 4.1584227982414144e-22, nan 
133.625, 64.625, 2.625695730844785e-22, nan 
133.875, 64.625, 2.514074359744764e-22, nan 
134.125, 64.625, 3.2148135503732346e-22, nan 
134.375, 64.625, 2.4638049412764285e-22, nan 
134.625, 64.625, 1.9234399140528916e-22, nan 
134.875, 64.625, 2.0719987348721127e-22, nan 
135.125, 64.625, 9.44196181006019e-23, nan 
135.375, 64.625, 2.4611139164740847e-22, nan 
135.625, 64.625, 2.339428291661245e-22, nan 
135.875, 64.625, 1.7814277412640603e-22, nan 
136.125, 64.625, 1.2677281214076997e-22, nan 
136.375, 64.625, 9.644065553894029e-23, nan 
136.625, 64.625, 4.285388881829814e-23, nan 
136.875, 64.625, 1.0303543896427377e-22, nan 
137.125, 64.625, 1.219305799733019e-22, nan 
137.375, 64.625, 7.84473183187972e-23, nan 
137.625, 64.625, 1.7719039557015613e-22, nan 
137.875, 64.625, 1.7341772897687145e-22, nan 
138.125, 64.625, 9.916917418272623e-23, nan 
138.375, 64.625, 8.174371207260079e-23, nan 
138.625, 64.625, 8.350962638361005e-23, nan 
138.875, 64.625, 7.037915581357955e-23, nan 
139.125, 64.625, 1.0185044291940637e-22, nan 
139.375, 64.625, 9.648359729739351e-23, nan 
139.625, 64.625, 6.021442047137324e-23, nan 
139.875, 64.625, 8.18017148937835e-23, nan 
140.125, 64.625, 9.155553629883217e-23, nan 
140.375, 64.625, 4.6397357162244026e-23, nan 
140.625, 64.625, 1.2038985967519189e-23, nan 
140.875, 64.625, 4.402074373021307e-23, nan 
141.125, 64.625, 3.813797771085858e-23, nan 
141.375, 64.625, 4.742208097432348e-23, nan 
141.625, 64.625, 1.8337657274658417e-23, nan 
141.875, 64.625, 6.378383274695661e-23, nan 
142.125, 64.625, 5.226614931715079e-23, nan 
142.375, 64.625, 3.3924481625097276e-23, nan 
142.625, 64.625, 4.9522607296755425e-23, nan 
142.875, 64.625, 1.8766800256033564e-23, nan 
143.125, 64.625, 5.739608433889062e-23, nan 
143.375, 64.625, 2.584334878120134e-23, nan 
143.625, 64.625, 3.219040202333341e-23, nan 
143.875, 64.625, 3.3004380875841254e-23, nan 
144.125, 64.625, 6.943550300075817e-23, nan 
144.375, 64.625, 9.038923314105201e-23, nan 
144.625, 64.625, 4.89824726193029e-23, nan 
144.875, 64.625, 1.0376149813856998e-22, nan 
145.125, 64.625, 1.4251669383152832e-22, nan 
145.375, 64.625, 3.6607920550425625e-23, nan 
145.625, 64.625, 6.490142099299222e-23, nan 
145.875, 64.625, 8.200138370976237e-23, nan 
146.125, 64.625, 5.2097029043251304e-23, nan 
146.375, 64.625, 3.5295614730870605e-23, nan 
146.625, 64.625, 3.478029810825088e-23, nan 
146.875, 64.625, 4.596409274291781e-23, nan 
147.125, 64.625, 4.4730061130693555e-23, nan 
147.375, 64.625, 5.139688117627721e-23, nan 
147.625, 64.625, 5.876945610918525e-23, nan 
147.875, 64.625, 6.643296621412613e-23, nan 
148.125, 64.625, 6.340380536474445e-23, nan 
148.375, 64.625, 5.275984484957103e-23, nan 
148.625, 64.625, 7.016771331551518e-23, nan 
148.875, 64.625, 5.876491288843466e-23, nan 
149.125, 64.625, 6.466727085873332e-23, nan 
149.375, 64.625, 6.700209348158921e-23, nan 
149.625, 64.625, 5.278793823156034e-23, nan 
149.875, 64.625, 4.4471657511541406e-23, nan 
150.125, 64.625, 1.6593937520292276e-23, nan 
150.375, 64.625, 2.0518038714878587e-23, nan 
150.625, 64.625, 2.9474730203474374e-23, nan 
150.875, 64.625, 2.852569749688124e-23, nan 
151.125, 64.625, 9.656684522998741e-23, nan 
151.375, 64.625, 6.862217670113763e-23, nan 
151.625, 64.625, 3.1520419623749505e-23, nan 
151.875, 64.625, 2.920373008821272e-23, nan 
152.125, 64.625, 3.798317119450347e-23, nan 
152.375, 64.625, 4.084953950776614e-23, nan 
152.625, 64.625, 3.451569355502394e-23, nan 
152.875, 64.625, 2.9851399258956135e-23, nan 
153.125, 64.625, 3.707836834911425e-23, nan 
153.375, 64.625, 5.420207520205606e-23, nan 
153.625, 64.625, 3.469048681194377e-23, nan 
153.875, 64.625, 2.1466900496352155e-23, nan 
154.125, 64.625, 2.2203304594816708e-23, nan 
154.375, 64.625, 1.1742238788922824e-23, nan 
154.625, 64.625, 1.300192226976639e-23, nan 
154.875, 64.625, 2.81490233295629e-23, nan 
155.125, 64.625, 3.8524523663517546e-23, nan 
155.375, 64.625, 4.9138619325216745e-23, nan 
155.625, 64.625, 9.561842031572319e-23, nan 
155.875, 64.625, 4.0139712107028947e-23, nan 
156.125, 64.625, 3.4366407474937386e-23, nan 
156.375, 64.625, 2.975837164421699e-23, nan 
156.625, 64.625, 2.2814814061610734e-23, nan 
156.875, 64.625, 2.3513976540037022e-23, nan 
157.125, 64.625, 2.5884691789893464e-23, nan 
157.375, 64.625, 4.024506869388596e-23, nan 
157.625, 64.625, 4.4658133419231454e-23, nan 
157.875, 64.625, 3.546617754009835e-23, nan 
158.125, 64.625, 3.03441709568618e-23, nan 
158.375, 64.625, 3.031935678256354e-23, nan 
158.625, 64.625, 3.586981199538866e-23, nan 
158.875, 64.625, 2.1652390641968105e-23, nan 
159.125, 64.625, 2.1183232918434375e-23, nan 
159.375, 64.625, 2.7407705875148815e-23, nan 
159.625, 64.625, 2.675963840345384e-23, nan 
159.875, 64.625, 1.685540837830904e-23, nan 
160.125, 64.625, 1.3814938767276155e-23, nan 
160.375, 64.625, 1.1750600726598142e-23, nan 
160.625, 64.625, 1.2485766839153349e-23, nan 
160.875, 64.625, 1.0779713942714075e-23, nan 
161.125, 64.625, 1.1605810821661471e-23, nan 
161.375, 64.625, 1.013704228529531e-23, nan 
161.625, 64.625, 9.647864832214121e-24, nan 
161.875, 64.625, 8.974309737365684e-24, nan 
162.125, 64.625, 5.454496423833494e-24, nan 
162.375, 64.625, 4.9376419413524094e-24, nan 
162.625, 64.625, 4.1184690871402e-24, nan 
162.875, 64.625, 5.68723178415967e-24, nan 
163.125, 64.625, 5.353490606654668e-24, nan 
163.375, 64.625, 3.654339246234713e-24, nan 
163.625, 64.625, 4.0270840587050326e-24, nan 
163.875, 64.625, 2.8966988640109945e-24, nan 
164.125, 64.625, 2.6903175272328037e-24, nan 
164.375, 64.625, 1.3844558200060225e-23, nan 
164.625, 64.625, 1.4928141434810922e-23, nan 
164.875, 64.625, 1.1229216979886156e-23, nan 
165.125, 64.625, 1.5634261210523056e-23, nan 
165.375, 64.625, 1.575913775460171e-23, nan 
165.625, 64.625, 1.360362779492521e-23, nan 
165.875, 64.625, 1.067753638355661e-23, nan 
166.125, 64.625, 9.882935459666484e-24, nan 
166.375, 64.625, 1.0007732324262464e-23, nan 
166.625, 64.625, 1.0992478427706255e-23, nan 
166.875, 64.625, 9.040041230772716e-24, nan 
167.125, 64.625, 7.815573942125849e-24, nan 
167.375, 64.625, 7.327018312465808e-24, nan 
167.625, 64.625, 7.37862321722689e-24, nan 
167.875, 64.625, 5.495044056342e-24, nan 
168.125, 64.625, 2.0813624371628734e-24, nan 
168.375, 64.625, 1.1773902862280606e-24, nan 
168.625, 64.625, 2.8147915620955544e-24, nan 
168.875, 64.625, 1.665276565853843e-24, nan 
169.125, 64.625, 2.7081510937354593e-24, nan 
169.375, 64.625, 6.126679338380071e-24, nan 
169.625, 64.625, 5.328629399631978e-24, nan 
169.875, 64.625, 5.638089354841449e-24, nan 
170.125, 64.625, 8.756357185180442e-24, nan 
170.375, 64.625, 6.086270421173075e-24, nan 
170.625, 64.625, 2.9990486512906835e-24, nan 
170.875, 64.625, 5.795519402769375e-24, nan 
171.125, 64.625, 6.06409566090634e-24, nan 
171.375, 64.625, 4.8837678684881024e-24, nan 
171.625, 64.625, 6.736461723024608e-24, nan 
171.875, 64.625, 4.3644618516443e-24, nan 
172.125, 64.625, 5.8023891949853144e-24, nan 
172.375, 64.625, 8.461028152570574e-24, nan 
172.625, 64.625, 6.754058693272729e-24, nan 
172.875, 64.625, 5.6182047396441546e-24, nan 
173.125, 64.625, 7.510715853433323e-24, nan 
173.375, 64.625, 5.898531485707006e-24, nan 
173.625, 64.625, 3.695823316591313e-24, nan 
173.875, 64.625, 7.057020146388734e-24, nan 
174.125, 64.625, 2.6086768069575656e-24, nan 
174.375, 64.625, 2.892375714460206e-24, nan 
174.625, 64.625, 1.0191030260909338e-23, nan 
174.875, 64.625, 1.0316446814794388e-23, nan 
175.125, 64.625, 1.6551546040417065e-23, nan 
175.375, 64.625, 1.791572203375585e-23, nan 
175.625, 64.625, 1.510247465208496e-23, nan 
175.875, 64.625, 1.8203574036556377e-23, nan 
176.125, 64.625, 1.6351634084258322e-23, nan 
176.375, 64.625, 1.3342167314797276e-23, nan 
176.625, 64.625, 1.2407737590932365e-23, nan 
176.875, 64.625, 1.812109458905934e-23, nan 
177.125, 64.625, 2.5349497399695963e-23, nan 
177.375, 64.625, 3.7162562318031346e-23, nan 
177.625, 64.625, 8.908017853632397e-23, nan 
177.875, 64.625, 1.6836212057725673e-22, nan 
178.125, 64.625, 1.6518678816439904e-22, nan 
178.375, 64.625, 3.0343677408362555e-23, nan 
178.625, 64.625, 2.832993746773195e-23, nan 
178.875, 64.625, 2.685471282694105e-23, nan 
35.875, 64.875, 6.156944889362122e-24, nan 
36.125, 64.875, 6.097225973379773e-24, nan 
36.375, 64.875, 5.766141733145339e-24, nan 
36.625, 64.875, 4.125931222524524e-24, nan 
36.875, 64.875, 5.389447889200483e-24, nan 
37.125, 64.875, 6.993939493816112e-24, nan 
37.375, 64.875, 4.539584639686306e-24, nan 
37.625, 64.875, 2.3958895807949677e-24, nan 
37.875, 64.875, 3.8084137722492466e-24, nan 
38.125, 64.875, 2.568123040002013e-24, nan 
38.375, 64.875, 1.955169373029155e-24, nan 
38.625, 64.875, 2.4392190940424e-24, nan 
38.875, 64.875, 2.5989342804663263e-24, nan 
39.125, 64.875, 2.8393005942820473e-24, nan 
39.375, 64.875, 3.662199499730376e-24, nan 
39.625, 64.875, 2.7350793623266926e-24, nan 
39.875, 64.875, 8.24020926074811e-24, nan 
40.125, 64.875, 5.800476717560612e-24, nan 
40.375, 64.875, 1.788034200317321e-24, nan 
40.625, 64.875, 3.749993137434701e-24, nan 
40.875, 64.875, 3.644501300680306e-24, nan 
41.125, 64.875, 2.4513970362550033e-24, nan 
41.375, 64.875, 2.5729144847082168e-24, nan 
41.625, 64.875, 3.4006476694751204e-25, nan 
41.875, 64.875, 3.1563539176907055e-24, nan 
42.125, 64.875, 3.7414688434737085e-24, nan 
42.375, 64.875, 2.616348785987821e-24, nan 
42.625, 64.875, 3.210984467133913e-24, nan 
42.875, 64.875, 2.519413740550542e-24, nan 
43.125, 64.875, 5.0961610442938594e-24, nan 
43.375, 64.875, 4.652024979403383e-24, nan 
43.625, 64.875, 5.4993196563051676e-24, nan 
43.875, 64.875, 3.783007678106224e-24, nan 
44.125, 64.875, 3.482557221542694e-24, nan 
44.375, 64.875, 5.955624079270432e-24, nan 
44.625, 64.875, 3.4511463076260815e-24, nan 
44.875, 64.875, 1.8482655204855038e-24, nan 
45.125, 64.875, 2.8048629614342855e-24, nan 
45.375, 64.875, 3.809180770843063e-24, nan 
45.625, 64.875, 3.800398763782418e-24, nan 
45.875, 64.875, 4.093257575005902e-24, nan 
46.125, 64.875, 3.273586275268347e-24, nan 
46.375, 64.875, 4.563311219913721e-24, nan 
46.625, 64.875, 4.742201448770722e-24, nan 
46.875, 64.875, 4.311785847773583e-24, nan 
47.125, 64.875, 4.353566104838311e-24, nan 
47.375, 64.875, 6.381875748890792e-24, nan 
47.625, 64.875, 7.073664719975138e-24, nan 
47.875, 64.875, 7.128845490088722e-24, nan 
48.125, 64.875, 6.724803420785552e-24, nan 
48.375, 64.875, 6.700606286025268e-24, nan 
48.625, 64.875, 5.367812395765032e-24, nan 
48.875, 64.875, 2.9088658682168786e-24, nan 
49.125, 64.875, 3.426860282024643e-24, nan 
49.375, 64.875, 5.82293300056737e-24, nan 
49.625, 64.875, 2.559154287754419e-24, nan 
49.875, 64.875, 1.8166676040301518e-24, nan 
50.125, 64.875, 2.7789421025588715e-24, nan 
50.375, 64.875, 3.447611710421171e-24, nan 
50.625, 64.875, 3.500489423075079e-24, nan 
50.875, 64.875, 3.977539406448946e-24, nan 
51.125, 64.875, 3.404532018698304e-24, nan 
51.375, 64.875, 4.120337429973371e-24, nan 
51.625, 64.875, 3.692887253376406e-24, nan 
51.875, 64.875, 6.436184857573751e-24, nan 
52.125, 64.875, 1.495894089346767e-23, nan 
52.375, 64.875, 1.2786411251517387e-23, nan 
52.625, 64.875, 8.035108038650935e-24, nan 
52.875, 64.875, 1.451275589846734e-23, nan 
53.125, 64.875, 1.0062007515796682e-23, nan 
53.375, 64.875, 7.148072256730225e-24, nan 
53.625, 64.875, 6.627754517710117e-24, nan 
53.875, 64.875, 9.160504287668021e-24, nan 
54.125, 64.875, 5.662855544423763e-24, nan 
54.375, 64.875, 4.8971830335052244e-24, nan 
54.625, 64.875, 1.0236654744632509e-23, nan 
54.875, 64.875, 1.4444146851875597e-23, nan 
55.125, 64.875, 1.3028325175202106e-23, nan 
55.375, 64.875, 1.6841744019640898e-23, nan 
55.625, 64.875, 1.8715650213270872e-23, nan 
55.875, 64.875, 1.8688703765579983e-23, nan 
56.125, 64.875, 1.0526553082952291e-23, nan 
56.375, 64.875, 1.0139019382024777e-23, nan 
56.625, 64.875, 2.769703091063537e-23, nan 
56.875, 64.875, 2.861674461565093e-23, nan 
57.125, 64.875, 1.5560722259248325e-23, nan 
57.375, 64.875, 2.0001664805337972e-23, nan 
57.625, 64.875, 1.847168185505229e-23, nan 
57.875, 64.875, 1.0031202036538513e-23, nan 
58.125, 64.875, 1.051924236369829e-23, nan 
58.375, 64.875, 9.173241833616723e-24, nan 
58.625, 64.875, 8.846751747027085e-24, nan 
58.875, 64.875, 1.2386611280123329e-23, nan 
59.125, 64.875, 1.4120931127963458e-23, nan 
59.375, 64.875, 1.5053445997539325e-23, nan 
59.625, 64.875, 2.373506344935736e-23, nan 
59.875, 64.875, 1.3166418608164764e-23, nan 
60.125, 64.875, 1.556011680966135e-23, nan 
60.375, 64.875, 1.8101487267555887e-23, nan 
60.625, 64.875, 1.1710787678062945e-23, nan 
60.875, 64.875, 2.170872448087319e-23, nan 
61.125, 64.875, 2.2265550197103674e-23, nan 
61.375, 64.875, 2.4529560077609286e-23, nan 
61.625, 64.875, 3.902371603258996e-23, nan 
61.875, 64.875, 3.747631312237889e-23, nan 
62.125, 64.875, 3.2653457119103754e-23, nan 
62.375, 64.875, 2.610611336283308e-23, nan 
62.625, 64.875, 1.63533957314448e-23, nan 
62.875, 64.875, 1.471554512185635e-23, nan 
63.125, 64.875, 1.0426813684122758e-23, nan 
63.375, 64.875, 1.3629162370236882e-23, nan 
63.625, 64.875, 9.951617006523327e-24, nan 
63.875, 64.875, 4.6396984753115253e-23, nan 
64.125, 64.875, 3.4167604798335346e-23, nan 
64.375, 64.875, 9.293125722281783e-24, nan 
64.625, 64.875, 1.8518708987458996e-23, nan 
64.875, 64.875, 2.2662039308466347e-23, nan 
65.125, 64.875, 2.018961684258666e-23, nan 
65.375, 64.875, 2.3455306999260395e-23, nan 
65.625, 64.875, 4.291368863176709e-23, nan 
65.875, 64.875, 5.248878595031999e-23, nan 
66.125, 64.875, 5.599408342505211e-23, nan 
66.375, 64.875, 7.121054457319753e-23, nan 
66.625, 64.875, 9.01298372172057e-23, nan 
66.875, 64.875, 1.0102638207881968e-22, nan 
67.125, 64.875, 1.1185622972873699e-22, nan 
67.375, 64.875, 1.0870899888311104e-22, nan 
67.625, 64.875, 1.2130625921761757e-22, nan 
67.875, 64.875, 1.3450894748217932e-22, nan 
68.125, 64.875, 8.084072065017266e-23, nan 
68.375, 64.875, 4.945204679126778e-23, nan 
68.625, 64.875, 5.419965904022065e-23, nan 
68.875, 64.875, 7.869443107939494e-23, nan 
69.125, 64.875, 5.426042365833481e-23, nan 
69.375, 64.875, 5.27667556035864e-23, nan 
69.625, 64.875, 4.8167114409572707e-23, nan 
69.875, 64.875, 5.867872127713603e-23, nan 
70.125, 64.875, 6.331721083048056e-23, nan 
70.375, 64.875, 5.782934007510038e-23, nan 
70.625, 64.875, 3.8456290038439245e-23, nan 
70.875, 64.875, 1.2573914746062636e-22, nan 
71.125, 64.875, 7.256192302172097e-23, nan 
71.375, 64.875, 6.29008984483942e-23, nan 
71.625, 64.875, 3.558277029038618e-23, nan 
71.875, 64.875, 5.677093459874961e-23, nan 
72.125, 64.875, 6.671044388456989e-23, nan 
72.375, 64.875, 3.593360747012647e-23, nan 
72.625, 64.875, 2.2613737653343612e-23, nan 
72.875, 64.875, 6.946593412576845e-23, nan 
73.125, 64.875, 6.363441520559855e-23, nan 
73.375, 64.875, 2.5157187344287948e-23, nan 
73.625, 64.875, 1.0395362014395376e-22, nan 
73.875, 64.875, 8.829796484453586e-23, nan 
74.125, 64.875, 8.243174742295966e-23, nan 
74.375, 64.875, 1.0943224143614866e-22, nan 
74.625, 64.875, 8.340660328992206e-23, nan 
74.875, 64.875, 1.256041207205477e-22, nan 
75.125, 64.875, 1.555949034472309e-22, nan 
75.375, 64.875, 1.2607815942712872e-22, nan 
75.625, 64.875, 5.79624929336885e-23, nan 
75.875, 64.875, 6.235509910311485e-23, nan 
76.125, 64.875, 1.0826551984201934e-22, nan 
76.375, 64.875, 5.873682049624312e-23, nan 
76.625, 64.875, 6.625612899367401e-23, nan 
76.875, 64.875, 6.415868820515775e-23, nan 
77.125, 64.875, 3.4622848531940703e-23, nan 
77.375, 64.875, 6.707597267216957e-23, nan 
77.625, 64.875, 6.817843108403733e-23, nan 
77.875, 64.875, 9.07040452215921e-23, nan 
78.125, 64.875, 2.39694274159732e-22, nan 
78.375, 64.875, 3.9269631916972758e-22, nan 
78.625, 64.875, 4.420358955238364e-22, nan 
78.875, 64.875, 5.486349489811263e-22, nan 
79.125, 64.875, 6.009885161936274e-22, nan 
79.375, 64.875, 3.7861584476132e-22, nan 
79.625, 64.875, 1.8299566720024519e-22, nan 
79.875, 64.875, 3.386116981951825e-22, nan 
80.125, 64.875, 3.6768659421122565e-22, nan 
80.375, 64.875, 1.4045760922682483e-22, nan 
80.625, 64.875, 6.752322757702998e-23, nan 
80.875, 64.875, 6.536331232335269e-23, nan 
81.125, 64.875, 1.321381081486511e-22, nan 
81.375, 64.875, 1.763737884371738e-22, nan 
81.625, 64.875, 9.864427551253782e-23, nan 
81.875, 64.875, 8.023672249664144e-23, nan 
82.125, 64.875, 6.598756113945428e-23, nan 
82.375, 64.875, 1.1696205421801942e-22, nan 
82.625, 64.875, 3.754774186841838e-22, nan 
82.875, 64.875, 7.958189121178682e-22, nan 
83.125, 64.875, 9.186920520209268e-22, nan 
83.375, 64.875, 1.1535042922807755e-21, nan 
83.625, 64.875, 1.4285875302997378e-21, nan 
83.875, 64.875, 1.866308408388235e-21, nan 
84.125, 64.875, 1.743557932757815e-21, nan 
84.375, 64.875, 1.728250945245565e-21, nan 
84.625, 64.875, 1.448132711462273e-21, nan 
84.875, 64.875, 1.4222128757121334e-21, nan 
85.125, 64.875, 8.362839493441492e-22, nan 
85.375, 64.875, 5.844511598002073e-22, nan 
85.625, 64.875, 5.473586418727981e-22, nan 
85.875, 64.875, 2.8647560238621587e-22, nan 
86.125, 64.875, 2.7274619592404043e-22, nan 
86.375, 64.875, 5.500107592206898e-22, nan 
86.625, 64.875, 5.311189926257276e-22, nan 
86.875, 64.875, 4.517634598096341e-22, nan 
87.125, 64.875, 1.0504264406106498e-21, nan 
87.375, 64.875, 1.3091153816445555e-21, nan 
87.625, 64.875, 9.54940587585974e-22, nan 
87.875, 64.875, 9.837558646012488e-22, nan 
88.125, 64.875, 1.2495800249318292e-21, nan 
88.375, 64.875, 1.1475161637263245e-21, nan 
88.625, 64.875, 1.0015779107192936e-21, nan 
88.875, 64.875, 7.73044609693211e-22, nan 
89.125, 64.875, 8.081712031001137e-22, nan 
89.375, 64.875, 1.069867489662643e-21, nan 
89.625, 64.875, 7.355591558910086e-22, nan 
89.875, 64.875, 6.105835188830497e-22, nan 
90.125, 64.875, 1.9181001182996486e-21, nan 
90.375, 64.875, 2.941306975178112e-21, nan 
90.625, 64.875, 4.200871828955995e-21, nan 
90.875, 64.875, 2.662487385890365e-21, nan 
91.125, 64.875, 3.893793991473999e-21, nan 
91.375, 64.875, 3.8943652738408326e-21, nan 
91.625, 64.875, 4.3701949750213255e-21, nan 
91.875, 64.875, 4.2404462616128284e-21, nan 
92.125, 64.875, 4.16749165369525e-21, nan 
92.375, 64.875, 4.984516277633861e-21, nan 
92.625, 64.875, 4.4948327105714445e-21, nan 
92.875, 64.875, 3.2662118017885423e-21, nan 
93.125, 64.875, 2.644041065591832e-21, nan 
93.375, 64.875, 1.8463595841525844e-21, nan 
93.625, 64.875, 2.7768529347948717e-21, nan 
93.875, 64.875, 2.88479446655663e-21, nan 
94.125, 64.875, 2.322119878941235e-21, nan 
94.375, 64.875, 3.674606720071082e-21, nan 
94.625, 64.875, 3.9265841316297305e-21, nan 
94.875, 64.875, 2.9440176516608506e-21, nan 
95.125, 64.875, 3.5588671368824335e-21, nan 
95.375, 64.875, 4.912452797198665e-21, nan 
95.625, 64.875, 8.158381129924588e-21, nan 
95.875, 64.875, 8.187551903732938e-21, nan 
96.125, 64.875, 1.497559994086006e-20, nan 
96.375, 64.875, 7.700269456361115e-21, nan 
96.625, 64.875, 9.814024003592454e-21, nan 
96.875, 64.875, 1.0260060171783514e-20, nan 
97.125, 64.875, 1.1682570596729037e-20, nan 
97.375, 64.875, 1.1113652473931589e-20, nan 
97.625, 64.875, 1.6960363087600127e-20, nan 
97.875, 64.875, 1.255120507547078e-20, nan 
98.125, 64.875, 7.562236663024429e-21, nan 
98.375, 64.875, 6.3547076267536256e-21, nan 
98.625, 64.875, 1.065721098999347e-20, nan 
98.875, 64.875, 1.0368186778742155e-20, nan 
99.125, 64.875, 8.302949377603791e-21, nan 
99.375, 64.875, 8.868530320178422e-21, nan 
99.625, 64.875, 7.23982890968649e-21, nan 
99.875, 64.875, 3.7886132893487744e-21, nan 
100.125, 64.875, 5.498000459683388e-21, nan 
100.375, 64.875, 6.138459326733663e-21, nan 
100.625, 64.875, 4.165280939657281e-21, nan 
100.875, 64.875, 4.9958889432591724e-21, nan 
101.125, 64.875, 9.379726816656047e-21, nan 
101.375, 64.875, 1.0012925369808517e-20, nan 
101.625, 64.875, 3.996478153204353e-21, nan 
101.875, 64.875, 6.116594012888975e-21, nan 
102.125, 64.875, 3.7861126584981225e-21, nan 
102.375, 64.875, 4.9923189589046126e-21, nan 
102.625, 64.875, 2.9620858932783523e-21, nan 
102.875, 64.875, 8.991401813847393e-21, nan 
103.125, 64.875, 1.111468034113037e-20, nan 
103.375, 64.875, 7.615118188774725e-21, nan 
103.625, 64.875, 8.835587093120317e-21, nan 
103.875, 64.875, 8.01240400390954e-21, nan 
104.125, 64.875, 9.011352722641556e-21, nan 
104.375, 64.875, 9.6491365957071e-21, nan 
104.625, 64.875, 7.533271470707757e-21, nan 
104.875, 64.875, 8.57129528803148e-21, nan 
105.125, 64.875, 5.0922272590687996e-21, nan 
105.375, 64.875, 4.901470681203066e-21, nan 
105.625, 64.875, 4.268589050573938e-21, nan 
105.875, 64.875, 3.696714972012819e-21, nan 
106.125, 64.875, 3.8587270762501695e-21, nan 
106.375, 64.875, 4.303480028637747e-21, nan 
106.625, 64.875, 4.257268698639545e-21, nan 
106.875, 64.875, 2.8612407850566183e-21, nan 
107.125, 64.875, 4.265177136159986e-21, nan 
107.375, 64.875, 2.5694869370057816e-21, nan 
107.625, 64.875, 4.084463473770446e-21, nan 
107.875, 64.875, 4.302895594619758e-21, nan 
108.125, 64.875, 9.957396040139469e-21, nan 
108.375, 64.875, 7.766307877111738e-21, nan 
108.625, 64.875, 7.410280746236572e-21, nan 
108.875, 64.875, 1.1445454834154322e-20, nan 
109.125, 64.875, 1.1653523539024757e-20, nan 
109.375, 64.875, 7.529389365198e-21, nan 
109.625, 64.875, 9.056515410686527e-21, nan 
109.875, 64.875, 1.0152009821498471e-20, nan 
110.125, 64.875, 7.445445169782595e-21, nan 
110.375, 64.875, 6.849531627600481e-21, nan 
110.625, 64.875, 5.8030150955719634e-21, nan 
110.875, 64.875, 5.9742729566304766e-21, nan 
111.125, 64.875, 3.1943943272818048e-21, nan 
111.375, 64.875, 2.6354202509602928e-21, nan 
111.625, 64.875, 1.7916128522312766e-21, nan 
111.875, 64.875, 1.6974049254403493e-21, nan 
112.125, 64.875, 2.5839270915565867e-21, nan 
112.375, 64.875, 8.347480508001196e-22, nan 
112.625, 64.875, 4.631607538156313e-21, nan 
112.875, 64.875, 7.732930681570183e-21, nan 
113.125, 64.875, 3.2585180161471106e-21, nan 
113.375, 64.875, 3.2215151292622047e-21, nan 
113.625, 64.875, 3.2111367218289875e-21, nan 
113.875, 64.875, 2.892609495042601e-21, nan 
114.125, 64.875, 2.6567588833437282e-21, nan 
114.375, 64.875, 3.16629127375956e-21, nan 
114.625, 64.875, 1.578901677978903e-21, nan 
114.875, 64.875, 2.068516931825382e-21, nan 
115.125, 64.875, 2.9035077473598347e-21, nan 
115.375, 64.875, 6.26476166342586e-21, nan 
115.625, 64.875, 3.3118943987414582e-21, nan 
115.875, 64.875, 3.985212750376149e-21, nan 
116.125, 64.875, 6.193616390940463e-21, nan 
116.375, 64.875, 4.974492837098117e-21, nan 
116.625, 64.875, 3.966225144857771e-21, nan 
116.875, 64.875, 7.10088653315109e-21, nan 
117.125, 64.875, 3.971616154785559e-21, nan 
117.375, 64.875, 4.178435725733063e-21, nan 
117.625, 64.875, 5.344685018942668e-21, nan 
117.875, 64.875, 2.4339562748214708e-21, nan 
118.125, 64.875, 1.5038486457551196e-21, nan 
118.375, 64.875, 2.6270018170820335e-21, nan 
118.625, 64.875, 3.4482727483599245e-21, nan 
118.875, 64.875, 2.9181841768252383e-21, nan 
119.125, 64.875, 3.1199388490356182e-21, nan 
119.375, 64.875, 2.632340252435507e-21, nan 
119.625, 64.875, 2.237272161419279e-21, nan 
119.875, 64.875, 1.5083645316257695e-21, nan 
120.125, 64.875, 1.4233989860705742e-21, nan 
120.375, 64.875, 1.3039495416128934e-21, nan 
120.625, 64.875, 1.4896872171017844e-21, nan 
120.875, 64.875, 1.6104627713114169e-21, nan 
121.125, 64.875, 1.0311857040432764e-21, nan 
121.375, 64.875, 9.57614311479184e-22, nan 
121.625, 64.875, 6.403855168687736e-22, nan 
121.875, 64.875, 6.2212989168343285e-22, nan 
122.125, 64.875, 8.21259080598255e-22, nan 
122.375, 64.875, 6.978595224967441e-22, nan 
122.625, 64.875, 4.555342495406448e-22, nan 
122.875, 64.875, 4.655550675992722e-22, nan 
123.125, 64.875, 6.796604217528627e-22, nan 
123.375, 64.875, 1.6748030106452432e-21, nan 
123.625, 64.875, 2.181590833100891e-21, nan 
123.875, 64.875, 1.86048815569929e-21, nan 
124.125, 64.875, 2.234254327719426e-21, nan 
124.375, 64.875, 2.2402634742387243e-21, nan 
124.625, 64.875, 1.4126658744772174e-21, nan 
124.875, 64.875, 6.883837276313951e-22, nan 
125.125, 64.875, 1.0492296138613547e-21, nan 
125.375, 64.875, 9.877905907591024e-22, nan 
125.625, 64.875, 5.911348888029463e-22, nan 
125.875, 64.875, 6.040553975663827e-22, nan 
126.125, 64.875, 5.601857388149933e-22, nan 
126.375, 64.875, 4.160751592389059e-22, nan 
126.625, 64.875, 4.590081046347239e-22, nan 
126.875, 64.875, 5.669250809851488e-22, nan 
127.125, 64.875, 4.1499423906079916e-22, nan 
127.375, 64.875, 9.000971378484514e-22, nan 
127.625, 64.875, 1.461006606416704e-21, nan 
127.875, 64.875, 1.947828692031303e-21, nan 
128.125, 64.875, 2.644574308547202e-21, nan 
128.375, 64.875, 2.520511517970005e-21, nan 
128.625, 64.875, 1.99488720499002e-21, nan 
128.875, 64.875, 1.0996122843083625e-21, nan 
129.125, 64.875, 1.2916343362685274e-21, nan 
129.375, 64.875, 8.217693486541266e-22, nan 
129.625, 64.875, 4.2263174449253564e-22, nan 
129.875, 64.875, 4.263546585204976e-22, nan 
130.125, 64.875, 3.56413852643939e-22, nan 
130.375, 64.875, 1.2131158958235513e-22, nan 
130.625, 64.875, 9.286361586112505e-23, nan 
130.875, 64.875, 6.861323991797491e-22, nan 
131.125, 64.875, 6.833523099936332e-22, nan 
131.375, 64.875, 5.792294416678744e-22, nan 
131.625, 64.875, 7.024925881161258e-22, nan 
131.875, 64.875, 5.470686674473963e-22, nan 
132.125, 64.875, 4.593883634250271e-22, nan 
132.375, 64.875, 2.5310982354524497e-22, nan 
132.625, 64.875, 1.9579553142748372e-22, nan 
132.875, 64.875, 2.2374602699484923e-22, nan 
133.125, 64.875, 2.9429094367880564e-22, nan 
133.375, 64.875, 3.4903089820212163e-22, nan 
133.625, 64.875, 2.6741904267142475e-22, nan 
133.875, 64.875, 2.8540691722570943e-22, nan 
134.125, 64.875, 2.993153385845685e-22, nan 
134.375, 64.875, 2.4558433473402127e-22, nan 
134.625, 64.875, 1.807063115125974e-22, nan 
134.875, 64.875, 1.4734216269215767e-22, nan 
135.125, 64.875, 5.509757238479629e-23, nan 
135.375, 64.875, 2.0636781100943235e-22, nan 
135.625, 64.875, 1.7940254371875938e-22, nan 
135.875, 64.875, 9.655222533202635e-23, nan 
136.125, 64.875, 1.1253302587689035e-22, nan 
136.375, 64.875, 6.558161431819493e-23, nan 
136.625, 64.875, 7.196498162315744e-23, nan 
136.875, 64.875, 5.913448391307432e-23, nan 
137.125, 64.875, 8.731397681277106e-23, nan 
137.375, 64.875, 7.647684631992046e-23, nan 
137.625, 64.875, 1.0678953143104935e-22, nan 
137.875, 64.875, 1.2010655048622607e-22, nan 
138.125, 64.875, 5.678412671829534e-23, nan 
138.375, 64.875, 4.690740176977372e-23, nan 
138.625, 64.875, 1.0099574218960922e-22, nan 
138.875, 64.875, 8.633673670367654e-23, nan 
139.125, 64.875, 5.731487592854917e-23, nan 
139.375, 64.875, 9.437987579618543e-23, nan 
139.625, 64.875, 1.235328095015218e-22, nan 
139.875, 64.875, 7.098623849273121e-23, nan 
140.125, 64.875, 9.840129332204105e-23, nan 
140.375, 64.875, 9.3663933513489e-23, nan 
140.625, 64.875, 6.097673898569384e-23, nan 
140.875, 64.875, 4.728030146945699e-23, nan 
141.125, 64.875, 1.621105765411329e-22, nan 
141.375, 64.875, 6.380585705419751e-23, nan 
141.625, 64.875, 5.0415051073504415e-23, nan 
141.875, 64.875, 5.336952742622304e-23, nan 
142.125, 64.875, 3.042518804389686e-23, nan 
142.375, 64.875, 1.976633018483475e-23, nan 
142.625, 64.875, 5.894843937999001e-23, nan 
142.875, 64.875, 1.061477223636097e-22, nan 
143.125, 64.875, 1.9684331817776765e-22, nan 
143.375, 64.875, 2.006448165333619e-22, nan 
143.625, 64.875, 1.031892125317225e-22, nan 
143.875, 64.875, 3.048199954899106e-23, nan 
144.125, 64.875, 4.1484342842257653e-23, nan 
144.375, 64.875, 6.892007394994876e-23, nan 
144.625, 64.875, 4.983144015443651e-23, nan 
144.875, 64.875, 8.151920110543368e-23, nan 
145.125, 64.875, 9.903903254583645e-23, nan 
145.375, 64.875, 3.815793064460297e-23, nan 
145.625, 64.875, 9.388131073878696e-24, nan 
145.875, 64.875, 2.8940898536613976e-23, nan 
146.125, 64.875, 4.8469279418607964e-23, nan 
146.375, 64.875, 2.5302053560260327e-23, nan 
146.625, 64.875, 2.0406098584001056e-23, nan 
146.875, 64.875, 4.913951407674689e-23, nan 
147.125, 64.875, 3.3289154736643365e-23, nan 
147.375, 64.875, 2.671071032408415e-23, nan 
147.625, 64.875, 5.45360737141691e-23, nan 
147.875, 64.875, 1.0009572015115003e-22, nan 
148.125, 64.875, 1.0818693467659397e-22, nan 
148.375, 64.875, 7.007201453319173e-23, nan 
148.625, 64.875, 9.473990682980486e-23, nan 
148.875, 64.875, 1.3141178386517694e-22, nan 
149.125, 64.875, 1.2960518296210695e-22, nan 
149.375, 64.875, 8.511852529984628e-23, nan 
149.625, 64.875, 7.604984715333679e-23, nan 
149.875, 64.875, 7.532821533183137e-23, nan 
150.125, 64.875, 4.8195459126348263e-23, nan 
150.375, 64.875, 3.133814904353299e-23, nan 
150.625, 64.875, 2.09160653951688e-23, nan 
150.875, 64.875, 2.6101145037312073e-23, nan 
151.125, 64.875, 1.947922818423632e-23, nan 
151.375, 64.875, 1.420326911583685e-23, nan 
151.625, 64.875, 1.01836717384518e-23, nan 
151.875, 64.875, 2.4642408544843126e-23, nan 
152.125, 64.875, 1.2398365439247117e-23, nan 
152.375, 64.875, 1.912035455066042e-23, nan 
152.625, 64.875, 1.967220402929565e-23, nan 
152.875, 64.875, 2.83283154081337e-23, nan 
153.125, 64.875, 3.1635150364837845e-23, nan 
153.375, 64.875, 3.335358236227115e-23, nan 
153.625, 64.875, 3.6056356941256974e-23, nan 
153.875, 64.875, 3.654848481376513e-23, nan 
154.125, 64.875, 5.0141233625959135e-23, nan 
154.375, 64.875, 4.842532696382693e-23, nan 
154.625, 64.875, 5.469505762066668e-23, nan 
154.875, 64.875, 1.0001494585160547e-22, nan 
155.125, 64.875, 6.549933420889654e-23, nan 
155.375, 64.875, 1.0863995019239038e-22, nan 
155.625, 64.875, 1.566641855766377e-22, nan 
155.875, 64.875, 6.690811857062644e-23, nan 
156.125, 64.875, 8.098130363739589e-23, nan 
156.375, 64.875, 4.260183743741856e-23, nan 
156.625, 64.875, 4.873350130466381e-23, nan 
156.875, 64.875, 4.0119069192725127e-23, nan 
157.125, 64.875, 2.5235455238044438e-23, nan 
157.375, 64.875, 2.7152255648058493e-23, nan 
157.625, 64.875, 4.026536634603894e-23, nan 
157.875, 64.875, 2.706720320310122e-23, nan 
158.125, 64.875, 2.832248558509733e-23, nan 
158.375, 64.875, 2.3127997157787717e-23, nan 
158.625, 64.875, 3.076404557813616e-23, nan 
158.875, 64.875, 2.5083253633194486e-23, nan 
159.125, 64.875, 2.3058689413216323e-23, nan 
159.375, 64.875, 1.9997590245423937e-23, nan 
159.625, 64.875, 1.5321441725703785e-23, nan 
159.875, 64.875, 1.6572328761672816e-23, nan 
160.125, 64.875, 1.1736232499758106e-23, nan 
160.375, 64.875, 1.3453503127988817e-23, nan 
160.625, 64.875, 1.1352124553286396e-23, nan 
160.875, 64.875, 1.0997214367463998e-23, nan 
161.125, 64.875, 1.0405956710044257e-23, nan 
161.375, 64.875, 9.097534454765133e-24, nan 
161.625, 64.875, 5.319096974387489e-24, nan 
161.875, 64.875, 5.905594151927102e-24, nan 
162.125, 64.875, 6.861727810222381e-24, nan 
162.375, 64.875, 7.317611073219673e-24, nan 
162.625, 64.875, 3.0635604679888414e-24, nan 
162.875, 64.875, 4.513731084403255e-24, nan 
163.125, 64.875, 5.753093904960167e-24, nan 
163.375, 64.875, 4.755517066789836e-24, nan 
163.625, 64.875, 5.3042217715322505e-24, nan 
163.875, 64.875, 3.032932218019253e-24, nan 
164.125, 64.875, 3.594351670754242e-24, nan 
164.375, 64.875, 8.977424283965196e-24, nan 
164.625, 64.875, 1.3996226158232648e-23, nan 
164.875, 64.875, 1.385042378481208e-23, nan 
165.125, 64.875, 1.6117127208576338e-23, nan 
165.375, 64.875, 1.6460876430785293e-23, nan 
165.625, 64.875, 1.5531758678753015e-23, nan 
165.875, 64.875, 9.220664610615348e-24, nan 
166.125, 64.875, 9.847422341665054e-24, nan 
166.375, 64.875, 1.1178949057561982e-23, nan 
166.625, 64.875, 1.0337151510788388e-23, nan 
166.875, 64.875, 9.619983517406452e-24, nan 
167.125, 64.875, 9.631743925708805e-24, nan 
167.375, 64.875, 9.725411606091245e-24, nan 
167.625, 64.875, 8.243278689124975e-24, nan 
167.875, 64.875, 1.4834148653537314e-24, nan 
168.125, 64.875, 2.491705625293943e-24, nan 
168.375, 64.875, 4.381381494127149e-24, nan 
168.625, 64.875, 4.917344490203176e-24, nan 
168.875, 64.875, 4.0561072395517384e-24, nan 
169.125, 64.875, 4.896352243415667e-24, nan 
169.375, 64.875, 8.264023659625155e-24, nan 
169.625, 64.875, 2.3569909870177903e-24, nan 
169.875, 64.875, 5.26497459233346e-24, nan 
170.125, 64.875, 7.260795947250219e-24, nan 
170.375, 64.875, 4.770470151061576e-24, nan 
170.625, 64.875, 2.6360135182904835e-24, nan 
170.875, 64.875, 4.593556928900865e-24, nan 
171.125, 64.875, 4.8085577077695425e-24, nan 
171.375, 64.875, 3.576059110940408e-24, nan 
171.625, 64.875, 6.486356970777507e-24, nan 
171.875, 64.875, 6.53459417768323e-24, nan 
172.125, 64.875, 6.290418708709837e-24, nan 
172.375, 64.875, 5.2475210496813976e-24, nan 
172.625, 64.875, 6.293655518003041e-24, nan 
172.875, 64.875, 3.6540593488599934e-24, nan 
173.125, 64.875, 5.989325225563091e-24, nan 
173.375, 64.875, 6.472583593331704e-24, nan 
173.625, 64.875, 6.612184846976486e-24, nan 
173.875, 64.875, 6.4485275675434895e-24, nan 
174.125, 64.875, 2.4290492639740245e-24, nan 
174.375, 64.875, 7.085660634149954e-24, nan 
174.625, 64.875, 9.60099934264513e-24, nan 
174.875, 64.875, 2.5051254782267816e-24, nan 
175.125, 64.875, 8.423145959806518e-24, nan 
175.375, 64.875, 8.373897820140367e-24, nan 
175.625, 64.875, 1.4279732559180443e-23, nan 
175.875, 64.875, 1.3125461602941917e-23, nan 
176.125, 64.875, 1.1785885444530363e-23, nan 
176.375, 64.875, 3.0371166786500004e-23, nan 
176.625, 64.875, 3.2598705165567506e-23, nan 
176.875, 64.875, 7.350618798292335e-23, nan 
177.125, 64.875, 1.601270377047717e-22, nan 
177.375, 64.875, 2.304817044742877e-22, nan 
177.625, 64.875, 1.503015587587899e-22, nan 
177.875, 64.875, 2.7692985508202962e-22, nan 
178.125, 64.875, 2.5696550012704575e-22, nan 
178.375, 64.875, 1.506414661529428e-22, nan 
178.625, 64.875, 1.896392449851164e-22, nan 
178.875, 64.875, 1.3312128325641065e-22, nan 
179.125, 64.875, 3.473590131921801e-23, nan 
179.375, 64.875, 2.6514984332034206e-23, nan 
34.875, 65.125, 4.402295879604964e-24, nan 
35.125, 65.125, 4.115734044499965e-24, nan 
35.375, 65.125, 2.7980787526337158e-24, nan 
35.625, 65.125, 3.091128852845914e-24, nan 
35.875, 65.125, 2.607348076004809e-24, nan 
36.125, 65.125, 2.559213026120781e-24, nan 
36.375, 65.125, 2.417881770128018e-24, nan 
36.625, 65.125, 3.574046496805888e-24, nan 
36.875, 65.125, 3.6401694506113915e-24, nan 
37.125, 65.125, 4.729592152125e-24, nan 
37.375, 65.125, 3.7890255407792874e-24, nan 
37.625, 65.125, 1.4504663714841226e-24, nan 
37.875, 65.125, 3.264078725025344e-24, nan 
38.125, 65.125, 2.237639466532994e-24, nan 
38.375, 65.125, 2.2654500063912887e-24, nan 
38.625, 65.125, 5.525640900734201e-24, nan 
38.875, 65.125, 6.963060532149593e-24, nan 
39.125, 65.125, 3.147503596315856e-24, nan 
39.375, 65.125, 5.935900710621895e-24, nan 
39.625, 65.125, 3.0433831563836782e-24, nan 
39.875, 65.125, 5.509221017290635e-24, nan 
40.125, 65.125, 4.8464455274102505e-24, nan 
40.375, 65.125, 1.920934346936435e-24, nan 
40.625, 65.125, 1.5675510480115926e-24, nan 
40.875, 65.125, 1.508923197077601e-24, nan 
41.125, 65.125, 5.99506411066993e-24, nan 
41.375, 65.125, 3.930015405138472e-24, nan 
41.625, 65.125, 3.355189446000555e-24, nan 
41.875, 65.125, 4.20212070069872e-24, nan 
42.125, 65.125, 5.4043898399357205e-24, nan 
42.375, 65.125, 3.522314435287903e-24, nan 
42.625, 65.125, 2.8060898000227353e-24, nan 
42.875, 65.125, 2.0453453159726493e-24, nan 
43.125, 65.125, 3.692735915548976e-24, nan 
43.375, 65.125, 4.0816962811355765e-24, nan 
43.625, 65.125, 5.1123611668385255e-24, nan 
43.875, 65.125, 2.857226019907195e-24, nan 
44.125, 65.125, 3.742974807364681e-24, nan 
44.375, 65.125, 4.382364499095511e-24, nan 
44.625, 65.125, 1.8648598174461757e-24, nan 
44.875, 65.125, 2.3359860329486663e-24, nan 
45.125, 65.125, 3.454039208610582e-24, nan 
45.375, 65.125, 3.722853263044507e-24, nan 
45.625, 65.125, 2.9254358062978215e-24, nan 
45.875, 65.125, 3.0462381472404608e-24, nan 
46.125, 65.125, 4.539237054622274e-24, nan 
46.375, 65.125, 6.007526796994751e-24, nan 
46.625, 65.125, 5.104440338234993e-24, nan 
46.875, 65.125, 4.323827565531e-24, nan 
47.125, 65.125, 5.176023014674634e-24, nan 
47.375, 65.125, 6.743100563650428e-24, nan 
47.625, 65.125, 8.050754556676265e-24, nan 
47.875, 65.125, 8.32011085952623e-24, nan 
48.125, 65.125, 8.060211041562808e-24, nan 
48.375, 65.125, 8.470423352744949e-24, nan 
48.625, 65.125, 8.714476061758204e-24, nan 
48.875, 65.125, 6.150874501436467e-24, nan 
49.125, 65.125, 5.76688162162932e-24, nan 
49.375, 65.125, 7.395935614316319e-24, nan 
49.625, 65.125, 3.8040704549762254e-24, nan 
49.875, 65.125, 4.665974690161308e-24, nan 
50.125, 65.125, 6.0236357822900515e-24, nan 
50.375, 65.125, 4.564517223272442e-24, nan 
50.625, 65.125, 3.126175228589996e-24, nan 
50.875, 65.125, 4.2198446917831564e-24, nan 
51.125, 65.125, 6.729220241782033e-24, nan 
51.375, 65.125, 9.20335453502053e-24, nan 
51.625, 65.125, 7.146677775205295e-24, nan 
51.875, 65.125, 5.525337113588686e-24, nan 
52.125, 65.125, 1.8188522898219162e-23, nan 
52.375, 65.125, 1.96709704267669e-23, nan 
52.625, 65.125, 1.0447218967090614e-23, nan 
52.875, 65.125, 1.7621353456063785e-23, nan 
53.125, 65.125, 1.8129741645305936e-23, nan 
53.375, 65.125, 1.1013678719021829e-23, nan 
53.625, 65.125, 6.570338528749215e-24, nan 
53.875, 65.125, 9.305613227728362e-24, nan 
54.125, 65.125, 1.0459578391690391e-23, nan 
54.375, 65.125, 7.74360551900115e-24, nan 
54.625, 65.125, 7.572177924552373e-24, nan 
54.875, 65.125, 8.433994188890211e-24, nan 
55.125, 65.125, 9.95096022025128e-24, nan 
55.375, 65.125, 1.555229504342132e-23, nan 
55.625, 65.125, 1.15066779300085e-23, nan 
55.875, 65.125, 1.530047290078993e-23, nan 
56.125, 65.125, 1.6002137072742313e-23, nan 
56.375, 65.125, 1.2981642884989962e-23, nan 
56.625, 65.125, 2.049937985497662e-23, nan 
56.875, 65.125, 2.292191501191279e-23, nan 
57.125, 65.125, 2.1208355414266994e-23, nan 
57.375, 65.125, 1.5507588501910003e-23, nan 
57.625, 65.125, 1.9497843419480432e-23, nan 
57.875, 65.125, 2.0199614564031058e-23, nan 
58.125, 65.125, 1.5632248687404222e-23, nan 
58.375, 65.125, 1.3393036401252534e-23, nan 
58.625, 65.125, 1.2593183735163061e-23, nan 
58.875, 65.125, 1.4098079574807336e-23, nan 
59.125, 65.125, 1.0406343266273934e-23, nan 
59.375, 65.125, 1.0849958750299818e-23, nan 
59.625, 65.125, 1.4313108542599827e-23, nan 
59.875, 65.125, 1.2547470980933315e-23, nan 
60.125, 65.125, 1.3159706796789205e-23, nan 
60.375, 65.125, 1.2498850379114879e-23, nan 
60.625, 65.125, 1.0966242581074177e-23, nan 
60.875, 65.125, 2.1039411434059583e-23, nan 
61.125, 65.125, 1.1469538970021303e-23, nan 
61.375, 65.125, 1.617053660918126e-23, nan 
61.625, 65.125, 3.580192594212656e-23, nan 
61.875, 65.125, 3.57346809013245e-23, nan 
62.125, 65.125, 3.4920794464936297e-23, nan 
62.375, 65.125, 3.511857509149495e-23, nan 
62.625, 65.125, 2.6642905835196577e-23, nan 
62.875, 65.125, 2.478605082865832e-23, nan 
63.125, 65.125, 5.160083783737853e-23, nan 
63.375, 65.125, 3.0299679002740325e-23, nan 
63.625, 65.125, 2.778518508962516e-23, nan 
63.875, 65.125, 1.2306385418065035e-22, nan 
64.125, 65.125, 9.198739408121256e-23, nan 
64.375, 65.125, 2.8663649093663e-23, nan 
64.625, 65.125, 5.46242690836023e-23, nan 
64.875, 65.125, 3.721152337822065e-23, nan 
65.125, 65.125, 1.3048026693346394e-23, nan 
65.375, 65.125, 1.931208614173289e-23, nan 
65.625, 65.125, 2.8009597887331293e-23, nan 
65.875, 65.125, 2.8091140778997134e-23, nan 
66.125, 65.125, 3.831031497241526e-23, nan 
66.375, 65.125, 6.880547204444511e-23, nan 
66.625, 65.125, 5.714647638300808e-23, nan 
66.875, 65.125, 5.367008937671262e-23, nan 
67.125, 65.125, 6.889599593845538e-23, nan 
67.375, 65.125, 8.35253550943325e-23, nan 
67.625, 65.125, 8.814061719638469e-23, nan 
67.875, 65.125, 7.692757337019048e-23, nan 
68.125, 65.125, 7.38157847679884e-23, nan 
68.375, 65.125, 3.9549404820912924e-23, nan 
68.625, 65.125, 4.4353267528040186e-23, nan 
68.875, 65.125, 4.327705095505056e-23, nan 
69.125, 65.125, 5.277612800618627e-23, nan 
69.375, 65.125, 7.045145425709843e-23, nan 
69.625, 65.125, 8.802967528517346e-23, nan 
69.875, 65.125, 8.242924196916537e-23, nan 
70.125, 65.125, 7.581126690627006e-23, nan 
70.375, 65.125, 1.1906091256545833e-22, nan 
70.625, 65.125, 8.655413804518704e-23, nan 
70.875, 65.125, 1.3075143893153047e-22, nan 
71.125, 65.125, 1.4011524960600098e-22, nan 
71.375, 65.125, 1.291465803832266e-22, nan 
71.625, 65.125, 6.799330250502621e-23, nan 
71.875, 65.125, 7.898819461798476e-23, nan 
72.125, 65.125, 8.372940169857352e-23, nan 
72.375, 65.125, 6.158627154098639e-23, nan 
72.625, 65.125, 6.964172093167508e-23, nan 
72.875, 65.125, 5.0019702542972597e-23, nan 
73.125, 65.125, 4.42256418555648e-23, nan 
73.375, 65.125, 2.7208789029695925e-23, nan 
73.625, 65.125, 7.561261788534907e-23, nan 
73.875, 65.125, 6.599392723211714e-23, nan 
74.125, 65.125, 5.699395028810417e-23, nan 
74.375, 65.125, 1.0673141020740523e-22, nan 
74.625, 65.125, 7.638830394705186e-23, nan 
74.875, 65.125, 1.0972780231846167e-22, nan 
75.125, 65.125, 1.5834438803883503e-22, nan 
75.375, 65.125, 1.5418434198606174e-22, nan 
75.625, 65.125, 1.6182190465549371e-22, nan 
75.875, 65.125, 1.8425489386714199e-22, nan 
76.125, 65.125, 1.4474444422512333e-22, nan 
76.375, 65.125, 6.10379346742329e-23, nan 
76.625, 65.125, 1.835677882184903e-22, nan 
76.875, 65.125, 3.666027187138436e-22, nan 
77.125, 65.125, 1.6723116305794824e-22, nan 
77.375, 65.125, 7.998895831522155e-23, nan 
77.625, 65.125, 6.070314096246925e-23, nan 
77.875, 65.125, 2.073383097917027e-23, nan 
78.125, 65.125, 4.269113568385173e-23, nan 
78.375, 65.125, 6.163141549669234e-23, nan 
78.625, 65.125, 1.799890501262901e-22, nan 
78.875, 65.125, 3.884035344823539e-22, nan 
79.125, 65.125, 4.42445156527091e-22, nan 
79.375, 65.125, 3.2710683562433924e-22, nan 
79.625, 65.125, 2.321906055862913e-22, nan 
79.875, 65.125, 3.12913615886235e-22, nan 
80.125, 65.125, 4.358810174501053e-22, nan 
80.375, 65.125, 1.3244930643618342e-22, nan 
80.625, 65.125, 2.2355197675795496e-22, nan 
80.875, 65.125, 2.396817937708457e-22, nan 
81.125, 65.125, 1.399628320409246e-22, nan 
81.375, 65.125, 2.7004814130692835e-22, nan 
81.625, 65.125, 1.4213379500220798e-22, nan 
81.875, 65.125, 5.176527583508989e-23, nan 
82.125, 65.125, 1.1537343891770729e-22, nan 
82.375, 65.125, 1.3213811786126574e-22, nan 
82.625, 65.125, 3.2661832586893683e-22, nan 
82.875, 65.125, 3.6432238430776125e-22, nan 
83.125, 65.125, 8.487569735427335e-22, nan 
83.375, 65.125, 1.0613583346615924e-21, nan 
83.625, 65.125, 1.0448220924351251e-21, nan 
83.875, 65.125, 1.7730678243305686e-21, nan 
84.125, 65.125, 1.5684738142645585e-21, nan 
84.375, 65.125, 1.222394378750185e-21, nan 
84.625, 65.125, 1.1649188243680419e-21, nan 
84.875, 65.125, 9.08659260772028e-22, nan 
85.125, 65.125, 4.382412259653285e-22, nan 
85.375, 65.125, 8.129919419363887e-22, nan 
85.625, 65.125, 5.526729213100504e-22, nan 
85.875, 65.125, 5.346130461210032e-22, nan 
86.125, 65.125, 3.5279238811551632e-22, nan 
86.375, 65.125, 5.878559064868156e-22, nan 
86.625, 65.125, 6.36090011446657e-22, nan 
86.875, 65.125, 5.545936425471989e-22, nan 
87.125, 65.125, 8.811286996804712e-22, nan 
87.375, 65.125, 1.0681557935074893e-21, nan 
87.625, 65.125, 1.1071343539222906e-21, nan 
87.875, 65.125, 1.2924921503440524e-21, nan 
88.125, 65.125, 1.4141909700698219e-21, nan 
88.375, 65.125, 1.4086611573070145e-21, nan 
88.625, 65.125, 1.34252962808378e-21, nan 
88.875, 65.125, 7.185506941035296e-22, nan 
89.125, 65.125, 5.808627314964832e-22, nan 
89.375, 65.125, 1.404828340833009e-21, nan 
89.625, 65.125, 6.4688510598106515e-22, nan 
89.875, 65.125, 6.6579774548989245e-22, nan 
90.125, 65.125, 9.003405409341944e-22, nan 
90.375, 65.125, 5.839703875255445e-22, nan 
90.625, 65.125, 1.6570800442658741e-21, nan 
90.875, 65.125, 2.2785548099458593e-21, nan 
91.125, 65.125, 4.301435322842477e-21, nan 
91.375, 65.125, 3.2581017046159092e-21, nan 
91.625, 65.125, 3.971879510379815e-21, nan 
91.875, 65.125, 5.544508084671882e-21, nan 
92.125, 65.125, 5.2000114633622936e-21, nan 
92.375, 65.125, 5.35316901547953e-21, nan 
92.625, 65.125, 5.30789506779668e-21, nan 
92.875, 65.125, 5.550386278928108e-21, nan 
93.125, 65.125, 5.543185187438373e-21, nan 
93.375, 65.125, 5.504634392289058e-21, nan 
93.625, 65.125, 4.3105864605687005e-21, nan 
93.875, 65.125, 3.8800168709375085e-21, nan 
94.125, 65.125, 3.2381337905845674e-21, nan 
94.375, 65.125, 3.849939220680819e-21, nan 
94.625, 65.125, 4.230189811448108e-21, nan 
94.875, 65.125, 3.53748285405465e-21, nan 
95.125, 65.125, 2.561607153288767e-21, nan 
95.375, 65.125, 5.0884174826375955e-21, nan 
95.625, 65.125, 4.9877889217822675e-21, nan 
95.875, 65.125, 3.960890333881082e-21, nan 
96.125, 65.125, 5.380171456825366e-21, nan 
96.375, 65.125, 7.869595951044548e-21, nan 
96.625, 65.125, 1.0889045580300536e-20, nan 
96.875, 65.125, 1.386178821864532e-20, nan 
97.125, 65.125, 1.4905089919419308e-20, nan 
97.375, 65.125, 1.5348492089962448e-20, nan 
97.625, 65.125, 1.2018423784548169e-20, nan 
97.875, 65.125, 7.126501952081662e-21, nan 
98.125, 65.125, 1.2369979538445417e-20, nan 
98.375, 65.125, 1.1684302302677815e-20, nan 
98.625, 65.125, 1.0232829443085492e-20, nan 
98.875, 65.125, 9.044862532544706e-21, nan 
99.125, 65.125, 1.5028387495205507e-20, nan 
99.375, 65.125, 6.603412629397328e-21, nan 
99.625, 65.125, 5.525675954335045e-21, nan 
99.875, 65.125, 7.70253986229246e-21, nan 
100.125, 65.125, 4.661349261855295e-21, nan 
100.375, 65.125, 3.472715375864914e-21, nan 
100.625, 65.125, 1.07872671516806e-20, nan 
100.875, 65.125, 5.4754290483719814e-21, nan 
101.125, 65.125, 8.01132104713907e-21, nan 
101.375, 65.125, 1.7186086634605814e-20, nan 
101.625, 65.125, 6.477156966838826e-21, nan 
101.875, 65.125, 3.891415957521138e-21, nan 
102.125, 65.125, 1.2040630817939545e-20, nan 
102.375, 65.125, 1.2097288754515792e-20, nan 
102.625, 65.125, 8.50856387789119e-21, nan 
102.875, 65.125, 7.125557698004044e-21, nan 
103.125, 65.125, 9.064995077496481e-21, nan 
103.375, 65.125, 1.2816438320120698e-20, nan 
103.625, 65.125, 1.1068734435717655e-20, nan 
103.875, 65.125, 1.4393015115458502e-20, nan 
104.125, 65.125, 1.1541963186358051e-20, nan 
104.375, 65.125, 1.631742616701599e-20, nan 
104.625, 65.125, 1.2937453288127868e-20, nan 
104.875, 65.125, 9.932041387809485e-21, nan 
105.125, 65.125, 1.3046247792314807e-20, nan 
105.375, 65.125, 9.694405744598168e-21, nan 
105.625, 65.125, 6.67801338296972e-21, nan 
105.875, 65.125, 3.1079029923037192e-21, nan 
106.125, 65.125, 2.4368669109657147e-21, nan 
106.375, 65.125, 3.0954097754190535e-21, nan 
106.625, 65.125, 5.867959750801667e-21, nan 
106.875, 65.125, 3.800341205959511e-21, nan 
107.125, 65.125, 2.2600947053615684e-21, nan 
107.375, 65.125, 3.60353116286386e-21, nan 
107.625, 65.125, 3.808096313938688e-21, nan 
107.875, 65.125, 1.07585421675814e-20, nan 
108.125, 65.125, 1.0386762783643365e-20, nan 
108.375, 65.125, 6.799999825480895e-21, nan 
108.625, 65.125, 1.4347251518044233e-20, nan 
108.875, 65.125, 1.34673118438658e-20, nan 
109.125, 65.125, 9.622173003357467e-21, nan 
109.375, 65.125, 7.809994690215449e-21, nan 
109.625, 65.125, 1.0975133245230654e-20, nan 
109.875, 65.125, 9.422637709038632e-21, nan 
110.125, 65.125, 6.681922307803531e-21, nan 
110.375, 65.125, 7.505526788052628e-21, nan 
110.625, 65.125, 7.661148787180954e-21, nan 
110.875, 65.125, 7.029806107092565e-21, nan 
111.125, 65.125, 3.619664639261529e-21, nan 
111.375, 65.125, 4.261439933741528e-21, nan 
111.625, 65.125, 5.2915094845688254e-21, nan 
111.875, 65.125, 5.66080774808914e-21, nan 
112.125, 65.125, 9.742311491562835e-21, nan 
112.375, 65.125, 3.0468125097938875e-21, nan 
112.625, 65.125, 9.411747487925004e-21, nan 
112.875, 65.125, 1.689629296505374e-20, nan 
113.125, 65.125, 4.8086208085616676e-21, nan 
113.375, 65.125, 3.955491349747425e-21, nan 
113.625, 65.125, 5.2269637853978235e-21, nan 
113.875, 65.125, 1.9029884983609152e-21, nan 
114.125, 65.125, 2.6210593203682687e-21, nan 
114.375, 65.125, 2.883244131584893e-21, nan 
114.625, 65.125, 5.8259478087174225e-21, nan 
114.875, 65.125, 4.147392361709425e-21, nan 
115.125, 65.125, 5.7380921638833445e-21, nan 
115.375, 65.125, 7.257480552832883e-21, nan 
115.625, 65.125, 5.5887249344819465e-21, nan 
115.875, 65.125, 7.543965683423908e-21, nan 
116.125, 65.125, 3.3930752373689e-21, nan 
116.375, 65.125, 5.352648199290606e-21, nan 
116.625, 65.125, 6.623424043679293e-21, nan 
116.875, 65.125, 4.862633104609012e-21, nan 
117.125, 65.125, 3.3877206624729934e-21, nan 
117.375, 65.125, 3.5404020543281345e-21, nan 
117.625, 65.125, 4.6714748203641575e-21, nan 
117.875, 65.125, 5.216266988429717e-21, nan 
118.125, 65.125, 4.726735478433933e-21, nan 
118.375, 65.125, 4.012590297043647e-21, nan 
118.625, 65.125, 4.258421645749454e-21, nan 
118.875, 65.125, 4.1863555772150556e-21, nan 
119.125, 65.125, 2.921872778268723e-21, nan 
119.375, 65.125, 1.4500212487209965e-21, nan 
119.625, 65.125, 1.6365350839453715e-21, nan 
119.875, 65.125, 1.5671761408561663e-21, nan 
120.125, 65.125, 1.3326014464491688e-21, nan 
120.375, 65.125, 8.652663009481609e-22, nan 
120.625, 65.125, 6.321395138361193e-22, nan 
120.875, 65.125, 2.3043263224197307e-21, nan 
121.125, 65.125, 2.1098839098573478e-21, nan 
121.375, 65.125, 7.115725016432103e-22, nan 
121.625, 65.125, 6.305036570962607e-22, nan 
121.875, 65.125, 9.591612219757058e-22, nan 
122.125, 65.125, 1.0047090732456441e-21, nan 
122.375, 65.125, 5.103080063723847e-22, nan 
122.625, 65.125, 5.169974234518266e-22, nan 
122.875, 65.125, 1.6201654948909808e-21, nan 
123.125, 65.125, 2.6490507747905366e-21, nan 
123.375, 65.125, 2.6015608151315453e-21, nan 
123.625, 65.125, 2.2847092027434594e-21, nan 
123.875, 65.125, 1.9757031149431654e-21, nan 
124.125, 65.125, 1.1035588426107301e-21, nan 
124.375, 65.125, 9.866610335662223e-22, nan 
124.625, 65.125, 1.2984328616286062e-21, nan 
124.875, 65.125, 6.531757430716722e-22, nan 
125.125, 65.125, 4.898039081959901e-22, nan 
125.375, 65.125, 7.03632947761466e-22, nan 
125.625, 65.125, 4.779904299974816e-22, nan 
125.875, 65.125, 5.484011285201276e-22, nan 
126.125, 65.125, 3.316661825103836e-22, nan 
126.375, 65.125, 3.818247274411092e-22, nan 
126.625, 65.125, 5.690817019232699e-22, nan 
126.875, 65.125, 1.197397434012184e-21, nan 
127.125, 65.125, 2.682768431898997e-21, nan 
127.375, 65.125, 3.288682718704088e-21, nan 
127.625, 65.125, 3.177556420234676e-21, nan 
127.875, 65.125, 3.492440719072715e-21, nan 
128.125, 65.125, 8.28196508923094e-21, nan 
128.375, 65.125, 8.438916776959975e-21, nan 
128.625, 65.125, 4.542515631117477e-21, nan 
128.875, 65.125, 4.158040768259684e-21, nan 
129.125, 65.125, 2.212999467282384e-21, nan 
129.375, 65.125, 1.7412316545431302e-21, nan 
129.625, 65.125, 1.0924442573588633e-21, nan 
129.875, 65.125, 1.1658262924631793e-21, nan 
130.125, 65.125, 8.582109668996735e-22, nan 
130.375, 65.125, 4.391251774090529e-22, nan 
130.625, 65.125, 5.008448773821947e-22, nan 
130.875, 65.125, 4.772039246957937e-22, nan 
131.125, 65.125, 5.931908082179125e-22, nan 
131.375, 65.125, 6.20001020524874e-22, nan 
131.625, 65.125, 3.2943850322999314e-22, nan 
131.875, 65.125, 3.1293493134315525e-22, nan 
132.125, 65.125, 3.660220565367012e-22, nan 
132.375, 65.125, 3.1601057241211865e-22, nan 
132.625, 65.125, 1.7909226042774458e-22, nan 
132.875, 65.125, 1.2310982535811663e-22, nan 
133.125, 65.125, 2.5045577787716215e-22, nan 
133.375, 65.125, 4.574954955604044e-22, nan 
133.625, 65.125, 3.1277444893257745e-22, nan 
133.875, 65.125, 2.4254912430867506e-22, nan 
134.125, 65.125, 3.515050458499609e-22, nan 
134.375, 65.125, 2.2659756376574554e-22, nan 
134.625, 65.125, 1.2560392041540207e-22, nan 
134.875, 65.125, 6.570010909842577e-23, nan 
135.125, 65.125, 8.454752695297541e-23, nan 
135.375, 65.125, 7.581372527174923e-23, nan 
135.625, 65.125, 8.551731484250608e-23, nan 
135.875, 65.125, 7.091842007616827e-23, nan 
136.125, 65.125, 6.392776992021755e-23, nan 
136.375, 65.125, 9.757479723942617e-23, nan 
136.625, 65.125, 9.083466534860092e-23, nan 
136.875, 65.125, 7.863219029728264e-23, nan 
137.125, 65.125, 8.314953514207322e-23, nan 
137.375, 65.125, 1.0262063079849204e-22, nan 
137.625, 65.125, 8.633274446056543e-23, nan 
137.875, 65.125, 7.104601350990313e-23, nan 
138.125, 65.125, 6.249657436430357e-23, nan 
138.375, 65.125, 8.462183985083961e-23, nan 
138.625, 65.125, 1.331357905829261e-22, nan 
138.875, 65.125, 1.2031230796057253e-22, nan 
139.125, 65.125, 1.2289700926600604e-22, nan 
139.375, 65.125, 8.521049297003602e-23, nan 
139.625, 65.125, 8.048837887028363e-23, nan 
139.875, 65.125, 5.542104642747936e-23, nan 
140.125, 65.125, 6.243233825674876e-23, nan 
140.375, 65.125, 1.77920375686285e-22, nan 
140.625, 65.125, 1.211837981965741e-22, nan 
140.875, 65.125, 9.640780512216859e-23, nan 
141.125, 65.125, 3.1720823281300622e-22, nan 
141.375, 65.125, 1.3588368196621457e-22, nan 
141.625, 65.125, 9.769438353037695e-23, nan 
141.875, 65.125, 1.6862150254518467e-22, nan 
142.125, 65.125, 1.3897086253470132e-22, nan 
142.375, 65.125, 1.9936760310578194e-22, nan 
142.625, 65.125, 1.4376495236164988e-22, nan 
142.875, 65.125, 1.6732523719887647e-22, nan 
143.125, 65.125, 3.7963957090970453e-22, nan 
143.375, 65.125, 3.357630230249561e-22, nan 
143.625, 65.125, 1.4442136486802345e-22, nan 
143.875, 65.125, 1.8076814770662279e-22, nan 
144.125, 65.125, 1.6729461778195063e-22, nan 
144.375, 65.125, 7.882532021507411e-23, nan 
144.625, 65.125, 2.1920400652401967e-23, nan 
144.875, 65.125, 3.714835864451601e-23, nan 
145.125, 65.125, 4.726295697773046e-23, nan 
145.375, 65.125, 4.4796222799039e-23, nan 
145.625, 65.125, 2.6914824275658425e-23, nan 
145.875, 65.125, 5.99636902363426e-23, nan 
146.125, 65.125, 5.1823137576660306e-23, nan 
146.375, 65.125, 1.548854651248758e-23, nan 
146.625, 65.125, 4.423151584074002e-23, nan 
146.875, 65.125, 3.889983845841442e-23, nan 
147.125, 65.125, 3.064734451949258e-23, nan 
147.375, 65.125, 3.2644129580531897e-23, nan 
147.625, 65.125, 9.347745240040941e-23, nan 
147.875, 65.125, 7.435968053506836e-23, nan 
148.125, 65.125, 7.680802794761197e-23, nan 
148.375, 65.125, 1.0049951307658348e-22, nan 
148.625, 65.125, 9.852421589666742e-23, nan 
148.875, 65.125, 1.004698794678117e-22, nan 
149.125, 65.125, 9.826023510532607e-23, nan 
149.375, 65.125, 7.428180404581922e-23, nan 
149.625, 65.125, 6.931499601423434e-23, nan 
149.875, 65.125, 4.6886328234791435e-23, nan 
150.125, 65.125, 2.5655109344956142e-23, nan 
150.375, 65.125, 7.070217036584425e-24, nan 
150.625, 65.125, 1.5567996304601945e-23, nan 
150.875, 65.125, 1.9535582455688076e-23, nan 
151.125, 65.125, 1.8934888667052576e-23, nan 
151.375, 65.125, 2.630918487425458e-23, nan 
151.625, 65.125, 3.3715432437762524e-23, nan 
151.875, 65.125, 3.9708204288271516e-23, nan 
152.125, 65.125, 6.102927964799798e-23, nan 
152.375, 65.125, 6.573410447769595e-23, nan 
152.625, 65.125, 7.170163167306748e-23, nan 
152.875, 65.125, 3.103598142951391e-23, nan 
153.125, 65.125, 3.5236360689456374e-23, nan 
153.375, 65.125, 4.3221818813504784e-23, nan 
153.625, 65.125, 4.0768363709069625e-23, nan 
153.875, 65.125, 4.150014983945056e-23, nan 
154.125, 65.125, 4.5564514227935527e-23, nan 
154.375, 65.125, 5.200588444970835e-23, nan 
154.625, 65.125, 5.494417747603994e-23, nan 
154.875, 65.125, 5.073091272627371e-23, nan 
155.125, 65.125, 5.483878959789534e-23, nan 
155.375, 65.125, 7.637888428590702e-23, nan 
155.625, 65.125, 1.0428238730765209e-22, nan 
155.875, 65.125, 6.215276948547817e-23, nan 
156.125, 65.125, 5.0459305037885475e-23, nan 
156.375, 65.125, 3.01173671039527e-23, nan 
156.625, 65.125, 3.699931329678207e-23, nan 
156.875, 65.125, 2.0391334748235515e-23, nan 
157.125, 65.125, 1.928830932527983e-23, nan 
157.375, 65.125, 2.986478728441935e-23, nan 
157.625, 65.125, 3.520540738578864e-23, nan 
157.875, 65.125, 2.0389479280745172e-23, nan 
158.125, 65.125, 2.892482497231377e-23, nan 
158.375, 65.125, 4.1184980940447313e-23, nan 
158.625, 65.125, 2.1506191948583174e-23, nan 
158.875, 65.125, 2.5638523166316878e-23, nan 
159.125, 65.125, 2.109229497131753e-23, nan 
159.375, 65.125, 1.5357779146014473e-23, nan 
159.625, 65.125, 2.42975101836863e-23, nan 
159.875, 65.125, 2.140123703332425e-23, nan 
160.125, 65.125, 1.5393021337857615e-23, nan 
160.375, 65.125, 1.6293062839162908e-23, nan 
160.625, 65.125, 1.4173135188025546e-23, nan 
160.875, 65.125, 9.136019731887132e-24, nan 
161.125, 65.125, 3.1932514025281263e-24, nan 
161.375, 65.125, 4.8923450086681065e-24, nan 
161.625, 65.125, 5.7897662352071936e-24, nan 
161.875, 65.125, 8.710663791500923e-24, nan 
162.125, 65.125, 8.298801886777651e-24, nan 
162.375, 65.125, 8.372290993026714e-24, nan 
162.625, 65.125, 9.72732991651089e-24, nan 
162.875, 65.125, 5.189163177015951e-24, nan 
163.125, 65.125, 3.787309194587202e-24, nan 
163.375, 65.125, 5.0281315754794615e-24, nan 
163.625, 65.125, 9.282510260229812e-25, nan 
163.875, 65.125, 3.2234372878809506e-24, nan 
164.125, 65.125, 5.298798959067209e-24, nan 
164.375, 65.125, 5.467352641686362e-24, nan 
164.625, 65.125, 1.191010223291843e-23, nan 
164.875, 65.125, 1.4936368560862736e-23, nan 
165.125, 65.125, 1.5183297623122434e-23, nan 
165.375, 65.125, 1.3226586496435479e-23, nan 
165.625, 65.125, 1.4982489255933028e-23, nan 
165.875, 65.125, 1.24229483999253e-23, nan 
166.125, 65.125, 5.6835000793711425e-24, nan 
166.375, 65.125, 6.350367812833228e-24, nan 
166.625, 65.125, 7.190414749650706e-24, nan 
166.875, 65.125, 1.0045891633860317e-23, nan 
167.125, 65.125, 1.5662268233551467e-23, nan 
167.375, 65.125, 7.700990163587323e-24, nan 
167.625, 65.125, 6.370046732333978e-24, nan 
167.875, 65.125, 4.8765315611242966e-24, nan 
168.125, 65.125, 3.490578653670219e-24, nan 
168.375, 65.125, 4.625651923975124e-24, nan 
168.625, 65.125, 5.012825110533895e-24, nan 
168.875, 65.125, 6.672236246360243e-24, nan 
169.125, 65.125, 8.436993843306682e-24, nan 
169.375, 65.125, 1.0221422413345355e-23, nan 
169.625, 65.125, 6.204317350234557e-24, nan 
169.875, 65.125, 7.965947354073388e-24, nan 
170.125, 65.125, 7.84262935198309e-24, nan 
170.375, 65.125, 5.75366335384925e-24, nan 
170.625, 65.125, 3.828256284183123e-24, nan 
170.875, 65.125, 4.811571514227602e-24, nan 
171.125, 65.125, 7.158070351999716e-24, nan 
171.375, 65.125, 6.925641624522768e-24, nan 
171.625, 65.125, 6.3070668352763894e-24, nan 
171.875, 65.125, 8.479111988106619e-24, nan 
172.125, 65.125, 7.529569338694165e-24, nan 
172.375, 65.125, 6.481413241858111e-24, nan 
172.625, 65.125, 6.91832654959457e-24, nan 
172.875, 65.125, 4.400170204612802e-24, nan 
173.125, 65.125, 5.279507259498056e-24, nan 
173.375, 65.125, 7.643452616727121e-24, nan 
173.625, 65.125, 8.626266391284582e-24, nan 
173.875, 65.125, 4.349463331562118e-24, nan 
174.125, 65.125, 3.1505169002542154e-24, nan 
174.375, 65.125, 9.667243237508006e-24, nan 
174.625, 65.125, 9.651697169758137e-24, nan 
174.875, 65.125, 7.647737802265766e-24, nan 
175.125, 65.125, 1.2040642256888119e-23, nan 
175.375, 65.125, 4.703448069451452e-24, nan 
175.625, 65.125, 1.2362349489117113e-23, nan 
175.875, 65.125, 1.3133603150410954e-23, nan 
176.125, 65.125, 1.395583102614758e-23, nan 
176.375, 65.125, 1.972449508803141e-23, nan 
176.625, 65.125, 1.2320261224953225e-22, nan 
176.875, 65.125, 1.5393055046202493e-22, nan 
177.125, 65.125, 1.4420550842975448e-22, nan 
177.375, 65.125, 2.731541244291923e-22, nan 
177.625, 65.125, 1.7971931961998797e-22, nan 
177.875, 65.125, 1.4378020547905443e-22, nan 
178.125, 65.125, 1.9320844755463273e-22, nan 
178.375, 65.125, 2.101760644787373e-22, nan 
178.625, 65.125, 1.728597710938811e-22, nan 
178.875, 65.125, 1.6881932040618216e-22, nan 
179.125, 65.125, 1.4186028785235804e-22, nan 
179.375, 65.125, 6.185428101497758e-23, nan 
179.625, 65.125, 3.370941994843681e-23, nan 
179.875, 65.125, 1.5542733388248843e-23, nan 
-179.875, 65.375, 3.1855404686305457e-24, nan 
-179.625, 65.375, 4.218633759311557e-24, nan 
33.875, 65.375, 5.150769688322652e-24, nan 
34.125, 65.375, 6.3673609257096264e-24, nan 
34.375, 65.375, 5.2993261949923205e-24, nan 
34.625, 65.375, 4.208024707283485e-24, nan 
34.875, 65.375, 3.263967030950989e-24, nan 
35.125, 65.375, 1.948542770857742e-24, nan 
35.375, 65.375, 1.804689677488542e-24, nan 
35.625, 65.375, 1.8017838202654174e-24, nan 
35.875, 65.375, 1.68002405183241e-24, nan 
36.125, 65.375, 2.672763957848195e-24, nan 
36.375, 65.375, 1.1525497973672154e-24, nan 
36.625, 65.375, 2.662560126114567e-24, nan 
36.875, 65.375, 3.76387237707188e-24, nan 
37.125, 65.375, 2.3386040532315556e-24, nan 
37.375, 65.375, 4.270546956794095e-24, nan 
37.625, 65.375, 4.909464960476207e-24, nan 
37.875, 65.375, 4.35391362483268e-24, nan 
38.125, 65.375, 5.0629180738084015e-24, nan 
38.375, 65.375, 3.389614959587471e-24, nan 
38.625, 65.375, 4.778407470391172e-24, nan 
38.875, 65.375, 8.125690138794206e-24, nan 
39.125, 65.375, 4.326089861023838e-24, nan 
39.375, 65.375, 4.572938566994768e-24, nan 
39.625, 65.375, 3.553125155604566e-24, nan 
39.875, 65.375, 3.6239407947517586e-24, nan 
40.125, 65.375, 4.803930768336352e-24, nan 
40.375, 65.375, 5.590861645208718e-24, nan 
40.625, 65.375, 5.9162012999414585e-24, nan 
40.875, 65.375, 2.93078975072862e-24, nan 
41.125, 65.375, 7.165283050256788e-24, nan 
41.375, 65.375, 4.251713154026354e-24, nan 
41.625, 65.375, 4.88530829568959e-24, nan 
41.875, 65.375, 5.323043160916677e-24, nan 
42.125, 65.375, 7.087403595722822e-24, nan 
42.375, 65.375, 5.3513898394328095e-24, nan 
42.625, 65.375, 3.435640891778629e-24, nan 
42.875, 65.375, 4.633670665905536e-24, nan 
43.125, 65.375, 4.50769028404731e-24, nan 
43.375, 65.375, 3.929818146455661e-24, nan 
43.625, 65.375, 3.9935703879578906e-24, nan 
43.875, 65.375, 2.0683561581025753e-24, nan 
44.125, 65.375, 1.9613042154695114e-24, nan 
44.375, 65.375, 2.0328136930948394e-24, nan 
44.625, 65.375, 1.9167302263289557e-24, nan 
44.875, 65.375, 2.244933724873388e-24, nan 
45.125, 65.375, 2.9229803622340324e-24, nan 
45.375, 65.375, 3.0991276646206426e-24, nan 
45.625, 65.375, 1.3475028651675243e-24, nan 
45.875, 65.375, 2.3738722052459024e-24, nan 
46.125, 65.375, 4.2646626127108895e-24, nan 
46.375, 65.375, 5.060608450548277e-24, nan 
46.625, 65.375, 3.950092211416793e-24, nan 
46.875, 65.375, 7.37652913276536e-24, nan 
47.125, 65.375, 6.645868906289771e-24, nan 
47.375, 65.375, 6.017107998402954e-24, nan 
47.625, 65.375, 9.218786870305511e-24, nan 
47.875, 65.375, 7.292259239596785e-24, nan 
48.125, 65.375, 8.026229363564e-24, nan 
48.375, 65.375, 7.25766203811092e-24, nan 
48.625, 65.375, 8.742530725199941e-24, nan 
48.875, 65.375, 6.710744683129396e-24, nan 
49.125, 65.375, 8.582618320805121e-24, nan 
49.375, 65.375, 8.117766420563065e-24, nan 
49.625, 65.375, 3.9404611737648396e-24, nan 
49.875, 65.375, 7.184054231381401e-24, nan 
50.125, 65.375, 7.445250823087875e-24, nan 
50.375, 65.375, 5.627400198813088e-24, nan 
50.625, 65.375, 2.9004457082247093e-24, nan 
50.875, 65.375, 3.0099692878302696e-24, nan 
51.125, 65.375, 8.943690324826453e-24, nan 
51.375, 65.375, 1.1595681901334784e-23, nan 
51.625, 65.375, 8.668438418063152e-24, nan 
51.875, 65.375, 6.582629177510536e-24, nan 
52.125, 65.375, 1.9268523674771153e-23, nan 
52.375, 65.375, 2.1302479158307288e-23, nan 
52.625, 65.375, 1.2301126500240192e-23, nan 
52.875, 65.375, 1.949287746826191e-23, nan 
53.125, 65.375, 2.0880503639331928e-23, nan 
53.375, 65.375, 1.1452595196035715e-23, nan 
53.625, 65.375, 4.742652433875889e-24, nan 
53.875, 65.375, 1.0357292243937446e-23, nan 
54.125, 65.375, 1.656960874828676e-23, nan 
54.375, 65.375, 1.5786873965132723e-23, nan 
54.625, 65.375, 1.2054713753557648e-23, nan 
54.875, 65.375, 2.4342375952612668e-23, nan 
55.125, 65.375, 2.291236762079701e-23, nan 
55.375, 65.375, 1.2207813356506476e-23, nan 
55.625, 65.375, 1.0037621620163199e-23, nan 
55.875, 65.375, 1.2242580937817485e-23, nan 
56.125, 65.375, 1.0565761337780305e-23, nan 
56.375, 65.375, 9.925805227080528e-24, nan 
56.625, 65.375, 1.501153203963429e-23, nan 
56.875, 65.375, 1.7415301575379398e-23, nan 
57.125, 65.375, 1.9771406718408823e-23, nan 
57.375, 65.375, 9.088969945658404e-24, nan 
57.625, 65.375, 1.473477480177633e-23, nan 
57.875, 65.375, 1.92406854296399e-23, nan 
58.125, 65.375, 1.1555429508322726e-23, nan 
58.375, 65.375, 2.161537966725658e-23, nan 
58.625, 65.375, 9.957254962582623e-24, nan 
58.875, 65.375, 1.1116475595877562e-23, nan 
59.125, 65.375, 1.092685917653281e-23, nan 
59.375, 65.375, 1.6499287364641565e-23, nan 
59.625, 65.375, 1.5774361273322438e-23, nan 
59.875, 65.375, 9.728888607679532e-24, nan 
60.125, 65.375, 1.1173167457701425e-23, nan 
60.375, 65.375, 6.258986075175317e-24, nan 
60.625, 65.375, 8.119371449400071e-24, nan 
60.875, 65.375, 1.6707078539552945e-23, nan 
61.125, 65.375, 1.1633345592246417e-23, nan 
61.375, 65.375, 9.481575299157408e-24, nan 
61.625, 65.375, 1.0981083266266406e-23, nan 
61.875, 65.375, 1.917702455551707e-23, nan 
62.125, 65.375, 1.970120462717341e-23, nan 
62.375, 65.375, 1.707886891688103e-23, nan 
62.625, 65.375, 3.000048239711739e-23, nan 
62.875, 65.375, 2.375534417471824e-23, nan 
63.125, 65.375, 3.127038359015058e-23, nan 
63.375, 65.375, 5.381362641281697e-23, nan 
63.625, 65.375, 5.964154167186372e-23, nan 
63.875, 65.375, 1.1342442163857817e-22, nan 
64.125, 65.375, 1.0751335353002165e-22, nan 
64.375, 65.375, 7.755281521719263e-23, nan 
64.625, 65.375, 7.297002383462435e-23, nan 
64.875, 65.375, 4.56910098072213e-23, nan 
65.125, 65.375, 1.4684002878864122e-23, nan 
65.375, 65.375, 3.300884132483159e-23, nan 
65.625, 65.375, 1.8594365893793933e-23, nan 
65.875, 65.375, 2.693526039183082e-23, nan 
66.125, 65.375, 3.3551727342105514e-23, nan 
66.375, 65.375, 3.8909767315209e-23, nan 
66.625, 65.375, 4.5679988677533174e-23, nan 
66.875, 65.375, 6.469054485075781e-23, nan 
67.125, 65.375, 5.55645597247108e-23, nan 
67.375, 65.375, 5.73570264849172e-23, nan 
67.625, 65.375, 5.444267707511075e-23, nan 
67.875, 65.375, 6.229848493305843e-23, nan 
68.125, 65.375, 5.2760378696678275e-23, nan 
68.375, 65.375, 4.2360063597194126e-23, nan 
68.625, 65.375, 9.027651772556582e-23, nan 
68.875, 65.375, 4.775936175967081e-23, nan 
69.125, 65.375, 5.0050868301245626e-23, nan 
69.375, 65.375, 5.944244709510701e-23, nan 
69.625, 65.375, 6.56091926225036e-23, nan 
69.875, 65.375, 6.780020557580885e-23, nan 
70.125, 65.375, 7.070438355088227e-23, nan 
70.375, 65.375, 1.1522450347442564e-22, nan 
70.625, 65.375, 1.2072759595104198e-22, nan 
70.875, 65.375, 8.507903860768465e-23, nan 
71.125, 65.375, 1.3827430100830776e-22, nan 
71.375, 65.375, 1.5550521162366508e-22, nan 
71.625, 65.375, 9.809023640714554e-23, nan 
71.875, 65.375, 8.057650436090712e-23, nan 
72.125, 65.375, 1.7597341849783482e-22, nan 
72.375, 65.375, 1.3400064149807205e-22, nan 
72.625, 65.375, 8.944617693427806e-23, nan 
72.875, 65.375, 6.351930948444291e-23, nan 
73.125, 65.375, 7.279035921199441e-23, nan 
73.375, 65.375, 9.020841822604197e-23, nan 
73.625, 65.375, 8.582570014109542e-23, nan 
73.875, 65.375, 9.26595162958881e-23, nan 
74.125, 65.375, 1.1087789173217011e-22, nan 
74.375, 65.375, 1.6196555574102988e-22, nan 
74.625, 65.375, 1.2399232643873922e-22, nan 
74.875, 65.375, 1.712175267561668e-23, nan 
75.125, 65.375, 1.315571284905406e-22, nan 
75.375, 65.375, 1.8219422879318969e-22, nan 
75.625, 65.375, 1.8660710016723072e-22, nan 
75.875, 65.375, 2.530221382448022e-22, nan 
76.125, 65.375, 3.115367886924461e-22, nan 
76.375, 65.375, 1.8112362058128173e-22, nan 
76.625, 65.375, 3.194544819617111e-22, nan 
76.875, 65.375, 5.763658403907166e-22, nan 
77.125, 65.375, 2.802252591888106e-22, nan 
77.375, 65.375, 3.6870876491904147e-22, nan 
77.625, 65.375, 4.056446279582326e-22, nan 
77.875, 65.375, 2.181622166826268e-22, nan 
78.125, 65.375, 8.399502405028099e-23, nan 
78.375, 65.375, 8.989574634059797e-23, nan 
78.625, 65.375, 1.0136040654246511e-22, nan 
78.875, 65.375, 1.1071640253695436e-22, nan 
79.125, 65.375, 1.32201140490903e-22, nan 
79.375, 65.375, 2.136998762824084e-22, nan 
79.625, 65.375, 2.1816533680292973e-22, nan 
79.875, 65.375, 2.633235749094971e-22, nan 
80.125, 65.375, 2.945583334682275e-22, nan 
80.375, 65.375, 1.5038026107970706e-22, nan 
80.625, 65.375, 1.528583870901866e-22, nan 
80.875, 65.375, 1.2508582578465139e-22, nan 
81.125, 65.375, 1.5352274096809684e-22, nan 
81.375, 65.375, 1.62035262417187e-22, nan 
81.625, 65.375, 1.89042025110947e-22, nan 
81.875, 65.375, 2.3495970791188555e-22, nan 
82.125, 65.375, 2.399184585166164e-22, nan 
82.375, 65.375, 1.8457320860655483e-22, nan 
82.625, 65.375, 4.466856860846732e-22, nan 
82.875, 65.375, 5.2703081891764185e-22, nan 
83.125, 65.375, 3.6549616706735035e-22, nan 
83.375, 65.375, 3.262667766871746e-22, nan 
83.625, 65.375, 4.775450232554062e-22, nan 
83.875, 65.375, 1.2807334780417621e-21, nan 
84.125, 65.375, 1.1645223922326932e-21, nan 
84.375, 65.375, 2.2222796272242624e-22, nan 
84.625, 65.375, 1.4695027454935117e-22, nan 
84.875, 65.375, 3.433340390331562e-22, nan 
85.125, 65.375, 3.870476614540328e-22, nan 
85.375, 65.375, 7.558388245486785e-22, nan 
85.625, 65.375, 5.931968236654354e-22, nan 
85.875, 65.375, 6.033610541200687e-22, nan 
86.125, 65.375, 5.645637151733984e-22, nan 
86.375, 65.375, 7.249054027145823e-22, nan 
86.625, 65.375, 4.095467049288622e-22, nan 
86.875, 65.375, 1.1155287011239464e-21, nan 
87.125, 65.375, 1.8494088186267734e-21, nan 
87.375, 65.375, 1.2197339889798901e-21, nan 
87.625, 65.375, 8.995448050555885e-22, nan 
87.875, 65.375, 1.5024582883190093e-21, nan 
88.125, 65.375, 1.4876559364840901e-21, nan 
88.375, 65.375, 1.6671625893958001e-21, nan 
88.625, 65.375, 1.6620773262789781e-21, nan 
88.875, 65.375, 1.3428409883828666e-21, nan 
89.125, 65.375, 7.047713172007196e-22, nan 
89.375, 65.375, 6.596287034795557e-22, nan 
89.625, 65.375, 4.0518547219857173e-22, nan 
89.875, 65.375, 5.960530660338216e-22, nan 
90.125, 65.375, 9.840911815549278e-22, nan 
90.375, 65.375, 7.29490695994917e-22, nan 
90.625, 65.375, 1.0449017183871327e-21, nan 
90.875, 65.375, 1.274737833950566e-21, nan 
91.125, 65.375, 1.3242364367705602e-21, nan 
91.375, 65.375, 2.669832149110859e-21, nan 
91.625, 65.375, 4.863271267486496e-21, nan 
91.875, 65.375, 5.024555569006659e-21, nan 
92.125, 65.375, 3.6740658784905455e-21, nan 
92.375, 65.375, 3.903074448304584e-21, nan 
92.625, 65.375, 4.662309712350378e-21, nan 
92.875, 65.375, 5.4896602291116465e-21, nan 
93.125, 65.375, 4.74403326192563e-21, nan 
93.375, 65.375, 5.961091666280581e-21, nan 
93.625, 65.375, 4.954503989082638e-21, nan 
93.875, 65.375, 4.534399115646211e-21, nan 
94.125, 65.375, 4.660991865665355e-21, nan 
94.375, 65.375, 3.848143776550268e-21, nan 
94.625, 65.375, 5.510703649781019e-21, nan 
94.875, 65.375, 5.726000195555373e-21, nan 
95.125, 65.375, 4.4365273314015285e-21, nan 
95.375, 65.375, 8.481380856681e-21, nan 
95.625, 65.375, 1.1984704109163208e-20, nan 
95.875, 65.375, 1.4888278141123152e-20, nan 
96.125, 65.375, 1.1698431196221637e-20, nan 
96.375, 65.375, 1.067133317707324e-20, nan 
96.625, 65.375, 1.3310342057598967e-20, nan 
96.875, 65.375, 1.2127216308294674e-20, nan 
97.125, 65.375, 9.378673176496695e-21, nan 
97.375, 65.375, 6.530082018472469e-21, nan 
97.625, 65.375, 3.637294678006104e-21, nan 
97.875, 65.375, 6.4611356763892684e-21, nan 
98.125, 65.375, 1.5648650176593678e-20, nan 
98.375, 65.375, 1.292618181762646e-20, nan 
98.625, 65.375, 7.798590268648731e-21, nan 
98.875, 65.375, 5.066818303762422e-21, nan 
99.125, 65.375, 1.0353642695307603e-20, nan 
99.375, 65.375, 1.0006660554756991e-20, nan 
99.625, 65.375, 5.871341637692352e-21, nan 
99.875, 65.375, 9.753379442147674e-21, nan 
100.125, 65.375, 7.439134336799513e-21, nan 
100.375, 65.375, 9.711586398316698e-21, nan 
100.625, 65.375, 7.941651206277996e-21, nan 
100.875, 65.375, 1.0715399233718135e-20, nan 
101.125, 65.375, 6.805419358585527e-21, nan 
101.375, 65.375, 1.0560684770953858e-20, nan 
101.625, 65.375, 6.215208110078643e-21, nan 
101.875, 65.375, 6.4356164290464816e-21, nan 
102.125, 65.375, 9.141571216554114e-21, nan 
102.375, 65.375, 7.736379630914428e-21, nan 
102.625, 65.375, 6.209894151671593e-21, nan 
102.875, 65.375, 6.661685923046575e-21, nan 
103.125, 65.375, 1.0045966838576606e-20, nan 
103.375, 65.375, 1.2469416374994369e-20, nan 
103.625, 65.375, 1.0902687152325747e-20, nan 
103.875, 65.375, 1.5161268182421412e-20, nan 
104.125, 65.375, 1.3002375789616555e-20, nan 
104.375, 65.375, 1.2906621185347888e-20, nan 
104.625, 65.375, 6.003977553141124e-21, nan 
104.875, 65.375, 6.021792870584121e-21, nan 
105.125, 65.375, 1.2279628644685313e-20, nan 
105.375, 65.375, 1.1814811734768197e-20, nan 
105.625, 65.375, 8.301676638881272e-21, nan 
105.875, 65.375, 1.09941311981782e-20, nan 
106.125, 65.375, 1.4349306207970928e-20, nan 
106.375, 65.375, 8.181292474189989e-21, nan 
106.625, 65.375, 7.712942800742465e-21, nan 
106.875, 65.375, 8.04138364534525e-21, nan 
107.125, 65.375, 4.020238127115787e-21, nan 
107.375, 65.375, 1.975105597674119e-21, nan 
107.625, 65.375, 6.466173764666726e-21, nan 
107.875, 65.375, 1.6069747976582076e-20, nan 
108.125, 65.375, 1.9676778637616184e-20, nan 
108.375, 65.375, 1.430398126666584e-20, nan 
108.625, 65.375, 1.646019246129758e-20, nan 
108.875, 65.375, 2.4737145188474603e-20, nan 
109.125, 65.375, 1.0636513186468237e-20, nan 
109.375, 65.375, 9.326145962439827e-21, nan 
109.625, 65.375, 1.5590992577866402e-20, nan 
109.875, 65.375, 8.992598831765392e-21, nan 
110.125, 65.375, 5.0687504028226e-21, nan 
110.375, 65.375, 7.66827363150915e-21, nan 
110.625, 65.375, 7.156106729163212e-21, nan 
110.875, 65.375, 5.3721676956592035e-21, nan 
111.125, 65.375, 5.9687374203066046e-21, nan 
111.375, 65.375, 1.0369106389457547e-20, nan 
111.625, 65.375, 6.251773506147781e-21, nan 
111.875, 65.375, 4.561643190696597e-21, nan 
112.125, 65.375, 2.5464749285205157e-21, nan 
112.375, 65.375, 4.4695585152795225e-21, nan 
112.625, 65.375, 7.731555805697522e-21, nan 
112.875, 65.375, 1.273472965780137e-20, nan 
113.125, 65.375, 9.174188126166625e-21, nan 
113.375, 65.375, 4.1882800261154675e-21, nan 
113.625, 65.375, 2.562032598875293e-21, nan 
113.875, 65.375, 5.973291710836579e-21, nan 
114.125, 65.375, 6.340315626058209e-21, nan 
114.375, 65.375, 6.220537841385962e-21, nan 
114.625, 65.375, 7.659727346500133e-21, nan 
114.875, 65.375, 8.43779884550154e-21, nan 
115.125, 65.375, 1.0467449538168537e-20, nan 
115.375, 65.375, 7.818962823030272e-21, nan 
115.625, 65.375, 6.853068857795266e-21, nan 
115.875, 65.375, 6.4252387185785845e-21, nan 
116.125, 65.375, 4.401378231651464e-21, nan 
116.375, 65.375, 5.153061661353609e-21, nan 
116.625, 65.375, 6.734716118786816e-21, nan 
116.875, 65.375, 6.829085524518734e-21, nan 
117.125, 65.375, 6.780247542461743e-21, nan 
117.375, 65.375, 6.1483407835664075e-21, nan 
117.625, 65.375, 1.091432107449271e-20, nan 
117.875, 65.375, 1.5114530096316608e-20, nan 
118.125, 65.375, 6.2137212997791575e-21, nan 
118.375, 65.375, 7.586101137611975e-21, nan 
118.625, 65.375, 8.42652403498952e-21, nan 
118.875, 65.375, 2.041358346851722e-21, nan 
119.125, 65.375, 1.789312170637828e-21, nan 
119.375, 65.375, 9.025728162682315e-22, nan 
119.625, 65.375, 1.3672486450869274e-21, nan 
119.875, 65.375, 1.5430356423517704e-21, nan 
120.125, 65.375, 2.4015763591261562e-21, nan 
120.375, 65.375, 3.5576669276048815e-21, nan 
120.625, 65.375, 3.105561949560715e-21, nan 
120.875, 65.375, 3.648833090914899e-21, nan 
121.125, 65.375, 3.488291394067052e-21, nan 
121.375, 65.375, 1.8173818453374424e-21, nan 
121.625, 65.375, 1.913196440123846e-21, nan 
121.875, 65.375, 1.7535589033057074e-21, nan 
122.125, 65.375, 1.1097266826447145e-21, nan 
122.375, 65.375, 2.3773259360840456e-21, nan 
122.625, 65.375, 4.2445666208081784e-21, nan 
122.875, 65.375, 3.3840462606972338e-21, nan 
123.125, 65.375, 3.2910260243349986e-21, nan 
123.375, 65.375, 3.517520014688404e-21, nan 
123.625, 65.375, 2.2819916898583015e-21, nan 
123.875, 65.375, 1.4319487731968056e-21, nan 
124.125, 65.375, 1.198294507269749e-21, nan 
124.375, 65.375, 1.4852534464691569e-21, nan 
124.625, 65.375, 1.2381600396302822e-21, nan 
124.875, 65.375, 8.037507689900458e-22, nan 
125.125, 65.375, 5.000895133395205e-22, nan 
125.375, 65.375, 9.542737778990235e-22, nan 
125.625, 65.375, 8.162058500557375e-22, nan 
125.875, 65.375, 9.194264856096877e-22, nan 
126.125, 65.375, 4.765483588300114e-22, nan 
126.375, 65.375, 1.726757001392667e-21, nan 
126.625, 65.375, 2.0227907579172615e-21, nan 
126.875, 65.375, 3.1652933419429637e-21, nan 
127.125, 65.375, 3.6855025771772724e-21, nan 
127.375, 65.375, 5.280172373618399e-21, nan 
127.625, 65.375, 7.304054623932334e-21, nan 
127.875, 65.375, 6.013277691035415e-21, nan 
128.125, 65.375, 1.3786040794469278e-20, nan 
128.375, 65.375, 1.2809293988887307e-20, nan 
128.625, 65.375, 7.457730645724129e-21, nan 
128.875, 65.375, 9.013252310014656e-21, nan 
129.125, 65.375, 4.731094280956758e-21, nan 
129.375, 65.375, 1.68442023837615e-21, nan 
129.625, 65.375, 3.5714532451940524e-21, nan 
129.875, 65.375, 1.282048883914336e-21, nan 
130.125, 65.375, 8.021157870829798e-22, nan 
130.375, 65.375, 7.495328202668994e-22, nan 
130.625, 65.375, 4.661517703594914e-22, nan 
130.875, 65.375, 3.7585886120295937e-22, nan 
131.125, 65.375, 6.139124209246513e-22, nan 
131.375, 65.375, 4.1115281400785523e-22, nan 
131.625, 65.375, 2.28925601263459e-22, nan 
131.875, 65.375, 4.331883995609769e-22, nan 
132.125, 65.375, 6.78443877240381e-22, nan 
132.375, 65.375, 5.145088224208079e-22, nan 
132.625, 65.375, 2.625431678940551e-22, nan 
132.875, 65.375, 3.3802479610160086e-22, nan 
133.125, 65.375, 3.259626406324162e-22, nan 
133.375, 65.375, 3.545853049190649e-22, nan 
133.625, 65.375, 3.3787379924955575e-22, nan 
133.875, 65.375, 2.9267587134741405e-22, nan 
134.125, 65.375, 2.327637535636443e-22, nan 
134.375, 65.375, 1.2929590830268653e-22, nan 
134.625, 65.375, 1.647518835179504e-22, nan 
134.875, 65.375, 5.540947483688426e-23, nan 
135.125, 65.375, 1.6905029013025637e-22, nan 
135.375, 65.375, 5.649333173049875e-23, nan 
135.625, 65.375, 5.823496909629691e-23, nan 
135.875, 65.375, 1.0411659093084632e-22, nan 
136.125, 65.375, 9.492698004120617e-23, nan 
136.375, 65.375, 1.3436228636573132e-22, nan 
136.625, 65.375, 1.0238148197141736e-22, nan 
136.875, 65.375, 1.0435365094887711e-22, nan 
137.125, 65.375, 1.2674775374100823e-22, nan 
137.375, 65.375, 1.4263683831340978e-22, nan 
137.625, 65.375, 1.524139529825541e-22, nan 
137.875, 65.375, 9.493318320554721e-23, nan 
138.125, 65.375, 1.5173063667321494e-22, nan 
138.375, 65.375, 2.2771532077580717e-22, nan 
138.625, 65.375, 3.533818417680337e-22, nan 
138.875, 65.375, 3.913615329731324e-22, nan 
139.125, 65.375, 3.6377518391935597e-22, nan 
139.375, 65.375, 2.286825011898728e-22, nan 
139.625, 65.375, 6.898343998801382e-23, nan 
139.875, 65.375, 1.0059651174722282e-22, nan 
140.125, 65.375, 7.986935093173508e-23, nan 
140.375, 65.375, 7.730471251285787e-23, nan 
140.625, 65.375, 9.630020265335911e-23, nan 
140.875, 65.375, 7.439939900647227e-23, nan 
141.125, 65.375, 1.6471048172673551e-22, nan 
141.375, 65.375, 7.25765390220462e-23, nan 
141.625, 65.375, 6.231500393502158e-23, nan 
141.875, 65.375, 8.937907150972257e-23, nan 
142.125, 65.375, 6.303159871825863e-23, nan 
142.375, 65.375, 1.179483798754466e-22, nan 
142.625, 65.375, 1.2519155108943059e-22, nan 
142.875, 65.375, 9.692972050651455e-23, nan 
143.125, 65.375, 2.137892961597125e-22, nan 
143.375, 65.375, 1.9320867166914058e-22, nan 
143.625, 65.375, 1.0354162741243726e-22, nan 
143.875, 65.375, 5.046732408425072e-23, nan 
144.125, 65.375, 5.1590446542328953e-23, nan 
144.375, 65.375, 4.893190135669307e-23, nan 
144.625, 65.375, 3.209366414138118e-23, nan 
144.875, 65.375, 4.1969788281190815e-23, nan 
145.125, 65.375, 6.036770853673204e-23, nan 
145.375, 65.375, 5.41617956198041e-23, nan 
145.625, 65.375, 4.991091736112156e-23, nan 
145.875, 65.375, 5.763847391640923e-23, nan 
146.125, 65.375, 4.807045724348823e-23, nan 
146.375, 65.375, 4.013631968725364e-23, nan 
146.625, 65.375, 4.2284825893588795e-23, nan 
146.875, 65.375, 3.034208007573756e-23, nan 
147.125, 65.375, 2.01071509503685e-23, nan 
147.375, 65.375, 7.536497458337601e-23, nan 
147.625, 65.375, 6.265121537541901e-23, nan 
147.875, 65.375, 3.636321178155089e-23, nan 
148.125, 65.375, 8.247231196079725e-23, nan 
148.375, 65.375, 7.652915860900543e-23, nan 
148.625, 65.375, 7.649998339307102e-23, nan 
148.875, 65.375, 8.519135207144408e-23, nan 
149.125, 65.375, 4.5461183537475196e-23, nan 
149.375, 65.375, 4.445358982267872e-23, nan 
149.625, 65.375, 5.542513069774123e-23, nan 
149.875, 65.375, 1.9881826350618943e-23, nan 
150.125, 65.375, 2.0539509581099673e-23, nan 
150.375, 65.375, 1.2501983769948729e-23, nan 
150.625, 65.375, 1.6449100474531662e-23, nan 
150.875, 65.375, 1.4354598976183132e-23, nan 
151.125, 65.375, 1.619042151349062e-23, nan 
151.375, 65.375, 5.2749972638466864e-23, nan 
151.625, 65.375, 8.120912675941938e-23, nan 
151.875, 65.375, 9.020338378306073e-23, nan 
152.125, 65.375, 8.242429302438185e-23, nan 
152.375, 65.375, 9.462761842941676e-23, nan 
152.625, 65.375, 1.0921562446234618e-22, nan 
152.875, 65.375, 7.943394165165565e-23, nan 
153.125, 65.375, 5.2431629162439737e-23, nan 
153.375, 65.375, 5.725198891023664e-23, nan 
153.625, 65.375, 2.2795658180635903e-23, nan 
153.875, 65.375, 2.5916487039971337e-23, nan 
154.125, 65.375, 3.1622749065193846e-23, nan 
154.375, 65.375, 4.237515492081776e-23, nan 
154.625, 65.375, 5.1853307488929505e-23, nan 
154.875, 65.375, 4.793182983557764e-23, nan 
155.125, 65.375, 4.7703389345403534e-23, nan 
155.375, 65.375, 4.677910847766703e-23, nan 
155.625, 65.375, 4.8899137715329684e-23, nan 
155.875, 65.375, 5.287741872454718e-23, nan 
156.125, 65.375, 3.0723552539936203e-23, nan 
156.375, 65.375, 1.350550639767715e-23, nan 
156.625, 65.375, 2.458711952400111e-23, nan 
156.875, 65.375, 2.1661390582287353e-23, nan 
157.125, 65.375, 2.454099103939893e-23, nan 
157.375, 65.375, 3.155990458306839e-23, nan 
157.625, 65.375, 1.971752739605554e-23, nan 
157.875, 65.375, 2.1727470844007257e-23, nan 
158.125, 65.375, 3.6268988952823083e-23, nan 
158.375, 65.375, 3.492103019685425e-23, nan 
158.625, 65.375, 1.741210933028298e-23, nan 
158.875, 65.375, 3.1806857777496855e-23, nan 
159.125, 65.375, 2.306458967089298e-23, nan 
159.375, 65.375, 1.6322423761427564e-23, nan 
159.625, 65.375, 2.671862207339124e-23, nan 
159.875, 65.375, 2.5002096554272932e-23, nan 
160.125, 65.375, 1.6417205069796248e-23, nan 
160.375, 65.375, 1.4964888550732604e-23, nan 
160.625, 65.375, 9.689785828115153e-24, nan 
160.875, 65.375, 8.226505899085649e-24, nan 
161.125, 65.375, 5.631536804458698e-24, nan 
161.375, 65.375, 4.573879647761921e-24, nan 
161.625, 65.375, 5.6039686707549465e-24, nan 
161.875, 65.375, 6.279971953527218e-24, nan 
162.125, 65.375, 7.689964041377302e-24, nan 
162.375, 65.375, 6.719151162431226e-24, nan 
162.625, 65.375, 9.956019768757729e-24, nan 
162.875, 65.375, 5.558827775087533e-24, nan 
163.125, 65.375, 4.217700919166366e-24, nan 
163.375, 65.375, 4.221446778277361e-24, nan 
163.625, 65.375, 5.349196978286707e-24, nan 
163.875, 65.375, 2.6568279382818693e-24, nan 
164.125, 65.375, 5.453850066403411e-24, nan 
164.375, 65.375, 7.811827223780724e-24, nan 
164.625, 65.375, 1.2310278698649114e-23, nan 
164.875, 65.375, 1.425822424016201e-23, nan 
165.125, 65.375, 9.155863022404648e-24, nan 
165.375, 65.375, 1.445737994004779e-23, nan 
165.625, 65.375, 2.0014395532859394e-23, nan 
165.875, 65.375, 1.1162060833815905e-23, nan 
166.125, 65.375, 1.1717979947982018e-23, nan 
166.375, 65.375, 1.5525297701326322e-23, nan 
166.625, 65.375, 6.281389628759875e-24, nan 
166.875, 65.375, 1.902915226646642e-23, nan 
167.125, 65.375, 2.968601373531504e-23, nan 
167.375, 65.375, 9.702218826108058e-24, nan 
167.625, 65.375, 1.0555559715809811e-23, nan 
167.875, 65.375, 1.6951273285380143e-23, nan 
168.125, 65.375, 6.872832378410746e-24, nan 
168.375, 65.375, 3.708667391016913e-24, nan 
168.625, 65.375, 6.679847094546552e-24, nan 
168.875, 65.375, 6.157564710765922e-24, nan 
169.125, 65.375, 7.333388565801811e-24, nan 
169.375, 65.375, 8.742070123486813e-24, nan 
169.625, 65.375, 7.998908977398725e-24, nan 
169.875, 65.375, 7.436851672990906e-24, nan 
170.125, 65.375, 8.254721866062338e-24, nan 
170.375, 65.375, 4.296336941602662e-24, nan 
170.625, 65.375, 4.047441876854151e-24, nan 
170.875, 65.375, 5.9429854489136806e-24, nan 
171.125, 65.375, 5.215508519397412e-24, nan 
171.375, 65.375, 8.995948251021757e-24, nan 
171.625, 65.375, 9.328221644287503e-24, nan 
171.875, 65.375, 9.166748778914407e-24, nan 
172.125, 65.375, 9.151439855196292e-24, nan 
172.375, 65.375, 8.804041032412213e-24, nan 
172.625, 65.375, 1.1448036921893178e-23, nan 
172.875, 65.375, 8.321977309435982e-24, nan 
173.125, 65.375, 1.4336041773891868e-23, nan 
173.375, 65.375, 1.269267092981383e-23, nan 
173.625, 65.375, 8.385501051059314e-24, nan 
173.875, 65.375, 9.024094629680136e-24, nan 
174.125, 65.375, 8.754340182098235e-24, nan 
174.375, 65.375, 1.1847318631087663e-23, nan 
174.625, 65.375, 1.1165404247607874e-23, nan 
174.875, 65.375, 1.1229475157144941e-23, nan 
175.125, 65.375, 1.4469487535046992e-23, nan 
175.375, 65.375, 5.275551184708996e-24, nan 
175.625, 65.375, 9.798241717396166e-24, nan 
175.875, 65.375, 1.473314834978882e-23, nan 
176.125, 65.375, 1.1723238976480858e-23, nan 
176.375, 65.375, 3.051966829263249e-23, nan 
176.625, 65.375, 1.9046605923344635e-23, nan 
176.875, 65.375, 1.1220895094679547e-22, nan 
177.125, 65.375, 1.7316848775024266e-22, nan 
177.375, 65.375, 1.9518171163641148e-22, nan 
177.625, 65.375, 1.8050484857691302e-22, nan 
177.875, 65.375, 2.5896994221733445e-22, nan 
178.125, 65.375, 1.8666292485134898e-22, nan 
178.375, 65.375, 1.5747539480888407e-22, nan 
178.625, 65.375, 1.671455894595703e-22, nan 
178.875, 65.375, 1.061967816219964e-22, nan 
179.125, 65.375, 8.689582750144297e-23, nan 
179.375, 65.375, 2.091061752385511e-23, nan 
179.625, 65.375, 2.673357831813081e-23, nan 
179.875, 65.375, 4.850887717043917e-24, nan 
-179.875, 65.625, 5.806667393140444e-24, nan 
-179.625, 65.625, 6.885002149563358e-24, nan 
-179.375, 65.625, 1.0947026936014982e-23, nan 
-179.125, 65.625, 1.255349035772204e-23, nan 
32.875, 65.625, 3.9228023495758106e-24, nan 
33.125, 65.625, 6.0869718129252774e-24, nan 
33.375, 65.625, 5.3317482764833564e-24, nan 
33.625, 65.625, 2.2102435297003106e-24, nan 
33.875, 65.625, 1.505057878356257e-24, nan 
34.125, 65.625, 2.638222300167974e-24, nan 
34.375, 65.625, 2.758690717251064e-24, nan 
34.625, 65.625, 1.4109059147512403e-24, nan 
34.875, 65.625, 1.9836926726370802e-24, nan 
35.125, 65.625, 1.6568130102391878e-24, nan 
35.375, 65.625, 1.166698739944989e-24, nan 
35.625, 65.625, 2.4078414030100185e-24, nan 
35.875, 65.625, 6.9902870021264135e-25, nan 
36.125, 65.625, 1.3802246430073875e-24, nan 
36.375, 65.625, 2.444393431780356e-24, nan 
36.625, 65.625, 3.0911268351395805e-24, nan 
36.875, 65.625, 3.9856424123069724e-24, nan 
37.125, 65.625, 3.843053704772152e-24, nan 
37.375, 65.625, 4.221575011284809e-24, nan 
37.625, 65.625, 5.177125621663593e-24, nan 
37.875, 65.625, 5.93751586032896e-24, nan 
38.125, 65.625, 5.161981863348517e-24, nan 
38.375, 65.625, 2.780210825235229e-24, nan 
38.625, 65.625, 1.9975540520118875e-24, nan 
38.875, 65.625, 3.918117574390039e-24, nan 
39.125, 65.625, 5.060144562265387e-24, nan 
39.375, 65.625, 9.203618419192756e-24, nan 
39.625, 65.625, 1.1069490515016917e-23, nan 
39.875, 65.625, 6.869978608997862e-24, nan 
40.125, 65.625, 1.146106887729824e-23, nan 
40.375, 65.625, 8.058056052638547e-24, nan 
40.625, 65.625, 7.276380542724574e-24, nan 
40.875, 65.625, 3.2560741434691423e-24, nan 
41.125, 65.625, 3.804482527742079e-24, nan 
41.375, 65.625, 3.732299241037683e-24, nan 
41.625, 65.625, 5.859083150300956e-24, nan 
41.875, 65.625, 2.9071365129780606e-24, nan 
42.125, 65.625, 3.536947946906608e-24, nan 
42.375, 65.625, 4.730871436441053e-24, nan 
42.625, 65.625, 2.4172066808027363e-24, nan 
42.875, 65.625, 3.0943880291993614e-24, nan 
43.125, 65.625, 3.6837893610401896e-24, nan 
43.375, 65.625, 3.564173658024148e-24, nan 
43.625, 65.625, 3.553784562789321e-24, nan 
43.875, 65.625, 3.4131514254506655e-24, nan 
44.125, 65.625, 2.9474232130570552e-24, nan 
44.375, 65.625, 2.6661118053485678e-24, nan 
44.625, 65.625, 5.075351504401345e-24, nan 
44.875, 65.625, 1.799710355883231e-24, nan 
45.125, 65.625, 2.1796314602056533e-24, nan 
45.375, 65.625, 5.763086246702879e-24, nan 
45.625, 65.625, 2.10254305487862e-24, nan 
45.875, 65.625, 2.2688057515937055e-24, nan 
46.125, 65.625, 4.68992731206834e-24, nan 
46.375, 65.625, 4.4395967281917376e-24, nan 
46.625, 65.625, 3.1725820577805978e-24, nan 
46.875, 65.625, 4.468581077467123e-24, nan 
47.125, 65.625, 4.76221962709268e-24, nan 
47.375, 65.625, 5.190431623371002e-24, nan 
47.625, 65.625, 8.461669869559123e-24, nan 
47.875, 65.625, 6.914556715285487e-24, nan 
48.125, 65.625, 7.529266031864066e-24, nan 
48.375, 65.625, 8.108252361250282e-24, nan 
48.625, 65.625, 9.299190646991258e-24, nan 
48.875, 65.625, 7.543567467330736e-24, nan 
49.125, 65.625, 8.581205434755071e-24, nan 
49.375, 65.625, 1.0302648590934438e-23, nan 
49.625, 65.625, 4.577147268049749e-24, nan 
49.875, 65.625, 9.326919238058952e-24, nan 
50.125, 65.625, 1.0485245017955186e-23, nan 
50.375, 65.625, 6.534813148148676e-24, nan 
50.625, 65.625, 8.306081503964891e-24, nan 
50.875, 65.625, 5.520809218678817e-24, nan 
51.125, 65.625, 4.6621444825652546e-24, nan 
51.375, 65.625, 4.2753552793930626e-24, nan 
51.625, 65.625, 3.9589912785193236e-24, nan 
51.875, 65.625, 3.9378199187191445e-24, nan 
52.125, 65.625, 8.101488476679187e-24, nan 
52.375, 65.625, 1.3211358006960134e-23, nan 
52.625, 65.625, 1.4051411351348517e-23, nan 
52.875, 65.625, 1.7785628915706696e-23, nan 
53.125, 65.625, 1.9188223557189863e-23, nan 
53.375, 65.625, 1.7524842676804482e-23, nan 
53.625, 65.625, 1.6422344154343915e-23, nan 
53.875, 65.625, 1.229536982903e-23, nan 
54.125, 65.625, 1.1495478650156736e-23, nan 
54.375, 65.625, 1.0415360693554428e-23, nan 
54.625, 65.625, 1.2284918181716955e-23, nan 
54.875, 65.625, 1.8424880646165837e-23, nan 
55.125, 65.625, 1.5801191911368274e-23, nan 
55.375, 65.625, 1.1347673203694773e-23, nan 
55.625, 65.625, 6.272101039050444e-24, nan 
55.875, 65.625, 4.9900834614508645e-24, nan 
56.125, 65.625, 4.69570408726805e-24, nan 
56.375, 65.625, 7.50494522724846e-24, nan 
56.625, 65.625, 9.846514685540081e-24, nan 
56.875, 65.625, 1.2087489971013344e-23, nan 
57.125, 65.625, 1.5125804364138875e-23, nan 
57.375, 65.625, 2.027740386547636e-23, nan 
57.625, 65.625, 2.573457436396458e-23, nan 
57.875, 65.625, 1.1528787580446164e-23, nan 
58.125, 65.625, 1.9302675440066444e-23, nan 
58.375, 65.625, 2.841321374447249e-23, nan 
58.625, 65.625, 9.87687139198732e-24, nan 
58.875, 65.625, 7.649021734948576e-24, nan 
59.125, 65.625, 1.1298528739807013e-23, nan 
59.375, 65.625, 1.9835485505787947e-23, nan 
59.625, 65.625, 2.0123802967366874e-23, nan 
59.875, 65.625, 1.995073691278868e-23, nan 
60.125, 65.625, 2.4619301736443302e-23, nan 
60.375, 65.625, 1.8892674015503894e-23, nan 
60.625, 65.625, 2.7102651765763174e-24, nan 
60.875, 65.625, 6.5520046975250515e-24, nan 
61.125, 65.625, 1.3724315059799244e-23, nan 
61.375, 65.625, 9.681506667465002e-24, nan 
61.625, 65.625, 1.082225486624478e-23, nan 
61.875, 65.625, 9.571474920773726e-24, nan 
62.125, 65.625, 1.5829849656190005e-23, nan 
62.375, 65.625, 1.5858024484415276e-23, nan 
62.625, 65.625, 1.4705593466285935e-23, nan 
62.875, 65.625, 3.3498944904531695e-23, nan 
63.125, 65.625, 4.9796808757813884e-23, nan 
63.375, 65.625, 5.98368665609959e-23, nan 
63.625, 65.625, 6.581650764598743e-23, nan 
63.875, 65.625, 7.756664239168646e-23, nan 
64.125, 65.625, 9.403439543266962e-23, nan 
64.375, 65.625, 1.0588731229845114e-22, nan 
64.625, 65.625, 9.637192286420457e-23, nan 
64.875, 65.625, 7.45101385710486e-23, nan 
65.125, 65.625, 8.158813914873236e-23, nan 
65.375, 65.625, 7.276639769645257e-23, nan 
65.625, 65.625, 3.478583089048698e-23, nan 
65.875, 65.625, 3.6148515522706827e-23, nan 
66.125, 65.625, 7.527226992181699e-23, nan 
66.375, 65.625, 7.526732534648883e-23, nan 
66.625, 65.625, 8.099134413685376e-23, nan 
66.875, 65.625, 1.477509155273197e-22, nan 
67.125, 65.625, 6.542059513422329e-23, nan 
67.375, 65.625, 4.5677859268835584e-23, nan 
67.625, 65.625, 7.391624713339903e-23, nan 
67.875, 65.625, 4.38139055307907e-23, nan 
68.125, 65.625, 9.188838832294089e-23, nan 
68.375, 65.625, 7.454954381791424e-23, nan 
68.625, 65.625, 6.199975929338369e-23, nan 
68.875, 65.625, 5.790962357531271e-23, nan 
69.125, 65.625, 6.779992254443439e-23, nan 
69.375, 65.625, 4.664271985682588e-23, nan 
69.625, 65.625, 3.708584077521227e-23, nan 
69.875, 65.625, 5.917886547457697e-23, nan 
70.125, 65.625, 6.547145865454077e-23, nan 
70.375, 65.625, 8.186668089621122e-23, nan 
70.625, 65.625, 1.139690329014383e-22, nan 
70.875, 65.625, 8.207791261645065e-23, nan 
71.125, 65.625, 9.856162194283245e-23, nan 
71.375, 65.625, 9.133553979268182e-23, nan 
71.625, 65.625, 1.0673046313128265e-22, nan 
71.875, 65.625, 1.5484868209354902e-22, nan 
72.125, 65.625, 1.809853024766619e-22, nan 
72.375, 65.625, 1.5818580315504585e-22, nan 
72.625, 65.625, 1.8107457443840593e-22, nan 
72.875, 65.625, 7.984326603602956e-23, nan 
73.125, 65.625, 8.540378799563921e-23, nan 
73.375, 65.625, 1.5408570099879674e-22, nan 
73.625, 65.625, 8.209191108591627e-23, nan 
73.875, 65.625, 1.214130641735636e-22, nan 
74.125, 65.625, 1.6533005687479328e-22, nan 
74.375, 65.625, 6.92575833055255e-23, nan 
74.625, 65.625, 1.218621517332529e-22, nan 
74.875, 65.625, 1.1969561913114587e-22, nan 
75.125, 65.625, 1.3408987509306136e-22, nan 
75.375, 65.625, 1.7779273960461423e-22, nan 
75.625, 65.625, 6.677808417752186e-23, nan 
75.875, 65.625, 1.9406654701045864e-22, nan 
76.125, 65.625, 2.562323330134509e-22, nan 
76.375, 65.625, 3.0414178099817935e-22, nan 
76.625, 65.625, 3.78417321361616e-22, nan 
76.875, 65.625, 3.767556649549409e-22, nan 
77.125, 65.625, 4.754103385474952e-22, nan 
77.375, 65.625, 6.549985269238088e-22, nan 
77.625, 65.625, 4.548886494700785e-22, nan 
77.875, 65.625, 2.87966081998073e-22, nan 
78.125, 65.625, 3.8446645152016894e-22, nan 
78.375, 65.625, 3.897209554355983e-22, nan 
78.625, 65.625, 2.4402957448734533e-22, nan 
78.875, 65.625, 1.499628739717186e-22, nan 
79.125, 65.625, 1.4817992092520505e-22, nan 
79.375, 65.625, 1.4041648241192691e-22, nan 
79.625, 65.625, 2.0615802215886562e-22, nan 
79.875, 65.625, 2.9442437830717663e-22, nan 
80.125, 65.625, 1.600590726202646e-22, nan 
80.375, 65.625, 1.8432988532324021e-22, nan 
80.625, 65.625, 4.450859232092302e-23, nan 
80.875, 65.625, 1.336149636498674e-22, nan 
81.125, 65.625, 5.659215412560619e-22, nan 
81.375, 65.625, 4.992870157552184e-22, nan 
81.625, 65.625, 4.395946656800017e-22, nan 
81.875, 65.625, 3.6645288583615705e-22, nan 
82.125, 65.625, 3.175739777052731e-22, nan 
82.375, 65.625, 3.3860056216862437e-22, nan 
82.625, 65.625, 3.0422607172099523e-22, nan 
82.875, 65.625, 3.933251862963684e-22, nan 
83.125, 65.625, 4.618930500150444e-22, nan 
83.375, 65.625, 4.223504400797085e-22, nan 
83.625, 65.625, 3.2201776302455816e-22, nan 
83.875, 65.625, 4.286352102704217e-22, nan 
84.125, 65.625, 3.9109714296956296e-22, nan 
84.375, 65.625, 3.547441789354441e-22, nan 
84.625, 65.625, 1.776646753774479e-22, nan 
84.875, 65.625, 2.9799426486375434e-22, nan 
85.125, 65.625, 7.72781612532396e-22, nan 
85.375, 65.625, 4.764683714974577e-22, nan 
85.625, 65.625, 4.786405353996066e-22, nan 
85.875, 65.625, 1.0315380979285556e-21, nan 
86.125, 65.625, 5.870273875205564e-22, nan 
86.375, 65.625, 1.1841314456996833e-21, nan 
86.625, 65.625, 1.1825920663009717e-21, nan 
86.875, 65.625, 1.1636969921046837e-21, nan 
87.125, 65.625, 1.9726981428345195e-21, nan 
87.375, 65.625, 1.523186346065698e-21, nan 
87.625, 65.625, 7.1094881942635525e-22, nan 
87.875, 65.625, 1.0210610427155215e-21, nan 
88.125, 65.625, 2.4529924900318307e-21, nan 
88.375, 65.625, 2.4340293740370757e-21, nan 
88.625, 65.625, 1.2349323281247735e-21, nan 
88.875, 65.625, 2.9088598531966247e-21, nan 
89.125, 65.625, 2.521601065229984e-21, nan 
89.375, 65.625, 8.38102958434963e-22, nan 
89.625, 65.625, 1.0021467583278528e-21, nan 
89.875, 65.625, 4.836065442295365e-22, nan 
90.125, 65.625, 4.867421784954643e-22, nan 
90.375, 65.625, 1.348225124671886e-21, nan 
90.625, 65.625, 2.070663990807524e-21, nan 
90.875, 65.625, 1.86529988998331e-21, nan 
91.125, 65.625, 3.809923088388265e-21, nan 
91.375, 65.625, 1.9209080272546004e-21, nan 
91.625, 65.625, 4.9529756662443066e-21, nan 
91.875, 65.625, 5.582343925120324e-21, nan 
92.125, 65.625, 1.19858785314169e-21, nan 
92.375, 65.625, 5.410584196353204e-21, nan 
92.625, 65.625, 5.652325702880827e-21, nan 
92.875, 65.625, 3.940525352776935e-21, nan 
93.125, 65.625, 4.134718516223472e-21, nan 
93.375, 65.625, 5.621595471118974e-21, nan 
93.625, 65.625, 2.918638983912158e-21, nan 
93.875, 65.625, 1.847920889018337e-21, nan 
94.125, 65.625, 3.763212252821244e-21, nan 
94.375, 65.625, 3.0524095446032682e-21, nan 
94.625, 65.625, 3.765922130456156e-21, nan 
94.875, 65.625, 2.9996998230826537e-21, nan 
95.125, 65.625, 4.786487431211951e-21, nan 
95.375, 65.625, 8.5620915385952e-21, nan 
95.625, 65.625, 8.86183955373341e-21, nan 
95.875, 65.625, 1.2641236955111687e-20, nan 
96.125, 65.625, 9.256297524018637e-21, nan 
96.375, 65.625, 4.3646234245522355e-21, nan 
96.625, 65.625, 4.162011180639855e-21, nan 
96.875, 65.625, 5.7942793044569726e-21, nan 
97.125, 65.625, 6.305442038715791e-21, nan 
97.375, 65.625, 1.1412070463374609e-20, nan 
97.625, 65.625, 1.1836167793337377e-20, nan 
97.875, 65.625, 2.2145018193105517e-21, nan 
98.125, 65.625, 2.6618586361998656e-20, nan 
98.375, 65.625, 2.5968699144126864e-20, nan 
98.625, 65.625, 7.210448728100666e-21, nan 
98.875, 65.625, 1.5161603381590937e-20, nan 
99.125, 65.625, 1.5859784094995315e-20, nan 
99.375, 65.625, 6.554474706948102e-21, nan 
99.625, 65.625, 7.14431605194769e-21, nan 
99.875, 65.625, 1.1939395083321228e-20, nan 
100.125, 65.625, 5.898607080095058e-21, nan 
100.375, 65.625, 1.1253863346185642e-20, nan 
100.625, 65.625, 2.873133871598288e-21, nan 
100.875, 65.625, 2.469991935761476e-20, nan 
101.125, 65.625, 2.2241478703355527e-20, nan 
101.375, 65.625, 1.6137510248120457e-20, nan 
101.625, 65.625, 1.8175890979674305e-20, nan 
101.875, 65.625, 1.5733573179957607e-20, nan 
102.125, 65.625, 1.2729488437141043e-20, nan 
102.375, 65.625, 1.3881590661075698e-20, nan 
102.625, 65.625, 1.4774365329871836e-20, nan 
102.875, 65.625, 1.2902197278730838e-20, nan 
103.125, 65.625, 6.095110096148403e-21, nan 
103.375, 65.625, 8.490037677877132e-21, nan 
103.625, 65.625, 1.0169057901751354e-20, nan 
103.875, 65.625, 1.3567422029925627e-20, nan 
104.125, 65.625, 9.592901391880647e-21, nan 
104.375, 65.625, 1.7001097701777872e-20, nan 
104.625, 65.625, 2.848870072459273e-20, nan 
104.875, 65.625, 3.134914735998787e-20, nan 
105.125, 65.625, 1.5725418323168947e-20, nan 
105.375, 65.625, 6.394625622219881e-21, nan 
105.625, 65.625, 7.71681176988418e-21, nan 
105.875, 65.625, 1.275663946878382e-20, nan 
106.125, 65.625, 1.599648844386534e-20, nan 
106.375, 65.625, 1.0689218875606873e-20, nan 
106.625, 65.625, 9.125468096480008e-21, nan 
106.875, 65.625, 1.1233510767484984e-20, nan 
107.125, 65.625, 6.64600244550126e-21, nan 
107.375, 65.625, 7.541682327697236e-21, nan 
107.625, 65.625, 1.344157885212154e-20, nan 
107.875, 65.625, 2.0807299166926556e-20, nan 
108.125, 65.625, 1.7202810051291537e-20, nan 
108.375, 65.625, 1.8727078490192586e-20, nan 
108.625, 65.625, 2.0373658265848173e-20, nan 
108.875, 65.625, 1.9740495110843864e-20, nan 
109.125, 65.625, 1.6096168497893304e-20, nan 
109.375, 65.625, 1.3268813252662711e-20, nan 
109.625, 65.625, 1.4158331244562625e-20, nan 
109.875, 65.625, 1.2317657697133319e-20, nan 
110.125, 65.625, 7.75299830980517e-21, nan 
110.375, 65.625, 9.33580501400875e-21, nan 
110.625, 65.625, 1.3047238319846444e-20, nan 
110.875, 65.625, 1.37598808715559e-20, nan 
111.125, 65.625, 8.339903365486373e-21, nan 
111.375, 65.625, 1.356633356945634e-20, nan 
111.625, 65.625, 5.7887510460341286e-21, nan 
111.875, 65.625, 5.4575991762759855e-21, nan 
112.125, 65.625, 7.401346796232148e-21, nan 
112.375, 65.625, 6.894973909832702e-21, nan 
112.625, 65.625, 5.487576581145984e-21, nan 
112.875, 65.625, 5.9139411064916495e-21, nan 
113.125, 65.625, 1.0246919962396573e-20, nan 
113.375, 65.625, 7.540696727781277e-21, nan 
113.625, 65.625, 7.059527212416539e-21, nan 
113.875, 65.625, 7.294149197725304e-21, nan 
114.125, 65.625, 8.195285778341637e-21, nan 
114.375, 65.625, 1.070761953509525e-20, nan 
114.625, 65.625, 1.1099339047103061e-20, nan 
114.875, 65.625, 9.183157079981196e-21, nan 
115.125, 65.625, 1.3072544397338892e-20, nan 
115.375, 65.625, 1.0713646625121508e-20, nan 
115.625, 65.625, 4.713741046117198e-21, nan 
115.875, 65.625, 5.231014865951938e-21, nan 
116.125, 65.625, 7.002804219221776e-21, nan 
116.375, 65.625, 9.161202242906591e-21, nan 
116.625, 65.625, 8.437455491038974e-21, nan 
116.875, 65.625, 9.224473753670014e-21, nan 
117.125, 65.625, 1.2047195734906526e-20, nan 
117.375, 65.625, 1.5211884283459268e-20, nan 
117.625, 65.625, 1.000048687601583e-20, nan 
117.875, 65.625, 1.5359534580736896e-20, nan 
118.125, 65.625, 9.796571014570335e-21, nan 
118.375, 65.625, 5.53509244898812e-21, nan 
118.625, 65.625, 1.2394316691665188e-21, nan 
118.875, 65.625, 1.220657673449092e-21, nan 
119.125, 65.625, 1.2886500152845783e-21, nan 
119.375, 65.625, 2.3060093188364056e-21, nan 
119.625, 65.625, 2.9707085181719613e-21, nan 
119.875, 65.625, 4.096497886119926e-21, nan 
120.125, 65.625, 3.8589786903324334e-21, nan 
120.375, 65.625, 4.168332789312864e-21, nan 
120.625, 65.625, 5.7090618325865946e-21, nan 
120.875, 65.625, 2.48223122654955e-21, nan 
121.125, 65.625, 2.19355951049171e-21, nan 
121.375, 65.625, 4.444049805331955e-21, nan 
121.625, 65.625, 1.797415587936946e-21, nan 
121.875, 65.625, 1.9349407023562243e-21, nan 
122.125, 65.625, 4.1444915202240296e-21, nan 
122.375, 65.625, 3.9921165545025444e-21, nan 
122.625, 65.625, 4.3036441037577074e-21, nan 
122.875, 65.625, 5.1012886959089855e-21, nan 
123.125, 65.625, 2.9331574489356302e-21, nan 
123.375, 65.625, 1.6732549811618236e-21, nan 
123.625, 65.625, 2.2639971338081844e-21, nan 
123.875, 65.625, 2.2820176761960875e-21, nan 
124.125, 65.625, 1.9975593254589172e-21, nan 
124.375, 65.625, 1.4678673940626259e-21, nan 
124.625, 65.625, 1.1399285091640549e-21, nan 
124.875, 65.625, 1.0692993114778308e-21, nan 
125.125, 65.625, 8.355548725024877e-22, nan 
125.375, 65.625, 7.868190503913576e-22, nan 
125.625, 65.625, 1.2081673845152449e-21, nan 
125.875, 65.625, 1.217854048855103e-21, nan 
126.125, 65.625, 1.47890877798321e-21, nan 
126.375, 65.625, 2.066464485170751e-21, nan 
126.625, 65.625, 2.5477892272024095e-21, nan 
126.875, 65.625, 2.8583539012054254e-21, nan 
127.125, 65.625, 4.726930298006694e-21, nan 
127.375, 65.625, 2.6395665095145937e-21, nan 
127.625, 65.625, 2.5703482534157136e-21, nan 
127.875, 65.625, 6.511498901636541e-21, nan 
128.125, 65.625, 8.088598637499038e-21, nan 
128.375, 65.625, 6.352560142010435e-21, nan 
128.625, 65.625, 5.723193288669565e-21, nan 
128.875, 65.625, 3.549079552255683e-21, nan 
129.125, 65.625, 9.628121159524371e-22, nan 
129.375, 65.625, 1.8533154120591677e-21, nan 
129.625, 65.625, 2.6545821025929806e-21, nan 
129.875, 65.625, 1.1922920515677204e-21, nan 
130.125, 65.625, 8.323513149128389e-22, nan 
130.375, 65.625, 1.6408810918639514e-21, nan 
130.625, 65.625, 1.267128315236567e-21, nan 
130.875, 65.625, 8.199048191443745e-22, nan 
131.125, 65.625, 5.194478834317833e-22, nan 
131.375, 65.625, 5.435334288005757e-22, nan 
131.625, 65.625, 7.233218686120057e-22, nan 
131.875, 65.625, 6.772780413129044e-22, nan 
132.125, 65.625, 6.544857583588408e-22, nan 
132.375, 65.625, 7.675571623171159e-22, nan 
132.625, 65.625, 6.130037667631847e-22, nan 
132.875, 65.625, 4.336911488374035e-22, nan 
133.125, 65.625, 4.2083426273272936e-22, nan 
133.375, 65.625, 4.022160370613199e-22, nan 
133.625, 65.625, 2.9777775589136733e-22, nan 
133.875, 65.625, 2.253008563878506e-22, nan 
134.125, 65.625, 2.232907861051464e-22, nan 
134.375, 65.625, 9.698978338522577e-23, nan 
134.625, 65.625, 1.7222746697500507e-22, nan 
134.875, 65.625, 9.818368714778383e-23, nan 
135.125, 65.625, 1.2189958255043952e-22, nan 
135.375, 65.625, 1.3244733784550937e-22, nan 
135.625, 65.625, 1.0523630491417965e-22, nan 
135.875, 65.625, 1.258533449722125e-22, nan 
136.125, 65.625, 1.2584426607753174e-22, nan 
136.375, 65.625, 1.0562622066628425e-22, nan 
136.625, 65.625, 1.3222048611915479e-22, nan 
136.875, 65.625, 9.954268298353582e-23, nan 
137.125, 65.625, 1.4627925624781877e-22, nan 
137.375, 65.625, 2.3271683994570777e-22, nan 
137.625, 65.625, 2.706651543685832e-22, nan 
137.875, 65.625, 4.2167437156634453e-22, nan 
138.125, 65.625, 5.34666296146757e-22, nan 
138.375, 65.625, 4.545684222950613e-22, nan 
138.625, 65.625, 5.268567606522582e-22, nan 
138.875, 65.625, 7.600771039966297e-22, nan 
139.125, 65.625, 6.699314772018454e-22, nan 
139.375, 65.625, 3.8851264488089274e-22, nan 
139.625, 65.625, 3.5132664677827083e-22, nan 
139.875, 65.625, 3.2600867095814867e-22, nan 
140.125, 65.625, 2.1134099654806334e-22, nan 
140.375, 65.625, 6.089040378480498e-23, nan 
140.625, 65.625, 1.0031568429909753e-22, nan 
140.875, 65.625, 7.365676786780225e-23, nan 
141.125, 65.625, 5.11437426736423e-23, nan 
141.375, 65.625, 3.3196664950071484e-23, nan 
141.625, 65.625, 1.499193941133109e-22, nan 
141.875, 65.625, 1.2629075437217688e-22, nan 
142.125, 65.625, 5.60119622870098e-23, nan 
142.375, 65.625, 2.3329233559303437e-22, nan 
142.625, 65.625, 2.3082129058561306e-22, nan 
142.875, 65.625, 1.3758905873708436e-22, nan 
143.125, 65.625, 1.6886371961647327e-22, nan 
143.375, 65.625, 2.25327361170937e-22, nan 
143.625, 65.625, 1.3684015021264408e-22, nan 
143.875, 65.625, 9.650525504174053e-23, nan 
144.125, 65.625, 1.3308395129111328e-22, nan 
144.375, 65.625, 1.0276536594283571e-22, nan 
144.625, 65.625, 8.434904401634674e-23, nan 
144.875, 65.625, 7.480386305737126e-23, nan 
145.125, 65.625, 4.0610914308083567e-23, nan 
145.375, 65.625, 6.127092692970837e-23, nan 
145.625, 65.625, 5.555926053444604e-23, nan 
145.875, 65.625, 4.200409764386128e-23, nan 
146.125, 65.625, 4.2201494917580854e-23, nan 
146.375, 65.625, 4.566304861598735e-23, nan 
146.625, 65.625, 5.376015470117816e-23, nan 
146.875, 65.625, 4.6478335583605814e-23, nan 
147.125, 65.625, 3.3528690877528385e-23, nan 
147.375, 65.625, 9.430192456039804e-23, nan 
147.625, 65.625, 7.416614280984274e-23, nan 
147.875, 65.625, 2.2916347401955672e-23, nan 
148.125, 65.625, 9.283471204046581e-23, nan 
148.375, 65.625, 6.534478225389767e-23, nan 
148.625, 65.625, 3.9489677702786123e-23, nan 
148.875, 65.625, 7.805002347246494e-23, nan 
149.125, 65.625, 2.7613807907413804e-23, nan 
149.375, 65.625, 1.309575612223974e-23, nan 
149.625, 65.625, 1.6491816760562246e-23, nan 
149.875, 65.625, 3.409875394447115e-23, nan 
150.125, 65.625, 4.9901541717081657e-23, nan 
150.375, 65.625, 4.826005418450476e-23, nan 
150.625, 65.625, 5.669129288108579e-23, nan 
150.875, 65.625, 7.276804701105883e-23, nan 
151.125, 65.625, 6.328511564870812e-23, nan 
151.375, 65.625, 6.32740647381504e-23, nan 
151.625, 65.625, 9.054297743496502e-23, nan 
151.875, 65.625, 9.32326971846642e-23, nan 
152.125, 65.625, 5.986350032513305e-23, nan 
152.375, 65.625, 4.5596708676701805e-23, nan 
152.625, 65.625, 8.519823161644571e-23, nan 
152.875, 65.625, 1.109185727588282e-22, nan 
153.125, 65.625, 5.376366187659068e-23, nan 
153.375, 65.625, 7.517119632834341e-23, nan 
153.625, 65.625, 7.077707257560823e-23, nan 
153.875, 65.625, 3.174694697767144e-23, nan 
154.125, 65.625, 1.7833858286159633e-23, nan 
154.375, 65.625, 1.6651955710002394e-23, nan 
154.625, 65.625, 1.8637233302983285e-23, nan 
154.875, 65.625, 2.4738171753780462e-23, nan 
155.125, 65.625, 2.903245726285269e-23, nan 
155.375, 65.625, 3.463674249416975e-23, nan 
155.625, 65.625, 3.102233959262888e-23, nan 
155.875, 65.625, 3.074648780769745e-23, nan 
156.125, 65.625, 2.148900659882289e-23, nan 
156.375, 65.625, 1.8897231237927733e-23, nan 
156.625, 65.625, 2.048558672392537e-23, nan 
156.875, 65.625, 2.4666223630199347e-23, nan 
157.125, 65.625, 3.121524897108695e-23, nan 
157.375, 65.625, 2.4876344476450157e-23, nan 
157.625, 65.625, 2.2026575328754563e-23, nan 
157.875, 65.625, 3.209732729046527e-23, nan 
158.125, 65.625, 3.148965959870795e-23, nan 
158.375, 65.625, 1.385111125367374e-23, nan 
158.625, 65.625, 2.2064902561139164e-23, nan 
158.875, 65.625, 2.6436687743210048e-23, nan 
159.125, 65.625, 2.7782166467337677e-23, nan 
159.375, 65.625, 2.7409978198775845e-23, nan 
159.625, 65.625, 2.2924902636634557e-23, nan 
159.875, 65.625, 2.3952960074003922e-23, nan 
160.125, 65.625, 1.9992969720074678e-23, nan 
160.375, 65.625, 1.5254827877342005e-23, nan 
160.625, 65.625, 1.1984509481358496e-23, nan 
160.875, 65.625, 7.594319396255449e-24, nan 
161.125, 65.625, 1.0700498675261849e-23, nan 
161.375, 65.625, 9.442572444984207e-24, nan 
161.625, 65.625, 3.5665014425344785e-24, nan 
161.875, 65.625, 2.589971608458917e-24, nan 
162.125, 65.625, 9.798434564050842e-24, nan 
162.375, 65.625, 7.026387795593462e-24, nan 
162.625, 65.625, 7.984355783667162e-24, nan 
162.875, 65.625, 4.1100818940083505e-24, nan 
163.125, 65.625, 8.695395025323784e-24, nan 
163.375, 65.625, 1.7424636871644855e-23, nan 
163.625, 65.625, 9.360045463729831e-24, nan 
163.875, 65.625, 8.646445222690216e-24, nan 
164.125, 65.625, 2.9751771494735516e-24, nan 
164.375, 65.625, 6.563062174028222e-24, nan 
164.625, 65.625, 1.215794429758266e-23, nan 
164.875, 65.625, 1.0066523757009436e-23, nan 
165.125, 65.625, 1.1909284997873937e-23, nan 
165.375, 65.625, 1.556368864812283e-23, nan 
165.625, 65.625, 1.5958881819732795e-23, nan 
165.875, 65.625, 1.2967251870630485e-23, nan 
166.125, 65.625, 1.0754162267747863e-23, nan 
166.375, 65.625, 1.3279899122861824e-23, nan 
166.625, 65.625, 8.543826064540924e-24, nan 
166.875, 65.625, 1.4303209597685965e-23, nan 
167.125, 65.625, 1.9333353358866807e-23, nan 
167.375, 65.625, 7.608055561281289e-24, nan 
167.625, 65.625, 3.719132713525517e-24, nan 
167.875, 65.625, 4.34330410929168e-24, nan 
168.125, 65.625, 4.138074352260292e-24, nan 
168.375, 65.625, 4.501770509140664e-24, nan 
168.625, 65.625, 7.275919936716997e-24, nan 
168.875, 65.625, 5.905617771572421e-24, nan 
169.125, 65.625, 5.0135219340973705e-24, nan 
169.375, 65.625, 1.2002302274871116e-23, nan 
169.625, 65.625, 1.6263993758374536e-23, nan 
169.875, 65.625, 7.880568355650038e-24, nan 
170.125, 65.625, 9.586773520977883e-24, nan 
170.375, 65.625, 1.0424073228660854e-23, nan 
170.625, 65.625, 9.592033353808516e-24, nan 
170.875, 65.625, 8.526437593975949e-24, nan 
171.125, 65.625, 7.305249211169316e-24, nan 
171.375, 65.625, 1.420869971585856e-23, nan 
171.625, 65.625, 1.1496720756051526e-23, nan 
171.875, 65.625, 9.576366607258213e-24, nan 
172.125, 65.625, 1.506048318609757e-23, nan 
172.375, 65.625, 2.019186270156062e-23, nan 
172.625, 65.625, 2.0848199316071684e-23, nan 
172.875, 65.625, 1.5823354040068567e-23, nan 
173.125, 65.625, 2.080382532024824e-23, nan 
173.375, 65.625, 1.8497353868749812e-23, nan 
173.625, 65.625, 7.57501223235552e-24, nan 
173.875, 65.625, 5.915407407583277e-24, nan 
174.125, 65.625, 1.1879658671386308e-23, nan 
174.375, 65.625, 1.331916272067873e-23, nan 
174.625, 65.625, 1.195746040290069e-23, nan 
174.875, 65.625, 1.1612696607520848e-23, nan 
175.125, 65.625, 1.3141074671959156e-23, nan 
175.375, 65.625, 9.859240433171084e-24, nan 
175.625, 65.625, 1.1059344450639737e-23, nan 
175.875, 65.625, 9.707501964611377e-24, nan 
176.125, 65.625, 1.246442926322084e-23, nan 
176.375, 65.625, 1.7793312618998185e-23, nan 
176.625, 65.625, 1.3058280884297286e-23, nan 
176.875, 65.625, 9.589629190923724e-24, nan 
177.125, 65.625, 3.7068969413565504e-23, nan 
177.375, 65.625, 1.9018880677441514e-23, nan 
177.625, 65.625, 1.3944366142236293e-22, nan 
177.875, 65.625, 1.639881285066506e-22, nan 
178.125, 65.625, 1.0134552987715454e-22, nan 
178.375, 65.625, 1.1948607464693086e-22, nan 
178.625, 65.625, 2.4799138080732006e-23, nan 
178.875, 65.625, 3.595972142819705e-23, nan 
179.125, 65.625, 9.836672901679945e-24, nan 
179.375, 65.625, 5.366276104175526e-24, nan 
179.625, 65.625, 6.095675427432273e-24, nan 
179.875, 65.625, 5.833316770180815e-24, nan 
-179.875, 65.875, 2.2099596931172515e-24, nan 
-179.625, 65.875, 1.1190777878202458e-23, nan 
-179.375, 65.875, 1.696556502971755e-23, nan 
-179.125, 65.875, 1.1871382186737646e-23, nan 
-178.875, 65.875, 8.443673547383011e-24, nan 
-178.625, 65.875, 1.2523883246327528e-23, nan 
32.125, 65.875, 4.5910746441798156e-24, nan 
32.375, 65.875, 5.297342597037816e-24, nan 
32.625, 65.875, 5.719997384764257e-24, nan 
32.875, 65.875, 4.786216438881216e-24, nan 
33.125, 65.875, 4.3668595054417935e-24, nan 
33.375, 65.875, 7.045394910878955e-24, nan 
33.625, 65.875, 2.8215940687391828e-24, nan 
33.875, 65.875, 2.178173632680342e-24, nan 
34.125, 65.875, 3.256719889379215e-24, nan 
34.375, 65.875, 1.4735119246611364e-24, nan 
34.625, 65.875, 2.576515585640294e-24, nan 
34.875, 65.875, 7.014463620313616e-25, nan 
35.125, 65.875, 1.8625318172188404e-24, nan 
35.375, 65.875, 1.5467037801236424e-24, nan 
35.625, 65.875, 2.4481007115944348e-24, nan 
35.875, 65.875, 1.6595709315510726e-24, nan 
36.125, 65.875, 3.601250440531917e-24, nan 
36.375, 65.875, 4.258699048550882e-24, nan 
36.625, 65.875, 3.2546583731694454e-24, nan 
36.875, 65.875, 4.31943601774855e-24, nan 
37.125, 65.875, 4.3447785154006815e-24, nan 
37.375, 65.875, 2.3290326670163467e-24, nan 
37.625, 65.875, 1.5258243887409958e-24, nan 
37.875, 65.875, 4.3385115949933666e-24, nan 
38.125, 65.875, 7.161518451641055e-24, nan 
38.375, 65.875, 5.184603700841018e-24, nan 
38.625, 65.875, 5.8039601937341004e-24, nan 
38.875, 65.875, 6.766430571923074e-24, nan 
39.125, 65.875, 3.3839397505139773e-23, nan 
39.375, 65.875, 1.4250330441885036e-23, nan 
39.625, 65.875, 1.2265228018183674e-22, nan 
39.875, 65.875, 8.26150617750692e-23, nan 
40.125, 65.875, 8.76396521597132e-23, nan 
40.375, 65.875, 1.277540668983636e-23, nan 
40.625, 65.875, 9.330204587026767e-24, nan 
40.875, 65.875, 1.5072112503281136e-23, nan 
41.125, 65.875, 9.48953316331705e-24, nan 
41.375, 65.875, 6.51465372595297e-24, nan 
41.625, 65.875, 4.086369057463511e-24, nan 
41.875, 65.875, 4.046828987860098e-24, nan 
42.125, 65.875, 4.489074309532747e-24, nan 
42.375, 65.875, 3.44143256576582e-24, nan 
42.625, 65.875, 5.352771270562575e-24, nan 
42.875, 65.875, 5.542098243131093e-24, nan 
43.125, 65.875, 5.003887955861685e-24, nan 
43.375, 65.875, 4.174721713353042e-24, nan 
43.625, 65.875, 3.2398958008046668e-24, nan 
43.875, 65.875, 4.323451094646328e-24, nan 
44.125, 65.875, 3.217302785770754e-24, nan 
44.375, 65.875, 1.0523673875676743e-24, nan 
44.625, 65.875, 2.05531604526548e-24, nan 
44.875, 65.875, 3.24534014524562e-24, nan 
45.125, 65.875, 3.8151823564654444e-24, nan 
45.375, 65.875, 3.946621096437574e-24, nan 
45.625, 65.875, 5.078387532394749e-24, nan 
45.875, 65.875, 4.503894692706167e-24, nan 
46.125, 65.875, 4.171966307788422e-24, nan 
46.375, 65.875, 3.685382413522882e-24, nan 
46.625, 65.875, 3.034139278011438e-24, nan 
46.875, 65.875, 2.85343228823011e-24, nan 
47.125, 65.875, 3.693962448723168e-24, nan 
47.375, 65.875, 3.7046576233663356e-24, nan 
47.625, 65.875, 5.057682298953499e-24, nan 
47.875, 65.875, 5.8524491600573036e-24, nan 
48.125, 65.875, 6.264529939060975e-24, nan 
48.375, 65.875, 8.844637091569586e-24, nan 
48.625, 65.875, 9.296433082302802e-24, nan 
48.875, 65.875, 7.213828823588326e-24, nan 
49.125, 65.875, 1.0890430536739442e-23, nan 
49.375, 65.875, 1.588005368794071e-23, nan 
49.625, 65.875, 7.217959233722575e-24, nan 
49.875, 65.875, 7.390586014810944e-24, nan 
50.125, 65.875, 1.3366313063426887e-23, nan 
50.375, 65.875, 8.678218606813154e-24, nan 
50.625, 65.875, 1.1126852313798457e-23, nan 
50.875, 65.875, 9.485534134378554e-24, nan 
51.125, 65.875, 8.269464414465658e-24, nan 
51.375, 65.875, 1.1053675857914967e-23, nan 
51.625, 65.875, 8.85851042747098e-24, nan 
51.875, 65.875, 6.4329708956997074e-24, nan 
52.125, 65.875, 3.2999350827956075e-24, nan 
52.375, 65.875, 8.833925215042251e-24, nan 
52.625, 65.875, 5.108612452346993e-24, nan 
52.875, 65.875, 1.2450504712017275e-23, nan 
53.125, 65.875, 2.1739218886399383e-23, nan 
53.375, 65.875, 1.1751450494684952e-23, nan 
53.625, 65.875, 1.3431589654343433e-23, nan 
53.875, 65.875, 1.7042232553988765e-23, nan 
54.125, 65.875, 1.0828197024270268e-23, nan 
54.375, 65.875, 5.418599324366673e-24, nan 
54.625, 65.875, 6.962928601046328e-24, nan 
54.875, 65.875, 9.268771570394113e-24, nan 
55.125, 65.875, 1.1358170438800343e-23, nan 
55.375, 65.875, 1.0093261855384137e-23, nan 
55.625, 65.875, 1.0321494782177832e-23, nan 
55.875, 65.875, 1.2577561933673097e-23, nan 
56.125, 65.875, 1.1111093886313302e-23, nan 
56.375, 65.875, 1.3428426958517927e-23, nan 
56.625, 65.875, 1.5099674475390212e-23, nan 
56.875, 65.875, 1.2756398108519377e-23, nan 
57.125, 65.875, 2.3660564330653785e-23, nan 
57.375, 65.875, 2.693256903287274e-23, nan 
57.625, 65.875, 1.8533144536076178e-23, nan 
57.875, 65.875, 2.1924726124862375e-23, nan 
58.125, 65.875, 2.735403443327511e-23, nan 
58.375, 65.875, 2.09719894742089e-23, nan 
58.625, 65.875, 1.3841340953976233e-23, nan 
58.875, 65.875, 8.883128300289287e-24, nan 
59.125, 65.875, 7.451883020226356e-24, nan 
59.375, 65.875, 1.2254514122737371e-23, nan 
59.625, 65.875, 1.8222571135196466e-23, nan 
59.875, 65.875, 2.3390386050139483e-23, nan 
60.125, 65.875, 2.657632932767679e-23, nan 
60.375, 65.875, 1.9102320456790327e-23, nan 
60.625, 65.875, 1.6958236795063907e-23, nan 
60.875, 65.875, 1.9085776358016667e-23, nan 
61.125, 65.875, 8.523597850929003e-24, nan 
61.375, 65.875, 1.4528516183642318e-23, nan 
61.625, 65.875, 1.6579028828578756e-23, nan 
61.875, 65.875, 1.4469670213647868e-23, nan 
62.125, 65.875, 2.2349325722901675e-23, nan 
62.375, 65.875, 2.0302190900512657e-23, nan 
62.625, 65.875, 2.0355204744098946e-23, nan 
62.875, 65.875, 3.453595007912119e-23, nan 
63.125, 65.875, 4.282616055879659e-23, nan 
63.375, 65.875, 4.454598036056843e-23, nan 
63.625, 65.875, 4.4912458507772746e-23, nan 
63.875, 65.875, 7.150178555753045e-23, nan 
64.125, 65.875, 1.1071338601815602e-22, nan 
64.375, 65.875, 9.099370802562411e-23, nan 
64.625, 65.875, 6.635158383444951e-23, nan 
64.875, 65.875, 8.67713326422212e-23, nan 
65.125, 65.875, 7.19575558092035e-23, nan 
65.375, 65.875, 4.8949547670140623e-23, nan 
65.625, 65.875, 3.2474310445639415e-23, nan 
65.875, 65.875, 3.6725590472237504e-23, nan 
66.125, 65.875, 3.395468337797378e-23, nan 
66.375, 65.875, 1.0696400653686783e-22, nan 
66.625, 65.875, 9.042603045141208e-23, nan 
66.875, 65.875, 1.1207425108523638e-22, nan 
67.125, 65.875, 1.1554578984013527e-22, nan 
67.375, 65.875, 7.135668885541886e-23, nan 
67.625, 65.875, 7.830327458695469e-23, nan 
67.875, 65.875, 8.929326923440667e-23, nan 
68.125, 65.875, 9.234371125015602e-23, nan 
68.375, 65.875, 7.449396609637029e-23, nan 
68.625, 65.875, 5.270276122773863e-23, nan 
68.875, 65.875, 4.4415301391008556e-23, nan 
69.125, 65.875, 3.359810559252968e-23, nan 
69.375, 65.875, 4.110293273603523e-23, nan 
69.625, 65.875, 4.847031414106566e-23, nan 
69.875, 65.875, 4.214363719760146e-23, nan 
70.125, 65.875, 4.4454724631847706e-23, nan 
70.375, 65.875, 2.714284403684358e-23, nan 
70.625, 65.875, 3.594993358955195e-23, nan 
70.875, 65.875, 4.150583916857992e-23, nan 
71.125, 65.875, 4.163906235103053e-23, nan 
71.375, 65.875, 5.959059427119873e-23, nan 
71.625, 65.875, 6.706240304814141e-23, nan 
71.875, 65.875, 1.2959123916786119e-22, nan 
72.125, 65.875, 1.7178075922199371e-22, nan 
72.375, 65.875, 1.7872104892936645e-22, nan 
72.625, 65.875, 2.8602589648356713e-22, nan 
72.875, 65.875, 2.387653153150061e-22, nan 
73.125, 65.875, 2.0426945250338335e-22, nan 
73.375, 65.875, 3.246555281584704e-22, nan 
73.625, 65.875, 1.8437340851352857e-22, nan 
73.875, 65.875, 2.510538270707603e-22, nan 
74.125, 65.875, 1.744521056630071e-22, nan 
74.375, 65.875, 1.7382496091828851e-22, nan 
74.625, 65.875, 1.905443496876618e-22, nan 
74.875, 65.875, 1.6012155575153984e-22, nan 
75.125, 65.875, 1.3879487587566748e-22, nan 
75.375, 65.875, 1.4323720460660158e-22, nan 
75.625, 65.875, 1.333206790892653e-22, nan 
75.875, 65.875, 1.1688366525711255e-22, nan 
76.125, 65.875, 1.8505648207392283e-22, nan 
76.375, 65.875, 1.9699223549807565e-22, nan 
76.625, 65.875, 2.712048999541241e-22, nan 
76.875, 65.875, 2.740670921500615e-22, nan 
77.125, 65.875, 4.4340880957231655e-22, nan 
77.375, 65.875, 4.780882498747397e-22, nan 
77.625, 65.875, 3.7748116264467137e-22, nan 
77.875, 65.875, 3.2613765757303556e-22, nan 
78.125, 65.875, 3.3551972835892898e-22, nan 
78.375, 65.875, 5.680769536541517e-22, nan 
78.625, 65.875, 2.862662393790709e-22, nan 
78.875, 65.875, 2.3437060878525445e-22, nan 
79.125, 65.875, 4.846044555242344e-22, nan 
79.375, 65.875, 2.8323069640492994e-22, nan 
79.625, 65.875, 9.878817767298858e-23, nan 
79.875, 65.875, 5.803706126575958e-22, nan 
80.125, 65.875, 2.376440702958962e-22, nan 
80.375, 65.875, 3.3965518333606494e-22, nan 
80.625, 65.875, 5.698154006224899e-22, nan 
80.875, 65.875, 4.0720497071747357e-22, nan 
81.125, 65.875, 1.52712886217012e-21, nan 
81.375, 65.875, 6.629209640897716e-22, nan 
81.625, 65.875, 6.349832029926397e-22, nan 
81.875, 65.875, 1.7575486116703336e-21, nan 
82.125, 65.875, 4.552354693990251e-22, nan 
82.375, 65.875, 6.337189289977274e-22, nan 
82.625, 65.875, 4.985669144282502e-22, nan 
82.875, 65.875, 5.043797560623858e-22, nan 
83.125, 65.875, 6.388787916920229e-22, nan 
83.375, 65.875, 5.742574336523971e-22, nan 
83.625, 65.875, 4.483821863203766e-22, nan 
83.875, 65.875, 6.412618151673047e-22, nan 
84.125, 65.875, 3.849306289303646e-22, nan 
84.375, 65.875, 3.815523550453617e-22, nan 
84.625, 65.875, 6.547447815232681e-22, nan 
84.875, 65.875, 3.988727210066532e-22, nan 
85.125, 65.875, 5.213105709046218e-22, nan 
85.375, 65.875, 4.951737804911848e-22, nan 
85.625, 65.875, 6.335967486998156e-22, nan 
85.875, 65.875, 6.885850437643924e-22, nan 
86.125, 65.875, 8.325039136817839e-22, nan 
86.375, 65.875, 1.6989301643020592e-21, nan 
86.625, 65.875, 1.5945701521523919e-21, nan 
86.875, 65.875, 1.1050208926884406e-21, nan 
87.125, 65.875, 9.138868884129742e-22, nan 
87.375, 65.875, 5.670947826918168e-22, nan 
87.625, 65.875, 1.2179199189338347e-21, nan 
87.875, 65.875, 1.6886154768352187e-21, nan 
88.125, 65.875, 1.2688711589537174e-21, nan 
88.375, 65.875, 1.4157266162538399e-21, nan 
88.625, 65.875, 1.3524282161739602e-21, nan 
88.875, 65.875, 2.0844157947778338e-21, nan 
89.125, 65.875, 1.7111960489835087e-21, nan 
89.375, 65.875, 8.512253317813566e-22, nan 
89.625, 65.875, 1.7109372381308334e-21, nan 
89.875, 65.875, 1.7215547802414587e-21, nan 
90.125, 65.875, 1.0242172060613675e-21, nan 
90.375, 65.875, 1.5481509228625987e-21, nan 
90.625, 65.875, 2.8792392621235565e-21, nan 
90.875, 65.875, 2.266341461188533e-21, nan 
91.125, 65.875, 3.832055251400024e-21, nan 
91.375, 65.875, 3.1754158031762593e-21, nan 
91.625, 65.875, 3.0507908978085978e-21, nan 
91.875, 65.875, 4.054872883595406e-21, nan 
92.125, 65.875, 3.673080711055267e-21, nan 
92.375, 65.875, 2.5417867666939145e-21, nan 
92.625, 65.875, 3.0446704256265844e-21, nan 
92.875, 65.875, 3.1638215702604208e-21, nan 
93.125, 65.875, 4.772666187101018e-21, nan 
93.375, 65.875, 7.429943273058344e-21, nan 
93.625, 65.875, 3.72548419694401e-21, nan 
93.875, 65.875, 5.700020062532209e-21, nan 
94.125, 65.875, 6.762854411173411e-21, nan 
94.375, 65.875, 3.3286400101187074e-21, nan 
94.625, 65.875, 4.438466511008769e-21, nan 
94.875, 65.875, 7.466192270791072e-21, nan 
95.125, 65.875, 5.7715537218983256e-21, nan 
95.375, 65.875, 5.459406246566092e-21, nan 
95.625, 65.875, 3.3625621156966263e-21, nan 
95.875, 65.875, 7.894869087910164e-21, nan 
96.125, 65.875, 2.377600406981517e-21, nan 
96.375, 65.875, 6.6402216941324175e-21, nan 
96.625, 65.875, 6.905083497237395e-21, nan 
96.875, 65.875, 7.228906500994729e-21, nan 
97.125, 65.875, 6.57172369471954e-21, nan 
97.375, 65.875, 7.546928178543554e-21, nan 
97.625, 65.875, 5.7619377007085234e-21, nan 
97.875, 65.875, 5.0867976137934635e-21, nan 
98.125, 65.875, 1.6788907238261448e-20, nan 
98.375, 65.875, 1.6112104914842897e-20, nan 
98.625, 65.875, 9.66675799335387e-21, nan 
98.875, 65.875, 1.1970122292489229e-20, nan 
99.125, 65.875, 6.83776440495855e-21, nan 
99.375, 65.875, 1.4943199386499648e-20, nan 
99.625, 65.875, 2.2124281890442387e-20, nan 
99.875, 65.875, 2.1988591494961186e-20, nan 
100.125, 65.875, 2.1398934318225728e-20, nan 
100.375, 65.875, 1.5699577163224923e-20, nan 
100.625, 65.875, 1.1477102316105574e-20, nan 
100.875, 65.875, 3.40014177758517e-20, nan 
101.125, 65.875, 2.662548411592767e-20, nan 
101.375, 65.875, 2.0799217206843526e-20, nan 
101.625, 65.875, 2.3251217983963022e-20, nan 
101.875, 65.875, 1.891838218241035e-20, nan 
102.125, 65.875, 2.3927235641224102e-20, nan 
102.375, 65.875, 2.1869660405687008e-20, nan 
102.625, 65.875, 2.936628638569948e-20, nan 
102.875, 65.875, 2.6946217241973125e-20, nan 
103.125, 65.875, 1.285919257431767e-20, nan 
103.375, 65.875, 1.7117987686153986e-20, nan 
103.625, 65.875, 1.6846742034801457e-20, nan 
103.875, 65.875, 1.7629043885939964e-20, nan 
104.125, 65.875, 1.9447295350197647e-20, nan 
104.375, 65.875, 2.8486245328589816e-20, nan 
104.625, 65.875, 5.2695588635602424e-20, nan 
104.875, 65.875, 5.79273722375382e-20, nan 
105.125, 65.875, 2.2397711189132438e-20, nan 
105.375, 65.875, 3.02067224600504e-20, nan 
105.625, 65.875, 3.2986470012216434e-20, nan 
105.875, 65.875, 1.7689013229000595e-20, nan 
106.125, 65.875, 6.963132630877497e-21, nan 
106.375, 65.875, 1.375353431814545e-20, nan 
106.625, 65.875, 1.547664072804198e-20, nan 
106.875, 65.875, 1.2738828853878973e-20, nan 
107.125, 65.875, 2.4699668162387674e-20, nan 
107.375, 65.875, 3.0632336527181693e-20, nan 
107.625, 65.875, 2.647175658211443e-20, nan 
107.875, 65.875, 2.5470449056426486e-20, nan 
108.125, 65.875, 2.869504520994065e-20, nan 
108.375, 65.875, 1.234493170260271e-20, nan 
108.625, 65.875, 1.8391466298590196e-20, nan 
108.875, 65.875, 1.9350607623785454e-20, nan 
109.125, 65.875, 1.6082399607184404e-20, nan 
109.375, 65.875, 1.308838795355927e-20, nan 
109.625, 65.875, 1.2657421125492673e-20, nan 
109.875, 65.875, 2.0803179217588112e-20, nan 
110.125, 65.875, 2.740014374362873e-20, nan 
110.375, 65.875, 1.3017366811688141e-20, nan 
110.625, 65.875, 1.9898188057653508e-20, nan 
110.875, 65.875, 2.4539140595051373e-20, nan 
111.125, 65.875, 1.2378047256692444e-20, nan 
111.375, 65.875, 1.2325125354696299e-20, nan 
111.625, 65.875, 1.437627974962528e-20, nan 
111.875, 65.875, 1.031473373343588e-20, nan 
112.125, 65.875, 8.971537228830411e-21, nan 
112.375, 65.875, 1.1734330953907813e-20, nan 
112.625, 65.875, 9.469050607548913e-21, nan 
112.875, 65.875, 6.083352910065077e-21, nan 
113.125, 65.875, 1.0146564399485788e-20, nan 
113.375, 65.875, 8.063570316932639e-21, nan 
113.625, 65.875, 9.86972532122488e-21, nan 
113.875, 65.875, 2.2509550259065136e-20, nan 
114.125, 65.875, 1.9180633887503635e-20, nan 
114.375, 65.875, 1.7211453604362018e-20, nan 
114.625, 65.875, 1.103415550453294e-20, nan 
114.875, 65.875, 7.717468637994774e-21, nan 
115.125, 65.875, 1.0294115512567265e-20, nan 
115.375, 65.875, 4.247062098644596e-21, nan 
115.625, 65.875, 6.099547629376833e-21, nan 
115.875, 65.875, 1.0272817248097099e-20, nan 
116.125, 65.875, 9.023643385428122e-21, nan 
116.375, 65.875, 9.024125787385947e-21, nan 
116.625, 65.875, 1.7331134507039658e-20, nan 
116.875, 65.875, 2.3294305959736746e-20, nan 
117.125, 65.875, 1.381774909993017e-20, nan 
117.375, 65.875, 1.8059270447102363e-20, nan 
117.625, 65.875, 1.5342975936106707e-20, nan 
117.875, 65.875, 1.1282614475382956e-20, nan 
118.125, 65.875, 2.822819994199718e-21, nan 
118.375, 65.875, 2.3944072990154655e-21, nan 
118.625, 65.875, 2.383187423577439e-21, nan 
118.875, 65.875, 5.176309916492329e-21, nan 
119.125, 65.875, 7.05920379524815e-21, nan 
119.375, 65.875, 4.3382103111778976e-21, nan 
119.625, 65.875, 3.766042506304856e-21, nan 
119.875, 65.875, 5.124507160135172e-21, nan 
120.125, 65.875, 5.623877944253522e-21, nan 
120.375, 65.875, 4.175995386910225e-21, nan 
120.625, 65.875, 3.236906635933586e-21, nan 
120.875, 65.875, 3.2300219564247392e-21, nan 
121.125, 65.875, 2.7301113773106424e-21, nan 
121.375, 65.875, 3.609686620569188e-21, nan 
121.625, 65.875, 3.980186276566507e-21, nan 
121.875, 65.875, 3.759217278310462e-21, nan 
122.125, 65.875, 2.937722369623392e-21, nan 
122.375, 65.875, 4.436136314739803e-21, nan 
122.625, 65.875, 1.5552261178104847e-21, nan 
122.875, 65.875, 2.3350640896417225e-21, nan 
123.125, 65.875, 3.270324724850724e-21, nan 
123.375, 65.875, 3.4972818482550565e-21, nan 
123.625, 65.875, 1.6430912127343557e-21, nan 
123.875, 65.875, 2.8529946611329035e-21, nan 
124.125, 65.875, 2.5671467010546714e-21, nan 
124.375, 65.875, 1.3828630129129496e-21, nan 
124.625, 65.875, 7.771591302587686e-22, nan 
124.875, 65.875, 3.8733503065074116e-22, nan 
125.125, 65.875, 8.2091566408239855e-22, nan 
125.375, 65.875, 7.19347964378132e-22, nan 
125.625, 65.875, 7.662149412503568e-22, nan 
125.875, 65.875, 1.0359114355851055e-21, nan 
126.125, 65.875, 1.3282809034421337e-21, nan 
126.375, 65.875, 1.3187360048472374e-21, nan 
126.625, 65.875, 1.8788999689273822e-21, nan 
126.875, 65.875, 2.0290842105910157e-21, nan 
127.125, 65.875, 2.1330759775748116e-21, nan 
127.375, 65.875, 2.1775681583989112e-21, nan 
127.625, 65.875, 2.789546496336411e-21, nan 
127.875, 65.875, 5.69113790960751e-21, nan 
128.125, 65.875, 2.1697899341625087e-21, nan 
128.375, 65.875, 2.3704065536500202e-21, nan 
128.625, 65.875, 3.0316455590512132e-21, nan 
128.875, 65.875, 3.1388182101296074e-21, nan 
129.125, 65.875, 1.8777138511346096e-21, nan 
129.375, 65.875, 1.4957995499072104e-21, nan 
129.625, 65.875, 1.8012349490283144e-21, nan 
129.875, 65.875, 1.304490905277824e-21, nan 
130.125, 65.875, 3.106019910363898e-22, nan 
130.375, 65.875, 7.777855061678364e-22, nan 
130.625, 65.875, 8.339531772833766e-22, nan 
130.875, 65.875, 6.145977068761904e-22, nan 
131.125, 65.875, 4.937791192500347e-22, nan 
131.375, 65.875, 4.637314754170024e-22, nan 
131.625, 65.875, 7.366675872832607e-22, nan 
131.875, 65.875, 9.512826048445573e-22, nan 
132.125, 65.875, 7.475085598788333e-22, nan 
132.375, 65.875, 5.473243915861992e-22, nan 
132.625, 65.875, 6.132753024931115e-22, nan 
132.875, 65.875, 5.039020956234542e-22, nan 
133.125, 65.875, 4.244871342777457e-22, nan 
133.375, 65.875, 3.561960350120231e-22, nan 
133.625, 65.875, 2.310279697735173e-22, nan 
133.875, 65.875, 3.154176209911699e-22, nan 
134.125, 65.875, 2.521912681955269e-22, nan 
134.375, 65.875, 1.7036665331762936e-22, nan 
134.625, 65.875, 1.2765178547763882e-22, nan 
134.875, 65.875, 9.916864086100344e-23, nan 
135.125, 65.875, 8.040746302006018e-23, nan 
135.375, 65.875, 1.5144047573903605e-22, nan 
135.625, 65.875, 2.3313142590700416e-22, nan 
135.875, 65.875, 1.3293438771727433e-22, nan 
136.125, 65.875, 7.746701988485998e-23, nan 
136.375, 65.875, 1.9948706061538854e-22, nan 
136.625, 65.875, 3.111922273718632e-22, nan 
136.875, 65.875, 3.9309879807889876e-22, nan 
137.125, 65.875, 3.8948981983228737e-22, nan 
137.375, 65.875, 3.043368703773467e-22, nan 
137.625, 65.875, 4.724491161403794e-22, nan 
137.875, 65.875, 5.659353073493807e-22, nan 
138.125, 65.875, 2.820012689731299e-22, nan 
138.375, 65.875, 2.621941227447571e-22, nan 
138.625, 65.875, 4.158883112749599e-22, nan 
138.875, 65.875, 3.8327137390993204e-22, nan 
139.125, 65.875, 3.6585764271787707e-22, nan 
139.375, 65.875, 2.665692560331897e-22, nan 
139.625, 65.875, 1.562144490059846e-22, nan 
139.875, 65.875, 1.6093358417969423e-22, nan 
140.125, 65.875, 1.2568791242291167e-22, nan 
140.375, 65.875, 9.432118800152071e-23, nan 
140.625, 65.875, 8.225753527737827e-23, nan 
140.875, 65.875, 9.145646107076056e-23, nan 
141.125, 65.875, 7.086031593503815e-23, nan 
141.375, 65.875, 4.425509329741431e-23, nan 
141.625, 65.875, 1.5490996265321562e-22, nan 
141.875, 65.875, 1.7171515618515598e-22, nan 
142.125, 65.875, 1.0544377921117747e-22, nan 
142.375, 65.875, 2.2009443385297297e-22, nan 
142.625, 65.875, 1.9064320971515923e-22, nan 
142.875, 65.875, 1.7072601777905246e-22, nan 
143.125, 65.875, 2.646654265208314e-22, nan 
143.375, 65.875, 3.031445129580402e-22, nan 
143.625, 65.875, 3.5961628231277695e-22, nan 
143.875, 65.875, 1.8872026113687627e-22, nan 
144.125, 65.875, 2.550804852623628e-22, nan 
144.375, 65.875, 3.0634880054321533e-22, nan 
144.625, 65.875, 2.368495154690319e-22, nan 
144.875, 65.875, 2.523901933466235e-22, nan 
145.125, 65.875, 2.25135780007878e-22, nan 
145.375, 65.875, 1.3481267039264852e-22, nan 
145.625, 65.875, 1.171485314675404e-22, nan 
145.875, 65.875, 8.533410618255311e-23, nan 
146.125, 65.875, 5.365274393327624e-23, nan 
146.375, 65.875, 7.180397163835617e-23, nan 
146.625, 65.875, 9.207617517303369e-23, nan 
146.875, 65.875, 7.762611089128139e-23, nan 
147.125, 65.875, 3.131489029127748e-23, nan 
147.375, 65.875, 1.0720288095358577e-22, nan 
147.625, 65.875, 1.0777233843452946e-22, nan 
147.875, 65.875, 1.8719024071008592e-23, nan 
148.125, 65.875, 8.077538232402912e-23, nan 
148.375, 65.875, 7.944718545839904e-23, nan 
148.625, 65.875, 3.2248456440847446e-23, nan 
148.875, 65.875, 3.4711661647660507e-23, nan 
149.125, 65.875, 3.7581651972241715e-23, nan 
149.375, 65.875, 6.2019909856465e-23, nan 
149.625, 65.875, 6.537716400193946e-23, nan 
149.875, 65.875, 5.659940510175835e-23, nan 
150.125, 65.875, 6.694922292977699e-23, nan 
150.375, 65.875, 9.722313416625629e-23, nan 
150.625, 65.875, 8.795952948939629e-23, nan 
150.875, 65.875, 1.009992992454079e-22, nan 
151.125, 65.875, 9.828613004465074e-23, nan 
151.375, 65.875, 1.0102695420131877e-22, nan 
151.625, 65.875, 9.423942153732475e-23, nan 
151.875, 65.875, 1.100260397640074e-22, nan 
152.125, 65.875, 1.087984765353159e-22, nan 
152.375, 65.875, 1.028069625388807e-22, nan 
152.625, 65.875, 7.31648658276779e-23, nan 
152.875, 65.875, 7.299514553715141e-23, nan 
153.125, 65.875, 5.54987024327937e-23, nan 
153.375, 65.875, 5.72143540813763e-23, nan 
153.625, 65.875, 5.750742769665243e-23, nan 
153.875, 65.875, 3.977282092481271e-23, nan 
154.125, 65.875, 3.0386279496050196e-23, nan 
154.375, 65.875, 3.039429778191207e-23, nan 
154.625, 65.875, 3.206128502705911e-23, nan 
154.875, 65.875, 3.1007058705384025e-23, nan 
155.125, 65.875, 2.2335496051596087e-23, nan 
155.375, 65.875, 3.708795594733609e-23, nan 
155.625, 65.875, 2.70629028126653e-23, nan 
155.875, 65.875, 2.232015590402213e-23, nan 
156.125, 65.875, 1.9075835754905616e-23, nan 
156.375, 65.875, 2.4387864310231867e-23, nan 
156.625, 65.875, 2.5876613784539664e-23, nan 
156.875, 65.875, 3.895333777223853e-23, nan 
157.125, 65.875, 4.349888915206374e-23, nan 
157.375, 65.875, 3.2013905063154684e-23, nan 
157.625, 65.875, 3.786672296412669e-23, nan 
157.875, 65.875, 5.649089841474512e-23, nan 
158.125, 65.875, 2.1364321889547098e-23, nan 
158.375, 65.875, 1.6224454442011156e-23, nan 
158.625, 65.875, 3.336250102868538e-23, nan 
158.875, 65.875, 2.8843824759220183e-23, nan 
159.125, 65.875, 3.099521389670946e-23, nan 
159.375, 65.875, 2.941492786920273e-23, nan 
159.625, 65.875, 2.2151910075543103e-23, nan 
159.875, 65.875, 2.166970830931109e-23, nan 
160.125, 65.875, 1.2055536297646323e-23, nan 
160.375, 65.875, 7.609615591405804e-24, nan 
160.625, 65.875, 1.006390306384105e-23, nan 
160.875, 65.875, 1.1169156198373365e-23, nan 
161.125, 65.875, 9.981158696657997e-24, nan 
161.375, 65.875, 9.551996964244514e-24, nan 
161.625, 65.875, 8.186305065684395e-24, nan 
161.875, 65.875, 5.341598277033137e-24, nan 
162.125, 65.875, 7.149465234413317e-24, nan 
162.375, 65.875, 1.430828133965959e-23, nan 
162.625, 65.875, 2.2832698361812195e-23, nan 
162.875, 65.875, 8.789621645376288e-24, nan 
163.125, 65.875, 1.5826519999748403e-23, nan 
163.375, 65.875, 3.5005465262730954e-23, nan 
163.625, 65.875, 1.6760441703194216e-23, nan 
163.875, 65.875, 1.912937355782008e-23, nan 
164.125, 65.875, 1.9664898282511974e-23, nan 
164.375, 65.875, 1.4705902923250937e-23, nan 
164.625, 65.875, 1.932585989452259e-23, nan 
164.875, 65.875, 1.4774775314200243e-23, nan 
165.125, 65.875, 1.3665281573132945e-23, nan 
165.375, 65.875, 1.2935510159261015e-23, nan 
165.625, 65.875, 1.1609732341400685e-23, nan 
165.875, 65.875, 1.0818528377578029e-23, nan 
166.125, 65.875, 4.828627637234638e-24, nan 
166.375, 65.875, 7.613319275538222e-24, nan 
166.625, 65.875, 6.714305001699553e-24, nan 
166.875, 65.875, 8.186384244977286e-24, nan 
167.125, 65.875, 7.69186786154322e-24, nan 
167.375, 65.875, 5.440165667560687e-24, nan 
167.625, 65.875, 4.41977803718809e-24, nan 
167.875, 65.875, 1.8293541232118587e-24, nan 
168.125, 65.875, 4.122990093090574e-24, nan 
168.375, 65.875, 6.162779842298143e-24, nan 
168.625, 65.875, 4.117063722781797e-24, nan 
168.875, 65.875, 6.106545206757172e-24, nan 
169.125, 65.875, 8.345401327449226e-24, nan 
169.375, 65.875, 1.1059425182492563e-23, nan 
169.625, 65.875, 1.3682304088246115e-23, nan 
169.875, 65.875, 9.56542377143782e-24, nan 
170.125, 65.875, 8.449179701530393e-24, nan 
170.375, 65.875, 8.836943894254779e-24, nan 
170.625, 65.875, 7.722792087295453e-24, nan 
170.875, 65.875, 1.1104713507027854e-23, nan 
171.125, 65.875, 1.3071139590674196e-23, nan 
171.375, 65.875, 1.670011742931286e-23, nan 
171.625, 65.875, 1.2835122417114459e-23, nan 
171.875, 65.875, 1.6531148306109135e-23, nan 
172.125, 65.875, 2.3591088092993104e-23, nan 
172.375, 65.875, 2.0469618937603413e-23, nan 
172.625, 65.875, 1.991420218004873e-23, nan 
172.875, 65.875, 2.0240600772923012e-23, nan 
173.125, 65.875, 1.6572245563379107e-23, nan 
173.375, 65.875, 1.0613545305630683e-23, nan 
173.625, 65.875, 7.53898587448513e-24, nan 
173.875, 65.875, 9.572738659715356e-24, nan 
174.125, 65.875, 1.067989945942345e-23, nan 
174.375, 65.875, 1.3271301073557045e-23, nan 
174.625, 65.875, 1.3830598826220018e-23, nan 
174.875, 65.875, 9.155086161973333e-24, nan 
175.125, 65.875, 6.5217231812986124e-24, nan 
175.375, 65.875, 1.2283446666724276e-23, nan 
175.625, 65.875, 7.745996010399357e-24, nan 
175.875, 65.875, 1.1123385129111474e-23, nan 
176.125, 65.875, 1.416369634948421e-23, nan 
176.375, 65.875, 1.9801605020572483e-23, nan 
176.625, 65.875, 1.457522703415983e-23, nan 
176.875, 65.875, 1.8632315660878568e-23, nan 
177.125, 65.875, 1.3541722771008062e-23, nan 
177.375, 65.875, 1.476368704554652e-23, nan 
177.625, 65.875, 1.330129052443914e-23, nan 
177.875, 65.875, 1.7758796829180314e-23, nan 
178.125, 65.875, 1.4515452609937214e-23, nan 
178.375, 65.875, 1.2217208829677483e-23, nan 
178.625, 65.875, 9.193256807681163e-24, nan 
178.875, 65.875, 8.730068281368293e-24, nan 
179.125, 65.875, 9.652446899677253e-24, nan 
179.375, 65.875, 9.555850456093866e-24, nan 
179.625, 65.875, 1.1488529673685676e-23, nan 
179.875, 65.875, 1.1509885993922626e-23, nan 
-179.875, 66.125, 7.726404919169564e-24, nan 
-179.625, 66.125, 1.5313000226594684e-23, nan 
-179.375, 66.125, 1.3124682724382128e-23, nan 
-179.125, 66.125, 1.1169377713911788e-23, nan 
-178.875, 66.125, 1.3977820191033575e-23, nan 
-178.625, 66.125, 1.1641518355773608e-23, nan 
-178.375, 66.125, 2.860288868138686e-24, nan 
-178.125, 66.125, 9.627491376398593e-24, nan 
-177.875, 66.125, 1.160228861016364e-23, nan 
31.125, 66.125, 5.0973503719941566e-24, nan 
31.375, 66.125, 7.167614774228161e-24, nan 
31.625, 66.125, 7.315278938095669e-24, nan 
31.875, 66.125, 5.312965006222108e-24, nan 
32.125, 66.125, 4.58974328507075e-24, nan 
32.375, 66.125, 5.40594744037611e-24, nan 
32.625, 66.125, 6.595506704791767e-24, nan 
32.875, 66.125, 5.6886308210328164e-24, nan 
33.125, 66.125, 4.30399868449027e-24, nan 
33.375, 66.125, 5.874863772511439e-24, nan 
33.625, 66.125, 3.876258806398794e-24, nan 
33.875, 66.125, 1.9399341637920003e-24, nan 
34.125, 66.125, 1.2560814306536181e-24, nan 
34.375, 66.125, 1.9772736616043865e-24, nan 
34.625, 66.125, 1.982067057400808e-24, nan 
34.875, 66.125, 1.729619008843646e-24, nan 
35.125, 66.125, 2.450390867675854e-24, nan 
35.375, 66.125, 2.2877067492378987e-24, nan 
35.625, 66.125, 2.9660402952854102e-24, nan 
35.875, 66.125, 3.2660776185151973e-24, nan 
36.125, 66.125, 3.1519211687933013e-24, nan 
36.375, 66.125, 4.35362452748788e-24, nan 
36.625, 66.125, 3.238553347788162e-24, nan 
36.875, 66.125, 2.690013779320763e-24, nan 
37.125, 66.125, 4.7656939014423126e-24, nan 
37.375, 66.125, 2.6193882388462645e-24, nan 
37.625, 66.125, 4.35118883300349e-24, nan 
37.875, 66.125, 2.320076353530539e-24, nan 
38.125, 66.125, 6.165056626100254e-24, nan 
38.375, 66.125, 2.9018534885658045e-23, nan 
38.625, 66.125, 5.226606671403077e-24, nan 
38.875, 66.125, 1.0054963712147556e-22, nan 
39.125, 66.125, 1.0346273551379455e-22, nan 
39.375, 66.125, 1.3767249094194746e-22, nan 
39.625, 66.125, 1.9386090839684118e-22, nan 
39.875, 66.125, 1.5323735331608067e-22, nan 
40.125, 66.125, 1.4079334455268947e-22, nan 
40.375, 66.125, 1.3329921284220055e-22, nan 
40.625, 66.125, 8.676032405202483e-23, nan 
40.875, 66.125, 7.529435089913551e-23, nan 
41.125, 66.125, 1.3748492214576428e-23, nan 
41.375, 66.125, 1.1037586649995618e-23, nan 
41.625, 66.125, 8.714348682396857e-24, nan 
41.875, 66.125, 8.803023681639785e-24, nan 
42.125, 66.125, 6.2330907727018015e-24, nan 
42.375, 66.125, 7.170847334516413e-24, nan 
42.625, 66.125, 6.856336340968166e-24, nan 
42.875, 66.125, 7.122119022985307e-24, nan 
43.125, 66.125, 6.123605482075335e-24, nan 
43.375, 66.125, 3.2480560033042593e-24, nan 
43.625, 66.125, 2.189962838404086e-24, nan 
43.875, 66.125, 2.5349287860551513e-24, nan 
44.125, 66.125, 1.976106251422574e-24, nan 
44.375, 66.125, 2.7203459382947243e-24, nan 
44.625, 66.125, 3.0612937656107386e-24, nan 
44.875, 66.125, 2.9930098152009757e-24, nan 
45.125, 66.125, 3.769454352919061e-24, nan 
45.375, 66.125, 3.80570026642493e-24, nan 
45.625, 66.125, 5.997987446525337e-24, nan 
45.875, 66.125, 6.1310188664354544e-24, nan 
46.125, 66.125, 4.8173360146542746e-24, nan 
46.375, 66.125, 5.180838348355293e-24, nan 
46.625, 66.125, 6.729557280714675e-24, nan 
46.875, 66.125, 4.821753177310726e-24, nan 
47.125, 66.125, 3.339405625709837e-24, nan 
47.375, 66.125, 4.59706246462361e-24, nan 
47.625, 66.125, 3.817115054005048e-24, nan 
47.875, 66.125, 6.4689985890168325e-24, nan 
48.125, 66.125, 5.671371896836389e-24, nan 
48.375, 66.125, 6.186552561525605e-24, nan 
48.625, 66.125, 9.431756214342747e-24, nan 
48.875, 66.125, 8.084973948576608e-24, nan 
49.125, 66.125, 1.068545742953124e-23, nan 
49.375, 66.125, 1.460419817520189e-23, nan 
49.625, 66.125, 9.543940140594016e-24, nan 
49.875, 66.125, 6.910778853827322e-24, nan 
50.125, 66.125, 1.0897032014344412e-23, nan 
50.375, 66.125, 8.579729015055088e-24, nan 
50.625, 66.125, 8.453927352787641e-24, nan 
50.875, 66.125, 9.617058466253497e-24, nan 
51.125, 66.125, 8.887235622947866e-24, nan 
51.375, 66.125, 1.1744434288638798e-23, nan 
51.625, 66.125, 1.0959364041248866e-23, nan 
51.875, 66.125, 8.15513123861105e-24, nan 
52.125, 66.125, 9.034463710889386e-24, nan 
52.375, 66.125, 1.099969666788262e-23, nan 
52.625, 66.125, 7.855579769008724e-24, nan 
52.875, 66.125, 2.006085041867608e-23, nan 
53.125, 66.125, 2.3229625585076317e-23, nan 
53.375, 66.125, 1.408747996310055e-23, nan 
53.625, 66.125, 2.3569780153182533e-23, nan 
53.875, 66.125, 2.5012846980828166e-23, nan 
54.125, 66.125, 7.783959723089108e-24, nan 
54.375, 66.125, 4.745174806010173e-24, nan 
54.625, 66.125, 9.109022114776138e-24, nan 
54.875, 66.125, 1.1631888579750386e-23, nan 
55.125, 66.125, 5.74497316618999e-24, nan 
55.375, 66.125, 9.173537879816542e-24, nan 
55.625, 66.125, 1.1864245588683158e-23, nan 
55.875, 66.125, 8.401088249259714e-24, nan 
56.125, 66.125, 9.824477016701094e-24, nan 
56.375, 66.125, 1.467952418413807e-23, nan 
56.625, 66.125, 1.9757359433843712e-23, nan 
56.875, 66.125, 1.6576244148414503e-23, nan 
57.125, 66.125, 2.4891629655613505e-23, nan 
57.375, 66.125, 3.6942094282552157e-23, nan 
57.625, 66.125, 2.1051949245223478e-23, nan 
57.875, 66.125, 1.9744143135353547e-23, nan 
58.125, 66.125, 2.410874621060113e-23, nan 
58.375, 66.125, 2.0093278777026782e-23, nan 
58.625, 66.125, 2.464809981251539e-23, nan 
58.875, 66.125, 1.939894224319784e-23, nan 
59.125, 66.125, 1.6611071156317318e-23, nan 
59.375, 66.125, 1.404059614877598e-23, nan 
59.625, 66.125, 1.4374485159805706e-23, nan 
59.875, 66.125, 1.4785213038911357e-23, nan 
60.125, 66.125, 1.6944551494698517e-23, nan 
60.375, 66.125, 1.3951761066083514e-23, nan 
60.625, 66.125, 1.681971085020532e-23, nan 
60.875, 66.125, 2.0549698244378228e-23, nan 
61.125, 66.125, 1.3574970849823027e-23, nan 
61.375, 66.125, 1.571134319216652e-23, nan 
61.625, 66.125, 1.8496804983462407e-23, nan 
61.875, 66.125, 1.4275862627325854e-23, nan 
62.125, 66.125, 1.6243828753683984e-23, nan 
62.375, 66.125, 1.433348080670067e-23, nan 
62.625, 66.125, 1.8624208319130837e-23, nan 
62.875, 66.125, 2.409429214323563e-23, nan 
63.125, 66.125, 1.841530752372652e-23, nan 
63.375, 66.125, 1.0319858549512664e-23, nan 
63.625, 66.125, 3.274956020974421e-23, nan 
63.875, 66.125, 5.567326852452739e-23, nan 
64.125, 66.125, 7.188951284754265e-23, nan 
64.375, 66.125, 6.696375330997735e-23, nan 
64.625, 66.125, 4.5725858913820876e-23, nan 
64.875, 66.125, 1.935668614949156e-23, nan 
65.125, 66.125, 2.1746903375995212e-23, nan 
65.375, 66.125, 9.61950932544487e-24, nan 
65.625, 66.125, 1.8641919788847862e-23, nan 
65.875, 66.125, 3.8313312565366895e-23, nan 
66.125, 66.125, 3.787987036979291e-23, nan 
66.375, 66.125, 4.6760617432922465e-23, nan 
66.625, 66.125, 4.350685455099878e-23, nan 
66.875, 66.125, 6.162716903685377e-23, nan 
67.125, 66.125, 9.472502319646448e-23, nan 
67.375, 66.125, 7.32616335689489e-23, nan 
67.625, 66.125, 8.154890464421065e-23, nan 
67.875, 66.125, 1.127174243458303e-22, nan 
68.125, 66.125, 7.08250814068545e-23, nan 
68.375, 66.125, 5.925445897100467e-23, nan 
68.625, 66.125, 2.4961932488326443e-23, nan 
68.875, 66.125, 1.5809678748296145e-23, nan 
69.125, 66.125, 3.1059371037966494e-23, nan 
69.375, 66.125, 5.515400120738328e-23, nan 
69.625, 66.125, 5.834443830770652e-23, nan 
69.875, 66.125, 6.0019256714731e-23, nan 
70.125, 66.125, 5.67869041885212e-23, nan 
70.375, 66.125, 4.767561420239781e-23, nan 
70.625, 66.125, 7.533543032779381e-23, nan 
70.875, 66.125, 5.905202047265513e-23, nan 
71.125, 66.125, 2.509368873299352e-23, nan 
71.375, 66.125, 2.0969806231323573e-23, nan 
71.625, 66.125, 6.03148947045771e-23, nan 
71.875, 66.125, 5.58903164730881e-23, nan 
72.125, 66.125, 6.923129696265476e-23, nan 
72.375, 66.125, 1.3565667859919795e-22, nan 
72.625, 66.125, 1.809226914491318e-22, nan 
72.875, 66.125, 2.3041425337229314e-22, nan 
73.125, 66.125, 2.0539526118444618e-22, nan 
73.375, 66.125, 2.808317751892138e-22, nan 
73.625, 66.125, 2.186527775565342e-22, nan 
73.875, 66.125, 2.0539422376004716e-22, nan 
74.125, 66.125, 1.3522979697011219e-22, nan 
74.375, 66.125, 1.7567919900948206e-22, nan 
74.625, 66.125, 1.037226308735884e-22, nan 
74.875, 66.125, 4.0793531282341254e-23, nan 
75.125, 66.125, 7.555054548135132e-23, nan 
75.375, 66.125, 9.400780751359929e-23, nan 
75.625, 66.125, 1.331835941820138e-22, nan 
75.875, 66.125, 1.3638933129552457e-22, nan 
76.125, 66.125, 1.7497651205951645e-22, nan 
76.375, 66.125, 6.615227159013438e-23, nan 
76.625, 66.125, 1.1759467765905364e-22, nan 
76.875, 66.125, 2.0926397553376075e-22, nan 
77.125, 66.125, 2.896047615845032e-22, nan 
77.375, 66.125, 2.590335571347282e-22, nan 
77.625, 66.125, 2.9375031888379124e-22, nan 
77.875, 66.125, 4.092982768089461e-22, nan 
78.125, 66.125, 3.556706498799335e-22, nan 
78.375, 66.125, 4.109801845906092e-22, nan 
78.625, 66.125, 2.307478184619671e-22, nan 
78.875, 66.125, 3.2888669104356044e-22, nan 
79.125, 66.125, 1.363109983872782e-22, nan 
79.375, 66.125, 2.3191084611966e-22, nan 
79.625, 66.125, 3.4475296582041893e-22, nan 
79.875, 66.125, 4.411719640988157e-22, nan 
80.125, 66.125, 3.827440953449898e-22, nan 
80.375, 66.125, 1.4386487139682928e-21, nan 
80.625, 66.125, 5.787632984085653e-22, nan 
80.875, 66.125, 6.348420182113134e-22, nan 
81.125, 66.125, 2.7541960177606892e-21, nan 
81.375, 66.125, 1.340429291658509e-22, nan 
81.625, 66.125, 1.0365215996954885e-21, nan 
81.875, 66.125, 3.1951041301988577e-21, nan 
82.125, 66.125, 6.573953478527486e-22, nan 
82.375, 66.125, 7.018588599890779e-22, nan 
82.625, 66.125, 2.0566590117208506e-21, nan 
82.875, 66.125, 7.734393010673027e-22, nan 
83.125, 66.125, 1.008802687658957e-21, nan 
83.375, 66.125, 4.9270593598204595e-22, nan 
83.625, 66.125, 4.347372851350623e-22, nan 
83.875, 66.125, 1.1421949530427645e-21, nan 
84.125, 66.125, 4.1228873403351166e-22, nan 
84.375, 66.125, 8.183334001317029e-22, nan 
84.625, 66.125, 1.3649984328699059e-21, nan 
84.875, 66.125, 5.42741214868418e-22, nan 
85.125, 66.125, 5.007803186424865e-22, nan 
85.375, 66.125, 6.1736317196025e-22, nan 
85.625, 66.125, 5.345942394191326e-22, nan 
85.875, 66.125, 6.802740377977169e-22, nan 
86.125, 66.125, 6.912744111721833e-22, nan 
86.375, 66.125, 1.8461821017952055e-21, nan 
86.625, 66.125, 1.6888024026389618e-21, nan 
86.875, 66.125, 1.6964536775947753e-21, nan 
87.125, 66.125, 2.447493439318534e-21, nan 
87.375, 66.125, 2.254497953404047e-21, nan 
87.625, 66.125, 1.4835641224909798e-21, nan 
87.875, 66.125, 1.5537563570551924e-21, nan 
88.125, 66.125, 7.864300990578617e-22, nan 
88.375, 66.125, 1.6807377055453508e-21, nan 
88.625, 66.125, 1.6465016067116977e-21, nan 
88.875, 66.125, 2.034343838214712e-21, nan 
89.125, 66.125, 1.2157025644271207e-21, nan 
89.375, 66.125, 1.4249164100204032e-21, nan 
89.625, 66.125, 1.960507669917173e-21, nan 
89.875, 66.125, 1.2666897205872224e-21, nan 
90.125, 66.125, 1.9099254142093206e-21, nan 
90.375, 66.125, 1.739160287366045e-21, nan 
90.625, 66.125, 2.4479310029484495e-21, nan 
90.875, 66.125, 1.4481446561422294e-21, nan 
91.125, 66.125, 3.601481513229156e-21, nan 
91.375, 66.125, 2.316804561174466e-21, nan 
91.625, 66.125, 3.3628102641341317e-21, nan 
91.875, 66.125, 4.6274808424844256e-21, nan 
92.125, 66.125, 6.105969051178232e-21, nan 
92.375, 66.125, 4.4918519657839076e-21, nan 
92.625, 66.125, 5.057197960954984e-21, nan 
92.875, 66.125, 6.181476422279706e-21, nan 
93.125, 66.125, 4.635414995011174e-21, nan 
93.375, 66.125, 5.343395860950115e-21, nan 
93.625, 66.125, 4.328655851357755e-21, nan 
93.875, 66.125, 5.723924605163312e-21, nan 
94.125, 66.125, 7.106792708370056e-21, nan 
94.375, 66.125, 6.291416875984681e-21, nan 
94.625, 66.125, 6.817010861382576e-21, nan 
94.875, 66.125, 1.2327823297041943e-20, nan 
95.125, 66.125, 5.95399365186483e-21, nan 
95.375, 66.125, 8.462863655948832e-21, nan 
95.625, 66.125, 1.0126415033350993e-20, nan 
95.875, 66.125, 8.420974960737426e-21, nan 
96.125, 66.125, 3.91748492845787e-21, nan 
96.375, 66.125, 9.317251044945993e-21, nan 
96.625, 66.125, 1.3178499734482606e-20, nan 
96.875, 66.125, 1.552585379023979e-20, nan 
97.125, 66.125, 1.636138556946734e-20, nan 
97.375, 66.125, 1.6169959845694515e-20, nan 
97.625, 66.125, 1.9015973609536706e-20, nan 
97.875, 66.125, 2.2019915834168138e-20, nan 
98.125, 66.125, 1.819168103299143e-20, nan 
98.375, 66.125, 1.9800573406657202e-20, nan 
98.625, 66.125, 1.883158788441054e-20, nan 
98.875, 66.125, 1.6887497058132784e-20, nan 
99.125, 66.125, 3.5151677569891376e-20, nan 
99.375, 66.125, 2.9271994904349407e-20, nan 
99.625, 66.125, 3.5661296054462436e-20, nan 
99.875, 66.125, 3.530287504468625e-20, nan 
100.125, 66.125, 4.330691669324538e-20, nan 
100.375, 66.125, 2.3994249216962296e-20, nan 
100.625, 66.125, 2.8861725538355046e-20, nan 
100.875, 66.125, 2.814388057393371e-20, nan 
101.125, 66.125, 1.9777959931379096e-20, nan 
101.375, 66.125, 1.4349648836471035e-20, nan 
101.625, 66.125, 1.3945559283506503e-20, nan 
101.875, 66.125, 1.479379787507563e-20, nan 
102.125, 66.125, 1.5887021169888828e-20, nan 
102.375, 66.125, 6.9161684841479e-21, nan 
102.625, 66.125, 1.4795879462787664e-20, nan 
102.875, 66.125, 1.1391118133236663e-20, nan 
103.125, 66.125, 1.9203400840418323e-20, nan 
103.375, 66.125, 1.4000596024373274e-20, nan 
103.625, 66.125, 1.917702811248953e-20, nan 
103.875, 66.125, 2.595955071768232e-20, nan 
104.125, 66.125, 2.199655181956183e-20, nan 
104.375, 66.125, 2.757477346132222e-20, nan 
104.625, 66.125, 3.208877713723826e-20, nan 
104.875, 66.125, 3.3159168641099036e-20, nan 
105.125, 66.125, 9.302381621025796e-21, nan 
105.375, 66.125, 2.3583171128760106e-20, nan 
105.625, 66.125, 1.6928848875659937e-20, nan 
105.875, 66.125, 1.3575392438967633e-20, nan 
106.125, 66.125, 7.899927675258894e-21, nan 
106.375, 66.125, 1.1090153792692373e-20, nan 
106.625, 66.125, 1.352590738175591e-20, nan 
106.875, 66.125, 2.1284974724452114e-20, nan 
107.125, 66.125, 3.548949127873295e-20, nan 
107.375, 66.125, 3.519440405503674e-20, nan 
107.625, 66.125, 3.9269561028275564e-20, nan 
107.875, 66.125, 2.4049606456314566e-20, nan 
108.125, 66.125, 2.1760723351139837e-20, nan 
108.375, 66.125, 2.513098250740922e-20, nan 
108.625, 66.125, 2.250247398659529e-20, nan 
108.875, 66.125, 2.8988724603467186e-20, nan 
109.125, 66.125, 2.5763404402800173e-20, nan 
109.375, 66.125, 1.4352163601070776e-20, nan 
109.625, 66.125, 2.125189249927308e-20, nan 
109.875, 66.125, 2.7381009949124644e-20, nan 
110.125, 66.125, 3.192459223969381e-20, nan 
110.375, 66.125, 1.3715153346778242e-20, nan 
110.625, 66.125, 1.718927608804222e-20, nan 
110.875, 66.125, 1.946212077064006e-20, nan 
111.125, 66.125, 1.503278070403798e-20, nan 
111.375, 66.125, 1.6901766207379088e-20, nan 
111.625, 66.125, 7.797544820819511e-21, nan 
111.875, 66.125, 5.1141633370953025e-21, nan 
112.125, 66.125, 4.6618991239662466e-21, nan 
112.375, 66.125, 8.04056003828927e-21, nan 
112.625, 66.125, 1.271271889253112e-20, nan 
112.875, 66.125, 2.79521202462219e-20, nan 
113.125, 66.125, 3.6351118082591673e-20, nan 
113.375, 66.125, 3.234140655637526e-20, nan 
113.625, 66.125, 2.4769842244912813e-20, nan 
113.875, 66.125, 3.320843040071687e-20, nan 
114.125, 66.125, 2.7921830233421685e-20, nan 
114.375, 66.125, 2.1202599290959868e-20, nan 
114.625, 66.125, 1.1352488045126481e-20, nan 
114.875, 66.125, 7.660039754601373e-21, nan 
115.125, 66.125, 5.898633428264211e-21, nan 
115.375, 66.125, 4.307682409624592e-21, nan 
115.625, 66.125, 5.985979234909445e-21, nan 
115.875, 66.125, 1.404772490889796e-20, nan 
116.125, 66.125, 2.3502742162397797e-20, nan 
116.375, 66.125, 2.1247763270020317e-20, nan 
116.625, 66.125, 1.5432200719302507e-20, nan 
116.875, 66.125, 2.0656227834567543e-20, nan 
117.125, 66.125, 1.2820685365018266e-20, nan 
117.375, 66.125, 1.0672173048830307e-20, nan 
117.625, 66.125, 5.058747837870289e-21, nan 
117.875, 66.125, 6.225813669161695e-21, nan 
118.125, 66.125, 7.202493032965028e-21, nan 
118.375, 66.125, 7.917043045854253e-21, nan 
118.625, 66.125, 6.427705828965353e-21, nan 
118.875, 66.125, 6.5605297987142086e-21, nan 
119.125, 66.125, 8.547991655403691e-21, nan 
119.375, 66.125, 4.947817911137395e-21, nan 
119.625, 66.125, 2.4705395006179164e-21, nan 
119.875, 66.125, 4.369918255425902e-21, nan 
120.125, 66.125, 4.068350622729805e-21, nan 
120.375, 66.125, 3.0886150225580827e-21, nan 
120.625, 66.125, 2.6169143024421942e-21, nan 
120.875, 66.125, 3.1695745188413777e-21, nan 
121.125, 66.125, 5.4115289911283594e-21, nan 
121.375, 66.125, 3.3617010070798836e-21, nan 
121.625, 66.125, 3.8449646440923795e-21, nan 
121.875, 66.125, 6.103343725163612e-21, nan 
122.125, 66.125, 3.2274645806707237e-21, nan 
122.375, 66.125, 2.544058980946957e-21, nan 
122.625, 66.125, 2.848899626747274e-21, nan 
122.875, 66.125, 1.878455479897949e-21, nan 
123.125, 66.125, 2.5570706251188275e-21, nan 
123.375, 66.125, 3.425402351862562e-21, nan 
123.625, 66.125, 2.4575040457740713e-21, nan 
123.875, 66.125, 1.5678689926465046e-21, nan 
124.125, 66.125, 1.0954759481431374e-21, nan 
124.375, 66.125, 1.1217926198496637e-21, nan 
124.625, 66.125, 1.1280441358655834e-21, nan 
124.875, 66.125, 6.192163082665263e-22, nan 
125.125, 66.125, 6.104247737892055e-22, nan 
125.375, 66.125, 1.0143606781406419e-21, nan 
125.625, 66.125, 1.6426781790053726e-21, nan 
125.875, 66.125, 1.876393419742831e-21, nan 
126.125, 66.125, 1.7525089328575896e-21, nan 
126.375, 66.125, 1.9710654756889475e-21, nan 
126.625, 66.125, 2.5956035403298063e-21, nan 
126.875, 66.125, 1.7925935496968655e-21, nan 
127.125, 66.125, 9.884421266118548e-22, nan 
127.375, 66.125, 2.1818590413588996e-21, nan 
127.625, 66.125, 2.7957219198043034e-21, nan 
127.875, 66.125, 2.7111079681793843e-21, nan 
128.125, 66.125, 1.9069053029489206e-21, nan 
128.375, 66.125, 2.410293440127047e-21, nan 
128.625, 66.125, 2.3331813497740197e-21, nan 
128.875, 66.125, 2.1163563687463965e-21, nan 
129.125, 66.125, 1.9228438277632415e-21, nan 
129.375, 66.125, 4.794047356792882e-22, nan 
129.625, 66.125, 9.951707618208857e-22, nan 
129.875, 66.125, 1.2329485213447275e-21, nan 
130.125, 66.125, 3.00384189471745e-22, nan 
130.375, 66.125, 3.8970193530382123e-22, nan 
130.625, 66.125, 6.39378261478687e-22, nan 
130.875, 66.125, 9.773512610428648e-22, nan 
131.125, 66.125, 4.666889394163254e-22, nan 
131.375, 66.125, 9.17836883412746e-22, nan 
131.625, 66.125, 8.604920511582675e-22, nan 
131.875, 66.125, 4.88051753000654e-22, nan 
132.125, 66.125, 9.136585939384517e-22, nan 
132.375, 66.125, 7.02485518586458e-22, nan 
132.625, 66.125, 4.0620261151639504e-22, nan 
132.875, 66.125, 1.293067583693481e-22, nan 
133.125, 66.125, 3.5261718200186637e-22, nan 
133.375, 66.125, 3.28243116889592e-22, nan 
133.625, 66.125, 3.2120791271609724e-22, nan 
133.875, 66.125, 1.874572758132845e-22, nan 
134.125, 66.125, 2.39136837625597e-22, nan 
134.375, 66.125, 2.4941506453884034e-22, nan 
134.625, 66.125, 1.818534742495638e-22, nan 
134.875, 66.125, 1.1982265120274773e-22, nan 
135.125, 66.125, 8.777314215861091e-23, nan 
135.375, 66.125, 1.0483005141762557e-22, nan 
135.625, 66.125, 3.3598339596999196e-22, nan 
135.875, 66.125, 2.368988118553135e-22, nan 
136.125, 66.125, 1.7646145984351713e-22, nan 
136.375, 66.125, 3.5977576893019304e-22, nan 
136.625, 66.125, 3.7558379601729964e-22, nan 
136.875, 66.125, 3.2580511962606287e-22, nan 
137.125, 66.125, 3.994830389656471e-22, nan 
137.375, 66.125, 4.121442719667693e-22, nan 
137.625, 66.125, 2.75407402857062e-22, nan 
137.875, 66.125, 3.8977373648348874e-22, nan 
138.125, 66.125, 3.2984122149943844e-22, nan 
138.375, 66.125, 2.1945749563704246e-22, nan 
138.625, 66.125, 1.574981663420414e-22, nan 
138.875, 66.125, 1.3237832715596796e-22, nan 
139.125, 66.125, 1.4123144773172287e-22, nan 
139.375, 66.125, 1.5007590389848094e-22, nan 
139.625, 66.125, 1.328333064651369e-22, nan 
139.875, 66.125, 1.578767660960525e-22, nan 
140.125, 66.125, 1.7147178369136312e-22, nan 
140.375, 66.125, 1.3673445568731659e-22, nan 
140.625, 66.125, 1.2148250707110668e-22, nan 
140.875, 66.125, 7.243052562080725e-23, nan 
141.125, 66.125, 9.517609278155798e-23, nan 
141.375, 66.125, 1.3372689055343238e-22, nan 
141.625, 66.125, 1.7224671060625703e-22, nan 
141.875, 66.125, 1.8835952936309879e-22, nan 
142.125, 66.125, 1.6758667221685972e-22, nan 
142.375, 66.125, 1.586239738901154e-22, nan 
142.625, 66.125, 2.0032609478682972e-22, nan 
142.875, 66.125, 2.5150929182468354e-22, nan 
143.125, 66.125, 3.3786166143313277e-22, nan 
143.375, 66.125, 5.418654433550005e-22, nan 
143.625, 66.125, 1.882447594770635e-21, nan 
143.875, 66.125, 3.303925927975162e-21, nan 
144.125, 66.125, 3.435337271535608e-21, nan 
144.375, 66.125, 2.2274511600570523e-21, nan 
144.625, 66.125, 7.9658834052487355e-22, nan 
144.875, 66.125, 2.823887024499808e-22, nan 
145.125, 66.125, 3.036905969554061e-22, nan 
145.375, 66.125, 2.2887149447821685e-22, nan 
145.625, 66.125, 1.5601186885155716e-22, nan 
145.875, 66.125, 1.659046358248892e-22, nan 
146.125, 66.125, 4.666386076058197e-23, nan 
146.375, 66.125, 2.967682295346286e-23, nan 
146.625, 66.125, 5.846997011546924e-23, nan 
146.875, 66.125, 7.818556068196826e-23, nan 
147.125, 66.125, 8.518154813721942e-23, nan 
147.375, 66.125, 9.575212500098332e-23, nan 
147.625, 66.125, 9.219037690196066e-23, nan 
147.875, 66.125, 3.103054583589065e-23, nan 
148.125, 66.125, 6.146493517766857e-23, nan 
148.375, 66.125, 6.346007288606753e-23, nan 
148.625, 66.125, 3.5683053802848506e-23, nan 
148.875, 66.125, 3.197793387670416e-23, nan 
149.125, 66.125, 4.041016543542681e-23, nan 
149.375, 66.125, 6.203064155942682e-23, nan 
149.625, 66.125, 8.152403070380075e-23, nan 
149.875, 66.125, 5.738991106696324e-23, nan 
150.125, 66.125, 6.491981938007039e-23, nan 
150.375, 66.125, 1.1239666735853669e-22, nan 
150.625, 66.125, 1.2023109853589215e-22, nan 
150.875, 66.125, 1.5191535968254115e-22, nan 
151.125, 66.125, 8.412622230018365e-23, nan 
151.375, 66.125, 1.121293219851217e-22, nan 
151.625, 66.125, 1.1163193440353898e-22, nan 
151.875, 66.125, 9.547379538424381e-23, nan 
152.125, 66.125, 7.803139895864837e-23, nan 
152.375, 66.125, 7.806103810282236e-23, nan 
152.625, 66.125, 6.399868513332745e-23, nan 
152.875, 66.125, 3.874758459683194e-23, nan 
153.125, 66.125, 2.2715421871699374e-23, nan 
153.375, 66.125, 9.297745328976547e-24, nan 
153.625, 66.125, 3.0347594852144864e-23, nan 
153.875, 66.125, 3.2243291475260104e-23, nan 
154.125, 66.125, 2.57711008147603e-23, nan 
154.375, 66.125, 3.3177298763110444e-23, nan 
154.625, 66.125, 3.051457846634911e-23, nan 
154.875, 66.125, 3.215902105113961e-23, nan 
155.125, 66.125, 1.7069520492787655e-23, nan 
155.375, 66.125, 1.0373816065589272e-23, nan 
155.625, 66.125, 2.0246621674491038e-23, nan 
155.875, 66.125, 2.2808613384871036e-23, nan 
156.125, 66.125, 1.3269982563297223e-23, nan 
156.375, 66.125, 2.3483233698969296e-23, nan 
156.625, 66.125, 2.057929652306645e-23, nan 
156.875, 66.125, 3.921871690525337e-23, nan 
157.125, 66.125, 3.183324232880442e-23, nan 
157.375, 66.125, 3.18253220401466e-23, nan 
157.625, 66.125, 4.2135156160014104e-23, nan 
157.875, 66.125, 4.066548551104074e-23, nan 
158.125, 66.125, 3.060566526676719e-23, nan 
158.375, 66.125, 2.821189979236051e-23, nan 
158.625, 66.125, 2.48482754865362e-23, nan 
158.875, 66.125, 2.5442836935835543e-23, nan 
159.125, 66.125, 2.86613231290835e-23, nan 
159.375, 66.125, 1.989798613153391e-23, nan 
159.625, 66.125, 1.3505318433788716e-23, nan 
159.875, 66.125, 9.803008119242915e-24, nan 
160.125, 66.125, 8.392301823915125e-24, nan 
160.375, 66.125, 9.544642512600718e-24, nan 
160.625, 66.125, 8.37202628274248e-24, nan 
160.875, 66.125, 8.873220241818595e-24, nan 
161.125, 66.125, 8.486435084209321e-24, nan 
161.375, 66.125, 1.1194728356915711e-23, nan 
161.625, 66.125, 1.1050343938672594e-23, nan 
161.875, 66.125, 9.604353597386918e-24, nan 
162.125, 66.125, 8.61613505090854e-24, nan 
162.375, 66.125, 1.7808972975397893e-23, nan 
162.625, 66.125, 1.024947295173421e-23, nan 
162.875, 66.125, 3.225877749365654e-23, nan 
163.125, 66.125, 1.2323502184552122e-22, nan 
163.375, 66.125, 2.18689770243724e-22, nan 
163.625, 66.125, 1.6417052104696683e-22, nan 
163.875, 66.125, 3.09845733890401e-23, nan 
164.125, 66.125, 2.0148878983244296e-23, nan 
164.375, 66.125, 1.959045035301617e-23, nan 
164.625, 66.125, 2.3017064470294452e-23, nan 
164.875, 66.125, 2.05223847629919e-23, nan 
165.125, 66.125, 1.9485520586461438e-23, nan 
165.375, 66.125, 1.0562783122387096e-23, nan 
165.625, 66.125, 1.1493101225086032e-23, nan 
165.875, 66.125, 9.984246428449228e-24, nan 
166.125, 66.125, 1.012098449286772e-23, nan 
166.375, 66.125, 4.675809479105324e-24, nan 
166.625, 66.125, 8.392770739736405e-24, nan 
166.875, 66.125, 1.5823695879369655e-23, nan 
167.125, 66.125, 7.955901012166357e-24, nan 
167.375, 66.125, 6.400592929402672e-24, nan 
167.625, 66.125, 4.763265725762409e-24, nan 
167.875, 66.125, 2.551789833827066e-24, nan 
168.125, 66.125, 5.1474090732642556e-24, nan 
168.375, 66.125, 6.3922339600388876e-24, nan 
168.625, 66.125, 4.3955556143901945e-24, nan 
168.875, 66.125, 9.700812641684731e-24, nan 
169.125, 66.125, 1.2579820494290703e-23, nan 
169.375, 66.125, 6.2128218258617166e-24, nan 
169.625, 66.125, 6.165772191714362e-24, nan 
169.875, 66.125, 8.254829477864884e-24, nan 
170.125, 66.125, 2.8270209727222444e-24, nan 
170.375, 66.125, 6.4003214934009665e-24, nan 
170.625, 66.125, 1.0636166796849464e-23, nan 
170.875, 66.125, 4.8351938552628716e-24, nan 
171.125, 66.125, 8.502749548131185e-24, nan 
171.375, 66.125, 1.4118859110315192e-23, nan 
171.625, 66.125, 9.400919348412418e-24, nan 
171.875, 66.125, 1.3466215662574875e-23, nan 
172.125, 66.125, 2.1808059677638597e-23, nan 
172.375, 66.125, 1.6749800119708454e-23, nan 
172.625, 66.125, 1.4652080206305433e-23, nan 
172.875, 66.125, 1.8475434228140996e-23, nan 
173.125, 66.125, 1.1001077358942112e-23, nan 
173.375, 66.125, 8.36288033215538e-24, nan 
173.625, 66.125, 1.2819342290249844e-23, nan 
173.875, 66.125, 1.0596491452612596e-23, nan 
174.125, 66.125, 1.1530593442546404e-23, nan 
174.375, 66.125, 1.2949214126996559e-23, nan 
174.625, 66.125, 1.3115077807680608e-23, nan 
174.875, 66.125, 1.43213464786243e-23, nan 
175.125, 66.125, 1.3663659850548392e-23, nan 
175.375, 66.125, 1.6143558560714183e-23, nan 
175.625, 66.125, 1.3961654107399602e-23, nan 
175.875, 66.125, 1.9427871062794915e-23, nan 
176.125, 66.125, 1.2676387342458765e-23, nan 
176.375, 66.125, 5.167333613468038e-24, nan 
176.625, 66.125, 1.865675554526661e-23, nan 
176.875, 66.125, 2.048518562962348e-23, nan 
177.125, 66.125, 9.39832473414999e-24, nan 
177.375, 66.125, 1.1698279306182248e-23, nan 
177.625, 66.125, 1.0950549351463563e-23, nan 
177.875, 66.125, 8.642918933738463e-24, nan 
178.125, 66.125, 8.548194716635643e-24, nan 
178.375, 66.125, 8.743432670339927e-24, nan 
178.625, 66.125, 6.543536565353813e-24, nan 
178.875, 66.125, 7.041001536469314e-24, nan 
179.125, 66.125, 1.8745319825694708e-23, nan 
179.375, 66.125, 8.959285156974234e-24, nan 
179.625, 66.125, 6.600591372506744e-24, nan 
179.875, 66.125, 1.3833047496066727e-23, nan 
-179.875, 66.375, 1.317730766594559e-23, nan 
-179.625, 66.375, 1.344695705923892e-23, nan 
-179.375, 66.375, 1.2855698216839534e-23, nan 
-179.125, 66.375, 1.0563329618035461e-23, nan 
-178.875, 66.375, 9.025536111536306e-24, nan 
-178.625, 66.375, 8.4573727408423e-24, nan 
-178.375, 66.375, 4.621324541302907e-24, nan 
-178.125, 66.375, 9.254375488526507e-24, nan 
-177.875, 66.375, 8.764593153967679e-24, nan 
-177.625, 66.375, 5.500234123436223e-24, nan 
-177.375, 66.375, 5.3982652973525804e-24, nan 
30.125, 66.375, 1.1919126690476483e-24, nan 
30.375, 66.375, 2.5017682590391964e-24, nan 
30.625, 66.375, 2.3780081138500936e-24, nan 
30.875, 66.375, 2.6209634141768828e-24, nan 
31.125, 66.375, 3.630237360371134e-24, nan 
31.375, 66.375, 3.6797281539416865e-24, nan 
31.625, 66.375, 4.4028461682346364e-24, nan 
31.875, 66.375, 4.3927649861380945e-24, nan 
32.125, 66.375, 4.145158529775008e-24, nan 
32.375, 66.375, 4.6569911251114964e-24, nan 
32.625, 66.375, 4.9308133236887255e-24, nan 
32.875, 66.375, 5.324491373391483e-24, nan 
33.125, 66.375, 2.9160019688359725e-24, nan 
33.375, 66.375, 2.3790323497079297e-24, nan 
33.625, 66.375, 2.0390641320184614e-24, nan 
33.875, 66.375, 1.280167870366521e-24, nan 
34.125, 66.375, 1.5983802305376184e-24, nan 
34.375, 66.375, 1.8666976769688634e-24, nan 
34.625, 66.375, 1.5388169310370618e-24, nan 
34.875, 66.375, 1.2181808145202286e-24, nan 
35.125, 66.375, 2.9550275218193697e-24, nan 
35.375, 66.375, 6.98829515026241e-24, nan 
35.625, 66.375, 4.093131477905906e-24, nan 
35.875, 66.375, 2.9169395932367603e-24, nan 
36.125, 66.375, 3.94302050824397e-24, nan 
36.375, 66.375, 3.784981621660468e-24, nan 
36.625, 66.375, 3.900907647149083e-24, nan 
36.875, 66.375, 3.5704016424756545e-24, nan 
37.125, 66.375, 3.508561832245878e-24, nan 
37.375, 66.375, 4.5835983458824244e-24, nan 
37.625, 66.375, 6.0892088820241454e-24, nan 
37.875, 66.375, 4.44316127697401e-24, nan 
38.125, 66.375, 2.2524444092218132e-23, nan 
38.375, 66.375, 3.398070761851119e-23, nan 
38.625, 66.375, 1.08052360225437e-22, nan 
38.875, 66.375, 1.3251309239508312e-22, nan 
39.125, 66.375, 1.4546420971108402e-22, nan 
39.375, 66.375, 2.326581023497936e-22, nan 
39.625, 66.375, 2.0894816270610814e-22, nan 
39.875, 66.375, 2.5485104891962458e-22, nan 
40.125, 66.375, 2.140659407068967e-22, nan 
40.375, 66.375, 1.3306893363299317e-22, nan 
40.625, 66.375, 1.650095373822894e-22, nan 
40.875, 66.375, 1.2621675744712137e-22, nan 
41.125, 66.375, 4.969554466788219e-23, nan 
41.375, 66.375, 4.3949227244300277e-23, nan 
41.625, 66.375, 1.442597400851882e-23, nan 
41.875, 66.375, 1.3524783547546727e-23, nan 
42.125, 66.375, 7.67452750849322e-24, nan 
42.375, 66.375, 1.3356653546733606e-23, nan 
42.625, 66.375, 5.307762723253605e-24, nan 
42.875, 66.375, 7.642878608014118e-24, nan 
43.125, 66.375, 1.1680923616957564e-23, nan 
43.375, 66.375, 5.455339774068092e-24, nan 
43.625, 66.375, 2.9940748916354195e-24, nan 
43.875, 66.375, 3.532000220939024e-24, nan 
44.125, 66.375, 2.4710819832241826e-24, nan 
44.375, 66.375, 3.4025581612082774e-24, nan 
44.625, 66.375, 3.634792706725881e-24, nan 
44.875, 66.375, 4.14496273333574e-24, nan 
45.125, 66.375, 7.08221343075982e-24, nan 
45.375, 66.375, 4.395087775162299e-24, nan 
45.625, 66.375, 5.893230694532677e-24, nan 
45.875, 66.375, 7.812585872025749e-24, nan 
46.125, 66.375, 4.9527738593307574e-24, nan 
46.375, 66.375, 7.911604607871567e-24, nan 
46.625, 66.375, 4.4468902262633285e-24, nan 
46.875, 66.375, 5.612168259411174e-24, nan 
47.125, 66.375, 4.303373752120145e-24, nan 
47.375, 66.375, 4.161005686225309e-24, nan 
47.625, 66.375, 3.252914216537691e-24, nan 
47.875, 66.375, 3.419865993428615e-24, nan 
48.125, 66.375, 5.248719749726973e-24, nan 
48.375, 66.375, 5.169211607024018e-24, nan 
48.625, 66.375, 8.386602506686193e-24, nan 
48.875, 66.375, 7.351485397331761e-24, nan 
49.125, 66.375, 7.834116160951779e-24, nan 
49.375, 66.375, 1.0789759552910536e-23, nan 
49.625, 66.375, 1.0327629499676447e-23, nan 
49.875, 66.375, 8.767629246389612e-24, nan 
50.125, 66.375, 8.961952656836153e-24, nan 
50.375, 66.375, 1.016984997379707e-23, nan 
50.625, 66.375, 8.2612005966441e-24, nan 
50.875, 66.375, 9.711413534866227e-24, nan 
51.125, 66.375, 8.970295135100182e-24, nan 
51.375, 66.375, 1.012171319674401e-23, nan 
51.625, 66.375, 8.896790579124141e-24, nan 
51.875, 66.375, 8.757900489469237e-24, nan 
52.125, 66.375, 1.0754561146058828e-23, nan 
52.375, 66.375, 1.3234597023211375e-23, nan 
52.625, 66.375, 9.61128311484735e-24, nan 
52.875, 66.375, 1.2586248785344854e-23, nan 
53.125, 66.375, 2.044194716870688e-23, nan 
53.375, 66.375, 2.118198114748956e-23, nan 
53.625, 66.375, 1.5343067947009436e-23, nan 
53.875, 66.375, 1.9262541850707237e-23, nan 
54.125, 66.375, 1.7126071923285965e-23, nan 
54.375, 66.375, 7.948723136746516e-24, nan 
54.625, 66.375, 1.3003352737799516e-23, nan 
54.875, 66.375, 1.3866368584629122e-23, nan 
55.125, 66.375, 1.165432456823578e-23, nan 
55.375, 66.375, 1.5953634026757228e-23, nan 
55.625, 66.375, 9.173524907520846e-24, nan 
55.875, 66.375, 9.5761017938609e-24, nan 
56.125, 66.375, 4.937062496832244e-24, nan 
56.375, 66.375, 1.0463080899398009e-23, nan 
56.625, 66.375, 1.0645262531305014e-23, nan 
56.875, 66.375, 1.3269671923925193e-23, nan 
57.125, 66.375, 2.2535809896349692e-23, nan 
57.375, 66.375, 3.1593664938071404e-23, nan 
57.625, 66.375, 1.8722988692397283e-23, nan 
57.875, 66.375, 1.8992092165588792e-23, nan 
58.125, 66.375, 1.4873893156346726e-23, nan 
58.375, 66.375, 1.270331780262697e-23, nan 
58.625, 66.375, 3.2177278787723165e-23, nan 
58.875, 66.375, 1.8738156544034682e-23, nan 
59.125, 66.375, 1.772298190664324e-23, nan 
59.375, 66.375, 2.687850062688769e-23, nan 
59.625, 66.375, 2.1569916099534725e-23, nan 
59.875, 66.375, 2.0481884175195917e-23, nan 
60.125, 66.375, 1.9798167707532543e-23, nan 
60.375, 66.375, 1.160040294055218e-23, nan 
60.625, 66.375, 2.113157220121515e-23, nan 
60.875, 66.375, 1.9564035183993535e-23, nan 
61.125, 66.375, 1.6650364999728447e-23, nan 
61.375, 66.375, 2.8538169872097027e-23, nan 
61.625, 66.375, 3.010979486817499e-23, nan 
61.875, 66.375, 1.3898677135559933e-23, nan 
62.125, 66.375, 1.7430531231037286e-23, nan 
62.375, 66.375, 2.0311098045866122e-23, nan 
62.625, 66.375, 1.8341021141605687e-23, nan 
62.875, 66.375, 1.9287258510490543e-23, nan 
63.125, 66.375, 1.564038207184902e-23, nan 
63.375, 66.375, 1.231048315320162e-23, nan 
63.625, 66.375, 1.7623949705680055e-23, nan 
63.875, 66.375, 1.6113074620622589e-23, nan 
64.125, 66.375, 1.2676875985068806e-23, nan 
64.375, 66.375, 3.0900665710298e-23, nan 
64.625, 66.375, 2.4069120532909613e-23, nan 
64.875, 66.375, 1.8461238871476176e-23, nan 
65.125, 66.375, 5.616906618478155e-23, nan 
65.375, 66.375, 3.167685360011136e-23, nan 
65.625, 66.375, 1.797765280002658e-23, nan 
65.875, 66.375, 5.480206707501414e-23, nan 
66.125, 66.375, 5.575401931935842e-23, nan 
66.375, 66.375, 5.643236322957742e-23, nan 
66.625, 66.375, 6.830452404865342e-23, nan 
66.875, 66.375, 7.637831194972805e-23, nan 
67.125, 66.375, 8.674310857169894e-23, nan 
67.375, 66.375, 4.41039039410825e-23, nan 
67.625, 66.375, 6.061501665023857e-23, nan 
67.875, 66.375, 1.0698629716810558e-22, nan 
68.125, 66.375, 5.420396767846775e-23, nan 
68.375, 66.375, 7.426662248953604e-23, nan 
68.625, 66.375, 7.860360605218028e-23, nan 
68.875, 66.375, 5.696366870310596e-23, nan 
69.125, 66.375, 3.5629388806756714e-23, nan 
69.375, 66.375, 2.4013471011546484e-23, nan 
69.625, 66.375, 5.366105836002287e-23, nan 
69.875, 66.375, 4.4713784428407695e-23, nan 
70.125, 66.375, 4.6340587915556924e-23, nan 
70.375, 66.375, 6.537746222391797e-23, nan 
70.625, 66.375, 8.675577635003703e-23, nan 
70.875, 66.375, 6.772476089582727e-23, nan 
71.125, 66.375, 6.065535148224023e-23, nan 
71.375, 66.375, 1.0973391851637133e-22, nan 
71.625, 66.375, 8.181139465427969e-23, nan 
71.875, 66.375, 7.579021136132086e-23, nan 
72.125, 66.375, 2.600441908825021e-23, nan 
72.375, 66.375, 1.2474536202990233e-22, nan 
72.625, 66.375, 1.612669623145694e-22, nan 
72.875, 66.375, 1.6378106019554222e-22, nan 
73.125, 66.375, 2.031863193527097e-22, nan 
73.375, 66.375, 2.428338533406405e-22, nan 
73.625, 66.375, 2.2714382569176593e-22, nan 
73.875, 66.375, 2.205662819558196e-22, nan 
74.125, 66.375, 1.8986110279452983e-22, nan 
74.375, 66.375, 7.155010906989328e-23, nan 
74.625, 66.375, 7.194730877831261e-23, nan 
74.875, 66.375, 8.872984935153931e-23, nan 
75.125, 66.375, 1.1072584143035849e-22, nan 
75.375, 66.375, 6.396884728274633e-23, nan 
75.625, 66.375, 1.795631229616623e-22, nan 
75.875, 66.375, 1.6700214761264977e-22, nan 
76.125, 66.375, 1.2814836489845738e-22, nan 
76.375, 66.375, 1.3535607917410628e-22, nan 
76.625, 66.375, 1.1342996808447237e-22, nan 
76.875, 66.375, 1.1390402388730816e-22, nan 
77.125, 66.375, 1.6202076555548298e-22, nan 
77.375, 66.375, 1.6395567951028279e-22, nan 
77.625, 66.375, 2.0337014601084518e-22, nan 
77.875, 66.375, 3.360303860095242e-22, nan 
78.125, 66.375, 2.927426838389783e-22, nan 
78.375, 66.375, 3.490752684655392e-22, nan 
78.625, 66.375, 4.0396268417560212e-22, nan 
78.875, 66.375, 4.270775357061334e-22, nan 
79.125, 66.375, 3.352990308032434e-22, nan 
79.375, 66.375, 6.316987059785267e-22, nan 
79.625, 66.375, 8.212699257109826e-22, nan 
79.875, 66.375, 4.659654257026044e-22, nan 
80.125, 66.375, 3.933211806888757e-22, nan 
80.375, 66.375, 4.406176192061245e-22, nan 
80.625, 66.375, 4.835215219114153e-22, nan 
80.875, 66.375, 4.837977777200814e-22, nan 
81.125, 66.375, 1.8379303091325675e-21, nan 
81.375, 66.375, 6.512475073415525e-22, nan 
81.625, 66.375, 1.209543336707193e-21, nan 
81.875, 66.375, 2.114379372696341e-21, nan 
82.125, 66.375, 8.91348874087251e-22, nan 
82.375, 66.375, 1.2273486520193675e-21, nan 
82.625, 66.375, 3.540201887497178e-22, nan 
82.875, 66.375, 7.147513311882624e-22, nan 
83.125, 66.375, 1.0020749433534722e-21, nan 
83.375, 66.375, 5.455507570214095e-22, nan 
83.625, 66.375, 5.085398679669817e-22, nan 
83.875, 66.375, 7.905967499594643e-22, nan 
84.125, 66.375, 6.861150687418245e-22, nan 
84.375, 66.375, 9.81455328247557e-22, nan 
84.625, 66.375, 7.54614857310632e-22, nan 
84.875, 66.375, 4.817974461228087e-22, nan 
85.125, 66.375, 5.427241260615442e-22, nan 
85.375, 66.375, 5.702193348625545e-22, nan 
85.625, 66.375, 9.481287011563895e-22, nan 
85.875, 66.375, 9.446509211652095e-22, nan 
86.125, 66.375, 1.1527699907605373e-21, nan 
86.375, 66.375, 2.1508837844342284e-21, nan 
86.625, 66.375, 1.5659085699366178e-21, nan 
86.875, 66.375, 2.150701356688539e-21, nan 
87.125, 66.375, 3.198544100656109e-21, nan 
87.375, 66.375, 3.776298669728719e-21, nan 
87.625, 66.375, 1.6297304792547701e-21, nan 
87.875, 66.375, 2.415257961688027e-21, nan 
88.125, 66.375, 2.6392585931650183e-21, nan 
88.375, 66.375, 9.896746149934385e-22, nan 
88.625, 66.375, 1.4473388703182615e-21, nan 
88.875, 66.375, 2.9576059706546386e-21, nan 
89.125, 66.375, 2.607022766225501e-21, nan 
89.375, 66.375, 3.050628122742335e-21, nan 
89.625, 66.375, 2.5008944788987834e-21, nan 
89.875, 66.375, 2.1080199075919457e-21, nan 
90.125, 66.375, 4.090367671332992e-21, nan 
90.375, 66.375, 2.6819236052964947e-21, nan 
90.625, 66.375, 2.8349666854357274e-21, nan 
90.875, 66.375, 1.7556706731957637e-21, nan 
91.125, 66.375, 3.623432550882356e-21, nan 
91.375, 66.375, 3.179342246013478e-21, nan 
91.625, 66.375, 2.7200730803703502e-21, nan 
91.875, 66.375, 2.796911282309963e-21, nan 
92.125, 66.375, 4.213701238827881e-21, nan 
92.375, 66.375, 2.861816398859007e-21, nan 
92.625, 66.375, 3.22712135021587e-21, nan 
92.875, 66.375, 5.0375369083885736e-21, nan 
93.125, 66.375, 3.461937030007253e-21, nan 
93.375, 66.375, 3.9673406282818745e-21, nan 
93.625, 66.375, 5.0885760361480544e-21, nan 
93.875, 66.375, 2.9417506672380773e-21, nan 
94.125, 66.375, 5.101939182212973e-21, nan 
94.375, 66.375, 1.0061091840930613e-20, nan 
94.625, 66.375, 1.1152528295212467e-20, nan 
94.875, 66.375, 9.492664618603347e-21, nan 
95.125, 66.375, 1.4971779187367468e-20, nan 
95.375, 66.375, 1.7296034394229812e-20, nan 
95.625, 66.375, 1.0516792556080843e-20, nan 
95.875, 66.375, 1.0054169382862681e-20, nan 
96.125, 66.375, 1.4155575070159006e-20, nan 
96.375, 66.375, 1.1770807648216756e-20, nan 
96.625, 66.375, 1.6073372060869548e-20, nan 
96.875, 66.375, 1.9644182706560725e-20, nan 
97.125, 66.375, 2.4237155511671934e-20, nan 
97.375, 66.375, 3.3996525380508456e-20, nan 
97.625, 66.375, 4.5813686290293883e-20, nan 
97.875, 66.375, 2.304345056524794e-20, nan 
98.125, 66.375, 2.06852947606675e-20, nan 
98.375, 66.375, 2.6816198125020396e-20, nan 
98.625, 66.375, 2.6446112414429317e-20, nan 
98.875, 66.375, 1.866869172058957e-20, nan 
99.125, 66.375, 5.573609421353315e-20, nan 
99.375, 66.375, 3.9000358046341255e-20, nan 
99.625, 66.375, 4.779288213909689e-20, nan 
99.875, 66.375, 5.256982026020766e-20, nan 
100.125, 66.375, 7.01688910607205e-20, nan 
100.375, 66.375, 2.960142842063269e-20, nan 
100.625, 66.375, 3.179120253873857e-20, nan 
100.875, 66.375, 6.164021142604131e-20, nan 
101.125, 66.375, 2.2617665790075367e-20, nan 
101.375, 66.375, 2.8026606624664705e-20, nan 
101.625, 66.375, 1.3042320757647523e-20, nan 
101.875, 66.375, 1.3250398710061083e-20, nan 
102.125, 66.375, 6.7467732034586524e-21, nan 
102.375, 66.375, 7.926817270914773e-21, nan 
102.625, 66.375, 1.070745427486666e-20, nan 
102.875, 66.375, 1.2697960951947008e-20, nan 
103.125, 66.375, 2.5792369512574682e-20, nan 
103.375, 66.375, 1.9489776826401696e-20, nan 
103.625, 66.375, 2.7043298190582953e-20, nan 
103.875, 66.375, 3.8210044162753194e-20, nan 
104.125, 66.375, 3.6176876116812586e-20, nan 
104.375, 66.375, 3.058967533649816e-20, nan 
104.625, 66.375, 1.960041463439544e-20, nan 
104.875, 66.375, 2.862356111712425e-20, nan 
105.125, 66.375, 2.389244399428776e-20, nan 
105.375, 66.375, 3.7420840269415864e-20, nan 
105.625, 66.375, 2.6560164904538202e-20, nan 
105.875, 66.375, 1.9522815504071802e-20, nan 
106.125, 66.375, 2.47314870725513e-20, nan 
106.375, 66.375, 3.720309861955127e-20, nan 
106.625, 66.375, 4.091987009568774e-20, nan 
106.875, 66.375, 2.0311111404620603e-20, nan 
107.125, 66.375, 4.9864004323974967e-20, nan 
107.375, 66.375, 4.5090282613026225e-20, nan 
107.625, 66.375, 2.594320379013547e-20, nan 
107.875, 66.375, 2.922416296810099e-20, nan 
108.125, 66.375, 2.689138287592337e-20, nan 
108.375, 66.375, 3.0608378432246153e-20, nan 
108.625, 66.375, 2.4478340173086952e-20, nan 
108.875, 66.375, 2.655769794520354e-20, nan 
109.125, 66.375, 2.406525138971909e-20, nan 
109.375, 66.375, 1.4932090782354873e-20, nan 
109.625, 66.375, 2.955316726392049e-20, nan 
109.875, 66.375, 3.144376423255131e-20, nan 
110.125, 66.375, 3.064023794158673e-20, nan 
110.375, 66.375, 2.0637475509423355e-20, nan 
110.625, 66.375, 2.3556614095251745e-20, nan 
110.875, 66.375, 2.2729061701855473e-20, nan 
111.125, 66.375, 1.2123916341907653e-20, nan 
111.375, 66.375, 1.0455277355305938e-20, nan 
111.625, 66.375, 6.4405725122592414e-21, nan 
111.875, 66.375, 1.5804142808520624e-20, nan 
112.125, 66.375, 3.7098793972394775e-20, nan 
112.375, 66.375, 3.632760152061414e-20, nan 
112.625, 66.375, 3.0379065656713976e-20, nan 
112.875, 66.375, 3.9221376050436446e-20, nan 
113.125, 66.375, 4.101943756002393e-20, nan 
113.375, 66.375, 3.684424094440466e-20, nan 
113.625, 66.375, 2.2209778549940926e-20, nan 
113.875, 66.375, 1.0222447649007775e-20, nan 
114.125, 66.375, 1.0178717540789862e-20, nan 
114.375, 66.375, 1.8763596591501457e-20, nan 
114.625, 66.375, 1.461490993622628e-20, nan 
114.875, 66.375, 1.6628333151530846e-20, nan 
115.125, 66.375, 2.220814724085289e-20, nan 
115.375, 66.375, 2.7594965528180704e-20, nan 
115.625, 66.375, 2.763702357024024e-20, nan 
115.875, 66.375, 2.0673946090382723e-20, nan 
116.125, 66.375, 2.818148707670642e-20, nan 
116.375, 66.375, 2.902475173663053e-20, nan 
116.625, 66.375, 1.8676034148632676e-20, nan 
116.875, 66.375, 7.37778731589299e-21, nan 
117.125, 66.375, 7.936476057214475e-21, nan 
117.375, 66.375, 1.2743438823968191e-20, nan 
117.625, 66.375, 9.70427208023847e-21, nan 
117.875, 66.375, 1.0292078751505192e-20, nan 
118.125, 66.375, 1.2654495569410767e-20, nan 
118.375, 66.375, 8.191939485520284e-21, nan 
118.625, 66.375, 9.59299747104772e-21, nan 
118.875, 66.375, 7.191901261710937e-21, nan 
119.125, 66.375, 6.274635498683772e-21, nan 
119.375, 66.375, 5.949725111412641e-21, nan 
119.625, 66.375, 4.840529189015305e-21, nan 
119.875, 66.375, 5.591730301644917e-21, nan 
120.125, 66.375, 3.0608271858851883e-21, nan 
120.375, 66.375, 3.3121435630549302e-21, nan 
120.625, 66.375, 3.018324625992365e-21, nan 
120.875, 66.375, 2.8048615156270563e-21, nan 
121.125, 66.375, 5.40942812260318e-21, nan 
121.375, 66.375, 5.202918759856096e-21, nan 
121.625, 66.375, 3.394802662978248e-21, nan 
121.875, 66.375, 3.945023096323494e-21, nan 
122.125, 66.375, 4.00692585766557e-21, nan 
122.375, 66.375, 3.1658140715193384e-21, nan 
122.625, 66.375, 4.257929235614122e-21, nan 
122.875, 66.375, 4.0828824105058055e-21, nan 
123.125, 66.375, 1.9978407413152998e-21, nan 
123.375, 66.375, 3.058692523554275e-21, nan 
123.625, 66.375, 3.550698114102953e-21, nan 
123.875, 66.375, 1.6232569129577809e-21, nan 
124.125, 66.375, 1.4708731084818935e-21, nan 
124.375, 66.375, 2.0339768087935895e-21, nan 
124.625, 66.375, 9.854941496898717e-22, nan 
124.875, 66.375, 9.009707395706024e-22, nan 
125.125, 66.375, 5.894209109198811e-22, nan 
125.375, 66.375, 1.7992389742146153e-21, nan 
125.625, 66.375, 1.9212545960418764e-21, nan 
125.875, 66.375, 1.2578748718787388e-21, nan 
126.125, 66.375, 1.8219260162963987e-21, nan 
126.375, 66.375, 1.9521516415706575e-21, nan 
126.625, 66.375, 2.0347713253068163e-21, nan 
126.875, 66.375, 1.8733223251759384e-21, nan 
127.125, 66.375, 1.3229162069004056e-21, nan 
127.375, 66.375, 1.1590072575775938e-21, nan 
127.625, 66.375, 1.2508169548525567e-21, nan 
127.875, 66.375, 1.0327319049975026e-21, nan 
128.125, 66.375, 1.4837142688031686e-21, nan 
128.375, 66.375, 6.353472948205591e-22, nan 
128.625, 66.375, 8.109409637940544e-22, nan 
128.875, 66.375, 1.0417183280083879e-21, nan 
129.125, 66.375, 9.516907017415758e-22, nan 
129.375, 66.375, 4.917020434390876e-22, nan 
129.625, 66.375, 8.498837769318718e-22, nan 
129.875, 66.375, 9.337347502747907e-22, nan 
130.125, 66.375, 1.2396420647774034e-21, nan 
130.375, 66.375, 1.7053422200488076e-21, nan 
130.625, 66.375, 1.624664795152627e-21, nan 
130.875, 66.375, 1.6560881329270419e-21, nan 
131.125, 66.375, 1.2428013392580264e-21, nan 
131.375, 66.375, 1.1569824946683353e-21, nan 
131.625, 66.375, 8.851880589996042e-22, nan 
131.875, 66.375, 3.9737370949742984e-22, nan 
132.125, 66.375, 5.170720260579791e-22, nan 
132.375, 66.375, 2.764156492178802e-22, nan 
132.625, 66.375, 5.135233976210853e-22, nan 
132.875, 66.375, 3.0348963057936793e-22, nan 
133.125, 66.375, 4.718979439640382e-22, nan 
133.375, 66.375, 4.263945824012927e-22, nan 
133.625, 66.375, 3.69223719250287e-22, nan 
133.875, 66.375, 3.5965963246539583e-22, nan 
134.125, 66.375, 3.9154702631394833e-22, nan 
134.375, 66.375, 3.308082148781808e-22, nan 
134.625, 66.375, 2.571907558530018e-22, nan 
134.875, 66.375, 1.5397322262043195e-22, nan 
135.125, 66.375, 1.3684896575117592e-22, nan 
135.375, 66.375, 2.434616636878478e-22, nan 
135.625, 66.375, 2.6096767849331767e-22, nan 
135.875, 66.375, 3.4752743442571397e-22, nan 
136.125, 66.375, 3.132683553551156e-22, nan 
136.375, 66.375, 2.6919206708720035e-22, nan 
136.625, 66.375, 3.570144986284524e-22, nan 
136.875, 66.375, 3.2559754951959756e-22, nan 
137.125, 66.375, 4.387592141223085e-22, nan 
137.375, 66.375, 4.938802942803787e-22, nan 
137.625, 66.375, 3.740074980173409e-22, nan 
137.875, 66.375, 3.653669879920843e-22, nan 
138.125, 66.375, 3.154311610947562e-22, nan 
138.375, 66.375, 2.175373242242188e-22, nan 
138.625, 66.375, 8.486738617935977e-23, nan 
138.875, 66.375, 6.784360934299882e-23, nan 
139.125, 66.375, 1.5890896432399944e-22, nan 
139.375, 66.375, 1.9196543302815782e-22, nan 
139.625, 66.375, 2.0412869305952877e-22, nan 
139.875, 66.375, 2.0358969994743807e-22, nan 
140.125, 66.375, 1.983839914099519e-22, nan 
140.375, 66.375, 2.0436391797916085e-22, nan 
140.625, 66.375, 1.5775838353858933e-22, nan 
140.875, 66.375, 1.7823713660660779e-22, nan 
141.125, 66.375, 2.1151246905654025e-22, nan 
141.375, 66.375, 1.6247480773456079e-22, nan 
141.625, 66.375, 2.2476663751314093e-22, nan 
141.875, 66.375, 3.169570839986927e-22, nan 
142.125, 66.375, 3.067991190368309e-22, nan 
142.375, 66.375, 3.517092878756445e-22, nan 
142.625, 66.375, 5.631657970851661e-22, nan 
142.875, 66.375, 1.7963814889556792e-21, nan 
143.125, 66.375, 3.48585684325782e-21, nan 
143.375, 66.375, 3.9374008069393886e-21, nan 
143.625, 66.375, 3.417030995852845e-21, nan 
143.875, 66.375, 6.782168287962801e-21, nan 
144.125, 66.375, 6.772976552631003e-21, nan 
144.375, 66.375, 3.798163285241105e-21, nan 
144.625, 66.375, 3.484093719204136e-21, nan 
144.875, 66.375, 2.5996115222978456e-21, nan 
145.125, 66.375, 1.5828140694478492e-21, nan 
145.375, 66.375, 7.476883654718906e-22, nan 
145.625, 66.375, 1.8091349083882679e-22, nan 
145.875, 66.375, 1.783247342487851e-22, nan 
146.125, 66.375, 1.4461845037870694e-22, nan 
146.375, 66.375, 7.552338382879283e-23, nan 
146.625, 66.375, 6.632444685329528e-23, nan 
146.875, 66.375, 6.161414702620322e-23, nan 
147.125, 66.375, 1.7509574944692704e-22, nan 
147.375, 66.375, 6.076876182322262e-23, nan 
147.625, 66.375, 6.191610861047894e-23, nan 
147.875, 66.375, 8.375231775185666e-23, nan 
148.125, 66.375, 2.99083773751826e-23, nan 
148.375, 66.375, 6.421113004897846e-23, nan 
148.625, 66.375, 3.269169033620929e-23, nan 
148.875, 66.375, 3.6518445849468734e-23, nan 
149.125, 66.375, 3.6530076912638814e-23, nan 
149.375, 66.375, 4.0172491851315325e-23, nan 
149.625, 66.375, 5.585754072651621e-23, nan 
149.875, 66.375, 4.053732517859935e-23, nan 
150.125, 66.375, 3.539995495570834e-23, nan 
150.375, 66.375, 6.706164394497253e-23, nan 
150.625, 66.375, 6.42961926100453e-23, nan 
150.875, 66.375, 9.64840532626881e-23, nan 
151.125, 66.375, 8.331442594622758e-23, nan 
151.375, 66.375, 9.819998604228797e-23, nan 
151.625, 66.375, 7.667451957740944e-23, nan 
151.875, 66.375, 6.535172341700331e-23, nan 
152.125, 66.375, 5.1183748448862094e-23, nan 
152.375, 66.375, 2.9046688917547414e-23, nan 
152.625, 66.375, 2.612542667154312e-23, nan 
152.875, 66.375, 1.3844349732916744e-23, nan 
153.125, 66.375, 2.6952277658019666e-23, nan 
153.375, 66.375, 1.959582861038763e-23, nan 
153.625, 66.375, 1.829696244201446e-23, nan 
153.875, 66.375, 2.4531882300765797e-23, nan 
154.125, 66.375, 2.2016857107526572e-23, nan 
154.375, 66.375, 3.167693364033613e-23, nan 
154.625, 66.375, 2.273756386761481e-23, nan 
154.875, 66.375, 8.96538193960453e-24, nan 
155.125, 66.375, 1.9122180840017097e-23, nan 
155.375, 66.375, 1.6084253228198268e-23, nan 
155.625, 66.375, 1.4266214826880112e-23, nan 
155.875, 66.375, 1.1181330068238764e-23, nan 
156.125, 66.375, 1.877253722721942e-23, nan 
156.375, 66.375, 1.5392917794152792e-23, nan 
156.625, 66.375, 1.5409473040799574e-23, nan 
156.875, 66.375, 2.927666741141444e-23, nan 
157.125, 66.375, 4.2429714504172614e-23, nan 
157.375, 66.375, 1.9212395510676616e-23, nan 
157.625, 66.375, 3.5494655529534547e-23, nan 
157.875, 66.375, 4.6553284397078507e-23, nan 
158.125, 66.375, 2.3063750059349768e-23, nan 
158.375, 66.375, 2.6235553195870444e-23, nan 
158.625, 66.375, 2.634905574699168e-23, nan 
158.875, 66.375, 1.8016237782427476e-23, nan 
159.125, 66.375, 2.058620275601471e-23, nan 
159.375, 66.375, 1.485302812493549e-23, nan 
159.625, 66.375, 1.3645925186395958e-23, nan 
159.875, 66.375, 1.1093980305615226e-23, nan 
160.125, 66.375, 9.770683932902892e-24, nan 
160.375, 66.375, 9.738086065382218e-24, nan 
160.625, 66.375, 1.0196862888908296e-23, nan 
160.875, 66.375, 6.3373607032334215e-24, nan 
161.125, 66.375, 8.991035972526658e-24, nan 
161.375, 66.375, 1.569039171978887e-23, nan 
161.625, 66.375, 1.2431526953802114e-23, nan 
161.875, 66.375, 1.2455910095258988e-23, nan 
162.125, 66.375, 3.317658257458957e-23, nan 
162.375, 66.375, 9.562108644582836e-23, nan 
162.625, 66.375, 1.9432409534881873e-22, nan 
162.875, 66.375, 1.8202948876986133e-22, nan 
163.125, 66.375, 2.2624138333477357e-22, nan 
163.375, 66.375, 4.072861657266759e-22, nan 
163.625, 66.375, 3.120750077120261e-22, nan 
163.875, 66.375, 1.264288174536778e-22, nan 
164.125, 66.375, 1.7881484642914762e-22, nan 
164.375, 66.375, 1.249218137479831e-22, nan 
164.625, 66.375, 3.529052786522708e-23, nan 
164.875, 66.375, 2.3156549671145594e-23, nan 
165.125, 66.375, 1.575917237441349e-23, nan 
165.375, 66.375, 1.350438855257786e-23, nan 
165.625, 66.375, 1.0125680416809572e-23, nan 
165.875, 66.375, 8.322695045190294e-24, nan 
166.125, 66.375, 1.0040074167163414e-23, nan 
166.375, 66.375, 9.986387470866992e-24, nan 
166.625, 66.375, 1.0809044477955542e-23, nan 
166.875, 66.375, 1.615016634466166e-23, nan 
167.125, 66.375, 1.0791999487295795e-23, nan 
167.375, 66.375, 9.431420402094873e-24, nan 
167.625, 66.375, 6.53663155458588e-24, nan 
167.875, 66.375, 7.115495082791848e-24, nan 
168.125, 66.375, 6.006288265945909e-24, nan 
168.375, 66.375, 6.010086213204536e-24, nan 
168.625, 66.375, 6.540326948896426e-24, nan 
168.875, 66.375, 7.435932827984053e-24, nan 
169.125, 66.375, 8.86287196651533e-24, nan 
169.375, 66.375, 5.379373991011147e-24, nan 
169.625, 66.375, 2.395192831084747e-24, nan 
169.875, 66.375, 3.86911855653813e-24, nan 
170.125, 66.375, 1.0515595549008828e-24, nan 
170.375, 66.375, 1.0933475459757207e-24, nan 
170.625, 66.375, 4.247637999329741e-24, nan 
170.875, 66.375, 3.9918260458061294e-24, nan 
171.125, 66.375, 8.257337351778074e-24, nan 
171.375, 66.375, 9.792545295315977e-24, nan 
171.625, 66.375, 5.022465099859942e-24, nan 
171.875, 66.375, 1.3480770383268985e-23, nan 
172.125, 66.375, 1.7736786703159625e-23, nan 
172.375, 66.375, 8.643488584125705e-24, nan 
172.625, 66.375, 1.414073968228402e-23, nan 
172.875, 66.375, 1.4991244066476574e-23, nan 
173.125, 66.375, 6.27725153518615e-24, nan 
173.375, 66.375, 1.6107883058645584e-23, nan 
173.625, 66.375, 1.0636320318713214e-23, nan 
173.875, 66.375, 7.949709219059991e-24, nan 
174.125, 66.375, 1.4098766649447187e-23, nan 
174.375, 66.375, 8.330843861661703e-24, nan 
174.625, 66.375, 4.280247875693979e-24, nan 
174.875, 66.375, 6.984926350766442e-24, nan 
175.125, 66.375, 1.0390304570538653e-23, nan 
175.375, 66.375, 1.7189873769171233e-23, nan 
175.625, 66.375, 1.3905774135680838e-23, nan 
175.875, 66.375, 1.163204056624362e-23, nan 
176.125, 66.375, 1.1887279545697494e-23, nan 
176.375, 66.375, 9.019765255240325e-24, nan 
176.625, 66.375, 8.69121456271985e-24, nan 
176.875, 66.375, 8.226057640506902e-24, nan 
177.125, 66.375, 1.0856434846580778e-23, nan 
177.375, 66.375, 1.0639953028727376e-23, nan 
177.625, 66.375, 1.4684893129752422e-23, nan 
177.875, 66.375, 1.2585270543628278e-23, nan 
178.125, 66.375, 1.2390180896965327e-23, nan 
178.375, 66.375, 5.195117634793752e-24, nan 
178.625, 66.375, 8.806505684189048e-24, nan 
178.875, 66.375, 7.490924014792446e-24, nan 
179.125, 66.375, 1.1098854564426444e-23, nan 
179.375, 66.375, 1.2179352673654628e-23, nan 
179.625, 66.375, 6.670483778429745e-24, nan 
179.875, 66.375, 9.610385360177193e-24, nan 
-179.875, 66.625, 1.00684658476208e-23, nan 
-179.625, 66.625, 1.1611986994951891e-23, nan 
-179.375, 66.625, 1.1136155248615499e-23, nan 
-179.125, 66.625, 5.333830945775679e-24, nan 
-178.875, 66.625, 5.675161981743897e-24, nan 
-178.625, 66.625, 7.173614275449258e-24, nan 
-178.375, 66.625, 8.386231760575742e-24, nan 
-178.125, 66.625, 7.240389854872508e-24, nan 
-177.875, 66.625, 6.710060864967087e-24, nan 
-177.625, 66.625, 9.46116923097239e-24, nan 
-177.375, 66.625, 6.739423895825527e-24, nan 
-177.125, 66.625, 6.1551538121110796e-24, nan 
-176.875, 66.625, 7.223134616248056e-24, nan 
29.125, 66.625, 4.240595303560491e-24, nan 
29.375, 66.625, 2.8397207757858757e-24, nan 
29.625, 66.625, 2.0836896828157763e-24, nan 
29.875, 66.625, 9.355652001844316e-25, nan 
30.125, 66.625, 1.5552353506583596e-24, nan 
30.375, 66.625, 2.0025382310702713e-24, nan 
30.625, 66.625, 2.112915425091038e-24, nan 
30.875, 66.625, 2.3909618579144842e-24, nan 
31.125, 66.625, 3.2393653504440044e-24, nan 
31.375, 66.625, 2.4725074362215516e-24, nan 
31.625, 66.625, 2.834899101642031e-24, nan 
31.875, 66.625, 2.1251384503177932e-24, nan 
32.125, 66.625, 3.122845546846235e-24, nan 
32.375, 66.625, 3.1468205820754355e-24, nan 
32.625, 66.625, 4.316487374691902e-24, nan 
32.875, 66.625, 5.1618837487619854e-24, nan 
33.125, 66.625, 3.443464044640286e-24, nan 
33.375, 66.625, 3.742078018409473e-24, nan 
33.625, 66.625, 2.1900106194473397e-24, nan 
33.875, 66.625, 1.615810360914751e-24, nan 
34.125, 66.625, 5.340292955849673e-25, nan 
34.375, 66.625, 5.986973053795481e-25, nan 
34.625, 66.625, 3.432591497049403e-24, nan 
34.875, 66.625, 1.276234300433052e-24, nan 
35.125, 66.625, 2.2438511879963566e-24, nan 
35.375, 66.625, 8.970556040479654e-24, nan 
35.625, 66.625, 3.0861590339405453e-24, nan 
35.875, 66.625, 2.2940247969278364e-24, nan 
36.125, 66.625, 3.326879489232535e-24, nan 
36.375, 66.625, 3.897694858412543e-24, nan 
36.625, 66.625, 4.431729079871204e-24, nan 
36.875, 66.625, 2.5753362409033967e-24, nan 
37.125, 66.625, 5.0822743335924446e-24, nan 
37.375, 66.625, 3.468294611137499e-24, nan 
37.625, 66.625, 4.879577766987055e-24, nan 
37.875, 66.625, 5.0815148524220214e-24, nan 
38.125, 66.625, 9.008213722775347e-24, nan 
38.375, 66.625, 1.7317320033298175e-23, nan 
38.625, 66.625, 2.078685927564277e-23, nan 
38.875, 66.625, 2.470114515968614e-23, nan 
39.125, 66.625, 3.689849220215527e-23, nan 
39.375, 66.625, 1.6553902036451033e-22, nan 
39.625, 66.625, 1.5225428963892026e-22, nan 
39.875, 66.625, 1.5133220499802983e-22, nan 
40.125, 66.625, 1.7562197512760524e-22, nan 
40.375, 66.625, 9.157320775841121e-23, nan 
40.625, 66.625, 4.9105482387197803e-23, nan 
40.875, 66.625, 2.892911046943886e-23, nan 
41.125, 66.625, 3.356366602852029e-23, nan 
41.375, 66.625, 8.640862491843259e-24, nan 
41.625, 66.625, 1.5832145722476607e-23, nan 
41.875, 66.625, 1.9198604957518102e-23, nan 
42.125, 66.625, 1.594279990022707e-23, nan 
42.375, 66.625, 1.6870335625282358e-23, nan 
42.625, 66.625, 1.3716695614998455e-23, nan 
42.875, 66.625, 1.1892733344259598e-23, nan 
43.125, 66.625, 1.2587217657109264e-23, nan 
43.375, 66.625, 5.165130949930937e-24, nan 
43.625, 66.625, 2.9098688562925432e-24, nan 
43.875, 66.625, 3.946349430999263e-24, nan 
44.125, 66.625, 1.6652296856056668e-24, nan 
44.375, 66.625, 1.0904365971480452e-24, nan 
44.625, 66.625, 1.9435159659972243e-24, nan 
44.875, 66.625, 2.337982521460819e-24, nan 
45.125, 66.625, 4.5834346808696126e-24, nan 
45.375, 66.625, 3.991436288061706e-24, nan 
45.625, 66.625, 2.9776959509530646e-24, nan 
45.875, 66.625, 6.076762558428081e-24, nan 
46.125, 66.625, 5.4640041360870965e-24, nan 
46.375, 66.625, 6.662879035439678e-24, nan 
46.625, 66.625, 6.474505590065638e-24, nan 
46.875, 66.625, 5.085886881982941e-24, nan 
47.125, 66.625, 2.618868985026182e-24, nan 
47.375, 66.625, 2.8442953955859954e-24, nan 
47.625, 66.625, 3.3641985067545866e-24, nan 
47.875, 66.625, 2.5946804977444366e-24, nan 
48.125, 66.625, 4.0818889471971425e-24, nan 
48.375, 66.625, 4.140449229841199e-24, nan 
48.625, 66.625, 3.74513100373866e-24, nan 
48.875, 66.625, 4.228817360703121e-24, nan 
49.125, 66.625, 6.072835064844953e-24, nan 
49.375, 66.625, 6.404020412871197e-24, nan 
49.625, 66.625, 8.203392544019517e-24, nan 
49.875, 66.625, 8.97702854647506e-24, nan 
50.125, 66.625, 8.940956316079833e-24, nan 
50.375, 66.625, 1.1976749538926564e-23, nan 
50.625, 66.625, 9.680294820731407e-24, nan 
50.875, 66.625, 1.205057248958392e-23, nan 
51.125, 66.625, 1.338409172122784e-23, nan 
51.375, 66.625, 1.0227582050337426e-23, nan 
51.625, 66.625, 1.221267609868623e-23, nan 
51.875, 66.625, 9.559719040802471e-24, nan 
52.125, 66.625, 9.513751090783769e-24, nan 
52.375, 66.625, 1.024527735956388e-23, nan 
52.625, 66.625, 8.763068454379636e-24, nan 
52.875, 66.625, 9.093992309498795e-24, nan 
53.125, 66.625, 1.3637205697133932e-23, nan 
53.375, 66.625, 1.209845610530744e-23, nan 
53.625, 66.625, 1.2027516149585223e-23, nan 
53.875, 66.625, 1.335504024757637e-23, nan 
54.125, 66.625, 9.061793449119211e-24, nan 
54.375, 66.625, 1.2686102327568174e-23, nan 
54.625, 66.625, 1.7102863893672744e-23, nan 
54.875, 66.625, 1.5369513595209082e-23, nan 
55.125, 66.625, 2.3485981353009067e-23, nan 
55.375, 66.625, 2.071164285218211e-23, nan 
55.625, 66.625, 1.0360745636811404e-23, nan 
55.875, 66.625, 2.901250856728403e-23, nan 
56.125, 66.625, 1.8108315332749223e-23, nan 
56.375, 66.625, 7.761102531051561e-24, nan 
56.625, 66.625, 1.5180908175473124e-23, nan 
56.875, 66.625, 1.0189337571527969e-23, nan 
57.125, 66.625, 8.033742943528796e-24, nan 
57.375, 66.625, 5.532546817191281e-24, nan 
57.625, 66.625, 7.892710064657959e-24, nan 
57.875, 66.625, 1.4472948567588404e-23, nan 
58.125, 66.625, 1.7014322409708025e-23, nan 
58.375, 66.625, 1.257070341234456e-23, nan 
58.625, 66.625, 2.1991579588809252e-23, nan 
58.875, 66.625, 1.753876584094339e-23, nan 
59.125, 66.625, 1.5214120579096644e-23, nan 
59.375, 66.625, 1.495712188904316e-23, nan 
59.625, 66.625, 1.7656629658114698e-23, nan 
59.875, 66.625, 2.1196531022087105e-23, nan 
60.125, 66.625, 2.702811323884414e-23, nan 
60.375, 66.625, 2.0337905451026136e-23, nan 
60.625, 66.625, 3.2606365267409443e-23, nan 
60.875, 66.625, 1.9319064440641213e-23, nan 
61.125, 66.625, 1.5735806720053634e-23, nan 
61.375, 66.625, 1.8552662855382933e-23, nan 
61.625, 66.625, 1.858758348724211e-23, nan 
61.875, 66.625, 1.405323566612103e-23, nan 
62.125, 66.625, 1.0766230929487997e-23, nan 
62.375, 66.625, 1.0032031571013878e-23, nan 
62.625, 66.625, 1.7434906498631357e-23, nan 
62.875, 66.625, 3.195149025182616e-23, nan 
63.125, 66.625, 2.1415310695289217e-23, nan 
63.375, 66.625, 9.291405085568256e-24, nan 
63.625, 66.625, 1.7393269980678342e-23, nan 
63.875, 66.625, 1.0209600374116128e-23, nan 
64.125, 66.625, 7.367689072249964e-24, nan 
64.375, 66.625, 1.0452927034386957e-23, nan 
64.625, 66.625, 8.044796842898823e-24, nan 
64.875, 66.625, 2.670447417609426e-23, nan 
65.125, 66.625, 5.857382577508603e-23, nan 
65.375, 66.625, 3.9381032847262424e-23, nan 
65.625, 66.625, 1.9383258171111894e-23, nan 
65.875, 66.625, 5.875681791280883e-23, nan 
66.125, 66.625, 4.054044060918005e-23, nan 
66.375, 66.625, 3.7129200952582735e-23, nan 
66.625, 66.625, 6.881876898626136e-23, nan 
66.875, 66.625, 6.517020920449539e-23, nan 
67.125, 66.625, 7.227705663273408e-23, nan 
67.375, 66.625, 6.113831994624765e-23, nan 
67.625, 66.625, 4.9487345934273096e-23, nan 
67.875, 66.625, 5.360412570235754e-23, nan 
68.125, 66.625, 4.863450626296734e-23, nan 
68.375, 66.625, 6.258130216085086e-23, nan 
68.625, 66.625, 7.314308347288806e-23, nan 
68.875, 66.625, 6.763392434297569e-23, nan 
69.125, 66.625, 5.392592326234965e-23, nan 
69.375, 66.625, 4.199813555151952e-23, nan 
69.625, 66.625, 4.8068564899209105e-23, nan 
69.875, 66.625, 2.3304086714640767e-23, nan 
70.125, 66.625, 3.6427138554943047e-23, nan 
70.375, 66.625, 5.780610477388592e-23, nan 
70.625, 66.625, 3.201284017542503e-23, nan 
70.875, 66.625, 5.825191764000087e-23, nan 
71.125, 66.625, 8.445973092197651e-23, nan 
71.375, 66.625, 1.1149991551561543e-22, nan 
71.625, 66.625, 7.178467747072576e-23, nan 
71.875, 66.625, 9.998595881800954e-23, nan 
72.125, 66.625, 8.840403569342309e-23, nan 
72.375, 66.625, 1.5207653537460222e-22, nan 
72.625, 66.625, 1.4160852804833213e-22, nan 
72.875, 66.625, 1.0006470874545084e-22, nan 
73.125, 66.625, 1.10486364967011e-22, nan 
73.375, 66.625, 1.61756337694791e-22, nan 
73.625, 66.625, 2.239736599638878e-22, nan 
73.875, 66.625, 2.2831719642872743e-22, nan 
74.125, 66.625, 2.3817335895846118e-22, nan 
74.375, 66.625, 1.9199889229120457e-22, nan 
74.625, 66.625, 2.0148908318219236e-22, nan 
74.875, 66.625, 1.7784360174090103e-22, nan 
75.125, 66.625, 1.2743064962240392e-22, nan 
75.375, 66.625, 1.325449334194339e-22, nan 
75.625, 66.625, 1.430511796592997e-22, nan 
75.875, 66.625, 1.320456012098454e-22, nan 
76.125, 66.625, 1.6269292143375126e-22, nan 
76.375, 66.625, 1.3767338330383646e-22, nan 
76.625, 66.625, 1.31665540321774e-22, nan 
76.875, 66.625, 1.2349461113363339e-22, nan 
77.125, 66.625, 7.398849722621598e-23, nan 
77.375, 66.625, 1.407474662176526e-22, nan 
77.625, 66.625, 1.7257698713169286e-22, nan 
77.875, 66.625, 1.5097646708375513e-22, nan 
78.125, 66.625, 2.156795402621644e-22, nan 
78.375, 66.625, 2.7635188286326706e-22, nan 
78.625, 66.625, 2.441141826723757e-22, nan 
78.875, 66.625, 2.6226057415727287e-22, nan 
79.125, 66.625, 3.813976469605196e-22, nan 
79.375, 66.625, 5.758968390030338e-22, nan 
79.625, 66.625, 8.146427258187163e-22, nan 
79.875, 66.625, 5.681117566759055e-22, nan 
80.125, 66.625, 3.3236408958513807e-22, nan 
80.375, 66.625, 5.39355052699597e-22, nan 
80.625, 66.625, 5.024270172813592e-22, nan 
80.875, 66.625, 4.308771920959393e-22, nan 
81.125, 66.625, 5.080486654894911e-22, nan 
81.375, 66.625, 6.344257184092148e-22, nan 
81.625, 66.625, 4.939984136302882e-22, nan 
81.875, 66.625, 6.729895482739281e-22, nan 
82.125, 66.625, 8.782635208688984e-22, nan 
82.375, 66.625, 1.310126544793372e-21, nan 
82.625, 66.625, 9.061485544859869e-22, nan 
82.875, 66.625, 7.738012329372803e-22, nan 
83.125, 66.625, 3.623391019293113e-22, nan 
83.375, 66.625, 4.648347050177036e-22, nan 
83.625, 66.625, 5.4513318617279625e-22, nan 
83.875, 66.625, 5.803875267588182e-22, nan 
84.125, 66.625, 5.925526329657454e-22, nan 
84.375, 66.625, 8.058674431000705e-22, nan 
84.625, 66.625, 3.7337023961398696e-22, nan 
84.875, 66.625, 3.4076104586108617e-22, nan 
85.125, 66.625, 8.256745177863244e-22, nan 
85.375, 66.625, 8.001544108265165e-22, nan 
85.625, 66.625, 3.2303546670666783e-22, nan 
85.875, 66.625, 1.085243617239997e-21, nan 
86.125, 66.625, 2.108164174746324e-21, nan 
86.375, 66.625, 2.039462971634415e-21, nan 
86.625, 66.625, 1.3224822748743188e-21, nan 
86.875, 66.625, 1.6830811565600656e-21, nan 
87.125, 66.625, 1.953128383944913e-21, nan 
87.375, 66.625, 2.7217661527513108e-21, nan 
87.625, 66.625, 1.288735020605088e-21, nan 
87.875, 66.625, 1.8579584465305144e-21, nan 
88.125, 66.625, 3.107829802441353e-21, nan 
88.375, 66.625, 5.501971925276978e-21, nan 
88.625, 66.625, 5.2555756168134935e-21, nan 
88.875, 66.625, 5.400418919032603e-21, nan 
89.125, 66.625, 4.9894149895150606e-21, nan 
89.375, 66.625, 2.3648956243380413e-21, nan 
89.625, 66.625, 5.261318643502313e-21, nan 
89.875, 66.625, 4.993858561160634e-21, nan 
90.125, 66.625, 2.6384860287526313e-21, nan 
90.375, 66.625, 2.3957878696219677e-21, nan 
90.625, 66.625, 1.2615785953442042e-21, nan 
90.875, 66.625, 1.2893874380231356e-21, nan 
91.125, 66.625, 8.862781413502019e-22, nan 
91.375, 66.625, 2.0129339693549015e-21, nan 
91.625, 66.625, 1.9026335604089073e-21, nan 
91.875, 66.625, 1.7899457041200917e-21, nan 
92.125, 66.625, 1.7550923249027114e-21, nan 
92.375, 66.625, 2.3728731231563794e-21, nan 
92.625, 66.625, 2.8435270271392764e-21, nan 
92.875, 66.625, 5.502920859831477e-21, nan 
93.125, 66.625, 4.7651292813911156e-21, nan 
93.375, 66.625, 7.505080903178184e-21, nan 
93.625, 66.625, 1.1054439955027776e-20, nan 
93.875, 66.625, 6.993763027557597e-21, nan 
94.125, 66.625, 7.340585752785152e-21, nan 
94.375, 66.625, 9.010830306343551e-21, nan 
94.625, 66.625, 5.338364716766375e-21, nan 
94.875, 66.625, 6.1307092878395726e-21, nan 
95.125, 66.625, 1.0949808148449639e-20, nan 
95.375, 66.625, 9.464997985133495e-21, nan 
95.625, 66.625, 1.1778876916158181e-20, nan 
95.875, 66.625, 1.5593141201504023e-20, nan 
96.125, 66.625, 1.2308528441658995e-20, nan 
96.375, 66.625, 1.646364545036464e-20, nan 
96.625, 66.625, 2.20665052095377e-20, nan 
96.875, 66.625, 2.748902615635266e-20, nan 
97.125, 66.625, 2.8806895002123113e-20, nan 
97.375, 66.625, 4.8826098292917435e-20, nan 
97.625, 66.625, 5.943091590682638e-20, nan 
97.875, 66.625, 2.3127585513372065e-20, nan 
98.125, 66.625, 4.2467733681170663e-20, nan 
98.375, 66.625, 3.46557141026155e-20, nan 
98.625, 66.625, 1.656950630512499e-20, nan 
98.875, 66.625, 1.80428222127058e-20, nan 
99.125, 66.625, 3.029701614236884e-20, nan 
99.375, 66.625, 2.0753317564203486e-20, nan 
99.625, 66.625, 5.435435580888415e-20, nan 
99.875, 66.625, 6.760714577035977e-20, nan 
100.125, 66.625, 4.7511181612612376e-20, nan 
100.375, 66.625, 5.3011155921555545e-20, nan 
100.625, 66.625, 5.665963364736347e-20, nan 
100.875, 66.625, 4.8825658352211366e-20, nan 
101.125, 66.625, 4.795286924151012e-20, nan 
101.375, 66.625, 4.707528209508193e-20, nan 
101.625, 66.625, 2.7310580069559047e-20, nan 
101.875, 66.625, 7.489335714830792e-21, nan 
102.125, 66.625, 9.744540204428306e-21, nan 
102.375, 66.625, 9.008474609698503e-21, nan 
102.625, 66.625, 1.4062694922734864e-20, nan 
102.875, 66.625, 1.3625759149190174e-20, nan 
103.125, 66.625, 3.7515961779672796e-20, nan 
103.375, 66.625, 3.325815921634087e-20, nan 
103.625, 66.625, 2.713264846946267e-20, nan 
103.875, 66.625, 6.614279330110888e-20, nan 
104.125, 66.625, 7.014409369047348e-20, nan 
104.375, 66.625, 3.6575446849045155e-20, nan 
104.625, 66.625, 4.3080693307242534e-20, nan 
104.875, 66.625, 6.106255036458762e-20, nan 
105.125, 66.625, 3.6353865281627736e-20, nan 
105.375, 66.625, 3.381303462993074e-20, nan 
105.625, 66.625, 2.9595112798696574e-20, nan 
105.875, 66.625, 3.170136583988953e-20, nan 
106.125, 66.625, 3.464235856985337e-20, nan 
106.375, 66.625, 4.4696311218318073e-20, nan 
106.625, 66.625, 4.258126677450239e-20, nan 
106.875, 66.625, 2.5538517944356882e-20, nan 
107.125, 66.625, 4.501696426191705e-20, nan 
107.375, 66.625, 3.543713225428905e-20, nan 
107.625, 66.625, 1.9421759667668763e-20, nan 
107.875, 66.625, 4.9492217553570786e-20, nan 
108.125, 66.625, 4.287097672803466e-20, nan 
108.375, 66.625, 3.3146812815444866e-20, nan 
108.625, 66.625, 2.928797144364904e-20, nan 
108.875, 66.625, 1.024452034618579e-20, nan 
109.125, 66.625, 1.5378867044356973e-20, nan 
109.375, 66.625, 1.7022244990917762e-20, nan 
109.625, 66.625, 1.7932034032859804e-20, nan 
109.875, 66.625, 2.3791910837320798e-20, nan 
110.125, 66.625, 2.2789434216653927e-20, nan 
110.375, 66.625, 1.648325515604484e-20, nan 
110.625, 66.625, 2.2287433722333878e-20, nan 
110.875, 66.625, 3.1088867822425066e-20, nan 
111.125, 66.625, 4.397113194668034e-20, nan 
111.375, 66.625, 4.385003232207266e-20, nan 
111.625, 66.625, 4.283077208025373e-20, nan 
111.875, 66.625, 2.8706595613429765e-20, nan 
112.125, 66.625, 4.0518942223134805e-20, nan 
112.375, 66.625, 3.906075956161268e-20, nan 
112.625, 66.625, 2.6111524299051088e-20, nan 
112.875, 66.625, 2.71739974401555e-20, nan 
113.125, 66.625, 4.4426452449242425e-20, nan 
113.375, 66.625, 2.73103045262498e-20, nan 
113.625, 66.625, 2.55899623177585e-20, nan 
113.875, 66.625, 3.7869778718108134e-20, nan 
114.125, 66.625, 3.11539092296522e-20, nan 
114.375, 66.625, 3.159587297488323e-20, nan 
114.625, 66.625, 2.102131168997771e-20, nan 
114.875, 66.625, 2.3790499729944956e-20, nan 
115.125, 66.625, 2.1424908600478907e-20, nan 
115.375, 66.625, 2.4393897963169094e-20, nan 
115.625, 66.625, 2.2961426961636922e-20, nan 
115.875, 66.625, 8.596604100485731e-21, nan 
116.125, 66.625, 3.731766196925945e-21, nan 
116.375, 66.625, 9.175876315958725e-21, nan 
116.625, 66.625, 1.5983900432197403e-20, nan 
116.875, 66.625, 1.1838642619629722e-20, nan 
117.125, 66.625, 1.046462344262462e-20, nan 
117.375, 66.625, 1.8863189628630564e-20, nan 
117.625, 66.625, 1.458226561358125e-20, nan 
117.875, 66.625, 1.1481381835464106e-20, nan 
118.125, 66.625, 1.5572721075021523e-20, nan 
118.375, 66.625, 9.970016943820502e-21, nan 
118.625, 66.625, 8.168238085867205e-21, nan 
118.875, 66.625, 8.540165178605633e-21, nan 
119.125, 66.625, 7.775320734728014e-21, nan 
119.375, 66.625, 6.105736711737077e-21, nan 
119.625, 66.625, 8.73826681447077e-21, nan 
119.875, 66.625, 6.658692837647099e-21, nan 
120.125, 66.625, 5.4383426620381995e-21, nan 
120.375, 66.625, 5.226461340318467e-21, nan 
120.625, 66.625, 5.176114734929933e-21, nan 
120.875, 66.625, 2.717352829240115e-21, nan 
121.125, 66.625, 6.918746651580123e-21, nan 
121.375, 66.625, 5.615794967426137e-21, nan 
121.625, 66.625, 3.5423894038915275e-21, nan 
121.875, 66.625, 4.919071554360103e-21, nan 
122.125, 66.625, 4.643183000619413e-21, nan 
122.375, 66.625, 4.083930438908273e-21, nan 
122.625, 66.625, 4.046618286815382e-21, nan 
122.875, 66.625, 4.298126675511464e-21, nan 
123.125, 66.625, 3.67493493281141e-21, nan 
123.375, 66.625, 2.0103450216593996e-21, nan 
123.625, 66.625, 3.331798893786133e-21, nan 
123.875, 66.625, 2.5622376888499166e-21, nan 
124.125, 66.625, 1.0874411170115174e-21, nan 
124.375, 66.625, 3.3175432110222296e-21, nan 
124.625, 66.625, 1.7744531244831663e-21, nan 
124.875, 66.625, 1.117145354462674e-21, nan 
125.125, 66.625, 1.9384993386937236e-21, nan 
125.375, 66.625, 1.6130661063482054e-21, nan 
125.625, 66.625, 1.1944579297746712e-21, nan 
125.875, 66.625, 1.2876560289521813e-21, nan 
126.125, 66.625, 1.8043872425261746e-21, nan 
126.375, 66.625, 2.4565636351537433e-21, nan 
126.625, 66.625, 1.7135370115405932e-21, nan 
126.875, 66.625, 1.7901081032307006e-21, nan 
127.125, 66.625, 1.6509298833125187e-21, nan 
127.375, 66.625, 1.2538165617816746e-21, nan 
127.625, 66.625, 9.199304580427312e-22, nan 
127.875, 66.625, 1.2577083502426008e-21, nan 
128.125, 66.625, 1.943416654686077e-21, nan 
128.375, 66.625, 9.794509138434061e-22, nan 
128.625, 66.625, 5.445416810512819e-22, nan 
128.875, 66.625, 8.206906672962107e-22, nan 
129.125, 66.625, 1.1225044458935197e-21, nan 
129.375, 66.625, 1.3178778297226779e-21, nan 
129.625, 66.625, 2.1060182808705784e-21, nan 
129.875, 66.625, 3.2016404574855535e-21, nan 
130.125, 66.625, 1.6442660885891769e-21, nan 
130.375, 66.625, 2.501386357132357e-21, nan 
130.625, 66.625, 2.9686829417670304e-21, nan 
130.875, 66.625, 1.676549908027915e-21, nan 
131.125, 66.625, 2.0451094518623907e-21, nan 
131.375, 66.625, 2.3708321551501217e-21, nan 
131.625, 66.625, 1.177417219240717e-21, nan 
131.875, 66.625, 1.4429733869239874e-21, nan 
132.125, 66.625, 1.1712974457074855e-21, nan 
132.375, 66.625, 5.1375592324127e-22, nan 
132.625, 66.625, 6.254184688069014e-22, nan 
132.875, 66.625, 3.2749779867483693e-22, nan 
133.125, 66.625, 4.960602563578474e-22, nan 
133.375, 66.625, 2.189098814940682e-22, nan 
133.625, 66.625, 2.1229646698002485e-22, nan 
133.875, 66.625, 3.301257301636204e-22, nan 
134.125, 66.625, 2.803432749758414e-22, nan 
134.375, 66.625, 2.147840611497299e-22, nan 
134.625, 66.625, 3.3482300097270713e-22, nan 
134.875, 66.625, 1.2099794726956605e-22, nan 
135.125, 66.625, 1.3507464265037207e-22, nan 
135.375, 66.625, 3.3251607339306775e-22, nan 
135.625, 66.625, 4.675191707646257e-22, nan 
135.875, 66.625, 4.50273299381841e-22, nan 
136.125, 66.625, 2.9489009429283383e-22, nan 
136.375, 66.625, 2.172312244689569e-22, nan 
136.625, 66.625, 6.599139377833929e-22, nan 
136.875, 66.625, 4.937457540119487e-22, nan 
137.125, 66.625, 3.900228029664348e-22, nan 
137.375, 66.625, 5.78440860692128e-22, nan 
137.625, 66.625, 4.391019603922347e-22, nan 
137.875, 66.625, 2.6727303173243224e-22, nan 
138.125, 66.625, 9.682584943776717e-23, nan 
138.375, 66.625, 8.07223466253451e-23, nan 
138.625, 66.625, 2.2624211993418622e-23, nan 
138.875, 66.625, 3.734626283916714e-23, nan 
139.125, 66.625, 1.1902790124512733e-22, nan 
139.375, 66.625, 1.5806437641890066e-22, nan 
139.625, 66.625, 2.076996636425681e-22, nan 
139.875, 66.625, 2.336812402270202e-22, nan 
140.125, 66.625, 3.5212499193625367e-22, nan 
140.375, 66.625, 2.7777607067250615e-22, nan 
140.625, 66.625, 2.1165863724067557e-22, nan 
140.875, 66.625, 3.9537389048970405e-22, nan 
141.125, 66.625, 3.3095644874119514e-22, nan 
141.375, 66.625, 7.924274859258754e-23, nan 
141.625, 66.625, 1.3029104985315543e-22, nan 
141.875, 66.625, 2.2302882819091906e-22, nan 
142.125, 66.625, 3.049423726859854e-22, nan 
142.375, 66.625, 3.770934806210578e-22, nan 
142.625, 66.625, 3.726384701576534e-22, nan 
142.875, 66.625, 5.507310696137187e-22, nan 
143.125, 66.625, 4.5234492548298395e-22, nan 
143.375, 66.625, 5.999906859330535e-22, nan 
143.625, 66.625, 2.3509632097782256e-21, nan 
143.875, 66.625, 3.601713881245373e-21, nan 
144.125, 66.625, 3.729976365901433e-21, nan 
144.375, 66.625, 2.6851382536530416e-21, nan 
144.625, 66.625, 8.80540219148465e-22, nan 
144.875, 66.625, 4.976350224123423e-22, nan 
145.125, 66.625, 4.129316574235625e-22, nan 
145.375, 66.625, 3.360243149433484e-22, nan 
145.625, 66.625, 3.5170359976418696e-22, nan 
145.875, 66.625, 2.1551866479614835e-22, nan 
146.125, 66.625, 1.4900520681491177e-22, nan 
146.375, 66.625, 1.3500977743197083e-22, nan 
146.625, 66.625, 1.0213753119694014e-22, nan 
146.875, 66.625, 9.363695553920604e-23, nan 
147.125, 66.625, 1.2915629185197012e-22, nan 
147.375, 66.625, 6.029033766712272e-23, nan 
147.625, 66.625, 5.366048375876425e-23, nan 
147.875, 66.625, 5.2925819268685317e-23, nan 
148.125, 66.625, 4.990775899797779e-23, nan 
148.375, 66.625, 5.33315839555237e-23, nan 
148.625, 66.625, 2.1418688152807966e-23, nan 
148.875, 66.625, 1.4802644153005218e-23, nan 
149.125, 66.625, 4.3047355316121326e-23, nan 
149.375, 66.625, 4.084445910879854e-23, nan 
149.625, 66.625, 6.45211383137578e-23, nan 
149.875, 66.625, 4.615305639950071e-23, nan 
150.125, 66.625, 4.3419383702130805e-23, nan 
150.375, 66.625, 8.480684566708434e-23, nan 
150.625, 66.625, 9.673803736768259e-23, nan 
150.875, 66.625, 8.795588064430836e-23, nan 
151.125, 66.625, 8.131369593710888e-23, nan 
151.375, 66.625, 8.775473689012585e-23, nan 
151.625, 66.625, 8.137274404716159e-23, nan 
151.875, 66.625, 4.965781350460885e-23, nan 
152.125, 66.625, 2.5706277214663882e-23, nan 
152.375, 66.625, 2.0611276286138553e-23, nan 
152.625, 66.625, 2.8195518858023246e-23, nan 
152.875, 66.625, 3.373606407542657e-23, nan 
153.125, 66.625, 2.209643722475792e-23, nan 
153.375, 66.625, 2.940027403130841e-23, nan 
153.625, 66.625, 2.9054363207477814e-23, nan 
153.875, 66.625, 2.2009017611561238e-23, nan 
154.125, 66.625, 2.9536565896801706e-23, nan 
154.375, 66.625, 5.280379642646858e-23, nan 
154.625, 66.625, 3.077287755018111e-23, nan 
154.875, 66.625, 1.8932512917308485e-23, nan 
155.125, 66.625, 5.104769765074706e-23, nan 
155.375, 66.625, 2.0751573454229438e-23, nan 
155.625, 66.625, 1.0570666713579815e-23, nan 
155.875, 66.625, 2.86608992849743e-23, nan 
156.125, 66.625, 2.3360446998882536e-23, nan 
156.375, 66.625, 1.5054392910970146e-23, nan 
156.625, 66.625, 2.0965023345951752e-23, nan 
156.875, 66.625, 2.7935385028544463e-23, nan 
157.125, 66.625, 2.6347293975015436e-23, nan 
157.375, 66.625, 1.8671337309626172e-23, nan 
157.625, 66.625, 2.6359817011355104e-23, nan 
157.875, 66.625, 3.470663534647561e-23, nan 
158.125, 66.625, 1.590731600297921e-23, nan 
158.375, 66.625, 1.822995748727374e-23, nan 
158.625, 66.625, 1.56825772944542e-23, nan 
158.875, 66.625, 1.708952480513446e-23, nan 
159.125, 66.625, 1.6894441924847768e-23, nan 
159.375, 66.625, 1.4474929178344243e-23, nan 
159.625, 66.625, 1.5483992071915493e-23, nan 
159.875, 66.625, 1.6483253600874407e-23, nan 
160.125, 66.625, 1.425391192833098e-23, nan 
160.375, 66.625, 1.127441397334661e-23, nan 
160.625, 66.625, 1.5102189972887327e-23, nan 
160.875, 66.625, 1.174675611135475e-23, nan 
161.125, 66.625, 1.1603690966637584e-23, nan 
161.375, 66.625, 1.6380010306896957e-23, nan 
161.625, 66.625, 1.3389842039017174e-23, nan 
161.875, 66.625, 1.2012740971849819e-23, nan 
162.125, 66.625, 2.1798190061828577e-23, nan 
162.375, 66.625, 1.6533621261001953e-23, nan 
162.625, 66.625, 1.1516591321883143e-23, nan 
162.875, 66.625, 4.4231307343549656e-23, nan 
163.125, 66.625, 1.1861287286684396e-22, nan 
163.375, 66.625, 2.2394900295921294e-22, nan 
163.625, 66.625, 1.6466458800154234e-22, nan 
163.875, 66.625, 4.492525649209078e-23, nan 
164.125, 66.625, 2.440598631356659e-23, nan 
164.375, 66.625, 1.6678074884964733e-23, nan 
164.625, 66.625, 1.4874890140605533e-23, nan 
164.875, 66.625, 1.3040021629456234e-23, nan 
165.125, 66.625, 1.6065980840012113e-23, nan 
165.375, 66.625, 1.0174323201054447e-23, nan 
165.625, 66.625, 8.607141746684855e-24, nan 
165.875, 66.625, 7.1104654267536e-24, nan 
166.125, 66.625, 7.639808071351271e-24, nan 
166.375, 66.625, 1.0846120067417827e-23, nan 
166.625, 66.625, 8.79051059814567e-24, nan 
166.875, 66.625, 1.2379709035689928e-23, nan 
167.125, 66.625, 1.2800574748478385e-23, nan 
167.375, 66.625, 1.2793376179860743e-23, nan 
167.625, 66.625, 1.2358967790408947e-23, nan 
167.875, 66.625, 1.0616088466106521e-23, nan 
168.125, 66.625, 1.1080360581866382e-23, nan 
168.375, 66.625, 1.2634472284234669e-23, nan 
168.625, 66.625, 1.0307799204711077e-23, nan 
168.875, 66.625, 4.437897265011162e-24, nan 
169.125, 66.625, 8.666035324925915e-24, nan 
169.375, 66.625, 9.832379343187852e-24, nan 
169.625, 66.625, 2.6007502603007044e-24, nan 
169.875, 66.625, 3.5688850159846676e-24, nan 
170.125, 66.625, 4.004693051017947e-24, nan 
170.375, 66.625, 2.3103607145486907e-24, nan 
170.625, 66.625, 3.2261826899620146e-24, nan 
170.875, 66.625, 7.087587473127503e-24, nan 
171.125, 66.625, 1.1032451020254668e-23, nan 
171.375, 66.625, 7.40180470033275e-24, nan 
171.625, 66.625, 3.601254938622725e-24, nan 
171.875, 66.625, 2.2371361016881434e-23, nan 
172.125, 66.625, 1.777340508317349e-23, nan 
172.375, 66.625, 4.9744685860848885e-24, nan 
172.625, 66.625, 1.774746827289673e-23, nan 
172.875, 66.625, 1.622859290107827e-23, nan 
173.125, 66.625, 1.0339127171279784e-23, nan 
173.375, 66.625, 1.389007522660688e-23, nan 
173.625, 66.625, 9.749408909314857e-24, nan 
173.875, 66.625, 8.982817026735321e-24, nan 
174.125, 66.625, 1.1594865983347095e-23, nan 
174.375, 66.625, 8.693125052517133e-24, nan 
174.625, 66.625, 5.187428537577749e-24, nan 
174.875, 66.625, 3.795322995145517e-24, nan 
175.125, 66.625, 9.408757616244389e-24, nan 
175.375, 66.625, 1.468934239191115e-23, nan 
175.625, 66.625, 1.3058301365535734e-23, nan 
175.875, 66.625, 1.2188157045757328e-23, nan 
176.125, 66.625, 1.5911086886144112e-23, nan 
176.375, 66.625, 1.6344882761521932e-23, nan 
176.625, 66.625, 1.7712481991503736e-23, nan 
176.875, 66.625, 1.0983592695285657e-23, nan 
177.125, 66.625, 1.3390939467444348e-23, nan 
177.375, 66.625, 1.6562947826633824e-23, nan 
177.625, 66.625, 2.2386190099855082e-23, nan 
177.875, 66.625, 1.5637192407687485e-23, nan 
178.125, 66.625, 1.6616944686395532e-23, nan 
178.375, 66.625, 1.4711491082488533e-23, nan 
178.625, 66.625, 1.348791810615635e-23, nan 
178.875, 66.625, 9.474681469455387e-24, nan 
179.125, 66.625, 1.3418640693082235e-23, nan 
179.375, 66.625, 1.1900089698834362e-23, nan 
179.625, 66.625, 1.1906645815214468e-23, nan 
179.875, 66.625, 1.1686274997559673e-23, nan 
-179.875, 66.875, 9.399734648575763e-24, nan 
-179.625, 66.875, 6.1690838471901095e-24, nan 
-179.375, 66.875, 5.769491998956785e-24, nan 
-179.125, 66.875, 6.063911721727605e-24, nan 
-178.875, 66.875, 6.1434870293201485e-24, nan 
-178.625, 66.875, 7.606523973674309e-24, nan 
-178.375, 66.875, 7.764054227743931e-24, nan 
-178.125, 66.875, 3.54298258519014e-24, nan 
-177.875, 66.875, 7.75978770389545e-24, nan 
-177.625, 66.875, 9.985396873934453e-24, nan 
-177.375, 66.875, 6.4118022338230875e-24, nan 
-177.125, 66.875, 4.999305468495917e-24, nan 
-176.875, 66.875, 7.244457777022948e-24, nan 
-176.625, 66.875, 5.599323592673125e-24, nan 
-176.375, 66.875, 4.406668296901431e-24, nan 
28.125, 66.875, 2.7337471520095526e-24, nan 
28.375, 66.875, 3.420692687614838e-24, nan 
28.625, 66.875, 2.8865100999457762e-24, nan 
28.875, 66.875, 2.713796845747796e-24, nan 
29.125, 66.875, 3.812431279672016e-24, nan 
29.375, 66.875, 1.658377650340288e-24, nan 
29.625, 66.875, 1.7358839929446198e-24, nan 
29.875, 66.875, 1.8563879607452412e-24, nan 
30.125, 66.875, 1.8678574429666317e-24, nan 
30.375, 66.875, 9.504031850262314e-25, nan 
30.625, 66.875, 1.4384015312586934e-24, nan 
30.875, 66.875, 5.456255627360639e-25, nan 
31.125, 66.875, 1.1799468503233714e-24, nan 
31.375, 66.875, 2.5438238366742406e-24, nan 
31.625, 66.875, 2.9483271192663464e-24, nan 
31.875, 66.875, 3.10981403747482e-24, nan 
32.125, 66.875, 2.6582634701701683e-24, nan 
32.375, 66.875, 2.1008252008483086e-24, nan 
32.625, 66.875, 1.0558494545642282e-24, nan 
32.875, 66.875, 3.410565674883247e-24, nan 
33.125, 66.875, 3.08961492678242e-24, nan 
33.375, 66.875, 3.422885103018198e-24, nan 
33.625, 66.875, 3.103859497320451e-24, nan 
33.875, 66.875, 2.2490578052492012e-24, nan 
34.125, 66.875, 2.8883098863898613e-24, nan 
34.375, 66.875, 2.5511915076218264e-24, nan 
34.625, 66.875, 1.8362296177686145e-24, nan 
34.875, 66.875, 2.4756604013540643e-24, nan 
35.125, 66.875, 1.7524067235043488e-24, nan 
35.375, 66.875, 4.898377466386915e-24, nan 
35.625, 66.875, 3.0414315655399193e-24, nan 
35.875, 66.875, 3.8790528208531156e-24, nan 
36.125, 66.875, 4.539752514667569e-24, nan 
36.375, 66.875, 6.823588274566729e-24, nan 
36.625, 66.875, 5.694825974695189e-24, nan 
36.875, 66.875, 5.305548475559133e-24, nan 
37.125, 66.875, 9.216585495755291e-24, nan 
37.375, 66.875, 3.439666421402566e-24, nan 
37.625, 66.875, 2.7262605369722536e-24, nan 
37.875, 66.875, 8.300487160412703e-24, nan 
38.125, 66.875, 7.371974798299202e-24, nan 
38.375, 66.875, 3.4753613823315804e-24, nan 
38.625, 66.875, 7.536675408716583e-24, nan 
38.875, 66.875, 9.193749312588069e-24, nan 
39.125, 66.875, 2.2703992204737498e-23, nan 
39.375, 66.875, 2.762829859078506e-23, nan 
39.625, 66.875, 1.82692525753125e-23, nan 
39.875, 66.875, 1.8433336931719606e-23, nan 
40.125, 66.875, 2.564763998741205e-23, nan 
40.375, 66.875, 2.5437100911180738e-23, nan 
40.625, 66.875, 1.2526393194557826e-23, nan 
40.875, 66.875, 7.443010713968748e-24, nan 
41.125, 66.875, 9.579655363730257e-24, nan 
41.375, 66.875, 8.290111832920404e-24, nan 
41.625, 66.875, 1.22904789304704e-23, nan 
41.875, 66.875, 1.5245114772768024e-23, nan 
42.125, 66.875, 1.2274704404707027e-23, nan 
42.375, 66.875, 1.3364503607011877e-23, nan 
42.625, 66.875, 1.2915451017703709e-23, nan 
42.875, 66.875, 5.7910317515775755e-24, nan 
43.125, 66.875, 7.438811831784341e-24, nan 
43.375, 66.875, 4.723758375858649e-24, nan 
43.625, 66.875, 2.5128984359217594e-24, nan 
43.875, 66.875, 1.565510685038202e-24, nan 
44.125, 66.875, 7.360253782857183e-25, nan 
44.375, 66.875, 1.977463002943303e-24, nan 
44.625, 66.875, 1.6912844843948395e-24, nan 
44.875, 66.875, 1.8084715056712317e-24, nan 
45.125, 66.875, 3.351445588082928e-24, nan 
45.375, 66.875, 2.0519706047870046e-24, nan 
45.625, 66.875, 2.3832450514316354e-24, nan 
45.875, 66.875, 5.001413935941486e-24, nan 
46.125, 66.875, 5.9885057872979126e-24, nan 
46.375, 66.875, 6.572629079571427e-24, nan 
46.625, 66.875, 9.522238483403186e-24, nan 
46.875, 66.875, 5.0942928901115595e-24, nan 
47.125, 66.875, 5.189129989330939e-24, nan 
47.375, 66.875, 7.863910886109683e-24, nan 
47.625, 66.875, 4.939347185073414e-24, nan 
47.875, 66.875, 2.2074352157986694e-23, nan 
48.125, 66.875, 5.487730615616417e-24, nan 
48.375, 66.875, 7.882385963983556e-24, nan 
48.625, 66.875, 1.1941696648817962e-24, nan 
48.875, 66.875, 3.0378881076633813e-24, nan 
49.125, 66.875, 4.9244004387450406e-24, nan 
49.375, 66.875, 6.267353514987472e-24, nan 
49.625, 66.875, 6.110438727835323e-24, nan 
49.875, 66.875, 4.779444368400366e-24, nan 
50.125, 66.875, 3.928152653416094e-24, nan 
50.375, 66.875, 4.289554788266346e-24, nan 
50.625, 66.875, 8.0456992549132e-24, nan 
50.875, 66.875, 7.028145444432808e-24, nan 
51.125, 66.875, 1.0366533899165384e-23, nan 
51.375, 66.875, 9.881244332013164e-24, nan 
51.625, 66.875, 1.1483978543697643e-23, nan 
51.875, 66.875, 1.1357992470857273e-23, nan 
52.125, 66.875, 1.140500064103429e-23, nan 
52.375, 66.875, 1.0925592685871847e-23, nan 
52.625, 66.875, 1.1400365510358534e-23, nan 
52.875, 66.875, 1.3778475208421344e-23, nan 
53.125, 66.875, 1.0399073909526732e-23, nan 
53.375, 66.875, 1.4469540735271452e-23, nan 
53.625, 66.875, 2.0277128260084816e-23, nan 
53.875, 66.875, 6.0396023898593135e-24, nan 
54.125, 66.875, 1.4147341459445104e-23, nan 
54.375, 66.875, 1.9656539305476623e-23, nan 
54.625, 66.875, 1.2347145534732349e-23, nan 
54.875, 66.875, 1.1896437332248245e-23, nan 
55.125, 66.875, 9.916685254197823e-24, nan 
55.375, 66.875, 7.509779730560118e-24, nan 
55.625, 66.875, 1.7838537022912842e-23, nan 
55.875, 66.875, 2.277151226290564e-23, nan 
56.125, 66.875, 1.59045854641188e-23, nan 
56.375, 66.875, 1.3597268118123884e-23, nan 
56.625, 66.875, 1.0854770458426051e-23, nan 
56.875, 66.875, 5.048434871214836e-24, nan 
57.125, 66.875, 5.219928669083925e-24, nan 
57.375, 66.875, 7.012845321597087e-24, nan 
57.625, 66.875, 7.210265311403466e-24, nan 
57.875, 66.875, 4.701413697767275e-24, nan 
58.125, 66.875, 1.0271414571330804e-23, nan 
58.375, 66.875, 1.6641705370335918e-23, nan 
58.625, 66.875, 1.796791465557562e-23, nan 
58.875, 66.875, 2.0406073794125564e-23, nan 
59.125, 66.875, 3.2352661438927833e-23, nan 
59.375, 66.875, 1.6822512071997532e-23, nan 
59.625, 66.875, 1.4699808175214464e-23, nan 
59.875, 66.875, 2.2505423136440853e-23, nan 
60.125, 66.875, 2.79886412136582e-23, nan 
60.375, 66.875, 2.318095869119077e-23, nan 
60.625, 66.875, 3.374082118145351e-23, nan 
60.875, 66.875, 2.601863354385386e-23, nan 
61.125, 66.875, 1.7180413994107823e-23, nan 
61.375, 66.875, 2.154851051988697e-23, nan 
61.625, 66.875, 2.4081428985849548e-23, nan 
61.875, 66.875, 2.153064815389234e-23, nan 
62.125, 66.875, 3.3538153629239936e-23, nan 
62.375, 66.875, 2.266869677647206e-23, nan 
62.625, 66.875, 1.8560736967726774e-23, nan 
62.875, 66.875, 4.434473767069953e-23, nan 
63.125, 66.875, 6.456856393433593e-23, nan 
63.375, 66.875, 1.9508562446392657e-23, nan 
63.625, 66.875, 1.8423169587317653e-23, nan 
63.875, 66.875, 1.4452908732804713e-23, nan 
64.125, 66.875, 1.7619444078156234e-23, nan 
64.375, 66.875, 1.40445443489355e-23, nan 
64.625, 66.875, 1.361649550636922e-23, nan 
64.875, 66.875, 3.37658848666926e-23, nan 
65.125, 66.875, 1.8944681321842288e-23, nan 
65.375, 66.875, 2.0616955180837278e-23, nan 
65.625, 66.875, 3.024693129353594e-23, nan 
65.875, 66.875, 2.900254575375045e-23, nan 
66.125, 66.875, 2.6889093211424296e-23, nan 
66.375, 66.875, 4.245938293914506e-23, nan 
66.625, 66.875, 3.18957838681206e-23, nan 
66.875, 66.875, 3.616582266357266e-23, nan 
67.125, 66.875, 4.569136851536045e-23, nan 
67.375, 66.875, 4.56471989745416e-23, nan 
67.625, 66.875, 5.0009523978341757e-23, nan 
67.875, 66.875, 6.818479556846427e-23, nan 
68.125, 66.875, 3.6130960590577064e-23, nan 
68.375, 66.875, 6.081716258645667e-23, nan 
68.625, 66.875, 1.1218842960943498e-22, nan 
68.875, 66.875, 7.871498201972448e-23, nan 
69.125, 66.875, 6.565033968026172e-23, nan 
69.375, 66.875, 1.4249181224582164e-22, nan 
69.625, 66.875, 1.2419556393282447e-22, nan 
69.875, 66.875, 6.400525708699587e-23, nan 
70.125, 66.875, 6.471026804143362e-23, nan 
70.375, 66.875, 5.424486299463205e-23, nan 
70.625, 66.875, 3.723581445458742e-23, nan 
70.875, 66.875, 4.505025650015927e-23, nan 
71.125, 66.875, 5.266594849461135e-23, nan 
71.375, 66.875, 9.653765717913533e-23, nan 
71.625, 66.875, 9.009373688601903e-23, nan 
71.875, 66.875, 1.042133052945757e-22, nan 
72.125, 66.875, 1.9700389803151019e-22, nan 
72.375, 66.875, 1.8668564678388832e-22, nan 
72.625, 66.875, 1.7636034936233291e-22, nan 
72.875, 66.875, 1.2902748533262946e-22, nan 
73.125, 66.875, 1.3669041505629344e-22, nan 
73.375, 66.875, 1.5257354965025712e-22, nan 
73.625, 66.875, 1.7154759865531865e-22, nan 
73.875, 66.875, 1.4739871269522321e-22, nan 
74.125, 66.875, 2.751485640636438e-22, nan 
74.375, 66.875, 3.296189201854215e-22, nan 
74.625, 66.875, 2.919395483956827e-22, nan 
74.875, 66.875, 3.460617749069243e-22, nan 
75.125, 66.875, 4.185039988684208e-22, nan 
75.375, 66.875, 3.1316118434462597e-22, nan 
75.625, 66.875, 2.0263652921171513e-22, nan 
75.875, 66.875, 1.906895712498897e-22, nan 
76.125, 66.875, 6.474668519113546e-23, nan 
76.375, 66.875, 6.639554978811426e-23, nan 
76.625, 66.875, 2.08314616259685e-22, nan 
76.875, 66.875, 1.251295487104947e-22, nan 
77.125, 66.875, 8.495885991454797e-23, nan 
77.375, 66.875, 9.701613635880099e-23, nan 
77.625, 66.875, 9.567001549773931e-23, nan 
77.875, 66.875, 1.2867565275201046e-22, nan 
78.125, 66.875, 2.643295037951574e-22, nan 
78.375, 66.875, 3.3570376451879746e-22, nan 
78.625, 66.875, 1.7266851784051754e-22, nan 
78.875, 66.875, 3.6177782157485944e-22, nan 
79.125, 66.875, 5.699072930084372e-22, nan 
79.375, 66.875, 1.9652581966816285e-22, nan 
79.625, 66.875, 3.0090973745700986e-22, nan 
79.875, 66.875, 3.431907346783179e-22, nan 
80.125, 66.875, 1.6641883938018934e-22, nan 
80.375, 66.875, 4.965601560080394e-22, nan 
80.625, 66.875, 4.7546077149028865e-22, nan 
80.875, 66.875, 5.353367549372831e-22, nan 
81.125, 66.875, 4.892820889554129e-22, nan 
81.375, 66.875, 4.999181057091302e-22, nan 
81.625, 66.875, 7.730307337114353e-22, nan 
81.875, 66.875, 2.9830743454444506e-22, nan 
82.125, 66.875, 3.884637892501019e-22, nan 
82.375, 66.875, 1.378146991317913e-21, nan 
82.625, 66.875, 9.836780860146142e-22, nan 
82.875, 66.875, 6.297347483491665e-22, nan 
83.125, 66.875, 7.694788439859035e-22, nan 
83.375, 66.875, 7.5210854344379e-22, nan 
83.625, 66.875, 4.0833248598789925e-22, nan 
83.875, 66.875, 3.2458989824578123e-22, nan 
84.125, 66.875, 3.575397189817164e-22, nan 
84.375, 66.875, 1.4705436569571764e-22, nan 
84.625, 66.875, 3.87203980380006e-22, nan 
84.875, 66.875, 4.423537211984181e-22, nan 
85.125, 66.875, 9.814603011038334e-22, nan 
85.375, 66.875, 8.329248669693817e-22, nan 
85.625, 66.875, 5.551915954900068e-22, nan 
85.875, 66.875, 1.1843789885966197e-21, nan 
86.125, 66.875, 1.824658100923357e-21, nan 
86.375, 66.875, 1.2147603905024576e-21, nan 
86.625, 66.875, 5.47809956673476e-22, nan 
86.875, 66.875, 9.628002031477472e-23, nan 
87.125, 66.875, 1.955957918526629e-21, nan 
87.375, 66.875, 1.470427965672623e-21, nan 
87.625, 66.875, 3.159773929196208e-21, nan 
87.875, 66.875, 4.465837089710021e-21, nan 
88.125, 66.875, 2.705120778657552e-21, nan 
88.375, 66.875, 7.615176483637573e-21, nan 
88.625, 66.875, 9.092927834271703e-21, nan 
88.875, 66.875, 5.825895479459052e-21, nan 
89.125, 66.875, 5.3513597446251866e-21, nan 
89.375, 66.875, 6.779681350771896e-21, nan 
89.625, 66.875, 6.704334059480991e-21, nan 
89.875, 66.875, 5.3624721619616396e-21, nan 
90.125, 66.875, 3.3317473624335e-21, nan 
90.375, 66.875, 2.9091642630466268e-21, nan 
90.625, 66.875, 3.259312747119779e-21, nan 
90.875, 66.875, 1.9833719525057903e-21, nan 
91.125, 66.875, 1.5834307758920516e-21, nan 
91.375, 66.875, 2.1033781109042276e-21, nan 
91.625, 66.875, 2.155587891047102e-21, nan 
91.875, 66.875, 2.0252572903589346e-21, nan 
92.125, 66.875, 2.4432359876587705e-21, nan 
92.375, 66.875, 2.775618148765869e-21, nan 
92.625, 66.875, 5.390862531345557e-21, nan 
92.875, 66.875, 5.2563475868586655e-21, nan 
93.125, 66.875, 6.052506848015975e-21, nan 
93.375, 66.875, 9.306183364064774e-21, nan 
93.625, 66.875, 1.1857067942447635e-20, nan 
93.875, 66.875, 9.958943624420383e-21, nan 
94.125, 66.875, 8.754916390206488e-21, nan 
94.375, 66.875, 9.931368013876873e-21, nan 
94.625, 66.875, 5.268825012499105e-21, nan 
94.875, 66.875, 4.479100603776141e-21, nan 
95.125, 66.875, 4.375994561725695e-21, nan 
95.375, 66.875, 7.397316651879539e-21, nan 
95.625, 66.875, 5.785739284361822e-21, nan 
95.875, 66.875, 1.5657391971417638e-20, nan 
96.125, 66.875, 2.4733537075788554e-20, nan 
96.375, 66.875, 3.323046070834532e-20, nan 
96.625, 66.875, 2.892648097550411e-20, nan 
96.875, 66.875, 3.364224649975361e-20, nan 
97.125, 66.875, 9.572466647456647e-20, nan 
97.375, 66.875, 4.198356055289648e-20, nan 
97.625, 66.875, 3.818792645056777e-20, nan 
97.875, 66.875, 7.481371886775467e-20, nan 
98.125, 66.875, 5.075404343342658e-20, nan 
98.375, 66.875, 5.284927519612464e-20, nan 
98.625, 66.875, 1.661168787054227e-20, nan 
98.875, 66.875, 3.571722323171e-20, nan 
99.125, 66.875, 2.7971437429824844e-20, nan 
99.375, 66.875, 4.56462245101017e-20, nan 
99.625, 66.875, 4.837638112330095e-20, nan 
99.875, 66.875, 5.339955568913316e-20, nan 
100.125, 66.875, 4.982810000569861e-20, nan 
100.375, 66.875, 3.897641208117503e-20, nan 
100.625, 66.875, 3.1499660043484673e-20, nan 
100.875, 66.875, 3.26220990758973e-20, nan 
101.125, 66.875, 3.938517358422079e-20, nan 
101.375, 66.875, 4.1266294167407985e-20, nan 
101.625, 66.875, 4.6718018649994995e-20, nan 
101.875, 66.875, 3.7904335386156556e-20, nan 
102.125, 66.875, 2.851078855571612e-20, nan 
102.375, 66.875, 2.578773144292159e-20, nan 
102.625, 66.875, 2.0330683149191007e-20, nan 
102.875, 66.875, 2.212368350851459e-20, nan 
103.125, 66.875, 2.1850545119778793e-20, nan 
103.375, 66.875, 2.6203758577253265e-20, nan 
103.625, 66.875, 2.895000703503071e-20, nan 
103.875, 66.875, 5.3659496122204337e-20, nan 
104.125, 66.875, 5.383941787801332e-20, nan 
104.375, 66.875, 3.213912597499638e-20, nan 
104.625, 66.875, 2.8649358753229105e-20, nan 
104.875, 66.875, 2.9843666875386705e-20, nan 
105.125, 66.875, 2.088462984593167e-20, nan 
105.375, 66.875, 6.385211837709408e-21, nan 
105.625, 66.875, 3.472591415979363e-20, nan 
105.875, 66.875, 3.122507677188124e-20, nan 
106.125, 66.875, 2.8774357679760007e-20, nan 
106.375, 66.875, 4.1482353148278995e-20, nan 
106.625, 66.875, 3.520173305852499e-20, nan 
106.875, 66.875, 4.078186977101776e-20, nan 
107.125, 66.875, 6.238290196030911e-20, nan 
107.375, 66.875, 3.9805796579721376e-20, nan 
107.625, 66.875, 2.3711114833132398e-20, nan 
107.875, 66.875, 6.737035634874757e-20, nan 
108.125, 66.875, 4.286976692585301e-20, nan 
108.375, 66.875, 3.2447601769503943e-20, nan 
108.625, 66.875, 4.0789889973030235e-20, nan 
108.875, 66.875, 2.587749737994311e-20, nan 
109.125, 66.875, 2.7794724412009e-20, nan 
109.375, 66.875, 2.2917225959715154e-20, nan 
109.625, 66.875, 1.5930341513782934e-20, nan 
109.875, 66.875, 1.81305535648698e-20, nan 
110.125, 66.875, 2.304330411723834e-20, nan 
110.375, 66.875, 3.677035913241327e-20, nan 
110.625, 66.875, 3.129198736325242e-20, nan 
110.875, 66.875, 4.0184111539503654e-20, nan 
111.125, 66.875, 5.901501432770704e-20, nan 
111.375, 66.875, 5.392219452685745e-20, nan 
111.625, 66.875, 5.243273305700959e-20, nan 
111.875, 66.875, 2.753056051104135e-20, nan 
112.125, 66.875, 4.37302729322841e-20, nan 
112.375, 66.875, 4.9113747192692017e-20, nan 
112.625, 66.875, 3.653227286841271e-20, nan 
112.875, 66.875, 4.7946721082420983e-20, nan 
113.125, 66.875, 7.405363878597807e-20, nan 
113.375, 66.875, 1.5650165877723239e-19, nan 
113.625, 66.875, 1.8775977229396844e-19, nan 
113.875, 66.875, 8.425386741431572e-20, nan 
114.125, 66.875, 5.412072763181246e-20, nan 
114.375, 66.875, 3.6655856836303063e-20, nan 
114.625, 66.875, 4.452639562084792e-20, nan 
114.875, 66.875, 3.8471254699544354e-20, nan 
115.125, 66.875, 2.169297486736081e-20, nan 
115.375, 66.875, 1.1068414075621072e-20, nan 
115.625, 66.875, 5.878267174096438e-21, nan 
115.875, 66.875, 6.368097436350998e-21, nan 
116.125, 66.875, 6.210976929913322e-21, nan 
116.375, 66.875, 5.765445124492363e-21, nan 
116.625, 66.875, 1.3005515401191885e-20, nan 
116.875, 66.875, 1.7497049508164965e-20, nan 
117.125, 66.875, 1.3544944673391363e-20, nan 
117.375, 66.875, 1.3378528121220723e-20, nan 
117.625, 66.875, 1.592848474421632e-20, nan 
117.875, 66.875, 8.453995015992292e-21, nan 
118.125, 66.875, 7.885570813107097e-21, nan 
118.375, 66.875, 1.269962953713197e-20, nan 
118.625, 66.875, 7.949692252709746e-21, nan 
118.875, 66.875, 9.218939009899908e-21, nan 
119.125, 66.875, 8.637621283083354e-21, nan 
119.375, 66.875, 7.435577073224838e-21, nan 
119.625, 66.875, 1.1441019883049938e-20, nan 
119.875, 66.875, 9.564908903103633e-21, nan 
120.125, 66.875, 6.995992869991146e-21, nan 
120.375, 66.875, 7.479402174731575e-21, nan 
120.625, 66.875, 6.093729300524481e-21, nan 
120.875, 66.875, 6.347392143066105e-21, nan 
121.125, 66.875, 9.467628047552038e-21, nan 
121.375, 66.875, 6.1183570351723366e-21, nan 
121.625, 66.875, 3.0266481580216743e-21, nan 
121.875, 66.875, 3.4214985511228926e-21, nan 
122.125, 66.875, 2.4387042015119358e-21, nan 
122.375, 66.875, 3.0250855571777247e-21, nan 
122.625, 66.875, 3.847779117427993e-21, nan 
122.875, 66.875, 4.248058408007718e-21, nan 
123.125, 66.875, 5.1183208002885914e-21, nan 
123.375, 66.875, 2.9231422578976895e-21, nan 
123.625, 66.875, 3.2523308058199368e-21, nan 
123.875, 66.875, 3.9161151759506585e-21, nan 
124.125, 66.875, 3.704798339013026e-21, nan 
124.375, 66.875, 2.6794573815892558e-21, nan 
124.625, 66.875, 1.9233189024164443e-21, nan 
124.875, 66.875, 1.7116435786536675e-21, nan 
125.125, 66.875, 2.003025860206099e-21, nan 
125.375, 66.875, 2.1433610418629465e-21, nan 
125.625, 66.875, 1.780809643762982e-21, nan 
125.875, 66.875, 1.7403895998783494e-21, nan 
126.125, 66.875, 1.955960049312879e-21, nan 
126.375, 66.875, 2.5817441219467572e-21, nan 
126.625, 66.875, 1.413238484941748e-21, nan 
126.875, 66.875, 1.0848996427219653e-21, nan 
127.125, 66.875, 1.0993720280839971e-21, nan 
127.375, 66.875, 1.3330532694906282e-21, nan 
127.625, 66.875, 5.896879782607141e-22, nan 
127.875, 66.875, 1.5699284877862168e-21, nan 
128.125, 66.875, 2.530529629606454e-21, nan 
128.375, 66.875, 1.4573625658301454e-21, nan 
128.625, 66.875, 1.5176254669105235e-21, nan 
128.875, 66.875, 1.730671665966997e-21, nan 
129.125, 66.875, 3.0001742409471733e-21, nan 
129.375, 66.875, 3.552943420885806e-21, nan 
129.625, 66.875, 2.6159017957771723e-21, nan 
129.875, 66.875, 2.7290957977871342e-21, nan 
130.125, 66.875, 2.4340019094474133e-21, nan 
130.375, 66.875, 1.917020483983743e-21, nan 
130.625, 66.875, 2.073908871784061e-21, nan 
130.875, 66.875, 1.7303576264431843e-21, nan 
131.125, 66.875, 1.7001215983529538e-21, nan 
131.375, 66.875, 2.1507277783743613e-21, nan 
131.625, 66.875, 2.2182103556691104e-21, nan 
131.875, 66.875, 1.7374261366430483e-21, nan 
132.125, 66.875, 4.89443208256141e-22, nan 
132.375, 66.875, 1.2886040919405487e-21, nan 
132.625, 66.875, 8.165922294355156e-22, nan 
132.875, 66.875, 3.5577641455098736e-22, nan 
133.125, 66.875, 5.298335931409713e-22, nan 
133.375, 66.875, 2.743190361306349e-22, nan 
133.625, 66.875, 3.3566461241455107e-22, nan 
133.875, 66.875, 4.486593846258135e-22, nan 
134.125, 66.875, 1.5855301198062525e-22, nan 
134.375, 66.875, 1.7633013274577603e-22, nan 
134.625, 66.875, 2.885764656903301e-22, nan 
134.875, 66.875, 3.901348876827259e-22, nan 
135.125, 66.875, 1.6251010680050464e-22, nan 
135.375, 66.875, 2.953162911298071e-22, nan 
135.625, 66.875, 6.477293340846582e-22, nan 
135.875, 66.875, 2.6630186127086357e-22, nan 
136.125, 66.875, 2.9341391902367637e-22, nan 
136.375, 66.875, 4.819310443175768e-22, nan 
136.625, 66.875, 4.92586734903424e-22, nan 
136.875, 66.875, 4.0110735685500085e-22, nan 
137.125, 66.875, 4.259799233973492e-22, nan 
137.375, 66.875, 3.83210819154901e-22, nan 
137.625, 66.875, 2.5491799449434774e-22, nan 
137.875, 66.875, 2.56271321379933e-22, nan 
138.125, 66.875, 1.4427222428187473e-22, nan 
138.375, 66.875, 8.492291115998934e-23, nan 
138.625, 66.875, 7.16163323367257e-23, nan 
138.875, 66.875, 1.4946068816581982e-22, nan 
139.125, 66.875, 1.7493545755180233e-22, nan 
139.375, 66.875, 1.5281859714641264e-22, nan 
139.625, 66.875, 2.1791583962373707e-22, nan 
139.875, 66.875, 3.0900637804034546e-22, nan 
140.125, 66.875, 2.2499786254284835e-22, nan 
140.375, 66.875, 1.1561856890229636e-22, nan 
140.625, 66.875, 3.5753639801348884e-22, nan 
140.875, 66.875, 2.950901433970862e-22, nan 
141.125, 66.875, 2.37100029356464e-22, nan 
141.375, 66.875, 1.2098764234918483e-22, nan 
141.625, 66.875, 6.004624165531984e-23, nan 
141.875, 66.875, 2.388439253728067e-22, nan 
142.125, 66.875, 2.250956372227818e-22, nan 
142.375, 66.875, 1.0857240418557217e-22, nan 
142.625, 66.875, 3.997153555647019e-22, nan 
142.875, 66.875, 4.642232155927213e-22, nan 
143.125, 66.875, 3.9589479011981407e-22, nan 
143.375, 66.875, 4.067274469498722e-22, nan 
143.625, 66.875, 6.248096477789743e-22, nan 
143.875, 66.875, 2.925861447194913e-22, nan 
144.125, 66.875, 2.824948992935526e-22, nan 
144.375, 66.875, 5.376981589939243e-22, nan 
144.625, 66.875, 4.0222742652920817e-22, nan 
144.875, 66.875, 4.1304579574285184e-22, nan 
145.125, 66.875, 2.3021446005843204e-22, nan 
145.375, 66.875, 1.7326982498094268e-22, nan 
145.625, 66.875, 2.2566256031658963e-22, nan 
145.875, 66.875, 8.726614400560507e-23, nan 
146.125, 66.875, 1.7247545138507136e-22, nan 
146.375, 66.875, 2.1653136612377686e-22, nan 
146.625, 66.875, 1.286264861805132e-22, nan 
146.875, 66.875, 1.1519753618963723e-22, nan 
147.125, 66.875, 1.0966011487301053e-22, nan 
147.375, 66.875, 9.330483372564863e-23, nan 
147.625, 66.875, 7.278237704687419e-23, nan 
147.875, 66.875, 5.893813294791741e-23, nan 
148.125, 66.875, 5.583775257583712e-23, nan 
148.375, 66.875, 4.494657943609579e-23, nan 
148.625, 66.875, 4.324682754580817e-23, nan 
148.875, 66.875, 5.083994191028206e-23, nan 
149.125, 66.875, 4.244553894184585e-23, nan 
149.375, 66.875, 4.715201039458337e-23, nan 
149.625, 66.875, 5.297112617614678e-23, nan 
149.875, 66.875, 3.500423825726474e-23, nan 
150.125, 66.875, 7.26325637509084e-23, nan 
150.375, 66.875, 6.935559165854425e-23, nan 
150.625, 66.875, 7.754488713666202e-23, nan 
150.875, 66.875, 7.591489191055924e-23, nan 
151.125, 66.875, 8.03124073328686e-23, nan 
151.375, 66.875, 6.13070011612401e-23, nan 
151.625, 66.875, 8.1233809679237e-23, nan 
151.875, 66.875, 6.141186322053616e-23, nan 
152.125, 66.875, 5.168046847448831e-23, nan 
152.375, 66.875, 3.2957869563684896e-23, nan 
152.625, 66.875, 2.9398339873625535e-23, nan 
152.875, 66.875, 2.9224290573730396e-23, nan 
153.125, 66.875, 2.111611412190293e-23, nan 
153.375, 66.875, 2.2844584233679848e-23, nan 
153.625, 66.875, 1.0669144748938594e-23, nan 
153.875, 66.875, 2.8178133466115376e-23, nan 
154.125, 66.875, 3.578310967638997e-23, nan 
154.375, 66.875, 3.369969550755645e-23, nan 
154.625, 66.875, 2.4324310805070247e-23, nan 
154.875, 66.875, 3.081460741101561e-23, nan 
155.125, 66.875, 3.141038459424278e-23, nan 
155.375, 66.875, 2.5905049709885217e-23, nan 
155.625, 66.875, 2.2802146934885047e-23, nan 
155.875, 66.875, 1.9003273069633396e-23, nan 
156.125, 66.875, 1.921416701593701e-23, nan 
156.375, 66.875, 1.6280253495059918e-23, nan 
156.625, 66.875, 2.272245031923744e-23, nan 
156.875, 66.875, 3.0436909352073464e-23, nan 
157.125, 66.875, 2.661902310378253e-23, nan 
157.375, 66.875, 2.0179911559487382e-23, nan 
157.625, 66.875, 2.66749841597269e-23, nan 
157.875, 66.875, 2.1628289975512927e-23, nan 
158.125, 66.875, 1.6695612307388072e-23, nan 
158.375, 66.875, 1.5221726741060295e-23, nan 
158.625, 66.875, 2.055858766353157e-23, nan 
158.875, 66.875, 3.139989520654585e-23, nan 
159.125, 66.875, 1.9105157895610877e-23, nan 
159.375, 66.875, 1.819360786460836e-23, nan 
159.625, 66.875, 2.6004295891547438e-23, nan 
159.875, 66.875, 1.8781113883048588e-23, nan 
160.125, 66.875, 2.273724078448559e-23, nan 
160.375, 66.875, 1.6763786049839326e-23, nan 
160.625, 66.875, 1.589103240582415e-23, nan 
160.875, 66.875, 3.3582514990457367e-23, nan 
161.125, 66.875, 1.928524866464446e-23, nan 
161.375, 66.875, 1.73469482731027e-23, nan 
161.625, 66.875, 1.7711135568123316e-23, nan 
161.875, 66.875, 1.3316605897177538e-23, nan 
162.125, 66.875, 2.349851025216523e-23, nan 
162.375, 66.875, 2.355032309634577e-23, nan 
162.625, 66.875, 2.2977811369801915e-23, nan 
162.875, 66.875, 2.1216129276083544e-23, nan 
163.125, 66.875, 2.696921609379988e-23, nan 
163.375, 66.875, 1.8952541891912407e-23, nan 
163.625, 66.875, 2.1513067002462964e-23, nan 
163.875, 66.875, 2.1506049826125158e-23, nan 
164.125, 66.875, 1.9767632992212516e-23, nan 
164.375, 66.875, 1.9517921775165493e-23, nan 
164.625, 66.875, 1.9158405969772136e-23, nan 
164.875, 66.875, 1.5850253599266198e-23, nan 
165.125, 66.875, 1.98801976889068e-23, nan 
165.375, 66.875, 1.7365236650210533e-23, nan 
165.625, 66.875, 1.4538504545069967e-23, nan 
165.875, 66.875, 1.385042078801259e-23, nan 
166.125, 66.875, 8.539625206043071e-24, nan 
166.375, 66.875, 4.3338318112456776e-24, nan 
166.625, 66.875, 6.064383555381398e-24, nan 
166.875, 66.875, 1.1875787531694766e-23, nan 
167.125, 66.875, 1.7614947245864376e-23, nan 
167.375, 66.875, 1.6540702749378913e-23, nan 
167.625, 66.875, 1.2461397462809722e-23, nan 
167.875, 66.875, 1.5281464321500973e-23, nan 
168.125, 66.875, 1.3875589218084023e-23, nan 
168.375, 66.875, 9.764315492950012e-24, nan 
168.625, 66.875, 1.2531508626017348e-23, nan 
168.875, 66.875, 5.049385503349965e-24, nan 
169.125, 66.875, 6.5264582895384734e-24, nan 
169.375, 66.875, 9.80301010053938e-24, nan 
169.625, 66.875, 4.763693509799325e-24, nan 
169.875, 66.875, 3.4195034548264595e-24, nan 
170.125, 66.875, 6.753928678331225e-24, nan 
170.375, 66.875, 4.46191130952255e-24, nan 
170.625, 66.875, 4.490967872342523e-24, nan 
170.875, 66.875, 1.4717902563352488e-23, nan 
171.125, 66.875, 5.217580455050745e-24, nan 
171.375, 66.875, 4.937251002676074e-24, nan 
171.625, 66.875, 5.592323286216087e-24, nan 
171.875, 66.875, 1.3634140810702378e-23, nan 
172.125, 66.875, 8.099977023927266e-24, nan 
172.375, 66.875, 6.939965608010855e-24, nan 
172.625, 66.875, 1.0217467573915501e-23, nan 
172.875, 66.875, 1.0230424078311338e-23, nan 
173.125, 66.875, 1.5836267061790403e-23, nan 
173.375, 66.875, 1.373968639658655e-23, nan 
173.625, 66.875, 1.0800592733474121e-23, nan 
173.875, 66.875, 1.5246834890769436e-23, nan 
174.125, 66.875, 1.2238016690738907e-23, nan 
174.375, 66.875, 7.824167065026473e-24, nan 
174.625, 66.875, 4.7010926671719875e-24, nan 
174.875, 66.875, 4.333526715713779e-24, nan 
175.125, 66.875, 5.182127991600704e-24, nan 
175.375, 66.875, 6.496231628020429e-24, nan 
175.625, 66.875, 3.5386750259587814e-24, nan 
175.875, 66.875, 1.008523736682067e-23, nan 
176.125, 66.875, 1.1339970446720298e-23, nan 
176.375, 66.875, 1.384860334841269e-23, nan 
176.625, 66.875, 1.7918340879844575e-23, nan 
176.875, 66.875, 1.2753569883049482e-23, nan 
177.125, 66.875, 1.2945863416143379e-23, nan 
177.375, 66.875, 1.6085801587574366e-23, nan 
177.625, 66.875, 1.91433431305835e-23, nan 
177.875, 66.875, 1.3402914655130796e-23, nan 
178.125, 66.875, 1.3875456896487275e-23, nan 
178.375, 66.875, 1.4156816300467234e-23, nan 
178.625, 66.875, 1.2854681034372617e-23, nan 
178.875, 66.875, 9.843509387397556e-24, nan 
179.125, 66.875, 1.476849365712776e-23, nan 
179.375, 66.875, 7.377639654306669e-24, nan 
179.625, 66.875, 1.026208951769763e-23, nan 
179.875, 66.875, 1.0297161214170383e-23, nan 
-179.875, 67.125, 1.049670278320618e-23, nan 
-179.625, 67.125, 4.3937488636249496e-24, nan 
-179.375, 67.125, 4.296937578555019e-24, nan 
-179.125, 67.125, 6.666988422124511e-24, nan 
-178.875, 67.125, 3.791124017657538e-24, nan 
-178.625, 67.125, 4.69825715979605e-24, nan 
-178.375, 67.125, 4.567529805696178e-24, nan 
-178.125, 67.125, 3.701761527987545e-24, nan 
-177.875, 67.125, 7.25486561644665e-24, nan 
-177.625, 67.125, 9.177493308790438e-24, nan 
-177.375, 67.125, 5.065706883159401e-24, nan 
-177.125, 67.125, 5.9980298331528466e-24, nan 
-176.875, 67.125, 6.992609910988711e-24, nan 
-176.625, 67.125, 6.090845075245234e-24, nan 
-176.375, 67.125, 4.631404338921347e-24, nan 
-176.125, 67.125, 4.924661250352079e-24, nan 
-175.875, 67.125, 4.7620555178499866e-24, nan 
27.125, 67.125, 7.749299550980523e-24, nan 
27.375, 67.125, 3.696790764699473e-24, nan 
27.625, 67.125, 3.0361196062915887e-24, nan 
27.875, 67.125, 3.2969959673102307e-24, nan 
28.125, 67.125, 1.7839683490576138e-24, nan 
28.375, 67.125, 1.383971977157389e-24, nan 
28.625, 67.125, 1.535966533959143e-24, nan 
28.875, 67.125, 2.634477297088453e-24, nan 
29.125, 67.125, 2.340751960325093e-24, nan 
29.375, 67.125, 2.20451659635853e-24, nan 
29.625, 67.125, 2.622185252289606e-24, nan 
29.875, 67.125, 7.706111507166364e-25, nan 
30.125, 67.125, 2.3056492409827227e-24, nan 
30.375, 67.125, 1.9667060699248385e-24, nan 
30.625, 67.125, 2.6209552494130264e-24, nan 
30.875, 67.125, 2.5556405126856426e-24, nan 
31.125, 67.125, 2.9795778784389954e-24, nan 
31.375, 67.125, 3.530496078070937e-24, nan 
31.625, 67.125, 4.639710007339529e-24, nan 
31.875, 67.125, 7.11392097870093e-24, nan 
32.125, 67.125, 4.9108523120051304e-24, nan 
32.375, 67.125, 3.43250748878545e-24, nan 
32.625, 67.125, 3.921053621046974e-24, nan 
32.875, 67.125, 5.1963120448452554e-24, nan 
33.125, 67.125, 3.793602636474881e-24, nan 
33.375, 67.125, 1.473709242792232e-24, nan 
33.625, 67.125, 4.7233903582175895e-24, nan 
33.875, 67.125, 3.650741041345606e-24, nan 
34.125, 67.125, 2.3730210949949974e-24, nan 
34.375, 67.125, 2.475319101964901e-24, nan 
34.625, 67.125, 2.174142318629299e-24, nan 
34.875, 67.125, 2.5958702414852868e-24, nan 
35.125, 67.125, 1.8541177451753396e-24, nan 
35.375, 67.125, 2.320768628304882e-24, nan 
35.625, 67.125, 3.9023479136878686e-24, nan 
35.875, 67.125, 4.3033583449092085e-24, nan 
36.125, 67.125, 3.988122372316879e-24, nan 
36.375, 67.125, 4.547104590194075e-24, nan 
36.625, 67.125, 4.934549279262581e-24, nan 
36.875, 67.125, 6.14726640583099e-24, nan 
37.125, 67.125, 1.1604141559747485e-23, nan 
37.375, 67.125, 9.449673460535176e-24, nan 
37.625, 67.125, 9.106280751214633e-24, nan 
37.875, 67.125, 1.982298518884841e-23, nan 
38.125, 67.125, 1.790752880354773e-23, nan 
38.375, 67.125, 8.537901907387306e-24, nan 
38.625, 67.125, 1.5319189182477526e-23, nan 
38.875, 67.125, 1.2651290471736383e-23, nan 
39.125, 67.125, 1.4859415007922265e-23, nan 
39.375, 67.125, 1.1006433272066156e-23, nan 
39.625, 67.125, 7.772496947447373e-24, nan 
39.875, 67.125, 8.503567561714147e-24, nan 
40.125, 67.125, 7.924635850413966e-24, nan 
40.375, 67.125, 1.0462322056966438e-23, nan 
40.625, 67.125, 7.397451185947478e-24, nan 
40.875, 67.125, 8.510318498006266e-24, nan 
41.125, 67.125, 1.1770957293380299e-23, nan 
41.375, 67.125, 8.878517816667473e-24, nan 
41.625, 67.125, 7.547926879983435e-24, nan 
41.875, 67.125, 9.47787374700951e-24, nan 
42.125, 67.125, 7.77063066641056e-24, nan 
42.375, 67.125, 2.5042662663569903e-24, nan 
42.625, 67.125, 3.3511005007100475e-24, nan 
42.875, 67.125, 5.1757193564097896e-24, nan 
43.125, 67.125, 8.519636171939343e-24, nan 
43.375, 67.125, 5.230511402720471e-24, nan 
43.625, 67.125, 2.8722391540430503e-24, nan 
43.875, 67.125, 4.380291251249009e-24, nan 
44.125, 67.125, 3.474967602233024e-24, nan 
44.375, 67.125, 2.4736981985292468e-24, nan 
44.625, 67.125, 2.8533496153009214e-24, nan 
44.875, 67.125, 2.0830246510943605e-24, nan 
45.125, 67.125, 2.341383490077877e-24, nan 
45.375, 67.125, 3.711157190825163e-24, nan 
45.625, 67.125, 4.923895271356519e-24, nan 
45.875, 67.125, 3.9177176563712565e-24, nan 
46.125, 67.125, 4.268837275947088e-24, nan 
46.375, 67.125, 1.1523453952810011e-23, nan 
46.625, 67.125, 9.990535005721188e-24, nan 
46.875, 67.125, 8.634706161667809e-24, nan 
47.125, 67.125, 2.2178502739073014e-23, nan 
47.375, 67.125, 1.0664864778572388e-23, nan 
47.625, 67.125, 1.012088089502309e-23, nan 
47.875, 67.125, 4.1387555659926016e-23, nan 
48.125, 67.125, 8.513301460744984e-24, nan 
48.375, 67.125, 1.879914755883553e-23, nan 
48.625, 67.125, 2.2569617883425028e-23, nan 
48.875, 67.125, 9.846669024397733e-24, nan 
49.125, 67.125, 1.2174543054930864e-23, nan 
49.375, 67.125, 9.152316964465546e-24, nan 
49.625, 67.125, 9.75915125341305e-24, nan 
49.875, 67.125, 7.849903401443973e-24, nan 
50.125, 67.125, 4.591426001436767e-24, nan 
50.375, 67.125, 5.552074933665763e-24, nan 
50.625, 67.125, 6.636488306452844e-24, nan 
50.875, 67.125, 7.196739937344384e-24, nan 
51.125, 67.125, 6.996587199921023e-24, nan 
51.375, 67.125, 7.700581448219318e-24, nan 
51.625, 67.125, 8.782035054750144e-24, nan 
51.875, 67.125, 7.32533072804365e-24, nan 
52.125, 67.125, 7.522946438022555e-24, nan 
52.375, 67.125, 1.1323731948807133e-23, nan 
52.625, 67.125, 1.6595518645735047e-23, nan 
52.875, 67.125, 1.5427099649987645e-23, nan 
53.125, 67.125, 8.713432331062484e-24, nan 
53.375, 67.125, 2.2660419579744676e-23, nan 
53.625, 67.125, 2.143707728055251e-23, nan 
53.875, 67.125, 1.0428319292188315e-23, nan 
54.125, 67.125, 2.1483833978044275e-23, nan 
54.375, 67.125, 1.9391116209750388e-23, nan 
54.625, 67.125, 1.4251352629299722e-23, nan 
54.875, 67.125, 3.861842791537721e-23, nan 
55.125, 67.125, 2.329426424174808e-23, nan 
55.375, 67.125, 1.504287743363882e-23, nan 
55.625, 67.125, 2.9024274121726453e-23, nan 
55.875, 67.125, 2.071458940143097e-23, nan 
56.125, 67.125, 1.5837972198010876e-23, nan 
56.375, 67.125, 1.6563420062705184e-23, nan 
56.625, 67.125, 1.2336542899880319e-23, nan 
56.875, 67.125, 9.703927827834386e-24, nan 
57.125, 67.125, 1.0013988822305166e-23, nan 
57.375, 67.125, 9.533172417427532e-24, nan 
57.625, 67.125, 5.708164880001188e-24, nan 
57.875, 67.125, 6.768487265138506e-24, nan 
58.125, 67.125, 5.818192866184146e-24, nan 
58.375, 67.125, 1.0171941621372346e-23, nan 
58.625, 67.125, 1.0405885030301133e-23, nan 
58.875, 67.125, 1.4993259711954267e-23, nan 
59.125, 67.125, 2.28094121806002e-23, nan 
59.375, 67.125, 1.120205333225531e-23, nan 
59.625, 67.125, 1.4612632992433684e-23, nan 
59.875, 67.125, 7.99752987615244e-24, nan 
60.125, 67.125, 1.4492586450218448e-23, nan 
60.375, 67.125, 2.1227757386339287e-23, nan 
60.625, 67.125, 1.4583258983406007e-23, nan 
60.875, 67.125, 1.124244812217154e-23, nan 
61.125, 67.125, 1.8659283627631245e-23, nan 
61.375, 67.125, 2.0477738493763714e-23, nan 
61.625, 67.125, 1.7367513196088692e-23, nan 
61.875, 67.125, 3.1659423424913506e-23, nan 
62.125, 67.125, 5.0462510123018133e-23, nan 
62.375, 67.125, 2.2737149266842992e-23, nan 
62.625, 67.125, 4.250101923455189e-23, nan 
62.875, 67.125, 5.391272783725231e-23, nan 
63.125, 67.125, 9.346295148115589e-23, nan 
63.375, 67.125, 4.3122254670750905e-23, nan 
63.625, 67.125, 3.0144775134731216e-23, nan 
63.875, 67.125, 4.8595496832305127e-23, nan 
64.125, 67.125, 1.695459307412933e-23, nan 
64.375, 67.125, 2.740216574457305e-23, nan 
64.625, 67.125, 9.005331682912184e-24, nan 
64.875, 67.125, 1.362771092739985e-23, nan 
65.125, 67.125, 2.4626585049673313e-23, nan 
65.375, 67.125, 2.431311278343607e-23, nan 
65.625, 67.125, 2.559275603768117e-23, nan 
65.875, 67.125, 2.771493916262866e-23, nan 
66.125, 67.125, 2.477476958023014e-23, nan 
66.375, 67.125, 3.1508928714943276e-23, nan 
66.625, 67.125, 3.995526418760945e-23, nan 
66.875, 67.125, 2.579917012931421e-23, nan 
67.125, 67.125, 4.2261484200758084e-23, nan 
67.375, 67.125, 6.918484039775024e-23, nan 
67.625, 67.125, 8.783531298641225e-23, nan 
67.875, 67.125, 8.138001828107584e-23, nan 
68.125, 67.125, 9.26380014893178e-23, nan 
68.375, 67.125, 6.627349780622745e-23, nan 
68.625, 67.125, 6.170935661439958e-23, nan 
68.875, 67.125, 3.845341413120376e-23, nan 
69.125, 67.125, 6.519163133855217e-23, nan 
69.375, 67.125, 9.680912565603062e-23, nan 
69.625, 67.125, 1.0297151526866507e-22, nan 
69.875, 67.125, 6.681343526247167e-23, nan 
70.125, 67.125, 5.866974873592801e-23, nan 
70.375, 67.125, 8.342609196854237e-23, nan 
70.625, 67.125, 8.022583726071811e-23, nan 
70.875, 67.125, 5.770024702905805e-23, nan 
71.125, 67.125, 9.678660920648085e-23, nan 
71.375, 67.125, 1.1514872625873021e-22, nan 
71.625, 67.125, 1.2360197213247238e-22, nan 
71.875, 67.125, 1.0667880534285816e-22, nan 
72.125, 67.125, 1.3717030789346514e-22, nan 
72.375, 67.125, 1.9020004352055798e-22, nan 
72.625, 67.125, 1.2838440099607553e-22, nan 
72.875, 67.125, 8.537612809064133e-23, nan 
73.125, 67.125, 1.8782830569491153e-22, nan 
73.375, 67.125, 6.592903569666591e-23, nan 
73.625, 67.125, 9.995145530753979e-23, nan 
73.875, 67.125, 1.12577433786784e-22, nan 
74.125, 67.125, 2.1903837277847065e-22, nan 
74.375, 67.125, 2.5739146399114645e-22, nan 
74.625, 67.125, 2.639828980253573e-22, nan 
74.875, 67.125, 3.5211573167241163e-22, nan 
75.125, 67.125, 4.811692164520216e-22, nan 
75.375, 67.125, 4.0901635596099125e-22, nan 
75.625, 67.125, 3.294340594188404e-22, nan 
75.875, 67.125, 4.453928998449701e-22, nan 
76.125, 67.125, 3.8592102176094457e-22, nan 
76.375, 67.125, 2.503569188901567e-22, nan 
76.625, 67.125, 7.144732524951114e-23, nan 
76.875, 67.125, 4.5351475960211654e-23, nan 
77.125, 67.125, 4.3861705150317424e-23, nan 
77.375, 67.125, 5.780905815840952e-23, nan 
77.625, 67.125, 9.203941900546921e-23, nan 
77.875, 67.125, 1.2274472244302601e-22, nan 
78.125, 67.125, 2.201655448649991e-22, nan 
78.375, 67.125, 2.0774232207352987e-22, nan 
78.625, 67.125, 2.3363216839962684e-22, nan 
78.875, 67.125, 4.074699174063789e-22, nan 
79.125, 67.125, 4.598549666403119e-22, nan 
79.375, 67.125, 3.8129284659690003e-22, nan 
79.625, 67.125, 1.421254200033634e-22, nan 
79.875, 67.125, 8.463252487952267e-23, nan 
80.125, 67.125, 4.281589965113717e-22, nan 
80.375, 67.125, 3.5799227049471294e-22, nan 
80.625, 67.125, 3.863906305256566e-22, nan 
80.875, 67.125, 3.4382659819512983e-22, nan 
81.125, 67.125, 3.1171496647343006e-22, nan 
81.375, 67.125, 5.850665211069719e-22, nan 
81.625, 67.125, 6.075433964495492e-22, nan 
81.875, 67.125, 4.1332331488743658e-22, nan 
82.125, 67.125, 8.861385526933421e-22, nan 
82.375, 67.125, 9.402143411979166e-22, nan 
82.625, 67.125, 1.0885383767841827e-21, nan 
82.875, 67.125, 6.208300177290931e-22, nan 
83.125, 67.125, 7.726754296976762e-22, nan 
83.375, 67.125, 1.5106865832801843e-21, nan 
83.625, 67.125, 7.5834293921951485e-22, nan 
83.875, 67.125, 5.983942607949384e-22, nan 
84.125, 67.125, 3.827387328123092e-22, nan 
84.375, 67.125, 5.915626919697447e-22, nan 
84.625, 67.125, 1.1576797031114569e-21, nan 
84.875, 67.125, 9.42882649126578e-22, nan 
85.125, 67.125, 1.0480855255239663e-21, nan 
85.375, 67.125, 1.4249743548219256e-21, nan 
85.625, 67.125, 1.3294103019136728e-21, nan 
85.875, 67.125, 1.2323966170312493e-21, nan 
86.125, 67.125, 1.2908686587234135e-21, nan 
86.375, 67.125, 1.1929660315423522e-21, nan 
86.625, 67.125, 1.4979514904778631e-21, nan 
86.875, 67.125, 1.9782391364875592e-21, nan 
87.125, 67.125, 2.3943462788103132e-21, nan 
87.375, 67.125, 1.5995327977107412e-21, nan 
87.625, 67.125, 2.5437336474417356e-21, nan 
87.875, 67.125, 3.326675639502092e-21, nan 
88.125, 67.125, 2.785637038805958e-21, nan 
88.375, 67.125, 4.669621961607478e-21, nan 
88.625, 67.125, 6.767378170951911e-21, nan 
88.875, 67.125, 6.190559943571763e-21, nan 
89.125, 67.125, 5.040784545396155e-21, nan 
89.375, 67.125, 5.867192053006428e-21, nan 
89.625, 67.125, 6.4003231332966635e-21, nan 
89.875, 67.125, 4.1954225486123404e-21, nan 
90.125, 67.125, 3.9288216810330206e-21, nan 
90.375, 67.125, 2.505803867499464e-21, nan 
90.625, 67.125, 2.544169082731797e-21, nan 
90.875, 67.125, 2.3058841773539004e-21, nan 
91.125, 67.125, 2.353817134730691e-21, nan 
91.375, 67.125, 2.668675052512349e-21, nan 
91.625, 67.125, 2.978229246201094e-21, nan 
91.875, 67.125, 6.17166372403162e-21, nan 
92.125, 67.125, 9.103527283201223e-21, nan 
92.375, 67.125, 1.6231600233507718e-20, nan 
92.625, 67.125, 6.275687351481432e-21, nan 
92.875, 67.125, 6.059265549790021e-21, nan 
93.125, 67.125, 6.688237648974844e-21, nan 
93.375, 67.125, 3.89928642014265e-21, nan 
93.625, 67.125, 6.3499031879302115e-21, nan 
93.875, 67.125, 1.2166664695787628e-20, nan 
94.125, 67.125, 7.96254284836386e-21, nan 
94.375, 67.125, 6.611544002472554e-21, nan 
94.625, 67.125, 1.2312720146268525e-20, nan 
94.875, 67.125, 1.446232895787243e-20, nan 
95.125, 67.125, 9.140583618597432e-21, nan 
95.375, 67.125, 1.1878861843694143e-20, nan 
95.625, 67.125, 4.315245873078485e-21, nan 
95.875, 67.125, 2.122197796804421e-20, nan 
96.125, 67.125, 2.8979096911856075e-20, nan 
96.375, 67.125, 9.980539089201616e-20, nan 
96.625, 67.125, 4.257085218404506e-20, nan 
96.875, 67.125, 3.6868825199847484e-20, nan 
97.125, 67.125, 1.8161980340025449e-19, nan 
97.375, 67.125, 6.684530069381382e-20, nan 
97.625, 67.125, 4.0240788156787226e-20, nan 
97.875, 67.125, 1.5168053142004654e-19, nan 
98.125, 67.125, 7.808570916805062e-20, nan 
98.375, 67.125, 7.191481039480297e-20, nan 
98.625, 67.125, 1.0567339792620708e-19, nan 
98.875, 67.125, 7.638555061645819e-20, nan 
99.125, 67.125, 7.139450076768378e-20, nan 
99.375, 67.125, 6.39279305064386e-20, nan 
99.625, 67.125, 5.077880427334058e-20, nan 
99.875, 67.125, 4.7807355254876076e-20, nan 
100.125, 67.125, 4.488902229306016e-20, nan 
100.375, 67.125, 3.492236971787931e-20, nan 
100.625, 67.125, 3.937898213221091e-20, nan 
100.875, 67.125, 2.2061767904139476e-20, nan 
101.125, 67.125, 3.431172030625898e-20, nan 
101.375, 67.125, 2.835942729269086e-20, nan 
101.625, 67.125, 5.523801349323064e-20, nan 
101.875, 67.125, 5.850795554448185e-20, nan 
102.125, 67.125, 4.409005636670143e-20, nan 
102.375, 67.125, 5.916843028088856e-20, nan 
102.625, 67.125, 6.27211740729581e-20, nan 
102.875, 67.125, 4.1295672594415656e-20, nan 
103.125, 67.125, 2.8009929733339955e-20, nan 
103.375, 67.125, 1.6978534727973744e-20, nan 
103.625, 67.125, 2.6287285337222068e-20, nan 
103.875, 67.125, 2.6780447282198896e-20, nan 
104.125, 67.125, 3.2142935251176316e-20, nan 
104.375, 67.125, 3.522761773053757e-20, nan 
104.625, 67.125, 2.972482457267581e-20, nan 
104.875, 67.125, 2.1497884896473337e-20, nan 
105.125, 67.125, 3.394508848711498e-20, nan 
105.375, 67.125, 1.4856325809265723e-20, nan 
105.625, 67.125, 3.4064083751940045e-20, nan 
105.875, 67.125, 6.278644373174472e-20, nan 
106.125, 67.125, 7.19623677375841e-20, nan 
106.375, 67.125, 9.608735473992408e-20, nan 
106.625, 67.125, 5.946284215625398e-20, nan 
106.875, 67.125, 6.50006166698978e-20, nan 
107.125, 67.125, 8.116718792148026e-20, nan 
107.375, 67.125, 6.182728679016951e-20, nan 
107.625, 67.125, 4.359434393091986e-20, nan 
107.875, 67.125, 4.267916010549944e-20, nan 
108.125, 67.125, 3.994363334499876e-20, nan 
108.375, 67.125, 4.5973155662196137e-20, nan 
108.625, 67.125, 4.213117910899154e-20, nan 
108.875, 67.125, 3.586163301223202e-20, nan 
109.125, 67.125, 5.35464940473087e-20, nan 
109.375, 67.125, 4.780870635570721e-20, nan 
109.625, 67.125, 5.360987012120747e-20, nan 
109.875, 67.125, 4.114691652840113e-20, nan 
110.125, 67.125, 2.5158847773839787e-20, nan 
110.375, 67.125, 4.8735686643138095e-20, nan 
110.625, 67.125, 4.6189378192857775e-20, nan 
110.875, 67.125, 4.3016203158167077e-20, nan 
111.125, 67.125, 3.3609393722715036e-20, nan 
111.375, 67.125, 3.8984158509028064e-20, nan 
111.625, 67.125, 4.359576154827946e-20, nan 
111.875, 67.125, 5.804780368874666e-20, nan 
112.125, 67.125, 5.977747261585425e-20, nan 
112.375, 67.125, 9.512203575025296e-20, nan 
112.625, 67.125, 1.8656772854815292e-19, nan 
112.875, 67.125, 2.4303330985815836e-19, nan 
113.125, 67.125, 1.6327695906313533e-19, nan 
113.375, 67.125, 3.359158595981155e-19, nan 
113.625, 67.125, 4.326960000211843e-19, nan 
113.875, 67.125, 1.40840515828822e-19, nan 
114.125, 67.125, 1.4943178914536246e-19, nan 
114.375, 67.125, 1.601214516800584e-19, nan 
114.625, 67.125, 5.317176183072498e-20, nan 
114.875, 67.125, 5.647627560272527e-20, nan 
115.125, 67.125, 3.6858327705700205e-20, nan 
115.375, 67.125, 2.9585296679371673e-20, nan 
115.625, 67.125, 1.1360328710634013e-20, nan 
115.875, 67.125, 1.3509087929162616e-20, nan 
116.125, 67.125, 1.4133851924345448e-20, nan 
116.375, 67.125, 1.6842586509166692e-20, nan 
116.625, 67.125, 2.007334709116759e-20, nan 
116.875, 67.125, 2.009287475424574e-20, nan 
117.125, 67.125, 2.0480726303779554e-20, nan 
117.375, 67.125, 1.3901751657303774e-20, nan 
117.625, 67.125, 5.227758168089071e-21, nan 
117.875, 67.125, 9.125812994643015e-21, nan 
118.125, 67.125, 7.65365428680671e-21, nan 
118.375, 67.125, 8.533103849790747e-21, nan 
118.625, 67.125, 9.960707058549433e-21, nan 
118.875, 67.125, 9.208878551282168e-21, nan 
119.125, 67.125, 9.372974573500584e-21, nan 
119.375, 67.125, 7.584552873224612e-21, nan 
119.625, 67.125, 8.414526161957265e-21, nan 
119.875, 67.125, 1.0101099385010416e-20, nan 
120.125, 67.125, 1.2372993059656801e-20, nan 
120.375, 67.125, 1.1415500408065714e-20, nan 
120.625, 67.125, 9.002634086290023e-21, nan 
120.875, 67.125, 8.055487211994191e-21, nan 
121.125, 67.125, 1.0938336180422824e-20, nan 
121.375, 67.125, 7.830911608725126e-21, nan 
121.625, 67.125, 7.527776559957267e-21, nan 
121.875, 67.125, 8.341001393860649e-21, nan 
122.125, 67.125, 5.522078244679e-21, nan 
122.375, 67.125, 4.848546826653941e-21, nan 
122.625, 67.125, 5.254628130289343e-21, nan 
122.875, 67.125, 3.840655133434308e-21, nan 
123.125, 67.125, 3.6340774089954334e-21, nan 
123.375, 67.125, 1.6715367527605259e-21, nan 
123.625, 67.125, 2.205189846624875e-21, nan 
123.875, 67.125, 3.235489666328634e-21, nan 
124.125, 67.125, 3.9918004952755704e-21, nan 
124.375, 67.125, 2.8568972765272518e-21, nan 
124.625, 67.125, 2.3575066591156953e-21, nan 
124.875, 67.125, 2.585969122228573e-21, nan 
125.125, 67.125, 2.4256924436261952e-21, nan 
125.375, 67.125, 2.17678944373811e-21, nan 
125.625, 67.125, 2.244232405477652e-21, nan 
125.875, 67.125, 2.512719898439567e-21, nan 
126.125, 67.125, 2.139263038879013e-21, nan 
126.375, 67.125, 1.0125897277603806e-21, nan 
126.625, 67.125, 1.3759920378110089e-21, nan 
126.875, 67.125, 1.2582150148494977e-21, nan 
127.125, 67.125, 1.124699080875778e-21, nan 
127.375, 67.125, 1.5099049929843953e-21, nan 
127.625, 67.125, 1.4860096476236853e-21, nan 
127.875, 67.125, 1.366134748752877e-21, nan 
128.125, 67.125, 1.342359867332346e-21, nan 
128.375, 67.125, 1.1263551469795554e-21, nan 
128.625, 67.125, 2.149683860760016e-21, nan 
128.875, 67.125, 2.1281972800784806e-21, nan 
129.125, 67.125, 1.9232046080179636e-21, nan 
129.375, 67.125, 2.9174747760209694e-21, nan 
129.625, 67.125, 2.3258082331636407e-21, nan 
129.875, 67.125, 9.895833945468714e-22, nan 
130.125, 67.125, 1.157492560622231e-21, nan 
130.375, 67.125, 1.6871876370733906e-21, nan 
130.625, 67.125, 1.8942310503533523e-21, nan 
130.875, 67.125, 2.3076071900077804e-21, nan 
131.125, 67.125, 1.6286201712445916e-21, nan 
131.375, 67.125, 9.951341550455345e-22, nan 
131.625, 67.125, 1.954827810400454e-21, nan 
131.875, 67.125, 1.5696310103310807e-21, nan 
132.125, 67.125, 3.646616148509736e-22, nan 
132.375, 67.125, 6.713448522550916e-22, nan 
132.625, 67.125, 3.707236633268724e-22, nan 
132.875, 67.125, 3.187752276100254e-22, nan 
133.125, 67.125, 7.7591556583161825e-22, nan 
133.375, 67.125, 4.389470226040945e-22, nan 
133.625, 67.125, 7.189150484696365e-22, nan 
133.875, 67.125, 9.665586610957775e-22, nan 
134.125, 67.125, 2.510206428318346e-22, nan 
134.375, 67.125, 4.744374846746511e-22, nan 
134.625, 67.125, 5.496833850095046e-22, nan 
134.875, 67.125, 3.581226715342713e-22, nan 
135.125, 67.125, 3.2006996752275533e-22, nan 
135.375, 67.125, 2.41303513013178e-22, nan 
135.625, 67.125, 3.968206997165234e-22, nan 
135.875, 67.125, 4.65347813958916e-22, nan 
136.125, 67.125, 2.2475614801123407e-22, nan 
136.375, 67.125, 3.568420150582652e-22, nan 
136.625, 67.125, 3.1847381401768e-22, nan 
136.875, 67.125, 2.559456331446884e-22, nan 
137.125, 67.125, 1.9839879595191313e-22, nan 
137.375, 67.125, 2.5262791143883237e-22, nan 
137.625, 67.125, 5.489004013142491e-22, nan 
137.875, 67.125, 3.96202342029017e-22, nan 
138.125, 67.125, 1.8343733898343755e-22, nan 
138.375, 67.125, 1.3167944539415388e-22, nan 
138.625, 67.125, 1.4874030561130868e-22, nan 
138.875, 67.125, 1.2340797536501107e-22, nan 
139.125, 67.125, 2.2463937594097015e-22, nan 
139.375, 67.125, 2.7151797966349495e-22, nan 
139.625, 67.125, 3.031312621069987e-22, nan 
139.875, 67.125, 1.847550272641441e-22, nan 
140.125, 67.125, 2.236819139120264e-22, nan 
140.375, 67.125, 2.1673534732614173e-22, nan 
140.625, 67.125, 3.114536045063521e-22, nan 
140.875, 67.125, 3.111391962483852e-22, nan 
141.125, 67.125, 2.3734929707971375e-22, nan 
141.375, 67.125, 2.866456177951031e-22, nan 
141.625, 67.125, 1.8011215873810472e-22, nan 
141.875, 67.125, 1.3999765719611969e-22, nan 
142.125, 67.125, 4.018723308709897e-22, nan 
142.375, 67.125, 3.0730396252371794e-22, nan 
142.625, 67.125, 2.29821340349227e-22, nan 
142.875, 67.125, 2.622804693829202e-22, nan 
143.125, 67.125, 3.3382443259355243e-22, nan 
143.375, 67.125, 3.7570879270982427e-22, nan 
143.625, 67.125, 3.3358878091144932e-22, nan 
143.875, 67.125, 3.023751831036236e-22, nan 
144.125, 67.125, 1.9518776312120355e-22, nan 
144.375, 67.125, 2.053162170803021e-22, nan 
144.625, 67.125, 2.473391143297875e-22, nan 
144.875, 67.125, 2.9053581084144764e-22, nan 
145.125, 67.125, 1.4001704225280714e-22, nan 
145.375, 67.125, 1.0839479690151426e-22, nan 
145.625, 67.125, 1.3367901104357628e-22, nan 
145.875, 67.125, 8.710861703792958e-23, nan 
146.125, 67.125, 7.906011316464265e-23, nan 
146.375, 67.125, 1.3090992837093682e-22, nan 
146.625, 67.125, 1.5921021156891996e-22, nan 
146.875, 67.125, 1.1672970620315432e-22, nan 
147.125, 67.125, 1.1893291130767768e-22, nan 
147.375, 67.125, 1.3419618604478894e-22, nan 
147.625, 67.125, 8.796532115714485e-23, nan 
147.875, 67.125, 3.5058080527200094e-23, nan 
148.125, 67.125, 4.1489381997233463e-23, nan 
148.375, 67.125, 3.494739564576502e-23, nan 
148.625, 67.125, 3.804007521936e-23, nan 
148.875, 67.125, 4.792109598155403e-23, nan 
149.125, 67.125, 4.851136574981663e-23, nan 
149.375, 67.125, 3.6838528742974145e-23, nan 
149.625, 67.125, 4.922507317862988e-23, nan 
149.875, 67.125, 1.0398233841176818e-22, nan 
150.125, 67.125, 8.022829979044408e-23, nan 
150.375, 67.125, 6.150220529709029e-23, nan 
150.625, 67.125, 6.856532520309056e-23, nan 
150.875, 67.125, 5.902783121574181e-23, nan 
151.125, 67.125, 6.457737717715509e-23, nan 
151.375, 67.125, 1.0575148232681855e-22, nan 
151.625, 67.125, 1.3570755510251628e-22, nan 
151.875, 67.125, 4.14986276925926e-23, nan 
152.125, 67.125, 8.646034506814476e-23, nan 
152.375, 67.125, 8.79148508847918e-23, nan 
152.625, 67.125, 2.7451363510438885e-23, nan 
152.875, 67.125, 5.693213156256456e-24, nan 
153.125, 67.125, 2.5948699331813035e-23, nan 
153.375, 67.125, 5.255885478061069e-23, nan 
153.625, 67.125, 2.5324144424292305e-23, nan 
153.875, 67.125, 2.792276275986858e-23, nan 
154.125, 67.125, 5.827455136228932e-23, nan 
154.375, 67.125, 3.835852934758825e-23, nan 
154.625, 67.125, 1.8048088834378652e-23, nan 
154.875, 67.125, 3.3840039153762914e-23, nan 
155.125, 67.125, 2.8346185649204336e-23, nan 
155.375, 67.125, 2.7730123459246245e-23, nan 
155.625, 67.125, 2.2684866707864447e-23, nan 
155.875, 67.125, 2.4816971159612305e-23, nan 
156.125, 67.125, 1.6393969263001205e-23, nan 
156.375, 67.125, 1.2017340573538152e-23, nan 
156.625, 67.125, 3.3275351172588847e-23, nan 
156.875, 67.125, 3.910285189448378e-23, nan 
157.125, 67.125, 3.32940417367877e-23, nan 
157.375, 67.125, 2.7471879079176145e-23, nan 
157.625, 67.125, 3.1570360950912897e-23, nan 
157.875, 67.125, 2.820323579173287e-23, nan 
158.125, 67.125, 9.647501993893148e-24, nan 
158.375, 67.125, 7.897095620126263e-24, nan 
158.625, 67.125, 1.860475870194022e-23, nan 
158.875, 67.125, 2.4981257709905238e-23, nan 
159.125, 67.125, 2.285692843805192e-23, nan 
159.375, 67.125, 1.664326377071822e-23, nan 
159.625, 67.125, 1.9471631818154275e-23, nan 
159.875, 67.125, 2.1639686281180064e-23, nan 
160.125, 67.125, 1.3010168958159978e-23, nan 
160.375, 67.125, 2.133287294486751e-23, nan 
160.625, 67.125, 1.3661561296950524e-23, nan 
160.875, 67.125, 2.8690729648895363e-23, nan 
161.125, 67.125, 1.9965404661403873e-23, nan 
161.375, 67.125, 1.469255402683187e-23, nan 
161.625, 67.125, 1.514275098613822e-23, nan 
161.875, 67.125, 2.1751131350357122e-23, nan 
162.125, 67.125, 1.2835132622185154e-23, nan 
162.375, 67.125, 2.2667540489283662e-23, nan 
162.625, 67.125, 2.6239375873519903e-23, nan 
162.875, 67.125, 2.978662612143947e-23, nan 
163.125, 67.125, 3.4836587836925556e-23, nan 
163.375, 67.125, 2.3082543536153075e-23, nan 
163.625, 67.125, 3.3207971172809713e-23, nan 
163.875, 67.125, 2.2587627449794102e-23, nan 
164.125, 67.125, 1.5732407536832043e-23, nan 
164.375, 67.125, 1.5696205806304125e-23, nan 
164.625, 67.125, 2.158065078872773e-23, nan 
164.875, 67.125, 1.565327272199795e-23, nan 
165.125, 67.125, 1.1189593733382725e-23, nan 
165.375, 67.125, 1.80563341617892e-23, nan 
165.625, 67.125, 1.815019508073513e-23, nan 
165.875, 67.125, 1.7275964907441667e-23, nan 
166.125, 67.125, 1.3954872210073044e-23, nan 
166.375, 67.125, 1.4317276067564614e-23, nan 
166.625, 67.125, 1.0501527277518848e-23, nan 
166.875, 67.125, 1.9025287738122036e-23, nan 
167.125, 67.125, 2.5471763156655425e-23, nan 
167.375, 67.125, 2.445936189942871e-23, nan 
167.625, 67.125, 2.1158735933293388e-23, nan 
167.875, 67.125, 2.6054820136091583e-23, nan 
168.125, 67.125, 2.2974418332308082e-23, nan 
168.375, 67.125, 1.9819192101260518e-23, nan 
168.625, 67.125, 9.792014772349821e-24, nan 
168.875, 67.125, 1.11871942841264e-23, nan 
169.125, 67.125, 1.1451758685311254e-23, nan 
169.375, 67.125, 1.0621691331156929e-23, nan 
169.625, 67.125, 1.0249586045694918e-23, nan 
169.875, 67.125, 7.042888374470191e-24, nan 
170.125, 67.125, 6.99210916844038e-24, nan 
170.375, 67.125, 8.105782507610963e-24, nan 
170.625, 67.125, 1.0632793761331874e-23, nan 
170.875, 67.125, 1.4742661789578205e-23, nan 
171.125, 67.125, 8.537984425329327e-24, nan 
171.375, 67.125, 9.066451607911457e-24, nan 
171.625, 67.125, 8.940653958555979e-24, nan 
171.875, 67.125, 5.877076383105706e-24, nan 
172.125, 67.125, 7.216340428040609e-24, nan 
172.375, 67.125, 1.1317273546747616e-23, nan 
172.625, 67.125, 1.464665741639438e-23, nan 
172.875, 67.125, 1.064533686016401e-23, nan 
173.125, 67.125, 2.4220461241939674e-23, nan 
173.375, 67.125, 1.2677627556982069e-23, nan 
173.625, 67.125, 1.1532042898397664e-23, nan 
173.875, 67.125, 2.048115225273085e-23, nan 
174.125, 67.125, 1.5408541458888773e-23, nan 
174.375, 67.125, 1.1099803929770572e-23, nan 
174.625, 67.125, 8.651123011814546e-24, nan 
174.875, 67.125, 5.187483915988957e-24, nan 
175.125, 67.125, 5.0086192888187625e-24, nan 
175.375, 67.125, 4.241430489998845e-24, nan 
175.625, 67.125, 4.7603169453759816e-24, nan 
175.875, 67.125, 8.030915434253852e-24, nan 
176.125, 67.125, 7.555122173932161e-24, nan 
176.375, 67.125, 4.100128284209593e-24, nan 
176.625, 67.125, 6.885522930849752e-24, nan 
176.875, 67.125, 9.007975898469949e-24, nan 
177.125, 67.125, 4.355628218361147e-24, nan 
177.375, 67.125, 5.812885804789875e-24, nan 
177.625, 67.125, 7.064555816034037e-24, nan 
177.875, 67.125, 5.631029533214087e-24, nan 
178.125, 67.125, 4.892421913811356e-24, nan 
178.375, 67.125, 5.762370879316372e-24, nan 
178.625, 67.125, 3.606908322098873e-24, nan 
178.875, 67.125, 2.9328026230146165e-24, nan 
179.125, 67.125, 5.113545335364214e-24, nan 
179.375, 67.125, 2.3365453218025998e-24, nan 
179.625, 67.125, 4.9829759752421964e-24, nan 
179.875, 67.125, 6.82840165957336e-24, nan 
-179.875, 67.375, 7.035768920937056e-24, nan 
-179.625, 67.375, 4.716543851185943e-24, nan 
-179.375, 67.375, 3.885741980144818e-24, nan 
-179.125, 67.375, 5.542642805676578e-24, nan 
-178.875, 67.375, 4.5532668883736254e-24, nan 
-178.625, 67.375, 1.8216969897375263e-24, nan 
-178.375, 67.375, 5.513517616858057e-24, nan 
-178.125, 67.375, 4.479391764834452e-24, nan 
-177.875, 67.375, 5.075887979357279e-24, nan 
-177.625, 67.375, 7.142579727184854e-24, nan 
-177.375, 67.375, 4.53545158185562e-24, nan 
-177.125, 67.375, 4.8904320711770655e-24, nan 
-176.875, 67.375, 4.9602260714037545e-24, nan 
-176.625, 67.375, 5.3073996287921016e-24, nan 
-176.375, 67.375, 4.483621856776807e-24, nan 
-176.125, 67.375, 3.6806317341623814e-24, nan 
-175.875, 67.375, 3.978386323119474e-24, nan 
-175.625, 67.375, 6.0378138268874386e-24, nan 
-175.375, 67.375, 2.6509105684342176e-24, nan 
-175.125, 67.375, 3.870609629059362e-24, nan 
25.875, 67.375, 3.658309809455953e-24, nan 
26.125, 67.375, 5.559201066175287e-24, nan 
26.375, 67.375, 5.010280547348972e-24, nan 
26.625, 67.375, 2.065270248847036e-24, nan 
26.875, 67.375, 5.3871427577718016e-24, nan 
27.125, 67.375, 3.6767193568841515e-24, nan 
27.375, 67.375, 1.8445159643859606e-24, nan 
27.625, 67.375, 2.6047330979829568e-24, nan 
27.875, 67.375, 2.2284353368460965e-24, nan 
28.125, 67.375, 1.4614041979305977e-24, nan 
28.375, 67.375, 1.5951877256583095e-24, nan 
28.625, 67.375, 7.99024531257315e-25, nan 
28.875, 67.375, 2.1088631355662398e-24, nan 
29.125, 67.375, 1.5399539420354936e-24, nan 
29.375, 67.375, 2.4008744278623647e-24, nan 
29.625, 67.375, 2.4407088770074176e-24, nan 
29.875, 67.375, 1.240874306694748e-24, nan 
30.125, 67.375, 3.031030552003944e-24, nan 
30.375, 67.375, 1.9490957977847825e-24, nan 
30.625, 67.375, 2.7165568917278214e-24, nan 
30.875, 67.375, 2.0790092558468712e-24, nan 
31.125, 67.375, 1.8041142087562538e-24, nan 
31.375, 67.375, 2.5076738651433694e-24, nan 
31.625, 67.375, 3.594736272247101e-24, nan 
31.875, 67.375, 5.1254105267207045e-24, nan 
32.125, 67.375, 4.1727218664717214e-24, nan 
32.375, 67.375, 2.7893169913622333e-24, nan 
32.625, 67.375, 9.629888115997352e-25, nan 
32.875, 67.375, 3.2383075180584124e-24, nan 
33.125, 67.375, 1.4504331222162994e-24, nan 
33.375, 67.375, 1.3091877274614082e-24, nan 
33.625, 67.375, 3.495416154389863e-24, nan 
33.875, 67.375, 2.8000389686863976e-24, nan 
34.125, 67.375, 1.97976493600158e-24, nan 
34.375, 67.375, 2.186135784293323e-24, nan 
34.625, 67.375, 2.5395081078369208e-24, nan 
34.875, 67.375, 2.6635777124264326e-24, nan 
35.125, 67.375, 3.818182475999552e-24, nan 
35.375, 67.375, 4.0770724158680726e-24, nan 
35.625, 67.375, 3.729233226975792e-24, nan 
35.875, 67.375, 7.028964479142595e-24, nan 
36.125, 67.375, 5.252805293309631e-24, nan 
36.375, 67.375, 2.6758993277287057e-24, nan 
36.625, 67.375, 5.712760008886066e-24, nan 
36.875, 67.375, 6.3392794290788315e-24, nan 
37.125, 67.375, 7.905009635948212e-24, nan 
37.375, 67.375, 6.754603463336504e-24, nan 
37.625, 67.375, 9.788300949192155e-24, nan 
37.875, 67.375, 1.744607039417301e-23, nan 
38.125, 67.375, 1.5413899962583737e-23, nan 
38.375, 67.375, 8.509235110272864e-24, nan 
38.625, 67.375, 1.5782163422159274e-23, nan 
38.875, 67.375, 1.3593152928042682e-23, nan 
39.125, 67.375, 1.157600992318144e-23, nan 
39.375, 67.375, 1.3076592477844468e-23, nan 
39.625, 67.375, 1.0333691537365279e-23, nan 
39.875, 67.375, 5.407868118452943e-24, nan 
40.125, 67.375, 9.200955480385593e-24, nan 
40.375, 67.375, 7.506517386078381e-24, nan 
40.625, 67.375, 8.049143733445876e-24, nan 
40.875, 67.375, 6.26576097474443e-24, nan 
41.125, 67.375, 9.866658802177567e-24, nan 
41.375, 67.375, 9.974271848947961e-24, nan 
41.625, 67.375, 9.29666304727147e-24, nan 
41.875, 67.375, 8.471643555531417e-24, nan 
42.125, 67.375, 1.0359002408521433e-23, nan 
42.375, 67.375, 8.478663293941401e-24, nan 
42.625, 67.375, 6.2093710221661975e-24, nan 
42.875, 67.375, 8.749215262654227e-24, nan 
43.125, 67.375, 6.788602593095405e-24, nan 
43.375, 67.375, 3.2419686711747505e-24, nan 
43.625, 67.375, 3.6124810528723115e-24, nan 
43.875, 67.375, 5.416595252735558e-24, nan 
44.125, 67.375, 3.750357629788905e-24, nan 
44.375, 67.375, 5.708413426300588e-24, nan 
44.625, 67.375, 1.0474565409752636e-23, nan 
44.875, 67.375, 5.8364478108820484e-24, nan 
45.125, 67.375, 3.332992609788754e-24, nan 
45.375, 67.375, 5.746460011645194e-24, nan 
45.625, 67.375, 6.0578954219274526e-24, nan 
45.875, 67.375, 3.678659977554851e-24, nan 
46.125, 67.375, 5.672145367975872e-24, nan 
46.375, 67.375, 1.1041221607690815e-23, nan 
46.625, 67.375, 1.0244056886964461e-23, nan 
46.875, 67.375, 8.550046516544574e-24, nan 
47.125, 67.375, 1.428514162199258e-23, nan 
47.375, 67.375, 1.401754689953969e-23, nan 
47.625, 67.375, 1.26892139096567e-23, nan 
47.875, 67.375, 2.0514364045003135e-23, nan 
48.125, 67.375, 1.0550105036459453e-23, nan 
48.375, 67.375, 1.362951183378476e-23, nan 
48.625, 67.375, 5.5175977323886665e-24, nan 
48.875, 67.375, 9.101017199514418e-24, nan 
49.125, 67.375, 7.654373638221357e-24, nan 
49.375, 67.375, 3.942254513390245e-24, nan 
49.625, 67.375, 3.0956915579733915e-24, nan 
49.875, 67.375, 4.923015867110367e-24, nan 
50.125, 67.375, 6.065228302755746e-24, nan 
50.375, 67.375, 5.2513391520039134e-24, nan 
50.625, 67.375, 3.8201865144749605e-24, nan 
50.875, 67.375, 9.710214282876177e-24, nan 
51.125, 67.375, 8.518680176830887e-24, nan 
51.375, 67.375, 6.080226219695237e-24, nan 
51.625, 67.375, 2.5171395599171178e-24, nan 
51.875, 67.375, 6.6110523896748365e-24, nan 
52.125, 67.375, 1.129331637288207e-23, nan 
52.375, 67.375, 1.7741646741222888e-23, nan 
52.625, 67.375, 1.5815915907981425e-23, nan 
52.875, 67.375, 1.2009592794061965e-23, nan 
53.125, 67.375, 1.8822955024335818e-23, nan 
53.375, 67.375, 2.348512414425293e-23, nan 
53.625, 67.375, 1.7087854183474746e-23, nan 
53.875, 67.375, 1.5397527273410315e-23, nan 
54.125, 67.375, 2.1290109706710156e-23, nan 
54.375, 67.375, 1.826088357640074e-23, nan 
54.625, 67.375, 2.1714250557446675e-23, nan 
54.875, 67.375, 3.458592999898227e-23, nan 
55.125, 67.375, 2.300995125596043e-23, nan 
55.375, 67.375, 3.701179993077767e-23, nan 
55.625, 67.375, 6.031712437952836e-24, nan 
55.875, 67.375, 1.6295134342973253e-23, nan 
56.125, 67.375, 2.2744531290428856e-23, nan 
56.375, 67.375, 8.033627760523471e-24, nan 
56.625, 67.375, 7.293110019166509e-24, nan 
56.875, 67.375, 1.1852427965838436e-23, nan 
57.125, 67.375, 1.4126025119361355e-23, nan 
57.375, 67.375, 1.3851485737322468e-23, nan 
57.625, 67.375, 1.2453521013028584e-23, nan 
57.875, 67.375, 1.6931961899946743e-23, nan 
58.125, 67.375, 1.8681797328715747e-23, nan 
58.375, 67.375, 2.0744650690394586e-23, nan 
58.625, 67.375, 2.7966804114652296e-23, nan 
58.875, 67.375, 3.302135200209761e-23, nan 
59.125, 67.375, 5.772230041772938e-23, nan 
59.375, 67.375, 5.966118365994814e-23, nan 
59.625, 67.375, 3.53937219569021e-23, nan 
59.875, 67.375, 2.2848554867076553e-23, nan 
60.125, 67.375, 1.4103068920049963e-23, nan 
60.375, 67.375, 1.660796286167654e-23, nan 
60.625, 67.375, 3.4514307634755527e-23, nan 
60.875, 67.375, 1.6079245974759985e-23, nan 
61.125, 67.375, 1.7174901513132892e-23, nan 
61.375, 67.375, 4.121552781778257e-23, nan 
61.625, 67.375, 1.0860175313054635e-23, nan 
61.875, 67.375, 1.3751448609147763e-23, nan 
62.125, 67.375, 3.6123419211979906e-23, nan 
62.375, 67.375, 3.6670808731709564e-23, nan 
62.625, 67.375, 3.0092676692764187e-23, nan 
62.875, 67.375, 4.545733951707999e-23, nan 
63.125, 67.375, 7.076988408938095e-23, nan 
63.375, 67.375, 4.0232996541946455e-23, nan 
63.625, 67.375, 3.376361379297436e-23, nan 
63.875, 67.375, 2.1722522828012734e-23, nan 
64.125, 67.375, 2.586249877624666e-23, nan 
64.375, 67.375, 4.930996043551535e-23, nan 
64.625, 67.375, 3.3190869049466484e-23, nan 
64.875, 67.375, 2.9794608668393886e-23, nan 
65.125, 67.375, 6.626267935117923e-23, nan 
65.375, 67.375, 2.0420010895244165e-23, nan 
65.625, 67.375, 1.3750570260058324e-23, nan 
65.875, 67.375, 2.717504639781175e-23, nan 
66.125, 67.375, 1.5228566157226595e-23, nan 
66.375, 67.375, 3.2496789897569774e-23, nan 
66.625, 67.375, 4.951613986576354e-23, nan 
66.875, 67.375, 4.338278497993886e-23, nan 
67.125, 67.375, 5.148155302891619e-23, nan 
67.375, 67.375, 7.58115066895918e-23, nan 
67.625, 67.375, 1.132326297227613e-22, nan 
67.875, 67.375, 8.161247025900521e-23, nan 
68.125, 67.375, 1.1388100630530249e-22, nan 
68.375, 67.375, 9.515752285484589e-23, nan 
68.625, 67.375, 8.624590547888638e-23, nan 
68.875, 67.375, 9.182984065469769e-23, nan 
69.125, 67.375, 7.829064465936883e-23, nan 
69.375, 67.375, 6.580370516887507e-23, nan 
69.625, 67.375, 3.133097996555397e-23, nan 
69.875, 67.375, 5.35790548971588e-23, nan 
70.125, 67.375, 7.02230502233549e-23, nan 
70.375, 67.375, 7.785159722985814e-23, nan 
70.625, 67.375, 7.591537435565566e-23, nan 
70.875, 67.375, 6.287002920304822e-23, nan 
71.125, 67.375, 8.425038906935215e-23, nan 
71.375, 67.375, 1.0961623364052007e-22, nan 
71.625, 67.375, 1.0675033817915385e-22, nan 
71.875, 67.375, 6.152565161217839e-23, nan 
72.125, 67.375, 1.34885175104856e-22, nan 
72.375, 67.375, 1.8521067116038308e-22, nan 
72.625, 67.375, 5.734767671335148e-23, nan 
72.875, 67.375, 2.0329127116993785e-22, nan 
73.125, 67.375, 2.1858137555645256e-22, nan 
73.375, 67.375, 8.831515973909211e-23, nan 
73.625, 67.375, 2.367440556499925e-22, nan 
73.875, 67.375, 2.093438480670817e-22, nan 
74.125, 67.375, 9.927068652081512e-23, nan 
74.375, 67.375, 1.5272038661142595e-22, nan 
74.625, 67.375, 1.1242294585981326e-22, nan 
74.875, 67.375, 1.856921473772234e-22, nan 
75.125, 67.375, 2.9373613906552636e-22, nan 
75.375, 67.375, 2.982071949112385e-22, nan 
75.625, 67.375, 2.6372827950298398e-22, nan 
75.875, 67.375, 4.709315677663538e-22, nan 
76.125, 67.375, 4.449835808308911e-22, nan 
76.375, 67.375, 4.117156447346809e-22, nan 
76.625, 67.375, 5.130627898312072e-22, nan 
76.875, 67.375, 2.8280805132707e-22, nan 
77.125, 67.375, 1.5022520694238021e-22, nan 
77.375, 67.375, 1.5170846616428863e-22, nan 
77.625, 67.375, 1.5249865579004992e-22, nan 
77.875, 67.375, 1.944006567053728e-22, nan 
78.125, 67.375, 1.5405676510647309e-22, nan 
78.375, 67.375, 2.2182473542043294e-22, nan 
78.625, 67.375, 2.781791791272418e-22, nan 
78.875, 67.375, 3.7275517181368685e-22, nan 
79.125, 67.375, 3.6891962038831754e-22, nan 
79.375, 67.375, 7.049361548039878e-22, nan 
79.625, 67.375, 3.4480199959664077e-22, nan 
79.875, 67.375, 3.6463975931021193e-22, nan 
80.125, 67.375, 1.1325389546582586e-21, nan 
80.375, 67.375, 3.516183050731528e-22, nan 
80.625, 67.375, 5.160522058890634e-22, nan 
80.875, 67.375, 6.261369732796444e-22, nan 
81.125, 67.375, 4.961209608451959e-22, nan 
81.375, 67.375, 7.2855865191303825e-22, nan 
81.625, 67.375, 7.987515961708878e-22, nan 
81.875, 67.375, 6.404769047231758e-22, nan 
82.125, 67.375, 8.877684919990772e-22, nan 
82.375, 67.375, 1.589057952135971e-21, nan 
82.625, 67.375, 1.701709026089981e-21, nan 
82.875, 67.375, 6.005949180292605e-22, nan 
83.125, 67.375, 1.6993893402271815e-21, nan 
83.375, 67.375, 2.0167281894669688e-21, nan 
83.625, 67.375, 1.217896613572847e-21, nan 
83.875, 67.375, 2.420754659747828e-21, nan 
84.125, 67.375, 1.2640214141651053e-21, nan 
84.375, 67.375, 4.430506566630202e-22, nan 
84.625, 67.375, 1.2781863011420652e-21, nan 
84.875, 67.375, 7.013786414679303e-22, nan 
85.125, 67.375, 6.725738495109145e-22, nan 
85.375, 67.375, 7.426748537298702e-22, nan 
85.625, 67.375, 7.059968823093429e-22, nan 
85.875, 67.375, 5.472201304378361e-22, nan 
86.125, 67.375, 8.373195826303494e-22, nan 
86.375, 67.375, 6.219870291225823e-22, nan 
86.625, 67.375, 1.3255480325141046e-21, nan 
86.875, 67.375, 1.9841547920387935e-21, nan 
87.125, 67.375, 2.2758412710389158e-21, nan 
87.375, 67.375, 1.6260439117094988e-21, nan 
87.625, 67.375, 2.731103724244784e-21, nan 
87.875, 67.375, 2.4740411314481045e-21, nan 
88.125, 67.375, 2.8573109230695862e-21, nan 
88.375, 67.375, 4.4092513010537366e-21, nan 
88.625, 67.375, 6.071268090978127e-21, nan 
88.875, 67.375, 4.989582732131819e-21, nan 
89.125, 67.375, 3.849263241130025e-21, nan 
89.375, 67.375, 3.820017101516042e-21, nan 
89.625, 67.375, 3.74179454618518e-21, nan 
89.875, 67.375, 2.3160994975050042e-21, nan 
90.125, 67.375, 2.463376841163123e-21, nan 
90.375, 67.375, 3.1069986760576265e-21, nan 
90.625, 67.375, 2.6105547023193366e-21, nan 
90.875, 67.375, 1.902810845075741e-21, nan 
91.125, 67.375, 3.458737798136466e-21, nan 
91.375, 67.375, 8.210173396692093e-21, nan 
91.625, 67.375, 1.0970797375467413e-20, nan 
91.875, 67.375, 8.113148048841702e-21, nan 
92.125, 67.375, 1.2160392058303353e-20, nan 
92.375, 67.375, 2.577931914714428e-20, nan 
92.625, 67.375, 1.8518138694095722e-20, nan 
92.875, 67.375, 1.747766602577767e-20, nan 
93.125, 67.375, 1.9071961260004193e-20, nan 
93.375, 67.375, 7.901202439738607e-21, nan 
93.625, 67.375, 6.717149290563385e-21, nan 
93.875, 67.375, 7.685290534238044e-21, nan 
94.125, 67.375, 7.71095064464691e-21, nan 
94.375, 67.375, 1.4991292125495185e-20, nan 
94.625, 67.375, 1.651128019228001e-20, nan 
94.875, 67.375, 1.9114308680064286e-20, nan 
95.125, 67.375, 1.5263306866458722e-20, nan 
95.375, 67.375, 8.397065075168805e-21, nan 
95.625, 67.375, 1.6184806916738265e-20, nan 
95.875, 67.375, 3.053216718115446e-20, nan 
96.125, 67.375, 3.56555415972615e-20, nan 
96.375, 67.375, 4.2712059713218714e-20, nan 
96.625, 67.375, 5.1150668983141996e-20, nan 
96.875, 67.375, 6.39388582040886e-20, nan 
97.125, 67.375, 1.3367122527468853e-19, nan 
97.375, 67.375, 6.386694710960485e-20, nan 
97.625, 67.375, 6.94527363046759e-20, nan 
97.875, 67.375, 1.1408554546757685e-19, nan 
98.125, 67.375, 8.223227306579103e-20, nan 
98.375, 67.375, 7.927409783184538e-20, nan 
98.625, 67.375, 4.8535612973144896e-20, nan 
98.875, 67.375, 5.793722644966791e-20, nan 
99.125, 67.375, 6.347392577263281e-20, nan 
99.375, 67.375, 3.423122090584481e-20, nan 
99.625, 67.375, 3.102952585435396e-20, nan 
99.875, 67.375, 2.65727569284228e-20, nan 
100.125, 67.375, 4.0658873724571096e-20, nan 
100.375, 67.375, 5.520314192887955e-20, nan 
100.625, 67.375, 6.067089145179968e-20, nan 
100.875, 67.375, 3.4633920704061234e-20, nan 
101.125, 67.375, 5.197505993797616e-20, nan 
101.375, 67.375, 2.2362307261794027e-20, nan 
101.625, 67.375, 2.6378942983074876e-20, nan 
101.875, 67.375, 5.099984886085691e-20, nan 
102.125, 67.375, 5.402454301603433e-20, nan 
102.375, 67.375, 7.207223510195218e-20, nan 
102.625, 67.375, 6.91069457029475e-20, nan 
102.875, 67.375, 5.496033558784146e-20, nan 
103.125, 67.375, 5.963506135291235e-20, nan 
103.375, 67.375, 4.54346244240577e-20, nan 
103.625, 67.375, 3.4964511041664096e-20, nan 
103.875, 67.375, 3.0710047433220926e-20, nan 
104.125, 67.375, 4.457719324250685e-20, nan 
104.375, 67.375, 4.220571557920721e-20, nan 
104.625, 67.375, 4.285937684520818e-20, nan 
104.875, 67.375, 2.5663100429689434e-20, nan 
105.125, 67.375, 3.0935640602869015e-20, nan 
105.375, 67.375, 6.834197504925793e-20, nan 
105.625, 67.375, 8.812698737539212e-20, nan 
105.875, 67.375, 8.191642824807061e-20, nan 
106.125, 67.375, 7.622493483694821e-20, nan 
106.375, 67.375, 1.1885733962057932e-19, nan 
106.625, 67.375, 7.574133212888233e-20, nan 
106.875, 67.375, 2.40411191375547e-20, nan 
107.125, 67.375, 6.329403334064628e-20, nan 
107.375, 67.375, 6.230299131291786e-20, nan 
107.625, 67.375, 3.398387876416918e-20, nan 
107.875, 67.375, 2.773923806193151e-20, nan 
108.125, 67.375, 2.798734589987353e-20, nan 
108.375, 67.375, 3.4297405525652846e-20, nan 
108.625, 67.375, 2.2236700752546826e-20, nan 
108.875, 67.375, 4.175033965639024e-20, nan 
109.125, 67.375, 5.921055819368e-20, nan 
109.375, 67.375, 6.564448430977494e-20, nan 
109.625, 67.375, 6.684826251247237e-20, nan 
109.875, 67.375, 5.177436008608064e-20, nan 
110.125, 67.375, 3.4268793514711763e-20, nan 
110.375, 67.375, 4.762503197838356e-20, nan 
110.625, 67.375, 5.0723471536489105e-20, nan 
110.875, 67.375, 4.664665391729554e-20, nan 
111.125, 67.375, 2.59096154405845e-20, nan 
111.375, 67.375, 3.432575353984469e-20, nan 
111.625, 67.375, 1.5330024638680304e-20, nan 
111.875, 67.375, 2.436071211343401e-20, nan 
112.125, 67.375, 3.9627537273338747e-20, nan 
112.375, 67.375, 6.212362652053887e-20, nan 
112.625, 67.375, 8.99052742807552e-20, nan 
112.875, 67.375, 8.31990514390537e-20, nan 
113.125, 67.375, 1.1769931635396077e-19, nan 
113.375, 67.375, 2.523630580172728e-19, nan 
113.625, 67.375, 3.4426418407066596e-19, nan 
113.875, 67.375, 1.315671073878172e-19, nan 
114.125, 67.375, 8.125969188977719e-20, nan 
114.375, 67.375, 8.881546395761938e-20, nan 
114.625, 67.375, 7.097445732304014e-20, nan 
114.875, 67.375, 4.7577966545827957e-20, nan 
115.125, 67.375, 1.842199223744316e-20, nan 
115.375, 67.375, 8.61789831992906e-21, nan 
115.625, 67.375, 1.2207207960430193e-20, nan 
115.875, 67.375, 1.9076330873864264e-20, nan 
116.125, 67.375, 2.2845140645316525e-20, nan 
116.375, 67.375, 2.118540532954268e-20, nan 
116.625, 67.375, 2.631400343072139e-20, nan 
116.875, 67.375, 2.394006691515592e-20, nan 
117.125, 67.375, 1.0736308136245825e-20, nan 
117.375, 67.375, 9.76455391847201e-21, nan 
117.625, 67.375, 1.2606459490349053e-20, nan 
117.875, 67.375, 1.096021264640538e-20, nan 
118.125, 67.375, 1.8460183100897294e-20, nan 
118.375, 67.375, 1.605566519563769e-20, nan 
118.625, 67.375, 1.6583848449037442e-20, nan 
118.875, 67.375, 6.5622340253930985e-21, nan 
119.125, 67.375, 8.770543875277816e-21, nan 
119.375, 67.375, 1.6152831307691898e-20, nan 
119.625, 67.375, 1.1984028617679834e-20, nan 
119.875, 67.375, 1.1734154803096898e-20, nan 
120.125, 67.375, 2.2805464086471042e-20, nan 
120.375, 67.375, 1.7945774578497195e-20, nan 
120.625, 67.375, 1.2727891684220727e-20, nan 
120.875, 67.375, 1.3385815653046449e-20, nan 
121.125, 67.375, 1.4009652736037048e-20, nan 
121.375, 67.375, 8.656158817022817e-21, nan 
121.625, 67.375, 8.720418054089215e-21, nan 
121.875, 67.375, 9.189692039433684e-21, nan 
122.125, 67.375, 6.303019423151685e-21, nan 
122.375, 67.375, 3.3487329124598853e-21, nan 
122.625, 67.375, 2.1200342880896523e-21, nan 
122.875, 67.375, 5.7835736093094716e-21, nan 
123.125, 67.375, 5.0950113801936986e-21, nan 
123.375, 67.375, 3.5233056196636315e-21, nan 
123.625, 67.375, 4.297538221855067e-21, nan 
123.875, 67.375, 4.3905621262992246e-21, nan 
124.125, 67.375, 5.4600319291815256e-21, nan 
124.375, 67.375, 4.739344818907807e-21, nan 
124.625, 67.375, 6.44617732409404e-21, nan 
124.875, 67.375, 3.706196957982278e-21, nan 
125.125, 67.375, 4.1625383475893025e-21, nan 
125.375, 67.375, 3.124277712518624e-21, nan 
125.625, 67.375, 4.020940030623701e-21, nan 
125.875, 67.375, 2.0195201358567573e-21, nan 
126.125, 67.375, 3.3865026427818343e-21, nan 
126.375, 67.375, 1.9822089307865185e-21, nan 
126.625, 67.375, 1.6633689765312034e-21, nan 
126.875, 67.375, 2.4778356858449712e-21, nan 
127.125, 67.375, 1.7471103010267527e-21, nan 
127.375, 67.375, 1.067571783579751e-21, nan 
127.625, 67.375, 1.554533681562173e-21, nan 
127.875, 67.375, 1.8294380025499934e-21, nan 
128.125, 67.375, 1.9379654037943804e-21, nan 
128.375, 67.375, 2.0111636887585694e-21, nan 
128.625, 67.375, 2.0351770145967914e-21, nan 
128.875, 67.375, 2.1869845130611134e-21, nan 
129.125, 67.375, 9.916531100182018e-22, nan 
129.375, 67.375, 1.129719257434286e-21, nan 
129.625, 67.375, 1.4493296100891818e-21, nan 
129.875, 67.375, 1.403616632777774e-21, nan 
130.125, 67.375, 1.3169300072084934e-21, nan 
130.375, 67.375, 1.6777295131162243e-21, nan 
130.625, 67.375, 1.1869103776827167e-21, nan 
130.875, 67.375, 1.6865841205504763e-21, nan 
131.125, 67.375, 6.806657268788368e-22, nan 
131.375, 67.375, 3.340998949718477e-22, nan 
131.625, 67.375, 3.037019230500205e-22, nan 
131.875, 67.375, 3.3610161071084076e-22, nan 
132.125, 67.375, 3.5110624265258954e-22, nan 
132.375, 67.375, 4.485697384341023e-22, nan 
132.625, 67.375, 3.771658943952683e-22, nan 
132.875, 67.375, 2.0686662861538795e-22, nan 
133.125, 67.375, 4.0973323032848863e-22, nan 
133.375, 67.375, 3.5364778423215584e-22, nan 
133.625, 67.375, 5.689207461176264e-22, nan 
133.875, 67.375, 7.396973798969548e-22, nan 
134.125, 67.375, 3.588131975822146e-22, nan 
134.375, 67.375, 3.6250447517894413e-22, nan 
134.625, 67.375, 5.003938248863181e-22, nan 
134.875, 67.375, 4.968931497117498e-22, nan 
135.125, 67.375, 3.039793352629798e-22, nan 
135.375, 67.375, 3.0879968978627316e-22, nan 
135.625, 67.375, 3.6813434968660315e-22, nan 
135.875, 67.375, 3.627641985444385e-22, nan 
136.125, 67.375, 2.03350857745641e-22, nan 
136.375, 67.375, 1.1959663436327143e-22, nan 
136.625, 67.375, 2.888192194546526e-22, nan 
136.875, 67.375, 4.655336676879017e-22, nan 
137.125, 67.375, 4.107755221546057e-22, nan 
137.375, 67.375, 3.024396133430473e-22, nan 
137.625, 67.375, 8.410159708608935e-22, nan 
137.875, 67.375, 5.874445067729556e-22, nan 
138.125, 67.375, 3.829478358609531e-22, nan 
138.375, 67.375, 5.589024901348768e-22, nan 
138.625, 67.375, 3.8814079922521945e-22, nan 
138.875, 67.375, 2.507300999285857e-22, nan 
139.125, 67.375, 2.0029121785879655e-22, nan 
139.375, 67.375, 2.6275492855581783e-22, nan 
139.625, 67.375, 3.2578587302798757e-22, nan 
139.875, 67.375, 1.7709631009363062e-22, nan 
140.125, 67.375, 3.552470929598763e-22, nan 
140.375, 67.375, 2.7857647423941276e-22, nan 
140.625, 67.375, 3.0592973586710073e-22, nan 
140.875, 67.375, 3.452711737752237e-22, nan 
141.125, 67.375, 3.3091225345054793e-22, nan 
141.375, 67.375, 2.3849236494309047e-22, nan 
141.625, 67.375, 9.95823615323685e-23, nan 
141.875, 67.375, 1.756279065535403e-22, nan 
142.125, 67.375, 2.755497578576105e-22, nan 
142.375, 67.375, 2.7948639374131214e-22, nan 
142.625, 67.375, 2.1408938133521883e-22, nan 
142.875, 67.375, 1.8134254022623334e-22, nan 
143.125, 67.375, 2.3487312351980513e-22, nan 
143.375, 67.375, 1.5754438855176255e-22, nan 
143.625, 67.375, 1.4316697403400345e-22, nan 
143.875, 67.375, 9.014169207022825e-23, nan 
144.125, 67.375, 5.754264469269609e-23, nan 
144.375, 67.375, 1.0724515817120263e-22, nan 
144.625, 67.375, 1.301109833082607e-22, nan 
144.875, 67.375, 1.7209215274014801e-22, nan 
145.125, 67.375, 1.4298148593061745e-22, nan 
145.375, 67.375, 1.597306604732152e-22, nan 
145.625, 67.375, 1.2124148981763213e-22, nan 
145.875, 67.375, 7.658088713411072e-23, nan 
146.125, 67.375, 1.425661746535907e-22, nan 
146.375, 67.375, 1.9953599307952764e-22, nan 
146.625, 67.375, 1.8447932559090263e-22, nan 
146.875, 67.375, 1.1204602564574015e-22, nan 
147.125, 67.375, 1.2561639136231738e-22, nan 
147.375, 67.375, 1.3379438194331175e-22, nan 
147.625, 67.375, 5.2924064623853383e-23, nan 
147.875, 67.375, 3.9654310902262846e-23, nan 
148.125, 67.375, 6.856635537679963e-23, nan 
148.375, 67.375, 4.108275684635788e-23, nan 
148.625, 67.375, 3.894115345646668e-23, nan 
148.875, 67.375, 2.1229895624962166e-23, nan 
149.125, 67.375, 2.779450757731009e-23, nan 
149.375, 67.375, 5.899808966390241e-23, nan 
149.625, 67.375, 4.0563509351930955e-23, nan 
149.875, 67.375, 9.25958197097511e-23, nan 
150.125, 67.375, 6.258768061490238e-23, nan 
150.375, 67.375, 5.987762412200667e-23, nan 
150.625, 67.375, 6.700413117054531e-23, nan 
150.875, 67.375, 7.070699308316385e-23, nan 
151.125, 67.375, 5.0805448515797925e-23, nan 
151.375, 67.375, 8.014384132048609e-23, nan 
151.625, 67.375, 1.0341796194117661e-22, nan 
151.875, 67.375, 2.5871573835170987e-23, nan 
152.125, 67.375, 4.492841913021082e-23, nan 
152.375, 67.375, 5.442784389714418e-23, nan 
152.625, 67.375, 5.021633792295348e-23, nan 
152.875, 67.375, 3.812705661947702e-23, nan 
153.125, 67.375, 6.048493356417319e-23, nan 
153.375, 67.375, 3.111902235144918e-23, nan 
153.625, 67.375, 2.630139781563842e-23, nan 
153.875, 67.375, 3.8818321782486596e-23, nan 
154.125, 67.375, 4.9180573190434765e-23, nan 
154.375, 67.375, 4.817053382469419e-23, nan 
154.625, 67.375, 4.168868512795963e-23, nan 
154.875, 67.375, 3.711076632688052e-23, nan 
155.125, 67.375, 3.721077519692393e-23, nan 
155.375, 67.375, 3.4105816675208146e-23, nan 
155.625, 67.375, 2.8367888222721135e-23, nan 
155.875, 67.375, 2.5782399593619443e-23, nan 
156.125, 67.375, 1.9878434740955433e-23, nan 
156.375, 67.375, 2.3807374544650078e-23, nan 
156.625, 67.375, 3.6289333980341387e-23, nan 
156.875, 67.375, 4.842379379180226e-23, nan 
157.125, 67.375, 3.897231804655719e-23, nan 
157.375, 67.375, 4.423119376164906e-23, nan 
157.625, 67.375, 4.3566863844785067e-23, nan 
157.875, 67.375, 3.517636477518972e-23, nan 
158.125, 67.375, 2.546610559782649e-23, nan 
158.375, 67.375, 9.174930432685742e-24, nan 
158.625, 67.375, 1.6244961542593782e-23, nan 
158.875, 67.375, 2.4007068925755324e-23, nan 
159.125, 67.375, 2.907090390108299e-23, nan 
159.375, 67.375, 1.8817225233183942e-23, nan 
159.625, 67.375, 2.5608305244550044e-23, nan 
159.875, 67.375, 2.6540786471590464e-23, nan 
160.125, 67.375, 1.0220615114851511e-23, nan 
160.375, 67.375, 2.317752381522918e-23, nan 
160.625, 67.375, 1.0225013166457963e-23, nan 
160.875, 67.375, 5.137233973436264e-24, nan 
161.125, 67.375, 1.2300177602336947e-23, nan 
161.375, 67.375, 6.935197291390845e-24, nan 
161.625, 67.375, 9.995573544092193e-24, nan 
161.875, 67.375, 1.9627535675140678e-23, nan 
162.125, 67.375, 3.116459305110025e-23, nan 
162.375, 67.375, 3.147627257589909e-23, nan 
162.625, 67.375, 2.847207251358169e-23, nan 
162.875, 67.375, 4.008751677571178e-23, nan 
163.125, 67.375, 4.3727778742624255e-23, nan 
163.375, 67.375, 3.836954518406544e-23, nan 
163.625, 67.375, 5.676098565218856e-23, nan 
163.875, 67.375, 5.246706917944794e-23, nan 
164.125, 67.375, 3.857437468865e-23, nan 
164.375, 67.375, 3.986183526918928e-23, nan 
164.625, 67.375, 3.3257794076465855e-23, nan 
164.875, 67.375, 2.2126853317889e-23, nan 
165.125, 67.375, 1.1026988379878685e-23, nan 
165.375, 67.375, 9.301782572802221e-24, nan 
165.625, 67.375, 1.0938666097277023e-23, nan 
165.875, 67.375, 1.508032326871666e-23, nan 
166.125, 67.375, 1.1500548253745624e-23, nan 
166.375, 67.375, 1.6630127753713837e-23, nan 
166.625, 67.375, 1.2874090632618298e-23, nan 
166.875, 67.375, 1.7596083698217867e-23, nan 
167.125, 67.375, 2.2164369068337355e-23, nan 
167.375, 67.375, 2.5387737513280497e-23, nan 
167.625, 67.375, 2.5893078727517017e-23, nan 
167.875, 67.375, 3.206359684475768e-23, nan 
168.125, 67.375, 2.932897005171695e-23, nan 
168.375, 67.375, 2.0607785922498356e-23, nan 
168.625, 67.375, 2.3466160757601574e-23, nan 
168.875, 67.375, 1.4353298504224304e-23, nan 
169.125, 67.375, 1.378054552104222e-23, nan 
169.375, 67.375, 1.607811408425111e-23, nan 
169.625, 67.375, 1.1411204633450395e-23, nan 
169.875, 67.375, 9.053868914514265e-24, nan 
170.125, 67.375, 1.0966845355265005e-23, nan 
170.375, 67.375, 8.563800057077054e-24, nan 
170.625, 67.375, 1.1297301481924365e-23, nan 
170.875, 67.375, 1.1192037477787817e-23, nan 
171.125, 67.375, 1.0660729156644104e-23, nan 
171.375, 67.375, 1.2700604440970593e-23, nan 
171.625, 67.375, 2.1093671557636947e-23, nan 
171.875, 67.375, 1.5414882315565097e-23, nan 
172.125, 67.375, 1.1743117576177125e-23, nan 
172.375, 67.375, 3.409449055394575e-23, nan 
172.625, 67.375, 2.9956435274079905e-23, nan 
172.875, 67.375, 1.475209474805939e-23, nan 
173.125, 67.375, 2.784308871909561e-23, nan 
173.375, 67.375, 2.0145328752845417e-23, nan 
173.625, 67.375, 1.2666956638858228e-23, nan 
173.875, 67.375, 1.3426944396536247e-23, nan 
174.125, 67.375, 1.471642880627817e-23, nan 
174.375, 67.375, 1.2399193205481037e-23, nan 
174.625, 67.375, 1.0545588110921755e-23, nan 
174.875, 67.375, 7.800577070036781e-24, nan 
175.125, 67.375, 7.22295168973148e-24, nan 
175.375, 67.375, 5.270600370140789e-24, nan 
175.625, 67.375, 3.668749856613808e-24, nan 
175.875, 67.375, 6.4267887172089144e-24, nan 
176.125, 67.375, 3.681219134818616e-24, nan 
176.375, 67.375, 5.43627718663602e-24, nan 
176.625, 67.375, 6.645276033609077e-24, nan 
176.875, 67.375, 4.945220638200583e-24, nan 
177.125, 67.375, 6.822461701302788e-24, nan 
177.375, 67.375, 4.6472779366989546e-24, nan 
177.625, 67.375, 4.86527671393827e-24, nan 
177.875, 67.375, 4.573523997208928e-24, nan 
178.125, 67.375, 5.575341389764346e-24, nan 
178.375, 67.375, 2.9858428083054464e-24, nan 
178.625, 67.375, 3.817700083684468e-24, nan 
178.875, 67.375, 2.7797375986329148e-24, nan 
179.125, 67.375, 2.1867600427104334e-24, nan 
179.375, 67.375, 1.8949288347193534e-24, nan 
179.625, 67.375, 2.4733339098760103e-24, nan 
179.875, 67.375, 3.2340938776911204e-24, nan 
-179.875, 67.625, 4.448272299045022e-24, nan 
-179.625, 67.625, 3.454446157871696e-24, nan 
-179.375, 67.625, 3.1907207373530437e-24, nan 
-179.125, 67.625, 3.2711453321624722e-24, nan 
-178.875, 67.625, 1.5709081122449252e-24, nan 
-178.625, 67.625, 2.3168279443856633e-24, nan 
-178.375, 67.625, 4.7618638748660896e-24, nan 
-178.125, 67.625, 3.618722691354607e-24, nan 
-177.875, 67.625, 2.6485565823914903e-24, nan 
-177.625, 67.625, 5.021916198040673e-24, nan 
-177.375, 67.625, 3.910131695802975e-24, nan 
-177.125, 67.625, 3.378695422995791e-24, nan 
-176.875, 67.625, 4.087785515643129e-24, nan 
-176.625, 67.625, 4.986191041365497e-24, nan 
-176.375, 67.625, 4.996539097297383e-24, nan 
-176.125, 67.625, 4.279939989317954e-24, nan 
-175.875, 67.625, 5.356645666499677e-24, nan 
-175.625, 67.625, 4.783369613773941e-24, nan 
-175.375, 67.625, 3.509922848349771e-24, nan 
-175.125, 67.625, 3.995701977777067e-24, nan 
-174.875, 67.625, 4.947308720119541e-24, nan 
-174.625, 67.625, 4.777845200708142e-24, nan 
24.875, 67.625, 3.995624763237881e-24, nan 
25.125, 67.625, 3.024931014480515e-24, nan 
25.375, 67.625, 5.3000259505867665e-24, nan 
25.625, 67.625, 7.391651374345191e-24, nan 
25.875, 67.625, 4.8404080338133326e-24, nan 
26.125, 67.625, 4.226948861220262e-24, nan 
26.375, 67.625, 7.11174543026486e-24, nan 
26.625, 67.625, 6.3999836008422574e-24, nan 
26.875, 67.625, 4.234234263511503e-24, nan 
27.125, 67.625, 1.6859231843655064e-24, nan 
27.375, 67.625, 5.1399353523898645e-24, nan 
27.625, 67.625, 2.0807998595075615e-24, nan 
27.875, 67.625, 3.0085829956516964e-24, nan 
28.125, 67.625, 1.1572761393549646e-24, nan 
28.375, 67.625, 2.42986544782867e-24, nan 
28.625, 67.625, 2.6653477442286074e-24, nan 
28.875, 67.625, 2.441499651937194e-24, nan 
29.125, 67.625, 2.80010400021933e-24, nan 
29.375, 67.625, 2.3909445000262826e-24, nan 
29.625, 67.625, 2.3233981392604353e-24, nan 
29.875, 67.625, 4.240967656372391e-24, nan 
30.125, 67.625, 3.67946126511665e-24, nan 
30.375, 67.625, 3.0693054449114528e-24, nan 
30.625, 67.625, 7.961390694273544e-24, nan 
30.875, 67.625, 4.315902917507112e-24, nan 
31.125, 67.625, 1.9249999731464688e-24, nan 
31.375, 67.625, 4.416661201290489e-24, nan 
31.625, 67.625, 3.0364403317077204e-24, nan 
31.875, 67.625, 2.3726324218939163e-24, nan 
32.125, 67.625, 3.555169314737104e-24, nan 
32.375, 67.625, 2.0246001101728575e-24, nan 
32.625, 67.625, 1.615857669381623e-24, nan 
32.875, 67.625, 2.872662075035617e-24, nan 
33.125, 67.625, 2.433257077262605e-24, nan 
33.375, 67.625, 2.9119823014252427e-24, nan 
33.625, 67.625, 1.6539413443544212e-24, nan 
33.875, 67.625, 2.504861600452237e-24, nan 
34.125, 67.625, 3.609508637818026e-24, nan 
34.375, 67.625, 4.5130657379637656e-24, nan 
34.625, 67.625, 3.528554357436368e-24, nan 
34.875, 67.625, 2.9048481652312505e-24, nan 
35.125, 67.625, 3.580683208086585e-24, nan 
35.375, 67.625, 4.49140286699669e-24, nan 
35.625, 67.625, 3.298967279644533e-24, nan 
35.875, 67.625, 6.290785940635831e-24, nan 
36.125, 67.625, 7.541121870455758e-24, nan 
36.375, 67.625, 5.206213905349107e-24, nan 
36.625, 67.625, 6.138845520111821e-24, nan 
36.875, 67.625, 7.444803701885054e-24, nan 
37.125, 67.625, 6.052237833364464e-24, nan 
37.375, 67.625, 5.8436550177114514e-24, nan 
37.625, 67.625, 3.823014631275853e-24, nan 
37.875, 67.625, 4.0181099013451245e-24, nan 
38.125, 67.625, 5.116699005169498e-24, nan 
38.375, 67.625, 8.11566420531121e-24, nan 
38.625, 67.625, 6.670096920026523e-24, nan 
38.875, 67.625, 7.044243635474556e-24, nan 
39.125, 67.625, 8.46318866046228e-24, nan 
39.375, 67.625, 1.0195085124685603e-23, nan 
39.625, 67.625, 8.299021538566625e-24, nan 
39.875, 67.625, 9.449165581622907e-24, nan 
40.125, 67.625, 1.0676877221948225e-23, nan 
40.375, 67.625, 6.912028790938163e-24, nan 
40.625, 67.625, 7.42387753675355e-24, nan 
40.875, 67.625, 5.5860645342120566e-24, nan 
41.125, 67.625, 9.623836438513039e-24, nan 
41.375, 67.625, 1.0467529138610957e-23, nan 
41.625, 67.625, 6.2412208771697484e-24, nan 
41.875, 67.625, 7.391613697400779e-24, nan 
42.125, 67.625, 9.595322989021022e-24, nan 
42.375, 67.625, 8.91620453108948e-24, nan 
42.625, 67.625, 6.39697477924706e-24, nan 
42.875, 67.625, 8.763134814082555e-24, nan 
43.125, 67.625, 8.741695295222781e-24, nan 
43.375, 67.625, 2.2940327733712033e-24, nan 
43.625, 67.625, 6.086282675017736e-24, nan 
43.875, 67.625, 9.462330522654499e-24, nan 
44.125, 67.625, 6.825621623207484e-24, nan 
44.375, 67.625, 9.100661688414155e-24, nan 
44.625, 67.625, 1.6785275376172664e-23, nan 
44.875, 67.625, 7.582144328214662e-24, nan 
45.125, 67.625, 7.621930632078979e-24, nan 
45.375, 67.625, 9.049601504407513e-24, nan 
45.625, 67.625, 9.025449785071067e-24, nan 
45.875, 67.625, 4.922064750103361e-24, nan 
46.125, 67.625, 7.264116650106643e-24, nan 
46.375, 67.625, 9.849942340836318e-24, nan 
46.625, 67.625, 5.6462531328822085e-24, nan 
46.875, 67.625, 3.917700203423453e-24, nan 
47.125, 67.625, 1.1021076833803158e-23, nan 
47.375, 67.625, 1.0977000313177403e-23, nan 
47.625, 67.625, 1.102709539206249e-23, nan 
47.875, 67.625, 8.729369553867218e-24, nan 
48.125, 67.625, 1.2804255330720031e-23, nan 
48.375, 67.625, 7.099702825786468e-24, nan 
48.625, 67.625, 6.885021407436285e-24, nan 
48.875, 67.625, 7.716055753219529e-24, nan 
49.125, 67.625, 8.519770868612575e-24, nan 
49.375, 67.625, 4.349824958594838e-24, nan 
49.625, 67.625, 4.5806471425310476e-24, nan 
49.875, 67.625, 4.3038618747633636e-24, nan 
50.125, 67.625, 3.177826189994825e-24, nan 
50.375, 67.625, 9.179208274136251e-24, nan 
50.625, 67.625, 8.692274477618901e-24, nan 
50.875, 67.625, 1.1324959521837603e-23, nan 
51.125, 67.625, 1.0996339341648645e-23, nan 
51.375, 67.625, 1.3190834193367651e-23, nan 
51.625, 67.625, 1.4537603965000094e-23, nan 
51.875, 67.625, 1.0359593291079875e-23, nan 
52.125, 67.625, 1.522177487852894e-23, nan 
52.375, 67.625, 1.2171818473023219e-23, nan 
52.625, 67.625, 8.705780396642472e-24, nan 
52.875, 67.625, 1.0824149309389525e-23, nan 
53.125, 67.625, 1.4309376411386762e-23, nan 
53.375, 67.625, 1.3774384436994915e-23, nan 
53.625, 67.625, 1.3160592678718719e-23, nan 
53.875, 67.625, 1.5552944930289426e-23, nan 
54.125, 67.625, 1.2717338990641827e-23, nan 
54.375, 67.625, 1.5221107219600198e-23, nan 
54.625, 67.625, 1.452940050778313e-23, nan 
54.875, 67.625, 1.1383921321230625e-23, nan 
55.125, 67.625, 1.5324261117059902e-23, nan 
55.375, 67.625, 2.4971694533628628e-23, nan 
55.625, 67.625, 5.6257734537091046e-24, nan 
55.875, 67.625, 2.5503380949337047e-23, nan 
56.125, 67.625, 1.1777008068013178e-23, nan 
56.375, 67.625, 1.2385888940401458e-23, nan 
56.625, 67.625, 1.7205926331725323e-23, nan 
56.875, 67.625, 1.34472196116118e-23, nan 
57.125, 67.625, 1.8367944595618817e-23, nan 
57.375, 67.625, 3.146083324431949e-23, nan 
57.625, 67.625, 3.069573956687522e-23, nan 
57.875, 67.625, 1.7298055125729027e-23, nan 
58.125, 67.625, 2.047229807464158e-23, nan 
58.375, 67.625, 3.611470285757097e-23, nan 
58.625, 67.625, 4.5401635484761e-23, nan 
58.875, 67.625, 3.7996241448535084e-23, nan 
59.125, 67.625, 7.42408458554584e-23, nan 
59.375, 67.625, 8.474282885676966e-23, nan 
59.625, 67.625, 4.901774159594373e-23, nan 
59.875, 67.625, 4.5773284670099125e-23, nan 
60.125, 67.625, 6.137832764171476e-23, nan 
60.375, 67.625, 6.327473631764026e-23, nan 
60.625, 67.625, 4.779392259875476e-23, nan 
60.875, 67.625, 3.991064206845654e-23, nan 
61.125, 67.625, 2.332183412622979e-23, nan 
61.375, 67.625, 2.334041228612552e-23, nan 
61.625, 67.625, 1.8175444633725816e-23, nan 
61.875, 67.625, 1.475204272803716e-23, nan 
62.125, 67.625, 1.2820625172754071e-23, nan 
62.375, 67.625, 2.1901914660617566e-23, nan 
62.625, 67.625, 2.516405546086531e-23, nan 
62.875, 67.625, 4.177590881163682e-23, nan 
63.125, 67.625, 5.473640749760792e-23, nan 
63.375, 67.625, 3.373115194705689e-23, nan 
63.625, 67.625, 2.4858217810845003e-23, nan 
63.875, 67.625, 2.7497849121335577e-23, nan 
64.125, 67.625, 3.6850538619055886e-23, nan 
64.375, 67.625, 3.150999628014707e-23, nan 
64.625, 67.625, 4.5316690072787954e-23, nan 
64.875, 67.625, 3.4179784424183826e-23, nan 
65.125, 67.625, 5.135936555068896e-23, nan 
65.375, 67.625, 4.050280274114464e-23, nan 
65.625, 67.625, 1.731034198209213e-23, nan 
65.875, 67.625, 2.5159685055583184e-23, nan 
66.125, 67.625, 1.9022117955879247e-23, nan 
66.375, 67.625, 1.7199460564995667e-23, nan 
66.625, 67.625, 4.7045917308886594e-23, nan 
66.875, 67.625, 6.407518615499312e-23, nan 
67.125, 67.625, 2.298803051520694e-23, nan 
67.375, 67.625, 7.073332897023503e-23, nan 
67.625, 67.625, 1.2794013436947562e-22, nan 
67.875, 67.625, 5.872173586172232e-23, nan 
68.125, 67.625, 9.61097905490604e-23, nan 
68.375, 67.625, 1.360226460952256e-22, nan 
68.625, 67.625, 8.177995219147409e-23, nan 
68.875, 67.625, 7.998190595330977e-23, nan 
69.125, 67.625, 1.0846095385855167e-22, nan 
69.375, 67.625, 5.855257397967268e-23, nan 
69.625, 67.625, 5.776125783644184e-23, nan 
69.875, 67.625, 5.1467427879761357e-23, nan 
70.125, 67.625, 7.729853569930273e-23, nan 
70.375, 67.625, 1.1300585177969965e-22, nan 
70.625, 67.625, 9.681373887820272e-23, nan 
70.875, 67.625, 9.703902459534381e-23, nan 
71.125, 67.625, 1.1804103090662874e-22, nan 
71.375, 67.625, 7.911282671996755e-23, nan 
71.625, 67.625, 7.17646372099714e-23, nan 
71.875, 67.625, 8.190324913065324e-23, nan 
72.125, 67.625, 1.060169577713495e-22, nan 
72.375, 67.625, 1.3286628467981286e-22, nan 
72.625, 67.625, 1.1261379709530925e-22, nan 
72.875, 67.625, 6.675266228160771e-23, nan 
73.125, 67.625, 1.4376404302057722e-22, nan 
73.375, 67.625, 1.3079046948274124e-22, nan 
73.625, 67.625, 1.5045930933432262e-22, nan 
73.875, 67.625, 2.2406854144706575e-22, nan 
74.125, 67.625, 2.2593467683839293e-22, nan 
74.375, 67.625, 2.7253955756585183e-22, nan 
74.625, 67.625, 2.392513388238055e-22, nan 
74.875, 67.625, 2.8852739001050396e-22, nan 
75.125, 67.625, 4.494962560265764e-22, nan 
75.375, 67.625, 3.981681851928403e-22, nan 
75.625, 67.625, 1.093462623547046e-22, nan 
75.875, 67.625, 1.9996904864225298e-22, nan 
76.125, 67.625, 4.32277557088188e-22, nan 
76.375, 67.625, 4.867988654008176e-22, nan 
76.625, 67.625, 5.777575349556162e-22, nan 
76.875, 67.625, 6.093963115791306e-22, nan 
77.125, 67.625, 6.583391132384313e-22, nan 
77.375, 67.625, 6.847051264620715e-22, nan 
77.625, 67.625, 5.533879929200638e-22, nan 
77.875, 67.625, 4.805705011806715e-22, nan 
78.125, 67.625, 2.1030318807375654e-22, nan 
78.375, 67.625, 5.165125938395682e-22, nan 
78.625, 67.625, 4.164054704754349e-22, nan 
78.875, 67.625, 2.9044707394113903e-22, nan 
79.125, 67.625, 2.5510770066607627e-22, nan 
79.375, 67.625, 1.5819865515062217e-22, nan 
79.625, 67.625, 2.9406157737829376e-22, nan 
79.875, 67.625, 2.978560326188079e-22, nan 
80.125, 67.625, 8.214481046797738e-22, nan 
80.375, 67.625, 4.779495922514067e-22, nan 
80.625, 67.625, 5.674505457453639e-22, nan 
80.875, 67.625, 6.03940656165887e-22, nan 
81.125, 67.625, 7.873676459542252e-22, nan 
81.375, 67.625, 8.866611866385552e-22, nan 
81.625, 67.625, 8.092622488695356e-22, nan 
81.875, 67.625, 1.16444117758026e-21, nan 
82.125, 67.625, 9.604421907494428e-22, nan 
82.375, 67.625, 1.0387702039975898e-21, nan 
82.625, 67.625, 1.17443660946527e-21, nan 
82.875, 67.625, 9.367103427475261e-22, nan 
83.125, 67.625, 6.426765831895589e-22, nan 
83.375, 67.625, 1.137842050019651e-21, nan 
83.625, 67.625, 1.7470469018909003e-21, nan 
83.875, 67.625, 2.2873582355623425e-21, nan 
84.125, 67.625, 2.1191234965492235e-21, nan 
84.375, 67.625, 2.412022627640014e-21, nan 
84.625, 67.625, 2.5333766985171238e-21, nan 
84.875, 67.625, 1.6260834320779384e-21, nan 
85.125, 67.625, 8.770877552182183e-22, nan 
85.375, 67.625, 1.2024464119807635e-21, nan 
85.625, 67.625, 1.1652722148165087e-21, nan 
85.875, 67.625, 6.864353363209847e-22, nan 
86.125, 67.625, 8.422699956700888e-22, nan 
86.375, 67.625, 4.33637106179097e-22, nan 
86.625, 67.625, 4.330471539362797e-22, nan 
86.875, 67.625, 1.7109996925033735e-21, nan 
87.125, 67.625, 8.661119900014393e-22, nan 
87.375, 67.625, 4.654639599394539e-22, nan 
87.625, 67.625, 1.8443399934957266e-21, nan 
87.875, 67.625, 1.5300709899732293e-21, nan 
88.125, 67.625, 2.00108145181086e-21, nan 
88.375, 67.625, 2.298621693334555e-21, nan 
88.625, 67.625, 3.6329723754148906e-21, nan 
88.875, 67.625, 4.0684918490401116e-21, nan 
89.125, 67.625, 1.9746641399674563e-21, nan 
89.375, 67.625, 2.1073102887318377e-21, nan 
89.625, 67.625, 2.130661336242594e-21, nan 
89.875, 67.625, 1.3706512557234907e-21, nan 
90.125, 67.625, 9.600600989376152e-22, nan 
90.375, 67.625, 1.6499323639121638e-21, nan 
90.625, 67.625, 6.217705395718365e-21, nan 
90.875, 67.625, 2.50989994546766e-21, nan 
91.125, 67.625, 2.5120457860332673e-21, nan 
91.375, 67.625, 1.2728422216939838e-20, nan 
91.625, 67.625, 5.001557851551177e-21, nan 
91.875, 67.625, 1.7047824864267647e-20, nan 
92.125, 67.625, 5.3533412361493436e-20, nan 
92.375, 67.625, 5.747720891199322e-20, nan 
92.625, 67.625, 2.403574988359675e-19, nan 
92.875, 67.625, 2.803204511576163e-19, nan 
93.125, 67.625, 2.1352826989202741e-19, nan 
93.375, 67.625, 6.134717711733606e-20, nan 
93.625, 67.625, 2.7115399367522714e-20, nan 
93.875, 67.625, 2.0276862555242864e-20, nan 
94.125, 67.625, 3.248051387944554e-20, nan 
94.375, 67.625, 3.2389073618770684e-20, nan 
94.625, 67.625, 2.859895246497958e-20, nan 
94.875, 67.625, 2.623553581661057e-20, nan 
95.125, 67.625, 1.9624008131652328e-20, nan 
95.375, 67.625, 1.9020548516616797e-20, nan 
95.625, 67.625, 2.1654862356616324e-20, nan 
95.875, 67.625, 1.9729848192352245e-20, nan 
96.125, 67.625, 1.4439355045897005e-20, nan 
96.375, 67.625, 2.3087550009287558e-20, nan 
96.625, 67.625, 5.037119504774998e-20, nan 
96.875, 67.625, 5.92041271621127e-20, nan 
97.125, 67.625, 8.388429751705866e-20, nan 
97.375, 67.625, 5.91806818509295e-20, nan 
97.625, 67.625, 7.178113694764867e-20, nan 
97.875, 67.625, 6.625041039547884e-20, nan 
98.125, 67.625, 7.547299532797884e-20, nan 
98.375, 67.625, 6.161182230782051e-20, nan 
98.625, 67.625, 1.9195148263885194e-20, nan 
98.875, 67.625, 2.927718546496023e-20, nan 
99.125, 67.625, 1.2167881952448718e-20, nan 
99.375, 67.625, 1.7444924965854817e-20, nan 
99.625, 67.625, 1.8759682191929372e-20, nan 
99.875, 67.625, 1.8725215056795196e-20, nan 
100.125, 67.625, 4.3011556297888976e-20, nan 
100.375, 67.625, 5.2165567536346246e-20, nan 
100.625, 67.625, 4.936588307429278e-20, nan 
100.875, 67.625, 4.0655392903514435e-20, nan 
101.125, 67.625, 6.917052605564167e-20, nan 
101.375, 67.625, 5.290178052059514e-20, nan 
101.625, 67.625, 2.385943141336073e-20, nan 
101.875, 67.625, 5.601563425487694e-20, nan 
102.125, 67.625, 9.969437926597218e-20, nan 
102.375, 67.625, 8.958385971905986e-20, nan 
102.625, 67.625, 6.747617720875095e-20, nan 
102.875, 67.625, 9.526674619821834e-20, nan 
103.125, 67.625, 1.1505956637814517e-19, nan 
103.375, 67.625, 7.072438042105804e-20, nan 
103.625, 67.625, 1.1185373797307768e-19, nan 
103.875, 67.625, 1.1694872147389056e-19, nan 
104.125, 67.625, 8.860664174600501e-20, nan 
104.375, 67.625, 7.379954070160629e-20, nan 
104.625, 67.625, 4.967615058767526e-20, nan 
104.875, 67.625, 5.401095514398685e-20, nan 
105.125, 67.625, 6.757494060744435e-20, nan 
105.375, 67.625, 8.152474939366536e-20, nan 
105.625, 67.625, 9.630814020174789e-20, nan 
105.875, 67.625, 1.0178657439674646e-19, nan 
106.125, 67.625, 5.796506523265124e-20, nan 
106.375, 67.625, 7.813219511071898e-20, nan 
106.625, 67.625, 8.592577439744133e-20, nan 
106.875, 67.625, 4.8638636705919365e-20, nan 
107.125, 67.625, 8.135299938246535e-20, nan 
107.375, 67.625, 6.559440749152949e-20, nan 
107.625, 67.625, 2.9246264499999814e-20, nan 
107.875, 67.625, 4.193162068394178e-20, nan 
108.125, 67.625, 3.0747621630318443e-20, nan 
108.375, 67.625, 5.593117817538236e-20, nan 
108.625, 67.625, 4.54547626682118e-20, nan 
108.875, 67.625, 4.5575296221105396e-20, nan 
109.125, 67.625, 6.217013127976779e-20, nan 
109.375, 67.625, 9.67970206672038e-20, nan 
109.625, 67.625, 5.898252428153799e-20, nan 
109.875, 67.625, 4.831287564826504e-20, nan 
110.125, 67.625, 7.529295149890577e-20, nan 
110.375, 67.625, 7.0302789509657e-20, nan 
110.625, 67.625, 5.467046898873585e-20, nan 
110.875, 67.625, 4.743055631248369e-20, nan 
111.125, 67.625, 5.3190885329677864e-20, nan 
111.375, 67.625, 5.1018297020475414e-20, nan 
111.625, 67.625, 2.228305950436189e-20, nan 
111.875, 67.625, 3.69615552312665e-20, nan 
112.125, 67.625, 3.5567261600841794e-20, nan 
112.375, 67.625, 3.6255273595967846e-21, nan 
112.625, 67.625, 3.965784844563378e-20, nan 
112.875, 67.625, 5.0940367429952374e-20, nan 
113.125, 67.625, 7.165915797040963e-20, nan 
113.375, 67.625, 1.246926356141525e-19, nan 
113.625, 67.625, 1.3558747868299915e-19, nan 
113.875, 67.625, 9.457697213591969e-20, nan 
114.125, 67.625, 5.463478352615592e-20, nan 
114.375, 67.625, 1.0830335565021894e-20, nan 
114.625, 67.625, 1.3385621664927986e-20, nan 
114.875, 67.625, 1.7003809002957245e-20, nan 
115.125, 67.625, 1.917835864845716e-20, nan 
115.375, 67.625, 3.5002000060086124e-20, nan 
115.625, 67.625, 3.8371773430545144e-20, nan 
115.875, 67.625, 4.637721541464849e-20, nan 
116.125, 67.625, 3.3394793860166787e-20, nan 
116.375, 67.625, 2.5240059378004145e-20, nan 
116.625, 67.625, 3.6083200853363654e-20, nan 
116.875, 67.625, 1.417260471093986e-20, nan 
117.125, 67.625, 1.834696512311053e-20, nan 
117.375, 67.625, 2.417558820020057e-20, nan 
117.625, 67.625, 1.8923208514088373e-20, nan 
117.875, 67.625, 1.4970503334500693e-20, nan 
118.125, 67.625, 4.095905545481375e-20, nan 
118.375, 67.625, 3.4395757989029853e-20, nan 
118.625, 67.625, 2.791487533363465e-20, nan 
118.875, 67.625, 1.6741254037465893e-20, nan 
119.125, 67.625, 1.9120836090983293e-20, nan 
119.375, 67.625, 1.4307650221808536e-20, nan 
119.625, 67.625, 1.0938849758527581e-20, nan 
119.875, 67.625, 1.1518225522611716e-20, nan 
120.125, 67.625, 1.608933896215896e-20, nan 
120.375, 67.625, 1.601488346538817e-20, nan 
120.625, 67.625, 9.828238335287114e-21, nan 
120.875, 67.625, 1.0671450788373125e-20, nan 
121.125, 67.625, 1.2182214221221545e-20, nan 
121.375, 67.625, 1.0161329416414451e-20, nan 
121.625, 67.625, 5.775254445240328e-21, nan 
121.875, 67.625, 3.990173150272766e-21, nan 
122.125, 67.625, 6.4706459163072986e-21, nan 
122.375, 67.625, 2.5102708749575843e-21, nan 
122.625, 67.625, 1.5508115232907761e-21, nan 
122.875, 67.625, 4.026006075400716e-21, nan 
123.125, 67.625, 5.6003557825055986e-21, nan 
123.375, 67.625, 7.625659819139863e-21, nan 
123.625, 67.625, 5.0443457308388505e-21, nan 
123.875, 67.625, 6.16550373047225e-21, nan 
124.125, 67.625, 9.55169913423216e-21, nan 
124.375, 67.625, 6.367169537858837e-21, nan 
124.625, 67.625, 1.0312593745623822e-20, nan 
124.875, 67.625, 4.498877600649016e-21, nan 
125.125, 67.625, 5.284100546117103e-21, nan 
125.375, 67.625, 6.473099955993978e-21, nan 
125.625, 67.625, 5.0040069264737556e-21, nan 
125.875, 67.625, 4.509753057537884e-21, nan 
126.125, 67.625, 3.626165085455899e-21, nan 
126.375, 67.625, 3.2755932461859633e-21, nan 
126.625, 67.625, 3.0036414722912578e-21, nan 
126.875, 67.625, 2.086227688254997e-21, nan 
127.125, 67.625, 1.3547336293788652e-21, nan 
127.375, 67.625, 1.427764192181352e-21, nan 
127.625, 67.625, 2.622095993440686e-21, nan 
127.875, 67.625, 2.7033910442707404e-21, nan 
128.125, 67.625, 2.7896889604910818e-21, nan 
128.375, 67.625, 2.9736092137376112e-21, nan 
128.625, 67.625, 2.6506421175817215e-21, nan 
128.875, 67.625, 1.825859536800709e-21, nan 
129.125, 67.625, 1.889401573806673e-21, nan 
129.375, 67.625, 2.0961566824091843e-21, nan 
129.625, 67.625, 1.918919928704711e-21, nan 
129.875, 67.625, 1.731274232893735e-21, nan 
130.125, 67.625, 9.730313908481229e-22, nan 
130.375, 67.625, 1.2648050601238108e-21, nan 
130.625, 67.625, 9.092145377641609e-22, nan 
130.875, 67.625, 8.231685315014595e-22, nan 
131.125, 67.625, 7.895897678674998e-22, nan 
131.375, 67.625, 5.15506204917718e-22, nan 
131.625, 67.625, 3.1087783901800706e-22, nan 
131.875, 67.625, 6.026561810905033e-22, nan 
132.125, 67.625, 5.041992973256406e-22, nan 
132.375, 67.625, 2.09418824776894e-22, nan 
132.625, 67.625, 4.457891361109696e-22, nan 
132.875, 67.625, 3.2741208146815715e-22, nan 
133.125, 67.625, 3.3578328811914618e-22, nan 
133.375, 67.625, 2.8742332242424826e-22, nan 
133.625, 67.625, 4.259361758998195e-22, nan 
133.875, 67.625, 4.40608443376987e-22, nan 
134.125, 67.625, 3.690434302388764e-22, nan 
134.375, 67.625, 1.9391623863262071e-22, nan 
134.625, 67.625, 4.378622367415832e-22, nan 
134.875, 67.625, 6.3764079721192215e-22, nan 
135.125, 67.625, 3.9992414891889916e-22, nan 
135.375, 67.625, 3.83033536567925e-22, nan 
135.625, 67.625, 6.206731622576332e-22, nan 
135.875, 67.625, 5.032393551358783e-22, nan 
136.125, 67.625, 4.376628716556958e-22, nan 
136.375, 67.625, 2.7326887911641297e-22, nan 
136.625, 67.625, 4.652964875426484e-22, nan 
136.875, 67.625, 5.7136601761591e-22, nan 
137.125, 67.625, 3.9589586133246317e-22, nan 
137.375, 67.625, 2.39405912638609e-22, nan 
137.625, 67.625, 3.2846890715952404e-22, nan 
137.875, 67.625, 4.429513712302009e-22, nan 
138.125, 67.625, 6.093690024536978e-22, nan 
138.375, 67.625, 5.860338219516552e-22, nan 
138.625, 67.625, 3.9801358695322577e-22, nan 
138.875, 67.625, 5.990789325746054e-22, nan 
139.125, 67.625, 4.414491947307366e-22, nan 
139.375, 67.625, 4.637900883544548e-22, nan 
139.625, 67.625, 4.205618309922957e-22, nan 
139.875, 67.625, 3.7934547529931107e-22, nan 
140.125, 67.625, 4.560774004785672e-22, nan 
140.375, 67.625, 1.473510011357624e-22, nan 
140.625, 67.625, 3.398520003274754e-22, nan 
140.875, 67.625, 1.2054533241846651e-22, nan 
141.125, 67.625, 1.8757529636113725e-22, nan 
141.375, 67.625, 1.3786788306695358e-22, nan 
141.625, 67.625, 1.0355718851098934e-22, nan 
141.875, 67.625, 1.7461685854203227e-22, nan 
142.125, 67.625, 2.0900998013258986e-22, nan 
142.375, 67.625, 3.1803791333552455e-22, nan 
142.625, 67.625, 2.2776448206684186e-22, nan 
142.875, 67.625, 2.3812048172285167e-22, nan 
143.125, 67.625, 2.3493826461093036e-22, nan 
143.375, 67.625, 1.8286448318953459e-22, nan 
143.625, 67.625, 2.3599124297181297e-22, nan 
143.875, 67.625, 1.5269303921293465e-22, nan 
144.125, 67.625, 1.7826668209152834e-22, nan 
144.375, 67.625, 2.258813375168104e-22, nan 
144.625, 67.625, 1.2705601184235426e-22, nan 
144.875, 67.625, 2.099576984642792e-22, nan 
145.125, 67.625, 2.8629044683357225e-22, nan 
145.375, 67.625, 2.1118029229728968e-22, nan 
145.625, 67.625, 2.6843110910928215e-22, nan 
145.875, 67.625, 2.2975657838653837e-22, nan 
146.125, 67.625, 1.9385936910752312e-22, nan 
146.375, 67.625, 2.2640812456878987e-22, nan 
146.625, 67.625, 1.682073677742982e-22, nan 
146.875, 67.625, 1.2463794823363832e-22, nan 
147.125, 67.625, 6.459916404156148e-23, nan 
147.375, 67.625, 5.748646575257893e-23, nan 
147.625, 67.625, 2.9923095218594615e-23, nan 
147.875, 67.625, 6.072559194697608e-23, nan 
148.125, 67.625, 5.982645865407788e-23, nan 
148.375, 67.625, 4.4236668022080306e-23, nan 
148.625, 67.625, 1.99788027554809e-23, nan 
148.875, 67.625, 3.421480774893036e-23, nan 
149.125, 67.625, 5.86968727194658e-23, nan 
149.375, 67.625, 5.748866803136612e-23, nan 
149.625, 67.625, 5.42435058146794e-23, nan 
149.875, 67.625, 4.487603068191474e-23, nan 
150.125, 67.625, 5.078669151417803e-23, nan 
150.375, 67.625, 6.554568800861574e-23, nan 
150.625, 67.625, 5.788653116701457e-23, nan 
150.875, 67.625, 6.272262266104017e-23, nan 
151.125, 67.625, 4.5167151263901454e-23, nan 
151.375, 67.625, 3.799880648032549e-23, nan 
151.625, 67.625, 5.836714390508029e-23, nan 
151.875, 67.625, 7.298377787535836e-23, nan 
152.125, 67.625, 2.8268385226917056e-23, nan 
152.375, 67.625, 3.4164809227961425e-23, nan 
152.625, 67.625, 9.362912455606732e-23, nan 
152.875, 67.625, 4.919613495276177e-23, nan 
153.125, 67.625, 8.900140266135272e-23, nan 
153.375, 67.625, 5.56021845355574e-23, nan 
153.625, 67.625, 3.3512345984779704e-23, nan 
153.875, 67.625, 7.592354934923154e-23, nan 
154.125, 67.625, 4.107018588277829e-23, nan 
154.375, 67.625, 4.1592189839702556e-23, nan 
154.625, 67.625, 3.645195961693095e-23, nan 
154.875, 67.625, 2.901772972777356e-23, nan 
155.125, 67.625, 3.35086772495142e-23, nan 
155.375, 67.625, 3.33224940170584e-23, nan 
155.625, 67.625, 3.235918332364721e-23, nan 
155.875, 67.625, 2.2749691924115123e-23, nan 
156.125, 67.625, 2.1977940643401716e-23, nan 
156.375, 67.625, 3.0176964520266374e-23, nan 
156.625, 67.625, 1.949142816860908e-23, nan 
156.875, 67.625, 4.5921238155559056e-23, nan 
157.125, 67.625, 4.8369973406676134e-23, nan 
157.375, 67.625, 4.1375904873992024e-23, nan 
157.625, 67.625, 4.873873805324159e-23, nan 
157.875, 67.625, 4.6340838209947916e-23, nan 
158.125, 67.625, 3.3374277589689817e-23, nan 
158.375, 67.625, 1.8702719361337012e-23, nan 
158.625, 67.625, 9.63113965730515e-24, nan 
158.875, 67.625, 1.6744851890474653e-23, nan 
159.125, 67.625, 4.1094916951286316e-23, nan 
159.375, 67.625, 1.6997640241936902e-23, nan 
159.625, 67.625, 1.2541843779138957e-23, nan 
159.875, 67.625, 3.15297492980399e-23, nan 
160.125, 67.625, 1.4948737909050066e-23, nan 
160.375, 67.625, 1.7799827676995757e-23, nan 
160.625, 67.625, 2.4750620283606958e-23, nan 
160.875, 67.625, 2.0952678177494968e-23, nan 
161.125, 67.625, 1.7058412329778038e-23, nan 
161.375, 67.625, 1.2970734730918606e-23, nan 
161.625, 67.625, 1.1268102907436295e-23, nan 
161.875, 67.625, 2.5061308206411255e-23, nan 
162.125, 67.625, 3.1686649892304943e-23, nan 
162.375, 67.625, 3.46162501285823e-23, nan 
162.625, 67.625, 3.834240752868875e-23, nan 
162.875, 67.625, 4.685681529519422e-23, nan 
163.125, 67.625, 6.117746246721888e-23, nan 
163.375, 67.625, 4.5391917993065126e-23, nan 
163.625, 67.625, 4.726214566597927e-23, nan 
163.875, 67.625, 4.7792285425709154e-23, nan 
164.125, 67.625, 3.5929228618578594e-23, nan 
164.375, 67.625, 2.3674181213948245e-23, nan 
164.625, 67.625, 1.4265464351244902e-23, nan 
164.875, 67.625, 1.4265979924996796e-23, nan 
165.125, 67.625, 1.1396980414133838e-23, nan 
165.375, 67.625, 1.0822045646199787e-23, nan 
165.625, 67.625, 1.3355876004024672e-23, nan 
165.875, 67.625, 1.1072282601801253e-23, nan 
166.125, 67.625, 5.9353112528683776e-24, nan 
166.375, 67.625, 1.0291787000750284e-23, nan 
166.625, 67.625, 9.840567919256847e-24, nan 
166.875, 67.625, 3.942874866163995e-24, nan 
167.125, 67.625, 8.721332965563521e-24, nan 
167.375, 67.625, 1.7465613948952522e-23, nan 
167.625, 67.625, 2.2570465998433744e-23, nan 
167.875, 67.625, 2.3901743985377654e-23, nan 
168.125, 67.625, 2.337812400357364e-23, nan 
168.375, 67.625, 1.7673388294480258e-23, nan 
168.625, 67.625, 2.2508305393097572e-23, nan 
168.875, 67.625, 1.252422353077213e-23, nan 
169.125, 67.625, 1.3689823335908318e-23, nan 
169.375, 67.625, 1.117487532041467e-23, nan 
169.625, 67.625, 8.905262779275389e-24, nan 
169.875, 67.625, 8.524735765645089e-24, nan 
170.125, 67.625, 8.960488272981554e-24, nan 
170.375, 67.625, 7.190917958361235e-24, nan 
170.625, 67.625, 5.739960124048906e-24, nan 
170.875, 67.625, 7.325521426856339e-24, nan 
171.125, 67.625, 1.0802092438250103e-23, nan 
171.375, 67.625, 1.1286020465097634e-23, nan 
171.625, 67.625, 1.337486795890942e-23, nan 
171.875, 67.625, 9.984023117393827e-24, nan 
172.125, 67.625, 1.225041612981689e-23, nan 
172.375, 67.625, 2.5227565017828647e-23, nan 
172.625, 67.625, 2.1440173673592388e-23, nan 
172.875, 67.625, 1.5226509128382962e-23, nan 
173.125, 67.625, 2.105614034072899e-23, nan 
173.375, 67.625, 1.720209372601239e-23, nan 
173.625, 67.625, 1.5713200519180254e-23, nan 
173.875, 67.625, 1.2224383958485078e-23, nan 
174.125, 67.625, 9.548585286476407e-24, nan 
174.375, 67.625, 2.0339404044208534e-23, nan 
174.625, 67.625, 7.990122173694392e-24, nan 
174.875, 67.625, 6.625370138412088e-24, nan 
175.125, 67.625, 1.0415068448722833e-23, nan 
175.375, 67.625, 2.7768264862733823e-24, nan 
175.625, 67.625, 4.9191547381420345e-24, nan 
175.875, 67.625, 6.469831285951198e-24, nan 
176.125, 67.625, 2.5912276562757528e-24, nan 
176.375, 67.625, 7.030361447702789e-24, nan 
176.625, 67.625, 6.388201517273001e-24, nan 
176.875, 67.625, 5.521754375885896e-24, nan 
177.125, 67.625, 1.2128125641330163e-23, nan 
177.375, 67.625, 3.1675081474756197e-24, nan 
177.625, 67.625, 5.805353211238688e-24, nan 
177.875, 67.625, 9.530908427244638e-24, nan 
178.125, 67.625, 5.5920630679541025e-24, nan 
178.375, 67.625, 3.3740951943552916e-24, nan 
178.625, 67.625, 5.244638197729497e-24, nan 
178.875, 67.625, 4.359191227349145e-24, nan 
179.125, 67.625, 3.6748763211961035e-24, nan 
179.375, 67.625, 3.155620692870093e-24, nan 
179.625, 67.625, 2.8912821511387896e-24, nan 
179.875, 67.625, 2.5496128589718276e-24, nan 
-179.875, 67.875, 6.3621096880276026e-24, nan 
-179.625, 67.875, 2.754000597655727e-24, nan 
-179.375, 67.875, 2.027713761116506e-24, nan 
-179.125, 67.875, 3.0502843724141183e-24, nan 
-178.875, 67.875, 1.7954045572693877e-24, nan 
-178.625, 67.875, 1.577681104801739e-24, nan 
-178.375, 67.875, 5.112472311781773e-24, nan 
-178.125, 67.875, 4.4939367529209736e-24, nan 
-177.875, 67.875, 4.312978501529326e-24, nan 
-177.625, 67.875, 5.454958969331811e-24, nan 
-177.375, 67.875, 4.964920857550805e-24, nan 
-177.125, 67.875, 4.494650555633167e-24, nan 
-176.875, 67.875, 5.0127637684533006e-24, nan 
-176.625, 67.875, 5.0642234080971496e-24, nan 
-176.375, 67.875, 4.673818166445147e-24, nan 
-176.125, 67.875, 5.710337540052294e-24, nan 
-175.875, 67.875, 3.913395984475549e-24, nan 
-175.625, 67.875, 3.318460944833096e-24, nan 
-175.375, 67.875, 2.581347502246578e-24, nan 
-175.125, 67.875, 4.169089724835104e-24, nan 
-174.875, 67.875, 4.19448976788143e-24, nan 
-174.625, 67.875, 5.2794096947817186e-24, nan 
-174.375, 67.875, 4.683871272108386e-24, nan 
-174.125, 67.875, 4.3887682508200675e-24, nan 
23.875, 67.875, 1.7263062529449294e-24, nan 
24.125, 67.875, 2.181172148862318e-24, nan 
24.375, 67.875, 3.072784755069002e-24, nan 
24.625, 67.875, 3.664460628555738e-24, nan 
24.875, 67.875, 3.490674960856938e-24, nan 
25.125, 67.875, 2.973462830557083e-24, nan 
25.375, 67.875, 4.6325539018275874e-24, nan 
25.625, 67.875, 7.090129230405318e-24, nan 
25.875, 67.875, 4.152280496057085e-24, nan 
26.125, 67.875, 4.4886877162485135e-24, nan 
26.375, 67.875, 7.588135403879653e-24, nan 
26.625, 67.875, 9.286056561858386e-24, nan 
26.875, 67.875, 4.755723233684679e-24, nan 
27.125, 67.875, 5.589682479437519e-24, nan 
27.375, 67.875, 1.1695843308306141e-23, nan 
27.625, 67.875, 4.085087733672201e-24, nan 
27.875, 67.875, 3.488751113099557e-24, nan 
28.125, 67.875, 5.970954820295697e-24, nan 
28.375, 67.875, 2.9039977611880787e-24, nan 
28.625, 67.875, 2.8814716841386534e-24, nan 
28.875, 67.875, 4.095062395492437e-24, nan 
29.125, 67.875, 2.995565843570446e-24, nan 
29.375, 67.875, 1.8178766443834485e-24, nan 
29.625, 67.875, 2.0678448891987757e-24, nan 
29.875, 67.875, 2.5053965569690183e-24, nan 
30.125, 67.875, 3.487868570515726e-24, nan 
30.375, 67.875, 3.527287346189191e-24, nan 
30.625, 67.875, 6.490664639430484e-24, nan 
30.875, 67.875, 5.01764251451479e-24, nan 
31.125, 67.875, 4.032638455673284e-24, nan 
31.375, 67.875, 3.477714880173875e-24, nan 
31.625, 67.875, 4.251998076327244e-24, nan 
31.875, 67.875, 2.6892868886975703e-24, nan 
32.125, 67.875, 2.87306083001156e-24, nan 
32.375, 67.875, 3.4319200627314466e-24, nan 
32.625, 67.875, 4.59676583048665e-24, nan 
32.875, 67.875, 3.708031353785386e-24, nan 
33.125, 67.875, 4.622001197082336e-24, nan 
33.375, 67.875, 4.861844708524522e-24, nan 
33.625, 67.875, 3.524770778223251e-24, nan 
33.875, 67.875, 3.843851402069016e-24, nan 
34.125, 67.875, 2.6610267103882824e-24, nan 
34.375, 67.875, 6.972143512470186e-24, nan 
34.625, 67.875, 6.889787453412218e-24, nan 
34.875, 67.875, 2.1557537529162386e-24, nan 
35.125, 67.875, 5.115920586151234e-24, nan 
35.375, 67.875, 5.193161206811152e-24, nan 
35.625, 67.875, 3.31273689129239e-24, nan 
35.875, 67.875, 4.904441747885341e-24, nan 
36.125, 67.875, 6.757966056181893e-24, nan 
36.375, 67.875, 4.205274139683324e-24, nan 
36.625, 67.875, 4.342774158139906e-24, nan 
36.875, 67.875, 5.725798228331006e-24, nan 
37.125, 67.875, 2.976705552844535e-24, nan 
37.375, 67.875, 2.5045492767853095e-24, nan 
37.625, 67.875, 3.2389530478199466e-24, nan 
37.875, 67.875, 2.3665236043616635e-24, nan 
38.125, 67.875, 3.0162540587187524e-24, nan 
38.375, 67.875, 3.578053360097547e-24, nan 
38.625, 67.875, 3.498998803551703e-24, nan 
38.875, 67.875, 5.824199789543073e-24, nan 
39.125, 67.875, 6.671602027052987e-24, nan 
39.375, 67.875, 6.454697938051306e-24, nan 
39.625, 67.875, 7.687245563205496e-24, nan 
39.875, 67.875, 9.603093268054647e-24, nan 
40.125, 67.875, 8.720291218331288e-24, nan 
40.375, 67.875, 6.319117011527517e-24, nan 
40.625, 67.875, 5.1708183451055645e-24, nan 
40.875, 67.875, 4.400061372252416e-24, nan 
41.125, 67.875, 7.789134518572981e-24, nan 
41.375, 67.875, 7.466024243752445e-24, nan 
41.625, 67.875, 6.0027482487919334e-24, nan 
41.875, 67.875, 4.53425652940647e-24, nan 
42.125, 67.875, 5.988127245844904e-24, nan 
42.375, 67.875, 5.202337679073468e-24, nan 
42.625, 67.875, 6.063659250042662e-24, nan 
42.875, 67.875, 4.107031250695331e-24, nan 
43.125, 67.875, 4.875325201033373e-24, nan 
43.375, 67.875, 7.265340707306065e-24, nan 
43.625, 67.875, 4.221530459419569e-24, nan 
43.875, 67.875, 1.8591999029207928e-24, nan 
44.125, 67.875, 8.002063039935794e-24, nan 
44.375, 67.875, 5.95625638782206e-24, nan 
44.625, 67.875, 8.649456177596103e-24, nan 
44.875, 67.875, 3.464796728332577e-24, nan 
45.125, 67.875, 1.1012453859122531e-23, nan 
45.375, 67.875, 7.43268625209643e-24, nan 
45.625, 67.875, 3.926932262602836e-24, nan 
45.875, 67.875, 7.29883704642743e-24, nan 
46.125, 67.875, 7.809936145406513e-24, nan 
46.375, 67.875, 6.867719485179232e-24, nan 
46.625, 67.875, 6.660721623661303e-24, nan 
46.875, 67.875, 5.0659385551067134e-24, nan 
47.125, 67.875, 3.2177455551918138e-24, nan 
47.375, 67.875, 3.770974280299531e-24, nan 
47.625, 67.875, 3.770238745573647e-24, nan 
47.875, 67.875, 6.7356416768391e-24, nan 
48.125, 67.875, 8.513013719770953e-24, nan 
48.375, 67.875, 5.604709223032806e-24, nan 
48.625, 67.875, 6.395875722174794e-24, nan 
48.875, 67.875, 5.312002045871163e-24, nan 
49.125, 67.875, 7.21668524715287e-24, nan 
49.375, 67.875, 6.458202123924269e-24, nan 
49.625, 67.875, 1.2275274330768412e-23, nan 
49.875, 67.875, 1.084955968242946e-23, nan 
50.125, 67.875, 9.121530030945192e-24, nan 
50.375, 67.875, 1.6996577873857294e-23, nan 
50.625, 67.875, 1.5738788554697358e-23, nan 
50.875, 67.875, 1.4333025968325188e-23, nan 
51.125, 67.875, 7.26979578093869e-24, nan 
51.375, 67.875, 8.009844975948499e-24, nan 
51.625, 67.875, 1.975201850254928e-23, nan 
51.875, 67.875, 3.903461441841132e-24, nan 
52.125, 67.875, 5.545278014376551e-24, nan 
52.375, 67.875, 6.31823651426809e-24, nan 
52.625, 67.875, 1.1685721423586576e-23, nan 
52.875, 67.875, 1.4491715275718842e-23, nan 
53.125, 67.875, 1.121174522421126e-23, nan 
53.375, 67.875, 1.3920800121950953e-23, nan 
53.625, 67.875, 2.264794628729038e-23, nan 
53.875, 67.875, 2.3512783847845624e-23, nan 
54.125, 67.875, 1.2713522283966914e-23, nan 
54.375, 67.875, 2.22607420286277e-23, nan 
54.625, 67.875, 2.3665460673306274e-23, nan 
54.875, 67.875, 7.715651871927943e-24, nan 
55.125, 67.875, 6.192416880621577e-24, nan 
55.375, 67.875, 8.206389155232612e-24, nan 
55.625, 67.875, 9.333684298816154e-25, nan 
55.875, 67.875, 1.2216871827777876e-23, nan 
56.125, 67.875, 7.939280124247317e-24, nan 
56.375, 67.875, 1.072139779261699e-23, nan 
56.625, 67.875, 3.5413197564928564e-23, nan 
56.875, 67.875, 3.784786867220718e-23, nan 
57.125, 67.875, 2.541225972614751e-23, nan 
57.375, 67.875, 5.878283331782958e-23, nan 
57.625, 67.875, 6.185520850102135e-23, nan 
57.875, 67.875, 2.9195920040312245e-23, nan 
58.125, 67.875, 1.6614065132638543e-23, nan 
58.375, 67.875, 3.3005670771597633e-23, nan 
58.625, 67.875, 3.9369605644170265e-23, nan 
58.875, 67.875, 3.3685330827432313e-23, nan 
59.125, 67.875, 3.850127799552359e-23, nan 
59.375, 67.875, 5.2638620200592687e-23, nan 
59.625, 67.875, 3.6487226859975017e-23, nan 
59.875, 67.875, 3.1855254543688693e-23, nan 
60.125, 67.875, 4.4144275471141137e-23, nan 
60.375, 67.875, 6.462816626044724e-23, nan 
60.625, 67.875, 7.897853321534017e-23, nan 
60.875, 67.875, 8.614132428962612e-23, nan 
61.125, 67.875, 5.0046546496066624e-23, nan 
61.375, 67.875, 1.9019214866033377e-23, nan 
61.625, 67.875, 1.4111057631759838e-23, nan 
61.875, 67.875, 1.8050492464570254e-23, nan 
62.125, 67.875, 1.802252495045657e-23, nan 
62.375, 67.875, 1.8867416666279346e-23, nan 
62.625, 67.875, 3.186026864864826e-23, nan 
62.875, 67.875, 3.7240587096848606e-23, nan 
63.125, 67.875, 5.46398969859397e-23, nan 
63.375, 67.875, 3.1417157713237673e-23, nan 
63.625, 67.875, 2.786604827302054e-23, nan 
63.875, 67.875, 3.6958838905571356e-23, nan 
64.125, 67.875, 3.996557777145908e-23, nan 
64.375, 67.875, 3.547119597747004e-23, nan 
64.625, 67.875, 3.752002756841648e-23, nan 
64.875, 67.875, 4.1656569694302304e-23, nan 
65.125, 67.875, 4.254848111388941e-23, nan 
65.375, 67.875, 4.9501831853753377e-23, nan 
65.625, 67.875, 3.241476107860279e-23, nan 
65.875, 67.875, 3.9961287435616406e-23, nan 
66.125, 67.875, 2.3877039753755323e-23, nan 
66.375, 67.875, 1.3311197552590698e-23, nan 
66.625, 67.875, 5.478621463880381e-23, nan 
66.875, 67.875, 4.860864477794061e-23, nan 
67.125, 67.875, 2.932094804602294e-23, nan 
67.375, 67.875, 8.760625110982816e-23, nan 
67.625, 67.875, 1.198306839215869e-22, nan 
67.875, 67.875, 6.884473668155261e-23, nan 
68.125, 67.875, 1.0848942184142257e-22, nan 
68.375, 67.875, 1.391073418155348e-22, nan 
68.625, 67.875, 9.581990319345216e-23, nan 
68.875, 67.875, 3.844476350192664e-23, nan 
69.125, 67.875, 5.987370609960553e-23, nan 
69.375, 67.875, 4.3196578251055594e-23, nan 
69.625, 67.875, 5.2884843760308923e-23, nan 
69.875, 67.875, 4.397420566255145e-23, nan 
70.125, 67.875, 8.109171143510515e-23, nan 
70.375, 67.875, 8.791622906793089e-23, nan 
70.625, 67.875, 9.937951490818537e-23, nan 
70.875, 67.875, 1.2295706754237376e-22, nan 
71.125, 67.875, 1.0589841215559816e-22, nan 
71.375, 67.875, 9.341926149460292e-23, nan 
71.625, 67.875, 8.814109112619207e-23, nan 
71.875, 67.875, 6.673403885446717e-23, nan 
72.125, 67.875, 1.042983416747271e-22, nan 
72.375, 67.875, 8.865930812848554e-23, nan 
72.625, 67.875, 9.825484671353605e-23, nan 
72.875, 67.875, 1.0341479064180422e-22, nan 
73.125, 67.875, 6.892542447076366e-23, nan 
73.375, 67.875, 3.518600520002821e-23, nan 
73.625, 67.875, 1.2344582580126778e-22, nan 
73.875, 67.875, 1.7531832958445166e-22, nan 
74.125, 67.875, 1.888337431056528e-22, nan 
74.375, 67.875, 2.2249304379851723e-22, nan 
74.625, 67.875, 2.33639896778967e-22, nan 
74.875, 67.875, 2.884728277341939e-22, nan 
75.125, 67.875, 3.6761990589695383e-22, nan 
75.375, 67.875, 3.1633163336975744e-22, nan 
75.625, 67.875, 3.287134101991882e-22, nan 
75.875, 67.875, 1.7368457776999848e-22, nan 
76.125, 67.875, 1.4184986035696592e-22, nan 
76.375, 67.875, 1.728935385718724e-22, nan 
76.625, 67.875, 2.8853559803055863e-22, nan 
76.875, 67.875, 5.024254113141417e-22, nan 
77.125, 67.875, 6.090558038016276e-22, nan 
77.375, 67.875, 7.749705442036877e-22, nan 
77.625, 67.875, 9.156998940840393e-22, nan 
77.875, 67.875, 8.65760758079121e-22, nan 
78.125, 67.875, 9.070625970667535e-22, nan 
78.375, 67.875, 1.3871432009189601e-21, nan 
78.625, 67.875, 1.1619291979170967e-21, nan 
78.875, 67.875, 7.781566279853313e-22, nan 
79.125, 67.875, 4.731036079324917e-22, nan 
79.375, 67.875, 4.396878966897453e-22, nan 
79.625, 67.875, 4.1070488177619904e-22, nan 
79.875, 67.875, 2.6149593622234174e-22, nan 
80.125, 67.875, 2.875793454935264e-22, nan 
80.375, 67.875, 4.1923119369397763e-22, nan 
80.625, 67.875, 3.9835380573293384e-22, nan 
80.875, 67.875, 5.330508109414751e-22, nan 
81.125, 67.875, 5.52435473192049e-22, nan 
81.375, 67.875, 7.256832071656139e-22, nan 
81.625, 67.875, 8.313131025469792e-22, nan 
81.875, 67.875, 1.0714986533610808e-21, nan 
82.125, 67.875, 9.75913334770612e-22, nan 
82.375, 67.875, 8.975609720645273e-22, nan 
82.625, 67.875, 8.456667271378274e-22, nan 
82.875, 67.875, 6.292195321650046e-22, nan 
83.125, 67.875, 6.908595880628944e-22, nan 
83.375, 67.875, 4.585838978525557e-22, nan 
83.625, 67.875, 4.827314556488632e-22, nan 
83.875, 67.875, 1.07681314207657e-21, nan 
84.125, 67.875, 1.8926669435773283e-21, nan 
84.375, 67.875, 3.075091576292562e-21, nan 
84.625, 67.875, 3.1016608155431944e-21, nan 
84.875, 67.875, 2.389476442379778e-21, nan 
85.125, 67.875, 4.001804742715602e-21, nan 
85.375, 67.875, 3.735571067262645e-21, nan 
85.625, 67.875, 2.9515426131017605e-21, nan 
85.875, 67.875, 1.1361072141095559e-21, nan 
86.125, 67.875, 1.127972577149816e-21, nan 
86.375, 67.875, 1.3400051293559524e-21, nan 
86.625, 67.875, 8.579226677186923e-22, nan 
86.875, 67.875, 2.2219581051423332e-21, nan 
87.125, 67.875, 1.8170510093100265e-21, nan 
87.375, 67.875, 2.4596283847776815e-21, nan 
87.625, 67.875, 3.562289789279254e-21, nan 
87.875, 67.875, 3.565955343704023e-21, nan 
88.125, 67.875, 2.9770485211659328e-21, nan 
88.375, 67.875, 3.899677067052669e-21, nan 
88.625, 67.875, 4.281530939896831e-21, nan 
88.875, 67.875, 2.268081337269585e-21, nan 
89.125, 67.875, 2.4170719947546e-21, nan 
89.375, 67.875, 2.040283932811433e-21, nan 
89.625, 67.875, 9.877548963404538e-22, nan 
89.875, 67.875, 9.48906025884816e-22, nan 
90.125, 67.875, 2.3424721736187477e-21, nan 
90.375, 67.875, 3.0189443061618618e-21, nan 
90.625, 67.875, 4.6854629692064556e-21, nan 
90.875, 67.875, 2.7124465043885042e-21, nan 
91.125, 67.875, 2.3694413773571846e-21, nan 
91.375, 67.875, 3.52470600605431e-20, nan 
91.625, 67.875, 4.1484223115968555e-20, nan 
91.875, 67.875, 2.0360604614255257e-19, nan 
92.125, 67.875, 3.160537503395434e-19, nan 
92.375, 67.875, 1.760133116728659e-19, nan 
92.625, 67.875, 5.26065249476033e-19, nan 
92.875, 67.875, 6.535849671635838e-19, nan 
93.125, 67.875, 4.285057913974891e-19, nan 
93.375, 67.875, 3.2508187762994617e-19, nan 
93.625, 67.875, 3.2823940621659136e-19, nan 
93.875, 67.875, 2.396448021631277e-19, nan 
94.125, 67.875, 6.66214308090652e-20, nan 
94.375, 67.875, 5.610205097764482e-20, nan 
94.625, 67.875, 5.2688582528373594e-20, nan 
94.875, 67.875, 6.196013663622248e-20, nan 
95.125, 67.875, 5.2949386389620416e-20, nan 
95.375, 67.875, 4.742667713477819e-20, nan 
95.625, 67.875, 5.3621744383356664e-20, nan 
95.875, 67.875, 3.805789412981756e-20, nan 
96.125, 67.875, 2.271698484911184e-20, nan 
96.375, 67.875, 2.3598960055960935e-20, nan 
96.625, 67.875, 2.6257140474173274e-20, nan 
96.875, 67.875, 2.990906901316521e-20, nan 
97.125, 67.875, 4.5796549354673573e-20, nan 
97.375, 67.875, 2.3106368234641372e-20, nan 
97.625, 67.875, 4.5841893874975105e-21, nan 
97.875, 67.875, 2.4058688202161452e-20, nan 
98.125, 67.875, 1.802243289170303e-20, nan 
98.375, 67.875, 1.1872128769978553e-20, nan 
98.625, 67.875, 3.6651651309371426e-20, nan 
98.875, 67.875, 4.5496497118615174e-20, nan 
99.125, 67.875, 2.4271443676205227e-20, nan 
99.375, 67.875, 7.630641463479994e-21, nan 
99.625, 67.875, 4.750990346785315e-20, nan 
99.875, 67.875, 4.0232861171780696e-20, nan 
100.125, 67.875, 3.067926307241701e-20, nan 
100.375, 67.875, 3.8510798031437235e-20, nan 
100.625, 67.875, 2.505940295136148e-20, nan 
100.875, 67.875, 6.066261672359451e-20, nan 
101.125, 67.875, 8.639902733695301e-20, nan 
101.375, 67.875, 9.04728070639329e-20, nan 
101.625, 67.875, 6.307653655379906e-20, nan 
101.875, 67.875, 5.614820336116831e-20, nan 
102.125, 67.875, 1.4363809407300885e-19, nan 
102.375, 67.875, 8.872556795569135e-20, nan 
102.625, 67.875, 6.781903010198003e-20, nan 
102.875, 67.875, 1.1441339137476145e-19, nan 
103.125, 67.875, 1.384319354005075e-19, nan 
103.375, 67.875, 2.0343637757550557e-19, nan 
103.625, 67.875, 1.7426491961834683e-19, nan 
103.875, 67.875, 1.8161748235397952e-19, nan 
104.125, 67.875, 1.3821692205972503e-19, nan 
104.375, 67.875, 1.5721758775160888e-19, nan 
104.625, 67.875, 1.5918318124587296e-19, nan 
104.875, 67.875, 1.3008037223150468e-19, nan 
105.125, 67.875, 1.2547474164340437e-19, nan 
105.375, 67.875, 1.055385840406378e-19, nan 
105.625, 67.875, 7.888445281258983e-20, nan 
105.875, 67.875, 7.946453252598273e-20, nan 
106.125, 67.875, 9.102165387408938e-20, nan 
106.375, 67.875, 7.747375096600108e-20, nan 
106.625, 67.875, 6.128797443125268e-20, nan 
106.875, 67.875, 3.491750254787021e-20, nan 
107.125, 67.875, 5.621539217057908e-20, nan 
107.375, 67.875, 8.387872855439375e-20, nan 
107.625, 67.875, 7.459917318808576e-20, nan 
107.875, 67.875, 4.527352411538335e-20, nan 
108.125, 67.875, 4.706455544525271e-20, nan 
108.375, 67.875, 7.178988817872017e-20, nan 
108.625, 67.875, 3.033759800712349e-20, nan 
108.875, 67.875, 2.957981585257476e-20, nan 
109.125, 67.875, 8.688693627664343e-20, nan 
109.375, 67.875, 6.737569264854765e-20, nan 
109.625, 67.875, 6.614535199382859e-20, nan 
109.875, 67.875, 7.258404876608912e-20, nan 
110.125, 67.875, 5.897818846896672e-20, nan 
110.375, 67.875, 6.996061121222641e-20, nan 
110.625, 67.875, 4.81749737330354e-20, nan 
110.875, 67.875, 5.1351055730193974e-20, nan 
111.125, 67.875, 6.134082193354502e-20, nan 
111.375, 67.875, 6.316625098230925e-20, nan 
111.625, 67.875, 3.78570885763714e-20, nan 
111.875, 67.875, 3.294471700320578e-20, nan 
112.125, 67.875, 5.08348378507929e-20, nan 
112.375, 67.875, 2.4143417853216464e-20, nan 
112.625, 67.875, 2.621832621490302e-20, nan 
112.875, 67.875, 3.0074974018548037e-20, nan 
113.125, 67.875, 2.371527389138289e-20, nan 
113.375, 67.875, 4.035725566048052e-20, nan 
113.625, 67.875, 8.106459432899901e-20, nan 
113.875, 67.875, 8.923258851220477e-20, nan 
114.125, 67.875, 1.0328852872249745e-19, nan 
114.375, 67.875, 9.376657841844998e-20, nan 
114.625, 67.875, 9.122489579788425e-20, nan 
114.875, 67.875, 1.0031826622051982e-19, nan 
115.125, 67.875, 7.974360141223985e-20, nan 
115.375, 67.875, 5.671536130274962e-20, nan 
115.625, 67.875, 5.1814557533774365e-20, nan 
115.875, 67.875, 5.709987077491997e-20, nan 
116.125, 67.875, 5.0401487672228655e-20, nan 
116.375, 67.875, 4.0892462181309265e-20, nan 
116.625, 67.875, 3.5885207427033436e-20, nan 
116.875, 67.875, 3.2617477362790585e-20, nan 
117.125, 67.875, 3.7601386203515705e-20, nan 
117.375, 67.875, 2.0534518797167108e-20, nan 
117.625, 67.875, 1.1084265807742462e-20, nan 
117.875, 67.875, 1.4440502452219075e-20, nan 
118.125, 67.875, 3.375527228632013e-20, nan 
118.375, 67.875, 2.1591618716891553e-20, nan 
118.625, 67.875, 2.5895932406811672e-20, nan 
118.875, 67.875, 1.062557698484288e-20, nan 
119.125, 67.875, 1.0341003042273468e-20, nan 
119.375, 67.875, 7.332989262572766e-21, nan 
119.625, 67.875, 9.629973575360956e-21, nan 
119.875, 67.875, 9.376969562345087e-21, nan 
120.125, 67.875, 1.103964909365488e-20, nan 
120.375, 67.875, 1.1233957688923734e-20, nan 
120.625, 67.875, 1.0129968489104958e-20, nan 
120.875, 67.875, 9.727610752060421e-21, nan 
121.125, 67.875, 8.362217340572755e-21, nan 
121.375, 67.875, 1.0075945020375325e-20, nan 
121.625, 67.875, 7.804107963305604e-21, nan 
121.875, 67.875, 6.666251938973363e-21, nan 
122.125, 67.875, 6.264545412185541e-21, nan 
122.375, 67.875, 3.807496965741198e-21, nan 
122.625, 67.875, 4.822170278718015e-21, nan 
122.875, 67.875, 5.379429106138128e-21, nan 
123.125, 67.875, 6.48491710285726e-21, nan 
123.375, 67.875, 7.71609817019201e-21, nan 
123.625, 67.875, 4.701731525204523e-21, nan 
123.875, 67.875, 4.324313565816707e-21, nan 
124.125, 67.875, 5.440858663712321e-21, nan 
124.375, 67.875, 5.218964452047123e-21, nan 
124.625, 67.875, 6.74813288663901e-21, nan 
124.875, 67.875, 5.839874294444239e-21, nan 
125.125, 67.875, 5.415247250909655e-21, nan 
125.375, 67.875, 5.717103329064087e-21, nan 
125.625, 67.875, 5.589720115485134e-21, nan 
125.875, 67.875, 4.598402484414514e-21, nan 
126.125, 67.875, 4.215058796016723e-21, nan 
126.375, 67.875, 4.336199469678591e-21, nan 
126.625, 67.875, 3.222289469968672e-21, nan 
126.875, 67.875, 1.1530575689292939e-21, nan 
127.125, 67.875, 2.6712621446604372e-21, nan 
127.375, 67.875, 3.492486442459375e-21, nan 
127.625, 67.875, 4.1680273383059354e-21, nan 
127.875, 67.875, 3.3337143744750186e-21, nan 
128.125, 67.875, 4.178196954496481e-21, nan 
128.375, 67.875, 1.6352556214914844e-21, nan 
128.625, 67.875, 1.6045513827962365e-21, nan 
128.875, 67.875, 2.5529737537862016e-21, nan 
129.125, 67.875, 2.027858115635064e-21, nan 
129.375, 67.875, 1.9351825446877723e-21, nan 
129.625, 67.875, 1.6453897231329363e-21, nan 
129.875, 67.875, 1.6851663015011687e-21, nan 
130.125, 67.875, 1.4850862947754307e-21, nan 
130.375, 67.875, 7.153412302961816e-22, nan 
130.625, 67.875, 6.904244628097372e-22, nan 
130.875, 67.875, 6.431092794482376e-22, nan 
131.125, 67.875, 7.853838074010161e-22, nan 
131.375, 67.875, 1.1737267098154403e-21, nan 
131.625, 67.875, 6.429603716671935e-22, nan 
131.875, 67.875, 1.074664680870011e-21, nan 
132.125, 67.875, 8.987263608311424e-22, nan 
132.375, 67.875, 4.931234614108561e-22, nan 
132.625, 67.875, 5.596493601167696e-22, nan 
132.875, 67.875, 7.853839657625916e-22, nan 
133.125, 67.875, 2.528870124536565e-22, nan 
133.375, 67.875, 5.875679631588124e-22, nan 
133.625, 67.875, 8.296798264589986e-22, nan 
133.875, 67.875, 4.448452838127969e-22, nan 
134.125, 67.875, 5.753452482129472e-22, nan 
134.375, 67.875, 7.460358563253368e-23, nan 
134.625, 67.875, 2.668319336438321e-22, nan 
134.875, 67.875, 5.566154848466193e-22, nan 
135.125, 67.875, 3.179105068566299e-22, nan 
135.375, 67.875, 3.423057924346628e-22, nan 
135.625, 67.875, 5.879406421702571e-22, nan 
135.875, 67.875, 4.531793816828189e-22, nan 
136.125, 67.875, 9.479069013405735e-22, nan 
136.375, 67.875, 4.96352469509804e-22, nan 
136.625, 67.875, 3.857471629458568e-22, nan 
136.875, 67.875, 1.3660668156508242e-21, nan 
137.125, 67.875, 1.204038211233287e-21, nan 
137.375, 67.875, 1.215754917036143e-21, nan 
137.625, 67.875, 1.5078909730626022e-21, nan 
137.875, 67.875, 1.7231550393801315e-21, nan 
138.125, 67.875, 1.5088044700650728e-21, nan 
138.375, 67.875, 9.84335490015962e-22, nan 
138.625, 67.875, 4.826992252680603e-22, nan 
138.875, 67.875, 7.436941973725648e-22, nan 
139.125, 67.875, 4.725252482435603e-22, nan 
139.375, 67.875, 3.8515517598098057e-22, nan 
139.625, 67.875, 6.74151072982731e-22, nan 
139.875, 67.875, 5.063372326719957e-22, nan 
140.125, 67.875, 3.4021600550407955e-22, nan 
140.375, 67.875, 7.987327768018146e-23, nan 
140.625, 67.875, 3.8547798334961403e-22, nan 
140.875, 67.875, 1.849747645502633e-22, nan 
141.125, 67.875, 7.909400808481108e-23, nan 
141.375, 67.875, 1.8236285279910568e-22, nan 
141.625, 67.875, 2.0956764569241914e-22, nan 
141.875, 67.875, 3.2267654015262126e-22, nan 
142.125, 67.875, 3.2198088007935485e-22, nan 
142.375, 67.875, 3.1305046647094177e-22, nan 
142.625, 67.875, 2.3855274566594286e-22, nan 
142.875, 67.875, 2.2241338869311027e-22, nan 
143.125, 67.875, 1.6858551020797273e-22, nan 
143.375, 67.875, 2.011143232337585e-22, nan 
143.625, 67.875, 3.553650623016289e-22, nan 
143.875, 67.875, 2.2095584281479915e-22, nan 
144.125, 67.875, 1.7363860046834071e-22, nan 
144.375, 67.875, 1.8728948926308418e-22, nan 
144.625, 67.875, 1.7580402305252532e-22, nan 
144.875, 67.875, 2.704167692906702e-22, nan 
145.125, 67.875, 2.725211578754993e-22, nan 
145.375, 67.875, 2.3133425050154513e-22, nan 
145.625, 67.875, 3.1292573219367697e-22, nan 
145.875, 67.875, 2.4087532767829486e-22, nan 
146.125, 67.875, 1.523466843100927e-22, nan 
146.375, 67.875, 1.268012946635791e-22, nan 
146.625, 67.875, 1.3178710639668382e-22, nan 
146.875, 67.875, 1.712178351412197e-22, nan 
147.125, 67.875, 8.660769577464157e-23, nan 
147.375, 67.875, 9.119486242248387e-23, nan 
147.625, 67.875, 1.0414261232471321e-22, nan 
147.875, 67.875, 4.9111828576766056e-23, nan 
148.125, 67.875, 5.991139298097645e-23, nan 
148.375, 67.875, 4.483656348596578e-23, nan 
148.625, 67.875, 3.0919385839700063e-23, nan 
148.875, 67.875, 4.808296515316509e-23, nan 
149.125, 67.875, 5.573407029586581e-23, nan 
149.375, 67.875, 5.226214333294588e-23, nan 
149.625, 67.875, 5.2422310092239756e-23, nan 
149.875, 67.875, 3.977184770735087e-23, nan 
150.125, 67.875, 4.691773751160421e-23, nan 
150.375, 67.875, 5.207722724942993e-23, nan 
150.625, 67.875, 3.229482048207069e-23, nan 
150.875, 67.875, 5.0684191223022967e-23, nan 
151.125, 67.875, 4.5655866795649076e-23, nan 
151.375, 67.875, 5.602432455333531e-23, nan 
151.625, 67.875, 6.848519727780073e-23, nan 
151.875, 67.875, 5.844639745605958e-23, nan 
152.125, 67.875, 1.3036993530352483e-23, nan 
152.375, 67.875, 4.2162837319715784e-23, nan 
152.625, 67.875, 4.49154595588016e-23, nan 
152.875, 67.875, 8.842186324807299e-23, nan 
153.125, 67.875, 1.286870166889536e-22, nan 
153.375, 67.875, 6.461844039800205e-23, nan 
153.625, 67.875, 5.930364088153691e-23, nan 
153.875, 67.875, 7.543312389364117e-23, nan 
154.125, 67.875, 3.6717455977946863e-23, nan 
154.375, 67.875, 5.469299105513839e-23, nan 
154.625, 67.875, 4.1368876960140997e-23, nan 
154.875, 67.875, 3.785718194665258e-23, nan 
155.125, 67.875, 4.937356873965646e-23, nan 
155.375, 67.875, 4.456168835942961e-23, nan 
155.625, 67.875, 4.175191434202777e-23, nan 
155.875, 67.875, 2.4490819943420756e-23, nan 
156.125, 67.875, 1.4207929869384848e-23, nan 
156.375, 67.875, 1.533258326915057e-23, nan 
156.625, 67.875, 2.198237334001036e-23, nan 
156.875, 67.875, 3.761819494447556e-23, nan 
157.125, 67.875, 4.4171569759594543e-23, nan 
157.375, 67.875, 3.450874175242309e-23, nan 
157.625, 67.875, 4.8029723533269203e-23, nan 
157.875, 67.875, 4.6187621588023967e-23, nan 
158.125, 67.875, 3.198308542864571e-23, nan 
158.375, 67.875, 3.1467727200218085e-23, nan 
158.625, 67.875, 1.9518891635965667e-23, nan 
158.875, 67.875, 1.2547842646448886e-23, nan 
159.125, 67.875, 2.5038844421079957e-23, nan 
159.375, 67.875, 1.0070258305322835e-23, nan 
159.625, 67.875, 1.626070483837888e-23, nan 
159.875, 67.875, 3.1537171066042e-23, nan 
160.125, 67.875, 2.2553409860718e-23, nan 
160.375, 67.875, 2.6270382611138845e-23, nan 
160.625, 67.875, 4.64376415391965e-23, nan 
160.875, 67.875, 4.151245096753934e-23, nan 
161.125, 67.875, 2.865125766010549e-23, nan 
161.375, 67.875, 3.616731522807913e-23, nan 
161.625, 67.875, 3.722623060227146e-23, nan 
161.875, 67.875, 2.4833593207633324e-23, nan 
162.125, 67.875, 2.0832287540500853e-23, nan 
162.375, 67.875, 2.8581653045018755e-23, nan 
162.625, 67.875, 3.5221097229968017e-23, nan 
162.875, 67.875, 4.165018423212065e-23, nan 
163.125, 67.875, 5.0997025573894616e-23, nan 
163.375, 67.875, 3.690474016021356e-23, nan 
163.625, 67.875, 3.592067802412182e-23, nan 
163.875, 67.875, 1.731876590101222e-23, nan 
164.125, 67.875, 1.0666983161686937e-23, nan 
164.375, 67.875, 6.987535959951595e-24, nan 
164.625, 67.875, 1.511658326961351e-23, nan 
164.875, 67.875, 1.8042768342494502e-23, nan 
165.125, 67.875, 1.6477408713807305e-23, nan 
165.375, 67.875, 1.1461142629242095e-23, nan 
165.625, 67.875, 1.4799392234623038e-23, nan 
165.875, 67.875, 1.2665311045372371e-23, nan 
166.125, 67.875, 1.2364331994537814e-23, nan 
166.375, 67.875, 6.86246419632244e-24, nan 
166.625, 67.875, 7.36765697198601e-24, nan 
166.875, 67.875, 6.9906601171323e-24, nan 
167.125, 67.875, 4.599242019265199e-24, nan 
167.375, 67.875, 1.2037349898748475e-23, nan 
167.625, 67.875, 1.1022185611086129e-23, nan 
167.875, 67.875, 1.4093820109241323e-23, nan 
168.125, 67.875, 1.4922938531758516e-23, nan 
168.375, 67.875, 1.4289357371198813e-23, nan 
168.625, 67.875, 2.377791237136037e-23, nan 
168.875, 67.875, 1.5393600812572227e-23, nan 
169.125, 67.875, 1.506052352183042e-23, nan 
169.375, 67.875, 1.3829995773277822e-23, nan 
169.625, 67.875, 9.345925611285237e-24, nan 
169.875, 67.875, 9.148169943467583e-24, nan 
170.125, 67.875, 4.949045133745349e-24, nan 
170.375, 67.875, 7.368880747234146e-24, nan 
170.625, 67.875, 5.204210333258058e-24, nan 
170.875, 67.875, 4.931670172863266e-24, nan 
171.125, 67.875, 1.1034607832487915e-23, nan 
171.375, 67.875, 1.6428094148822673e-23, nan 
171.625, 67.875, 2.015971530149271e-23, nan 
171.875, 67.875, 1.2158464464210005e-23, nan 
172.125, 67.875, 1.84606764444004e-23, nan 
172.375, 67.875, 2.3489858145504893e-23, nan 
172.625, 67.875, 1.1565755869428625e-23, nan 
172.875, 67.875, 1.6049922320810483e-23, nan 
173.125, 67.875, 2.2453292870856526e-23, nan 
173.375, 67.875, 1.029927862412871e-23, nan 
173.625, 67.875, 1.373446301157347e-23, nan 
173.875, 67.875, 1.3911107454602064e-23, nan 
174.125, 67.875, 8.747552768318537e-24, nan 
174.375, 67.875, 1.494695159339713e-23, nan 
174.625, 67.875, 6.84048701427198e-24, nan 
174.875, 67.875, 6.5979912584927346e-24, nan 
175.125, 67.875, 3.5018476055588136e-24, nan 
175.375, 67.875, 6.590355071995146e-24, nan 
175.625, 67.875, 7.236135666614139e-24, nan 
175.875, 67.875, 4.168964183459168e-24, nan 
176.125, 67.875, 3.318521424320055e-24, nan 
176.375, 67.875, 3.970409940680648e-24, nan 
176.625, 67.875, 4.2295734821747466e-24, nan 
176.875, 67.875, 5.7144251098713145e-24, nan 
177.125, 67.875, 7.856243033125243e-24, nan 
177.375, 67.875, 3.256904304946014e-24, nan 
177.625, 67.875, 5.711877336619372e-24, nan 
177.875, 67.875, 8.66783028040591e-24, nan 
178.125, 67.875, 6.516008512341686e-24, nan 
178.375, 67.875, 5.329130102795106e-24, nan 
178.625, 67.875, 7.152337412907735e-24, nan 
178.875, 67.875, 6.031481453787787e-24, nan 
179.125, 67.875, 5.988141577949748e-24, nan 
179.375, 67.875, 5.2763123174788325e-24, nan 
179.625, 67.875, 2.296466358396904e-24, nan 
179.875, 67.875, 4.118327435664676e-24, nan 
-179.875, 68.125, 4.12398436893884e-24, nan 
-179.625, 68.125, 4.1962799816953896e-24, nan 
-179.375, 68.125, 5.084652485734473e-24, nan 
-179.125, 68.125, 3.771134169466716e-24, nan 
-178.875, 68.125, 4.7853055922235286e-24, nan 
-178.625, 68.125, 4.312685527599043e-24, nan 
-178.375, 68.125, 6.013626974347917e-24, nan 
-178.125, 68.125, 3.207582127265251e-24, nan 
-177.875, 68.125, 5.123710007619683e-24, nan 
-177.625, 68.125, 5.7913880439559304e-24, nan 
-177.375, 68.125, 6.344764912750816e-24, nan 
-177.125, 68.125, 4.8879694012821846e-24, nan 
-176.875, 68.125, 6.676367006734361e-24, nan 
-176.625, 68.125, 5.097461829717371e-24, nan 
-176.375, 68.125, 4.155721922063414e-24, nan 
-176.125, 68.125, 4.783596501559894e-24, nan 
-175.875, 68.125, 2.6814844708411655e-24, nan 
-175.625, 68.125, 3.63173827036379e-24, nan 
-175.375, 68.125, 2.9277529189991114e-24, nan 
-175.125, 68.125, 2.8589067938292676e-24, nan 
-174.875, 68.125, 4.171662540054887e-24, nan 
-174.625, 68.125, 4.123835072469287e-24, nan 
-174.375, 68.125, 4.932603405915315e-24, nan 
-174.125, 68.125, 3.9163079590694045e-24, nan 
-173.875, 68.125, 3.4747212541046604e-24, nan 
-173.625, 68.125, 5.163896185040354e-24, nan 
-173.375, 68.125, 3.892375945535204e-24, nan 
22.875, 68.125, 3.1596460736165874e-24, nan 
23.125, 68.125, 3.437810002509656e-24, nan 
23.375, 68.125, 2.938008856599006e-24, nan 
23.625, 68.125, 2.337025615625437e-24, nan 
23.875, 68.125, 2.6686976107589773e-24, nan 
24.125, 68.125, 2.1910602939968532e-24, nan 
24.375, 68.125, 2.8452824545676287e-24, nan 
24.625, 68.125, 2.64244847980055e-24, nan 
24.875, 68.125, 2.5281605293079567e-24, nan 
25.125, 68.125, 2.3414102136750473e-24, nan 
25.375, 68.125, 2.816180877168018e-24, nan 
25.625, 68.125, 1.5353384855030964e-24, nan 
25.875, 68.125, 1.8505257046634454e-24, nan 
26.125, 68.125, 2.3689239608263757e-24, nan 
26.375, 68.125, 3.2565375175563596e-24, nan 
26.625, 68.125, 2.9741812444844742e-24, nan 
26.875, 68.125, 2.675104528623879e-24, nan 
27.125, 68.125, 4.8318612727814e-24, nan 
27.375, 68.125, 7.603997043803892e-24, nan 
27.625, 68.125, 3.2038283233745806e-24, nan 
27.875, 68.125, 2.8521575625333477e-24, nan 
28.125, 68.125, 4.132296560639451e-24, nan 
28.375, 68.125, 2.209179234368731e-24, nan 
28.625, 68.125, 2.3069556542396335e-24, nan 
28.875, 68.125, 2.988405877304522e-24, nan 
29.125, 68.125, 2.8444336563813187e-24, nan 
29.375, 68.125, 3.803743070866613e-24, nan 
29.625, 68.125, 2.5390675611093476e-24, nan 
29.875, 68.125, 3.401971342410212e-24, nan 
30.125, 68.125, 6.239476012509657e-24, nan 
30.375, 68.125, 5.368974507356759e-24, nan 
30.625, 68.125, 4.125880201248046e-24, nan 
30.875, 68.125, 5.898706723978383e-24, nan 
31.125, 68.125, 5.225949726769705e-24, nan 
31.375, 68.125, 4.119698011662712e-24, nan 
31.625, 68.125, 4.6486342771072734e-24, nan 
31.875, 68.125, 4.059347881813134e-24, nan 
32.125, 68.125, 3.9309012118169764e-24, nan 
32.375, 68.125, 3.520527692651314e-24, nan 
32.625, 68.125, 5.2740550941182405e-24, nan 
32.875, 68.125, 5.001705939102029e-24, nan 
33.125, 68.125, 4.989024053632183e-24, nan 
33.375, 68.125, 5.941481998060751e-24, nan 
33.625, 68.125, 5.822002351209768e-24, nan 
33.875, 68.125, 4.6311769568884375e-24, nan 
34.125, 68.125, 4.622149701961157e-24, nan 
34.375, 68.125, 4.851658399950223e-24, nan 
34.625, 68.125, 5.419108352862233e-24, nan 
34.875, 68.125, 4.260650904015071e-24, nan 
35.125, 68.125, 3.768598702849117e-24, nan 
35.375, 68.125, 2.9605298817772805e-24, nan 
35.625, 68.125, 3.633251425607276e-24, nan 
35.875, 68.125, 3.868321926876099e-24, nan 
36.125, 68.125, 4.467103866564203e-24, nan 
36.375, 68.125, 3.614036865953645e-24, nan 
36.625, 68.125, 3.3017056713617504e-24, nan 
36.875, 68.125, 3.490335768084459e-24, nan 
37.125, 68.125, 3.1807371743772087e-24, nan 
37.375, 68.125, 2.16738099971469e-24, nan 
37.625, 68.125, 2.937451240435021e-24, nan 
37.875, 68.125, 2.5405414541262933e-24, nan 
38.125, 68.125, 2.5806584365725842e-24, nan 
38.375, 68.125, 2.6825376703537923e-24, nan 
38.625, 68.125, 2.9627599325031386e-24, nan 
38.875, 68.125, 2.1470352925156104e-24, nan 
39.125, 68.125, 3.83863431610198e-24, nan 
39.375, 68.125, 2.141548378545954e-24, nan 
39.625, 68.125, 6.486670999814876e-24, nan 
39.875, 68.125, 5.605746999369687e-24, nan 
40.125, 68.125, 5.4755518009430534e-24, nan 
40.375, 68.125, 6.3074905484159355e-24, nan 
40.625, 68.125, 5.070415222647491e-24, nan 
40.875, 68.125, 4.549106107721315e-24, nan 
41.125, 68.125, 2.294348249533838e-24, nan 
41.375, 68.125, 1.5199233851730864e-24, nan 
41.625, 68.125, 3.3249295270637335e-24, nan 
41.875, 68.125, 2.9749430707373935e-24, nan 
42.125, 68.125, 2.6928486982312703e-24, nan 
42.375, 68.125, 3.420499332217346e-24, nan 
42.625, 68.125, 3.879559001800018e-24, nan 
42.875, 68.125, 4.829672109449525e-24, nan 
43.125, 68.125, 1.9797149409156225e-24, nan 
43.375, 68.125, 4.328818457074091e-24, nan 
43.625, 68.125, 5.2157331350987234e-24, nan 
43.875, 68.125, 2.0470790822657007e-24, nan 
44.125, 68.125, 4.23325073039865e-24, nan 
44.375, 68.125, 4.503351997066887e-24, nan 
44.625, 68.125, 2.021499598396275e-24, nan 
44.875, 68.125, 1.5479661998475964e-24, nan 
45.125, 68.125, 6.1096138865437904e-24, nan 
45.375, 68.125, 4.8554961531256665e-24, nan 
45.625, 68.125, 6.958466175757284e-24, nan 
45.875, 68.125, 7.659045820683233e-24, nan 
46.125, 68.125, 7.056346305209764e-24, nan 
46.375, 68.125, 8.356905079182758e-24, nan 
46.625, 68.125, 9.631674550095935e-24, nan 
46.875, 68.125, 6.936091487129949e-24, nan 
47.125, 68.125, 3.956541323956069e-24, nan 
47.375, 68.125, 2.9719242959882113e-24, nan 
47.625, 68.125, 3.362349026233522e-24, nan 
47.875, 68.125, 4.757373514454367e-24, nan 
48.125, 68.125, 1.8316262132291693e-24, nan 
48.375, 68.125, 2.785273569433942e-24, nan 
48.625, 68.125, 4.2997260745859135e-24, nan 
48.875, 68.125, 5.071915005488002e-24, nan 
49.125, 68.125, 6.756152900254545e-24, nan 
49.375, 68.125, 8.686979742906888e-24, nan 
49.625, 68.125, 8.126093948784488e-24, nan 
49.875, 68.125, 8.192399195916613e-24, nan 
50.125, 68.125, 1.1281461856895474e-23, nan 
50.375, 68.125, 1.3063271864391448e-23, nan 
50.625, 68.125, 1.2647139081552668e-23, nan 
50.875, 68.125, 7.810423349461111e-24, nan 
51.125, 68.125, 9.339855931051195e-24, nan 
51.375, 68.125, 1.2584324509371837e-23, nan 
51.625, 68.125, 1.517468949443564e-23, nan 
51.875, 68.125, 1.0634238186723639e-23, nan 
52.125, 68.125, 1.2345890652838619e-23, nan 
52.375, 68.125, 8.509327199636396e-24, nan 
52.625, 68.125, 1.386089276462384e-23, nan 
52.875, 68.125, 1.4772939788049627e-23, nan 
53.125, 68.125, 5.989230129525168e-24, nan 
53.375, 68.125, 1.812786798590108e-23, nan 
53.625, 68.125, 2.2598022233779164e-23, nan 
53.875, 68.125, 1.2815400193297702e-23, nan 
54.125, 68.125, 1.4432787853759426e-23, nan 
54.375, 68.125, 1.8239873700174812e-23, nan 
54.625, 68.125, 1.1906631722009805e-23, nan 
54.875, 68.125, 1.0077716567791458e-23, nan 
55.125, 68.125, 1.59660525724206e-23, nan 
55.375, 68.125, 4.177589337206738e-24, nan 
55.625, 68.125, 5.017203037478124e-24, nan 
55.875, 68.125, 1.094042079873315e-23, nan 
56.125, 68.125, 6.791478263070676e-24, nan 
56.375, 68.125, 3.189105667772411e-24, nan 
56.625, 68.125, 1.5468790370578083e-23, nan 
56.875, 68.125, 1.8870399289956928e-23, nan 
57.125, 68.125, 1.9916580800962912e-23, nan 
57.375, 68.125, 4.179133819120996e-23, nan 
57.625, 68.125, 4.0561815434205104e-23, nan 
57.875, 68.125, 2.49798943211873e-23, nan 
58.125, 68.125, 2.1700376877758024e-23, nan 
58.375, 68.125, 9.505860426509567e-24, nan 
58.625, 68.125, 1.52841450138878e-23, nan 
58.875, 68.125, 1.8734757437839057e-23, nan 
59.125, 68.125, 2.604647166280426e-23, nan 
59.375, 68.125, 4.333723014673047e-23, nan 
59.625, 68.125, 4.883218537892763e-23, nan 
59.875, 68.125, 6.262133719587592e-23, nan 
60.125, 68.125, 5.47621800746976e-23, nan 
60.375, 68.125, 5.160904409290619e-23, nan 
60.625, 68.125, 1.2682245351802703e-22, nan 
60.875, 68.125, 1.280583702367862e-22, nan 
61.125, 68.125, 4.9756318604203423e-23, nan 
61.375, 68.125, 7.993825615139976e-23, nan 
61.625, 68.125, 8.346449535092539e-23, nan 
61.875, 68.125, 3.947272909593179e-23, nan 
62.125, 68.125, 2.344019895570306e-23, nan 
62.375, 68.125, 3.7184071772797213e-23, nan 
62.625, 68.125, 2.8671172773944754e-23, nan 
62.875, 68.125, 2.165281192102674e-23, nan 
63.125, 68.125, 2.819660429728871e-23, nan 
63.375, 68.125, 2.5457508547048104e-23, nan 
63.625, 68.125, 1.7762369058213164e-23, nan 
63.875, 68.125, 2.4595140989160671e-23, nan 
64.125, 68.125, 2.6415878772956743e-23, nan 
64.375, 68.125, 2.0551261203018264e-23, nan 
64.625, 68.125, 2.1231439158543593e-23, nan 
64.875, 68.125, 3.4173932742861606e-23, nan 
65.125, 68.125, 4.1731665038354525e-23, nan 
65.375, 68.125, 4.381097581473666e-23, nan 
65.625, 68.125, 3.973910157578451e-23, nan 
65.875, 68.125, 4.862839269042987e-23, nan 
66.125, 68.125, 4.702922217676403e-23, nan 
66.375, 68.125, 3.846651368317024e-23, nan 
66.625, 68.125, 3.907923180117579e-23, nan 
66.875, 68.125, 3.956466607679004e-23, nan 
67.125, 68.125, 5.2625513125374116e-23, nan 
67.375, 68.125, 3.7814495461533045e-23, nan 
67.625, 68.125, 4.1950621733602907e-23, nan 
67.875, 68.125, 4.8254185508197573e-23, nan 
68.125, 68.125, 7.917288189902709e-23, nan 
68.375, 68.125, 1.0682459349693607e-22, nan 
68.625, 68.125, 8.478383928480931e-23, nan 
68.875, 68.125, 6.599042414697694e-23, nan 
69.125, 68.125, 9.115906072684604e-23, nan 
69.375, 68.125, 8.270983238819551e-23, nan 
69.625, 68.125, 4.207373432329475e-23, nan 
69.875, 68.125, 3.691192423421261e-23, nan 
70.125, 68.125, 6.70144595592039e-23, nan 
70.375, 68.125, 8.526585526265103e-23, nan 
70.625, 68.125, 8.465236542202163e-23, nan 
70.875, 68.125, 1.0162080405441272e-22, nan 
71.125, 68.125, 1.2757893941646749e-22, nan 
71.375, 68.125, 1.3807031124579298e-22, nan 
71.625, 68.125, 7.982218641846628e-23, nan 
71.875, 68.125, 7.959274184061727e-23, nan 
72.125, 68.125, 1.3444074955233313e-22, nan 
72.375, 68.125, 1.1877955274616403e-22, nan 
72.625, 68.125, 5.932237915776706e-23, nan 
72.875, 68.125, 9.46024600124464e-23, nan 
73.125, 68.125, 1.6038135622513627e-22, nan 
73.375, 68.125, 5.909550151604699e-23, nan 
73.625, 68.125, 1.1533835279711695e-22, nan 
73.875, 68.125, 1.0049658648723787e-22, nan 
74.125, 68.125, 1.1487702391238056e-22, nan 
74.375, 68.125, 7.920945004952264e-23, nan 
74.625, 68.125, 1.4754346412095582e-22, nan 
74.875, 68.125, 1.4035584976029625e-22, nan 
75.125, 68.125, 2.5060268160539493e-22, nan 
75.375, 68.125, 2.3310918863789703e-22, nan 
75.625, 68.125, 2.8818202510056583e-22, nan 
75.875, 68.125, 2.155161651829233e-22, nan 
76.125, 68.125, 1.8374792793491126e-22, nan 
76.375, 68.125, 1.3839774015217867e-22, nan 
76.625, 68.125, 1.8914297463965956e-22, nan 
76.875, 68.125, 1.5183019745795282e-22, nan 
77.125, 68.125, 1.4223539139079887e-22, nan 
77.375, 68.125, 1.98371918105737e-22, nan 
77.625, 68.125, 2.828825706647168e-22, nan 
77.875, 68.125, 5.371809711861575e-22, nan 
78.125, 68.125, 7.890119909810505e-22, nan 
78.375, 68.125, 1.15324421983916e-21, nan 
78.625, 68.125, 1.1372977154952283e-21, nan 
78.875, 68.125, 9.02655969413975e-22, nan 
79.125, 68.125, 8.756306457185555e-22, nan 
79.375, 68.125, 1.124879120318222e-21, nan 
79.625, 68.125, 9.92249003071454e-22, nan 
79.875, 68.125, 2.3354201470524206e-22, nan 
80.125, 68.125, 3.2827146898831863e-22, nan 
80.375, 68.125, 2.514350292862924e-22, nan 
80.625, 68.125, 2.327147490231185e-22, nan 
80.875, 68.125, 3.5191562155546355e-22, nan 
81.125, 68.125, 1.5986767641642914e-22, nan 
81.375, 68.125, 1.5847044387537995e-22, nan 
81.625, 68.125, 1.952564643797618e-22, nan 
81.875, 68.125, 4.342227999421636e-22, nan 
82.125, 68.125, 4.899959387895578e-22, nan 
82.375, 68.125, 6.424833165419894e-22, nan 
82.625, 68.125, 7.700367045753867e-22, nan 
82.875, 68.125, 6.7130034505733595e-22, nan 
83.125, 68.125, 7.562181260376295e-22, nan 
83.375, 68.125, 7.821307302285087e-22, nan 
83.625, 68.125, 1.3452829256289225e-21, nan 
83.875, 68.125, 1.0783248738352204e-21, nan 
84.125, 68.125, 2.0417927955425802e-22, nan 
84.375, 68.125, 8.1818341090719155e-22, nan 
84.625, 68.125, 9.182015182727515e-22, nan 
84.875, 68.125, 1.1573685464949217e-21, nan 
85.125, 68.125, 3.551707847117051e-21, nan 
85.375, 68.125, 3.0769841286762906e-21, nan 
85.625, 68.125, 2.5053440045067932e-21, nan 
85.875, 68.125, 2.6803491417522033e-21, nan 
86.125, 68.125, 3.0168409245338906e-21, nan 
86.375, 68.125, 2.9669394384190834e-21, nan 
86.625, 68.125, 2.3863107136120514e-21, nan 
86.875, 68.125, 3.2937383257207576e-21, nan 
87.125, 68.125, 4.537973821180263e-22, nan 
87.375, 68.125, 3.6607114848424934e-21, nan 
87.625, 68.125, 4.234191793946711e-21, nan 
87.875, 68.125, 3.0316660575438284e-21, nan 
88.125, 68.125, 3.394396835960271e-21, nan 
88.375, 68.125, 5.422727252000213e-21, nan 
88.625, 68.125, 4.849747088997086e-21, nan 
88.875, 68.125, 3.343523749065372e-21, nan 
89.125, 68.125, 4.915904808128493e-21, nan 
89.375, 68.125, 3.151542079167086e-21, nan 
89.625, 68.125, 3.2822175786860875e-21, nan 
89.875, 68.125, 3.87149169844551e-21, nan 
90.125, 68.125, 4.412930654282244e-21, nan 
90.375, 68.125, 3.384013359448443e-21, nan 
90.625, 68.125, 2.4397998313286525e-21, nan 
90.875, 68.125, 6.2277083546371365e-21, nan 
91.125, 68.125, 4.376551414694562e-21, nan 
91.375, 68.125, 8.137432148647423e-21, nan 
91.625, 68.125, 2.086156172889894e-20, nan 
91.875, 68.125, 1.642440519785599e-20, nan 
92.125, 68.125, 6.520014459197726e-20, nan 
92.375, 68.125, 1.0171509557560545e-19, nan 
92.625, 68.125, 3.251220940193737e-19, nan 
92.875, 68.125, 3.976691454522871e-19, nan 
93.125, 68.125, 2.984841187783999e-19, nan 
93.375, 68.125, 5.593780448759396e-20, nan 
93.625, 68.125, 3.502125060708768e-20, nan 
93.875, 68.125, 4.63330204240417e-20, nan 
94.125, 68.125, 5.400300934187691e-20, nan 
94.375, 68.125, 5.3772755621368747e-20, nan 
94.625, 68.125, 5.1599056577374726e-20, nan 
94.875, 68.125, 4.4796914800332124e-20, nan 
95.125, 68.125, 3.518217514659472e-20, nan 
95.375, 68.125, 3.417296498593904e-20, nan 
95.625, 68.125, 3.267316451472091e-20, nan 
95.875, 68.125, 2.3929603473159253e-20, nan 
96.125, 68.125, 1.3126136426771361e-20, nan 
96.375, 68.125, 4.609356510017609e-20, nan 
96.625, 68.125, 5.789699104599398e-20, nan 
96.875, 68.125, 4.176429848043566e-20, nan 
97.125, 68.125, 5.096806862545843e-20, nan 
97.375, 68.125, 3.314228685213041e-20, nan 
97.625, 68.125, 3.066896216166886e-20, nan 
97.875, 68.125, 4.582171390225221e-20, nan 
98.125, 68.125, 2.6325439971675403e-20, nan 
98.375, 68.125, 1.6671980626879955e-20, nan 
98.625, 68.125, 6.0873775583062e-20, nan 
98.875, 68.125, 7.767957512606525e-20, nan 
99.125, 68.125, 5.816385539957269e-20, nan 
99.375, 68.125, 4.590564860393516e-20, nan 
99.625, 68.125, 9.327328661711809e-20, nan 
99.875, 68.125, 7.666232385197629e-20, nan 
100.125, 68.125, 4.7100997772811066e-20, nan 
100.375, 68.125, 5.211404366491862e-20, nan 
100.625, 68.125, 5.742683017148378e-20, nan 
100.875, 68.125, 6.307302236429042e-20, nan 
101.125, 68.125, 9.207036645346909e-20, nan 
101.375, 68.125, 9.687919919982538e-20, nan 
101.625, 68.125, 7.227050560629689e-20, nan 
101.875, 68.125, 9.093039592674885e-20, nan 
102.125, 68.125, 1.2407008638376523e-19, nan 
102.375, 68.125, 1.0984007972378004e-19, nan 
102.625, 68.125, 1.456525704400439e-19, nan 
102.875, 68.125, 8.919002040551628e-20, nan 
103.125, 68.125, 1.3362306692859438e-19, nan 
103.375, 68.125, 3.341742896102019e-19, nan 
103.625, 68.125, 2.4157979736508884e-19, nan 
103.875, 68.125, 1.9093465653926614e-19, nan 
104.125, 68.125, 2.461536153759148e-19, nan 
104.375, 68.125, 2.663229317414044e-19, nan 
104.625, 68.125, 1.8347105689059699e-19, nan 
104.875, 68.125, 1.8211844109394658e-19, nan 
105.125, 68.125, 1.9067345078694665e-19, nan 
105.375, 68.125, 1.4208691192955061e-19, nan 
105.625, 68.125, 1.3126402043550394e-19, nan 
105.875, 68.125, 1.3400122205981825e-19, nan 
106.125, 68.125, 1.1893106741788482e-19, nan 
106.375, 68.125, 1.0804631806055236e-19, nan 
106.625, 68.125, 1.177084666138068e-19, nan 
106.875, 68.125, 8.082584545159445e-20, nan 
107.125, 68.125, 8.364125490845122e-20, nan 
107.375, 68.125, 1.2292883637146226e-19, nan 
107.625, 68.125, 8.880302927612213e-20, nan 
107.875, 68.125, 4.6742908828452694e-20, nan 
108.125, 68.125, 6.486700121821838e-20, nan 
108.375, 68.125, 9.843106925316643e-20, nan 
108.625, 68.125, 6.272677756934382e-20, nan 
108.875, 68.125, 6.810647688513146e-20, nan 
109.125, 68.125, 1.0756482389054174e-19, nan 
109.375, 68.125, 8.797480618835748e-20, nan 
109.625, 68.125, 8.586297313873881e-20, nan 
109.875, 68.125, 7.988176707355161e-20, nan 
110.125, 68.125, 5.779761945696219e-20, nan 
110.375, 68.125, 5.766692509602194e-20, nan 
110.625, 68.125, 3.671216853990556e-20, nan 
110.875, 68.125, 3.922277059904342e-20, nan 
111.125, 68.125, 5.98285882512114e-20, nan 
111.375, 68.125, 3.874552423011747e-20, nan 
111.625, 68.125, 4.219244125387358e-20, nan 
111.875, 68.125, 5.280293762184825e-20, nan 
112.125, 68.125, 6.885274650092868e-20, nan 
112.375, 68.125, 7.849911231966785e-20, nan 
112.625, 68.125, 7.186334485523838e-20, nan 
112.875, 68.125, 1.0265620218260607e-19, nan 
113.125, 68.125, 2.2933841114110183e-19, nan 
113.375, 68.125, 2.3589537775427846e-19, nan 
113.625, 68.125, 1.9990047044318502e-19, nan 
113.875, 68.125, 1.5117468082897712e-19, nan 
114.125, 68.125, 1.4951032275252344e-19, nan 
114.375, 68.125, 1.189656544066684e-19, nan 
114.625, 68.125, 1.1107194655706226e-19, nan 
114.875, 68.125, 1.4250910018555676e-19, nan 
115.125, 68.125, 1.2186613464832376e-19, nan 
115.375, 68.125, 8.014256594593824e-20, nan 
115.625, 68.125, 6.473342280828443e-20, nan 
115.875, 68.125, 6.538330997878591e-20, nan 
116.125, 68.125, 6.308137685593324e-20, nan 
116.375, 68.125, 5.1634656181660847e-20, nan 
116.625, 68.125, 5.437799540094992e-20, nan 
116.875, 68.125, 5.892609157629904e-20, nan 
117.125, 68.125, 4.5699899030982145e-20, nan 
117.375, 68.125, 2.855212286498735e-20, nan 
117.625, 68.125, 3.045789876954847e-20, nan 
117.875, 68.125, 4.084795882647398e-20, nan 
118.125, 68.125, 2.9602329183797166e-20, nan 
118.375, 68.125, 1.4278244939841736e-20, nan 
118.625, 68.125, 2.579118249415136e-20, nan 
118.875, 68.125, 1.6008553158230457e-20, nan 
119.125, 68.125, 1.5190785106043593e-20, nan 
119.375, 68.125, 1.4977642281070253e-20, nan 
119.625, 68.125, 1.2465591456618874e-20, nan 
119.875, 68.125, 1.5310678329173488e-20, nan 
120.125, 68.125, 7.311368176619993e-21, nan 
120.375, 68.125, 8.214768131118677e-21, nan 
120.625, 68.125, 1.0617794048912061e-20, nan 
120.875, 68.125, 1.3928382760733034e-20, nan 
121.125, 68.125, 1.3857616937687085e-20, nan 
121.375, 68.125, 1.400710393207817e-20, nan 
121.625, 68.125, 1.1762141310120554e-20, nan 
121.875, 68.125, 9.029587346288772e-21, nan 
122.125, 68.125, 8.701609623421531e-21, nan 
122.375, 68.125, 7.174272382744889e-21, nan 
122.625, 68.125, 1.0803383131985127e-20, nan 
122.875, 68.125, 7.143131700613986e-21, nan 
123.125, 68.125, 5.813956565194235e-21, nan 
123.375, 68.125, 1.1565433065573599e-20, nan 
123.625, 68.125, 6.183571387560072e-21, nan 
123.875, 68.125, 3.400920890723277e-21, nan 
124.125, 68.125, 7.572302597088512e-21, nan 
124.375, 68.125, 5.919394947976511e-21, nan 
124.625, 68.125, 5.453898138127031e-21, nan 
124.875, 68.125, 6.3835527690007884e-21, nan 
125.125, 68.125, 4.103442933959774e-21, nan 
125.375, 68.125, 3.778172340693774e-21, nan 
125.625, 68.125, 2.8140777779576e-21, nan 
125.875, 68.125, 2.8695453430406007e-21, nan 
126.125, 68.125, 4.705865044989599e-21, nan 
126.375, 68.125, 4.746773838055113e-21, nan 
126.625, 68.125, 5.224316206023106e-21, nan 
126.875, 68.125, 1.0325183119238458e-20, nan 
127.125, 68.125, 6.822693111494028e-21, nan 
127.375, 68.125, 3.304203863145936e-21, nan 
127.625, 68.125, 6.588025565304489e-21, nan 
127.875, 68.125, 4.831127709270091e-21, nan 
128.125, 68.125, 2.055551817584823e-21, nan 
128.375, 68.125, 2.7498923904390223e-21, nan 
128.625, 68.125, 2.775824820512586e-21, nan 
128.875, 68.125, 2.0772616360658326e-21, nan 
129.125, 68.125, 2.060501614977054e-21, nan 
129.375, 68.125, 1.6733680041539786e-21, nan 
129.625, 68.125, 1.83249301135959e-21, nan 
129.875, 68.125, 1.895800198547699e-21, nan 
130.125, 68.125, 1.7373472203545266e-21, nan 
130.375, 68.125, 1.2454053276049985e-21, nan 
130.625, 68.125, 1.3124182906158208e-21, nan 
130.875, 68.125, 1.2461901180058287e-21, nan 
131.125, 68.125, 7.664276615631109e-22, nan 
131.375, 68.125, 1.306374972110341e-21, nan 
131.625, 68.125, 1.80996295836697e-21, nan 
131.875, 68.125, 8.546865900015096e-22, nan 
132.125, 68.125, 8.885622478794858e-22, nan 
132.375, 68.125, 1.4594932955683794e-21, nan 
132.625, 68.125, 1.040757983052656e-21, nan 
132.875, 68.125, 5.256957897473292e-22, nan 
133.125, 68.125, 4.31885837200291e-22, nan 
133.375, 68.125, 5.497016990658433e-22, nan 
133.625, 68.125, 9.809261060497291e-22, nan 
133.875, 68.125, 6.445817910807876e-22, nan 
134.125, 68.125, 5.313053428383988e-22, nan 
134.375, 68.125, 8.61801795353929e-22, nan 
134.625, 68.125, 8.959365521383754e-22, nan 
134.875, 68.125, 6.841691539986622e-22, nan 
135.125, 68.125, 7.753621259552794e-22, nan 
135.375, 68.125, 9.867776198396524e-22, nan 
135.625, 68.125, 1.2573318146185005e-21, nan 
135.875, 68.125, 8.089132535248493e-22, nan 
136.125, 68.125, 4.6671604376788e-22, nan 
136.375, 68.125, 9.910094009504077e-22, nan 
136.625, 68.125, 2.165431895078669e-21, nan 
136.875, 68.125, 2.2716826267213054e-21, nan 
137.125, 68.125, 2.0693918442994605e-21, nan 
137.375, 68.125, 1.9722655792698836e-21, nan 
137.625, 68.125, 2.0313770730988993e-21, nan 
137.875, 68.125, 2.2347056867689094e-21, nan 
138.125, 68.125, 1.8508627225365905e-21, nan 
138.375, 68.125, 1.4440245046447368e-21, nan 
138.625, 68.125, 1.4492187820569506e-21, nan 
138.875, 68.125, 1.2962858886741542e-21, nan 
139.125, 68.125, 9.910583240683015e-22, nan 
139.375, 68.125, 3.03103745597132e-22, nan 
139.625, 68.125, 6.602554468159068e-22, nan 
139.875, 68.125, 4.34344584643877e-22, nan 
140.125, 68.125, 4.11813491423876e-22, nan 
140.375, 68.125, 4.311507111435049e-22, nan 
140.625, 68.125, 4.930594703291468e-22, nan 
140.875, 68.125, 5.013424696263816e-22, nan 
141.125, 68.125, 4.475079787360014e-22, nan 
141.375, 68.125, 3.7879222681452926e-22, nan 
141.625, 68.125, 3.6220839587983574e-22, nan 
141.875, 68.125, 4.367479519327141e-22, nan 
142.125, 68.125, 3.5826826404117155e-22, nan 
142.375, 68.125, 2.648797241458332e-22, nan 
142.625, 68.125, 8.226150339473751e-23, nan 
142.875, 68.125, 2.928779165146839e-22, nan 
143.125, 68.125, 2.8641244188944883e-22, nan 
143.375, 68.125, 2.3331019874039545e-22, nan 
143.625, 68.125, 5.900172280310516e-22, nan 
143.875, 68.125, 4.0915175860763524e-22, nan 
144.125, 68.125, 1.0881513537312999e-22, nan 
144.375, 68.125, 2.0097248658462205e-22, nan 
144.625, 68.125, 1.7252721855152748e-22, nan 
144.875, 68.125, 2.196292347049336e-22, nan 
145.125, 68.125, 1.7946854819211762e-22, nan 
145.375, 68.125, 1.5277078999972563e-22, nan 
145.625, 68.125, 1.624522527296131e-22, nan 
145.875, 68.125, 1.1429682522291089e-22, nan 
146.125, 68.125, 1.0311735772011158e-22, nan 
146.375, 68.125, 4.598608590264824e-23, nan 
146.625, 68.125, 9.9904062841471e-23, nan 
146.875, 68.125, 7.981520331859337e-23, nan 
147.125, 68.125, 9.820208611274642e-23, nan 
147.375, 68.125, 1.0406297465645717e-22, nan 
147.625, 68.125, 9.088854502240695e-23, nan 
147.875, 68.125, 1.0280944845568795e-22, nan 
148.125, 68.125, 4.6467249392373276e-23, nan 
148.375, 68.125, 2.8349436283608836e-23, nan 
148.625, 68.125, 4.1637233076712875e-23, nan 
148.875, 68.125, 3.8114445248508027e-23, nan 
149.125, 68.125, 3.646890577314283e-23, nan 
149.375, 68.125, 8.676033029806792e-23, nan 
149.625, 68.125, 5.738120126784343e-23, nan 
149.875, 68.125, 3.6962544029560467e-23, nan 
150.125, 68.125, 7.489474210820059e-23, nan 
150.375, 68.125, 1.0101607140083355e-22, nan 
150.625, 68.125, 9.9601147899478e-23, nan 
150.875, 68.125, 9.52086540783493e-23, nan 
151.125, 68.125, 1.4856033295143487e-22, nan 
151.375, 68.125, 1.4786353548819972e-22, nan 
151.625, 68.125, 8.09472430062314e-23, nan 
151.875, 68.125, 1.0498109477875774e-22, nan 
152.125, 68.125, 7.943428190642755e-23, nan 
152.375, 68.125, 6.720722086272169e-23, nan 
152.625, 68.125, 9.761487700884553e-23, nan 
152.875, 68.125, 9.463569911786808e-23, nan 
153.125, 68.125, 1.1278522607448195e-22, nan 
153.375, 68.125, 8.405920483287618e-23, nan 
153.625, 68.125, 3.601775143910314e-23, nan 
153.875, 68.125, 2.446398505765885e-23, nan 
154.125, 68.125, 3.028966996548429e-23, nan 
154.375, 68.125, 4.6775958697373423e-23, nan 
154.625, 68.125, 4.856100906676629e-23, nan 
154.875, 68.125, 4.6105122933698136e-23, nan 
155.125, 68.125, 3.712307063383063e-23, nan 
155.375, 68.125, 4.5544318254226813e-23, nan 
155.625, 68.125, 4.7783734738823095e-23, nan 
155.875, 68.125, 3.04686736691064e-23, nan 
156.125, 68.125, 2.874828125831004e-23, nan 
156.375, 68.125, 3.054665329666046e-23, nan 
156.625, 68.125, 3.0056260738871033e-23, nan 
156.875, 68.125, 3.545632621240438e-23, nan 
157.125, 68.125, 3.844446308641493e-23, nan 
157.375, 68.125, 3.3373003539658383e-23, nan 
157.625, 68.125, 4.063335259719636e-23, nan 
157.875, 68.125, 2.891285342234337e-23, nan 
158.125, 68.125, 3.24509133451071e-23, nan 
158.375, 68.125, 3.286778451128298e-23, nan 
158.625, 68.125, 2.685868793046325e-23, nan 
158.875, 68.125, 1.641172642273274e-23, nan 
159.125, 68.125, 3.111601673023263e-23, nan 
159.375, 68.125, 3.9126112284025956e-23, nan 
159.625, 68.125, 3.4070360340239567e-23, nan 
159.875, 68.125, 4.1710017764123776e-23, nan 
160.125, 68.125, 4.244722381385352e-23, nan 
160.375, 68.125, 3.4156196080264633e-23, nan 
160.625, 68.125, 5.642491670433535e-23, nan 
160.875, 68.125, 6.068494070143885e-23, nan 
161.125, 68.125, 3.99185494217099e-23, nan 
161.375, 68.125, 4.632293329637391e-23, nan 
161.625, 68.125, 5.121981601169589e-23, nan 
161.875, 68.125, 3.521901243119975e-23, nan 
162.125, 68.125, 1.8899578712704546e-23, nan 
162.375, 68.125, 1.1359979862989531e-23, nan 
162.625, 68.125, 1.525159986982364e-23, nan 
162.875, 68.125, 1.5423823384494907e-23, nan 
163.125, 68.125, 1.446825489484898e-23, nan 
163.375, 68.125, 1.2434049423619049e-23, nan 
163.625, 68.125, 1.975102481585418e-23, nan 
163.875, 68.125, 1.0224130849284756e-23, nan 
164.125, 68.125, 1.3690402640257205e-23, nan 
164.375, 68.125, 1.4761324841178717e-23, nan 
164.625, 68.125, 1.1756809708540324e-23, nan 
164.875, 68.125, 1.8691509030238533e-23, nan 
165.125, 68.125, 1.5041548148074123e-23, nan 
165.375, 68.125, 8.905544428741367e-24, nan 
165.625, 68.125, 1.0783193450336649e-23, nan 
165.875, 68.125, 1.1609250570026481e-23, nan 
166.125, 68.125, 1.9640497498964317e-23, nan 
166.375, 68.125, 2.5826688979584295e-23, nan 
166.625, 68.125, 2.3216388686256377e-23, nan 
166.875, 68.125, 2.248740195106839e-23, nan 
167.125, 68.125, 1.4533571783753354e-23, nan 
167.375, 68.125, 6.972438030281383e-24, nan 
167.625, 68.125, 1.0701569472864417e-23, nan 
167.875, 68.125, 1.1272861302270484e-23, nan 
168.125, 68.125, 1.7139034815533337e-23, nan 
168.375, 68.125, 2.1939994187516333e-23, nan 
168.625, 68.125, 2.132884513682916e-23, nan 
168.875, 68.125, 1.9253391664194377e-23, nan 
169.125, 68.125, 1.919154672419782e-23, nan 
169.375, 68.125, 1.7048873415278677e-23, nan 
169.625, 68.125, 1.3296913072498218e-23, nan 
169.875, 68.125, 1.1636182543836914e-23, nan 
170.125, 68.125, 1.2819214059988961e-23, nan 
170.375, 68.125, 9.340124960707812e-24, nan 
170.625, 68.125, 6.681177656922282e-24, nan 
170.875, 68.125, 7.400966352407435e-24, nan 
171.125, 68.125, 6.618458588906614e-24, nan 
171.375, 68.125, 8.479024150079678e-24, nan 
171.625, 68.125, 1.4443406166658356e-23, nan 
171.875, 68.125, 9.840169627084531e-24, nan 
172.125, 68.125, 1.4600715039013932e-23, nan 
172.375, 68.125, 2.9670435204585003e-23, nan 
172.625, 68.125, 1.869696268697681e-23, nan 
172.875, 68.125, 1.8263245747336227e-23, nan 
173.125, 68.125, 1.8862851573912932e-23, nan 
173.375, 68.125, 1.4569614161832753e-23, nan 
173.625, 68.125, 1.0304937109107073e-23, nan 
173.875, 68.125, 8.344635084946168e-24, nan 
174.125, 68.125, 9.91936022296027e-24, nan 
174.375, 68.125, 3.613908723977739e-24, nan 
174.625, 68.125, 4.9956538987416914e-24, nan 
174.875, 68.125, 2.7724036940470324e-24, nan 
175.125, 68.125, 3.8978218316049265e-24, nan 
175.375, 68.125, 5.3564314095810185e-24, nan 
175.625, 68.125, 5.302739773704237e-24, nan 
175.875, 68.125, 4.3355178777504315e-24, nan 
176.125, 68.125, 6.420666772149773e-24, nan 
176.375, 68.125, 5.045593045544463e-24, nan 
176.625, 68.125, 4.618280940982975e-24, nan 
176.875, 68.125, 6.234731745889708e-24, nan 
177.125, 68.125, 6.8198990910857e-24, nan 
177.375, 68.125, 6.386111829923012e-24, nan 
177.625, 68.125, 7.537100829487223e-24, nan 
177.875, 68.125, 1.0468287609804728e-23, nan 
178.125, 68.125, 8.922122838487666e-24, nan 
178.375, 68.125, 6.807234579079756e-24, nan 
178.625, 68.125, 8.456410993966449e-24, nan 
178.875, 68.125, 7.835441976275317e-24, nan 
179.125, 68.125, 5.0474926981943874e-24, nan 
179.375, 68.125, 3.17161929279403e-24, nan 
179.625, 68.125, 1.692319119157675e-24, nan 
179.875, 68.125, 3.1692154579734848e-24, nan 
-179.875, 68.375, 7.913241459076851e-24, nan 
-179.625, 68.375, 9.94594546261232e-24, nan 
-179.375, 68.375, 7.987008122557888e-24, nan 
-179.125, 68.375, 6.834212795662972e-24, nan 
-178.875, 68.375, 1.0582239409771559e-23, nan 
-178.625, 68.375, 7.354028784208921e-24, nan 
-178.375, 68.375, 6.180480041571515e-24, nan 
-178.125, 68.375, 8.086633570012512e-24, nan 
-177.875, 68.375, 8.133825845127809e-24, nan 
-177.625, 68.375, 7.976393742568428e-24, nan 
-177.375, 68.375, 8.218995467013104e-24, nan 
-177.125, 68.375, 7.852035170378903e-24, nan 
-176.875, 68.375, 7.355337373556316e-24, nan 
-176.625, 68.375, 4.9423086238641665e-24, nan 
-176.375, 68.375, 5.1587663208380674e-24, nan 
-176.125, 68.375, 4.8665402549742275e-24, nan 
-175.875, 68.375, 2.53178202424841e-24, nan 
-175.625, 68.375, 3.51428752276867e-24, nan 
-175.375, 68.375, 3.491710224916252e-24, nan 
-175.125, 68.375, 1.9974496129685367e-24, nan 
-174.875, 68.375, 4.5779805822501e-24, nan 
-174.625, 68.375, 5.2326041641955054e-24, nan 
-174.375, 68.375, 3.352581033217539e-24, nan 
-174.125, 68.375, 4.780587003945289e-24, nan 
-173.875, 68.375, 4.802256021478527e-24, nan 
-173.625, 68.375, 4.652246467544378e-24, nan 
-173.375, 68.375, 4.426812794682804e-24, nan 
-173.125, 68.375, 2.1240375826443324e-24, nan 
-172.875, 68.375, 4.644421588387833e-24, nan 
21.625, 68.375, 1.7289533171731712e-24, nan 
21.875, 68.375, 3.872907434244171e-24, nan 
22.125, 68.375, 3.818480402826758e-24, nan 
22.375, 68.375, 1.9688726656710887e-24, nan 
22.625, 68.375, 1.978810731389699e-24, nan 
22.875, 68.375, 2.176507705894575e-24, nan 
23.125, 68.375, 1.290066824275113e-24, nan 
23.375, 68.375, 1.5518336048622508e-24, nan 
23.625, 68.375, 2.2683978785559792e-24, nan 
23.875, 68.375, 2.7378952953018367e-24, nan 
24.125, 68.375, 1.772123968244158e-24, nan 
24.375, 68.375, 2.4783121316801475e-24, nan 
24.625, 68.375, 2.9227341976738163e-24, nan 
24.875, 68.375, 1.0030606083816042e-24, nan 
25.125, 68.375, 1.2210875899531886e-24, nan 
25.375, 68.375, 2.3996797568584545e-24, nan 
25.625, 68.375, 1.8665710566410622e-24, nan 
25.875, 68.375, 2.767537822459173e-24, nan 
26.125, 68.375, 2.6246481694951125e-24, nan 
26.375, 68.375, 2.0175626136105195e-24, nan 
26.625, 68.375, 2.726893910054104e-24, nan 
26.875, 68.375, 2.6753926962604972e-24, nan 
27.125, 68.375, 3.590836371310941e-24, nan 
27.375, 68.375, 2.0013927017340776e-24, nan 
27.625, 68.375, 2.3841974620895393e-24, nan 
27.875, 68.375, 4.844487618457947e-24, nan 
28.125, 68.375, 3.1707309013699136e-24, nan 
28.375, 68.375, 2.1553748069811442e-24, nan 
28.625, 68.375, 3.9635264141264084e-24, nan 
28.875, 68.375, 4.043230651042272e-24, nan 
29.125, 68.375, 3.1762507464797883e-24, nan 
29.375, 68.375, 3.428388121002641e-24, nan 
29.625, 68.375, 3.0101181426794808e-24, nan 
29.875, 68.375, 5.541968739159199e-24, nan 
30.125, 68.375, 6.94432656949588e-24, nan 
30.375, 68.375, 4.47688175959668e-24, nan 
30.625, 68.375, 3.745104113743863e-24, nan 
30.875, 68.375, 4.379862533244863e-24, nan 
31.125, 68.375, 2.8738936065298e-24, nan 
31.375, 68.375, 2.223614115159583e-24, nan 
31.625, 68.375, 2.2726031742720855e-24, nan 
31.875, 68.375, 3.1611914902058286e-24, nan 
32.125, 68.375, 3.10978348591171e-24, nan 
32.375, 68.375, 2.6978257956190267e-24, nan 
32.625, 68.375, 2.9099741660899855e-24, nan 
32.875, 68.375, 3.0275800255822024e-24, nan 
33.125, 68.375, 3.547930017718108e-24, nan 
33.375, 68.375, 4.433442630717069e-24, nan 
33.625, 68.375, 5.858362495805289e-24, nan 
33.875, 68.375, 4.630209215957184e-24, nan 
34.125, 68.375, 4.6095117206655946e-24, nan 
34.375, 68.375, 5.232718331250361e-24, nan 
34.625, 68.375, 4.457221062942481e-24, nan 
34.875, 68.375, 4.2238760084212125e-24, nan 
35.125, 68.375, 2.957499177419056e-24, nan 
35.375, 68.375, 2.210432368386078e-24, nan 
35.625, 68.375, 3.2701332389851404e-24, nan 
35.875, 68.375, 2.877859177913819e-24, nan 
36.125, 68.375, 2.83189101911082e-24, nan 
36.375, 68.375, 2.835155107707593e-24, nan 
36.625, 68.375, 2.9667542441128176e-24, nan 
36.875, 68.375, 2.52249048781975e-24, nan 
37.125, 68.375, 2.414577613619407e-24, nan 
37.375, 68.375, 2.5986637878038545e-24, nan 
37.625, 68.375, 1.8668885601019945e-24, nan 
37.875, 68.375, 1.6935433647014206e-24, nan 
38.125, 68.375, 3.1142567189414826e-24, nan 
38.375, 68.375, 2.2768002351032637e-24, nan 
38.625, 68.375, 1.8980047332343073e-24, nan 
38.875, 68.375, 2.5404034027138213e-24, nan 
39.125, 68.375, 5.0889686621697876e-24, nan 
39.375, 68.375, 4.65631544358858e-24, nan 
39.625, 68.375, 4.570426167189337e-24, nan 
39.875, 68.375, 7.098566480147129e-24, nan 
40.125, 68.375, 4.803396096508024e-24, nan 
40.375, 68.375, 2.8872785610969472e-24, nan 
40.625, 68.375, 2.1582385124535895e-24, nan 
40.875, 68.375, 2.8987569660088435e-24, nan 
41.125, 68.375, 2.7210627891486426e-24, nan 
41.375, 68.375, 2.1306229671033247e-24, nan 
41.625, 68.375, 2.9562680222665967e-24, nan 
41.875, 68.375, 1.9348062331073292e-24, nan 
42.125, 68.375, 2.9733747300113007e-24, nan 
42.375, 68.375, 4.2771404607480654e-24, nan 
42.625, 68.375, 2.2168967201576555e-24, nan 
42.875, 68.375, 2.7165164977838492e-24, nan 
43.125, 68.375, 2.77927180348072e-24, nan 
43.375, 68.375, 2.966749085667741e-24, nan 
43.625, 68.375, 3.7754775320383676e-24, nan 
43.875, 68.375, 3.722168804964824e-24, nan 
44.125, 68.375, 3.9593049525146295e-24, nan 
44.375, 68.375, 4.260500198451492e-24, nan 
44.625, 68.375, 2.813020237727031e-24, nan 
44.875, 68.375, 2.359513890304412e-24, nan 
45.125, 68.375, 2.836799993994513e-24, nan 
45.375, 68.375, 1.958102413288016e-24, nan 
45.625, 68.375, 3.357685063015707e-24, nan 
45.875, 68.375, 6.673567559823194e-24, nan 
46.125, 68.375, 7.934853084702244e-24, nan 
46.375, 68.375, 1.0002163354551476e-23, nan 
46.625, 68.375, 1.2747270236486893e-23, nan 
46.875, 68.375, 1.1532648524424798e-23, nan 
47.125, 68.375, 5.1001490895423e-24, nan 
47.375, 68.375, 2.2657673282426277e-24, nan 
47.625, 68.375, 3.296638326381622e-24, nan 
47.875, 68.375, 3.2100042120740736e-24, nan 
48.125, 68.375, 1.77449086382446e-24, nan 
48.375, 68.375, 4.167147822438813e-24, nan 
48.625, 68.375, 5.140336396494663e-24, nan 
48.875, 68.375, 3.0731437498095706e-24, nan 
49.125, 68.375, 5.093800268939062e-24, nan 
49.375, 68.375, 6.724829873868861e-24, nan 
49.625, 68.375, 5.524904849550818e-24, nan 
49.875, 68.375, 6.640803589441389e-24, nan 
50.125, 68.375, 1.0826206979128447e-23, nan 
50.375, 68.375, 1.0556117760096092e-23, nan 
50.625, 68.375, 7.871518201975468e-24, nan 
50.875, 68.375, 8.610499887524949e-24, nan 
51.125, 68.375, 1.0952665484040506e-23, nan 
51.375, 68.375, 1.2033754276077044e-23, nan 
51.625, 68.375, 1.1104405862714473e-23, nan 
51.875, 68.375, 1.1243750280221858e-23, nan 
52.125, 68.375, 1.2800532105204127e-23, nan 
52.375, 68.375, 1.0575233238403013e-23, nan 
52.625, 68.375, 1.2459875738619502e-23, nan 
52.875, 68.375, 1.4012276068924644e-23, nan 
53.125, 68.375, 9.184172477148746e-24, nan 
53.375, 68.375, 1.652359121303552e-23, nan 
53.625, 68.375, 2.0139914541520438e-23, nan 
53.875, 68.375, 1.0548871418114319e-23, nan 
54.125, 68.375, 1.7080237165881304e-23, nan 
54.375, 68.375, 2.1305563145170806e-23, nan 
54.625, 68.375, 1.3283327548172598e-23, nan 
54.875, 68.375, 1.1727409141452454e-23, nan 
55.125, 68.375, 2.081292760160614e-23, nan 
55.375, 68.375, 5.879138057099644e-24, nan 
55.625, 68.375, 7.699915648581145e-24, nan 
55.875, 68.375, 1.1661965617429176e-23, nan 
56.125, 68.375, 1.4764736617562278e-23, nan 
56.375, 68.375, 9.559235840440283e-24, nan 
56.625, 68.375, 1.289092532254414e-23, nan 
56.875, 68.375, 2.1629850359059587e-23, nan 
57.125, 68.375, 1.146801263673346e-23, nan 
57.375, 68.375, 1.2314757360112946e-23, nan 
57.625, 68.375, 2.4868588609575564e-23, nan 
57.875, 68.375, 1.001519916161775e-23, nan 
58.125, 68.375, 1.8668373520020346e-23, nan 
58.375, 68.375, 9.316759384530566e-24, nan 
58.625, 68.375, 1.2485572416210466e-23, nan 
58.875, 68.375, 1.5553601519985464e-23, nan 
59.125, 68.375, 9.205739528395697e-24, nan 
59.375, 68.375, 1.979446827714958e-23, nan 
59.625, 68.375, 4.0129737529300743e-23, nan 
59.875, 68.375, 3.7072677643604016e-23, nan 
60.125, 68.375, 3.1784219354138674e-23, nan 
60.375, 68.375, 5.164644589002546e-23, nan 
60.625, 68.375, 7.114592857235653e-23, nan 
60.875, 68.375, 7.337681188350234e-23, nan 
61.125, 68.375, 5.929989770719335e-23, nan 
61.375, 68.375, 3.607278391916414e-23, nan 
61.625, 68.375, 4.7704935287647636e-23, nan 
61.875, 68.375, 4.7809908773599635e-23, nan 
62.125, 68.375, 2.1196119275548985e-23, nan 
62.375, 68.375, 3.7269177320080057e-23, nan 
62.625, 68.375, 2.7731072735276957e-23, nan 
62.875, 68.375, 2.0425956589720585e-23, nan 
63.125, 68.375, 2.86041170195018e-23, nan 
63.375, 68.375, 2.029471748594163e-23, nan 
63.625, 68.375, 9.966882929228763e-24, nan 
63.875, 68.375, 1.1491952219282555e-23, nan 
64.125, 68.375, 1.9347660185863888e-23, nan 
64.375, 68.375, 1.0695029674645432e-23, nan 
64.625, 68.375, 1.8401560978085534e-23, nan 
64.875, 68.375, 2.7648341700066916e-23, nan 
65.125, 68.375, 2.1288796356828833e-23, nan 
65.375, 68.375, 2.667674719822142e-23, nan 
65.625, 68.375, 4.664428633767592e-23, nan 
65.875, 68.375, 5.959282718705411e-23, nan 
66.125, 68.375, 6.476095824643823e-23, nan 
66.375, 68.375, 5.375778544281075e-23, nan 
66.625, 68.375, 5.36841098951462e-23, nan 
66.875, 68.375, 8.288149235099961e-23, nan 
67.125, 68.375, 9.597091046635098e-23, nan 
67.375, 68.375, 4.821129866510946e-23, nan 
67.625, 68.375, 4.960204910397217e-23, nan 
67.875, 68.375, 3.6913253909961537e-23, nan 
68.125, 68.375, 2.5923464487130237e-23, nan 
68.375, 68.375, 4.2700947199445825e-23, nan 
68.625, 68.375, 3.9280527325284853e-23, nan 
68.875, 68.375, 7.593099239578374e-23, nan 
69.125, 68.375, 7.567577863246736e-23, nan 
69.375, 68.375, 5.748950743754971e-23, nan 
69.625, 68.375, 7.307620927923941e-23, nan 
69.875, 68.375, 8.971275983598549e-23, nan 
70.125, 68.375, 3.1540903210355394e-23, nan 
70.375, 68.375, 6.733562017011296e-23, nan 
70.625, 68.375, 7.112196968869347e-23, nan 
70.875, 68.375, 7.070663691246164e-23, nan 
71.125, 68.375, 1.0268445601178283e-22, nan 
71.375, 68.375, 1.0944944796296855e-22, nan 
71.625, 68.375, 9.679627451837625e-23, nan 
71.875, 68.375, 1.242554568828993e-22, nan 
72.125, 68.375, 2.050939488713369e-22, nan 
72.375, 68.375, 1.2180025057382132e-22, nan 
72.625, 68.375, 9.495147976500659e-23, nan 
72.875, 68.375, 2.400235116895007e-22, nan 
73.125, 68.375, 1.6347778783613007e-22, nan 
73.375, 68.375, 1.6600734591693289e-22, nan 
73.625, 68.375, 2.0558360474032375e-22, nan 
73.875, 68.375, 1.7605509883104565e-22, nan 
74.125, 68.375, 2.180912562220908e-22, nan 
74.375, 68.375, 1.9923415675112073e-22, nan 
74.625, 68.375, 3.1620344722917593e-22, nan 
74.875, 68.375, 8.88672441667811e-23, nan 
75.125, 68.375, 5.937573182105474e-23, nan 
75.375, 68.375, 1.870359451935005e-22, nan 
75.625, 68.375, 7.499302567883294e-23, nan 
75.875, 68.375, 1.6235255718334954e-22, nan 
76.125, 68.375, 1.7751817490451735e-22, nan 
76.375, 68.375, 1.671421816597443e-22, nan 
76.625, 68.375, 1.98421722563261e-22, nan 
76.875, 68.375, 2.1477416149538518e-22, nan 
77.125, 68.375, 1.8334861208902534e-22, nan 
77.375, 68.375, 1.807210929504642e-22, nan 
77.625, 68.375, 2.024378797444828e-22, nan 
77.875, 68.375, 1.6696027712091477e-22, nan 
78.125, 68.375, 2.8892349746491594e-22, nan 
78.375, 68.375, 3.7843517645118692e-22, nan 
78.625, 68.375, 3.541918203402e-22, nan 
78.875, 68.375, 4.981308220615601e-22, nan 
79.125, 68.375, 1.0091136025184985e-21, nan 
79.375, 68.375, 1.2395021345272102e-21, nan 
79.625, 68.375, 1.1021534233688652e-21, nan 
79.875, 68.375, 1.3029117005203006e-21, nan 
80.125, 68.375, 1.3848473926273186e-21, nan 
80.375, 68.375, 1.241501612123139e-21, nan 
80.625, 68.375, 1.2227788890070482e-21, nan 
80.875, 68.375, 1.1102197233824175e-21, nan 
81.125, 68.375, 9.273756582616292e-22, nan 
81.375, 68.375, 8.329837048995875e-22, nan 
81.625, 68.375, 1.0394318336096154e-21, nan 
81.875, 68.375, 8.240248123823031e-22, nan 
82.125, 68.375, 6.704937071823211e-22, nan 
82.375, 68.375, 3.6978895872485327e-22, nan 
82.625, 68.375, 3.643002282890969e-22, nan 
82.875, 68.375, 5.647697214787208e-22, nan 
83.125, 68.375, 6.6450888558576725e-22, nan 
83.375, 68.375, 1.2221791534842762e-21, nan 
83.625, 68.375, 1.6952114357564653e-21, nan 
83.875, 68.375, 1.1366833250244293e-21, nan 
84.125, 68.375, 1.3747986377353409e-21, nan 
84.375, 68.375, 2.331365634860918e-21, nan 
84.625, 68.375, 1.773707508142102e-21, nan 
84.875, 68.375, 6.596761704581247e-22, nan 
85.125, 68.375, 1.1636944983620417e-21, nan 
85.375, 68.375, 5.883728421008585e-22, nan 
85.625, 68.375, 1.0484309153701457e-21, nan 
85.875, 68.375, 1.9921931381057156e-21, nan 
86.125, 68.375, 3.197195569353127e-21, nan 
86.375, 68.375, 4.1499799844325524e-21, nan 
86.625, 68.375, 2.7426502766803556e-21, nan 
86.875, 68.375, 4.288511280851521e-21, nan 
87.125, 68.375, 4.315741299899477e-21, nan 
87.375, 68.375, 3.522262266824202e-21, nan 
87.625, 68.375, 4.631484429585841e-21, nan 
87.875, 68.375, 9.594328645031988e-22, nan 
88.125, 68.375, 2.474722077565894e-21, nan 
88.375, 68.375, 2.34621460440853e-21, nan 
88.625, 68.375, 2.103811667582104e-21, nan 
88.875, 68.375, 2.0889374351222195e-21, nan 
89.125, 68.375, 2.515522913514579e-21, nan 
89.375, 68.375, 2.0924838502202233e-21, nan 
89.625, 68.375, 3.1232503072155618e-21, nan 
89.875, 68.375, 3.6939277714385255e-21, nan 
90.125, 68.375, 3.746953829073248e-21, nan 
90.375, 68.375, 4.356245480677694e-21, nan 
90.625, 68.375, 3.879567701126321e-21, nan 
90.875, 68.375, 5.8001258500199525e-21, nan 
91.125, 68.375, 3.1199051901071527e-21, nan 
91.375, 68.375, 8.1825426838045e-21, nan 
91.625, 68.375, 9.050385289758286e-21, nan 
91.875, 68.375, 8.491965159856936e-21, nan 
92.125, 68.375, 6.945429505219113e-21, nan 
92.375, 68.375, 3.558671700489547e-20, nan 
92.625, 68.375, 1.600654775825435e-20, nan 
92.875, 68.375, 1.5500883058240556e-20, nan 
93.125, 68.375, 2.2777784636355926e-20, nan 
93.375, 68.375, 3.257477513656773e-20, nan 
93.625, 68.375, 3.003037095326057e-20, nan 
93.875, 68.375, 4.0427709955641457e-20, nan 
94.125, 68.375, 2.4610400947318656e-20, nan 
94.375, 68.375, 2.2197275225896853e-20, nan 
94.625, 68.375, 2.962533301436465e-20, nan 
94.875, 68.375, 2.6546863266825572e-20, nan 
95.125, 68.375, 2.2529392025309388e-20, nan 
95.375, 68.375, 1.6646432881575262e-20, nan 
95.625, 68.375, 1.779483882624757e-20, nan 
95.875, 68.375, 1.516955650251489e-20, nan 
96.125, 68.375, 1.6811812301611187e-20, nan 
96.375, 68.375, 4.6604057341502116e-20, nan 
96.625, 68.375, 4.394083136825177e-20, nan 
96.875, 68.375, 2.8302393995944584e-20, nan 
97.125, 68.375, 4.246932348852436e-20, nan 
97.375, 68.375, 3.4834786419005356e-20, nan 
97.625, 68.375, 2.0639658890493862e-20, nan 
97.875, 68.375, 4.3168265228173464e-20, nan 
98.125, 68.375, 5.489504154823982e-20, nan 
98.375, 68.375, 2.6959473767592225e-20, nan 
98.625, 68.375, 4.767280724766518e-20, nan 
98.875, 68.375, 7.532078189701461e-20, nan 
99.125, 68.375, 7.314801055322884e-20, nan 
99.375, 68.375, 3.648889738261264e-20, nan 
99.625, 68.375, 7.831669953582935e-20, nan 
99.875, 68.375, 8.539325128936168e-20, nan 
100.125, 68.375, 3.321118368437679e-20, nan 
100.375, 68.375, 3.4087933510247003e-20, nan 
100.625, 68.375, 4.5482482452499094e-20, nan 
100.875, 68.375, 2.297635227854358e-20, nan 
101.125, 68.375, 4.066205390716666e-20, nan 
101.375, 68.375, 3.3250241591137765e-20, nan 
101.625, 68.375, 3.6644666331893147e-20, nan 
101.875, 68.375, 1.2284258098806441e-19, nan 
102.125, 68.375, 1.5037338881651988e-19, nan 
102.375, 68.375, 1.5245648119654546e-19, nan 
102.625, 68.375, 1.3515081401449105e-19, nan 
102.875, 68.375, 1.5682527996537113e-19, nan 
103.125, 68.375, 1.8327979186579824e-19, nan 
103.375, 68.375, 2.5573143432240253e-19, nan 
103.625, 68.375, 2.741205876350409e-19, nan 
103.875, 68.375, 2.6133092411644e-19, nan 
104.125, 68.375, 2.749995341028195e-19, nan 
104.375, 68.375, 2.914336486154999e-19, nan 
104.625, 68.375, 1.3641503706741065e-19, nan 
104.875, 68.375, 1.376813156027885e-19, nan 
105.125, 68.375, 1.8326672096595943e-19, nan 
105.375, 68.375, 1.69776405869412e-19, nan 
105.625, 68.375, 1.397358237452053e-19, nan 
105.875, 68.375, 1.3968533454776168e-19, nan 
106.125, 68.375, 1.147982117128974e-19, nan 
106.375, 68.375, 9.874583035337077e-20, nan 
106.625, 68.375, 1.6473311641628793e-19, nan 
106.875, 68.375, 1.3873584346144992e-19, nan 
107.125, 68.375, 9.774773347812525e-20, nan 
107.375, 68.375, 9.930208212329043e-20, nan 
107.625, 68.375, 1.1595189584891112e-19, nan 
107.875, 68.375, 6.479183227868392e-20, nan 
108.125, 68.375, 8.426178413725999e-20, nan 
108.375, 68.375, 1.1476475782853227e-19, nan 
108.625, 68.375, 1.0149369220212086e-19, nan 
108.875, 68.375, 9.888192336781915e-20, nan 
109.125, 68.375, 7.736818209307679e-20, nan 
109.375, 68.375, 8.395486231498967e-20, nan 
109.625, 68.375, 8.555023850210944e-20, nan 
109.875, 68.375, 7.315801652333958e-20, nan 
110.125, 68.375, 5.752994318837391e-20, nan 
110.375, 68.375, 8.559741586798894e-20, nan 
110.625, 68.375, 8.07038415375714e-20, nan 
110.875, 68.375, 8.577361697760015e-20, nan 
111.125, 68.375, 8.804480122226148e-20, nan 
111.375, 68.375, 1.11074808831138e-19, nan 
111.625, 68.375, 1.5070885568750278e-19, nan 
111.875, 68.375, 1.3687077589174765e-19, nan 
112.125, 68.375, 1.366894199940987e-19, nan 
112.375, 68.375, 2.6047500566990247e-19, nan 
112.625, 68.375, 2.3876171125193934e-19, nan 
112.875, 68.375, 2.291225013156685e-19, nan 
113.125, 68.375, 3.3468278261370493e-19, nan 
113.375, 68.375, 3.576224043685688e-19, nan 
113.625, 68.375, 3.4890198287396645e-19, nan 
113.875, 68.375, 1.9135967248384721e-19, nan 
114.125, 68.375, 1.5734983004479844e-19, nan 
114.375, 68.375, 1.6590984816526595e-19, nan 
114.625, 68.375, 1.40698863525234e-19, nan 
114.875, 68.375, 1.0048973735903211e-19, nan 
115.125, 68.375, 8.786293620109382e-20, nan 
115.375, 68.375, 9.651007968037555e-20, nan 
115.625, 68.375, 3.260677871672425e-20, nan 
115.875, 68.375, 1.6215976185972047e-20, nan 
116.125, 68.375, 2.4347721008245755e-20, nan 
116.375, 68.375, 4.0136084230229285e-20, nan 
116.625, 68.375, 4.8255865189375724e-20, nan 
116.875, 68.375, 6.087417335068208e-20, nan 
117.125, 68.375, 5.1746126942367454e-20, nan 
117.375, 68.375, 3.48090128113619e-20, nan 
117.625, 68.375, 4.249708557128442e-20, nan 
117.875, 68.375, 4.295981647796875e-20, nan 
118.125, 68.375, 3.678105687839328e-20, nan 
118.375, 68.375, 2.0473337467607164e-20, nan 
118.625, 68.375, 1.9940863497477514e-20, nan 
118.875, 68.375, 2.0023800598031375e-20, nan 
119.125, 68.375, 1.9952486516472215e-20, nan 
119.375, 68.375, 3.4113933672571366e-20, nan 
119.625, 68.375, 3.6378172798163116e-20, nan 
119.875, 68.375, 2.6932263759545984e-20, nan 
120.125, 68.375, 3.5128545751544204e-20, nan 
120.375, 68.375, 2.1151215065434742e-20, nan 
120.625, 68.375, 1.515803426080116e-20, nan 
120.875, 68.375, 1.830584907166066e-20, nan 
121.125, 68.375, 1.7092540546156067e-20, nan 
121.375, 68.375, 1.4940552266522087e-20, nan 
121.625, 68.375, 1.3069176002457524e-20, nan 
121.875, 68.375, 9.439809642835217e-21, nan 
122.125, 68.375, 7.479215517423862e-21, nan 
122.375, 68.375, 8.153569453597385e-21, nan 
122.625, 68.375, 1.0388209844433329e-20, nan 
122.875, 68.375, 8.478328716485702e-21, nan 
123.125, 68.375, 5.3387959280978914e-21, nan 
123.375, 68.375, 9.770877616209966e-21, nan 
123.625, 68.375, 7.345704123751157e-21, nan 
123.875, 68.375, 4.7867854233155616e-21, nan 
124.125, 68.375, 6.617476486437878e-21, nan 
124.375, 68.375, 4.6482834054885795e-21, nan 
124.625, 68.375, 4.4434634360111555e-21, nan 
124.875, 68.375, 2.151289084077174e-21, nan 
125.125, 68.375, 3.148798889793235e-21, nan 
125.375, 68.375, 3.9753806897153205e-21, nan 
125.625, 68.375, 6.173774359957947e-21, nan 
125.875, 68.375, 5.410256807935912e-21, nan 
126.125, 68.375, 8.089505399662988e-21, nan 
126.375, 68.375, 5.556031186374801e-21, nan 
126.625, 68.375, 5.648288069190856e-21, nan 
126.875, 68.375, 1.4446946125957838e-20, nan 
127.125, 68.375, 8.870587770079527e-21, nan 
127.375, 68.375, 4.950400906293074e-21, nan 
127.625, 68.375, 6.05114117067681e-21, nan 
127.875, 68.375, 5.129233133577996e-21, nan 
128.125, 68.375, 3.7779009870969935e-21, nan 
128.375, 68.375, 3.2034512603873892e-21, nan 
128.625, 68.375, 2.5583801646682598e-21, nan 
128.875, 68.375, 2.436555051992874e-21, nan 
129.125, 68.375, 2.1822233933647073e-21, nan 
129.375, 68.375, 2.030981367980536e-21, nan 
129.625, 68.375, 1.3278544943023784e-21, nan 
129.875, 68.375, 2.3948274400527495e-21, nan 
130.125, 68.375, 1.4331896848221429e-21, nan 
130.375, 68.375, 1.5920354764448503e-21, nan 
130.625, 68.375, 1.8929108138304477e-21, nan 
130.875, 68.375, 5.897814060948777e-22, nan 
131.125, 68.375, 9.892588801408729e-22, nan 
131.375, 68.375, 6.865443172488612e-22, nan 
131.625, 68.375, 1.1657631326130735e-21, nan 
131.875, 68.375, 7.886254042360706e-22, nan 
132.125, 68.375, 5.427872196150335e-22, nan 
132.375, 68.375, 9.132302085727111e-22, nan 
132.625, 68.375, 8.224618638442017e-22, nan 
132.875, 68.375, 2.332132012361237e-22, nan 
133.125, 68.375, 9.425200701624354e-22, nan 
133.375, 68.375, 1.0023123648930159e-21, nan 
133.625, 68.375, 7.570956501578714e-22, nan 
133.875, 68.375, 5.806571262712702e-22, nan 
134.125, 68.375, 1.0237354724383269e-21, nan 
134.375, 68.375, 1.055284038774531e-21, nan 
134.625, 68.375, 1.2951710498682724e-21, nan 
134.875, 68.375, 1.291954950567325e-21, nan 
135.125, 68.375, 9.06610264311232e-22, nan 
135.375, 68.375, 1.1780024901321475e-21, nan 
135.625, 68.375, 2.0163197623861557e-21, nan 
135.875, 68.375, 2.4641136111043972e-21, nan 
136.125, 68.375, 2.2607803043677963e-21, nan 
136.375, 68.375, 2.325262399064842e-21, nan 
136.625, 68.375, 2.9102190128184168e-21, nan 
136.875, 68.375, 2.7366758171165852e-21, nan 
137.125, 68.375, 2.1253300499074496e-21, nan 
137.375, 68.375, 1.247271381644517e-21, nan 
137.625, 68.375, 9.030801312990078e-22, nan 
137.875, 68.375, 3.938955099615633e-22, nan 
138.125, 68.375, 5.97450142769952e-22, nan 
138.375, 68.375, 1.2501318900347838e-21, nan 
138.625, 68.375, 1.82837169802389e-21, nan 
138.875, 68.375, 1.5664742104329312e-21, nan 
139.125, 68.375, 1.1817986789537889e-21, nan 
139.375, 68.375, 1.1899031743270227e-21, nan 
139.625, 68.375, 9.878486568992686e-22, nan 
139.875, 68.375, 3.5426838877642685e-22, nan 
140.125, 68.375, 2.0995438596979146e-22, nan 
140.375, 68.375, 2.695429871609573e-22, nan 
140.625, 68.375, 3.5514779513283882e-22, nan 
140.875, 68.375, 4.164583347956727e-22, nan 
141.125, 68.375, 4.188801964721656e-22, nan 
141.375, 68.375, 2.7530718362705124e-22, nan 
141.625, 68.375, 2.3767489042933076e-22, nan 
141.875, 68.375, 2.723697815132212e-22, nan 
142.125, 68.375, 1.26414065758965e-22, nan 
142.375, 68.375, 1.015048917671333e-22, nan 
142.625, 68.375, 1.6517997401036256e-22, nan 
142.875, 68.375, 1.2316011258170171e-22, nan 
143.125, 68.375, 5.862627741994563e-23, nan 
143.375, 68.375, 3.051764715206792e-22, nan 
143.625, 68.375, 4.31947891141977e-22, nan 
143.875, 68.375, 2.9715019529689715e-22, nan 
144.125, 68.375, 1.5142001673451243e-22, nan 
144.375, 68.375, 1.6886741803653197e-22, nan 
144.625, 68.375, 1.6434346749813565e-22, nan 
144.875, 68.375, 1.1611642322195827e-22, nan 
145.125, 68.375, 1.3274196409303465e-22, nan 
145.375, 68.375, 1.4317910507089898e-22, nan 
145.625, 68.375, 1.2715080888583762e-22, nan 
145.875, 68.375, 1.4412481380483415e-22, nan 
146.125, 68.375, 1.0278057632445223e-22, nan 
146.375, 68.375, 8.517381908194529e-23, nan 
146.625, 68.375, 8.641566131884787e-23, nan 
146.875, 68.375, 6.125140550448132e-23, nan 
147.125, 68.375, 5.46914431726372e-23, nan 
147.375, 68.375, 9.693209089403232e-23, nan 
147.625, 68.375, 1.1166943390076975e-22, nan 
147.875, 68.375, 1.4743636178167138e-22, nan 
148.125, 68.375, 6.91127618313398e-23, nan 
148.375, 68.375, 6.267158194872766e-23, nan 
148.625, 68.375, 1.2954512457047681e-22, nan 
148.875, 68.375, 9.339165052907313e-23, nan 
149.125, 68.375, 6.820209452617785e-23, nan 
149.375, 68.375, 1.9208857357197587e-22, nan 
149.625, 68.375, 1.2912286363664e-22, nan 
149.875, 68.375, 7.103017258218493e-23, nan 
150.125, 68.375, 1.5169073178139772e-22, nan 
150.375, 68.375, 1.129366614162797e-22, nan 
150.625, 68.375, 9.139727123139717e-23, nan 
150.875, 68.375, 1.0546150447742996e-22, nan 
151.125, 68.375, 1.460578792567014e-22, nan 
151.375, 68.375, 1.2949172756857283e-22, nan 
151.625, 68.375, 1.2036428202923806e-22, nan 
151.875, 68.375, 1.1657453497776567e-22, nan 
152.125, 68.375, 9.168964154515918e-23, nan 
152.375, 68.375, 7.615289717210851e-23, nan 
152.625, 68.375, 8.21765631211005e-23, nan 
152.875, 68.375, 7.278982836184835e-23, nan 
153.125, 68.375, 7.067578146806035e-23, nan 
153.375, 68.375, 6.151325701520033e-23, nan 
153.625, 68.375, 4.8532225012514246e-23, nan 
153.875, 68.375, 4.2617299600820854e-23, nan 
154.125, 68.375, 3.427718932147263e-23, nan 
154.375, 68.375, 3.8136750010715213e-23, nan 
154.625, 68.375, 5.749356158335825e-23, nan 
154.875, 68.375, 5.352910204670188e-23, nan 
155.125, 68.375, 3.765801243190097e-23, nan 
155.375, 68.375, 5.2907181225810084e-23, nan 
155.625, 68.375, 4.95397562627448e-23, nan 
155.875, 68.375, 3.7837444302200826e-23, nan 
156.125, 68.375, 3.783807381353884e-23, nan 
156.375, 68.375, 3.0773347457771605e-23, nan 
156.625, 68.375, 3.428190894550821e-23, nan 
156.875, 68.375, 2.8967644736714696e-23, nan 
157.125, 68.375, 3.332328214945927e-23, nan 
157.375, 68.375, 3.6400549016067016e-23, nan 
157.625, 68.375, 4.259289347107053e-23, nan 
157.875, 68.375, 3.7779469797448e-23, nan 
158.125, 68.375, 3.307508338086692e-23, nan 
158.375, 68.375, 2.8727976402760205e-23, nan 
158.625, 68.375, 2.7659094079881566e-23, nan 
158.875, 68.375, 2.6455258521434898e-23, nan 
159.125, 68.375, 3.2101944315902226e-23, nan 
159.375, 68.375, 3.271568241735084e-23, nan 
159.625, 68.375, 4.372139785888633e-23, nan 
159.875, 68.375, 4.7913734171098814e-23, nan 
160.125, 68.375, 3.8371711596773366e-23, nan 
160.375, 68.375, 3.9268414674381976e-23, nan 
160.625, 68.375, 6.046955896728191e-23, nan 
160.875, 68.375, 6.600853704244676e-23, nan 
161.125, 68.375, 4.231811600703463e-23, nan 
161.375, 68.375, 4.879048189724753e-23, nan 
161.625, 68.375, 5.374767715380484e-23, nan 
161.875, 68.375, 4.071512357836015e-23, nan 
162.125, 68.375, 3.196262589950089e-23, nan 
162.375, 68.375, 1.863488059228574e-23, nan 
162.625, 68.375, 1.3401732230051073e-23, nan 
162.875, 68.375, 1.720560150013974e-23, nan 
163.125, 68.375, 2.751638986958817e-23, nan 
163.375, 68.375, 1.9094369394404598e-23, nan 
163.625, 68.375, 1.0097398076651853e-23, nan 
163.875, 68.375, 1.515267282980124e-23, nan 
164.125, 68.375, 1.4422387057351653e-23, nan 
164.375, 68.375, 1.3253312887695093e-23, nan 
164.625, 68.375, 1.1945873293432225e-23, nan 
164.875, 68.375, 1.35829800012606e-23, nan 
165.125, 68.375, 1.2319098763542833e-23, nan 
165.375, 68.375, 1.9025124983980056e-23, nan 
165.625, 68.375, 2.1080064583495478e-23, nan 
165.875, 68.375, 1.63757912994028e-23, nan 
166.125, 68.375, 2.4228602723482415e-23, nan 
166.375, 68.375, 3.653782909504916e-23, nan 
166.625, 68.375, 3.4392847661735594e-23, nan 
166.875, 68.375, 3.022000364505234e-23, nan 
167.125, 68.375, 2.027819933169492e-23, nan 
167.375, 68.375, 2.5764538995527523e-23, nan 
167.625, 68.375, 2.185903224634938e-23, nan 
167.875, 68.375, 1.3784163112804394e-23, nan 
168.125, 68.375, 1.6479924689641674e-23, nan 
168.375, 68.375, 2.0260473480339083e-23, nan 
168.625, 68.375, 1.1784759867730473e-23, nan 
168.875, 68.375, 1.4413509957363677e-23, nan 
169.125, 68.375, 1.3196167068214232e-23, nan 
169.375, 68.375, 1.4413213495151413e-23, nan 
169.625, 68.375, 1.6063524396314834e-23, nan 
169.875, 68.375, 1.315565938566198e-23, nan 
170.125, 68.375, 1.5020666502161016e-23, nan 
170.375, 68.375, 1.4718814219454093e-23, nan 
170.625, 68.375, 1.2220863878427746e-23, nan 
170.875, 68.375, 1.2430142173876467e-23, nan 
171.125, 68.375, 5.52080546249285e-24, nan 
171.375, 68.375, 5.8605594946518455e-24, nan 
171.625, 68.375, 1.6587722269927498e-23, nan 
171.875, 68.375, 9.157071336403733e-24, nan 
172.125, 68.375, 1.394545947855947e-23, nan 
172.375, 68.375, 2.4701159367235046e-23, nan 
172.625, 68.375, 1.938400023324572e-23, nan 
172.875, 68.375, 1.875985594534624e-23, nan 
173.125, 68.375, 1.2527349416311724e-23, nan 
173.375, 68.375, 1.1512409852459018e-23, nan 
173.625, 68.375, 8.356335203386126e-24, nan 
173.875, 68.375, 1.0343114487225039e-23, nan 
174.125, 68.375, 7.721990451906542e-24, nan 
174.375, 68.375, 6.622587725811868e-24, nan 
174.625, 68.375, 1.3210254177369452e-23, nan 
174.875, 68.375, 8.483529157818284e-24, nan 
175.125, 68.375, 6.419162385841694e-24, nan 
175.375, 68.375, 6.155107768019779e-24, nan 
175.625, 68.375, 6.341498617979688e-24, nan 
175.875, 68.375, 7.639981476146046e-24, nan 
176.125, 68.375, 7.282047995111023e-24, nan 
176.375, 68.375, 6.090657216495014e-24, nan 
176.625, 68.375, 6.190885930606997e-24, nan 
176.875, 68.375, 6.116546974786879e-24, nan 
177.125, 68.375, 6.328578271964544e-24, nan 
177.375, 68.375, 7.166125972874477e-24, nan 
177.625, 68.375, 9.298852239830247e-24, nan 
177.875, 68.375, 1.3943876191246328e-23, nan 
178.125, 68.375, 1.0207208968659984e-23, nan 
178.375, 68.375, 9.962636521867235e-24, nan 
178.625, 68.375, 1.275855017390224e-23, nan 
178.875, 68.375, 1.2009590364228913e-23, nan 
179.125, 68.375, 9.260381229179827e-24, nan 
179.375, 68.375, 5.082235935948533e-24, nan 
179.625, 68.375, 4.086244704845136e-24, nan 
179.875, 68.375, 4.7813032046330884e-24, nan 
-179.875, 68.625, 7.170637598676035e-24, nan 
-179.625, 68.625, 1.1887886945888041e-23, nan 
-179.375, 68.625, 8.408439554735145e-24, nan 
-179.125, 68.625, 6.171639283496407e-24, nan 
-178.875, 68.625, 1.357976678867715e-23, nan 
-178.625, 68.625, 1.0001634708923615e-23, nan 
-178.375, 68.625, 7.788406056974603e-24, nan 
-178.125, 68.625, 1.0911827764490861e-23, nan 
-177.875, 68.625, 1.1327712298921369e-23, nan 
-177.625, 68.625, 1.016203981949874e-23, nan 
-177.375, 68.625, 9.422479830200914e-24, nan 
-177.125, 68.625, 8.771333307224147e-24, nan 
-176.875, 68.625, 5.225836036005141e-24, nan 
-176.625, 68.625, 5.722817158574683e-24, nan 
-176.375, 68.625, 4.829720997582468e-24, nan 
-176.125, 68.625, 3.996652267091124e-24, nan 
-175.875, 68.625, 1.4273656852890214e-24, nan 
-175.625, 68.625, 8.99065957128115e-25, nan 
-175.375, 68.625, 1.5921746090408916e-24, nan 
-175.125, 68.625, 1.8101600432365965e-24, nan 
-174.875, 68.625, 3.7136802103179446e-24, nan 
-174.625, 68.625, 5.985663091671943e-24, nan 
-174.375, 68.625, 5.147342494558976e-24, nan 
-174.125, 68.625, 5.370072049268641e-24, nan 
-173.875, 68.625, 7.226943780825385e-24, nan 
-173.625, 68.625, 4.9797719804804694e-24, nan 
-173.375, 68.625, 1.766944326370172e-24, nan 
-173.125, 68.625, 2.478162006644534e-24, nan 
-172.875, 68.625, 3.829709950638999e-24, nan 
-172.625, 68.625, 3.502247918272274e-24, nan 
-172.375, 68.625, 2.2882901451191816e-24, nan 
20.625, 68.625, 1.660520830928103e-24, nan 
20.875, 68.625, 9.978307031356066e-25, nan 
21.125, 68.625, 8.807064180640871e-25, nan 
21.375, 68.625, 1.3257033478888302e-24, nan 
21.625, 68.625, 1.7748905620128087e-24, nan 
21.875, 68.625, 3.123638920461258e-24, nan 
22.125, 68.625, 2.8636936795149487e-24, nan 
22.375, 68.625, 1.946022743927937e-24, nan 
22.625, 68.625, 1.4708647252744197e-24, nan 
22.875, 68.625, 1.573119200713583e-24, nan 
23.125, 68.625, 1.6049990224754143e-24, nan 
23.375, 68.625, 1.1194796908950842e-24, nan 
23.625, 68.625, 4.408441562413999e-25, nan 
23.875, 68.625, 1.7282537234092728e-24, nan 
24.125, 68.625, 2.161093515609871e-24, nan 
24.375, 68.625, 2.9123174136280078e-24, nan 
24.625, 68.625, 3.039948830221319e-24, nan 
24.875, 68.625, 1.4791635359047101e-24, nan 
25.125, 68.625, 2.3909026266957375e-24, nan 
25.375, 68.625, 2.1657240528090583e-24, nan 
25.625, 68.625, 1.3007909871688133e-24, nan 
25.875, 68.625, 2.5184868230211116e-24, nan 
26.125, 68.625, 2.685815197227623e-24, nan 
26.375, 68.625, 6.69086459556264e-24, nan 
26.625, 68.625, 3.486201922718036e-24, nan 
26.875, 68.625, 2.2630373248820022e-24, nan 
27.125, 68.625, 3.824607714218202e-24, nan 
27.375, 68.625, 1.575707274302309e-24, nan 
27.625, 68.625, 3.530521976485177e-24, nan 
27.875, 68.625, 4.186995146477704e-24, nan 
28.125, 68.625, 1.880792224367668e-24, nan 
28.375, 68.625, 2.462871847894764e-24, nan 
28.625, 68.625, 3.525566360095547e-24, nan 
28.875, 68.625, 3.0434680980844726e-24, nan 
29.125, 68.625, 2.6577804957933898e-24, nan 
29.375, 68.625, 2.733419042220068e-24, nan 
29.625, 68.625, 3.2492691442169878e-24, nan 
29.875, 68.625, 4.2959292589985335e-24, nan 
30.125, 68.625, 4.733928993268485e-24, nan 
30.375, 68.625, 2.4121311793561806e-24, nan 
30.625, 68.625, 1.2912203679923663e-24, nan 
30.875, 68.625, 8.552653961664179e-25, nan 
31.125, 68.625, 1.4955614928926422e-24, nan 
31.375, 68.625, 6.072240341360524e-25, nan 
31.625, 68.625, 9.809824898230759e-25, nan 
31.875, 68.625, 1.5206651875177142e-24, nan 
32.125, 68.625, 1.585732922801401e-24, nan 
32.375, 68.625, 1.780644287668133e-24, nan 
32.625, 68.625, 1.3792316921428186e-24, nan 
32.875, 68.625, 1.420925587002363e-24, nan 
33.125, 68.625, 1.7620769698958656e-24, nan 
33.375, 68.625, 1.5355207410791605e-24, nan 
33.625, 68.625, 1.992511442007379e-24, nan 
33.875, 68.625, 3.29135151902584e-24, nan 
34.125, 68.625, 2.6466293761101037e-24, nan 
34.375, 68.625, 3.153094875557292e-24, nan 
34.625, 68.625, 4.124390016743351e-24, nan 
34.875, 68.625, 2.6820415851501125e-24, nan 
35.125, 68.625, 3.025719848656863e-24, nan 
35.375, 68.625, 2.62020104048909e-24, nan 
35.625, 68.625, 3.124500356263258e-24, nan 
35.875, 68.625, 3.0654230119176126e-24, nan 
36.125, 68.625, 3.1453454084550294e-24, nan 
36.375, 68.625, 2.7523723108370732e-24, nan 
36.625, 68.625, 2.3559833469089537e-24, nan 
36.875, 68.625, 3.600760845344373e-24, nan 
37.125, 68.625, 2.7792320002145346e-24, nan 
37.375, 68.625, 3.378332667649612e-24, nan 
37.625, 68.625, 3.966732480746783e-24, nan 
37.875, 68.625, 2.6949605784940385e-24, nan 
38.125, 68.625, 5.895771430155312e-24, nan 
38.375, 68.625, 2.7211077471508774e-24, nan 
38.625, 68.625, 2.626009472831634e-24, nan 
38.875, 68.625, 3.355698495566912e-24, nan 
39.125, 68.625, 2.71428198545134e-24, nan 
39.375, 68.625, 5.8747720253166255e-24, nan 
39.625, 68.625, 5.8020353543862804e-24, nan 
39.875, 68.625, 5.7681024120875246e-24, nan 
40.125, 68.625, 7.409043357920851e-24, nan 
40.375, 68.625, 4.984872403411905e-24, nan 
40.625, 68.625, 4.649166160481848e-24, nan 
40.875, 68.625, 1.5548757245885062e-24, nan 
41.125, 68.625, 2.4883511340831142e-24, nan 
41.375, 68.625, 1.3543969057272741e-24, nan 
41.625, 68.625, 9.62766319438328e-25, nan 
41.875, 68.625, 6.014909711751684e-25, nan 
42.125, 68.625, 4.3720431000777824e-24, nan 
42.375, 68.625, 4.4267197895416816e-24, nan 
42.625, 68.625, 2.272048680804315e-24, nan 
42.875, 68.625, 4.595494878090678e-24, nan 
43.125, 68.625, 3.554040108669896e-24, nan 
43.375, 68.625, 3.063922945901329e-24, nan 
43.625, 68.625, 4.973857420541652e-24, nan 
43.875, 68.625, 4.353472315662577e-24, nan 
44.125, 68.625, 3.863802288721841e-24, nan 
44.375, 68.625, 3.355037701214763e-24, nan 
44.625, 68.625, 4.37702211265101e-24, nan 
44.875, 68.625, 4.079060985917267e-24, nan 
45.125, 68.625, 4.764332114022502e-24, nan 
45.375, 68.625, 3.0965761950958304e-24, nan 
45.625, 68.625, 5.618783024713499e-24, nan 
45.875, 68.625, 4.030928433281822e-24, nan 
46.125, 68.625, 1.3123259528976009e-24, nan 
46.375, 68.625, 1.2687250913434176e-23, nan 
46.625, 68.625, 1.3701852055324716e-23, nan 
46.875, 68.625, 9.79491112576619e-24, nan 
47.125, 68.625, 8.786924013960116e-24, nan 
47.375, 68.625, 8.214636336734117e-24, nan 
47.625, 68.625, 6.3954300969261354e-24, nan 
47.875, 68.625, 3.521146284889957e-24, nan 
48.125, 68.625, 3.5920375163955866e-24, nan 
48.375, 68.625, 3.773476459840537e-24, nan 
48.625, 68.625, 4.548089406396557e-24, nan 
48.875, 68.625, 4.409545191903072e-24, nan 
49.125, 68.625, 6.104539192669858e-24, nan 
49.375, 68.625, 5.366833416625624e-24, nan 
49.625, 68.625, 5.675729534874076e-24, nan 
49.875, 68.625, 7.047150882440995e-24, nan 
50.125, 68.625, 4.7594728385410174e-24, nan 
50.375, 68.625, 3.6593628183785684e-24, nan 
50.625, 68.625, 2.7770331355845505e-24, nan 
50.875, 68.625, 6.0077998280806125e-24, nan 
51.125, 68.625, 7.948251214865233e-24, nan 
51.375, 68.625, 9.357866959478261e-24, nan 
51.625, 68.625, 1.2064911732625793e-23, nan 
51.875, 68.625, 1.077954854068977e-23, nan 
52.125, 68.625, 1.1941474050201315e-23, nan 
52.375, 68.625, 1.2621548995786677e-23, nan 
52.625, 68.625, 1.2894132345676739e-23, nan 
52.875, 68.625, 1.2466138467213961e-23, nan 
53.125, 68.625, 8.465832581633214e-24, nan 
53.375, 68.625, 1.7147311546335252e-23, nan 
53.625, 68.625, 1.7739207506943282e-23, nan 
53.875, 68.625, 1.738141949036369e-23, nan 
54.125, 68.625, 2.3729335344566187e-23, nan 
54.375, 68.625, 2.4151811193362697e-23, nan 
54.625, 68.625, 2.070436385736175e-23, nan 
54.875, 68.625, 2.5767488982267075e-23, nan 
55.125, 68.625, 1.7659861852256866e-23, nan 
55.375, 68.625, 1.6342035807764366e-23, nan 
55.625, 68.625, 2.3340824328500796e-23, nan 
55.875, 68.625, 1.8028115064160963e-23, nan 
56.125, 68.625, 2.5572873173417654e-23, nan 
56.375, 68.625, 2.710533771364988e-23, nan 
56.625, 68.625, 2.032529143493246e-23, nan 
56.875, 68.625, 3.2873641180801774e-23, nan 
57.125, 68.625, 1.5013069772132255e-23, nan 
57.375, 68.625, 1.4938564618801438e-23, nan 
57.625, 68.625, 1.8251535411081878e-23, nan 
57.875, 68.625, 1.7969097366968575e-23, nan 
58.125, 68.625, 9.654051417302283e-24, nan 
58.375, 68.625, 1.4431533068199138e-23, nan 
58.625, 68.625, 1.8348828785962082e-23, nan 
58.875, 68.625, 1.5467715213928788e-23, nan 
59.125, 68.625, 1.5996522146129102e-23, nan 
59.375, 68.625, 2.014729890102169e-23, nan 
59.625, 68.625, 2.0146695965106504e-23, nan 
59.875, 68.625, 1.3335218611188842e-23, nan 
60.125, 68.625, 1.2642883968830039e-23, nan 
60.375, 68.625, 3.621040683007859e-23, nan 
60.625, 68.625, 3.632454087676778e-23, nan 
60.875, 68.625, 3.731877304259885e-23, nan 
61.125, 68.625, 4.752596350743736e-23, nan 
61.375, 68.625, 3.122582360124599e-23, nan 
61.625, 68.625, 3.583631737420504e-23, nan 
61.875, 68.625, 3.1287362034063625e-23, nan 
62.125, 68.625, 1.555777348685402e-23, nan 
62.375, 68.625, 3.4348620877193295e-23, nan 
62.625, 68.625, 4.087681042573419e-23, nan 
62.875, 68.625, 2.1564723090001332e-23, nan 
63.125, 68.625, 1.960526846290498e-23, nan 
63.375, 68.625, 2.123582893328713e-23, nan 
63.625, 68.625, 1.7300147643065273e-23, nan 
63.875, 68.625, 2.254955510867391e-23, nan 
64.125, 68.625, 2.6046037331636346e-23, nan 
64.375, 68.625, 1.9373098547058167e-23, nan 
64.625, 68.625, 2.6687447488804234e-23, nan 
64.875, 68.625, 3.429165654010708e-23, nan 
65.125, 68.625, 3.8608286869561997e-23, nan 
65.375, 68.625, 4.667022688864652e-23, nan 
65.625, 68.625, 4.0492005753785515e-23, nan 
65.875, 68.625, 4.966223428579155e-23, nan 
66.125, 68.625, 6.905486067348392e-23, nan 
66.375, 68.625, 6.489443535122135e-23, nan 
66.625, 68.625, 5.417196823837941e-23, nan 
66.875, 68.625, 5.881661415509606e-23, nan 
67.125, 68.625, 1.0768640679775061e-22, nan 
67.375, 68.625, 6.833459101170767e-23, nan 
67.625, 68.625, 5.839632211425105e-23, nan 
67.875, 68.625, 7.989859137064625e-23, nan 
68.125, 68.625, 8.082809993591003e-23, nan 
68.375, 68.625, 6.113822332508802e-23, nan 
68.625, 68.625, 6.696131909382737e-23, nan 
68.875, 68.625, 8.969771586218637e-23, nan 
69.125, 68.625, 9.81346529948809e-23, nan 
69.375, 68.625, 7.306009868619161e-23, nan 
69.625, 68.625, 3.717145905295257e-23, nan 
69.875, 68.625, 1.1583026980747562e-22, nan 
70.125, 68.625, 9.911387402232331e-23, nan 
70.375, 68.625, 1.1673839944440393e-22, nan 
70.625, 68.625, 1.051792044846572e-22, nan 
70.875, 68.625, 1.0387349239835548e-22, nan 
71.125, 68.625, 8.585841734065153e-23, nan 
71.375, 68.625, 5.447367529566879e-23, nan 
71.625, 68.625, 8.376562729640463e-23, nan 
71.875, 68.625, 1.028724708224254e-22, nan 
72.125, 68.625, 1.0706704646271622e-22, nan 
72.375, 68.625, 7.925084422848351e-23, nan 
72.625, 68.625, 1.109974270311415e-22, nan 
72.875, 68.625, 1.833581858065379e-22, nan 
73.125, 68.625, 1.407827642927487e-22, nan 
73.375, 68.625, 1.5143346179372926e-22, nan 
73.625, 68.625, 9.536076085178944e-23, nan 
73.875, 68.625, 1.3991084678648623e-22, nan 
74.125, 68.625, 2.0572824561030523e-22, nan 
74.375, 68.625, 1.6924856762756146e-22, nan 
74.625, 68.625, 2.1947429673639116e-22, nan 
74.875, 68.625, 1.1700181415264137e-22, nan 
75.125, 68.625, 1.2634218087224562e-22, nan 
75.375, 68.625, 1.2685535973952645e-22, nan 
75.625, 68.625, 2.1396466072696185e-22, nan 
75.875, 68.625, 2.773364888562339e-22, nan 
76.125, 68.625, 1.7669871104011797e-22, nan 
76.375, 68.625, 3.223837135101405e-22, nan 
76.625, 68.625, 4.319126247161414e-22, nan 
76.875, 68.625, 1.8748442584281847e-22, nan 
77.125, 68.625, 2.5595657243172375e-22, nan 
77.375, 68.625, 3.148164710012373e-22, nan 
77.625, 68.625, 2.129521531588718e-22, nan 
77.875, 68.625, 2.61451865021783e-22, nan 
78.125, 68.625, 3.1459900804889824e-22, nan 
78.375, 68.625, 1.93872309566271e-22, nan 
78.625, 68.625, 2.4475133594904023e-22, nan 
78.875, 68.625, 4.252233474696561e-22, nan 
79.125, 68.625, 3.7688697561004432e-22, nan 
79.375, 68.625, 3.791752210245766e-22, nan 
79.625, 68.625, 4.5157766145951e-22, nan 
79.875, 68.625, 1.1545546322656761e-21, nan 
80.125, 68.625, 1.1660488654673815e-21, nan 
80.375, 68.625, 1.1206763477034102e-21, nan 
80.625, 68.625, 1.4206142386307633e-21, nan 
80.875, 68.625, 1.3079943337129858e-21, nan 
81.125, 68.625, 1.2553414421124484e-21, nan 
81.375, 68.625, 1.315720559468269e-21, nan 
81.625, 68.625, 1.447747335595461e-21, nan 
81.875, 68.625, 1.4194680930960973e-21, nan 
82.125, 68.625, 1.4091817869567426e-21, nan 
82.375, 68.625, 1.1991101829989998e-21, nan 
82.625, 68.625, 8.375589170534108e-22, nan 
82.875, 68.625, 1.167146996096479e-21, nan 
83.125, 68.625, 7.759769860005428e-22, nan 
83.375, 68.625, 5.61809516303833e-22, nan 
83.625, 68.625, 1.4099401213351048e-21, nan 
83.875, 68.625, 1.2724629304558242e-21, nan 
84.125, 68.625, 1.129200453959699e-21, nan 
84.375, 68.625, 2.191962434733711e-21, nan 
84.625, 68.625, 2.398577372206538e-21, nan 
84.875, 68.625, 2.0660866641187555e-21, nan 
85.125, 68.625, 2.6891463229410883e-21, nan 
85.375, 68.625, 2.921549020846642e-21, nan 
85.625, 68.625, 2.2066066144993056e-21, nan 
85.875, 68.625, 3.3546034151213378e-21, nan 
86.125, 68.625, 4.2514658239077195e-21, nan 
86.375, 68.625, 3.447059820702255e-21, nan 
86.625, 68.625, 2.207390888883233e-21, nan 
86.875, 68.625, 2.4798079268527036e-21, nan 
87.125, 68.625, 4.4057124240483615e-21, nan 
87.375, 68.625, 3.573750040276996e-21, nan 
87.625, 68.625, 4.807377317277992e-21, nan 
87.875, 68.625, 4.602928084650239e-21, nan 
88.125, 68.625, 2.9001959980364133e-21, nan 
88.375, 68.625, 2.5218733006416718e-21, nan 
88.625, 68.625, 2.9099773652146644e-21, nan 
88.875, 68.625, 2.5045188323080702e-21, nan 
89.125, 68.625, 3.2783387872554974e-21, nan 
89.375, 68.625, 1.2552969878251928e-21, nan 
89.625, 68.625, 3.1050931301394733e-21, nan 
89.875, 68.625, 3.2021003346856693e-21, nan 
90.125, 68.625, 2.8767026776974163e-21, nan 
90.375, 68.625, 5.059043004161767e-21, nan 
90.625, 68.625, 3.867932687579963e-21, nan 
90.875, 68.625, 4.3312813708559866e-21, nan 
91.125, 68.625, 8.161029082936718e-21, nan 
91.375, 68.625, 1.1301293887291752e-20, nan 
91.625, 68.625, 1.12966827180507e-20, nan 
91.875, 68.625, 1.2726320724345127e-20, nan 
92.125, 68.625, 1.4701313493818428e-20, nan 
92.375, 68.625, 1.5928058925009404e-20, nan 
92.625, 68.625, 9.132583656897469e-21, nan 
92.875, 68.625, 1.3497571279090555e-20, nan 
93.125, 68.625, 1.4429528502942217e-20, nan 
93.375, 68.625, 1.7323502731720672e-20, nan 
93.625, 68.625, 2.2351056584083694e-20, nan 
93.875, 68.625, 1.2589116238429643e-20, nan 
94.125, 68.625, 1.5512077851820784e-20, nan 
94.375, 68.625, 1.6345568834267842e-20, nan 
94.625, 68.625, 2.2479968892632855e-20, nan 
94.875, 68.625, 2.2191497909081282e-20, nan 
95.125, 68.625, 2.151280059928448e-20, nan 
95.375, 68.625, 2.8793573574592175e-20, nan 
95.625, 68.625, 1.622555853153865e-20, nan 
95.875, 68.625, 2.0109150253386817e-20, nan 
96.125, 68.625, 1.2880486219369132e-20, nan 
96.375, 68.625, 1.2414198432314057e-20, nan 
96.625, 68.625, 1.4552142796658032e-20, nan 
96.875, 68.625, 5.15783113402905e-21, nan 
97.125, 68.625, 2.4485728185497468e-20, nan 
97.375, 68.625, 2.906355834405022e-20, nan 
97.625, 68.625, 2.102618594862212e-20, nan 
97.875, 68.625, 4.1517996202643043e-20, nan 
98.125, 68.625, 6.036784143652298e-20, nan 
98.375, 68.625, 8.099017097836054e-20, nan 
98.625, 68.625, 6.706291030983101e-20, nan 
98.875, 68.625, 5.719668119936352e-20, nan 
99.125, 68.625, 1.040181017479314e-19, nan 
99.375, 68.625, 1.329434659207514e-19, nan 
99.625, 68.625, 8.92833255440414e-20, nan 
99.875, 68.625, 8.689538187706269e-20, nan 
100.125, 68.625, 4.739617660545083e-20, nan 
100.375, 68.625, 4.651552985937408e-20, nan 
100.625, 68.625, 9.245591400668124e-20, nan 
100.875, 68.625, 6.726546321385013e-20, nan 
101.125, 68.625, 3.498092026685772e-20, nan 
101.375, 68.625, 1.5004001175614945e-19, nan 
101.625, 68.625, 2.0512571347857247e-19, nan 
101.875, 68.625, 2.171727371593834e-19, nan 
102.125, 68.625, 2.1574571316385554e-19, nan 
102.375, 68.625, 2.6947999728570713e-19, nan 
102.625, 68.625, 1.7342986196616484e-19, nan 
102.875, 68.625, 1.5825302075677544e-19, nan 
103.125, 68.625, 1.8993195886466882e-19, nan 
103.375, 68.625, 1.5799862981973769e-19, nan 
103.625, 68.625, 1.6419451796666936e-19, nan 
103.875, 68.625, 1.401851156312887e-19, nan 
104.125, 68.625, 1.129193879066501e-19, nan 
104.375, 68.625, 1.2065713214352853e-19, nan 
104.625, 68.625, 1.365699272934596e-19, nan 
104.875, 68.625, 1.2399966464394497e-19, nan 
105.125, 68.625, 2.0075334877518003e-19, nan 
105.375, 68.625, 2.5215228615033594e-19, nan 
105.625, 68.625, 1.7628738964199916e-19, nan 
105.875, 68.625, 1.9094339684381916e-19, nan 
106.125, 68.625, 2.5296832846805396e-19, nan 
106.375, 68.625, 2.9826169136593353e-19, nan 
106.625, 68.625, 2.483785316638139e-19, nan 
106.875, 68.625, 3.1172846686388737e-19, nan 
107.125, 68.625, 2.3968342843052796e-19, nan 
107.375, 68.625, 2.5987317654038044e-19, nan 
107.625, 68.625, 3.5652418991130664e-19, nan 
107.875, 68.625, 2.9343568441789475e-19, nan 
108.125, 68.625, 2.2408705789927984e-19, nan 
108.375, 68.625, 1.9878553233485892e-19, nan 
108.625, 68.625, 2.5743822118040283e-19, nan 
108.875, 68.625, 2.9367568141648237e-19, nan 
109.125, 68.625, 2.320932316176576e-19, nan 
109.375, 68.625, 2.5976640745000635e-19, nan 
109.625, 68.625, 1.8662677396029038e-19, nan 
109.875, 68.625, 1.6263196591762118e-19, nan 
110.125, 68.625, 1.542541249101436e-19, nan 
110.375, 68.625, 1.3860077133967094e-19, nan 
110.625, 68.625, 1.7089014349835205e-19, nan 
110.875, 68.625, 1.3570500608613494e-19, nan 
111.125, 68.625, 1.1082349141982512e-19, nan 
111.375, 68.625, 1.4734307867539767e-19, nan 
111.625, 68.625, 1.9013376308156127e-19, nan 
111.875, 68.625, 1.5706209060028627e-19, nan 
112.125, 68.625, 1.4924090741520089e-19, nan 
112.375, 68.625, 2.0617239912294895e-19, nan 
112.625, 68.625, 1.8238334292249077e-19, nan 
112.875, 68.625, 1.3358349686436688e-19, nan 
113.125, 68.625, 2.558635774905501e-19, nan 
113.375, 68.625, 2.329127059493954e-19, nan 
113.625, 68.625, 2.299028063236868e-19, nan 
113.875, 68.625, 2.3596983222021073e-19, nan 
114.125, 68.625, 1.7209227677645344e-19, nan 
114.375, 68.625, 1.2090465832505536e-19, nan 
114.625, 68.625, 1.3241268186311874e-19, nan 
114.875, 68.625, 4.110373279323681e-20, nan 
115.125, 68.625, 4.193339284359674e-20, nan 
115.375, 68.625, 4.180424250027746e-20, nan 
115.625, 68.625, 2.951454006436566e-20, nan 
115.875, 68.625, 2.9196105266495325e-20, nan 
116.125, 68.625, 2.6635871418070278e-20, nan 
116.375, 68.625, 3.2351763864273023e-20, nan 
116.625, 68.625, 3.317549047755886e-20, nan 
116.875, 68.625, 3.1660580366457115e-20, nan 
117.125, 68.625, 3.362182843775612e-20, nan 
117.375, 68.625, 2.728002088191166e-20, nan 
117.625, 68.625, 2.6852575406575995e-20, nan 
117.875, 68.625, 1.843589673667007e-20, nan 
118.125, 68.625, 2.2434745700163214e-20, nan 
118.375, 68.625, 3.484089463829648e-20, nan 
118.625, 68.625, 3.609516926430777e-20, nan 
118.875, 68.625, 3.1153081129403703e-20, nan 
119.125, 68.625, 2.2628732420442695e-20, nan 
119.375, 68.625, 4.2382074809005235e-20, nan 
119.625, 68.625, 4.847553239455909e-20, nan 
119.875, 68.625, 3.62985853939301e-20, nan 
120.125, 68.625, 4.920554497538678e-20, nan 
120.375, 68.625, 3.6599748617178696e-20, nan 
120.625, 68.625, 3.144233042202437e-20, nan 
120.875, 68.625, 2.741499625066021e-20, nan 
121.125, 68.625, 2.5035586337262882e-20, nan 
121.375, 68.625, 1.6929320573922865e-20, nan 
121.625, 68.625, 1.3658654849194163e-20, nan 
121.875, 68.625, 1.3287035242620642e-20, nan 
122.125, 68.625, 8.00071156734477e-21, nan 
122.375, 68.625, 9.009698625957565e-21, nan 
122.625, 68.625, 7.294360042576171e-21, nan 
122.875, 68.625, 1.0336477458370262e-20, nan 
123.125, 68.625, 1.2518701167876008e-20, nan 
123.375, 68.625, 1.0430550936481806e-20, nan 
123.625, 68.625, 8.193159266670946e-21, nan 
123.875, 68.625, 9.063655276723382e-21, nan 
124.125, 68.625, 8.813882105351949e-21, nan 
124.375, 68.625, 6.88384089814313e-21, nan 
124.625, 68.625, 5.31539149616677e-21, nan 
124.875, 68.625, 9.962895917779919e-21, nan 
125.125, 68.625, 1.1734047325875784e-20, nan 
125.375, 68.625, 1.0397671242646057e-20, nan 
125.625, 68.625, 9.205495416389062e-21, nan 
125.875, 68.625, 6.469924377385045e-21, nan 
126.125, 68.625, 6.386837336027542e-21, nan 
126.375, 68.625, 3.250995620569341e-21, nan 
126.625, 68.625, 4.061997808243596e-21, nan 
126.875, 68.625, 7.991788020396604e-21, nan 
127.125, 68.625, 4.916822287393739e-21, nan 
127.375, 68.625, 4.193758616824712e-21, nan 
127.625, 68.625, 2.9557002048761037e-21, nan 
127.875, 68.625, 2.9158295043136333e-21, nan 
128.125, 68.625, 3.137707996918942e-21, nan 
128.375, 68.625, 2.923040400962587e-21, nan 
128.625, 68.625, 2.1521020960860792e-21, nan 
128.875, 68.625, 2.232713745763603e-21, nan 
129.125, 68.625, 2.1478083880618047e-21, nan 
129.375, 68.625, 2.148465759173701e-21, nan 
129.625, 68.625, 1.943614036082136e-21, nan 
129.875, 68.625, 2.117074058666644e-21, nan 
130.125, 68.625, 2.1155375572426185e-21, nan 
130.375, 68.625, 1.953414290493997e-21, nan 
130.625, 68.625, 1.570761423400215e-21, nan 
130.875, 68.625, 1.1783747823246932e-21, nan 
131.125, 68.625, 5.201274160651765e-22, nan 
131.375, 68.625, 1.1428583171080093e-21, nan 
131.625, 68.625, 1.1884148259347783e-21, nan 
131.875, 68.625, 8.433125838866762e-22, nan 
132.125, 68.625, 8.593299567968485e-22, nan 
132.375, 68.625, 1.3505792895163419e-21, nan 
132.625, 68.625, 1.801682555668616e-21, nan 
132.875, 68.625, 1.4572361870537223e-21, nan 
133.125, 68.625, 1.4096788852796537e-21, nan 
133.375, 68.625, 1.646516993526689e-21, nan 
133.625, 68.625, 1.2373142595861202e-21, nan 
133.875, 68.625, 1.561418545011015e-21, nan 
134.125, 68.625, 1.887632817433336e-21, nan 
134.375, 68.625, 1.514162926585921e-21, nan 
134.625, 68.625, 1.581088621825539e-21, nan 
134.875, 68.625, 1.4611188410259162e-21, nan 
135.125, 68.625, 1.3677050802352124e-21, nan 
135.375, 68.625, 1.6717144389557247e-21, nan 
135.625, 68.625, 2.327212820426557e-21, nan 
135.875, 68.625, 3.0045631775073874e-21, nan 
136.125, 68.625, 2.872395117172702e-21, nan 
136.375, 68.625, 2.7983820633458563e-21, nan 
136.625, 68.625, 3.1381165420341644e-21, nan 
136.875, 68.625, 2.6623049714318032e-21, nan 
137.125, 68.625, 1.9354857194946357e-21, nan 
137.375, 68.625, 1.0639157553353158e-21, nan 
137.625, 68.625, 2.6756722680171422e-22, nan 
137.875, 68.625, 5.929136463269291e-22, nan 
138.125, 68.625, 7.940635226440806e-22, nan 
138.375, 68.625, 1.3843875240769261e-21, nan 
138.625, 68.625, 1.832870048553337e-21, nan 
138.875, 68.625, 1.5122188337586843e-21, nan 
139.125, 68.625, 1.5223084209936785e-21, nan 
139.375, 68.625, 1.5933100886250523e-21, nan 
139.625, 68.625, 1.1272453170037163e-21, nan 
139.875, 68.625, 6.386823478927083e-22, nan 
140.125, 68.625, 2.1335529443035183e-22, nan 
140.375, 68.625, 3.473576572671766e-22, nan 
140.625, 68.625, 2.476950124270495e-22, nan 
140.875, 68.625, 2.351395014568533e-22, nan 
141.125, 68.625, 3.328907182339624e-22, nan 
141.375, 68.625, 2.7515646388536374e-22, nan 
141.625, 68.625, 1.7336482317516653e-22, nan 
141.875, 68.625, 2.276144009563915e-22, nan 
142.125, 68.625, 2.2472284454116445e-22, nan 
142.375, 68.625, 1.3585789370071167e-22, nan 
142.625, 68.625, 1.9179304110397825e-22, nan 
142.875, 68.625, 1.8535298759376613e-22, nan 
143.125, 68.625, 1.3104986803399163e-22, nan 
143.375, 68.625, 2.7021372112246268e-22, nan 
143.625, 68.625, 1.9716397017145222e-22, nan 
143.875, 68.625, 1.5573224621672052e-22, nan 
144.125, 68.625, 1.4452040398484927e-22, nan 
144.375, 68.625, 1.2996234972691836e-22, nan 
144.625, 68.625, 1.320194726257265e-22, nan 
144.875, 68.625, 1.7091183543330897e-22, nan 
145.125, 68.625, 1.5274766312560465e-22, nan 
145.375, 68.625, 1.3469427878950637e-22, nan 
145.625, 68.625, 1.6528195079416467e-22, nan 
145.875, 68.625, 1.556956658642895e-22, nan 
146.125, 68.625, 1.0407278289683858e-22, nan 
146.375, 68.625, 7.138584890604337e-23, nan 
146.625, 68.625, 6.197925321479023e-23, nan 
146.875, 68.625, 7.46028423007663e-23, nan 
147.125, 68.625, 5.934330447965523e-23, nan 
147.375, 68.625, 6.385969697907241e-23, nan 
147.625, 68.625, 1.3606066728877312e-22, nan 
147.875, 68.625, 1.2030467236029516e-22, nan 
148.125, 68.625, 8.502127162278774e-23, nan 
148.375, 68.625, 1.6838779424050506e-22, nan 
148.625, 68.625, 1.852718506271409e-22, nan 
148.875, 68.625, 1.168854704753443e-22, nan 
149.125, 68.625, 1.0932941538263107e-22, nan 
149.375, 68.625, 2.1401370974105805e-22, nan 
149.625, 68.625, 1.4229604930742857e-22, nan 
149.875, 68.625, 1.8106453608162964e-22, nan 
150.125, 68.625, 1.2350251539263676e-22, nan 
150.375, 68.625, 8.653639635925757e-23, nan 
150.625, 68.625, 1.2425953034122934e-22, nan 
150.875, 68.625, 4.7005799391612275e-23, nan 
151.125, 68.625, 5.419852649497012e-23, nan 
151.375, 68.625, 5.853903732492246e-23, nan 
151.625, 68.625, 1.0606322655689556e-22, nan 
151.875, 68.625, 8.261353269467891e-23, nan 
152.125, 68.625, 8.082818044364024e-23, nan 
152.375, 68.625, 8.420722997510687e-23, nan 
152.625, 68.625, 5.724407178206995e-23, nan 
152.875, 68.625, 6.764111352879611e-23, nan 
153.125, 68.625, 7.272550797133651e-23, nan 
153.375, 68.625, 5.304634183250268e-23, nan 
153.625, 68.625, 5.432580128044404e-23, nan 
153.875, 68.625, 4.122088461062493e-23, nan 
154.125, 68.625, 3.1553408376901484e-23, nan 
154.375, 68.625, 3.770259701750813e-23, nan 
154.625, 68.625, 5.339389054037057e-23, nan 
154.875, 68.625, 5.903215380463966e-23, nan 
155.125, 68.625, 7.21383474207939e-23, nan 
155.375, 68.625, 7.542677609871635e-23, nan 
155.625, 68.625, 4.3447740038512284e-23, nan 
155.875, 68.625, 5.782673751137426e-23, nan 
156.125, 68.625, 5.907037607195935e-23, nan 
156.375, 68.625, 4.4299939138858827e-23, nan 
156.625, 68.625, 3.628358634718164e-23, nan 
156.875, 68.625, 3.9156381809949875e-23, nan 
157.125, 68.625, 3.82885192064925e-23, nan 
157.375, 68.625, 3.4668342337747805e-23, nan 
157.625, 68.625, 3.5058596949852604e-23, nan 
157.875, 68.625, 3.012566965811998e-23, nan 
158.125, 68.625, 2.736674071109749e-23, nan 
158.375, 68.625, 2.5243260348781428e-23, nan 
158.625, 68.625, 3.046231806217776e-23, nan 
158.875, 68.625, 3.95971567324346e-23, nan 
159.125, 68.625, 2.288969131742612e-23, nan 
159.375, 68.625, 2.401267007057945e-23, nan 
159.625, 68.625, 2.72234591700799e-23, nan 
159.875, 68.625, 2.5584603556772124e-23, nan 
160.125, 68.625, 3.9819651865719186e-23, nan 
160.375, 68.625, 3.0602964174842417e-23, nan 
160.625, 68.625, 4.563438037418836e-23, nan 
160.875, 68.625, 7.372621438751138e-23, nan 
161.125, 68.625, 5.441201415396239e-23, nan 
161.375, 68.625, 4.1046950751311775e-23, nan 
161.625, 68.625, 6.325536567912832e-23, nan 
161.875, 68.625, 4.9484655254230293e-23, nan 
162.125, 68.625, 2.6421731651112823e-23, nan 
162.375, 68.625, 1.948501655266446e-23, nan 
162.625, 68.625, 1.341994967964922e-23, nan 
162.875, 68.625, 1.9668566794534388e-23, nan 
163.125, 68.625, 2.4516795052402467e-23, nan 
163.375, 68.625, 1.8826240286521398e-23, nan 
163.625, 68.625, 1.1876134782830099e-23, nan 
163.875, 68.625, 1.1812530040073078e-23, nan 
164.125, 68.625, 8.19239060931169e-24, nan 
164.375, 68.625, 9.862895526652514e-24, nan 
164.625, 68.625, 1.280205169455376e-23, nan 
164.875, 68.625, 5.574396218438407e-24, nan 
165.125, 68.625, 1.2089666896643693e-23, nan 
165.375, 68.625, 9.814287445259794e-24, nan 
165.625, 68.625, 1.2337247858313845e-23, nan 
165.875, 68.625, 1.2720721768311209e-23, nan 
166.125, 68.625, 1.6611209362391536e-23, nan 
166.375, 68.625, 1.850228602742972e-23, nan 
166.625, 68.625, 1.836839449976414e-23, nan 
166.875, 68.625, 1.545178543535202e-23, nan 
167.125, 68.625, 1.050571506095421e-23, nan 
167.375, 68.625, 1.6606053485626706e-23, nan 
167.625, 68.625, 1.8195967959979655e-23, nan 
167.875, 68.625, 6.3461104015261456e-24, nan 
168.125, 68.625, 6.850700588522678e-24, nan 
168.375, 68.625, 1.391591901344772e-23, nan 
168.625, 68.625, 1.8059882767609334e-23, nan 
168.875, 68.625, 2.1614758815880104e-23, nan 
169.125, 68.625, 1.523824634270568e-23, nan 
169.375, 68.625, 1.4302633510354068e-23, nan 
169.625, 68.625, 1.0912549769174989e-23, nan 
169.875, 68.625, 8.518281074195125e-24, nan 
170.125, 68.625, 1.294082062350288e-23, nan 
170.375, 68.625, 1.3377617746414862e-23, nan 
170.625, 68.625, 1.4310422292971928e-23, nan 
170.875, 68.625, 8.127282036583182e-24, nan 
171.125, 68.625, 1.9050719911985572e-23, nan 
171.375, 68.625, 1.7726404109373363e-23, nan 
171.625, 68.625, 1.6895954931983235e-23, nan 
171.875, 68.625, 3.402472524080325e-23, nan 
172.125, 68.625, 2.0005160521647443e-23, nan 
172.375, 68.625, 9.981172440808123e-24, nan 
172.625, 68.625, 2.0097560315526629e-23, nan 
172.875, 68.625, 1.4764809013703873e-23, nan 
173.125, 68.625, 9.416430538735999e-24, nan 
173.375, 68.625, 9.308966822555645e-24, nan 
173.625, 68.625, 1.2763211234609417e-23, nan 
173.875, 68.625, 8.824696159729577e-24, nan 
174.125, 68.625, 9.421031058427818e-24, nan 
174.375, 68.625, 8.739192127056137e-24, nan 
174.625, 68.625, 1.3373575716635941e-23, nan 
174.875, 68.625, 1.2865681176228864e-23, nan 
175.125, 68.625, 1.4807746013458573e-23, nan 
175.375, 68.625, 2.209092376156317e-23, nan 
175.625, 68.625, 9.971950745779828e-24, nan 
175.875, 68.625, 8.325234896788877e-24, nan 
176.125, 68.625, 1.0848617732205549e-23, nan 
176.375, 68.625, 4.799980247410668e-24, nan 
176.625, 68.625, 8.101240181542126e-24, nan 
176.875, 68.625, 4.483319478835898e-24, nan 
177.125, 68.625, 6.61911693670399e-24, nan 
177.375, 68.625, 6.3966242444395486e-24, nan 
177.625, 68.625, 8.166944511614276e-24, nan 
177.875, 68.625, 1.1233420221302519e-23, nan 
178.125, 68.625, 6.619275784011781e-24, nan 
178.375, 68.625, 7.328951657171555e-24, nan 
178.625, 68.625, 9.369820706896468e-24, nan 
178.875, 68.625, 1.090182800384851e-23, nan 
179.125, 68.625, 7.474481289595612e-24, nan 
179.375, 68.625, 7.53665362476985e-24, nan 
179.625, 68.625, 5.116191205729358e-24, nan 
179.875, 68.625, 2.9641470514427527e-24, nan 
-179.875, 68.875, 5.294266125606882e-24, nan 
-179.625, 68.875, 7.309476847160136e-24, nan 
-179.375, 68.875, 3.823156269611274e-24, nan 
-179.125, 68.875, 4.906123859067128e-24, nan 
-178.875, 68.875, 1.040523346171675e-23, nan 
-178.625, 68.875, 9.13747383119951e-24, nan 
-178.375, 68.875, 1.1352179949964064e-23, nan 
-178.125, 68.875, 1.1331530453472622e-23, nan 
-177.875, 68.875, 9.94465545425976e-24, nan 
-177.625, 68.875, 1.1731199064130588e-23, nan 
-177.375, 68.875, 9.800938110324931e-24, nan 
-177.125, 68.875, 7.372416379518186e-24, nan 
-176.875, 68.875, 3.7371869459940206e-24, nan 
-176.625, 68.875, 2.9376274820601113e-24, nan 
-176.375, 68.875, 4.294324776452021e-24, nan 
-176.125, 68.875, 2.7199190079662825e-24, nan 
-175.875, 68.875, 5.0412803175234185e-25, nan 
-175.625, 68.875, 1.9818969463339003e-24, nan 
-175.375, 68.875, 1.202613527100281e-24, nan 
-175.125, 68.875, 1.956035263295302e-24, nan 
-174.875, 68.875, 2.9432082190654378e-24, nan 
-174.625, 68.875, 3.7110769018130146e-24, nan 
-174.375, 68.875, 7.829645706120345e-24, nan 
-174.125, 68.875, 7.071439044958277e-24, nan 
-173.875, 68.875, 6.535144098794371e-24, nan 
-173.625, 68.875, 9.668584320936411e-24, nan 
-173.375, 68.875, 7.335849682433207e-24, nan 
-173.125, 68.875, 3.9354559211954015e-24, nan 
-172.875, 68.875, 4.589009811498035e-24, nan 
-172.625, 68.875, 4.62942632265657e-24, nan 
-172.375, 68.875, 4.37377382752717e-24, nan 
-172.125, 68.875, 3.5717634930670434e-24, nan 
-171.875, 68.875, 4.409951335123899e-24, nan 
-171.625, 68.875, 5.75435118782429e-24, nan 
19.375, 68.875, 1.212649870210235e-24, nan 
19.625, 68.875, 1.370212253072801e-24, nan 
19.875, 68.875, 9.576853988500064e-25, nan 
20.125, 68.875, 8.648383905353286e-25, nan 
20.375, 68.875, 8.14602679539808e-25, nan 
20.625, 68.875, 1.2408318639698193e-24, nan 
20.875, 68.875, 5.696063719005644e-25, nan 
21.125, 68.875, 1.7677199902483043e-24, nan 
21.375, 68.875, 7.596423845859516e-25, nan 
21.625, 68.875, 1.1104406516601662e-24, nan 
21.875, 68.875, 1.5156919248434204e-24, nan 
22.125, 68.875, 1.0198416709401172e-24, nan 
22.375, 68.875, 1.5536000342178552e-24, nan 
22.625, 68.875, 1.839175120156937e-24, nan 
22.875, 68.875, 1.4550717704369287e-24, nan 
23.125, 68.875, 1.800063872224692e-24, nan 
23.375, 68.875, 1.0358018528797244e-24, nan 
23.625, 68.875, 8.55091604489798e-25, nan 
23.875, 68.875, 1.6647138573410912e-24, nan 
24.125, 68.875, 2.1320650403215158e-24, nan 
24.375, 68.875, 2.433955717507251e-24, nan 
24.625, 68.875, 2.640928086914479e-24, nan 
24.875, 68.875, 2.3264778251154696e-24, nan 
25.125, 68.875, 3.0859431556278632e-24, nan 
25.375, 68.875, 3.315671886729985e-24, nan 
25.625, 68.875, 7.666302850802559e-24, nan 
25.875, 68.875, 4.141457892494167e-24, nan 
26.125, 68.875, 3.38909643327611e-24, nan 
26.375, 68.875, 9.995685339944396e-24, nan 
26.625, 68.875, 4.5381172883739845e-24, nan 
26.875, 68.875, 3.664883319109699e-24, nan 
27.125, 68.875, 4.6021837003283165e-24, nan 
27.375, 68.875, 2.001683918121592e-24, nan 
27.625, 68.875, 6.404573522990054e-24, nan 
27.875, 68.875, 7.224088448878634e-24, nan 
28.125, 68.875, 3.049936242178326e-24, nan 
28.375, 68.875, 3.6328170029447495e-24, nan 
28.625, 68.875, 3.631275651955647e-24, nan 
28.875, 68.875, 3.027334518492682e-24, nan 
29.125, 68.875, 2.8309955945917574e-24, nan 
29.375, 68.875, 3.4732937565319295e-24, nan 
29.625, 68.875, 1.9072998332669653e-24, nan 
29.875, 68.875, 2.8950817439968565e-24, nan 
30.125, 68.875, 2.6364821451258737e-24, nan 
30.375, 68.875, 1.2106092394695616e-24, nan 
30.625, 68.875, 1.7017926220274087e-24, nan 
30.875, 68.875, 1.6442203477448435e-24, nan 
31.125, 68.875, 1.5738568521587679e-24, nan 
31.375, 68.875, 1.8713200613620473e-24, nan 
31.625, 68.875, 1.679070733424349e-24, nan 
31.875, 68.875, 1.3950833953448573e-24, nan 
32.125, 68.875, 1.776909744624306e-24, nan 
32.375, 68.875, 1.6274555103839768e-24, nan 
32.625, 68.875, 1.5189920590387652e-24, nan 
32.875, 68.875, 1.924034975704622e-24, nan 
33.125, 68.875, 2.405264405241437e-24, nan 
33.375, 68.875, 1.2694590487985451e-24, nan 
33.625, 68.875, 1.575739123339374e-24, nan 
33.875, 68.875, 2.494816985134404e-24, nan 
34.125, 68.875, 2.099639792645194e-24, nan 
34.375, 68.875, 1.6192649634097242e-24, nan 
34.625, 68.875, 3.365456515290262e-24, nan 
34.875, 68.875, 2.5582649795524535e-24, nan 
35.125, 68.875, 2.749778035351888e-24, nan 
35.375, 68.875, 2.36257912080535e-24, nan 
35.625, 68.875, 2.5244563916197115e-24, nan 
35.875, 68.875, 2.023446211937455e-24, nan 
36.125, 68.875, 3.5769703863422896e-24, nan 
36.375, 68.875, 2.267390342067924e-24, nan 
36.625, 68.875, 2.7271794000198995e-24, nan 
36.875, 68.875, 1.792546315267205e-24, nan 
37.125, 68.875, 2.463989643756739e-24, nan 
37.375, 68.875, 2.719637329759181e-24, nan 
37.625, 68.875, 2.27687631685605e-24, nan 
37.875, 68.875, 3.1963033056510188e-24, nan 
38.125, 68.875, 4.3347316157568724e-24, nan 
38.375, 68.875, 4.078188399310523e-24, nan 
38.625, 68.875, 3.3578183118588915e-24, nan 
38.875, 68.875, 2.9741252921338256e-24, nan 
39.125, 68.875, 2.0828319595932913e-24, nan 
39.375, 68.875, 2.7405105327868127e-24, nan 
39.625, 68.875, 4.694491482782686e-24, nan 
39.875, 68.875, 7.844874130793665e-24, nan 
40.125, 68.875, 7.930080978588483e-24, nan 
40.375, 68.875, 6.186373799064883e-24, nan 
40.625, 68.875, 9.932582134252495e-24, nan 
40.875, 68.875, 7.386019955602451e-24, nan 
41.125, 68.875, 6.424295820614826e-24, nan 
41.375, 68.875, 9.897899562761913e-24, nan 
41.625, 68.875, 6.274951203640808e-24, nan 
41.875, 68.875, 4.575178642149568e-24, nan 
42.125, 68.875, 5.957021320368346e-24, nan 
42.375, 68.875, 7.519070671159872e-24, nan 
42.625, 68.875, 6.47016268860611e-24, nan 
42.875, 68.875, 4.6030600210529084e-24, nan 
43.125, 68.875, 8.454675577058936e-24, nan 
43.375, 68.875, 3.578062750623231e-24, nan 
43.625, 68.875, 4.165808946430952e-24, nan 
43.875, 68.875, 5.0048762853467344e-24, nan 
44.125, 68.875, 1.3360006656132085e-24, nan 
44.375, 68.875, 3.3465383147580064e-24, nan 
44.625, 68.875, 4.537818759157175e-24, nan 
44.875, 68.875, 4.020182701829546e-24, nan 
45.125, 68.875, 5.525009950360282e-24, nan 
45.375, 68.875, 5.344401677879484e-24, nan 
45.625, 68.875, 5.712692117813696e-24, nan 
45.875, 68.875, 5.4650297826883935e-24, nan 
46.125, 68.875, 2.9937980924664215e-24, nan 
46.375, 68.875, 7.278111174863911e-24, nan 
46.625, 68.875, 6.803122592342392e-24, nan 
46.875, 68.875, 7.55348543232956e-24, nan 
47.125, 68.875, 6.639670038722365e-24, nan 
47.375, 68.875, 6.773895015253146e-24, nan 
47.625, 68.875, 8.253232188654653e-24, nan 
47.875, 68.875, 5.033475318685516e-24, nan 
48.125, 68.875, 2.5017465834528856e-24, nan 
48.375, 68.875, 3.70957893482578e-24, nan 
48.625, 68.875, 4.678004491046399e-24, nan 
48.875, 68.875, 4.2614772638381956e-24, nan 
49.125, 68.875, 6.2845013683130034e-24, nan 
49.375, 68.875, 7.832332205420227e-24, nan 
49.625, 68.875, 8.252134645626654e-24, nan 
49.875, 68.875, 8.212240078702905e-24, nan 
50.125, 68.875, 7.228691322912325e-24, nan 
50.375, 68.875, 7.526406919351079e-24, nan 
50.625, 68.875, 6.643890978096594e-24, nan 
50.875, 68.875, 4.46405373523384e-24, nan 
51.125, 68.875, 5.188238780412357e-24, nan 
51.375, 68.875, 7.211203539937242e-24, nan 
51.625, 68.875, 8.953488529668803e-24, nan 
51.875, 68.875, 9.874536486668664e-24, nan 
52.125, 68.875, 9.99269439992736e-24, nan 
52.375, 68.875, 1.1020195857588357e-23, nan 
52.625, 68.875, 1.0594966172909373e-23, nan 
52.875, 68.875, 9.177295582671605e-24, nan 
53.125, 68.875, 1.0141571085891532e-23, nan 
53.375, 68.875, 1.8105296737740177e-23, nan 
53.625, 68.875, 2.2901649455728138e-23, nan 
53.875, 68.875, 2.2243639870304847e-23, nan 
54.125, 68.875, 2.4404034795214004e-23, nan 
54.375, 68.875, 2.5062623074533243e-23, nan 
54.625, 68.875, 2.522763893596063e-23, nan 
54.875, 68.875, 2.4080402822765688e-23, nan 
55.125, 68.875, 1.83229964232347e-23, nan 
55.375, 68.875, 1.5958731931509736e-23, nan 
55.625, 68.875, 1.1923552951223408e-23, nan 
55.875, 68.875, 1.5572735221124997e-23, nan 
56.125, 68.875, 1.3724887786160788e-23, nan 
56.375, 68.875, 2.6541869680480285e-23, nan 
56.625, 68.875, 2.263726918537816e-23, nan 
56.875, 68.875, 3.1450826990315583e-23, nan 
57.125, 68.875, 2.835909067502581e-23, nan 
57.375, 68.875, 2.5406520113453418e-23, nan 
57.625, 68.875, 2.4285075368817578e-23, nan 
57.875, 68.875, 2.5815911977393997e-23, nan 
58.125, 68.875, 2.3099170243384774e-23, nan 
58.375, 68.875, 2.2308396678200308e-23, nan 
58.625, 68.875, 2.088641159024085e-23, nan 
58.875, 68.875, 2.0562292410892853e-23, nan 
59.125, 68.875, 2.4326104547033535e-23, nan 
59.375, 68.875, 1.9673496966622217e-23, nan 
59.625, 68.875, 2.6400893819100754e-23, nan 
59.875, 68.875, 2.710280479621515e-23, nan 
60.125, 68.875, 2.801343511541743e-23, nan 
60.375, 68.875, 4.437825805185689e-23, nan 
60.625, 68.875, 5.703379155862868e-23, nan 
60.875, 68.875, 4.1430226027265537e-23, nan 
61.125, 68.875, 4.9734046153582305e-23, nan 
61.375, 68.875, 5.522288545218989e-23, nan 
61.625, 68.875, 4.6454002703570634e-23, nan 
61.875, 68.875, 3.173079197544434e-23, nan 
62.125, 68.875, 2.2262944893333437e-23, nan 
62.375, 68.875, 3.1542258272778846e-23, nan 
62.625, 68.875, 3.213541515037671e-23, nan 
62.875, 68.875, 2.1450186361492718e-23, nan 
63.125, 68.875, 7.59801361844077e-24, nan 
63.375, 68.875, 4.267668156890271e-24, nan 
63.625, 68.875, 1.6091115835443957e-23, nan 
63.875, 68.875, 2.883593429619501e-23, nan 
64.125, 68.875, 2.6454538852836505e-23, nan 
64.375, 68.875, 3.349112726355444e-23, nan 
64.625, 68.875, 3.393950158069466e-23, nan 
64.875, 68.875, 4.6703452372840867e-23, nan 
65.125, 68.875, 4.739211915577383e-23, nan 
65.375, 68.875, 1.6978795210911977e-23, nan 
65.625, 68.875, 6.881925986947209e-23, nan 
65.875, 68.875, 4.2112003449701006e-23, nan 
66.125, 68.875, 4.300399754168449e-23, nan 
66.375, 68.875, 7.541620484064286e-23, nan 
66.625, 68.875, 5.352499233444145e-23, nan 
66.875, 68.875, 4.0980500008641045e-23, nan 
67.125, 68.875, 5.302063462892566e-23, nan 
67.375, 68.875, 8.070622153580715e-23, nan 
67.625, 68.875, 5.781007226818315e-23, nan 
67.875, 68.875, 7.971206487822358e-23, nan 
68.125, 68.875, 9.57665107540455e-23, nan 
68.375, 68.875, 8.377586939912069e-23, nan 
68.625, 68.875, 7.59092623582634e-23, nan 
68.875, 68.875, 5.913625249080114e-23, nan 
69.125, 68.875, 1.164951106594181e-22, nan 
69.375, 68.875, 1.1941417047344602e-22, nan 
69.625, 68.875, 1.228817548281794e-22, nan 
69.875, 68.875, 1.3435642502366953e-22, nan 
70.125, 68.875, 1.6084663113484116e-22, nan 
70.375, 68.875, 1.8964579805267103e-22, nan 
70.625, 68.875, 1.7727369813263666e-22, nan 
70.875, 68.875, 1.8049327200060953e-22, nan 
71.125, 68.875, 1.4640212271151092e-22, nan 
71.375, 68.875, 1.9185681479435008e-22, nan 
71.625, 68.875, 2.0931328216574308e-22, nan 
71.875, 68.875, 9.51523204454451e-23, nan 
72.125, 68.875, 6.473410023793505e-23, nan 
72.375, 68.875, 1.0991228581519153e-22, nan 
72.625, 68.875, 1.1980053314264728e-22, nan 
72.875, 68.875, 1.0022168166445439e-22, nan 
73.125, 68.875, 6.813168889631156e-23, nan 
73.375, 68.875, 1.2110057217222798e-22, nan 
73.625, 68.875, 1.2602587286103926e-22, nan 
73.875, 68.875, 2.7571803692659896e-22, nan 
74.125, 68.875, 5.269520784200617e-22, nan 
74.375, 68.875, 5.190740121709794e-22, nan 
74.625, 68.875, 3.1176781779814464e-22, nan 
74.875, 68.875, 2.1816501668069767e-22, nan 
75.125, 68.875, 1.802262727651996e-22, nan 
75.375, 68.875, 1.019130036684226e-22, nan 
75.625, 68.875, 1.8832004064007677e-22, nan 
75.875, 68.875, 2.2876487920526794e-22, nan 
76.125, 68.875, 2.239261668813714e-22, nan 
76.375, 68.875, 3.954266674894985e-22, nan 
76.625, 68.875, 3.692466051769905e-22, nan 
76.875, 68.875, 2.6948934980134303e-22, nan 
77.125, 68.875, 5.183430009517176e-22, nan 
77.375, 68.875, 1.6411490813877387e-22, nan 
77.625, 68.875, 2.1981620563738805e-22, nan 
77.875, 68.875, 2.895583623781698e-22, nan 
78.125, 68.875, 3.162120861228225e-22, nan 
78.375, 68.875, 2.9780805716794312e-22, nan 
78.625, 68.875, 2.245354725663037e-22, nan 
78.875, 68.875, 2.7821336166722473e-22, nan 
79.125, 68.875, 2.662873945991346e-22, nan 
79.375, 68.875, 3.8317057141215263e-22, nan 
79.625, 68.875, 3.800563082923984e-22, nan 
79.875, 68.875, 2.1378692870059746e-22, nan 
80.125, 68.875, 4.470780739903538e-22, nan 
80.375, 68.875, 3.7373444409159137e-22, nan 
80.625, 68.875, 5.232758033624164e-22, nan 
80.875, 68.875, 6.891452650395373e-22, nan 
81.125, 68.875, 7.070414557509199e-22, nan 
81.375, 68.875, 9.736789570231422e-22, nan 
81.625, 68.875, 9.924166533419398e-22, nan 
81.875, 68.875, 2.22642663684214e-21, nan 
82.125, 68.875, 2.158255332281696e-21, nan 
82.375, 68.875, 1.4132033658761195e-21, nan 
82.625, 68.875, 3.1220199887664467e-21, nan 
82.875, 68.875, 2.3519909269726417e-21, nan 
83.125, 68.875, 1.6434018907248991e-21, nan 
83.375, 68.875, 1.6988411929256862e-21, nan 
83.625, 68.875, 2.930305935325271e-21, nan 
83.875, 68.875, 2.4689331017380876e-21, nan 
84.125, 68.875, 6.486620778557832e-22, nan 
84.375, 68.875, 1.9023294935837782e-21, nan 
84.625, 68.875, 1.737579927633116e-21, nan 
84.875, 68.875, 2.4182158737576927e-21, nan 
85.125, 68.875, 2.3465624815077397e-21, nan 
85.375, 68.875, 2.435291743542299e-21, nan 
85.625, 68.875, 3.1590809742464266e-21, nan 
85.875, 68.875, 3.3756689818377872e-21, nan 
86.125, 68.875, 3.870636855009291e-21, nan 
86.375, 68.875, 3.743540321918491e-21, nan 
86.625, 68.875, 2.944724135116641e-21, nan 
86.875, 68.875, 2.0616581381466874e-21, nan 
87.125, 68.875, 2.3039776089919197e-21, nan 
87.375, 68.875, 4.6340902694353755e-21, nan 
87.625, 68.875, 7.429263466739971e-21, nan 
87.875, 68.875, 5.6789060353673386e-21, nan 
88.125, 68.875, 6.015206593676895e-21, nan 
88.375, 68.875, 9.388505226019454e-21, nan 
88.625, 68.875, 7.10901902451382e-21, nan 
88.875, 68.875, 7.245481108284745e-21, nan 
89.125, 68.875, 5.518301798427104e-21, nan 
89.375, 68.875, 4.093090936207506e-21, nan 
89.625, 68.875, 1.1047860226854255e-20, nan 
89.875, 68.875, 6.1805942468659874e-21, nan 
90.125, 68.875, 2.368874705365144e-21, nan 
90.375, 68.875, 6.0073717795975585e-21, nan 
90.625, 68.875, 6.155019567172443e-21, nan 
90.875, 68.875, 7.617661037828063e-21, nan 
91.125, 68.875, 7.090211205154677e-21, nan 
91.375, 68.875, 9.371881016268749e-21, nan 
91.625, 68.875, 1.146967287175644e-20, nan 
91.875, 68.875, 1.7147089589638883e-20, nan 
92.125, 68.875, 1.772773943850929e-20, nan 
92.375, 68.875, 1.8015904588784267e-20, nan 
92.625, 68.875, 1.9278140626314093e-20, nan 
92.875, 68.875, 2.1258122176067258e-20, nan 
93.125, 68.875, 1.3236465280173614e-20, nan 
93.375, 68.875, 1.0918597213544836e-20, nan 
93.625, 68.875, 1.9527829196412497e-20, nan 
93.875, 68.875, 9.106561464090078e-21, nan 
94.125, 68.875, 1.1728912359199934e-20, nan 
94.375, 68.875, 1.4701897966723163e-20, nan 
94.625, 68.875, 1.4579571818006456e-20, nan 
94.875, 68.875, 1.7793053496832776e-20, nan 
95.125, 68.875, 2.126589339005414e-20, nan 
95.375, 68.875, 2.4865364975296128e-20, nan 
95.625, 68.875, 2.1979933712101405e-20, nan 
95.875, 68.875, 2.6422592119907607e-20, nan 
96.125, 68.875, 2.0774930882581972e-20, nan 
96.375, 68.875, 1.5002741579890904e-20, nan 
96.625, 68.875, 2.5729940902188375e-20, nan 
96.875, 68.875, 1.9844715995399618e-20, nan 
97.125, 68.875, 1.7524567312038977e-20, nan 
97.375, 68.875, 5.023325859509254e-20, nan 
97.625, 68.875, 4.1420588406371524e-20, nan 
97.875, 68.875, 5.2872994443961926e-20, nan 
98.125, 68.875, 9.124746919621846e-20, nan 
98.375, 68.875, 1.0839009238174762e-19, nan 
98.625, 68.875, 8.849634300701716e-20, nan 
98.875, 68.875, 1.0488944479921308e-19, nan 
99.125, 68.875, 1.9555841684477636e-19, nan 
99.375, 68.875, 2.4359815196085563e-19, nan 
99.625, 68.875, 1.3301728944999102e-19, nan 
99.875, 68.875, 1.398380318955886e-19, nan 
100.125, 68.875, 1.902681557518476e-19, nan 
100.375, 68.875, 1.1711220490753774e-19, nan 
100.625, 68.875, 1.2905609869986244e-19, nan 
100.875, 68.875, 1.489024581427115e-19, nan 
101.125, 68.875, 2.5109452827559724e-19, nan 
101.375, 68.875, 2.301132296827921e-19, nan 
101.625, 68.875, 1.7179070577449957e-19, nan 
101.875, 68.875, 3.0711048328126424e-19, nan 
102.125, 68.875, 2.480948992768413e-19, nan 
102.375, 68.875, 1.9135377317275793e-19, nan 
102.625, 68.875, 1.56849787029055e-19, nan 
102.875, 68.875, 1.8716034724103023e-19, nan 
103.125, 68.875, 1.8831823189004688e-19, nan 
103.375, 68.875, 1.0474554537629524e-19, nan 
103.625, 68.875, 1.2266970129323625e-19, nan 
103.875, 68.875, 1.6379193559684809e-19, nan 
104.125, 68.875, 1.5447913983787797e-19, nan 
104.375, 68.875, 1.5953264365187225e-19, nan 
104.625, 68.875, 1.402582358677398e-19, nan 
104.875, 68.875, 1.5615530313305e-19, nan 
105.125, 68.875, 2.0210341028290986e-19, nan 
105.375, 68.875, 3.396533391151494e-19, nan 
105.625, 68.875, 2.7960396263654453e-19, nan 
105.875, 68.875, 2.4896596466897495e-19, nan 
106.125, 68.875, 3.4310952710658436e-19, nan 
106.375, 68.875, 4.530147008507203e-19, nan 
106.625, 68.875, 2.884296188081163e-19, nan 
106.875, 68.875, 3.780853757029805e-19, nan 
107.125, 68.875, 3.085734724159129e-19, nan 
107.375, 68.875, 3.2918114937032734e-19, nan 
107.625, 68.875, 4.730764176041037e-19, nan 
107.875, 68.875, 3.5157052518382595e-19, nan 
108.125, 68.875, 2.794332492039284e-19, nan 
108.375, 68.875, 3.0885465980584165e-19, nan 
108.625, 68.875, 3.3584626782181165e-19, nan 
108.875, 68.875, 3.4275914347662178e-19, nan 
109.125, 68.875, 2.8956253910724907e-19, nan 
109.375, 68.875, 3.7665971002496396e-19, nan 
109.625, 68.875, 2.0264669524372844e-19, nan 
109.875, 68.875, 1.9961678447601682e-19, nan 
110.125, 68.875, 2.68346420788976e-19, nan 
110.375, 68.875, 2.507177207423918e-19, nan 
110.625, 68.875, 2.9203801844432004e-19, nan 
110.875, 68.875, 2.0275612733638097e-19, nan 
111.125, 68.875, 1.9797080646964675e-19, nan 
111.375, 68.875, 2.0593682891210436e-19, nan 
111.625, 68.875, 1.3360011665620994e-19, nan 
111.875, 68.875, 1.0413272202427348e-19, nan 
112.125, 68.875, 1.5205385724365635e-19, nan 
112.375, 68.875, 1.85056653577868e-19, nan 
112.625, 68.875, 1.8887516868301282e-19, nan 
112.875, 68.875, 1.740723036002199e-19, nan 
113.125, 68.875, 2.3152733851112313e-19, nan 
113.375, 68.875, 1.883984481537511e-19, nan 
113.625, 68.875, 1.6027447121154143e-19, nan 
113.875, 68.875, 9.984732332061086e-20, nan 
114.125, 68.875, 9.138008762760632e-20, nan 
114.375, 68.875, 1.0125525129490651e-19, nan 
114.625, 68.875, 7.534339587757518e-20, nan 
114.875, 68.875, 5.437733759519778e-20, nan 
115.125, 68.875, 4.507108944877744e-20, nan 
115.375, 68.875, 2.6220748421987674e-20, nan 
115.625, 68.875, 3.6279985114907e-20, nan 
115.875, 68.875, 3.336535987709686e-20, nan 
116.125, 68.875, 2.3871367386925233e-20, nan 
116.375, 68.875, 2.8230362118998046e-20, nan 
116.625, 68.875, 5.096048473469935e-20, nan 
116.875, 68.875, 4.157561261713373e-20, nan 
117.125, 68.875, 5.069681361537771e-20, nan 
117.375, 68.875, 4.84104105868171e-20, nan 
117.625, 68.875, 4.333638416076287e-20, nan 
117.875, 68.875, 2.036706962431079e-20, nan 
118.125, 68.875, 3.5009511654299775e-20, nan 
118.375, 68.875, 5.179789567841518e-20, nan 
118.625, 68.875, 2.4126398495191684e-20, nan 
118.875, 68.875, 2.8217123792371613e-20, nan 
119.125, 68.875, 3.919028769811751e-20, nan 
119.375, 68.875, 4.77604383736263e-20, nan 
119.625, 68.875, 4.4900323755692846e-20, nan 
119.875, 68.875, 4.343945353723529e-20, nan 
120.125, 68.875, 4.445933116995747e-20, nan 
120.375, 68.875, 3.872481441779226e-20, nan 
120.625, 68.875, 2.970103827042467e-20, nan 
120.875, 68.875, 2.3782345849115595e-20, nan 
121.125, 68.875, 2.1321488889544088e-20, nan 
121.375, 68.875, 1.3446495420963645e-20, nan 
121.625, 68.875, 8.079790138927035e-21, nan 
121.875, 68.875, 3.592872544375865e-21, nan 
122.125, 68.875, 1.0715111887397301e-20, nan 
122.375, 68.875, 1.5522755767327325e-20, nan 
122.625, 68.875, 9.829825729492907e-21, nan 
122.875, 68.875, 2.171403562370955e-20, nan 
123.125, 68.875, 1.9036622603400005e-20, nan 
123.375, 68.875, 1.004273540623047e-20, nan 
123.625, 68.875, 2.567272384365494e-20, nan 
123.875, 68.875, 1.528043561209229e-20, nan 
124.125, 68.875, 1.2835415330141852e-20, nan 
124.375, 68.875, 2.3890702461543525e-20, nan 
124.625, 68.875, 2.0143545382353756e-20, nan 
124.875, 68.875, 8.732120487375778e-21, nan 
125.125, 68.875, 2.2611849535861736e-20, nan 
125.375, 68.875, 1.9230638329949344e-20, nan 
125.625, 68.875, 4.1056712648272936e-21, nan 
125.875, 68.875, 1.0607852497733965e-20, nan 
126.125, 68.875, 8.756535729863225e-21, nan 
126.375, 68.875, 5.5103138655433195e-21, nan 
126.625, 68.875, 4.439208656879066e-21, nan 
126.875, 68.875, 3.1383509456137805e-21, nan 
127.125, 68.875, 3.478519737112684e-21, nan 
127.375, 68.875, 1.728650841736396e-21, nan 
127.625, 68.875, 3.8171015758977145e-21, nan 
127.875, 68.875, 3.1399741297570414e-21, nan 
128.125, 68.875, 2.580612979777329e-21, nan 
128.375, 68.875, 3.506365584844577e-21, nan 
128.625, 68.875, 2.6147509005279576e-21, nan 
128.875, 68.875, 2.9231105517166305e-21, nan 
129.125, 68.875, 1.5986249438681264e-21, nan 
129.375, 68.875, 2.143108842562917e-21, nan 
129.625, 68.875, 2.3356405690493542e-21, nan 
129.875, 68.875, 1.6872455628269845e-21, nan 
130.125, 68.875, 1.6101040694259364e-21, nan 
130.375, 68.875, 1.3840493857490219e-21, nan 
130.625, 68.875, 1.8135380765223965e-21, nan 
130.875, 68.875, 1.3919637633576944e-21, nan 
131.125, 68.875, 6.875519540332898e-22, nan 
131.375, 68.875, 1.7933764690458294e-21, nan 
131.625, 68.875, 1.1992057252586454e-21, nan 
131.875, 68.875, 1.2918534771229963e-21, nan 
132.125, 68.875, 1.5792099061075817e-21, nan 
132.375, 68.875, 1.1959667708532344e-21, nan 
132.625, 68.875, 1.8249082623441128e-21, nan 
132.875, 68.875, 1.7297601953928124e-21, nan 
133.125, 68.875, 2.0330420148185117e-21, nan 
133.375, 68.875, 2.4446489355195767e-21, nan 
133.625, 68.875, 1.0348017885990696e-21, nan 
133.875, 68.875, 2.2455682112853513e-21, nan 
134.125, 68.875, 2.423421889457283e-21, nan 
134.375, 68.875, 1.5825017659146153e-21, nan 
134.625, 68.875, 1.6176984792726883e-21, nan 
134.875, 68.875, 1.447767794596636e-21, nan 
135.125, 68.875, 1.4946476390542537e-21, nan 
135.375, 68.875, 1.644244756980082e-21, nan 
135.625, 68.875, 1.4775839117050873e-21, nan 
135.875, 68.875, 1.0540797671324591e-21, nan 
136.125, 68.875, 1.8788274126312992e-21, nan 
136.375, 68.875, 2.520167254662935e-21, nan 
136.625, 68.875, 3.0882292485725008e-21, nan 
136.875, 68.875, 2.607521807938185e-21, nan 
137.125, 68.875, 2.844063850455865e-21, nan 
137.375, 68.875, 2.9666883299908897e-21, nan 
137.625, 68.875, 2.034330161704063e-21, nan 
137.875, 68.875, 1.3666436512165055e-21, nan 
138.125, 68.875, 1.9805377113471587e-21, nan 
138.375, 68.875, 2.1064733066265868e-21, nan 
138.625, 68.875, 2.446219277819837e-21, nan 
138.875, 68.875, 1.5625097431063102e-21, nan 
139.125, 68.875, 1.5736998123860683e-21, nan 
139.375, 68.875, 1.5980586730967748e-21, nan 
139.625, 68.875, 7.833801445293075e-22, nan 
139.875, 68.875, 2.1945670844912963e-22, nan 
140.125, 68.875, 3.0052339671951414e-22, nan 
140.375, 68.875, 4.849547325106767e-22, nan 
140.625, 68.875, 3.044744853735822e-22, nan 
140.875, 68.875, 1.5622319659283272e-22, nan 
141.125, 68.875, 2.162201821084698e-22, nan 
141.375, 68.875, 2.828753815609737e-22, nan 
141.625, 68.875, 1.4495958757743817e-22, nan 
141.875, 68.875, 1.888094551677145e-22, nan 
142.125, 68.875, 3.0940899664112196e-22, nan 
142.375, 68.875, 1.9033856078064663e-22, nan 
142.625, 68.875, 3.2107965590706373e-22, nan 
142.875, 68.875, 3.313935119221072e-22, nan 
143.125, 68.875, 2.0533083122306866e-22, nan 
143.375, 68.875, 3.672173013731497e-22, nan 
143.625, 68.875, 3.2774030696832877e-22, nan 
143.875, 68.875, 2.370348531306789e-22, nan 
144.125, 68.875, 1.5692118706759537e-22, nan 
144.375, 68.875, 1.7380242407296944e-22, nan 
144.625, 68.875, 1.9981151787782428e-22, nan 
144.875, 68.875, 2.383925858737e-22, nan 
145.125, 68.875, 1.9706100417404115e-22, nan 
145.375, 68.875, 1.5251139215456688e-22, nan 
145.625, 68.875, 2.182156532566308e-22, nan 
145.875, 68.875, 1.9612899906960347e-22, nan 
146.125, 68.875, 1.162079497697686e-22, nan 
146.375, 68.875, 8.889685298338551e-23, nan 
146.625, 68.875, 4.781865829961534e-23, nan 
146.875, 68.875, 4.33661460422158e-23, nan 
147.125, 68.875, 5.573283324073691e-23, nan 
147.375, 68.875, 4.652069700375794e-23, nan 
147.625, 68.875, 5.015243724157544e-23, nan 
147.875, 68.875, 3.78762437465749e-23, nan 
148.125, 68.875, 8.193195015348674e-23, nan 
148.375, 68.875, 1.416837318741262e-22, nan 
148.625, 68.875, 1.5339714205894882e-22, nan 
148.875, 68.875, 7.995684069056032e-23, nan 
149.125, 68.875, 8.16017028132638e-23, nan 
149.375, 68.875, 1.5816325488983005e-22, nan 
149.625, 68.875, 9.856860335582568e-23, nan 
149.875, 68.875, 1.339024394212493e-22, nan 
150.125, 68.875, 6.138851362848061e-23, nan 
150.375, 68.875, 5.475206625830721e-23, nan 
150.625, 68.875, 5.251126521634088e-23, nan 
150.875, 68.875, 4.266942434419772e-23, nan 
151.125, 68.875, 5.381550984482296e-23, nan 
151.375, 68.875, 6.660802301560735e-23, nan 
151.625, 68.875, 8.660689385571319e-23, nan 
151.875, 68.875, 9.77010109680655e-23, nan 
152.125, 68.875, 4.4775644294612054e-23, nan 
152.375, 68.875, 1.3343042635654603e-22, nan 
152.625, 68.875, 1.432581771502176e-22, nan 
152.875, 68.875, 4.130683076851684e-23, nan 
153.125, 68.875, 9.239702811241012e-23, nan 
153.375, 68.875, 9.17047914482174e-23, nan 
153.625, 68.875, 2.6723661841681076e-23, nan 
153.875, 68.875, 4.728781940898e-23, nan 
154.125, 68.875, 2.9630910848207164e-23, nan 
154.375, 68.875, 2.6321905812393574e-23, nan 
154.625, 68.875, 5.761925220549587e-23, nan 
154.875, 68.875, 4.416647750390327e-23, nan 
155.125, 68.875, 5.2669386512598346e-23, nan 
155.375, 68.875, 4.8747390869839716e-23, nan 
155.625, 68.875, 3.022080065253968e-23, nan 
155.875, 68.875, 3.870881611479733e-23, nan 
156.125, 68.875, 2.431915949398513e-23, nan 
156.375, 68.875, 2.3349933237231886e-23, nan 
156.625, 68.875, 3.1381582858709873e-23, nan 
156.875, 68.875, 3.6981260165542017e-23, nan 
157.125, 68.875, 3.367891266059534e-23, nan 
157.375, 68.875, 2.7042925611258186e-23, nan 
157.625, 68.875, 4.083517900360039e-23, nan 
157.875, 68.875, 4.375061601044987e-23, nan 
158.125, 68.875, 3.202405297367407e-23, nan 
158.375, 68.875, 2.1424533012709108e-23, nan 
158.625, 68.875, 2.473073676125817e-23, nan 
158.875, 68.875, 2.688262104147954e-23, nan 
159.125, 68.875, 1.0400231288787803e-23, nan 
159.375, 68.875, 7.114499493862765e-24, nan 
159.625, 68.875, 1.35675834944912e-23, nan 
159.875, 68.875, 1.8825469729343897e-23, nan 
160.125, 68.875, 3.5132117895311793e-23, nan 
160.375, 68.875, 1.611975619315257e-23, nan 
160.625, 68.875, 3.943794622854225e-23, nan 
160.875, 68.875, 8.246462002351056e-23, nan 
161.125, 68.875, 6.212192037742147e-23, nan 
161.375, 68.875, 4.2510691184765194e-23, nan 
161.625, 68.875, 6.57926905925114e-23, nan 
161.875, 68.875, 4.986433997454197e-23, nan 
162.125, 68.875, 2.1211979811712752e-23, nan 
162.375, 68.875, 1.9679059013952852e-23, nan 
162.625, 68.875, 1.4536272602761782e-23, nan 
162.875, 68.875, 2.540172556266685e-23, nan 
163.125, 68.875, 1.444282620955287e-23, nan 
163.375, 68.875, 8.662543731958878e-24, nan 
163.625, 68.875, 1.1527074885550034e-23, nan 
163.875, 68.875, 8.995330166885032e-24, nan 
164.125, 68.875, 8.452306788890223e-24, nan 
164.375, 68.875, 9.139546961975637e-24, nan 
164.625, 68.875, 8.308022242752847e-24, nan 
164.875, 68.875, 5.8681469569167434e-24, nan 
165.125, 68.875, 1.1902283393203666e-23, nan 
165.375, 68.875, 1.3949948466655172e-23, nan 
165.625, 68.875, 1.754132420499574e-23, nan 
165.875, 68.875, 1.6735743750306432e-23, nan 
166.125, 68.875, 1.874396951981985e-23, nan 
166.375, 68.875, 2.1313518901646977e-23, nan 
166.625, 68.875, 2.2799494056794815e-23, nan 
166.875, 68.875, 1.3265848816023263e-23, nan 
167.125, 68.875, 1.8966962534086147e-23, nan 
167.375, 68.875, 2.116692427068986e-23, nan 
167.625, 68.875, 2.1079650141679082e-23, nan 
167.875, 68.875, 3.0108598853712505e-23, nan 
168.125, 68.875, 2.1809274829396e-23, nan 
168.375, 68.875, 2.2264312149349322e-23, nan 
168.625, 68.875, 3.168393600341137e-23, nan 
168.875, 68.875, 3.3472029758828597e-23, nan 
169.125, 68.875, 3.6622027461760644e-23, nan 
169.375, 68.875, 3.512772754320134e-23, nan 
169.625, 68.875, 4.0329541510564606e-23, nan 
169.875, 68.875, 4.9418782944818445e-23, nan 
170.125, 68.875, 4.26767960843094e-23, nan 
170.375, 68.875, 3.4603622295454955e-23, nan 
170.625, 68.875, 3.0721129200280024e-23, nan 
170.875, 68.875, 2.290377007046413e-23, nan 
171.125, 68.875, 2.054425306645069e-23, nan 
171.375, 68.875, 2.0050467280085896e-23, nan 
171.625, 68.875, 1.697978569355377e-23, nan 
171.875, 68.875, 3.093243488789601e-23, nan 
172.125, 68.875, 2.1356954915362928e-23, nan 
172.375, 68.875, 1.5771278440119e-23, nan 
172.625, 68.875, 8.058601829223951e-24, nan 
172.875, 68.875, 8.222350413503318e-24, nan 
173.125, 68.875, 1.8732918935589908e-23, nan 
173.375, 68.875, 1.6593162494533312e-23, nan 
173.625, 68.875, 1.729512484073179e-23, nan 
173.875, 68.875, 1.8540283093856818e-23, nan 
174.125, 68.875, 1.2001763235441626e-23, nan 
174.375, 68.875, 1.42667386437206e-23, nan 
174.625, 68.875, 9.087424021540885e-24, nan 
174.875, 68.875, 1.0669521815676777e-23, nan 
175.125, 68.875, 1.707088045367545e-23, nan 
175.375, 68.875, 2.327558281547512e-23, nan 
175.625, 68.875, 1.3726189263836144e-23, nan 
175.875, 68.875, 1.274816432016884e-23, nan 
176.125, 68.875, 1.0027059471975091e-23, nan 
176.375, 68.875, 5.914971491685966e-24, nan 
176.625, 68.875, 6.000491585971806e-24, nan 
176.875, 68.875, 1.0521469784558592e-23, nan 
177.125, 68.875, 8.88322091238396e-24, nan 
177.375, 68.875, 1.0149674895107375e-23, nan 
177.625, 68.875, 1.3917635921936083e-23, nan 
177.875, 68.875, 1.758397504459062e-23, nan 
178.125, 68.875, 1.414924261553363e-23, nan 
178.375, 68.875, 9.9429588485248e-24, nan 
178.625, 68.875, 1.4829260908741346e-23, nan 
178.875, 68.875, 1.4543378294157396e-23, nan 
179.125, 68.875, 6.2319173961963785e-24, nan 
179.375, 68.875, 7.946070842104291e-24, nan 
179.625, 68.875, 4.397494575036038e-24, nan 
179.875, 68.875, 1.862611936045624e-24, nan 
-179.875, 69.125, 2.547080950262168e-24, nan 
-179.625, 69.125, 3.588001743178373e-24, nan 
-179.375, 69.125, 1.0977353295850464e-24, nan 
-179.125, 69.125, 3.589953125631518e-24, nan 
-178.875, 69.125, 7.38389827254977e-24, nan 
-178.625, 69.125, 7.141936685705569e-24, nan 
-178.375, 69.125, 1.0703112018084835e-23, nan 
-178.125, 69.125, 1.1985939477258642e-23, nan 
-177.875, 69.125, 1.216534591114174e-23, nan 
-177.625, 69.125, 1.0964120641893101e-23, nan 
-177.375, 69.125, 1.0400385259600805e-23, nan 
-177.125, 69.125, 9.782647814947263e-24, nan 
-176.875, 69.125, 4.591335932306563e-24, nan 
-176.625, 69.125, 2.4901173350612004e-24, nan 
-176.375, 69.125, 1.9962441354758734e-24, nan 
-176.125, 69.125, 2.5644551011377604e-24, nan 
-175.875, 69.125, 2.4543685055133753e-24, nan 
-175.625, 69.125, 3.074190306165656e-24, nan 
-175.375, 69.125, 7.51946917200146e-25, nan 
-175.125, 69.125, 2.7995720555389264e-24, nan 
-174.875, 69.125, 3.578505581190252e-24, nan 
-174.625, 69.125, 1.3578900329045106e-24, nan 
-174.375, 69.125, 5.606599421479681e-24, nan 
-174.125, 69.125, 4.109103000374366e-24, nan 
-173.875, 69.125, 3.4680216447331405e-24, nan 
-173.625, 69.125, 6.867787099808008e-24, nan 
-173.375, 69.125, 4.686099628269952e-24, nan 
-173.125, 69.125, 3.704300470923549e-24, nan 
-172.875, 69.125, 4.22331832340325e-24, nan 
-172.625, 69.125, 4.364213460327628e-24, nan 
-172.375, 69.125, 4.118236312946058e-24, nan 
-172.125, 69.125, 8.635381808103091e-24, nan 
-171.875, 69.125, 7.281354804099237e-24, nan 
-171.625, 69.125, 3.791621302583742e-24, nan 
-171.375, 69.125, 6.2045715844199384e-24, nan 
-171.125, 69.125, 5.8303188170140394e-24, nan 
18.375, 69.125, 1.3176654283233706e-24, nan 
18.625, 69.125, 1.3632135032290635e-24, nan 
18.875, 69.125, 1.4576721293539104e-24, nan 
19.125, 69.125, 1.58922062256226e-24, nan 
19.375, 69.125, 9.908377210389178e-25, nan 
19.625, 69.125, 6.233693626727464e-25, nan 
19.875, 69.125, 1.3132045461418819e-24, nan 
20.125, 69.125, 1.403769288664856e-24, nan 
20.375, 69.125, 1.202693150788653e-24, nan 
20.625, 69.125, 1.1184452159994592e-24, nan 
20.875, 69.125, 8.237214178416226e-25, nan 
21.125, 69.125, 1.492097474711014e-24, nan 
21.375, 69.125, 5.151077718585959e-25, nan 
21.625, 69.125, 6.54940868188259e-25, nan 
21.875, 69.125, 1.1095666768539137e-24, nan 
22.125, 69.125, 1.0852432233783941e-24, nan 
22.375, 69.125, 1.0855070097340942e-24, nan 
22.625, 69.125, 1.3331625388727788e-24, nan 
22.875, 69.125, 1.42987311865451e-24, nan 
23.125, 69.125, 2.7676008477909282e-24, nan 
23.375, 69.125, 1.280779851877318e-24, nan 
23.625, 69.125, 5.901730764765776e-25, nan 
23.875, 69.125, 1.3985624881439767e-24, nan 
24.125, 69.125, 2.906936847295177e-25, nan 
24.375, 69.125, 1.343106893035431e-24, nan 
24.625, 69.125, 3.8727264527086514e-24, nan 
24.875, 69.125, 5.318239852870017e-24, nan 
25.125, 69.125, 4.526330168804191e-24, nan 
25.375, 69.125, 4.942257014187372e-24, nan 
25.625, 69.125, 6.81582168003841e-24, nan 
25.875, 69.125, 5.585470138522411e-24, nan 
26.125, 69.125, 6.824753356648947e-24, nan 
26.375, 69.125, 5.8509677677006336e-24, nan 
26.625, 69.125, 4.0216004395480714e-24, nan 
26.875, 69.125, 3.750624401318445e-24, nan 
27.125, 69.125, 5.833573375025864e-24, nan 
27.375, 69.125, 5.335910509645639e-24, nan 
27.625, 69.125, 6.2054456398649825e-24, nan 
27.875, 69.125, 7.013046602116946e-24, nan 
28.125, 69.125, 5.4104182644966525e-24, nan 
28.375, 69.125, 3.508435410645774e-24, nan 
28.625, 69.125, 4.0449982782651555e-24, nan 
28.875, 69.125, 7.648932056392669e-24, nan 
29.125, 69.125, 2.288371315925399e-24, nan 
29.375, 69.125, 2.4774558305467268e-24, nan 
29.625, 69.125, 3.988906583031615e-24, nan 
29.875, 69.125, 1.4100540070565134e-24, nan 
30.125, 69.125, 1.2737432500465445e-24, nan 
30.375, 69.125, 1.8334004318847682e-24, nan 
30.625, 69.125, 9.395666177170652e-25, nan 
30.875, 69.125, 2.0207247285522408e-24, nan 
31.125, 69.125, 2.141090654150525e-24, nan 
31.375, 69.125, 2.7420077408082564e-24, nan 
31.625, 69.125, 2.507072430906844e-24, nan 
31.875, 69.125, 2.2525083711285454e-24, nan 
32.125, 69.125, 4.236916971582312e-24, nan 
32.375, 69.125, 3.231157804751838e-24, nan 
32.625, 69.125, 2.079109837787954e-24, nan 
32.875, 69.125, 2.5173742658261025e-24, nan 
33.125, 69.125, 3.1588259703403068e-24, nan 
33.375, 69.125, 1.9742909877694415e-24, nan 
33.625, 69.125, 2.649503266392122e-24, nan 
33.875, 69.125, 2.1572625106183367e-24, nan 
34.125, 69.125, 2.423706247439184e-24, nan 
34.375, 69.125, 2.557108348628212e-24, nan 
34.625, 69.125, 1.9952038196792096e-24, nan 
34.875, 69.125, 1.9524011527804274e-24, nan 
35.125, 69.125, 2.01700560797614e-24, nan 
35.375, 69.125, 1.255232566280351e-24, nan 
35.625, 69.125, 2.715928131720129e-24, nan 
35.875, 69.125, 1.4479938350853802e-24, nan 
36.125, 69.125, 2.178195176703154e-24, nan 
36.375, 69.125, 1.4916011334696525e-24, nan 
36.625, 69.125, 3.035834040921165e-24, nan 
36.875, 69.125, 2.6438806550019737e-24, nan 
37.125, 69.125, 6.329253183561398e-24, nan 
37.375, 69.125, 4.4929737004224345e-24, nan 
37.625, 69.125, 2.6815749228163986e-24, nan 
37.875, 69.125, 5.395585582308822e-24, nan 
38.125, 69.125, 7.119946280023917e-24, nan 
38.375, 69.125, 5.463419957674366e-24, nan 
38.625, 69.125, 3.306845914812527e-24, nan 
38.875, 69.125, 1.772151439464706e-24, nan 
39.125, 69.125, 3.318155436222278e-24, nan 
39.375, 69.125, 4.45130181349528e-24, nan 
39.625, 69.125, 7.374820804231846e-24, nan 
39.875, 69.125, 1.1718644080495396e-23, nan 
40.125, 69.125, 9.906690388778761e-24, nan 
40.375, 69.125, 1.0170739464112136e-23, nan 
40.625, 69.125, 1.3439850163302885e-23, nan 
40.875, 69.125, 1.1251545378848583e-23, nan 
41.125, 69.125, 2.940288158458464e-23, nan 
41.375, 69.125, 7.273944082525701e-23, nan 
41.625, 69.125, 6.697788258722232e-23, nan 
41.875, 69.125, 1.1621172876100284e-23, nan 
42.125, 69.125, 1.1335194374122942e-23, nan 
42.375, 69.125, 7.191678195567961e-24, nan 
42.625, 69.125, 1.1197367022591938e-23, nan 
42.875, 69.125, 1.2971786033989442e-23, nan 
43.125, 69.125, 1.2632463696555264e-23, nan 
43.375, 69.125, 9.550378710053375e-24, nan 
43.625, 69.125, 6.098631802755368e-24, nan 
43.875, 69.125, 1.0449641378899096e-23, nan 
44.125, 69.125, 5.146580372226586e-24, nan 
44.375, 69.125, 5.8870562947019555e-24, nan 
44.625, 69.125, 3.0729185289037344e-24, nan 
44.875, 69.125, 4.3720376550112675e-24, nan 
45.125, 69.125, 5.3316847260741825e-24, nan 
45.375, 69.125, 6.420932941193447e-24, nan 
45.625, 69.125, 5.614004064066317e-24, nan 
45.875, 69.125, 4.99758987410081e-24, nan 
46.125, 69.125, 7.530416110400616e-24, nan 
46.375, 69.125, 7.152766576943807e-24, nan 
46.625, 69.125, 7.46227261626165e-24, nan 
46.875, 69.125, 6.027071931864521e-24, nan 
47.125, 69.125, 6.525091973447939e-24, nan 
47.375, 69.125, 7.424358827236395e-24, nan 
47.625, 69.125, 4.201701086886768e-24, nan 
47.875, 69.125, 5.099707302486277e-24, nan 
48.125, 69.125, 3.2516537649441794e-24, nan 
48.375, 69.125, 3.172262035134816e-24, nan 
48.625, 69.125, 3.5816535148316656e-24, nan 
48.875, 69.125, 4.2291334185825695e-24, nan 
49.125, 69.125, 7.7845034463988305e-25, nan 
49.375, 69.125, 4.694329759076642e-24, nan 
49.625, 69.125, 7.420442065964081e-24, nan 
49.875, 69.125, 9.326829633191882e-24, nan 
50.125, 69.125, 6.822836289707008e-24, nan 
50.375, 69.125, 8.096441839264956e-24, nan 
50.625, 69.125, 8.8641965200035e-24, nan 
50.875, 69.125, 7.872083359577647e-24, nan 
51.125, 69.125, 9.632959189503666e-24, nan 
51.375, 69.125, 8.053263068979638e-24, nan 
51.625, 69.125, 6.996489721939984e-24, nan 
51.875, 69.125, 1.402238424340653e-23, nan 
52.125, 69.125, 1.2934981292573122e-23, nan 
52.375, 69.125, 9.761456485350925e-24, nan 
52.625, 69.125, 2.7889487624662355e-23, nan 
52.875, 69.125, 2.7901356069551826e-23, nan 
53.125, 69.125, 2.4643183542036417e-23, nan 
53.375, 69.125, 2.139509283650455e-23, nan 
53.625, 69.125, 2.6366736765845254e-23, nan 
53.875, 69.125, 2.1447654860365482e-23, nan 
54.125, 69.125, 1.5847400609353948e-23, nan 
54.375, 69.125, 1.520275568076148e-23, nan 
54.625, 69.125, 1.98914295434552e-23, nan 
54.875, 69.125, 1.5847321204180629e-23, nan 
55.125, 69.125, 1.4300596479616783e-23, nan 
55.375, 69.125, 1.1977998322677584e-23, nan 
55.625, 69.125, 6.933756906364578e-24, nan 
55.875, 69.125, 8.83277950639288e-24, nan 
56.125, 69.125, 8.002395713931165e-24, nan 
56.375, 69.125, 6.712333992859376e-24, nan 
56.625, 69.125, 1.0745348433851425e-23, nan 
56.875, 69.125, 2.178120154110312e-23, nan 
57.125, 69.125, 2.666484476587807e-23, nan 
57.375, 69.125, 2.5375168761658684e-23, nan 
57.625, 69.125, 3.2011112087749054e-23, nan 
57.875, 69.125, 2.933281831478081e-23, nan 
58.125, 69.125, 3.148436849350298e-23, nan 
58.375, 69.125, 3.129731669332566e-23, nan 
58.625, 69.125, 3.3570706128267515e-23, nan 
58.875, 69.125, 3.1423948234697473e-23, nan 
59.125, 69.125, 3.6043961013769723e-23, nan 
59.375, 69.125, 3.998152400432468e-23, nan 
59.625, 69.125, 2.8513974792070994e-23, nan 
59.875, 69.125, 3.867245899683529e-23, nan 
60.125, 69.125, 4.998362217744416e-23, nan 
60.375, 69.125, 2.4929460383225794e-23, nan 
60.625, 69.125, 5.592365378833341e-23, nan 
60.875, 69.125, 7.166316796688784e-23, nan 
61.125, 69.125, 5.723696556566422e-23, nan 
61.375, 69.125, 6.191152831167013e-23, nan 
61.625, 69.125, 7.689455239878064e-23, nan 
61.875, 69.125, 5.86199416785795e-23, nan 
62.125, 69.125, 2.591482022105544e-23, nan 
62.375, 69.125, 3.3931311050440935e-23, nan 
62.625, 69.125, 3.177288896171453e-23, nan 
62.875, 69.125, 2.4397517095026773e-23, nan 
63.125, 69.125, 2.43089671158248e-23, nan 
63.375, 69.125, 3.3296655315764906e-23, nan 
63.625, 69.125, 4.358576820045381e-23, nan 
63.875, 69.125, 3.711067378555891e-23, nan 
64.125, 69.125, 3.0371474144513416e-23, nan 
64.375, 69.125, 4.23981331105307e-23, nan 
64.625, 69.125, 6.956432932261612e-23, nan 
64.875, 69.125, 7.031908128288219e-23, nan 
65.125, 69.125, 3.7437101102404195e-23, nan 
65.375, 69.125, 7.901287798950248e-23, nan 
65.625, 69.125, 8.447155547417642e-23, nan 
65.875, 69.125, 5.364323835778096e-23, nan 
66.125, 69.125, 1.1582472093146476e-22, nan 
66.375, 69.125, 1.2720528528802267e-22, nan 
66.625, 69.125, 6.036160522574836e-23, nan 
66.875, 69.125, 8.697251673899275e-23, nan 
67.125, 69.125, 9.202292983576777e-23, nan 
67.375, 69.125, 1.0472691500524726e-22, nan 
67.625, 69.125, 1.1178253417518275e-22, nan 
67.875, 69.125, 1.339208622902546e-22, nan 
68.125, 69.125, 1.3574823514545154e-22, nan 
68.375, 69.125, 1.1007071789641665e-22, nan 
68.625, 69.125, 8.674774278982863e-23, nan 
68.875, 69.125, 5.67017522280163e-23, nan 
69.125, 69.125, 9.22762054689519e-23, nan 
69.375, 69.125, 1.0389658727555736e-22, nan 
69.625, 69.125, 1.2027627334836844e-22, nan 
69.875, 69.125, 1.5794985925923488e-22, nan 
70.125, 69.125, 1.7916878649501215e-22, nan 
70.375, 69.125, 1.6881623684800798e-22, nan 
70.625, 69.125, 1.4116669983430527e-22, nan 
70.875, 69.125, 1.9699844743237705e-22, nan 
71.125, 69.125, 2.0007000879229876e-22, nan 
71.375, 69.125, 1.4172017765384858e-22, nan 
71.625, 69.125, 1.4646999892603526e-22, nan 
71.875, 69.125, 1.5383166272056435e-22, nan 
72.125, 69.125, 1.1473962623939598e-22, nan 
72.375, 69.125, 1.2643206674556993e-22, nan 
72.625, 69.125, 9.785469328082103e-23, nan 
72.875, 69.125, 5.8154325935047e-23, nan 
73.125, 69.125, 1.7058860741022239e-22, nan 
73.375, 69.125, 3.2270068312851954e-22, nan 
73.625, 69.125, 2.808539521070278e-22, nan 
73.875, 69.125, 3.2618642071690275e-22, nan 
74.125, 69.125, 8.280836968102439e-22, nan 
74.375, 69.125, 7.946070647362991e-22, nan 
74.625, 69.125, 4.1860143049379875e-22, nan 
74.875, 69.125, 9.222602785722e-22, nan 
75.125, 69.125, 7.751438193159695e-22, nan 
75.375, 69.125, 2.575380314924135e-22, nan 
75.625, 69.125, 2.2862068306809914e-22, nan 
75.875, 69.125, 1.9466435501801537e-22, nan 
76.125, 69.125, 1.6363028943324793e-22, nan 
76.375, 69.125, 1.84581057053215e-22, nan 
76.625, 69.125, 2.119285035627656e-22, nan 
76.875, 69.125, 3.4710897615889085e-22, nan 
77.125, 69.125, 3.9524625462404434e-22, nan 
77.375, 69.125, 2.1429515950533355e-22, nan 
77.625, 69.125, 4.166782338319839e-22, nan 
77.875, 69.125, 2.446028506134956e-22, nan 
78.125, 69.125, 2.533237646629594e-22, nan 
78.375, 69.125, 2.7957065825481696e-22, nan 
78.625, 69.125, 7.013377091464763e-22, nan 
78.875, 69.125, 3.2885133033509344e-22, nan 
79.125, 69.125, 4.415827402886479e-22, nan 
79.375, 69.125, 5.348531763572745e-22, nan 
79.625, 69.125, 5.160375258990718e-22, nan 
79.875, 69.125, 6.020521742366521e-22, nan 
80.125, 69.125, 7.305972663601012e-22, nan 
80.375, 69.125, 6.510139398978373e-22, nan 
80.625, 69.125, 4.5816481088614075e-22, nan 
80.875, 69.125, 3.7968955642070716e-22, nan 
81.125, 69.125, 1.101095311545736e-21, nan 
81.375, 69.125, 1.427371701374298e-21, nan 
81.625, 69.125, 5.185998151645573e-22, nan 
81.875, 69.125, 2.2841892977567336e-21, nan 
82.125, 69.125, 3.0361435706832846e-21, nan 
82.375, 69.125, 9.595920586691256e-22, nan 
82.625, 69.125, 2.5281317711986707e-21, nan 
82.875, 69.125, 2.2120488630611615e-21, nan 
83.125, 69.125, 1.4624137728112034e-21, nan 
83.375, 69.125, 1.9787693643130327e-21, nan 
83.625, 69.125, 2.2751128521884256e-21, nan 
83.875, 69.125, 1.9438022384098153e-21, nan 
84.125, 69.125, 1.6561845699116931e-21, nan 
84.375, 69.125, 1.0724896346877594e-21, nan 
84.625, 69.125, 8.150785945468491e-22, nan 
84.875, 69.125, 1.7742070455267783e-21, nan 
85.125, 69.125, 1.7755569219041596e-21, nan 
85.375, 69.125, 1.3953550757014297e-21, nan 
85.625, 69.125, 2.9134986679422657e-21, nan 
85.875, 69.125, 2.361662929972873e-21, nan 
86.125, 69.125, 1.742374450379412e-21, nan 
86.375, 69.125, 2.3492821400320926e-21, nan 
86.625, 69.125, 2.85982613940335e-21, nan 
86.875, 69.125, 2.968942287506104e-21, nan 
87.125, 69.125, 2.9938825475514816e-21, nan 
87.375, 69.125, 3.2403816406857708e-21, nan 
87.625, 69.125, 2.8635044208251467e-21, nan 
87.875, 69.125, 4.067868378410672e-21, nan 
88.125, 69.125, 5.5757049481455615e-21, nan 
88.375, 69.125, 8.79965336167701e-21, nan 
88.625, 69.125, 9.193225017133492e-21, nan 
88.875, 69.125, 9.530696251219313e-21, nan 
89.125, 69.125, 1.2944557168894174e-20, nan 
89.375, 69.125, 1.3338007367865628e-20, nan 
89.625, 69.125, 1.4336534026121978e-20, nan 
89.875, 69.125, 7.467841849385061e-21, nan 
90.125, 69.125, 7.878165318159972e-21, nan 
90.375, 69.125, 3.85558939949066e-21, nan 
90.625, 69.125, 1.0007302710286617e-20, nan 
90.875, 69.125, 1.506092971623383e-20, nan 
91.125, 69.125, 1.2831829958360936e-20, nan 
91.375, 69.125, 2.0481515857250067e-20, nan 
91.625, 69.125, 1.9703467140408814e-20, nan 
91.875, 69.125, 1.0856144080019343e-20, nan 
92.125, 69.125, 9.205813712259586e-21, nan 
92.375, 69.125, 2.0287131191838782e-20, nan 
92.625, 69.125, 2.2486350288192652e-20, nan 
92.875, 69.125, 1.9507537566722293e-20, nan 
93.125, 69.125, 2.4149376685128088e-20, nan 
93.375, 69.125, 2.6131288741083893e-20, nan 
93.625, 69.125, 2.0854689598201184e-20, nan 
93.875, 69.125, 1.0190381502403841e-20, nan 
94.125, 69.125, 1.1645977757113487e-20, nan 
94.375, 69.125, 1.0528526654200123e-20, nan 
94.625, 69.125, 1.3501470725777785e-20, nan 
94.875, 69.125, 1.8304843576040282e-20, nan 
95.125, 69.125, 1.6268444632005497e-20, nan 
95.375, 69.125, 2.4864906317540175e-20, nan 
95.625, 69.125, 2.812472613031074e-20, nan 
95.875, 69.125, 2.333130303724329e-20, nan 
96.125, 69.125, 2.862685413422447e-20, nan 
96.375, 69.125, 3.104480940862718e-20, nan 
96.625, 69.125, 2.764022178792011e-20, nan 
96.875, 69.125, 1.5366173661144344e-20, nan 
97.125, 69.125, 1.7450205897122767e-20, nan 
97.375, 69.125, 3.192982449999454e-20, nan 
97.625, 69.125, 2.2349587374924614e-20, nan 
97.875, 69.125, 4.011657171840931e-20, nan 
98.125, 69.125, 8.050336863653905e-20, nan 
98.375, 69.125, 6.029220632057644e-20, nan 
98.625, 69.125, 7.586412842761606e-20, nan 
98.875, 69.125, 1.2162092251775007e-19, nan 
99.125, 69.125, 1.465282597955961e-19, nan 
99.375, 69.125, 1.3667077621403486e-19, nan 
99.625, 69.125, 6.959944845177813e-20, nan 
99.875, 69.125, 7.727500103516409e-20, nan 
100.125, 69.125, 9.882274307532514e-20, nan 
100.375, 69.125, 1.2526418209537214e-19, nan 
100.625, 69.125, 1.202150405213394e-19, nan 
100.875, 69.125, 1.8605868368344795e-19, nan 
101.125, 69.125, 2.6397776198270084e-19, nan 
101.375, 69.125, 1.9395931414380532e-19, nan 
101.625, 69.125, 9.052440785582209e-20, nan 
101.875, 69.125, 1.4139026300955508e-19, nan 
102.125, 69.125, 1.6518479271613903e-19, nan 
102.375, 69.125, 1.6973566928644075e-19, nan 
102.625, 69.125, 1.4587035025744437e-19, nan 
102.875, 69.125, 1.1133683331567593e-19, nan 
103.125, 69.125, 1.2620752982562088e-19, nan 
103.375, 69.125, 1.18914020927391e-19, nan 
103.625, 69.125, 9.82873387972527e-20, nan 
103.875, 69.125, 1.8167721500245225e-19, nan 
104.125, 69.125, 1.9993487086896324e-19, nan 
104.375, 69.125, 1.990533486587062e-19, nan 
104.625, 69.125, 1.5415646106324517e-19, nan 
104.875, 69.125, 1.784741792773354e-19, nan 
105.125, 69.125, 1.8497333382412522e-19, nan 
105.375, 69.125, 2.757843622356039e-19, nan 
105.625, 69.125, 3.974083657223936e-19, nan 
105.875, 69.125, 3.979895630478629e-19, nan 
106.125, 69.125, 2.6887510977413874e-19, nan 
106.375, 69.125, 1.9807563026748603e-19, nan 
106.625, 69.125, 1.3750975775866008e-19, nan 
106.875, 69.125, 1.5518993449954514e-19, nan 
107.125, 69.125, 2.5375473922580963e-19, nan 
107.375, 69.125, 2.4387353704199056e-19, nan 
107.625, 69.125, 2.4495010138961394e-19, nan 
107.875, 69.125, 2.795713051165503e-19, nan 
108.125, 69.125, 2.1836830076654823e-19, nan 
108.375, 69.125, 2.1687356242833276e-19, nan 
108.625, 69.125, 2.424299898038418e-19, nan 
108.875, 69.125, 1.3048993768204778e-19, nan 
109.125, 69.125, 1.332049013613865e-19, nan 
109.375, 69.125, 2.5060478774199073e-19, nan 
109.625, 69.125, 2.5174878883213245e-19, nan 
109.875, 69.125, 2.761367981117345e-19, nan 
110.125, 69.125, 2.9378647685669904e-19, nan 
110.375, 69.125, 3.2085935705594263e-19, nan 
110.625, 69.125, 3.5294179496310354e-19, nan 
110.875, 69.125, 2.638226402889054e-19, nan 
111.125, 69.125, 2.2641614982346155e-19, nan 
111.375, 69.125, 2.3090097150118314e-19, nan 
111.625, 69.125, 1.194533422599622e-19, nan 
111.875, 69.125, 1.105540772731014e-19, nan 
112.125, 69.125, 1.2371790326878877e-19, nan 
112.375, 69.125, 6.514867221251952e-20, nan 
112.625, 69.125, 9.607054104518632e-20, nan 
112.875, 69.125, 8.546028959380992e-20, nan 
113.125, 69.125, 6.721520960758062e-20, nan 
113.375, 69.125, 1.1784467858166073e-19, nan 
113.625, 69.125, 1.1874412474604943e-19, nan 
113.875, 69.125, 7.941752001527694e-20, nan 
114.125, 69.125, 7.182478003015896e-20, nan 
114.375, 69.125, 6.488291462526345e-20, nan 
114.625, 69.125, 6.622735298274762e-20, nan 
114.875, 69.125, 6.61233763711308e-20, nan 
115.125, 69.125, 6.281544947032772e-20, nan 
115.375, 69.125, 3.8051652664213704e-20, nan 
115.625, 69.125, 9.735545969904227e-20, nan 
115.875, 69.125, 1.9581961714638055e-19, nan 
116.125, 69.125, 1.2713266649096468e-19, nan 
116.375, 69.125, 3.43641413030871e-20, nan 
116.625, 69.125, 6.262298409737725e-20, nan 
116.875, 69.125, 8.644478383097991e-20, nan 
117.125, 69.125, 5.274607640452916e-20, nan 
117.375, 69.125, 4.391629332169008e-20, nan 
117.625, 69.125, 4.159870727371803e-20, nan 
117.875, 69.125, 2.296975073070914e-20, nan 
118.125, 69.125, 5.974678331557676e-20, nan 
118.375, 69.125, 4.7697173536922887e-20, nan 
118.625, 69.125, 3.879028370526165e-20, nan 
118.875, 69.125, 4.4940070672606543e-20, nan 
119.125, 69.125, 5.282012420772862e-20, nan 
119.375, 69.125, 4.798994592758941e-20, nan 
119.625, 69.125, 4.130987364943768e-20, nan 
119.875, 69.125, 3.221118198454047e-20, nan 
120.125, 69.125, 2.2992140079672273e-20, nan 
120.375, 69.125, 1.7104051600825544e-20, nan 
120.625, 69.125, 4.704852535449655e-21, nan 
120.875, 69.125, 2.4711782795428372e-20, nan 
121.125, 69.125, 1.0615261124022778e-20, nan 
121.375, 69.125, 1.3709987643059845e-20, nan 
121.625, 69.125, 1.2509649833745966e-20, nan 
121.875, 69.125, 1.2867810238159371e-20, nan 
122.125, 69.125, 3.0492307110825586e-20, nan 
122.375, 69.125, 2.091992643441703e-20, nan 
122.625, 69.125, 2.827385953131587e-20, nan 
122.875, 69.125, 4.0136650216658997e-20, nan 
123.125, 69.125, 2.4731587875813452e-20, nan 
123.375, 69.125, 2.1617949910314292e-20, nan 
123.625, 69.125, 3.246140510380692e-20, nan 
123.875, 69.125, 1.2149910888459455e-20, nan 
124.125, 69.125, 1.4604733626019865e-20, nan 
124.375, 69.125, 2.752605415178957e-20, nan 
124.625, 69.125, 2.1429534146904848e-20, nan 
124.875, 69.125, 1.1290562240175285e-20, nan 
125.125, 69.125, 1.7367403500332303e-20, nan 
125.375, 69.125, 1.5796389235032607e-20, nan 
125.625, 69.125, 9.206435953654246e-21, nan 
125.875, 69.125, 6.651362964546797e-21, nan 
126.125, 69.125, 4.259552766315495e-21, nan 
126.375, 69.125, 7.118999105776335e-21, nan 
126.625, 69.125, 5.420036784107063e-21, nan 
126.875, 69.125, 3.079867962154201e-21, nan 
127.125, 69.125, 2.679295842732037e-21, nan 
127.375, 69.125, 1.2901989339832495e-21, nan 
127.625, 69.125, 2.231580478821757e-21, nan 
127.875, 69.125, 2.7252204091835504e-21, nan 
128.125, 69.125, 2.890148256002218e-21, nan 
128.375, 69.125, 2.8020907276724717e-21, nan 
128.625, 69.125, 4.0159074468354464e-21, nan 
128.875, 69.125, 3.831306375292298e-21, nan 
129.125, 69.125, 3.0185953141391554e-21, nan 
129.375, 69.125, 2.4058838802348487e-21, nan 
129.625, 69.125, 2.2618605709831294e-21, nan 
129.875, 69.125, 1.7905421773291508e-21, nan 
130.125, 69.125, 1.3728848443007342e-21, nan 
130.375, 69.125, 1.777509654881774e-21, nan 
130.625, 69.125, 1.4010280888257207e-21, nan 
130.875, 69.125, 5.977104972322433e-22, nan 
131.125, 69.125, 9.174818288465915e-22, nan 
131.375, 69.125, 1.4649916367168488e-21, nan 
131.625, 69.125, 8.417480604871428e-22, nan 
131.875, 69.125, 1.570305220934143e-21, nan 
132.125, 69.125, 1.5568742888021085e-21, nan 
132.375, 69.125, 1.1813066569979264e-21, nan 
132.625, 69.125, 1.6014328709723044e-21, nan 
132.875, 69.125, 1.4706125954807505e-21, nan 
133.125, 69.125, 1.3274688075101865e-21, nan 
133.375, 69.125, 1.9236305335468998e-21, nan 
133.625, 69.125, 1.336088574827078e-21, nan 
133.875, 69.125, 1.012098032507949e-21, nan 
134.125, 69.125, 8.477524264287786e-22, nan 
134.375, 69.125, 7.936000841013573e-22, nan 
134.625, 69.125, 6.293063536898547e-22, nan 
134.875, 69.125, 4.661379538078081e-22, nan 
135.125, 69.125, 6.871367120764212e-22, nan 
135.375, 69.125, 3.553416123815657e-22, nan 
135.625, 69.125, 4.4928234309527165e-22, nan 
135.875, 69.125, 5.847839384159607e-22, nan 
136.125, 69.125, 4.285880239602239e-22, nan 
136.375, 69.125, 1.0567351986395e-21, nan 
136.625, 69.125, 1.4875767815732909e-21, nan 
136.875, 69.125, 1.758127138776171e-21, nan 
137.125, 69.125, 2.1732187221126325e-21, nan 
137.375, 69.125, 2.4655643985160017e-21, nan 
137.625, 69.125, 1.992317336973968e-21, nan 
137.875, 69.125, 1.589457215981325e-21, nan 
138.125, 69.125, 1.6744628921798423e-21, nan 
138.375, 69.125, 1.4291552636444821e-21, nan 
138.625, 69.125, 2.0448592037673857e-21, nan 
138.875, 69.125, 7.565327314216332e-22, nan 
139.125, 69.125, 5.564110155085556e-22, nan 
139.375, 69.125, 6.3817032026129685e-22, nan 
139.625, 69.125, 5.481661271381424e-22, nan 
139.875, 69.125, 2.092973047909002e-22, nan 
140.125, 69.125, 3.011336562423263e-22, nan 
140.375, 69.125, 3.3430177955772303e-22, nan 
140.625, 69.125, 1.8760508987989616e-22, nan 
140.875, 69.125, 1.5377479147732288e-22, nan 
141.125, 69.125, 1.42084412495961e-22, nan 
141.375, 69.125, 1.3501838381716864e-22, nan 
141.625, 69.125, 1.9828366734544092e-22, nan 
141.875, 69.125, 2.937846151703071e-22, nan 
142.125, 69.125, 1.8823412723818654e-22, nan 
142.375, 69.125, 5.246403782642422e-23, nan 
142.625, 69.125, 1.7905309065068883e-22, nan 
142.875, 69.125, 3.169264623100489e-22, nan 
143.125, 69.125, 2.4412888979804306e-22, nan 
143.375, 69.125, 2.2146558581389716e-22, nan 
143.625, 69.125, 2.8081758173252433e-22, nan 
143.875, 69.125, 3.387999374566432e-22, nan 
144.125, 69.125, 2.786469395997683e-22, nan 
144.375, 69.125, 1.3620990637838182e-22, nan 
144.625, 69.125, 2.524405260370187e-22, nan 
144.875, 69.125, 3.7966984797715453e-22, nan 
145.125, 69.125, 2.415731990955712e-22, nan 
145.375, 69.125, 1.874673539278827e-22, nan 
145.625, 69.125, 3.0305088042955457e-22, nan 
145.875, 69.125, 2.3083479408749497e-22, nan 
146.125, 69.125, 1.3552210597645115e-22, nan 
146.375, 69.125, 8.49602270983515e-23, nan 
146.625, 69.125, 3.4401604212332365e-23, nan 
146.875, 69.125, 5.612765205021473e-23, nan 
147.125, 69.125, 2.3426309023159598e-23, nan 
147.375, 69.125, 4.5849800913188445e-23, nan 
147.625, 69.125, 5.577652219968971e-23, nan 
147.875, 69.125, 4.602557621984464e-23, nan 
148.125, 69.125, 6.595015732942359e-23, nan 
148.375, 69.125, 3.20498975195244e-23, nan 
148.625, 69.125, 4.0102798579040285e-23, nan 
148.875, 69.125, 6.691069412050106e-23, nan 
149.125, 69.125, 6.14278548371125e-23, nan 
149.375, 69.125, 4.300030291797345e-23, nan 
149.625, 69.125, 4.2812233767281856e-23, nan 
149.875, 69.125, 5.670350354915146e-23, nan 
150.125, 69.125, 6.573233153842202e-23, nan 
150.375, 69.125, 7.480929056783556e-23, nan 
150.625, 69.125, 7.893666878613915e-23, nan 
150.875, 69.125, 6.658050138675811e-23, nan 
151.125, 69.125, 6.856841566724246e-23, nan 
151.375, 69.125, 7.422365923869361e-23, nan 
151.625, 69.125, 5.716564982861891e-23, nan 
151.875, 69.125, 2.3308821880905346e-23, nan 
152.125, 69.125, 7.276087317981649e-23, nan 
152.375, 69.125, 1.0274359236919612e-22, nan 
152.625, 69.125, 9.002934805271772e-23, nan 
152.875, 69.125, 6.789451665024808e-23, nan 
153.125, 69.125, 6.617139322660596e-23, nan 
153.375, 69.125, 3.414440779313781e-23, nan 
153.625, 69.125, 2.511430730745913e-23, nan 
153.875, 69.125, 3.7514441967458195e-23, nan 
154.125, 69.125, 3.16279055661883e-23, nan 
154.375, 69.125, 4.242413914246129e-23, nan 
154.625, 69.125, 3.1204901822404954e-23, nan 
154.875, 69.125, 4.6735420691311467e-23, nan 
155.125, 69.125, 4.10498044415969e-23, nan 
155.375, 69.125, 2.1617272783234204e-23, nan 
155.625, 69.125, 5.2062732749396126e-23, nan 
155.875, 69.125, 4.7455378124853837e-23, nan 
156.125, 69.125, 1.5100796710748086e-23, nan 
156.375, 69.125, 3.026031083852339e-23, nan 
156.625, 69.125, 3.28049911605236e-23, nan 
156.875, 69.125, 2.350086224574392e-23, nan 
157.125, 69.125, 2.251366828355462e-23, nan 
157.375, 69.125, 1.531989133647644e-23, nan 
157.625, 69.125, 4.288654466887774e-23, nan 
157.875, 69.125, 4.177106831980104e-23, nan 
158.125, 69.125, 4.022019585074352e-23, nan 
158.375, 69.125, 2.7486200613411394e-23, nan 
158.625, 69.125, 3.123836115490846e-23, nan 
158.875, 69.125, 2.9882911466633535e-23, nan 
159.125, 69.125, 2.0304518488592462e-23, nan 
159.375, 69.125, 1.470234993917268e-23, nan 
159.625, 69.125, 1.0951770591660303e-23, nan 
159.875, 69.125, 2.5415715331871247e-23, nan 
160.125, 69.125, 1.7196460938678682e-23, nan 
160.375, 69.125, 3.3792167928850385e-23, nan 
160.625, 69.125, 7.03944746149169e-23, nan 
160.875, 69.125, 6.453701401310865e-23, nan 
161.125, 69.125, 4.5860770067972205e-23, nan 
161.375, 69.125, 5.42736563572947e-23, nan 
161.625, 69.125, 4.293791246151677e-23, nan 
161.875, 69.125, 1.955637571636343e-23, nan 
162.125, 69.125, 1.4037146620281448e-23, nan 
162.375, 69.125, 2.662019924038453e-23, nan 
162.625, 69.125, 6.705448010954375e-23, nan 
162.875, 69.125, 3.674956284450631e-23, nan 
163.125, 69.125, 2.0972184496126783e-23, nan 
163.375, 69.125, 2.1954284991921925e-23, nan 
163.625, 69.125, 2.641811824528571e-23, nan 
163.875, 69.125, 1.4533041863426977e-23, nan 
164.125, 69.125, 5.0069172744359116e-24, nan 
164.375, 69.125, 5.815080139351194e-24, nan 
164.625, 69.125, 1.138584747264968e-23, nan 
164.875, 69.125, 1.4589046174191158e-23, nan 
165.125, 69.125, 1.1919573144642798e-23, nan 
165.375, 69.125, 1.3566233761756836e-23, nan 
165.625, 69.125, 1.959017525305482e-23, nan 
165.875, 69.125, 1.089505636453499e-23, nan 
166.125, 69.125, 1.2294488139477213e-23, nan 
166.375, 69.125, 1.8949523262110967e-23, nan 
166.625, 69.125, 7.134124228186578e-24, nan 
166.875, 69.125, 9.841125330728151e-24, nan 
167.125, 69.125, 1.4764235548434677e-23, nan 
167.375, 69.125, 1.850170127112155e-23, nan 
167.625, 69.125, 2.0292160806136694e-23, nan 
167.875, 69.125, 3.186822266596802e-23, nan 
168.125, 69.125, 3.0305344688367126e-23, nan 
168.375, 69.125, 3.2495739679224834e-23, nan 
168.625, 69.125, 3.652474403490416e-23, nan 
168.875, 69.125, 3.205440453310978e-23, nan 
169.125, 69.125, 3.369843194702019e-23, nan 
169.375, 69.125, 3.376016442102732e-23, nan 
169.625, 69.125, 4.12649878107461e-23, nan 
169.875, 69.125, 4.9289799199458634e-23, nan 
170.125, 69.125, 4.569072915625617e-23, nan 
170.375, 69.125, 4.1482590238467094e-23, nan 
170.625, 69.125, 4.08473594409761e-23, nan 
170.875, 69.125, 3.66958049486922e-23, nan 
171.125, 69.125, 2.6297590918563447e-23, nan 
171.375, 69.125, 1.882207913157247e-23, nan 
171.625, 69.125, 1.61827129378395e-23, nan 
171.875, 69.125, 1.9101023092782875e-23, nan 
172.125, 69.125, 1.833424537177118e-23, nan 
172.375, 69.125, 1.7002441777631358e-23, nan 
172.625, 69.125, 1.7401296645523678e-23, nan 
172.875, 69.125, 1.8762724544315198e-23, nan 
173.125, 69.125, 2.132461861387481e-23, nan 
173.375, 69.125, 2.0616778920808565e-23, nan 
173.625, 69.125, 2.1726895143017278e-23, nan 
173.875, 69.125, 2.697071867936591e-23, nan 
174.125, 69.125, 1.5280699564196186e-23, nan 
174.375, 69.125, 1.6082270780068434e-23, nan 
174.625, 69.125, 3.192665564917748e-23, nan 
174.875, 69.125, 2.3101573661965476e-23, nan 
175.125, 69.125, 1.1517087676864961e-23, nan 
175.375, 69.125, 2.1903248036663885e-23, nan 
175.625, 69.125, 1.8934267495550783e-23, nan 
175.875, 69.125, 1.6469582964576277e-23, nan 
176.125, 69.125, 1.1227809444375519e-23, nan 
176.375, 69.125, 1.63903337669932e-23, nan 
176.625, 69.125, 2.138986693856803e-23, nan 
176.875, 69.125, 1.343494294949371e-23, nan 
177.125, 69.125, 1.4424049571127855e-23, nan 
177.375, 69.125, 1.8216890575810457e-23, nan 
177.625, 69.125, 1.8193278099460968e-23, nan 
177.875, 69.125, 2.059879415527528e-23, nan 
178.125, 69.125, 1.4226875222324302e-23, nan 
178.375, 69.125, 1.5473465843413694e-23, nan 
178.625, 69.125, 1.8963136235735182e-23, nan 
178.875, 69.125, 1.222868853570942e-23, nan 
179.125, 69.125, 5.885394043943399e-24, nan 
179.375, 69.125, 3.3060495269876792e-24, nan 
179.625, 69.125, 2.866281262412733e-24, nan 
179.875, 69.125, 2.8796544613990637e-24, nan 
-179.875, 69.375, 5.537208104505936e-24, nan 
-179.625, 69.375, 4.388147184539943e-24, nan 
-179.375, 69.375, 4.6647402786470516e-24, nan 
-179.125, 69.375, 4.143728201194602e-24, nan 
-178.875, 69.375, 8.227975221947628e-24, nan 
-178.625, 69.375, 1.5997767471489203e-23, nan 
-178.375, 69.375, 1.730904790256465e-23, nan 
-178.125, 69.375, 1.2091495114092426e-23, nan 
-177.875, 69.375, 1.4246697795335692e-23, nan 
-177.625, 69.375, 1.4217391796155452e-23, nan 
-177.375, 69.375, 8.192479861214355e-24, nan 
-177.125, 69.375, 3.678556791933421e-24, nan 
-176.875, 69.375, 2.1248966498709433e-24, nan 
-176.625, 69.375, 2.2539714007146455e-24, nan 
-176.375, 69.375, 1.9666590194739372e-24, nan 
-176.125, 69.375, 3.654561743685376e-24, nan 
-175.875, 69.375, 4.820516192770544e-24, nan 
-175.625, 69.375, 3.938526437529692e-24, nan 
-175.375, 69.375, 3.106963510689516e-24, nan 
-175.125, 69.375, 4.6994246723547814e-24, nan 
-174.875, 69.375, 1.6185581132991331e-24, nan 
-174.625, 69.375, 3.2297461153994744e-24, nan 
-174.375, 69.375, 5.394020983915886e-24, nan 
-174.125, 69.375, 4.385968704717045e-24, nan 
-173.875, 69.375, 3.0230678886446444e-24, nan 
-173.625, 69.375, 6.3992855747110424e-24, nan 
-173.375, 69.375, 6.404058418248744e-24, nan 
-173.125, 69.375, 2.211077509007711e-24, nan 
-172.875, 69.375, 5.259020696411468e-24, nan 
-172.625, 69.375, 6.725493553202552e-24, nan 
-172.375, 69.375, 7.588525152326435e-24, nan 
-172.125, 69.375, 7.819324691797956e-24, nan 
-171.875, 69.375, 8.2429395171667e-24, nan 
-171.625, 69.375, 7.50779160790112e-24, nan 
-171.375, 69.375, 4.111604186797481e-24, nan 
-171.125, 69.375, 4.213990849640782e-24, nan 
-170.875, 69.375, 6.023877524317498e-24, nan 
-170.625, 69.375, 5.8354024377523935e-24, nan 
17.125, 69.375, 2.5682073273799026e-24, nan 
17.375, 69.375, 1.5955687266945294e-24, nan 
17.625, 69.375, 2.399117898069005e-24, nan 
17.875, 69.375, 1.317620729321255e-24, nan 
18.125, 69.375, 1.7776534419375223e-24, nan 
18.375, 69.375, 2.259905757156104e-24, nan 
18.625, 69.375, 1.5390023751740447e-24, nan 
18.875, 69.375, 1.4341337721693862e-24, nan 
19.125, 69.375, 1.7023558215760516e-24, nan 
19.375, 69.375, 2.193058120464843e-24, nan 
19.625, 69.375, 1.261342670173388e-24, nan 
19.875, 69.375, 2.0301382220018014e-24, nan 
20.125, 69.375, 2.1480742597197585e-24, nan 
20.375, 69.375, 1.5442045267991402e-24, nan 
20.625, 69.375, 1.3749166580270238e-24, nan 
20.875, 69.375, 1.9601685837146054e-24, nan 
21.125, 69.375, 2.135660918759177e-24, nan 
21.375, 69.375, 2.3982007916398323e-24, nan 
21.625, 69.375, 2.4998345894617797e-24, nan 
21.875, 69.375, 3.028214757236256e-24, nan 
22.125, 69.375, 2.6937116236468278e-24, nan 
22.375, 69.375, 2.6055996898891064e-24, nan 
22.625, 69.375, 1.982820308338247e-24, nan 
22.875, 69.375, 1.719015517493415e-24, nan 
23.125, 69.375, 3.3314922548693175e-24, nan 
23.375, 69.375, 2.208230346239036e-24, nan 
23.625, 69.375, 5.820763068475285e-25, nan 
23.875, 69.375, 1.4786934121665042e-24, nan 
24.125, 69.375, 1.780167298500603e-24, nan 
24.375, 69.375, 1.81822471392508e-24, nan 
24.625, 69.375, 2.522492917176604e-24, nan 
24.875, 69.375, 2.4244222762369165e-24, nan 
25.125, 69.375, 1.9960719746538223e-24, nan 
25.375, 69.375, 1.147408205899936e-24, nan 
25.625, 69.375, 3.2280709542442516e-24, nan 
25.875, 69.375, 3.408867420590452e-24, nan 
26.125, 69.375, 5.1631163988034294e-24, nan 
26.375, 69.375, 4.82973629964159e-24, nan 
26.625, 69.375, 4.277672213396962e-24, nan 
26.875, 69.375, 3.615095195655344e-24, nan 
27.125, 69.375, 4.0414961111241136e-24, nan 
27.375, 69.375, 5.108519940032135e-24, nan 
27.625, 69.375, 5.5120808482275885e-24, nan 
27.875, 69.375, 2.780749528954158e-24, nan 
28.125, 69.375, 2.309381517368788e-24, nan 
28.375, 69.375, 3.175660156326187e-24, nan 
28.625, 69.375, 3.3066130161440375e-24, nan 
28.875, 69.375, 5.347846079631515e-24, nan 
29.125, 69.375, 1.924271238128841e-24, nan 
29.375, 69.375, 1.310304123776255e-24, nan 
29.625, 69.375, 1.4445438084100516e-24, nan 
29.875, 69.375, 1.0382173797831275e-24, nan 
30.125, 69.375, 8.030000111659414e-25, nan 
30.375, 69.375, 1.1625002274620157e-24, nan 
30.625, 69.375, 1.0404424191966948e-24, nan 
30.875, 69.375, 8.230287652758188e-25, nan 
31.125, 69.375, 8.303902173769361e-25, nan 
31.375, 69.375, 1.8060992739718434e-24, nan 
31.625, 69.375, 8.941139215113348e-25, nan 
31.875, 69.375, 1.5934062165583497e-24, nan 
32.125, 69.375, 3.4512657884913675e-24, nan 
32.375, 69.375, 2.683369657002819e-24, nan 
32.625, 69.375, 2.2262610640135395e-24, nan 
32.875, 69.375, 2.1683136781693366e-24, nan 
33.125, 69.375, 3.5907497918197314e-24, nan 
33.375, 69.375, 4.0199249912538546e-24, nan 
33.625, 69.375, 3.113997066925395e-24, nan 
33.875, 69.375, 3.922148819295762e-24, nan 
34.125, 69.375, 4.933096748931825e-24, nan 
34.375, 69.375, 3.5727573401053806e-24, nan 
34.625, 69.375, 1.761439450207599e-24, nan 
34.875, 69.375, 2.4104150347801863e-24, nan 
35.125, 69.375, 4.939186829739939e-24, nan 
35.375, 69.375, 2.3449811194134886e-24, nan 
35.625, 69.375, 2.4750987796305784e-24, nan 
35.875, 69.375, 2.7394473985374782e-24, nan 
36.125, 69.375, 3.710818264575775e-24, nan 
36.375, 69.375, 6.631351279330246e-24, nan 
36.625, 69.375, 4.3757189077554555e-24, nan 
36.875, 69.375, 5.912222907141086e-24, nan 
37.125, 69.375, 1.4867590424842912e-23, nan 
37.375, 69.375, 1.0701552953444131e-23, nan 
37.625, 69.375, 6.960147629015511e-24, nan 
37.875, 69.375, 1.5688738024210425e-23, nan 
38.125, 69.375, 1.4536855940907274e-23, nan 
38.375, 69.375, 6.573868296261168e-24, nan 
38.625, 69.375, 4.773357438807271e-24, nan 
38.875, 69.375, 6.61527521456173e-24, nan 
39.125, 69.375, 5.7910662173327404e-24, nan 
39.375, 69.375, 8.312586154997571e-24, nan 
39.625, 69.375, 1.0278197337172915e-23, nan 
39.875, 69.375, 8.974583864787529e-24, nan 
40.125, 69.375, 1.514606862285921e-23, nan 
40.375, 69.375, 2.6689281485907607e-23, nan 
40.625, 69.375, 6.230515095796462e-23, nan 
40.875, 69.375, 6.873215223503253e-23, nan 
41.125, 69.375, 4.962328374899384e-23, nan 
41.375, 69.375, 1.4422250869865911e-22, nan 
41.625, 69.375, 1.3763073629228284e-22, nan 
41.875, 69.375, 3.013952227115103e-23, nan 
42.125, 69.375, 8.144423624495375e-23, nan 
42.375, 69.375, 7.046000650289693e-23, nan 
42.625, 69.375, 2.3322163809052745e-23, nan 
42.875, 69.375, 2.448919250561875e-23, nan 
43.125, 69.375, 1.9041777269288838e-23, nan 
43.375, 69.375, 1.8156851372641905e-23, nan 
43.625, 69.375, 1.6053312041011277e-23, nan 
43.875, 69.375, 1.3886072654395328e-23, nan 
44.125, 69.375, 1.3114977607960114e-23, nan 
44.375, 69.375, 7.671620963804344e-24, nan 
44.625, 69.375, 2.813715965478165e-24, nan 
44.875, 69.375, 2.8880998274726177e-24, nan 
45.125, 69.375, 2.8934287413100454e-24, nan 
45.375, 69.375, 2.9229936066950396e-24, nan 
45.625, 69.375, 3.7117646426765696e-24, nan 
45.875, 69.375, 4.773927976124445e-24, nan 
46.125, 69.375, 6.382401185200183e-24, nan 
46.375, 69.375, 8.232185872604701e-24, nan 
46.625, 69.375, 8.023517181847238e-24, nan 
46.875, 69.375, 5.2026932298459236e-24, nan 
47.125, 69.375, 5.707073297275109e-24, nan 
47.375, 69.375, 5.713694261133998e-24, nan 
47.625, 69.375, 3.2799843713810723e-24, nan 
47.875, 69.375, 6.045905805013209e-24, nan 
48.125, 69.375, 5.368690881278481e-24, nan 
48.375, 69.375, 3.406798301421946e-24, nan 
48.625, 69.375, 3.998152928374532e-24, nan 
48.875, 69.375, 8.348715149843403e-24, nan 
49.125, 69.375, 7.284705827132368e-24, nan 
49.375, 69.375, 5.627156293931427e-24, nan 
49.625, 69.375, 1.0319590224731635e-23, nan 
49.875, 69.375, 1.0093100439512968e-23, nan 
50.125, 69.375, 4.4197534264309426e-24, nan 
50.375, 69.375, 7.168176063495672e-24, nan 
50.625, 69.375, 4.668239838501844e-24, nan 
50.875, 69.375, 7.424930269572513e-24, nan 
51.125, 69.375, 5.907620098735146e-24, nan 
51.375, 69.375, 4.311314433692227e-24, nan 
51.625, 69.375, 6.306987694629024e-24, nan 
51.875, 69.375, 8.914778410115499e-24, nan 
52.125, 69.375, 1.0058948915101449e-23, nan 
52.375, 69.375, 1.0676349800667502e-23, nan 
52.625, 69.375, 2.0647913203960906e-23, nan 
52.875, 69.375, 2.004847758274634e-23, nan 
53.125, 69.375, 2.1117976417695897e-23, nan 
53.375, 69.375, 9.384134276399948e-24, nan 
53.625, 69.375, 1.0796106682652811e-23, nan 
53.875, 69.375, 1.0257285263725874e-23, nan 
54.125, 69.375, 7.496986753047497e-24, nan 
54.375, 69.375, 6.99951689072585e-24, nan 
54.625, 69.375, 8.156262792434632e-24, nan 
54.875, 69.375, 1.2257068392375826e-23, nan 
55.125, 69.375, 2.0239822229582177e-23, nan 
55.375, 69.375, 1.4764048118666394e-23, nan 
55.625, 69.375, 1.2524566344610974e-23, nan 
55.875, 69.375, 2.553819178268921e-23, nan 
56.125, 69.375, 1.980370725171202e-23, nan 
56.375, 69.375, 1.7831062343410736e-23, nan 
56.625, 69.375, 1.3421944048622242e-23, nan 
56.875, 69.375, 1.9263675428644302e-23, nan 
57.125, 69.375, 2.7239872152942536e-23, nan 
57.375, 69.375, 2.4620823893718678e-23, nan 
57.625, 69.375, 2.65094402950728e-23, nan 
57.875, 69.375, 2.528595918949402e-23, nan 
58.125, 69.375, 3.0931506814540844e-23, nan 
58.375, 69.375, 3.3836676185192957e-23, nan 
58.625, 69.375, 4.0271232275201717e-23, nan 
58.875, 69.375, 3.733862443664588e-23, nan 
59.125, 69.375, 3.397794466637044e-23, nan 
59.375, 69.375, 4.180701162765252e-23, nan 
59.625, 69.375, 3.845599815632352e-23, nan 
59.875, 69.375, 3.8608439346783733e-23, nan 
60.125, 69.375, 4.0017989329924044e-23, nan 
60.375, 69.375, 2.785442831850309e-23, nan 
60.625, 69.375, 4.363230235452307e-23, nan 
60.875, 69.375, 6.615872734376602e-23, nan 
61.125, 69.375, 6.912634868334076e-23, nan 
61.375, 69.375, 4.9549534136027143e-23, nan 
61.625, 69.375, 6.673706497972832e-23, nan 
61.875, 69.375, 6.955547991228976e-23, nan 
62.125, 69.375, 4.631558593119548e-23, nan 
62.375, 69.375, 4.468788282298843e-23, nan 
62.625, 69.375, 4.937258710379202e-23, nan 
62.875, 69.375, 5.200291532332328e-23, nan 
63.125, 69.375, 5.276841467770174e-23, nan 
63.375, 69.375, 5.459503494106118e-23, nan 
63.625, 69.375, 5.418121480307758e-23, nan 
63.875, 69.375, 4.932887135269729e-23, nan 
64.125, 69.375, 4.338459734226514e-23, nan 
64.375, 69.375, 2.746939086826153e-23, nan 
64.625, 69.375, 7.403998053938237e-23, nan 
64.875, 69.375, 8.483217567373541e-23, nan 
65.125, 69.375, 4.1993625968164464e-23, nan 
65.375, 69.375, 8.873995868157112e-23, nan 
65.625, 69.375, 1.2572658000265435e-22, nan 
65.875, 69.375, 1.0159396220949016e-22, nan 
66.125, 69.375, 1.5114245035004895e-22, nan 
66.375, 69.375, 1.7736576937468954e-22, nan 
66.625, 69.375, 8.395923553468532e-23, nan 
66.875, 69.375, 1.1412132336190874e-22, nan 
67.125, 69.375, 1.1480788149707843e-22, nan 
67.375, 69.375, 8.677425613771461e-23, nan 
67.625, 69.375, 8.763016574700796e-23, nan 
67.875, 69.375, 9.354578231433539e-23, nan 
68.125, 69.375, 1.1378761155423617e-22, nan 
68.375, 69.375, 1.0972350940791963e-22, nan 
68.625, 69.375, 9.251031182869699e-23, nan 
68.875, 69.375, 5.0026655861071527e-23, nan 
69.125, 69.375, 5.907860265868765e-23, nan 
69.375, 69.375, 6.760462437757e-23, nan 
69.625, 69.375, 6.169633044396788e-23, nan 
69.875, 69.375, 8.237848574782926e-23, nan 
70.125, 69.375, 8.249878564067355e-23, nan 
70.375, 69.375, 1.1405362609951695e-22, nan 
70.625, 69.375, 1.098363187080573e-22, nan 
70.875, 69.375, 1.392673659353663e-22, nan 
71.125, 69.375, 1.4327125020452461e-22, nan 
71.375, 69.375, 8.461255523348176e-23, nan 
71.625, 69.375, 8.790952445520613e-23, nan 
71.875, 69.375, 1.1008469085232531e-22, nan 
72.125, 69.375, 7.219392938443221e-23, nan 
72.375, 69.375, 9.447469277777667e-23, nan 
72.625, 69.375, 8.553648038602603e-23, nan 
72.875, 69.375, 1.1795234594853206e-22, nan 
73.125, 69.375, 1.2265689357124683e-22, nan 
73.375, 69.375, 1.673705809022332e-22, nan 
73.625, 69.375, 1.0433593129692733e-22, nan 
73.875, 69.375, 2.2495822394449976e-22, nan 
74.125, 69.375, 8.506076436326703e-22, nan 
74.375, 69.375, 7.116968377805387e-22, nan 
74.625, 69.375, 3.082028394341277e-22, nan 
74.875, 69.375, 1.5911107092566638e-21, nan 
75.125, 69.375, 1.267496974968439e-21, nan 
75.375, 69.375, 8.255233066267239e-23, nan 
75.625, 69.375, 9.040777569621715e-22, nan 
75.875, 69.375, 6.638292052890936e-22, nan 
76.125, 69.375, 1.9797123704025573e-22, nan 
76.375, 69.375, 2.3978710885310206e-22, nan 
76.625, 69.375, 1.975162142262559e-22, nan 
76.875, 69.375, 2.9401305992806814e-22, nan 
77.125, 69.375, 2.5617037869222916e-22, nan 
77.375, 69.375, 2.929977011263254e-22, nan 
77.625, 69.375, 4.0512364860073263e-22, nan 
77.875, 69.375, 8.362418058126227e-22, nan 
78.125, 69.375, 3.7766029930741744e-22, nan 
78.375, 69.375, 4.160305739485691e-22, nan 
78.625, 69.375, 1.682384522426923e-21, nan 
78.875, 69.375, 2.395487299419855e-22, nan 
79.125, 69.375, 2.8645873744573583e-22, nan 
79.375, 69.375, 1.0170554898077463e-21, nan 
79.625, 69.375, 4.832391876763585e-22, nan 
79.875, 69.375, 5.911241176814641e-22, nan 
80.125, 69.375, 6.813552825896796e-22, nan 
80.375, 69.375, 7.130636575123033e-22, nan 
80.625, 69.375, 6.194594046668644e-22, nan 
80.875, 69.375, 5.346832869943408e-22, nan 
81.125, 69.375, 5.19813781752471e-22, nan 
81.375, 69.375, 6.524357963392783e-22, nan 
81.625, 69.375, 8.03692279153036e-22, nan 
81.875, 69.375, 1.7500230087276473e-21, nan 
82.125, 69.375, 2.0887786206470042e-21, nan 
82.375, 69.375, 9.171076332180473e-22, nan 
82.625, 69.375, 1.1623226648163604e-21, nan 
82.875, 69.375, 1.1537592553800464e-21, nan 
83.125, 69.375, 1.4789240052240162e-21, nan 
83.375, 69.375, 1.1189028574640603e-21, nan 
83.625, 69.375, 1.3733622784261109e-21, nan 
83.875, 69.375, 8.173229683798718e-22, nan 
84.125, 69.375, 1.1624913660108243e-21, nan 
84.375, 69.375, 9.773583099387167e-22, nan 
84.625, 69.375, 1.029564304331029e-21, nan 
84.875, 69.375, 2.734636009937949e-21, nan 
85.125, 69.375, 2.531399915902712e-21, nan 
85.375, 69.375, 1.316891542698284e-21, nan 
85.625, 69.375, 5.547560368136215e-21, nan 
85.875, 69.375, 5.680596301880362e-21, nan 
86.125, 69.375, 1.5429969845234137e-21, nan 
86.375, 69.375, 3.8929171467716526e-21, nan 
86.625, 69.375, 4.5914542084333965e-21, nan 
86.875, 69.375, 3.415077641161461e-21, nan 
87.125, 69.375, 3.459288058494246e-21, nan 
87.375, 69.375, 3.7594862516142105e-21, nan 
87.625, 69.375, 3.855840423911781e-21, nan 
87.875, 69.375, 3.9896412315127536e-21, nan 
88.125, 69.375, 5.128348138126616e-21, nan 
88.375, 69.375, 6.100029615800822e-21, nan 
88.625, 69.375, 6.404001744916154e-21, nan 
88.875, 69.375, 9.007766953634625e-21, nan 
89.125, 69.375, 1.86940702653182e-20, nan 
89.375, 69.375, 1.6726357814384305e-20, nan 
89.625, 69.375, 1.5899965335938553e-20, nan 
89.875, 69.375, 2.3851819851654524e-20, nan 
90.125, 69.375, 1.9000413085187062e-20, nan 
90.375, 69.375, 1.4412917767602398e-20, nan 
90.625, 69.375, 1.1201762691333007e-20, nan 
90.875, 69.375, 1.3288965405829839e-20, nan 
91.125, 69.375, 2.258349068172022e-20, nan 
91.375, 69.375, 2.953797061804909e-20, nan 
91.625, 69.375, 2.391665915712908e-20, nan 
91.875, 69.375, 2.3689078455109184e-20, nan 
92.125, 69.375, 3.162946662377125e-20, nan 
92.375, 69.375, 2.811416101819272e-20, nan 
92.625, 69.375, 2.0680954023541966e-20, nan 
92.875, 69.375, 2.0986826851245295e-20, nan 
93.125, 69.375, 2.3442025095338377e-20, nan 
93.375, 69.375, 2.4437376022869912e-20, nan 
93.625, 69.375, 1.663686364598269e-20, nan 
93.875, 69.375, 1.3292995778850687e-20, nan 
94.125, 69.375, 1.1180967257470772e-20, nan 
94.375, 69.375, 1.5650910783279818e-20, nan 
94.625, 69.375, 2.3449213368749517e-20, nan 
94.875, 69.375, 2.917546341460924e-20, nan 
95.125, 69.375, 2.769824958110947e-20, nan 
95.375, 69.375, 5.0733063419185345e-20, nan 
95.625, 69.375, 4.3435434864103004e-20, nan 
95.875, 69.375, 2.6698256314142558e-20, nan 
96.125, 69.375, 2.835407017711175e-20, nan 
96.375, 69.375, 2.1736408147010687e-20, nan 
96.625, 69.375, 2.740969636971352e-20, nan 
96.875, 69.375, 3.085564260116817e-20, nan 
97.125, 69.375, 2.341474739000516e-20, nan 
97.375, 69.375, 2.827659359909357e-20, nan 
97.625, 69.375, 3.6047824818438364e-20, nan 
97.875, 69.375, 4.4435482595319197e-20, nan 
98.125, 69.375, 4.451929906720056e-20, nan 
98.375, 69.375, 3.175656281408146e-20, nan 
98.625, 69.375, 5.58351333895278e-20, nan 
98.875, 69.375, 5.749619664804902e-20, nan 
99.125, 69.375, 5.32276011518385e-20, nan 
99.375, 69.375, 3.6148324711180034e-20, nan 
99.625, 69.375, 3.984566659171479e-20, nan 
99.875, 69.375, 8.284532135619127e-20, nan 
100.125, 69.375, 1.019070924080055e-19, nan 
100.375, 69.375, 8.734399758528275e-20, nan 
100.625, 69.375, 1.812464650559879e-19, nan 
100.875, 69.375, 1.6747249402222513e-19, nan 
101.125, 69.375, 1.3542380056993134e-19, nan 
101.375, 69.375, 1.8221605134918483e-19, nan 
101.625, 69.375, 1.5328864469390622e-19, nan 
101.875, 69.375, 1.5918300902857104e-19, nan 
102.125, 69.375, 2.5751224752913335e-19, nan 
102.375, 69.375, 7.124206461402178e-19, nan 
102.625, 69.375, 3.997479105663753e-19, nan 
102.875, 69.375, 8.565729671521198e-20, nan 
103.125, 69.375, 8.548514499294167e-19, nan 
103.375, 69.375, 7.570943955042481e-19, nan 
103.625, 69.375, 5.688060327665642e-19, nan 
103.875, 69.375, 7.230460280403111e-19, nan 
104.125, 69.375, 3.412232615762671e-19, nan 
104.375, 69.375, 2.2537749039543636e-19, nan 
104.625, 69.375, 1.4361007289568308e-19, nan 
104.875, 69.375, 2.5480783467699806e-19, nan 
105.125, 69.375, 3.065864208801657e-19, nan 
105.375, 69.375, 1.7724766742755438e-19, nan 
105.625, 69.375, 4.702263024797752e-19, nan 
105.875, 69.375, 6.721839603285114e-19, nan 
106.125, 69.375, 5.99681168976581e-19, nan 
106.375, 69.375, 3.711096635836432e-19, nan 
106.625, 69.375, 4.1709620991094033e-19, nan 
106.875, 69.375, 4.754893374345536e-19, nan 
107.125, 69.375, 4.4651314270763425e-19, nan 
107.375, 69.375, 3.5641433107722527e-19, nan 
107.625, 69.375, 2.546570805787442e-19, nan 
107.875, 69.375, 2.5760146611402946e-19, nan 
108.125, 69.375, 2.119303466738192e-19, nan 
108.375, 69.375, 2.1650528983670758e-19, nan 
108.625, 69.375, 1.3795009897236308e-19, nan 
108.875, 69.375, 3.084376815177765e-19, nan 
109.125, 69.375, 3.6664378270352393e-19, nan 
109.375, 69.375, 3.221523948516666e-19, nan 
109.625, 69.375, 2.9763108025671356e-19, nan 
109.875, 69.375, 4.862545815421299e-19, nan 
110.125, 69.375, 3.747853785627008e-19, nan 
110.375, 69.375, 2.1488171824428154e-19, nan 
110.625, 69.375, 3.3355452353503953e-19, nan 
110.875, 69.375, 3.3900467254926407e-19, nan 
111.125, 69.375, 1.0433880823979074e-19, nan 
111.375, 69.375, 1.4334778851538213e-19, nan 
111.625, 69.375, 1.361952337636187e-19, nan 
111.875, 69.375, 1.3049537495337448e-19, nan 
112.125, 69.375, 8.94892193230643e-20, nan 
112.375, 69.375, 7.38886537296749e-20, nan 
112.625, 69.375, 9.634744289550959e-20, nan 
112.875, 69.375, 6.895292723786412e-20, nan 
113.125, 69.375, 7.849527773938131e-20, nan 
113.375, 69.375, 9.093532734261673e-20, nan 
113.625, 69.375, 6.812982462937252e-20, nan 
113.875, 69.375, 5.428942759586967e-20, nan 
114.125, 69.375, 5.562389003231353e-20, nan 
114.375, 69.375, 4.345227243398578e-20, nan 
114.625, 69.375, 6.976220250441675e-20, nan 
114.875, 69.375, 2.028528227825637e-19, nan 
115.125, 69.375, 3.674091345809427e-19, nan 
115.375, 69.375, 2.150026302859412e-19, nan 
115.625, 69.375, 2.193894631775229e-19, nan 
115.875, 69.375, 4.698274468394901e-19, nan 
116.125, 69.375, 2.4052135213159875e-19, nan 
116.375, 69.375, 8.666793085337155e-20, nan 
116.625, 69.375, 2.0185739587704987e-19, nan 
116.875, 69.375, 1.2064322868302945e-19, nan 
117.125, 69.375, 4.7319787683076563e-20, nan 
117.375, 69.375, 4.26807184937182e-20, nan 
117.625, 69.375, 3.4732980473499904e-20, nan 
117.875, 69.375, 2.8064424989730364e-20, nan 
118.125, 69.375, 5.935783816722512e-20, nan 
118.375, 69.375, 4.4636139177802455e-20, nan 
118.625, 69.375, 3.425571851543525e-20, nan 
118.875, 69.375, 2.775872045565761e-20, nan 
119.125, 69.375, 3.6784972090813465e-20, nan 
119.375, 69.375, 3.251132965477595e-20, nan 
119.625, 69.375, 2.1585479997803596e-20, nan 
119.875, 69.375, 2.1660784725226722e-20, nan 
120.125, 69.375, 2.2433019257592852e-20, nan 
120.375, 69.375, 3.082081470577844e-20, nan 
120.625, 69.375, 1.494652793814696e-20, nan 
120.875, 69.375, 3.99575689579884e-20, nan 
121.125, 69.375, 4.0099967911530346e-20, nan 
121.375, 69.375, 3.0332838699028665e-20, nan 
121.625, 69.375, 1.5126582237956772e-20, nan 
121.875, 69.375, 1.0785979911909744e-20, nan 
122.125, 69.375, 6.765548244262345e-21, nan 
122.375, 69.375, 1.495201284159785e-20, nan 
122.625, 69.375, 2.4238406655318795e-20, nan 
122.875, 69.375, 3.4932623329741313e-20, nan 
123.125, 69.375, 2.718008731944388e-20, nan 
123.375, 69.375, 2.7011916748390616e-20, nan 
123.625, 69.375, 2.862814973888435e-20, nan 
123.875, 69.375, 1.182735645476126e-20, nan 
124.125, 69.375, 1.0609135580160041e-20, nan 
124.375, 69.375, 1.7036163770358758e-20, nan 
124.625, 69.375, 1.5895168843159757e-20, nan 
124.875, 69.375, 1.2284685096529326e-20, nan 
125.125, 69.375, 1.3798242011391628e-20, nan 
125.375, 69.375, 1.1988998309605629e-20, nan 
125.625, 69.375, 6.805999268632213e-21, nan 
125.875, 69.375, 6.791785942098151e-21, nan 
126.125, 69.375, 6.520941546349769e-21, nan 
126.375, 69.375, 4.7424629841852244e-21, nan 
126.625, 69.375, 4.0690622782172576e-21, nan 
126.875, 69.375, 3.1984484527003225e-21, nan 
127.125, 69.375, 4.289644071373409e-21, nan 
127.375, 69.375, 1.9436994701930897e-21, nan 
127.625, 69.375, 1.9770237816969354e-21, nan 
127.875, 69.375, 1.894672978124617e-21, nan 
128.125, 69.375, 1.4864138057501901e-21, nan 
128.375, 69.375, 1.686037969542197e-21, nan 
128.625, 69.375, 5.620978937202005e-21, nan 
128.875, 69.375, 5.251319768937622e-21, nan 
129.125, 69.375, 4.412081225106431e-21, nan 
129.375, 69.375, 3.780145031112929e-21, nan 
129.625, 69.375, 3.2099681218838763e-21, nan 
129.875, 69.375, 2.5475415731500383e-21, nan 
130.125, 69.375, 2.113976269680548e-21, nan 
130.375, 69.375, 1.2304050834793306e-21, nan 
130.625, 69.375, 1.5633715774062098e-21, nan 
130.875, 69.375, 8.302470355231313e-22, nan 
131.125, 69.375, 1.2442625137000523e-21, nan 
131.375, 69.375, 1.4784592973626107e-21, nan 
131.625, 69.375, 1.446103684004687e-21, nan 
131.875, 69.375, 1.5840074734512886e-21, nan 
132.125, 69.375, 1.7640797993962283e-21, nan 
132.375, 69.375, 2.4547079930550343e-21, nan 
132.625, 69.375, 2.5896684126013947e-21, nan 
132.875, 69.375, 2.5062186369870225e-21, nan 
133.125, 69.375, 1.741267949860009e-21, nan 
133.375, 69.375, 2.1394342398840656e-21, nan 
133.625, 69.375, 2.1107780053051112e-21, nan 
133.875, 69.375, 4.209201381489449e-22, nan 
134.125, 69.375, 9.821313194872476e-22, nan 
134.375, 69.375, 8.145509290679477e-22, nan 
134.625, 69.375, 4.455114103363941e-22, nan 
134.875, 69.375, 7.229781319894654e-22, nan 
135.125, 69.375, 9.677304054362117e-22, nan 
135.375, 69.375, 4.382053344174513e-22, nan 
135.625, 69.375, 6.459063252691543e-22, nan 
135.875, 69.375, 8.0746512501661175e-22, nan 
136.125, 69.375, 5.622690923291614e-22, nan 
136.375, 69.375, 9.286006038603958e-22, nan 
136.625, 69.375, 9.591727543888325e-22, nan 
136.875, 69.375, 6.533775543886462e-22, nan 
137.125, 69.375, 2.475012021147266e-22, nan 
137.375, 69.375, 6.431630259731984e-22, nan 
137.625, 69.375, 4.8466481180334465e-22, nan 
137.875, 69.375, 4.623376776638122e-22, nan 
138.125, 69.375, 4.1897385024042096e-22, nan 
138.375, 69.375, 5.354807395690136e-22, nan 
138.625, 69.375, 7.841264746957457e-22, nan 
138.875, 69.375, 4.310914720741471e-22, nan 
139.125, 69.375, 5.720029930554721e-22, nan 
139.375, 69.375, 5.868748506524497e-22, nan 
139.625, 69.375, 4.876446753114472e-22, nan 
139.875, 69.375, 3.3039540381869047e-22, nan 
140.125, 69.375, 2.0402356457278458e-22, nan 
140.375, 69.375, 3.814927467345201e-22, nan 
140.625, 69.375, 2.9281717419057046e-22, nan 
140.875, 69.375, 2.7477002280688326e-22, nan 
141.125, 69.375, 5.1913440898917705e-22, nan 
141.375, 69.375, 2.324605536277058e-22, nan 
141.625, 69.375, 2.444370529524295e-22, nan 
141.875, 69.375, 3.684872423061835e-22, nan 
142.125, 69.375, 1.7888187007706276e-22, nan 
142.375, 69.375, 2.256432626566947e-22, nan 
142.625, 69.375, 3.01858295961914e-22, nan 
142.875, 69.375, 2.4961302100484093e-22, nan 
143.125, 69.375, 3.3642819621814356e-22, nan 
143.375, 69.375, 4.805069606647345e-22, nan 
143.625, 69.375, 1.764060946379676e-22, nan 
143.875, 69.375, 3.7973013403492316e-22, nan 
144.125, 69.375, 4.6370753994592635e-22, nan 
144.375, 69.375, 1.7420061145139757e-22, nan 
144.625, 69.375, 2.349386598994717e-22, nan 
144.875, 69.375, 3.498328280421538e-22, nan 
145.125, 69.375, 3.4621574139262295e-22, nan 
145.375, 69.375, 2.2075586668721557e-22, nan 
145.625, 69.375, 2.8053159290998644e-22, nan 
145.875, 69.375, 3.139514545320068e-22, nan 
146.125, 69.375, 1.8252061038959429e-22, nan 
146.375, 69.375, 1.2739339023849615e-22, nan 
146.625, 69.375, 1.5740862326853463e-22, nan 
146.875, 69.375, 1.0497394004232296e-22, nan 
147.125, 69.375, 1.1516451493054862e-22, nan 
147.375, 69.375, 5.330567567305705e-23, nan 
147.625, 69.375, 6.336973059656772e-23, nan 
147.875, 69.375, 1.0703345845359696e-22, nan 
148.125, 69.375, 8.795397339966222e-23, nan 
148.375, 69.375, 6.616068636811874e-23, nan 
148.625, 69.375, 5.922009414967407e-23, nan 
148.875, 69.375, 3.3617152195558666e-23, nan 
149.125, 69.375, 5.741147560635846e-23, nan 
149.375, 69.375, 9.235417730622796e-23, nan 
149.625, 69.375, 6.140238489575059e-23, nan 
149.875, 69.375, 7.035158651750265e-23, nan 
150.125, 69.375, 1.0115255205274718e-22, nan 
150.375, 69.375, 9.672650464391516e-23, nan 
150.625, 69.375, 8.016114030025037e-23, nan 
150.875, 69.375, 9.189805704691827e-23, nan 
151.125, 69.375, 9.053261580953243e-23, nan 
151.375, 69.375, 5.562055193064663e-23, nan 
151.625, 69.375, 7.990797700449233e-23, nan 
151.875, 69.375, 1.0842915051533314e-22, nan 
152.125, 69.375, 9.195728913496579e-23, nan 
152.375, 69.375, 8.468803060381354e-23, nan 
152.625, 69.375, 5.516706234480962e-23, nan 
152.875, 69.375, 7.575019191795101e-23, nan 
153.125, 69.375, 6.938447830877801e-23, nan 
153.375, 69.375, 4.0711373026950426e-23, nan 
153.625, 69.375, 4.8940451682774915e-23, nan 
153.875, 69.375, 4.071777418542233e-23, nan 
154.125, 69.375, 4.208101168542849e-23, nan 
154.375, 69.375, 5.96986806156106e-23, nan 
154.625, 69.375, 3.661536397633039e-23, nan 
154.875, 69.375, 3.6911772109076846e-23, nan 
155.125, 69.375, 3.9862604176746915e-23, nan 
155.375, 69.375, 2.121619826124127e-23, nan 
155.625, 69.375, 4.083519019037814e-23, nan 
155.875, 69.375, 5.793038939031383e-23, nan 
156.125, 69.375, 4.431684634443411e-23, nan 
156.375, 69.375, 5.0328368384409064e-23, nan 
156.625, 69.375, 4.668263556622298e-23, nan 
156.875, 69.375, 5.085196017963669e-23, nan 
157.125, 69.375, 5.2557378159963255e-23, nan 
157.375, 69.375, 1.216927335967857e-23, nan 
157.625, 69.375, 5.0669480512995906e-23, nan 
157.875, 69.375, 4.2145786116138614e-23, nan 
158.125, 69.375, 1.8902538969245455e-23, nan 
158.375, 69.375, 3.209738170191278e-23, nan 
158.625, 69.375, 3.6053245200537355e-23, nan 
158.875, 69.375, 2.8381109482589605e-23, nan 
159.125, 69.375, 2.2124483758092713e-23, nan 
159.375, 69.375, 3.6177996268678435e-23, nan 
159.625, 69.375, 1.9817010376956468e-23, nan 
159.875, 69.375, 5.466720518531144e-23, nan 
160.125, 69.375, 7.510713023325259e-23, nan 
160.375, 69.375, 9.572316288016719e-23, nan 
160.625, 69.375, 1.0599090292291205e-22, nan 
160.875, 69.375, 1.0663113413438723e-22, nan 
161.125, 69.375, 7.43660670075116e-23, nan 
161.375, 69.375, 6.359340940756583e-23, nan 
161.625, 69.375, 4.5933567004091965e-23, nan 
161.875, 69.375, 7.899705836214014e-23, nan 
162.125, 69.375, 2.4234300614665817e-23, nan 
162.375, 69.375, 2.656294048871708e-23, nan 
162.625, 69.375, 1.301837434373262e-22, nan 
162.875, 69.375, 2.576140359854441e-23, nan 
163.125, 69.375, 2.4736140233967607e-23, nan 
163.375, 69.375, 6.218326947554185e-23, nan 
163.625, 69.375, 2.2626176405429528e-23, nan 
163.875, 69.375, 1.7097647900515066e-23, nan 
164.125, 69.375, 1.6917996467468397e-23, nan 
164.375, 69.375, 6.715651299024738e-24, nan 
164.625, 69.375, 1.3657345276248348e-23, nan 
164.875, 69.375, 1.9383515880021722e-23, nan 
165.125, 69.375, 9.414805334258257e-24, nan 
165.375, 69.375, 1.5832915244558195e-23, nan 
165.625, 69.375, 1.731929242136327e-23, nan 
165.875, 69.375, 1.0093038744946885e-23, nan 
166.125, 69.375, 1.618615877215823e-23, nan 
166.375, 69.375, 1.5273413502581377e-23, nan 
166.625, 69.375, 1.4162103349095375e-23, nan 
166.875, 69.375, 1.2192759825462842e-23, nan 
167.125, 69.375, 1.4256716226860277e-23, nan 
167.375, 69.375, 1.7859402015331102e-23, nan 
167.625, 69.375, 2.4906168879883306e-23, nan 
167.875, 69.375, 3.6761863094087427e-23, nan 
168.125, 69.375, 2.992535956270852e-23, nan 
168.375, 69.375, 3.216928465083818e-23, nan 
168.625, 69.375, 4.010807926373031e-23, nan 
168.875, 69.375, 2.4935088462766698e-23, nan 
169.125, 69.375, 1.1421967752347914e-23, nan 
169.375, 69.375, 9.377979697017545e-24, nan 
169.625, 69.375, 6.543533180339804e-24, nan 
169.875, 69.375, 9.923478612526744e-24, nan 
170.125, 69.375, 6.297826235011945e-24, nan 
170.375, 69.375, 2.134888819155118e-23, nan 
170.625, 69.375, 3.9991890091846247e-23, nan 
170.875, 69.375, 3.1516954194379654e-23, nan 
171.125, 69.375, 2.3595933659013785e-23, nan 
171.375, 69.375, 3.2948926852792383e-23, nan 
171.625, 69.375, 2.0666557554423914e-23, nan 
171.875, 69.375, 1.1559376047845315e-23, nan 
172.125, 69.375, 6.565145881792178e-24, nan 
172.375, 69.375, 9.585361084763108e-24, nan 
172.625, 69.375, 1.8266921230479524e-23, nan 
172.875, 69.375, 2.2492748911341372e-23, nan 
173.125, 69.375, 2.744574768374638e-23, nan 
173.375, 69.375, 2.458301178843227e-23, nan 
173.625, 69.375, 1.804810911400438e-23, nan 
173.875, 69.375, 1.461432924379865e-23, nan 
174.125, 69.375, 1.22944618316153e-23, nan 
174.375, 69.375, 1.540413125609803e-23, nan 
174.625, 69.375, 1.947070174070653e-23, nan 
174.875, 69.375, 1.99725565083776e-23, nan 
175.125, 69.375, 1.2638721872177944e-23, nan 
175.375, 69.375, 5.673228951141791e-24, nan 
175.625, 69.375, 7.331849627816343e-24, nan 
175.875, 69.375, 4.595792194945907e-24, nan 
176.125, 69.375, 6.037771409055673e-24, nan 
176.375, 69.375, 1.4733710728651963e-23, nan 
176.625, 69.375, 1.5958018762637438e-23, nan 
176.875, 69.375, 1.0654725326899598e-23, nan 
177.125, 69.375, 1.468485383194117e-23, nan 
177.375, 69.375, 1.4234471641304814e-23, nan 
177.625, 69.375, 1.5775242341118116e-23, nan 
177.875, 69.375, 1.9312646263016184e-23, nan 
178.125, 69.375, 1.7349284481102352e-23, nan 
178.375, 69.375, 1.6357195069132795e-23, nan 
178.625, 69.375, 1.8811648389774104e-23, nan 
178.875, 69.375, 1.2478830787568543e-23, nan 
179.125, 69.375, 7.206032420587202e-24, nan 
179.375, 69.375, 5.5430016655493994e-24, nan 
179.625, 69.375, 4.532882573788603e-24, nan 
179.875, 69.375, 5.6466220057361424e-24, nan 
-179.875, 69.625, 8.121079067078959e-24, nan 
-179.625, 69.625, 7.204827503951093e-24, nan 
-179.375, 69.625, 7.78777667922569e-24, nan 
-179.125, 69.625, 7.399294741529793e-24, nan 
-178.875, 69.625, 1.0563753814096866e-23, nan 
-178.625, 69.625, 1.3106708330386683e-23, nan 
-178.375, 69.625, 1.441062322732513e-23, nan 
-178.125, 69.625, 1.190079608859913e-23, nan 
-177.875, 69.625, 8.640405476615186e-24, nan 
-177.625, 69.625, 8.056242923343681e-24, nan 
-177.375, 69.625, 4.609309750450408e-24, nan 
-177.125, 69.625, 3.6635978902962975e-24, nan 
-176.875, 69.625, 4.648676849060923e-24, nan 
-176.625, 69.625, 2.9688604446783e-24, nan 
-176.375, 69.625, 3.9942610430476535e-24, nan 
-176.125, 69.625, 4.4179734406721544e-24, nan 
-175.875, 69.625, 6.897519624925483e-24, nan 
-175.625, 69.625, 5.890723238458621e-24, nan 
-175.375, 69.625, 4.503316626743924e-24, nan 
-175.125, 69.625, 7.075237522870003e-24, nan 
-174.875, 69.625, 4.8359341599558225e-24, nan 
-174.625, 69.625, 3.219375290062985e-24, nan 
-174.375, 69.625, 5.155108314358796e-24, nan 
-174.125, 69.625, 5.517144221841208e-24, nan 
-173.875, 69.625, 3.8739204622590975e-24, nan 
-173.625, 69.625, 6.712511328979578e-24, nan 
-173.375, 69.625, 9.986591816182655e-24, nan 
-173.125, 69.625, 7.044320966539507e-24, nan 
-172.875, 69.625, 5.754193846746961e-24, nan 
-172.625, 69.625, 8.561874075785452e-24, nan 
-172.375, 69.625, 9.897245744040794e-24, nan 
-172.125, 69.625, 5.6118911642547636e-24, nan 
-171.875, 69.625, 6.479799465458554e-24, nan 
-171.625, 69.625, 5.878437405051732e-24, nan 
-171.375, 69.625, 3.6850347904964644e-24, nan 
-171.125, 69.625, 3.20362614024862e-24, nan 
-170.875, 69.625, 2.8875327218497018e-24, nan 
-170.625, 69.625, 3.449880359448608e-24, nan 
-170.375, 69.625, 4.944302722129524e-24, nan 
-170.125, 69.625, 5.209481211224549e-24, nan 
-169.875, 69.625, 4.8451381144737565e-24, nan 
15.875, 69.625, 1.1995382836552372e-24, nan 
16.125, 69.625, 1.0072895414059267e-24, nan 
16.375, 69.625, 1.2550926000007712e-24, nan 
16.625, 69.625, 1.1205055787342114e-24, nan 
16.875, 69.625, 1.746599430180658e-24, nan 
17.125, 69.625, 2.17378793831367e-24, nan 
17.375, 69.625, 2.7559353707145267e-24, nan 
17.625, 69.625, 2.8231436925683783e-24, nan 
17.875, 69.625, 2.195930203437691e-24, nan 
18.125, 69.625, 3.688292557535853e-24, nan 
18.375, 69.625, 3.2776445268713817e-24, nan 
18.625, 69.625, 2.8069079353434543e-24, nan 
18.875, 69.625, 1.905607977946973e-24, nan 
19.125, 69.625, 1.978466749059542e-24, nan 
19.375, 69.625, 3.6311502197316554e-24, nan 
19.625, 69.625, 1.4443701200661883e-24, nan 
19.875, 69.625, 1.713261848748493e-24, nan 
20.125, 69.625, 1.664561118382704e-24, nan 
20.375, 69.625, 1.558728572064877e-24, nan 
20.625, 69.625, 1.6039001164205955e-24, nan 
20.875, 69.625, 1.9996140113609073e-24, nan 
21.125, 69.625, 2.1108363905156312e-24, nan 
21.375, 69.625, 2.5609513155237922e-24, nan 
21.625, 69.625, 2.533070608250438e-24, nan 
21.875, 69.625, 2.952457749575495e-24, nan 
22.125, 69.625, 2.5713050583668058e-24, nan 
22.375, 69.625, 2.2770935751910215e-24, nan 
22.625, 69.625, 2.41716067813005e-24, nan 
22.875, 69.625, 1.0984969985769546e-24, nan 
23.125, 69.625, 1.890925855539726e-24, nan 
23.375, 69.625, 1.4351090567904006e-24, nan 
23.625, 69.625, 6.939853169057065e-25, nan 
23.875, 69.625, 2.043099359563114e-24, nan 
24.125, 69.625, 2.6011050711678185e-24, nan 
24.375, 69.625, 1.723151906475146e-24, nan 
24.625, 69.625, 2.1179234037886043e-24, nan 
24.875, 69.625, 3.203427276809271e-24, nan 
25.125, 69.625, 2.307955252531916e-24, nan 
25.375, 69.625, 2.42070175295461e-24, nan 
25.625, 69.625, 2.371264729057806e-24, nan 
25.875, 69.625, 1.613971994789178e-24, nan 
26.125, 69.625, 1.3349615992415139e-24, nan 
26.375, 69.625, 1.906974462107631e-24, nan 
26.625, 69.625, 2.343624848072254e-24, nan 
26.875, 69.625, 2.0163853528237525e-24, nan 
27.125, 69.625, 1.0376192628424118e-24, nan 
27.375, 69.625, 1.9040980670354447e-24, nan 
27.625, 69.625, 2.107790208378446e-24, nan 
27.875, 69.625, 2.2441744278501797e-24, nan 
28.125, 69.625, 2.1225627850592893e-24, nan 
28.375, 69.625, 2.259442268708946e-24, nan 
28.625, 69.625, 2.2416144059623173e-24, nan 
28.875, 69.625, 1.7510654090158918e-24, nan 
29.125, 69.625, 1.4250262657870207e-24, nan 
29.375, 69.625, 1.7462129014841765e-24, nan 
29.625, 69.625, 1.8854372945873245e-24, nan 
29.875, 69.625, 1.2316125135913191e-24, nan 
30.125, 69.625, 2.2271832753435103e-24, nan 
30.375, 69.625, 1.2956110640749734e-24, nan 
30.625, 69.625, 9.095048178354189e-25, nan 
30.875, 69.625, 1.6023693345164226e-24, nan 
31.125, 69.625, 1.1200233154807312e-24, nan 
31.375, 69.625, 1.2914557070813685e-24, nan 
31.625, 69.625, 1.2793470395658994e-24, nan 
31.875, 69.625, 1.4691108844661277e-24, nan 
32.125, 69.625, 2.240240600436183e-24, nan 
32.375, 69.625, 1.9275734176006607e-24, nan 
32.625, 69.625, 2.7202450702979667e-24, nan 
32.875, 69.625, 1.001018937763946e-24, nan 
33.125, 69.625, 1.791316168744094e-24, nan 
33.375, 69.625, 2.4917391594593185e-24, nan 
33.625, 69.625, 3.2331337112589925e-24, nan 
33.875, 69.625, 3.555782478873634e-24, nan 
34.125, 69.625, 3.991074406208817e-24, nan 
34.375, 69.625, 3.781556601164762e-24, nan 
34.625, 69.625, 2.8247181176243432e-24, nan 
34.875, 69.625, 2.374427111478644e-24, nan 
35.125, 69.625, 4.28211011264842e-24, nan 
35.375, 69.625, 3.1434484557581597e-24, nan 
35.625, 69.625, 3.3899029206284216e-24, nan 
35.875, 69.625, 4.8461067906345185e-24, nan 
36.125, 69.625, 3.697859783761992e-24, nan 
36.375, 69.625, 4.681445960375665e-24, nan 
36.625, 69.625, 5.806339312508107e-24, nan 
36.875, 69.625, 3.717049276824018e-24, nan 
37.125, 69.625, 4.984629314660418e-24, nan 
37.375, 69.625, 7.332474694579348e-24, nan 
37.625, 69.625, 7.813836825262346e-24, nan 
37.875, 69.625, 8.95130444293203e-24, nan 
38.125, 69.625, 8.476165524663209e-24, nan 
38.375, 69.625, 6.150800711114209e-24, nan 
38.625, 69.625, 3.2984545648260835e-24, nan 
38.875, 69.625, 1.9605518492442847e-24, nan 
39.125, 69.625, 2.2434667272608488e-24, nan 
39.375, 69.625, 3.1411855341476773e-24, nan 
39.625, 69.625, 5.595029917402798e-24, nan 
39.875, 69.625, 9.179316631897697e-24, nan 
40.125, 69.625, 1.3105290357452965e-23, nan 
40.375, 69.625, 1.3737230785172993e-23, nan 
40.625, 69.625, 1.2177580144318644e-23, nan 
40.875, 69.625, 1.5960880924736023e-23, nan 
41.125, 69.625, 3.200279000193196e-23, nan 
41.375, 69.625, 7.546929011818926e-23, nan 
41.625, 69.625, 7.136872036921576e-23, nan 
41.875, 69.625, 1.689238997957659e-23, nan 
42.125, 69.625, 1.4052407100298902e-23, nan 
42.375, 69.625, 1.17505708260531e-23, nan 
42.625, 69.625, 1.2762353516670984e-23, nan 
42.875, 69.625, 1.9199227736969043e-23, nan 
43.125, 69.625, 1.704504827267687e-23, nan 
43.375, 69.625, 1.385975930428081e-23, nan 
43.625, 69.625, 3.623792728384672e-24, nan 
43.875, 69.625, 6.319766496621341e-24, nan 
44.125, 69.625, 5.798314340626515e-24, nan 
44.375, 69.625, 5.944387065266223e-24, nan 
44.625, 69.625, 7.127242403954955e-24, nan 
44.875, 69.625, 5.638756509222122e-24, nan 
45.125, 69.625, 2.8183605359646314e-24, nan 
45.375, 69.625, 1.8850124636511954e-24, nan 
45.625, 69.625, 3.1117662115306764e-24, nan 
45.875, 69.625, 4.3521467334520625e-24, nan 
46.125, 69.625, 5.188194748752203e-24, nan 
46.375, 69.625, 6.125903961634042e-24, nan 
46.625, 69.625, 6.267588470809101e-24, nan 
46.875, 69.625, 4.3860263765599056e-24, nan 
47.125, 69.625, 3.662786174194723e-24, nan 
47.375, 69.625, 3.809141413080953e-24, nan 
47.625, 69.625, 2.642551980907905e-24, nan 
47.875, 69.625, 5.166130057845723e-24, nan 
48.125, 69.625, 4.7081305120969875e-24, nan 
48.375, 69.625, 2.7993685962504582e-24, nan 
48.625, 69.625, 6.2405574310576055e-24, nan 
48.875, 69.625, 5.3384900442620495e-24, nan 
49.125, 69.625, 7.116698593295274e-24, nan 
49.375, 69.625, 9.175870141387188e-24, nan 
49.625, 69.625, 7.13427853517171e-24, nan 
49.875, 69.625, 6.213233416399715e-24, nan 
50.125, 69.625, 4.694183093822096e-24, nan 
50.375, 69.625, 6.957188727335565e-24, nan 
50.625, 69.625, 4.296543700552652e-24, nan 
50.875, 69.625, 5.383226075446931e-24, nan 
51.125, 69.625, 7.60649863943719e-24, nan 
51.375, 69.625, 6.811228677708646e-24, nan 
51.625, 69.625, 6.1168673223794114e-24, nan 
51.875, 69.625, 9.4744928436481e-24, nan 
52.125, 69.625, 1.3041695006254532e-23, nan 
52.375, 69.625, 9.028973682617078e-24, nan 
52.625, 69.625, 9.270912067205755e-24, nan 
52.875, 69.625, 1.1813328492541197e-23, nan 
53.125, 69.625, 4.824274180779585e-24, nan 
53.375, 69.625, 6.944764625855317e-24, nan 
53.625, 69.625, 6.522088215452237e-24, nan 
53.875, 69.625, 5.736692763293761e-24, nan 
54.125, 69.625, 1.6368833890009614e-23, nan 
54.375, 69.625, 7.620445009961313e-24, nan 
54.625, 69.625, 1.082946457372035e-23, nan 
54.875, 69.625, 1.1341116682739216e-23, nan 
55.125, 69.625, 1.1096067502915983e-23, nan 
55.375, 69.625, 1.3916927865271687e-23, nan 
55.625, 69.625, 1.2516751086438113e-23, nan 
55.875, 69.625, 1.6197085483128935e-23, nan 
56.125, 69.625, 1.296757401752552e-23, nan 
56.375, 69.625, 1.5303835141569148e-23, nan 
56.625, 69.625, 8.391435408701353e-24, nan 
56.875, 69.625, 1.2927464050796394e-23, nan 
57.125, 69.625, 2.1305233080645003e-23, nan 
57.375, 69.625, 1.7286620649986847e-23, nan 
57.625, 69.625, 2.136103129187343e-23, nan 
57.875, 69.625, 2.485661273932177e-23, nan 
58.125, 69.625, 2.352454696114129e-23, nan 
58.375, 69.625, 2.6973925722589064e-23, nan 
58.625, 69.625, 2.914553940826996e-23, nan 
58.875, 69.625, 3.10369670729263e-23, nan 
59.125, 69.625, 3.315284044466678e-23, nan 
59.375, 69.625, 3.768912210398643e-23, nan 
59.625, 69.625, 3.171929884369979e-23, nan 
59.875, 69.625, 3.28285206130671e-23, nan 
60.125, 69.625, 3.3219153052431075e-23, nan 
60.375, 69.625, 2.78216189061025e-23, nan 
60.625, 69.625, 4.106580818737758e-23, nan 
60.875, 69.625, 5.727168291612925e-23, nan 
61.125, 69.625, 5.704576763588766e-23, nan 
61.375, 69.625, 4.4140438842158456e-23, nan 
61.625, 69.625, 5.474117465421622e-23, nan 
61.875, 69.625, 5.470591908189195e-23, nan 
62.125, 69.625, 4.4558748366698816e-23, nan 
62.375, 69.625, 4.912423901735455e-23, nan 
62.625, 69.625, 5.36981329030182e-23, nan 
62.875, 69.625, 6.083199373727766e-23, nan 
63.125, 69.625, 8.563715992159013e-23, nan 
63.375, 69.625, 7.462520315029318e-23, nan 
63.625, 69.625, 5.9678389255266e-23, nan 
63.875, 69.625, 6.122975769459741e-23, nan 
64.125, 69.625, 6.062044169896497e-23, nan 
64.375, 69.625, 5.0291409779006675e-23, nan 
64.625, 69.625, 6.678959426188558e-23, nan 
64.875, 69.625, 2.0480086074345831e-22, nan 
65.125, 69.625, 8.967580913432321e-23, nan 
65.375, 69.625, 3.2772023964617563e-23, nan 
65.625, 69.625, 2.419199338077842e-22, nan 
65.875, 69.625, 2.0426084700196117e-22, nan 
66.125, 69.625, 1.419269406795771e-22, nan 
66.375, 69.625, 1.7769659914318783e-22, nan 
66.625, 69.625, 1.6970014127689846e-22, nan 
66.875, 69.625, 1.2787538971210695e-22, nan 
67.125, 69.625, 9.452457271353032e-23, nan 
67.375, 69.625, 6.451186634188941e-23, nan 
67.625, 69.625, 6.413481965583943e-23, nan 
67.875, 69.625, 5.1102735174170176e-23, nan 
68.125, 69.625, 1.023783279173504e-22, nan 
68.375, 69.625, 1.1262362979583742e-22, nan 
68.625, 69.625, 1.0164779015033549e-22, nan 
68.875, 69.625, 8.775611068106498e-23, nan 
69.125, 69.625, 1.0878158398854071e-22, nan 
69.375, 69.625, 1.3688487633498318e-22, nan 
69.625, 69.625, 4.094830252686753e-23, nan 
69.875, 69.625, 1.0179480298345079e-22, nan 
70.125, 69.625, 8.556314300290344e-23, nan 
70.375, 69.625, 8.612473435529688e-23, nan 
70.625, 69.625, 1.1101757787511446e-22, nan 
70.875, 69.625, 1.001562444353188e-22, nan 
71.125, 69.625, 7.485396852168725e-23, nan 
71.375, 69.625, 8.034193796181255e-23, nan 
71.625, 69.625, 8.619932682993035e-23, nan 
71.875, 69.625, 7.615231094433498e-23, nan 
72.125, 69.625, 1.1566842954330204e-22, nan 
72.375, 69.625, 1.332190185602545e-22, nan 
72.625, 69.625, 7.175408147184968e-23, nan 
72.875, 69.625, 1.5772501175901102e-22, nan 
73.125, 69.625, 2.11013384784493e-22, nan 
73.375, 69.625, 1.6803543616553173e-22, nan 
73.625, 69.625, 1.50907364375062e-22, nan 
73.875, 69.625, 2.1536334950385074e-22, nan 
74.125, 69.625, 2.205883517229659e-22, nan 
74.375, 69.625, 1.4799046651834196e-22, nan 
74.625, 69.625, 2.0249320704820758e-22, nan 
74.875, 69.625, 8.115279402313583e-22, nan 
75.125, 69.625, 6.716642964275204e-22, nan 
75.375, 69.625, 1.5644467294610278e-22, nan 
75.625, 69.625, 1.6481172088435587e-22, nan 
75.875, 69.625, 1.3842123016973386e-22, nan 
76.125, 69.625, 1.9580144466349166e-22, nan 
76.375, 69.625, 3.02411023447707e-22, nan 
76.625, 69.625, 1.73022578895364e-22, nan 
76.875, 69.625, 2.8091119271549656e-22, nan 
77.125, 69.625, 2.8951106835185584e-22, nan 
77.375, 69.625, 9.047222727557115e-23, nan 
77.625, 69.625, 1.925499497430795e-22, nan 
77.875, 69.625, 3.527536458788797e-22, nan 
78.125, 69.625, 5.509439745673962e-22, nan 
78.375, 69.625, 4.1825128703187676e-22, nan 
78.625, 69.625, 9.736762486756597e-22, nan 
78.875, 69.625, 8.298014580866656e-22, nan 
79.125, 69.625, 3.9969559082789854e-22, nan 
79.375, 69.625, 4.2148626687954974e-22, nan 
79.625, 69.625, 5.4122008642624775e-22, nan 
79.875, 69.625, 4.734471471058285e-22, nan 
80.125, 69.625, 5.90332772025818e-22, nan 
80.375, 69.625, 5.675446689931805e-22, nan 
80.625, 69.625, 4.0754052731884864e-22, nan 
80.875, 69.625, 4.724301204448971e-22, nan 
81.125, 69.625, 5.108089182185487e-22, nan 
81.375, 69.625, 5.3183559910614435e-22, nan 
81.625, 69.625, 7.859682438346189e-22, nan 
81.875, 69.625, 7.317647217236197e-22, nan 
82.125, 69.625, 8.349072923280699e-22, nan 
82.375, 69.625, 8.133091784602336e-22, nan 
82.625, 69.625, 1.142592005608628e-21, nan 
82.875, 69.625, 1.188850702326874e-21, nan 
83.125, 69.625, 2.051671449897037e-21, nan 
83.375, 69.625, 1.6335837428490659e-21, nan 
83.625, 69.625, 1.7229199164192023e-21, nan 
83.875, 69.625, 2.1427762844861414e-21, nan 
84.125, 69.625, 1.873680815833287e-21, nan 
84.375, 69.625, 1.6468998349265275e-21, nan 
84.625, 69.625, 1.839219132747907e-21, nan 
84.875, 69.625, 1.754008950281682e-21, nan 
85.125, 69.625, 1.7365164772586614e-21, nan 
85.375, 69.625, 2.2954791514121368e-21, nan 
85.625, 69.625, 4.115844801560251e-21, nan 
85.875, 69.625, 3.956877480569183e-21, nan 
86.125, 69.625, 1.0818103145886151e-21, nan 
86.375, 69.625, 1.513884638893104e-21, nan 
86.625, 69.625, 1.3884084684183413e-21, nan 
86.875, 69.625, 1.7219013977747886e-21, nan 
87.125, 69.625, 2.5162815136364933e-21, nan 
87.375, 69.625, 2.8350630942676967e-21, nan 
87.625, 69.625, 3.389073321253399e-21, nan 
87.875, 69.625, 3.797488107372122e-21, nan 
88.125, 69.625, 3.409927015125511e-21, nan 
88.375, 69.625, 2.7541189291087827e-21, nan 
88.625, 69.625, 3.507798493114273e-21, nan 
88.875, 69.625, 6.83634965845873e-21, nan 
89.125, 69.625, 3.9758354121840525e-21, nan 
89.375, 69.625, 9.759954185512194e-21, nan 
89.625, 69.625, 1.5706820042254066e-20, nan 
89.875, 69.625, 2.348557295245224e-20, nan 
90.125, 69.625, 2.3879724677193827e-20, nan 
90.375, 69.625, 2.742750666736666e-20, nan 
90.625, 69.625, 3.094939427056033e-20, nan 
90.875, 69.625, 3.6021961404739543e-20, nan 
91.125, 69.625, 4.518677314976061e-20, nan 
91.375, 69.625, 3.5824341717012526e-20, nan 
91.625, 69.625, 3.2821582268172174e-20, nan 
91.875, 69.625, 3.7331352209861314e-20, nan 
92.125, 69.625, 4.1951880647050873e-20, nan 
92.375, 69.625, 3.261572024100458e-20, nan 
92.625, 69.625, 2.76726846287737e-20, nan 
92.875, 69.625, 3.3299901932468043e-20, nan 
93.125, 69.625, 3.001502307014893e-20, nan 
93.375, 69.625, 3.2170244404298e-20, nan 
93.625, 69.625, 2.1663094356727834e-20, nan 
93.875, 69.625, 1.971837577448183e-20, nan 
94.125, 69.625, 1.3064597499915156e-20, nan 
94.375, 69.625, 3.750920260906003e-20, nan 
94.625, 69.625, 4.0652892174794826e-20, nan 
94.875, 69.625, 3.049522290968768e-20, nan 
95.125, 69.625, 4.3407178676215697e-20, nan 
95.375, 69.625, 7.33203369605503e-20, nan 
95.625, 69.625, 5.0395591804696515e-20, nan 
95.875, 69.625, 5.178782149763239e-20, nan 
96.125, 69.625, 7.324471385072279e-20, nan 
96.375, 69.625, 5.761890754240862e-20, nan 
96.625, 69.625, 4.6233149799046634e-20, nan 
96.875, 69.625, 3.7671624072366324e-20, nan 
97.125, 69.625, 4.1700448334479076e-20, nan 
97.375, 69.625, 3.655406944831431e-20, nan 
97.625, 69.625, 4.5564990420055777e-20, nan 
97.875, 69.625, 6.135193750083282e-20, nan 
98.125, 69.625, 1.0511195183416638e-19, nan 
98.375, 69.625, 9.496811970554403e-20, nan 
98.625, 69.625, 7.925528119580015e-20, nan 
98.875, 69.625, 8.893742932236736e-20, nan 
99.125, 69.625, 8.508512602160011e-20, nan 
99.375, 69.625, 7.177469373114534e-20, nan 
99.625, 69.625, 6.237791328192783e-20, nan 
99.875, 69.625, 5.9286279683558e-20, nan 
100.125, 69.625, 1.532060299694689e-19, nan 
100.375, 69.625, 1.861776332407434e-19, nan 
100.625, 69.625, 2.0476531009373662e-19, nan 
100.875, 69.625, 2.196906429344012e-19, nan 
101.125, 69.625, 1.7391395635300946e-19, nan 
101.375, 69.625, 2.5752742323943537e-19, nan 
101.625, 69.625, 5.8081340569354595e-19, nan 
101.875, 69.625, 9.018135424388494e-19, nan 
102.125, 69.625, 9.485495202842662e-19, nan 
102.375, 69.625, 1.128389124234342e-18, nan 
102.625, 69.625, 1.4994228077831832e-18, nan 
102.875, 69.625, 1.992944261191429e-18, nan 
103.125, 69.625, 1.2112958148899464e-18, nan 
103.375, 69.625, 1.306328427694153e-18, nan 
103.625, 69.625, 1.6294351049147543e-18, nan 
103.875, 69.625, 1.991360208349712e-18, nan 
104.125, 69.625, 1.3164073975839705e-18, nan 
104.375, 69.625, 1.5445266667069632e-18, nan 
104.625, 69.625, 1.938969686262096e-18, nan 
104.875, 69.625, 6.351718553083899e-19, nan 
105.125, 69.625, 2.9734718231833737e-19, nan 
105.375, 69.625, 1.1230513662052193e-19, nan 
105.625, 69.625, 3.4002230465631067e-19, nan 
105.875, 69.625, 4.046854176122221e-19, nan 
106.125, 69.625, 3.34657488767144e-19, nan 
106.375, 69.625, 3.2030895343204213e-19, nan 
106.625, 69.625, 4.014799528063615e-19, nan 
106.875, 69.625, 5.430719689987523e-19, nan 
107.125, 69.625, 5.399222907721472e-19, nan 
107.375, 69.625, 5.939950870858386e-19, nan 
107.625, 69.625, 5.964656881842985e-19, nan 
107.875, 69.625, 6.4489395905670565e-19, nan 
108.125, 69.625, 4.958565360356545e-19, nan 
108.375, 69.625, 2.0956839875587787e-19, nan 
108.625, 69.625, 2.4925385370556223e-19, nan 
108.875, 69.625, 6.699389623857969e-19, nan 
109.125, 69.625, 2.436831988539374e-19, nan 
109.375, 69.625, 2.7607032916812597e-19, nan 
109.625, 69.625, 4.88044148015813e-19, nan 
109.875, 69.625, 4.0098541266321033e-19, nan 
110.125, 69.625, 2.58886325550728e-19, nan 
110.375, 69.625, 2.7087042757024776e-19, nan 
110.625, 69.625, 3.175415145865291e-19, nan 
110.875, 69.625, 3.181154515616819e-19, nan 
111.125, 69.625, 9.975317049037241e-20, nan 
111.375, 69.625, 1.7018191512300174e-19, nan 
111.625, 69.625, 1.2336241576387934e-19, nan 
111.875, 69.625, 1.470703807790699e-19, nan 
112.125, 69.625, 1.5573675180558353e-19, nan 
112.375, 69.625, 8.910356032676968e-20, nan 
112.625, 69.625, 1.5080521211487776e-19, nan 
112.875, 69.625, 1.5122688576309051e-19, nan 
113.125, 69.625, 9.312758103617925e-20, nan 
113.375, 69.625, 1.098403719366199e-19, nan 
113.625, 69.625, 1.017171214272046e-19, nan 
113.875, 69.625, 9.099596415115431e-20, nan 
114.125, 69.625, 1.757787363823816e-19, nan 
114.375, 69.625, 2.3058945775955716e-19, nan 
114.625, 69.625, 1.2112185645717689e-19, nan 
114.875, 69.625, 2.8962851891795276e-19, nan 
115.125, 69.625, 5.08802612416146e-19, nan 
115.375, 69.625, 3.6540678014931728e-19, nan 
115.625, 69.625, 2.105760207477398e-19, nan 
115.875, 69.625, 3.6643963025765287e-19, nan 
116.125, 69.625, 2.621659244555553e-19, nan 
116.375, 69.625, 1.2457772716256861e-19, nan 
116.625, 69.625, 1.2131832527382973e-19, nan 
116.875, 69.625, 7.85949176262856e-20, nan 
117.125, 69.625, 7.378513152230987e-20, nan 
117.375, 69.625, 5.495795633804656e-20, nan 
117.625, 69.625, 3.0038567742197e-20, nan 
117.875, 69.625, 3.051387581309603e-20, nan 
118.125, 69.625, 5.433058878410626e-20, nan 
118.375, 69.625, 5.792931163688862e-20, nan 
118.625, 69.625, 3.479221633610381e-20, nan 
118.875, 69.625, 3.7892959490536465e-20, nan 
119.125, 69.625, 3.354985871209967e-20, nan 
119.375, 69.625, 3.0846676845645697e-20, nan 
119.625, 69.625, 2.668124810503398e-20, nan 
119.875, 69.625, 2.5559256767055636e-20, nan 
120.125, 69.625, 4.499045848809047e-20, nan 
120.375, 69.625, 5.562554607460381e-20, nan 
120.625, 69.625, 3.850011050553443e-20, nan 
120.875, 69.625, 6.401337241325755e-20, nan 
121.125, 69.625, 7.389729406552608e-20, nan 
121.375, 69.625, 5.439138576004696e-20, nan 
121.625, 69.625, 3.254116812275019e-20, nan 
121.875, 69.625, 3.959760150172442e-20, nan 
122.125, 69.625, 2.5055192243413855e-20, nan 
122.375, 69.625, 1.685833749397768e-20, nan 
122.625, 69.625, 1.8109829342794953e-20, nan 
122.875, 69.625, 2.1364576086969448e-20, nan 
123.125, 69.625, 3.061849003398013e-20, nan 
123.375, 69.625, 3.093508174997801e-20, nan 
123.625, 69.625, 2.7652877329355437e-20, nan 
123.875, 69.625, 1.8089445658423692e-20, nan 
124.125, 69.625, 2.017037866042623e-20, nan 
124.375, 69.625, 1.739600941512523e-20, nan 
124.625, 69.625, 1.3645366825813207e-20, nan 
124.875, 69.625, 1.2899411290806581e-20, nan 
125.125, 69.625, 1.078907867491782e-20, nan 
125.375, 69.625, 6.43445391786298e-21, nan 
125.625, 69.625, 9.37235362503751e-21, nan 
125.875, 69.625, 9.159571894587976e-21, nan 
126.125, 69.625, 1.242462780775477e-20, nan 
126.375, 69.625, 6.844860410122811e-21, nan 
126.625, 69.625, 5.550201840732761e-21, nan 
126.875, 69.625, 5.623770382882105e-21, nan 
127.125, 69.625, 5.176048103471228e-21, nan 
127.375, 69.625, 4.170958445616863e-21, nan 
127.625, 69.625, 3.663509438761461e-21, nan 
127.875, 69.625, 3.8785534174634855e-21, nan 
128.125, 69.625, 2.6517546416681806e-21, nan 
128.375, 69.625, 3.5357633826390515e-21, nan 
128.625, 69.625, 4.369292978900992e-21, nan 
128.875, 69.625, 3.2094566115880884e-21, nan 
129.125, 69.625, 4.181210693887537e-21, nan 
129.375, 69.625, 2.840470660700705e-21, nan 
129.625, 69.625, 2.4051201552336366e-21, nan 
129.875, 69.625, 2.452509604020918e-21, nan 
130.125, 69.625, 1.9103978613107433e-21, nan 
130.375, 69.625, 1.998722185349833e-21, nan 
130.625, 69.625, 2.0379140942186625e-21, nan 
130.875, 69.625, 1.6169855128516898e-21, nan 
131.125, 69.625, 3.1776552680168228e-21, nan 
131.375, 69.625, 2.7231212206042015e-21, nan 
131.625, 69.625, 3.1754478300981767e-21, nan 
131.875, 69.625, 2.010726124400433e-21, nan 
132.125, 69.625, 2.6249793513746666e-21, nan 
132.375, 69.625, 4.160690372468951e-21, nan 
132.625, 69.625, 3.546086341825867e-21, nan 
132.875, 69.625, 2.1653027249976943e-21, nan 
133.125, 69.625, 2.7541046912769284e-21, nan 
133.375, 69.625, 2.3900721373184188e-21, nan 
133.625, 69.625, 1.2434214139612351e-21, nan 
133.875, 69.625, 7.454692982830863e-22, nan 
134.125, 69.625, 1.4080135923215923e-21, nan 
134.375, 69.625, 1.434517927680389e-21, nan 
134.625, 69.625, 1.2798255733435842e-21, nan 
134.875, 69.625, 7.63370149901816e-22, nan 
135.125, 69.625, 1.0771091845522563e-21, nan 
135.375, 69.625, 1.0493770313421469e-21, nan 
135.625, 69.625, 1.1926714458588636e-21, nan 
135.875, 69.625, 9.664288569300654e-22, nan 
136.125, 69.625, 9.943429714642091e-22, nan 
136.375, 69.625, 1.1709984608499543e-21, nan 
136.625, 69.625, 9.844077284373767e-22, nan 
136.875, 69.625, 7.817064491653427e-22, nan 
137.125, 69.625, 9.588422325682723e-22, nan 
137.375, 69.625, 5.069211345039519e-22, nan 
137.625, 69.625, 6.120007342862873e-22, nan 
137.875, 69.625, 6.868617196059502e-22, nan 
138.125, 69.625, 4.134378392464915e-22, nan 
138.375, 69.625, 7.366989845917779e-22, nan 
138.625, 69.625, 4.863387570361342e-22, nan 
138.875, 69.625, 2.939580307694439e-22, nan 
139.125, 69.625, 5.471655279537144e-22, nan 
139.375, 69.625, 6.500623672830774e-22, nan 
139.625, 69.625, 3.500741250458744e-22, nan 
139.875, 69.625, 3.1040129664806175e-22, nan 
140.125, 69.625, 1.5855605923198137e-22, nan 
140.375, 69.625, 1.6061981191145459e-22, nan 
140.625, 69.625, 2.5316795917750157e-22, nan 
140.875, 69.625, 3.1533351459778832e-22, nan 
141.125, 69.625, 5.257198183902176e-22, nan 
141.375, 69.625, 2.9506481694977764e-22, nan 
141.625, 69.625, 2.050467362195676e-22, nan 
141.875, 69.625, 1.0349198726845568e-22, nan 
142.125, 69.625, 1.856071367923685e-22, nan 
142.375, 69.625, 1.8789943825247677e-22, nan 
142.625, 69.625, 1.6881851722201468e-22, nan 
142.875, 69.625, 2.6295421470446526e-22, nan 
143.125, 69.625, 1.7319402376959723e-22, nan 
143.375, 69.625, 1.3465782181987777e-22, nan 
143.625, 69.625, 1.800952509059626e-22, nan 
143.875, 69.625, 3.4720070907611656e-22, nan 
144.125, 69.625, 2.831127154510013e-22, nan 
144.375, 69.625, 1.6972207447776038e-22, nan 
144.625, 69.625, 2.258519757817653e-22, nan 
144.875, 69.625, 2.803220862904454e-22, nan 
145.125, 69.625, 2.880204727717649e-22, nan 
145.375, 69.625, 2.9473162222412146e-22, nan 
145.625, 69.625, 2.8311104766342344e-22, nan 
145.875, 69.625, 2.3955794843440753e-22, nan 
146.125, 69.625, 1.6184874638597821e-22, nan 
146.375, 69.625, 1.6267334017389636e-22, nan 
146.625, 69.625, 1.903164663056972e-22, nan 
146.875, 69.625, 1.0193309284817612e-22, nan 
147.125, 69.625, 1.58246693516512e-22, nan 
147.375, 69.625, 1.311869849641981e-22, nan 
147.625, 69.625, 7.153827741582893e-23, nan 
147.875, 69.625, 1.2420054624736165e-22, nan 
148.125, 69.625, 1.3294665459296667e-22, nan 
148.375, 69.625, 8.631959468421554e-23, nan 
148.625, 69.625, 6.041939048980714e-23, nan 
148.875, 69.625, 7.31765653124338e-23, nan 
149.125, 69.625, 9.819678210356577e-23, nan 
149.375, 69.625, 1.4436414348451995e-22, nan 
149.625, 69.625, 1.5002063718965667e-22, nan 
149.875, 69.625, 8.320888706526584e-23, nan 
150.125, 69.625, 1.104248347743933e-22, nan 
150.375, 69.625, 1.1921687794216338e-22, nan 
150.625, 69.625, 5.506713282758957e-23, nan 
150.875, 69.625, 2.872091804524472e-23, nan 
151.125, 69.625, 1.8035874631492522e-23, nan 
151.375, 69.625, 3.197813063067737e-23, nan 
151.625, 69.625, 8.396768937548851e-23, nan 
151.875, 69.625, 8.954900231081891e-23, nan 
152.125, 69.625, 6.207333539161915e-23, nan 
152.375, 69.625, 4.9496375165892447e-23, nan 
152.625, 69.625, 5.1807956034610505e-23, nan 
152.875, 69.625, 3.1244745650976013e-23, nan 
153.125, 69.625, 2.263907471973043e-23, nan 
153.375, 69.625, 4.849408292434463e-23, nan 
153.625, 69.625, 5.295820278087766e-23, nan 
153.875, 69.625, 5.357294649932192e-23, nan 
154.125, 69.625, 6.268972381596686e-23, nan 
154.375, 69.625, 6.595372372696152e-23, nan 
154.625, 69.625, 5.056371502356005e-23, nan 
154.875, 69.625, 3.81233950133162e-23, nan 
155.125, 69.625, 3.9943337695367635e-23, nan 
155.375, 69.625, 2.421293644649826e-23, nan 
155.625, 69.625, 4.214268557783088e-23, nan 
155.875, 69.625, 6.495775390379062e-23, nan 
156.125, 69.625, 7.588930086206746e-23, nan 
156.375, 69.625, 6.292586795545146e-23, nan 
156.625, 69.625, 5.709902220953098e-23, nan 
156.875, 69.625, 8.534770656884967e-23, nan 
157.125, 69.625, 5.635412005526981e-23, nan 
157.375, 69.625, 9.950301526883039e-24, nan 
157.625, 69.625, 4.948664896308815e-23, nan 
157.875, 69.625, 2.6222845863777847e-23, nan 
158.125, 69.625, 3.255824784164081e-23, nan 
158.375, 69.625, 4.46478895281021e-23, nan 
158.625, 69.625, 2.2586595627845868e-23, nan 
158.875, 69.625, 2.814579603181431e-23, nan 
159.125, 69.625, 6.091178673052129e-23, nan 
159.375, 69.625, 1.2092274539264978e-22, nan 
159.625, 69.625, 1.6683789296052672e-22, nan 
159.875, 69.625, 1.2380992993282867e-22, nan 
160.125, 69.625, 1.2658143839251266e-22, nan 
160.375, 69.625, 1.360563403801445e-22, nan 
160.625, 69.625, 1.1131350896471617e-22, nan 
160.875, 69.625, 1.2762768995929523e-22, nan 
161.125, 69.625, 1.0811458518965398e-22, nan 
161.375, 69.625, 9.923901054856596e-23, nan 
161.625, 69.625, 1.0897845793960223e-22, nan 
161.875, 69.625, 1.1190789364828682e-22, nan 
162.125, 69.625, 8.426380242901542e-23, nan 
162.375, 69.625, 7.358663545662728e-23, nan 
162.625, 69.625, 6.554247237611407e-23, nan 
162.875, 69.625, 2.4084753185323745e-23, nan 
163.125, 69.625, 2.672221817143268e-23, nan 
163.375, 69.625, 2.809153018381315e-23, nan 
163.625, 69.625, 3.540296310973789e-23, nan 
163.875, 69.625, 1.90097180626963e-23, nan 
164.125, 69.625, 1.9619553986209227e-23, nan 
164.375, 69.625, 1.767983209146411e-23, nan 
164.625, 69.625, 1.1962815550564282e-23, nan 
164.875, 69.625, 1.9085845557929013e-23, nan 
165.125, 69.625, 1.4413770294949544e-23, nan 
165.375, 69.625, 2.035795043630795e-23, nan 
165.625, 69.625, 1.9499030041836053e-23, nan 
165.875, 69.625, 1.815426160230866e-23, nan 
166.125, 69.625, 2.2753719807556108e-23, nan 
166.375, 69.625, 1.9982131732662113e-23, nan 
166.625, 69.625, 1.5762812480467932e-23, nan 
166.875, 69.625, 1.8582449767646074e-23, nan 
167.125, 69.625, 1.9522978814284155e-23, nan 
167.375, 69.625, 1.9931995340817258e-23, nan 
167.625, 69.625, 3.511704793532083e-23, nan 
167.875, 69.625, 2.98516566400031e-23, nan 
168.125, 69.625, 2.717622104533125e-23, nan 
168.375, 69.625, 4.202636283012178e-23, nan 
168.625, 69.625, 3.3262783714510663e-23, nan 
168.875, 69.625, 1.9918499659362526e-23, nan 
169.125, 69.625, 8.229980062234523e-24, nan 
169.375, 69.625, 8.274350932118209e-24, nan 
169.625, 69.625, 8.455721242992632e-24, nan 
169.875, 69.625, 7.276268319140574e-24, nan 
170.125, 69.625, 6.91722338483487e-24, nan 
170.375, 69.625, 1.445105276530915e-23, nan 
170.625, 69.625, 2.6293585699030245e-23, nan 
170.875, 69.625, 3.553818787692603e-23, nan 
171.125, 69.625, 1.613552813786818e-23, nan 
171.375, 69.625, 2.2463704258551008e-23, nan 
171.625, 69.625, 2.149544044674443e-23, nan 
171.875, 69.625, 1.3377531335709382e-23, nan 
172.125, 69.625, 1.0500495598174916e-23, nan 
172.375, 69.625, 1.1650124706116721e-23, nan 
172.625, 69.625, 1.861133609065276e-23, nan 
172.875, 69.625, 1.904470005435636e-23, nan 
173.125, 69.625, 2.4877337938111835e-23, nan 
173.375, 69.625, 2.3538766767419903e-23, nan 
173.625, 69.625, 1.337010282247146e-23, nan 
173.875, 69.625, 1.0861856123292652e-23, nan 
174.125, 69.625, 1.0604725375477062e-23, nan 
174.375, 69.625, 1.6833969155485613e-23, nan 
174.625, 69.625, 8.891402811739753e-24, nan 
174.875, 69.625, 3.461542966402012e-24, nan 
175.125, 69.625, 1.381119369412563e-23, nan 
175.375, 69.625, 1.2793054586557425e-23, nan 
175.625, 69.625, 9.441881338431626e-24, nan 
175.875, 69.625, 1.2183964971070314e-23, nan 
176.125, 69.625, 1.332367690909474e-23, nan 
176.375, 69.625, 1.1480391939701173e-23, nan 
176.625, 69.625, 8.56365671638154e-24, nan 
176.875, 69.625, 1.1208303255891098e-23, nan 
177.125, 69.625, 1.2246752191924824e-23, nan 
177.375, 69.625, 8.380594923948458e-24, nan 
177.625, 69.625, 1.3622840719154695e-23, nan 
177.875, 69.625, 1.754594619607416e-23, nan 
178.125, 69.625, 1.9127281087072576e-23, nan 
178.375, 69.625, 1.6428903059017364e-23, nan 
178.625, 69.625, 1.6184848173375325e-23, nan 
178.875, 69.625, 1.728340877835003e-23, nan 
179.125, 69.625, 1.0078079580935203e-23, nan 
179.375, 69.625, 6.062397614725452e-24, nan 
179.625, 69.625, 4.552043007084966e-24, nan 
179.875, 69.625, 6.948638210759895e-24, nan 
-179.875, 69.875, 7.58079199679759e-24, nan 
-179.625, 69.875, 6.630964873619177e-24, nan 
-179.375, 69.875, 7.83198472343953e-24, nan 
-179.125, 69.875, 9.301570140967829e-24, nan 
-178.875, 69.875, 1.269368057624581e-23, nan 
-178.625, 69.875, 1.2678250053694796e-23, nan 
-178.375, 69.875, 1.1372063834443872e-23, nan 
-178.125, 69.875, 1.069597926578571e-23, nan 
-177.875, 69.875, 9.73472609543886e-24, nan 
-177.625, 69.875, 6.763018050735688e-24, nan 
-177.375, 69.875, 3.0738018487519906e-24, nan 
-177.125, 69.875, 3.4697305161419846e-24, nan 
-176.875, 69.875, 4.176707716241707e-24, nan 
-176.625, 69.875, 4.493296099721063e-24, nan 
-176.375, 69.875, 7.484630659685444e-24, nan 
-176.125, 69.875, 7.635128190430121e-24, nan 
-175.875, 69.875, 1.0094514199699314e-23, nan 
-175.625, 69.875, 7.807227477748456e-24, nan 
-175.375, 69.875, 4.938247007805233e-24, nan 
-175.125, 69.875, 5.392054655091115e-24, nan 
-174.875, 69.875, 3.356153152674026e-24, nan 
-174.625, 69.875, 2.5769452886489605e-24, nan 
-174.375, 69.875, 2.8444250078937465e-24, nan 
-174.125, 69.875, 3.740966682752475e-24, nan 
-173.875, 69.875, 5.323590969732299e-24, nan 
-173.625, 69.875, 7.489080499215219e-24, nan 
-173.375, 69.875, 6.618906180384604e-24, nan 
-173.125, 69.875, 6.165891482363828e-24, nan 
-172.875, 69.875, 5.554790781249978e-24, nan 
-172.625, 69.875, 4.521635189771409e-24, nan 
-172.375, 69.875, 5.774846085270059e-24, nan 
-172.125, 69.875, 3.487935280990588e-24, nan 
-171.875, 69.875, 3.018246685747743e-24, nan 
-171.625, 69.875, 3.440057279665214e-24, nan 
-171.375, 69.875, 3.101150154791253e-24, nan 
-171.125, 69.875, 3.471088297196513e-24, nan 
-170.875, 69.875, 4.0881906085347625e-24, nan 
-170.625, 69.875, 3.063152137273805e-24, nan 
-170.375, 69.875, 5.196089136052738e-24, nan 
-170.125, 69.875, 6.111121697379716e-24, nan 
-169.875, 69.875, 5.975500821329846e-24, nan 
-169.625, 69.875, 5.311824883021693e-24, nan 
-169.375, 69.875, 4.281399630455959e-24, nan 
14.875, 69.875, 2.750502789649675e-24, nan 
15.125, 69.875, 2.31180201923108e-24, nan 
15.375, 69.875, 1.0341420358929785e-24, nan 
15.625, 69.875, 6.401814933379605e-25, nan 
15.875, 69.875, 7.753373676392892e-25, nan 
16.125, 69.875, 3.631903902973255e-25, nan 
16.375, 69.875, 6.788840187709201e-25, nan 
16.625, 69.875, 4.641298431878443e-25, nan 
16.875, 69.875, 7.641444930651147e-25, nan 
17.125, 69.875, 1.1280322893714017e-24, nan 
17.375, 69.875, 1.4879051781370382e-24, nan 
17.625, 69.875, 2.1855181884809985e-24, nan 
17.875, 69.875, 2.6444236685758697e-24, nan 
18.125, 69.875, 3.1660973074416695e-24, nan 
18.375, 69.875, 4.168928186085947e-24, nan 
18.625, 69.875, 3.172495440179924e-24, nan 
18.875, 69.875, 2.3013790170331683e-24, nan 
19.125, 69.875, 2.4239625708035335e-24, nan 
19.375, 69.875, 2.9392009085045982e-24, nan 
19.625, 69.875, 1.6994837177575908e-24, nan 
19.875, 69.875, 1.77902675745444e-24, nan 
20.125, 69.875, 1.742710628644598e-24, nan 
20.375, 69.875, 2.087402437292542e-24, nan 
20.625, 69.875, 2.2809849443973104e-24, nan 
20.875, 69.875, 2.040870946268278e-24, nan 
21.125, 69.875, 1.9885390666578837e-24, nan 
21.375, 69.875, 2.0599736880977734e-24, nan 
21.625, 69.875, 1.732417292647422e-24, nan 
21.875, 69.875, 1.655550187053631e-24, nan 
22.125, 69.875, 1.550117755071479e-24, nan 
22.375, 69.875, 3.366277660046571e-24, nan 
22.625, 69.875, 3.952045063045599e-24, nan 
22.875, 69.875, 2.0652580346984482e-24, nan 
23.125, 69.875, 3.529838791292158e-24, nan 
23.375, 69.875, 3.524713378691835e-24, nan 
23.625, 69.875, 1.7174636001330512e-24, nan 
23.875, 69.875, 4.906551479205521e-25, nan 
24.125, 69.875, 1.3756453051309683e-24, nan 
24.375, 69.875, 1.2758012626365435e-24, nan 
24.625, 69.875, 1.4533078253551798e-24, nan 
24.875, 69.875, 2.416317472232031e-24, nan 
25.125, 69.875, 1.948121532639658e-24, nan 
25.375, 69.875, 2.4966196359405848e-24, nan 
25.625, 69.875, 2.234046012813621e-24, nan 
25.875, 69.875, 1.7758298517973478e-24, nan 
26.125, 69.875, 1.9027275536211374e-24, nan 
26.375, 69.875, 1.831384471581343e-24, nan 
26.625, 69.875, 1.4361472538546637e-24, nan 
26.875, 69.875, 1.122782536941136e-24, nan 
27.125, 69.875, 1.4285995048777578e-24, nan 
27.375, 69.875, 1.4297356411774494e-24, nan 
27.625, 69.875, 3.085691752653716e-24, nan 
27.875, 69.875, 2.7258765883960955e-24, nan 
28.125, 69.875, 2.252950682007794e-24, nan 
28.375, 69.875, 4.7261647971524134e-24, nan 
28.625, 69.875, 3.286231888817412e-24, nan 
28.875, 69.875, 2.2539728223734748e-24, nan 
29.125, 69.875, 2.0200370808401335e-24, nan 
29.375, 69.875, 1.601790502946348e-24, nan 
29.625, 69.875, 2.10081665323188e-24, nan 
29.875, 69.875, 2.0063598995958572e-24, nan 
30.125, 69.875, 2.0899056933675167e-24, nan 
30.375, 69.875, 1.5501867444418892e-24, nan 
30.625, 69.875, 2.9443414048293506e-24, nan 
30.875, 69.875, 1.5722059291226388e-24, nan 
31.125, 69.875, 2.2458603037995543e-24, nan 
31.375, 69.875, 3.389805928545943e-24, nan 
31.625, 69.875, 2.914317068956685e-24, nan 
31.875, 69.875, 3.2982303864446825e-24, nan 
32.125, 69.875, 5.469186148612927e-24, nan 
32.375, 69.875, 4.5017562603679256e-24, nan 
32.625, 69.875, 3.740495376745173e-24, nan 
32.875, 69.875, 3.313229691099878e-24, nan 
33.125, 69.875, 1.568861114508552e-24, nan 
33.375, 69.875, 2.512793444797412e-24, nan 
33.625, 69.875, 2.8668991052527417e-24, nan 
33.875, 69.875, 2.3757584237137598e-24, nan 
34.125, 69.875, 2.715146154601248e-24, nan 
34.375, 69.875, 3.619434787134261e-24, nan 
34.625, 69.875, 2.6075309363037977e-24, nan 
34.875, 69.875, 2.551855086938137e-24, nan 
35.125, 69.875, 4.289082740962393e-24, nan 
35.375, 69.875, 3.95092774801632e-24, nan 
35.625, 69.875, 2.8244522023718012e-24, nan 
35.875, 69.875, 5.299393308764694e-24, nan 
36.125, 69.875, 4.551824478973886e-24, nan 
36.375, 69.875, 2.6367521795448074e-24, nan 
36.625, 69.875, 2.5652952254286594e-24, nan 
36.875, 69.875, 2.6298287062217763e-24, nan 
37.125, 69.875, 3.518701543244479e-24, nan 
37.375, 69.875, 5.257511047951021e-24, nan 
37.625, 69.875, 4.716335018727452e-24, nan 
37.875, 69.875, 3.55456579941383e-24, nan 
38.125, 69.875, 3.382273080148876e-24, nan 
38.375, 69.875, 2.837611065121263e-24, nan 
38.625, 69.875, 2.8159177660571703e-24, nan 
38.875, 69.875, 2.4268280542805683e-24, nan 
39.125, 69.875, 2.818883418834202e-24, nan 
39.375, 69.875, 3.1746175768219806e-24, nan 
39.625, 69.875, 5.421726531731926e-24, nan 
39.875, 69.875, 5.97168736359098e-24, nan 
40.125, 69.875, 6.832468219721425e-24, nan 
40.375, 69.875, 5.760089754479936e-24, nan 
40.625, 69.875, 7.580670650861293e-24, nan 
40.875, 69.875, 1.1277130550554388e-23, nan 
41.125, 69.875, 1.0204372758764326e-23, nan 
41.375, 69.875, 1.0700432141298841e-23, nan 
41.625, 69.875, 9.291711492850884e-24, nan 
41.875, 69.875, 1.1323596912909728e-23, nan 
42.125, 69.875, 1.0942387776639458e-23, nan 
42.375, 69.875, 1.1190012771349443e-23, nan 
42.625, 69.875, 1.1666272993464168e-23, nan 
42.875, 69.875, 5.5172906476513606e-24, nan 
43.125, 69.875, 5.959806577900562e-24, nan 
43.375, 69.875, 8.541006792053788e-24, nan 
43.625, 69.875, 4.5488700739079705e-24, nan 
43.875, 69.875, 7.453631769550924e-24, nan 
44.125, 69.875, 8.338416868687816e-24, nan 
44.375, 69.875, 7.485321349856049e-24, nan 
44.625, 69.875, 8.918312484246592e-24, nan 
44.875, 69.875, 8.782036946800709e-24, nan 
45.125, 69.875, 7.03095221068365e-24, nan 
45.375, 69.875, 7.903952058593753e-24, nan 
45.625, 69.875, 7.97760808246344e-24, nan 
45.875, 69.875, 6.065782509811866e-24, nan 
46.125, 69.875, 3.1960518804593995e-24, nan 
46.375, 69.875, 2.9951537476612345e-24, nan 
46.625, 69.875, 2.4901331181759574e-24, nan 
46.875, 69.875, 2.3045301423911695e-24, nan 
47.125, 69.875, 4.214129539236614e-24, nan 
47.375, 69.875, 3.842905601813054e-24, nan 
47.625, 69.875, 4.4019486058546484e-24, nan 
47.875, 69.875, 6.151457969412687e-24, nan 
48.125, 69.875, 5.400179750533556e-24, nan 
48.375, 69.875, 4.215013228666429e-24, nan 
48.625, 69.875, 5.9661764901712475e-24, nan 
48.875, 69.875, 5.217378479028563e-24, nan 
49.125, 69.875, 6.704414307653133e-24, nan 
49.375, 69.875, 9.679407335195699e-24, nan 
49.625, 69.875, 1.2569387350508684e-23, nan 
49.875, 69.875, 1.0170519482983633e-23, nan 
50.125, 69.875, 1.1848772820611281e-23, nan 
50.375, 69.875, 1.3246747096170197e-23, nan 
50.625, 69.875, 1.0780834828946408e-23, nan 
50.875, 69.875, 1.1973498638847928e-23, nan 
51.125, 69.875, 1.2234885712291166e-23, nan 
51.375, 69.875, 1.1891682399669036e-23, nan 
51.625, 69.875, 1.0285610265185944e-23, nan 
51.875, 69.875, 7.874280604774273e-24, nan 
52.125, 69.875, 9.865014058941045e-24, nan 
52.375, 69.875, 8.432719104303426e-24, nan 
52.625, 69.875, 6.985766529708746e-24, nan 
52.875, 69.875, 7.88185995393702e-24, nan 
53.125, 69.875, 7.643525372234733e-24, nan 
53.375, 69.875, 1.8844327955248074e-23, nan 
53.625, 69.875, 9.960665225984415e-24, nan 
53.875, 69.875, 1.3375826960904667e-23, nan 
54.125, 69.875, 3.7442615260804427e-23, nan 
54.375, 69.875, 1.85208695810922e-23, nan 
54.625, 69.875, 6.010022082424987e-24, nan 
54.875, 69.875, 2.0402267606722427e-23, nan 
55.125, 69.875, 1.8091190755009713e-23, nan 
55.375, 69.875, 8.996320596321457e-24, nan 
55.625, 69.875, 1.51451420983487e-23, nan 
55.875, 69.875, 2.405101202619493e-23, nan 
56.125, 69.875, 1.6042236527268155e-23, nan 
56.375, 69.875, 1.2082353001026291e-23, nan 
56.625, 69.875, 9.23164929296171e-24, nan 
56.875, 69.875, 1.5305364871369693e-23, nan 
57.125, 69.875, 1.38620388002408e-23, nan 
57.375, 69.875, 1.6246471741626847e-23, nan 
57.625, 69.875, 2.3033197320696705e-23, nan 
57.875, 69.875, 3.0000073706608424e-23, nan 
58.125, 69.875, 2.163967420446934e-23, nan 
58.375, 69.875, 2.6441234145531424e-23, nan 
58.625, 69.875, 3.1009616643522466e-23, nan 
58.875, 69.875, 3.5979022387494985e-23, nan 
59.125, 69.875, 3.3410399416683655e-23, nan 
59.375, 69.875, 3.144888082264684e-23, nan 
59.625, 69.875, 3.714785342915066e-23, nan 
59.875, 69.875, 3.5414310633843557e-23, nan 
60.125, 69.875, 3.0798381366657495e-23, nan 
60.375, 69.875, 2.2102818208982097e-23, nan 
60.625, 69.875, 5.373576159724381e-23, nan 
60.875, 69.875, 6.377842449216652e-23, nan 
61.125, 69.875, 4.903512698512747e-23, nan 
61.375, 69.875, 5.089730855358399e-23, nan 
61.625, 69.875, 6.170684008766212e-23, nan 
61.875, 69.875, 5.587623080431226e-23, nan 
62.125, 69.875, 2.454699687398147e-23, nan 
62.375, 69.875, 2.6084677059475858e-23, nan 
62.625, 69.875, 2.8765984225556204e-23, nan 
62.875, 69.875, 1.0435945721673195e-22, nan 
63.125, 69.875, 1.2591484171589533e-22, nan 
63.375, 69.875, 6.633377728362722e-23, nan 
63.625, 69.875, 1.3791952295440148e-22, nan 
63.875, 69.875, 1.5429047503636972e-22, nan 
64.125, 69.875, 1.1714949408469254e-22, nan 
64.375, 69.875, 8.44479567438289e-23, nan 
64.625, 69.875, 1.1438900375262055e-22, nan 
64.875, 69.875, 2.7980714085415525e-22, nan 
65.125, 69.875, 6.735261442841932e-23, nan 
65.375, 69.875, 1.0356455554408053e-22, nan 
65.625, 69.875, 2.246511177078114e-22, nan 
65.875, 69.875, 1.2856054394726103e-22, nan 
66.125, 69.875, 1.5341578401549313e-22, nan 
66.375, 69.875, 7.125239561226077e-23, nan 
66.625, 69.875, 8.613002299259944e-23, nan 
66.875, 69.875, 1.3740529368919767e-22, nan 
67.125, 69.875, 6.696680683140654e-23, nan 
67.375, 69.875, 9.704137166556353e-23, nan 
67.625, 69.875, 1.2421048895487854e-22, nan 
67.875, 69.875, 7.266110952377543e-23, nan 
68.125, 69.875, 1.0775100956134116e-22, nan 
68.375, 69.875, 1.5129997835921258e-22, nan 
68.625, 69.875, 1.1452922335953447e-22, nan 
68.875, 69.875, 1.2041975482701425e-22, nan 
69.125, 69.875, 9.364455330757912e-23, nan 
69.375, 69.875, 9.43856151849008e-23, nan 
69.625, 69.875, 5.722275866475351e-23, nan 
69.875, 69.875, 6.145909285041864e-23, nan 
70.125, 69.875, 7.364405569184868e-23, nan 
70.375, 69.875, 7.874934383931055e-23, nan 
70.625, 69.875, 9.380307072228177e-23, nan 
70.875, 69.875, 1.0718223864673623e-22, nan 
71.125, 69.875, 1.027443658334792e-22, nan 
71.375, 69.875, 1.0050286666521889e-22, nan 
71.625, 69.875, 9.402800297528047e-23, nan 
71.875, 69.875, 7.53101435279339e-23, nan 
72.125, 69.875, 1.2184046903035055e-22, nan 
72.375, 69.875, 1.712558568141371e-22, nan 
72.625, 69.875, 1.8965155379605312e-22, nan 
72.875, 69.875, 2.293130694953862e-22, nan 
73.125, 69.875, 2.9741828078196024e-22, nan 
73.375, 69.875, 3.821491368188492e-22, nan 
73.625, 69.875, 3.114575927570225e-22, nan 
73.875, 69.875, 3.2059408397359377e-22, nan 
74.125, 69.875, 2.5118829067934863e-22, nan 
74.375, 69.875, 2.7517203664964563e-22, nan 
74.625, 69.875, 3.5943719511593427e-22, nan 
74.875, 69.875, 2.8395039066708902e-22, nan 
75.125, 69.875, 3.871752229261054e-22, nan 
75.375, 69.875, 3.4252366889233606e-22, nan 
75.625, 69.875, 3.8674680743160237e-22, nan 
75.875, 69.875, 2.25504177548567e-22, nan 
76.125, 69.875, 2.149647957747332e-22, nan 
76.375, 69.875, 4.457058672692545e-22, nan 
76.625, 69.875, 2.2641118205174027e-22, nan 
76.875, 69.875, 2.544582703878436e-22, nan 
77.125, 69.875, 3.396788852193097e-22, nan 
77.375, 69.875, 3.1112087588725823e-22, nan 
77.625, 69.875, 3.05820074761865e-22, nan 
77.875, 69.875, 4.07319596027723e-22, nan 
78.125, 69.875, 3.761167852644944e-22, nan 
78.375, 69.875, 2.6256479298930733e-22, nan 
78.625, 69.875, 3.1363262960631047e-22, nan 
78.875, 69.875, 5.792449827245685e-22, nan 
79.125, 69.875, 2.5734901741967222e-22, nan 
79.375, 69.875, 4.404930770254808e-22, nan 
79.625, 69.875, 4.124196505347967e-22, nan 
79.875, 69.875, 6.472906418783134e-22, nan 
80.125, 69.875, 6.550330420256242e-22, nan 
80.375, 69.875, 6.297128153203756e-22, nan 
80.625, 69.875, 6.496479801166865e-22, nan 
80.875, 69.875, 5.671789921853404e-22, nan 
81.125, 69.875, 5.811534378925435e-22, nan 
81.375, 69.875, 5.154489938429533e-22, nan 
81.625, 69.875, 7.522295699400112e-22, nan 
81.875, 69.875, 5.3949909985491755e-22, nan 
82.125, 69.875, 4.840407814585576e-22, nan 
82.375, 69.875, 1.0872609596286413e-21, nan 
82.625, 69.875, 9.524234139359072e-22, nan 
82.875, 69.875, 9.937357773427493e-22, nan 
83.125, 69.875, 1.2704890785860017e-21, nan 
83.375, 69.875, 1.3564664258718247e-21, nan 
83.625, 69.875, 1.3398163864528825e-21, nan 
83.875, 69.875, 2.1299288385585887e-21, nan 
84.125, 69.875, 1.5357607078215534e-21, nan 
84.375, 69.875, 1.6355985239680998e-21, nan 
84.625, 69.875, 1.929335206770268e-21, nan 
84.875, 69.875, 1.6182549628440298e-21, nan 
85.125, 69.875, 1.856800643419082e-21, nan 
85.375, 69.875, 2.6080986441886954e-21, nan 
85.625, 69.875, 2.9453915718296013e-21, nan 
85.875, 69.875, 2.8847191925458552e-21, nan 
86.125, 69.875, 2.111935427671678e-21, nan 
86.375, 69.875, 1.8127424233137598e-21, nan 
86.625, 69.875, 2.76723143251777e-21, nan 
86.875, 69.875, 1.3481605807635859e-21, nan 
87.125, 69.875, 1.6513815188274089e-21, nan 
87.375, 69.875, 2.014793122408533e-21, nan 
87.625, 69.875, 2.4705042377660358e-21, nan 
87.875, 69.875, 2.866220539370194e-21, nan 
88.125, 69.875, 4.014723831456449e-21, nan 
88.375, 69.875, 2.8321408163450546e-21, nan 
88.625, 69.875, 3.822873082397146e-21, nan 
88.875, 69.875, 8.980853966182881e-21, nan 
89.125, 69.875, 5.8230615194795785e-21, nan 
89.375, 69.875, 5.4067602530772075e-21, nan 
89.625, 69.875, 7.092195491959867e-21, nan 
89.875, 69.875, 3.2055485693962747e-21, nan 
90.125, 69.875, 9.814455329951401e-21, nan 
90.375, 69.875, 1.2924356285754813e-20, nan 
90.625, 69.875, 2.1605074880184248e-20, nan 
90.875, 69.875, 3.011444982900151e-20, nan 
91.125, 69.875, 3.887960456806581e-20, nan 
91.375, 69.875, 3.518907195963092e-20, nan 
91.625, 69.875, 3.456336508640592e-20, nan 
91.875, 69.875, 3.3066888328313514e-20, nan 
92.125, 69.875, 3.903096155472208e-20, nan 
92.375, 69.875, 3.07464302429146e-20, nan 
92.625, 69.875, 3.521458952761729e-20, nan 
92.875, 69.875, 5.653511888570314e-20, nan 
93.125, 69.875, 3.528657109997654e-20, nan 
93.375, 69.875, 5.09052684925995e-20, nan 
93.625, 69.875, 5.072474234849246e-20, nan 
93.875, 69.875, 4.168459747681966e-20, nan 
94.125, 69.875, 3.595225987213774e-20, nan 
94.375, 69.875, 5.386503645325728e-20, nan 
94.625, 69.875, 6.835665673097881e-20, nan 
94.875, 69.875, 5.949363245988834e-20, nan 
95.125, 69.875, 6.049463239692119e-20, nan 
95.375, 69.875, 6.065672435925951e-20, nan 
95.625, 69.875, 4.545388357870974e-20, nan 
95.875, 69.875, 5.872765726469384e-20, nan 
96.125, 69.875, 6.105051480905241e-20, nan 
96.375, 69.875, 5.543486732517345e-20, nan 
96.625, 69.875, 4.906946160932119e-20, nan 
96.875, 69.875, 6.361023536522789e-20, nan 
97.125, 69.875, 4.596477318183634e-20, nan 
97.375, 69.875, 5.730380130434883e-20, nan 
97.625, 69.875, 4.404899867919751e-20, nan 
97.875, 69.875, 1.0205988341943954e-19, nan 
98.125, 69.875, 1.0116315900578608e-19, nan 
98.375, 69.875, 8.793960900266164e-20, nan 
98.625, 69.875, 9.659926544097941e-20, nan 
98.875, 69.875, 1.1791236797765533e-19, nan 
99.125, 69.875, 9.851964325499746e-20, nan 
99.375, 69.875, 1.3248175262614744e-19, nan 
99.625, 69.875, 1.5968147642475711e-19, nan 
99.875, 69.875, 1.584829622972172e-19, nan 
100.125, 69.875, 9.913588479459519e-20, nan 
100.375, 69.875, 3.16928084421754e-19, nan 
100.625, 69.875, 1.6880923936873464e-19, nan 
100.875, 69.875, 2.0861583091749172e-19, nan 
101.125, 69.875, 9.114270174404153e-19, nan 
101.375, 69.875, 1.3373414619077097e-18, nan 
101.625, 69.875, 1.5173928834755198e-18, nan 
101.875, 69.875, 1.5452804482214835e-18, nan 
102.125, 69.875, 1.5529254228250677e-18, nan 
102.375, 69.875, 2.110140359393515e-18, nan 
102.625, 69.875, 2.4990338849939284e-18, nan 
102.875, 69.875, 8.361453255870151e-18, nan 
103.125, 69.875, 7.922194184133719e-18, nan 
103.375, 69.875, 8.39692321075928e-18, nan 
103.625, 69.875, 8.943757582884025e-18, nan 
103.875, 69.875, 4.875719562694801e-18, nan 
104.125, 69.875, 4.194036202624666e-18, nan 
104.375, 69.875, 2.8235636334702368e-18, nan 
104.625, 69.875, 3.2733286321923633e-18, nan 
104.875, 69.875, 2.0659516845628143e-18, nan 
105.125, 69.875, 2.492630052861278e-18, nan 
105.375, 69.875, 2.2523941523982548e-18, nan 
105.625, 69.875, 8.444139662298927e-19, nan 
105.875, 69.875, 2.769842077569959e-19, nan 
106.125, 69.875, 2.505582695765428e-19, nan 
106.375, 69.875, 3.726560659269626e-19, nan 
106.625, 69.875, 4.979114055617839e-19, nan 
106.875, 69.875, 6.742373103388456e-19, nan 
107.125, 69.875, 7.7526332635226e-19, nan 
107.375, 69.875, 8.31940365169787e-19, nan 
107.625, 69.875, 1.0010062457188747e-18, nan 
107.875, 69.875, 7.931513034611655e-19, nan 
108.125, 69.875, 7.537025580842217e-19, nan 
108.375, 69.875, 8.548489628334184e-19, nan 
108.625, 69.875, 6.315435409787982e-19, nan 
108.875, 69.875, 6.203024186316962e-19, nan 
109.125, 69.875, 3.5550590751580976e-19, nan 
109.375, 69.875, 3.4909950324621293e-19, nan 
109.625, 69.875, 3.9653362463576184e-19, nan 
109.875, 69.875, 2.286788144637809e-19, nan 
110.125, 69.875, 1.6084471731798832e-19, nan 
110.375, 69.875, 3.339852181687401e-19, nan 
110.625, 69.875, 2.7160114871036563e-19, nan 
110.875, 69.875, 3.0402149127099305e-19, nan 
111.125, 69.875, 1.9745733860202906e-19, nan 
111.375, 69.875, 2.389085684317378e-19, nan 
111.625, 69.875, 4.288080096577356e-19, nan 
111.875, 69.875, 2.904189412684146e-19, nan 
112.125, 69.875, 1.3815812615268219e-19, nan 
112.375, 69.875, 1.2629967683493504e-19, nan 
112.625, 69.875, 2.413521915579685e-19, nan 
112.875, 69.875, 1.8618858884636276e-19, nan 
113.125, 69.875, 1.1956685214452907e-19, nan 
113.375, 69.875, 9.108032715982924e-20, nan 
113.625, 69.875, 1.48953042455329e-19, nan 
113.875, 69.875, 1.0205325551813362e-19, nan 
114.125, 69.875, 1.0371007560187711e-19, nan 
114.375, 69.875, 1.0731088323939183e-19, nan 
114.625, 69.875, 6.904390837684175e-20, nan 
114.875, 69.875, 2.662431358155491e-19, nan 
115.125, 69.875, 3.521756348314691e-19, nan 
115.375, 69.875, 2.490971479803488e-19, nan 
115.625, 69.875, 1.6855752143233018e-19, nan 
115.875, 69.875, 1.0211338620319069e-19, nan 
116.125, 69.875, 1.36648015656344e-19, nan 
116.375, 69.875, 1.0218621295349235e-19, nan 
116.625, 69.875, 1.185012958789741e-19, nan 
116.875, 69.875, 4.7188725839537663e-20, nan 
117.125, 69.875, 4.995765667783047e-20, nan 
117.375, 69.875, 4.1092642684935805e-20, nan 
117.625, 69.875, 4.5784191381095886e-20, nan 
117.875, 69.875, 3.3771199526768036e-20, nan 
118.125, 69.875, 6.189583820735211e-20, nan 
118.375, 69.875, 6.384466357512067e-20, nan 
118.625, 69.875, 2.0284830784097922e-20, nan 
118.875, 69.875, 2.5664569009093996e-20, nan 
119.125, 69.875, 2.2677570683844033e-20, nan 
119.375, 69.875, 2.1265169987060935e-20, nan 
119.625, 69.875, 2.0772883569610104e-20, nan 
119.875, 69.875, 3.66053758221784e-20, nan 
120.125, 69.875, 9.878963371627337e-20, nan 
120.375, 69.875, 9.818768949978306e-20, nan 
120.625, 69.875, 7.9604240355483e-20, nan 
120.875, 69.875, 1.3595027841223765e-19, nan 
121.125, 69.875, 1.4223707044647433e-19, nan 
121.375, 69.875, 1.0742358385416841e-19, nan 
121.625, 69.875, 3.9754348934140374e-20, nan 
121.875, 69.875, 6.919277086882251e-20, nan 
122.125, 69.875, 4.3453036263430493e-20, nan 
122.375, 69.875, 1.2005663693888074e-20, nan 
122.625, 69.875, 2.1748904332998644e-20, nan 
122.875, 69.875, 1.9206033703614465e-20, nan 
123.125, 69.875, 1.6822096654798518e-20, nan 
123.375, 69.875, 1.1911969574764453e-20, nan 
123.625, 69.875, 2.119539925587302e-20, nan 
123.875, 69.875, 1.3812032969010903e-20, nan 
124.125, 69.875, 9.739721329958625e-21, nan 
124.375, 69.875, 1.2076588496758403e-20, nan 
124.625, 69.875, 1.0018151451120307e-20, nan 
124.875, 69.875, 1.146447659677233e-20, nan 
125.125, 69.875, 8.319890107337777e-21, nan 
125.375, 69.875, 8.829285902129154e-21, nan 
125.625, 69.875, 1.3861400703685208e-20, nan 
125.875, 69.875, 1.5319057591565336e-20, nan 
126.125, 69.875, 1.9130685101485358e-20, nan 
126.375, 69.875, 8.767438014428186e-21, nan 
126.625, 69.875, 9.821676223879599e-21, nan 
126.875, 69.875, 9.806962406531436e-21, nan 
127.125, 69.875, 5.773667786807322e-21, nan 
127.375, 69.875, 5.3570896957239824e-21, nan 
127.625, 69.875, 5.914027473029694e-21, nan 
127.875, 69.875, 5.9951380054424674e-21, nan 
128.125, 69.875, 4.437990899860819e-21, nan 
128.375, 69.875, 7.978648361230909e-21, nan 
128.625, 69.875, 5.401596619339804e-21, nan 
128.875, 69.875, 4.721950225717775e-21, nan 
129.125, 69.875, 6.236053907936928e-21, nan 
129.375, 69.875, 4.528463833939484e-21, nan 
129.625, 69.875, 4.242248276314957e-21, nan 
129.875, 69.875, 5.349379204422094e-21, nan 
130.125, 69.875, 3.251333789025964e-21, nan 
130.375, 69.875, 1.6135175831180897e-21, nan 
130.625, 69.875, 1.946598227144443e-21, nan 
130.875, 69.875, 1.1600371506283566e-21, nan 
131.125, 69.875, 3.0096605741538307e-21, nan 
131.375, 69.875, 1.6367050215641759e-21, nan 
131.625, 69.875, 1.4664589112400628e-21, nan 
131.875, 69.875, 9.108393612569567e-22, nan 
132.125, 69.875, 2.1804129407919537e-21, nan 
132.375, 69.875, 2.7613688021386555e-21, nan 
132.625, 69.875, 2.4738297027703376e-21, nan 
132.875, 69.875, 1.5840811248174273e-21, nan 
133.125, 69.875, 1.350326071892292e-21, nan 
133.375, 69.875, 1.1119780537240801e-21, nan 
133.625, 69.875, 1.6256155959342005e-21, nan 
133.875, 69.875, 1.4629966873537635e-21, nan 
134.125, 69.875, 1.798776463705941e-21, nan 
134.375, 69.875, 2.3096285854028224e-21, nan 
134.625, 69.875, 1.9591614556775116e-21, nan 
134.875, 69.875, 1.1618471963357858e-21, nan 
135.125, 69.875, 1.5706549254485355e-21, nan 
135.375, 69.875, 2.097046934317924e-21, nan 
135.625, 69.875, 1.9947953620799857e-21, nan 
135.875, 69.875, 2.04408516666505e-21, nan 
136.125, 69.875, 1.6431728766046389e-21, nan 
136.375, 69.875, 1.460538110016446e-21, nan 
136.625, 69.875, 1.44943834817252e-21, nan 
136.875, 69.875, 8.766368713145912e-22, nan 
137.125, 69.875, 1.0171200531863522e-21, nan 
137.375, 69.875, 6.032140912895156e-22, nan 
137.625, 69.875, 5.339814221810348e-22, nan 
137.875, 69.875, 6.764499950808658e-22, nan 
138.125, 69.875, 6.654849107648437e-22, nan 
138.375, 69.875, 4.961736462987041e-22, nan 
138.625, 69.875, 4.316007843113141e-22, nan 
138.875, 69.875, 9.742283148272911e-22, nan 
139.125, 69.875, 1.3633620576005556e-21, nan 
139.375, 69.875, 1.9348914533967538e-21, nan 
139.625, 69.875, 2.030149654182621e-21, nan 
139.875, 69.875, 1.964768054315767e-21, nan 
140.125, 69.875, 1.763323508700912e-21, nan 
140.375, 69.875, 1.4908886306530069e-21, nan 
140.625, 69.875, 1.0372253062296272e-21, nan 
140.875, 69.875, 5.221275082236353e-22, nan 
141.125, 69.875, 6.388514336721948e-22, nan 
141.375, 69.875, 3.440395661897538e-22, nan 
141.625, 69.875, 3.3503723109244985e-22, nan 
141.875, 69.875, 4.339993458269659e-22, nan 
142.125, 69.875, 2.0780766600551512e-22, nan 
142.375, 69.875, 2.22142491630217e-22, nan 
142.625, 69.875, 1.5239206193935057e-22, nan 
142.875, 69.875, 1.8810687094307243e-22, nan 
143.125, 69.875, 3.1267048509747977e-22, nan 
143.375, 69.875, 1.9319777164062e-22, nan 
143.625, 69.875, 2.3153849268319687e-22, nan 
143.875, 69.875, 3.8928117661163296e-22, nan 
144.125, 69.875, 2.2207803279404706e-22, nan 
144.375, 69.875, 2.586280106145916e-22, nan 
144.625, 69.875, 4.0390934877329417e-22, nan 
144.875, 69.875, 3.5222659045442963e-22, nan 
145.125, 69.875, 3.228112997573165e-22, nan 
145.375, 69.875, 3.3318188514204485e-22, nan 
145.625, 69.875, 2.8436180738266037e-22, nan 
145.875, 69.875, 2.01441035300022e-22, nan 
146.125, 69.875, 7.820925089217564e-23, nan 
146.375, 69.875, 5.775724447127307e-23, nan 
146.625, 69.875, 8.39761458562287e-23, nan 
146.875, 69.875, 9.00163460225443e-23, nan 
147.125, 69.875, 1.3194136137034587e-22, nan 
147.375, 69.875, 1.7449189700360037e-22, nan 
147.625, 69.875, 1.1140520666742348e-22, nan 
147.875, 69.875, 9.242744359815662e-23, nan 
148.125, 69.875, 1.1463541544703969e-22, nan 
148.375, 69.875, 4.667741769328546e-23, nan 
148.625, 69.875, 8.450073448910742e-23, nan 
148.875, 69.875, 7.868426484242592e-23, nan 
149.125, 69.875, 7.698706597890409e-23, nan 
149.375, 69.875, 1.245874815668342e-22, nan 
149.625, 69.875, 1.197484673267698e-22, nan 
149.875, 69.875, 7.763943498347566e-23, nan 
150.125, 69.875, 7.011349792303405e-23, nan 
150.375, 69.875, 6.559946496503445e-23, nan 
150.625, 69.875, 5.291963938720017e-23, nan 
150.875, 69.875, 5.051911695115265e-23, nan 
151.125, 69.875, 3.39224783852701e-23, nan 
151.375, 69.875, 6.320478377736864e-23, nan 
151.625, 69.875, 7.765789444576893e-23, nan 
151.875, 69.875, 6.294929462691737e-23, nan 
152.125, 69.875, 3.7029805578185864e-23, nan 
152.375, 69.875, 4.9556379413361073e-23, nan 
152.625, 69.875, 1.4175252401763467e-22, nan 
152.875, 69.875, 1.4377303326198717e-22, nan 
153.125, 69.875, 2.581798961337229e-22, nan 
153.375, 69.875, 1.0481274346475471e-22, nan 
153.625, 69.875, 8.62274351124404e-23, nan 
153.875, 69.875, 7.98625278041051e-23, nan 
154.125, 69.875, 9.987943887433905e-23, nan 
154.375, 69.875, 9.779415067540538e-23, nan 
154.625, 69.875, 6.206675483581193e-23, nan 
154.875, 69.875, 3.357108599685271e-23, nan 
155.125, 69.875, 4.3838454433245486e-23, nan 
155.375, 69.875, 3.9053085977173284e-23, nan 
155.625, 69.875, 4.5556620933589734e-23, nan 
155.875, 69.875, 3.9869853439943104e-23, nan 
156.125, 69.875, 3.6962950307756816e-23, nan 
156.375, 69.875, 5.75508959212374e-23, nan 
156.625, 69.875, 5.152825815116564e-23, nan 
156.875, 69.875, 6.341837277380067e-23, nan 
157.125, 69.875, 4.6582394089442524e-23, nan 
157.375, 69.875, 4.950085495067014e-23, nan 
157.625, 69.875, 7.25909112923569e-23, nan 
157.875, 69.875, 2.910303017668367e-23, nan 
158.125, 69.875, 5.104224978030378e-23, nan 
158.375, 69.875, 6.656880164119e-23, nan 
158.625, 69.875, 8.905846024126572e-23, nan 
158.875, 69.875, 1.1717469011108823e-22, nan 
159.125, 69.875, 1.3457609876849228e-22, nan 
159.375, 69.875, 1.4583270883133192e-22, nan 
159.625, 69.875, 1.7743621651530582e-22, nan 
159.875, 69.875, 1.3081418824742016e-22, nan 
160.125, 69.875, 8.007881016695256e-23, nan 
160.375, 69.875, 4.52532448370919e-23, nan 
160.625, 69.875, 5.037009544345382e-23, nan 
160.875, 69.875, 1.9054831973882394e-23, nan 
161.125, 69.875, 4.755229924362236e-23, nan 
161.375, 69.875, 8.364707201128462e-23, nan 
161.625, 69.875, 1.0100724122268056e-22, nan 
161.875, 69.875, 1.1216632201602825e-22, nan 
162.125, 69.875, 9.040049879099618e-23, nan 
162.375, 69.875, 9.46157361514635e-23, nan 
162.625, 69.875, 6.709521510864994e-23, nan 
162.875, 69.875, 3.9889953955919177e-23, nan 
163.125, 69.875, 6.333445780408282e-23, nan 
163.375, 69.875, 3.490298477232847e-23, nan 
163.625, 69.875, 3.7700073793001286e-23, nan 
163.875, 69.875, 3.744722470744713e-23, nan 
164.125, 69.875, 2.6157507415739857e-23, nan 
164.375, 69.875, 2.0840117504066976e-23, nan 
164.625, 69.875, 1.7507999895217645e-23, nan 
164.875, 69.875, 2.752108317060715e-23, nan 
165.125, 69.875, 1.3047669712952121e-23, nan 
165.375, 69.875, 2.458478313264293e-23, nan 
165.625, 69.875, 2.82293862461896e-23, nan 
165.875, 69.875, 3.213320998228082e-23, nan 
166.125, 69.875, 2.197637162568237e-23, nan 
166.375, 69.875, 2.792951594690552e-23, nan 
166.625, 69.875, 2.488293996903985e-23, nan 
166.875, 69.875, 2.4463886293246207e-23, nan 
167.125, 69.875, 2.820726734110957e-23, nan 
167.375, 69.875, 2.0324836516763573e-23, nan 
167.625, 69.875, 2.128805038475775e-23, nan 
167.875, 69.875, 2.1231861203177538e-23, nan 
168.125, 69.875, 1.813271402462989e-23, nan 
168.375, 69.875, 2.83910925420498e-23, nan 
168.625, 69.875, 2.612852204581065e-23, nan 
168.875, 69.875, 2.3319217090500076e-23, nan 
169.125, 69.875, 2.6052330742006248e-23, nan 
169.375, 69.875, 3.116344742256182e-23, nan 
169.625, 69.875, 2.990408497209388e-23, nan 
169.875, 69.875, 2.706569819866829e-23, nan 
170.125, 69.875, 3.122882692986879e-23, nan 
170.375, 69.875, 2.858973856966978e-23, nan 
170.625, 69.875, 3.2322244575043574e-23, nan 
170.875, 69.875, 3.4855584322492373e-23, nan 
171.125, 69.875, 1.2738690817398919e-23, nan 
171.375, 69.875, 5.382678727795385e-24, nan 
171.625, 69.875, 8.726437785813029e-24, nan 
171.875, 69.875, 1.3012706016584001e-23, nan 
172.125, 69.875, 1.3966621059666332e-23, nan 
172.375, 69.875, 2.4443047561771903e-23, nan 
172.625, 69.875, 1.3010646121376929e-23, nan 
172.875, 69.875, 1.1895067230690293e-23, nan 
173.125, 69.875, 1.8169358661269014e-23, nan 
173.375, 69.875, 1.3062216582689179e-23, nan 
173.625, 69.875, 1.0622758023881689e-23, nan 
173.875, 69.875, 1.7401321086811922e-23, nan 
174.125, 69.875, 1.3006106528556519e-23, nan 
174.375, 69.875, 1.1061647345574303e-23, nan 
174.625, 69.875, 1.3610400672121242e-23, nan 
174.875, 69.875, 1.3015230586194276e-23, nan 
175.125, 69.875, 1.5958213980474248e-23, nan 
175.375, 69.875, 1.5940719498300765e-23, nan 
175.625, 69.875, 1.3554101316455986e-23, nan 
175.875, 69.875, 1.7977418520119223e-23, nan 
176.125, 69.875, 1.3819091780672628e-23, nan 
176.375, 69.875, 1.0347474736569436e-23, nan 
176.625, 69.875, 9.612972684616079e-24, nan 
176.875, 69.875, 1.4965330327294167e-23, nan 
177.125, 69.875, 1.0807419709594512e-23, nan 
177.375, 69.875, 7.099217099752868e-24, nan 
177.625, 69.875, 9.394370365369547e-24, nan 
177.875, 69.875, 1.5413463699053613e-23, nan 
178.125, 69.875, 1.2583470092211576e-23, nan 
178.375, 69.875, 1.2949105857049646e-23, nan 
178.625, 69.875, 1.602470845245327e-23, nan 
178.875, 69.875, 1.31921998464036e-23, nan 
179.125, 69.875, 1.1784921008141488e-23, nan 
179.375, 69.875, 8.264628800101093e-24, nan 
179.625, 69.875, 6.502581996026199e-24, nan 
179.875, 69.875, 6.4806268069206024e-24, nan 
-179.875, 70.125, 5.646902914823003e-24, nan 
-179.625, 70.125, 7.48100731520645e-24, nan 
-179.375, 70.125, 1.2985415552385826e-23, nan 
-179.125, 70.125, 1.2858935396157619e-23, nan 
-178.875, 70.125, 1.1392687848699289e-23, nan 
-178.625, 70.125, 1.1745055974007054e-23, nan 
-178.375, 70.125, 9.506695468473548e-24, nan 
-178.125, 70.125, 5.1359255737397544e-24, nan 
-177.875, 70.125, 4.8578304507649776e-24, nan 
-177.625, 70.125, 6.869075156079193e-24, nan 
-177.375, 70.125, 3.779425888618933e-24, nan 
-177.125, 70.125, 8.135094585526628e-24, nan 
-176.875, 70.125, 1.0695103891441614e-23, nan 
-176.625, 70.125, 6.943636287658629e-24, nan 
-176.375, 70.125, 1.0377567392085457e-23, nan 
-176.125, 70.125, 1.32799966060577e-23, nan 
-175.875, 70.125, 1.2899676176234603e-23, nan 
-175.625, 70.125, 1.0674902512027496e-23, nan 
-175.375, 70.125, 8.873218748754642e-24, nan 
-175.125, 70.125, 9.910256471199512e-24, nan 
-174.875, 70.125, 1.0435603765915782e-23, nan 
-174.625, 70.125, 1.0084219487786527e-23, nan 
-174.375, 70.125, 8.494834971324147e-24, nan 
-174.125, 70.125, 4.2499780150799e-24, nan 
-173.875, 70.125, 1.3075633108217037e-23, nan 
-173.625, 70.125, 1.2768042911323973e-23, nan 
-173.375, 70.125, 5.976945293454377e-24, nan 
-173.125, 70.125, 1.7574389015885143e-23, nan 
-172.875, 70.125, 1.377253809797401e-23, nan 
-172.625, 70.125, 3.7832540663478674e-24, nan 
-172.375, 70.125, 9.230637851688493e-24, nan 
-172.125, 70.125, 7.895132757571533e-24, nan 
-171.875, 70.125, 4.355562629046629e-24, nan 
-171.625, 70.125, 4.339329220013206e-24, nan 
-171.375, 70.125, 2.893763565344586e-24, nan 
-171.125, 70.125, 3.9179352002261874e-24, nan 
-170.875, 70.125, 5.489721474012646e-24, nan 
-170.625, 70.125, 2.9152490201072902e-24, nan 
-170.375, 70.125, 2.7769264262504985e-24, nan 
-170.125, 70.125, 5.003158654485535e-24, nan 
-169.875, 70.125, 6.1246530548841375e-24, nan 
-169.625, 70.125, 6.1868542254386295e-24, nan 
-169.375, 70.125, 4.518097519720805e-24, nan 
-169.125, 70.125, 5.650895976291989e-24, nan 
-168.875, 70.125, 4.5303280591117485e-24, nan 
-168.625, 70.125, 1.7181251288759905e-24, nan 
14.125, 70.125, 4.641767904671579e-24, nan 
14.375, 70.125, 3.050154805138013e-24, nan 
14.625, 70.125, 3.136192562445942e-24, nan 
14.875, 70.125, 2.461243416276181e-24, nan 
15.125, 70.125, 1.4791353744799241e-24, nan 
15.375, 70.125, 6.047487799193396e-25, nan 
15.625, 70.125, 3.5600207144042627e-25, nan 
15.875, 70.125, 3.5559489564901277e-25, nan 
16.125, 70.125, 2.4642244071104623e-25, nan 
16.375, 70.125, 4.181954412533396e-25, nan 
16.625, 70.125, 1.5529975646372845e-25, nan 
16.875, 70.125, 7.455278765078837e-25, nan 
17.125, 70.125, 8.73493405192179e-25, nan 
17.375, 70.125, 8.35517800444392e-25, nan 
17.625, 70.125, 1.1848677033294718e-24, nan 
17.875, 70.125, 8.161876283272365e-25, nan 
18.125, 70.125, 3.2372288537282114e-24, nan 
18.375, 70.125, 5.444796087254599e-24, nan 
18.625, 70.125, 4.7821363604302094e-24, nan 
18.875, 70.125, 3.0148499067950097e-24, nan 
19.125, 70.125, 3.749013632065708e-24, nan 
19.375, 70.125, 3.123049751570206e-24, nan 
19.625, 70.125, 1.9545296528899104e-24, nan 
19.875, 70.125, 1.5689293980759201e-24, nan 
20.125, 70.125, 2.0494895246026847e-24, nan 
20.375, 70.125, 1.936759217835032e-24, nan 
20.625, 70.125, 1.773788897691879e-24, nan 
20.875, 70.125, 1.4385333075236854e-24, nan 
21.125, 70.125, 1.680388067865356e-24, nan 
21.375, 70.125, 2.468733469185245e-24, nan 
21.625, 70.125, 2.23239535048074e-24, nan 
21.875, 70.125, 2.155855400074708e-24, nan 
22.125, 70.125, 2.1406704342351016e-24, nan 
22.375, 70.125, 2.2756729331506298e-24, nan 
22.625, 70.125, 2.925070345511269e-24, nan 
22.875, 70.125, 2.237991713228489e-24, nan 
23.125, 70.125, 2.655064525648985e-24, nan 
23.375, 70.125, 3.175598816101267e-24, nan 
23.625, 70.125, 3.41739373737873e-24, nan 
23.875, 70.125, 2.392032236408049e-24, nan 
24.125, 70.125, 1.7736184295334424e-24, nan 
24.375, 70.125, 1.9858538641146465e-24, nan 
24.625, 70.125, 1.6803246264241097e-24, nan 
24.875, 70.125, 2.6805925625127532e-24, nan 
25.125, 70.125, 2.1089264119240245e-24, nan 
25.375, 70.125, 6.659824889379881e-25, nan 
25.625, 70.125, 6.642973838711717e-25, nan 
25.875, 70.125, 1.4751481627128391e-24, nan 
26.125, 70.125, 1.3583199095866753e-24, nan 
26.375, 70.125, 1.672031462469195e-24, nan 
26.625, 70.125, 1.6440981700139053e-24, nan 
26.875, 70.125, 7.839079784364877e-25, nan 
27.125, 70.125, 1.846613146196311e-24, nan 
27.375, 70.125, 3.3803267145091155e-24, nan 
27.625, 70.125, 1.019090553135103e-24, nan 
27.875, 70.125, 5.706817839238275e-25, nan 
28.125, 70.125, 9.839526819916298e-25, nan 
28.375, 70.125, 3.388381021753609e-24, nan 
28.625, 70.125, 2.986024944524994e-24, nan 
28.875, 70.125, 1.7517168579222672e-24, nan 
29.125, 70.125, 2.1568177957511198e-24, nan 
29.375, 70.125, 2.2206674106033097e-24, nan 
29.625, 70.125, 1.818527237659538e-24, nan 
29.875, 70.125, 1.6629460031062936e-24, nan 
30.125, 70.125, 1.2918718477586368e-24, nan 
30.375, 70.125, 1.9311868987005198e-24, nan 
30.625, 70.125, 2.2839911120721713e-24, nan 
30.875, 70.125, 1.6424880088447777e-24, nan 
31.125, 70.125, 1.358519864747679e-24, nan 
31.375, 70.125, 2.216957157896059e-24, nan 
31.625, 70.125, 2.1263508744780627e-24, nan 
31.875, 70.125, 2.914710195327813e-24, nan 
32.125, 70.125, 4.0570267165859516e-24, nan 
32.375, 70.125, 3.742460043812099e-24, nan 
32.625, 70.125, 3.144931951177996e-24, nan 
32.875, 70.125, 3.2529613708516955e-24, nan 
33.125, 70.125, 2.400280301597027e-24, nan 
33.375, 70.125, 2.4687383165182983e-24, nan 
33.625, 70.125, 2.4566993071468773e-24, nan 
33.875, 70.125, 2.6889242386843938e-24, nan 
34.125, 70.125, 2.2304710047220878e-24, nan 
34.375, 70.125, 2.1189002721496652e-24, nan 
34.625, 70.125, 2.4506871203744175e-24, nan 
34.875, 70.125, 2.3526362569756848e-24, nan 
35.125, 70.125, 2.7012127883144145e-24, nan 
35.375, 70.125, 2.75072916834637e-24, nan 
35.625, 70.125, 4.5457250584197506e-24, nan 
35.875, 70.125, 6.261840799153844e-24, nan 
36.125, 70.125, 5.004639259115454e-24, nan 
36.375, 70.125, 5.525354238065995e-24, nan 
36.625, 70.125, 7.570416083563512e-24, nan 
36.875, 70.125, 4.8338753184868065e-24, nan 
37.125, 70.125, 1.726596769356044e-24, nan 
37.375, 70.125, 3.876365335656726e-24, nan 
37.625, 70.125, 3.11662101021709e-24, nan 
37.875, 70.125, 2.4650475820593878e-24, nan 
38.125, 70.125, 2.510654728817846e-24, nan 
38.375, 70.125, 2.444847050392203e-24, nan 
38.625, 70.125, 2.4508164324740453e-24, nan 
38.875, 70.125, 1.1934268509156652e-24, nan 
39.125, 70.125, 1.868066903570836e-24, nan 
39.375, 70.125, 3.1333774368088213e-24, nan 
39.625, 70.125, 5.834164635721904e-24, nan 
39.875, 70.125, 7.001716097825438e-24, nan 
40.125, 70.125, 4.1515681513291096e-24, nan 
40.375, 70.125, 6.6166428367110775e-24, nan 
40.625, 70.125, 9.551597170430018e-24, nan 
40.875, 70.125, 4.277349080691276e-24, nan 
41.125, 70.125, 4.7612206998796e-24, nan 
41.375, 70.125, 9.794240386458123e-24, nan 
41.625, 70.125, 4.309923389645021e-24, nan 
41.875, 70.125, 6.203448459789889e-24, nan 
42.125, 70.125, 8.24785689440313e-24, nan 
42.375, 70.125, 8.62135426949623e-24, nan 
42.625, 70.125, 8.061729294543132e-24, nan 
42.875, 70.125, 5.31317299887474e-24, nan 
43.125, 70.125, 5.2713182367780425e-24, nan 
43.375, 70.125, 6.75379861390076e-24, nan 
43.625, 70.125, 6.351520747648538e-24, nan 
43.875, 70.125, 8.867011835398903e-24, nan 
44.125, 70.125, 8.984054949470544e-24, nan 
44.375, 70.125, 8.470790459338786e-24, nan 
44.625, 70.125, 9.428091186056051e-24, nan 
44.875, 70.125, 8.31657566773601e-24, nan 
45.125, 70.125, 8.195341804333283e-24, nan 
45.375, 70.125, 7.927299363796457e-24, nan 
45.625, 70.125, 8.9726975619972e-24, nan 
45.875, 70.125, 7.822401138382507e-24, nan 
46.125, 70.125, 3.273995870598178e-24, nan 
46.375, 70.125, 2.739186349337168e-24, nan 
46.625, 70.125, 2.9620527886193658e-24, nan 
46.875, 70.125, 3.0073360919689294e-24, nan 
47.125, 70.125, 1.995078391382037e-24, nan 
47.375, 70.125, 2.3433793063854302e-24, nan 
47.625, 70.125, 3.627457975396401e-24, nan 
47.875, 70.125, 5.883632250439181e-24, nan 
48.125, 70.125, 5.598500058840673e-24, nan 
48.375, 70.125, 5.4649621733140445e-24, nan 
48.625, 70.125, 6.2136342868779114e-24, nan 
48.875, 70.125, 9.500597078390894e-24, nan 
49.125, 70.125, 7.380332686553075e-24, nan 
49.375, 70.125, 9.371488586744568e-24, nan 
49.625, 70.125, 1.7023620146580926e-23, nan 
49.875, 70.125, 8.086894787670467e-24, nan 
50.125, 70.125, 8.456977047749633e-24, nan 
50.375, 70.125, 1.1021074669268755e-23, nan 
50.625, 70.125, 1.0548395175702238e-23, nan 
50.875, 70.125, 9.183076878775501e-24, nan 
51.125, 70.125, 1.0996091191938994e-23, nan 
51.375, 70.125, 1.104363516495692e-23, nan 
51.625, 70.125, 4.921061296072543e-24, nan 
51.875, 70.125, 2.7804347710490717e-24, nan 
52.125, 70.125, 1.025769277133849e-23, nan 
52.375, 70.125, 9.739682856083431e-24, nan 
52.625, 70.125, 2.750204573272135e-24, nan 
52.875, 70.125, 8.14910943659085e-24, nan 
53.125, 70.125, 8.452075510059343e-24, nan 
53.375, 70.125, 6.35983162643287e-24, nan 
53.625, 70.125, 5.619293661610622e-24, nan 
53.875, 70.125, 1.2153138048236485e-23, nan 
54.125, 70.125, 2.3149178245088825e-23, nan 
54.375, 70.125, 1.3623381835069927e-23, nan 
54.625, 70.125, 6.016637591972501e-24, nan 
54.875, 70.125, 8.127634205294313e-24, nan 
55.125, 70.125, 7.080167667787577e-24, nan 
55.375, 70.125, 6.980425016364829e-24, nan 
55.625, 70.125, 1.416770058547438e-23, nan 
55.875, 70.125, 2.3283046187049596e-23, nan 
56.125, 70.125, 1.7230315473138478e-23, nan 
56.375, 70.125, 1.4473095610061882e-23, nan 
56.625, 70.125, 1.77683910039637e-23, nan 
56.875, 70.125, 1.9252408958208487e-23, nan 
57.125, 70.125, 1.3686918200341315e-23, nan 
57.375, 70.125, 1.402447506125946e-23, nan 
57.625, 70.125, 1.5234372494973226e-23, nan 
57.875, 70.125, 1.5053402273291587e-23, nan 
58.125, 70.125, 1.5969231294427454e-23, nan 
58.375, 70.125, 1.7004675266344485e-23, nan 
58.625, 70.125, 2.2782861470508585e-23, nan 
58.875, 70.125, 2.2872340776492278e-23, nan 
59.125, 70.125, 3.3550322556928576e-23, nan 
59.375, 70.125, 3.472074442568846e-23, nan 
59.625, 70.125, 3.381813363631563e-23, nan 
59.875, 70.125, 3.259868624798098e-23, nan 
60.125, 70.125, 3.103560398311464e-23, nan 
60.375, 70.125, 2.7873858802800376e-23, nan 
60.625, 70.125, 3.4082625369753887e-23, nan 
60.875, 70.125, 4.147607376425183e-23, nan 
61.125, 70.125, 4.260376724888099e-23, nan 
61.375, 70.125, 4.3328074179062396e-23, nan 
61.625, 70.125, 5.105066046483853e-23, nan 
61.875, 70.125, 4.993534320300733e-23, nan 
62.125, 70.125, 3.599788235411405e-23, nan 
62.375, 70.125, 1.9442193829873602e-23, nan 
62.625, 70.125, 3.4608795172600015e-23, nan 
62.875, 70.125, 4.772164297501431e-23, nan 
63.125, 70.125, 5.950055904641686e-23, nan 
63.375, 70.125, 6.399896954512416e-23, nan 
63.625, 70.125, 1.0932775018823768e-22, nan 
63.875, 70.125, 1.0474356796057545e-22, nan 
64.125, 70.125, 8.597919978525646e-23, nan 
64.375, 70.125, 9.848253635595777e-23, nan 
64.625, 70.125, 5.037279790197351e-23, nan 
64.875, 70.125, 1.1583402216339244e-22, nan 
65.125, 70.125, 4.050205793589665e-23, nan 
65.375, 70.125, 5.739751674975023e-23, nan 
65.625, 70.125, 4.390190425001711e-23, nan 
65.875, 70.125, 9.856202385048803e-23, nan 
66.125, 70.125, 1.0469049937639538e-22, nan 
66.375, 70.125, 2.854977758878805e-23, nan 
66.625, 70.125, 6.068694490402437e-23, nan 
66.875, 70.125, 1.3406996792782484e-22, nan 
67.125, 70.125, 5.0344430515668225e-23, nan 
67.375, 70.125, 3.9049971608465345e-23, nan 
67.625, 70.125, 6.30092058016784e-23, nan 
67.875, 70.125, 5.655446729199999e-23, nan 
68.125, 70.125, 7.21025512328753e-23, nan 
68.375, 70.125, 1.1480160236923865e-22, nan 
68.625, 70.125, 1.0208799494410041e-22, nan 
68.875, 70.125, 1.1644950825642267e-22, nan 
69.125, 70.125, 1.0224300723314724e-22, nan 
69.375, 70.125, 7.947926362414209e-23, nan 
69.625, 70.125, 8.230009256800064e-23, nan 
69.875, 70.125, 4.5315726609536847e-23, nan 
70.125, 70.125, 5.713104250722936e-23, nan 
70.375, 70.125, 5.832708186744059e-23, nan 
70.625, 70.125, 6.390085846166824e-23, nan 
70.875, 70.125, 4.127572188600584e-23, nan 
71.125, 70.125, 9.542435879550355e-23, nan 
71.375, 70.125, 1.155216569464696e-22, nan 
71.625, 70.125, 1.1752162195105116e-22, nan 
71.875, 70.125, 8.06158675290649e-23, nan 
72.125, 70.125, 1.2074573509879054e-22, nan 
72.375, 70.125, 1.1809173016359173e-22, nan 
72.625, 70.125, 1.0581283314497411e-22, nan 
72.875, 70.125, 2.1463079407872717e-22, nan 
73.125, 70.125, 2.5231691392071475e-22, nan 
73.375, 70.125, 3.101344421237007e-22, nan 
73.625, 70.125, 2.7882104691320233e-22, nan 
73.875, 70.125, 2.352510964306556e-22, nan 
74.125, 70.125, 1.7827898420204713e-22, nan 
74.375, 70.125, 1.9951367390345767e-22, nan 
74.625, 70.125, 2.977211536965324e-22, nan 
74.875, 70.125, 2.204532681956505e-22, nan 
75.125, 70.125, 4.68821464009879e-22, nan 
75.375, 70.125, 4.245184209468274e-22, nan 
75.625, 70.125, 5.086125047155588e-22, nan 
75.875, 70.125, 6.073905644991912e-22, nan 
76.125, 70.125, 6.276174511297645e-22, nan 
76.375, 70.125, 7.30007352397158e-22, nan 
76.625, 70.125, 6.134040007142433e-22, nan 
76.875, 70.125, 5.677425764209012e-22, nan 
77.125, 70.125, 3.050267847683725e-22, nan 
77.375, 70.125, 3.9778014781559924e-22, nan 
77.625, 70.125, 3.9988917344505994e-22, nan 
77.875, 70.125, 3.0401134573390346e-22, nan 
78.125, 70.125, 4.272279853900394e-22, nan 
78.375, 70.125, 4.57770808867531e-22, nan 
78.625, 70.125, 3.553539950094148e-22, nan 
78.875, 70.125, 4.391483954292531e-22, nan 
79.125, 70.125, 4.511686531116795e-22, nan 
79.375, 70.125, 4.260120002427123e-22, nan 
79.625, 70.125, 3.7942622439858306e-22, nan 
79.875, 70.125, 5.836912301337118e-22, nan 
80.125, 70.125, 6.974878291599796e-22, nan 
80.375, 70.125, 6.061599103292638e-22, nan 
80.625, 70.125, 7.77652991690539e-22, nan 
80.875, 70.125, 7.645929200843411e-22, nan 
81.125, 70.125, 8.155105819075437e-22, nan 
81.375, 70.125, 8.107737655288177e-22, nan 
81.625, 70.125, 5.261121218067585e-22, nan 
81.875, 70.125, 7.664715940472496e-22, nan 
82.125, 70.125, 1.1309900535864601e-21, nan 
82.375, 70.125, 1.0048956770392493e-21, nan 
82.625, 70.125, 9.293676517244491e-22, nan 
82.875, 70.125, 1.1345328040135834e-21, nan 
83.125, 70.125, 9.385370541777582e-22, nan 
83.375, 70.125, 2.0492073573868925e-21, nan 
83.625, 70.125, 1.4303278105739868e-21, nan 
83.875, 70.125, 2.0186730977583322e-21, nan 
84.125, 70.125, 2.9707042417484305e-21, nan 
84.375, 70.125, 1.7147813415502774e-21, nan 
84.625, 70.125, 1.8978645174973816e-21, nan 
84.875, 70.125, 1.4184994263482404e-21, nan 
85.125, 70.125, 2.8759489972444716e-21, nan 
85.375, 70.125, 3.0032575130199756e-21, nan 
85.625, 70.125, 1.634341043202632e-21, nan 
85.875, 70.125, 5.014091547636877e-21, nan 
86.125, 70.125, 5.739105797068854e-21, nan 
86.375, 70.125, 3.171882803282697e-21, nan 
86.625, 70.125, 4.1062664561939536e-21, nan 
86.875, 70.125, 2.8152484703140407e-21, nan 
87.125, 70.125, 2.91043062337271e-21, nan 
87.375, 70.125, 3.602490622728373e-21, nan 
87.625, 70.125, 3.518881502667392e-21, nan 
87.875, 70.125, 3.9071478143424294e-21, nan 
88.125, 70.125, 4.7687720041227315e-21, nan 
88.375, 70.125, 5.87031375416343e-21, nan 
88.625, 70.125, 2.283583392022014e-21, nan 
88.875, 70.125, 6.842708058304469e-21, nan 
89.125, 70.125, 5.3905723827671905e-21, nan 
89.375, 70.125, 4.415496189988098e-21, nan 
89.625, 70.125, 3.2484632142996865e-21, nan 
89.875, 70.125, 4.935187636449081e-21, nan 
90.125, 70.125, 6.767862465177962e-21, nan 
90.375, 70.125, 8.407413278540696e-21, nan 
90.625, 70.125, 1.1009833729937732e-20, nan 
90.875, 70.125, 1.1924151804922196e-20, nan 
91.125, 70.125, 9.260552025690872e-21, nan 
91.375, 70.125, 1.583053354873979e-20, nan 
91.625, 70.125, 1.818359289718561e-20, nan 
91.875, 70.125, 1.3887986033447867e-20, nan 
92.125, 70.125, 1.4747839639500643e-20, nan 
92.375, 70.125, 2.4691686114669584e-20, nan 
92.625, 70.125, 3.650341775239139e-20, nan 
92.875, 70.125, 4.764674745172764e-20, nan 
93.125, 70.125, 3.3411463486066157e-20, nan 
93.375, 70.125, 3.984953378680782e-20, nan 
93.625, 70.125, 7.463583154095002e-20, nan 
93.875, 70.125, 8.904456582977586e-20, nan 
94.125, 70.125, 4.7591552362657456e-20, nan 
94.375, 70.125, 7.533957224664269e-20, nan 
94.625, 70.125, 1.548185384570055e-19, nan 
94.875, 70.125, 1.3031166275131694e-19, nan 
95.125, 70.125, 7.147920262429959e-20, nan 
95.375, 70.125, 9.338807239342998e-20, nan 
95.625, 70.125, 9.225935449258118e-20, nan 
95.875, 70.125, 6.760278036460608e-20, nan 
96.125, 70.125, 4.830843990493606e-20, nan 
96.375, 70.125, 5.0253877611457377e-20, nan 
96.625, 70.125, 4.45834484813171e-20, nan 
96.875, 70.125, 7.405537858680463e-20, nan 
97.125, 70.125, 1.0532703007325702e-19, nan 
97.375, 70.125, 5.422106139737785e-20, nan 
97.625, 70.125, 6.321574592333643e-20, nan 
97.875, 70.125, 1.1283549575493618e-19, nan 
98.125, 70.125, 6.805301569007908e-20, nan 
98.375, 70.125, 7.761531621948255e-20, nan 
98.625, 70.125, 1.2198700039364734e-19, nan 
98.875, 70.125, 1.79099201345628e-19, nan 
99.125, 70.125, 2.1516221010485572e-19, nan 
99.375, 70.125, 1.8888134965308546e-19, nan 
99.625, 70.125, 1.9020676981684616e-19, nan 
99.875, 70.125, 2.233772520595843e-19, nan 
100.125, 70.125, 1.4802570332097293e-19, nan 
100.375, 70.125, 2.0173204580673376e-19, nan 
100.625, 70.125, 8.478577641741925e-19, nan 
100.875, 70.125, 1.0791358207612966e-18, nan 
101.125, 70.125, 9.78021213950605e-19, nan 
101.375, 70.125, 1.737536559051999e-18, nan 
101.625, 70.125, 2.2114983664251543e-18, nan 
101.875, 70.125, 2.060643978201416e-18, nan 
102.125, 70.125, 9.78915051073507e-18, nan 
102.375, 70.125, 1.2822419213042407e-17, nan 
102.625, 70.125, 9.657116743924118e-18, nan 
102.875, 70.125, 1.580532207765057e-17, nan 
103.125, 70.125, 1.7358793483780872e-17, nan 
103.375, 70.125, 1.6692655456695672e-17, nan 
103.625, 70.125, 1.2658657550421113e-17, nan 
103.875, 70.125, 1.0232344526266683e-17, nan 
104.125, 70.125, 1.5028106390422566e-17, nan 
104.375, 70.125, 1.1520319453560149e-17, nan 
104.625, 70.125, 5.564113887407744e-18, nan 
104.875, 70.125, 6.3758914249111435e-18, nan 
105.125, 70.125, 2.8568083946926657e-18, nan 
105.375, 70.125, 3.0659486138415767e-18, nan 
105.625, 70.125, 2.6893429904371013e-18, nan 
105.875, 70.125, 1.4949690573251473e-18, nan 
106.125, 70.125, 8.02026001013777e-19, nan 
106.375, 70.125, 9.598461899197956e-19, nan 
106.625, 70.125, 4.800928040938285e-19, nan 
106.875, 70.125, 1.0500743912962438e-18, nan 
107.125, 70.125, 1.5307540289291045e-18, nan 
107.375, 70.125, 7.516118008349368e-19, nan 
107.625, 70.125, 9.875350549173223e-19, nan 
107.875, 70.125, 1.2411848238678325e-18, nan 
108.125, 70.125, 8.38016448000363e-19, nan 
108.375, 70.125, 9.290433677112273e-19, nan 
108.625, 70.125, 1.0735124080418443e-18, nan 
108.875, 70.125, 9.513697493424414e-19, nan 
109.125, 70.125, 8.546580276749533e-19, nan 
109.375, 70.125, 1.4665303255611943e-18, nan 
109.625, 70.125, 9.257702370755052e-19, nan 
109.875, 70.125, 1.0453912199663119e-18, nan 
110.125, 70.125, 5.962411500005597e-19, nan 
110.375, 70.125, 5.829172843489881e-19, nan 
110.625, 70.125, 4.828097192011473e-19, nan 
110.875, 70.125, 5.514621460019444e-19, nan 
111.125, 70.125, 5.545839586456349e-19, nan 
111.375, 70.125, 4.888596591128156e-19, nan 
111.625, 70.125, 7.317548616865236e-19, nan 
111.875, 70.125, 5.189512900328721e-19, nan 
112.125, 70.125, 4.3042221355725705e-19, nan 
112.375, 70.125, 4.484630702107824e-19, nan 
112.625, 70.125, 3.698944524019437e-19, nan 
112.875, 70.125, 3.7805552298890096e-19, nan 
113.125, 70.125, 2.1212358678687383e-19, nan 
113.375, 70.125, 1.7834996192624165e-19, nan 
113.625, 70.125, 1.429350696332881e-19, nan 
113.875, 70.125, 1.7209326192205922e-19, nan 
114.125, 70.125, 2.303283471335198e-19, nan 
114.375, 70.125, 2.4179042229767346e-19, nan 
114.625, 70.125, 2.497950831843434e-19, nan 
114.875, 70.125, 2.901522336285532e-19, nan 
115.125, 70.125, 2.2831191040846744e-19, nan 
115.375, 70.125, 2.252988401368192e-19, nan 
115.625, 70.125, 1.1434962968956551e-19, nan 
115.875, 70.125, 1.755358109623735e-19, nan 
116.125, 70.125, 1.4345487529704527e-19, nan 
116.375, 70.125, 1.103973016566671e-19, nan 
116.625, 70.125, 3.707496873906472e-20, nan 
116.875, 70.125, 3.178010301359794e-20, nan 
117.125, 70.125, 3.279842870973033e-20, nan 
117.375, 70.125, 7.077108727980439e-20, nan 
117.625, 70.125, 7.552957245910479e-20, nan 
117.875, 70.125, 5.0483596425901945e-20, nan 
118.125, 70.125, 7.258001517191737e-20, nan 
118.375, 70.125, 1.99888499403569e-20, nan 
118.625, 70.125, 2.4933180481187147e-20, nan 
118.875, 70.125, 3.5452362555023044e-20, nan 
119.125, 70.125, 4.287213221905277e-20, nan 
119.375, 70.125, 2.2261993194158716e-20, nan 
119.625, 70.125, 2.1841609535033446e-20, nan 
119.875, 70.125, 1.820584914681689e-20, nan 
120.125, 70.125, 3.455853424012005e-20, nan 
120.375, 70.125, 2.6945969810928727e-20, nan 
120.625, 70.125, 5.505041266410343e-20, nan 
120.875, 70.125, 1.3092390123454509e-19, nan 
121.125, 70.125, 1.1041658827224766e-19, nan 
121.375, 70.125, 8.36170766909386e-20, nan 
121.625, 70.125, 4.772302423576156e-20, nan 
121.875, 70.125, 3.923263245446486e-20, nan 
122.125, 70.125, 2.9461199089814214e-20, nan 
122.375, 70.125, 2.831670866467514e-20, nan 
122.625, 70.125, 3.2650993766742914e-20, nan 
122.875, 70.125, 3.275314640295098e-20, nan 
123.125, 70.125, 2.3624348077967965e-20, nan 
123.375, 70.125, 1.1188336279098133e-20, nan 
123.625, 70.125, 2.1973638868756066e-20, nan 
123.875, 70.125, 1.7596970812354158e-20, nan 
124.125, 70.125, 5.959001531314595e-21, nan 
124.375, 70.125, 1.0610510852103142e-20, nan 
124.625, 70.125, 1.007398004088687e-20, nan 
124.875, 70.125, 5.7359035827186165e-21, nan 
125.125, 70.125, 6.2835012609662236e-21, nan 
125.375, 70.125, 6.152881745270975e-21, nan 
125.625, 70.125, 4.795680518932426e-21, nan 
125.875, 70.125, 1.0139351700404682e-20, nan 
126.125, 70.125, 8.773626535025383e-21, nan 
126.375, 70.125, 5.8525895316446014e-21, nan 
126.625, 70.125, 9.321730784314481e-21, nan 
126.875, 70.125, 1.0035865024096696e-20, nan 
127.125, 70.125, 9.830559136235272e-21, nan 
127.375, 70.125, 6.894020144222852e-21, nan 
127.625, 70.125, 1.1621599573704538e-20, nan 
127.875, 70.125, 1.1508214779110488e-20, nan 
128.125, 70.125, 5.3110403229528725e-21, nan 
128.375, 70.125, 1.282832724107102e-20, nan 
128.625, 70.125, 1.095635666738899e-20, nan 
128.875, 70.125, 5.866329620125441e-21, nan 
129.125, 70.125, 6.79040607268453e-21, nan 
129.375, 70.125, 6.218156126192295e-21, nan 
129.625, 70.125, 4.519943500030318e-21, nan 
129.875, 70.125, 4.717975418087341e-21, nan 
130.125, 70.125, 1.9598234942898494e-21, nan 
130.375, 70.125, 1.998662662701441e-21, nan 
130.625, 70.125, 3.239634561481417e-21, nan 
130.875, 70.125, 1.6383535580507839e-21, nan 
131.125, 70.125, 1.968354885701917e-21, nan 
131.375, 70.125, 1.1027003722678584e-21, nan 
131.625, 70.125, 2.907386383480293e-21, nan 
131.875, 70.125, 2.4691477001452845e-21, nan 
132.125, 70.125, 2.08048996421977e-21, nan 
132.375, 70.125, 3.118378262813069e-21, nan 
132.625, 70.125, 2.0396635516857924e-21, nan 
132.875, 70.125, 1.065032709237156e-21, nan 
133.125, 70.125, 1.8816841224180064e-21, nan 
133.375, 70.125, 1.3223948140580099e-21, nan 
133.625, 70.125, 2.1307331469269516e-21, nan 
133.875, 70.125, 2.370792245114145e-21, nan 
134.125, 70.125, 9.373735773582762e-22, nan 
134.375, 70.125, 2.042310630455558e-21, nan 
134.625, 70.125, 1.5170327827307501e-21, nan 
134.875, 70.125, 2.3538308276589076e-21, nan 
135.125, 70.125, 3.1407030209371296e-21, nan 
135.375, 70.125, 2.5095197041335276e-21, nan 
135.625, 70.125, 2.392185866195646e-21, nan 
135.875, 70.125, 2.7116511266732533e-21, nan 
136.125, 70.125, 2.062282134593037e-21, nan 
136.375, 70.125, 1.3439706746612311e-21, nan 
136.625, 70.125, 7.533171613130454e-22, nan 
136.875, 70.125, 1.033112626251272e-21, nan 
137.125, 70.125, 1.1589269242489415e-21, nan 
137.375, 70.125, 6.014388019326832e-22, nan 
137.625, 70.125, 5.548970110836649e-22, nan 
137.875, 70.125, 8.520760835138248e-22, nan 
138.125, 70.125, 8.979911531602631e-22, nan 
138.375, 70.125, 1.2259442049375808e-21, nan 
138.625, 70.125, 2.3836386029431382e-21, nan 
138.875, 70.125, 2.2673945385718915e-21, nan 
139.125, 70.125, 2.2516816412896825e-21, nan 
139.375, 70.125, 2.777333208867157e-21, nan 
139.625, 70.125, 2.683948415646047e-21, nan 
139.875, 70.125, 2.4675472722549497e-21, nan 
140.125, 70.125, 2.229179357493657e-21, nan 
140.375, 70.125, 2.190469638762889e-21, nan 
140.625, 70.125, 1.8520406724084395e-21, nan 
140.875, 70.125, 1.0962314260095455e-21, nan 
141.125, 70.125, 1.1364896871867303e-21, nan 
141.375, 70.125, 6.484128054684849e-22, nan 
141.625, 70.125, 5.0501944634438e-22, nan 
141.875, 70.125, 4.779140249563773e-22, nan 
142.125, 70.125, 2.854064515070041e-22, nan 
142.375, 70.125, 3.42377395182735e-22, nan 
142.625, 70.125, 4.966576230539826e-22, nan 
142.875, 70.125, 4.53534756375392e-22, nan 
143.125, 70.125, 3.027000685655449e-22, nan 
143.375, 70.125, 3.039816482131598e-22, nan 
143.625, 70.125, 3.0533990291849865e-22, nan 
143.875, 70.125, 1.5780037154954584e-22, nan 
144.125, 70.125, 1.415054706399662e-22, nan 
144.375, 70.125, 2.5877285706889807e-22, nan 
144.625, 70.125, 2.991370609224483e-22, nan 
144.875, 70.125, 3.0005200033126666e-22, nan 
145.125, 70.125, 2.5136856825211437e-22, nan 
145.375, 70.125, 2.210713761796028e-22, nan 
145.625, 70.125, 1.9899165327598627e-22, nan 
145.875, 70.125, 1.6544807842875548e-22, nan 
146.125, 70.125, 2.454477435309964e-22, nan 
146.375, 70.125, 1.4239123969508924e-22, nan 
146.625, 70.125, 1.2491024548856882e-22, nan 
146.875, 70.125, 1.6258433890867395e-22, nan 
147.125, 70.125, 1.220662681376352e-22, nan 
147.375, 70.125, 1.576952899654976e-22, nan 
147.625, 70.125, 1.4707169558525508e-22, nan 
147.875, 70.125, 9.252634628780999e-23, nan 
148.125, 70.125, 9.400464777099904e-23, nan 
148.375, 70.125, 1.4139127733946742e-22, nan 
148.625, 70.125, 1.0406752415621993e-22, nan 
148.875, 70.125, 7.756028336096437e-23, nan 
149.125, 70.125, 1.0846412083638566e-22, nan 
149.375, 70.125, 9.9250439668542e-23, nan 
149.625, 70.125, 9.343413416102582e-23, nan 
149.875, 70.125, 9.408489104538759e-23, nan 
150.125, 70.125, 6.855156236909917e-23, nan 
150.375, 70.125, 7.332811984797242e-23, nan 
150.625, 70.125, 7.083259700974222e-23, nan 
150.875, 70.125, 7.485078621340528e-23, nan 
151.125, 70.125, 1.0117645525678925e-22, nan 
151.375, 70.125, 9.132898373433378e-23, nan 
151.625, 70.125, 1.236456837822409e-22, nan 
151.875, 70.125, 2.2048072680322643e-22, nan 
152.125, 70.125, 1.8616967087254127e-22, nan 
152.375, 70.125, 2.9039057030371534e-22, nan 
152.625, 70.125, 3.1342436500235913e-22, nan 
152.875, 70.125, 3.1791694558707755e-22, nan 
153.125, 70.125, 5.732596326690791e-22, nan 
153.375, 70.125, 2.0253785687488298e-22, nan 
153.625, 70.125, 1.9469372648939608e-22, nan 
153.875, 70.125, 3.243924099823469e-22, nan 
154.125, 70.125, 1.508783618545055e-22, nan 
154.375, 70.125, 8.760788359986687e-23, nan 
154.625, 70.125, 4.0852392204304964e-23, nan 
154.875, 70.125, 3.739937619925277e-23, nan 
155.125, 70.125, 3.299402737746008e-23, nan 
155.375, 70.125, 3.6902137900658166e-23, nan 
155.625, 70.125, 3.985950664631053e-23, nan 
155.875, 70.125, 5.188652695311493e-23, nan 
156.125, 70.125, 5.523555535140523e-23, nan 
156.375, 70.125, 6.20717505273666e-23, nan 
156.625, 70.125, 6.21259342597495e-23, nan 
156.875, 70.125, 5.0745848059227655e-23, nan 
157.125, 70.125, 4.5218151241001414e-23, nan 
157.375, 70.125, 6.308198826013057e-23, nan 
157.625, 70.125, 5.2679570819136426e-23, nan 
157.875, 70.125, 5.2537776393165213e-23, nan 
158.125, 70.125, 4.927472978567368e-23, nan 
158.375, 70.125, 1.055603842338764e-22, nan 
158.625, 70.125, 1.3801093965878122e-22, nan 
158.875, 70.125, 1.4239834687643378e-22, nan 
159.125, 70.125, 1.3830492250502487e-22, nan 
159.375, 70.125, 1.3452373538617645e-22, nan 
159.625, 70.125, 1.356794436210947e-22, nan 
159.875, 70.125, 5.937568140250172e-23, nan 
160.125, 70.125, 3.664430767455996e-23, nan 
160.375, 70.125, 3.3526130955569636e-23, nan 
160.625, 70.125, 3.986665577947589e-23, nan 
160.875, 70.125, 2.7363638873416e-23, nan 
161.125, 70.125, 2.938319812150509e-23, nan 
161.375, 70.125, 4.8035367055948297e-23, nan 
161.625, 70.125, 4.7338387110184736e-23, nan 
161.875, 70.125, 9.625006842398608e-23, nan 
162.125, 70.125, 7.537142998060575e-23, nan 
162.375, 70.125, 6.07364754839093e-23, nan 
162.625, 70.125, 1.0075797113001629e-22, nan 
162.875, 70.125, 5.321757466121589e-23, nan 
163.125, 70.125, 4.653833104930741e-23, nan 
163.375, 70.125, 5.8752392157681e-23, nan 
163.625, 70.125, 4.3313977050802904e-23, nan 
163.875, 70.125, 2.984788438679931e-23, nan 
164.125, 70.125, 4.3590883896172617e-23, nan 
164.375, 70.125, 4.0142385479000047e-23, nan 
164.625, 70.125, 1.9458678113899375e-23, nan 
164.875, 70.125, 2.7205393120749263e-23, nan 
165.125, 70.125, 2.720849285611961e-23, nan 
165.375, 70.125, 2.5415179077399756e-23, nan 
165.625, 70.125, 2.8590487994127465e-23, nan 
165.875, 70.125, 3.6402884912130196e-23, nan 
166.125, 70.125, 2.0090935738517545e-23, nan 
166.375, 70.125, 3.4651330050088976e-23, nan 
166.625, 70.125, 2.7099267828840616e-23, nan 
166.875, 70.125, 2.4816604714482023e-23, nan 
167.125, 70.125, 2.950226150324306e-23, nan 
167.375, 70.125, 2.883515583240223e-23, nan 
167.625, 70.125, 2.740019032467052e-23, nan 
167.875, 70.125, 8.913359664724473e-24, nan 
168.125, 70.125, 1.05039634573149e-23, nan 
168.375, 70.125, 1.3736056020790518e-23, nan 
168.625, 70.125, 1.7268308147463104e-23, nan 
168.875, 70.125, 2.253526361895065e-23, nan 
169.125, 70.125, 2.5453980725221283e-23, nan 
169.375, 70.125, 3.3812498787940176e-23, nan 
169.625, 70.125, 3.2621169441252264e-23, nan 
169.875, 70.125, 2.856884373293707e-23, nan 
170.125, 70.125, 2.4567888718800014e-23, nan 
170.375, 70.125, 2.932216429584779e-23, nan 
170.625, 70.125, 3.5251721363754723e-23, nan 
170.875, 70.125, 1.8939409887324578e-23, nan 
171.125, 70.125, 1.2841783010281491e-23, nan 
171.375, 70.125, 2.1260002086567496e-23, nan 
171.625, 70.125, 2.3209922930177764e-23, nan 
171.875, 70.125, 1.6293028911441797e-23, nan 
172.125, 70.125, 1.943567933747316e-23, nan 
172.375, 70.125, 2.4325414973213704e-23, nan 
172.625, 70.125, 1.4090740101534234e-23, nan 
172.875, 70.125, 1.4103310352630362e-23, nan 
173.125, 70.125, 2.7043575433303744e-23, nan 
173.375, 70.125, 2.0650808688723746e-23, nan 
173.625, 70.125, 1.2745218349513018e-23, nan 
173.875, 70.125, 3.241821950169515e-23, nan 
174.125, 70.125, 2.030858278288903e-23, nan 
174.375, 70.125, 5.429095840479541e-24, nan 
174.625, 70.125, 1.186298163645786e-23, nan 
174.875, 70.125, 7.833827238936884e-24, nan 
175.125, 70.125, 9.061954560573713e-24, nan 
175.375, 70.125, 9.911700219547677e-24, nan 
175.625, 70.125, 6.420420281964241e-24, nan 
175.875, 70.125, 1.2299643320891482e-23, nan 
176.125, 70.125, 9.867484546230249e-24, nan 
176.375, 70.125, 1.1036008147453936e-23, nan 
176.625, 70.125, 1.0557144178982658e-23, nan 
176.875, 70.125, 8.680461445562481e-24, nan 
177.125, 70.125, 5.2448604367377695e-24, nan 
177.375, 70.125, 1.0689412115890195e-23, nan 
177.625, 70.125, 9.542260405929787e-24, nan 
177.875, 70.125, 2.0048144829953146e-23, nan 
178.125, 70.125, 2.10778654407064e-23, nan 
178.375, 70.125, 1.56957662822468e-23, nan 
178.625, 70.125, 9.860696488571104e-24, nan 
178.875, 70.125, 1.2552614793039611e-23, nan 
179.125, 70.125, 1.4418477998898812e-23, nan 
179.375, 70.125, 8.19563163966657e-24, nan 
179.625, 70.125, 8.251708947356131e-24, nan 
179.875, 70.125, 6.637493058240687e-24, nan 
-179.875, 70.375, 9.207297130146663e-24, nan 
-179.625, 70.375, 1.3821662018909663e-23, nan 
-179.375, 70.375, 1.0131562380519258e-23, nan 
-179.125, 70.375, 1.0961563926771542e-23, nan 
-178.875, 70.375, 9.578155607901528e-24, nan 
-178.625, 70.375, 4.694277935879132e-24, nan 
-178.375, 70.375, 5.396230667747918e-24, nan 
-178.125, 70.375, 5.566469872813082e-24, nan 
-177.875, 70.375, 5.821141323859186e-24, nan 
-177.625, 70.375, 8.006711328595212e-24, nan 
-177.375, 70.375, 7.657468665548091e-24, nan 
-177.125, 70.375, 7.08475400502437e-24, nan 
-176.875, 70.375, 8.64401080950651e-24, nan 
-176.625, 70.375, 7.71848777746641e-24, nan 
-176.375, 70.375, 8.603955599284632e-24, nan 
-176.125, 70.375, 8.275250902514088e-24, nan 
-175.875, 70.375, 6.926019074699388e-24, nan 
-175.625, 70.375, 3.699185404447856e-24, nan 
-175.375, 70.375, 7.203924760432364e-24, nan 
-175.125, 70.375, 8.409784781733225e-24, nan 
-174.875, 70.375, 9.377449066477844e-24, nan 
-174.625, 70.375, 1.0314074381274508e-23, nan 
-174.375, 70.375, 1.0080450749668217e-23, nan 
-174.125, 70.375, 7.45771147779139e-24, nan 
-173.875, 70.375, 8.104657290321736e-24, nan 
-173.625, 70.375, 9.093905158511786e-24, nan 
-173.375, 70.375, 9.13213534207368e-24, nan 
-173.125, 70.375, 1.1992533317683034e-23, nan 
-172.875, 70.375, 1.1327182322879842e-23, nan 
-172.625, 70.375, 9.08041687896372e-24, nan 
-172.375, 70.375, 3.908552464933726e-24, nan 
-172.125, 70.375, 5.813621096197964e-24, nan 
-171.875, 70.375, 5.7051360794172016e-24, nan 
-171.625, 70.375, 4.444957378941115e-24, nan 
-171.375, 70.375, 3.962657645171711e-24, nan 
-171.125, 70.375, 4.753853153966092e-24, nan 
-170.875, 70.375, 4.178515685904639e-24, nan 
-170.625, 70.375, 4.8641690771393855e-24, nan 
-170.375, 70.375, 8.890889635106673e-24, nan 
-170.125, 70.375, 6.0703658321057816e-24, nan 
-169.875, 70.375, 5.669005768773782e-24, nan 
-169.625, 70.375, 9.275788197755808e-24, nan 
-169.375, 70.375, 6.320921104479792e-24, nan 
-169.125, 70.375, 5.1212264638533336e-24, nan 
-168.875, 70.375, 2.4132301911342417e-24, nan 
-168.625, 70.375, 5.443638065940203e-24, nan 
-168.375, 70.375, 3.343213208404577e-24, nan 
-168.125, 70.375, 4.0198786162412385e-24, nan 
13.625, 70.375, 3.6382962030099125e-24, nan 
13.875, 70.375, 2.941083678709828e-24, nan 
14.125, 70.375, 3.767048408763502e-24, nan 
14.375, 70.375, 2.739878572889944e-24, nan 
14.625, 70.375, 1.8593714019678524e-24, nan 
14.875, 70.375, 1.2231311550904006e-24, nan 
15.125, 70.375, 1.030583305730667e-24, nan 
15.375, 70.375, 8.750803503909426e-25, nan 
15.625, 70.375, 5.640956157112926e-25, nan 
15.875, 70.375, 4.944325941397422e-25, nan 
16.125, 70.375, 6.64969269509405e-25, nan 
16.375, 70.375, 5.371397445093385e-25, nan 
16.625, 70.375, 4.3628660924924545e-25, nan 
16.875, 70.375, 8.17741909821404e-25, nan 
17.125, 70.375, 7.902188127638583e-25, nan 
17.375, 70.375, 2.055852016945671e-24, nan 
17.625, 70.375, 4.2403263556040195e-24, nan 
17.875, 70.375, 3.841910567327514e-24, nan 
18.125, 70.375, 5.010737550173955e-24, nan 
18.375, 70.375, 9.851883845001127e-24, nan 
18.625, 70.375, 9.750739545550493e-24, nan 
18.875, 70.375, 4.865349989839379e-24, nan 
19.125, 70.375, 6.518557508052177e-24, nan 
19.375, 70.375, 6.189769098937366e-24, nan 
19.625, 70.375, 3.308889126514614e-24, nan 
19.875, 70.375, 1.790303623364523e-24, nan 
20.125, 70.375, 2.1754370659387543e-24, nan 
20.375, 70.375, 2.132750740399102e-24, nan 
20.625, 70.375, 2.199284404996052e-24, nan 
20.875, 70.375, 1.7136815920115328e-24, nan 
21.125, 70.375, 2.2044439064297008e-24, nan 
21.375, 70.375, 2.5173893748956038e-24, nan 
21.625, 70.375, 1.9443727941969602e-24, nan 
21.875, 70.375, 2.0117558900213955e-24, nan 
22.125, 70.375, 2.1826483540299332e-24, nan 
22.375, 70.375, 1.9088364730473187e-24, nan 
22.625, 70.375, 1.7383687425944957e-24, nan 
22.875, 70.375, 2.564345696834928e-24, nan 
23.125, 70.375, 1.8570637423820096e-24, nan 
23.375, 70.375, 1.9136507788694e-24, nan 
23.625, 70.375, 3.2598360635683586e-24, nan 
23.875, 70.375, 2.1996874524953115e-24, nan 
24.125, 70.375, 1.3435595161048433e-24, nan 
24.375, 70.375, 2.0310951918781917e-24, nan 
24.625, 70.375, 2.4688159276855745e-24, nan 
24.875, 70.375, 3.400574349348506e-24, nan 
25.125, 70.375, 3.3162967620458696e-24, nan 
25.375, 70.375, 2.6711356792089218e-24, nan 
25.625, 70.375, 2.7149626789886115e-24, nan 
25.875, 70.375, 1.924327983369085e-24, nan 
26.125, 70.375, 9.167986148606236e-25, nan 
26.375, 70.375, 2.7487516447646688e-24, nan 
26.625, 70.375, 4.9209315091489435e-24, nan 
26.875, 70.375, 9.632094963592624e-25, nan 
27.125, 70.375, 3.0713840037375753e-24, nan 
27.375, 70.375, 6.543586657613147e-24, nan 
27.625, 70.375, 1.8869064183232082e-24, nan 
27.875, 70.375, 1.1805786104227584e-24, nan 
28.125, 70.375, 3.220179572660646e-24, nan 
28.375, 70.375, 6.412807288137025e-25, nan 
28.625, 70.375, 8.175578464738862e-25, nan 
28.875, 70.375, 6.898629859648304e-25, nan 
29.125, 70.375, 1.5024511155703549e-24, nan 
29.375, 70.375, 1.48974671612684e-24, nan 
29.625, 70.375, 1.271082757274951e-24, nan 
29.875, 70.375, 1.7977346641148395e-24, nan 
30.125, 70.375, 1.1678755118110149e-24, nan 
30.375, 70.375, 2.2495819802212534e-24, nan 
30.625, 70.375, 1.913904483216944e-24, nan 
30.875, 70.375, 3.131043221087098e-24, nan 
31.125, 70.375, 7.02774012618777e-25, nan 
31.375, 70.375, 1.9689318488017865e-24, nan 
31.625, 70.375, 1.4781112758403384e-24, nan 
31.875, 70.375, 1.2970386342846427e-24, nan 
32.125, 70.375, 8.608265110291382e-25, nan 
32.375, 70.375, 1.788508783514775e-24, nan 
32.625, 70.375, 3.62128253383327e-24, nan 
32.875, 70.375, 3.1676815554657715e-24, nan 
33.125, 70.375, 1.9759719577534163e-24, nan 
33.375, 70.375, 5.09187518800067e-24, nan 
33.625, 70.375, 3.736539867915559e-24, nan 
33.875, 70.375, 1.087367126223496e-24, nan 
34.125, 70.375, 2.8007995948750597e-24, nan 
34.375, 70.375, 1.679085848223103e-24, nan 
34.625, 70.375, 1.2092318541796572e-24, nan 
34.875, 70.375, 1.844317853019509e-24, nan 
35.125, 70.375, 1.4882325357245859e-24, nan 
35.375, 70.375, 1.977611153275536e-24, nan 
35.625, 70.375, 2.239739308125434e-24, nan 
35.875, 70.375, 3.1878023358653236e-24, nan 
36.125, 70.375, 4.682452776489143e-24, nan 
36.375, 70.375, 5.349826947107577e-24, nan 
36.625, 70.375, 5.948987086982673e-24, nan 
36.875, 70.375, 4.769123966603235e-24, nan 
37.125, 70.375, 4.2040195131163805e-24, nan 
37.375, 70.375, 4.368843726616494e-24, nan 
37.625, 70.375, 2.844602117861077e-24, nan 
37.875, 70.375, 2.061473801729207e-24, nan 
38.125, 70.375, 2.7875637311438307e-24, nan 
38.375, 70.375, 2.2287296413902657e-24, nan 
38.625, 70.375, 2.0136063152044646e-24, nan 
38.875, 70.375, 9.439818108038334e-25, nan 
39.125, 70.375, 3.1094200451794815e-24, nan 
39.375, 70.375, 2.761998751174582e-24, nan 
39.625, 70.375, 6.74727034904957e-24, nan 
39.875, 70.375, 1.0999365703706272e-23, nan 
40.125, 70.375, 4.648774410583965e-24, nan 
40.375, 70.375, 1.137655125979527e-23, nan 
40.625, 70.375, 2.1633963933769246e-23, nan 
40.875, 70.375, 1.738922055260982e-23, nan 
41.125, 70.375, 2.2412044958688867e-23, nan 
41.375, 70.375, 2.3356544371865085e-23, nan 
41.625, 70.375, 2.323547135056591e-23, nan 
41.875, 70.375, 2.1137223634606357e-23, nan 
42.125, 70.375, 1.5223743526098602e-23, nan 
42.375, 70.375, 8.571535278825036e-24, nan 
42.625, 70.375, 8.341544967413937e-24, nan 
42.875, 70.375, 9.394488748157301e-24, nan 
43.125, 70.375, 6.5476599322586764e-24, nan 
43.375, 70.375, 5.288244210787472e-24, nan 
43.625, 70.375, 5.2903248079265395e-24, nan 
43.875, 70.375, 9.060030314024767e-24, nan 
44.125, 70.375, 9.226850173644659e-24, nan 
44.375, 70.375, 6.189172812481627e-24, nan 
44.625, 70.375, 1.0263794701777173e-23, nan 
44.875, 70.375, 1.1665064505364311e-23, nan 
45.125, 70.375, 6.746061138473202e-24, nan 
45.375, 70.375, 6.659649604570882e-24, nan 
45.625, 70.375, 9.960526780451808e-24, nan 
45.875, 70.375, 6.934426281056754e-24, nan 
46.125, 70.375, 4.2993566149014805e-24, nan 
46.375, 70.375, 2.4513151951951837e-24, nan 
46.625, 70.375, 2.882547184785018e-24, nan 
46.875, 70.375, 4.543412543576227e-24, nan 
47.125, 70.375, 4.1796909733265926e-24, nan 
47.375, 70.375, 4.9434469485746414e-24, nan 
47.625, 70.375, 5.913873886294721e-24, nan 
47.875, 70.375, 9.495279703738044e-24, nan 
48.125, 70.375, 8.531631365988427e-24, nan 
48.375, 70.375, 9.138427055979632e-24, nan 
48.625, 70.375, 1.2122870520905749e-23, nan 
48.875, 70.375, 1.0411083529795673e-23, nan 
49.125, 70.375, 1.3241511812045522e-23, nan 
49.375, 70.375, 1.6794171039643573e-23, nan 
49.625, 70.375, 1.6559062962244617e-23, nan 
49.875, 70.375, 8.747182329019588e-24, nan 
50.125, 70.375, 6.451524659915263e-24, nan 
50.375, 70.375, 9.164493526930878e-24, nan 
50.625, 70.375, 9.392430718358192e-24, nan 
50.875, 70.375, 6.222011814261355e-24, nan 
51.125, 70.375, 9.766855172686067e-24, nan 
51.375, 70.375, 9.319760420156423e-24, nan 
51.625, 70.375, 2.4678301130069647e-24, nan 
51.875, 70.375, 4.058655804889991e-24, nan 
52.125, 70.375, 4.7020907904748456e-24, nan 
52.375, 70.375, 6.9291997962273e-24, nan 
52.625, 70.375, 2.5328669512830046e-24, nan 
52.875, 70.375, 5.288033058955901e-24, nan 
53.125, 70.375, 7.131499003382462e-24, nan 
53.375, 70.375, 8.007104665896344e-24, nan 
53.625, 70.375, 3.9596120438372855e-24, nan 
53.875, 70.375, 6.1541279355183435e-24, nan 
54.125, 70.375, 1.073976061001743e-23, nan 
54.375, 70.375, 8.416545033775629e-24, nan 
54.625, 70.375, 1.2172739239811287e-23, nan 
54.875, 70.375, 1.537268705376945e-23, nan 
55.125, 70.375, 1.6688195401679554e-23, nan 
55.375, 70.375, 1.2007887574861589e-23, nan 
55.625, 70.375, 1.3617318543381803e-23, nan 
55.875, 70.375, 2.181442050263865e-23, nan 
56.125, 70.375, 2.1394322849000933e-23, nan 
56.375, 70.375, 2.4502401651127176e-23, nan 
56.625, 70.375, 1.9503131810820352e-23, nan 
56.875, 70.375, 3.286400475260219e-23, nan 
57.125, 70.375, 3.495507295326591e-23, nan 
57.375, 70.375, 2.8011912296167085e-23, nan 
57.625, 70.375, 4.167864798319575e-23, nan 
57.875, 70.375, 3.112537689530625e-23, nan 
58.125, 70.375, 2.1829931314512723e-23, nan 
58.375, 70.375, 3.4410793055180236e-23, nan 
58.625, 70.375, 3.576871194119834e-23, nan 
58.875, 70.375, 3.338449227936165e-23, nan 
59.125, 70.375, 4.2452832684594827e-23, nan 
59.375, 70.375, 5.961855512892932e-23, nan 
59.625, 70.375, 6.594167184481801e-23, nan 
59.875, 70.375, 2.2191587178635424e-23, nan 
60.125, 70.375, 2.862574290147575e-23, nan 
60.375, 70.375, 3.090542751042361e-23, nan 
60.625, 70.375, 3.026177446557614e-23, nan 
60.875, 70.375, 3.142274680169533e-23, nan 
61.125, 70.375, 4.7489029014341826e-23, nan 
61.375, 70.375, 5.663899340406335e-23, nan 
61.625, 70.375, 6.34539152977646e-23, nan 
61.875, 70.375, 4.932173246033092e-23, nan 
62.125, 70.375, 5.0349971351363517e-23, nan 
62.375, 70.375, 5.149238250375517e-23, nan 
62.625, 70.375, 3.952629210108388e-23, nan 
62.875, 70.375, 3.7116232531260576e-23, nan 
63.125, 70.375, 2.822161279945662e-23, nan 
63.375, 70.375, 3.4477657780347233e-23, nan 
63.625, 70.375, 5.487074733624486e-23, nan 
63.875, 70.375, 6.761259300254391e-23, nan 
64.125, 70.375, 8.548231593023569e-23, nan 
64.375, 70.375, 7.514332838574873e-23, nan 
64.625, 70.375, 7.113365232270994e-23, nan 
64.875, 70.375, 6.805304908944561e-23, nan 
65.125, 70.375, 5.182546746255063e-23, nan 
65.375, 70.375, 6.792455003036421e-23, nan 
65.625, 70.375, 2.694178656232891e-23, nan 
65.875, 70.375, 6.340192620381431e-23, nan 
66.125, 70.375, 7.721797487320265e-23, nan 
66.375, 70.375, 2.0937580207703352e-23, nan 
66.625, 70.375, 5.239379933182795e-23, nan 
66.875, 70.375, 9.638412838319173e-23, nan 
67.125, 70.375, 5.327740305318565e-23, nan 
67.375, 70.375, 7.585588483363297e-23, nan 
67.625, 70.375, 3.0470772629651e-23, nan 
67.875, 70.375, 5.755554591997542e-23, nan 
68.125, 70.375, 8.492022202268406e-23, nan 
68.375, 70.375, 6.4621836448608e-23, nan 
68.625, 70.375, 5.658220661730867e-23, nan 
68.875, 70.375, 6.542269798551268e-23, nan 
69.125, 70.375, 6.268289429348641e-23, nan 
69.375, 70.375, 6.78331976697307e-23, nan 
69.625, 70.375, 1.209879673809223e-22, nan 
69.875, 70.375, 8.738139341719998e-23, nan 
70.125, 70.375, 5.185990060330904e-23, nan 
70.375, 70.375, 5.085872545588169e-23, nan 
70.625, 70.375, 1.3142087005408244e-22, nan 
70.875, 70.375, 7.080908280234674e-23, nan 
71.125, 70.375, 1.02299451696579e-22, nan 
71.375, 70.375, 1.034011792188621e-22, nan 
71.625, 70.375, 9.061421027298373e-23, nan 
71.875, 70.375, 1.0533187387330159e-22, nan 
72.125, 70.375, 1.15086010005746e-22, nan 
72.375, 70.375, 6.599337767136274e-23, nan 
72.625, 70.375, 1.7672994856785598e-22, nan 
72.875, 70.375, 2.275641774337854e-22, nan 
73.125, 70.375, 8.062957559304892e-23, nan 
73.375, 70.375, 2.3941673511776266e-22, nan 
73.625, 70.375, 3.3850938356207478e-22, nan 
73.875, 70.375, 1.1368808104032045e-22, nan 
74.125, 70.375, 1.5578028984648427e-22, nan 
74.375, 70.375, 2.7157509335127447e-22, nan 
74.625, 70.375, 2.5537165805032815e-22, nan 
74.875, 70.375, 1.4924748501803692e-22, nan 
75.125, 70.375, 1.9826143136058375e-22, nan 
75.375, 70.375, 1.9722342430508316e-22, nan 
75.625, 70.375, 2.497425476064409e-22, nan 
75.875, 70.375, 4.471941465075406e-22, nan 
76.125, 70.375, 6.540437989696059e-22, nan 
76.375, 70.375, 7.483218676970476e-22, nan 
76.625, 70.375, 7.262991582658277e-22, nan 
76.875, 70.375, 7.65096885745378e-22, nan 
77.125, 70.375, 7.242868223290179e-22, nan 
77.375, 70.375, 6.864323167409891e-22, nan 
77.625, 70.375, 7.962665514666074e-22, nan 
77.875, 70.375, 1.2344787318580996e-21, nan 
78.125, 70.375, 1.0077497946651676e-21, nan 
78.375, 70.375, 1.0604863842888927e-21, nan 
78.625, 70.375, 5.522764251972079e-22, nan 
78.875, 70.375, 6.236555812254453e-22, nan 
79.125, 70.375, 6.671300901693417e-22, nan 
79.375, 70.375, 6.968584802204124e-22, nan 
79.625, 70.375, 7.329332739937159e-22, nan 
79.875, 70.375, 4.535455974163549e-22, nan 
80.125, 70.375, 6.891841573690306e-22, nan 
80.375, 70.375, 4.0893869337970917e-22, nan 
80.625, 70.375, 5.697838444008804e-22, nan 
80.875, 70.375, 8.166233915420657e-22, nan 
81.125, 70.375, 9.70980907729232e-22, nan 
81.375, 70.375, 7.8295120027003695e-22, nan 
81.625, 70.375, 6.380873071958309e-22, nan 
81.875, 70.375, 9.478905119965384e-22, nan 
82.125, 70.375, 1.007986942203479e-21, nan 
82.375, 70.375, 6.49968444006025e-22, nan 
82.625, 70.375, 9.185894953645663e-22, nan 
82.875, 70.375, 1.0079698043826345e-21, nan 
83.125, 70.375, 1.09246965052943e-21, nan 
83.375, 70.375, 1.162385989645676e-21, nan 
83.625, 70.375, 1.568531360958665e-21, nan 
83.875, 70.375, 1.5812547033246148e-21, nan 
84.125, 70.375, 2.561190735279258e-21, nan 
84.375, 70.375, 1.9224246707502913e-21, nan 
84.625, 70.375, 2.2044178138338848e-21, nan 
84.875, 70.375, 2.595455433560659e-21, nan 
85.125, 70.375, 1.914952609448732e-21, nan 
85.375, 70.375, 1.679402579087027e-21, nan 
85.625, 70.375, 2.9994684742130962e-21, nan 
85.875, 70.375, 3.0543384057799944e-21, nan 
86.125, 70.375, 4.214737215904279e-21, nan 
86.375, 70.375, 3.637694603288989e-21, nan 
86.625, 70.375, 3.5728232197511235e-21, nan 
86.875, 70.375, 3.0009130263097568e-21, nan 
87.125, 70.375, 4.0605415675470275e-21, nan 
87.375, 70.375, 4.9972680974026965e-21, nan 
87.625, 70.375, 4.2157301529131994e-21, nan 
87.875, 70.375, 6.286280147410249e-21, nan 
88.125, 70.375, 6.954631121612224e-21, nan 
88.375, 70.375, 7.73818658772038e-21, nan 
88.625, 70.375, 8.06294380636299e-21, nan 
88.875, 70.375, 1.1937871626245148e-20, nan 
89.125, 70.375, 1.024276203793095e-20, nan 
89.375, 70.375, 5.2135895944577535e-21, nan 
89.625, 70.375, 5.2106430809436515e-21, nan 
89.875, 70.375, 9.165781501072889e-21, nan 
90.125, 70.375, 9.049682941135904e-21, nan 
90.375, 70.375, 6.656986503064187e-21, nan 
90.625, 70.375, 1.4271433891423267e-20, nan 
90.875, 70.375, 1.5171600293723436e-20, nan 
91.125, 70.375, 1.4798667596733437e-20, nan 
91.375, 70.375, 2.5746755633303717e-20, nan 
91.625, 70.375, 1.94859982275527e-20, nan 
91.875, 70.375, 1.5594995544889658e-20, nan 
92.125, 70.375, 1.0122589172007334e-20, nan 
92.375, 70.375, 1.084381071092095e-20, nan 
92.625, 70.375, 1.5548517758627575e-20, nan 
92.875, 70.375, 2.0890698001067424e-20, nan 
93.125, 70.375, 1.555455780177661e-20, nan 
93.375, 70.375, 1.8553287293618196e-20, nan 
93.625, 70.375, 5.3962156943671303e-20, nan 
93.875, 70.375, 3.351348902440233e-20, nan 
94.125, 70.375, 1.5303785172823033e-20, nan 
94.375, 70.375, 5.4192809071575875e-20, nan 
94.625, 70.375, 9.570854219096343e-20, nan 
94.875, 70.375, 8.484376572517159e-20, nan 
95.125, 70.375, 5.556031433730402e-20, nan 
95.375, 70.375, 2.3807912645106894e-20, nan 
95.625, 70.375, 2.0912288138510752e-20, nan 
95.875, 70.375, 3.850074588043397e-20, nan 
96.125, 70.375, 4.7750076975315554e-20, nan 
96.375, 70.375, 6.023205228431849e-20, nan 
96.625, 70.375, 5.201928906120088e-20, nan 
96.875, 70.375, 6.138574717533911e-20, nan 
97.125, 70.375, 1.0832036067655416e-19, nan 
97.375, 70.375, 4.869847738455853e-20, nan 
97.625, 70.375, 6.138829614986695e-20, nan 
97.875, 70.375, 8.754015044705415e-20, nan 
98.125, 70.375, 1.194580028234195e-19, nan 
98.375, 70.375, 1.4640766878049098e-19, nan 
98.625, 70.375, 1.331586277794656e-19, nan 
98.875, 70.375, 1.9208165008545452e-19, nan 
99.125, 70.375, 2.7718529557381687e-19, nan 
99.375, 70.375, 1.8358338615618697e-19, nan 
99.625, 70.375, 2.22001612584388e-19, nan 
99.875, 70.375, 2.030818975403501e-19, nan 
100.125, 70.375, 1.9105190527477239e-19, nan 
100.375, 70.375, 2.171540952743713e-19, nan 
100.625, 70.375, 2.562562530673544e-19, nan 
100.875, 70.375, 6.598245472731769e-19, nan 
101.125, 70.375, 6.594968304870554e-19, nan 
101.375, 70.375, 1.0290818015988437e-18, nan 
101.625, 70.375, 1.4405369770169836e-18, nan 
101.875, 70.375, 1.149038218064015e-18, nan 
102.125, 70.375, 5.534453694967748e-18, nan 
102.375, 70.375, 8.644293161874768e-18, nan 
102.625, 70.375, 8.270804769038943e-18, nan 
102.875, 70.375, 1.4372269985085698e-17, nan 
103.125, 70.375, 2.0765879643970072e-17, nan 
103.375, 70.375, 1.8892408163956477e-17, nan 
103.625, 70.375, 1.3126129016116901e-17, nan 
103.875, 70.375, 1.3002847356573842e-17, nan 
104.125, 70.375, 9.784032894166053e-18, nan 
104.375, 70.375, 9.180875583968455e-18, nan 
104.625, 70.375, 4.597006471292275e-18, nan 
104.875, 70.375, 4.168722103998728e-18, nan 
105.125, 70.375, 4.17723912111291e-18, nan 
105.375, 70.375, 5.016650906540561e-18, nan 
105.625, 70.375, 3.627898425009531e-18, nan 
105.875, 70.375, 1.5685832654683771e-18, nan 
106.125, 70.375, 1.0364819983372923e-18, nan 
106.375, 70.375, 7.259557812822953e-19, nan 
106.625, 70.375, 9.529375860109637e-19, nan 
106.875, 70.375, 1.0362013021739629e-18, nan 
107.125, 70.375, 8.012540021949602e-19, nan 
107.375, 70.375, 8.287094556063993e-19, nan 
107.625, 70.375, 1.1064741092625816e-18, nan 
107.875, 70.375, 1.531850623135127e-18, nan 
108.125, 70.375, 1.4227453772389357e-18, nan 
108.375, 70.375, 1.1893386817733134e-18, nan 
108.625, 70.375, 1.023501126556351e-18, nan 
108.875, 70.375, 1.046697036376227e-18, nan 
109.125, 70.375, 1.1402723932822184e-18, nan 
109.375, 70.375, 1.899670674866221e-18, nan 
109.625, 70.375, 8.01353203536557e-19, nan 
109.875, 70.375, 1.5005454497754822e-18, nan 
110.125, 70.375, 1.0352979992614205e-18, nan 
110.375, 70.375, 8.945079377658727e-19, nan 
110.625, 70.375, 8.242501443575648e-19, nan 
110.875, 70.375, 1.019419201975149e-18, nan 
111.125, 70.375, 8.410977316292712e-19, nan 
111.375, 70.375, 6.55045075024807e-19, nan 
111.625, 70.375, 6.949802670697546e-19, nan 
111.875, 70.375, 7.068966717792319e-19, nan 
112.125, 70.375, 5.685842493906864e-19, nan 
112.375, 70.375, 4.656374963181839e-19, nan 
112.625, 70.375, 5.703735394512457e-19, nan 
112.875, 70.375, 5.351621900416303e-19, nan 
113.125, 70.375, 4.2836272468725974e-19, nan 
113.375, 70.375, 2.775751446294808e-19, nan 
113.625, 70.375, 3.801436382411888e-19, nan 
113.875, 70.375, 3.845057983319281e-19, nan 
114.125, 70.375, 4.187848576942122e-19, nan 
114.375, 70.375, 3.440331154353103e-19, nan 
114.625, 70.375, 2.834048112051543e-19, nan 
114.875, 70.375, 3.816393386863311e-19, nan 
115.125, 70.375, 2.663982190826444e-19, nan 
115.375, 70.375, 2.0109884770323166e-19, nan 
115.625, 70.375, 1.6004658840836805e-19, nan 
115.875, 70.375, 2.091258695683876e-19, nan 
116.125, 70.375, 2.180569305845341e-19, nan 
116.375, 70.375, 1.8728082265942648e-19, nan 
116.625, 70.375, 1.2172495819248017e-19, nan 
116.875, 70.375, 1.47727195351961e-19, nan 
117.125, 70.375, 1.0512321649265716e-19, nan 
117.375, 70.375, 6.15839531720734e-20, nan 
117.625, 70.375, 1.228813320072718e-19, nan 
117.875, 70.375, 8.941382463895089e-20, nan 
118.125, 70.375, 9.998588680995781e-20, nan 
118.375, 70.375, 8.832575890588887e-20, nan 
118.625, 70.375, 8.352134925568324e-20, nan 
118.875, 70.375, 7.312363800346298e-20, nan 
119.125, 70.375, 7.93458277647096e-20, nan 
119.375, 70.375, 5.860925588971446e-20, nan 
119.625, 70.375, 6.841651023240303e-20, nan 
119.875, 70.375, 8.385476542082404e-20, nan 
120.125, 70.375, 6.850614290417227e-20, nan 
120.375, 70.375, 3.741498431780986e-20, nan 
120.625, 70.375, 1.2090738527709297e-19, nan 
120.875, 70.375, 9.898483110363457e-20, nan 
121.125, 70.375, 3.9609268109226833e-20, nan 
121.375, 70.375, 5.91828767512706e-20, nan 
121.625, 70.375, 5.681800010652861e-20, nan 
121.875, 70.375, 3.146550212219859e-20, nan 
122.125, 70.375, 2.1748858092352068e-20, nan 
122.375, 70.375, 2.4402357694628523e-20, nan 
122.625, 70.375, 3.603970188592149e-20, nan 
122.875, 70.375, 2.78379085779007e-20, nan 
123.125, 70.375, 2.1132659194195536e-20, nan 
123.375, 70.375, 1.2655940820346054e-20, nan 
123.625, 70.375, 1.080852371839551e-20, nan 
123.875, 70.375, 1.1448829929170447e-20, nan 
124.125, 70.375, 2.4136145694234043e-20, nan 
124.375, 70.375, 1.4400939207347325e-20, nan 
124.625, 70.375, 1.1216973489693394e-20, nan 
124.875, 70.375, 8.573788419927285e-21, nan 
125.125, 70.375, 1.3397018670144119e-20, nan 
125.375, 70.375, 1.3105092786213362e-20, nan 
125.625, 70.375, 7.521724807194423e-21, nan 
125.875, 70.375, 1.3102430703642973e-20, nan 
126.125, 70.375, 8.765014149935173e-21, nan 
126.375, 70.375, 6.716868481483116e-21, nan 
126.625, 70.375, 8.165208577566178e-21, nan 
126.875, 70.375, 6.664031544584164e-21, nan 
127.125, 70.375, 5.713841488319823e-21, nan 
127.375, 70.375, 7.74750293990558e-21, nan 
127.625, 70.375, 7.707641482670086e-21, nan 
127.875, 70.375, 9.340588942032807e-21, nan 
128.125, 70.375, 9.636772911684745e-21, nan 
128.375, 70.375, 7.138476502345118e-21, nan 
128.625, 70.375, 7.838409734177233e-21, nan 
128.875, 70.375, 7.317457598201461e-21, nan 
129.125, 70.375, 6.148379519982848e-21, nan 
129.375, 70.375, 3.6903609300580094e-21, nan 
129.625, 70.375, 4.0831826902025496e-21, nan 
129.875, 70.375, 4.7416158808497924e-21, nan 
130.125, 70.375, 2.911048401443725e-21, nan 
130.375, 70.375, 4.7820678417358446e-21, nan 
130.625, 70.375, 2.4867822109383734e-21, nan 
130.875, 70.375, 2.0333091999148064e-21, nan 
131.125, 70.375, 3.780591410616462e-21, nan 
131.375, 70.375, 2.5018085470063394e-21, nan 
131.625, 70.375, 1.8524875456747393e-21, nan 
131.875, 70.375, 2.6729735885386898e-21, nan 
132.125, 70.375, 2.306310392470148e-21, nan 
132.375, 70.375, 1.5610413704550483e-21, nan 
132.625, 70.375, 9.587967873198583e-22, nan 
132.875, 70.375, 1.4488603683334805e-21, nan 
133.125, 70.375, 1.8999144920692533e-21, nan 
133.375, 70.375, 2.148412182268238e-21, nan 
133.625, 70.375, 4.274197029150285e-21, nan 
133.875, 70.375, 3.362350570899266e-21, nan 
134.125, 70.375, 2.6070214171137424e-21, nan 
134.375, 70.375, 5.915844465417365e-21, nan 
134.625, 70.375, 5.231755228831882e-21, nan 
134.875, 70.375, 3.1907298263492724e-21, nan 
135.125, 70.375, 4.0155428527909275e-21, nan 
135.375, 70.375, 3.818144543288587e-21, nan 
135.625, 70.375, 2.4767111753422546e-21, nan 
135.875, 70.375, 1.600613719933227e-21, nan 
136.125, 70.375, 1.733580365210862e-21, nan 
136.375, 70.375, 1.2919180255533587e-21, nan 
136.625, 70.375, 8.998818090205242e-22, nan 
136.875, 70.375, 7.064865463367454e-22, nan 
137.125, 70.375, 8.624677978400296e-22, nan 
137.375, 70.375, 9.52709979562398e-22, nan 
137.625, 70.375, 6.850683981072654e-22, nan 
137.875, 70.375, 5.046929279772465e-22, nan 
138.125, 70.375, 1.835552728043861e-21, nan 
138.375, 70.375, 2.6006098041588498e-21, nan 
138.625, 70.375, 2.425714047649505e-21, nan 
138.875, 70.375, 2.952931386388088e-21, nan 
139.125, 70.375, 3.590758351990466e-21, nan 
139.375, 70.375, 3.1886821929591166e-21, nan 
139.625, 70.375, 1.8803600855303507e-21, nan 
139.875, 70.375, 7.587450302008427e-22, nan 
140.125, 70.375, 1.6444762077843141e-21, nan 
140.375, 70.375, 2.2113396951467053e-21, nan 
140.625, 70.375, 2.5876304633954386e-21, nan 
140.875, 70.375, 1.5678540684588177e-21, nan 
141.125, 70.375, 1.7439087309414168e-21, nan 
141.375, 70.375, 1.845582181870324e-21, nan 
141.625, 70.375, 7.6611602010441e-22, nan 
141.875, 70.375, 2.896770012704657e-22, nan 
142.125, 70.375, 3.97600937463519e-22, nan 
142.375, 70.375, 6.048275672382761e-22, nan 
142.625, 70.375, 4.44773720921122e-22, nan 
142.875, 70.375, 4.1623370584473894e-22, nan 
143.125, 70.375, 3.538437476051146e-22, nan 
143.375, 70.375, 1.275227295203469e-22, nan 
143.625, 70.375, 1.4716279582067587e-22, nan 
143.875, 70.375, 3.4882318387829472e-22, nan 
144.125, 70.375, 3.2350030364526096e-22, nan 
144.375, 70.375, 2.993694068834923e-22, nan 
144.625, 70.375, 3.7615521240845466e-22, nan 
144.875, 70.375, 3.707116855222961e-22, nan 
145.125, 70.375, 3.2652531144406286e-22, nan 
145.375, 70.375, 2.9787508503650407e-22, nan 
145.625, 70.375, 2.2585113014101274e-22, nan 
145.875, 70.375, 1.9736948363365165e-22, nan 
146.125, 70.375, 2.2609322698721347e-22, nan 
146.375, 70.375, 1.2014738699569616e-22, nan 
146.625, 70.375, 8.756953533097304e-23, nan 
146.875, 70.375, 9.322549049249707e-23, nan 
147.125, 70.375, 1.0192638232813221e-22, nan 
147.375, 70.375, 8.056948596127881e-23, nan 
147.625, 70.375, 5.2418185255423935e-23, nan 
147.875, 70.375, 1.0494964166114355e-22, nan 
148.125, 70.375, 4.163686027653492e-23, nan 
148.375, 70.375, 1.1779167403783416e-22, nan 
148.625, 70.375, 7.962980478955203e-23, nan 
148.875, 70.375, 6.321589001517242e-23, nan 
149.125, 70.375, 9.74994686267833e-23, nan 
149.375, 70.375, 6.748073992595461e-23, nan 
149.625, 70.375, 7.313217335926574e-23, nan 
149.875, 70.375, 5.159437880852292e-23, nan 
150.125, 70.375, 1.47856864763632e-23, nan 
150.375, 70.375, 4.895896637936987e-23, nan 
150.625, 70.375, 1.5141140459866236e-22, nan 
150.875, 70.375, 1.4032422187961579e-22, nan 
151.125, 70.375, 1.3416446201622177e-22, nan 
151.375, 70.375, 1.3246410650472824e-22, nan 
151.625, 70.375, 1.1024337571327432e-22, nan 
151.875, 70.375, 4.962604237651046e-23, nan 
152.125, 70.375, 9.722054553129878e-23, nan 
152.375, 70.375, 1.283119232837744e-22, nan 
152.625, 70.375, 2.1134685646894732e-22, nan 
152.875, 70.375, 2.1165684446589296e-22, nan 
153.125, 70.375, 3.253852644142702e-22, nan 
153.375, 70.375, 1.3910227456951127e-22, nan 
153.625, 70.375, 1.3082947306205163e-22, nan 
153.875, 70.375, 1.0932681714259267e-22, nan 
154.125, 70.375, 8.905661125047155e-23, nan 
154.375, 70.375, 5.2513102635029286e-23, nan 
154.625, 70.375, 4.5739215572907704e-23, nan 
154.875, 70.375, 4.6624684226552853e-23, nan 
155.125, 70.375, 3.9360509729328674e-23, nan 
155.375, 70.375, 5.182353452154111e-23, nan 
155.625, 70.375, 5.977381560274412e-23, nan 
155.875, 70.375, 6.881538102386622e-23, nan 
156.125, 70.375, 6.218867446406157e-23, nan 
156.375, 70.375, 6.544315718101487e-23, nan 
156.625, 70.375, 6.411171322693773e-23, nan 
156.875, 70.375, 4.7068690391343925e-23, nan 
157.125, 70.375, 4.806710229217557e-23, nan 
157.375, 70.375, 5.00494121485773e-23, nan 
157.625, 70.375, 3.1938411387115824e-23, nan 
157.875, 70.375, 3.9424801188126834e-23, nan 
158.125, 70.375, 5.2210080555306215e-23, nan 
158.375, 70.375, 6.573585222056658e-23, nan 
158.625, 70.375, 1.1885265062130945e-22, nan 
158.875, 70.375, 1.6230993648898957e-22, nan 
159.125, 70.375, 1.6558402300788632e-22, nan 
159.375, 70.375, 1.5177504571645162e-22, nan 
159.625, 70.375, 1.7711295160755302e-22, nan 
159.875, 70.375, 1.6793993755308187e-22, nan 
160.125, 70.375, 7.629524263864874e-23, nan 
160.375, 70.375, 5.2036597633601224e-23, nan 
160.625, 70.375, 2.4797488026254527e-23, nan 
160.875, 70.375, 4.5661222593211215e-23, nan 
161.125, 70.375, 5.744196487623448e-23, nan 
161.375, 70.375, 8.87080579646258e-23, nan 
161.625, 70.375, 1.0287210464095217e-22, nan 
161.875, 70.375, 8.97471764769853e-23, nan 
162.125, 70.375, 7.96627348992217e-23, nan 
162.375, 70.375, 9.260229495077866e-23, nan 
162.625, 70.375, 7.398314063957997e-23, nan 
162.875, 70.375, 3.3178054128039223e-23, nan 
163.125, 70.375, 1.926469956973596e-23, nan 
163.375, 70.375, 5.1559076183632776e-23, nan 
163.625, 70.375, 2.4303144796911898e-23, nan 
163.875, 70.375, 1.7158950704945763e-23, nan 
164.125, 70.375, 2.9108597232157864e-23, nan 
164.375, 70.375, 1.8557154601974137e-23, nan 
164.625, 70.375, 3.1618294379039755e-23, nan 
164.875, 70.375, 2.920192563714043e-23, nan 
165.125, 70.375, 1.0142838901147893e-23, nan 
165.375, 70.375, 4.954705158510414e-23, nan 
165.625, 70.375, 6.118426790755135e-23, nan 
165.875, 70.375, 3.596160219540071e-23, nan 
166.125, 70.375, 3.5340653354689173e-23, nan 
166.375, 70.375, 5.940853663664695e-23, nan 
166.625, 70.375, 3.819755961133958e-23, nan 
166.875, 70.375, 2.3940327381393782e-23, nan 
167.125, 70.375, 5.269296404135926e-23, nan 
167.375, 70.375, 3.5846829555835144e-23, nan 
167.625, 70.375, 2.538758717604134e-23, nan 
167.875, 70.375, 3.2827708304832266e-23, nan 
168.125, 70.375, 2.891040556870013e-23, nan 
168.375, 70.375, 1.7081089943408602e-23, nan 
168.625, 70.375, 2.0266954237765002e-23, nan 
168.875, 70.375, 8.549976367686232e-24, nan 
169.125, 70.375, 6.96659211210013e-24, nan 
169.375, 70.375, 1.909211870879048e-23, nan 
169.625, 70.375, 1.1588062644893066e-23, nan 
169.875, 70.375, 7.552071802712814e-24, nan 
170.125, 70.375, 1.0826493595579105e-23, nan 
170.375, 70.375, 1.1345666333698788e-23, nan 
170.625, 70.375, 1.940903036844259e-23, nan 
170.875, 70.375, 2.080068843408496e-23, nan 
171.125, 70.375, 1.621540320562391e-23, nan 
171.375, 70.375, 2.6895851955222303e-23, nan 
171.625, 70.375, 2.3424128870582902e-23, nan 
171.875, 70.375, 1.8351388538737442e-23, nan 
172.125, 70.375, 2.347298351731627e-23, nan 
172.375, 70.375, 1.588501584648838e-23, nan 
172.625, 70.375, 1.7534058821865106e-23, nan 
172.875, 70.375, 1.334026333910773e-23, nan 
173.125, 70.375, 2.2444899294037787e-23, nan 
173.375, 70.375, 2.3930399569328167e-23, nan 
173.625, 70.375, 1.4952071147516835e-23, nan 
173.875, 70.375, 2.2104642420542925e-23, nan 
174.125, 70.375, 2.4300997867234893e-23, nan 
174.375, 70.375, 9.087625213719521e-24, nan 
174.625, 70.375, 3.467384034057552e-24, nan 
174.875, 70.375, 8.865293482818975e-24, nan 
175.125, 70.375, 2.5632444966228603e-24, nan 
175.375, 70.375, 1.5829785882924334e-23, nan 
175.625, 70.375, 8.539951483833616e-24, nan 
175.875, 70.375, 7.210201676722297e-24, nan 
176.125, 70.375, 1.818676479999362e-23, nan 
176.375, 70.375, 1.804762544678118e-23, nan 
176.625, 70.375, 1.5017891742599544e-23, nan 
176.875, 70.375, 1.837894375801738e-23, nan 
177.125, 70.375, 2.68574622508902e-23, nan 
177.375, 70.375, 2.3191980294151514e-23, nan 
177.625, 70.375, 2.1579007506081943e-23, nan 
177.875, 70.375, 3.9006820842659976e-23, nan 
178.125, 70.375, 2.844500443064768e-23, nan 
178.375, 70.375, 2.1591864543801184e-23, nan 
178.625, 70.375, 1.456853957898129e-23, nan 
178.875, 70.375, 1.8623250835931113e-23, nan 
179.125, 70.375, 2.2233064765137834e-23, nan 
179.375, 70.375, 5.520047273930766e-24, nan 
179.625, 70.375, 1.1473482746365239e-23, nan 
179.875, 70.375, 1.3346534132620147e-23, nan 
-179.875, 70.625, 1.1716296714001281e-23, nan 
-179.625, 70.625, 2.0515308565461927e-23, nan 
-179.375, 70.625, 2.0783311581986032e-23, nan 
-179.125, 70.625, 9.803316233082013e-24, nan 
-178.875, 70.625, 2.9050816024392287e-24, nan 
-178.625, 70.625, 6.565808413324207e-24, nan 
-178.375, 70.625, 6.401516975137174e-24, nan 
-178.125, 70.625, 8.736876155659292e-24, nan 
-177.875, 70.625, 8.653029114249625e-24, nan 
-177.625, 70.625, 8.522514503121888e-24, nan 
-177.375, 70.625, 8.869205891190163e-24, nan 
-177.125, 70.625, 1.0014286397614036e-23, nan 
-176.875, 70.625, 9.302580096670821e-24, nan 
-176.625, 70.625, 7.574603805238862e-24, nan 
-176.375, 70.625, 8.93303657296786e-24, nan 
-176.125, 70.625, 8.597131267857921e-24, nan 
-175.875, 70.625, 7.387935444583122e-24, nan 
-175.625, 70.625, 6.379923523683096e-24, nan 
-175.375, 70.625, 6.938187564265505e-24, nan 
-175.125, 70.625, 6.561288069794965e-24, nan 
-174.875, 70.625, 6.784765528879322e-24, nan 
-174.625, 70.625, 9.297424788557114e-24, nan 
-174.375, 70.625, 8.25023185885615e-24, nan 
-174.125, 70.625, 7.9768631208788e-24, nan 
-173.875, 70.625, 6.726281447713096e-24, nan 
-173.625, 70.625, 6.592021676538034e-24, nan 
-173.375, 70.625, 9.066792057128251e-24, nan 
-173.125, 70.625, 1.016826854385685e-23, nan 
-172.875, 70.625, 1.0749522060645575e-23, nan 
-172.625, 70.625, 1.2170639923829913e-23, nan 
-172.375, 70.625, 1.2946065370278104e-23, nan 
-172.125, 70.625, 9.674175054399396e-24, nan 
-171.875, 70.625, 3.7123173736377266e-24, nan 
-171.625, 70.625, 4.914242546523356e-24, nan 
-171.375, 70.625, 5.532422888295595e-24, nan 
-171.125, 70.625, 2.4860842952341273e-24, nan 
-170.875, 70.625, 2.330262996509472e-24, nan 
-170.625, 70.625, 3.003806396701471e-24, nan 
-170.375, 70.625, 4.656102004228613e-24, nan 
-170.125, 70.625, 6.903491781282629e-24, nan 
-169.875, 70.625, 7.596987825116776e-24, nan 
-169.625, 70.625, 1.6042460141313516e-23, nan 
-169.375, 70.625, 1.7718784254144242e-23, nan 
-169.125, 70.625, 1.0925600937290561e-23, nan 
-168.875, 70.625, 8.599424690535804e-24, nan 
-168.625, 70.625, 1.264321247659432e-23, nan 
-168.375, 70.625, 5.729744794239296e-24, nan 
-168.125, 70.625, 1.1567032849862471e-23, nan 
-167.875, 70.625, 2.3320898042106622e-23, nan 
-167.625, 70.625, 1.2440824849543627e-23, nan 
-167.375, 70.625, 7.386472451530587e-23, nan 
12.875, 70.625, 6.125530335433979e-25, nan 
13.125, 70.625, 7.572805252842628e-25, nan 
13.375, 70.625, 7.562668104813993e-25, nan 
13.625, 70.625, 9.314846018500206e-25, nan 
13.875, 70.625, 1.3044442534779177e-24, nan 
14.125, 70.625, 6.335474621627092e-25, nan 
14.375, 70.625, 1.1277912029759159e-24, nan 
14.625, 70.625, 8.53535490525042e-25, nan 
14.875, 70.625, 1.114467203047382e-24, nan 
15.125, 70.625, 1.3893967574781875e-24, nan 
15.375, 70.625, 1.003654311170452e-24, nan 
15.625, 70.625, 1.1620715729922272e-24, nan 
15.875, 70.625, 7.62178118512127e-25, nan 
16.125, 70.625, 8.003688270916198e-25, nan 
16.375, 70.625, 9.667281717514836e-25, nan 
16.625, 70.625, 1.696893939730023e-24, nan 
16.875, 70.625, 1.0020656769576308e-24, nan 
17.125, 70.625, 1.328438562169133e-24, nan 
17.375, 70.625, 1.2311908310049837e-24, nan 
17.625, 70.625, 1.4363687586821409e-24, nan 
17.875, 70.625, 2.3206746580117042e-24, nan 
18.125, 70.625, 3.5911891904989296e-24, nan 
18.375, 70.625, 5.823625768567234e-24, nan 
18.625, 70.625, 5.680059610712609e-24, nan 
18.875, 70.625, 2.895058668224648e-24, nan 
19.125, 70.625, 1.817175672606818e-24, nan 
19.375, 70.625, 1.343274183635358e-24, nan 
19.625, 70.625, 1.3854456339242237e-24, nan 
19.875, 70.625, 1.0348403230961184e-24, nan 
20.125, 70.625, 1.5332201871296605e-24, nan 
20.375, 70.625, 1.6088818701753717e-24, nan 
20.625, 70.625, 1.6451411553795111e-24, nan 
20.875, 70.625, 1.7477253053813404e-24, nan 
21.125, 70.625, 2.085438463276641e-24, nan 
21.375, 70.625, 2.316278958865755e-24, nan 
21.625, 70.625, 2.112912316122291e-24, nan 
21.875, 70.625, 2.0397917570406203e-24, nan 
22.125, 70.625, 1.877236427383814e-24, nan 
22.375, 70.625, 1.9586373093429596e-24, nan 
22.625, 70.625, 2.272402585302583e-24, nan 
22.875, 70.625, 2.3808351799275173e-24, nan 
23.125, 70.625, 2.299200886934989e-24, nan 
23.375, 70.625, 8.546828956930734e-25, nan 
23.625, 70.625, 1.3875583379544752e-24, nan 
23.875, 70.625, 7.9746503545249525e-25, nan 
24.125, 70.625, 1.3401515086325686e-24, nan 
24.375, 70.625, 1.198749006410998e-24, nan 
24.625, 70.625, 1.34845176843358e-24, nan 
24.875, 70.625, 3.095874126678742e-24, nan 
25.125, 70.625, 4.367614470992281e-24, nan 
25.375, 70.625, 3.460154520884629e-24, nan 
25.625, 70.625, 3.958132662148108e-24, nan 
25.875, 70.625, 4.959586408382445e-24, nan 
26.125, 70.625, 4.5373951182950134e-24, nan 
26.375, 70.625, 3.741852296216654e-24, nan 
26.625, 70.625, 4.968670414467637e-24, nan 
26.875, 70.625, 2.2855649113057845e-24, nan 
27.125, 70.625, 9.505473171776492e-25, nan 
27.375, 70.625, 6.695119113963561e-24, nan 
27.625, 70.625, 3.33797912367034e-24, nan 
27.875, 70.625, 9.74388275583662e-25, nan 
28.125, 70.625, 3.4918581533691244e-24, nan 
28.375, 70.625, 1.476656250473023e-24, nan 
28.625, 70.625, 6.609046131003494e-25, nan 
28.875, 70.625, 1.3468400856774745e-24, nan 
29.125, 70.625, 1.1881762113382824e-24, nan 
29.375, 70.625, 1.2415773572709184e-24, nan 
29.625, 70.625, 2.8019341840690278e-24, nan 
29.875, 70.625, 2.533704626661194e-24, nan 
30.125, 70.625, 3.1685465717394737e-24, nan 
30.375, 70.625, 4.024512795734653e-24, nan 
30.625, 70.625, 4.166886945771161e-24, nan 
30.875, 70.625, 6.276152585958698e-24, nan 
31.125, 70.625, 1.788057660176415e-24, nan 
31.375, 70.625, 2.67687536159435e-24, nan 
31.625, 70.625, 2.7558089487195394e-24, nan 
31.875, 70.625, 1.2519459445424144e-24, nan 
32.125, 70.625, 2.0463239281883335e-24, nan 
32.375, 70.625, 1.0720556027762434e-24, nan 
32.625, 70.625, 1.5014108964583251e-24, nan 
32.875, 70.625, 2.278510269127318e-24, nan 
33.125, 70.625, 1.3682359967000947e-24, nan 
33.375, 70.625, 2.9204753716453284e-24, nan 
33.625, 70.625, 2.4168137351935132e-24, nan 
33.875, 70.625, 1.6333835706673296e-24, nan 
34.125, 70.625, 1.5947629026661297e-24, nan 
34.375, 70.625, 5.689395092397205e-25, nan 
34.625, 70.625, 2.162078311888234e-24, nan 
34.875, 70.625, 2.2873936413867306e-24, nan 
35.125, 70.625, 2.9373611756033994e-24, nan 
35.375, 70.625, 2.255671884175776e-24, nan 
35.625, 70.625, 2.5286853175486584e-24, nan 
35.875, 70.625, 3.743981688270206e-24, nan 
36.125, 70.625, 2.6891792859567997e-24, nan 
36.375, 70.625, 2.427370767786543e-24, nan 
36.625, 70.625, 1.4595730144881154e-24, nan 
36.875, 70.625, 3.948821242181487e-24, nan 
37.125, 70.625, 3.169307805173421e-24, nan 
37.375, 70.625, 3.764991957189526e-24, nan 
37.625, 70.625, 3.5115277621535846e-24, nan 
37.875, 70.625, 2.985690879221547e-24, nan 
38.125, 70.625, 4.036468603850119e-24, nan 
38.375, 70.625, 3.8701183689765785e-24, nan 
38.625, 70.625, 4.541809154175022e-24, nan 
38.875, 70.625, 3.814563640877528e-24, nan 
39.125, 70.625, 3.8040325687242006e-24, nan 
39.375, 70.625, 4.758059975855796e-24, nan 
39.625, 70.625, 3.640456531344759e-24, nan 
39.875, 70.625, 4.192635912672171e-24, nan 
40.125, 70.625, 1.0589831162458838e-23, nan 
40.375, 70.625, 1.592277107332867e-23, nan 
40.625, 70.625, 1.994395151576682e-23, nan 
40.875, 70.625, 2.1890703687210224e-23, nan 
41.125, 70.625, 3.013155542960311e-23, nan 
41.375, 70.625, 3.047540509944916e-23, nan 
41.625, 70.625, 3.085702543379048e-23, nan 
41.875, 70.625, 2.3398979999113334e-23, nan 
42.125, 70.625, 2.0365156954152877e-23, nan 
42.375, 70.625, 1.8552468217234796e-23, nan 
42.625, 70.625, 1.015963904654847e-23, nan 
42.875, 70.625, 6.225865703421529e-24, nan 
43.125, 70.625, 8.209589778720608e-24, nan 
43.375, 70.625, 4.2033336840573935e-24, nan 
43.625, 70.625, 4.9896984644319154e-24, nan 
43.875, 70.625, 8.762488498693499e-24, nan 
44.125, 70.625, 3.900660063340283e-24, nan 
44.375, 70.625, 2.6024955446629572e-24, nan 
44.625, 70.625, 4.863960994021189e-24, nan 
44.875, 70.625, 5.983361280907867e-24, nan 
45.125, 70.625, 4.043425904700716e-24, nan 
45.375, 70.625, 3.7001692206284856e-24, nan 
45.625, 70.625, 3.559877924690663e-24, nan 
45.875, 70.625, 4.4659601093103435e-24, nan 
46.125, 70.625, 3.2719163423158248e-24, nan 
46.375, 70.625, 1.8020175249851733e-24, nan 
46.625, 70.625, 4.398705312251681e-24, nan 
46.875, 70.625, 6.758314637476385e-24, nan 
47.125, 70.625, 1.0303317967921173e-23, nan 
47.375, 70.625, 8.836497412883679e-24, nan 
47.625, 70.625, 9.027454155558144e-24, nan 
47.875, 70.625, 1.2340210648651761e-23, nan 
48.125, 70.625, 9.371499176749964e-24, nan 
48.375, 70.625, 1.136552330601179e-23, nan 
48.625, 70.625, 1.4206621658904225e-23, nan 
48.875, 70.625, 1.1707116345229697e-23, nan 
49.125, 70.625, 1.5467639198093022e-23, nan 
49.375, 70.625, 1.628792272470986e-23, nan 
49.625, 70.625, 1.165347620789335e-23, nan 
49.875, 70.625, 1.101788914453963e-23, nan 
50.125, 70.625, 7.642941963748588e-24, nan 
50.375, 70.625, 7.535819138431933e-24, nan 
50.625, 70.625, 8.164338944436747e-24, nan 
50.875, 70.625, 9.689461794503038e-24, nan 
51.125, 70.625, 9.5543522153068e-24, nan 
51.375, 70.625, 1.0503198186398746e-23, nan 
51.625, 70.625, 9.338764779588917e-24, nan 
51.875, 70.625, 9.225558874848475e-24, nan 
52.125, 70.625, 1.3604170093718137e-23, nan 
52.375, 70.625, 1.255938135277715e-23, nan 
52.625, 70.625, 1.478986028974644e-23, nan 
52.875, 70.625, 1.6331931720855846e-23, nan 
53.125, 70.625, 1.7446429623833155e-23, nan 
53.375, 70.625, 1.7949164782520173e-23, nan 
53.625, 70.625, 1.1170790192667917e-23, nan 
53.875, 70.625, 1.7709117808161335e-23, nan 
54.125, 70.625, 1.6433212437301546e-23, nan 
54.375, 70.625, 1.8387968921373563e-23, nan 
54.625, 70.625, 2.1106235999421338e-23, nan 
54.875, 70.625, 2.036233256899919e-23, nan 
55.125, 70.625, 2.392361775411811e-23, nan 
55.375, 70.625, 1.2947442578274609e-23, nan 
55.625, 70.625, 2.2691812519369282e-23, nan 
55.875, 70.625, 1.6820077272078556e-23, nan 
56.125, 70.625, 3.4369363094891945e-23, nan 
56.375, 70.625, 3.630796847962857e-23, nan 
56.625, 70.625, 2.2895371065193546e-23, nan 
56.875, 70.625, 8.567948657281877e-23, nan 
57.125, 70.625, 4.43034314711353e-23, nan 
57.375, 70.625, 4.2664659573423825e-23, nan 
57.625, 70.625, 1.1818217914794853e-22, nan 
57.875, 70.625, 3.6458544449960713e-23, nan 
58.125, 70.625, 4.7077071817056655e-23, nan 
58.375, 70.625, 8.161453101307842e-23, nan 
58.625, 70.625, 7.58499769852113e-23, nan 
58.875, 70.625, 8.920465216407992e-23, nan 
59.125, 70.625, 7.794453082928692e-23, nan 
59.375, 70.625, 1.1100308048429815e-22, nan 
59.625, 70.625, 1.3757929155874463e-22, nan 
59.875, 70.625, 7.55558820428865e-23, nan 
60.125, 70.625, 5.651661896150894e-23, nan 
60.375, 70.625, 4.770909918104824e-23, nan 
60.625, 70.625, 1.415382367948119e-23, nan 
60.875, 70.625, 3.497066648677245e-23, nan 
61.125, 70.625, 3.955374516593384e-23, nan 
61.375, 70.625, 3.675698584850158e-23, nan 
61.625, 70.625, 4.9320043087060054e-23, nan 
61.875, 70.625, 4.559051355074758e-23, nan 
62.125, 70.625, 4.319385772413384e-23, nan 
62.375, 70.625, 3.706901597066212e-23, nan 
62.625, 70.625, 3.3925330099369735e-23, nan 
62.875, 70.625, 1.7595976643253907e-23, nan 
63.125, 70.625, 2.803623767580719e-23, nan 
63.375, 70.625, 1.4962471617751425e-23, nan 
63.625, 70.625, 2.769097722570598e-23, nan 
63.875, 70.625, 4.1195242497103205e-23, nan 
64.125, 70.625, 4.069457179836548e-23, nan 
64.375, 70.625, 4.160573876384456e-23, nan 
64.625, 70.625, 5.590621018370582e-23, nan 
64.875, 70.625, 6.792605862634478e-23, nan 
65.125, 70.625, 4.806047905039025e-23, nan 
65.375, 70.625, 5.637287562945976e-23, nan 
65.625, 70.625, 4.740227008941292e-23, nan 
65.875, 70.625, 7.619416298745498e-23, nan 
66.125, 70.625, 6.934996116848051e-23, nan 
66.375, 70.625, 2.9249854979377754e-23, nan 
66.625, 70.625, 7.697324655632152e-23, nan 
66.875, 70.625, 6.778217830141931e-23, nan 
67.125, 70.625, 5.516104573342134e-23, nan 
67.375, 70.625, 6.323362085660693e-23, nan 
67.625, 70.625, 6.286999447889968e-23, nan 
67.875, 70.625, 6.186163905978061e-23, nan 
68.125, 70.625, 7.472888258794893e-23, nan 
68.375, 70.625, 1.1038155924426434e-22, nan 
68.625, 70.625, 9.459449227225206e-23, nan 
68.875, 70.625, 7.410330505978548e-23, nan 
69.125, 70.625, 6.775839113498837e-23, nan 
69.375, 70.625, 9.662170534975316e-23, nan 
69.625, 70.625, 1.1992137237698648e-22, nan 
69.875, 70.625, 8.859593199832829e-23, nan 
70.125, 70.625, 6.913200199775381e-23, nan 
70.375, 70.625, 8.507566245703628e-23, nan 
70.625, 70.625, 1.2103316204143897e-22, nan 
70.875, 70.625, 6.686782239181636e-23, nan 
71.125, 70.625, 9.258714576387395e-23, nan 
71.375, 70.625, 1.1728678743827043e-22, nan 
71.625, 70.625, 1.5133334853983911e-22, nan 
71.875, 70.625, 1.4444840772177022e-22, nan 
72.125, 70.625, 1.3794183561228912e-22, nan 
72.375, 70.625, 1.607238955500671e-22, nan 
72.625, 70.625, 1.8191262705194902e-22, nan 
72.875, 70.625, 8.155053983825331e-23, nan 
73.125, 70.625, 6.652062656665766e-23, nan 
73.375, 70.625, 1.561332953337698e-22, nan 
73.625, 70.625, 1.980252935176529e-22, nan 
73.875, 70.625, 1.234810735611156e-22, nan 
74.125, 70.625, 1.465439752768836e-22, nan 
74.375, 70.625, 2.0945277435321699e-22, nan 
74.625, 70.625, 3.346768142133778e-22, nan 
74.875, 70.625, 2.2519528070921372e-22, nan 
75.125, 70.625, 3.2558071362634822e-22, nan 
75.375, 70.625, 3.554920039441984e-22, nan 
75.625, 70.625, 3.286410817037094e-22, nan 
75.875, 70.625, 1.2945150283077328e-22, nan 
76.125, 70.625, 1.9549038293335777e-22, nan 
76.375, 70.625, 2.9715339805749344e-22, nan 
76.625, 70.625, 3.7038462385742413e-22, nan 
76.875, 70.625, 4.407992344484499e-22, nan 
77.125, 70.625, 5.419238031695512e-22, nan 
77.375, 70.625, 5.468206262310559e-22, nan 
77.625, 70.625, 6.631825034511504e-22, nan 
77.875, 70.625, 1.8552234911149314e-21, nan 
78.125, 70.625, 1.5778527591409014e-21, nan 
78.375, 70.625, 1.0788939275432687e-21, nan 
78.625, 70.625, 1.9776255007772875e-21, nan 
78.875, 70.625, 1.955150911778462e-21, nan 
79.125, 70.625, 1.1001777542948682e-21, nan 
79.375, 70.625, 7.612126012747896e-22, nan 
79.625, 70.625, 7.07537564062518e-22, nan 
79.875, 70.625, 5.598499609609133e-22, nan 
80.125, 70.625, 4.872099757615636e-22, nan 
80.375, 70.625, 8.1321684462954e-22, nan 
80.625, 70.625, 1.0671031089718665e-21, nan 
80.875, 70.625, 8.320199973234153e-22, nan 
81.125, 70.625, 1.1845311484832308e-21, nan 
81.375, 70.625, 1.3116080461670005e-21, nan 
81.625, 70.625, 1.010968170129702e-21, nan 
81.875, 70.625, 1.1368678021409304e-21, nan 
82.125, 70.625, 6.952703648722629e-22, nan 
82.375, 70.625, 9.247151458274208e-22, nan 
82.625, 70.625, 9.659735132294325e-22, nan 
82.875, 70.625, 9.024075915004032e-22, nan 
83.125, 70.625, 1.1957561980613187e-21, nan 
83.375, 70.625, 1.285044436272645e-21, nan 
83.625, 70.625, 2.300135390865554e-21, nan 
83.875, 70.625, 1.922525614429139e-21, nan 
84.125, 70.625, 1.9571910276298384e-21, nan 
84.375, 70.625, 3.2487660403053465e-21, nan 
84.625, 70.625, 3.085587960874632e-21, nan 
84.875, 70.625, 2.4845932156978475e-21, nan 
85.125, 70.625, 2.601828442277107e-21, nan 
85.375, 70.625, 3.5491369248736656e-21, nan 
85.625, 70.625, 3.653053526384656e-21, nan 
85.875, 70.625, 4.039914745882052e-21, nan 
86.125, 70.625, 3.1665262122622164e-21, nan 
86.375, 70.625, 3.221116478705068e-21, nan 
86.625, 70.625, 4.5054272260156164e-21, nan 
86.875, 70.625, 3.495022725556166e-21, nan 
87.125, 70.625, 3.656104665855537e-21, nan 
87.375, 70.625, 7.020460893276552e-21, nan 
87.625, 70.625, 5.8459292009170484e-21, nan 
87.875, 70.625, 5.889963103196989e-21, nan 
88.125, 70.625, 8.537307272486468e-21, nan 
88.375, 70.625, 4.781534366664132e-21, nan 
88.625, 70.625, 9.049700294851603e-21, nan 
88.875, 70.625, 1.1990109943382243e-20, nan 
89.125, 70.625, 9.410328595575586e-21, nan 
89.375, 70.625, 1.0047068443931654e-20, nan 
89.625, 70.625, 1.1801816417728958e-20, nan 
89.875, 70.625, 1.0274991457542909e-20, nan 
90.125, 70.625, 1.1169092692752543e-20, nan 
90.375, 70.625, 1.2600858570646942e-20, nan 
90.625, 70.625, 1.3402701703242032e-20, nan 
90.875, 70.625, 1.6507983682747616e-20, nan 
91.125, 70.625, 1.618907489776243e-20, nan 
91.375, 70.625, 2.907861447228665e-20, nan 
91.625, 70.625, 2.315469001320794e-20, nan 
91.875, 70.625, 2.4441443173662823e-20, nan 
92.125, 70.625, 3.6892056966572546e-20, nan 
92.375, 70.625, 2.7053728197385987e-20, nan 
92.625, 70.625, 3.270332965124918e-20, nan 
92.875, 70.625, 1.1751866713174276e-20, nan 
93.125, 70.625, 1.6753550175529766e-20, nan 
93.375, 70.625, 1.6928699194110458e-20, nan 
93.625, 70.625, 1.3871865593055335e-20, nan 
93.875, 70.625, 2.4409836283211465e-20, nan 
94.125, 70.625, 2.4409487866033855e-20, nan 
94.375, 70.625, 1.6143782799647415e-20, nan 
94.625, 70.625, 3.463789475867665e-20, nan 
94.875, 70.625, 3.596100870700194e-20, nan 
95.125, 70.625, 3.062598130267153e-20, nan 
95.375, 70.625, 3.2613308295060825e-20, nan 
95.625, 70.625, 4.162395782802663e-20, nan 
95.875, 70.625, 2.6935421780032164e-20, nan 
96.125, 70.625, 5.087268672201487e-20, nan 
96.375, 70.625, 5.923311429071785e-20, nan 
96.625, 70.625, 2.987347114700421e-20, nan 
96.875, 70.625, 4.233494347490048e-20, nan 
97.125, 70.625, 5.896979275036567e-20, nan 
97.375, 70.625, 2.206403024865383e-20, nan 
97.625, 70.625, 3.6020958220761375e-20, nan 
97.875, 70.625, 6.471836844298606e-20, nan 
98.125, 70.625, 8.699923306077391e-20, nan 
98.375, 70.625, 8.3483110576705e-20, nan 
98.625, 70.625, 9.175787635235204e-20, nan 
98.875, 70.625, 1.4852517927882844e-19, nan 
99.125, 70.625, 1.1181698592605492e-19, nan 
99.375, 70.625, 1.1313184926046535e-19, nan 
99.625, 70.625, 1.4554155189861787e-19, nan 
99.875, 70.625, 9.978824477785462e-20, nan 
100.125, 70.625, 1.7306894728425718e-19, nan 
100.375, 70.625, 1.0438711790607522e-19, nan 
100.625, 70.625, 3.6351529683777153e-19, nan 
100.875, 70.625, 3.884498268694704e-19, nan 
101.125, 70.625, 2.676080159183175e-19, nan 
101.375, 70.625, 6.961465625319184e-19, nan 
101.625, 70.625, 5.646813861945226e-19, nan 
101.875, 70.625, 6.969707201694813e-19, nan 
102.125, 70.625, 1.053773940009797e-18, nan 
102.375, 70.625, 2.1477139053798243e-18, nan 
102.625, 70.625, 1.1638386480479073e-18, nan 
102.875, 70.625, 8.437733155704811e-18, nan 
103.125, 70.625, 1.140671718091462e-17, nan 
103.375, 70.625, 1.0478829995135569e-17, nan 
103.625, 70.625, 9.953809226892302e-18, nan 
103.875, 70.625, 2.273793203519045e-18, nan 
104.125, 70.625, 2.9148369819484745e-18, nan 
104.375, 70.625, 3.473348533829402e-18, nan 
104.625, 70.625, 4.344764637979315e-18, nan 
104.875, 70.625, 3.0758622786263893e-18, nan 
105.125, 70.625, 3.963007249807994e-18, nan 
105.375, 70.625, 4.799889595510042e-18, nan 
105.625, 70.625, 2.48074518714431e-18, nan 
105.875, 70.625, 2.1730720961024423e-18, nan 
106.125, 70.625, 2.959318982492341e-18, nan 
106.375, 70.625, 3.1584441716004738e-18, nan 
106.625, 70.625, 4.0359000686238054e-18, nan 
106.875, 70.625, 2.804261627552964e-18, nan 
107.125, 70.625, 2.851432660759449e-18, nan 
107.375, 70.625, 2.9591281541658234e-18, nan 
107.625, 70.625, 2.4698152438701406e-18, nan 
107.875, 70.625, 4.021840671338936e-18, nan 
108.125, 70.625, 2.5409412142170548e-18, nan 
108.375, 70.625, 1.4798508992272566e-18, nan 
108.625, 70.625, 1.3405128901003153e-18, nan 
108.875, 70.625, 1.5680360244324176e-18, nan 
109.125, 70.625, 1.872814710819264e-18, nan 
109.375, 70.625, 1.08294273266138e-18, nan 
109.625, 70.625, 1.2087218863699168e-18, nan 
109.875, 70.625, 1.7259798080868202e-18, nan 
110.125, 70.625, 1.3353696758560584e-18, nan 
110.375, 70.625, 1.2644992955134744e-18, nan 
110.625, 70.625, 1.5978078703633808e-18, nan 
110.875, 70.625, 2.1222447572866896e-18, nan 
111.125, 70.625, 1.6439792822463741e-18, nan 
111.375, 70.625, 6.290747938008719e-19, nan 
111.625, 70.625, 1.8408694032468823e-18, nan 
111.875, 70.625, 2.029321231908671e-18, nan 
112.125, 70.625, 1.3305690089091541e-18, nan 
112.375, 70.625, 1.2417312265591733e-18, nan 
112.625, 70.625, 1.0407319640219864e-18, nan 
112.875, 70.625, 8.31137294009089e-19, nan 
113.125, 70.625, 8.950792652604205e-19, nan 
113.375, 70.625, 9.101349080989032e-19, nan 
113.625, 70.625, 8.179394098599997e-19, nan 
113.875, 70.625, 5.967069352027924e-19, nan 
114.125, 70.625, 5.552399323364922e-19, nan 
114.375, 70.625, 5.992227988820374e-19, nan 
114.625, 70.625, 4.2703269003081846e-19, nan 
114.875, 70.625, 5.472161191470679e-19, nan 
115.125, 70.625, 4.847259869902764e-19, nan 
115.375, 70.625, 3.505323933564729e-19, nan 
115.625, 70.625, 4.1389223561309464e-19, nan 
115.875, 70.625, 2.872654622720406e-19, nan 
116.125, 70.625, 3.84570596393064e-19, nan 
116.375, 70.625, 3.311619580057382e-19, nan 
116.625, 70.625, 3.4352069497636385e-19, nan 
116.875, 70.625, 3.0930573669692317e-19, nan 
117.125, 70.625, 2.435978401010759e-19, nan 
117.375, 70.625, 1.4912856386136441e-19, nan 
117.625, 70.625, 1.3194254850984388e-19, nan 
117.875, 70.625, 1.4308592537250767e-19, nan 
118.125, 70.625, 1.549618492476266e-19, nan 
118.375, 70.625, 1.6880582317576465e-19, nan 
118.625, 70.625, 9.598336267243356e-20, nan 
118.875, 70.625, 9.09255208799418e-20, nan 
119.125, 70.625, 8.509503411063788e-20, nan 
119.375, 70.625, 8.187025848435504e-20, nan 
119.625, 70.625, 1.4379229358495553e-19, nan 
119.875, 70.625, 1.251465904137793e-19, nan 
120.125, 70.625, 1.0635013170726139e-19, nan 
120.375, 70.625, 8.134564018043358e-20, nan 
120.625, 70.625, 1.0922965243325767e-19, nan 
120.875, 70.625, 1.0122445122438706e-19, nan 
121.125, 70.625, 5.70931208650605e-20, nan 
121.375, 70.625, 3.210499189189082e-20, nan 
121.625, 70.625, 4.039384296388354e-20, nan 
121.875, 70.625, 3.934401359354093e-20, nan 
122.125, 70.625, 1.416029061700367e-20, nan 
122.375, 70.625, 2.0976664801526687e-20, nan 
122.625, 70.625, 3.205878530702518e-20, nan 
122.875, 70.625, 3.112861355336844e-20, nan 
123.125, 70.625, 3.07236612289927e-20, nan 
123.375, 70.625, 3.462046304949373e-20, nan 
123.625, 70.625, 2.951927778796178e-20, nan 
123.875, 70.625, 2.5981115796644703e-20, nan 
124.125, 70.625, 3.675710566787516e-20, nan 
124.375, 70.625, 2.5102108576842826e-20, nan 
124.625, 70.625, 1.595586327168815e-20, nan 
124.875, 70.625, 1.6428863058960765e-20, nan 
125.125, 70.625, 1.1497015034310995e-20, nan 
125.375, 70.625, 1.8568619192966733e-20, nan 
125.625, 70.625, 2.140787118495288e-20, nan 
125.875, 70.625, 5.433689150539101e-21, nan 
126.125, 70.625, 1.1337124967657696e-20, nan 
126.375, 70.625, 1.5815505734056507e-20, nan 
126.625, 70.625, 1.0419501361195073e-20, nan 
126.875, 70.625, 5.5351658269062235e-21, nan 
127.125, 70.625, 8.241837662304579e-21, nan 
127.375, 70.625, 1.451677051660152e-20, nan 
127.625, 70.625, 1.0507614476281135e-20, nan 
127.875, 70.625, 8.68784584878813e-21, nan 
128.125, 70.625, 1.2127657414069084e-20, nan 
128.375, 70.625, 9.26843342607749e-21, nan 
128.625, 70.625, 8.031943364497702e-21, nan 
128.875, 70.625, 5.866274831815766e-21, nan 
129.125, 70.625, 8.079148631603954e-21, nan 
129.375, 70.625, 5.8704034217447205e-21, nan 
129.625, 70.625, 6.007375076966975e-21, nan 
129.875, 70.625, 2.178906676381099e-21, nan 
130.125, 70.625, 2.069649685532016e-21, nan 
130.375, 70.625, 3.2557191553482665e-21, nan 
130.625, 70.625, 2.279538448750758e-21, nan 
130.875, 70.625, 3.2089075039488034e-21, nan 
131.125, 70.625, 3.2246742426068607e-21, nan 
131.375, 70.625, 2.151620414222465e-21, nan 
131.625, 70.625, 3.0974607118106164e-21, nan 
131.875, 70.625, 2.836935621802596e-21, nan 
132.125, 70.625, 1.865282617580542e-21, nan 
132.375, 70.625, 2.0445321950413952e-21, nan 
132.625, 70.625, 2.078740889454813e-21, nan 
132.875, 70.625, 1.7151422223581306e-21, nan 
133.125, 70.625, 1.2315571843150757e-21, nan 
133.375, 70.625, 9.74861439158425e-22, nan 
133.625, 70.625, 2.3786447577079164e-21, nan 
133.875, 70.625, 1.3867074995214004e-21, nan 
134.125, 70.625, 2.561386912387859e-21, nan 
134.375, 70.625, 4.536788987572605e-21, nan 
134.625, 70.625, 4.345001586996516e-21, nan 
134.875, 70.625, 3.237705711312144e-21, nan 
135.125, 70.625, 2.450159032726443e-21, nan 
135.375, 70.625, 2.197850912425477e-21, nan 
135.625, 70.625, 1.722630052587989e-21, nan 
135.875, 70.625, 5.41933126067283e-22, nan 
136.125, 70.625, 1.2043257838817712e-21, nan 
136.375, 70.625, 8.722157692742218e-22, nan 
136.625, 70.625, 7.479602666754865e-22, nan 
136.875, 70.625, 1.0881805349830223e-21, nan 
137.125, 70.625, 8.531361386005978e-22, nan 
137.375, 70.625, 1.0322692637432373e-21, nan 
137.625, 70.625, 9.686449972010819e-22, nan 
137.875, 70.625, 9.08062885484191e-22, nan 
138.125, 70.625, 8.285325537991786e-22, nan 
138.375, 70.625, 5.524857339222938e-22, nan 
138.625, 70.625, 6.192399695853988e-22, nan 
138.875, 70.625, 2.507195841727329e-21, nan 
139.125, 70.625, 3.5933595475679024e-21, nan 
139.375, 70.625, 3.4696140183403645e-21, nan 
139.625, 70.625, 2.219783734592283e-21, nan 
139.875, 70.625, 3.1706660078467986e-21, nan 
140.125, 70.625, 2.959267932571483e-21, nan 
140.375, 70.625, 1.700805016936304e-21, nan 
140.625, 70.625, 1.854454439586774e-21, nan 
140.875, 70.625, 1.488536067228689e-21, nan 
141.125, 70.625, 1.0331993861201424e-21, nan 
141.375, 70.625, 7.902007152493121e-22, nan 
141.625, 70.625, 3.3346509972927477e-22, nan 
141.875, 70.625, 2.2593812164394196e-22, nan 
142.125, 70.625, 3.165757688736178e-22, nan 
142.375, 70.625, 5.436225162215441e-22, nan 
142.625, 70.625, 3.6650481318859984e-22, nan 
142.875, 70.625, 2.0072993498741455e-22, nan 
143.125, 70.625, 2.5971348575793233e-22, nan 
143.375, 70.625, 2.227590799842605e-22, nan 
143.625, 70.625, 3.0328842119662293e-22, nan 
143.875, 70.625, 4.549176176787408e-22, nan 
144.125, 70.625, 5.186479091539827e-22, nan 
144.375, 70.625, 4.770982497073339e-22, nan 
144.625, 70.625, 4.91903488312472e-22, nan 
144.875, 70.625, 4.953404331133195e-22, nan 
145.125, 70.625, 4.282287258986505e-22, nan 
145.375, 70.625, 3.307224787310201e-22, nan 
145.625, 70.625, 4.0220953418213045e-22, nan 
145.875, 70.625, 1.4924381563837366e-22, nan 
146.125, 70.625, 9.383503786217872e-23, nan 
146.375, 70.625, 1.0878469579296873e-22, nan 
146.625, 70.625, 1.0761612064593577e-22, nan 
146.875, 70.625, 8.099194951656777e-23, nan 
147.125, 70.625, 1.154382712257375e-22, nan 
147.375, 70.625, 1.1425450523933865e-22, nan 
147.625, 70.625, 9.026271857046095e-23, nan 
147.875, 70.625, 1.1198909477298335e-22, nan 
148.125, 70.625, 7.115300333927905e-23, nan 
148.375, 70.625, 8.900526640992523e-23, nan 
148.625, 70.625, 9.798154494465079e-23, nan 
148.875, 70.625, 7.003466501887097e-23, nan 
149.125, 70.625, 8.203833963858125e-23, nan 
149.375, 70.625, 7.640149611673734e-23, nan 
149.625, 70.625, 6.132125373476961e-23, nan 
149.875, 70.625, 3.623115866821066e-23, nan 
150.125, 70.625, 1.2621451567502193e-22, nan 
150.375, 70.625, 1.4572217049342075e-22, nan 
150.625, 70.625, 1.6717510205966995e-22, nan 
150.875, 70.625, 1.5293188547838906e-22, nan 
151.125, 70.625, 1.737717903223159e-22, nan 
151.375, 70.625, 1.2902061689116543e-22, nan 
151.625, 70.625, 5.039274643212026e-23, nan 
151.875, 70.625, 4.9376663722428805e-23, nan 
152.125, 70.625, 5.614237002183088e-23, nan 
152.375, 70.625, 6.10262254744613e-23, nan 
152.625, 70.625, 3.735568070324833e-23, nan 
152.875, 70.625, 7.49253973767789e-23, nan 
153.125, 70.625, 1.0279492684395096e-22, nan 
153.375, 70.625, 1.0564935559798532e-22, nan 
153.625, 70.625, 6.809738903844674e-23, nan 
153.875, 70.625, 8.531788936688847e-23, nan 
154.125, 70.625, 9.676871615237232e-23, nan 
154.375, 70.625, 6.17725078658805e-23, nan 
154.625, 70.625, 4.159291529905852e-23, nan 
154.875, 70.625, 4.448110969641547e-23, nan 
155.125, 70.625, 6.222459538172022e-23, nan 
155.375, 70.625, 5.676707936590969e-23, nan 
155.625, 70.625, 5.011333453676767e-23, nan 
155.875, 70.625, 6.370523307968337e-23, nan 
156.125, 70.625, 5.644780838565891e-23, nan 
156.375, 70.625, 7.084728419288826e-23, nan 
156.625, 70.625, 5.2489710030323555e-23, nan 
156.875, 70.625, 2.9881847306850845e-23, nan 
157.125, 70.625, 7.897931153142345e-23, nan 
157.375, 70.625, 9.214485574064355e-23, nan 
157.625, 70.625, 6.390158377164108e-23, nan 
157.875, 70.625, 5.665485686294989e-23, nan 
158.125, 70.625, 7.590078230372e-23, nan 
158.375, 70.625, 6.777526752802516e-23, nan 
158.625, 70.625, 4.8895566794681397e-23, nan 
158.875, 70.625, 8.404790767337106e-23, nan 
159.125, 70.625, 7.741070744775536e-23, nan 
159.375, 70.625, 1.5035718173494802e-22, nan 
159.625, 70.625, 1.3017295309027454e-22, nan 
159.875, 70.625, 1.2571179940218244e-22, nan 
160.125, 70.625, 1.263165256083469e-22, nan 
160.375, 70.625, 8.653058463068301e-23, nan 
160.625, 70.625, 1.1172285296375608e-22, nan 
160.875, 70.625, 1.015625638044363e-22, nan 
161.125, 70.625, 8.83908598891671e-23, nan 
161.375, 70.625, 7.910457952585497e-23, nan 
161.625, 70.625, 7.965804064409914e-23, nan 
161.875, 70.625, 6.806325678890255e-23, nan 
162.125, 70.625, 3.377737291393315e-23, nan 
162.375, 70.625, 3.420363382016542e-23, nan 
162.625, 70.625, 3.488645072005614e-23, nan 
162.875, 70.625, 2.6044208388041362e-23, nan 
163.125, 70.625, 3.101301808563867e-23, nan 
163.375, 70.625, 4.452541146299878e-23, nan 
163.625, 70.625, 3.4665234172744486e-23, nan 
163.875, 70.625, 4.389925793930518e-23, nan 
164.125, 70.625, 2.5906988992840515e-23, nan 
164.375, 70.625, 1.7209710811575145e-23, nan 
164.625, 70.625, 3.8953828069661957e-23, nan 
164.875, 70.625, 3.433964355922749e-23, nan 
165.125, 70.625, 1.713038985045785e-23, nan 
165.375, 70.625, 4.514061002234461e-23, nan 
165.625, 70.625, 4.93780682770349e-23, nan 
165.875, 70.625, 2.3534917092001707e-23, nan 
166.125, 70.625, 5.505973724722741e-23, nan 
166.375, 70.625, 4.5796641032818656e-23, nan 
166.625, 70.625, 2.909238719794165e-23, nan 
166.875, 70.625, 7.209273887461195e-23, nan 
167.125, 70.625, 8.648290370027958e-23, nan 
167.375, 70.625, 6.265193270137272e-23, nan 
167.625, 70.625, 5.957680364702035e-23, nan 
167.875, 70.625, 5.2215995207987156e-23, nan 
168.125, 70.625, 5.72784806854814e-23, nan 
168.375, 70.625, 4.05941991109287e-23, nan 
168.625, 70.625, 2.3935561571147065e-23, nan 
168.875, 70.625, 2.892378590161621e-23, nan 
169.125, 70.625, 2.3153742397449943e-23, nan 
169.375, 70.625, 2.0280990944511836e-23, nan 
169.625, 70.625, 2.0894729152876177e-23, nan 
169.875, 70.625, 1.740214748205622e-23, nan 
170.125, 70.625, 1.6431081867598868e-23, nan 
170.375, 70.625, 2.2059174314469824e-23, nan 
170.625, 70.625, 2.75609384551217e-23, nan 
170.875, 70.625, 2.484436241642569e-23, nan 
171.125, 70.625, 2.2605802047589017e-23, nan 
171.375, 70.625, 2.614194051335223e-23, nan 
171.625, 70.625, 1.673732887143864e-23, nan 
171.875, 70.625, 1.0617563850668771e-23, nan 
172.125, 70.625, 1.0410240677473247e-23, nan 
172.375, 70.625, 9.974863541384958e-24, nan 
172.625, 70.625, 1.4282126404865286e-23, nan 
172.875, 70.625, 9.922157867647953e-24, nan 
173.125, 70.625, 1.516475996801483e-23, nan 
173.375, 70.625, 1.6888153501843542e-23, nan 
173.625, 70.625, 1.5139675756966746e-23, nan 
173.875, 70.625, 1.8573815029865898e-23, nan 
174.125, 70.625, 1.9383955693605077e-23, nan 
174.375, 70.625, 9.879471266917306e-24, nan 
174.625, 70.625, 7.813971864938926e-24, nan 
174.875, 70.625, 9.340728008238847e-24, nan 
175.125, 70.625, 4.657258634852838e-24, nan 
175.375, 70.625, 1.2166817479681436e-23, nan 
175.625, 70.625, 9.319110479842025e-24, nan 
175.875, 70.625, 6.556377139469531e-24, nan 
176.125, 70.625, 8.366095905326649e-24, nan 
176.375, 70.625, 9.85969136689342e-24, nan 
176.625, 70.625, 7.052360657425367e-24, nan 
176.875, 70.625, 7.332990335384867e-24, nan 
177.125, 70.625, 7.901763029764005e-24, nan 
177.375, 70.625, 1.6995507747014664e-23, nan 
177.625, 70.625, 1.4502495533538767e-23, nan 
177.875, 70.625, 2.3710934399039704e-23, nan 
178.125, 70.625, 2.2417911079187972e-23, nan 
178.375, 70.625, 1.7470085057632815e-23, nan 
178.625, 70.625, 1.4474909587967374e-23, nan 
178.875, 70.625, 1.6703590171309216e-23, nan 
179.125, 70.625, 1.7552901874591775e-23, nan 
179.375, 70.625, 1.8980288357951112e-23, nan 
179.625, 70.625, 1.099834281095735e-23, nan 
179.875, 70.625, 8.218188896414555e-24, nan 
-179.875, 70.875, 1.2025102475396854e-23, nan 
-179.625, 70.875, 3.73274037332415e-23, nan 
-179.375, 70.875, 5.0465151825096e-23, nan 
-179.125, 70.875, 1.9869033582889672e-23, nan 
-178.875, 70.875, 2.0720868500791032e-23, nan 
-178.625, 70.875, 2.7500962533496337e-23, nan 
-178.375, 70.875, 1.6152725282205984e-23, nan 
-178.125, 70.875, 1.0664531913154308e-23, nan 
-177.875, 70.875, 1.0317034670659049e-23, nan 
-177.625, 70.875, 9.426605806785125e-24, nan 
-177.375, 70.875, 9.012718002729076e-24, nan 
-177.125, 70.875, 6.301677401217957e-24, nan 
-176.875, 70.875, 8.143882287238121e-24, nan 
-176.625, 70.875, 8.83595628460804e-24, nan 
-176.375, 70.875, 6.843553221791111e-24, nan 
-176.125, 70.875, 9.159691201315034e-24, nan 
-175.875, 70.875, 8.216703035964836e-24, nan 
-175.625, 70.875, 9.404998298816975e-24, nan 
-175.375, 70.875, 7.599243864690554e-24, nan 
-175.125, 70.875, 6.714935494907095e-24, nan 
-174.875, 70.875, 3.656895761668203e-24, nan 
-174.625, 70.875, 8.563531190223696e-24, nan 
-174.375, 70.875, 5.701870067600677e-24, nan 
-174.125, 70.875, 5.6536318986922406e-24, nan 
-173.875, 70.875, 5.8603837086788674e-24, nan 
-173.625, 70.875, 3.758557247861678e-24, nan 
-173.375, 70.875, 4.941627605076434e-24, nan 
-173.125, 70.875, 5.036957987924448e-24, nan 
-172.875, 70.875, 7.393749388025624e-24, nan 
-172.625, 70.875, 1.2166905259902098e-23, nan 
-172.375, 70.875, 1.2580670571557417e-23, nan 
-172.125, 70.875, 1.0425921057100574e-23, nan 
-171.875, 70.875, 7.31952444459339e-24, nan 
-171.625, 70.875, 4.3265311320321336e-24, nan 
-171.375, 70.875, 3.712167709271884e-24, nan 
-171.125, 70.875, 4.637906935765823e-24, nan 
-170.875, 70.875, 4.799942058699421e-24, nan 
-170.625, 70.875, 5.538900513225693e-24, nan 
-170.375, 70.875, 1.504748587318387e-23, nan 
-170.125, 70.875, 1.3933940520117402e-23, nan 
-169.875, 70.875, 7.594909772016142e-24, nan 
-169.625, 70.875, 2.660279800839823e-23, nan 
-169.375, 70.875, 2.815231849134804e-23, nan 
-169.125, 70.875, 1.5482646775317347e-23, nan 
-168.875, 70.875, 1.7499972496969306e-23, nan 
-168.625, 70.875, 2.0686094252557372e-23, nan 
-168.375, 70.875, 1.7796522158413678e-23, nan 
-168.125, 70.875, 4.328376811717189e-23, nan 
-167.875, 70.875, 1.092331271754262e-22, nan 
-167.625, 70.875, 1.6928349074956293e-22, nan 
-167.375, 70.875, 1.916660603118038e-22, nan 
-167.125, 70.875, 2.0394319121736042e-22, nan 
-166.875, 70.875, 2.824282040945035e-22, nan 
12.375, 70.875, 1.0916645491048514e-24, nan 
12.625, 70.875, 1.0688029338944501e-24, nan 
12.875, 70.875, 1.2361498159907623e-24, nan 
13.125, 70.875, 1.065309654739068e-24, nan 
13.375, 70.875, 1.0036823263549814e-24, nan 
13.625, 70.875, 1.2960402405124475e-24, nan 
13.875, 70.875, 6.182515597521728e-25, nan 
14.125, 70.875, 5.349211368602271e-25, nan 
14.375, 70.875, 4.4973430722011045e-25, nan 
14.625, 70.875, 4.662371562008342e-25, nan 
14.875, 70.875, 7.859408940229613e-25, nan 
15.125, 70.875, 1.0490143614513506e-24, nan 
15.375, 70.875, 6.798948058120126e-25, nan 
15.625, 70.875, 9.461547984524653e-25, nan 
15.875, 70.875, 2.656454733959181e-24, nan 
16.125, 70.875, 1.3731482510966257e-24, nan 
16.375, 70.875, 9.546136001152216e-25, nan 
16.625, 70.875, 3.707726764282898e-24, nan 
16.875, 70.875, 1.3116507666281339e-24, nan 
17.125, 70.875, 6.081036534957113e-25, nan 
17.375, 70.875, 2.0489461615307816e-24, nan 
17.625, 70.875, 1.5257786120782769e-24, nan 
17.875, 70.875, 2.6879659581193208e-24, nan 
18.125, 70.875, 1.5199148300677985e-24, nan 
18.375, 70.875, 1.8071440561363934e-24, nan 
18.625, 70.875, 2.611129502023032e-24, nan 
18.875, 70.875, 1.7363903673652202e-24, nan 
19.125, 70.875, 1.8505215984542503e-24, nan 
19.375, 70.875, 1.5934537041386879e-24, nan 
19.625, 70.875, 1.822277826675815e-24, nan 
19.875, 70.875, 1.6914490985194046e-24, nan 
20.125, 70.875, 1.887747862321639e-24, nan 
20.375, 70.875, 1.8617467379992623e-24, nan 
20.625, 70.875, 1.39281153340251e-24, nan 
20.875, 70.875, 1.3369218687977787e-24, nan 
21.125, 70.875, 1.978332901779047e-24, nan 
21.375, 70.875, 1.8475840475261985e-24, nan 
21.625, 70.875, 1.6688310900318972e-24, nan 
21.875, 70.875, 2.0124846918705444e-24, nan 
22.125, 70.875, 1.937449727155101e-24, nan 
22.375, 70.875, 1.3990782699711295e-24, nan 
22.625, 70.875, 2.3755015132813102e-24, nan 
22.875, 70.875, 2.2937088463455154e-24, nan 
23.125, 70.875, 2.654925025216218e-24, nan 
23.375, 70.875, 2.1392370269455793e-24, nan 
23.625, 70.875, 1.9871023943839646e-24, nan 
23.875, 70.875, 2.58621019783335e-24, nan 
24.125, 70.875, 1.9803616090095485e-24, nan 
24.375, 70.875, 1.767672299556704e-24, nan 
24.625, 70.875, 2.483155618033379e-24, nan 
24.875, 70.875, 2.4273260926364174e-24, nan 
25.125, 70.875, 1.6219913005977388e-24, nan 
25.375, 70.875, 1.9353610906404074e-24, nan 
25.625, 70.875, 2.5614706935710624e-24, nan 
25.875, 70.875, 4.198733193107707e-24, nan 
26.125, 70.875, 5.060387567871439e-24, nan 
26.375, 70.875, 5.186111773123278e-24, nan 
26.625, 70.875, 5.887465123605789e-24, nan 
26.875, 70.875, 6.634392192943379e-24, nan 
27.125, 70.875, 6.2812002237968515e-24, nan 
27.375, 70.875, 5.897227095365027e-24, nan 
27.625, 70.875, 3.914556331103889e-24, nan 
27.875, 70.875, 3.095308779182194e-24, nan 
28.125, 70.875, 3.892814276851739e-24, nan 
28.375, 70.875, 4.616747698405786e-24, nan 
28.625, 70.875, 1.6240635468010864e-24, nan 
28.875, 70.875, 8.918168730776854e-25, nan 
29.125, 70.875, 1.730071629242252e-24, nan 
29.375, 70.875, 2.3252003813399084e-24, nan 
29.625, 70.875, 1.7320446801851277e-24, nan 
29.875, 70.875, 9.833928908195353e-25, nan 
30.125, 70.875, 9.625057729962388e-25, nan 
30.375, 70.875, 3.220936858579085e-24, nan 
30.625, 70.875, 4.283408990683991e-24, nan 
30.875, 70.875, 4.251671054139142e-24, nan 
31.125, 70.875, 3.06836529170973e-24, nan 
31.375, 70.875, 3.8181022695315315e-24, nan 
31.625, 70.875, 1.7027846100852664e-24, nan 
31.875, 70.875, 2.054720168871875e-24, nan 
32.125, 70.875, 1.9713436963981768e-24, nan 
32.375, 70.875, 1.678412562081536e-24, nan 
32.625, 70.875, 1.6455233074610425e-24, nan 
32.875, 70.875, 1.6741164809171466e-24, nan 
33.125, 70.875, 1.8857783409453667e-24, nan 
33.375, 70.875, 1.1708542076278402e-24, nan 
33.625, 70.875, 1.6923558078096495e-24, nan 
33.875, 70.875, 1.5169475049024338e-24, nan 
34.125, 70.875, 1.5444839933113937e-24, nan 
34.375, 70.875, 1.1234121512829265e-24, nan 
34.625, 70.875, 1.1964928949969288e-24, nan 
34.875, 70.875, 1.4076295127680825e-24, nan 
35.125, 70.875, 1.9905861161880643e-24, nan 
35.375, 70.875, 1.693784173384001e-24, nan 
35.625, 70.875, 1.9027707509973727e-24, nan 
35.875, 70.875, 2.6482574762462763e-24, nan 
36.125, 70.875, 1.6379358581115741e-24, nan 
36.375, 70.875, 2.290887246318804e-24, nan 
36.625, 70.875, 1.959141282164403e-24, nan 
36.875, 70.875, 3.5007623947520756e-24, nan 
37.125, 70.875, 3.725377936898099e-24, nan 
37.375, 70.875, 2.7231720214499137e-24, nan 
37.625, 70.875, 2.2263631034537563e-24, nan 
37.875, 70.875, 3.0334939663000947e-24, nan 
38.125, 70.875, 3.900745999737901e-24, nan 
38.375, 70.875, 5.424565407475278e-24, nan 
38.625, 70.875, 3.7452345111624774e-24, nan 
38.875, 70.875, 3.5787783815297325e-24, nan 
39.125, 70.875, 3.789488572064578e-24, nan 
39.375, 70.875, 2.0088321526793625e-24, nan 
39.625, 70.875, 1.351934313075892e-24, nan 
39.875, 70.875, 5.449017552718494e-24, nan 
40.125, 70.875, 5.1618661993877325e-24, nan 
40.375, 70.875, 1.5394268867623624e-24, nan 
40.625, 70.875, 4.0300235624057104e-24, nan 
40.875, 70.875, 1.1008870575829118e-23, nan 
41.125, 70.875, 1.3873082865966074e-23, nan 
41.375, 70.875, 1.373482551336586e-23, nan 
41.625, 70.875, 1.2617694826968486e-23, nan 
41.875, 70.875, 5.1314878095982786e-24, nan 
42.125, 70.875, 4.176735302338892e-24, nan 
42.375, 70.875, 2.990192584763373e-24, nan 
42.625, 70.875, 5.507948661708563e-24, nan 
42.875, 70.875, 7.032247433169092e-24, nan 
43.125, 70.875, 8.522364992979691e-24, nan 
43.375, 70.875, 8.953921305776358e-24, nan 
43.625, 70.875, 8.806651048548009e-24, nan 
43.875, 70.875, 1.0078227052730752e-23, nan 
44.125, 70.875, 9.730425249849061e-24, nan 
44.375, 70.875, 6.518537514131928e-24, nan 
44.625, 70.875, 6.351799466536336e-24, nan 
44.875, 70.875, 5.390275291162597e-24, nan 
45.125, 70.875, 7.798199586500498e-24, nan 
45.375, 70.875, 7.699964290993737e-24, nan 
45.625, 70.875, 4.6510857139104595e-24, nan 
45.875, 70.875, 1.1486812853839036e-23, nan 
46.125, 70.875, 1.1867059221440636e-23, nan 
46.375, 70.875, 4.254387014215664e-24, nan 
46.625, 70.875, 6.6106935024853656e-24, nan 
46.875, 70.875, 3.706423993518455e-24, nan 
47.125, 70.875, 1.4223802049205616e-23, nan 
47.375, 70.875, 1.0557955014226932e-23, nan 
47.625, 70.875, 7.38481072138897e-24, nan 
47.875, 70.875, 1.6930476201535402e-23, nan 
48.125, 70.875, 1.1130648054069937e-23, nan 
48.375, 70.875, 6.83596491452388e-24, nan 
48.625, 70.875, 9.094149196904115e-24, nan 
48.875, 70.875, 6.98138406239548e-24, nan 
49.125, 70.875, 6.789807954585593e-24, nan 
49.375, 70.875, 7.97476976337075e-24, nan 
49.625, 70.875, 5.843734088823285e-24, nan 
49.875, 70.875, 7.912871693580012e-24, nan 
50.125, 70.875, 8.950811498654038e-24, nan 
50.375, 70.875, 2.1616979497686428e-23, nan 
50.625, 70.875, 3.0365436513660216e-23, nan 
50.875, 70.875, 2.3544765823715513e-23, nan 
51.125, 70.875, 5.708284498161536e-24, nan 
51.375, 70.875, 8.898834188779547e-24, nan 
51.625, 70.875, 1.087415962146041e-23, nan 
51.875, 70.875, 1.1761359876396473e-23, nan 
52.125, 70.875, 1.4351137179613162e-23, nan 
52.375, 70.875, 1.5827328708792316e-23, nan 
52.625, 70.875, 1.6712175727699567e-23, nan 
52.875, 70.875, 2.633406479166924e-23, nan 
53.125, 70.875, 2.6503465334127174e-23, nan 
53.375, 70.875, 2.319074398954512e-23, nan 
53.625, 70.875, 4.2814658339274996e-23, nan 
53.875, 70.875, 4.302975121143132e-23, nan 
54.125, 70.875, 3.1883895527296564e-23, nan 
54.375, 70.875, 2.2308899349136765e-23, nan 
54.625, 70.875, 1.575468950945135e-23, nan 
54.875, 70.875, 2.07631441621182e-23, nan 
55.125, 70.875, 2.132176640612721e-23, nan 
55.375, 70.875, 2.396246829188107e-23, nan 
55.625, 70.875, 2.0943773108411192e-23, nan 
55.875, 70.875, 2.0244762856310833e-23, nan 
56.125, 70.875, 2.9712465272814654e-23, nan 
56.375, 70.875, 2.1097159324332168e-23, nan 
56.625, 70.875, 1.7774712820729365e-23, nan 
56.875, 70.875, 3.699648805996985e-23, nan 
57.125, 70.875, 2.453143092315549e-23, nan 
57.375, 70.875, 4.380927074708225e-23, nan 
57.625, 70.875, 6.888185071001127e-23, nan 
57.875, 70.875, 4.093939717187937e-23, nan 
58.125, 70.875, 4.8094344539681155e-23, nan 
58.375, 70.875, 5.0912349279971397e-23, nan 
58.625, 70.875, 7.221147269449452e-23, nan 
58.875, 70.875, 6.866775157956663e-23, nan 
59.125, 70.875, 6.820288914806875e-23, nan 
59.375, 70.875, 9.342110551066963e-23, nan 
59.625, 70.875, 1.1976206988013661e-22, nan 
59.875, 70.875, 1.0636616792379983e-22, nan 
60.125, 70.875, 9.662480683062575e-23, nan 
60.375, 70.875, 9.18495048023464e-23, nan 
60.625, 70.875, 8.585617442411282e-23, nan 
60.875, 70.875, 8.044546824214253e-23, nan 
61.125, 70.875, 5.84510700093663e-23, nan 
61.375, 70.875, 5.399417887898473e-23, nan 
61.625, 70.875, 4.811084043159884e-23, nan 
61.875, 70.875, 4.8075461417017003e-23, nan 
62.125, 70.875, 6.010010420395481e-23, nan 
62.375, 70.875, 5.633076268842749e-23, nan 
62.625, 70.875, 4.556832008831876e-23, nan 
62.875, 70.875, 5.1265378573945783e-23, nan 
63.125, 70.875, 5.239327474929134e-23, nan 
63.375, 70.875, 3.501186356138953e-23, nan 
63.625, 70.875, 2.598349691500356e-23, nan 
63.875, 70.875, 4.321969093406236e-23, nan 
64.125, 70.875, 2.517472639466016e-23, nan 
64.375, 70.875, 2.872471948815397e-23, nan 
64.625, 70.875, 5.54699882405287e-23, nan 
64.875, 70.875, 4.698115009105173e-23, nan 
65.125, 70.875, 3.459976400332954e-23, nan 
65.375, 70.875, 4.572581980587869e-23, nan 
65.625, 70.875, 8.248222586024475e-23, nan 
65.875, 70.875, 6.709808930990977e-23, nan 
66.125, 70.875, 8.727745333593162e-23, nan 
66.375, 70.875, 9.537463266108398e-23, nan 
66.625, 70.875, 9.585915184811227e-23, nan 
66.875, 70.875, 1.4941834618341212e-22, nan 
67.125, 70.875, 1.3039740636302238e-22, nan 
67.375, 70.875, 7.034497335339374e-23, nan 
67.625, 70.875, 9.396863953633333e-23, nan 
67.875, 70.875, 5.86674203846214e-23, nan 
68.125, 70.875, 5.090826309415087e-23, nan 
68.375, 70.875, 9.906674830537255e-23, nan 
68.625, 70.875, 8.660716676343572e-23, nan 
68.875, 70.875, 6.778076878556639e-23, nan 
69.125, 70.875, 6.927837242365394e-23, nan 
69.375, 70.875, 1.0622925379767461e-22, nan 
69.625, 70.875, 6.992139489213992e-23, nan 
69.875, 70.875, 3.6789113377568365e-23, nan 
70.125, 70.875, 9.443523491402679e-23, nan 
70.375, 70.875, 9.166547255612789e-23, nan 
70.625, 70.875, 5.809504008637437e-23, nan 
70.875, 70.875, 7.390374828658331e-23, nan 
71.125, 70.875, 9.583856117299902e-23, nan 
71.375, 70.875, 1.022604738407066e-22, nan 
71.625, 70.875, 1.2102530094610846e-22, nan 
71.875, 70.875, 1.349651128274308e-22, nan 
72.125, 70.875, 1.7653487693356918e-22, nan 
72.375, 70.875, 2.0479145957579377e-22, nan 
72.625, 70.875, 1.793664867644555e-22, nan 
72.875, 70.875, 1.9560070829171327e-22, nan 
73.125, 70.875, 2.215870717687476e-22, nan 
73.375, 70.875, 2.2644042926577134e-22, nan 
73.625, 70.875, 3.694649183216888e-22, nan 
73.875, 70.875, 3.4113179044826457e-22, nan 
74.125, 70.875, 7.926918284418112e-23, nan 
74.375, 70.875, 1.9152182925501496e-22, nan 
74.625, 70.875, 2.395998552285942e-22, nan 
74.875, 70.875, 1.1389462824531399e-22, nan 
75.125, 70.875, 3.6519513203187166e-22, nan 
75.375, 70.875, 2.552022297528203e-22, nan 
75.625, 70.875, 2.9787339713959474e-22, nan 
75.875, 70.875, 2.2553364562207587e-22, nan 
76.125, 70.875, 2.0336976440643592e-22, nan 
76.375, 70.875, 2.184626486903783e-22, nan 
76.625, 70.875, 2.082511776577547e-22, nan 
76.875, 70.875, 2.6412498682019007e-22, nan 
77.125, 70.875, 2.392119320953353e-22, nan 
77.375, 70.875, 3.0254923164463877e-22, nan 
77.625, 70.875, 4.0711598164347255e-22, nan 
77.875, 70.875, 4.651573016529496e-22, nan 
78.125, 70.875, 2.4928446496748295e-22, nan 
78.375, 70.875, 2.938724762880999e-22, nan 
78.625, 70.875, 1.2822229891435077e-21, nan 
78.875, 70.875, 1.5912062949565694e-21, nan 
79.125, 70.875, 7.977634173838206e-22, nan 
79.375, 70.875, 8.254744223972015e-22, nan 
79.625, 70.875, 9.961537371190718e-22, nan 
79.875, 70.875, 8.824190649001634e-22, nan 
80.125, 70.875, 8.883977359727704e-22, nan 
80.375, 70.875, 8.182468913514466e-22, nan 
80.625, 70.875, 7.101681306345172e-22, nan 
80.875, 70.875, 8.167914504800958e-22, nan 
81.125, 70.875, 7.802314881219018e-22, nan 
81.375, 70.875, 1.2070605957539408e-21, nan 
81.625, 70.875, 1.172114792657482e-21, nan 
81.875, 70.875, 1.4194554026921323e-21, nan 
82.125, 70.875, 9.421504417743452e-22, nan 
82.375, 70.875, 1.3769232188151451e-21, nan 
82.625, 70.875, 4.874448729589612e-22, nan 
82.875, 70.875, 1.0159247995040806e-21, nan 
83.125, 70.875, 9.663907343725234e-22, nan 
83.375, 70.875, 9.228004415567529e-22, nan 
83.625, 70.875, 1.0680358992772902e-21, nan 
83.875, 70.875, 1.0640451134918678e-21, nan 
84.125, 70.875, 1.560952438375478e-21, nan 
84.375, 70.875, 2.534006257162675e-21, nan 
84.625, 70.875, 2.402239357816151e-21, nan 
84.875, 70.875, 2.0427072730687343e-21, nan 
85.125, 70.875, 2.4553400359703823e-21, nan 
85.375, 70.875, 3.5089841893420764e-21, nan 
85.625, 70.875, 2.898052997186688e-21, nan 
85.875, 70.875, 3.4773877894922354e-21, nan 
86.125, 70.875, 3.2398731267421964e-21, nan 
86.375, 70.875, 2.533161033051313e-21, nan 
86.625, 70.875, 2.3948447483738095e-21, nan 
86.875, 70.875, 2.6386505177230474e-21, nan 
87.125, 70.875, 2.1236465944442365e-21, nan 
87.375, 70.875, 3.1392459821322432e-21, nan 
87.625, 70.875, 7.928345245370772e-21, nan 
87.875, 70.875, 6.05706836729236e-21, nan 
88.125, 70.875, 6.16839340303594e-21, nan 
88.375, 70.875, 7.39436535322157e-21, nan 
88.625, 70.875, 6.408331154728453e-21, nan 
88.875, 70.875, 5.076718903812868e-21, nan 
89.125, 70.875, 7.305548753781711e-21, nan 
89.375, 70.875, 7.923651693254167e-21, nan 
89.625, 70.875, 9.183958679450671e-21, nan 
89.875, 70.875, 5.5803415702520615e-21, nan 
90.125, 70.875, 6.642335182268852e-21, nan 
90.375, 70.875, 1.2775790987062055e-20, nan 
90.625, 70.875, 5.994174415366795e-21, nan 
90.875, 70.875, 6.6867109064019965e-21, nan 
91.125, 70.875, 9.525185374902343e-21, nan 
91.375, 70.875, 6.5259002569330164e-21, nan 
91.625, 70.875, 1.3103933575239258e-20, nan 
91.875, 70.875, 1.7911586279290108e-20, nan 
92.125, 70.875, 4.10625590925265e-20, nan 
92.375, 70.875, 4.509849888285708e-20, nan 
92.625, 70.875, 5.584005629989669e-20, nan 
92.875, 70.875, 4.508386401307915e-20, nan 
93.125, 70.875, 6.676496022350533e-20, nan 
93.375, 70.875, 8.336263970346411e-20, nan 
93.625, 70.875, 3.765439137049221e-20, nan 
93.875, 70.875, 3.0260842499879826e-20, nan 
94.125, 70.875, 4.928749862392083e-20, nan 
94.375, 70.875, 5.025348081913887e-20, nan 
94.625, 70.875, 7.590736282961097e-20, nan 
94.875, 70.875, 7.426705187883551e-20, nan 
95.125, 70.875, 6.752130348888066e-20, nan 
95.375, 70.875, 4.994373524600771e-20, nan 
95.625, 70.875, 5.422810058937092e-20, nan 
95.875, 70.875, 4.72762996542199e-20, nan 
96.125, 70.875, 4.238549163758721e-20, nan 
96.375, 70.875, 5.557562403897388e-20, nan 
96.625, 70.875, 3.4683956892217507e-20, nan 
96.875, 70.875, 3.3827628825577967e-20, nan 
97.125, 70.875, 4.2344930155803606e-20, nan 
97.375, 70.875, 4.8472442377991404e-20, nan 
97.625, 70.875, 3.837899758456956e-20, nan 
97.875, 70.875, 5.956627121676636e-20, nan 
98.125, 70.875, 6.74685706199917e-20, nan 
98.375, 70.875, 1.098233609225494e-19, nan 
98.625, 70.875, 1.2516841673336873e-19, nan 
98.875, 70.875, 1.81056459460851e-19, nan 
99.125, 70.875, 1.7321503782471656e-19, nan 
99.375, 70.875, 1.8408333786169471e-19, nan 
99.625, 70.875, 1.9323646500372255e-19, nan 
99.875, 70.875, 1.395776198649185e-19, nan 
100.125, 70.875, 2.8186773835905567e-19, nan 
100.375, 70.875, 1.2215776244015713e-19, nan 
100.625, 70.875, 1.383028363506554e-19, nan 
100.875, 70.875, 4.482383750113996e-19, nan 
101.125, 70.875, 3.2411812153282794e-19, nan 
101.375, 70.875, 6.432056065031415e-19, nan 
101.625, 70.875, 6.889711140960444e-19, nan 
101.875, 70.875, 7.145007335031068e-19, nan 
102.125, 70.875, 1.2121220576107112e-18, nan 
102.375, 70.875, 1.099731150579442e-18, nan 
102.625, 70.875, 9.531320842241092e-19, nan 
102.875, 70.875, 1.139719575897425e-18, nan 
103.125, 70.875, 1.5655583800110884e-18, nan 
103.375, 70.875, 1.5114408161862273e-18, nan 
103.625, 70.875, 2.0454017783837837e-18, nan 
103.875, 70.875, 2.1321766513781356e-18, nan 
104.125, 70.875, 2.0987037269246752e-18, nan 
104.375, 70.875, 2.61725810541989e-18, nan 
104.625, 70.875, 3.0881225177204845e-18, nan 
104.875, 70.875, 1.96024515017363e-18, nan 
105.125, 70.875, 2.7267084325533725e-18, nan 
105.375, 70.875, 2.660310926646919e-18, nan 
105.625, 70.875, 2.528390073168417e-18, nan 
105.875, 70.875, 2.633088598112471e-18, nan 
106.125, 70.875, 4.472775973885084e-18, nan 
106.375, 70.875, 5.246188833494424e-18, nan 
106.625, 70.875, 7.174219726183372e-18, nan 
106.875, 70.875, 4.657610504105587e-18, nan 
107.125, 70.875, 4.113229495790642e-18, nan 
107.375, 70.875, 6.8813389681527546e-18, nan 
107.625, 70.875, 5.298522296515667e-18, nan 
107.875, 70.875, 5.144785878678759e-18, nan 
108.125, 70.875, 5.348677949420271e-18, nan 
108.375, 70.875, 3.1931819518820043e-18, nan 
108.625, 70.875, 4.1418383437936904e-18, nan 
108.875, 70.875, 3.4449461645679038e-18, nan 
109.125, 70.875, 3.612068873422906e-18, nan 
109.375, 70.875, 3.2016420992572153e-18, nan 
109.625, 70.875, 3.0621097161091025e-18, nan 
109.875, 70.875, 3.629798389346455e-18, nan 
110.125, 70.875, 3.212572372116645e-18, nan 
110.375, 70.875, 2.9989064980493178e-18, nan 
110.625, 70.875, 3.6837658070331256e-18, nan 
110.875, 70.875, 3.484007142322054e-18, nan 
111.125, 70.875, 2.855372437757782e-18, nan 
111.375, 70.875, 2.6211183950958136e-18, nan 
111.625, 70.875, 2.6379634141682444e-18, nan 
111.875, 70.875, 3.922084095712965e-18, nan 
112.125, 70.875, 2.4964896561185024e-18, nan 
112.375, 70.875, 1.6540515188988747e-18, nan 
112.625, 70.875, 2.0599816675349102e-18, nan 
112.875, 70.875, 1.4976055164934696e-18, nan 
113.125, 70.875, 2.1749536481489373e-18, nan 
113.375, 70.875, 1.412354441966544e-18, nan 
113.625, 70.875, 1.1496279072108048e-18, nan 
113.875, 70.875, 1.3123404741267224e-18, nan 
114.125, 70.875, 1.2853602595472138e-18, nan 
114.375, 70.875, 1.1201025122516898e-18, nan 
114.625, 70.875, 9.17385653485391e-19, nan 
114.875, 70.875, 8.82706631335422e-19, nan 
115.125, 70.875, 9.711085084044488e-19, nan 
115.375, 70.875, 7.157620353095239e-19, nan 
115.625, 70.875, 6.3006286030813735e-19, nan 
115.875, 70.875, 3.630769951353405e-19, nan 
116.125, 70.875, 5.073890118325914e-19, nan 
116.375, 70.875, 3.9346565433727604e-19, nan 
116.625, 70.875, 5.440898079321057e-19, nan 
116.875, 70.875, 5.968656783995297e-19, nan 
117.125, 70.875, 3.5991517786296834e-19, nan 
117.375, 70.875, 3.197729114505543e-19, nan 
117.625, 70.875, 3.2597315982272874e-19, nan 
117.875, 70.875, 2.768721660577404e-19, nan 
118.125, 70.875, 3.0002408379216616e-19, nan 
118.375, 70.875, 3.349354806812472e-19, nan 
118.625, 70.875, 2.459370208941486e-19, nan 
118.875, 70.875, 3.5061905069379654e-19, nan 
119.125, 70.875, 2.0426744027488942e-19, nan 
119.375, 70.875, 1.208324838200003e-19, nan 
119.625, 70.875, 2.339618453720383e-19, nan 
119.875, 70.875, 1.4626275583671783e-19, nan 
120.125, 70.875, 1.0817940389410224e-19, nan 
120.375, 70.875, 7.75833431301512e-20, nan 
120.625, 70.875, 8.390697863425952e-20, nan 
120.875, 70.875, 8.78333673156312e-20, nan 
121.125, 70.875, 5.278873719262856e-20, nan 
121.375, 70.875, 2.341988364173546e-20, nan 
121.625, 70.875, 3.927009839927012e-20, nan 
121.875, 70.875, 2.4500497842744206e-20, nan 
122.125, 70.875, 1.8987893252783685e-20, nan 
122.375, 70.875, 2.434440000509871e-20, nan 
122.625, 70.875, 2.9862800240373744e-20, nan 
122.875, 70.875, 3.280595452249223e-20, nan 
123.125, 70.875, 2.882851610203442e-20, nan 
123.375, 70.875, 4.331064887425028e-20, nan 
123.625, 70.875, 3.40897206319841e-20, nan 
123.875, 70.875, 3.546516482169773e-20, nan 
124.125, 70.875, 3.267563009753314e-20, nan 
124.375, 70.875, 2.19331624923761e-20, nan 
124.625, 70.875, 4.0036016844690454e-20, nan 
124.875, 70.875, 2.360786314865661e-20, nan 
125.125, 70.875, 1.375372244060517e-20, nan 
125.375, 70.875, 4.518875603417458e-20, nan 
125.625, 70.875, 3.6705250208627905e-20, nan 
125.875, 70.875, 1.1339028678344174e-20, nan 
126.125, 70.875, 2.4963890142721517e-20, nan 
126.375, 70.875, 2.4888908017805268e-20, nan 
126.625, 70.875, 1.1964845525682535e-20, nan 
126.875, 70.875, 1.3731993700305462e-20, nan 
127.125, 70.875, 1.2389167651175923e-20, nan 
127.375, 70.875, 1.6916154427106818e-20, nan 
127.625, 70.875, 1.0666142206368884e-20, nan 
127.875, 70.875, 8.246034946325727e-21, nan 
128.125, 70.875, 1.2403746730876787e-20, nan 
128.375, 70.875, 1.0039765214024418e-20, nan 
128.625, 70.875, 5.7763372266893335e-21, nan 
128.875, 70.875, 4.7500760918297676e-21, nan 
129.125, 70.875, 1.4360107190315413e-20, nan 
129.375, 70.875, 6.827893613031889e-21, nan 
129.625, 70.875, 5.350253963455364e-21, nan 
129.875, 70.875, 8.146254538632026e-21, nan 
130.125, 70.875, 3.138866651374524e-21, nan 
130.375, 70.875, 2.358644299887864e-21, nan 
130.625, 70.875, 1.9989291793569904e-21, nan 
130.875, 70.875, 3.480489133472327e-21, nan 
131.125, 70.875, 8.118873869580278e-21, nan 
131.375, 70.875, 3.6815674183009855e-21, nan 
131.625, 70.875, 5.117168767242685e-21, nan 
131.875, 70.875, 5.895788811129782e-21, nan 
132.125, 70.875, 3.199596818137736e-21, nan 
132.375, 70.875, 4.359233855203712e-21, nan 
132.625, 70.875, 4.568541555422913e-21, nan 
132.875, 70.875, 4.254069772756404e-21, nan 
133.125, 70.875, 2.2732162960964913e-21, nan 
133.375, 70.875, 1.1800797198107951e-21, nan 
133.625, 70.875, 4.81283696212626e-21, nan 
133.875, 70.875, 5.170943809188535e-21, nan 
134.125, 70.875, 3.886856113009705e-21, nan 
134.375, 70.875, 4.240274654180295e-21, nan 
134.625, 70.875, 4.211927525469568e-21, nan 
134.875, 70.875, 3.2997251866290887e-21, nan 
135.125, 70.875, 2.4572817948716582e-21, nan 
135.375, 70.875, 1.3498105938038109e-21, nan 
135.625, 70.875, 4.0824359914393725e-22, nan 
135.875, 70.875, 5.952923228618408e-22, nan 
136.125, 70.875, 8.9519494981462e-22, nan 
136.375, 70.875, 7.431653608435899e-22, nan 
136.625, 70.875, 8.603352347047945e-22, nan 
136.875, 70.875, 1.2307341715396022e-21, nan 
137.125, 70.875, 1.2873738846058853e-21, nan 
137.375, 70.875, 1.0167433830944863e-21, nan 
137.625, 70.875, 1.1888767857946023e-21, nan 
137.875, 70.875, 1.2472589834388303e-21, nan 
138.125, 70.875, 7.692468974453896e-22, nan 
138.375, 70.875, 2.1762840871288206e-22, nan 
138.625, 70.875, 3.4405652625433444e-22, nan 
138.875, 70.875, 6.4231449813847635e-22, nan 
139.125, 70.875, 6.774176150260861e-22, nan 
139.375, 70.875, 5.779703938206025e-22, nan 
139.625, 70.875, 9.177554778956396e-22, nan 
139.875, 70.875, 2.2088316482453557e-21, nan 
140.125, 70.875, 1.7244302844738203e-21, nan 
140.375, 70.875, 1.1269487760345901e-21, nan 
140.625, 70.875, 8.344048547840126e-22, nan 
140.875, 70.875, 3.536005638418765e-22, nan 
141.125, 70.875, 4.64828500752263e-22, nan 
141.375, 70.875, 4.941998736538347e-22, nan 
141.625, 70.875, 3.1496273976392994e-22, nan 
141.875, 70.875, 4.607673564145384e-22, nan 
142.125, 70.875, 4.272474637538997e-22, nan 
142.375, 70.875, 2.8242431573781765e-22, nan 
142.625, 70.875, 6.201963653274426e-22, nan 
142.875, 70.875, 7.380816636246509e-22, nan 
143.125, 70.875, 8.016841517001421e-22, nan 
143.375, 70.875, 2.8789531270110336e-22, nan 
143.625, 70.875, 2.377148675725556e-22, nan 
143.875, 70.875, 4.369528891888546e-22, nan 
144.125, 70.875, 5.412729226802705e-22, nan 
144.375, 70.875, 4.338269959931197e-22, nan 
144.625, 70.875, 3.7576947757758123e-22, nan 
144.875, 70.875, 5.266908993504419e-22, nan 
145.125, 70.875, 3.7126042561669475e-22, nan 
145.375, 70.875, 1.8976154433655785e-22, nan 
145.625, 70.875, 6.181851734635353e-22, nan 
145.875, 70.875, 1.6015674851559793e-22, nan 
146.125, 70.875, 1.3440231931395523e-22, nan 
146.375, 70.875, 3.0335712494395284e-22, nan 
146.625, 70.875, 1.4019504675285434e-22, nan 
146.875, 70.875, 1.069603635381834e-22, nan 
147.125, 70.875, 1.691623444711435e-22, nan 
147.375, 70.875, 1.1804734202704597e-22, nan 
147.625, 70.875, 8.180829396656026e-23, nan 
147.875, 70.875, 3.6894223939401403e-23, nan 
148.125, 70.875, 6.673442150183134e-23, nan 
148.375, 70.875, 6.763342436811744e-23, nan 
148.625, 70.875, 1.1448001153389588e-22, nan 
148.875, 70.875, 1.0927629488524417e-22, nan 
149.125, 70.875, 2.1228076959981242e-23, nan 
149.375, 70.875, 6.198980042092227e-23, nan 
149.625, 70.875, 6.449563070252668e-23, nan 
149.875, 70.875, 1.4041958137754347e-22, nan 
150.125, 70.875, 1.5834966289185216e-22, nan 
150.375, 70.875, 1.1864500458143083e-22, nan 
150.625, 70.875, 1.3220135678657642e-22, nan 
150.875, 70.875, 1.3904303498056727e-22, nan 
151.125, 70.875, 1.018269208398815e-22, nan 
151.375, 70.875, 8.107193158543073e-23, nan 
151.625, 70.875, 3.6087530498283555e-23, nan 
151.875, 70.875, 3.903889268807178e-23, nan 
152.125, 70.875, 8.909879472117272e-23, nan 
152.375, 70.875, 1.193533855217479e-22, nan 
152.625, 70.875, 6.298095847869599e-23, nan 
152.875, 70.875, 2.402170364050454e-23, nan 
153.125, 70.875, 1.861101668029993e-22, nan 
153.375, 70.875, 1.6424023243008505e-22, nan 
153.625, 70.875, 1.227552540516709e-22, nan 
153.875, 70.875, 1.273657882656203e-22, nan 
154.125, 70.875, 1.1788900415569473e-22, nan 
154.375, 70.875, 9.775402514769765e-23, nan 
154.625, 70.875, 3.968822980187962e-23, nan 
154.875, 70.875, 4.35423166199934e-23, nan 
155.125, 70.875, 5.795453703635093e-23, nan 
155.375, 70.875, 5.125253354460741e-23, nan 
155.625, 70.875, 4.9151964172433595e-23, nan 
155.875, 70.875, 5.658717144820679e-23, nan 
156.125, 70.875, 7.692964779015994e-23, nan 
156.375, 70.875, 1.0881929018410077e-22, nan 
156.625, 70.875, 1.235458767484045e-22, nan 
156.875, 70.875, 8.782155928113885e-23, nan 
157.125, 70.875, 1.0679623120650234e-22, nan 
157.375, 70.875, 6.976856679397678e-22, nan 
157.625, 70.875, 7.006638970112929e-22, nan 
157.875, 70.875, 9.651373205869306e-23, nan 
158.125, 70.875, 1.2705929028852359e-22, nan 
158.375, 70.875, 1.5880673039286538e-22, nan 
158.625, 70.875, 1.0175010578260402e-22, nan 
158.875, 70.875, 8.202017700009934e-23, nan 
159.125, 70.875, 5.530239407845323e-23, nan 
159.375, 70.875, 6.434898902729321e-23, nan 
159.625, 70.875, 1.8415804348321086e-23, nan 
159.875, 70.875, 2.051148232917829e-23, nan 
160.125, 70.875, 6.84897332342043e-23, nan 
160.375, 70.875, 5.544027768700133e-23, nan 
160.625, 70.875, 7.784879312712632e-23, nan 
160.875, 70.875, 7.856350399492903e-23, nan 
161.125, 70.875, 6.354932570086867e-23, nan 
161.375, 70.875, 2.024523663847453e-23, nan 
161.625, 70.875, 2.3702139201805613e-23, nan 
161.875, 70.875, 4.944298787424992e-23, nan 
162.125, 70.875, 3.889118944245271e-23, nan 
162.375, 70.875, 2.4132669073178737e-23, nan 
162.625, 70.875, 5.887240906195309e-23, nan 
162.875, 70.875, 5.2469774902391105e-23, nan 
163.125, 70.875, 3.3795193762237083e-23, nan 
163.375, 70.875, 6.430589982301809e-23, nan 
163.625, 70.875, 6.049484726778416e-23, nan 
163.875, 70.875, 3.864683376820688e-23, nan 
164.125, 70.875, 9.537581879995842e-23, nan 
164.375, 70.875, 4.7651514289522795e-23, nan 
164.625, 70.875, 3.409577110987207e-23, nan 
164.875, 70.875, 3.52721615421656e-23, nan 
165.125, 70.875, 2.392978331957464e-23, nan 
165.375, 70.875, 7.65589104556803e-23, nan 
165.625, 70.875, 8.503901153077981e-23, nan 
165.875, 70.875, 2.6021452127550227e-23, nan 
166.125, 70.875, 5.264742523154262e-23, nan 
166.375, 70.875, 5.918893414941763e-23, nan 
166.625, 70.875, 2.8898547027284107e-23, nan 
166.875, 70.875, 5.526049487647045e-23, nan 
167.125, 70.875, 5.516541829366114e-23, nan 
167.375, 70.875, 4.1626700223690776e-23, nan 
167.625, 70.875, 4.9241451171091603e-23, nan 
167.875, 70.875, 1.8736402572778527e-23, nan 
168.125, 70.875, 1.8999265224998456e-23, nan 
168.375, 70.875, 8.025550080190943e-24, nan 
168.625, 70.875, 3.061369797051148e-23, nan 
168.875, 70.875, 2.4915745124160204e-23, nan 
169.125, 70.875, 2.1730895040445613e-23, nan 
169.375, 70.875, 3.318598121096835e-23, nan 
169.625, 70.875, 2.4818242566303632e-23, nan 
169.875, 70.875, 1.7187105995305117e-23, nan 
170.125, 70.875, 2.1489810885416418e-23, nan 
170.375, 70.875, 2.4400881900163076e-23, nan 
170.625, 70.875, 2.7601722467510074e-23, nan 
170.875, 70.875, 2.2974827351497267e-23, nan 
171.125, 70.875, 2.298126841844068e-23, nan 
171.375, 70.875, 2.4930212129812706e-23, nan 
171.625, 70.875, 1.5430214458801538e-23, nan 
171.875, 70.875, 1.8921844238630402e-23, nan 
172.125, 70.875, 1.6092824801914104e-23, nan 
172.375, 70.875, 1.024774751657577e-23, nan 
172.625, 70.875, 1.023078274958453e-23, nan 
172.875, 70.875, 1.0017764247420923e-23, nan 
173.125, 70.875, 1.0021599578403099e-23, nan 
173.375, 70.875, 1.2601250295820044e-23, nan 
173.625, 70.875, 1.9073379026669653e-23, nan 
173.875, 70.875, 2.055398376583369e-23, nan 
174.125, 70.875, 1.9148191715494325e-23, nan 
174.375, 70.875, 1.735271629024246e-23, nan 
174.625, 70.875, 1.1638034753135804e-23, nan 
174.875, 70.875, 7.979480059835416e-24, nan 
175.125, 70.875, 8.04466491089317e-24, nan 
175.375, 70.875, 9.636236114503395e-24, nan 
175.625, 70.875, 8.601923690941296e-24, nan 
175.875, 70.875, 9.554102293733905e-24, nan 
176.125, 70.875, 1.3236668792547112e-23, nan 
176.375, 70.875, 1.118742464525981e-23, nan 
176.625, 70.875, 1.0938343222958286e-23, nan 
176.875, 70.875, 1.3197142381408902e-23, nan 
177.125, 70.875, 1.4464632119009578e-23, nan 
177.375, 70.875, 1.2768241166887307e-23, nan 
177.625, 70.875, 9.558511359276924e-24, nan 
177.875, 70.875, 6.188667574023325e-24, nan 
178.125, 70.875, 7.974340886071045e-24, nan 
178.375, 70.875, 8.678237496636243e-24, nan 
178.625, 70.875, 5.814961763524582e-24, nan 
178.875, 70.875, 6.432119046630734e-24, nan 
179.125, 70.875, 6.109982284914354e-24, nan 
179.375, 70.875, 3.1150592760005745e-23, nan 
179.625, 70.875, 2.708641400674091e-23, nan 
179.875, 70.875, 2.6370112811300618e-23, nan 
-179.875, 71.125, 2.0135772879853484e-23, nan 
-179.625, 71.125, 2.60361820595604e-23, nan 
-179.375, 71.125, 2.9834157506306503e-23, nan 
-179.125, 71.125, 2.7807863766275237e-23, nan 
-178.875, 71.125, 1.573637476633644e-23, nan 
-178.625, 71.125, 1.415412982292914e-23, nan 
-178.375, 71.125, 2.1192806750818828e-23, nan 
-178.125, 71.125, 1.2958722987758043e-23, nan 
-177.875, 71.125, 1.2364510990652381e-23, nan 
-177.625, 71.125, 1.2938907986358588e-23, nan 
-177.375, 71.125, 1.022319044989349e-23, nan 
-177.125, 71.125, 7.889383815801522e-24, nan 
-176.875, 71.125, 1.002120282087246e-23, nan 
-176.625, 71.125, 9.773957655368453e-24, nan 
-176.375, 71.125, 1.0740137845070424e-23, nan 
-176.125, 71.125, 1.2242127190249098e-23, nan 
-175.875, 71.125, 1.2665340753078063e-23, nan 
-175.625, 71.125, 1.1162874640823444e-23, nan 
-175.375, 71.125, 7.683283417566332e-24, nan 
-175.125, 71.125, 6.827367252269024e-24, nan 
-174.875, 71.125, 5.51870794417377e-24, nan 
-174.625, 71.125, 7.54213370457592e-24, nan 
-174.375, 71.125, 9.035851002510016e-24, nan 
-174.125, 71.125, 6.275179407375826e-24, nan 
-173.875, 71.125, 8.065997349826217e-24, nan 
-173.625, 71.125, 9.002328666829122e-24, nan 
-173.375, 71.125, 1.0855674081393369e-23, nan 
-173.125, 71.125, 1.1233854013587102e-23, nan 
-172.875, 71.125, 4.137271535204509e-24, nan 
-172.625, 71.125, 1.0267174230339028e-23, nan 
-172.375, 71.125, 1.3726107444393312e-23, nan 
-172.125, 71.125, 1.3088268291844288e-23, nan 
-171.875, 71.125, 1.2913083149138413e-23, nan 
-171.625, 71.125, 1.2648656072357292e-23, nan 
-171.375, 71.125, 1.460835255783032e-23, nan 
-171.125, 71.125, 1.6974951157485144e-23, nan 
-170.875, 71.125, 1.2897603167337789e-23, nan 
-170.625, 71.125, 6.685913521265989e-24, nan 
-170.375, 71.125, 8.392279130839558e-24, nan 
-170.125, 71.125, 9.130206773178287e-24, nan 
-169.875, 71.125, 4.4769511077170085e-24, nan 
-169.625, 71.125, 1.2315907951640824e-23, nan 
-169.375, 71.125, 1.1659916694627478e-23, nan 
-169.125, 71.125, 7.83380058248317e-24, nan 
-168.875, 71.125, 1.0777201187426554e-23, nan 
-168.625, 71.125, 1.4706971229779343e-23, nan 
-168.375, 71.125, 2.0617138998346752e-23, nan 
-168.125, 71.125, 1.591658854638292e-23, nan 
-167.875, 71.125, 2.4879736150447696e-23, nan 
-167.625, 71.125, 2.129164695904921e-23, nan 
-167.375, 71.125, 8.384159206403388e-23, nan 
-167.125, 71.125, 1.3228669009357222e-22, nan 
-166.875, 71.125, 1.8187593036926258e-22, nan 
-166.625, 71.125, 1.4717735922739405e-22, nan 
-166.375, 71.125, 1.1500429402019637e-22, nan 
-166.125, 71.125, 1.3976730344141934e-22, nan 
11.625, 71.125, 3.056272798789646e-24, nan 
11.875, 71.125, 1.24261823982193e-24, nan 
12.125, 71.125, 1.004485520637564e-24, nan 
12.375, 71.125, 1.3121944110922304e-24, nan 
12.625, 71.125, 1.0740162610045375e-24, nan 
12.875, 71.125, 1.3109184005641601e-24, nan 
13.125, 71.125, 1.0534133907257702e-24, nan 
13.375, 71.125, 1.1279877995732328e-24, nan 
13.625, 71.125, 1.2072965521189156e-24, nan 
13.875, 71.125, 1.1019368674580095e-24, nan 
14.125, 71.125, 1.0002254031619924e-24, nan 
14.375, 71.125, 1.0769040442606452e-24, nan 
14.625, 71.125, 1.3372653234941566e-24, nan 
14.875, 71.125, 1.2246678476746334e-24, nan 
15.125, 71.125, 7.093865724716505e-25, nan 
15.375, 71.125, 5.326281357678345e-25, nan 
15.625, 71.125, 4.204164974209523e-25, nan 
15.875, 71.125, 1.487235731186966e-24, nan 
16.125, 71.125, 1.0840100252157293e-24, nan 
16.375, 71.125, 1.1081605427459802e-24, nan 
16.625, 71.125, 2.2440098558179632e-24, nan 
16.875, 71.125, 1.3149745614252465e-24, nan 
17.125, 71.125, 1.0263678430308954e-24, nan 
17.375, 71.125, 5.336356974528739e-25, nan 
17.625, 71.125, 6.311898202679183e-25, nan 
17.875, 71.125, 8.527062703286853e-25, nan 
18.125, 71.125, 8.714181150653037e-25, nan 
18.375, 71.125, 1.3841893517901594e-24, nan 
18.625, 71.125, 1.9071469346901763e-24, nan 
18.875, 71.125, 1.5205452063812772e-24, nan 
19.125, 71.125, 1.7911491849183174e-24, nan 
19.375, 71.125, 1.9581027989339545e-24, nan 
19.625, 71.125, 1.718907333040318e-24, nan 
19.875, 71.125, 2.035861797286083e-24, nan 
20.125, 71.125, 2.131858139766741e-24, nan 
20.375, 71.125, 1.782452742881103e-24, nan 
20.625, 71.125, 1.9088045902943092e-24, nan 
20.875, 71.125, 2.0311533331645964e-24, nan 
21.125, 71.125, 1.858918202822034e-24, nan 
21.375, 71.125, 1.754663932313587e-24, nan 
21.625, 71.125, 2.0894900491598703e-24, nan 
21.875, 71.125, 1.8761472577795758e-24, nan 
22.125, 71.125, 1.6905205710260834e-24, nan 
22.375, 71.125, 2.1450052529528243e-24, nan 
22.625, 71.125, 1.619157069430344e-24, nan 
22.875, 71.125, 2.7549497663744565e-24, nan 
23.125, 71.125, 2.6384926093299364e-24, nan 
23.375, 71.125, 2.1777241204031995e-24, nan 
23.625, 71.125, 2.6763517151721143e-24, nan 
23.875, 71.125, 3.0748835298733754e-24, nan 
24.125, 71.125, 2.7510344611837065e-24, nan 
24.375, 71.125, 2.60324515623231e-24, nan 
24.625, 71.125, 2.034670269745371e-24, nan 
24.875, 71.125, 2.529415589816609e-24, nan 
25.125, 71.125, 2.3053539881212456e-24, nan 
25.375, 71.125, 2.6631567979794624e-24, nan 
25.625, 71.125, 2.8825142784850537e-24, nan 
25.875, 71.125, 2.725586569855312e-24, nan 
26.125, 71.125, 2.903751800786586e-24, nan 
26.375, 71.125, 4.294321233086885e-24, nan 
26.625, 71.125, 5.546349187897688e-24, nan 
26.875, 71.125, 6.82710916882818e-24, nan 
27.125, 71.125, 7.031914078659631e-24, nan 
27.375, 71.125, 7.12249094872209e-24, nan 
27.625, 71.125, 6.957999865572555e-24, nan 
27.875, 71.125, 6.560578827221048e-24, nan 
28.125, 71.125, 6.682899051609338e-24, nan 
28.375, 71.125, 6.289941054899647e-24, nan 
28.625, 71.125, 6.115193568558227e-24, nan 
28.875, 71.125, 5.645344873512754e-24, nan 
29.125, 71.125, 3.712822836539464e-24, nan 
29.375, 71.125, 3.479710588866905e-24, nan 
29.625, 71.125, 2.21905006885615e-24, nan 
29.875, 71.125, 2.4348036588644375e-24, nan 
30.125, 71.125, 2.0690624594815987e-24, nan 
30.375, 71.125, 1.6386386205695103e-24, nan 
30.625, 71.125, 1.6460036636378222e-24, nan 
30.875, 71.125, 2.0337475128208647e-24, nan 
31.125, 71.125, 2.822830422400237e-24, nan 
31.375, 71.125, 2.198062573692424e-24, nan 
31.625, 71.125, 1.2323687170950637e-24, nan 
31.875, 71.125, 1.3517094868044422e-24, nan 
32.125, 71.125, 1.6067600823400728e-24, nan 
32.375, 71.125, 1.942136335271583e-24, nan 
32.625, 71.125, 1.5261394683731562e-24, nan 
32.875, 71.125, 1.9565375135365146e-24, nan 
33.125, 71.125, 2.2674713375123083e-24, nan 
33.375, 71.125, 1.8755720574221206e-24, nan 
33.625, 71.125, 2.4646911916344673e-24, nan 
33.875, 71.125, 1.836574997773734e-24, nan 
34.125, 71.125, 1.7105408616501174e-24, nan 
34.375, 71.125, 2.8195322117087015e-24, nan 
34.625, 71.125, 2.4897704605164083e-24, nan 
34.875, 71.125, 1.6798573388384164e-24, nan 
35.125, 71.125, 1.521872392805493e-24, nan 
35.375, 71.125, 2.9073157917279893e-24, nan 
35.625, 71.125, 1.2365631552515213e-24, nan 
35.875, 71.125, 2.0241452744612647e-24, nan 
36.125, 71.125, 1.9206178797189765e-24, nan 
36.375, 71.125, 2.448682484893151e-24, nan 
36.625, 71.125, 1.8631282963458522e-24, nan 
36.875, 71.125, 3.1598580410687225e-24, nan 
37.125, 71.125, 3.6251752553642e-24, nan 
37.375, 71.125, 4.729038622633827e-24, nan 
37.625, 71.125, 6.621216585141638e-24, nan 
37.875, 71.125, 4.276866125418632e-24, nan 
38.125, 71.125, 7.328433196790312e-24, nan 
38.375, 71.125, 1.0319441779088719e-23, nan 
38.625, 71.125, 6.011967254376727e-24, nan 
38.875, 71.125, 6.537926957563556e-24, nan 
39.125, 71.125, 5.767843107403492e-24, nan 
39.375, 71.125, 5.825676470765815e-24, nan 
39.625, 71.125, 4.972394476289916e-24, nan 
39.875, 71.125, 4.430833081014402e-24, nan 
40.125, 71.125, 8.677843111281435e-24, nan 
40.375, 71.125, 5.391287227785546e-24, nan 
40.625, 71.125, 4.148563236378974e-24, nan 
40.875, 71.125, 1.1451615073018223e-23, nan 
41.125, 71.125, 9.042544903281372e-24, nan 
41.375, 71.125, 6.739191593851967e-24, nan 
41.625, 71.125, 5.279441399764781e-24, nan 
41.875, 71.125, 5.356843102508092e-24, nan 
42.125, 71.125, 4.23143036585277e-24, nan 
42.375, 71.125, 2.5299561805703048e-24, nan 
42.625, 71.125, 3.289352180230876e-24, nan 
42.875, 71.125, 2.5881087098306433e-24, nan 
43.125, 71.125, 4.5705034497767865e-24, nan 
43.375, 71.125, 5.65433614435776e-24, nan 
43.625, 71.125, 6.386069825951221e-24, nan 
43.875, 71.125, 8.868639870903938e-24, nan 
44.125, 71.125, 8.288176621351482e-24, nan 
44.375, 71.125, 8.607724088328501e-24, nan 
44.625, 71.125, 1.3810147188663782e-23, nan 
44.875, 71.125, 6.655169433016848e-24, nan 
45.125, 71.125, 1.6022859156389026e-23, nan 
45.375, 71.125, 2.1448163533306966e-23, nan 
45.625, 71.125, 2.786924396279897e-24, nan 
45.875, 71.125, 2.605242769554056e-23, nan 
46.125, 71.125, 2.87988508751296e-23, nan 
46.375, 71.125, 6.620019367359174e-24, nan 
46.625, 71.125, 1.6029805937389448e-23, nan 
46.875, 71.125, 1.4336373160445947e-23, nan 
47.125, 71.125, 1.426087047364037e-23, nan 
47.375, 71.125, 1.0079044838942318e-23, nan 
47.625, 71.125, 9.793376128724964e-24, nan 
47.875, 71.125, 1.7513593446816777e-23, nan 
48.125, 71.125, 1.1911400290148439e-23, nan 
48.375, 71.125, 1.4425142371394962e-23, nan 
48.625, 71.125, 1.3894884674839552e-23, nan 
48.875, 71.125, 7.14088542769537e-24, nan 
49.125, 71.125, 5.059857110263493e-24, nan 
49.375, 71.125, 1.0702943191565685e-23, nan 
49.625, 71.125, 1.843661544012962e-23, nan 
49.875, 71.125, 2.5124750617532663e-23, nan 
50.125, 71.125, 1.58063684678224e-23, nan 
50.375, 71.125, 3.774550604924712e-23, nan 
50.625, 71.125, 5.39158837528991e-23, nan 
50.875, 71.125, 3.9433726950252227e-23, nan 
51.125, 71.125, 2.554134848789782e-23, nan 
51.375, 71.125, 3.9366511899295866e-23, nan 
51.625, 71.125, 3.1980608802499296e-23, nan 
51.875, 71.125, 1.8826075005970255e-23, nan 
52.125, 71.125, 1.819019697432549e-23, nan 
52.375, 71.125, 2.5286656081933972e-23, nan 
52.625, 71.125, 1.3870340276994178e-23, nan 
52.875, 71.125, 1.5048659442013333e-23, nan 
53.125, 71.125, 2.0583941444285513e-23, nan 
53.375, 71.125, 1.8992829371814503e-23, nan 
53.625, 71.125, 3.9770328903371756e-23, nan 
53.875, 71.125, 4.5617430407280093e-23, nan 
54.125, 71.125, 3.18107140905333e-23, nan 
54.375, 71.125, 2.162818441255466e-23, nan 
54.625, 71.125, 3.205476763042924e-23, nan 
54.875, 71.125, 3.3173966161395306e-23, nan 
55.125, 71.125, 3.1183577800536475e-23, nan 
55.375, 71.125, 2.4328634836594798e-23, nan 
55.625, 71.125, 1.5113813814961606e-23, nan 
55.875, 71.125, 1.8338504849992966e-23, nan 
56.125, 71.125, 1.4667442678664162e-23, nan 
56.375, 71.125, 2.2934466653235312e-23, nan 
56.625, 71.125, 2.4497524791288492e-23, nan 
56.875, 71.125, 2.3690676435474402e-23, nan 
57.125, 71.125, 4.8373364410652764e-23, nan 
57.375, 71.125, 5.790792750817332e-23, nan 
57.625, 71.125, 5.2232733649765585e-23, nan 
57.875, 71.125, 4.986642261905569e-23, nan 
58.125, 71.125, 6.040221225019386e-23, nan 
58.375, 71.125, 6.624316313893005e-23, nan 
58.625, 71.125, 4.5357204910045287e-23, nan 
58.875, 71.125, 3.144069743251988e-23, nan 
59.125, 71.125, 1.895157668454514e-23, nan 
59.375, 71.125, 9.743126505002208e-24, nan 
59.625, 71.125, 2.9503529852380756e-23, nan 
59.875, 71.125, 7.22318934483264e-23, nan 
60.125, 71.125, 1.316232194329315e-22, nan 
60.375, 71.125, 1.4650979699921768e-22, nan 
60.625, 71.125, 1.330019716056134e-22, nan 
60.875, 71.125, 1.7471460376322949e-22, nan 
61.125, 71.125, 1.5667143920370944e-22, nan 
61.375, 71.125, 1.1531012467195265e-22, nan 
61.625, 71.125, 7.404818186144274e-23, nan 
61.875, 71.125, 5.549037310945068e-23, nan 
62.125, 71.125, 7.586159856972465e-23, nan 
62.375, 71.125, 7.113811702311695e-23, nan 
62.625, 71.125, 4.7775198011403314e-23, nan 
62.875, 71.125, 5.914600292270965e-23, nan 
63.125, 71.125, 4.9203514033156756e-23, nan 
63.375, 71.125, 5.9796242422669e-23, nan 
63.625, 71.125, 6.000405758432522e-23, nan 
63.875, 71.125, 5.066335652310206e-23, nan 
64.125, 71.125, 5.63080336256475e-23, nan 
64.375, 71.125, 5.991032797909728e-23, nan 
64.625, 71.125, 2.5412669966407653e-23, nan 
64.875, 71.125, 5.414875329197192e-23, nan 
65.125, 71.125, 5.691449440854108e-23, nan 
65.375, 71.125, 2.738828195571515e-23, nan 
65.625, 71.125, 4.813399896303142e-23, nan 
65.875, 71.125, 3.937983366768503e-23, nan 
66.125, 71.125, 4.964141532942043e-23, nan 
66.375, 71.125, 9.597711330160585e-23, nan 
66.625, 71.125, 1.0209394558248156e-22, nan 
66.875, 71.125, 1.0305458594295782e-22, nan 
67.125, 71.125, 1.4204215865112228e-22, nan 
67.375, 71.125, 1.1017292382500925e-22, nan 
67.625, 71.125, 8.390611276383708e-23, nan 
67.875, 71.125, 7.702400276992026e-23, nan 
68.125, 71.125, 9.069294920597935e-23, nan 
68.375, 71.125, 8.762978900248831e-23, nan 
68.625, 71.125, 5.630141402724438e-23, nan 
68.875, 71.125, 2.118216202811811e-23, nan 
69.125, 71.125, 2.9679116798150315e-23, nan 
69.375, 71.125, 8.495769727696754e-23, nan 
69.625, 71.125, 6.948210494242445e-23, nan 
69.875, 71.125, 5.594379991576096e-23, nan 
70.125, 71.125, 8.242234587953637e-23, nan 
70.375, 71.125, 6.381356179789576e-23, nan 
70.625, 71.125, 2.4563016863277446e-23, nan 
70.875, 71.125, 4.17324731203616e-23, nan 
71.125, 71.125, 6.416526326792832e-23, nan 
71.375, 71.125, 4.26020511994406e-23, nan 
71.625, 71.125, 6.89941541081862e-23, nan 
71.875, 71.125, 1.2404842028933197e-22, nan 
72.125, 71.125, 1.3693503468646841e-22, nan 
72.375, 71.125, 1.727985258983883e-22, nan 
72.625, 71.125, 1.5501184608978588e-22, nan 
72.875, 71.125, 1.634163997050792e-22, nan 
73.125, 71.125, 2.1581375194982806e-22, nan 
73.375, 71.125, 4.55981137691667e-22, nan 
73.625, 71.125, 4.679020634082571e-22, nan 
73.875, 71.125, 3.6385433258338063e-22, nan 
74.125, 71.125, 4.0921288980711793e-22, nan 
74.375, 71.125, 4.633044453327675e-22, nan 
74.625, 71.125, 2.465245321266937e-22, nan 
74.875, 71.125, 1.3644871654623878e-22, nan 
75.125, 71.125, 2.1028546103679594e-22, nan 
75.375, 71.125, 1.3489096917546158e-22, nan 
75.625, 71.125, 1.915298044753246e-22, nan 
75.875, 71.125, 1.9132600943575764e-22, nan 
76.125, 71.125, 2.1098021667570207e-22, nan 
76.375, 71.125, 1.222063721335181e-22, nan 
76.625, 71.125, 1.8124302760628057e-22, nan 
76.875, 71.125, 4.724874666834157e-22, nan 
77.125, 71.125, 3.0582131303104843e-22, nan 
77.375, 71.125, 5.271069255528915e-22, nan 
77.625, 71.125, 8.353921004626714e-22, nan 
77.875, 71.125, 1.057073126016092e-21, nan 
78.125, 71.125, 1.1657247674717016e-21, nan 
78.375, 71.125, 1.2781979238804838e-21, nan 
78.625, 71.125, 1.0065946637086634e-21, nan 
78.875, 71.125, 6.440244570459887e-22, nan 
79.125, 71.125, 8.368538168138274e-22, nan 
79.375, 71.125, 8.407781121664201e-22, nan 
79.625, 71.125, 6.443429989882362e-22, nan 
79.875, 71.125, 1.2719836082885383e-21, nan 
80.125, 71.125, 1.1688981428174064e-21, nan 
80.375, 71.125, 1.5552442293306478e-21, nan 
80.625, 71.125, 1.9444312827289885e-21, nan 
80.875, 71.125, 1.7533335858048868e-21, nan 
81.125, 71.125, 2.1280202457671027e-21, nan 
81.375, 71.125, 3.543498679070325e-21, nan 
81.625, 71.125, 2.77919400042793e-21, nan 
81.875, 71.125, 2.5199317842973628e-21, nan 
82.125, 71.125, 2.049448034225342e-21, nan 
82.375, 71.125, 1.6065999886939523e-21, nan 
82.625, 71.125, 1.610994457771346e-21, nan 
82.875, 71.125, 4.984808746265773e-22, nan 
83.125, 71.125, 8.359896602651485e-22, nan 
83.375, 71.125, 8.3007985220189e-22, nan 
83.625, 71.125, 1.1709079366472304e-21, nan 
83.875, 71.125, 7.247044309952829e-22, nan 
84.125, 71.125, 1.0856470459882113e-21, nan 
84.375, 71.125, 1.2543635563142312e-21, nan 
84.625, 71.125, 9.159972351286938e-22, nan 
84.875, 71.125, 1.2481407227066878e-21, nan 
85.125, 71.125, 1.1863992084422638e-21, nan 
85.375, 71.125, 1.3404767388070237e-21, nan 
85.625, 71.125, 5.020938573693188e-22, nan 
85.875, 71.125, 2.4058087750430388e-21, nan 
86.125, 71.125, 3.346300947763619e-21, nan 
86.375, 71.125, 3.0451096016279492e-21, nan 
86.625, 71.125, 2.159256503972939e-21, nan 
86.875, 71.125, 4.964782880623702e-21, nan 
87.125, 71.125, 3.104058221353699e-21, nan 
87.375, 71.125, 3.1191547049433152e-21, nan 
87.625, 71.125, 1.051035376635462e-20, nan 
87.875, 71.125, 6.506705289282485e-21, nan 
88.125, 71.125, 4.45122613781484e-21, nan 
88.375, 71.125, 7.207672084690053e-21, nan 
88.625, 71.125, 5.320437622125008e-21, nan 
88.875, 71.125, 6.17206724461901e-21, nan 
89.125, 71.125, 5.8282070458697816e-21, nan 
89.375, 71.125, 6.989944658562309e-21, nan 
89.625, 71.125, 3.870977204410508e-21, nan 
89.875, 71.125, 3.1810807836772105e-21, nan 
90.125, 71.125, 4.0523459989650265e-21, nan 
90.375, 71.125, 5.307540988675224e-21, nan 
90.625, 71.125, 7.95229440755893e-21, nan 
90.875, 71.125, 8.286317294259705e-21, nan 
91.125, 71.125, 1.411971326465736e-20, nan 
91.375, 71.125, 1.743122246735699e-20, nan 
91.625, 71.125, 1.4995868817714153e-20, nan 
91.875, 71.125, 1.2353255031995467e-20, nan 
92.125, 71.125, 9.307445295005624e-21, nan 
92.375, 71.125, 1.6253158397526638e-20, nan 
92.625, 71.125, 2.5073451555506573e-20, nan 
92.875, 71.125, 4.011596967280963e-20, nan 
93.125, 71.125, 5.770366332717899e-20, nan 
93.375, 71.125, 6.039867534629786e-20, nan 
93.625, 71.125, 4.740251327332376e-20, nan 
93.875, 71.125, 4.943223077987656e-20, nan 
94.125, 71.125, 2.6362798021055764e-20, nan 
94.375, 71.125, 5.053018041791715e-20, nan 
94.625, 71.125, 8.528756471989144e-20, nan 
94.875, 71.125, 7.923583668992674e-20, nan 
95.125, 71.125, 6.898751039069501e-20, nan 
95.375, 71.125, 8.121433175349579e-20, nan 
95.625, 71.125, 1.0553853974969702e-19, nan 
95.875, 71.125, 1.0424120137725875e-19, nan 
96.125, 71.125, 1.4847728931039578e-19, nan 
96.375, 71.125, 1.7669359579978435e-19, nan 
96.625, 71.125, 1.6257146424351531e-19, nan 
96.875, 71.125, 1.5036594660729277e-19, nan 
97.125, 71.125, 1.8417895297917756e-19, nan 
97.375, 71.125, 1.747563776948667e-19, nan 
97.625, 71.125, 1.0002674844305067e-19, nan 
97.875, 71.125, 1.3529630741336394e-19, nan 
98.125, 71.125, 1.4270648977185426e-19, nan 
98.375, 71.125, 1.3492074955692338e-19, nan 
98.625, 71.125, 1.7784944205298524e-19, nan 
98.875, 71.125, 2.412939283660298e-19, nan 
99.125, 71.125, 2.3577363922756037e-19, nan 
99.375, 71.125, 2.792383613271078e-19, nan 
99.625, 71.125, 2.885050373112627e-19, nan 
99.875, 71.125, 2.447037001593017e-19, nan 
100.125, 71.125, 3.2102742469951916e-19, nan 
100.375, 71.125, 3.454858870222331e-19, nan 
100.625, 71.125, 2.0552455588980496e-19, nan 
100.875, 71.125, 2.6591416814743155e-19, nan 
101.125, 71.125, 2.618315486833108e-19, nan 
101.375, 71.125, 2.369734743323069e-19, nan 
101.625, 71.125, 7.060449998581744e-19, nan 
101.875, 71.125, 6.923962520972863e-19, nan 
102.125, 71.125, 1.0270883517111915e-18, nan 
102.375, 71.125, 1.2034680112538858e-18, nan 
102.625, 71.125, 9.691127372314135e-19, nan 
102.875, 71.125, 1.0586700797139165e-18, nan 
103.125, 71.125, 1.2896817076182039e-18, nan 
103.375, 71.125, 1.114931745170028e-18, nan 
103.625, 71.125, 1.5734122764367691e-18, nan 
103.875, 71.125, 1.5570380620008116e-18, nan 
104.125, 71.125, 1.6200195156932094e-18, nan 
104.375, 71.125, 2.451980617600943e-18, nan 
104.625, 71.125, 2.142458598461268e-18, nan 
104.875, 71.125, 1.5764639800997668e-18, nan 
105.125, 71.125, 2.171501819588433e-18, nan 
105.375, 71.125, 2.5347497465633302e-18, nan 
105.625, 71.125, 2.0337534259346572e-18, nan 
105.875, 71.125, 1.8453240982007978e-18, nan 
106.125, 71.125, 5.4771783135249224e-18, nan 
106.375, 71.125, 6.087096061456931e-18, nan 
106.625, 71.125, 5.971056331405144e-18, nan 
106.875, 71.125, 6.12817135288684e-18, nan 
107.125, 71.125, 6.084211910504244e-18, nan 
107.375, 71.125, 5.871059654958688e-18, nan 
107.625, 71.125, 6.208654921967462e-18, nan 
107.875, 71.125, 3.547285619042082e-18, nan 
108.125, 71.125, 5.706915896397193e-18, nan 
108.375, 71.125, 5.7235830041967384e-18, nan 
108.625, 71.125, 4.701703160580408e-18, nan 
108.875, 71.125, 8.60965742056698e-18, nan 
109.125, 71.125, 8.791172102151939e-18, nan 
109.375, 71.125, 6.934574037068794e-18, nan 
109.625, 71.125, 5.726319945274146e-18, nan 
109.875, 71.125, 9.976245556246762e-18, nan 
110.125, 71.125, 9.44156437355391e-18, nan 
110.375, 71.125, 1.0566279007909274e-17, nan 
110.625, 71.125, 8.383387655467108e-18, nan 
110.875, 71.125, 9.814587911150702e-18, nan 
111.125, 71.125, 7.200558466832908e-18, nan 
111.375, 71.125, 6.289470607289198e-18, nan 
111.625, 71.125, 4.793095478695299e-18, nan 
111.875, 71.125, 4.548616155502292e-18, nan 
112.125, 71.125, 3.876701080254085e-18, nan 
112.375, 71.125, 4.312961103226509e-18, nan 
112.625, 71.125, 2.2394887526383973e-18, nan 
112.875, 71.125, 2.963738371318948e-18, nan 
113.125, 71.125, 5.7780306806888624e-18, nan 
113.375, 71.125, 2.7729846453348113e-18, nan 
113.625, 71.125, 2.6311039467626885e-18, nan 
113.875, 71.125, 3.068825863151401e-18, nan 
114.125, 71.125, 3.1128768883639082e-18, nan 
114.375, 71.125, 2.127093099842949e-18, nan 
114.625, 71.125, 2.239193856181227e-18, nan 
114.875, 71.125, 1.8266835432691513e-18, nan 
115.125, 71.125, 2.7013730346195593e-18, nan 
115.375, 71.125, 2.0557975703106705e-18, nan 
115.625, 71.125, 1.3418486065923029e-18, nan 
115.875, 71.125, 1.2170319517788972e-18, nan 
116.125, 71.125, 1.3008863019887805e-18, nan 
116.375, 71.125, 1.072524121525181e-18, nan 
116.625, 71.125, 6.497670807426148e-19, nan 
116.875, 71.125, 7.832377106422281e-19, nan 
117.125, 71.125, 5.094337385306269e-19, nan 
117.375, 71.125, 3.5548597713986253e-19, nan 
117.625, 71.125, 3.451948908593105e-19, nan 
117.875, 71.125, 3.5669982934386926e-19, nan 
118.125, 71.125, 3.4491919862714087e-19, nan 
118.375, 71.125, 3.2009619759022077e-19, nan 
118.625, 71.125, 2.9980423557158867e-19, nan 
118.875, 71.125, 3.3339614805157063e-19, nan 
119.125, 71.125, 1.7623170208913938e-19, nan 
119.375, 71.125, 6.586372357255783e-20, nan 
119.625, 71.125, 1.0684256410785511e-19, nan 
119.875, 71.125, 7.055424340370612e-20, nan 
120.125, 71.125, 4.24412980663896e-20, nan 
120.375, 71.125, 6.780754284941444e-20, nan 
120.625, 71.125, 6.59748027175528e-20, nan 
120.875, 71.125, 6.275288050315047e-20, nan 
121.125, 71.125, 3.799354820919683e-20, nan 
121.375, 71.125, 3.8912061056071424e-20, nan 
121.625, 71.125, 3.92761532389279e-20, nan 
121.875, 71.125, 3.001244866243471e-20, nan 
122.125, 71.125, 5.520765542502988e-20, nan 
122.375, 71.125, 4.1301485719730807e-20, nan 
122.625, 71.125, 4.9094134774617763e-20, nan 
122.875, 71.125, 4.4617785707943944e-20, nan 
123.125, 71.125, 5.620972513056066e-20, nan 
123.375, 71.125, 4.9728685257273425e-20, nan 
123.625, 71.125, 4.4055946198200694e-20, nan 
123.875, 71.125, 5.063678768548056e-20, nan 
124.125, 71.125, 3.0458620012524387e-20, nan 
124.375, 71.125, 3.7222659807289863e-20, nan 
124.625, 71.125, 2.5689917958729315e-20, nan 
124.875, 71.125, 1.2371454512534761e-20, nan 
125.125, 71.125, 3.6871496415575215e-20, nan 
125.375, 71.125, 3.8299324451297314e-20, nan 
125.625, 71.125, 2.956673814110335e-20, nan 
125.875, 71.125, 3.02216209104529e-20, nan 
126.125, 71.125, 3.8177940957795684e-20, nan 
126.375, 71.125, 2.066712731705724e-20, nan 
126.625, 71.125, 1.845802616939572e-20, nan 
126.875, 71.125, 2.861676757120102e-20, nan 
127.125, 71.125, 2.0755356657579072e-20, nan 
127.375, 71.125, 2.7157754589358235e-20, nan 
127.625, 71.125, 2.0329264562096586e-20, nan 
127.875, 71.125, 1.5401949750117522e-20, nan 
128.125, 71.125, 1.9244827815474555e-20, nan 
128.375, 71.125, 1.3177310935366246e-20, nan 
128.625, 71.125, 8.17235167764661e-21, nan 
128.875, 71.125, 6.1684291934423726e-21, nan 
129.125, 71.125, 1.3576543017890435e-20, nan 
129.375, 71.125, 7.107652122940547e-21, nan 
129.625, 71.125, 4.44170850038422e-21, nan 
129.875, 71.125, 7.426464773685912e-21, nan 
130.125, 71.125, 3.3469371929790528e-21, nan 
130.375, 71.125, 8.581776260655547e-21, nan 
130.625, 71.125, 3.425494034349089e-21, nan 
130.875, 71.125, 6.832432427495376e-21, nan 
131.125, 71.125, 1.2056511322894502e-20, nan 
131.375, 71.125, 5.276666600499481e-21, nan 
131.625, 71.125, 5.991739096309084e-21, nan 
131.875, 71.125, 1.212428143634005e-20, nan 
132.125, 71.125, 5.143876107237236e-21, nan 
132.375, 71.125, 5.17544881303669e-21, nan 
132.625, 71.125, 8.543206656129936e-21, nan 
132.875, 71.125, 3.0692219224336883e-21, nan 
133.125, 71.125, 2.0950552480706655e-21, nan 
133.375, 71.125, 3.3931217810346666e-21, nan 
133.625, 71.125, 4.778133875543192e-21, nan 
133.875, 71.125, 4.685261856697773e-21, nan 
134.125, 71.125, 4.193775918159342e-21, nan 
134.375, 71.125, 4.01122778483106e-21, nan 
134.625, 71.125, 3.1050115230481022e-21, nan 
134.875, 71.125, 1.736976996588498e-21, nan 
135.125, 71.125, 8.926135771695658e-22, nan 
135.375, 71.125, 1.1870777602242583e-21, nan 
135.625, 71.125, 1.16162598868413e-21, nan 
135.875, 71.125, 8.458132468236253e-22, nan 
136.125, 71.125, 9.880120637121918e-22, nan 
136.375, 71.125, 7.559900744859786e-22, nan 
136.625, 71.125, 7.543963489307411e-22, nan 
136.875, 71.125, 1.1592519889646636e-21, nan 
137.125, 71.125, 1.3585701323983091e-21, nan 
137.375, 71.125, 1.4571605133852689e-21, nan 
137.625, 71.125, 1.1015374072871549e-21, nan 
137.875, 71.125, 1.1501847562403147e-21, nan 
138.125, 71.125, 1.2220296755638896e-21, nan 
138.375, 71.125, 1.0249265374998295e-21, nan 
138.625, 71.125, 1.860003859316341e-21, nan 
138.875, 71.125, 1.6137874669419204e-21, nan 
139.125, 71.125, 1.5458900218533466e-21, nan 
139.375, 71.125, 1.4814714188088753e-21, nan 
139.625, 71.125, 6.964578796497922e-22, nan 
139.875, 71.125, 4.641687885862267e-22, nan 
140.125, 71.125, 4.407479067813798e-22, nan 
140.375, 71.125, 5.856700100582595e-22, nan 
140.625, 71.125, 1.158635701753717e-22, nan 
140.875, 71.125, 7.06196482780591e-22, nan 
141.125, 71.125, 1.007643255992323e-21, nan 
141.375, 71.125, 5.504128373041907e-22, nan 
141.625, 71.125, 5.420008329892286e-22, nan 
141.875, 71.125, 9.92267564528312e-22, nan 
142.125, 71.125, 1.2728132187566703e-21, nan 
142.375, 71.125, 1.3964839596242442e-21, nan 
142.625, 71.125, 1.0008279080610082e-21, nan 
142.875, 71.125, 1.6505502045074917e-21, nan 
143.125, 71.125, 2.125787718836665e-21, nan 
143.375, 71.125, 6.16080229066098e-22, nan 
143.625, 71.125, 7.266651868102556e-22, nan 
143.875, 71.125, 9.631920646827428e-22, nan 
144.125, 71.125, 5.390184570690335e-22, nan 
144.375, 71.125, 5.070795983097014e-22, nan 
144.625, 71.125, 3.8335451394641723e-22, nan 
144.875, 71.125, 4.1103772935710497e-22, nan 
145.125, 71.125, 4.2058271574947885e-22, nan 
145.375, 71.125, 2.8287303013208376e-22, nan 
145.625, 71.125, 4.221480508095039e-22, nan 
145.875, 71.125, 2.2187464782391945e-22, nan 
146.125, 71.125, 2.223417070004782e-22, nan 
146.375, 71.125, 2.439745671773965e-22, nan 
146.625, 71.125, 1.7728321497310056e-22, nan 
146.875, 71.125, 2.878773559090447e-22, nan 
147.125, 71.125, 3.1356714616371286e-22, nan 
147.375, 71.125, 1.5398307606629259e-22, nan 
147.625, 71.125, 9.587118248880852e-23, nan 
147.875, 71.125, 1.180001117098121e-22, nan 
148.125, 71.125, 8.169452622757841e-23, nan 
148.375, 71.125, 9.546438677075664e-23, nan 
148.625, 71.125, 1.353504323348167e-22, nan 
148.875, 71.125, 1.154342144370334e-22, nan 
149.125, 71.125, 1.5191006099316267e-22, nan 
149.375, 71.125, 1.1558058094644365e-22, nan 
149.625, 71.125, 9.514102798755029e-23, nan 
149.875, 71.125, 1.760681639088679e-22, nan 
150.125, 71.125, 1.4485024121354003e-22, nan 
150.375, 71.125, 1.251270905033746e-22, nan 
150.625, 71.125, 1.0384073879683692e-22, nan 
150.875, 71.125, 6.797253987783546e-23, nan 
151.125, 71.125, 1.067297916309894e-22, nan 
151.375, 71.125, 9.868973730530398e-23, nan 
151.625, 71.125, 5.2218707418752766e-23, nan 
151.875, 71.125, 7.579229369572189e-23, nan 
152.125, 71.125, 1.2842208503121531e-22, nan 
152.375, 71.125, 1.0686910748874104e-22, nan 
152.625, 71.125, 7.648248972180963e-23, nan 
152.875, 71.125, 1.2230396277182253e-22, nan 
153.125, 71.125, 1.4815994591513256e-22, nan 
153.375, 71.125, 1.291382743538513e-22, nan 
153.625, 71.125, 1.1638602043389438e-22, nan 
153.875, 71.125, 7.664419311765048e-23, nan 
154.125, 71.125, 5.0612334798398945e-23, nan 
154.375, 71.125, 6.460026929153303e-23, nan 
154.625, 71.125, 4.2675534573310915e-23, nan 
154.875, 71.125, 4.025022217675242e-23, nan 
155.125, 71.125, 5.390709390410324e-23, nan 
155.375, 71.125, 4.521687388892292e-23, nan 
155.625, 71.125, 4.213264752716863e-23, nan 
155.875, 71.125, 1.0254016284987107e-22, nan 
156.125, 71.125, 1.1757303352584149e-22, nan 
156.375, 71.125, 1.4382335695914232e-22, nan 
156.625, 71.125, 7.328320874766924e-22, nan 
156.875, 71.125, 7.686652928517135e-22, nan 
157.125, 71.125, 1.4808297813047366e-22, nan 
157.375, 71.125, 1.31361126524466e-21, nan 
157.625, 71.125, 1.3162905536422983e-21, nan 
157.875, 71.125, 1.551400170292899e-22, nan 
158.125, 71.125, 6.079797806164145e-22, nan 
158.375, 71.125, 6.157629391492595e-22, nan 
158.625, 71.125, 1.3017314682797013e-22, nan 
158.875, 71.125, 1.112694871421004e-22, nan 
159.125, 71.125, 1.0284619460335865e-22, nan 
159.375, 71.125, 4.5014640015032776e-23, nan 
159.625, 71.125, 4.6906534883264723e-23, nan 
159.875, 71.125, 1.0149268791274165e-23, nan 
160.125, 71.125, 4.3010328913422666e-23, nan 
160.375, 71.125, 4.6436608305623146e-23, nan 
160.625, 71.125, 1.6813248431692654e-23, nan 
160.875, 71.125, 2.781711645749027e-23, nan 
161.125, 71.125, 3.385633037410995e-23, nan 
161.375, 71.125, 1.8929619737711733e-23, nan 
161.625, 71.125, 1.5746064669695665e-23, nan 
161.875, 71.125, 4.650825353620613e-23, nan 
162.125, 71.125, 8.337807873347307e-23, nan 
162.375, 71.125, 4.3145496506696197e-23, nan 
162.625, 71.125, 4.041600140595422e-23, nan 
162.875, 71.125, 8.864115215735218e-23, nan 
163.125, 71.125, 5.903835286077837e-23, nan 
163.375, 71.125, 1.4067330526332494e-22, nan 
163.625, 71.125, 1.203428637592365e-22, nan 
163.875, 71.125, 5.38032869783547e-23, nan 
164.125, 71.125, 1.8663207709006974e-22, nan 
164.375, 71.125, 9.87940725818583e-23, nan 
164.625, 71.125, 5.34769352741592e-23, nan 
164.875, 71.125, 1.352620498141615e-22, nan 
165.125, 71.125, 1.143505329952326e-22, nan 
165.375, 71.125, 5.740313280114299e-23, nan 
165.625, 71.125, 6.30527896970679e-23, nan 
165.875, 71.125, 3.226364480101528e-23, nan 
166.125, 71.125, 3.279981258766793e-23, nan 
166.375, 71.125, 5.307126112480058e-23, nan 
166.625, 71.125, 2.2875677834586155e-23, nan 
166.875, 71.125, 3.198802742442352e-23, nan 
167.125, 71.125, 2.519967259754967e-23, nan 
167.375, 71.125, 1.997582701593449e-23, nan 
167.625, 71.125, 3.636121545751357e-23, nan 
167.875, 71.125, 3.0826567711283e-23, nan 
168.125, 71.125, 2.773831913082865e-23, nan 
168.375, 71.125, 1.8158511127764022e-23, nan 
168.625, 71.125, 2.155295613095258e-23, nan 
168.875, 71.125, 3.3105508461394576e-23, nan 
169.125, 71.125, 2.1107340666227636e-23, nan 
169.375, 71.125, 4.563915073327764e-23, nan 
169.625, 71.125, 4.133336196774358e-23, nan 
169.875, 71.125, 4.092717753835083e-23, nan 
170.125, 71.125, 3.428146504222393e-23, nan 
170.375, 71.125, 6.87666491546309e-23, nan 
170.625, 71.125, 2.5512478892983035e-23, nan 
170.875, 71.125, 2.5156004190047583e-23, nan 
171.125, 71.125, 2.6189912891851392e-23, nan 
171.375, 71.125, 2.4522015746415336e-23, nan 
171.625, 71.125, 2.2727412287008642e-23, nan 
171.875, 71.125, 2.5210380958595576e-23, nan 
172.125, 71.125, 2.0431486547972965e-23, nan 
172.375, 71.125, 9.890047918300843e-24, nan 
172.625, 71.125, 1.0924063160039965e-23, nan 
172.875, 71.125, 1.0986810618584804e-23, nan 
173.125, 71.125, 1.2946689266819174e-23, nan 
173.375, 71.125, 1.0175529105910054e-23, nan 
173.625, 71.125, 1.6129857365512802e-23, nan 
173.875, 71.125, 2.1313768801689684e-23, nan 
174.125, 71.125, 2.2968873153196226e-23, nan 
174.375, 71.125, 2.2745811818094274e-23, nan 
174.625, 71.125, 2.3612246582938635e-23, nan 
174.875, 71.125, 2.4441029942807708e-23, nan 
175.125, 71.125, 2.1035213921747848e-23, nan 
175.375, 71.125, 5.777529176599107e-24, nan 
175.625, 71.125, 1.1521486493293029e-23, nan 
175.875, 71.125, 1.1466906170146659e-23, nan 
176.125, 71.125, 1.628115514112071e-23, nan 
176.375, 71.125, 2.1308244424582234e-23, nan 
176.625, 71.125, 1.588165001766906e-23, nan 
176.875, 71.125, 1.620320364860157e-23, nan 
177.125, 71.125, 2.287201231009657e-23, nan 
177.375, 71.125, 1.8069452308527255e-23, nan 
177.625, 71.125, 9.931376332691477e-24, nan 
177.875, 71.125, 9.726460961911682e-24, nan 
178.125, 71.125, 1.4827278338176784e-23, nan 
178.375, 71.125, 1.3321236102977832e-23, nan 
178.625, 71.125, 5.865124624548437e-24, nan 
178.875, 71.125, 1.1544134642064274e-23, nan 
179.125, 71.125, 1.369873722407354e-23, nan 
179.375, 71.125, 7.070927626207458e-24, nan 
179.625, 71.125, 9.109864659635205e-24, nan 
179.875, 71.125, 1.436314020278056e-23, nan 
-179.875, 71.375, 2.1704844081884326e-23, nan 
-179.625, 71.375, 1.8335611208055825e-23, nan 
-179.375, 71.375, 1.415159118363808e-23, nan 
-179.125, 71.375, 2.3121202277223518e-23, nan 
-178.875, 71.375, 1.457619995885618e-23, nan 
-178.625, 71.375, 1.4707835643188082e-23, nan 
-178.375, 71.375, 1.6201181343590808e-23, nan 
-178.125, 71.375, 1.2989179900948794e-23, nan 
-177.875, 71.375, 1.2442772153538928e-23, nan 
-177.625, 71.375, 1.4761265031758714e-23, nan 
-177.375, 71.375, 9.543939408684892e-24, nan 
-177.125, 71.375, 9.428764897051085e-24, nan 
-176.875, 71.375, 1.3737702290407504e-23, nan 
-176.625, 71.375, 1.307280023887302e-23, nan 
-176.375, 71.375, 8.96829749757359e-24, nan 
-176.125, 71.375, 1.2208907873452366e-23, nan 
-175.875, 71.375, 1.5569756800129523e-23, nan 
-175.625, 71.375, 8.753118495127626e-24, nan 
-175.375, 71.375, 6.344196751723956e-24, nan 
-175.125, 71.375, 8.059632128977666e-24, nan 
-174.875, 71.375, 1.0778167001423033e-23, nan 
-174.625, 71.375, 8.228981760993137e-24, nan 
-174.375, 71.375, 6.069720644457507e-24, nan 
-174.125, 71.375, 3.313875883024085e-24, nan 
-173.875, 71.375, 7.143150155002808e-24, nan 
-173.625, 71.375, 8.322076946174562e-24, nan 
-173.375, 71.375, 8.178868487442943e-24, nan 
-173.125, 71.375, 1.1471082118385988e-23, nan 
-172.875, 71.375, 1.179154669840017e-23, nan 
-172.625, 71.375, 8.284969033161487e-24, nan 
-172.375, 71.375, 8.35949286880105e-24, nan 
-172.125, 71.375, 8.631719316640189e-24, nan 
-171.875, 71.375, 7.87957089886805e-24, nan 
-171.625, 71.375, 1.0457809850156116e-23, nan 
-171.375, 71.375, 1.2237047819230716e-23, nan 
-171.125, 71.375, 1.3040329260653237e-23, nan 
-170.875, 71.375, 1.0075150933488675e-23, nan 
-170.625, 71.375, 5.791726143741252e-24, nan 
-170.375, 71.375, 5.351949785584642e-24, nan 
-170.125, 71.375, 5.04877761305647e-24, nan 
-169.875, 71.375, 4.882773383781375e-24, nan 
-169.625, 71.375, 5.517590163050642e-24, nan 
-169.375, 71.375, 5.508976357520265e-24, nan 
-169.125, 71.375, 1.1844274816637184e-23, nan 
-168.875, 71.375, 7.180478360228286e-24, nan 
-168.625, 71.375, 5.5870888743593114e-24, nan 
-168.375, 71.375, 1.3507959777867112e-23, nan 
-168.125, 71.375, 1.0183290529883975e-23, nan 
-167.875, 71.375, 1.1868559005862196e-23, nan 
-167.625, 71.375, 1.3733973912023294e-23, nan 
-167.375, 71.375, 1.3306212497636645e-23, nan 
-167.125, 71.375, 2.1386731154993006e-23, nan 
-166.875, 71.375, 1.3806413956494452e-23, nan 
-166.625, 71.375, 6.193956847461943e-23, nan 
-166.375, 71.375, 9.039055782910538e-24, nan 
-166.125, 71.375, 5.347527274941476e-23, nan 
-165.875, 71.375, 1.8230981482039545e-23, nan 
-165.625, 71.375, 1.1866539490552337e-23, nan 
-165.375, 71.375, 8.547952005662113e-24, nan 
10.875, 71.375, 1.4483061059052174e-24, nan 
11.125, 71.375, 3.677192398284231e-24, nan 
11.375, 71.375, 1.1769075045069777e-24, nan 
11.625, 71.375, 1.8172526586476575e-24, nan 
11.875, 71.375, 1.3842316207876246e-24, nan 
12.125, 71.375, 1.080361245719413e-24, nan 
12.375, 71.375, 1.062258273789265e-24, nan 
12.625, 71.375, 1.0976475735848163e-24, nan 
12.875, 71.375, 1.02561795941737e-24, nan 
13.125, 71.375, 8.048018063761639e-25, nan 
13.375, 71.375, 1.0736527043456341e-24, nan 
13.625, 71.375, 9.761350071661838e-25, nan 
13.875, 71.375, 7.25462964731165e-25, nan 
14.125, 71.375, 9.333069995066176e-25, nan 
14.375, 71.375, 1.428747113439184e-24, nan 
14.625, 71.375, 1.5979149658061741e-24, nan 
14.875, 71.375, 1.5921491491460311e-24, nan 
15.125, 71.375, 1.8184953279831597e-24, nan 
15.375, 71.375, 1.5057059975052849e-24, nan 
15.625, 71.375, 1.3294576635786722e-24, nan 
15.875, 71.375, 1.472443429329605e-24, nan 
16.125, 71.375, 9.854398920303499e-25, nan 
16.375, 71.375, 1.4706968897945179e-24, nan 
16.625, 71.375, 1.64902701122084e-24, nan 
16.875, 71.375, 1.3330871566173459e-24, nan 
17.125, 71.375, 1.377035880670757e-24, nan 
17.375, 71.375, 1.2612618471096792e-24, nan 
17.625, 71.375, 1.2880171726366284e-24, nan 
17.875, 71.375, 1.0663364341242602e-24, nan 
18.125, 71.375, 8.332498187623242e-25, nan 
18.375, 71.375, 1.2814616498781515e-24, nan 
18.625, 71.375, 1.3770970538728289e-24, nan 
18.875, 71.375, 1.8428373699265882e-24, nan 
19.125, 71.375, 1.9653518662157202e-24, nan 
19.375, 71.375, 2.2843536405878317e-24, nan 
19.625, 71.375, 2.607425920363032e-24, nan 
19.875, 71.375, 1.9836845952949978e-24, nan 
20.125, 71.375, 2.0948180269511318e-24, nan 
20.375, 71.375, 1.448587136733527e-24, nan 
20.625, 71.375, 1.5723417676444534e-24, nan 
20.875, 71.375, 1.84534107961187e-24, nan 
21.125, 71.375, 1.6211917695626585e-24, nan 
21.375, 71.375, 1.81998878240277e-24, nan 
21.625, 71.375, 3.835890069780691e-24, nan 
21.875, 71.375, 2.1524535481063232e-24, nan 
22.125, 71.375, 2.0030621800969654e-24, nan 
22.375, 71.375, 5.631224205694419e-24, nan 
22.625, 71.375, 2.3224726068764507e-24, nan 
22.875, 71.375, 2.1220158801112774e-24, nan 
23.125, 71.375, 2.200519587998884e-24, nan 
23.375, 71.375, 2.737701535072297e-24, nan 
23.625, 71.375, 2.6829212759449405e-24, nan 
23.875, 71.375, 2.659799324068934e-24, nan 
24.125, 71.375, 2.8114587933983518e-24, nan 
24.375, 71.375, 2.6770864316885892e-24, nan 
24.625, 71.375, 2.3018348409901463e-24, nan 
24.875, 71.375, 2.563023723005132e-24, nan 
25.125, 71.375, 2.617816119107972e-24, nan 
25.375, 71.375, 2.826109436970568e-24, nan 
25.625, 71.375, 2.5968819279630914e-24, nan 
25.875, 71.375, 3.410585381675859e-24, nan 
26.125, 71.375, 4.243274870994976e-24, nan 
26.375, 71.375, 4.328983055358241e-24, nan 
26.625, 71.375, 4.5644760119979865e-24, nan 
26.875, 71.375, 3.962790991478214e-24, nan 
27.125, 71.375, 5.6776525584478506e-24, nan 
27.375, 71.375, 8.325221418771162e-24, nan 
27.625, 71.375, 6.527779909066068e-24, nan 
27.875, 71.375, 4.946029581532942e-24, nan 
28.125, 71.375, 7.030060984574243e-24, nan 
28.375, 71.375, 6.548296587885625e-24, nan 
28.625, 71.375, 8.257969293470575e-24, nan 
28.875, 71.375, 8.887173339548367e-24, nan 
29.125, 71.375, 7.027771038602688e-24, nan 
29.375, 71.375, 5.857886486236533e-24, nan 
29.625, 71.375, 7.767233324336665e-24, nan 
29.875, 71.375, 6.609176981908243e-24, nan 
30.125, 71.375, 3.2556027160342486e-24, nan 
30.375, 71.375, 3.602358592092323e-24, nan 
30.625, 71.375, 4.111825929215844e-24, nan 
30.875, 71.375, 3.269887735928335e-24, nan 
31.125, 71.375, 2.2363667063599543e-24, nan 
31.375, 71.375, 4.4283553428940584e-24, nan 
31.625, 71.375, 6.231123885598276e-24, nan 
31.875, 71.375, 4.56880488923293e-24, nan 
32.125, 71.375, 2.385270369248859e-24, nan 
32.375, 71.375, 1.7937186936880516e-24, nan 
32.625, 71.375, 1.0042077101257866e-24, nan 
32.875, 71.375, 1.4669263657219282e-24, nan 
33.125, 71.375, 1.762137159296081e-24, nan 
33.375, 71.375, 1.9088360841352033e-24, nan 
33.625, 71.375, 1.849618666455742e-24, nan 
33.875, 71.375, 1.8529106473588954e-24, nan 
34.125, 71.375, 2.90391200868616e-24, nan 
34.375, 71.375, 3.364821792646526e-24, nan 
34.625, 71.375, 5.308727112422065e-24, nan 
34.875, 71.375, 2.521577515353868e-24, nan 
35.125, 71.375, 3.505382709574619e-24, nan 
35.375, 71.375, 9.18842881863724e-24, nan 
35.625, 71.375, 4.384431360761479e-24, nan 
35.875, 71.375, 3.5729266529657554e-24, nan 
36.125, 71.375, 4.858813412391421e-24, nan 
36.375, 71.375, 3.832827041448632e-24, nan 
36.625, 71.375, 2.749086850751279e-24, nan 
36.875, 71.375, 1.8641110136473564e-24, nan 
37.125, 71.375, 1.7845294777814406e-24, nan 
37.375, 71.375, 1.2563619338958088e-24, nan 
37.625, 71.375, 4.1927627480934834e-24, nan 
37.875, 71.375, 3.82720222090583e-24, nan 
38.125, 71.375, 5.5946681143417874e-24, nan 
38.375, 71.375, 6.99572130836673e-24, nan 
38.625, 71.375, 5.380536678277107e-24, nan 
38.875, 71.375, 7.13662206197828e-24, nan 
39.125, 71.375, 3.808742485816384e-24, nan 
39.375, 71.375, 5.774391895077163e-24, nan 
39.625, 71.375, 3.712369718679355e-24, nan 
39.875, 71.375, 5.5799733573249404e-24, nan 
40.125, 71.375, 3.807378400559142e-24, nan 
40.375, 71.375, 1.2914040179840884e-23, nan 
40.625, 71.375, 8.60245988867943e-24, nan 
40.875, 71.375, 7.294380167847546e-24, nan 
41.125, 71.375, 5.155582940426494e-24, nan 
41.375, 71.375, 4.595989405365946e-24, nan 
41.625, 71.375, 3.8541564230601964e-24, nan 
41.875, 71.375, 4.103875996402449e-24, nan 
42.125, 71.375, 3.806254666156063e-24, nan 
42.375, 71.375, 3.077608464368938e-24, nan 
42.625, 71.375, 3.60931018542224e-24, nan 
42.875, 71.375, 2.2412417231615252e-24, nan 
43.125, 71.375, 2.9755445958675795e-24, nan 
43.375, 71.375, 2.521930413401291e-24, nan 
43.625, 71.375, 2.2359613819925337e-24, nan 
43.875, 71.375, 2.657797191174143e-24, nan 
44.125, 71.375, 5.537388609252307e-24, nan 
44.375, 71.375, 6.325924119631648e-24, nan 
44.625, 71.375, 1.0368294646790834e-23, nan 
44.875, 71.375, 7.810897986942315e-24, nan 
45.125, 71.375, 7.343994898384838e-24, nan 
45.375, 71.375, 1.051144550106402e-23, nan 
45.625, 71.375, 8.05655055127005e-24, nan 
45.875, 71.375, 1.5677931889996755e-23, nan 
46.125, 71.375, 1.9396494698870722e-23, nan 
46.375, 71.375, 8.473982410333611e-24, nan 
46.625, 71.375, 6.934533808250771e-24, nan 
46.875, 71.375, 1.0813642413019365e-23, nan 
47.125, 71.375, 8.476770085516293e-24, nan 
47.375, 71.375, 7.589392320436417e-24, nan 
47.625, 71.375, 6.854716240945685e-24, nan 
47.875, 71.375, 4.569195965961444e-24, nan 
48.125, 71.375, 1.2934809019461466e-23, nan 
48.375, 71.375, 1.618781459756626e-23, nan 
48.625, 71.375, 1.6879990800496853e-23, nan 
48.875, 71.375, 1.2824154568825172e-23, nan 
49.125, 71.375, 1.8012698852311553e-23, nan 
49.375, 71.375, 2.67559115421854e-23, nan 
49.625, 71.375, 1.7330523768993002e-23, nan 
49.875, 71.375, 1.6316391015079183e-23, nan 
50.125, 71.375, 1.2485161612594255e-23, nan 
50.375, 71.375, 1.593355015858624e-23, nan 
50.625, 71.375, 2.6243452767262295e-23, nan 
50.875, 71.375, 1.6409800869772632e-23, nan 
51.125, 71.375, 7.958593074814025e-24, nan 
51.375, 71.375, 1.967507015719237e-23, nan 
51.625, 71.375, 1.1453903464891492e-23, nan 
51.875, 71.375, 1.725836117869797e-23, nan 
52.125, 71.375, 1.6439162384868698e-23, nan 
52.375, 71.375, 1.885482529967996e-23, nan 
52.625, 71.375, 1.82228330269652e-23, nan 
52.875, 71.375, 1.9755029024123392e-23, nan 
53.125, 71.375, 2.4037327566911905e-23, nan 
53.375, 71.375, 2.256945368571167e-23, nan 
53.625, 71.375, 2.424079279516496e-23, nan 
53.875, 71.375, 2.897326337731268e-23, nan 
54.125, 71.375, 2.604684449951529e-23, nan 
54.375, 71.375, 2.515725928042457e-23, nan 
54.625, 71.375, 2.6296912870596422e-23, nan 
54.875, 71.375, 4.006521858801296e-23, nan 
55.125, 71.375, 3.966679157449881e-23, nan 
55.375, 71.375, 1.6083871867694548e-23, nan 
55.625, 71.375, 2.0827937359140765e-23, nan 
55.875, 71.375, 2.309591206494941e-23, nan 
56.125, 71.375, 1.2908969509770452e-23, nan 
56.375, 71.375, 1.1323518274265426e-23, nan 
56.625, 71.375, 1.6999289963408803e-23, nan 
56.875, 71.375, 2.3999719706453652e-23, nan 
57.125, 71.375, 3.0647275530449965e-23, nan 
57.375, 71.375, 3.103509067352483e-23, nan 
57.625, 71.375, 2.682119792360295e-23, nan 
57.875, 71.375, 3.348313322300836e-23, nan 
58.125, 71.375, 4.943837098460046e-23, nan 
58.375, 71.375, 6.021071007034345e-23, nan 
58.625, 71.375, 5.819085864334101e-23, nan 
58.875, 71.375, 5.347317618263094e-23, nan 
59.125, 71.375, 5.919680949458386e-23, nan 
59.375, 71.375, 5.372040863720551e-23, nan 
59.625, 71.375, 3.913366972697021e-23, nan 
59.875, 71.375, 3.748939444820828e-23, nan 
60.125, 71.375, 4.151645897279409e-23, nan 
60.375, 71.375, 1.1460075116278922e-22, nan 
60.625, 71.375, 1.4985830754436527e-22, nan 
60.875, 71.375, 1.4652218615570694e-22, nan 
61.125, 71.375, 1.7055996898919396e-22, nan 
61.375, 71.375, 1.9935492475855177e-22, nan 
61.625, 71.375, 1.348094571439249e-22, nan 
61.875, 71.375, 5.336274030940388e-23, nan 
62.125, 71.375, 6.115589977609995e-23, nan 
62.375, 71.375, 3.792768362816292e-23, nan 
62.625, 71.375, 3.712146446000528e-23, nan 
62.875, 71.375, 3.644884916143507e-23, nan 
63.125, 71.375, 4.842464024512264e-23, nan 
63.375, 71.375, 5.758555337580428e-23, nan 
63.625, 71.375, 3.3719071461399255e-23, nan 
63.875, 71.375, 8.169086348322768e-23, nan 
64.125, 71.375, 8.519765635746259e-23, nan 
64.375, 71.375, 6.972446452770869e-23, nan 
64.625, 71.375, 4.51469520096629e-23, nan 
64.875, 71.375, 6.772084643325965e-23, nan 
65.125, 71.375, 1.12785013278217e-22, nan 
65.375, 71.375, 5.987207710111114e-23, nan 
65.625, 71.375, 7.322985557265407e-23, nan 
65.875, 71.375, 8.387483715414148e-23, nan 
66.125, 71.375, 8.002894276738546e-23, nan 
66.375, 71.375, 1.4430512598735584e-22, nan 
66.625, 71.375, 1.6749723798331311e-22, nan 
66.875, 71.375, 5.306710971411057e-23, nan 
67.125, 71.375, 1.17712754464789e-22, nan 
67.375, 71.375, 1.2555529804853253e-22, nan 
67.625, 71.375, 1.049633847052081e-22, nan 
67.875, 71.375, 7.54470466242162e-23, nan 
68.125, 71.375, 7.291026078046983e-23, nan 
68.375, 71.375, 1.485186633256734e-22, nan 
68.625, 71.375, 8.189816804980467e-23, nan 
68.875, 71.375, 8.016429597789824e-23, nan 
69.125, 71.375, 9.314723827619496e-23, nan 
69.375, 71.375, 6.741420600384483e-23, nan 
69.625, 71.375, 1.0623910548413867e-22, nan 
69.875, 71.375, 1.0187186093081626e-22, nan 
70.125, 71.375, 4.478863828560733e-23, nan 
70.375, 71.375, 5.788688126799108e-23, nan 
70.625, 71.375, 7.461180494192515e-23, nan 
70.875, 71.375, 1.1462100958769915e-22, nan 
71.125, 71.375, 8.505317054927733e-23, nan 
71.375, 71.375, 6.541045034928954e-23, nan 
71.625, 71.375, 6.450788577555646e-23, nan 
71.875, 71.375, 5.526675304969771e-23, nan 
72.125, 71.375, 7.247022504258214e-23, nan 
72.375, 71.375, 1.0087267834040234e-22, nan 
72.625, 71.375, 3.954072385142597e-22, nan 
72.875, 71.375, 1.8626476005078729e-22, nan 
73.125, 71.375, 1.61449056010676e-22, nan 
73.375, 71.375, 8.335135664593622e-22, nan 
73.625, 71.375, 3.5321629393909107e-22, nan 
73.875, 71.375, 2.9440230897849927e-22, nan 
74.125, 71.375, 6.523826506239559e-22, nan 
74.375, 71.375, 3.9661094293840376e-22, nan 
74.625, 71.375, 3.6147347264660956e-22, nan 
74.875, 71.375, 3.5022488789001646e-22, nan 
75.125, 71.375, 2.0536423467999324e-22, nan 
75.375, 71.375, 1.41576820427584e-22, nan 
75.625, 71.375, 2.426715735261446e-22, nan 
75.875, 71.375, 4.546388996740567e-22, nan 
76.125, 71.375, 7.28202150607236e-22, nan 
76.375, 71.375, 4.213202837783368e-22, nan 
76.625, 71.375, 8.276048745513047e-22, nan 
76.875, 71.375, 1.6650660098126691e-21, nan 
77.125, 71.375, 8.057538888023093e-22, nan 
77.375, 71.375, 7.826247231178766e-22, nan 
77.625, 71.375, 1.1906197752773302e-21, nan 
77.875, 71.375, 1.3021769766339464e-21, nan 
78.125, 71.375, 1.500492694975399e-21, nan 
78.375, 71.375, 1.2008729979633123e-21, nan 
78.625, 71.375, 1.2361012494835544e-21, nan 
78.875, 71.375, 1.488445740173572e-21, nan 
79.125, 71.375, 1.0896511414282237e-21, nan 
79.375, 71.375, 7.31131834593236e-22, nan 
79.625, 71.375, 8.004506109436863e-22, nan 
79.875, 71.375, 5.409774689831164e-22, nan 
80.125, 71.375, 8.122295144263663e-22, nan 
80.375, 71.375, 6.55652813381788e-22, nan 
80.625, 71.375, 8.87938581561913e-22, nan 
80.875, 71.375, 7.675409507673297e-22, nan 
81.125, 71.375, 1.589140318447394e-21, nan 
81.375, 71.375, 2.4584220755129495e-21, nan 
81.625, 71.375, 1.9605092168560983e-21, nan 
81.875, 71.375, 2.083473567555598e-21, nan 
82.125, 71.375, 1.2122225589607837e-21, nan 
82.375, 71.375, 1.3896966305156905e-21, nan 
82.625, 71.375, 1.8017378051981804e-21, nan 
82.875, 71.375, 1.7959802333104703e-21, nan 
83.125, 71.375, 2.001474093941449e-21, nan 
83.375, 71.375, 1.2782361119181707e-21, nan 
83.625, 71.375, 2.042164407231735e-21, nan 
83.875, 71.375, 1.220849705693893e-21, nan 
84.125, 71.375, 1.6043111508326487e-21, nan 
84.375, 71.375, 9.800910300881374e-22, nan 
84.625, 71.375, 9.552092315549624e-22, nan 
84.875, 71.375, 1.1897534598480072e-21, nan 
85.125, 71.375, 2.797532180107985e-21, nan 
85.375, 71.375, 2.3341866791474207e-21, nan 
85.625, 71.375, 2.7408880298600854e-21, nan 
85.875, 71.375, 3.3679263144009544e-21, nan 
86.125, 71.375, 4.453729827968225e-21, nan 
86.375, 71.375, 5.9047634475799025e-21, nan 
86.625, 71.375, 3.0307161876599415e-21, nan 
86.875, 71.375, 4.21002752258653e-21, nan 
87.125, 71.375, 3.5258494033247064e-21, nan 
87.375, 71.375, 4.238318101702113e-21, nan 
87.625, 71.375, 7.064882364318312e-21, nan 
87.875, 71.375, 6.570454152286959e-21, nan 
88.125, 71.375, 4.814479045603893e-21, nan 
88.375, 71.375, 6.8420176839051e-21, nan 
88.625, 71.375, 7.641876130154444e-21, nan 
88.875, 71.375, 7.267123700483824e-21, nan 
89.125, 71.375, 1.0196267452017087e-20, nan 
89.375, 71.375, 8.117826427167781e-21, nan 
89.625, 71.375, 7.30209976209929e-21, nan 
89.875, 71.375, 1.3540166847718584e-20, nan 
90.125, 71.375, 1.0659132539625296e-20, nan 
90.375, 71.375, 8.062432687606594e-21, nan 
90.625, 71.375, 1.1843619636223738e-20, nan 
90.875, 71.375, 1.2699359453225184e-20, nan 
91.125, 71.375, 1.500878238888563e-20, nan 
91.375, 71.375, 1.807213168404434e-20, nan 
91.625, 71.375, 1.5844119653370866e-20, nan 
91.875, 71.375, 1.0214339470975678e-20, nan 
92.125, 71.375, 2.1902060330225857e-20, nan 
92.375, 71.375, 2.557456543456723e-20, nan 
92.625, 71.375, 2.35703971211138e-20, nan 
92.875, 71.375, 3.4346227833711544e-20, nan 
93.125, 71.375, 4.531159798656019e-20, nan 
93.375, 71.375, 4.9103870432296335e-20, nan 
93.625, 71.375, 4.964570543304583e-20, nan 
93.875, 71.375, 5.568508301716934e-20, nan 
94.125, 71.375, 6.512578314858442e-20, nan 
94.375, 71.375, 5.924929822347468e-20, nan 
94.625, 71.375, 2.1901534584140592e-20, nan 
94.875, 71.375, 3.508591802606605e-20, nan 
95.125, 71.375, 4.963828559953913e-20, nan 
95.375, 71.375, 7.191703644529388e-20, nan 
95.625, 71.375, 9.740214289554294e-20, nan 
95.875, 71.375, 9.888945556757769e-20, nan 
96.125, 71.375, 1.4597454065969648e-19, nan 
96.375, 71.375, 1.790610805341981e-19, nan 
96.625, 71.375, 1.6176879318158213e-19, nan 
96.875, 71.375, 1.6670956383904733e-19, nan 
97.125, 71.375, 2.71097614881839e-19, nan 
97.375, 71.375, 2.5704730990584177e-19, nan 
97.625, 71.375, 2.3659436715565196e-19, nan 
97.875, 71.375, 4.0685190669714186e-19, nan 
98.125, 71.375, 4.2005700263242545e-19, nan 
98.375, 71.375, 4.03779516077947e-19, nan 
98.625, 71.375, 4.0821041580323383e-19, nan 
98.875, 71.375, 4.975727304470632e-19, nan 
99.125, 71.375, 4.594371229043394e-19, nan 
99.375, 71.375, 3.541057444389144e-19, nan 
99.625, 71.375, 2.0062601301529973e-19, nan 
99.875, 71.375, 1.9425735260827433e-19, nan 
100.125, 71.375, 3.5943166673629955e-19, nan 
100.375, 71.375, 5.827311257660755e-19, nan 
100.625, 71.375, 7.138528997847787e-19, nan 
100.875, 71.375, 7.316101692636837e-19, nan 
101.125, 71.375, 7.849394039403279e-19, nan 
101.375, 71.375, 7.705459093779824e-19, nan 
101.625, 71.375, 8.80079573334408e-19, nan 
101.875, 71.375, 8.269335601134141e-19, nan 
102.125, 71.375, 1.0489375307360202e-18, nan 
102.375, 71.375, 1.4365743948543083e-18, nan 
102.625, 71.375, 1.4247658577553362e-18, nan 
102.875, 71.375, 5.206870911670215e-19, nan 
103.125, 71.375, 5.010926724611109e-19, nan 
103.375, 71.375, 9.832074603935393e-19, nan 
103.625, 71.375, 3.980315247929131e-19, nan 
103.875, 71.375, 6.0774605843431865e-19, nan 
104.125, 71.375, 7.85546593377913e-19, nan 
104.375, 71.375, 2.368597456586315e-18, nan 
104.625, 71.375, 2.601231656383334e-18, nan 
104.875, 71.375, 2.8917780547495093e-18, nan 
105.125, 71.375, 5.957630465862072e-18, nan 
105.375, 71.375, 5.288061810342789e-18, nan 
105.625, 71.375, 5.019127791379284e-18, nan 
105.875, 71.375, 5.991443274418491e-18, nan 
106.125, 71.375, 7.227519107130796e-18, nan 
106.375, 71.375, 8.8653132935185e-18, nan 
106.625, 71.375, 7.818156885439781e-18, nan 
106.875, 71.375, 7.83837886233203e-18, nan 
107.125, 71.375, 8.363496459643737e-18, nan 
107.375, 71.375, 8.685438812055141e-18, nan 
107.625, 71.375, 1.1046947363918768e-17, nan 
107.875, 71.375, 1.2826469318708933e-17, nan 
108.125, 71.375, 1.3536301323194384e-17, nan 
108.375, 71.375, 1.5471185142856536e-17, nan 
108.625, 71.375, 1.538512636258565e-17, nan 
108.875, 71.375, 1.6620347259400017e-17, nan 
109.125, 71.375, 1.9242625952065335e-17, nan 
109.375, 71.375, 2.1841420023008528e-17, nan 
109.625, 71.375, 2.0408203397490945e-17, nan 
109.875, 71.375, 1.8807213788500905e-17, nan 
110.125, 71.375, 1.9888841794016504e-17, nan 
110.375, 71.375, 2.210571932518638e-17, nan 
110.625, 71.375, 1.4169861532688396e-17, nan 
110.875, 71.375, 1.5922426383565518e-17, nan 
111.125, 71.375, 1.1259447387504943e-17, nan 
111.375, 71.375, 9.859787023825728e-18, nan 
111.625, 71.375, 7.677940986691366e-18, nan 
111.875, 71.375, 5.818948247653264e-18, nan 
112.125, 71.375, 6.3143002433291625e-18, nan 
112.375, 71.375, 7.45650575219303e-18, nan 
112.625, 71.375, 3.903879130258896e-18, nan 
112.875, 71.375, 4.6457990229501994e-18, nan 
113.125, 71.375, 7.419653719394653e-18, nan 
113.375, 71.375, 4.059949323945358e-18, nan 
113.625, 71.375, 3.67333076359981e-18, nan 
113.875, 71.375, 3.637458032773807e-18, nan 
114.125, 71.375, 3.61573502230629e-18, nan 
114.375, 71.375, 2.6083578792138564e-18, nan 
114.625, 71.375, 2.8266107814704293e-18, nan 
114.875, 71.375, 2.078315290143322e-18, nan 
115.125, 71.375, 2.8064227259924262e-18, nan 
115.375, 71.375, 2.0446381866824605e-18, nan 
115.625, 71.375, 1.7037030582376792e-18, nan 
115.875, 71.375, 8.740986045938672e-19, nan 
116.125, 71.375, 9.030484335632652e-19, nan 
116.375, 71.375, 1.1850829192419258e-18, nan 
116.625, 71.375, 6.005453092870234e-19, nan 
116.875, 71.375, 2.65484334036747e-19, nan 
117.125, 71.375, 2.8032328530714545e-19, nan 
117.375, 71.375, 2.475205364639291e-19, nan 
117.625, 71.375, 1.6331775274761773e-19, nan 
117.875, 71.375, 2.6001982729958214e-19, nan 
118.125, 71.375, 7.952683871880863e-20, nan 
118.375, 71.375, 6.738784223847359e-20, nan 
118.625, 71.375, 1.5987196266174436e-19, nan 
118.875, 71.375, 1.183403994208591e-19, nan 
119.125, 71.375, 1.0271575936583655e-19, nan 
119.375, 71.375, 4.2718471664268156e-20, nan 
119.625, 71.375, 7.983653994219582e-20, nan 
119.875, 71.375, 1.5163612823527572e-19, nan 
120.125, 71.375, 7.39418933224365e-20, nan 
120.375, 71.375, 1.0916351527842894e-19, nan 
120.625, 71.375, 1.0904402819300552e-19, nan 
120.875, 71.375, 7.530356936561773e-20, nan 
121.125, 71.375, 6.444361526085714e-20, nan 
121.375, 71.375, 7.890093255995584e-20, nan 
121.625, 71.375, 3.986118942116498e-20, nan 
121.875, 71.375, 5.737104558372995e-20, nan 
122.125, 71.375, 8.272633335996161e-20, nan 
122.375, 71.375, 4.984437459297675e-20, nan 
122.625, 71.375, 1.4974855137920968e-19, nan 
122.875, 71.375, 1.1102701814121137e-19, nan 
123.125, 71.375, 7.103515657484965e-20, nan 
123.375, 71.375, 1.0052985852459474e-19, nan 
123.625, 71.375, 7.89778355561117e-20, nan 
123.875, 71.375, 4.060837708171332e-20, nan 
124.125, 71.375, 2.520544632552125e-20, nan 
124.375, 71.375, 3.278864443799039e-20, nan 
124.625, 71.375, 4.9936299368837815e-20, nan 
124.875, 71.375, 3.274740919028826e-20, nan 
125.125, 71.375, 2.714464557161454e-20, nan 
125.375, 71.375, 5.2035843189488004e-20, nan 
125.625, 71.375, 3.8385494492012615e-20, nan 
125.875, 71.375, 2.4850177489633493e-20, nan 
126.125, 71.375, 2.881859782857325e-20, nan 
126.375, 71.375, 1.97057907156854e-20, nan 
126.625, 71.375, 2.5163125628767116e-20, nan 
126.875, 71.375, 3.008745309732231e-20, nan 
127.125, 71.375, 1.8557179569630297e-20, nan 
127.375, 71.375, 2.5997812958006498e-20, nan 
127.625, 71.375, 2.4984246295217925e-20, nan 
127.875, 71.375, 1.5844006838746266e-20, nan 
128.125, 71.375, 1.5473956893420327e-20, nan 
128.375, 71.375, 1.1846469627433086e-20, nan 
128.625, 71.375, 6.609601206774626e-21, nan 
128.875, 71.375, 6.89632317094516e-21, nan 
129.125, 71.375, 1.1969280231474697e-20, nan 
129.375, 71.375, 6.907918958147541e-21, nan 
129.625, 71.375, 7.409551641712284e-21, nan 
129.875, 71.375, 8.178172928972421e-21, nan 
130.125, 71.375, 5.4021869206820375e-21, nan 
130.375, 71.375, 8.309853834211555e-21, nan 
130.625, 71.375, 5.8698785830308894e-21, nan 
130.875, 71.375, 1.438276940936262e-20, nan 
131.125, 71.375, 1.9615993237613693e-20, nan 
131.375, 71.375, 6.41379849993326e-21, nan 
131.625, 71.375, 8.296265066329464e-21, nan 
131.875, 71.375, 1.127647810486916e-20, nan 
132.125, 71.375, 8.091925009573795e-21, nan 
132.375, 71.375, 1.0692223444302602e-20, nan 
132.625, 71.375, 4.797999513008876e-21, nan 
132.875, 71.375, 4.937742252711683e-21, nan 
133.125, 71.375, 6.661263550080601e-21, nan 
133.375, 71.375, 5.492868473507809e-21, nan 
133.625, 71.375, 5.163457714800998e-21, nan 
133.875, 71.375, 5.080809568289685e-21, nan 
134.125, 71.375, 5.373755048101843e-21, nan 
134.375, 71.375, 3.910944661542336e-21, nan 
134.625, 71.375, 2.8436825190751858e-21, nan 
134.875, 71.375, 1.887942270781449e-21, nan 
135.125, 71.375, 9.282417399179069e-22, nan 
135.375, 71.375, 2.1771335645999442e-21, nan 
135.625, 71.375, 2.3046563920512892e-21, nan 
135.875, 71.375, 1.513015479830794e-21, nan 
136.125, 71.375, 1.652095166113562e-21, nan 
136.375, 71.375, 1.6738165945050353e-21, nan 
136.625, 71.375, 1.4615788069914017e-21, nan 
136.875, 71.375, 1.1978340436578657e-21, nan 
137.125, 71.375, 9.050659505309088e-22, nan 
137.375, 71.375, 1.1087714030629933e-21, nan 
137.625, 71.375, 7.774946593703039e-22, nan 
137.875, 71.375, 1.72378367954933e-21, nan 
138.125, 71.375, 2.7338485538880084e-21, nan 
138.375, 71.375, 2.6239189048042307e-21, nan 
138.625, 71.375, 2.338210493933505e-21, nan 
138.875, 71.375, 2.6867725172969417e-21, nan 
139.125, 71.375, 2.844037534486178e-21, nan 
139.375, 71.375, 2.289531920738203e-21, nan 
139.625, 71.375, 1.3144091509947012e-21, nan 
139.875, 71.375, 1.3663179018384654e-21, nan 
140.125, 71.375, 1.4528993049161113e-21, nan 
140.375, 71.375, 9.418975823852357e-22, nan 
140.625, 71.375, 6.803129641300111e-22, nan 
140.875, 71.375, 6.8455077037194e-22, nan 
141.125, 71.375, 7.246171912553983e-22, nan 
141.375, 71.375, 8.140536108607761e-22, nan 
141.625, 71.375, 4.965561516895316e-22, nan 
141.875, 71.375, 6.465160209776846e-22, nan 
142.125, 71.375, 4.713301110457049e-22, nan 
142.375, 71.375, 4.576580995979366e-22, nan 
142.625, 71.375, 6.949690614730725e-22, nan 
142.875, 71.375, 8.358174914163302e-22, nan 
143.125, 71.375, 1.2676342091680228e-21, nan 
143.375, 71.375, 5.806004661286143e-22, nan 
143.625, 71.375, 4.612214056452044e-22, nan 
143.875, 71.375, 5.444296979578514e-22, nan 
144.125, 71.375, 6.611875118767322e-22, nan 
144.375, 71.375, 4.0923175854359634e-22, nan 
144.625, 71.375, 5.0369479085120295e-22, nan 
144.875, 71.375, 6.499935370456917e-22, nan 
145.125, 71.375, 1.955874779342872e-22, nan 
145.375, 71.375, 3.151007985167823e-22, nan 
145.625, 71.375, 4.398880572892361e-22, nan 
145.875, 71.375, 1.7772520161946158e-22, nan 
146.125, 71.375, 2.5978004126289107e-22, nan 
146.375, 71.375, 2.4514312255730686e-22, nan 
146.625, 71.375, 2.504212552495846e-22, nan 
146.875, 71.375, 4.905554446188202e-22, nan 
147.125, 71.375, 4.547819341874061e-22, nan 
147.375, 71.375, 2.387522752746609e-22, nan 
147.625, 71.375, 3.9478259111563405e-22, nan 
147.875, 71.375, 3.3285424387243184e-22, nan 
148.125, 71.375, 1.7560755272267957e-22, nan 
148.375, 71.375, 1.372960075651084e-22, nan 
148.625, 71.375, 8.524965413749993e-23, nan 
148.875, 71.375, 1.1292803332771292e-22, nan 
149.125, 71.375, 1.7255240579949341e-22, nan 
149.375, 71.375, 1.6072426930393848e-22, nan 
149.625, 71.375, 1.2210825404828978e-22, nan 
149.875, 71.375, 1.8624193354179187e-22, nan 
150.125, 71.375, 1.3275682683041322e-22, nan 
150.375, 71.375, 1.1249725139783184e-22, nan 
150.625, 71.375, 1.949537581718843e-22, nan 
150.875, 71.375, 5.676493544618953e-23, nan 
151.125, 71.375, 9.769330641518843e-23, nan 
151.375, 71.375, 1.6681425810663796e-22, nan 
151.625, 71.375, 1.4422165584160708e-22, nan 
151.875, 71.375, 1.1070664550807986e-22, nan 
152.125, 71.375, 8.529874422741008e-23, nan 
152.375, 71.375, 2.0363477741825713e-22, nan 
152.625, 71.375, 1.6395396346151584e-22, nan 
152.875, 71.375, 1.0245866216947976e-22, nan 
153.125, 71.375, 1.5821507168540294e-22, nan 
153.375, 71.375, 1.3598845311714938e-22, nan 
153.625, 71.375, 8.666058684712687e-23, nan 
153.875, 71.375, 4.4252256293410535e-23, nan 
154.125, 71.375, 4.2362062535743163e-23, nan 
154.375, 71.375, 6.725745585553523e-23, nan 
154.625, 71.375, 7.155942486946196e-23, nan 
154.875, 71.375, 7.424185210827289e-23, nan 
155.125, 71.375, 8.021576332365883e-23, nan 
155.375, 71.375, 6.124120468129943e-23, nan 
155.625, 71.375, 5.974886936012113e-23, nan 
155.875, 71.375, 4.511641916009148e-23, nan 
156.125, 71.375, 7.162957953967988e-23, nan 
156.375, 71.375, 1.0472916872214376e-22, nan 
156.625, 71.375, 1.1578539641687797e-22, nan 
156.875, 71.375, 1.266430125270471e-22, nan 
157.125, 71.375, 2.1063683064182992e-22, nan 
157.375, 71.375, 6.799294230634131e-22, nan 
157.625, 71.375, 6.212102519550997e-22, nan 
157.875, 71.375, 1.888405351312907e-22, nan 
158.125, 71.375, 1.773395803819122e-22, nan 
158.375, 71.375, 1.6111563367610888e-22, nan 
158.625, 71.375, 1.0014438326964426e-22, nan 
158.875, 71.375, 4.9994850695805656e-23, nan 
159.125, 71.375, 1.4129023685018778e-23, nan 
159.375, 71.375, 2.8566795281285735e-23, nan 
159.625, 71.375, 3.3427038706920994e-23, nan 
159.875, 71.375, 1.3414076931781956e-23, nan 
160.125, 71.375, 1.9855822169550357e-23, nan 
160.375, 71.375, 4.2461842222863104e-23, nan 
160.625, 71.375, 3.308196145443678e-23, nan 
160.875, 71.375, 1.5164104033842707e-23, nan 
161.125, 71.375, 3.7128068169578543e-23, nan 
161.375, 71.375, 3.273302941885921e-23, nan 
161.625, 71.375, 3.084217317849701e-23, nan 
161.875, 71.375, 7.323133642538362e-23, nan 
162.125, 71.375, 8.784617188867103e-23, nan 
162.375, 71.375, 1.3417925608190145e-22, nan 
162.625, 71.375, 7.616024535578029e-23, nan 
162.875, 71.375, 1.4433606517029518e-22, nan 
163.125, 71.375, 1.2121589803089274e-22, nan 
163.375, 71.375, 1.1058334863820512e-22, nan 
163.625, 71.375, 1.2491983035930478e-22, nan 
163.875, 71.375, 4.9931389685020307e-23, nan 
164.125, 71.375, 6.995075612419857e-23, nan 
164.375, 71.375, 6.065013274357068e-23, nan 
164.625, 71.375, 8.996131472439578e-23, nan 
164.875, 71.375, 1.2957951084621036e-22, nan 
165.125, 71.375, 1.7225046481881916e-22, nan 
165.375, 71.375, 5.969577154355515e-23, nan 
165.625, 71.375, 9.024705065024961e-23, nan 
165.875, 71.375, 1.1484635008623647e-22, nan 
166.125, 71.375, 7.396118836596478e-23, nan 
166.375, 71.375, 1.0549967670281096e-22, nan 
166.625, 71.375, 1.965907312375268e-22, nan 
166.875, 71.375, 1.632446563412277e-22, nan 
167.125, 71.375, 3.49563150260231e-23, nan 
167.375, 71.375, 2.2074968355339073e-23, nan 
167.625, 71.375, 5.1745082050662865e-23, nan 
167.875, 71.375, 4.550489453428779e-23, nan 
168.125, 71.375, 3.2942873407251455e-23, nan 
168.375, 71.375, 1.7776531363623854e-23, nan 
168.625, 71.375, 4.3917420430139575e-23, nan 
168.875, 71.375, 4.139534122705607e-23, nan 
169.125, 71.375, 8.737868753352078e-23, nan 
169.375, 71.375, 7.530050574798299e-23, nan 
169.625, 71.375, 1.1867230730021506e-22, nan 
169.875, 71.375, 9.135322859709323e-23, nan 
170.125, 71.375, 6.780269851786963e-23, nan 
170.375, 71.375, 1.381953498080023e-22, nan 
170.625, 71.375, 5.2904870662374987e-23, nan 
170.875, 71.375, 3.3386418375623194e-23, nan 
171.125, 71.375, 5.05569271118782e-23, nan 
171.375, 71.375, 3.5963801618084435e-23, nan 
171.625, 71.375, 2.3732662617047967e-23, nan 
171.875, 71.375, 1.9244574284916328e-23, nan 
172.125, 71.375, 1.3454121277053552e-23, nan 
172.375, 71.375, 1.5960150703404588e-23, nan 
172.625, 71.375, 1.515358159212022e-23, nan 
172.875, 71.375, 1.059041251867198e-23, nan 
173.125, 71.375, 1.5782155197096846e-23, nan 
173.375, 71.375, 9.97406529060993e-24, nan 
173.625, 71.375, 1.6363600930190483e-23, nan 
173.875, 71.375, 1.626267516606468e-23, nan 
174.125, 71.375, 1.2719831487938759e-23, nan 
174.375, 71.375, 1.7369648456859885e-23, nan 
174.625, 71.375, 2.830717922574408e-23, nan 
174.875, 71.375, 3.716421902255316e-23, nan 
175.125, 71.375, 3.170055802607735e-23, nan 
175.375, 71.375, 3.1094197566789557e-23, nan 
175.625, 71.375, 4.3265335307446107e-23, nan 
175.875, 71.375, 4.183279792224035e-23, nan 
176.125, 71.375, 3.42461928319103e-23, nan 
176.375, 71.375, 2.7387724779447416e-23, nan 
176.625, 71.375, 2.347281682712071e-23, nan 
176.875, 71.375, 2.238021286430212e-23, nan 
177.125, 71.375, 2.3837033665403243e-23, nan 
177.375, 71.375, 1.8525737335459264e-23, nan 
177.625, 71.375, 7.589940114429915e-24, nan 
177.875, 71.375, 1.1388751586004717e-23, nan 
178.125, 71.375, 1.985400024934784e-23, nan 
178.375, 71.375, 1.3412101367390854e-23, nan 
178.625, 71.375, 1.0489638747704335e-23, nan 
178.875, 71.375, 1.9211037626388905e-23, nan 
179.125, 71.375, 1.991031099690549e-23, nan 
179.375, 71.375, 1.0601066225990743e-23, nan 
179.625, 71.375, 1.2793140848333767e-23, nan 
179.875, 71.375, 1.9480777695294306e-23, nan 
-179.875, 71.625, 1.3395489693770647e-23, nan 
-179.625, 71.625, 1.0539142226287193e-23, nan 
-179.375, 71.625, 1.2324209049243317e-23, nan 
-179.125, 71.625, 1.3284895976461696e-23, nan 
-178.875, 71.625, 1.0570260246630768e-23, nan 
-178.625, 71.625, 1.1566562354026395e-23, nan 
-178.375, 71.625, 1.1855738792052228e-23, nan 
-178.125, 71.625, 9.373792445729464e-24, nan 
-177.875, 71.625, 1.1990843923529711e-23, nan 
-177.625, 71.625, 1.441149381031804e-23, nan 
-177.375, 71.625, 1.143802625248517e-23, nan 
-177.125, 71.625, 9.281007693345748e-24, nan 
-176.875, 71.625, 1.6059940075747847e-23, nan 
-176.625, 71.625, 1.464559795708161e-23, nan 
-176.375, 71.625, 5.775354207533707e-24, nan 
-176.125, 71.625, 1.0177064966180166e-23, nan 
-175.875, 71.625, 9.058154920412092e-24, nan 
-175.625, 71.625, 4.569260399676953e-24, nan 
-175.375, 71.625, 6.460840925896021e-24, nan 
-175.125, 71.625, 9.517184674585709e-24, nan 
-174.875, 71.625, 1.3318029629060385e-23, nan 
-174.625, 71.625, 9.041894820034176e-24, nan 
-174.375, 71.625, 9.312371118967019e-24, nan 
-174.125, 71.625, 9.608889388184594e-24, nan 
-173.875, 71.625, 1.0560530806645673e-23, nan 
-173.625, 71.625, 1.367341179362564e-23, nan 
-173.375, 71.625, 5.463809264289826e-24, nan 
-173.125, 71.625, 1.1880231751956772e-23, nan 
-172.875, 71.625, 2.14264991990145e-23, nan 
-172.625, 71.625, 1.4688047781161334e-23, nan 
-172.375, 71.625, 1.0299311043742752e-23, nan 
-172.125, 71.625, 9.284907338247243e-24, nan 
-171.875, 71.625, 8.189179529048113e-24, nan 
-171.625, 71.625, 8.983105451026233e-24, nan 
-171.375, 71.625, 8.993505922137506e-24, nan 
-171.125, 71.625, 7.794774356127017e-24, nan 
-170.875, 71.625, 6.797262538999288e-24, nan 
-170.625, 71.625, 8.435832805690634e-24, nan 
-170.375, 71.625, 9.074817265040504e-24, nan 
-170.125, 71.625, 7.884416217578093e-24, nan 
-169.875, 71.625, 1.0539489233093496e-23, nan 
-169.625, 71.625, 1.1354586520509031e-23, nan 
-169.375, 71.625, 8.967916619390961e-24, nan 
-169.125, 71.625, 1.1661862827192363e-23, nan 
-168.875, 71.625, 1.395695228075737e-23, nan 
-168.625, 71.625, 9.892672864737405e-24, nan 
-168.375, 71.625, 9.569171326496028e-24, nan 
-168.125, 71.625, 8.671358539393144e-24, nan 
-167.875, 71.625, 9.410814998400058e-24, nan 
-167.625, 71.625, 1.052189149882687e-23, nan 
-167.375, 71.625, 9.890049316332625e-24, nan 
-167.125, 71.625, 1.2936845261340688e-23, nan 
-166.875, 71.625, 1.063119751887944e-23, nan 
-166.625, 71.625, 8.301060502151893e-24, nan 
-166.375, 71.625, 9.759810343505493e-24, nan 
-166.125, 71.625, 9.445593624809957e-24, nan 
-165.875, 71.625, 1.2203602314789406e-23, nan 
-165.625, 71.625, 1.1361834800406151e-23, nan 
-165.375, 71.625, 1.1601509081464107e-23, nan 
-165.125, 71.625, 9.039558271377779e-24, nan 
-164.875, 71.625, 1.6777673432328254e-23, nan 
10.375, 71.625, 3.463680105332925e-24, nan 
10.625, 71.625, 1.8076914115301032e-24, nan 
10.875, 71.625, 6.415930551997763e-25, nan 
11.125, 71.625, 9.298023124262435e-25, nan 
11.375, 71.625, 1.287360975699615e-24, nan 
11.625, 71.625, 1.7742099817475273e-24, nan 
11.875, 71.625, 1.8356679209946294e-24, nan 
12.125, 71.625, 8.6698990161096e-25, nan 
12.375, 71.625, 1.5188869131682982e-24, nan 
12.625, 71.625, 1.5685577619476381e-24, nan 
12.875, 71.625, 4.0544088347162394e-25, nan 
13.125, 71.625, 2.827907262765576e-25, nan 
13.375, 71.625, 1.1839854480967185e-24, nan 
13.625, 71.625, 1.0310683611059524e-24, nan 
13.875, 71.625, 5.809396521645256e-25, nan 
14.125, 71.625, 7.557292258523681e-25, nan 
14.375, 71.625, 7.920200976325316e-25, nan 
14.625, 71.625, 8.111919035185639e-25, nan 
14.875, 71.625, 1.1769316514417976e-24, nan 
15.125, 71.625, 1.4182573881283029e-24, nan 
15.375, 71.625, 1.0532862561501585e-24, nan 
15.625, 71.625, 1.3132419616821008e-24, nan 
15.875, 71.625, 1.487453390944084e-24, nan 
16.125, 71.625, 1.0651864103193272e-24, nan 
16.375, 71.625, 1.4954388116595568e-24, nan 
16.625, 71.625, 1.4531675493391044e-24, nan 
16.875, 71.625, 1.1320421715676258e-24, nan 
17.125, 71.625, 1.526830009454766e-24, nan 
17.375, 71.625, 1.5596570031659564e-24, nan 
17.625, 71.625, 1.3546735670088294e-24, nan 
17.875, 71.625, 1.8153478164313446e-24, nan 
18.125, 71.625, 1.2994107028523639e-24, nan 
18.375, 71.625, 1.1671099965217942e-24, nan 
18.625, 71.625, 1.703855811842549e-24, nan 
18.875, 71.625, 1.142998801037398e-24, nan 
19.125, 71.625, 1.602808011234525e-24, nan 
19.375, 71.625, 1.7170405667043688e-24, nan 
19.625, 71.625, 2.5528227924910317e-24, nan 
19.875, 71.625, 2.094131560297963e-24, nan 
20.125, 71.625, 2.1396544140872527e-24, nan 
20.375, 71.625, 2.2831172866691194e-24, nan 
20.625, 71.625, 1.684944037518539e-24, nan 
20.875, 71.625, 1.871844839847835e-24, nan 
21.125, 71.625, 1.3640419083095116e-24, nan 
21.375, 71.625, 1.6756229389793678e-24, nan 
21.625, 71.625, 1.852770871031154e-24, nan 
21.875, 71.625, 1.6135221173683043e-24, nan 
22.125, 71.625, 1.604600745426303e-24, nan 
22.375, 71.625, 3.9903000899781806e-24, nan 
22.625, 71.625, 1.7829908856684315e-24, nan 
22.875, 71.625, 1.688270536322265e-24, nan 
23.125, 71.625, 2.0765638515878695e-24, nan 
23.375, 71.625, 3.0029152912667257e-24, nan 
23.625, 71.625, 2.8102036399451357e-24, nan 
23.875, 71.625, 2.3187775233137594e-24, nan 
24.125, 71.625, 2.3367760235495625e-24, nan 
24.375, 71.625, 2.362571059191376e-24, nan 
24.625, 71.625, 2.9326537176513064e-24, nan 
24.875, 71.625, 2.453748984820153e-24, nan 
25.125, 71.625, 2.511278300042713e-24, nan 
25.375, 71.625, 2.240863522633455e-24, nan 
25.625, 71.625, 2.7314953940200734e-24, nan 
25.875, 71.625, 3.310670975942162e-24, nan 
26.125, 71.625, 3.278876666560425e-24, nan 
26.375, 71.625, 2.9074749417477025e-24, nan 
26.625, 71.625, 4.212214732856807e-24, nan 
26.875, 71.625, 4.4219806909730246e-24, nan 
27.125, 71.625, 4.77827690489078e-24, nan 
27.375, 71.625, 6.146025742517428e-24, nan 
27.625, 71.625, 4.762449684814972e-24, nan 
27.875, 71.625, 3.509904439827812e-24, nan 
28.125, 71.625, 5.27179325160022e-24, nan 
28.375, 71.625, 4.539959050679728e-24, nan 
28.625, 71.625, 3.796810378749658e-24, nan 
28.875, 71.625, 3.49912865451626e-24, nan 
29.125, 71.625, 4.123449569779349e-24, nan 
29.375, 71.625, 2.3226299156506718e-24, nan 
29.625, 71.625, 4.018271687077944e-24, nan 
29.875, 71.625, 8.56884147156651e-24, nan 
30.125, 71.625, 4.39681748770527e-24, nan 
30.375, 71.625, 3.0885662201803434e-24, nan 
30.625, 71.625, 5.341561638123675e-24, nan 
30.875, 71.625, 4.980565527963536e-24, nan 
31.125, 71.625, 2.761924901127085e-24, nan 
31.375, 71.625, 5.9479724051505395e-24, nan 
31.625, 71.625, 1.0404427075031534e-23, nan 
31.875, 71.625, 6.596966299482144e-24, nan 
32.125, 71.625, 4.6528309656396036e-24, nan 
32.375, 71.625, 6.834833011927072e-24, nan 
32.625, 71.625, 5.572622854142287e-24, nan 
32.875, 71.625, 4.72275543380722e-24, nan 
33.125, 71.625, 1.7992208905153934e-24, nan 
33.375, 71.625, 1.2798616043786342e-24, nan 
33.625, 71.625, 1.458113824051505e-24, nan 
33.875, 71.625, 2.545204180459968e-24, nan 
34.125, 71.625, 3.8739393021582465e-24, nan 
34.375, 71.625, 3.605784290626971e-24, nan 
34.625, 71.625, 1.6696088780329792e-24, nan 
34.875, 71.625, 3.3515218905201014e-24, nan 
35.125, 71.625, 3.2055305151931566e-24, nan 
35.375, 71.625, 6.333594608914066e-24, nan 
35.625, 71.625, 3.6350290918831595e-24, nan 
35.875, 71.625, 3.3876504503530405e-24, nan 
36.125, 71.625, 2.3087140162121058e-24, nan 
36.375, 71.625, 9.414217469699714e-25, nan 
36.625, 71.625, 2.6864777300326975e-24, nan 
36.875, 71.625, 2.069035660889548e-24, nan 
37.125, 71.625, 1.6097398750362912e-24, nan 
37.375, 71.625, 1.2663912836083816e-24, nan 
37.625, 71.625, 2.8029250133428294e-24, nan 
37.875, 71.625, 5.527035281991305e-24, nan 
38.125, 71.625, 7.177023975821532e-24, nan 
38.375, 71.625, 4.4921530676900356e-24, nan 
38.625, 71.625, 5.028005975511784e-24, nan 
38.875, 71.625, 1.1603013890413296e-23, nan 
39.125, 71.625, 5.565631329003914e-24, nan 
39.375, 71.625, 4.239194055141944e-24, nan 
39.625, 71.625, 1.7752923935604763e-23, nan 
39.875, 71.625, 8.786571938732705e-24, nan 
40.125, 71.625, 5.411570644717332e-24, nan 
40.375, 71.625, 2.338996602937594e-23, nan 
40.625, 71.625, 1.1314845605431385e-23, nan 
40.875, 71.625, 5.245696101490233e-24, nan 
41.125, 71.625, 1.0763504089776463e-23, nan 
41.375, 71.625, 7.091756671383136e-24, nan 
41.625, 71.625, 4.647085813237279e-24, nan 
41.875, 71.625, 5.235506670003037e-24, nan 
42.125, 71.625, 4.092566032139284e-24, nan 
42.375, 71.625, 3.700117493526678e-24, nan 
42.625, 71.625, 4.54597472016733e-24, nan 
42.875, 71.625, 2.515459103121737e-24, nan 
43.125, 71.625, 3.2486212577827027e-24, nan 
43.375, 71.625, 1.6346612089844488e-24, nan 
43.625, 71.625, 2.3318560830446542e-24, nan 
43.875, 71.625, 3.5120754805484274e-24, nan 
44.125, 71.625, 2.8307823311592693e-24, nan 
44.375, 71.625, 4.092680964501681e-24, nan 
44.625, 71.625, 5.5916425200367864e-24, nan 
44.875, 71.625, 1.3680369399262673e-24, nan 
45.125, 71.625, 2.6730062339830563e-24, nan 
45.375, 71.625, 6.158915702080673e-25, nan 
45.625, 71.625, 6.608562766873528e-24, nan 
45.875, 71.625, 5.073217323877089e-24, nan 
46.125, 71.625, 9.744584262380339e-24, nan 
46.375, 71.625, 1.2429786109826765e-23, nan 
46.625, 71.625, 9.396748926150951e-24, nan 
46.875, 71.625, 4.39218473115718e-24, nan 
47.125, 71.625, 1.3121788957438902e-23, nan 
47.375, 71.625, 9.388662186561476e-24, nan 
47.625, 71.625, 1.2116994799383793e-23, nan 
47.875, 71.625, 1.2986071565126054e-23, nan 
48.125, 71.625, 4.582359960707509e-24, nan 
48.375, 71.625, 2.764539556900537e-24, nan 
48.625, 71.625, 7.278920772560334e-24, nan 
48.875, 71.625, 6.3870565005992854e-24, nan 
49.125, 71.625, 1.2992059173386585e-23, nan 
49.375, 71.625, 1.8228707302532625e-23, nan 
49.625, 71.625, 1.420831476810034e-23, nan 
49.875, 71.625, 9.571241126829813e-24, nan 
50.125, 71.625, 2.267306445782987e-23, nan 
50.375, 71.625, 1.893316780964133e-23, nan 
50.625, 71.625, 2.196773432988984e-23, nan 
50.875, 71.625, 6.721143711705029e-24, nan 
51.125, 71.625, 1.3126025787470741e-23, nan 
51.375, 71.625, 7.635307707723486e-24, nan 
51.625, 71.625, 8.347599841377436e-24, nan 
51.875, 71.625, 5.245286200193255e-24, nan 
52.125, 71.625, 9.004847004179995e-24, nan 
52.375, 71.625, 9.596750821505738e-24, nan 
52.625, 71.625, 9.626091233776546e-24, nan 
52.875, 71.625, 1.5390715405950804e-23, nan 
53.125, 71.625, 2.037099932635496e-23, nan 
53.375, 71.625, 3.319649773720029e-23, nan 
53.625, 71.625, 3.979182910838653e-23, nan 
53.875, 71.625, 3.32284644610809e-23, nan 
54.125, 71.625, 4.714162653309765e-23, nan 
54.375, 71.625, 5.056371004016003e-23, nan 
54.625, 71.625, 3.151923460719661e-23, nan 
54.875, 71.625, 2.4386570616232474e-23, nan 
55.125, 71.625, 3.404162432325054e-23, nan 
55.375, 71.625, 3.8412386225773e-23, nan 
55.625, 71.625, 2.675745406924497e-23, nan 
55.875, 71.625, 2.3186858919116728e-23, nan 
56.125, 71.625, 2.739145867908406e-23, nan 
56.375, 71.625, 2.4833088043203217e-23, nan 
56.625, 71.625, 2.198088210782627e-23, nan 
56.875, 71.625, 7.948486998876323e-24, nan 
57.125, 71.625, 1.1733801703741382e-23, nan 
57.375, 71.625, 1.878078424616842e-23, nan 
57.625, 71.625, 1.9230448055858874e-23, nan 
57.875, 71.625, 1.65104336344997e-23, nan 
58.125, 71.625, 2.2522387135990286e-23, nan 
58.375, 71.625, 2.16667776096511e-23, nan 
58.625, 71.625, 2.8636317670107494e-23, nan 
58.875, 71.625, 4.3506490669238985e-23, nan 
59.125, 71.625, 5.809802142902567e-23, nan 
59.375, 71.625, 5.161364322160463e-23, nan 
59.625, 71.625, 5.523921310040018e-23, nan 
59.875, 71.625, 6.167393728433724e-23, nan 
60.125, 71.625, 4.315724389355554e-23, nan 
60.375, 71.625, 2.850552436529107e-23, nan 
60.625, 71.625, 3.275754802931428e-23, nan 
60.875, 71.625, 5.293963511998705e-23, nan 
61.125, 71.625, 1.331496221408222e-22, nan 
61.375, 71.625, 1.60860098445006e-22, nan 
61.625, 71.625, 1.282646822402052e-22, nan 
61.875, 71.625, 1.1865111431171852e-22, nan 
62.125, 71.625, 1.341833549889743e-22, nan 
62.375, 71.625, 1.057303524657032e-22, nan 
62.625, 71.625, 4.157630797679269e-23, nan 
62.875, 71.625, 4.32475186452617e-23, nan 
63.125, 71.625, 6.684771912030953e-23, nan 
63.375, 71.625, 4.6312023283173817e-23, nan 
63.625, 71.625, 6.858062717859907e-23, nan 
63.875, 71.625, 1.1897428606693114e-22, nan 
64.125, 71.625, 7.619809992227054e-23, nan 
64.375, 71.625, 6.046007664850297e-23, nan 
64.625, 71.625, 4.7783378981199103e-23, nan 
64.875, 71.625, 6.323421528933024e-23, nan 
65.125, 71.625, 1.0339268283709942e-22, nan 
65.375, 71.625, 5.172057835305506e-23, nan 
65.625, 71.625, 4.356203659916017e-23, nan 
65.875, 71.625, 7.562040732786437e-23, nan 
66.125, 71.625, 5.831293668530019e-23, nan 
66.375, 71.625, 9.563238261148777e-23, nan 
66.625, 71.625, 9.088702778027008e-23, nan 
66.875, 71.625, 1.627926641618387e-22, nan 
67.125, 71.625, 1.0638862906442952e-22, nan 
67.375, 71.625, 9.783698983150097e-23, nan 
67.625, 71.625, 5.977143401898092e-23, nan 
67.875, 71.625, 1.8513507351253653e-22, nan 
68.125, 71.625, 1.0249325019795938e-22, nan 
68.375, 71.625, 1.2843651253690384e-22, nan 
68.625, 71.625, 6.452821199571884e-23, nan 
68.875, 71.625, 9.89281960601985e-23, nan 
69.125, 71.625, 1.1965161586253743e-22, nan 
69.375, 71.625, 9.914220685455329e-23, nan 
69.625, 71.625, 1.9249864061862038e-22, nan 
69.875, 71.625, 1.8945857108068156e-22, nan 
70.125, 71.625, 2.093255102172796e-22, nan 
70.375, 71.625, 4.085995361281006e-22, nan 
70.625, 71.625, 5.2065198930315195e-22, nan 
70.875, 71.625, 1.8314528594239432e-22, nan 
71.125, 71.625, 1.2820610475063918e-22, nan 
71.375, 71.625, 5.847487117029803e-23, nan 
71.625, 71.625, 5.999811604962772e-23, nan 
71.875, 71.625, 8.518443333850983e-23, nan 
72.125, 71.625, 1.2329423269245328e-22, nan 
72.375, 71.625, 8.026407964188252e-23, nan 
72.625, 71.625, 4.0718296424153295e-23, nan 
72.875, 71.625, 6.88677459386605e-23, nan 
73.125, 71.625, 1.0129762739470765e-22, nan 
73.375, 71.625, 4.286142190030209e-22, nan 
73.625, 71.625, 2.370171453362068e-22, nan 
73.875, 71.625, 1.7485749731026115e-22, nan 
74.125, 71.625, 7.648989709797667e-23, nan 
74.375, 71.625, 2.7444027428949626e-22, nan 
74.625, 71.625, 3.884057514452409e-22, nan 
74.875, 71.625, 3.997764944404306e-22, nan 
75.125, 71.625, 2.52831183795855e-22, nan 
75.375, 71.625, 3.5055027165131326e-22, nan 
75.625, 71.625, 3.7344706066900625e-22, nan 
75.875, 71.625, 2.2433889217125997e-22, nan 
76.125, 71.625, 2.185745522083728e-22, nan 
76.375, 71.625, 3.9962119831813807e-22, nan 
76.625, 71.625, 6.905715951459497e-22, nan 
76.875, 71.625, 1.0828906426309575e-21, nan 
77.125, 71.625, 6.083295936935149e-22, nan 
77.375, 71.625, 7.054798847873602e-22, nan 
77.625, 71.625, 4.899726250697273e-22, nan 
77.875, 71.625, 2.4931402223948606e-22, nan 
78.125, 71.625, 4.154905029632887e-22, nan 
78.375, 71.625, 4.667555894845844e-22, nan 
78.625, 71.625, 6.284671467483462e-22, nan 
78.875, 71.625, 9.546442540658505e-22, nan 
79.125, 71.625, 7.140849652528548e-22, nan 
79.375, 71.625, 6.2733792078677735e-22, nan 
79.625, 71.625, 8.445281832991454e-22, nan 
79.875, 71.625, 7.657179632345468e-22, nan 
80.125, 71.625, 1.0983744022579471e-21, nan 
80.375, 71.625, 8.963690617453793e-22, nan 
80.625, 71.625, 1.0952167034296895e-21, nan 
80.875, 71.625, 1.2728726762480828e-21, nan 
81.125, 71.625, 1.1411684932181565e-21, nan 
81.375, 71.625, 7.380398018573095e-22, nan 
81.625, 71.625, 7.114903965517267e-22, nan 
81.875, 71.625, 1.319761375386078e-21, nan 
82.125, 71.625, 7.328635188197044e-22, nan 
82.375, 71.625, 9.31519319096465e-22, nan 
82.625, 71.625, 1.6456801982977392e-21, nan 
82.875, 71.625, 1.2958333266179557e-21, nan 
83.125, 71.625, 1.7334147507181304e-21, nan 
83.375, 71.625, 1.788849658643367e-21, nan 
83.625, 71.625, 1.9776957458886425e-21, nan 
83.875, 71.625, 1.8471345969134e-21, nan 
84.125, 71.625, 2.0593436797268726e-21, nan 
84.375, 71.625, 2.750097355809131e-21, nan 
84.625, 71.625, 2.8149979204719917e-21, nan 
84.875, 71.625, 1.8565021106033187e-21, nan 
85.125, 71.625, 3.3861416249242074e-21, nan 
85.375, 71.625, 2.7204093340003097e-21, nan 
85.625, 71.625, 2.969015738282362e-21, nan 
85.875, 71.625, 4.953389809948195e-21, nan 
86.125, 71.625, 4.152818776803537e-21, nan 
86.375, 71.625, 4.311645610908968e-21, nan 
86.625, 71.625, 3.2667548548236845e-21, nan 
86.875, 71.625, 4.3402883473626635e-21, nan 
87.125, 71.625, 3.399731909871157e-21, nan 
87.375, 71.625, 3.268588837459216e-21, nan 
87.625, 71.625, 3.913791265671971e-21, nan 
87.875, 71.625, 3.3014901485432437e-21, nan 
88.125, 71.625, 5.127544307040822e-21, nan 
88.375, 71.625, 5.983736110753027e-21, nan 
88.625, 71.625, 7.001710310763371e-21, nan 
88.875, 71.625, 7.794773871092834e-21, nan 
89.125, 71.625, 8.24790244676833e-21, nan 
89.375, 71.625, 8.892861287141898e-21, nan 
89.625, 71.625, 1.0961021639120159e-20, nan 
89.875, 71.625, 1.139751093550667e-20, nan 
90.125, 71.625, 1.0326648592868157e-20, nan 
90.375, 71.625, 8.557428249284661e-21, nan 
90.625, 71.625, 4.086661478069184e-21, nan 
90.875, 71.625, 5.759631690787003e-21, nan 
91.125, 71.625, 4.893853228425458e-21, nan 
91.375, 71.625, 5.228357072622882e-21, nan 
91.625, 71.625, 9.923139987240768e-21, nan 
91.875, 71.625, 7.427960992718751e-21, nan 
92.125, 71.625, 1.5763882527456607e-20, nan 
92.375, 71.625, 1.907947036197225e-20, nan 
92.625, 71.625, 1.1734593052603652e-20, nan 
92.875, 71.625, 6.555092085170325e-21, nan 
93.125, 71.625, 2.064101447318599e-20, nan 
93.375, 71.625, 3.024873466739455e-20, nan 
93.625, 71.625, 3.114740398520433e-20, nan 
93.875, 71.625, 4.620081699615447e-20, nan 
94.125, 71.625, 5.656717068380339e-20, nan 
94.375, 71.625, 4.9748154973000577e-20, nan 
94.625, 71.625, 5.047092663481146e-20, nan 
94.875, 71.625, 5.413227591598448e-20, nan 
95.125, 71.625, 4.972100488784911e-20, nan 
95.375, 71.625, 5.3310474865501317e-20, nan 
95.625, 71.625, 5.1804662171144497e-20, nan 
95.875, 71.625, 4.103286690915671e-20, nan 
96.125, 71.625, 3.996035099598986e-20, nan 
96.375, 71.625, 3.916063673775482e-20, nan 
96.625, 71.625, 5.2124242562353543e-20, nan 
96.875, 71.625, 7.108839575234738e-20, nan 
97.125, 71.625, 5.825908381504708e-20, nan 
97.375, 71.625, 8.712394210628046e-20, nan 
97.625, 71.625, 1.6120378162568664e-19, nan 
97.875, 71.625, 3.021579602021386e-19, nan 
98.125, 71.625, 3.3239238981198614e-19, nan 
98.375, 71.625, 3.6612597661838723e-19, nan 
98.625, 71.625, 4.506617361961903e-19, nan 
98.875, 71.625, 5.614798263225474e-19, nan 
99.125, 71.625, 5.821238608190009e-19, nan 
99.375, 71.625, 4.558379125620542e-19, nan 
99.625, 71.625, 5.588967865097547e-19, nan 
99.875, 71.625, 8.484398377563517e-19, nan 
100.125, 71.625, 4.560595890253355e-19, nan 
100.375, 71.625, 7.757857372314461e-19, nan 
100.625, 71.625, 1.0170633721425986e-18, nan 
100.875, 71.625, 8.2423289005168105e-19, nan 
101.125, 71.625, 8.161005937723369e-19, nan 
101.375, 71.625, 8.270313605812715e-19, nan 
101.625, 71.625, 8.970173431610807e-19, nan 
101.875, 71.625, 9.493005235457342e-19, nan 
102.125, 71.625, 1.1531069839725883e-18, nan 
102.375, 71.625, 1.826578348497408e-18, nan 
102.625, 71.625, 1.4748324734007625e-18, nan 
102.875, 71.625, 1.257730983852459e-18, nan 
103.125, 71.625, 2.5357656888792437e-18, nan 
103.375, 71.625, 1.3585084321745361e-18, nan 
103.625, 71.625, 1.863167710434186e-18, nan 
103.875, 71.625, 2.3006424547340315e-18, nan 
104.125, 71.625, 2.473906223907663e-18, nan 
104.375, 71.625, 2.679337782559937e-18, nan 
104.625, 71.625, 3.2076135560830362e-18, nan 
104.875, 71.625, 3.3799027195696453e-18, nan 
105.125, 71.625, 4.782880392941252e-18, nan 
105.375, 71.625, 4.835659799345009e-18, nan 
105.625, 71.625, 5.131652859332211e-18, nan 
105.875, 71.625, 5.541446446791366e-18, nan 
106.125, 71.625, 6.088342057120908e-18, nan 
106.375, 71.625, 6.183982973657905e-18, nan 
106.625, 71.625, 6.111340929913379e-18, nan 
106.875, 71.625, 7.307162665423169e-18, nan 
107.125, 71.625, 6.846630868774192e-18, nan 
107.375, 71.625, 9.065432841267723e-18, nan 
107.625, 71.625, 1.3950971564638378e-17, nan 
107.875, 71.625, 1.855908039543991e-17, nan 
108.125, 71.625, 2.0629719751033554e-17, nan 
108.375, 71.625, 2.4146045049346305e-17, nan 
108.625, 71.625, 2.639248166207702e-17, nan 
108.875, 71.625, 1.5030100855056108e-17, nan 
109.125, 71.625, 2.4342101461359504e-17, nan 
109.375, 71.625, 3.5487459040757656e-17, nan 
109.625, 71.625, 3.447381441905145e-17, nan 
109.875, 71.625, 2.2453077367231792e-17, nan 
110.125, 71.625, 2.2436977871571192e-17, nan 
110.375, 71.625, 1.3053498008606731e-17, nan 
110.625, 71.625, 1.2878676320251295e-17, nan 
110.875, 71.625, 1.3867916995631678e-17, nan 
111.125, 71.625, 1.1097532804466524e-17, nan 
111.375, 71.625, 1.3692021114725104e-17, nan 
111.625, 71.625, 1.0278891674600159e-17, nan 
111.875, 71.625, 6.877549644733438e-18, nan 
112.125, 71.625, 5.159004550604544e-18, nan 
112.375, 71.625, 7.987638781670217e-18, nan 
112.625, 71.625, 5.2940855821727234e-18, nan 
112.875, 71.625, 4.910037272091009e-18, nan 
113.125, 71.625, 5.48437929297926e-18, nan 
113.375, 71.625, 4.712540497116261e-18, nan 
113.625, 71.625, 4.386463101594738e-18, nan 
113.875, 71.625, 3.085622220471436e-18, nan 
114.125, 71.625, 1.6746434801298305e-18, nan 
114.375, 71.625, 4.728327525426123e-19, nan 
114.625, 71.625, 1.178629572669223e-18, nan 
114.875, 71.625, 6.215142800149275e-19, nan 
115.125, 71.625, 7.632787266222048e-19, nan 
115.375, 71.625, 9.531854185076927e-19, nan 
115.625, 71.625, 1.1458644229350916e-18, nan 
115.875, 71.625, 9.661051033455756e-19, nan 
116.125, 71.625, 5.120378513325365e-19, nan 
116.375, 71.625, 8.242968474934006e-19, nan 
116.625, 71.625, 5.762127519396567e-19, nan 
116.875, 71.625, 2.588734488051203e-19, nan 
117.125, 71.625, 1.7184989531960367e-19, nan 
117.375, 71.625, 2.303624163415949e-19, nan 
117.625, 71.625, 2.439163013921373e-19, nan 
117.875, 71.625, 1.876424595691511e-19, nan 
118.125, 71.625, 1.2400791395165416e-19, nan 
118.375, 71.625, 1.5070332393006517e-19, nan 
118.625, 71.625, 7.103095799620311e-20, nan 
118.875, 71.625, 1.075119351135946e-19, nan 
119.125, 71.625, 1.0693479221350647e-19, nan 
119.375, 71.625, 1.6311168799870817e-19, nan 
119.625, 71.625, 2.358985851659084e-19, nan 
119.875, 71.625, 1.4578739076466728e-19, nan 
120.125, 71.625, 1.5679909197246064e-19, nan 
120.375, 71.625, 1.763055579863707e-19, nan 
120.625, 71.625, 1.1087089522605459e-19, nan 
120.875, 71.625, 8.662762941089526e-20, nan 
121.125, 71.625, 4.187562458338286e-20, nan 
121.375, 71.625, 7.552075442640741e-20, nan 
121.625, 71.625, 6.73297794159214e-20, nan 
121.875, 71.625, 7.39323269504216e-20, nan 
122.125, 71.625, 1.3834448319084158e-19, nan 
122.375, 71.625, 1.6194540978635923e-19, nan 
122.625, 71.625, 1.1923146510528597e-19, nan 
122.875, 71.625, 1.0483202726800016e-19, nan 
123.125, 71.625, 1.0611740061576624e-19, nan 
123.375, 71.625, 5.468175998154744e-20, nan 
123.625, 71.625, 3.790787722591313e-20, nan 
123.875, 71.625, 1.0003475196597101e-20, nan 
124.125, 71.625, 2.2625507050931843e-20, nan 
124.375, 71.625, 3.2697983432806783e-20, nan 
124.625, 71.625, 3.7860616336740697e-20, nan 
124.875, 71.625, 3.263495841765432e-20, nan 
125.125, 71.625, 2.801212146434027e-20, nan 
125.375, 71.625, 3.7596145254562494e-20, nan 
125.625, 71.625, 2.4498922188583287e-20, nan 
125.875, 71.625, 2.4913003391365566e-20, nan 
126.125, 71.625, 1.8316028246709215e-20, nan 
126.375, 71.625, 1.512651732381701e-20, nan 
126.625, 71.625, 2.7104615946602245e-20, nan 
126.875, 71.625, 2.3807878085733542e-20, nan 
127.125, 71.625, 1.9493702343953136e-20, nan 
127.375, 71.625, 1.6415401508351746e-20, nan 
127.625, 71.625, 1.2355204796062114e-20, nan 
127.875, 71.625, 2.1141262139402593e-20, nan 
128.125, 71.625, 1.435439391014283e-20, nan 
128.375, 71.625, 1.6755667767811783e-20, nan 
128.625, 71.625, 1.2578048783491587e-20, nan 
128.875, 71.625, 1.3473366096857163e-20, nan 
129.125, 71.625, 2.287970777971758e-20, nan 
129.375, 71.625, 1.540851039887865e-20, nan 
129.625, 71.625, 1.4723134837283295e-20, nan 
129.875, 71.625, 1.5252476857799066e-20, nan 
130.125, 71.625, 1.2995489999242407e-20, nan 
130.375, 71.625, 1.4983871633677876e-20, nan 
130.625, 71.625, 8.956436124664948e-21, nan 
130.875, 71.625, 1.367325453853818e-20, nan 
131.125, 71.625, 1.9868770485587324e-20, nan 
131.375, 71.625, 1.006955143020391e-20, nan 
131.625, 71.625, 8.917163015453266e-21, nan 
131.875, 71.625, 7.445983381179673e-21, nan 
132.125, 71.625, 9.041407223683725e-21, nan 
132.375, 71.625, 1.1033258131762138e-20, nan 
132.625, 71.625, 6.212294085660273e-21, nan 
132.875, 71.625, 3.1862832184593153e-21, nan 
133.125, 71.625, 4.1766975579978135e-21, nan 
133.375, 71.625, 3.597173352130663e-21, nan 
133.625, 71.625, 3.3068408266552155e-21, nan 
133.875, 71.625, 3.846860290202927e-21, nan 
134.125, 71.625, 3.36662019515131e-21, nan 
134.375, 71.625, 2.975715590616287e-21, nan 
134.625, 71.625, 2.4228204766078217e-21, nan 
134.875, 71.625, 2.124286955837419e-21, nan 
135.125, 71.625, 2.4448909435513614e-21, nan 
135.375, 71.625, 1.3466332244441804e-21, nan 
135.625, 71.625, 2.8633525812737672e-21, nan 
135.875, 71.625, 3.3552118992571165e-21, nan 
136.125, 71.625, 2.3880254949535064e-21, nan 
136.375, 71.625, 2.2493223046039154e-21, nan 
136.625, 71.625, 2.4622166461590222e-21, nan 
136.875, 71.625, 1.5614158884188862e-21, nan 
137.125, 71.625, 9.65203903981265e-22, nan 
137.375, 71.625, 1.065712325129618e-21, nan 
137.625, 71.625, 1.183868430831949e-21, nan 
137.875, 71.625, 2.073175024868535e-21, nan 
138.125, 71.625, 1.9175044894369433e-21, nan 
138.375, 71.625, 1.4031595774725094e-21, nan 
138.625, 71.625, 2.4986954035196256e-21, nan 
138.875, 71.625, 1.5529408316029368e-21, nan 
139.125, 71.625, 1.3170508390296248e-21, nan 
139.375, 71.625, 1.9611273150474024e-21, nan 
139.625, 71.625, 2.3123701521867763e-21, nan 
139.875, 71.625, 2.25499676835339e-21, nan 
140.125, 71.625, 1.178638549719759e-21, nan 
140.375, 71.625, 1.5363910709755188e-21, nan 
140.625, 71.625, 1.3285763953890516e-21, nan 
140.875, 71.625, 4.040429890147151e-22, nan 
141.125, 71.625, 2.4936079792548715e-22, nan 
141.375, 71.625, 6.41843376999389e-22, nan 
141.625, 71.625, 3.9501602840052923e-22, nan 
141.875, 71.625, 4.1455101175854238e-22, nan 
142.125, 71.625, 3.7005661993188036e-22, nan 
142.375, 71.625, 3.3178971463423115e-22, nan 
142.625, 71.625, 6.383096668390724e-22, nan 
142.875, 71.625, 4.837407229184591e-22, nan 
143.125, 71.625, 1.5667847198758018e-22, nan 
143.375, 71.625, 9.365227957874796e-22, nan 
143.625, 71.625, 5.9885639898444415e-22, nan 
143.875, 71.625, 4.217002282338133e-22, nan 
144.125, 71.625, 6.179863295370862e-22, nan 
144.375, 71.625, 4.679800180665194e-22, nan 
144.625, 71.625, 3.7602848720906093e-22, nan 
144.875, 71.625, 8.683385135084642e-22, nan 
145.125, 71.625, 8.318672359568285e-22, nan 
145.375, 71.625, 5.246555540208326e-22, nan 
145.625, 71.625, 5.352878445650322e-22, nan 
145.875, 71.625, 3.53295525423432e-22, nan 
146.125, 71.625, 1.8755468308976365e-22, nan 
146.375, 71.625, 3.480137759909568e-22, nan 
146.625, 71.625, 3.8089876278067496e-22, nan 
146.875, 71.625, 4.507619317142831e-22, nan 
147.125, 71.625, 3.913321190635535e-22, nan 
147.375, 71.625, 6.253003227937512e-22, nan 
147.625, 71.625, 4.2014497475042645e-22, nan 
147.875, 71.625, 3.788332286552349e-22, nan 
148.125, 71.625, 2.92813181288603e-22, nan 
148.375, 71.625, 2.5300999799546352e-22, nan 
148.625, 71.625, 2.341190772050431e-22, nan 
148.875, 71.625, 1.8000311299392854e-22, nan 
149.125, 71.625, 1.525825522812798e-22, nan 
149.375, 71.625, 1.6314069740447062e-22, nan 
149.625, 71.625, 2.0540418496870353e-22, nan 
149.875, 71.625, 3.0592771458766874e-22, nan 
150.125, 71.625, 1.7012015929764944e-22, nan 
150.375, 71.625, 1.448487173338831e-22, nan 
150.625, 71.625, 2.4754192279624256e-22, nan 
150.875, 71.625, 1.5866531427587006e-22, nan 
151.125, 71.625, 1.308693634269094e-22, nan 
151.375, 71.625, 2.0741446178435735e-22, nan 
151.625, 71.625, 1.9421207880038926e-22, nan 
151.875, 71.625, 7.749157118921406e-23, nan 
152.125, 71.625, 1.2511071942566968e-22, nan 
152.375, 71.625, 2.2687503893528448e-22, nan 
152.625, 71.625, 1.424483126915448e-22, nan 
152.875, 71.625, 9.473504258772568e-23, nan 
153.125, 71.625, 1.5442007097854506e-22, nan 
153.375, 71.625, 1.12255973641544e-22, nan 
153.625, 71.625, 7.180724999378069e-23, nan 
153.875, 71.625, 6.101950658733546e-23, nan 
154.125, 71.625, 3.3066620182479176e-23, nan 
154.375, 71.625, 5.259189292623772e-23, nan 
154.625, 71.625, 9.426057414935341e-23, nan 
154.875, 71.625, 8.722239225282037e-23, nan 
155.125, 71.625, 9.03918744606813e-23, nan 
155.375, 71.625, 9.348463577537041e-23, nan 
155.625, 71.625, 9.085828044780558e-23, nan 
155.875, 71.625, 8.584753168687643e-23, nan 
156.125, 71.625, 6.760356504566227e-23, nan 
156.375, 71.625, 9.59804792424059e-23, nan 
156.625, 71.625, 1.2034209062507505e-22, nan 
156.875, 71.625, 1.3553411634766638e-22, nan 
157.125, 71.625, 1.9675870376717168e-22, nan 
157.375, 71.625, 2.023039730911348e-22, nan 
157.625, 71.625, 1.4034997097465516e-22, nan 
157.875, 71.625, 1.417385957552745e-22, nan 
158.125, 71.625, 7.00997588315222e-23, nan 
158.375, 71.625, 3.4672800295032534e-23, nan 
158.625, 71.625, 2.878715394416084e-23, nan 
158.875, 71.625, 4.172548528038745e-23, nan 
159.125, 71.625, 4.945728931857331e-23, nan 
159.375, 71.625, 4.2056226753567004e-23, nan 
159.625, 71.625, 4.801265154095152e-23, nan 
159.875, 71.625, 3.4801357054433475e-23, nan 
160.125, 71.625, 3.2683604092411236e-23, nan 
160.375, 71.625, 5.942940879564293e-23, nan 
160.625, 71.625, 3.9082516589751733e-23, nan 
160.875, 71.625, 4.4407123480882086e-23, nan 
161.125, 71.625, 8.77180063444783e-23, nan 
161.375, 71.625, 6.299369426643137e-23, nan 
161.625, 71.625, 1.2547412950762941e-22, nan 
161.875, 71.625, 9.984658961301973e-23, nan 
162.125, 71.625, 1.6475966938442593e-22, nan 
162.375, 71.625, 1.7221854672422856e-22, nan 
162.625, 71.625, 1.8161967860645157e-22, nan 
162.875, 71.625, 1.8047508305418888e-22, nan 
163.125, 71.625, 1.637995545355035e-22, nan 
163.375, 71.625, 1.821561877150778e-22, nan 
163.625, 71.625, 1.2229641734074802e-22, nan 
163.875, 71.625, 1.2579090785279205e-22, nan 
164.125, 71.625, 1.0232243299477064e-22, nan 
164.375, 71.625, 1.3835244368791587e-22, nan 
164.625, 71.625, 1.7821160973841505e-22, nan 
164.875, 71.625, 1.6190471280647314e-22, nan 
165.125, 71.625, 1.9760263752811664e-22, nan 
165.375, 71.625, 2.1046836404727736e-22, nan 
165.625, 71.625, 1.8704702380024011e-22, nan 
165.875, 71.625, 2.4019845405751943e-22, nan 
166.125, 71.625, 2.5800463109517623e-22, nan 
166.375, 71.625, 2.134406003740858e-22, nan 
166.625, 71.625, 3.498148995842531e-22, nan 
166.875, 71.625, 3.1538233505563644e-22, nan 
167.125, 71.625, 1.0265492784694119e-22, nan 
167.375, 71.625, 2.1059901959995275e-22, nan 
167.625, 71.625, 1.8244751989365238e-22, nan 
167.875, 71.625, 3.3423021510120245e-23, nan 
168.125, 71.625, 2.2018531827688515e-23, nan 
168.375, 71.625, 5.766976034522684e-23, nan 
168.625, 71.625, 7.113622600879849e-23, nan 
168.875, 71.625, 1.3903332173754668e-23, nan 
169.125, 71.625, 8.042707764003933e-23, nan 
169.375, 71.625, 9.209374395200707e-23, nan 
169.625, 71.625, 4.3443497138404147e-23, nan 
169.875, 71.625, 6.304594534011215e-23, nan 
170.125, 71.625, 6.06966799187178e-23, nan 
170.375, 71.625, 6.670998589658869e-23, nan 
170.625, 71.625, 4.6844147853256294e-23, nan 
170.875, 71.625, 3.571424037525056e-23, nan 
171.125, 71.625, 2.8481434532988587e-23, nan 
171.375, 71.625, 2.6068953608574874e-23, nan 
171.625, 71.625, 2.2721454939189944e-23, nan 
171.875, 71.625, 1.3700602008837988e-23, nan 
172.125, 71.625, 1.340223301541153e-23, nan 
172.375, 71.625, 1.7970573562010794e-23, nan 
172.625, 71.625, 1.847696656814839e-23, nan 
172.875, 71.625, 1.2346111107192146e-23, nan 
173.125, 71.625, 1.0567596255400182e-23, nan 
173.375, 71.625, 1.3185516813061735e-23, nan 
173.625, 71.625, 1.54825294590831e-23, nan 
173.875, 71.625, 1.555075993662878e-23, nan 
174.125, 71.625, 1.7936026425715755e-23, nan 
174.375, 71.625, 2.1501988360138512e-23, nan 
174.625, 71.625, 1.9215261344565506e-23, nan 
174.875, 71.625, 1.7863956856691446e-23, nan 
175.125, 71.625, 1.7549313310117878e-23, nan 
175.375, 71.625, 2.7152554767958696e-23, nan 
175.625, 71.625, 3.535490385542767e-23, nan 
175.875, 71.625, 3.311396079438461e-23, nan 
176.125, 71.625, 2.6150528070629645e-23, nan 
176.375, 71.625, 2.61672723154808e-23, nan 
176.625, 71.625, 2.082261745857852e-23, nan 
176.875, 71.625, 1.0738509549062766e-23, nan 
177.125, 71.625, 1.8152720668168562e-23, nan 
177.375, 71.625, 1.701318422672725e-23, nan 
177.625, 71.625, 1.5957196355058282e-23, nan 
177.875, 71.625, 1.493968107209392e-23, nan 
178.125, 71.625, 1.7362861774809955e-23, nan 
178.375, 71.625, 1.5474883842858402e-23, nan 
178.625, 71.625, 1.666981366103107e-23, nan 
178.875, 71.625, 2.368583043519845e-23, nan 
179.125, 71.625, 1.767478471446674e-23, nan 
179.375, 71.625, 1.1858824346203545e-23, nan 
179.625, 71.625, 1.3958835775823394e-23, nan 
179.875, 71.625, 1.02757038955593e-23, nan 
-179.875, 71.875, 1.3037226080796328e-23, nan 
-179.625, 71.875, 1.253166414593127e-23, nan 
-179.375, 71.875, 1.3430720673496242e-23, nan 
-179.125, 71.875, 1.2197961272588737e-23, nan 
-178.875, 71.875, 7.677712288205654e-24, nan 
-178.625, 71.875, 6.50365136683916e-24, nan 
-178.375, 71.875, 5.9838851856882564e-24, nan 
-178.125, 71.875, 2.1499423135920076e-24, nan 
-177.875, 71.875, 1.061986821696543e-23, nan 
-177.625, 71.875, 1.1671395194793866e-23, nan 
-177.375, 71.875, 3.1879043799147334e-24, nan 
-177.125, 71.875, 1.6926872047053268e-23, nan 
-176.875, 71.875, 1.7189162772387238e-23, nan 
-176.625, 71.875, 7.79410157450823e-24, nan 
-176.375, 71.875, 9.71665075507124e-24, nan 
-176.125, 71.875, 9.697675625615021e-24, nan 
-175.875, 71.875, 3.5645247557171315e-24, nan 
-175.625, 71.875, 3.952215211713489e-24, nan 
-175.375, 71.875, 5.213428665008519e-24, nan 
-175.125, 71.875, 8.24062446325453e-24, nan 
-174.875, 71.875, 7.659242510371792e-24, nan 
-174.625, 71.875, 5.513469302896376e-24, nan 
-174.375, 71.875, 1.0560865812983478e-23, nan 
-174.125, 71.875, 1.118635925742418e-23, nan 
-173.875, 71.875, 8.405740675504318e-24, nan 
-173.625, 71.875, 1.7203766045741742e-23, nan 
-173.375, 71.875, 1.025182812291576e-23, nan 
-173.125, 71.875, 7.122109082354993e-24, nan 
-172.875, 71.875, 2.8727703702781256e-23, nan 
-172.625, 71.875, 1.9050051169328622e-23, nan 
-172.375, 71.875, 1.4558737039573206e-23, nan 
-172.125, 71.875, 3.210471946555579e-23, nan 
-171.875, 71.875, 1.2938042270341813e-23, nan 
-171.625, 71.875, 9.473683401029037e-24, nan 
-171.375, 71.875, 5.5334861206971875e-24, nan 
-171.125, 71.875, 5.006009776991144e-24, nan 
-170.875, 71.875, 9.845976893727754e-24, nan 
-170.625, 71.875, 8.112906781186987e-24, nan 
-170.375, 71.875, 8.0968907863673e-24, nan 
-170.125, 71.875, 7.601260731837383e-24, nan 
-169.875, 71.875, 5.761263074392655e-24, nan 
-169.625, 71.875, 6.362814939627731e-24, nan 
-169.375, 71.875, 8.135608829520387e-24, nan 
-169.125, 71.875, 1.0500980333793788e-23, nan 
-168.875, 71.875, 1.2824083584633644e-23, nan 
-168.625, 71.875, 1.0294346672496643e-23, nan 
-168.375, 71.875, 1.0888340808913053e-23, nan 
-168.125, 71.875, 9.577178799984408e-24, nan 
-167.875, 71.875, 7.340423483962328e-24, nan 
-167.625, 71.875, 1.0768210943407204e-23, nan 
-167.375, 71.875, 1.0618195233735358e-23, nan 
-167.125, 71.875, 1.3632185959149654e-23, nan 
-166.875, 71.875, 1.2880823585666044e-23, nan 
-166.625, 71.875, 1.2427845701706677e-23, nan 
-166.375, 71.875, 9.312147765118509e-24, nan 
-166.125, 71.875, 1.023107917828844e-23, nan 
-165.875, 71.875, 1.1964774767235147e-23, nan 
-165.625, 71.875, 1.01106486100145e-23, nan 
-165.375, 71.875, 1.2641409146885076e-23, nan 
-165.125, 71.875, 8.849829644137187e-24, nan 
-164.875, 71.875, 1.3293858872651976e-23, nan 
-164.625, 71.875, 1.2186306405522231e-23, nan 
-164.375, 71.875, 7.117127653736238e-24, nan 
-164.125, 71.875, 4.7487780482186326e-24, nan 
9.625, 71.875, 9.769941812769718e-25, nan 
9.875, 71.875, 9.881675176212919e-25, nan 
10.125, 71.875, 9.279727548659966e-25, nan 
10.375, 71.875, 1.2556986611038458e-24, nan 
10.625, 71.875, 1.4973572438942808e-24, nan 
10.875, 71.875, 1.3921266804290808e-24, nan 
11.125, 71.875, 1.734599341018772e-24, nan 
11.375, 71.875, 1.0838839394861965e-24, nan 
11.625, 71.875, 1.7797909233429024e-24, nan 
11.875, 71.875, 1.6950656126969095e-24, nan 
12.125, 71.875, 1.0221572824933695e-24, nan 
12.375, 71.875, 1.1351855634793242e-24, nan 
12.625, 71.875, 4.93996392855856e-25, nan 
12.875, 71.875, 4.237645624848073e-25, nan 
13.125, 71.875, 1.0038891890584826e-24, nan 
13.375, 71.875, 4.863508573680833e-25, nan 
13.625, 71.875, 5.860240744427109e-25, nan 
13.875, 71.875, 3.7116807371950094e-25, nan 
14.125, 71.875, 7.2822623252863765e-25, nan 
14.375, 71.875, 7.4177269380873e-25, nan 
14.625, 71.875, 8.440687023763692e-25, nan 
14.875, 71.875, 8.843855577078644e-25, nan 
15.125, 71.875, 7.864116935746702e-25, nan 
15.375, 71.875, 8.739089778439784e-25, nan 
15.625, 71.875, 1.0121073259601496e-24, nan 
15.875, 71.875, 8.806191115140587e-25, nan 
16.125, 71.875, 8.058670492969495e-25, nan 
16.375, 71.875, 1.4532360949388294e-24, nan 
16.625, 71.875, 8.919828809690366e-25, nan 
16.875, 71.875, 1.2718696360369856e-24, nan 
17.125, 71.875, 2.3251984616630657e-24, nan 
17.375, 71.875, 9.254305100605024e-25, nan 
17.625, 71.875, 1.039950379160579e-24, nan 
17.875, 71.875, 1.1200517496046038e-24, nan 
18.125, 71.875, 2.440417509860694e-24, nan 
18.375, 71.875, 2.0906457303017942e-24, nan 
18.625, 71.875, 1.1414927394489281e-24, nan 
18.875, 71.875, 2.755347806287699e-24, nan 
19.125, 71.875, 2.0431127670686126e-24, nan 
19.375, 71.875, 1.0545516874044464e-24, nan 
19.625, 71.875, 1.3320934164541899e-24, nan 
19.875, 71.875, 1.8570098054286506e-24, nan 
20.125, 71.875, 1.3635594561781833e-24, nan 
20.375, 71.875, 1.4861599878454368e-24, nan 
20.625, 71.875, 1.6827241408443752e-24, nan 
20.875, 71.875, 1.3061523802416582e-24, nan 
21.125, 71.875, 1.3571631318442821e-24, nan 
21.375, 71.875, 2.94796354599677e-24, nan 
21.625, 71.875, 3.0276291495501015e-24, nan 
21.875, 71.875, 1.959788709125387e-24, nan 
22.125, 71.875, 2.603863439350598e-24, nan 
22.375, 71.875, 2.850039606997573e-24, nan 
22.625, 71.875, 2.0330324286765994e-24, nan 
22.875, 71.875, 1.2595792762762501e-24, nan 
23.125, 71.875, 1.3996768868912135e-24, nan 
23.375, 71.875, 1.7172631922660665e-24, nan 
23.625, 71.875, 1.8358109069030817e-24, nan 
23.875, 71.875, 1.4329014524081322e-24, nan 
24.125, 71.875, 2.8368739778711407e-24, nan 
24.375, 71.875, 2.805675409607574e-24, nan 
24.625, 71.875, 2.8847591302940673e-24, nan 
24.875, 71.875, 2.8225141017719412e-24, nan 
25.125, 71.875, 3.1045736980163036e-24, nan 
25.375, 71.875, 2.839823247833753e-24, nan 
25.625, 71.875, 2.151549463460612e-24, nan 
25.875, 71.875, 2.3750914356887945e-24, nan 
26.125, 71.875, 2.20906771316086e-24, nan 
26.375, 71.875, 2.818534405661768e-24, nan 
26.625, 71.875, 3.6848739376784466e-24, nan 
26.875, 71.875, 3.188798433021705e-24, nan 
27.125, 71.875, 2.5240031446955076e-24, nan 
27.375, 71.875, 3.2883777484446548e-24, nan 
27.625, 71.875, 2.6444251650761585e-24, nan 
27.875, 71.875, 2.6046315900601178e-24, nan 
28.125, 71.875, 3.3635127700786344e-24, nan 
28.375, 71.875, 3.4505540767269146e-24, nan 
28.625, 71.875, 2.9688670010574227e-24, nan 
28.875, 71.875, 3.942078968448054e-24, nan 
29.125, 71.875, 6.239577095157474e-24, nan 
29.375, 71.875, 3.578040658483073e-24, nan 
29.625, 71.875, 5.2773186564774584e-24, nan 
29.875, 71.875, 1.0499271002678092e-23, nan 
30.125, 71.875, 5.999846172928952e-24, nan 
30.375, 71.875, 1.4049663504859629e-24, nan 
30.625, 71.875, 3.5666507967780274e-24, nan 
30.875, 71.875, 3.643033591927633e-24, nan 
31.125, 71.875, 2.5880936737163776e-24, nan 
31.375, 71.875, 3.67512133767826e-24, nan 
31.625, 71.875, 4.422012884364803e-24, nan 
31.875, 71.875, 3.797665317203508e-24, nan 
32.125, 71.875, 4.432267582937961e-24, nan 
32.375, 71.875, 3.6958595104857765e-24, nan 
32.625, 71.875, 4.3477525166322525e-24, nan 
32.875, 71.875, 4.8478928362470736e-24, nan 
33.125, 71.875, 2.8433038687161377e-24, nan 
33.375, 71.875, 3.987659053710444e-24, nan 
33.625, 71.875, 3.4386723207287654e-24, nan 
33.875, 71.875, 4.447458620673335e-24, nan 
34.125, 71.875, 5.6361763400669275e-24, nan 
34.375, 71.875, 5.0059649350674385e-24, nan 
34.625, 71.875, 2.282945263247024e-24, nan 
34.875, 71.875, 2.869050581656063e-24, nan 
35.125, 71.875, 2.6038784758913437e-24, nan 
35.375, 71.875, 2.059480400367531e-24, nan 
35.625, 71.875, 2.410418398655352e-24, nan 
35.875, 71.875, 3.057828107329496e-24, nan 
36.125, 71.875, 4.182956918099729e-24, nan 
36.375, 71.875, 5.348912897864999e-24, nan 
36.625, 71.875, 1.441204300779913e-23, nan 
36.875, 71.875, 1.2006657256973018e-23, nan 
37.125, 71.875, 7.871718671150948e-24, nan 
37.375, 71.875, 2.9879008183969136e-24, nan 
37.625, 71.875, 6.581393803070478e-24, nan 
37.875, 71.875, 9.805390096476919e-24, nan 
38.125, 71.875, 9.160046365826437e-24, nan 
38.375, 71.875, 8.36359379161818e-24, nan 
38.625, 71.875, 8.02456049598798e-24, nan 
38.875, 71.875, 1.2403049766322363e-23, nan 
39.125, 71.875, 1.2018635633372272e-23, nan 
39.375, 71.875, 8.809153473833276e-24, nan 
39.625, 71.875, 1.1744301351254383e-23, nan 
39.875, 71.875, 4.9045654170905004e-24, nan 
40.125, 71.875, 3.90264798470721e-24, nan 
40.375, 71.875, 1.0820855366182876e-23, nan 
40.625, 71.875, 7.409921536621685e-24, nan 
40.875, 71.875, 3.381034743800675e-24, nan 
41.125, 71.875, 8.020853157662085e-24, nan 
41.375, 71.875, 8.449320030086109e-24, nan 
41.625, 71.875, 5.13886134900355e-24, nan 
41.875, 71.875, 3.704748633772127e-24, nan 
42.125, 71.875, 3.692973798054527e-24, nan 
42.375, 71.875, 3.664061756884522e-24, nan 
42.625, 71.875, 3.6949476838422486e-24, nan 
42.875, 71.875, 3.123462011315875e-24, nan 
43.125, 71.875, 3.954484612737916e-24, nan 
43.375, 71.875, 1.7085506683155056e-24, nan 
43.625, 71.875, 3.3291279151749904e-24, nan 
43.875, 71.875, 3.2490458488726843e-24, nan 
44.125, 71.875, 1.7656546841186554e-24, nan 
44.375, 71.875, 4.322578599193634e-24, nan 
44.625, 71.875, 2.001269777438894e-24, nan 
44.875, 71.875, 1.918467814306915e-24, nan 
45.125, 71.875, 3.393243411346381e-24, nan 
45.375, 71.875, 5.076791132666248e-24, nan 
45.625, 71.875, 2.8339653940030043e-24, nan 
45.875, 71.875, 4.167438050904947e-24, nan 
46.125, 71.875, 7.099426788306629e-24, nan 
46.375, 71.875, 8.823853547547112e-24, nan 
46.625, 71.875, 1.1444202908004621e-23, nan 
46.875, 71.875, 1.7116099191365614e-23, nan 
47.125, 71.875, 1.0944533782095382e-23, nan 
47.375, 71.875, 1.3099405428604232e-23, nan 
47.625, 71.875, 2.2080415134682605e-23, nan 
47.875, 71.875, 1.608744969413586e-23, nan 
48.125, 71.875, 5.65300633493476e-24, nan 
48.375, 71.875, 1.3209918454783296e-23, nan 
48.625, 71.875, 9.441808794968994e-24, nan 
48.875, 71.875, 1.1546771892388695e-23, nan 
49.125, 71.875, 8.210127306981286e-24, nan 
49.375, 71.875, 1.8534835582354294e-23, nan 
49.625, 71.875, 1.369008460466978e-23, nan 
49.875, 71.875, 1.6535590500932322e-23, nan 
50.125, 71.875, 3.665087073626772e-23, nan 
50.375, 71.875, 3.436283517165477e-23, nan 
50.625, 71.875, 3.5361233206945934e-23, nan 
50.875, 71.875, 2.473551295465618e-23, nan 
51.125, 71.875, 2.2144411628403026e-23, nan 
51.375, 71.875, 2.880982290164712e-23, nan 
51.625, 71.875, 8.394420269132051e-24, nan 
51.875, 71.875, 6.69252347786416e-24, nan 
52.125, 71.875, 9.370231646293547e-24, nan 
52.375, 71.875, 7.941102242972555e-24, nan 
52.625, 71.875, 1.0069391268516301e-23, nan 
52.875, 71.875, 1.1172683585614328e-23, nan 
53.125, 71.875, 1.1718290987098725e-23, nan 
53.375, 71.875, 9.51990237207877e-24, nan 
53.625, 71.875, 2.053160000551757e-23, nan 
53.875, 71.875, 2.879631920745687e-23, nan 
54.125, 71.875, 4.523478528646167e-23, nan 
54.375, 71.875, 4.439418262242683e-23, nan 
54.625, 71.875, 3.1372988866504807e-23, nan 
54.875, 71.875, 3.922421248002395e-23, nan 
55.125, 71.875, 3.7120339544434435e-23, nan 
55.375, 71.875, 2.7553239073920975e-23, nan 
55.625, 71.875, 2.297012478771572e-23, nan 
55.875, 71.875, 8.705618692231454e-24, nan 
56.125, 71.875, 7.919156614468806e-24, nan 
56.375, 71.875, 1.333782064992627e-23, nan 
56.625, 71.875, 1.345422110850522e-23, nan 
56.875, 71.875, 1.3027517597292169e-23, nan 
57.125, 71.875, 9.197490778989727e-24, nan 
57.375, 71.875, 1.0623638754865497e-23, nan 
57.625, 71.875, 1.7558404904959014e-23, nan 
57.875, 71.875, 1.0598135340048464e-23, nan 
58.125, 71.875, 1.2169674236026297e-23, nan 
58.375, 71.875, 2.3248593655581647e-23, nan 
58.625, 71.875, 2.3763742140915218e-23, nan 
58.875, 71.875, 9.788299166065966e-24, nan 
59.125, 71.875, 3.0021029602073277e-23, nan 
59.375, 71.875, 4.3438359403300105e-23, nan 
59.625, 71.875, 4.59584794534488e-23, nan 
59.875, 71.875, 4.6340632772501467e-23, nan 
60.125, 71.875, 5.602064789141702e-23, nan 
60.375, 71.875, 4.6938206139639727e-23, nan 
60.625, 71.875, 3.848318562859383e-23, nan 
60.875, 71.875, 4.091010076393061e-23, nan 
61.125, 71.875, 2.6036529906124178e-23, nan 
61.375, 71.875, 4.073103475121749e-23, nan 
61.625, 71.875, 6.223973725101083e-23, nan 
61.875, 71.875, 1.0496999033190393e-22, nan 
62.125, 71.875, 1.3881485636529097e-22, nan 
62.375, 71.875, 1.4546877666044031e-22, nan 
62.625, 71.875, 1.301935242061413e-22, nan 
62.875, 71.875, 1.376452337109073e-22, nan 
63.125, 71.875, 1.720567725280907e-22, nan 
63.375, 71.875, 1.360600677563593e-22, nan 
63.625, 71.875, 9.736149959575375e-23, nan 
63.875, 71.875, 1.0264628407353084e-22, nan 
64.125, 71.875, 6.960181323026855e-23, nan 
64.375, 71.875, 6.83958044098493e-23, nan 
64.625, 71.875, 5.152345240188829e-23, nan 
64.875, 71.875, 9.930877122757e-23, nan 
65.125, 71.875, 1.0227907124781025e-22, nan 
65.375, 71.875, 5.430919268191703e-23, nan 
65.625, 71.875, 3.159944535193323e-23, nan 
65.875, 71.875, 4.791745641942323e-23, nan 
66.125, 71.875, 1.7918447315391115e-22, nan 
66.375, 71.875, 1.671858411562078e-22, nan 
66.625, 71.875, 1.372902536944989e-22, nan 
66.875, 71.875, 2.857627624976525e-22, nan 
67.125, 71.875, 2.9083735478876633e-22, nan 
67.375, 71.875, 1.8072356877852705e-22, nan 
67.625, 71.875, 1.548583943542221e-22, nan 
67.875, 71.875, 3.501450507669957e-22, nan 
68.125, 71.875, 1.7255809810672564e-22, nan 
68.375, 71.875, 1.5170894340602496e-22, nan 
68.625, 71.875, 1.9303764092257702e-22, nan 
68.875, 71.875, 1.4755054837707061e-22, nan 
69.125, 71.875, 1.0852564517244785e-22, nan 
69.375, 71.875, 2.0240264276931879e-22, nan 
69.625, 71.875, 4.0182849948632594e-22, nan 
69.875, 71.875, 4.904727142315046e-22, nan 
70.125, 71.875, 4.0671819953669507e-22, nan 
70.375, 71.875, 7.983486198164177e-22, nan 
70.625, 71.875, 1.045980421089154e-21, nan 
70.875, 71.875, 2.5080097931573447e-22, nan 
71.125, 71.875, 4.466864190070287e-22, nan 
71.375, 71.875, 5.933875571533495e-22, nan 
71.625, 71.875, 1.6666026159750612e-22, nan 
71.875, 71.875, 1.9941273600907439e-22, nan 
72.125, 71.875, 1.5532395550098284e-22, nan 
72.375, 71.875, 8.012293050150333e-23, nan 
72.625, 71.875, 1.4651864694630994e-22, nan 
72.875, 71.875, 1.8840122924257753e-22, nan 
73.125, 71.875, 1.0214474351025057e-22, nan 
73.375, 71.875, 7.132540672156585e-23, nan 
73.625, 71.875, 1.9170384429466878e-22, nan 
73.875, 71.875, 2.1260566731426495e-22, nan 
74.125, 71.875, 2.25711097389471e-22, nan 
74.375, 71.875, 2.697984612204678e-22, nan 
74.625, 71.875, 3.638270768405738e-22, nan 
74.875, 71.875, 3.8410008802720606e-22, nan 
75.125, 71.875, 1.8059573434460223e-22, nan 
75.375, 71.875, 4.805137594437322e-22, nan 
75.625, 71.875, 5.053968985385448e-22, nan 
75.875, 71.875, 2.3239435531552756e-22, nan 
76.125, 71.875, 2.6255228496646077e-22, nan 
76.375, 71.875, 3.3920949670764464e-22, nan 
76.625, 71.875, 3.6976011699985443e-22, nan 
76.875, 71.875, 1.7168367315702073e-22, nan 
77.125, 71.875, 1.7156873247064206e-22, nan 
77.375, 71.875, 4.039845008128778e-22, nan 
77.625, 71.875, 3.485489002672133e-22, nan 
77.875, 71.875, 2.7662423139570396e-22, nan 
78.125, 71.875, 3.301018378917103e-22, nan 
78.375, 71.875, 4.034383964142111e-22, nan 
78.625, 71.875, 2.6342414842364046e-22, nan 
78.875, 71.875, 3.6071298415189306e-22, nan 
79.125, 71.875, 4.0228633772361575e-22, nan 
79.375, 71.875, 4.67306344931573e-22, nan 
79.625, 71.875, 3.8444886002718183e-22, nan 
79.875, 71.875, 3.326015697521392e-22, nan 
80.125, 71.875, 5.41566109309756e-22, nan 
80.375, 71.875, 9.421549892105036e-22, nan 
80.625, 71.875, 1.2189067201999032e-21, nan 
80.875, 71.875, 1.0780008494750624e-21, nan 
81.125, 71.875, 1.1671134632845982e-21, nan 
81.375, 71.875, 1.2853159550143498e-21, nan 
81.625, 71.875, 1.1519503566116025e-21, nan 
81.875, 71.875, 1.3695241427504553e-21, nan 
82.125, 71.875, 1.1972628502283746e-21, nan 
82.375, 71.875, 1.004924837871335e-21, nan 
82.625, 71.875, 1.0173590906250095e-21, nan 
82.875, 71.875, 1.243983164210153e-21, nan 
83.125, 71.875, 1.2643606882016172e-21, nan 
83.375, 71.875, 1.216131741303567e-21, nan 
83.625, 71.875, 8.226321549426474e-22, nan 
83.875, 71.875, 1.3348337982227443e-21, nan 
84.125, 71.875, 1.5856866993058541e-21, nan 
84.375, 71.875, 2.676938124824644e-21, nan 
84.625, 71.875, 3.0182697761506675e-21, nan 
84.875, 71.875, 2.215797377413287e-21, nan 
85.125, 71.875, 1.5274941262043197e-21, nan 
85.375, 71.875, 2.8902770979456426e-21, nan 
85.625, 71.875, 3.0019333312161266e-21, nan 
85.875, 71.875, 4.178822264238156e-21, nan 
86.125, 71.875, 3.453131033267435e-21, nan 
86.375, 71.875, 2.9062004320284212e-21, nan 
86.625, 71.875, 4.1917828285183605e-21, nan 
86.875, 71.875, 2.902185191665782e-21, nan 
87.125, 71.875, 2.8386932038674702e-21, nan 
87.375, 71.875, 3.993659399139928e-21, nan 
87.625, 71.875, 1.5333352316228606e-21, nan 
87.875, 71.875, 3.3870538354023466e-21, nan 
88.125, 71.875, 4.7118961373597664e-21, nan 
88.375, 71.875, 5.5147104824356375e-21, nan 
88.625, 71.875, 4.4793577890129526e-21, nan 
88.875, 71.875, 6.2830991910793804e-21, nan 
89.125, 71.875, 6.670333108777602e-21, nan 
89.375, 71.875, 6.914392435984558e-21, nan 
89.625, 71.875, 9.745374659094706e-21, nan 
89.875, 71.875, 7.307689480243854e-21, nan 
90.125, 71.875, 9.251756318190317e-21, nan 
90.375, 71.875, 9.404033777229361e-21, nan 
90.625, 71.875, 7.10082300707982e-21, nan 
90.875, 71.875, 1.0759403915222257e-20, nan 
91.125, 71.875, 8.878010347728581e-21, nan 
91.375, 71.875, 6.2793249336992524e-21, nan 
91.625, 71.875, 6.270187453482385e-21, nan 
91.875, 71.875, 5.449720115831729e-21, nan 
92.125, 71.875, 6.2050169757047644e-21, nan 
92.375, 71.875, 1.0592656492595168e-20, nan 
92.625, 71.875, 1.6103882873865682e-20, nan 
92.875, 71.875, 1.728425554438542e-20, nan 
93.125, 71.875, 1.6937836740251276e-20, nan 
93.375, 71.875, 2.6629314919097442e-20, nan 
93.625, 71.875, 3.463778049373698e-20, nan 
93.875, 71.875, 3.8589455548486985e-20, nan 
94.125, 71.875, 3.592314117458992e-20, nan 
94.375, 71.875, 3.3626583788420587e-20, nan 
94.625, 71.875, 4.521643941248e-20, nan 
94.875, 71.875, 4.907689712144648e-20, nan 
95.125, 71.875, 4.39699119995428e-20, nan 
95.375, 71.875, 4.1349884078190354e-20, nan 
95.625, 71.875, 3.951857072388736e-20, nan 
95.875, 71.875, 2.850328452050094e-20, nan 
96.125, 71.875, 4.081443285754965e-20, nan 
96.375, 71.875, 2.6398129933049817e-20, nan 
96.625, 71.875, 3.123814740963256e-20, nan 
96.875, 71.875, 5.383036481905931e-20, nan 
97.125, 71.875, 6.435946403185022e-20, nan 
97.375, 71.875, 8.314027076591964e-20, nan 
97.625, 71.875, 9.925534540206729e-20, nan 
97.875, 71.875, 5.219764176881191e-20, nan 
98.125, 71.875, 1.2088752243092936e-19, nan 
98.375, 71.875, 1.5984710565960344e-19, nan 
98.625, 71.875, 1.6711443616754873e-19, nan 
98.875, 71.875, 3.604585544261218e-19, nan 
99.125, 71.875, 2.1468484278135439e-19, nan 
99.375, 71.875, 3.1009938198477485e-19, nan 
99.625, 71.875, 6.910606338215662e-19, nan 
99.875, 71.875, 5.883972800705893e-19, nan 
100.125, 71.875, 4.335462938961351e-19, nan 
100.375, 71.875, 6.578574629828275e-19, nan 
100.625, 71.875, 5.090285824980587e-19, nan 
100.875, 71.875, 4.493976424773176e-19, nan 
101.125, 71.875, 3.191669576620722e-19, nan 
101.375, 71.875, 3.9956263509522824e-19, nan 
101.625, 71.875, 3.801621306066312e-19, nan 
101.875, 71.875, 5.884395391916314e-19, nan 
102.125, 71.875, 3.9453113802287835e-19, nan 
102.375, 71.875, 3.993929829724901e-19, nan 
102.625, 71.875, 4.787496826387865e-19, nan 
102.875, 71.875, 9.326787965549665e-19, nan 
103.125, 71.875, 1.7407741431367293e-18, nan 
103.375, 71.875, 1.17949756189043e-18, nan 
103.625, 71.875, 1.8139649663873747e-18, nan 
103.875, 71.875, 1.8936956923781655e-18, nan 
104.125, 71.875, 2.365918240614889e-18, nan 
104.375, 71.875, 2.0468987776286504e-18, nan 
104.625, 71.875, 1.970962766867539e-18, nan 
104.875, 71.875, 1.737965390026931e-18, nan 
105.125, 71.875, 2.557576745195725e-18, nan 
105.375, 71.875, 3.493775074740575e-18, nan 
105.625, 71.875, 3.105080053200074e-18, nan 
105.875, 71.875, 5.212806183282362e-18, nan 
106.125, 71.875, 6.1345865884702e-18, nan 
106.375, 71.875, 2.8994473141082665e-18, nan 
106.625, 71.875, 7.48421702445984e-18, nan 
106.875, 71.875, 6.0772195254084024e-18, nan 
107.125, 71.875, 4.483504897016984e-18, nan 
107.375, 71.875, 6.7702179521296755e-18, nan 
107.625, 71.875, 4.933111060897733e-18, nan 
107.875, 71.875, 5.8429823141936026e-18, nan 
108.125, 71.875, 1.359086306708481e-17, nan 
108.375, 71.875, 1.5859691833671226e-17, nan 
108.625, 71.875, 1.715548687817016e-17, nan 
108.875, 71.875, 1.7530539308928758e-17, nan 
109.125, 71.875, 3.5275594972813543e-17, nan 
109.375, 71.875, 3.5889431499177e-17, nan 
109.625, 71.875, 7.05610277904792e-17, nan 
109.875, 71.875, 5.789590528312649e-17, nan 
110.125, 71.875, 7.005706628007267e-17, nan 
110.375, 71.875, 6.508295806956355e-17, nan 
110.625, 71.875, 4.9125771860556635e-17, nan 
110.875, 71.875, 5.778451361391574e-17, nan 
111.125, 71.875, 4.835980882708039e-17, nan 
111.375, 71.875, 3.851764320442299e-17, nan 
111.625, 71.875, 3.4931140675332616e-17, nan 
111.875, 71.875, 2.7019345729686847e-17, nan 
112.125, 71.875, 1.1355193059880607e-17, nan 
112.375, 71.875, 1.8881284999574703e-17, nan 
112.625, 71.875, 1.626420331984913e-17, nan 
112.875, 71.875, 1.5256710727095914e-17, nan 
113.125, 71.875, 1.418476371657275e-17, nan 
113.375, 71.875, 1.1250986383720116e-17, nan 
113.625, 71.875, 1.2592907353084518e-17, nan 
113.875, 71.875, 8.04409943970295e-18, nan 
114.125, 71.875, 4.7159286078757216e-18, nan 
114.375, 71.875, 3.3552515894765874e-18, nan 
114.625, 71.875, 2.710484466407558e-18, nan 
114.875, 71.875, 1.9552549259630362e-18, nan 
115.125, 71.875, 1.7870417163955252e-18, nan 
115.375, 71.875, 1.8723409459173596e-18, nan 
115.625, 71.875, 1.2380101060344863e-18, nan 
115.875, 71.875, 1.7185665451337586e-18, nan 
116.125, 71.875, 8.591781560709721e-19, nan 
116.375, 71.875, 7.27444750998512e-19, nan 
116.625, 71.875, 3.4271170977227147e-19, nan 
116.875, 71.875, 3.1529221081826973e-19, nan 
117.125, 71.875, 5.645399452180511e-19, nan 
117.375, 71.875, 3.235297205467751e-19, nan 
117.625, 71.875, 3.176762291286321e-19, nan 
117.875, 71.875, 6.439138596126837e-19, nan 
118.125, 71.875, 2.679613937810297e-19, nan 
118.375, 71.875, 5.478257195544184e-19, nan 
118.625, 71.875, 8.856467048751837e-19, nan 
118.875, 71.875, 9.442853442625582e-19, nan 
119.125, 71.875, 8.935145479486856e-19, nan 
119.375, 71.875, 8.693938614339793e-19, nan 
119.625, 71.875, 7.352758561917841e-19, nan 
119.875, 71.875, 5.072880784754483e-19, nan 
120.125, 71.875, 3.5691494610128896e-19, nan 
120.375, 71.875, 1.4123859203539438e-19, nan 
120.625, 71.875, 1.7594431913730762e-19, nan 
120.875, 71.875, 9.627432802332775e-20, nan 
121.125, 71.875, 7.11609174352415e-20, nan 
121.375, 71.875, 7.181183726811874e-20, nan 
121.625, 71.875, 8.11619412360024e-20, nan 
121.875, 71.875, 1.0412232795850939e-19, nan 
122.125, 71.875, 1.186214628776871e-19, nan 
122.375, 71.875, 1.2491134143133021e-19, nan 
122.625, 71.875, 6.125518748260926e-20, nan 
122.875, 71.875, 4.783031435456514e-20, nan 
123.125, 71.875, 3.249154937846642e-20, nan 
123.375, 71.875, 3.301596843053201e-20, nan 
123.625, 71.875, 4.199372284121779e-20, nan 
123.875, 71.875, 5.506400600377967e-20, nan 
124.125, 71.875, 5.438119002003561e-20, nan 
124.375, 71.875, 6.072288968062302e-20, nan 
124.625, 71.875, 6.552086061228529e-20, nan 
124.875, 71.875, 5.059181887468272e-20, nan 
125.125, 71.875, 4.15194966010243e-20, nan 
125.375, 71.875, 5.140342263722127e-20, nan 
125.625, 71.875, 4.2891875740728104e-20, nan 
125.875, 71.875, 3.442479914156552e-20, nan 
126.125, 71.875, 3.107513255186627e-20, nan 
126.375, 71.875, 2.8924061454770246e-20, nan 
126.625, 71.875, 2.6045232427559984e-20, nan 
126.875, 71.875, 1.9799068379510834e-20, nan 
127.125, 71.875, 8.344570462572524e-21, nan 
127.375, 71.875, 1.844761262314712e-20, nan 
127.625, 71.875, 1.5322457743421626e-20, nan 
127.875, 71.875, 2.447872672828699e-20, nan 
128.125, 71.875, 2.1936447552375628e-20, nan 
128.375, 71.875, 4.5539104258918196e-20, nan 
128.625, 71.875, 4.4925259025637084e-20, nan 
128.875, 71.875, 2.5446549903294644e-20, nan 
129.125, 71.875, 3.336385038937102e-20, nan 
129.375, 71.875, 3.3674303910516474e-20, nan 
129.625, 71.875, 2.2218639186270573e-20, nan 
129.875, 71.875, 1.0045674184029892e-20, nan 
130.125, 71.875, 9.732812523286232e-21, nan 
130.375, 71.875, 1.1686996883597981e-20, nan 
130.625, 71.875, 9.10125704615873e-21, nan 
130.875, 71.875, 5.720837620425468e-21, nan 
131.125, 71.875, 2.69989647789258e-21, nan 
131.375, 71.875, 5.033792664383509e-21, nan 
131.625, 71.875, 6.936578511118326e-21, nan 
131.875, 71.875, 5.070022207071566e-21, nan 
132.125, 71.875, 3.9555916552821785e-21, nan 
132.375, 71.875, 1.6531445588026308e-21, nan 
132.625, 71.875, 3.888238760859907e-21, nan 
132.875, 71.875, 4.168395382727632e-21, nan 
133.125, 71.875, 1.6890587266371846e-21, nan 
133.375, 71.875, 2.0132362491475643e-21, nan 
133.625, 71.875, 3.3259834906181315e-21, nan 
133.875, 71.875, 3.565254147647938e-21, nan 
134.125, 71.875, 2.8277663096196562e-21, nan 
134.375, 71.875, 3.552829430610606e-21, nan 
134.625, 71.875, 2.816807382575504e-21, nan 
134.875, 71.875, 1.850057937402172e-21, nan 
135.125, 71.875, 3.65018916227574e-21, nan 
135.375, 71.875, 4.038151804179973e-21, nan 
135.625, 71.875, 2.8773738767745304e-21, nan 
135.875, 71.875, 2.4463044331610694e-21, nan 
136.125, 71.875, 3.545030636202627e-21, nan 
136.375, 71.875, 2.6793617288844883e-21, nan 
136.625, 71.875, 2.3573676795434527e-21, nan 
136.875, 71.875, 1.4076439835988623e-21, nan 
137.125, 71.875, 1.2958122215510374e-21, nan 
137.375, 71.875, 1.9690252732228825e-21, nan 
137.625, 71.875, 1.966167605805842e-21, nan 
137.875, 71.875, 1.5381467398616742e-21, nan 
138.125, 71.875, 1.2189654129330437e-21, nan 
138.375, 71.875, 1.1352708094513875e-21, nan 
138.625, 71.875, 2.0340855858593295e-21, nan 
138.875, 71.875, 1.9124668734925173e-21, nan 
139.125, 71.875, 1.7555591661537024e-21, nan 
139.375, 71.875, 1.8228038632849335e-21, nan 
139.625, 71.875, 1.835666603859033e-21, nan 
139.875, 71.875, 2.075304438798282e-21, nan 
140.125, 71.875, 1.4910197704076844e-21, nan 
140.375, 71.875, 5.904705117600322e-22, nan 
140.625, 71.875, 4.2319455436416516e-22, nan 
140.875, 71.875, 6.578001484195506e-22, nan 
141.125, 71.875, 4.0417161213993214e-22, nan 
141.375, 71.875, 3.547067212821401e-22, nan 
141.625, 71.875, 5.354746931688842e-22, nan 
141.875, 71.875, 1.5859059243749314e-22, nan 
142.125, 71.875, 3.868223880661064e-22, nan 
142.375, 71.875, 6.580508689486974e-22, nan 
142.625, 71.875, 2.5866843111236626e-22, nan 
142.875, 71.875, 3.600265547143948e-22, nan 
143.125, 71.875, 6.575647100417174e-22, nan 
143.375, 71.875, 6.503405054176044e-22, nan 
143.625, 71.875, 6.808010987304776e-22, nan 
143.875, 71.875, 5.033499756683674e-22, nan 
144.125, 71.875, 8.677163615353679e-22, nan 
144.375, 71.875, 1.1220405614234263e-21, nan 
144.625, 71.875, 7.185268765414349e-22, nan 
144.875, 71.875, 1.0374130932810142e-21, nan 
145.125, 71.875, 1.2750633015353089e-21, nan 
145.375, 71.875, 1.8972666847336185e-21, nan 
145.625, 71.875, 4.54168087843386e-21, nan 
145.875, 71.875, 6.284753832587935e-21, nan 
146.125, 71.875, 4.2641032235640724e-21, nan 
146.375, 71.875, 1.1521214477614e-21, nan 
146.625, 71.875, 7.671064807458151e-22, nan 
146.875, 71.875, 4.846586110305431e-22, nan 
147.125, 71.875, 6.50755994882762e-22, nan 
147.375, 71.875, 1.2314910435819894e-21, nan 
147.625, 71.875, 3.480041221074643e-22, nan 
147.875, 71.875, 5.645923059478308e-22, nan 
148.125, 71.875, 9.07087096138618e-22, nan 
148.375, 71.875, 2.9034062457252426e-22, nan 
148.625, 71.875, 2.7662497609023733e-22, nan 
148.875, 71.875, 1.588762208835165e-22, nan 
149.125, 71.875, 2.167902909128562e-22, nan 
149.375, 71.875, 3.069548085234522e-22, nan 
149.625, 71.875, 3.0110696610235547e-22, nan 
149.875, 71.875, 4.39443150353163e-22, nan 
150.125, 71.875, 3.597026168647026e-22, nan 
150.375, 71.875, 3.0682397526847388e-22, nan 
150.625, 71.875, 3.1614599619699745e-22, nan 
150.875, 71.875, 2.755126497472764e-22, nan 
151.125, 71.875, 2.5919461531061163e-22, nan 
151.375, 71.875, 2.2566361175831083e-22, nan 
151.625, 71.875, 1.8475813617142168e-22, nan 
151.875, 71.875, 1.0055924138774778e-22, nan 
152.125, 71.875, 2.144527440700635e-22, nan 
152.375, 71.875, 2.3104699735928357e-22, nan 
152.625, 71.875, 1.3878696023191861e-22, nan 
152.875, 71.875, 1.23432918481673e-22, nan 
153.125, 71.875, 1.4176977146646083e-22, nan 
153.375, 71.875, 9.93908712928549e-23, nan 
153.625, 71.875, 6.351383358004867e-23, nan 
153.875, 71.875, 6.348729068204083e-23, nan 
154.125, 71.875, 4.9660466729036086e-23, nan 
154.375, 71.875, 2.2812824684308773e-23, nan 
154.625, 71.875, 1.0200913110667422e-23, nan 
154.875, 71.875, 5.443305039687377e-23, nan 
155.125, 71.875, 3.8940531353418616e-23, nan 
155.375, 71.875, 7.372091122282834e-23, nan 
155.625, 71.875, 7.525662763710356e-23, nan 
155.875, 71.875, 7.017782644284406e-23, nan 
156.125, 71.875, 9.009274674761397e-23, nan 
156.375, 71.875, 1.2754040588077396e-22, nan 
156.625, 71.875, 1.3336985687180429e-22, nan 
156.875, 71.875, 1.140516525767037e-22, nan 
157.125, 71.875, 8.818322182465637e-23, nan 
157.375, 71.875, 9.386617873956767e-23, nan 
157.625, 71.875, 8.136628617907024e-23, nan 
157.875, 71.875, 5.0746834717122785e-23, nan 
158.125, 71.875, 2.1494249838787272e-23, nan 
158.375, 71.875, 3.7683882855845944e-23, nan 
158.625, 71.875, 3.2304190796821714e-23, nan 
158.875, 71.875, 3.639209303403542e-23, nan 
159.125, 71.875, 4.949332265124689e-23, nan 
159.375, 71.875, 4.5469536937215385e-23, nan 
159.625, 71.875, 4.5756674710567565e-23, nan 
159.875, 71.875, 3.787860436277198e-23, nan 
160.125, 71.875, 2.936309411057127e-23, nan 
160.375, 71.875, 4.2602146305092074e-23, nan 
160.625, 71.875, 5.778982902978043e-23, nan 
160.875, 71.875, 1.3259412269148947e-22, nan 
161.125, 71.875, 1.1233539914959433e-22, nan 
161.375, 71.875, 1.2651721951470979e-22, nan 
161.625, 71.875, 1.857157943463541e-22, nan 
161.875, 71.875, 2.1621477966002483e-22, nan 
162.125, 71.875, 2.0719693324200636e-22, nan 
162.375, 71.875, 2.175257937048093e-22, nan 
162.625, 71.875, 2.5632858978807624e-22, nan 
162.875, 71.875, 1.5199447855006598e-22, nan 
163.125, 71.875, 1.8491646519362632e-22, nan 
163.375, 71.875, 2.258741238256545e-22, nan 
163.625, 71.875, 2.3185623251189837e-22, nan 
163.875, 71.875, 1.7737346017364538e-22, nan 
164.125, 71.875, 1.523210677946795e-22, nan 
164.375, 71.875, 2.8504599870569556e-22, nan 
164.625, 71.875, 3.343891287495746e-22, nan 
164.875, 71.875, 3.6397727011174654e-22, nan 
165.125, 71.875, 1.7374314560507996e-22, nan 
165.375, 71.875, 4.1318844529136047e-22, nan 
165.625, 71.875, 5.258400559553909e-22, nan 
165.875, 71.875, 4.159451268908772e-22, nan 
166.125, 71.875, 4.1877742725994555e-22, nan 
166.375, 71.875, 2.9704690774920914e-22, nan 
166.625, 71.875, 1.8739154993991192e-22, nan 
166.875, 71.875, 3.3643392825881456e-22, nan 
167.125, 71.875, 2.3032538060999395e-22, nan 
167.375, 71.875, 1.096102610061294e-22, nan 
167.625, 71.875, 4.476173248788354e-23, nan 
167.875, 71.875, 1.0585823239135242e-22, nan 
168.125, 71.875, 9.168783528529772e-23, nan 
168.375, 71.875, 6.084947419053095e-23, nan 
168.625, 71.875, 6.789273798145803e-23, nan 
168.875, 71.875, 5.0672893987842446e-23, nan 
169.125, 71.875, 5.24561732711753e-23, nan 
169.375, 71.875, 7.458084397247271e-23, nan 
169.625, 71.875, 5.3013094771912e-23, nan 
169.875, 71.875, 5.508338493499226e-23, nan 
170.125, 71.875, 4.14087525142476e-23, nan 
170.375, 71.875, 3.770691226996392e-23, nan 
170.625, 71.875, 2.904985270512099e-23, nan 
170.875, 71.875, 2.5947006152561223e-23, nan 
171.125, 71.875, 1.4985300645896136e-23, nan 
171.375, 71.875, 1.342025435718428e-23, nan 
171.625, 71.875, 1.5462679932162548e-23, nan 
171.875, 71.875, 1.5819181545065348e-23, nan 
172.125, 71.875, 1.5264425309263236e-23, nan 
172.375, 71.875, 1.8031218363406038e-23, nan 
172.625, 71.875, 1.5094565452796282e-23, nan 
172.875, 71.875, 1.1820316172783688e-23, nan 
173.125, 71.875, 1.0789595090737113e-23, nan 
173.375, 71.875, 1.077300574299493e-23, nan 
173.625, 71.875, 8.495437898421993e-24, nan 
173.875, 71.875, 1.025757575111833e-23, nan 
174.125, 71.875, 8.176587863801563e-24, nan 
174.375, 71.875, 1.5503923493183216e-23, nan 
174.625, 71.875, 1.7009823595886894e-23, nan 
174.875, 71.875, 1.7249157363988543e-23, nan 
175.125, 71.875, 1.8153150119834913e-23, nan 
175.375, 71.875, 1.7695479020471757e-23, nan 
175.625, 71.875, 1.8629913122623003e-23, nan 
175.875, 71.875, 1.5413413697325875e-23, nan 
176.125, 71.875, 1.4656491183981657e-23, nan 
176.375, 71.875, 2.436797136766919e-23, nan 
176.625, 71.875, 2.5699185587361173e-23, nan 
176.875, 71.875, 2.2030507894131787e-23, nan 
177.125, 71.875, 1.832264972780158e-23, nan 
177.375, 71.875, 2.0215525601937733e-23, nan 
177.625, 71.875, 2.25472871536175e-23, nan 
177.875, 71.875, 1.3334741285645986e-23, nan 
178.125, 71.875, 1.2620518077319186e-23, nan 
178.375, 71.875, 1.6035998438452374e-23, nan 
178.625, 71.875, 1.837956331470194e-23, nan 
178.875, 71.875, 1.7981944015171927e-23, nan 
179.125, 71.875, 1.514178760353164e-23, nan 
179.375, 71.875, 1.6783865750885544e-23, nan 
179.625, 71.875, 1.4093318172653855e-23, nan 
179.875, 71.875, 1.303471649044379e-23, nan 
-179.875, 72.125, 1.1067058520843552e-23, nan 
-179.625, 72.125, 1.1924847746372539e-23, nan 
-179.375, 72.125, 9.44624249622216e-24, nan 
-179.125, 72.125, 8.009415777345305e-24, nan 
-178.875, 72.125, 6.092084950823314e-24, nan 
-178.625, 72.125, 8.023039620844316e-24, nan 
-178.375, 72.125, 5.756361156535762e-24, nan 
-178.125, 72.125, 5.850410992604269e-24, nan 
-177.875, 72.125, 7.606475638093187e-24, nan 
-177.625, 72.125, 5.659628124295208e-24, nan 
-177.375, 72.125, 7.044147167652612e-24, nan 
-177.125, 72.125, 1.02676548212461e-23, nan 
-176.875, 72.125, 9.471038202477957e-24, nan 
-176.625, 72.125, 3.1076816544447463e-24, nan 
-176.375, 72.125, 3.438179067846937e-24, nan 
-176.125, 72.125, 5.5505024655894336e-24, nan 
-175.875, 72.125, 4.497493419564716e-24, nan 
-175.625, 72.125, 5.514318714927013e-24, nan 
-175.375, 72.125, 3.158393543623004e-24, nan 
-175.125, 72.125, 4.900963120902753e-24, nan 
-174.875, 72.125, 6.628807216775391e-24, nan 
-174.625, 72.125, 5.13720285051413e-24, nan 
-174.375, 72.125, 9.229193349949e-24, nan 
-174.125, 72.125, 1.1590363935826753e-23, nan 
-173.875, 72.125, 9.570108647698495e-24, nan 
-173.625, 72.125, 1.2845260719468701e-23, nan 
-173.375, 72.125, 1.7075302625810895e-23, nan 
-173.125, 72.125, 2.0431483909301535e-23, nan 
-172.875, 72.125, 3.009348104007241e-23, nan 
-172.625, 72.125, 2.3989367014042735e-23, nan 
-172.375, 72.125, 3.7410170575768387e-23, nan 
-172.125, 72.125, 5.823541555786462e-23, nan 
-171.875, 72.125, 1.357688634423559e-23, nan 
-171.625, 72.125, 2.0744701127321587e-23, nan 
-171.375, 72.125, 3.03093715930359e-23, nan 
-171.125, 72.125, 4.782829757273195e-24, nan 
-170.875, 72.125, 6.883693795725253e-24, nan 
-170.625, 72.125, 7.484171391244224e-24, nan 
-170.375, 72.125, 6.2839175402569726e-24, nan 
-170.125, 72.125, 3.613967683372245e-24, nan 
-169.875, 72.125, 6.4898838320996594e-24, nan 
-169.625, 72.125, 6.087357946174356e-24, nan 
-169.375, 72.125, 8.116114862335373e-24, nan 
-169.125, 72.125, 9.313367756842743e-24, nan 
-168.875, 72.125, 1.0836394365769166e-23, nan 
-168.625, 72.125, 1.2527389658302968e-23, nan 
-168.375, 72.125, 1.2716324971237205e-23, nan 
-168.125, 72.125, 1.743629531078933e-23, nan 
-167.875, 72.125, 1.7392321737489368e-23, nan 
-167.625, 72.125, 1.3201215002655139e-23, nan 
-167.375, 72.125, 1.0397494210758146e-23, nan 
-167.125, 72.125, 1.350293110139168e-23, nan 
-166.875, 72.125, 1.37046236969582e-23, nan 
-166.625, 72.125, 9.720813593933793e-24, nan 
-166.375, 72.125, 7.195867190002744e-24, nan 
-166.125, 72.125, 1.0942555389220295e-23, nan 
-165.875, 72.125, 8.901156818686096e-24, nan 
-165.625, 72.125, 5.20491245056732e-24, nan 
-165.375, 72.125, 5.8437219674597256e-24, nan 
-165.125, 72.125, 6.868063900925609e-24, nan 
-164.875, 72.125, 6.3343297922632305e-24, nan 
-164.625, 72.125, 8.439762708384962e-24, nan 
-164.375, 72.125, 6.5323438224056806e-24, nan 
-164.125, 72.125, 5.302603067185093e-24, nan 
-163.875, 72.125, 7.008126604942071e-24, nan 
-163.625, 72.125, 8.523399180921737e-24, nan 
-163.375, 72.125, 9.125692526869894e-24, nan 
8.875, 72.125, 1.2016861801357229e-24, nan 
9.125, 72.125, 9.186374085062076e-25, nan 
9.375, 72.125, 1.1256156945034992e-24, nan 
9.625, 72.125, 1.1100423189753126e-24, nan 
9.875, 72.125, 1.3734659310656474e-24, nan 
10.125, 72.125, 1.0546020606879832e-24, nan 
10.375, 72.125, 1.699438801135446e-24, nan 
10.625, 72.125, 1.263934831977864e-24, nan 
10.875, 72.125, 1.2709648734806723e-24, nan 
11.125, 72.125, 1.8538416154375355e-24, nan 
11.375, 72.125, 1.0414225456223273e-24, nan 
11.625, 72.125, 1.1592079592649502e-24, nan 
11.875, 72.125, 1.1400044321997033e-24, nan 
12.125, 72.125, 1.385970775961925e-24, nan 
12.375, 72.125, 9.750231251338178e-25, nan 
12.625, 72.125, 1.0517849295659242e-24, nan 
12.875, 72.125, 9.477066639958447e-25, nan 
13.125, 72.125, 1.0956649095258033e-24, nan 
13.375, 72.125, 9.622799034516826e-25, nan 
13.625, 72.125, 9.020453242208774e-25, nan 
13.875, 72.125, 5.117177242751317e-25, nan 
14.125, 72.125, 1.2205453844189018e-24, nan 
14.375, 72.125, 1.1428599399951451e-24, nan 
14.625, 72.125, 9.547430648948294e-25, nan 
14.875, 72.125, 6.00831561673199e-25, nan 
15.125, 72.125, 8.815034750654525e-25, nan 
15.375, 72.125, 1.2013945207203786e-24, nan 
15.625, 72.125, 9.137126514547969e-25, nan 
15.875, 72.125, 1.0061613898892751e-24, nan 
16.125, 72.125, 7.518424050311695e-25, nan 
16.375, 72.125, 8.576305742086028e-25, nan 
16.625, 72.125, 8.114670154197434e-25, nan 
16.875, 72.125, 1.2502894780874998e-24, nan 
17.125, 72.125, 2.5884693687429545e-24, nan 
17.375, 72.125, 7.679151167618499e-25, nan 
17.625, 72.125, 1.6783373740980132e-24, nan 
17.875, 72.125, 2.2841923262337044e-24, nan 
18.125, 72.125, 1.1717062235460744e-24, nan 
18.375, 72.125, 1.5596857520815921e-24, nan 
18.625, 72.125, 1.580630798299388e-24, nan 
18.875, 72.125, 1.7178934648555542e-24, nan 
19.125, 72.125, 1.4986857386932698e-24, nan 
19.375, 72.125, 8.68235886275254e-25, nan 
19.625, 72.125, 1.3946536479671746e-24, nan 
19.875, 72.125, 1.389972949336714e-24, nan 
20.125, 72.125, 1.2102166520669185e-24, nan 
20.375, 72.125, 1.2938601429111296e-24, nan 
20.625, 72.125, 2.447425500551215e-24, nan 
20.875, 72.125, 2.8246326101629964e-24, nan 
21.125, 72.125, 2.9350116706648942e-24, nan 
21.375, 72.125, 3.149059755111687e-24, nan 
21.625, 72.125, 4.030954989006006e-24, nan 
21.875, 72.125, 4.2391590795135674e-24, nan 
22.125, 72.125, 1.8674040895084988e-24, nan 
22.375, 72.125, 2.4479590764689282e-24, nan 
22.625, 72.125, 2.4064243902105626e-24, nan 
22.875, 72.125, 1.3435824985732893e-24, nan 
23.125, 72.125, 1.2904865473311161e-24, nan 
23.375, 72.125, 9.066887752934937e-25, nan 
23.625, 72.125, 8.944206845850775e-25, nan 
23.875, 72.125, 9.558178902586306e-25, nan 
24.125, 72.125, 2.14884096461835e-24, nan 
24.375, 72.125, 1.769700319167197e-24, nan 
24.625, 72.125, 2.4566915327739416e-24, nan 
24.875, 72.125, 3.116525369490411e-24, nan 
25.125, 72.125, 3.084307183019624e-24, nan 
25.375, 72.125, 2.9092612058506654e-24, nan 
25.625, 72.125, 2.7907539815904222e-24, nan 
25.875, 72.125, 2.8433057445150607e-24, nan 
26.125, 72.125, 1.913851554957309e-24, nan 
26.375, 72.125, 1.656186530296218e-24, nan 
26.625, 72.125, 1.817315676936141e-24, nan 
26.875, 72.125, 1.666336432685539e-24, nan 
27.125, 72.125, 3.2222352501615206e-24, nan 
27.375, 72.125, 2.3574600260976913e-24, nan 
27.625, 72.125, 1.9247489865342526e-24, nan 
27.875, 72.125, 1.9003947628323987e-24, nan 
28.125, 72.125, 2.0120961040736304e-24, nan 
28.375, 72.125, 2.977395883019729e-24, nan 
28.625, 72.125, 2.767154050796826e-24, nan 
28.875, 72.125, 1.8915251158737436e-24, nan 
29.125, 72.125, 2.472298430218962e-24, nan 
29.375, 72.125, 3.0542414288239626e-24, nan 
29.625, 72.125, 4.5487864212946245e-24, nan 
29.875, 72.125, 5.380659468323413e-24, nan 
30.125, 72.125, 4.173203067436877e-24, nan 
30.375, 72.125, 3.425020080049056e-24, nan 
30.625, 72.125, 1.9512454712094466e-24, nan 
30.875, 72.125, 8.088417749386482e-25, nan 
31.125, 72.125, 9.780920783817799e-25, nan 
31.375, 72.125, 1.216621892943166e-24, nan 
31.625, 72.125, 1.8305531813733474e-24, nan 
31.875, 72.125, 3.7825618246324424e-24, nan 
32.125, 72.125, 3.369739743179727e-24, nan 
32.375, 72.125, 2.2317775123281778e-24, nan 
32.625, 72.125, 3.6303317279701584e-24, nan 
32.875, 72.125, 2.7765783735177775e-24, nan 
33.125, 72.125, 3.8450756577728706e-24, nan 
33.375, 72.125, 2.912090168116302e-24, nan 
33.625, 72.125, 2.8130466166532438e-24, nan 
33.875, 72.125, 6.028229556201429e-24, nan 
34.125, 72.125, 3.411474175269731e-24, nan 
34.375, 72.125, 3.09109422948971e-24, nan 
34.625, 72.125, 2.9629801892913243e-24, nan 
34.875, 72.125, 2.157895071723173e-24, nan 
35.125, 72.125, 1.9796321047014717e-24, nan 
35.375, 72.125, 4.253609801045303e-24, nan 
35.625, 72.125, 5.293333595982239e-24, nan 
35.875, 72.125, 1.5852275432844936e-23, nan 
36.125, 72.125, 1.0556066654600208e-23, nan 
36.375, 72.125, 7.55564938148959e-24, nan 
36.625, 72.125, 2.827360041522821e-23, nan 
36.875, 72.125, 2.095577746471963e-23, nan 
37.125, 72.125, 1.1057144554919692e-23, nan 
37.375, 72.125, 1.507163485384531e-23, nan 
37.625, 72.125, 1.262058186034453e-23, nan 
37.875, 72.125, 1.0225352513016e-23, nan 
38.125, 72.125, 1.6944053879747354e-23, nan 
38.375, 72.125, 1.5475408776968313e-23, nan 
38.625, 72.125, 9.577811316717087e-24, nan 
38.875, 72.125, 2.2291580357417355e-23, nan 
39.125, 72.125, 2.2763513144120055e-23, nan 
39.375, 72.125, 1.627724817776704e-23, nan 
39.625, 72.125, 1.627330813188195e-23, nan 
39.875, 72.125, 1.1921788360473358e-23, nan 
40.125, 72.125, 9.39045648916976e-24, nan 
40.375, 72.125, 1.1768286867327092e-23, nan 
40.625, 72.125, 6.224065333039729e-24, nan 
40.875, 72.125, 3.600197839236897e-24, nan 
41.125, 72.125, 5.530250281259721e-24, nan 
41.375, 72.125, 4.853420014425551e-24, nan 
41.625, 72.125, 6.483041881683981e-24, nan 
41.875, 72.125, 6.114140313674382e-24, nan 
42.125, 72.125, 4.602812321279976e-24, nan 
42.375, 72.125, 4.552778118054026e-24, nan 
42.625, 72.125, 6.41072272730414e-24, nan 
42.875, 72.125, 3.5575498511952e-24, nan 
43.125, 72.125, 3.941204646144634e-24, nan 
43.375, 72.125, 2.2299173528427924e-24, nan 
43.625, 72.125, 1.895185616661674e-24, nan 
43.875, 72.125, 2.0096252185579636e-24, nan 
44.125, 72.125, 3.499091195044866e-24, nan 
44.375, 72.125, 2.184961723932968e-24, nan 
44.625, 72.125, 3.9644627521869316e-24, nan 
44.875, 72.125, 3.517230523111444e-24, nan 
45.125, 72.125, 3.4241845116503445e-24, nan 
45.375, 72.125, 6.464044631164933e-24, nan 
45.625, 72.125, 4.564047334381644e-24, nan 
45.875, 72.125, 5.6958208265715186e-24, nan 
46.125, 72.125, 4.4273472568183554e-24, nan 
46.375, 72.125, 7.064958858168333e-24, nan 
46.625, 72.125, 9.338580815239322e-24, nan 
46.875, 72.125, 1.4226086849534958e-23, nan 
47.125, 72.125, 1.8549779369619793e-23, nan 
47.375, 72.125, 9.137570335943944e-24, nan 
47.625, 72.125, 3.4572938591523473e-23, nan 
47.875, 72.125, 3.9857543806179615e-23, nan 
48.125, 72.125, 1.2042640498315438e-23, nan 
48.375, 72.125, 2.469822129000806e-23, nan 
48.625, 72.125, 2.554672799380771e-23, nan 
48.875, 72.125, 1.2667705025813826e-23, nan 
49.125, 72.125, 1.0175446228110372e-23, nan 
49.375, 72.125, 1.9139446267394825e-23, nan 
49.625, 72.125, 2.661448567337524e-23, nan 
49.875, 72.125, 1.363910361348043e-23, nan 
50.125, 72.125, 3.5186681361355075e-23, nan 
50.375, 72.125, 5.902311756873845e-23, nan 
50.625, 72.125, 3.038358702361039e-23, nan 
50.875, 72.125, 2.680849358672272e-23, nan 
51.125, 72.125, 4.380688966299447e-23, nan 
51.375, 72.125, 2.962078485899679e-23, nan 
51.625, 72.125, 1.5843761610943793e-23, nan 
51.875, 72.125, 1.1168988689168441e-23, nan 
52.125, 72.125, 1.0462236594391607e-23, nan 
52.375, 72.125, 9.647724760368697e-24, nan 
52.625, 72.125, 1.1002317659516966e-23, nan 
52.875, 72.125, 7.152427293417376e-24, nan 
53.125, 72.125, 9.54710186487126e-24, nan 
53.375, 72.125, 1.2582356352742583e-23, nan 
53.625, 72.125, 1.330586699987545e-23, nan 
53.875, 72.125, 2.1795993853185134e-23, nan 
54.125, 72.125, 2.5657905637342512e-23, nan 
54.375, 72.125, 3.1467012314955433e-23, nan 
54.625, 72.125, 3.2870493179260263e-23, nan 
54.875, 72.125, 3.316847970290878e-23, nan 
55.125, 72.125, 3.9760654153207564e-23, nan 
55.375, 72.125, 2.7960009757587713e-23, nan 
55.625, 72.125, 2.1512049503708362e-23, nan 
55.875, 72.125, 1.891731390328939e-23, nan 
56.125, 72.125, 1.7427345217127756e-23, nan 
56.375, 72.125, 2.041156871701713e-23, nan 
56.625, 72.125, 1.3923302560298508e-23, nan 
56.875, 72.125, 1.358612500217379e-23, nan 
57.125, 72.125, 1.8015975310062054e-23, nan 
57.375, 72.125, 2.189784238940368e-23, nan 
57.625, 72.125, 2.1880693564796604e-23, nan 
57.875, 72.125, 1.6972652163828841e-23, nan 
58.125, 72.125, 2.266224799980997e-23, nan 
58.375, 72.125, 3.0863812392228377e-23, nan 
58.625, 72.125, 2.2296624586924915e-23, nan 
58.875, 72.125, 1.8725890639726168e-23, nan 
59.125, 72.125, 3.3342589178934136e-23, nan 
59.375, 72.125, 2.700403802571845e-23, nan 
59.625, 72.125, 1.9285780834456928e-23, nan 
59.875, 72.125, 4.358823796232557e-23, nan 
60.125, 72.125, 4.979966644538736e-23, nan 
60.375, 72.125, 3.3727977496900595e-23, nan 
60.625, 72.125, 5.269657594210818e-23, nan 
60.875, 72.125, 5.982758594598012e-23, nan 
61.125, 72.125, 5.666039273926503e-23, nan 
61.375, 72.125, 3.2667722847471366e-23, nan 
61.625, 72.125, 2.7942661476661715e-23, nan 
61.875, 72.125, 5.587122794493726e-23, nan 
62.125, 72.125, 4.948640634481102e-23, nan 
62.375, 72.125, 6.431010622249901e-23, nan 
62.625, 72.125, 9.885624566331225e-23, nan 
62.875, 72.125, 1.2235844684689244e-22, nan 
63.125, 72.125, 1.4895032278894336e-22, nan 
63.375, 72.125, 1.3394752990914417e-22, nan 
63.625, 72.125, 1.1785942931529608e-22, nan 
63.875, 72.125, 1.1315837295753978e-22, nan 
64.125, 72.125, 1.0782804350015648e-22, nan 
64.375, 72.125, 1.0845188463469445e-22, nan 
64.625, 72.125, 7.34639096628809e-23, nan 
64.875, 72.125, 1.5490586782714272e-22, nan 
65.125, 72.125, 1.7354400515458001e-22, nan 
65.375, 72.125, 9.155093127608212e-23, nan 
65.625, 72.125, 7.545203734448103e-23, nan 
65.875, 72.125, 7.53025908936999e-23, nan 
66.125, 72.125, 1.21044462053686e-22, nan 
66.375, 72.125, 6.577747686544173e-23, nan 
66.625, 72.125, 7.855045488914645e-23, nan 
66.875, 72.125, 1.580158581863049e-22, nan 
67.125, 72.125, 1.140334673913952e-22, nan 
67.375, 72.125, 9.059449137669167e-23, nan 
67.625, 72.125, 1.805369279364525e-22, nan 
67.875, 72.125, 1.4102741270790407e-22, nan 
68.125, 72.125, 7.347548668324821e-23, nan 
68.375, 72.125, 2.8139720285077984e-22, nan 
68.625, 72.125, 1.6302781143311875e-22, nan 
68.875, 72.125, 1.9633293822314586e-22, nan 
69.125, 72.125, 2.592864673092436e-22, nan 
69.375, 72.125, 1.4122695259351642e-22, nan 
69.625, 72.125, 1.7642043362475999e-22, nan 
69.875, 72.125, 1.587689611056843e-22, nan 
70.125, 72.125, 2.585368639280461e-22, nan 
70.375, 72.125, 4.30568427151498e-22, nan 
70.625, 72.125, 5.638980501646943e-22, nan 
70.875, 72.125, 1.995431471667051e-22, nan 
71.125, 72.125, 1.9689426816991999e-22, nan 
71.375, 72.125, 1.6927046400844056e-22, nan 
71.625, 72.125, 2.479557545496207e-22, nan 
71.875, 72.125, 2.9421990139277137e-22, nan 
72.125, 72.125, 6.963759426717014e-23, nan 
72.375, 72.125, 1.631369109124873e-22, nan 
72.625, 72.125, 2.3118754904971276e-22, nan 
72.875, 72.125, 2.2118838966241433e-22, nan 
73.125, 72.125, 2.7102610408114194e-22, nan 
73.375, 72.125, 2.893387040671534e-22, nan 
73.625, 72.125, 3.1714623096373467e-22, nan 
73.875, 72.125, 3.338252781820255e-22, nan 
74.125, 72.125, 3.9883291864827704e-22, nan 
74.375, 72.125, 3.747313562363776e-22, nan 
74.625, 72.125, 2.2602850435459975e-22, nan 
74.875, 72.125, 3.7114163694979993e-22, nan 
75.125, 72.125, 3.2548458369720105e-22, nan 
75.375, 72.125, 2.989277178328455e-22, nan 
75.625, 72.125, 4.1658770694084986e-22, nan 
75.875, 72.125, 4.328351386549484e-22, nan 
76.125, 72.125, 1.4049980080238622e-22, nan 
76.375, 72.125, 5.2279877572864325e-23, nan 
76.625, 72.125, 3.9067961109915675e-22, nan 
76.875, 72.125, 2.0483277730760654e-22, nan 
77.125, 72.125, 2.362601199336823e-22, nan 
77.375, 72.125, 4.493219850047469e-22, nan 
77.625, 72.125, 4.3307944072574995e-22, nan 
77.875, 72.125, 3.3073127038318605e-22, nan 
78.125, 72.125, 2.6166053726097685e-22, nan 
78.375, 72.125, 4.325320502965528e-22, nan 
78.625, 72.125, 2.7736531834583727e-22, nan 
78.875, 72.125, 2.694798741462334e-22, nan 
79.125, 72.125, 3.0275431207124903e-22, nan 
79.375, 72.125, 4.3031471976549245e-22, nan 
79.625, 72.125, 3.7694845461448037e-22, nan 
79.875, 72.125, 3.0423009981898757e-22, nan 
80.125, 72.125, 7.200355042155661e-22, nan 
80.375, 72.125, 9.488385915237854e-22, nan 
80.625, 72.125, 2.716913614003028e-22, nan 
80.875, 72.125, 1.115624795045493e-21, nan 
81.125, 72.125, 1.5162644480466457e-21, nan 
81.375, 72.125, 8.0019398932521705e-22, nan 
81.625, 72.125, 1.5035350550670788e-21, nan 
81.875, 72.125, 1.1830141212945652e-21, nan 
82.125, 72.125, 1.075339832826811e-21, nan 
82.375, 72.125, 1.468392367154919e-21, nan 
82.625, 72.125, 1.103955736153733e-21, nan 
82.875, 72.125, 1.346224700699757e-21, nan 
83.125, 72.125, 1.1830560450167185e-21, nan 
83.375, 72.125, 1.217091865996445e-21, nan 
83.625, 72.125, 1.1344955894012206e-21, nan 
83.875, 72.125, 9.295509431435963e-22, nan 
84.125, 72.125, 1.2133144961575307e-21, nan 
84.375, 72.125, 9.853013230173157e-22, nan 
84.625, 72.125, 1.1871697645463082e-21, nan 
84.875, 72.125, 1.642771395931005e-21, nan 
85.125, 72.125, 1.0714703793907e-21, nan 
85.375, 72.125, 1.6994477408892547e-21, nan 
85.625, 72.125, 2.1253706789594315e-21, nan 
85.875, 72.125, 1.6834457100961284e-21, nan 
86.125, 72.125, 1.345533016401066e-21, nan 
86.375, 72.125, 2.2080883112353896e-21, nan 
86.625, 72.125, 2.5327470544297208e-21, nan 
86.875, 72.125, 3.2913679749871067e-21, nan 
87.125, 72.125, 2.4048931671450823e-21, nan 
87.375, 72.125, 4.080373411446156e-21, nan 
87.625, 72.125, 3.639628101459283e-21, nan 
87.875, 72.125, 3.778169315008487e-21, nan 
88.125, 72.125, 4.190429184345578e-21, nan 
88.375, 72.125, 3.930460969500532e-21, nan 
88.625, 72.125, 5.892271275774181e-21, nan 
88.875, 72.125, 4.661875052765759e-21, nan 
89.125, 72.125, 6.318320754226205e-21, nan 
89.375, 72.125, 7.573568703380963e-21, nan 
89.625, 72.125, 1.0361323915105697e-20, nan 
89.875, 72.125, 1.0529836441340855e-20, nan 
90.125, 72.125, 8.418838477728717e-21, nan 
90.375, 72.125, 9.653543778658222e-21, nan 
90.625, 72.125, 1.0117861636511498e-20, nan 
90.875, 72.125, 9.942111411957601e-21, nan 
91.125, 72.125, 1.0159038603754223e-20, nan 
91.375, 72.125, 1.1672104790629254e-20, nan 
91.625, 72.125, 1.2883479493161084e-20, nan 
91.875, 72.125, 1.738802311148993e-20, nan 
92.125, 72.125, 1.874011114619741e-20, nan 
92.375, 72.125, 2.6814336370588194e-20, nan 
92.625, 72.125, 2.3643972971832257e-20, nan 
92.875, 72.125, 2.1337759704694788e-20, nan 
93.125, 72.125, 2.0065037050684764e-20, nan 
93.375, 72.125, 3.3678989414012595e-20, nan 
93.625, 72.125, 3.4053568849130636e-20, nan 
93.875, 72.125, 3.344784712600219e-20, nan 
94.125, 72.125, 3.2961918087786265e-20, nan 
94.375, 72.125, 3.200363289360647e-20, nan 
94.625, 72.125, 2.616493629099482e-20, nan 
94.875, 72.125, 1.4682888129317207e-20, nan 
95.125, 72.125, 2.737420405193813e-20, nan 
95.375, 72.125, 4.3747669533630754e-20, nan 
95.625, 72.125, 1.734893903571984e-20, nan 
95.875, 72.125, 2.1744132098797454e-20, nan 
96.125, 72.125, 2.8267672001309524e-20, nan 
96.375, 72.125, 2.3082488153568557e-20, nan 
96.625, 72.125, 2.634586203530451e-20, nan 
96.875, 72.125, 2.4814236720043697e-20, nan 
97.125, 72.125, 5.926565369914036e-20, nan 
97.375, 72.125, 4.434284135842067e-20, nan 
97.625, 72.125, 4.99529582812446e-20, nan 
97.875, 72.125, 6.542983273207939e-20, nan 
98.125, 72.125, 8.414058467841068e-20, nan 
98.375, 72.125, 1.1824832111434162e-19, nan 
98.625, 72.125, 1.206678099837079e-19, nan 
98.875, 72.125, 1.108621125474495e-19, nan 
99.125, 72.125, 1.664683377197174e-19, nan 
99.375, 72.125, 2.248576295040883e-19, nan 
99.625, 72.125, 3.7649216612590265e-19, nan 
99.875, 72.125, 3.1896880115093285e-19, nan 
100.125, 72.125, 2.9289884816101723e-19, nan 
100.375, 72.125, 2.149283772204334e-19, nan 
100.625, 72.125, 2.9449795558520955e-19, nan 
100.875, 72.125, 1.682153638259496e-19, nan 
101.125, 72.125, 1.7142889747458052e-19, nan 
101.375, 72.125, 2.0717948858318278e-19, nan 
101.625, 72.125, 1.3290490020089023e-19, nan 
101.875, 72.125, 1.7392392358960956e-19, nan 
102.125, 72.125, 3.14690120975709e-19, nan 
102.375, 72.125, 3.757781522489771e-19, nan 
102.625, 72.125, 6.304378284183259e-19, nan 
102.875, 72.125, 7.215734348457645e-19, nan 
103.125, 72.125, 8.258201390204574e-19, nan 
103.375, 72.125, 9.077002478767103e-19, nan 
103.625, 72.125, 1.1647027028519079e-18, nan 
103.875, 72.125, 1.0071759246764046e-18, nan 
104.125, 72.125, 1.0947725697648995e-18, nan 
104.375, 72.125, 1.2954946973767657e-18, nan 
104.625, 72.125, 1.0628501874695548e-18, nan 
104.875, 72.125, 1.8801336155574306e-18, nan 
105.125, 72.125, 2.249687397818975e-18, nan 
105.375, 72.125, 2.6224368087272263e-18, nan 
105.625, 72.125, 2.8678038562090186e-18, nan 
105.875, 72.125, 2.7610805405572275e-18, nan 
106.125, 72.125, 2.845592331355246e-18, nan 
106.375, 72.125, 4.0428125172286635e-18, nan 
106.625, 72.125, 7.329100376379595e-18, nan 
106.875, 72.125, 8.222533650027566e-18, nan 
107.125, 72.125, 8.323417564682221e-18, nan 
107.375, 72.125, 1.2036588586251945e-17, nan 
107.625, 72.125, 1.6918206708250993e-17, nan 
107.875, 72.125, 1.511476982731231e-17, nan 
108.125, 72.125, 1.5909411247206367e-17, nan 
108.375, 72.125, 3.9631667461174434e-17, nan 
108.625, 72.125, 5.624327575482351e-17, nan 
108.875, 72.125, 8.642667345530823e-17, nan 
109.125, 72.125, 1.034216749170033e-16, nan 
109.375, 72.125, 1.7450066764532724e-16, nan 
109.625, 72.125, 2.688923957013241e-16, nan 
109.875, 72.125, 2.0773332065313526e-16, nan 
110.125, 72.125, 3.087987833818432e-16, nan 
110.375, 72.125, 3.6190918235533794e-16, nan 
110.625, 72.125, 2.865774757378239e-16, nan 
110.875, 72.125, 2.6667827772159955e-16, nan 
111.125, 72.125, 1.8607895302325292e-16, nan 
111.375, 72.125, 1.1649137363819422e-16, nan 
111.625, 72.125, 1.0405524695620878e-16, nan 
111.875, 72.125, 8.036786114283046e-17, nan 
112.125, 72.125, 5.756718103884765e-17, nan 
112.375, 72.125, 4.8010497244124515e-17, nan 
112.625, 72.125, 3.485998069538121e-17, nan 
112.875, 72.125, 3.1968314791030666e-17, nan 
113.125, 72.125, 2.370076161278304e-17, nan 
113.375, 72.125, 1.638624446315626e-17, nan 
113.625, 72.125, 1.6401137525761936e-17, nan 
113.875, 72.125, 1.0480106071529843e-17, nan 
114.125, 72.125, 5.432122294961168e-18, nan 
114.375, 72.125, 6.943226556739693e-18, nan 
114.625, 72.125, 5.7984634729055604e-18, nan 
114.875, 72.125, 2.3505086384009662e-18, nan 
115.125, 72.125, 2.5672973335916705e-18, nan 
115.375, 72.125, 3.586263104235342e-18, nan 
115.625, 72.125, 2.076476452871699e-18, nan 
115.875, 72.125, 3.3070090085745953e-18, nan 
116.125, 72.125, 1.9527741229556314e-18, nan 
116.375, 72.125, 8.281094909038645e-19, nan 
116.625, 72.125, 1.5719802729133912e-18, nan 
116.875, 72.125, 1.1847223337648005e-18, nan 
117.125, 72.125, 1.4659877538661705e-18, nan 
117.375, 72.125, 1.0811789240494767e-18, nan 
117.625, 72.125, 1.6722099217114502e-18, nan 
117.875, 72.125, 2.792633842406404e-18, nan 
118.125, 72.125, 2.164612770239074e-18, nan 
118.375, 72.125, 1.5309014489348212e-18, nan 
118.625, 72.125, 2.1226942230204775e-18, nan 
118.875, 72.125, 1.8431928379230993e-18, nan 
119.125, 72.125, 1.2710725500622814e-18, nan 
119.375, 72.125, 1.0827949778844048e-18, nan 
119.625, 72.125, 1.1481486771046553e-18, nan 
119.875, 72.125, 8.976764160566572e-19, nan 
120.125, 72.125, 5.381778272650985e-19, nan 
120.375, 72.125, 6.54625988740228e-19, nan 
120.625, 72.125, 5.918872351989887e-19, nan 
120.875, 72.125, 2.693310106490607e-19, nan 
121.125, 72.125, 1.633902938140238e-19, nan 
121.375, 72.125, 2.2276733525915693e-19, nan 
121.625, 72.125, 9.439445794269028e-20, nan 
121.875, 72.125, 1.1720437960463118e-19, nan 
122.125, 72.125, 5.3901924902835297e-20, nan 
122.375, 72.125, 7.438100262918725e-20, nan 
122.625, 72.125, 9.101649383462908e-20, nan 
122.875, 72.125, 5.28060837243756e-20, nan 
123.125, 72.125, 6.37565204142729e-20, nan 
123.375, 72.125, 5.9084616222248e-20, nan 
123.625, 72.125, 7.127548305912044e-20, nan 
123.875, 72.125, 7.864549296012513e-20, nan 
124.125, 72.125, 7.386905398913485e-20, nan 
124.375, 72.125, 5.82087325414099e-20, nan 
124.625, 72.125, 8.181252634438638e-20, nan 
124.875, 72.125, 9.208038010430513e-20, nan 
125.125, 72.125, 6.352411891814632e-20, nan 
125.375, 72.125, 5.43108118251243e-20, nan 
125.625, 72.125, 5.636221991707615e-20, nan 
125.875, 72.125, 3.6302013568164535e-20, nan 
126.125, 72.125, 1.7283525139209057e-20, nan 
126.375, 72.125, 2.306066859908828e-20, nan 
126.625, 72.125, 2.358855650321845e-20, nan 
126.875, 72.125, 2.6526409939058968e-20, nan 
127.125, 72.125, 2.666630888566578e-20, nan 
127.375, 72.125, 3.077807006966516e-20, nan 
127.625, 72.125, 3.907376388825454e-20, nan 
127.875, 72.125, 3.847428081814034e-20, nan 
128.125, 72.125, 2.5729446169024267e-20, nan 
128.375, 72.125, 3.657412784413074e-20, nan 
128.625, 72.125, 3.241233427906873e-20, nan 
128.875, 72.125, 2.790839875041351e-20, nan 
129.125, 72.125, 1.6184708103128958e-20, nan 
129.375, 72.125, 1.5348979511696136e-20, nan 
129.625, 72.125, 1.7513541240458297e-20, nan 
129.875, 72.125, 1.006524606268548e-20, nan 
130.125, 72.125, 1.0525047861241324e-20, nan 
130.375, 72.125, 1.3929511467266707e-20, nan 
130.625, 72.125, 6.383707691310698e-21, nan 
130.875, 72.125, 3.41572151669983e-21, nan 
131.125, 72.125, 5.250565877360024e-21, nan 
131.375, 72.125, 4.466296237680736e-21, nan 
131.625, 72.125, 4.18305101555019e-21, nan 
131.875, 72.125, 4.791550882580743e-21, nan 
132.125, 72.125, 5.192370189604238e-21, nan 
132.375, 72.125, 5.211851152936531e-21, nan 
132.625, 72.125, 2.466571332245923e-21, nan 
132.875, 72.125, 4.395981981902482e-21, nan 
133.125, 72.125, 2.0548246251272977e-21, nan 
133.375, 72.125, 4.877543772738985e-21, nan 
133.625, 72.125, 5.0915505061867864e-21, nan 
133.875, 72.125, 2.8616751904726425e-21, nan 
134.125, 72.125, 4.384976142187084e-21, nan 
134.375, 72.125, 4.962866404310311e-21, nan 
134.625, 72.125, 2.6232910765606018e-21, nan 
134.875, 72.125, 1.3143300507930795e-21, nan 
135.125, 72.125, 2.9234664924146615e-21, nan 
135.375, 72.125, 2.5626923704642657e-21, nan 
135.625, 72.125, 3.678388543697046e-21, nan 
135.875, 72.125, 2.5738428531517596e-21, nan 
136.125, 72.125, 1.847755701065908e-21, nan 
136.375, 72.125, 3.0626769355837102e-21, nan 
136.625, 72.125, 2.564127135247142e-21, nan 
136.875, 72.125, 1.0811528964090552e-21, nan 
137.125, 72.125, 9.970844572279604e-22, nan 
137.375, 72.125, 1.6602178823726312e-21, nan 
137.625, 72.125, 1.1423535082125167e-21, nan 
137.875, 72.125, 1.1874254596318363e-21, nan 
138.125, 72.125, 2.349972713547611e-21, nan 
138.375, 72.125, 1.4385469611350669e-21, nan 
138.625, 72.125, 1.8223144575951445e-21, nan 
138.875, 72.125, 2.4854606399801653e-21, nan 
139.125, 72.125, 1.6181177141540406e-21, nan 
139.375, 72.125, 1.579408351152532e-21, nan 
139.625, 72.125, 4.696937321894381e-22, nan 
139.875, 72.125, 6.0203939966856765e-22, nan 
140.125, 72.125, 7.888803322880451e-22, nan 
140.375, 72.125, 8.776671598796998e-22, nan 
140.625, 72.125, 8.62200857900081e-22, nan 
140.875, 72.125, 9.105068075574008e-22, nan 
141.125, 72.125, 7.646010462186304e-22, nan 
141.375, 72.125, 7.081595541615687e-22, nan 
141.625, 72.125, 1.0845982195593754e-21, nan 
141.875, 72.125, 3.1920607187947596e-22, nan 
142.125, 72.125, 3.8853596584708984e-22, nan 
142.375, 72.125, 1.1999652344172598e-21, nan 
142.625, 72.125, 9.88362860055695e-22, nan 
142.875, 72.125, 5.471575290654695e-22, nan 
143.125, 72.125, 1.0272497865309475e-21, nan 
143.375, 72.125, 1.0087122440608375e-21, nan 
143.625, 72.125, 1.0368525872909637e-21, nan 
143.875, 72.125, 6.2219676506750084e-21, nan 
144.125, 72.125, 7.328931689777579e-21, nan 
144.375, 72.125, 7.498976158741304e-21, nan 
144.625, 72.125, 3.451358653893119e-21, nan 
144.875, 72.125, 6.2562321283966075e-21, nan 
145.125, 72.125, 8.86641681502951e-21, nan 
145.375, 72.125, 8.485430323415688e-21, nan 
145.625, 72.125, 1.0870426435661766e-20, nan 
145.875, 72.125, 1.3811748457594864e-20, nan 
146.125, 72.125, 1.0027194382470628e-20, nan 
146.375, 72.125, 6.519501012836879e-21, nan 
146.625, 72.125, 6.3011213000161036e-21, nan 
146.875, 72.125, 3.721982417641799e-21, nan 
147.125, 72.125, 1.7686462598874785e-21, nan 
147.375, 72.125, 1.298643599496008e-21, nan 
147.625, 72.125, 4.482191198392644e-22, nan 
147.875, 72.125, 5.265462204918801e-22, nan 
148.125, 72.125, 9.64841195676451e-22, nan 
148.375, 72.125, 4.0311024692042085e-22, nan 
148.625, 72.125, 4.655138831950652e-22, nan 
148.875, 72.125, 4.54272796577004e-22, nan 
149.125, 72.125, 2.756746986090329e-22, nan 
149.375, 72.125, 5.303838460615184e-22, nan 
149.625, 72.125, 7.32489792790685e-22, nan 
149.875, 72.125, 5.912846594914561e-22, nan 
150.125, 72.125, 6.623538446334968e-22, nan 
150.375, 72.125, 4.760551002882033e-22, nan 
150.625, 72.125, 3.8225501112093375e-22, nan 
150.875, 72.125, 4.21954407853665e-22, nan 
151.125, 72.125, 1.9722494147346782e-22, nan 
151.375, 72.125, 1.5810430788425228e-22, nan 
151.625, 72.125, 1.1270628624143166e-22, nan 
151.875, 72.125, 1.2330905744395e-22, nan 
152.125, 72.125, 1.5732232781787486e-22, nan 
152.375, 72.125, 1.4855760159273788e-22, nan 
152.625, 72.125, 1.2081420684069276e-22, nan 
152.875, 72.125, 9.406336766742963e-23, nan 
153.125, 72.125, 7.30928482287003e-23, nan 
153.375, 72.125, 5.340069799133783e-23, nan 
153.625, 72.125, 4.071287133587622e-23, nan 
153.875, 72.125, 5.928354511376994e-23, nan 
154.125, 72.125, 4.910540266811293e-23, nan 
154.375, 72.125, 4.8101595453070773e-23, nan 
154.625, 72.125, 4.42023361330638e-23, nan 
154.875, 72.125, 3.6920533913756037e-23, nan 
155.125, 72.125, 4.146896905469947e-23, nan 
155.375, 72.125, 4.058066919863633e-23, nan 
155.625, 72.125, 5.869379677893441e-23, nan 
155.875, 72.125, 5.741080341171433e-23, nan 
156.125, 72.125, 9.75844832807015e-23, nan 
156.375, 72.125, 1.3034591502737961e-22, nan 
156.625, 72.125, 1.2252346467398524e-22, nan 
156.875, 72.125, 9.497681938919807e-23, nan 
157.125, 72.125, 7.408912122553049e-23, nan 
157.375, 72.125, 5.387774445277752e-23, nan 
157.625, 72.125, 4.1365446820335465e-23, nan 
157.875, 72.125, 5.2925463364547856e-23, nan 
158.125, 72.125, 4.596639162299448e-23, nan 
158.375, 72.125, 3.419475029528046e-23, nan 
158.625, 72.125, 4.258103952913449e-23, nan 
158.875, 72.125, 3.829415238041858e-23, nan 
159.125, 72.125, 2.4792555979632126e-23, nan 
159.375, 72.125, 3.932696875727187e-23, nan 
159.625, 72.125, 3.3760125874507683e-23, nan 
159.875, 72.125, 2.447778376591258e-23, nan 
160.125, 72.125, 3.4383739848182763e-23, nan 
160.375, 72.125, 4.9842585385603185e-23, nan 
160.625, 72.125, 8.070010965833854e-23, nan 
160.875, 72.125, 1.0074923441510802e-22, nan 
161.125, 72.125, 1.8044464187633555e-22, nan 
161.375, 72.125, 2.4766602673932633e-22, nan 
161.625, 72.125, 3.8740936526258654e-22, nan 
161.875, 72.125, 2.916780812972514e-22, nan 
162.125, 72.125, 2.741278381799965e-22, nan 
162.375, 72.125, 3.5706556257977898e-22, nan 
162.625, 72.125, 2.670530708640766e-22, nan 
162.875, 72.125, 7.795644393757855e-22, nan 
163.125, 72.125, 1.5468070001079855e-21, nan 
163.375, 72.125, 1.9459018815587936e-21, nan 
163.625, 72.125, 1.856209164079216e-21, nan 
163.875, 72.125, 1.0267110690842937e-21, nan 
164.125, 72.125, 9.547037508999904e-22, nan 
164.375, 72.125, 9.979054729621367e-22, nan 
164.625, 72.125, 9.614198449284357e-22, nan 
164.875, 72.125, 1.2471020100519077e-21, nan 
165.125, 72.125, 1.2098970546191542e-21, nan 
165.375, 72.125, 1.7171840087931653e-21, nan 
165.625, 72.125, 1.9434841938674372e-21, nan 
165.875, 72.125, 1.5215425209312832e-21, nan 
166.125, 72.125, 5.984639723032894e-22, nan 
166.375, 72.125, 5.01672860495651e-22, nan 
166.625, 72.125, 5.645324042243092e-22, nan 
166.875, 72.125, 4.25887881171014e-22, nan 
167.125, 72.125, 3.093256325427318e-22, nan 
167.375, 72.125, 1.9909689813261451e-22, nan 
167.625, 72.125, 9.5794186752083e-23, nan 
167.875, 72.125, 1.9366355473783797e-22, nan 
168.125, 72.125, 1.540659651652189e-22, nan 
168.375, 72.125, 1.1189091833684513e-22, nan 
168.625, 72.125, 1.1768814243081222e-22, nan 
168.875, 72.125, 1.0077899686589464e-22, nan 
169.125, 72.125, 9.578258581600005e-23, nan 
169.375, 72.125, 4.77664626725952e-23, nan 
169.625, 72.125, 5.406157281539773e-23, nan 
169.875, 72.125, 6.165233177018332e-23, nan 
170.125, 72.125, 7.893520521111495e-23, nan 
170.375, 72.125, 3.484164835283891e-23, nan 
170.625, 72.125, 2.9768273629059385e-23, nan 
170.875, 72.125, 2.3530065474800647e-23, nan 
171.125, 72.125, 1.599625093564072e-23, nan 
171.375, 72.125, 1.6073816281204637e-23, nan 
171.625, 72.125, 1.657954932804146e-23, nan 
171.875, 72.125, 1.6852347954010692e-23, nan 
172.125, 72.125, 1.973419166258218e-23, nan 
172.375, 72.125, 1.7539568529284787e-23, nan 
172.625, 72.125, 1.3157962271181278e-23, nan 
172.875, 72.125, 1.1226988813552987e-23, nan 
173.125, 72.125, 9.134123827854522e-24, nan 
173.375, 72.125, 7.082011112390482e-24, nan 
173.625, 72.125, 9.415049917105374e-24, nan 
173.875, 72.125, 9.300600199646862e-24, nan 
174.125, 72.125, 5.795523831326175e-24, nan 
174.375, 72.125, 1.0267451077845632e-23, nan 
174.625, 72.125, 1.0626480879534968e-23, nan 
174.875, 72.125, 1.3036406890728356e-23, nan 
175.125, 72.125, 1.4846610171431842e-23, nan 
175.375, 72.125, 1.5011713900522295e-23, nan 
175.625, 72.125, 1.5006078682820584e-23, nan 
175.875, 72.125, 1.4951672440685262e-23, nan 
176.125, 72.125, 1.4602283988884517e-23, nan 
176.375, 72.125, 1.4939007584004134e-23, nan 
176.625, 72.125, 1.9477463086330654e-23, nan 
176.875, 72.125, 1.6756300933470414e-23, nan 
177.125, 72.125, 1.2620001751598011e-23, nan 
177.375, 72.125, 1.187832489485973e-23, nan 
177.625, 72.125, 1.2887291137588893e-23, nan 
177.875, 72.125, 1.0094578638594989e-23, nan 
178.125, 72.125, 8.148131064137961e-24, nan 
178.375, 72.125, 1.478595701763816e-23, nan 
178.625, 72.125, 1.3436983065939866e-23, nan 
178.875, 72.125, 9.794170299068823e-24, nan 
179.125, 72.125, 1.3870444892465958e-23, nan 
179.375, 72.125, 1.625078718914377e-23, nan 
179.625, 72.125, 1.1644831712997386e-23, nan 
179.875, 72.125, 1.0703633912743841e-23, nan 
-179.875, 72.375, 8.142095168213794e-24, nan 
-179.625, 72.375, 7.630034047601378e-24, nan 
-179.375, 72.375, 7.796859697978364e-24, nan 
-179.125, 72.375, 8.090428177726531e-24, nan 
-178.875, 72.375, 5.513398476151718e-24, nan 
-178.625, 72.375, 7.692696370366082e-24, nan 
-178.375, 72.375, 7.12135487922636e-24, nan 
-178.125, 72.375, 5.9290605282659625e-24, nan 
-177.875, 72.375, 1.1848027239220637e-23, nan 
-177.625, 72.375, 1.0258640263536307e-23, nan 
-177.375, 72.375, 6.6399286370731e-24, nan 
-177.125, 72.375, 9.615781149214389e-24, nan 
-176.875, 72.375, 8.644829610801807e-24, nan 
-176.625, 72.375, 7.866962409364032e-24, nan 
-176.375, 72.375, 5.752849599995237e-24, nan 
-176.125, 72.375, 7.816260441954039e-24, nan 
-175.875, 72.375, 8.240924510574044e-24, nan 
-175.625, 72.375, 7.34912920289107e-24, nan 
-175.375, 72.375, 9.112432005823891e-24, nan 
-175.125, 72.375, 1.042798081091879e-23, nan 
-174.875, 72.375, 7.246324869444232e-24, nan 
-174.625, 72.375, 4.841423068283097e-24, nan 
-174.375, 72.375, 7.770933899340401e-24, nan 
-174.125, 72.375, 6.67241244324009e-24, nan 
-173.875, 72.375, 6.0829721104812724e-24, nan 
-173.625, 72.375, 6.734558962486991e-24, nan 
-173.375, 72.375, 5.66025581439827e-24, nan 
-173.125, 72.375, 8.011418502709037e-24, nan 
-172.875, 72.375, 1.0634625239602898e-23, nan 
-172.625, 72.375, 1.58126252376001e-23, nan 
-172.375, 72.375, 2.191092564848242e-23, nan 
-172.125, 72.375, 3.2901691534184745e-23, nan 
-171.875, 72.375, 1.1278591724038462e-23, nan 
-171.625, 72.375, 4.816944850983562e-24, nan 
-171.375, 72.375, 3.0768122218684325e-24, nan 
-171.125, 72.375, 8.492816426889196e-24, nan 
-170.875, 72.375, 5.383835457502789e-24, nan 
-170.625, 72.375, 2.3269173906251203e-24, nan 
-170.375, 72.375, 4.4284070826121485e-24, nan 
-170.125, 72.375, 3.979708987818584e-24, nan 
-169.875, 72.375, 6.2426564357461094e-24, nan 
-169.625, 72.375, 4.797442135628026e-24, nan 
-169.375, 72.375, 4.27743553345218e-24, nan 
-169.125, 72.375, 5.2961167958561445e-24, nan 
-168.875, 72.375, 5.2970286204484075e-24, nan 
-168.625, 72.375, 1.056784624233156e-23, nan 
-168.375, 72.375, 1.1122524761884601e-23, nan 
-168.125, 72.375, 1.6079377027742863e-23, nan 
-167.875, 72.375, 1.7226771049880516e-23, nan 
-167.625, 72.375, 1.1038032339224769e-23, nan 
-167.375, 72.375, 1.041582844124644e-23, nan 
-167.125, 72.375, 1.2366182069444456e-23, nan 
-166.875, 72.375, 8.287455750903785e-24, nan 
-166.625, 72.375, 8.18332029665089e-24, nan 
-166.375, 72.375, 1.3478588944309674e-23, nan 
-166.125, 72.375, 9.636132314719199e-24, nan 
-165.875, 72.375, 8.749246794869957e-24, nan 
-165.625, 72.375, 7.373306811370583e-24, nan 
-165.375, 72.375, 5.538805171816278e-24, nan 
-165.125, 72.375, 6.0097570876886926e-24, nan 
-164.875, 72.375, 4.9937446806561046e-24, nan 
-164.625, 72.375, 5.533480901596204e-24, nan 
-164.375, 72.375, 4.224224385234976e-24, nan 
-164.125, 72.375, 6.235710393460487e-24, nan 
-163.875, 72.375, 7.506869286034131e-24, nan 
-163.625, 72.375, 8.311290714806596e-24, nan 
-163.375, 72.375, 7.89194919147189e-24, nan 
-163.125, 72.375, 6.66814131346924e-24, nan 
-162.875, 72.375, 5.697659473664892e-24, nan 
-162.625, 72.375, 5.149867489189198e-24, nan 
8.125, 72.375, 1.566197433065547e-24, nan 
8.375, 72.375, 1.999096512814266e-24, nan 
8.625, 72.375, 2.275375154772026e-24, nan 
8.875, 72.375, 1.7487162361117108e-24, nan 
9.125, 72.375, 1.953704465742219e-24, nan 
9.375, 72.375, 2.1030274848111075e-24, nan 
9.625, 72.375, 1.2727402314580156e-24, nan 
9.875, 72.375, 1.2221490815116262e-24, nan 
10.125, 72.375, 6.599008069703523e-25, nan 
10.375, 72.375, 1.218112920287413e-24, nan 
10.625, 72.375, 1.2534698152416235e-24, nan 
10.875, 72.375, 1.0418492076219571e-24, nan 
11.125, 72.375, 1.6730684956042646e-24, nan 
11.375, 72.375, 1.3288580478593431e-24, nan 
11.625, 72.375, 1.0980985178053266e-24, nan 
11.875, 72.375, 1.0740684599162638e-24, nan 
12.125, 72.375, 8.166961246967994e-25, nan 
12.375, 72.375, 6.340102250942961e-25, nan 
12.625, 72.375, 9.187222873095463e-25, nan 
12.875, 72.375, 9.32372825170537e-25, nan 
13.125, 72.375, 7.324945979420648e-25, nan 
13.375, 72.375, 9.177406653756692e-25, nan 
13.625, 72.375, 4.97716370843377e-25, nan 
13.875, 72.375, 2.727416001862734e-25, nan 
14.125, 72.375, 6.848355327978177e-25, nan 
14.375, 72.375, 1.0981967609065218e-24, nan 
14.625, 72.375, 1.3790423132449622e-24, nan 
14.875, 72.375, 1.3290882453336818e-24, nan 
15.125, 72.375, 1.3456868097006752e-24, nan 
15.375, 72.375, 1.4939413584098024e-24, nan 
15.625, 72.375, 1.385048530138069e-24, nan 
15.875, 72.375, 8.747990335885067e-25, nan 
16.125, 72.375, 9.897859790258855e-25, nan 
16.375, 72.375, 1.04008747262249e-24, nan 
16.625, 72.375, 8.26173041572722e-25, nan 
16.875, 72.375, 1.1223651705227237e-24, nan 
17.125, 72.375, 1.301140888315087e-24, nan 
17.375, 72.375, 8.50312412958179e-25, nan 
17.625, 72.375, 1.3171232858932909e-24, nan 
17.875, 72.375, 1.5591019697834572e-24, nan 
18.125, 72.375, 1.572990968672834e-24, nan 
18.375, 72.375, 1.8184125220729972e-24, nan 
18.625, 72.375, 1.6203740935605835e-24, nan 
18.875, 72.375, 1.71354222478895e-24, nan 
19.125, 72.375, 1.852978295409927e-24, nan 
19.375, 72.375, 1.0535298898910364e-24, nan 
19.625, 72.375, 1.3643998481949591e-24, nan 
19.875, 72.375, 1.3652533582633453e-24, nan 
20.125, 72.375, 1.2489294333214419e-24, nan 
20.375, 72.375, 1.1897069028743458e-24, nan 
20.625, 72.375, 1.3553733858930702e-24, nan 
20.875, 72.375, 1.5219025927709932e-24, nan 
21.125, 72.375, 9.547694190629707e-25, nan 
21.375, 72.375, 2.0312349306451414e-24, nan 
21.625, 72.375, 2.207083942896167e-24, nan 
21.875, 72.375, 2.4866521520661546e-24, nan 
22.125, 72.375, 1.8985938942637028e-24, nan 
22.375, 72.375, 1.3510452459974466e-24, nan 
22.625, 72.375, 1.0123470539474669e-24, nan 
22.875, 72.375, 1.4783806208025686e-24, nan 
23.125, 72.375, 1.5995680580262544e-24, nan 
23.375, 72.375, 9.847924232668006e-25, nan 
23.625, 72.375, 1.1040020364666246e-24, nan 
23.875, 72.375, 1.2752920476483538e-24, nan 
24.125, 72.375, 1.5518760546328733e-24, nan 
24.375, 72.375, 2.362180743058835e-24, nan 
24.625, 72.375, 1.7506991928562114e-24, nan 
24.875, 72.375, 2.079936948524515e-24, nan 
25.125, 72.375, 2.492953212715426e-24, nan 
25.375, 72.375, 2.9011670985824296e-24, nan 
25.625, 72.375, 2.8269777794319007e-24, nan 
25.875, 72.375, 2.4914293980898406e-24, nan 
26.125, 72.375, 2.870625311264406e-24, nan 
26.375, 72.375, 4.048208069899796e-24, nan 
26.625, 72.375, 2.7914051130848745e-24, nan 
26.875, 72.375, 2.2001473201934668e-24, nan 
27.125, 72.375, 4.722589275147705e-24, nan 
27.375, 72.375, 2.8883884519085812e-24, nan 
27.625, 72.375, 1.4215843672636337e-24, nan 
27.875, 72.375, 2.382294042862623e-24, nan 
28.125, 72.375, 2.6203838526861166e-24, nan 
28.375, 72.375, 2.486838857028319e-24, nan 
28.625, 72.375, 2.0120113794480738e-24, nan 
28.875, 72.375, 3.0990836594759127e-24, nan 
29.125, 72.375, 1.433027503619916e-24, nan 
29.375, 72.375, 8.880510398117325e-25, nan 
29.625, 72.375, 2.0855182971175774e-24, nan 
29.875, 72.375, 2.47081951833464e-24, nan 
30.125, 72.375, 3.2906643722723017e-24, nan 
30.375, 72.375, 3.466754816448136e-24, nan 
30.625, 72.375, 3.403306441104386e-24, nan 
30.875, 72.375, 3.050532811595925e-24, nan 
31.125, 72.375, 3.524762670241736e-24, nan 
31.375, 72.375, 1.9452171564026865e-24, nan 
31.625, 72.375, 1.0731538894766229e-24, nan 
31.875, 72.375, 1.0500738849036485e-24, nan 
32.125, 72.375, 2.4504407588432116e-24, nan 
32.375, 72.375, 2.6503913723993536e-24, nan 
32.625, 72.375, 2.817779777194376e-24, nan 
32.875, 72.375, 2.5529508592571136e-24, nan 
33.125, 72.375, 2.357844817251426e-24, nan 
33.375, 72.375, 3.902375323004773e-24, nan 
33.625, 72.375, 3.394760439177845e-24, nan 
33.875, 72.375, 2.95552898893926e-24, nan 
34.125, 72.375, 2.9964444527848522e-24, nan 
34.375, 72.375, 2.7280739213194162e-24, nan 
34.625, 72.375, 1.0302421884592246e-24, nan 
34.875, 72.375, 2.202675368177698e-24, nan 
35.125, 72.375, 1.931005936767981e-24, nan 
35.375, 72.375, 2.13964845785435e-24, nan 
35.625, 72.375, 4.2283059572580016e-24, nan 
35.875, 72.375, 4.911791124225161e-24, nan 
36.125, 72.375, 4.252266767395708e-24, nan 
36.375, 72.375, 4.7944739219520725e-24, nan 
36.625, 72.375, 1.2698166160487486e-23, nan 
36.875, 72.375, 1.0178861155314599e-23, nan 
37.125, 72.375, 6.1068939160520134e-24, nan 
37.375, 72.375, 2.4658378425732623e-24, nan 
37.625, 72.375, 6.529864485916211e-24, nan 
37.875, 72.375, 8.860401831546794e-24, nan 
38.125, 72.375, 6.157657678144882e-24, nan 
38.375, 72.375, 7.116916736119062e-24, nan 
38.625, 72.375, 5.627123560445249e-24, nan 
38.875, 72.375, 1.424279849450846e-23, nan 
39.125, 72.375, 1.2992708912573867e-23, nan 
39.375, 72.375, 7.392731676812047e-24, nan 
39.625, 72.375, 9.236455732029802e-24, nan 
39.875, 72.375, 4.632831980642474e-24, nan 
40.125, 72.375, 2.7364640611946833e-24, nan 
40.375, 72.375, 5.206192726006115e-24, nan 
40.625, 72.375, 2.594459967132324e-24, nan 
40.875, 72.375, 2.2884199817634288e-24, nan 
41.125, 72.375, 4.8749173832715646e-24, nan 
41.375, 72.375, 4.4186506461137496e-24, nan 
41.625, 72.375, 3.655128718484144e-24, nan 
41.875, 72.375, 6.333718419216203e-24, nan 
42.125, 72.375, 3.556772717237109e-24, nan 
42.375, 72.375, 6.017631668751349e-24, nan 
42.625, 72.375, 7.36677195281682e-24, nan 
42.875, 72.375, 2.699939115250588e-24, nan 
43.125, 72.375, 6.517441537236192e-24, nan 
43.375, 72.375, 5.0072257359090405e-24, nan 
43.625, 72.375, 2.6140187822062757e-24, nan 
43.875, 72.375, 3.729173867122094e-24, nan 
44.125, 72.375, 7.43050804634906e-24, nan 
44.375, 72.375, 1.8792292555693633e-24, nan 
44.625, 72.375, 8.829088660179441e-25, nan 
44.875, 72.375, 4.270745587515627e-24, nan 
45.125, 72.375, 6.1746665071432966e-24, nan 
45.375, 72.375, 6.088755131545182e-24, nan 
45.625, 72.375, 5.350106821867504e-24, nan 
45.875, 72.375, 9.473600017929549e-24, nan 
46.125, 72.375, 6.978028691227617e-24, nan 
46.375, 72.375, 6.251948475866583e-24, nan 
46.625, 72.375, 9.292697215342161e-24, nan 
46.875, 72.375, 1.0864260805595549e-23, nan 
47.125, 72.375, 9.234204472289955e-24, nan 
47.375, 72.375, 1.0714119648168719e-23, nan 
47.625, 72.375, 2.574679743591291e-23, nan 
47.875, 72.375, 2.6133714009872694e-23, nan 
48.125, 72.375, 1.1422873308853575e-23, nan 
48.375, 72.375, 1.095319707339385e-23, nan 
48.625, 72.375, 6.795317200649359e-24, nan 
48.875, 72.375, 4.608614470500116e-24, nan 
49.125, 72.375, 1.356585773253542e-23, nan 
49.375, 72.375, 6.813502835211267e-24, nan 
49.625, 72.375, 6.0973375067692815e-24, nan 
49.875, 72.375, 9.493134064380201e-24, nan 
50.125, 72.375, 1.9820640070856155e-23, nan 
50.375, 72.375, 2.7967390103310134e-23, nan 
50.625, 72.375, 1.5524167414829433e-23, nan 
50.875, 72.375, 4.873405591725233e-24, nan 
51.125, 72.375, 1.086326891203628e-23, nan 
51.375, 72.375, 1.0104919984269573e-23, nan 
51.625, 72.375, 1.2288659643509225e-23, nan 
51.875, 72.375, 1.2997546422487084e-23, nan 
52.125, 72.375, 1.3260419949868132e-23, nan 
52.375, 72.375, 1.3029278900462038e-23, nan 
52.625, 72.375, 1.2567564531160617e-23, nan 
52.875, 72.375, 1.2642673023126958e-23, nan 
53.125, 72.375, 1.2504031909846526e-23, nan 
53.375, 72.375, 9.911538860066945e-24, nan 
53.625, 72.375, 1.4106396154054598e-23, nan 
53.875, 72.375, 1.4254905020690578e-23, nan 
54.125, 72.375, 1.8007641680055458e-23, nan 
54.375, 72.375, 1.7841255161489966e-23, nan 
54.625, 72.375, 2.7215225388067486e-23, nan 
54.875, 72.375, 3.074175934288226e-23, nan 
55.125, 72.375, 3.5549202899282714e-23, nan 
55.375, 72.375, 3.293037286362289e-23, nan 
55.625, 72.375, 3.2560479781703557e-23, nan 
55.875, 72.375, 3.6748764596689313e-23, nan 
56.125, 72.375, 3.214809488929291e-23, nan 
56.375, 72.375, 3.348530027999405e-23, nan 
56.625, 72.375, 3.3587384273258003e-23, nan 
56.875, 72.375, 2.553351413438135e-23, nan 
57.125, 72.375, 2.4045344812202828e-23, nan 
57.375, 72.375, 4.3046052713939965e-23, nan 
57.625, 72.375, 4.4000200508210963e-23, nan 
57.875, 72.375, 1.6564770653901568e-23, nan 
58.125, 72.375, 3.9623944658003387e-23, nan 
58.375, 72.375, 4.0550593008672166e-23, nan 
58.625, 72.375, 3.1644494539979606e-23, nan 
58.875, 72.375, 2.130392603950946e-23, nan 
59.125, 72.375, 3.574375367554764e-23, nan 
59.375, 72.375, 4.1065258330965343e-23, nan 
59.625, 72.375, 2.3005481604176592e-23, nan 
59.875, 72.375, 4.010781651517883e-23, nan 
60.125, 72.375, 7.755420302755659e-23, nan 
60.375, 72.375, 8.335986260388324e-23, nan 
60.625, 72.375, 6.939869157156058e-23, nan 
60.875, 72.375, 8.522341144237163e-23, nan 
61.125, 72.375, 9.424681249802762e-23, nan 
61.375, 72.375, 6.86834891459889e-23, nan 
61.625, 72.375, 1.8001406376520905e-23, nan 
61.875, 72.375, 2.2767764611796213e-23, nan 
62.125, 72.375, 3.4300080213044895e-23, nan 
62.375, 72.375, 3.333697315538996e-23, nan 
62.625, 72.375, 4.1295671415118783e-23, nan 
62.875, 72.375, 7.109839605106499e-23, nan 
63.125, 72.375, 7.522679879567797e-23, nan 
63.375, 72.375, 1.0333593137648021e-22, nan 
63.625, 72.375, 1.1015690275205678e-22, nan 
63.875, 72.375, 1.214555441447381e-22, nan 
64.125, 72.375, 1.326049586079123e-22, nan 
64.375, 72.375, 1.1625596189597914e-22, nan 
64.625, 72.375, 1.301512385340299e-22, nan 
64.875, 72.375, 1.3649439840121091e-22, nan 
65.125, 72.375, 1.180538859770496e-22, nan 
65.375, 72.375, 7.753714008394191e-23, nan 
65.625, 72.375, 6.754192199507585e-23, nan 
65.875, 72.375, 4.502904904183748e-23, nan 
66.125, 72.375, 9.873698085729314e-23, nan 
66.375, 72.375, 8.429892999378408e-23, nan 
66.625, 72.375, 4.808808026065332e-23, nan 
66.875, 72.375, 1.3125771226042143e-22, nan 
67.125, 72.375, 6.48137943987706e-23, nan 
67.375, 72.375, 9.630749282973917e-23, nan 
67.625, 72.375, 7.247338627450092e-23, nan 
67.875, 72.375, 6.597002926873749e-23, nan 
68.125, 72.375, 1.5816682383524133e-22, nan 
68.375, 72.375, 2.292049818963233e-22, nan 
68.625, 72.375, 1.475038332478561e-22, nan 
68.875, 72.375, 1.8125514570498687e-22, nan 
69.125, 72.375, 2.368357055674171e-22, nan 
69.375, 72.375, 2.113538433733417e-22, nan 
69.625, 72.375, 1.3148767289292256e-22, nan 
69.875, 72.375, 1.3369154823705637e-22, nan 
70.125, 72.375, 1.795625344334951e-22, nan 
70.375, 72.375, 1.7273419288936038e-22, nan 
70.625, 72.375, 1.2020629924052912e-22, nan 
70.875, 72.375, 2.205867845054579e-22, nan 
71.125, 72.375, 1.7603463483707238e-22, nan 
71.375, 72.375, 1.5761300192608162e-22, nan 
71.625, 72.375, 3.0868894835925544e-22, nan 
71.875, 72.375, 1.7658248606749186e-22, nan 
72.125, 72.375, 1.863633666190442e-22, nan 
72.375, 72.375, 2.4485969790928233e-22, nan 
72.625, 72.375, 2.0250581288472473e-22, nan 
72.875, 72.375, 6.234883392111449e-23, nan 
73.125, 72.375, 2.965186292237861e-22, nan 
73.375, 72.375, 2.7915596969558572e-22, nan 
73.625, 72.375, 3.421812703885206e-22, nan 
73.875, 72.375, 4.1925473748491384e-22, nan 
74.125, 72.375, 3.465723832548695e-22, nan 
74.375, 72.375, 3.300229599232782e-22, nan 
74.625, 72.375, 5.016443460604369e-22, nan 
74.875, 72.375, 6.763418350429012e-22, nan 
75.125, 72.375, 5.370177534948145e-22, nan 
75.375, 72.375, 4.759468707746815e-22, nan 
75.625, 72.375, 9.507008488854247e-22, nan 
75.875, 72.375, 9.830138936291082e-22, nan 
76.125, 72.375, 2.0635979307117847e-22, nan 
76.375, 72.375, 5.214148456829984e-22, nan 
76.625, 72.375, 7.471670902248367e-22, nan 
76.875, 72.375, 2.819352902179947e-22, nan 
77.125, 72.375, 3.341557608379776e-22, nan 
77.375, 72.375, 5.33798840781093e-22, nan 
77.625, 72.375, 3.5390666025662897e-22, nan 
77.875, 72.375, 2.902787386017567e-22, nan 
78.125, 72.375, 2.838664144729769e-22, nan 
78.375, 72.375, 2.7182176250776313e-22, nan 
78.625, 72.375, 3.439063646713871e-22, nan 
78.875, 72.375, 2.4040768820210303e-22, nan 
79.125, 72.375, 2.616172164842144e-22, nan 
79.375, 72.375, 3.428475666454063e-22, nan 
79.625, 72.375, 1.805734732868112e-22, nan 
79.875, 72.375, 4.926729149505173e-22, nan 
80.125, 72.375, 3.8686446553389906e-22, nan 
80.375, 72.375, 4.704792439203707e-22, nan 
80.625, 72.375, 7.646878694892244e-22, nan 
80.875, 72.375, 5.681051020848596e-22, nan 
81.125, 72.375, 8.851237060459834e-22, nan 
81.375, 72.375, 5.061547601709875e-22, nan 
81.625, 72.375, 6.747622888169761e-22, nan 
81.875, 72.375, 1.2996973031789732e-21, nan 
82.125, 72.375, 7.429740232193254e-22, nan 
82.375, 72.375, 9.725417303363804e-22, nan 
82.625, 72.375, 1.633549838559342e-21, nan 
82.875, 72.375, 8.391287281906337e-22, nan 
83.125, 72.375, 1.2063337096308837e-21, nan 
83.375, 72.375, 1.2233915202362228e-21, nan 
83.625, 72.375, 1.397303961526671e-21, nan 
83.875, 72.375, 1.9121226851442563e-21, nan 
84.125, 72.375, 1.8368235304884235e-21, nan 
84.375, 72.375, 1.7605774061560886e-21, nan 
84.625, 72.375, 2.2220063635951283e-21, nan 
84.875, 72.375, 2.5741077835362424e-21, nan 
85.125, 72.375, 1.0825358183305615e-21, nan 
85.375, 72.375, 2.208103385400383e-21, nan 
85.625, 72.375, 2.934145751365564e-21, nan 
85.875, 72.375, 2.5369496277561266e-21, nan 
86.125, 72.375, 2.8987883254983424e-21, nan 
86.375, 72.375, 3.870456131411597e-21, nan 
86.625, 72.375, 3.2816479858231224e-21, nan 
86.875, 72.375, 2.2969644328426224e-21, nan 
87.125, 72.375, 2.760073882911647e-21, nan 
87.375, 72.375, 2.7759061607433834e-21, nan 
87.625, 72.375, 3.658591568207656e-21, nan 
87.875, 72.375, 1.7537240274531155e-21, nan 
88.125, 72.375, 2.5091656678635606e-21, nan 
88.375, 72.375, 3.84661993262217e-21, nan 
88.625, 72.375, 5.321312847304215e-21, nan 
88.875, 72.375, 4.450101231631411e-21, nan 
89.125, 72.375, 5.026530128406232e-21, nan 
89.375, 72.375, 7.199254401949671e-21, nan 
89.625, 72.375, 1.1184153543578319e-20, nan 
89.875, 72.375, 1.1334463049358257e-20, nan 
90.125, 72.375, 1.0228133580102494e-20, nan 
90.375, 72.375, 1.3176452375785243e-20, nan 
90.625, 72.375, 1.4491141971858305e-20, nan 
90.875, 72.375, 1.3907209126972715e-20, nan 
91.125, 72.375, 1.5147388824607867e-20, nan 
91.375, 72.375, 1.2734236982618156e-20, nan 
91.625, 72.375, 9.179039322688026e-21, nan 
91.875, 72.375, 1.5262864717922604e-20, nan 
92.125, 72.375, 1.6088875466620664e-20, nan 
92.375, 72.375, 2.4092919428972e-20, nan 
92.625, 72.375, 2.1902978018795628e-20, nan 
92.875, 72.375, 2.0639557499300372e-20, nan 
93.125, 72.375, 1.8886341794593006e-20, nan 
93.375, 72.375, 3.357795563471137e-20, nan 
93.625, 72.375, 2.820034008849389e-20, nan 
93.875, 72.375, 1.062995977058605e-20, nan 
94.125, 72.375, 2.6212145927053478e-20, nan 
94.375, 72.375, 1.5879835558497846e-20, nan 
94.625, 72.375, 2.2998259701871754e-20, nan 
94.875, 72.375, 3.394890968943731e-20, nan 
95.125, 72.375, 1.371962777976333e-20, nan 
95.375, 72.375, 2.6727083266588537e-20, nan 
95.625, 72.375, 4.4032481462349476e-20, nan 
95.875, 72.375, 2.9414193884344764e-20, nan 
96.125, 72.375, 1.648055645814095e-20, nan 
96.375, 72.375, 2.955159222538344e-20, nan 
96.625, 72.375, 7.475002873923757e-20, nan 
96.875, 72.375, 4.212400181949835e-20, nan 
97.125, 72.375, 2.3587738664593583e-20, nan 
97.375, 72.375, 5.909850949153458e-20, nan 
97.625, 72.375, 5.087945601431468e-20, nan 
97.875, 72.375, 2.587742472282432e-20, nan 
98.125, 72.375, 4.689463351451843e-20, nan 
98.375, 72.375, 4.572346984239813e-20, nan 
98.625, 72.375, 3.456111922550288e-20, nan 
98.875, 72.375, 8.060865743058873e-20, nan 
99.125, 72.375, 7.889712799918292e-20, nan 
99.375, 72.375, 9.924218558177449e-20, nan 
99.625, 72.375, 1.4964321220135935e-19, nan 
99.875, 72.375, 1.735361912609461e-19, nan 
100.125, 72.375, 1.4025478801721892e-19, nan 
100.375, 72.375, 1.4430638857302394e-19, nan 
100.625, 72.375, 1.612374785224444e-19, nan 
100.875, 72.375, 1.4907626748869862e-19, nan 
101.125, 72.375, 1.7072104351367783e-19, nan 
101.375, 72.375, 1.4087776136076103e-19, nan 
101.625, 72.375, 2.6650617402632965e-19, nan 
101.875, 72.375, 2.7672317944919816e-19, nan 
102.125, 72.375, 2.887445856516413e-19, nan 
102.375, 72.375, 4.360117931960062e-19, nan 
102.625, 72.375, 5.730564590946141e-19, nan 
102.875, 72.375, 5.825774440592252e-19, nan 
103.125, 72.375, 6.233297878648578e-19, nan 
103.375, 72.375, 5.045032965210388e-19, nan 
103.625, 72.375, 6.907605539315822e-19, nan 
103.875, 72.375, 5.229032314771162e-19, nan 
104.125, 72.375, 6.682495743277021e-19, nan 
104.375, 72.375, 8.885599459045368e-19, nan 
104.625, 72.375, 9.542237745516279e-19, nan 
104.875, 72.375, 1.281981701927366e-18, nan 
105.125, 72.375, 1.4214970212539884e-18, nan 
105.375, 72.375, 1.2086521781072975e-18, nan 
105.625, 72.375, 1.168150398613835e-18, nan 
105.875, 72.375, 1.6653999481982575e-18, nan 
106.125, 72.375, 2.2375450893475866e-18, nan 
106.375, 72.375, 3.0290301053311226e-18, nan 
106.625, 72.375, 3.3926027619440395e-18, nan 
106.875, 72.375, 5.062240505235755e-18, nan 
107.125, 72.375, 7.499022051357962e-18, nan 
107.375, 72.375, 1.4101680509283633e-17, nan 
107.625, 72.375, 2.0331141744923434e-17, nan 
107.875, 72.375, 1.550191351000292e-17, nan 
108.125, 72.375, 3.33778980010363e-17, nan 
108.375, 72.375, 5.55741067207965e-17, nan 
108.625, 72.375, 6.503930031744011e-17, nan 
108.875, 72.375, 8.691425454045227e-17, nan 
109.125, 72.375, 1.485018600271132e-16, nan 
109.375, 72.375, 2.627617332902677e-16, nan 
109.625, 72.375, 2.9234936294578133e-16, nan 
109.875, 72.375, 8.030127405183863e-16, nan 
110.125, 72.375, 2.197177431120061e-15, nan 
110.375, 72.375, 1.0753296529482414e-14, nan 
110.625, 72.375, 3.1614509455583076e-14, nan 
110.875, 72.375, 5.5986739771542285e-15, nan 
111.125, 72.375, 1.316772918319095e-15, nan 
111.375, 72.375, 5.417289343887295e-16, nan 
111.625, 72.375, 2.3890374495520346e-16, nan 
111.875, 72.375, 1.365641877586829e-16, nan 
112.125, 72.375, 9.636463547610436e-17, nan 
112.375, 72.375, 4.648293977259239e-17, nan 
112.625, 72.375, 3.0037338883964546e-17, nan 
112.875, 72.375, 2.321909253029277e-17, nan 
113.125, 72.375, 9.356883690756871e-18, nan 
113.375, 72.375, 1.209447216266007e-17, nan 
113.625, 72.375, 7.640182409278674e-18, nan 
113.875, 72.375, 6.136544034979461e-18, nan 
114.125, 72.375, 4.653990702993105e-18, nan 
114.375, 72.375, 8.48743660534034e-18, nan 
114.625, 72.375, 7.829795541527987e-18, nan 
114.875, 72.375, 2.894636781127094e-18, nan 
115.125, 72.375, 2.925258507029526e-18, nan 
115.375, 72.375, 5.027888466116935e-18, nan 
115.625, 72.375, 2.0362778394831878e-18, nan 
115.875, 72.375, 2.426324017124078e-18, nan 
116.125, 72.375, 2.631343118590113e-18, nan 
116.375, 72.375, 2.4195288627613743e-18, nan 
116.625, 72.375, 1.5818284079003996e-18, nan 
116.875, 72.375, 1.8785816450884366e-18, nan 
117.125, 72.375, 1.9643285419042943e-18, nan 
117.375, 72.375, 1.4451395448729903e-18, nan 
117.625, 72.375, 1.5659676303325505e-18, nan 
117.875, 72.375, 2.353053038242273e-18, nan 
118.125, 72.375, 1.8777072886515712e-18, nan 
118.375, 72.375, 1.408309795390522e-18, nan 
118.625, 72.375, 1.7614745765612523e-18, nan 
118.875, 72.375, 1.4412547055202527e-18, nan 
119.125, 72.375, 9.780891491550713e-19, nan 
119.375, 72.375, 8.936489950487985e-19, nan 
119.625, 72.375, 7.824594227682624e-19, nan 
119.875, 72.375, 8.710628711869102e-19, nan 
120.125, 72.375, 7.012838907247364e-19, nan 
120.375, 72.375, 5.610239503776515e-19, nan 
120.625, 72.375, 5.580242988845321e-19, nan 
120.875, 72.375, 4.380273182496358e-19, nan 
121.125, 72.375, 2.5330582580713937e-19, nan 
121.375, 72.375, 1.9467655330407574e-19, nan 
121.625, 72.375, 2.2235434992296443e-19, nan 
121.875, 72.375, 1.8926006654906888e-19, nan 
122.125, 72.375, 1.2032124971746519e-19, nan 
122.375, 72.375, 1.1279565289409097e-19, nan 
122.625, 72.375, 7.45645344673379e-20, nan 
122.875, 72.375, 6.027975807067384e-20, nan 
123.125, 72.375, 6.143157250824828e-20, nan 
123.375, 72.375, 7.924101634676958e-20, nan 
123.625, 72.375, 8.064555377543953e-20, nan 
123.875, 72.375, 1.0557192270750613e-19, nan 
124.125, 72.375, 1.5534788765806091e-19, nan 
124.375, 72.375, 1.0350908663434729e-19, nan 
124.625, 72.375, 9.57258188205761e-20, nan 
124.875, 72.375, 9.722254873575894e-20, nan 
125.125, 72.375, 7.904595439680839e-20, nan 
125.375, 72.375, 7.283175462965494e-20, nan 
125.625, 72.375, 4.0247193807462735e-20, nan 
125.875, 72.375, 3.591527900006326e-20, nan 
126.125, 72.375, 6.52987287335743e-20, nan 
126.375, 72.375, 4.581666785858948e-20, nan 
126.625, 72.375, 6.121078283519794e-20, nan 
126.875, 72.375, 6.163123483726747e-20, nan 
127.125, 72.375, 5.351958267378749e-20, nan 
127.375, 72.375, 4.742419744411396e-20, nan 
127.625, 72.375, 4.738837798084253e-20, nan 
127.875, 72.375, 4.238234697434121e-20, nan 
128.125, 72.375, 2.729077321734564e-20, nan 
128.375, 72.375, 1.894511462814849e-20, nan 
128.625, 72.375, 1.509635950333546e-20, nan 
128.875, 72.375, 2.7254663087913407e-20, nan 
129.125, 72.375, 2.2347718274635605e-20, nan 
129.375, 72.375, 1.1060591550713607e-20, nan 
129.625, 72.375, 9.440277761413301e-21, nan 
129.875, 72.375, 1.19934886915012e-20, nan 
130.125, 72.375, 8.709328159390042e-21, nan 
130.375, 72.375, 9.236159862647012e-21, nan 
130.625, 72.375, 6.499611945838467e-21, nan 
130.875, 72.375, 6.206792716470977e-21, nan 
131.125, 72.375, 3.878081560463523e-21, nan 
131.375, 72.375, 4.637527303107615e-21, nan 
131.625, 72.375, 3.571445227033328e-21, nan 
131.875, 72.375, 5.707563239071463e-21, nan 
132.125, 72.375, 5.1044659099559205e-21, nan 
132.375, 72.375, 4.8211684703491295e-21, nan 
132.625, 72.375, 2.6484901936946987e-21, nan 
132.875, 72.375, 3.0937054094475064e-21, nan 
133.125, 72.375, 3.079473627284846e-21, nan 
133.375, 72.375, 3.3898491232200136e-21, nan 
133.625, 72.375, 3.0712083934061156e-21, nan 
133.875, 72.375, 3.2662130980824546e-21, nan 
134.125, 72.375, 2.9827931713764574e-21, nan 
134.375, 72.375, 3.1491369928220315e-21, nan 
134.625, 72.375, 2.6145990543940012e-21, nan 
134.875, 72.375, 2.3568609083198642e-21, nan 
135.125, 72.375, 2.3254771515529028e-21, nan 
135.375, 72.375, 1.694280621004722e-21, nan 
135.625, 72.375, 2.4115761486887666e-21, nan 
135.875, 72.375, 2.77505694769477e-21, nan 
136.125, 72.375, 2.133782652821755e-21, nan 
136.375, 72.375, 1.73609632526089e-21, nan 
136.625, 72.375, 2.3167845447650947e-21, nan 
136.875, 72.375, 1.8450948570181997e-21, nan 
137.125, 72.375, 8.450718841538732e-22, nan 
137.375, 72.375, 8.685917072610063e-22, nan 
137.625, 72.375, 1.676450645612051e-21, nan 
137.875, 72.375, 2.025846247183271e-21, nan 
138.125, 72.375, 1.1243608288811959e-21, nan 
138.375, 72.375, 1.4852181195557238e-21, nan 
138.625, 72.375, 2.654144737038672e-21, nan 
138.875, 72.375, 2.359540337612364e-21, nan 
139.125, 72.375, 1.450884762043272e-21, nan 
139.375, 72.375, 1.795516160167265e-21, nan 
139.625, 72.375, 1.3859090316133193e-21, nan 
139.875, 72.375, 9.891485288306233e-22, nan 
140.125, 72.375, 2.2564425045997116e-21, nan 
140.375, 72.375, 3.0146694625977868e-21, nan 
140.625, 72.375, 3.496768916395922e-21, nan 
140.875, 72.375, 3.240370457535485e-21, nan 
141.125, 72.375, 2.496424819847379e-21, nan 
141.375, 72.375, 9.349657120978684e-22, nan 
141.625, 72.375, 8.88177551041931e-22, nan 
141.875, 72.375, 7.72281746976525e-22, nan 
142.125, 72.375, 6.889553947973677e-22, nan 
142.375, 72.375, 9.878654182778433e-22, nan 
142.625, 72.375, 1.489069393969151e-21, nan 
142.875, 72.375, 2.1240328740802577e-21, nan 
143.125, 72.375, 8.331104252203224e-21, nan 
143.375, 72.375, 1.0130464847512077e-20, nan 
143.625, 72.375, 1.1377444775509608e-20, nan 
143.875, 72.375, 1.4531323191951272e-20, nan 
144.125, 72.375, 1.6833433624686747e-20, nan 
144.375, 72.375, 1.705617116952736e-20, nan 
144.625, 72.375, 8.430391191560986e-21, nan 
144.875, 72.375, 8.955860044140698e-21, nan 
145.125, 72.375, 8.224969819566675e-21, nan 
145.375, 72.375, 2.3324638803551964e-21, nan 
145.625, 72.375, 5.141993140807016e-21, nan 
145.875, 72.375, 6.477638683694558e-21, nan 
146.125, 72.375, 4.324543917503959e-21, nan 
146.375, 72.375, 2.091972961888795e-21, nan 
146.625, 72.375, 8.703173634948127e-22, nan 
146.875, 72.375, 6.919765292038333e-22, nan 
147.125, 72.375, 6.331550513214084e-22, nan 
147.375, 72.375, 8.91865487432285e-22, nan 
147.625, 72.375, 6.265351384543049e-22, nan 
147.875, 72.375, 4.82908935899848e-22, nan 
148.125, 72.375, 3.35068159344473e-22, nan 
148.375, 72.375, 3.7996793580829253e-22, nan 
148.625, 72.375, 3.4792325458539682e-22, nan 
148.875, 72.375, 9.573883419900939e-23, nan 
149.125, 72.375, 4.216949364529089e-22, nan 
149.375, 72.375, 6.146616090842621e-22, nan 
149.625, 72.375, 5.266148926396585e-22, nan 
149.875, 72.375, 4.756995081705059e-22, nan 
150.125, 72.375, 5.9597121412174825e-22, nan 
150.375, 72.375, 3.1113744184577608e-22, nan 
150.625, 72.375, 1.559291552679429e-22, nan 
150.875, 72.375, 8.563668720372415e-23, nan 
151.125, 72.375, 2.9943884786879113e-22, nan 
151.375, 72.375, 2.181589270004017e-22, nan 
151.625, 72.375, 9.47066150929395e-23, nan 
151.875, 72.375, 3.2974562999326405e-22, nan 
152.125, 72.375, 1.8836776850967892e-22, nan 
152.375, 72.375, 9.748392943098672e-23, nan 
152.625, 72.375, 1.930263947692946e-22, nan 
152.875, 72.375, 9.966585360982503e-23, nan 
153.125, 72.375, 5.52431263952572e-23, nan 
153.375, 72.375, 5.761468253714407e-23, nan 
153.625, 72.375, 4.782996864930405e-23, nan 
153.875, 72.375, 6.225971690398893e-23, nan 
154.125, 72.375, 5.812973473767134e-23, nan 
154.375, 72.375, 5.1889633107313757e-23, nan 
154.625, 72.375, 1.909076864844031e-23, nan 
154.875, 72.375, 2.5139131413819375e-23, nan 
155.125, 72.375, 4.3560761982764175e-23, nan 
155.375, 72.375, 1.3460897424373506e-22, nan 
155.625, 72.375, 1.6459514351242822e-22, nan 
155.875, 72.375, 1.5385684719444065e-22, nan 
156.125, 72.375, 1.296869305127621e-22, nan 
156.375, 72.375, 1.6793857950539274e-22, nan 
156.625, 72.375, 1.5196871797267086e-22, nan 
156.875, 72.375, 6.722480518333734e-23, nan 
157.125, 72.375, 6.599349415367347e-23, nan 
157.375, 72.375, 4.728500570372895e-23, nan 
157.625, 72.375, 4.948632107289628e-23, nan 
157.875, 72.375, 4.3710752725834875e-23, nan 
158.125, 72.375, 5.010965053066838e-23, nan 
158.375, 72.375, 4.06980606902794e-23, nan 
158.625, 72.375, 4.032387797748802e-23, nan 
158.875, 72.375, 4.7536794101789377e-23, nan 
159.125, 72.375, 4.510167836589788e-23, nan 
159.375, 72.375, 5.831364652622367e-23, nan 
159.625, 72.375, 6.64557320193163e-23, nan 
159.875, 72.375, 6.559423937930886e-23, nan 
160.125, 72.375, 9.963618898677763e-23, nan 
160.375, 72.375, 1.073773603284655e-22, nan 
160.625, 72.375, 1.7193409621185979e-22, nan 
160.875, 72.375, 2.315763318950717e-22, nan 
161.125, 72.375, 3.412521424362974e-22, nan 
161.375, 72.375, 3.9375356055378245e-22, nan 
161.625, 72.375, 3.903433126501066e-22, nan 
161.875, 72.375, 3.53259699312909e-22, nan 
162.125, 72.375, 1.0202217043932992e-21, nan 
162.375, 72.375, 1.8549522165054205e-21, nan 
162.625, 72.375, 2.75932688736803e-21, nan 
162.875, 72.375, 2.110678189576342e-21, nan 
163.125, 72.375, 2.398500925883909e-21, nan 
163.375, 72.375, 3.0548097779255517e-21, nan 
163.625, 72.375, 2.2134443831194075e-21, nan 
163.875, 72.375, 1.0958846153244416e-21, nan 
164.125, 72.375, 1.1936893090309718e-21, nan 
164.375, 72.375, 1.0079936615055317e-21, nan 
164.625, 72.375, 8.87421365692446e-22, nan 
164.875, 72.375, 1.1627210927130957e-21, nan 
165.125, 72.375, 1.3365003322868957e-21, nan 
165.375, 72.375, 2.1556090824854747e-21, nan 
165.625, 72.375, 2.2639414621068287e-21, nan 
165.875, 72.375, 1.8300579198976798e-21, nan 
166.125, 72.375, 1.2916263364333582e-21, nan 
166.375, 72.375, 1.3577501608234168e-21, nan 
166.625, 72.375, 1.1290438809286638e-21, nan 
166.875, 72.375, 6.063162864358358e-22, nan 
167.125, 72.375, 3.100783993890813e-22, nan 
167.375, 72.375, 2.922789442643611e-22, nan 
167.625, 72.375, 1.905782731398928e-22, nan 
167.875, 72.375, 1.271984646274216e-22, nan 
168.125, 72.375, 1.3233886349768527e-22, nan 
168.375, 72.375, 1.2394105292774605e-22, nan 
168.625, 72.375, 8.458307693385719e-23, nan 
168.875, 72.375, 4.545034403098698e-23, nan 
169.125, 72.375, 4.030047120426291e-23, nan 
169.375, 72.375, 6.861802779328848e-23, nan 
169.625, 72.375, 6.160580675509424e-23, nan 
169.875, 72.375, 8.452757625575513e-23, nan 
170.125, 72.375, 1.1297224091993992e-22, nan 
170.375, 72.375, 4.699148319016065e-23, nan 
170.625, 72.375, 5.578272463596999e-23, nan 
170.875, 72.375, 6.770728999832751e-23, nan 
171.125, 72.375, 4.8479575453193e-23, nan 
171.375, 72.375, 4.314159391532246e-23, nan 
171.625, 72.375, 4.050164984217131e-23, nan 
171.875, 72.375, 3.5081873384309005e-23, nan 
172.125, 72.375, 3.1373146840347626e-23, nan 
172.375, 72.375, 2.4737257565567091e-23, nan 
172.625, 72.375, 1.4207471548169184e-23, nan 
172.875, 72.375, 6.767207268819462e-24, nan 
173.125, 72.375, 9.62380528452617e-24, nan 
173.375, 72.375, 8.558656348135333e-24, nan 
173.625, 72.375, 7.294992580678235e-24, nan 
173.875, 72.375, 3.1471073644707776e-24, nan 
174.125, 72.375, 4.073092285726533e-24, nan 
174.375, 72.375, 3.2873698976146177e-24, nan 
174.625, 72.375, 6.108865236134097e-24, nan 
174.875, 72.375, 6.912548998213229e-24, nan 
175.125, 72.375, 8.485996894681594e-24, nan 
175.375, 72.375, 1.2221381683016506e-23, nan 
175.625, 72.375, 1.3128553190607275e-23, nan 
175.875, 72.375, 1.2944325223655892e-23, nan 
176.125, 72.375, 1.0787393193039755e-23, nan 
176.375, 72.375, 1.1121672434775219e-23, nan 
176.625, 72.375, 1.4497164465671364e-23, nan 
176.875, 72.375, 1.2077819542667807e-23, nan 
177.125, 72.375, 1.2942921742662882e-23, nan 
177.375, 72.375, 1.0489574645794279e-23, nan 
177.625, 72.375, 1.5550645199997415e-23, nan 
177.875, 72.375, 5.628402735448395e-24, nan 
178.125, 72.375, 1.0924973933208979e-23, nan 
178.375, 72.375, 2.2566719041729155e-23, nan 
178.625, 72.375, 1.0985359228693701e-23, nan 
178.875, 72.375, 1.2824229090607424e-23, nan 
179.125, 72.375, 2.1981534325825178e-23, nan 
179.375, 72.375, 1.4102134376082227e-23, nan 
179.625, 72.375, 7.515120044351134e-24, nan 
179.875, 72.375, 1.0778274770663146e-23, nan 
-179.875, 72.625, 1.2388385951801819e-23, nan 
-179.625, 72.625, 1.2035695831709673e-23, nan 
-179.375, 72.625, 1.1994343534064726e-23, nan 
-179.125, 72.625, 1.2984763343492605e-23, nan 
-178.875, 72.625, 1.0591358074705702e-23, nan 
-178.625, 72.625, 8.365279564318847e-24, nan 
-178.375, 72.625, 9.136614771789487e-24, nan 
-178.125, 72.625, 8.160084696994862e-24, nan 
-177.875, 72.625, 1.4086786342055582e-23, nan 
-177.625, 72.625, 9.333520583890224e-24, nan 
-177.375, 72.625, 7.452693872750883e-24, nan 
-177.125, 72.625, 1.138201919871119e-23, nan 
-176.875, 72.625, 9.960194402535477e-24, nan 
-176.625, 72.625, 8.275830302841735e-24, nan 
-176.375, 72.625, 7.75465072876966e-24, nan 
-176.125, 72.625, 7.331663126065325e-24, nan 
-175.875, 72.625, 7.143382847753899e-24, nan 
-175.625, 72.625, 9.479888104929889e-24, nan 
-175.375, 72.625, 1.1694288817932426e-23, nan 
-175.125, 72.625, 1.0450484699167186e-23, nan 
-174.875, 72.625, 8.582201687088663e-24, nan 
-174.625, 72.625, 8.629897633825233e-24, nan 
-174.375, 72.625, 9.418984700487936e-24, nan 
-174.125, 72.625, 5.674343172819474e-24, nan 
-173.875, 72.625, 9.641414959258621e-24, nan 
-173.625, 72.625, 8.351229896452875e-24, nan 
-173.375, 72.625, 2.226746009938559e-24, nan 
-173.125, 72.625, 9.939992438908489e-24, nan 
-172.875, 72.625, 1.161833007648942e-23, nan 
-172.625, 72.625, 3.757562130198662e-24, nan 
-172.375, 72.625, 5.336285930672549e-24, nan 
-172.125, 72.625, 6.890756395456467e-24, nan 
-171.875, 72.625, 5.6086876424933266e-24, nan 
-171.625, 72.625, 8.820024574559735e-24, nan 
-171.375, 72.625, 7.529164837057469e-24, nan 
-171.125, 72.625, 3.693178235614409e-24, nan 
-170.875, 72.625, 7.113899542159109e-24, nan 
-170.625, 72.625, 5.3727092675465995e-24, nan 
-170.375, 72.625, 2.8073898493200716e-24, nan 
-170.125, 72.625, 6.582744254309499e-24, nan 
-169.875, 72.625, 6.740079674365717e-24, nan 
-169.625, 72.625, 4.877620892441092e-24, nan 
-169.375, 72.625, 5.763230308973298e-24, nan 
-169.125, 72.625, 7.314498300741538e-24, nan 
-168.875, 72.625, 6.713176548599502e-24, nan 
-168.625, 72.625, 5.113340056738136e-24, nan 
-168.375, 72.625, 5.22130478497362e-24, nan 
-168.125, 72.625, 7.249750166465551e-24, nan 
-167.875, 72.625, 7.200406968980342e-24, nan 
-167.625, 72.625, 7.77158368152035e-24, nan 
-167.375, 72.625, 7.189410279401876e-24, nan 
-167.125, 72.625, 8.860752657357863e-24, nan 
-166.875, 72.625, 8.096702893361612e-24, nan 
-166.625, 72.625, 9.770942975196642e-24, nan 
-166.375, 72.625, 1.0496631404879452e-23, nan 
-166.125, 72.625, 8.833605386591089e-24, nan 
-165.875, 72.625, 8.868763705439878e-24, nan 
-165.625, 72.625, 6.542618033457377e-24, nan 
-165.375, 72.625, 6.5182634317831665e-24, nan 
-165.125, 72.625, 6.448520465235356e-24, nan 
-164.875, 72.625, 1.9534261577923673e-24, nan 
-164.625, 72.625, 3.422523717691421e-24, nan 
-164.375, 72.625, 5.662838948376949e-24, nan 
-164.125, 72.625, 4.7769697050369e-24, nan 
-163.875, 72.625, 4.205893222099545e-24, nan 
-163.625, 72.625, 5.7868472542748896e-24, nan 
-163.375, 72.625, 4.6253936586548304e-24, nan 
-163.125, 72.625, 1.3286372418286518e-24, nan 
-162.875, 72.625, 2.1010223507388466e-24, nan 
-162.625, 72.625, 2.5014459826144625e-24, nan 
-162.375, 72.625, 1.9672742650791206e-24, nan 
-162.125, 72.625, 1.2017230328526632e-24, nan 
-161.875, 72.625, 9.79523766608744e-25, nan 
7.375, 72.625, 1.118820966828877e-24, nan 
7.625, 72.625, 1.1912869849959496e-24, nan 
7.875, 72.625, 1.5804268723688794e-24, nan 
8.125, 72.625, 1.8595000162036428e-24, nan 
8.375, 72.625, 2.2405527060721157e-24, nan 
8.625, 72.625, 1.8198036258664315e-24, nan 
8.875, 72.625, 1.8788840890240144e-24, nan 
9.125, 72.625, 2.3784509586151543e-24, nan 
9.375, 72.625, 2.1776832481480942e-24, nan 
9.625, 72.625, 1.8307859195054687e-24, nan 
9.875, 72.625, 1.4091259226315093e-24, nan 
10.125, 72.625, 1.5301861800554444e-24, nan 
10.375, 72.625, 2.7635135981983967e-24, nan 
10.625, 72.625, 1.8092331376709883e-24, nan 
10.875, 72.625, 1.3572342511807702e-24, nan 
11.125, 72.625, 2.9444268506310556e-24, nan 
11.375, 72.625, 2.0244146526718628e-24, nan 
11.625, 72.625, 1.16510719982261e-24, nan 
11.875, 72.625, 1.6760526367452377e-24, nan 
12.125, 72.625, 1.3015527535472195e-24, nan 
12.375, 72.625, 7.178515153929279e-25, nan 
12.625, 72.625, 8.273943895670772e-25, nan 
12.875, 72.625, 6.783669567477517e-25, nan 
13.125, 72.625, 6.9892055646968115e-25, nan 
13.375, 72.625, 8.07631788969714e-25, nan 
13.625, 72.625, 7.200444349220212e-25, nan 
13.875, 72.625, 1.2229312617937797e-24, nan 
14.125, 72.625, 7.56678068184039e-25, nan 
14.375, 72.625, 1.437534624021105e-24, nan 
14.625, 72.625, 1.934474530911996e-24, nan 
14.875, 72.625, 1.3614368485143049e-24, nan 
15.125, 72.625, 1.5176359297160783e-24, nan 
15.375, 72.625, 1.6454305079531614e-24, nan 
15.625, 72.625, 1.7157404878874364e-24, nan 
15.875, 72.625, 1.512861048535842e-24, nan 
16.125, 72.625, 2.047754991987656e-24, nan 
16.375, 72.625, 1.3751576490581964e-24, nan 
16.625, 72.625, 1.1826019297269898e-24, nan 
16.875, 72.625, 1.5368080000394445e-24, nan 
17.125, 72.625, 1.2373401961703132e-24, nan 
17.375, 72.625, 1.0711868855426764e-24, nan 
17.625, 72.625, 8.756796502907441e-25, nan 
17.875, 72.625, 1.251028605447193e-24, nan 
18.125, 72.625, 1.6472398071518139e-24, nan 
18.375, 72.625, 2.267791323459162e-24, nan 
18.625, 72.625, 1.9781171162019522e-24, nan 
18.875, 72.625, 2.129664516452882e-24, nan 
19.125, 72.625, 2.177972400341022e-24, nan 
19.375, 72.625, 2.3590461158120138e-24, nan 
19.625, 72.625, 2.2000140087268843e-24, nan 
19.875, 72.625, 1.1629726325558544e-24, nan 
20.125, 72.625, 9.484655649964564e-25, nan 
20.375, 72.625, 1.2178775411245685e-24, nan 
20.625, 72.625, 9.445353230247787e-25, nan 
20.875, 72.625, 1.0936736147661315e-24, nan 
21.125, 72.625, 1.81941195097864e-24, nan 
21.375, 72.625, 4.0817577443515595e-24, nan 
21.625, 72.625, 5.4985359866508906e-24, nan 
21.875, 72.625, 3.902149787689678e-24, nan 
22.125, 72.625, 5.3462773944621076e-24, nan 
22.375, 72.625, 4.724332973731131e-24, nan 
22.625, 72.625, 2.6960358353021683e-24, nan 
22.875, 72.625, 2.0700145098236677e-24, nan 
23.125, 72.625, 1.0983786869309614e-24, nan 
23.375, 72.625, 1.3612094538899765e-24, nan 
23.625, 72.625, 1.8354131909684394e-24, nan 
23.875, 72.625, 1.873783454579641e-24, nan 
24.125, 72.625, 2.299273114934206e-24, nan 
24.375, 72.625, 1.5809579127271066e-24, nan 
24.625, 72.625, 1.6874046218470297e-24, nan 
24.875, 72.625, 2.8752593010617563e-24, nan 
25.125, 72.625, 2.2251230036234834e-24, nan 
25.375, 72.625, 2.2334835558565488e-24, nan 
25.625, 72.625, 1.6150453394158484e-24, nan 
25.875, 72.625, 1.942837189252861e-24, nan 
26.125, 72.625, 2.327173585126699e-24, nan 
26.375, 72.625, 7.273291259298618e-24, nan 
26.625, 72.625, 9.472775492606533e-24, nan 
26.875, 72.625, 7.572815640776752e-24, nan 
27.125, 72.625, 4.880161725473642e-24, nan 
27.375, 72.625, 4.881908369676002e-24, nan 
27.625, 72.625, 4.340344676951671e-24, nan 
27.875, 72.625, 7.475466585547193e-24, nan 
28.125, 72.625, 6.173484430702517e-24, nan 
28.375, 72.625, 8.597906873971033e-24, nan 
28.625, 72.625, 1.3727562607706315e-24, nan 
28.875, 72.625, 1.8017305022313038e-24, nan 
29.125, 72.625, 2.604813845219398e-24, nan 
29.375, 72.625, 2.573485935309575e-24, nan 
29.625, 72.625, 1.6207795912979136e-24, nan 
29.875, 72.625, 2.071397733302273e-24, nan 
30.125, 72.625, 1.9060428701098588e-24, nan 
30.375, 72.625, 1.5659727459079757e-24, nan 
30.625, 72.625, 3.4652608890297616e-24, nan 
30.875, 72.625, 3.904897730610222e-24, nan 
31.125, 72.625, 4.165141169898536e-24, nan 
31.375, 72.625, 2.6813778470710627e-24, nan 
31.625, 72.625, 3.2789185816755456e-24, nan 
31.875, 72.625, 3.361786824409702e-24, nan 
32.125, 72.625, 2.6081454507996843e-24, nan 
32.375, 72.625, 2.0633052150103585e-24, nan 
32.625, 72.625, 1.2053753875368458e-24, nan 
32.875, 72.625, 2.499215545173107e-24, nan 
33.125, 72.625, 2.1855937189631913e-24, nan 
33.375, 72.625, 2.0258749211754264e-24, nan 
33.625, 72.625, 1.6721687687892545e-24, nan 
33.875, 72.625, 2.848254833908249e-24, nan 
34.125, 72.625, 4.129739024509107e-24, nan 
34.375, 72.625, 1.8972364818121932e-24, nan 
34.625, 72.625, 1.709066602730453e-24, nan 
34.875, 72.625, 1.4083639581589241e-24, nan 
35.125, 72.625, 3.0952317966769078e-24, nan 
35.375, 72.625, 1.407003240551808e-24, nan 
35.625, 72.625, 2.3467084505710158e-24, nan 
35.875, 72.625, 4.4267559628630665e-24, nan 
36.125, 72.625, 4.4895269308471614e-24, nan 
36.375, 72.625, 4.0114138658130456e-24, nan 
36.625, 72.625, 3.7596585311527136e-24, nan 
36.875, 72.625, 3.765152286539853e-24, nan 
37.125, 72.625, 6.472799332799533e-24, nan 
37.375, 72.625, 1.2816285145660238e-23, nan 
37.625, 72.625, 8.758675573074102e-24, nan 
37.875, 72.625, 6.946764877291327e-24, nan 
38.125, 72.625, 1.3966271130328857e-23, nan 
38.375, 72.625, 1.1257936814252233e-23, nan 
38.625, 72.625, 1.6496822359596926e-23, nan 
38.875, 72.625, 2.2995740950918367e-23, nan 
39.125, 72.625, 1.540912464344714e-23, nan 
39.375, 72.625, 4.413002963649165e-24, nan 
39.625, 72.625, 1.1165140210103666e-23, nan 
39.875, 72.625, 7.745586928762493e-24, nan 
40.125, 72.625, 3.851348604178074e-24, nan 
40.375, 72.625, 3.977587008201767e-24, nan 
40.625, 72.625, 2.8251158427252058e-24, nan 
40.875, 72.625, 2.8592827571570577e-24, nan 
41.125, 72.625, 3.2661013499678897e-24, nan 
41.375, 72.625, 1.8310191763174176e-24, nan 
41.625, 72.625, 5.676360103204166e-24, nan 
41.875, 72.625, 5.073784281566831e-24, nan 
42.125, 72.625, 3.89925912001029e-24, nan 
42.375, 72.625, 1.1154483621966787e-23, nan 
42.625, 72.625, 9.462048380979444e-24, nan 
42.875, 72.625, 5.196118836014808e-24, nan 
43.125, 72.625, 6.522670239422555e-24, nan 
43.375, 72.625, 8.807086494586952e-24, nan 
43.625, 72.625, 7.528424473567484e-24, nan 
43.875, 72.625, 6.223604273162618e-24, nan 
44.125, 72.625, 9.127984196598537e-24, nan 
44.375, 72.625, 8.90338402462614e-24, nan 
44.625, 72.625, 5.401081031905302e-24, nan 
44.875, 72.625, 6.5034007552870705e-24, nan 
45.125, 72.625, 6.745774086062744e-24, nan 
45.375, 72.625, 6.330588071242119e-24, nan 
45.625, 72.625, 8.02777609062175e-24, nan 
45.875, 72.625, 9.313892697633263e-24, nan 
46.125, 72.625, 8.595297299131123e-24, nan 
46.375, 72.625, 7.37338001772638e-24, nan 
46.625, 72.625, 7.121720901800213e-24, nan 
46.875, 72.625, 7.941040224739886e-24, nan 
47.125, 72.625, 9.848055127970539e-24, nan 
47.375, 72.625, 5.9153519403683546e-24, nan 
47.625, 72.625, 3.2500892735497875e-24, nan 
47.875, 72.625, 9.090688983577353e-24, nan 
48.125, 72.625, 6.016416947394181e-24, nan 
48.375, 72.625, 8.040746577063982e-24, nan 
48.625, 72.625, 1.1081172832579228e-23, nan 
48.875, 72.625, 1.2194914652318518e-23, nan 
49.125, 72.625, 1.3481468429871106e-23, nan 
49.375, 72.625, 1.9160489950782204e-23, nan 
49.625, 72.625, 9.501854387018776e-24, nan 
49.875, 72.625, 9.475046654064557e-24, nan 
50.125, 72.625, 1.647452566789856e-23, nan 
50.375, 72.625, 7.461174396981882e-24, nan 
50.625, 72.625, 6.736832579896953e-24, nan 
50.875, 72.625, 7.621237078450457e-24, nan 
51.125, 72.625, 7.563799606043249e-24, nan 
51.375, 72.625, 7.36289539748751e-24, nan 
51.625, 72.625, 5.5166242274019705e-24, nan 
51.875, 72.625, 5.742999848818333e-24, nan 
52.125, 72.625, 8.436228872757623e-24, nan 
52.375, 72.625, 1.1829364924622823e-23, nan 
52.625, 72.625, 1.4563977444106813e-23, nan 
52.875, 72.625, 1.1731636823993364e-23, nan 
53.125, 72.625, 1.4039792097107552e-23, nan 
53.375, 72.625, 1.345344809077033e-23, nan 
53.625, 72.625, 1.4756051788004334e-23, nan 
53.875, 72.625, 1.4402573433036792e-23, nan 
54.125, 72.625, 1.6909047744481842e-23, nan 
54.375, 72.625, 2.0731326539366063e-23, nan 
54.625, 72.625, 2.3079669800691025e-23, nan 
54.875, 72.625, 2.1897546122399665e-23, nan 
55.125, 72.625, 2.604989987441617e-23, nan 
55.375, 72.625, 2.696639931189479e-23, nan 
55.625, 72.625, 2.8051982214839145e-23, nan 
55.875, 72.625, 2.8776101074685644e-23, nan 
56.125, 72.625, 3.453927258182549e-23, nan 
56.375, 72.625, 3.401092835445703e-23, nan 
56.625, 72.625, 3.6200552062391647e-23, nan 
56.875, 72.625, 3.722950799677451e-23, nan 
57.125, 72.625, 3.1115944780860304e-23, nan 
57.375, 72.625, 3.647735200107136e-23, nan 
57.625, 72.625, 2.6372705120262757e-23, nan 
57.875, 72.625, 9.464624645015524e-24, nan 
58.125, 72.625, 2.1674604996866986e-23, nan 
58.375, 72.625, 2.318885877430015e-23, nan 
58.625, 72.625, 1.8490717793251807e-23, nan 
58.875, 72.625, 2.570797721827338e-23, nan 
59.125, 72.625, 2.00371218268416e-23, nan 
59.375, 72.625, 3.21802486433622e-23, nan 
59.625, 72.625, 3.361074735365666e-23, nan 
59.875, 72.625, 4.2251174037721745e-23, nan 
60.125, 72.625, 7.473053652061022e-23, nan 
60.375, 72.625, 8.148592210435665e-23, nan 
60.625, 72.625, 6.673460709323827e-23, nan 
60.875, 72.625, 8.954470328530365e-23, nan 
61.125, 72.625, 8.93003280161628e-23, nan 
61.375, 72.625, 4.9280466711343945e-23, nan 
61.625, 72.625, 2.1788524968066847e-23, nan 
61.875, 72.625, 1.6568126623078476e-23, nan 
62.125, 72.625, 2.70029080509002e-23, nan 
62.375, 72.625, 1.421187664462167e-23, nan 
62.625, 72.625, 1.9871322062258986e-23, nan 
62.875, 72.625, 2.078996069370386e-23, nan 
63.125, 72.625, 2.4186073353697837e-23, nan 
63.375, 72.625, 4.8733937443125374e-23, nan 
63.625, 72.625, 6.155938068749452e-23, nan 
63.875, 72.625, 7.590771310334044e-23, nan 
64.125, 72.625, 1.1294288232665954e-22, nan 
64.375, 72.625, 1.3107501101676982e-22, nan 
64.625, 72.625, 1.4538064469596447e-22, nan 
64.875, 72.625, 1.5048843611666155e-22, nan 
65.125, 72.625, 1.44928344476118e-22, nan 
65.375, 72.625, 1.2505949646232215e-22, nan 
65.625, 72.625, 1.0316527608812605e-22, nan 
65.875, 72.625, 1.1519062505897264e-22, nan 
66.125, 72.625, 8.68440186879859e-23, nan 
66.375, 72.625, 9.637922756336844e-23, nan 
66.625, 72.625, 8.86177458529691e-23, nan 
66.875, 72.625, 1.222379810665746e-22, nan 
67.125, 72.625, 1.12592526097256e-22, nan 
67.375, 72.625, 8.429066330514891e-23, nan 
67.625, 72.625, 8.529156434171617e-23, nan 
67.875, 72.625, 9.12927010197346e-23, nan 
68.125, 72.625, 1.3114350400564768e-22, nan 
68.375, 72.625, 1.5192159579640675e-22, nan 
68.625, 72.625, 9.699015132100768e-23, nan 
68.875, 72.625, 7.426014818004085e-23, nan 
69.125, 72.625, 1.4171380970077893e-22, nan 
69.375, 72.625, 1.895496753797025e-22, nan 
69.625, 72.625, 1.5264219678853974e-22, nan 
69.875, 72.625, 1.880996375798561e-22, nan 
70.125, 72.625, 3.077996762784145e-22, nan 
70.375, 72.625, 2.276931715436318e-22, nan 
70.625, 72.625, 2.1276855757273343e-22, nan 
70.875, 72.625, 1.4423939047904327e-22, nan 
71.125, 72.625, 1.8197829313784183e-22, nan 
71.375, 72.625, 3.6193644932593244e-22, nan 
71.625, 72.625, 3.8683051415811413e-22, nan 
71.875, 72.625, 2.7459966280944686e-22, nan 
72.125, 72.625, 5.350124335206389e-22, nan 
72.375, 72.625, 5.569249077924998e-22, nan 
72.625, 72.625, 3.2779943566238708e-22, nan 
72.875, 72.625, 2.2605767849679547e-22, nan 
73.125, 72.625, 3.1530002673314935e-22, nan 
73.375, 72.625, 2.3004650053267045e-22, nan 
73.625, 72.625, 2.222603091650841e-22, nan 
73.875, 72.625, 2.4118858889838106e-22, nan 
74.125, 72.625, 4.1874932988808506e-22, nan 
74.375, 72.625, 3.1920636367741e-22, nan 
74.625, 72.625, 3.5061835654734195e-22, nan 
74.875, 72.625, 4.5419628761236405e-22, nan 
75.125, 72.625, 2.4323666053838853e-22, nan 
75.375, 72.625, 2.7050204409245583e-22, nan 
75.625, 72.625, 5.0382457593699395e-22, nan 
75.875, 72.625, 5.631506106725652e-22, nan 
76.125, 72.625, 2.1619177970418283e-22, nan 
76.375, 72.625, 2.1940258610335025e-22, nan 
76.625, 72.625, 3.4284757143749016e-22, nan 
76.875, 72.625, 3.96724567937852e-22, nan 
77.125, 72.625, 4.591918797875958e-22, nan 
77.375, 72.625, 2.6589929512146427e-22, nan 
77.625, 72.625, 5.55045491027608e-22, nan 
77.875, 72.625, 3.220984550314338e-22, nan 
78.125, 72.625, 1.9665551530266751e-22, nan 
78.375, 72.625, 3.813196369431105e-22, nan 
78.625, 72.625, 4.408519040120786e-22, nan 
78.875, 72.625, 3.177861492116331e-22, nan 
79.125, 72.625, 2.282082290744434e-22, nan 
79.375, 72.625, 3.460084346628856e-22, nan 
79.625, 72.625, 3.339488631815344e-22, nan 
79.875, 72.625, 9.561166524445862e-22, nan 
80.125, 72.625, 7.356824727315627e-22, nan 
80.375, 72.625, 3.5466977781935427e-22, nan 
80.625, 72.625, 1.6371125542092552e-21, nan 
80.875, 72.625, 1.0309073192502637e-21, nan 
81.125, 72.625, 1.138959758780166e-22, nan 
81.375, 72.625, 1.1349312373352127e-21, nan 
81.625, 72.625, 1.0326984250083263e-21, nan 
81.875, 72.625, 1.5264000437885933e-21, nan 
82.125, 72.625, 1.2271970723033377e-21, nan 
82.375, 72.625, 9.570894787129835e-22, nan 
82.625, 72.625, 1.9743957759003676e-21, nan 
82.875, 72.625, 1.1881515500997976e-21, nan 
83.125, 72.625, 6.128297973734636e-22, nan 
83.375, 72.625, 1.1664951169720364e-21, nan 
83.625, 72.625, 6.757075325822241e-22, nan 
83.875, 72.625, 1.1637535957742839e-21, nan 
84.125, 72.625, 9.976670198819132e-22, nan 
84.375, 72.625, 2.1483845995674755e-21, nan 
84.625, 72.625, 2.7320848181911165e-21, nan 
84.875, 72.625, 3.337373155566212e-21, nan 
85.125, 72.625, 2.899659279027618e-21, nan 
85.375, 72.625, 3.072771157222005e-21, nan 
85.625, 72.625, 3.896219021744259e-21, nan 
85.875, 72.625, 2.6958736657274853e-21, nan 
86.125, 72.625, 4.283717542943357e-21, nan 
86.375, 72.625, 4.7204600349572595e-21, nan 
86.625, 72.625, 2.5263070638448218e-21, nan 
86.875, 72.625, 2.3958168194430447e-21, nan 
87.125, 72.625, 3.2604133693191105e-21, nan 
87.375, 72.625, 4.207306308918181e-21, nan 
87.625, 72.625, 3.997763700026954e-21, nan 
87.875, 72.625, 2.6584980245187803e-21, nan 
88.125, 72.625, 3.6765150037343165e-21, nan 
88.375, 72.625, 3.808934263999974e-21, nan 
88.625, 72.625, 2.710903630264869e-21, nan 
88.875, 72.625, 3.0436236088962315e-21, nan 
89.125, 72.625, 2.519874493423853e-21, nan 
89.375, 72.625, 2.9883381616993486e-21, nan 
89.625, 72.625, 4.520713414630087e-21, nan 
89.875, 72.625, 3.493709846123873e-21, nan 
90.125, 72.625, 3.274566824961098e-21, nan 
90.375, 72.625, 5.0008765351662734e-21, nan 
90.625, 72.625, 9.018330324559744e-21, nan 
90.875, 72.625, 1.406140998341387e-20, nan 
91.125, 72.625, 1.5839567030762493e-20, nan 
91.375, 72.625, 1.719754189629029e-20, nan 
91.625, 72.625, 1.742560994361566e-20, nan 
91.875, 72.625, 1.5365312369916424e-20, nan 
92.125, 72.625, 1.7623714752614486e-20, nan 
92.375, 72.625, 2.4071967355974526e-20, nan 
92.625, 72.625, 1.7411204946628056e-20, nan 
92.875, 72.625, 2.1128246082212212e-20, nan 
93.125, 72.625, 3.1261026478800104e-20, nan 
93.375, 72.625, 3.800505891697668e-20, nan 
93.625, 72.625, 4.492328241029174e-20, nan 
93.875, 72.625, 3.5704599587225405e-20, nan 
94.125, 72.625, 3.1775613736585426e-20, nan 
94.375, 72.625, 2.1729389757942085e-20, nan 
94.625, 72.625, 3.056054438953915e-20, nan 
94.875, 72.625, 1.0646457017891569e-20, nan 
95.125, 72.625, 2.257083908103976e-20, nan 
95.375, 72.625, 1.7163134510355108e-20, nan 
95.625, 72.625, 2.6022483949502532e-20, nan 
95.875, 72.625, 3.1492538659398794e-20, nan 
96.125, 72.625, 1.6580730619674014e-20, nan 
96.375, 72.625, 4.9894733076262e-20, nan 
96.625, 72.625, 8.49992746467631e-20, nan 
96.875, 72.625, 4.129304354058221e-20, nan 
97.125, 72.625, 4.125851640691218e-20, nan 
97.375, 72.625, 5.52337011868863e-20, nan 
97.625, 72.625, 8.689251211685739e-20, nan 
97.875, 72.625, 7.741015789386338e-20, nan 
98.125, 72.625, 8.790374719299181e-20, nan 
98.375, 72.625, 5.539102375526548e-20, nan 
98.625, 72.625, 4.2373023107458225e-20, nan 
98.875, 72.625, 8.33448120439959e-20, nan 
99.125, 72.625, 5.796559393480937e-20, nan 
99.375, 72.625, 6.443966192659513e-20, nan 
99.625, 72.625, 5.3734026636155e-20, nan 
99.875, 72.625, 9.94667510626168e-20, nan 
100.125, 72.625, 2.8548148968546935e-20, nan 
100.375, 72.625, 3.250294281199198e-20, nan 
100.625, 72.625, 8.429312053340214e-20, nan 
100.875, 72.625, 7.1926292733027e-20, nan 
101.125, 72.625, 1.3147871007304438e-19, nan 
101.375, 72.625, 1.3173740912904114e-19, nan 
101.625, 72.625, 2.1866563661764253e-19, nan 
101.875, 72.625, 2.243447607292637e-19, nan 
102.125, 72.625, 2.525981639377721e-19, nan 
102.375, 72.625, 2.8685038090780667e-19, nan 
102.625, 72.625, 1.8472709050778352e-19, nan 
102.875, 72.625, 3.395458700498545e-19, nan 
103.125, 72.625, 1.1165748286535755e-19, nan 
103.375, 72.625, 2.151113428726016e-19, nan 
103.625, 72.625, 9.032140467206793e-19, nan 
103.875, 72.625, 4.1780763288275503e-19, nan 
104.125, 72.625, 4.1530395243989813e-19, nan 
104.375, 72.625, 9.925833188421212e-19, nan 
104.625, 72.625, 6.75473202588781e-19, nan 
104.875, 72.625, 3.9780204241672062e-19, nan 
105.125, 72.625, 8.473870296466726e-19, nan 
105.375, 72.625, 6.885716116846232e-19, nan 
105.625, 72.625, 6.89067401573534e-19, nan 
105.875, 72.625, 1.0158146803379306e-18, nan 
106.125, 72.625, 6.9858785267266385e-19, nan 
106.375, 72.625, 1.3795747823254383e-18, nan 
106.625, 72.625, 1.832095089125677e-18, nan 
106.875, 72.625, 3.7294595917318166e-18, nan 
107.125, 72.625, 5.694023207544798e-18, nan 
107.375, 72.625, 1.0446806441934427e-17, nan 
107.625, 72.625, 1.3923986877391296e-17, nan 
107.875, 72.625, 8.29119831908095e-18, nan 
108.125, 72.625, 2.4575735729485768e-17, nan 
108.375, 72.625, 3.7735166124783726e-17, nan 
108.625, 72.625, 3.5310706982375257e-17, nan 
108.875, 72.625, 5.635055182239825e-17, nan 
109.125, 72.625, 9.814918537928135e-17, nan 
109.375, 72.625, 1.0295574639833551e-16, nan 
109.625, 72.625, 1.3977003962454337e-16, nan 
109.875, 72.625, 2.447248397388465e-16, nan 
110.125, 72.625, 3.5135109460814087e-16, nan 
110.375, 72.625, 7.761952436042115e-16, nan 
110.625, 72.625, 1.5499501512681695e-15, nan 
110.875, 72.625, 1.2858400047733662e-15, nan 
111.125, 72.625, 9.522344503430946e-16, nan 
111.375, 72.625, 5.103296656327935e-16, nan 
111.625, 72.625, 2.025941388521809e-16, nan 
111.875, 72.625, 1.1086455146603901e-16, nan 
112.125, 72.625, 1.1296103971246e-16, nan 
112.375, 72.625, 2.461403777023263e-17, nan 
112.625, 72.625, 2.98860939233479e-17, nan 
112.875, 72.625, 3.6656251543058243e-17, nan 
113.125, 72.625, 1.3935462903092335e-17, nan 
113.375, 72.625, 1.2654202305758685e-17, nan 
113.625, 72.625, 1.1007836561959409e-17, nan 
113.875, 72.625, 6.087876390492755e-18, nan 
114.125, 72.625, 4.770341724579465e-18, nan 
114.375, 72.625, 6.979433043325499e-18, nan 
114.625, 72.625, 3.7225947786845945e-18, nan 
114.875, 72.625, 4.772663243177377e-18, nan 
115.125, 72.625, 5.290929253354728e-18, nan 
115.375, 72.625, 3.595993466098883e-18, nan 
115.625, 72.625, 5.5866080333010674e-18, nan 
115.875, 72.625, 4.1490438899430585e-18, nan 
116.125, 72.625, 2.979478099216994e-18, nan 
116.375, 72.625, 3.543108042418027e-18, nan 
116.625, 72.625, 2.5836038677508965e-18, nan 
116.875, 72.625, 1.767058923001308e-18, nan 
117.125, 72.625, 1.1015554011692172e-18, nan 
117.375, 72.625, 7.226028948471966e-19, nan 
117.625, 72.625, 7.703156443042436e-19, nan 
117.875, 72.625, 9.469042909130444e-19, nan 
118.125, 72.625, 5.175474539075787e-19, nan 
118.375, 72.625, 1.3614169352661761e-18, nan 
118.625, 72.625, 1.6967680456809414e-18, nan 
118.875, 72.625, 1.1587498412377004e-18, nan 
119.125, 72.625, 9.645327882873476e-19, nan 
119.375, 72.625, 9.173251694643107e-19, nan 
119.625, 72.625, 5.5623003442498555e-19, nan 
119.875, 72.625, 5.811563155694963e-19, nan 
120.125, 72.625, 4.462686623531241e-19, nan 
120.375, 72.625, 3.746853547084375e-19, nan 
120.625, 72.625, 3.7980256284020844e-19, nan 
120.875, 72.625, 3.825529296173934e-19, nan 
121.125, 72.625, 4.593800861334873e-19, nan 
121.375, 72.625, 4.3208193142527207e-19, nan 
121.625, 72.625, 4.2781615761961416e-19, nan 
121.875, 72.625, 3.3820701155669527e-19, nan 
122.125, 72.625, 2.887607209471225e-19, nan 
122.375, 72.625, 2.5595777431672724e-19, nan 
122.625, 72.625, 2.1378107722849544e-19, nan 
122.875, 72.625, 1.8353448652758661e-19, nan 
123.125, 72.625, 1.8785598601136488e-19, nan 
123.375, 72.625, 1.3455778368101275e-19, nan 
123.625, 72.625, 1.2390710441930498e-19, nan 
123.875, 72.625, 1.4010851854797387e-19, nan 
124.125, 72.625, 1.453922483977859e-19, nan 
124.375, 72.625, 1.0104921334087636e-19, nan 
124.625, 72.625, 7.864356567567428e-20, nan 
124.875, 72.625, 5.296437781675707e-20, nan 
125.125, 72.625, 3.356000504017188e-20, nan 
125.375, 72.625, 2.23919055257932e-20, nan 
125.625, 72.625, 4.405460759990279e-20, nan 
125.875, 72.625, 4.123083318991151e-20, nan 
126.125, 72.625, 5.568854225820483e-20, nan 
126.375, 72.625, 4.713291181149274e-20, nan 
126.625, 72.625, 4.7538289578951826e-20, nan 
126.875, 72.625, 4.6298764574557866e-20, nan 
127.125, 72.625, 3.5201781802172816e-20, nan 
127.375, 72.625, 2.0342993509080306e-20, nan 
127.625, 72.625, 2.1597627789759877e-20, nan 
127.875, 72.625, 1.791475161523932e-20, nan 
128.125, 72.625, 2.0292220762477758e-20, nan 
128.375, 72.625, 1.2102378213979504e-20, nan 
128.625, 72.625, 1.1874470022044411e-20, nan 
128.875, 72.625, 1.5306704336888524e-20, nan 
129.125, 72.625, 9.770857755529737e-21, nan 
129.375, 72.625, 7.77137900005787e-21, nan 
129.625, 72.625, 6.100648967536063e-21, nan 
129.875, 72.625, 8.828260434011666e-21, nan 
130.125, 72.625, 1.2299089280205825e-20, nan 
130.375, 72.625, 4.2028342842077876e-21, nan 
130.625, 72.625, 8.845219602179718e-21, nan 
130.875, 72.625, 1.5810185179429808e-20, nan 
131.125, 72.625, 1.1901236152478936e-20, nan 
131.375, 72.625, 1.0917444576026597e-20, nan 
131.625, 72.625, 8.365418452916021e-21, nan 
131.875, 72.625, 1.2629058634375716e-20, nan 
132.125, 72.625, 1.0776290396755498e-20, nan 
132.375, 72.625, 7.115767445405404e-21, nan 
132.625, 72.625, 9.782224608687117e-21, nan 
132.875, 72.625, 6.893179798462517e-21, nan 
133.125, 72.625, 4.453653615635503e-21, nan 
133.375, 72.625, 3.871079734156713e-21, nan 
133.625, 72.625, 2.1186776688550836e-21, nan 
133.875, 72.625, 4.299145237997036e-21, nan 
134.125, 72.625, 2.973435162633737e-21, nan 
134.375, 72.625, 4.181327241421339e-21, nan 
134.625, 72.625, 3.2451575949428975e-21, nan 
134.875, 72.625, 2.7726236874490543e-21, nan 
135.125, 72.625, 2.809180414604946e-21, nan 
135.375, 72.625, 1.8456384340776705e-21, nan 
135.625, 72.625, 1.7168392083932126e-21, nan 
135.875, 72.625, 2.073605629818692e-21, nan 
136.125, 72.625, 1.9001712267014542e-21, nan 
136.375, 72.625, 1.9105480688051063e-21, nan 
136.625, 72.625, 1.5646025795073281e-21, nan 
136.875, 72.625, 1.6744746379138881e-21, nan 
137.125, 72.625, 1.3948040993857373e-21, nan 
137.375, 72.625, 9.361622396650116e-22, nan 
137.625, 72.625, 1.6910560567311761e-21, nan 
137.875, 72.625, 1.3889466766245833e-21, nan 
138.125, 72.625, 2.373651583158011e-21, nan 
138.375, 72.625, 3.252829170662346e-21, nan 
138.625, 72.625, 2.8625526488726797e-21, nan 
138.875, 72.625, 2.2038246303088524e-21, nan 
139.125, 72.625, 2.711285747882855e-21, nan 
139.375, 72.625, 3.9112269806756574e-21, nan 
139.625, 72.625, 4.8001571539789015e-21, nan 
139.875, 72.625, 3.727900209736849e-21, nan 
140.125, 72.625, 3.949845655083225e-21, nan 
140.375, 72.625, 5.222261071701679e-21, nan 
140.625, 72.625, 5.401776397896619e-21, nan 
140.875, 72.625, 4.266093512764267e-21, nan 
141.125, 72.625, 3.1818628797000847e-21, nan 
141.375, 72.625, 2.5416844090157607e-21, nan 
141.625, 72.625, 2.3083593392836457e-21, nan 
141.875, 72.625, 1.6659114831905614e-21, nan 
142.125, 72.625, 5.659940188287351e-22, nan 
142.375, 72.625, 5.942097189886245e-22, nan 
142.625, 72.625, 1.4397436611646248e-21, nan 
142.875, 72.625, 1.0985766964269267e-21, nan 
143.125, 72.625, 1.0018656572236989e-21, nan 
143.375, 72.625, 1.5867390488046854e-21, nan 
143.625, 72.625, 1.877584355408142e-21, nan 
143.875, 72.625, 6.189014947387904e-21, nan 
144.125, 72.625, 7.391485478038358e-21, nan 
144.375, 72.625, 7.436267291388555e-21, nan 
144.625, 72.625, 1.836870786793359e-21, nan 
144.875, 72.625, 1.6308427104779765e-21, nan 
145.125, 72.625, 1.0709524492053187e-21, nan 
145.375, 72.625, 1.2659712051977728e-21, nan 
145.625, 72.625, 1.371443489073649e-21, nan 
145.875, 72.625, 1.0551963288646894e-21, nan 
146.125, 72.625, 8.436839319906737e-22, nan 
146.375, 72.625, 1.0320896227817164e-21, nan 
146.625, 72.625, 1.0472268185747632e-21, nan 
146.875, 72.625, 8.18801422061475e-22, nan 
147.125, 72.625, 6.562376234548967e-22, nan 
147.375, 72.625, 6.50498852997329e-22, nan 
147.625, 72.625, 4.309575373852733e-22, nan 
147.875, 72.625, 3.546991054801213e-22, nan 
148.125, 72.625, 1.6671337570060062e-22, nan 
148.375, 72.625, 2.9068667281816153e-22, nan 
148.625, 72.625, 3.81405197645998e-22, nan 
148.875, 72.625, 4.875220840844379e-22, nan 
149.125, 72.625, 3.856490062418043e-22, nan 
149.375, 72.625, 4.6616570317512555e-22, nan 
149.625, 72.625, 4.182550517758981e-22, nan 
149.875, 72.625, 1.929530594749153e-22, nan 
150.125, 72.625, 1.2417525618209952e-22, nan 
150.375, 72.625, 9.532875027133399e-23, nan 
150.625, 72.625, 1.0500884137953436e-22, nan 
150.875, 72.625, 1.265162148110552e-22, nan 
151.125, 72.625, 1.661555739339685e-22, nan 
151.375, 72.625, 1.356209403139858e-22, nan 
151.625, 72.625, 8.006961935456914e-23, nan 
151.875, 72.625, 1.775637918936212e-22, nan 
152.125, 72.625, 9.892983666896442e-23, nan 
152.375, 72.625, 5.989688682491732e-23, nan 
152.625, 72.625, 8.359431442805127e-23, nan 
152.875, 72.625, 4.157005115555628e-23, nan 
153.125, 72.625, 6.009222960698349e-23, nan 
153.375, 72.625, 5.620738788355112e-23, nan 
153.625, 72.625, 5.905588125064607e-23, nan 
153.875, 72.625, 5.043390087884542e-23, nan 
154.125, 72.625, 4.064925573450303e-23, nan 
154.375, 72.625, 4.668667694244348e-23, nan 
154.625, 72.625, 8.467170072302552e-23, nan 
154.875, 72.625, 7.891274056394664e-23, nan 
155.125, 72.625, 1.186390441249315e-22, nan 
155.375, 72.625, 1.2117903518464575e-22, nan 
155.625, 72.625, 1.3191637765366972e-22, nan 
155.875, 72.625, 1.2189851482688525e-22, nan 
156.125, 72.625, 7.04901590273855e-23, nan 
156.375, 72.625, 1.0228054191386343e-22, nan 
156.625, 72.625, 8.082138900723211e-23, nan 
156.875, 72.625, 6.580926654789592e-23, nan 
157.125, 72.625, 4.7689206476202847e-23, nan 
157.375, 72.625, 3.352695623481035e-23, nan 
157.625, 72.625, 5.603047930610507e-23, nan 
157.875, 72.625, 5.339687933532128e-23, nan 
158.125, 72.625, 4.40136455773012e-23, nan 
158.375, 72.625, 5.787410710615174e-23, nan 
158.625, 72.625, 5.522743499083197e-23, nan 
158.875, 72.625, 4.722815126140044e-23, nan 
159.125, 72.625, 7.166267518331002e-23, nan 
159.375, 72.625, 1.5474223399706068e-22, nan 
159.625, 72.625, 1.6996018635462905e-22, nan 
159.875, 72.625, 1.4432115790184385e-22, nan 
160.125, 72.625, 1.6140706279174602e-22, nan 
160.375, 72.625, 1.8416858114430714e-22, nan 
160.625, 72.625, 3.8732083873569803e-22, nan 
160.875, 72.625, 3.6682630514609024e-22, nan 
161.125, 72.625, 3.5301521313938016e-22, nan 
161.375, 72.625, 4.087931186449026e-22, nan 
161.625, 72.625, 3.5325206574279195e-22, nan 
161.875, 72.625, 1.823541291876245e-21, nan 
162.125, 72.625, 2.6089199206650563e-21, nan 
162.375, 72.625, 1.997020891841934e-21, nan 
162.625, 72.625, 2.4395369632961603e-21, nan 
162.875, 72.625, 3.0769578085603204e-21, nan 
163.125, 72.625, 1.9284499563840574e-21, nan 
163.375, 72.625, 1.0033246296601499e-21, nan 
163.625, 72.625, 1.3953880496398955e-21, nan 
163.875, 72.625, 9.48256417596223e-22, nan 
164.125, 72.625, 6.310524357830423e-22, nan 
164.375, 72.625, 6.699469815462625e-22, nan 
164.625, 72.625, 6.393932763530161e-22, nan 
164.875, 72.625, 8.790530388627363e-22, nan 
165.125, 72.625, 7.866703966562568e-22, nan 
165.375, 72.625, 1.1531566249660146e-21, nan 
165.625, 72.625, 8.368369051050169e-22, nan 
165.875, 72.625, 8.485047985206878e-22, nan 
166.125, 72.625, 1.9026435897177917e-21, nan 
166.375, 72.625, 1.0300091641273916e-21, nan 
166.625, 72.625, 6.542481692170057e-22, nan 
166.875, 72.625, 1.721683206464123e-21, nan 
167.125, 72.625, 8.718483629177966e-22, nan 
167.375, 72.625, 2.2923305941357112e-22, nan 
167.625, 72.625, 7.194184660148441e-22, nan 
167.875, 72.625, 3.7662945813985696e-22, nan 
168.125, 72.625, 1.9875218602866758e-22, nan 
168.375, 72.625, 8.803438066099981e-23, nan 
168.625, 72.625, 5.262437031133897e-23, nan 
168.875, 72.625, 7.325529438965818e-23, nan 
169.125, 72.625, 9.476171351053771e-23, nan 
169.375, 72.625, 1.0693750094336532e-22, nan 
169.625, 72.625, 1.050502265551444e-22, nan 
169.875, 72.625, 8.825111410782066e-23, nan 
170.125, 72.625, 8.716466984425541e-23, nan 
170.375, 72.625, 7.188863002444023e-23, nan 
170.625, 72.625, 4.243411293392929e-23, nan 
170.875, 72.625, 5.444372092111528e-23, nan 
171.125, 72.625, 6.167605292717099e-23, nan 
171.375, 72.625, 3.767932976029167e-23, nan 
171.625, 72.625, 4.530805369619068e-23, nan 
171.875, 72.625, 5.449164975324385e-23, nan 
172.125, 72.625, 3.3790108020893365e-23, nan 
172.375, 72.625, 2.1313850887025973e-23, nan 
172.625, 72.625, 2.2714955812860713e-23, nan 
172.875, 72.625, 2.3548426164054254e-23, nan 
173.125, 72.625, 1.4125526896253072e-23, nan 
173.375, 72.625, 1.417663995540169e-23, nan 
173.625, 72.625, 1.4981901257367053e-23, nan 
173.875, 72.625, 1.2697767089789165e-23, nan 
174.125, 72.625, 1.0197780610844553e-23, nan 
174.375, 72.625, 1.051798791461743e-23, nan 
174.625, 72.625, 1.6285605981001037e-23, nan 
174.875, 72.625, 1.6630305251318202e-23, nan 
175.125, 72.625, 1.259291314389795e-23, nan 
175.375, 72.625, 1.603115150354862e-23, nan 
175.625, 72.625, 1.627704056465897e-23, nan 
175.875, 72.625, 1.5994290427523187e-23, nan 
176.125, 72.625, 5.629081674255184e-24, nan 
176.375, 72.625, 6.834308539618056e-24, nan 
176.625, 72.625, 1.7573848442242978e-23, nan 
176.875, 72.625, 8.095202361115594e-24, nan 
177.125, 72.625, 2.2238419663745376e-23, nan 
177.375, 72.625, 2.1273109340309105e-23, nan 
177.625, 72.625, 1.5324422606162618e-23, nan 
177.875, 72.625, 1.6957938886602196e-23, nan 
178.125, 72.625, 1.606222356591186e-23, nan 
178.375, 72.625, 1.5336956850417904e-23, nan 
178.625, 72.625, 9.254474594917409e-24, nan 
178.875, 72.625, 1.163881738938566e-23, nan 
179.125, 72.625, 1.6985055893083604e-23, nan 
179.375, 72.625, 9.777190494619165e-24, nan 
179.625, 72.625, 6.62417551688854e-24, nan 
179.875, 72.625, 1.069662855708655e-23, nan 
-179.875, 72.875, 1.1581632140526499e-23, nan 
-179.625, 72.875, 1.0696629850618942e-23, nan 
-179.375, 72.875, 9.961449547414335e-24, nan 
-179.125, 72.875, 9.54374424485872e-24, nan 
-178.875, 72.875, 8.589462582387324e-24, nan 
-178.625, 72.875, 8.593690010504129e-24, nan 
-178.375, 72.875, 7.287353731066855e-24, nan 
-178.125, 72.875, 8.356250520254762e-24, nan 
-177.875, 72.875, 1.3003807443984957e-23, nan 
-177.625, 72.875, 1.0985229593174125e-23, nan 
-177.375, 72.875, 5.572663934706272e-24, nan 
-177.125, 72.875, 5.692627905847773e-24, nan 
-176.875, 72.875, 9.539008403919389e-24, nan 
-176.625, 72.875, 6.672079026696702e-24, nan 
-176.375, 72.875, 6.20571406046801e-24, nan 
-176.125, 72.875, 6.0678631343872325e-24, nan 
-175.875, 72.875, 6.281765178366083e-24, nan 
-175.625, 72.875, 7.022684720492078e-24, nan 
-175.375, 72.875, 1.2158409812681024e-23, nan 
-175.125, 72.875, 1.1466981295755181e-23, nan 
-174.875, 72.875, 1.480892663259236e-23, nan 
-174.625, 72.875, 1.0605829289748343e-23, nan 
-174.375, 72.875, 1.1594528973123313e-23, nan 
-174.125, 72.875, 1.1521840769980761e-23, nan 
-173.875, 72.875, 8.584555529653199e-24, nan 
-173.625, 72.875, 2.363582111388641e-24, nan 
-173.375, 72.875, 3.324655729668265e-24, nan 
-173.125, 72.875, 8.437982814540358e-24, nan 
-172.875, 72.875, 4.338213717123262e-24, nan 
-172.625, 72.875, 5.825799920087317e-24, nan 
-172.375, 72.875, 1.321137842768037e-23, nan 
-172.125, 72.875, 9.770761166459803e-24, nan 
-171.875, 72.875, 6.82166258513385e-24, nan 
-171.625, 72.875, 1.8679195876035736e-23, nan 
-171.375, 72.875, 1.4712740159013755e-23, nan 
-171.125, 72.875, 5.832371938806042e-24, nan 
-170.875, 72.875, 1.3208970237906402e-23, nan 
-170.625, 72.875, 1.2053822357793984e-23, nan 
-170.375, 72.875, 6.81008117158497e-24, nan 
-170.125, 72.875, 6.254034381211345e-24, nan 
-169.875, 72.875, 9.225331625322534e-24, nan 
-169.625, 72.875, 6.611588211091917e-24, nan 
-169.375, 72.875, 8.101338269054647e-24, nan 
-169.125, 72.875, 6.743247107743108e-24, nan 
-168.875, 72.875, 7.173804963075552e-24, nan 
-168.625, 72.875, 6.0846122601909124e-24, nan 
-168.375, 72.875, 5.009813277592508e-24, nan 
-168.125, 72.875, 7.614222754884841e-24, nan 
-167.875, 72.875, 7.292926729073517e-24, nan 
-167.625, 72.875, 7.768443588465195e-24, nan 
-167.375, 72.875, 7.578170779723978e-24, nan 
-167.125, 72.875, 9.889384004289836e-24, nan 
-166.875, 72.875, 8.86155246615252e-24, nan 
-166.625, 72.875, 9.226536931249823e-24, nan 
-166.375, 72.875, 9.700831872234291e-24, nan 
-166.125, 72.875, 9.31609123031541e-24, nan 
-165.875, 72.875, 8.884800559230731e-24, nan 
-165.625, 72.875, 8.658565594000347e-24, nan 
-165.375, 72.875, 7.808149136037183e-24, nan 
-165.125, 72.875, 8.642540867116568e-24, nan 
-164.875, 72.875, 8.846128536455157e-24, nan 
-164.625, 72.875, 6.518104995743012e-24, nan 
-164.375, 72.875, 4.1920225783999814e-24, nan 
-164.125, 72.875, 5.5165349494080154e-24, nan 
-163.875, 72.875, 3.6835667009222305e-24, nan 
-163.625, 72.875, 2.1468020613665113e-24, nan 
-163.375, 72.875, 3.1023270992925234e-24, nan 
-163.125, 72.875, 3.799899999443491e-24, nan 
-162.875, 72.875, 3.663691293297895e-24, nan 
-162.625, 72.875, 2.7549037118727696e-24, nan 
-162.375, 72.875, 4.5862643396148385e-24, nan 
-162.125, 72.875, 4.625452675265681e-24, nan 
-161.875, 72.875, 4.09247472078253e-24, nan 
-161.625, 72.875, 3.872922733682257e-24, nan 
-161.375, 72.875, 4.807883612228303e-24, nan 
6.625, 72.875, 1.5956249762409706e-24, nan 
6.875, 72.875, 8.587611356503828e-25, nan 
7.125, 72.875, 1.4226197346425981e-24, nan 
7.375, 72.875, 1.5689525217317528e-24, nan 
7.625, 72.875, 9.264018344363414e-25, nan 
7.875, 72.875, 1.4239777196468284e-24, nan 
8.125, 72.875, 2.2546855195223583e-24, nan 
8.375, 72.875, 2.9520711397265757e-24, nan 
8.625, 72.875, 2.759195744267325e-24, nan 
8.875, 72.875, 2.7122924475040342e-24, nan 
9.125, 72.875, 3.33618906164297e-24, nan 
9.375, 72.875, 2.4624386964108055e-24, nan 
9.625, 72.875, 1.2603064731083769e-24, nan 
9.875, 72.875, 6.742241620520636e-25, nan 
10.125, 72.875, 1.0585183253474537e-24, nan 
10.375, 72.875, 1.9351535356149635e-24, nan 
10.625, 72.875, 1.1126981847100095e-24, nan 
10.875, 72.875, 1.442159176404996e-24, nan 
11.125, 72.875, 1.9770578389073338e-24, nan 
11.375, 72.875, 2.223120685315608e-24, nan 
11.625, 72.875, 1.7598069298054762e-24, nan 
11.875, 72.875, 1.6478627157455559e-24, nan 
12.125, 72.875, 1.8158667298681012e-24, nan 
12.375, 72.875, 1.2291974789411552e-24, nan 
12.625, 72.875, 1.2071808064415587e-24, nan 
12.875, 72.875, 7.412058150306683e-25, nan 
13.125, 72.875, 5.535992799780179e-25, nan 
13.375, 72.875, 1.5008864940825237e-24, nan 
13.625, 72.875, 1.1204559497359636e-24, nan 
13.875, 72.875, 1.3021783087112433e-24, nan 
14.125, 72.875, 1.2549141182385848e-24, nan 
14.375, 72.875, 1.446636776000581e-24, nan 
14.625, 72.875, 1.7665835249739805e-24, nan 
14.875, 72.875, 1.6388016821284937e-24, nan 
15.125, 72.875, 1.7087854453993493e-24, nan 
15.375, 72.875, 1.4234806684278373e-24, nan 
15.625, 72.875, 1.7900340158783484e-24, nan 
15.875, 72.875, 1.728366468571023e-24, nan 
16.125, 72.875, 2.1124989870028217e-24, nan 
16.375, 72.875, 1.0685607256899132e-24, nan 
16.625, 72.875, 9.581453220671096e-25, nan 
16.875, 72.875, 1.573695105551009e-24, nan 
17.125, 72.875, 1.7056261257254866e-24, nan 
17.375, 72.875, 1.633365080184727e-24, nan 
17.625, 72.875, 1.716117369860482e-24, nan 
17.875, 72.875, 2.683897125613387e-24, nan 
18.125, 72.875, 3.595747889003971e-24, nan 
18.375, 72.875, 3.1314299813574315e-24, nan 
18.625, 72.875, 2.7813438850716443e-24, nan 
18.875, 72.875, 4.374822359250256e-24, nan 
19.125, 72.875, 3.1351156455632435e-24, nan 
19.375, 72.875, 2.2943495860401082e-24, nan 
19.625, 72.875, 2.5798239351653037e-24, nan 
19.875, 72.875, 1.5602593946053973e-24, nan 
20.125, 72.875, 2.1015337568532683e-24, nan 
20.375, 72.875, 3.0424459246352205e-24, nan 
20.625, 72.875, 5.6698812904609e-24, nan 
20.875, 72.875, 6.537984413474627e-24, nan 
21.125, 72.875, 4.8380893083014085e-24, nan 
21.375, 72.875, 7.510293460767032e-24, nan 
21.625, 72.875, 8.850672197464576e-24, nan 
21.875, 72.875, 6.778642485408443e-24, nan 
22.125, 72.875, 1.0402119933547901e-23, nan 
22.375, 72.875, 7.92040447164115e-24, nan 
22.625, 72.875, 4.171702904904367e-24, nan 
22.875, 72.875, 6.601428800923156e-24, nan 
23.125, 72.875, 5.704823498679852e-24, nan 
23.375, 72.875, 3.417477851823411e-24, nan 
23.625, 72.875, 2.2910828966005368e-24, nan 
23.875, 72.875, 1.7032217619281315e-24, nan 
24.125, 72.875, 8.398126506243163e-25, nan 
24.375, 72.875, 1.9673788080183273e-24, nan 
24.625, 72.875, 1.691528040041548e-24, nan 
24.875, 72.875, 2.3550584356597856e-24, nan 
25.125, 72.875, 2.072093831942668e-24, nan 
25.375, 72.875, 3.9280080303666406e-24, nan 
25.625, 72.875, 8.895666040472704e-24, nan 
25.875, 72.875, 1.1544932295461159e-23, nan 
26.125, 72.875, 9.10272809577844e-24, nan 
26.375, 72.875, 1.078915218499347e-23, nan 
26.625, 72.875, 1.7453025804585085e-23, nan 
26.875, 72.875, 1.1858948029662672e-23, nan 
27.125, 72.875, 1.1489602240822855e-23, nan 
27.375, 72.875, 1.3731608591772803e-23, nan 
27.625, 72.875, 7.615072520248717e-24, nan 
27.875, 72.875, 1.2861639845920657e-23, nan 
28.125, 72.875, 1.2990045873779133e-23, nan 
28.375, 72.875, 1.6498958743853475e-23, nan 
28.625, 72.875, 9.734889105141914e-24, nan 
28.875, 72.875, 8.205163971865662e-24, nan 
29.125, 72.875, 1.3365197064945487e-23, nan 
29.375, 72.875, 3.4169957816067536e-24, nan 
29.625, 72.875, 3.504182476461341e-24, nan 
29.875, 72.875, 1.667643351134881e-24, nan 
30.125, 72.875, 2.172216698434856e-24, nan 
30.375, 72.875, 2.4753273505514967e-24, nan 
30.625, 72.875, 2.804417596969631e-24, nan 
30.875, 72.875, 3.105010768369604e-24, nan 
31.125, 72.875, 1.6796915726112797e-24, nan 
31.375, 72.875, 2.9540154270637736e-24, nan 
31.625, 72.875, 4.017494478231804e-24, nan 
31.875, 72.875, 3.4523423139951695e-24, nan 
32.125, 72.875, 2.7449499659289136e-24, nan 
32.375, 72.875, 2.6091679385800167e-24, nan 
32.625, 72.875, 3.373342424718644e-24, nan 
32.875, 72.875, 3.756567229971375e-24, nan 
33.125, 72.875, 4.1002630548897156e-24, nan 
33.375, 72.875, 4.590851831960417e-24, nan 
33.625, 72.875, 3.7670605244914155e-24, nan 
33.875, 72.875, 5.845307175004273e-24, nan 
34.125, 72.875, 7.160497207255194e-24, nan 
34.375, 72.875, 2.1404619705013953e-24, nan 
34.625, 72.875, 3.959230896213799e-24, nan 
34.875, 72.875, 5.410678518498953e-24, nan 
35.125, 72.875, 3.860395741126634e-24, nan 
35.375, 72.875, 4.453137883333895e-24, nan 
35.625, 72.875, 5.412803585469427e-24, nan 
35.875, 72.875, 3.6702561966683616e-24, nan 
36.125, 72.875, 5.9802457134018956e-24, nan 
36.375, 72.875, 1.0149642786696022e-23, nan 
36.625, 72.875, 1.5101321991430478e-23, nan 
36.875, 72.875, 5.577681176722831e-24, nan 
37.125, 72.875, 1.3615117123625527e-23, nan 
37.375, 72.875, 3.2505204811952326e-23, nan 
37.625, 72.875, 2.0299298663764478e-23, nan 
37.875, 72.875, 2.0141965798141376e-23, nan 
38.125, 72.875, 2.7475482688631774e-23, nan 
38.375, 72.875, 2.1591490998946638e-23, nan 
38.625, 72.875, 2.808900915189606e-23, nan 
38.875, 72.875, 1.9127391540585443e-23, nan 
39.125, 72.875, 1.32899968163492e-23, nan 
39.375, 72.875, 1.516289637939653e-23, nan 
39.625, 72.875, 9.539007421998818e-24, nan 
39.875, 72.875, 6.603030308893793e-24, nan 
40.125, 72.875, 3.2989414016642394e-24, nan 
40.375, 72.875, 2.7644755410926988e-24, nan 
40.625, 72.875, 3.791449108339583e-24, nan 
40.875, 72.875, 4.592630586019916e-24, nan 
41.125, 72.875, 3.6962157947924664e-24, nan 
41.375, 72.875, 5.9175690193260134e-24, nan 
41.625, 72.875, 4.519893418860063e-24, nan 
41.875, 72.875, 5.875709663925324e-24, nan 
42.125, 72.875, 8.508586111243294e-24, nan 
42.375, 72.875, 9.657548089994458e-24, nan 
42.625, 72.875, 1.1467733065377443e-23, nan 
42.875, 72.875, 1.0255613174117795e-23, nan 
43.125, 72.875, 5.570555308599608e-24, nan 
43.375, 72.875, 7.960405630456376e-24, nan 
43.625, 72.875, 9.886751136378066e-24, nan 
43.875, 72.875, 8.312225240598405e-24, nan 
44.125, 72.875, 1.0292740319886058e-23, nan 
44.375, 72.875, 9.109028490847389e-24, nan 
44.625, 72.875, 7.828896278573947e-24, nan 
44.875, 72.875, 8.681447704077858e-24, nan 
45.125, 72.875, 7.860353160872903e-24, nan 
45.375, 72.875, 7.399710854792538e-24, nan 
45.625, 72.875, 7.79295507905824e-24, nan 
45.875, 72.875, 7.997627551165693e-24, nan 
46.125, 72.875, 8.370394549871722e-24, nan 
46.375, 72.875, 5.688448935031072e-24, nan 
46.625, 72.875, 3.0073418303408176e-24, nan 
46.875, 72.875, 4.2340320864580535e-24, nan 
47.125, 72.875, 5.723727513164845e-24, nan 
47.375, 72.875, 6.39577266881357e-25, nan 
47.625, 72.875, 5.349018174545023e-24, nan 
47.875, 72.875, 6.30389547773086e-24, nan 
48.125, 72.875, 3.2297524863683792e-24, nan 
48.375, 72.875, 4.62564147859522e-24, nan 
48.625, 72.875, 3.508997161173783e-24, nan 
48.875, 72.875, 9.890691491526863e-24, nan 
49.125, 72.875, 9.176338675521081e-24, nan 
49.375, 72.875, 1.2337952549214403e-23, nan 
49.625, 72.875, 5.940116285538477e-24, nan 
49.875, 72.875, 5.1355932708190354e-24, nan 
50.125, 72.875, 8.273519558890719e-24, nan 
50.375, 72.875, 7.929573899361589e-24, nan 
50.625, 72.875, 9.208945147355701e-24, nan 
50.875, 72.875, 1.1955971171140574e-23, nan 
51.125, 72.875, 1.6238905125085734e-23, nan 
51.375, 72.875, 1.6428394587208832e-23, nan 
51.625, 72.875, 1.361632951729817e-23, nan 
51.875, 72.875, 9.132212681606663e-24, nan 
52.125, 72.875, 9.388282633502251e-24, nan 
52.375, 72.875, 9.321379820202456e-24, nan 
52.625, 72.875, 1.0825138411203561e-23, nan 
52.875, 72.875, 1.0338696739222311e-23, nan 
53.125, 72.875, 9.408929797233553e-24, nan 
53.375, 72.875, 1.0739468275037507e-23, nan 
53.625, 72.875, 1.6657341615083332e-23, nan 
53.875, 72.875, 1.5785262977016153e-23, nan 
54.125, 72.875, 1.7357459782249982e-23, nan 
54.375, 72.875, 2.270881732216596e-23, nan 
54.625, 72.875, 2.1354983061912267e-23, nan 
54.875, 72.875, 2.4167725989264094e-23, nan 
55.125, 72.875, 2.313779585837581e-23, nan 
55.375, 72.875, 2.592905549825704e-23, nan 
55.625, 72.875, 2.8000568131879546e-23, nan 
55.875, 72.875, 2.702009144982181e-23, nan 
56.125, 72.875, 2.601731055049828e-23, nan 
56.375, 72.875, 3.127882610481361e-23, nan 
56.625, 72.875, 2.754162784063726e-23, nan 
56.875, 72.875, 3.0315618303753933e-23, nan 
57.125, 72.875, 2.852836660200671e-23, nan 
57.375, 72.875, 3.792743220777153e-23, nan 
57.625, 72.875, 3.5715398252381336e-23, nan 
57.875, 72.875, 3.1988578597920356e-23, nan 
58.125, 72.875, 3.1167185551870396e-23, nan 
58.375, 72.875, 4.462707538187889e-23, nan 
58.625, 72.875, 4.9398887254968994e-23, nan 
58.875, 72.875, 4.319703611301251e-23, nan 
59.125, 72.875, 4.6591891152214803e-23, nan 
59.375, 72.875, 6.681368363190102e-23, nan 
59.625, 72.875, 6.129078472013565e-23, nan 
59.875, 72.875, 4.802349455893288e-23, nan 
60.125, 72.875, 6.664874387252296e-23, nan 
60.375, 72.875, 8.376683159750853e-23, nan 
60.625, 72.875, 8.141146299721493e-23, nan 
60.875, 72.875, 8.373879047288481e-23, nan 
61.125, 72.875, 1.0399810936435497e-22, nan 
61.375, 72.875, 1.0946020947229686e-22, nan 
61.625, 72.875, 7.625503647300553e-23, nan 
61.875, 72.875, 5.1980541744552287e-23, nan 
62.125, 72.875, 2.648135134057704e-23, nan 
62.375, 72.875, 6.3557426047356886e-24, nan 
62.625, 72.875, 2.122846251561197e-23, nan 
62.875, 72.875, 1.9027481027132178e-23, nan 
63.125, 72.875, 2.5088287948125748e-23, nan 
63.375, 72.875, 1.708705659399489e-23, nan 
63.625, 72.875, 2.5484738583821963e-23, nan 
63.875, 72.875, 4.860372943915051e-23, nan 
64.125, 72.875, 5.983335627295889e-23, nan 
64.375, 72.875, 8.345356198649871e-23, nan 
64.625, 72.875, 9.443804895047451e-23, nan 
64.875, 72.875, 1.112691116249212e-22, nan 
65.125, 72.875, 1.2193503872140952e-22, nan 
65.375, 72.875, 1.3794305603808643e-22, nan 
65.625, 72.875, 1.441673912364249e-22, nan 
65.875, 72.875, 1.3756562666884281e-22, nan 
66.125, 72.875, 1.1374350314558027e-22, nan 
66.375, 72.875, 1.2173072618301093e-22, nan 
66.625, 72.875, 1.10801687048632e-22, nan 
66.875, 72.875, 1.0070318896472295e-22, nan 
67.125, 72.875, 1.0129478294979993e-22, nan 
67.375, 72.875, 9.443923908318853e-23, nan 
67.625, 72.875, 9.582625658551313e-23, nan 
67.875, 72.875, 9.102425755905291e-23, nan 
68.125, 72.875, 7.953003526246876e-23, nan 
68.375, 72.875, 4.9781633009081603e-23, nan 
68.625, 72.875, 6.333387219345909e-23, nan 
68.875, 72.875, 8.658898421856366e-23, nan 
69.125, 72.875, 1.390169058543885e-22, nan 
69.375, 72.875, 1.1294118642866414e-22, nan 
69.625, 72.875, 1.250750890235178e-22, nan 
69.875, 72.875, 1.5564039277691125e-22, nan 
70.125, 72.875, 2.911358887600476e-22, nan 
70.375, 72.875, 3.1645842571915918e-22, nan 
70.625, 72.875, 2.920706926303414e-22, nan 
70.875, 72.875, 2.827994645305507e-22, nan 
71.125, 72.875, 3.3858127248031695e-22, nan 
71.375, 72.875, 3.0406641443200284e-22, nan 
71.625, 72.875, 2.9555040662063686e-22, nan 
71.875, 72.875, 2.9043720730742075e-22, nan 
72.125, 72.875, 3.6067530216638285e-22, nan 
72.375, 72.875, 3.3251530852736146e-22, nan 
72.625, 72.875, 4.1894168520430746e-22, nan 
72.875, 72.875, 2.6742798036133375e-22, nan 
73.125, 72.875, 2.778698981361317e-22, nan 
73.375, 72.875, 2.8785411722339674e-22, nan 
73.625, 72.875, 4.440597467700536e-22, nan 
73.875, 72.875, 5.75704949072968e-22, nan 
74.125, 72.875, 4.74751460846572e-22, nan 
74.375, 72.875, 5.504687272416804e-22, nan 
74.625, 72.875, 5.844342750714563e-22, nan 
74.875, 72.875, 4.540829811516713e-22, nan 
75.125, 72.875, 4.150274303867014e-22, nan 
75.375, 72.875, 5.771578879269992e-22, nan 
75.625, 72.875, 5.579799883991855e-22, nan 
75.875, 72.875, 5.683281623491767e-22, nan 
76.125, 72.875, 4.608613540428063e-22, nan 
76.375, 72.875, 5.836994811165318e-22, nan 
76.625, 72.875, 5.712598922926493e-22, nan 
76.875, 72.875, 6.403341579813529e-22, nan 
77.125, 72.875, 1.0770871867394464e-21, nan 
77.375, 72.875, 8.066860396440918e-22, nan 
77.625, 72.875, 2.6833193956263157e-22, nan 
77.875, 72.875, 5.310753278471163e-22, nan 
78.125, 72.875, 3.571559001295921e-22, nan 
78.375, 72.875, 7.617950575592085e-23, nan 
78.625, 72.875, 3.9197057195487376e-22, nan 
78.875, 72.875, 3.7431773019922676e-22, nan 
79.125, 72.875, 2.2779360319316317e-22, nan 
79.375, 72.875, 2.9116918000516406e-22, nan 
79.625, 72.875, 4.267518057777814e-22, nan 
79.875, 72.875, 3.169760776574455e-22, nan 
80.125, 72.875, 3.096755289684336e-22, nan 
80.375, 72.875, 1.8133798113919868e-22, nan 
80.625, 72.875, 6.2111995224605775e-22, nan 
80.875, 72.875, 4.607242220967922e-22, nan 
81.125, 72.875, 7.266901109191531e-22, nan 
81.375, 72.875, 7.20388185834547e-22, nan 
81.625, 72.875, 7.6785709860693605e-22, nan 
81.875, 72.875, 8.488531671548822e-22, nan 
82.125, 72.875, 9.159996565766276e-22, nan 
82.375, 72.875, 7.151087130662627e-22, nan 
82.625, 72.875, 8.401189769234081e-22, nan 
82.875, 72.875, 5.138882470824876e-22, nan 
83.125, 72.875, 9.287514513242438e-22, nan 
83.375, 72.875, 6.685967673766276e-22, nan 
83.625, 72.875, 3.7947692796734424e-22, nan 
83.875, 72.875, 8.421170514533793e-22, nan 
84.125, 72.875, 1.014256373254752e-21, nan 
84.375, 72.875, 1.0527277656689906e-21, nan 
84.625, 72.875, 2.3163884800755573e-21, nan 
84.875, 72.875, 3.0748016258795587e-21, nan 
85.125, 72.875, 2.3300144422107162e-21, nan 
85.375, 72.875, 2.6174015343628483e-21, nan 
85.625, 72.875, 3.700570015929585e-21, nan 
85.875, 72.875, 5.284157866867743e-21, nan 
86.125, 72.875, 5.001042159254397e-21, nan 
86.375, 72.875, 4.974137199076008e-21, nan 
86.625, 72.875, 8.613322843573911e-21, nan 
86.875, 72.875, 6.820401216970575e-21, nan 
87.125, 72.875, 5.8672497307671605e-21, nan 
87.375, 72.875, 5.638080841473213e-21, nan 
87.625, 72.875, 4.506026322470412e-21, nan 
87.875, 72.875, 4.437606328146252e-21, nan 
88.125, 72.875, 5.057980460313164e-21, nan 
88.375, 72.875, 5.700328933950414e-21, nan 
88.625, 72.875, 3.7748573165073766e-21, nan 
88.875, 72.875, 5.723646533824136e-21, nan 
89.125, 72.875, 6.161083565873711e-21, nan 
89.375, 72.875, 3.591235232517139e-21, nan 
89.625, 72.875, 9.769366791274525e-21, nan 
89.875, 72.875, 6.763006783198749e-21, nan 
90.125, 72.875, 5.823201946588042e-21, nan 
90.375, 72.875, 7.751813905945677e-21, nan 
90.625, 72.875, 1.0548152147507876e-20, nan 
90.875, 72.875, 1.452804140247092e-20, nan 
91.125, 72.875, 1.9980507302297098e-20, nan 
91.375, 72.875, 1.2496373475737783e-20, nan 
91.625, 72.875, 2.801476969594765e-20, nan 
91.875, 72.875, 2.4435677221974385e-20, nan 
92.125, 72.875, 1.9263574147153004e-20, nan 
92.375, 72.875, 4.276172661991144e-20, nan 
92.625, 72.875, 3.435550525692143e-20, nan 
92.875, 72.875, 4.1474427099416744e-20, nan 
93.125, 72.875, 3.6178658370552526e-20, nan 
93.375, 72.875, 5.1863568198813127e-20, nan 
93.625, 72.875, 7.171344736026567e-20, nan 
93.875, 72.875, 4.790708170355916e-20, nan 
94.125, 72.875, 5.036844255984741e-20, nan 
94.375, 72.875, 4.2130922975076824e-20, nan 
94.625, 72.875, 4.188192310666388e-20, nan 
94.875, 72.875, 6.097441356711664e-20, nan 
95.125, 72.875, 3.8228475418442476e-20, nan 
95.375, 72.875, 4.515038851318735e-20, nan 
95.625, 72.875, 3.8804099704905886e-20, nan 
95.875, 72.875, 4.8156945421316127e-20, nan 
96.125, 72.875, 2.6782192487590023e-20, nan 
96.375, 72.875, 5.528624648697317e-20, nan 
96.625, 72.875, 8.11243737413867e-20, nan 
96.875, 72.875, 7.812199890950391e-20, nan 
97.125, 72.875, 8.768378439829952e-20, nan 
97.375, 72.875, 6.018246749089719e-20, nan 
97.625, 72.875, 1.142978478236022e-19, nan 
97.875, 72.875, 1.1876535691849324e-19, nan 
98.125, 72.875, 1.1064324122184472e-19, nan 
98.375, 72.875, 9.504829466555375e-20, nan 
98.625, 72.875, 1.2733784012520543e-19, nan 
98.875, 72.875, 1.4627279078623862e-19, nan 
99.125, 72.875, 1.0727231181428227e-19, nan 
99.375, 72.875, 1.023307450126136e-19, nan 
99.625, 72.875, 7.204048470805362e-20, nan 
99.875, 72.875, 5.48049795415353e-20, nan 
100.125, 72.875, 7.081708090714941e-20, nan 
100.375, 72.875, 1.148778067805121e-19, nan 
100.625, 72.875, 6.607652548238235e-20, nan 
100.875, 72.875, 7.415613892542664e-20, nan 
101.125, 72.875, 1.3405899939752622e-19, nan 
101.375, 72.875, 1.1760109410961412e-19, nan 
101.625, 72.875, 1.7555401471642822e-19, nan 
101.875, 72.875, 2.8181192494426167e-19, nan 
102.125, 72.875, 2.174386147478219e-19, nan 
102.375, 72.875, 2.332098816859408e-19, nan 
102.625, 72.875, 3.5183327262301743e-19, nan 
102.875, 72.875, 1.652917661431919e-19, nan 
103.125, 72.875, 1.5053371403308662e-19, nan 
103.375, 72.875, 2.6505607606631997e-19, nan 
103.625, 72.875, 4.1446725974970906e-19, nan 
103.875, 72.875, 2.990490303668271e-19, nan 
104.125, 72.875, 4.700034345830065e-19, nan 
104.375, 72.875, 6.07722293288055e-19, nan 
104.625, 72.875, 5.342321222463776e-19, nan 
104.875, 72.875, 5.710491075478958e-19, nan 
105.125, 72.875, 1.1786835177793258e-18, nan 
105.375, 72.875, 9.18279224074391e-19, nan 
105.625, 72.875, 7.932835258178981e-19, nan 
105.875, 72.875, 7.6134443321523855e-19, nan 
106.125, 72.875, 6.893340454993739e-19, nan 
106.375, 72.875, 2.0658010032535533e-18, nan 
106.625, 72.875, 3.7991434697383686e-18, nan 
106.875, 72.875, 5.736070080034727e-18, nan 
107.125, 72.875, 6.828106067557467e-18, nan 
107.375, 72.875, 9.98175553861225e-18, nan 
107.625, 72.875, 1.4805542840134776e-17, nan 
107.875, 72.875, 1.6096447776071837e-17, nan 
108.125, 72.875, 2.2212153047152145e-17, nan 
108.375, 72.875, 2.8384879354107797e-17, nan 
108.625, 72.875, 2.4913567594314462e-17, nan 
108.875, 72.875, 3.4117496839759384e-17, nan 
109.125, 72.875, 4.634649334134441e-17, nan 
109.375, 72.875, 3.3634279715591026e-17, nan 
109.625, 72.875, 3.72278887071432e-17, nan 
109.875, 72.875, 3.378589855026916e-17, nan 
110.125, 72.875, 3.441063518627683e-17, nan 
110.375, 72.875, 9.694970539331878e-17, nan 
110.625, 72.875, 1.3153366945696666e-16, nan 
110.875, 72.875, 1.4278420070321258e-16, nan 
111.125, 72.875, 1.1820392336413018e-16, nan 
111.375, 72.875, 1.1932916422290686e-16, nan 
111.625, 72.875, 1.036960171506362e-16, nan 
111.875, 72.875, 7.677888858377477e-17, nan 
112.125, 72.875, 7.246030258930352e-17, nan 
112.375, 72.875, 5.2623960208780846e-17, nan 
112.625, 72.875, 3.9405522628320775e-17, nan 
112.875, 72.875, 2.6934116488264382e-17, nan 
113.125, 72.875, 1.878504975132135e-17, nan 
113.375, 72.875, 1.3209694717740058e-17, nan 
113.625, 72.875, 8.80966183769733e-18, nan 
113.875, 72.875, 8.76162155343694e-18, nan 
114.125, 72.875, 6.095533031951543e-18, nan 
114.375, 72.875, 2.6614552017961748e-18, nan 
114.625, 72.875, 4.221577769470013e-18, nan 
114.875, 72.875, 4.576215353391572e-18, nan 
115.125, 72.875, 5.2645467141729336e-18, nan 
115.375, 72.875, 2.6480165624698405e-18, nan 
115.625, 72.875, 4.613438957176229e-18, nan 
115.875, 72.875, 3.27894334700034e-18, nan 
116.125, 72.875, 2.3739052233447466e-18, nan 
116.375, 72.875, 1.6464885573797921e-18, nan 
116.625, 72.875, 1.1185980890018301e-18, nan 
116.875, 72.875, 8.911729065635912e-19, nan 
117.125, 72.875, 6.652452677020075e-19, nan 
117.375, 72.875, 3.604138166740811e-19, nan 
117.625, 72.875, 4.512037494081289e-19, nan 
117.875, 72.875, 4.820146712648376e-19, nan 
118.125, 72.875, 7.7184509550226075e-19, nan 
118.375, 72.875, 7.295065150259881e-19, nan 
118.625, 72.875, 7.725083084657176e-19, nan 
118.875, 72.875, 5.639376674471232e-19, nan 
119.125, 72.875, 2.875070791762651e-19, nan 
119.375, 72.875, 2.311930677293492e-19, nan 
119.625, 72.875, 2.4917758193291184e-19, nan 
119.875, 72.875, 3.1357411425320053e-19, nan 
120.125, 72.875, 3.8194568121200456e-19, nan 
120.375, 72.875, 2.4212527096570476e-19, nan 
120.625, 72.875, 3.105502227213714e-19, nan 
120.875, 72.875, 3.857834788945962e-19, nan 
121.125, 72.875, 4.195491608953713e-19, nan 
121.375, 72.875, 4.06076910060589e-19, nan 
121.625, 72.875, 3.9998909336868414e-19, nan 
121.875, 72.875, 3.0876649725021243e-19, nan 
122.125, 72.875, 2.623948500170565e-19, nan 
122.375, 72.875, 2.3706803314146974e-19, nan 
122.625, 72.875, 1.766767143729939e-19, nan 
122.875, 72.875, 1.6091957183621116e-19, nan 
123.125, 72.875, 1.6511603626880498e-19, nan 
123.375, 72.875, 9.61776328118985e-20, nan 
123.625, 72.875, 8.442788303998304e-20, nan 
123.875, 72.875, 6.491013342113957e-20, nan 
124.125, 72.875, 3.1972680656293454e-20, nan 
124.375, 72.875, 5.90103425727485e-20, nan 
124.625, 72.875, 3.94579873194366e-20, nan 
124.875, 72.875, 2.2674215960667548e-20, nan 
125.125, 72.875, 3.166983470565857e-20, nan 
125.375, 72.875, 2.3294245194379742e-20, nan 
125.625, 72.875, 1.2612803758652576e-20, nan 
125.875, 72.875, 3.553807187424618e-20, nan 
126.125, 72.875, 4.163849950225943e-20, nan 
126.375, 72.875, 3.884216951053818e-20, nan 
126.625, 72.875, 3.149486170976074e-20, nan 
126.875, 72.875, 3.421524914595882e-20, nan 
127.125, 72.875, 2.6529722960526993e-20, nan 
127.375, 72.875, 2.0639536471916004e-20, nan 
127.625, 72.875, 1.6769059384375255e-20, nan 
127.875, 72.875, 1.518676887386489e-20, nan 
128.125, 72.875, 1.6662574349321137e-20, nan 
128.375, 72.875, 1.4295364543084088e-20, nan 
128.625, 72.875, 9.469236728719739e-21, nan 
128.875, 72.875, 1.0542938221815581e-20, nan 
129.125, 72.875, 1.1221976960731472e-20, nan 
129.375, 72.875, 6.979461058233577e-21, nan 
129.625, 72.875, 1.1068545725607784e-20, nan 
129.875, 72.875, 7.006977884054753e-21, nan 
130.125, 72.875, 8.597688815266755e-21, nan 
130.375, 72.875, 1.8455428901927315e-20, nan 
130.625, 72.875, 1.6081772050959876e-20, nan 
130.875, 72.875, 1.2739587068983148e-20, nan 
131.125, 72.875, 1.7575860911477673e-20, nan 
131.375, 72.875, 1.5850416074275295e-20, nan 
131.625, 72.875, 8.435276744493541e-21, nan 
131.875, 72.875, 1.3269242244002642e-20, nan 
132.125, 72.875, 1.8715641289460732e-20, nan 
132.375, 72.875, 1.0008687018987609e-20, nan 
132.625, 72.875, 1.1333795100566502e-20, nan 
132.875, 72.875, 1.1848226905214408e-20, nan 
133.125, 72.875, 1.0208695208120296e-20, nan 
133.375, 72.875, 9.380121162923607e-21, nan 
133.625, 72.875, 8.860207209386807e-21, nan 
133.875, 72.875, 9.810396973424248e-21, nan 
134.125, 72.875, 5.880559867677483e-21, nan 
134.375, 72.875, 6.2135128913126714e-21, nan 
134.625, 72.875, 7.094734150913644e-21, nan 
134.875, 72.875, 3.0808079163726464e-21, nan 
135.125, 72.875, 1.8731845011294148e-21, nan 
135.375, 72.875, 2.4313133088442838e-21, nan 
135.625, 72.875, 2.812723058359037e-21, nan 
135.875, 72.875, 3.670977311682116e-21, nan 
136.125, 72.875, 2.6916825630770477e-21, nan 
136.375, 72.875, 3.1795959575346434e-21, nan 
136.625, 72.875, 2.3422355111097872e-21, nan 
136.875, 72.875, 1.953953941608034e-21, nan 
137.125, 72.875, 2.1683013545321428e-21, nan 
137.375, 72.875, 3.779688778331372e-21, nan 
137.625, 72.875, 6.013371411800786e-21, nan 
137.875, 72.875, 4.0302237116166444e-21, nan 
138.125, 72.875, 4.699520187753341e-21, nan 
138.375, 72.875, 7.250766764893842e-21, nan 
138.625, 72.875, 6.154030158640563e-21, nan 
138.875, 72.875, 4.9006619057180214e-21, nan 
139.125, 72.875, 4.986828703665697e-21, nan 
139.375, 72.875, 5.307086848501504e-21, nan 
139.625, 72.875, 5.0352983342655354e-21, nan 
139.875, 72.875, 3.95032981160319e-21, nan 
140.125, 72.875, 3.8308762723106636e-21, nan 
140.375, 72.875, 4.458955874583188e-21, nan 
140.625, 72.875, 3.54870211582955e-21, nan 
140.875, 72.875, 2.5096063379134598e-21, nan 
141.125, 72.875, 1.8652388326180806e-21, nan 
141.375, 72.875, 1.807190122449401e-21, nan 
141.625, 72.875, 1.5655568351147836e-21, nan 
141.875, 72.875, 4.900103130491006e-22, nan 
142.125, 72.875, 6.8590611662698225e-22, nan 
142.375, 72.875, 7.04663352782552e-22, nan 
142.625, 72.875, 4.712968062963908e-22, nan 
142.875, 72.875, 6.675400473736599e-22, nan 
143.125, 72.875, 8.462058343088358e-22, nan 
143.375, 72.875, 1.322819013346015e-21, nan 
143.625, 72.875, 1.24061379616606e-21, nan 
143.875, 72.875, 2.037726320806553e-21, nan 
144.125, 72.875, 1.847088695934487e-21, nan 
144.375, 72.875, 1.2329135491880019e-21, nan 
144.625, 72.875, 2.931181994324564e-21, nan 
144.875, 72.875, 3.467264328893777e-21, nan 
145.125, 72.875, 1.1516280627276533e-21, nan 
145.375, 72.875, 1.7566418341906807e-21, nan 
145.625, 72.875, 2.2961767062147664e-21, nan 
145.875, 72.875, 1.2228187355937914e-21, nan 
146.125, 72.875, 8.284721593197362e-22, nan 
146.375, 72.875, 7.416691465388232e-22, nan 
146.625, 72.875, 8.19311765843271e-22, nan 
146.875, 72.875, 7.279532836940503e-22, nan 
147.125, 72.875, 3.876474164194945e-22, nan 
147.375, 72.875, 2.6787857269976264e-22, nan 
147.625, 72.875, 3.284804605312108e-22, nan 
147.875, 72.875, 5.950750339459796e-22, nan 
148.125, 72.875, 6.349785366005945e-22, nan 
148.375, 72.875, 4.040205311710448e-22, nan 
148.625, 72.875, 5.394074775467007e-22, nan 
148.875, 72.875, 5.598150557152612e-22, nan 
149.125, 72.875, 2.967620367405365e-22, nan 
149.375, 72.875, 2.5398216081254546e-22, nan 
149.625, 72.875, 1.4536981329526083e-22, nan 
149.875, 72.875, 1.2403525914771158e-22, nan 
150.125, 72.875, 1.4743310872657512e-22, nan 
150.375, 72.875, 1.3852662457499527e-22, nan 
150.625, 72.875, 1.0056047078743108e-22, nan 
150.875, 72.875, 1.390965920632215e-22, nan 
151.125, 72.875, 2.6176455631963883e-22, nan 
151.375, 72.875, 2.507275403208816e-22, nan 
151.625, 72.875, 1.7043919634377794e-22, nan 
151.875, 72.875, 2.225253735731371e-22, nan 
152.125, 72.875, 2.260334262936382e-22, nan 
152.375, 72.875, 1.7792895937158206e-22, nan 
152.625, 72.875, 6.635554799012482e-23, nan 
152.875, 72.875, 9.53996651903894e-23, nan 
153.125, 72.875, 1.0870459301395284e-22, nan 
153.375, 72.875, 4.4050296265374997e-23, nan 
153.625, 72.875, 7.611534400635102e-23, nan 
153.875, 72.875, 9.075064118146234e-23, nan 
154.125, 72.875, 1.0598604939611653e-22, nan 
154.375, 72.875, 1.3286847335898705e-22, nan 
154.625, 72.875, 1.3627420497354596e-22, nan 
154.875, 72.875, 1.2283094361289416e-22, nan 
155.125, 72.875, 1.467055339340853e-22, nan 
155.375, 72.875, 1.0875767122603486e-22, nan 
155.625, 72.875, 8.428368023457286e-23, nan 
155.875, 72.875, 1.0587985749039093e-22, nan 
156.125, 72.875, 1.0924046467656343e-22, nan 
156.375, 72.875, 8.778220085888477e-23, nan 
156.625, 72.875, 1.0067210113741833e-22, nan 
156.875, 72.875, 1.055820666687992e-22, nan 
157.125, 72.875, 8.184999149704935e-23, nan 
157.375, 72.875, 4.2277288334118004e-23, nan 
157.625, 72.875, 3.805856695503798e-23, nan 
157.875, 72.875, 5.972689412347697e-23, nan 
158.125, 72.875, 4.9804292284356597e-23, nan 
158.375, 72.875, 5.0519547039944456e-23, nan 
158.625, 72.875, 7.283978699518106e-23, nan 
158.875, 72.875, 7.48566164008506e-23, nan 
159.125, 72.875, 1.947807239723315e-22, nan 
159.375, 72.875, 2.3242856393254304e-22, nan 
159.625, 72.875, 1.8938155075134278e-22, nan 
159.875, 72.875, 2.332325817910224e-22, nan 
160.125, 72.875, 2.529773811385051e-22, nan 
160.375, 72.875, 3.8313024999972977e-22, nan 
160.625, 72.875, 3.1039996289099798e-22, nan 
160.875, 72.875, 2.876598428556416e-22, nan 
161.125, 72.875, 4.0540361103437504e-22, nan 
161.375, 72.875, 3.3607487924567344e-22, nan 
161.625, 72.875, 6.623852796257202e-22, nan 
161.875, 72.875, 2.002107253408986e-21, nan 
162.125, 72.875, 2.532211613174479e-21, nan 
162.375, 72.875, 1.2951551703194838e-21, nan 
162.625, 72.875, 2.1003954627666458e-21, nan 
162.875, 72.875, 2.746145623415703e-21, nan 
163.125, 72.875, 1.107287687958938e-21, nan 
163.375, 72.875, 8.852907799422045e-22, nan 
163.625, 72.875, 1.3779466812816456e-21, nan 
163.875, 72.875, 7.760114010214999e-22, nan 
164.125, 72.875, 5.117746795883019e-22, nan 
164.375, 72.875, 5.523395653388953e-22, nan 
164.625, 72.875, 3.5902243022927617e-22, nan 
164.875, 72.875, 2.766609425032484e-22, nan 
165.125, 72.875, 2.88439582799503e-22, nan 
165.375, 72.875, 3.1551867664720077e-22, nan 
165.625, 72.875, 7.144595788193538e-22, nan 
165.875, 72.875, 6.675837145757872e-22, nan 
166.125, 72.875, 1.3282257546302111e-21, nan 
166.375, 72.875, 1.725050391851278e-21, nan 
166.625, 72.875, 6.173035028456441e-22, nan 
166.875, 72.875, 1.4953246573126548e-21, nan 
167.125, 72.875, 1.3328765018362631e-21, nan 
167.375, 72.875, 2.7950118883278505e-22, nan 
167.625, 72.875, 7.388367046637693e-22, nan 
167.875, 72.875, 5.366450034724771e-22, nan 
168.125, 72.875, 3.4054630304695273e-22, nan 
168.375, 72.875, 1.833149166085156e-22, nan 
168.625, 72.875, 1.207378079816476e-22, nan 
168.875, 72.875, 1.2748729928631218e-22, nan 
169.125, 72.875, 1.6117085583445593e-22, nan 
169.375, 72.875, 9.263783722252078e-23, nan 
169.625, 72.875, 8.729281781582125e-23, nan 
169.875, 72.875, 4.466233379352823e-23, nan 
170.125, 72.875, 3.332967834459087e-23, nan 
170.375, 72.875, 5.961630464435264e-23, nan 
170.625, 72.875, 5.119615021375757e-23, nan 
170.875, 72.875, 3.852063806899486e-23, nan 
171.125, 72.875, 6.748394794119458e-23, nan 
171.375, 72.875, 6.897899358830991e-23, nan 
171.625, 72.875, 5.222315793701281e-23, nan 
171.875, 72.875, 4.3667442844258436e-23, nan 
172.125, 72.875, 4.052228294542389e-23, nan 
172.375, 72.875, 3.052135733044867e-23, nan 
172.625, 72.875, 2.023245577656437e-23, nan 
172.875, 72.875, 2.628495272964171e-23, nan 
173.125, 72.875, 2.2336100983164927e-23, nan 
173.375, 72.875, 1.8465711355189437e-23, nan 
173.625, 72.875, 1.401652150048991e-23, nan 
173.875, 72.875, 1.723993150140967e-23, nan 
174.125, 72.875, 1.7785724295215384e-23, nan 
174.375, 72.875, 1.1745916823935162e-23, nan 
174.625, 72.875, 1.6036867777554373e-23, nan 
174.875, 72.875, 1.396971523299664e-23, nan 
175.125, 72.875, 1.1821579958578463e-23, nan 
175.375, 72.875, 1.1229797924543312e-23, nan 
175.625, 72.875, 1.062135822125249e-23, nan 
175.875, 72.875, 6.187644761018197e-24, nan 
176.125, 72.875, 1.5180422809008827e-24, nan 
176.375, 72.875, 1.069666723604326e-23, nan 
176.625, 72.875, 1.1021621004527507e-23, nan 
176.875, 72.875, 1.0851597334239239e-23, nan 
177.125, 72.875, 1.711123327413153e-23, nan 
177.375, 72.875, 3.2235446865860146e-23, nan 
177.625, 72.875, 2.9167996023455387e-23, nan 
177.875, 72.875, 3.453386669857704e-23, nan 
178.125, 72.875, 3.066661923597823e-23, nan 
178.375, 72.875, 3.189819890564699e-23, nan 
178.625, 72.875, 2.4838276033728058e-23, nan 
178.875, 72.875, 2.973739255689292e-23, nan 
179.125, 72.875, 2.653638679021651e-23, nan 
179.375, 72.875, 1.3621775135248846e-23, nan 
179.625, 72.875, 1.2568952199204109e-23, nan 
179.875, 72.875, 1.399189306659557e-23, nan 
-179.875, 73.125, 2.0473610384632825e-23, nan 
-179.625, 73.125, 1.610655873372978e-23, nan 
-179.375, 73.125, 9.636461970835293e-24, nan 
-179.125, 73.125, 7.95790442899142e-24, nan 
-178.875, 73.125, 7.53390523005993e-24, nan 
-178.625, 73.125, 1.473768740630335e-23, nan 
-178.375, 73.125, 9.199508023029554e-24, nan 
-178.125, 73.125, 7.894314062120497e-24, nan 
-177.875, 73.125, 1.394811088351914e-23, nan 
-177.625, 73.125, 1.1910222765908048e-23, nan 
-177.375, 73.125, 9.061171198482229e-24, nan 
-177.125, 73.125, 5.1925021786326514e-24, nan 
-176.875, 73.125, 8.472437142665076e-24, nan 
-176.625, 73.125, 8.303367143782064e-24, nan 
-176.375, 73.125, 1.576318810849179e-24, nan 
-176.125, 73.125, 5.016483291697676e-24, nan 
-175.875, 73.125, 5.3610888716250574e-24, nan 
-175.625, 73.125, 7.729664967908125e-24, nan 
-175.375, 73.125, 9.35503715178855e-24, nan 
-175.125, 73.125, 8.237440629944621e-24, nan 
-174.875, 73.125, 1.1419541572639472e-23, nan 
-174.625, 73.125, 5.9942654002205456e-24, nan 
-174.375, 73.125, 6.839654577390826e-24, nan 
-174.125, 73.125, 1.464966109316717e-23, nan 
-173.875, 73.125, 9.89234080500485e-24, nan 
-173.625, 73.125, 1.4243792408729622e-23, nan 
-173.375, 73.125, 1.5825598798397112e-23, nan 
-173.125, 73.125, 1.7573253029415528e-23, nan 
-172.875, 73.125, 1.2463065870283398e-23, nan 
-172.625, 73.125, 1.1931615942673227e-23, nan 
-172.375, 73.125, 7.969123005270181e-24, nan 
-172.125, 73.125, 6.3634088561358364e-24, nan 
-171.875, 73.125, 7.294586089833138e-24, nan 
-171.625, 73.125, 1.0094007933721949e-23, nan 
-171.375, 73.125, 9.961047485842745e-24, nan 
-171.125, 73.125, 1.2812507959094285e-23, nan 
-170.875, 73.125, 1.0866482374784557e-23, nan 
-170.625, 73.125, 1.1664692468875869e-23, nan 
-170.375, 73.125, 1.1643943895060807e-23, nan 
-170.125, 73.125, 1.1715393100205407e-23, nan 
-169.875, 73.125, 1.0648253772720894e-23, nan 
-169.625, 73.125, 7.022851821272943e-24, nan 
-169.375, 73.125, 1.3209941527264567e-23, nan 
-169.125, 73.125, 8.838614556578147e-24, nan 
-168.875, 73.125, 4.460988284365279e-24, nan 
-168.625, 73.125, 9.158486565998504e-24, nan 
-168.375, 73.125, 5.960947105003774e-24, nan 
-168.125, 73.125, 2.1138108396762063e-24, nan 
-167.875, 73.125, 3.9148642273700974e-24, nan 
-167.625, 73.125, 3.080013444088103e-24, nan 
-167.375, 73.125, 3.1200030052963775e-24, nan 
-167.125, 73.125, 4.274713937573736e-24, nan 
-166.875, 73.125, 5.085675388066369e-24, nan 
-166.625, 73.125, 4.6686965884802314e-24, nan 
-166.375, 73.125, 7.120798734026162e-24, nan 
-166.125, 73.125, 6.5266402642447844e-24, nan 
-165.875, 73.125, 6.404213673305228e-24, nan 
-165.625, 73.125, 5.366342665122171e-24, nan 
-165.375, 73.125, 6.5373514185796815e-24, nan 
-165.125, 73.125, 7.005973048058623e-24, nan 
-164.875, 73.125, 7.66181693428903e-24, nan 
-164.625, 73.125, 6.906688251378607e-24, nan 
-164.375, 73.125, 8.673921849700173e-24, nan 
-164.125, 73.125, 7.198005261892809e-24, nan 
-163.875, 73.125, 6.17855583314977e-24, nan 
-163.625, 73.125, 6.187883149406609e-24, nan 
-163.375, 73.125, 5.979813067437425e-24, nan 
-163.125, 73.125, 4.302592189464197e-24, nan 
-162.875, 73.125, 5.5016810833383775e-24, nan 
-162.625, 73.125, 4.460710538115945e-24, nan 
-162.375, 73.125, 3.888968024069014e-24, nan 
-162.125, 73.125, 7.687737814718446e-24, nan 
-161.875, 73.125, 5.856877476968592e-24, nan 
-161.625, 73.125, 3.677308450292939e-24, nan 
-161.375, 73.125, 5.149750003935967e-24, nan 
-161.125, 73.125, 5.206091938325136e-24, nan 
-160.875, 73.125, 4.652138587729171e-24, nan 
-160.625, 73.125, 4.205794274274454e-24, nan 
6.125, 73.125, 2.9761456932345804e-24, nan 
6.375, 73.125, 2.59513969889345e-24, nan 
6.625, 73.125, 9.166148993513844e-25, nan 
6.875, 73.125, 1.3592219003849983e-24, nan 
7.125, 73.125, 1.4313878751452605e-24, nan 
7.375, 73.125, 8.72121625120303e-25, nan 
7.625, 73.125, 1.2081737188980962e-24, nan 
7.875, 73.125, 1.1971118515005169e-24, nan 
8.125, 73.125, 1.1844157434006933e-24, nan 
8.375, 73.125, 2.0779925339730883e-24, nan 
8.625, 73.125, 2.7135308351484278e-24, nan 
8.875, 73.125, 2.849430393418226e-24, nan 
9.125, 73.125, 3.7664348962558406e-24, nan 
9.375, 73.125, 3.471470428703199e-24, nan 
9.625, 73.125, 3.3605842585576634e-24, nan 
9.875, 73.125, 3.0970439995544775e-24, nan 
10.125, 73.125, 2.6222255710789572e-24, nan 
10.375, 73.125, 2.8772063622293254e-24, nan 
10.625, 73.125, 1.922077773239779e-24, nan 
10.875, 73.125, 1.6458890668790299e-24, nan 
11.125, 73.125, 1.5756584405502834e-24, nan 
11.375, 73.125, 2.2328671065781636e-24, nan 
11.625, 73.125, 1.650947607902424e-24, nan 
11.875, 73.125, 1.8660207267415394e-24, nan 
12.125, 73.125, 2.0813204413691182e-24, nan 
12.375, 73.125, 1.2304220098093716e-24, nan 
12.625, 73.125, 1.4198652318816292e-24, nan 
12.875, 73.125, 1.6033410042694237e-24, nan 
13.125, 73.125, 1.0792902958994242e-24, nan 
13.375, 73.125, 1.1485770150957086e-24, nan 
13.625, 73.125, 9.172560911469132e-25, nan 
13.875, 73.125, 6.530789745951193e-25, nan 
14.125, 73.125, 1.0249272335379604e-24, nan 
14.375, 73.125, 1.1404483607990095e-24, nan 
14.625, 73.125, 1.8355525318085523e-24, nan 
14.875, 73.125, 2.289693704999943e-24, nan 
15.125, 73.125, 2.079847693705542e-24, nan 
15.375, 73.125, 2.189769811830361e-24, nan 
15.625, 73.125, 2.8602958090666068e-24, nan 
15.875, 73.125, 2.470489719821016e-24, nan 
16.125, 73.125, 1.8295920795783458e-24, nan 
16.375, 73.125, 1.614758718621845e-24, nan 
16.625, 73.125, 1.070123914260954e-24, nan 
16.875, 73.125, 7.415432001173533e-25, nan 
17.125, 73.125, 8.402527867490282e-25, nan 
17.375, 73.125, 1.1854635185693908e-24, nan 
17.625, 73.125, 1.452104955785413e-24, nan 
17.875, 73.125, 1.5294191544255942e-24, nan 
18.125, 73.125, 2.4905749650784702e-24, nan 
18.375, 73.125, 2.5094783022301173e-24, nan 
18.625, 73.125, 1.7529075506228756e-24, nan 
18.875, 73.125, 3.109654669913956e-24, nan 
19.125, 73.125, 2.763751588925873e-24, nan 
19.375, 73.125, 1.9854880419916373e-24, nan 
19.625, 73.125, 1.4822149530591443e-24, nan 
19.875, 73.125, 1.5570077318660073e-24, nan 
20.125, 73.125, 2.0127223430314126e-24, nan 
20.375, 73.125, 2.5871530228562013e-24, nan 
20.625, 73.125, 4.745056782107808e-24, nan 
20.875, 73.125, 4.786019980583937e-24, nan 
21.125, 73.125, 2.75986856952742e-24, nan 
21.375, 73.125, 6.366967423925154e-24, nan 
21.625, 73.125, 5.8127261858168545e-24, nan 
21.875, 73.125, 5.841450390943914e-24, nan 
22.125, 73.125, 6.748609691276845e-24, nan 
22.375, 73.125, 5.180125065378678e-24, nan 
22.625, 73.125, 6.215251284569529e-24, nan 
22.875, 73.125, 9.307683616109055e-25, nan 
23.125, 73.125, 1.933066369734103e-24, nan 
23.375, 73.125, 3.930895883594899e-24, nan 
23.625, 73.125, 2.1712523707289244e-24, nan 
23.875, 73.125, 1.5889828630554678e-24, nan 
24.125, 73.125, 1.4184218364688968e-24, nan 
24.375, 73.125, 2.1700450940172217e-24, nan 
24.625, 73.125, 1.649075648398649e-24, nan 
24.875, 73.125, 1.5490965702303047e-24, nan 
25.125, 73.125, 1.6529654623584126e-24, nan 
25.375, 73.125, 4.0094054310967405e-24, nan 
25.625, 73.125, 9.808984686141791e-24, nan 
25.875, 73.125, 8.364429314757764e-24, nan 
26.125, 73.125, 6.880820410970561e-24, nan 
26.375, 73.125, 1.826293975272349e-23, nan 
26.625, 73.125, 1.6727796602033838e-23, nan 
26.875, 73.125, 7.047084988185754e-24, nan 
27.125, 73.125, 2.240776914490106e-23, nan 
27.375, 73.125, 1.950416002718254e-23, nan 
27.625, 73.125, 7.334184048880149e-24, nan 
27.875, 73.125, 1.5059554160307515e-23, nan 
28.125, 73.125, 1.4305700801372663e-23, nan 
28.375, 73.125, 1.4479030825248387e-23, nan 
28.625, 73.125, 8.597299402644023e-24, nan 
28.875, 73.125, 6.889881736452825e-24, nan 
29.125, 73.125, 1.1629451834929e-23, nan 
29.375, 73.125, 7.862346418578826e-24, nan 
29.625, 73.125, 4.615988069966507e-24, nan 
29.875, 73.125, 2.1300543570717183e-24, nan 
30.125, 73.125, 3.050167755503564e-24, nan 
30.375, 73.125, 3.143995259681888e-24, nan 
30.625, 73.125, 2.7572737198153722e-24, nan 
30.875, 73.125, 2.7640985409328744e-24, nan 
31.125, 73.125, 2.8050498451693206e-24, nan 
31.375, 73.125, 3.263356145727865e-24, nan 
31.625, 73.125, 3.3144161713382436e-24, nan 
31.875, 73.125, 3.133198212405288e-24, nan 
32.125, 73.125, 3.2170059995964434e-24, nan 
32.375, 73.125, 5.490567832997242e-24, nan 
32.625, 73.125, 4.5083941863133304e-24, nan 
32.875, 73.125, 4.0621962453463684e-24, nan 
33.125, 73.125, 4.945054716963031e-24, nan 
33.375, 73.125, 3.589159807470475e-24, nan 
33.625, 73.125, 3.385415530290553e-24, nan 
33.875, 73.125, 5.401169368117147e-24, nan 
34.125, 73.125, 5.399859443810295e-24, nan 
34.375, 73.125, 4.6783405527890365e-24, nan 
34.625, 73.125, 5.660926925596936e-24, nan 
34.875, 73.125, 6.075813541796307e-24, nan 
35.125, 73.125, 4.49225143813465e-24, nan 
35.375, 73.125, 3.3815444246748586e-24, nan 
35.625, 73.125, 5.365093230011209e-24, nan 
35.875, 73.125, 4.665220677068049e-24, nan 
36.125, 73.125, 4.116038974117993e-24, nan 
36.375, 73.125, 1.175633142950687e-23, nan 
36.625, 73.125, 1.5162605418145795e-23, nan 
36.875, 73.125, 5.84486001893244e-24, nan 
37.125, 73.125, 1.4751004545907306e-23, nan 
37.375, 73.125, 2.7719763246881773e-23, nan 
37.625, 73.125, 1.7627896260232778e-23, nan 
37.875, 73.125, 1.6453644813329782e-23, nan 
38.125, 73.125, 2.614244613648385e-23, nan 
38.375, 73.125, 2.2193247694367217e-23, nan 
38.625, 73.125, 1.9349674939550973e-23, nan 
38.875, 73.125, 1.0127819971799392e-23, nan 
39.125, 73.125, 1.2305855241906839e-23, nan 
39.375, 73.125, 1.4453490864616427e-23, nan 
39.625, 73.125, 6.652848498997779e-24, nan 
39.875, 73.125, 3.9152994127301205e-24, nan 
40.125, 73.125, 6.484873475171452e-24, nan 
40.375, 73.125, 4.754639816885214e-24, nan 
40.625, 73.125, 5.996187049445249e-24, nan 
40.875, 73.125, 6.539545262587016e-24, nan 
41.125, 73.125, 5.8027297532670845e-24, nan 
41.375, 73.125, 7.689540714269227e-24, nan 
41.625, 73.125, 4.880763758575381e-24, nan 
41.875, 73.125, 7.75302540312702e-24, nan 
42.125, 73.125, 9.285795063161102e-24, nan 
42.375, 73.125, 1.0288284254461828e-23, nan 
42.625, 73.125, 1.0831036239526493e-23, nan 
42.875, 73.125, 1.195731549232717e-23, nan 
43.125, 73.125, 1.2217473763617771e-23, nan 
43.375, 73.125, 5.712773477168351e-24, nan 
43.625, 73.125, 7.892223666067964e-24, nan 
43.875, 73.125, 9.06493239361553e-24, nan 
44.125, 73.125, 8.741599347912893e-24, nan 
44.375, 73.125, 6.855567397066189e-24, nan 
44.625, 73.125, 7.83125276178464e-24, nan 
44.875, 73.125, 7.717069460654977e-24, nan 
45.125, 73.125, 4.765246149525498e-24, nan 
45.375, 73.125, 4.316793991065848e-24, nan 
45.625, 73.125, 5.22500354513221e-24, nan 
45.875, 73.125, 6.48600899140805e-24, nan 
46.125, 73.125, 7.679835172692503e-24, nan 
46.375, 73.125, 5.442267858754135e-24, nan 
46.625, 73.125, 6.649838321838329e-24, nan 
46.875, 73.125, 7.275500606565528e-24, nan 
47.125, 73.125, 5.7485045903876885e-24, nan 
47.375, 73.125, 2.263340861370951e-24, nan 
47.625, 73.125, 3.350652151173668e-24, nan 
47.875, 73.125, 3.458318445138083e-24, nan 
48.125, 73.125, 4.891002591168322e-24, nan 
48.375, 73.125, 7.255408157235932e-24, nan 
48.625, 73.125, 6.686805215408445e-24, nan 
48.875, 73.125, 7.60341334273516e-24, nan 
49.125, 73.125, 8.771484872344086e-24, nan 
49.375, 73.125, 6.13913626198727e-24, nan 
49.625, 73.125, 6.741233511228107e-24, nan 
49.875, 73.125, 5.740001672657719e-24, nan 
50.125, 73.125, 1.3550351000542554e-23, nan 
50.375, 73.125, 9.768651564765316e-24, nan 
50.625, 73.125, 1.0504576936061077e-23, nan 
50.875, 73.125, 1.7216991928023375e-23, nan 
51.125, 73.125, 1.4416429631130617e-23, nan 
51.375, 73.125, 1.5438866630174665e-23, nan 
51.625, 73.125, 1.36827538338424e-23, nan 
51.875, 73.125, 1.031944077380888e-23, nan 
52.125, 73.125, 1.0623779575968861e-23, nan 
52.375, 73.125, 9.629692288131456e-24, nan 
52.625, 73.125, 1.7623977370969756e-23, nan 
52.875, 73.125, 7.788243542955877e-24, nan 
53.125, 73.125, 9.364754036920952e-24, nan 
53.375, 73.125, 1.3751474286363518e-23, nan 
53.625, 73.125, 9.493817264977645e-24, nan 
53.875, 73.125, 1.2140644177154811e-23, nan 
54.125, 73.125, 1.2021241665994391e-23, nan 
54.375, 73.125, 2.579865946543143e-23, nan 
54.625, 73.125, 2.2578223870957892e-23, nan 
54.875, 73.125, 2.7603167977890594e-23, nan 
55.125, 73.125, 2.808237307432822e-23, nan 
55.375, 73.125, 3.023609467417059e-23, nan 
55.625, 73.125, 3.174636566992326e-23, nan 
55.875, 73.125, 2.89237850572592e-23, nan 
56.125, 73.125, 2.895888910479065e-23, nan 
56.375, 73.125, 3.0349475434332747e-23, nan 
56.625, 73.125, 3.0524223706327216e-23, nan 
56.875, 73.125, 2.936169430007922e-23, nan 
57.125, 73.125, 3.336923243127236e-23, nan 
57.375, 73.125, 3.700810941866109e-23, nan 
57.625, 73.125, 3.97041323625333e-23, nan 
57.875, 73.125, 3.827495244545423e-23, nan 
58.125, 73.125, 3.6337890452151226e-23, nan 
58.375, 73.125, 6.303619780283047e-23, nan 
58.625, 73.125, 7.455701730503445e-23, nan 
58.875, 73.125, 4.619586884852901e-23, nan 
59.125, 73.125, 7.345005784239133e-23, nan 
59.375, 73.125, 9.442961095138297e-23, nan 
59.625, 73.125, 8.144610879391626e-23, nan 
59.875, 73.125, 5.433745844645948e-23, nan 
60.125, 73.125, 6.000603927554755e-23, nan 
60.375, 73.125, 7.427435737684251e-23, nan 
60.625, 73.125, 4.371341757076974e-23, nan 
60.875, 73.125, 4.21040864526978e-23, nan 
61.125, 73.125, 8.69917405140169e-23, nan 
61.375, 73.125, 1.0220264623075362e-22, nan 
61.625, 73.125, 8.390691800953472e-23, nan 
61.875, 73.125, 1.0739298214309158e-22, nan 
62.125, 73.125, 1.0697328847813444e-22, nan 
62.375, 73.125, 8.360675709250707e-23, nan 
62.625, 73.125, 4.309545825393645e-23, nan 
62.875, 73.125, 4.926400957555124e-23, nan 
63.125, 73.125, 3.7844792758915643e-23, nan 
63.375, 73.125, 3.504246699241197e-23, nan 
63.625, 73.125, 2.948401375600686e-23, nan 
63.875, 73.125, 4.702839674475611e-23, nan 
64.125, 73.125, 2.9781158572914236e-23, nan 
64.375, 73.125, 4.412846296201281e-23, nan 
64.625, 73.125, 6.790331279876749e-23, nan 
64.875, 73.125, 2.890980252807585e-23, nan 
65.125, 73.125, 4.857022269240516e-23, nan 
65.375, 73.125, 9.288217451707538e-23, nan 
65.625, 73.125, 1.0380311192841709e-22, nan 
65.875, 73.125, 1.2477562048661158e-22, nan 
66.125, 73.125, 1.605041074352658e-22, nan 
66.375, 73.125, 1.6391790143032908e-22, nan 
66.625, 73.125, 1.4872562476440027e-22, nan 
66.875, 73.125, 1.7333912031285162e-22, nan 
67.125, 73.125, 1.412260907589043e-22, nan 
67.375, 73.125, 7.27101530540559e-23, nan 
67.625, 73.125, 7.404383429174169e-23, nan 
67.875, 73.125, 8.910142316126082e-23, nan 
68.125, 73.125, 4.939393488723243e-23, nan 
68.375, 73.125, 1.0244819274697799e-22, nan 
68.625, 73.125, 6.239725293076665e-23, nan 
68.875, 73.125, 6.620725014239406e-23, nan 
69.125, 73.125, 1.4186628753259128e-22, nan 
69.375, 73.125, 4.5410437082082566e-23, nan 
69.625, 73.125, 5.74280349555447e-23, nan 
69.875, 73.125, 7.592926394639892e-23, nan 
70.125, 73.125, 8.107790869487072e-23, nan 
70.375, 73.125, 1.0761444589828356e-22, nan 
70.625, 73.125, 1.07734052203846e-22, nan 
70.875, 73.125, 1.7850768787557182e-22, nan 
71.125, 73.125, 2.49881602164444e-22, nan 
71.375, 73.125, 2.727686158141388e-22, nan 
71.625, 73.125, 3.286349914051768e-22, nan 
71.875, 73.125, 2.852374233411955e-22, nan 
72.125, 73.125, 2.8696199895790204e-22, nan 
72.375, 73.125, 3.4076827042628667e-22, nan 
72.625, 73.125, 4.371754866602476e-22, nan 
72.875, 73.125, 2.6897112552105154e-22, nan 
73.125, 73.125, 3.075830802797349e-22, nan 
73.375, 73.125, 5.718240586948509e-22, nan 
73.625, 73.125, 4.751527421124951e-22, nan 
73.875, 73.125, 6.51141196573939e-22, nan 
74.125, 73.125, 9.594648850712829e-22, nan 
74.375, 73.125, 1.1119058963303471e-21, nan 
74.625, 73.125, 5.918943329308076e-22, nan 
74.875, 73.125, 4.120570477743656e-22, nan 
75.125, 73.125, 4.463212747331912e-22, nan 
75.375, 73.125, 6.9922852301936005e-22, nan 
75.625, 73.125, 6.90083151220074e-22, nan 
75.875, 73.125, 7.437726534139297e-22, nan 
76.125, 73.125, 7.617929444616421e-22, nan 
76.375, 73.125, 7.583520576286146e-22, nan 
76.625, 73.125, 1.007288764323061e-21, nan 
76.875, 73.125, 9.06696531205718e-22, nan 
77.125, 73.125, 1.014874117972481e-21, nan 
77.375, 73.125, 9.899232243933975e-22, nan 
77.625, 73.125, 1.0832273360673439e-21, nan 
77.875, 73.125, 9.682984976583886e-22, nan 
78.125, 73.125, 1.075058988242312e-21, nan 
78.375, 73.125, 9.80728484229377e-22, nan 
78.625, 73.125, 1.0259222836768066e-21, nan 
78.875, 73.125, 9.340962083726619e-22, nan 
79.125, 73.125, 9.689191864779177e-22, nan 
79.375, 73.125, 1.091117607410951e-21, nan 
79.625, 73.125, 9.468585537967672e-22, nan 
79.875, 73.125, 9.632011453649599e-22, nan 
80.125, 73.125, 9.23379048479753e-22, nan 
80.375, 73.125, 1.3986237426090718e-21, nan 
80.625, 73.125, 1.0780281954608346e-21, nan 
80.875, 73.125, 1.126018029647517e-21, nan 
81.125, 73.125, 1.1156508682506857e-21, nan 
81.375, 73.125, 1.0972701876065699e-21, nan 
81.625, 73.125, 8.75371502239876e-22, nan 
81.875, 73.125, 6.696591654866619e-22, nan 
82.125, 73.125, 1.1112329817134244e-21, nan 
82.375, 73.125, 1.3156240833885473e-21, nan 
82.625, 73.125, 5.527346920563324e-22, nan 
82.875, 73.125, 9.51532100572925e-22, nan 
83.125, 73.125, 2.3021897009800604e-21, nan 
83.375, 73.125, 4.1069171229754615e-22, nan 
83.625, 73.125, 5.717926055189845e-22, nan 
83.875, 73.125, 1.2110400406211716e-21, nan 
84.125, 73.125, 6.241848325453075e-22, nan 
84.375, 73.125, 6.454896033237398e-22, nan 
84.625, 73.125, 1.4452786852843795e-21, nan 
84.875, 73.125, 2.593823624639814e-21, nan 
85.125, 73.125, 2.0099361012765363e-21, nan 
85.375, 73.125, 1.6721690848048359e-21, nan 
85.625, 73.125, 2.1454794080083633e-21, nan 
85.875, 73.125, 3.28847236307463e-21, nan 
86.125, 73.125, 3.0527134250588924e-21, nan 
86.375, 73.125, 3.081349126407285e-21, nan 
86.625, 73.125, 6.728604088272273e-21, nan 
86.875, 73.125, 5.6964334546390124e-21, nan 
87.125, 73.125, 5.68501777632477e-21, nan 
87.375, 73.125, 5.211150972361705e-21, nan 
87.625, 73.125, 4.5486863015115266e-21, nan 
87.875, 73.125, 5.3610437633553675e-21, nan 
88.125, 73.125, 6.088840095904898e-21, nan 
88.375, 73.125, 5.411978905637199e-21, nan 
88.625, 73.125, 4.54901316148577e-21, nan 
88.875, 73.125, 3.572982781403549e-21, nan 
89.125, 73.125, 5.8223039551792115e-21, nan 
89.375, 73.125, 5.402751331182205e-21, nan 
89.625, 73.125, 7.786882713491302e-21, nan 
89.875, 73.125, 6.670737295306107e-21, nan 
90.125, 73.125, 7.259956554441621e-21, nan 
90.375, 73.125, 6.610786655162267e-21, nan 
90.625, 73.125, 9.769707302577144e-21, nan 
90.875, 73.125, 1.306172760051027e-20, nan 
91.125, 73.125, 1.532838616823906e-20, nan 
91.375, 73.125, 1.2073875960253179e-20, nan 
91.625, 73.125, 1.1248466654635517e-20, nan 
91.875, 73.125, 1.3282394278719438e-20, nan 
92.125, 73.125, 1.3872535419852606e-20, nan 
92.375, 73.125, 2.769644192588697e-20, nan 
92.625, 73.125, 2.700955115258388e-20, nan 
92.875, 73.125, 2.5711354039295835e-20, nan 
93.125, 73.125, 2.9269618283962444e-20, nan 
93.375, 73.125, 4.0540086710021995e-20, nan 
93.625, 73.125, 5.3013064060366454e-20, nan 
93.875, 73.125, 4.7924820121018844e-20, nan 
94.125, 73.125, 5.0000680561207717e-20, nan 
94.375, 73.125, 4.976820017231475e-20, nan 
94.625, 73.125, 5.924394710727219e-20, nan 
94.875, 73.125, 7.346071900633917e-20, nan 
95.125, 73.125, 4.3496960662606894e-20, nan 
95.375, 73.125, 3.276152758285576e-20, nan 
95.625, 73.125, 4.437938173092629e-20, nan 
95.875, 73.125, 4.229444482859681e-20, nan 
96.125, 73.125, 3.65888170289406e-20, nan 
96.375, 73.125, 4.283914077451436e-20, nan 
96.625, 73.125, 8.062686800095793e-20, nan 
96.875, 73.125, 9.887835011747932e-20, nan 
97.125, 73.125, 1.259427439738342e-19, nan 
97.375, 73.125, 1.1679226221996975e-19, nan 
97.625, 73.125, 1.394233097324982e-19, nan 
97.875, 73.125, 1.6942706912618537e-19, nan 
98.125, 73.125, 1.3691382806915216e-19, nan 
98.375, 73.125, 8.252992960898896e-20, nan 
98.625, 73.125, 9.590152199307949e-20, nan 
98.875, 73.125, 9.891578432673421e-20, nan 
99.125, 73.125, 1.0942018783489402e-19, nan 
99.375, 73.125, 1.2577878154941108e-19, nan 
99.625, 73.125, 1.2353495199047948e-19, nan 
99.875, 73.125, 1.4399497076326717e-19, nan 
100.125, 73.125, 1.552478583110802e-19, nan 
100.375, 73.125, 1.3729060270221545e-19, nan 
100.625, 73.125, 6.104696202537291e-20, nan 
100.875, 73.125, 1.5027013252119153e-19, nan 
101.125, 73.125, 1.549453419013992e-19, nan 
101.375, 73.125, 5.1529054764047026e-20, nan 
101.625, 73.125, 6.32744401301031e-20, nan 
101.875, 73.125, 1.1256627535473212e-19, nan 
102.125, 73.125, 1.7772304334396204e-19, nan 
102.375, 73.125, 2.2193093686813755e-19, nan 
102.625, 73.125, 2.9175821311612185e-19, nan 
102.875, 73.125, 2.8019657873257713e-19, nan 
103.125, 73.125, 2.7286496357217164e-19, nan 
103.375, 73.125, 3.1172681877220393e-19, nan 
103.625, 73.125, 2.6880769919411293e-19, nan 
103.875, 73.125, 2.5282380117929057e-19, nan 
104.125, 73.125, 3.1991566631395404e-19, nan 
104.375, 73.125, 4.320300672786008e-19, nan 
104.625, 73.125, 2.935029781163834e-19, nan 
104.875, 73.125, 4.462598977156852e-19, nan 
105.125, 73.125, 8.195589659049387e-19, nan 
105.375, 73.125, 5.502587746667574e-19, nan 
105.625, 73.125, 5.830233627952998e-19, nan 
105.875, 73.125, 1.2578031553478305e-18, nan 
106.125, 73.125, 1.5413218636915818e-18, nan 
106.375, 73.125, 1.5512161934928648e-18, nan 
106.625, 73.125, 1.886654247606844e-18, nan 
106.875, 73.125, 3.2436001276783992e-18, nan 
107.125, 73.125, 4.365143961420284e-18, nan 
107.375, 73.125, 5.248361268241808e-18, nan 
107.625, 73.125, 8.110404987608327e-18, nan 
107.875, 73.125, 9.405678740752878e-18, nan 
108.125, 73.125, 1.0792762391201961e-17, nan 
108.375, 73.125, 1.21564422831496e-17, nan 
108.625, 73.125, 8.62863893458942e-18, nan 
108.875, 73.125, 6.17495712514404e-18, nan 
109.125, 73.125, 6.349188365847565e-18, nan 
109.375, 73.125, 6.186153922816014e-18, nan 
109.625, 73.125, 1.0318878890589161e-17, nan 
109.875, 73.125, 9.905580912586345e-18, nan 
110.125, 73.125, 1.975097957003297e-17, nan 
110.375, 73.125, 2.821822495748655e-17, nan 
110.625, 73.125, 2.838889430168045e-17, nan 
110.875, 73.125, 3.2473451217218887e-17, nan 
111.125, 73.125, 3.5713904636007257e-17, nan 
111.375, 73.125, 3.092787318288045e-17, nan 
111.625, 73.125, 2.030625710875932e-17, nan 
111.875, 73.125, 2.2319963275868772e-17, nan 
112.125, 73.125, 1.9118880514000714e-17, nan 
112.375, 73.125, 1.950376841216055e-17, nan 
112.625, 73.125, 1.6922944251766287e-17, nan 
112.875, 73.125, 1.021133040675267e-17, nan 
113.125, 73.125, 8.193933828705171e-18, nan 
113.375, 73.125, 4.597886950335659e-18, nan 
113.625, 73.125, 6.664512011959754e-18, nan 
113.875, 73.125, 7.577224236552765e-18, nan 
114.125, 73.125, 4.720760927854932e-18, nan 
114.375, 73.125, 4.374914746889279e-18, nan 
114.625, 73.125, 2.893558472743689e-18, nan 
114.875, 73.125, 2.3637989051268345e-18, nan 
115.125, 73.125, 3.875149471757268e-18, nan 
115.375, 73.125, 2.623084461710819e-18, nan 
115.625, 73.125, 2.74437788728879e-18, nan 
115.875, 73.125, 1.4921346501576964e-18, nan 
116.125, 73.125, 1.6019416631370984e-18, nan 
116.375, 73.125, 1.0433983164261526e-18, nan 
116.625, 73.125, 6.777229310215267e-19, nan 
116.875, 73.125, 6.180471630682982e-19, nan 
117.125, 73.125, 6.239567342447526e-19, nan 
117.375, 73.125, 3.679694711358603e-19, nan 
117.625, 73.125, 5.044572391053025e-19, nan 
117.875, 73.125, 4.706929231812201e-19, nan 
118.125, 73.125, 6.023911407106047e-19, nan 
118.375, 73.125, 3.917582310014883e-19, nan 
118.625, 73.125, 3.664353179965101e-19, nan 
118.875, 73.125, 3.436805361930186e-19, nan 
119.125, 73.125, 2.6403846439187846e-19, nan 
119.375, 73.125, 3.0883366163528996e-19, nan 
119.625, 73.125, 2.207777454259633e-19, nan 
119.875, 73.125, 3.112229704544362e-19, nan 
120.125, 73.125, 3.3814199845321225e-19, nan 
120.375, 73.125, 2.040818092613917e-19, nan 
120.625, 73.125, 1.7690176383322858e-19, nan 
120.875, 73.125, 2.150739024236086e-19, nan 
121.125, 73.125, 1.436302194970834e-19, nan 
121.375, 73.125, 1.0584584568999742e-19, nan 
121.625, 73.125, 1.2975618135452593e-19, nan 
121.875, 73.125, 1.0676238798782889e-19, nan 
122.125, 73.125, 6.831421238936436e-20, nan 
122.375, 73.125, 7.35313599627844e-20, nan 
122.625, 73.125, 7.531282333385519e-20, nan 
122.875, 73.125, 5.950436596807107e-20, nan 
123.125, 73.125, 5.686694210914356e-20, nan 
123.375, 73.125, 7.014214571770767e-20, nan 
123.625, 73.125, 3.5001001342286095e-20, nan 
123.875, 73.125, 3.755756654026336e-20, nan 
124.125, 73.125, 4.469340511039987e-20, nan 
124.375, 73.125, 3.202570065438742e-20, nan 
124.625, 73.125, 2.8999526161866114e-20, nan 
124.875, 73.125, 4.273196594224821e-20, nan 
125.125, 73.125, 4.2941564925441875e-20, nan 
125.375, 73.125, 4.86342573407578e-20, nan 
125.625, 73.125, 5.178117144479282e-20, nan 
125.875, 73.125, 4.667501356978046e-20, nan 
126.125, 73.125, 4.639368905350565e-20, nan 
126.375, 73.125, 4.9584015386034905e-20, nan 
126.625, 73.125, 2.7752866340727564e-20, nan 
126.875, 73.125, 2.8687752292362533e-20, nan 
127.125, 73.125, 2.2827155889107378e-20, nan 
127.375, 73.125, 1.9654052570327328e-20, nan 
127.625, 73.125, 1.947359505569855e-20, nan 
127.875, 73.125, 1.206845985134907e-20, nan 
128.125, 73.125, 9.88763240066333e-21, nan 
128.375, 73.125, 2.076411325653299e-20, nan 
128.625, 73.125, 9.101610950369545e-21, nan 
128.875, 73.125, 6.561416610425983e-21, nan 
129.125, 73.125, 1.7792872661650175e-20, nan 
129.375, 73.125, 1.74619182468125e-20, nan 
129.625, 73.125, 1.3995061610690682e-20, nan 
129.875, 73.125, 1.518957597506984e-20, nan 
130.125, 73.125, 1.3308650758663252e-20, nan 
130.375, 73.125, 1.861156353348142e-20, nan 
130.625, 73.125, 2.4762863139283295e-20, nan 
130.875, 73.125, 1.2111403599899332e-20, nan 
131.125, 73.125, 1.3008530236494359e-20, nan 
131.375, 73.125, 1.7577017294282864e-20, nan 
131.625, 73.125, 1.2062794932250733e-20, nan 
131.875, 73.125, 1.2967974435362596e-20, nan 
132.125, 73.125, 1.5369162821625514e-20, nan 
132.375, 73.125, 1.3499111028309184e-20, nan 
132.625, 73.125, 1.1223338113281761e-20, nan 
132.875, 73.125, 8.902329149573977e-21, nan 
133.125, 73.125, 1.203312623482587e-20, nan 
133.375, 73.125, 7.833717793716513e-21, nan 
133.625, 73.125, 7.096476373291508e-21, nan 
133.875, 73.125, 6.253887430185747e-21, nan 
134.125, 73.125, 4.622104712577399e-21, nan 
134.375, 73.125, 3.2053422678947636e-21, nan 
134.625, 73.125, 4.091080427653078e-21, nan 
134.875, 73.125, 3.759538054741525e-21, nan 
135.125, 73.125, 3.0545977851774802e-21, nan 
135.375, 73.125, 2.756342240939773e-21, nan 
135.625, 73.125, 3.295675962295403e-21, nan 
135.875, 73.125, 2.996879757579748e-21, nan 
136.125, 73.125, 1.8843367724971397e-21, nan 
136.375, 73.125, 2.6069585353084362e-21, nan 
136.625, 73.125, 8.1982055533156265e-22, nan 
136.875, 73.125, 9.588807653270486e-22, nan 
137.125, 73.125, 9.602589661508523e-22, nan 
137.375, 73.125, 1.3600164926091319e-21, nan 
137.625, 73.125, 2.189874339663968e-21, nan 
137.875, 73.125, 2.567395867611676e-21, nan 
138.125, 73.125, 3.212575010772941e-21, nan 
138.375, 73.125, 4.624497479522552e-21, nan 
138.625, 73.125, 4.1769919450849895e-21, nan 
138.875, 73.125, 3.741324686663448e-21, nan 
139.125, 73.125, 3.298870130120971e-21, nan 
139.375, 73.125, 2.402320080081171e-21, nan 
139.625, 73.125, 1.86763897131293e-21, nan 
139.875, 73.125, 1.7396529124014777e-21, nan 
140.125, 73.125, 2.225953700529884e-21, nan 
140.375, 73.125, 2.5043719844744018e-21, nan 
140.625, 73.125, 2.43750480687917e-21, nan 
140.875, 73.125, 2.258620599975265e-21, nan 
141.125, 73.125, 8.91373525112338e-22, nan 
141.375, 73.125, 8.486757281267682e-22, nan 
141.625, 73.125, 1.0587985911447234e-21, nan 
141.875, 73.125, 7.744791395005892e-22, nan 
142.125, 73.125, 9.001186359784695e-22, nan 
142.375, 73.125, 6.5280006704823915e-22, nan 
142.625, 73.125, 9.940002737551553e-22, nan 
142.875, 73.125, 7.946951697700534e-22, nan 
143.125, 73.125, 6.068941265687255e-22, nan 
143.375, 73.125, 8.733722781357516e-22, nan 
143.625, 73.125, 5.893312750948443e-22, nan 
143.875, 73.125, 4.419658234356021e-22, nan 
144.125, 73.125, 9.453106153279123e-22, nan 
144.375, 73.125, 1.1123698990313401e-21, nan 
144.625, 73.125, 1.9927332891776994e-21, nan 
144.875, 73.125, 2.4204417984967705e-21, nan 
145.125, 73.125, 9.803272856465241e-22, nan 
145.375, 73.125, 7.445202947328001e-22, nan 
145.625, 73.125, 5.118568100020613e-22, nan 
145.875, 73.125, 5.199641039864662e-22, nan 
146.125, 73.125, 3.188647117514758e-22, nan 
146.375, 73.125, 2.7125937492271818e-22, nan 
146.625, 73.125, 4.2234500086015277e-22, nan 
146.875, 73.125, 4.473105981319216e-22, nan 
147.125, 73.125, 3.939257126078094e-22, nan 
147.375, 73.125, 4.83984130537431e-22, nan 
147.625, 73.125, 6.892299360271587e-22, nan 
147.875, 73.125, 6.588794076230388e-22, nan 
148.125, 73.125, 5.471402720474776e-22, nan 
148.375, 73.125, 4.728602690895679e-22, nan 
148.625, 73.125, 4.871663092740667e-22, nan 
148.875, 73.125, 2.9275963818366705e-22, nan 
149.125, 73.125, 1.675642790678352e-22, nan 
149.375, 73.125, 2.412313072027599e-22, nan 
149.625, 73.125, 1.371925424641855e-22, nan 
149.875, 73.125, 1.4022820765399176e-22, nan 
150.125, 73.125, 1.926905449943564e-22, nan 
150.375, 73.125, 1.0770509005395617e-22, nan 
150.625, 73.125, 9.789359804805914e-23, nan 
150.875, 73.125, 1.2342033770919484e-22, nan 
151.125, 73.125, 2.0386512754669306e-22, nan 
151.375, 73.125, 2.24323179088963e-22, nan 
151.625, 73.125, 1.4242730375163366e-22, nan 
151.875, 73.125, 1.8568915255535748e-22, nan 
152.125, 73.125, 2.0892351149836535e-22, nan 
152.375, 73.125, 1.097560254116376e-22, nan 
152.625, 73.125, 7.093513374845179e-23, nan 
152.875, 73.125, 8.772375098066833e-23, nan 
153.125, 73.125, 1.1070775200486887e-22, nan 
153.375, 73.125, 1.0906972560270027e-22, nan 
153.625, 73.125, 1.319622487540642e-22, nan 
153.875, 73.125, 1.194126969779777e-22, nan 
154.125, 73.125, 1.0572648236680674e-22, nan 
154.375, 73.125, 1.429300483211087e-22, nan 
154.625, 73.125, 1.2201109743215753e-22, nan 
154.875, 73.125, 1.142109132682344e-22, nan 
155.125, 73.125, 9.967248521266245e-23, nan 
155.375, 73.125, 8.68679283524352e-23, nan 
155.625, 73.125, 9.862428668376786e-23, nan 
155.875, 73.125, 8.940238664161148e-23, nan 
156.125, 73.125, 8.281794334828766e-23, nan 
156.375, 73.125, 9.770520447696344e-23, nan 
156.625, 73.125, 8.450004772791588e-23, nan 
156.875, 73.125, 7.263087091732803e-23, nan 
157.125, 73.125, 7.028766398497728e-23, nan 
157.375, 73.125, 7.426946404703322e-23, nan 
157.625, 73.125, 4.2223863258522466e-23, nan 
157.875, 73.125, 4.078846667365031e-23, nan 
158.125, 73.125, 5.396808712040552e-23, nan 
158.375, 73.125, 3.477015553861776e-23, nan 
158.625, 73.125, 4.344045573000084e-23, nan 
158.875, 73.125, 8.002242572786247e-23, nan 
159.125, 73.125, 1.307353798354549e-22, nan 
159.375, 73.125, 1.3734496878409625e-22, nan 
159.625, 73.125, 1.9136262878082244e-22, nan 
159.875, 73.125, 3.0119480773472192e-22, nan 
160.125, 73.125, 3.403846666643491e-22, nan 
160.375, 73.125, 4.836151601722301e-22, nan 
160.625, 73.125, 5.355119129319214e-22, nan 
160.875, 73.125, 4.811898909561264e-22, nan 
161.125, 73.125, 5.047616290820618e-22, nan 
161.375, 73.125, 5.829624485107494e-22, nan 
161.625, 73.125, 4.0256658050736904e-22, nan 
161.875, 73.125, 1.0524437469876091e-21, nan 
162.125, 73.125, 1.6050197685789771e-21, nan 
162.375, 73.125, 1.6993600169048955e-21, nan 
162.625, 73.125, 1.5060172030144518e-21, nan 
162.875, 73.125, 2.2859751157629244e-21, nan 
163.125, 73.125, 2.153734052790052e-21, nan 
163.375, 73.125, 1.1077220958996945e-21, nan 
163.625, 73.125, 1.0649881948206792e-21, nan 
163.875, 73.125, 7.969130804558337e-22, nan 
164.125, 73.125, 7.856386908415916e-22, nan 
164.375, 73.125, 2.90333626182463e-22, nan 
164.625, 73.125, 2.4284424327606916e-22, nan 
164.875, 73.125, 4.472304738076482e-22, nan 
165.125, 73.125, 5.833393924000967e-22, nan 
165.375, 73.125, 4.54127516541216e-22, nan 
165.625, 73.125, 8.213669260992317e-22, nan 
165.875, 73.125, 1.2614797860276466e-21, nan 
166.125, 73.125, 8.35696929284865e-22, nan 
166.375, 73.125, 1.2008120861143477e-21, nan 
166.625, 73.125, 1.1166908113299787e-21, nan 
166.875, 73.125, 7.820956182435007e-22, nan 
167.125, 73.125, 4.144026409751076e-22, nan 
167.375, 73.125, 4.789273209948085e-22, nan 
167.625, 73.125, 2.643443538730115e-22, nan 
167.875, 73.125, 4.110540140476021e-22, nan 
168.125, 73.125, 5.962911287263312e-22, nan 
168.375, 73.125, 2.7889335991718024e-22, nan 
168.625, 73.125, 3.223354013236518e-22, nan 
168.875, 73.125, 4.2080766340250653e-22, nan 
169.125, 73.125, 2.0894698198376187e-22, nan 
169.375, 73.125, 9.745948338621786e-23, nan 
169.625, 73.125, 5.116111162115545e-23, nan 
169.875, 73.125, 4.275071818838444e-23, nan 
170.125, 73.125, 3.410973047872184e-23, nan 
170.375, 73.125, 3.47176891763676e-23, nan 
170.625, 73.125, 3.951110423381258e-23, nan 
170.875, 73.125, 5.427468258978874e-23, nan 
171.125, 73.125, 5.409818345127756e-23, nan 
171.375, 73.125, 6.2868195963431e-23, nan 
171.625, 73.125, 5.86860843001194e-23, nan 
171.875, 73.125, 2.758299275249215e-23, nan 
172.125, 73.125, 2.5602161766185408e-23, nan 
172.375, 73.125, 2.125396789056181e-23, nan 
172.625, 73.125, 1.5572417041989402e-23, nan 
172.875, 73.125, 2.54882952105644e-23, nan 
173.125, 73.125, 1.9761370410757612e-23, nan 
173.375, 73.125, 2.1118481280557616e-23, nan 
173.625, 73.125, 1.228742993924079e-23, nan 
173.875, 73.125, 1.1038096860401591e-23, nan 
174.125, 73.125, 1.9213904310547766e-23, nan 
174.375, 73.125, 1.408485671895419e-23, nan 
174.625, 73.125, 2.2195913120990803e-23, nan 
174.875, 73.125, 1.3088745731915374e-23, nan 
175.125, 73.125, 1.301028481909721e-23, nan 
175.375, 73.125, 2.0823529617520967e-23, nan 
175.625, 73.125, 1.2233634890661275e-23, nan 
175.875, 73.125, 6.232791800242553e-24, nan 
176.125, 73.125, 5.156950662972268e-24, nan 
176.375, 73.125, 4.483040417093105e-24, nan 
176.625, 73.125, 2.9396167730181976e-23, nan 
176.875, 73.125, 3.5729173519081e-23, nan 
177.125, 73.125, 3.359077791824385e-23, nan 
177.375, 73.125, 4.073384318207402e-23, nan 
177.625, 73.125, 4.472746767545224e-23, nan 
177.875, 73.125, 1.5294066516714922e-22, nan 
178.125, 73.125, 3.060565711375382e-22, nan 
178.375, 73.125, 3.0949414917193523e-22, nan 
178.625, 73.125, 1.83893900275893e-22, nan 
178.875, 73.125, 3.7627229695031716e-23, nan 
179.125, 73.125, 3.263543218778009e-23, nan 
179.375, 73.125, 2.7118354292258984e-23, nan 
179.625, 73.125, 2.793544744939592e-23, nan 
179.875, 73.125, 2.3542906499277317e-23, nan 
-179.875, 73.375, 3.307098718632249e-23, nan 
-179.625, 73.375, 3.911150706978947e-23, nan 
-179.375, 73.375, 2.2624838574308326e-23, nan 
-179.125, 73.375, 1.3999831145142505e-23, nan 
-178.875, 73.375, 1.0997294317092922e-23, nan 
-178.625, 73.375, 1.3362143801358545e-23, nan 
-178.375, 73.375, 1.0410222794838402e-23, nan 
-178.125, 73.375, 9.488195213051577e-24, nan 
-177.875, 73.375, 1.1894887574932198e-23, nan 
-177.625, 73.375, 1.0916315281557371e-23, nan 
-177.375, 73.375, 1.199684539087986e-23, nan 
-177.125, 73.375, 7.955391833618073e-24, nan 
-176.875, 73.375, 4.345298007367926e-24, nan 
-176.625, 73.375, 9.570134014764913e-24, nan 
-176.375, 73.375, 6.691111379226609e-24, nan 
-176.125, 73.375, 5.823320078365819e-24, nan 
-175.875, 73.375, 1.0602856680703873e-23, nan 
-175.625, 73.375, 5.6505455089480204e-24, nan 
-175.375, 73.375, 5.7301193498450216e-24, nan 
-175.125, 73.375, 1.358380586072521e-23, nan 
-174.875, 73.375, 2.992587504529661e-23, nan 
-174.625, 73.375, 2.2043925550760147e-23, nan 
-174.375, 73.375, 2.5918391126337092e-23, nan 
-174.125, 73.375, 3.500725146198687e-23, nan 
-173.875, 73.375, 2.7121740834915794e-23, nan 
-173.625, 73.375, 2.47094100845318e-23, nan 
-173.375, 73.375, 2.1281176455064063e-23, nan 
-173.125, 73.375, 2.2818167649517333e-23, nan 
-172.875, 73.375, 1.828667719388086e-23, nan 
-172.625, 73.375, 1.9553329863302133e-23, nan 
-172.375, 73.375, 1.8526727218526253e-23, nan 
-172.125, 73.375, 1.352455970627847e-23, nan 
-171.875, 73.375, 1.719836642074748e-23, nan 
-171.625, 73.375, 1.5307784467050598e-23, nan 
-171.375, 73.375, 9.649303015294196e-24, nan 
-171.125, 73.375, 1.0735821245806009e-23, nan 
-170.875, 73.375, 1.0356310774934747e-23, nan 
-170.625, 73.375, 1.6671653625204757e-23, nan 
-170.375, 73.375, 2.1837568448653114e-23, nan 
-170.125, 73.375, 2.423826616837812e-23, nan 
-169.875, 73.375, 2.997057196662592e-23, nan 
-169.625, 73.375, 1.8713139292806728e-23, nan 
-169.375, 73.375, 1.8638858809745072e-23, nan 
-169.125, 73.375, 2.797818531425186e-23, nan 
-168.875, 73.375, 1.0182561458140515e-23, nan 
-168.625, 73.375, 1.6758570506503595e-23, nan 
-168.375, 73.375, 2.4591361274986943e-23, nan 
-168.125, 73.375, 1.3209942744203935e-23, nan 
-167.875, 73.375, 5.6484616626158954e-24, nan 
-167.625, 73.375, 6.701657148318437e-24, nan 
-167.375, 73.375, 3.719531564478817e-24, nan 
-167.125, 73.375, 1.7867989514813357e-24, nan 
-166.875, 73.375, 2.2823274870930983e-24, nan 
-166.625, 73.375, 2.3019440217102852e-24, nan 
-166.375, 73.375, 3.249849150965567e-24, nan 
-166.125, 73.375, 3.5174445644846595e-24, nan 
-165.875, 73.375, 5.7843380607684666e-24, nan 
-165.625, 73.375, 5.692600632305905e-24, nan 
-165.375, 73.375, 5.554983436999327e-24, nan 
-165.125, 73.375, 5.020222127395901e-24, nan 
-164.875, 73.375, 4.049057706160153e-24, nan 
-164.625, 73.375, 4.9210703012196365e-24, nan 
-164.375, 73.375, 8.407820427496967e-24, nan 
-164.125, 73.375, 6.064283278797581e-24, nan 
-163.875, 73.375, 6.1278972107487345e-24, nan 
-163.625, 73.375, 7.01348072084791e-24, nan 
-163.375, 73.375, 6.5540527599855695e-24, nan 
-163.125, 73.375, 5.760613407924073e-24, nan 
-162.875, 73.375, 4.673538181931902e-24, nan 
-162.625, 73.375, 5.577622766111468e-24, nan 
-162.375, 73.375, 6.509171491966566e-24, nan 
-162.125, 73.375, 5.44334938118818e-24, nan 
-161.875, 73.375, 4.852172145046511e-24, nan 
-161.625, 73.375, 8.58090702552124e-24, nan 
-161.375, 73.375, 7.991714847891633e-24, nan 
-161.125, 73.375, 1.0346182112660359e-23, nan 
-160.875, 73.375, 1.267921038981469e-23, nan 
-160.625, 73.375, 9.569194582832691e-24, nan 
-160.375, 73.375, 5.5261802553676475e-24, nan 
-160.125, 73.375, 2.7904908414036364e-24, nan 
-159.875, 73.375, 4.037490604337546e-24, nan 
5.375, 73.375, 2.7177507062836775e-24, nan 
5.625, 73.375, 1.3864926413490215e-24, nan 
5.875, 73.375, 1.7178240464432493e-24, nan 
6.125, 73.375, 2.2502786422668244e-24, nan 
6.375, 73.375, 2.619119653825055e-24, nan 
6.625, 73.375, 1.2089410809323827e-24, nan 
6.875, 73.375, 1.0487158949453006e-24, nan 
7.125, 73.375, 1.4628556277869198e-24, nan 
7.375, 73.375, 1.1483906774006935e-24, nan 
7.625, 73.375, 1.3997890424052504e-24, nan 
7.875, 73.375, 1.1973088730592569e-24, nan 
8.125, 73.375, 9.739311122914527e-25, nan 
8.375, 73.375, 1.5194604860225795e-24, nan 
8.625, 73.375, 1.7195653699867946e-24, nan 
8.875, 73.375, 2.0471432168958825e-24, nan 
9.125, 73.375, 2.821313427511539e-24, nan 
9.375, 73.375, 2.7100757830846867e-24, nan 
9.625, 73.375, 3.2107385212957168e-24, nan 
9.875, 73.375, 3.4486329981769845e-24, nan 
10.125, 73.375, 2.4755211960302082e-24, nan 
10.375, 73.375, 2.7464507093612075e-24, nan 
10.625, 73.375, 2.6717498393153223e-24, nan 
10.875, 73.375, 1.6638189630978784e-24, nan 
11.125, 73.375, 1.7354505362610675e-24, nan 
11.375, 73.375, 1.0301017977479457e-24, nan 
11.625, 73.375, 1.3402315227083336e-24, nan 
11.875, 73.375, 1.8928467220100267e-24, nan 
12.125, 73.375, 1.4672073711313411e-24, nan 
12.375, 73.375, 1.4032267918909653e-24, nan 
12.625, 73.375, 1.3963865676958352e-24, nan 
12.875, 73.375, 1.375019214357488e-24, nan 
13.125, 73.375, 1.5754547768414073e-24, nan 
13.375, 73.375, 1.3577157112696941e-24, nan 
13.625, 73.375, 1.1608950544725236e-24, nan 
13.875, 73.375, 1.1499029154378266e-24, nan 
14.125, 73.375, 1.159215421220855e-24, nan 
14.375, 73.375, 1.1374881994029443e-24, nan 
14.625, 73.375, 1.793856019074954e-24, nan 
14.875, 73.375, 1.7951168455607456e-24, nan 
15.125, 73.375, 1.2550624738218462e-24, nan 
15.375, 73.375, 2.277380445091676e-24, nan 
15.625, 73.375, 2.819938256540336e-24, nan 
15.875, 73.375, 2.9345215090465756e-24, nan 
16.125, 73.375, 2.9596448130598075e-24, nan 
16.375, 73.375, 2.909642048601257e-24, nan 
16.625, 73.375, 2.686459898106043e-24, nan 
16.875, 73.375, 3.1192699285475275e-24, nan 
17.125, 73.375, 2.660305324178265e-24, nan 
17.375, 73.375, 1.7273108131969904e-24, nan 
17.625, 73.375, 1.037569064059794e-24, nan 
17.875, 73.375, 1.2347950823642003e-24, nan 
18.125, 73.375, 3.3020159213270657e-24, nan 
18.375, 73.375, 1.203062019365526e-24, nan 
18.625, 73.375, 8.439802366909604e-25, nan 
18.875, 73.375, 2.4592233825534915e-24, nan 
19.125, 73.375, 1.8623388531213788e-24, nan 
19.375, 73.375, 1.6919840480523503e-24, nan 
19.625, 73.375, 2.3722223470684893e-24, nan 
19.875, 73.375, 2.5185270374851512e-24, nan 
20.125, 73.375, 2.2221798736914285e-24, nan 
20.375, 73.375, 2.6832153159630304e-24, nan 
20.625, 73.375, 2.0114618725147846e-24, nan 
20.875, 73.375, 2.5722737744372207e-24, nan 
21.125, 73.375, 2.1861015822494306e-24, nan 
21.375, 73.375, 3.38496934908181e-24, nan 
21.625, 73.375, 3.3046226161988947e-24, nan 
21.875, 73.375, 8.301738241667421e-25, nan 
22.125, 73.375, 1.8791720825022212e-24, nan 
22.375, 73.375, 4.2319210063901656e-24, nan 
22.625, 73.375, 3.643193031762817e-24, nan 
22.875, 73.375, 1.8790224288876112e-24, nan 
23.125, 73.375, 1.9905404931132494e-24, nan 
23.375, 73.375, 1.4763245691716548e-24, nan 
23.625, 73.375, 2.090190199405302e-24, nan 
23.875, 73.375, 2.0116142478630863e-24, nan 
24.125, 73.375, 1.6984115254075534e-24, nan 
24.375, 73.375, 2.3443824493151223e-24, nan 
24.625, 73.375, 2.4346943433446767e-24, nan 
24.875, 73.375, 1.9664832082210553e-24, nan 
25.125, 73.375, 2.394865457054223e-24, nan 
25.375, 73.375, 4.027737867062668e-24, nan 
25.625, 73.375, 1.666065658589969e-24, nan 
25.875, 73.375, 1.95480725840246e-24, nan 
26.125, 73.375, 5.598449924710984e-24, nan 
26.375, 73.375, 8.075341439147123e-24, nan 
26.625, 73.375, 8.227754541675903e-24, nan 
26.875, 73.375, 7.683278540717146e-24, nan 
27.125, 73.375, 6.322650274807653e-24, nan 
27.375, 73.375, 8.68425981749122e-24, nan 
27.625, 73.375, 5.698988156561249e-24, nan 
27.875, 73.375, 6.928462068081406e-24, nan 
28.125, 73.375, 6.567565265181445e-24, nan 
28.375, 73.375, 8.997009419244509e-24, nan 
28.625, 73.375, 8.359823427760601e-24, nan 
28.875, 73.375, 4.163779207365961e-24, nan 
29.125, 73.375, 3.835214521785203e-24, nan 
29.375, 73.375, 6.3166632581386515e-24, nan 
29.625, 73.375, 1.4061305351914588e-24, nan 
29.875, 73.375, 2.1550974313452938e-24, nan 
30.125, 73.375, 1.474008018554822e-24, nan 
30.375, 73.375, 1.5615354633605474e-24, nan 
30.625, 73.375, 2.331944018526232e-24, nan 
30.875, 73.375, 3.0039199701952203e-24, nan 
31.125, 73.375, 3.726181992717358e-24, nan 
31.375, 73.375, 3.0599865556654806e-24, nan 
31.625, 73.375, 3.231316837696758e-24, nan 
31.875, 73.375, 3.9819746420165595e-24, nan 
32.125, 73.375, 2.6255225448250672e-24, nan 
32.375, 73.375, 4.751997086251494e-24, nan 
32.625, 73.375, 4.345303394832878e-24, nan 
32.875, 73.375, 4.6913039303226626e-24, nan 
33.125, 73.375, 6.068655536070462e-24, nan 
33.375, 73.375, 6.3334724708517105e-24, nan 
33.625, 73.375, 7.342986384574522e-24, nan 
33.875, 73.375, 8.471373489821486e-24, nan 
34.125, 73.375, 8.97122755977285e-24, nan 
34.375, 73.375, 8.76267505971696e-24, nan 
34.625, 73.375, 1.1135787344706795e-23, nan 
34.875, 73.375, 1.2099946425743435e-23, nan 
35.125, 73.375, 6.028424446202389e-24, nan 
35.375, 73.375, 5.280450506794654e-24, nan 
35.625, 73.375, 5.575099824680319e-24, nan 
35.875, 73.375, 4.353670996002208e-24, nan 
36.125, 73.375, 5.240082011539587e-24, nan 
36.375, 73.375, 7.114047920286202e-24, nan 
36.625, 73.375, 7.419183030323574e-24, nan 
36.875, 73.375, 5.238956069021632e-24, nan 
37.125, 73.375, 5.527602194387833e-24, nan 
37.375, 73.375, 9.064216776747125e-24, nan 
37.625, 73.375, 6.87253895264341e-24, nan 
37.875, 73.375, 7.955842702373726e-24, nan 
38.125, 73.375, 1.1081239748779124e-23, nan 
38.375, 73.375, 1.1073551143363494e-23, nan 
38.625, 73.375, 1.2942863709785831e-23, nan 
38.875, 73.375, 7.404751359215146e-24, nan 
39.125, 73.375, 8.920004485460637e-24, nan 
39.375, 73.375, 9.408199367127635e-24, nan 
39.625, 73.375, 7.666548295381743e-24, nan 
39.875, 73.375, 4.90952867700023e-24, nan 
40.125, 73.375, 5.157771618694786e-24, nan 
40.375, 73.375, 5.413522388002314e-24, nan 
40.625, 73.375, 4.796422320391934e-24, nan 
40.875, 73.375, 4.808983845100117e-24, nan 
41.125, 73.375, 6.587726372099145e-24, nan 
41.375, 73.375, 7.976799793099954e-24, nan 
41.625, 73.375, 8.695407993425471e-24, nan 
41.875, 73.375, 7.284509042850992e-24, nan 
42.125, 73.375, 7.375901027563872e-24, nan 
42.375, 73.375, 1.0328977038236195e-23, nan 
42.625, 73.375, 9.11061180447578e-24, nan 
42.875, 73.375, 8.320429297266758e-24, nan 
43.125, 73.375, 9.303220956687135e-24, nan 
43.375, 73.375, 1.1094924488918933e-23, nan 
43.625, 73.375, 7.252673669702199e-24, nan 
43.875, 73.375, 4.879505112753723e-24, nan 
44.125, 73.375, 6.144705063611208e-24, nan 
44.375, 73.375, 7.783557899618675e-24, nan 
44.625, 73.375, 1.0747382181506778e-23, nan 
44.875, 73.375, 7.38481490871777e-24, nan 
45.125, 73.375, 6.094041180799915e-24, nan 
45.375, 73.375, 7.323013399876044e-24, nan 
45.625, 73.375, 8.708364785475832e-24, nan 
45.875, 73.375, 3.5330235713404326e-24, nan 
46.125, 73.375, 5.450667051375498e-24, nan 
46.375, 73.375, 1.1030610633893234e-23, nan 
46.625, 73.375, 6.473262494577144e-24, nan 
46.875, 73.375, 5.547958059492709e-24, nan 
47.125, 73.375, 4.606963138099981e-24, nan 
47.375, 73.375, 8.260687929244692e-24, nan 
47.625, 73.375, 7.932202190137118e-24, nan 
47.875, 73.375, 6.137737496746042e-24, nan 
48.125, 73.375, 8.705466994160973e-24, nan 
48.375, 73.375, 9.677362272547432e-24, nan 
48.625, 73.375, 9.257372916179083e-24, nan 
48.875, 73.375, 9.479325818754325e-24, nan 
49.125, 73.375, 1.205595669184552e-23, nan 
49.375, 73.375, 1.1142437388693042e-23, nan 
49.625, 73.375, 1.1209641397915955e-23, nan 
49.875, 73.375, 1.718810235814026e-23, nan 
50.125, 73.375, 1.2858102981513413e-23, nan 
50.375, 73.375, 1.2336720365485815e-23, nan 
50.625, 73.375, 1.599951460154208e-23, nan 
50.875, 73.375, 5.573809629499404e-24, nan 
51.125, 73.375, 9.724213147634691e-24, nan 
51.375, 73.375, 1.1785003947668554e-23, nan 
51.625, 73.375, 6.448729581054693e-24, nan 
51.875, 73.375, 1.4242096643542118e-23, nan 
52.125, 73.375, 1.608806450937243e-23, nan 
52.375, 73.375, 1.386452963352803e-23, nan 
52.625, 73.375, 1.4896304973356585e-23, nan 
52.875, 73.375, 1.3439794312587927e-23, nan 
53.125, 73.375, 1.50608358488918e-23, nan 
53.375, 73.375, 9.089092979636139e-24, nan 
53.625, 73.375, 1.7697218772613185e-24, nan 
53.875, 73.375, 1.2204753887178158e-23, nan 
54.125, 73.375, 1.5083738521457292e-23, nan 
54.375, 73.375, 1.0872313555197059e-23, nan 
54.625, 73.375, 1.3046527801203145e-23, nan 
54.875, 73.375, 1.8700402637624845e-23, nan 
55.125, 73.375, 2.7948090355868304e-23, nan 
55.375, 73.375, 2.7163614704905603e-23, nan 
55.625, 73.375, 2.8780580566279495e-23, nan 
55.875, 73.375, 2.9638787778990494e-23, nan 
56.125, 73.375, 3.9424603949083955e-23, nan 
56.375, 73.375, 3.48122108179452e-23, nan 
56.625, 73.375, 3.362429292750557e-23, nan 
56.875, 73.375, 3.8700350600581385e-23, nan 
57.125, 73.375, 4.273982660902069e-23, nan 
57.375, 73.375, 4.2153475776377383e-23, nan 
57.625, 73.375, 4.0332411021860014e-23, nan 
57.875, 73.375, 3.781804755862439e-23, nan 
58.125, 73.375, 3.659611818080365e-23, nan 
58.375, 73.375, 4.247958710194623e-23, nan 
58.625, 73.375, 2.3094873499512316e-23, nan 
58.875, 73.375, 4.949343898466577e-23, nan 
59.125, 73.375, 6.027379796426027e-23, nan 
59.375, 73.375, 4.391953191546848e-23, nan 
59.625, 73.375, 6.569675556004148e-23, nan 
59.875, 73.375, 5.969779714446701e-23, nan 
60.125, 73.375, 4.456829071092254e-23, nan 
60.375, 73.375, 4.663254241197862e-23, nan 
60.625, 73.375, 4.469248656872898e-23, nan 
60.875, 73.375, 3.3570821589947236e-23, nan 
61.125, 73.375, 3.101259032850759e-23, nan 
61.375, 73.375, 1.814191940661248e-23, nan 
61.625, 73.375, 3.9364799129611854e-23, nan 
61.875, 73.375, 1.0451220095288287e-22, nan 
62.125, 73.375, 1.0125823655028933e-22, nan 
62.375, 73.375, 1.2534339286248703e-22, nan 
62.625, 73.375, 1.232381192041198e-22, nan 
62.875, 73.375, 1.2056548115380616e-22, nan 
63.125, 73.375, 1.299782782791253e-22, nan 
63.375, 73.375, 7.893053071465763e-23, nan 
63.625, 73.375, 5.601029824741733e-23, nan 
63.875, 73.375, 2.6279279143691187e-23, nan 
64.125, 73.375, 2.5161650247301482e-23, nan 
64.375, 73.375, 2.846502766400998e-23, nan 
64.625, 73.375, 4.1778562430535883e-23, nan 
64.875, 73.375, 3.547197679754965e-23, nan 
65.125, 73.375, 2.286416924853481e-23, nan 
65.375, 73.375, 2.5611625446216655e-23, nan 
65.625, 73.375, 1.7632398235124148e-23, nan 
65.875, 73.375, 5.459942838257122e-23, nan 
66.125, 73.375, 9.0543389295151e-23, nan 
66.375, 73.375, 1.346139100365295e-22, nan 
66.625, 73.375, 1.328208290440199e-22, nan 
66.875, 73.375, 1.7076205042190686e-22, nan 
67.125, 73.375, 1.6812103292996914e-22, nan 
67.375, 73.375, 1.4010073603837605e-22, nan 
67.625, 73.375, 1.367320332704742e-22, nan 
67.875, 73.375, 1.1473943292721914e-22, nan 
68.125, 73.375, 1.333712972593267e-22, nan 
68.375, 73.375, 1.1840792854276569e-22, nan 
68.625, 73.375, 9.051117109964018e-23, nan 
68.875, 73.375, 1.450333975967475e-22, nan 
69.125, 73.375, 1.5499680216793582e-22, nan 
69.375, 73.375, 9.449894041430902e-23, nan 
69.625, 73.375, 5.619633705772315e-23, nan 
69.875, 73.375, 9.952387152717271e-23, nan 
70.125, 73.375, 1.2145547576511153e-22, nan 
70.375, 73.375, 6.849755581570533e-23, nan 
70.625, 73.375, 8.956852433315426e-23, nan 
70.875, 73.375, 1.0228144066785823e-22, nan 
71.125, 73.375, 1.813386549700161e-22, nan 
71.375, 73.375, 2.0842047565600815e-22, nan 
71.625, 73.375, 2.1003425424496533e-22, nan 
71.875, 73.375, 1.9980768951431698e-22, nan 
72.125, 73.375, 2.6560359138906746e-22, nan 
72.375, 73.375, 2.9239185839270682e-22, nan 
72.625, 73.375, 1.6432454870738566e-22, nan 
72.875, 73.375, 2.4451965856572282e-22, nan 
73.125, 73.375, 5.036746610837124e-22, nan 
73.375, 73.375, 6.921216489724284e-22, nan 
73.625, 73.375, 7.023980134865049e-22, nan 
73.875, 73.375, 7.6649307805062125e-22, nan 
74.125, 73.375, 1.4343941148083379e-21, nan 
74.375, 73.375, 1.749563788699021e-21, nan 
74.625, 73.375, 6.904415254439071e-22, nan 
74.875, 73.375, 1.1177216451219926e-21, nan 
75.125, 73.375, 1.3611297929964078e-21, nan 
75.375, 73.375, 6.769151643782254e-22, nan 
75.625, 73.375, 2.6364631715898244e-22, nan 
75.875, 73.375, 2.4537375846526727e-22, nan 
76.125, 73.375, 5.232530746325784e-22, nan 
76.375, 73.375, 6.280114936244464e-22, nan 
76.625, 73.375, 7.68962932890821e-22, nan 
76.875, 73.375, 7.409648275616075e-22, nan 
77.125, 73.375, 7.28346179542742e-22, nan 
77.375, 73.375, 7.054628995760702e-22, nan 
77.625, 73.375, 1.0665603884762799e-21, nan 
77.875, 73.375, 9.32461243773175e-22, nan 
78.125, 73.375, 1.0706017530169805e-21, nan 
78.375, 73.375, 1.0634625601694144e-21, nan 
78.625, 73.375, 1.0838847531041771e-21, nan 
78.875, 73.375, 1.062445658292859e-21, nan 
79.125, 73.375, 1.0664475142926994e-21, nan 
79.375, 73.375, 1.2135956618917773e-21, nan 
79.625, 73.375, 1.0878183293887573e-21, nan 
79.875, 73.375, 1.0889297301570172e-21, nan 
80.125, 73.375, 1.3681910612270063e-21, nan 
80.375, 73.375, 1.816232408680748e-21, nan 
80.625, 73.375, 1.4213604914639951e-21, nan 
80.875, 73.375, 1.58089098760727e-21, nan 
81.125, 73.375, 2.2271282613506817e-21, nan 
81.375, 73.375, 1.823544497594181e-21, nan 
81.625, 73.375, 2.035418216326993e-21, nan 
81.875, 73.375, 1.679828612124714e-21, nan 
82.125, 73.375, 2.1294845686733744e-21, nan 
82.375, 73.375, 1.8971762697449855e-21, nan 
82.625, 73.375, 1.9614834056366553e-21, nan 
82.875, 73.375, 2.452358258473119e-21, nan 
83.125, 73.375, 2.658606583563559e-21, nan 
83.375, 73.375, 2.4258108496814194e-21, nan 
83.625, 73.375, 2.4155164995092262e-21, nan 
83.875, 73.375, 2.7514129574594224e-21, nan 
84.125, 73.375, 1.9415153529318947e-21, nan 
84.375, 73.375, 1.1067060667760963e-21, nan 
84.625, 73.375, 1.7951270819923634e-21, nan 
84.875, 73.375, 2.020260072277598e-21, nan 
85.125, 73.375, 1.7769280664917153e-21, nan 
85.375, 73.375, 1.2631002231250144e-21, nan 
85.625, 73.375, 1.2259505954090846e-21, nan 
85.875, 73.375, 8.362599190251065e-22, nan 
86.125, 73.375, 6.052633552928629e-22, nan 
86.375, 73.375, 1.3005346934652104e-21, nan 
86.625, 73.375, 1.1673403949715758e-21, nan 
86.875, 73.375, 6.876737001130378e-22, nan 
87.125, 73.375, 1.4020447071984256e-21, nan 
87.375, 73.375, 2.0670390944996868e-21, nan 
87.625, 73.375, 2.697075827630997e-21, nan 
87.875, 73.375, 3.296016519794709e-21, nan 
88.125, 73.375, 5.1496445110730686e-21, nan 
88.375, 73.375, 4.72122494520436e-21, nan 
88.625, 73.375, 5.763301151259666e-21, nan 
88.875, 73.375, 6.271192707385825e-21, nan 
89.125, 73.375, 6.858686571931087e-21, nan 
89.375, 73.375, 7.781624151247743e-21, nan 
89.625, 73.375, 9.075179099911954e-21, nan 
89.875, 73.375, 8.763229207630598e-21, nan 
90.125, 73.375, 7.141373252503878e-21, nan 
90.375, 73.375, 9.004334272182783e-21, nan 
90.625, 73.375, 1.2814523525516363e-20, nan 
90.875, 73.375, 1.458952859113793e-20, nan 
91.125, 73.375, 1.2719985883190243e-20, nan 
91.375, 73.375, 1.612764832704706e-20, nan 
91.625, 73.375, 1.875263087726422e-20, nan 
91.875, 73.375, 1.5327034301421835e-20, nan 
92.125, 73.375, 1.4216391697586776e-20, nan 
92.375, 73.375, 1.395098145678427e-20, nan 
92.625, 73.375, 1.4141589211063195e-20, nan 
92.875, 73.375, 1.445395282824969e-20, nan 
93.125, 73.375, 1.7094491482727062e-20, nan 
93.375, 73.375, 1.6223655311193508e-20, nan 
93.625, 73.375, 2.3216311634154793e-20, nan 
93.875, 73.375, 2.780312672345239e-20, nan 
94.125, 73.375, 3.9752209467377385e-20, nan 
94.375, 73.375, 4.759451826165789e-20, nan 
94.625, 73.375, 4.909920768050298e-20, nan 
94.875, 73.375, 5.61238390300472e-20, nan 
95.125, 73.375, 4.064093654253754e-20, nan 
95.375, 73.375, 3.964211676046011e-20, nan 
95.625, 73.375, 7.493225588732693e-20, nan 
95.875, 73.375, 3.797726271015842e-20, nan 
96.125, 73.375, 6.262450989573483e-20, nan 
96.375, 73.375, 7.495734615793427e-20, nan 
96.625, 73.375, 8.058616967520586e-20, nan 
96.875, 73.375, 9.386920390481207e-20, nan 
97.125, 73.375, 1.1700322803222169e-19, nan 
97.375, 73.375, 1.0715248444697838e-19, nan 
97.625, 73.375, 1.4500655630025042e-19, nan 
97.875, 73.375, 1.9892735422803144e-19, nan 
98.125, 73.375, 1.709055875769833e-19, nan 
98.375, 73.375, 2.0034701258436915e-19, nan 
98.625, 73.375, 2.480705797821162e-19, nan 
98.875, 73.375, 2.1486905019559671e-19, nan 
99.125, 73.375, 2.4925052229989797e-19, nan 
99.375, 73.375, 2.8219492798739125e-19, nan 
99.625, 73.375, 3.268531197100578e-19, nan 
99.875, 73.375, 3.190145184081251e-19, nan 
100.125, 73.375, 2.780026396844157e-19, nan 
100.375, 73.375, 2.548447793724695e-19, nan 
100.625, 73.375, 1.658494780915882e-19, nan 
100.875, 73.375, 1.8680606661032028e-19, nan 
101.125, 73.375, 1.654417519878487e-19, nan 
101.375, 73.375, 1.579567587799699e-19, nan 
101.625, 73.375, 2.081353734739158e-19, nan 
101.875, 73.375, 1.6850700014415678e-19, nan 
102.125, 73.375, 7.51292013522045e-20, nan 
102.375, 73.375, 1.8762687390987997e-19, nan 
102.625, 73.375, 2.7140306355308935e-19, nan 
102.875, 73.375, 2.9576515718125657e-19, nan 
103.125, 73.375, 3.125125232418392e-19, nan 
103.375, 73.375, 3.477175737699258e-19, nan 
103.625, 73.375, 3.4413815537083847e-19, nan 
103.875, 73.375, 4.463100973597267e-19, nan 
104.125, 73.375, 5.787845264347133e-19, nan 
104.375, 73.375, 2.6285010827837316e-19, nan 
104.625, 73.375, 3.5565650685285516e-19, nan 
104.875, 73.375, 3.5992326053108433e-19, nan 
105.125, 73.375, 5.194896477140238e-19, nan 
105.375, 73.375, 5.614127771519801e-19, nan 
105.625, 73.375, 8.32046611064914e-19, nan 
105.875, 73.375, 9.88092317421072e-19, nan 
106.125, 73.375, 1.18597980660698e-18, nan 
106.375, 73.375, 1.3493751520177483e-18, nan 
106.625, 73.375, 1.1902038356805542e-18, nan 
106.875, 73.375, 1.6188477656116003e-18, nan 
107.125, 73.375, 1.9109650557372367e-18, nan 
107.375, 73.375, 2.001630419689863e-18, nan 
107.625, 73.375, 2.7911433461932082e-18, nan 
107.875, 73.375, 2.4456281757314386e-18, nan 
108.125, 73.375, 1.857570610630059e-18, nan 
108.375, 73.375, 1.706797171525555e-18, nan 
108.625, 73.375, 1.9765631272835328e-18, nan 
108.875, 73.375, 1.5498812950696186e-18, nan 
109.125, 73.375, 2.676101475837288e-18, nan 
109.375, 73.375, 3.873309853557385e-18, nan 
109.625, 73.375, 6.171934588239838e-18, nan 
109.875, 73.375, 7.701627074034137e-18, nan 
110.125, 73.375, 7.343192438810566e-18, nan 
110.375, 73.375, 9.444717815678906e-18, nan 
110.625, 73.375, 7.997871238128852e-18, nan 
110.875, 73.375, 8.63797383073281e-18, nan 
111.125, 73.375, 8.742748500981388e-18, nan 
111.375, 73.375, 8.162973473500913e-18, nan 
111.625, 73.375, 7.066345653833157e-18, nan 
111.875, 73.375, 6.947053143362354e-18, nan 
112.125, 73.375, 5.6057298006926685e-18, nan 
112.375, 73.375, 6.953117223489564e-18, nan 
112.625, 73.375, 7.462869574915306e-18, nan 
112.875, 73.375, 6.5704007407371815e-18, nan 
113.125, 73.375, 4.4400696050375616e-18, nan 
113.375, 73.375, 4.0310259275515e-18, nan 
113.625, 73.375, 3.641080018975054e-18, nan 
113.875, 73.375, 3.0081934044178834e-18, nan 
114.125, 73.375, 2.3895473634256276e-18, nan 
114.375, 73.375, 3.494243054656696e-18, nan 
114.625, 73.375, 3.704569482710704e-18, nan 
114.875, 73.375, 1.9249000700485177e-18, nan 
115.125, 73.375, 1.7359419736881547e-18, nan 
115.375, 73.375, 2.517917177674674e-18, nan 
115.625, 73.375, 1.5311155320689118e-18, nan 
115.875, 73.375, 1.3130977531467824e-18, nan 
116.125, 73.375, 1.2046653318054113e-18, nan 
116.375, 73.375, 8.514639532061094e-19, nan 
116.625, 73.375, 6.910597539942372e-19, nan 
116.875, 73.375, 6.229014746009841e-19, nan 
117.125, 73.375, 6.68151739445368e-19, nan 
117.375, 73.375, 5.924428455473239e-19, nan 
117.625, 73.375, 4.333454499215096e-19, nan 
117.875, 73.375, 4.242650320974785e-19, nan 
118.125, 73.375, 4.964039759903813e-19, nan 
118.375, 73.375, 3.3397395664681967e-19, nan 
118.625, 73.375, 3.3645591595917263e-19, nan 
118.875, 73.375, 3.616400587098873e-19, nan 
119.125, 73.375, 3.000813510864497e-19, nan 
119.375, 73.375, 1.7847341924005558e-19, nan 
119.625, 73.375, 7.522780864611797e-20, nan 
119.875, 73.375, 1.211760155862065e-19, nan 
120.125, 73.375, 9.270107024276639e-20, nan 
120.375, 73.375, 1.9106673668955285e-19, nan 
120.625, 73.375, 1.4254117005751187e-19, nan 
120.875, 73.375, 1.3737971106711673e-19, nan 
121.125, 73.375, 2.2114932448848362e-19, nan 
121.375, 73.375, 8.440253597907407e-20, nan 
121.625, 73.375, 1.0142679501093036e-19, nan 
121.875, 73.375, 1.0082373964140055e-19, nan 
122.125, 73.375, 5.718260093638954e-20, nan 
122.375, 73.375, 8.255835813132906e-20, nan 
122.625, 73.375, 3.616973143416336e-20, nan 
122.875, 73.375, 5.327242556400401e-20, nan 
123.125, 73.375, 6.982356888493032e-20, nan 
123.375, 73.375, 5.647902807650336e-20, nan 
123.625, 73.375, 3.6374149087777804e-20, nan 
123.875, 73.375, 2.9741290265355777e-20, nan 
124.125, 73.375, 4.590414494938196e-20, nan 
124.375, 73.375, 3.142920224365011e-20, nan 
124.625, 73.375, 2.2670748446329737e-20, nan 
124.875, 73.375, 4.367476600335e-20, nan 
125.125, 73.375, 5.4010972753869165e-20, nan 
125.375, 73.375, 4.444291421975553e-20, nan 
125.625, 73.375, 4.566496174616759e-20, nan 
125.875, 73.375, 4.335192831797841e-20, nan 
126.125, 73.375, 4.477530246982959e-20, nan 
126.375, 73.375, 3.884727937792437e-20, nan 
126.625, 73.375, 2.963373317575826e-20, nan 
126.875, 73.375, 5.097952088835139e-20, nan 
127.125, 73.375, 2.116696365537063e-20, nan 
127.375, 73.375, 4.6007121073107155e-20, nan 
127.625, 73.375, 4.9254532029837954e-20, nan 
127.875, 73.375, 1.1771105152910721e-20, nan 
128.125, 73.375, 3.501333921160404e-20, nan 
128.375, 73.375, 3.517134502504089e-20, nan 
128.625, 73.375, 2.1902678856613197e-20, nan 
128.875, 73.375, 1.8769963685254662e-20, nan 
129.125, 73.375, 2.2293770835269227e-20, nan 
129.375, 73.375, 2.286002953038137e-20, nan 
129.625, 73.375, 1.2623552432465098e-20, nan 
129.875, 73.375, 1.6645901852902028e-20, nan 
130.125, 73.375, 2.698611063326009e-20, nan 
130.375, 73.375, 1.9314066211000823e-20, nan 
130.625, 73.375, 1.792680900469707e-20, nan 
130.875, 73.375, 2.3515238905352432e-20, nan 
131.125, 73.375, 1.582118802177349e-20, nan 
131.375, 73.375, 1.482266789795338e-20, nan 
131.625, 73.375, 1.1892797622146788e-20, nan 
131.875, 73.375, 1.267793934133282e-20, nan 
132.125, 73.375, 1.2042090035647781e-20, nan 
132.375, 73.375, 1.033577707414659e-20, nan 
132.625, 73.375, 1.060099116399592e-20, nan 
132.875, 73.375, 6.745497997365428e-21, nan 
133.125, 73.375, 4.4908339389697575e-21, nan 
133.375, 73.375, 3.8004818479531606e-21, nan 
133.625, 73.375, 4.103461805914357e-21, nan 
133.875, 73.375, 4.6109999722636664e-21, nan 
134.125, 73.375, 4.080349662916734e-21, nan 
134.375, 73.375, 3.645027359039837e-21, nan 
134.625, 73.375, 3.894335584082122e-21, nan 
134.875, 73.375, 1.7855059102703724e-21, nan 
135.125, 73.375, 2.1564257969096398e-21, nan 
135.375, 73.375, 7.424312864814184e-22, nan 
135.625, 73.375, 2.7070081602576196e-21, nan 
135.875, 73.375, 2.1538401715650035e-21, nan 
136.125, 73.375, 1.7667902464901793e-21, nan 
136.375, 73.375, 1.9522515260723186e-21, nan 
136.625, 73.375, 1.8385251011059645e-21, nan 
136.875, 73.375, 2.8281956618850326e-21, nan 
137.125, 73.375, 1.967324717506198e-21, nan 
137.375, 73.375, 1.869238658658348e-21, nan 
137.625, 73.375, 2.6908215582869886e-21, nan 
137.875, 73.375, 2.850409073108998e-21, nan 
138.125, 73.375, 1.794640551246187e-21, nan 
138.375, 73.375, 2.5059929464016795e-21, nan 
138.625, 73.375, 2.0884708492327553e-21, nan 
138.875, 73.375, 1.4704491656874123e-21, nan 
139.125, 73.375, 2.4488632961863347e-21, nan 
139.375, 73.375, 1.7841037423387556e-21, nan 
139.625, 73.375, 8.204722999004453e-22, nan 
139.875, 73.375, 2.264341098428735e-21, nan 
140.125, 73.375, 3.2362076238829985e-21, nan 
140.375, 73.375, 1.5340281776773848e-21, nan 
140.625, 73.375, 1.4156281049889771e-21, nan 
140.875, 73.375, 2.3732904604360474e-21, nan 
141.125, 73.375, 1.0907363310694073e-21, nan 
141.375, 73.375, 3.594135330946953e-22, nan 
141.625, 73.375, 1.9856045828113622e-21, nan 
141.875, 73.375, 1.91123433381371e-21, nan 
142.125, 73.375, 1.5757457833721602e-21, nan 
142.375, 73.375, 1.519667279597587e-21, nan 
142.625, 73.375, 1.697363986791127e-21, nan 
142.875, 73.375, 1.4047116887934032e-21, nan 
143.125, 73.375, 8.954164773130157e-22, nan 
143.375, 73.375, 6.482598464215886e-22, nan 
143.625, 73.375, 6.225486564980298e-22, nan 
143.875, 73.375, 5.87224750820925e-22, nan 
144.125, 73.375, 6.965509952082393e-22, nan 
144.375, 73.375, 7.55443867413152e-22, nan 
144.625, 73.375, 6.619458334775362e-22, nan 
144.875, 73.375, 5.975881638132883e-22, nan 
145.125, 73.375, 6.134047172734728e-22, nan 
145.375, 73.375, 4.619581000099292e-22, nan 
145.625, 73.375, 2.9016980729250857e-22, nan 
145.875, 73.375, 2.589282929638579e-22, nan 
146.125, 73.375, 2.394889037980979e-22, nan 
146.375, 73.375, 2.320321285379085e-22, nan 
146.625, 73.375, 9.564647016427885e-23, nan 
146.875, 73.375, 2.8638987215687948e-22, nan 
147.125, 73.375, 4.4909679360442585e-22, nan 
147.375, 73.375, 4.1724987592359575e-22, nan 
147.625, 73.375, 4.726385678119254e-22, nan 
147.875, 73.375, 4.937355856135151e-22, nan 
148.125, 73.375, 3.5017439744612355e-22, nan 
148.375, 73.375, 2.165253248639758e-22, nan 
148.625, 73.375, 2.0776237211224325e-22, nan 
148.875, 73.375, 1.2702627812588372e-22, nan 
149.125, 73.375, 1.408330343279547e-22, nan 
149.375, 73.375, 2.4636199457226486e-22, nan 
149.625, 73.375, 1.7078344509537441e-22, nan 
149.875, 73.375, 1.2084362063857747e-22, nan 
150.125, 73.375, 6.664300022631321e-23, nan 
150.375, 73.375, 9.880709930216121e-23, nan 
150.625, 73.375, 1.390949962099536e-22, nan 
150.875, 73.375, 1.386491448873286e-22, nan 
151.125, 73.375, 1.9770466191786814e-22, nan 
151.375, 73.375, 2.2542142363684095e-22, nan 
151.625, 73.375, 1.9382302762377696e-22, nan 
151.875, 73.375, 2.0683483865347792e-22, nan 
152.125, 73.375, 2.206913388200887e-22, nan 
152.375, 73.375, 1.6906345967348316e-22, nan 
152.625, 73.375, 1.5021408956956533e-22, nan 
152.875, 73.375, 1.4775701320504098e-22, nan 
153.125, 73.375, 2.014534466562963e-22, nan 
153.375, 73.375, 2.367730757150741e-22, nan 
153.625, 73.375, 2.8203427024643857e-22, nan 
153.875, 73.375, 2.2277783191360774e-22, nan 
154.125, 73.375, 1.9985051649405587e-22, nan 
154.375, 73.375, 2.352676046167991e-22, nan 
154.625, 73.375, 1.974497318084502e-22, nan 
154.875, 73.375, 1.7389577739528472e-22, nan 
155.125, 73.375, 1.1984795303305397e-22, nan 
155.375, 73.375, 9.703230726943917e-23, nan 
155.625, 73.375, 1.3697094548362346e-22, nan 
155.875, 73.375, 1.011254412653388e-22, nan 
156.125, 73.375, 5.821975041559628e-23, nan 
156.375, 73.375, 7.09271554615375e-23, nan 
156.625, 73.375, 3.2488421005539457e-23, nan 
156.875, 73.375, 5.006222613776737e-23, nan 
157.125, 73.375, 5.543759492219092e-23, nan 
157.375, 73.375, 4.268242355931606e-23, nan 
157.625, 73.375, 5.118709693895528e-23, nan 
157.875, 73.375, 5.795693479256689e-23, nan 
158.125, 73.375, 5.431312292832084e-23, nan 
158.375, 73.375, 4.198906837246311e-23, nan 
158.625, 73.375, 4.590540886433364e-23, nan 
158.875, 73.375, 4.983406530010495e-23, nan 
159.125, 73.375, 1.426869281812959e-22, nan 
159.375, 73.375, 3.672617875492542e-22, nan 
159.625, 73.375, 3.8238844607831155e-22, nan 
159.875, 73.375, 3.4652683855363684e-22, nan 
160.125, 73.375, 3.994274346284218e-22, nan 
160.375, 73.375, 4.1231469868100917e-22, nan 
160.625, 73.375, 4.0793119617652554e-22, nan 
160.875, 73.375, 4.923646850976577e-22, nan 
161.125, 73.375, 5.711078855235601e-22, nan 
161.375, 73.375, 5.417752187700836e-22, nan 
161.625, 73.375, 3.8837504347066393e-22, nan 
161.875, 73.375, 4.574549622683384e-22, nan 
162.125, 73.375, 4.705745526803455e-22, nan 
162.375, 73.375, 4.266562857958315e-22, nan 
162.625, 73.375, 1.0792248174142778e-21, nan 
162.875, 73.375, 1.7003775538281987e-21, nan 
163.125, 73.375, 1.773922713370999e-21, nan 
163.375, 73.375, 1.2723525841732471e-21, nan 
163.625, 73.375, 1.1122213821734014e-21, nan 
163.875, 73.375, 6.801296854203632e-22, nan 
164.125, 73.375, 7.5542625444202055e-22, nan 
164.375, 73.375, 1.1141897096407028e-21, nan 
164.625, 73.375, 8.50378130742082e-22, nan 
164.875, 73.375, 4.4004682513360115e-22, nan 
165.125, 73.375, 8.686742565480797e-22, nan 
165.375, 73.375, 8.121485886723454e-22, nan 
165.625, 73.375, 7.16626618004632e-22, nan 
165.875, 73.375, 1.1311263668185588e-21, nan 
166.125, 73.375, 1.1253911685946338e-21, nan 
166.375, 73.375, 5.5998007391225245e-22, nan 
166.625, 73.375, 7.653026101166955e-22, nan 
166.875, 73.375, 6.576454347895841e-22, nan 
167.125, 73.375, 3.9579388618184425e-22, nan 
167.375, 73.375, 3.1778536244348503e-22, nan 
167.625, 73.375, 2.3238893318785953e-22, nan 
167.875, 73.375, 3.182324100034356e-22, nan 
168.125, 73.375, 3.36978903866492e-22, nan 
168.375, 73.375, 1.9470011921518396e-22, nan 
168.625, 73.375, 2.294035243539295e-22, nan 
168.875, 73.375, 1.3694745481565739e-22, nan 
169.125, 73.375, 7.845302462172083e-23, nan 
169.375, 73.375, 3.792641016102272e-23, nan 
169.625, 73.375, 2.6908214360720315e-23, nan 
169.875, 73.375, 2.9823141462905756e-23, nan 
170.125, 73.375, 3.836144635603327e-23, nan 
170.375, 73.375, 2.2510578094166557e-23, nan 
170.625, 73.375, 2.6731001996628635e-23, nan 
170.875, 73.375, 4.250483310903444e-23, nan 
171.125, 73.375, 1.5020903810013302e-23, nan 
171.375, 73.375, 2.0072097271531372e-23, nan 
171.625, 73.375, 2.5723541726546033e-23, nan 
171.875, 73.375, 1.5580142197040477e-23, nan 
172.125, 73.375, 2.2600919166522885e-23, nan 
172.375, 73.375, 2.3851990996761572e-23, nan 
172.625, 73.375, 1.2893126700414691e-23, nan 
172.875, 73.375, 3.2751670587436584e-23, nan 
173.125, 73.375, 2.50100689053042e-23, nan 
173.375, 73.375, 1.2805373067471101e-23, nan 
173.625, 73.375, 2.2594682390637712e-23, nan 
173.875, 73.375, 2.00075954342383e-23, nan 
174.125, 73.375, 1.611208325401708e-23, nan 
174.375, 73.375, 1.64482115110744e-23, nan 
174.625, 73.375, 2.2805428298347155e-23, nan 
174.875, 73.375, 1.6436112038378534e-23, nan 
175.125, 73.375, 1.766017413269213e-23, nan 
175.375, 73.375, 2.1817437197729882e-23, nan 
175.625, 73.375, 1.5245557203700456e-23, nan 
175.875, 73.375, 1.8513598451035418e-23, nan 
176.125, 73.375, 3.298797774865646e-23, nan 
176.375, 73.375, 2.8700654694031295e-23, nan 
176.625, 73.375, 2.349458882387649e-23, nan 
176.875, 73.375, 4.9390142440621364e-23, nan 
177.125, 73.375, 1.8799245327037487e-22, nan 
177.375, 73.375, 3.8438334253102365e-22, nan 
177.625, 73.375, 4.1528895479554007e-22, nan 
177.875, 73.375, 2.800614301730584e-22, nan 
178.125, 73.375, 6.805607575648695e-22, nan 
178.375, 73.375, 6.832589834786325e-22, nan 
178.625, 73.375, 3.4266040842946024e-22, nan 
178.875, 73.375, 3.6366437775451104e-22, nan 
179.125, 73.375, 3.37518315402647e-22, nan 
179.375, 73.375, 2.1506835329727576e-22, nan 
179.625, 73.375, 5.1168047589938025e-23, nan 
179.875, 73.375, 3.0228288924898636e-23, nan 
-179.875, 73.625, 2.0629761161221562e-23, nan 
-179.625, 73.625, 2.7878558302267374e-23, nan 
-179.375, 73.625, 2.2685964963473515e-23, nan 
-179.125, 73.625, 1.638841277724033e-23, nan 
-178.875, 73.625, 1.7413458629433146e-23, nan 
-178.625, 73.625, 1.438661761431768e-23, nan 
-178.375, 73.625, 1.32145744633604e-23, nan 
-178.125, 73.625, 1.4626758444298414e-23, nan 
-177.875, 73.625, 1.2798114453371088e-23, nan 
-177.625, 73.625, 1.1223665167433953e-23, nan 
-177.375, 73.625, 1.1340774450268643e-23, nan 
-177.125, 73.625, 9.970960249131003e-24, nan 
-176.875, 73.625, 8.20067285484528e-24, nan 
-176.625, 73.625, 7.94662968291515e-24, nan 
-176.375, 73.625, 9.502316478232456e-24, nan 
-176.125, 73.625, 7.434408987292541e-24, nan 
-175.875, 73.625, 1.7217180061330853e-23, nan 
-175.625, 73.625, 2.2777137153714707e-23, nan 
-175.375, 73.625, 2.4591222936368375e-23, nan 
-175.125, 73.625, 2.416690638403349e-23, nan 
-174.875, 73.625, 4.3122734446641444e-23, nan 
-174.625, 73.625, 3.945327367933896e-23, nan 
-174.375, 73.625, 5.757645732256342e-23, nan 
-174.125, 73.625, 1.8214298636158376e-22, nan 
-173.875, 73.625, 2.0536576672307856e-22, nan 
-173.625, 73.625, 2.2104200738293066e-22, nan 
-173.375, 73.625, 2.1653672769580775e-22, nan 
-173.125, 73.625, 1.458060086097024e-22, nan 
-172.875, 73.625, 2.3692134536945382e-23, nan 
-172.625, 73.625, 2.648442628516421e-23, nan 
-172.375, 73.625, 3.304775719233392e-23, nan 
-172.125, 73.625, 1.8758669164754797e-23, nan 
-171.875, 73.625, 1.569520270316309e-23, nan 
-171.625, 73.625, 1.208172122905696e-23, nan 
-171.375, 73.625, 9.025777468360254e-24, nan 
-171.125, 73.625, 1.7138581683805557e-23, nan 
-170.875, 73.625, 1.262706577752153e-23, nan 
-170.625, 73.625, 1.649877898580984e-23, nan 
-170.375, 73.625, 3.035604409368912e-23, nan 
-170.125, 73.625, 3.053523689050036e-23, nan 
-169.875, 73.625, 2.1913404202006328e-23, nan 
-169.625, 73.625, 1.921368171169569e-23, nan 
-169.375, 73.625, 1.6566221428938867e-23, nan 
-169.125, 73.625, 1.4431446752975068e-23, nan 
-168.875, 73.625, 1.075012640809919e-23, nan 
-168.625, 73.625, 1.620937357578395e-23, nan 
-168.375, 73.625, 2.061070399927365e-23, nan 
-168.125, 73.625, 1.648378085531422e-23, nan 
-167.875, 73.625, 1.1180248074757167e-23, nan 
-167.625, 73.625, 1.2188342004434165e-23, nan 
-167.375, 73.625, 1.2201285876050996e-23, nan 
-167.125, 73.625, 7.737439314379348e-24, nan 
-166.875, 73.625, 7.57800791485199e-24, nan 
-166.625, 73.625, 7.776577665917306e-24, nan 
-166.375, 73.625, 5.092126055704714e-24, nan 
-166.125, 73.625, 4.7648864735857184e-24, nan 
-165.875, 73.625, 4.056563292049657e-24, nan 
-165.625, 73.625, 6.4273947920205625e-24, nan 
-165.375, 73.625, 3.6344819496835865e-24, nan 
-165.125, 73.625, 4.3306240028381754e-24, nan 
-164.875, 73.625, 5.209775104409578e-24, nan 
-164.625, 73.625, 3.846341955130936e-24, nan 
-164.375, 73.625, 3.1782928908507022e-24, nan 
-164.125, 73.625, 3.18630747563609e-24, nan 
-163.875, 73.625, 1.5695134827954548e-24, nan 
-163.625, 73.625, 1.433145711684645e-24, nan 
-163.375, 73.625, 2.6927560821412785e-24, nan 
-163.125, 73.625, 2.517394702210834e-24, nan 
-162.875, 73.625, 5.017591978411984e-24, nan 
-162.625, 73.625, 7.811934669844103e-24, nan 
-162.375, 73.625, 1.5510764026367023e-23, nan 
-162.125, 73.625, 9.526527660789698e-24, nan 
-161.875, 73.625, 1.0374340991145341e-23, nan 
-161.625, 73.625, 1.568148499283484e-23, nan 
-161.375, 73.625, 1.1505175702680317e-23, nan 
-161.125, 73.625, 1.5422905421995935e-23, nan 
-160.875, 73.625, 1.8544358444843827e-23, nan 
-160.625, 73.625, 1.3115130113047468e-23, nan 
-160.375, 73.625, 1.1055592468611768e-23, nan 
-160.125, 73.625, 1.5120603655872134e-23, nan 
-159.875, 73.625, 1.2684925559672343e-23, nan 
-159.625, 73.625, 1.3925192341485482e-23, nan 
-159.375, 73.625, 1.3059175736024077e-23, nan 
-159.125, 73.625, 1.1138467577302382e-23, nan 
4.375, 73.625, 1.684911800410521e-24, nan 
4.625, 73.625, 1.9128294758560583e-24, nan 
4.875, 73.625, 2.617438029813324e-24, nan 
5.125, 73.625, 1.7259170299959288e-24, nan 
5.375, 73.625, 2.064161682063924e-24, nan 
5.625, 73.625, 1.699990785622405e-24, nan 
5.875, 73.625, 1.3862656843181022e-24, nan 
6.125, 73.625, 1.1613149440788017e-24, nan 
6.375, 73.625, 1.091202408457341e-24, nan 
6.625, 73.625, 1.277264693396083e-24, nan 
6.875, 73.625, 1.0871380764616943e-24, nan 
7.125, 73.625, 7.359186723894604e-25, nan 
7.375, 73.625, 4.704481610049516e-25, nan 
7.625, 73.625, 4.282095444225928e-25, nan 
7.875, 73.625, 1.044403307953324e-24, nan 
8.125, 73.625, 9.538486214567213e-25, nan 
8.375, 73.625, 1.5834484297815169e-24, nan 
8.625, 73.625, 1.571820042787703e-24, nan 
8.875, 73.625, 1.6910883555291326e-24, nan 
9.125, 73.625, 1.8560211334100865e-24, nan 
9.375, 73.625, 2.3071658299848077e-24, nan 
9.625, 73.625, 2.361977231036912e-24, nan 
9.875, 73.625, 2.3308099658851756e-24, nan 
10.125, 73.625, 2.048034333663889e-24, nan 
10.375, 73.625, 2.3211346785163573e-24, nan 
10.625, 73.625, 2.4308571581805705e-24, nan 
10.875, 73.625, 1.5768678842736644e-24, nan 
11.125, 73.625, 1.2456278251577632e-24, nan 
11.375, 73.625, 1.2344454810671874e-24, nan 
11.625, 73.625, 1.3646506263838834e-24, nan 
11.875, 73.625, 9.030129130616399e-25, nan 
12.125, 73.625, 1.1570579046621007e-24, nan 
12.375, 73.625, 1.4407978792014707e-24, nan 
12.625, 73.625, 1.5718161767825877e-24, nan 
12.875, 73.625, 2.0273311863431813e-24, nan 
13.125, 73.625, 2.2316165166111165e-24, nan 
13.375, 73.625, 2.24142572986076e-24, nan 
13.625, 73.625, 1.8720227193750576e-24, nan 
13.875, 73.625, 1.5312608952542721e-24, nan 
14.125, 73.625, 1.4103170846589926e-24, nan 
14.375, 73.625, 1.3647287491710722e-24, nan 
14.625, 73.625, 2.6646584852550962e-24, nan 
14.875, 73.625, 2.5810045341937037e-24, nan 
15.125, 73.625, 1.6917050244670397e-24, nan 
15.375, 73.625, 1.779478894430537e-24, nan 
15.625, 73.625, 1.723880968067992e-24, nan 
15.875, 73.625, 1.7075427751553806e-24, nan 
16.125, 73.625, 1.6318445902057252e-24, nan 
16.375, 73.625, 1.3575636240637985e-24, nan 
16.625, 73.625, 1.7371616552491278e-24, nan 
16.875, 73.625, 2.6910139715907347e-24, nan 
17.125, 73.625, 1.9927799314449413e-24, nan 
17.375, 73.625, 1.3072311265741402e-24, nan 
17.625, 73.625, 1.8826930454843175e-24, nan 
17.875, 73.625, 2.22325010949441e-24, nan 
18.125, 73.625, 3.53563353761773e-24, nan 
18.375, 73.625, 1.676817277030305e-24, nan 
18.625, 73.625, 1.6079226678246337e-24, nan 
18.875, 73.625, 2.4790765481957738e-24, nan 
19.125, 73.625, 2.1099659987850304e-24, nan 
19.375, 73.625, 2.1366630508321465e-24, nan 
19.625, 73.625, 2.589401000224045e-24, nan 
19.875, 73.625, 2.469363472532961e-24, nan 
20.125, 73.625, 2.332706054119163e-24, nan 
20.375, 73.625, 2.2867498145920365e-24, nan 
20.625, 73.625, 1.6802851900542405e-24, nan 
20.875, 73.625, 1.4754301744798948e-24, nan 
21.125, 73.625, 1.530328338385204e-24, nan 
21.375, 73.625, 9.260994543895187e-25, nan 
21.625, 73.625, 9.217300722642999e-25, nan 
21.875, 73.625, 8.800770601435822e-25, nan 
22.125, 73.625, 1.3335379753499437e-24, nan 
22.375, 73.625, 1.901180923659153e-24, nan 
22.625, 73.625, 1.5810674931511905e-24, nan 
22.875, 73.625, 2.314218799955278e-24, nan 
23.125, 73.625, 2.3826731531865345e-24, nan 
23.375, 73.625, 1.898113865328405e-24, nan 
23.625, 73.625, 2.8107711391114504e-24, nan 
23.875, 73.625, 3.015655610218558e-24, nan 
24.125, 73.625, 1.9196133292137004e-24, nan 
24.375, 73.625, 5.470102500978021e-24, nan 
24.625, 73.625, 7.46926193933562e-24, nan 
24.875, 73.625, 8.60699480785901e-25, nan 
25.125, 73.625, 6.85655360556729e-24, nan 
25.375, 73.625, 1.0896272983012444e-23, nan 
25.625, 73.625, 2.799230791358498e-24, nan 
25.875, 73.625, 4.536437713261861e-24, nan 
26.125, 73.625, 7.146738622688084e-24, nan 
26.375, 73.625, 2.876387740520347e-24, nan 
26.625, 73.625, 1.3265175485138939e-24, nan 
26.875, 73.625, 5.2047220700760145e-24, nan 
27.125, 73.625, 2.7186132771670545e-24, nan 
27.375, 73.625, 4.539361198027961e-24, nan 
27.625, 73.625, 3.6990045264478235e-24, nan 
27.875, 73.625, 4.585219836806651e-24, nan 
28.125, 73.625, 3.6909551126957e-24, nan 
28.375, 73.625, 4.8985504699157984e-24, nan 
28.625, 73.625, 6.208235353570851e-24, nan 
28.875, 73.625, 1.2930775665342426e-24, nan 
29.125, 73.625, 1.3093434035755259e-24, nan 
29.375, 73.625, 3.381504442074662e-24, nan 
29.625, 73.625, 1.4292816021002883e-24, nan 
29.875, 73.625, 1.6413009009751832e-24, nan 
30.125, 73.625, 2.518309284812869e-24, nan 
30.375, 73.625, 1.9203299720112866e-24, nan 
30.625, 73.625, 1.779793186910412e-24, nan 
30.875, 73.625, 1.215004833069827e-24, nan 
31.125, 73.625, 2.9372648495512744e-24, nan 
31.375, 73.625, 3.405375809850863e-24, nan 
31.625, 73.625, 4.26154223791616e-24, nan 
31.875, 73.625, 6.0942283508166765e-24, nan 
32.125, 73.625, 5.454841064847116e-24, nan 
32.375, 73.625, 3.0435477283968822e-24, nan 
32.625, 73.625, 3.511377610770058e-24, nan 
32.875, 73.625, 2.777743464596402e-24, nan 
33.125, 73.625, 2.8050595577040463e-24, nan 
33.375, 73.625, 5.02226445553194e-24, nan 
33.625, 73.625, 4.381606689438152e-24, nan 
33.875, 73.625, 4.097548326145916e-24, nan 
34.125, 73.625, 5.6856315851027634e-24, nan 
34.375, 73.625, 7.101751652306412e-24, nan 
34.625, 73.625, 9.024248229683451e-24, nan 
34.875, 73.625, 1.0541543433731324e-23, nan 
35.125, 73.625, 6.48906217266923e-24, nan 
35.375, 73.625, 5.4414178080022505e-24, nan 
35.625, 73.625, 5.872564324582635e-24, nan 
35.875, 73.625, 3.335665491963368e-24, nan 
36.125, 73.625, 4.536341354542298e-24, nan 
36.375, 73.625, 4.43382967998281e-24, nan 
36.625, 73.625, 3.6583242963335975e-24, nan 
36.875, 73.625, 3.4815879740176096e-24, nan 
37.125, 73.625, 4.371409978716215e-24, nan 
37.375, 73.625, 5.4398156207719255e-24, nan 
37.625, 73.625, 4.4028945239817454e-24, nan 
37.875, 73.625, 6.485635949944702e-24, nan 
38.125, 73.625, 7.290830573848466e-24, nan 
38.375, 73.625, 1.0684028831337744e-23, nan 
38.625, 73.625, 9.469328193480902e-24, nan 
38.875, 73.625, 1.0613971901183729e-23, nan 
39.125, 73.625, 1.2452106883835338e-23, nan 
39.375, 73.625, 1.3864724296630117e-23, nan 
39.625, 73.625, 1.152845592225154e-23, nan 
39.875, 73.625, 8.54109030296578e-24, nan 
40.125, 73.625, 1.5828737547222614e-23, nan 
40.375, 73.625, 1.7476757570151765e-23, nan 
40.625, 73.625, 9.937411627531012e-24, nan 
40.875, 73.625, 1.0355313782361622e-23, nan 
41.125, 73.625, 1.1745896804733118e-23, nan 
41.375, 73.625, 8.37105190843792e-24, nan 
41.625, 73.625, 7.191634561947723e-24, nan 
41.875, 73.625, 6.0462343317762005e-24, nan 
42.125, 73.625, 4.167122000653772e-24, nan 
42.375, 73.625, 4.323154647350281e-24, nan 
42.625, 73.625, 7.008289548007404e-24, nan 
42.875, 73.625, 4.036716981650578e-24, nan 
43.125, 73.625, 3.689109811601202e-24, nan 
43.375, 73.625, 1.0410213338163652e-23, nan 
43.625, 73.625, 1.6186854284387673e-23, nan 
43.875, 73.625, 1.506633243798933e-23, nan 
44.125, 73.625, 1.4961812630596592e-23, nan 
44.375, 73.625, 1.39598378610821e-23, nan 
44.625, 73.625, 1.1202291643278673e-23, nan 
44.875, 73.625, 8.157916670307984e-24, nan 
45.125, 73.625, 7.423512730686872e-24, nan 
45.375, 73.625, 8.175554705676346e-24, nan 
45.625, 73.625, 8.97946882791256e-24, nan 
45.875, 73.625, 6.432053315496559e-24, nan 
46.125, 73.625, 7.638341934160825e-24, nan 
46.375, 73.625, 1.4535291299888887e-23, nan 
46.625, 73.625, 7.916441828658535e-24, nan 
46.875, 73.625, 9.345196094674227e-24, nan 
47.125, 73.625, 1.276228899988586e-23, nan 
47.375, 73.625, 9.707224640655453e-24, nan 
47.625, 73.625, 7.199524582905621e-24, nan 
47.875, 73.625, 4.481724411071513e-24, nan 
48.125, 73.625, 6.754292781490571e-24, nan 
48.375, 73.625, 5.6494362359515285e-24, nan 
48.625, 73.625, 8.06914005389638e-24, nan 
48.875, 73.625, 7.985537052629779e-24, nan 
49.125, 73.625, 1.1547507849450144e-23, nan 
49.375, 73.625, 9.042934084409915e-24, nan 
49.625, 73.625, 8.862759004659884e-24, nan 
49.875, 73.625, 1.2657494299474067e-23, nan 
50.125, 73.625, 7.743370308498742e-24, nan 
50.375, 73.625, 5.221535758908645e-24, nan 
50.625, 73.625, 3.99945654091977e-24, nan 
50.875, 73.625, 7.98693910369658e-24, nan 
51.125, 73.625, 3.074287272177806e-24, nan 
51.375, 73.625, 6.179782611816935e-24, nan 
51.625, 73.625, 8.607478944325849e-24, nan 
51.875, 73.625, 1.1254111631710556e-23, nan 
52.125, 73.625, 1.4542933036212375e-23, nan 
52.375, 73.625, 1.3309878627282328e-23, nan 
52.625, 73.625, 2.5881796847817594e-23, nan 
52.875, 73.625, 2.3131727498936534e-23, nan 
53.125, 73.625, 1.7315611232360556e-23, nan 
53.375, 73.625, 1.1999831950500756e-23, nan 
53.625, 73.625, 6.079204707317573e-24, nan 
53.875, 73.625, 1.3219973950561094e-23, nan 
54.125, 73.625, 8.139938954329009e-24, nan 
54.375, 73.625, 5.9704026273390584e-24, nan 
54.625, 73.625, 1.6942171194670096e-23, nan 
54.875, 73.625, 1.3847741681245352e-23, nan 
55.125, 73.625, 1.580303752093639e-23, nan 
55.375, 73.625, 1.4036496642721355e-23, nan 
55.625, 73.625, 2.67247760606493e-23, nan 
55.875, 73.625, 4.1424136063637914e-23, nan 
56.125, 73.625, 2.7382753620351297e-23, nan 
56.375, 73.625, 3.188861258516968e-23, nan 
56.625, 73.625, 4.252911890112383e-23, nan 
56.875, 73.625, 4.481777357456202e-23, nan 
57.125, 73.625, 3.669295234600811e-23, nan 
57.375, 73.625, 3.6951158964690185e-23, nan 
57.625, 73.625, 4.551087880633466e-23, nan 
57.875, 73.625, 4.762423219499383e-23, nan 
58.125, 73.625, 4.5072367299525787e-23, nan 
58.375, 73.625, 3.591392110058451e-23, nan 
58.625, 73.625, 3.846505393131309e-23, nan 
58.875, 73.625, 2.708367779460028e-23, nan 
59.125, 73.625, 3.495118423300073e-23, nan 
59.375, 73.625, 3.5726144778162513e-23, nan 
59.625, 73.625, 4.998696730218499e-23, nan 
59.875, 73.625, 4.925281803756942e-23, nan 
60.125, 73.625, 5.371596987284047e-23, nan 
60.375, 73.625, 4.235066753723789e-23, nan 
60.625, 73.625, 7.441457623086794e-23, nan 
60.875, 73.625, 7.327897844135904e-23, nan 
61.125, 73.625, 6.077959348859168e-23, nan 
61.375, 73.625, 7.042465051262059e-23, nan 
61.625, 73.625, 9.044689541227366e-23, nan 
61.875, 73.625, 1.1715780946272053e-22, nan 
62.125, 73.625, 9.954636496126596e-23, nan 
62.375, 73.625, 1.5395804150978322e-22, nan 
62.625, 73.625, 1.144779551524774e-22, nan 
62.875, 73.625, 1.4461913211027253e-22, nan 
63.125, 73.625, 1.7370274168714579e-22, nan 
63.375, 73.625, 1.2740065767986706e-22, nan 
63.625, 73.625, 1.4157477783027033e-22, nan 
63.875, 73.625, 1.4814564100541002e-22, nan 
64.125, 73.625, 1.30075773127833e-22, nan 
64.375, 73.625, 8.728649719090388e-23, nan 
64.625, 73.625, 6.839517370619236e-23, nan 
64.875, 73.625, 4.3971759124000107e-23, nan 
65.125, 73.625, 1.5986872258845427e-23, nan 
65.375, 73.625, 2.6388217765620007e-23, nan 
65.625, 73.625, 3.259466650795369e-23, nan 
65.875, 73.625, 3.7551235394733017e-23, nan 
66.125, 73.625, 4.6712904698025114e-23, nan 
66.375, 73.625, 4.816780212100238e-23, nan 
66.625, 73.625, 6.80896101533402e-23, nan 
66.875, 73.625, 8.749308341683458e-23, nan 
67.125, 73.625, 9.509280705416582e-23, nan 
67.375, 73.625, 1.1091815763410817e-22, nan 
67.625, 73.625, 1.1795606207612248e-22, nan 
67.875, 73.625, 1.2506915898264157e-22, nan 
68.125, 73.625, 1.398674310052272e-22, nan 
68.375, 73.625, 1.3437512395733535e-22, nan 
68.625, 73.625, 1.5889060947828757e-22, nan 
68.875, 73.625, 1.8484646682396537e-22, nan 
69.125, 73.625, 1.670286821530289e-22, nan 
69.375, 73.625, 1.1147280588826922e-22, nan 
69.625, 73.625, 1.2164209856500234e-22, nan 
69.875, 73.625, 8.443151903508485e-23, nan 
70.125, 73.625, 1.3097311610618832e-22, nan 
70.375, 73.625, 1.828149791823638e-22, nan 
70.625, 73.625, 1.5024192454132888e-22, nan 
70.875, 73.625, 2.1000792640139973e-22, nan 
71.125, 73.625, 1.1087799123230006e-22, nan 
71.375, 73.625, 2.6556502444197373e-22, nan 
71.625, 73.625, 2.1234791009041578e-22, nan 
71.875, 73.625, 1.303770872076858e-22, nan 
72.125, 73.625, 3.260002088651565e-22, nan 
72.375, 73.625, 2.4497969346619364e-22, nan 
72.625, 73.625, 1.7806677502900927e-22, nan 
72.875, 73.625, 1.4507589804060843e-22, nan 
73.125, 73.625, 1.859380242688576e-22, nan 
73.375, 73.625, 4.0978388768354474e-22, nan 
73.625, 73.625, 3.1840580307689867e-22, nan 
73.875, 73.625, 3.790596653636456e-22, nan 
74.125, 73.625, 7.141273117382948e-22, nan 
74.375, 73.625, 7.055026535275269e-22, nan 
74.625, 73.625, 3.1639525167504205e-22, nan 
74.875, 73.625, 5.193554752165664e-22, nan 
75.125, 73.625, 6.629458141030097e-22, nan 
75.375, 73.625, 5.619795403552874e-22, nan 
75.625, 73.625, 4.587662608310049e-22, nan 
75.875, 73.625, 7.199021046066473e-22, nan 
76.125, 73.625, 5.713679147802472e-22, nan 
76.375, 73.625, 4.453126694318334e-22, nan 
76.625, 73.625, 4.332263090374612e-22, nan 
76.875, 73.625, 3.585441606678163e-22, nan 
77.125, 73.625, 4.286286719548285e-22, nan 
77.375, 73.625, 6.026053538546982e-22, nan 
77.625, 73.625, 4.784996550612519e-22, nan 
77.875, 73.625, 4.443945628008878e-22, nan 
78.125, 73.625, 7.101931442176493e-22, nan 
78.375, 73.625, 4.1420284307982614e-22, nan 
78.625, 73.625, 7.313476701801605e-22, nan 
78.875, 73.625, 6.293766334826477e-22, nan 
79.125, 73.625, 3.815152162842039e-22, nan 
79.375, 73.625, 4.39657700913965e-22, nan 
79.625, 73.625, 5.826750497666846e-22, nan 
79.875, 73.625, 4.8648160810289405e-22, nan 
80.125, 73.625, 9.444270951623904e-22, nan 
80.375, 73.625, 4.539057235696544e-22, nan 
80.625, 73.625, 8.18644144510657e-22, nan 
80.875, 73.625, 8.769072590425458e-22, nan 
81.125, 73.625, 1.5214508104942848e-21, nan 
81.375, 73.625, 1.347277199207782e-21, nan 
81.625, 73.625, 1.6462371070223396e-21, nan 
81.875, 73.625, 1.6866907757817536e-21, nan 
82.125, 73.625, 1.818908426875484e-21, nan 
82.375, 73.625, 1.6474635424205042e-21, nan 
82.625, 73.625, 1.8422704095691407e-21, nan 
82.875, 73.625, 2.3545138271253516e-21, nan 
83.125, 73.625, 1.9735382048564848e-21, nan 
83.375, 73.625, 2.814544357588259e-21, nan 
83.625, 73.625, 3.116867405029371e-21, nan 
83.875, 73.625, 2.921226686869379e-21, nan 
84.125, 73.625, 2.836761401341665e-21, nan 
84.375, 73.625, 2.5054113876622083e-21, nan 
84.625, 73.625, 2.262596693813544e-21, nan 
84.875, 73.625, 1.1625010161636845e-21, nan 
85.125, 73.625, 2.04108535188542e-21, nan 
85.375, 73.625, 1.4027671352301896e-21, nan 
85.625, 73.625, 1.6009200644269533e-21, nan 
85.875, 73.625, 2.1419892175643563e-21, nan 
86.125, 73.625, 2.1046101716852673e-21, nan 
86.375, 73.625, 3.6940610454665754e-21, nan 
86.625, 73.625, 4.956885611246026e-21, nan 
86.875, 73.625, 3.2284821557751386e-21, nan 
87.125, 73.625, 3.3110593450941157e-21, nan 
87.375, 73.625, 3.960746412336506e-21, nan 
87.625, 73.625, 3.2809459664742285e-21, nan 
87.875, 73.625, 3.55154187992299e-21, nan 
88.125, 73.625, 2.5149688276842278e-21, nan 
88.375, 73.625, 4.1220799176089156e-21, nan 
88.625, 73.625, 4.3668513772459314e-21, nan 
88.875, 73.625, 5.615030591269276e-21, nan 
89.125, 73.625, 6.175715590421364e-21, nan 
89.375, 73.625, 9.576182776659434e-21, nan 
89.625, 73.625, 1.0234450235532901e-20, nan 
89.875, 73.625, 7.668211893311834e-21, nan 
90.125, 73.625, 1.3018008550394792e-20, nan 
90.375, 73.625, 1.4785457215181906e-20, nan 
90.625, 73.625, 1.2121972801626757e-20, nan 
90.875, 73.625, 1.473599898209996e-20, nan 
91.125, 73.625, 1.2878329447600526e-20, nan 
91.375, 73.625, 1.3021223779742136e-20, nan 
91.625, 73.625, 1.5945497381299e-20, nan 
91.875, 73.625, 1.241538215630946e-20, nan 
92.125, 73.625, 1.13977901266218e-20, nan 
92.375, 73.625, 1.1530183396486671e-20, nan 
92.625, 73.625, 1.3732600980547828e-20, nan 
92.875, 73.625, 1.0330202701931285e-20, nan 
93.125, 73.625, 1.3224128036259942e-20, nan 
93.375, 73.625, 1.8768539638995532e-20, nan 
93.625, 73.625, 1.6175317044987333e-20, nan 
93.875, 73.625, 2.033612261518279e-20, nan 
94.125, 73.625, 2.6878330058856017e-20, nan 
94.375, 73.625, 3.2464087444378996e-20, nan 
94.625, 73.625, 2.5821942628566892e-20, nan 
94.875, 73.625, 3.705122631191635e-20, nan 
95.125, 73.625, 4.1347343196025376e-20, nan 
95.375, 73.625, 3.869808296596184e-20, nan 
95.625, 73.625, 6.225580112400025e-20, nan 
95.875, 73.625, 4.147726950467468e-20, nan 
96.125, 73.625, 5.327429332207605e-20, nan 
96.375, 73.625, 5.818302972959745e-20, nan 
96.625, 73.625, 1.0319033806574021e-19, nan 
96.875, 73.625, 1.8160007214063424e-19, nan 
97.125, 73.625, 1.767192029672727e-19, nan 
97.375, 73.625, 9.951482913201446e-20, nan 
97.625, 73.625, 5.559127016699231e-20, nan 
97.875, 73.625, 6.253236763747817e-20, nan 
98.125, 73.625, 9.43601881571067e-20, nan 
98.375, 73.625, 1.566672268933048e-19, nan 
98.625, 73.625, 1.7313219021882572e-19, nan 
98.875, 73.625, 1.598169915209123e-19, nan 
99.125, 73.625, 2.1203576058772084e-19, nan 
99.375, 73.625, 2.4202877984136377e-19, nan 
99.625, 73.625, 2.8036951963262096e-19, nan 
99.875, 73.625, 3.7705205375467414e-19, nan 
100.125, 73.625, 3.7289055014093747e-19, nan 
100.375, 73.625, 3.566624887936048e-19, nan 
100.625, 73.625, 5.037031268192175e-19, nan 
100.875, 73.625, 5.443731942694087e-19, nan 
101.125, 73.625, 5.374856373107756e-19, nan 
101.375, 73.625, 3.9297890807675485e-19, nan 
101.625, 73.625, 4.1430961484987782e-19, nan 
101.875, 73.625, 4.1162859408502003e-19, nan 
102.125, 73.625, 3.3022391703840576e-19, nan 
102.375, 73.625, 3.289253592118357e-19, nan 
102.625, 73.625, 3.546068874347558e-19, nan 
102.875, 73.625, 3.704707134226953e-19, nan 
103.125, 73.625, 3.4981551446127144e-19, nan 
103.375, 73.625, 3.3211054057005895e-19, nan 
103.625, 73.625, 3.106052598922723e-19, nan 
103.875, 73.625, 4.786632816464756e-19, nan 
104.125, 73.625, 5.975656348014887e-19, nan 
104.375, 73.625, 4.817044189125429e-19, nan 
104.625, 73.625, 8.644391017924655e-19, nan 
104.875, 73.625, 8.676401671930912e-19, nan 
105.125, 73.625, 1.448378083643441e-18, nan 
105.375, 73.625, 1.1246179673177354e-18, nan 
105.625, 73.625, 9.956011068383825e-19, nan 
105.875, 73.625, 5.60126726723611e-19, nan 
106.125, 73.625, 6.670946594788642e-19, nan 
106.375, 73.625, 6.370347330072316e-19, nan 
106.625, 73.625, 9.256005522078825e-19, nan 
106.875, 73.625, 8.385373719303841e-19, nan 
107.125, 73.625, 7.798392897199196e-19, nan 
107.375, 73.625, 1.4168189454174419e-18, nan 
107.625, 73.625, 9.334580606209156e-19, nan 
107.875, 73.625, 5.353606617138871e-19, nan 
108.125, 73.625, 7.407836015769006e-19, nan 
108.375, 73.625, 8.783739762785994e-19, nan 
108.625, 73.625, 8.78048321385752e-19, nan 
108.875, 73.625, 2.1538476527774177e-18, nan 
109.125, 73.625, 1.8694258878614458e-18, nan 
109.375, 73.625, 2.5365055592767386e-18, nan 
109.625, 73.625, 3.545711828081571e-18, nan 
109.875, 73.625, 3.748115846222109e-18, nan 
110.125, 73.625, 3.647321591966141e-18, nan 
110.375, 73.625, 4.201824889708378e-18, nan 
110.625, 73.625, 3.732355003698793e-18, nan 
110.875, 73.625, 3.272685557253843e-18, nan 
111.125, 73.625, 3.5401243321798146e-18, nan 
111.375, 73.625, 3.075978931488716e-18, nan 
111.625, 73.625, 3.6085819270535396e-18, nan 
111.875, 73.625, 3.747140652604008e-18, nan 
112.125, 73.625, 3.630818258007502e-18, nan 
112.375, 73.625, 4.535206260597298e-18, nan 
112.625, 73.625, 4.099960596202668e-18, nan 
112.875, 73.625, 3.614803720454584e-18, nan 
113.125, 73.625, 1.3704942049508751e-18, nan 
113.375, 73.625, 1.6136613501441645e-18, nan 
113.625, 73.625, 1.8365247830626524e-18, nan 
113.875, 73.625, 1.8367066638356417e-18, nan 
114.125, 73.625, 3.2454103421087302e-18, nan 
114.375, 73.625, 1.995653521269464e-18, nan 
114.625, 73.625, 2.3020123854099145e-18, nan 
114.875, 73.625, 2.421740874951912e-18, nan 
115.125, 73.625, 1.4979171589280906e-18, nan 
115.375, 73.625, 1.5328041842059334e-18, nan 
115.625, 73.625, 1.345678779890528e-18, nan 
115.875, 73.625, 1.324118901459916e-18, nan 
116.125, 73.625, 9.44070951495467e-19, nan 
116.375, 73.625, 6.96084272544735e-19, nan 
116.625, 73.625, 7.316262769562557e-19, nan 
116.875, 73.625, 5.235008598121903e-19, nan 
117.125, 73.625, 5.086536405861376e-19, nan 
117.375, 73.625, 5.917024423325193e-19, nan 
117.625, 73.625, 4.934072701560042e-19, nan 
117.875, 73.625, 2.8540904714165374e-19, nan 
118.125, 73.625, 2.0632437637359594e-19, nan 
118.375, 73.625, 3.202457925646599e-19, nan 
118.625, 73.625, 2.3722410534790136e-19, nan 
118.875, 73.625, 2.50540213351684e-19, nan 
119.125, 73.625, 2.1261447262288526e-19, nan 
119.375, 73.625, 1.6961583129987695e-19, nan 
119.625, 73.625, 1.8727217611548897e-19, nan 
119.875, 73.625, 6.458587276868035e-20, nan 
120.125, 73.625, 7.62067282497819e-20, nan 
120.375, 73.625, 8.130514051075735e-20, nan 
120.625, 73.625, 7.932083579022394e-20, nan 
120.875, 73.625, 9.002647207913418e-20, nan 
121.125, 73.625, 2.411540154648864e-19, nan 
121.375, 73.625, 2.838982846150141e-19, nan 
121.625, 73.625, 1.1390617336413565e-19, nan 
121.875, 73.625, 5.660414405012355e-20, nan 
122.125, 73.625, 1.580362638904651e-19, nan 
122.375, 73.625, 1.3439805329173625e-19, nan 
122.625, 73.625, 6.891545455200904e-20, nan 
122.875, 73.625, 4.852883907462558e-20, nan 
123.125, 73.625, 7.090268108583401e-20, nan 
123.375, 73.625, 6.327057446448369e-20, nan 
123.625, 73.625, 3.827916783273702e-20, nan 
123.875, 73.625, 5.183131167401486e-20, nan 
124.125, 73.625, 5.910153610685785e-20, nan 
124.375, 73.625, 5.488834213096048e-20, nan 
124.625, 73.625, 4.131384602312854e-20, nan 
124.875, 73.625, 5.783920628078464e-20, nan 
125.125, 73.625, 5.0474452730602317e-20, nan 
125.375, 73.625, 3.347730721808408e-20, nan 
125.625, 73.625, 6.12274011969902e-20, nan 
125.875, 73.625, 4.0579474694791536e-20, nan 
126.125, 73.625, 4.633807481790692e-20, nan 
126.375, 73.625, 4.369975710408599e-20, nan 
126.625, 73.625, 2.241607593241666e-20, nan 
126.875, 73.625, 3.1855900298635325e-20, nan 
127.125, 73.625, 2.0359364269713522e-20, nan 
127.375, 73.625, 2.2415237544408496e-20, nan 
127.625, 73.625, 2.1984718910492292e-20, nan 
127.875, 73.625, 1.1340269921512648e-20, nan 
128.125, 73.625, 2.6860821153938287e-20, nan 
128.375, 73.625, 2.6917788815975264e-20, nan 
128.625, 73.625, 2.3191397478903086e-20, nan 
128.875, 73.625, 2.3397670330092815e-20, nan 
129.125, 73.625, 2.84511138154241e-20, nan 
129.375, 73.625, 2.749475753182468e-20, nan 
129.625, 73.625, 2.821448370521256e-20, nan 
129.875, 73.625, 2.112784194370049e-20, nan 
130.125, 73.625, 2.8662074074890115e-20, nan 
130.375, 73.625, 2.542997050405862e-20, nan 
130.625, 73.625, 1.977780169485184e-20, nan 
130.875, 73.625, 2.1356756233572016e-20, nan 
131.125, 73.625, 1.491729111739193e-20, nan 
131.375, 73.625, 1.2560796285476058e-20, nan 
131.625, 73.625, 7.339234377757148e-21, nan 
131.875, 73.625, 9.670784613750785e-21, nan 
132.125, 73.625, 5.9855290291082835e-21, nan 
132.375, 73.625, 6.411809624633672e-21, nan 
132.625, 73.625, 7.148411601330333e-21, nan 
132.875, 73.625, 4.736184553833112e-21, nan 
133.125, 73.625, 3.979870710603635e-21, nan 
133.375, 73.625, 5.769600992671506e-21, nan 
133.625, 73.625, 6.130628265983802e-21, nan 
133.875, 73.625, 5.252151048755494e-21, nan 
134.125, 73.625, 4.708179193329044e-21, nan 
134.375, 73.625, 4.30380939534857e-21, nan 
134.625, 73.625, 3.441852925559482e-21, nan 
134.875, 73.625, 2.9596282514561095e-21, nan 
135.125, 73.625, 2.6117208873608958e-21, nan 
135.375, 73.625, 1.7430533212623827e-21, nan 
135.625, 73.625, 2.894983357421918e-21, nan 
135.875, 73.625, 2.357786772213512e-21, nan 
136.125, 73.625, 2.3896288061686922e-21, nan 
136.375, 73.625, 8.903287529024547e-22, nan 
136.625, 73.625, 1.7017281961218113e-21, nan 
136.875, 73.625, 2.122799247735785e-21, nan 
137.125, 73.625, 1.7851405588497166e-21, nan 
137.375, 73.625, 1.780255630532637e-21, nan 
137.625, 73.625, 1.4701674623736398e-21, nan 
137.875, 73.625, 1.4190516169103475e-21, nan 
138.125, 73.625, 6.863347180221316e-22, nan 
138.375, 73.625, 7.337893833864243e-22, nan 
138.625, 73.625, 1.7035710484044485e-21, nan 
138.875, 73.625, 1.3268453380996345e-21, nan 
139.125, 73.625, 1.177442707643273e-21, nan 
139.375, 73.625, 1.3000132738090535e-21, nan 
139.625, 73.625, 1.2123887009240205e-21, nan 
139.875, 73.625, 2.393102410170985e-21, nan 
140.125, 73.625, 2.0310005180670484e-21, nan 
140.375, 73.625, 1.4859346448038254e-21, nan 
140.625, 73.625, 1.903779922929022e-21, nan 
140.875, 73.625, 1.4474884820375913e-21, nan 
141.125, 73.625, 8.546051869524438e-22, nan 
141.375, 73.625, 8.813517111378387e-22, nan 
141.625, 73.625, 1.2575551285890409e-21, nan 
141.875, 73.625, 1.6980645574081294e-21, nan 
142.125, 73.625, 1.6318569489545306e-21, nan 
142.375, 73.625, 1.980182782817084e-21, nan 
142.625, 73.625, 1.5045184966748634e-21, nan 
142.875, 73.625, 1.3547293576908867e-21, nan 
143.125, 73.625, 1.395829404777557e-21, nan 
143.375, 73.625, 7.464956656479638e-22, nan 
143.625, 73.625, 6.1237742065593325e-22, nan 
143.875, 73.625, 6.447716842803289e-22, nan 
144.125, 73.625, 6.108520396963405e-22, nan 
144.375, 73.625, 6.013664175299979e-22, nan 
144.625, 73.625, 6.355391171408497e-22, nan 
144.875, 73.625, 5.28479668850502e-22, nan 
145.125, 73.625, 4.558622151779822e-22, nan 
145.375, 73.625, 3.630667415391538e-22, nan 
145.625, 73.625, 3.1090460123780565e-22, nan 
145.875, 73.625, 3.581416783644538e-22, nan 
146.125, 73.625, 1.721433732535625e-22, nan 
146.375, 73.625, 2.0797067289471902e-22, nan 
146.625, 73.625, 2.802336016871508e-22, nan 
146.875, 73.625, 2.583424088446136e-22, nan 
147.125, 73.625, 3.9674650636552474e-22, nan 
147.375, 73.625, 2.966547674111875e-22, nan 
147.625, 73.625, 3.1217454874102532e-22, nan 
147.875, 73.625, 3.57216586010227e-22, nan 
148.125, 73.625, 2.3806708907001747e-22, nan 
148.375, 73.625, 1.97502496611125e-22, nan 
148.625, 73.625, 2.428229668808356e-22, nan 
148.875, 73.625, 2.3698331150718154e-22, nan 
149.125, 73.625, 1.7717532941018603e-22, nan 
149.375, 73.625, 2.72733609948479e-22, nan 
149.625, 73.625, 2.6600509026066904e-22, nan 
149.875, 73.625, 1.0379271648894363e-22, nan 
150.125, 73.625, 1.2845045996733148e-22, nan 
150.375, 73.625, 1.060174289913033e-22, nan 
150.625, 73.625, 2.4565205932826867e-22, nan 
150.875, 73.625, 2.6009423642871536e-22, nan 
151.125, 73.625, 2.4634345236844732e-22, nan 
151.375, 73.625, 2.469332262660196e-22, nan 
151.625, 73.625, 2.716755483081994e-22, nan 
151.875, 73.625, 2.6251238523493847e-22, nan 
152.125, 73.625, 2.2296270221898175e-22, nan 
152.375, 73.625, 2.3815225006053877e-22, nan 
152.625, 73.625, 2.0752698567711464e-22, nan 
152.875, 73.625, 1.9431483937401993e-22, nan 
153.125, 73.625, 2.704492565895834e-22, nan 
153.375, 73.625, 3.400267656656913e-22, nan 
153.625, 73.625, 3.8808783239947355e-22, nan 
153.875, 73.625, 2.7825847150112946e-22, nan 
154.125, 73.625, 2.8298827157351015e-22, nan 
154.375, 73.625, 3.332037162422967e-22, nan 
154.625, 73.625, 2.356161998721227e-22, nan 
154.875, 73.625, 1.845945828055371e-22, nan 
155.125, 73.625, 1.5917490121941334e-22, nan 
155.375, 73.625, 1.6067725166263616e-22, nan 
155.625, 73.625, 1.5525444423854366e-22, nan 
155.875, 73.625, 1.1794597497193596e-22, nan 
156.125, 73.625, 9.915911911945857e-23, nan 
156.375, 73.625, 4.852984066387997e-23, nan 
156.625, 73.625, 3.7119709413640435e-23, nan 
156.875, 73.625, 8.957261785554193e-23, nan 
157.125, 73.625, 8.602906764477847e-23, nan 
157.375, 73.625, 7.021786491790444e-23, nan 
157.625, 73.625, 8.96597307964871e-23, nan 
157.875, 73.625, 8.599306100128247e-23, nan 
158.125, 73.625, 6.699641944714904e-23, nan 
158.375, 73.625, 5.884877976747365e-23, nan 
158.625, 73.625, 4.315218439571358e-23, nan 
158.875, 73.625, 1.0812619625919414e-22, nan 
159.125, 73.625, 1.1071642214805702e-22, nan 
159.375, 73.625, 1.8171232914453907e-22, nan 
159.625, 73.625, 1.3486872651644345e-22, nan 
159.875, 73.625, 1.1639720204392554e-22, nan 
160.125, 73.625, 2.4837967016428865e-22, nan 
160.375, 73.625, 2.7814745142679245e-22, nan 
160.625, 73.625, 7.054386943771329e-22, nan 
160.875, 73.625, 7.422932015448742e-22, nan 
161.125, 73.625, 6.897162077551379e-22, nan 
161.375, 73.625, 7.327569018777561e-22, nan 
161.625, 73.625, 8.144489894008033e-22, nan 
161.875, 73.625, 9.113721089957235e-22, nan 
162.125, 73.625, 5.217049504745912e-22, nan 
162.375, 73.625, 4.473444032917279e-22, nan 
162.625, 73.625, 5.996244290662882e-22, nan 
162.875, 73.625, 7.52624375322373e-22, nan 
163.125, 73.625, 7.482495522714483e-22, nan 
163.375, 73.625, 7.5884767965539955e-22, nan 
163.625, 73.625, 7.413134757786802e-22, nan 
163.875, 73.625, 4.737959553141786e-22, nan 
164.125, 73.625, 6.277322987140073e-22, nan 
164.375, 73.625, 9.537053695340808e-22, nan 
164.625, 73.625, 7.680616932199898e-22, nan 
164.875, 73.625, 4.751127520155603e-22, nan 
165.125, 73.625, 7.704101144319385e-22, nan 
165.375, 73.625, 5.15408002074078e-22, nan 
165.625, 73.625, 5.650271180693411e-22, nan 
165.875, 73.625, 8.191571371037596e-22, nan 
166.125, 73.625, 7.682803221135456e-22, nan 
166.375, 73.625, 5.000959938076753e-22, nan 
166.625, 73.625, 3.143191158838416e-22, nan 
166.875, 73.625, 2.502327473291967e-22, nan 
167.125, 73.625, 1.4223658285408514e-22, nan 
167.375, 73.625, 9.990540108041192e-23, nan 
167.625, 73.625, 8.446437553180119e-23, nan 
167.875, 73.625, 1.3685756850415122e-22, nan 
168.125, 73.625, 1.5787608436066558e-22, nan 
168.375, 73.625, 1.0653951428196998e-22, nan 
168.625, 73.625, 9.044971939648289e-23, nan 
168.875, 73.625, 1.349981623967394e-22, nan 
169.125, 73.625, 1.0643433716767308e-22, nan 
169.375, 73.625, 8.954611607367628e-23, nan 
169.625, 73.625, 4.493455991658174e-23, nan 
169.875, 73.625, 3.8843726509397805e-23, nan 
170.125, 73.625, 5.734988881739424e-23, nan 
170.375, 73.625, 2.261648058282393e-23, nan 
170.625, 73.625, 2.246985502203346e-23, nan 
170.875, 73.625, 1.5181344992412888e-23, nan 
171.125, 73.625, 2.4175859450990925e-23, nan 
171.375, 73.625, 2.709118541762158e-23, nan 
171.625, 73.625, 1.8565867035715727e-23, nan 
171.875, 73.625, 1.2981937202310907e-23, nan 
172.125, 73.625, 2.2334523867979603e-23, nan 
172.375, 73.625, 2.042142393401741e-23, nan 
172.625, 73.625, 9.603305491419328e-24, nan 
172.875, 73.625, 2.1502501487244688e-23, nan 
173.125, 73.625, 2.6910836558125247e-23, nan 
173.375, 73.625, 1.9153364116642783e-23, nan 
173.625, 73.625, 1.834189683680621e-23, nan 
173.875, 73.625, 1.7224832782834277e-23, nan 
174.125, 73.625, 4.1980135405047425e-24, nan 
174.375, 73.625, 6.799555905975432e-24, nan 
174.625, 73.625, 5.079814688942965e-24, nan 
174.875, 73.625, 1.1611627139941925e-23, nan 
175.125, 73.625, 1.5395550521535422e-23, nan 
175.375, 73.625, 1.4877660035947842e-23, nan 
175.625, 73.625, 1.3416390547325323e-23, nan 
175.875, 73.625, 1.765167605089893e-23, nan 
176.125, 73.625, 3.738211476890399e-23, nan 
176.375, 73.625, 3.067984476889306e-23, nan 
176.625, 73.625, 3.669371051477286e-23, nan 
176.875, 73.625, 4.002118144638181e-23, nan 
177.125, 73.625, 3.396474933754056e-23, nan 
177.375, 73.625, 4.241192747220031e-23, nan 
177.625, 73.625, 4.3555752149514555e-23, nan 
177.875, 73.625, 1.4835234188890674e-22, nan 
178.125, 73.625, 3.083802020418046e-22, nan 
178.375, 73.625, 3.074329116201185e-22, nan 
178.625, 73.625, 1.8149771009715234e-22, nan 
178.875, 73.625, 4.551238870802288e-23, nan 
179.125, 73.625, 3.311237149981092e-23, nan 
179.375, 73.625, 3.430201173526486e-23, nan 
179.625, 73.625, 2.9889925557310836e-23, nan 
179.875, 73.625, 1.5797289006551142e-23, nan 
-179.875, 73.875, 3.442587597110396e-23, nan 
-179.625, 73.875, 3.58161551525055e-23, nan 
-179.375, 73.875, 4.4292816860389466e-23, nan 
-179.125, 73.875, 2.8515307401886787e-23, nan 
-178.875, 73.875, 2.7625548228990127e-23, nan 
-178.625, 73.875, 3.126459314024904e-23, nan 
-178.375, 73.875, 2.3354667204432697e-23, nan 
-178.125, 73.875, 2.2031925113395805e-23, nan 
-177.875, 73.875, 1.7484056658125578e-23, nan 
-177.625, 73.875, 1.3813762644447146e-23, nan 
-177.375, 73.875, 1.6399081525185184e-23, nan 
-177.125, 73.875, 1.2186164238502834e-23, nan 
-176.875, 73.875, 8.400058431459605e-24, nan 
-176.625, 73.875, 1.247575860473107e-23, nan 
-176.375, 73.875, 1.1890984714583449e-23, nan 
-176.125, 73.875, 2.2449424115971128e-23, nan 
-175.875, 73.875, 2.6998063302337086e-23, nan 
-175.625, 73.875, 4.060114089640739e-23, nan 
-175.375, 73.875, 4.80390256422579e-23, nan 
-175.125, 73.875, 5.86063331087411e-23, nan 
-174.875, 73.875, 2.1530233171272174e-22, nan 
-174.625, 73.875, 2.7429301784636685e-22, nan 
-174.375, 73.875, 2.271204372671764e-22, nan 
-174.125, 73.875, 3.293652959791499e-22, nan 
-173.875, 73.875, 3.6305504480416536e-22, nan 
-173.625, 73.875, 4.327872747997295e-22, nan 
-173.375, 73.875, 3.752610257836051e-22, nan 
-173.125, 73.875, 2.530108959394531e-22, nan 
-172.875, 73.875, 2.293025887214666e-22, nan 
-172.625, 73.875, 2.3161659374815583e-22, nan 
-172.375, 73.875, 1.3985025168908523e-22, nan 
-172.125, 73.875, 1.6948971082239377e-23, nan 
-171.875, 73.875, 2.6276812071890114e-23, nan 
-171.625, 73.875, 1.113374996587088e-23, nan 
-171.375, 73.875, 1.6255855553778133e-23, nan 
-171.125, 73.875, 3.803869572570308e-23, nan 
-170.875, 73.875, 4.0866932758185265e-23, nan 
-170.625, 73.875, 2.197686829638225e-23, nan 
-170.375, 73.875, 6.081171643816251e-23, nan 
-170.125, 73.875, 6.049785412377007e-23, nan 
-169.875, 73.875, 2.4585779266839217e-23, nan 
-169.625, 73.875, 2.7706441342661484e-23, nan 
-169.375, 73.875, 3.087751923402708e-23, nan 
-169.125, 73.875, 3.0927836810603243e-23, nan 
-168.875, 73.875, 1.8527916929261053e-23, nan 
-168.625, 73.875, 2.300441310589611e-23, nan 
-168.375, 73.875, 2.3975836112482174e-23, nan 
-168.125, 73.875, 1.481257961497099e-23, nan 
-167.875, 73.875, 1.6075116230099864e-23, nan 
-167.625, 73.875, 1.1964906443373483e-23, nan 
-167.375, 73.875, 6.979583209484972e-24, nan 
-167.125, 73.875, 1.3969845900931265e-23, nan 
-166.875, 73.875, 8.602975650053977e-24, nan 
-166.625, 73.875, 7.126754097382059e-24, nan 
-166.375, 73.875, 9.66218539418251e-24, nan 
-166.125, 73.875, 6.403283837457042e-24, nan 
-165.875, 73.875, 4.7770156023156555e-24, nan 
-165.625, 73.875, 3.864251450227886e-24, nan 
-165.375, 73.875, 1.8544128752668103e-24, nan 
-165.125, 73.875, 3.279514825404852e-24, nan 
-164.875, 73.875, 3.537676251030871e-24, nan 
-164.625, 73.875, 5.794439589240939e-24, nan 
-164.375, 73.875, 6.601205455594579e-24, nan 
-164.125, 73.875, 1.2900785304404713e-23, nan 
-163.875, 73.875, 1.290694691657987e-23, nan 
-163.625, 73.875, 1.057710390619284e-23, nan 
-163.375, 73.875, 1.3830804736551153e-23, nan 
-163.125, 73.875, 1.2739980543920918e-23, nan 
-162.875, 73.875, 9.472433262745235e-24, nan 
-162.625, 73.875, 1.4887274191287105e-23, nan 
-162.375, 73.875, 1.7296155511054884e-23, nan 
-162.125, 73.875, 1.7834694684630865e-23, nan 
-161.875, 73.875, 1.502624651767475e-23, nan 
-161.625, 73.875, 2.026662665699182e-23, nan 
-161.375, 73.875, 2.475907325535382e-23, nan 
-161.125, 73.875, 2.34107523113801e-23, nan 
-160.875, 73.875, 2.0543869116073402e-23, nan 
-160.625, 73.875, 1.5652700739266668e-23, nan 
-160.375, 73.875, 1.357454011968857e-23, nan 
-160.125, 73.875, 1.7182732793586293e-23, nan 
-159.875, 73.875, 1.2266279396495443e-23, nan 
-159.625, 73.875, 1.9671165692347078e-23, nan 
-159.375, 73.875, 2.019115866052468e-23, nan 
-159.125, 73.875, 1.4167160728776156e-23, nan 
-158.875, 73.875, 1.8419487580754665e-23, nan 
-158.625, 73.875, 1.7315352951679575e-23, nan 
-158.375, 73.875, 8.23022085748854e-24, nan 
-158.125, 73.875, 1.280610230139528e-23, nan 
3.625, 73.875, 2.0312096200070504e-24, nan 
3.875, 73.875, 1.980249802284036e-24, nan 
4.125, 73.875, 1.87785290514603e-24, nan 
4.375, 73.875, 8.1944085371101525e-25, nan 
4.625, 73.875, 1.4140351544078865e-24, nan 
4.875, 73.875, 2.005712055241088e-24, nan 
5.125, 73.875, 1.6351832811851184e-24, nan 
5.375, 73.875, 1.1077370539484891e-24, nan 
5.625, 73.875, 1.6117408625943885e-24, nan 
5.875, 73.875, 1.2914288601799296e-24, nan 
6.125, 73.875, 8.275901395539232e-25, nan 
6.375, 73.875, 1.673434169552176e-24, nan 
6.625, 73.875, 1.3438426769512326e-24, nan 
6.875, 73.875, 1.557962699971554e-24, nan 
7.125, 73.875, 1.7182953315574414e-24, nan 
7.375, 73.875, 1.143447112236804e-24, nan 
7.625, 73.875, 1.5964591799374173e-24, nan 
7.875, 73.875, 2.2266273030219814e-24, nan 
8.125, 73.875, 1.3229819086157002e-24, nan 
8.375, 73.875, 1.442711938322544e-24, nan 
8.625, 73.875, 1.3773514975527318e-24, nan 
8.875, 73.875, 1.5144548444939936e-24, nan 
9.125, 73.875, 2.461281395772726e-24, nan 
9.375, 73.875, 1.8774855015549436e-24, nan 
9.625, 73.875, 1.78445692916782e-24, nan 
9.875, 73.875, 2.978947107215275e-24, nan 
10.125, 73.875, 2.404168726794432e-24, nan 
10.375, 73.875, 2.372368670303233e-24, nan 
10.625, 73.875, 2.4182749654296612e-24, nan 
10.875, 73.875, 1.610470811812709e-24, nan 
11.125, 73.875, 2.557067834204542e-24, nan 
11.375, 73.875, 2.6245035488743398e-24, nan 
11.625, 73.875, 1.939854679292475e-24, nan 
11.875, 73.875, 1.3854956824937958e-24, nan 
12.125, 73.875, 1.8874741379758192e-24, nan 
12.375, 73.875, 1.559118545468226e-24, nan 
12.625, 73.875, 1.1174626404494978e-24, nan 
12.875, 73.875, 2.31113511770129e-24, nan 
13.125, 73.875, 2.550415643407022e-24, nan 
13.375, 73.875, 1.8957346576661136e-24, nan 
13.625, 73.875, 2.8652603248929616e-24, nan 
13.875, 73.875, 3.719274146264239e-24, nan 
14.125, 73.875, 2.7927493110882797e-24, nan 
14.375, 73.875, 1.8788979204798674e-24, nan 
14.625, 73.875, 4.459802813406525e-24, nan 
14.875, 73.875, 3.5669174076374966e-24, nan 
15.125, 73.875, 1.3522955574283405e-24, nan 
15.375, 73.875, 1.991935271343161e-24, nan 
15.625, 73.875, 1.320597313299841e-24, nan 
15.875, 73.875, 7.640703189193616e-25, nan 
16.125, 73.875, 1.2176413487015881e-24, nan 
16.375, 73.875, 1.0289512051042446e-24, nan 
16.625, 73.875, 1.3665346106123597e-24, nan 
16.875, 73.875, 1.9171623629952457e-24, nan 
17.125, 73.875, 2.653831533246662e-24, nan 
17.375, 73.875, 2.3248177219428212e-24, nan 
17.625, 73.875, 2.210882871302286e-24, nan 
17.875, 73.875, 3.116124963010084e-24, nan 
18.125, 73.875, 3.3646283111164696e-24, nan 
18.375, 73.875, 2.108264525470772e-24, nan 
18.625, 73.875, 1.5970274393790044e-24, nan 
18.875, 73.875, 1.777541870189082e-24, nan 
19.125, 73.875, 2.021153781210758e-24, nan 
19.375, 73.875, 1.6128939682596108e-24, nan 
19.625, 73.875, 1.5602749165381924e-24, nan 
19.875, 73.875, 1.875465843251562e-24, nan 
20.125, 73.875, 1.9028543089771397e-24, nan 
20.375, 73.875, 1.7370808749759197e-24, nan 
20.625, 73.875, 2.0510057576669427e-24, nan 
20.875, 73.875, 1.673517045540045e-24, nan 
21.125, 73.875, 2.3450035456201682e-24, nan 
21.375, 73.875, 1.6949869784700742e-24, nan 
21.625, 73.875, 2.0080181882271173e-24, nan 
21.875, 73.875, 2.7880261411347245e-24, nan 
22.125, 73.875, 3.207396207727763e-24, nan 
22.375, 73.875, 3.322847432372644e-24, nan 
22.625, 73.875, 2.9960017544446757e-24, nan 
22.875, 73.875, 4.959679757747404e-24, nan 
23.125, 73.875, 4.139804712490921e-24, nan 
23.375, 73.875, 1.9014387477357343e-24, nan 
23.625, 73.875, 2.032605117783455e-24, nan 
23.875, 73.875, 1.7918395940828087e-24, nan 
24.125, 73.875, 1.5228984411978226e-24, nan 
24.375, 73.875, 3.393012487547047e-24, nan 
24.625, 73.875, 3.02631102460093e-24, nan 
24.875, 73.875, 1.848805644233721e-24, nan 
25.125, 73.875, 4.1333597019018966e-24, nan 
25.375, 73.875, 4.505750962138819e-24, nan 
25.625, 73.875, 1.049395952553205e-24, nan 
25.875, 73.875, 1.2668694341436443e-24, nan 
26.125, 73.875, 3.0277658143980465e-24, nan 
26.375, 73.875, 3.6493255201209016e-24, nan 
26.625, 73.875, 1.8530106103238542e-24, nan 
26.875, 73.875, 5.096970094167727e-24, nan 
27.125, 73.875, 5.9155219683987556e-24, nan 
27.375, 73.875, 2.6437358573787782e-24, nan 
27.625, 73.875, 4.287555646246832e-24, nan 
27.875, 73.875, 4.5656228761004406e-24, nan 
28.125, 73.875, 2.1151183273002885e-24, nan 
28.375, 73.875, 4.82265922787722e-24, nan 
28.625, 73.875, 4.335491065551504e-24, nan 
28.875, 73.875, 1.3627539021487423e-24, nan 
29.125, 73.875, 2.9051699602091638e-24, nan 
29.375, 73.875, 3.075756272833651e-24, nan 
29.625, 73.875, 2.765389425075656e-24, nan 
29.875, 73.875, 3.6514801454392504e-24, nan 
30.125, 73.875, 2.9455827948264707e-24, nan 
30.375, 73.875, 1.978673247759437e-24, nan 
30.625, 73.875, 2.98217833345693e-24, nan 
30.875, 73.875, 3.5521672580318e-24, nan 
31.125, 73.875, 6.283123455279682e-24, nan 
31.375, 73.875, 5.84628964993549e-24, nan 
31.625, 73.875, 5.6976838132011786e-24, nan 
31.875, 73.875, 1.058096398327403e-23, nan 
32.125, 73.875, 8.480093007100169e-24, nan 
32.375, 73.875, 2.3261841868454308e-24, nan 
32.625, 73.875, 4.131381556648223e-24, nan 
32.875, 73.875, 3.3127202668419416e-24, nan 
33.125, 73.875, 3.711868315392859e-24, nan 
33.375, 73.875, 6.1571480154032205e-24, nan 
33.625, 73.875, 2.1102754391675675e-24, nan 
33.875, 73.875, 1.1348758653824934e-24, nan 
34.125, 73.875, 4.8476528148286005e-24, nan 
34.375, 73.875, 3.451122197153045e-24, nan 
34.625, 73.875, 6.104993326527551e-24, nan 
34.875, 73.875, 6.715164690336099e-24, nan 
35.125, 73.875, 3.186546886873081e-24, nan 
35.375, 73.875, 4.6752265981531526e-24, nan 
35.625, 73.875, 6.739264337228911e-24, nan 
35.875, 73.875, 2.8926964566007905e-24, nan 
36.125, 73.875, 3.0114937865097634e-24, nan 
36.375, 73.875, 8.922040274044953e-24, nan 
36.625, 73.875, 3.653654334659238e-24, nan 
36.875, 73.875, 4.4226148228562405e-24, nan 
37.125, 73.875, 5.901165151877543e-24, nan 
37.375, 73.875, 4.274660112902325e-24, nan 
37.625, 73.875, 5.2913878975725916e-24, nan 
37.875, 73.875, 5.315926661249819e-24, nan 
38.125, 73.875, 8.160867726902369e-24, nan 
38.375, 73.875, 9.160146855340322e-24, nan 
38.625, 73.875, 9.927323771819931e-24, nan 
38.875, 73.875, 1.0137525396053996e-23, nan 
39.125, 73.875, 7.954122515432187e-24, nan 
39.375, 73.875, 1.098061380131423e-23, nan 
39.625, 73.875, 6.72192581287633e-24, nan 
39.875, 73.875, 7.291331677125488e-24, nan 
40.125, 73.875, 1.1118501221882563e-23, nan 
40.375, 73.875, 1.2671749708308521e-23, nan 
40.625, 73.875, 8.938447485233368e-24, nan 
40.875, 73.875, 5.1075593911029116e-24, nan 
41.125, 73.875, 8.441219487892994e-24, nan 
41.375, 73.875, 3.6751186885896824e-24, nan 
41.625, 73.875, 7.105211882402922e-24, nan 
41.875, 73.875, 1.3441527814888592e-23, nan 
42.125, 73.875, 5.610979520145061e-24, nan 
42.375, 73.875, 4.362211952490674e-24, nan 
42.625, 73.875, 1.1379638116020674e-23, nan 
42.875, 73.875, 1.0409972277989783e-23, nan 
43.125, 73.875, 1.4973453268395245e-23, nan 
43.375, 73.875, 1.3451324515578365e-23, nan 
43.625, 73.875, 1.6989297714754917e-23, nan 
43.875, 73.875, 2.0773345022330794e-23, nan 
44.125, 73.875, 2.3686816410512124e-23, nan 
44.375, 73.875, 2.1622236943112998e-23, nan 
44.625, 73.875, 1.0914283578368576e-23, nan 
44.875, 73.875, 1.468835939910376e-23, nan 
45.125, 73.875, 1.4798480056297015e-23, nan 
45.375, 73.875, 9.913443863883251e-24, nan 
45.625, 73.875, 9.659436556541237e-24, nan 
45.875, 73.875, 9.954561239636625e-24, nan 
46.125, 73.875, 4.393892058677633e-24, nan 
46.375, 73.875, 5.582110694040502e-24, nan 
46.625, 73.875, 1.5327035719530363e-23, nan 
46.875, 73.875, 1.504415591972486e-23, nan 
47.125, 73.875, 1.3219777615131893e-23, nan 
47.375, 73.875, 1.689757849975766e-23, nan 
47.625, 73.875, 1.667227594303125e-23, nan 
47.875, 73.875, 1.4554122312539257e-23, nan 
48.125, 73.875, 4.273335309019429e-24, nan 
48.375, 73.875, 7.793728852925982e-24, nan 
48.625, 73.875, 9.13928421853005e-24, nan 
48.875, 73.875, 2.3369495972236274e-24, nan 
49.125, 73.875, 4.7266265967280274e-24, nan 
49.375, 73.875, 9.238353631406249e-24, nan 
49.625, 73.875, 9.90775513378693e-24, nan 
49.875, 73.875, 6.619575665877033e-24, nan 
50.125, 73.875, 7.337138630860529e-24, nan 
50.375, 73.875, 9.129003834967983e-24, nan 
50.625, 73.875, 5.968019175999258e-24, nan 
50.875, 73.875, 9.199240445095236e-24, nan 
51.125, 73.875, 1.61637304396967e-23, nan 
51.375, 73.875, 1.8863392587821583e-23, nan 
51.625, 73.875, 1.878870121944962e-23, nan 
51.875, 73.875, 3.316796795944124e-23, nan 
52.125, 73.875, 2.784086466333927e-23, nan 
52.375, 73.875, 2.3789862911636292e-23, nan 
52.625, 73.875, 5.0158430789929114e-23, nan 
52.875, 73.875, 3.8364944094397073e-23, nan 
53.125, 73.875, 2.510248796090713e-23, nan 
53.375, 73.875, 2.533952065919307e-23, nan 
53.625, 73.875, 1.8204116306470586e-23, nan 
53.875, 73.875, 1.521490814925564e-23, nan 
54.125, 73.875, 9.49869923557201e-24, nan 
54.375, 73.875, 8.751130889756257e-24, nan 
54.625, 73.875, 1.4697195923220864e-23, nan 
54.875, 73.875, 2.0789940613353908e-23, nan 
55.125, 73.875, 2.2890071149000445e-23, nan 
55.375, 73.875, 1.994408535229925e-23, nan 
55.625, 73.875, 2.4802589698706004e-23, nan 
55.875, 73.875, 3.1157455250265167e-23, nan 
56.125, 73.875, 2.91217383132899e-23, nan 
56.375, 73.875, 2.4627284155980815e-23, nan 
56.625, 73.875, 2.800728645457947e-23, nan 
56.875, 73.875, 2.9770265876375413e-23, nan 
57.125, 73.875, 2.926315001384363e-23, nan 
57.375, 73.875, 2.8436178037143535e-23, nan 
57.625, 73.875, 3.398698871065049e-23, nan 
57.875, 73.875, 3.587167747705378e-23, nan 
58.125, 73.875, 4.045382351737206e-23, nan 
58.375, 73.875, 3.55026293229257e-23, nan 
58.625, 73.875, 4.1877006158818087e-23, nan 
58.875, 73.875, 4.4971830744146264e-23, nan 
59.125, 73.875, 4.5657993407035714e-23, nan 
59.375, 73.875, 5.883166644632132e-23, nan 
59.625, 73.875, 4.6886226430889254e-23, nan 
59.875, 73.875, 4.375840110473579e-23, nan 
60.125, 73.875, 5.947459277677722e-23, nan 
60.375, 73.875, 5.960820682291772e-23, nan 
60.625, 73.875, 7.167145924057604e-23, nan 
60.875, 73.875, 7.018086768485907e-23, nan 
61.125, 73.875, 6.198775890249766e-23, nan 
61.375, 73.875, 6.687286925203076e-23, nan 
61.625, 73.875, 8.17041093867955e-23, nan 
61.875, 73.875, 1.103945287584824e-22, nan 
62.125, 73.875, 8.911493156792574e-23, nan 
62.375, 73.875, 1.1135599878184583e-22, nan 
62.625, 73.875, 8.950780420418657e-23, nan 
62.875, 73.875, 7.386762980874959e-23, nan 
63.125, 73.875, 6.053542507710165e-23, nan 
63.375, 73.875, 8.92876770257016e-23, nan 
63.625, 73.875, 9.16523017308193e-23, nan 
63.875, 73.875, 8.813900236756528e-23, nan 
64.125, 73.875, 1.4922809757563346e-22, nan 
64.375, 73.875, 1.1229794522321256e-22, nan 
64.625, 73.875, 9.925801989001992e-23, nan 
64.875, 73.875, 1.2760913231874743e-22, nan 
65.125, 73.875, 8.468958566460452e-23, nan 
65.375, 73.875, 6.592542843641676e-23, nan 
65.625, 73.875, 4.366881011176071e-23, nan 
65.875, 73.875, 4.377679364861489e-23, nan 
66.125, 73.875, 5.360472884719462e-23, nan 
66.375, 73.875, 5.724098603019331e-23, nan 
66.625, 73.875, 9.330918400869059e-23, nan 
66.875, 73.875, 2.5511118875145333e-22, nan 
67.125, 73.875, 3.1614634836839124e-22, nan 
67.375, 73.875, 9.420097657662092e-23, nan 
67.625, 73.875, 1.0998124317106833e-22, nan 
67.875, 73.875, 9.250625609518363e-23, nan 
68.125, 73.875, 7.149250278614138e-23, nan 
68.375, 73.875, 8.863208494063149e-23, nan 
68.625, 73.875, 1.7455898184577557e-22, nan 
68.875, 73.875, 2.3504587866466614e-22, nan 
69.125, 73.875, 2.6145844158674646e-22, nan 
69.375, 73.875, 2.5360111571219354e-22, nan 
69.625, 73.875, 2.850911940776751e-22, nan 
69.875, 73.875, 2.745526993173515e-22, nan 
70.125, 73.875, 1.8599657024757418e-22, nan 
70.375, 73.875, 2.8084451704334025e-22, nan 
70.625, 73.875, 2.1321864519743125e-22, nan 
70.875, 73.875, 2.1258414886344494e-22, nan 
71.125, 73.875, 1.8166860281323662e-22, nan 
71.375, 73.875, 1.9085733540708642e-22, nan 
71.625, 73.875, 1.467877056507278e-22, nan 
71.875, 73.875, 1.1463017566924417e-22, nan 
72.125, 73.875, 1.9064958220021038e-22, nan 
72.375, 73.875, 1.3636733595955245e-22, nan 
72.625, 73.875, 1.0663272675548444e-22, nan 
72.875, 73.875, 1.820348918447681e-22, nan 
73.125, 73.875, 2.448527654553569e-22, nan 
73.375, 73.875, 1.9311651499813967e-22, nan 
73.625, 73.875, 1.4780073599927465e-22, nan 
73.875, 73.875, 2.0723904829227058e-22, nan 
74.125, 73.875, 5.033705797717852e-22, nan 
74.375, 73.875, 4.106057535001864e-22, nan 
74.625, 73.875, 3.6430116303619647e-22, nan 
74.875, 73.875, 3.4254163397045775e-22, nan 
75.125, 73.875, 3.461210911180386e-22, nan 
75.375, 73.875, 3.4410304791980884e-22, nan 
75.625, 73.875, 5.114538472997885e-22, nan 
75.875, 73.875, 6.404227164280589e-22, nan 
76.125, 73.875, 5.13552114461395e-22, nan 
76.375, 73.875, 6.54124132518364e-22, nan 
76.625, 73.875, 6.45922666438737e-22, nan 
76.875, 73.875, 6.206423157325741e-22, nan 
77.125, 73.875, 9.046345001108858e-22, nan 
77.375, 73.875, 9.753080902919149e-22, nan 
77.625, 73.875, 2.1752753746712266e-21, nan 
77.875, 73.875, 1.8590224472413766e-21, nan 
78.125, 73.875, 2.0268181544616966e-21, nan 
78.375, 73.875, 1.7996763597772814e-21, nan 
78.625, 73.875, 1.8365342074441275e-21, nan 
78.875, 73.875, 1.802513383805913e-21, nan 
79.125, 73.875, 2.0096347909039835e-21, nan 
79.375, 73.875, 1.018550420460168e-21, nan 
79.625, 73.875, 4.660803114217919e-22, nan 
79.875, 73.875, 4.624570992461272e-22, nan 
80.125, 73.875, 4.48011135681782e-22, nan 
80.375, 73.875, 6.053716503801042e-22, nan 
80.625, 73.875, 6.83465835910386e-22, nan 
80.875, 73.875, 7.5906205632867945e-22, nan 
81.125, 73.875, 1.5817863105921856e-21, nan 
81.375, 73.875, 7.093567239999134e-22, nan 
81.625, 73.875, 7.349042416888419e-22, nan 
81.875, 73.875, 8.835355740196298e-22, nan 
82.125, 73.875, 7.230405518505786e-22, nan 
82.375, 73.875, 1.0389899408563014e-21, nan 
82.625, 73.875, 1.2508740969374923e-21, nan 
82.875, 73.875, 7.6670917258248475e-22, nan 
83.125, 73.875, 8.585790436511871e-22, nan 
83.375, 73.875, 1.4771750689444013e-21, nan 
83.625, 73.875, 2.0497303954178313e-21, nan 
83.875, 73.875, 1.780655261799856e-21, nan 
84.125, 73.875, 3.241771945418937e-21, nan 
84.375, 73.875, 3.0363715975826534e-21, nan 
84.625, 73.875, 2.431597648889836e-21, nan 
84.875, 73.875, 3.1241064002647456e-21, nan 
85.125, 73.875, 2.2425073706982483e-21, nan 
85.375, 73.875, 2.271844570758369e-21, nan 
85.625, 73.875, 1.696225863554495e-21, nan 
85.875, 73.875, 2.337544691026777e-21, nan 
86.125, 73.875, 2.4404522365763684e-21, nan 
86.375, 73.875, 3.65353218731673e-21, nan 
86.625, 73.875, 4.426711148084156e-21, nan 
86.875, 73.875, 3.0369979805385385e-21, nan 
87.125, 73.875, 2.79028127142684e-21, nan 
87.375, 73.875, 2.3073356950540446e-21, nan 
87.625, 73.875, 2.4057013535546254e-21, nan 
87.875, 73.875, 4.4058863581661135e-21, nan 
88.125, 73.875, 2.1256760232215243e-21, nan 
88.375, 73.875, 2.24796020675582e-21, nan 
88.625, 73.875, 3.3602226388150675e-21, nan 
88.875, 73.875, 7.080246560693263e-21, nan 
89.125, 73.875, 5.4904051311172015e-21, nan 
89.375, 73.875, 3.841220433508673e-21, nan 
89.625, 73.875, 5.853537131195646e-21, nan 
89.875, 73.875, 5.5971901822536905e-21, nan 
90.125, 73.875, 8.826259066370718e-21, nan 
90.375, 73.875, 7.571044201849918e-21, nan 
90.625, 73.875, 6.341903293353282e-21, nan 
90.875, 73.875, 8.502427050414568e-21, nan 
91.125, 73.875, 3.1669752077863184e-21, nan 
91.375, 73.875, 9.553491509562059e-21, nan 
91.625, 73.875, 1.1530686896831663e-20, nan 
91.875, 73.875, 6.483997814413317e-21, nan 
92.125, 73.875, 1.691697648354285e-20, nan 
92.375, 73.875, 2.1939500777734027e-20, nan 
92.625, 73.875, 2.043336806730439e-20, nan 
92.875, 73.875, 1.321252262130987e-20, nan 
93.125, 73.875, 1.7460489499232812e-20, nan 
93.375, 73.875, 2.4545471828354354e-20, nan 
93.625, 73.875, 2.3149410315127424e-20, nan 
93.875, 73.875, 2.49392065947814e-20, nan 
94.125, 73.875, 2.390571040613818e-20, nan 
94.375, 73.875, 2.685347111508146e-20, nan 
94.625, 73.875, 3.398993442077458e-20, nan 
94.875, 73.875, 3.267643171231201e-20, nan 
95.125, 73.875, 9.316777743795252e-20, nan 
95.375, 73.875, 9.744234589031433e-20, nan 
95.625, 73.875, 4.1726151645810994e-20, nan 
95.875, 73.875, 9.167015064489418e-20, nan 
96.125, 73.875, 1.6441358590989667e-19, nan 
96.375, 73.875, 1.489958208357565e-19, nan 
96.625, 73.875, 1.704555141588407e-19, nan 
96.875, 73.875, 3.455867520904558e-19, nan 
97.125, 73.875, 3.051281543226627e-19, nan 
97.375, 73.875, 1.6304264687933325e-19, nan 
97.625, 73.875, 2.484270152952817e-19, nan 
97.875, 73.875, 2.4650731536513567e-19, nan 
98.125, 73.875, 1.4724370780834752e-19, nan 
98.375, 73.875, 5.511712374252205e-20, nan 
98.625, 73.875, 3.193428654637925e-20, nan 
98.875, 73.875, 5.816413940495652e-20, nan 
99.125, 73.875, 5.622427647074559e-20, nan 
99.375, 73.875, 5.638813666447505e-20, nan 
99.625, 73.875, 5.951214106683864e-20, nan 
99.875, 73.875, 8.021132772563804e-20, nan 
100.125, 73.875, 8.924785172662072e-20, nan 
100.375, 73.875, 1.1993830236696345e-19, nan 
100.625, 73.875, 3.24146013058756e-19, nan 
100.875, 73.875, 3.56470316647843e-19, nan 
101.125, 73.875, 3.952940314659878e-19, nan 
101.375, 73.875, 3.566254812047396e-19, nan 
101.625, 73.875, 3.719502474256852e-19, nan 
101.875, 73.875, 3.9201315888893525e-19, nan 
102.125, 73.875, 3.367657902342415e-19, nan 
102.375, 73.875, 2.9781087220115353e-19, nan 
102.625, 73.875, 1.7208287601600563e-19, nan 
102.875, 73.875, 1.6819551161711672e-19, nan 
103.125, 73.875, 2.1036268975580618e-19, nan 
103.375, 73.875, 1.433561471872313e-19, nan 
103.625, 73.875, 1.1562932030349648e-19, nan 
103.875, 73.875, 1.8594971212484962e-19, nan 
104.125, 73.875, 1.4369625130033696e-19, nan 
104.375, 73.875, 1.1989398342342711e-18, nan 
104.625, 73.875, 5.455684913546702e-19, nan 
104.875, 73.875, 2.993876434617141e-19, nan 
105.125, 73.875, 2.6607484876060155e-18, nan 
105.375, 73.875, 1.3917160609653659e-18, nan 
105.625, 73.875, 6.585647947651501e-19, nan 
105.875, 73.875, 1.9296578620007045e-18, nan 
106.125, 73.875, 1.1852139341850043e-18, nan 
106.375, 73.875, 7.13381380863318e-19, nan 
106.625, 73.875, 3.8440424176647904e-19, nan 
106.875, 73.875, 3.8218881632565207e-19, nan 
107.125, 73.875, 3.83230183010234e-19, nan 
107.375, 73.875, 7.566303767440026e-19, nan 
107.625, 73.875, 4.760795983780892e-19, nan 
107.875, 73.875, 4.693319638159207e-19, nan 
108.125, 73.875, 8.681392780634006e-19, nan 
108.375, 73.875, 7.6980707725739675e-19, nan 
108.625, 73.875, 1.876122520345219e-18, nan 
108.875, 73.875, 9.637982241767482e-19, nan 
109.125, 73.875, 9.588758167139235e-19, nan 
109.375, 73.875, 2.0904959309728868e-18, nan 
109.625, 73.875, 7.884544456435288e-19, nan 
109.875, 73.875, 6.514842919018961e-19, nan 
110.125, 73.875, 1.4685479881211574e-18, nan 
110.375, 73.875, 1.85467958509403e-18, nan 
110.625, 73.875, 1.2452506472597449e-18, nan 
110.875, 73.875, 1.5657822243615928e-18, nan 
111.125, 73.875, 1.5200384966024162e-18, nan 
111.375, 73.875, 1.6189642551854758e-18, nan 
111.625, 73.875, 2.3197056303268875e-18, nan 
111.875, 73.875, 1.8923309932497086e-18, nan 
112.125, 73.875, 2.173420758376258e-18, nan 
112.375, 73.875, 2.6982860650320984e-18, nan 
112.625, 73.875, 1.8052675342197854e-18, nan 
112.875, 73.875, 1.4343371798889269e-18, nan 
113.125, 73.875, 1.6023151216095741e-18, nan 
113.375, 73.875, 1.4858333047483608e-18, nan 
113.625, 73.875, 1.0276909587071842e-18, nan 
113.875, 73.875, 6.740844919743723e-19, nan 
114.125, 73.875, 1.4257428947582158e-18, nan 
114.375, 73.875, 1.4980417748469562e-18, nan 
114.625, 73.875, 1.6197466912917995e-18, nan 
114.875, 73.875, 1.1024229476197383e-18, nan 
115.125, 73.875, 1.3235176875535043e-18, nan 
115.375, 73.875, 1.1659202884439822e-18, nan 
115.625, 73.875, 8.068440210973731e-19, nan 
115.875, 73.875, 8.04162933911586e-19, nan 
116.125, 73.875, 4.677945855726831e-19, nan 
116.375, 73.875, 5.072985449078452e-19, nan 
116.625, 73.875, 4.819413720617371e-19, nan 
116.875, 73.875, 3.032098596497025e-19, nan 
117.125, 73.875, 3.033023278351133e-19, nan 
117.375, 73.875, 3.9776586572812438e-19, nan 
117.625, 73.875, 2.2305160741601965e-19, nan 
117.875, 73.875, 1.7440470447535153e-19, nan 
118.125, 73.875, 1.119880096089456e-19, nan 
118.375, 73.875, 2.1411771377948378e-19, nan 
118.625, 73.875, 2.1469864942663107e-19, nan 
118.875, 73.875, 1.6978378686371372e-19, nan 
119.125, 73.875, 1.6517503195885164e-19, nan 
119.375, 73.875, 1.7406073980323921e-19, nan 
119.625, 73.875, 1.153249943636859e-19, nan 
119.875, 73.875, 9.475852185290868e-20, nan 
120.125, 73.875, 1.2596497568691648e-19, nan 
120.375, 73.875, 3.9859274849789344e-19, nan 
120.625, 73.875, 5.221980985459965e-19, nan 
120.875, 73.875, 3.926130282177183e-19, nan 
121.125, 73.875, 3.9623987378430207e-19, nan 
121.375, 73.875, 6.76011131455074e-19, nan 
121.625, 73.875, 3.335325667491826e-19, nan 
121.875, 73.875, 2.13060410072108e-19, nan 
122.125, 73.875, 4.459076735878257e-19, nan 
122.375, 73.875, 3.8374026216794804e-19, nan 
122.625, 73.875, 1.6438735275455332e-19, nan 
122.875, 73.875, 1.2827786582770942e-19, nan 
123.125, 73.875, 2.6471883492078263e-19, nan 
123.375, 73.875, 1.0297693871941654e-19, nan 
123.625, 73.875, 5.897065406684183e-20, nan 
123.875, 73.875, 9.219198264123569e-20, nan 
124.125, 73.875, 4.4099511690699383e-20, nan 
124.375, 73.875, 2.965844502957939e-20, nan 
124.625, 73.875, 7.153750869722058e-20, nan 
124.875, 73.875, 1.1271391539070097e-19, nan 
125.125, 73.875, 9.236390613749278e-20, nan 
125.375, 73.875, 8.403242806356127e-20, nan 
125.625, 73.875, 8.343717929033344e-20, nan 
125.875, 73.875, 6.046474848163699e-20, nan 
126.125, 73.875, 5.3804688503831235e-20, nan 
126.375, 73.875, 3.2986198997310466e-20, nan 
126.625, 73.875, 4.997448192698711e-21, nan 
126.875, 73.875, 3.078621286626783e-20, nan 
127.125, 73.875, 2.7259577255895407e-20, nan 
127.375, 73.875, 1.5004147286840942e-20, nan 
127.625, 73.875, 1.9279061398779738e-20, nan 
127.875, 73.875, 1.4595902092542693e-20, nan 
128.125, 73.875, 2.381460191731659e-20, nan 
128.375, 73.875, 1.2852626910215054e-20, nan 
128.625, 73.875, 2.2135534180790897e-20, nan 
128.875, 73.875, 3.027438799882443e-20, nan 
129.125, 73.875, 2.2799850038581184e-20, nan 
129.375, 73.875, 2.601836372573233e-20, nan 
129.625, 73.875, 3.1351188981794325e-20, nan 
129.875, 73.875, 2.6265640427869524e-20, nan 
130.125, 73.875, 2.2741132431902637e-20, nan 
130.375, 73.875, 1.9454013191482128e-20, nan 
130.625, 73.875, 2.098307523424541e-20, nan 
130.875, 73.875, 1.6441249875907206e-20, nan 
131.125, 73.875, 1.1902380649960959e-20, nan 
131.375, 73.875, 4.5078749619260384e-21, nan 
131.625, 73.875, 6.2521153163709424e-21, nan 
131.875, 73.875, 9.083443367127101e-21, nan 
132.125, 73.875, 6.1463909420090984e-21, nan 
132.375, 73.875, 7.347437614241714e-21, nan 
132.625, 73.875, 7.97953086250109e-21, nan 
132.875, 73.875, 6.244430843672954e-21, nan 
133.125, 73.875, 6.5340553558572284e-21, nan 
133.375, 73.875, 5.424229319667765e-21, nan 
133.625, 73.875, 5.1368155174693864e-21, nan 
133.875, 73.875, 4.9240268839953195e-21, nan 
134.125, 73.875, 3.750183276985759e-21, nan 
134.375, 73.875, 2.5880748988228862e-21, nan 
134.625, 73.875, 1.8075245072805925e-21, nan 
134.875, 73.875, 3.1541373038721687e-21, nan 
135.125, 73.875, 2.9657315277249365e-21, nan 
135.375, 73.875, 3.596216607639782e-21, nan 
135.625, 73.875, 3.268563503250164e-21, nan 
135.875, 73.875, 2.5890345623863122e-21, nan 
136.125, 73.875, 3.1062991560235616e-21, nan 
136.375, 73.875, 2.059756668455121e-21, nan 
136.625, 73.875, 2.4537643572151856e-21, nan 
136.875, 73.875, 1.6019023046231416e-21, nan 
137.125, 73.875, 1.5439886748976146e-21, nan 
137.375, 73.875, 2.2093076324276234e-21, nan 
137.625, 73.875, 1.5890599133092101e-21, nan 
137.875, 73.875, 1.549327502379234e-21, nan 
138.125, 73.875, 2.0155952662049284e-21, nan 
138.375, 73.875, 1.4442184945439642e-21, nan 
138.625, 73.875, 1.637714631969302e-21, nan 
138.875, 73.875, 1.9137457403148822e-21, nan 
139.125, 73.875, 1.2799768702355476e-21, nan 
139.375, 73.875, 8.446935790862478e-22, nan 
139.625, 73.875, 8.722581373653075e-22, nan 
139.875, 73.875, 1.6691319937209781e-21, nan 
140.125, 73.875, 1.0060533310199469e-21, nan 
140.375, 73.875, 1.2209830516477625e-21, nan 
140.625, 73.875, 1.954456583415048e-21, nan 
140.875, 73.875, 1.7366689604932752e-21, nan 
141.125, 73.875, 9.767037831099686e-22, nan 
141.375, 73.875, 2.4076989988113043e-21, nan 
141.625, 73.875, 2.801188456730272e-21, nan 
141.875, 73.875, 1.6191798627980654e-21, nan 
142.125, 73.875, 1.953473696383146e-21, nan 
142.375, 73.875, 2.1908014779783487e-21, nan 
142.625, 73.875, 1.144620658583032e-21, nan 
142.875, 73.875, 8.499925347689733e-22, nan 
143.125, 73.875, 4.151710750378831e-22, nan 
143.375, 73.875, 3.032381822265393e-22, nan 
143.625, 73.875, 3.232489485020551e-22, nan 
143.875, 73.875, 5.473503970205338e-22, nan 
144.125, 73.875, 7.239385923222826e-22, nan 
144.375, 73.875, 3.614417477991695e-22, nan 
144.625, 73.875, 5.0076993534942465e-22, nan 
144.875, 73.875, 5.483281488804798e-22, nan 
145.125, 73.875, 4.88004367842219e-22, nan 
145.375, 73.875, 5.783941048169629e-22, nan 
145.625, 73.875, 3.849926011006129e-22, nan 
145.875, 73.875, 3.8959326387394535e-22, nan 
146.125, 73.875, 3.5903153125394335e-22, nan 
146.375, 73.875, 2.8402324838287286e-22, nan 
146.625, 73.875, 2.460189563253794e-22, nan 
146.875, 73.875, 4.662459982034395e-22, nan 
147.125, 73.875, 5.24484046043578e-22, nan 
147.375, 73.875, 3.7572748684402363e-22, nan 
147.625, 73.875, 4.1136308514878994e-22, nan 
147.875, 73.875, 4.74624096046899e-22, nan 
148.125, 73.875, 3.961007230300156e-22, nan 
148.375, 73.875, 3.6304016978265207e-22, nan 
148.625, 73.875, 2.1551304866733083e-22, nan 
148.875, 73.875, 3.2197611039817526e-22, nan 
149.125, 73.875, 4.74815444923607e-22, nan 
149.375, 73.875, 2.1058610809945451e-22, nan 
149.625, 73.875, 2.3466429139040094e-22, nan 
149.875, 73.875, 3.295229446495127e-22, nan 
150.125, 73.875, 9.678783743013633e-23, nan 
150.375, 73.875, 2.400073414039491e-22, nan 
150.625, 73.875, 4.261469621142102e-22, nan 
150.875, 73.875, 2.2946765737246543e-22, nan 
151.125, 73.875, 3.150002347776391e-22, nan 
151.375, 73.875, 4.306486098074947e-22, nan 
151.625, 73.875, 3.307767359819782e-22, nan 
151.875, 73.875, 2.9192158271727717e-22, nan 
152.125, 73.875, 2.8879002108735563e-22, nan 
152.375, 73.875, 2.7634255200036575e-22, nan 
152.625, 73.875, 2.1424210567936473e-22, nan 
152.875, 73.875, 2.0203361775871837e-22, nan 
153.125, 73.875, 2.133166730477255e-22, nan 
153.375, 73.875, 3.3441050064774715e-22, nan 
153.625, 73.875, 4.242382690862333e-22, nan 
153.875, 73.875, 3.585282423323714e-22, nan 
154.125, 73.875, 3.112361271293848e-22, nan 
154.375, 73.875, 3.733831742168788e-22, nan 
154.625, 73.875, 3.0584975277659923e-22, nan 
154.875, 73.875, 1.740301791159578e-22, nan 
155.125, 73.875, 1.647594676737894e-22, nan 
155.375, 73.875, 1.8675073427826588e-22, nan 
155.625, 73.875, 1.431526303736204e-22, nan 
155.875, 73.875, 1.4062504619961492e-22, nan 
156.125, 73.875, 1.5446120531470326e-22, nan 
156.375, 73.875, 9.195839832232875e-23, nan 
156.625, 73.875, 6.204079248994253e-23, nan 
156.875, 73.875, 7.418866602455676e-23, nan 
157.125, 73.875, 7.984923608758889e-23, nan 
157.375, 73.875, 5.62527390832399e-23, nan 
157.625, 73.875, 6.414244589536619e-23, nan 
157.875, 73.875, 6.973166013465281e-23, nan 
158.125, 73.875, 4.1683438148915876e-23, nan 
158.375, 73.875, 7.451306071575945e-23, nan 
158.625, 73.875, 3.2297504285810696e-23, nan 
158.875, 73.875, 4.5189839490000874e-23, nan 
159.125, 73.875, 7.906727906655283e-23, nan 
159.375, 73.875, 6.308530718624339e-23, nan 
159.625, 73.875, 6.3362126621258e-23, nan 
159.875, 73.875, 8.682716905266041e-23, nan 
160.125, 73.875, 1.1233704798634302e-22, nan 
160.375, 73.875, 1.4108915714177652e-22, nan 
160.625, 73.875, 1.9426051825331597e-22, nan 
160.875, 73.875, 2.205853916813503e-22, nan 
161.125, 73.875, 2.7070886931764775e-22, nan 
161.375, 73.875, 4.797174504922097e-22, nan 
161.625, 73.875, 5.0667396876362955e-22, nan 
161.875, 73.875, 5.824264406717548e-22, nan 
162.125, 73.875, 4.0643885005444754e-22, nan 
162.375, 73.875, 2.917250909486827e-22, nan 
162.625, 73.875, 3.4286614398578443e-22, nan 
162.875, 73.875, 3.244856624168669e-22, nan 
163.125, 73.875, 3.5476696819576353e-22, nan 
163.375, 73.875, 2.3344554987781005e-22, nan 
163.625, 73.875, 2.1123365103647798e-22, nan 
163.875, 73.875, 3.238677928192037e-22, nan 
164.125, 73.875, 4.432088296769881e-22, nan 
164.375, 73.875, 5.68136981594219e-22, nan 
164.625, 73.875, 4.621909653589192e-22, nan 
164.875, 73.875, 5.1013467561439e-22, nan 
165.125, 73.875, 5.996842350006332e-22, nan 
165.375, 73.875, 3.417773019426789e-22, nan 
165.625, 73.875, 3.7628148666243916e-22, nan 
165.875, 73.875, 2.2457315136240226e-22, nan 
166.125, 73.875, 2.7105143357978214e-22, nan 
166.375, 73.875, 2.614906049661406e-22, nan 
166.625, 73.875, 1.4311895760779564e-22, nan 
166.875, 73.875, 1.3998696225633122e-22, nan 
167.125, 73.875, 7.30306213389258e-23, nan 
167.375, 73.875, 7.354468193246801e-23, nan 
167.625, 73.875, 8.583922410270818e-23, nan 
167.875, 73.875, 1.1347091939618093e-22, nan 
168.125, 73.875, 1.3581041628654369e-22, nan 
168.375, 73.875, 1.178498973442678e-22, nan 
168.625, 73.875, 1.1541692848254469e-22, nan 
168.875, 73.875, 1.1821787034992188e-22, nan 
169.125, 73.875, 1.0604703671970939e-22, nan 
169.375, 73.875, 6.614157276205985e-23, nan 
169.625, 73.875, 4.5807948017461695e-23, nan 
169.875, 73.875, 5.88252675087859e-23, nan 
170.125, 73.875, 4.775551264500044e-23, nan 
170.375, 73.875, 6.078455997143416e-23, nan 
170.625, 73.875, 5.1417746934935145e-23, nan 
170.875, 73.875, 3.5702148701350925e-23, nan 
171.125, 73.875, 3.1882665136124395e-23, nan 
171.375, 73.875, 3.3284287574355126e-23, nan 
171.625, 73.875, 2.017604958115122e-23, nan 
171.875, 73.875, 6.258081917141134e-24, nan 
172.125, 73.875, 7.120797156689795e-24, nan 
172.375, 73.875, 1.2436606758491468e-23, nan 
172.625, 73.875, 1.59460932638939e-23, nan 
172.875, 73.875, 1.1924207939857626e-23, nan 
173.125, 73.875, 1.8625084734260132e-23, nan 
173.375, 73.875, 2.360925688787304e-23, nan 
173.625, 73.875, 2.876695891699356e-23, nan 
173.875, 73.875, 2.5163717901273595e-23, nan 
174.125, 73.875, 2.1300662254417083e-23, nan 
174.375, 73.875, 2.859731906803468e-23, nan 
174.625, 73.875, 2.476487331094093e-23, nan 
174.875, 73.875, 1.663645506143367e-23, nan 
175.125, 73.875, 2.743800591545225e-23, nan 
175.375, 73.875, 2.48779977772767e-23, nan 
175.625, 73.875, 1.4435510623723176e-23, nan 
175.875, 73.875, 1.8440963138521147e-23, nan 
176.125, 73.875, 3.1490875578172245e-23, nan 
176.375, 73.875, 2.2338151038729608e-23, nan 
176.625, 73.875, 2.082130845799781e-23, nan 
176.875, 73.875, 3.717629725349025e-23, nan 
177.125, 73.875, 3.0074079985699997e-23, nan 
177.375, 73.875, 3.628923596982168e-23, nan 
177.625, 73.875, 3.973394220981674e-23, nan 
177.875, 73.875, 3.218030912305434e-23, nan 
178.125, 73.875, 3.107306310076814e-23, nan 
178.375, 73.875, 3.2058338395606515e-23, nan 
178.625, 73.875, 2.479017905066097e-23, nan 
178.875, 73.875, 3.084992966927497e-23, nan 
179.125, 73.875, 3.497372007518577e-23, nan 
179.375, 73.875, 4.6090815760993824e-23, nan 
179.625, 73.875, 3.552142980775544e-23, nan 
179.875, 73.875, 3.239042183865901e-23, nan 
-179.875, 74.125, 2.43530072270737e-23, nan 
-179.625, 74.125, 2.630072066119925e-23, nan 
-179.375, 74.125, 2.847238286891589e-23, nan 
-179.125, 74.125, 2.278806784019786e-23, nan 
-178.875, 74.125, 2.1640592529863654e-23, nan 
-178.625, 74.125, 1.964224751118943e-23, nan 
-178.375, 74.125, 1.640408393380655e-23, nan 
-178.125, 74.125, 1.422331479242939e-23, nan 
-177.875, 74.125, 1.2267951655042169e-23, nan 
-177.625, 74.125, 1.205914453949665e-23, nan 
-177.375, 74.125, 9.8539831516183e-24, nan 
-177.125, 74.125, 1.0655031439602688e-23, nan 
-176.875, 74.125, 1.0448233602865115e-23, nan 
-176.625, 74.125, 1.1156753799284252e-23, nan 
-176.375, 74.125, 9.690254885120378e-24, nan 
-176.125, 74.125, 2.20066032813499e-23, nan 
-175.875, 74.125, 1.738321375885506e-23, nan 
-175.625, 74.125, 2.41083082738523e-23, nan 
-175.375, 74.125, 3.147918452385714e-23, nan 
-175.125, 74.125, 4.0616847848686284e-23, nan 
-174.875, 74.125, 4.675632019239035e-23, nan 
-174.625, 74.125, 8.167999598710176e-23, nan 
-174.375, 74.125, 7.016485598174525e-23, nan 
-174.125, 74.125, 1.8175234752868495e-22, nan 
-173.875, 74.125, 1.8015820119150202e-22, nan 
-173.625, 74.125, 2.0609206229189763e-22, nan 
-173.375, 74.125, 1.8977997310384862e-22, nan 
-173.125, 74.125, 1.66529420833279e-22, nan 
-172.875, 74.125, 2.536500193807946e-23, nan 
-172.625, 74.125, 1.9382084764445877e-23, nan 
-172.375, 74.125, 2.4533425783031012e-23, nan 
-172.125, 74.125, 1.7572938815932224e-23, nan 
-171.875, 74.125, 1.3579657613107034e-23, nan 
-171.625, 74.125, 1.1723794523346043e-23, nan 
-171.375, 74.125, 1.5196913635610315e-23, nan 
-171.125, 74.125, 1.1994844912407591e-23, nan 
-170.875, 74.125, 1.318630921532627e-23, nan 
-170.625, 74.125, 1.0809272099223608e-23, nan 
-170.375, 74.125, 3.9965170465702626e-23, nan 
-170.125, 74.125, 3.605089986485177e-23, nan 
-169.875, 74.125, 1.9348168068523295e-23, nan 
-169.625, 74.125, 1.8490311836207347e-23, nan 
-169.375, 74.125, 1.8106535788549424e-23, nan 
-169.125, 74.125, 2.5482816506065827e-23, nan 
-168.875, 74.125, 1.6184877576912007e-23, nan 
-168.625, 74.125, 1.8314898753342218e-23, nan 
-168.375, 74.125, 1.3204041477389382e-23, nan 
-168.125, 74.125, 9.660259553942388e-24, nan 
-167.875, 74.125, 5.298838289831022e-24, nan 
-167.625, 74.125, 2.8965306389853744e-24, nan 
-167.375, 74.125, 5.423867322108991e-24, nan 
-167.125, 74.125, 9.412737839885455e-24, nan 
-166.875, 74.125, 5.647251510638046e-24, nan 
-166.625, 74.125, 6.157326347385138e-24, nan 
-166.375, 74.125, 5.001803354546708e-24, nan 
-166.125, 74.125, 5.4874864575742706e-24, nan 
-165.875, 74.125, 3.917992776328762e-24, nan 
-165.625, 74.125, 3.89935578434088e-24, nan 
-165.375, 74.125, 4.327206199642154e-24, nan 
-165.125, 74.125, 5.637999859361593e-24, nan 
-164.875, 74.125, 1.84525870651158e-23, nan 
-164.625, 74.125, 2.5498564470173533e-23, nan 
-164.375, 74.125, 1.3278969744263098e-23, nan 
-164.125, 74.125, 2.6031597842463962e-23, nan 
-163.875, 74.125, 3.164475648837607e-23, nan 
-163.625, 74.125, 1.946521467562809e-23, nan 
-163.375, 74.125, 2.1225856924302048e-23, nan 
-163.125, 74.125, 2.090762005478316e-23, nan 
-162.875, 74.125, 1.7247098878824342e-23, nan 
-162.625, 74.125, 2.189161557167119e-23, nan 
-162.375, 74.125, 1.7296621201323087e-23, nan 
-162.125, 74.125, 1.2494364562864695e-23, nan 
-161.875, 74.125, 1.4431157628809974e-23, nan 
-161.625, 74.125, 1.7067904726344553e-23, nan 
-161.375, 74.125, 1.895250319609247e-23, nan 
-161.125, 74.125, 2.0189142878878245e-23, nan 
-160.875, 74.125, 1.75088440003867e-23, nan 
-160.625, 74.125, 1.4633371080168808e-23, nan 
-160.375, 74.125, 1.0067020417029208e-23, nan 
-160.125, 74.125, 5.886061507638682e-24, nan 
-159.875, 74.125, 9.25329185595466e-24, nan 
-159.625, 74.125, 1.543351414276369e-23, nan 
-159.375, 74.125, 1.4561524321553207e-23, nan 
-159.125, 74.125, 1.1697710060701034e-23, nan 
-158.875, 74.125, 1.4213012430088532e-23, nan 
-158.625, 74.125, 1.5076885101260585e-23, nan 
-158.375, 74.125, 2.339124415719304e-23, nan 
-158.125, 74.125, 2.235637156353162e-23, nan 
-157.875, 74.125, 1.8040090913438096e-23, nan 
-157.625, 74.125, 3.301638917394841e-23, nan 
-157.375, 74.125, 3.732938538053555e-23, nan 
2.875, 74.125, 1.3150565868289012e-24, nan 
3.125, 74.125, 2.0006573842033223e-24, nan 
3.375, 74.125, 2.8167156213547857e-24, nan 
3.625, 74.125, 1.0148287100240101e-24, nan 
3.875, 74.125, 2.110309611737005e-24, nan 
4.125, 74.125, 2.5600049305486836e-24, nan 
4.375, 74.125, 1.3152589151711774e-24, nan 
4.625, 74.125, 1.1332392709419511e-24, nan 
4.875, 74.125, 2.636092962745952e-24, nan 
5.125, 74.125, 1.8516680713640335e-24, nan 
5.375, 74.125, 1.5107291718442586e-24, nan 
5.625, 74.125, 2.4391822118838298e-24, nan 
5.875, 74.125, 1.8017875658822834e-24, nan 
6.125, 74.125, 1.4125957121547579e-24, nan 
6.375, 74.125, 1.3330948494821843e-24, nan 
6.625, 74.125, 1.931393669766314e-24, nan 
6.875, 74.125, 1.9332555107524467e-24, nan 
7.125, 74.125, 1.231614293430745e-24, nan 
7.375, 74.125, 1.4587450330780398e-24, nan 
7.625, 74.125, 1.6844511836550748e-24, nan 
7.875, 74.125, 1.3436209991060659e-24, nan 
8.125, 74.125, 9.889424488605905e-25, nan 
8.375, 74.125, 1.541851979200097e-24, nan 
8.625, 74.125, 1.4530545612356257e-24, nan 
8.875, 74.125, 8.453227890871025e-25, nan 
9.125, 74.125, 1.2742833370984126e-24, nan 
9.375, 74.125, 1.170048448430058e-24, nan 
9.625, 74.125, 1.0816444682482487e-24, nan 
9.875, 74.125, 1.597315969901646e-24, nan 
10.125, 74.125, 2.5577300367886115e-24, nan 
10.375, 74.125, 1.9345086465502027e-24, nan 
10.625, 74.125, 1.9646299752631255e-24, nan 
10.875, 74.125, 2.5236184846530397e-24, nan 
11.125, 74.125, 2.8557702631240854e-24, nan 
11.375, 74.125, 2.641652588763955e-24, nan 
11.625, 74.125, 1.9143101317307934e-24, nan 
11.875, 74.125, 1.9200243515544634e-24, nan 
12.125, 74.125, 2.724052391318844e-24, nan 
12.375, 74.125, 2.3979457411540264e-24, nan 
12.625, 74.125, 1.7464453944587725e-24, nan 
12.875, 74.125, 2.105109336806173e-24, nan 
13.125, 74.125, 1.744624816172851e-24, nan 
13.375, 74.125, 1.2332677218164954e-24, nan 
13.625, 74.125, 1.4129187359525417e-24, nan 
13.875, 74.125, 1.2595517550217643e-24, nan 
14.125, 74.125, 1.1508065748593025e-24, nan 
14.375, 74.125, 4.024173434756916e-25, nan 
14.625, 74.125, 2.0436977673914077e-24, nan 
14.875, 74.125, 1.4266783394076503e-24, nan 
15.125, 74.125, 8.370475808489206e-25, nan 
15.375, 74.125, 1.9090751211259506e-24, nan 
15.625, 74.125, 1.0579647721679835e-24, nan 
15.875, 74.125, 8.673411388830793e-25, nan 
16.125, 74.125, 2.0086048618591336e-24, nan 
16.375, 74.125, 1.0510896400334289e-24, nan 
16.625, 74.125, 1.703850165020272e-24, nan 
16.875, 74.125, 3.699896808418975e-24, nan 
17.125, 74.125, 3.606580551621778e-24, nan 
17.375, 74.125, 3.7755307743726095e-24, nan 
17.625, 74.125, 4.359362004252939e-24, nan 
17.875, 74.125, 4.0444912088218714e-24, nan 
18.125, 74.125, 5.0115311680641414e-24, nan 
18.375, 74.125, 3.0515358760064935e-24, nan 
18.625, 74.125, 2.1647010791889474e-24, nan 
18.875, 74.125, 2.9371384409531935e-24, nan 
19.125, 74.125, 2.3823518955792944e-24, nan 
19.375, 74.125, 1.4648905842252287e-24, nan 
19.625, 74.125, 9.65650872923049e-25, nan 
19.875, 74.125, 8.523354715089655e-25, nan 
20.125, 74.125, 1.3957367293290515e-24, nan 
20.375, 74.125, 1.3018823162481837e-24, nan 
20.625, 74.125, 1.3984269029754987e-24, nan 
20.875, 74.125, 9.371463172800939e-25, nan 
21.125, 74.125, 1.344478784050102e-24, nan 
21.375, 74.125, 1.7215778742784576e-24, nan 
21.625, 74.125, 1.320860238503541e-24, nan 
21.875, 74.125, 1.9455909713587493e-24, nan 
22.125, 74.125, 9.075646254553219e-25, nan 
22.375, 74.125, 1.6967121583579577e-24, nan 
22.625, 74.125, 1.8658517186428804e-24, nan 
22.875, 74.125, 3.059955183665606e-24, nan 
23.125, 74.125, 3.1341500291188185e-24, nan 
23.375, 74.125, 2.4060436357239105e-24, nan 
23.625, 74.125, 1.776519498607206e-24, nan 
23.875, 74.125, 2.1312548441198443e-24, nan 
24.125, 74.125, 2.0055651461405946e-24, nan 
24.375, 74.125, 1.0796766784385959e-24, nan 
24.625, 74.125, 2.8889719121268005e-24, nan 
24.875, 74.125, 2.4410162090085864e-24, nan 
25.125, 74.125, 2.0914401531710688e-24, nan 
25.375, 74.125, 2.971375104584112e-24, nan 
25.625, 74.125, 2.3139486695250443e-24, nan 
25.875, 74.125, 1.676017242112521e-24, nan 
26.125, 74.125, 1.3870600840875316e-24, nan 
26.375, 74.125, 7.97265798305951e-25, nan 
26.625, 74.125, 1.8802923461810502e-24, nan 
26.875, 74.125, 2.599261210684594e-24, nan 
27.125, 74.125, 2.9330957552022485e-24, nan 
27.375, 74.125, 2.75955456632684e-24, nan 
27.625, 74.125, 1.0123881975658877e-24, nan 
27.875, 74.125, 1.3614720954488912e-24, nan 
28.125, 74.125, 2.802536092620817e-24, nan 
28.375, 74.125, 2.928967825838769e-24, nan 
28.625, 74.125, 2.9706559173956724e-24, nan 
28.875, 74.125, 2.1235238114580877e-24, nan 
29.125, 74.125, 1.3063400564386341e-24, nan 
29.375, 74.125, 4.1476211915231265e-24, nan 
29.625, 74.125, 4.2028257876487885e-24, nan 
29.875, 74.125, 4.866353517062799e-24, nan 
30.125, 74.125, 3.383802080265568e-24, nan 
30.375, 74.125, 3.3062000938434988e-24, nan 
30.625, 74.125, 5.765151793975824e-24, nan 
30.875, 74.125, 2.4716643979402754e-24, nan 
31.125, 74.125, 2.3415459202141213e-24, nan 
31.375, 74.125, 3.610204021034555e-24, nan 
31.625, 74.125, 4.21205800498521e-24, nan 
31.875, 74.125, 8.506700788254041e-24, nan 
32.125, 74.125, 6.424661493578799e-24, nan 
32.375, 74.125, 5.257657388669344e-24, nan 
32.625, 74.125, 7.320387254624659e-24, nan 
32.875, 74.125, 4.108138450886154e-24, nan 
33.125, 74.125, 6.211328565700913e-24, nan 
33.375, 74.125, 7.36209136853574e-24, nan 
33.625, 74.125, 5.952733845974018e-24, nan 
33.875, 74.125, 7.97278280859686e-24, nan 
34.125, 74.125, 8.712180377537032e-24, nan 
34.375, 74.125, 7.208563760029542e-24, nan 
34.625, 74.125, 7.622409359907066e-24, nan 
34.875, 74.125, 8.922028401535498e-24, nan 
35.125, 74.125, 3.22148324315082e-24, nan 
35.375, 74.125, 3.738390305492228e-24, nan 
35.625, 74.125, 7.338331310489623e-24, nan 
35.875, 74.125, 5.355027052439057e-24, nan 
36.125, 74.125, 5.823181547570104e-24, nan 
36.375, 74.125, 6.046070541561535e-24, nan 
36.625, 74.125, 4.344496353002725e-24, nan 
36.875, 74.125, 5.7987029126203874e-24, nan 
37.125, 74.125, 3.570884523070926e-24, nan 
37.375, 74.125, 3.3529547668895756e-24, nan 
37.625, 74.125, 4.718090478419599e-24, nan 
37.875, 74.125, 5.1676795595802976e-24, nan 
38.125, 74.125, 4.017649922908768e-24, nan 
38.375, 74.125, 2.2819752538729702e-24, nan 
38.625, 74.125, 9.174401522719698e-24, nan 
38.875, 74.125, 7.663229416747269e-24, nan 
39.125, 74.125, 3.472986233674241e-24, nan 
39.375, 74.125, 5.6948596540417714e-24, nan 
39.625, 74.125, 5.059050872006134e-24, nan 
39.875, 74.125, 3.853742695961687e-24, nan 
40.125, 74.125, 2.5159624608485333e-24, nan 
40.375, 74.125, 3.0667957703346493e-24, nan 
40.625, 74.125, 6.658956730218784e-24, nan 
40.875, 74.125, 2.852979408403253e-24, nan 
41.125, 74.125, 2.966349369395043e-24, nan 
41.375, 74.125, 4.1384161393099956e-24, nan 
41.625, 74.125, 3.577860738042279e-24, nan 
41.875, 74.125, 6.356831641599096e-24, nan 
42.125, 74.125, 5.009165421456485e-24, nan 
42.375, 74.125, 7.037771795081602e-24, nan 
42.625, 74.125, 1.031214294825716e-23, nan 
42.875, 74.125, 1.2225880409325522e-23, nan 
43.125, 74.125, 1.1071305191973238e-23, nan 
43.375, 74.125, 1.858954094766226e-23, nan 
43.625, 74.125, 2.4141323352409986e-23, nan 
43.875, 74.125, 1.470943736532642e-23, nan 
44.125, 74.125, 1.349197258468128e-23, nan 
44.375, 74.125, 2.263074868020545e-23, nan 
44.625, 74.125, 1.1935115352453517e-23, nan 
44.875, 74.125, 7.215473480769086e-24, nan 
45.125, 74.125, 5.210847744079001e-24, nan 
45.375, 74.125, 7.319046248421062e-24, nan 
45.625, 74.125, 4.065479758190504e-24, nan 
45.875, 74.125, 5.5165970623410936e-24, nan 
46.125, 74.125, 5.051324312260695e-24, nan 
46.375, 74.125, 3.2852487700223384e-24, nan 
46.625, 74.125, 1.0089552113496466e-23, nan 
46.875, 74.125, 1.3382151587092415e-23, nan 
47.125, 74.125, 1.0283627887864492e-23, nan 
47.375, 74.125, 1.4054092388844204e-23, nan 
47.625, 74.125, 1.5051236568216804e-23, nan 
47.875, 74.125, 1.1362515960215471e-23, nan 
48.125, 74.125, 7.443435372590299e-24, nan 
48.375, 74.125, 5.535550265787283e-24, nan 
48.625, 74.125, 9.8033148421469e-24, nan 
48.875, 74.125, 7.184470619575458e-24, nan 
49.125, 74.125, 3.322864653198929e-24, nan 
49.375, 74.125, 1.440935644509943e-23, nan 
49.625, 74.125, 1.3814035628678732e-23, nan 
49.875, 74.125, 5.855505627534813e-24, nan 
50.125, 74.125, 1.1282814980226562e-23, nan 
50.375, 74.125, 2.038865793021266e-23, nan 
50.625, 74.125, 1.903026698782033e-23, nan 
50.875, 74.125, 1.0208881251107896e-23, nan 
51.125, 74.125, 2.7415840435730713e-23, nan 
51.375, 74.125, 2.9381252900953804e-23, nan 
51.625, 74.125, 1.1874628017034253e-23, nan 
51.875, 74.125, 2.145454315270551e-23, nan 
52.125, 74.125, 1.539477466817436e-23, nan 
52.375, 74.125, 1.0459761868579405e-23, nan 
52.625, 74.125, 2.4412678296308541e-23, nan 
52.875, 74.125, 1.6494674757318848e-23, nan 
53.125, 74.125, 1.1448385523112956e-23, nan 
53.375, 74.125, 1.6095957183418214e-23, nan 
53.625, 74.125, 1.5636266692545924e-23, nan 
53.875, 74.125, 1.0237620010125751e-23, nan 
54.125, 74.125, 1.9049303864561552e-23, nan 
54.375, 74.125, 1.2263710169544359e-23, nan 
54.625, 74.125, 1.5504468665800068e-23, nan 
54.875, 74.125, 1.762884174555924e-23, nan 
55.125, 74.125, 1.8684255242937692e-23, nan 
55.375, 74.125, 2.034554947156287e-23, nan 
55.625, 74.125, 2.805379992456811e-23, nan 
55.875, 74.125, 2.7865755058440967e-23, nan 
56.125, 74.125, 3.47449854844373e-23, nan 
56.375, 74.125, 3.090071381424857e-23, nan 
56.625, 74.125, 4.0091841296905116e-23, nan 
56.875, 74.125, 4.785002690053172e-23, nan 
57.125, 74.125, 3.6348989105082394e-23, nan 
57.375, 74.125, 4.4165393438825785e-23, nan 
57.625, 74.125, 4.0606199101467066e-23, nan 
57.875, 74.125, 3.330930142097958e-23, nan 
58.125, 74.125, 1.1550662332264106e-23, nan 
58.375, 74.125, 1.0583375824632444e-23, nan 
58.625, 74.125, 1.8193096234623486e-23, nan 
58.875, 74.125, 3.078504189667789e-23, nan 
59.125, 74.125, 3.238136530736048e-23, nan 
59.375, 74.125, 4.5012804692555526e-23, nan 
59.625, 74.125, 3.7705988228504016e-23, nan 
59.875, 74.125, 3.8463269741201334e-23, nan 
60.125, 74.125, 4.048949294231256e-23, nan 
60.375, 74.125, 4.4148593086471077e-23, nan 
60.625, 74.125, 4.5845432670556874e-23, nan 
60.875, 74.125, 4.01604169495607e-23, nan 
61.125, 74.125, 5.1760402813602825e-23, nan 
61.375, 74.125, 3.6974524955561194e-23, nan 
61.625, 74.125, 3.7842904177363937e-23, nan 
61.875, 74.125, 2.742469108490244e-23, nan 
62.125, 74.125, 3.79339933563868e-23, nan 
62.375, 74.125, 4.1064985658081945e-23, nan 
62.625, 74.125, 4.727493354954053e-23, nan 
62.875, 74.125, 4.8683436069451754e-23, nan 
63.125, 74.125, 5.599440156874341e-23, nan 
63.375, 74.125, 7.921981484641375e-23, nan 
63.625, 74.125, 5.591597965770859e-23, nan 
63.875, 74.125, 4.07257857514213e-23, nan 
64.125, 74.125, 5.446996469362831e-23, nan 
64.375, 74.125, 5.561313339840761e-23, nan 
64.625, 74.125, 9.365805282169305e-23, nan 
64.875, 74.125, 1.1299674555277603e-22, nan 
65.125, 74.125, 1.0117096495265887e-22, nan 
65.375, 74.125, 1.0624949616944222e-22, nan 
65.625, 74.125, 1.115505005056728e-22, nan 
65.875, 74.125, 9.937922749321816e-23, nan 
66.125, 74.125, 3.4532474725989977e-22, nan 
66.375, 74.125, 4.2074275245387485e-22, nan 
66.625, 74.125, 1.2767327546881512e-22, nan 
66.875, 74.125, 6.350711403483859e-22, nan 
67.125, 74.125, 7.828463910387454e-22, nan 
67.375, 74.125, 1.9114595052339244e-22, nan 
67.625, 74.125, 3.6744233962100346e-22, nan 
67.875, 74.125, 4.29916167806647e-22, nan 
68.125, 74.125, 7.745153932628499e-23, nan 
68.375, 74.125, 8.69829355287878e-23, nan 
68.625, 74.125, 9.67036633450717e-23, nan 
68.875, 74.125, 1.5564478925267954e-22, nan 
69.125, 74.125, 2.304133369628981e-22, nan 
69.375, 74.125, 2.841764072347186e-22, nan 
69.625, 74.125, 2.6374368005070527e-22, nan 
69.875, 74.125, 2.904283491771309e-22, nan 
70.125, 74.125, 3.201106232643117e-22, nan 
70.375, 74.125, 2.3607613789635537e-22, nan 
70.625, 74.125, 1.5911951609978042e-22, nan 
70.875, 74.125, 1.467736822680326e-22, nan 
71.125, 74.125, 1.1126414679906292e-22, nan 
71.375, 74.125, 8.095843171629e-23, nan 
71.625, 74.125, 5.303485679723548e-23, nan 
71.875, 74.125, 1.4574440598450364e-22, nan 
72.125, 74.125, 1.205919885741251e-22, nan 
72.375, 74.125, 4.331362765283102e-23, nan 
72.625, 74.125, 1.419069770726511e-22, nan 
72.875, 74.125, 1.115807050980729e-22, nan 
73.125, 74.125, 1.2034310743744372e-22, nan 
73.375, 74.125, 1.183520323322991e-22, nan 
73.625, 74.125, 1.123814181501029e-22, nan 
73.875, 74.125, 1.185446354077312e-22, nan 
74.125, 74.125, 2.1749534953472914e-22, nan 
74.375, 74.125, 2.4980868842046263e-22, nan 
74.625, 74.125, 2.8496177504489404e-22, nan 
74.875, 74.125, 3.2449126500801775e-22, nan 
75.125, 74.125, 4.133435734636388e-22, nan 
75.375, 74.125, 4.572728003401673e-22, nan 
75.625, 74.125, 4.346561294254139e-22, nan 
75.875, 74.125, 4.454448162217453e-22, nan 
76.125, 74.125, 5.350264855000145e-22, nan 
76.375, 74.125, 6.379937076630673e-22, nan 
76.625, 74.125, 5.525191268518982e-22, nan 
76.875, 74.125, 1.7411643204990774e-21, nan 
77.125, 74.125, 1.547390404651629e-21, nan 
77.375, 74.125, 1.5915525859443867e-21, nan 
77.625, 74.125, 2.7557025117566794e-21, nan 
77.875, 74.125, 2.289465764129535e-21, nan 
78.125, 74.125, 2.3984565033258376e-21, nan 
78.375, 74.125, 1.5154894365812436e-21, nan 
78.625, 74.125, 2.1643731063047974e-21, nan 
78.875, 74.125, 2.7689075853698357e-21, nan 
79.125, 74.125, 3.643132540081424e-21, nan 
79.375, 74.125, 2.5391417221076907e-21, nan 
79.625, 74.125, 2.6407224328184956e-21, nan 
79.875, 74.125, 3.159062350241159e-21, nan 
80.125, 74.125, 2.1153474901248854e-21, nan 
80.375, 74.125, 2.489151673726741e-21, nan 
80.625, 74.125, 4.888211957710552e-22, nan 
80.875, 74.125, 2.216140363271318e-21, nan 
81.125, 74.125, 4.2585293722728596e-21, nan 
81.375, 74.125, 5.551157511868307e-22, nan 
81.625, 74.125, 1.366896172234292e-21, nan 
81.875, 74.125, 2.570183481418959e-21, nan 
82.125, 74.125, 7.007996526267961e-22, nan 
82.375, 74.125, 1.041324569667231e-21, nan 
82.625, 74.125, 1.0117987656501523e-21, nan 
82.875, 74.125, 7.608962291470427e-22, nan 
83.125, 74.125, 7.105389566081209e-22, nan 
83.375, 74.125, 5.355695518432405e-22, nan 
83.625, 74.125, 1.1008914165184697e-21, nan 
83.875, 74.125, 2.1159647875449276e-21, nan 
84.125, 74.125, 2.515287549114732e-21, nan 
84.375, 74.125, 2.793153785238024e-21, nan 
84.625, 74.125, 2.6909536858837823e-21, nan 
84.875, 74.125, 3.0448281507063373e-21, nan 
85.125, 74.125, 2.9207484931195353e-21, nan 
85.375, 74.125, 2.716451276780639e-21, nan 
85.625, 74.125, 1.8527634143608788e-21, nan 
85.875, 74.125, 1.3085467015402288e-21, nan 
86.125, 74.125, 9.43387617600538e-22, nan 
86.375, 74.125, 1.3195456194593887e-21, nan 
86.625, 74.125, 1.5399634955818546e-21, nan 
86.875, 74.125, 2.338637749544857e-21, nan 
87.125, 74.125, 3.721612780603967e-21, nan 
87.375, 74.125, 1.7234537679456516e-21, nan 
87.625, 74.125, 3.249018581160207e-21, nan 
87.875, 74.125, 7.937886079807199e-21, nan 
88.125, 74.125, 5.437607802002638e-21, nan 
88.375, 74.125, 5.637539878028806e-21, nan 
88.625, 74.125, 6.841796383526969e-21, nan 
88.875, 74.125, 8.4374999930117e-21, nan 
89.125, 74.125, 7.544885311758866e-21, nan 
89.375, 74.125, 3.839955296134838e-21, nan 
89.625, 74.125, 5.782295740136486e-21, nan 
89.875, 74.125, 6.988997421452449e-21, nan 
90.125, 74.125, 4.135229718394743e-21, nan 
90.375, 74.125, 7.028598734214802e-21, nan 
90.625, 74.125, 9.78013566894913e-21, nan 
90.875, 74.125, 6.985569064417746e-21, nan 
91.125, 74.125, 6.562963751970954e-21, nan 
91.375, 74.125, 7.643559168579996e-21, nan 
91.625, 74.125, 6.384062933576046e-21, nan 
91.875, 74.125, 7.624824757203267e-21, nan 
92.125, 74.125, 1.0263904259313599e-20, nan 
92.375, 74.125, 1.1420990833070755e-20, nan 
92.625, 74.125, 1.2142435375143443e-20, nan 
92.875, 74.125, 8.14380227295671e-21, nan 
93.125, 74.125, 6.18667126234568e-21, nan 
93.375, 74.125, 5.016921943715444e-21, nan 
93.625, 74.125, 5.334373501331081e-21, nan 
93.875, 74.125, 1.2788234920896538e-20, nan 
94.125, 74.125, 1.2027028006258697e-20, nan 
94.375, 74.125, 1.0139755519028054e-19, nan 
94.625, 74.125, 1.0027202563890797e-19, nan 
94.875, 74.125, 5.142119032014088e-20, nan 
95.125, 74.125, 1.9846298067167142e-19, nan 
95.375, 74.125, 2.0895642771237625e-19, nan 
95.625, 74.125, 9.507669184407176e-20, nan 
95.875, 74.125, 1.1398988371339964e-19, nan 
96.125, 74.125, 1.2698102876840147e-19, nan 
96.375, 74.125, 8.63033785609173e-20, nan 
96.625, 74.125, 1.8910888140713306e-19, nan 
96.875, 74.125, 2.0190557760212428e-19, nan 
97.125, 74.125, 1.3646982083738697e-19, nan 
97.375, 74.125, 2.5513631203189535e-19, nan 
97.625, 74.125, 2.621938246154474e-19, nan 
97.875, 74.125, 1.9070226170564484e-19, nan 
98.125, 74.125, 2.106119836250129e-19, nan 
98.375, 74.125, 2.1613460969668604e-19, nan 
98.625, 74.125, 2.2187346219414655e-19, nan 
98.875, 74.125, 1.5408726073547074e-19, nan 
99.125, 74.125, 9.170975412522644e-20, nan 
99.375, 74.125, 5.354826492266274e-20, nan 
99.625, 74.125, 7.058501546504111e-20, nan 
99.875, 74.125, 9.901825716008368e-20, nan 
100.125, 74.125, 8.350307917944098e-20, nan 
100.375, 74.125, 7.12059012294322e-20, nan 
100.625, 74.125, 1.8479268393563145e-19, nan 
100.875, 74.125, 1.5522873586321064e-19, nan 
101.125, 74.125, 7.585537712867015e-20, nan 
101.375, 74.125, 1.6715828347018572e-19, nan 
101.625, 74.125, 2.244014257458734e-19, nan 
101.875, 74.125, 2.8205144960646506e-19, nan 
102.125, 74.125, 2.48389549587347e-19, nan 
102.375, 74.125, 2.4319153438877747e-19, nan 
102.625, 74.125, 3.113315855636898e-19, nan 
102.875, 74.125, 2.5525050692025017e-19, nan 
103.125, 74.125, 2.0554535522073612e-19, nan 
103.375, 74.125, 2.3701680682221022e-19, nan 
103.625, 74.125, 2.557906645600414e-19, nan 
103.875, 74.125, 1.742160192295659e-19, nan 
104.125, 74.125, 1.5675294563810766e-19, nan 
104.375, 74.125, 1.538054498393064e-19, nan 
104.625, 74.125, 2.2197288963100187e-19, nan 
104.875, 74.125, 2.4807640377285356e-19, nan 
105.125, 74.125, 9.580252381378516e-19, nan 
105.375, 74.125, 6.122846781025308e-19, nan 
105.625, 74.125, 3.32274893144838e-19, nan 
105.875, 74.125, 1.886044893234704e-19, nan 
106.125, 74.125, 1.4283444297936517e-19, nan 
106.375, 74.125, 2.1913607311744756e-19, nan 
106.625, 74.125, 3.947024962839628e-19, nan 
106.875, 74.125, 7.601458822172623e-19, nan 
107.125, 74.125, 3.1279326586585326e-19, nan 
107.375, 74.125, 5.173270648997478e-19, nan 
107.625, 74.125, 7.770327072322459e-19, nan 
107.875, 74.125, 4.219440530293268e-19, nan 
108.125, 74.125, 2.9022845298419214e-19, nan 
108.375, 74.125, 5.053855578076853e-19, nan 
108.625, 74.125, 9.46122093441904e-19, nan 
108.875, 74.125, 3.215213177034546e-19, nan 
109.125, 74.125, 3.2927503182870575e-19, nan 
109.375, 74.125, 1.0025889531364473e-18, nan 
109.625, 74.125, 1.0794125441365395e-18, nan 
109.875, 74.125, 5.011584339503128e-19, nan 
110.125, 74.125, 9.212223724436235e-19, nan 
110.375, 74.125, 1.2191412596328375e-18, nan 
110.625, 74.125, 1.0594048271057123e-18, nan 
110.875, 74.125, 7.68902235555279e-19, nan 
111.125, 74.125, 1.2478799475961498e-18, nan 
111.375, 74.125, 1.4777558221193162e-18, nan 
111.625, 74.125, 1.0516807891372845e-18, nan 
111.875, 74.125, 1.3437055147753998e-18, nan 
112.125, 74.125, 1.5678097767787013e-18, nan 
112.375, 74.125, 1.0262974019784461e-18, nan 
112.625, 74.125, 6.093081754966016e-19, nan 
112.875, 74.125, 1.1035853281918214e-18, nan 
113.125, 74.125, 1.9202638573097513e-18, nan 
113.375, 74.125, 2.089546698010457e-18, nan 
113.625, 74.125, 8.854366311259116e-19, nan 
113.875, 74.125, 1.2213813343986386e-18, nan 
114.125, 74.125, 9.884304862407426e-19, nan 
114.375, 74.125, 1.2643252852626276e-18, nan 
114.625, 74.125, 1.2232003130051511e-18, nan 
114.875, 74.125, 1.0954492252907583e-18, nan 
115.125, 74.125, 1.2211582377943996e-18, nan 
115.375, 74.125, 7.044776626438135e-19, nan 
115.625, 74.125, 5.187631366941845e-19, nan 
115.875, 74.125, 6.485575345746716e-19, nan 
116.125, 74.125, 2.963965885095588e-19, nan 
116.375, 74.125, 3.478987898330682e-19, nan 
116.625, 74.125, 3.1942740537059527e-19, nan 
116.875, 74.125, 6.620976938546022e-20, nan 
117.125, 74.125, 2.502329638376192e-19, nan 
117.375, 74.125, 3.7886156028295477e-19, nan 
117.625, 74.125, 6.256203779966348e-20, nan 
117.875, 74.125, 2.4790080559378507e-19, nan 
118.125, 74.125, 3.375187145641029e-19, nan 
118.375, 74.125, 2.0095054530018047e-19, nan 
118.625, 74.125, 1.9777010887105457e-19, nan 
118.875, 74.125, 2.1809100777437914e-19, nan 
119.125, 74.125, 1.7134448138598564e-19, nan 
119.375, 74.125, 1.3497199374831156e-19, nan 
119.625, 74.125, 1.9982118871172631e-19, nan 
119.875, 74.125, 1.8656053326140998e-19, nan 
120.125, 74.125, 5.105813026213149e-19, nan 
120.375, 74.125, 4.1184843072848587e-19, nan 
120.625, 74.125, 2.758037847737454e-19, nan 
120.875, 74.125, 6.709058167062294e-19, nan 
121.125, 74.125, 5.001499797705948e-19, nan 
121.375, 74.125, 3.0179405935935124e-19, nan 
121.625, 74.125, 2.941665847818092e-19, nan 
121.875, 74.125, 2.8918730256755707e-19, nan 
122.125, 74.125, 2.2554062575334563e-19, nan 
122.375, 74.125, 1.948054178324844e-19, nan 
122.625, 74.125, 1.0112660367649395e-19, nan 
122.875, 74.125, 8.213651063626201e-20, nan 
123.125, 74.125, 1.4784431942261628e-19, nan 
123.375, 74.125, 9.847361657994149e-20, nan 
123.625, 74.125, 8.551644472587525e-20, nan 
123.875, 74.125, 6.88229870348543e-20, nan 
124.125, 74.125, 6.046980765857476e-20, nan 
124.375, 74.125, 1.2038319303550537e-19, nan 
124.625, 74.125, 1.0032985263684388e-19, nan 
124.875, 74.125, 8.410858228293475e-20, nan 
125.125, 74.125, 1.0665271390248549e-19, nan 
125.375, 74.125, 8.583410100739567e-20, nan 
125.625, 74.125, 3.734661328945202e-20, nan 
125.875, 74.125, 7.775075599348288e-21, nan 
126.125, 74.125, 8.78991480916189e-21, nan 
126.375, 74.125, 1.1112782705516453e-20, nan 
126.625, 74.125, 5.9892583370508436e-21, nan 
126.875, 74.125, 1.2743012526401287e-20, nan 
127.125, 74.125, 1.3288139223028112e-20, nan 
127.375, 74.125, 1.7311399766720847e-20, nan 
127.625, 74.125, 2.453110519137806e-20, nan 
127.875, 74.125, 1.0141693527634425e-20, nan 
128.125, 74.125, 8.7886021256874e-21, nan 
128.375, 74.125, 2.2366802484515618e-20, nan 
128.625, 74.125, 2.366481773915227e-20, nan 
128.875, 74.125, 3.2080845283725066e-20, nan 
129.125, 74.125, 2.4831705407024597e-20, nan 
129.375, 74.125, 2.296981020873974e-20, nan 
129.625, 74.125, 2.6041032338611544e-20, nan 
129.875, 74.125, 1.7607254960969782e-20, nan 
130.125, 74.125, 1.567745084370322e-20, nan 
130.375, 74.125, 1.0417152573943665e-20, nan 
130.625, 74.125, 1.092232109181314e-20, nan 
130.875, 74.125, 1.1217743156065946e-20, nan 
131.125, 74.125, 7.966428203697558e-21, nan 
131.375, 74.125, 4.0988489860269166e-21, nan 
131.625, 74.125, 5.52554132353895e-21, nan 
131.875, 74.125, 9.310599819768608e-21, nan 
132.125, 74.125, 1.2525044382594233e-20, nan 
132.375, 74.125, 6.23688444982468e-21, nan 
132.625, 74.125, 7.715604918710042e-21, nan 
132.875, 74.125, 9.967244118798706e-21, nan 
133.125, 74.125, 4.401568328984012e-21, nan 
133.375, 74.125, 3.2597359114824474e-21, nan 
133.625, 74.125, 2.153640727586539e-21, nan 
133.875, 74.125, 2.945103737864928e-21, nan 
134.125, 74.125, 2.6857509493731833e-21, nan 
134.375, 74.125, 2.144375133792968e-21, nan 
134.625, 74.125, 2.1205543360429245e-21, nan 
134.875, 74.125, 2.187180940901633e-21, nan 
135.125, 74.125, 3.532949350530669e-21, nan 
135.375, 74.125, 3.1620894276592556e-21, nan 
135.625, 74.125, 2.658512949231758e-21, nan 
135.875, 74.125, 2.773934438423511e-21, nan 
136.125, 74.125, 2.446409501443872e-21, nan 
136.375, 74.125, 2.2063857532916976e-21, nan 
136.625, 74.125, 2.364918446836208e-21, nan 
136.875, 74.125, 2.3643228281907646e-21, nan 
137.125, 74.125, 2.5248307725155843e-21, nan 
137.375, 74.125, 2.2664574180953122e-21, nan 
137.625, 74.125, 2.0341132001911164e-21, nan 
137.875, 74.125, 1.8529544006076638e-21, nan 
138.125, 74.125, 1.9999889505123088e-21, nan 
138.375, 74.125, 1.4810710102605215e-21, nan 
138.625, 74.125, 8.588887390962036e-22, nan 
138.875, 74.125, 1.0516329341849741e-21, nan 
139.125, 74.125, 7.196257714147268e-22, nan 
139.375, 74.125, 1.136839543979885e-21, nan 
139.625, 74.125, 8.986848421684709e-22, nan 
139.875, 74.125, 5.374871607551916e-22, nan 
140.125, 74.125, 2.0423137822609585e-21, nan 
140.375, 74.125, 1.7899110504909934e-21, nan 
140.625, 74.125, 6.246795620775612e-22, nan 
140.875, 74.125, 2.2417872966402833e-21, nan 
141.125, 74.125, 2.192900841969962e-21, nan 
141.375, 74.125, 1.8830832450242158e-21, nan 
141.625, 74.125, 2.100779809331587e-21, nan 
141.875, 74.125, 1.6779585465462841e-21, nan 
142.125, 74.125, 1.5762689404135287e-21, nan 
142.375, 74.125, 9.149996650017422e-22, nan 
142.625, 74.125, 5.677383251812167e-22, nan 
142.875, 74.125, 5.845355880210351e-22, nan 
143.125, 74.125, 2.393289179949767e-22, nan 
143.375, 74.125, 3.7771062733470533e-22, nan 
143.625, 74.125, 5.624907357426439e-22, nan 
143.875, 74.125, 5.082952183889762e-22, nan 
144.125, 74.125, 5.468764688677702e-22, nan 
144.375, 74.125, 5.4625733360484525e-22, nan 
144.625, 74.125, 6.656347757257299e-22, nan 
144.875, 74.125, 5.381817693994625e-22, nan 
145.125, 74.125, 5.607679230817207e-22, nan 
145.375, 74.125, 6.656169994748735e-22, nan 
145.625, 74.125, 5.322537961422679e-22, nan 
145.875, 74.125, 3.9814858562685886e-22, nan 
146.125, 74.125, 2.923986127257232e-22, nan 
146.375, 74.125, 2.9831585093135007e-22, nan 
146.625, 74.125, 3.1731614191150426e-22, nan 
146.875, 74.125, 2.988155774120476e-22, nan 
147.125, 74.125, 3.647006627314544e-22, nan 
147.375, 74.125, 3.0339577212992905e-22, nan 
147.625, 74.125, 1.353930733896009e-22, nan 
147.875, 74.125, 2.572235432570871e-22, nan 
148.125, 74.125, 1.8070377448778103e-22, nan 
148.375, 74.125, 2.368277456904952e-22, nan 
148.625, 74.125, 3.128313581419947e-22, nan 
148.875, 74.125, 2.391706506717746e-22, nan 
149.125, 74.125, 2.8954775335564724e-22, nan 
149.375, 74.125, 2.8608915806888537e-22, nan 
149.625, 74.125, 1.4847179839489256e-22, nan 
149.875, 74.125, 1.4579391852040374e-22, nan 
150.125, 74.125, 6.603916372433093e-23, nan 
150.375, 74.125, 4.173349112330975e-23, nan 
150.625, 74.125, 9.153449501208518e-23, nan 
150.875, 74.125, 1.107600459924129e-22, nan 
151.125, 74.125, 2.340010932314891e-22, nan 
151.375, 74.125, 3.6615841005359276e-22, nan 
151.625, 74.125, 4.090161329300886e-22, nan 
151.875, 74.125, 4.311095743376543e-22, nan 
152.125, 74.125, 3.7613187588422613e-22, nan 
152.375, 74.125, 3.8531310910975735e-22, nan 
152.625, 74.125, 3.5787245694519813e-22, nan 
152.875, 74.125, 2.290402773064751e-22, nan 
153.125, 74.125, 2.2530409333785957e-22, nan 
153.375, 74.125, 3.203520320742027e-22, nan 
153.625, 74.125, 3.860235825772172e-22, nan 
153.875, 74.125, 3.194630843640966e-22, nan 
154.125, 74.125, 3.0443061627605693e-22, nan 
154.375, 74.125, 3.228974881967212e-22, nan 
154.625, 74.125, 2.699553431110571e-22, nan 
154.875, 74.125, 2.006303074150118e-22, nan 
155.125, 74.125, 1.6467677854739272e-22, nan 
155.375, 74.125, 1.5035893904599386e-22, nan 
155.625, 74.125, 1.7157474447889403e-22, nan 
155.875, 74.125, 1.2953425070969132e-22, nan 
156.125, 74.125, 1.2177218215363445e-22, nan 
156.375, 74.125, 1.2199174601422283e-22, nan 
156.625, 74.125, 7.964803253627948e-23, nan 
156.875, 74.125, 8.396478008178896e-23, nan 
157.125, 74.125, 6.909451411135489e-23, nan 
157.375, 74.125, 4.9788722286859233e-23, nan 
157.625, 74.125, 5.477976284732436e-23, nan 
157.875, 74.125, 5.306006155361545e-23, nan 
158.125, 74.125, 4.6834632994733254e-23, nan 
158.375, 74.125, 4.7448424801209036e-23, nan 
158.625, 74.125, 1.9729739739303652e-23, nan 
158.875, 74.125, 2.749577227342223e-23, nan 
159.125, 74.125, 5.761037796199648e-23, nan 
159.375, 74.125, 5.89994337662935e-23, nan 
159.625, 74.125, 5.861242636483613e-23, nan 
159.875, 74.125, 6.392004695153357e-23, nan 
160.125, 74.125, 7.095079870099114e-23, nan 
160.375, 74.125, 9.587326306253773e-23, nan 
160.625, 74.125, 1.0557141845675341e-22, nan 
160.875, 74.125, 1.7353075759778725e-22, nan 
161.125, 74.125, 2.9332582353197577e-22, nan 
161.375, 74.125, 3.4417035530331474e-22, nan 
161.625, 74.125, 1.9282361259579195e-22, nan 
161.875, 74.125, 3.490773442589996e-22, nan 
162.125, 74.125, 3.250925207481401e-22, nan 
162.375, 74.125, 1.4315860991837733e-22, nan 
162.625, 74.125, 4.5133352322323175e-22, nan 
162.875, 74.125, 3.4720173859483318e-22, nan 
163.125, 74.125, 1.6416542996355615e-22, nan 
163.375, 74.125, 3.2203475482156665e-22, nan 
163.625, 74.125, 3.145157100935063e-22, nan 
163.875, 74.125, 1.5172418893364386e-22, nan 
164.125, 74.125, 1.8313103751030404e-22, nan 
164.375, 74.125, 2.602907569701687e-22, nan 
164.625, 74.125, 2.1986181588729355e-22, nan 
164.875, 74.125, 3.1025724270897186e-22, nan 
165.125, 74.125, 3.45360652604453e-22, nan 
165.375, 74.125, 2.882411305023503e-22, nan 
165.625, 74.125, 2.975024751028909e-22, nan 
165.875, 74.125, 1.86142190971653e-22, nan 
166.125, 74.125, 2.4029545024925603e-22, nan 
166.375, 74.125, 2.3743074883897624e-22, nan 
166.625, 74.125, 1.3572383214166174e-22, nan 
166.875, 74.125, 1.5482549558562994e-22, nan 
167.125, 74.125, 2.150499222814976e-22, nan 
167.375, 74.125, 1.1375527731228044e-22, nan 
167.625, 74.125, 1.209334184638703e-22, nan 
167.875, 74.125, 1.2015315640967053e-22, nan 
168.125, 74.125, 1.750733465292897e-22, nan 
168.375, 74.125, 1.5154923420520179e-22, nan 
168.625, 74.125, 9.777712770457743e-23, nan 
168.875, 74.125, 1.1617194181164016e-22, nan 
169.125, 74.125, 1.1111297373069843e-22, nan 
169.375, 74.125, 7.786567002353345e-23, nan 
169.625, 74.125, 5.239649238857909e-23, nan 
169.875, 74.125, 7.418226295923772e-23, nan 
170.125, 74.125, 6.630764115108401e-23, nan 
170.375, 74.125, 4.6805052192936325e-23, nan 
170.625, 74.125, 4.485009073585288e-23, nan 
170.875, 74.125, 3.3458145896002006e-23, nan 
171.125, 74.125, 1.8924452312515113e-23, nan 
171.375, 74.125, 2.6276737833129156e-23, nan 
171.625, 74.125, 2.816558142304855e-23, nan 
171.875, 74.125, 2.421476651579333e-23, nan 
172.125, 74.125, 2.64851996489922e-23, nan 
172.375, 74.125, 3.539396853115823e-23, nan 
172.625, 74.125, 4.69941364006313e-23, nan 
172.875, 74.125, 2.432751890373188e-23, nan 
173.125, 74.125, 2.3561323301257319e-23, nan 
173.375, 74.125, 2.8591116480766726e-23, nan 
173.625, 74.125, 2.308211266481276e-23, nan 
173.875, 74.125, 1.9086212504990951e-23, nan 
174.125, 74.125, 1.8459032097236253e-23, nan 
174.375, 74.125, 2.2024977859594366e-23, nan 
174.625, 74.125, 1.9771475421858192e-23, nan 
174.875, 74.125, 1.6291299046895248e-23, nan 
175.125, 74.125, 2.169330892756811e-23, nan 
175.375, 74.125, 2.4465308606256644e-23, nan 
175.625, 74.125, 1.6125177509727803e-23, nan 
175.875, 74.125, 1.6392888895423688e-23, nan 
176.125, 74.125, 2.2218445264642997e-23, nan 
176.375, 74.125, 1.976374028971465e-23, nan 
176.625, 74.125, 2.1906773749594971e-23, nan 
176.875, 74.125, 2.613814737959265e-23, nan 
177.125, 74.125, 2.0521495153794287e-23, nan 
177.375, 74.125, 2.0947256154306274e-23, nan 
177.625, 74.125, 1.6329622474843764e-23, nan 
177.875, 74.125, 2.5056033761097875e-23, nan 
178.125, 74.125, 1.0290541541510773e-23, nan 
178.375, 74.125, 9.98866845494026e-24, nan 
178.625, 74.125, 1.194844035994329e-23, nan 
178.875, 74.125, 3.620693575561333e-24, nan 
179.125, 74.125, 1.0668630296374272e-23, nan 
179.375, 74.125, 1.0267970323389431e-23, nan 
179.625, 74.125, 2.0091578421099254e-23, nan 
179.875, 74.125, 1.901610824633082e-23, nan 
-179.875, 74.375, 1.2782848910262403e-23, nan 
-179.625, 74.375, 2.0963697452862775e-23, nan 
-179.375, 74.375, 1.937053185539443e-23, nan 
-179.125, 74.375, 1.5339696687176406e-23, nan 
-178.875, 74.375, 1.6702261180399043e-23, nan 
-178.625, 74.375, 1.7918743920876745e-23, nan 
-178.375, 74.375, 1.5441843063388888e-23, nan 
-178.125, 74.375, 1.49657849794821e-23, nan 
-177.875, 74.375, 1.4658170748868855e-23, nan 
-177.625, 74.375, 1.478119360224832e-23, nan 
-177.375, 74.375, 1.431016085138453e-23, nan 
-177.125, 74.375, 1.3786663961767058e-23, nan 
-176.875, 74.375, 1.457489514051958e-23, nan 
-176.625, 74.375, 9.397524403682064e-24, nan 
-176.375, 74.375, 6.858907187239152e-24, nan 
-176.125, 74.375, 6.812881682201208e-24, nan 
-175.875, 74.375, 7.148184217090054e-24, nan 
-175.625, 74.375, 1.5932981474184156e-23, nan 
-175.375, 74.375, 2.674416274072879e-23, nan 
-175.125, 74.375, 1.3931626389114667e-23, nan 
-174.875, 74.375, 3.292539277812717e-23, nan 
-174.625, 74.375, 3.412355275616138e-23, nan 
-174.375, 74.375, 3.7774613114263217e-23, nan 
-174.125, 74.375, 4.0430156336724936e-23, nan 
-173.875, 74.375, 6.876427298209055e-23, nan 
-173.625, 74.375, 3.4569429795741024e-23, nan 
-173.375, 74.375, 2.0129066297822044e-23, nan 
-173.125, 74.375, 3.609918625042353e-23, nan 
-172.875, 74.375, 2.7200994764209655e-23, nan 
-172.625, 74.375, 1.6372849719039913e-23, nan 
-172.375, 74.375, 1.6300470492590885e-23, nan 
-172.125, 74.375, 1.4877643497442262e-23, nan 
-171.875, 74.375, 1.753345000981941e-23, nan 
-171.625, 74.375, 2.1483963254834345e-23, nan 
-171.375, 74.375, 1.521711618741555e-23, nan 
-171.125, 74.375, 1.3222154817514895e-23, nan 
-170.875, 74.375, 1.9166848415710813e-23, nan 
-170.625, 74.375, 9.508053839885068e-24, nan 
-170.375, 74.375, 1.0426497007416815e-23, nan 
-170.125, 74.375, 1.0759567239987135e-23, nan 
-169.875, 74.375, 1.0886545955503567e-23, nan 
-169.625, 74.375, 1.3199182766083872e-23, nan 
-169.375, 74.375, 9.131962000070352e-24, nan 
-169.125, 74.375, 1.0605106386491753e-23, nan 
-168.875, 74.375, 1.1764546601062323e-23, nan 
-168.625, 74.375, 1.1113708407363885e-23, nan 
-168.375, 74.375, 1.0833131038251206e-23, nan 
-168.125, 74.375, 6.949040221290608e-24, nan 
-167.875, 74.375, 6.763201608935276e-24, nan 
-167.625, 74.375, 9.131840622673406e-24, nan 
-167.375, 74.375, 1.2320222589047978e-23, nan 
-167.125, 74.375, 1.4517337518038582e-23, nan 
-166.875, 74.375, 1.1807643440339086e-23, nan 
-166.625, 74.375, 1.1958641884605298e-23, nan 
-166.375, 74.375, 1.4021298207801106e-23, nan 
-166.125, 74.375, 1.2378573394604636e-23, nan 
-165.875, 74.375, 1.1669903088704512e-23, nan 
-165.625, 74.375, 8.659165549572054e-24, nan 
-165.375, 74.375, 9.08444678310463e-24, nan 
-165.125, 74.375, 6.913989562283031e-24, nan 
-164.875, 74.375, 1.6616840022418423e-24, nan 
-164.625, 74.375, 6.898725837742134e-24, nan 
-164.375, 74.375, 8.950635657349742e-24, nan 
-164.125, 74.375, 1.4271030599843807e-23, nan 
-163.875, 74.375, 1.752573679496856e-23, nan 
-163.625, 74.375, 1.3387629682295796e-23, nan 
-163.375, 74.375, 1.5959207319474675e-23, nan 
-163.125, 74.375, 1.6033558176115837e-23, nan 
-162.875, 74.375, 1.3580920219793097e-23, nan 
-162.625, 74.375, 1.4510807996929197e-23, nan 
-162.375, 74.375, 1.1435027523379518e-23, nan 
-162.125, 74.375, 9.426184316039199e-24, nan 
-161.875, 74.375, 5.7561348146073585e-24, nan 
-161.625, 74.375, 4.511925528967597e-24, nan 
-161.375, 74.375, 7.499487947035547e-24, nan 
-161.125, 74.375, 4.660750830459632e-24, nan 
-160.875, 74.375, 4.7366933656235426e-24, nan 
-160.625, 74.375, 5.210802555155861e-24, nan 
-160.375, 74.375, 5.45145786224726e-24, nan 
-160.125, 74.375, 7.138512207579733e-24, nan 
-159.875, 74.375, 3.899130199119999e-24, nan 
-159.625, 74.375, 3.1480017651302576e-24, nan 
-159.375, 74.375, 4.4771583434840036e-24, nan 
-159.125, 74.375, 2.5177444400805857e-24, nan 
-158.875, 74.375, 4.713282225102982e-24, nan 
-158.625, 74.375, 3.305491432153716e-24, nan 
-158.375, 74.375, 3.552945411659851e-24, nan 
-158.125, 74.375, 6.733082749428822e-24, nan 
-157.875, 74.375, 8.720950733338518e-24, nan 
-157.625, 74.375, 2.1510242013887645e-23, nan 
-157.375, 74.375, 2.5114889786069102e-23, nan 
-157.125, 74.375, 2.3640296636789165e-23, nan 
-156.875, 74.375, 1.778100259300857e-23, nan 
-156.625, 74.375, 1.331066656991823e-23, nan 
2.125, 74.375, 2.272161243201101e-24, nan 
2.375, 74.375, 2.0727523481200922e-24, nan 
2.625, 74.375, 1.4350488491391661e-24, nan 
2.875, 74.375, 1.3168003276803548e-24, nan 
3.125, 74.375, 1.5698846250493292e-24, nan 
3.375, 74.375, 9.805793465000052e-25, nan 
3.625, 74.375, 1.2468261235236461e-24, nan 
3.875, 74.375, 1.6370175814620911e-24, nan 
4.125, 74.375, 1.5489889185723641e-24, nan 
4.375, 74.375, 9.979752924926526e-25, nan 
4.625, 74.375, 8.003598910196348e-25, nan 
4.875, 74.375, 5.004665907505109e-25, nan 
5.125, 74.375, 4.317229599232641e-25, nan 
5.375, 74.375, 9.769646526000744e-25, nan 
5.625, 74.375, 2.1390301411635646e-24, nan 
5.875, 74.375, 2.5081117206578494e-24, nan 
6.125, 74.375, 2.6924481363745288e-24, nan 
6.375, 74.375, 1.9065413287544586e-24, nan 
6.625, 74.375, 2.4973442590915025e-24, nan 
6.875, 74.375, 2.8132107161627714e-24, nan 
7.125, 74.375, 1.1427420996121855e-24, nan 
7.375, 74.375, 8.259321772668923e-25, nan 
7.625, 74.375, 8.503232449807056e-25, nan 
7.875, 74.375, 7.423161065136837e-25, nan 
8.125, 74.375, 1.0872893254314341e-24, nan 
8.375, 74.375, 1.832057245192063e-24, nan 
8.625, 74.375, 1.9172270879291915e-24, nan 
8.875, 74.375, 1.2038226029521984e-24, nan 
9.125, 74.375, 1.904196373971588e-24, nan 
9.375, 74.375, 2.0366038211217635e-24, nan 
9.625, 74.375, 1.3655849373528088e-24, nan 
9.875, 74.375, 8.140717624748508e-25, nan 
10.125, 74.375, 1.145445067892662e-24, nan 
10.375, 74.375, 4.51424797557335e-25, nan 
10.625, 74.375, 8.998733472395045e-25, nan 
10.875, 74.375, 2.0757627845100614e-24, nan 
11.125, 74.375, 2.1725924965469953e-24, nan 
11.375, 74.375, 1.8281971709532427e-24, nan 
11.625, 74.375, 1.604013963635105e-24, nan 
11.875, 74.375, 1.991670712175777e-24, nan 
12.125, 74.375, 2.0490236358929335e-24, nan 
12.375, 74.375, 3.3052236958651003e-24, nan 
12.625, 74.375, 3.0360585969775756e-24, nan 
12.875, 74.375, 2.5863843747363962e-24, nan 
13.125, 74.375, 4.210752466623522e-24, nan 
13.375, 74.375, 4.066362882789184e-24, nan 
13.625, 74.375, 2.4835713150668643e-24, nan 
13.875, 74.375, 2.1554760747120163e-24, nan 
14.125, 74.375, 2.4121530284266523e-24, nan 
14.375, 74.375, 5.440554004375562e-25, nan 
14.625, 74.375, 1.054945241259288e-24, nan 
14.875, 74.375, 1.4783097954438716e-24, nan 
15.125, 74.375, 1.1582396257925086e-24, nan 
15.375, 74.375, 2.1088685779699155e-24, nan 
15.625, 74.375, 1.7694700728662313e-24, nan 
15.875, 74.375, 1.122679732865986e-24, nan 
16.125, 74.375, 2.5266659798849376e-24, nan 
16.375, 74.375, 1.1744429630786115e-24, nan 
16.625, 74.375, 1.1331276793683654e-24, nan 
16.875, 74.375, 1.8958258658585964e-24, nan 
17.125, 74.375, 1.9920222784369285e-24, nan 
17.375, 74.375, 2.097201157122065e-24, nan 
17.625, 74.375, 2.7553396157628413e-24, nan 
17.875, 74.375, 2.6696050195263635e-24, nan 
18.125, 74.375, 2.707245447069508e-24, nan 
18.375, 74.375, 2.2295226081010998e-24, nan 
18.625, 74.375, 2.6248249983295243e-24, nan 
18.875, 74.375, 8.156109943202218e-25, nan 
19.125, 74.375, 1.0217789779369292e-24, nan 
19.375, 74.375, 1.6924781636275692e-24, nan 
19.625, 74.375, 1.5090757191702078e-24, nan 
19.875, 74.375, 9.489344295054094e-25, nan 
20.125, 74.375, 1.0307034854968807e-24, nan 
20.375, 74.375, 1.5770259493047476e-24, nan 
20.625, 74.375, 1.3529812730509269e-24, nan 
20.875, 74.375, 1.0128541958048202e-24, nan 
21.125, 74.375, 1.0671752663741792e-24, nan 
21.375, 74.375, 2.0295193419665606e-24, nan 
21.625, 74.375, 2.1334573683200735e-24, nan 
21.875, 74.375, 2.5309754295032203e-24, nan 
22.125, 74.375, 2.0393478507418483e-24, nan 
22.375, 74.375, 2.0785770051576185e-24, nan 
22.625, 74.375, 2.466132686671207e-24, nan 
22.875, 74.375, 1.777306026957671e-24, nan 
23.125, 74.375, 1.5116397298885011e-24, nan 
23.375, 74.375, 1.6257868437427674e-24, nan 
23.625, 74.375, 2.172459267109101e-24, nan 
23.875, 74.375, 3.0810362557241324e-24, nan 
24.125, 74.375, 1.832741594367157e-24, nan 
24.375, 74.375, 1.9446646289423268e-24, nan 
24.625, 74.375, 2.105660491954623e-24, nan 
24.875, 74.375, 1.449996209017432e-24, nan 
25.125, 74.375, 1.4317919233207296e-24, nan 
25.375, 74.375, 1.803881538779096e-24, nan 
25.625, 74.375, 1.8903739739578072e-24, nan 
25.875, 74.375, 2.1736165007874544e-24, nan 
26.125, 74.375, 1.60605587620204e-24, nan 
26.375, 74.375, 1.2719750701263911e-24, nan 
26.625, 74.375, 2.1327358127149445e-24, nan 
26.875, 74.375, 1.745781551605767e-24, nan 
27.125, 74.375, 8.041484141903577e-25, nan 
27.375, 74.375, 2.2731798040417275e-24, nan 
27.625, 74.375, 2.0045806823419258e-24, nan 
27.875, 74.375, 1.1739786220062374e-24, nan 
28.125, 74.375, 1.835670898337536e-24, nan 
28.375, 74.375, 1.5223016652356714e-24, nan 
28.625, 74.375, 3.519119876394362e-24, nan 
28.875, 74.375, 1.2936426920998984e-24, nan 
29.125, 74.375, 2.2601601662627386e-24, nan 
29.375, 74.375, 4.569660134505545e-24, nan 
29.625, 74.375, 1.9979014238019422e-24, nan 
29.875, 74.375, 2.442850089892481e-24, nan 
30.125, 74.375, 1.302465487912208e-24, nan 
30.375, 74.375, 1.8328501968116657e-24, nan 
30.625, 74.375, 3.625531837652421e-24, nan 
30.875, 74.375, 2.2918487841170972e-24, nan 
31.125, 74.375, 3.363972472067544e-24, nan 
31.375, 74.375, 3.3077085497692337e-24, nan 
31.625, 74.375, 2.955628430737394e-24, nan 
31.875, 74.375, 2.705011676476675e-24, nan 
32.125, 74.375, 4.7138537668667835e-24, nan 
32.375, 74.375, 4.9473198202251116e-24, nan 
32.625, 74.375, 4.959772211165306e-24, nan 
32.875, 74.375, 4.734482203885481e-24, nan 
33.125, 74.375, 3.4426457029254534e-24, nan 
33.375, 74.375, 4.2525909187518255e-24, nan 
33.625, 74.375, 4.8437804529407014e-24, nan 
33.875, 74.375, 7.091449482460325e-24, nan 
34.125, 74.375, 1.0112453023616062e-23, nan 
34.375, 74.375, 1.1325867748215005e-23, nan 
34.625, 74.375, 1.0866735427476759e-23, nan 
34.875, 74.375, 1.0642628328027935e-23, nan 
35.125, 74.375, 1.1720490954203612e-23, nan 
35.375, 74.375, 1.1426620234849648e-23, nan 
35.625, 74.375, 7.213257008845469e-24, nan 
35.875, 74.375, 6.351982061219911e-24, nan 
36.125, 74.375, 6.3736320600075235e-24, nan 
36.375, 74.375, 6.78899609395982e-24, nan 
36.625, 74.375, 8.226411665490812e-24, nan 
36.875, 74.375, 7.514549949505175e-24, nan 
37.125, 74.375, 6.044633706237971e-24, nan 
37.375, 74.375, 6.456257581340401e-24, nan 
37.625, 74.375, 6.359973765286108e-24, nan 
37.875, 74.375, 7.417472052812554e-24, nan 
38.125, 74.375, 7.907962630239698e-24, nan 
38.375, 74.375, 7.212694015383287e-24, nan 
38.625, 74.375, 1.1487965446478603e-23, nan 
38.875, 74.375, 1.1977137666589984e-23, nan 
39.125, 74.375, 8.57031669967511e-24, nan 
39.375, 74.375, 8.304337105917299e-24, nan 
39.625, 74.375, 5.543323624070543e-24, nan 
39.875, 74.375, 3.799819064238827e-24, nan 
40.125, 74.375, 3.1981191828514037e-24, nan 
40.375, 74.375, 3.595150086523309e-24, nan 
40.625, 74.375, 4.514420004453773e-24, nan 
40.875, 74.375, 3.870224394768239e-24, nan 
41.125, 74.375, 1.3951345765625478e-23, nan 
41.375, 74.375, 3.1908658635047783e-24, nan 
41.625, 74.375, 6.68085925301728e-24, nan 
41.875, 74.375, 4.52479949797066e-24, nan 
42.125, 74.375, 2.7073379192164097e-24, nan 
42.375, 74.375, 1.3877464448346263e-23, nan 
42.625, 74.375, 4.220058231409733e-24, nan 
42.875, 74.375, 4.482692227039056e-24, nan 
43.125, 74.375, 1.0228142178051798e-23, nan 
43.375, 74.375, 1.5482494057831333e-23, nan 
43.625, 74.375, 1.4341962994349918e-23, nan 
43.875, 74.375, 1.0552672861562759e-23, nan 
44.125, 74.375, 9.796152843236856e-24, nan 
44.375, 74.375, 8.008680734823515e-24, nan 
44.625, 74.375, 9.20371458006162e-24, nan 
44.875, 74.375, 8.42559494728666e-24, nan 
45.125, 74.375, 8.219599139202753e-24, nan 
45.375, 74.375, 8.353242453520462e-24, nan 
45.625, 74.375, 6.420938863941219e-24, nan 
45.875, 74.375, 4.658944375657111e-24, nan 
46.125, 74.375, 6.121779842765878e-24, nan 
46.375, 74.375, 5.501035298911241e-24, nan 
46.625, 74.375, 3.363579983422806e-24, nan 
46.875, 74.375, 6.5941462876589814e-24, nan 
47.125, 74.375, 1.1187468452486565e-23, nan 
47.375, 74.375, 1.3549763988813006e-23, nan 
47.625, 74.375, 1.522845533491679e-23, nan 
47.875, 74.375, 1.8318126187330016e-23, nan 
48.125, 74.375, 1.7316922301112842e-23, nan 
48.375, 74.375, 1.7093518462397712e-23, nan 
48.625, 74.375, 1.9348724606426045e-23, nan 
48.875, 74.375, 1.0877998391041909e-23, nan 
49.125, 74.375, 1.0101567115697796e-23, nan 
49.375, 74.375, 8.405610010733302e-24, nan 
49.625, 74.375, 1.0306795611842716e-23, nan 
49.875, 74.375, 6.230786781119451e-24, nan 
50.125, 74.375, 6.42980557898801e-24, nan 
50.375, 74.375, 9.44528165320752e-24, nan 
50.625, 74.375, 1.1548139623576871e-23, nan 
50.875, 74.375, 7.763476624386642e-24, nan 
51.125, 74.375, 1.1445915921265133e-23, nan 
51.375, 74.375, 1.6590270187128983e-23, nan 
51.625, 74.375, 1.2038291182246087e-23, nan 
51.875, 74.375, 9.582053970440103e-24, nan 
52.125, 74.375, 8.00133818789004e-24, nan 
52.375, 74.375, 9.504281392166946e-24, nan 
52.625, 74.375, 1.4911875824396942e-23, nan 
52.875, 74.375, 2.1949093187621744e-23, nan 
53.125, 74.375, 1.158215503307425e-23, nan 
53.375, 74.375, 1.8890015216891364e-23, nan 
53.625, 74.375, 3.4832644069784916e-23, nan 
53.875, 74.375, 1.2807939364660345e-23, nan 
54.125, 74.375, 2.5356268525316998e-23, nan 
54.375, 74.375, 2.212813595650077e-23, nan 
54.625, 74.375, 1.6393616529718998e-23, nan 
54.875, 74.375, 1.5324405779670467e-23, nan 
55.125, 74.375, 1.8278261957047808e-23, nan 
55.375, 74.375, 2.136276504944817e-23, nan 
55.625, 74.375, 1.4660519064207168e-23, nan 
55.875, 74.375, 2.5747542411299182e-23, nan 
56.125, 74.375, 2.8147351511524095e-23, nan 
56.375, 74.375, 3.234258660625762e-23, nan 
56.625, 74.375, 3.064226009445654e-23, nan 
56.875, 74.375, 4.4321662389945885e-23, nan 
57.125, 74.375, 4.627227542669434e-23, nan 
57.375, 74.375, 5.376738757973939e-23, nan 
57.625, 74.375, 5.028552963866014e-23, nan 
57.875, 74.375, 3.9626737822450256e-23, nan 
58.125, 74.375, 4.6168606639559995e-23, nan 
58.375, 74.375, 3.747738304836693e-23, nan 
58.625, 74.375, 2.979034267101279e-23, nan 
58.875, 74.375, 2.6576074154775805e-23, nan 
59.125, 74.375, 3.7454186288969947e-23, nan 
59.375, 74.375, 3.426127928488816e-23, nan 
59.625, 74.375, 3.4735254631369784e-23, nan 
59.875, 74.375, 1.8687775984453018e-23, nan 
60.125, 74.375, 2.6012867066438598e-23, nan 
60.375, 74.375, 2.6894032313604947e-23, nan 
60.625, 74.375, 2.46460023660553e-23, nan 
60.875, 74.375, 2.301697378759873e-23, nan 
61.125, 74.375, 2.801057417170573e-23, nan 
61.375, 74.375, 3.2488692863348414e-23, nan 
61.625, 74.375, 2.763277602797351e-23, nan 
61.875, 74.375, 4.377864418573563e-23, nan 
62.125, 74.375, 3.774165716311861e-23, nan 
62.375, 74.375, 3.075859295732404e-23, nan 
62.625, 74.375, 3.2272947627074655e-23, nan 
62.875, 74.375, 4.647869424325042e-23, nan 
63.125, 74.375, 3.62357795597132e-23, nan 
63.375, 74.375, 4.096856630349008e-23, nan 
63.625, 74.375, 3.249608669544428e-23, nan 
63.875, 74.375, 4.3318175229473367e-23, nan 
64.125, 74.375, 4.574924319758422e-23, nan 
64.375, 74.375, 5.816931313976937e-23, nan 
64.625, 74.375, 1.0641009650931042e-22, nan 
64.875, 74.375, 1.5065390097060563e-22, nan 
65.125, 74.375, 1.0626290952094828e-22, nan 
65.375, 74.375, 1.244824010933237e-22, nan 
65.625, 74.375, 1.5852980156440372e-22, nan 
65.875, 74.375, 8.486476120627126e-23, nan 
66.125, 74.375, 6.381077395432206e-23, nan 
66.375, 74.375, 6.950029895196625e-23, nan 
66.625, 74.375, 3.435855037456112e-23, nan 
66.875, 74.375, 3.209880821531338e-22, nan 
67.125, 74.375, 4.056126536629668e-22, nan 
67.375, 74.375, 1.5756933702951768e-22, nan 
67.625, 74.375, 9.201948612857106e-23, nan 
67.875, 74.375, 9.915820326123424e-23, nan 
68.125, 74.375, 1.0156647434591637e-22, nan 
68.375, 74.375, 1.0743066278054242e-22, nan 
68.625, 74.375, 8.193768253352635e-23, nan 
68.875, 74.375, 7.83750975881386e-23, nan 
69.125, 74.375, 1.200586264907886e-22, nan 
69.375, 74.375, 1.4730729823523788e-22, nan 
69.625, 74.375, 2.0247491736332743e-22, nan 
69.875, 74.375, 2.2353873034197645e-22, nan 
70.125, 74.375, 2.4146136057809844e-22, nan 
70.375, 74.375, 2.22427870514981e-22, nan 
70.625, 74.375, 2.0353265743129066e-22, nan 
70.875, 74.375, 2.0639731760278976e-22, nan 
71.125, 74.375, 2.0993900681290965e-22, nan 
71.375, 74.375, 1.7596678041158778e-22, nan 
71.625, 74.375, 1.569139919393444e-22, nan 
71.875, 74.375, 2.845753690521475e-22, nan 
72.125, 74.375, 3.4935142318628267e-22, nan 
72.375, 74.375, 1.4035616655315777e-22, nan 
72.625, 74.375, 1.423506673690761e-22, nan 
72.875, 74.375, 1.5203679404170558e-22, nan 
73.125, 74.375, 1.544848749989993e-22, nan 
73.375, 74.375, 1.8119052214010107e-22, nan 
73.625, 74.375, 2.013024331660943e-22, nan 
73.875, 74.375, 1.4642688542116696e-22, nan 
74.125, 74.375, 1.8626216803775435e-22, nan 
74.375, 74.375, 1.3565036327853997e-22, nan 
74.625, 74.375, 9.687027939416466e-23, nan 
74.875, 74.375, 1.937948712289077e-22, nan 
75.125, 74.375, 2.466871478609222e-22, nan 
75.375, 74.375, 3.3017688587246783e-22, nan 
75.625, 74.375, 3.621678239394014e-22, nan 
75.875, 74.375, 4.8638384326654095e-22, nan 
76.125, 74.375, 5.539621432502384e-22, nan 
76.375, 74.375, 5.469183042521363e-22, nan 
76.625, 74.375, 4.877408346692099e-22, nan 
76.875, 74.375, 1.7583675369785436e-21, nan 
77.125, 74.375, 1.8559626291884136e-21, nan 
77.375, 74.375, 1.9030786105344463e-21, nan 
77.625, 74.375, 2.5942850579767845e-21, nan 
77.875, 74.375, 2.633986293691795e-21, nan 
78.125, 74.375, 2.6419885498581575e-21, nan 
78.375, 74.375, 2.264351871036818e-21, nan 
78.625, 74.375, 2.6816288754138025e-21, nan 
78.875, 74.375, 3.1975636298092052e-21, nan 
79.125, 74.375, 2.753191814813148e-21, nan 
79.375, 74.375, 2.6746752357480832e-21, nan 
79.625, 74.375, 3.0570041234147705e-21, nan 
79.875, 74.375, 1.4413901526328305e-21, nan 
80.125, 74.375, 9.58282380769238e-22, nan 
80.375, 74.375, 7.489178831866909e-22, nan 
80.625, 74.375, 6.093740326345347e-22, nan 
80.875, 74.375, 1.5760327915204567e-21, nan 
81.125, 74.375, 2.104666463729244e-21, nan 
81.375, 74.375, 6.926743407368589e-22, nan 
81.625, 74.375, 5.374913701153465e-22, nan 
81.875, 74.375, 4.586340433891173e-22, nan 
82.125, 74.375, 5.219941943429977e-22, nan 
82.375, 74.375, 8.679799761990882e-22, nan 
82.625, 74.375, 7.299037763235836e-22, nan 
82.875, 74.375, 8.0399524823918525e-22, nan 
83.125, 74.375, 1.0232138121898143e-21, nan 
83.375, 74.375, 8.824598639697793e-22, nan 
83.625, 74.375, 1.4009101841928962e-21, nan 
83.875, 74.375, 2.2657623319981195e-21, nan 
84.125, 74.375, 2.10250316331706e-21, nan 
84.375, 74.375, 2.9785111802411446e-21, nan 
84.625, 74.375, 4.244778902596832e-21, nan 
84.875, 74.375, 3.887237775816866e-21, nan 
85.125, 74.375, 4.1973476964522675e-21, nan 
85.375, 74.375, 6.578526098600554e-21, nan 
85.625, 74.375, 6.6016520428422255e-21, nan 
85.875, 74.375, 3.297351350307225e-21, nan 
86.125, 74.375, 5.123338317514403e-21, nan 
86.375, 74.375, 4.530892369311004e-21, nan 
86.625, 74.375, 2.0626621468964587e-21, nan 
86.875, 74.375, 1.8779399190569024e-21, nan 
87.125, 74.375, 1.4421063811034156e-21, nan 
87.375, 74.375, 1.93456005907045e-21, nan 
87.625, 74.375, 2.6989493894531335e-21, nan 
87.875, 74.375, 4.544267259133226e-21, nan 
88.125, 74.375, 3.0668758869858635e-21, nan 
88.375, 74.375, 5.4959949173989345e-21, nan 
88.625, 74.375, 6.3326009525044084e-21, nan 
88.875, 74.375, 3.58124782351672e-21, nan 
89.125, 74.375, 4.4529164905976195e-21, nan 
89.375, 74.375, 4.455239248347062e-21, nan 
89.625, 74.375, 3.327441941509292e-21, nan 
89.875, 74.375, 4.786232533986387e-21, nan 
90.125, 74.375, 3.0241634264027114e-21, nan 
90.375, 74.375, 5.546681876082955e-21, nan 
90.625, 74.375, 8.417358530297191e-21, nan 
90.875, 74.375, 5.755570239373714e-21, nan 
91.125, 74.375, 5.9380245232400995e-21, nan 
91.375, 74.375, 6.287381383844264e-21, nan 
91.625, 74.375, 5.605768744678143e-21, nan 
91.875, 74.375, 7.154180271765233e-21, nan 
92.125, 74.375, 5.694396313124837e-21, nan 
92.375, 74.375, 5.3130323748340664e-21, nan 
92.625, 74.375, 7.173551095428257e-21, nan 
92.875, 74.375, 6.90820587477953e-21, nan 
93.125, 74.375, 5.416423940008363e-21, nan 
93.375, 74.375, 7.087386717868281e-21, nan 
93.625, 74.375, 4.29437324572571e-21, nan 
93.875, 74.375, 1.106801528559664e-20, nan 
94.125, 74.375, 9.082899947924997e-21, nan 
94.375, 74.375, 5.814671034959059e-21, nan 
94.625, 74.375, 1.067818033229023e-20, nan 
94.875, 74.375, 1.5587923317916288e-20, nan 
95.125, 74.375, 9.355034985198657e-20, nan 
95.375, 74.375, 9.595476689468364e-20, nan 
95.625, 74.375, 4.780808207694215e-20, nan 
95.875, 74.375, 3.930777960224336e-20, nan 
96.125, 74.375, 3.702740415718567e-20, nan 
96.375, 74.375, 1.4118714352060017e-19, nan 
96.625, 74.375, 1.4207532902461397e-19, nan 
96.875, 74.375, 9.872162358380758e-20, nan 
97.125, 74.375, 2.420392554233125e-19, nan 
97.375, 74.375, 2.2824440140046594e-19, nan 
97.625, 74.375, 1.6180506088090973e-19, nan 
97.875, 74.375, 1.4729181220349026e-19, nan 
98.125, 74.375, 1.7822022750857197e-19, nan 
98.375, 74.375, 1.8342660086241337e-19, nan 
98.625, 74.375, 1.8309601228880418e-19, nan 
98.875, 74.375, 1.4202178780843041e-19, nan 
99.125, 74.375, 1.5581935845997042e-19, nan 
99.375, 74.375, 1.3966327097531482e-19, nan 
99.625, 74.375, 8.854867259187588e-20, nan 
99.875, 74.375, 4.353183126300494e-20, nan 
100.125, 74.375, 9.75729546143569e-20, nan 
100.375, 74.375, 1.1720892907206863e-19, nan 
100.625, 74.375, 7.473738397809178e-20, nan 
100.875, 74.375, 1.150085621334089e-19, nan 
101.125, 74.375, 1.202763226547943e-19, nan 
101.375, 74.375, 4.63993723433555e-20, nan 
101.625, 74.375, 9.205027124486412e-20, nan 
101.875, 74.375, 7.526245735878012e-20, nan 
102.125, 74.375, 4.537700966200982e-20, nan 
102.375, 74.375, 8.885340914192877e-20, nan 
102.625, 74.375, 1.5759068165453193e-19, nan 
102.875, 74.375, 1.574784807987691e-19, nan 
103.125, 74.375, 1.752556295288243e-19, nan 
103.375, 74.375, 2.1698983169007993e-19, nan 
103.625, 74.375, 2.6154585615937144e-19, nan 
103.875, 74.375, 2.06466375518519e-19, nan 
104.125, 74.375, 2.432872599309514e-19, nan 
104.375, 74.375, 3.3685443618062567e-19, nan 
104.625, 74.375, 2.537279779617608e-19, nan 
104.875, 74.375, 2.8446916795458848e-19, nan 
105.125, 74.375, 2.91475137530998e-19, nan 
105.375, 74.375, 2.876579092069801e-19, nan 
105.625, 74.375, 3.422987644866939e-19, nan 
105.875, 74.375, 3.2871234385070517e-19, nan 
106.125, 74.375, 2.661309130400722e-19, nan 
106.375, 74.375, 1.7354837460254332e-19, nan 
106.625, 74.375, 5.450511718179382e-19, nan 
106.875, 74.375, 7.223137611570037e-19, nan 
107.125, 74.375, 6.35397315195124e-19, nan 
107.375, 74.375, 8.822033932809786e-19, nan 
107.625, 74.375, 3.292511084024619e-19, nan 
107.875, 74.375, 3.0489256238863332e-19, nan 
108.125, 74.375, 8.756135547170507e-20, nan 
108.375, 74.375, 2.0785753750741156e-19, nan 
108.625, 74.375, 3.828973729798731e-19, nan 
108.875, 74.375, 3.689460157422425e-19, nan 
109.125, 74.375, 5.054953287572467e-19, nan 
109.375, 74.375, 7.126977315107045e-19, nan 
109.625, 74.375, 8.944364183321719e-19, nan 
109.875, 74.375, 6.027321593416433e-19, nan 
110.125, 74.375, 9.148862459725017e-19, nan 
110.375, 74.375, 1.4373312859019118e-18, nan 
110.625, 74.375, 1.2419292224540608e-18, nan 
110.875, 74.375, 7.74248244492604e-19, nan 
111.125, 74.375, 1.289315813960543e-18, nan 
111.375, 74.375, 1.826522720073166e-18, nan 
111.625, 74.375, 1.1866426188038886e-18, nan 
111.875, 74.375, 7.760729847514724e-19, nan 
112.125, 74.375, 1.3283383681325129e-18, nan 
112.375, 74.375, 1.820537447446715e-18, nan 
112.625, 74.375, 2.413282220713e-18, nan 
112.875, 74.375, 1.1106221093025309e-18, nan 
113.125, 74.375, 2.9618345923721896e-18, nan 
113.375, 74.375, 3.793393927023085e-18, nan 
113.625, 74.375, 3.606676867454155e-19, nan 
113.875, 74.375, 1.4289211813701335e-18, nan 
114.125, 74.375, 1.8278216800346095e-18, nan 
114.375, 74.375, 1.2058829243941823e-18, nan 
114.625, 74.375, 7.552742016616462e-19, nan 
114.875, 74.375, 8.777909057046673e-19, nan 
115.125, 74.375, 9.763801012469309e-19, nan 
115.375, 74.375, 4.349184823160819e-19, nan 
115.625, 74.375, 2.39575970686164e-19, nan 
115.875, 74.375, 1.84958377671085e-19, nan 
116.125, 74.375, 1.9100163748886648e-19, nan 
116.375, 74.375, 2.1238738818727768e-19, nan 
116.625, 74.375, 2.27631499206217e-19, nan 
116.875, 74.375, 1.3522102026057869e-19, nan 
117.125, 74.375, 3.3274893563852333e-19, nan 
117.375, 74.375, 3.8020800433234017e-19, nan 
117.625, 74.375, 1.5516240961801126e-19, nan 
117.875, 74.375, 2.642332695016465e-19, nan 
118.125, 74.375, 3.2347099743031372e-19, nan 
118.375, 74.375, 1.5735139567068345e-19, nan 
118.625, 74.375, 9.908894614381806e-20, nan 
118.875, 74.375, 8.263965038973238e-20, nan 
119.125, 74.375, 1.2951035927457502e-19, nan 
119.375, 74.375, 5.382336737571833e-20, nan 
119.625, 74.375, 6.361653200860941e-20, nan 
119.875, 74.375, 4.2390986096403444e-20, nan 
120.125, 74.375, 1.1579009284998895e-19, nan 
120.375, 74.375, 1.7089891568655432e-19, nan 
120.625, 74.375, 1.379641501287609e-19, nan 
120.875, 74.375, 3.035788106924134e-19, nan 
121.125, 74.375, 3.0107832496557543e-19, nan 
121.375, 74.375, 2.44417761567612e-19, nan 
121.625, 74.375, 2.1296671330580917e-19, nan 
121.875, 74.375, 1.80457727579718e-19, nan 
122.125, 74.375, 1.8836098993831033e-19, nan 
122.375, 74.375, 1.6350453297038472e-19, nan 
122.625, 74.375, 9.160195925911616e-20, nan 
122.875, 74.375, 7.43766650002632e-20, nan 
123.125, 74.375, 4.281240957884776e-20, nan 
123.375, 74.375, 5.944740019678956e-20, nan 
123.625, 74.375, 6.909687636893107e-20, nan 
123.875, 74.375, 6.333044313485155e-20, nan 
124.125, 74.375, 5.3039437005267606e-20, nan 
124.375, 74.375, 9.217572888662204e-20, nan 
124.625, 74.375, 5.864758989149187e-20, nan 
124.875, 74.375, 4.303237014819643e-20, nan 
125.125, 74.375, 6.788452577073553e-20, nan 
125.375, 74.375, 4.235416959467833e-20, nan 
125.625, 74.375, 2.2218363556233437e-20, nan 
125.875, 74.375, 1.4379496668888913e-20, nan 
126.125, 74.375, 2.2646151293443287e-20, nan 
126.375, 74.375, 2.581629596606288e-20, nan 
126.625, 74.375, 3.341559150800258e-20, nan 
126.875, 74.375, 3.776310993595861e-20, nan 
127.125, 74.375, 2.4090718603266002e-20, nan 
127.375, 74.375, 3.801582058856254e-20, nan 
127.625, 74.375, 5.297347841071946e-20, nan 
127.875, 74.375, 1.887064702496345e-20, nan 
128.125, 74.375, 3.0999433463274866e-20, nan 
128.375, 74.375, 4.0634434053587825e-20, nan 
128.625, 74.375, 2.2424522879560222e-20, nan 
128.875, 74.375, 2.2559155571731145e-20, nan 
129.125, 74.375, 1.6916862675257722e-20, nan 
129.375, 74.375, 1.6861665096824783e-20, nan 
129.625, 74.375, 1.1961873891441318e-20, nan 
129.875, 74.375, 1.0379824215570644e-20, nan 
130.125, 74.375, 1.5982584368104685e-20, nan 
130.375, 74.375, 1.3840647781569184e-20, nan 
130.625, 74.375, 1.0410870733995149e-20, nan 
130.875, 74.375, 9.611504052216353e-21, nan 
131.125, 74.375, 1.431014558114725e-20, nan 
131.375, 74.375, 7.752154057356148e-21, nan 
131.625, 74.375, 1.1379046757763417e-20, nan 
131.875, 74.375, 1.6955047464172864e-20, nan 
132.125, 74.375, 7.54646424725788e-21, nan 
132.375, 74.375, 1.0120239690926235e-20, nan 
132.625, 74.375, 1.2473427807958311e-20, nan 
132.875, 74.375, 6.006630647718797e-21, nan 
133.125, 74.375, 1.5532321264387307e-21, nan 
133.375, 74.375, 2.7804073002199165e-21, nan 
133.625, 74.375, 4.319867019682597e-21, nan 
133.875, 74.375, 5.040750456054559e-21, nan 
134.125, 74.375, 3.760439940659644e-21, nan 
134.375, 74.375, 1.606374391816255e-21, nan 
134.625, 74.375, 3.434423541622353e-21, nan 
134.875, 74.375, 4.178727286191293e-21, nan 
135.125, 74.375, 7.184027034374718e-21, nan 
135.375, 74.375, 4.2799942794253905e-21, nan 
135.625, 74.375, 4.026142361368442e-21, nan 
135.875, 74.375, 5.259485159348991e-21, nan 
136.125, 74.375, 4.577340802796644e-21, nan 
136.375, 74.375, 4.5169277534028455e-21, nan 
136.625, 74.375, 3.036349046578376e-21, nan 
136.875, 74.375, 2.960390778644493e-21, nan 
137.125, 74.375, 3.0690853523920234e-21, nan 
137.375, 74.375, 2.0061044477712033e-21, nan 
137.625, 74.375, 1.6536860841289957e-21, nan 
137.875, 74.375, 8.923172881619996e-22, nan 
138.125, 74.375, 1.072602808904222e-21, nan 
138.375, 74.375, 1.5310325198994244e-21, nan 
138.625, 74.375, 1.2708185077598739e-21, nan 
138.875, 74.375, 8.922138625112736e-22, nan 
139.125, 74.375, 7.054424865585082e-22, nan 
139.375, 74.375, 8.457558353594809e-22, nan 
139.625, 74.375, 5.650475122086741e-22, nan 
139.875, 74.375, 6.730335185962942e-22, nan 
140.125, 74.375, 7.935293710168089e-22, nan 
140.375, 74.375, 6.70953287080503e-22, nan 
140.625, 74.375, 1.336225217741614e-21, nan 
140.875, 74.375, 1.6877645901182355e-21, nan 
141.125, 74.375, 1.436719283703501e-21, nan 
141.375, 74.375, 1.354437844711171e-21, nan 
141.625, 74.375, 1.2100023541920908e-21, nan 
141.875, 74.375, 9.887873875963196e-22, nan 
142.125, 74.375, 7.567598487524333e-22, nan 
142.375, 74.375, 5.515447426349351e-22, nan 
142.625, 74.375, 4.837461384308725e-22, nan 
142.875, 74.375, 5.013251919650268e-22, nan 
143.125, 74.375, 9.41722714735397e-22, nan 
143.375, 74.375, 9.319739984223318e-22, nan 
143.625, 74.375, 5.165366743621759e-22, nan 
143.875, 74.375, 7.41877839337934e-22, nan 
144.125, 74.375, 6.952856576298083e-22, nan 
144.375, 74.375, 6.019921271885816e-22, nan 
144.625, 74.375, 7.340383573337338e-22, nan 
144.875, 74.375, 5.085036182304575e-22, nan 
145.125, 74.375, 6.068988021992179e-22, nan 
145.375, 74.375, 6.587472554122632e-22, nan 
145.625, 74.375, 4.354518724195204e-22, nan 
145.875, 74.375, 4.86364066961689e-22, nan 
146.125, 74.375, 3.294127052265787e-22, nan 
146.375, 74.375, 2.7704895645581112e-22, nan 
146.625, 74.375, 4.771871527767975e-22, nan 
146.875, 74.375, 2.951275289106668e-22, nan 
147.125, 74.375, 1.4603923775942444e-22, nan 
147.375, 74.375, 1.524228316290543e-22, nan 
147.625, 74.375, 1.498785732785215e-22, nan 
147.875, 74.375, 1.504832396455592e-22, nan 
148.125, 74.375, 2.7928690506403594e-22, nan 
148.375, 74.375, 2.0851273259037308e-22, nan 
148.625, 74.375, 2.2813307431101886e-22, nan 
148.875, 74.375, 2.327125377627003e-22, nan 
149.125, 74.375, 1.8465177677865685e-22, nan 
149.375, 74.375, 1.792986950421352e-22, nan 
149.625, 74.375, 6.942620546762287e-23, nan 
149.875, 74.375, 3.345936187901338e-23, nan 
150.125, 74.375, 8.288783268439633e-23, nan 
150.375, 74.375, 8.945716972556751e-23, nan 
150.625, 74.375, 5.437976672010599e-23, nan 
150.875, 74.375, 1.814544106595076e-22, nan 
151.125, 74.375, 2.910976589018692e-22, nan 
151.375, 74.375, 2.3758391841653295e-22, nan 
151.625, 74.375, 2.6558518642818037e-22, nan 
151.875, 74.375, 3.695390373554427e-22, nan 
152.125, 74.375, 3.682642825661523e-22, nan 
152.375, 74.375, 3.2205021876343784e-22, nan 
152.625, 74.375, 2.5537521462921077e-22, nan 
152.875, 74.375, 3.23982707688462e-22, nan 
153.125, 74.375, 2.935893709307101e-22, nan 
153.375, 74.375, 2.9201652999895235e-22, nan 
153.625, 74.375, 2.9502958888526783e-22, nan 
153.875, 74.375, 3.2046441016078474e-22, nan 
154.125, 74.375, 2.8236908781645965e-22, nan 
154.375, 74.375, 2.051248129278269e-22, nan 
154.625, 74.375, 1.9802059958012258e-22, nan 
154.875, 74.375, 1.7583824150307955e-22, nan 
155.125, 74.375, 1.917887323871465e-22, nan 
155.375, 74.375, 1.7445076908767127e-22, nan 
155.625, 74.375, 1.3937947686394488e-22, nan 
155.875, 74.375, 1.535010522195285e-22, nan 
156.125, 74.375, 1.5292787238375374e-22, nan 
156.375, 74.375, 1.0864520516024726e-22, nan 
156.625, 74.375, 7.599074790293324e-23, nan 
156.875, 74.375, 6.445409379895363e-23, nan 
157.125, 74.375, 5.917269798167926e-23, nan 
157.375, 74.375, 5.565180974842522e-23, nan 
157.625, 74.375, 3.3704931652748876e-23, nan 
157.875, 74.375, 3.352274481621105e-23, nan 
158.125, 74.375, 6.046237124729173e-23, nan 
158.375, 74.375, 7.062336217490582e-23, nan 
158.625, 74.375, 4.819124972107147e-23, nan 
158.875, 74.375, 4.117334123089174e-23, nan 
159.125, 74.375, 1.3987303923475984e-22, nan 
159.375, 74.375, 1.0755264395543948e-22, nan 
159.625, 74.375, 1.1839586863585866e-22, nan 
159.875, 74.375, 1.196287809854047e-22, nan 
160.125, 74.375, 1.165440633652785e-22, nan 
160.375, 74.375, 9.139251058197486e-23, nan 
160.625, 74.375, 1.0629390563503663e-22, nan 
160.875, 74.375, 3.376473045615938e-22, nan 
161.125, 74.375, 3.5816204998523004e-22, nan 
161.375, 74.375, 2.3727632437284747e-22, nan 
161.625, 74.375, 3.1179054563799674e-22, nan 
161.875, 74.375, 3.261079742515774e-22, nan 
162.125, 74.375, 2.3266496113258133e-22, nan 
162.375, 74.375, 2.467873989304852e-22, nan 
162.625, 74.375, 3.2760283381608065e-22, nan 
162.875, 74.375, 2.622862838107891e-22, nan 
163.125, 74.375, 3.152282381906166e-22, nan 
163.375, 74.375, 1.9241978656389505e-22, nan 
163.625, 74.375, 2.1739196566943448e-22, nan 
163.875, 74.375, 2.3338918519468837e-22, nan 
164.125, 74.375, 3.288296210661876e-22, nan 
164.375, 74.375, 4.1026519069522684e-22, nan 
164.625, 74.375, 1.7671621516700803e-22, nan 
164.875, 74.375, 2.687585861188784e-22, nan 
165.125, 74.375, 3.267694860806126e-22, nan 
165.375, 74.375, 1.1950088349862968e-22, nan 
165.625, 74.375, 1.3042778880743398e-22, nan 
165.875, 74.375, 1.2548927780977936e-22, nan 
166.125, 74.375, 7.7214354732482e-23, nan 
166.375, 74.375, 9.44859898508704e-23, nan 
166.625, 74.375, 1.5620671029461513e-22, nan 
166.875, 74.375, 1.4502678859596244e-22, nan 
167.125, 74.375, 1.652766876233339e-22, nan 
167.375, 74.375, 6.862389114798682e-23, nan 
167.625, 74.375, 8.304940348271958e-23, nan 
167.875, 74.375, 9.136937839769404e-23, nan 
168.125, 74.375, 1.2602526188116623e-22, nan 
168.375, 74.375, 1.099867543123254e-22, nan 
168.625, 74.375, 7.413544746177195e-23, nan 
168.875, 74.375, 3.953271316403835e-23, nan 
169.125, 74.375, 4.0565396287358776e-23, nan 
169.375, 74.375, 4.020721670223699e-23, nan 
169.625, 74.375, 2.033339462977054e-23, nan 
169.875, 74.375, 1.9289769033125703e-23, nan 
170.125, 74.375, 1.779913088472801e-23, nan 
170.375, 74.375, 1.303394202175371e-23, nan 
170.625, 74.375, 1.6886480969359647e-23, nan 
170.875, 74.375, 1.2168540648108593e-23, nan 
171.125, 74.375, 2.287171363149568e-23, nan 
171.375, 74.375, 2.3558842977355495e-23, nan 
171.625, 74.375, 2.1223669196202802e-23, nan 
171.875, 74.375, 3.4833785179320287e-23, nan 
172.125, 74.375, 2.838668757890571e-23, nan 
172.375, 74.375, 3.191514611656649e-23, nan 
172.625, 74.375, 3.4161417973369047e-23, nan 
172.875, 74.375, 2.8378921529226835e-23, nan 
173.125, 74.375, 2.1057760025661794e-23, nan 
173.375, 74.375, 1.6047800088949207e-23, nan 
173.625, 74.375, 2.454811947775379e-23, nan 
173.875, 74.375, 1.9909219896152975e-23, nan 
174.125, 74.375, 2.1621133216312146e-23, nan 
174.375, 74.375, 2.958701228678075e-23, nan 
174.625, 74.375, 2.737363597454227e-23, nan 
174.875, 74.375, 3.1429063644519365e-23, nan 
175.125, 74.375, 3.3218329960942784e-23, nan 
175.375, 74.375, 1.3562121234179916e-23, nan 
175.625, 74.375, 1.7584254249744278e-23, nan 
175.875, 74.375, 2.1578696786458412e-23, nan 
176.125, 74.375, 8.935066682821204e-24, nan 
176.375, 74.375, 2.0273947022787388e-23, nan 
176.625, 74.375, 2.1288988403925688e-23, nan 
176.875, 74.375, 1.3429259261364977e-23, nan 
177.125, 74.375, 1.5142514499768398e-23, nan 
177.375, 74.375, 1.8851157349137543e-23, nan 
177.625, 74.375, 1.639039709943404e-23, nan 
177.875, 74.375, 1.879412945383317e-23, nan 
178.125, 74.375, 1.2229808882341003e-23, nan 
178.375, 74.375, 1.5466822678199032e-23, nan 
178.625, 74.375, 2.2487243145807767e-23, nan 
178.875, 74.375, 1.22446124245935e-23, nan 
179.125, 74.375, 1.0744851083837876e-23, nan 
179.375, 74.375, 1.405461302976231e-23, nan 
179.625, 74.375, 1.4495869983630976e-23, nan 
179.875, 74.375, 1.3924467010502706e-23, nan 
-179.875, 74.625, 1.168567404729933e-23, nan 
-179.625, 74.625, 1.1385103903367625e-23, nan 
-179.375, 74.625, 1.2716260696959227e-23, nan 
-179.125, 74.625, 1.2590690849814169e-23, nan 
-178.875, 74.625, 1.6218804794308915e-23, nan 
-178.625, 74.625, 1.8683684656335698e-23, nan 
-178.375, 74.625, 2.0177736819103453e-23, nan 
-178.125, 74.625, 2.274697514365424e-23, nan 
-177.875, 74.625, 1.8860100073852053e-23, nan 
-177.625, 74.625, 1.8618844061429197e-23, nan 
-177.375, 74.625, 2.0104754538723806e-23, nan 
-177.125, 74.625, 1.4781945408691786e-23, nan 
-176.875, 74.625, 9.829697240243133e-24, nan 
-176.625, 74.625, 9.935350401561485e-24, nan 
-176.375, 74.625, 8.508857723490748e-24, nan 
-176.125, 74.625, 8.555768648352054e-24, nan 
-175.875, 74.625, 6.788763759693061e-24, nan 
-175.625, 74.625, 5.706119381532351e-24, nan 
-175.375, 74.625, 1.0578737050418221e-23, nan 
-175.125, 74.625, 8.063989614204571e-24, nan 
-174.875, 74.625, 1.653639838140128e-23, nan 
-174.625, 74.625, 2.044861010426208e-23, nan 
-174.375, 74.625, 8.256538356360899e-24, nan 
-174.125, 74.625, 2.6151700826673363e-23, nan 
-173.875, 74.625, 2.575182737750683e-23, nan 
-173.625, 74.625, 2.1082560494034475e-23, nan 
-173.375, 74.625, 1.6866512294930637e-23, nan 
-173.125, 74.625, 8.866149884279036e-24, nan 
-172.875, 74.625, 5.947738309953562e-24, nan 
-172.625, 74.625, 1.4225819381436747e-23, nan 
-172.375, 74.625, 1.5254913045673753e-23, nan 
-172.125, 74.625, 1.4352336574515537e-23, nan 
-171.875, 74.625, 1.3354104652174234e-23, nan 
-171.625, 74.625, 1.4853341286870163e-23, nan 
-171.375, 74.625, 1.4758222308010637e-23, nan 
-171.125, 74.625, 8.329130930527594e-24, nan 
-170.875, 74.625, 5.417987169188525e-24, nan 
-170.625, 74.625, 8.094329143173809e-24, nan 
-170.375, 74.625, 1.1344599770436793e-23, nan 
-170.125, 74.625, 7.82607925772975e-24, nan 
-169.875, 74.625, 7.549453505381322e-24, nan 
-169.625, 74.625, 6.705708537088791e-24, nan 
-169.375, 74.625, 8.352728458550897e-24, nan 
-169.125, 74.625, 7.341037374504653e-24, nan 
-168.875, 74.625, 1.1585340578518928e-23, nan 
-168.625, 74.625, 1.5502631423108426e-23, nan 
-168.375, 74.625, 2.4237056427031807e-23, nan 
-168.125, 74.625, 2.178043187455525e-23, nan 
-167.875, 74.625, 2.4683289459091572e-23, nan 
-167.625, 74.625, 2.4602822217019987e-23, nan 
-167.375, 74.625, 2.3495134044668037e-23, nan 
-167.125, 74.625, 2.4174819781512847e-23, nan 
-166.875, 74.625, 1.3172678586299818e-23, nan 
-166.625, 74.625, 1.165000345554053e-23, nan 
-166.375, 74.625, 1.799049242996142e-23, nan 
-166.125, 74.625, 1.564535586138328e-23, nan 
-165.875, 74.625, 1.848598077751329e-23, nan 
-165.625, 74.625, 1.7777447434099332e-23, nan 
-165.375, 74.625, 1.5859757907740335e-23, nan 
-165.125, 74.625, 1.566541901386728e-23, nan 
-164.875, 74.625, 1.2409658168629371e-23, nan 
-164.625, 74.625, 9.678260847234683e-24, nan 
-164.375, 74.625, 7.885607169199237e-24, nan 
-164.125, 74.625, 5.250197242215195e-24, nan 
-163.875, 74.625, 3.96733584070129e-24, nan 
-163.625, 74.625, 3.0284825575350536e-24, nan 
-163.375, 74.625, 3.8548230847466774e-24, nan 
-163.125, 74.625, 2.960105117277324e-24, nan 
-162.875, 74.625, 2.755402167757187e-24, nan 
-162.625, 74.625, 4.64408424440899e-24, nan 
-162.375, 74.625, 2.5165421916314847e-24, nan 
-162.125, 74.625, 3.603191164931986e-24, nan 
-161.875, 74.625, 4.82380672115864e-24, nan 
-161.625, 74.625, 4.430578463740271e-24, nan 
-161.375, 74.625, 4.837910487987164e-24, nan 
-161.125, 74.625, 4.964374975948345e-24, nan 
-160.875, 74.625, 5.480403564581825e-24, nan 
-160.625, 74.625, 3.727967697417154e-24, nan 
-160.375, 74.625, 4.070097880310211e-24, nan 
-160.125, 74.625, 7.972957479529337e-24, nan 
-159.875, 74.625, 4.851219618123566e-24, nan 
-159.625, 74.625, 3.208038752678363e-24, nan 
-159.375, 74.625, 4.7124470737000525e-24, nan 
-159.125, 74.625, 4.7684598102059275e-24, nan 
-158.875, 74.625, 3.91661371073175e-24, nan 
-158.625, 74.625, 2.818061231687234e-24, nan 
-158.375, 74.625, 4.557248533697064e-24, nan 
-158.125, 74.625, 3.134830446369061e-24, nan 
-157.875, 74.625, 5.0485656274525646e-24, nan 
-157.625, 74.625, 6.999782424935492e-24, nan 
-157.375, 74.625, 6.898717859445227e-24, nan 
-157.125, 74.625, 3.5882842598390656e-24, nan 
-156.875, 74.625, 3.209397801534839e-24, nan 
-156.625, 74.625, 1.7240986562811625e-24, nan 
-156.375, 74.625, 1.969231692129471e-24, nan 
-156.125, 74.625, 3.243502156213811e-24, nan 
-155.875, 74.625, 2.0489013773663474e-24, nan 
1.375, 74.625, 1.354870212032683e-24, nan 
1.625, 74.625, 1.1510325342188522e-24, nan 
1.875, 74.625, 3.069799676819869e-24, nan 
2.125, 74.625, 1.3838139172022085e-24, nan 
2.375, 74.625, 1.267318864320172e-24, nan 
2.625, 74.625, 1.586628765983301e-24, nan 
2.875, 74.625, 1.2376707592236179e-24, nan 
3.125, 74.625, 1.5334000758118928e-24, nan 
3.375, 74.625, 1.1300916896593661e-24, nan 
3.625, 74.625, 1.1848325541874125e-24, nan 
3.875, 74.625, 1.309988339776506e-24, nan 
4.125, 74.625, 1.0103224522914864e-24, nan 
4.375, 74.625, 1.1449418657996663e-24, nan 
4.625, 74.625, 1.3356588074463012e-24, nan 
4.875, 74.625, 9.555598975835616e-25, nan 
5.125, 74.625, 1.1906441424414456e-24, nan 
5.375, 74.625, 1.4746010192289518e-24, nan 
5.625, 74.625, 1.6053350003613534e-24, nan 
5.875, 74.625, 2.0686547385073968e-24, nan 
6.125, 74.625, 1.322578897366797e-24, nan 
6.375, 74.625, 1.5678437504311644e-24, nan 
6.625, 74.625, 2.00979897718153e-24, nan 
6.875, 74.625, 1.1573211414460809e-24, nan 
7.125, 74.625, 1.0902353201142257e-24, nan 
7.375, 74.625, 9.32900434689445e-25, nan 
7.625, 74.625, 9.097569132225604e-25, nan 
7.875, 74.625, 4.948279413190539e-25, nan 
8.125, 74.625, 1.0364277308661071e-24, nan 
8.375, 74.625, 1.3238287618765662e-24, nan 
8.625, 74.625, 1.5892683238997499e-24, nan 
8.875, 74.625, 1.6138745586187016e-24, nan 
9.125, 74.625, 2.0307469475444987e-24, nan 
9.375, 74.625, 1.942721447488533e-24, nan 
9.625, 74.625, 1.7849051324871815e-24, nan 
9.875, 74.625, 1.3991954337853638e-24, nan 
10.125, 74.625, 8.641189998803397e-25, nan 
10.375, 74.625, 1.8576104261232126e-24, nan 
10.625, 74.625, 5.355736332956222e-25, nan 
10.875, 74.625, 1.4342149198590761e-24, nan 
11.125, 74.625, 1.282119435209465e-24, nan 
11.375, 74.625, 1.3809590970386182e-24, nan 
11.625, 74.625, 1.9817103161074996e-24, nan 
11.875, 74.625, 2.9725814142615708e-24, nan 
12.125, 74.625, 3.5118837811707605e-24, nan 
12.375, 74.625, 6.533124824764391e-24, nan 
12.625, 74.625, 5.961245731286074e-24, nan 
12.875, 74.625, 4.449248238240011e-24, nan 
13.125, 74.625, 7.535108088707063e-24, nan 
13.375, 74.625, 6.483583854477114e-24, nan 
13.625, 74.625, 4.4898475239442094e-24, nan 
13.875, 74.625, 3.487742265706673e-24, nan 
14.125, 74.625, 3.1499096487742974e-24, nan 
14.375, 74.625, 4.672247075980336e-24, nan 
14.625, 74.625, 5.283094679457673e-24, nan 
14.875, 74.625, 7.199205488202401e-24, nan 
15.125, 74.625, 8.913159764301079e-24, nan 
15.375, 74.625, 3.556744750143759e-24, nan 
15.625, 74.625, 1.8389054796861387e-24, nan 
15.875, 74.625, 1.8077470624042217e-24, nan 
16.125, 74.625, 2.7045559413615505e-24, nan 
16.375, 74.625, 1.0296069398864781e-24, nan 
16.625, 74.625, 1.3015268979571963e-24, nan 
16.875, 74.625, 1.6252845161041056e-24, nan 
17.125, 74.625, 3.1880720789025945e-24, nan 
17.375, 74.625, 3.0790275178750113e-24, nan 
17.625, 74.625, 1.971333916751032e-24, nan 
17.875, 74.625, 2.9165663481169554e-24, nan 
18.125, 74.625, 3.5505506556160424e-24, nan 
18.375, 74.625, 2.0068342342278965e-24, nan 
18.625, 74.625, 1.400087818734265e-24, nan 
18.875, 74.625, 1.9503344391792936e-24, nan 
19.125, 74.625, 1.1087458639177407e-24, nan 
19.375, 74.625, 1.0747343510594305e-24, nan 
19.625, 74.625, 8.931857632724177e-25, nan 
19.875, 74.625, 1.250948165957984e-24, nan 
20.125, 74.625, 1.0438624394233949e-24, nan 
20.375, 74.625, 1.1356345748304582e-24, nan 
20.625, 74.625, 1.171506388458011e-24, nan 
20.875, 74.625, 1.253058354910306e-24, nan 
21.125, 74.625, 1.9759650222782278e-24, nan 
21.375, 74.625, 3.6726245937838974e-24, nan 
21.625, 74.625, 3.462530810170481e-24, nan 
21.875, 74.625, 3.588144358659818e-24, nan 
22.125, 74.625, 4.5946877904662316e-24, nan 
22.375, 74.625, 3.878170662910736e-24, nan 
22.625, 74.625, 3.930379823991576e-24, nan 
22.875, 74.625, 1.5012791960075495e-24, nan 
23.125, 74.625, 2.098348817911162e-24, nan 
23.375, 74.625, 2.6311511505756544e-24, nan 
23.625, 74.625, 2.018889946049128e-24, nan 
23.875, 74.625, 2.83167077901212e-24, nan 
24.125, 74.625, 2.629009661263096e-24, nan 
24.375, 74.625, 3.0117036432642006e-24, nan 
24.625, 74.625, 1.812951219586424e-24, nan 
24.875, 74.625, 1.62326529132022e-24, nan 
25.125, 74.625, 1.6173603104401739e-24, nan 
25.375, 74.625, 1.9692223865208603e-24, nan 
25.625, 74.625, 1.1014633521142372e-24, nan 
25.875, 74.625, 1.9429170840966376e-24, nan 
26.125, 74.625, 1.7412425158088964e-24, nan 
26.375, 74.625, 9.601373537604058e-25, nan 
26.625, 74.625, 9.710976124321967e-25, nan 
26.875, 74.625, 1.4753861918990196e-24, nan 
27.125, 74.625, 2.224688747440622e-24, nan 
27.375, 74.625, 1.9329991881462437e-24, nan 
27.625, 74.625, 1.457806299818793e-24, nan 
27.875, 74.625, 1.2593856856580047e-24, nan 
28.125, 74.625, 1.9276332812148635e-24, nan 
28.375, 74.625, 7.037021374177789e-25, nan 
28.625, 74.625, 1.9820256165402177e-24, nan 
28.875, 74.625, 1.2765601665132229e-24, nan 
29.125, 74.625, 3.200737944874557e-24, nan 
29.375, 74.625, 3.752113212142828e-24, nan 
29.625, 74.625, 2.2143397082146604e-24, nan 
29.875, 74.625, 3.453054356732292e-24, nan 
30.125, 74.625, 2.8679505889473556e-24, nan 
30.375, 74.625, 4.5607357903650655e-24, nan 
30.625, 74.625, 2.6761770816583097e-24, nan 
30.875, 74.625, 2.1431928964323892e-24, nan 
31.125, 74.625, 5.428394918253867e-24, nan 
31.375, 74.625, 4.467095447713655e-24, nan 
31.625, 74.625, 3.641704906461682e-24, nan 
31.875, 74.625, 4.722449570393752e-24, nan 
32.125, 74.625, 2.9562472977559166e-24, nan 
32.375, 74.625, 4.0227219640900606e-24, nan 
32.625, 74.625, 4.7608125390416436e-24, nan 
32.875, 74.625, 1.6599624662970005e-24, nan 
33.125, 74.625, 2.6271553635617014e-24, nan 
33.375, 74.625, 2.8294933959702406e-24, nan 
33.625, 74.625, 2.9725107280668172e-24, nan 
33.875, 74.625, 4.6249457080850844e-24, nan 
34.125, 74.625, 7.181620932431825e-24, nan 
34.375, 74.625, 8.000589389598518e-24, nan 
34.625, 74.625, 6.5420423880966845e-24, nan 
34.875, 74.625, 1.0585771664094419e-23, nan 
35.125, 74.625, 1.2611366497654626e-23, nan 
35.375, 74.625, 1.4076886906993848e-23, nan 
35.625, 74.625, 1.0212899021899479e-23, nan 
35.875, 74.625, 9.44844626289955e-24, nan 
36.125, 74.625, 1.522146164761488e-23, nan 
36.375, 74.625, 1.141984509576185e-23, nan 
36.625, 74.625, 9.25421239993464e-24, nan 
36.875, 74.625, 1.020368933060061e-23, nan 
37.125, 74.625, 1.2365971023278318e-23, nan 
37.375, 74.625, 1.2432548424028986e-23, nan 
37.625, 74.625, 1.0331240662457587e-23, nan 
37.875, 74.625, 1.2194803816648786e-23, nan 
38.125, 74.625, 1.1211381189458195e-23, nan 
38.375, 74.625, 9.969105923193435e-24, nan 
38.625, 74.625, 8.918079931115082e-24, nan 
38.875, 74.625, 8.851747722061587e-24, nan 
39.125, 74.625, 1.414491504364186e-23, nan 
39.375, 74.625, 1.2270273313216305e-23, nan 
39.625, 74.625, 6.011371882148078e-24, nan 
39.875, 74.625, 1.5887029177591006e-23, nan 
40.125, 74.625, 1.3196655434088274e-23, nan 
40.375, 74.625, 1.4518232792844855e-23, nan 
40.625, 74.625, 7.021940919703468e-24, nan 
40.875, 74.625, 3.758497845977728e-24, nan 
41.125, 74.625, 2.8386683714791965e-23, nan 
41.375, 74.625, 4.151799154631102e-24, nan 
41.625, 74.625, 4.903291885420945e-24, nan 
41.875, 74.625, 1.9406819742966064e-23, nan 
42.125, 74.625, 5.059640961343593e-24, nan 
42.375, 74.625, 1.2499050416643488e-23, nan 
42.625, 74.625, 8.196173112102475e-24, nan 
42.875, 74.625, 5.382015450087849e-24, nan 
43.125, 74.625, 1.0041527376151179e-23, nan 
43.375, 74.625, 1.1230024246389185e-23, nan 
43.625, 74.625, 2.9242772346791084e-24, nan 
43.875, 74.625, 3.4776685925325476e-24, nan 
44.125, 74.625, 8.853630410173455e-24, nan 
44.375, 74.625, 1.3192394296473378e-23, nan 
44.625, 74.625, 1.1251160351199876e-23, nan 
44.875, 74.625, 1.0605858904290728e-23, nan 
45.125, 74.625, 2.3186246063514934e-23, nan 
45.375, 74.625, 1.5534133569000243e-23, nan 
45.625, 74.625, 7.714527310902424e-24, nan 
45.875, 74.625, 1.245508042175252e-23, nan 
46.125, 74.625, 1.0082241912684962e-23, nan 
46.375, 74.625, 6.028588755557812e-24, nan 
46.625, 74.625, 5.21671742414211e-24, nan 
46.875, 74.625, 7.043196854520143e-24, nan 
47.125, 74.625, 6.598974638236017e-24, nan 
47.375, 74.625, 4.561442124140465e-24, nan 
47.625, 74.625, 6.086536710222762e-24, nan 
47.875, 74.625, 1.0115248118695811e-23, nan 
48.125, 74.625, 1.142587357150086e-23, nan 
48.375, 74.625, 1.110713192673695e-23, nan 
48.625, 74.625, 1.3988609379573514e-23, nan 
48.875, 74.625, 1.1214976864178906e-23, nan 
49.125, 74.625, 9.735322775479473e-24, nan 
49.375, 74.625, 8.159361591395793e-24, nan 
49.625, 74.625, 7.202130532581076e-24, nan 
49.875, 74.625, 6.074657269562269e-24, nan 
50.125, 74.625, 3.727414013491413e-24, nan 
50.375, 74.625, 3.4913747097963974e-24, nan 
50.625, 74.625, 4.480728890374151e-24, nan 
50.875, 74.625, 6.71274995354405e-24, nan 
51.125, 74.625, 9.714552902874071e-24, nan 
51.375, 74.625, 1.0910646850104992e-23, nan 
51.625, 74.625, 7.242209867000288e-24, nan 
51.875, 74.625, 9.803089759145468e-24, nan 
52.125, 74.625, 8.967395465125272e-24, nan 
52.375, 74.625, 6.463796868864014e-24, nan 
52.625, 74.625, 1.0647560165371155e-23, nan 
52.875, 74.625, 6.0209857534864476e-24, nan 
53.125, 74.625, 1.0447560985430865e-23, nan 
53.375, 74.625, 1.8631444109821475e-23, nan 
53.625, 74.625, 2.0636990692030825e-23, nan 
53.875, 74.625, 2.0153329656936197e-23, nan 
54.125, 74.625, 2.1383398413920382e-23, nan 
54.375, 74.625, 1.3551858326596625e-23, nan 
54.625, 74.625, 2.2982143752418842e-23, nan 
54.875, 74.625, 2.093199830101677e-23, nan 
55.125, 74.625, 2.6016507384481133e-23, nan 
55.375, 74.625, 2.8446944617479275e-23, nan 
55.625, 74.625, 1.809972441936427e-23, nan 
55.875, 74.625, 2.668854216802542e-23, nan 
56.125, 74.625, 2.2899015795206283e-23, nan 
56.375, 74.625, 3.5393193690176965e-23, nan 
56.625, 74.625, 3.33168889190467e-23, nan 
56.875, 74.625, 3.4645665264715634e-23, nan 
57.125, 74.625, 4.138360514607755e-23, nan 
57.375, 74.625, 4.0391121278492006e-23, nan 
57.625, 74.625, 3.97900239461448e-23, nan 
57.875, 74.625, 2.247721217261455e-23, nan 
58.125, 74.625, 3.1065066003277766e-23, nan 
58.375, 74.625, 3.648263566338954e-23, nan 
58.625, 74.625, 3.65977740627902e-23, nan 
58.875, 74.625, 3.8113005600977034e-23, nan 
59.125, 74.625, 5.987772161427768e-23, nan 
59.375, 74.625, 7.527547785045294e-23, nan 
59.625, 74.625, 5.146854774190028e-23, nan 
59.875, 74.625, 6.659231230485982e-23, nan 
60.125, 74.625, 1.1292045478839099e-22, nan 
60.375, 74.625, 7.089471796877712e-23, nan 
60.625, 74.625, 6.229827144393157e-23, nan 
60.875, 74.625, 5.956081189426472e-23, nan 
61.125, 74.625, 4.9723664113541744e-23, nan 
61.375, 74.625, 5.691482569416471e-23, nan 
61.625, 74.625, 3.671694696316888e-23, nan 
61.875, 74.625, 4.605651441496292e-23, nan 
62.125, 74.625, 4.7610807039087475e-23, nan 
62.375, 74.625, 4.30943429232459e-23, nan 
62.625, 74.625, 4.693286778899369e-23, nan 
62.875, 74.625, 5.91957263747521e-23, nan 
63.125, 74.625, 5.084547673953366e-23, nan 
63.375, 74.625, 5.1833430196442905e-23, nan 
63.625, 74.625, 6.752160732918793e-23, nan 
63.875, 74.625, 8.799967248162815e-23, nan 
64.125, 74.625, 8.803719268597097e-23, nan 
64.375, 74.625, 1.1528790065525919e-22, nan 
64.625, 74.625, 1.8178771563502538e-22, nan 
64.875, 74.625, 2.3251606647153374e-22, nan 
65.125, 74.625, 1.70018899914398e-22, nan 
65.375, 74.625, 1.8492129975785538e-22, nan 
65.625, 74.625, 2.515923960185544e-22, nan 
65.875, 74.625, 5.766277290168788e-23, nan 
66.125, 74.625, 7.809547449162587e-23, nan 
66.375, 74.625, 1.5555808065350223e-22, nan 
66.625, 74.625, 6.602819535401731e-23, nan 
66.875, 74.625, 5.160225909759967e-23, nan 
67.125, 74.625, 7.985319463924206e-23, nan 
67.375, 74.625, 6.33839697937716e-23, nan 
67.625, 74.625, 4.581439624985739e-23, nan 
67.875, 74.625, 7.390881973776162e-23, nan 
68.125, 74.625, 6.503733283485784e-23, nan 
68.375, 74.625, 8.819526061006421e-23, nan 
68.625, 74.625, 6.465453848878271e-23, nan 
68.875, 74.625, 5.357147903712863e-23, nan 
69.125, 74.625, 9.743893559297038e-23, nan 
69.375, 74.625, 1.2488539593792417e-22, nan 
69.625, 74.625, 1.6722611917525095e-22, nan 
69.875, 74.625, 1.779370951084708e-22, nan 
70.125, 74.625, 1.9272050935292083e-22, nan 
70.375, 74.625, 2.3218632705189194e-22, nan 
70.625, 74.625, 2.5450815193910377e-22, nan 
70.875, 74.625, 3.2581535138998247e-22, nan 
71.125, 74.625, 5.417585590240114e-22, nan 
71.375, 74.625, 6.284661688013598e-22, nan 
71.625, 74.625, 3.76472523680919e-22, nan 
71.875, 74.625, 6.330358544730515e-22, nan 
72.125, 74.625, 8.193778331346159e-22, nan 
72.375, 74.625, 3.121477972376036e-22, nan 
72.625, 74.625, 4.418821637007344e-22, nan 
72.875, 74.625, 5.451347210235021e-22, nan 
73.125, 74.625, 2.893587297721341e-22, nan 
73.375, 74.625, 4.331090077658288e-22, nan 
73.625, 74.625, 3.5170491764846184e-22, nan 
73.875, 74.625, 2.819877189766625e-22, nan 
74.125, 74.625, 4.546826203435784e-22, nan 
74.375, 74.625, 2.0172848206633805e-22, nan 
74.625, 74.625, 3.242997333537306e-22, nan 
74.875, 74.625, 6.138092570697002e-22, nan 
75.125, 74.625, 2.0608573666856438e-22, nan 
75.375, 74.625, 2.9672510842399384e-22, nan 
75.625, 74.625, 4.846555110675436e-22, nan 
75.875, 74.625, 5.321439338978628e-22, nan 
76.125, 74.625, 6.842379048334177e-22, nan 
76.375, 74.625, 5.9660179901094895e-22, nan 
76.625, 74.625, 4.764723121816428e-22, nan 
76.875, 74.625, 7.269224496801512e-22, nan 
77.125, 74.625, 6.975468282671718e-22, nan 
77.375, 74.625, 6.992210009947315e-22, nan 
77.625, 74.625, 1.7370561189190155e-21, nan 
77.875, 74.625, 1.5675670334945009e-21, nan 
78.125, 74.625, 1.7223656948736054e-21, nan 
78.375, 74.625, 1.78764517594647e-21, nan 
78.625, 74.625, 1.510717734439075e-21, nan 
78.875, 74.625, 1.8992493225743162e-21, nan 
79.125, 74.625, 1.2086183688759862e-21, nan 
79.375, 74.625, 6.270623385378708e-22, nan 
79.625, 74.625, 8.898465891465008e-22, nan 
79.875, 74.625, 5.800930128339314e-22, nan 
80.125, 74.625, 5.291156678224335e-22, nan 
80.375, 74.625, 3.6547259267412897e-22, nan 
80.625, 74.625, 5.944525218888329e-22, nan 
80.875, 74.625, 1.080731323894623e-21, nan 
81.125, 74.625, 9.268213133996612e-22, nan 
81.375, 74.625, 8.53142984646267e-22, nan 
81.625, 74.625, 8.406474843484779e-22, nan 
81.875, 74.625, 7.430836770214265e-22, nan 
82.125, 74.625, 7.057657007169587e-22, nan 
82.375, 74.625, 1.0847057820007281e-21, nan 
82.625, 74.625, 1.058826393323369e-21, nan 
82.875, 74.625, 8.778741620621296e-22, nan 
83.125, 74.625, 1.5220009503686091e-21, nan 
83.375, 74.625, 1.3465088747171222e-21, nan 
83.625, 74.625, 1.781455244030243e-21, nan 
83.875, 74.625, 1.773255392704489e-21, nan 
84.125, 74.625, 1.8988735253710817e-21, nan 
84.375, 74.625, 2.3198932862521937e-21, nan 
84.625, 74.625, 2.6408531748900605e-21, nan 
84.875, 74.625, 2.63255416070225e-21, nan 
85.125, 74.625, 3.4965355479151015e-21, nan 
85.375, 74.625, 4.936493162072779e-21, nan 
85.625, 74.625, 4.551990223130033e-21, nan 
85.875, 74.625, 3.202201849067611e-21, nan 
86.125, 74.625, 4.2901786883771355e-21, nan 
86.375, 74.625, 3.017302180169493e-21, nan 
86.625, 74.625, 3.171810448634034e-21, nan 
86.875, 74.625, 3.648736194450894e-21, nan 
87.125, 74.625, 2.8925355731123993e-21, nan 
87.375, 74.625, 2.9174828654169862e-21, nan 
87.625, 74.625, 2.7748007101311144e-21, nan 
87.875, 74.625, 1.4900234173799347e-21, nan 
88.125, 74.625, 2.1004969031283814e-21, nan 
88.375, 74.625, 3.822077556564098e-21, nan 
88.625, 74.625, 4.093161135261586e-21, nan 
88.875, 74.625, 2.821234032808746e-21, nan 
89.125, 74.625, 1.418584413575736e-21, nan 
89.375, 74.625, 1.1399055843213233e-21, nan 
89.625, 74.625, 1.674358051690984e-21, nan 
89.875, 74.625, 3.1925550182086184e-21, nan 
90.125, 74.625, 2.2505376199851962e-21, nan 
90.375, 74.625, 3.633486422529401e-21, nan 
90.625, 74.625, 4.71032487682085e-21, nan 
90.875, 74.625, 3.490701033300732e-21, nan 
91.125, 74.625, 3.521280976941237e-21, nan 
91.375, 74.625, 2.4602465910541922e-21, nan 
91.625, 74.625, 3.1215226690930605e-21, nan 
91.875, 74.625, 3.493165251694432e-21, nan 
92.125, 74.625, 3.3534083301957224e-21, nan 
92.375, 74.625, 4.22997582958539e-21, nan 
92.625, 74.625, 5.923190619123382e-21, nan 
92.875, 74.625, 8.09552293037023e-21, nan 
93.125, 74.625, 6.1376249479481244e-21, nan 
93.375, 74.625, 7.213012258900477e-21, nan 
93.625, 74.625, 7.530625878126616e-21, nan 
93.875, 74.625, 7.568065397328565e-21, nan 
94.125, 74.625, 1.051907737333427e-20, nan 
94.375, 74.625, 1.1595557735099066e-20, nan 
94.625, 74.625, 8.227521733757449e-21, nan 
94.875, 74.625, 9.104187931307329e-21, nan 
95.125, 74.625, 9.007283214908935e-21, nan 
95.375, 74.625, 9.652443753070551e-21, nan 
95.625, 74.625, 1.4545671398057363e-20, nan 
95.875, 74.625, 1.666779570230187e-20, nan 
96.125, 74.625, 2.3915609577601608e-20, nan 
96.375, 74.625, 1.9587929798339894e-20, nan 
96.625, 74.625, 2.309696906789194e-20, nan 
96.875, 74.625, 3.847947141708843e-20, nan 
97.125, 74.625, 1.3282792591795942e-19, nan 
97.375, 74.625, 1.2936402136624847e-19, nan 
97.625, 74.625, 1.0569246476019911e-19, nan 
97.875, 74.625, 1.1291733388578556e-19, nan 
98.125, 74.625, 1.1063738586493208e-19, nan 
98.375, 74.625, 9.686494275026785e-20, nan 
98.625, 74.625, 8.933682318651137e-20, nan 
98.875, 74.625, 4.307491284216522e-20, nan 
99.125, 74.625, 4.345861883024684e-20, nan 
99.375, 74.625, 1.7626062135387568e-20, nan 
99.625, 74.625, 3.595863012967724e-20, nan 
99.875, 74.625, 2.4856839877356522e-20, nan 
100.125, 74.625, 5.999403280425343e-20, nan 
100.375, 74.625, 4.6643662073593394e-20, nan 
100.625, 74.625, 6.495633223059185e-20, nan 
100.875, 74.625, 6.718587401596461e-20, nan 
101.125, 74.625, 6.928815347385987e-20, nan 
101.375, 74.625, 1.1018738144577735e-19, nan 
101.625, 74.625, 7.984775871449748e-20, nan 
101.875, 74.625, 6.8612410514106e-20, nan 
102.125, 74.625, 1.7675701800609755e-19, nan 
102.375, 74.625, 8.674354244482792e-20, nan 
102.625, 74.625, 1.2171381630931091e-19, nan 
102.875, 74.625, 5.663084214257439e-20, nan 
103.125, 74.625, 1.0395972554929552e-19, nan 
103.375, 74.625, 9.864982018866967e-20, nan 
103.625, 74.625, 7.401905883616745e-20, nan 
103.875, 74.625, 1.109471522098968e-19, nan 
104.125, 74.625, 1.7067326049254238e-19, nan 
104.375, 74.625, 2.052416789069773e-19, nan 
104.625, 74.625, 1.7524816511860425e-19, nan 
104.875, 74.625, 1.957193617498834e-19, nan 
105.125, 74.625, 2.161733884778694e-19, nan 
105.375, 74.625, 2.8242151798208196e-19, nan 
105.625, 74.625, 3.0276779413222307e-19, nan 
105.875, 74.625, 5.128179743600328e-19, nan 
106.125, 74.625, 5.272479238026702e-19, nan 
106.375, 74.625, 6.367280781453604e-19, nan 
106.625, 74.625, 9.244125060789062e-19, nan 
106.875, 74.625, 1.0200105187751195e-18, nan 
107.125, 74.625, 1.1805648001456962e-18, nan 
107.375, 74.625, 1.1779365314438476e-18, nan 
107.625, 74.625, 6.454298494916e-19, nan 
107.875, 74.625, 7.435349037147468e-19, nan 
108.125, 74.625, 9.316229082185713e-19, nan 
108.375, 74.625, 5.976467884051617e-19, nan 
108.625, 74.625, 7.197757348039365e-19, nan 
108.875, 74.625, 6.44354037737122e-19, nan 
109.125, 74.625, 8.264558158803071e-19, nan 
109.375, 74.625, 1.2168086142219567e-18, nan 
109.625, 74.625, 1.3607838211027352e-18, nan 
109.875, 74.625, 2.5238838719831747e-19, nan 
110.125, 74.625, 1.7793375224049463e-18, nan 
110.375, 74.625, 2.0200900639209084e-18, nan 
110.625, 74.625, 9.068649147250642e-19, nan 
110.875, 74.625, 1.5496616441266493e-18, nan 
111.125, 74.625, 1.5324078661871996e-18, nan 
111.375, 74.625, 6.928379997014501e-19, nan 
111.625, 74.625, 6.274421488903934e-19, nan 
111.875, 74.625, 3.2934227320076725e-19, nan 
112.125, 74.625, 3.7774913864376816e-19, nan 
112.375, 74.625, 3.3322380840378227e-19, nan 
112.625, 74.625, 2.995223354343621e-19, nan 
112.875, 74.625, 8.719906162195173e-19, nan 
113.125, 74.625, 1.28986522346059e-18, nan 
113.375, 74.625, 1.4516335401602404e-18, nan 
113.625, 74.625, 8.450653037066256e-19, nan 
113.875, 74.625, 6.817477729213325e-19, nan 
114.125, 74.625, 7.984297837598205e-19, nan 
114.375, 74.625, 7.466218880754601e-19, nan 
114.625, 74.625, 4.750782527644672e-19, nan 
114.875, 74.625, 6.130071844012953e-19, nan 
115.125, 74.625, 4.816204538081375e-19, nan 
115.375, 74.625, 2.3185247402937114e-19, nan 
115.625, 74.625, 1.3594723588723768e-19, nan 
115.875, 74.625, 1.3453368017653451e-19, nan 
116.125, 74.625, 1.2158390311713933e-19, nan 
116.375, 74.625, 1.1515867841444072e-19, nan 
116.625, 74.625, 1.1426508609468475e-19, nan 
116.875, 74.625, 1.1921136698561423e-19, nan 
117.125, 74.625, 2.511811400521189e-19, nan 
117.375, 74.625, 1.715850871513235e-19, nan 
117.625, 74.625, 1.8166810187993914e-19, nan 
117.875, 74.625, 1.866748062187709e-19, nan 
118.125, 74.625, 1.851446567245725e-19, nan 
118.375, 74.625, 2.003722873464641e-19, nan 
118.625, 74.625, 1.2478493904766285e-19, nan 
118.875, 74.625, 1.3130252336038438e-19, nan 
119.125, 74.625, 1.4787744563497982e-19, nan 
119.375, 74.625, 1.108437360683515e-19, nan 
119.625, 74.625, 1.5715556513250246e-19, nan 
119.875, 74.625, 1.5451745488794e-19, nan 
120.125, 74.625, 1.0003424947467311e-19, nan 
120.375, 74.625, 1.6473341416995902e-19, nan 
120.625, 74.625, 2.0751794707830687e-19, nan 
120.875, 74.625, 2.0150249653427195e-19, nan 
121.125, 74.625, 2.228737752364875e-19, nan 
121.375, 74.625, 2.384021307379461e-19, nan 
121.625, 74.625, 1.9744069960427027e-19, nan 
121.875, 74.625, 1.7080054991592955e-19, nan 
122.125, 74.625, 1.3818625905510954e-19, nan 
122.375, 74.625, 8.440929005534534e-20, nan 
122.625, 74.625, 6.758614457971369e-20, nan 
122.875, 74.625, 7.538369279264242e-20, nan 
123.125, 74.625, 4.3081307715598606e-20, nan 
123.375, 74.625, 3.044026877948918e-20, nan 
123.625, 74.625, 1.57936150355729e-20, nan 
123.875, 74.625, 1.6663744197620152e-20, nan 
124.125, 74.625, 2.2174864171883606e-20, nan 
124.375, 74.625, 2.980268490219015e-20, nan 
124.625, 74.625, 1.4108028526445527e-20, nan 
124.875, 74.625, 2.3971356739027903e-20, nan 
125.125, 74.625, 6.364886829715805e-20, nan 
125.375, 74.625, 6.620945220251782e-20, nan 
125.625, 74.625, 3.393774554256948e-20, nan 
125.875, 74.625, 4.472057169676602e-20, nan 
126.125, 74.625, 5.0875778925323553e-20, nan 
126.375, 74.625, 3.17558382280648e-20, nan 
126.625, 74.625, 5.76272574077656e-20, nan 
126.875, 74.625, 7.54866652124956e-20, nan 
127.125, 74.625, 2.179999035791474e-20, nan 
127.375, 74.625, 8.17865983780793e-20, nan 
127.625, 74.625, 1.0855734286849774e-19, nan 
127.875, 74.625, 3.752502675765032e-20, nan 
128.125, 74.625, 5.3596651333156517e-20, nan 
128.375, 74.625, 6.413218001341164e-20, nan 
128.625, 74.625, 3.003257767116532e-20, nan 
128.875, 74.625, 1.6372931422839627e-20, nan 
129.125, 74.625, 1.340629190966171e-20, nan 
129.375, 74.625, 9.956479823225984e-21, nan 
129.625, 74.625, 1.0271188801915651e-20, nan 
129.875, 74.625, 2.1631144968240883e-20, nan 
130.125, 74.625, 1.0559279870614115e-20, nan 
130.375, 74.625, 7.57010079675764e-21, nan 
130.625, 74.625, 1.402328763622173e-20, nan 
130.875, 74.625, 2.3130162721530935e-21, nan 
131.125, 74.625, 5.810105031502579e-21, nan 
131.375, 74.625, 8.327234165280338e-21, nan 
131.625, 74.625, 4.339725681389688e-21, nan 
131.875, 74.625, 9.873424667865633e-21, nan 
132.125, 74.625, 9.142234000147675e-21, nan 
132.375, 74.625, 5.1668685530391465e-21, nan 
132.625, 74.625, 7.153765531237e-21, nan 
132.875, 74.625, 8.378152296267571e-21, nan 
133.125, 74.625, 7.012349422869427e-21, nan 
133.375, 74.625, 5.32034363823101e-21, nan 
133.625, 74.625, 5.602780348426869e-21, nan 
133.875, 74.625, 6.3618046161385854e-21, nan 
134.125, 74.625, 5.313810452628877e-21, nan 
134.375, 74.625, 4.7581291511371914e-21, nan 
134.625, 74.625, 9.471613059312562e-22, nan 
134.875, 74.625, 5.638577612115677e-21, nan 
135.125, 74.625, 6.135816265337851e-21, nan 
135.375, 74.625, 4.7699662509516614e-21, nan 
135.625, 74.625, 1.0170747743147249e-20, nan 
135.875, 74.625, 5.460356524117003e-21, nan 
136.125, 74.625, 4.444410282821794e-21, nan 
136.375, 74.625, 7.257542009590587e-21, nan 
136.625, 74.625, 4.086736109811643e-21, nan 
136.875, 74.625, 1.806167227829474e-21, nan 
137.125, 74.625, 1.0390886261167395e-21, nan 
137.375, 74.625, 2.343134650448364e-21, nan 
137.625, 74.625, 2.463347114998285e-21, nan 
137.875, 74.625, 1.944471059574781e-21, nan 
138.125, 74.625, 2.2924535223011665e-21, nan 
138.375, 74.625, 2.095148308081858e-21, nan 
138.625, 74.625, 1.7679025014371464e-21, nan 
138.875, 74.625, 1.1062884619487394e-21, nan 
139.125, 74.625, 9.061550424556908e-22, nan 
139.375, 74.625, 8.093251036543743e-22, nan 
139.625, 74.625, 8.73440514014942e-22, nan 
139.875, 74.625, 9.550259364340146e-22, nan 
140.125, 74.625, 1.2417085658006802e-21, nan 
140.375, 74.625, 1.1099001350712729e-21, nan 
140.625, 74.625, 9.535793322069918e-22, nan 
140.875, 74.625, 1.0240850691341993e-21, nan 
141.125, 74.625, 1.0850370156519725e-21, nan 
141.375, 74.625, 1.084056798305358e-21, nan 
141.625, 74.625, 1.0233661340040378e-21, nan 
141.875, 74.625, 9.047399640197134e-22, nan 
142.125, 74.625, 9.50144869376108e-22, nan 
142.375, 74.625, 9.728002215429695e-22, nan 
142.625, 74.625, 8.398311214892506e-22, nan 
142.875, 74.625, 7.0711786671344395e-22, nan 
143.125, 74.625, 6.30959647144331e-22, nan 
143.375, 74.625, 7.8963609933389275e-22, nan 
143.625, 74.625, 8.267879281994306e-22, nan 
143.875, 74.625, 7.698873300493208e-22, nan 
144.125, 74.625, 1.7784359362786944e-22, nan 
144.375, 74.625, 7.438482823009039e-22, nan 
144.625, 74.625, 1.1477877082821083e-21, nan 
144.875, 74.625, 6.246323366853412e-22, nan 
145.125, 74.625, 7.286676507990729e-22, nan 
145.375, 74.625, 9.959685002652335e-22, nan 
145.625, 74.625, 6.935712732963006e-22, nan 
145.875, 74.625, 5.287597236642145e-22, nan 
146.125, 74.625, 6.606816880845667e-22, nan 
146.375, 74.625, 4.635369025677546e-22, nan 
146.625, 74.625, 2.4115885881082497e-22, nan 
146.875, 74.625, 1.4543374195576104e-22, nan 
147.125, 74.625, 8.589236593905924e-23, nan 
147.375, 74.625, 1.4571499582216896e-22, nan 
147.625, 74.625, 1.7413561087117572e-22, nan 
147.875, 74.625, 5.197864964362727e-23, nan 
148.125, 74.625, 1.8748445122086393e-22, nan 
148.375, 74.625, 2.3135916320202974e-22, nan 
148.625, 74.625, 1.9431910209103827e-22, nan 
148.875, 74.625, 1.3830619029858808e-22, nan 
149.125, 74.625, 1.6725694496515539e-22, nan 
149.375, 74.625, 1.4447574311706093e-22, nan 
149.625, 74.625, 8.408564626227459e-23, nan 
149.875, 74.625, 1.1550555286693108e-22, nan 
150.125, 74.625, 1.34910148676349e-22, nan 
150.375, 74.625, 4.097051560324695e-23, nan 
150.625, 74.625, 1.2411638768885355e-22, nan 
150.875, 74.625, 8.9911577955659e-23, nan 
151.125, 74.625, 1.0425995103956475e-22, nan 
151.375, 74.625, 1.401476077992264e-22, nan 
151.625, 74.625, 1.2030403919690573e-22, nan 
151.875, 74.625, 2.9940276697211815e-22, nan 
152.125, 74.625, 2.903155832949572e-22, nan 
152.375, 74.625, 3.614548480316248e-22, nan 
152.625, 74.625, 3.014762606872926e-22, nan 
152.875, 74.625, 3.1285135739286548e-22, nan 
153.125, 74.625, 4.045715990401575e-22, nan 
153.375, 74.625, 3.2545566211837176e-22, nan 
153.625, 74.625, 2.065809136805709e-22, nan 
153.875, 74.625, 2.5590266541828543e-22, nan 
154.125, 74.625, 2.4410738241189493e-22, nan 
154.375, 74.625, 2.2194024382345146e-22, nan 
154.625, 74.625, 1.5913669513968197e-22, nan 
154.875, 74.625, 1.3394455870248077e-22, nan 
155.125, 74.625, 1.5763182211193656e-22, nan 
155.375, 74.625, 1.2395217152627563e-22, nan 
155.625, 74.625, 9.334253238011448e-23, nan 
155.875, 74.625, 6.357918768089927e-23, nan 
156.125, 74.625, 9.630089635122776e-23, nan 
156.375, 74.625, 1.3360570055887991e-22, nan 
156.625, 74.625, 1.1364190087254466e-22, nan 
156.875, 74.625, 9.159501009678455e-23, nan 
157.125, 74.625, 8.728758808662187e-23, nan 
157.375, 74.625, 4.097188742465128e-23, nan 
157.625, 74.625, 2.3015014320277043e-23, nan 
157.875, 74.625, 3.201651405296168e-23, nan 
158.125, 74.625, 4.5930110730085156e-23, nan 
158.375, 74.625, 4.203467888155672e-23, nan 
158.625, 74.625, 6.89263293595673e-23, nan 
158.875, 74.625, 1.182692321540197e-22, nan 
159.125, 74.625, 4.940429333171671e-23, nan 
159.375, 74.625, 1.6493477637767262e-22, nan 
159.625, 74.625, 3.226262801493501e-22, nan 
159.875, 74.625, 2.042717785040023e-22, nan 
160.125, 74.625, 1.5401797921443304e-22, nan 
160.375, 74.625, 2.896644553922922e-22, nan 
160.625, 74.625, 3.434848230219021e-22, nan 
160.875, 74.625, 3.7593741203099046e-22, nan 
161.125, 74.625, 3.567058209899146e-22, nan 
161.375, 74.625, 2.770072855649734e-22, nan 
161.625, 74.625, 4.247331591347845e-22, nan 
161.875, 74.625, 4.91124896228557e-22, nan 
162.125, 74.625, 2.1094263433501051e-22, nan 
162.375, 74.625, 3.0450497056114795e-22, nan 
162.625, 74.625, 3.428733403006458e-22, nan 
162.875, 74.625, 2.71392094939826e-22, nan 
163.125, 74.625, 2.983057955240269e-22, nan 
163.375, 74.625, 2.1439569105965573e-22, nan 
163.625, 74.625, 1.5604065966941187e-22, nan 
163.875, 74.625, 1.8065472012821683e-22, nan 
164.125, 74.625, 1.9192792722262526e-22, nan 
164.375, 74.625, 2.408423318333213e-22, nan 
164.625, 74.625, 2.0321732752935786e-22, nan 
164.875, 74.625, 8.33136898794302e-23, nan 
165.125, 74.625, 1.4581564015641227e-22, nan 
165.375, 74.625, 1.92903514157656e-22, nan 
165.625, 74.625, 9.447045572592543e-23, nan 
165.875, 74.625, 1.1488583577669893e-22, nan 
166.125, 74.625, 9.404619941331073e-23, nan 
166.375, 74.625, 7.847143453248504e-23, nan 
166.625, 74.625, 1.0099063010988812e-22, nan 
166.875, 74.625, 7.971105154124604e-23, nan 
167.125, 74.625, 3.453348134298896e-23, nan 
167.375, 74.625, 4.350941729049934e-23, nan 
167.625, 74.625, 3.6158577442757575e-23, nan 
167.875, 74.625, 3.786623061924435e-23, nan 
168.125, 74.625, 4.709027804938847e-23, nan 
168.375, 74.625, 4.048844585984514e-23, nan 
168.625, 74.625, 3.2718378445710104e-23, nan 
168.875, 74.625, 4.863473208113889e-23, nan 
169.125, 74.625, 3.2797002247656386e-23, nan 
169.375, 74.625, 2.753672609048453e-23, nan 
169.625, 74.625, 2.9244859020133475e-23, nan 
169.875, 74.625, 2.5273615820066733e-23, nan 
170.125, 74.625, 1.797260207751094e-23, nan 
170.375, 74.625, 1.2274220934313963e-23, nan 
170.625, 74.625, 9.52294535954498e-24, nan 
170.875, 74.625, 1.5414258357580424e-23, nan 
171.125, 74.625, 1.9745789346131316e-23, nan 
171.375, 74.625, 1.831614900594512e-23, nan 
171.625, 74.625, 2.5777564393531698e-23, nan 
171.875, 74.625, 3.560493428821669e-23, nan 
172.125, 74.625, 2.4483293062428033e-23, nan 
172.375, 74.625, 2.5313261696957414e-23, nan 
172.625, 74.625, 2.0989731450414768e-23, nan 
172.875, 74.625, 2.92544761826464e-23, nan 
173.125, 74.625, 2.4401385076649793e-23, nan 
173.375, 74.625, 1.715929850744924e-23, nan 
173.625, 74.625, 1.8349089742919086e-23, nan 
173.875, 74.625, 1.9827086098808234e-23, nan 
174.125, 74.625, 1.5474896698895644e-23, nan 
174.375, 74.625, 1.5936160923613504e-23, nan 
174.625, 74.625, 3.51820618244397e-23, nan 
174.875, 74.625, 4.042341386973327e-23, nan 
175.125, 74.625, 3.023179921135695e-23, nan 
175.375, 74.625, 2.5231538398351435e-23, nan 
175.625, 74.625, 3.0064147535016875e-23, nan 
175.875, 74.625, 2.1154104543717027e-23, nan 
176.125, 74.625, 7.953050945425443e-24, nan 
176.375, 74.625, 1.1220046550024297e-23, nan 
176.625, 74.625, 3.9264259396115044e-24, nan 
176.875, 74.625, 1.1806383572612216e-23, nan 
177.125, 74.625, 1.1762027851164643e-23, nan 
177.375, 74.625, 2.0303055248928046e-23, nan 
177.625, 74.625, 2.9732733515795926e-23, nan 
177.875, 74.625, 3.434283324560103e-23, nan 
178.125, 74.625, 2.5710887724304757e-23, nan 
178.375, 74.625, 2.9096397593543846e-23, nan 
178.625, 74.625, 3.9235069514193367e-23, nan 
178.875, 74.625, 2.675971836997882e-23, nan 
179.125, 74.625, 1.4042595565676223e-23, nan 
179.375, 74.625, 1.7925134151930466e-23, nan 
179.625, 74.625, 1.7356519152611032e-23, nan 
179.875, 74.625, 1.2518373772292779e-23, nan 
-179.875, 74.875, 2.10928700807609e-23, nan 
-179.625, 74.875, 1.3707767513352957e-23, nan 
-179.375, 74.875, 8.201580907876877e-24, nan 
-179.125, 74.875, 1.0246993066109222e-23, nan 
-178.875, 74.875, 1.9501569137603574e-23, nan 
-178.625, 74.875, 1.973483655165251e-23, nan 
-178.375, 74.875, 2.276484100838004e-23, nan 
-178.125, 74.875, 2.4706281695254984e-23, nan 
-177.875, 74.875, 2.2855160682513735e-23, nan 
-177.625, 74.875, 2.4836143494689314e-23, nan 
-177.375, 74.875, 1.8429465449192188e-23, nan 
-177.125, 74.875, 1.2308225697723949e-23, nan 
-176.875, 74.875, 1.011335225506995e-23, nan 
-176.625, 74.875, 1.030818101693778e-23, nan 
-176.375, 74.875, 1.0526368335055756e-23, nan 
-176.125, 74.875, 1.4475369331262848e-23, nan 
-175.875, 74.875, 1.4578061159160777e-23, nan 
-175.625, 74.875, 1.125848358472763e-23, nan 
-175.375, 74.875, 1.91305776770592e-23, nan 
-175.125, 74.875, 1.7869823414741913e-23, nan 
-174.875, 74.875, 1.128172520273459e-23, nan 
-174.625, 74.875, 9.35739284785315e-24, nan 
-174.375, 74.875, 1.0240080081808478e-23, nan 
-174.125, 74.875, 1.040063182581951e-23, nan 
-173.875, 74.875, 9.197660777153844e-24, nan 
-173.625, 74.875, 1.0858410278819296e-23, nan 
-173.375, 74.875, 8.49188736728029e-24, nan 
-173.125, 74.875, 7.119634064437461e-24, nan 
-172.875, 74.875, 6.361824357478728e-24, nan 
-172.625, 74.875, 5.503981909748714e-24, nan 
-172.375, 74.875, 4.43619846701984e-24, nan 
-172.125, 74.875, 6.517301468793177e-24, nan 
-171.875, 74.875, 6.480199782612426e-24, nan 
-171.625, 74.875, 8.76450671819957e-24, nan 
-171.375, 74.875, 1.1735034803750668e-23, nan 
-171.125, 74.875, 6.728836807396142e-24, nan 
-170.875, 74.875, 1.1691619186826064e-23, nan 
-170.625, 74.875, 9.930332476522155e-24, nan 
-170.375, 74.875, 9.658198556200307e-24, nan 
-170.125, 74.875, 1.3327125335216673e-23, nan 
-169.875, 74.875, 7.759689139452556e-24, nan 
-169.625, 74.875, 6.812780744966995e-24, nan 
-169.375, 74.875, 5.726439504825667e-24, nan 
-169.125, 74.875, 6.51451772275091e-24, nan 
-168.875, 74.875, 6.928130074566838e-24, nan 
-168.625, 74.875, 1.1971990999228123e-23, nan 
-168.375, 74.875, 2.0541701046350302e-23, nan 
-168.125, 74.875, 2.117629731975476e-23, nan 
-167.875, 74.875, 2.8642262769170174e-23, nan 
-167.625, 74.875, 2.4883119473705035e-23, nan 
-167.375, 74.875, 2.333118599809893e-23, nan 
-167.125, 74.875, 3.209216100727124e-23, nan 
-166.875, 74.875, 2.260293273531817e-23, nan 
-166.625, 74.875, 2.1230969660706592e-23, nan 
-166.375, 74.875, 2.328743334179658e-23, nan 
-166.125, 74.875, 1.9965786370958521e-23, nan 
-165.875, 74.875, 2.354080583179293e-23, nan 
-165.625, 74.875, 1.8921657858104867e-23, nan 
-165.375, 74.875, 1.2636078197503405e-23, nan 
-165.125, 74.875, 1.635200214592313e-23, nan 
-164.875, 74.875, 1.0963044449405285e-23, nan 
-164.625, 74.875, 6.198335974713729e-24, nan 
-164.375, 74.875, 3.908683395252477e-24, nan 
-164.125, 74.875, 2.3404571635747255e-24, nan 
-163.875, 74.875, 6.391866281993714e-24, nan 
-163.625, 74.875, 9.580376472678181e-24, nan 
-163.375, 74.875, 4.242890515163079e-24, nan 
-163.125, 74.875, 3.3068170467986398e-24, nan 
-162.875, 74.875, 4.9388595802655066e-24, nan 
-162.625, 74.875, 3.1417100636182577e-24, nan 
-162.375, 74.875, 2.514477203236123e-24, nan 
-162.125, 74.875, 4.578589072515531e-24, nan 
-161.875, 74.875, 4.977690340874341e-24, nan 
-161.625, 74.875, 4.0196858830080536e-24, nan 
-161.375, 74.875, 3.573902828359343e-24, nan 
-161.125, 74.875, 4.6241471196876216e-24, nan 
-160.875, 74.875, 4.6003168182306604e-24, nan 
-160.625, 74.875, 5.574784087772981e-24, nan 
-160.375, 74.875, 5.536773599151096e-24, nan 
-160.125, 74.875, 6.622318475883265e-24, nan 
-159.875, 74.875, 6.40759776341366e-24, nan 
-159.625, 74.875, 3.0016745862533604e-24, nan 
-159.375, 74.875, 4.599938946257062e-24, nan 
-159.125, 74.875, 8.163139549394656e-24, nan 
-158.875, 74.875, 3.422440917302365e-24, nan 
-158.625, 74.875, 2.6403062280601184e-24, nan 
-158.375, 74.875, 6.010729985321532e-24, nan 
-158.125, 74.875, 8.231566211950779e-24, nan 
-157.875, 74.875, 4.4658144110830966e-24, nan 
-157.625, 74.875, 9.745579374718423e-24, nan 
-157.375, 74.875, 1.3739164275160448e-23, nan 
-157.125, 74.875, 7.43845989998302e-24, nan 
-156.875, 74.875, 5.920461116375853e-24, nan 
-156.625, 74.875, 8.794791877267835e-24, nan 
-156.375, 74.875, 9.020811144164998e-24, nan 
-156.125, 74.875, 9.437971554338966e-24, nan 
-155.875, 74.875, 2.831866773978502e-24, nan 
-155.625, 74.875, 1.0070458079326434e-23, nan 
-155.375, 74.875, 1.2062794473997726e-23, nan 
-155.125, 74.875, 4.73126107634534e-24, nan 
-154.875, 74.875, 4.803757999484844e-24, nan 
0.375, 74.875, 2.222955923282575e-24, nan 
0.625, 74.875, 1.2941796475197448e-24, nan 
0.875, 74.875, 2.057932669201734e-24, nan 
1.125, 74.875, 5.719599046054384e-25, nan 
1.375, 74.875, 1.0038291292820705e-24, nan 
1.625, 74.875, 2.131371932915684e-24, nan 
1.875, 74.875, 1.974162436251648e-24, nan 
2.125, 74.875, 1.0477960516909694e-24, nan 
2.375, 74.875, 7.698364150796628e-25, nan 
2.625, 74.875, 9.414776401851245e-25, nan 
2.875, 74.875, 1.0529758377702369e-24, nan 
3.125, 74.875, 6.659584859223243e-25, nan 
3.375, 74.875, 6.009919480653071e-25, nan 
3.625, 74.875, 1.035463628251202e-24, nan 
3.875, 74.875, 1.2546168448354644e-24, nan 
4.125, 74.875, 1.285797970400791e-24, nan 
4.375, 74.875, 1.274332945245277e-24, nan 
4.625, 74.875, 1.5715693518733477e-24, nan 
4.875, 74.875, 2.0170565850170583e-24, nan 
5.125, 74.875, 1.4840434171778033e-24, nan 
5.375, 74.875, 1.8283115630661418e-24, nan 
5.625, 74.875, 1.91343980115915e-24, nan 
5.875, 74.875, 1.9232536156855015e-24, nan 
6.125, 74.875, 1.5353220883364724e-24, nan 
6.375, 74.875, 8.032999169825048e-25, nan 
6.625, 74.875, 1.5199411776128324e-24, nan 
6.875, 74.875, 7.51846691119132e-25, nan 
7.125, 74.875, 8.319720388630407e-25, nan 
7.375, 74.875, 3.741740863687457e-25, nan 
7.625, 74.875, 6.017248502030844e-25, nan 
7.875, 74.875, 7.6437440345664455e-25, nan 
8.125, 74.875, 7.655608854260384e-25, nan 
8.375, 74.875, 8.510398845975371e-25, nan 
8.625, 74.875, 1.2651218966861543e-24, nan 
8.875, 74.875, 1.9020433514910195e-24, nan 
9.125, 74.875, 1.700939112531912e-24, nan 
9.375, 74.875, 1.5676095226142332e-24, nan 
9.625, 74.875, 1.346852016108913e-24, nan 
9.875, 74.875, 2.247705590687472e-24, nan 
10.125, 74.875, 1.7159609006849373e-24, nan 
10.375, 74.875, 1.5885947518760745e-24, nan 
10.625, 74.875, 2.4010471410077413e-24, nan 
10.875, 74.875, 2.063220637262453e-24, nan 
11.125, 74.875, 1.3815592221760767e-24, nan 
11.375, 74.875, 1.7522374834050113e-24, nan 
11.625, 74.875, 2.149529279496761e-24, nan 
11.875, 74.875, 4.084721013496782e-24, nan 
12.125, 74.875, 3.944572838650994e-24, nan 
12.375, 74.875, 4.285174059074199e-24, nan 
12.625, 74.875, 5.6858127296205385e-24, nan 
12.875, 74.875, 5.496886473035127e-24, nan 
13.125, 74.875, 6.965346097502018e-24, nan 
13.375, 74.875, 7.279886586235951e-24, nan 
13.625, 74.875, 6.3957968627042605e-24, nan 
13.875, 74.875, 7.29631633564368e-24, nan 
14.125, 74.875, 1.44753342705955e-23, nan 
14.375, 74.875, 1.4996907422032387e-23, nan 
14.625, 74.875, 9.984267319098763e-24, nan 
14.875, 74.875, 1.735582251705999e-23, nan 
15.125, 74.875, 2.2573206569315828e-23, nan 
15.375, 74.875, 4.791397103113966e-24, nan 
15.625, 74.875, 8.827951663223591e-24, nan 
15.875, 74.875, 1.2902039812679116e-23, nan 
16.125, 74.875, 4.085415708331078e-24, nan 
16.375, 74.875, 3.299043263639462e-24, nan 
16.625, 74.875, 3.2474907573382923e-24, nan 
16.875, 74.875, 3.0334761044134834e-24, nan 
17.125, 74.875, 5.354344269110559e-24, nan 
17.375, 74.875, 4.64341768890716e-24, nan 
17.625, 74.875, 3.744743338055741e-24, nan 
17.875, 74.875, 1.9495022956039462e-24, nan 
18.125, 74.875, 2.8485165897391613e-24, nan 
18.375, 74.875, 2.565382739945028e-24, nan 
18.625, 74.875, 9.925621827007096e-25, nan 
18.875, 74.875, 1.7645256561738897e-24, nan 
19.125, 74.875, 1.713165295520163e-24, nan 
19.375, 74.875, 1.7442754763220576e-24, nan 
19.625, 74.875, 1.145064046829782e-24, nan 
19.875, 74.875, 7.762279252808166e-25, nan 
20.125, 74.875, 1.2642647228242105e-24, nan 
20.375, 74.875, 7.927602228793506e-25, nan 
20.625, 74.875, 1.248232002820981e-24, nan 
20.875, 74.875, 9.602440720049533e-25, nan 
21.125, 74.875, 4.346539597782269e-25, nan 
21.375, 74.875, 2.0157103771247344e-24, nan 
21.625, 74.875, 3.0777505980884125e-24, nan 
21.875, 74.875, 3.2097413155177835e-24, nan 
22.125, 74.875, 3.646318380739792e-24, nan 
22.375, 74.875, 3.11385487413261e-24, nan 
22.625, 74.875, 3.0565646722915346e-24, nan 
22.875, 74.875, 2.5920693325250004e-24, nan 
23.125, 74.875, 1.218680061296391e-24, nan 
23.375, 74.875, 1.6400762302498849e-24, nan 
23.625, 74.875, 1.7354441320892125e-24, nan 
23.875, 74.875, 2.1582705574241757e-24, nan 
24.125, 74.875, 1.8458753134485286e-24, nan 
24.375, 74.875, 2.9615094640090633e-24, nan 
24.625, 74.875, 2.4937512251077582e-24, nan 
24.875, 74.875, 2.276384454260559e-24, nan 
25.125, 74.875, 2.475772907076997e-24, nan 
25.375, 74.875, 2.5733887096270098e-24, nan 
25.625, 74.875, 2.1021688142184975e-24, nan 
25.875, 74.875, 2.3900069597343557e-24, nan 
26.125, 74.875, 3.949050237926774e-24, nan 
26.375, 74.875, 2.919922725210296e-24, nan 
26.625, 74.875, 2.437175017300844e-24, nan 
26.875, 74.875, 3.867562726348412e-24, nan 
27.125, 74.875, 4.911056494139292e-24, nan 
27.375, 74.875, 3.560802553754328e-24, nan 
27.625, 74.875, 2.3641976452221787e-24, nan 
27.875, 74.875, 3.610364263291726e-24, nan 
28.125, 74.875, 3.73735397718695e-24, nan 
28.375, 74.875, 2.0629511650652286e-24, nan 
28.625, 74.875, 3.0621758528782626e-24, nan 
28.875, 74.875, 1.69978779149851e-24, nan 
29.125, 74.875, 1.6885984778990563e-24, nan 
29.375, 74.875, 3.359541810311373e-24, nan 
29.625, 74.875, 1.1018965088473676e-24, nan 
29.875, 74.875, 1.6540659530795549e-24, nan 
30.125, 74.875, 1.7492629406077535e-24, nan 
30.375, 74.875, 1.795280067582218e-24, nan 
30.625, 74.875, 5.834215826310947e-25, nan 
30.875, 74.875, 6.656338201025655e-25, nan 
31.125, 74.875, 2.373610843295187e-24, nan 
31.375, 74.875, 6.283153069157265e-24, nan 
31.625, 74.875, 2.366183083032951e-24, nan 
31.875, 74.875, 1.2427617162070556e-24, nan 
32.125, 74.875, 2.783991745214301e-24, nan 
32.375, 74.875, 2.162652984855442e-24, nan 
32.625, 74.875, 2.2383778012220843e-24, nan 
32.875, 74.875, 2.8571593647000975e-24, nan 
33.125, 74.875, 1.749648940391562e-24, nan 
33.375, 74.875, 1.3224741898757627e-24, nan 
33.625, 74.875, 1.963037204471096e-24, nan 
33.875, 74.875, 2.919220245005337e-24, nan 
34.125, 74.875, 3.124321394592944e-24, nan 
34.375, 74.875, 3.7448612670638095e-24, nan 
34.625, 74.875, 6.190577728721508e-24, nan 
34.875, 74.875, 9.289506418743873e-24, nan 
35.125, 74.875, 8.488480354704497e-24, nan 
35.375, 74.875, 7.004311682210794e-24, nan 
35.625, 74.875, 9.089920226544939e-24, nan 
35.875, 74.875, 1.0494300869633477e-23, nan 
36.125, 74.875, 1.4387124267022173e-23, nan 
36.375, 74.875, 1.0125237066125389e-23, nan 
36.625, 74.875, 1.0435119814810703e-23, nan 
36.875, 74.875, 2.1394473452851837e-23, nan 
37.125, 74.875, 1.9138329313444245e-23, nan 
37.375, 74.875, 1.7549960554982932e-23, nan 
37.625, 74.875, 1.3980345185072357e-23, nan 
37.875, 74.875, 1.4453359037403748e-23, nan 
38.125, 74.875, 1.3918699758048826e-23, nan 
38.375, 74.875, 9.46454968537604e-24, nan 
38.625, 74.875, 1.1286301972616662e-23, nan 
38.875, 74.875, 6.264716308065835e-24, nan 
39.125, 74.875, 6.628894339184885e-24, nan 
39.375, 74.875, 7.36776655320689e-24, nan 
39.625, 74.875, 4.503522766558253e-24, nan 
39.875, 74.875, 1.463765907170445e-23, nan 
40.125, 74.875, 1.1692708620060344e-23, nan 
40.375, 74.875, 1.1345532353544701e-23, nan 
40.625, 74.875, 2.0986007542249863e-23, nan 
40.875, 74.875, 1.481012730909775e-23, nan 
41.125, 74.875, 1.981351379974401e-23, nan 
41.375, 74.875, 1.2265047695850807e-23, nan 
41.625, 74.875, 1.1235270025896281e-23, nan 
41.875, 74.875, 1.336432916726142e-23, nan 
42.125, 74.875, 7.145019650559523e-24, nan 
42.375, 74.875, 1.0646737178035446e-23, nan 
42.625, 74.875, 7.126948118727308e-24, nan 
42.875, 74.875, 6.930299171647025e-24, nan 
43.125, 74.875, 3.1838125648856222e-24, nan 
43.375, 74.875, 6.851757836327884e-24, nan 
43.625, 74.875, 7.304504027811949e-24, nan 
43.875, 74.875, 5.422573453462355e-24, nan 
44.125, 74.875, 7.987973682420635e-24, nan 
44.375, 74.875, 1.0603868677972644e-23, nan 
44.625, 74.875, 7.78612807890421e-24, nan 
44.875, 74.875, 9.324878255802337e-24, nan 
45.125, 74.875, 1.6950105955669526e-23, nan 
45.375, 74.875, 1.0987355664013117e-23, nan 
45.625, 74.875, 6.125158526828155e-24, nan 
45.875, 74.875, 6.901651666219814e-24, nan 
46.125, 74.875, 6.792594328356272e-24, nan 
46.375, 74.875, 4.197372757935883e-24, nan 
46.625, 74.875, 6.0679402968186056e-24, nan 
46.875, 74.875, 7.655360664994424e-24, nan 
47.125, 74.875, 1.0692739495758965e-23, nan 
47.375, 74.875, 7.919881313870217e-24, nan 
47.625, 74.875, 5.6397943471839126e-24, nan 
47.875, 74.875, 1.243257723199527e-23, nan 
48.125, 74.875, 6.823380864636462e-24, nan 
48.375, 74.875, 5.741900221973252e-24, nan 
48.625, 74.875, 5.383995548219159e-24, nan 
48.875, 74.875, 9.00208332810616e-24, nan 
49.125, 74.875, 8.417847739515343e-24, nan 
49.375, 74.875, 8.562497420428707e-24, nan 
49.625, 74.875, 5.493159497300695e-24, nan 
49.875, 74.875, 5.15161055483904e-24, nan 
50.125, 74.875, 3.496358290864516e-24, nan 
50.375, 74.875, 6.4790201946081224e-24, nan 
50.625, 74.875, 7.35316826441717e-24, nan 
50.875, 74.875, 9.979633450718245e-24, nan 
51.125, 74.875, 1.1642997440982288e-23, nan 
51.375, 74.875, 1.3184309908574554e-23, nan 
51.625, 74.875, 1.3336745714261555e-23, nan 
51.875, 74.875, 1.162874503147004e-23, nan 
52.125, 74.875, 1.115884423439278e-23, nan 
52.375, 74.875, 1.1857313645959351e-23, nan 
52.625, 74.875, 9.657799601317612e-24, nan 
52.875, 74.875, 1.2159927097445139e-23, nan 
53.125, 74.875, 1.0667183039329012e-23, nan 
53.375, 74.875, 1.5034535686048485e-23, nan 
53.625, 74.875, 1.8888580599705066e-23, nan 
53.875, 74.875, 1.6181005003034995e-23, nan 
54.125, 74.875, 1.0246020687573544e-23, nan 
54.375, 74.875, 1.1660659016457246e-23, nan 
54.625, 74.875, 1.3452189440437285e-23, nan 
54.875, 74.875, 3.5656349456896424e-23, nan 
55.125, 74.875, 2.713116902160016e-23, nan 
55.375, 74.875, 2.438553117034387e-23, nan 
55.625, 74.875, 4.213945180686651e-23, nan 
55.875, 74.875, 3.278677762714953e-23, nan 
56.125, 74.875, 2.860775868133339e-23, nan 
56.375, 74.875, 4.1111078395526904e-23, nan 
56.625, 74.875, 6.25980624727059e-23, nan 
56.875, 74.875, 6.646449453196162e-23, nan 
57.125, 74.875, 4.098108213379243e-23, nan 
57.375, 74.875, 7.535200636638115e-23, nan 
57.625, 74.875, 9.080967755997792e-23, nan 
57.875, 74.875, 3.195149520276739e-23, nan 
58.125, 74.875, 4.2727987108324165e-23, nan 
58.375, 74.875, 6.1482892942541e-23, nan 
58.625, 74.875, 3.602866487893326e-23, nan 
58.875, 74.875, 3.000573063735037e-23, nan 
59.125, 74.875, 2.04960242508345e-23, nan 
59.375, 74.875, 2.2524136629478317e-23, nan 
59.625, 74.875, 3.436979934691705e-23, nan 
59.875, 74.875, 5.170785736593603e-23, nan 
60.125, 74.875, 7.286650902941085e-23, nan 
60.375, 74.875, 5.2065481877827925e-23, nan 
60.625, 74.875, 4.745779265117993e-23, nan 
60.875, 74.875, 3.385306840102484e-23, nan 
61.125, 74.875, 2.1920200799269037e-23, nan 
61.375, 74.875, 2.617839048930727e-23, nan 
61.625, 74.875, 4.48867654075491e-23, nan 
61.875, 74.875, 8.12973181976529e-23, nan 
62.125, 74.875, 8.891095358632045e-23, nan 
62.375, 74.875, 6.206715642804678e-23, nan 
62.625, 74.875, 5.262303105062875e-23, nan 
62.875, 74.875, 4.8751763701712735e-23, nan 
63.125, 74.875, 5.189726304079256e-23, nan 
63.375, 74.875, 6.138968656043015e-23, nan 
63.625, 74.875, 8.454387313007419e-23, nan 
63.875, 74.875, 1.2312306438017745e-22, nan 
64.125, 74.875, 1.340920455406618e-22, nan 
64.375, 74.875, 8.725659180078186e-23, nan 
64.625, 74.875, 2.3134496531985295e-22, nan 
64.875, 74.875, 3.0341989240948054e-22, nan 
65.125, 74.875, 2.24699322963863e-22, nan 
65.375, 74.875, 2.255700836023528e-22, nan 
65.625, 74.875, 2.9345764459337363e-22, nan 
65.875, 74.875, 2.1090072313556422e-22, nan 
66.125, 74.875, 5.962065680144165e-23, nan 
66.375, 74.875, 8.715454511195438e-23, nan 
66.625, 74.875, 5.376327386287231e-23, nan 
66.875, 74.875, 3.229540092729284e-23, nan 
67.125, 74.875, 3.955489275891869e-23, nan 
67.375, 74.875, 5.721868947525608e-23, nan 
67.625, 74.875, 5.236846700067729e-23, nan 
67.875, 74.875, 8.684478624870427e-23, nan 
68.125, 74.875, 1.1461659703165002e-22, nan 
68.375, 74.875, 4.774591329804957e-23, nan 
68.625, 74.875, 7.966932216319164e-23, nan 
68.875, 74.875, 1.54585268200236e-22, nan 
69.125, 74.875, 7.098601832739284e-23, nan 
69.375, 74.875, 8.97924025677972e-23, nan 
69.625, 74.875, 1.0864451940696722e-22, nan 
69.875, 74.875, 1.409478720710438e-22, nan 
70.125, 74.875, 1.4263068948128517e-22, nan 
70.375, 74.875, 1.988044687346239e-22, nan 
70.625, 74.875, 1.6642136411530362e-22, nan 
70.875, 74.875, 2.681383834672179e-22, nan 
71.125, 74.875, 6.136608576915453e-22, nan 
71.375, 74.875, 6.251630517868649e-22, nan 
71.625, 74.875, 3.7227856007551715e-22, nan 
71.875, 74.875, 8.278712699874339e-22, nan 
72.125, 74.875, 8.42790149101655e-22, nan 
72.375, 74.875, 3.618507407921481e-22, nan 
72.625, 74.875, 4.546594293950198e-22, nan 
72.875, 74.875, 4.561656373837786e-22, nan 
73.125, 74.875, 2.3900836598344175e-22, nan 
73.375, 74.875, 2.9401551062559474e-22, nan 
73.625, 74.875, 1.8421831121566218e-22, nan 
73.875, 74.875, 2.98773765326203e-22, nan 
74.125, 74.875, 3.6703612065290365e-22, nan 
74.375, 74.875, 4.296844704221889e-22, nan 
74.625, 74.875, 4.407762085818863e-22, nan 
74.875, 74.875, 5.83335863665498e-22, nan 
75.125, 74.875, 6.032369321245722e-22, nan 
75.375, 74.875, 2.1131311620012671e-22, nan 
75.625, 74.875, 2.930985666651265e-22, nan 
75.875, 74.875, 4.127944837879999e-22, nan 
76.125, 74.875, 1.957728302933289e-22, nan 
76.375, 74.875, 3.5315426678491632e-22, nan 
76.625, 74.875, 3.3723103737407103e-22, nan 
76.875, 74.875, 6.374234026455049e-22, nan 
77.125, 74.875, 7.001358095210634e-22, nan 
77.375, 74.875, 7.725500675279336e-22, nan 
77.625, 74.875, 5.281782670491626e-22, nan 
77.875, 74.875, 6.540458242845888e-22, nan 
78.125, 74.875, 9.344818093129058e-22, nan 
78.375, 74.875, 4.980244922289681e-22, nan 
78.625, 74.875, 3.818613835158083e-22, nan 
78.875, 74.875, 4.997222230024247e-22, nan 
79.125, 74.875, 4.248978574273997e-22, nan 
79.375, 74.875, 4.83612782049391e-22, nan 
79.625, 74.875, 5.663249035486372e-22, nan 
79.875, 74.875, 4.7108855795802415e-22, nan 
80.125, 74.875, 6.363796511461604e-22, nan 
80.375, 74.875, 6.180404175023573e-22, nan 
80.625, 74.875, 5.813102862810123e-22, nan 
80.875, 74.875, 4.1998133647338214e-22, nan 
81.125, 74.875, 3.8097429012610364e-22, nan 
81.375, 74.875, 6.140674885909157e-22, nan 
81.625, 74.875, 9.218500289169658e-22, nan 
81.875, 74.875, 7.54473723050805e-22, nan 
82.125, 74.875, 9.021702608579659e-22, nan 
82.375, 74.875, 1.164411916776005e-21, nan 
82.625, 74.875, 1.2719384649171684e-21, nan 
82.875, 74.875, 1.1049324264695685e-21, nan 
83.125, 74.875, 1.5234098541146727e-21, nan 
83.375, 74.875, 2.3951191999093248e-21, nan 
83.625, 74.875, 1.4234329999206267e-21, nan 
83.875, 74.875, 1.8599763950247602e-21, nan 
84.125, 74.875, 2.2004867469778076e-21, nan 
84.375, 74.875, 2.0858002642249758e-21, nan 
84.625, 74.875, 2.2888378856612566e-21, nan 
84.875, 74.875, 2.3436503952591956e-21, nan 
85.125, 74.875, 2.2934904101741507e-21, nan 
85.375, 74.875, 2.844029376862351e-21, nan 
85.625, 74.875, 1.8710790126212828e-21, nan 
85.875, 74.875, 1.497930797304426e-21, nan 
86.125, 74.875, 1.2867206461906962e-21, nan 
86.375, 74.875, 2.156403700107166e-21, nan 
86.625, 74.875, 2.9307509540049328e-21, nan 
86.875, 74.875, 3.689685636379592e-21, nan 
87.125, 74.875, 3.98149472831386e-21, nan 
87.375, 74.875, 3.575742553868e-21, nan 
87.625, 74.875, 3.817518338319217e-21, nan 
87.875, 74.875, 5.050235070216574e-21, nan 
88.125, 74.875, 3.2952590374007582e-21, nan 
88.375, 74.875, 3.866925928060573e-21, nan 
88.625, 74.875, 5.189344813636066e-21, nan 
88.875, 74.875, 2.6646865444880758e-21, nan 
89.125, 74.875, 3.841979575815596e-21, nan 
89.375, 74.875, 3.992248887777524e-21, nan 
89.625, 74.875, 1.5682365695588594e-21, nan 
89.875, 74.875, 3.0584980450412627e-21, nan 
90.125, 74.875, 3.1867072278463304e-21, nan 
90.375, 74.875, 3.2671909664261942e-21, nan 
90.625, 74.875, 1.5823073810003487e-21, nan 
90.875, 74.875, 2.0607785084670326e-21, nan 
91.125, 74.875, 2.341648907606619e-21, nan 
91.375, 74.875, 2.4650189213309076e-21, nan 
91.625, 74.875, 2.223519936306668e-21, nan 
91.875, 74.875, 3.251304093680508e-21, nan 
92.125, 74.875, 3.5426751660753805e-21, nan 
92.375, 74.875, 5.250672421678575e-21, nan 
92.625, 74.875, 5.874366746968425e-21, nan 
92.875, 74.875, 5.640886459323505e-21, nan 
93.125, 74.875, 3.214059384314461e-21, nan 
93.375, 74.875, 6.488671906114829e-21, nan 
93.625, 74.875, 6.512206707478807e-21, nan 
93.875, 74.875, 7.325639645485317e-21, nan 
94.125, 74.875, 1.039273492096312e-20, nan 
94.375, 74.875, 1.22915816876218e-20, nan 
94.625, 74.875, 7.667220040829114e-21, nan 
94.875, 74.875, 8.324152420001179e-21, nan 
95.125, 74.875, 9.866529933066052e-21, nan 
95.375, 74.875, 4.8726919386192274e-21, nan 
95.625, 74.875, 5.773341875856095e-21, nan 
95.875, 74.875, 2.7896603921931785e-21, nan 
96.125, 74.875, 4.004835830268668e-21, nan 
96.375, 74.875, 9.808653611007353e-21, nan 
96.625, 74.875, 1.5223221058805082e-20, nan 
96.875, 74.875, 1.7849320736471435e-20, nan 
97.125, 74.875, 8.987480646777243e-21, nan 
97.375, 74.875, 1.6173584214590874e-20, nan 
97.625, 74.875, 1.8358266481928423e-20, nan 
97.875, 74.875, 2.3492617548872124e-20, nan 
98.125, 74.875, 3.617930499773725e-20, nan 
98.375, 74.875, 6.736522551688625e-20, nan 
98.625, 74.875, 3.916191835292021e-20, nan 
98.875, 74.875, 5.0382822160157657e-20, nan 
99.125, 74.875, 1.243729534606722e-19, nan 
99.375, 74.875, 8.340349686030207e-20, nan 
99.625, 74.875, 5.427895949123467e-20, nan 
99.875, 74.875, 8.538985688071267e-20, nan 
100.125, 74.875, 7.995842750391467e-20, nan 
100.375, 74.875, 8.821063813713287e-20, nan 
100.625, 74.875, 8.637220198338106e-20, nan 
100.875, 74.875, 8.729458212956971e-20, nan 
101.125, 74.875, 1.0925864183543783e-19, nan 
101.375, 74.875, 1.1744548176499728e-19, nan 
101.625, 74.875, 1.0027688095379155e-19, nan 
101.875, 74.875, 5.3014935334830133e-20, nan 
102.125, 74.875, 2.3158962286841834e-19, nan 
102.375, 74.875, 1.329315551707108e-19, nan 
102.625, 74.875, 1.459669094699392e-19, nan 
102.875, 74.875, 2.157281683757892e-19, nan 
103.125, 74.875, 1.5846654184968245e-19, nan 
103.375, 74.875, 1.7719772548370917e-19, nan 
103.625, 74.875, 9.453567893264829e-20, nan 
103.875, 74.875, 6.438152966798643e-20, nan 
104.125, 74.875, 8.43877105502019e-20, nan 
104.375, 74.875, 6.268846511062703e-20, nan 
104.625, 74.875, 7.614026219996342e-20, nan 
104.875, 74.875, 9.636320389301848e-20, nan 
105.125, 74.875, 1.1374608605737464e-19, nan 
105.375, 74.875, 1.0108457719645721e-19, nan 
105.625, 74.875, 1.823128235423998e-19, nan 
105.875, 74.875, 1.2851354868192547e-19, nan 
106.125, 74.875, 2.1727233627274976e-19, nan 
106.375, 74.875, 3.3139973278095313e-19, nan 
106.625, 74.875, 5.171900393457794e-19, nan 
106.875, 74.875, 5.504469468928792e-19, nan 
107.125, 74.875, 5.899859047979227e-19, nan 
107.375, 74.875, 5.746224812205484e-19, nan 
107.625, 74.875, 4.0607537962970234e-19, nan 
107.875, 74.875, 4.139888713533499e-19, nan 
108.125, 74.875, 2.4794356121041403e-19, nan 
108.375, 74.875, 4.793146172143466e-19, nan 
108.625, 74.875, 7.002483826749087e-19, nan 
108.875, 74.875, 4.1195086062369814e-19, nan 
109.125, 74.875, 6.099783981582475e-19, nan 
109.375, 74.875, 6.653203376217533e-19, nan 
109.625, 74.875, 5.81258067992645e-19, nan 
109.875, 74.875, 6.867782433213337e-19, nan 
110.125, 74.875, 8.329907771257543e-19, nan 
110.375, 74.875, 6.425867422332884e-19, nan 
110.625, 74.875, 1.2553667957918717e-18, nan 
110.875, 74.875, 1.0305211654335966e-18, nan 
111.125, 74.875, 4.34200349498986e-19, nan 
111.375, 74.875, 7.821238247682821e-19, nan 
111.625, 74.875, 5.926169448901432e-19, nan 
111.875, 74.875, 5.656340396010204e-19, nan 
112.125, 74.875, 5.058885739037698e-19, nan 
112.375, 74.875, 4.505950681626572e-19, nan 
112.625, 74.875, 4.800681079160179e-19, nan 
112.875, 74.875, 4.405868108745688e-19, nan 
113.125, 74.875, 3.4348507950739855e-19, nan 
113.375, 74.875, 2.286933306753528e-19, nan 
113.625, 74.875, 4.2908486136861805e-19, nan 
113.875, 74.875, 3.441768769098953e-19, nan 
114.125, 74.875, 3.530605867356667e-19, nan 
114.375, 74.875, 4.482164798545936e-19, nan 
114.625, 74.875, 1.4868818458445244e-19, nan 
114.875, 74.875, 1.4454959132212308e-19, nan 
115.125, 74.875, 3.3672617581566342e-19, nan 
115.375, 74.875, 1.6327145217948754e-19, nan 
115.625, 74.875, 1.0473934384842529e-19, nan 
115.875, 74.875, 5.1327936094092794e-20, nan 
116.125, 74.875, 9.7147951715876e-20, nan 
116.375, 74.875, 1.9361800916637904e-19, nan 
116.625, 74.875, 1.9479248088194445e-19, nan 
116.875, 74.875, 7.646224330834366e-20, nan 
117.125, 74.875, 1.5156887760502257e-19, nan 
117.375, 74.875, 1.0285657021525236e-19, nan 
117.625, 74.875, 9.187187732498706e-20, nan 
117.875, 74.875, 1.1092691582087538e-19, nan 
118.125, 74.875, 1.1791863787111382e-19, nan 
118.375, 74.875, 1.2010959572386909e-19, nan 
118.625, 74.875, 9.215877446852829e-20, nan 
118.875, 74.875, 1.019090931710212e-19, nan 
119.125, 74.875, 1.9215003578829205e-19, nan 
119.375, 74.875, 1.7465737679156295e-19, nan 
119.625, 74.875, 1.959625290147936e-19, nan 
119.875, 74.875, 2.2302733518606797e-19, nan 
120.125, 74.875, 1.9827408845771339e-19, nan 
120.375, 74.875, 2.093410536402932e-19, nan 
120.625, 74.875, 2.9458634500867305e-19, nan 
120.875, 74.875, 2.3945630902837194e-19, nan 
121.125, 74.875, 2.545583078871031e-19, nan 
121.375, 74.875, 2.536919439085644e-19, nan 
121.625, 74.875, 1.547279410441583e-19, nan 
121.875, 74.875, 1.4138596339601585e-19, nan 
122.125, 74.875, 6.064435304048626e-20, nan 
122.375, 74.875, 5.813761013150744e-20, nan 
122.625, 74.875, 4.895852844067278e-20, nan 
122.875, 74.875, 7.306061420800812e-20, nan 
123.125, 74.875, 7.736281428467067e-20, nan 
123.375, 74.875, 3.2562808263553305e-20, nan 
123.625, 74.875, 4.6589531314763554e-20, nan 
123.875, 74.875, 7.982218612989163e-20, nan 
124.125, 74.875, 3.815771753779904e-20, nan 
124.375, 74.875, 1.5040192628678043e-20, nan 
124.625, 74.875, 4.564425910665949e-20, nan 
124.875, 74.875, 3.995631031626947e-20, nan 
125.125, 74.875, 4.295217349982454e-20, nan 
125.375, 74.875, 4.167226713366201e-20, nan 
125.625, 74.875, 3.383672090141085e-20, nan 
125.875, 74.875, 2.6873680399112552e-20, nan 
126.125, 74.875, 1.239657442999581e-20, nan 
126.375, 74.875, 1.9026891018360626e-20, nan 
126.625, 74.875, 1.690742673240429e-20, nan 
126.875, 74.875, 1.700658955975821e-20, nan 
127.125, 74.875, 3.00253611236318e-20, nan 
127.375, 74.875, 4.6410771257099225e-20, nan 
127.625, 74.875, 5.083163734531657e-20, nan 
127.875, 74.875, 2.650529850178968e-20, nan 
128.125, 74.875, 2.0760395104374635e-20, nan 
128.375, 74.875, 1.712033819657866e-20, nan 
128.625, 74.875, 1.6667234722119444e-20, nan 
128.875, 74.875, 1.411097702350652e-20, nan 
129.125, 74.875, 1.0913782675079011e-20, nan 
129.375, 74.875, 1.192219139977185e-20, nan 
129.625, 74.875, 7.980438248576881e-21, nan 
129.875, 74.875, 1.652410440169801e-20, nan 
130.125, 74.875, 1.114396639042996e-20, nan 
130.375, 74.875, 3.0894125742647814e-21, nan 
130.625, 74.875, 6.939939895501264e-21, nan 
130.875, 74.875, 5.861482529214345e-21, nan 
131.125, 74.875, 4.281735846914353e-21, nan 
131.375, 74.875, 8.20321491904917e-21, nan 
131.625, 74.875, 5.9257909863953765e-21, nan 
131.875, 74.875, 7.59337928242575e-21, nan 
132.125, 74.875, 7.22767402977343e-21, nan 
132.375, 74.875, 5.280116950187282e-21, nan 
132.625, 74.875, 7.312661288070816e-21, nan 
132.875, 74.875, 7.431516110878496e-21, nan 
133.125, 74.875, 5.212405725617741e-21, nan 
133.375, 74.875, 5.637416605475729e-21, nan 
133.625, 74.875, 6.420234914796651e-21, nan 
133.875, 74.875, 4.834041074554694e-21, nan 
134.125, 74.875, 4.590863992824668e-21, nan 
134.375, 74.875, 5.702290250762894e-21, nan 
134.625, 74.875, 3.939566215883462e-21, nan 
134.875, 74.875, 4.479652093963868e-21, nan 
135.125, 74.875, 4.5895552740495525e-21, nan 
135.375, 74.875, 4.7240396038154014e-21, nan 
135.625, 74.875, 6.117152859471336e-21, nan 
135.875, 74.875, 3.4644742979441304e-21, nan 
136.125, 74.875, 3.5504475993273135e-21, nan 
136.375, 74.875, 2.980017520714342e-21, nan 
136.625, 74.875, 1.9297242855911448e-21, nan 
136.875, 74.875, 1.6136131570502163e-21, nan 
137.125, 74.875, 1.2383683787779265e-21, nan 
137.375, 74.875, 1.137652299377359e-21, nan 
137.625, 74.875, 1.7533215999217738e-21, nan 
137.875, 74.875, 1.8277863230545505e-21, nan 
138.125, 74.875, 2.642215059459432e-21, nan 
138.375, 74.875, 2.3431876278726543e-21, nan 
138.625, 74.875, 1.3979906017009834e-21, nan 
138.875, 74.875, 2.0993494516607072e-21, nan 
139.125, 74.875, 2.9877195020825747e-21, nan 
139.375, 74.875, 2.4589931476529045e-21, nan 
139.625, 74.875, 1.250700503515889e-21, nan 
139.875, 74.875, 2.555568103088014e-21, nan 
140.125, 74.875, 2.8479211880597782e-21, nan 
140.375, 74.875, 1.7332556773205812e-21, nan 
140.625, 74.875, 1.4843531203433681e-21, nan 
140.875, 74.875, 1.7175941015189897e-21, nan 
141.125, 74.875, 1.3006604444541545e-21, nan 
141.375, 74.875, 1.2639027664270417e-21, nan 
141.625, 74.875, 8.563972078454733e-22, nan 
141.875, 74.875, 1.0854816045661802e-21, nan 
142.125, 74.875, 1.225231329943935e-21, nan 
142.375, 74.875, 7.770380534612637e-22, nan 
142.625, 74.875, 1.1161974028580886e-21, nan 
142.875, 74.875, 7.681001298331836e-22, nan 
143.125, 74.875, 2.595869178105243e-22, nan 
143.375, 74.875, 1.0480847596356676e-21, nan 
143.625, 74.875, 1.0601932686187278e-21, nan 
143.875, 74.875, 7.287921764995282e-22, nan 
144.125, 74.875, 6.981434294479604e-22, nan 
144.375, 74.875, 7.521742862064911e-22, nan 
144.625, 74.875, 8.004449907187791e-22, nan 
144.875, 74.875, 5.465013600962445e-22, nan 
145.125, 74.875, 4.569169101676563e-22, nan 
145.375, 74.875, 7.34192858943588e-22, nan 
145.625, 74.875, 4.679181631830654e-22, nan 
145.875, 74.875, 4.5616828272428465e-22, nan 
146.125, 74.875, 6.32818554938863e-22, nan 
146.375, 74.875, 4.451505195635462e-22, nan 
146.625, 74.875, 3.0471603392151833e-22, nan 
146.875, 74.875, 1.4979233804498988e-22, nan 
147.125, 74.875, 2.371495517388491e-22, nan 
147.375, 74.875, 2.074036184607066e-22, nan 
147.625, 74.875, 2.0169382922698203e-22, nan 
147.875, 74.875, 1.730740806893853e-22, nan 
148.125, 74.875, 2.1018719193521637e-22, nan 
148.375, 74.875, 2.6593115255758177e-22, nan 
148.625, 74.875, 2.422554972458029e-22, nan 
148.875, 74.875, 2.2762112359860893e-22, nan 
149.125, 74.875, 1.470451127245034e-22, nan 
149.375, 74.875, 1.0608664740969125e-22, nan 
149.625, 74.875, 1.5417368199363607e-22, nan 
149.875, 74.875, 1.3194646273343682e-22, nan 
150.125, 74.875, 1.5093985867920163e-22, nan 
150.375, 74.875, 2.3808610468940046e-22, nan 
150.625, 74.875, 1.741867928198084e-22, nan 
150.875, 74.875, 1.3948710919227652e-22, nan 
151.125, 74.875, 1.9407018286231568e-22, nan 
151.375, 74.875, 1.9787717425175715e-22, nan 
151.625, 74.875, 1.327935913445276e-22, nan 
151.875, 74.875, 1.7140512882396665e-22, nan 
152.125, 74.875, 1.3847295480641818e-22, nan 
152.375, 74.875, 2.0284788737452066e-22, nan 
152.625, 74.875, 1.8043097042443036e-22, nan 
152.875, 74.875, 2.2258210204313945e-22, nan 
153.125, 74.875, 2.8543047191397757e-22, nan 
153.375, 74.875, 2.4761206642309723e-22, nan 
153.625, 74.875, 2.796847932478569e-22, nan 
153.875, 74.875, 1.570378389680944e-22, nan 
154.125, 74.875, 1.4103387921454837e-22, nan 
154.375, 74.875, 1.7414047751937107e-22, nan 
154.625, 74.875, 1.4167298185992894e-22, nan 
154.875, 74.875, 1.1165110413084897e-22, nan 
155.125, 74.875, 8.082744808329376e-23, nan 
155.375, 74.875, 7.393111313763172e-23, nan 
155.625, 74.875, 7.795696859735501e-23, nan 
155.875, 74.875, 1.0008739267171055e-22, nan 
156.125, 74.875, 1.161851421893399e-22, nan 
156.375, 74.875, 1.8686981080463703e-22, nan 
156.625, 74.875, 1.9490344554691653e-22, nan 
156.875, 74.875, 1.4004337712394327e-22, nan 
157.125, 74.875, 1.566421360874393e-22, nan 
157.375, 74.875, 1.4400257617664977e-22, nan 
157.625, 74.875, 1.0152122504888879e-22, nan 
157.875, 74.875, 8.646034595029847e-23, nan 
158.125, 74.875, 5.183761717133258e-23, nan 
158.375, 74.875, 3.6295249604926194e-23, nan 
158.625, 74.875, 8.131206523954839e-23, nan 
158.875, 74.875, 1.4297809490216364e-22, nan 
159.125, 74.875, 1.0127055567618652e-22, nan 
159.375, 74.875, 2.3713499589886424e-22, nan 
159.625, 74.875, 2.780521896865177e-22, nan 
159.875, 74.875, 1.2755323236570512e-22, nan 
160.125, 74.875, 1.5193299477414697e-22, nan 
160.375, 74.875, 1.8083445875224302e-22, nan 
160.625, 74.875, 2.020013691630451e-22, nan 
160.875, 74.875, 1.2043408157935238e-22, nan 
161.125, 74.875, 1.3257734516274217e-22, nan 
161.375, 74.875, 2.4766787949795145e-22, nan 
161.625, 74.875, 2.6399413617107857e-22, nan 
161.875, 74.875, 2.916502012846361e-22, nan 
162.125, 74.875, 2.137230447173015e-22, nan 
162.375, 74.875, 1.599652703083455e-22, nan 
162.625, 74.875, 9.762405737522203e-23, nan 
162.875, 74.875, 1.0444924453361394e-22, nan 
163.125, 74.875, 5.657927521892384e-23, nan 
163.375, 74.875, 1.0012085474475008e-22, nan 
163.625, 74.875, 1.1687712844285856e-22, nan 
163.875, 74.875, 8.417887583418526e-23, nan 
164.125, 74.875, 9.163643713661514e-23, nan 
164.375, 74.875, 1.3408135890888171e-22, nan 
164.625, 74.875, 1.281354039034668e-22, nan 
164.875, 74.875, 6.980318479668665e-23, nan 
165.125, 74.875, 7.825433682460672e-23, nan 
165.375, 74.875, 1.0094019966894202e-22, nan 
165.625, 74.875, 7.490358632256858e-23, nan 
165.875, 74.875, 1.0096906614825914e-22, nan 
166.125, 74.875, 1.6236535343823167e-22, nan 
166.375, 74.875, 6.343455416722565e-23, nan 
166.625, 74.875, 8.913314596978537e-23, nan 
166.875, 74.875, 1.4665485675637708e-22, nan 
167.125, 74.875, 8.614847345217612e-23, nan 
167.375, 74.875, 6.756075203520276e-23, nan 
167.625, 74.875, 6.051545198390312e-23, nan 
167.875, 74.875, 6.1555587427069e-23, nan 
168.125, 74.875, 6.003139860984305e-23, nan 
168.375, 74.875, 5.387439626884047e-23, nan 
168.625, 74.875, 4.8372448958526206e-23, nan 
168.875, 74.875, 4.283913564761596e-23, nan 
169.125, 74.875, 2.915266325793283e-23, nan 
169.375, 74.875, 2.1111438347201907e-23, nan 
169.625, 74.875, 1.918727841858606e-23, nan 
169.875, 74.875, 1.395172133778627e-23, nan 
170.125, 74.875, 1.5308282447138645e-23, nan 
170.375, 74.875, 1.5850517944588958e-23, nan 
170.625, 74.875, 2.7530100310068896e-23, nan 
170.875, 74.875, 3.113030751317487e-23, nan 
171.125, 74.875, 2.1092604954325067e-23, nan 
171.375, 74.875, 2.6670645158668666e-23, nan 
171.625, 74.875, 3.195772013549757e-23, nan 
171.875, 74.875, 2.057767478678816e-23, nan 
172.125, 74.875, 2.52049588863386e-23, nan 
172.375, 74.875, 2.4799921047223475e-23, nan 
172.625, 74.875, 1.9999461954019258e-23, nan 
172.875, 74.875, 2.230755588006299e-23, nan 
173.125, 74.875, 1.9205922260605874e-23, nan 
173.375, 74.875, 1.7293273891457402e-23, nan 
173.625, 74.875, 1.1044849105975702e-23, nan 
173.875, 74.875, 8.060336512309724e-24, nan 
174.125, 74.875, 1.258931784901426e-23, nan 
174.375, 74.875, 1.9988939999950604e-23, nan 
174.625, 74.875, 1.7967018767778056e-23, nan 
174.875, 74.875, 2.1745239737047565e-23, nan 
175.125, 74.875, 1.6724563083597734e-23, nan 
175.375, 74.875, 1.8507680545847436e-23, nan 
175.625, 74.875, 2.198499927209703e-23, nan 
175.875, 74.875, 1.2870736046922995e-23, nan 
176.125, 74.875, 7.431925767611e-24, nan 
176.375, 74.875, 4.1720542729022256e-24, nan 
176.625, 74.875, 1.2956944014827083e-23, nan 
176.875, 74.875, 1.4842797885202022e-23, nan 
177.125, 74.875, 6.5798935075674e-24, nan 
177.375, 74.875, 1.699745347290978e-23, nan 
177.625, 74.875, 2.303702596378153e-23, nan 
177.875, 74.875, 2.6414430675693753e-23, nan 
178.125, 74.875, 2.5926385429138936e-23, nan 
178.375, 74.875, 2.558520723676663e-23, nan 
178.625, 74.875, 2.791782930642106e-23, nan 
178.875, 74.875, 2.2618571704689847e-23, nan 
179.125, 74.875, 1.8015295299838804e-23, nan 
179.375, 74.875, 1.2714359951089773e-23, nan 
179.625, 74.875, 1.347779379826614e-23, nan 
179.875, 74.875, 1.3700754180229987e-23, nan 
-179.875, 75.125, 1.0741558497185214e-23, nan 
-179.625, 75.125, 1.0191934674700442e-23, nan 
-179.375, 75.125, 1.1196902140236375e-23, nan 
-179.125, 75.125, 1.300260955318341e-23, nan 
-178.875, 75.125, 1.3445094151437182e-23, nan 
-178.625, 75.125, 1.805528197776808e-23, nan 
-178.375, 75.125, 1.4625723760360543e-23, nan 
-178.125, 75.125, 2.3282016056076114e-23, nan 
-177.875, 75.125, 2.0657463272388486e-23, nan 
-177.625, 75.125, 1.9129018983010708e-23, nan 
-177.375, 75.125, 1.8394735636465374e-23, nan 
-177.125, 75.125, 1.5603389259173714e-23, nan 
-176.875, 75.125, 1.105717557073307e-23, nan 
-176.625, 75.125, 6.675533765508512e-24, nan 
-176.375, 75.125, 5.865341010589976e-24, nan 
-176.125, 75.125, 4.183890192683194e-24, nan 
-175.875, 75.125, 8.644020105555317e-24, nan 
-175.625, 75.125, 3.1202895231320097e-24, nan 
-175.375, 75.125, 8.327436739008448e-24, nan 
-175.125, 75.125, 1.1567049393204066e-23, nan 
-174.875, 75.125, 1.0200319604952774e-23, nan 
-174.625, 75.125, 1.0897092851504646e-23, nan 
-174.375, 75.125, 1.3077934093891771e-23, nan 
-174.125, 75.125, 1.6443635515909777e-23, nan 
-173.875, 75.125, 1.0061384446228698e-23, nan 
-173.625, 75.125, 1.4767369070801282e-23, nan 
-173.375, 75.125, 9.937630797139523e-24, nan 
-173.125, 75.125, 9.594781209289286e-24, nan 
-172.875, 75.125, 8.931571079228251e-24, nan 
-172.625, 75.125, 6.985143908846025e-24, nan 
-172.375, 75.125, 8.744723064609525e-24, nan 
-172.125, 75.125, 5.4451747415459956e-24, nan 
-171.875, 75.125, 5.6379517793059165e-24, nan 
-171.625, 75.125, 6.25248781398723e-24, nan 
-171.375, 75.125, 6.733200506445558e-24, nan 
-171.125, 75.125, 3.359276355316477e-24, nan 
-170.875, 75.125, 2.8426762474056196e-24, nan 
-170.625, 75.125, 5.681099831391401e-24, nan 
-170.375, 75.125, 1.3037898086178608e-23, nan 
-170.125, 75.125, 1.573976753491826e-23, nan 
-169.875, 75.125, 1.0828957562882568e-23, nan 
-169.625, 75.125, 1.1282205260903783e-23, nan 
-169.375, 75.125, 1.1982360907010945e-23, nan 
-169.125, 75.125, 9.30303390528468e-24, nan 
-168.875, 75.125, 5.110922261737414e-24, nan 
-168.625, 75.125, 5.684563744583353e-24, nan 
-168.375, 75.125, 5.622444002601769e-24, nan 
-168.125, 75.125, 8.304531015765821e-24, nan 
-167.875, 75.125, 1.4604208639240972e-23, nan 
-167.625, 75.125, 1.1409597086191558e-23, nan 
-167.375, 75.125, 1.9352493878235818e-23, nan 
-167.125, 75.125, 2.5497008814182254e-23, nan 
-166.875, 75.125, 1.8379646971629823e-23, nan 
-166.625, 75.125, 2.454984508814667e-23, nan 
-166.375, 75.125, 2.272883663795727e-23, nan 
-166.125, 75.125, 1.4708185580115953e-23, nan 
-165.875, 75.125, 1.8914200264128696e-23, nan 
-165.625, 75.125, 2.212530534055946e-23, nan 
-165.375, 75.125, 2.091771847637644e-23, nan 
-165.125, 75.125, 1.698506405664382e-23, nan 
-164.875, 75.125, 1.377186992617074e-23, nan 
-164.625, 75.125, 1.1520182562696434e-23, nan 
-164.375, 75.125, 7.976478438709851e-24, nan 
-164.125, 75.125, 4.668745597740082e-24, nan 
-163.875, 75.125, 1.2769052659631671e-23, nan 
-163.625, 75.125, 1.4417529803441082e-23, nan 
-163.375, 75.125, 6.62364094307243e-24, nan 
-163.125, 75.125, 7.192700578844373e-24, nan 
-162.875, 75.125, 9.12023141615039e-24, nan 
-162.625, 75.125, 5.461756662757416e-24, nan 
-162.375, 75.125, 2.329385799905573e-24, nan 
-162.125, 75.125, 3.0942092321798324e-24, nan 
-161.875, 75.125, 2.8704482762879983e-24, nan 
-161.625, 75.125, 1.584207403651616e-24, nan 
-161.375, 75.125, 5.695986949025023e-24, nan 
-161.125, 75.125, 7.762254775595025e-24, nan 
-160.875, 75.125, 9.047927294666475e-24, nan 
-160.625, 75.125, 9.376388654032237e-24, nan 
-160.375, 75.125, 1.1822699383238457e-23, nan 
-160.125, 75.125, 1.2723332674448244e-23, nan 
-159.875, 75.125, 2.540772330113429e-24, nan 
-159.625, 75.125, 4.651860741668643e-24, nan 
-159.375, 75.125, 8.380368173766369e-24, nan 
-159.125, 75.125, 8.809547004134025e-24, nan 
-158.875, 75.125, 5.39894242298016e-24, nan 
-158.625, 75.125, 4.269085408539536e-24, nan 
-158.375, 75.125, 7.475909935928634e-24, nan 
-158.125, 75.125, 6.762013614253292e-24, nan 
-157.875, 75.125, 6.290502574788387e-24, nan 
-157.625, 75.125, 1.1722067175917883e-23, nan 
-157.375, 75.125, 1.9305536524044795e-23, nan 
-157.125, 75.125, 1.4948689775748899e-23, nan 
-156.875, 75.125, 1.5608635299022743e-23, nan 
-156.625, 75.125, 1.3878637296776657e-23, nan 
-156.375, 75.125, 1.1920717437856598e-23, nan 
-156.125, 75.125, 1.3573149161832265e-23, nan 
-155.875, 75.125, 1.6694378747972443e-23, nan 
-155.625, 75.125, 8.244119507608475e-24, nan 
-155.375, 75.125, 1.0637444541368364e-23, nan 
-155.125, 75.125, 1.0611941749145284e-23, nan 
-154.875, 75.125, 8.1397126611157e-24, nan 
-154.625, 75.125, 4.813337365994178e-24, nan 
-154.375, 75.125, 7.907126413267015e-24, nan 
-154.125, 75.125, 8.791190802928299e-24, nan 
-0.375, 75.125, 1.1326772833592033e-24, nan 
-0.125, 75.125, 9.909337881637669e-25, nan 
0.125, 75.125, 1.0597786130325164e-24, nan 
0.375, 75.125, 1.424382002335438e-24, nan 
0.625, 75.125, 1.1502161471531659e-24, nan 
0.875, 75.125, 1.3289504765620967e-24, nan 
1.125, 75.125, 1.1153263034304501e-24, nan 
1.375, 75.125, 9.655344391553108e-25, nan 
1.625, 75.125, 1.601814157349007e-24, nan 
1.875, 75.125, 8.984329493726072e-25, nan 
2.125, 75.125, 5.663038065343219e-25, nan 
2.375, 75.125, 1.1778114252148375e-24, nan 
2.625, 75.125, 1.5080954141992045e-24, nan 
2.875, 75.125, 8.267752412191198e-25, nan 
3.125, 75.125, 9.136938280801582e-25, nan 
3.375, 75.125, 1.3891754450331698e-24, nan 
3.625, 75.125, 9.151902253144068e-25, nan 
3.875, 75.125, 9.33990649067718e-25, nan 
4.125, 75.125, 6.337996921775911e-25, nan 
4.375, 75.125, 1.610969994855156e-24, nan 
4.625, 75.125, 1.3639814872059782e-24, nan 
4.875, 75.125, 1.7697492512108326e-24, nan 
5.125, 75.125, 2.22089419910227e-24, nan 
5.375, 75.125, 1.9137703326079096e-24, nan 
5.625, 75.125, 2.343329138380408e-24, nan 
5.875, 75.125, 2.054526775066807e-24, nan 
6.125, 75.125, 2.034115418217717e-24, nan 
6.375, 75.125, 1.6332394588309131e-24, nan 
6.625, 75.125, 1.1096267258865651e-24, nan 
6.875, 75.125, 1.2425099930817724e-24, nan 
7.125, 75.125, 6.058154520709655e-25, nan 
7.375, 75.125, 1.1528726618432871e-24, nan 
7.625, 75.125, 2.8398134382472163e-25, nan 
7.875, 75.125, 3.3803720082638207e-25, nan 
8.125, 75.125, 1.062376936419123e-24, nan 
8.375, 75.125, 9.658128411432727e-25, nan 
8.625, 75.125, 9.695460559282846e-25, nan 
8.875, 75.125, 1.44778955385661e-24, nan 
9.125, 75.125, 1.3821056346924265e-24, nan 
9.375, 75.125, 1.1466600070245884e-24, nan 
9.625, 75.125, 8.521703831504687e-25, nan 
9.875, 75.125, 1.2768716862563571e-24, nan 
10.125, 75.125, 1.0156908040626807e-24, nan 
10.375, 75.125, 7.538213081946895e-25, nan 
10.625, 75.125, 1.925492760558449e-24, nan 
10.875, 75.125, 1.4208831964157677e-24, nan 
11.125, 75.125, 1.2462794032623396e-24, nan 
11.375, 75.125, 1.6131679840560769e-24, nan 
11.625, 75.125, 3.0143875827345768e-24, nan 
11.875, 75.125, 2.3737079328433028e-24, nan 
12.125, 75.125, 2.8196782632355998e-24, nan 
12.375, 75.125, 4.333236089465616e-24, nan 
12.625, 75.125, 5.866908399488625e-24, nan 
12.875, 75.125, 6.1355181777637665e-24, nan 
13.125, 75.125, 7.183701457694878e-24, nan 
13.375, 75.125, 8.961919270616325e-24, nan 
13.625, 75.125, 9.736470133663944e-24, nan 
13.875, 75.125, 8.91699134516178e-24, nan 
14.125, 75.125, 1.2267101281824516e-23, nan 
14.375, 75.125, 1.0704685718096365e-23, nan 
14.625, 75.125, 1.2494200629656426e-23, nan 
14.875, 75.125, 1.3695804338855067e-23, nan 
15.125, 75.125, 1.1160338121783795e-23, nan 
15.375, 75.125, 9.684060680151654e-24, nan 
15.625, 75.125, 4.120328788869383e-24, nan 
15.875, 75.125, 2.330810437901408e-24, nan 
16.125, 75.125, 2.3395070609213782e-24, nan 
16.375, 75.125, 3.1545089013959955e-24, nan 
16.625, 75.125, 1.766213938596817e-24, nan 
16.875, 75.125, 3.0109424155211923e-24, nan 
17.125, 75.125, 5.406953392753021e-24, nan 
17.375, 75.125, 3.326593280793434e-24, nan 
17.625, 75.125, 3.2262865598244687e-24, nan 
17.875, 75.125, 3.1243607483778865e-24, nan 
18.125, 75.125, 2.1326174957629968e-24, nan 
18.375, 75.125, 1.596446736328856e-24, nan 
18.625, 75.125, 1.849355518366756e-24, nan 
18.875, 75.125, 1.9442216291434156e-24, nan 
19.125, 75.125, 1.2239235160901943e-24, nan 
19.375, 75.125, 1.0523772283588922e-24, nan 
19.625, 75.125, 1.209774517359643e-24, nan 
19.875, 75.125, 1.3771461964226592e-24, nan 
20.125, 75.125, 1.3117334672924796e-24, nan 
20.375, 75.125, 1.2528364285828273e-24, nan 
20.625, 75.125, 1.4984196669892077e-24, nan 
20.875, 75.125, 1.0810758358860665e-24, nan 
21.125, 75.125, 4.305037237649386e-24, nan 
21.375, 75.125, 4.392083857979993e-24, nan 
21.625, 75.125, 2.896856792107009e-24, nan 
21.875, 75.125, 3.34272286999749e-24, nan 
22.125, 75.125, 1.9232996763246963e-24, nan 
22.375, 75.125, 1.6025160672288237e-24, nan 
22.625, 75.125, 1.2379919442924772e-24, nan 
22.875, 75.125, 2.178636220951656e-24, nan 
23.125, 75.125, 2.0131640713060382e-24, nan 
23.375, 75.125, 2.2414570293686233e-24, nan 
23.625, 75.125, 1.706354400670556e-24, nan 
23.875, 75.125, 2.2055517493261187e-24, nan 
24.125, 75.125, 1.695411430835316e-24, nan 
24.375, 75.125, 1.5913599574995938e-24, nan 
24.625, 75.125, 2.3875056271026923e-24, nan 
24.875, 75.125, 2.6725299259919445e-24, nan 
25.125, 75.125, 2.9070159331443422e-24, nan 
25.375, 75.125, 4.113731569076963e-24, nan 
25.625, 75.125, 3.439582383180733e-24, nan 
25.875, 75.125, 2.8096941334449464e-24, nan 
26.125, 75.125, 4.253168757286856e-24, nan 
26.375, 75.125, 2.70313221620014e-24, nan 
26.625, 75.125, 4.268762987997683e-24, nan 
26.875, 75.125, 1.8846188619189875e-24, nan 
27.125, 75.125, 2.1161538644438862e-24, nan 
27.375, 75.125, 4.4820441755794234e-24, nan 
27.625, 75.125, 2.707645588753111e-24, nan 
27.875, 75.125, 1.3439021902699916e-24, nan 
28.125, 75.125, 3.666512785296591e-24, nan 
28.375, 75.125, 2.461469716738524e-24, nan 
28.625, 75.125, 2.306667378661948e-24, nan 
28.875, 75.125, 2.159863075878954e-24, nan 
29.125, 75.125, 2.5830433576989118e-24, nan 
29.375, 75.125, 2.5264415199796272e-24, nan 
29.625, 75.125, 2.0199067432713827e-24, nan 
29.875, 75.125, 5.93674440590663e-24, nan 
30.125, 75.125, 7.961450872912905e-24, nan 
30.375, 75.125, 1.2171924082693923e-23, nan 
30.625, 75.125, 8.895139646776458e-24, nan 
30.875, 75.125, 3.706175551206124e-24, nan 
31.125, 75.125, 3.8895421232564974e-24, nan 
31.375, 75.125, 1.4376487297193657e-23, nan 
31.625, 75.125, 4.788628332983598e-24, nan 
31.875, 75.125, 2.6851314444432636e-24, nan 
32.125, 75.125, 9.232605754506186e-24, nan 
32.375, 75.125, 2.777429148514188e-24, nan 
32.625, 75.125, 6.909254720136771e-25, nan 
32.875, 75.125, 2.235305494962256e-24, nan 
33.125, 75.125, 3.7657628128808913e-25, nan 
33.375, 75.125, 9.287392812121029e-25, nan 
33.625, 75.125, 1.1693819496462775e-24, nan 
33.875, 75.125, 2.3602927571942686e-24, nan 
34.125, 75.125, 3.849132877421288e-24, nan 
34.375, 75.125, 7.502184257035316e-24, nan 
34.625, 75.125, 7.946865541364312e-24, nan 
34.875, 75.125, 8.240234406103882e-24, nan 
35.125, 75.125, 7.755174497034003e-24, nan 
35.375, 75.125, 7.458035764589269e-24, nan 
35.625, 75.125, 7.03828440034652e-24, nan 
35.875, 75.125, 6.90372523599112e-24, nan 
36.125, 75.125, 7.914338878677443e-24, nan 
36.375, 75.125, 8.021490613271008e-24, nan 
36.625, 75.125, 1.1779887189048579e-23, nan 
36.875, 75.125, 1.5700852334486895e-23, nan 
37.125, 75.125, 1.5362762197337953e-23, nan 
37.375, 75.125, 1.4841443343919682e-23, nan 
37.625, 75.125, 1.021614762261326e-23, nan 
37.875, 75.125, 9.151725866003931e-24, nan 
38.125, 75.125, 7.954096915873429e-24, nan 
38.375, 75.125, 8.626685112202005e-24, nan 
38.625, 75.125, 1.0500497001956084e-23, nan 
38.875, 75.125, 6.885495736918883e-24, nan 
39.125, 75.125, 6.977893479906792e-24, nan 
39.375, 75.125, 5.780052814103921e-24, nan 
39.625, 75.125, 7.344077381843071e-24, nan 
39.875, 75.125, 6.746631208970733e-24, nan 
40.125, 75.125, 4.8567300995954135e-24, nan 
40.375, 75.125, 9.001335857402789e-24, nan 
40.625, 75.125, 1.4187087412477506e-23, nan 
40.875, 75.125, 1.0603639204402194e-23, nan 
41.125, 75.125, 1.2066265825603364e-23, nan 
41.375, 75.125, 5.4189540387916224e-24, nan 
41.625, 75.125, 4.186726097271528e-24, nan 
41.875, 75.125, 7.695804350622309e-24, nan 
42.125, 75.125, 7.780999406052512e-24, nan 
42.375, 75.125, 1.1793616958335321e-23, nan 
42.625, 75.125, 1.0375908094947121e-23, nan 
42.875, 75.125, 8.447386625506376e-24, nan 
43.125, 75.125, 1.0237064845527312e-23, nan 
43.375, 75.125, 8.813919165864428e-24, nan 
43.625, 75.125, 8.644953507327733e-24, nan 
43.875, 75.125, 8.569475803100006e-24, nan 
44.125, 75.125, 7.39134842383449e-24, nan 
44.375, 75.125, 1.0763297923967877e-23, nan 
44.625, 75.125, 1.0273151354781012e-23, nan 
44.875, 75.125, 8.999015874025848e-24, nan 
45.125, 75.125, 4.872117926894083e-24, nan 
45.375, 75.125, 5.671151685572218e-24, nan 
45.625, 75.125, 8.873659488594473e-24, nan 
45.875, 75.125, 6.800478953524936e-24, nan 
46.125, 75.125, 7.635114668993987e-24, nan 
46.375, 75.125, 5.5838160899415854e-24, nan 
46.625, 75.125, 7.142057056434508e-24, nan 
46.875, 75.125, 7.91290887741089e-24, nan 
47.125, 75.125, 6.802045928624397e-24, nan 
47.375, 75.125, 9.009551389769651e-24, nan 
47.625, 75.125, 5.325708777950533e-24, nan 
47.875, 75.125, 6.943928603603066e-24, nan 
48.125, 75.125, 1.0365034478664412e-23, nan 
48.375, 75.125, 8.270506703497346e-24, nan 
48.625, 75.125, 4.2490798479872696e-24, nan 
48.875, 75.125, 1.2356582878841243e-23, nan 
49.125, 75.125, 1.3588843668629556e-23, nan 
49.375, 75.125, 1.1807905672833355e-23, nan 
49.625, 75.125, 9.373654587775065e-24, nan 
49.875, 75.125, 1.11981775034894e-23, nan 
50.125, 75.125, 9.624324853496736e-24, nan 
50.375, 75.125, 7.178045162907508e-24, nan 
50.625, 75.125, 6.969772748173988e-24, nan 
50.875, 75.125, 4.574390017118035e-24, nan 
51.125, 75.125, 9.8182178296431e-24, nan 
51.375, 75.125, 1.3944045888772957e-23, nan 
51.625, 75.125, 1.1772357694349564e-23, nan 
51.875, 75.125, 1.4638755346941273e-23, nan 
52.125, 75.125, 1.6127201869772645e-23, nan 
52.375, 75.125, 1.6273029876026714e-23, nan 
52.625, 75.125, 1.3782924670798564e-23, nan 
52.875, 75.125, 6.414105138420732e-24, nan 
53.125, 75.125, 2.1434289932609288e-23, nan 
53.375, 75.125, 1.8527393001171915e-23, nan 
53.625, 75.125, 1.8103625442166806e-23, nan 
53.875, 75.125, 2.2451630697054092e-23, nan 
54.125, 75.125, 1.860214596756744e-23, nan 
54.375, 75.125, 1.692147775703548e-23, nan 
54.625, 75.125, 7.32648464051397e-24, nan 
54.875, 75.125, 3.68682603034744e-24, nan 
55.125, 75.125, 6.722472319400685e-24, nan 
55.375, 75.125, 1.5772992563435254e-23, nan 
55.625, 75.125, 2.436676607335932e-23, nan 
55.875, 75.125, 2.6236013813592605e-23, nan 
56.125, 75.125, 2.978210084786173e-23, nan 
56.375, 75.125, 6.59885626433563e-23, nan 
56.625, 75.125, 5.715565246908653e-23, nan 
56.875, 75.125, 5.625817584412757e-23, nan 
57.125, 75.125, 6.88168089427637e-23, nan 
57.375, 75.125, 6.248666995525444e-23, nan 
57.625, 75.125, 6.466743575323561e-23, nan 
57.875, 75.125, 3.6787086390609295e-23, nan 
58.125, 75.125, 2.7084088782256665e-23, nan 
58.375, 75.125, 3.751239789483561e-23, nan 
58.625, 75.125, 3.4026737825534187e-23, nan 
58.875, 75.125, 1.544462318159564e-23, nan 
59.125, 75.125, 1.0185031736415505e-23, nan 
59.375, 75.125, 1.2243263981636538e-23, nan 
59.625, 75.125, 1.2552374829807007e-23, nan 
59.875, 75.125, 1.7312697319449545e-23, nan 
60.125, 75.125, 1.3290716213788014e-23, nan 
60.375, 75.125, 1.37004298062875e-23, nan 
60.625, 75.125, 1.5060657758384077e-23, nan 
60.875, 75.125, 4.043351987016331e-23, nan 
61.125, 75.125, 8.414220137920549e-23, nan 
61.375, 75.125, 8.283936777178187e-23, nan 
61.625, 75.125, 5.666252746289854e-23, nan 
61.875, 75.125, 1.4954680590139118e-22, nan 
62.125, 75.125, 1.7314381170115175e-22, nan 
62.375, 75.125, 1.438151548862365e-22, nan 
62.625, 75.125, 1.3059445027854223e-22, nan 
62.875, 75.125, 1.3863039354354122e-22, nan 
63.125, 75.125, 1.4203244043108168e-22, nan 
63.375, 75.125, 1.0293286376514071e-22, nan 
63.625, 75.125, 8.213438669708918e-23, nan 
63.875, 75.125, 6.687557588736484e-23, nan 
64.125, 75.125, 8.135107121074904e-23, nan 
64.375, 75.125, 1.2815508148833116e-22, nan 
64.625, 75.125, 1.0310079394565943e-22, nan 
64.875, 75.125, 1.814609815779424e-22, nan 
65.125, 75.125, 2.4052063091286724e-22, nan 
65.375, 75.125, 1.9367657845937264e-22, nan 
65.625, 75.125, 2.0971010827908326e-22, nan 
65.875, 75.125, 2.4655831498756913e-22, nan 
66.125, 75.125, 1.6608186822206258e-22, nan 
66.375, 75.125, 1.0257497270387955e-22, nan 
66.625, 75.125, 8.068636997087462e-23, nan 
66.875, 75.125, 4.1033318089433e-23, nan 
67.125, 75.125, 4.023157751033448e-23, nan 
67.375, 75.125, 5.925857687523213e-23, nan 
67.625, 75.125, 4.4082432240008736e-23, nan 
67.875, 75.125, 6.218141562312796e-23, nan 
68.125, 75.125, 6.713726166904006e-23, nan 
68.375, 75.125, 7.561902526894301e-23, nan 
68.625, 75.125, 7.788211058968382e-23, nan 
68.875, 75.125, 7.77653143190564e-23, nan 
69.125, 75.125, 3.748882578293034e-23, nan 
69.375, 75.125, 4.2588432103646214e-23, nan 
69.625, 75.125, 5.31107325806193e-23, nan 
69.875, 75.125, 4.660772678572908e-23, nan 
70.125, 75.125, 5.348497724998872e-23, nan 
70.375, 75.125, 1.0892529651213957e-22, nan 
70.625, 75.125, 1.879706707745989e-22, nan 
70.875, 75.125, 2.27367141847021e-22, nan 
71.125, 75.125, 2.323541474761701e-22, nan 
71.375, 75.125, 2.40928191598561e-22, nan 
71.625, 75.125, 2.995227577610175e-22, nan 
71.875, 75.125, 5.244924527649453e-22, nan 
72.125, 75.125, 4.557972915077415e-22, nan 
72.375, 75.125, 2.7441903440779535e-22, nan 
72.625, 75.125, 2.885305686926648e-22, nan 
72.875, 75.125, 3.1844161739112253e-22, nan 
73.125, 75.125, 7.281248516852403e-23, nan 
73.375, 75.125, 2.2373707517127416e-22, nan 
73.625, 75.125, 2.1658582478330625e-22, nan 
73.875, 75.125, 9.339994812101873e-23, nan 
74.125, 75.125, 1.4540199276192605e-22, nan 
74.375, 75.125, 3.1609597945648613e-22, nan 
74.625, 75.125, 3.079464758511198e-22, nan 
74.875, 75.125, 3.737725877318609e-22, nan 
75.125, 75.125, 4.32982141157578e-22, nan 
75.375, 75.125, 2.601969946492969e-22, nan 
75.625, 75.125, 2.7314968028866695e-22, nan 
75.875, 75.125, 4.0744182521684716e-22, nan 
76.125, 75.125, 4.22087422231509e-22, nan 
76.375, 75.125, 4.384392188553663e-22, nan 
76.625, 75.125, 5.602348150428146e-22, nan 
76.875, 75.125, 6.656987256020855e-22, nan 
77.125, 75.125, 6.553263967142325e-22, nan 
77.375, 75.125, 5.108983030316081e-22, nan 
77.625, 75.125, 5.795432296853376e-22, nan 
77.875, 75.125, 4.802417831778489e-22, nan 
78.125, 75.125, 5.719353810943006e-22, nan 
78.375, 75.125, 4.137901944191889e-22, nan 
78.625, 75.125, 5.972487297246625e-22, nan 
78.875, 75.125, 3.458338553689966e-22, nan 
79.125, 75.125, 2.608228841037188e-22, nan 
79.375, 75.125, 5.910167265627818e-22, nan 
79.625, 75.125, 4.2604507920847e-22, nan 
79.875, 75.125, 3.612912792638213e-22, nan 
80.125, 75.125, 6.67364668219073e-22, nan 
80.375, 75.125, 8.523524750060816e-22, nan 
80.625, 75.125, 8.290751732823516e-22, nan 
80.875, 75.125, 6.603178721161097e-22, nan 
81.125, 75.125, 1.0684905239828646e-21, nan 
81.375, 75.125, 1.1723259204530736e-21, nan 
81.625, 75.125, 3.8569936324724526e-22, nan 
81.875, 75.125, 4.521726149714236e-22, nan 
82.125, 75.125, 1.5564739517924697e-21, nan 
82.375, 75.125, 1.982489425134678e-21, nan 
82.625, 75.125, 1.8462535660489936e-21, nan 
82.875, 75.125, 2.582550813518334e-21, nan 
83.125, 75.125, 1.8194463015965667e-21, nan 
83.375, 75.125, 2.0531636339871417e-21, nan 
83.625, 75.125, 1.2083066508951679e-21, nan 
83.875, 75.125, 1.1583048170787939e-21, nan 
84.125, 75.125, 8.009052605708081e-22, nan 
84.375, 75.125, 8.53703091088067e-22, nan 
84.625, 75.125, 9.481492875204798e-22, nan 
84.875, 75.125, 1.0973811010889077e-21, nan 
85.125, 75.125, 1.040961384078389e-21, nan 
85.375, 75.125, 1.1491128628133209e-21, nan 
85.625, 75.125, 1.3452068493962097e-21, nan 
85.875, 75.125, 1.06147992526638e-21, nan 
86.125, 75.125, 1.357387411841519e-21, nan 
86.375, 75.125, 1.752026388631067e-21, nan 
86.625, 75.125, 2.3362845272671847e-21, nan 
86.875, 75.125, 4.139829470975225e-21, nan 
87.125, 75.125, 2.8099187432429865e-21, nan 
87.375, 75.125, 3.0431261774148663e-21, nan 
87.625, 75.125, 6.143830784841606e-21, nan 
87.875, 75.125, 3.775104017812092e-21, nan 
88.125, 75.125, 3.404977259099287e-21, nan 
88.375, 75.125, 5.1764852245729534e-21, nan 
88.625, 75.125, 5.695609115173147e-21, nan 
88.875, 75.125, 4.000618139440455e-21, nan 
89.125, 75.125, 4.252655918314099e-21, nan 
89.375, 75.125, 6.589823156650718e-21, nan 
89.625, 75.125, 4.18928768900175e-21, nan 
89.875, 75.125, 1.167169688777159e-21, nan 
90.125, 75.125, 3.8007537769912294e-21, nan 
90.375, 75.125, 3.948066362818282e-21, nan 
90.625, 75.125, 1.74730151257904e-21, nan 
90.875, 75.125, 2.7991392660397896e-21, nan 
91.125, 75.125, 2.5312806008458024e-21, nan 
91.375, 75.125, 2.0318198520494284e-21, nan 
91.625, 75.125, 2.0436439041176604e-21, nan 
91.875, 75.125, 2.4189517011301725e-21, nan 
92.125, 75.125, 2.771163907707056e-21, nan 
92.375, 75.125, 6.010737806909418e-21, nan 
92.625, 75.125, 5.614473520922453e-21, nan 
92.875, 75.125, 4.3024281210348055e-21, nan 
93.125, 75.125, 6.833918466670825e-21, nan 
93.375, 75.125, 6.961634548590968e-21, nan 
93.625, 75.125, 8.384257527147041e-21, nan 
93.875, 75.125, 8.705326181154922e-21, nan 
94.125, 75.125, 7.601738620866288e-21, nan 
94.375, 75.125, 9.857704185627018e-21, nan 
94.625, 75.125, 8.186953247349432e-21, nan 
94.875, 75.125, 1.0032493504411156e-20, nan 
95.125, 75.125, 2.1097396478493373e-20, nan 
95.375, 75.125, 1.976017814912947e-20, nan 
95.625, 75.125, 1.584048901045729e-20, nan 
95.875, 75.125, 2.0771854469176988e-20, nan 
96.125, 75.125, 1.5042266220322983e-20, nan 
96.375, 75.125, 1.2872698593616099e-20, nan 
96.625, 75.125, 1.6745091716791017e-20, nan 
96.875, 75.125, 1.7981543849233023e-20, nan 
97.125, 75.125, 1.1906745306558797e-20, nan 
97.375, 75.125, 2.415252673851192e-20, nan 
97.625, 75.125, 2.6567044541379348e-20, nan 
97.875, 75.125, 1.3150312187265508e-20, nan 
98.125, 75.125, 2.0369400660702923e-20, nan 
98.375, 75.125, 3.2571611077588104e-20, nan 
98.625, 75.125, 2.7001789242532806e-20, nan 
98.875, 75.125, 3.430126955827258e-20, nan 
99.125, 75.125, 5.751641616095288e-20, nan 
99.375, 75.125, 5.209766714610076e-20, nan 
99.625, 75.125, 4.82954159579615e-20, nan 
99.875, 75.125, 4.1006927699267793e-20, nan 
100.125, 75.125, 1.5186853034086067e-20, nan 
100.375, 75.125, 7.859585271214515e-20, nan 
100.625, 75.125, 5.746661753036888e-20, nan 
100.875, 75.125, 8.511561101847799e-20, nan 
101.125, 75.125, 9.793767328888905e-20, nan 
101.375, 75.125, 7.220649257278557e-20, nan 
101.625, 75.125, 1.0559445279988563e-19, nan 
101.875, 75.125, 5.3761992046874215e-20, nan 
102.125, 75.125, 1.5045723201623713e-19, nan 
102.375, 75.125, 1.264739170973663e-19, nan 
102.625, 75.125, 1.6126514425992435e-19, nan 
102.875, 75.125, 1.3832920348558446e-19, nan 
103.125, 75.125, 1.4316540360913356e-19, nan 
103.375, 75.125, 1.8384656010855534e-19, nan 
103.625, 75.125, 7.713828970184255e-20, nan 
103.875, 75.125, 8.652879530323554e-20, nan 
104.125, 75.125, 1.2418298501645336e-19, nan 
104.375, 75.125, 1.0343288550340203e-19, nan 
104.625, 75.125, 6.440049663551031e-20, nan 
104.875, 75.125, 8.41671468218546e-20, nan 
105.125, 75.125, 9.384505980318974e-20, nan 
105.375, 75.125, 6.957337859173726e-20, nan 
105.625, 75.125, 9.00136944774309e-20, nan 
105.875, 75.125, 7.160829540689732e-20, nan 
106.125, 75.125, 6.625201000817496e-20, nan 
106.375, 75.125, 1.198035874191766e-20, nan 
106.625, 75.125, 4.7365683269883285e-20, nan 
106.875, 75.125, 1.0549975494674025e-19, nan 
107.125, 75.125, 7.742591489004756e-20, nan 
107.375, 75.125, 1.8962968308607254e-19, nan 
107.625, 75.125, 1.6920216916227424e-19, nan 
107.875, 75.125, 1.8819144241739286e-19, nan 
108.125, 75.125, 2.4235805226008265e-19, nan 
108.375, 75.125, 3.787651906297023e-19, nan 
108.625, 75.125, 3.8238649448738003e-19, nan 
108.875, 75.125, 3.3413358902666166e-19, nan 
109.125, 75.125, 5.2932913507163e-19, nan 
109.375, 75.125, 4.102999228974484e-19, nan 
109.625, 75.125, 3.8091033470711005e-19, nan 
109.875, 75.125, 3.722566252243573e-19, nan 
110.125, 75.125, 2.793877934082052e-19, nan 
110.375, 75.125, 2.7145790833492037e-19, nan 
110.625, 75.125, 5.026394264737946e-19, nan 
110.875, 75.125, 3.86965282261524e-19, nan 
111.125, 75.125, 2.899625202557861e-19, nan 
111.375, 75.125, 2.9933842990646386e-19, nan 
111.625, 75.125, 3.1466439446619253e-19, nan 
111.875, 75.125, 3.4671221937733023e-19, nan 
112.125, 75.125, 3.1303994966436703e-19, nan 
112.375, 75.125, 3.047238116504373e-19, nan 
112.625, 75.125, 2.537175138644885e-19, nan 
112.875, 75.125, 2.0226247274520219e-19, nan 
113.125, 75.125, 1.6089889773906627e-19, nan 
113.375, 75.125, 1.679617897117708e-19, nan 
113.625, 75.125, 1.4890551623164442e-19, nan 
113.875, 75.125, 2.336905486002145e-19, nan 
114.125, 75.125, 2.085218446110988e-19, nan 
114.375, 75.125, 2.9558699133273625e-19, nan 
114.625, 75.125, 2.1110575362544618e-19, nan 
114.875, 75.125, 2.4983489951476204e-19, nan 
115.125, 75.125, 3.542588089480453e-19, nan 
115.375, 75.125, 1.8401559799940567e-19, nan 
115.625, 75.125, 3.0654061891006374e-19, nan 
115.875, 75.125, 2.8056998808687845e-19, nan 
116.125, 75.125, 1.509201916364934e-19, nan 
116.375, 75.125, 2.975382678772897e-19, nan 
116.625, 75.125, 2.4753827422822084e-19, nan 
116.875, 75.125, 9.556953309241686e-20, nan 
117.125, 75.125, 1.29212456874176e-19, nan 
117.375, 75.125, 1.0099507689057965e-19, nan 
117.625, 75.125, 4.8459130824535656e-20, nan 
117.875, 75.125, 1.271679374312507e-19, nan 
118.125, 75.125, 1.7711447685427813e-19, nan 
118.375, 75.125, 6.097706159752923e-20, nan 
118.625, 75.125, 1.8530911511041179e-19, nan 
118.875, 75.125, 3.0999072905819123e-19, nan 
119.125, 75.125, 2.7691230977361366e-19, nan 
119.375, 75.125, 2.1350058664344693e-19, nan 
119.625, 75.125, 4.116558984950322e-19, nan 
119.875, 75.125, 4.712143477576576e-19, nan 
120.125, 75.125, 2.7408417817412636e-19, nan 
120.375, 75.125, 3.388866455353003e-19, nan 
120.625, 75.125, 3.5040243878591265e-19, nan 
120.875, 75.125, 2.548790475103664e-19, nan 
121.125, 75.125, 2.1524910441181095e-19, nan 
121.375, 75.125, 1.5517889900599276e-19, nan 
121.625, 75.125, 9.559880682520508e-20, nan 
121.875, 75.125, 2.9273642121422823e-20, nan 
122.125, 75.125, 3.4809007817059214e-20, nan 
122.375, 75.125, 8.2974518814068e-20, nan 
122.625, 75.125, 3.5942948573565125e-20, nan 
122.875, 75.125, 4.0744057501714985e-20, nan 
123.125, 75.125, 5.601042903973644e-20, nan 
123.375, 75.125, 2.3428838113319048e-20, nan 
123.625, 75.125, 3.779246404134564e-20, nan 
123.875, 75.125, 4.6861649788319226e-20, nan 
124.125, 75.125, 3.284928182544394e-20, nan 
124.375, 75.125, 4.269227952909677e-20, nan 
124.625, 75.125, 3.117967111311699e-20, nan 
124.875, 75.125, 2.395936651741485e-20, nan 
125.125, 75.125, 3.6674462748778823e-20, nan 
125.375, 75.125, 2.2737953167452405e-20, nan 
125.625, 75.125, 3.210270458632685e-20, nan 
125.875, 75.125, 1.7753695939087685e-20, nan 
126.125, 75.125, 2.7325008186722525e-20, nan 
126.375, 75.125, 3.0540819222507695e-20, nan 
126.625, 75.125, 2.2416118300610445e-20, nan 
126.875, 75.125, 3.5071329679426215e-20, nan 
127.125, 75.125, 3.614084921498152e-20, nan 
127.375, 75.125, 2.8158112562974115e-20, nan 
127.625, 75.125, 3.090054220613687e-20, nan 
127.875, 75.125, 3.5969552526421184e-20, nan 
128.125, 75.125, 1.5850752958295568e-20, nan 
128.375, 75.125, 2.269729840060633e-20, nan 
128.625, 75.125, 2.6790972404976975e-20, nan 
128.875, 75.125, 1.8680021264331544e-20, nan 
129.125, 75.125, 1.9273126940624073e-20, nan 
129.375, 75.125, 2.3752010086685346e-20, nan 
129.625, 75.125, 1.8224967105994554e-20, nan 
129.875, 75.125, 1.2845218398166724e-20, nan 
130.125, 75.125, 1.7853155678124828e-20, nan 
130.375, 75.125, 7.581553884701556e-21, nan 
130.625, 75.125, 4.721354479020267e-21, nan 
130.875, 75.125, 6.865975965036969e-21, nan 
131.125, 75.125, 3.1912397872762225e-21, nan 
131.375, 75.125, 6.907567743987564e-21, nan 
131.625, 75.125, 5.749078476869857e-21, nan 
131.875, 75.125, 5.53234484256559e-21, nan 
132.125, 75.125, 1.2115252704040044e-20, nan 
132.375, 75.125, 1.3036019892629221e-20, nan 
132.625, 75.125, 1.6241045172892936e-20, nan 
132.875, 75.125, 1.2361574906254629e-20, nan 
133.125, 75.125, 1.0782652740447377e-20, nan 
133.375, 75.125, 1.1772202683466945e-20, nan 
133.625, 75.125, 6.782001092258583e-21, nan 
133.875, 75.125, 5.622275074175134e-21, nan 
134.125, 75.125, 6.3726113749663504e-21, nan 
134.375, 75.125, 4.9816679363496115e-21, nan 
134.625, 75.125, 4.501858230573822e-21, nan 
134.875, 75.125, 4.709209428843793e-21, nan 
135.125, 75.125, 2.817226780384481e-21, nan 
135.375, 75.125, 3.55137626843692e-21, nan 
135.625, 75.125, 3.2184635290399514e-21, nan 
135.875, 75.125, 3.590540301608605e-21, nan 
136.125, 75.125, 3.2513691785980062e-21, nan 
136.375, 75.125, 2.4495081914243257e-21, nan 
136.625, 75.125, 2.4442514736942692e-21, nan 
136.875, 75.125, 2.9740323682424912e-21, nan 
137.125, 75.125, 3.2025592096983764e-21, nan 
137.375, 75.125, 2.1848585309669022e-21, nan 
137.625, 75.125, 2.113203988545323e-21, nan 
137.875, 75.125, 2.1586727495832376e-21, nan 
138.125, 75.125, 1.8392881156334625e-21, nan 
138.375, 75.125, 1.2527879084156555e-21, nan 
138.625, 75.125, 9.842184454572876e-22, nan 
138.875, 75.125, 2.0493231728788004e-21, nan 
139.125, 75.125, 1.5998026073501668e-21, nan 
139.375, 75.125, 1.2974167737440867e-21, nan 
139.625, 75.125, 2.0075269039663085e-21, nan 
139.875, 75.125, 1.3316700069160107e-21, nan 
140.125, 75.125, 1.3216859827591672e-21, nan 
140.375, 75.125, 2.6658225785102047e-21, nan 
140.625, 75.125, 2.0364317975874537e-21, nan 
140.875, 75.125, 1.4564845910249662e-21, nan 
141.125, 75.125, 1.947452428227385e-21, nan 
141.375, 75.125, 1.641551161121852e-21, nan 
141.625, 75.125, 1.515590121397854e-21, nan 
141.875, 75.125, 1.512663624556178e-21, nan 
142.125, 75.125, 1.2600834008803556e-21, nan 
142.375, 75.125, 9.915991738795334e-22, nan 
142.625, 75.125, 1.239825357278745e-21, nan 
142.875, 75.125, 1.005079876088274e-21, nan 
143.125, 75.125, 4.510105744347666e-22, nan 
143.375, 75.125, 5.88860502004598e-22, nan 
143.625, 75.125, 4.6309155300629725e-22, nan 
143.875, 75.125, 5.182739007361516e-22, nan 
144.125, 75.125, 3.949214893955327e-22, nan 
144.375, 75.125, 2.0980399203536069e-22, nan 
144.625, 75.125, 2.672257666576126e-22, nan 
144.875, 75.125, 3.334326775220113e-22, nan 
145.125, 75.125, 6.101587688189305e-22, nan 
145.375, 75.125, 6.192289965380832e-22, nan 
145.625, 75.125, 5.313871795745401e-22, nan 
145.875, 75.125, 6.285202705846532e-22, nan 
146.125, 75.125, 4.5823570755360315e-22, nan 
146.375, 75.125, 4.2333897821492967e-22, nan 
146.625, 75.125, 4.0354795899851566e-22, nan 
146.875, 75.125, 1.8263081857512853e-22, nan 
147.125, 75.125, 2.0290761269929235e-22, nan 
147.375, 75.125, 4.265381657739924e-22, nan 
147.625, 75.125, 6.184428796101181e-22, nan 
147.875, 75.125, 4.014192285864165e-22, nan 
148.125, 75.125, 3.963928259183004e-22, nan 
148.375, 75.125, 5.310215111276403e-22, nan 
148.625, 75.125, 3.5445121625507946e-22, nan 
148.875, 75.125, 2.6868101891048007e-22, nan 
149.125, 75.125, 2.905749701772246e-22, nan 
149.375, 75.125, 1.9464965502203757e-22, nan 
149.625, 75.125, 1.5370750993492865e-22, nan 
149.875, 75.125, 2.381860274990972e-22, nan 
150.125, 75.125, 1.8476325802964422e-22, nan 
150.375, 75.125, 2.475050715238165e-22, nan 
150.625, 75.125, 2.1671989811276765e-22, nan 
150.875, 75.125, 1.3901919016295393e-22, nan 
151.125, 75.125, 1.6505613626634772e-22, nan 
151.375, 75.125, 1.7034514391406315e-22, nan 
151.625, 75.125, 1.471363948946489e-22, nan 
151.875, 75.125, 1.1378421757157763e-22, nan 
152.125, 75.125, 9.145735247300917e-23, nan 
152.375, 75.125, 1.646174787668057e-22, nan 
152.625, 75.125, 1.6098685737713747e-22, nan 
152.875, 75.125, 1.2260763191975327e-22, nan 
153.125, 75.125, 1.6424774819715376e-22, nan 
153.375, 75.125, 2.1162277529342823e-22, nan 
153.625, 75.125, 2.212834724772852e-22, nan 
153.875, 75.125, 1.5552324286850731e-22, nan 
154.125, 75.125, 1.6578454400501065e-22, nan 
154.375, 75.125, 1.220593251567819e-22, nan 
154.625, 75.125, 1.3580663494941762e-22, nan 
154.875, 75.125, 1.1857945889140258e-22, nan 
155.125, 75.125, 8.171878258847227e-23, nan 
155.375, 75.125, 1.3524246073630486e-22, nan 
155.625, 75.125, 1.729349317145784e-22, nan 
155.875, 75.125, 1.241805897626437e-22, nan 
156.125, 75.125, 1.9477204638023647e-22, nan 
156.375, 75.125, 2.970319726889523e-22, nan 
156.625, 75.125, 3.25948124365345e-22, nan 
156.875, 75.125, 2.375763129911881e-22, nan 
157.125, 75.125, 2.514753120300048e-22, nan 
157.375, 75.125, 2.6992044074181456e-22, nan 
157.625, 75.125, 1.9404688426556162e-22, nan 
157.875, 75.125, 1.565138874502139e-22, nan 
158.125, 75.125, 1.1657397326050834e-22, nan 
158.375, 75.125, 7.679160798218132e-23, nan 
158.625, 75.125, 1.4413743911004228e-22, nan 
158.875, 75.125, 1.4376143420647352e-22, nan 
159.125, 75.125, 1.1396732550836735e-22, nan 
159.375, 75.125, 2.0986251021558266e-22, nan 
159.625, 75.125, 2.274065601746586e-22, nan 
159.875, 75.125, 1.3322277365165526e-22, nan 
160.125, 75.125, 5.471809440644732e-23, nan 
160.375, 75.125, 4.6972403605940717e-23, nan 
160.625, 75.125, 1.5976024428278336e-22, nan 
160.875, 75.125, 1.2312959330112124e-22, nan 
161.125, 75.125, 1.0935667397176353e-22, nan 
161.375, 75.125, 1.7314578567952031e-22, nan 
161.625, 75.125, 1.8228168303028248e-22, nan 
161.875, 75.125, 1.0859723987005343e-22, nan 
162.125, 75.125, 1.0011692384488845e-22, nan 
162.375, 75.125, 5.854784562847464e-23, nan 
162.625, 75.125, 8.570066142721458e-23, nan 
162.875, 75.125, 3.666425245138706e-23, nan 
163.125, 75.125, 4.6066276004912945e-23, nan 
163.375, 75.125, 5.704457370530457e-23, nan 
163.625, 75.125, 5.720858926032754e-23, nan 
163.875, 75.125, 6.668391896231165e-23, nan 
164.125, 75.125, 1.0952296059422412e-22, nan 
164.375, 75.125, 1.3097091754432302e-22, nan 
164.625, 75.125, 1.0099214643543365e-22, nan 
164.875, 75.125, 1.1563455018195772e-22, nan 
165.125, 75.125, 8.240572734134552e-23, nan 
165.375, 75.125, 6.410699565949402e-23, nan 
165.625, 75.125, 8.59209901924591e-23, nan 
165.875, 75.125, 8.957216039120071e-23, nan 
166.125, 75.125, 1.7020147184127638e-22, nan 
166.375, 75.125, 1.6121877553178321e-22, nan 
166.625, 75.125, 1.3571086411777745e-22, nan 
166.875, 75.125, 1.6476722989859233e-22, nan 
167.125, 75.125, 1.6279916432866746e-22, nan 
167.375, 75.125, 1.1246721652995597e-22, nan 
167.625, 75.125, 6.511405074407273e-23, nan 
167.875, 75.125, 4.856343366401165e-23, nan 
168.125, 75.125, 6.040768739507462e-23, nan 
168.375, 75.125, 7.369591710139051e-23, nan 
168.625, 75.125, 5.678666579811414e-23, nan 
168.875, 75.125, 4.730837420737162e-23, nan 
169.125, 75.125, 5.708794211089118e-23, nan 
169.375, 75.125, 3.030672049326691e-23, nan 
169.625, 75.125, 1.7944779509333823e-23, nan 
169.875, 75.125, 2.4251565883657692e-23, nan 
170.125, 75.125, 2.46822854210688e-23, nan 
170.375, 75.125, 2.1703292151052957e-23, nan 
170.625, 75.125, 2.9748910190143977e-23, nan 
170.875, 75.125, 2.3959495372503211e-23, nan 
171.125, 75.125, 2.1102857379498904e-23, nan 
171.375, 75.125, 1.362224427784601e-23, nan 
171.625, 75.125, 1.1181344403049091e-23, nan 
171.875, 75.125, 1.7025456465895695e-23, nan 
172.125, 75.125, 1.836871828913583e-23, nan 
172.375, 75.125, 3.2749177472032497e-23, nan 
172.625, 75.125, 1.975682555111141e-23, nan 
172.875, 75.125, 2.4927094616337212e-23, nan 
173.125, 75.125, 3.8773164792326727e-23, nan 
173.375, 75.125, 2.0109657124460767e-23, nan 
173.625, 75.125, 2.066431955721276e-23, nan 
173.875, 75.125, 1.3574209542181402e-23, nan 
174.125, 75.125, 1.5012148967268115e-23, nan 
174.375, 75.125, 2.1583506201880455e-23, nan 
174.625, 75.125, 2.706771592337607e-23, nan 
174.875, 75.125, 3.196967631511604e-23, nan 
175.125, 75.125, 2.7514153408456375e-23, nan 
175.375, 75.125, 2.551647665512789e-23, nan 
175.625, 75.125, 2.7895267865552636e-23, nan 
175.875, 75.125, 1.2210594437290413e-23, nan 
176.125, 75.125, 3.173043527951538e-24, nan 
176.375, 75.125, 1.2154310357241743e-23, nan 
176.625, 75.125, 9.112586377870525e-24, nan 
176.875, 75.125, 7.951627521268191e-24, nan 
177.125, 75.125, 6.190846871673046e-24, nan 
177.375, 75.125, 5.095071403699667e-24, nan 
177.625, 75.125, 1.3963698228373154e-23, nan 
177.875, 75.125, 2.495413574716144e-23, nan 
178.125, 75.125, 2.32745401965669e-23, nan 
178.375, 75.125, 1.653146716988047e-23, nan 
178.625, 75.125, 2.837564984133819e-23, nan 
178.875, 75.125, 2.0338150654872465e-23, nan 
179.125, 75.125, 9.490433898536174e-24, nan 
179.375, 75.125, 1.1257017941638028e-23, nan 
179.625, 75.125, 1.184098408613852e-23, nan 
179.875, 75.125, 6.717463053301888e-24, nan 
-179.875, 75.375, 2.151731489401576e-23, nan 
-179.625, 75.375, 1.7945374909163497e-23, nan 
-179.375, 75.375, 2.1839367650061797e-23, nan 
-179.125, 75.375, 2.0033905732500472e-23, nan 
-178.875, 75.375, 1.5164618185324675e-23, nan 
-178.625, 75.375, 2.0891461248840573e-23, nan 
-178.375, 75.375, 2.2346207890952688e-23, nan 
-178.125, 75.375, 1.3966236594050708e-23, nan 
-177.875, 75.375, 1.5097545132618497e-23, nan 
-177.625, 75.375, 1.160631070293435e-23, nan 
-177.375, 75.375, 1.2087695961526103e-23, nan 
-177.125, 75.375, 1.2876768285539399e-23, nan 
-176.875, 75.375, 2.178187554850656e-23, nan 
-176.625, 75.375, 1.9860290221850076e-23, nan 
-176.375, 75.375, 1.525237667461435e-23, nan 
-176.125, 75.375, 9.421308175118425e-24, nan 
-175.875, 75.375, 1.3197955162968051e-23, nan 
-175.625, 75.375, 9.131047748946895e-24, nan 
-175.375, 75.375, 7.753542954360483e-24, nan 
-175.125, 75.375, 4.3804876303212696e-24, nan 
-174.875, 75.375, 4.0375373420690974e-24, nan 
-174.625, 75.375, 1.5480053879505334e-23, nan 
-174.375, 75.375, 1.2874379225056226e-23, nan 
-174.125, 75.375, 1.4712678538515644e-23, nan 
-173.875, 75.375, 1.102746634800102e-23, nan 
-173.625, 75.375, 1.2227291286601865e-23, nan 
-173.375, 75.375, 1.0806343440346161e-23, nan 
-173.125, 75.375, 7.24404074333523e-24, nan 
-172.875, 75.375, 6.515830968080328e-24, nan 
-172.625, 75.375, 5.669187115783837e-24, nan 
-172.375, 75.375, 6.888036173501631e-24, nan 
-172.125, 75.375, 6.116218555639165e-24, nan 
-171.875, 75.375, 5.471963740742743e-24, nan 
-171.625, 75.375, 5.7214486656412416e-24, nan 
-171.375, 75.375, 6.258181677444809e-24, nan 
-171.125, 75.375, 5.4534053888134986e-24, nan 
-170.875, 75.375, 3.67215948883367e-24, nan 
-170.625, 75.375, 7.177483489245372e-24, nan 
-170.375, 75.375, 1.396129900074677e-23, nan 
-170.125, 75.375, 1.8010738341551038e-23, nan 
-169.875, 75.375, 1.2962506175589247e-23, nan 
-169.625, 75.375, 1.3290407742508207e-23, nan 
-169.375, 75.375, 1.5893472057436212e-23, nan 
-169.125, 75.375, 1.2405252289293746e-23, nan 
-168.875, 75.375, 1.2837692664497675e-23, nan 
-168.625, 75.375, 1.3667094883208628e-23, nan 
-168.375, 75.375, 1.1463939441411828e-23, nan 
-168.125, 75.375, 1.0553511104497772e-23, nan 
-167.875, 75.375, 1.805537006852796e-23, nan 
-167.625, 75.375, 1.2815667158379252e-23, nan 
-167.375, 75.375, 5.924771876702226e-24, nan 
-167.125, 75.375, 1.3038659159703723e-23, nan 
-166.875, 75.375, 1.3053180241280422e-23, nan 
-166.625, 75.375, 1.888906490424253e-23, nan 
-166.375, 75.375, 2.3664218171866418e-23, nan 
-166.125, 75.375, 3.089416147753063e-23, nan 
-165.875, 75.375, 2.3896074854704897e-23, nan 
-165.625, 75.375, 2.157724739326012e-23, nan 
-165.375, 75.375, 3.5260383070504203e-23, nan 
-165.125, 75.375, 3.2669272286833613e-23, nan 
-164.875, 75.375, 2.5328760333303026e-23, nan 
-164.625, 75.375, 2.4239124745567593e-23, nan 
-164.375, 75.375, 2.4511074912818216e-23, nan 
-164.125, 75.375, 2.3213379053133477e-23, nan 
-163.875, 75.375, 1.733443012932052e-23, nan 
-163.625, 75.375, 1.2297785903882579e-23, nan 
-163.375, 75.375, 6.3257406697830475e-24, nan 
-163.125, 75.375, 7.899781869495011e-24, nan 
-162.875, 75.375, 9.555473378278934e-24, nan 
-162.625, 75.375, 1.0656763375273352e-23, nan 
-162.375, 75.375, 8.112701838925037e-24, nan 
-162.125, 75.375, 4.105687845444587e-24, nan 
-161.875, 75.375, 5.285691908041647e-24, nan 
-161.625, 75.375, 4.655075476752005e-24, nan 
-161.375, 75.375, 4.668726697544129e-24, nan 
-161.125, 75.375, 4.642706817004477e-24, nan 
-160.875, 75.375, 6.223424060286884e-24, nan 
-160.625, 75.375, 9.587783084835108e-24, nan 
-160.375, 75.375, 1.1656295836024672e-23, nan 
-160.125, 75.375, 7.198960248680965e-24, nan 
-159.875, 75.375, 7.913975183286576e-24, nan 
-159.625, 75.375, 7.736254870635143e-24, nan 
-159.375, 75.375, 4.431735449653254e-24, nan 
-159.125, 75.375, 2.4350757269710418e-24, nan 
-158.875, 75.375, 1.5669191852498016e-24, nan 
-158.625, 75.375, 8.101195554592929e-24, nan 
-158.375, 75.375, 1.7810687605144366e-23, nan 
-158.125, 75.375, 2.830136125660884e-23, nan 
-157.875, 75.375, 2.2949277725191673e-23, nan 
-157.625, 75.375, 2.4930442796879196e-23, nan 
-157.375, 75.375, 3.6902384465241284e-23, nan 
-157.125, 75.375, 3.045404435226448e-23, nan 
-156.875, 75.375, 2.2097619845435426e-23, nan 
-156.625, 75.375, 9.83942641300258e-24, nan 
-156.375, 75.375, 1.3486032164980672e-23, nan 
-156.125, 75.375, 1.5415302281763602e-23, nan 
-155.875, 75.375, 1.776262596342453e-23, nan 
-155.625, 75.375, 1.4118820020452745e-23, nan 
-155.375, 75.375, 2.0382988511825085e-23, nan 
-155.125, 75.375, 2.173210250297133e-23, nan 
-154.875, 75.375, 1.5695496650849955e-23, nan 
-154.625, 75.375, 1.868853228445714e-23, nan 
-154.375, 75.375, 1.9439772440012136e-23, nan 
-154.125, 75.375, 1.369171463865049e-23, nan 
-153.875, 75.375, 9.112364569719888e-24, nan 
-153.625, 75.375, 5.508208473840207e-24, nan 
-153.375, 75.375, 3.803745195179707e-24, nan 
-153.125, 75.375, 4.47589154838111e-24, nan 
-1.375, 75.375, 1.0262396559933177e-24, nan 
-1.125, 75.375, 7.382796377014537e-25, nan 
-0.875, 75.375, 4.581266969625885e-25, nan 
-0.625, 75.375, 8.814381897817704e-25, nan 
-0.375, 75.375, 9.27747794834417e-25, nan 
-0.125, 75.375, 1.0520862475874582e-24, nan 
0.125, 75.375, 1.4706159271578764e-24, nan 
0.375, 75.375, 1.2669121580351064e-24, nan 
0.625, 75.375, 1.1906338503610671e-24, nan 
0.875, 75.375, 1.3503306892920376e-24, nan 
1.125, 75.375, 9.79669157367707e-25, nan 
1.375, 75.375, 7.966143966905542e-25, nan 
1.625, 75.375, 2.6838013675461404e-25, nan 
1.875, 75.375, 2.6016937342513507e-25, nan 
2.125, 75.375, 1.3555241303985647e-24, nan 
2.375, 75.375, 2.6054051975674087e-24, nan 
2.625, 75.375, 1.3004052019514657e-24, nan 
2.875, 75.375, 1.5163135486764185e-24, nan 
3.125, 75.375, 2.9860015935357234e-24, nan 
3.375, 75.375, 1.3390390298654091e-24, nan 
3.625, 75.375, 1.3909884767597236e-24, nan 
3.875, 75.375, 1.376580807729219e-24, nan 
4.125, 75.375, 1.1296240292279178e-24, nan 
4.375, 75.375, 1.5051240491437635e-24, nan 
4.625, 75.375, 2.0061303764521462e-24, nan 
4.875, 75.375, 2.1501136662010224e-24, nan 
5.125, 75.375, 2.16008140701518e-24, nan 
5.375, 75.375, 2.222187126857246e-24, nan 
5.625, 75.375, 2.5022871103583676e-24, nan 
5.875, 75.375, 2.4029834820273612e-24, nan 
6.125, 75.375, 1.8694272938684384e-24, nan 
6.375, 75.375, 1.298067103981382e-24, nan 
6.625, 75.375, 1.2980264855410772e-24, nan 
6.875, 75.375, 1.4511205486982498e-24, nan 
7.125, 75.375, 5.880471075201072e-25, nan 
7.375, 75.375, 9.179429644595953e-25, nan 
7.625, 75.375, 9.496014163963191e-25, nan 
7.875, 75.375, 9.054353567159827e-25, nan 
8.125, 75.375, 4.202543477831088e-25, nan 
8.375, 75.375, 1.290012957439048e-24, nan 
8.625, 75.375, 1.760950516838736e-24, nan 
8.875, 75.375, 1.303863978890387e-24, nan 
9.125, 75.375, 1.2809524588151379e-24, nan 
9.375, 75.375, 1.4896253950491185e-24, nan 
9.625, 75.375, 9.507088977369341e-25, nan 
9.875, 75.375, 1.1572727652976334e-24, nan 
10.125, 75.375, 1.257496302887675e-24, nan 
10.375, 75.375, 7.734565123208562e-25, nan 
10.625, 75.375, 7.021464774675695e-25, nan 
10.875, 75.375, 7.049555575778768e-25, nan 
11.125, 75.375, 7.554045692005651e-25, nan 
11.375, 75.375, 1.4212348393776427e-24, nan 
11.625, 75.375, 1.537346408206194e-24, nan 
11.875, 75.375, 3.1895010860268826e-24, nan 
12.125, 75.375, 3.568110411426884e-24, nan 
12.375, 75.375, 5.093046713863888e-24, nan 
12.625, 75.375, 6.797720708735755e-24, nan 
12.875, 75.375, 6.865400736707408e-24, nan 
13.125, 75.375, 6.815252764432918e-24, nan 
13.375, 75.375, 7.745704068173134e-24, nan 
13.625, 75.375, 8.23917438706415e-24, nan 
13.875, 75.375, 6.837178932850868e-24, nan 
14.125, 75.375, 6.524207738415574e-24, nan 
14.375, 75.375, 1.090062090507966e-23, nan 
14.625, 75.375, 9.395740641074813e-24, nan 
14.875, 75.375, 1.3785393389723392e-23, nan 
15.125, 75.375, 1.1419592734100477e-23, nan 
15.375, 75.375, 1.0509170887920442e-23, nan 
15.625, 75.375, 1.0712300997740935e-23, nan 
15.875, 75.375, 7.503832817717935e-24, nan 
16.125, 75.375, 5.216172300674304e-24, nan 
16.375, 75.375, 4.093278185965248e-24, nan 
16.625, 75.375, 2.6071427397345907e-24, nan 
16.875, 75.375, 3.474657652833247e-24, nan 
17.125, 75.375, 3.1140889739362682e-24, nan 
17.375, 75.375, 2.984301490482227e-24, nan 
17.625, 75.375, 2.2380412681095965e-24, nan 
17.875, 75.375, 2.0991031797690033e-24, nan 
18.125, 75.375, 1.253926403063392e-24, nan 
18.375, 75.375, 1.3690359260750656e-24, nan 
18.625, 75.375, 2.2557209400143466e-24, nan 
18.875, 75.375, 3.2814857503949152e-24, nan 
19.125, 75.375, 2.0014089584625005e-24, nan 
19.375, 75.375, 2.5742324069842815e-24, nan 
19.625, 75.375, 4.398836619511404e-24, nan 
19.875, 75.375, 1.71147308896044e-24, nan 
20.125, 75.375, 2.7179921068450632e-24, nan 
20.375, 75.375, 3.536628748267193e-24, nan 
20.625, 75.375, 5.0234617681607694e-24, nan 
20.875, 75.375, 3.1913591718000587e-24, nan 
21.125, 75.375, 5.685551003796508e-24, nan 
21.375, 75.375, 8.326178146192759e-24, nan 
21.625, 75.375, 5.656005022828088e-24, nan 
21.875, 75.375, 4.230763275910065e-24, nan 
22.125, 75.375, 4.418985597882159e-24, nan 
22.375, 75.375, 2.8803484531204765e-24, nan 
22.625, 75.375, 3.409939704135272e-24, nan 
22.875, 75.375, 3.491569797166864e-24, nan 
23.125, 75.375, 1.7322074354793404e-24, nan 
23.375, 75.375, 2.172463089188664e-24, nan 
23.625, 75.375, 1.887325157921059e-24, nan 
23.875, 75.375, 1.367963666508136e-24, nan 
24.125, 75.375, 3.0687895303086237e-24, nan 
24.375, 75.375, 7.384654488223407e-25, nan 
24.625, 75.375, 1.6277589748983304e-24, nan 
24.875, 75.375, 3.425911176494414e-24, nan 
25.125, 75.375, 2.288725570376746e-24, nan 
25.375, 75.375, 3.31649202135144e-24, nan 
25.625, 75.375, 6.025136092195033e-24, nan 
25.875, 75.375, 7.812978945629713e-24, nan 
26.125, 75.375, 6.483900236386125e-24, nan 
26.375, 75.375, 7.040559364667082e-24, nan 
26.625, 75.375, 1.062534650771066e-23, nan 
26.875, 75.375, 7.704943550979407e-24, nan 
27.125, 75.375, 3.578187041332219e-24, nan 
27.375, 75.375, 5.679280151121533e-24, nan 
27.625, 75.375, 4.094992102641292e-24, nan 
27.875, 75.375, 3.60538528266611e-24, nan 
28.125, 75.375, 5.095644120568349e-24, nan 
28.375, 75.375, 4.3915773939794546e-24, nan 
28.625, 75.375, 6.031473900930373e-24, nan 
28.875, 75.375, 5.073852217313018e-24, nan 
29.125, 75.375, 6.312683567909199e-24, nan 
29.375, 75.375, 7.694571501143392e-24, nan 
29.625, 75.375, 1.2311087099786475e-23, nan 
29.875, 75.375, 7.9620377352985e-24, nan 
30.125, 75.375, 1.4948799559273678e-23, nan 
30.375, 75.375, 2.5352412553065724e-23, nan 
30.625, 75.375, 7.8631285845042e-24, nan 
30.875, 75.375, 8.51552007929435e-24, nan 
31.125, 75.375, 1.5524143812371358e-23, nan 
31.375, 75.375, 6.366925899947819e-24, nan 
31.625, 75.375, 3.2713031291249305e-24, nan 
31.875, 75.375, 1.99034075833571e-24, nan 
32.125, 75.375, 4.1535177840809196e-24, nan 
32.375, 75.375, 3.422052874368092e-24, nan 
32.625, 75.375, 1.3505931378711137e-24, nan 
32.875, 75.375, 4.240733716403749e-24, nan 
33.125, 75.375, 1.1061807723407952e-24, nan 
33.375, 75.375, 2.5955623350709784e-24, nan 
33.625, 75.375, 8.37252877300212e-24, nan 
33.875, 75.375, 8.419074665028748e-24, nan 
34.125, 75.375, 8.321503082846033e-24, nan 
34.375, 75.375, 9.875990485509868e-24, nan 
34.625, 75.375, 1.0394149254013657e-23, nan 
34.875, 75.375, 9.673029943591645e-24, nan 
35.125, 75.375, 2.0696246161042388e-24, nan 
35.375, 75.375, 4.214439929451288e-24, nan 
35.625, 75.375, 6.2806904776287645e-24, nan 
35.875, 75.375, 9.479234181740063e-24, nan 
36.125, 75.375, 8.66165655363043e-24, nan 
36.375, 75.375, 9.828577480768358e-24, nan 
36.625, 75.375, 1.2284822204414966e-23, nan 
36.875, 75.375, 9.117788719022684e-24, nan 
37.125, 75.375, 8.84947664756646e-24, nan 
37.375, 75.375, 6.370045018695349e-24, nan 
37.625, 75.375, 7.07707915348405e-24, nan 
37.875, 75.375, 3.756938242089171e-24, nan 
38.125, 75.375, 3.2976307687820146e-24, nan 
38.375, 75.375, 3.6772373523736135e-24, nan 
38.625, 75.375, 2.0760098600682063e-24, nan 
38.875, 75.375, 2.7435511775555692e-24, nan 
39.125, 75.375, 2.6615349831832725e-24, nan 
39.375, 75.375, 2.301386997459797e-24, nan 
39.625, 75.375, 5.411624016030839e-24, nan 
39.875, 75.375, 7.437130205106894e-24, nan 
40.125, 75.375, 8.87158711827027e-24, nan 
40.375, 75.375, 4.776779539714911e-24, nan 
40.625, 75.375, 8.765437396371636e-24, nan 
40.875, 75.375, 1.1975296063801478e-23, nan 
41.125, 75.375, 4.366704149593773e-24, nan 
41.375, 75.375, 3.929994141762249e-24, nan 
41.625, 75.375, 5.3043832962598704e-24, nan 
41.875, 75.375, 4.305295501784328e-24, nan 
42.125, 75.375, 7.636115180493993e-24, nan 
42.375, 75.375, 9.134297654453781e-24, nan 
42.625, 75.375, 5.874269481448042e-24, nan 
42.875, 75.375, 8.027442021062406e-24, nan 
43.125, 75.375, 8.109059506781926e-24, nan 
43.375, 75.375, 9.128221567848447e-24, nan 
43.625, 75.375, 6.851555203362089e-24, nan 
43.875, 75.375, 7.067170159427163e-24, nan 
44.125, 75.375, 4.024403221750388e-24, nan 
44.375, 75.375, 1.2255727977596548e-23, nan 
44.625, 75.375, 1.360739184338688e-23, nan 
44.875, 75.375, 4.800001550709524e-24, nan 
45.125, 75.375, 9.893927602688217e-24, nan 
45.375, 75.375, 8.487799972854496e-24, nan 
45.625, 75.375, 8.973708022891179e-24, nan 
45.875, 75.375, 7.843106033610954e-24, nan 
46.125, 75.375, 8.154959951613159e-24, nan 
46.375, 75.375, 8.932459943421629e-24, nan 
46.625, 75.375, 9.040111008528022e-24, nan 
46.875, 75.375, 9.437877067791645e-24, nan 
47.125, 75.375, 6.911760678964786e-24, nan 
47.375, 75.375, 7.958607200294606e-24, nan 
47.625, 75.375, 4.978358390156088e-24, nan 
47.875, 75.375, 5.2231500722269934e-24, nan 
48.125, 75.375, 5.819839742394759e-24, nan 
48.375, 75.375, 6.594137605567552e-24, nan 
48.625, 75.375, 6.5840057882025536e-24, nan 
48.875, 75.375, 5.742467788003097e-24, nan 
49.125, 75.375, 7.859309537062608e-24, nan 
49.375, 75.375, 8.479358667537543e-24, nan 
49.625, 75.375, 1.1221063290210543e-23, nan 
49.875, 75.375, 7.810241354941044e-24, nan 
50.125, 75.375, 6.5099674388321825e-24, nan 
50.375, 75.375, 1.7438585137930504e-23, nan 
50.625, 75.375, 4.969731321101074e-24, nan 
50.875, 75.375, 5.1559286848818856e-24, nan 
51.125, 75.375, 1.7958426557798256e-23, nan 
51.375, 75.375, 3.5703410211445114e-24, nan 
51.625, 75.375, 8.192877443707223e-24, nan 
51.875, 75.375, 8.792633547989651e-24, nan 
52.125, 75.375, 1.3432920530734933e-23, nan 
52.375, 75.375, 1.515005728386138e-23, nan 
52.625, 75.375, 1.992567781991653e-23, nan 
52.875, 75.375, 1.7378471939440326e-23, nan 
53.125, 75.375, 1.8581181092686048e-23, nan 
53.375, 75.375, 2.2255134129201297e-23, nan 
53.625, 75.375, 2.838722684459825e-23, nan 
53.875, 75.375, 3.055751806244333e-23, nan 
54.125, 75.375, 1.7910139209274344e-23, nan 
54.375, 75.375, 2.88019245417815e-23, nan 
54.625, 75.375, 2.809209835113234e-23, nan 
54.875, 75.375, 1.1292771505329898e-23, nan 
55.125, 75.375, 1.261703762627896e-23, nan 
55.375, 75.375, 1.1606820194674529e-23, nan 
55.625, 75.375, 1.5336850476511858e-23, nan 
55.875, 75.375, 2.1800328969884644e-23, nan 
56.125, 75.375, 5.402491710215888e-23, nan 
56.375, 75.375, 7.410643581997308e-23, nan 
56.625, 75.375, 6.960984260281673e-23, nan 
56.875, 75.375, 6.460323820872759e-23, nan 
57.125, 75.375, 8.94813119936216e-23, nan 
57.375, 75.375, 7.841536666704421e-23, nan 
57.625, 75.375, 3.245342684913819e-23, nan 
57.875, 75.375, 5.0085703526587496e-23, nan 
58.125, 75.375, 4.447935668009077e-23, nan 
58.375, 75.375, 3.165249274368979e-23, nan 
58.625, 75.375, 1.6456840644972292e-23, nan 
58.875, 75.375, 1.779044625939267e-23, nan 
59.125, 75.375, 1.9226464887987992e-23, nan 
59.375, 75.375, 2.350258702062825e-23, nan 
59.625, 75.375, 1.8884745299882538e-23, nan 
59.875, 75.375, 3.066408583094518e-23, nan 
60.125, 75.375, 2.2979021259865557e-23, nan 
60.375, 75.375, 1.5212370159179028e-23, nan 
60.625, 75.375, 2.041038086623401e-23, nan 
60.875, 75.375, 1.4487866595987056e-23, nan 
61.125, 75.375, 1.598855948129274e-23, nan 
61.375, 75.375, 2.4984082812159723e-23, nan 
61.625, 75.375, 3.3343582615694274e-23, nan 
61.875, 75.375, 7.995436054325717e-23, nan 
62.125, 75.375, 1.1606520144837572e-22, nan 
62.375, 75.375, 1.202517602508494e-22, nan 
62.625, 75.375, 9.660161722956219e-23, nan 
62.875, 75.375, 1.3478183494109933e-22, nan 
63.125, 75.375, 1.4597771816989158e-22, nan 
63.375, 75.375, 8.18993511583968e-23, nan 
63.625, 75.375, 7.52391048018883e-23, nan 
63.875, 75.375, 8.290569586433898e-23, nan 
64.125, 75.375, 6.953206103142995e-23, nan 
64.375, 75.375, 1.3820359134524597e-22, nan 
64.625, 75.375, 1.084250138339172e-22, nan 
64.875, 75.375, 7.89059939692515e-23, nan 
65.125, 75.375, 2.3040887039202893e-22, nan 
65.375, 75.375, 2.4231209344343106e-22, nan 
65.625, 75.375, 1.662749339954125e-22, nan 
65.875, 75.375, 2.3285446906229395e-22, nan 
66.125, 75.375, 2.6064660878926377e-22, nan 
66.375, 75.375, 1.7904383155568568e-22, nan 
66.625, 75.375, 1.4910860261715082e-22, nan 
66.875, 75.375, 1.1041355037167584e-22, nan 
67.125, 75.375, 1.0585081301028384e-22, nan 
67.375, 75.375, 5.0451999527777825e-23, nan 
67.625, 75.375, 2.139228655709096e-23, nan 
67.875, 75.375, 3.57055070453463e-23, nan 
68.125, 75.375, 8.507867492559273e-23, nan 
68.375, 75.375, 8.24782618900188e-23, nan 
68.625, 75.375, 7.402100050663651e-23, nan 
68.875, 75.375, 7.454975231705915e-23, nan 
69.125, 75.375, 7.058640705696165e-23, nan 
69.375, 75.375, 7.611431449961376e-23, nan 
69.625, 75.375, 5.1491399819172256e-23, nan 
69.875, 75.375, 4.6279113181100847e-23, nan 
70.125, 75.375, 2.3359694723092082e-23, nan 
70.375, 75.375, 4.515765836923057e-23, nan 
70.625, 75.375, 1.0562946323812742e-22, nan 
70.875, 75.375, 7.85956356110253e-23, nan 
71.125, 75.375, 7.136362275227079e-23, nan 
71.375, 75.375, 1.37612186801941e-22, nan 
71.625, 75.375, 1.792279184240291e-22, nan 
71.875, 75.375, 2.949118578445986e-22, nan 
72.125, 75.375, 3.1512540863792615e-22, nan 
72.375, 75.375, 3.1852209900033427e-22, nan 
72.625, 75.375, 3.57758081333563e-22, nan 
72.875, 75.375, 3.5319286474662437e-22, nan 
73.125, 75.375, 3.3710309503004895e-22, nan 
73.375, 75.375, 3.3757392362298176e-22, nan 
73.625, 75.375, 1.2197222524048021e-22, nan 
73.875, 75.375, 1.1856559053191578e-22, nan 
74.125, 75.375, 1.4399767671987968e-22, nan 
74.375, 75.375, 1.5018966856749808e-22, nan 
74.625, 75.375, 8.647033269200526e-23, nan 
74.875, 75.375, 8.119245511858983e-23, nan 
75.125, 75.375, 2.209719876820069e-22, nan 
75.375, 75.375, 2.513667076804237e-22, nan 
75.625, 75.375, 2.6468457793951227e-22, nan 
75.875, 75.375, 3.0626568705408126e-22, nan 
76.125, 75.375, 3.119383024977263e-22, nan 
76.375, 75.375, 3.167496577838917e-22, nan 
76.625, 75.375, 3.740269217450094e-22, nan 
76.875, 75.375, 4.96290226125295e-22, nan 
77.125, 75.375, 6.443838303253129e-22, nan 
77.375, 75.375, 5.586189301445442e-22, nan 
77.625, 75.375, 7.731275930720434e-22, nan 
77.875, 75.375, 7.138887485834667e-22, nan 
78.125, 75.375, 7.205475805583192e-22, nan 
78.375, 75.375, 9.7284753362656e-22, nan 
78.625, 75.375, 7.288422024365072e-22, nan 
78.875, 75.375, 7.271239146388561e-22, nan 
79.125, 75.375, 6.887194544322149e-22, nan 
79.375, 75.375, 8.655127535181149e-22, nan 
79.625, 75.375, 8.34818583906465e-22, nan 
79.875, 75.375, 6.153890266410935e-22, nan 
80.125, 75.375, 4.634482666844771e-22, nan 
80.375, 75.375, 3.822045227189077e-22, nan 
80.625, 75.375, 4.757618034060948e-22, nan 
80.875, 75.375, 6.987283652296022e-22, nan 
81.125, 75.375, 7.323328692001147e-22, nan 
81.375, 75.375, 1.2689584422973994e-21, nan 
81.625, 75.375, 1.913650905533031e-21, nan 
81.875, 75.375, 1.538178518566825e-21, nan 
82.125, 75.375, 2.5066653934497626e-21, nan 
82.375, 75.375, 3.425069169448397e-21, nan 
82.625, 75.375, 3.0410849410972274e-21, nan 
82.875, 75.375, 3.7242082927910804e-21, nan 
83.125, 75.375, 1.9280054952500063e-21, nan 
83.375, 75.375, 1.898307856869634e-21, nan 
83.625, 75.375, 2.625151175150232e-21, nan 
83.875, 75.375, 1.7936536376643638e-21, nan 
84.125, 75.375, 1.1122175342581758e-21, nan 
84.375, 75.375, 1.3824023921583557e-21, nan 
84.625, 75.375, 1.1806161076368668e-21, nan 
84.875, 75.375, 8.78390536000617e-22, nan 
85.125, 75.375, 9.625548847110586e-22, nan 
85.375, 75.375, 9.444319341939278e-22, nan 
85.625, 75.375, 1.10932715900138e-21, nan 
85.875, 75.375, 9.033393053476218e-22, nan 
86.125, 75.375, 1.1197643189163127e-21, nan 
86.375, 75.375, 1.4390511324123847e-21, nan 
86.625, 75.375, 1.933630908264618e-21, nan 
86.875, 75.375, 1.9188913914483788e-21, nan 
87.125, 75.375, 2.4885477405719358e-21, nan 
87.375, 75.375, 2.405146374547892e-21, nan 
87.625, 75.375, 3.811085109249487e-21, nan 
87.875, 75.375, 2.716504473094018e-21, nan 
88.125, 75.375, 2.0197190676463423e-21, nan 
88.375, 75.375, 6.702222233797973e-21, nan 
88.625, 75.375, 5.543185547969112e-21, nan 
88.875, 75.375, 6.180115816896368e-21, nan 
89.125, 75.375, 8.60331653677523e-21, nan 
89.375, 75.375, 6.802483429815302e-21, nan 
89.625, 75.375, 7.758268827092464e-21, nan 
89.875, 75.375, 2.0803919827402716e-21, nan 
90.125, 75.375, 3.948211494721885e-21, nan 
90.375, 75.375, 3.681349522739641e-21, nan 
90.625, 75.375, 1.322263011432191e-21, nan 
90.875, 75.375, 7.04666124043088e-21, nan 
91.125, 75.375, 1.4981439913493371e-21, nan 
91.375, 75.375, 1.04789752251725e-21, nan 
91.625, 75.375, 4.0927897397965105e-21, nan 
91.875, 75.375, 2.3019440290532593e-21, nan 
92.125, 75.375, 2.558521921796998e-21, nan 
92.375, 75.375, 4.293517912797728e-21, nan 
92.625, 75.375, 5.626648189624609e-21, nan 
92.875, 75.375, 8.02556540441422e-21, nan 
93.125, 75.375, 7.843264271889956e-21, nan 
93.375, 75.375, 1.2418085018316863e-20, nan 
93.625, 75.375, 1.5230182495930435e-20, nan 
93.875, 75.375, 7.83614073937935e-21, nan 
94.125, 75.375, 9.775398147317361e-21, nan 
94.375, 75.375, 1.5446950986622868e-20, nan 
94.625, 75.375, 1.79470194800717e-20, nan 
94.875, 75.375, 1.5273840928838984e-20, nan 
95.125, 75.375, 2.6515660093859168e-20, nan 
95.375, 75.375, 3.0110160660109516e-20, nan 
95.625, 75.375, 2.4872348033366098e-20, nan 
95.875, 75.375, 2.554614205075404e-20, nan 
96.125, 75.375, 2.905767087421747e-20, nan 
96.375, 75.375, 2.4278049595792407e-20, nan 
96.625, 75.375, 2.3345577640351538e-20, nan 
96.875, 75.375, 2.2101108904252364e-20, nan 
97.125, 75.375, 1.6787756350828118e-20, nan 
97.375, 75.375, 2.007598936534518e-20, nan 
97.625, 75.375, 1.3741252532731877e-20, nan 
97.875, 75.375, 1.6091742912075706e-20, nan 
98.125, 75.375, 1.868624720886934e-20, nan 
98.375, 75.375, 1.3471891653696527e-20, nan 
98.625, 75.375, 1.1606881109235385e-20, nan 
98.875, 75.375, 1.0433494486219754e-20, nan 
99.125, 75.375, 1.293656706368013e-20, nan 
99.375, 75.375, 1.0441963848082526e-20, nan 
99.625, 75.375, 1.4404256262038197e-20, nan 
99.875, 75.375, 2.447024745074998e-20, nan 
100.125, 75.375, 2.0413087385807928e-20, nan 
100.375, 75.375, 1.8268559982255665e-20, nan 
100.625, 75.375, 2.5417735925408107e-20, nan 
100.875, 75.375, 2.7898924510364135e-20, nan 
101.125, 75.375, 3.7108211087784374e-20, nan 
101.375, 75.375, 6.055201467604364e-20, nan 
101.625, 75.375, 4.6287684652888116e-20, nan 
101.875, 75.375, 5.947948010454944e-20, nan 
102.125, 75.375, 8.86197832612287e-20, nan 
102.375, 75.375, 6.578470119815567e-20, nan 
102.625, 75.375, 8.983614634798889e-20, nan 
102.875, 75.375, 5.04413580795302e-20, nan 
103.125, 75.375, 3.6892628594457196e-20, nan 
103.375, 75.375, 2.5091431608918626e-20, nan 
103.625, 75.375, 3.512558810904084e-20, nan 
103.875, 75.375, 3.8519881520010903e-20, nan 
104.125, 75.375, 5.43956634728481e-20, nan 
104.375, 75.375, 5.146474225563059e-20, nan 
104.625, 75.375, 3.50455268851978e-20, nan 
104.875, 75.375, 7.662771002043144e-20, nan 
105.125, 75.375, 8.141477906116254e-20, nan 
105.375, 75.375, 3.643346182399891e-20, nan 
105.625, 75.375, 5.583568478110582e-20, nan 
105.875, 75.375, 4.838005168633986e-20, nan 
106.125, 75.375, 4.2886406958982186e-20, nan 
106.375, 75.375, 7.809312971965429e-20, nan 
106.625, 75.375, 7.329113484331398e-20, nan 
106.875, 75.375, 8.812381510265989e-20, nan 
107.125, 75.375, 8.63098682607111e-20, nan 
107.375, 75.375, 9.110417036152783e-20, nan 
107.625, 75.375, 6.135337764770531e-20, nan 
107.875, 75.375, 1.4116178519460865e-19, nan 
108.125, 75.375, 8.83010272397034e-20, nan 
108.375, 75.375, 1.1552325764761057e-19, nan 
108.625, 75.375, 1.9155302131133893e-19, nan 
108.875, 75.375, 1.9923863151630593e-19, nan 
109.125, 75.375, 2.8158057471692014e-19, nan 
109.375, 75.375, 2.567223922609058e-19, nan 
109.625, 75.375, 2.538035326567957e-19, nan 
109.875, 75.375, 1.5060648019680966e-19, nan 
110.125, 75.375, 2.2832380762369864e-19, nan 
110.375, 75.375, 3.034129342253842e-19, nan 
110.625, 75.375, 2.3763695731985552e-19, nan 
110.875, 75.375, 2.1032121743857168e-19, nan 
111.125, 75.375, 2.392256404259273e-19, nan 
111.375, 75.375, 2.577183245081872e-19, nan 
111.625, 75.375, 1.7594618043589058e-19, nan 
111.875, 75.375, 1.4347543384159428e-19, nan 
112.125, 75.375, 1.0367392574134876e-19, nan 
112.375, 75.375, 8.45949024447272e-20, nan 
112.625, 75.375, 1.6542179763868173e-19, nan 
112.875, 75.375, 9.736736068877579e-20, nan 
113.125, 75.375, 8.657993040853024e-20, nan 
113.375, 75.375, 1.2379449976407344e-19, nan 
113.625, 75.375, 3.834977910479628e-20, nan 
113.875, 75.375, 9.777068568621923e-20, nan 
114.125, 75.375, 8.483071858608971e-20, nan 
114.375, 75.375, 7.785497096662537e-20, nan 
114.625, 75.375, 1.4615799893407446e-19, nan 
114.875, 75.375, 2.083190368596217e-19, nan 
115.125, 75.375, 2.3687160704233704e-19, nan 
115.375, 75.375, 1.360896362016413e-19, nan 
115.625, 75.375, 1.9711156614734027e-19, nan 
115.875, 75.375, 2.0697856062046046e-19, nan 
116.125, 75.375, 1.3086388216847043e-19, nan 
116.375, 75.375, 9.561761063148885e-20, nan 
116.625, 75.375, 1.6611407175509626e-19, nan 
116.875, 75.375, 1.631567849235585e-19, nan 
117.125, 75.375, 4.356940883042661e-20, nan 
117.375, 75.375, 6.724652855144822e-20, nan 
117.625, 75.375, 7.801088506196148e-20, nan 
117.875, 75.375, 1.432339464812852e-20, nan 
118.125, 75.375, 8.990948980658688e-20, nan 
118.375, 75.375, 1.0089539229238962e-19, nan 
118.625, 75.375, 2.470255734566569e-19, nan 
118.875, 75.375, 2.0052796999901746e-19, nan 
119.125, 75.375, 1.7071822056777894e-19, nan 
119.375, 75.375, 2.4649667362497064e-19, nan 
119.625, 75.375, 3.2362812844628533e-19, nan 
119.875, 75.375, 2.8850388210256114e-19, nan 
120.125, 75.375, 3.253154880210848e-19, nan 
120.375, 75.375, 2.3656029353515254e-19, nan 
120.625, 75.375, 1.7790185353181959e-19, nan 
120.875, 75.375, 1.8405996108389743e-19, nan 
121.125, 75.375, 1.4454444049698584e-19, nan 
121.375, 75.375, 1.4113824533566571e-19, nan 
121.625, 75.375, 1.4243595953922752e-19, nan 
121.875, 75.375, 1.0052274902971923e-19, nan 
122.125, 75.375, 9.180459692213942e-20, nan 
122.375, 75.375, 9.034533230618999e-20, nan 
122.625, 75.375, 5.202588806566443e-20, nan 
122.875, 75.375, 4.191976695896838e-20, nan 
123.125, 75.375, 3.6317522332783134e-20, nan 
123.375, 75.375, 3.7078530173491804e-20, nan 
123.625, 75.375, 3.4197022841749485e-20, nan 
123.875, 75.375, 3.604058185716848e-20, nan 
124.125, 75.375, 3.5061515106308224e-20, nan 
124.375, 75.375, 3.7559347443978846e-20, nan 
124.625, 75.375, 3.4572509848025005e-20, nan 
124.875, 75.375, 4.3098800069710415e-20, nan 
125.125, 75.375, 2.96385914634595e-20, nan 
125.375, 75.375, 2.2698732591101273e-20, nan 
125.625, 75.375, 3.152997117089528e-20, nan 
125.875, 75.375, 2.7072295520362282e-20, nan 
126.125, 75.375, 2.5926983103673485e-20, nan 
126.375, 75.375, 1.947999507971025e-20, nan 
126.625, 75.375, 4.007953140455656e-20, nan 
126.875, 75.375, 4.0856351157695924e-20, nan 
127.125, 75.375, 2.1968426846590068e-20, nan 
127.375, 75.375, 3.707578208154309e-20, nan 
127.625, 75.375, 3.1556581672030796e-20, nan 
127.875, 75.375, 2.6875719232451235e-20, nan 
128.125, 75.375, 1.730195891582073e-20, nan 
128.375, 75.375, 1.9256930437686442e-20, nan 
128.625, 75.375, 3.288944312102003e-20, nan 
128.875, 75.375, 1.834807126779543e-20, nan 
129.125, 75.375, 1.3875517414016278e-20, nan 
129.375, 75.375, 2.6185528593268864e-20, nan 
129.625, 75.375, 2.894645510671372e-20, nan 
129.875, 75.375, 2.2349099764865386e-20, nan 
130.125, 75.375, 1.1435318105375498e-20, nan 
130.375, 75.375, 1.0877958326364557e-20, nan 
130.625, 75.375, 6.883931988498112e-21, nan 
130.875, 75.375, 5.849516925370738e-21, nan 
131.125, 75.375, 8.572034257498894e-21, nan 
131.375, 75.375, 6.330704232431487e-21, nan 
131.625, 75.375, 1.703817021896163e-20, nan 
131.875, 75.375, 1.8692247521720256e-20, nan 
132.125, 75.375, 1.7870023740594403e-20, nan 
132.375, 75.375, 1.6094231704248626e-20, nan 
132.625, 75.375, 1.699628352151766e-20, nan 
132.875, 75.375, 1.4400627884696123e-20, nan 
133.125, 75.375, 9.931063054608966e-21, nan 
133.375, 75.375, 7.05521833706389e-21, nan 
133.625, 75.375, 5.676607459493895e-21, nan 
133.875, 75.375, 4.675519681446277e-21, nan 
134.125, 75.375, 4.620871906391477e-21, nan 
134.375, 75.375, 4.62036656639639e-21, nan 
134.625, 75.375, 4.2911100723890604e-21, nan 
134.875, 75.375, 2.816782539351714e-21, nan 
135.125, 75.375, 3.711545302798761e-21, nan 
135.375, 75.375, 4.035409966962352e-21, nan 
135.625, 75.375, 3.0181445714404198e-21, nan 
135.875, 75.375, 3.5334769857923334e-21, nan 
136.125, 75.375, 2.9597737408002614e-21, nan 
136.375, 75.375, 2.1722837014918656e-21, nan 
136.625, 75.375, 2.377427051665544e-21, nan 
136.875, 75.375, 2.666639025377014e-21, nan 
137.125, 75.375, 3.183235940414818e-21, nan 
137.375, 75.375, 2.628638699058454e-21, nan 
137.625, 75.375, 2.0368581599315264e-21, nan 
137.875, 75.375, 2.4341754021586015e-21, nan 
138.125, 75.375, 8.620224039250903e-22, nan 
138.375, 75.375, 1.3060009411064856e-21, nan 
138.625, 75.375, 1.8952028576546525e-21, nan 
138.875, 75.375, 1.0705241880644835e-21, nan 
139.125, 75.375, 1.4403830654990901e-21, nan 
139.375, 75.375, 6.532895889935875e-22, nan 
139.625, 75.375, 5.885885969747028e-22, nan 
139.875, 75.375, 1.263421424159261e-21, nan 
140.125, 75.375, 1.4353484912747212e-21, nan 
140.375, 75.375, 1.345695901180564e-21, nan 
140.625, 75.375, 1.9610712698586415e-21, nan 
140.875, 75.375, 2.091799614339013e-21, nan 
141.125, 75.375, 1.4449896035266354e-21, nan 
141.375, 75.375, 1.7876633460061512e-21, nan 
141.625, 75.375, 1.9211333095887365e-21, nan 
141.875, 75.375, 1.7426760027145523e-21, nan 
142.125, 75.375, 1.389353235320781e-21, nan 
142.375, 75.375, 8.456691866642444e-22, nan 
142.625, 75.375, 1.0971002726430313e-21, nan 
142.875, 75.375, 9.433285306140319e-22, nan 
143.125, 75.375, 6.564323601262705e-22, nan 
143.375, 75.375, 2.247450110091353e-22, nan 
143.625, 75.375, 3.365048268112942e-22, nan 
143.875, 75.375, 2.8341923718268503e-22, nan 
144.125, 75.375, 1.978829297252735e-22, nan 
144.375, 75.375, 2.0872480305358457e-22, nan 
144.625, 75.375, 2.2997496371386047e-22, nan 
144.875, 75.375, 5.248064276649716e-22, nan 
145.125, 75.375, 9.738030739039855e-22, nan 
145.375, 75.375, 9.894612789941846e-22, nan 
145.625, 75.375, 7.479865652248348e-22, nan 
145.875, 75.375, 8.810490163105473e-22, nan 
146.125, 75.375, 8.561809035775623e-22, nan 
146.375, 75.375, 5.728673421667816e-22, nan 
146.625, 75.375, 2.404776398271382e-22, nan 
146.875, 75.375, 2.0704936673765792e-22, nan 
147.125, 75.375, 2.0541823583162521e-22, nan 
147.375, 75.375, 3.55472808496695e-22, nan 
147.625, 75.375, 4.84289486533866e-22, nan 
147.875, 75.375, 3.1892023113346947e-22, nan 
148.125, 75.375, 3.515987220447779e-22, nan 
148.375, 75.375, 4.899539397548855e-22, nan 
148.625, 75.375, 3.2921042510327147e-22, nan 
148.875, 75.375, 2.614287619137719e-22, nan 
149.125, 75.375, 7.525217862062164e-22, nan 
149.375, 75.375, 5.505785558328381e-22, nan 
149.625, 75.375, 1.9626332368820235e-22, nan 
149.875, 75.375, 5.066812736862277e-22, nan 
150.125, 75.375, 4.0044943396434626e-22, nan 
150.375, 75.375, 1.8672301556655412e-22, nan 
150.625, 75.375, 7.591814073443885e-23, nan 
150.875, 75.375, 5.396497792541584e-23, nan 
151.125, 75.375, 1.4938005097222242e-22, nan 
151.375, 75.375, 1.1546844096811274e-22, nan 
151.625, 75.375, 3.3595270521027014e-23, nan 
151.875, 75.375, 1.366834838402909e-22, nan 
152.125, 75.375, 8.295018084904661e-23, nan 
152.375, 75.375, 1.1250792766390694e-22, nan 
152.625, 75.375, 1.3124965872887228e-22, nan 
152.875, 75.375, 7.196016523083997e-23, nan 
153.125, 75.375, 1.2740432429133676e-22, nan 
153.375, 75.375, 1.6544396978175107e-22, nan 
153.625, 75.375, 1.5736137776098333e-22, nan 
153.875, 75.375, 1.6155721368659256e-22, nan 
154.125, 75.375, 1.7464779239787189e-22, nan 
154.375, 75.375, 1.9200258888618328e-22, nan 
154.625, 75.375, 2.238089306066845e-22, nan 
154.875, 75.375, 1.8607162149768863e-22, nan 
155.125, 75.375, 1.3506348334627795e-22, nan 
155.375, 75.375, 1.7951312592956555e-22, nan 
155.625, 75.375, 1.5266547532516095e-22, nan 
155.875, 75.375, 9.314955880642818e-23, nan 
156.125, 75.375, 1.79934123806908e-22, nan 
156.375, 75.375, 2.894393373604221e-22, nan 
156.625, 75.375, 2.1393395788447886e-22, nan 
156.875, 75.375, 1.606737530158956e-22, nan 
157.125, 75.375, 2.851378272302617e-22, nan 
157.375, 75.375, 1.9377949801291514e-22, nan 
157.625, 75.375, 7.544752269585055e-23, nan 
157.875, 75.375, 2.0488599763571557e-22, nan 
158.125, 75.375, 2.2522863425679964e-22, nan 
158.375, 75.375, 1.5547078478915496e-22, nan 
158.625, 75.375, 2.0418008689146975e-22, nan 
158.875, 75.375, 2.5185012884462126e-22, nan 
159.125, 75.375, 2.286366347329678e-22, nan 
159.375, 75.375, 2.3491687719110662e-22, nan 
159.625, 75.375, 1.624510381736628e-22, nan 
159.875, 75.375, 1.0737226998892517e-22, nan 
160.125, 75.375, 1.0220700814624202e-22, nan 
160.375, 75.375, 7.105025143129663e-23, nan 
160.625, 75.375, 1.3148666861522933e-22, nan 
160.875, 75.375, 1.9088991900193745e-22, nan 
161.125, 75.375, 1.2375157586939105e-22, nan 
161.375, 75.375, 1.3704950520485592e-22, nan 
161.625, 75.375, 1.769904876856547e-22, nan 
161.875, 75.375, 1.3307373954919912e-22, nan 
162.125, 75.375, 8.055711731874782e-23, nan 
162.375, 75.375, 7.104105171047097e-23, nan 
162.625, 75.375, 8.488171349352586e-23, nan 
162.875, 75.375, 5.330667498207504e-23, nan 
163.125, 75.375, 2.8759066934769024e-23, nan 
163.375, 75.375, 1.0027573969499016e-22, nan 
163.625, 75.375, 1.3309294646489043e-22, nan 
163.875, 75.375, 1.447026637966775e-22, nan 
164.125, 75.375, 1.3023553249449063e-22, nan 
164.375, 75.375, 1.6829681963118654e-22, nan 
164.625, 75.375, 1.7324885140787278e-22, nan 
164.875, 75.375, 1.6731830190442439e-22, nan 
165.125, 75.375, 1.1432234723675041e-22, nan 
165.375, 75.375, 1.2270288835448748e-22, nan 
165.625, 75.375, 1.0828552851917282e-22, nan 
165.875, 75.375, 1.142588038835491e-22, nan 
166.125, 75.375, 1.4748264455438432e-22, nan 
166.375, 75.375, 1.8008269867969813e-22, nan 
166.625, 75.375, 1.7426727553941652e-22, nan 
166.875, 75.375, 1.3057841826565318e-22, nan 
167.125, 75.375, 1.6589135604494236e-22, nan 
167.375, 75.375, 1.4569860300552287e-22, nan 
167.625, 75.375, 5.757934122757886e-23, nan 
167.875, 75.375, 3.8969835892571686e-23, nan 
168.125, 75.375, 3.107177629468088e-23, nan 
168.375, 75.375, 2.852321464198376e-23, nan 
168.625, 75.375, 4.621066752738913e-23, nan 
168.875, 75.375, 2.719883162070701e-23, nan 
169.125, 75.375, 1.919315952810798e-23, nan 
169.375, 75.375, 2.2965811384646702e-23, nan 
169.625, 75.375, 1.566666879970309e-23, nan 
169.875, 75.375, 1.9916405135522472e-23, nan 
170.125, 75.375, 2.192279512530591e-23, nan 
170.375, 75.375, 2.3166626768700954e-23, nan 
170.625, 75.375, 2.1895254609475014e-23, nan 
170.875, 75.375, 1.9262753890204493e-23, nan 
171.125, 75.375, 2.3364261232564053e-23, nan 
171.375, 75.375, 1.892616891780703e-23, nan 
171.625, 75.375, 2.9012473772822894e-23, nan 
171.875, 75.375, 2.8623128262186846e-23, nan 
172.125, 75.375, 1.3593860480765503e-23, nan 
172.375, 75.375, 2.0796184453255917e-23, nan 
172.625, 75.375, 2.5257256446480374e-23, nan 
172.875, 75.375, 2.3229287216880983e-23, nan 
173.125, 75.375, 3.7086226825477213e-23, nan 
173.375, 75.375, 2.5961123378393992e-23, nan 
173.625, 75.375, 2.5402835510101666e-23, nan 
173.875, 75.375, 1.7769282300131743e-23, nan 
174.125, 75.375, 1.3977255891839542e-23, nan 
174.375, 75.375, 2.4065453785030418e-23, nan 
174.625, 75.375, 2.880153218914166e-23, nan 
174.875, 75.375, 4.443956892407343e-23, nan 
175.125, 75.375, 5.17063820886e-23, nan 
175.375, 75.375, 3.4527911960844776e-23, nan 
175.625, 75.375, 4.2003292223149085e-23, nan 
175.875, 75.375, 4.7623279728082407e-23, nan 
176.125, 75.375, 1.505638018724822e-23, nan 
176.375, 75.375, 2.1046101401213005e-23, nan 
176.625, 75.375, 2.4643596809045088e-23, nan 
176.875, 75.375, 7.844023377913436e-24, nan 
177.125, 75.375, 1.036170958055715e-23, nan 
177.375, 75.375, 1.401304707404283e-23, nan 
177.625, 75.375, 1.04877780514549e-23, nan 
177.875, 75.375, 7.0792049861831e-24, nan 
178.125, 75.375, 3.59892785460637e-23, nan 
178.375, 75.375, 2.1167377294164068e-23, nan 
178.625, 75.375, 2.4568231015872166e-23, nan 
178.875, 75.375, 3.209648284915588e-23, nan 
179.125, 75.375, 2.4469359251360894e-23, nan 
179.375, 75.375, 2.2856302737162277e-23, nan 
179.625, 75.375, 1.9266379155454448e-23, nan 
179.875, 75.375, 2.4742169650818386e-23, nan 
-179.875, 75.625, 1.9496647589611824e-23, nan 
-179.625, 75.625, 3.187764145264763e-23, nan 
-179.375, 75.625, 2.4241160131570412e-23, nan 
-179.125, 75.625, 3.750860918233093e-23, nan 
-178.875, 75.625, 4.204504074910951e-23, nan 
-178.625, 75.625, 3.924427491430112e-23, nan 
-178.375, 75.625, 3.667716945876106e-23, nan 
-178.125, 75.625, 3.640866224668095e-23, nan 
-177.875, 75.625, 2.707944294620977e-23, nan 
-177.625, 75.625, 2.2960018666543525e-23, nan 
-177.375, 75.625, 1.7274539103572374e-23, nan 
-177.125, 75.625, 2.5391469492927562e-23, nan 
-176.875, 75.625, 2.436946676555659e-23, nan 
-176.625, 75.625, 1.7872227385607447e-23, nan 
-176.375, 75.625, 1.3516738451418172e-23, nan 
-176.125, 75.625, 7.03454533590276e-24, nan 
-175.875, 75.625, 3.649063587184702e-24, nan 
-175.625, 75.625, 7.196334741053658e-24, nan 
-175.375, 75.625, 4.013282232192719e-24, nan 
-175.125, 75.625, 5.4076649458951286e-24, nan 
-174.875, 75.625, 6.2925470614984494e-24, nan 
-174.625, 75.625, 8.298475011238266e-24, nan 
-174.375, 75.625, 4.637282559028586e-24, nan 
-174.125, 75.625, 4.5958174303022874e-24, nan 
-173.875, 75.625, 4.8946979493946496e-24, nan 
-173.625, 75.625, 6.2034604768791175e-24, nan 
-173.375, 75.625, 4.6746523255902125e-24, nan 
-173.125, 75.625, 5.38332254541098e-24, nan 
-172.875, 75.625, 4.808625953251726e-24, nan 
-172.625, 75.625, 4.654126834857875e-24, nan 
-172.375, 75.625, 5.4104086857702495e-24, nan 
-172.125, 75.625, 4.9217117300488695e-24, nan 
-171.875, 75.625, 5.6885327976324465e-24, nan 
-171.625, 75.625, 7.351174770848804e-24, nan 
-171.375, 75.625, 6.89814311450819e-24, nan 
-171.125, 75.625, 7.629625705264321e-24, nan 
-170.875, 75.625, 8.116537037824581e-24, nan 
-170.625, 75.625, 1.1717727432900318e-23, nan 
-170.375, 75.625, 1.6213350950552896e-23, nan 
-170.125, 75.625, 1.8200980432607695e-23, nan 
-169.875, 75.625, 1.7698522394556728e-23, nan 
-169.625, 75.625, 1.5377882141587342e-23, nan 
-169.375, 75.625, 1.5899546049505923e-23, nan 
-169.125, 75.625, 2.0713535717895867e-23, nan 
-168.875, 75.625, 2.2280313361656973e-23, nan 
-168.625, 75.625, 2.7157141589463116e-23, nan 
-168.375, 75.625, 2.975002842312938e-23, nan 
-168.125, 75.625, 3.08561561761763e-23, nan 
-167.875, 75.625, 4.5640717894204695e-23, nan 
-167.625, 75.625, 3.0301558504149584e-23, nan 
-167.375, 75.625, 1.9950182311386555e-23, nan 
-167.125, 75.625, 1.9862798613119716e-23, nan 
-166.875, 75.625, 2.4355948510424323e-23, nan 
-166.625, 75.625, 3.5320899830010006e-23, nan 
-166.375, 75.625, 3.35587204250462e-23, nan 
-166.125, 75.625, 2.825404516064388e-23, nan 
-165.875, 75.625, 2.0463754491056593e-23, nan 
-165.625, 75.625, 2.0220528927079707e-23, nan 
-165.375, 75.625, 2.2457567391085486e-23, nan 
-165.125, 75.625, 1.872830834471638e-23, nan 
-164.875, 75.625, 1.6187271486945124e-23, nan 
-164.625, 75.625, 1.6557830901456858e-23, nan 
-164.375, 75.625, 2.3737561600738e-23, nan 
-164.125, 75.625, 2.655900447339788e-23, nan 
-163.875, 75.625, 1.9907065154373404e-23, nan 
-163.625, 75.625, 1.6633791788990028e-23, nan 
-163.375, 75.625, 1.1197606981505097e-23, nan 
-163.125, 75.625, 6.647553962793448e-24, nan 
-162.875, 75.625, 9.750959948301896e-24, nan 
-162.625, 75.625, 1.3589546267470067e-23, nan 
-162.375, 75.625, 9.81776276408524e-24, nan 
-162.125, 75.625, 6.498399218378789e-24, nan 
-161.875, 75.625, 7.197934498196869e-24, nan 
-161.625, 75.625, 6.495876034027132e-24, nan 
-161.375, 75.625, 9.79061741544771e-24, nan 
-161.125, 75.625, 9.822870029908463e-24, nan 
-160.875, 75.625, 6.658692543698244e-24, nan 
-160.625, 75.625, 5.495753184674837e-24, nan 
-160.375, 75.625, 6.098396581086479e-24, nan 
-160.125, 75.625, 7.380508898348003e-24, nan 
-159.875, 75.625, 9.19804956130387e-24, nan 
-159.625, 75.625, 7.82086048526934e-24, nan 
-159.375, 75.625, 5.920170485591993e-24, nan 
-159.125, 75.625, 6.1047311346966075e-24, nan 
-158.875, 75.625, 7.572715027822596e-24, nan 
-158.625, 75.625, 9.57801887699574e-24, nan 
-158.375, 75.625, 5.984696466891154e-24, nan 
-158.125, 75.625, 8.545458946993785e-24, nan 
-157.875, 75.625, 1.356102322959921e-23, nan 
-157.625, 75.625, 2.1347399559439077e-23, nan 
-157.375, 75.625, 2.4521221344424507e-23, nan 
-157.125, 75.625, 2.6081356499302763e-23, nan 
-156.875, 75.625, 1.735748618454762e-23, nan 
-156.625, 75.625, 1.3450330778469138e-23, nan 
-156.375, 75.625, 2.3772149925866854e-23, nan 
-156.125, 75.625, 2.550252445691235e-23, nan 
-155.875, 75.625, 2.4396181844790023e-23, nan 
-155.625, 75.625, 1.7085660461398344e-23, nan 
-155.375, 75.625, 1.4253075365457585e-23, nan 
-155.125, 75.625, 1.531709400111893e-23, nan 
-154.875, 75.625, 1.752009131698573e-23, nan 
-154.625, 75.625, 1.7216037135495068e-23, nan 
-154.375, 75.625, 1.6713999798366104e-23, nan 
-154.125, 75.625, 1.6794834368634027e-23, nan 
-153.875, 75.625, 1.27096143856413e-23, nan 
-153.625, 75.625, 1.343030085844633e-23, nan 
-153.375, 75.625, 1.0396845952609691e-23, nan 
-153.125, 75.625, 1.3014629119432451e-23, nan 
-152.875, 75.625, 1.1367613763248667e-23, nan 
-152.625, 75.625, 1.0099557110586072e-23, nan 
-152.375, 75.625, 1.0922737789218445e-23, nan 
-152.125, 75.625, 1.101311901299075e-23, nan 
-2.375, 75.625, 1.9780490128040133e-24, nan 
-2.125, 75.625, 1.146486694367879e-24, nan 
-1.875, 75.625, 9.669312379002262e-25, nan 
-1.625, 75.625, 1.0879182471996466e-24, nan 
-1.375, 75.625, 7.084293413207433e-25, nan 
-1.125, 75.625, 7.15000388937236e-25, nan 
-0.875, 75.625, 7.1445697573027455e-25, nan 
-0.625, 75.625, 8.202598609172578e-25, nan 
-0.375, 75.625, 7.635487489478411e-25, nan 
-0.125, 75.625, 7.861636197791921e-25, nan 
0.125, 75.625, 9.935756831627282e-25, nan 
0.375, 75.625, 7.039215538401077e-25, nan 
0.625, 75.625, 1.0539937635507234e-24, nan 
0.875, 75.625, 1.2561247738677248e-24, nan 
1.125, 75.625, 9.712955895342861e-25, nan 
1.375, 75.625, 1.0101399353354316e-24, nan 
1.625, 75.625, 9.187287617443908e-25, nan 
1.875, 75.625, 1.0011549037247301e-24, nan 
2.125, 75.625, 1.320664810255758e-24, nan 
2.375, 75.625, 1.3200510386759634e-24, nan 
2.625, 75.625, 1.0346706202628203e-24, nan 
2.875, 75.625, 1.848765188494789e-24, nan 
3.125, 75.625, 1.716727705827011e-24, nan 
3.375, 75.625, 6.495479187088045e-25, nan 
3.625, 75.625, 1.1676431363501338e-24, nan 
3.875, 75.625, 1.1617230890349802e-24, nan 
4.125, 75.625, 1.0155673765549188e-24, nan 
4.375, 75.625, 2.6463050730853167e-24, nan 
4.625, 75.625, 2.693983409118182e-24, nan 
4.875, 75.625, 1.9476298255816675e-24, nan 
5.125, 75.625, 1.9764821474611388e-24, nan 
5.375, 75.625, 1.69981955945966e-24, nan 
5.625, 75.625, 3.488784748098587e-24, nan 
5.875, 75.625, 3.081073968355013e-24, nan 
6.125, 75.625, 2.007547087302166e-24, nan 
6.375, 75.625, 1.9830564718847935e-24, nan 
6.625, 75.625, 2.2294143512501507e-24, nan 
6.875, 75.625, 1.3607037482610284e-24, nan 
7.125, 75.625, 6.107589269074921e-25, nan 
7.375, 75.625, 7.405838341454178e-25, nan 
7.625, 75.625, 7.594387536897528e-25, nan 
7.875, 75.625, 6.509651762771924e-25, nan 
8.125, 75.625, 7.043432791568951e-25, nan 
8.375, 75.625, 1.143117484143475e-24, nan 
8.625, 75.625, 1.2086813747335366e-24, nan 
8.875, 75.625, 7.880354568007772e-25, nan 
9.125, 75.625, 8.642323206648142e-25, nan 
9.375, 75.625, 9.235797007166122e-25, nan 
9.625, 75.625, 1.2644126959301936e-24, nan 
9.875, 75.625, 1.5670798631379026e-24, nan 
10.125, 75.625, 1.1787194456080468e-24, nan 
10.375, 75.625, 9.455968449996381e-25, nan 
10.625, 75.625, 7.373380347226805e-25, nan 
10.875, 75.625, 5.684748676490117e-25, nan 
11.125, 75.625, 1.6961305246213028e-24, nan 
11.375, 75.625, 3.266098722987038e-24, nan 
11.625, 75.625, 4.2070957420486336e-24, nan 
11.875, 75.625, 4.8433314478413694e-24, nan 
12.125, 75.625, 4.67862255548584e-24, nan 
12.375, 75.625, 4.927438599533554e-24, nan 
12.625, 75.625, 5.818656455141675e-24, nan 
12.875, 75.625, 6.306491090504355e-24, nan 
13.125, 75.625, 6.419864939167507e-24, nan 
13.375, 75.625, 7.320089152106154e-24, nan 
13.625, 75.625, 6.125035212566142e-24, nan 
13.875, 75.625, 4.850131723650847e-24, nan 
14.125, 75.625, 6.561898979284117e-24, nan 
14.375, 75.625, 9.039269419837598e-24, nan 
14.625, 75.625, 8.954881510876913e-24, nan 
14.875, 75.625, 9.266334814482271e-24, nan 
15.125, 75.625, 9.203961361186649e-24, nan 
15.375, 75.625, 8.691748080644612e-24, nan 
15.625, 75.625, 8.127465369934386e-24, nan 
15.875, 75.625, 8.037851721304354e-24, nan 
16.125, 75.625, 8.016393981515494e-24, nan 
16.375, 75.625, 6.989503980670438e-24, nan 
16.625, 75.625, 5.541244722448906e-24, nan 
16.875, 75.625, 3.0408456496562105e-24, nan 
17.125, 75.625, 2.7648309120794456e-24, nan 
17.375, 75.625, 2.4551773332671557e-24, nan 
17.625, 75.625, 2.258156471980682e-24, nan 
17.875, 75.625, 1.739644444718593e-24, nan 
18.125, 75.625, 1.6897725538138956e-24, nan 
18.375, 75.625, 1.0303595203782479e-24, nan 
18.625, 75.625, 1.5483849555671807e-24, nan 
18.875, 75.625, 2.1784897831115306e-24, nan 
19.125, 75.625, 1.7579601656776978e-24, nan 
19.375, 75.625, 1.9563987963524834e-24, nan 
19.625, 75.625, 3.3212843527395084e-24, nan 
19.875, 75.625, 2.267152811850412e-24, nan 
20.125, 75.625, 2.690749821861391e-24, nan 
20.375, 75.625, 3.1358903826341784e-24, nan 
20.625, 75.625, 2.8633569678832713e-24, nan 
20.875, 75.625, 2.5168207836298897e-24, nan 
21.125, 75.625, 4.4133748639261705e-24, nan 
21.375, 75.625, 4.624676087479189e-24, nan 
21.625, 75.625, 3.609526944924559e-24, nan 
21.875, 75.625, 2.586750846357204e-24, nan 
22.125, 75.625, 1.7150323502108907e-24, nan 
22.375, 75.625, 2.7964417154776502e-24, nan 
22.625, 75.625, 1.849050021303688e-24, nan 
22.875, 75.625, 1.5608646699901583e-24, nan 
23.125, 75.625, 1.1555761497800335e-24, nan 
23.375, 75.625, 1.1984025891859594e-24, nan 
23.625, 75.625, 8.790701680985813e-25, nan 
23.875, 75.625, 8.680144870445834e-25, nan 
24.125, 75.625, 1.1297916751939519e-24, nan 
24.375, 75.625, 1.1857388718870076e-24, nan 
24.625, 75.625, 1.2933645173521605e-24, nan 
24.875, 75.625, 1.717365381333367e-24, nan 
25.125, 75.625, 2.226506133595985e-24, nan 
25.375, 75.625, 2.680773894818419e-24, nan 
25.625, 75.625, 2.0073548036500902e-24, nan 
25.875, 75.625, 2.611435533110517e-24, nan 
26.125, 75.625, 2.5415011907695826e-24, nan 
26.375, 75.625, 4.612513386277915e-24, nan 
26.625, 75.625, 6.0177349761054806e-24, nan 
26.875, 75.625, 5.327223353188452e-24, nan 
27.125, 75.625, 3.461462052488632e-24, nan 
27.375, 75.625, 3.126809576710363e-24, nan 
27.625, 75.625, 4.161253970469124e-24, nan 
27.875, 75.625, 3.2841055132344807e-24, nan 
28.125, 75.625, 4.581602046887524e-24, nan 
28.375, 75.625, 4.775107418322604e-24, nan 
28.625, 75.625, 6.455285615579847e-24, nan 
28.875, 75.625, 5.443811355169266e-24, nan 
29.125, 75.625, 5.596388781563802e-24, nan 
29.375, 75.625, 3.836221488390205e-24, nan 
29.625, 75.625, 3.8272192022726146e-24, nan 
29.875, 75.625, 6.433129054205631e-24, nan 
30.125, 75.625, 7.812482043999765e-24, nan 
30.375, 75.625, 1.1580005022662112e-23, nan 
30.625, 75.625, 6.6543864402334e-24, nan 
30.875, 75.625, 2.4872142647393947e-24, nan 
31.125, 75.625, 1.3862796416532427e-24, nan 
31.375, 75.625, 1.7133026605559342e-24, nan 
31.625, 75.625, 1.5078357875836191e-24, nan 
31.875, 75.625, 5.119156299779765e-24, nan 
32.125, 75.625, 4.259784635948138e-24, nan 
32.375, 75.625, 1.922370683826847e-24, nan 
32.625, 75.625, 1.7161309644847262e-24, nan 
32.875, 75.625, 2.1398138819901693e-24, nan 
33.125, 75.625, 2.3480846757579472e-24, nan 
33.375, 75.625, 2.776408327670967e-24, nan 
33.625, 75.625, 2.460289447538484e-24, nan 
33.875, 75.625, 3.023522492695064e-24, nan 
34.125, 75.625, 3.311341667911057e-24, nan 
34.375, 75.625, 3.652509063061146e-24, nan 
34.625, 75.625, 4.025269890608894e-24, nan 
34.875, 75.625, 3.9864282052983035e-24, nan 
35.125, 75.625, 3.661335631604887e-24, nan 
35.375, 75.625, 5.28019453478983e-24, nan 
35.625, 75.625, 4.871335657616784e-24, nan 
35.875, 75.625, 6.734487074031589e-24, nan 
36.125, 75.625, 2.911292259941268e-24, nan 
36.375, 75.625, 3.528801613495203e-24, nan 
36.625, 75.625, 5.01619104406313e-24, nan 
36.875, 75.625, 6.561356976909058e-24, nan 
37.125, 75.625, 8.314216481025613e-24, nan 
37.375, 75.625, 4.9341976368934766e-24, nan 
37.625, 75.625, 2.1522464839710716e-24, nan 
37.875, 75.625, 2.0103387058544624e-24, nan 
38.125, 75.625, 2.0331271390561854e-24, nan 
38.375, 75.625, 2.5138166717966834e-24, nan 
38.625, 75.625, 2.6886517318858144e-24, nan 
38.875, 75.625, 2.8143798661378065e-24, nan 
39.125, 75.625, 1.9569686621099612e-24, nan 
39.375, 75.625, 1.4541823194321646e-24, nan 
39.625, 75.625, 1.822835034651102e-24, nan 
39.875, 75.625, 2.7406613746793046e-24, nan 
40.125, 75.625, 3.330059802185205e-24, nan 
40.375, 75.625, 3.751098770263633e-24, nan 
40.625, 75.625, 5.408460062950607e-24, nan 
40.875, 75.625, 8.870646331440206e-24, nan 
41.125, 75.625, 1.0869380529356161e-23, nan 
41.375, 75.625, 5.4392708873911416e-24, nan 
41.625, 75.625, 4.055795094302047e-24, nan 
41.875, 75.625, 3.544170503817311e-24, nan 
42.125, 75.625, 8.165721717034453e-24, nan 
42.375, 75.625, 1.840409985727468e-23, nan 
42.625, 75.625, 5.63752459275313e-24, nan 
42.875, 75.625, 6.1608157226680065e-24, nan 
43.125, 75.625, 1.1282164262717976e-23, nan 
43.375, 75.625, 1.4671354399790095e-23, nan 
43.625, 75.625, 1.0892483090180697e-23, nan 
43.875, 75.625, 6.734844361097659e-24, nan 
44.125, 75.625, 5.0703779104081835e-24, nan 
44.375, 75.625, 1.5073305076360503e-23, nan 
44.625, 75.625, 2.2955508642530222e-23, nan 
44.875, 75.625, 6.2525648613079116e-24, nan 
45.125, 75.625, 3.026469211964749e-24, nan 
45.375, 75.625, 3.823698520831995e-24, nan 
45.625, 75.625, 9.218250932594791e-24, nan 
45.875, 75.625, 1.291018905591191e-23, nan 
46.125, 75.625, 4.049537859341996e-24, nan 
46.375, 75.625, 7.25198060382185e-24, nan 
46.625, 75.625, 5.276254870613749e-24, nan 
46.875, 75.625, 9.810328821870969e-24, nan 
47.125, 75.625, 9.221942700008496e-24, nan 
47.375, 75.625, 1.005972533381046e-23, nan 
47.625, 75.625, 7.595859664663743e-24, nan 
47.875, 75.625, 7.128626082635202e-24, nan 
48.125, 75.625, 8.02835586776062e-24, nan 
48.375, 75.625, 8.097578686225531e-24, nan 
48.625, 75.625, 7.09984925106031e-24, nan 
48.875, 75.625, 5.5380691035016024e-24, nan 
49.125, 75.625, 5.466774211578132e-24, nan 
49.375, 75.625, 3.665149879883224e-24, nan 
49.625, 75.625, 3.362105925115759e-24, nan 
49.875, 75.625, 1.0461552601522783e-23, nan 
50.125, 75.625, 6.697017096788359e-24, nan 
50.375, 75.625, 1.0509272828764256e-23, nan 
50.625, 75.625, 4.578257342657897e-24, nan 
50.875, 75.625, 1.8025733444554525e-24, nan 
51.125, 75.625, 2.0691196111932464e-23, nan 
51.375, 75.625, 6.508936319994669e-24, nan 
51.625, 75.625, 7.850471145084956e-24, nan 
51.875, 75.625, 7.13047220828605e-24, nan 
52.125, 75.625, 1.525634218194353e-23, nan 
52.375, 75.625, 1.1343041048894577e-23, nan 
52.625, 75.625, 1.3703910461682762e-23, nan 
52.875, 75.625, 1.2346661733747961e-23, nan 
53.125, 75.625, 1.1610355882728747e-23, nan 
53.375, 75.625, 1.929875947487101e-23, nan 
53.625, 75.625, 1.482258887277675e-23, nan 
53.875, 75.625, 2.1341421607669987e-23, nan 
54.125, 75.625, 1.624893475069104e-23, nan 
54.375, 75.625, 1.50070073208915e-23, nan 
54.625, 75.625, 1.4570907586788987e-23, nan 
54.875, 75.625, 1.7313225107770263e-23, nan 
55.125, 75.625, 2.5338285907084406e-23, nan 
55.375, 75.625, 3.416325295611744e-23, nan 
55.625, 75.625, 5.059865492091835e-23, nan 
55.875, 75.625, 5.007519489095072e-23, nan 
56.125, 75.625, 3.7250828836675424e-23, nan 
56.375, 75.625, 5.085636830978086e-23, nan 
56.625, 75.625, 5.064750769406959e-23, nan 
56.875, 75.625, 6.597669083323394e-23, nan 
57.125, 75.625, 6.116060986634321e-23, nan 
57.375, 75.625, 4.517854868132279e-23, nan 
57.625, 75.625, 2.852952170283005e-23, nan 
57.875, 75.625, 2.2203434507976262e-23, nan 
58.125, 75.625, 3.9950762231603587e-23, nan 
58.375, 75.625, 3.683070755747882e-23, nan 
58.625, 75.625, 3.2196522356932837e-23, nan 
58.875, 75.625, 3.1169371769467157e-23, nan 
59.125, 75.625, 3.105014457980953e-23, nan 
59.375, 75.625, 2.714570254744889e-23, nan 
59.625, 75.625, 1.7875175560699308e-23, nan 
59.875, 75.625, 4.401566193074928e-23, nan 
60.125, 75.625, 4.7043809966093224e-23, nan 
60.375, 75.625, 1.622164915545617e-23, nan 
60.625, 75.625, 1.9899039729034057e-23, nan 
60.875, 75.625, 1.6385591954335216e-23, nan 
61.125, 75.625, 2.129453068193362e-23, nan 
61.375, 75.625, 2.518931579283515e-23, nan 
61.625, 75.625, 1.3023663827993934e-23, nan 
61.875, 75.625, 3.294575912114318e-23, nan 
62.125, 75.625, 2.1990979225575772e-23, nan 
62.375, 75.625, 1.82066669688123e-23, nan 
62.625, 75.625, 3.360411701270754e-23, nan 
62.875, 75.625, 7.423744755483487e-23, nan 
63.125, 75.625, 8.035918324128772e-23, nan 
63.375, 75.625, 7.299778227788661e-23, nan 
63.625, 75.625, 8.988583911461265e-23, nan 
63.875, 75.625, 7.35516865724531e-23, nan 
64.125, 75.625, 7.674619390318529e-23, nan 
64.375, 75.625, 9.664476512798163e-23, nan 
64.625, 75.625, 9.243268451812079e-23, nan 
64.875, 75.625, 9.292333021082049e-23, nan 
65.125, 75.625, 1.2040100691765815e-22, nan 
65.375, 75.625, 1.0616174207859016e-22, nan 
65.625, 75.625, 1.50150738356713e-22, nan 
65.875, 75.625, 1.674141581192158e-22, nan 
66.125, 75.625, 1.984445473177081e-22, nan 
66.375, 75.625, 1.0647876574548416e-22, nan 
66.625, 75.625, 1.2988761421461544e-22, nan 
66.875, 75.625, 1.7033819683754385e-22, nan 
67.125, 75.625, 1.7430127008632879e-22, nan 
67.375, 75.625, 1.6027854115693123e-22, nan 
67.625, 75.625, 1.0372984011455385e-22, nan 
67.875, 75.625, 8.357091777238322e-23, nan 
68.125, 75.625, 9.840846478471013e-23, nan 
68.375, 75.625, 6.032145572738568e-23, nan 
68.625, 75.625, 5.0227033691581276e-23, nan 
68.875, 75.625, 8.419400953621007e-23, nan 
69.125, 75.625, 4.942970904396466e-23, nan 
69.375, 75.625, 7.383164266415535e-23, nan 
69.625, 75.625, 7.83840625099018e-23, nan 
69.875, 75.625, 1.0810618172347913e-22, nan 
70.125, 75.625, 8.772364468911283e-23, nan 
70.375, 75.625, 8.502807462135693e-23, nan 
70.625, 75.625, 1.0877961841586117e-22, nan 
70.875, 75.625, 7.435244609332216e-23, nan 
71.125, 75.625, 6.578977862946404e-23, nan 
71.375, 75.625, 6.928314194492296e-23, nan 
71.625, 75.625, 1.177363862500824e-22, nan 
71.875, 75.625, 1.16744095047598e-22, nan 
72.125, 75.625, 1.2360101771844077e-22, nan 
72.375, 75.625, 1.8620124815229713e-22, nan 
72.625, 75.625, 2.21737479132416e-22, nan 
72.875, 75.625, 2.4008168195348563e-22, nan 
73.125, 75.625, 2.535315838759171e-22, nan 
73.375, 75.625, 3.153094876918238e-22, nan 
73.625, 75.625, 2.3493147417097066e-22, nan 
73.875, 75.625, 1.6679025520389308e-22, nan 
74.125, 75.625, 1.1953582056902438e-22, nan 
74.375, 75.625, 1.4750849216855878e-22, nan 
74.625, 75.625, 2.115687584788197e-22, nan 
74.875, 75.625, 1.4065515736880532e-22, nan 
75.125, 75.625, 1.7712833346389853e-22, nan 
75.375, 75.625, 2.131184302677126e-22, nan 
75.625, 75.625, 2.7692804265026052e-22, nan 
75.875, 75.625, 3.3406566234953366e-22, nan 
76.125, 75.625, 2.5874266642599984e-22, nan 
76.375, 75.625, 2.4093811341711423e-22, nan 
76.625, 75.625, 2.726182471130261e-22, nan 
76.875, 75.625, 2.69295654817083e-22, nan 
77.125, 75.625, 3.193696330050379e-22, nan 
77.375, 75.625, 2.573687445631909e-22, nan 
77.625, 75.625, 2.3958767955439293e-22, nan 
77.875, 75.625, 3.699472512250628e-22, nan 
78.125, 75.625, 3.715095623326163e-22, nan 
78.375, 75.625, 7.626384358291891e-22, nan 
78.625, 75.625, 7.310832991869988e-22, nan 
78.875, 75.625, 7.850901287663768e-22, nan 
79.125, 75.625, 7.804312865964461e-22, nan 
79.375, 75.625, 7.982759491666522e-22, nan 
79.625, 75.625, 8.324000113602455e-22, nan 
79.875, 75.625, 6.2720737331970905e-22, nan 
80.125, 75.625, 6.706789779420775e-22, nan 
80.375, 75.625, 6.40397175148767e-22, nan 
80.625, 75.625, 4.171063686915984e-22, nan 
80.875, 75.625, 4.686577010406223e-22, nan 
81.125, 75.625, 4.350256288176507e-22, nan 
81.375, 75.625, 5.813487741195488e-22, nan 
81.625, 75.625, 5.492927743938911e-22, nan 
81.875, 75.625, 8.769112493022338e-22, nan 
82.125, 75.625, 1.6149909533495956e-21, nan 
82.375, 75.625, 1.8436817140745944e-21, nan 
82.625, 75.625, 1.4230931362833363e-21, nan 
82.875, 75.625, 1.9734988088721536e-21, nan 
83.125, 75.625, 1.6658493640388332e-21, nan 
83.375, 75.625, 1.5850248894029818e-21, nan 
83.625, 75.625, 1.0430961629885178e-21, nan 
83.875, 75.625, 9.147315048607617e-22, nan 
84.125, 75.625, 1.0079587801177306e-21, nan 
84.375, 75.625, 1.2884537128276893e-21, nan 
84.625, 75.625, 1.193036671671717e-21, nan 
84.875, 75.625, 7.347871998431043e-22, nan 
85.125, 75.625, 3.9526889095161797e-22, nan 
85.375, 75.625, 7.923706467486468e-22, nan 
85.625, 75.625, 7.0758659761127345e-22, nan 
85.875, 75.625, 4.925195011664041e-22, nan 
86.125, 75.625, 6.579748382535055e-22, nan 
86.375, 75.625, 9.265299610501381e-22, nan 
86.625, 75.625, 1.1613186366364053e-21, nan 
86.875, 75.625, 7.74351297739694e-22, nan 
87.125, 75.625, 8.796737230772294e-22, nan 
87.375, 75.625, 8.928499511783546e-22, nan 
87.625, 75.625, 1.3406480495384216e-21, nan 
87.875, 75.625, 1.5965830734543257e-21, nan 
88.125, 75.625, 2.2569710153982922e-21, nan 
88.375, 75.625, 2.5283831513189627e-21, nan 
88.625, 75.625, 3.1934033167707877e-21, nan 
88.875, 75.625, 2.9765109052788584e-21, nan 
89.125, 75.625, 4.588763924782639e-21, nan 
89.375, 75.625, 4.074411250159993e-21, nan 
89.625, 75.625, 3.921995017609889e-21, nan 
89.875, 75.625, 3.983804547766755e-21, nan 
90.125, 75.625, 3.6240171503285736e-21, nan 
90.375, 75.625, 2.8021692462289243e-21, nan 
90.625, 75.625, 3.2670618554430817e-21, nan 
90.875, 75.625, 4.6688709561445e-21, nan 
91.125, 75.625, 1.0015270768082198e-21, nan 
91.375, 75.625, 1.9688844421994233e-21, nan 
91.625, 75.625, 2.2134631691743993e-21, nan 
91.875, 75.625, 2.779835337053515e-21, nan 
92.125, 75.625, 1.5126503328692022e-21, nan 
92.375, 75.625, 2.9551508522173927e-21, nan 
92.625, 75.625, 2.5899583086951247e-21, nan 
92.875, 75.625, 3.675364880979424e-21, nan 
93.125, 75.625, 6.702945132805927e-21, nan 
93.375, 75.625, 9.684334016265762e-21, nan 
93.625, 75.625, 1.0876922451620632e-20, nan 
93.875, 75.625, 8.094533844609895e-21, nan 
94.125, 75.625, 9.112411474488623e-21, nan 
94.375, 75.625, 1.1165530187747605e-20, nan 
94.625, 75.625, 1.1993793648291199e-20, nan 
94.875, 75.625, 1.075400534425925e-20, nan 
95.125, 75.625, 1.7955217210479857e-20, nan 
95.375, 75.625, 2.1737845821210038e-20, nan 
95.625, 75.625, 1.5558248701863258e-20, nan 
95.875, 75.625, 1.8453479501426467e-20, nan 
96.125, 75.625, 1.8058586771988407e-20, nan 
96.375, 75.625, 1.780260141982949e-20, nan 
96.625, 75.625, 1.926721995235118e-20, nan 
96.875, 75.625, 1.191527138446732e-20, nan 
97.125, 75.625, 1.3572219276884858e-20, nan 
97.375, 75.625, 1.463639914819928e-20, nan 
97.625, 75.625, 1.804397234628617e-20, nan 
97.875, 75.625, 1.970309034777789e-20, nan 
98.125, 75.625, 1.898865999287389e-20, nan 
98.375, 75.625, 1.4942685002935634e-20, nan 
98.625, 75.625, 1.6765761607138327e-20, nan 
98.875, 75.625, 2.680775127345433e-20, nan 
99.125, 75.625, 2.7860502598813515e-20, nan 
99.375, 75.625, 2.819586425817213e-20, nan 
99.625, 75.625, 4.874695475507028e-20, nan 
99.875, 75.625, 4.6833879761852275e-20, nan 
100.125, 75.625, 3.894576494988131e-20, nan 
100.375, 75.625, 1.7502061561431693e-20, nan 
100.625, 75.625, 2.6599402654808277e-20, nan 
100.875, 75.625, 4.2204898424935567e-20, nan 
101.125, 75.625, 5.35217439091871e-20, nan 
101.375, 75.625, 4.3879800745858754e-20, nan 
101.625, 75.625, 5.466292194583565e-20, nan 
101.875, 75.625, 4.9447412268921367e-20, nan 
102.125, 75.625, 3.363624145748921e-20, nan 
102.375, 75.625, 4.8769778469413343e-20, nan 
102.625, 75.625, 3.71019720230993e-20, nan 
102.875, 75.625, 4.8033544881779265e-20, nan 
103.125, 75.625, 3.9630563177492064e-20, nan 
103.375, 75.625, 1.8017839349996422e-20, nan 
103.625, 75.625, 2.4551728202464275e-20, nan 
103.875, 75.625, 2.5627368608141808e-20, nan 
104.125, 75.625, 3.286966559078932e-20, nan 
104.375, 75.625, 4.4285682235395646e-20, nan 
104.625, 75.625, 3.514559692949865e-20, nan 
104.875, 75.625, 5.66708122878254e-20, nan 
105.125, 75.625, 5.712355052796492e-20, nan 
105.375, 75.625, 4.558820104749464e-20, nan 
105.625, 75.625, 6.773663435022629e-20, nan 
105.875, 75.625, 5.738432914013321e-20, nan 
106.125, 75.625, 5.597010047881468e-20, nan 
106.375, 75.625, 5.974692252209656e-20, nan 
106.625, 75.625, 5.894740410662806e-20, nan 
106.875, 75.625, 6.981270785010568e-20, nan 
107.125, 75.625, 7.132381134894687e-20, nan 
107.375, 75.625, 7.189546141830834e-20, nan 
107.625, 75.625, 6.889559620047507e-20, nan 
107.875, 75.625, 8.616622386645662e-20, nan 
108.125, 75.625, 8.893991739836625e-20, nan 
108.375, 75.625, 4.5651553293531723e-20, nan 
108.625, 75.625, 5.383237688093076e-20, nan 
108.875, 75.625, 8.110787774529237e-20, nan 
109.125, 75.625, 7.831452483116262e-20, nan 
109.375, 75.625, 9.298064145784956e-20, nan 
109.625, 75.625, 5.4200424018898045e-20, nan 
109.875, 75.625, 5.037897992885405e-20, nan 
110.125, 75.625, 1.2469855893300716e-19, nan 
110.375, 75.625, 1.5987643652914062e-19, nan 
110.625, 75.625, 1.0700445787358319e-19, nan 
110.875, 75.625, 4.922869410916796e-20, nan 
111.125, 75.625, 4.762945142496144e-20, nan 
111.375, 75.625, 4.6894117117230525e-20, nan 
111.625, 75.625, 8.355966432824975e-20, nan 
111.875, 75.625, 7.32559876973981e-20, nan 
112.125, 75.625, 4.8434576723298305e-20, nan 
112.375, 75.625, 6.512282631767314e-20, nan 
112.625, 75.625, 6.169358486590922e-20, nan 
112.875, 75.625, 3.070790713295517e-20, nan 
113.125, 75.625, 4.149881573166379e-20, nan 
113.375, 75.625, 4.211203859746796e-20, nan 
113.625, 75.625, 4.1886360658377986e-20, nan 
113.875, 75.625, 8.991851425667218e-20, nan 
114.125, 75.625, 7.794316054574346e-20, nan 
114.375, 75.625, 1.1494872162362657e-19, nan 
114.625, 75.625, 1.0544208132175289e-19, nan 
114.875, 75.625, 1.035472812388841e-19, nan 
115.125, 75.625, 1.313597685648506e-19, nan 
115.375, 75.625, 1.0597987170155752e-19, nan 
115.625, 75.625, 1.343193676175433e-19, nan 
115.875, 75.625, 1.0379744595950481e-19, nan 
116.125, 75.625, 5.856860603462855e-20, nan 
116.375, 75.625, 2.3323687997144766e-20, nan 
116.625, 75.625, 9.09477199911562e-20, nan 
116.875, 75.625, 1.1771273544120219e-19, nan 
117.125, 75.625, 9.240766544268213e-20, nan 
117.375, 75.625, 1.4998914718749882e-19, nan 
117.625, 75.625, 1.4804175054642382e-19, nan 
117.875, 75.625, 2.4663668218279935e-19, nan 
118.125, 75.625, 1.4204614212246473e-19, nan 
118.375, 75.625, 1.8392446426004732e-19, nan 
118.625, 75.625, 1.985908763354669e-19, nan 
118.875, 75.625, 2.0174859787681756e-19, nan 
119.125, 75.625, 1.977673021950168e-19, nan 
119.375, 75.625, 1.4987231480556596e-19, nan 
119.625, 75.625, 1.9436987303870071e-19, nan 
119.875, 75.625, 1.5321655977317518e-19, nan 
120.125, 75.625, 2.0845916694205363e-19, nan 
120.375, 75.625, 8.003986936387266e-20, nan 
120.625, 75.625, 9.053408838808208e-20, nan 
120.875, 75.625, 9.813594140574578e-20, nan 
121.125, 75.625, 7.901943250793882e-20, nan 
121.375, 75.625, 7.5508491771316e-20, nan 
121.625, 75.625, 7.595472942620947e-20, nan 
121.875, 75.625, 3.569652226040587e-20, nan 
122.125, 75.625, 3.169257573964151e-20, nan 
122.375, 75.625, 2.866556110823561e-20, nan 
122.625, 75.625, 2.8665935190957627e-20, nan 
122.875, 75.625, 2.209905850337616e-20, nan 
123.125, 75.625, 2.762975478249047e-20, nan 
123.375, 75.625, 3.1459432326083045e-20, nan 
123.625, 75.625, 2.2958059200316727e-20, nan 
123.875, 75.625, 3.1789167824356677e-20, nan 
124.125, 75.625, 3.2539971354907466e-20, nan 
124.375, 75.625, 3.110811490454299e-20, nan 
124.625, 75.625, 2.7991405265178374e-20, nan 
124.875, 75.625, 3.3370616041126664e-20, nan 
125.125, 75.625, 2.128777141732319e-20, nan 
125.375, 75.625, 1.2186592180686813e-20, nan 
125.625, 75.625, 1.1382645430247225e-20, nan 
125.875, 75.625, 1.9090732140319375e-20, nan 
126.125, 75.625, 1.870480303584828e-20, nan 
126.375, 75.625, 1.4092616762362663e-20, nan 
126.625, 75.625, 1.101440017810238e-20, nan 
126.875, 75.625, 2.192484425590495e-20, nan 
127.125, 75.625, 2.3011275439337915e-20, nan 
127.375, 75.625, 1.034444460803014e-20, nan 
127.625, 75.625, 8.109604377372134e-21, nan 
127.875, 75.625, 7.16405178738504e-21, nan 
128.125, 75.625, 2.0849587115096573e-20, nan 
128.375, 75.625, 3.091582789492484e-20, nan 
128.625, 75.625, 2.624873053806678e-20, nan 
128.875, 75.625, 1.355752590340545e-20, nan 
129.125, 75.625, 3.889101623812592e-21, nan 
129.375, 75.625, 3.0602850311302925e-20, nan 
129.625, 75.625, 4.560903395617208e-20, nan 
129.875, 75.625, 4.926287446297812e-20, nan 
130.125, 75.625, 2.876366695256167e-20, nan 
130.375, 75.625, 1.3958661526888137e-20, nan 
130.625, 75.625, 1.993543520027126e-20, nan 
130.875, 75.625, 2.3565822896830156e-20, nan 
131.125, 75.625, 2.3960574479599332e-20, nan 
131.375, 75.625, 1.7682871449741864e-20, nan 
131.625, 75.625, 1.5304795110872325e-20, nan 
131.875, 75.625, 1.5479748328777054e-20, nan 
132.125, 75.625, 1.2681072689969434e-20, nan 
132.375, 75.625, 9.517374952104793e-21, nan 
132.625, 75.625, 9.967989142529043e-21, nan 
132.875, 75.625, 7.597116640948596e-21, nan 
133.125, 75.625, 5.343204301653046e-21, nan 
133.375, 75.625, 5.38455839413576e-21, nan 
133.625, 75.625, 4.2774583523714395e-21, nan 
133.875, 75.625, 3.9604428611465684e-21, nan 
134.125, 75.625, 5.92611882531384e-21, nan 
134.375, 75.625, 4.607094419780002e-21, nan 
134.625, 75.625, 2.5822296894389754e-21, nan 
134.875, 75.625, 3.918580239015048e-21, nan 
135.125, 75.625, 3.432521782033404e-21, nan 
135.375, 75.625, 4.0195335833190545e-21, nan 
135.625, 75.625, 3.824308702085257e-21, nan 
135.875, 75.625, 3.718576415964168e-21, nan 
136.125, 75.625, 3.926380881390443e-21, nan 
136.375, 75.625, 1.845451210594432e-21, nan 
136.625, 75.625, 1.539391531538092e-21, nan 
136.875, 75.625, 2.3880458743542475e-21, nan 
137.125, 75.625, 2.0360748797600445e-21, nan 
137.375, 75.625, 1.3438743099785782e-21, nan 
137.625, 75.625, 1.3777867165360579e-21, nan 
137.875, 75.625, 1.551510901334939e-21, nan 
138.125, 75.625, 1.5976538001611514e-21, nan 
138.375, 75.625, 1.429178060615751e-21, nan 
138.625, 75.625, 1.1005095586076483e-21, nan 
138.875, 75.625, 1.5222010376124342e-21, nan 
139.125, 75.625, 1.41457025368965e-21, nan 
139.375, 75.625, 2.7708030847084036e-22, nan 
139.625, 75.625, 1.1901952681893204e-21, nan 
139.875, 75.625, 1.396214310235002e-21, nan 
140.125, 75.625, 1.9074760263148955e-21, nan 
140.375, 75.625, 1.788229208501508e-21, nan 
140.625, 75.625, 2.5641811313905453e-21, nan 
140.875, 75.625, 2.9585749604089583e-21, nan 
141.125, 75.625, 1.4949177711519351e-21, nan 
141.375, 75.625, 9.239965532102357e-22, nan 
141.625, 75.625, 1.1379077401294835e-21, nan 
141.875, 75.625, 1.7558185892686086e-21, nan 
142.125, 75.625, 1.921156388471544e-21, nan 
142.375, 75.625, 8.89472441851558e-22, nan 
142.625, 75.625, 3.6073696794451054e-22, nan 
142.875, 75.625, 2.3993693696573363e-22, nan 
143.125, 75.625, 3.3941482253461885e-22, nan 
143.375, 75.625, 2.7224813466106848e-22, nan 
143.625, 75.625, 2.0957851298537003e-22, nan 
143.875, 75.625, 2.5382856294351585e-22, nan 
144.125, 75.625, 2.0935916746793365e-22, nan 
144.375, 75.625, 2.6669946209116423e-22, nan 
144.625, 75.625, 4.721224480099136e-22, nan 
144.875, 75.625, 6.14481509653095e-22, nan 
145.125, 75.625, 8.056387574319443e-22, nan 
145.375, 75.625, 8.370702868274877e-22, nan 
145.625, 75.625, 6.0120939163510185e-22, nan 
145.875, 75.625, 4.745588340228749e-22, nan 
146.125, 75.625, 5.47550429708621e-22, nan 
146.375, 75.625, 6.925670429541767e-22, nan 
146.625, 75.625, 7.090245769495014e-22, nan 
146.875, 75.625, 5.415361616927272e-22, nan 
147.125, 75.625, 3.76765329945141e-22, nan 
147.375, 75.625, 3.937598829868628e-22, nan 
147.625, 75.625, 3.9122521337924457e-22, nan 
147.875, 75.625, 2.7046886081024517e-22, nan 
148.125, 75.625, 3.9278747872632457e-22, nan 
148.375, 75.625, 2.8318042097189707e-22, nan 
148.625, 75.625, 1.8717610769377268e-22, nan 
148.875, 75.625, 2.1418899454109477e-22, nan 
149.125, 75.625, 3.846119258897269e-22, nan 
149.375, 75.625, 2.766661547058326e-22, nan 
149.625, 75.625, 1.4800250297785138e-22, nan 
149.875, 75.625, 6.293305741699719e-23, nan 
150.125, 75.625, 6.122185327278648e-23, nan 
150.375, 75.625, 9.477176112633171e-23, nan 
150.625, 75.625, 3.570800050441642e-23, nan 
150.875, 75.625, 6.059314936083235e-23, nan 
151.125, 75.625, 9.172290389966114e-23, nan 
151.375, 75.625, 1.170244875277429e-22, nan 
151.625, 75.625, 1.0647952652991227e-22, nan 
151.875, 75.625, 1.3583935444169905e-22, nan 
152.125, 75.625, 1.0430032515757359e-22, nan 
152.375, 75.625, 6.737787149131262e-23, nan 
152.625, 75.625, 1.115827598578547e-22, nan 
152.875, 75.625, 7.507239038285068e-23, nan 
153.125, 75.625, 9.583583879086017e-23, nan 
153.375, 75.625, 1.1770175317599787e-22, nan 
153.625, 75.625, 1.0348575627985242e-22, nan 
153.875, 75.625, 4.929891983991521e-23, nan 
154.125, 75.625, 9.125047707590774e-23, nan 
154.375, 75.625, 8.823529047914325e-23, nan 
154.625, 75.625, 9.385336168138849e-23, nan 
154.875, 75.625, 6.899805191803789e-23, nan 
155.125, 75.625, 8.794999402854742e-23, nan 
155.375, 75.625, 1.4498234371832005e-22, nan 
155.625, 75.625, 1.51109029102544e-22, nan 
155.875, 75.625, 2.5479828733545503e-22, nan 
156.125, 75.625, 1.9832333614118537e-22, nan 
156.375, 75.625, 1.3136409982406102e-22, nan 
156.625, 75.625, 1.1139533821262424e-22, nan 
156.875, 75.625, 6.727957096345614e-23, nan 
157.125, 75.625, 1.4069020505965779e-22, nan 
157.375, 75.625, 8.012450157992519e-23, nan 
157.625, 75.625, 1.614181906560718e-22, nan 
157.875, 75.625, 8.555987630648844e-23, nan 
158.125, 75.625, 6.127885826300523e-23, nan 
158.375, 75.625, 1.6492827760492033e-22, nan 
158.625, 75.625, 1.192687398803592e-22, nan 
158.875, 75.625, 2.9452124153922695e-22, nan 
159.125, 75.625, 2.8190746878144956e-22, nan 
159.375, 75.625, 1.9567262863037925e-22, nan 
159.625, 75.625, 1.330564984513559e-22, nan 
159.875, 75.625, 1.387718926250885e-22, nan 
160.125, 75.625, 2.5700753105139933e-22, nan 
160.375, 75.625, 1.9390055733834597e-22, nan 
160.625, 75.625, 2.0612764655247312e-22, nan 
160.875, 75.625, 2.0568619496837517e-22, nan 
161.125, 75.625, 1.7991858175311714e-22, nan 
161.375, 75.625, 1.5476488961859595e-22, nan 
161.625, 75.625, 1.2846752050299166e-22, nan 
161.875, 75.625, 8.871338302391738e-23, nan 
162.125, 75.625, 9.150956024318018e-23, nan 
162.375, 75.625, 8.533836305390016e-23, nan 
162.625, 75.625, 1.1234274653837117e-22, nan 
162.875, 75.625, 9.711037214225342e-23, nan 
163.125, 75.625, 5.070707259608789e-23, nan 
163.375, 75.625, 3.3657044661161904e-23, nan 
163.625, 75.625, 4.875691609847861e-23, nan 
163.875, 75.625, 6.874018026533869e-23, nan 
164.125, 75.625, 5.623620003015669e-23, nan 
164.375, 75.625, 8.405235016971043e-23, nan 
164.625, 75.625, 9.1062037836284e-23, nan 
164.875, 75.625, 1.079565622080003e-22, nan 
165.125, 75.625, 1.0169571989670214e-22, nan 
165.375, 75.625, 7.835898649302455e-23, nan 
165.625, 75.625, 7.794319905593853e-23, nan 
165.875, 75.625, 9.120484836295779e-23, nan 
166.125, 75.625, 9.226939446409628e-23, nan 
166.375, 75.625, 9.363765765646591e-23, nan 
166.625, 75.625, 8.583661258445594e-23, nan 
166.875, 75.625, 8.938176965797762e-23, nan 
167.125, 75.625, 9.647319519310754e-23, nan 
167.375, 75.625, 9.075585632056234e-23, nan 
167.625, 75.625, 7.991291460055459e-23, nan 
167.875, 75.625, 6.13582461869294e-23, nan 
168.125, 75.625, 3.848107719733788e-23, nan 
168.375, 75.625, 1.6920860321284488e-23, nan 
168.625, 75.625, 3.3105893593383764e-23, nan 
168.875, 75.625, 2.6491328004507807e-23, nan 
169.125, 75.625, 1.7052141302409356e-23, nan 
169.375, 75.625, 1.6480815473322932e-23, nan 
169.625, 75.625, 1.606945358254699e-23, nan 
169.875, 75.625, 2.6748466444220646e-23, nan 
170.125, 75.625, 1.858858026096265e-23, nan 
170.375, 75.625, 1.5124811041945402e-23, nan 
170.625, 75.625, 1.9726438246188597e-23, nan 
170.875, 75.625, 2.303299974921333e-23, nan 
171.125, 75.625, 2.6064771573051638e-23, nan 
171.375, 75.625, 2.6142438721169976e-23, nan 
171.625, 75.625, 1.762736722936387e-23, nan 
171.875, 75.625, 1.1603206899907373e-23, nan 
172.125, 75.625, 9.28266135420106e-24, nan 
172.375, 75.625, 1.0335070512076857e-23, nan 
172.625, 75.625, 8.52226094209176e-24, nan 
172.875, 75.625, 6.584740869009009e-24, nan 
173.125, 75.625, 2.4112924153184937e-23, nan 
173.375, 75.625, 2.98736354552968e-23, nan 
173.625, 75.625, 1.158482214578534e-23, nan 
173.875, 75.625, 2.3693631918568055e-23, nan 
174.125, 75.625, 4.421039571764637e-23, nan 
174.375, 75.625, 5.790691359307228e-23, nan 
174.625, 75.625, 5.018888895771365e-23, nan 
174.875, 75.625, 2.9335946180999073e-23, nan 
175.125, 75.625, 3.1952171814570697e-23, nan 
175.375, 75.625, 4.617065406046577e-23, nan 
175.625, 75.625, 5.379018414418458e-23, nan 
175.875, 75.625, 4.80965991217868e-23, nan 
176.125, 75.625, 2.7708630341383904e-23, nan 
176.375, 75.625, 1.9227145274981188e-23, nan 
176.625, 75.625, 1.4324992213766662e-23, nan 
176.875, 75.625, 1.1566698091063274e-23, nan 
177.125, 75.625, 1.6329110338637322e-23, nan 
177.375, 75.625, 1.5085692899807265e-23, nan 
177.625, 75.625, 1.233588018523431e-23, nan 
177.875, 75.625, 1.5270092998226153e-23, nan 
178.125, 75.625, 2.37118988335983e-23, nan 
178.375, 75.625, 2.5876363539092932e-23, nan 
178.625, 75.625, 2.4980703573960945e-23, nan 
178.875, 75.625, 3.351759478188731e-23, nan 
179.125, 75.625, 3.652790329197171e-23, nan 
179.375, 75.625, 2.776090191178152e-23, nan 
179.625, 75.625, 1.8053995329108436e-23, nan 
179.875, 75.625, 2.1703674932784613e-23, nan 
-179.875, 75.875, 4.9804712735292344e-23, nan 
-179.625, 75.875, 4.742872963181768e-23, nan 
-179.375, 75.875, 3.788547838159451e-23, nan 
-179.125, 75.875, 4.1341322468293406e-23, nan 
-178.875, 75.875, 4.9846438791997776e-23, nan 
-178.625, 75.875, 5.865211808848119e-23, nan 
-178.375, 75.875, 4.3711220936208623e-23, nan 
-178.125, 75.875, 4.8501484778066605e-23, nan 
-177.875, 75.875, 2.674681212134012e-23, nan 
-177.625, 75.875, 1.9942327478777815e-23, nan 
-177.375, 75.875, 1.818168678841906e-23, nan 
-177.125, 75.875, 2.6379358491230304e-23, nan 
-176.875, 75.875, 2.3230830416457457e-23, nan 
-176.625, 75.875, 1.9158895301966757e-23, nan 
-176.375, 75.875, 1.6403749235085174e-23, nan 
-176.125, 75.875, 1.2606905712714495e-23, nan 
-175.875, 75.875, 1.4189134036584328e-23, nan 
-175.625, 75.875, 1.47040487776729e-23, nan 
-175.375, 75.875, 1.3034228044697236e-23, nan 
-175.125, 75.875, 1.3392276573399817e-23, nan 
-174.875, 75.875, 1.1487719334061848e-23, nan 
-174.625, 75.875, 8.113378180093762e-24, nan 
-174.375, 75.875, 5.6333290810639474e-24, nan 
-174.125, 75.875, 5.65621547138814e-24, nan 
-173.875, 75.875, 8.268856012066498e-24, nan 
-173.625, 75.875, 5.380994844814923e-24, nan 
-173.375, 75.875, 6.0959725775301045e-24, nan 
-173.125, 75.875, 4.833665938606188e-24, nan 
-172.875, 75.875, 2.541151925772737e-24, nan 
-172.625, 75.875, 5.2391688732805276e-24, nan 
-172.375, 75.875, 7.559131316736865e-24, nan 
-172.125, 75.875, 1.106502437721201e-23, nan 
-171.875, 75.875, 1.0900444418297165e-23, nan 
-171.625, 75.875, 8.184402373807312e-24, nan 
-171.375, 75.875, 1.157748706551069e-23, nan 
-171.125, 75.875, 1.6039661602582165e-23, nan 
-170.875, 75.875, 1.5995873023724383e-23, nan 
-170.625, 75.875, 1.4486220544636108e-23, nan 
-170.375, 75.875, 1.2062584789865424e-23, nan 
-170.125, 75.875, 1.4602344141041333e-23, nan 
-169.875, 75.875, 2.3115132162830415e-23, nan 
-169.625, 75.875, 2.420553115486046e-23, nan 
-169.375, 75.875, 2.3996925033276055e-23, nan 
-169.125, 75.875, 1.710042643227621e-23, nan 
-168.875, 75.875, 1.854902810411904e-23, nan 
-168.625, 75.875, 2.130185617699605e-23, nan 
-168.375, 75.875, 2.3223652812029137e-23, nan 
-168.125, 75.875, 1.9591321493533457e-23, nan 
-167.875, 75.875, 2.6648886598319366e-23, nan 
-167.625, 75.875, 2.504947290379442e-23, nan 
-167.375, 75.875, 1.7387498156465775e-23, nan 
-167.125, 75.875, 8.47860504378961e-24, nan 
-166.875, 75.875, 1.0285044347213839e-23, nan 
-166.625, 75.875, 1.0685785498328443e-23, nan 
-166.375, 75.875, 1.9871597912270218e-23, nan 
-166.125, 75.875, 1.599656093423642e-23, nan 
-165.875, 75.875, 8.830239831631446e-24, nan 
-165.625, 75.875, 1.1620541492450953e-23, nan 
-165.375, 75.875, 1.1086620689500349e-23, nan 
-165.125, 75.875, 6.0665446827966275e-24, nan 
-164.875, 75.875, 6.838420175600783e-24, nan 
-164.625, 75.875, 1.0318604192204222e-23, nan 
-164.375, 75.875, 1.761648667575288e-23, nan 
-164.125, 75.875, 1.8173692416131986e-23, nan 
-163.875, 75.875, 1.7287011707104658e-23, nan 
-163.625, 75.875, 1.699113257196043e-23, nan 
-163.375, 75.875, 1.2217595467851513e-23, nan 
-163.125, 75.875, 6.686621248302503e-24, nan 
-162.875, 75.875, 5.8825483880516054e-24, nan 
-162.625, 75.875, 1.0777088862337146e-23, nan 
-162.375, 75.875, 1.1080143876237005e-23, nan 
-162.125, 75.875, 1.0114844097925117e-23, nan 
-161.875, 75.875, 6.925715825623457e-24, nan 
-161.625, 75.875, 3.994426057228402e-24, nan 
-161.375, 75.875, 7.796390352940954e-24, nan 
-161.125, 75.875, 9.083390052595196e-24, nan 
-160.875, 75.875, 9.62700489937925e-24, nan 
-160.625, 75.875, 7.080599823721808e-24, nan 
-160.375, 75.875, 4.50208875062389e-24, nan 
-160.125, 75.875, 9.403782553857257e-24, nan 
-159.875, 75.875, 9.042188191782136e-24, nan 
-159.625, 75.875, 8.269238890769354e-24, nan 
-159.375, 75.875, 7.20672341439223e-24, nan 
-159.125, 75.875, 7.54403244879792e-24, nan 
-158.875, 75.875, 8.474866186628658e-24, nan 
-158.625, 75.875, 1.1489524841189545e-23, nan 
-158.375, 75.875, 8.974431672827444e-24, nan 
-158.125, 75.875, 1.0937247372221278e-23, nan 
-157.875, 75.875, 1.1477245409940886e-23, nan 
-157.625, 75.875, 1.2997593888953077e-23, nan 
-157.375, 75.875, 9.824525243586561e-24, nan 
-157.125, 75.875, 1.4590960625448558e-23, nan 
-156.875, 75.875, 1.5449226254326956e-23, nan 
-156.625, 75.875, 1.513391517953838e-23, nan 
-156.375, 75.875, 2.1028933078427898e-23, nan 
-156.125, 75.875, 2.2683539053019072e-23, nan 
-155.875, 75.875, 1.4483351471287597e-23, nan 
-155.625, 75.875, 1.2109669368659636e-23, nan 
-155.375, 75.875, 1.1485834286473747e-23, nan 
-155.125, 75.875, 1.956828228807055e-23, nan 
-154.875, 75.875, 2.00982916963709e-23, nan 
-154.625, 75.875, 1.106713274297756e-23, nan 
-154.375, 75.875, 9.352895444339303e-24, nan 
-154.125, 75.875, 1.2074061684944364e-23, nan 
-153.875, 75.875, 1.418495260122039e-23, nan 
-153.625, 75.875, 1.7437432207970974e-23, nan 
-153.375, 75.875, 1.7699717150154994e-23, nan 
-153.125, 75.875, 1.2714913370574084e-23, nan 
-152.875, 75.875, 1.1793690188277595e-23, nan 
-152.625, 75.875, 1.504698496263356e-23, nan 
-152.375, 75.875, 1.6135703409179305e-23, nan 
-152.125, 75.875, 1.578765520736513e-23, nan 
-151.875, 75.875, 1.3722737085504603e-23, nan 
-151.625, 75.875, 1.1610398204449165e-23, nan 
-151.375, 75.875, 6.1561951220024964e-24, nan 
-3.125, 75.875, 1.3267633923768333e-24, nan 
-2.875, 75.875, 1.1442109818101913e-24, nan 
-2.625, 75.875, 1.6517008532860566e-24, nan 
-2.375, 75.875, 3.326283765994988e-24, nan 
-2.125, 75.875, 2.2828093766226235e-24, nan 
-1.875, 75.875, 1.5948083677558754e-24, nan 
-1.625, 75.875, 7.321366234797537e-25, nan 
-1.375, 75.875, 8.612260584798432e-25, nan 
-1.125, 75.875, 1.0943747038836417e-24, nan 
-0.875, 75.875, 3.6118790525527884e-25, nan 
-0.625, 75.875, 5.862580863043529e-25, nan 
-0.375, 75.875, 5.619850908903934e-25, nan 
-0.125, 75.875, 1.0477603755339218e-24, nan 
0.125, 75.875, 9.874472083194983e-25, nan 
0.375, 75.875, 7.150388525756405e-25, nan 
0.625, 75.875, 7.123013281636363e-25, nan 
0.875, 75.875, 9.947809886719466e-25, nan 
1.125, 75.875, 8.018051712855841e-25, nan 
1.375, 75.875, 1.1270345332333282e-24, nan 
1.625, 75.875, 1.0577937360281915e-24, nan 
1.875, 75.875, 9.990382681633502e-25, nan 
2.125, 75.875, 1.1167594433881642e-24, nan 
2.375, 75.875, 1.5298104795143622e-24, nan 
2.625, 75.875, 2.8266478214613736e-24, nan 
2.875, 75.875, 5.2110075164235795e-24, nan 
3.125, 75.875, 4.9512619262109455e-24, nan 
3.375, 75.875, 4.235612782008255e-24, nan 
3.625, 75.875, 2.424040762088654e-24, nan 
3.875, 75.875, 1.4982637115448662e-24, nan 
4.125, 75.875, 1.898286231119786e-24, nan 
4.375, 75.875, 1.9127177492797247e-24, nan 
4.625, 75.875, 2.5993443031218472e-24, nan 
4.875, 75.875, 2.353695670217144e-24, nan 
5.125, 75.875, 2.6821781447274467e-24, nan 
5.375, 75.875, 2.9504556957942804e-24, nan 
5.625, 75.875, 3.5550705193366465e-24, nan 
5.875, 75.875, 3.549937793105524e-24, nan 
6.125, 75.875, 2.7973326539275705e-24, nan 
6.375, 75.875, 3.2498973862234684e-24, nan 
6.625, 75.875, 4.048880652956935e-24, nan 
6.875, 75.875, 3.390304305169367e-24, nan 
7.125, 75.875, 2.126073823639127e-24, nan 
7.375, 75.875, 8.697681139238379e-25, nan 
7.625, 75.875, 1.1056856193328782e-24, nan 
7.875, 75.875, 1.0910164738940392e-24, nan 
8.125, 75.875, 8.274128137931976e-25, nan 
8.375, 75.875, 9.951169918117278e-25, nan 
8.625, 75.875, 1.3618916857981953e-24, nan 
8.875, 75.875, 1.1219106169413154e-24, nan 
9.125, 75.875, 6.735704792252744e-25, nan 
9.375, 75.875, 9.602254809356191e-25, nan 
9.625, 75.875, 4.9165093362032265e-25, nan 
9.875, 75.875, 9.688978511559882e-25, nan 
10.125, 75.875, 9.374782365358502e-25, nan 
10.375, 75.875, 6.641982352271772e-25, nan 
10.625, 75.875, 8.0633108838040855e-25, nan 
10.875, 75.875, 1.777586762963201e-25, nan 
11.125, 75.875, 5.001204412793637e-25, nan 
11.375, 75.875, 6.011289014659543e-25, nan 
11.625, 75.875, 1.3893448748452087e-24, nan 
11.875, 75.875, 2.4023230056324942e-24, nan 
12.125, 75.875, 1.629088315528513e-24, nan 
12.375, 75.875, 4.2785670764668335e-24, nan 
12.625, 75.875, 5.018588182691214e-24, nan 
12.875, 75.875, 4.706591577301584e-24, nan 
13.125, 75.875, 5.8454403414954454e-24, nan 
13.375, 75.875, 6.072999856934642e-24, nan 
13.625, 75.875, 7.942081285846027e-24, nan 
13.875, 75.875, 8.616225951712763e-24, nan 
14.125, 75.875, 7.795587450403726e-24, nan 
14.375, 75.875, 7.691500189042741e-24, nan 
14.625, 75.875, 7.145665698668761e-24, nan 
14.875, 75.875, 7.27356572367848e-24, nan 
15.125, 75.875, 7.522453695902786e-24, nan 
15.375, 75.875, 6.858764585663858e-24, nan 
15.625, 75.875, 5.4365497754157725e-24, nan 
15.875, 75.875, 4.317032770308224e-24, nan 
16.125, 75.875, 4.227240345858014e-24, nan 
16.375, 75.875, 2.8185391547221264e-24, nan 
16.625, 75.875, 1.856958573717014e-24, nan 
16.875, 75.875, 1.7743168043030392e-24, nan 
17.125, 75.875, 2.4318091195867227e-24, nan 
17.375, 75.875, 2.6060048121544974e-24, nan 
17.625, 75.875, 3.6873380924868004e-24, nan 
17.875, 75.875, 1.7272874822975183e-24, nan 
18.125, 75.875, 2.1200640111399877e-24, nan 
18.375, 75.875, 3.504588106677442e-24, nan 
18.625, 75.875, 3.0037120179322485e-24, nan 
18.875, 75.875, 6.426938872764625e-24, nan 
19.125, 75.875, 2.4121307014533507e-24, nan 
19.375, 75.875, 1.2175346800753897e-24, nan 
19.625, 75.875, 1.533624281923796e-24, nan 
19.875, 75.875, 2.1957673400841598e-24, nan 
20.125, 75.875, 2.8276875145587237e-24, nan 
20.375, 75.875, 3.7107461971885346e-24, nan 
20.625, 75.875, 3.770940272758714e-24, nan 
20.875, 75.875, 3.52888374263248e-24, nan 
21.125, 75.875, 3.617700227272986e-24, nan 
21.375, 75.875, 3.285036272921282e-24, nan 
21.625, 75.875, 3.020620549604233e-24, nan 
21.875, 75.875, 3.762575592884946e-24, nan 
22.125, 75.875, 3.9798773920004375e-24, nan 
22.375, 75.875, 3.916278740011459e-24, nan 
22.625, 75.875, 4.1706224758318386e-24, nan 
22.875, 75.875, 2.5191674765250094e-24, nan 
23.125, 75.875, 2.0559819299431385e-24, nan 
23.375, 75.875, 1.669257152027418e-24, nan 
23.625, 75.875, 3.491039903078081e-24, nan 
23.875, 75.875, 3.8765918400095385e-24, nan 
24.125, 75.875, 3.1529213012229247e-24, nan 
24.375, 75.875, 2.460805953629626e-24, nan 
24.625, 75.875, 2.0864444201709242e-24, nan 
24.875, 75.875, 2.196581995513387e-24, nan 
25.125, 75.875, 2.927014012198707e-24, nan 
25.375, 75.875, 2.9939678153674605e-24, nan 
25.625, 75.875, 2.3562418776320097e-24, nan 
25.875, 75.875, 3.231685545163848e-24, nan 
26.125, 75.875, 3.374573007999232e-24, nan 
26.375, 75.875, 3.0465672117276746e-24, nan 
26.625, 75.875, 3.488771982266248e-24, nan 
26.875, 75.875, 3.0999424447507677e-24, nan 
27.125, 75.875, 2.8485832101388135e-24, nan 
27.375, 75.875, 3.2606574504290262e-24, nan 
27.625, 75.875, 2.445354354669362e-24, nan 
27.875, 75.875, 2.7128748151287984e-24, nan 
28.125, 75.875, 2.100267504830068e-24, nan 
28.375, 75.875, 2.2832977952278498e-24, nan 
28.625, 75.875, 2.331931321027661e-24, nan 
28.875, 75.875, 2.1634364486005177e-24, nan 
29.125, 75.875, 1.7641411114767565e-24, nan 
29.375, 75.875, 2.3056882885032778e-24, nan 
29.625, 75.875, 3.842124082435368e-24, nan 
29.875, 75.875, 4.3906469193962474e-24, nan 
30.125, 75.875, 3.603845984962608e-24, nan 
30.375, 75.875, 2.7635986686401395e-24, nan 
30.625, 75.875, 1.678027638215953e-24, nan 
30.875, 75.875, 2.0452605207473304e-24, nan 
31.125, 75.875, 1.9599282771936253e-24, nan 
31.375, 75.875, 1.6479378834665546e-24, nan 
31.625, 75.875, 1.9894584905597328e-24, nan 
31.875, 75.875, 4.098184329801771e-24, nan 
32.125, 75.875, 4.055810086585148e-24, nan 
32.375, 75.875, 2.9058351887804784e-24, nan 
32.625, 75.875, 2.2247540957260125e-24, nan 
32.875, 75.875, 2.226190587730223e-24, nan 
33.125, 75.875, 3.1472774951683552e-24, nan 
33.375, 75.875, 3.381205134596902e-24, nan 
33.625, 75.875, 2.7925002803891837e-24, nan 
33.875, 75.875, 2.6764543478568266e-24, nan 
34.125, 75.875, 2.663680091299864e-24, nan 
34.375, 75.875, 4.4188332018060856e-24, nan 
34.625, 75.875, 5.5923231711050316e-24, nan 
34.875, 75.875, 4.6694480957073e-24, nan 
35.125, 75.875, 4.542551216622233e-24, nan 
35.375, 75.875, 4.9588178867913695e-24, nan 
35.625, 75.875, 4.69176058615223e-24, nan 
35.875, 75.875, 5.22933426073181e-24, nan 
36.125, 75.875, 3.7646834007195975e-24, nan 
36.375, 75.875, 2.6895736595684605e-24, nan 
36.625, 75.875, 4.264947455890557e-24, nan 
36.875, 75.875, 7.790638511306632e-24, nan 
37.125, 75.875, 8.779962198791202e-24, nan 
37.375, 75.875, 8.851624175142355e-24, nan 
37.625, 75.875, 3.052759533191363e-24, nan 
37.875, 75.875, 3.567674308941969e-24, nan 
38.125, 75.875, 5.830986137062466e-24, nan 
38.375, 75.875, 4.839684397373423e-24, nan 
38.625, 75.875, 4.873488763105367e-24, nan 
38.875, 75.875, 2.247359878111614e-24, nan 
39.125, 75.875, 2.216955791951535e-24, nan 
39.375, 75.875, 1.5240542618846503e-24, nan 
39.625, 75.875, 2.0986472324161004e-24, nan 
39.875, 75.875, 2.7936953542560118e-24, nan 
40.125, 75.875, 3.0677536506671526e-24, nan 
40.375, 75.875, 2.3297993356824562e-24, nan 
40.625, 75.875, 2.4575497217259748e-24, nan 
40.875, 75.875, 3.812695059593604e-24, nan 
41.125, 75.875, 4.186408624983208e-24, nan 
41.375, 75.875, 4.885736082697456e-24, nan 
41.625, 75.875, 2.8208521622499386e-24, nan 
41.875, 75.875, 3.5213614266262054e-24, nan 
42.125, 75.875, 5.8312739236614146e-24, nan 
42.375, 75.875, 1.0947264788503202e-23, nan 
42.625, 75.875, 6.263220888929071e-24, nan 
42.875, 75.875, 4.2148725810611436e-24, nan 
43.125, 75.875, 4.757357608973379e-24, nan 
43.375, 75.875, 7.782025013510924e-24, nan 
43.625, 75.875, 6.180912644767242e-24, nan 
43.875, 75.875, 2.7893653725657948e-24, nan 
44.125, 75.875, 4.3565623477614806e-24, nan 
44.375, 75.875, 8.358279937444865e-24, nan 
44.625, 75.875, 1.2813525566583045e-23, nan 
44.875, 75.875, 7.567264183984194e-24, nan 
45.125, 75.875, 6.535475382294149e-24, nan 
45.375, 75.875, 6.65062481921784e-24, nan 
45.625, 75.875, 1.0282944351837029e-23, nan 
45.875, 75.875, 1.0245270717729276e-23, nan 
46.125, 75.875, 8.798672928572748e-24, nan 
46.375, 75.875, 7.262967144850739e-24, nan 
46.625, 75.875, 6.027616030334106e-24, nan 
46.875, 75.875, 7.80076655832747e-24, nan 
47.125, 75.875, 8.277926253088082e-24, nan 
47.375, 75.875, 1.04301627845807e-23, nan 
47.625, 75.875, 8.649136058724323e-24, nan 
47.875, 75.875, 7.704748625996537e-24, nan 
48.125, 75.875, 5.126328409049194e-24, nan 
48.375, 75.875, 6.347892268242999e-24, nan 
48.625, 75.875, 4.291456675346358e-24, nan 
48.875, 75.875, 8.089995825944192e-24, nan 
49.125, 75.875, 4.401247016648628e-24, nan 
49.375, 75.875, 2.5856704400722664e-24, nan 
49.625, 75.875, 3.31706394573881e-24, nan 
49.875, 75.875, 1.0637287606702681e-23, nan 
50.125, 75.875, 7.91711727770554e-24, nan 
50.375, 75.875, 9.031093817723011e-24, nan 
50.625, 75.875, 4.3347281489159355e-24, nan 
50.875, 75.875, 2.983643289632866e-24, nan 
51.125, 75.875, 1.3117895026451343e-23, nan 
51.375, 75.875, 7.23688142846937e-24, nan 
51.625, 75.875, 8.288268984534133e-24, nan 
51.875, 75.875, 5.493994124659077e-24, nan 
52.125, 75.875, 7.199653710646413e-24, nan 
52.375, 75.875, 1.3819613943454478e-23, nan 
52.625, 75.875, 1.8006326210996016e-23, nan 
52.875, 75.875, 1.2517682284645802e-23, nan 
53.125, 75.875, 1.3578337084459963e-23, nan 
53.375, 75.875, 1.892606345775185e-23, nan 
53.625, 75.875, 1.7144487180630254e-23, nan 
53.875, 75.875, 1.9611725263364913e-23, nan 
54.125, 75.875, 1.8195363104321178e-23, nan 
54.375, 75.875, 2.0292934550135628e-23, nan 
54.625, 75.875, 2.847657115227314e-23, nan 
54.875, 75.875, 2.676635925946811e-23, nan 
55.125, 75.875, 4.13713873081262e-23, nan 
55.375, 75.875, 4.513306705200135e-23, nan 
55.625, 75.875, 4.559441705524416e-23, nan 
55.875, 75.875, 3.658910785347259e-23, nan 
56.125, 75.875, 2.2553407318719418e-23, nan 
56.375, 75.875, 6.710332978763935e-23, nan 
56.625, 75.875, 6.803997979106509e-23, nan 
56.875, 75.875, 5.997251985539882e-23, nan 
57.125, 75.875, 4.69028511475412e-23, nan 
57.375, 75.875, 2.701110322134066e-23, nan 
57.625, 75.875, 2.8271072976266914e-23, nan 
57.875, 75.875, 3.850231930507903e-23, nan 
58.125, 75.875, 4.209726381288033e-23, nan 
58.375, 75.875, 3.3717177150880715e-23, nan 
58.625, 75.875, 2.2985839926795807e-23, nan 
58.875, 75.875, 1.2890150052754454e-23, nan 
59.125, 75.875, 1.63846269352703e-23, nan 
59.375, 75.875, 2.7274352203433233e-23, nan 
59.625, 75.875, 1.1785449356668978e-23, nan 
59.875, 75.875, 2.8915921352283456e-23, nan 
60.125, 75.875, 3.4193148648569054e-23, nan 
60.375, 75.875, 1.8182990325399465e-23, nan 
60.625, 75.875, 1.8187335407461188e-23, nan 
60.875, 75.875, 1.1886428478149058e-23, nan 
61.125, 75.875, 1.5347567155796457e-23, nan 
61.375, 75.875, 1.293617288356064e-23, nan 
61.625, 75.875, 2.1073264459535227e-23, nan 
61.875, 75.875, 3.014936037366148e-23, nan 
62.125, 75.875, 3.577525206051214e-23, nan 
62.375, 75.875, 3.646986860805907e-23, nan 
62.625, 75.875, 3.22749268376418e-23, nan 
62.875, 75.875, 1.9645394045797624e-23, nan 
63.125, 75.875, 3.3043866366269466e-23, nan 
63.375, 75.875, 3.5777875166373454e-23, nan 
63.625, 75.875, 5.1345636001018104e-23, nan 
63.875, 75.875, 4.538965344445556e-23, nan 
64.125, 75.875, 6.546569894512247e-23, nan 
64.375, 75.875, 6.946419151855907e-23, nan 
64.625, 75.875, 1.341589831545633e-22, nan 
64.875, 75.875, 9.900032963791142e-23, nan 
65.125, 75.875, 8.316335471862364e-23, nan 
65.375, 75.875, 1.1688989144769946e-22, nan 
65.625, 75.875, 1.407591923662893e-22, nan 
65.875, 75.875, 2.8820330521878577e-22, nan 
66.125, 75.875, 1.7332726335094052e-22, nan 
66.375, 75.875, 8.431776223947736e-23, nan 
66.625, 75.875, 6.360104573127084e-23, nan 
66.875, 75.875, 1.3933864066995255e-22, nan 
67.125, 75.875, 2.4464139674188115e-22, nan 
67.375, 75.875, 1.5915661371138479e-22, nan 
67.625, 75.875, 1.0259623049365934e-22, nan 
67.875, 75.875, 8.448986439285713e-23, nan 
68.125, 75.875, 7.751173453792268e-23, nan 
68.375, 75.875, 5.941098561481426e-23, nan 
68.625, 75.875, 8.13586102404832e-23, nan 
68.875, 75.875, 7.918315013653317e-23, nan 
69.125, 75.875, 4.031405886955393e-23, nan 
69.375, 75.875, 6.118918504770783e-23, nan 
69.625, 75.875, 7.242592121404953e-23, nan 
69.875, 75.875, 1.0836429089411987e-22, nan 
70.125, 75.875, 1.109704697714285e-22, nan 
70.375, 75.875, 1.1065896984573658e-22, nan 
70.625, 75.875, 1.0611711209454757e-22, nan 
70.875, 75.875, 8.571513082461315e-23, nan 
71.125, 75.875, 8.547157849592274e-23, nan 
71.375, 75.875, 9.534397847281435e-23, nan 
71.625, 75.875, 9.582786774760255e-23, nan 
71.875, 75.875, 1.4557153735358489e-22, nan 
72.125, 75.875, 1.5890335753151262e-22, nan 
72.375, 75.875, 2.270825111475752e-22, nan 
72.625, 75.875, 2.656030576427891e-22, nan 
72.875, 75.875, 2.625119279468844e-22, nan 
73.125, 75.875, 2.3847538466535345e-22, nan 
73.375, 75.875, 2.467385865970764e-22, nan 
73.625, 75.875, 2.4506483113676336e-22, nan 
73.875, 75.875, 2.5096383096011043e-22, nan 
74.125, 75.875, 3.623084652209968e-22, nan 
74.375, 75.875, 2.9806287682052113e-22, nan 
74.625, 75.875, 3.5082735579165125e-22, nan 
74.875, 75.875, 1.7506218875170492e-22, nan 
75.125, 75.875, 1.992814511207554e-22, nan 
75.375, 75.875, 2.0149731229697355e-22, nan 
75.625, 75.875, 2.3241053607942154e-22, nan 
75.875, 75.875, 2.7619294093933695e-22, nan 
76.125, 75.875, 2.9058102948064303e-22, nan 
76.375, 75.875, 3.394887578263986e-22, nan 
76.625, 75.875, 3.839981656718572e-22, nan 
76.875, 75.875, 4.273938399089087e-22, nan 
77.125, 75.875, 5.454803791719077e-22, nan 
77.375, 75.875, 4.671101479016605e-22, nan 
77.625, 75.875, 2.4981786310760724e-22, nan 
77.875, 75.875, 1.9902006768923758e-22, nan 
78.125, 75.875, 3.386935706129737e-22, nan 
78.375, 75.875, 6.090138630004939e-22, nan 
78.625, 75.875, 7.922781001266037e-22, nan 
78.875, 75.875, 8.258716197983321e-22, nan 
79.125, 75.875, 5.016805879718114e-22, nan 
79.375, 75.875, 5.652579448923232e-22, nan 
79.625, 75.875, 5.537152009704157e-22, nan 
79.875, 75.875, 7.5441158811776925e-22, nan 
80.125, 75.875, 1.0764541363642631e-21, nan 
80.375, 75.875, 6.455908161857516e-22, nan 
80.625, 75.875, 7.690014155049753e-22, nan 
80.875, 75.875, 5.145313773532039e-22, nan 
81.125, 75.875, 2.606384112709785e-22, nan 
81.375, 75.875, 3.492850566926737e-22, nan 
81.625, 75.875, 3.981128623017781e-22, nan 
81.875, 75.875, 4.379559324155389e-22, nan 
82.125, 75.875, 3.329014858091924e-22, nan 
82.375, 75.875, 3.181580603342746e-22, nan 
82.625, 75.875, 3.282056174335161e-22, nan 
82.875, 75.875, 4.876394971490796e-22, nan 
83.125, 75.875, 9.899139276361943e-22, nan 
83.375, 75.875, 9.660311133637976e-22, nan 
83.625, 75.875, 6.7881979737939225e-22, nan 
83.875, 75.875, 1.607677131485319e-22, nan 
84.125, 75.875, 2.562852042269331e-22, nan 
84.375, 75.875, 3.6030215378764056e-22, nan 
84.625, 75.875, 7.0075012254649435e-22, nan 
84.875, 75.875, 3.464314954388129e-22, nan 
85.125, 75.875, 2.717796957271284e-22, nan 
85.375, 75.875, 3.7910528252996653e-22, nan 
85.625, 75.875, 1.0472163972678218e-21, nan 
85.875, 75.875, 5.488397637907547e-22, nan 
86.125, 75.875, 8.174354142388434e-22, nan 
86.375, 75.875, 5.984265342678102e-22, nan 
86.625, 75.875, 9.073205170579038e-22, nan 
86.875, 75.875, 6.595284931672758e-22, nan 
87.125, 75.875, 3.585072352384195e-22, nan 
87.375, 75.875, 7.411950760934908e-22, nan 
87.625, 75.875, 1.6499855949455653e-21, nan 
87.875, 75.875, 1.8274967622055957e-21, nan 
88.125, 75.875, 1.579680191143041e-21, nan 
88.375, 75.875, 2.3258004641591045e-21, nan 
88.625, 75.875, 3.1189136619357093e-21, nan 
88.875, 75.875, 3.1467805938221004e-21, nan 
89.125, 75.875, 3.3519652905326653e-21, nan 
89.375, 75.875, 4.896334294581764e-21, nan 
89.625, 75.875, 3.327915343742129e-21, nan 
89.875, 75.875, 3.683253470361342e-21, nan 
90.125, 75.875, 4.055106686875043e-21, nan 
90.375, 75.875, 4.71251286684842e-21, nan 
90.625, 75.875, 9.601229610856699e-21, nan 
90.875, 75.875, 2.8450195809084302e-21, nan 
91.125, 75.875, 1.2224602242217307e-21, nan 
91.375, 75.875, 3.789462631165405e-21, nan 
91.625, 75.875, 3.991355233841225e-21, nan 
91.875, 75.875, 5.401791019228882e-21, nan 
92.125, 75.875, 4.238240615823157e-21, nan 
92.375, 75.875, 6.722605685001771e-21, nan 
92.625, 75.875, 6.89210945548569e-21, nan 
92.875, 75.875, 4.4365348467087735e-21, nan 
93.125, 75.875, 3.374110922055515e-21, nan 
93.375, 75.875, 2.494867013910795e-21, nan 
93.625, 75.875, 5.5885726102206986e-21, nan 
93.875, 75.875, 6.0417931242203394e-21, nan 
94.125, 75.875, 4.831092021400935e-21, nan 
94.375, 75.875, 8.359164137561964e-21, nan 
94.625, 75.875, 9.380963855180643e-21, nan 
94.875, 75.875, 7.850818691797834e-21, nan 
95.125, 75.875, 9.1722621408413e-21, nan 
95.375, 75.875, 1.3454168150125308e-20, nan 
95.625, 75.875, 1.0728456649045111e-20, nan 
95.875, 75.875, 1.1177467422806182e-20, nan 
96.125, 75.875, 6.36528408725636e-21, nan 
96.375, 75.875, 5.634086608369523e-21, nan 
96.625, 75.875, 8.528138146704525e-21, nan 
96.875, 75.875, 1.00622160368484e-20, nan 
97.125, 75.875, 1.4551023408593773e-20, nan 
97.375, 75.875, 1.5816400048067697e-20, nan 
97.625, 75.875, 1.7880780300269706e-20, nan 
97.875, 75.875, 1.9801337081630897e-20, nan 
98.125, 75.875, 1.5605684909482165e-20, nan 
98.375, 75.875, 1.5113883692982597e-20, nan 
98.625, 75.875, 2.102883344311863e-20, nan 
98.875, 75.875, 2.3299172788729823e-20, nan 
99.125, 75.875, 2.782498685814639e-20, nan 
99.375, 75.875, 2.6066424823396634e-20, nan 
99.625, 75.875, 4.1200362371133947e-20, nan 
99.875, 75.875, 3.934285322822134e-20, nan 
100.125, 75.875, 3.03402678383106e-20, nan 
100.375, 75.875, 2.864886044696188e-20, nan 
100.625, 75.875, 2.681111039119943e-20, nan 
100.875, 75.875, 3.348822478445142e-20, nan 
101.125, 75.875, 3.87215990958469e-20, nan 
101.375, 75.875, 2.744635401889453e-20, nan 
101.625, 75.875, 3.904565712077903e-20, nan 
101.875, 75.875, 3.513413984295711e-20, nan 
102.125, 75.875, 1.813271525729851e-20, nan 
102.375, 75.875, 1.1729892976841205e-20, nan 
102.625, 75.875, 1.732949343093173e-20, nan 
102.875, 75.875, 1.1017457636063149e-20, nan 
103.125, 75.875, 1.7145270452405105e-20, nan 
103.375, 75.875, 1.8512687312732135e-20, nan 
103.625, 75.875, 2.659882983870511e-20, nan 
103.875, 75.875, 2.818328218440268e-20, nan 
104.125, 75.875, 2.357372946130758e-20, nan 
104.375, 75.875, 5.504461057129125e-20, nan 
104.625, 75.875, 2.969040759203672e-20, nan 
104.875, 75.875, 1.7408340024631583e-20, nan 
105.125, 75.875, 2.30081833860982e-20, nan 
105.375, 75.875, 3.482516415132634e-20, nan 
105.625, 75.875, 4.756440938557867e-20, nan 
105.875, 75.875, 4.4611514472384776e-20, nan 
106.125, 75.875, 3.522830274729142e-20, nan 
106.375, 75.875, 1.6711256041263093e-20, nan 
106.625, 75.875, 1.9899539754686508e-20, nan 
106.875, 75.875, 2.179978722144914e-20, nan 
107.125, 75.875, 2.2330324536970567e-20, nan 
107.375, 75.875, 4.566850423106737e-20, nan 
107.625, 75.875, 7.963650933571223e-20, nan 
107.875, 75.875, 7.240186415847405e-20, nan 
108.125, 75.875, 6.609394211056904e-20, nan 
108.375, 75.875, 2.92459574395841e-20, nan 
108.625, 75.875, 6.767802908274857e-20, nan 
108.875, 75.875, 1.35756226861993e-19, nan 
109.125, 75.875, 1.0671694101505709e-19, nan 
109.375, 75.875, 7.607768849867155e-20, nan 
109.625, 75.875, 4.648108561827213e-20, nan 
109.875, 75.875, 4.449818172259351e-20, nan 
110.125, 75.875, 7.07635832119907e-20, nan 
110.375, 75.875, 6.324404446527766e-20, nan 
110.625, 75.875, 4.024095811458504e-20, nan 
110.875, 75.875, 3.777371102429729e-20, nan 
111.125, 75.875, 4.1986352862179353e-20, nan 
111.375, 75.875, 4.7107208256217334e-20, nan 
111.625, 75.875, 8.403459227534853e-20, nan 
111.875, 75.875, 8.808874463413512e-20, nan 
112.125, 75.875, 3.36406614566166e-20, nan 
112.375, 75.875, 7.238602326954049e-20, nan 
112.625, 75.875, 2.9704231759184745e-20, nan 
112.875, 75.875, 6.23825826633592e-20, nan 
113.125, 75.875, 6.476890673090781e-20, nan 
113.375, 75.875, 8.352867981981742e-20, nan 
113.625, 75.875, 9.921174068517785e-20, nan 
113.875, 75.875, 6.32522713540411e-20, nan 
114.125, 75.875, 9.331717225135117e-20, nan 
114.375, 75.875, 5.991265701352487e-20, nan 
114.625, 75.875, 9.153756082450835e-20, nan 
114.875, 75.875, 9.934183433942667e-20, nan 
115.125, 75.875, 9.18546883961115e-20, nan 
115.375, 75.875, 1.7203521812642243e-19, nan 
115.625, 75.875, 1.141197111146116e-19, nan 
115.875, 75.875, 7.16976553135985e-20, nan 
116.125, 75.875, 1.5598549003686497e-19, nan 
116.375, 75.875, 1.0221506843826105e-19, nan 
116.625, 75.875, 1.3448933432060827e-19, nan 
116.875, 75.875, 1.1247547336840292e-19, nan 
117.125, 75.875, 1.4468116491669273e-19, nan 
117.375, 75.875, 1.5474347778790454e-19, nan 
117.625, 75.875, 1.3498834062918245e-19, nan 
117.875, 75.875, 1.7350248605486107e-19, nan 
118.125, 75.875, 1.240442773398491e-19, nan 
118.375, 75.875, 1.3641365761596714e-19, nan 
118.625, 75.875, 9.682966724845917e-20, nan 
118.875, 75.875, 9.018081475971172e-20, nan 
119.125, 75.875, 5.636443784957437e-20, nan 
119.375, 75.875, 9.083506890915775e-20, nan 
119.625, 75.875, 6.433187600913435e-20, nan 
119.875, 75.875, 8.780496297946506e-20, nan 
120.125, 75.875, 3.319817312905158e-20, nan 
120.375, 75.875, 2.869181198466025e-20, nan 
120.625, 75.875, 2.762508504909151e-20, nan 
120.875, 75.875, 3.585812701483376e-20, nan 
121.125, 75.875, 4.000448712099533e-20, nan 
121.375, 75.875, 3.665538797404597e-20, nan 
121.625, 75.875, 2.723827920646256e-20, nan 
121.875, 75.875, 2.4055354142716233e-20, nan 
122.125, 75.875, 2.0438869709124517e-20, nan 
122.375, 75.875, 2.6232286660061743e-20, nan 
122.625, 75.875, 2.6476786067021926e-20, nan 
122.875, 75.875, 2.0574369890964656e-20, nan 
123.125, 75.875, 2.54232853171348e-20, nan 
123.375, 75.875, 2.5860843776275977e-20, nan 
123.625, 75.875, 3.2027492481858666e-20, nan 
123.875, 75.875, 2.3447737290276134e-20, nan 
124.125, 75.875, 1.9072609680886507e-20, nan 
124.375, 75.875, 1.9641626197937458e-20, nan 
124.625, 75.875, 1.4934934925750676e-20, nan 
124.875, 75.875, 1.304701628071957e-20, nan 
125.125, 75.875, 6.942257623337312e-21, nan 
125.375, 75.875, 1.136762053039594e-20, nan 
125.625, 75.875, 1.9086374273146014e-20, nan 
125.875, 75.875, 3.062254659386415e-20, nan 
126.125, 75.875, 2.867688396287078e-20, nan 
126.375, 75.875, 1.5187391977920395e-20, nan 
126.625, 75.875, 4.148922792077191e-21, nan 
126.875, 75.875, 1.8070044191875654e-20, nan 
127.125, 75.875, 2.5982789505620995e-20, nan 
127.375, 75.875, 2.1835420073776815e-20, nan 
127.625, 75.875, 1.032345988428294e-20, nan 
127.875, 75.875, 6.724162600468305e-21, nan 
128.125, 75.875, 9.725817604577715e-21, nan 
128.375, 75.875, 1.6281088915370485e-20, nan 
128.625, 75.875, 1.123292228147986e-20, nan 
128.875, 75.875, 1.0864823173293972e-20, nan 
129.125, 75.875, 1.4083588088807955e-20, nan 
129.375, 75.875, 2.0033394412593634e-20, nan 
129.625, 75.875, 2.98276228912297e-20, nan 
129.875, 75.875, 3.1640628613657756e-20, nan 
130.125, 75.875, 2.2404042925325417e-20, nan 
130.375, 75.875, 1.4551051511040855e-20, nan 
130.625, 75.875, 1.458691113276124e-20, nan 
130.875, 75.875, 1.472610329539465e-20, nan 
131.125, 75.875, 1.0845802196347127e-20, nan 
131.375, 75.875, 1.3052031069326208e-20, nan 
131.625, 75.875, 1.104528871101319e-20, nan 
131.875, 75.875, 6.926296221634536e-21, nan 
132.125, 75.875, 6.700507212801687e-21, nan 
132.375, 75.875, 6.7688056108195765e-21, nan 
132.625, 75.875, 9.071886045621434e-21, nan 
132.875, 75.875, 7.989488284594692e-21, nan 
133.125, 75.875, 5.012715089530181e-21, nan 
133.375, 75.875, 5.047131730792231e-21, nan 
133.625, 75.875, 3.869583427251581e-21, nan 
133.875, 75.875, 5.755592850667395e-21, nan 
134.125, 75.875, 4.86799084303944e-21, nan 
134.375, 75.875, 3.2909612184096336e-21, nan 
134.625, 75.875, 3.011363895234774e-21, nan 
134.875, 75.875, 4.216136863626199e-21, nan 
135.125, 75.875, 3.0057661621755464e-21, nan 
135.375, 75.875, 2.8784282310723654e-21, nan 
135.625, 75.875, 4.324360407731077e-21, nan 
135.875, 75.875, 5.374679156799232e-21, nan 
136.125, 75.875, 5.112930798157116e-21, nan 
136.375, 75.875, 1.9790860383639516e-21, nan 
136.625, 75.875, 8.332004010003096e-22, nan 
136.875, 75.875, 1.2357339684478877e-21, nan 
137.125, 75.875, 1.8632811963099416e-21, nan 
137.375, 75.875, 1.8804238265492377e-21, nan 
137.625, 75.875, 8.84590013964028e-22, nan 
137.875, 75.875, 1.0233747681168964e-21, nan 
138.125, 75.875, 1.47099166081401e-21, nan 
138.375, 75.875, 1.4416779009285048e-21, nan 
138.625, 75.875, 1.371357278607593e-21, nan 
138.875, 75.875, 1.490750953456472e-21, nan 
139.125, 75.875, 1.6211547275421219e-21, nan 
139.375, 75.875, 1.5394502652697035e-21, nan 
139.625, 75.875, 2.1506258720339648e-21, nan 
139.875, 75.875, 1.7256487803733647e-21, nan 
140.125, 75.875, 1.5211307993204103e-21, nan 
140.375, 75.875, 1.747601559874763e-21, nan 
140.625, 75.875, 2.1813142019237504e-21, nan 
140.875, 75.875, 2.450325961629748e-21, nan 
141.125, 75.875, 1.3703437735470591e-21, nan 
141.375, 75.875, 8.355570227379526e-22, nan 
141.625, 75.875, 1.0261720107020343e-21, nan 
141.875, 75.875, 7.163859466424307e-22, nan 
142.125, 75.875, 3.810751965593056e-22, nan 
142.375, 75.875, 3.4173357396415693e-22, nan 
142.625, 75.875, 2.340306112865993e-22, nan 
142.875, 75.875, 1.5219843769035097e-22, nan 
143.125, 75.875, 1.8574294325227195e-22, nan 
143.375, 75.875, 2.0723418131941847e-22, nan 
143.625, 75.875, 1.4990913856843324e-22, nan 
143.875, 75.875, 1.5443781804036687e-22, nan 
144.125, 75.875, 2.343282741420673e-22, nan 
144.375, 75.875, 1.3984620896960924e-22, nan 
144.625, 75.875, 3.7162619575741125e-22, nan 
144.875, 75.875, 6.132494956460287e-22, nan 
145.125, 75.875, 7.27137292920553e-22, nan 
145.375, 75.875, 8.80943985863994e-22, nan 
145.625, 75.875, 7.963454798306755e-22, nan 
145.875, 75.875, 6.642390895964765e-22, nan 
146.125, 75.875, 5.851592756889636e-22, nan 
146.375, 75.875, 6.714687126308349e-22, nan 
146.625, 75.875, 7.548403356466461e-22, nan 
146.875, 75.875, 6.468991712403996e-22, nan 
147.125, 75.875, 5.206838047050396e-22, nan 
147.375, 75.875, 3.884980307385639e-22, nan 
147.625, 75.875, 4.926956069972644e-22, nan 
147.875, 75.875, 3.943003762871225e-22, nan 
148.125, 75.875, 2.8504304700601725e-22, nan 
148.375, 75.875, 2.1039769157969687e-22, nan 
148.625, 75.875, 1.6659041780162762e-22, nan 
148.875, 75.875, 9.911236288912538e-23, nan 
149.125, 75.875, 2.5704292885141573e-22, nan 
149.375, 75.875, 2.072366731609157e-22, nan 
149.625, 75.875, 1.6608142581772516e-22, nan 
149.875, 75.875, 9.941581626592457e-23, nan 
150.125, 75.875, 8.088105038670939e-23, nan 
150.375, 75.875, 8.438323478360938e-23, nan 
150.625, 75.875, 1.5976804857102096e-22, nan 
150.875, 75.875, 9.762103256973055e-23, nan 
151.125, 75.875, 8.458892280882321e-23, nan 
151.375, 75.875, 1.3458153040018873e-22, nan 
151.625, 75.875, 1.0387266761497472e-22, nan 
151.875, 75.875, 1.4653835800706073e-22, nan 
152.125, 75.875, 1.0152766166980622e-22, nan 
152.375, 75.875, 6.860303051758884e-23, nan 
152.625, 75.875, 1.0693533870438448e-22, nan 
152.875, 75.875, 1.4782840585115736e-22, nan 
153.125, 75.875, 1.6342203951621333e-22, nan 
153.375, 75.875, 8.002996669560496e-23, nan 
153.625, 75.875, 7.688575815086068e-23, nan 
153.875, 75.875, 8.344032138010546e-23, nan 
154.125, 75.875, 1.432866435740231e-22, nan 
154.375, 75.875, 1.4541697672067518e-22, nan 
154.625, 75.875, 1.391943590693393e-22, nan 
154.875, 75.875, 1.4374608236681096e-22, nan 
155.125, 75.875, 7.936210978162102e-23, nan 
155.375, 75.875, 1.2715819127720005e-22, nan 
155.625, 75.875, 1.3848693805627907e-22, nan 
155.875, 75.875, 2.5916781379450653e-22, nan 
156.125, 75.875, 1.893591808605756e-22, nan 
156.375, 75.875, 1.1016967915364357e-22, nan 
156.625, 75.875, 1.015649527156526e-22, nan 
156.875, 75.875, 1.1201062172546633e-22, nan 
157.125, 75.875, 1.4485187116347704e-22, nan 
157.375, 75.875, 9.299954851101416e-23, nan 
157.625, 75.875, 1.8906315179657344e-22, nan 
157.875, 75.875, 8.4870507556796e-23, nan 
158.125, 75.875, 1.1514939009692578e-22, nan 
158.375, 75.875, 1.4576225030439447e-22, nan 
158.625, 75.875, 9.672480900320764e-23, nan 
158.875, 75.875, 1.375832977124886e-22, nan 
159.125, 75.875, 1.5274015581394742e-22, nan 
159.375, 75.875, 1.8701430713545565e-22, nan 
159.625, 75.875, 2.1411662032857583e-22, nan 
159.875, 75.875, 1.7105651754161496e-22, nan 
160.125, 75.875, 1.81525482741238e-22, nan 
160.375, 75.875, 1.819599938400005e-22, nan 
160.625, 75.875, 3.149027637959941e-22, nan 
160.875, 75.875, 3.75889508845224e-22, nan 
161.125, 75.875, 3.4009532854272187e-22, nan 
161.375, 75.875, 1.9410616356708186e-22, nan 
161.625, 75.875, 1.577570856754402e-22, nan 
161.875, 75.875, 1.598618552292861e-22, nan 
162.125, 75.875, 1.8822119199304136e-22, nan 
162.375, 75.875, 1.8360854279082545e-22, nan 
162.625, 75.875, 1.307498911392198e-22, nan 
162.875, 75.875, 1.0606859058580716e-22, nan 
163.125, 75.875, 7.074475119671678e-23, nan 
163.375, 75.875, 4.495647084991935e-23, nan 
163.625, 75.875, 9.548804073733246e-23, nan 
163.875, 75.875, 6.391202368046795e-23, nan 
164.125, 75.875, 6.44854865561772e-23, nan 
164.375, 75.875, 4.2744295111319e-23, nan 
164.625, 75.875, 4.579160377853599e-23, nan 
164.875, 75.875, 7.854526645788478e-23, nan 
165.125, 75.875, 9.00324683720049e-23, nan 
165.375, 75.875, 3.880859261702421e-23, nan 
165.625, 75.875, 3.714763256398979e-23, nan 
165.875, 75.875, 2.624354510677341e-23, nan 
166.125, 75.875, 5.160277248740846e-23, nan 
166.375, 75.875, 8.62218649604387e-23, nan 
166.625, 75.875, 1.061217037900537e-22, nan 
166.875, 75.875, 8.922710895025272e-23, nan 
167.125, 75.875, 8.736979231130684e-23, nan 
167.375, 75.875, 6.122559530339364e-23, nan 
167.625, 75.875, 9.376325791149431e-23, nan 
167.875, 75.875, 8.549800307586332e-23, nan 
168.125, 75.875, 6.633430628848181e-23, nan 
168.375, 75.875, 5.807066600686711e-23, nan 
168.625, 75.875, 3.9070634754420374e-23, nan 
168.875, 75.875, 2.398813935885588e-23, nan 
169.125, 75.875, 2.0325926695212262e-23, nan 
169.375, 75.875, 2.5113502564823752e-23, nan 
169.625, 75.875, 2.6611421242340406e-23, nan 
169.875, 75.875, 2.674123790623375e-23, nan 
170.125, 75.875, 1.9883199843801578e-23, nan 
170.375, 75.875, 1.3356128889969973e-23, nan 
170.625, 75.875, 3.030926769931589e-23, nan 
170.875, 75.875, 4.119330962536474e-23, nan 
171.125, 75.875, 4.588886201908618e-23, nan 
171.375, 75.875, 4.085518643175275e-23, nan 
171.625, 75.875, 1.6450886501540444e-23, nan 
171.875, 75.875, 1.305980112017921e-23, nan 
172.125, 75.875, 2.1919730023333685e-23, nan 
172.375, 75.875, 3.1138436533796277e-23, nan 
172.625, 75.875, 2.2914243374251239e-23, nan 
172.875, 75.875, 1.59533393303858e-23, nan 
173.125, 75.875, 1.9206780004211792e-23, nan 
173.375, 75.875, 2.0713876577844026e-23, nan 
173.625, 75.875, 1.8279237619541795e-23, nan 
173.875, 75.875, 3.6450475457761215e-23, nan 
174.125, 75.875, 4.5349679818505545e-23, nan 
174.375, 75.875, 3.626650863204783e-23, nan 
174.625, 75.875, 4.0309483537419456e-23, nan 
174.875, 75.875, 4.41264352096111e-23, nan 
175.125, 75.875, 4.940752501046768e-23, nan 
175.375, 75.875, 5.1416676277345454e-23, nan 
175.625, 75.875, 4.127139493416577e-23, nan 
175.875, 75.875, 4.52274401405578e-23, nan 
176.125, 75.875, 4.577559320478727e-23, nan 
176.375, 75.875, 3.445139044635163e-23, nan 
176.625, 75.875, 2.449004562970157e-23, nan 
176.875, 75.875, 1.6503602954234755e-23, nan 
177.125, 75.875, 2.535395566524729e-23, nan 
177.375, 75.875, 3.226070033309514e-23, nan 
177.625, 75.875, 3.344041000337746e-23, nan 
177.875, 75.875, 2.9532360349738386e-23, nan 
178.125, 75.875, 2.3138014479010195e-23, nan 
178.375, 75.875, 4.0500488846838005e-23, nan 
178.625, 75.875, 4.111166804479713e-23, nan 
178.875, 75.875, 6.466575846193159e-23, nan 
179.125, 75.875, 6.203895975793286e-23, nan 
179.375, 75.875, 3.7691721385930865e-23, nan 
179.625, 75.875, 3.3955490544993474e-23, nan 
179.875, 75.875, 3.564118033045505e-23, nan 
-179.875, 76.125, 4.448052466157072e-23, nan 
-179.625, 76.125, 4.0111625012048705e-23, nan 
-179.375, 76.125, 4.0888307448128796e-23, nan 
-179.125, 76.125, 2.8118605593472107e-23, nan 
-178.875, 76.125, 3.417371694460389e-23, nan 
-178.625, 76.125, 4.863311861835865e-23, nan 
-178.375, 76.125, 4.0740317808757367e-23, nan 
-178.125, 76.125, 4.5924903420063166e-23, nan 
-177.875, 76.125, 2.154746649546455e-23, nan 
-177.625, 76.125, 1.4296613077660251e-23, nan 
-177.375, 76.125, 1.893861233943276e-23, nan 
-177.125, 76.125, 1.567805838365468e-23, nan 
-176.875, 76.125, 2.4478571621132474e-23, nan 
-176.625, 76.125, 1.3351487162238948e-23, nan 
-176.375, 76.125, 1.4486418474146612e-23, nan 
-176.125, 76.125, 1.1027045133581512e-23, nan 
-175.875, 76.125, 8.854247694245363e-24, nan 
-175.625, 76.125, 5.087371034370894e-24, nan 
-175.375, 76.125, 7.692248100274061e-24, nan 
-175.125, 76.125, 9.646590246564803e-24, nan 
-174.875, 76.125, 1.1978213436474397e-23, nan 
-174.625, 76.125, 9.586184652121758e-24, nan 
-174.375, 76.125, 7.570490616345885e-24, nan 
-174.125, 76.125, 5.370940323759235e-24, nan 
-173.875, 76.125, 9.463568344047436e-24, nan 
-173.625, 76.125, 9.673360916997175e-24, nan 
-173.375, 76.125, 1.3241716899476338e-23, nan 
-173.125, 76.125, 2.0360093902163156e-23, nan 
-172.875, 76.125, 1.3661881147988222e-23, nan 
-172.625, 76.125, 2.5540894000717655e-23, nan 
-172.375, 76.125, 1.688492932967061e-23, nan 
-172.125, 76.125, 1.3872159960416436e-23, nan 
-171.875, 76.125, 1.8518267547382814e-23, nan 
-171.625, 76.125, 9.831977036708469e-24, nan 
-171.375, 76.125, 9.540285032246518e-24, nan 
-171.125, 76.125, 1.8405793253863396e-23, nan 
-170.875, 76.125, 1.807785946999162e-23, nan 
-170.625, 76.125, 1.5170640737898853e-23, nan 
-170.375, 76.125, 1.755139363180996e-23, nan 
-170.125, 76.125, 2.1692295401741443e-23, nan 
-169.875, 76.125, 2.422674925819516e-23, nan 
-169.625, 76.125, 2.270092151978458e-23, nan 
-169.375, 76.125, 2.2262236114538796e-23, nan 
-169.125, 76.125, 2.2006033661763308e-23, nan 
-168.875, 76.125, 1.585881051625315e-23, nan 
-168.625, 76.125, 1.0492939309656464e-23, nan 
-168.375, 76.125, 1.2350609886087715e-23, nan 
-168.125, 76.125, 1.1978040183048301e-23, nan 
-167.875, 76.125, 1.6827718336571655e-23, nan 
-167.625, 76.125, 2.4370119871295917e-23, nan 
-167.375, 76.125, 1.9180372671622725e-23, nan 
-167.125, 76.125, 1.4289290119523593e-23, nan 
-166.875, 76.125, 1.7184886854280847e-23, nan 
-166.625, 76.125, 1.6992550521451672e-23, nan 
-166.375, 76.125, 1.2049222505005237e-23, nan 
-166.125, 76.125, 1.215616837881527e-23, nan 
-165.875, 76.125, 1.450331548384785e-23, nan 
-165.625, 76.125, 1.6802713447133358e-23, nan 
-165.375, 76.125, 1.3487228584220913e-23, nan 
-165.125, 76.125, 1.2063557961679479e-23, nan 
-164.875, 76.125, 1.0937485105974166e-23, nan 
-164.625, 76.125, 1.2342758345116754e-23, nan 
-164.375, 76.125, 1.4685308478944035e-23, nan 
-164.125, 76.125, 1.35532595066998e-23, nan 
-163.875, 76.125, 1.2388191384683698e-23, nan 
-163.625, 76.125, 1.0817684123136352e-23, nan 
-163.375, 76.125, 1.1316867641004584e-23, nan 
-163.125, 76.125, 1.520576220838866e-23, nan 
-162.875, 76.125, 1.4376037577422828e-23, nan 
-162.625, 76.125, 1.4394351576035536e-23, nan 
-162.375, 76.125, 1.244198457848943e-23, nan 
-162.125, 76.125, 7.508974531933497e-24, nan 
-161.875, 76.125, 5.166706737922552e-24, nan 
-161.625, 76.125, 5.478437636132079e-24, nan 
-161.375, 76.125, 6.099251977738418e-24, nan 
-161.125, 76.125, 5.47378372070817e-24, nan 
-160.875, 76.125, 7.664880993221662e-24, nan 
-160.625, 76.125, 7.034179309368133e-24, nan 
-160.375, 76.125, 7.404403150476018e-24, nan 
-160.125, 76.125, 7.855765447014479e-24, nan 
-159.875, 76.125, 6.828310371529848e-24, nan 
-159.625, 76.125, 6.3966337637532294e-24, nan 
-159.375, 76.125, 6.73958602338828e-24, nan 
-159.125, 76.125, 6.51687857698634e-24, nan 
-158.875, 76.125, 9.485381266759684e-24, nan 
-158.625, 76.125, 1.041280669998158e-23, nan 
-158.375, 76.125, 1.9478438960983736e-23, nan 
-158.125, 76.125, 2.321656016208935e-23, nan 
-157.875, 76.125, 1.7695310379840062e-23, nan 
-157.625, 76.125, 1.7742181937046597e-23, nan 
-157.375, 76.125, 1.9448378407751932e-23, nan 
-157.125, 76.125, 2.9393272245839624e-23, nan 
-156.875, 76.125, 2.65449954184928e-23, nan 
-156.625, 76.125, 1.727273759755445e-23, nan 
-156.375, 76.125, 1.818400070981901e-23, nan 
-156.125, 76.125, 1.448379204046609e-23, nan 
-155.875, 76.125, 1.1891379762879126e-23, nan 
-155.625, 76.125, 5.440819457039362e-24, nan 
-155.375, 76.125, 9.789992886286627e-24, nan 
-155.125, 76.125, 1.3648148250835888e-23, nan 
-154.875, 76.125, 1.5178413935791753e-23, nan 
-154.625, 76.125, 1.6557127670522607e-23, nan 
-154.375, 76.125, 1.3425127959441276e-23, nan 
-154.125, 76.125, 1.338395841656219e-23, nan 
-153.875, 76.125, 1.5220932972367482e-23, nan 
-153.625, 76.125, 2.2973601968575904e-23, nan 
-153.375, 76.125, 2.2134836484694957e-23, nan 
-153.125, 76.125, 1.4159178254671628e-23, nan 
-152.875, 76.125, 1.0697818064491744e-23, nan 
-152.625, 76.125, 2.6254615056789094e-23, nan 
-152.375, 76.125, 2.3986777965641933e-23, nan 
-152.125, 76.125, 2.1442811487513567e-23, nan 
-151.875, 76.125, 2.385744255617822e-23, nan 
-151.625, 76.125, 1.9391390682273367e-23, nan 
-151.375, 76.125, 1.019267707728684e-23, nan 
-151.125, 76.125, 1.2548157061946886e-23, nan 
-150.875, 76.125, 1.123715330844985e-23, nan 
-150.625, 76.125, 1.144357021343762e-23, nan 
-150.375, 76.125, 1.0217188548799214e-23, nan 
-4.125, 76.125, 1.564727608874596e-24, nan 
-3.875, 76.125, 1.505355206423319e-24, nan 
-3.625, 76.125, 1.0319902961905964e-24, nan 
-3.375, 76.125, 5.604245012123679e-25, nan 
-3.125, 76.125, 7.561800958117292e-25, nan 
-2.875, 76.125, 1.1906503612643164e-24, nan 
-2.625, 76.125, 1.4486247709773379e-24, nan 
-2.375, 76.125, 1.6008828339326469e-24, nan 
-2.125, 76.125, 1.7666235279424127e-24, nan 
-1.875, 76.125, 1.132195734799918e-24, nan 
-1.625, 76.125, 1.0604896063656097e-24, nan 
-1.375, 76.125, 6.66579715208623e-25, nan 
-1.125, 76.125, 3.5693144558286837e-25, nan 
-0.875, 76.125, 1.5366554559443311e-24, nan 
-0.625, 76.125, 1.1064739707388918e-24, nan 
-0.375, 76.125, 1.0289334788129447e-24, nan 
-0.125, 76.125, 1.215060893675655e-24, nan 
0.125, 76.125, 1.3334533027614209e-24, nan 
0.375, 76.125, 1.0899317943412191e-24, nan 
0.625, 76.125, 1.0424647874272727e-24, nan 
0.875, 76.125, 1.0945979570070403e-24, nan 
1.125, 76.125, 1.5799020918798304e-24, nan 
1.375, 76.125, 3.065478102867257e-24, nan 
1.625, 76.125, 4.9513581967456956e-24, nan 
1.875, 76.125, 4.821796241472663e-24, nan 
2.125, 76.125, 3.1831074238108946e-24, nan 
2.375, 76.125, 2.8053613688515465e-24, nan 
2.625, 76.125, 5.874138702630793e-24, nan 
2.875, 76.125, 1.051786461338557e-23, nan 
3.125, 76.125, 1.0458274493959652e-23, nan 
3.375, 76.125, 7.408509896058059e-24, nan 
3.625, 76.125, 3.902611360855723e-24, nan 
3.875, 76.125, 3.252307244789525e-24, nan 
4.125, 76.125, 5.7387950195966456e-24, nan 
4.375, 76.125, 5.77796038014989e-24, nan 
4.625, 76.125, 3.844699270897314e-24, nan 
4.875, 76.125, 2.7031281651496416e-24, nan 
5.125, 76.125, 1.6828475443404573e-24, nan 
5.375, 76.125, 1.5988726996645038e-24, nan 
5.625, 76.125, 2.1516811708030994e-24, nan 
5.875, 76.125, 3.254733123092652e-24, nan 
6.125, 76.125, 2.518180084548483e-24, nan 
6.375, 76.125, 2.604713754138517e-24, nan 
6.625, 76.125, 2.6709687671631807e-24, nan 
6.875, 76.125, 2.7864746631525443e-24, nan 
7.125, 76.125, 2.5836285466392475e-24, nan 
7.375, 76.125, 1.852338658706289e-24, nan 
7.625, 76.125, 1.5957204449112516e-24, nan 
7.875, 76.125, 1.0874876625381712e-24, nan 
8.125, 76.125, 1.1355015865706233e-24, nan 
8.375, 76.125, 8.068975538253057e-25, nan 
8.625, 76.125, 1.0261206828018398e-24, nan 
8.875, 76.125, 9.595474846996281e-25, nan 
9.125, 76.125, 5.9967085156594925e-25, nan 
9.375, 76.125, 7.046933339009886e-25, nan 
9.625, 76.125, 3.197921513890045e-25, nan 
9.875, 76.125, 4.1513061705517565e-25, nan 
10.125, 76.125, 6.743689626549792e-25, nan 
10.375, 76.125, 2.750983779332438e-25, nan 
10.625, 76.125, 6.4678982233972335e-25, nan 
10.875, 76.125, 3.4347237769309765e-25, nan 
11.125, 76.125, 5.025492262794104e-25, nan 
11.375, 76.125, 4.288138793818364e-25, nan 
11.625, 76.125, 8.690013309169143e-25, nan 
11.875, 76.125, 1.1072955523851662e-24, nan 
12.125, 76.125, 8.941011552598372e-25, nan 
12.375, 76.125, 1.1918238108616707e-24, nan 
12.625, 76.125, 1.5604384501018278e-24, nan 
12.875, 76.125, 2.8526183703311833e-24, nan 
13.125, 76.125, 4.148269178356877e-24, nan 
13.375, 76.125, 3.502172610361548e-24, nan 
13.625, 76.125, 5.489935143792424e-24, nan 
13.875, 76.125, 6.2794677480357126e-24, nan 
14.125, 76.125, 4.907029758152832e-24, nan 
14.375, 76.125, 3.880317013105137e-24, nan 
14.625, 76.125, 4.468651185308286e-24, nan 
14.875, 76.125, 3.199217443984666e-24, nan 
15.125, 76.125, 2.3738671273446802e-24, nan 
15.375, 76.125, 2.800931084280483e-24, nan 
15.625, 76.125, 3.133104393606181e-24, nan 
15.875, 76.125, 2.002915277451965e-24, nan 
16.125, 76.125, 2.0434070724772066e-24, nan 
16.375, 76.125, 2.1702189878822636e-24, nan 
16.625, 76.125, 2.5945906039159886e-24, nan 
16.875, 76.125, 2.984791287672621e-24, nan 
17.125, 76.125, 1.0270840190560406e-24, nan 
17.375, 76.125, 2.1349595342473852e-24, nan 
17.625, 76.125, 1.1482880411957802e-24, nan 
17.875, 76.125, 1.5629806322741147e-24, nan 
18.125, 76.125, 2.604601014896381e-24, nan 
18.375, 76.125, 3.322049595799383e-24, nan 
18.625, 76.125, 2.8181357385660532e-24, nan 
18.875, 76.125, 4.6468717478873246e-24, nan 
19.125, 76.125, 2.190051743145004e-24, nan 
19.375, 76.125, 2.1239835359163072e-24, nan 
19.625, 76.125, 2.542944807133413e-24, nan 
19.875, 76.125, 1.1511944112329245e-24, nan 
20.125, 76.125, 1.6395519505371994e-24, nan 
20.375, 76.125, 1.6760472424051034e-24, nan 
20.625, 76.125, 1.2286420841298323e-24, nan 
20.875, 76.125, 1.8726254222714827e-24, nan 
21.125, 76.125, 1.9697565949689276e-24, nan 
21.375, 76.125, 1.3840981352733961e-24, nan 
21.625, 76.125, 2.3307111061275623e-24, nan 
21.875, 76.125, 3.280560239572313e-24, nan 
22.125, 76.125, 3.6840933813286095e-24, nan 
22.375, 76.125, 3.9927574581921006e-24, nan 
22.625, 76.125, 3.431901558781917e-24, nan 
22.875, 76.125, 2.752422916309419e-24, nan 
23.125, 76.125, 3.574204813869603e-24, nan 
23.375, 76.125, 2.571999621166449e-24, nan 
23.625, 76.125, 3.4317540170995034e-24, nan 
23.875, 76.125, 3.588550070048681e-24, nan 
24.125, 76.125, 3.629951600897514e-24, nan 
24.375, 76.125, 2.6566878801127607e-24, nan 
24.625, 76.125, 2.17484003520836e-24, nan 
24.875, 76.125, 1.559384583018579e-24, nan 
25.125, 76.125, 1.3568769578034326e-24, nan 
25.375, 76.125, 2.264202932383952e-24, nan 
25.625, 76.125, 1.4512147907378224e-24, nan 
25.875, 76.125, 1.6693142832973562e-24, nan 
26.125, 76.125, 2.675138688162095e-24, nan 
26.375, 76.125, 2.8251469323224676e-24, nan 
26.625, 76.125, 3.604593822633012e-24, nan 
26.875, 76.125, 3.379498084933674e-24, nan 
27.125, 76.125, 2.489046152886404e-24, nan 
27.375, 76.125, 3.079131426418845e-24, nan 
27.625, 76.125, 3.6545875212864734e-24, nan 
27.875, 76.125, 3.5372787521119466e-24, nan 
28.125, 76.125, 2.773661258787204e-24, nan 
28.375, 76.125, 2.3509942850960544e-24, nan 
28.625, 76.125, 2.7056626472893443e-24, nan 
28.875, 76.125, 3.5337383810307075e-24, nan 
29.125, 76.125, 4.171442404742523e-24, nan 
29.375, 76.125, 3.17922346662015e-24, nan 
29.625, 76.125, 3.545530434391334e-24, nan 
29.875, 76.125, 4.6497046146617025e-24, nan 
30.125, 76.125, 4.023358786321501e-24, nan 
30.375, 76.125, 2.9765495816355335e-24, nan 
30.625, 76.125, 3.0259584278434766e-24, nan 
30.875, 76.125, 3.464092930550113e-24, nan 
31.125, 76.125, 4.668827087711417e-24, nan 
31.375, 76.125, 3.591522509527054e-24, nan 
31.625, 76.125, 1.7025326108982605e-24, nan 
31.875, 76.125, 3.06693187299064e-24, nan 
32.125, 76.125, 3.013546478393409e-24, nan 
32.375, 76.125, 1.9453125543232726e-24, nan 
32.625, 76.125, 1.3241019381295502e-24, nan 
32.875, 76.125, 2.0171620592055426e-24, nan 
33.125, 76.125, 2.7865807796875925e-24, nan 
33.375, 76.125, 1.3210805827158572e-24, nan 
33.625, 76.125, 3.129921115297005e-24, nan 
33.875, 76.125, 3.864191988931469e-24, nan 
34.125, 76.125, 3.745449332227388e-24, nan 
34.375, 76.125, 5.124114370723499e-24, nan 
34.625, 76.125, 5.003397088508705e-24, nan 
34.875, 76.125, 4.672981768060405e-24, nan 
35.125, 76.125, 4.4045313872571114e-24, nan 
35.375, 76.125, 6.244866583385876e-24, nan 
35.625, 76.125, 5.602548281087469e-24, nan 
35.875, 76.125, 4.036729854516744e-24, nan 
36.125, 76.125, 3.804910964204155e-24, nan 
36.375, 76.125, 2.8194993464162403e-24, nan 
36.625, 76.125, 7.145389038851244e-24, nan 
36.875, 76.125, 5.6973785308565276e-24, nan 
37.125, 76.125, 5.248163708310265e-24, nan 
37.375, 76.125, 7.297660846333683e-24, nan 
37.625, 76.125, 4.162393894062389e-24, nan 
37.875, 76.125, 4.754671077060916e-24, nan 
38.125, 76.125, 3.788829583877186e-24, nan 
38.375, 76.125, 2.6425053430272058e-24, nan 
38.625, 76.125, 1.8914143673023215e-24, nan 
38.875, 76.125, 1.5965280853436332e-24, nan 
39.125, 76.125, 2.3546072296165253e-24, nan 
39.375, 76.125, 1.7421599290030126e-24, nan 
39.625, 76.125, 1.990917458719436e-24, nan 
39.875, 76.125, 2.4974641857449757e-24, nan 
40.125, 76.125, 2.3877155740352422e-24, nan 
40.375, 76.125, 2.452465599219178e-24, nan 
40.625, 76.125, 2.489580856976701e-24, nan 
40.875, 76.125, 5.771458508150389e-24, nan 
41.125, 76.125, 3.870793207332113e-24, nan 
41.375, 76.125, 3.7359657941013975e-24, nan 
41.625, 76.125, 3.329816040786299e-24, nan 
41.875, 76.125, 3.799156375039194e-24, nan 
42.125, 76.125, 5.1643517641493846e-24, nan 
42.375, 76.125, 5.082373162340661e-24, nan 
42.625, 76.125, 5.898282746349516e-24, nan 
42.875, 76.125, 4.550280043366245e-24, nan 
43.125, 76.125, 5.9644511124893754e-24, nan 
43.375, 76.125, 7.693809756450715e-24, nan 
43.625, 76.125, 7.082167065340812e-24, nan 
43.875, 76.125, 7.94270097207963e-24, nan 
44.125, 76.125, 7.574551566448889e-24, nan 
44.375, 76.125, 8.37088940881862e-24, nan 
44.625, 76.125, 7.840001036191761e-24, nan 
44.875, 76.125, 7.26062206860965e-24, nan 
45.125, 76.125, 9.438914787848756e-24, nan 
45.375, 76.125, 9.67187693968617e-24, nan 
45.625, 76.125, 1.1778148383246247e-23, nan 
45.875, 76.125, 8.41339837875217e-24, nan 
46.125, 76.125, 6.105484731291751e-24, nan 
46.375, 76.125, 9.439216022413475e-24, nan 
46.625, 76.125, 1.1621027350274931e-23, nan 
46.875, 76.125, 7.854025453587004e-24, nan 
47.125, 76.125, 1.4291798565152562e-23, nan 
47.375, 76.125, 1.2675149650217746e-23, nan 
47.625, 76.125, 7.19346947126938e-24, nan 
47.875, 76.125, 7.055772104980803e-24, nan 
48.125, 76.125, 7.043627491724818e-24, nan 
48.375, 76.125, 1.2631637957355987e-23, nan 
48.625, 76.125, 1.0547249257772883e-23, nan 
48.875, 76.125, 9.060805811941267e-24, nan 
49.125, 76.125, 4.5416311213386715e-24, nan 
49.375, 76.125, 2.0752753686361736e-24, nan 
49.625, 76.125, 7.066424858993493e-24, nan 
49.875, 76.125, 1.4153300829902143e-23, nan 
50.125, 76.125, 1.073174117779629e-23, nan 
50.375, 76.125, 4.832454511843898e-24, nan 
50.625, 76.125, 4.4044210605629186e-24, nan 
50.875, 76.125, 3.996732571010841e-24, nan 
51.125, 76.125, 1.0206978102815883e-23, nan 
51.375, 76.125, 1.0081851951222823e-23, nan 
51.625, 76.125, 2.7818677048272732e-24, nan 
51.875, 76.125, 8.635825271630004e-24, nan 
52.125, 76.125, 9.221843002666775e-25, nan 
52.375, 76.125, 1.9826314231464423e-23, nan 
52.625, 76.125, 2.692006740620527e-23, nan 
52.875, 76.125, 7.36725376705908e-24, nan 
53.125, 76.125, 1.0410022147395292e-23, nan 
53.375, 76.125, 1.105568021156948e-23, nan 
53.625, 76.125, 1.5512813608844057e-23, nan 
53.875, 76.125, 1.9494639547074813e-23, nan 
54.125, 76.125, 1.881301900321214e-23, nan 
54.375, 76.125, 1.8113698509498536e-23, nan 
54.625, 76.125, 2.852639274626662e-23, nan 
54.875, 76.125, 3.176092694727124e-23, nan 
55.125, 76.125, 3.2710771250908825e-23, nan 
55.375, 76.125, 4.1866539772412894e-23, nan 
55.625, 76.125, 4.923899383745781e-23, nan 
55.875, 76.125, 3.413209087106738e-23, nan 
56.125, 76.125, 3.1741962931677486e-23, nan 
56.375, 76.125, 3.862864814426171e-23, nan 
56.625, 76.125, 5.0588227229446594e-23, nan 
56.875, 76.125, 6.111444016771787e-23, nan 
57.125, 76.125, 3.779319064030618e-23, nan 
57.375, 76.125, 2.2622114658248163e-23, nan 
57.625, 76.125, 1.1754383338472192e-23, nan 
57.875, 76.125, 2.4465500030015396e-23, nan 
58.125, 76.125, 3.3516304938341823e-23, nan 
58.375, 76.125, 2.715345950083583e-23, nan 
58.625, 76.125, 1.86011931020226e-23, nan 
58.875, 76.125, 7.316654141325611e-24, nan 
59.125, 76.125, 1.0914806325455628e-23, nan 
59.375, 76.125, 2.2835640906859896e-23, nan 
59.625, 76.125, 1.4896453340759395e-23, nan 
59.875, 76.125, 1.356698899378139e-23, nan 
60.125, 76.125, 1.2029087233869837e-23, nan 
60.375, 76.125, 2.3227058273195745e-23, nan 
60.625, 76.125, 3.1782801822343804e-23, nan 
60.875, 76.125, 3.896699277039985e-23, nan 
61.125, 76.125, 4.089422087066045e-23, nan 
61.375, 76.125, 2.89181159764325e-23, nan 
61.625, 76.125, 2.69101418205572e-23, nan 
61.875, 76.125, 5.188580097790687e-23, nan 
62.125, 76.125, 9.188218902329509e-23, nan 
62.375, 76.125, 1.1882141269217826e-22, nan 
62.625, 76.125, 1.296798550743458e-22, nan 
62.875, 76.125, 7.332722520856256e-23, nan 
63.125, 76.125, 4.233503598425843e-23, nan 
63.375, 76.125, 3.9471011794358874e-23, nan 
63.625, 76.125, 4.6563793830936086e-23, nan 
63.875, 76.125, 4.335702005040828e-23, nan 
64.125, 76.125, 2.435918636174803e-23, nan 
64.375, 76.125, 3.5833466471283077e-23, nan 
64.625, 76.125, 4.848386850789553e-23, nan 
64.875, 76.125, 9.013778551102237e-23, nan 
65.125, 76.125, 8.69896494826427e-23, nan 
65.375, 76.125, 9.546383028553265e-23, nan 
65.625, 76.125, 1.1045453640571607e-22, nan 
65.875, 76.125, 1.780085238709053e-22, nan 
66.125, 76.125, 1.438144529882803e-22, nan 
66.375, 76.125, 1.523367327981041e-22, nan 
66.625, 76.125, 1.2467084998705176e-22, nan 
66.875, 76.125, 8.897806683241549e-23, nan 
67.125, 76.125, 7.175314325035189e-23, nan 
67.375, 76.125, 9.19314235420162e-23, nan 
67.625, 76.125, 1.2949826635425844e-22, nan 
67.875, 76.125, 1.3719938223950991e-22, nan 
68.125, 76.125, 8.034544981413588e-23, nan 
68.375, 76.125, 6.643226981816228e-23, nan 
68.625, 76.125, 8.140310067064248e-23, nan 
68.875, 76.125, 3.5364182019952267e-23, nan 
69.125, 76.125, 6.313521035439079e-23, nan 
69.375, 76.125, 6.70165729255945e-23, nan 
69.625, 76.125, 4.667174880671293e-23, nan 
69.875, 76.125, 5.865958673426007e-23, nan 
70.125, 76.125, 8.773371232889414e-23, nan 
70.375, 76.125, 8.026529490363919e-23, nan 
70.625, 76.125, 4.5530302013748487e-23, nan 
70.875, 76.125, 5.1098910303669765e-23, nan 
71.125, 76.125, 1.2181043601205485e-22, nan 
71.375, 76.125, 1.526623656206874e-22, nan 
71.625, 76.125, 1.262024191340545e-22, nan 
71.875, 76.125, 1.2632688127573255e-22, nan 
72.125, 76.125, 1.4337109343897793e-22, nan 
72.375, 76.125, 2.5670625211698967e-22, nan 
72.625, 76.125, 3.0851100503211547e-22, nan 
72.875, 76.125, 1.7031893052120356e-22, nan 
73.125, 76.125, 1.9422796316874587e-22, nan 
73.375, 76.125, 2.052617422592349e-22, nan 
73.625, 76.125, 2.571957531071555e-22, nan 
73.875, 76.125, 3.1095778689915766e-22, nan 
74.125, 76.125, 3.200293895476578e-22, nan 
74.375, 76.125, 2.78801648649494e-22, nan 
74.625, 76.125, 3.057617816400143e-22, nan 
74.875, 76.125, 2.2917743729092723e-22, nan 
75.125, 76.125, 2.134412643129963e-22, nan 
75.375, 76.125, 1.9317288817845248e-22, nan 
75.625, 76.125, 2.396579291721614e-22, nan 
75.875, 76.125, 1.9615166676079783e-22, nan 
76.125, 76.125, 2.9926239635107647e-22, nan 
76.375, 76.125, 4.166185952178047e-22, nan 
76.625, 76.125, 5.439435781993153e-22, nan 
76.875, 76.125, 5.839528064962015e-22, nan 
77.125, 76.125, 7.282753736095149e-22, nan 
77.375, 76.125, 4.758153473184203e-22, nan 
77.625, 76.125, 4.924235569083473e-22, nan 
77.875, 76.125, 5.945061652857399e-22, nan 
78.125, 76.125, 8.666488683570557e-22, nan 
78.375, 76.125, 9.608743541309644e-22, nan 
78.625, 76.125, 5.271629068079871e-22, nan 
78.875, 76.125, 2.996816172986262e-22, nan 
79.125, 76.125, 3.873845461781214e-22, nan 
79.375, 76.125, 5.917547899642628e-22, nan 
79.625, 76.125, 6.473488293703545e-22, nan 
79.875, 76.125, 6.83869836371321e-22, nan 
80.125, 76.125, 8.599342922274703e-22, nan 
80.375, 76.125, 4.831475357236129e-22, nan 
80.625, 76.125, 8.439247779783779e-22, nan 
80.875, 76.125, 4.676537331780659e-22, nan 
81.125, 76.125, 6.1062998089441935e-22, nan 
81.375, 76.125, 2.7890112460780385e-22, nan 
81.625, 76.125, 4.805958453282282e-22, nan 
81.875, 76.125, 4.307895250738567e-22, nan 
82.125, 76.125, 3.8783591395788303e-22, nan 
82.375, 76.125, 4.1920842283957917e-22, nan 
82.625, 76.125, 2.138439474298602e-22, nan 
82.875, 76.125, 2.695529962807602e-22, nan 
83.125, 76.125, 3.2046943694832617e-22, nan 
83.375, 76.125, 3.848121621598886e-22, nan 
83.625, 76.125, 2.898287298443846e-22, nan 
83.875, 76.125, 2.093031806408207e-22, nan 
84.125, 76.125, 3.495127588079672e-22, nan 
84.375, 76.125, 5.994504601912209e-22, nan 
84.625, 76.125, 7.33374037477591e-22, nan 
84.875, 76.125, 3.740164102625422e-22, nan 
85.125, 76.125, 4.5145186199899205e-22, nan 
85.375, 76.125, 6.871134400907353e-22, nan 
85.625, 76.125, 1.0926484293289483e-21, nan 
85.875, 76.125, 8.462068125376789e-22, nan 
86.125, 76.125, 1.738998262620988e-21, nan 
86.375, 76.125, 1.770709554295187e-21, nan 
86.625, 76.125, 1.250794560060704e-21, nan 
86.875, 76.125, 9.464702230330774e-22, nan 
87.125, 76.125, 1.358148634482716e-21, nan 
87.375, 76.125, 1.8298080294594726e-21, nan 
87.625, 76.125, 1.980410218480633e-21, nan 
87.875, 76.125, 1.7668491891739592e-21, nan 
88.125, 76.125, 1.38805864697137e-21, nan 
88.375, 76.125, 3.8864951243640285e-21, nan 
88.625, 76.125, 4.280904530473542e-21, nan 
88.875, 76.125, 5.082311179750461e-21, nan 
89.125, 76.125, 4.086507226675757e-21, nan 
89.375, 76.125, 1.9802249903673846e-21, nan 
89.625, 76.125, 3.805629292050305e-21, nan 
89.875, 76.125, 2.514482465677538e-21, nan 
90.125, 76.125, 5.051193468494128e-21, nan 
90.375, 76.125, 4.0021685550304e-21, nan 
90.625, 76.125, 6.682113245677505e-21, nan 
90.875, 76.125, 9.78441996233459e-21, nan 
91.125, 76.125, 7.174485451144896e-21, nan 
91.375, 76.125, 6.489762557736135e-21, nan 
91.625, 76.125, 5.073458899350733e-21, nan 
91.875, 76.125, 5.089220886589384e-21, nan 
92.125, 76.125, 7.328239297764771e-21, nan 
92.375, 76.125, 5.887623887454237e-21, nan 
92.625, 76.125, 6.289680379775712e-21, nan 
92.875, 76.125, 6.829137676089309e-21, nan 
93.125, 76.125, 6.3480488869631426e-21, nan 
93.375, 76.125, 7.708565877978192e-21, nan 
93.625, 76.125, 5.295580218835903e-21, nan 
93.875, 76.125, 3.815667096270172e-21, nan 
94.125, 76.125, 5.4798502753389004e-21, nan 
94.375, 76.125, 4.478772159523114e-21, nan 
94.625, 76.125, 4.160315834658608e-21, nan 
94.875, 76.125, 4.881195732199651e-21, nan 
95.125, 76.125, 5.1417298722442305e-21, nan 
95.375, 76.125, 6.896479691812699e-21, nan 
95.625, 76.125, 7.918098184355421e-21, nan 
95.875, 76.125, 6.748742839267224e-21, nan 
96.125, 76.125, 7.519306812745677e-21, nan 
96.375, 76.125, 9.265260850174185e-21, nan 
96.625, 76.125, 8.413604712942419e-21, nan 
96.875, 76.125, 9.196333786737728e-21, nan 
97.125, 76.125, 1.098553681622406e-20, nan 
97.375, 76.125, 1.0753042690761193e-20, nan 
97.625, 76.125, 1.348550533569361e-20, nan 
97.875, 76.125, 1.1953296536899963e-20, nan 
98.125, 76.125, 8.465635138063798e-21, nan 
98.375, 76.125, 1.2886434658797586e-20, nan 
98.625, 76.125, 1.296103108580701e-20, nan 
98.875, 76.125, 1.0880156156880034e-20, nan 
99.125, 76.125, 9.589464288252416e-21, nan 
99.375, 76.125, 8.13462165547395e-21, nan 
99.625, 76.125, 5.223016724466398e-21, nan 
99.875, 76.125, 9.391844712851127e-21, nan 
100.125, 76.125, 9.598106572660646e-21, nan 
100.375, 76.125, 1.838828223054045e-20, nan 
100.625, 76.125, 2.5581853424157674e-20, nan 
100.875, 76.125, 1.2908183003033971e-20, nan 
101.125, 76.125, 1.0505042901602366e-20, nan 
101.375, 76.125, 1.0352212972016768e-20, nan 
101.625, 76.125, 7.135669968965096e-21, nan 
101.875, 76.125, 1.1945272123031253e-20, nan 
102.125, 76.125, 1.8165794380677304e-20, nan 
102.375, 76.125, 1.2112296133641117e-20, nan 
102.625, 76.125, 8.48312301510886e-21, nan 
102.875, 76.125, 1.7641752557237488e-20, nan 
103.125, 76.125, 2.875896417147788e-20, nan 
103.375, 76.125, 1.9734801688180822e-20, nan 
103.625, 76.125, 2.1951768064503623e-20, nan 
103.875, 76.125, 2.1082374675043796e-20, nan 
104.125, 76.125, 3.2994920688187964e-20, nan 
104.375, 76.125, 6.941770119024726e-20, nan 
104.625, 76.125, 3.86561877731084e-20, nan 
104.875, 76.125, 2.300813520683271e-20, nan 
105.125, 76.125, 3.066407869211935e-20, nan 
105.375, 76.125, 3.4312367911510824e-20, nan 
105.625, 76.125, 4.235727408092789e-20, nan 
105.875, 76.125, 2.7989277778051224e-20, nan 
106.125, 76.125, 2.9153260307088317e-20, nan 
106.375, 76.125, 1.953922427717155e-20, nan 
106.625, 76.125, 3.018395046557241e-20, nan 
106.875, 76.125, 4.046850886095795e-20, nan 
107.125, 76.125, 4.3094244713188897e-20, nan 
107.375, 76.125, 3.384595772268708e-20, nan 
107.625, 76.125, 6.499023404176301e-20, nan 
107.875, 76.125, 7.680725810927872e-20, nan 
108.125, 76.125, 4.5927525409832666e-20, nan 
108.375, 76.125, 4.9233590350811916e-20, nan 
108.625, 76.125, 6.871123783587768e-20, nan 
108.875, 76.125, 8.29835594395183e-20, nan 
109.125, 76.125, 5.783411351177677e-20, nan 
109.375, 76.125, 3.449671098958797e-20, nan 
109.625, 76.125, 8.170362534257017e-20, nan 
109.875, 76.125, 5.670495616411148e-20, nan 
110.125, 76.125, 8.870922749275042e-20, nan 
110.375, 76.125, 5.4125227897805e-20, nan 
110.625, 76.125, 6.451799293029505e-20, nan 
110.875, 76.125, 5.98286012646011e-20, nan 
111.125, 76.125, 5.625034625620589e-20, nan 
111.375, 76.125, 5.3841201413697985e-20, nan 
111.625, 76.125, 5.95518128846566e-20, nan 
111.875, 76.125, 6.399991975709772e-20, nan 
112.125, 76.125, 5.312350539879806e-20, nan 
112.375, 76.125, 8.358990992229846e-20, nan 
112.625, 76.125, 8.879813000542612e-20, nan 
112.875, 76.125, 9.563221118371143e-20, nan 
113.125, 76.125, 6.655499138207872e-20, nan 
113.375, 76.125, 5.155220012144495e-20, nan 
113.625, 76.125, 4.415051600521802e-20, nan 
113.875, 76.125, 4.25882275257435e-20, nan 
114.125, 76.125, 9.355947419493752e-20, nan 
114.375, 76.125, 6.527407760051278e-20, nan 
114.625, 76.125, 3.761679111798125e-20, nan 
114.875, 76.125, 8.389394880165889e-20, nan 
115.125, 76.125, 1.1433917840522282e-19, nan 
115.375, 76.125, 1.1995992204349962e-19, nan 
115.625, 76.125, 8.872318666488759e-20, nan 
115.875, 76.125, 7.82473785587387e-20, nan 
116.125, 76.125, 1.0746834078932556e-19, nan 
116.375, 76.125, 8.032933190135515e-20, nan 
116.625, 76.125, 8.871297084074738e-20, nan 
116.875, 76.125, 8.219304041554654e-20, nan 
117.125, 76.125, 9.328318733314837e-20, nan 
117.375, 76.125, 7.637647154019843e-20, nan 
117.625, 76.125, 8.123350059411908e-20, nan 
117.875, 76.125, 8.415401368396761e-20, nan 
118.125, 76.125, 7.0859626944417e-20, nan 
118.375, 76.125, 5.452611385449505e-20, nan 
118.625, 76.125, 6.417764278717834e-20, nan 
118.875, 76.125, 4.1715851388103993e-20, nan 
119.125, 76.125, 3.399089840068348e-20, nan 
119.375, 76.125, 3.235833184800434e-20, nan 
119.625, 76.125, 9.271729293982562e-20, nan 
119.875, 76.125, 1.1549998014617355e-19, nan 
120.125, 76.125, 6.599738986702066e-20, nan 
120.375, 76.125, 4.192036275769702e-20, nan 
120.625, 76.125, 3.1891960285419597e-20, nan 
120.875, 76.125, 6.236604177287931e-20, nan 
121.125, 76.125, 7.007773115196596e-20, nan 
121.375, 76.125, 4.804911331934754e-20, nan 
121.625, 76.125, 2.972151164062465e-20, nan 
121.875, 76.125, 2.396884451809892e-20, nan 
122.125, 76.125, 2.6389853472993428e-20, nan 
122.375, 76.125, 2.3740341975155382e-20, nan 
122.625, 76.125, 4.868347582981888e-20, nan 
122.875, 76.125, 4.180149864596335e-20, nan 
123.125, 76.125, 2.1644438384498314e-20, nan 
123.375, 76.125, 2.0949696104649643e-20, nan 
123.625, 76.125, 2.990268563420242e-20, nan 
123.875, 76.125, 3.487366499752131e-20, nan 
124.125, 76.125, 2.7594885057453964e-20, nan 
124.375, 76.125, 2.060537419043978e-20, nan 
124.625, 76.125, 1.9124873815112727e-20, nan 
124.875, 76.125, 1.1284136561118385e-20, nan 
125.125, 76.125, 1.59882106664505e-20, nan 
125.375, 76.125, 1.4434262005800035e-20, nan 
125.625, 76.125, 1.5058810184271276e-20, nan 
125.875, 76.125, 1.7520951276132377e-20, nan 
126.125, 76.125, 1.402477155855885e-20, nan 
126.375, 76.125, 1.3305885816509e-20, nan 
126.625, 76.125, 5.4706210506597024e-21, nan 
126.875, 76.125, 1.427736584527597e-20, nan 
127.125, 76.125, 1.689510317399216e-20, nan 
127.375, 76.125, 1.449164842222094e-20, nan 
127.625, 76.125, 1.5587434469531608e-20, nan 
127.875, 76.125, 4.659094081903792e-21, nan 
128.125, 76.125, 7.801194329902041e-21, nan 
128.375, 76.125, 1.3049743679828423e-20, nan 
128.625, 76.125, 1.7031009937926282e-20, nan 
128.875, 76.125, 1.660214932574401e-20, nan 
129.125, 76.125, 1.4640455591744152e-20, nan 
129.375, 76.125, 1.6532509125464833e-20, nan 
129.625, 76.125, 1.2994686908321253e-20, nan 
129.875, 76.125, 1.390705555077831e-20, nan 
130.125, 76.125, 1.3154334261378677e-20, nan 
130.375, 76.125, 1.196455533253993e-20, nan 
130.625, 76.125, 1.1185800254094123e-20, nan 
130.875, 76.125, 8.343648444098417e-21, nan 
131.125, 76.125, 7.52673072137348e-21, nan 
131.375, 76.125, 9.259839665367488e-21, nan 
131.625, 76.125, 9.197339169736471e-21, nan 
131.875, 76.125, 8.338319539471967e-21, nan 
132.125, 76.125, 7.269005872006963e-21, nan 
132.375, 76.125, 4.997442767247865e-21, nan 
132.625, 76.125, 5.034036664440989e-21, nan 
132.875, 76.125, 4.007271858633421e-21, nan 
133.125, 76.125, 5.403839528196356e-21, nan 
133.375, 76.125, 4.799863085549219e-21, nan 
133.625, 76.125, 3.614493522005373e-21, nan 
133.875, 76.125, 3.960622391179903e-21, nan 
134.125, 76.125, 3.7344979271643254e-21, nan 
134.375, 76.125, 2.5131082073806642e-21, nan 
134.625, 76.125, 1.0211954886490964e-21, nan 
134.875, 76.125, 1.5408871778742017e-21, nan 
135.125, 76.125, 1.551314530530016e-21, nan 
135.375, 76.125, 3.483963306360721e-21, nan 
135.625, 76.125, 3.9976418048787894e-21, nan 
135.875, 76.125, 3.168898100825893e-21, nan 
136.125, 76.125, 2.7861939470311748e-21, nan 
136.375, 76.125, 1.3955104908516587e-21, nan 
136.625, 76.125, 1.9844855129856367e-21, nan 
136.875, 76.125, 1.687577391142527e-21, nan 
137.125, 76.125, 1.036303967869544e-21, nan 
137.375, 76.125, 1.2943959289275529e-21, nan 
137.625, 76.125, 1.1056037088470136e-21, nan 
137.875, 76.125, 3.691237001507308e-22, nan 
138.125, 76.125, 1.5725398200001338e-21, nan 
138.375, 76.125, 1.180041136882882e-21, nan 
138.625, 76.125, 2.3666946393215047e-21, nan 
138.875, 76.125, 2.208740059307671e-21, nan 
139.125, 76.125, 2.647007930171827e-21, nan 
139.375, 76.125, 2.2226574193158924e-21, nan 
139.625, 76.125, 2.891386036320912e-21, nan 
139.875, 76.125, 2.151252631032814e-21, nan 
140.125, 76.125, 1.8488467230550902e-21, nan 
140.375, 76.125, 2.1328461001805986e-21, nan 
140.625, 76.125, 1.6534136771171364e-21, nan 
140.875, 76.125, 2.028212396952178e-21, nan 
141.125, 76.125, 1.0383482587627377e-21, nan 
141.375, 76.125, 6.854989947072989e-22, nan 
141.625, 76.125, 6.370916266794604e-22, nan 
141.875, 76.125, 7.408801131547676e-22, nan 
142.125, 76.125, 4.492385946349718e-22, nan 
142.375, 76.125, 5.157021645806293e-22, nan 
142.625, 76.125, 5.522778896146404e-22, nan 
142.875, 76.125, 5.8692507807819e-22, nan 
143.125, 76.125, 4.763801639016069e-22, nan 
143.375, 76.125, 1.5700814800491861e-22, nan 
143.625, 76.125, 1.7728334352299036e-22, nan 
143.875, 76.125, 2.381101569411611e-22, nan 
144.125, 76.125, 2.005096841131466e-22, nan 
144.375, 76.125, 2.6071802013115443e-22, nan 
144.625, 76.125, 4.684573147668594e-22, nan 
144.875, 76.125, 6.146704553000323e-22, nan 
145.125, 76.125, 8.352744590589383e-22, nan 
145.375, 76.125, 9.21750080520484e-22, nan 
145.625, 76.125, 7.515712511340206e-22, nan 
145.875, 76.125, 6.330094282725284e-22, nan 
146.125, 76.125, 4.911502641715567e-22, nan 
146.375, 76.125, 6.568678003860233e-22, nan 
146.625, 76.125, 6.403094854192296e-22, nan 
146.875, 76.125, 5.240364665376403e-22, nan 
147.125, 76.125, 5.236416587393707e-22, nan 
147.375, 76.125, 5.843910870859786e-22, nan 
147.625, 76.125, 8.182055328785254e-22, nan 
147.875, 76.125, 5.466395682741817e-22, nan 
148.125, 76.125, 4.617169257030704e-22, nan 
148.375, 76.125, 3.0508422445385163e-22, nan 
148.625, 76.125, 4.0506329262182864e-22, nan 
148.875, 76.125, 4.0346517874663347e-22, nan 
149.125, 76.125, 2.7524288567144236e-22, nan 
149.375, 76.125, 1.5021063633112016e-22, nan 
149.625, 76.125, 6.502822043779727e-23, nan 
149.875, 76.125, 6.177044609651306e-23, nan 
150.125, 76.125, 9.757866856226716e-23, nan 
150.375, 76.125, 1.014348225936972e-22, nan 
150.625, 76.125, 1.5461519309669173e-22, nan 
150.875, 76.125, 8.491943981196299e-23, nan 
151.125, 76.125, 7.886145259149527e-23, nan 
151.375, 76.125, 1.6053760352388758e-22, nan 
151.625, 76.125, 1.355351171538898e-22, nan 
151.875, 76.125, 1.6184971736335815e-22, nan 
152.125, 76.125, 7.546079921473954e-23, nan 
152.375, 76.125, 6.868805253569962e-23, nan 
152.625, 76.125, 1.8916806268324578e-22, nan 
152.875, 76.125, 2.2832985123513674e-22, nan 
153.125, 76.125, 2.5531453540838554e-22, nan 
153.375, 76.125, 1.3393887833285454e-22, nan 
153.625, 76.125, 1.3723284191555834e-22, nan 
153.875, 76.125, 1.4878588946158518e-22, nan 
154.125, 76.125, 1.634604217540382e-22, nan 
154.375, 76.125, 1.9481258808000768e-22, nan 
154.625, 76.125, 1.401327191235441e-22, nan 
154.875, 76.125, 1.5463780267328339e-22, nan 
155.125, 76.125, 1.1559651361653606e-22, nan 
155.375, 76.125, 1.2482697300079527e-22, nan 
155.625, 76.125, 1.665418552640402e-22, nan 
155.875, 76.125, 1.9196988529587176e-22, nan 
156.125, 76.125, 1.1209141860691879e-22, nan 
156.375, 76.125, 8.540314225717355e-23, nan 
156.625, 76.125, 1.5863432122026355e-22, nan 
156.875, 76.125, 2.425169089735081e-22, nan 
157.125, 76.125, 2.2004540741709e-22, nan 
157.375, 76.125, 1.121902309393985e-22, nan 
157.625, 76.125, 1.0336483290274868e-22, nan 
157.875, 76.125, 1.5926178417656826e-22, nan 
158.125, 76.125, 2.1998688757743084e-22, nan 
158.375, 76.125, 1.6850354575473618e-22, nan 
158.625, 76.125, 7.769582616239918e-23, nan 
158.875, 76.125, 5.0594304322066366e-23, nan 
159.125, 76.125, 6.325318823008155e-23, nan 
159.375, 76.125, 7.936729717228483e-23, nan 
159.625, 76.125, 8.842435290945275e-23, nan 
159.875, 76.125, 1.1974960432932643e-22, nan 
160.125, 76.125, 8.251637436335425e-23, nan 
160.375, 76.125, 1.1233882036719134e-22, nan 
160.625, 76.125, 1.882824707658008e-22, nan 
160.875, 76.125, 2.2594912738313194e-22, nan 
161.125, 76.125, 2.2437882164863316e-22, nan 
161.375, 76.125, 1.4634391855947538e-22, nan 
161.625, 76.125, 1.3062208843951618e-22, nan 
161.875, 76.125, 1.2714429286078774e-22, nan 
162.125, 76.125, 1.1370009881882577e-22, nan 
162.375, 76.125, 8.217592992893152e-23, nan 
162.625, 76.125, 6.270537153844744e-23, nan 
162.875, 76.125, 6.772587665432092e-23, nan 
163.125, 76.125, 1.1245293580848603e-22, nan 
163.375, 76.125, 9.770929173366019e-23, nan 
163.625, 76.125, 9.492397917142006e-23, nan 
163.875, 76.125, 9.17541253275856e-23, nan 
164.125, 76.125, 1.0249581139484067e-22, nan 
164.375, 76.125, 6.325827025431582e-23, nan 
164.625, 76.125, 5.328450445980708e-23, nan 
164.875, 76.125, 6.660768009298108e-23, nan 
165.125, 76.125, 5.850111548050388e-23, nan 
165.375, 76.125, 6.496182133800163e-23, nan 
165.625, 76.125, 5.025969256292872e-23, nan 
165.875, 76.125, 5.552779037157203e-23, nan 
166.125, 76.125, 7.175853384428359e-23, nan 
166.375, 76.125, 5.763791840695337e-23, nan 
166.625, 76.125, 7.855706429565343e-23, nan 
166.875, 76.125, 8.46226484242798e-23, nan 
167.125, 76.125, 9.013518718305123e-23, nan 
167.375, 76.125, 1.0728674638521804e-22, nan 
167.625, 76.125, 1.071808493354123e-22, nan 
167.875, 76.125, 1.1697332102617148e-22, nan 
168.125, 76.125, 8.491583254130029e-23, nan 
168.375, 76.125, 9.162153902846384e-23, nan 
168.625, 76.125, 5.932249464499511e-23, nan 
168.875, 76.125, 9.270682614630174e-23, nan 
169.125, 76.125, 5.503730189530971e-23, nan 
169.375, 76.125, 2.8456529074766607e-23, nan 
169.625, 76.125, 1.3769829609226187e-23, nan 
169.875, 76.125, 2.0104195287772656e-23, nan 
170.125, 76.125, 1.5831102949831028e-23, nan 
170.375, 76.125, 6.3405957051919935e-24, nan 
170.625, 76.125, 1.4311936146404244e-23, nan 
170.875, 76.125, 2.181378865605891e-23, nan 
171.125, 76.125, 3.6446760751999726e-23, nan 
171.375, 76.125, 5.514259166910488e-23, nan 
171.625, 76.125, 1.60124347719009e-23, nan 
171.875, 76.125, 2.1457362630945423e-23, nan 
172.125, 76.125, 2.3434972497046199e-23, nan 
172.375, 76.125, 2.237834170411019e-23, nan 
172.625, 76.125, 2.5692505168090188e-23, nan 
172.875, 76.125, 2.9853576762866974e-23, nan 
173.125, 76.125, 2.7521027831974646e-23, nan 
173.375, 76.125, 2.245355164975372e-23, nan 
173.625, 76.125, 2.2191715924231952e-23, nan 
173.875, 76.125, 3.8802746441561954e-23, nan 
174.125, 76.125, 4.86179111423107e-23, nan 
174.375, 76.125, 3.697610448727033e-23, nan 
174.625, 76.125, 3.9332155624633e-23, nan 
174.875, 76.125, 4.71487582360344e-23, nan 
175.125, 76.125, 5.436159172341103e-23, nan 
175.375, 76.125, 5.026706779143444e-23, nan 
175.625, 76.125, 3.681019314863246e-23, nan 
175.875, 76.125, 3.575541679012213e-23, nan 
176.125, 76.125, 4.158642245520468e-23, nan 
176.375, 76.125, 3.751112225312471e-23, nan 
176.625, 76.125, 2.773595247496118e-23, nan 
176.875, 76.125, 1.9438547930407812e-23, nan 
177.125, 76.125, 1.686806834273512e-23, nan 
177.375, 76.125, 2.777274625013893e-23, nan 
177.625, 76.125, 2.3276645632946756e-23, nan 
177.875, 76.125, 1.7385634763601374e-23, nan 
178.125, 76.125, 7.900053822136908e-24, nan 
178.375, 76.125, 2.3945409121879635e-23, nan 
178.625, 76.125, 3.13212392231162e-23, nan 
178.875, 76.125, 3.486831413598999e-23, nan 
179.125, 76.125, 3.3163452742033693e-23, nan 
179.375, 76.125, 2.914741637623178e-23, nan 
179.625, 76.125, 2.817868486265542e-23, nan 
179.875, 76.125, 3.0319483459708275e-23, nan 
-179.875, 76.375, 3.9408664543926714e-23, nan 
-179.625, 76.375, 4.068464581249031e-23, nan 
-179.375, 76.375, 3.811150849912209e-23, nan 
-179.125, 76.375, 2.836764682095784e-23, nan 
-178.875, 76.375, 3.6910441207821145e-23, nan 
-178.625, 76.375, 4.9775552159069305e-23, nan 
-178.375, 76.375, 5.151544011277499e-23, nan 
-178.125, 76.375, 4.679265408996228e-23, nan 
-177.875, 76.375, 3.6087273007473024e-23, nan 
-177.625, 76.375, 2.207952967679013e-23, nan 
-177.375, 76.375, 7.439892518573414e-24, nan 
-177.125, 76.375, 8.556197626206223e-24, nan 
-176.875, 76.375, 5.4084220075234545e-24, nan 
-176.625, 76.375, 5.2748384147364094e-24, nan 
-176.375, 76.375, 7.457016493609869e-24, nan 
-176.125, 76.375, 6.4639906294486294e-24, nan 
-175.875, 76.375, 5.472165441147502e-24, nan 
-175.625, 76.375, 8.257456423353738e-24, nan 
-175.375, 76.375, 5.826536049841086e-24, nan 
-175.125, 76.375, 5.99411909775586e-24, nan 
-174.875, 76.375, 6.0382191978502596e-24, nan 
-174.625, 76.375, 1.0452916582595159e-23, nan 
-174.375, 76.375, 1.5243314232554562e-23, nan 
-174.125, 76.375, 1.2980149384412293e-23, nan 
-173.875, 76.375, 1.746414549708766e-23, nan 
-173.625, 76.375, 3.0951578377585193e-23, nan 
-173.375, 76.375, 5.316405392590424e-23, nan 
-173.125, 76.375, 4.358127666649856e-23, nan 
-172.875, 76.375, 3.124821604195295e-23, nan 
-172.625, 76.375, 4.508717730851994e-23, nan 
-172.375, 76.375, 4.9631915314547343e-23, nan 
-172.125, 76.375, 3.311643961127907e-23, nan 
-171.875, 76.375, 2.3683819145924823e-23, nan 
-171.625, 76.375, 2.238214536095411e-23, nan 
-171.375, 76.375, 2.5825572301779705e-23, nan 
-171.125, 76.375, 3.567762729964456e-23, nan 
-170.875, 76.375, 2.720718449022959e-23, nan 
-170.625, 76.375, 3.2787365802824857e-23, nan 
-170.375, 76.375, 2.6015037399031164e-23, nan 
-170.125, 76.375, 2.4021455984254956e-23, nan 
-169.875, 76.375, 2.203385665506034e-23, nan 
-169.625, 76.375, 1.8997969128503143e-23, nan 
-169.375, 76.375, 1.4103032804944875e-23, nan 
-169.125, 76.375, 1.6464687641827073e-23, nan 
-168.875, 76.375, 1.3136395208375532e-23, nan 
-168.625, 76.375, 2.3457419184122096e-23, nan 
-168.375, 76.375, 1.925205146481672e-23, nan 
-168.125, 76.375, 1.4031095893902698e-23, nan 
-167.875, 76.375, 2.169221924752049e-23, nan 
-167.625, 76.375, 2.3709359232738055e-23, nan 
-167.375, 76.375, 1.610466856292193e-23, nan 
-167.125, 76.375, 1.5436345663211956e-23, nan 
-166.875, 76.375, 1.8320363295171868e-23, nan 
-166.625, 76.375, 1.6467236626704804e-23, nan 
-166.375, 76.375, 1.8016105475123582e-23, nan 
-166.125, 76.375, 1.2506412587047435e-23, nan 
-165.875, 76.375, 1.6300061051705717e-23, nan 
-165.625, 76.375, 2.1769989408346298e-23, nan 
-165.375, 76.375, 1.530333330211963e-23, nan 
-165.125, 76.375, 1.4562001315442884e-23, nan 
-164.875, 76.375, 2.3128727248306932e-23, nan 
-164.625, 76.375, 2.5669274179206336e-23, nan 
-164.375, 76.375, 2.3739924802511932e-23, nan 
-164.125, 76.375, 2.27828525525853e-23, nan 
-163.875, 76.375, 2.1840519102686314e-23, nan 
-163.625, 76.375, 1.819553708966275e-23, nan 
-163.375, 76.375, 1.5771410128186615e-23, nan 
-163.125, 76.375, 1.5894550735292377e-23, nan 
-162.875, 76.375, 1.6597881764769172e-23, nan 
-162.625, 76.375, 1.9096603229444368e-23, nan 
-162.375, 76.375, 1.55134948093104e-23, nan 
-162.125, 76.375, 1.2670815974017185e-23, nan 
-161.875, 76.375, 1.2029675807713502e-23, nan 
-161.625, 76.375, 1.221592591033213e-23, nan 
-161.375, 76.375, 1.5472351790950754e-23, nan 
-161.125, 76.375, 1.2033688735902923e-23, nan 
-160.875, 76.375, 1.1682930910268687e-23, nan 
-160.625, 76.375, 8.602747457304075e-24, nan 
-160.375, 76.375, 1.0048518627174253e-23, nan 
-160.125, 76.375, 6.530552613197686e-24, nan 
-159.875, 76.375, 8.776433053075139e-24, nan 
-159.625, 76.375, 8.618144125386634e-24, nan 
-159.375, 76.375, 1.0632658496284146e-23, nan 
-159.125, 76.375, 8.863735029500644e-24, nan 
-158.875, 76.375, 6.880418837797934e-24, nan 
-158.625, 76.375, 6.427812349957188e-24, nan 
-158.375, 76.375, 8.3194766028863e-24, nan 
-158.125, 76.375, 2.1056681152582953e-23, nan 
-157.875, 76.375, 2.096911040725563e-23, nan 
-157.625, 76.375, 1.5840705919862405e-23, nan 
-157.375, 76.375, 1.9349326509547007e-23, nan 
-157.125, 76.375, 2.447000436462271e-23, nan 
-156.875, 76.375, 2.431276295720215e-23, nan 
-156.625, 76.375, 2.1916163690598645e-23, nan 
-156.375, 76.375, 1.971427971455301e-23, nan 
-156.125, 76.375, 1.942389885445054e-23, nan 
-155.875, 76.375, 2.0152377879887017e-23, nan 
-155.625, 76.375, 2.4522851455254528e-23, nan 
-155.375, 76.375, 2.1216297297209908e-23, nan 
-155.125, 76.375, 1.9225443229460685e-23, nan 
-154.875, 76.375, 1.7542729625918528e-23, nan 
-154.625, 76.375, 1.7868404859181462e-23, nan 
-154.375, 76.375, 1.8597009231785816e-23, nan 
-154.125, 76.375, 1.780785460022651e-23, nan 
-153.875, 76.375, 1.5652177746220145e-23, nan 
-153.625, 76.375, 2.315475471983279e-23, nan 
-153.375, 76.375, 1.997075968159423e-23, nan 
-153.125, 76.375, 1.5765584354895458e-23, nan 
-152.875, 76.375, 1.5547562869246602e-23, nan 
-152.625, 76.375, 2.1769593874541303e-23, nan 
-152.375, 76.375, 1.8404206860834414e-23, nan 
-152.125, 76.375, 1.6882699941995153e-23, nan 
-151.875, 76.375, 1.664323445529884e-23, nan 
-151.625, 76.375, 1.4776431021957557e-23, nan 
-151.375, 76.375, 1.4348068658969926e-23, nan 
-151.125, 76.375, 8.571257952359232e-24, nan 
-150.875, 76.375, 8.97416918805896e-24, nan 
-150.625, 76.375, 5.5488682973537064e-24, nan 
-150.375, 76.375, 4.996941471704864e-24, nan 
-150.125, 76.375, 6.470418032054907e-24, nan 
-149.875, 76.375, 9.072586068043398e-24, nan 
-149.625, 76.375, 8.3388220230388e-24, nan 
-149.375, 76.375, 2.524787870050931e-24, nan 
-5.125, 76.375, 1.8813421627818164e-24, nan 
-4.875, 76.375, 1.4581161450643258e-24, nan 
-4.625, 76.375, 1.96658719437814e-24, nan 
-4.375, 76.375, 1.8791084945694312e-24, nan 
-4.125, 76.375, 1.723037174519668e-24, nan 
-3.875, 76.375, 1.4101514100227033e-24, nan 
-3.625, 76.375, 1.0190682078692399e-24, nan 
-3.375, 76.375, 1.470584687704111e-24, nan 
-3.125, 76.375, 1.4465901248822432e-24, nan 
-2.875, 76.375, 2.3070384146802283e-24, nan 
-2.625, 76.375, 1.4355217325025614e-24, nan 
-2.375, 76.375, 1.31342830207797e-24, nan 
-2.125, 76.375, 1.247692564058611e-24, nan 
-1.875, 76.375, 1.3994470697405609e-24, nan 
-1.625, 76.375, 2.6713609961335163e-24, nan 
-1.375, 76.375, 1.4384224757262234e-24, nan 
-1.125, 76.375, 8.191842822127178e-25, nan 
-0.875, 76.375, 1.4684726094637281e-24, nan 
-0.625, 76.375, 1.4894610880193004e-24, nan 
-0.375, 76.375, 8.89857906840031e-25, nan 
-0.125, 76.375, 1.135793422248844e-24, nan 
0.125, 76.375, 1.4545369769765654e-24, nan 
0.375, 76.375, 1.2779447819548304e-24, nan 
0.625, 76.375, 1.563693468676013e-24, nan 
0.875, 76.375, 1.8118837620288328e-24, nan 
1.125, 76.375, 1.5108486709175314e-24, nan 
1.375, 76.375, 1.7591636562354447e-24, nan 
1.625, 76.375, 9.119879760535007e-25, nan 
1.875, 76.375, 9.63385425846954e-25, nan 
2.125, 76.375, 2.5860027253882743e-24, nan 
2.375, 76.375, 2.703981225575191e-24, nan 
2.625, 76.375, 3.647704432460033e-24, nan 
2.875, 76.375, 5.9389766425197404e-24, nan 
3.125, 76.375, 5.86632411076473e-24, nan 
3.375, 76.375, 4.456432432183932e-24, nan 
3.625, 76.375, 2.456133226501515e-24, nan 
3.875, 76.375, 1.2246666151462288e-24, nan 
4.125, 76.375, 9.248087154423123e-25, nan 
4.375, 76.375, 7.818056975520142e-25, nan 
4.625, 76.375, 1.4544474822366816e-24, nan 
4.875, 76.375, 1.0938836648695574e-24, nan 
5.125, 76.375, 8.173357323140077e-25, nan 
5.375, 76.375, 1.4389539950932836e-24, nan 
5.625, 76.375, 1.4458121392134578e-24, nan 
5.875, 76.375, 1.6915986635807322e-24, nan 
6.125, 76.375, 1.7190115624029637e-24, nan 
6.375, 76.375, 1.9990943442846727e-24, nan 
6.625, 76.375, 1.6085807779337617e-24, nan 
6.875, 76.375, 2.108743055308897e-24, nan 
7.125, 76.375, 2.479685899264471e-24, nan 
7.375, 76.375, 2.235756081179212e-24, nan 
7.625, 76.375, 1.9900653489434177e-24, nan 
7.875, 76.375, 1.7971297565162202e-24, nan 
8.125, 76.375, 1.423936819356191e-24, nan 
8.375, 76.375, 2.4008328619480683e-24, nan 
8.625, 76.375, 1.0380001472949556e-24, nan 
8.875, 76.375, 7.775625908156119e-25, nan 
9.125, 76.375, 8.43878901784882e-25, nan 
9.375, 76.375, 1.3099311840734791e-24, nan 
9.625, 76.375, 1.2663194798774766e-24, nan 
9.875, 76.375, 6.787945563557006e-25, nan 
10.125, 76.375, 1.1718446601928474e-24, nan 
10.375, 76.375, 7.691524483250898e-25, nan 
10.625, 76.375, 1.087893832962664e-24, nan 
10.875, 76.375, 6.383327876054545e-25, nan 
11.125, 76.375, 9.716433154019014e-25, nan 
11.375, 76.375, 7.182094471550317e-25, nan 
11.625, 76.375, 1.0049906318427199e-24, nan 
11.875, 76.375, 1.255547127005798e-24, nan 
12.125, 76.375, 6.990086368944838e-25, nan 
12.375, 76.375, 1.2356837425216344e-24, nan 
12.625, 76.375, 4.614775243743756e-25, nan 
12.875, 76.375, 4.307667081751586e-25, nan 
13.125, 76.375, 6.992024428289087e-25, nan 
13.375, 76.375, 1.0335921482134775e-24, nan 
13.625, 76.375, 1.656177504571456e-24, nan 
13.875, 76.375, 2.4572604110631147e-24, nan 
14.125, 76.375, 1.926319560140706e-24, nan 
14.375, 76.375, 1.4461964674044597e-24, nan 
14.625, 76.375, 2.2691942877308402e-24, nan 
14.875, 76.375, 2.288792362697467e-24, nan 
15.125, 76.375, 2.9545875181036408e-24, nan 
15.375, 76.375, 3.1244499585353972e-24, nan 
15.625, 76.375, 2.8135578967793267e-24, nan 
15.875, 76.375, 2.5872699939208602e-24, nan 
16.125, 76.375, 1.8496836018408635e-24, nan 
16.375, 76.375, 2.84804031043539e-24, nan 
16.625, 76.375, 3.901958048959743e-24, nan 
16.875, 76.375, 3.114979314221567e-24, nan 
17.125, 76.375, 2.079039012907921e-24, nan 
17.375, 76.375, 1.0862273149010023e-24, nan 
17.625, 76.375, 1.7857779302291682e-24, nan 
17.875, 76.375, 1.0620743614130474e-24, nan 
18.125, 76.375, 9.367478655259965e-25, nan 
18.375, 76.375, 1.3845439634316597e-24, nan 
18.625, 76.375, 1.8303812833647284e-24, nan 
18.875, 76.375, 2.9409638535158446e-24, nan 
19.125, 76.375, 2.65137736545723e-24, nan 
19.375, 76.375, 2.5511483326619065e-24, nan 
19.625, 76.375, 2.2686647065863616e-24, nan 
19.875, 76.375, 1.507430422912105e-24, nan 
20.125, 76.375, 1.9952674548123424e-24, nan 
20.375, 76.375, 2.251446037744032e-24, nan 
20.625, 76.375, 2.300517546351398e-24, nan 
20.875, 76.375, 1.8335840461988836e-24, nan 
21.125, 76.375, 1.4841339347204218e-24, nan 
21.375, 76.375, 1.2194889045815135e-24, nan 
21.625, 76.375, 1.3164599924460282e-24, nan 
21.875, 76.375, 1.41378219124729e-24, nan 
22.125, 76.375, 2.0106693935912773e-24, nan 
22.375, 76.375, 3.355805592163837e-24, nan 
22.625, 76.375, 2.1406289257695725e-24, nan 
22.875, 76.375, 2.1250331406974252e-24, nan 
23.125, 76.375, 2.759512048865746e-24, nan 
23.375, 76.375, 2.2988471524678963e-24, nan 
23.625, 76.375, 2.0288492066509736e-24, nan 
23.875, 76.375, 1.4946767263852844e-24, nan 
24.125, 76.375, 1.3577879376753099e-24, nan 
24.375, 76.375, 1.7595195538845764e-24, nan 
24.625, 76.375, 1.3573861389433242e-24, nan 
24.875, 76.375, 1.190196171826379e-24, nan 
25.125, 76.375, 1.7832446677576892e-24, nan 
25.375, 76.375, 1.3450319523285234e-24, nan 
25.625, 76.375, 1.711857109059319e-24, nan 
25.875, 76.375, 2.8324270575005255e-24, nan 
26.125, 76.375, 5.6096569206923844e-24, nan 
26.375, 76.375, 5.0967988386131634e-24, nan 
26.625, 76.375, 4.039557620488575e-24, nan 
26.875, 76.375, 2.9447433885938117e-24, nan 
27.125, 76.375, 1.976598179671155e-24, nan 
27.375, 76.375, 2.746668990983401e-24, nan 
27.625, 76.375, 5.097055768497735e-24, nan 
27.875, 76.375, 3.400709328895184e-24, nan 
28.125, 76.375, 2.491964886375408e-24, nan 
28.375, 76.375, 2.6926152535501415e-24, nan 
28.625, 76.375, 3.0709793498579673e-24, nan 
28.875, 76.375, 4.413645989749002e-24, nan 
29.125, 76.375, 4.708046628890038e-24, nan 
29.375, 76.375, 4.0613686911555655e-24, nan 
29.625, 76.375, 3.481472200262525e-24, nan 
29.875, 76.375, 3.6780086783907386e-24, nan 
30.125, 76.375, 3.735621397625664e-24, nan 
30.375, 76.375, 4.70968998493926e-24, nan 
30.625, 76.375, 3.747194523595037e-24, nan 
30.875, 76.375, 3.575222610922654e-24, nan 
31.125, 76.375, 4.7509114059349646e-24, nan 
31.375, 76.375, 4.085805578014164e-24, nan 
31.625, 76.375, 4.2472718671173625e-24, nan 
31.875, 76.375, 3.890873877564759e-24, nan 
32.125, 76.375, 3.128025538644418e-24, nan 
32.375, 76.375, 6.163732362518858e-24, nan 
32.625, 76.375, 4.351351267461906e-24, nan 
32.875, 76.375, 2.855722254372234e-24, nan 
33.125, 76.375, 3.4575143568729706e-24, nan 
33.375, 76.375, 1.905793481474371e-24, nan 
33.625, 76.375, 3.3777095346308266e-24, nan 
33.875, 76.375, 4.23766659671562e-24, nan 
34.125, 76.375, 3.1219563613848486e-24, nan 
34.375, 76.375, 3.965355567401843e-24, nan 
34.625, 76.375, 2.3987217961052846e-24, nan 
34.875, 76.375, 2.5727829200718254e-24, nan 
35.125, 76.375, 2.7216750292515162e-24, nan 
35.375, 76.375, 3.511141636317028e-24, nan 
35.625, 76.375, 3.593203494652224e-24, nan 
35.875, 76.375, 2.842730566278223e-24, nan 
36.125, 76.375, 2.121558625134813e-24, nan 
36.375, 76.375, 2.1035926918733873e-24, nan 
36.625, 76.375, 5.149550945754035e-24, nan 
36.875, 76.375, 5.4832245159760656e-24, nan 
37.125, 76.375, 3.782476455199331e-24, nan 
37.375, 76.375, 4.310496717042243e-24, nan 
37.625, 76.375, 2.6053532335780228e-24, nan 
37.875, 76.375, 2.1372024615099032e-24, nan 
38.125, 76.375, 3.186121201192702e-24, nan 
38.375, 76.375, 2.9066801195200984e-24, nan 
38.625, 76.375, 2.5544640624826715e-24, nan 
38.875, 76.375, 1.6851859377379728e-24, nan 
39.125, 76.375, 3.685678173718423e-24, nan 
39.375, 76.375, 4.356590721415248e-24, nan 
39.625, 76.375, 5.782507234044216e-24, nan 
39.875, 76.375, 4.657606286906818e-24, nan 
40.125, 76.375, 1.9808414521459574e-24, nan 
40.375, 76.375, 3.4882896153103146e-24, nan 
40.625, 76.375, 4.477804970892484e-24, nan 
40.875, 76.375, 9.465689429558955e-24, nan 
41.125, 76.375, 7.692786140089436e-24, nan 
41.375, 76.375, 2.718085259202788e-24, nan 
41.625, 76.375, 3.2516427649203764e-24, nan 
41.875, 76.375, 5.2029267645846115e-24, nan 
42.125, 76.375, 6.2486631646922346e-24, nan 
42.375, 76.375, 5.9787673722145645e-24, nan 
42.625, 76.375, 3.4752776041528954e-24, nan 
42.875, 76.375, 3.953190742317463e-24, nan 
43.125, 76.375, 6.1132965457654374e-24, nan 
43.375, 76.375, 1.0690010059105188e-23, nan 
43.625, 76.375, 1.0715974401864503e-23, nan 
43.875, 76.375, 8.168944469515972e-24, nan 
44.125, 76.375, 9.872170611472382e-24, nan 
44.375, 76.375, 8.50547970195718e-24, nan 
44.625, 76.375, 1.3108322211051417e-23, nan 
44.875, 76.375, 1.3012968940572473e-23, nan 
45.125, 76.375, 1.0292216991187876e-23, nan 
45.375, 76.375, 1.3316816067631556e-23, nan 
45.625, 76.375, 1.3633791145498334e-23, nan 
45.875, 76.375, 2.214900823859983e-23, nan 
46.125, 76.375, 1.450164927476741e-23, nan 
46.375, 76.375, 1.435813615943004e-23, nan 
46.625, 76.375, 2.0707184462710026e-23, nan 
46.875, 76.375, 1.9833121112788754e-23, nan 
47.125, 76.375, 1.3532404384918974e-23, nan 
47.375, 76.375, 1.6403868941946863e-23, nan 
47.625, 76.375, 8.695132228021652e-24, nan 
47.875, 76.375, 6.457113285466032e-24, nan 
48.125, 76.375, 3.1983714270510134e-24, nan 
48.375, 76.375, 6.0154197868213844e-24, nan 
48.625, 76.375, 9.921636238015383e-24, nan 
48.875, 76.375, 1.5171788162199356e-23, nan 
49.125, 76.375, 1.035046400495131e-23, nan 
49.375, 76.375, 8.320905332485321e-24, nan 
49.625, 76.375, 1.0550373743864662e-23, nan 
49.875, 76.375, 1.0823015326146104e-23, nan 
50.125, 76.375, 1.1231574723993082e-23, nan 
50.375, 76.375, 9.149752474812298e-24, nan 
50.625, 76.375, 1.2918318280747142e-23, nan 
50.875, 76.375, 6.698330275366269e-24, nan 
51.125, 76.375, 8.262988290244014e-24, nan 
51.375, 76.375, 6.760275884948236e-24, nan 
51.625, 76.375, 3.332223608754835e-24, nan 
51.875, 76.375, 7.827685156458653e-24, nan 
52.125, 76.375, 7.491705570797486e-24, nan 
52.375, 76.375, 1.3822247497618465e-23, nan 
52.625, 76.375, 1.8244890527873127e-23, nan 
52.875, 76.375, 2.81339825204562e-24, nan 
53.125, 76.375, 1.4015340330781563e-23, nan 
53.375, 76.375, 1.5540145855571873e-24, nan 
53.625, 76.375, 8.71035584488414e-24, nan 
53.875, 76.375, 1.6216027778581472e-23, nan 
54.125, 76.375, 7.870109326003699e-24, nan 
54.375, 76.375, 1.1051852170750825e-23, nan 
54.625, 76.375, 1.9369423046146603e-23, nan 
54.875, 76.375, 3.4032853209100863e-23, nan 
55.125, 76.375, 3.692593418528888e-23, nan 
55.375, 76.375, 5.2297672207143094e-23, nan 
55.625, 76.375, 4.067632561107332e-23, nan 
55.875, 76.375, 3.580941343317292e-23, nan 
56.125, 76.375, 3.8171269184298266e-23, nan 
56.375, 76.375, 4.205874842871507e-23, nan 
56.625, 76.375, 6.380180905402713e-23, nan 
56.875, 76.375, 4.651191640909674e-23, nan 
57.125, 76.375, 3.4348784135682005e-23, nan 
57.375, 76.375, 1.6366045025979658e-23, nan 
57.625, 76.375, 2.1413223493428504e-23, nan 
57.875, 76.375, 2.687094082162011e-23, nan 
58.125, 76.375, 1.8120295956684533e-23, nan 
58.375, 76.375, 2.049508421250019e-23, nan 
58.625, 76.375, 2.037573486022311e-23, nan 
58.875, 76.375, 1.0687694238751086e-23, nan 
59.125, 76.375, 1.0494633427163803e-23, nan 
59.375, 76.375, 1.2065507326460627e-23, nan 
59.625, 76.375, 1.4694220510286043e-23, nan 
59.875, 76.375, 1.620396784026885e-23, nan 
60.125, 76.375, 1.0057347032590532e-23, nan 
60.375, 76.375, 1.305201220965288e-23, nan 
60.625, 76.375, 3.732094980853791e-23, nan 
60.875, 76.375, 8.330876556683861e-23, nan 
61.125, 76.375, 1.0607796825260212e-22, nan 
61.375, 76.375, 1.1073332806063883e-22, nan 
61.625, 76.375, 6.271723693222228e-23, nan 
61.875, 76.375, 8.004470787155358e-23, nan 
62.125, 76.375, 1.7257701849942896e-22, nan 
62.375, 76.375, 2.289282254855677e-22, nan 
62.625, 76.375, 2.629418309027692e-22, nan 
62.875, 76.375, 1.5689658552448543e-22, nan 
63.125, 76.375, 4.8427539126268684e-23, nan 
63.375, 76.375, 9.167964556765333e-23, nan 
63.625, 76.375, 1.2513150025580595e-22, nan 
63.875, 76.375, 1.5842935769646162e-22, nan 
64.125, 76.375, 8.772316308044193e-23, nan 
64.375, 76.375, 6.738986567790085e-23, nan 
64.625, 76.375, 2.078508421749544e-23, nan 
64.875, 76.375, 5.713633272529518e-23, nan 
65.125, 76.375, 4.481113980830814e-23, nan 
65.375, 76.375, 4.4358755285798436e-23, nan 
65.625, 76.375, 8.634912349147961e-23, nan 
65.875, 76.375, 7.700874024913704e-23, nan 
66.125, 76.375, 7.088869921151871e-23, nan 
66.375, 76.375, 9.915534507468568e-23, nan 
66.625, 76.375, 7.419498608397348e-23, nan 
66.875, 76.375, 2.2312556805152434e-23, nan 
67.125, 76.375, 3.743691640308778e-23, nan 
67.375, 76.375, 3.0322630781031166e-23, nan 
67.625, 76.375, 3.9462344387624856e-23, nan 
67.875, 76.375, 4.610261612573133e-23, nan 
68.125, 76.375, 4.405474546734282e-23, nan 
68.375, 76.375, 3.260032186229255e-23, nan 
68.625, 76.375, 3.1074682837356054e-23, nan 
68.875, 76.375, 2.923823946693431e-23, nan 
69.125, 76.375, 3.7951187654315627e-23, nan 
69.375, 76.375, 4.5343444315653036e-23, nan 
69.625, 76.375, 5.835793198239079e-23, nan 
69.875, 76.375, 3.433699582747778e-23, nan 
70.125, 76.375, 5.2014031814145354e-23, nan 
70.375, 76.375, 3.436552713860999e-23, nan 
70.625, 76.375, 4.1599246133693705e-23, nan 
70.875, 76.375, 6.301406227948538e-23, nan 
71.125, 76.375, 7.600451113501038e-23, nan 
71.375, 76.375, 9.197989432978244e-23, nan 
71.625, 76.375, 1.1766159133373606e-22, nan 
71.875, 76.375, 6.517080019338931e-23, nan 
72.125, 76.375, 1.0706874717137278e-22, nan 
72.375, 76.375, 1.0056920566305491e-22, nan 
72.625, 76.375, 1.2799539637783155e-22, nan 
72.875, 76.375, 1.1271706702601866e-22, nan 
73.125, 76.375, 1.0309730227804469e-22, nan 
73.375, 76.375, 1.5059403424826325e-22, nan 
73.625, 76.375, 1.251530991629886e-22, nan 
73.875, 76.375, 1.4733838866077856e-22, nan 
74.125, 76.375, 1.7820529324864453e-22, nan 
74.375, 76.375, 1.5714593865848678e-22, nan 
74.625, 76.375, 1.6234132347599273e-22, nan 
74.875, 76.375, 1.9447607812741797e-22, nan 
75.125, 76.375, 2.0576034164222813e-22, nan 
75.375, 76.375, 1.97231787096385e-22, nan 
75.625, 76.375, 2.2880619364961244e-22, nan 
75.875, 76.375, 1.7805674486727303e-22, nan 
76.125, 76.375, 2.4936383942968324e-22, nan 
76.375, 76.375, 2.4135949702043222e-22, nan 
76.625, 76.375, 4.1830260330129272e-22, nan 
76.875, 76.375, 9.201266451883841e-22, nan 
77.125, 76.375, 5.733549353202806e-22, nan 
77.375, 76.375, 4.406054549411682e-22, nan 
77.625, 76.375, 4.1401325086814724e-22, nan 
77.875, 76.375, 6.989715798090253e-22, nan 
78.125, 76.375, 1.862572698047441e-21, nan 
78.375, 76.375, 9.939614121173988e-22, nan 
78.625, 76.375, 4.892850999862074e-22, nan 
78.875, 76.375, 1.58337184311255e-22, nan 
79.125, 76.375, 3.605545793236038e-22, nan 
79.375, 76.375, 1.0281057536473773e-21, nan 
79.625, 76.375, 7.4512109100859e-22, nan 
79.875, 76.375, 6.8463830523283e-22, nan 
80.125, 76.375, 7.259453700512457e-22, nan 
80.375, 76.375, 7.461496366327659e-22, nan 
80.625, 76.375, 6.890485378963911e-22, nan 
80.875, 76.375, 6.427117230400159e-22, nan 
81.125, 76.375, 8.766093507614709e-22, nan 
81.375, 76.375, 8.344924745840014e-22, nan 
81.625, 76.375, 5.689593447350223e-22, nan 
81.875, 76.375, 7.715181109036333e-22, nan 
82.125, 76.375, 4.35974382420271e-22, nan 
82.375, 76.375, 4.785384302732079e-22, nan 
82.625, 76.375, 2.338124095046382e-22, nan 
82.875, 76.375, 3.8912661085446484e-22, nan 
83.125, 76.375, 3.5265343351638194e-22, nan 
83.375, 76.375, 3.675150501780044e-22, nan 
83.625, 76.375, 3.452997341640185e-22, nan 
83.875, 76.375, 4.312414306313151e-22, nan 
84.125, 76.375, 6.199875164366884e-22, nan 
84.375, 76.375, 5.297197877342808e-22, nan 
84.625, 76.375, 6.912332875205061e-22, nan 
84.875, 76.375, 6.8838273819725305e-22, nan 
85.125, 76.375, 5.285293141766356e-22, nan 
85.375, 76.375, 5.395045730322621e-22, nan 
85.625, 76.375, 6.503772320286344e-22, nan 
85.875, 76.375, 1.0505548352748573e-21, nan 
86.125, 76.375, 1.423422831462164e-21, nan 
86.375, 76.375, 1.6976116880447204e-21, nan 
86.625, 76.375, 2.892939420796651e-21, nan 
86.875, 76.375, 2.5209567663089977e-21, nan 
87.125, 76.375, 3.0206633655871387e-21, nan 
87.375, 76.375, 2.6116454867919706e-21, nan 
87.625, 76.375, 2.494987370898842e-21, nan 
87.875, 76.375, 2.870698149533022e-21, nan 
88.125, 76.375, 2.346475929382159e-21, nan 
88.375, 76.375, 3.1049220822582494e-21, nan 
88.625, 76.375, 4.526759536010595e-21, nan 
88.875, 76.375, 5.800270051649385e-21, nan 
89.125, 76.375, 5.699878795922406e-21, nan 
89.375, 76.375, 3.6029249165558156e-21, nan 
89.625, 76.375, 4.380427984544993e-21, nan 
89.875, 76.375, 5.941725617977405e-21, nan 
90.125, 76.375, 7.394384594463476e-21, nan 
90.375, 76.375, 5.994242610181427e-21, nan 
90.625, 76.375, 3.718355716871301e-21, nan 
90.875, 76.375, 9.973427876952897e-21, nan 
91.125, 76.375, 9.700442037844789e-21, nan 
91.375, 76.375, 1.138051158821031e-20, nan 
91.625, 76.375, 7.93422601146735e-21, nan 
91.875, 76.375, 3.4271219975461836e-21, nan 
92.125, 76.375, 3.450693516658087e-21, nan 
92.375, 76.375, 5.014394513702437e-21, nan 
92.625, 76.375, 4.643590562662146e-21, nan 
92.875, 76.375, 5.599114178897273e-21, nan 
93.125, 76.375, 5.7007392969942175e-21, nan 
93.375, 76.375, 7.310152623057128e-21, nan 
93.625, 76.375, 4.806208431720811e-21, nan 
93.875, 76.375, 3.541655329446918e-21, nan 
94.125, 76.375, 5.145581777485253e-21, nan 
94.375, 76.375, 4.469441191018038e-21, nan 
94.625, 76.375, 4.705527532189703e-21, nan 
94.875, 76.375, 4.3663569782635846e-21, nan 
95.125, 76.375, 4.554435818291306e-21, nan 
95.375, 76.375, 4.1821202306265566e-21, nan 
95.625, 76.375, 5.601830774526863e-21, nan 
95.875, 76.375, 5.184535326239243e-21, nan 
96.125, 76.375, 5.6376181149180386e-21, nan 
96.375, 76.375, 6.18441703506208e-21, nan 
96.625, 76.375, 5.103065154418629e-21, nan 
96.875, 76.375, 7.000976749850704e-21, nan 
97.125, 76.375, 6.686732143183414e-21, nan 
97.375, 76.375, 5.6027129856232216e-21, nan 
97.625, 76.375, 3.342300606274948e-21, nan 
97.875, 76.375, 3.627378186333495e-21, nan 
98.125, 76.375, 8.165354943941042e-21, nan 
98.375, 76.375, 1.2226206456935614e-20, nan 
98.625, 76.375, 1.1639733334056455e-20, nan 
98.875, 76.375, 1.3323867376731211e-20, nan 
99.125, 76.375, 1.6406976635675194e-20, nan 
99.375, 76.375, 1.9809423352926398e-20, nan 
99.625, 76.375, 1.581168845168145e-20, nan 
99.875, 76.375, 2.3309828457597517e-20, nan 
100.125, 76.375, 2.419693403354723e-20, nan 
100.375, 76.375, 3.0646351414761095e-20, nan 
100.625, 76.375, 4.5992630947552216e-20, nan 
100.875, 76.375, 2.0268275267641254e-20, nan 
101.125, 76.375, 1.5003709162007382e-20, nan 
101.375, 76.375, 1.3003737885508476e-20, nan 
101.625, 76.375, 1.908436268240613e-20, nan 
101.875, 76.375, 3.181870578709998e-20, nan 
102.125, 76.375, 2.401687801050185e-20, nan 
102.375, 76.375, 1.7346389361862852e-20, nan 
102.625, 76.375, 1.3760716976860785e-20, nan 
102.875, 76.375, 9.98167700048947e-21, nan 
103.125, 76.375, 1.2891440565315269e-20, nan 
103.375, 76.375, 1.5656760615540575e-20, nan 
103.625, 76.375, 1.6008800702438502e-20, nan 
103.875, 76.375, 1.4534623957121868e-20, nan 
104.125, 76.375, 2.7189398930224825e-20, nan 
104.375, 76.375, 4.18936493665442e-20, nan 
104.625, 76.375, 2.974425089193579e-20, nan 
104.875, 76.375, 2.0468662112182507e-20, nan 
105.125, 76.375, 2.3397043730954915e-20, nan 
105.375, 76.375, 2.4892895102010628e-20, nan 
105.625, 76.375, 2.5705232727189838e-20, nan 
105.875, 76.375, 3.1211859852372594e-20, nan 
106.125, 76.375, 3.36604059181753e-20, nan 
106.375, 76.375, 3.3952509493582624e-20, nan 
106.625, 76.375, 3.20115330946329e-20, nan 
106.875, 76.375, 4.019067860018167e-20, nan 
107.125, 76.375, 3.7939471755592185e-20, nan 
107.375, 76.375, 3.757607716001446e-20, nan 
107.625, 76.375, 5.3538245546061685e-20, nan 
107.875, 76.375, 5.735642626697497e-20, nan 
108.125, 76.375, 3.861764679347677e-20, nan 
108.375, 76.375, 2.734071729903693e-20, nan 
108.625, 76.375, 5.3167358971395694e-20, nan 
108.875, 76.375, 3.346207316898673e-20, nan 
109.125, 76.375, 3.833998437540367e-20, nan 
109.375, 76.375, 4.937060376649981e-20, nan 
109.625, 76.375, 6.106174731617714e-20, nan 
109.875, 76.375, 6.177454240415591e-20, nan 
110.125, 76.375, 5.501511385427458e-20, nan 
110.375, 76.375, 3.8108093661057146e-20, nan 
110.625, 76.375, 5.1908213169691416e-20, nan 
110.875, 76.375, 3.588958515845394e-20, nan 
111.125, 76.375, 6.558307983248416e-20, nan 
111.375, 76.375, 5.71011548601065e-20, nan 
111.625, 76.375, 5.659773601693697e-20, nan 
111.875, 76.375, 5.172506495970578e-20, nan 
112.125, 76.375, 6.414255080651038e-20, nan 
112.375, 76.375, 8.116603456652893e-20, nan 
112.625, 76.375, 7.62723397313507e-20, nan 
112.875, 76.375, 7.631931935069141e-20, nan 
113.125, 76.375, 7.128821586524938e-20, nan 
113.375, 76.375, 7.282642142402862e-20, nan 
113.625, 76.375, 6.991698492863376e-20, nan 
113.875, 76.375, 8.06638052450703e-20, nan 
114.125, 76.375, 7.962883017934422e-20, nan 
114.375, 76.375, 1.1591738301646344e-19, nan 
114.625, 76.375, 3.750194766729322e-20, nan 
114.875, 76.375, 7.616392832492173e-20, nan 
115.125, 76.375, 9.181643176241802e-20, nan 
115.375, 76.375, 6.989410384255611e-20, nan 
115.625, 76.375, 8.798721646629613e-20, nan 
115.875, 76.375, 1.304572658195541e-19, nan 
116.125, 76.375, 6.632774284134971e-20, nan 
116.375, 76.375, 6.09702211746332e-20, nan 
116.625, 76.375, 6.209068426989855e-20, nan 
116.875, 76.375, 5.672128577785221e-20, nan 
117.125, 76.375, 6.103232664891085e-20, nan 
117.375, 76.375, 6.911302257259159e-20, nan 
117.625, 76.375, 1.0568133636456972e-19, nan 
117.875, 76.375, 1.5483354020387544e-19, nan 
118.125, 76.375, 1.844381502348802e-19, nan 
118.375, 76.375, 1.1909630103151394e-19, nan 
118.625, 76.375, 1.5311869848028617e-19, nan 
118.875, 76.375, 6.05148935900374e-20, nan 
119.125, 76.375, 6.312975749026865e-20, nan 
119.375, 76.375, 2.4842873801348743e-20, nan 
119.625, 76.375, 5.674911398772536e-20, nan 
119.875, 76.375, 5.9430541701887e-20, nan 
120.125, 76.375, 6.784064696025906e-20, nan 
120.375, 76.375, 4.995968042087082e-20, nan 
120.625, 76.375, 2.424861996156943e-20, nan 
120.875, 76.375, 4.178164090098348e-20, nan 
121.125, 76.375, 3.1019032416741073e-20, nan 
121.375, 76.375, 2.2552923632082772e-20, nan 
121.625, 76.375, 4.8435322025272646e-20, nan 
121.875, 76.375, 3.679551600440176e-20, nan 
122.125, 76.375, 5.0978529600211406e-20, nan 
122.375, 76.375, 1.578151244832344e-20, nan 
122.625, 76.375, 3.3956450093659945e-20, nan 
122.875, 76.375, 4.249058104138626e-20, nan 
123.125, 76.375, 2.893651586778249e-20, nan 
123.375, 76.375, 2.6301122455210976e-20, nan 
123.625, 76.375, 1.4437863695418958e-20, nan 
123.875, 76.375, 1.350873645739267e-20, nan 
124.125, 76.375, 1.5586031614129825e-20, nan 
124.375, 76.375, 1.6904830972167093e-20, nan 
124.625, 76.375, 1.7165145602048323e-20, nan 
124.875, 76.375, 1.099934927089952e-20, nan 
125.125, 76.375, 1.1276461454591399e-20, nan 
125.375, 76.375, 1.0527380081187905e-20, nan 
125.625, 76.375, 9.78673353431501e-21, nan 
125.875, 76.375, 1.5450727521039334e-20, nan 
126.125, 76.375, 6.131295777986569e-21, nan 
126.375, 76.375, 4.955767627237711e-21, nan 
126.625, 76.375, 8.19114936300475e-21, nan 
126.875, 76.375, 7.757962676823864e-21, nan 
127.125, 76.375, 1.070030508736518e-20, nan 
127.375, 76.375, 1.208895242825578e-20, nan 
127.625, 76.375, 1.4369007280914223e-20, nan 
127.875, 76.375, 1.2792902454030854e-20, nan 
128.125, 76.375, 1.385101749402253e-20, nan 
128.375, 76.375, 1.1957988730456516e-20, nan 
128.625, 76.375, 1.130717541955736e-20, nan 
128.875, 76.375, 1.2075908500964351e-20, nan 
129.125, 76.375, 1.4414513415207343e-20, nan 
129.375, 76.375, 1.606473445425626e-20, nan 
129.625, 76.375, 1.2187219684787972e-20, nan 
129.875, 76.375, 1.0714066869664072e-20, nan 
130.125, 76.375, 1.0090992952301124e-20, nan 
130.375, 76.375, 9.060137300356526e-21, nan 
130.625, 76.375, 8.120575362353661e-21, nan 
130.875, 76.375, 7.464929630056418e-21, nan 
131.125, 76.375, 7.337183642951888e-21, nan 
131.375, 76.375, 7.711578261070157e-21, nan 
131.625, 76.375, 6.048341000645292e-21, nan 
131.875, 76.375, 6.400364686345002e-21, nan 
132.125, 76.375, 4.7209182732658556e-21, nan 
132.375, 76.375, 4.0689374755503125e-21, nan 
132.625, 76.375, 2.385196220688314e-21, nan 
132.875, 76.375, 1.790334951716645e-21, nan 
133.125, 76.375, 1.9403471823344747e-21, nan 
133.375, 76.375, 1.89690706612223e-21, nan 
133.625, 76.375, 2.563027490663693e-21, nan 
133.875, 76.375, 1.3920833723396364e-21, nan 
134.125, 76.375, 2.077793450711645e-21, nan 
134.375, 76.375, 2.9257936962006477e-21, nan 
134.625, 76.375, 1.430423960048015e-21, nan 
134.875, 76.375, 1.464532469214695e-21, nan 
135.125, 76.375, 2.2360962218833287e-21, nan 
135.375, 76.375, 2.4546908403536917e-21, nan 
135.625, 76.375, 2.5174365309915175e-21, nan 
135.875, 76.375, 1.56481898583129e-21, nan 
136.125, 76.375, 1.512077965007128e-21, nan 
136.375, 76.375, 1.898431206435746e-21, nan 
136.625, 76.375, 2.334784408287069e-21, nan 
136.875, 76.375, 1.4315477607311116e-21, nan 
137.125, 76.375, 7.474206631843722e-22, nan 
137.375, 76.375, 1.4708120927135373e-21, nan 
137.625, 76.375, 1.849820169949945e-21, nan 
137.875, 76.375, 1.3384552446327992e-21, nan 
138.125, 76.375, 2.4971091285920734e-21, nan 
138.375, 76.375, 2.870630283926712e-21, nan 
138.625, 76.375, 3.142434033798409e-21, nan 
138.875, 76.375, 3.250451944132041e-21, nan 
139.125, 76.375, 3.343522730508688e-21, nan 
139.375, 76.375, 2.728036701006719e-21, nan 
139.625, 76.375, 2.4656475463207996e-21, nan 
139.875, 76.375, 1.8099676563321412e-21, nan 
140.125, 76.375, 1.5715321388316976e-21, nan 
140.375, 76.375, 1.4988573422653046e-21, nan 
140.625, 76.375, 1.0859166276485655e-21, nan 
140.875, 76.375, 1.0346491319553608e-21, nan 
141.125, 76.375, 7.282133888768233e-22, nan 
141.375, 76.375, 3.804229808863289e-22, nan 
141.625, 76.375, 4.58046287725967e-22, nan 
141.875, 76.375, 6.84491268483952e-22, nan 
142.125, 76.375, 4.95448216666384e-22, nan 
142.375, 76.375, 6.162941384810703e-22, nan 
142.625, 76.375, 7.813540657799584e-22, nan 
142.875, 76.375, 8.448555238502796e-22, nan 
143.125, 76.375, 7.34664540916382e-22, nan 
143.375, 76.375, 5.047916355115585e-22, nan 
143.625, 76.375, 7.032642756830643e-22, nan 
143.875, 76.375, 7.382933342370802e-22, nan 
144.125, 76.375, 8.77470442240253e-22, nan 
144.375, 76.375, 8.63650359951605e-22, nan 
144.625, 76.375, 7.999315422979373e-22, nan 
144.875, 76.375, 8.009490124039994e-22, nan 
145.125, 76.375, 7.605746700986292e-22, nan 
145.375, 76.375, 8.2694656028142685e-22, nan 
145.625, 76.375, 8.118843561037954e-22, nan 
145.875, 76.375, 7.516374482481576e-22, nan 
146.125, 76.375, 5.391785161475847e-22, nan 
146.375, 76.375, 4.9129378798963e-22, nan 
146.625, 76.375, 4.1039202443045233e-22, nan 
146.875, 76.375, 5.572810759152547e-22, nan 
147.125, 76.375, 5.294550445338167e-22, nan 
147.375, 76.375, 6.974082729669996e-22, nan 
147.625, 76.375, 6.1463598568425085e-22, nan 
147.875, 76.375, 4.552970809320764e-22, nan 
148.125, 76.375, 5.192390368370888e-22, nan 
148.375, 76.375, 2.68653469800468e-22, nan 
148.625, 76.375, 3.6773915388572364e-22, nan 
148.875, 76.375, 2.400998829121193e-22, nan 
149.125, 76.375, 9.091344796524692e-23, nan 
149.375, 76.375, 2.4359252037457586e-22, nan 
149.625, 76.375, 1.0692646906159513e-22, nan 
149.875, 76.375, 9.529969864542542e-23, nan 
150.125, 76.375, 2.5243692513815167e-22, nan 
150.375, 76.375, 1.2446892622598164e-22, nan 
150.625, 76.375, 2.021115110481085e-22, nan 
150.875, 76.375, 1.0850550829238243e-22, nan 
151.125, 76.375, 1.1507215855702757e-22, nan 
151.375, 76.375, 3.745068312736587e-22, nan 
151.625, 76.375, 1.6640452324333128e-22, nan 
151.875, 76.375, 8.46662730767354e-23, nan 
152.125, 76.375, 9.54295982653455e-23, nan 
152.375, 76.375, 3.462098904251096e-23, nan 
152.625, 76.375, 2.005833396751281e-22, nan 
152.875, 76.375, 1.785968392596992e-22, nan 
153.125, 76.375, 2.313250170574516e-22, nan 
153.375, 76.375, 2.0148287088065453e-22, nan 
153.625, 76.375, 1.9920760409721646e-22, nan 
153.875, 76.375, 1.5220731913923253e-22, nan 
154.125, 76.375, 1.911511790384894e-22, nan 
154.375, 76.375, 2.1427645265534357e-22, nan 
154.625, 76.375, 1.8312042353083288e-22, nan 
154.875, 76.375, 1.5370952201117477e-22, nan 
155.125, 76.375, 1.2580931980938825e-22, nan 
155.375, 76.375, 1.644556484184514e-22, nan 
155.625, 76.375, 1.8167313244215602e-22, nan 
155.875, 76.375, 1.3440482647875376e-22, nan 
156.125, 76.375, 8.617092025032839e-23, nan 
156.375, 76.375, 4.0058623415759014e-23, nan 
156.625, 76.375, 1.3753927492249944e-22, nan 
156.875, 76.375, 2.1672268300945847e-22, nan 
157.125, 76.375, 1.3453412790477439e-22, nan 
157.375, 76.375, 1.1873042783222719e-22, nan 
157.625, 76.375, 1.47327374706223e-22, nan 
157.875, 76.375, 1.6143713441616923e-22, nan 
158.125, 76.375, 1.9589095254692536e-22, nan 
158.375, 76.375, 1.3124207324732897e-22, nan 
158.625, 76.375, 9.852072207152746e-23, nan 
158.875, 76.375, 1.2568534111211635e-22, nan 
159.125, 76.375, 8.558292585152636e-23, nan 
159.375, 76.375, 7.478288753737752e-23, nan 
159.625, 76.375, 4.83436270300408e-23, nan 
159.875, 76.375, 1.2849798673869533e-22, nan 
160.125, 76.375, 1.5532936362488987e-22, nan 
160.375, 76.375, 1.8613762678424963e-22, nan 
160.625, 76.375, 3.6042421121563306e-22, nan 
160.875, 76.375, 3.2543604448428354e-22, nan 
161.125, 76.375, 1.449029517045948e-22, nan 
161.375, 76.375, 1.6238119618388846e-22, nan 
161.625, 76.375, 1.7695114966247703e-22, nan 
161.875, 76.375, 2.4124999428539467e-22, nan 
162.125, 76.375, 2.289321400989387e-22, nan 
162.375, 76.375, 1.2506573325821395e-22, nan 
162.625, 76.375, 9.241865350173768e-23, nan 
162.875, 76.375, 7.533246628591168e-23, nan 
163.125, 76.375, 1.1602488220572342e-22, nan 
163.375, 76.375, 1.1011389449784253e-22, nan 
163.625, 76.375, 8.366727615812787e-23, nan 
163.875, 76.375, 5.567334939100326e-23, nan 
164.125, 76.375, 6.456379015095563e-23, nan 
164.375, 76.375, 7.956468964395239e-23, nan 
164.625, 76.375, 1.329117230297574e-22, nan 
164.875, 76.375, 1.5214821174966008e-22, nan 
165.125, 76.375, 1.5667528470238451e-22, nan 
165.375, 76.375, 1.4886204644393982e-22, nan 
165.625, 76.375, 1.714058937687718e-22, nan 
165.875, 76.375, 1.7814067529881731e-22, nan 
166.125, 76.375, 1.4345687476871047e-22, nan 
166.375, 76.375, 1.119849922850654e-22, nan 
166.625, 76.375, 1.0707132794794885e-22, nan 
166.875, 76.375, 1.171573943471349e-22, nan 
167.125, 76.375, 1.4888998947814863e-22, nan 
167.375, 76.375, 1.5282496439440604e-22, nan 
167.625, 76.375, 8.579292665176634e-23, nan 
167.875, 76.375, 1.1872116447139057e-22, nan 
168.125, 76.375, 9.623162258126817e-23, nan 
168.375, 76.375, 1.0189075769535539e-22, nan 
168.625, 76.375, 1.0289972388786982e-22, nan 
168.875, 76.375, 1.0087749344085661e-22, nan 
169.125, 76.375, 9.381722909108579e-23, nan 
169.375, 76.375, 5.451071632878598e-23, nan 
169.625, 76.375, 4.981020533236629e-23, nan 
169.875, 76.375, 3.6255394771428786e-23, nan 
170.125, 76.375, 7.108163911941883e-23, nan 
170.375, 76.375, 4.2658146589395914e-23, nan 
170.625, 76.375, 3.321348680294715e-23, nan 
170.875, 76.375, 2.7705278774560663e-23, nan 
171.125, 76.375, 4.3536569883621916e-23, nan 
171.375, 76.375, 9.532215333608515e-23, nan 
171.625, 76.375, 2.5110476502617665e-23, nan 
171.875, 76.375, 1.6314832652210103e-23, nan 
172.125, 76.375, 2.5720106683285323e-23, nan 
172.375, 76.375, 3.2294598247515084e-23, nan 
172.625, 76.375, 4.435680128149518e-23, nan 
172.875, 76.375, 1.8125150598589633e-23, nan 
173.125, 76.375, 9.554423486832122e-24, nan 
173.375, 76.375, 1.178311642355642e-23, nan 
173.625, 76.375, 1.0457782821839932e-23, nan 
173.875, 76.375, 1.9525650026261928e-23, nan 
174.125, 76.375, 2.631972664922985e-23, nan 
174.375, 76.375, 2.1454189068577838e-23, nan 
174.625, 76.375, 2.5044257079096953e-23, nan 
174.875, 76.375, 2.3737598774456165e-23, nan 
175.125, 76.375, 2.4957947536293406e-23, nan 
175.375, 76.375, 2.3721295322549155e-23, nan 
175.625, 76.375, 2.949244340736042e-23, nan 
175.875, 76.375, 2.5366147018494078e-23, nan 
176.125, 76.375, 2.3910486385024437e-23, nan 
176.375, 76.375, 2.2582771676220348e-23, nan 
176.625, 76.375, 1.9482715552553746e-23, nan 
176.875, 76.375, 2.4573673188533023e-23, nan 
177.125, 76.375, 3.0928469080565366e-23, nan 
177.375, 76.375, 4.063846871425235e-23, nan 
177.625, 76.375, 3.3259917401690244e-23, nan 
177.875, 76.375, 2.2845426318174372e-23, nan 
178.125, 76.375, 1.882416549969338e-23, nan 
178.375, 76.375, 2.0686640697654697e-23, nan 
178.625, 76.375, 2.702713362928923e-23, nan 
178.875, 76.375, 2.2022225027984544e-23, nan 
179.125, 76.375, 1.9435226856387322e-23, nan 
179.375, 76.375, 2.028575278190709e-23, nan 
179.625, 76.375, 2.7085609750494453e-23, nan 
179.875, 76.375, 2.6833800228235e-23, nan 
-179.875, 76.625, 2.4511678531924867e-23, nan 
-179.625, 76.625, 2.0009126032262052e-23, nan 
-179.375, 76.625, 1.9562356938687984e-23, nan 
-179.125, 76.625, 1.7122002756672578e-23, nan 
-178.875, 76.625, 2.6041231737527836e-23, nan 
-178.625, 76.625, 4.046662178628971e-23, nan 
-178.375, 76.625, 5.351836828928656e-23, nan 
-178.125, 76.625, 4.002029637360664e-23, nan 
-177.875, 76.625, 4.04346621394413e-23, nan 
-177.625, 76.625, 2.917259584352889e-23, nan 
-177.375, 76.625, 3.156081339623539e-23, nan 
-177.125, 76.625, 3.8469359842193776e-23, nan 
-176.875, 76.625, 2.6285964586109011e-23, nan 
-176.625, 76.625, 2.3642359044179766e-23, nan 
-176.375, 76.625, 4.089977684829239e-24, nan 
-176.125, 76.625, 4.589091845010834e-24, nan 
-175.875, 76.625, 6.520576552759802e-24, nan 
-175.625, 76.625, 1.983045754043178e-23, nan 
-175.375, 76.625, 1.6221121097235617e-23, nan 
-175.125, 76.625, 2.621914854997904e-23, nan 
-174.875, 76.625, 3.360598312562805e-23, nan 
-174.625, 76.625, 3.772078783402209e-23, nan 
-174.375, 76.625, 1.9470251024535018e-23, nan 
-174.125, 76.625, 1.4732794407062442e-23, nan 
-173.875, 76.625, 1.3281118290748676e-23, nan 
-173.625, 76.625, 3.7276772682264347e-23, nan 
-173.375, 76.625, 6.983665751404479e-23, nan 
-173.125, 76.625, 3.900011320173008e-23, nan 
-172.875, 76.625, 2.696916660766525e-23, nan 
-172.625, 76.625, 3.130842000447255e-23, nan 
-172.375, 76.625, 3.4406747847470734e-23, nan 
-172.125, 76.625, 3.046834020701183e-23, nan 
-171.875, 76.625, 3.3462000032214943e-23, nan 
-171.625, 76.625, 2.3341919761745324e-23, nan 
-171.375, 76.625, 1.527635075417894e-23, nan 
-171.125, 76.625, 8.013655022897398e-24, nan 
-170.875, 76.625, 1.1210520404069935e-23, nan 
-170.625, 76.625, 4.727526646072693e-23, nan 
-170.375, 76.625, 3.1649341222583383e-23, nan 
-170.125, 76.625, 2.389681188269589e-23, nan 
-169.875, 76.625, 2.9858231022622914e-23, nan 
-169.625, 76.625, 2.380942602108204e-23, nan 
-169.375, 76.625, 3.4085780803124907e-23, nan 
-169.125, 76.625, 3.9201383021846646e-23, nan 
-168.875, 76.625, 2.453837201536966e-23, nan 
-168.625, 76.625, 4.095922570294413e-23, nan 
-168.375, 76.625, 2.5624766367592816e-23, nan 
-168.125, 76.625, 1.9089181504797605e-23, nan 
-167.875, 76.625, 2.848107129588748e-23, nan 
-167.625, 76.625, 3.279748809274211e-23, nan 
-167.375, 76.625, 3.152934802533854e-23, nan 
-167.125, 76.625, 2.640813995565391e-23, nan 
-166.875, 76.625, 3.633056110216337e-23, nan 
-166.625, 76.625, 4.236324421343485e-23, nan 
-166.375, 76.625, 5.529399433510724e-23, nan 
-166.125, 76.625, 3.54531859577902e-23, nan 
-165.875, 76.625, 1.7499927882308742e-23, nan 
-165.625, 76.625, 1.937183295380131e-23, nan 
-165.375, 76.625, 2.8845078772232586e-23, nan 
-165.125, 76.625, 2.830350123803503e-23, nan 
-164.875, 76.625, 3.376870081462225e-23, nan 
-164.625, 76.625, 7.403738671686284e-23, nan 
-164.375, 76.625, 7.175522237714448e-23, nan 
-164.125, 76.625, 3.421002312013518e-23, nan 
-163.875, 76.625, 2.768328382068806e-23, nan 
-163.625, 76.625, 3.806028318575171e-23, nan 
-163.375, 76.625, 3.2987549190217436e-23, nan 
-163.125, 76.625, 2.837738230939282e-23, nan 
-162.875, 76.625, 2.396959992205899e-23, nan 
-162.625, 76.625, 1.8630205070548124e-23, nan 
-162.375, 76.625, 1.7331223676548218e-23, nan 
-162.125, 76.625, 1.5847829439443683e-23, nan 
-161.875, 76.625, 1.602091124787298e-23, nan 
-161.625, 76.625, 1.6615616520699344e-23, nan 
-161.375, 76.625, 1.677863034117133e-23, nan 
-161.125, 76.625, 1.3515223348338673e-23, nan 
-160.875, 76.625, 1.2151708712144545e-23, nan 
-160.625, 76.625, 1.1423530790825971e-23, nan 
-160.375, 76.625, 1.0904470139181567e-23, nan 
-160.125, 76.625, 8.086009993902753e-24, nan 
-159.875, 76.625, 6.497775318215078e-24, nan 
-159.625, 76.625, 7.731442805870112e-24, nan 
-159.375, 76.625, 4.991330214798221e-24, nan 
-159.125, 76.625, 5.852570806014964e-24, nan 
-158.875, 76.625, 8.175442572733158e-24, nan 
-158.625, 76.625, 9.093579012281842e-24, nan 
-158.375, 76.625, 1.1615429561283828e-23, nan 
-158.125, 76.625, 1.421094554689793e-23, nan 
-157.875, 76.625, 1.1067658409915382e-23, nan 
-157.625, 76.625, 1.1058268096798306e-23, nan 
-157.375, 76.625, 1.2140480787348345e-23, nan 
-157.125, 76.625, 7.042894465308276e-24, nan 
-156.875, 76.625, 9.874292007474822e-24, nan 
-156.625, 76.625, 1.39407232324625e-23, nan 
-156.375, 76.625, 8.97540185779789e-24, nan 
-156.125, 76.625, 1.393562125054303e-23, nan 
-155.875, 76.625, 1.3806461364542242e-23, nan 
-155.625, 76.625, 1.9149190569246212e-23, nan 
-155.375, 76.625, 1.717320803430493e-23, nan 
-155.125, 76.625, 1.3552565204148502e-23, nan 
-154.875, 76.625, 1.1340837950306711e-23, nan 
-154.625, 76.625, 7.007819602678916e-24, nan 
-154.375, 76.625, 9.28973581303861e-24, nan 
-154.125, 76.625, 1.0531590349614922e-23, nan 
-153.875, 76.625, 1.787879246641517e-23, nan 
-153.625, 76.625, 1.905885319352481e-23, nan 
-153.375, 76.625, 1.9050060662038745e-23, nan 
-153.125, 76.625, 1.9362411549680572e-23, nan 
-152.875, 76.625, 1.4437092191473488e-23, nan 
-152.625, 76.625, 7.983983120857213e-24, nan 
-152.375, 76.625, 1.076874414241009e-23, nan 
-152.125, 76.625, 9.906356553324202e-24, nan 
-151.875, 76.625, 8.014413131450582e-24, nan 
-151.625, 76.625, 6.672388890438836e-24, nan 
-151.375, 76.625, 1.2809226072047169e-23, nan 
-151.125, 76.625, 1.0293932867998969e-23, nan 
-150.875, 76.625, 1.4120492333459805e-23, nan 
-150.625, 76.625, 7.004799940101493e-24, nan 
-150.375, 76.625, 5.480484781861639e-24, nan 
-150.125, 76.625, 7.22748678958636e-24, nan 
-149.875, 76.625, 9.49612777703032e-24, nan 
-149.625, 76.625, 1.3478066961815837e-23, nan 
-149.375, 76.625, 9.01898299994012e-24, nan 
-149.125, 76.625, 8.123916738686727e-24, nan 
-148.875, 76.625, 8.875681805006612e-24, nan 
-148.625, 76.625, 1.206893424453998e-23, nan 
-148.375, 76.625, 1.0257711121311688e-23, nan 
-6.125, 76.625, 2.268202131764842e-24, nan 
-5.875, 76.625, 2.5936812803190752e-24, nan 
-5.625, 76.625, 2.123947693629439e-24, nan 
-5.375, 76.625, 1.8173576865607573e-24, nan 
-5.125, 76.625, 1.882471203707061e-24, nan 
-4.875, 76.625, 1.644000372927517e-24, nan 
-4.625, 76.625, 1.4639741761017365e-24, nan 
-4.375, 76.625, 1.842345112600441e-24, nan 
-4.125, 76.625, 1.957707343898419e-24, nan 
-3.875, 76.625, 1.923611163266931e-24, nan 
-3.625, 76.625, 1.701859303923921e-24, nan 
-3.375, 76.625, 1.5746975304776579e-24, nan 
-3.125, 76.625, 1.826706438426387e-24, nan 
-2.875, 76.625, 2.004072258616579e-24, nan 
-2.625, 76.625, 1.4253718452034953e-24, nan 
-2.375, 76.625, 1.5559867675377248e-24, nan 
-2.125, 76.625, 1.8553442771175295e-24, nan 
-1.875, 76.625, 1.963326396162014e-24, nan 
-1.625, 76.625, 2.361105935033713e-24, nan 
-1.375, 76.625, 1.7441445342225083e-24, nan 
-1.125, 76.625, 1.7596214984649344e-24, nan 
-0.875, 76.625, 1.6343661093939537e-24, nan 
-0.625, 76.625, 1.5902677474118304e-24, nan 
-0.375, 76.625, 1.2088503168013535e-24, nan 
-0.125, 76.625, 1.3850042474824684e-24, nan 
0.125, 76.625, 1.8378591497568972e-24, nan 
0.375, 76.625, 1.3091241401331684e-24, nan 
0.625, 76.625, 1.3316984922279847e-24, nan 
0.875, 76.625, 1.3328278424806919e-24, nan 
1.125, 76.625, 1.4824573175747764e-24, nan 
1.375, 76.625, 1.5942320227358142e-24, nan 
1.625, 76.625, 1.2857710296060796e-24, nan 
1.875, 76.625, 1.4015818363815051e-24, nan 
2.125, 76.625, 2.0099538474224027e-24, nan 
2.375, 76.625, 1.5241620302727968e-24, nan 
2.625, 76.625, 1.3925984903677364e-24, nan 
2.875, 76.625, 1.0802902937654834e-24, nan 
3.125, 76.625, 1.2675538236979824e-24, nan 
3.375, 76.625, 1.0620025397075072e-24, nan 
3.625, 76.625, 1.6584234180922703e-24, nan 
3.875, 76.625, 1.3452562403081579e-24, nan 
4.125, 76.625, 7.746877846311716e-25, nan 
4.375, 76.625, 9.050016313588788e-25, nan 
4.625, 76.625, 1.273615359591024e-24, nan 
4.875, 76.625, 1.765853969548711e-24, nan 
5.125, 76.625, 2.0215508151996123e-24, nan 
5.375, 76.625, 2.6477292655602705e-24, nan 
5.625, 76.625, 3.060648932917892e-24, nan 
5.875, 76.625, 2.826232644297589e-24, nan 
6.125, 76.625, 2.1733358164134138e-24, nan 
6.375, 76.625, 2.3734651076589363e-24, nan 
6.625, 76.625, 2.7429947325041118e-24, nan 
6.875, 76.625, 3.3028095288935257e-24, nan 
7.125, 76.625, 3.700144551828358e-24, nan 
7.375, 76.625, 2.565666374796627e-24, nan 
7.625, 76.625, 2.1434689154963356e-24, nan 
7.875, 76.625, 2.2843355435971836e-24, nan 
8.125, 76.625, 1.180790293487619e-24, nan 
8.375, 76.625, 2.536321620166493e-24, nan 
8.625, 76.625, 9.768250413460585e-25, nan 
8.875, 76.625, 1.6043934369698034e-24, nan 
9.125, 76.625, 2.601995810015878e-24, nan 
9.375, 76.625, 2.826628082397771e-24, nan 
9.625, 76.625, 3.003721855353578e-24, nan 
9.875, 76.625, 2.787859462036138e-24, nan 
10.125, 76.625, 1.2305674698024979e-24, nan 
10.375, 76.625, 1.3015976600605805e-24, nan 
10.625, 76.625, 1.2206374172839912e-24, nan 
10.875, 76.625, 7.198175252177749e-25, nan 
11.125, 76.625, 9.45207320447652e-25, nan 
11.375, 76.625, 1.0356056052386104e-24, nan 
11.625, 76.625, 9.662803296007176e-25, nan 
11.875, 76.625, 1.1676985866796322e-24, nan 
12.125, 76.625, 4.534698901712145e-25, nan 
12.375, 76.625, 1.2722356770424468e-24, nan 
12.625, 76.625, 8.781693868362074e-25, nan 
12.875, 76.625, 1.0868367741759687e-24, nan 
13.125, 76.625, 1.452751142136749e-24, nan 
13.375, 76.625, 1.8553452462764297e-24, nan 
13.625, 76.625, 1.241835388780697e-24, nan 
13.875, 76.625, 1.6512388907767791e-24, nan 
14.125, 76.625, 1.4890183653748938e-24, nan 
14.375, 76.625, 1.5774733636956638e-24, nan 
14.625, 76.625, 2.079657211405749e-24, nan 
14.875, 76.625, 2.3104894175704037e-24, nan 
15.125, 76.625, 2.060886153760832e-24, nan 
15.375, 76.625, 1.7697202104890243e-24, nan 
15.625, 76.625, 2.0314145420451095e-24, nan 
15.875, 76.625, 2.9652021469729485e-24, nan 
16.125, 76.625, 2.165992479115114e-24, nan 
16.375, 76.625, 2.6211853330732975e-24, nan 
16.625, 76.625, 3.197454526975498e-24, nan 
16.875, 76.625, 2.0333500199791825e-24, nan 
17.125, 76.625, 2.2637925206900297e-24, nan 
17.375, 76.625, 1.5266034374970159e-24, nan 
17.625, 76.625, 1.1568879897797752e-24, nan 
17.875, 76.625, 1.821666086414375e-24, nan 
18.125, 76.625, 7.893697547832701e-25, nan 
18.375, 76.625, 1.4936119833712044e-24, nan 
18.625, 76.625, 1.0764849073847913e-24, nan 
18.875, 76.625, 2.861893917346613e-24, nan 
19.125, 76.625, 2.791910981977997e-24, nan 
19.375, 76.625, 1.835927272206813e-24, nan 
19.625, 76.625, 5.820621485976219e-25, nan 
19.875, 76.625, 1.1943094082508364e-24, nan 
20.125, 76.625, 2.681981191636257e-24, nan 
20.375, 76.625, 2.7910840025055233e-24, nan 
20.625, 76.625, 2.2275275207167038e-24, nan 
20.875, 76.625, 1.6173871326417982e-24, nan 
21.125, 76.625, 1.3970664680914835e-24, nan 
21.375, 76.625, 2.3352195276688012e-24, nan 
21.625, 76.625, 1.7564304778140762e-24, nan 
21.875, 76.625, 1.1880396734251197e-24, nan 
22.125, 76.625, 1.2821687071964349e-24, nan 
22.375, 76.625, 1.4103145217019328e-24, nan 
22.625, 76.625, 2.589338280051985e-24, nan 
22.875, 76.625, 2.430265867888498e-24, nan 
23.125, 76.625, 1.793871835159892e-24, nan 
23.375, 76.625, 2.1701948377601874e-24, nan 
23.625, 76.625, 2.7013621558985323e-24, nan 
23.875, 76.625, 3.0889189450090976e-24, nan 
24.125, 76.625, 2.477109785364787e-24, nan 
24.375, 76.625, 2.726956596470164e-24, nan 
24.625, 76.625, 2.083285821821051e-24, nan 
24.875, 76.625, 4.643842711322253e-24, nan 
25.125, 76.625, 4.223805436374031e-24, nan 
25.375, 76.625, 5.69415610687895e-24, nan 
25.625, 76.625, 4.173799289056456e-24, nan 
25.875, 76.625, 5.812180258061245e-24, nan 
26.125, 76.625, 8.7619415516075e-24, nan 
26.375, 76.625, 1.6437434600778723e-23, nan 
26.625, 76.625, 3.4529205534130483e-23, nan 
26.875, 76.625, 8.31046864266063e-24, nan 
27.125, 76.625, 5.952981359036292e-24, nan 
27.375, 76.625, 4.6403786134944974e-24, nan 
27.625, 76.625, 5.981732396054767e-24, nan 
27.875, 76.625, 9.86630444656849e-24, nan 
28.125, 76.625, 6.324655842943227e-24, nan 
28.375, 76.625, 3.605453701797209e-24, nan 
28.625, 76.625, 4.739508440443943e-24, nan 
28.875, 76.625, 2.1516292392921828e-24, nan 
29.125, 76.625, 5.056302732561536e-24, nan 
29.375, 76.625, 5.7636547512468054e-24, nan 
29.625, 76.625, 3.532416149483937e-24, nan 
29.875, 76.625, 3.624642786534668e-24, nan 
30.125, 76.625, 3.658221610204837e-24, nan 
30.375, 76.625, 3.8931512125816734e-24, nan 
30.625, 76.625, 4.9673187396922064e-24, nan 
30.875, 76.625, 4.893706241194889e-24, nan 
31.125, 76.625, 5.407116259803486e-24, nan 
31.375, 76.625, 4.5985659866726306e-24, nan 
31.625, 76.625, 4.614386172801262e-24, nan 
31.875, 76.625, 4.486824550839547e-24, nan 
32.125, 76.625, 4.342014371570984e-24, nan 
32.375, 76.625, 5.9942938155939904e-24, nan 
32.625, 76.625, 4.368867846892869e-24, nan 
32.875, 76.625, 3.8473827272048716e-24, nan 
33.125, 76.625, 3.0653181070907812e-24, nan 
33.375, 76.625, 3.820567820858595e-24, nan 
33.625, 76.625, 3.5601714866195076e-24, nan 
33.875, 76.625, 3.0005692927458187e-24, nan 
34.125, 76.625, 3.918745028230059e-24, nan 
34.375, 76.625, 4.863488608730298e-24, nan 
34.625, 76.625, 3.3469403885843995e-24, nan 
34.875, 76.625, 3.570057787678091e-24, nan 
35.125, 76.625, 4.0863701565468376e-24, nan 
35.375, 76.625, 4.3909114237780324e-24, nan 
35.625, 76.625, 3.602653420919328e-24, nan 
35.875, 76.625, 3.2879144644693867e-24, nan 
36.125, 76.625, 4.883661375435751e-24, nan 
36.375, 76.625, 4.458522239102761e-24, nan 
36.625, 76.625, 3.523258389603539e-24, nan 
36.875, 76.625, 4.2143529209471835e-24, nan 
37.125, 76.625, 4.012133147149825e-24, nan 
37.375, 76.625, 4.192863833371109e-24, nan 
37.625, 76.625, 4.182685541560022e-24, nan 
37.875, 76.625, 2.933050668339015e-24, nan 
38.125, 76.625, 2.9931983919485898e-24, nan 
38.375, 76.625, 4.285495557138052e-24, nan 
38.625, 76.625, 3.768453185284861e-24, nan 
38.875, 76.625, 4.438794083853527e-24, nan 
39.125, 76.625, 3.884871192982512e-24, nan 
39.375, 76.625, 5.280128416791538e-24, nan 
39.625, 76.625, 4.753827925516245e-24, nan 
39.875, 76.625, 3.224748693821025e-24, nan 
40.125, 76.625, 3.307345132616521e-24, nan 
40.375, 76.625, 4.470543795407696e-24, nan 
40.625, 76.625, 4.072717165337469e-24, nan 
40.875, 76.625, 6.5774407484122695e-24, nan 
41.125, 76.625, 4.475852544279501e-24, nan 
41.375, 76.625, 2.4756596387036118e-24, nan 
41.625, 76.625, 3.450675421740984e-24, nan 
41.875, 76.625, 2.442536620661834e-24, nan 
42.125, 76.625, 3.946615632509978e-24, nan 
42.375, 76.625, 5.052772745663832e-24, nan 
42.625, 76.625, 3.7940343597483276e-24, nan 
42.875, 76.625, 2.8957877999792862e-24, nan 
43.125, 76.625, 4.370497474070766e-24, nan 
43.375, 76.625, 4.9547858214218494e-24, nan 
43.625, 76.625, 5.450990683106336e-24, nan 
43.875, 76.625, 5.405242574762535e-24, nan 
44.125, 76.625, 1.5940602750957382e-23, nan 
44.375, 76.625, 1.8585594627007904e-23, nan 
44.625, 76.625, 2.6000495382388683e-23, nan 
44.875, 76.625, 1.9163893452279056e-23, nan 
45.125, 76.625, 6.616990861008806e-24, nan 
45.375, 76.625, 2.5270355681823038e-23, nan 
45.625, 76.625, 2.6340589787164318e-23, nan 
45.875, 76.625, 4.210009215924612e-23, nan 
46.125, 76.625, 2.439219555036782e-23, nan 
46.375, 76.625, 2.731510254944705e-23, nan 
46.625, 76.625, 2.5878863585494666e-23, nan 
46.875, 76.625, 2.691790401459722e-23, nan 
47.125, 76.625, 1.5630875727080437e-23, nan 
47.375, 76.625, 1.6187138366519694e-23, nan 
47.625, 76.625, 1.736455990219128e-23, nan 
47.875, 76.625, 1.6185130493174283e-23, nan 
48.125, 76.625, 1.6630801321046188e-23, nan 
48.375, 76.625, 1.1858817327298737e-23, nan 
48.625, 76.625, 1.3728615277521922e-23, nan 
48.875, 76.625, 1.2217015824176376e-23, nan 
49.125, 76.625, 1.0865122145982838e-23, nan 
49.375, 76.625, 1.2215761537238538e-23, nan 
49.625, 76.625, 1.857372650268348e-23, nan 
49.875, 76.625, 1.5534645795171702e-23, nan 
50.125, 76.625, 1.2535197214888224e-23, nan 
50.375, 76.625, 1.1809762476449876e-23, nan 
50.625, 76.625, 2.0562237791364268e-23, nan 
50.875, 76.625, 1.5787110849620346e-23, nan 
51.125, 76.625, 1.5891023948688528e-23, nan 
51.375, 76.625, 1.1536015162813423e-23, nan 
51.625, 76.625, 1.076250053484332e-23, nan 
51.875, 76.625, 1.3945836146457725e-23, nan 
52.125, 76.625, 1.4442134469116272e-23, nan 
52.375, 76.625, 1.5751573285448093e-23, nan 
52.625, 76.625, 1.2499822185611706e-23, nan 
52.875, 76.625, 8.70559352140444e-24, nan 
53.125, 76.625, 1.4135854637856258e-23, nan 
53.375, 76.625, 1.2560346855376606e-23, nan 
53.625, 76.625, 1.3495171667811274e-23, nan 
53.875, 76.625, 1.3657598050600637e-23, nan 
54.125, 76.625, 8.643261753272458e-24, nan 
54.375, 76.625, 1.3557815660238292e-23, nan 
54.625, 76.625, 1.6951791559716836e-23, nan 
54.875, 76.625, 2.4185072755894357e-23, nan 
55.125, 76.625, 2.802999127859773e-23, nan 
55.375, 76.625, 4.071397773438339e-23, nan 
55.625, 76.625, 4.133084204681949e-23, nan 
55.875, 76.625, 3.955658055519732e-23, nan 
56.125, 76.625, 4.15872151681998e-23, nan 
56.375, 76.625, 5.486947159958378e-23, nan 
56.625, 76.625, 6.732648403857333e-23, nan 
56.875, 76.625, 6.502772169874887e-23, nan 
57.125, 76.625, 5.2383812211040476e-23, nan 
57.375, 76.625, 3.744262688399126e-23, nan 
57.625, 76.625, 3.5816678897128095e-23, nan 
57.875, 76.625, 2.0198186563689895e-23, nan 
58.125, 76.625, 2.1109198596294905e-23, nan 
58.375, 76.625, 2.4031352238902795e-23, nan 
58.625, 76.625, 2.3284512668913706e-23, nan 
58.875, 76.625, 2.070018955281416e-23, nan 
59.125, 76.625, 2.5400440294491136e-23, nan 
59.375, 76.625, 1.8473910593295335e-23, nan 
59.625, 76.625, 3.515431890073264e-23, nan 
59.875, 76.625, 3.9388068830236705e-23, nan 
60.125, 76.625, 3.202435037294834e-23, nan 
60.375, 76.625, 1.4850364263272133e-23, nan 
60.625, 76.625, 2.787259782189227e-23, nan 
60.875, 76.625, 1.9572126901765734e-23, nan 
61.125, 76.625, 2.0942053094625117e-23, nan 
61.375, 76.625, 1.847283574570906e-23, nan 
61.625, 76.625, 1.9095049855011576e-23, nan 
61.875, 76.625, 6.451764466306259e-23, nan 
62.125, 76.625, 1.0312113703192407e-22, nan 
62.375, 76.625, 1.277905147085549e-22, nan 
62.625, 76.625, 1.4241910130961808e-22, nan 
62.875, 76.625, 9.836791688413407e-23, nan 
63.125, 76.625, 4.1611814080201035e-23, nan 
63.375, 76.625, 3.074148223572185e-23, nan 
63.625, 76.625, 5.0795092107836637e-23, nan 
63.875, 76.625, 7.308252063230086e-23, nan 
64.125, 76.625, 8.965384054679498e-23, nan 
64.375, 76.625, 6.477780081733728e-23, nan 
64.625, 76.625, 5.047955766337449e-23, nan 
64.875, 76.625, 4.845702151025143e-23, nan 
65.125, 76.625, 5.200194297608139e-23, nan 
65.375, 76.625, 6.191187316070014e-23, nan 
65.625, 76.625, 4.7857461833608564e-23, nan 
65.875, 76.625, 7.289225135857133e-23, nan 
66.125, 76.625, 4.0785219622068945e-23, nan 
66.375, 76.625, 5.1715621769004406e-23, nan 
66.625, 76.625, 7.801054818276721e-23, nan 
66.875, 76.625, 5.32306393366278e-23, nan 
67.125, 76.625, 4.8721331771770717e-23, nan 
67.375, 76.625, 4.85456474854051e-23, nan 
67.625, 76.625, 3.5222462161671856e-23, nan 
67.875, 76.625, 4.554142479323488e-23, nan 
68.125, 76.625, 4.7645018968273465e-23, nan 
68.375, 76.625, 5.667306749476405e-23, nan 
68.625, 76.625, 2.949061556970012e-23, nan 
68.875, 76.625, 2.6208090973551415e-23, nan 
69.125, 76.625, 2.348387444313617e-23, nan 
69.375, 76.625, 4.6915940501954385e-23, nan 
69.625, 76.625, 9.588597188688353e-23, nan 
69.875, 76.625, 4.290820513758086e-23, nan 
70.125, 76.625, 3.0493610577716734e-23, nan 
70.375, 76.625, 4.412956769815392e-23, nan 
70.625, 76.625, 6.540692574585472e-23, nan 
70.875, 76.625, 7.302742457999849e-23, nan 
71.125, 76.625, 2.105284504462173e-22, nan 
71.375, 76.625, 2.27779727692585e-22, nan 
71.625, 76.625, 2.268840901438473e-22, nan 
71.875, 76.625, 2.504109808250453e-22, nan 
72.125, 76.625, 2.686651545114535e-22, nan 
72.375, 76.625, 2.670569933740677e-22, nan 
72.625, 76.625, 2.561968949086303e-22, nan 
72.875, 76.625, 2.0455181206691706e-22, nan 
73.125, 76.625, 1.1287637329630334e-22, nan 
73.375, 76.625, 6.646497753142816e-23, nan 
73.625, 76.625, 8.390068219965715e-23, nan 
73.875, 76.625, 8.458906036276307e-23, nan 
74.125, 76.625, 8.739364627381161e-23, nan 
74.375, 76.625, 1.223510401207771e-22, nan 
74.625, 76.625, 1.3222769037176372e-22, nan 
74.875, 76.625, 1.6127031607146851e-22, nan 
75.125, 76.625, 1.4476547617457928e-22, nan 
75.375, 76.625, 1.1189415929321137e-22, nan 
75.625, 76.625, 1.8669185286549128e-22, nan 
75.875, 76.625, 2.4099655716877617e-22, nan 
76.125, 76.625, 2.1921744469166696e-22, nan 
76.375, 76.625, 1.747295515912943e-22, nan 
76.625, 76.625, 1.4176324466571635e-22, nan 
76.875, 76.625, 2.6103718554164504e-22, nan 
77.125, 76.625, 3.491623173796746e-22, nan 
77.375, 76.625, 3.1066927464214407e-22, nan 
77.625, 76.625, 3.1099997146159626e-22, nan 
77.875, 76.625, 4.774703744145142e-22, nan 
78.125, 76.625, 1.1245945950716533e-21, nan 
78.375, 76.625, 5.642519821553834e-22, nan 
78.625, 76.625, 3.950479160300015e-22, nan 
78.875, 76.625, 2.8252519076086247e-22, nan 
79.125, 76.625, 2.277108625708519e-22, nan 
79.375, 76.625, 1.451287499530392e-22, nan 
79.625, 76.625, 2.5647793058041e-22, nan 
79.875, 76.625, 4.341623109515594e-22, nan 
80.125, 76.625, 4.51644808936456e-22, nan 
80.375, 76.625, 7.099660788199547e-22, nan 
80.625, 76.625, 3.1593173648155873e-22, nan 
80.875, 76.625, 6.830042355583487e-22, nan 
81.125, 76.625, 9.365719409080397e-22, nan 
81.375, 76.625, 8.76054310910048e-22, nan 
81.625, 76.625, 7.915845842914741e-22, nan 
81.875, 76.625, 8.102048324882553e-22, nan 
82.125, 76.625, 7.29549214829378e-22, nan 
82.375, 76.625, 7.241809906321599e-22, nan 
82.625, 76.625, 6.582909376840696e-22, nan 
82.875, 76.625, 7.370852011874361e-22, nan 
83.125, 76.625, 8.67723593630946e-22, nan 
83.375, 76.625, 6.230854413057836e-22, nan 
83.625, 76.625, 3.56297340875407e-22, nan 
83.875, 76.625, 4.0263862172009747e-22, nan 
84.125, 76.625, 5.341731589636528e-22, nan 
84.375, 76.625, 5.105420971136473e-22, nan 
84.625, 76.625, 6.377766194162938e-22, nan 
84.875, 76.625, 6.4301577878262475e-22, nan 
85.125, 76.625, 1.2827650309365485e-21, nan 
85.375, 76.625, 1.8686469988686962e-21, nan 
85.625, 76.625, 1.669791188312603e-21, nan 
85.875, 76.625, 2.733451130586996e-21, nan 
86.125, 76.625, 2.372520908216226e-21, nan 
86.375, 76.625, 1.800567706946342e-21, nan 
86.625, 76.625, 3.3047318980050725e-21, nan 
86.875, 76.625, 3.204059787177006e-21, nan 
87.125, 76.625, 4.777943879374219e-21, nan 
87.375, 76.625, 2.9358031822889142e-21, nan 
87.625, 76.625, 1.0076283737138708e-21, nan 
87.875, 76.625, 2.017835045882111e-21, nan 
88.125, 76.625, 5.299754462858247e-21, nan 
88.375, 76.625, 1.1243445566400424e-20, nan 
88.625, 76.625, 9.497550831976544e-21, nan 
88.875, 76.625, 6.528622639020932e-21, nan 
89.125, 76.625, 1.0969980608158389e-20, nan 
89.375, 76.625, 9.925633549207417e-21, nan 
89.625, 76.625, 1.3071000632817582e-20, nan 
89.875, 76.625, 1.1711583586974904e-20, nan 
90.125, 76.625, 7.411328931523911e-21, nan 
90.375, 76.625, 2.9113771743956437e-21, nan 
90.625, 76.625, 5.048284109052695e-21, nan 
90.875, 76.625, 6.388147316516794e-21, nan 
91.125, 76.625, 5.1170292326790894e-21, nan 
91.375, 76.625, 8.838930286272389e-21, nan 
91.625, 76.625, 5.388024355942583e-21, nan 
91.875, 76.625, 4.3855705452819996e-21, nan 
92.125, 76.625, 4.867508096410728e-21, nan 
92.375, 76.625, 5.09328606002427e-21, nan 
92.625, 76.625, 6.662373029899e-21, nan 
92.875, 76.625, 4.597070120604501e-21, nan 
93.125, 76.625, 1.956636806433516e-21, nan 
93.375, 76.625, 1.5616788849894415e-21, nan 
93.625, 76.625, 2.3226399946132123e-21, nan 
93.875, 76.625, 2.4329327034584943e-21, nan 
94.125, 76.625, 3.243736147307048e-21, nan 
94.375, 76.625, 3.715362326123836e-21, nan 
94.625, 76.625, 3.413536240268529e-21, nan 
94.875, 76.625, 3.746610715147502e-21, nan 
95.125, 76.625, 4.0193819087316125e-21, nan 
95.375, 76.625, 7.43325267290156e-21, nan 
95.625, 76.625, 8.691953198990232e-21, nan 
95.875, 76.625, 6.462162232311324e-21, nan 
96.125, 76.625, 4.323254410732856e-21, nan 
96.375, 76.625, 2.1853537089256217e-21, nan 
96.625, 76.625, 4.42120080826545e-21, nan 
96.875, 76.625, 5.868555837217944e-21, nan 
97.125, 76.625, 5.404653058123608e-21, nan 
97.375, 76.625, 5.057470721570039e-21, nan 
97.625, 76.625, 3.550416574982334e-21, nan 
97.875, 76.625, 5.159878375794954e-21, nan 
98.125, 76.625, 6.328027179585866e-21, nan 
98.375, 76.625, 7.530956945183023e-21, nan 
98.625, 76.625, 6.7440593489695654e-21, nan 
98.875, 76.625, 5.868748214375092e-21, nan 
99.125, 76.625, 7.51742975772501e-21, nan 
99.375, 76.625, 1.0787856775029694e-20, nan 
99.625, 76.625, 1.4127758172110113e-20, nan 
99.875, 76.625, 1.6237205963947573e-20, nan 
100.125, 76.625, 1.554384646890385e-20, nan 
100.375, 76.625, 1.7840166452171452e-20, nan 
100.625, 76.625, 2.4864526763378165e-20, nan 
100.875, 76.625, 1.4300179457555242e-20, nan 
101.125, 76.625, 1.1642331274384002e-20, nan 
101.375, 76.625, 6.910312612868063e-21, nan 
101.625, 76.625, 1.0727723431854482e-20, nan 
101.875, 76.625, 2.2388142621151652e-20, nan 
102.125, 76.625, 1.8050738655156116e-20, nan 
102.375, 76.625, 1.5981235349788472e-20, nan 
102.625, 76.625, 1.4149534421089756e-20, nan 
102.875, 76.625, 8.371783699682728e-21, nan 
103.125, 76.625, 8.980854530545888e-21, nan 
103.375, 76.625, 1.2205298630291183e-20, nan 
103.625, 76.625, 1.3386926426509727e-20, nan 
103.875, 76.625, 1.1621450272122165e-20, nan 
104.125, 76.625, 1.5894661378652904e-20, nan 
104.375, 76.625, 1.474496984777088e-20, nan 
104.625, 76.625, 1.470825215029477e-20, nan 
104.875, 76.625, 1.2043812535936496e-20, nan 
105.125, 76.625, 1.301505921651571e-20, nan 
105.375, 76.625, 1.8334793466644676e-20, nan 
105.625, 76.625, 1.7956080511090692e-20, nan 
105.875, 76.625, 1.9430864679032498e-20, nan 
106.125, 76.625, 2.2205574216496613e-20, nan 
106.375, 76.625, 2.335194015730868e-20, nan 
106.625, 76.625, 2.039110290176803e-20, nan 
106.875, 76.625, 2.6342333278723005e-20, nan 
107.125, 76.625, 1.9575500766052763e-20, nan 
107.375, 76.625, 2.7860906452566374e-20, nan 
107.625, 76.625, 9.95455000145698e-21, nan 
107.875, 76.625, 8.972129498071242e-21, nan 
108.125, 76.625, 1.8960257451456783e-20, nan 
108.375, 76.625, 2.524240299302739e-20, nan 
108.625, 76.625, 2.414213225787103e-20, nan 
108.875, 76.625, 2.6053778628738372e-20, nan 
109.125, 76.625, 1.9528435095466527e-20, nan 
109.375, 76.625, 3.103474201800426e-20, nan 
109.625, 76.625, 3.2217869576533524e-20, nan 
109.875, 76.625, 4.281248225053129e-20, nan 
110.125, 76.625, 2.8607775406703954e-20, nan 
110.375, 76.625, 3.5348592825547163e-20, nan 
110.625, 76.625, 3.402810778767681e-20, nan 
110.875, 76.625, 3.1353753391383026e-20, nan 
111.125, 76.625, 4.839540288827979e-20, nan 
111.375, 76.625, 4.4475267290268524e-20, nan 
111.625, 76.625, 4.7137774001513223e-20, nan 
111.875, 76.625, 4.173735697739812e-20, nan 
112.125, 76.625, 4.7168577374689863e-20, nan 
112.375, 76.625, 4.353130355740146e-20, nan 
112.625, 76.625, 3.657890769889441e-20, nan 
112.875, 76.625, 2.83327598308016e-20, nan 
113.125, 76.625, 1.2396052021972838e-19, nan 
113.375, 76.625, 1.0092935134057125e-19, nan 
113.625, 76.625, 7.158439993562763e-20, nan 
113.875, 76.625, 5.1716697795246263e-20, nan 
114.125, 76.625, 4.5987164445257445e-20, nan 
114.375, 76.625, 2.143039131589391e-19, nan 
114.625, 76.625, 1.1548560950572861e-19, nan 
114.875, 76.625, 8.093828260375818e-20, nan 
115.125, 76.625, 2.8418219140106245e-20, nan 
115.375, 76.625, 3.284746621647693e-20, nan 
115.625, 76.625, 1.1754419049314635e-19, nan 
115.875, 76.625, 1.746428315021849e-19, nan 
116.125, 76.625, 1.192209749107266e-19, nan 
116.375, 76.625, 7.203957977030621e-20, nan 
116.625, 76.625, 1.2149381839527096e-19, nan 
116.875, 76.625, 1.5135217626853988e-19, nan 
117.125, 76.625, 1.306730249466172e-19, nan 
117.375, 76.625, 1.1124647938977757e-19, nan 
117.625, 76.625, 1.0403610788190138e-19, nan 
117.875, 76.625, 2.066308328173876e-19, nan 
118.125, 76.625, 2.4387324990446903e-19, nan 
118.375, 76.625, 1.2505193417370256e-19, nan 
118.625, 76.625, 1.5877816266246938e-19, nan 
118.875, 76.625, 5.987368286142774e-20, nan 
119.125, 76.625, 9.569961795573172e-20, nan 
119.375, 76.625, 1.1195617072953904e-19, nan 
119.625, 76.625, 7.578021819218956e-20, nan 
119.875, 76.625, 8.164455926918969e-20, nan 
120.125, 76.625, 7.812875725483846e-20, nan 
120.375, 76.625, 3.533321282808519e-20, nan 
120.625, 76.625, 2.201805058437962e-20, nan 
120.875, 76.625, 1.8937195426633712e-20, nan 
121.125, 76.625, 2.395837409074483e-20, nan 
121.375, 76.625, 5.1129230415840184e-20, nan 
121.625, 76.625, 3.9199304512790196e-20, nan 
121.875, 76.625, 2.31214131862301e-20, nan 
122.125, 76.625, 2.810465729607602e-20, nan 
122.375, 76.625, 1.1808488973087439e-20, nan 
122.625, 76.625, 1.0819618953269797e-20, nan 
122.875, 76.625, 2.1316715599117817e-20, nan 
123.125, 76.625, 1.4513078547226227e-20, nan 
123.375, 76.625, 9.114602455904647e-21, nan 
123.625, 76.625, 1.1211886703799085e-20, nan 
123.875, 76.625, 1.2870568725873113e-20, nan 
124.125, 76.625, 1.7631822186177503e-20, nan 
124.375, 76.625, 1.4602165177048553e-20, nan 
124.625, 76.625, 1.1797951495595762e-20, nan 
124.875, 76.625, 8.609242031929161e-21, nan 
125.125, 76.625, 1.3590404147730238e-20, nan 
125.375, 76.625, 2.5024078820278298e-20, nan 
125.625, 76.625, 1.5616304208423927e-20, nan 
125.875, 76.625, 1.1842080427489228e-20, nan 
126.125, 76.625, 9.023681501706982e-21, nan 
126.375, 76.625, 7.021618181730869e-21, nan 
126.625, 76.625, 1.2748846696225503e-20, nan 
126.875, 76.625, 1.2421652452498015e-20, nan 
127.125, 76.625, 9.460060000396635e-21, nan 
127.375, 76.625, 9.38017274849112e-21, nan 
127.625, 76.625, 1.1112015564237872e-20, nan 
127.875, 76.625, 1.4023653631734998e-20, nan 
128.125, 76.625, 1.5471049217900296e-20, nan 
128.375, 76.625, 1.3778183981165032e-20, nan 
128.625, 76.625, 1.570884663345809e-20, nan 
128.875, 76.625, 1.647054941248341e-20, nan 
129.125, 76.625, 1.1341763701211231e-20, nan 
129.375, 76.625, 1.1507922965425266e-20, nan 
129.625, 76.625, 9.084792892738039e-21, nan 
129.875, 76.625, 1.0668705277182631e-20, nan 
130.125, 76.625, 8.226443678228382e-21, nan 
130.375, 76.625, 7.575513318089016e-21, nan 
130.625, 76.625, 8.661093160274764e-21, nan 
130.875, 76.625, 7.477222439793743e-21, nan 
131.125, 76.625, 5.575654590233028e-21, nan 
131.375, 76.625, 5.9172159502750356e-21, nan 
131.625, 76.625, 5.943230565192751e-21, nan 
131.875, 76.625, 6.3691122002324234e-21, nan 
132.125, 76.625, 5.0583148710147046e-21, nan 
132.375, 76.625, 4.284297997984875e-21, nan 
132.625, 76.625, 3.344438459976077e-21, nan 
132.875, 76.625, 9.114871883374001e-22, nan 
133.125, 76.625, 1.6939066039011329e-21, nan 
133.375, 76.625, 2.3080052522099003e-21, nan 
133.625, 76.625, 1.490051696074294e-21, nan 
133.875, 76.625, 7.235632806510304e-22, nan 
134.125, 76.625, 1.6875973233353617e-21, nan 
134.375, 76.625, 3.653966267246801e-21, nan 
134.625, 76.625, 4.2751885378119e-21, nan 
134.875, 76.625, 2.5108239727602197e-21, nan 
135.125, 76.625, 2.134956876604478e-21, nan 
135.375, 76.625, 1.1904958689900032e-21, nan 
135.625, 76.625, 1.3948385033288278e-21, nan 
135.875, 76.625, 1.4760528013522836e-21, nan 
136.125, 76.625, 1.5192182670712183e-21, nan 
136.375, 76.625, 1.9157261536500682e-21, nan 
136.625, 76.625, 2.175319665529772e-21, nan 
136.875, 76.625, 2.676374045952322e-21, nan 
137.125, 76.625, 3.1192978799091307e-21, nan 
137.375, 76.625, 3.0395716116160223e-21, nan 
137.625, 76.625, 4.680435174332914e-21, nan 
137.875, 76.625, 4.028011757002515e-21, nan 
138.125, 76.625, 3.3122729233476924e-21, nan 
138.375, 76.625, 3.3319177885106067e-21, nan 
138.625, 76.625, 3.450990133759322e-21, nan 
138.875, 76.625, 4.171174844809346e-21, nan 
139.125, 76.625, 4.04717621978584e-21, nan 
139.375, 76.625, 2.7023198314290855e-21, nan 
139.625, 76.625, 1.6014830402262304e-21, nan 
139.875, 76.625, 1.314636213118461e-21, nan 
140.125, 76.625, 6.754197405788108e-22, nan 
140.375, 76.625, 5.521646652609991e-22, nan 
140.625, 76.625, 5.1093764917700325e-22, nan 
140.875, 76.625, 3.9851817681492073e-22, nan 
141.125, 76.625, 3.340993344831608e-22, nan 
141.375, 76.625, 3.318847457960575e-22, nan 
141.625, 76.625, 4.166168154874302e-22, nan 
141.875, 76.625, 3.563104603226744e-22, nan 
142.125, 76.625, 5.317449197035584e-22, nan 
142.375, 76.625, 7.638283472705074e-22, nan 
142.625, 76.625, 8.563921602444336e-22, nan 
142.875, 76.625, 1.0371378298940721e-21, nan 
143.125, 76.625, 1.0736557893811688e-21, nan 
143.375, 76.625, 9.06033285066847e-22, nan 
143.625, 76.625, 9.005327684863845e-22, nan 
143.875, 76.625, 8.230763898397286e-22, nan 
144.125, 76.625, 9.06499111431593e-22, nan 
144.375, 76.625, 9.191534264228417e-22, nan 
144.625, 76.625, 7.967811249947388e-22, nan 
144.875, 76.625, 6.4007311818081645e-22, nan 
145.125, 76.625, 5.778001327568104e-22, nan 
145.375, 76.625, 5.346051057651185e-22, nan 
145.625, 76.625, 6.474472756194619e-22, nan 
145.875, 76.625, 6.389126951246797e-22, nan 
146.125, 76.625, 6.929025266979801e-22, nan 
146.375, 76.625, 5.262693403284149e-22, nan 
146.625, 76.625, 4.796116257822295e-22, nan 
146.875, 76.625, 4.462648070323307e-22, nan 
147.125, 76.625, 4.1999192632102764e-22, nan 
147.375, 76.625, 7.316738011036858e-22, nan 
147.625, 76.625, 4.581926957699848e-22, nan 
147.875, 76.625, 4.39344997697986e-22, nan 
148.125, 76.625, 2.5668785751470457e-22, nan 
148.375, 76.625, 1.0878440548126947e-22, nan 
148.625, 76.625, 1.6322833172687548e-22, nan 
148.875, 76.625, 1.1719869289573431e-22, nan 
149.125, 76.625, 9.785203067591823e-23, nan 
149.375, 76.625, 2.820206479829485e-22, nan 
149.625, 76.625, 1.6827706363669227e-22, nan 
149.875, 76.625, 1.2981494487139044e-22, nan 
150.125, 76.625, 1.9914909004886329e-22, nan 
150.375, 76.625, 4.7246279385647366e-23, nan 
150.625, 76.625, 1.8193291384396653e-22, nan 
150.875, 76.625, 2.0874077244067906e-22, nan 
151.125, 76.625, 1.3595022950514906e-22, nan 
151.375, 76.625, 2.9855601009112e-22, nan 
151.625, 76.625, 1.5551245439558456e-22, nan 
151.875, 76.625, 1.3849547078065459e-22, nan 
152.125, 76.625, 3.0347117308584693e-22, nan 
152.375, 76.625, 2.536925975570767e-22, nan 
152.625, 76.625, 2.3202938552328923e-22, nan 
152.875, 76.625, 2.393530574477312e-22, nan 
153.125, 76.625, 2.2361162208006756e-22, nan 
153.375, 76.625, 2.6292329377235827e-22, nan 
153.625, 76.625, 1.6111816746888984e-22, nan 
153.875, 76.625, 1.5377285699314379e-22, nan 
154.125, 76.625, 1.6748763379909172e-22, nan 
154.375, 76.625, 1.5591791034698822e-22, nan 
154.625, 76.625, 1.680912133628193e-22, nan 
154.875, 76.625, 1.7483339780498568e-22, nan 
155.125, 76.625, 1.2793437479453036e-22, nan 
155.375, 76.625, 1.0584641527861238e-22, nan 
155.625, 76.625, 1.1576105680087192e-22, nan 
155.875, 76.625, 7.827451587465713e-23, nan 
156.125, 76.625, 9.945796396449096e-23, nan 
156.375, 76.625, 1.5265618540101132e-22, nan 
156.625, 76.625, 1.3780976065508392e-22, nan 
156.875, 76.625, 1.5550126064960429e-22, nan 
157.125, 76.625, 1.5251588368247232e-22, nan 
157.375, 76.625, 1.3050371242932834e-22, nan 
157.625, 76.625, 1.8846902368983395e-22, nan 
157.875, 76.625, 1.4033224831309081e-22, nan 
158.125, 76.625, 2.0675542758153216e-22, nan 
158.375, 76.625, 2.257651069449366e-22, nan 
158.625, 76.625, 2.0351088487057342e-22, nan 
158.875, 76.625, 2.7934216792882865e-22, nan 
159.125, 76.625, 1.9533853392627032e-22, nan 
159.375, 76.625, 2.0912654305801044e-22, nan 
159.625, 76.625, 1.6992220994399066e-22, nan 
159.875, 76.625, 1.7941514003796922e-22, nan 
160.125, 76.625, 2.1514238970952728e-22, nan 
160.375, 76.625, 2.0286295966222187e-22, nan 
160.625, 76.625, 2.9538540081642394e-22, nan 
160.875, 76.625, 2.6790327055035015e-22, nan 
161.125, 76.625, 1.8619938413658055e-22, nan 
161.375, 76.625, 1.684116820953372e-22, nan 
161.625, 76.625, 1.4510123019510638e-22, nan 
161.875, 76.625, 8.560404256271853e-23, nan 
162.125, 76.625, 8.870649082794268e-23, nan 
162.375, 76.625, 1.9807696969843485e-22, nan 
162.625, 76.625, 1.6916433912038366e-22, nan 
162.875, 76.625, 1.0429290944829261e-22, nan 
163.125, 76.625, 1.5817600993921827e-22, nan 
163.375, 76.625, 2.131489658760547e-22, nan 
163.625, 76.625, 2.385665842607112e-22, nan 
163.875, 76.625, 1.8868414316926092e-22, nan 
164.125, 76.625, 1.9388520966807578e-22, nan 
164.375, 76.625, 1.8101676087344875e-22, nan 
164.625, 76.625, 3.088572104998398e-22, nan 
164.875, 76.625, 3.137927066544089e-22, nan 
165.125, 76.625, 3.367534440839793e-22, nan 
165.375, 76.625, 2.4246973138420568e-22, nan 
165.625, 76.625, 2.6947360067357506e-22, nan 
165.875, 76.625, 2.2974782486438287e-22, nan 
166.125, 76.625, 2.0122155032551254e-22, nan 
166.375, 76.625, 1.1509190436160482e-22, nan 
166.625, 76.625, 1.2882719194396088e-22, nan 
166.875, 76.625, 1.4229915559398263e-22, nan 
167.125, 76.625, 1.919149377699508e-22, nan 
167.375, 76.625, 1.509814276053049e-22, nan 
167.625, 76.625, 1.0393915850734128e-22, nan 
167.875, 76.625, 9.017380492472689e-23, nan 
168.125, 76.625, 1.1155902654800114e-22, nan 
168.375, 76.625, 1.4034455965476093e-22, nan 
168.625, 76.625, 1.3533069486678784e-22, nan 
168.875, 76.625, 9.136036506511792e-23, nan 
169.125, 76.625, 9.261418211440041e-23, nan 
169.375, 76.625, 6.221225969982015e-23, nan 
169.625, 76.625, 6.097215217011396e-23, nan 
169.875, 76.625, 6.806014905201927e-23, nan 
170.125, 76.625, 5.275396339228417e-23, nan 
170.375, 76.625, 5.826050895585045e-23, nan 
170.625, 76.625, 5.418918073556316e-23, nan 
170.875, 76.625, 4.591354510544348e-23, nan 
171.125, 76.625, 3.755192543292816e-23, nan 
171.375, 76.625, 6.657904905653419e-23, nan 
171.625, 76.625, 3.126288966611897e-23, nan 
171.875, 76.625, 2.960812887644004e-23, nan 
172.125, 76.625, 2.9283764372986166e-23, nan 
172.375, 76.625, 2.112177900350141e-23, nan 
172.625, 76.625, 2.3265924118357763e-23, nan 
172.875, 76.625, 3.464421850691487e-23, nan 
173.125, 76.625, 2.5346270742233244e-23, nan 
173.375, 76.625, 1.55409623687086e-23, nan 
173.625, 76.625, 1.7295945469850355e-23, nan 
173.875, 76.625, 1.6849594760666717e-23, nan 
174.125, 76.625, 2.157810247429086e-23, nan 
174.375, 76.625, 1.7517587617459645e-23, nan 
174.625, 76.625, 1.1620054768718615e-23, nan 
174.875, 76.625, 1.1077179310996283e-23, nan 
175.125, 76.625, 2.1670940397372756e-23, nan 
175.375, 76.625, 2.2257278632062944e-23, nan 
175.625, 76.625, 3.1205042571660555e-23, nan 
175.875, 76.625, 2.498338516793427e-23, nan 
176.125, 76.625, 1.5083961768000724e-23, nan 
176.375, 76.625, 1.450958379278785e-23, nan 
176.625, 76.625, 2.193640773972189e-23, nan 
176.875, 76.625, 3.4853306124321146e-23, nan 
177.125, 76.625, 2.9956181897074925e-23, nan 
177.375, 76.625, 2.6704232202873767e-23, nan 
177.625, 76.625, 2.4132608926554634e-23, nan 
177.875, 76.625, 2.4529842695131776e-23, nan 
178.125, 76.625, 2.4861899565201405e-23, nan 
178.375, 76.625, 2.872414978839716e-23, nan 
178.625, 76.625, 1.751996034212998e-23, nan 
178.875, 76.625, 1.1046402930447024e-23, nan 
179.125, 76.625, 1.8426439369654295e-23, nan 
179.375, 76.625, 1.9091526714553265e-23, nan 
179.625, 76.625, 2.185683717277288e-23, nan 
179.875, 76.625, 1.83243198352226e-23, nan 
-179.875, 76.875, 3.0527780384443797e-23, nan 
-179.625, 76.875, 3.5023640001415174e-23, nan 
-179.375, 76.875, 3.305086940024349e-23, nan 
-179.125, 76.875, 2.894904959142957e-23, nan 
-178.875, 76.875, 2.7715428969157807e-23, nan 
-178.625, 76.875, 3.678263188590584e-23, nan 
-178.375, 76.875, 4.564781636327111e-23, nan 
-178.125, 76.875, 4.53194273893484e-23, nan 
-177.875, 76.875, 3.913519324639395e-23, nan 
-177.625, 76.875, 3.5803668241489766e-23, nan 
-177.375, 76.875, 3.4898667205075097e-23, nan 
-177.125, 76.875, 3.4470047351167834e-23, nan 
-176.875, 76.875, 3.0396298196637394e-23, nan 
-176.625, 76.875, 2.627910768582886e-23, nan 
-176.375, 76.875, 3.5036584923295806e-23, nan 
-176.125, 76.875, 3.5420929093796215e-23, nan 
-175.875, 76.875, 2.020604450213135e-23, nan 
-175.625, 76.875, 1.6884716132201677e-23, nan 
-175.375, 76.875, 2.640134274753329e-23, nan 
-175.125, 76.875, 4.6775027361768674e-23, nan 
-174.875, 76.875, 4.466851826004439e-23, nan 
-174.625, 76.875, 2.0586005944205829e-23, nan 
-174.375, 76.875, 2.8121503523309027e-23, nan 
-174.125, 76.875, 2.77936151962004e-23, nan 
-173.875, 76.875, 2.333692166166539e-23, nan 
-173.625, 76.875, 2.6733464964282316e-23, nan 
-173.375, 76.875, 3.7232836780382415e-23, nan 
-173.125, 76.875, 2.109128103214418e-23, nan 
-172.875, 76.875, 2.2151887792304246e-23, nan 
-172.625, 76.875, 1.8370693929965352e-23, nan 
-172.375, 76.875, 1.3357599975488978e-23, nan 
-172.125, 76.875, 1.530099721112233e-23, nan 
-171.875, 76.875, 1.9274010519155225e-23, nan 
-171.625, 76.875, 2.4596560173884255e-23, nan 
-171.375, 76.875, 6.5080328186853584e-24, nan 
-171.125, 76.875, 2.4614805367969388e-23, nan 
-170.875, 76.875, 4.546855393550348e-23, nan 
-170.625, 76.875, 6.166945032740414e-23, nan 
-170.375, 76.875, 4.0329150294202305e-23, nan 
-170.125, 76.875, 2.696783285571888e-23, nan 
-169.875, 76.875, 3.74220597962812e-23, nan 
-169.625, 76.875, 6.48598270655892e-23, nan 
-169.375, 76.875, 4.496828430296784e-23, nan 
-169.125, 76.875, 5.203507061897112e-23, nan 
-168.875, 76.875, 2.930224489616685e-23, nan 
-168.625, 76.875, 3.4242630945600026e-23, nan 
-168.375, 76.875, 4.2673301687353776e-23, nan 
-168.125, 76.875, 1.3496418561322954e-23, nan 
-167.875, 76.875, 3.2043036998891335e-23, nan 
-167.625, 76.875, 2.5793255856412917e-23, nan 
-167.375, 76.875, 3.148698386897646e-23, nan 
-167.125, 76.875, 3.891878983491493e-23, nan 
-166.875, 76.875, 6.2856210506908e-23, nan 
-166.625, 76.875, 7.987996500955086e-23, nan 
-166.375, 76.875, 8.18462634463449e-23, nan 
-166.125, 76.875, 3.7440193873863976e-23, nan 
-165.875, 76.875, 6.028718207548614e-23, nan 
-165.625, 76.875, 8.879044909117238e-23, nan 
-165.375, 76.875, 8.135199483610895e-23, nan 
-165.125, 76.875, 7.665350794700106e-23, nan 
-164.875, 76.875, 4.520213437803665e-23, nan 
-164.625, 76.875, 1.1088662481253e-22, nan 
-164.375, 76.875, 1.229415375987685e-22, nan 
-164.125, 76.875, 6.236755176705226e-23, nan 
-163.875, 76.875, 4.7941776409513246e-23, nan 
-163.625, 76.875, 5.758253475348069e-23, nan 
-163.375, 76.875, 6.920665798389316e-23, nan 
-163.125, 76.875, 6.612770712848493e-23, nan 
-162.875, 76.875, 3.121838252192625e-23, nan 
-162.625, 76.875, 1.8145025407501984e-23, nan 
-162.375, 76.875, 3.700110525304408e-23, nan 
-162.125, 76.875, 3.096657440635555e-23, nan 
-161.875, 76.875, 2.987425972945989e-23, nan 
-161.625, 76.875, 2.73553504652282e-23, nan 
-161.375, 76.875, 2.0751107205457612e-23, nan 
-161.125, 76.875, 1.6458996600654305e-23, nan 
-160.875, 76.875, 1.7244514061077886e-23, nan 
-160.625, 76.875, 2.011508626186012e-23, nan 
-160.375, 76.875, 2.0327206289359017e-23, nan 
-160.125, 76.875, 1.6026690072535997e-23, nan 
-159.875, 76.875, 9.536361622048563e-24, nan 
-159.625, 76.875, 5.030348003852421e-24, nan 
-159.375, 76.875, 3.8870538738396235e-24, nan 
-159.125, 76.875, 4.233354646652597e-24, nan 
-158.875, 76.875, 4.3514255457960084e-24, nan 
-158.625, 76.875, 4.562136423338796e-24, nan 
-158.375, 76.875, 1.0453387602440649e-23, nan 
-158.125, 76.875, 5.5849791895588026e-24, nan 
-157.875, 76.875, 7.681155563361986e-24, nan 
-157.625, 76.875, 1.0154181618467382e-23, nan 
-157.375, 76.875, 1.1555806045737926e-23, nan 
-157.125, 76.875, 7.548269590733859e-24, nan 
-156.875, 76.875, 6.99281465858804e-24, nan 
-156.625, 76.875, 6.528380243105968e-24, nan 
-156.375, 76.875, 6.864093546741469e-24, nan 
-156.125, 76.875, 7.370617605344056e-24, nan 
-155.875, 76.875, 5.856579925410383e-24, nan 
-155.625, 76.875, 4.605071289223267e-24, nan 
-155.375, 76.875, 6.085804770100898e-24, nan 
-155.125, 76.875, 1.0787235740308529e-23, nan 
-154.875, 76.875, 1.126339791221044e-23, nan 
-154.625, 76.875, 1.2838771260471157e-23, nan 
-154.375, 76.875, 1.1399754334546602e-23, nan 
-154.125, 76.875, 1.1025984800611509e-23, nan 
-153.875, 76.875, 1.837952148344731e-23, nan 
-153.625, 76.875, 2.0489901971614636e-23, nan 
-153.375, 76.875, 2.4273002485010077e-23, nan 
-153.125, 76.875, 2.320231320208947e-23, nan 
-152.875, 76.875, 1.6190620798507744e-23, nan 
-152.625, 76.875, 8.815554745442922e-24, nan 
-152.375, 76.875, 5.5638729003641925e-24, nan 
-152.125, 76.875, 6.92479692475815e-24, nan 
-151.875, 76.875, 8.375193505955096e-24, nan 
-151.625, 76.875, 7.642990830641815e-24, nan 
-151.375, 76.875, 3.9889670451444766e-24, nan 
-151.125, 76.875, 4.4247704452947995e-24, nan 
-150.875, 76.875, 4.436012790189368e-24, nan 
-150.625, 76.875, 2.524745862080802e-24, nan 
-150.375, 76.875, 6.561251997173936e-24, nan 
-150.125, 76.875, 8.181674546843196e-24, nan 
-149.875, 76.875, 9.414049264525269e-24, nan 
-149.625, 76.875, 1.173522273955679e-23, nan 
-149.375, 76.875, 1.3122035220127741e-23, nan 
-149.125, 76.875, 1.1789825918072514e-23, nan 
-148.875, 76.875, 1.6286215700366685e-23, nan 
-148.625, 76.875, 1.8174132075641345e-23, nan 
-148.375, 76.875, 2.9969576491243e-23, nan 
-148.125, 76.875, 1.2929184646918402e-23, nan 
-147.875, 76.875, 3.146818910244052e-23, nan 
-147.625, 76.875, 5.732643308250454e-23, nan 
-147.375, 76.875, 7.122854690029343e-23, nan 
-147.125, 76.875, 1.0094790783396288e-22, nan 
-7.375, 76.875, 1.935167513092232e-24, nan 
-7.125, 76.875, 2.780771456885424e-24, nan 
-6.875, 76.875, 2.6742132955610294e-24, nan 
-6.625, 76.875, 2.1894538539590397e-24, nan 
-6.375, 76.875, 2.1609551150687825e-24, nan 
-6.125, 76.875, 1.5377662920596132e-24, nan 
-5.875, 76.875, 1.1126776507161373e-24, nan 
-5.625, 76.875, 9.530888471086497e-25, nan 
-5.375, 76.875, 1.100098589933748e-24, nan 
-5.125, 76.875, 1.3883383211959471e-24, nan 
-4.875, 76.875, 1.6989257531015967e-24, nan 
-4.625, 76.875, 2.047739779939129e-24, nan 
-4.375, 76.875, 1.9753577812136176e-24, nan 
-4.125, 76.875, 2.3707184566931384e-24, nan 
-3.875, 76.875, 1.9724917107874153e-24, nan 
-3.625, 76.875, 1.7475047087199332e-24, nan 
-3.375, 76.875, 2.159327840544133e-24, nan 
-3.125, 76.875, 1.9544354009376474e-24, nan 
-2.875, 76.875, 2.296886058343184e-24, nan 
-2.625, 76.875, 2.0590476168592927e-24, nan 
-2.375, 76.875, 1.4876380948195773e-24, nan 
-2.125, 76.875, 1.895124153663594e-24, nan 
-1.875, 76.875, 2.0735652659387127e-24, nan 
-1.625, 76.875, 2.6187720167032226e-24, nan 
-1.375, 76.875, 1.9604405914816564e-24, nan 
-1.125, 76.875, 1.3988356703860686e-24, nan 
-0.875, 76.875, 1.7694393728235383e-24, nan 
-0.625, 76.875, 1.8492217067891665e-24, nan 
-0.375, 76.875, 2.6111871459878542e-24, nan 
-0.125, 76.875, 1.9242619620188555e-24, nan 
0.125, 76.875, 1.9119274629901475e-24, nan 
0.375, 76.875, 1.2352700359173549e-24, nan 
0.625, 76.875, 9.837996079564217e-25, nan 
0.875, 76.875, 1.3388096304011981e-24, nan 
1.125, 76.875, 1.3661288197602981e-24, nan 
1.375, 76.875, 1.0533692950707225e-24, nan 
1.625, 76.875, 1.3084418997730514e-24, nan 
1.875, 76.875, 1.2078644512002298e-24, nan 
2.125, 76.875, 1.5312835331673118e-24, nan 
2.375, 76.875, 1.3355140308858615e-24, nan 
2.625, 76.875, 1.563429846784523e-24, nan 
2.875, 76.875, 1.641482045421138e-24, nan 
3.125, 76.875, 1.862222929865438e-24, nan 
3.375, 76.875, 1.7775410258533728e-24, nan 
3.625, 76.875, 1.9815515464814175e-24, nan 
3.875, 76.875, 2.328073771880205e-24, nan 
4.125, 76.875, 1.960788769965552e-24, nan 
4.375, 76.875, 1.9222693191417584e-24, nan 
4.625, 76.875, 1.694090101972708e-24, nan 
4.875, 76.875, 2.0619380267778763e-24, nan 
5.125, 76.875, 2.4089551959993837e-24, nan 
5.375, 76.875, 2.2578337048624644e-24, nan 
5.625, 76.875, 2.1703767318065608e-24, nan 
5.875, 76.875, 2.511238461974696e-24, nan 
6.125, 76.875, 2.1578974833423813e-24, nan 
6.375, 76.875, 4.461334779998602e-24, nan 
6.625, 76.875, 3.0266911421881933e-24, nan 
6.875, 76.875, 3.466491410054215e-24, nan 
7.125, 76.875, 3.5959796624521825e-24, nan 
7.375, 76.875, 2.2788402231182897e-24, nan 
7.625, 76.875, 2.7493726702126733e-24, nan 
7.875, 76.875, 3.2373898663760357e-24, nan 
8.125, 76.875, 2.788641873894496e-24, nan 
8.375, 76.875, 3.15732288995506e-24, nan 
8.625, 76.875, 2.2741137845028778e-24, nan 
8.875, 76.875, 2.514447737275176e-24, nan 
9.125, 76.875, 4.4102997925080704e-24, nan 
9.375, 76.875, 4.680139429338723e-24, nan 
9.625, 76.875, 5.36116448795547e-24, nan 
9.875, 76.875, 4.754942480455139e-24, nan 
10.125, 76.875, 9.674538704807238e-25, nan 
10.375, 76.875, 2.1570330772395994e-24, nan 
10.625, 76.875, 2.6211113071167065e-24, nan 
10.875, 76.875, 3.048430712199873e-24, nan 
11.125, 76.875, 2.8034906293779907e-24, nan 
11.375, 76.875, 8.650681122353206e-25, nan 
11.625, 76.875, 1.1283771896415666e-24, nan 
11.875, 76.875, 9.33968923382194e-25, nan 
12.125, 76.875, 1.7144713762453297e-24, nan 
12.375, 76.875, 2.621269251991626e-24, nan 
12.625, 76.875, 1.3897964053417088e-24, nan 
12.875, 76.875, 1.64902902995179e-24, nan 
13.125, 76.875, 1.34566035659327e-24, nan 
13.375, 76.875, 2.957296412312666e-24, nan 
13.625, 76.875, 1.4461186127535532e-24, nan 
13.875, 76.875, 1.4666074097365857e-24, nan 
14.125, 76.875, 9.175228796115902e-25, nan 
14.375, 76.875, 7.837643263916945e-25, nan 
14.625, 76.875, 1.7505461258147516e-24, nan 
14.875, 76.875, 2.538540866579305e-24, nan 
15.125, 76.875, 1.2705480046522833e-24, nan 
15.375, 76.875, 1.4699437848847798e-24, nan 
15.625, 76.875, 1.8605532760707917e-24, nan 
15.875, 76.875, 2.6829053952626298e-24, nan 
16.125, 76.875, 2.5068780549879077e-24, nan 
16.375, 76.875, 1.8967781059742065e-24, nan 
16.625, 76.875, 1.877696997023568e-24, nan 
16.875, 76.875, 2.4695632427957704e-24, nan 
17.125, 76.875, 2.8525837988896183e-24, nan 
17.375, 76.875, 2.2804707985753638e-24, nan 
17.625, 76.875, 2.017777132151642e-24, nan 
17.875, 76.875, 1.71021136480358e-24, nan 
18.125, 76.875, 3.902423402887418e-24, nan 
18.375, 76.875, 3.0141443630669724e-24, nan 
18.625, 76.875, 1.8404735460438927e-24, nan 
18.875, 76.875, 1.9519165923996255e-24, nan 
19.125, 76.875, 1.5156282335157537e-24, nan 
19.375, 76.875, 1.343821551982317e-24, nan 
19.625, 76.875, 9.215651404383743e-25, nan 
19.875, 76.875, 9.107837798969121e-25, nan 
20.125, 76.875, 1.0747784094963948e-24, nan 
20.375, 76.875, 1.7264976299469e-24, nan 
20.625, 76.875, 1.0993906687128471e-24, nan 
20.875, 76.875, 1.0607924415901175e-24, nan 
21.125, 76.875, 1.337582620627055e-24, nan 
21.375, 76.875, 1.4135187512096444e-24, nan 
21.625, 76.875, 1.3999372230723988e-24, nan 
21.875, 76.875, 1.1043881420773665e-24, nan 
22.125, 76.875, 1.2692457159043708e-24, nan 
22.375, 76.875, 1.4328832381004377e-24, nan 
22.625, 76.875, 1.95083451668708e-24, nan 
22.875, 76.875, 2.702085258741276e-24, nan 
23.125, 76.875, 3.119561175014909e-24, nan 
23.375, 76.875, 3.1767219862017913e-24, nan 
23.625, 76.875, 1.5601882866741011e-24, nan 
23.875, 76.875, 2.431380524560521e-24, nan 
24.125, 76.875, 5.851547856537776e-24, nan 
24.375, 76.875, 4.804453528327164e-24, nan 
24.625, 76.875, 6.177669803311946e-24, nan 
24.875, 76.875, 9.800742491456204e-24, nan 
25.125, 76.875, 8.813679810135975e-24, nan 
25.375, 76.875, 3.224705046243558e-23, nan 
25.625, 76.875, 8.36268981115153e-24, nan 
25.875, 76.875, 9.521731300102649e-24, nan 
26.125, 76.875, 1.6097887194050933e-23, nan 
26.375, 76.875, 2.5363680702664278e-23, nan 
26.625, 76.875, 6.640681354866639e-23, nan 
26.875, 76.875, 1.2168937842379518e-23, nan 
27.125, 76.875, 9.958514621764628e-24, nan 
27.375, 76.875, 7.118581244631397e-24, nan 
27.625, 76.875, 1.604413964787761e-23, nan 
27.875, 76.875, 3.7393977266457205e-23, nan 
28.125, 76.875, 6.2889880040542464e-24, nan 
28.375, 76.875, 7.756570918223532e-24, nan 
28.625, 76.875, 4.0590852477939895e-24, nan 
28.875, 76.875, 3.761549502884025e-24, nan 
29.125, 76.875, 6.4312574789982465e-24, nan 
29.375, 76.875, 4.7976444578476715e-24, nan 
29.625, 76.875, 3.032907918752211e-24, nan 
29.875, 76.875, 2.5373395398109273e-24, nan 
30.125, 76.875, 3.066193251178873e-24, nan 
30.375, 76.875, 9.501521594919385e-25, nan 
30.625, 76.875, 4.20590497371243e-24, nan 
30.875, 76.875, 4.857168932285823e-24, nan 
31.125, 76.875, 6.232528564861087e-24, nan 
31.375, 76.875, 4.340327293057638e-24, nan 
31.625, 76.875, 3.1814682115359298e-24, nan 
31.875, 76.875, 4.300791012598233e-24, nan 
32.125, 76.875, 4.3358154766024314e-24, nan 
32.375, 76.875, 3.6035994015485105e-24, nan 
32.625, 76.875, 2.8206833364680293e-24, nan 
32.875, 76.875, 2.831927471121471e-24, nan 
33.125, 76.875, 3.0573680477227317e-24, nan 
33.375, 76.875, 4.045666935773753e-24, nan 
33.625, 76.875, 3.9749078849999156e-24, nan 
33.875, 76.875, 3.067056389091875e-24, nan 
34.125, 76.875, 3.524538089221784e-24, nan 
34.375, 76.875, 4.2369223998653296e-24, nan 
34.625, 76.875, 3.163719927241331e-24, nan 
34.875, 76.875, 2.547756318531843e-24, nan 
35.125, 76.875, 2.932406167298169e-24, nan 
35.375, 76.875, 4.147683532173798e-24, nan 
35.625, 76.875, 3.847938006172429e-24, nan 
35.875, 76.875, 3.364624734992881e-24, nan 
36.125, 76.875, 4.811695557046875e-24, nan 
36.375, 76.875, 4.024770570016136e-24, nan 
36.625, 76.875, 3.8467824641559756e-24, nan 
36.875, 76.875, 3.405881991500978e-24, nan 
37.125, 76.875, 4.563758097555867e-24, nan 
37.375, 76.875, 4.921366072770113e-24, nan 
37.625, 76.875, 4.449824098018567e-24, nan 
37.875, 76.875, 3.48780917629433e-24, nan 
38.125, 76.875, 2.850213475749137e-24, nan 
38.375, 76.875, 4.666050839040636e-24, nan 
38.625, 76.875, 4.484051169617758e-24, nan 
38.875, 76.875, 5.447377639626974e-24, nan 
39.125, 76.875, 3.1459315539304687e-24, nan 
39.375, 76.875, 5.884259578120693e-24, nan 
39.625, 76.875, 4.003066306608982e-24, nan 
39.875, 76.875, 4.832282796278074e-24, nan 
40.125, 76.875, 4.841273349999233e-24, nan 
40.375, 76.875, 4.017059310539227e-24, nan 
40.625, 76.875, 5.66440899778951e-24, nan 
40.875, 76.875, 5.376120329690212e-24, nan 
41.125, 76.875, 5.472275166404091e-24, nan 
41.375, 76.875, 3.859400120562801e-24, nan 
41.625, 76.875, 3.2661930596433825e-24, nan 
41.875, 76.875, 2.5824365100471648e-24, nan 
42.125, 76.875, 4.9766130796576235e-24, nan 
42.375, 76.875, 5.490057661702498e-24, nan 
42.625, 76.875, 4.4462256903859205e-24, nan 
42.875, 76.875, 3.4876799746365034e-24, nan 
43.125, 76.875, 2.0047762609102353e-24, nan 
43.375, 76.875, 2.6905047967900205e-24, nan 
43.625, 76.875, 5.04008052343722e-24, nan 
43.875, 76.875, 5.785875438853242e-24, nan 
44.125, 76.875, 8.383820913029513e-24, nan 
44.375, 76.875, 1.3172501563212515e-23, nan 
44.625, 76.875, 1.1745414793242212e-23, nan 
44.875, 76.875, 1.585771336386304e-23, nan 
45.125, 76.875, 1.564070076898785e-23, nan 
45.375, 76.875, 2.701147142888092e-23, nan 
45.625, 76.875, 2.1930386364601846e-23, nan 
45.875, 76.875, 2.797313620580237e-23, nan 
46.125, 76.875, 2.494615775023239e-23, nan 
46.375, 76.875, 2.9504759100306915e-23, nan 
46.625, 76.875, 4.263527766582457e-23, nan 
46.875, 76.875, 2.2238051899759392e-23, nan 
47.125, 76.875, 1.3781333476610283e-23, nan 
47.375, 76.875, 1.3710854882211068e-23, nan 
47.625, 76.875, 4.488722512102393e-24, nan 
47.875, 76.875, 1.740710613806173e-23, nan 
48.125, 76.875, 8.590722067659312e-24, nan 
48.375, 76.875, 7.385878343835036e-24, nan 
48.625, 76.875, 1.0841964643031275e-23, nan 
48.875, 76.875, 9.917292686070762e-24, nan 
49.125, 76.875, 8.438757105233123e-24, nan 
49.375, 76.875, 9.567894605565814e-24, nan 
49.625, 76.875, 1.307717559448296e-23, nan 
49.875, 76.875, 1.2897266963832269e-23, nan 
50.125, 76.875, 1.0665047971262707e-23, nan 
50.375, 76.875, 1.1640045729175447e-23, nan 
50.625, 76.875, 1.5324295101785722e-23, nan 
50.875, 76.875, 1.1414066360328991e-23, nan 
51.125, 76.875, 1.6513329286799216e-23, nan 
51.375, 76.875, 1.108746979599923e-23, nan 
51.625, 76.875, 1.1904621275838015e-23, nan 
51.875, 76.875, 1.7361330747042648e-23, nan 
52.125, 76.875, 8.619629803165884e-24, nan 
52.375, 76.875, 1.5443143811665612e-23, nan 
52.625, 76.875, 2.0576151839259297e-23, nan 
52.875, 76.875, 1.853612186564959e-23, nan 
53.125, 76.875, 1.9627104347440225e-23, nan 
53.375, 76.875, 1.3748912833635056e-23, nan 
53.625, 76.875, 1.1449340259650412e-23, nan 
53.875, 76.875, 1.2652040054875368e-23, nan 
54.125, 76.875, 6.110092177258196e-24, nan 
54.375, 76.875, 3.0439113579867784e-23, nan 
54.625, 76.875, 2.00866598817838e-23, nan 
54.875, 76.875, 1.5885757013313456e-23, nan 
55.125, 76.875, 1.562565291197554e-23, nan 
55.375, 76.875, 2.0188315139346375e-23, nan 
55.625, 76.875, 1.7783434243730045e-23, nan 
55.875, 76.875, 3.071615310395811e-23, nan 
56.125, 76.875, 4.327535533152166e-23, nan 
56.375, 76.875, 6.073529053907751e-23, nan 
56.625, 76.875, 7.607264778050289e-23, nan 
56.875, 76.875, 7.490506663889796e-23, nan 
57.125, 76.875, 6.905645367254642e-23, nan 
57.375, 76.875, 5.636224160113885e-23, nan 
57.625, 76.875, 5.761658924505027e-23, nan 
57.875, 76.875, 6.54877212732339e-23, nan 
58.125, 76.875, 6.006823326832349e-23, nan 
58.375, 76.875, 5.952331752714049e-23, nan 
58.625, 76.875, 3.5540869086336524e-23, nan 
58.875, 76.875, 1.9480809903012003e-23, nan 
59.125, 76.875, 2.443051257006343e-23, nan 
59.375, 76.875, 2.8028079319566914e-23, nan 
59.625, 76.875, 4.1695700791334686e-23, nan 
59.875, 76.875, 6.123548019259065e-23, nan 
60.125, 76.875, 4.974404682245274e-23, nan 
60.375, 76.875, 2.7858307392732714e-23, nan 
60.625, 76.875, 3.291398491424174e-23, nan 
60.875, 76.875, 4.3593536210372035e-23, nan 
61.125, 76.875, 4.916435647765089e-23, nan 
61.375, 76.875, 4.212070133178219e-23, nan 
61.625, 76.875, 2.58063097570458e-23, nan 
61.875, 76.875, 2.7622977864154457e-23, nan 
62.125, 76.875, 4.943181100119564e-23, nan 
62.375, 76.875, 5.1415180605422323e-23, nan 
62.625, 76.875, 4.8914475819188073e-23, nan 
62.875, 76.875, 7.341204188406944e-23, nan 
63.125, 76.875, 2.3759424088306828e-23, nan 
63.375, 76.875, 2.71148999924733e-23, nan 
63.625, 76.875, 1.0499693961613037e-22, nan 
63.875, 76.875, 1.1541380048076304e-22, nan 
64.125, 76.875, 1.5078275927792557e-22, nan 
64.375, 76.875, 2.5385152786821776e-23, nan 
64.625, 76.875, 3.5996616213191863e-23, nan 
64.875, 76.875, 6.143550489909537e-23, nan 
65.125, 76.875, 7.67741027520417e-23, nan 
65.375, 76.875, 1.0025554938480833e-22, nan 
65.625, 76.875, 2.464813831849824e-23, nan 
65.875, 76.875, 2.868013978832469e-23, nan 
66.125, 76.875, 4.433652794998357e-23, nan 
66.375, 76.875, 5.845969780007175e-23, nan 
66.625, 76.875, 8.130159622260185e-23, nan 
66.875, 76.875, 4.6117553627583896e-23, nan 
67.125, 76.875, 3.871050754280662e-23, nan 
67.375, 76.875, 5.134271751771519e-23, nan 
67.625, 76.875, 3.620875393603261e-23, nan 
67.875, 76.875, 4.9653491874157756e-23, nan 
68.125, 76.875, 1.994515244907733e-23, nan 
68.375, 76.875, 4.4144525166602994e-23, nan 
68.625, 76.875, 6.099726394630495e-23, nan 
68.875, 76.875, 4.890541169441744e-23, nan 
69.125, 76.875, 6.888832077636929e-23, nan 
69.375, 76.875, 4.0168298915172003e-23, nan 
69.625, 76.875, 8.26178226229245e-23, nan 
69.875, 76.875, 1.3397460527164093e-22, nan 
70.125, 76.875, 1.7255276051512619e-22, nan 
70.375, 76.875, 1.6899153901232637e-22, nan 
70.625, 76.875, 1.72309778917847e-22, nan 
70.875, 76.875, 1.565954468080761e-22, nan 
71.125, 76.875, 2.864012552213306e-22, nan 
71.375, 76.875, 3.176390304528706e-22, nan 
71.625, 76.875, 3.435738117552794e-22, nan 
71.875, 76.875, 4.000137040956983e-22, nan 
72.125, 76.875, 4.349813461430947e-22, nan 
72.375, 76.875, 3.9948482479687083e-22, nan 
72.625, 76.875, 3.2993433701569844e-22, nan 
72.875, 76.875, 2.639755084347899e-22, nan 
73.125, 76.875, 3.1600474613824135e-22, nan 
73.375, 76.875, 3.0723858874753696e-22, nan 
73.625, 76.875, 2.7697725962840645e-22, nan 
73.875, 76.875, 2.1936341349992293e-22, nan 
74.125, 76.875, 1.31969890807749e-22, nan 
74.375, 76.875, 7.070837646925797e-23, nan 
74.625, 76.875, 8.678082906800133e-23, nan 
74.875, 76.875, 1.031182744056766e-22, nan 
75.125, 76.875, 1.1724224742256158e-22, nan 
75.375, 76.875, 1.2965956424265048e-22, nan 
75.625, 76.875, 1.3256210118399917e-22, nan 
75.875, 76.875, 1.5345618201125145e-22, nan 
76.125, 76.875, 1.402403454531095e-22, nan 
76.375, 76.875, 1.304378133913206e-22, nan 
76.625, 76.875, 2.0549972480495072e-22, nan 
76.875, 76.875, 2.4115642462771106e-22, nan 
77.125, 76.875, 3.087589750752404e-22, nan 
77.375, 76.875, 2.9825057422460143e-22, nan 
77.625, 76.875, 3.293070155865417e-22, nan 
77.875, 76.875, 2.503712582179532e-22, nan 
78.125, 76.875, 2.2206715684235224e-22, nan 
78.375, 76.875, 2.4595040118650267e-22, nan 
78.625, 76.875, 3.3841696538071105e-22, nan 
78.875, 76.875, 4.87354299000504e-22, nan 
79.125, 76.875, 3.5757913842190535e-22, nan 
79.375, 76.875, 3.291993016048423e-22, nan 
79.625, 76.875, 1.8149281968832473e-22, nan 
79.875, 76.875, 3.299963368728146e-22, nan 
80.125, 76.875, 4.414294430866372e-22, nan 
80.375, 76.875, 2.8259309764508515e-22, nan 
80.625, 76.875, 2.203446699695954e-22, nan 
80.875, 76.875, 4.7609023930444855e-22, nan 
81.125, 76.875, 7.4863264066850415e-22, nan 
81.375, 76.875, 6.689942820710284e-22, nan 
81.625, 76.875, 5.806266148121849e-22, nan 
81.875, 76.875, 5.315693516530928e-22, nan 
82.125, 76.875, 7.565470329203687e-22, nan 
82.375, 76.875, 9.42305624166836e-22, nan 
82.625, 76.875, 1.061303206718395e-21, nan 
82.875, 76.875, 9.347358735082739e-22, nan 
83.125, 76.875, 9.45277589240953e-22, nan 
83.375, 76.875, 1.1380499915234587e-21, nan 
83.625, 76.875, 1.2179144497750966e-21, nan 
83.875, 76.875, 1.4132186543324533e-21, nan 
84.125, 76.875, 1.2846909475596532e-21, nan 
84.375, 76.875, 1.2824780916709344e-21, nan 
84.625, 76.875, 1.0370998104463598e-21, nan 
84.875, 76.875, 1.7126913982698106e-21, nan 
85.125, 76.875, 1.6472613652122143e-21, nan 
85.375, 76.875, 1.9368595430766572e-21, nan 
85.625, 76.875, 1.5438278731840754e-21, nan 
85.875, 76.875, 1.2995462511869666e-21, nan 
86.125, 76.875, 2.8389418651968743e-21, nan 
86.375, 76.875, 2.1695829663098883e-21, nan 
86.625, 76.875, 2.9165561753721116e-21, nan 
86.875, 76.875, 3.905362183875376e-21, nan 
87.125, 76.875, 8.731900083752247e-21, nan 
87.375, 76.875, 7.587840928211047e-21, nan 
87.625, 76.875, 6.080605620943193e-21, nan 
87.875, 76.875, 1.1831389379493792e-20, nan 
88.125, 76.875, 1.1284141030774145e-20, nan 
88.375, 76.875, 2.458414029110218e-20, nan 
88.625, 76.875, 1.3866478659900946e-20, nan 
88.875, 76.875, 9.134697526712521e-21, nan 
89.125, 76.875, 1.2994478850411177e-20, nan 
89.375, 76.875, 1.1903668352908647e-20, nan 
89.625, 76.875, 1.5139499528775756e-20, nan 
89.875, 76.875, 1.2755835460142064e-20, nan 
90.125, 76.875, 1.1025032490088138e-20, nan 
90.375, 76.875, 1.3924452511669693e-20, nan 
90.625, 76.875, 1.0193070564683269e-20, nan 
90.875, 76.875, 1.1780730615047052e-20, nan 
91.125, 76.875, 9.526861412604801e-21, nan 
91.375, 76.875, 6.515354838265017e-21, nan 
91.625, 76.875, 5.459261085222697e-21, nan 
91.875, 76.875, 7.637513830349708e-21, nan 
92.125, 76.875, 5.220846480883065e-21, nan 
92.375, 76.875, 3.679048180303059e-21, nan 
92.625, 76.875, 6.930755638964492e-21, nan 
92.875, 76.875, 5.664658807951038e-21, nan 
93.125, 76.875, 1.8155201597824814e-21, nan 
93.375, 76.875, 1.3101155976671286e-21, nan 
93.625, 76.875, 2.0356734640813186e-21, nan 
93.875, 76.875, 1.7342139178531746e-21, nan 
94.125, 76.875, 2.255349824651236e-21, nan 
94.375, 76.875, 2.7231462979425157e-21, nan 
94.625, 76.875, 2.6588659187311263e-21, nan 
94.875, 76.875, 2.3239771578607295e-21, nan 
95.125, 76.875, 3.551189516478824e-21, nan 
95.375, 76.875, 5.759873329127108e-21, nan 
95.625, 76.875, 6.182315761587959e-21, nan 
95.875, 76.875, 5.265480645839544e-21, nan 
96.125, 76.875, 2.626168488501887e-21, nan 
96.375, 76.875, 2.599853189583108e-21, nan 
96.625, 76.875, 2.4228464225349075e-21, nan 
96.875, 76.875, 2.496594053200367e-21, nan 
97.125, 76.875, 2.2868474146919575e-21, nan 
97.375, 76.875, 1.5353588222996389e-21, nan 
97.625, 76.875, 3.596759868690551e-21, nan 
97.875, 76.875, 4.655600109792568e-21, nan 
98.125, 76.875, 5.22532523798618e-21, nan 
98.375, 76.875, 3.605092476489927e-21, nan 
98.625, 76.875, 5.224777592311245e-21, nan 
98.875, 76.875, 4.515523939057669e-21, nan 
99.125, 76.875, 6.506914062989702e-21, nan 
99.375, 76.875, 1.0163163924241284e-20, nan 
99.625, 76.875, 9.044077563204609e-21, nan 
99.875, 76.875, 1.0027075919635672e-20, nan 
100.125, 76.875, 7.441974107077808e-21, nan 
100.375, 76.875, 7.462780427652186e-21, nan 
100.625, 76.875, 1.199524175839733e-20, nan 
100.875, 76.875, 9.655704614923906e-21, nan 
101.125, 76.875, 1.0613552297834967e-20, nan 
101.375, 76.875, 6.516960722478357e-21, nan 
101.625, 76.875, 4.2551037019592034e-21, nan 
101.875, 76.875, 2.245729348537541e-20, nan 
102.125, 76.875, 1.6360455429614998e-20, nan 
102.375, 76.875, 1.1254513719181746e-20, nan 
102.625, 76.875, 1.2243985721773471e-20, nan 
102.875, 76.875, 5.392463438022601e-21, nan 
103.125, 76.875, 1.536639804136563e-20, nan 
103.375, 76.875, 1.3892058165166104e-20, nan 
103.625, 76.875, 1.0475030727066137e-20, nan 
103.875, 76.875, 1.0627043412679248e-20, nan 
104.125, 76.875, 5.8741374439292804e-21, nan 
104.375, 76.875, 8.551473758666588e-21, nan 
104.625, 76.875, 7.504109496290163e-21, nan 
104.875, 76.875, 8.858871626097427e-21, nan 
105.125, 76.875, 9.401526403073545e-21, nan 
105.375, 76.875, 1.2656322151019919e-20, nan 
105.625, 76.875, 1.065375562461471e-20, nan 
105.875, 76.875, 7.11898861777598e-21, nan 
106.125, 76.875, 1.005788846163778e-20, nan 
106.375, 76.875, 1.1671002266672883e-20, nan 
106.625, 76.875, 7.997517458368995e-21, nan 
106.875, 76.875, 8.438648355113286e-21, nan 
107.125, 76.875, 6.115177728833579e-21, nan 
107.375, 76.875, 6.44277296421977e-21, nan 
107.625, 76.875, 6.16148201708379e-21, nan 
107.875, 76.875, 6.973258428988584e-21, nan 
108.125, 76.875, 1.1753978519292537e-20, nan 
108.375, 76.875, 1.3393089191044228e-20, nan 
108.625, 76.875, 1.5675099825908774e-20, nan 
108.875, 76.875, 2.3000120891155363e-20, nan 
109.125, 76.875, 2.0119438827306987e-20, nan 
109.375, 76.875, 1.5685476070951838e-20, nan 
109.625, 76.875, 1.1450730492759268e-20, nan 
109.875, 76.875, 3.243569428566096e-20, nan 
110.125, 76.875, 4.4845487547597666e-20, nan 
110.375, 76.875, 5.569479134918498e-20, nan 
110.625, 76.875, 3.797887597279079e-20, nan 
110.875, 76.875, 2.876937726149147e-20, nan 
111.125, 76.875, 4.350677745710988e-20, nan 
111.375, 76.875, 3.78840907785389e-20, nan 
111.625, 76.875, 5.017994461925808e-20, nan 
111.875, 76.875, 4.4262008502369196e-20, nan 
112.125, 76.875, 5.350274109755363e-20, nan 
112.375, 76.875, 5.2976333718719876e-20, nan 
112.625, 76.875, 1.5787302676572276e-20, nan 
112.875, 76.875, 1.452518267414145e-20, nan 
113.125, 76.875, 2.934864086670982e-20, nan 
113.375, 76.875, 1.0010047542338864e-19, nan 
113.625, 76.875, 8.02938866123326e-20, nan 
113.875, 76.875, 2.6749538898946382e-20, nan 
114.125, 76.875, 2.2880856585606995e-20, nan 
114.375, 76.875, 1.6764884389984191e-19, nan 
114.625, 76.875, 1.5565085049947605e-19, nan 
114.875, 76.875, 1.247766463977495e-19, nan 
115.125, 76.875, 7.066709359486854e-20, nan 
115.375, 76.875, 6.641011917558957e-20, nan 
115.625, 76.875, 1.7201260737084967e-19, nan 
115.875, 76.875, 1.9615190353550658e-19, nan 
116.125, 76.875, 1.5966354224213667e-19, nan 
116.375, 76.875, 9.353240224126696e-20, nan 
116.625, 76.875, 4.3632338379684907e-20, nan 
116.875, 76.875, 8.434629393970205e-20, nan 
117.125, 76.875, 1.1059986065415133e-19, nan 
117.375, 76.875, 8.101899300698079e-20, nan 
117.625, 76.875, 5.946572944544443e-20, nan 
117.875, 76.875, 8.607369047262183e-20, nan 
118.125, 76.875, 9.91418152404607e-20, nan 
118.375, 76.875, 7.12224626145131e-20, nan 
118.625, 76.875, 8.013165791250249e-20, nan 
118.875, 76.875, 2.84736909764104e-20, nan 
119.125, 76.875, 3.8990958773228493e-20, nan 
119.375, 76.875, 4.0594225887715995e-20, nan 
119.625, 76.875, 5.854951855377378e-20, nan 
119.875, 76.875, 6.323996733314876e-20, nan 
120.125, 76.875, 3.910804864782831e-20, nan 
120.375, 76.875, 3.5106325969244564e-20, nan 
120.625, 76.875, 2.9898771840084216e-20, nan 
120.875, 76.875, 3.5486862666666684e-20, nan 
121.125, 76.875, 3.6227901870114387e-20, nan 
121.375, 76.875, 3.061880382713969e-20, nan 
121.625, 76.875, 3.5924796973418003e-20, nan 
121.875, 76.875, 2.6661527146034008e-20, nan 
122.125, 76.875, 2.419837322351067e-20, nan 
122.375, 76.875, 1.6286702890860366e-20, nan 
122.625, 76.875, 1.0492015886273577e-20, nan 
122.875, 76.875, 7.013612919444973e-21, nan 
123.125, 76.875, 9.554313375702625e-21, nan 
123.375, 76.875, 1.0726842803945234e-20, nan 
123.625, 76.875, 1.0442643247864708e-20, nan 
123.875, 76.875, 6.508380340230709e-21, nan 
124.125, 76.875, 5.862947068983122e-21, nan 
124.375, 76.875, 2.908446600961866e-20, nan 
124.625, 76.875, 9.71174913069798e-21, nan 
124.875, 76.875, 7.61485528317269e-21, nan 
125.125, 76.875, 1.044325888513422e-20, nan 
125.375, 76.875, 1.510790063279788e-20, nan 
125.625, 76.875, 1.178977510013462e-20, nan 
125.875, 76.875, 1.123464727643902e-20, nan 
126.125, 76.875, 8.771032865879358e-21, nan 
126.375, 76.875, 9.027350024459528e-21, nan 
126.625, 76.875, 1.2315143216117855e-20, nan 
126.875, 76.875, 1.293766416111319e-20, nan 
127.125, 76.875, 1.5134993258778273e-20, nan 
127.375, 76.875, 1.570620576062559e-20, nan 
127.625, 76.875, 1.6066769344473295e-20, nan 
127.875, 76.875, 1.5369583570245068e-20, nan 
128.125, 76.875, 1.365388032875207e-20, nan 
128.375, 76.875, 1.2082680457623383e-20, nan 
128.625, 76.875, 1.2032733552047015e-20, nan 
128.875, 76.875, 1.5641188508237814e-20, nan 
129.125, 76.875, 9.468551649406577e-21, nan 
129.375, 76.875, 8.577607520157264e-21, nan 
129.625, 76.875, 7.521398200610582e-21, nan 
129.875, 76.875, 6.748531814776214e-21, nan 
130.125, 76.875, 1.0403959754132571e-20, nan 
130.375, 76.875, 8.528507684152017e-21, nan 
130.625, 76.875, 7.762049144735173e-21, nan 
130.875, 76.875, 7.055972241101902e-21, nan 
131.125, 76.875, 5.502460824029981e-21, nan 
131.375, 76.875, 5.533420649330694e-21, nan 
131.625, 76.875, 4.578635489332158e-21, nan 
131.875, 76.875, 3.985476387612261e-21, nan 
132.125, 76.875, 2.9320689153812338e-21, nan 
132.375, 76.875, 3.2402042701394017e-21, nan 
132.625, 76.875, 2.093811560087141e-21, nan 
132.875, 76.875, 1.3599562834496647e-21, nan 
133.125, 76.875, 2.4171731057773723e-21, nan 
133.375, 76.875, 3.345513265583454e-21, nan 
133.625, 76.875, 3.0289791853654787e-21, nan 
133.875, 76.875, 2.6885319061418385e-21, nan 
134.125, 76.875, 2.2389682961004758e-21, nan 
134.375, 76.875, 4.312566519222415e-21, nan 
134.625, 76.875, 6.7279747359056396e-21, nan 
134.875, 76.875, 4.238564722019209e-21, nan 
135.125, 76.875, 4.551616961119703e-21, nan 
135.375, 76.875, 2.396358706878059e-21, nan 
135.625, 76.875, 3.1671902619225783e-21, nan 
135.875, 76.875, 3.4859525251171185e-21, nan 
136.125, 76.875, 2.8854937605086065e-21, nan 
136.375, 76.875, 3.3617117280563445e-21, nan 
136.625, 76.875, 3.2418460251033064e-21, nan 
136.875, 76.875, 3.3344269520212816e-21, nan 
137.125, 76.875, 3.140825847251234e-21, nan 
137.375, 76.875, 3.0369266467488217e-21, nan 
137.625, 76.875, 3.2600260466518596e-21, nan 
137.875, 76.875, 2.038279247428191e-21, nan 
138.125, 76.875, 1.8641727627055272e-21, nan 
138.375, 76.875, 2.1318071907865695e-21, nan 
138.625, 76.875, 2.339383227992246e-21, nan 
138.875, 76.875, 2.4659535695333244e-21, nan 
139.125, 76.875, 2.0446406299412567e-21, nan 
139.375, 76.875, 1.977612692974567e-21, nan 
139.625, 76.875, 1.7013186729604856e-21, nan 
139.875, 76.875, 2.3002347317174453e-21, nan 
140.125, 76.875, 1.0601165793932304e-21, nan 
140.375, 76.875, 9.518364023259356e-22, nan 
140.625, 76.875, 7.440117100709771e-22, nan 
140.875, 76.875, 8.524117268378037e-22, nan 
141.125, 76.875, 7.85091176077654e-22, nan 
141.375, 76.875, 8.512828897886407e-22, nan 
141.625, 76.875, 8.627162536961201e-22, nan 
141.875, 76.875, 8.947521257147327e-22, nan 
142.125, 76.875, 1.0995843910101444e-21, nan 
142.375, 76.875, 9.647313506156875e-22, nan 
142.625, 76.875, 9.111957451867383e-22, nan 
142.875, 76.875, 8.536395000337499e-22, nan 
143.125, 76.875, 1.0131044452125777e-21, nan 
143.375, 76.875, 9.810701982063376e-22, nan 
143.625, 76.875, 8.471637207326441e-22, nan 
143.875, 76.875, 7.677345822297729e-22, nan 
144.125, 76.875, 6.585940816254875e-22, nan 
144.375, 76.875, 7.388416762086784e-22, nan 
144.625, 76.875, 5.848193110091956e-22, nan 
144.875, 76.875, 4.927148347574413e-22, nan 
145.125, 76.875, 4.594027419737137e-22, nan 
145.375, 76.875, 4.539552052374681e-22, nan 
145.625, 76.875, 5.201179600460357e-22, nan 
145.875, 76.875, 5.270643001158366e-22, nan 
146.125, 76.875, 6.640535209087239e-22, nan 
146.375, 76.875, 6.900088954307429e-22, nan 
146.625, 76.875, 6.141206450692521e-22, nan 
146.875, 76.875, 3.219251039869684e-22, nan 
147.125, 76.875, 4.37108532573335e-22, nan 
147.375, 76.875, 6.909945105521421e-22, nan 
147.625, 76.875, 6.708486275667914e-22, nan 
147.875, 76.875, 5.298766652114052e-22, nan 
148.125, 76.875, 2.1953153640094176e-22, nan 
148.375, 76.875, 3.9482321749645585e-23, nan 
148.625, 76.875, 2.4963598938694693e-22, nan 
148.875, 76.875, 3.2386285343486364e-22, nan 
149.125, 76.875, 1.4328806289061942e-22, nan 
149.375, 76.875, 1.7086539440905098e-22, nan 
149.625, 76.875, 1.3661494446140903e-22, nan 
149.875, 76.875, 1.6424108285707346e-22, nan 
150.125, 76.875, 2.19068943287946e-22, nan 
150.375, 76.875, 1.3864054790338152e-22, nan 
150.625, 76.875, 1.145797288122754e-22, nan 
150.875, 76.875, 1.0272062578956952e-22, nan 
151.125, 76.875, 1.5010773814844253e-22, nan 
151.375, 76.875, 1.2743336935927435e-22, nan 
151.625, 76.875, 1.561031276192781e-22, nan 
151.875, 76.875, 2.3253322337607227e-22, nan 
152.125, 76.875, 3.450379852236591e-22, nan 
152.375, 76.875, 2.8728345440014292e-22, nan 
152.625, 76.875, 2.097412551755215e-22, nan 
152.875, 76.875, 2.1502325074498823e-22, nan 
153.125, 76.875, 1.9278629800682936e-22, nan 
153.375, 76.875, 2.20572464471163e-22, nan 
153.625, 76.875, 2.3345060669490003e-22, nan 
153.875, 76.875, 1.8496763600885737e-22, nan 
154.125, 76.875, 1.873914551150689e-22, nan 
154.375, 76.875, 1.4492542851331188e-22, nan 
154.625, 76.875, 1.2230940830807187e-22, nan 
154.875, 76.875, 2.36967965386312e-22, nan 
155.125, 76.875, 2.0191514773307744e-22, nan 
155.375, 76.875, 1.8675648473047926e-22, nan 
155.625, 76.875, 1.5971494987201623e-22, nan 
155.875, 76.875, 1.331332263025014e-22, nan 
156.125, 76.875, 1.1338647093121824e-22, nan 
156.375, 76.875, 1.7570454364567828e-22, nan 
156.625, 76.875, 1.441265600904686e-22, nan 
156.875, 76.875, 6.48483667352039e-23, nan 
157.125, 76.875, 7.267796679177732e-23, nan 
157.375, 76.875, 8.02903296099386e-23, nan 
157.625, 76.875, 1.2819101064803763e-22, nan 
157.875, 76.875, 1.5499702692515381e-22, nan 
158.125, 76.875, 1.7022967484126408e-22, nan 
158.375, 76.875, 1.9015579752923144e-22, nan 
158.625, 76.875, 1.7324325596806073e-22, nan 
158.875, 76.875, 2.0742379475553857e-22, nan 
159.125, 76.875, 1.6563407167730763e-22, nan 
159.375, 76.875, 1.3191516768444778e-22, nan 
159.625, 76.875, 9.596935195699549e-23, nan 
159.875, 76.875, 1.2134623407448834e-22, nan 
160.125, 76.875, 1.604064797257253e-22, nan 
160.375, 76.875, 2.127258373989005e-22, nan 
160.625, 76.875, 1.463312974121114e-22, nan 
160.875, 76.875, 1.3312720901631425e-22, nan 
161.125, 76.875, 1.0379644455926091e-22, nan 
161.375, 76.875, 1.7619956178421945e-22, nan 
161.625, 76.875, 3.5345020532505417e-22, nan 
161.875, 76.875, 3.95824519212205e-22, nan 
162.125, 76.875, 3.5401122760065837e-22, nan 
162.375, 76.875, 2.426515984086915e-22, nan 
162.625, 76.875, 2.30705892716367e-22, nan 
162.875, 76.875, 1.7121154920065225e-22, nan 
163.125, 76.875, 1.7976163877786977e-22, nan 
163.375, 76.875, 7.585246330435783e-23, nan 
163.625, 76.875, 1.7656396843735049e-22, nan 
163.875, 76.875, 2.0080455820797235e-22, nan 
164.125, 76.875, 1.8349416465404809e-22, nan 
164.375, 76.875, 2.0242710099304059e-22, nan 
164.625, 76.875, 2.7500874196224297e-22, nan 
164.875, 76.875, 2.562758571046337e-22, nan 
165.125, 76.875, 3.742118124169511e-22, nan 
165.375, 76.875, 2.5532810266905263e-22, nan 
165.625, 76.875, 2.9152205195985737e-22, nan 
165.875, 76.875, 2.845393636429625e-22, nan 
166.125, 76.875, 2.312172665066148e-22, nan 
166.375, 76.875, 3.273055187981284e-22, nan 
166.625, 76.875, 3.322144236900462e-22, nan 
166.875, 76.875, 2.9011106888081945e-22, nan 
167.125, 76.875, 3.127714646411042e-22, nan 
167.375, 76.875, 2.752374367949287e-22, nan 
167.625, 76.875, 1.6200674841061502e-22, nan 
167.875, 76.875, 1.3506140023517754e-22, nan 
168.125, 76.875, 1.432975382571197e-22, nan 
168.375, 76.875, 1.4580839773283407e-22, nan 
168.625, 76.875, 1.7891300215668997e-22, nan 
168.875, 76.875, 1.5176526575547808e-22, nan 
169.125, 76.875, 1.7745537832185997e-22, nan 
169.375, 76.875, 1.1435735368959247e-22, nan 
169.625, 76.875, 8.369643824733535e-23, nan 
169.875, 76.875, 1.1443743708493458e-22, nan 
170.125, 76.875, 1.005253745110455e-22, nan 
170.375, 76.875, 1.0736942198298184e-22, nan 
170.625, 76.875, 7.437355150724398e-23, nan 
170.875, 76.875, 6.426391271347201e-23, nan 
171.125, 76.875, 5.0866041442886435e-23, nan 
171.375, 76.875, 4.903790923982913e-23, nan 
171.625, 76.875, 4.0095442991357755e-23, nan 
171.875, 76.875, 3.103820654958604e-23, nan 
172.125, 76.875, 1.9998157603227984e-23, nan 
172.375, 76.875, 1.876112571926972e-23, nan 
172.625, 76.875, 2.1383192097813875e-23, nan 
172.875, 76.875, 3.0414235031640556e-23, nan 
173.125, 76.875, 2.1421329157854962e-23, nan 
173.375, 76.875, 1.5313331394136572e-23, nan 
173.625, 76.875, 1.9494822064494763e-23, nan 
173.875, 76.875, 2.3955647242517466e-23, nan 
174.125, 76.875, 1.352949085591027e-23, nan 
174.375, 76.875, 1.6799277560441072e-23, nan 
174.625, 76.875, 1.1134464216083403e-23, nan 
174.875, 76.875, 1.803983751093045e-23, nan 
175.125, 76.875, 2.4152277945642753e-23, nan 
175.375, 76.875, 1.3590665737395294e-23, nan 
175.625, 76.875, 1.9548504020824972e-23, nan 
175.875, 76.875, 1.060101719085763e-23, nan 
176.125, 76.875, 1.1126225010956495e-23, nan 
176.375, 76.875, 1.7834502826569336e-23, nan 
176.625, 76.875, 1.772635745559998e-23, nan 
176.875, 76.875, 2.3718211008660493e-23, nan 
177.125, 76.875, 2.1508062597651748e-23, nan 
177.375, 76.875, 1.382134832130482e-23, nan 
177.625, 76.875, 1.4902117908138006e-23, nan 
177.875, 76.875, 2.2666638255255772e-23, nan 
178.125, 76.875, 2.350485202510932e-23, nan 
178.375, 76.875, 2.5981738995204198e-23, nan 
178.625, 76.875, 1.8899344812366108e-23, nan 
178.875, 76.875, 8.682547945156268e-24, nan 
179.125, 76.875, 1.6172406186042115e-23, nan 
179.375, 76.875, 2.283905409369232e-23, nan 
179.625, 76.875, 1.995434289026446e-23, nan 
179.875, 76.875, 2.724255042674843e-23, nan 
-179.875, 77.125, 2.9560276789948663e-23, nan 
-179.625, 77.125, 1.9653922878613362e-23, nan 
-179.375, 77.125, 2.0166676396179777e-23, nan 
-179.125, 77.125, 2.984298847882921e-23, nan 
-178.875, 77.125, 3.859423016455945e-23, nan 
-178.625, 77.125, 3.953862165844979e-23, nan 
-178.375, 77.125, 3.439952087713317e-23, nan 
-178.125, 77.125, 3.486265936540783e-23, nan 
-177.875, 77.125, 3.4443991814643305e-23, nan 
-177.625, 77.125, 5.912098011412565e-23, nan 
-177.375, 77.125, 5.99684036432926e-23, nan 
-177.125, 77.125, 6.444766807560079e-23, nan 
-176.875, 77.125, 4.952766425579926e-23, nan 
-176.625, 77.125, 3.993554549834193e-23, nan 
-176.375, 77.125, 3.190835711766385e-23, nan 
-176.125, 77.125, 3.3040538340346856e-23, nan 
-175.875, 77.125, 4.6893905754635503e-23, nan 
-175.625, 77.125, 3.803621856270273e-23, nan 
-175.375, 77.125, 4.032100355763963e-23, nan 
-175.125, 77.125, 3.3833143854074173e-23, nan 
-174.875, 77.125, 3.9031426822025264e-23, nan 
-174.625, 77.125, 3.67800827933369e-23, nan 
-174.375, 77.125, 4.7815176051879095e-23, nan 
-174.125, 77.125, 4.770045829943841e-23, nan 
-173.875, 77.125, 2.4947270585769334e-23, nan 
-173.625, 77.125, 2.9384039749003907e-23, nan 
-173.375, 77.125, 3.4587200868220137e-23, nan 
-173.125, 77.125, 1.882878070616781e-23, nan 
-172.875, 77.125, 2.7282572208805424e-23, nan 
-172.625, 77.125, 2.4248611626191355e-23, nan 
-172.375, 77.125, 5.0663159407033545e-23, nan 
-172.125, 77.125, 6.114710287633584e-23, nan 
-171.875, 77.125, 4.6875082683650364e-23, nan 
-171.625, 77.125, 5.883692637175032e-23, nan 
-171.375, 77.125, 2.8659876058479157e-23, nan 
-171.125, 77.125, 3.6776789442633063e-23, nan 
-170.875, 77.125, 6.429783809532634e-23, nan 
-170.625, 77.125, 6.033389084079429e-23, nan 
-170.375, 77.125, 5.269727540432622e-23, nan 
-170.125, 77.125, 3.843568813902826e-23, nan 
-169.875, 77.125, 3.727999738190319e-23, nan 
-169.625, 77.125, 4.6109575932729914e-23, nan 
-169.375, 77.125, 4.559298471313186e-23, nan 
-169.125, 77.125, 5.867730569519114e-23, nan 
-168.875, 77.125, 4.2970238085067226e-23, nan 
-168.625, 77.125, 3.819266937246315e-23, nan 
-168.375, 77.125, 2.305255353956883e-23, nan 
-168.125, 77.125, 2.2810859768929236e-23, nan 
-167.875, 77.125, 4.583359918545934e-23, nan 
-167.625, 77.125, 6.92754442980693e-23, nan 
-167.375, 77.125, 9.222227907221493e-23, nan 
-167.125, 77.125, 6.343073443525197e-23, nan 
-166.875, 77.125, 6.986491006952031e-23, nan 
-166.625, 77.125, 8.01016667372154e-23, nan 
-166.375, 77.125, 5.0860157828044555e-23, nan 
-166.125, 77.125, 2.6966187551115013e-23, nan 
-165.875, 77.125, 3.433275571383454e-23, nan 
-165.625, 77.125, 6.26180578603624e-23, nan 
-165.375, 77.125, 8.186963003149827e-23, nan 
-165.125, 77.125, 6.769390352151062e-23, nan 
-164.875, 77.125, 4.37783684154896e-23, nan 
-164.625, 77.125, 5.221067639872706e-23, nan 
-164.375, 77.125, 5.237688916698092e-23, nan 
-164.125, 77.125, 4.482622227393655e-23, nan 
-163.875, 77.125, 3.839012022335542e-23, nan 
-163.625, 77.125, 4.5794493812258685e-23, nan 
-163.375, 77.125, 3.590624768825638e-23, nan 
-163.125, 77.125, 2.510737933966654e-23, nan 
-162.875, 77.125, 1.787292290190444e-23, nan 
-162.625, 77.125, 2.5575345632519513e-23, nan 
-162.375, 77.125, 3.0747589595156877e-23, nan 
-162.125, 77.125, 2.901727136887828e-23, nan 
-161.875, 77.125, 2.752067441855861e-23, nan 
-161.625, 77.125, 2.652023440113834e-23, nan 
-161.375, 77.125, 2.701530783714425e-23, nan 
-161.125, 77.125, 2.2478154037554136e-23, nan 
-160.875, 77.125, 2.2124622389107716e-23, nan 
-160.625, 77.125, 2.304638659410114e-23, nan 
-160.375, 77.125, 2.3163794597477874e-23, nan 
-160.125, 77.125, 2.1337725786499488e-23, nan 
-159.875, 77.125, 1.4120043289698024e-23, nan 
-159.625, 77.125, 7.854201654779234e-24, nan 
-159.375, 77.125, 6.3952142829352614e-24, nan 
-159.125, 77.125, 5.815477169601367e-24, nan 
-158.875, 77.125, 3.559897605952199e-24, nan 
-158.625, 77.125, 3.407324102275736e-24, nan 
-158.375, 77.125, 4.454092746857474e-24, nan 
-158.125, 77.125, 4.4119523627913094e-24, nan 
-157.875, 77.125, 9.150916377169804e-24, nan 
-157.625, 77.125, 2.833824511577018e-24, nan 
-157.375, 77.125, 3.565888147550624e-24, nan 
-157.125, 77.125, 2.5093049898664765e-24, nan 
-156.875, 77.125, 3.1097388343560485e-24, nan 
-156.625, 77.125, 3.350009415559437e-24, nan 
-156.375, 77.125, 5.69889825850947e-24, nan 
-156.125, 77.125, 2.587905970535316e-24, nan 
-155.875, 77.125, 3.0287498888911855e-24, nan 
-155.625, 77.125, 3.3661602475140765e-24, nan 
-155.375, 77.125, 6.0360913500086126e-24, nan 
-155.125, 77.125, 3.736496695289061e-24, nan 
-154.875, 77.125, 4.042288509996564e-24, nan 
-154.625, 77.125, 5.1805975012293e-24, nan 
-154.375, 77.125, 3.385678222189434e-24, nan 
-154.125, 77.125, 9.03539614607372e-24, nan 
-153.875, 77.125, 7.314957459740095e-24, nan 
-153.625, 77.125, 1.0543295060068417e-23, nan 
-153.375, 77.125, 1.5093665864076952e-23, nan 
-153.125, 77.125, 1.4226323374288371e-23, nan 
-152.875, 77.125, 1.2458688753978033e-23, nan 
-152.625, 77.125, 9.085694733534105e-24, nan 
-152.375, 77.125, 6.0142446396697075e-24, nan 
-152.125, 77.125, 4.80427959663871e-24, nan 
-151.875, 77.125, 4.055836781278299e-24, nan 
-151.625, 77.125, 4.3754157711289874e-24, nan 
-151.375, 77.125, 3.6172324031518615e-24, nan 
-151.125, 77.125, 3.2768956333084834e-24, nan 
-150.875, 77.125, 3.298011160729105e-24, nan 
-150.625, 77.125, 3.690770485927241e-24, nan 
-150.375, 77.125, 6.920513967487572e-24, nan 
-150.125, 77.125, 1.2339080580483789e-23, nan 
-149.875, 77.125, 1.2926747924173698e-23, nan 
-149.625, 77.125, 1.2913479820108856e-23, nan 
-149.375, 77.125, 1.56113723283688e-23, nan 
-149.125, 77.125, 2.1875157302231754e-23, nan 
-148.875, 77.125, 2.1345106968903757e-23, nan 
-148.625, 77.125, 2.4101459767322832e-23, nan 
-148.375, 77.125, 4.1029523181030256e-23, nan 
-148.125, 77.125, 3.599216179257135e-23, nan 
-147.875, 77.125, 2.9505309222782887e-23, nan 
-147.625, 77.125, 2.325885705266168e-23, nan 
-147.375, 77.125, 5.29660585744448e-23, nan 
-147.125, 77.125, 8.80823701481792e-23, nan 
-146.875, 77.125, 5.568895665829376e-23, nan 
-146.625, 77.125, 2.915901404975294e-23, nan 
-146.375, 77.125, 5.18550478318899e-23, nan 
-146.125, 77.125, 5.839421672491515e-23, nan 
-8.375, 77.125, 1.933851621924332e-24, nan 
-8.125, 77.125, 2.0816644838419955e-24, nan 
-7.875, 77.125, 2.0180516203227675e-24, nan 
-7.625, 77.125, 1.8904196441726056e-24, nan 
-7.375, 77.125, 2.0516646751550452e-24, nan 
-7.125, 77.125, 2.295157142895067e-24, nan 
-6.875, 77.125, 2.157164726611335e-24, nan 
-6.625, 77.125, 1.958576154473168e-24, nan 
-6.375, 77.125, 1.8403152834633594e-24, nan 
-6.125, 77.125, 1.5861632197059663e-24, nan 
-5.875, 77.125, 1.485938492024878e-24, nan 
-5.625, 77.125, 1.0871447856509662e-24, nan 
-5.375, 77.125, 9.986534235211285e-25, nan 
-5.125, 77.125, 8.691955540727291e-25, nan 
-4.875, 77.125, 7.9823752324512815e-25, nan 
-4.625, 77.125, 1.1966368706717847e-24, nan 
-4.375, 77.125, 1.3636714104825121e-24, nan 
-4.125, 77.125, 1.7388387581459705e-24, nan 
-3.875, 77.125, 1.4352899601565025e-24, nan 
-3.625, 77.125, 1.4249225654527695e-24, nan 
-3.375, 77.125, 1.3577951743009973e-24, nan 
-3.125, 77.125, 1.2916019301708027e-24, nan 
-2.875, 77.125, 1.6465928535711561e-24, nan 
-2.625, 77.125, 1.4972245468322538e-24, nan 
-2.375, 77.125, 1.5047374806921667e-24, nan 
-2.125, 77.125, 1.4721312192141426e-24, nan 
-1.875, 77.125, 1.2785212808261278e-24, nan 
-1.625, 77.125, 1.4482034333699601e-24, nan 
-1.375, 77.125, 1.643587365757908e-24, nan 
-1.125, 77.125, 2.1864369774589134e-24, nan 
-0.875, 77.125, 1.715920595688294e-24, nan 
-0.625, 77.125, 1.2195442837695925e-24, nan 
-0.375, 77.125, 1.5120315359433857e-24, nan 
-0.125, 77.125, 1.658083955692293e-24, nan 
0.125, 77.125, 2.6714029260205943e-24, nan 
0.375, 77.125, 7.746521791228596e-25, nan 
0.625, 77.125, 9.779204085773739e-25, nan 
0.875, 77.125, 1.1602053169712139e-24, nan 
1.125, 77.125, 8.413431336575949e-25, nan 
1.375, 77.125, 1.2989017472990377e-24, nan 
1.625, 77.125, 5.468336633395738e-25, nan 
1.875, 77.125, 9.904388766698683e-25, nan 
2.125, 77.125, 1.261503293673894e-24, nan 
2.375, 77.125, 1.5222016902111421e-24, nan 
2.625, 77.125, 1.3782437078161414e-24, nan 
2.875, 77.125, 1.646782092893151e-24, nan 
3.125, 77.125, 2.077009729427899e-24, nan 
3.375, 77.125, 1.9724168356015695e-24, nan 
3.625, 77.125, 2.1106193565496657e-24, nan 
3.875, 77.125, 2.1384729020858696e-24, nan 
4.125, 77.125, 2.5431883233291523e-24, nan 
4.375, 77.125, 2.9969713655846904e-24, nan 
4.625, 77.125, 3.573870607796768e-24, nan 
4.875, 77.125, 3.188771629464357e-24, nan 
5.125, 77.125, 5.255168626295573e-24, nan 
5.375, 77.125, 3.823532308770162e-24, nan 
5.625, 77.125, 3.596867923549703e-24, nan 
5.875, 77.125, 4.150301106490448e-24, nan 
6.125, 77.125, 3.742712486440056e-24, nan 
6.375, 77.125, 7.176599052955503e-24, nan 
6.625, 77.125, 6.737130111730746e-24, nan 
6.875, 77.125, 5.700420095762294e-24, nan 
7.125, 77.125, 6.322292808192621e-24, nan 
7.375, 77.125, 4.209798988927653e-24, nan 
7.625, 77.125, 1.9746451211595048e-23, nan 
7.875, 77.125, 4.1501735337918556e-24, nan 
8.125, 77.125, 5.134861027155853e-24, nan 
8.375, 77.125, 4.4552969677999856e-24, nan 
8.625, 77.125, 1.6824560748680024e-24, nan 
8.875, 77.125, 1.1260899527352569e-24, nan 
9.125, 77.125, 2.064225043724581e-24, nan 
9.375, 77.125, 2.6034744712411364e-24, nan 
9.625, 77.125, 2.7354677025706467e-24, nan 
9.875, 77.125, 2.782423849629785e-24, nan 
10.125, 77.125, 1.3687694252327495e-24, nan 
10.375, 77.125, 1.8241605711230798e-24, nan 
10.625, 77.125, 2.833580541382038e-24, nan 
10.875, 77.125, 1.853447137583682e-24, nan 
11.125, 77.125, 9.409327654013812e-25, nan 
11.375, 77.125, 9.74744393602712e-25, nan 
11.625, 77.125, 2.0110508890160334e-24, nan 
11.875, 77.125, 1.3634159656594802e-24, nan 
12.125, 77.125, 1.3247738767511566e-24, nan 
12.375, 77.125, 2.5517900457889953e-24, nan 
12.625, 77.125, 1.843982912650483e-24, nan 
12.875, 77.125, 9.928077984660914e-25, nan 
13.125, 77.125, 7.866477141214886e-25, nan 
13.375, 77.125, 1.8307176781443666e-24, nan 
13.625, 77.125, 1.4636100938762464e-24, nan 
13.875, 77.125, 1.6644148914295633e-24, nan 
14.125, 77.125, 1.3686388154301281e-24, nan 
14.375, 77.125, 8.864468027918255e-25, nan 
14.625, 77.125, 1.2786920890145253e-24, nan 
14.875, 77.125, 1.2097962945331433e-24, nan 
15.125, 77.125, 1.3321745246090382e-24, nan 
15.375, 77.125, 1.6275242799104929e-24, nan 
15.625, 77.125, 7.121226871801761e-25, nan 
15.875, 77.125, 1.118320009970612e-24, nan 
16.125, 77.125, 1.3262867688465676e-24, nan 
16.375, 77.125, 1.7513978636145906e-24, nan 
16.625, 77.125, 2.2833901719812757e-24, nan 
16.875, 77.125, 5.82205805169898e-24, nan 
17.125, 77.125, 4.4052718530997804e-24, nan 
17.375, 77.125, 3.629975525106062e-24, nan 
17.625, 77.125, 2.6756090647388148e-24, nan 
17.875, 77.125, 2.76099054509954e-24, nan 
18.125, 77.125, 9.261669124846308e-24, nan 
18.375, 77.125, 5.543357070881149e-24, nan 
18.625, 77.125, 4.047038506172727e-24, nan 
18.875, 77.125, 2.585968101648583e-24, nan 
19.125, 77.125, 2.236802643063662e-24, nan 
19.375, 77.125, 2.683917714393825e-24, nan 
19.625, 77.125, 1.0095624038524998e-24, nan 
19.875, 77.125, 1.2042117458184179e-24, nan 
20.125, 77.125, 8.712156939783269e-25, nan 
20.375, 77.125, 2.4586095468189884e-24, nan 
20.625, 77.125, 1.3594902454896367e-24, nan 
20.875, 77.125, 1.4703543651387988e-24, nan 
21.125, 77.125, 1.3098100491295466e-24, nan 
21.375, 77.125, 9.10595612929502e-25, nan 
21.625, 77.125, 1.5280554721366874e-24, nan 
21.875, 77.125, 1.5145956486517604e-24, nan 
22.125, 77.125, 2.0387623778327505e-24, nan 
22.375, 77.125, 9.049869603505984e-25, nan 
22.625, 77.125, 2.8274493204915827e-24, nan 
22.875, 77.125, 2.632998960769804e-24, nan 
23.125, 77.125, 2.589864866398159e-24, nan 
23.375, 77.125, 3.1643378148776576e-24, nan 
23.625, 77.125, 1.7468118655917087e-24, nan 
23.875, 77.125, 4.011101449216679e-24, nan 
24.125, 77.125, 2.9346996283215043e-24, nan 
24.375, 77.125, 4.501510462262967e-24, nan 
24.625, 77.125, 3.866487020130837e-24, nan 
24.875, 77.125, 2.7788945285374078e-24, nan 
25.125, 77.125, 3.2849617821844854e-24, nan 
25.375, 77.125, 7.62343387948903e-24, nan 
25.625, 77.125, 6.774040514328838e-24, nan 
25.875, 77.125, 6.375814660993294e-24, nan 
26.125, 77.125, 1.0578530435399745e-23, nan 
26.375, 77.125, 1.317362124929256e-23, nan 
26.625, 77.125, 3.3952735301902245e-23, nan 
26.875, 77.125, 8.258965950114206e-24, nan 
27.125, 77.125, 6.942823613775548e-24, nan 
27.375, 77.125, 5.324239653529069e-24, nan 
27.625, 77.125, 7.14164545311524e-24, nan 
27.875, 77.125, 1.0581132834271664e-23, nan 
28.125, 77.125, 4.770570053048081e-24, nan 
28.375, 77.125, 3.974488891907913e-24, nan 
28.625, 77.125, 3.2411737116370514e-24, nan 
28.875, 77.125, 4.5091305663862926e-24, nan 
29.125, 77.125, 4.077425541686245e-24, nan 
29.375, 77.125, 3.2624735941136796e-24, nan 
29.625, 77.125, 5.597138266886205e-24, nan 
29.875, 77.125, 3.4838341162326214e-24, nan 
30.125, 77.125, 2.333978655247849e-24, nan 
30.375, 77.125, 9.78157538137627e-25, nan 
30.625, 77.125, 3.549917531346283e-24, nan 
30.875, 77.125, 3.956895941731146e-24, nan 
31.125, 77.125, 3.423456657383103e-24, nan 
31.375, 77.125, 2.568849199005576e-24, nan 
31.625, 77.125, 1.7360671240944565e-24, nan 
31.875, 77.125, 3.831324762962483e-24, nan 
32.125, 77.125, 6.398359806672985e-24, nan 
32.375, 77.125, 5.741357835984934e-24, nan 
32.625, 77.125, 5.384341243365982e-24, nan 
32.875, 77.125, 1.3331423300980481e-24, nan 
33.125, 77.125, 2.4855750965714854e-24, nan 
33.375, 77.125, 3.400189301965701e-24, nan 
33.625, 77.125, 7.897835364912414e-24, nan 
33.875, 77.125, 6.70858814925655e-24, nan 
34.125, 77.125, 2.134439546925244e-24, nan 
34.375, 77.125, 2.200987242445561e-24, nan 
34.625, 77.125, 3.37426470664368e-24, nan 
34.875, 77.125, 4.888649200826611e-24, nan 
35.125, 77.125, 3.526648204272891e-24, nan 
35.375, 77.125, 2.6941357650681177e-24, nan 
35.625, 77.125, 1.2031022780534412e-24, nan 
35.875, 77.125, 4.223318076604464e-24, nan 
36.125, 77.125, 1.7881413160748297e-24, nan 
36.375, 77.125, 1.9512343783321135e-24, nan 
36.625, 77.125, 2.9562116991834976e-24, nan 
36.875, 77.125, 2.7805757456572514e-24, nan 
37.125, 77.125, 4.446852394631908e-24, nan 
37.375, 77.125, 4.036202191767536e-24, nan 
37.625, 77.125, 3.520574331157642e-24, nan 
37.875, 77.125, 3.459716625144349e-24, nan 
38.125, 77.125, 3.533395125923936e-24, nan 
38.375, 77.125, 5.494117009928422e-24, nan 
38.625, 77.125, 4.446514493249475e-24, nan 
38.875, 77.125, 3.769432838467073e-24, nan 
39.125, 77.125, 3.659990491924415e-24, nan 
39.375, 77.125, 4.548762723875165e-24, nan 
39.625, 77.125, 6.2279727981818805e-24, nan 
39.875, 77.125, 2.8072708807498804e-24, nan 
40.125, 77.125, 3.407895948629088e-24, nan 
40.375, 77.125, 3.708968430184389e-24, nan 
40.625, 77.125, 4.2984647487388495e-24, nan 
40.875, 77.125, 5.529901938294025e-24, nan 
41.125, 77.125, 6.145819539029114e-24, nan 
41.375, 77.125, 3.435691766689102e-24, nan 
41.625, 77.125, 3.967505529734062e-24, nan 
41.875, 77.125, 4.564609306099716e-24, nan 
42.125, 77.125, 6.725236858949565e-24, nan 
42.375, 77.125, 7.421320684704052e-24, nan 
42.625, 77.125, 3.559741699352528e-24, nan 
42.875, 77.125, 2.933158136698999e-24, nan 
43.125, 77.125, 2.1121014600417195e-24, nan 
43.375, 77.125, 3.567115661840118e-24, nan 
43.625, 77.125, 4.285318790220163e-24, nan 
43.875, 77.125, 5.573776968974187e-24, nan 
44.125, 77.125, 6.285131049708462e-24, nan 
44.375, 77.125, 6.637662874127167e-24, nan 
44.625, 77.125, 6.059034979422837e-24, nan 
44.875, 77.125, 8.523768544823515e-24, nan 
45.125, 77.125, 7.85606973342883e-24, nan 
45.375, 77.125, 7.447967824945068e-24, nan 
45.625, 77.125, 1.161670915114579e-23, nan 
45.875, 77.125, 1.3176131214544633e-23, nan 
46.125, 77.125, 2.1568429861803933e-23, nan 
46.375, 77.125, 2.1612930223847563e-23, nan 
46.625, 77.125, 3.3963940009193933e-23, nan 
46.875, 77.125, 1.71029112338861e-23, nan 
47.125, 77.125, 1.5662565014280944e-23, nan 
47.375, 77.125, 1.638387613648622e-23, nan 
47.625, 77.125, 2.6192684131750476e-23, nan 
47.875, 77.125, 2.057714440504089e-23, nan 
48.125, 77.125, 8.736780860729568e-24, nan 
48.375, 77.125, 6.65787721272429e-24, nan 
48.625, 77.125, 8.947819293233901e-24, nan 
48.875, 77.125, 1.4789945610104757e-23, nan 
49.125, 77.125, 1.0768783921756238e-23, nan 
49.375, 77.125, 6.428050635123507e-24, nan 
49.625, 77.125, 7.242433079046173e-24, nan 
49.875, 77.125, 9.207934510317202e-24, nan 
50.125, 77.125, 7.272582948895398e-24, nan 
50.375, 77.125, 8.538117780861821e-24, nan 
50.625, 77.125, 6.4484517098226706e-24, nan 
50.875, 77.125, 1.4464259177451803e-23, nan 
51.125, 77.125, 2.5121820775346657e-23, nan 
51.375, 77.125, 1.7747216011094058e-23, nan 
51.625, 77.125, 2.4713799026644886e-23, nan 
51.875, 77.125, 1.9038965687409706e-23, nan 
52.125, 77.125, 1.0515868161854545e-23, nan 
52.375, 77.125, 3.366165391935791e-23, nan 
52.625, 77.125, 3.804304966027881e-23, nan 
52.875, 77.125, 2.4948812309066915e-23, nan 
53.125, 77.125, 1.2104897039225439e-23, nan 
53.375, 77.125, 8.421009667121165e-24, nan 
53.625, 77.125, 1.7676532294493096e-23, nan 
53.875, 77.125, 2.3922522774512132e-23, nan 
54.125, 77.125, 1.9995151172837858e-23, nan 
54.375, 77.125, 3.779055119605566e-23, nan 
54.625, 77.125, 1.87652641079202e-23, nan 
54.875, 77.125, 1.0784911114990747e-23, nan 
55.125, 77.125, 1.2815846891617599e-23, nan 
55.375, 77.125, 1.8913192958240628e-23, nan 
55.625, 77.125, 3.6459540780311004e-23, nan 
55.875, 77.125, 1.2232402334902594e-23, nan 
56.125, 77.125, 1.977352180405752e-23, nan 
56.375, 77.125, 4.0007607238109664e-23, nan 
56.625, 77.125, 5.610255661915832e-23, nan 
56.875, 77.125, 7.497207396594728e-23, nan 
57.125, 77.125, 6.986734396174198e-23, nan 
57.375, 77.125, 6.437644370507903e-23, nan 
57.625, 77.125, 7.340792042296771e-23, nan 
57.875, 77.125, 8.600023876236182e-23, nan 
58.125, 77.125, 9.611976524502867e-23, nan 
58.375, 77.125, 8.040232286298752e-23, nan 
58.625, 77.125, 6.19530291966016e-23, nan 
58.875, 77.125, 4.300193665140857e-23, nan 
59.125, 77.125, 1.2628423963389196e-23, nan 
59.375, 77.125, 2.9704642129657e-23, nan 
59.625, 77.125, 4.360269397758084e-23, nan 
59.875, 77.125, 8.664236947985411e-23, nan 
60.125, 77.125, 6.3182719170656e-23, nan 
60.375, 77.125, 6.754361614092786e-23, nan 
60.625, 77.125, 5.921606682500376e-23, nan 
60.875, 77.125, 5.357832682473012e-23, nan 
61.125, 77.125, 7.936743348904303e-23, nan 
61.375, 77.125, 6.480901814325739e-23, nan 
61.625, 77.125, 5.034996496205421e-23, nan 
61.875, 77.125, 3.703518661383183e-23, nan 
62.125, 77.125, 4.3357860607407574e-23, nan 
62.375, 77.125, 3.3279103387560405e-23, nan 
62.625, 77.125, 1.413897283547232e-23, nan 
62.875, 77.125, 3.037217536050791e-23, nan 
63.125, 77.125, 2.5987574953561707e-23, nan 
63.375, 77.125, 4.432076457077685e-23, nan 
63.625, 77.125, 7.040925830976852e-23, nan 
63.875, 77.125, 7.076565682160931e-23, nan 
64.125, 77.125, 9.16371702406222e-23, nan 
64.375, 77.125, 1.3655401915916105e-23, nan 
64.625, 77.125, 3.5097182748472674e-23, nan 
64.875, 77.125, 3.633799079685836e-23, nan 
65.125, 77.125, 5.413010011959774e-23, nan 
65.375, 77.125, 5.75388630590679e-23, nan 
65.625, 77.125, 4.4868427160719723e-23, nan 
65.875, 77.125, 2.485179234799333e-23, nan 
66.125, 77.125, 4.456942294065411e-23, nan 
66.375, 77.125, 4.6976980287517397e-23, nan 
66.625, 77.125, 2.6218682646530554e-23, nan 
66.875, 77.125, 4.2391866944419045e-23, nan 
67.125, 77.125, 1.2941750677523645e-23, nan 
67.375, 77.125, 9.403549730921804e-24, nan 
67.625, 77.125, 2.865258880628795e-23, nan 
67.875, 77.125, 4.27384931557141e-23, nan 
68.125, 77.125, 4.625428971607872e-23, nan 
68.375, 77.125, 5.9318843350176e-23, nan 
68.625, 77.125, 6.67982330078624e-23, nan 
68.875, 77.125, 5.485672337369661e-23, nan 
69.125, 77.125, 8.637370926306929e-23, nan 
69.375, 77.125, 5.41368260065956e-23, nan 
69.625, 77.125, 5.703000363958573e-23, nan 
69.875, 77.125, 6.568456648966841e-23, nan 
70.125, 77.125, 7.189318912142196e-23, nan 
70.375, 77.125, 9.132734707369129e-23, nan 
70.625, 77.125, 1.3005065293689994e-22, nan 
70.875, 77.125, 3.607898536121021e-23, nan 
71.125, 77.125, 1.3668446530452205e-22, nan 
71.375, 77.125, 1.598371076606607e-22, nan 
71.625, 77.125, 1.9057454158333477e-22, nan 
71.875, 77.125, 2.187085115173084e-22, nan 
72.125, 77.125, 1.8095112352886877e-22, nan 
72.375, 77.125, 2.0175374212353065e-22, nan 
72.625, 77.125, 1.6764535248885806e-22, nan 
72.875, 77.125, 1.6166565101456673e-22, nan 
73.125, 77.125, 1.7106538201190718e-22, nan 
73.375, 77.125, 1.103322795854656e-22, nan 
73.625, 77.125, 8.052667054708443e-23, nan 
73.875, 77.125, 5.877784615148979e-23, nan 
74.125, 77.125, 8.5643685835956e-23, nan 
74.375, 77.125, 7.102804288807365e-23, nan 
74.625, 77.125, 8.614740585417997e-23, nan 
74.875, 77.125, 9.090985902214756e-23, nan 
75.125, 77.125, 1.1983797706656712e-22, nan 
75.375, 77.125, 1.5184224440670467e-22, nan 
75.625, 77.125, 9.372909708428828e-23, nan 
75.875, 77.125, 1.1804955480467344e-22, nan 
76.125, 77.125, 1.5439007286937203e-22, nan 
76.375, 77.125, 1.42524409216722e-22, nan 
76.625, 77.125, 1.666227072319926e-22, nan 
76.875, 77.125, 1.593306330049564e-22, nan 
77.125, 77.125, 2.558281891305512e-22, nan 
77.375, 77.125, 2.3175653689433927e-22, nan 
77.625, 77.125, 2.5409277835913746e-22, nan 
77.875, 77.125, 2.202936793890065e-22, nan 
78.125, 77.125, 1.7428576896445683e-22, nan 
78.375, 77.125, 3.411681849982029e-22, nan 
78.625, 77.125, 3.3348457583226644e-22, nan 
78.875, 77.125, 3.819109838321058e-22, nan 
79.125, 77.125, 2.853876361620461e-22, nan 
79.375, 77.125, 2.8193597480921913e-22, nan 
79.625, 77.125, 2.305755534238369e-22, nan 
79.875, 77.125, 3.829297282958976e-22, nan 
80.125, 77.125, 2.83951201668726e-22, nan 
80.375, 77.125, 2.525359983441388e-22, nan 
80.625, 77.125, 1.406321612865192e-22, nan 
80.875, 77.125, 2.6715929233815137e-22, nan 
81.125, 77.125, 1.9608859555644885e-22, nan 
81.375, 77.125, 2.7906868807955064e-22, nan 
81.625, 77.125, 4.489616595915331e-22, nan 
81.875, 77.125, 3.579411139287992e-22, nan 
82.125, 77.125, 6.28716866963561e-22, nan 
82.375, 77.125, 4.786724931354386e-22, nan 
82.625, 77.125, 7.124746260874937e-22, nan 
82.875, 77.125, 6.2378446069503885e-22, nan 
83.125, 77.125, 7.455356743855528e-22, nan 
83.375, 77.125, 1.0064863858596616e-21, nan 
83.625, 77.125, 1.2147856433387434e-21, nan 
83.875, 77.125, 1.4459949996235227e-21, nan 
84.125, 77.125, 1.2054535650933007e-21, nan 
84.375, 77.125, 1.2100928696424428e-21, nan 
84.625, 77.125, 1.4490298369647315e-21, nan 
84.875, 77.125, 1.6510804732507838e-21, nan 
85.125, 77.125, 1.75049596841274e-21, nan 
85.375, 77.125, 1.5885330999530889e-21, nan 
85.625, 77.125, 1.80714516111993e-21, nan 
85.875, 77.125, 2.0779678569227227e-21, nan 
86.125, 77.125, 2.4591493781854422e-21, nan 
86.375, 77.125, 3.821060748043541e-21, nan 
86.625, 77.125, 9.725521121599039e-21, nan 
86.875, 77.125, 1.0282385992850703e-20, nan 
87.125, 77.125, 5.598825230670734e-21, nan 
87.375, 77.125, 2.5868822468989273e-21, nan 
87.625, 77.125, 9.000282920496298e-21, nan 
87.875, 77.125, 1.980035428885772e-20, nan 
88.125, 77.125, 2.0174020511941158e-20, nan 
88.375, 77.125, 2.538490561947135e-20, nan 
88.625, 77.125, 7.058031692542144e-21, nan 
88.875, 77.125, 7.340181887166542e-21, nan 
89.125, 77.125, 4.978738537294125e-21, nan 
89.375, 77.125, 7.725191543791687e-21, nan 
89.625, 77.125, 1.7734106124038035e-20, nan 
89.875, 77.125, 7.206818459957056e-21, nan 
90.125, 77.125, 1.531141735051157e-20, nan 
90.375, 77.125, 1.5569582740860606e-20, nan 
90.625, 77.125, 7.453611018581715e-21, nan 
90.875, 77.125, 8.61737144338375e-21, nan 
91.125, 77.125, 7.932345376465104e-21, nan 
91.375, 77.125, 1.3191269692418447e-20, nan 
91.625, 77.125, 1.1200943595201265e-20, nan 
91.875, 77.125, 1.0651149468472171e-20, nan 
92.125, 77.125, 7.327810088452086e-21, nan 
92.375, 77.125, 2.699738520132715e-21, nan 
92.625, 77.125, 4.101807414582404e-21, nan 
92.875, 77.125, 7.155871839041881e-21, nan 
93.125, 77.125, 8.266480516518026e-21, nan 
93.375, 77.125, 5.1306124866576315e-21, nan 
93.625, 77.125, 2.0258921646626646e-21, nan 
93.875, 77.125, 1.5514801922560498e-21, nan 
94.125, 77.125, 1.0360876138428798e-21, nan 
94.375, 77.125, 8.400897413284737e-22, nan 
94.625, 77.125, 1.0186826721273972e-21, nan 
94.875, 77.125, 1.3706762032271461e-21, nan 
95.125, 77.125, 2.869971779657943e-21, nan 
95.375, 77.125, 2.3950000094212622e-21, nan 
95.625, 77.125, 2.8384414828320015e-21, nan 
95.875, 77.125, 2.939242602556409e-21, nan 
96.125, 77.125, 3.497912760429843e-21, nan 
96.375, 77.125, 2.6842361173362445e-21, nan 
96.625, 77.125, 3.0540828286226833e-21, nan 
96.875, 77.125, 4.545692258689355e-21, nan 
97.125, 77.125, 4.4233530391651644e-21, nan 
97.375, 77.125, 4.404215803131486e-21, nan 
97.625, 77.125, 5.2391340040833744e-21, nan 
97.875, 77.125, 4.240041645982669e-21, nan 
98.125, 77.125, 4.8954153679714734e-21, nan 
98.375, 77.125, 3.429469472083764e-21, nan 
98.625, 77.125, 6.285002279512397e-21, nan 
98.875, 77.125, 2.48556400511671e-21, nan 
99.125, 77.125, 2.4500605947035475e-21, nan 
99.375, 77.125, 3.960179337464825e-21, nan 
99.625, 77.125, 5.0501741109870186e-21, nan 
99.875, 77.125, 5.311753857797046e-21, nan 
100.125, 77.125, 4.280935218989885e-21, nan 
100.375, 77.125, 4.2102467854468574e-21, nan 
100.625, 77.125, 7.303540926134493e-21, nan 
100.875, 77.125, 7.55433411271866e-21, nan 
101.125, 77.125, 9.74001610104309e-21, nan 
101.375, 77.125, 7.576673489061403e-21, nan 
101.625, 77.125, 1.1129821661937548e-20, nan 
101.875, 77.125, 1.2016581774795878e-20, nan 
102.125, 77.125, 1.0572699392956458e-20, nan 
102.375, 77.125, 6.995364914474513e-21, nan 
102.625, 77.125, 5.343358585051701e-21, nan 
102.875, 77.125, 3.038958976036421e-21, nan 
103.125, 77.125, 4.441679525437509e-21, nan 
103.375, 77.125, 1.4275512859041215e-20, nan 
103.625, 77.125, 1.064834313577881e-20, nan 
103.875, 77.125, 6.34765260287702e-21, nan 
104.125, 77.125, 7.765451345983394e-21, nan 
104.375, 77.125, 4.154056618508484e-21, nan 
104.625, 77.125, 7.303092217663995e-21, nan 
104.875, 77.125, 9.307267853501797e-21, nan 
105.125, 77.125, 1.0088162629886947e-20, nan 
105.375, 77.125, 1.1468667838252592e-20, nan 
105.625, 77.125, 4.876060397497072e-21, nan 
105.875, 77.125, 5.121205835317298e-21, nan 
106.125, 77.125, 1.094473829038828e-20, nan 
106.375, 77.125, 1.6368704003102797e-20, nan 
106.625, 77.125, 1.306523549490772e-20, nan 
106.875, 77.125, 1.1725054918890387e-20, nan 
107.125, 77.125, 5.081183691877961e-21, nan 
107.375, 77.125, 7.45379558464198e-21, nan 
107.625, 77.125, 9.411385272454776e-21, nan 
107.875, 77.125, 7.462122021314196e-21, nan 
108.125, 77.125, 1.0880384717677787e-20, nan 
108.375, 77.125, 1.732965664828576e-20, nan 
108.625, 77.125, 1.7685858124266145e-20, nan 
108.875, 77.125, 1.1679154693874563e-20, nan 
109.125, 77.125, 7.376847702704212e-21, nan 
109.375, 77.125, 1.4589814686277987e-20, nan 
109.625, 77.125, 2.315815504206804e-20, nan 
109.875, 77.125, 2.710688532160298e-20, nan 
110.125, 77.125, 2.3005779398080164e-20, nan 
110.375, 77.125, 3.1984475269704735e-20, nan 
110.625, 77.125, 1.720034364509513e-20, nan 
110.875, 77.125, 3.4970348485102746e-20, nan 
111.125, 77.125, 4.137624189732952e-20, nan 
111.375, 77.125, 2.6937508356482445e-20, nan 
111.625, 77.125, 3.656735043961701e-20, nan 
111.875, 77.125, 3.3601942996911314e-20, nan 
112.125, 77.125, 3.377961311017759e-20, nan 
112.375, 77.125, 4.888791001267183e-20, nan 
112.625, 77.125, 2.275707744434564e-20, nan 
112.875, 77.125, 2.2472848540773754e-20, nan 
113.125, 77.125, 3.698059896678665e-20, nan 
113.375, 77.125, 6.388868742279389e-20, nan 
113.625, 77.125, 5.992673261185331e-20, nan 
113.875, 77.125, 2.4119092836144274e-20, nan 
114.125, 77.125, 4.1242464810890305e-20, nan 
114.375, 77.125, 3.7294321608839705e-20, nan 
114.625, 77.125, 5.705573875560023e-20, nan 
114.875, 77.125, 4.349576773507286e-20, nan 
115.125, 77.125, 3.479579981450069e-20, nan 
115.375, 77.125, 6.99434877440471e-20, nan 
115.625, 77.125, 7.376725889423391e-20, nan 
115.875, 77.125, 9.350406408776692e-20, nan 
116.125, 77.125, 8.060604798801463e-20, nan 
116.375, 77.125, 5.30282313416099e-20, nan 
116.625, 77.125, 5.247739557482539e-20, nan 
116.875, 77.125, 5.857569410610827e-20, nan 
117.125, 77.125, 6.339460307543889e-20, nan 
117.375, 77.125, 2.8751002614770215e-20, nan 
117.625, 77.125, 5.460101351417644e-20, nan 
117.875, 77.125, 9.143600904439109e-20, nan 
118.125, 77.125, 1.0108409338272185e-19, nan 
118.375, 77.125, 6.856053770601795e-20, nan 
118.625, 77.125, 5.931569945064608e-20, nan 
118.875, 77.125, 8.115675757393582e-20, nan 
119.125, 77.125, 9.652606941763127e-20, nan 
119.375, 77.125, 9.961527403371253e-20, nan 
119.625, 77.125, 4.567508538721062e-20, nan 
119.875, 77.125, 2.430430528486564e-20, nan 
120.125, 77.125, 2.6908178056772817e-20, nan 
120.375, 77.125, 4.969280227508685e-20, nan 
120.625, 77.125, 3.909141181083997e-20, nan 
120.875, 77.125, 3.071701637891674e-20, nan 
121.125, 77.125, 3.339856002826225e-20, nan 
121.375, 77.125, 3.587044089242326e-20, nan 
121.625, 77.125, 3.9391051950969e-20, nan 
121.875, 77.125, 3.651312261926605e-20, nan 
122.125, 77.125, 2.753320355407592e-20, nan 
122.375, 77.125, 1.723815406439923e-20, nan 
122.625, 77.125, 1.2714384482324208e-20, nan 
122.875, 77.125, 1.4195629560401903e-20, nan 
123.125, 77.125, 3.011255650526769e-20, nan 
123.375, 77.125, 1.3117012630316857e-20, nan 
123.625, 77.125, 1.1820326398029e-20, nan 
123.875, 77.125, 2.628394758775218e-20, nan 
124.125, 77.125, 3.2648912764076274e-20, nan 
124.375, 77.125, 4.0717139783645516e-20, nan 
124.625, 77.125, 2.5456207697316344e-20, nan 
124.875, 77.125, 1.604669467976094e-20, nan 
125.125, 77.125, 1.1723192416909444e-20, nan 
125.375, 77.125, 1.1239328936666472e-20, nan 
125.625, 77.125, 2.088703933483214e-20, nan 
125.875, 77.125, 1.360865733425148e-20, nan 
126.125, 77.125, 1.648188966955232e-20, nan 
126.375, 77.125, 1.51040456408342e-20, nan 
126.625, 77.125, 1.2437337637681655e-20, nan 
126.875, 77.125, 1.1598590837597627e-20, nan 
127.125, 77.125, 1.386623492597354e-20, nan 
127.375, 77.125, 1.6177827011877112e-20, nan 
127.625, 77.125, 1.3225421816832358e-20, nan 
127.875, 77.125, 1.0188876706335606e-20, nan 
128.125, 77.125, 8.560673145523224e-21, nan 
128.375, 77.125, 7.666785160881447e-21, nan 
128.625, 77.125, 6.7608789181029616e-21, nan 
128.875, 77.125, 5.350069817041636e-21, nan 
129.125, 77.125, 4.3989892105901325e-21, nan 
129.375, 77.125, 3.824016740425445e-21, nan 
129.625, 77.125, 6.601615001710685e-21, nan 
129.875, 77.125, 7.332616497223143e-21, nan 
130.125, 77.125, 8.62600372993342e-21, nan 
130.375, 77.125, 6.476414555088413e-21, nan 
130.625, 77.125, 5.193076593036649e-21, nan 
130.875, 77.125, 5.083762530565058e-21, nan 
131.125, 77.125, 4.7509319923826966e-21, nan 
131.375, 77.125, 2.7303501770848682e-21, nan 
131.625, 77.125, 2.610635541553827e-21, nan 
131.875, 77.125, 2.2613896546835393e-21, nan 
132.125, 77.125, 2.222888526012109e-21, nan 
132.375, 77.125, 3.0744098235203295e-21, nan 
132.625, 77.125, 2.6260431665841386e-21, nan 
132.875, 77.125, 1.330821722049067e-21, nan 
133.125, 77.125, 1.4238470883874328e-21, nan 
133.375, 77.125, 2.3865118153326025e-21, nan 
133.625, 77.125, 2.6066567435591204e-21, nan 
133.875, 77.125, 2.99240476331378e-21, nan 
134.125, 77.125, 3.663968437932085e-21, nan 
134.375, 77.125, 4.253154490491912e-21, nan 
134.625, 77.125, 4.878587848670087e-21, nan 
134.875, 77.125, 3.531940340285871e-21, nan 
135.125, 77.125, 3.740507653559988e-21, nan 
135.375, 77.125, 2.9155309728898043e-21, nan 
135.625, 77.125, 3.1485695565769793e-21, nan 
135.875, 77.125, 2.643344444764125e-21, nan 
136.125, 77.125, 2.4208887919003775e-21, nan 
136.375, 77.125, 2.873584894412634e-21, nan 
136.625, 77.125, 3.067490581689189e-21, nan 
136.875, 77.125, 3.2868267066985928e-21, nan 
137.125, 77.125, 3.1515207748841765e-21, nan 
137.375, 77.125, 2.7771186423203207e-21, nan 
137.625, 77.125, 3.1383759435877525e-21, nan 
137.875, 77.125, 1.7369179408897697e-21, nan 
138.125, 77.125, 2.117530017871226e-21, nan 
138.375, 77.125, 2.116972456574602e-21, nan 
138.625, 77.125, 1.9494262679170964e-21, nan 
138.875, 77.125, 1.526207482816212e-21, nan 
139.125, 77.125, 1.7233641112734303e-21, nan 
139.375, 77.125, 2.0660275870101755e-21, nan 
139.625, 77.125, 2.381398915669761e-21, nan 
139.875, 77.125, 3.548473599764098e-21, nan 
140.125, 77.125, 1.4610872297765587e-21, nan 
140.375, 77.125, 3.0282515894596083e-21, nan 
140.625, 77.125, 1.4125249012430533e-21, nan 
140.875, 77.125, 1.6620244641067836e-21, nan 
141.125, 77.125, 2.2940026892029436e-21, nan 
141.375, 77.125, 1.283182235137482e-21, nan 
141.625, 77.125, 1.3859218738260276e-21, nan 
141.875, 77.125, 1.2882441663313719e-21, nan 
142.125, 77.125, 1.1379429617511502e-21, nan 
142.375, 77.125, 1.0195966179779124e-21, nan 
142.625, 77.125, 7.527903237219044e-22, nan 
142.875, 77.125, 9.78415656860297e-22, nan 
143.125, 77.125, 1.0477321330373592e-21, nan 
143.375, 77.125, 8.778572099170244e-22, nan 
143.625, 77.125, 8.536652767307484e-22, nan 
143.875, 77.125, 7.738548327991691e-22, nan 
144.125, 77.125, 7.268152654967656e-22, nan 
144.375, 77.125, 5.845350663153631e-22, nan 
144.625, 77.125, 4.727387805760027e-22, nan 
144.875, 77.125, 5.078333165142464e-22, nan 
145.125, 77.125, 4.800756510599147e-22, nan 
145.375, 77.125, 4.0975208226520596e-22, nan 
145.625, 77.125, 2.26785756203293e-22, nan 
145.875, 77.125, 2.6172758501353303e-22, nan 
146.125, 77.125, 2.381083929900721e-22, nan 
146.375, 77.125, 3.090694213059232e-22, nan 
146.625, 77.125, 3.0409482174250754e-22, nan 
146.875, 77.125, 3.216456514887186e-22, nan 
147.125, 77.125, 4.769038973576615e-22, nan 
147.375, 77.125, 4.600100320554213e-22, nan 
147.625, 77.125, 3.2281362072402633e-22, nan 
147.875, 77.125, 2.3974426939473717e-22, nan 
148.125, 77.125, 2.6753165942148183e-22, nan 
148.375, 77.125, 2.6758421517329564e-22, nan 
148.625, 77.125, 2.0369265511316551e-22, nan 
148.875, 77.125, 1.5083853488980842e-22, nan 
149.125, 77.125, 1.875756872853626e-22, nan 
149.375, 77.125, 2.5235192669029093e-22, nan 
149.625, 77.125, 9.212495685558842e-23, nan 
149.875, 77.125, 7.563262488497449e-23, nan 
150.125, 77.125, 1.4235448470368202e-22, nan 
150.375, 77.125, 2.4934843617850433e-22, nan 
150.625, 77.125, 2.597117667209345e-22, nan 
150.875, 77.125, 2.52487731359311e-22, nan 
151.125, 77.125, 2.4077508853948735e-22, nan 
151.375, 77.125, 1.8069470019175742e-22, nan 
151.625, 77.125, 1.5000558723119114e-22, nan 
151.875, 77.125, 2.0469215474621592e-22, nan 
152.125, 77.125, 3.8392008655361907e-22, nan 
152.375, 77.125, 3.0239462620336507e-22, nan 
152.625, 77.125, 2.0351037700076352e-22, nan 
152.875, 77.125, 1.4044721838022286e-22, nan 
153.125, 77.125, 9.101578032514835e-23, nan 
153.375, 77.125, 2.0372085946731566e-22, nan 
153.625, 77.125, 2.5867043640606297e-22, nan 
153.875, 77.125, 1.6549896533306306e-22, nan 
154.125, 77.125, 2.0753897465687648e-22, nan 
154.375, 77.125, 2.1006255905747475e-22, nan 
154.625, 77.125, 1.9332729233019767e-22, nan 
154.875, 77.125, 2.1033576589593443e-22, nan 
155.125, 77.125, 1.5247083002929003e-22, nan 
155.375, 77.125, 1.8564837949955398e-22, nan 
155.625, 77.125, 2.0083529894057055e-22, nan 
155.875, 77.125, 1.7000508786903822e-22, nan 
156.125, 77.125, 1.1900281350258392e-22, nan 
156.375, 77.125, 6.857216686818012e-23, nan 
156.625, 77.125, 1.7469047940559626e-23, nan 
156.875, 77.125, 4.880737256036718e-23, nan 
157.125, 77.125, 7.532195713613354e-23, nan 
157.375, 77.125, 8.925521784227359e-23, nan 
157.625, 77.125, 6.315620102389393e-23, nan 
157.875, 77.125, 1.1144723525545897e-22, nan 
158.125, 77.125, 4.9419862217833545e-23, nan 
158.375, 77.125, 4.770654120872631e-23, nan 
158.625, 77.125, 4.6837585445271954e-23, nan 
158.875, 77.125, 6.792851312663863e-23, nan 
159.125, 77.125, 9.16321236775986e-23, nan 
159.375, 77.125, 1.1607103320648065e-22, nan 
159.625, 77.125, 1.1292407588749055e-22, nan 
159.875, 77.125, 1.209027299197336e-22, nan 
160.125, 77.125, 1.0125140565108148e-22, nan 
160.375, 77.125, 1.7231117403690385e-22, nan 
160.625, 77.125, 2.2247354056233727e-22, nan 
160.875, 77.125, 2.195216434865623e-22, nan 
161.125, 77.125, 2.278497127117476e-22, nan 
161.375, 77.125, 2.478910263225906e-22, nan 
161.625, 77.125, 3.9856577113598533e-22, nan 
161.875, 77.125, 5.64206362946262e-22, nan 
162.125, 77.125, 5.332163226047197e-22, nan 
162.375, 77.125, 4.2005796393187585e-22, nan 
162.625, 77.125, 3.6853730513155413e-22, nan 
162.875, 77.125, 1.8718770711314177e-22, nan 
163.125, 77.125, 2.395725957979946e-22, nan 
163.375, 77.125, 2.356762742467763e-22, nan 
163.625, 77.125, 2.1352008312962613e-22, nan 
163.875, 77.125, 2.61101455863763e-22, nan 
164.125, 77.125, 2.8168830633898283e-22, nan 
164.375, 77.125, 3.246182260387984e-22, nan 
164.625, 77.125, 3.19882983747663e-22, nan 
164.875, 77.125, 1.7721664037810896e-22, nan 
165.125, 77.125, 1.6927821965867972e-22, nan 
165.375, 77.125, 2.6407073261375967e-22, nan 
165.625, 77.125, 2.954477566589421e-22, nan 
165.875, 77.125, 3.0444260229199006e-22, nan 
166.125, 77.125, 1.931215009486862e-22, nan 
166.375, 77.125, 2.774563722047113e-22, nan 
166.625, 77.125, 3.170252913112641e-22, nan 
166.875, 77.125, 2.742085075874185e-22, nan 
167.125, 77.125, 2.981115412640941e-22, nan 
167.375, 77.125, 2.662130089422656e-22, nan 
167.625, 77.125, 1.644811766668974e-22, nan 
167.875, 77.125, 1.331159048974187e-22, nan 
168.125, 77.125, 1.314903139120799e-22, nan 
168.375, 77.125, 1.1301493837659983e-22, nan 
168.625, 77.125, 1.3071905701539788e-22, nan 
168.875, 77.125, 1.0437985347034366e-22, nan 
169.125, 77.125, 1.2851812168301683e-22, nan 
169.375, 77.125, 9.846305964316173e-23, nan 
169.625, 77.125, 8.015520126561714e-23, nan 
169.875, 77.125, 7.996297231123973e-23, nan 
170.125, 77.125, 6.028885623973245e-23, nan 
170.375, 77.125, 5.410883321208309e-23, nan 
170.625, 77.125, 6.234604707779783e-23, nan 
170.875, 77.125, 8.131126437882928e-23, nan 
171.125, 77.125, 9.210471550965496e-23, nan 
171.375, 77.125, 6.34863110366812e-23, nan 
171.625, 77.125, 4.8567464196303455e-23, nan 
171.875, 77.125, 3.1268365549261484e-23, nan 
172.125, 77.125, 3.2254801733390423e-23, nan 
172.375, 77.125, 3.9068963567997246e-23, nan 
172.625, 77.125, 2.922294204538455e-23, nan 
172.875, 77.125, 1.2675362591278134e-23, nan 
173.125, 77.125, 1.5018638260747976e-23, nan 
173.375, 77.125, 1.7799289489124484e-23, nan 
173.625, 77.125, 2.2102714182254056e-23, nan 
173.875, 77.125, 4.3741359829847284e-23, nan 
174.125, 77.125, 3.749683410288959e-23, nan 
174.375, 77.125, 3.8986401719957317e-23, nan 
174.625, 77.125, 4.018270129725118e-23, nan 
174.875, 77.125, 3.041600317398054e-23, nan 
175.125, 77.125, 2.8077628297348574e-23, nan 
175.375, 77.125, 2.499948449228853e-23, nan 
175.625, 77.125, 1.77607970342835e-23, nan 
175.875, 77.125, 1.1990827631801937e-23, nan 
176.125, 77.125, 1.898400946705699e-23, nan 
176.375, 77.125, 1.6139278776673004e-23, nan 
176.625, 77.125, 1.2759540890570768e-23, nan 
176.875, 77.125, 9.182434039228961e-24, nan 
177.125, 77.125, 1.0484693625116354e-23, nan 
177.375, 77.125, 2.0136522633335434e-23, nan 
177.625, 77.125, 2.0690192104011039e-23, nan 
177.875, 77.125, 1.616110422201979e-23, nan 
178.125, 77.125, 1.2657866161359367e-23, nan 
178.375, 77.125, 1.0416022736366143e-23, nan 
178.625, 77.125, 8.6456851498488e-24, nan 
178.875, 77.125, 2.900584394506884e-23, nan 
179.125, 77.125, 3.019620952082059e-23, nan 
179.375, 77.125, 3.7630637898450565e-23, nan 
179.625, 77.125, 3.754382152409782e-23, nan 
179.875, 77.125, 3.8514823864267346e-23, nan 
-179.875, 77.375, 1.6870182046741377e-23, nan 
-179.625, 77.375, 1.707462415865137e-23, nan 
-179.375, 77.375, 1.6323802512831624e-23, nan 
-179.125, 77.375, 2.3983223148572128e-23, nan 
-178.875, 77.375, 5.605443283499065e-23, nan 
-178.625, 77.375, 4.9456699647432965e-23, nan 
-178.375, 77.375, 4.776831278165414e-23, nan 
-178.125, 77.375, 4.6768643178799896e-23, nan 
-177.875, 77.375, 4.1518337579016786e-23, nan 
-177.625, 77.375, 6.929766736654857e-23, nan 
-177.375, 77.375, 6.957926674870446e-23, nan 
-177.125, 77.375, 6.404723536572797e-23, nan 
-176.875, 77.375, 5.563868131467629e-23, nan 
-176.625, 77.375, 4.642058911347421e-23, nan 
-176.375, 77.375, 1.1238511912891772e-23, nan 
-176.125, 77.375, 1.8607895292504797e-23, nan 
-175.875, 77.375, 2.888881615712401e-23, nan 
-175.625, 77.375, 1.1755063356444321e-23, nan 
-175.375, 77.375, 1.4373050678719587e-23, nan 
-175.125, 77.375, 7.525527412181861e-24, nan 
-174.875, 77.375, 4.477538876070274e-23, nan 
-174.625, 77.375, 6.177648044328127e-23, nan 
-174.375, 77.375, 5.79173814731795e-23, nan 
-174.125, 77.375, 4.5063856395194394e-23, nan 
-173.875, 77.375, 2.961299179833194e-23, nan 
-173.625, 77.375, 6.475051717816559e-23, nan 
-173.375, 77.375, 8.145008896185041e-23, nan 
-173.125, 77.375, 5.51709349752482e-23, nan 
-172.875, 77.375, 3.386796339437742e-23, nan 
-172.625, 77.375, 4.854452211297473e-23, nan 
-172.375, 77.375, 1.0058461991587994e-22, nan 
-172.125, 77.375, 8.512176296154198e-23, nan 
-171.875, 77.375, 4.0857659730535845e-23, nan 
-171.625, 77.375, 4.214012538038038e-23, nan 
-171.375, 77.375, 3.010163652146152e-23, nan 
-171.125, 77.375, 3.704622983868591e-23, nan 
-170.875, 77.375, 2.9305955993916335e-23, nan 
-170.625, 77.375, 2.5976371265269387e-23, nan 
-170.375, 77.375, 2.1082213350024984e-23, nan 
-170.125, 77.375, 2.871089752383869e-23, nan 
-169.875, 77.375, 4.785345984682319e-23, nan 
-169.625, 77.375, 1.8032698068717407e-23, nan 
-169.375, 77.375, 4.914822459792997e-23, nan 
-169.125, 77.375, 4.587175455981374e-23, nan 
-168.875, 77.375, 5.385480047353017e-23, nan 
-168.625, 77.375, 5.620806028018236e-23, nan 
-168.375, 77.375, 3.1093587762315486e-23, nan 
-168.125, 77.375, 4.5658929922486055e-23, nan 
-167.875, 77.375, 4.168876449927017e-23, nan 
-167.625, 77.375, 1.0995574923390973e-22, nan 
-167.375, 77.375, 1.2476061547023342e-22, nan 
-167.125, 77.375, 7.905962605485043e-23, nan 
-166.875, 77.375, 7.678319094471925e-23, nan 
-166.625, 77.375, 4.610154696563566e-23, nan 
-166.375, 77.375, 5.717644622310333e-23, nan 
-166.125, 77.375, 6.400694998301235e-23, nan 
-165.875, 77.375, 4.7406637980627535e-23, nan 
-165.625, 77.375, 6.275195920612789e-23, nan 
-165.375, 77.375, 5.59197875276818e-23, nan 
-165.125, 77.375, 5.2315542454311737e-23, nan 
-164.875, 77.375, 3.6271409683667515e-23, nan 
-164.625, 77.375, 2.7716802134640573e-23, nan 
-164.375, 77.375, 2.94350876923887e-23, nan 
-164.125, 77.375, 3.737215199564067e-23, nan 
-163.875, 77.375, 3.570241160557217e-23, nan 
-163.625, 77.375, 4.4535264610422063e-23, nan 
-163.375, 77.375, 3.02735409216131e-23, nan 
-163.125, 77.375, 1.7441562725074784e-23, nan 
-162.875, 77.375, 1.415257219408151e-23, nan 
-162.625, 77.375, 1.4666770091632833e-23, nan 
-162.375, 77.375, 1.7885137481126098e-23, nan 
-162.125, 77.375, 2.2205652792794982e-23, nan 
-161.875, 77.375, 2.3784606838821585e-23, nan 
-161.625, 77.375, 1.7544539933493825e-23, nan 
-161.375, 77.375, 1.7167560312881974e-23, nan 
-161.125, 77.375, 2.010300384257052e-23, nan 
-160.875, 77.375, 2.5841713278916244e-23, nan 
-160.625, 77.375, 2.714962626441842e-23, nan 
-160.375, 77.375, 2.3344191513369418e-23, nan 
-160.125, 77.375, 1.7464952813481957e-23, nan 
-159.875, 77.375, 1.202542116714443e-23, nan 
-159.625, 77.375, 1.3066148330994513e-23, nan 
-159.375, 77.375, 1.9058487452378737e-23, nan 
-159.125, 77.375, 2.3059225536794764e-23, nan 
-158.875, 77.375, 9.94663679666099e-24, nan 
-158.625, 77.375, 2.9472720561365386e-24, nan 
-158.375, 77.375, 5.000909218245658e-24, nan 
-158.125, 77.375, 8.730803487630406e-24, nan 
-157.875, 77.375, 1.5851929661145662e-23, nan 
-157.625, 77.375, 5.449633010140976e-24, nan 
-157.375, 77.375, 5.2873469206136716e-24, nan 
-157.125, 77.375, 3.628345565112583e-24, nan 
-156.875, 77.375, 4.270450197140649e-24, nan 
-156.625, 77.375, 5.502351397428705e-24, nan 
-156.375, 77.375, 1.013159313319433e-23, nan 
-156.125, 77.375, 3.005196610446835e-24, nan 
-155.875, 77.375, 6.984887558894866e-24, nan 
-155.625, 77.375, 1.1323458711343496e-23, nan 
-155.375, 77.375, 1.051590828407143e-23, nan 
-155.125, 77.375, 9.765478567877582e-24, nan 
-154.875, 77.375, 4.916405414387289e-24, nan 
-154.625, 77.375, 1.5067349808715354e-23, nan 
-154.375, 77.375, 1.5551772089631576e-23, nan 
-154.125, 77.375, 1.994397604010063e-23, nan 
-153.875, 77.375, 1.80500722170433e-23, nan 
-153.625, 77.375, 1.400018180023834e-23, nan 
-153.375, 77.375, 1.378774004959445e-23, nan 
-153.125, 77.375, 1.1805116430558909e-23, nan 
-152.875, 77.375, 1.2352951885775988e-23, nan 
-152.625, 77.375, 1.0845952793397507e-23, nan 
-152.375, 77.375, 8.70006120058849e-24, nan 
-152.125, 77.375, 7.05127334726439e-24, nan 
-151.875, 77.375, 4.919224495298112e-24, nan 
-151.625, 77.375, 5.338718875692168e-24, nan 
-151.375, 77.375, 4.883440675981829e-24, nan 
-151.125, 77.375, 4.7611364557828235e-24, nan 
-150.875, 77.375, 3.873212770868436e-24, nan 
-150.625, 77.375, 2.951845190414376e-24, nan 
-150.375, 77.375, 2.6148497548189065e-24, nan 
-150.125, 77.375, 5.80417892338284e-24, nan 
-149.875, 77.375, 1.1212697243076582e-23, nan 
-149.625, 77.375, 1.8312774368115692e-23, nan 
-149.375, 77.375, 2.1033277765582006e-23, nan 
-149.125, 77.375, 2.2912951860058653e-23, nan 
-148.875, 77.375, 2.768739750210985e-23, nan 
-148.625, 77.375, 1.6940785246827293e-23, nan 
-148.375, 77.375, 2.4098797357246645e-23, nan 
-148.125, 77.375, 2.2848628063286105e-23, nan 
-147.875, 77.375, 2.2650755187965648e-23, nan 
-147.625, 77.375, 3.012887003327055e-23, nan 
-147.375, 77.375, 3.5796294386625417e-23, nan 
-147.125, 77.375, 4.187932144213156e-23, nan 
-146.875, 77.375, 3.207209368608121e-23, nan 
-146.625, 77.375, 2.1023978777448818e-23, nan 
-146.375, 77.375, 2.0585349722938898e-23, nan 
-146.125, 77.375, 3.491187134591922e-23, nan 
-145.875, 77.375, 4.04667233816192e-23, nan 
-145.625, 77.375, 2.6043022333805002e-23, nan 
-145.375, 77.375, 2.448772561720755e-23, nan 
-145.125, 77.375, 5.2492107130397605e-23, nan 
-9.375, 77.375, 1.0722599985619805e-24, nan 
-9.125, 77.375, 1.2964014654692203e-24, nan 
-8.875, 77.375, 1.1607221103626447e-24, nan 
-8.625, 77.375, 1.3599241459043579e-24, nan 
-8.375, 77.375, 1.718914649978215e-24, nan 
-8.125, 77.375, 1.7379407829820565e-24, nan 
-7.875, 77.375, 1.6236226322930701e-24, nan 
-7.625, 77.375, 1.7388128891541777e-24, nan 
-7.375, 77.375, 1.820322313165691e-24, nan 
-7.125, 77.375, 1.880404811976624e-24, nan 
-6.875, 77.375, 1.9198250472541928e-24, nan 
-6.625, 77.375, 1.841240123076279e-24, nan 
-6.375, 77.375, 1.7471975924681094e-24, nan 
-6.125, 77.375, 1.7926190866960838e-24, nan 
-5.875, 77.375, 1.5131071417980779e-24, nan 
-5.625, 77.375, 1.241357799016511e-24, nan 
-5.375, 77.375, 1.2735413414422777e-24, nan 
-5.125, 77.375, 9.970404697220972e-25, nan 
-4.875, 77.375, 1.209636416423656e-24, nan 
-4.625, 77.375, 1.0091453667630024e-24, nan 
-4.375, 77.375, 8.516643245983001e-25, nan 
-4.125, 77.375, 1.0975527328218289e-24, nan 
-3.875, 77.375, 9.347006618483068e-25, nan 
-3.625, 77.375, 1.0869106581790404e-24, nan 
-3.375, 77.375, 1.0858736758135482e-24, nan 
-3.125, 77.375, 1.0687513880450897e-24, nan 
-2.875, 77.375, 1.3328475331870213e-24, nan 
-2.625, 77.375, 1.082633250198944e-24, nan 
-2.375, 77.375, 8.446844121422377e-25, nan 
-2.125, 77.375, 9.87765837607906e-25, nan 
-1.875, 77.375, 1.3424439864275045e-24, nan 
-1.625, 77.375, 1.8740273096196095e-24, nan 
-1.375, 77.375, 1.6813210972898107e-24, nan 
-1.125, 77.375, 2.0661858122625535e-24, nan 
-0.875, 77.375, 1.7560828130877517e-24, nan 
-0.625, 77.375, 1.3629049811215544e-24, nan 
-0.375, 77.375, 2.028032448055076e-24, nan 
-0.125, 77.375, 1.831659331088363e-24, nan 
0.125, 77.375, 2.1328466586313342e-24, nan 
0.375, 77.375, 1.6738448190122866e-24, nan 
0.625, 77.375, 2.1336600633466645e-24, nan 
0.875, 77.375, 2.6475746214783756e-24, nan 
1.125, 77.375, 1.5128684012493537e-24, nan 
1.375, 77.375, 1.2150737790114957e-24, nan 
1.625, 77.375, 1.3684394824425236e-24, nan 
1.875, 77.375, 1.1873191695320284e-24, nan 
2.125, 77.375, 1.2842421851134736e-24, nan 
2.375, 77.375, 1.5824510648860207e-24, nan 
2.625, 77.375, 1.6173170669373384e-24, nan 
2.875, 77.375, 2.4216543088454715e-24, nan 
3.125, 77.375, 2.5072174564574568e-24, nan 
3.375, 77.375, 2.037666935720632e-24, nan 
3.625, 77.375, 2.2614729346873145e-24, nan 
3.875, 77.375, 2.27253309698833e-24, nan 
4.125, 77.375, 2.7263887614015763e-24, nan 
4.375, 77.375, 2.9147011502544003e-24, nan 
4.625, 77.375, 4.3635766312879726e-24, nan 
4.875, 77.375, 4.5982997857245264e-24, nan 
5.125, 77.375, 6.414692505944638e-24, nan 
5.375, 77.375, 7.473192057702992e-24, nan 
5.625, 77.375, 5.9378695574482826e-24, nan 
5.875, 77.375, 6.789189530792723e-24, nan 
6.125, 77.375, 5.568964364345684e-24, nan 
6.375, 77.375, 2.27089990875685e-23, nan 
6.625, 77.375, 1.1053730690741423e-23, nan 
6.875, 77.375, 7.590354692056486e-24, nan 
7.125, 77.375, 9.121172388148847e-24, nan 
7.375, 77.375, 5.372750056167021e-24, nan 
7.625, 77.375, 4.1345351236518714e-23, nan 
7.875, 77.375, 4.99089133084122e-24, nan 
8.125, 77.375, 5.616832064841056e-24, nan 
8.375, 77.375, 6.64180387922488e-24, nan 
8.625, 77.375, 3.492841162819519e-24, nan 
8.875, 77.375, 1.9812164047882002e-23, nan 
9.125, 77.375, 3.53424383008831e-24, nan 
9.375, 77.375, 3.4095428437059565e-24, nan 
9.625, 77.375, 4.994193753355365e-24, nan 
9.875, 77.375, 3.185579790042859e-24, nan 
10.125, 77.375, 2.397918059738587e-24, nan 
10.375, 77.375, 2.623107561447707e-24, nan 
10.625, 77.375, 3.423147974292648e-24, nan 
10.875, 77.375, 2.3824115767440438e-24, nan 
11.125, 77.375, 1.7241601339979563e-24, nan 
11.375, 77.375, 2.3355666534330395e-24, nan 
11.625, 77.375, 3.0036945894756044e-24, nan 
11.875, 77.375, 2.911406120453167e-24, nan 
12.125, 77.375, 1.298118419253075e-24, nan 
12.375, 77.375, 9.733409516221837e-25, nan 
12.625, 77.375, 9.268156796470897e-25, nan 
12.875, 77.375, 1.4301085648841908e-24, nan 
13.125, 77.375, 1.5914399222123316e-24, nan 
13.375, 77.375, 1.5771906042170172e-24, nan 
13.625, 77.375, 1.1753086669173403e-24, nan 
13.875, 77.375, 1.204746566440793e-24, nan 
14.125, 77.375, 1.5311208212848589e-24, nan 
14.375, 77.375, 1.4889881548961289e-24, nan 
14.625, 77.375, 7.080090653535947e-25, nan 
14.875, 77.375, 1.7397897997016646e-24, nan 
15.125, 77.375, 1.2929988129730949e-24, nan 
15.375, 77.375, 1.5448176943230261e-24, nan 
15.625, 77.375, 1.891765603530038e-24, nan 
15.875, 77.375, 2.507612690222013e-24, nan 
16.125, 77.375, 1.9040845032302705e-24, nan 
16.375, 77.375, 1.5220064478597141e-24, nan 
16.625, 77.375, 1.6603283159555564e-24, nan 
16.875, 77.375, 1.6995806650863736e-24, nan 
17.125, 77.375, 2.8977052240226285e-24, nan 
17.375, 77.375, 2.0293183290573675e-24, nan 
17.625, 77.375, 2.5153284154879916e-24, nan 
17.875, 77.375, 3.809003712384878e-24, nan 
18.125, 77.375, 6.948669775224368e-24, nan 
18.375, 77.375, 3.708766258345057e-24, nan 
18.625, 77.375, 3.557847680507807e-24, nan 
18.875, 77.375, 3.290521476415148e-24, nan 
19.125, 77.375, 4.8232492311116976e-24, nan 
19.375, 77.375, 5.135758885883005e-24, nan 
19.625, 77.375, 2.9435006594301537e-24, nan 
19.875, 77.375, 2.7577140608645146e-24, nan 
20.125, 77.375, 2.1404890964693855e-24, nan 
20.375, 77.375, 3.1679218591224605e-24, nan 
20.625, 77.375, 3.3695963245186195e-24, nan 
20.875, 77.375, 2.2412642206955247e-24, nan 
21.125, 77.375, 2.2132157311622967e-24, nan 
21.375, 77.375, 1.7797604311374624e-24, nan 
21.625, 77.375, 1.8243071283059284e-24, nan 
21.875, 77.375, 2.0572759315962613e-24, nan 
22.125, 77.375, 1.962389355709074e-24, nan 
22.375, 77.375, 2.4224617368548046e-24, nan 
22.625, 77.375, 2.419527917974128e-24, nan 
22.875, 77.375, 2.628296533558371e-24, nan 
23.125, 77.375, 2.4579201602044283e-24, nan 
23.375, 77.375, 2.1316175254017745e-24, nan 
23.625, 77.375, 4.676169207738889e-24, nan 
23.875, 77.375, 3.807482031063419e-24, nan 
24.125, 77.375, 3.5503664700409915e-24, nan 
24.375, 77.375, 2.683384943563619e-24, nan 
24.625, 77.375, 3.787718428484936e-24, nan 
24.875, 77.375, 2.7464675729491504e-24, nan 
25.125, 77.375, 2.5448692949538994e-24, nan 
25.375, 77.375, 3.774830125508115e-24, nan 
25.625, 77.375, 6.146465969062436e-24, nan 
25.875, 77.375, 3.1450878679332027e-24, nan 
26.125, 77.375, 3.2330959588071685e-24, nan 
26.375, 77.375, 3.5159802970060496e-24, nan 
26.625, 77.375, 4.8350472101876124e-24, nan 
26.875, 77.375, 5.0407204577454695e-24, nan 
27.125, 77.375, 4.621817723073427e-24, nan 
27.375, 77.375, 4.750794556542982e-24, nan 
27.625, 77.375, 1.1259116671334833e-24, nan 
27.875, 77.375, 1.976301367307228e-24, nan 
28.125, 77.375, 4.062772939226819e-24, nan 
28.375, 77.375, 2.655469488072753e-24, nan 
28.625, 77.375, 3.2655231277610155e-24, nan 
28.875, 77.375, 3.662656295437854e-24, nan 
29.125, 77.375, 3.767268569334004e-24, nan 
29.375, 77.375, 3.8044733162036986e-24, nan 
29.625, 77.375, 5.5379843874500954e-24, nan 
29.875, 77.375, 4.298536254186275e-24, nan 
30.125, 77.375, 3.444531444727735e-24, nan 
30.375, 77.375, 3.8014036744200194e-24, nan 
30.625, 77.375, 4.3563398057981334e-24, nan 
30.875, 77.375, 6.1155206797949825e-24, nan 
31.125, 77.375, 4.8317723044815134e-24, nan 
31.375, 77.375, 4.378459373950009e-24, nan 
31.625, 77.375, 4.870388559633422e-24, nan 
31.875, 77.375, 6.103280863384439e-24, nan 
32.125, 77.375, 8.194343969695482e-24, nan 
32.375, 77.375, 5.7177901840532734e-24, nan 
32.625, 77.375, 3.6868533287927546e-24, nan 
32.875, 77.375, 1.8984743268476998e-24, nan 
33.125, 77.375, 1.6955785475587986e-24, nan 
33.375, 77.375, 3.202622428037105e-24, nan 
33.625, 77.375, 4.997104584027892e-24, nan 
33.875, 77.375, 3.882038867460832e-24, nan 
34.125, 77.375, 2.0475832669018604e-24, nan 
34.375, 77.375, 2.6642307933522307e-24, nan 
34.625, 77.375, 3.44793710800278e-24, nan 
34.875, 77.375, 2.477309277079499e-24, nan 
35.125, 77.375, 1.837840608455155e-24, nan 
35.375, 77.375, 2.553141854106053e-24, nan 
35.625, 77.375, 2.8942936921711052e-24, nan 
35.875, 77.375, 3.435255538859389e-24, nan 
36.125, 77.375, 3.475828546143747e-24, nan 
36.375, 77.375, 2.3086690438140975e-24, nan 
36.625, 77.375, 2.653725098887124e-24, nan 
36.875, 77.375, 3.881311636557308e-24, nan 
37.125, 77.375, 4.417467619423198e-24, nan 
37.375, 77.375, 4.208364709477504e-24, nan 
37.625, 77.375, 4.310424182733998e-24, nan 
37.875, 77.375, 6.0254761482733115e-24, nan 
38.125, 77.375, 5.995514956599162e-24, nan 
38.375, 77.375, 5.9513145621354546e-24, nan 
38.625, 77.375, 5.001376214652212e-24, nan 
38.875, 77.375, 4.811701714124487e-24, nan 
39.125, 77.375, 6.856626158799788e-24, nan 
39.375, 77.375, 3.727845326635232e-24, nan 
39.625, 77.375, 4.919130528139808e-24, nan 
39.875, 77.375, 5.42503835971454e-24, nan 
40.125, 77.375, 3.514777799889716e-24, nan 
40.375, 77.375, 2.2377514285370723e-24, nan 
40.625, 77.375, 4.051337520795448e-24, nan 
40.875, 77.375, 4.785823585701774e-24, nan 
41.125, 77.375, 9.066666593309533e-24, nan 
41.375, 77.375, 3.647212863013407e-24, nan 
41.625, 77.375, 5.694781147468697e-24, nan 
41.875, 77.375, 8.809173117299875e-24, nan 
42.125, 77.375, 4.6085086907844964e-24, nan 
42.375, 77.375, 9.089448506236918e-24, nan 
42.625, 77.375, 3.884799993083838e-24, nan 
42.875, 77.375, 4.790859728215297e-24, nan 
43.125, 77.375, 5.949884721637382e-24, nan 
43.375, 77.375, 7.743647060578846e-24, nan 
43.625, 77.375, 7.383745849665076e-24, nan 
43.875, 77.375, 4.753633790187081e-24, nan 
44.125, 77.375, 7.345889804649123e-24, nan 
44.375, 77.375, 4.010593732980691e-24, nan 
44.625, 77.375, 6.983645263071759e-24, nan 
44.875, 77.375, 6.859362704343459e-24, nan 
45.125, 77.375, 8.637201819914846e-24, nan 
45.375, 77.375, 6.079553770657268e-24, nan 
45.625, 77.375, 9.203133815049618e-24, nan 
45.875, 77.375, 5.81684142320521e-24, nan 
46.125, 77.375, 6.37247180968214e-24, nan 
46.375, 77.375, 7.22547644634273e-24, nan 
46.625, 77.375, 5.385388446134828e-24, nan 
46.875, 77.375, 7.259106629022525e-24, nan 
47.125, 77.375, 1.1542704808688875e-23, nan 
47.375, 77.375, 1.0230101139009092e-23, nan 
47.625, 77.375, 1.9512605231838303e-23, nan 
47.875, 77.375, 1.4380219884089478e-23, nan 
48.125, 77.375, 8.8706082202839e-24, nan 
48.375, 77.375, 8.336810918282554e-24, nan 
48.625, 77.375, 1.412837417600286e-23, nan 
48.875, 77.375, 8.616914948830278e-24, nan 
49.125, 77.375, 1.1699721613315705e-23, nan 
49.375, 77.375, 1.0033563679430477e-23, nan 
49.625, 77.375, 1.9622431669603978e-23, nan 
49.875, 77.375, 1.3281074028007523e-23, nan 
50.125, 77.375, 8.177303991848357e-24, nan 
50.375, 77.375, 1.9795254702432155e-23, nan 
50.625, 77.375, 1.3276039560456617e-23, nan 
50.875, 77.375, 2.7279648457916866e-23, nan 
51.125, 77.375, 1.5011829223666028e-23, nan 
51.375, 77.375, 1.0386514896838493e-23, nan 
51.625, 77.375, 3.953288779783393e-23, nan 
51.875, 77.375, 3.4542251173474656e-23, nan 
52.125, 77.375, 1.592081806661112e-23, nan 
52.375, 77.375, 1.9186729040857875e-23, nan 
52.625, 77.375, 3.0587957552416317e-23, nan 
52.875, 77.375, 2.905183673264702e-23, nan 
53.125, 77.375, 2.4016258928249712e-23, nan 
53.375, 77.375, 9.679784711563528e-24, nan 
53.625, 77.375, 8.171101545326687e-24, nan 
53.875, 77.375, 9.569418953811747e-24, nan 
54.125, 77.375, 2.9246582345092303e-23, nan 
54.375, 77.375, 3.9998913697590036e-23, nan 
54.625, 77.375, 1.1588512287410736e-23, nan 
54.875, 77.375, 1.788203552874086e-23, nan 
55.125, 77.375, 2.3250311723959374e-23, nan 
55.375, 77.375, 5.571465364691697e-23, nan 
55.625, 77.375, 7.727863127887022e-23, nan 
55.875, 77.375, 2.765912265986708e-23, nan 
56.125, 77.375, 3.9457585214135957e-23, nan 
56.375, 77.375, 2.0568219943902662e-23, nan 
56.625, 77.375, 3.355087211110582e-23, nan 
56.875, 77.375, 4.4183888184566784e-23, nan 
57.125, 77.375, 6.17394484867888e-23, nan 
57.375, 77.375, 8.337954654754441e-23, nan 
57.625, 77.375, 8.679661526775308e-23, nan 
57.875, 77.375, 9.311121901007619e-23, nan 
58.125, 77.375, 8.916673638761329e-23, nan 
58.375, 77.375, 1.021014578520414e-22, nan 
58.625, 77.375, 1.0970583181344672e-22, nan 
58.875, 77.375, 1.1413804208777742e-22, nan 
59.125, 77.375, 1.0289448553246568e-22, nan 
59.375, 77.375, 8.390723528937707e-23, nan 
59.625, 77.375, 6.773483702582558e-23, nan 
59.875, 77.375, 7.065758189869477e-23, nan 
60.125, 77.375, 4.218142075052528e-23, nan 
60.375, 77.375, 1.2271933278480227e-22, nan 
60.625, 77.375, 1.1479290284412787e-22, nan 
60.875, 77.375, 7.325912404210186e-23, nan 
61.125, 77.375, 6.347349178712776e-23, nan 
61.375, 77.375, 5.944610296792298e-23, nan 
61.625, 77.375, 1.0361515320727729e-22, nan 
61.875, 77.375, 9.449024535215556e-23, nan 
62.125, 77.375, 8.096559335550375e-23, nan 
62.375, 77.375, 6.512741283556495e-23, nan 
62.625, 77.375, 4.7609498183038865e-23, nan 
62.875, 77.375, 3.765489158274272e-23, nan 
63.125, 77.375, 2.0337019987896893e-23, nan 
63.375, 77.375, 2.060399009468123e-23, nan 
63.625, 77.375, 3.2415729141728315e-23, nan 
63.875, 77.375, 2.9194516016909913e-23, nan 
64.125, 77.375, 3.2625849450297787e-23, nan 
64.375, 77.375, 1.1390175351233631e-23, nan 
64.625, 77.375, 2.3631744158770354e-23, nan 
64.875, 77.375, 2.802620434258461e-23, nan 
65.125, 77.375, 3.140733848541465e-23, nan 
65.375, 77.375, 1.592043785003672e-23, nan 
65.625, 77.375, 3.2092835471160546e-23, nan 
65.875, 77.375, 1.8585662886740987e-23, nan 
66.125, 77.375, 2.74061781331472e-23, nan 
66.375, 77.375, 4.1522325205819886e-23, nan 
66.625, 77.375, 2.442559272166006e-23, nan 
66.875, 77.375, 2.264889511415141e-23, nan 
67.125, 77.375, 4.708584055892529e-23, nan 
67.375, 77.375, 2.659643855453956e-23, nan 
67.625, 77.375, 5.030697674047648e-23, nan 
67.875, 77.375, 3.112976594405958e-23, nan 
68.125, 77.375, 5.950043381059235e-23, nan 
68.375, 77.375, 9.829978841027767e-23, nan 
68.625, 77.375, 6.099423695331429e-23, nan 
68.875, 77.375, 5.185362411871128e-23, nan 
69.125, 77.375, 5.152220829922142e-23, nan 
69.375, 77.375, 4.0852035801024926e-23, nan 
69.625, 77.375, 6.133225668318268e-23, nan 
69.875, 77.375, 7.338658002689846e-23, nan 
70.125, 77.375, 6.219829586731299e-23, nan 
70.375, 77.375, 6.65109985379962e-23, nan 
70.625, 77.375, 6.919630766636446e-23, nan 
70.875, 77.375, 3.5687496956524046e-23, nan 
71.125, 77.375, 4.4470039915868376e-23, nan 
71.375, 77.375, 6.863149007438518e-23, nan 
71.625, 77.375, 5.847591459712436e-23, nan 
71.875, 77.375, 1.0954364763793646e-22, nan 
72.125, 77.375, 5.076654884272609e-23, nan 
72.375, 77.375, 7.206683167153517e-23, nan 
72.625, 77.375, 1.0235833093370114e-22, nan 
72.875, 77.375, 7.025284449243757e-23, nan 
73.125, 77.375, 8.168623039092627e-23, nan 
73.375, 77.375, 8.162905185537215e-23, nan 
73.625, 77.375, 1.1147106275906156e-22, nan 
73.875, 77.375, 1.1331972965729391e-22, nan 
74.125, 77.375, 7.189955648793106e-23, nan 
74.375, 77.375, 8.710793511272011e-23, nan 
74.625, 77.375, 1.091163489212716e-22, nan 
74.875, 77.375, 9.685615565253507e-23, nan 
75.125, 77.375, 9.209949905253364e-23, nan 
75.375, 77.375, 1.384275641932613e-22, nan 
75.625, 77.375, 9.518988825798033e-23, nan 
75.875, 77.375, 1.8769283963567992e-22, nan 
76.125, 77.375, 1.192514614862417e-22, nan 
76.375, 77.375, 1.3610055966912274e-22, nan 
76.625, 77.375, 1.518447403957545e-22, nan 
76.875, 77.375, 1.8838565089348941e-22, nan 
77.125, 77.375, 2.0886898438344059e-22, nan 
77.375, 77.375, 2.1675907863257277e-22, nan 
77.625, 77.375, 1.6686403287645477e-22, nan 
77.875, 77.375, 1.5375077610171862e-22, nan 
78.125, 77.375, 1.7734689094509894e-22, nan 
78.375, 77.375, 1.9174330538316132e-22, nan 
78.625, 77.375, 2.3300286016539156e-22, nan 
78.875, 77.375, 2.264585210558845e-22, nan 
79.125, 77.375, 1.1513051378640653e-22, nan 
79.375, 77.375, 1.4221232438100523e-22, nan 
79.625, 77.375, 1.6647529573362699e-22, nan 
79.875, 77.375, 1.7867874899120323e-22, nan 
80.125, 77.375, 2.322183114674603e-22, nan 
80.375, 77.375, 1.4050347805889794e-22, nan 
80.625, 77.375, 3.025611296919524e-22, nan 
80.875, 77.375, 2.6195499421886216e-22, nan 
81.125, 77.375, 2.245252879534418e-22, nan 
81.375, 77.375, 3.175262036362222e-22, nan 
81.625, 77.375, 3.304772801406304e-22, nan 
81.875, 77.375, 4.742055632914308e-22, nan 
82.125, 77.375, 5.790151440290525e-22, nan 
82.375, 77.375, 2.4820233185636537e-22, nan 
82.625, 77.375, 3.715073167228189e-22, nan 
82.875, 77.375, 4.250036314585008e-22, nan 
83.125, 77.375, 5.532260312815729e-22, nan 
83.375, 77.375, 3.649154369667464e-22, nan 
83.625, 77.375, 5.321705008984115e-22, nan 
83.875, 77.375, 3.6553259609652112e-22, nan 
84.125, 77.375, 3.8384281016594937e-22, nan 
84.375, 77.375, 3.798090647326106e-22, nan 
84.625, 77.375, 8.540181196390737e-22, nan 
84.875, 77.375, 1.0786470738615938e-21, nan 
85.125, 77.375, 1.3255768085485972e-21, nan 
85.375, 77.375, 1.826593688795786e-21, nan 
85.625, 77.375, 1.9811619872900386e-21, nan 
85.875, 77.375, 1.9161815073333847e-21, nan 
86.125, 77.375, 2.053316028039978e-21, nan 
86.375, 77.375, 2.2465268078880963e-21, nan 
86.625, 77.375, 3.413858494994035e-21, nan 
86.875, 77.375, 3.341364444751719e-21, nan 
87.125, 77.375, 2.968850635635982e-21, nan 
87.375, 77.375, 5.0334563679355476e-21, nan 
87.625, 77.375, 8.890946473974145e-21, nan 
87.875, 77.375, 1.3344521116610885e-20, nan 
88.125, 77.375, 1.3341204881231833e-20, nan 
88.375, 77.375, 1.0728438416126227e-20, nan 
88.625, 77.375, 8.241541133568162e-21, nan 
88.875, 77.375, 1.0605594922275949e-20, nan 
89.125, 77.375, 1.2131321253088898e-20, nan 
89.375, 77.375, 1.1911055826816202e-20, nan 
89.625, 77.375, 1.1810859126135786e-20, nan 
89.875, 77.375, 1.2982845480332205e-20, nan 
90.125, 77.375, 1.1482568591280568e-20, nan 
90.375, 77.375, 1.1916893578703761e-20, nan 
90.625, 77.375, 9.3919534025218e-21, nan 
90.875, 77.375, 9.888129655164472e-21, nan 
91.125, 77.375, 1.0806029228670099e-20, nan 
91.375, 77.375, 1.0274721683038692e-20, nan 
91.625, 77.375, 7.883924732425537e-21, nan 
91.875, 77.375, 7.530853096207589e-21, nan 
92.125, 77.375, 6.0260766162458366e-21, nan 
92.375, 77.375, 5.96127940001833e-21, nan 
92.625, 77.375, 6.134019990446231e-21, nan 
92.875, 77.375, 4.89380215486085e-21, nan 
93.125, 77.375, 3.2902555785621406e-21, nan 
93.375, 77.375, 2.410919932134769e-21, nan 
93.625, 77.375, 3.5595163912640044e-21, nan 
93.875, 77.375, 7.22078010405389e-21, nan 
94.125, 77.375, 6.568865908492425e-21, nan 
94.375, 77.375, 7.196476229298914e-21, nan 
94.625, 77.375, 6.4173092775496645e-21, nan 
94.875, 77.375, 6.791642722066369e-21, nan 
95.125, 77.375, 7.53501951745996e-21, nan 
95.375, 77.375, 8.429829614973363e-21, nan 
95.625, 77.375, 8.99094600352053e-21, nan 
95.875, 77.375, 9.549084916579389e-21, nan 
96.125, 77.375, 9.133318439655206e-21, nan 
96.375, 77.375, 9.623462517313663e-21, nan 
96.625, 77.375, 1.0288074629164232e-20, nan 
96.875, 77.375, 9.296641619047443e-21, nan 
97.125, 77.375, 9.621896436443365e-21, nan 
97.375, 77.375, 5.758073224033052e-21, nan 
97.625, 77.375, 6.012245343292116e-21, nan 
97.875, 77.375, 5.428120045188208e-21, nan 
98.125, 77.375, 5.660831537661894e-21, nan 
98.375, 77.375, 5.199337935499978e-21, nan 
98.625, 77.375, 5.774885766325645e-21, nan 
98.875, 77.375, 4.027718724334752e-21, nan 
99.125, 77.375, 5.9564568736168015e-21, nan 
99.375, 77.375, 7.492205302550155e-21, nan 
99.625, 77.375, 8.200309147698594e-21, nan 
99.875, 77.375, 9.551679580349947e-21, nan 
100.125, 77.375, 8.25930223227572e-21, nan 
100.375, 77.375, 1.0363996568590338e-20, nan 
100.625, 77.375, 1.1334319462709073e-20, nan 
100.875, 77.375, 8.34950961944895e-21, nan 
101.125, 77.375, 1.37203569444056e-20, nan 
101.375, 77.375, 1.2027680538288376e-20, nan 
101.625, 77.375, 1.7274701307529275e-20, nan 
101.875, 77.375, 1.1620435775826915e-20, nan 
102.125, 77.375, 8.51790031778156e-21, nan 
102.375, 77.375, 1.1169986174564262e-20, nan 
102.625, 77.375, 1.1402795635526502e-20, nan 
102.875, 77.375, 1.4636223873774253e-20, nan 
103.125, 77.375, 1.3075833122704242e-20, nan 
103.375, 77.375, 1.3849601831008655e-20, nan 
103.625, 77.375, 1.2237116383576403e-20, nan 
103.875, 77.375, 9.992906811903767e-21, nan 
104.125, 77.375, 1.1457624372372937e-20, nan 
104.375, 77.375, 1.206340753648163e-20, nan 
104.625, 77.375, 1.0549380874876823e-20, nan 
104.875, 77.375, 1.1556395780777557e-20, nan 
105.125, 77.375, 7.607631601263089e-21, nan 
105.375, 77.375, 8.801142205628684e-21, nan 
105.625, 77.375, 9.386570125131682e-21, nan 
105.875, 77.375, 1.2402788854878366e-20, nan 
106.125, 77.375, 1.0545938357438544e-20, nan 
106.375, 77.375, 1.2078373325929235e-20, nan 
106.625, 77.375, 9.793111648409798e-21, nan 
106.875, 77.375, 1.0122935478566654e-20, nan 
107.125, 77.375, 1.1919845933580085e-20, nan 
107.375, 77.375, 9.579247179883984e-21, nan 
107.625, 77.375, 6.968084698807599e-21, nan 
107.875, 77.375, 5.255425034309962e-21, nan 
108.125, 77.375, 7.47382290627438e-21, nan 
108.375, 77.375, 1.7515035721896903e-20, nan 
108.625, 77.375, 1.5739109274162098e-20, nan 
108.875, 77.375, 1.2407354428914592e-20, nan 
109.125, 77.375, 1.3595641270273073e-20, nan 
109.375, 77.375, 1.974851260264656e-20, nan 
109.625, 77.375, 1.1978609699155594e-20, nan 
109.875, 77.375, 1.884021577202889e-20, nan 
110.125, 77.375, 1.9031262646133757e-20, nan 
110.375, 77.375, 3.249513086442097e-20, nan 
110.625, 77.375, 5.367387746874092e-20, nan 
110.875, 77.375, 3.689337843263713e-20, nan 
111.125, 77.375, 3.7592117375764484e-20, nan 
111.375, 77.375, 6.33381402812165e-20, nan 
111.625, 77.375, 6.543282487609465e-20, nan 
111.875, 77.375, 4.5803937348914914e-20, nan 
112.125, 77.375, 2.512300763586198e-20, nan 
112.375, 77.375, 2.950011659324414e-20, nan 
112.625, 77.375, 2.402161877521182e-20, nan 
112.875, 77.375, 1.7074254047671723e-20, nan 
113.125, 77.375, 2.777653436718713e-20, nan 
113.375, 77.375, 3.2951453065826705e-20, nan 
113.625, 77.375, 2.7095065831509437e-20, nan 
113.875, 77.375, 8.3731219872164e-21, nan 
114.125, 77.375, 2.929149103931199e-20, nan 
114.375, 77.375, 3.543229465284399e-20, nan 
114.625, 77.375, 2.783560147921218e-20, nan 
114.875, 77.375, 2.9581369965657584e-20, nan 
115.125, 77.375, 2.818265062381177e-20, nan 
115.375, 77.375, 5.260849898237819e-20, nan 
115.625, 77.375, 5.009185848651845e-20, nan 
115.875, 77.375, 3.8264952932991267e-20, nan 
116.125, 77.375, 4.9151073789892966e-20, nan 
116.375, 77.375, 8.004215001904872e-20, nan 
116.625, 77.375, 1.0413242539603772e-19, nan 
116.875, 77.375, 9.915499092266341e-20, nan 
117.125, 77.375, 8.162016187940659e-20, nan 
117.375, 77.375, 6.134503090648213e-20, nan 
117.625, 77.375, 1.0981493995984928e-19, nan 
117.875, 77.375, 1.267762780119902e-19, nan 
118.125, 77.375, 9.673506978409923e-20, nan 
118.375, 77.375, 8.714580382221554e-20, nan 
118.625, 77.375, 7.238238124554656e-20, nan 
118.875, 77.375, 6.805773966132347e-20, nan 
119.125, 77.375, 8.064840890368385e-20, nan 
119.375, 77.375, 6.839938056696862e-20, nan 
119.625, 77.375, 4.4918678044704414e-20, nan 
119.875, 77.375, 3.650078360328587e-20, nan 
120.125, 77.375, 4.0458843667760665e-20, nan 
120.375, 77.375, 4.647633650776491e-20, nan 
120.625, 77.375, 3.070603173729098e-20, nan 
120.875, 77.375, 1.3416785179313608e-20, nan 
121.125, 77.375, 3.488293690640233e-20, nan 
121.375, 77.375, 4.659858667949037e-20, nan 
121.625, 77.375, 5.160818974165797e-20, nan 
121.875, 77.375, 4.396524294669913e-20, nan 
122.125, 77.375, 2.885273862355941e-20, nan 
122.375, 77.375, 2.769427618406331e-20, nan 
122.625, 77.375, 4.454553998787283e-20, nan 
122.875, 77.375, 5.19797353686838e-20, nan 
123.125, 77.375, 4.7352039112119375e-20, nan 
123.375, 77.375, 3.396273868607483e-20, nan 
123.625, 77.375, 1.605581704954161e-20, nan 
123.875, 77.375, 4.8361684311823133e-20, nan 
124.125, 77.375, 6.394049866226389e-20, nan 
124.375, 77.375, 5.568483703981789e-20, nan 
124.625, 77.375, 4.898082544368513e-20, nan 
124.875, 77.375, 2.1894046517500083e-20, nan 
125.125, 77.375, 2.1269999192545655e-20, nan 
125.375, 77.375, 2.5815425643839792e-20, nan 
125.625, 77.375, 2.7336305224093993e-20, nan 
125.875, 77.375, 2.5214416256215167e-20, nan 
126.125, 77.375, 2.4648849583406214e-20, nan 
126.375, 77.375, 2.2899142170553713e-20, nan 
126.625, 77.375, 1.7450598485841722e-20, nan 
126.875, 77.375, 1.1971517301247386e-20, nan 
127.125, 77.375, 1.78919925535454e-20, nan 
127.375, 77.375, 2.3190454984796603e-20, nan 
127.625, 77.375, 9.31348781715466e-21, nan 
127.875, 77.375, 1.6293574579222872e-20, nan 
128.125, 77.375, 1.5675703676523812e-20, nan 
128.375, 77.375, 8.80611659418232e-21, nan 
128.625, 77.375, 6.210229383540289e-21, nan 
128.875, 77.375, 3.87610639289222e-21, nan 
129.125, 77.375, 2.8781107857228813e-21, nan 
129.375, 77.375, 4.69431655300005e-21, nan 
129.625, 77.375, 4.7667431855894854e-21, nan 
129.875, 77.375, 3.9159132882985086e-21, nan 
130.125, 77.375, 5.3305678232285874e-21, nan 
130.375, 77.375, 4.2380844374742154e-21, nan 
130.625, 77.375, 2.9001904785326805e-21, nan 
130.875, 77.375, 2.6823939117491608e-21, nan 
131.125, 77.375, 3.454754167748506e-21, nan 
131.375, 77.375, 3.559179596012876e-21, nan 
131.625, 77.375, 2.329064873447468e-21, nan 
131.875, 77.375, 3.2194615673315314e-21, nan 
132.125, 77.375, 2.6606497252584135e-21, nan 
132.375, 77.375, 2.9748205921934556e-21, nan 
132.625, 77.375, 3.22481229043045e-21, nan 
132.875, 77.375, 4.3262690769976115e-21, nan 
133.125, 77.375, 3.818844842214595e-21, nan 
133.375, 77.375, 2.6760198042521453e-21, nan 
133.625, 77.375, 2.2228844690190637e-21, nan 
133.875, 77.375, 2.230094999072289e-21, nan 
134.125, 77.375, 4.342105552106988e-21, nan 
134.375, 77.375, 3.730607035715885e-21, nan 
134.625, 77.375, 2.5060756917169145e-21, nan 
134.875, 77.375, 2.196408568227845e-21, nan 
135.125, 77.375, 2.0401930677458475e-21, nan 
135.375, 77.375, 3.8868127857814294e-21, nan 
135.625, 77.375, 1.7906121830838114e-21, nan 
135.875, 77.375, 1.6192990450293636e-21, nan 
136.125, 77.375, 2.955241223235171e-21, nan 
136.375, 77.375, 4.024525158474962e-21, nan 
136.625, 77.375, 3.2871462133935678e-21, nan 
136.875, 77.375, 3.094189662887462e-21, nan 
137.125, 77.375, 1.6190812098812092e-21, nan 
137.375, 77.375, 2.7547968987530312e-21, nan 
137.625, 77.375, 4.097368205922171e-21, nan 
137.875, 77.375, 2.6372112076293966e-21, nan 
138.125, 77.375, 2.109512524568812e-21, nan 
138.375, 77.375, 1.0407170751932744e-21, nan 
138.625, 77.375, 9.873920942167021e-22, nan 
138.875, 77.375, 1.804191905709146e-21, nan 
139.125, 77.375, 2.9062315589665817e-21, nan 
139.375, 77.375, 2.494695379145001e-21, nan 
139.625, 77.375, 2.3224733218196103e-21, nan 
139.875, 77.375, 2.6042632073593127e-21, nan 
140.125, 77.375, 2.0923834168315377e-21, nan 
140.375, 77.375, 6.544690870899961e-21, nan 
140.625, 77.375, 1.9201428069007837e-21, nan 
140.875, 77.375, 1.8891571230978976e-21, nan 
141.125, 77.375, 1.9226186754765646e-21, nan 
141.375, 77.375, 1.5063773538345624e-21, nan 
141.625, 77.375, 3.543902998320113e-21, nan 
141.875, 77.375, 1.4222922770732883e-21, nan 
142.125, 77.375, 1.2704259713362396e-21, nan 
142.375, 77.375, 1.024307175585116e-21, nan 
142.625, 77.375, 1.170127414239442e-21, nan 
142.875, 77.375, 9.627302132702035e-22, nan 
143.125, 77.375, 8.840480248511753e-22, nan 
143.375, 77.375, 7.093196640212231e-22, nan 
143.625, 77.375, 5.672213601444612e-22, nan 
143.875, 77.375, 7.159646584489585e-22, nan 
144.125, 77.375, 3.6783364947466765e-22, nan 
144.375, 77.375, 1.897323200254901e-22, nan 
144.625, 77.375, 4.1525037289179406e-22, nan 
144.875, 77.375, 3.681184778610677e-22, nan 
145.125, 77.375, 3.8005218025234805e-22, nan 
145.375, 77.375, 2.770971533283981e-22, nan 
145.625, 77.375, 2.15235162071092e-22, nan 
145.875, 77.375, 3.8471591501552335e-22, nan 
146.125, 77.375, 3.455336896422431e-22, nan 
146.375, 77.375, 3.215768752018178e-22, nan 
146.625, 77.375, 2.620856742944516e-22, nan 
146.875, 77.375, 3.3526824043668014e-22, nan 
147.125, 77.375, 2.7320697546644825e-22, nan 
147.375, 77.375, 2.686064661573603e-22, nan 
147.625, 77.375, 2.658915757962375e-22, nan 
147.875, 77.375, 2.0193018595584935e-22, nan 
148.125, 77.375, 2.5758991897709487e-22, nan 
148.375, 77.375, 1.4435657322328062e-22, nan 
148.625, 77.375, 1.474701451090749e-22, nan 
148.875, 77.375, 1.1296296472999184e-22, nan 
149.125, 77.375, 1.598322619601637e-22, nan 
149.375, 77.375, 1.320445709843193e-22, nan 
149.625, 77.375, 2.229913963242029e-22, nan 
149.875, 77.375, 2.897785461173403e-22, nan 
150.125, 77.375, 2.5765811014518224e-22, nan 
150.375, 77.375, 3.50528731030614e-22, nan 
150.625, 77.375, 3.1571466930681344e-22, nan 
150.875, 77.375, 2.9878564537154147e-22, nan 
151.125, 77.375, 1.6799501518725693e-22, nan 
151.375, 77.375, 1.2100859437904814e-22, nan 
151.625, 77.375, 1.8932818696143813e-22, nan 
151.875, 77.375, 1.7890876122660071e-22, nan 
152.125, 77.375, 2.243011324209769e-22, nan 
152.375, 77.375, 1.6967406709828527e-22, nan 
152.625, 77.375, 1.7586967360454177e-22, nan 
152.875, 77.375, 1.305051669229747e-22, nan 
153.125, 77.375, 2.0106171805039304e-22, nan 
153.375, 77.375, 2.2098929795399396e-22, nan 
153.625, 77.375, 2.921006343585962e-22, nan 
153.875, 77.375, 2.887319230348054e-22, nan 
154.125, 77.375, 1.8020019227696182e-22, nan 
154.375, 77.375, 1.7998315281959442e-22, nan 
154.625, 77.375, 1.8289660193741835e-22, nan 
154.875, 77.375, 2.0550587706387775e-22, nan 
155.125, 77.375, 1.7451042832615084e-22, nan 
155.375, 77.375, 1.2210076586496236e-22, nan 
155.625, 77.375, 1.1679074682680413e-22, nan 
155.875, 77.375, 1.0722030615084177e-22, nan 
156.125, 77.375, 9.420374123707508e-23, nan 
156.375, 77.375, 5.969788953510976e-23, nan 
156.625, 77.375, 5.340335348739293e-23, nan 
156.875, 77.375, 9.206635767805186e-23, nan 
157.125, 77.375, 1.188572999684169e-22, nan 
157.375, 77.375, 1.3535982342029453e-22, nan 
157.625, 77.375, 1.1836073614728356e-22, nan 
157.875, 77.375, 1.4404948556065994e-22, nan 
158.125, 77.375, 1.8601403482863276e-22, nan 
158.375, 77.375, 1.5459053465681787e-22, nan 
158.625, 77.375, 1.3931404695769104e-22, nan 
158.875, 77.375, 1.2135096609848748e-22, nan 
159.125, 77.375, 1.5279139572413446e-22, nan 
159.375, 77.375, 2.1400491609333287e-22, nan 
159.625, 77.375, 1.8268421661795387e-22, nan 
159.875, 77.375, 1.5003568876218698e-22, nan 
160.125, 77.375, 1.0603212620981254e-22, nan 
160.375, 77.375, 1.1524462138715726e-22, nan 
160.625, 77.375, 1.1782223499186018e-22, nan 
160.875, 77.375, 1.3105292318599549e-22, nan 
161.125, 77.375, 1.1117943298824913e-22, nan 
161.375, 77.375, 1.030473373407461e-22, nan 
161.625, 77.375, 2.4706440065471366e-22, nan 
161.875, 77.375, 3.2957834737427977e-22, nan 
162.125, 77.375, 3.115622015429141e-22, nan 
162.375, 77.375, 2.7990520880884957e-22, nan 
162.625, 77.375, 2.5176782687511647e-22, nan 
162.875, 77.375, 1.6389214182479533e-22, nan 
163.125, 77.375, 1.2823139402756797e-22, nan 
163.375, 77.375, 1.2165088437174714e-22, nan 
163.625, 77.375, 1.2844310796466366e-22, nan 
163.875, 77.375, 1.8608839846119073e-22, nan 
164.125, 77.375, 1.6255246249084557e-22, nan 
164.375, 77.375, 1.8868177560686078e-22, nan 
164.625, 77.375, 1.8210394423575976e-22, nan 
164.875, 77.375, 1.1265519709530688e-22, nan 
165.125, 77.375, 8.748351237744687e-23, nan 
165.375, 77.375, 1.1652374860461178e-22, nan 
165.625, 77.375, 1.3087616808319775e-22, nan 
165.875, 77.375, 1.0723787096824956e-22, nan 
166.125, 77.375, 8.46698519473527e-23, nan 
166.375, 77.375, 9.463245771413786e-23, nan 
166.625, 77.375, 1.1517834989026673e-22, nan 
166.875, 77.375, 1.3518082897823615e-22, nan 
167.125, 77.375, 1.330307203106013e-22, nan 
167.375, 77.375, 9.867015540045004e-23, nan 
167.625, 77.375, 1.091907371973193e-22, nan 
167.875, 77.375, 1.0789309333780051e-22, nan 
168.125, 77.375, 7.08018625160375e-23, nan 
168.375, 77.375, 5.967872480815012e-23, nan 
168.625, 77.375, 4.536743704776827e-23, nan 
168.875, 77.375, 5.384986226428469e-23, nan 
169.125, 77.375, 6.016419411083512e-23, nan 
169.375, 77.375, 5.974357093804125e-23, nan 
169.625, 77.375, 5.2313238142831036e-23, nan 
169.875, 77.375, 6.340128141296628e-23, nan 
170.125, 77.375, 5.289013716534338e-23, nan 
170.375, 77.375, 6.325829944132278e-23, nan 
170.625, 77.375, 9.087143315303026e-23, nan 
170.875, 77.375, 9.298140405211549e-23, nan 
171.125, 77.375, 8.639074497596543e-23, nan 
171.375, 77.375, 7.337671821604842e-23, nan 
171.625, 77.375, 7.384127532721065e-23, nan 
171.875, 77.375, 8.987505707509822e-23, nan 
172.125, 77.375, 7.109932099173795e-23, nan 
172.375, 77.375, 4.565420660909443e-23, nan 
172.625, 77.375, 5.605961849252698e-23, nan 
172.875, 77.375, 3.847265851444056e-23, nan 
173.125, 77.375, 4.032227137026203e-23, nan 
173.375, 77.375, 2.955970541411147e-23, nan 
173.625, 77.375, 2.2434818545501828e-23, nan 
173.875, 77.375, 5.535004670233145e-23, nan 
174.125, 77.375, 5.962672634945379e-23, nan 
174.375, 77.375, 6.742563725585873e-23, nan 
174.625, 77.375, 6.484156050615622e-23, nan 
174.875, 77.375, 3.812113507602514e-23, nan 
175.125, 77.375, 3.6738887359637677e-23, nan 
175.375, 77.375, 4.363351762153773e-23, nan 
175.625, 77.375, 4.166197162203144e-23, nan 
175.875, 77.375, 4.1240672419574826e-23, nan 
176.125, 77.375, 4.1527615423515133e-23, nan 
176.375, 77.375, 3.4548946414776616e-23, nan 
176.625, 77.375, 3.3760008405120246e-23, nan 
176.875, 77.375, 2.2915670514868342e-23, nan 
177.125, 77.375, 3.234290652841076e-23, nan 
177.375, 77.375, 5.522881575288424e-23, nan 
177.625, 77.375, 4.716179143761984e-23, nan 
177.875, 77.375, 3.6664912958194123e-23, nan 
178.125, 77.375, 2.0243511191172557e-23, nan 
178.375, 77.375, 1.697772236636566e-23, nan 
178.625, 77.375, 2.926057419437519e-23, nan 
178.875, 77.375, 3.329104041412083e-23, nan 
179.125, 77.375, 2.988874542065761e-23, nan 
179.375, 77.375, 2.649300332467098e-23, nan 
179.625, 77.375, 2.3410846804336022e-23, nan 
179.875, 77.375, 2.2161333107271436e-23, nan 
-179.875, 77.625, 1.700546336568184e-23, nan 
-179.625, 77.625, 2.2112264259209292e-23, nan 
-179.375, 77.625, 2.4758622870781552e-23, nan 
-179.125, 77.625, 2.227001339878757e-23, nan 
-178.875, 77.625, 3.1785502377550244e-23, nan 
-178.625, 77.625, 5.667592411936452e-23, nan 
-178.375, 77.625, 5.346353020094831e-23, nan 
-178.125, 77.625, 5.381232051348145e-23, nan 
-177.875, 77.625, 2.772281310350879e-23, nan 
-177.625, 77.625, 2.5101440502511896e-23, nan 
-177.375, 77.625, 6.369606141613624e-23, nan 
-177.125, 77.625, 6.365586125619706e-23, nan 
-176.875, 77.625, 6.668595345498227e-23, nan 
-176.625, 77.625, 2.6834401873264003e-23, nan 
-176.375, 77.625, 1.8055151022904948e-23, nan 
-176.125, 77.625, 3.5361670493471406e-23, nan 
-175.875, 77.625, 4.9443329647952054e-23, nan 
-175.625, 77.625, 2.2719265812020745e-23, nan 
-175.375, 77.625, 2.8853605293263075e-23, nan 
-175.125, 77.625, 3.669997778463035e-23, nan 
-174.875, 77.625, 4.656470718187895e-23, nan 
-174.625, 77.625, 4.5038631095301965e-23, nan 
-174.375, 77.625, 4.725647544559922e-23, nan 
-174.125, 77.625, 3.803408481428021e-23, nan 
-173.875, 77.625, 4.505005303673361e-23, nan 
-173.625, 77.625, 4.790798604432004e-23, nan 
-173.375, 77.625, 5.0070440696690005e-23, nan 
-173.125, 77.625, 5.589014032721291e-23, nan 
-172.875, 77.625, 5.586608914915619e-23, nan 
-172.625, 77.625, 7.333998395249378e-23, nan 
-172.375, 77.625, 8.937995658589587e-23, nan 
-172.125, 77.625, 5.456942233645263e-23, nan 
-171.875, 77.625, 2.2364071381612533e-23, nan 
-171.625, 77.625, 5.197068984964431e-23, nan 
-171.375, 77.625, 7.239886919333555e-23, nan 
-171.125, 77.625, 6.383881825344359e-23, nan 
-170.875, 77.625, 3.2652031874793277e-23, nan 
-170.625, 77.625, 2.1278671562710364e-23, nan 
-170.375, 77.625, 2.3472433796256368e-23, nan 
-170.125, 77.625, 1.975038150986729e-23, nan 
-169.875, 77.625, 1.7697558885059778e-23, nan 
-169.625, 77.625, 1.607723894170565e-23, nan 
-169.375, 77.625, 4.778138058741378e-23, nan 
-169.125, 77.625, 6.47722427140132e-23, nan 
-168.875, 77.625, 4.149466923620256e-23, nan 
-168.625, 77.625, 4.51609836209506e-23, nan 
-168.375, 77.625, 4.7249488474065443e-23, nan 
-168.125, 77.625, 5.0435298817661605e-23, nan 
-167.875, 77.625, 4.767779560953267e-23, nan 
-167.625, 77.625, 6.765540976523979e-23, nan 
-167.375, 77.625, 6.6097080642288e-23, nan 
-167.125, 77.625, 5.155255519728143e-23, nan 
-166.875, 77.625, 4.7367809371250077e-23, nan 
-166.625, 77.625, 3.061341388932598e-23, nan 
-166.375, 77.625, 2.7811729190406143e-23, nan 
-166.125, 77.625, 2.9583992722786485e-23, nan 
-165.875, 77.625, 5.220587178218271e-23, nan 
-165.625, 77.625, 2.1155405379388112e-23, nan 
-165.375, 77.625, 7.08682788745102e-24, nan 
-165.125, 77.625, 8.804350343030778e-24, nan 
-164.875, 77.625, 1.5783941725173452e-23, nan 
-164.625, 77.625, 2.576646470310611e-23, nan 
-164.375, 77.625, 2.605594526234235e-23, nan 
-164.125, 77.625, 2.3039603503086636e-23, nan 
-163.875, 77.625, 2.5490436557995422e-23, nan 
-163.625, 77.625, 3.229256300076175e-23, nan 
-163.375, 77.625, 2.5216875458720213e-23, nan 
-163.125, 77.625, 1.9842661210463574e-23, nan 
-162.875, 77.625, 1.7675530966314095e-23, nan 
-162.625, 77.625, 1.6679290803162905e-23, nan 
-162.375, 77.625, 1.8901441514384746e-23, nan 
-162.125, 77.625, 1.8721637117181615e-23, nan 
-161.875, 77.625, 1.9106484266227377e-23, nan 
-161.625, 77.625, 2.1839418225470396e-23, nan 
-161.375, 77.625, 2.4102853797479605e-23, nan 
-161.125, 77.625, 2.1088870241377457e-23, nan 
-160.875, 77.625, 2.1587020523579575e-23, nan 
-160.625, 77.625, 1.942585747277333e-23, nan 
-160.375, 77.625, 2.2149150029149914e-23, nan 
-160.125, 77.625, 2.4760486839100514e-23, nan 
-159.875, 77.625, 2.0780274237677512e-23, nan 
-159.625, 77.625, 1.8912104235639195e-23, nan 
-159.375, 77.625, 1.533855263820417e-23, nan 
-159.125, 77.625, 1.503430281331783e-23, nan 
-158.875, 77.625, 5.9279290459820386e-24, nan 
-158.625, 77.625, 4.459024731357936e-24, nan 
-158.375, 77.625, 3.646004486544524e-24, nan 
-158.125, 77.625, 3.531005536394388e-24, nan 
-157.875, 77.625, 9.473388234199184e-24, nan 
-157.625, 77.625, 4.875660812609327e-24, nan 
-157.375, 77.625, 4.3872150571268595e-24, nan 
-157.125, 77.625, 3.155113791261312e-24, nan 
-156.875, 77.625, 6.525525082368307e-24, nan 
-156.625, 77.625, 7.528620975848816e-24, nan 
-156.375, 77.625, 7.651950082610982e-24, nan 
-156.125, 77.625, 6.4104089647017914e-24, nan 
-155.875, 77.625, 1.1788548747773568e-23, nan 
-155.625, 77.625, 1.560039394773719e-23, nan 
-155.375, 77.625, 1.7891953356766527e-23, nan 
-155.125, 77.625, 1.4229854986688876e-23, nan 
-154.875, 77.625, 1.2977392861793897e-23, nan 
-154.625, 77.625, 1.7208993653783328e-23, nan 
-154.375, 77.625, 1.7626911948789194e-23, nan 
-154.125, 77.625, 2.4795152533652897e-23, nan 
-153.875, 77.625, 2.0648813471504328e-23, nan 
-153.625, 77.625, 1.6305144773485635e-23, nan 
-153.375, 77.625, 1.3584831411470015e-23, nan 
-153.125, 77.625, 1.2186290820042323e-23, nan 
-152.875, 77.625, 1.4342126561334142e-23, nan 
-152.625, 77.625, 9.514424151077449e-24, nan 
-152.375, 77.625, 7.454747062767236e-24, nan 
-152.125, 77.625, 8.201240505206709e-24, nan 
-151.875, 77.625, 7.158843579246005e-24, nan 
-151.625, 77.625, 6.290644869166361e-24, nan 
-151.375, 77.625, 6.795483296342826e-24, nan 
-151.125, 77.625, 7.241329802056746e-24, nan 
-150.875, 77.625, 9.290498904071408e-24, nan 
-150.625, 77.625, 8.266640194228997e-24, nan 
-150.375, 77.625, 8.15707810785634e-24, nan 
-150.125, 77.625, 9.957219645760694e-24, nan 
-149.875, 77.625, 1.0876456328723468e-23, nan 
-149.625, 77.625, 1.0213206353449958e-23, nan 
-149.375, 77.625, 1.1591923636973668e-23, nan 
-149.125, 77.625, 1.6567573587120736e-23, nan 
-148.875, 77.625, 1.7525596454232807e-23, nan 
-148.625, 77.625, 1.8361540859093644e-23, nan 
-148.375, 77.625, 1.616878673362842e-23, nan 
-148.125, 77.625, 1.5228799205465487e-23, nan 
-147.875, 77.625, 2.1059271287548542e-23, nan 
-147.625, 77.625, 2.2194761101125463e-23, nan 
-147.375, 77.625, 1.839171062581981e-23, nan 
-147.125, 77.625, 2.707257394354327e-23, nan 
-146.875, 77.625, 1.4016551074185216e-23, nan 
-146.625, 77.625, 2.126238325049313e-23, nan 
-146.375, 77.625, 1.5114832940138353e-23, nan 
-146.125, 77.625, 1.6252907745356787e-23, nan 
-145.875, 77.625, 2.4711464108365025e-23, nan 
-145.625, 77.625, 2.1379003105374728e-23, nan 
-145.375, 77.625, 2.395158039955626e-23, nan 
-145.125, 77.625, 3.603329995353955e-23, nan 
-144.875, 77.625, 4.9784159674865416e-23, nan 
-144.625, 77.625, 5.612448066004196e-23, nan 
-144.375, 77.625, 4.478907625203628e-23, nan 
-144.125, 77.625, 2.929367586787659e-23, nan 
-143.875, 77.625, 2.4799394715573232e-23, nan 
-10.625, 77.625, 1.2318170141586036e-24, nan 
-10.375, 77.625, 1.5804010087812998e-24, nan 
-10.125, 77.625, 1.3728392453831358e-24, nan 
-9.875, 77.625, 1.6143788813721674e-24, nan 
-9.625, 77.625, 1.851719713393346e-24, nan 
-9.375, 77.625, 1.5025579108535147e-24, nan 
-9.125, 77.625, 1.4669063479690622e-24, nan 
-8.875, 77.625, 1.1529131690362646e-24, nan 
-8.625, 77.625, 1.254882890065115e-24, nan 
-8.375, 77.625, 1.442605021266238e-24, nan 
-8.125, 77.625, 1.8571524051773845e-24, nan 
-7.875, 77.625, 1.8673522676711228e-24, nan 
-7.625, 77.625, 1.9342943958959583e-24, nan 
-7.375, 77.625, 1.7730143585440246e-24, nan 
-7.125, 77.625, 1.739083599521724e-24, nan 
-6.875, 77.625, 1.820496017937328e-24, nan 
-6.625, 77.625, 1.807220412171282e-24, nan 
-6.375, 77.625, 1.945647445002747e-24, nan 
-6.125, 77.625, 1.8113928068599144e-24, nan 
-5.875, 77.625, 1.5824456770486598e-24, nan 
-5.625, 77.625, 1.2296863577484602e-24, nan 
-5.375, 77.625, 8.952735962333326e-25, nan 
-5.125, 77.625, 5.743602585903212e-25, nan 
-4.875, 77.625, 7.979050222399193e-25, nan 
-4.625, 77.625, 1.4429715932146384e-24, nan 
-4.375, 77.625, 1.4246681919677231e-24, nan 
-4.125, 77.625, 8.38359405510971e-25, nan 
-3.875, 77.625, 6.377870496047415e-25, nan 
-3.625, 77.625, 7.218292894392808e-25, nan 
-3.375, 77.625, 1.1503273346629518e-24, nan 
-3.125, 77.625, 1.2162671941710214e-24, nan 
-2.875, 77.625, 1.205773217078938e-24, nan 
-2.625, 77.625, 9.543994101831038e-25, nan 
-2.375, 77.625, 1.1002922042176734e-24, nan 
-2.125, 77.625, 1.4823658538094592e-24, nan 
-1.875, 77.625, 1.4779558794508377e-24, nan 
-1.625, 77.625, 2.3406958787345827e-24, nan 
-1.375, 77.625, 2.1493968208494958e-24, nan 
-1.125, 77.625, 2.000105460291411e-24, nan 
-0.875, 77.625, 1.9679052039702324e-24, nan 
-0.625, 77.625, 2.3588883382798905e-24, nan 
-0.375, 77.625, 2.607386688600588e-24, nan 
-0.125, 77.625, 2.249643892960699e-24, nan 
0.125, 77.625, 1.9010390059847443e-24, nan 
0.375, 77.625, 1.92341323800004e-24, nan 
0.625, 77.625, 3.1209966735659794e-24, nan 
0.875, 77.625, 3.210190051115397e-24, nan 
1.125, 77.625, 1.0228978242784273e-24, nan 
1.375, 77.625, 1.6378975827284215e-24, nan 
1.625, 77.625, 1.5858450015396567e-24, nan 
1.875, 77.625, 1.592178519038637e-24, nan 
2.125, 77.625, 1.30052879699707e-24, nan 
2.375, 77.625, 1.6604425753176788e-24, nan 
2.625, 77.625, 1.7770430802228962e-24, nan 
2.875, 77.625, 1.925352224537344e-24, nan 
3.125, 77.625, 1.8549249621383826e-24, nan 
3.375, 77.625, 1.749084724712879e-24, nan 
3.625, 77.625, 1.89636509589292e-24, nan 
3.875, 77.625, 2.179812368240773e-24, nan 
4.125, 77.625, 2.9038708937797356e-24, nan 
4.375, 77.625, 2.9396660955427993e-24, nan 
4.625, 77.625, 2.971451864592619e-24, nan 
4.875, 77.625, 3.500890477905475e-24, nan 
5.125, 77.625, 2.319324873444099e-24, nan 
5.375, 77.625, 2.9605329083609364e-24, nan 
5.625, 77.625, 3.821480527701486e-24, nan 
5.875, 77.625, 4.41487166219347e-24, nan 
6.125, 77.625, 5.4363298975605966e-24, nan 
6.375, 77.625, 6.622342966996667e-24, nan 
6.625, 77.625, 7.588112175008805e-24, nan 
6.875, 77.625, 4.994628254695559e-24, nan 
7.125, 77.625, 5.578662883320237e-24, nan 
7.375, 77.625, 3.830281181625397e-24, nan 
7.625, 77.625, 2.2439547905372585e-23, nan 
7.875, 77.625, 4.7138043580671214e-24, nan 
8.125, 77.625, 5.384434807414615e-24, nan 
8.375, 77.625, 2.6144691997908466e-24, nan 
8.625, 77.625, 3.816037663759744e-24, nan 
8.875, 77.625, 5.0158456142543964e-24, nan 
9.125, 77.625, 3.902148411437585e-24, nan 
9.375, 77.625, 3.358636861792578e-24, nan 
9.625, 77.625, 2.7264643986417862e-24, nan 
9.875, 77.625, 3.507227989889989e-24, nan 
10.125, 77.625, 4.113480623906159e-24, nan 
10.375, 77.625, 5.7099949577541634e-24, nan 
10.625, 77.625, 5.0147201132759664e-24, nan 
10.875, 77.625, 5.524294770214392e-24, nan 
11.125, 77.625, 6.102079462043585e-24, nan 
11.375, 77.625, 4.921715644350748e-24, nan 
11.625, 77.625, 6.771584207427987e-24, nan 
11.875, 77.625, 7.408901316493228e-24, nan 
12.125, 77.625, 5.7924469543823476e-24, nan 
12.375, 77.625, 7.010266088505677e-24, nan 
12.625, 77.625, 6.523176481104013e-24, nan 
12.875, 77.625, 5.859046047920782e-24, nan 
13.125, 77.625, 4.2159646709005205e-24, nan 
13.375, 77.625, 5.4368061219577306e-24, nan 
13.625, 77.625, 2.5379346733798574e-24, nan 
13.875, 77.625, 2.4694835055619912e-24, nan 
14.125, 77.625, 3.2324451958453616e-24, nan 
14.375, 77.625, 1.6914223921981276e-24, nan 
14.625, 77.625, 2.25532826270296e-24, nan 
14.875, 77.625, 1.9390301023450804e-24, nan 
15.125, 77.625, 2.134106349506963e-24, nan 
15.375, 77.625, 2.9108270205078282e-24, nan 
15.625, 77.625, 1.81957453924511e-24, nan 
15.875, 77.625, 2.2145150221264616e-24, nan 
16.125, 77.625, 1.8539665934766216e-24, nan 
16.375, 77.625, 2.2319549605044347e-24, nan 
16.625, 77.625, 1.0594837476966378e-24, nan 
16.875, 77.625, 1.680557841601052e-24, nan 
17.125, 77.625, 1.7292726109602395e-24, nan 
17.375, 77.625, 1.0120088545096242e-24, nan 
17.625, 77.625, 1.185806052894307e-24, nan 
17.875, 77.625, 1.5864148050173482e-24, nan 
18.125, 77.625, 1.3111081992630084e-24, nan 
18.375, 77.625, 2.3385420406892542e-24, nan 
18.625, 77.625, 2.656972195979579e-24, nan 
18.875, 77.625, 2.575472867214688e-24, nan 
19.125, 77.625, 3.717346589216467e-24, nan 
19.375, 77.625, 3.464950173008624e-24, nan 
19.625, 77.625, 2.9544581808965204e-24, nan 
19.875, 77.625, 3.230804933991551e-24, nan 
20.125, 77.625, 2.7975298488952897e-24, nan 
20.375, 77.625, 3.6352066747703284e-24, nan 
20.625, 77.625, 4.337453068243591e-24, nan 
20.875, 77.625, 2.7061271850895137e-24, nan 
21.125, 77.625, 2.5887307794932845e-24, nan 
21.375, 77.625, 1.8732638635658573e-24, nan 
21.625, 77.625, 2.6535426337357782e-24, nan 
21.875, 77.625, 3.894486146008628e-24, nan 
22.125, 77.625, 2.6400572463109133e-24, nan 
22.375, 77.625, 2.3756678319734106e-24, nan 
22.625, 77.625, 2.1753089056984104e-24, nan 
22.875, 77.625, 2.239567772283401e-24, nan 
23.125, 77.625, 2.5155632248013638e-24, nan 
23.375, 77.625, 2.240047801129631e-24, nan 
23.625, 77.625, 4.000763667069828e-24, nan 
23.875, 77.625, 2.9631371391690546e-24, nan 
24.125, 77.625, 2.724347487124724e-24, nan 
24.375, 77.625, 1.8600048736125742e-24, nan 
24.625, 77.625, 4.116775195769623e-24, nan 
24.875, 77.625, 2.5713133706114332e-24, nan 
25.125, 77.625, 2.555994926002755e-24, nan 
25.375, 77.625, 2.1820058840176128e-24, nan 
25.625, 77.625, 2.2340978246750627e-24, nan 
25.875, 77.625, 3.7539738359114636e-24, nan 
26.125, 77.625, 2.9427233442603356e-24, nan 
26.375, 77.625, 2.8514376571882225e-24, nan 
26.625, 77.625, 2.5905306120342663e-24, nan 
26.875, 77.625, 2.5823653776316028e-24, nan 
27.125, 77.625, 2.0712958130585006e-24, nan 
27.375, 77.625, 1.617308686659119e-24, nan 
27.625, 77.625, 1.6196068667117015e-24, nan 
27.875, 77.625, 9.702134126064663e-25, nan 
28.125, 77.625, 1.6027961725490325e-24, nan 
28.375, 77.625, 1.2105309361278069e-24, nan 
28.625, 77.625, 1.5376647669362848e-24, nan 
28.875, 77.625, 2.192630600518068e-24, nan 
29.125, 77.625, 2.472091047305985e-24, nan 
29.375, 77.625, 2.2452298213036405e-24, nan 
29.625, 77.625, 3.312030807702262e-24, nan 
29.875, 77.625, 4.087574602440301e-24, nan 
30.125, 77.625, 3.9347343822712305e-24, nan 
30.375, 77.625, 3.490796830347017e-24, nan 
30.625, 77.625, 3.1867866496640616e-24, nan 
30.875, 77.625, 5.3581660955641395e-24, nan 
31.125, 77.625, 5.426103032624424e-24, nan 
31.375, 77.625, 6.343785723829068e-24, nan 
31.625, 77.625, 6.922919251258396e-24, nan 
31.875, 77.625, 7.075503429283311e-24, nan 
32.125, 77.625, 8.793948795078959e-24, nan 
32.375, 77.625, 7.161052371648037e-24, nan 
32.625, 77.625, 5.995120756924316e-24, nan 
32.875, 77.625, 5.204325298591592e-24, nan 
33.125, 77.625, 5.956231508080048e-24, nan 
33.375, 77.625, 5.0863602580399485e-24, nan 
33.625, 77.625, 7.412860344820042e-24, nan 
33.875, 77.625, 7.127327345535517e-24, nan 
34.125, 77.625, 2.562878328038612e-24, nan 
34.375, 77.625, 2.6076536862723667e-24, nan 
34.625, 77.625, 3.844341037262925e-24, nan 
34.875, 77.625, 5.4204502478454184e-24, nan 
35.125, 77.625, 5.423240461207745e-24, nan 
35.375, 77.625, 3.022286804339849e-24, nan 
35.625, 77.625, 2.063490282070759e-24, nan 
35.875, 77.625, 2.2709733165271546e-24, nan 
36.125, 77.625, 4.194830958888987e-24, nan 
36.375, 77.625, 1.8575634135461134e-24, nan 
36.625, 77.625, 2.7961743089921637e-24, nan 
36.875, 77.625, 1.6144807680667974e-24, nan 
37.125, 77.625, 3.847471617105344e-24, nan 
37.375, 77.625, 5.22268623474535e-24, nan 
37.625, 77.625, 4.571561816421019e-24, nan 
37.875, 77.625, 6.104435191246315e-24, nan 
38.125, 77.625, 9.086854974283013e-24, nan 
38.375, 77.625, 8.669075909517289e-24, nan 
38.625, 77.625, 1.053614492658163e-23, nan 
38.875, 77.625, 9.089940405025552e-24, nan 
39.125, 77.625, 6.887938674418325e-24, nan 
39.375, 77.625, 7.424085895442379e-24, nan 
39.625, 77.625, 9.8414264652388e-24, nan 
39.875, 77.625, 6.384307612842443e-24, nan 
40.125, 77.625, 7.083644705861605e-24, nan 
40.375, 77.625, 7.755536600418936e-24, nan 
40.625, 77.625, 1.2776184900675e-23, nan 
40.875, 77.625, 9.681134286749818e-24, nan 
41.125, 77.625, 6.68857201456347e-24, nan 
41.375, 77.625, 7.56693558881536e-24, nan 
41.625, 77.625, 1.2083066152980918e-23, nan 
41.875, 77.625, 1.5528317407489535e-23, nan 
42.125, 77.625, 7.244489581393337e-24, nan 
42.375, 77.625, 2.473008371024181e-24, nan 
42.625, 77.625, 5.3636031684897904e-24, nan 
42.875, 77.625, 6.862086165104706e-24, nan 
43.125, 77.625, 1.2444471638950713e-23, nan 
43.375, 77.625, 1.2643555270907543e-23, nan 
43.625, 77.625, 1.1880425430756461e-23, nan 
43.875, 77.625, 9.514707053764844e-24, nan 
44.125, 77.625, 9.300291598622036e-24, nan 
44.375, 77.625, 1.0840667973304981e-23, nan 
44.625, 77.625, 1.3476593894452237e-23, nan 
44.875, 77.625, 1.3584119295274534e-23, nan 
45.125, 77.625, 1.148443544660091e-23, nan 
45.375, 77.625, 9.696446747583942e-24, nan 
45.625, 77.625, 9.831297758124605e-24, nan 
45.875, 77.625, 6.194217304774651e-24, nan 
46.125, 77.625, 6.37566979742762e-24, nan 
46.375, 77.625, 6.297529810831812e-24, nan 
46.625, 77.625, 8.226460894770193e-24, nan 
46.875, 77.625, 2.0784272237609116e-24, nan 
47.125, 77.625, 4.450706560738048e-24, nan 
47.375, 77.625, 7.28302723431867e-24, nan 
47.625, 77.625, 7.731761787467835e-24, nan 
47.875, 77.625, 5.852836579865814e-24, nan 
48.125, 77.625, 5.7176542457617736e-24, nan 
48.375, 77.625, 8.887586065029653e-24, nan 
48.625, 77.625, 1.3583357573871126e-23, nan 
48.875, 77.625, 1.602677472815746e-23, nan 
49.125, 77.625, 8.505889325826455e-24, nan 
49.375, 77.625, 9.963724433057955e-24, nan 
49.625, 77.625, 1.4160859930340461e-23, nan 
49.875, 77.625, 8.1457511867122e-24, nan 
50.125, 77.625, 1.1159159649394846e-23, nan 
50.375, 77.625, 1.3259405481678505e-23, nan 
50.625, 77.625, 1.0796328805658954e-23, nan 
50.875, 77.625, 1.664733926064384e-23, nan 
51.125, 77.625, 1.2814652131245252e-23, nan 
51.375, 77.625, 2.2831554230059555e-23, nan 
51.625, 77.625, 2.0521176735625025e-23, nan 
51.875, 77.625, 2.898803349297019e-23, nan 
52.125, 77.625, 7.044491377309923e-24, nan 
52.375, 77.625, 1.0817082207675495e-23, nan 
52.625, 77.625, 3.752357090987947e-23, nan 
52.875, 77.625, 2.1120400731847367e-23, nan 
53.125, 77.625, 2.439067166689374e-23, nan 
53.375, 77.625, 1.9299414526547805e-23, nan 
53.625, 77.625, 2.23351016980866e-23, nan 
53.875, 77.625, 2.4325449634257165e-23, nan 
54.125, 77.625, 2.165180161920792e-23, nan 
54.375, 77.625, 1.8748340635438009e-23, nan 
54.625, 77.625, 1.6149451404812176e-23, nan 
54.875, 77.625, 1.0833149311635904e-23, nan 
55.125, 77.625, 2.7499269670580963e-23, nan 
55.375, 77.625, 4.539619467361766e-23, nan 
55.625, 77.625, 5.549700326086148e-23, nan 
55.875, 77.625, 2.4101978945824785e-23, nan 
56.125, 77.625, 3.578511648319686e-23, nan 
56.375, 77.625, 2.760167019089812e-23, nan 
56.625, 77.625, 2.0361842031912548e-23, nan 
56.875, 77.625, 2.954051535244266e-23, nan 
57.125, 77.625, 3.4606742235486484e-23, nan 
57.375, 77.625, 4.617733598949403e-23, nan 
57.625, 77.625, 2.65416030182453e-23, nan 
57.875, 77.625, 5.107021311666531e-23, nan 
58.125, 77.625, 6.547819903023483e-23, nan 
58.375, 77.625, 8.423027024637498e-23, nan 
58.625, 77.625, 9.16559931844767e-23, nan 
58.875, 77.625, 1.0673502189520515e-22, nan 
59.125, 77.625, 9.323325578648834e-23, nan 
59.375, 77.625, 9.157765158822326e-23, nan 
59.625, 77.625, 1.1101123684035645e-22, nan 
59.875, 77.625, 1.0691554649452407e-22, nan 
60.125, 77.625, 1.1997032414823031e-22, nan 
60.375, 77.625, 1.0667100448433182e-22, nan 
60.625, 77.625, 9.856893080194255e-23, nan 
60.875, 77.625, 1.3032325754598204e-22, nan 
61.125, 77.625, 1.1766980598029903e-22, nan 
61.375, 77.625, 8.194257032993715e-23, nan 
61.625, 77.625, 4.74779568420484e-23, nan 
61.875, 77.625, 3.1849825367655733e-23, nan 
62.125, 77.625, 6.453213847896183e-23, nan 
62.375, 77.625, 6.86349841219621e-23, nan 
62.625, 77.625, 6.398320370485249e-23, nan 
62.875, 77.625, 5.40469762188628e-23, nan 
63.125, 77.625, 3.7923990640899835e-23, nan 
63.375, 77.625, 4.970954680026517e-23, nan 
63.625, 77.625, 6.86953442019664e-23, nan 
63.875, 77.625, 8.840926375817898e-23, nan 
64.125, 77.625, 7.713017381654764e-23, nan 
64.375, 77.625, 1.381390335858325e-22, nan 
64.625, 77.625, 9.7939810527393e-23, nan 
64.875, 77.625, 1.21466352582011e-22, nan 
65.125, 77.625, 7.491381894751084e-23, nan 
65.375, 77.625, 4.9603328356377753e-23, nan 
65.625, 77.625, 4.482259356672553e-23, nan 
65.875, 77.625, 3.7627903074675074e-23, nan 
66.125, 77.625, 2.791634158806866e-23, nan 
66.375, 77.625, 7.439311819694544e-23, nan 
66.625, 77.625, 2.6178883348497942e-23, nan 
66.875, 77.625, 3.1357144482518526e-23, nan 
67.125, 77.625, 6.231180309828593e-23, nan 
67.375, 77.625, 3.7668940078208767e-23, nan 
67.625, 77.625, 5.0658771791158366e-23, nan 
67.875, 77.625, 3.8630316810013074e-23, nan 
68.125, 77.625, 5.457329429767119e-23, nan 
68.375, 77.625, 6.821155568338437e-23, nan 
68.625, 77.625, 6.352590691177811e-23, nan 
68.875, 77.625, 5.360990005768874e-23, nan 
69.125, 77.625, 4.97897117458077e-23, nan 
69.375, 77.625, 6.014465939465974e-23, nan 
69.625, 77.625, 3.5753849132519306e-23, nan 
69.875, 77.625, 5.50080618794063e-23, nan 
70.125, 77.625, 3.557022526726407e-23, nan 
70.375, 77.625, 4.460212549670657e-23, nan 
70.625, 77.625, 7.063182707243115e-23, nan 
70.875, 77.625, 1.8843154396405641e-22, nan 
71.125, 77.625, 2.0312546981041896e-22, nan 
71.375, 77.625, 1.316652185461772e-22, nan 
71.625, 77.625, 8.416265693487206e-23, nan 
71.875, 77.625, 5.890893681396474e-23, nan 
72.125, 77.625, 6.321594883617785e-23, nan 
72.375, 77.625, 1.066650632834939e-22, nan 
72.625, 77.625, 1.832452816861537e-22, nan 
72.875, 77.625, 9.379318987652098e-23, nan 
73.125, 77.625, 7.621879099456297e-23, nan 
73.375, 77.625, 5.1752765668153493e-23, nan 
73.625, 77.625, 1.1060237682650986e-22, nan 
73.875, 77.625, 1.8202388004288946e-22, nan 
74.125, 77.625, 7.866166951346259e-23, nan 
74.375, 77.625, 1.0592553571167067e-22, nan 
74.625, 77.625, 1.677365605089637e-22, nan 
74.875, 77.625, 1.6542371080069285e-22, nan 
75.125, 77.625, 1.4352594496498475e-22, nan 
75.375, 77.625, 1.3447287191222819e-22, nan 
75.625, 77.625, 2.2202942470776897e-22, nan 
75.875, 77.625, 2.4768706863732907e-22, nan 
76.125, 77.625, 2.311316538897614e-22, nan 
76.375, 77.625, 1.0956447312426189e-22, nan 
76.625, 77.625, 1.7099683488482557e-22, nan 
76.875, 77.625, 2.885327888398524e-22, nan 
77.125, 77.625, 1.7861223852703855e-22, nan 
77.375, 77.625, 1.8634966392412387e-22, nan 
77.625, 77.625, 1.8354366639442506e-22, nan 
77.875, 77.625, 2.0149523870787036e-22, nan 
78.125, 77.625, 1.6366455947044966e-22, nan 
78.375, 77.625, 1.609520461099977e-22, nan 
78.625, 77.625, 1.0737547291141996e-22, nan 
78.875, 77.625, 3.1496627665078323e-22, nan 
79.125, 77.625, 3.0250290042372766e-22, nan 
79.375, 77.625, 2.9110431972940107e-22, nan 
79.625, 77.625, 1.9993064553480067e-22, nan 
79.875, 77.625, 2.32761310864907e-22, nan 
80.125, 77.625, 2.4833742737685457e-22, nan 
80.375, 77.625, 2.6121135326163576e-22, nan 
80.625, 77.625, 4.680548526846353e-22, nan 
80.875, 77.625, 3.0877718182414674e-22, nan 
81.125, 77.625, 1.648525059556849e-22, nan 
81.375, 77.625, 4.985385306374571e-22, nan 
81.625, 77.625, 3.559719575510622e-22, nan 
81.875, 77.625, 7.5853504287116405e-22, nan 
82.125, 77.625, 4.850570099002021e-22, nan 
82.375, 77.625, 4.641268780410127e-22, nan 
82.625, 77.625, 6.478237646700869e-22, nan 
82.875, 77.625, 5.801396229496503e-22, nan 
83.125, 77.625, 7.014216064287014e-22, nan 
83.375, 77.625, 3.2324684804674097e-22, nan 
83.625, 77.625, 4.1366965877604974e-22, nan 
83.875, 77.625, 5.782356791875789e-22, nan 
84.125, 77.625, 1.4128871376867198e-22, nan 
84.375, 77.625, 1.8455435807511283e-22, nan 
84.625, 77.625, 3.0302398298139086e-22, nan 
84.875, 77.625, 5.149434131054912e-22, nan 
85.125, 77.625, 3.85332527695063e-22, nan 
85.375, 77.625, 3.760154020342393e-22, nan 
85.625, 77.625, 3.4137814935218553e-22, nan 
85.875, 77.625, 6.756438205819767e-22, nan 
86.125, 77.625, 2.778398224939403e-21, nan 
86.375, 77.625, 3.2913438833716374e-21, nan 
86.625, 77.625, 3.4334751522520565e-21, nan 
86.875, 77.625, 2.5202022621390627e-21, nan 
87.125, 77.625, 1.8739457589112128e-21, nan 
87.375, 77.625, 4.8734972659474815e-21, nan 
87.625, 77.625, 5.427139894253494e-21, nan 
87.875, 77.625, 3.69257171107317e-21, nan 
88.125, 77.625, 2.1200067252610242e-21, nan 
88.375, 77.625, 3.266120817617471e-21, nan 
88.625, 77.625, 5.8894199281185985e-21, nan 
88.875, 77.625, 7.470091237684843e-21, nan 
89.125, 77.625, 8.007276360805366e-21, nan 
89.375, 77.625, 8.204179452027601e-21, nan 
89.625, 77.625, 8.708569007269491e-21, nan 
89.875, 77.625, 1.0451814500488047e-20, nan 
90.125, 77.625, 8.684471061328812e-21, nan 
90.375, 77.625, 7.441515919343793e-21, nan 
90.625, 77.625, 7.234582635110006e-21, nan 
90.875, 77.625, 6.7254164726107885e-21, nan 
91.125, 77.625, 6.459268497164718e-21, nan 
91.375, 77.625, 7.899904948324397e-21, nan 
91.625, 77.625, 6.100053438929231e-21, nan 
91.875, 77.625, 5.2108414440305456e-21, nan 
92.125, 77.625, 3.2024793372355908e-21, nan 
92.375, 77.625, 2.5549186278359514e-21, nan 
92.625, 77.625, 3.976289066360022e-21, nan 
92.875, 77.625, 3.979520826444883e-21, nan 
93.125, 77.625, 5.037462523682665e-21, nan 
93.375, 77.625, 4.7518079427725975e-21, nan 
93.625, 77.625, 6.140389262218942e-21, nan 
93.875, 77.625, 7.485089033983268e-21, nan 
94.125, 77.625, 7.400232519279945e-21, nan 
94.375, 77.625, 8.22957299188254e-21, nan 
94.625, 77.625, 7.976052062419785e-21, nan 
94.875, 77.625, 7.361751221252317e-21, nan 
95.125, 77.625, 6.641669423359576e-21, nan 
95.375, 77.625, 7.461573748768266e-21, nan 
95.625, 77.625, 7.667067783007589e-21, nan 
95.875, 77.625, 8.414612568109612e-21, nan 
96.125, 77.625, 8.576990385103624e-21, nan 
96.375, 77.625, 9.174712323676111e-21, nan 
96.625, 77.625, 1.0987131673650894e-20, nan 
96.875, 77.625, 1.0401522729775636e-20, nan 
97.125, 77.625, 1.0490398920517002e-20, nan 
97.375, 77.625, 6.883755597652831e-21, nan 
97.625, 77.625, 7.439616087012646e-21, nan 
97.875, 77.625, 9.661875869509446e-21, nan 
98.125, 77.625, 1.0088753990746912e-20, nan 
98.375, 77.625, 9.549915012357472e-21, nan 
98.625, 77.625, 5.187573386138661e-21, nan 
98.875, 77.625, 4.266647850798503e-21, nan 
99.125, 77.625, 3.858540053399362e-21, nan 
99.375, 77.625, 4.134510892503507e-21, nan 
99.625, 77.625, 8.133281509312297e-21, nan 
99.875, 77.625, 8.174944804322023e-21, nan 
100.125, 77.625, 7.848233701773704e-21, nan 
100.375, 77.625, 8.705979342100238e-21, nan 
100.625, 77.625, 1.0943317908996076e-20, nan 
100.875, 77.625, 1.472895570853077e-20, nan 
101.125, 77.625, 1.7548128778152738e-20, nan 
101.375, 77.625, 1.807476289248901e-20, nan 
101.625, 77.625, 1.6835086673621217e-20, nan 
101.875, 77.625, 1.6957528960818375e-20, nan 
102.125, 77.625, 1.2809137667809814e-20, nan 
102.375, 77.625, 1.2662559177240359e-20, nan 
102.625, 77.625, 1.337026528780669e-20, nan 
102.875, 77.625, 1.441100160933298e-20, nan 
103.125, 77.625, 1.4496068512979928e-20, nan 
103.375, 77.625, 1.1999927556426213e-20, nan 
103.625, 77.625, 1.0428068185485365e-20, nan 
103.875, 77.625, 1.0081495757829145e-20, nan 
104.125, 77.625, 8.365853818048094e-21, nan 
104.375, 77.625, 1.11770135182496e-20, nan 
104.625, 77.625, 9.302720507725144e-21, nan 
104.875, 77.625, 9.75773706023055e-21, nan 
105.125, 77.625, 1.0195830289956376e-20, nan 
105.375, 77.625, 5.516697668669978e-21, nan 
105.625, 77.625, 7.985766353845427e-21, nan 
105.875, 77.625, 9.366233160540918e-21, nan 
106.125, 77.625, 1.1720550448582173e-20, nan 
106.375, 77.625, 1.0026617116181286e-20, nan 
106.625, 77.625, 1.2984360079368596e-20, nan 
106.875, 77.625, 1.0103849117882882e-20, nan 
107.125, 77.625, 6.807812444522314e-21, nan 
107.375, 77.625, 8.372815836187121e-21, nan 
107.625, 77.625, 6.462523765355722e-21, nan 
107.875, 77.625, 3.792231561501118e-21, nan 
108.125, 77.625, 3.3632909814076994e-21, nan 
108.375, 77.625, 4.602795442657857e-21, nan 
108.625, 77.625, 6.783834931203895e-21, nan 
108.875, 77.625, 1.588055044233072e-20, nan 
109.125, 77.625, 5.54154037539195e-21, nan 
109.375, 77.625, 1.2337698879929975e-20, nan 
109.625, 77.625, 1.506344287075206e-20, nan 
109.875, 77.625, 1.389016907066381e-20, nan 
110.125, 77.625, 6.132948887411374e-20, nan 
110.375, 77.625, 5.480769283237814e-20, nan 
110.625, 77.625, 5.511280617007669e-20, nan 
110.875, 77.625, 3.7184987520971224e-20, nan 
111.125, 77.625, 2.3541738758577196e-20, nan 
111.375, 77.625, 1.0606662477529066e-19, nan 
111.625, 77.625, 9.23814427195096e-20, nan 
111.875, 77.625, 5.878767613156008e-20, nan 
112.125, 77.625, 2.866451775729274e-20, nan 
112.375, 77.625, 1.932677586362087e-20, nan 
112.625, 77.625, 4.47468064866994e-20, nan 
112.875, 77.625, 4.166261491322277e-20, nan 
113.125, 77.625, 2.4694599459660036e-20, nan 
113.375, 77.625, 1.4517040524077274e-20, nan 
113.625, 77.625, 1.7400071642735818e-20, nan 
113.875, 77.625, 1.1325040850359609e-20, nan 
114.125, 77.625, 1.472736673374227e-20, nan 
114.375, 77.625, 2.0665029004375108e-20, nan 
114.625, 77.625, 1.7884310175226086e-20, nan 
114.875, 77.625, 1.3897304363024182e-20, nan 
115.125, 77.625, 7.663755667545814e-21, nan 
115.375, 77.625, 2.313262416500476e-20, nan 
115.625, 77.625, 2.4762131008325573e-20, nan 
115.875, 77.625, 2.4091555046191e-20, nan 
116.125, 77.625, 2.2925560621974932e-20, nan 
116.375, 77.625, 2.891049594903316e-20, nan 
116.625, 77.625, 3.0460273055776295e-20, nan 
116.875, 77.625, 8.136083683529311e-20, nan 
117.125, 77.625, 7.387724096130246e-20, nan 
117.375, 77.625, 7.706851784045437e-20, nan 
117.625, 77.625, 9.977504298969516e-20, nan 
117.875, 77.625, 7.844095892575701e-20, nan 
118.125, 77.625, 1.2963052187954702e-19, nan 
118.375, 77.625, 9.499130959243269e-20, nan 
118.625, 77.625, 8.560327316444884e-20, nan 
118.875, 77.625, 9.007782853333635e-20, nan 
119.125, 77.625, 6.847281912751245e-20, nan 
119.375, 77.625, 4.331026516285441e-20, nan 
119.625, 77.625, 3.446531285790827e-20, nan 
119.875, 77.625, 5.61107922445983e-20, nan 
120.125, 77.625, 7.226278964235186e-20, nan 
120.375, 77.625, 6.766757095359002e-20, nan 
120.625, 77.625, 3.5651623050278585e-20, nan 
120.875, 77.625, 1.2494720992205768e-20, nan 
121.125, 77.625, 3.5364631360642906e-20, nan 
121.375, 77.625, 4.9568469952185863e-20, nan 
121.625, 77.625, 5.3754155695297505e-20, nan 
121.875, 77.625, 3.708887150069361e-20, nan 
122.125, 77.625, 3.50204743766159e-20, nan 
122.375, 77.625, 3.7663751902487e-20, nan 
122.625, 77.625, 4.1835292980446544e-20, nan 
122.875, 77.625, 4.3546762716681295e-20, nan 
123.125, 77.625, 3.9241887936391135e-20, nan 
123.375, 77.625, 4.444083757032456e-20, nan 
123.625, 77.625, 4.457533254874686e-20, nan 
123.875, 77.625, 5.189070309615191e-20, nan 
124.125, 77.625, 5.40942808030638e-20, nan 
124.375, 77.625, 4.988603101728978e-20, nan 
124.625, 77.625, 3.505498555195326e-20, nan 
124.875, 77.625, 2.8199335132031845e-20, nan 
125.125, 77.625, 2.0897676104980613e-20, nan 
125.375, 77.625, 1.7994825871954112e-20, nan 
125.625, 77.625, 2.109699389253247e-20, nan 
125.875, 77.625, 1.7039164221784912e-20, nan 
126.125, 77.625, 2.020683327690641e-20, nan 
126.375, 77.625, 1.972686287804017e-20, nan 
126.625, 77.625, 1.5138964970845154e-20, nan 
126.875, 77.625, 1.8578750127125046e-20, nan 
127.125, 77.625, 1.5823554210819923e-20, nan 
127.375, 77.625, 2.1818232421539234e-20, nan 
127.625, 77.625, 1.3754931643087412e-20, nan 
127.875, 77.625, 1.8990935117740548e-20, nan 
128.125, 77.625, 1.9010019760303717e-20, nan 
128.375, 77.625, 1.1693940289162825e-20, nan 
128.625, 77.625, 1.3141113718805928e-20, nan 
128.875, 77.625, 8.08502656697427e-21, nan 
129.125, 77.625, 1.3959387450998195e-20, nan 
129.375, 77.625, 1.2723231580261147e-20, nan 
129.625, 77.625, 1.0262748575669544e-20, nan 
129.875, 77.625, 9.545546736147886e-21, nan 
130.125, 77.625, 7.891064130475745e-21, nan 
130.375, 77.625, 7.273123776947584e-21, nan 
130.625, 77.625, 6.571292699815118e-21, nan 
130.875, 77.625, 5.3958277837744074e-21, nan 
131.125, 77.625, 6.759373134440529e-21, nan 
131.375, 77.625, 7.190189978315479e-21, nan 
131.625, 77.625, 6.319644658008485e-21, nan 
131.875, 77.625, 3.8868920980376476e-21, nan 
132.125, 77.625, 3.963005856224707e-21, nan 
132.375, 77.625, 2.6037987828999174e-21, nan 
132.625, 77.625, 2.6375348675537773e-21, nan 
132.875, 77.625, 2.9528024992798823e-21, nan 
133.125, 77.625, 3.0788145986661796e-21, nan 
133.375, 77.625, 2.9197877466291043e-21, nan 
133.625, 77.625, 2.416259411167842e-21, nan 
133.875, 77.625, 1.4669779658901455e-21, nan 
134.125, 77.625, 1.304876324869169e-21, nan 
134.375, 77.625, 1.5201175481973906e-21, nan 
134.625, 77.625, 2.444461286170616e-21, nan 
134.875, 77.625, 2.718336026138001e-21, nan 
135.125, 77.625, 3.3564704011196082e-21, nan 
135.375, 77.625, 3.441142436047395e-21, nan 
135.625, 77.625, 2.1710067239321553e-21, nan 
135.875, 77.625, 1.72117138423048e-21, nan 
136.125, 77.625, 1.95768680874753e-21, nan 
136.375, 77.625, 2.654771794138871e-21, nan 
136.625, 77.625, 2.26743050530996e-21, nan 
136.875, 77.625, 1.8258151221920956e-21, nan 
137.125, 77.625, 9.609239370169294e-22, nan 
137.375, 77.625, 1.695065925333011e-21, nan 
137.625, 77.625, 2.509223479542307e-21, nan 
137.875, 77.625, 1.965609880431382e-21, nan 
138.125, 77.625, 2.099313930698171e-21, nan 
138.375, 77.625, 1.3639804951935317e-21, nan 
138.625, 77.625, 1.4046901547709945e-21, nan 
138.875, 77.625, 1.9919009965471893e-21, nan 
139.125, 77.625, 1.7387830914385854e-21, nan 
139.375, 77.625, 2.197337940120969e-21, nan 
139.625, 77.625, 1.902526123882067e-21, nan 
139.875, 77.625, 1.9943245695451317e-21, nan 
140.125, 77.625, 1.6679887748311076e-21, nan 
140.375, 77.625, 3.843455678388435e-21, nan 
140.625, 77.625, 1.4950895199267719e-21, nan 
140.875, 77.625, 1.2607269612084033e-21, nan 
141.125, 77.625, 1.3115148591857046e-21, nan 
141.375, 77.625, 1.3786191792814066e-21, nan 
141.625, 77.625, 1.2727999970617366e-21, nan 
141.875, 77.625, 1.202954043433781e-21, nan 
142.125, 77.625, 1.0585577107996557e-21, nan 
142.375, 77.625, 7.579460783047971e-22, nan 
142.625, 77.625, 1.1801174046091196e-21, nan 
142.875, 77.625, 8.820831121847795e-22, nan 
143.125, 77.625, 7.17082848718185e-22, nan 
143.375, 77.625, 7.927866306766451e-22, nan 
143.625, 77.625, 4.552148679632463e-22, nan 
143.875, 77.625, 4.448999110689279e-22, nan 
144.125, 77.625, 1.4861150734611087e-22, nan 
144.375, 77.625, 1.9080934914008506e-22, nan 
144.625, 77.625, 4.803232486714668e-22, nan 
144.875, 77.625, 6.27427642361025e-22, nan 
145.125, 77.625, 6.114486200112692e-22, nan 
145.375, 77.625, 2.1577738553078217e-22, nan 
145.625, 77.625, 4.137941194112477e-22, nan 
145.875, 77.625, 6.780380957702145e-22, nan 
146.125, 77.625, 6.105316056734545e-22, nan 
146.375, 77.625, 6.551828347997904e-22, nan 
146.625, 77.625, 4.644452213396783e-22, nan 
146.875, 77.625, 3.546618322014897e-22, nan 
147.125, 77.625, 3.023718210990214e-22, nan 
147.375, 77.625, 2.594566708509699e-22, nan 
147.625, 77.625, 3.780215227454153e-22, nan 
147.875, 77.625, 3.4188346574319874e-22, nan 
148.125, 77.625, 2.584987270138798e-22, nan 
148.375, 77.625, 2.844320096988375e-22, nan 
148.625, 77.625, 3.1545854269184067e-22, nan 
148.875, 77.625, 3.5901206179839335e-22, nan 
149.125, 77.625, 4.297942895289834e-22, nan 
149.375, 77.625, 3.025154619599786e-22, nan 
149.625, 77.625, 3.9135763315659797e-22, nan 
149.875, 77.625, 4.882293848034274e-22, nan 
150.125, 77.625, 5.700959158896202e-22, nan 
150.375, 77.625, 7.1751687549811215e-22, nan 
150.625, 77.625, 6.876194295923433e-22, nan 
150.875, 77.625, 6.457422067077168e-22, nan 
151.125, 77.625, 4.402283382822673e-22, nan 
151.375, 77.625, 3.360776493087447e-22, nan 
151.625, 77.625, 3.787341629105124e-22, nan 
151.875, 77.625, 3.7228775657099913e-22, nan 
152.125, 77.625, 3.9499637498879934e-22, nan 
152.375, 77.625, 2.659721275646179e-22, nan 
152.625, 77.625, 2.7217566925408844e-22, nan 
152.875, 77.625, 2.43306290905854e-22, nan 
153.125, 77.625, 1.729515697100684e-22, nan 
153.375, 77.625, 1.4947968844255107e-22, nan 
153.625, 77.625, 2.015465648229402e-22, nan 
153.875, 77.625, 2.909776105921495e-22, nan 
154.125, 77.625, 2.3623157761046255e-22, nan 
154.375, 77.625, 1.6090748839512703e-22, nan 
154.625, 77.625, 1.2499846159660786e-22, nan 
154.875, 77.625, 1.1616588584145323e-22, nan 
155.125, 77.625, 6.828860352527189e-23, nan 
155.375, 77.625, 1.0677846195336107e-22, nan 
155.625, 77.625, 7.114660001989324e-23, nan 
155.875, 77.625, 7.156580399189864e-23, nan 
156.125, 77.625, 5.844921349574448e-23, nan 
156.375, 77.625, 3.697807880251017e-23, nan 
156.625, 77.625, 7.204252186473431e-23, nan 
156.875, 77.625, 6.751722533365224e-23, nan 
157.125, 77.625, 8.79241831949256e-23, nan 
157.375, 77.625, 5.664024156354621e-23, nan 
157.625, 77.625, 5.746690987729504e-23, nan 
157.875, 77.625, 7.109130754822762e-23, nan 
158.125, 77.625, 6.513428022110288e-23, nan 
158.375, 77.625, 1.232237248293846e-22, nan 
158.625, 77.625, 1.5487648499396723e-22, nan 
158.875, 77.625, 1.2325305362518732e-22, nan 
159.125, 77.625, 9.540577223283993e-23, nan 
159.375, 77.625, 1.1332659778525932e-22, nan 
159.625, 77.625, 1.2289681622520108e-22, nan 
159.875, 77.625, 1.1725637046751665e-22, nan 
160.125, 77.625, 6.815746015273002e-23, nan 
160.375, 77.625, 4.069950054027121e-23, nan 
160.625, 77.625, 2.6332626651629333e-23, nan 
160.875, 77.625, 8.334513293847984e-23, nan 
161.125, 77.625, 6.035065886224548e-23, nan 
161.375, 77.625, 5.666482351193622e-23, nan 
161.625, 77.625, 9.120074868017605e-23, nan 
161.875, 77.625, 1.1272953535574188e-22, nan 
162.125, 77.625, 7.215676376223267e-23, nan 
162.375, 77.625, 8.882676220854923e-23, nan 
162.625, 77.625, 6.578297206761112e-23, nan 
162.875, 77.625, 7.103317351743005e-23, nan 
163.125, 77.625, 8.759495135980639e-23, nan 
163.375, 77.625, 6.919025576495083e-23, nan 
163.625, 77.625, 7.986639853316371e-23, nan 
163.875, 77.625, 6.843483829600068e-23, nan 
164.125, 77.625, 4.3294288741037284e-23, nan 
164.375, 77.625, 6.525853627306748e-23, nan 
164.625, 77.625, 6.413498380790486e-23, nan 
164.875, 77.625, 6.543054506565349e-23, nan 
165.125, 77.625, 7.460957639213643e-23, nan 
165.375, 77.625, 7.171812208139278e-23, nan 
165.625, 77.625, 5.185485657826032e-23, nan 
165.875, 77.625, 5.2117144415534565e-23, nan 
166.125, 77.625, 5.659238825403626e-23, nan 
166.375, 77.625, 6.582639227263967e-23, nan 
166.625, 77.625, 9.149281593102437e-23, nan 
166.875, 77.625, 1.0159501012359615e-22, nan 
167.125, 77.625, 9.93320730886863e-23, nan 
167.375, 77.625, 8.533697255891212e-23, nan 
167.625, 77.625, 7.691209929358644e-23, nan 
167.875, 77.625, 7.424840060970775e-23, nan 
168.125, 77.625, 4.950970863472505e-23, nan 
168.375, 77.625, 3.446869181588895e-23, nan 
168.625, 77.625, 3.811959238248659e-23, nan 
168.875, 77.625, 3.9490453277388264e-23, nan 
169.125, 77.625, 4.015807339933441e-23, nan 
169.375, 77.625, 2.8438547910060915e-23, nan 
169.625, 77.625, 2.8263478647550016e-23, nan 
169.875, 77.625, 2.3304712117802514e-23, nan 
170.125, 77.625, 2.3161239167408775e-23, nan 
170.375, 77.625, 2.536736089377425e-23, nan 
170.625, 77.625, 4.385560606589809e-23, nan 
170.875, 77.625, 7.489227814021147e-23, nan 
171.125, 77.625, 9.06274116185285e-23, nan 
171.375, 77.625, 9.440627757842806e-23, nan 
171.625, 77.625, 9.036692192426123e-23, nan 
171.875, 77.625, 8.976943445943515e-23, nan 
172.125, 77.625, 8.378032833890432e-23, nan 
172.375, 77.625, 9.464508345981471e-23, nan 
172.625, 77.625, 8.693564017105378e-23, nan 
172.875, 77.625, 7.718962968796841e-23, nan 
173.125, 77.625, 5.864968052051269e-23, nan 
173.375, 77.625, 5.2683056322978755e-23, nan 
173.625, 77.625, 2.7493214689134644e-23, nan 
173.875, 77.625, 4.293128141666227e-23, nan 
174.125, 77.625, 4.626579058308606e-23, nan 
174.375, 77.625, 4.5879789152437707e-23, nan 
174.625, 77.625, 4.48508966851026e-23, nan 
174.875, 77.625, 3.6228200374751464e-23, nan 
175.125, 77.625, 4.899333994087201e-23, nan 
175.375, 77.625, 5.2735270382996024e-23, nan 
175.625, 77.625, 3.870585239803252e-23, nan 
175.875, 77.625, 2.9421672127990566e-23, nan 
176.125, 77.625, 2.874449447835683e-23, nan 
176.375, 77.625, 3.34049710514787e-23, nan 
176.625, 77.625, 2.943998570693669e-23, nan 
176.875, 77.625, 2.4202157848527132e-23, nan 
177.125, 77.625, 2.211727129595753e-23, nan 
177.375, 77.625, 3.219759764068831e-23, nan 
177.625, 77.625, 2.753907815361621e-23, nan 
177.875, 77.625, 3.0331660711874347e-23, nan 
178.125, 77.625, 2.0621439483795223e-23, nan 
178.375, 77.625, 9.308876754273512e-24, nan 
178.625, 77.625, 1.3226983040552309e-23, nan 
178.875, 77.625, 2.3090634974116235e-23, nan 
179.125, 77.625, 1.8681738871574706e-23, nan 
179.375, 77.625, 1.6268587100333267e-23, nan 
179.625, 77.625, 1.1877205629548412e-23, nan 
179.875, 77.625, 2.1306191922926348e-23, nan 
-179.875, 77.875, 1.975435755141224e-23, nan 
-179.625, 77.875, 2.393922226519943e-23, nan 
-179.375, 77.875, 3.426300037142757e-23, nan 
-179.125, 77.875, 4.1800132292344994e-23, nan 
-178.875, 77.875, 4.9167365391794284e-23, nan 
-178.625, 77.875, 4.656813145211381e-23, nan 
-178.375, 77.875, 5.213658122862958e-23, nan 
-178.125, 77.875, 4.510049342007811e-23, nan 
-177.875, 77.875, 2.5054146137008687e-23, nan 
-177.625, 77.875, 1.3516324789403697e-23, nan 
-177.375, 77.875, 2.9200861147502794e-23, nan 
-177.125, 77.875, 3.6934379582921353e-23, nan 
-176.875, 77.875, 5.8888484251065e-23, nan 
-176.625, 77.875, 5.812457842735531e-23, nan 
-176.375, 77.875, 6.260511123930742e-23, nan 
-176.125, 77.875, 4.354129149065879e-23, nan 
-175.875, 77.875, 4.062102481672528e-23, nan 
-175.625, 77.875, 2.5955312216046816e-23, nan 
-175.375, 77.875, 3.521508477882095e-23, nan 
-175.125, 77.875, 4.161188252195246e-23, nan 
-174.875, 77.875, 2.6574080059566353e-23, nan 
-174.625, 77.875, 1.1885561090665161e-23, nan 
-174.375, 77.875, 2.1511299142746454e-23, nan 
-174.125, 77.875, 3.430169762754936e-23, nan 
-173.875, 77.875, 3.915836951389664e-23, nan 
-173.625, 77.875, 4.150904813754752e-23, nan 
-173.375, 77.875, 3.894433919508871e-23, nan 
-173.125, 77.875, 5.384876701334501e-23, nan 
-172.875, 77.875, 7.256054479871886e-23, nan 
-172.625, 77.875, 3.6457127781895136e-23, nan 
-172.375, 77.875, 4.350403094259411e-23, nan 
-172.125, 77.875, 2.5154772295018613e-23, nan 
-171.875, 77.875, 4.681076244686843e-23, nan 
-171.625, 77.875, 9.148232612545446e-23, nan 
-171.375, 77.875, 7.305381885329379e-23, nan 
-171.125, 77.875, 8.266938445693045e-23, nan 
-170.875, 77.875, 3.492378587417122e-23, nan 
-170.625, 77.875, 7.953327900794554e-23, nan 
-170.375, 77.875, 1.0056012656992154e-22, nan 
-170.125, 77.875, 8.403121362008515e-23, nan 
-169.875, 77.875, 9.636071482456216e-23, nan 
-169.625, 77.875, 5.421547368818973e-23, nan 
-169.375, 77.875, 6.811382779789014e-23, nan 
-169.125, 77.875, 8.10073294632276e-23, nan 
-168.875, 77.875, 4.791513286637199e-23, nan 
-168.625, 77.875, 5.2361431666247e-23, nan 
-168.375, 77.875, 5.781202768772468e-23, nan 
-168.125, 77.875, 6.628299511234171e-23, nan 
-167.875, 77.875, 9.172176906253035e-23, nan 
-167.625, 77.875, 8.49776250419818e-23, nan 
-167.375, 77.875, 6.336343225688843e-23, nan 
-167.125, 77.875, 4.508794399382418e-23, nan 
-166.875, 77.875, 6.308159572869094e-23, nan 
-166.625, 77.875, 8.387955424285688e-23, nan 
-166.375, 77.875, 8.208487400321334e-23, nan 
-166.125, 77.875, 6.599312567806165e-23, nan 
-165.875, 77.875, 6.685888445856125e-23, nan 
-165.625, 77.875, 3.3696273090514394e-23, nan 
-165.375, 77.875, 3.277112338535367e-23, nan 
-165.125, 77.875, 2.5156598902228423e-23, nan 
-164.875, 77.875, 1.9566219955635413e-23, nan 
-164.625, 77.875, 1.8882103055042003e-23, nan 
-164.375, 77.875, 2.1585413169880783e-23, nan 
-164.125, 77.875, 1.91061308114716e-23, nan 
-163.875, 77.875, 1.9795330037145607e-23, nan 
-163.625, 77.875, 1.7704284819849822e-23, nan 
-163.375, 77.875, 1.6889274612790727e-23, nan 
-163.125, 77.875, 1.685549153279807e-23, nan 
-162.875, 77.875, 1.4878222696752269e-23, nan 
-162.625, 77.875, 9.125336091929684e-24, nan 
-162.375, 77.875, 1.192082240010022e-23, nan 
-162.125, 77.875, 1.5342835864092053e-23, nan 
-161.875, 77.875, 1.842937120531071e-23, nan 
-161.625, 77.875, 1.676064720143298e-23, nan 
-161.375, 77.875, 1.899956098191523e-23, nan 
-161.125, 77.875, 1.0721367409759518e-23, nan 
-160.875, 77.875, 1.0930072124132993e-23, nan 
-160.625, 77.875, 1.1812118743213172e-23, nan 
-160.375, 77.875, 1.3651294771636273e-23, nan 
-160.125, 77.875, 1.8345697054066968e-23, nan 
-159.875, 77.875, 1.7484615380470865e-23, nan 
-159.625, 77.875, 1.709766497546949e-23, nan 
-159.375, 77.875, 1.002953972857957e-23, nan 
-159.125, 77.875, 4.711919492508224e-24, nan 
-158.875, 77.875, 8.927735220769685e-24, nan 
-158.625, 77.875, 8.637337325147587e-24, nan 
-158.375, 77.875, 8.434780979454164e-24, nan 
-158.125, 77.875, 6.873593465804167e-24, nan 
-157.875, 77.875, 7.862308322969756e-24, nan 
-157.625, 77.875, 5.389296143808577e-24, nan 
-157.375, 77.875, 5.457064373083175e-24, nan 
-157.125, 77.875, 5.110631348205119e-24, nan 
-156.875, 77.875, 5.573268569122879e-24, nan 
-156.625, 77.875, 7.013274814712441e-24, nan 
-156.375, 77.875, 6.9320275704231e-24, nan 
-156.125, 77.875, 1.0212443815051694e-23, nan 
-155.875, 77.875, 1.2486416883890436e-23, nan 
-155.625, 77.875, 1.2431769107201707e-23, nan 
-155.375, 77.875, 1.1664469589070511e-23, nan 
-155.125, 77.875, 9.481616533875885e-24, nan 
-154.875, 77.875, 1.1206055110366342e-23, nan 
-154.625, 77.875, 1.4829687862241166e-23, nan 
-154.375, 77.875, 1.2431557102467593e-23, nan 
-154.125, 77.875, 1.3455941109101908e-23, nan 
-153.875, 77.875, 1.0006630390504951e-23, nan 
-153.625, 77.875, 4.523091321981778e-24, nan 
-153.375, 77.875, 5.3672060699332734e-24, nan 
-153.125, 77.875, 6.533724440081859e-24, nan 
-152.875, 77.875, 6.0852228976538676e-24, nan 
-152.625, 77.875, 5.230928151159351e-24, nan 
-152.375, 77.875, 2.4453783817325454e-24, nan 
-152.125, 77.875, 3.034163802102864e-24, nan 
-151.875, 77.875, 4.188381204751592e-24, nan 
-151.625, 77.875, 5.10933019599111e-24, nan 
-151.375, 77.875, 6.39651174904024e-24, nan 
-151.125, 77.875, 9.218917757084208e-24, nan 
-150.875, 77.875, 1.0315038825119482e-23, nan 
-150.625, 77.875, 7.780197284875801e-24, nan 
-150.375, 77.875, 7.186629397648258e-24, nan 
-150.125, 77.875, 6.049733427683221e-24, nan 
-149.875, 77.875, 6.76706021415238e-24, nan 
-149.625, 77.875, 1.0734596699757345e-23, nan 
-149.375, 77.875, 8.838822874875542e-24, nan 
-149.125, 77.875, 9.527239531245432e-24, nan 
-148.875, 77.875, 1.697872474719097e-23, nan 
-148.625, 77.875, 1.1636194400779413e-23, nan 
-148.375, 77.875, 1.749914733623126e-23, nan 
-148.125, 77.875, 1.6516690619643415e-23, nan 
-147.875, 77.875, 1.943647943515058e-23, nan 
-147.625, 77.875, 2.1983506476634326e-23, nan 
-147.375, 77.875, 1.8548336056181412e-23, nan 
-147.125, 77.875, 1.537552750949264e-23, nan 
-146.875, 77.875, 1.5010510128146996e-23, nan 
-146.625, 77.875, 1.7723826253604198e-23, nan 
-146.375, 77.875, 1.406158907254051e-23, nan 
-146.125, 77.875, 1.2919467271009558e-23, nan 
-145.875, 77.875, 1.743491225985176e-23, nan 
-145.625, 77.875, 1.4933475233086566e-23, nan 
-145.375, 77.875, 1.4376273262210825e-23, nan 
-145.125, 77.875, 1.658520430448e-23, nan 
-144.875, 77.875, 1.3612460062050506e-23, nan 
-144.625, 77.875, 1.7612954061163572e-23, nan 
-144.375, 77.875, 2.4895104762135436e-23, nan 
-144.125, 77.875, 2.5138184401415638e-23, nan 
-143.875, 77.875, 1.9078656028778858e-23, nan 
-143.625, 77.875, 1.7195984345228376e-23, nan 
-143.375, 77.875, 2.1781274864096667e-23, nan 
-143.125, 77.875, 2.6380584672034806e-23, nan 
-142.875, 77.875, 2.1755378383502598e-23, nan 
-142.625, 77.875, 1.7645440402855816e-23, nan 
-11.875, 77.875, 1.7970194584976173e-24, nan 
-11.625, 77.875, 1.6481012592221798e-24, nan 
-11.375, 77.875, 1.596885246595183e-24, nan 
-11.125, 77.875, 1.754602292534158e-24, nan 
-10.875, 77.875, 1.693314307719412e-24, nan 
-10.625, 77.875, 1.7908466784180183e-24, nan 
-10.375, 77.875, 1.771708972808836e-24, nan 
-10.125, 77.875, 1.5695575002754925e-24, nan 
-9.875, 77.875, 1.1571233298790208e-24, nan 
-9.625, 77.875, 8.26123336066605e-25, nan 
-9.375, 77.875, 9.515750727000561e-25, nan 
-9.125, 77.875, 8.534216898330123e-25, nan 
-8.875, 77.875, 7.221133698586711e-25, nan 
-8.625, 77.875, 9.907740753201842e-25, nan 
-8.375, 77.875, 1.2420895738089167e-24, nan 
-8.125, 77.875, 1.4944969763384984e-24, nan 
-7.875, 77.875, 1.882999594555436e-24, nan 
-7.625, 77.875, 1.7357360144007413e-24, nan 
-7.375, 77.875, 1.5394475683443297e-24, nan 
-7.125, 77.875, 1.9211284436634076e-24, nan 
-6.875, 77.875, 1.9102520073538227e-24, nan 
-6.625, 77.875, 2.0848184856829224e-24, nan 
-6.375, 77.875, 2.0948110322933773e-24, nan 
-6.125, 77.875, 1.758856694418734e-24, nan 
-5.875, 77.875, 1.805575461857074e-24, nan 
-5.625, 77.875, 1.5637648253554265e-24, nan 
-5.375, 77.875, 1.1704145803715204e-24, nan 
-5.125, 77.875, 1.2192968070891726e-24, nan 
-4.875, 77.875, 9.769271893659321e-25, nan 
-4.625, 77.875, 1.066340480788824e-24, nan 
-4.375, 77.875, 1.0595619583694247e-24, nan 
-4.125, 77.875, 3.4144215751040854e-25, nan 
-3.875, 77.875, 9.446746576291117e-25, nan 
-3.625, 77.875, 8.760350408990465e-25, nan 
-3.375, 77.875, 8.283343571215138e-25, nan 
-3.125, 77.875, 7.3202630470330835e-25, nan 
-2.875, 77.875, 8.580103427687077e-25, nan 
-2.625, 77.875, 1.0768517352702555e-24, nan 
-2.375, 77.875, 1.5064789702663486e-24, nan 
-2.125, 77.875, 1.430830433535145e-24, nan 
-1.875, 77.875, 1.1015847481190622e-24, nan 
-1.625, 77.875, 1.3970633295028568e-24, nan 
-1.375, 77.875, 1.2340218866041698e-24, nan 
-1.125, 77.875, 1.0623080078507437e-24, nan 
-0.875, 77.875, 1.4664229971690907e-24, nan 
-0.625, 77.875, 1.695882280096875e-24, nan 
-0.375, 77.875, 1.6849460307413704e-24, nan 
-0.125, 77.875, 1.5960314972344125e-24, nan 
0.125, 77.875, 2.8565600931578612e-24, nan 
0.375, 77.875, 2.444922090515331e-24, nan 
0.625, 77.875, 1.828562013353972e-24, nan 
0.875, 77.875, 1.7481175968708577e-24, nan 
1.125, 77.875, 1.303213399239804e-24, nan 
1.375, 77.875, 2.8319536667220895e-24, nan 
1.625, 77.875, 2.685867538793717e-24, nan 
1.875, 77.875, 2.331001407598357e-24, nan 
2.125, 77.875, 3.1025774785213824e-24, nan 
2.375, 77.875, 1.7198498837586465e-24, nan 
2.625, 77.875, 4.634509004914342e-24, nan 
2.875, 77.875, 4.006499346622352e-24, nan 
3.125, 77.875, 3.963821082999336e-24, nan 
3.375, 77.875, 3.7561337443370874e-24, nan 
3.625, 77.875, 3.2553401003529194e-24, nan 
3.875, 77.875, 2.9298005727728493e-24, nan 
4.125, 77.875, 3.3234793944392875e-24, nan 
4.375, 77.875, 3.281738226608876e-24, nan 
4.625, 77.875, 3.315078838183542e-24, nan 
4.875, 77.875, 4.8601859494572335e-24, nan 
5.125, 77.875, 4.5210837869359936e-24, nan 
5.375, 77.875, 5.450346822803012e-24, nan 
5.625, 77.875, 5.29773959376389e-24, nan 
5.875, 77.875, 5.502371324136103e-24, nan 
6.125, 77.875, 5.6117215577870975e-24, nan 
6.375, 77.875, 5.431871912561273e-24, nan 
6.625, 77.875, 5.5962203962542086e-24, nan 
6.875, 77.875, 4.0411045875408266e-24, nan 
7.125, 77.875, 3.1621084993817183e-24, nan 
7.375, 77.875, 1.7348626456703776e-24, nan 
7.625, 77.875, 1.2256287893765098e-24, nan 
7.875, 77.875, 3.17014159816104e-24, nan 
8.125, 77.875, 4.743227675321358e-24, nan 
8.375, 77.875, 2.008543794207798e-24, nan 
8.625, 77.875, 4.1934430315801e-24, nan 
8.875, 77.875, 7.667889409253732e-24, nan 
9.125, 77.875, 6.469738980049903e-24, nan 
9.375, 77.875, 8.692669608721507e-24, nan 
9.625, 77.875, 1.0396395004506841e-23, nan 
9.875, 77.875, 8.367086589156154e-24, nan 
10.125, 77.875, 7.648097516094518e-24, nan 
10.375, 77.875, 7.796027924519239e-24, nan 
10.625, 77.875, 7.430452243265488e-24, nan 
10.875, 77.875, 7.618156046020842e-24, nan 
11.125, 77.875, 6.797007801929193e-24, nan 
11.375, 77.875, 7.351548495358326e-24, nan 
11.625, 77.875, 7.833167102494805e-24, nan 
11.875, 77.875, 8.293289017215274e-24, nan 
12.125, 77.875, 7.5632686538285e-24, nan 
12.375, 77.875, 8.789437924185873e-24, nan 
12.625, 77.875, 8.471085545689457e-24, nan 
12.875, 77.875, 8.139574971059196e-24, nan 
13.125, 77.875, 7.225962492378718e-24, nan 
13.375, 77.875, 7.266610675766429e-24, nan 
13.625, 77.875, 7.649349015368348e-24, nan 
13.875, 77.875, 6.910204643414698e-24, nan 
14.125, 77.875, 7.119533846146454e-24, nan 
14.375, 77.875, 5.457354070306453e-24, nan 
14.625, 77.875, 5.198159103383342e-24, nan 
14.875, 77.875, 3.316453128394501e-24, nan 
15.125, 77.875, 2.3120330370596785e-24, nan 
15.375, 77.875, 1.8523157097442936e-24, nan 
15.625, 77.875, 2.696731468544642e-24, nan 
15.875, 77.875, 3.6287439705670154e-24, nan 
16.125, 77.875, 3.632851562281373e-24, nan 
16.375, 77.875, 3.0245213306647257e-24, nan 
16.625, 77.875, 2.92750669757395e-24, nan 
16.875, 77.875, 2.6438358083481632e-24, nan 
17.125, 77.875, 2.8010455314915486e-24, nan 
17.375, 77.875, 2.307685140079627e-24, nan 
17.625, 77.875, 1.3467864343914357e-24, nan 
17.875, 77.875, 1.2939279582418031e-24, nan 
18.125, 77.875, 1.6923911819883494e-24, nan 
18.375, 77.875, 1.5009923641637886e-24, nan 
18.625, 77.875, 1.1166574078983426e-24, nan 
18.875, 77.875, 1.0019715165863143e-24, nan 
19.125, 77.875, 1.5356870335627197e-24, nan 
19.375, 77.875, 2.0486268520755726e-24, nan 
19.625, 77.875, 1.6465303658757013e-24, nan 
19.875, 77.875, 2.3045319079386527e-24, nan 
20.125, 77.875, 2.3225088920403577e-24, nan 
20.375, 77.875, 1.939384436961752e-24, nan 
20.625, 77.875, 1.3931224192952047e-24, nan 
20.875, 77.875, 1.6451155821857596e-24, nan 
21.125, 77.875, 1.897179742193537e-24, nan 
21.375, 77.875, 2.06553872986805e-24, nan 
21.625, 77.875, 2.5498040343902746e-24, nan 
21.875, 77.875, 3.6305444074661865e-24, nan 
22.125, 77.875, 1.9579296295076893e-24, nan 
22.375, 77.875, 1.8620213134135647e-24, nan 
22.625, 77.875, 1.323426136800929e-24, nan 
22.875, 77.875, 1.5753221829467624e-24, nan 
23.125, 77.875, 2.912313571520383e-24, nan 
23.375, 77.875, 2.1705204024325328e-24, nan 
23.625, 77.875, 1.44413814929422e-24, nan 
23.875, 77.875, 1.9090299501297388e-24, nan 
24.125, 77.875, 7.749125029926855e-25, nan 
24.375, 77.875, 1.850128331947419e-24, nan 
24.625, 77.875, 1.8597171774491686e-24, nan 
24.875, 77.875, 8.898249706795432e-25, nan 
25.125, 77.875, 1.860420609493419e-24, nan 
25.375, 77.875, 1.3876638261355791e-24, nan 
25.625, 77.875, 1.2555692108462074e-24, nan 
25.875, 77.875, 2.1822585253305517e-24, nan 
26.125, 77.875, 2.395127753023737e-24, nan 
26.375, 77.875, 2.115108947521179e-24, nan 
26.625, 77.875, 2.1958237180419642e-24, nan 
26.875, 77.875, 1.5388496896687318e-24, nan 
27.125, 77.875, 2.121398551610704e-24, nan 
27.375, 77.875, 2.0710591532160146e-24, nan 
27.625, 77.875, 1.477793443412787e-24, nan 
27.875, 77.875, 1.5465100112656161e-24, nan 
28.125, 77.875, 4.94561178826805e-25, nan 
28.375, 77.875, 2.20093999477807e-24, nan 
28.625, 77.875, 2.7065791016433598e-24, nan 
28.875, 77.875, 2.024715907843012e-24, nan 
29.125, 77.875, 2.112154125383179e-24, nan 
29.375, 77.875, 1.2724478754408409e-24, nan 
29.625, 77.875, 4.652702948059088e-24, nan 
29.875, 77.875, 4.9636463426646855e-24, nan 
30.125, 77.875, 3.661442035934469e-24, nan 
30.375, 77.875, 2.0119678262734692e-24, nan 
30.625, 77.875, 2.3375340325358154e-24, nan 
30.875, 77.875, 2.971588952109379e-24, nan 
31.125, 77.875, 4.565850817236169e-24, nan 
31.375, 77.875, 6.3887444171894755e-24, nan 
31.625, 77.875, 6.319906301864423e-24, nan 
31.875, 77.875, 5.491288369001784e-24, nan 
32.125, 77.875, 8.58902221321917e-24, nan 
32.375, 77.875, 6.825443320039113e-24, nan 
32.625, 77.875, 7.676974937081346e-24, nan 
32.875, 77.875, 8.55574428633914e-24, nan 
33.125, 77.875, 7.810391441050127e-24, nan 
33.375, 77.875, 9.287056535704094e-24, nan 
33.625, 77.875, 8.896759613758601e-24, nan 
33.875, 77.875, 7.436491223572663e-24, nan 
34.125, 77.875, 4.823980630519767e-24, nan 
34.375, 77.875, 6.3872962449923e-24, nan 
34.625, 77.875, 7.77486803067291e-24, nan 
34.875, 77.875, 6.97411708891542e-24, nan 
35.125, 77.875, 5.157511755464131e-24, nan 
35.375, 77.875, 3.574015424787828e-24, nan 
35.625, 77.875, 4.5840717124083886e-24, nan 
35.875, 77.875, 5.71172395280555e-24, nan 
36.125, 77.875, 5.238529801340104e-24, nan 
36.375, 77.875, 3.544805123737822e-24, nan 
36.625, 77.875, 3.1759870140271165e-24, nan 
36.875, 77.875, 5.031775486200245e-24, nan 
37.125, 77.875, 1.0308971022825088e-23, nan 
37.375, 77.875, 1.0079879319060737e-23, nan 
37.625, 77.875, 9.247603643641658e-24, nan 
37.875, 77.875, 6.583392287928951e-24, nan 
38.125, 77.875, 8.205339510795169e-24, nan 
38.375, 77.875, 1.4640196592082123e-23, nan 
38.625, 77.875, 1.4567439264897217e-23, nan 
38.875, 77.875, 1.1999699345989101e-23, nan 
39.125, 77.875, 7.229638299080505e-24, nan 
39.375, 77.875, 1.114907935724533e-23, nan 
39.625, 77.875, 1.8995583566056113e-23, nan 
39.875, 77.875, 1.7388885643026102e-23, nan 
40.125, 77.875, 1.677491794993417e-23, nan 
40.375, 77.875, 1.4134168476529567e-23, nan 
40.625, 77.875, 1.5531625987799941e-23, nan 
40.875, 77.875, 8.735815623513043e-24, nan 
41.125, 77.875, 6.955583191582434e-24, nan 
41.375, 77.875, 7.196565161512324e-24, nan 
41.625, 77.875, 6.535390584155767e-24, nan 
41.875, 77.875, 1.3891986312919193e-23, nan 
42.125, 77.875, 6.831741921125297e-24, nan 
42.375, 77.875, 3.1692100558227907e-24, nan 
42.625, 77.875, 6.01882959386937e-24, nan 
42.875, 77.875, 6.520621688806606e-24, nan 
43.125, 77.875, 1.4357303676107768e-23, nan 
43.375, 77.875, 1.1251205494036786e-23, nan 
43.625, 77.875, 6.3865594346740194e-24, nan 
43.875, 77.875, 7.843288100293228e-24, nan 
44.125, 77.875, 1.0927097607937027e-23, nan 
44.375, 77.875, 1.2744325196574733e-23, nan 
44.625, 77.875, 1.0643654387383865e-23, nan 
44.875, 77.875, 8.465538834709e-24, nan 
45.125, 77.875, 7.914609476560645e-24, nan 
45.375, 77.875, 1.301942415121876e-23, nan 
45.625, 77.875, 1.728851255222718e-23, nan 
45.875, 77.875, 8.155424757104195e-24, nan 
46.125, 77.875, 1.0737036321527767e-23, nan 
46.375, 77.875, 6.738428476688871e-24, nan 
46.625, 77.875, 5.7440406395846076e-24, nan 
46.875, 77.875, 3.2119471455256436e-24, nan 
47.125, 77.875, 3.669510000754785e-24, nan 
47.375, 77.875, 4.965632712559707e-24, nan 
47.625, 77.875, 2.9180991636288618e-24, nan 
47.875, 77.875, 2.5082414609167404e-24, nan 
48.125, 77.875, 4.040512481517457e-24, nan 
48.375, 77.875, 3.441125960535956e-24, nan 
48.625, 77.875, 9.585205072767996e-24, nan 
48.875, 77.875, 1.8570085968764657e-23, nan 
49.125, 77.875, 1.5607935878443755e-23, nan 
49.375, 77.875, 1.1659103574353539e-23, nan 
49.625, 77.875, 1.2096873568656851e-23, nan 
49.875, 77.875, 1.5450834181571935e-23, nan 
50.125, 77.875, 2.2133766920988723e-23, nan 
50.375, 77.875, 2.4659835027429895e-23, nan 
50.625, 77.875, 1.1514646150716138e-23, nan 
50.875, 77.875, 1.411238652674936e-23, nan 
51.125, 77.875, 1.3249460809520896e-23, nan 
51.375, 77.875, 8.114547470781697e-24, nan 
51.625, 77.875, 1.325892852463258e-23, nan 
51.875, 77.875, 1.717139650590567e-23, nan 
52.125, 77.875, 1.108890758166815e-23, nan 
52.375, 77.875, 9.272293701996639e-24, nan 
52.625, 77.875, 1.335543111086234e-23, nan 
52.875, 77.875, 4.2538702826674887e-23, nan 
53.125, 77.875, 2.7359132345178794e-23, nan 
53.375, 77.875, 2.8291315315724305e-23, nan 
53.625, 77.875, 3.495446285289178e-23, nan 
53.875, 77.875, 1.1873808207284621e-23, nan 
54.125, 77.875, 2.7698320825385994e-23, nan 
54.375, 77.875, 1.8562562873492257e-23, nan 
54.625, 77.875, 2.4980963797180835e-23, nan 
54.875, 77.875, 3.180406349020706e-23, nan 
55.125, 77.875, 1.5030655150454545e-23, nan 
55.375, 77.875, 1.0912334539711695e-23, nan 
55.625, 77.875, 1.399745024086777e-23, nan 
55.875, 77.875, 3.202482780642252e-23, nan 
56.125, 77.875, 2.782128944016366e-23, nan 
56.375, 77.875, 3.117805191588881e-23, nan 
56.625, 77.875, 3.529237736501626e-23, nan 
56.875, 77.875, 4.7413937374175685e-23, nan 
57.125, 77.875, 5.102614842568856e-23, nan 
57.375, 77.875, 3.5438939125987674e-23, nan 
57.625, 77.875, 4.261351770367945e-23, nan 
57.875, 77.875, 4.840388464448541e-23, nan 
58.125, 77.875, 4.550764798791698e-23, nan 
58.375, 77.875, 2.9498485120179764e-23, nan 
58.625, 77.875, 6.380431807049037e-23, nan 
58.875, 77.875, 6.918387700109874e-23, nan 
59.125, 77.875, 6.239492575943702e-23, nan 
59.375, 77.875, 6.272660811801041e-23, nan 
59.625, 77.875, 6.270906028558702e-23, nan 
59.875, 77.875, 7.868055703318686e-23, nan 
60.125, 77.875, 1.0001835645911079e-22, nan 
60.375, 77.875, 9.577789920481452e-23, nan 
60.625, 77.875, 9.199382334460334e-23, nan 
60.875, 77.875, 1.214212053012087e-22, nan 
61.125, 77.875, 1.1210050474816853e-22, nan 
61.375, 77.875, 1.0038445474959669e-22, nan 
61.625, 77.875, 1.011014760618623e-22, nan 
61.875, 77.875, 7.934068084573227e-23, nan 
62.125, 77.875, 1.1195970176763747e-22, nan 
62.375, 77.875, 1.0037460008344317e-22, nan 
62.625, 77.875, 1.1828784783143532e-22, nan 
62.875, 77.875, 7.214251180790509e-23, nan 
63.125, 77.875, 1.0921675758697225e-22, nan 
63.375, 77.875, 8.093668635408375e-23, nan 
63.625, 77.875, 1.0423133802652758e-22, nan 
63.875, 77.875, 8.348360296952231e-23, nan 
64.125, 77.875, 7.167334822811469e-23, nan 
64.375, 77.875, 1.933352412754719e-22, nan 
64.625, 77.875, 1.3335045633929235e-22, nan 
64.875, 77.875, 1.6532576937493864e-22, nan 
65.125, 77.875, 8.40914856670148e-23, nan 
65.375, 77.875, 6.7078081023334e-23, nan 
65.625, 77.875, 1.240074172421741e-22, nan 
65.875, 77.875, 9.560455559870636e-23, nan 
66.125, 77.875, 1.4484909372779888e-22, nan 
66.375, 77.875, 1.628178812817606e-22, nan 
66.625, 77.875, 1.946530263826256e-22, nan 
66.875, 77.875, 1.3960092421955628e-22, nan 
67.125, 77.875, 1.651655397859611e-22, nan 
67.375, 77.875, 1.5143364475069541e-22, nan 
67.625, 77.875, 1.1808091579662993e-22, nan 
67.875, 77.875, 8.385151935051948e-23, nan 
68.125, 77.875, 6.499278512759555e-23, nan 
68.375, 77.875, 5.512235454824118e-23, nan 
68.625, 77.875, 5.174242609305227e-23, nan 
68.875, 77.875, 5.986308594026223e-23, nan 
69.125, 77.875, 2.871255343307778e-23, nan 
69.375, 77.875, 8.295117043666579e-23, nan 
69.625, 77.875, 1.7066185829015187e-22, nan 
69.875, 77.875, 1.9770131077763345e-22, nan 
70.125, 77.875, 1.2894616559274688e-22, nan 
70.375, 77.875, 5.1295574566286536e-23, nan 
70.625, 77.875, 9.18408589241433e-23, nan 
70.875, 77.875, 4.274390687980115e-22, nan 
71.125, 77.875, 4.6960468467945125e-22, nan 
71.375, 77.875, 2.7480468370299554e-22, nan 
71.625, 77.875, 1.1123232986573781e-22, nan 
71.875, 77.875, 6.712893529230125e-23, nan 
72.125, 77.875, 2.795649144539505e-22, nan 
72.375, 77.875, 2.77561323548243e-22, nan 
72.625, 77.875, 1.8269320761684832e-22, nan 
72.875, 77.875, 1.1770400144148118e-22, nan 
73.125, 77.875, 9.873458809311056e-23, nan 
73.375, 77.875, 8.877346032798025e-23, nan 
73.625, 77.875, 6.599881335404893e-23, nan 
73.875, 77.875, 9.079671388068205e-23, nan 
74.125, 77.875, 5.863272370213856e-23, nan 
74.375, 77.875, 7.483171967763079e-23, nan 
74.625, 77.875, 6.471940424258776e-23, nan 
74.875, 77.875, 6.14193903003286e-23, nan 
75.125, 77.875, 1.2078282008216416e-22, nan 
75.375, 77.875, 1.2622453540555538e-22, nan 
75.625, 77.875, 1.9396861661931496e-22, nan 
75.875, 77.875, 2.724872079667475e-22, nan 
76.125, 77.875, 2.3871800517310897e-22, nan 
76.375, 77.875, 1.8704994040003933e-22, nan 
76.625, 77.875, 2.548765821602002e-22, nan 
76.875, 77.875, 2.8918923925487377e-22, nan 
77.125, 77.875, 3.2434472713171235e-22, nan 
77.375, 77.875, 3.6348783156072033e-22, nan 
77.625, 77.875, 2.9352716203024626e-22, nan 
77.875, 77.875, 5.433692857165672e-22, nan 
78.125, 77.875, 3.9941882469934034e-22, nan 
78.375, 77.875, 2.902005729785145e-22, nan 
78.625, 77.875, 3.6761930185503933e-22, nan 
78.875, 77.875, 3.0591190074797177e-22, nan 
79.125, 77.875, 4.25243253694423e-22, nan 
79.375, 77.875, 3.744755966258082e-22, nan 
79.625, 77.875, 2.902850181917628e-22, nan 
79.875, 77.875, 3.5869252408843275e-22, nan 
80.125, 77.875, 3.412135232161675e-22, nan 
80.375, 77.875, 3.9833713413234987e-22, nan 
80.625, 77.875, 6.629003049186848e-22, nan 
80.875, 77.875, 4.88016904626268e-22, nan 
81.125, 77.875, 5.346566364241865e-22, nan 
81.375, 77.875, 6.747257211596067e-22, nan 
81.625, 77.875, 6.195508465032923e-22, nan 
81.875, 77.875, 1.1373172241441177e-21, nan 
82.125, 77.875, 7.741213820794468e-22, nan 
82.375, 77.875, 7.943144769783219e-22, nan 
82.625, 77.875, 1.1246755242649803e-21, nan 
82.875, 77.875, 9.202848988013289e-22, nan 
83.125, 77.875, 1.027892461439076e-21, nan 
83.375, 77.875, 4.850899075502268e-22, nan 
83.625, 77.875, 6.016891408783208e-22, nan 
83.875, 77.875, 9.049210006936087e-22, nan 
84.125, 77.875, 4.960828947060803e-22, nan 
84.375, 77.875, 6.244908791375414e-22, nan 
84.625, 77.875, 5.482910301682136e-22, nan 
84.875, 77.875, 5.473777602846183e-22, nan 
85.125, 77.875, 8.473704698767859e-22, nan 
85.375, 77.875, 5.506313506098737e-22, nan 
85.625, 77.875, 5.09016706502079e-22, nan 
85.875, 77.875, 6.739627488011866e-22, nan 
86.125, 77.875, 6.90395131204079e-22, nan 
86.375, 77.875, 8.55874062596956e-22, nan 
86.625, 77.875, 8.291203986511836e-22, nan 
86.875, 77.875, 9.622369976203978e-22, nan 
87.125, 77.875, 7.890155250679064e-22, nan 
87.375, 77.875, 3.0377393752325263e-21, nan 
87.625, 77.875, 3.3316411221988072e-21, nan 
87.875, 77.875, 2.4110695181148594e-21, nan 
88.125, 77.875, 1.7948388632472633e-21, nan 
88.375, 77.875, 1.485746473898705e-21, nan 
88.625, 77.875, 2.3440790335879897e-21, nan 
88.875, 77.875, 3.573936584605192e-21, nan 
89.125, 77.875, 3.083626686811037e-21, nan 
89.375, 77.875, 2.5855001686393792e-21, nan 
89.625, 77.875, 1.6500234835145162e-21, nan 
89.875, 77.875, 1.203352156904527e-21, nan 
90.125, 77.875, 9.461804709218603e-22, nan 
90.375, 77.875, 9.395799723526461e-22, nan 
90.625, 77.875, 6.9098871667413365e-22, nan 
90.875, 77.875, 8.010496744092999e-22, nan 
91.125, 77.875, 1.0971605822648394e-21, nan 
91.375, 77.875, 8.4772109741808e-22, nan 
91.625, 77.875, 1.2492992514355272e-21, nan 
91.875, 77.875, 1.0267816053785083e-21, nan 
92.125, 77.875, 1.4519560313808548e-21, nan 
92.375, 77.875, 2.714256384752833e-21, nan 
92.625, 77.875, 3.6820537829672e-21, nan 
92.875, 77.875, 4.902427243983461e-21, nan 
93.125, 77.875, 4.9159863097576705e-21, nan 
93.375, 77.875, 5.157275608336085e-21, nan 
93.625, 77.875, 5.1555314258207295e-21, nan 
93.875, 77.875, 5.212944540520227e-21, nan 
94.125, 77.875, 5.863972773455428e-21, nan 
94.375, 77.875, 5.595537933654099e-21, nan 
94.625, 77.875, 5.3602121575224124e-21, nan 
94.875, 77.875, 3.1192974767119687e-21, nan 
95.125, 77.875, 2.931883555589905e-21, nan 
95.375, 77.875, 1.96971652690683e-21, nan 
95.625, 77.875, 1.794030963535439e-21, nan 
95.875, 77.875, 2.884213008067147e-21, nan 
96.125, 77.875, 4.486778416221485e-21, nan 
96.375, 77.875, 3.311039855405212e-21, nan 
96.625, 77.875, 4.050369947266113e-21, nan 
96.875, 77.875, 5.0300940830430165e-21, nan 
97.125, 77.875, 6.268070458073235e-21, nan 
97.375, 77.875, 8.329598160574805e-21, nan 
97.625, 77.875, 9.064211034601438e-21, nan 
97.875, 77.875, 8.721594458330198e-21, nan 
98.125, 77.875, 7.83104632850529e-21, nan 
98.375, 77.875, 6.50639825459502e-21, nan 
98.625, 77.875, 5.842898438131876e-21, nan 
98.875, 77.875, 7.612447886065109e-21, nan 
99.125, 77.875, 7.74052489701457e-21, nan 
99.375, 77.875, 5.293524433130394e-21, nan 
99.625, 77.875, 5.592260471400562e-21, nan 
99.875, 77.875, 4.475814715081551e-21, nan 
100.125, 77.875, 4.7395287887668696e-21, nan 
100.375, 77.875, 5.6363054202015775e-21, nan 
100.625, 77.875, 6.2752989507649545e-21, nan 
100.875, 77.875, 1.1331774232365388e-20, nan 
101.125, 77.875, 1.1908256011505596e-20, nan 
101.375, 77.875, 1.1323979220086624e-20, nan 
101.625, 77.875, 9.875676517700535e-21, nan 
101.875, 77.875, 1.046391691223789e-20, nan 
102.125, 77.875, 8.26052200671414e-21, nan 
102.375, 77.875, 4.758271182479156e-21, nan 
102.625, 77.875, 4.366955336644938e-21, nan 
102.875, 77.875, 5.941784959550165e-21, nan 
103.125, 77.875, 6.015818958641882e-21, nan 
103.375, 77.875, 5.940687792630764e-21, nan 
103.625, 77.875, 4.32657970028773e-21, nan 
103.875, 77.875, 4.691819274634791e-21, nan 
104.125, 77.875, 5.354233140965648e-21, nan 
104.375, 77.875, 5.963382782894513e-21, nan 
104.625, 77.875, 8.818411128178539e-21, nan 
104.875, 77.875, 1.1079993389055894e-20, nan 
105.125, 77.875, 1.1606994685845455e-20, nan 
105.375, 77.875, 1.1610710169970402e-20, nan 
105.625, 77.875, 1.0107475363399484e-20, nan 
105.875, 77.875, 1.003714642546584e-20, nan 
106.125, 77.875, 1.4845620907842773e-20, nan 
106.375, 77.875, 1.2411536234140082e-20, nan 
106.625, 77.875, 1.985444379638789e-20, nan 
106.875, 77.875, 1.1379598855042882e-20, nan 
107.125, 77.875, 5.2965881177463185e-21, nan 
107.375, 77.875, 6.988816839701778e-21, nan 
107.625, 77.875, 8.33517620856968e-21, nan 
107.875, 77.875, 8.890098759344558e-21, nan 
108.125, 77.875, 1.0809879751170826e-20, nan 
108.375, 77.875, 1.0480325751656574e-20, nan 
108.625, 77.875, 1.4819498070737784e-20, nan 
108.875, 77.875, 2.5927192778428937e-20, nan 
109.125, 77.875, 1.0203665694440357e-20, nan 
109.375, 77.875, 1.3671003309318315e-20, nan 
109.625, 77.875, 1.3629713838654752e-20, nan 
109.875, 77.875, 1.8854255241924684e-20, nan 
110.125, 77.875, 2.6042331170783312e-20, nan 
110.375, 77.875, 2.1936816381742996e-20, nan 
110.625, 77.875, 2.2536855382463642e-20, nan 
110.875, 77.875, 2.7105459867478435e-20, nan 
111.125, 77.875, 2.304570503229549e-20, nan 
111.375, 77.875, 5.866469517339765e-20, nan 
111.625, 77.875, 5.204622655371506e-20, nan 
111.875, 77.875, 3.7949052286238346e-20, nan 
112.125, 77.875, 2.8735699394787385e-20, nan 
112.375, 77.875, 2.9934979066574576e-20, nan 
112.625, 77.875, 3.026667155207679e-20, nan 
112.875, 77.875, 1.8482292972886265e-20, nan 
113.125, 77.875, 1.4558069110333642e-20, nan 
113.375, 77.875, 1.85544467806335e-20, nan 
113.625, 77.875, 2.059630695407327e-20, nan 
113.875, 77.875, 1.730093583938954e-20, nan 
114.125, 77.875, 1.695223667277896e-20, nan 
114.375, 77.875, 2.3341672076820485e-20, nan 
114.625, 77.875, 1.5151206318164322e-20, nan 
114.875, 77.875, 2.460890229559931e-20, nan 
115.125, 77.875, 2.0334477583316064e-20, nan 
115.375, 77.875, 2.2718675949972997e-20, nan 
115.625, 77.875, 2.79124397372973e-20, nan 
115.875, 77.875, 3.1936173776396407e-20, nan 
116.125, 77.875, 1.997161457948253e-20, nan 
116.375, 77.875, 2.6161552756915877e-20, nan 
116.625, 77.875, 2.23344092281001e-20, nan 
116.875, 77.875, 2.589467409853196e-20, nan 
117.125, 77.875, 2.961544275773978e-20, nan 
117.375, 77.875, 5.590138557531791e-20, nan 
117.625, 77.875, 7.044779696926151e-20, nan 
117.875, 77.875, 7.840310881210737e-20, nan 
118.125, 77.875, 1.0211485151454e-19, nan 
118.375, 77.875, 6.017467524620637e-20, nan 
118.625, 77.875, 7.836067938885583e-20, nan 
118.875, 77.875, 8.2052964468673e-20, nan 
119.125, 77.875, 8.265717388395928e-20, nan 
119.375, 77.875, 6.906940499660914e-20, nan 
119.625, 77.875, 3.720562930920714e-20, nan 
119.875, 77.875, 2.9461384245892693e-20, nan 
120.125, 77.875, 4.103240384018842e-20, nan 
120.375, 77.875, 5.0260901418767134e-20, nan 
120.625, 77.875, 3.1115373317645325e-20, nan 
120.875, 77.875, 1.9323471538631794e-20, nan 
121.125, 77.875, 1.4936760585677646e-20, nan 
121.375, 77.875, 2.2931359252408382e-20, nan 
121.625, 77.875, 2.6270063575111286e-20, nan 
121.875, 77.875, 1.73812699838515e-20, nan 
122.125, 77.875, 1.4071766074937824e-20, nan 
122.375, 77.875, 1.2677255394371237e-20, nan 
122.625, 77.875, 1.5469456591710308e-20, nan 
122.875, 77.875, 1.935614201417645e-20, nan 
123.125, 77.875, 2.1906483234954886e-20, nan 
123.375, 77.875, 3.0016249057244956e-20, nan 
123.625, 77.875, 2.871585201047091e-20, nan 
123.875, 77.875, 2.894425485005118e-20, nan 
124.125, 77.875, 3.0035631053458206e-20, nan 
124.375, 77.875, 2.7918095058637765e-20, nan 
124.625, 77.875, 2.163965712592601e-20, nan 
124.875, 77.875, 1.878863066021934e-20, nan 
125.125, 77.875, 1.554104672433293e-20, nan 
125.375, 77.875, 1.3165727840915813e-20, nan 
125.625, 77.875, 9.363203948600544e-21, nan 
125.875, 77.875, 1.1955881421440675e-20, nan 
126.125, 77.875, 5.009895912667408e-21, nan 
126.375, 77.875, 8.072844067120799e-21, nan 
126.625, 77.875, 1.0424637014695687e-20, nan 
126.875, 77.875, 1.2764410251086767e-20, nan 
127.125, 77.875, 7.568665237231836e-21, nan 
127.375, 77.875, 6.788676795126536e-21, nan 
127.625, 77.875, 8.476751274509145e-21, nan 
127.875, 77.875, 6.221131385031329e-21, nan 
128.125, 77.875, 6.1413211518474914e-21, nan 
128.375, 77.875, 7.576614234763304e-21, nan 
128.625, 77.875, 7.141172673361113e-21, nan 
128.875, 77.875, 6.878587082033967e-21, nan 
129.125, 77.875, 8.435868597726068e-21, nan 
129.375, 77.875, 7.324725360392421e-21, nan 
129.625, 77.875, 7.805374070715892e-21, nan 
129.875, 77.875, 6.901186343601405e-21, nan 
130.125, 77.875, 6.421275560268304e-21, nan 
130.375, 77.875, 6.1092644383967074e-21, nan 
130.625, 77.875, 8.998468088431757e-21, nan 
130.875, 77.875, 6.539705452928852e-21, nan 
131.125, 77.875, 9.31319596934579e-21, nan 
131.375, 77.875, 9.143584141545266e-21, nan 
131.625, 77.875, 8.04983760117861e-21, nan 
131.875, 77.875, 9.345256477192789e-21, nan 
132.125, 77.875, 7.12723031201686e-21, nan 
132.375, 77.875, 9.685739716165054e-21, nan 
132.625, 77.875, 9.517512631132437e-21, nan 
132.875, 77.875, 8.719429315454437e-21, nan 
133.125, 77.875, 7.660776860900538e-21, nan 
133.375, 77.875, 9.134913537946093e-21, nan 
133.625, 77.875, 7.045364492034676e-21, nan 
133.875, 77.875, 7.676595106927346e-21, nan 
134.125, 77.875, 5.794512375611017e-21, nan 
134.375, 77.875, 5.903307067759187e-21, nan 
134.625, 77.875, 5.3919221639134584e-21, nan 
134.875, 77.875, 4.5438081077781776e-21, nan 
135.125, 77.875, 4.248740636245992e-21, nan 
135.375, 77.875, 3.2236775250440654e-21, nan 
135.625, 77.875, 3.3295553598775007e-21, nan 
135.875, 77.875, 2.629046249249387e-21, nan 
136.125, 77.875, 2.504878501421909e-21, nan 
136.375, 77.875, 2.391556693338585e-21, nan 
136.625, 77.875, 2.3821042559727803e-21, nan 
136.875, 77.875, 1.789840040301737e-21, nan 
137.125, 77.875, 1.3464573300895393e-21, nan 
137.375, 77.875, 1.6623546138613304e-21, nan 
137.625, 77.875, 1.6901401258793661e-21, nan 
137.875, 77.875, 1.6561229982470481e-21, nan 
138.125, 77.875, 1.6658876546957821e-21, nan 
138.375, 77.875, 1.3270693580682486e-21, nan 
138.625, 77.875, 1.4373824308219428e-21, nan 
138.875, 77.875, 1.314444326058627e-21, nan 
139.125, 77.875, 1.422476593730263e-21, nan 
139.375, 77.875, 1.5536237637388291e-21, nan 
139.625, 77.875, 1.4938614728183013e-21, nan 
139.875, 77.875, 1.4417512231119877e-21, nan 
140.125, 77.875, 1.2125711860110499e-21, nan 
140.375, 77.875, 1.1518540309732432e-21, nan 
140.625, 77.875, 1.4254747464809679e-21, nan 
140.875, 77.875, 1.0621132794984572e-21, nan 
141.125, 77.875, 8.520700597268702e-22, nan 
141.375, 77.875, 8.9439799674544e-22, nan 
141.625, 77.875, 8.306058241685213e-22, nan 
141.875, 77.875, 6.809681437706429e-22, nan 
142.125, 77.875, 5.311832431692594e-22, nan 
142.375, 77.875, 4.37770370162242e-22, nan 
142.625, 77.875, 4.905653439520363e-22, nan 
142.875, 77.875, 4.750860772129921e-22, nan 
143.125, 77.875, 4.616400640120639e-22, nan 
143.375, 77.875, 5.541418553318252e-22, nan 
143.625, 77.875, 6.234937220902965e-22, nan 
143.875, 77.875, 4.562161988889292e-22, nan 
144.125, 77.875, 2.572084942181906e-22, nan 
144.375, 77.875, 6.175504588711156e-22, nan 
144.625, 77.875, 1.4048414521149678e-21, nan 
144.875, 77.875, 1.498272825276922e-21, nan 
145.125, 77.875, 1.4448600519137565e-21, nan 
145.375, 77.875, 5.867347914433684e-22, nan 
145.625, 77.875, 6.107626931541165e-22, nan 
145.875, 77.875, 1.1369106657988173e-21, nan 
146.125, 77.875, 1.1086864883879916e-21, nan 
146.375, 77.875, 1.0158659987949943e-21, nan 
146.625, 77.875, 4.872127219520814e-22, nan 
146.875, 77.875, 2.339025040623576e-22, nan 
147.125, 77.875, 1.8364058114096086e-22, nan 
147.375, 77.875, 1.2814430227088427e-22, nan 
147.625, 77.875, 7.731988749171134e-23, nan 
147.875, 77.875, 2.525759083311014e-22, nan 
148.125, 77.875, 1.9765862936631387e-22, nan 
148.375, 77.875, 1.3488541847918113e-22, nan 
148.625, 77.875, 4.4715627594068476e-23, nan 
148.875, 77.875, 4.6949188621671017e-23, nan 
149.125, 77.875, 1.8385344680266626e-22, nan 
149.375, 77.875, 2.0792270449376368e-22, nan 
149.625, 77.875, 2.404349533193688e-22, nan 
149.875, 77.875, 3.431146415872521e-22, nan 
150.125, 77.875, 4.017361172097449e-22, nan 
150.375, 77.875, 4.526315806792542e-22, nan 
150.625, 77.875, 4.324845419321025e-22, nan 
150.875, 77.875, 3.7952598561682765e-22, nan 
151.125, 77.875, 3.2563163605727454e-22, nan 
151.375, 77.875, 2.7453005429890787e-22, nan 
151.625, 77.875, 1.8104464844663304e-22, nan 
151.875, 77.875, 5.436687206976982e-23, nan 
152.125, 77.875, 7.601844668989726e-23, nan 
152.375, 77.875, 7.320737354056935e-23, nan 
152.625, 77.875, 1.4387041400725653e-22, nan 
152.875, 77.875, 2.2030764541609143e-22, nan 
153.125, 77.875, 2.4606679839387478e-22, nan 
153.375, 77.875, 1.91779152512039e-22, nan 
153.625, 77.875, 2.1708098609161765e-22, nan 
153.875, 77.875, 2.032244404163019e-22, nan 
154.125, 77.875, 2.174535147023832e-22, nan 
154.375, 77.875, 2.409081682837028e-22, nan 
154.625, 77.875, 2.214726311996456e-22, nan 
154.875, 77.875, 2.444463467316137e-22, nan 
155.125, 77.875, 2.042740849331354e-22, nan 
155.375, 77.875, 1.4020585330718794e-22, nan 
155.625, 77.875, 5.2830462720392613e-23, nan 
155.875, 77.875, 7.219890584405165e-23, nan 
156.125, 77.875, 8.328824198818246e-23, nan 
156.375, 77.875, 5.210619190307151e-23, nan 
156.625, 77.875, 5.715828120278853e-23, nan 
156.875, 77.875, 3.5588719103878876e-23, nan 
157.125, 77.875, 9.561548063163957e-23, nan 
157.375, 77.875, 1.1401859873411647e-22, nan 
157.625, 77.875, 1.133975106086017e-22, nan 
157.875, 77.875, 1.0309535039109016e-22, nan 
158.125, 77.875, 9.168704675931426e-23, nan 
158.375, 77.875, 9.218568214477653e-23, nan 
158.625, 77.875, 1.3491218548248057e-22, nan 
158.875, 77.875, 1.307474453355954e-22, nan 
159.125, 77.875, 9.738575010796338e-23, nan 
159.375, 77.875, 1.1944173627253249e-22, nan 
159.625, 77.875, 6.328126659418551e-23, nan 
159.875, 77.875, 5.054649520598262e-23, nan 
160.125, 77.875, 5.126799236983467e-23, nan 
160.375, 77.875, 5.248358650555312e-23, nan 
160.625, 77.875, 7.138030496571728e-23, nan 
160.875, 77.875, 8.474839635504464e-23, nan 
161.125, 77.875, 7.396186061022783e-23, nan 
161.375, 77.875, 8.161100849012052e-23, nan 
161.625, 77.875, 9.20699221419408e-23, nan 
161.875, 77.875, 8.020494101635411e-23, nan 
162.125, 77.875, 5.646586806660445e-23, nan 
162.375, 77.875, 6.254879094844507e-23, nan 
162.625, 77.875, 6.324181501928761e-23, nan 
162.875, 77.875, 6.876884930853328e-23, nan 
163.125, 77.875, 5.703431908170445e-23, nan 
163.375, 77.875, 2.5862310719273588e-23, nan 
163.625, 77.875, 3.5669965045167816e-23, nan 
163.875, 77.875, 2.9674906129523895e-23, nan 
164.125, 77.875, 2.1759881132553935e-23, nan 
164.375, 77.875, 4.440879827033997e-23, nan 
164.625, 77.875, 4.944759305633717e-23, nan 
164.875, 77.875, 8.866888048509482e-23, nan 
165.125, 77.875, 9.4589549549278e-23, nan 
165.375, 77.875, 6.854254773522427e-23, nan 
165.625, 77.875, 4.852991246245367e-23, nan 
165.875, 77.875, 6.136221181306218e-23, nan 
166.125, 77.875, 7.32899643473457e-23, nan 
166.375, 77.875, 7.948781653356587e-23, nan 
166.625, 77.875, 5.660048341763441e-23, nan 
166.875, 77.875, 4.2763502086655316e-23, nan 
167.125, 77.875, 4.477127758851666e-23, nan 
167.375, 77.875, 4.3122453250039787e-23, nan 
167.625, 77.875, 3.4783234334056586e-23, nan 
167.875, 77.875, 3.220432369443825e-23, nan 
168.125, 77.875, 3.738974143242028e-23, nan 
168.375, 77.875, 4.983179379914181e-23, nan 
168.625, 77.875, 3.56142718432322e-23, nan 
168.875, 77.875, 1.8862923700438097e-23, nan 
169.125, 77.875, 2.4312522348604112e-23, nan 
169.375, 77.875, 3.5575352782427483e-23, nan 
169.625, 77.875, 4.4873338478690984e-23, nan 
169.875, 77.875, 3.1328318634818856e-23, nan 
170.125, 77.875, 2.6395461655420152e-23, nan 
170.375, 77.875, 1.4706952854820956e-23, nan 
170.625, 77.875, 2.1718412936198146e-23, nan 
170.875, 77.875, 2.844232225385396e-23, nan 
171.125, 77.875, 2.859488930955283e-23, nan 
171.375, 77.875, 6.987704584547758e-23, nan 
171.625, 77.875, 5.0690272781598774e-23, nan 
171.875, 77.875, 6.925578669191058e-23, nan 
172.125, 77.875, 5.979270980516426e-23, nan 
172.375, 77.875, 6.75217084903848e-23, nan 
172.625, 77.875, 8.013687961923582e-23, nan 
172.875, 77.875, 5.836347605438301e-23, nan 
173.125, 77.875, 8.81571533957677e-23, nan 
173.375, 77.875, 5.955897924001484e-23, nan 
173.625, 77.875, 4.7167330302594714e-23, nan 
173.875, 77.875, 3.837854916018866e-23, nan 
174.125, 77.875, 3.4601113444810683e-23, nan 
174.375, 77.875, 4.491134238242857e-23, nan 
174.625, 77.875, 3.6959925602525935e-23, nan 
174.875, 77.875, 3.764165113717158e-23, nan 
175.125, 77.875, 4.413861954009737e-23, nan 
175.375, 77.875, 4.3897560971539347e-23, nan 
175.625, 77.875, 3.812973218107865e-23, nan 
175.875, 77.875, 3.213056011185625e-23, nan 
176.125, 77.875, 3.904363772383763e-23, nan 
176.375, 77.875, 3.96178008426203e-23, nan 
176.625, 77.875, 1.3501836060760086e-23, nan 
176.875, 77.875, 2.3083380318541776e-23, nan 
177.125, 77.875, 1.7552667631456963e-23, nan 
177.375, 77.875, 2.4113747717535584e-23, nan 
177.625, 77.875, 2.4212065556102127e-23, nan 
177.875, 77.875, 2.0654443464403843e-23, nan 
178.125, 77.875, 3.2758891501118747e-23, nan 
178.375, 77.875, 2.404554581820085e-23, nan 
178.625, 77.875, 3.601504340833964e-23, nan 
178.875, 77.875, 3.3034340253254474e-23, nan 
179.125, 77.875, 1.1083417954888665e-23, nan 
179.375, 77.875, 2.2727985607318893e-23, nan 
179.625, 77.875, 1.8662871945584954e-23, nan 
179.875, 77.875, 3.154034534767299e-23, nan 
-179.875, 78.125, 4.574092981465883e-23, nan 
-179.625, 78.125, 5.000364316720648e-23, nan 
-179.375, 78.125, 5.222967364629604e-23, nan 
-179.125, 78.125, 5.899427539922469e-23, nan 
-178.875, 78.125, 8.34454825696576e-23, nan 
-178.625, 78.125, 7.546167862241213e-23, nan 
-178.375, 78.125, 9.09955321923332e-23, nan 
-178.125, 78.125, 6.52247777831285e-23, nan 
-177.875, 78.125, 3.826208901528246e-23, nan 
-177.625, 78.125, 5.047937141627865e-23, nan 
-177.375, 78.125, 4.4163668937563925e-23, nan 
-177.125, 78.125, 4.7036026979664534e-23, nan 
-176.875, 78.125, 5.403861813816344e-23, nan 
-176.625, 78.125, 8.343656023545136e-23, nan 
-176.375, 78.125, 7.584388337623554e-23, nan 
-176.125, 78.125, 5.392223057219931e-23, nan 
-175.875, 78.125, 3.524163265931308e-23, nan 
-175.625, 78.125, 1.6324341132781824e-23, nan 
-175.375, 78.125, 3.9261668419099994e-23, nan 
-175.125, 78.125, 3.5785407600384634e-23, nan 
-174.875, 78.125, 2.1650902633251768e-23, nan 
-174.625, 78.125, 2.0138615850499318e-23, nan 
-174.375, 78.125, 2.063524501780079e-23, nan 
-174.125, 78.125, 3.200457088329545e-23, nan 
-173.875, 78.125, 4.615620720458989e-23, nan 
-173.625, 78.125, 4.626555743732414e-23, nan 
-173.375, 78.125, 3.750051447365202e-23, nan 
-173.125, 78.125, 5.483462406277173e-23, nan 
-172.875, 78.125, 5.910479454970824e-23, nan 
-172.625, 78.125, 6.488824465324368e-23, nan 
-172.375, 78.125, 4.391870981434447e-23, nan 
-172.125, 78.125, 3.8202974781653414e-23, nan 
-171.875, 78.125, 5.209014871644042e-23, nan 
-171.625, 78.125, 5.414302590555376e-23, nan 
-171.375, 78.125, 6.288484920695721e-23, nan 
-171.125, 78.125, 3.263513677842598e-23, nan 
-170.875, 78.125, 2.816898519224457e-23, nan 
-170.625, 78.125, 5.697723751918903e-23, nan 
-170.375, 78.125, 6.241466102440934e-23, nan 
-170.125, 78.125, 8.177946226131182e-23, nan 
-169.875, 78.125, 8.372625555489333e-23, nan 
-169.625, 78.125, 5.79193656616371e-23, nan 
-169.375, 78.125, 3.262942599464199e-23, nan 
-169.125, 78.125, 2.6494158609679845e-23, nan 
-168.875, 78.125, 3.5292595249578056e-23, nan 
-168.625, 78.125, 3.887916001330295e-23, nan 
-168.375, 78.125, 3.67789033197597e-23, nan 
-168.125, 78.125, 3.432274175994801e-23, nan 
-167.875, 78.125, 4.1120087589851164e-23, nan 
-167.625, 78.125, 2.4587271367396388e-23, nan 
-167.375, 78.125, 2.5200152859296764e-23, nan 
-167.125, 78.125, 1.4765066699023625e-23, nan 
-166.875, 78.125, 3.446998556648012e-23, nan 
-166.625, 78.125, 4.31666336959245e-23, nan 
-166.375, 78.125, 4.711954414776804e-23, nan 
-166.125, 78.125, 5.1696633806659383e-23, nan 
-165.875, 78.125, 6.884630231464597e-23, nan 
-165.625, 78.125, 3.4912979649294046e-23, nan 
-165.375, 78.125, 2.743295110844605e-23, nan 
-165.125, 78.125, 2.369928818782849e-23, nan 
-164.875, 78.125, 3.493649771051128e-23, nan 
-164.625, 78.125, 3.954634213300028e-23, nan 
-164.375, 78.125, 1.5947506568473927e-23, nan 
-164.125, 78.125, 7.643460190295635e-24, nan 
-163.875, 78.125, 9.137929355185299e-24, nan 
-163.625, 78.125, 1.7086664353191945e-23, nan 
-163.375, 78.125, 1.4100331305417632e-23, nan 
-163.125, 78.125, 1.2136621735712475e-23, nan 
-162.875, 78.125, 1.3914126849589933e-23, nan 
-162.625, 78.125, 1.2296194574689376e-23, nan 
-162.375, 78.125, 1.2928990768110087e-23, nan 
-162.125, 78.125, 1.4446195652921623e-23, nan 
-161.875, 78.125, 1.6687032834438128e-23, nan 
-161.625, 78.125, 1.6352384147855277e-23, nan 
-161.375, 78.125, 1.7411629291687942e-23, nan 
-161.125, 78.125, 1.494811999630612e-23, nan 
-160.875, 78.125, 1.550176035128863e-23, nan 
-160.625, 78.125, 8.844975303476891e-24, nan 
-160.375, 78.125, 6.540835493737078e-24, nan 
-160.125, 78.125, 6.0897173133678806e-24, nan 
-159.875, 78.125, 2.4048513868364747e-23, nan 
-159.625, 78.125, 2.691051148028895e-23, nan 
-159.375, 78.125, 9.40408286193776e-24, nan 
-159.125, 78.125, 3.3204567319460294e-24, nan 
-158.875, 78.125, 8.164355081208145e-24, nan 
-158.625, 78.125, 1.6798766814396132e-23, nan 
-158.375, 78.125, 1.650652100186492e-23, nan 
-158.125, 78.125, 6.892613882240023e-24, nan 
-157.875, 78.125, 2.3098781639549266e-24, nan 
-157.625, 78.125, 4.253954792918836e-24, nan 
-157.375, 78.125, 7.242056313375192e-24, nan 
-157.125, 78.125, 5.810183672012689e-24, nan 
-156.875, 78.125, 4.7261351042268104e-24, nan 
-156.625, 78.125, 4.820311227718821e-24, nan 
-156.375, 78.125, 6.787238164337037e-24, nan 
-156.125, 78.125, 8.132366533388522e-24, nan 
-155.875, 78.125, 4.021156934305666e-24, nan 
-155.625, 78.125, 4.661862604831801e-24, nan 
-155.375, 78.125, 5.542518833227915e-24, nan 
-155.125, 78.125, 8.576585717661597e-24, nan 
-154.875, 78.125, 1.0524448325267219e-23, nan 
-154.625, 78.125, 1.0434611469851551e-23, nan 
-154.375, 78.125, 9.822137818595149e-24, nan 
-154.125, 78.125, 9.392114964941062e-24, nan 
-153.875, 78.125, 1.0036917770215758e-23, nan 
-153.625, 78.125, 9.353119783805789e-24, nan 
-153.375, 78.125, 1.0001437834786808e-23, nan 
-153.125, 78.125, 1.0922534258176998e-23, nan 
-152.875, 78.125, 1.0245013858732824e-23, nan 
-152.625, 78.125, 1.1150749098429812e-23, nan 
-152.375, 78.125, 1.1929533100115492e-23, nan 
-152.125, 78.125, 8.872452356649837e-24, nan 
-151.875, 78.125, 9.101859414520575e-24, nan 
-151.625, 78.125, 9.856214942613344e-24, nan 
-151.375, 78.125, 1.2136813414810601e-23, nan 
-151.125, 78.125, 1.651208029092042e-23, nan 
-150.875, 78.125, 9.685023544526701e-24, nan 
-150.625, 78.125, 7.219648710331047e-24, nan 
-150.375, 78.125, 6.002155999339607e-24, nan 
-150.125, 78.125, 1.4464980172913945e-23, nan 
-149.875, 78.125, 9.409629296757044e-24, nan 
-149.625, 78.125, 1.0821435591372247e-23, nan 
-149.375, 78.125, 1.4141399809279277e-23, nan 
-149.125, 78.125, 1.3515699904420084e-23, nan 
-148.875, 78.125, 2.2079874198928003e-23, nan 
-148.625, 78.125, 1.831520719745367e-23, nan 
-148.375, 78.125, 1.478095445437662e-23, nan 
-148.125, 78.125, 8.20414422750103e-24, nan 
-147.875, 78.125, 1.845240760877817e-23, nan 
-147.625, 78.125, 2.4753816258716443e-23, nan 
-147.375, 78.125, 3.521957791955341e-23, nan 
-147.125, 78.125, 2.981898330201371e-23, nan 
-146.875, 78.125, 1.483872284817501e-23, nan 
-146.625, 78.125, 1.2130463689313764e-23, nan 
-146.375, 78.125, 1.3672022888155548e-23, nan 
-146.125, 78.125, 1.675728347572275e-23, nan 
-145.875, 78.125, 1.5792086203207587e-23, nan 
-145.625, 78.125, 8.998744155706277e-24, nan 
-145.375, 78.125, 1.0289641544185325e-23, nan 
-145.125, 78.125, 1.3785922985889502e-23, nan 
-144.875, 78.125, 1.960450142677568e-23, nan 
-144.625, 78.125, 1.890202591197878e-23, nan 
-144.375, 78.125, 1.311832937276377e-23, nan 
-144.125, 78.125, 1.2171387530174993e-23, nan 
-143.875, 78.125, 1.2054325176216972e-23, nan 
-143.625, 78.125, 1.758063926897255e-23, nan 
-143.375, 78.125, 1.9552870531294503e-23, nan 
-143.125, 78.125, 2.4315894100822565e-23, nan 
-142.875, 78.125, 2.0650457880945615e-23, nan 
-142.625, 78.125, 2.0466521043404334e-23, nan 
-142.375, 78.125, 2.0345462280496296e-23, nan 
-142.125, 78.125, 1.6770745578031982e-23, nan 
-141.875, 78.125, 1.7052034343503512e-23, nan 
-141.625, 78.125, 1.2800831709638246e-23, nan 
-141.375, 78.125, 1.5182010932536728e-23, nan 
-13.125, 78.125, 3.881817042307303e-24, nan 
-12.875, 78.125, 3.579285947821782e-24, nan 
-12.625, 78.125, 3.09758426016223e-24, nan 
-12.375, 78.125, 2.752900185952908e-24, nan 
-12.125, 78.125, 2.3943461080283898e-24, nan 
-11.875, 78.125, 2.7844775449024323e-24, nan 
-11.625, 78.125, 2.4972404928598663e-24, nan 
-11.375, 78.125, 1.713233727549904e-24, nan 
-11.125, 78.125, 1.9303202733568357e-24, nan 
-10.875, 78.125, 2.5591547905495584e-24, nan 
-10.625, 78.125, 3.6394928621517535e-24, nan 
-10.375, 78.125, 3.444640739721479e-24, nan 
-10.125, 78.125, 2.1787765283943858e-24, nan 
-9.875, 78.125, 1.0685155784267294e-24, nan 
-9.625, 78.125, 1.2273164717636802e-24, nan 
-9.375, 78.125, 1.2820132422165227e-24, nan 
-9.125, 78.125, 9.694857880450586e-25, nan 
-8.875, 78.125, 1.3686112475744014e-24, nan 
-8.625, 78.125, 1.744669596867891e-24, nan 
-8.375, 78.125, 1.7286433415181265e-24, nan 
-8.125, 78.125, 2.4010839256288213e-24, nan 
-7.875, 78.125, 2.2949620178594366e-24, nan 
-7.625, 78.125, 3.331607234944014e-24, nan 
-7.375, 78.125, 3.1626219731261207e-24, nan 
-7.125, 78.125, 5.586940566641676e-24, nan 
-6.875, 78.125, 4.3036703994320525e-24, nan 
-6.625, 78.125, 5.123439119875927e-24, nan 
-6.375, 78.125, 5.500632509772364e-24, nan 
-6.125, 78.125, 6.146286988537053e-24, nan 
-5.875, 78.125, 4.792908146357921e-24, nan 
-5.625, 78.125, 5.422465128755493e-24, nan 
-5.375, 78.125, 4.0304417090459294e-24, nan 
-5.125, 78.125, 4.618427903649468e-24, nan 
-4.875, 78.125, 3.602132936899829e-24, nan 
-4.625, 78.125, 3.2916806614111835e-24, nan 
-4.375, 78.125, 2.3388588602235648e-24, nan 
-4.125, 78.125, 1.643532631741447e-24, nan 
-3.875, 78.125, 3.0547947970742105e-24, nan 
-3.625, 78.125, 1.3266575175048977e-24, nan 
-3.375, 78.125, 9.265408260634329e-25, nan 
-3.125, 78.125, 5.962400425056722e-25, nan 
-2.875, 78.125, 3.9458792855042375e-25, nan 
-2.625, 78.125, 9.201424303128951e-25, nan 
-2.375, 78.125, 1.3707440970000934e-24, nan 
-2.125, 78.125, 1.1795206371522801e-24, nan 
-1.875, 78.125, 1.1183997240573382e-24, nan 
-1.625, 78.125, 9.575321777706436e-25, nan 
-1.375, 78.125, 1.7131813936761463e-24, nan 
-1.125, 78.125, 1.8699144252406798e-24, nan 
-0.875, 78.125, 1.9073087487772953e-24, nan 
-0.625, 78.125, 1.525540408039458e-24, nan 
-0.375, 78.125, 1.3676584313777124e-24, nan 
-0.125, 78.125, 1.518983040324025e-24, nan 
0.125, 78.125, 2.293383701713167e-24, nan 
0.375, 78.125, 2.7946746508901e-24, nan 
0.625, 78.125, 2.3302188021832176e-24, nan 
0.875, 78.125, 2.894911865388295e-24, nan 
1.125, 78.125, 3.682250070811229e-24, nan 
1.375, 78.125, 4.63353094412374e-24, nan 
1.625, 78.125, 5.032554188320015e-24, nan 
1.875, 78.125, 4.4299800102908375e-24, nan 
2.125, 78.125, 4.432413095484432e-24, nan 
2.375, 78.125, 4.1817885400776075e-24, nan 
2.625, 78.125, 5.7941527819874116e-24, nan 
2.875, 78.125, 4.904858466992958e-24, nan 
3.125, 78.125, 5.511605150402807e-24, nan 
3.375, 78.125, 5.199450120355997e-24, nan 
3.625, 78.125, 4.968217021449631e-24, nan 
3.875, 78.125, 2.012457699379992e-24, nan 
4.125, 78.125, 3.0534696804680343e-24, nan 
4.375, 78.125, 5.5830562060981726e-24, nan 
4.625, 78.125, 7.139697451984135e-24, nan 
4.875, 78.125, 5.976645783136455e-24, nan 
5.125, 78.125, 6.4267516758024935e-24, nan 
5.375, 78.125, 6.262328842398874e-24, nan 
5.625, 78.125, 6.770103571962012e-24, nan 
5.875, 78.125, 8.354155916589088e-24, nan 
6.125, 78.125, 7.542921600464653e-24, nan 
6.375, 78.125, 8.504946211134246e-24, nan 
6.625, 78.125, 6.651246610320889e-24, nan 
6.875, 78.125, 4.423644117889217e-24, nan 
7.125, 78.125, 4.470599344014579e-24, nan 
7.375, 78.125, 6.3566159197682496e-24, nan 
7.625, 78.125, 8.644878963314389e-24, nan 
7.875, 78.125, 8.351161369907334e-24, nan 
8.125, 78.125, 9.047065412965982e-24, nan 
8.375, 78.125, 1.0815530682735127e-23, nan 
8.625, 78.125, 8.040463817668602e-24, nan 
8.875, 78.125, 9.956495942808043e-24, nan 
9.125, 78.125, 7.975388532176608e-24, nan 
9.375, 78.125, 1.0191617969299186e-23, nan 
9.625, 78.125, 1.5154346920166095e-23, nan 
9.875, 78.125, 1.2026670604713384e-23, nan 
10.125, 78.125, 7.922840219142743e-24, nan 
10.375, 78.125, 6.5079885582598556e-24, nan 
10.625, 78.125, 4.636653306777443e-24, nan 
10.875, 78.125, 4.371099118817861e-24, nan 
11.125, 78.125, 4.1588038250917404e-24, nan 
11.375, 78.125, 6.3801141087258824e-24, nan 
11.625, 78.125, 5.3838328677027235e-24, nan 
11.875, 78.125, 5.151309023944984e-24, nan 
12.125, 78.125, 6.324174965787314e-24, nan 
12.375, 78.125, 4.896121981597976e-24, nan 
12.625, 78.125, 7.041171175440352e-24, nan 
12.875, 78.125, 5.6719917724939885e-24, nan 
13.125, 78.125, 7.631918301852384e-24, nan 
13.375, 78.125, 8.012794099252384e-24, nan 
13.625, 78.125, 8.48485665549173e-24, nan 
13.875, 78.125, 7.459212749194638e-24, nan 
14.125, 78.125, 7.287547656554031e-24, nan 
14.375, 78.125, 6.736502547688215e-24, nan 
14.625, 78.125, 7.538317313632115e-24, nan 
14.875, 78.125, 6.551621927257318e-24, nan 
15.125, 78.125, 6.063431162591981e-24, nan 
15.375, 78.125, 5.7758770035307566e-24, nan 
15.625, 78.125, 2.486170904355454e-24, nan 
15.875, 78.125, 4.207715406413197e-24, nan 
16.125, 78.125, 4.298100787683478e-24, nan 
16.375, 78.125, 3.528320908621402e-24, nan 
16.625, 78.125, 3.63116608784502e-24, nan 
16.875, 78.125, 2.9347468023071986e-24, nan 
17.125, 78.125, 3.0712401717985305e-24, nan 
17.375, 78.125, 3.021627148659867e-24, nan 
17.625, 78.125, 2.418284398660081e-24, nan 
17.875, 78.125, 1.8171320248591977e-24, nan 
18.125, 78.125, 4.362451003578365e-24, nan 
18.375, 78.125, 2.1174055953107933e-24, nan 
18.625, 78.125, 1.3103495436027767e-24, nan 
18.875, 78.125, 3.849475795908881e-24, nan 
19.125, 78.125, 2.23594554045067e-24, nan 
19.375, 78.125, 2.9277617278514775e-24, nan 
19.625, 78.125, 1.4255259665907678e-24, nan 
19.875, 78.125, 2.2011111927521166e-24, nan 
20.125, 78.125, 2.5378936321034514e-24, nan 
20.375, 78.125, 2.7767007197734756e-24, nan 
20.625, 78.125, 3.818811399455491e-24, nan 
20.875, 78.125, 2.3592799229637093e-24, nan 
21.125, 78.125, 2.2059974762624147e-24, nan 
21.375, 78.125, 2.3578191305820393e-24, nan 
21.625, 78.125, 2.948720469021927e-24, nan 
21.875, 78.125, 4.081430587909074e-24, nan 
22.125, 78.125, 2.6735457750562275e-24, nan 
22.375, 78.125, 2.480288081393961e-24, nan 
22.625, 78.125, 1.9357306575040467e-24, nan 
22.875, 78.125, 1.2188317447556152e-24, nan 
23.125, 78.125, 1.637498816303104e-24, nan 
23.375, 78.125, 1.6868748637504942e-24, nan 
23.625, 78.125, 1.955453720385156e-24, nan 
23.875, 78.125, 1.9949487305603025e-24, nan 
24.125, 78.125, 9.099110594630937e-25, nan 
24.375, 78.125, 1.1960746472333898e-24, nan 
24.625, 78.125, 8.804254987278732e-25, nan 
24.875, 78.125, 1.3346380321821681e-24, nan 
25.125, 78.125, 1.0057769682469784e-24, nan 
25.375, 78.125, 1.1574825951926607e-24, nan 
25.625, 78.125, 1.5288488858302455e-24, nan 
25.875, 78.125, 2.2832586286734953e-24, nan 
26.125, 78.125, 2.763403872831357e-24, nan 
26.375, 78.125, 1.5058010769537955e-24, nan 
26.625, 78.125, 4.860719768343181e-25, nan 
26.875, 78.125, 1.002754647644461e-24, nan 
27.125, 78.125, 1.993180553093426e-24, nan 
27.375, 78.125, 2.1608688041870062e-24, nan 
27.625, 78.125, 1.4133760942764754e-24, nan 
27.875, 78.125, 1.02280365220428e-24, nan 
28.125, 78.125, 8.01916248908153e-25, nan 
28.375, 78.125, 1.2542197050883051e-24, nan 
28.625, 78.125, 1.0322331263881567e-24, nan 
28.875, 78.125, 1.21482558890399e-24, nan 
29.125, 78.125, 8.848064408511042e-25, nan 
29.375, 78.125, 1.4794011756349009e-24, nan 
29.625, 78.125, 2.559158911586237e-24, nan 
29.875, 78.125, 2.660441451624611e-24, nan 
30.125, 78.125, 2.7677139518211627e-24, nan 
30.375, 78.125, 9.583886811648185e-25, nan 
30.625, 78.125, 2.2992025691275574e-24, nan 
30.875, 78.125, 2.2796116574403754e-24, nan 
31.125, 78.125, 2.2510532497253314e-24, nan 
31.375, 78.125, 2.5650818103231035e-24, nan 
31.625, 78.125, 1.662583417235505e-24, nan 
31.875, 78.125, 2.2075727029061653e-24, nan 
32.125, 78.125, 2.6889515347574486e-24, nan 
32.375, 78.125, 2.7755300189482325e-24, nan 
32.625, 78.125, 4.350458438322654e-24, nan 
32.875, 78.125, 7.144781934654958e-24, nan 
33.125, 78.125, 5.6910926189126956e-24, nan 
33.375, 78.125, 6.789750532792417e-24, nan 
33.625, 78.125, 7.34677831301988e-24, nan 
33.875, 78.125, 6.597247399870774e-24, nan 
34.125, 78.125, 6.971579042741046e-24, nan 
34.375, 78.125, 7.266750497454975e-24, nan 
34.625, 78.125, 7.5376757818829e-24, nan 
34.875, 78.125, 6.2095725672728205e-24, nan 
35.125, 78.125, 4.467344452748874e-24, nan 
35.375, 78.125, 3.0590727930221525e-24, nan 
35.625, 78.125, 6.141803413339227e-24, nan 
35.875, 78.125, 7.445130074600211e-24, nan 
36.125, 78.125, 5.7224237304082674e-24, nan 
36.375, 78.125, 5.909132988281797e-24, nan 
36.625, 78.125, 4.550371825844202e-24, nan 
36.875, 78.125, 4.926663654659321e-24, nan 
37.125, 78.125, 6.808484601272495e-24, nan 
37.375, 78.125, 7.189411821650124e-24, nan 
37.625, 78.125, 9.196198134999915e-24, nan 
37.875, 78.125, 9.160612868423021e-24, nan 
38.125, 78.125, 1.4041273229835282e-23, nan 
38.375, 78.125, 2.583839573853584e-23, nan 
38.625, 78.125, 1.7348551014793135e-23, nan 
38.875, 78.125, 1.5411136741397594e-23, nan 
39.125, 78.125, 1.460831207360412e-23, nan 
39.375, 78.125, 2.1551283171531388e-23, nan 
39.625, 78.125, 4.099049820002274e-23, nan 
39.875, 78.125, 3.0222371419857465e-23, nan 
40.125, 78.125, 2.5456234411759814e-23, nan 
40.375, 78.125, 2.418755238076258e-23, nan 
40.625, 78.125, 2.3405721000484663e-23, nan 
40.875, 78.125, 1.8620842425811266e-23, nan 
41.125, 78.125, 1.2960880170883114e-23, nan 
41.375, 78.125, 1.3306556824421836e-23, nan 
41.625, 78.125, 1.325866861839813e-23, nan 
41.875, 78.125, 1.705637358706965e-23, nan 
42.125, 78.125, 9.016375850145503e-24, nan 
42.375, 78.125, 8.206580256675334e-24, nan 
42.625, 78.125, 9.398280217654804e-24, nan 
42.875, 78.125, 9.689568290686397e-24, nan 
43.125, 78.125, 1.3370303993313264e-23, nan 
43.375, 78.125, 9.010611491398033e-24, nan 
43.625, 78.125, 7.065270264058171e-24, nan 
43.875, 78.125, 1.190502604851448e-23, nan 
44.125, 78.125, 1.1377313422183934e-23, nan 
44.375, 78.125, 9.422600408033662e-24, nan 
44.625, 78.125, 5.8167521421742354e-24, nan 
44.875, 78.125, 6.709107602468584e-24, nan 
45.125, 78.125, 1.3061778076578776e-23, nan 
45.375, 78.125, 1.2623600593514486e-23, nan 
45.625, 78.125, 1.711115035428426e-23, nan 
45.875, 78.125, 1.1866585597592029e-23, nan 
46.125, 78.125, 1.478390705611603e-23, nan 
46.375, 78.125, 8.04113889862109e-24, nan 
46.625, 78.125, 7.222922766156759e-24, nan 
46.875, 78.125, 1.524566314482388e-23, nan 
47.125, 78.125, 1.555220230932143e-23, nan 
47.375, 78.125, 1.6563862337929662e-23, nan 
47.625, 78.125, 8.191914693072941e-24, nan 
47.875, 78.125, 5.618539673169109e-24, nan 
48.125, 78.125, 4.07763362313015e-24, nan 
48.375, 78.125, 5.5968049380756115e-24, nan 
48.625, 78.125, 7.880689820123023e-24, nan 
48.875, 78.125, 3.359852503885707e-24, nan 
49.125, 78.125, 2.8996816662351297e-24, nan 
49.375, 78.125, 8.989959714823804e-24, nan 
49.625, 78.125, 1.789491154063405e-23, nan 
49.875, 78.125, 2.091422602814726e-23, nan 
50.125, 78.125, 1.7696414971220345e-23, nan 
50.375, 78.125, 2.5725185539470862e-23, nan 
50.625, 78.125, 2.1175072763357934e-23, nan 
50.875, 78.125, 2.9405056856831865e-23, nan 
51.125, 78.125, 2.727780304977066e-23, nan 
51.375, 78.125, 1.9783327516647324e-23, nan 
51.625, 78.125, 4.5674171533233393e-23, nan 
51.875, 78.125, 3.0537371260948756e-23, nan 
52.125, 78.125, 2.3463081855545066e-23, nan 
52.375, 78.125, 2.5797824583487668e-23, nan 
52.625, 78.125, 1.6587783591929195e-23, nan 
52.875, 78.125, 8.994971614634453e-23, nan 
53.125, 78.125, 5.729300899282454e-23, nan 
53.375, 78.125, 5.004461127260411e-23, nan 
53.625, 78.125, 3.579384362259601e-23, nan 
53.875, 78.125, 2.9144236236233134e-23, nan 
54.125, 78.125, 5.687013502438631e-23, nan 
54.375, 78.125, 3.453721722935953e-23, nan 
54.625, 78.125, 3.361029724381291e-23, nan 
54.875, 78.125, 3.552954457707401e-23, nan 
55.125, 78.125, 3.0849836878583084e-23, nan 
55.375, 78.125, 3.197494016398651e-23, nan 
55.625, 78.125, 4.470069187530505e-23, nan 
55.875, 78.125, 4.0581847607610115e-23, nan 
56.125, 78.125, 3.167853253726671e-23, nan 
56.375, 78.125, 4.3424409518577037e-23, nan 
56.625, 78.125, 4.88426562389025e-23, nan 
56.875, 78.125, 7.104404960264662e-23, nan 
57.125, 78.125, 6.895717215734349e-23, nan 
57.375, 78.125, 4.3468210466540024e-23, nan 
57.625, 78.125, 5.724561690279289e-23, nan 
57.875, 78.125, 6.758028589631267e-23, nan 
58.125, 78.125, 4.997861989374701e-23, nan 
58.375, 78.125, 3.665751839188702e-23, nan 
58.625, 78.125, 8.450684974311339e-23, nan 
58.875, 78.125, 1.0512515873704798e-22, nan 
59.125, 78.125, 1.0411643653927683e-22, nan 
59.375, 78.125, 9.500050304320248e-23, nan 
59.625, 78.125, 5.0446809795442155e-23, nan 
59.875, 78.125, 5.3193760826272e-23, nan 
60.125, 78.125, 6.401579347627693e-23, nan 
60.375, 78.125, 8.934791504968941e-23, nan 
60.625, 78.125, 8.293139847447117e-23, nan 
60.875, 78.125, 5.536932186730373e-23, nan 
61.125, 78.125, 4.26071719141233e-23, nan 
61.375, 78.125, 5.345407851491073e-23, nan 
61.625, 78.125, 8.613039658708257e-23, nan 
61.875, 78.125, 8.596508139224765e-23, nan 
62.125, 78.125, 1.0324274579548995e-22, nan 
62.375, 78.125, 1.0149785801154528e-22, nan 
62.625, 78.125, 1.4311683272308075e-22, nan 
62.875, 78.125, 1.127962027650818e-22, nan 
63.125, 78.125, 1.2890118338819847e-22, nan 
63.375, 78.125, 1.1621489809116813e-22, nan 
63.625, 78.125, 1.4153955984663624e-22, nan 
63.875, 78.125, 1.4937186060840591e-22, nan 
64.125, 78.125, 1.2687330278754711e-22, nan 
64.375, 78.125, 1.5869637904994771e-22, nan 
64.625, 78.125, 1.2352244421551106e-22, nan 
64.875, 78.125, 1.3225290678711955e-22, nan 
65.125, 78.125, 1.0674810837533427e-22, nan 
65.375, 78.125, 1.2363086682332214e-22, nan 
65.625, 78.125, 1.156925288986181e-22, nan 
65.875, 78.125, 1.3307784200924963e-22, nan 
66.125, 78.125, 1.3047314693834044e-22, nan 
66.375, 78.125, 2.3333536751518237e-22, nan 
66.625, 78.125, 2.982025554602719e-22, nan 
66.875, 78.125, 2.4448682952046544e-22, nan 
67.125, 78.125, 2.8991633525554715e-22, nan 
67.375, 78.125, 2.335895610636046e-22, nan 
67.625, 78.125, 1.8973171332568912e-22, nan 
67.875, 78.125, 1.821029832133998e-22, nan 
68.125, 78.125, 1.4502677769975446e-22, nan 
68.375, 78.125, 1.8972848553365717e-22, nan 
68.625, 78.125, 1.6034559320571227e-22, nan 
68.875, 78.125, 1.501455857676286e-22, nan 
69.125, 78.125, 1.1080116707522413e-22, nan 
69.375, 78.125, 5.894617057466547e-23, nan 
69.625, 78.125, 6.059401455890767e-23, nan 
69.875, 78.125, 5.755300600752079e-23, nan 
70.125, 78.125, 5.1305175612344586e-23, nan 
70.375, 78.125, 1.6983971358738908e-23, nan 
70.625, 78.125, 8.065431707823337e-23, nan 
70.875, 78.125, 2.412044420916096e-22, nan 
71.125, 78.125, 2.823360643473353e-22, nan 
71.375, 78.125, 1.703288610802976e-22, nan 
71.625, 78.125, 8.705804422557856e-23, nan 
71.875, 78.125, 8.23849517765067e-23, nan 
72.125, 78.125, 3.560380248040219e-23, nan 
72.375, 78.125, 6.022571615137509e-23, nan 
72.625, 78.125, 9.994210818683922e-23, nan 
72.875, 78.125, 1.5413855341994517e-22, nan 
73.125, 78.125, 1.2821519579484513e-22, nan 
73.375, 78.125, 6.326595455716982e-23, nan 
73.625, 78.125, 7.621723805715497e-23, nan 
73.875, 78.125, 1.217277704183173e-22, nan 
74.125, 78.125, 1.6664445437999892e-22, nan 
74.375, 78.125, 2.0373886990485488e-22, nan 
74.625, 78.125, 1.772178113528868e-22, nan 
74.875, 78.125, 1.653496071853791e-22, nan 
75.125, 78.125, 2.8975326722525544e-22, nan 
75.375, 78.125, 1.35458199131628e-22, nan 
75.625, 78.125, 3.03309132785946e-22, nan 
75.875, 78.125, 3.2286808527231832e-22, nan 
76.125, 78.125, 1.8061772294597954e-22, nan 
76.375, 78.125, 1.9406124236121032e-22, nan 
76.625, 78.125, 1.7018473868035094e-22, nan 
76.875, 78.125, 2.727044132062183e-22, nan 
77.125, 78.125, 2.708664706567081e-22, nan 
77.375, 78.125, 2.7199629195119324e-22, nan 
77.625, 78.125, 2.2705690627339814e-22, nan 
77.875, 78.125, 3.8020156997891373e-22, nan 
78.125, 78.125, 3.339815756035723e-22, nan 
78.375, 78.125, 3.0864182402128684e-22, nan 
78.625, 78.125, 3.844061063500348e-22, nan 
78.875, 78.125, 2.9265503870712994e-22, nan 
79.125, 78.125, 2.7606477791382048e-22, nan 
79.375, 78.125, 3.198076169324837e-22, nan 
79.625, 78.125, 3.142635464161984e-22, nan 
79.875, 78.125, 4.808051467827887e-22, nan 
80.125, 78.125, 4.771260932996183e-22, nan 
80.375, 78.125, 3.1370279461689025e-22, nan 
80.625, 78.125, 2.7723596586045437e-22, nan 
80.875, 78.125, 3.7934929646729263e-22, nan 
81.125, 78.125, 4.23576605466936e-22, nan 
81.375, 78.125, 5.09791260929413e-22, nan 
81.625, 78.125, 5.4436466348399925e-22, nan 
81.875, 78.125, 7.938000269853415e-22, nan 
82.125, 78.125, 6.724868072909129e-22, nan 
82.375, 78.125, 7.247460343868305e-22, nan 
82.625, 78.125, 9.541835074896594e-22, nan 
82.875, 78.125, 6.943111960151991e-22, nan 
83.125, 78.125, 7.152139349943832e-22, nan 
83.375, 78.125, 8.031840782579024e-22, nan 
83.625, 78.125, 5.71633060914298e-22, nan 
83.875, 78.125, 8.665726273963564e-22, nan 
84.125, 78.125, 5.120728531515128e-22, nan 
84.375, 78.125, 3.4045949588079846e-22, nan 
84.625, 78.125, 5.7409977293298495e-22, nan 
84.875, 78.125, 6.490294252490484e-22, nan 
85.125, 78.125, 9.27367940779797e-22, nan 
85.375, 78.125, 8.502745820290075e-22, nan 
85.625, 78.125, 7.055439583429517e-22, nan 
85.875, 78.125, 6.3325747545519695e-22, nan 
86.125, 78.125, 7.105289510529745e-22, nan 
86.375, 78.125, 6.629600664735906e-22, nan 
86.625, 78.125, 5.9979812809950085e-22, nan 
86.875, 78.125, 5.242280434963447e-22, nan 
87.125, 78.125, 6.302450110153823e-22, nan 
87.375, 78.125, 6.686352891706982e-22, nan 
87.625, 78.125, 5.209281733036268e-22, nan 
87.875, 78.125, 8.819323955938398e-22, nan 
88.125, 78.125, 1.1392086799208085e-21, nan 
88.375, 78.125, 8.399890740190776e-22, nan 
88.625, 78.125, 7.033412242400762e-22, nan 
88.875, 78.125, 5.624592881335276e-22, nan 
89.125, 78.125, 6.012296580326579e-22, nan 
89.375, 78.125, 6.788183527279474e-22, nan 
89.625, 78.125, 7.299409399815835e-22, nan 
89.875, 78.125, 5.071281399159191e-22, nan 
90.125, 78.125, 6.705799531799491e-22, nan 
90.375, 78.125, 1.0037817525828541e-21, nan 
90.625, 78.125, 5.64127137814949e-22, nan 
90.875, 78.125, 6.262190316506917e-22, nan 
91.125, 78.125, 8.68676530606404e-22, nan 
91.375, 78.125, 9.335562169127653e-22, nan 
91.625, 78.125, 8.812167731121857e-22, nan 
91.875, 78.125, 1.5002567890348504e-21, nan 
92.125, 78.125, 2.436866962446913e-21, nan 
92.375, 78.125, 3.130074567109908e-21, nan 
92.625, 78.125, 3.580354400928032e-21, nan 
92.875, 78.125, 3.5278811426281005e-21, nan 
93.125, 78.125, 3.7947762535140105e-21, nan 
93.375, 78.125, 4.1014060730033934e-21, nan 
93.625, 78.125, 3.677370027358885e-21, nan 
93.875, 78.125, 3.882686299380403e-21, nan 
94.125, 78.125, 3.673116665984368e-21, nan 
94.375, 78.125, 4.070950738228717e-21, nan 
94.625, 78.125, 1.707380742574185e-21, nan 
94.875, 78.125, 1.8034883089872584e-21, nan 
95.125, 78.125, 2.196218681960615e-21, nan 
95.375, 78.125, 2.401953369149753e-21, nan 
95.625, 78.125, 2.7197866330821488e-21, nan 
95.875, 78.125, 1.6629416597596729e-21, nan 
96.125, 78.125, 2.033436274221031e-21, nan 
96.375, 78.125, 1.7032933113978724e-21, nan 
96.625, 78.125, 2.299615247980867e-21, nan 
96.875, 78.125, 4.276841125006398e-21, nan 
97.125, 78.125, 6.769577771133603e-21, nan 
97.375, 78.125, 1.0248529023001268e-20, nan 
97.625, 78.125, 9.924349556110342e-21, nan 
97.875, 78.125, 6.684227847623575e-21, nan 
98.125, 78.125, 5.47419939152635e-21, nan 
98.375, 78.125, 7.223773150050947e-21, nan 
98.625, 78.125, 1.082221605355793e-20, nan 
98.875, 78.125, 1.1033271218231923e-20, nan 
99.125, 78.125, 6.92046259938813e-21, nan 
99.375, 78.125, 4.997879568082096e-21, nan 
99.625, 78.125, 3.106158561004345e-21, nan 
99.875, 78.125, 4.0085802577093764e-21, nan 
100.125, 78.125, 4.306880950594675e-21, nan 
100.375, 78.125, 3.311983028412873e-21, nan 
100.625, 78.125, 5.527064209492571e-21, nan 
100.875, 78.125, 4.476492405158152e-21, nan 
101.125, 78.125, 4.949309428477264e-21, nan 
101.375, 78.125, 4.174998620382146e-21, nan 
101.625, 78.125, 6.897096617700748e-21, nan 
101.875, 78.125, 9.87049867524229e-21, nan 
102.125, 78.125, 5.4955534656387506e-21, nan 
102.375, 78.125, 3.5024252963617666e-21, nan 
102.625, 78.125, 2.3018147943453523e-21, nan 
102.875, 78.125, 2.229795882420247e-21, nan 
103.125, 78.125, 4.779573808826088e-21, nan 
103.375, 78.125, 4.106217958025346e-21, nan 
103.625, 78.125, 4.007083719663942e-21, nan 
103.875, 78.125, 3.983396539702367e-21, nan 
104.125, 78.125, 1.7096817232957305e-21, nan 
104.375, 78.125, 2.3476546475245555e-21, nan 
104.625, 78.125, 5.014501926799465e-21, nan 
104.875, 78.125, 5.015478222498578e-21, nan 
105.125, 78.125, 7.952287253037071e-21, nan 
105.375, 78.125, 4.6076850300909724e-21, nan 
105.625, 78.125, 8.791215037496032e-21, nan 
105.875, 78.125, 1.0923154909684046e-20, nan 
106.125, 78.125, 1.101733827003394e-20, nan 
106.375, 78.125, 1.6508594507363994e-20, nan 
106.625, 78.125, 1.3884804195686568e-20, nan 
106.875, 78.125, 1.76617394221794e-20, nan 
107.125, 78.125, 1.73481666688674e-20, nan 
107.375, 78.125, 1.4150267871072994e-20, nan 
107.625, 78.125, 1.0421228071879842e-20, nan 
107.875, 78.125, 8.81826653061516e-21, nan 
108.125, 78.125, 1.9547788948043796e-20, nan 
108.375, 78.125, 2.158961137268614e-20, nan 
108.625, 78.125, 1.5202786858207093e-20, nan 
108.875, 78.125, 1.2834210128487827e-20, nan 
109.125, 78.125, 1.1789516259351084e-20, nan 
109.375, 78.125, 1.650425314670214e-20, nan 
109.625, 78.125, 1.6916623578830512e-20, nan 
109.875, 78.125, 1.3364104516690319e-20, nan 
110.125, 78.125, 2.9902167818076803e-20, nan 
110.375, 78.125, 4.0939036867546645e-20, nan 
110.625, 78.125, 3.7429026937285385e-20, nan 
110.875, 78.125, 2.5463422718493662e-20, nan 
111.125, 78.125, 1.2359232080457454e-20, nan 
111.375, 78.125, 4.6249677636884684e-20, nan 
111.625, 78.125, 5.987571304895443e-20, nan 
111.875, 78.125, 5.204402312272688e-20, nan 
112.125, 78.125, 3.406290837882346e-20, nan 
112.375, 78.125, 1.9550142376276487e-20, nan 
112.625, 78.125, 3.482448462303321e-20, nan 
112.875, 78.125, 3.920311924339633e-20, nan 
113.125, 78.125, 3.1475753863500455e-20, nan 
113.375, 78.125, 2.4148875261233426e-20, nan 
113.625, 78.125, 2.904166603605245e-20, nan 
113.875, 78.125, 2.4644194890192592e-20, nan 
114.125, 78.125, 1.3743081240599903e-20, nan 
114.375, 78.125, 1.6456466513641517e-20, nan 
114.625, 78.125, 1.8723658815371103e-20, nan 
114.875, 78.125, 4.919331672139265e-20, nan 
115.125, 78.125, 4.49805417872292e-20, nan 
115.375, 78.125, 1.423568807501302e-20, nan 
115.625, 78.125, 1.644799586427579e-20, nan 
115.875, 78.125, 2.0060149760173814e-20, nan 
116.125, 78.125, 2.984090684215871e-20, nan 
116.375, 78.125, 3.2469122829269913e-20, nan 
116.625, 78.125, 1.0989238221941399e-20, nan 
116.875, 78.125, 1.2148847937549233e-20, nan 
117.125, 78.125, 2.1814223558651033e-20, nan 
117.375, 78.125, 2.1759362937359918e-20, nan 
117.625, 78.125, 2.8237594858300955e-20, nan 
117.875, 78.125, 3.233072487279174e-20, nan 
118.125, 78.125, 3.011398741892349e-20, nan 
118.375, 78.125, 2.797459250252417e-20, nan 
118.625, 78.125, 4.512920926147486e-20, nan 
118.875, 78.125, 4.3085127040777356e-20, nan 
119.125, 78.125, 4.8516866597663277e-20, nan 
119.375, 78.125, 4.183392681068783e-20, nan 
119.625, 78.125, 3.3608881259971224e-20, nan 
119.875, 78.125, 2.5139069572444066e-20, nan 
120.125, 78.125, 1.4844181285691837e-20, nan 
120.375, 78.125, 1.8543835123574858e-20, nan 
120.625, 78.125, 1.8376865106257383e-20, nan 
120.875, 78.125, 2.2780670849951566e-20, nan 
121.125, 78.125, 1.9641283757535035e-20, nan 
121.375, 78.125, 2.0020153872100862e-20, nan 
121.625, 78.125, 1.346006150245545e-20, nan 
121.875, 78.125, 6.415339108655049e-21, nan 
122.125, 78.125, 5.812988549227247e-21, nan 
122.375, 78.125, 6.1165278760200226e-21, nan 
122.625, 78.125, 7.676990708267918e-21, nan 
122.875, 78.125, 8.560163936054956e-21, nan 
123.125, 78.125, 9.46799344950381e-21, nan 
123.375, 78.125, 1.1980808638352295e-20, nan 
123.625, 78.125, 7.421624332971092e-21, nan 
123.875, 78.125, 6.98163317545811e-21, nan 
124.125, 78.125, 6.334275785730354e-21, nan 
124.375, 78.125, 6.875434861141552e-21, nan 
124.625, 78.125, 8.813718362814768e-21, nan 
124.875, 78.125, 6.2661039599490436e-21, nan 
125.125, 78.125, 5.9603255079832974e-21, nan 
125.375, 78.125, 6.208754760199113e-21, nan 
125.625, 78.125, 8.042145240903308e-21, nan 
125.875, 78.125, 5.9627084343060925e-21, nan 
126.125, 78.125, 6.206344826079505e-21, nan 
126.375, 78.125, 5.701995422699061e-21, nan 
126.625, 78.125, 6.427347901583306e-21, nan 
126.875, 78.125, 6.697843038807767e-21, nan 
127.125, 78.125, 7.200132223425377e-21, nan 
127.375, 78.125, 6.831942987652129e-21, nan 
127.625, 78.125, 6.059171572285835e-21, nan 
127.875, 78.125, 5.271280724237769e-21, nan 
128.125, 78.125, 5.012193176607731e-21, nan 
128.375, 78.125, 6.718895207987487e-21, nan 
128.625, 78.125, 5.574627589688755e-21, nan 
128.875, 78.125, 4.729009476533555e-21, nan 
129.125, 78.125, 3.1386138467777506e-21, nan 
129.375, 78.125, 2.4042335731330598e-21, nan 
129.625, 78.125, 8.125527647090104e-22, nan 
129.875, 78.125, 1.2199830689545334e-21, nan 
130.125, 78.125, 2.1975408942724937e-21, nan 
130.375, 78.125, 4.743414041326086e-21, nan 
130.625, 78.125, 5.574319521414584e-21, nan 
130.875, 78.125, 5.876570025659752e-21, nan 
131.125, 78.125, 5.000762367005755e-21, nan 
131.375, 78.125, 3.459446441352311e-21, nan 
131.625, 78.125, 3.5003247592791284e-21, nan 
131.875, 78.125, 6.1145746083634624e-21, nan 
132.125, 78.125, 3.600241102374356e-21, nan 
132.375, 78.125, 6.621710124313532e-21, nan 
132.625, 78.125, 6.93346223764584e-21, nan 
132.875, 78.125, 6.487862180113875e-21, nan 
133.125, 78.125, 6.3538506240192464e-21, nan 
133.375, 78.125, 6.792029078878421e-21, nan 
133.625, 78.125, 5.8774464684623e-21, nan 
133.875, 78.125, 7.312866532233054e-21, nan 
134.125, 78.125, 5.560286612861806e-21, nan 
134.375, 78.125, 5.346766991405849e-21, nan 
134.625, 78.125, 4.840554792331142e-21, nan 
134.875, 78.125, 3.962650520353814e-21, nan 
135.125, 78.125, 4.361338021647192e-21, nan 
135.375, 78.125, 3.2658619143654126e-21, nan 
135.625, 78.125, 3.2614560703101983e-21, nan 
135.875, 78.125, 3.927009434610509e-21, nan 
136.125, 78.125, 3.545437225588185e-21, nan 
136.375, 78.125, 3.3317101867599714e-21, nan 
136.625, 78.125, 3.58433235455186e-21, nan 
136.875, 78.125, 3.080470554296264e-21, nan 
137.125, 78.125, 3.1795883767810583e-21, nan 
137.375, 78.125, 2.9870303706667583e-21, nan 
137.625, 78.125, 2.6652091657621784e-21, nan 
137.875, 78.125, 2.876206630796944e-21, nan 
138.125, 78.125, 2.3809284263776975e-21, nan 
138.375, 78.125, 1.5203378394548e-21, nan 
138.625, 78.125, 1.5952279262919628e-21, nan 
138.875, 78.125, 1.5187021174713147e-21, nan 
139.125, 78.125, 1.0815584353083068e-21, nan 
139.375, 78.125, 1.2478392931306848e-21, nan 
139.625, 78.125, 9.78931623330965e-22, nan 
139.875, 78.125, 8.569138317190007e-22, nan 
140.125, 78.125, 9.467390132176444e-22, nan 
140.375, 78.125, 6.647178101527627e-22, nan 
140.625, 78.125, 5.828012293126769e-22, nan 
140.875, 78.125, 4.174712671671654e-22, nan 
141.125, 78.125, 5.409344459763043e-22, nan 
141.375, 78.125, 8.385613097492396e-22, nan 
141.625, 78.125, 7.422968965122172e-22, nan 
141.875, 78.125, 4.2099951987095044e-22, nan 
142.125, 78.125, 9.805391007871833e-22, nan 
142.375, 78.125, 6.689734629537995e-22, nan 
142.625, 78.125, 4.677904841732003e-22, nan 
142.875, 78.125, 5.49489853388018e-22, nan 
143.125, 78.125, 6.339032007863089e-22, nan 
143.375, 78.125, 5.600474217095987e-22, nan 
143.625, 78.125, 5.341948138895352e-22, nan 
143.875, 78.125, 5.713522594499414e-22, nan 
144.125, 78.125, 5.671512488866541e-22, nan 
144.375, 78.125, 5.182697305110436e-22, nan 
144.625, 78.125, 7.961434833088477e-22, nan 
144.875, 78.125, 8.08798416894496e-22, nan 
145.125, 78.125, 9.11262886510746e-22, nan 
145.375, 78.125, 5.181769509938251e-22, nan 
145.625, 78.125, 2.5714965176970644e-22, nan 
145.875, 78.125, 3.56859514027006e-22, nan 
146.125, 78.125, 3.253085954235002e-22, nan 
146.375, 78.125, 2.537978354574081e-22, nan 
146.625, 78.125, 9.352677107952336e-23, nan 
146.875, 78.125, 2.1113700870822293e-22, nan 
147.125, 78.125, 1.4685735024612169e-22, nan 
147.375, 78.125, 1.4461047840860695e-22, nan 
147.625, 78.125, 1.9301478761601918e-22, nan 
147.875, 78.125, 1.9174629876974835e-22, nan 
148.125, 78.125, 1.8658404588844677e-22, nan 
148.375, 78.125, 1.3039253277542679e-22, nan 
148.625, 78.125, 1.7912800155233202e-22, nan 
148.875, 78.125, 1.5185960270224188e-22, nan 
149.125, 78.125, 3.0523729756489e-22, nan 
149.375, 78.125, 2.799491536673927e-22, nan 
149.625, 78.125, 2.338662296754963e-22, nan 
149.875, 78.125, 1.750114136485708e-22, nan 
150.125, 78.125, 1.7096335561728659e-22, nan 
150.375, 78.125, 2.4647222051720206e-22, nan 
150.625, 78.125, 1.6637486806371584e-22, nan 
150.875, 78.125, 1.7526800381136516e-22, nan 
151.125, 78.125, 5.104767304908752e-23, nan 
151.375, 78.125, 7.079016714476281e-23, nan 
151.625, 78.125, 1.035434247933637e-22, nan 
151.875, 78.125, 1.791010471033415e-22, nan 
152.125, 78.125, 1.5926325124189805e-22, nan 
152.375, 78.125, 9.478350188681948e-23, nan 
152.625, 78.125, 9.065346790950817e-23, nan 
152.875, 78.125, 1.205911654986482e-22, nan 
153.125, 78.125, 2.411040893961922e-22, nan 
153.375, 78.125, 1.4098009808573736e-22, nan 
153.625, 78.125, 1.4088163766905874e-22, nan 
153.875, 78.125, 1.534997287041132e-22, nan 
154.125, 78.125, 1.5042517255362418e-22, nan 
154.375, 78.125, 2.4149324252555136e-22, nan 
154.625, 78.125, 2.343893695853109e-22, nan 
154.875, 78.125, 2.302943242740329e-22, nan 
155.125, 78.125, 2.591908068083564e-22, nan 
155.375, 78.125, 2.0364476408074196e-22, nan 
155.625, 78.125, 1.2670061243056559e-22, nan 
155.875, 78.125, 1.428578222778428e-22, nan 
156.125, 78.125, 9.317795316334924e-23, nan 
156.375, 78.125, 1.2380583059529422e-22, nan 
156.625, 78.125, 1.533632810991204e-22, nan 
156.875, 78.125, 6.574192469486471e-23, nan 
157.125, 78.125, 8.203511854332872e-23, nan 
157.375, 78.125, 8.364235371197741e-23, nan 
157.625, 78.125, 8.823881274692047e-23, nan 
157.875, 78.125, 1.0234015102208311e-22, nan 
158.125, 78.125, 4.223623442954665e-23, nan 
158.375, 78.125, 3.49918842234336e-23, nan 
158.625, 78.125, 7.383551451531597e-23, nan 
158.875, 78.125, 9.600533066643502e-23, nan 
159.125, 78.125, 1.6446333412699922e-22, nan 
159.375, 78.125, 1.047577663618817e-22, nan 
159.625, 78.125, 1.0016241418286151e-22, nan 
159.875, 78.125, 7.97729613289299e-23, nan 
160.125, 78.125, 9.627839942458521e-23, nan 
160.375, 78.125, 9.951155890733687e-23, nan 
160.625, 78.125, 8.256842956900447e-23, nan 
160.875, 78.125, 8.470021286754811e-23, nan 
161.125, 78.125, 7.270125924072619e-23, nan 
161.375, 78.125, 6.97231540182452e-23, nan 
161.625, 78.125, 6.531930428031966e-23, nan 
161.875, 78.125, 5.626112315280443e-23, nan 
162.125, 78.125, 2.2887898889143458e-23, nan 
162.375, 78.125, 2.7677813570748785e-23, nan 
162.625, 78.125, 3.22052920486569e-23, nan 
162.875, 78.125, 2.1567940988305305e-23, nan 
163.125, 78.125, 2.2269392221890635e-23, nan 
163.375, 78.125, 2.2267578677022142e-23, nan 
163.625, 78.125, 2.822326093601118e-23, nan 
163.875, 78.125, 2.883992538526209e-23, nan 
164.125, 78.125, 2.4911071780176064e-23, nan 
164.375, 78.125, 5.756788325837997e-23, nan 
164.625, 78.125, 1.801125220211703e-23, nan 
164.875, 78.125, 3.4913573971920563e-23, nan 
165.125, 78.125, 5.064631900164762e-23, nan 
165.375, 78.125, 5.647253845274205e-23, nan 
165.625, 78.125, 9.136238555284281e-23, nan 
165.875, 78.125, 1.114677100976607e-22, nan 
166.125, 78.125, 9.939413166332401e-23, nan 
166.375, 78.125, 8.50048685714603e-23, nan 
166.625, 78.125, 6.293853460232708e-23, nan 
166.875, 78.125, 7.994882238435343e-23, nan 
167.125, 78.125, 1.037379158483811e-22, nan 
167.375, 78.125, 9.276074151141472e-23, nan 
167.625, 78.125, 6.668475129291975e-23, nan 
167.875, 78.125, 4.5634533257247204e-23, nan 
168.125, 78.125, 3.7095025580283746e-23, nan 
168.375, 78.125, 4.646750778842726e-23, nan 
168.625, 78.125, 3.238259787242299e-23, nan 
168.875, 78.125, 2.2974313905539112e-23, nan 
169.125, 78.125, 1.3114098329685406e-23, nan 
169.375, 78.125, 2.4261854403333392e-23, nan 
169.625, 78.125, 3.358212607538972e-23, nan 
169.875, 78.125, 2.875464252468103e-23, nan 
170.125, 78.125, 2.4478412507818482e-23, nan 
170.375, 78.125, 1.251110546056966e-23, nan 
170.625, 78.125, 1.1262876602105762e-23, nan 
170.875, 78.125, 8.670985201472208e-24, nan 
171.125, 78.125, 2.5799006150777628e-23, nan 
171.375, 78.125, 1.885333013737883e-23, nan 
171.625, 78.125, 3.1418515561227056e-23, nan 
171.875, 78.125, 2.1967471680979088e-23, nan 
172.125, 78.125, 3.331717367760589e-23, nan 
172.375, 78.125, 3.0278008266274285e-23, nan 
172.625, 78.125, 4.7409148550198936e-23, nan 
172.875, 78.125, 4.8990863108380097e-23, nan 
173.125, 78.125, 6.100726866251831e-23, nan 
173.375, 78.125, 4.6091896609661494e-23, nan 
173.625, 78.125, 2.595216437379044e-23, nan 
173.875, 78.125, 1.9191838887229523e-23, nan 
174.125, 78.125, 1.7824325890594897e-23, nan 
174.375, 78.125, 1.94026321794423e-23, nan 
174.625, 78.125, 3.4572874512999736e-23, nan 
174.875, 78.125, 2.891766408738517e-23, nan 
175.125, 78.125, 2.5142606178149584e-23, nan 
175.375, 78.125, 2.8433180006862304e-23, nan 
175.625, 78.125, 2.680004841248637e-23, nan 
175.875, 78.125, 3.8396133999057404e-23, nan 
176.125, 78.125, 4.6256383488644155e-23, nan 
176.375, 78.125, 4.154800614644313e-23, nan 
176.625, 78.125, 3.949622296686936e-23, nan 
176.875, 78.125, 2.3485036421748554e-23, nan 
177.125, 78.125, 2.7124349964746e-23, nan 
177.375, 78.125, 1.8114565031999679e-23, nan 
177.625, 78.125, 2.0694788688397747e-23, nan 
177.875, 78.125, 2.820545669759206e-23, nan 
178.125, 78.125, 2.417537942359149e-23, nan 
178.375, 78.125, 2.3180740809121538e-23, nan 
178.625, 78.125, 2.5496707771530327e-23, nan 
178.875, 78.125, 6.602916513701737e-23, nan 
179.125, 78.125, 6.358452584114683e-23, nan 
179.375, 78.125, 4.876189471584366e-23, nan 
179.625, 78.125, 4.7837957510147713e-23, nan 
179.875, 78.125, 4.96538891986133e-23, nan 
-179.875, 78.375, 2.765862841083643e-23, nan 
-179.625, 78.375, 2.3278460482460588e-23, nan 
-179.375, 78.375, 3.0440260806678924e-23, nan 
-179.125, 78.375, 4.551456718200401e-23, nan 
-178.875, 78.375, 5.1346867848188385e-23, nan 
-178.625, 78.375, 4.6735300911651754e-23, nan 
-178.375, 78.375, 6.3160910252351e-23, nan 
-178.125, 78.375, 4.604563805687749e-23, nan 
-177.875, 78.375, 2.721793324809299e-23, nan 
-177.625, 78.375, 2.535580627223373e-23, nan 
-177.375, 78.375, 3.112050730329265e-23, nan 
-177.125, 78.375, 3.783001964965271e-23, nan 
-176.875, 78.375, 4.7194546823802867e-23, nan 
-176.625, 78.375, 5.421307113039e-23, nan 
-176.375, 78.375, 4.407030248411551e-23, nan 
-176.125, 78.375, 3.302346975383818e-23, nan 
-175.875, 78.375, 3.678382728414245e-23, nan 
-175.625, 78.375, 3.1530589905419063e-23, nan 
-175.375, 78.375, 3.3221808553612045e-23, nan 
-175.125, 78.375, 1.7430076791350228e-23, nan 
-174.875, 78.375, 1.8571378661361782e-23, nan 
-174.625, 78.375, 1.1912511942652672e-23, nan 
-174.375, 78.375, 1.468965454501472e-23, nan 
-174.125, 78.375, 1.8006837366401008e-23, nan 
-173.875, 78.375, 2.31697422072646e-23, nan 
-173.625, 78.375, 2.006746912675733e-23, nan 
-173.375, 78.375, 3.346380639960867e-23, nan 
-173.125, 78.375, 3.2208104654110726e-23, nan 
-172.875, 78.375, 4.9088739120852063e-23, nan 
-172.625, 78.375, 3.7772451149617124e-23, nan 
-172.375, 78.375, 4.3429060988638445e-23, nan 
-172.125, 78.375, 5.114635645270416e-23, nan 
-171.875, 78.375, 4.83468182315385e-23, nan 
-171.625, 78.375, 6.798565970840569e-23, nan 
-171.375, 78.375, 5.2679713839310966e-23, nan 
-171.125, 78.375, 6.024885633597674e-23, nan 
-170.875, 78.375, 6.144849859511565e-23, nan 
-170.625, 78.375, 5.991316756587485e-23, nan 
-170.375, 78.375, 4.5875573615899343e-23, nan 
-170.125, 78.375, 4.9156612891414786e-23, nan 
-169.875, 78.375, 5.29818864436053e-23, nan 
-169.625, 78.375, 4.377912964259996e-23, nan 
-169.375, 78.375, 3.8252485959472135e-23, nan 
-169.125, 78.375, 3.667281508148283e-23, nan 
-168.875, 78.375, 2.4281684504071885e-23, nan 
-168.625, 78.375, 3.578746635245385e-23, nan 
-168.375, 78.375, 2.858178892710503e-23, nan 
-168.125, 78.375, 1.6713749297823762e-23, nan 
-167.875, 78.375, 1.8182918302709016e-23, nan 
-167.625, 78.375, 1.712530184460159e-23, nan 
-167.375, 78.375, 2.7222038433050585e-23, nan 
-167.125, 78.375, 2.1886580926516427e-23, nan 
-166.875, 78.375, 2.0661602121161547e-23, nan 
-166.625, 78.375, 2.5184776210095524e-23, nan 
-166.375, 78.375, 3.015628773946831e-23, nan 
-166.125, 78.375, 2.403682332821635e-23, nan 
-165.875, 78.375, 2.68928199073583e-23, nan 
-165.625, 78.375, 1.911711990711573e-23, nan 
-165.375, 78.375, 1.609202833262867e-23, nan 
-165.125, 78.375, 2.1992289392267664e-23, nan 
-164.875, 78.375, 2.217494310311791e-23, nan 
-164.625, 78.375, 1.344102887647686e-23, nan 
-164.375, 78.375, 1.2701320187140347e-23, nan 
-164.125, 78.375, 1.0193951764557956e-23, nan 
-163.875, 78.375, 9.936093004739744e-24, nan 
-163.625, 78.375, 1.1778217793468885e-23, nan 
-163.375, 78.375, 1.360986992213454e-23, nan 
-163.125, 78.375, 1.2859320509190885e-23, nan 
-162.875, 78.375, 1.3128441850106742e-23, nan 
-162.625, 78.375, 1.1352996071520486e-23, nan 
-162.375, 78.375, 1.0574465008511264e-23, nan 
-162.125, 78.375, 1.0417375233271737e-23, nan 
-161.875, 78.375, 1.0002304051325275e-23, nan 
-161.625, 78.375, 9.830300155877773e-24, nan 
-161.375, 78.375, 5.5804579938919185e-24, nan 
-161.125, 78.375, 2.3486937106843655e-24, nan 
-160.875, 78.375, 4.133647182599877e-24, nan 
-160.625, 78.375, 6.044050766373783e-24, nan 
-160.375, 78.375, 4.45007137788444e-24, nan 
-160.125, 78.375, 2.6600784876942148e-24, nan 
-159.875, 78.375, 1.1129285326403085e-23, nan 
-159.625, 78.375, 1.321391735154648e-23, nan 
-159.375, 78.375, 5.07030492312271e-24, nan 
-159.125, 78.375, 3.79718349647402e-24, nan 
-158.875, 78.375, 7.860502507009734e-24, nan 
-158.625, 78.375, 6.449513299990054e-24, nan 
-158.375, 78.375, 4.8380853400605576e-24, nan 
-158.125, 78.375, 4.453634099667141e-24, nan 
-157.875, 78.375, 8.466321353492781e-24, nan 
-157.625, 78.375, 8.38912959615338e-24, nan 
-157.375, 78.375, 2.0207480683954045e-23, nan 
-157.125, 78.375, 1.9497660567142164e-23, nan 
-156.875, 78.375, 1.5582160005250462e-23, nan 
-156.625, 78.375, 1.75209370253404e-23, nan 
-156.375, 78.375, 1.7177194292497617e-23, nan 
-156.125, 78.375, 1.0864545086279552e-23, nan 
-155.875, 78.375, 7.018640747161364e-24, nan 
-155.625, 78.375, 5.662326774000324e-24, nan 
-155.375, 78.375, 7.581873566707293e-24, nan 
-155.125, 78.375, 7.579774718008094e-24, nan 
-154.875, 78.375, 9.464999343203978e-24, nan 
-154.625, 78.375, 5.684557644573196e-24, nan 
-154.375, 78.375, 8.113790741496174e-24, nan 
-154.125, 78.375, 9.270310251693058e-24, nan 
-153.875, 78.375, 9.767706367093006e-24, nan 
-153.625, 78.375, 1.0388870278013076e-23, nan 
-153.375, 78.375, 1.0981382176110193e-23, nan 
-153.125, 78.375, 1.1732083393677618e-23, nan 
-152.875, 78.375, 1.5309800108136312e-23, nan 
-152.625, 78.375, 1.2237675509405183e-23, nan 
-152.375, 78.375, 1.0768060461251255e-23, nan 
-152.125, 78.375, 1.0840247555285204e-23, nan 
-151.875, 78.375, 1.2401742322956641e-23, nan 
-151.625, 78.375, 1.7013593117492347e-23, nan 
-151.375, 78.375, 1.254185203082111e-23, nan 
-151.125, 78.375, 1.2194544568823797e-23, nan 
-150.875, 78.375, 1.3661408080895146e-23, nan 
-150.625, 78.375, 2.068963119220074e-23, nan 
-150.375, 78.375, 1.7915101298293598e-23, nan 
-150.125, 78.375, 9.140546937466497e-24, nan 
-149.875, 78.375, 9.369930525905036e-24, nan 
-149.625, 78.375, 1.934497044326382e-23, nan 
-149.375, 78.375, 3.221926669124423e-23, nan 
-149.125, 78.375, 3.147517526739207e-23, nan 
-148.875, 78.375, 2.0924104530342608e-23, nan 
-148.625, 78.375, 1.9838477528613487e-23, nan 
-148.375, 78.375, 1.6694796095539435e-23, nan 
-148.125, 78.375, 2.0353000017164793e-23, nan 
-147.875, 78.375, 2.2008422631317775e-23, nan 
-147.625, 78.375, 2.2667977960600592e-23, nan 
-147.375, 78.375, 2.8581429100830563e-23, nan 
-147.125, 78.375, 2.5738692789026895e-23, nan 
-146.875, 78.375, 1.550741122949758e-23, nan 
-146.625, 78.375, 1.1959508264836853e-23, nan 
-146.375, 78.375, 1.541985614218374e-23, nan 
-146.125, 78.375, 1.4120817739447664e-23, nan 
-145.875, 78.375, 1.1661773768613198e-23, nan 
-145.625, 78.375, 9.690386639376478e-24, nan 
-145.375, 78.375, 1.0493519161330333e-23, nan 
-145.125, 78.375, 1.484810795920123e-23, nan 
-144.875, 78.375, 1.8267678183538825e-23, nan 
-144.625, 78.375, 1.5050112107898838e-23, nan 
-144.375, 78.375, 1.1499151984414905e-23, nan 
-144.125, 78.375, 1.0538374321892032e-23, nan 
-143.875, 78.375, 1.0904395800613451e-23, nan 
-143.625, 78.375, 6.2368339830615075e-24, nan 
-143.375, 78.375, 5.579375530763884e-24, nan 
-143.125, 78.375, 9.338836176398295e-24, nan 
-142.875, 78.375, 1.5648294558451344e-23, nan 
-142.625, 78.375, 2.6435446731029745e-23, nan 
-142.375, 78.375, 2.564643161416028e-23, nan 
-142.125, 78.375, 2.1575252156101966e-23, nan 
-141.875, 78.375, 1.8133733042783298e-23, nan 
-141.625, 78.375, 2.092236605197901e-23, nan 
-141.375, 78.375, 3.289010960610112e-23, nan 
-141.125, 78.375, 3.3571197997103983e-23, nan 
-140.875, 78.375, 2.6124584028898435e-23, nan 
-140.625, 78.375, 2.8506576811970835e-23, nan 
-140.375, 78.375, 3.495036305669379e-23, nan 
-140.125, 78.375, 3.9649117856792944e-23, nan 
-14.375, 78.375, 3.0186252466879228e-24, nan 
-14.125, 78.375, 3.230770874118637e-24, nan 
-13.875, 78.375, 2.274604522726373e-24, nan 
-13.625, 78.375, 2.867926528447182e-24, nan 
-13.375, 78.375, 4.526708324684514e-24, nan 
-13.125, 78.375, 4.82656915784171e-24, nan 
-12.875, 78.375, 4.6024982166335784e-24, nan 
-12.625, 78.375, 4.686713085226992e-24, nan 
-12.375, 78.375, 4.523421782936341e-24, nan 
-12.125, 78.375, 3.3918611652617156e-24, nan 
-11.875, 78.375, 4.4147195496075176e-24, nan 
-11.625, 78.375, 3.828208482155335e-24, nan 
-11.375, 78.375, 3.7859292389976275e-24, nan 
-11.125, 78.375, 6.2559200822177e-24, nan 
-10.875, 78.375, 4.841549550483005e-24, nan 
-10.625, 78.375, 4.485865215646843e-24, nan 
-10.375, 78.375, 3.452767798950186e-24, nan 
-10.125, 78.375, 2.450103972931061e-24, nan 
-9.875, 78.375, 3.224129908552619e-24, nan 
-9.625, 78.375, 3.0448390545083417e-24, nan 
-9.375, 78.375, 3.1764074698024656e-24, nan 
-9.125, 78.375, 3.1681259757844822e-24, nan 
-8.875, 78.375, 4.072716072194645e-24, nan 
-8.625, 78.375, 3.7187295291178186e-24, nan 
-8.375, 78.375, 6.5813557681542065e-24, nan 
-8.125, 78.375, 5.629834754796875e-24, nan 
-7.875, 78.375, 8.036540707080312e-24, nan 
-7.625, 78.375, 6.761498064798493e-24, nan 
-7.375, 78.375, 8.194744018881515e-24, nan 
-7.125, 78.375, 8.085336118163217e-24, nan 
-6.875, 78.375, 8.449806509313698e-24, nan 
-6.625, 78.375, 8.343072181757369e-24, nan 
-6.375, 78.375, 8.24998605944097e-24, nan 
-6.125, 78.375, 8.805899269046453e-24, nan 
-5.875, 78.375, 6.890025542778889e-24, nan 
-5.625, 78.375, 7.303694439150543e-24, nan 
-5.375, 78.375, 6.076253635817695e-24, nan 
-5.125, 78.375, 5.393851935627234e-24, nan 
-4.875, 78.375, 5.422162303236243e-24, nan 
-4.625, 78.375, 5.120658770055031e-24, nan 
-4.375, 78.375, 4.938714717473942e-24, nan 
-4.125, 78.375, 3.378977245263144e-24, nan 
-3.875, 78.375, 4.0659365754145966e-24, nan 
-3.625, 78.375, 2.664851110512795e-24, nan 
-3.375, 78.375, 2.7883221396717198e-24, nan 
-3.125, 78.375, 2.3904555419511198e-24, nan 
-2.875, 78.375, 1.5125554706784315e-24, nan 
-2.625, 78.375, 3.150168251961015e-24, nan 
-2.375, 78.375, 1.2756427643728937e-24, nan 
-2.125, 78.375, 7.862387150568341e-25, nan 
-1.875, 78.375, 1.316450984659665e-24, nan 
-1.625, 78.375, 1.12024306712638e-24, nan 
-1.375, 78.375, 1.842485969369502e-23, nan 
-1.125, 78.375, 2.953057358712142e-23, nan 
-0.875, 78.375, 3.079402875937658e-23, nan 
-0.625, 78.375, 3.097244456185143e-23, nan 
-0.375, 78.375, 3.04618227455805e-23, nan 
-0.125, 78.375, 3.065316839071775e-23, nan 
0.125, 78.375, 2.952186858412889e-23, nan 
0.375, 78.375, 2.403454502460087e-23, nan 
0.625, 78.375, 2.014679106324018e-23, nan 
0.875, 78.375, 3.143539704275464e-23, nan 
1.125, 78.375, 9.101447807472407e-24, nan 
1.375, 78.375, 7.348245407612643e-24, nan 
1.625, 78.375, 9.158714114981394e-24, nan 
1.875, 78.375, 1.0130152429046638e-23, nan 
2.125, 78.375, 5.34822857360918e-24, nan 
2.375, 78.375, 3.5994642504633165e-24, nan 
2.625, 78.375, 3.106810446797814e-24, nan 
2.875, 78.375, 5.38562786655947e-24, nan 
3.125, 78.375, 3.763894240865129e-24, nan 
3.375, 78.375, 5.1049069231801424e-24, nan 
3.625, 78.375, 1.0354041534649184e-23, nan 
3.875, 78.375, 1.3961058271494087e-23, nan 
4.125, 78.375, 1.7983888842729652e-23, nan 
4.375, 78.375, 1.8991653654690163e-23, nan 
4.625, 78.375, 1.7953880006636636e-23, nan 
4.875, 78.375, 1.6862152228560158e-23, nan 
5.125, 78.375, 1.2960741709898596e-23, nan 
5.375, 78.375, 9.497080277458791e-24, nan 
5.625, 78.375, 9.977605358752085e-24, nan 
5.875, 78.375, 1.164435990234864e-23, nan 
6.125, 78.375, 1.3027421627629245e-23, nan 
6.375, 78.375, 1.2267639053495784e-23, nan 
6.625, 78.375, 8.19433537811361e-24, nan 
6.875, 78.375, 8.629217481447992e-24, nan 
7.125, 78.375, 7.947791165688245e-24, nan 
7.375, 78.375, 7.463355631597358e-24, nan 
7.625, 78.375, 7.077975532995358e-24, nan 
7.875, 78.375, 6.336039121036426e-24, nan 
8.125, 78.375, 6.749560645011436e-24, nan 
8.375, 78.375, 6.896403527510724e-24, nan 
8.625, 78.375, 7.040375392877711e-24, nan 
8.875, 78.375, 8.052550123237903e-24, nan 
9.125, 78.375, 9.525155798047245e-24, nan 
9.375, 78.375, 1.0377028747120492e-23, nan 
9.625, 78.375, 7.08418121621235e-24, nan 
9.875, 78.375, 1.1400644568430566e-23, nan 
10.125, 78.375, 8.340325149648981e-24, nan 
10.375, 78.375, 5.552638700306454e-24, nan 
10.625, 78.375, 3.658386921086073e-24, nan 
10.875, 78.375, 4.966870981861412e-24, nan 
11.125, 78.375, 3.500174672602252e-24, nan 
11.375, 78.375, 3.980555122098815e-24, nan 
11.625, 78.375, 4.321906598717175e-24, nan 
11.875, 78.375, 4.2883855153146544e-24, nan 
12.125, 78.375, 4.177450207540947e-24, nan 
12.375, 78.375, 5.1163111867528936e-24, nan 
12.625, 78.375, 8.238954594057853e-24, nan 
12.875, 78.375, 7.085523730420473e-24, nan 
13.125, 78.375, 7.470973170634934e-24, nan 
13.375, 78.375, 7.826986055141382e-24, nan 
13.625, 78.375, 7.514959285850162e-24, nan 
13.875, 78.375, 7.588648516169828e-24, nan 
14.125, 78.375, 5.538931350892019e-24, nan 
14.375, 78.375, 7.435663158822296e-24, nan 
14.625, 78.375, 7.414034609535126e-24, nan 
14.875, 78.375, 7.143090145847204e-24, nan 
15.125, 78.375, 6.678920092995676e-24, nan 
15.375, 78.375, 6.903939376198064e-24, nan 
15.625, 78.375, 6.187525333506931e-24, nan 
15.875, 78.375, 5.462845004802649e-24, nan 
16.125, 78.375, 5.347464781019912e-24, nan 
16.375, 78.375, 4.291802388321764e-24, nan 
16.625, 78.375, 2.61387677148504e-24, nan 
16.875, 78.375, 4.982775567400409e-24, nan 
17.125, 78.375, 2.619513974777229e-23, nan 
17.375, 78.375, 3.518568394033056e-23, nan 
17.625, 78.375, 3.610678799202587e-23, nan 
17.875, 78.375, 2.7192445489816534e-23, nan 
18.125, 78.375, 1.8825002376211094e-23, nan 
18.375, 78.375, 1.6479328082432344e-23, nan 
18.625, 78.375, 1.40944165630057e-23, nan 
18.875, 78.375, 1.0715211486489703e-23, nan 
19.125, 78.375, 8.350379881973367e-24, nan 
19.375, 78.375, 4.708835161387224e-24, nan 
19.625, 78.375, 3.6130625943892254e-24, nan 
19.875, 78.375, 2.943293923197094e-24, nan 
20.125, 78.375, 2.572472604594203e-24, nan 
20.375, 78.375, 1.8627391141788182e-24, nan 
20.625, 78.375, 3.588702036653306e-24, nan 
20.875, 78.375, 4.42376683068771e-24, nan 
21.125, 78.375, 2.1812184117515024e-24, nan 
21.375, 78.375, 2.2043568071151108e-24, nan 
21.625, 78.375, 1.8801383862549095e-24, nan 
21.875, 78.375, 2.654877841580906e-24, nan 
22.125, 78.375, 3.687571578890453e-24, nan 
22.375, 78.375, 2.614755491836313e-24, nan 
22.625, 78.375, 2.6270569146297552e-24, nan 
22.875, 78.375, 3.6900591170463484e-24, nan 
23.125, 78.375, 1.9747094982210537e-24, nan 
23.375, 78.375, 6.382154611688869e-24, nan 
23.625, 78.375, 6.591454733891444e-24, nan 
23.875, 78.375, 6.5290790536027886e-24, nan 
24.125, 78.375, 4.248122613027399e-24, nan 
24.375, 78.375, 3.439108969128792e-24, nan 
24.625, 78.375, 1.5288549243694553e-24, nan 
24.875, 78.375, 3.283599297699283e-24, nan 
25.125, 78.375, 2.1484051555356708e-24, nan 
25.375, 78.375, 1.760049418162205e-24, nan 
25.625, 78.375, 2.4986811563895884e-24, nan 
25.875, 78.375, 1.9592499148574136e-24, nan 
26.125, 78.375, 3.360745118941977e-24, nan 
26.375, 78.375, 2.0591313056358926e-24, nan 
26.625, 78.375, 2.5279469536757616e-24, nan 
26.875, 78.375, 7.067797422983922e-25, nan 
27.125, 78.375, 2.634803049240724e-24, nan 
27.375, 78.375, 4.444997197539811e-24, nan 
27.625, 78.375, 9.508030601767161e-24, nan 
27.875, 78.375, 3.3723770643877275e-24, nan 
28.125, 78.375, 1.779555943047134e-24, nan 
28.375, 78.375, 2.2688273517573825e-24, nan 
28.625, 78.375, 2.0563361105835164e-24, nan 
28.875, 78.375, 6.289878872931717e-25, nan 
29.125, 78.375, 1.2083396063812045e-24, nan 
29.375, 78.375, 1.4414763204416807e-24, nan 
29.625, 78.375, 2.058078497580445e-24, nan 
29.875, 78.375, 1.8840267616974304e-24, nan 
30.125, 78.375, 1.1347544715915108e-24, nan 
30.375, 78.375, 1.1226659766574742e-24, nan 
30.625, 78.375, 2.0153661275397244e-24, nan 
30.875, 78.375, 2.4727914141292478e-24, nan 
31.125, 78.375, 1.2816360647917522e-24, nan 
31.375, 78.375, 2.1693403625562844e-24, nan 
31.625, 78.375, 1.651244966474952e-24, nan 
31.875, 78.375, 8.912706684299525e-25, nan 
32.125, 78.375, 1.2743728937284873e-24, nan 
32.375, 78.375, 9.622215156507906e-25, nan 
32.625, 78.375, 2.2158406281343826e-24, nan 
32.875, 78.375, 1.2973627303439152e-24, nan 
33.125, 78.375, 3.8546840564874e-24, nan 
33.375, 78.375, 3.963505852555527e-24, nan 
33.625, 78.375, 4.882700062985297e-24, nan 
33.875, 78.375, 4.5315122967342246e-24, nan 
34.125, 78.375, 5.210489742495224e-24, nan 
34.375, 78.375, 4.862570822813305e-24, nan 
34.625, 78.375, 5.345048824719382e-24, nan 
34.875, 78.375, 4.91057444143337e-24, nan 
35.125, 78.375, 5.315289222500999e-24, nan 
35.375, 78.375, 3.884317490366235e-24, nan 
35.625, 78.375, 1.682243564009462e-24, nan 
35.875, 78.375, 2.883874421864348e-24, nan 
36.125, 78.375, 2.8682267907259728e-24, nan 
36.375, 78.375, 2.6074700694433627e-24, nan 
36.625, 78.375, 5.1303084046973306e-24, nan 
36.875, 78.375, 4.397587441048898e-24, nan 
37.125, 78.375, 3.809285721266545e-24, nan 
37.375, 78.375, 3.72375113508216e-24, nan 
37.625, 78.375, 3.877695082835543e-24, nan 
37.875, 78.375, 5.7692624582030605e-24, nan 
38.125, 78.375, 5.921421305496492e-24, nan 
38.375, 78.375, 6.511623889506505e-24, nan 
38.625, 78.375, 7.577794429793068e-24, nan 
38.875, 78.375, 1.3115893823626576e-23, nan 
39.125, 78.375, 9.831567666346217e-24, nan 
39.375, 78.375, 1.3106070852694117e-23, nan 
39.625, 78.375, 2.3790826696252505e-23, nan 
39.875, 78.375, 1.7517716632233264e-23, nan 
40.125, 78.375, 1.6200453754333638e-23, nan 
40.375, 78.375, 1.438497671775987e-23, nan 
40.625, 78.375, 1.7107683975470148e-23, nan 
40.875, 78.375, 1.0513476936549759e-23, nan 
41.125, 78.375, 6.391717005922409e-24, nan 
41.375, 78.375, 5.752049202441016e-24, nan 
41.625, 78.375, 3.0996346626593346e-24, nan 
41.875, 78.375, 8.92045256369142e-24, nan 
42.125, 78.375, 8.276796563268692e-24, nan 
42.375, 78.375, 1.0054249872506278e-23, nan 
42.625, 78.375, 4.103438391909848e-24, nan 
42.875, 78.375, 3.431689074479014e-24, nan 
43.125, 78.375, 5.313916896850407e-24, nan 
43.375, 78.375, 9.487477386448482e-24, nan 
43.625, 78.375, 1.1130652916955766e-23, nan 
43.875, 78.375, 9.619012829237008e-24, nan 
44.125, 78.375, 9.178996399447693e-24, nan 
44.375, 78.375, 1.0110902063895836e-23, nan 
44.625, 78.375, 1.2577318290021882e-23, nan 
44.875, 78.375, 1.1920041835237857e-23, nan 
45.125, 78.375, 1.732496108502455e-23, nan 
45.375, 78.375, 1.1554289338422335e-23, nan 
45.625, 78.375, 8.69777257907273e-24, nan 
45.875, 78.375, 9.293413944437287e-24, nan 
46.125, 78.375, 9.62481939697446e-24, nan 
46.375, 78.375, 1.6179008946869032e-23, nan 
46.625, 78.375, 1.697917188624342e-23, nan 
46.875, 78.375, 1.5127453234499094e-23, nan 
47.125, 78.375, 1.5163466018042166e-23, nan 
47.375, 78.375, 1.43714372600916e-23, nan 
47.625, 78.375, 9.810620037242705e-24, nan 
47.875, 78.375, 2.2266496329963105e-23, nan 
48.125, 78.375, 1.2267405247363067e-23, nan 
48.375, 78.375, 1.3496346083744033e-23, nan 
48.625, 78.375, 9.489091569950745e-24, nan 
48.875, 78.375, 9.566448340235414e-24, nan 
49.125, 78.375, 5.331487260758721e-24, nan 
49.375, 78.375, 6.89823697544492e-24, nan 
49.625, 78.375, 9.383485463285402e-24, nan 
49.875, 78.375, 1.0463834901611559e-23, nan 
50.125, 78.375, 7.9120980593084e-24, nan 
50.375, 78.375, 9.216121912768305e-24, nan 
50.625, 78.375, 1.8236451224922174e-23, nan 
50.875, 78.375, 2.697004692228111e-23, nan 
51.125, 78.375, 2.1967928077352633e-23, nan 
51.375, 78.375, 1.8039019098467572e-23, nan 
51.625, 78.375, 2.6518852246073677e-23, nan 
51.875, 78.375, 2.947402924147428e-23, nan 
52.125, 78.375, 2.6746419887910704e-23, nan 
52.375, 78.375, 3.135850737355591e-23, nan 
52.625, 78.375, 4.0846024097800035e-23, nan 
52.875, 78.375, 6.381057374978068e-23, nan 
53.125, 78.375, 4.297240889590506e-23, nan 
53.375, 78.375, 3.354290572451223e-23, nan 
53.625, 78.375, 4.3884691822818316e-23, nan 
53.875, 78.375, 7.818158855148513e-23, nan 
54.125, 78.375, 5.677976147431613e-23, nan 
54.375, 78.375, 1.996063147520687e-23, nan 
54.625, 78.375, 1.7271436552959964e-23, nan 
54.875, 78.375, 3.134872026275653e-23, nan 
55.125, 78.375, 4.118750717143061e-23, nan 
55.375, 78.375, 3.844953093841643e-23, nan 
55.625, 78.375, 1.787173220753932e-23, nan 
55.875, 78.375, 1.3232431945631482e-23, nan 
56.125, 78.375, 1.8787177711072147e-23, nan 
56.375, 78.375, 2.2520190024369708e-23, nan 
56.625, 78.375, 3.553594464733326e-23, nan 
56.875, 78.375, 3.924566306400827e-23, nan 
57.125, 78.375, 4.151776189554332e-23, nan 
57.375, 78.375, 2.689332987919723e-23, nan 
57.625, 78.375, 3.383164887756522e-23, nan 
57.875, 78.375, 5.1206982106421155e-23, nan 
58.125, 78.375, 4.465108530301236e-23, nan 
58.375, 78.375, 3.1378563165121017e-23, nan 
58.625, 78.375, 4.929671886580947e-23, nan 
58.875, 78.375, 5.962732335300792e-23, nan 
59.125, 78.375, 5.919273795427637e-23, nan 
59.375, 78.375, 8.206095911049224e-23, nan 
59.625, 78.375, 5.967843811654317e-23, nan 
59.875, 78.375, 6.946623303371703e-23, nan 
60.125, 78.375, 7.319714324011069e-23, nan 
60.375, 78.375, 7.405262229498984e-23, nan 
60.625, 78.375, 5.368762178238673e-23, nan 
60.875, 78.375, 5.768572154283044e-23, nan 
61.125, 78.375, 6.521824222508148e-23, nan 
61.375, 78.375, 8.352186454704841e-23, nan 
61.625, 78.375, 5.794020129920133e-23, nan 
61.875, 78.375, 1.2302991958915654e-22, nan 
62.125, 78.375, 4.9796016543511176e-23, nan 
62.375, 78.375, 4.728558356425176e-23, nan 
62.625, 78.375, 5.328440327156252e-23, nan 
62.875, 78.375, 5.395689127593407e-23, nan 
63.125, 78.375, 6.221779409443805e-23, nan 
63.375, 78.375, 7.934416761553841e-23, nan 
63.625, 78.375, 1.132011351026869e-22, nan 
63.875, 78.375, 1.2190313507189782e-22, nan 
64.125, 78.375, 1.0908546005198463e-22, nan 
64.375, 78.375, 1.1333529237984123e-22, nan 
64.625, 78.375, 1.1347996159549715e-22, nan 
64.875, 78.375, 1.3625308415984522e-22, nan 
65.125, 78.375, 1.110666106464946e-22, nan 
65.375, 78.375, 9.421604853580023e-23, nan 
65.625, 78.375, 8.148780825476325e-23, nan 
65.875, 78.375, 6.976272803042398e-23, nan 
66.125, 78.375, 1.0414801358903213e-22, nan 
66.375, 78.375, 1.7656093029505036e-22, nan 
66.625, 78.375, 1.6424025646700768e-22, nan 
66.875, 78.375, 1.3437311374032336e-22, nan 
67.125, 78.375, 1.4912121795088475e-22, nan 
67.375, 78.375, 1.24675352385007e-22, nan 
67.625, 78.375, 1.1784361002680396e-22, nan 
67.875, 78.375, 7.151945318237501e-23, nan 
68.125, 78.375, 2.696411135651581e-23, nan 
68.375, 78.375, 4.2146235830691974e-23, nan 
68.625, 78.375, 3.911770231512881e-23, nan 
68.875, 78.375, 7.933628985411475e-23, nan 
69.125, 78.375, 9.87473335422009e-23, nan 
69.375, 78.375, 6.798843968106507e-23, nan 
69.625, 78.375, 8.816576439277877e-23, nan 
69.875, 78.375, 6.08589765254422e-23, nan 
70.125, 78.375, 7.361385446689836e-23, nan 
70.375, 78.375, 7.129429679128278e-23, nan 
70.625, 78.375, 9.877515377269292e-23, nan 
70.875, 78.375, 1.1667626110908367e-22, nan 
71.125, 78.375, 9.586540748637201e-23, nan 
71.375, 78.375, 6.074752100943656e-23, nan 
71.625, 78.375, 9.19712949483648e-23, nan 
71.875, 78.375, 1.0708576430649327e-22, nan 
72.125, 78.375, 4.4816338896098165e-23, nan 
72.375, 78.375, 7.216367922092502e-23, nan 
72.625, 78.375, 7.369583183460426e-23, nan 
72.875, 78.375, 5.423405181836589e-23, nan 
73.125, 78.375, 1.0006827046719104e-22, nan 
73.375, 78.375, 1.1129886674503149e-22, nan 
73.625, 78.375, 1.5287858359107225e-22, nan 
73.875, 78.375, 3.1291734039299793e-22, nan 
74.125, 78.375, 2.130794678380079e-22, nan 
74.375, 78.375, 1.210559748669566e-22, nan 
74.625, 78.375, 1.669744520152206e-22, nan 
74.875, 78.375, 2.874105274984355e-22, nan 
75.125, 78.375, 6.4395323360596145e-22, nan 
75.375, 78.375, 3.1814404043174512e-22, nan 
75.625, 78.375, 1.5067124734625257e-22, nan 
75.875, 78.375, 2.2698813026157646e-22, nan 
76.125, 78.375, 3.433393569234273e-22, nan 
76.375, 78.375, 5.14444584913203e-22, nan 
76.625, 78.375, 2.9325971679478746e-22, nan 
76.875, 78.375, 1.2260323231127737e-22, nan 
77.125, 78.375, 1.3467532294916328e-22, nan 
77.375, 78.375, 1.12144541115155e-22, nan 
77.625, 78.375, 1.7619006238442276e-22, nan 
77.875, 78.375, 1.305120448212824e-22, nan 
78.125, 78.375, 1.5094456431446531e-22, nan 
78.375, 78.375, 1.9797221644514145e-22, nan 
78.625, 78.375, 1.3263505004867357e-22, nan 
78.875, 78.375, 1.429914542169244e-22, nan 
79.125, 78.375, 2.7216462223630424e-22, nan 
79.375, 78.375, 5.227797859485099e-22, nan 
79.625, 78.375, 3.186932726292077e-22, nan 
79.875, 78.375, 3.81277134293744e-22, nan 
80.125, 78.375, 3.9844541878863316e-22, nan 
80.375, 78.375, 2.7844620764360803e-22, nan 
80.625, 78.375, 3.3296990058851206e-22, nan 
80.875, 78.375, 3.1535871752659816e-22, nan 
81.125, 78.375, 2.465173189968365e-22, nan 
81.375, 78.375, 4.065230891907414e-22, nan 
81.625, 78.375, 3.5567172148825158e-22, nan 
81.875, 78.375, 3.296011902732767e-22, nan 
82.125, 78.375, 3.5459581857669796e-22, nan 
82.375, 78.375, 5.074932661542084e-22, nan 
82.625, 78.375, 2.8642550646414854e-22, nan 
82.875, 78.375, 3.947450504249777e-22, nan 
83.125, 78.375, 4.239399249733036e-22, nan 
83.375, 78.375, 6.785491878784205e-22, nan 
83.625, 78.375, 5.886201034244728e-22, nan 
83.875, 78.375, 6.665063565846609e-22, nan 
84.125, 78.375, 5.235006792345031e-22, nan 
84.375, 78.375, 5.790434029892393e-22, nan 
84.625, 78.375, 6.340908816987299e-22, nan 
84.875, 78.375, 6.776587804354134e-22, nan 
85.125, 78.375, 8.627634699650834e-22, nan 
85.375, 78.375, 7.15102194869155e-22, nan 
85.625, 78.375, 5.935157355103486e-22, nan 
85.875, 78.375, 6.695934149323721e-22, nan 
86.125, 78.375, 6.543090219211068e-22, nan 
86.375, 78.375, 6.30167643638179e-22, nan 
86.625, 78.375, 5.591198886789071e-22, nan 
86.875, 78.375, 5.0195400470213715e-22, nan 
87.125, 78.375, 5.860712268074391e-22, nan 
87.375, 78.375, 9.40355919801151e-22, nan 
87.625, 78.375, 7.9130387538872735e-22, nan 
87.875, 78.375, 4.548960636312131e-22, nan 
88.125, 78.375, 4.254389115824613e-22, nan 
88.375, 78.375, 9.458862905620422e-22, nan 
88.625, 78.375, 1.3203453746853853e-21, nan 
88.875, 78.375, 1.4212295568585932e-21, nan 
89.125, 78.375, 1.0629008043737585e-21, nan 
89.375, 78.375, 6.380465925632654e-22, nan 
89.625, 78.375, 5.354437141104685e-22, nan 
89.875, 78.375, 2.576125527106326e-22, nan 
90.125, 78.375, 6.259701172782394e-22, nan 
90.375, 78.375, 1.155254980871141e-21, nan 
90.625, 78.375, 5.543970263474175e-22, nan 
90.875, 78.375, 8.235991337316895e-22, nan 
91.125, 78.375, 8.3834921035361255e-22, nan 
91.375, 78.375, 9.704512844400098e-22, nan 
91.625, 78.375, 1.3762318457559395e-21, nan 
91.875, 78.375, 1.1746986296059824e-21, nan 
92.125, 78.375, 1.3655270154179093e-21, nan 
92.375, 78.375, 1.538953774357468e-21, nan 
92.625, 78.375, 1.978245452768162e-21, nan 
92.875, 78.375, 2.7321689007359665e-21, nan 
93.125, 78.375, 2.41232247366529e-21, nan 
93.375, 78.375, 2.8344603121627258e-21, nan 
93.625, 78.375, 2.506365501319214e-21, nan 
93.875, 78.375, 2.8325359609354143e-21, nan 
94.125, 78.375, 3.953724930486419e-21, nan 
94.375, 78.375, 3.472041350682863e-21, nan 
94.625, 78.375, 3.534755412309224e-21, nan 
94.875, 78.375, 3.574401799284559e-21, nan 
95.125, 78.375, 4.8940608568818955e-21, nan 
95.375, 78.375, 4.502175520878697e-21, nan 
95.625, 78.375, 4.103000822872161e-21, nan 
95.875, 78.375, 2.932143086567286e-21, nan 
96.125, 78.375, 5.02654704589968e-21, nan 
96.375, 78.375, 5.4437422501152335e-21, nan 
96.625, 78.375, 5.6785957810408575e-21, nan 
96.875, 78.375, 7.506848113442835e-21, nan 
97.125, 78.375, 6.127497516889073e-21, nan 
97.375, 78.375, 4.952591780440762e-21, nan 
97.625, 78.375, 4.667420586296713e-21, nan 
97.875, 78.375, 5.023546878365138e-21, nan 
98.125, 78.375, 6.399852986890082e-21, nan 
98.375, 78.375, 6.389416175965876e-21, nan 
98.625, 78.375, 4.0577276744292315e-21, nan 
98.875, 78.375, 4.4825895878428134e-21, nan 
99.125, 78.375, 2.5760855305403977e-21, nan 
99.375, 78.375, 3.085244135197775e-21, nan 
99.625, 78.375, 2.6852966125823626e-21, nan 
99.875, 78.375, 2.7259444270308014e-21, nan 
100.125, 78.375, 3.7268876351035074e-21, nan 
100.375, 78.375, 3.619851061330727e-21, nan 
100.625, 78.375, 2.9224889315631402e-21, nan 
100.875, 78.375, 1.6376848253900152e-21, nan 
101.125, 78.375, 3.118112475250694e-21, nan 
101.375, 78.375, 4.6653552639478336e-21, nan 
101.625, 78.375, 6.1204699484745745e-21, nan 
101.875, 78.375, 7.075712545908712e-21, nan 
102.125, 78.375, 3.9211266268609325e-21, nan 
102.375, 78.375, 2.219741938789063e-21, nan 
102.625, 78.375, 3.452012067011007e-21, nan 
102.875, 78.375, 4.279787909669917e-21, nan 
103.125, 78.375, 3.5796158743325314e-21, nan 
103.375, 78.375, 2.8927869451057545e-21, nan 
103.625, 78.375, 2.6610974707793973e-21, nan 
103.875, 78.375, 4.012915202263775e-21, nan 
104.125, 78.375, 3.435098605096911e-21, nan 
104.375, 78.375, 2.385041633444861e-21, nan 
104.625, 78.375, 4.573192553681525e-21, nan 
104.875, 78.375, 5.153972796956359e-21, nan 
105.125, 78.375, 9.186419080076757e-21, nan 
105.375, 78.375, 7.094891036279606e-21, nan 
105.625, 78.375, 3.2859895407276113e-21, nan 
105.875, 78.375, 5.692403480589849e-21, nan 
106.125, 78.375, 8.392261459096989e-21, nan 
106.375, 78.375, 1.4536123739487835e-20, nan 
106.625, 78.375, 1.1441398238665923e-20, nan 
106.875, 78.375, 1.371566478457234e-20, nan 
107.125, 78.375, 1.2061132716658806e-20, nan 
107.375, 78.375, 1.1893887417000894e-20, nan 
107.625, 78.375, 8.163078884766415e-21, nan 
107.875, 78.375, 9.500456350464244e-21, nan 
108.125, 78.375, 1.539905090414304e-20, nan 
108.375, 78.375, 1.3385097131128367e-20, nan 
108.625, 78.375, 1.0916740059124568e-20, nan 
108.875, 78.375, 8.155136234492321e-21, nan 
109.125, 78.375, 9.075174797278936e-21, nan 
109.375, 78.375, 8.937304947387631e-21, nan 
109.625, 78.375, 5.5740222937170575e-21, nan 
109.875, 78.375, 5.552132173189507e-21, nan 
110.125, 78.375, 2.2795963770097056e-20, nan 
110.375, 78.375, 3.3559258759269906e-20, nan 
110.625, 78.375, 3.46633319710369e-20, nan 
110.875, 78.375, 2.9472749413146156e-20, nan 
111.125, 78.375, 1.866600338092418e-20, nan 
111.375, 78.375, 2.865424899032048e-20, nan 
111.625, 78.375, 3.962815361784583e-20, nan 
111.875, 78.375, 4.083669108991327e-20, nan 
112.125, 78.375, 3.56859095472397e-20, nan 
112.375, 78.375, 2.3246868908805006e-20, nan 
112.625, 78.375, 1.9328747640684073e-20, nan 
112.875, 78.375, 2.2954580178408386e-20, nan 
113.125, 78.375, 2.3942001179587888e-20, nan 
113.375, 78.375, 2.2135112074744218e-20, nan 
113.625, 78.375, 1.6556532834115997e-20, nan 
113.875, 78.375, 1.283208516689104e-20, nan 
114.125, 78.375, 1.112742000353313e-20, nan 
114.375, 78.375, 1.3866906199272197e-20, nan 
114.625, 78.375, 1.4739420333230664e-20, nan 
114.875, 78.375, 2.2817996142709005e-20, nan 
115.125, 78.375, 1.9177479341006197e-20, nan 
115.375, 78.375, 1.1150764803140942e-20, nan 
115.625, 78.375, 1.9052838431501735e-20, nan 
115.875, 78.375, 2.1055758435019814e-20, nan 
116.125, 78.375, 2.1282424002318476e-20, nan 
116.375, 78.375, 1.8542949699339985e-20, nan 
116.625, 78.375, 1.2398465907720249e-20, nan 
116.875, 78.375, 9.190403782270562e-21, nan 
117.125, 78.375, 3.149637809439082e-20, nan 
117.375, 78.375, 3.4155829637375354e-20, nan 
117.625, 78.375, 2.6499807885493956e-20, nan 
117.875, 78.375, 1.0380042018834867e-20, nan 
118.125, 78.375, 7.594252612315628e-21, nan 
118.375, 78.375, 2.1125284292002518e-20, nan 
118.625, 78.375, 2.2419623890000982e-20, nan 
118.875, 78.375, 2.875479460386064e-20, nan 
119.125, 78.375, 2.937002677895217e-20, nan 
119.375, 78.375, 2.306306494118709e-20, nan 
119.625, 78.375, 1.6104617672909627e-20, nan 
119.875, 78.375, 1.646253195341979e-20, nan 
120.125, 78.375, 2.071093294773968e-20, nan 
120.375, 78.375, 2.335670067140549e-20, nan 
120.625, 78.375, 2.2420631818738607e-20, nan 
120.875, 78.375, 2.2976508340364334e-20, nan 
121.125, 78.375, 2.2652430623335287e-20, nan 
121.375, 78.375, 1.7400862715933884e-20, nan 
121.625, 78.375, 1.1883877295391495e-20, nan 
121.875, 78.375, 9.746816951200706e-21, nan 
122.125, 78.375, 6.660866481613806e-21, nan 
122.375, 78.375, 7.363505658155242e-21, nan 
122.625, 78.375, 9.081082923364216e-21, nan 
122.875, 78.375, 5.396593274897724e-21, nan 
123.125, 78.375, 6.571433780522709e-21, nan 
123.375, 78.375, 8.646274861479484e-21, nan 
123.625, 78.375, 7.100432300865103e-21, nan 
123.875, 78.375, 7.318458202231612e-21, nan 
124.125, 78.375, 5.823812227778122e-21, nan 
124.375, 78.375, 7.223099711870331e-21, nan 
124.625, 78.375, 6.655382844192256e-21, nan 
124.875, 78.375, 6.72351602362988e-21, nan 
125.125, 78.375, 6.768945490651889e-21, nan 
125.375, 78.375, 7.547156248926365e-21, nan 
125.625, 78.375, 7.028942477549365e-21, nan 
125.875, 78.375, 5.852047414262963e-21, nan 
126.125, 78.375, 7.49302380973508e-21, nan 
126.375, 78.375, 5.541233804635469e-21, nan 
126.625, 78.375, 5.8325436141568e-21, nan 
126.875, 78.375, 6.159452458843887e-21, nan 
127.125, 78.375, 7.975733129503458e-21, nan 
127.375, 78.375, 1.135929911975704e-20, nan 
127.625, 78.375, 7.004520422255788e-21, nan 
127.875, 78.375, 6.837370039833077e-21, nan 
128.125, 78.375, 6.0030041027938204e-21, nan 
128.375, 78.375, 5.406364534759625e-21, nan 
128.625, 78.375, 6.38450163020407e-21, nan 
128.875, 78.375, 4.89131767100721e-21, nan 
129.125, 78.375, 5.738886820513106e-21, nan 
129.375, 78.375, 5.722668586925414e-21, nan 
129.625, 78.375, 4.922592409179294e-21, nan 
129.875, 78.375, 3.5107875229029465e-21, nan 
130.125, 78.375, 2.870084271628039e-21, nan 
130.375, 78.375, 6.616049292094219e-21, nan 
130.625, 78.375, 8.169070028405473e-21, nan 
130.875, 78.375, 7.98869158825534e-21, nan 
131.125, 78.375, 7.3188031604807e-21, nan 
131.375, 78.375, 3.103293314039593e-21, nan 
131.625, 78.375, 3.436019975107747e-21, nan 
131.875, 78.375, 4.645354696652012e-21, nan 
132.125, 78.375, 4.588193176174862e-21, nan 
132.375, 78.375, 4.385783137439947e-21, nan 
132.625, 78.375, 2.6318051486493815e-21, nan 
132.875, 78.375, 2.6604855683228784e-21, nan 
133.125, 78.375, 1.3623962361884442e-21, nan 
133.375, 78.375, 1.8570988756697993e-21, nan 
133.625, 78.375, 1.6376792606495626e-21, nan 
133.875, 78.375, 2.5571473207078948e-21, nan 
134.125, 78.375, 3.2509476390493322e-21, nan 
134.375, 78.375, 2.5576858502500643e-21, nan 
134.625, 78.375, 2.033593502950531e-21, nan 
134.875, 78.375, 2.3723915470384708e-21, nan 
135.125, 78.375, 2.8500733724460548e-21, nan 
135.375, 78.375, 2.4059099050365695e-21, nan 
135.625, 78.375, 2.338724429720514e-21, nan 
135.875, 78.375, 1.7299931144656744e-21, nan 
136.125, 78.375, 1.7039995541399143e-21, nan 
136.375, 78.375, 1.7519211098571606e-21, nan 
136.625, 78.375, 2.2123245890427318e-21, nan 
136.875, 78.375, 1.8129344458694484e-21, nan 
137.125, 78.375, 2.2763283573295827e-21, nan 
137.375, 78.375, 2.2795441445448786e-21, nan 
137.625, 78.375, 2.3122955811652485e-21, nan 
137.875, 78.375, 2.2177255786568383e-21, nan 
138.125, 78.375, 1.8344229439098473e-21, nan 
138.375, 78.375, 2.0304394845573286e-21, nan 
138.625, 78.375, 1.8731586330770513e-21, nan 
138.875, 78.375, 1.9602764459549296e-21, nan 
139.125, 78.375, 1.5952241942835168e-21, nan 
139.375, 78.375, 1.3419875003016346e-21, nan 
139.625, 78.375, 1.486839151054034e-21, nan 
139.875, 78.375, 1.1233208128217211e-21, nan 
140.125, 78.375, 1.5297123922721572e-21, nan 
140.375, 78.375, 1.1976054647796742e-21, nan 
140.625, 78.375, 1.7494925009767678e-21, nan 
140.875, 78.375, 1.3087372229475709e-21, nan 
141.125, 78.375, 9.982491889558447e-22, nan 
141.375, 78.375, 6.614266117470111e-22, nan 
141.625, 78.375, 6.462751368969489e-22, nan 
141.875, 78.375, 7.0750828273160995e-22, nan 
142.125, 78.375, 1.69062274733181e-21, nan 
142.375, 78.375, 1.2768581068656256e-21, nan 
142.625, 78.375, 8.110515332867067e-22, nan 
142.875, 78.375, 4.926834079323292e-22, nan 
143.125, 78.375, 6.2971032534068685e-22, nan 
143.375, 78.375, 9.95953302533417e-22, nan 
143.625, 78.375, 8.325932605247916e-22, nan 
143.875, 78.375, 6.459366485163954e-22, nan 
144.125, 78.375, 3.956372419861027e-22, nan 
144.375, 78.375, 3.6075246308695995e-22, nan 
144.625, 78.375, 3.474623885347236e-22, nan 
144.875, 78.375, 3.5255913730320286e-22, nan 
145.125, 78.375, 3.3931196680130026e-22, nan 
145.375, 78.375, 3.491594998651067e-22, nan 
145.625, 78.375, 2.8245709872618617e-22, nan 
145.875, 78.375, 2.974906356204424e-22, nan 
146.125, 78.375, 2.43105045683714e-22, nan 
146.375, 78.375, 2.5621648786833325e-22, nan 
146.625, 78.375, 2.2329549353095667e-22, nan 
146.875, 78.375, 2.773082518079605e-22, nan 
147.125, 78.375, 2.6271401624419507e-22, nan 
147.375, 78.375, 1.0125709069081357e-22, nan 
147.625, 78.375, 2.2991296549722183e-22, nan 
147.875, 78.375, 3.038383186139332e-22, nan 
148.125, 78.375, 3.3490367873739597e-22, nan 
148.375, 78.375, 3.1544817775553247e-22, nan 
148.625, 78.375, 2.1024974204257298e-22, nan 
148.875, 78.375, 2.0593558266003445e-22, nan 
149.125, 78.375, 2.8889631327423913e-22, nan 
149.375, 78.375, 3.2225180348382766e-22, nan 
149.625, 78.375, 2.8812206356469633e-22, nan 
149.875, 78.375, 1.749940478385923e-22, nan 
150.125, 78.375, 1.146522565841581e-22, nan 
150.375, 78.375, 1.0347738460947479e-22, nan 
150.625, 78.375, 1.0976543892689765e-22, nan 
150.875, 78.375, 1.6118658652727757e-22, nan 
151.125, 78.375, 1.7010843469538688e-22, nan 
151.375, 78.375, 1.8611095990981719e-22, nan 
151.625, 78.375, 2.350540980815504e-22, nan 
151.875, 78.375, 2.174351778966833e-22, nan 
152.125, 78.375, 2.7718921147764584e-22, nan 
152.375, 78.375, 2.612969497044717e-22, nan 
152.625, 78.375, 1.373809253841955e-22, nan 
152.875, 78.375, 2.253553829266622e-22, nan 
153.125, 78.375, 2.2313663993327647e-22, nan 
153.375, 78.375, 9.315671174326904e-23, nan 
153.625, 78.375, 8.137578273837914e-23, nan 
153.875, 78.375, 1.106480582635278e-22, nan 
154.125, 78.375, 9.617318187315662e-23, nan 
154.375, 78.375, 1.7071842761616226e-22, nan 
154.625, 78.375, 2.1042842601765958e-22, nan 
154.875, 78.375, 2.8372124356281186e-22, nan 
155.125, 78.375, 3.5545963553097457e-22, nan 
155.375, 78.375, 2.2775571479983137e-22, nan 
155.625, 78.375, 1.4334533392901875e-22, nan 
155.875, 78.375, 1.9113938464465955e-22, nan 
156.125, 78.375, 2.163844859606624e-22, nan 
156.375, 78.375, 2.3144469036068894e-22, nan 
156.625, 78.375, 1.6234646157089655e-22, nan 
156.875, 78.375, 7.263759970341243e-23, nan 
157.125, 78.375, 1.0717099762948497e-22, nan 
157.375, 78.375, 1.1503633392294983e-22, nan 
157.625, 78.375, 4.8149928937025183e-23, nan 
157.875, 78.375, 8.446943437630916e-23, nan 
158.125, 78.375, 5.570034094412699e-23, nan 
158.375, 78.375, 8.321299423261826e-23, nan 
158.625, 78.375, 9.996099499141004e-23, nan 
158.875, 78.375, 1.3465954727754229e-22, nan 
159.125, 78.375, 1.4258082542953543e-22, nan 
159.375, 78.375, 8.633829981344582e-23, nan 
159.625, 78.375, 8.727157263363677e-23, nan 
159.875, 78.375, 8.466877552388917e-23, nan 
160.125, 78.375, 8.605537713459586e-23, nan 
160.375, 78.375, 6.131131452751288e-23, nan 
160.625, 78.375, 4.635048806141198e-23, nan 
160.875, 78.375, 6.804936963540064e-23, nan 
161.125, 78.375, 6.1272839518319e-23, nan 
161.375, 78.375, 5.178271950780841e-23, nan 
161.625, 78.375, 5.703606641160397e-23, nan 
161.875, 78.375, 6.769933431162715e-23, nan 
162.125, 78.375, 3.2521538896834154e-23, nan 
162.375, 78.375, 3.1392406692868584e-23, nan 
162.625, 78.375, 2.430484201951817e-23, nan 
162.875, 78.375, 5.2504014504799234e-23, nan 
163.125, 78.375, 4.9579747191690015e-23, nan 
163.375, 78.375, 2.228227598462144e-23, nan 
163.625, 78.375, 2.3441944585943676e-23, nan 
163.875, 78.375, 6.008566754303994e-23, nan 
164.125, 78.375, 4.6208379712397844e-23, nan 
164.375, 78.375, 2.8864289563967754e-23, nan 
164.625, 78.375, 2.999235629913422e-23, nan 
164.875, 78.375, 4.3541306245533635e-23, nan 
165.125, 78.375, 5.790230535718593e-23, nan 
165.375, 78.375, 7.322574598821231e-23, nan 
165.625, 78.375, 8.011694810579518e-23, nan 
165.875, 78.375, 7.845072342731744e-23, nan 
166.125, 78.375, 7.75340214953119e-23, nan 
166.375, 78.375, 8.757258497258181e-23, nan 
166.625, 78.375, 7.606882167683554e-23, nan 
166.875, 78.375, 8.249134598261593e-23, nan 
167.125, 78.375, 8.269266256643616e-23, nan 
167.375, 78.375, 7.683062859927761e-23, nan 
167.625, 78.375, 8.838078466166754e-23, nan 
167.875, 78.375, 5.258099336607877e-23, nan 
168.125, 78.375, 3.740918930107466e-23, nan 
168.375, 78.375, 3.7755539655713806e-23, nan 
168.625, 78.375, 3.1386239679906906e-23, nan 
168.875, 78.375, 2.897329169398642e-23, nan 
169.125, 78.375, 1.9296651871871792e-23, nan 
169.375, 78.375, 8.421035155679871e-24, nan 
169.625, 78.375, 1.374235923807541e-23, nan 
169.875, 78.375, 1.6249506143412664e-23, nan 
170.125, 78.375, 2.7384165941086745e-23, nan 
170.375, 78.375, 2.4253450517245673e-23, nan 
170.625, 78.375, 1.3962195705526445e-23, nan 
170.875, 78.375, 1.074843431696436e-23, nan 
171.125, 78.375, 1.587311792336315e-23, nan 
171.375, 78.375, 3.2424277378194314e-23, nan 
171.625, 78.375, 2.688541193993164e-23, nan 
171.875, 78.375, 2.6876019082281455e-23, nan 
172.125, 78.375, 2.6443018431717576e-23, nan 
172.375, 78.375, 3.8109721980417514e-23, nan 
172.625, 78.375, 3.015886093219853e-23, nan 
172.875, 78.375, 5.435407668500297e-23, nan 
173.125, 78.375, 4.978791880130307e-23, nan 
173.375, 78.375, 3.451757477358762e-23, nan 
173.625, 78.375, 5.1426483169760956e-23, nan 
173.875, 78.375, 4.180554166708116e-23, nan 
174.125, 78.375, 3.292959698945727e-23, nan 
174.375, 78.375, 3.174474054369101e-23, nan 
174.625, 78.375, 5.962990141576092e-24, nan 
174.875, 78.375, 2.759419076894958e-23, nan 
175.125, 78.375, 1.9587146893820122e-23, nan 
175.375, 78.375, 1.4588542040043264e-23, nan 
175.625, 78.375, 2.7884594919662043e-23, nan 
175.875, 78.375, 3.2480292935869504e-23, nan 
176.125, 78.375, 3.7511968711607187e-23, nan 
176.375, 78.375, 2.802906764587289e-23, nan 
176.625, 78.375, 3.069418905686371e-23, nan 
176.875, 78.375, 3.078234502087104e-23, nan 
177.125, 78.375, 2.718091046559247e-23, nan 
177.375, 78.375, 1.5738480037676908e-23, nan 
177.625, 78.375, 7.009250017875345e-24, nan 
177.875, 78.375, 1.4313483175408172e-23, nan 
178.125, 78.375, 1.730996908159335e-23, nan 
178.375, 78.375, 2.5133880710505476e-23, nan 
178.625, 78.375, 2.5432887294026546e-23, nan 
178.875, 78.375, 1.5370255976003694e-23, nan 
179.125, 78.375, 1.7120499626155713e-23, nan 
179.375, 78.375, 1.418725819879572e-23, nan 
179.625, 78.375, 2.5636369979441285e-23, nan 
179.875, 78.375, 3.384514996921864e-23, nan 
-179.875, 78.625, 2.691665280761484e-23, nan 
-179.625, 78.625, 2.7942046548299904e-23, nan 
-179.375, 78.625, 2.2672569072713498e-23, nan 
-179.125, 78.625, 2.5582886388615406e-23, nan 
-178.875, 78.625, 2.159269554855228e-23, nan 
-178.625, 78.625, 2.133072179667041e-23, nan 
-178.375, 78.625, 2.5954026272684694e-23, nan 
-178.125, 78.625, 2.0784074776313225e-23, nan 
-177.875, 78.625, 2.174028351774901e-23, nan 
-177.625, 78.625, 2.073349680211789e-23, nan 
-177.375, 78.625, 2.134602542073899e-23, nan 
-177.125, 78.625, 4.3910327018652624e-23, nan 
-176.875, 78.625, 4.5781611501828364e-23, nan 
-176.625, 78.625, 6.28215032367466e-23, nan 
-176.375, 78.625, 5.643923397935769e-23, nan 
-176.125, 78.625, 3.564655297181935e-23, nan 
-175.875, 78.625, 4.006457750021296e-23, nan 
-175.625, 78.625, 4.830411424076841e-23, nan 
-175.375, 78.625, 5.797638297940835e-23, nan 
-175.125, 78.625, 2.7020395734474916e-23, nan 
-174.875, 78.625, 2.4549626872636972e-23, nan 
-174.625, 78.625, 9.931270168569917e-24, nan 
-174.375, 78.625, 1.7082448899196518e-23, nan 
-174.125, 78.625, 2.13111237658504e-23, nan 
-173.875, 78.625, 1.6165310475757612e-23, nan 
-173.625, 78.625, 1.8702985621600874e-23, nan 
-173.375, 78.625, 1.876396155664206e-23, nan 
-173.125, 78.625, 7.350010486150812e-24, nan 
-172.875, 78.625, 1.0833789276891928e-23, nan 
-172.625, 78.625, 1.811465062647642e-23, nan 
-172.375, 78.625, 2.374675203312209e-23, nan 
-172.125, 78.625, 3.0502719278713175e-23, nan 
-171.875, 78.625, 3.2714742048545395e-23, nan 
-171.625, 78.625, 5.590685239475882e-23, nan 
-171.375, 78.625, 3.961035336757323e-23, nan 
-171.125, 78.625, 5.209332504454647e-23, nan 
-170.875, 78.625, 5.25260051686661e-23, nan 
-170.625, 78.625, 5.242212580077023e-23, nan 
-170.375, 78.625, 4.798426986026561e-23, nan 
-170.125, 78.625, 3.667928659066066e-23, nan 
-169.875, 78.625, 3.5106493430278223e-23, nan 
-169.625, 78.625, 2.730910949941733e-23, nan 
-169.375, 78.625, 3.12014120724519e-23, nan 
-169.125, 78.625, 3.8101340390127774e-23, nan 
-168.875, 78.625, 2.1789839572920237e-23, nan 
-168.625, 78.625, 2.1080814635090926e-23, nan 
-168.375, 78.625, 1.700248912061586e-23, nan 
-168.125, 78.625, 2.290308403524904e-23, nan 
-167.875, 78.625, 2.3838885682655543e-23, nan 
-167.625, 78.625, 2.4200956894229747e-23, nan 
-167.375, 78.625, 1.937681485596829e-23, nan 
-167.125, 78.625, 1.9175568296706746e-23, nan 
-166.875, 78.625, 1.7731559034124993e-23, nan 
-166.625, 78.625, 2.1152082860878237e-23, nan 
-166.375, 78.625, 2.2879967241633136e-23, nan 
-166.125, 78.625, 2.2223847838207437e-23, nan 
-165.875, 78.625, 1.6381972010951743e-23, nan 
-165.625, 78.625, 1.7309017914080854e-23, nan 
-165.375, 78.625, 1.6073917310865287e-23, nan 
-165.125, 78.625, 1.2750067803141492e-23, nan 
-164.875, 78.625, 9.377623384542402e-24, nan 
-164.625, 78.625, 1.0469925847522466e-23, nan 
-164.375, 78.625, 1.3253236156801302e-23, nan 
-164.125, 78.625, 1.1460232389091836e-23, nan 
-163.875, 78.625, 1.1739005428577846e-23, nan 
-163.625, 78.625, 1.0264271663475973e-23, nan 
-163.375, 78.625, 1.2243786610402175e-23, nan 
-163.125, 78.625, 1.342660302920407e-23, nan 
-162.875, 78.625, 1.9447792167357926e-23, nan 
-162.625, 78.625, 1.0661752772543138e-23, nan 
-162.375, 78.625, 7.617381741151349e-24, nan 
-162.125, 78.625, 8.978503827779101e-24, nan 
-161.875, 78.625, 1.1659466623838672e-23, nan 
-161.625, 78.625, 6.809851267701839e-24, nan 
-161.375, 78.625, 3.2515613866779213e-24, nan 
-161.125, 78.625, 3.0520563318782656e-24, nan 
-160.875, 78.625, 4.529003340480461e-24, nan 
-160.625, 78.625, 4.0149169238425804e-24, nan 
-160.375, 78.625, 3.602681152298543e-24, nan 
-160.125, 78.625, 3.564170474220324e-24, nan 
-159.875, 78.625, 4.1017870026257225e-24, nan 
-159.625, 78.625, 3.521064466682361e-24, nan 
-159.375, 78.625, 4.070279269476895e-24, nan 
-159.125, 78.625, 6.4487657347631124e-24, nan 
-158.875, 78.625, 4.7720932179164555e-24, nan 
-158.625, 78.625, 1.7172948070121775e-23, nan 
-158.375, 78.625, 1.7120366366531865e-23, nan 
-158.125, 78.625, 1.2707992020456023e-23, nan 
-157.875, 78.625, 1.1926414768687809e-23, nan 
-157.625, 78.625, 1.3753451797793178e-23, nan 
-157.375, 78.625, 2.7961221407496613e-23, nan 
-157.125, 78.625, 2.907934073127408e-23, nan 
-156.875, 78.625, 2.3069555191353945e-23, nan 
-156.625, 78.625, 2.286769617371652e-23, nan 
-156.375, 78.625, 2.4977533122589473e-23, nan 
-156.125, 78.625, 1.7459215124361905e-23, nan 
-155.875, 78.625, 1.6875406885911055e-23, nan 
-155.625, 78.625, 1.5264455571555223e-23, nan 
-155.375, 78.625, 1.4954080185853858e-23, nan 
-155.125, 78.625, 1.6719672980734585e-23, nan 
-154.875, 78.625, 1.189977217414655e-23, nan 
-154.625, 78.625, 8.182049872360114e-24, nan 
-154.375, 78.625, 7.190455075328465e-24, nan 
-154.125, 78.625, 1.032318378995541e-23, nan 
-153.875, 78.625, 1.0035657061793538e-23, nan 
-153.625, 78.625, 7.755829771346246e-24, nan 
-153.375, 78.625, 3.7830295746831414e-24, nan 
-153.125, 78.625, 3.8046122055186935e-24, nan 
-152.875, 78.625, 1.2111184492426098e-23, nan 
-152.625, 78.625, 8.410844966045397e-24, nan 
-152.375, 78.625, 5.051817224443462e-24, nan 
-152.125, 78.625, 6.6012333413905264e-24, nan 
-151.875, 78.625, 6.663903656267495e-24, nan 
-151.625, 78.625, 1.1532029198728433e-23, nan 
-151.375, 78.625, 7.342588046932136e-24, nan 
-151.125, 78.625, 6.1066421538825556e-24, nan 
-150.875, 78.625, 6.467731786144423e-24, nan 
-150.625, 78.625, 9.378672651682515e-24, nan 
-150.375, 78.625, 4.454928265132326e-24, nan 
-150.125, 78.625, 6.757525763017769e-24, nan 
-149.875, 78.625, 8.019732822830505e-24, nan 
-149.625, 78.625, 1.5221182473763273e-23, nan 
-149.375, 78.625, 2.2482402998424415e-23, nan 
-149.125, 78.625, 2.122943130702146e-23, nan 
-148.875, 78.625, 1.6314128812080945e-23, nan 
-148.625, 78.625, 1.5762523603204677e-23, nan 
-148.375, 78.625, 1.4291838634925108e-23, nan 
-148.125, 78.625, 1.5351554901011131e-23, nan 
-147.875, 78.625, 7.363712667309348e-24, nan 
-147.625, 78.625, 8.00547285871304e-24, nan 
-147.375, 78.625, 6.543253532545408e-24, nan 
-147.125, 78.625, 6.70103746003576e-24, nan 
-146.875, 78.625, 9.654091373702208e-24, nan 
-146.625, 78.625, 9.867137591169078e-24, nan 
-146.375, 78.625, 1.2248175247236057e-23, nan 
-146.125, 78.625, 9.218921828060299e-24, nan 
-145.875, 78.625, 8.428052362840046e-24, nan 
-145.625, 78.625, 9.157374725587988e-24, nan 
-145.375, 78.625, 6.118941400203468e-24, nan 
-145.125, 78.625, 3.2293680597200958e-24, nan 
-144.875, 78.625, 3.255478445661379e-24, nan 
-144.625, 78.625, 6.2381657044870385e-24, nan 
-144.375, 78.625, 8.250379234787028e-24, nan 
-144.125, 78.625, 6.826389737273659e-24, nan 
-143.875, 78.625, 4.7166193016412475e-24, nan 
-143.625, 78.625, 3.151614762073596e-24, nan 
-143.375, 78.625, 5.374885392404343e-24, nan 
-143.125, 78.625, 9.22525578092445e-24, nan 
-142.875, 78.625, 9.358328197317458e-24, nan 
-142.625, 78.625, 8.289093860825466e-24, nan 
-142.375, 78.625, 6.933706522283397e-24, nan 
-142.125, 78.625, 6.380269514440842e-24, nan 
-141.875, 78.625, 1.138824911248284e-23, nan 
-141.625, 78.625, 1.361106988603054e-23, nan 
-141.375, 78.625, 2.1312052653981356e-23, nan 
-141.125, 78.625, 2.2740086140154092e-23, nan 
-140.875, 78.625, 1.829066977582083e-23, nan 
-140.625, 78.625, 1.876828115131064e-23, nan 
-140.375, 78.625, 2.188660827261045e-23, nan 
-140.125, 78.625, 2.4888617673835022e-23, nan 
-139.875, 78.625, 1.8756680120496014e-23, nan 
-139.625, 78.625, 1.3598931197928946e-23, nan 
-139.375, 78.625, 3.877955266607513e-24, nan 
-139.125, 78.625, 6.003549009695781e-24, nan 
-138.875, 78.625, 6.578558321192639e-24, nan 
-138.625, 78.625, 1.1522022119065881e-23, nan 
-15.875, 78.625, 1.8908848791571332e-24, nan 
-15.625, 78.625, 1.950880301894858e-24, nan 
-15.375, 78.625, 3.146182946152478e-24, nan 
-15.125, 78.625, 1.9056486208747224e-24, nan 
-14.875, 78.625, 2.2990224230815554e-24, nan 
-14.625, 78.625, 4.583851736819467e-24, nan 
-14.375, 78.625, 2.3769864215400124e-24, nan 
-14.125, 78.625, 3.692459841578629e-24, nan 
-13.875, 78.625, 3.562043239735949e-24, nan 
-13.625, 78.625, 2.7779637749426643e-24, nan 
-13.375, 78.625, 6.2948572499268904e-24, nan 
-13.125, 78.625, 2.9637525799722902e-24, nan 
-12.875, 78.625, 4.753500781426712e-24, nan 
-12.625, 78.625, 5.987969160000513e-24, nan 
-12.375, 78.625, 7.061470796888809e-24, nan 
-12.125, 78.625, 8.9145805199671e-24, nan 
-11.875, 78.625, 7.917875990762848e-24, nan 
-11.625, 78.625, 8.095554354898979e-24, nan 
-11.375, 78.625, 7.556668571670488e-24, nan 
-11.125, 78.625, 7.679430841490773e-24, nan 
-10.875, 78.625, 4.975004946255518e-24, nan 
-10.625, 78.625, 3.5471231486826204e-24, nan 
-10.375, 78.625, 3.271197328098693e-24, nan 
-10.125, 78.625, 2.723378997764978e-24, nan 
-9.875, 78.625, 6.483893143874196e-24, nan 
-9.625, 78.625, 8.219387129037591e-24, nan 
-9.375, 78.625, 8.323880876434956e-24, nan 
-9.125, 78.625, 1.0586413191607595e-23, nan 
-8.875, 78.625, 1.002495168462895e-23, nan 
-8.625, 78.625, 1.2130841520172679e-23, nan 
-8.375, 78.625, 1.0611957995152133e-23, nan 
-8.125, 78.625, 1.0416544443365599e-23, nan 
-7.875, 78.625, 9.821260247089012e-24, nan 
-7.625, 78.625, 9.324196658673258e-24, nan 
-7.375, 78.625, 9.280191885696674e-24, nan 
-7.125, 78.625, 6.4927437951158965e-24, nan 
-6.875, 78.625, 8.501772933391111e-24, nan 
-6.625, 78.625, 5.804940387346305e-24, nan 
-6.375, 78.625, 1.1347052316464483e-23, nan 
-6.125, 78.625, 6.652706456626184e-24, nan 
-5.875, 78.625, 1.0092039567019134e-23, nan 
-5.625, 78.625, 1.0949637177017433e-23, nan 
-5.375, 78.625, 1.1706129523139676e-23, nan 
-5.125, 78.625, 1.1023411316461763e-23, nan 
-4.875, 78.625, 1.1469704509836152e-23, nan 
-4.625, 78.625, 1.0379542576660132e-23, nan 
-4.375, 78.625, 9.76236768277687e-24, nan 
-4.125, 78.625, 7.652781780536736e-24, nan 
-3.875, 78.625, 6.67479525546515e-24, nan 
-3.625, 78.625, 6.973235807293474e-24, nan 
-3.375, 78.625, 3.35779155888562e-23, nan 
-3.125, 78.625, 3.327963839811071e-23, nan 
-2.875, 78.625, 3.196440307157711e-23, nan 
-2.625, 78.625, 3.739750421438178e-23, nan 
-2.375, 78.625, 4.3959473214606385e-23, nan 
-2.125, 78.625, 4.263926684349849e-23, nan 
-1.875, 78.625, 4.2953321566480104e-23, nan 
-1.625, 78.625, 4.084657192003481e-23, nan 
-1.375, 78.625, 3.1237284145450357e-23, nan 
-1.125, 78.625, 4.373036958011475e-23, nan 
-0.875, 78.625, 4.578168895234471e-23, nan 
-0.625, 78.625, 4.685777197090626e-23, nan 
-0.375, 78.625, 4.429647327344107e-23, nan 
-0.125, 78.625, 3.945841562984646e-23, nan 
0.125, 78.625, 3.7167067941569724e-23, nan 
0.375, 78.625, 2.9333678934875064e-23, nan 
0.625, 78.625, 2.490656169169337e-23, nan 
0.875, 78.625, 4.199400999990502e-23, nan 
1.125, 78.625, 2.511509279154046e-23, nan 
1.375, 78.625, 2.862800090100724e-23, nan 
1.625, 78.625, 2.1551858804970497e-23, nan 
1.875, 78.625, 1.8627019296288655e-23, nan 
2.125, 78.625, 3.062491688563866e-23, nan 
2.375, 78.625, 2.077926332055008e-23, nan 
2.625, 78.625, 2.686730459803153e-23, nan 
2.875, 78.625, 2.7233203424838446e-23, nan 
3.125, 78.625, 2.943981016357774e-23, nan 
3.375, 78.625, 1.9507504686852532e-23, nan 
3.625, 78.625, 1.4583342267799426e-23, nan 
3.875, 78.625, 2.0920452649888947e-23, nan 
4.125, 78.625, 2.649296864043201e-23, nan 
4.375, 78.625, 2.6560632925075863e-23, nan 
4.625, 78.625, 1.875802816631975e-23, nan 
4.875, 78.625, 1.451666352082195e-23, nan 
5.125, 78.625, 1.130648319853259e-23, nan 
5.375, 78.625, 1.1864588154829388e-23, nan 
5.625, 78.625, 2.4526413615348937e-23, nan 
5.875, 78.625, 2.101403926455523e-23, nan 
6.125, 78.625, 2.595650735160753e-23, nan 
6.375, 78.625, 2.788187797876221e-23, nan 
6.625, 78.625, 2.9152388702262197e-23, nan 
6.875, 78.625, 2.7002687745641196e-23, nan 
7.125, 78.625, 2.5013746245274338e-23, nan 
7.375, 78.625, 2.3562430581623573e-23, nan 
7.625, 78.625, 2.2069287735064676e-23, nan 
7.875, 78.625, 2.2216668516866517e-23, nan 
8.125, 78.625, 2.90293129284768e-23, nan 
8.375, 78.625, 3.258547400180462e-23, nan 
8.625, 78.625, 3.016694883961662e-23, nan 
8.875, 78.625, 2.8708749621267087e-23, nan 
9.125, 78.625, 3.1817884340620967e-23, nan 
9.375, 78.625, 2.5584933960993022e-23, nan 
9.625, 78.625, 5.522814281896475e-24, nan 
9.875, 78.625, 1.827930809495927e-23, nan 
10.125, 78.625, 1.5691650979708352e-23, nan 
10.375, 78.625, 1.8474487797494142e-23, nan 
10.625, 78.625, 1.9145245577211682e-23, nan 
10.875, 78.625, 1.8081922991728474e-23, nan 
11.125, 78.625, 3.655501919577467e-23, nan 
11.375, 78.625, 3.855522934040399e-23, nan 
11.625, 78.625, 2.94034130392366e-24, nan 
11.875, 78.625, 8.937788869766879e-24, nan 
12.125, 78.625, 1.1596568128844472e-23, nan 
12.375, 78.625, 1.0131951167633304e-23, nan 
12.625, 78.625, 8.328696143019086e-24, nan 
12.875, 78.625, 1.2018864776547305e-23, nan 
13.125, 78.625, 9.038909182571697e-24, nan 
13.375, 78.625, 1.1937044410569216e-23, nan 
13.625, 78.625, 1.2700342319294579e-23, nan 
13.875, 78.625, 1.4328926310768136e-23, nan 
14.125, 78.625, 1.79458321553875e-23, nan 
14.375, 78.625, 1.3063454186139957e-23, nan 
14.625, 78.625, 1.1425081932530082e-23, nan 
14.875, 78.625, 1.0293447830847526e-23, nan 
15.125, 78.625, 7.555297519377096e-24, nan 
15.375, 78.625, 8.809854340515948e-24, nan 
15.625, 78.625, 1.715856670807801e-23, nan 
15.875, 78.625, 4.879656741606704e-23, nan 
16.125, 78.625, 6.82131064574558e-23, nan 
16.375, 78.625, 6.979211006776645e-23, nan 
16.625, 78.625, 6.091776623906557e-23, nan 
16.875, 78.625, 6.26117485025262e-23, nan 
17.125, 78.625, 4.9261300427923055e-23, nan 
17.375, 78.625, 5.651664458931801e-23, nan 
17.625, 78.625, 5.785501087872521e-23, nan 
17.875, 78.625, 4.221917616941297e-23, nan 
18.125, 78.625, 3.436567225479164e-23, nan 
18.375, 78.625, 2.3593858126381152e-23, nan 
18.625, 78.625, 2.8085534262482985e-23, nan 
18.875, 78.625, 2.8926238143757225e-23, nan 
19.125, 78.625, 2.1627260081402744e-23, nan 
19.375, 78.625, 1.7166687313586786e-23, nan 
19.625, 78.625, 1.613591795029156e-23, nan 
19.875, 78.625, 1.2812450435720346e-23, nan 
20.125, 78.625, 1.1525176010594095e-23, nan 
20.375, 78.625, 8.314103610466533e-24, nan 
20.625, 78.625, 5.245281496169713e-24, nan 
20.875, 78.625, 4.454019129182434e-24, nan 
21.125, 78.625, 3.166082982409215e-24, nan 
21.375, 78.625, 3.4147006024950926e-24, nan 
21.625, 78.625, 3.952996800882197e-24, nan 
21.875, 78.625, 4.3115712510936056e-23, nan 
22.125, 78.625, 5.835867094530276e-23, nan 
22.375, 78.625, 2.707116826659142e-23, nan 
22.625, 78.625, 5.7220579168955886e-24, nan 
22.875, 78.625, 5.002068416357281e-24, nan 
23.125, 78.625, 4.836288560163834e-24, nan 
23.375, 78.625, 1.0181346991429573e-23, nan 
23.625, 78.625, 9.975396472460964e-24, nan 
23.875, 78.625, 9.200488729268996e-24, nan 
24.125, 78.625, 4.845804687842219e-24, nan 
24.375, 78.625, 2.6688363549532415e-24, nan 
24.625, 78.625, 5.804783066137983e-24, nan 
24.875, 78.625, 5.857851289195324e-24, nan 
25.125, 78.625, 5.169135253895534e-24, nan 
25.375, 78.625, 2.88783947201635e-24, nan 
25.625, 78.625, 9.207089898371587e-25, nan 
25.875, 78.625, 2.6552398816712286e-24, nan 
26.125, 78.625, 4.8587390246494145e-24, nan 
26.375, 78.625, 8.878981066465194e-24, nan 
26.625, 78.625, 3.4456320784351154e-24, nan 
26.875, 78.625, 3.2322707163776834e-24, nan 
27.125, 78.625, 1.0966322390794651e-23, nan 
27.375, 78.625, 1.324300226010034e-23, nan 
27.625, 78.625, 1.847144819646676e-23, nan 
27.875, 78.625, 1.6996032133869086e-23, nan 
28.125, 78.625, 1.6664401773712207e-23, nan 
28.375, 78.625, 1.5606963703495328e-23, nan 
28.625, 78.625, 1.1970566981001878e-23, nan 
28.875, 78.625, 1.1840677690611642e-23, nan 
29.125, 78.625, 5.287972844976024e-24, nan 
29.375, 78.625, 4.587546246890876e-24, nan 
29.625, 78.625, 3.732311507177962e-24, nan 
29.875, 78.625, 3.490085635432571e-24, nan 
30.125, 78.625, 2.744052039298181e-24, nan 
30.375, 78.625, 2.912097433312361e-24, nan 
30.625, 78.625, 2.5977735467828365e-24, nan 
30.875, 78.625, 2.1884199127042134e-24, nan 
31.125, 78.625, 1.3781173712628713e-24, nan 
31.375, 78.625, 2.542729537870948e-24, nan 
31.625, 78.625, 5.493886843124044e-24, nan 
31.875, 78.625, 4.1232597317784696e-24, nan 
32.125, 78.625, 4.713237140291915e-24, nan 
32.375, 78.625, 4.666683104971368e-24, nan 
32.625, 78.625, 2.2042596486433266e-24, nan 
32.875, 78.625, 3.26086631566329e-24, nan 
33.125, 78.625, 2.897062233061691e-24, nan 
33.375, 78.625, 2.400770427366857e-24, nan 
33.625, 78.625, 5.913673349824506e-24, nan 
33.875, 78.625, 1.3784661677553346e-24, nan 
34.125, 78.625, 3.2075735796175807e-24, nan 
34.375, 78.625, 2.430328969282787e-24, nan 
34.625, 78.625, 3.9124167569872014e-24, nan 
34.875, 78.625, 3.246003540987519e-24, nan 
35.125, 78.625, 3.6654729180342304e-24, nan 
35.375, 78.625, 2.947624533181441e-24, nan 
35.625, 78.625, 2.2968335794178653e-24, nan 
35.875, 78.625, 3.6447176932979706e-24, nan 
36.125, 78.625, 4.209871539180085e-24, nan 
36.375, 78.625, 3.302112292937126e-24, nan 
36.625, 78.625, 3.499881934535774e-24, nan 
36.875, 78.625, 3.0802163975004746e-24, nan 
37.125, 78.625, 3.1046022977761587e-24, nan 
37.375, 78.625, 3.912435603599403e-24, nan 
37.625, 78.625, 3.333027495049051e-24, nan 
37.875, 78.625, 3.630533675254014e-24, nan 
38.125, 78.625, 3.438847849092815e-24, nan 
38.375, 78.625, 5.568443258299705e-24, nan 
38.625, 78.625, 7.064539570032809e-24, nan 
38.875, 78.625, 1.0291295310735293e-23, nan 
39.125, 78.625, 9.852201209515353e-24, nan 
39.375, 78.625, 7.992203586472225e-24, nan 
39.625, 78.625, 8.332432864707239e-24, nan 
39.875, 78.625, 7.693742696241178e-24, nan 
40.125, 78.625, 1.1738661104209533e-23, nan 
40.375, 78.625, 1.2202493829878231e-23, nan 
40.625, 78.625, 7.574978790230274e-24, nan 
40.875, 78.625, 7.61273153935937e-24, nan 
41.125, 78.625, 3.6212060787964716e-24, nan 
41.375, 78.625, 2.0651373373222026e-24, nan 
41.625, 78.625, 5.430427157858951e-24, nan 
41.875, 78.625, 3.120283509792769e-24, nan 
42.125, 78.625, 6.668793649527313e-24, nan 
42.375, 78.625, 4.2598414554459844e-24, nan 
42.625, 78.625, 3.999676906509235e-24, nan 
42.875, 78.625, 4.566768998035589e-24, nan 
43.125, 78.625, 3.215895866431215e-24, nan 
43.375, 78.625, 8.905714850920102e-24, nan 
43.625, 78.625, 8.050711974010332e-24, nan 
43.875, 78.625, 6.1262617612435026e-24, nan 
44.125, 78.625, 9.0810983490071e-24, nan 
44.375, 78.625, 9.269242187917357e-24, nan 
44.625, 78.625, 1.311417850490481e-23, nan 
44.875, 78.625, 1.1626148055750024e-23, nan 
45.125, 78.625, 5.421019794961575e-24, nan 
45.375, 78.625, 8.973290268246874e-24, nan 
45.625, 78.625, 9.008934145791703e-24, nan 
45.875, 78.625, 1.0117511988101037e-23, nan 
46.125, 78.625, 1.0818975824208328e-23, nan 
46.375, 78.625, 1.2874097564162963e-23, nan 
46.625, 78.625, 1.0033441498008536e-23, nan 
46.875, 78.625, 1.4306448787696912e-23, nan 
47.125, 78.625, 1.0328255137042838e-23, nan 
47.375, 78.625, 1.1924495180749643e-23, nan 
47.625, 78.625, 1.0980297271644479e-23, nan 
47.875, 78.625, 2.1776360346020993e-23, nan 
48.125, 78.625, 1.5794548904679778e-23, nan 
48.375, 78.625, 2.2675718505282976e-23, nan 
48.625, 78.625, 1.8709765708733297e-23, nan 
48.875, 78.625, 1.806498074816188e-23, nan 
49.125, 78.625, 1.2705856349816673e-23, nan 
49.375, 78.625, 1.1016959462360486e-23, nan 
49.625, 78.625, 2.6750438668372196e-23, nan 
49.875, 78.625, 2.4462594464522255e-23, nan 
50.125, 78.625, 2.2737489698014467e-23, nan 
50.375, 78.625, 1.0262484698159425e-23, nan 
50.625, 78.625, 8.18874429751978e-24, nan 
50.875, 78.625, 1.663142626186241e-23, nan 
51.125, 78.625, 1.4522766103128906e-23, nan 
51.375, 78.625, 1.9222796200719991e-23, nan 
51.625, 78.625, 2.2856472473740165e-23, nan 
51.875, 78.625, 2.237408012476435e-23, nan 
52.125, 78.625, 2.4902364323902723e-23, nan 
52.375, 78.625, 1.7196016509297996e-23, nan 
52.625, 78.625, 1.490275725361283e-23, nan 
52.875, 78.625, 1.8021047829407357e-23, nan 
53.125, 78.625, 1.6305586653099982e-23, nan 
53.375, 78.625, 2.1021442062520908e-23, nan 
53.625, 78.625, 3.001538740118247e-23, nan 
53.875, 78.625, 5.043877954732552e-23, nan 
54.125, 78.625, 3.4977611730474044e-23, nan 
54.375, 78.625, 1.7460512799232547e-23, nan 
54.625, 78.625, 7.66977866712273e-24, nan 
54.875, 78.625, 1.2573640571750651e-23, nan 
55.125, 78.625, 1.7109349922954616e-23, nan 
55.375, 78.625, 1.1273274712813226e-23, nan 
55.625, 78.625, 7.760736834695248e-24, nan 
55.875, 78.625, 9.429324118607246e-24, nan 
56.125, 78.625, 1.4924473990218173e-23, nan 
56.375, 78.625, 1.198934769236073e-23, nan 
56.625, 78.625, 2.074509746098305e-23, nan 
56.875, 78.625, 1.806063803509813e-23, nan 
57.125, 78.625, 1.579113990137848e-23, nan 
57.375, 78.625, 1.1721068388177185e-23, nan 
57.625, 78.625, 7.526139539174822e-24, nan 
57.875, 78.625, 2.5100816746097056e-23, nan 
58.125, 78.625, 5.644471421724343e-23, nan 
58.375, 78.625, 9.289437307257496e-23, nan 
58.625, 78.625, 9.786553865613198e-23, nan 
58.875, 78.625, 8.534693990783149e-23, nan 
59.125, 78.625, 5.1237939294287353e-23, nan 
59.375, 78.625, 7.208684413216125e-23, nan 
59.625, 78.625, 8.00810628124361e-23, nan 
59.875, 78.625, 9.143893467851992e-23, nan 
60.125, 78.625, 1.1782387211165997e-22, nan 
60.375, 78.625, 1.0667858799186648e-22, nan 
60.625, 78.625, 8.080053970847881e-23, nan 
60.875, 78.625, 9.009842501206939e-23, nan 
61.125, 78.625, 9.503365152457276e-23, nan 
61.375, 78.625, 1.177016712489193e-22, nan 
61.625, 78.625, 1.165270182591323e-22, nan 
61.875, 78.625, 1.3913510294266433e-22, nan 
62.125, 78.625, 1.0807349869013046e-22, nan 
62.375, 78.625, 1.2749932786358027e-22, nan 
62.625, 78.625, 1.294519975491553e-22, nan 
62.875, 78.625, 1.5594102033522524e-22, nan 
63.125, 78.625, 1.8465597555425454e-22, nan 
63.375, 78.625, 6.694503863962678e-23, nan 
63.625, 78.625, 4.286319325912955e-23, nan 
63.875, 78.625, 3.3597324360201644e-23, nan 
64.125, 78.625, 4.14060456623244e-23, nan 
64.375, 78.625, 5.6655585858805e-23, nan 
64.625, 78.625, 6.777566871387825e-23, nan 
64.875, 78.625, 6.219647531401004e-23, nan 
65.125, 78.625, 4.5268336164188496e-23, nan 
65.375, 78.625, 8.720026293531283e-23, nan 
65.625, 78.625, 5.72856084614954e-23, nan 
65.875, 78.625, 5.2344957823519344e-23, nan 
66.125, 78.625, 6.294641991943437e-23, nan 
66.375, 78.625, 7.158003055093389e-23, nan 
66.625, 78.625, 8.096778593102592e-23, nan 
66.875, 78.625, 5.662290146852663e-23, nan 
67.125, 78.625, 8.269977763175659e-23, nan 
67.375, 78.625, 7.102516827477699e-23, nan 
67.625, 78.625, 8.203707391078704e-23, nan 
67.875, 78.625, 6.120515444988504e-23, nan 
68.125, 78.625, 6.045918187316963e-23, nan 
68.375, 78.625, 7.658948321818238e-23, nan 
68.625, 78.625, 3.43174363375795e-23, nan 
68.875, 78.625, 4.697333513869276e-23, nan 
69.125, 78.625, 7.449666583733012e-23, nan 
69.375, 78.625, 5.318194387775038e-23, nan 
69.625, 78.625, 7.063908965460546e-23, nan 
69.875, 78.625, 3.925338231118593e-23, nan 
70.125, 78.625, 7.929643765914525e-23, nan 
70.375, 78.625, 7.504655674592612e-23, nan 
70.625, 78.625, 9.692255711137795e-23, nan 
70.875, 78.625, 1.317317326285339e-22, nan 
71.125, 78.625, 9.373402166008661e-23, nan 
71.375, 78.625, 6.994619420559638e-23, nan 
71.625, 78.625, 1.442244598163569e-22, nan 
71.875, 78.625, 1.433061838652053e-22, nan 
72.125, 78.625, 9.531959988867272e-23, nan 
72.375, 78.625, 7.645800523160791e-23, nan 
72.625, 78.625, 5.896941746136673e-23, nan 
72.875, 78.625, 1.3768551240425414e-22, nan 
73.125, 78.625, 1.6850834074747933e-22, nan 
73.375, 78.625, 1.2917155312954916e-22, nan 
73.625, 78.625, 6.657647706298915e-23, nan 
73.875, 78.625, 1.5450097952005469e-22, nan 
74.125, 78.625, 1.336695466340966e-22, nan 
74.375, 78.625, 1.7719901840606325e-22, nan 
74.625, 78.625, 1.5571497170923046e-22, nan 
74.875, 78.625, 2.300639539485792e-22, nan 
75.125, 78.625, 3.1380174807643827e-22, nan 
75.375, 78.625, 2.0949333435544196e-22, nan 
75.625, 78.625, 2.484373804379377e-22, nan 
75.875, 78.625, 3.1722623932920827e-22, nan 
76.125, 78.625, 4.449531762438974e-22, nan 
76.375, 78.625, 4.083723866518414e-22, nan 
76.625, 78.625, 2.6243625251977544e-22, nan 
76.875, 78.625, 2.5317403414644415e-22, nan 
77.125, 78.625, 1.538463650988533e-22, nan 
77.375, 78.625, 3.418617869265896e-22, nan 
77.625, 78.625, 2.1684006911910175e-22, nan 
77.875, 78.625, 1.598574839845569e-22, nan 
78.125, 78.625, 2.801752896686712e-22, nan 
78.375, 78.625, 1.4886308892436397e-22, nan 
78.625, 78.625, 1.2872974790370766e-22, nan 
78.875, 78.625, 1.3884375003283922e-22, nan 
79.125, 78.625, 3.0466700084581716e-22, nan 
79.375, 78.625, 5.154398619355262e-22, nan 
79.625, 78.625, 3.8526205987440496e-22, nan 
79.875, 78.625, 2.309274775945657e-22, nan 
80.125, 78.625, 1.8197725940696972e-22, nan 
80.375, 78.625, 3.5664285207551117e-22, nan 
80.625, 78.625, 2.338322476829761e-22, nan 
80.875, 78.625, 2.5164823825139695e-22, nan 
81.125, 78.625, 1.8218485889600404e-22, nan 
81.375, 78.625, 2.7788898386479465e-22, nan 
81.625, 78.625, 2.4547566690155486e-22, nan 
81.875, 78.625, 1.3556150172491023e-22, nan 
82.125, 78.625, 1.0187886158851618e-22, nan 
82.375, 78.625, 1.293800211924873e-22, nan 
82.625, 78.625, 2.1450203255216683e-22, nan 
82.875, 78.625, 2.5772973172025177e-22, nan 
83.125, 78.625, 2.5722943447029245e-22, nan 
83.375, 78.625, 1.9966857305281253e-22, nan 
83.625, 78.625, 3.6505207194237643e-22, nan 
83.875, 78.625, 3.8918744824467846e-22, nan 
84.125, 78.625, 4.991834923606117e-22, nan 
84.375, 78.625, 6.863993996143745e-22, nan 
84.625, 78.625, 9.034668163623268e-22, nan 
84.875, 78.625, 9.759102046725662e-22, nan 
85.125, 78.625, 7.921137972180376e-22, nan 
85.375, 78.625, 7.303821856801889e-22, nan 
85.625, 78.625, 9.129406826997459e-22, nan 
85.875, 78.625, 1.4244968695776738e-21, nan 
86.125, 78.625, 1.6625213488235565e-21, nan 
86.375, 78.625, 1.1284233664933946e-21, nan 
86.625, 78.625, 1.0982840330725158e-21, nan 
86.875, 78.625, 9.98525609057593e-22, nan 
87.125, 78.625, 1.1226494124012037e-21, nan 
87.375, 78.625, 1.3400138136966955e-21, nan 
87.625, 78.625, 1.3771434836431456e-21, nan 
87.875, 78.625, 1.1064188089387399e-21, nan 
88.125, 78.625, 1.1106448475167272e-21, nan 
88.375, 78.625, 1.6354909305317354e-21, nan 
88.625, 78.625, 2.4546079883687153e-21, nan 
88.875, 78.625, 2.7943843653260943e-21, nan 
89.125, 78.625, 1.7241085182176827e-21, nan 
89.375, 78.625, 1.4723940626630752e-21, nan 
89.625, 78.625, 1.2542128404381477e-21, nan 
89.875, 78.625, 1.3503551526928513e-21, nan 
90.125, 78.625, 1.5931045290213147e-21, nan 
90.375, 78.625, 1.5822821563029686e-21, nan 
90.625, 78.625, 1.2909950474590815e-21, nan 
90.875, 78.625, 1.1729768737690155e-21, nan 
91.125, 78.625, 1.0600021054473117e-21, nan 
91.375, 78.625, 9.622571117298636e-22, nan 
91.625, 78.625, 1.3522958153662644e-21, nan 
91.875, 78.625, 1.2702487342830038e-21, nan 
92.125, 78.625, 1.2102862509976581e-21, nan 
92.375, 78.625, 9.372872125535995e-22, nan 
92.625, 78.625, 1.189388699445488e-21, nan 
92.875, 78.625, 1.1779768877549024e-21, nan 
93.125, 78.625, 1.0925626390248843e-21, nan 
93.375, 78.625, 1.030408762807848e-21, nan 
93.625, 78.625, 4.654004718154526e-22, nan 
93.875, 78.625, 6.694975891286651e-22, nan 
94.125, 78.625, 2.5230760700935866e-21, nan 
94.375, 78.625, 1.7671478522334504e-21, nan 
94.625, 78.625, 2.0067940042917653e-21, nan 
94.875, 78.625, 2.301332181965484e-21, nan 
95.125, 78.625, 3.1874798910054313e-21, nan 
95.375, 78.625, 3.413220396201513e-21, nan 
95.625, 78.625, 3.249037387168625e-21, nan 
95.875, 78.625, 2.631208403569013e-21, nan 
96.125, 78.625, 3.895543415008021e-21, nan 
96.375, 78.625, 4.19334124175118e-21, nan 
96.625, 78.625, 3.5800799465236454e-21, nan 
96.875, 78.625, 4.55124630478378e-21, nan 
97.125, 78.625, 3.1480004152899733e-21, nan 
97.375, 78.625, 1.460743568717164e-21, nan 
97.625, 78.625, 1.0951304661932878e-21, nan 
97.875, 78.625, 1.3190356291393334e-21, nan 
98.125, 78.625, 1.994198899977317e-21, nan 
98.375, 78.625, 2.3568764385031503e-21, nan 
98.625, 78.625, 1.837287114432197e-21, nan 
98.875, 78.625, 1.5684518858697234e-21, nan 
99.125, 78.625, 2.0789782740559263e-21, nan 
99.375, 78.625, 2.111852188972639e-21, nan 
99.625, 78.625, 2.4304578647095437e-21, nan 
99.875, 78.625, 2.404030542443058e-21, nan 
100.125, 78.625, 2.5452020534712143e-21, nan 
100.375, 78.625, 2.720987218321549e-21, nan 
100.625, 78.625, 2.3196745852437088e-21, nan 
100.875, 78.625, 2.404425148442123e-21, nan 
101.125, 78.625, 3.545781566276563e-21, nan 
101.375, 78.625, 3.68143288830757e-21, nan 
101.625, 78.625, 2.99696597353187e-21, nan 
101.875, 78.625, 4.2213303375586186e-21, nan 
102.125, 78.625, 4.395830955273989e-21, nan 
102.375, 78.625, 4.716464827481497e-21, nan 
102.625, 78.625, 5.0410834974079045e-21, nan 
102.875, 78.625, 3.627089360506732e-21, nan 
103.125, 78.625, 4.6259288921117306e-21, nan 
103.375, 78.625, 5.025913972600491e-21, nan 
103.625, 78.625, 3.610318066938405e-21, nan 
103.875, 78.625, 1.829955268542666e-21, nan 
104.125, 78.625, 2.2457950293538215e-21, nan 
104.375, 78.625, 2.321824689591029e-21, nan 
104.625, 78.625, 3.7404556561607206e-21, nan 
104.875, 78.625, 5.138388264855631e-21, nan 
105.125, 78.625, 3.8583801608046e-21, nan 
105.375, 78.625, 3.425729709506691e-21, nan 
105.625, 78.625, 2.3746968425950266e-21, nan 
105.875, 78.625, 3.6377406650241764e-21, nan 
106.125, 78.625, 4.8529235203979505e-21, nan 
106.375, 78.625, 3.2003428366817553e-21, nan 
106.625, 78.625, 2.8021327461877174e-21, nan 
106.875, 78.625, 2.8635217992742026e-21, nan 
107.125, 78.625, 1.907905581151303e-21, nan 
107.375, 78.625, 4.542305273574479e-21, nan 
107.625, 78.625, 3.2257957685144468e-21, nan 
107.875, 78.625, 4.8024109109868555e-21, nan 
108.125, 78.625, 7.395432504046627e-21, nan 
108.375, 78.625, 4.6353092556433956e-21, nan 
108.625, 78.625, 4.3269352391319985e-21, nan 
108.875, 78.625, 4.612578143607122e-21, nan 
109.125, 78.625, 5.8882447435112915e-21, nan 
109.375, 78.625, 5.038138272296854e-21, nan 
109.625, 78.625, 4.337769399916775e-21, nan 
109.875, 78.625, 3.3854827116328462e-21, nan 
110.125, 78.625, 1.0122992541971631e-20, nan 
110.375, 78.625, 2.1118416461557336e-20, nan 
110.625, 78.625, 2.1376068941679144e-20, nan 
110.875, 78.625, 2.249128237997321e-20, nan 
111.125, 78.625, 1.946634805902652e-20, nan 
111.375, 78.625, 2.192431158462531e-20, nan 
111.625, 78.625, 2.565920589184325e-20, nan 
111.875, 78.625, 2.5072540456038855e-20, nan 
112.125, 78.625, 2.4179910603023546e-20, nan 
112.375, 78.625, 2.1083471607328168e-20, nan 
112.625, 78.625, 2.081459932900044e-20, nan 
112.875, 78.625, 1.3137844451848041e-20, nan 
113.125, 78.625, 1.3661094049204077e-20, nan 
113.375, 78.625, 1.0270230483214927e-20, nan 
113.625, 78.625, 1.0635140491658797e-20, nan 
113.875, 78.625, 1.1584267953806474e-20, nan 
114.125, 78.625, 1.0321918636680983e-20, nan 
114.375, 78.625, 9.974827002851486e-21, nan 
114.625, 78.625, 1.0714079090839575e-20, nan 
114.875, 78.625, 9.318183291242049e-21, nan 
115.125, 78.625, 7.794267190287722e-21, nan 
115.375, 78.625, 7.62984224412979e-21, nan 
115.625, 78.625, 1.0898430199926506e-20, nan 
115.875, 78.625, 1.0001087954779942e-20, nan 
116.125, 78.625, 9.046760362692244e-21, nan 
116.375, 78.625, 9.562221177412881e-21, nan 
116.625, 78.625, 9.751554955800283e-21, nan 
116.875, 78.625, 8.48968378678526e-21, nan 
117.125, 78.625, 9.309860176102583e-21, nan 
117.375, 78.625, 1.1716033477258933e-20, nan 
117.625, 78.625, 8.923203999178496e-21, nan 
117.875, 78.625, 5.714017989604641e-21, nan 
118.125, 78.625, 7.68057637525151e-21, nan 
118.375, 78.625, 8.843192027371398e-21, nan 
118.625, 78.625, 8.781979774899176e-21, nan 
118.875, 78.625, 8.78844485003841e-21, nan 
119.125, 78.625, 8.04037015269956e-21, nan 
119.375, 78.625, 9.493450637851527e-21, nan 
119.625, 78.625, 8.010216363320065e-21, nan 
119.875, 78.625, 5.209895889878358e-21, nan 
120.125, 78.625, 1.385874985426592e-20, nan 
120.375, 78.625, 2.0398680316373207e-20, nan 
120.625, 78.625, 1.8832200171032654e-20, nan 
120.875, 78.625, 2.0331414968087025e-20, nan 
121.125, 78.625, 1.93016352002126e-20, nan 
121.375, 78.625, 1.321737918517076e-20, nan 
121.625, 78.625, 1.5784022761210715e-20, nan 
121.875, 78.625, 1.5153117026789907e-20, nan 
122.125, 78.625, 1.5477249964990005e-20, nan 
122.375, 78.625, 1.3595342088956572e-20, nan 
122.625, 78.625, 9.7255567589592e-21, nan 
122.875, 78.625, 5.513455441280503e-21, nan 
123.125, 78.625, 7.998921664192563e-21, nan 
123.375, 78.625, 6.586858533188944e-21, nan 
123.625, 78.625, 7.79405521964773e-21, nan 
123.875, 78.625, 7.698259294862017e-21, nan 
124.125, 78.625, 9.604551312573665e-21, nan 
124.375, 78.625, 8.42688503392624e-21, nan 
124.625, 78.625, 7.432674300932831e-21, nan 
124.875, 78.625, 7.554807328337402e-21, nan 
125.125, 78.625, 7.09586050443583e-21, nan 
125.375, 78.625, 7.766441371390458e-21, nan 
125.625, 78.625, 6.64231707872174e-21, nan 
125.875, 78.625, 6.204956699276244e-21, nan 
126.125, 78.625, 5.6965665817952326e-21, nan 
126.375, 78.625, 4.901558064410592e-21, nan 
126.625, 78.625, 5.58474789991133e-21, nan 
126.875, 78.625, 6.3610753787555836e-21, nan 
127.125, 78.625, 7.293726069807155e-21, nan 
127.375, 78.625, 7.96972136890456e-21, nan 
127.625, 78.625, 5.982098632842999e-21, nan 
127.875, 78.625, 5.561923086051136e-21, nan 
128.125, 78.625, 5.040372527060713e-21, nan 
128.375, 78.625, 4.238126218598824e-21, nan 
128.625, 78.625, 3.435740211036016e-21, nan 
128.875, 78.625, 3.235525484297547e-21, nan 
129.125, 78.625, 4.589026300311905e-21, nan 
129.375, 78.625, 4.809027509364406e-21, nan 
129.625, 78.625, 4.552736837359067e-21, nan 
129.875, 78.625, 4.532539260436463e-21, nan 
130.125, 78.625, 4.719184434310456e-21, nan 
130.375, 78.625, 7.684851950502226e-21, nan 
130.625, 78.625, 9.9232926697742e-21, nan 
130.875, 78.625, 1.0897329763876084e-20, nan 
131.125, 78.625, 7.180807668193963e-21, nan 
131.375, 78.625, 7.51853630956239e-21, nan 
131.625, 78.625, 6.4308717928140196e-21, nan 
131.875, 78.625, 5.4992079289784454e-21, nan 
132.125, 78.625, 5.3550999830631276e-21, nan 
132.375, 78.625, 4.3341438638431405e-21, nan 
132.625, 78.625, 4.5308427867318244e-21, nan 
132.875, 78.625, 5.7459733549181465e-21, nan 
133.125, 78.625, 2.9939779625039538e-21, nan 
133.375, 78.625, 4.696433996981448e-21, nan 
133.625, 78.625, 5.104167204117769e-21, nan 
133.875, 78.625, 4.721057126660023e-21, nan 
134.125, 78.625, 6.1235063370136375e-21, nan 
134.375, 78.625, 5.1072455569423535e-21, nan 
134.625, 78.625, 3.4386865424050886e-21, nan 
134.875, 78.625, 3.4700311251285175e-21, nan 
135.125, 78.625, 3.7658980769956254e-21, nan 
135.375, 78.625, 4.610778070698167e-21, nan 
135.625, 78.625, 4.053842935666465e-21, nan 
135.875, 78.625, 2.304350824149538e-21, nan 
136.125, 78.625, 1.3564560182980425e-21, nan 
136.375, 78.625, 1.4178818540531741e-21, nan 
136.625, 78.625, 1.5133504022163124e-21, nan 
136.875, 78.625, 1.837638476282029e-21, nan 
137.125, 78.625, 1.378581192193838e-21, nan 
137.375, 78.625, 1.2269215382402586e-21, nan 
137.625, 78.625, 1.0514657513293824e-21, nan 
137.875, 78.625, 6.777704302510789e-22, nan 
138.125, 78.625, 9.342613027968744e-22, nan 
138.375, 78.625, 8.060790894221476e-22, nan 
138.625, 78.625, 8.13467448852147e-22, nan 
138.875, 78.625, 7.60395271978237e-22, nan 
139.125, 78.625, 7.870560830366179e-22, nan 
139.375, 78.625, 7.8762302442540195e-22, nan 
139.625, 78.625, 9.21044368043225e-22, nan 
139.875, 78.625, 8.003646891870161e-22, nan 
140.125, 78.625, 1.4185541933561883e-21, nan 
140.375, 78.625, 1.3727135969603336e-21, nan 
140.625, 78.625, 2.1213120039733846e-21, nan 
140.875, 78.625, 1.326636689675188e-21, nan 
141.125, 78.625, 1.0790365951620245e-21, nan 
141.375, 78.625, 8.531033192441963e-22, nan 
141.625, 78.625, 9.057317958600396e-22, nan 
141.875, 78.625, 1.2286755203614534e-21, nan 
142.125, 78.625, 1.1272753979323304e-21, nan 
142.375, 78.625, 9.430969666560502e-22, nan 
142.625, 78.625, 6.516363557492316e-22, nan 
142.875, 78.625, 5.700803428943325e-22, nan 
143.125, 78.625, 5.496686209498691e-22, nan 
143.375, 78.625, 5.943165449926232e-22, nan 
143.625, 78.625, 4.989744301518037e-22, nan 
143.875, 78.625, 4.745949467430912e-22, nan 
144.125, 78.625, 4.701999122216231e-22, nan 
144.375, 78.625, 3.824292322407599e-22, nan 
144.625, 78.625, 4.376367088880142e-22, nan 
144.875, 78.625, 4.897378155689847e-22, nan 
145.125, 78.625, 4.595224967901058e-22, nan 
145.375, 78.625, 3.7704184237120773e-22, nan 
145.625, 78.625, 2.1955383732328094e-22, nan 
145.875, 78.625, 2.7299911708157314e-22, nan 
146.125, 78.625, 2.7770521303170634e-22, nan 
146.375, 78.625, 2.155077471954663e-22, nan 
146.625, 78.625, 1.7098250487704004e-22, nan 
146.875, 78.625, 2.158836728943665e-22, nan 
147.125, 78.625, 2.207384417944172e-22, nan 
147.375, 78.625, 2.27319100359488e-22, nan 
147.625, 78.625, 2.484205636787822e-22, nan 
147.875, 78.625, 3.279776064215985e-22, nan 
148.125, 78.625, 2.4490592636607815e-22, nan 
148.375, 78.625, 2.8929249518424944e-22, nan 
148.625, 78.625, 2.374027861041411e-22, nan 
148.875, 78.625, 2.467501232870731e-22, nan 
149.125, 78.625, 2.665944673136735e-22, nan 
149.375, 78.625, 2.7601758283235383e-22, nan 
149.625, 78.625, 2.741484210187903e-22, nan 
149.875, 78.625, 2.0322155744209453e-22, nan 
150.125, 78.625, 2.1092887338693976e-22, nan 
150.375, 78.625, 1.9022234062848834e-22, nan 
150.625, 78.625, 1.7942756723632254e-22, nan 
150.875, 78.625, 1.9264655571649348e-22, nan 
151.125, 78.625, 1.6800145766382425e-22, nan 
151.375, 78.625, 2.8282051728322174e-22, nan 
151.625, 78.625, 4.3039867216394835e-22, nan 
151.875, 78.625, 3.6824263297617164e-22, nan 
152.125, 78.625, 3.78959936735384e-22, nan 
152.375, 78.625, 3.013793843791595e-22, nan 
152.625, 78.625, 1.7120113174030867e-22, nan 
152.875, 78.625, 4.445573336466963e-22, nan 
153.125, 78.625, 4.145808031656247e-22, nan 
153.375, 78.625, 3.8696178967039115e-22, nan 
153.625, 78.625, 3.0290920814000193e-22, nan 
153.875, 78.625, 2.02063108688131e-22, nan 
154.125, 78.625, 2.6711342615077553e-22, nan 
154.375, 78.625, 2.3462910048476016e-22, nan 
154.625, 78.625, 1.9636675602682795e-22, nan 
154.875, 78.625, 2.381775021094655e-22, nan 
155.125, 78.625, 3.5949478419299737e-22, nan 
155.375, 78.625, 4.0354901423969706e-22, nan 
155.625, 78.625, 3.003804820320048e-22, nan 
155.875, 78.625, 3.5130992087367206e-22, nan 
156.125, 78.625, 2.299703489726864e-22, nan 
156.375, 78.625, 1.610842566397683e-22, nan 
156.625, 78.625, 7.863828305378418e-23, nan 
156.875, 78.625, 8.693347648181998e-23, nan 
157.125, 78.625, 9.855825375317515e-23, nan 
157.375, 78.625, 1.1345519179751117e-22, nan 
157.625, 78.625, 1.0490738682485168e-22, nan 
157.875, 78.625, 8.369730834281043e-23, nan 
158.125, 78.625, 9.02634285544547e-23, nan 
158.375, 78.625, 1.0992880774310745e-22, nan 
158.625, 78.625, 9.843944780794567e-23, nan 
158.875, 78.625, 1.3788704624464318e-22, nan 
159.125, 78.625, 9.385795915333092e-23, nan 
159.375, 78.625, 9.460012692685236e-23, nan 
159.625, 78.625, 1.0349714212255667e-22, nan 
159.875, 78.625, 9.325906133219068e-23, nan 
160.125, 78.625, 8.12705746818605e-23, nan 
160.375, 78.625, 7.482936787288027e-23, nan 
160.625, 78.625, 5.410605525169679e-23, nan 
160.875, 78.625, 7.799607749858439e-23, nan 
161.125, 78.625, 5.816537670143074e-23, nan 
161.375, 78.625, 5.411980698605179e-23, nan 
161.625, 78.625, 5.90852880879986e-23, nan 
161.875, 78.625, 6.764731173984525e-23, nan 
162.125, 78.625, 4.0811434577089693e-23, nan 
162.375, 78.625, 4.0382655367404314e-23, nan 
162.625, 78.625, 8.865296821758236e-23, nan 
162.875, 78.625, 8.606861392695091e-23, nan 
163.125, 78.625, 5.612820744379614e-23, nan 
163.375, 78.625, 2.7491051920070654e-23, nan 
163.625, 78.625, 3.6784539391941476e-23, nan 
163.875, 78.625, 1.3026335041868726e-22, nan 
164.125, 78.625, 1.0003566131914502e-22, nan 
164.375, 78.625, 4.9624925938512356e-23, nan 
164.625, 78.625, 4.403607176940704e-23, nan 
164.875, 78.625, 4.316619029553849e-23, nan 
165.125, 78.625, 6.580033811644094e-23, nan 
165.375, 78.625, 5.883321341809445e-23, nan 
165.625, 78.625, 4.007260666474927e-23, nan 
165.875, 78.625, 3.968062637720524e-23, nan 
166.125, 78.625, 4.177203991469472e-23, nan 
166.375, 78.625, 3.544678778965884e-23, nan 
166.625, 78.625, 3.847375309611342e-23, nan 
166.875, 78.625, 4.77376280350662e-23, nan 
167.125, 78.625, 4.8917254983436245e-23, nan 
167.375, 78.625, 4.555345620869481e-23, nan 
167.625, 78.625, 6.319427706541136e-23, nan 
167.875, 78.625, 4.358180875684879e-23, nan 
168.125, 78.625, 4.161155824327631e-23, nan 
168.375, 78.625, 3.992331817811352e-23, nan 
168.625, 78.625, 3.6244468223349444e-23, nan 
168.875, 78.625, 2.792986430364865e-23, nan 
169.125, 78.625, 2.29077870366679e-23, nan 
169.375, 78.625, 2.7560386238133287e-23, nan 
169.625, 78.625, 2.848491780751533e-23, nan 
169.875, 78.625, 2.632518285082918e-23, nan 
170.125, 78.625, 3.089301573546339e-23, nan 
170.375, 78.625, 2.5386160640265488e-23, nan 
170.625, 78.625, 2.9776389806485433e-23, nan 
170.875, 78.625, 3.302676827631281e-23, nan 
171.125, 78.625, 3.0778831642597125e-23, nan 
171.375, 78.625, 3.8783046357290806e-23, nan 
171.625, 78.625, 2.7956616936589486e-23, nan 
171.875, 78.625, 4.2632657369865414e-23, nan 
172.125, 78.625, 2.628510323591708e-23, nan 
172.375, 78.625, 2.675853940706051e-23, nan 
172.625, 78.625, 4.789337547869218e-23, nan 
172.875, 78.625, 3.7472865500793476e-23, nan 
173.125, 78.625, 5.393651610354851e-23, nan 
173.375, 78.625, 2.757467493136588e-23, nan 
173.625, 78.625, 4.4742728053370943e-23, nan 
173.875, 78.625, 4.505177544704031e-23, nan 
174.125, 78.625, 3.478812773719537e-23, nan 
174.375, 78.625, 2.598250079238113e-23, nan 
174.625, 78.625, 1.4437708668977624e-23, nan 
174.875, 78.625, 3.133480459705079e-23, nan 
175.125, 78.625, 2.5542559899130154e-23, nan 
175.375, 78.625, 1.3211587792744397e-23, nan 
175.625, 78.625, 2.58818185618206e-23, nan 
175.875, 78.625, 2.868833341265124e-23, nan 
176.125, 78.625, 4.914842851977412e-23, nan 
176.375, 78.625, 3.082258542669533e-23, nan 
176.625, 78.625, 2.8331380594890926e-23, nan 
176.875, 78.625, 2.3145841140274373e-23, nan 
177.125, 78.625, 2.7875487091753264e-23, nan 
177.375, 78.625, 3.3346034608407437e-23, nan 
177.625, 78.625, 1.4518846861842942e-23, nan 
177.875, 78.625, 1.6543386243210588e-23, nan 
178.125, 78.625, 1.6344459102263457e-23, nan 
178.375, 78.625, 1.368800739735825e-23, nan 
178.625, 78.625, 1.3116177698196603e-23, nan 
178.875, 78.625, 7.799769143295353e-24, nan 
179.125, 78.625, 1.3165482717056839e-23, nan 
179.375, 78.625, 1.1714593784674074e-23, nan 
179.625, 78.625, 8.077544850112115e-24, nan 
179.875, 78.625, 1.4582081384502324e-23, nan 
-179.875, 78.875, 2.2719228463095063e-23, nan 
-179.625, 78.875, 2.2208872474680384e-23, nan 
-179.375, 78.875, 1.7196748492240276e-23, nan 
-179.125, 78.875, 1.6330846409933703e-23, nan 
-178.875, 78.875, 1.590808657908114e-23, nan 
-178.625, 78.875, 1.6649426512751824e-23, nan 
-178.375, 78.875, 1.7673863451379177e-23, nan 
-178.125, 78.875, 1.7037893638132854e-23, nan 
-177.875, 78.875, 5.828396481591203e-23, nan 
-177.625, 78.875, 7.459182457273119e-23, nan 
-177.375, 78.875, 6.408406367626942e-23, nan 
-177.125, 78.875, 4.365816193867755e-23, nan 
-176.875, 78.875, 4.496524455526754e-23, nan 
-176.625, 78.875, 6.366501969940135e-23, nan 
-176.375, 78.875, 8.146889610814905e-23, nan 
-176.125, 78.875, 4.744445663517618e-23, nan 
-175.875, 78.875, 3.086341833141997e-23, nan 
-175.625, 78.875, 3.939594178309325e-23, nan 
-175.375, 78.875, 2.0931850164115052e-23, nan 
-175.125, 78.875, 2.2364187911297875e-23, nan 
-174.875, 78.875, 2.0801949306758804e-23, nan 
-174.625, 78.875, 1.8976230065400817e-23, nan 
-174.375, 78.875, 1.8276667665286516e-23, nan 
-174.125, 78.875, 1.7230521455757608e-23, nan 
-173.875, 78.875, 2.0086338802362365e-23, nan 
-173.625, 78.875, 2.977290678184337e-23, nan 
-173.375, 78.875, 2.1337076961393245e-23, nan 
-173.125, 78.875, 1.6315450665492e-23, nan 
-172.875, 78.875, 1.7226574565167006e-23, nan 
-172.625, 78.875, 2.408820321801556e-23, nan 
-172.375, 78.875, 2.6311546527735727e-23, nan 
-172.125, 78.875, 2.2450695780130463e-23, nan 
-171.875, 78.875, 1.7811624159655323e-23, nan 
-171.625, 78.875, 1.8472702204428257e-23, nan 
-171.375, 78.875, 2.3338020513250214e-23, nan 
-171.125, 78.875, 2.5314722075415426e-23, nan 
-170.875, 78.875, 2.9493806079308487e-23, nan 
-170.625, 78.875, 1.6816647381431348e-23, nan 
-170.375, 78.875, 2.3172756890414483e-23, nan 
-170.125, 78.875, 1.7354956817504042e-23, nan 
-169.875, 78.875, 1.638154187427456e-23, nan 
-169.625, 78.875, 2.7565443946054984e-23, nan 
-169.375, 78.875, 2.0720819977544393e-23, nan 
-169.125, 78.875, 2.5300050480649524e-23, nan 
-168.875, 78.875, 2.2862980359147794e-23, nan 
-168.625, 78.875, 2.3467834460593185e-23, nan 
-168.375, 78.875, 2.1467287913747514e-23, nan 
-168.125, 78.875, 2.5827947941825976e-23, nan 
-167.875, 78.875, 2.409191279542588e-23, nan 
-167.625, 78.875, 2.71453516473241e-23, nan 
-167.375, 78.875, 1.8339165845579747e-23, nan 
-167.125, 78.875, 1.473168032822391e-23, nan 
-166.875, 78.875, 1.6065201497262515e-23, nan 
-166.625, 78.875, 2.2151562630069414e-23, nan 
-166.375, 78.875, 1.3935610406998414e-23, nan 
-166.125, 78.875, 1.5510503801700628e-23, nan 
-165.875, 78.875, 1.4970512599158477e-23, nan 
-165.625, 78.875, 1.8249800922397564e-23, nan 
-165.375, 78.875, 1.3821051240371778e-23, nan 
-165.125, 78.875, 1.5091917519370644e-23, nan 
-164.875, 78.875, 1.1915045454923353e-23, nan 
-164.625, 78.875, 1.6770113776039803e-23, nan 
-164.375, 78.875, 1.3765442215705523e-23, nan 
-164.125, 78.875, 1.6561200484540693e-23, nan 
-163.875, 78.875, 1.3354048306956774e-23, nan 
-163.625, 78.875, 1.877613901275995e-23, nan 
-163.375, 78.875, 2.145512943521724e-23, nan 
-163.125, 78.875, 2.4136735471367059e-23, nan 
-162.875, 78.875, 2.1189548259278008e-23, nan 
-162.625, 78.875, 1.7497773059718154e-23, nan 
-162.375, 78.875, 1.8640880762372626e-23, nan 
-162.125, 78.875, 2.1238299540981806e-23, nan 
-161.875, 78.875, 2.1849267465591033e-23, nan 
-161.625, 78.875, 1.750315860092502e-23, nan 
-161.375, 78.875, 1.4964791457015877e-23, nan 
-161.125, 78.875, 1.227104047556367e-23, nan 
-160.875, 78.875, 1.1036100476927654e-23, nan 
-160.625, 78.875, 1.1085376868129087e-23, nan 
-160.375, 78.875, 1.0763908698861407e-23, nan 
-160.125, 78.875, 9.477913566874643e-24, nan 
-159.875, 78.875, 8.714715629893675e-24, nan 
-159.625, 78.875, 7.53941145492673e-24, nan 
-159.375, 78.875, 6.996362177567907e-24, nan 
-159.125, 78.875, 8.386108903676289e-24, nan 
-158.875, 78.875, 1.1167758770105568e-23, nan 
-158.625, 78.875, 1.2898715718924692e-23, nan 
-158.375, 78.875, 1.4575993220977734e-23, nan 
-158.125, 78.875, 1.0855659997676204e-23, nan 
-157.875, 78.875, 5.587188020878698e-24, nan 
-157.625, 78.875, 1.1093233907082798e-23, nan 
-157.375, 78.875, 1.3584418149539215e-23, nan 
-157.125, 78.875, 1.6222536091194521e-23, nan 
-156.875, 78.875, 1.0160882079774599e-23, nan 
-156.625, 78.875, 6.124922182502747e-24, nan 
-156.375, 78.875, 7.790819291668746e-24, nan 
-156.125, 78.875, 9.732606552714246e-24, nan 
-155.875, 78.875, 1.2190053691651739e-23, nan 
-155.625, 78.875, 1.0827118129804325e-23, nan 
-155.375, 78.875, 8.7221621094005e-24, nan 
-155.125, 78.875, 9.176541286561334e-24, nan 
-154.875, 78.875, 7.861464794066868e-24, nan 
-154.625, 78.875, 8.744783819573043e-24, nan 
-154.375, 78.875, 8.476890329488386e-24, nan 
-154.125, 78.875, 8.866029341553808e-24, nan 
-153.875, 78.875, 8.844114072692414e-24, nan 
-153.625, 78.875, 1.0087012013469372e-23, nan 
-153.375, 78.875, 7.419579550811879e-24, nan 
-153.125, 78.875, 5.28704286028904e-24, nan 
-152.875, 78.875, 5.064885496625086e-24, nan 
-152.625, 78.875, 6.389695049598431e-24, nan 
-152.375, 78.875, 6.1054666854210545e-24, nan 
-152.125, 78.875, 6.6123594147137436e-24, nan 
-151.875, 78.875, 5.253920516451029e-24, nan 
-151.625, 78.875, 4.4861115303187555e-24, nan 
-151.375, 78.875, 5.259719817056601e-24, nan 
-151.125, 78.875, 7.40062314899852e-24, nan 
-150.875, 78.875, 6.044882979819734e-24, nan 
-150.625, 78.875, 6.242875233447085e-24, nan 
-150.375, 78.875, 6.779623470444373e-24, nan 
-150.125, 78.875, 5.276659775006001e-24, nan 
-149.875, 78.875, 2.9602064037710694e-24, nan 
-149.625, 78.875, 4.018937815711773e-24, nan 
-149.375, 78.875, 7.962630610552926e-24, nan 
-149.125, 78.875, 6.204048014380262e-24, nan 
-148.875, 78.875, 6.733187264182762e-24, nan 
-148.625, 78.875, 3.987323862993668e-24, nan 
-148.375, 78.875, 3.687410851000352e-24, nan 
-148.125, 78.875, 5.081429451403661e-24, nan 
-147.875, 78.875, 5.261512211834837e-24, nan 
-147.625, 78.875, 6.775787570409323e-24, nan 
-147.375, 78.875, 4.880339994743645e-24, nan 
-147.125, 78.875, 3.951281172896743e-24, nan 
-146.875, 78.875, 5.6803175472786036e-24, nan 
-146.625, 78.875, 5.820856031269211e-24, nan 
-146.375, 78.875, 5.5010744930917796e-24, nan 
-146.125, 78.875, 5.2975543577293105e-24, nan 
-145.875, 78.875, 5.327222733360615e-24, nan 
-145.625, 78.875, 4.589804970306271e-24, nan 
-145.375, 78.875, 8.213634282432946e-24, nan 
-145.125, 78.875, 6.59857738139584e-24, nan 
-144.875, 78.875, 7.391413063291443e-24, nan 
-144.625, 78.875, 6.4657574170729025e-24, nan 
-144.375, 78.875, 5.809464098212856e-24, nan 
-144.125, 78.875, 5.814917781801965e-24, nan 
-143.875, 78.875, 6.905075829558419e-24, nan 
-143.625, 78.875, 5.484371311701063e-24, nan 
-143.375, 78.875, 6.841518689340412e-24, nan 
-143.125, 78.875, 6.218830443601097e-24, nan 
-142.875, 78.875, 7.882086969849779e-24, nan 
-142.625, 78.875, 8.556804058142375e-24, nan 
-142.375, 78.875, 8.564662562160839e-24, nan 
-142.125, 78.875, 6.678931868174884e-24, nan 
-141.875, 78.875, 8.106265419605812e-24, nan 
-141.625, 78.875, 9.532857061246441e-24, nan 
-141.375, 78.875, 7.582284977018814e-24, nan 
-141.125, 78.875, 6.473627067237366e-24, nan 
-140.875, 78.875, 5.4391560214784536e-24, nan 
-140.625, 78.875, 6.607254724020279e-24, nan 
-140.375, 78.875, 8.952119369069535e-24, nan 
-140.125, 78.875, 6.997988422494338e-24, nan 
-139.875, 78.875, 6.65735457550573e-24, nan 
-139.625, 78.875, 4.2881777184781225e-24, nan 
-139.375, 78.875, 3.519795562078445e-24, nan 
-139.125, 78.875, 5.659315486015534e-24, nan 
-138.875, 78.875, 6.784874499360603e-24, nan 
-138.625, 78.875, 7.280530082170749e-24, nan 
-138.375, 78.875, 5.713639469081944e-24, nan 
-138.125, 78.875, 6.080046926267714e-24, nan 
-137.875, 78.875, 6.998756410796915e-24, nan 
-137.625, 78.875, 9.750135851412889e-24, nan 
-137.375, 78.875, 7.619198948888394e-24, nan 
-137.125, 78.875, 7.007036816263374e-24, nan 
-17.375, 78.875, 2.653377424130052e-24, nan 
-17.125, 78.875, 2.018807055401039e-24, nan 
-16.875, 78.875, 2.455209950273838e-24, nan 
-16.625, 78.875, 1.6266549122410897e-24, nan 
-16.375, 78.875, 1.649906249895553e-24, nan 
-16.125, 78.875, 2.265962093268298e-24, nan 
-15.875, 78.875, 3.1298579188151127e-24, nan 
-15.625, 78.875, 2.3976889413106178e-24, nan 
-15.375, 78.875, 2.8292824823110825e-24, nan 
-15.125, 78.875, 2.519876726935529e-24, nan 
-14.875, 78.875, 1.6553643139052784e-24, nan 
-14.625, 78.875, 2.8612500723178916e-24, nan 
-14.375, 78.875, 3.1367594205949566e-24, nan 
-14.125, 78.875, 3.721805713753807e-24, nan 
-13.875, 78.875, 6.507634044307733e-24, nan 
-13.625, 78.875, 9.037798892575388e-24, nan 
-13.375, 78.875, 8.213444982633723e-24, nan 
-13.125, 78.875, 7.561307731237679e-24, nan 
-12.875, 78.875, 8.050992252814604e-24, nan 
-12.625, 78.875, 7.290476860344185e-24, nan 
-12.375, 78.875, 1.0854949045631038e-23, nan 
-12.125, 78.875, 1.222176328076567e-23, nan 
-11.875, 78.875, 1.2892273859706288e-23, nan 
-11.625, 78.875, 1.2902407742959584e-23, nan 
-11.375, 78.875, 1.0231081413910411e-23, nan 
-11.125, 78.875, 7.305673297110222e-24, nan 
-10.875, 78.875, 7.90808686052263e-24, nan 
-10.625, 78.875, 1.2392096424146482e-23, nan 
-10.375, 78.875, 1.5438168201874555e-23, nan 
-10.125, 78.875, 1.3033899859734036e-23, nan 
-9.875, 78.875, 1.0259854597904467e-23, nan 
-9.625, 78.875, 9.216270545240024e-24, nan 
-9.375, 78.875, 1.1576684406812215e-23, nan 
-9.125, 78.875, 1.541466771497184e-23, nan 
-8.875, 78.875, 1.4072251516571744e-23, nan 
-8.625, 78.875, 1.4566898163989865e-23, nan 
-8.375, 78.875, 1.0158432780011261e-23, nan 
-8.125, 78.875, 1.2165656966035836e-23, nan 
-7.875, 78.875, 9.075646007098304e-24, nan 
-7.625, 78.875, 1.5731337372343753e-23, nan 
-7.375, 78.875, 1.2632416787783026e-23, nan 
-7.125, 78.875, 1.4613714423863414e-23, nan 
-6.875, 78.875, 2.963885415022413e-23, nan 
-6.625, 78.875, 1.1721884771132718e-23, nan 
-6.375, 78.875, 2.5115779086586682e-23, nan 
-6.125, 78.875, 3.895106813619686e-23, nan 
-5.875, 78.875, 4.3670767732991536e-23, nan 
-5.625, 78.875, 4.689919181953415e-23, nan 
-5.375, 78.875, 4.7500000856199825e-23, nan 
-5.125, 78.875, 4.611317100632586e-23, nan 
-4.875, 78.875, 4.406057229932778e-23, nan 
-4.625, 78.875, 5.358943839527014e-23, nan 
-4.375, 78.875, 5.229968919743893e-23, nan 
-4.125, 78.875, 5.0087135948430587e-23, nan 
-3.875, 78.875, 3.9233636303100406e-23, nan 
-3.625, 78.875, 4.4984687495872634e-23, nan 
-3.375, 78.875, 4.8712307341827665e-23, nan 
-3.125, 78.875, 4.8116147820746047e-23, nan 
-2.875, 78.875, 4.768834340601809e-23, nan 
-2.625, 78.875, 4.2513629278203113e-23, nan 
-2.375, 78.875, 4.8991851195669434e-23, nan 
-2.125, 78.875, 3.201222001938837e-23, nan 
-1.875, 78.875, 3.393175683305385e-23, nan 
-1.625, 78.875, 2.97612564742809e-23, nan 
-1.375, 78.875, 1.2890495920772262e-23, nan 
-1.125, 78.875, 1.2605027406226982e-23, nan 
-0.875, 78.875, 1.5381722199752677e-23, nan 
-0.625, 78.875, 7.79102761795568e-24, nan 
-0.375, 78.875, 1.1108908099354676e-23, nan 
-0.125, 78.875, 1.0618038616662488e-23, nan 
0.125, 78.875, 2.7780314111462374e-23, nan 
0.375, 78.875, 2.869055344374555e-23, nan 
0.625, 78.875, 2.051026075344571e-23, nan 
0.875, 78.875, 2.386039990586946e-23, nan 
1.125, 78.875, 1.6872443732216096e-23, nan 
1.375, 78.875, 2.3941131680451014e-23, nan 
1.625, 78.875, 1.698439851071088e-23, nan 
1.875, 78.875, 1.549783990105023e-23, nan 
2.125, 78.875, 1.8286886553186003e-23, nan 
2.375, 78.875, 2.0491704177338306e-23, nan 
2.625, 78.875, 2.399090838260306e-23, nan 
2.875, 78.875, 2.1093211467868985e-23, nan 
3.125, 78.875, 2.443082182560316e-23, nan 
3.375, 78.875, 1.770776329758133e-23, nan 
3.625, 78.875, 1.1205069992787938e-23, nan 
3.875, 78.875, 9.031363046319282e-24, nan 
4.125, 78.875, 1.3199119514376909e-23, nan 
4.375, 78.875, 2.912670401924185e-23, nan 
4.625, 78.875, 2.1236560395285243e-23, nan 
4.875, 78.875, 3.186477713616424e-23, nan 
5.125, 78.875, 3.6122712706226295e-23, nan 
5.375, 78.875, 4.340658282553013e-23, nan 
5.625, 78.875, 3.5391333188045736e-23, nan 
5.875, 78.875, 2.958466614824324e-23, nan 
6.125, 78.875, 4.399952713443265e-23, nan 
6.375, 78.875, 4.3595529635277174e-23, nan 
6.625, 78.875, 4.2465170666182575e-23, nan 
6.875, 78.875, 2.5036005423761896e-23, nan 
7.125, 78.875, 2.947963790399772e-23, nan 
7.375, 78.875, 2.4531946419685865e-23, nan 
7.625, 78.875, 2.67570249214026e-23, nan 
7.875, 78.875, 2.977147521862511e-23, nan 
8.125, 78.875, 3.1799530671816256e-23, nan 
8.375, 78.875, 3.8887818298278167e-23, nan 
8.625, 78.875, 3.558807327900543e-23, nan 
8.875, 78.875, 3.13142833871278e-23, nan 
9.125, 78.875, 2.7813181128715026e-23, nan 
9.375, 78.875, 2.473458309249106e-23, nan 
9.625, 78.875, 3.0790224863128316e-23, nan 
9.875, 78.875, 5.210148229576973e-23, nan 
10.125, 78.875, 4.7965205510346514e-23, nan 
10.375, 78.875, 2.1983452921778652e-23, nan 
10.625, 78.875, 3.1286249983259535e-23, nan 
10.875, 78.875, 4.263558968472905e-23, nan 
11.125, 78.875, 6.643622869239735e-23, nan 
11.375, 78.875, 6.703859527738217e-23, nan 
11.625, 78.875, 4.3505822835959164e-23, nan 
11.875, 78.875, 5.2600724784628726e-23, nan 
12.125, 78.875, 5.570460778723699e-23, nan 
12.375, 78.875, 6.805396260715327e-23, nan 
12.625, 78.875, 6.417768195087202e-23, nan 
12.875, 78.875, 5.167735405788282e-23, nan 
13.125, 78.875, 2.977964509674131e-23, nan 
13.375, 78.875, 2.4148004791957878e-23, nan 
13.625, 78.875, 2.4789568201396337e-23, nan 
13.875, 78.875, 2.3348186298174502e-23, nan 
14.125, 78.875, 2.2115197394861352e-23, nan 
14.375, 78.875, 9.4461248996303e-24, nan 
14.625, 78.875, 3.426154338400792e-23, nan 
14.875, 78.875, 5.947324985889768e-23, nan 
15.125, 78.875, 6.077300833069682e-23, nan 
15.375, 78.875, 5.849811999011409e-23, nan 
15.625, 78.875, 5.1139774882412356e-23, nan 
15.875, 78.875, 5.310457842174437e-23, nan 
16.125, 78.875, 8.547181399976097e-23, nan 
16.375, 78.875, 9.339694319482374e-23, nan 
16.625, 78.875, 9.128428540076274e-23, nan 
16.875, 78.875, 9.08985751494584e-23, nan 
17.125, 78.875, 7.514562027234925e-23, nan 
17.375, 78.875, 5.91763646030293e-23, nan 
17.625, 78.875, 4.666330022929221e-23, nan 
17.875, 78.875, 4.540167855045678e-23, nan 
18.125, 78.875, 4.5871426084081193e-23, nan 
18.375, 78.875, 4.839860968482794e-23, nan 
18.625, 78.875, 3.90494138085411e-23, nan 
18.875, 78.875, 3.0507155536753007e-23, nan 
19.125, 78.875, 7.602411850697666e-23, nan 
19.375, 78.875, 8.500073568399617e-23, nan 
19.625, 78.875, 8.741323814934051e-23, nan 
19.875, 78.875, 9.120016321825846e-23, nan 
20.125, 78.875, 9.348375145614201e-23, nan 
20.375, 78.875, 9.063583030808503e-23, nan 
20.625, 78.875, 1.0167480465387135e-22, nan 
20.875, 78.875, 1.095154960763359e-22, nan 
21.125, 78.875, 9.628169575881248e-23, nan 
21.375, 78.875, 9.142398407121034e-23, nan 
21.625, 78.875, 9.226421001279577e-23, nan 
21.875, 78.875, 8.736738126102398e-23, nan 
22.125, 78.875, 1.068743547884392e-22, nan 
22.375, 78.875, 7.468080396068964e-23, nan 
22.625, 78.875, 7.075713627430161e-23, nan 
22.875, 78.875, 1.4765949387533932e-23, nan 
23.125, 78.875, 4.328522753687828e-23, nan 
23.375, 78.875, 5.761598873675303e-23, nan 
23.625, 78.875, 2.502932934678729e-23, nan 
23.875, 78.875, 1.23199658929962e-23, nan 
24.125, 78.875, 7.451904779226891e-24, nan 
24.375, 78.875, 4.6555068652511e-24, nan 
24.625, 78.875, 6.2525993364961484e-24, nan 
24.875, 78.875, 5.382756679682121e-23, nan 
25.125, 78.875, 6.981813424336137e-23, nan 
25.375, 78.875, 5.303180512245695e-23, nan 
25.625, 78.875, 4.960587071304934e-23, nan 
25.875, 78.875, 6.114070594905589e-23, nan 
26.125, 78.875, 4.0278227663519405e-23, nan 
26.375, 78.875, 2.946021418449407e-23, nan 
26.625, 78.875, 2.2802737891225018e-23, nan 
26.875, 78.875, 1.4936100633715934e-23, nan 
27.125, 78.875, 2.0307276374121808e-23, nan 
27.375, 78.875, 2.458716274212228e-23, nan 
27.625, 78.875, 2.942428252826832e-23, nan 
27.875, 78.875, 3.648184442597737e-23, nan 
28.125, 78.875, 3.2078532813984875e-23, nan 
28.375, 78.875, 2.520013667025653e-23, nan 
28.625, 78.875, 1.6263577686326437e-23, nan 
28.875, 78.875, 1.584455497200508e-23, nan 
29.125, 78.875, 1.968515956578821e-23, nan 
29.375, 78.875, 1.9278488192753164e-23, nan 
29.625, 78.875, 1.4896528527954578e-23, nan 
29.875, 78.875, 1.1159742280292393e-23, nan 
30.125, 78.875, 7.54867846173797e-24, nan 
30.375, 78.875, 4.675671776412684e-24, nan 
30.625, 78.875, 3.9538229153040196e-24, nan 
30.875, 78.875, 6.637804098867212e-24, nan 
31.125, 78.875, 9.12397412724279e-24, nan 
31.375, 78.875, 7.966536543182779e-24, nan 
31.625, 78.875, 1.0083533419673749e-23, nan 
31.875, 78.875, 1.15901191895037e-23, nan 
32.125, 78.875, 1.3213901702537933e-23, nan 
32.375, 78.875, 1.0733408287759491e-23, nan 
32.625, 78.875, 1.0140390486971076e-23, nan 
32.875, 78.875, 9.621486790250248e-24, nan 
33.125, 78.875, 9.791655836961549e-24, nan 
33.375, 78.875, 8.52929159639282e-24, nan 
33.625, 78.875, 9.777266637979999e-24, nan 
33.875, 78.875, 6.46411999473155e-24, nan 
34.125, 78.875, 7.939601830157718e-24, nan 
34.375, 78.875, 5.191998284879555e-24, nan 
34.625, 78.875, 5.8002677698547625e-24, nan 
34.875, 78.875, 3.7686619294955855e-24, nan 
35.125, 78.875, 3.4013524555492164e-24, nan 
35.375, 78.875, 4.463985979246724e-24, nan 
35.625, 78.875, 1.635593954891191e-24, nan 
35.875, 78.875, 2.4985809215679412e-24, nan 
36.125, 78.875, 2.783954644287395e-24, nan 
36.375, 78.875, 3.827335256845996e-24, nan 
36.625, 78.875, 3.976109942000134e-24, nan 
36.875, 78.875, 2.7485681845724132e-24, nan 
37.125, 78.875, 2.9449224537009814e-24, nan 
37.375, 78.875, 2.498568718599506e-24, nan 
37.625, 78.875, 2.752169114284987e-24, nan 
37.875, 78.875, 3.5225824719317076e-24, nan 
38.125, 78.875, 3.793397911253463e-24, nan 
38.375, 78.875, 4.981914572037559e-24, nan 
38.625, 78.875, 3.786400899005752e-24, nan 
38.875, 78.875, 4.00026771355318e-24, nan 
39.125, 78.875, 4.224213347344708e-24, nan 
39.375, 78.875, 5.158619903044843e-24, nan 
39.625, 78.875, 4.5193964423670304e-24, nan 
39.875, 78.875, 5.5339245426525916e-24, nan 
40.125, 78.875, 6.956601654429404e-24, nan 
40.375, 78.875, 6.343714754742394e-24, nan 
40.625, 78.875, 6.695797628547133e-24, nan 
40.875, 78.875, 7.35175587838652e-24, nan 
41.125, 78.875, 5.797570618947888e-24, nan 
41.375, 78.875, 6.741740156515837e-24, nan 
41.625, 78.875, 6.71401840629161e-24, nan 
41.875, 78.875, 3.5071698695266995e-24, nan 
42.125, 78.875, 4.6073889559279654e-24, nan 
42.375, 78.875, 2.388958742381198e-24, nan 
42.625, 78.875, 7.78630557867079e-24, nan 
42.875, 78.875, 1.055307804886786e-23, nan 
43.125, 78.875, 2.5177457719526952e-24, nan 
43.375, 78.875, 5.1789968830982144e-24, nan 
43.625, 78.875, 1.6179466884412647e-24, nan 
43.875, 78.875, 8.021340229901525e-24, nan 
44.125, 78.875, 6.927131127743239e-24, nan 
44.375, 78.875, 4.335980420390709e-24, nan 
44.625, 78.875, 4.677060053213115e-24, nan 
44.875, 78.875, 2.00119443732541e-24, nan 
45.125, 78.875, 3.735218843932836e-24, nan 
45.375, 78.875, 6.760756470809389e-24, nan 
45.625, 78.875, 5.477711981231171e-24, nan 
45.875, 78.875, 7.510142117500374e-24, nan 
46.125, 78.875, 7.224832714887214e-24, nan 
46.375, 78.875, 9.104635806171589e-24, nan 
46.625, 78.875, 7.394182277310081e-24, nan 
46.875, 78.875, 1.2925906928808258e-23, nan 
47.125, 78.875, 1.1380253926061931e-23, nan 
47.375, 78.875, 1.0499632883286686e-23, nan 
47.625, 78.875, 1.8179633157913336e-23, nan 
47.875, 78.875, 1.7721655977096325e-23, nan 
48.125, 78.875, 2.156023557059205e-23, nan 
48.375, 78.875, 1.7002142229681988e-23, nan 
48.625, 78.875, 1.5016302967711665e-23, nan 
48.875, 78.875, 2.361519056881173e-23, nan 
49.125, 78.875, 1.9578226065624825e-23, nan 
49.375, 78.875, 2.4746560312078736e-23, nan 
49.625, 78.875, 2.2402603790613633e-23, nan 
49.875, 78.875, 2.082542850074475e-23, nan 
50.125, 78.875, 1.396289229563862e-23, nan 
50.375, 78.875, 1.2197254676173681e-23, nan 
50.625, 78.875, 1.4419843265593882e-23, nan 
50.875, 78.875, 1.3502711567601645e-23, nan 
51.125, 78.875, 1.1967156356320935e-23, nan 
51.375, 78.875, 1.0510584753236563e-23, nan 
51.625, 78.875, 1.0523024324732915e-23, nan 
51.875, 78.875, 1.2604560582234636e-23, nan 
52.125, 78.875, 1.1028162702819952e-23, nan 
52.375, 78.875, 1.247264863378225e-23, nan 
52.625, 78.875, 1.346406977520935e-23, nan 
52.875, 78.875, 1.4185515162276183e-23, nan 
53.125, 78.875, 1.2867541403168928e-23, nan 
53.375, 78.875, 1.8692250149548836e-23, nan 
53.625, 78.875, 1.0739874755663535e-23, nan 
53.875, 78.875, 1.2620430746048753e-23, nan 
54.125, 78.875, 1.3561279456889862e-23, nan 
54.375, 78.875, 1.2194301887927843e-23, nan 
54.625, 78.875, 1.551325001348485e-23, nan 
54.875, 78.875, 8.706212234015887e-24, nan 
55.125, 78.875, 1.8530680503501735e-23, nan 
55.375, 78.875, 2.1368063524925333e-23, nan 
55.625, 78.875, 7.629858631037736e-24, nan 
55.875, 78.875, 9.404331585769024e-24, nan 
56.125, 78.875, 1.1871186758897686e-23, nan 
56.375, 78.875, 1.5250678446650634e-23, nan 
56.625, 78.875, 1.378124361282384e-23, nan 
56.875, 78.875, 2.54827016355491e-23, nan 
57.125, 78.875, 7.38609012237089e-23, nan 
57.375, 78.875, 7.474261570418294e-23, nan 
57.625, 78.875, 6.840489315163801e-23, nan 
57.875, 78.875, 5.278813952118135e-23, nan 
58.125, 78.875, 4.254319530653659e-23, nan 
58.375, 78.875, 1.0972574838351766e-22, nan 
58.625, 78.875, 1.1211440692111497e-22, nan 
58.875, 78.875, 1.1407702175494666e-22, nan 
59.125, 78.875, 9.696344888427913e-23, nan 
59.375, 78.875, 8.536562313168567e-23, nan 
59.625, 78.875, 1.5302707972749054e-22, nan 
59.875, 78.875, 2.4495685357041013e-22, nan 
60.125, 78.875, 2.2980415292598934e-22, nan 
60.375, 78.875, 3.1195544223473305e-22, nan 
60.625, 78.875, 3.3682999138197656e-22, nan 
60.875, 78.875, 4.798171043483065e-22, nan 
61.125, 78.875, 7.627396636271796e-22, nan 
61.375, 78.875, 5.93934387610773e-22, nan 
61.625, 78.875, 2.647821679913201e-22, nan 
61.875, 78.875, 3.617266600251935e-22, nan 
62.125, 78.875, 4.0163171180589115e-22, nan 
62.375, 78.875, 3.111800481561663e-22, nan 
62.625, 78.875, 2.6638696117736194e-22, nan 
62.875, 78.875, 2.0221471232493287e-22, nan 
63.125, 78.875, 2.1598803420417518e-22, nan 
63.375, 78.875, 1.3690432658350247e-22, nan 
63.625, 78.875, 1.0804118203091377e-22, nan 
63.875, 78.875, 9.261432059581578e-23, nan 
64.125, 78.875, 1.1095298525424154e-22, nan 
64.375, 78.875, 1.2837797125276063e-22, nan 
64.625, 78.875, 3.617517717601544e-23, nan 
64.875, 78.875, 3.165971603069118e-23, nan 
65.125, 78.875, 4.326197509266091e-23, nan 
65.375, 78.875, 4.879201539758525e-23, nan 
65.625, 78.875, 3.607836168021979e-23, nan 
65.875, 78.875, 2.653389175988312e-23, nan 
66.125, 78.875, 4.118701724155488e-23, nan 
66.375, 78.875, 4.4689337292475304e-23, nan 
66.625, 78.875, 4.0787228702384526e-23, nan 
66.875, 78.875, 3.901409670653688e-23, nan 
67.125, 78.875, 3.4687316418015173e-23, nan 
67.375, 78.875, 3.045286786032047e-23, nan 
67.625, 78.875, 3.9791231811891434e-23, nan 
67.875, 78.875, 9.520509034269355e-23, nan 
68.125, 78.875, 7.420188736740445e-23, nan 
68.375, 78.875, 7.192019921950833e-23, nan 
68.625, 78.875, 6.720949892125936e-23, nan 
68.875, 78.875, 8.398541603395988e-23, nan 
69.125, 78.875, 1.5688030356909957e-22, nan 
69.375, 78.875, 9.882037620346797e-23, nan 
69.625, 78.875, 7.113042604977984e-23, nan 
69.875, 78.875, 7.056020419429193e-23, nan 
70.125, 78.875, 5.0082470789765657e-23, nan 
70.375, 78.875, 7.561862528068968e-23, nan 
70.625, 78.875, 7.727021732154687e-23, nan 
70.875, 78.875, 7.596280568866283e-23, nan 
71.125, 78.875, 6.84088664463917e-23, nan 
71.375, 78.875, 6.008404448477286e-23, nan 
71.625, 78.875, 7.88236536915056e-23, nan 
71.875, 78.875, 7.922422103667e-23, nan 
72.125, 78.875, 8.423512153795277e-23, nan 
72.375, 78.875, 7.326989396020192e-23, nan 
72.625, 78.875, 1.164010212953207e-22, nan 
72.875, 78.875, 1.305395975845825e-22, nan 
73.125, 78.875, 1.8918067647683665e-22, nan 
73.375, 78.875, 1.8811853866181538e-22, nan 
73.625, 78.875, 2.1664663078272686e-22, nan 
73.875, 78.875, 2.1437070832913607e-22, nan 
74.125, 78.875, 2.3671431528677144e-22, nan 
74.375, 78.875, 2.7837369715078507e-22, nan 
74.625, 78.875, 2.155770287553516e-22, nan 
74.875, 78.875, 3.4555209467278226e-22, nan 
75.125, 78.875, 2.8578180601648775e-22, nan 
75.375, 78.875, 2.7525450717182344e-22, nan 
75.625, 78.875, 3.170683633122179e-22, nan 
75.875, 78.875, 4.7345389202671465e-22, nan 
76.125, 78.875, 5.854192088355607e-22, nan 
76.375, 78.875, 6.627227890620107e-22, nan 
76.625, 78.875, 3.727260491579995e-22, nan 
76.875, 78.875, 3.4805534870129533e-22, nan 
77.125, 78.875, 3.2641979790077692e-22, nan 
77.375, 78.875, 4.432774223341856e-22, nan 
77.625, 78.875, 4.873590956630727e-22, nan 
77.875, 78.875, 3.4412154028420335e-22, nan 
78.125, 78.875, 2.1022635872175725e-22, nan 
78.375, 78.875, 1.2393330747405614e-22, nan 
78.625, 78.875, 1.6073707333150323e-22, nan 
78.875, 78.875, 1.6944425467501144e-22, nan 
79.125, 78.875, 1.7738671463984075e-22, nan 
79.375, 78.875, 2.1824956392611235e-22, nan 
79.625, 78.875, 2.5376349989558803e-22, nan 
79.875, 78.875, 2.392524401630438e-22, nan 
80.125, 78.875, 1.4657959848442686e-22, nan 
80.375, 78.875, 1.359264674772836e-22, nan 
80.625, 78.875, 1.5864309874063863e-22, nan 
80.875, 78.875, 5.478905755332553e-23, nan 
81.125, 78.875, 1.7011693434857844e-22, nan 
81.375, 78.875, 2.6874637590577e-22, nan 
81.625, 78.875, 4.0669267604133435e-22, nan 
81.875, 78.875, 2.3679834779279784e-22, nan 
82.125, 78.875, 1.111961660027845e-22, nan 
82.375, 78.875, 1.368062833046438e-22, nan 
82.625, 78.875, 1.7025274728928003e-22, nan 
82.875, 78.875, 2.415635557719009e-22, nan 
83.125, 78.875, 2.435030650989372e-22, nan 
83.375, 78.875, 1.7579852693821175e-22, nan 
83.625, 78.875, 1.9770632166717034e-22, nan 
83.875, 78.875, 2.663892061456756e-22, nan 
84.125, 78.875, 3.6710222530584196e-22, nan 
84.375, 78.875, 3.232403292508176e-22, nan 
84.625, 78.875, 3.3085190295123314e-22, nan 
84.875, 78.875, 4.302339431015879e-22, nan 
85.125, 78.875, 4.545373490713434e-22, nan 
85.375, 78.875, 4.932333850119106e-22, nan 
85.625, 78.875, 6.715763302480679e-22, nan 
85.875, 78.875, 9.74049006410211e-22, nan 
86.125, 78.875, 1.1390492729894883e-21, nan 
86.375, 78.875, 8.280369323291152e-22, nan 
86.625, 78.875, 8.647259959726613e-22, nan 
86.875, 78.875, 8.881655013100178e-22, nan 
87.125, 78.875, 9.826349587296303e-22, nan 
87.375, 78.875, 7.095002228226466e-22, nan 
87.625, 78.875, 6.017973938793284e-22, nan 
87.875, 78.875, 8.266488036460766e-22, nan 
88.125, 78.875, 9.800146670208087e-22, nan 
88.375, 78.875, 1.339327104416697e-21, nan 
88.625, 78.875, 1.7972115361225706e-21, nan 
88.875, 78.875, 1.751677510390006e-21, nan 
89.125, 78.875, 1.2401940200062836e-21, nan 
89.375, 78.875, 1.1611079016533241e-21, nan 
89.625, 78.875, 9.505868781993102e-22, nan 
89.875, 78.875, 8.767965065022088e-22, nan 
90.125, 78.875, 6.874288471721022e-22, nan 
90.375, 78.875, 9.156557715718574e-22, nan 
90.625, 78.875, 8.229224923598464e-22, nan 
90.875, 78.875, 5.462591921028538e-22, nan 
91.125, 78.875, 5.249326103187971e-22, nan 
91.375, 78.875, 7.558066751766741e-22, nan 
91.625, 78.875, 5.407127532186899e-22, nan 
91.875, 78.875, 7.200125432569182e-22, nan 
92.125, 78.875, 5.5746785131775795e-22, nan 
92.375, 78.875, 7.198012275521914e-22, nan 
92.625, 78.875, 1.9005732231152388e-22, nan 
92.875, 78.875, 4.671826253432685e-22, nan 
93.125, 78.875, 7.976772813678095e-22, nan 
93.375, 78.875, 6.816083621340516e-22, nan 
93.625, 78.875, 7.403729953675513e-22, nan 
93.875, 78.875, 8.54821498861978e-22, nan 
94.125, 78.875, 1.182564094276652e-21, nan 
94.375, 78.875, 1.5175933223805995e-21, nan 
94.625, 78.875, 1.3041167596916168e-21, nan 
94.875, 78.875, 1.1151191670645915e-21, nan 
95.125, 78.875, 1.0376419940567681e-21, nan 
95.375, 78.875, 1.2466604434281934e-21, nan 
95.625, 78.875, 1.3883327948668005e-21, nan 
95.875, 78.875, 9.876409080927836e-22, nan 
96.125, 78.875, 1.1957531430543741e-21, nan 
96.375, 78.875, 1.4345074950989608e-21, nan 
96.625, 78.875, 1.3422508376817686e-21, nan 
96.875, 78.875, 1.3587055283738556e-21, nan 
97.125, 78.875, 9.618590515050517e-22, nan 
97.375, 78.875, 9.644080953180357e-22, nan 
97.625, 78.875, 8.97985431822434e-22, nan 
97.875, 78.875, 7.286071309179724e-22, nan 
98.125, 78.875, 4.746761361028273e-22, nan 
98.375, 78.875, 8.4078203752161435e-22, nan 
98.625, 78.875, 1.227217031965543e-21, nan 
98.875, 78.875, 1.422393806345679e-21, nan 
99.125, 78.875, 1.5108637068683064e-21, nan 
99.375, 78.875, 1.2974646596417503e-21, nan 
99.625, 78.875, 1.2070992742737724e-21, nan 
99.875, 78.875, 1.3413572721549704e-21, nan 
100.125, 78.875, 1.1263013977091728e-21, nan 
100.375, 78.875, 8.51375983669638e-22, nan 
100.625, 78.875, 1.08524810286917e-21, nan 
100.875, 78.875, 1.5463157738136498e-21, nan 
101.125, 78.875, 1.0202946650630056e-21, nan 
101.375, 78.875, 8.486533620176221e-22, nan 
101.625, 78.875, 2.1165929010742176e-21, nan 
101.875, 78.875, 2.094178189320716e-21, nan 
102.125, 78.875, 3.0962723661805612e-21, nan 
102.375, 78.875, 3.937190237599319e-21, nan 
102.625, 78.875, 4.314917794359943e-21, nan 
102.875, 78.875, 3.2268468203994253e-21, nan 
103.125, 78.875, 3.1924905803318358e-21, nan 
103.375, 78.875, 4.520656245939729e-21, nan 
103.625, 78.875, 5.173592763598626e-21, nan 
103.875, 78.875, 4.546493611440803e-21, nan 
104.125, 78.875, 2.363082247001904e-21, nan 
104.375, 78.875, 2.1034225475258522e-21, nan 
104.625, 78.875, 3.428542193115728e-21, nan 
104.875, 78.875, 6.2563885175477615e-21, nan 
105.125, 78.875, 5.211416184799357e-21, nan 
105.375, 78.875, 3.985463656425234e-21, nan 
105.625, 78.875, 2.8504337113940377e-21, nan 
105.875, 78.875, 2.7970212734235808e-21, nan 
106.125, 78.875, 6.138446576638413e-21, nan 
106.375, 78.875, 4.055366843655412e-21, nan 
106.625, 78.875, 2.6578545420033388e-21, nan 
106.875, 78.875, 1.9164363558727426e-21, nan 
107.125, 78.875, 2.259504317793643e-21, nan 
107.375, 78.875, 6.4022360808852685e-21, nan 
107.625, 78.875, 4.8134576849463765e-21, nan 
107.875, 78.875, 3.6149790710657524e-21, nan 
108.125, 78.875, 2.633970113910061e-21, nan 
108.375, 78.875, 2.041501624972723e-21, nan 
108.625, 78.875, 2.8070112063892578e-21, nan 
108.875, 78.875, 3.5905316367059134e-21, nan 
109.125, 78.875, 2.815024795214763e-21, nan 
109.375, 78.875, 1.953037496743489e-21, nan 
109.625, 78.875, 2.556772396449727e-21, nan 
109.875, 78.875, 2.1081280628598394e-21, nan 
110.125, 78.875, 2.985705558391322e-21, nan 
110.375, 78.875, 5.961512304117628e-21, nan 
110.625, 78.875, 9.757733949682548e-21, nan 
110.875, 78.875, 1.5838989752216684e-20, nan 
111.125, 78.875, 1.562461711845093e-20, nan 
111.375, 78.875, 1.4914264406540448e-20, nan 
111.625, 78.875, 1.415614162679854e-20, nan 
111.875, 78.875, 1.3635384559154048e-20, nan 
112.125, 78.875, 1.3523285109084516e-20, nan 
112.375, 78.875, 1.2752238881792211e-20, nan 
112.625, 78.875, 1.3231209167223599e-20, nan 
112.875, 78.875, 1.080252545898049e-20, nan 
113.125, 78.875, 1.0656359441529591e-20, nan 
113.375, 78.875, 6.701011293679192e-21, nan 
113.625, 78.875, 5.085372019474581e-21, nan 
113.875, 78.875, 3.471606735332242e-21, nan 
114.125, 78.875, 4.6130406572895285e-21, nan 
114.375, 78.875, 6.389975456860825e-21, nan 
114.625, 78.875, 7.021545538694666e-21, nan 
114.875, 78.875, 6.793467322108939e-21, nan 
115.125, 78.875, 3.897601096852632e-21, nan 
115.375, 78.875, 4.10130464018846e-21, nan 
115.625, 78.875, 4.328198580572326e-21, nan 
115.875, 78.875, 4.206852821398981e-21, nan 
116.125, 78.875, 4.651583494147018e-21, nan 
116.375, 78.875, 4.74746968896812e-21, nan 
116.625, 78.875, 4.687453684172021e-21, nan 
116.875, 78.875, 5.09659607518872e-21, nan 
117.125, 78.875, 5.303072915349681e-21, nan 
117.375, 78.875, 4.5867962799335736e-21, nan 
117.625, 78.875, 5.626482024707687e-21, nan 
117.875, 78.875, 5.286403706614758e-21, nan 
118.125, 78.875, 5.775319618337934e-21, nan 
118.375, 78.875, 5.4831249699351014e-21, nan 
118.625, 78.875, 5.828366158708398e-21, nan 
118.875, 78.875, 4.7559000331745184e-21, nan 
119.125, 78.875, 3.613581148789452e-21, nan 
119.375, 78.875, 2.4066570608376076e-21, nan 
119.625, 78.875, 3.482123234520492e-21, nan 
119.875, 78.875, 4.280759286080821e-21, nan 
120.125, 78.875, 6.777965302202703e-21, nan 
120.375, 78.875, 8.481056564149096e-21, nan 
120.625, 78.875, 4.414251428448826e-21, nan 
120.875, 78.875, 4.3797602084711364e-21, nan 
121.125, 78.875, 7.23481036415143e-21, nan 
121.375, 78.875, 7.733511982459998e-21, nan 
121.625, 78.875, 1.0075558810626136e-20, nan 
121.875, 78.875, 7.564569433979491e-21, nan 
122.125, 78.875, 6.7000993820157434e-21, nan 
122.375, 78.875, 8.311404357621734e-21, nan 
122.625, 78.875, 9.006966495167781e-21, nan 
122.875, 78.875, 9.323353063651627e-21, nan 
123.125, 78.875, 8.772502201597686e-21, nan 
123.375, 78.875, 7.184213645512981e-21, nan 
123.625, 78.875, 8.326618580699066e-21, nan 
123.875, 78.875, 8.68700037902075e-21, nan 
124.125, 78.875, 8.615187272590744e-21, nan 
124.375, 78.875, 7.745817290612763e-21, nan 
124.625, 78.875, 7.25808235681324e-21, nan 
124.875, 78.875, 5.816672462551257e-21, nan 
125.125, 78.875, 7.380600226127845e-21, nan 
125.375, 78.875, 6.313003603362309e-21, nan 
125.625, 78.875, 5.710050121524064e-21, nan 
125.875, 78.875, 5.857659640670289e-21, nan 
126.125, 78.875, 6.675583750544653e-21, nan 
126.375, 78.875, 5.180521768290999e-21, nan 
126.625, 78.875, 5.477776069421763e-21, nan 
126.875, 78.875, 5.1291102766448324e-21, nan 
127.125, 78.875, 5.140619793324744e-21, nan 
127.375, 78.875, 4.381664442328382e-21, nan 
127.625, 78.875, 4.722000942420648e-21, nan 
127.875, 78.875, 3.0209855584674934e-21, nan 
128.125, 78.875, 2.6667120234997175e-21, nan 
128.375, 78.875, 2.5468177086570445e-21, nan 
128.625, 78.875, 2.043262310651039e-21, nan 
128.875, 78.875, 2.0834165472727354e-21, nan 
129.125, 78.875, 2.6134330660070817e-21, nan 
129.375, 78.875, 3.958297269506244e-21, nan 
129.625, 78.875, 5.179617223733014e-21, nan 
129.875, 78.875, 5.321542137056537e-21, nan 
130.125, 78.875, 5.0804407073860195e-21, nan 
130.375, 78.875, 6.257651493218719e-21, nan 
130.625, 78.875, 7.875083231430154e-21, nan 
130.875, 78.875, 9.007179224742375e-21, nan 
131.125, 78.875, 6.421237452260658e-21, nan 
131.375, 78.875, 6.899868861258101e-21, nan 
131.625, 78.875, 5.8010105020778296e-21, nan 
131.875, 78.875, 4.407719995088763e-21, nan 
132.125, 78.875, 3.755941965701737e-21, nan 
132.375, 78.875, 3.777661767194651e-21, nan 
132.625, 78.875, 4.0334616071382e-21, nan 
132.875, 78.875, 5.060867766718147e-21, nan 
133.125, 78.875, 3.445706711162593e-21, nan 
133.375, 78.875, 3.926488419974827e-21, nan 
133.625, 78.875, 3.3385402017308647e-21, nan 
133.875, 78.875, 3.7109028752120666e-21, nan 
134.125, 78.875, 4.476786653349482e-21, nan 
134.375, 78.875, 3.507700690459671e-21, nan 
134.625, 78.875, 2.3234339953900364e-21, nan 
134.875, 78.875, 1.6940639169513892e-21, nan 
135.125, 78.875, 1.7258922803752266e-21, nan 
135.375, 78.875, 2.1131418356778864e-21, nan 
135.625, 78.875, 1.6211947572249344e-21, nan 
135.875, 78.875, 1.1403755892936312e-21, nan 
136.125, 78.875, 9.688229667033004e-22, nan 
136.375, 78.875, 8.113437645675454e-22, nan 
136.625, 78.875, 7.082194316191732e-22, nan 
136.875, 78.875, 1.136456223789311e-21, nan 
137.125, 78.875, 9.300966918204485e-22, nan 
137.375, 78.875, 8.733498658548523e-22, nan 
137.625, 78.875, 6.924457443239284e-22, nan 
137.875, 78.875, 4.751499240219951e-22, nan 
138.125, 78.875, 2.695872285291408e-22, nan 
138.375, 78.875, 2.4817045754021496e-22, nan 
138.625, 78.875, 3.6871104271048863e-22, nan 
138.875, 78.875, 3.443646070589277e-22, nan 
139.125, 78.875, 5.26553090724442e-22, nan 
139.375, 78.875, 6.14952993436177e-22, nan 
139.625, 78.875, 6.355691814101575e-22, nan 
139.875, 78.875, 4.493134325186225e-22, nan 
140.125, 78.875, 5.592094795909002e-22, nan 
140.375, 78.875, 7.0363208583436565e-22, nan 
140.625, 78.875, 9.906392572950245e-22, nan 
140.875, 78.875, 7.438368772265492e-22, nan 
141.125, 78.875, 6.168683680822436e-22, nan 
141.375, 78.875, 6.062614163650255e-22, nan 
141.625, 78.875, 5.791225095864839e-22, nan 
141.875, 78.875, 5.83578363552702e-22, nan 
142.125, 78.875, 5.189200410647841e-22, nan 
142.375, 78.875, 4.838829269786304e-22, nan 
142.625, 78.875, 4.586770603314217e-22, nan 
142.875, 78.875, 4.0181134759727315e-22, nan 
143.125, 78.875, 3.520836344184248e-22, nan 
143.375, 78.875, 3.8911532344853752e-22, nan 
143.625, 78.875, 3.6994321361949005e-22, nan 
143.875, 78.875, 3.2355144815409025e-22, nan 
144.125, 78.875, 4.1033271213720593e-22, nan 
144.375, 78.875, 4.68539488514661e-22, nan 
144.625, 78.875, 7.015473284491745e-22, nan 
144.875, 78.875, 8.017375615110886e-22, nan 
145.125, 78.875, 7.8087109600442615e-22, nan 
145.375, 78.875, 5.936843728571054e-22, nan 
145.625, 78.875, 4.786349198541576e-22, nan 
145.875, 78.875, 5.677509331842567e-22, nan 
146.125, 78.875, 6.206333561821608e-22, nan 
146.375, 78.875, 5.918120088527097e-22, nan 
146.625, 78.875, 4.486980461311876e-22, nan 
146.875, 78.875, 3.397929165175437e-22, nan 
147.125, 78.875, 2.6655691303028845e-22, nan 
147.375, 78.875, 2.482632426328976e-22, nan 
147.625, 78.875, 2.0723614741731334e-22, nan 
147.875, 78.875, 2.188535574146825e-22, nan 
148.125, 78.875, 1.8161592529198986e-22, nan 
148.375, 78.875, 1.8348234383968605e-22, nan 
148.625, 78.875, 1.0929272633708707e-22, nan 
148.875, 78.875, 1.2849616997787763e-22, nan 
149.125, 78.875, 9.226912641072877e-23, nan 
149.375, 78.875, 1.8417218974592665e-22, nan 
149.625, 78.875, 1.2302930360779496e-22, nan 
149.875, 78.875, 1.1581930392016239e-22, nan 
150.125, 78.875, 8.897089313619174e-23, nan 
150.375, 78.875, 1.3319314933556385e-22, nan 
150.625, 78.875, 1.747218238188159e-22, nan 
150.875, 78.875, 1.5581397094466029e-22, nan 
151.125, 78.875, 1.6971095091598156e-22, nan 
151.375, 78.875, 1.3432043859026716e-22, nan 
151.625, 78.875, 1.3975098077006756e-22, nan 
151.875, 78.875, 1.4122525094952646e-22, nan 
152.125, 78.875, 1.1002849096180455e-22, nan 
152.375, 78.875, 1.2559589324429274e-22, nan 
152.625, 78.875, 1.202728818282712e-22, nan 
152.875, 78.875, 3.109803469837105e-22, nan 
153.125, 78.875, 2.831167870773599e-22, nan 
153.375, 78.875, 2.793052774092752e-22, nan 
153.625, 78.875, 2.7037610895232424e-22, nan 
153.875, 78.875, 4.187702814438249e-22, nan 
154.125, 78.875, 5.71428010747424e-22, nan 
154.375, 78.875, 4.620986169040052e-22, nan 
154.625, 78.875, 4.411345303826569e-22, nan 
154.875, 78.875, 2.1131599601050378e-22, nan 
155.125, 78.875, 4.511117110336215e-22, nan 
155.375, 78.875, 6.825748597906199e-22, nan 
155.625, 78.875, 5.2103715689648085e-22, nan 
155.875, 78.875, 6.213980001483185e-22, nan 
156.125, 78.875, 3.273774415463325e-22, nan 
156.375, 78.875, 2.407309797375267e-22, nan 
156.625, 78.875, 3.2578310844585247e-22, nan 
156.875, 78.875, 2.851544584738286e-22, nan 
157.125, 78.875, 3.3859682901935272e-22, nan 
157.375, 78.875, 2.4467277006810527e-22, nan 
157.625, 78.875, 2.0546325200330698e-22, nan 
157.875, 78.875, 1.6269159603042766e-22, nan 
158.125, 78.875, 1.6646515218674944e-22, nan 
158.375, 78.875, 1.3348894980092998e-22, nan 
158.625, 78.875, 1.3750422992966603e-22, nan 
158.875, 78.875, 1.5037199190991176e-22, nan 
159.125, 78.875, 1.2232750578061517e-22, nan 
159.375, 78.875, 1.099228362088781e-22, nan 
159.625, 78.875, 8.759667136175397e-23, nan 
159.875, 78.875, 9.378631799270867e-23, nan 
160.125, 78.875, 1.084885215419432e-22, nan 
160.375, 78.875, 9.243502234076471e-23, nan 
160.625, 78.875, 6.631938785038747e-23, nan 
160.875, 78.875, 3.3447975183314915e-23, nan 
161.125, 78.875, 5.895704533726226e-23, nan 
161.375, 78.875, 3.5041600635507684e-23, nan 
161.625, 78.875, 4.0076415438261345e-23, nan 
161.875, 78.875, 3.2814415378835396e-23, nan 
162.125, 78.875, 3.416259484208544e-23, nan 
162.375, 78.875, 3.1692722792408063e-23, nan 
162.625, 78.875, 4.695441718436199e-23, nan 
162.875, 78.875, 5.248884600838374e-23, nan 
163.125, 78.875, 2.486092511474552e-23, nan 
163.375, 78.875, 2.1076054243137924e-23, nan 
163.625, 78.875, 3.5963110529958177e-23, nan 
163.875, 78.875, 7.279697063289231e-23, nan 
164.125, 78.875, 9.159258074812626e-23, nan 
164.375, 78.875, 9.179792855779963e-23, nan 
164.625, 78.875, 5.357777397609224e-23, nan 
164.875, 78.875, 5.314737252264375e-23, nan 
165.125, 78.875, 3.945289868421173e-23, nan 
165.375, 78.875, 3.468596802222403e-23, nan 
165.625, 78.875, 3.749573561448094e-23, nan 
165.875, 78.875, 3.0953231480655435e-23, nan 
166.125, 78.875, 5.0436607808932444e-23, nan 
166.375, 78.875, 4.6382202797334133e-23, nan 
166.625, 78.875, 2.3152971692529806e-23, nan 
166.875, 78.875, 3.034442516534256e-23, nan 
167.125, 78.875, 1.9742035632824244e-23, nan 
167.375, 78.875, 2.3340741729561535e-23, nan 
167.625, 78.875, 3.9082792551236937e-23, nan 
167.875, 78.875, 1.915674215828589e-23, nan 
168.125, 78.875, 1.7550873792230974e-23, nan 
168.375, 78.875, 1.2587171657010978e-23, nan 
168.625, 78.875, 2.0740766136356175e-23, nan 
168.875, 78.875, 2.0772441949180165e-23, nan 
169.125, 78.875, 1.638588917896519e-23, nan 
169.375, 78.875, 2.733369641152402e-23, nan 
169.625, 78.875, 3.542657004189285e-23, nan 
169.875, 78.875, 3.513781823650873e-23, nan 
170.125, 78.875, 3.2316958988345436e-23, nan 
170.375, 78.875, 3.0751409339179575e-23, nan 
170.625, 78.875, 3.123809260090551e-23, nan 
170.875, 78.875, 3.518062877644901e-23, nan 
171.125, 78.875, 3.779180193621286e-23, nan 
171.375, 78.875, 3.3804101526778724e-23, nan 
171.625, 78.875, 3.317375455742442e-23, nan 
171.875, 78.875, 2.87293475573065e-23, nan 
172.125, 78.875, 2.6906844533686785e-23, nan 
172.375, 78.875, 2.658041622607618e-23, nan 
172.625, 78.875, 4.4398940993032444e-23, nan 
172.875, 78.875, 3.8734364097045423e-23, nan 
173.125, 78.875, 4.847885172209413e-23, nan 
173.375, 78.875, 3.307005663634208e-23, nan 
173.625, 78.875, 2.91101078526809e-23, nan 
173.875, 78.875, 4.139452393045931e-23, nan 
174.125, 78.875, 5.652333623247972e-23, nan 
174.375, 78.875, 4.642888807460406e-23, nan 
174.625, 78.875, 4.5480639060238696e-23, nan 
174.875, 78.875, 4.755791009457034e-23, nan 
175.125, 78.875, 3.6768950972013257e-23, nan 
175.375, 78.875, 4.262685526364044e-23, nan 
175.625, 78.875, 4.8260625095787456e-23, nan 
175.875, 78.875, 7.244433972576367e-23, nan 
176.125, 78.875, 8.020567323094931e-23, nan 
176.375, 78.875, 4.0274887082837356e-23, nan 
176.625, 78.875, 3.422475353098559e-23, nan 
176.875, 78.875, 2.5640875966871404e-23, nan 
177.125, 78.875, 5.633116585689442e-23, nan 
177.375, 78.875, 5.815700845279926e-23, nan 
177.625, 78.875, 2.3336769861725312e-23, nan 
177.875, 78.875, 2.707877483649064e-23, nan 
178.125, 78.875, 2.0643257895437358e-23, nan 
178.375, 78.875, 2.517305387064832e-23, nan 
178.625, 78.875, 3.310300955077594e-23, nan 
178.875, 78.875, 2.464130443126311e-23, nan 
179.125, 78.875, 2.9350160098706134e-23, nan 
179.375, 78.875, 2.6185655009974787e-23, nan 
179.625, 78.875, 1.776677398985714e-23, nan 
179.875, 78.875, 1.9285957480740912e-23, nan 
-179.875, 79.125, 3.6911973506640535e-23, nan 
-179.625, 79.125, 3.8174460823087444e-23, nan 
-179.375, 79.125, 3.875683240682138e-23, nan 
-179.125, 79.125, 4.8011766321994904e-23, nan 
-178.875, 79.125, 4.136952350748114e-23, nan 
-178.625, 79.125, 5.1072936092095735e-23, nan 
-178.375, 79.125, 4.1641609863136287e-23, nan 
-178.125, 79.125, 4.62264046178992e-23, nan 
-177.875, 79.125, 5.866590590305786e-23, nan 
-177.625, 79.125, 4.870994141059095e-23, nan 
-177.375, 79.125, 5.769918788068772e-23, nan 
-177.125, 79.125, 4.292577833835404e-23, nan 
-176.875, 79.125, 5.170586532546924e-23, nan 
-176.625, 79.125, 4.250350429168791e-23, nan 
-176.375, 79.125, 3.1231573039902594e-23, nan 
-176.125, 79.125, 1.50945419415908e-23, nan 
-175.875, 79.125, 2.391942186838352e-23, nan 
-175.625, 79.125, 4.302228067755244e-23, nan 
-175.375, 79.125, 2.7457070831354503e-23, nan 
-175.125, 79.125, 2.1610268234753057e-23, nan 
-174.875, 79.125, 2.4845094300954608e-23, nan 
-174.625, 79.125, 2.646163414589313e-23, nan 
-174.375, 79.125, 3.2998082518232034e-23, nan 
-174.125, 79.125, 2.591447179401685e-23, nan 
-173.875, 79.125, 2.358516212179233e-23, nan 
-173.625, 79.125, 2.5820083011363925e-23, nan 
-173.375, 79.125, 1.8602466520982827e-23, nan 
-173.125, 79.125, 2.1348914968135795e-23, nan 
-172.875, 79.125, 2.280093419612691e-23, nan 
-172.625, 79.125, 2.764000042257526e-23, nan 
-172.375, 79.125, 2.3004177715398664e-23, nan 
-172.125, 79.125, 3.071044912576341e-23, nan 
-171.875, 79.125, 2.5294860843241603e-23, nan 
-171.625, 79.125, 3.033502139233198e-23, nan 
-171.375, 79.125, 3.006314525342753e-23, nan 
-171.125, 79.125, 3.298074702368538e-23, nan 
-170.875, 79.125, 3.0297305170998254e-23, nan 
-170.625, 79.125, 2.974321470402672e-23, nan 
-170.375, 79.125, 3.120314140966972e-23, nan 
-170.125, 79.125, 3.11870933226904e-23, nan 
-169.875, 79.125, 2.8843277681210704e-23, nan 
-169.625, 79.125, 2.729454024255939e-23, nan 
-169.375, 79.125, 2.9408450311917906e-23, nan 
-169.125, 79.125, 2.875130245298713e-23, nan 
-168.875, 79.125, 2.853450710025207e-23, nan 
-168.625, 79.125, 2.7869267978800503e-23, nan 
-168.375, 79.125, 2.870881979257313e-23, nan 
-168.125, 79.125, 2.4989490027926203e-23, nan 
-167.875, 79.125, 2.6010688583914682e-23, nan 
-167.625, 79.125, 2.446427989215633e-23, nan 
-167.375, 79.125, 2.46358769533092e-23, nan 
-167.125, 79.125, 2.759178326067232e-23, nan 
-166.875, 79.125, 2.3845643554860435e-23, nan 
-166.625, 79.125, 2.3146067103855066e-23, nan 
-166.375, 79.125, 2.2391306833588654e-23, nan 
-166.125, 79.125, 2.4944761243044228e-23, nan 
-165.875, 79.125, 2.4861742412801045e-23, nan 
-165.625, 79.125, 2.1453898892524805e-23, nan 
-165.375, 79.125, 2.1729271158026688e-23, nan 
-165.125, 79.125, 2.063303894531001e-23, nan 
-164.875, 79.125, 2.1510058749482574e-23, nan 
-164.625, 79.125, 1.9750078467102198e-23, nan 
-164.375, 79.125, 2.1152675978008267e-23, nan 
-164.125, 79.125, 1.9228403164154142e-23, nan 
-163.875, 79.125, 1.9808609413648005e-23, nan 
-163.625, 79.125, 2.3507264889952912e-23, nan 
-163.375, 79.125, 2.3010479117606655e-23, nan 
-163.125, 79.125, 2.417736300516106e-23, nan 
-162.875, 79.125, 1.5688208306310382e-23, nan 
-162.625, 79.125, 2.0329923495853524e-23, nan 
-162.375, 79.125, 2.0524151530092607e-23, nan 
-162.125, 79.125, 2.2310659455118463e-23, nan 
-161.875, 79.125, 1.867193630508372e-23, nan 
-161.625, 79.125, 1.856798089904731e-23, nan 
-161.375, 79.125, 1.8175524546019753e-23, nan 
-161.125, 79.125, 1.726919059032803e-23, nan 
-160.875, 79.125, 1.8015407825332057e-23, nan 
-160.625, 79.125, 1.9069275691661038e-23, nan 
-160.375, 79.125, 1.5791500008515875e-23, nan 
-160.125, 79.125, 1.595951773251942e-23, nan 
-159.875, 79.125, 1.2771278591541312e-23, nan 
-159.625, 79.125, 1.4320946044346926e-23, nan 
-159.375, 79.125, 1.162118343980324e-23, nan 
-159.125, 79.125, 1.209086439454904e-23, nan 
-158.875, 79.125, 1.0937667134249866e-23, nan 
-158.625, 79.125, 1.1336805264706876e-23, nan 
-158.375, 79.125, 1.1048328050195238e-23, nan 
-158.125, 79.125, 1.0344241480276403e-23, nan 
-157.875, 79.125, 8.5941884045233e-24, nan 
-157.625, 79.125, 8.095987133086306e-24, nan 
-157.375, 79.125, 8.057745792817186e-24, nan 
-157.125, 79.125, 8.204054887095161e-24, nan 
-156.875, 79.125, 7.778216610662015e-24, nan 
-156.625, 79.125, 7.77184422712104e-24, nan 
-156.375, 79.125, 1.0606733706792445e-23, nan 
-156.125, 79.125, 1.0902362939157573e-23, nan 
-155.875, 79.125, 1.0695460468210228e-23, nan 
-155.625, 79.125, 8.999603472957938e-24, nan 
-155.375, 79.125, 6.513204028370352e-24, nan 
-155.125, 79.125, 1.0925783338411751e-23, nan 
-154.875, 79.125, 1.4997520464001642e-23, nan 
-154.625, 79.125, 1.56384563218633e-23, nan 
-154.375, 79.125, 1.9374121471618595e-23, nan 
-154.125, 79.125, 2.3415797404398533e-23, nan 
-153.875, 79.125, 2.9811144612738834e-23, nan 
-153.625, 79.125, 2.4470441868158513e-23, nan 
-153.375, 79.125, 1.8362065764035896e-23, nan 
-153.125, 79.125, 1.3242214084525117e-23, nan 
-152.875, 79.125, 1.2648770658057325e-23, nan 
-152.625, 79.125, 1.2172508451568086e-23, nan 
-152.375, 79.125, 1.0792805299464384e-23, nan 
-152.125, 79.125, 1.2271774680264852e-23, nan 
-151.875, 79.125, 1.05255150867328e-23, nan 
-151.625, 79.125, 1.0879183021306126e-23, nan 
-151.375, 79.125, 1.023045488060148e-23, nan 
-151.125, 79.125, 1.0291549859327863e-23, nan 
-150.875, 79.125, 1.0661080572846196e-23, nan 
-150.625, 79.125, 1.1372750983459036e-23, nan 
-150.375, 79.125, 9.531122489617924e-24, nan 
-150.125, 79.125, 1.015886463736502e-23, nan 
-149.875, 79.125, 1.2040132512167793e-23, nan 
-149.625, 79.125, 1.0286515469400156e-23, nan 
-149.375, 79.125, 9.608874896875779e-24, nan 
-149.125, 79.125, 9.77920419364709e-24, nan 
-148.875, 79.125, 1.2392997898643204e-23, nan 
-148.625, 79.125, 1.408068654315723e-23, nan 
-148.375, 79.125, 1.4203624890817285e-23, nan 
-148.125, 79.125, 1.4490325806204182e-23, nan 
-147.875, 79.125, 1.5659744675224522e-23, nan 
-147.625, 79.125, 1.1636683188359496e-23, nan 
-147.375, 79.125, 8.275182323456912e-24, nan 
-147.125, 79.125, 1.16334068264264e-23, nan 
-146.875, 79.125, 1.0502355137713847e-23, nan 
-146.625, 79.125, 9.40103770842448e-24, nan 
-146.375, 79.125, 1.0184937637504866e-23, nan 
-146.125, 79.125, 8.08507209618027e-24, nan 
-145.875, 79.125, 8.238111379887236e-24, nan 
-145.625, 79.125, 9.013706730255835e-24, nan 
-145.375, 79.125, 1.0838287198795244e-23, nan 
-145.125, 79.125, 9.518326554102902e-24, nan 
-144.875, 79.125, 9.118651732034789e-24, nan 
-144.625, 79.125, 8.31617810152791e-24, nan 
-144.375, 79.125, 1.0297006252793893e-23, nan 
-144.125, 79.125, 8.78242101468023e-24, nan 
-143.875, 79.125, 9.831820772074049e-24, nan 
-143.625, 79.125, 9.17311364648688e-24, nan 
-143.375, 79.125, 9.024836290867293e-24, nan 
-143.125, 79.125, 9.274456296483708e-24, nan 
-142.875, 79.125, 9.380920428953943e-24, nan 
-142.625, 79.125, 8.617606019808147e-24, nan 
-142.375, 79.125, 8.86568152987992e-24, nan 
-142.125, 79.125, 9.0337293889155e-24, nan 
-141.875, 79.125, 7.5276323779173e-24, nan 
-141.625, 79.125, 6.4618570958063384e-24, nan 
-141.375, 79.125, 5.124764327994701e-24, nan 
-141.125, 79.125, 5.731030072218311e-24, nan 
-140.875, 79.125, 6.112656483368941e-24, nan 
-140.625, 79.125, 6.699044019419667e-24, nan 
-140.375, 79.125, 6.061439637926877e-24, nan 
-140.125, 79.125, 6.029199891531317e-24, nan 
-139.875, 79.125, 7.154709411892595e-24, nan 
-139.625, 79.125, 6.443048473250717e-24, nan 
-139.375, 79.125, 5.953744800119502e-24, nan 
-139.125, 79.125, 5.943774923226253e-24, nan 
-138.875, 79.125, 6.4032250876027006e-24, nan 
-138.625, 79.125, 6.841530244679969e-24, nan 
-138.375, 79.125, 6.512769936594539e-24, nan 
-138.125, 79.125, 6.5764504135059106e-24, nan 
-137.875, 79.125, 7.168492174695731e-24, nan 
-137.625, 79.125, 9.281356975416608e-24, nan 
-137.375, 79.125, 7.668955408281185e-24, nan 
-137.125, 79.125, 6.755718137845028e-24, nan 
-136.875, 79.125, 6.5830128219606046e-24, nan 
-136.625, 79.125, 7.195843611890389e-24, nan 
-136.375, 79.125, 6.26185862482242e-24, nan 
-136.125, 79.125, 6.052869045982194e-24, nan 
-135.875, 79.125, 5.803725370747759e-24, nan 
-135.625, 79.125, 7.49207397215607e-24, nan 
-18.875, 79.125, 2.9076068994230044e-24, nan 
-18.625, 79.125, 2.432986377696311e-24, nan 
-18.375, 79.125, 3.1424523495507684e-24, nan 
-18.125, 79.125, 2.9975562930202486e-24, nan 
-17.875, 79.125, 3.1287450454037753e-24, nan 
-17.625, 79.125, 2.949596133484863e-24, nan 
-17.375, 79.125, 3.014654853525021e-24, nan 
-17.125, 79.125, 2.6224876195604327e-24, nan 
-16.875, 79.125, 3.126569868318455e-24, nan 
-16.625, 79.125, 1.853438703757188e-24, nan 
-16.375, 79.125, 1.773936074645672e-24, nan 
-16.125, 79.125, 3.3081438650231638e-24, nan 
-15.875, 79.125, 8.981979138919589e-24, nan 
-15.625, 79.125, 1.8520301986117854e-23, nan 
-15.375, 79.125, 2.2385139694761405e-23, nan 
-15.125, 79.125, 2.6839522508939406e-23, nan 
-14.875, 79.125, 2.804177094742462e-23, nan 
-14.625, 79.125, 2.8955327968340225e-23, nan 
-14.375, 79.125, 2.7818408058985255e-23, nan 
-14.125, 79.125, 2.8191461724780245e-23, nan 
-13.875, 79.125, 2.603741903227827e-23, nan 
-13.625, 79.125, 2.4660078509232548e-23, nan 
-13.375, 79.125, 2.2693566963717833e-23, nan 
-13.125, 79.125, 2.1106329156184957e-23, nan 
-12.875, 79.125, 1.978496815248957e-23, nan 
-12.625, 79.125, 1.798427433213908e-23, nan 
-12.375, 79.125, 1.6705634965635522e-23, nan 
-12.125, 79.125, 1.6843235992789107e-23, nan 
-11.875, 79.125, 1.5611801736231984e-23, nan 
-11.625, 79.125, 1.3213438114930562e-23, nan 
-11.375, 79.125, 8.314914861772739e-24, nan 
-11.125, 79.125, 4.3967841408511465e-24, nan 
-10.875, 79.125, 1.0615421065755286e-23, nan 
-10.625, 79.125, 1.476150915948489e-23, nan 
-10.375, 79.125, 1.4603163411151556e-23, nan 
-10.125, 79.125, 9.845402633733255e-24, nan 
-9.875, 79.125, 2.2838844722507625e-24, nan 
-9.625, 79.125, 7.7327147056641e-24, nan 
-9.375, 79.125, 1.3565424709546508e-23, nan 
-9.125, 79.125, 1.8450203902235794e-23, nan 
-8.875, 79.125, 2.8443982702583296e-23, nan 
-8.625, 79.125, 4.106269723379195e-23, nan 
-8.375, 79.125, 4.022835245505179e-23, nan 
-8.125, 79.125, 5.940483159947207e-23, nan 
-7.875, 79.125, 4.495598383102889e-23, nan 
-7.625, 79.125, 5.582978109812806e-23, nan 
-7.375, 79.125, 7.134228537714304e-23, nan 
-7.125, 79.125, 7.125498007561399e-23, nan 
-6.875, 79.125, 4.8660758619583437e-23, nan 
-6.625, 79.125, 6.280848157757484e-23, nan 
-6.375, 79.125, 4.592285387575336e-23, nan 
-6.125, 79.125, 6.342689018241458e-23, nan 
-5.875, 79.125, 6.570143701720862e-23, nan 
-5.625, 79.125, 4.611077918217758e-23, nan 
-5.375, 79.125, 6.41373001720825e-23, nan 
-5.125, 79.125, 5.06026032118109e-23, nan 
-4.875, 79.125, 4.460622863923346e-23, nan 
-4.625, 79.125, 4.474757380466407e-23, nan 
-4.375, 79.125, 4.3398480861091843e-23, nan 
-4.125, 79.125, 4.6283738024776833e-23, nan 
-3.875, 79.125, 3.6036201697730237e-23, nan 
-3.625, 79.125, 4.026245868800493e-23, nan 
-3.375, 79.125, 1.9169796636441108e-23, nan 
-3.125, 79.125, 2.1272821810093066e-23, nan 
-2.875, 79.125, 2.1450077896155448e-23, nan 
-2.625, 79.125, 1.974094118994397e-23, nan 
-2.375, 79.125, 4.847109168389153e-23, nan 
-2.125, 79.125, 3.807900396788404e-23, nan 
-1.875, 79.125, 4.9985150600766736e-23, nan 
-1.625, 79.125, 4.71657718993486e-23, nan 
-1.375, 79.125, 4.3726854635985697e-23, nan 
-1.125, 79.125, 5.675983026087383e-23, nan 
-0.875, 79.125, 5.812105104105207e-23, nan 
-0.625, 79.125, 4.5182024526223606e-23, nan 
-0.375, 79.125, 3.5154179103992965e-23, nan 
-0.125, 79.125, 3.416378826400631e-23, nan 
0.125, 79.125, 4.8097438314121223e-23, nan 
0.375, 79.125, 4.8650303252868914e-23, nan 
0.625, 79.125, 3.6887330200797e-23, nan 
0.875, 79.125, 3.0884985950613975e-23, nan 
1.125, 79.125, 3.092782065145081e-23, nan 
1.375, 79.125, 3.0372520862033383e-23, nan 
1.625, 79.125, 3.7709793923534763e-23, nan 
1.875, 79.125, 3.2584902259901785e-23, nan 
2.125, 79.125, 3.463142670590692e-23, nan 
2.375, 79.125, 3.41473101863835e-23, nan 
2.625, 79.125, 3.8422016354706107e-23, nan 
2.875, 79.125, 4.8614933768438896e-23, nan 
3.125, 79.125, 3.7132811003237764e-23, nan 
3.375, 79.125, 4.607272721288046e-23, nan 
3.625, 79.125, 4.379943193474618e-23, nan 
3.875, 79.125, 4.730000686574129e-23, nan 
4.125, 79.125, 3.53601282177077e-23, nan 
4.375, 79.125, 2.9316959191543974e-23, nan 
4.625, 79.125, 2.692182118390014e-23, nan 
4.875, 79.125, 4.647516971859876e-23, nan 
5.125, 79.125, 3.018820857072841e-23, nan 
5.375, 79.125, 4.886541024098041e-23, nan 
5.625, 79.125, 2.9831534341224783e-23, nan 
5.875, 79.125, 3.24718792004951e-23, nan 
6.125, 79.125, 4.6575267799525134e-23, nan 
6.375, 79.125, 1.8203362126470014e-23, nan 
6.625, 79.125, 1.8848538994580343e-23, nan 
6.875, 79.125, 7.517226522739762e-24, nan 
7.125, 79.125, 3.849031949130014e-23, nan 
7.375, 79.125, 3.155479801632405e-23, nan 
7.625, 79.125, 4.3062116439188326e-23, nan 
7.875, 79.125, 5.021679370297819e-23, nan 
8.125, 79.125, 3.3636890061075784e-23, nan 
8.375, 79.125, 4.4481062045232415e-23, nan 
8.625, 79.125, 2.25908111880303e-23, nan 
8.875, 79.125, 4.6830764179166263e-23, nan 
9.125, 79.125, 6.64523250712569e-23, nan 
9.375, 79.125, 5.812977361347145e-23, nan 
9.625, 79.125, 6.709451642635266e-23, nan 
9.875, 79.125, 4.0756441410147517e-23, nan 
10.125, 79.125, 4.5276151396304276e-23, nan 
10.375, 79.125, 4.7362372486986585e-23, nan 
10.625, 79.125, 4.5511580565234935e-23, nan 
10.875, 79.125, 5.574305720833804e-23, nan 
11.125, 79.125, 3.318279021810117e-23, nan 
11.375, 79.125, 3.3703024775764813e-23, nan 
11.625, 79.125, 4.751850367622008e-23, nan 
11.875, 79.125, 5.041924034901045e-23, nan 
12.125, 79.125, 7.219701958894723e-23, nan 
12.375, 79.125, 7.714987255548419e-23, nan 
12.625, 79.125, 8.326693968957854e-23, nan 
12.875, 79.125, 8.05398309532861e-23, nan 
13.125, 79.125, 5.175915971286666e-23, nan 
13.375, 79.125, 8.327474151931849e-23, nan 
13.625, 79.125, 8.115347829385736e-23, nan 
13.875, 79.125, 9.139480821945951e-23, nan 
14.125, 79.125, 8.388571716907131e-23, nan 
14.375, 79.125, 6.604376411478947e-23, nan 
14.625, 79.125, 5.147267444308138e-23, nan 
14.875, 79.125, 3.2028190762337785e-23, nan 
15.125, 79.125, 3.477823010788139e-23, nan 
15.375, 79.125, 4.7283392988095994e-23, nan 
15.625, 79.125, 3.2298954501677717e-23, nan 
15.875, 79.125, 4.190129008436181e-23, nan 
16.125, 79.125, 5.027765055513059e-23, nan 
16.375, 79.125, 4.582269147248926e-23, nan 
16.625, 79.125, 5.0305573303917996e-23, nan 
16.875, 79.125, 4.195438092364349e-23, nan 
17.125, 79.125, 6.501404030428798e-23, nan 
17.375, 79.125, 5.933479413413846e-23, nan 
17.625, 79.125, 3.7168949036967273e-23, nan 
17.875, 79.125, 8.827298677661771e-23, nan 
18.125, 79.125, 1.0411326720380956e-22, nan 
18.375, 79.125, 1.1066480774250592e-22, nan 
18.625, 79.125, 1.2206196202982159e-22, nan 
18.875, 79.125, 1.2461699196274753e-22, nan 
19.125, 79.125, 1.1047640167461584e-22, nan 
19.375, 79.125, 1.2295537325600686e-22, nan 
19.625, 79.125, 1.1909287078296049e-22, nan 
19.875, 79.125, 1.2930413792599815e-22, nan 
20.125, 79.125, 1.326170509952764e-22, nan 
20.375, 79.125, 9.147674276415706e-23, nan 
20.625, 79.125, 9.214548157391066e-23, nan 
20.875, 79.125, 9.177423234212976e-23, nan 
21.125, 79.125, 9.27049199732871e-23, nan 
21.375, 79.125, 9.547362879102417e-23, nan 
21.625, 79.125, 1.2222396221186668e-22, nan 
21.875, 79.125, 8.695762051749412e-23, nan 
22.125, 79.125, 8.865665402381303e-23, nan 
22.375, 79.125, 1.112463653467643e-22, nan 
22.625, 79.125, 1.0924257540125936e-22, nan 
22.875, 79.125, 1.1445751080048173e-22, nan 
23.125, 79.125, 1.1142810296729837e-22, nan 
23.375, 79.125, 1.2232876265917035e-22, nan 
23.625, 79.125, 1.4498596609176406e-22, nan 
23.875, 79.125, 1.3679634725959604e-22, nan 
24.125, 79.125, 1.0419696107076138e-22, nan 
24.375, 79.125, 9.999352300960434e-23, nan 
24.625, 79.125, 1.0457188452841784e-22, nan 
24.875, 79.125, 8.697017303189343e-23, nan 
25.125, 79.125, 1.1384511631168383e-22, nan 
25.375, 79.125, 9.098484616889237e-23, nan 
25.625, 79.125, 8.858372854433543e-23, nan 
25.875, 79.125, 1.102804282982315e-22, nan 
26.125, 79.125, 6.256003942279349e-23, nan 
26.375, 79.125, 6.444877815265571e-23, nan 
26.625, 79.125, 5.0921414421094653e-23, nan 
26.875, 79.125, 5.0019627847645584e-23, nan 
27.125, 79.125, 6.870331718052996e-23, nan 
27.375, 79.125, 6.986856645358842e-23, nan 
27.625, 79.125, 5.894973477484357e-23, nan 
27.875, 79.125, 5.2062127418483955e-23, nan 
28.125, 79.125, 4.23517989942368e-23, nan 
28.375, 79.125, 3.5268080630123766e-23, nan 
28.625, 79.125, 2.9811382957060945e-23, nan 
28.875, 79.125, 2.7378031679891163e-23, nan 
29.125, 79.125, 2.2462459120974718e-23, nan 
29.375, 79.125, 2.1210545655791457e-23, nan 
29.625, 79.125, 2.5547186041125895e-23, nan 
29.875, 79.125, 2.203816495697578e-23, nan 
30.125, 79.125, 2.185056512987261e-23, nan 
30.375, 79.125, 2.5473864713184318e-23, nan 
30.625, 79.125, 3.167610833076878e-23, nan 
30.875, 79.125, 2.799302122097559e-23, nan 
31.125, 79.125, 2.3384955159125608e-23, nan 
31.375, 79.125, 2.0652797062747956e-23, nan 
31.625, 79.125, 2.0163789462714165e-23, nan 
31.875, 79.125, 2.023728763115062e-23, nan 
32.125, 79.125, 1.9237785205712866e-23, nan 
32.375, 79.125, 1.489329345119569e-23, nan 
32.625, 79.125, 1.398931262119399e-23, nan 
32.875, 79.125, 1.325218689648621e-23, nan 
33.125, 79.125, 1.425222856292235e-23, nan 
33.375, 79.125, 1.5449712668031935e-23, nan 
33.625, 79.125, 1.3409646730668696e-23, nan 
33.875, 79.125, 1.2912266546258163e-23, nan 
34.125, 79.125, 1.2018228509702263e-23, nan 
34.375, 79.125, 8.820967028456172e-24, nan 
34.625, 79.125, 6.726732514166008e-24, nan 
34.875, 79.125, 7.866274104568942e-24, nan 
35.125, 79.125, 7.326948418750052e-24, nan 
35.375, 79.125, 6.104059092573275e-24, nan 
35.625, 79.125, 4.9396018357326425e-24, nan 
35.875, 79.125, 3.58214116653087e-24, nan 
36.125, 79.125, 2.593449273676613e-24, nan 
36.375, 79.125, 3.689866796279169e-24, nan 
36.625, 79.125, 6.0952452258568344e-24, nan 
36.875, 79.125, 3.2126439745373563e-24, nan 
37.125, 79.125, 8.996964267767793e-25, nan 
37.375, 79.125, 1.081986884633912e-24, nan 
37.625, 79.125, 3.764539482031119e-24, nan 
37.875, 79.125, 5.246266366676932e-24, nan 
38.125, 79.125, 5.474703433757245e-24, nan 
38.375, 79.125, 1.0606807507923721e-23, nan 
38.625, 79.125, 8.07469692384862e-24, nan 
38.875, 79.125, 4.612500375952295e-24, nan 
39.125, 79.125, 4.365107509702859e-24, nan 
39.375, 79.125, 1.1069275455009815e-23, nan 
39.625, 79.125, 6.283607248225507e-24, nan 
39.875, 79.125, 6.531047018441005e-24, nan 
40.125, 79.125, 3.195100103939651e-24, nan 
40.375, 79.125, 2.9450985555280856e-24, nan 
40.625, 79.125, 4.842948410658153e-24, nan 
40.875, 79.125, 7.964016779536751e-24, nan 
41.125, 79.125, 4.8267547080033525e-24, nan 
41.375, 79.125, 6.783945789933049e-24, nan 
41.625, 79.125, 4.0603145922285644e-24, nan 
41.875, 79.125, 5.042035475022583e-24, nan 
42.125, 79.125, 8.232203937354383e-24, nan 
42.375, 79.125, 3.909819867305768e-24, nan 
42.625, 79.125, 7.305952519021579e-24, nan 
42.875, 79.125, 7.062728136305692e-24, nan 
43.125, 79.125, 6.656200417764218e-24, nan 
43.375, 79.125, 4.093916052520795e-24, nan 
43.625, 79.125, 3.0048986383949555e-24, nan 
43.875, 79.125, 6.860866612135786e-24, nan 
44.125, 79.125, 6.258582767427015e-24, nan 
44.375, 79.125, 6.559900529598763e-24, nan 
44.625, 79.125, 3.9522021100736985e-24, nan 
44.875, 79.125, 4.970261671270101e-24, nan 
45.125, 79.125, 6.857908579697358e-24, nan 
45.375, 79.125, 4.74009820100994e-24, nan 
45.625, 79.125, 1.190657137663587e-23, nan 
45.875, 79.125, 9.459111010256776e-24, nan 
46.125, 79.125, 1.2053734333049158e-23, nan 
46.375, 79.125, 1.1351810876683643e-23, nan 
46.625, 79.125, 4.853525025320603e-24, nan 
46.875, 79.125, 7.293368471669338e-24, nan 
47.125, 79.125, 1.0440367836368252e-23, nan 
47.375, 79.125, 1.144648076010119e-23, nan 
47.625, 79.125, 1.2525835121040397e-23, nan 
47.875, 79.125, 1.1525217991223778e-23, nan 
48.125, 79.125, 1.3464356132661307e-23, nan 
48.375, 79.125, 1.7847717426084082e-23, nan 
48.625, 79.125, 2.4362850084731177e-23, nan 
48.875, 79.125, 2.4124562392429194e-23, nan 
49.125, 79.125, 1.6099753126733647e-23, nan 
49.375, 79.125, 2.9179785668663057e-23, nan 
49.625, 79.125, 3.3676050449146024e-23, nan 
49.875, 79.125, 2.313349648291325e-23, nan 
50.125, 79.125, 1.6022806855215268e-23, nan 
50.375, 79.125, 7.960556088132938e-24, nan 
50.625, 79.125, 8.335371987496413e-24, nan 
50.875, 79.125, 7.040911842648207e-24, nan 
51.125, 79.125, 7.578393641968968e-24, nan 
51.375, 79.125, 1.2528183398377166e-23, nan 
51.625, 79.125, 1.075793480328277e-23, nan 
51.875, 79.125, 1.3509762377612768e-23, nan 
52.125, 79.125, 7.849267643350492e-24, nan 
52.375, 79.125, 1.384711754295475e-23, nan 
52.625, 79.125, 1.3007131599673998e-23, nan 
52.875, 79.125, 1.266065044392783e-23, nan 
53.125, 79.125, 1.404707805705991e-23, nan 
53.375, 79.125, 1.3224268353673527e-23, nan 
53.625, 79.125, 1.8558969980679683e-23, nan 
53.875, 79.125, 2.3606564419021648e-23, nan 
54.125, 79.125, 3.0655911037362196e-23, nan 
54.375, 79.125, 2.1956924569288485e-23, nan 
54.625, 79.125, 1.874931926886627e-23, nan 
54.875, 79.125, 1.8524916454318182e-23, nan 
55.125, 79.125, 2.6808600886543455e-23, nan 
55.375, 79.125, 4.5961385559338576e-23, nan 
55.625, 79.125, 2.4838380333071456e-23, nan 
55.875, 79.125, 1.7609272083974725e-23, nan 
56.125, 79.125, 7.766777324312198e-24, nan 
56.375, 79.125, 1.0248841382608204e-23, nan 
56.625, 79.125, 2.718158938905045e-23, nan 
56.875, 79.125, 3.8364811174106036e-23, nan 
57.125, 79.125, 9.169611817227114e-23, nan 
57.375, 79.125, 9.352557742919022e-23, nan 
57.625, 79.125, 9.019348135377813e-23, nan 
57.875, 79.125, 8.113764031447916e-23, nan 
58.125, 79.125, 9.450153601287804e-23, nan 
58.375, 79.125, 1.6320616423041153e-22, nan 
58.625, 79.125, 2.375413844391286e-22, nan 
58.875, 79.125, 1.8730965343306809e-22, nan 
59.125, 79.125, 2.6156481507358605e-22, nan 
59.375, 79.125, 3.3936998329841196e-22, nan 
59.625, 79.125, 5.820786006292706e-22, nan 
59.875, 79.125, 1.0329096844532266e-21, nan 
60.125, 79.125, 5.317669386636834e-22, nan 
60.375, 79.125, 5.587401601761227e-22, nan 
60.625, 79.125, 9.313751429112965e-22, nan 
60.875, 79.125, 1.3182503789373522e-21, nan 
61.125, 79.125, 1.9601968440162494e-21, nan 
61.375, 79.125, 1.3439373529348731e-21, nan 
61.625, 79.125, 6.678188658647929e-22, nan 
61.875, 79.125, 8.20413193136913e-22, nan 
62.125, 79.125, 1.0699064153707226e-21, nan 
62.375, 79.125, 1.2552484587162275e-21, nan 
62.625, 79.125, 9.670915383641982e-22, nan 
62.875, 79.125, 4.5485002241841325e-22, nan 
63.125, 79.125, 3.363704562523226e-22, nan 
63.375, 79.125, 4.305587546247606e-22, nan 
63.625, 79.125, 3.615241025822102e-22, nan 
63.875, 79.125, 3.438804791261012e-22, nan 
64.125, 79.125, 2.4480884006987523e-22, nan 
64.375, 79.125, 2.2122078870809836e-22, nan 
64.625, 79.125, 1.5939689064717217e-22, nan 
64.875, 79.125, 1.1153339686575506e-22, nan 
65.125, 79.125, 9.795519842461083e-23, nan 
65.375, 79.125, 7.315057522316262e-23, nan 
65.625, 79.125, 5.295707348041831e-23, nan 
65.875, 79.125, 3.6628961780413894e-23, nan 
66.125, 79.125, 4.415085068340644e-23, nan 
66.375, 79.125, 5.974131153075333e-23, nan 
66.625, 79.125, 9.236032831302297e-23, nan 
66.875, 79.125, 6.633458454013525e-23, nan 
67.125, 79.125, 7.285032290104058e-23, nan 
67.375, 79.125, 6.712169146939875e-23, nan 
67.625, 79.125, 8.635604218947489e-23, nan 
67.875, 79.125, 6.968711225827624e-23, nan 
68.125, 79.125, 6.528990534120629e-23, nan 
68.375, 79.125, 6.191618628950723e-23, nan 
68.625, 79.125, 7.006053006855938e-23, nan 
68.875, 79.125, 1.2105579795778146e-22, nan 
69.125, 79.125, 1.3831604924895127e-22, nan 
69.375, 79.125, 9.242071253345364e-23, nan 
69.625, 79.125, 5.90612372691834e-23, nan 
69.875, 79.125, 6.978420346789455e-23, nan 
70.125, 79.125, 8.109022799888579e-23, nan 
70.375, 79.125, 6.462702627314399e-23, nan 
70.625, 79.125, 5.758466755019184e-23, nan 
70.875, 79.125, 7.108566554590131e-23, nan 
71.125, 79.125, 6.706945742568111e-23, nan 
71.375, 79.125, 7.349167421023693e-23, nan 
71.625, 79.125, 3.2486131419114454e-23, nan 
71.875, 79.125, 8.884712860186562e-23, nan 
72.125, 79.125, 7.387298746789858e-23, nan 
72.375, 79.125, 7.081216318766928e-23, nan 
72.625, 79.125, 8.939268969002566e-23, nan 
72.875, 79.125, 4.065792926971931e-23, nan 
73.125, 79.125, 9.61805361917658e-23, nan 
73.375, 79.125, 2.2399708769378946e-22, nan 
73.625, 79.125, 1.482798578732016e-22, nan 
73.875, 79.125, 1.3988484464877918e-22, nan 
74.125, 79.125, 1.6621382519218463e-22, nan 
74.375, 79.125, 1.708179319864697e-22, nan 
74.625, 79.125, 2.390216559968938e-22, nan 
74.875, 79.125, 2.0475583066346167e-22, nan 
75.125, 79.125, 1.8780750689989081e-22, nan 
75.375, 79.125, 2.1863486721656634e-22, nan 
75.625, 79.125, 1.991874625683691e-22, nan 
75.875, 79.125, 2.4676307378420443e-22, nan 
76.125, 79.125, 3.4442036748283196e-22, nan 
76.375, 79.125, 3.595231804988418e-22, nan 
76.625, 79.125, 2.660195964122164e-22, nan 
76.875, 79.125, 2.3027848744710624e-22, nan 
77.125, 79.125, 1.5099685128504007e-22, nan 
77.375, 79.125, 6.641131362918548e-23, nan 
77.625, 79.125, 7.45476356581629e-23, nan 
77.875, 79.125, 2.040581603013765e-22, nan 
78.125, 79.125, 9.309730031269624e-23, nan 
78.375, 79.125, 1.0361810661275654e-22, nan 
78.625, 79.125, 1.3155003875261798e-22, nan 
78.875, 79.125, 1.7817963042120173e-22, nan 
79.125, 79.125, 1.9872918503543764e-22, nan 
79.375, 79.125, 7.020914340212684e-23, nan 
79.625, 79.125, 9.592622039380967e-23, nan 
79.875, 79.125, 8.457698930156013e-23, nan 
80.125, 79.125, 1.6931558550299511e-22, nan 
80.375, 79.125, 2.229190825582535e-22, nan 
80.625, 79.125, 2.3724166261576955e-22, nan 
80.875, 79.125, 1.7782014174115152e-22, nan 
81.125, 79.125, 1.2823117036572473e-22, nan 
81.375, 79.125, 2.821213588361384e-22, nan 
81.625, 79.125, 3.9159486107218027e-22, nan 
81.875, 79.125, 2.230974281440443e-22, nan 
82.125, 79.125, 1.3595271093855328e-22, nan 
82.375, 79.125, 1.3193067033492538e-22, nan 
82.625, 79.125, 1.6360211760349245e-22, nan 
82.875, 79.125, 1.3083859102969876e-22, nan 
83.125, 79.125, 6.023733870139014e-23, nan 
83.375, 79.125, 1.5042750116043752e-22, nan 
83.625, 79.125, 1.8221598206098112e-22, nan 
83.875, 79.125, 2.0425742019772165e-22, nan 
84.125, 79.125, 2.2705030481546117e-22, nan 
84.375, 79.125, 2.0618846977101194e-22, nan 
84.625, 79.125, 2.896282670573053e-22, nan 
84.875, 79.125, 4.6656156641619835e-22, nan 
85.125, 79.125, 2.386109242137271e-22, nan 
85.375, 79.125, 2.6347724390887563e-22, nan 
85.625, 79.125, 1.9294560553859023e-22, nan 
85.875, 79.125, 3.145781164165548e-22, nan 
86.125, 79.125, 4.245316809994969e-22, nan 
86.375, 79.125, 2.3258784704706936e-22, nan 
86.625, 79.125, 1.7079485919753652e-22, nan 
86.875, 79.125, 1.1674313870171102e-22, nan 
87.125, 79.125, 2.1760364386077514e-22, nan 
87.375, 79.125, 2.6413877898268886e-22, nan 
87.625, 79.125, 2.0044547621468313e-22, nan 
87.875, 79.125, 2.2816750319191297e-22, nan 
88.125, 79.125, 1.8489785076759893e-22, nan 
88.375, 79.125, 2.6996449843805136e-22, nan 
88.625, 79.125, 3.226736960706284e-22, nan 
88.875, 79.125, 4.135394713110901e-22, nan 
89.125, 79.125, 4.752002676835172e-22, nan 
89.375, 79.125, 4.94416217201206e-22, nan 
89.625, 79.125, 5.724775735688866e-22, nan 
89.875, 79.125, 4.812610011769449e-22, nan 
90.125, 79.125, 5.807235855533273e-22, nan 
90.375, 79.125, 5.455889167191628e-22, nan 
90.625, 79.125, 5.622374460778498e-22, nan 
90.875, 79.125, 7.035488718826177e-22, nan 
91.125, 79.125, 5.86200216675469e-22, nan 
91.375, 79.125, 8.338236342737247e-22, nan 
91.625, 79.125, 9.548106943072875e-22, nan 
91.875, 79.125, 1.0210892151825288e-21, nan 
92.125, 79.125, 8.407160046492532e-22, nan 
92.375, 79.125, 6.941607781428502e-22, nan 
92.625, 79.125, 1.0361764831443897e-21, nan 
92.875, 79.125, 1.6934680617854428e-21, nan 
93.125, 79.125, 1.5051294294973785e-21, nan 
93.375, 79.125, 9.36610765461721e-22, nan 
93.625, 79.125, 7.552076281262177e-22, nan 
93.875, 79.125, 9.828080857700583e-22, nan 
94.125, 79.125, 1.241095742249776e-21, nan 
94.375, 79.125, 1.5364044699141617e-21, nan 
94.625, 79.125, 1.3736351297404476e-21, nan 
94.875, 79.125, 1.2128625155720033e-21, nan 
95.125, 79.125, 1.0588353444525135e-21, nan 
95.375, 79.125, 9.658316192702268e-22, nan 
95.625, 79.125, 1.0589264565450162e-21, nan 
95.875, 79.125, 1.1982696107336004e-21, nan 
96.125, 79.125, 1.1069823831632691e-21, nan 
96.375, 79.125, 1.105149925725696e-21, nan 
96.625, 79.125, 1.0805724793662238e-21, nan 
96.875, 79.125, 1.0490257854070812e-21, nan 
97.125, 79.125, 9.796973900126088e-22, nan 
97.375, 79.125, 6.441725082748543e-22, nan 
97.625, 79.125, 5.997078272806669e-22, nan 
97.875, 79.125, 8.921495394447806e-22, nan 
98.125, 79.125, 9.727953626272538e-22, nan 
98.375, 79.125, 1.0794950825752962e-21, nan 
98.625, 79.125, 1.2751106956305971e-21, nan 
98.875, 79.125, 1.2281083718294184e-21, nan 
99.125, 79.125, 1.0643971797271145e-21, nan 
99.375, 79.125, 9.416382684606178e-22, nan 
99.625, 79.125, 9.819986948428797e-22, nan 
99.875, 79.125, 1.2104092803151007e-21, nan 
100.125, 79.125, 1.5260515757894855e-21, nan 
100.375, 79.125, 1.0185844800686558e-21, nan 
100.625, 79.125, 5.307804824742423e-22, nan 
100.875, 79.125, 6.714683898937669e-22, nan 
101.125, 79.125, 6.133442433301439e-22, nan 
101.375, 79.125, 9.71808341315829e-22, nan 
101.625, 79.125, 1.0268308259526116e-21, nan 
101.875, 79.125, 6.31055652082596e-22, nan 
102.125, 79.125, 7.995027242102186e-22, nan 
102.375, 79.125, 9.904259718296807e-22, nan 
102.625, 79.125, 1.7983144535677353e-21, nan 
102.875, 79.125, 2.694305322661611e-21, nan 
103.125, 79.125, 2.303026785819082e-21, nan 
103.375, 79.125, 3.901267335709345e-21, nan 
103.625, 79.125, 3.793271595084794e-21, nan 
103.875, 79.125, 2.8081530361707933e-21, nan 
104.125, 79.125, 2.5739096114019427e-21, nan 
104.375, 79.125, 2.742067471213642e-21, nan 
104.625, 79.125, 2.677424234726631e-21, nan 
104.875, 79.125, 4.062866096162714e-21, nan 
105.125, 79.125, 3.553183802761822e-21, nan 
105.375, 79.125, 3.572028201305896e-21, nan 
105.625, 79.125, 4.407733437404641e-21, nan 
105.875, 79.125, 1.3734606437196146e-21, nan 
106.125, 79.125, 1.5800676496998066e-21, nan 
106.375, 79.125, 2.3353107761572032e-21, nan 
106.625, 79.125, 4.218650465831388e-21, nan 
106.875, 79.125, 5.571459680807385e-21, nan 
107.125, 79.125, 2.8427725895811874e-21, nan 
107.375, 79.125, 3.1119673338257693e-21, nan 
107.625, 79.125, 4.680728407957987e-21, nan 
107.875, 79.125, 4.832182832033992e-21, nan 
108.125, 79.125, 4.784970749787993e-21, nan 
108.375, 79.125, 3.2251328481034027e-21, nan 
108.625, 79.125, 2.450849877004314e-21, nan 
108.875, 79.125, 2.8627674658055425e-21, nan 
109.125, 79.125, 4.059155930809651e-21, nan 
109.375, 79.125, 6.2814397597712334e-21, nan 
109.625, 79.125, 1.0021648697595764e-20, nan 
109.875, 79.125, 1.0811593516988354e-20, nan 
110.125, 79.125, 9.078919653713702e-21, nan 
110.375, 79.125, 6.7358050002895054e-21, nan 
110.625, 79.125, 8.565329307081718e-21, nan 
110.875, 79.125, 1.367912102856111e-20, nan 
111.125, 79.125, 1.4722482604655252e-20, nan 
111.375, 79.125, 1.2472712320082132e-20, nan 
111.625, 79.125, 5.9741080996843786e-21, nan 
111.875, 79.125, 3.855082909453586e-21, nan 
112.125, 79.125, 5.504068907297326e-21, nan 
112.375, 79.125, 6.215598456165726e-21, nan 
112.625, 79.125, 5.8879104179363185e-21, nan 
112.875, 79.125, 4.007702139716641e-21, nan 
113.125, 79.125, 4.749634965778822e-21, nan 
113.375, 79.125, 5.1269985226719e-21, nan 
113.625, 79.125, 4.601600244614883e-21, nan 
113.875, 79.125, 3.703567205541716e-21, nan 
114.125, 79.125, 3.905288940702775e-21, nan 
114.375, 79.125, 5.148460487146342e-21, nan 
114.625, 79.125, 7.425376012166351e-21, nan 
114.875, 79.125, 6.578627015274971e-21, nan 
115.125, 79.125, 3.597091510000068e-21, nan 
115.375, 79.125, 3.2738449636708187e-21, nan 
115.625, 79.125, 3.894677009688142e-21, nan 
115.875, 79.125, 4.610288642747444e-21, nan 
116.125, 79.125, 4.774558045365373e-21, nan 
116.375, 79.125, 2.521213391602692e-21, nan 
116.625, 79.125, 2.6204224335654632e-21, nan 
116.875, 79.125, 3.660179277264626e-21, nan 
117.125, 79.125, 6.864718552257652e-21, nan 
117.375, 79.125, 6.765642106598338e-21, nan 
117.625, 79.125, 7.261723276199232e-21, nan 
117.875, 79.125, 7.53056646555155e-21, nan 
118.125, 79.125, 6.771325954602881e-21, nan 
118.375, 79.125, 6.957844866903671e-21, nan 
118.625, 79.125, 5.981932437039866e-21, nan 
118.875, 79.125, 5.746306924800844e-21, nan 
119.125, 79.125, 5.119433748969531e-21, nan 
119.375, 79.125, 4.845974611276638e-21, nan 
119.625, 79.125, 4.161783585556609e-21, nan 
119.875, 79.125, 3.555784982386652e-21, nan 
120.125, 79.125, 4.230949915790041e-21, nan 
120.375, 79.125, 4.339830050039865e-21, nan 
120.625, 79.125, 2.676470111415218e-21, nan 
120.875, 79.125, 1.9391482297158226e-21, nan 
121.125, 79.125, 2.254706457062647e-21, nan 
121.375, 79.125, 3.420975074369862e-21, nan 
121.625, 79.125, 3.59021538961818e-21, nan 
121.875, 79.125, 4.1141792023303e-21, nan 
122.125, 79.125, 5.901406129007771e-21, nan 
122.375, 79.125, 8.142587690395356e-21, nan 
122.625, 79.125, 7.337161574344494e-21, nan 
122.875, 79.125, 6.774999356350256e-21, nan 
123.125, 79.125, 6.2292964497573295e-21, nan 
123.375, 79.125, 6.7198388720372985e-21, nan 
123.625, 79.125, 7.132135813638231e-21, nan 
123.875, 79.125, 7.380994741650805e-21, nan 
124.125, 79.125, 6.533374682687371e-21, nan 
124.375, 79.125, 5.827694323148452e-21, nan 
124.625, 79.125, 5.631604628788518e-21, nan 
124.875, 79.125, 5.7642821381783284e-21, nan 
125.125, 79.125, 5.699875918620403e-21, nan 
125.375, 79.125, 5.607800793527336e-21, nan 
125.625, 79.125, 4.989837022417516e-21, nan 
125.875, 79.125, 4.2604989596679505e-21, nan 
126.125, 79.125, 5.655008804777865e-21, nan 
126.375, 79.125, 4.221848702452027e-21, nan 
126.625, 79.125, 4.5997043686814255e-21, nan 
126.875, 79.125, 4.420617293282156e-21, nan 
127.125, 79.125, 3.0355092937597196e-21, nan 
127.375, 79.125, 4.0445042859588865e-21, nan 
127.625, 79.125, 5.429837912003627e-21, nan 
127.875, 79.125, 4.8528968308108695e-21, nan 
128.125, 79.125, 4.39879474204618e-21, nan 
128.375, 79.125, 4.601622523223812e-21, nan 
128.625, 79.125, 5.058186283785897e-21, nan 
128.875, 79.125, 5.661576644121822e-21, nan 
129.125, 79.125, 6.197091962654994e-21, nan 
129.375, 79.125, 6.216009720058088e-21, nan 
129.625, 79.125, 8.958208908973164e-21, nan 
129.875, 79.125, 9.506608520574174e-21, nan 
130.125, 79.125, 7.54099074718968e-21, nan 
130.375, 79.125, 6.06016692896291e-21, nan 
130.625, 79.125, 4.413668218670541e-21, nan 
130.875, 79.125, 5.416807316389875e-21, nan 
131.125, 79.125, 6.416481656388124e-21, nan 
131.375, 79.125, 5.259125986834055e-21, nan 
131.625, 79.125, 3.973834579728277e-21, nan 
131.875, 79.125, 2.4431153056995753e-21, nan 
132.125, 79.125, 1.4354271596357079e-21, nan 
132.375, 79.125, 1.3345223572297027e-21, nan 
132.625, 79.125, 1.6271307668478138e-21, nan 
132.875, 79.125, 1.3119218805698397e-21, nan 
133.125, 79.125, 1.931798378471784e-21, nan 
133.375, 79.125, 1.4819506048827408e-21, nan 
133.625, 79.125, 1.3691546961334953e-21, nan 
133.875, 79.125, 2.3672498456180808e-21, nan 
134.125, 79.125, 2.5947288145654743e-21, nan 
134.375, 79.125, 2.0646932545626177e-21, nan 
134.625, 79.125, 1.5102380544640996e-21, nan 
134.875, 79.125, 1.512909222593949e-21, nan 
135.125, 79.125, 9.948763899474454e-22, nan 
135.375, 79.125, 1.0565563137407004e-21, nan 
135.625, 79.125, 1.0156607592119985e-21, nan 
135.875, 79.125, 1.072730020606019e-21, nan 
136.125, 79.125, 9.219645874566786e-22, nan 
136.375, 79.125, 7.82231679205939e-22, nan 
136.625, 79.125, 6.346216654367386e-22, nan 
136.875, 79.125, 4.697567171011036e-22, nan 
137.125, 79.125, 2.3726537315484397e-22, nan 
137.375, 79.125, 4.560546796085345e-22, nan 
137.625, 79.125, 4.214040920995635e-22, nan 
137.875, 79.125, 3.8279428072473367e-22, nan 
138.125, 79.125, 4.754740768764938e-22, nan 
138.375, 79.125, 4.61569996929359e-22, nan 
138.625, 79.125, 2.9806616721082037e-22, nan 
138.875, 79.125, 3.854259582068294e-22, nan 
139.125, 79.125, 4.586721279138177e-22, nan 
139.375, 79.125, 4.655852245945744e-22, nan 
139.625, 79.125, 5.103789724463139e-22, nan 
139.875, 79.125, 5.398011725427369e-22, nan 
140.125, 79.125, 7.374189549517279e-22, nan 
140.375, 79.125, 6.018848834398976e-22, nan 
140.625, 79.125, 5.748490677917873e-22, nan 
140.875, 79.125, 5.711916770718766e-22, nan 
141.125, 79.125, 5.525948693645068e-22, nan 
141.375, 79.125, 5.453684087554566e-22, nan 
141.625, 79.125, 4.585906097367114e-22, nan 
141.875, 79.125, 5.495218513545186e-22, nan 
142.125, 79.125, 5.25549313660467e-22, nan 
142.375, 79.125, 5.59600201798529e-22, nan 
142.625, 79.125, 5.787470895081051e-22, nan 
142.875, 79.125, 5.123835363436166e-22, nan 
143.125, 79.125, 4.438539431254913e-22, nan 
143.375, 79.125, 4.327544154652805e-22, nan 
143.625, 79.125, 4.1048808058937677e-22, nan 
143.875, 79.125, 4.195832609752642e-22, nan 
144.125, 79.125, 4.876674209630883e-22, nan 
144.375, 79.125, 5.545860154244941e-22, nan 
144.625, 79.125, 6.207696437385036e-22, nan 
144.875, 79.125, 6.311263553383882e-22, nan 
145.125, 79.125, 5.85539512500917e-22, nan 
145.375, 79.125, 4.9590829432835285e-22, nan 
145.625, 79.125, 4.9638573710975075e-22, nan 
145.875, 79.125, 4.934371218519539e-22, nan 
146.125, 79.125, 5.191026811182765e-22, nan 
146.375, 79.125, 4.700583428670455e-22, nan 
146.625, 79.125, 4.1191680908011695e-22, nan 
146.875, 79.125, 3.4174944666745847e-22, nan 
147.125, 79.125, 2.9330268130263932e-22, nan 
147.375, 79.125, 2.6744406277548785e-22, nan 
147.625, 79.125, 1.913521409771327e-22, nan 
147.875, 79.125, 1.1279731017840294e-22, nan 
148.125, 79.125, 1.7936066492117378e-22, nan 
148.375, 79.125, 1.991274461483883e-22, nan 
148.625, 79.125, 8.433249559109463e-23, nan 
148.875, 79.125, 1.2069861268445763e-22, nan 
149.125, 79.125, 1.7268341498442912e-22, nan 
149.375, 79.125, 2.128165777704622e-22, nan 
149.625, 79.125, 1.1839334205746907e-22, nan 
149.875, 79.125, 1.5232947863925003e-22, nan 
150.125, 79.125, 6.458638513468654e-23, nan 
150.375, 79.125, 1.4787081563243572e-22, nan 
150.625, 79.125, 1.675082282338147e-22, nan 
150.875, 79.125, 1.5765260584436271e-22, nan 
151.125, 79.125, 1.898857227380629e-22, nan 
151.375, 79.125, 4.922412279209508e-23, nan 
151.625, 79.125, 2.2294236968281187e-22, nan 
151.875, 79.125, 2.3720210706601663e-22, nan 
152.125, 79.125, 3.462746156355093e-22, nan 
152.375, 79.125, 3.3415825275127966e-22, nan 
152.625, 79.125, 1.076393506299829e-22, nan 
152.875, 79.125, 3.1138415810638185e-22, nan 
153.125, 79.125, 2.570965975165692e-22, nan 
153.375, 79.125, 3.5327216174205216e-22, nan 
153.625, 79.125, 3.1216810314078322e-22, nan 
153.875, 79.125, 1.8077170730973485e-22, nan 
154.125, 79.125, 2.174543221632086e-22, nan 
154.375, 79.125, 1.8111859907707595e-22, nan 
154.625, 79.125, 1.7424360484276852e-22, nan 
154.875, 79.125, 4.15119493680587e-23, nan 
155.125, 79.125, 1.2530162027764584e-22, nan 
155.375, 79.125, 2.1514980145644146e-22, nan 
155.625, 79.125, 1.5664621605661805e-22, nan 
155.875, 79.125, 1.962031013622863e-22, nan 
156.125, 79.125, 1.5527722174748516e-22, nan 
156.375, 79.125, 1.7006916860994684e-22, nan 
156.625, 79.125, 1.780316265145426e-22, nan 
156.875, 79.125, 2.1337706308089006e-22, nan 
157.125, 79.125, 2.0142426885805263e-22, nan 
157.375, 79.125, 1.8669698847234098e-22, nan 
157.625, 79.125, 1.80514806174922e-22, nan 
157.875, 79.125, 1.845810492150242e-22, nan 
158.125, 79.125, 1.853488183363118e-22, nan 
158.375, 79.125, 1.6238342696667445e-22, nan 
158.625, 79.125, 1.295419777443655e-22, nan 
158.875, 79.125, 1.1130337600188443e-22, nan 
159.125, 79.125, 1.2206478521729038e-22, nan 
159.375, 79.125, 1.4439720015810216e-22, nan 
159.625, 79.125, 1.3663235360143843e-22, nan 
159.875, 79.125, 8.360326769522576e-23, nan 
160.125, 79.125, 9.896042030791396e-23, nan 
160.375, 79.125, 1.1092883496273346e-22, nan 
160.625, 79.125, 8.382381742823368e-23, nan 
160.875, 79.125, 6.746575249675962e-23, nan 
161.125, 79.125, 7.438876433520422e-23, nan 
161.375, 79.125, 8.425764668201435e-23, nan 
161.625, 79.125, 7.170682782924636e-23, nan 
161.875, 79.125, 5.415386674997321e-23, nan 
162.125, 79.125, 6.187485016455712e-23, nan 
162.375, 79.125, 4.214629686805536e-23, nan 
162.625, 79.125, 4.861891366096927e-23, nan 
162.875, 79.125, 8.822443664807297e-23, nan 
163.125, 79.125, 1.0217989665955295e-22, nan 
163.375, 79.125, 7.138252810316417e-23, nan 
163.625, 79.125, 1.5118802135584518e-23, nan 
163.875, 79.125, 6.61650428476657e-23, nan 
164.125, 79.125, 1.530068973902283e-22, nan 
164.375, 79.125, 1.6887205599420189e-22, nan 
164.625, 79.125, 8.555092399514845e-23, nan 
164.875, 79.125, 3.179944737595917e-23, nan 
165.125, 79.125, 5.028859284624548e-23, nan 
165.375, 79.125, 9.307156323801743e-23, nan 
165.625, 79.125, 1.0384306701714762e-22, nan 
165.875, 79.125, 6.049860320691673e-23, nan 
166.125, 79.125, 3.772864408248631e-23, nan 
166.375, 79.125, 2.5861629533957683e-23, nan 
166.625, 79.125, 2.7879345353450565e-23, nan 
166.875, 79.125, 4.738056803289602e-23, nan 
167.125, 79.125, 3.1983547834032254e-23, nan 
167.375, 79.125, 2.065395669903223e-23, nan 
167.625, 79.125, 2.077462908529454e-23, nan 
167.875, 79.125, 1.9000537020432518e-23, nan 
168.125, 79.125, 2.0550341009335598e-23, nan 
168.375, 79.125, 1.65965876791448e-23, nan 
168.625, 79.125, 1.5683416335772e-23, nan 
168.875, 79.125, 2.0167366680029944e-23, nan 
169.125, 79.125, 2.1785564141826012e-23, nan 
169.375, 79.125, 2.7159042508899903e-23, nan 
169.625, 79.125, 2.51739960357544e-23, nan 
169.875, 79.125, 2.1539730385852903e-23, nan 
170.125, 79.125, 2.6946009229007393e-23, nan 
170.375, 79.125, 2.8111201457426616e-23, nan 
170.625, 79.125, 2.9752362730517786e-23, nan 
170.875, 79.125, 3.037194516829898e-23, nan 
171.125, 79.125, 3.0089511452812937e-23, nan 
171.375, 79.125, 3.452602445235164e-23, nan 
171.625, 79.125, 3.667514590335842e-23, nan 
171.875, 79.125, 2.764119458465754e-23, nan 
172.125, 79.125, 2.5756850950832863e-23, nan 
172.375, 79.125, 3.274524204199214e-23, nan 
172.625, 79.125, 4.431985019871513e-23, nan 
172.875, 79.125, 5.00811278698989e-23, nan 
173.125, 79.125, 5.0726619614037804e-23, nan 
173.375, 79.125, 4.2349510307631284e-23, nan 
173.625, 79.125, 3.817882089421589e-23, nan 
173.875, 79.125, 4.165739578321743e-23, nan 
174.125, 79.125, 5.035959013916962e-23, nan 
174.375, 79.125, 4.7358233329797035e-23, nan 
174.625, 79.125, 4.0955158222969255e-23, nan 
174.875, 79.125, 3.5176242928570765e-23, nan 
175.125, 79.125, 4.3163128689451326e-23, nan 
175.375, 79.125, 5.166721586892695e-23, nan 
175.625, 79.125, 4.658052769695884e-23, nan 
175.875, 79.125, 4.761708700367587e-23, nan 
176.125, 79.125, 4.6583039165546667e-23, nan 
176.375, 79.125, 4.008726589040575e-23, nan 
176.625, 79.125, 4.402173034120925e-23, nan 
176.875, 79.125, 3.2126285430248907e-23, nan 
177.125, 79.125, 3.6187985604570077e-23, nan 
177.375, 79.125, 2.846062571943614e-23, nan 
177.625, 79.125, 3.632835605625448e-23, nan 
177.875, 79.125, 3.445632507151574e-23, nan 
178.125, 79.125, 3.3868936960658976e-23, nan 
178.375, 79.125, 3.53391572606024e-23, nan 
178.625, 79.125, 4.1060299875043294e-23, nan 
178.875, 79.125, 3.923426330102142e-23, nan 
179.125, 79.125, 4.3534998278921364e-23, nan 
179.375, 79.125, 3.6573179026557376e-23, nan 
179.625, 79.125, 4.2797958885539715e-23, nan 
179.875, 79.125, 3.4465503336635794e-23, nan 
-179.875, 79.375, 4.259290250856218e-23, nan 
-179.625, 79.375, 4.487510528718292e-23, nan 
-179.375, 79.375, 4.623914756567539e-23, nan 
-179.125, 79.375, 5.1260829271479965e-23, nan 
-178.875, 79.375, 4.407465591862862e-23, nan 
-178.625, 79.375, 4.495836211202803e-23, nan 
-178.375, 79.375, 5.0245668815530655e-23, nan 
-178.125, 79.375, 5.443694784004286e-23, nan 
-177.875, 79.375, 4.287231008095542e-23, nan 
-177.625, 79.375, 3.580428245201867e-23, nan 
-177.375, 79.375, 3.4426398832724124e-23, nan 
-177.125, 79.375, 3.702595525110253e-23, nan 
-176.875, 79.375, 3.7939811655941214e-23, nan 
-176.625, 79.375, 2.390662723416191e-23, nan 
-176.375, 79.375, 3.703952395654154e-23, nan 
-176.125, 79.375, 3.765267473107493e-23, nan 
-175.875, 79.375, 2.678808417417406e-23, nan 
-175.625, 79.375, 2.7265671149071465e-23, nan 
-175.375, 79.375, 3.687183097718234e-23, nan 
-175.125, 79.375, 2.9738476428889916e-23, nan 
-174.875, 79.375, 3.5477824187677816e-23, nan 
-174.625, 79.375, 3.4266625278909436e-23, nan 
-174.375, 79.375, 3.010145388097782e-23, nan 
-174.125, 79.375, 3.3141978317611343e-23, nan 
-173.875, 79.375, 3.3032198483777246e-23, nan 
-173.625, 79.375, 3.447124591225137e-23, nan 
-173.375, 79.375, 3.094532727637397e-23, nan 
-173.125, 79.375, 2.9420469103088023e-23, nan 
-172.875, 79.375, 3.0915615724129355e-23, nan 
-172.625, 79.375, 3.1657802642539143e-23, nan 
-172.375, 79.375, 3.2103545156797935e-23, nan 
-172.125, 79.375, 3.442971515470076e-23, nan 
-171.875, 79.375, 3.237226817271384e-23, nan 
-171.625, 79.375, 3.51675170828721e-23, nan 
-171.375, 79.375, 3.053495620197217e-23, nan 
-171.125, 79.375, 3.2473663245262026e-23, nan 
-170.875, 79.375, 3.054440204412742e-23, nan 
-170.625, 79.375, 3.315209213950374e-23, nan 
-170.375, 79.375, 3.10973474528503e-23, nan 
-170.125, 79.375, 3.347869825857462e-23, nan 
-169.875, 79.375, 2.8743780836664474e-23, nan 
-169.625, 79.375, 2.973923728050902e-23, nan 
-169.375, 79.375, 2.9845315020182043e-23, nan 
-169.125, 79.375, 2.8466255143994934e-23, nan 
-168.875, 79.375, 2.7710471194729483e-23, nan 
-168.625, 79.375, 2.8634398389109347e-23, nan 
-168.375, 79.375, 2.9989125623859335e-23, nan 
-168.125, 79.375, 2.5148601788466915e-23, nan 
-167.875, 79.375, 2.7062738752558153e-23, nan 
-167.625, 79.375, 2.441000068487545e-23, nan 
-167.375, 79.375, 2.6407046698042687e-23, nan 
-167.125, 79.375, 2.851736393540929e-23, nan 
-166.875, 79.375, 2.4994098329714627e-23, nan 
-166.625, 79.375, 1.9777563621633094e-23, nan 
-166.375, 79.375, 2.5210695965484495e-23, nan 
-166.125, 79.375, 2.489166896410459e-23, nan 
-165.875, 79.375, 2.272498787516808e-23, nan 
-165.625, 79.375, 1.7609578669667704e-23, nan 
-165.375, 79.375, 2.2624128216369696e-23, nan 
-165.125, 79.375, 2.043280100127229e-23, nan 
-164.875, 79.375, 2.1496228240526588e-23, nan 
-164.625, 79.375, 1.4949846932012192e-23, nan 
-164.375, 79.375, 2.0101162660689697e-23, nan 
-164.125, 79.375, 1.9351747939102504e-23, nan 
-163.875, 79.375, 1.857675152235015e-23, nan 
-163.625, 79.375, 1.5832517938959462e-23, nan 
-163.375, 79.375, 1.3639001369170526e-23, nan 
-163.125, 79.375, 1.4701845016316939e-23, nan 
-162.875, 79.375, 1.6162205969920107e-23, nan 
-162.625, 79.375, 1.172900431580608e-23, nan 
-162.375, 79.375, 9.834793623959522e-24, nan 
-162.125, 79.375, 8.857421453362152e-24, nan 
-161.875, 79.375, 9.064013733396031e-24, nan 
-161.625, 79.375, 1.1354538219544298e-23, nan 
-161.375, 79.375, 1.1326490276828255e-23, nan 
-161.125, 79.375, 1.4512105428887858e-23, nan 
-160.875, 79.375, 1.3900066389224783e-23, nan 
-160.625, 79.375, 1.642237037609778e-23, nan 
-160.375, 79.375, 1.3562821587231778e-23, nan 
-160.125, 79.375, 1.486084743155797e-23, nan 
-159.875, 79.375, 1.4184285905960133e-23, nan 
-159.625, 79.375, 1.5116152204612457e-23, nan 
-159.375, 79.375, 1.4370897443281644e-23, nan 
-159.125, 79.375, 1.3078964716219244e-23, nan 
-158.875, 79.375, 1.226068501523733e-23, nan 
-158.625, 79.375, 1.1823669874363785e-23, nan 
-158.375, 79.375, 1.255499533469148e-23, nan 
-158.125, 79.375, 1.1892664836787677e-23, nan 
-157.875, 79.375, 1.138134237055432e-23, nan 
-157.625, 79.375, 1.0751980735753638e-23, nan 
-157.375, 79.375, 1.066694912435344e-23, nan 
-157.125, 79.375, 9.25372113786747e-24, nan 
-156.875, 79.375, 1.1268735469373359e-23, nan 
-156.625, 79.375, 1.1714792480337707e-23, nan 
-156.375, 79.375, 1.1717823115389382e-23, nan 
-156.125, 79.375, 1.0137719283272633e-23, nan 
-155.875, 79.375, 1.1170970841615975e-23, nan 
-155.625, 79.375, 1.4893909520381834e-23, nan 
-155.375, 79.375, 2.4308333639231657e-23, nan 
-155.125, 79.375, 2.592876142103945e-23, nan 
-154.875, 79.375, 2.103360197720911e-23, nan 
-154.625, 79.375, 1.538996614860493e-23, nan 
-154.375, 79.375, 2.2409003406292828e-23, nan 
-154.125, 79.375, 3.31636707588689e-23, nan 
-153.875, 79.375, 4.2382063361119776e-23, nan 
-153.625, 79.375, 3.2929858740156757e-23, nan 
-153.375, 79.375, 1.884624727153668e-23, nan 
-153.125, 79.375, 1.5783464149595762e-23, nan 
-152.875, 79.375, 1.8930057717910533e-23, nan 
-152.625, 79.375, 2.1465748026233434e-23, nan 
-152.375, 79.375, 1.9285609530204214e-23, nan 
-152.125, 79.375, 1.3437643617242832e-23, nan 
-151.875, 79.375, 1.1212953064603873e-23, nan 
-151.625, 79.375, 1.2047371927136892e-23, nan 
-151.375, 79.375, 1.127239330990839e-23, nan 
-151.125, 79.375, 9.806145212294384e-24, nan 
-150.875, 79.375, 1.070206644273604e-23, nan 
-150.625, 79.375, 1.1383045067383431e-23, nan 
-150.375, 79.375, 1.0438322502470842e-23, nan 
-150.125, 79.375, 1.0581601266229195e-23, nan 
-149.875, 79.375, 1.1287188471534229e-23, nan 
-149.625, 79.375, 1.08328998572024e-23, nan 
-149.375, 79.375, 1.1953496665164253e-23, nan 
-149.125, 79.375, 1.2867257662922029e-23, nan 
-148.875, 79.375, 1.3178344755064672e-23, nan 
-148.625, 79.375, 1.4526440490077653e-23, nan 
-148.375, 79.375, 1.446059440031912e-23, nan 
-148.125, 79.375, 1.506473197913565e-23, nan 
-147.875, 79.375, 1.707851732484282e-23, nan 
-147.625, 79.375, 1.276896606349461e-23, nan 
-147.375, 79.375, 1.1978446484403367e-23, nan 
-147.125, 79.375, 1.2268176185869551e-23, nan 
-146.875, 79.375, 1.0872847188241721e-23, nan 
-146.625, 79.375, 1.1458292603537252e-23, nan 
-146.375, 79.375, 1.0887657656732635e-23, nan 
-146.125, 79.375, 9.76863125482911e-24, nan 
-145.875, 79.375, 1.0059983970138069e-23, nan 
-145.625, 79.375, 1.0436464699000765e-23, nan 
-145.375, 79.375, 1.0519535827885204e-23, nan 
-145.125, 79.375, 1.0013207608326868e-23, nan 
-144.875, 79.375, 9.29629329940625e-24, nan 
-144.625, 79.375, 9.531090526656454e-24, nan 
-144.375, 79.375, 9.882719659702488e-24, nan 
-144.125, 79.375, 9.822066579862283e-24, nan 
-143.875, 79.375, 9.101850581191432e-24, nan 
-143.625, 79.375, 9.426049348560468e-24, nan 
-143.375, 79.375, 8.794336918271007e-24, nan 
-143.125, 79.375, 9.14634148756353e-24, nan 
-142.875, 79.375, 9.453142712678603e-24, nan 
-142.625, 79.375, 8.584747937152494e-24, nan 
-142.375, 79.375, 8.63764879944535e-24, nan 
-142.125, 79.375, 9.773602505102718e-24, nan 
-141.875, 79.375, 9.064259173543298e-24, nan 
-141.625, 79.375, 8.013169679578697e-24, nan 
-141.375, 79.375, 9.627284474823501e-24, nan 
-141.125, 79.375, 1.0738796515017167e-23, nan 
-140.875, 79.375, 1.1395420466682775e-23, nan 
-140.625, 79.375, 9.433847380803492e-24, nan 
-140.375, 79.375, 1.1845828975175095e-23, nan 
-140.125, 79.375, 8.880561210601538e-24, nan 
-139.875, 79.375, 8.466744712191027e-24, nan 
-139.625, 79.375, 7.388248236989977e-24, nan 
-139.375, 79.375, 8.913397969513201e-24, nan 
-139.125, 79.375, 8.241004316421303e-24, nan 
-138.875, 79.375, 8.035145807239533e-24, nan 
-138.625, 79.375, 8.327704079460932e-24, nan 
-138.375, 79.375, 8.03754159178092e-24, nan 
-138.125, 79.375, 8.211498543640162e-24, nan 
-137.875, 79.375, 8.070812088681656e-24, nan 
-137.625, 79.375, 8.419490164873845e-24, nan 
-137.375, 79.375, 7.100499114758526e-24, nan 
-137.125, 79.375, 7.94269115073914e-24, nan 
-136.875, 79.375, 7.206950646467017e-24, nan 
-136.625, 79.375, 6.787149583370507e-24, nan 
-136.375, 79.375, 6.892636738433336e-24, nan 
-136.125, 79.375, 7.637532033202914e-24, nan 
-135.875, 79.375, 7.059575775124998e-24, nan 
-135.625, 79.375, 7.389675081765114e-24, nan 
-135.375, 79.375, 7.093061371323329e-24, nan 
-135.125, 79.375, 7.170694622562237e-24, nan 
-134.875, 79.375, 7.79650793574755e-24, nan 
-134.625, 79.375, 5.637942603261139e-24, nan 
-134.375, 79.375, 4.7196486203609374e-24, nan 
-134.125, 79.375, 4.3224959410656516e-24, nan 
-20.375, 79.375, 7.02709021012904e-24, nan 
-20.125, 79.375, 1.1031429914217634e-23, nan 
-19.875, 79.375, 1.2662539950000177e-23, nan 
-19.625, 79.375, 1.2182491978170754e-23, nan 
-19.375, 79.375, 1.049862518661386e-23, nan 
-19.125, 79.375, 8.231569215856455e-24, nan 
-18.875, 79.375, 8.268850866500037e-24, nan 
-18.625, 79.375, 1.5946217112185944e-23, nan 
-18.375, 79.375, 1.9244057811869525e-23, nan 
-18.125, 79.375, 3.181838018617771e-23, nan 
-17.875, 79.375, 3.535865720522151e-23, nan 
-17.625, 79.375, 3.508777858565775e-23, nan 
-17.375, 79.375, 3.5290223651891317e-23, nan 
-17.125, 79.375, 3.6275308631462316e-23, nan 
-16.875, 79.375, 4.0221911599742746e-23, nan 
-16.625, 79.375, 4.322485509686728e-23, nan 
-16.375, 79.375, 4.494500116167619e-23, nan 
-16.125, 79.375, 4.1999290308945055e-23, nan 
-15.875, 79.375, 3.588984257599796e-23, nan 
-15.625, 79.375, 3.349879044213624e-23, nan 
-15.375, 79.375, 3.63599143472475e-23, nan 
-15.125, 79.375, 4.060691332640298e-23, nan 
-14.875, 79.375, 3.9903319063320004e-23, nan 
-14.625, 79.375, 3.6528738043131886e-23, nan 
-14.375, 79.375, 2.9879429733981895e-23, nan 
-14.125, 79.375, 2.872549079810309e-23, nan 
-13.875, 79.375, 2.5885418344490415e-23, nan 
-13.625, 79.375, 2.4156279615982366e-23, nan 
-13.375, 79.375, 2.293332214567013e-23, nan 
-13.125, 79.375, 2.2580909912457096e-23, nan 
-12.875, 79.375, 2.4033850172858293e-23, nan 
-12.625, 79.375, 2.6042270887578774e-23, nan 
-12.375, 79.375, 2.935907124465076e-23, nan 
-12.125, 79.375, 3.581848600391741e-23, nan 
-11.875, 79.375, 3.20613494338317e-23, nan 
-11.625, 79.375, 2.814676410712977e-23, nan 
-11.375, 79.375, 2.3399522159241596e-23, nan 
-11.125, 79.375, 2.2350228208303733e-23, nan 
-10.875, 79.375, 4.9944445827152315e-23, nan 
-10.625, 79.375, 5.388203190494829e-23, nan 
-10.375, 79.375, 5.650382232591154e-23, nan 
-10.125, 79.375, 6.08467024679949e-23, nan 
-9.875, 79.375, 6.174743107921402e-23, nan 
-9.625, 79.375, 5.631990435286273e-23, nan 
-9.375, 79.375, 5.2915420052666727e-23, nan 
-9.125, 79.375, 4.736309114553321e-23, nan 
-8.875, 79.375, 5.0490367821104095e-23, nan 
-8.625, 79.375, 6.080111369973271e-23, nan 
-8.375, 79.375, 5.652211836821882e-23, nan 
-8.125, 79.375, 5.920425298080178e-23, nan 
-7.875, 79.375, 5.244668861164689e-23, nan 
-7.625, 79.375, 5.098533644762229e-23, nan 
-7.375, 79.375, 5.0626085259910973e-23, nan 
-7.125, 79.375, 5.0532468566447337e-23, nan 
-6.875, 79.375, 1.067828285636787e-23, nan 
-6.625, 79.375, 4.5910530505311305e-23, nan 
-6.375, 79.375, 2.551072647402747e-23, nan 
-6.125, 79.375, 1.2169379296590202e-23, nan 
-5.875, 79.375, 1.9408713069940605e-23, nan 
-5.625, 79.375, 1.5712874776919658e-23, nan 
-5.375, 79.375, 2.85840977618352e-23, nan 
-5.125, 79.375, 2.0663120348932623e-23, nan 
-4.875, 79.375, 1.618737811656936e-23, nan 
-4.625, 79.375, 2.3298128165227162e-23, nan 
-4.375, 79.375, 2.2749492440125585e-23, nan 
-4.125, 79.375, 3.41555564226569e-23, nan 
-3.875, 79.375, 2.5219482853173056e-23, nan 
-3.625, 79.375, 2.945807760029681e-23, nan 
-3.375, 79.375, 3.8190225747409115e-23, nan 
-3.125, 79.375, 5.549338769932184e-23, nan 
-2.875, 79.375, 5.533344809479428e-23, nan 
-2.625, 79.375, 6.031515123062604e-23, nan 
-2.375, 79.375, 4.811061567762766e-23, nan 
-2.125, 79.375, 4.4917874953499857e-23, nan 
-1.875, 79.375, 6.042538013553491e-23, nan 
-1.625, 79.375, 5.812063292703016e-23, nan 
-1.375, 79.375, 6.106330091899919e-23, nan 
-1.125, 79.375, 4.395024968079741e-23, nan 
-0.875, 79.375, 4.845730923464461e-23, nan 
-0.625, 79.375, 3.8294170313472017e-23, nan 
-0.375, 79.375, 2.662936212449212e-23, nan 
-0.125, 79.375, 3.094994265022526e-23, nan 
0.125, 79.375, 1.2490152997825646e-23, nan 
0.375, 79.375, 1.638706016047535e-23, nan 
0.625, 79.375, 1.7091323859134873e-23, nan 
0.875, 79.375, 1.976362302685981e-23, nan 
1.125, 79.375, 2.77970176367551e-23, nan 
1.375, 79.375, 1.8508904067183274e-23, nan 
1.625, 79.375, 2.8998279983905474e-23, nan 
1.875, 79.375, 2.7438781954195077e-23, nan 
2.125, 79.375, 2.8461645275863176e-23, nan 
2.375, 79.375, 3.2876961182852384e-23, nan 
2.625, 79.375, 3.342239910711543e-23, nan 
2.875, 79.375, 5.650182679351474e-23, nan 
3.125, 79.375, 5.512332785696218e-23, nan 
3.375, 79.375, 5.307890360000397e-23, nan 
3.625, 79.375, 4.754219705184693e-23, nan 
3.875, 79.375, 4.6171270251770776e-23, nan 
4.125, 79.375, 4.7522554279181513e-23, nan 
4.375, 79.375, 6.604491796358445e-23, nan 
4.625, 79.375, 4.732002610681527e-23, nan 
4.875, 79.375, 3.654394540665507e-23, nan 
5.125, 79.375, 2.4662042463963597e-23, nan 
5.375, 79.375, 2.028946874812191e-23, nan 
5.625, 79.375, 3.9418734634319767e-23, nan 
5.875, 79.375, 3.4091556047840136e-23, nan 
6.125, 79.375, 3.715413318448719e-23, nan 
6.375, 79.375, 5.331886979638216e-23, nan 
6.625, 79.375, 5.292255648886414e-23, nan 
6.875, 79.375, 4.53385246033955e-23, nan 
7.125, 79.375, 4.4280202423415583e-23, nan 
7.375, 79.375, 5.962741210609775e-23, nan 
7.625, 79.375, 9.121337968240225e-23, nan 
7.875, 79.375, 1.0588193705034117e-22, nan 
8.125, 79.375, 9.097412138192623e-23, nan 
8.375, 79.375, 9.72499990611723e-23, nan 
8.625, 79.375, 6.70395385428142e-23, nan 
8.875, 79.375, 5.829276295626519e-23, nan 
9.125, 79.375, 7.256402652355356e-23, nan 
9.375, 79.375, 6.799319082793932e-23, nan 
9.625, 79.375, 7.149534735943072e-23, nan 
9.875, 79.375, 4.939700961978166e-23, nan 
10.125, 79.375, 3.3491238378045674e-23, nan 
10.375, 79.375, 2.768002142622379e-23, nan 
10.625, 79.375, 2.340443195183269e-23, nan 
10.875, 79.375, 1.7312122163345787e-23, nan 
11.125, 79.375, 2.160036437541664e-23, nan 
11.375, 79.375, 1.1920353548938851e-23, nan 
11.625, 79.375, 1.1934055336522738e-23, nan 
11.875, 79.375, 1.7543480960591974e-23, nan 
12.125, 79.375, 2.51059640832999e-23, nan 
12.375, 79.375, 9.819218203027365e-24, nan 
12.625, 79.375, 7.60649006882201e-24, nan 
12.875, 79.375, 1.3760182523867142e-23, nan 
13.125, 79.375, 3.4133722228390296e-23, nan 
13.375, 79.375, 6.824563256935879e-23, nan 
13.625, 79.375, 7.509434988758456e-23, nan 
13.875, 79.375, 7.570003792172633e-23, nan 
14.125, 79.375, 6.841217093574924e-23, nan 
14.375, 79.375, 6.874587879030787e-23, nan 
14.625, 79.375, 6.458176010233078e-23, nan 
14.875, 79.375, 6.63450418700397e-23, nan 
15.125, 79.375, 6.757880297489663e-23, nan 
15.375, 79.375, 6.381556050035186e-23, nan 
15.625, 79.375, 5.231368891558909e-23, nan 
15.875, 79.375, 5.2503053345807554e-23, nan 
16.125, 79.375, 2.4531695578663533e-23, nan 
16.375, 79.375, 2.161834802294356e-23, nan 
16.625, 79.375, 2.7787277274344535e-23, nan 
16.875, 79.375, 5.0116033896000355e-23, nan 
17.125, 79.375, 8.30319781425334e-23, nan 
17.375, 79.375, 1.1531894010952812e-22, nan 
17.625, 79.375, 1.165786065273532e-22, nan 
17.875, 79.375, 1.0353485401328435e-22, nan 
18.125, 79.375, 8.832664108230253e-23, nan 
18.375, 79.375, 1.1346173991607852e-22, nan 
18.625, 79.375, 1.2303336234460628e-22, nan 
18.875, 79.375, 1.2126078391850472e-22, nan 
19.125, 79.375, 7.225021253076969e-23, nan 
19.375, 79.375, 3.5038274643453505e-23, nan 
19.625, 79.375, 1.0035036394178588e-23, nan 
19.875, 79.375, 5.804545499973789e-24, nan 
20.125, 79.375, 4.9961673777652404e-24, nan 
20.375, 79.375, 4.84761752780361e-24, nan 
20.625, 79.375, 5.3469162987965195e-24, nan 
20.875, 79.375, 4.9265692532493834e-24, nan 
21.125, 79.375, 5.274399095752142e-24, nan 
21.375, 79.375, 5.639698377998175e-24, nan 
21.625, 79.375, 4.915326533121975e-24, nan 
21.875, 79.375, 5.996942552908765e-24, nan 
22.125, 79.375, 8.054746035492853e-24, nan 
22.375, 79.375, 1.0471679277203542e-23, nan 
22.625, 79.375, 2.4074497420371158e-23, nan 
22.875, 79.375, 7.677332528067055e-23, nan 
23.125, 79.375, 7.65779771154743e-23, nan 
23.375, 79.375, 8.66833864696683e-23, nan 
23.625, 79.375, 9.089670988917298e-23, nan 
23.875, 79.375, 8.797334411602343e-23, nan 
24.125, 79.375, 9.172825148324781e-23, nan 
24.375, 79.375, 9.253173369119212e-23, nan 
24.625, 79.375, 9.171895217511577e-23, nan 
24.875, 79.375, 7.762887175976461e-23, nan 
25.125, 79.375, 7.860130477765661e-23, nan 
25.375, 79.375, 8.222937751725724e-23, nan 
25.625, 79.375, 7.589033989090982e-23, nan 
25.875, 79.375, 7.121185306902127e-23, nan 
26.125, 79.375, 1.0270167499825701e-22, nan 
26.375, 79.375, 1.109388945407884e-22, nan 
26.625, 79.375, 1.1841840090328424e-22, nan 
26.875, 79.375, 1.0666076663918665e-22, nan 
27.125, 79.375, 9.074050311727415e-23, nan 
27.375, 79.375, 7.258963894761172e-23, nan 
27.625, 79.375, 7.058625375661074e-23, nan 
27.875, 79.375, 7.024452531509412e-23, nan 
28.125, 79.375, 6.206960655193104e-23, nan 
28.375, 79.375, 4.8917044515518157e-23, nan 
28.625, 79.375, 4.037489368468189e-23, nan 
28.875, 79.375, 3.6910564361544793e-23, nan 
29.125, 79.375, 3.248829193497318e-23, nan 
29.375, 79.375, 3.048803882783994e-23, nan 
29.625, 79.375, 2.941075166144735e-23, nan 
29.875, 79.375, 2.2135280693386156e-23, nan 
30.125, 79.375, 2.1576448787611437e-23, nan 
30.375, 79.375, 2.5068527891989127e-23, nan 
30.625, 79.375, 3.030427580730174e-23, nan 
30.875, 79.375, 2.7607936200244957e-23, nan 
31.125, 79.375, 2.42707991229766e-23, nan 
31.375, 79.375, 2.2963445194038442e-23, nan 
31.625, 79.375, 2.1860761675722202e-23, nan 
31.875, 79.375, 1.867115985949839e-23, nan 
32.125, 79.375, 1.7405158262129726e-23, nan 
32.375, 79.375, 1.8434938638516055e-23, nan 
32.625, 79.375, 1.6616579329433844e-23, nan 
32.875, 79.375, 1.757483428502919e-23, nan 
33.125, 79.375, 1.571956485490876e-23, nan 
33.375, 79.375, 1.609328692864262e-23, nan 
33.625, 79.375, 1.425662731218103e-23, nan 
33.875, 79.375, 1.351648038621357e-23, nan 
34.125, 79.375, 1.2938877995146706e-23, nan 
34.375, 79.375, 1.4058395444874284e-23, nan 
34.625, 79.375, 1.363847942714472e-23, nan 
34.875, 79.375, 1.3077623411081846e-23, nan 
35.125, 79.375, 1.4873741914321634e-23, nan 
35.375, 79.375, 1.3352840396156487e-23, nan 
35.625, 79.375, 1.0876807121981475e-23, nan 
35.875, 79.375, 6.680427387272962e-24, nan 
36.125, 79.375, 5.29651140100395e-24, nan 
36.375, 79.375, 1.2679908717941681e-23, nan 
36.625, 79.375, 1.6458548452337958e-23, nan 
36.875, 79.375, 1.92422543078254e-23, nan 
37.125, 79.375, 1.8420399479095895e-23, nan 
37.375, 79.375, 2.5866982332398632e-23, nan 
37.625, 79.375, 2.737702040573013e-23, nan 
37.875, 79.375, 2.8771704060578593e-23, nan 
38.125, 79.375, 3.115610370688058e-23, nan 
38.375, 79.375, 2.6830942431527866e-23, nan 
38.625, 79.375, 2.5753037242639184e-23, nan 
38.875, 79.375, 2.701793470141646e-23, nan 
39.125, 79.375, 2.458657471967437e-23, nan 
39.375, 79.375, 2.426342208786704e-23, nan 
39.625, 79.375, 2.054492592289515e-23, nan 
39.875, 79.375, 2.0470989885063944e-23, nan 
40.125, 79.375, 1.367540157926644e-23, nan 
40.375, 79.375, 1.5367070336740852e-23, nan 
40.625, 79.375, 1.8434716423890328e-23, nan 
40.875, 79.375, 1.376246143463473e-23, nan 
41.125, 79.375, 9.299259043904513e-24, nan 
41.375, 79.375, 6.205757029170786e-24, nan 
41.625, 79.375, 6.167909968544162e-24, nan 
41.875, 79.375, 5.750505028219785e-24, nan 
42.125, 79.375, 4.943020750762409e-24, nan 
42.375, 79.375, 3.463550762699838e-24, nan 
42.625, 79.375, 8.256970780904855e-24, nan 
42.875, 79.375, 7.514928101174864e-24, nan 
43.125, 79.375, 5.464431886389494e-24, nan 
43.375, 79.375, 5.9411307583582106e-24, nan 
43.625, 79.375, 5.8554608580552265e-24, nan 
43.875, 79.375, 6.089270250546715e-24, nan 
44.125, 79.375, 6.712924123095738e-24, nan 
44.375, 79.375, 1.101063287623252e-23, nan 
44.625, 79.375, 5.104279651317659e-24, nan 
44.875, 79.375, 5.6760357572582944e-24, nan 
45.125, 79.375, 5.142084744912055e-24, nan 
45.375, 79.375, 9.32050272859641e-24, nan 
45.625, 79.375, 1.8032434836725263e-23, nan 
45.875, 79.375, 1.312972566380813e-23, nan 
46.125, 79.375, 1.3066843474805529e-23, nan 
46.375, 79.375, 1.4648272125162113e-23, nan 
46.625, 79.375, 1.8652555745379274e-23, nan 
46.875, 79.375, 2.7529372522811364e-23, nan 
47.125, 79.375, 2.4503273271221745e-23, nan 
47.375, 79.375, 2.5318267229860923e-23, nan 
47.625, 79.375, 3.066003029086056e-23, nan 
47.875, 79.375, 2.9679464959508325e-23, nan 
48.125, 79.375, 3.3636795052018275e-23, nan 
48.375, 79.375, 3.4153446578533774e-23, nan 
48.625, 79.375, 3.9094147944667904e-23, nan 
48.875, 79.375, 5.035869144181675e-23, nan 
49.125, 79.375, 5.357104602793731e-23, nan 
49.375, 79.375, 5.938891511837988e-23, nan 
49.625, 79.375, 5.951317696543125e-23, nan 
49.875, 79.375, 4.74162914176322e-23, nan 
50.125, 79.375, 4.4866586833129144e-23, nan 
50.375, 79.375, 4.462108102210693e-23, nan 
50.625, 79.375, 5.39344012185943e-23, nan 
50.875, 79.375, 5.710953373638395e-23, nan 
51.125, 79.375, 5.404157287957803e-23, nan 
51.375, 79.375, 4.6291026528026966e-23, nan 
51.625, 79.375, 3.233667126596001e-23, nan 
51.875, 79.375, 2.2976478301045707e-23, nan 
52.125, 79.375, 2.72815932405705e-23, nan 
52.375, 79.375, 5.465677940572347e-24, nan 
52.625, 79.375, 2.327527214750342e-23, nan 
52.875, 79.375, 1.7661252274995894e-23, nan 
53.125, 79.375, 3.914615260383658e-23, nan 
53.375, 79.375, 3.09048217305443e-23, nan 
53.625, 79.375, 2.205882061959834e-23, nan 
53.875, 79.375, 2.083724790464111e-23, nan 
54.125, 79.375, 2.2843723181647314e-23, nan 
54.375, 79.375, 2.559687964110502e-23, nan 
54.625, 79.375, 2.0060140832997937e-23, nan 
54.875, 79.375, 1.8180205604692197e-23, nan 
55.125, 79.375, 2.4069639818191957e-23, nan 
55.375, 79.375, 2.815623859413946e-23, nan 
55.625, 79.375, 2.0816902763589594e-23, nan 
55.875, 79.375, 1.5408959305901084e-23, nan 
56.125, 79.375, 2.7881175562171497e-23, nan 
56.375, 79.375, 2.84428620386453e-23, nan 
56.625, 79.375, 2.5027662846300788e-23, nan 
56.875, 79.375, 2.5296062209167757e-23, nan 
57.125, 79.375, 2.269313856488467e-23, nan 
57.375, 79.375, 3.402075772999041e-23, nan 
57.625, 79.375, 1.2503505817892442e-22, nan 
57.875, 79.375, 1.1901065946333337e-22, nan 
58.125, 79.375, 1.2390322784585077e-22, nan 
58.375, 79.375, 1.3658457858045003e-22, nan 
58.625, 79.375, 1.346739964002275e-22, nan 
58.875, 79.375, 1.913754356627431e-22, nan 
59.125, 79.375, 1.7774964551576055e-22, nan 
59.375, 79.375, 1.9083082587510115e-22, nan 
59.625, 79.375, 2.1871643248042325e-22, nan 
59.875, 79.375, 2.4143343651773524e-22, nan 
60.125, 79.375, 3.080193291751771e-22, nan 
60.375, 79.375, 4.2008409236062275e-22, nan 
60.625, 79.375, 5.162006421410031e-22, nan 
60.875, 79.375, 6.92234645182882e-22, nan 
61.125, 79.375, 9.94818394388419e-22, nan 
61.375, 79.375, 8.130772313385168e-22, nan 
61.625, 79.375, 5.516733755422321e-22, nan 
61.875, 79.375, 2.7270506331479845e-22, nan 
62.125, 79.375, 2.739656392436947e-22, nan 
62.375, 79.375, 2.374100653304641e-22, nan 
62.625, 79.375, 2.3339373542228124e-22, nan 
62.875, 79.375, 2.3539254125446885e-22, nan 
63.125, 79.375, 2.6829508376881485e-22, nan 
63.375, 79.375, 2.60625994387835e-22, nan 
63.625, 79.375, 2.5846354645102766e-22, nan 
63.875, 79.375, 2.579878120374632e-22, nan 
64.125, 79.375, 2.2254983535033618e-22, nan 
64.375, 79.375, 2.080276617699685e-22, nan 
64.625, 79.375, 1.652623294885172e-22, nan 
64.875, 79.375, 1.6017512147971568e-22, nan 
65.125, 79.375, 1.504627517768433e-22, nan 
65.375, 79.375, 1.8938881025088584e-22, nan 
65.625, 79.375, 1.5929347395692174e-22, nan 
65.875, 79.375, 1.6892977284577346e-22, nan 
66.125, 79.375, 1.6625643524016583e-22, nan 
66.375, 79.375, 1.2169153695231748e-22, nan 
66.625, 79.375, 1.5153858493403888e-22, nan 
66.875, 79.375, 1.574316032531771e-22, nan 
67.125, 79.375, 1.480884015735927e-22, nan 
67.375, 79.375, 1.2484314005130261e-22, nan 
67.625, 79.375, 1.3720159481488645e-22, nan 
67.875, 79.375, 1.1464111424395928e-22, nan 
68.125, 79.375, 8.150004087937988e-23, nan 
68.375, 79.375, 9.578768782745696e-23, nan 
68.625, 79.375, 1.057714688399742e-22, nan 
68.875, 79.375, 1.4510608550121e-22, nan 
69.125, 79.375, 1.260949096092005e-22, nan 
69.375, 79.375, 1.1021298416132397e-22, nan 
69.625, 79.375, 1.0361900562388181e-22, nan 
69.875, 79.375, 1.2638217100536156e-22, nan 
70.125, 79.375, 1.0317562555223107e-22, nan 
70.375, 79.375, 9.41938281512298e-23, nan 
70.625, 79.375, 8.670282105215633e-23, nan 
70.875, 79.375, 1.1033729624480113e-22, nan 
71.125, 79.375, 1.0515665138203412e-22, nan 
71.375, 79.375, 9.284719703959958e-23, nan 
71.625, 79.375, 3.991638499927471e-23, nan 
71.875, 79.375, 8.756594747252881e-23, nan 
72.125, 79.375, 8.992587995545923e-23, nan 
72.375, 79.375, 7.15396950458847e-23, nan 
72.625, 79.375, 6.701710288148457e-23, nan 
72.875, 79.375, 6.676715075080578e-23, nan 
73.125, 79.375, 1.1215154701841992e-22, nan 
73.375, 79.375, 1.3959384541827864e-22, nan 
73.625, 79.375, 1.2808049054855408e-22, nan 
73.875, 79.375, 8.024323556024707e-23, nan 
74.125, 79.375, 6.980320156154054e-23, nan 
74.375, 79.375, 9.280776250367002e-23, nan 
74.625, 79.375, 1.1890858971081477e-22, nan 
74.875, 79.375, 7.788429134923914e-23, nan 
75.125, 79.375, 1.0781631446034902e-22, nan 
75.375, 79.375, 1.0915506353246748e-22, nan 
75.625, 79.375, 1.7529332551398652e-22, nan 
75.875, 79.375, 1.1664538087594336e-22, nan 
76.125, 79.375, 1.224028103975032e-22, nan 
76.375, 79.375, 2.044773050256585e-22, nan 
76.625, 79.375, 2.199751583955235e-22, nan 
76.875, 79.375, 2.4418518324451554e-22, nan 
77.125, 79.375, 1.2766591412788909e-22, nan 
77.375, 79.375, 7.396123117733791e-23, nan 
77.625, 79.375, 1.0053240884036494e-22, nan 
77.875, 79.375, 1.4444180509490437e-22, nan 
78.125, 79.375, 1.6925482494350813e-22, nan 
78.375, 79.375, 1.371024824798655e-22, nan 
78.625, 79.375, 1.6137310687664903e-22, nan 
78.875, 79.375, 1.3208200359499514e-22, nan 
79.125, 79.375, 1.9377740299490016e-22, nan 
79.375, 79.375, 2.2033565603500595e-22, nan 
79.625, 79.375, 2.8162741455463523e-22, nan 
79.875, 79.375, 3.1489580785899335e-22, nan 
80.125, 79.375, 1.8575691968488672e-22, nan 
80.375, 79.375, 1.5083223650517735e-22, nan 
80.625, 79.375, 2.316094396369495e-22, nan 
80.875, 79.375, 2.558512285902676e-22, nan 
81.125, 79.375, 1.6660785097207372e-22, nan 
81.375, 79.375, 1.3251384265212751e-22, nan 
81.625, 79.375, 1.4700376233983916e-22, nan 
81.875, 79.375, 3.467724643203063e-23, nan 
82.125, 79.375, 1.2028593605422778e-22, nan 
82.375, 79.375, 2.0998199530846589e-22, nan 
82.625, 79.375, 2.091616835530882e-22, nan 
82.875, 79.375, 1.7952571386740275e-22, nan 
83.125, 79.375, 1.4583056636576944e-22, nan 
83.375, 79.375, 8.206196371070075e-23, nan 
83.625, 79.375, 3.422086628911278e-22, nan 
83.875, 79.375, 2.664857613733272e-22, nan 
84.125, 79.375, 3.4609778463542985e-22, nan 
84.375, 79.375, 3.2036990659495576e-22, nan 
84.625, 79.375, 1.049953085066958e-22, nan 
84.875, 79.375, 4.890588206806831e-22, nan 
85.125, 79.375, 2.927397205215283e-22, nan 
85.375, 79.375, 4.942704484909144e-22, nan 
85.625, 79.375, 3.524858909082767e-22, nan 
85.875, 79.375, 2.6528760076618787e-22, nan 
86.125, 79.375, 3.4463296481400384e-22, nan 
86.375, 79.375, 2.0167321653081e-22, nan 
86.625, 79.375, 2.7683511288578434e-22, nan 
86.875, 79.375, 2.615048799577161e-22, nan 
87.125, 79.375, 2.079849764714149e-22, nan 
87.375, 79.375, 1.9653472693404198e-22, nan 
87.625, 79.375, 1.6631900796923293e-22, nan 
87.875, 79.375, 1.7273555574469903e-22, nan 
88.125, 79.375, 3.036250032942608e-22, nan 
88.375, 79.375, 3.2361779356825337e-22, nan 
88.625, 79.375, 2.775644214976503e-22, nan 
88.875, 79.375, 3.5608703569991223e-22, nan 
89.125, 79.375, 2.7368454178901696e-22, nan 
89.375, 79.375, 5.070042637075323e-22, nan 
89.625, 79.375, 5.267730913685902e-22, nan 
89.875, 79.375, 4.04307977573266e-22, nan 
90.125, 79.375, 3.282306232098148e-22, nan 
90.375, 79.375, 4.555502886257476e-22, nan 
90.625, 79.375, 4.801788692758527e-22, nan 
90.875, 79.375, 5.5796727430541055e-22, nan 
91.125, 79.375, 4.286320206483934e-22, nan 
91.375, 79.375, 3.30889094061321e-22, nan 
91.625, 79.375, 4.235526505527003e-22, nan 
91.875, 79.375, 5.314438728620528e-22, nan 
92.125, 79.375, 5.7592848752866525e-22, nan 
92.375, 79.375, 3.5267042765117536e-22, nan 
92.625, 79.375, 7.023250132977931e-22, nan 
92.875, 79.375, 1.0062097646182837e-21, nan 
93.125, 79.375, 9.137186889198668e-22, nan 
93.375, 79.375, 6.75981064409942e-22, nan 
93.625, 79.375, 6.658125799783441e-22, nan 
93.875, 79.375, 5.805671630138393e-22, nan 
94.125, 79.375, 4.575134676621435e-22, nan 
94.375, 79.375, 5.097455662655179e-22, nan 
94.625, 79.375, 5.107192877467631e-22, nan 
94.875, 79.375, 7.829476040736581e-22, nan 
95.125, 79.375, 8.575866755580467e-22, nan 
95.375, 79.375, 6.335039177569727e-22, nan 
95.625, 79.375, 9.698467172653822e-22, nan 
95.875, 79.375, 5.572435618224748e-22, nan 
96.125, 79.375, 7.259136513648837e-22, nan 
96.375, 79.375, 7.213733689982201e-22, nan 
96.625, 79.375, 5.193416781398838e-22, nan 
96.875, 79.375, 8.97935237711461e-22, nan 
97.125, 79.375, 7.642525984149125e-22, nan 
97.375, 79.375, 7.542410148767298e-22, nan 
97.625, 79.375, 5.152507705843564e-22, nan 
97.875, 79.375, 7.67688702701048e-22, nan 
98.125, 79.375, 9.627785674024918e-22, nan 
98.375, 79.375, 1.1315272005346655e-21, nan 
98.625, 79.375, 1.4387145326693858e-21, nan 
98.875, 79.375, 1.1487151622495537e-21, nan 
99.125, 79.375, 1.2911706993765218e-21, nan 
99.375, 79.375, 1.2089650118893367e-21, nan 
99.625, 79.375, 1.286826249064782e-21, nan 
99.875, 79.375, 1.4175980781660574e-21, nan 
100.125, 79.375, 1.292075535746195e-21, nan 
100.375, 79.375, 1.3881069539009838e-21, nan 
100.625, 79.375, 1.295740777897171e-21, nan 
100.875, 79.375, 1.2869889733356716e-21, nan 
101.125, 79.375, 1.1624164270921665e-21, nan 
101.375, 79.375, 1.1531127214700812e-21, nan 
101.625, 79.375, 1.5085934640098135e-21, nan 
101.875, 79.375, 1.332556293041449e-21, nan 
102.125, 79.375, 3.097983735336421e-21, nan 
102.375, 79.375, 3.314186790648656e-21, nan 
102.625, 79.375, 3.252111877919368e-21, nan 
102.875, 79.375, 2.527634658100985e-21, nan 
103.125, 79.375, 1.4645078771920225e-21, nan 
103.375, 79.375, 5.429077289289181e-21, nan 
103.625, 79.375, 6.291423613088724e-21, nan 
103.875, 79.375, 5.980015951014484e-21, nan 
104.125, 79.375, 3.7525054321455394e-21, nan 
104.375, 79.375, 2.395503561896703e-21, nan 
104.625, 79.375, 2.8109011821728353e-21, nan 
104.875, 79.375, 3.922326144675449e-21, nan 
105.125, 79.375, 3.447465527397726e-21, nan 
105.375, 79.375, 1.442063407090765e-21, nan 
105.625, 79.375, 1.6594162760127623e-21, nan 
105.875, 79.375, 1.7097183200519558e-21, nan 
106.125, 79.375, 1.9525324638007592e-21, nan 
106.375, 79.375, 2.205003835315111e-21, nan 
106.625, 79.375, 2.8990729785635583e-21, nan 
106.875, 79.375, 3.6091833179847e-21, nan 
107.125, 79.375, 2.327774795517125e-21, nan 
107.375, 79.375, 1.799400968297187e-21, nan 
107.625, 79.375, 3.089074866614079e-21, nan 
107.875, 79.375, 3.2832741874391424e-21, nan 
108.125, 79.375, 3.22666883098597e-21, nan 
108.375, 79.375, 2.144890948865888e-21, nan 
108.625, 79.375, 1.866815897422551e-21, nan 
108.875, 79.375, 1.940565289414708e-21, nan 
109.125, 79.375, 1.6932247785549532e-21, nan 
109.375, 79.375, 3.527536561184784e-21, nan 
109.625, 79.375, 8.034836248641341e-21, nan 
109.875, 79.375, 5.970749135109672e-21, nan 
110.125, 79.375, 6.182150061481002e-21, nan 
110.375, 79.375, 7.630776922839679e-21, nan 
110.625, 79.375, 7.987732481560032e-21, nan 
110.875, 79.375, 1.1832787672887786e-20, nan 
111.125, 79.375, 9.790126439232892e-21, nan 
111.375, 79.375, 9.919629962387153e-21, nan 
111.625, 79.375, 9.261674170560473e-21, nan 
111.875, 79.375, 8.457913862096158e-21, nan 
112.125, 79.375, 7.926050546438357e-21, nan 
112.375, 79.375, 6.271123268267737e-21, nan 
112.625, 79.375, 6.943190007413878e-21, nan 
112.875, 79.375, 5.540984200558281e-21, nan 
113.125, 79.375, 6.889322208283249e-21, nan 
113.375, 79.375, 5.5077832913730744e-21, nan 
113.625, 79.375, 6.167814387376821e-21, nan 
113.875, 79.375, 6.2820133585921466e-21, nan 
114.125, 79.375, 6.564635140701456e-21, nan 
114.375, 79.375, 6.914274978135177e-21, nan 
114.625, 79.375, 7.873388327946798e-21, nan 
114.875, 79.375, 7.84730168244002e-21, nan 
115.125, 79.375, 7.412408183682772e-21, nan 
115.375, 79.375, 6.75929184197576e-21, nan 
115.625, 79.375, 6.937936678342013e-21, nan 
115.875, 79.375, 8.579278948258204e-21, nan 
116.125, 79.375, 1.1997601863496909e-20, nan 
116.375, 79.375, 1.1260491493694962e-20, nan 
116.625, 79.375, 6.98556756063363e-21, nan 
116.875, 79.375, 6.65039011426568e-21, nan 
117.125, 79.375, 7.497136517502285e-21, nan 
117.375, 79.375, 8.754175761970089e-21, nan 
117.625, 79.375, 8.317751625226403e-21, nan 
117.875, 79.375, 6.994643026873247e-21, nan 
118.125, 79.375, 6.350179488678584e-21, nan 
118.375, 79.375, 4.96499644221094e-21, nan 
118.625, 79.375, 4.475402312790275e-21, nan 
118.875, 79.375, 4.279815628635538e-21, nan 
119.125, 79.375, 4.7144452705854176e-21, nan 
119.375, 79.375, 4.5214507582027405e-21, nan 
119.625, 79.375, 4.241154443411309e-21, nan 
119.875, 79.375, 5.122143325532403e-21, nan 
120.125, 79.375, 4.727005664956656e-21, nan 
120.375, 79.375, 4.6093752529449955e-21, nan 
120.625, 79.375, 4.3396384276167046e-21, nan 
120.875, 79.375, 5.780640106255634e-21, nan 
121.125, 79.375, 6.423044606945587e-21, nan 
121.375, 79.375, 5.390543443515737e-21, nan 
121.625, 79.375, 5.725226639541933e-21, nan 
121.875, 79.375, 5.6988884642025674e-21, nan 
122.125, 79.375, 5.790207252125805e-21, nan 
122.375, 79.375, 6.678310876937339e-21, nan 
122.625, 79.375, 5.252471788382415e-21, nan 
122.875, 79.375, 5.7329566632259775e-21, nan 
123.125, 79.375, 6.311658245467341e-21, nan 
123.375, 79.375, 4.8833223788962794e-21, nan 
123.625, 79.375, 3.8343585650935655e-21, nan 
123.875, 79.375, 3.787198978990666e-21, nan 
124.125, 79.375, 4.4937265971575536e-21, nan 
124.375, 79.375, 5.0496246741030604e-21, nan 
124.625, 79.375, 4.309144923723659e-21, nan 
124.875, 79.375, 3.725778392872412e-21, nan 
125.125, 79.375, 3.2206905977579733e-21, nan 
125.375, 79.375, 3.1886177890495782e-21, nan 
125.625, 79.375, 3.0835502774315944e-21, nan 
125.875, 79.375, 2.8683214568406705e-21, nan 
126.125, 79.375, 2.4498068974052478e-21, nan 
126.375, 79.375, 2.957463077650011e-21, nan 
126.625, 79.375, 2.5171065259247855e-21, nan 
126.875, 79.375, 1.580130924915811e-21, nan 
127.125, 79.375, 1.664604357147244e-21, nan 
127.375, 79.375, 2.573796758449521e-21, nan 
127.625, 79.375, 2.23646941908227e-21, nan 
127.875, 79.375, 2.6004923185094073e-21, nan 
128.125, 79.375, 2.5427883463805162e-21, nan 
128.375, 79.375, 2.5698450524182556e-21, nan 
128.625, 79.375, 3.497595119625562e-21, nan 
128.875, 79.375, 3.911790400719628e-21, nan 
129.125, 79.375, 4.383689639099602e-21, nan 
129.375, 79.375, 4.118306954422685e-21, nan 
129.625, 79.375, 4.813949547103145e-21, nan 
129.875, 79.375, 4.944330036951625e-21, nan 
130.125, 79.375, 4.133713738106843e-21, nan 
130.375, 79.375, 3.4774681092986964e-21, nan 
130.625, 79.375, 2.49419226867841e-21, nan 
130.875, 79.375, 1.0136474235561852e-21, nan 
131.125, 79.375, 1.2825279771660701e-21, nan 
131.375, 79.375, 9.452279207305413e-22, nan 
131.625, 79.375, 3.8817103977136444e-22, nan 
131.875, 79.375, 6.509047598853071e-22, nan 
132.125, 79.375, 6.807786669712087e-22, nan 
132.375, 79.375, 8.239132110627037e-22, nan 
132.625, 79.375, 1.1640555077923266e-21, nan 
132.875, 79.375, 1.5265574415420714e-21, nan 
133.125, 79.375, 1.5419315432685556e-21, nan 
133.375, 79.375, 1.2326433006972703e-21, nan 
133.625, 79.375, 1.0433490867981476e-21, nan 
133.875, 79.375, 8.696189159253526e-22, nan 
134.125, 79.375, 1.3485831057308016e-21, nan 
134.375, 79.375, 1.2137014040189123e-21, nan 
134.625, 79.375, 1.1794645963182225e-21, nan 
134.875, 79.375, 8.320189767853172e-22, nan 
135.125, 79.375, 5.750366090582638e-22, nan 
135.375, 79.375, 6.71169965677236e-22, nan 
135.625, 79.375, 7.747974959466009e-22, nan 
135.875, 79.375, 1.0989258808872519e-21, nan 
136.125, 79.375, 8.319483341197789e-22, nan 
136.375, 79.375, 6.2281848028347435e-22, nan 
136.625, 79.375, 4.597687356561396e-22, nan 
136.875, 79.375, 5.461535295849094e-22, nan 
137.125, 79.375, 7.907565059773502e-22, nan 
137.375, 79.375, 4.48000652145022e-22, nan 
137.625, 79.375, 4.183596095103709e-22, nan 
137.875, 79.375, 3.1722943541461275e-22, nan 
138.125, 79.375, 4.358917894097922e-22, nan 
138.375, 79.375, 5.006867433843913e-22, nan 
138.625, 79.375, 7.616922962635169e-22, nan 
138.875, 79.375, 9.464313695488555e-22, nan 
139.125, 79.375, 6.263008765623232e-22, nan 
139.375, 79.375, 1.2336672983626667e-21, nan 
139.625, 79.375, 6.481448574516614e-22, nan 
139.875, 79.375, 6.649655956385706e-22, nan 
140.125, 79.375, 8.810825504602384e-22, nan 
140.375, 79.375, 6.704149263729193e-22, nan 
140.625, 79.375, 7.223406814487907e-22, nan 
140.875, 79.375, 7.431109546174882e-22, nan 
141.125, 79.375, 6.254009238805943e-22, nan 
141.375, 79.375, 5.356210865590085e-22, nan 
141.625, 79.375, 5.454413337367876e-22, nan 
141.875, 79.375, 5.280486677683529e-22, nan 
142.125, 79.375, 5.112819379935198e-22, nan 
142.375, 79.375, 5.358145700121869e-22, nan 
142.625, 79.375, 5.637484317292083e-22, nan 
142.875, 79.375, 5.791046332122697e-22, nan 
143.125, 79.375, 4.654836279244367e-22, nan 
143.375, 79.375, 4.581659846796734e-22, nan 
143.625, 79.375, 3.9743683144569916e-22, nan 
143.875, 79.375, 3.9355939272761784e-22, nan 
144.125, 79.375, 4.489620082342027e-22, nan 
144.375, 79.375, 4.512560741413686e-22, nan 
144.625, 79.375, 4.0831138734071067e-22, nan 
144.875, 79.375, 3.9652173617167853e-22, nan 
145.125, 79.375, 4.365217324929566e-22, nan 
145.375, 79.375, 5.19896280821793e-22, nan 
145.625, 79.375, 4.581668071801626e-22, nan 
145.875, 79.375, 4.2177610089292003e-22, nan 
146.125, 79.375, 3.604699634511579e-22, nan 
146.375, 79.375, 3.5334856014704313e-22, nan 
146.625, 79.375, 3.8332671939172944e-22, nan 
146.875, 79.375, 3.1040014563499267e-22, nan 
147.125, 79.375, 3.6051165040024797e-22, nan 
147.375, 79.375, 2.8831350510466516e-22, nan 
147.625, 79.375, 2.29688104483761e-22, nan 
147.875, 79.375, 1.4231049962812478e-22, nan 
148.125, 79.375, 4.7883314505190186e-23, nan 
148.375, 79.375, 2.0494635318094857e-22, nan 
148.625, 79.375, 2.0539695168939952e-22, nan 
148.875, 79.375, 2.188480342322354e-22, nan 
149.125, 79.375, 1.795463043267581e-22, nan 
149.375, 79.375, 9.534929755463582e-23, nan 
149.625, 79.375, 8.580619730880543e-23, nan 
149.875, 79.375, 1.4830877979144536e-22, nan 
150.125, 79.375, 1.5708926478372876e-22, nan 
150.375, 79.375, 1.9489759263657427e-22, nan 
150.625, 79.375, 1.7629938812703434e-22, nan 
150.875, 79.375, 1.593621497947347e-22, nan 
151.125, 79.375, 1.5311609981009176e-22, nan 
151.375, 79.375, 1.158754161188774e-22, nan 
151.625, 79.375, 1.9882987426477257e-22, nan 
151.875, 79.375, 2.239197056249128e-22, nan 
152.125, 79.375, 2.5942551699129486e-22, nan 
152.375, 79.375, 2.6427024005513175e-22, nan 
152.625, 79.375, 2.4633796513447947e-22, nan 
152.875, 79.375, 1.964645335349047e-22, nan 
153.125, 79.375, 1.6334822403583895e-22, nan 
153.375, 79.375, 1.8322843530648122e-22, nan 
153.625, 79.375, 1.849283239927287e-22, nan 
153.875, 79.375, 1.6845601761554755e-22, nan 
154.125, 79.375, 9.74618897219246e-23, nan 
154.375, 79.375, 3.9935426730960627e-23, nan 
154.625, 79.375, 5.2328683364642753e-23, nan 
154.875, 79.375, 8.179385785090455e-23, nan 
155.125, 79.375, 9.569519153767383e-23, nan 
155.375, 79.375, 1.0305734359022764e-22, nan 
155.625, 79.375, 8.70344777616996e-23, nan 
155.875, 79.375, 1.0720519281338303e-22, nan 
156.125, 79.375, 1.099309005556096e-22, nan 
156.375, 79.375, 1.182976290051085e-22, nan 
156.625, 79.375, 1.07536232843712e-22, nan 
156.875, 79.375, 1.4139312579118762e-22, nan 
157.125, 79.375, 1.6547303230781194e-22, nan 
157.375, 79.375, 1.6127548553963978e-22, nan 
157.625, 79.375, 1.3856925965124298e-22, nan 
157.875, 79.375, 1.809529884853894e-22, nan 
158.125, 79.375, 1.348991112318769e-22, nan 
158.375, 79.375, 1.5625049775389286e-22, nan 
158.625, 79.375, 1.1796697758635524e-22, nan 
158.875, 79.375, 9.53255610114373e-23, nan 
159.125, 79.375, 1.3841096987827597e-22, nan 
159.375, 79.375, 1.8253660928710413e-22, nan 
159.625, 79.375, 1.803393352119139e-22, nan 
159.875, 79.375, 8.022703118595204e-23, nan 
160.125, 79.375, 3.683897723745538e-23, nan 
160.375, 79.375, 6.59751206493452e-23, nan 
160.625, 79.375, 6.016886148688714e-23, nan 
160.875, 79.375, 6.976344822884464e-23, nan 
161.125, 79.375, 5.546505381804278e-23, nan 
161.375, 79.375, 7.71871106195149e-23, nan 
161.625, 79.375, 7.026938569161519e-23, nan 
161.875, 79.375, 4.1751029510187974e-23, nan 
162.125, 79.375, 5.37437403709163e-23, nan 
162.375, 79.375, 6.05436624995612e-23, nan 
162.625, 79.375, 6.074108983442475e-23, nan 
162.875, 79.375, 5.0311646509020416e-23, nan 
163.125, 79.375, 3.528104070828189e-23, nan 
163.375, 79.375, 5.221724858913062e-23, nan 
163.625, 79.375, 4.656007744122424e-23, nan 
163.875, 79.375, 6.356967179175332e-23, nan 
164.125, 79.375, 6.571143620401763e-23, nan 
164.375, 79.375, 6.569997705286064e-23, nan 
164.625, 79.375, 3.95855984518865e-23, nan 
164.875, 79.375, 3.350855375037529e-23, nan 
165.125, 79.375, 4.868618978320213e-23, nan 
165.375, 79.375, 5.932815471863122e-23, nan 
165.625, 79.375, 4.611295408125736e-23, nan 
165.875, 79.375, 4.085302863148091e-23, nan 
166.125, 79.375, 4.276731677853177e-23, nan 
166.375, 79.375, 4.331772200153518e-23, nan 
166.625, 79.375, 5.009892176706955e-23, nan 
166.875, 79.375, 3.980250016789426e-23, nan 
167.125, 79.375, 2.9258648925759223e-23, nan 
167.375, 79.375, 3.1981997461797795e-23, nan 
167.625, 79.375, 2.691088308894558e-23, nan 
167.875, 79.375, 2.3199225737057975e-23, nan 
168.125, 79.375, 2.0141985424106452e-23, nan 
168.375, 79.375, 2.805089536963788e-23, nan 
168.625, 79.375, 2.842570037039259e-23, nan 
168.875, 79.375, 3.5305127087277207e-23, nan 
169.125, 79.375, 2.9749312051076776e-23, nan 
169.375, 79.375, 2.231870828840004e-23, nan 
169.625, 79.375, 2.462776453939444e-23, nan 
169.875, 79.375, 2.067743926178318e-23, nan 
170.125, 79.375, 2.8600748810854696e-23, nan 
170.375, 79.375, 2.983332055882572e-23, nan 
170.625, 79.375, 3.421783452541357e-23, nan 
170.875, 79.375, 3.7622213881267224e-23, nan 
171.125, 79.375, 3.1271353928393737e-23, nan 
171.375, 79.375, 3.218205406554718e-23, nan 
171.625, 79.375, 3.074696875224734e-23, nan 
171.875, 79.375, 2.30439057641101e-23, nan 
172.125, 79.375, 2.4835224804130283e-23, nan 
172.375, 79.375, 3.87276344203175e-23, nan 
172.625, 79.375, 4.5862381942260107e-23, nan 
172.875, 79.375, 4.2093810723003056e-23, nan 
173.125, 79.375, 3.713173537494944e-23, nan 
173.375, 79.375, 3.240884757987225e-23, nan 
173.625, 79.375, 4.2338782599454756e-23, nan 
173.875, 79.375, 5.534397256029682e-23, nan 
174.125, 79.375, 5.2263172533842274e-23, nan 
174.375, 79.375, 5.339735979049059e-23, nan 
174.625, 79.375, 4.9351814869659627e-23, nan 
174.875, 79.375, 6.031903053204557e-23, nan 
175.125, 79.375, 4.876106700434092e-23, nan 
175.375, 79.375, 6.039541263979345e-23, nan 
175.625, 79.375, 5.154034110372935e-23, nan 
175.875, 79.375, 5.786789051486303e-23, nan 
176.125, 79.375, 5.849238103070973e-23, nan 
176.375, 79.375, 4.7461709430540436e-23, nan 
176.625, 79.375, 4.735601487719673e-23, nan 
176.875, 79.375, 4.229492432521445e-23, nan 
177.125, 79.375, 5.0348923013744404e-23, nan 
177.375, 79.375, 5.255280411630559e-23, nan 
177.625, 79.375, 4.515949512453226e-23, nan 
177.875, 79.375, 3.87315121265251e-23, nan 
178.125, 79.375, 4.4936111754077954e-23, nan 
178.375, 79.375, 4.8929125025608546e-23, nan 
178.625, 79.375, 4.696730266623532e-23, nan 
178.875, 79.375, 4.356874811053365e-23, nan 
179.125, 79.375, 4.518334528978606e-23, nan 
179.375, 79.375, 4.2155868192081283e-23, nan 
179.625, 79.375, 5.0498559610974705e-23, nan 
179.875, 79.375, 4.115849788405188e-23, nan 
-179.875, 79.625, 3.828640207552067e-23, nan 
-179.625, 79.625, 3.714728932482996e-23, nan 
-179.375, 79.625, 4.0254985906743787e-23, nan 
-179.125, 79.625, 3.470843743864282e-23, nan 
-178.875, 79.625, 4.3343446798190614e-23, nan 
-178.625, 79.625, 3.644568973197464e-23, nan 
-178.375, 79.625, 4.3035954887612654e-23, nan 
-178.125, 79.625, 4.521727020810382e-23, nan 
-177.875, 79.625, 4.0417259974361065e-23, nan 
-177.625, 79.625, 3.933890169421413e-23, nan 
-177.375, 79.625, 4.076963041715942e-23, nan 
-177.125, 79.625, 3.590416373878778e-23, nan 
-176.875, 79.625, 3.51794006285619e-23, nan 
-176.625, 79.625, 3.449491235757899e-23, nan 
-176.375, 79.625, 3.549728981042392e-23, nan 
-176.125, 79.625, 3.920492552903816e-23, nan 
-175.875, 79.625, 3.2971378671582956e-23, nan 
-175.625, 79.625, 3.455551052046985e-23, nan 
-175.375, 79.625, 3.8501492373094704e-23, nan 
-175.125, 79.625, 3.049478157111299e-23, nan 
-174.875, 79.625, 3.2291141632314663e-23, nan 
-174.625, 79.625, 3.220528327028478e-23, nan 
-174.375, 79.625, 2.875581495383827e-23, nan 
-174.125, 79.625, 3.345974869424935e-23, nan 
-173.875, 79.625, 2.8389546357495965e-23, nan 
-173.625, 79.625, 3.0176819672926484e-23, nan 
-173.375, 79.625, 3.063796859816772e-23, nan 
-173.125, 79.625, 2.892597150865178e-23, nan 
-172.875, 79.625, 2.984711749419385e-23, nan 
-172.625, 79.625, 2.6205164420093723e-23, nan 
-172.375, 79.625, 3.121377526223498e-23, nan 
-172.125, 79.625, 2.4367694078121425e-23, nan 
-171.875, 79.625, 2.9253651540242056e-23, nan 
-171.625, 79.625, 2.691023109960754e-23, nan 
-171.375, 79.625, 2.657586765901172e-23, nan 
-171.125, 79.625, 2.4756221821384503e-23, nan 
-170.875, 79.625, 2.769938492557386e-23, nan 
-170.625, 79.625, 2.4974458958719798e-23, nan 
-170.375, 79.625, 2.270419379880128e-23, nan 
-170.125, 79.625, 2.510288603057102e-23, nan 
-169.875, 79.625, 2.200477480975908e-23, nan 
-169.625, 79.625, 2.344317105330809e-23, nan 
-169.375, 79.625, 2.14550581510014e-23, nan 
-169.125, 79.625, 2.245623417084109e-23, nan 
-168.875, 79.625, 2.110301594359369e-23, nan 
-168.625, 79.625, 2.0326339186855996e-23, nan 
-168.375, 79.625, 1.8223800034855302e-23, nan 
-168.125, 79.625, 1.9633576417144658e-23, nan 
-167.875, 79.625, 1.9579383693053423e-23, nan 
-167.625, 79.625, 1.8937729645071483e-23, nan 
-167.375, 79.625, 1.7479192734839113e-23, nan 
-167.125, 79.625, 1.4218783795260534e-23, nan 
-166.875, 79.625, 1.9360885705741316e-23, nan 
-166.625, 79.625, 1.5692844174624789e-23, nan 
-166.375, 79.625, 1.6465389749538915e-23, nan 
-166.125, 79.625, 1.3576509552057967e-23, nan 
-165.875, 79.625, 1.5025184394559087e-23, nan 
-165.625, 79.625, 1.6810552646542902e-23, nan 
-165.375, 79.625, 1.6731714817988245e-23, nan 
-165.125, 79.625, 1.5919903624313804e-23, nan 
-164.875, 79.625, 1.4464454535655043e-23, nan 
-164.625, 79.625, 1.4819212358854312e-23, nan 
-164.375, 79.625, 1.3791787539614355e-23, nan 
-164.125, 79.625, 1.3063823804410587e-23, nan 
-163.875, 79.625, 1.47887315462316e-23, nan 
-163.625, 79.625, 1.2931772732391204e-23, nan 
-163.375, 79.625, 1.3358172358007638e-23, nan 
-163.125, 79.625, 1.284333005742763e-23, nan 
-162.875, 79.625, 1.0322730288945007e-23, nan 
-162.625, 79.625, 1.2404672456407766e-23, nan 
-162.375, 79.625, 1.1682165724029529e-23, nan 
-162.125, 79.625, 1.1668720820453954e-23, nan 
-161.875, 79.625, 1.3278619236070646e-23, nan 
-161.625, 79.625, 1.0673329919338643e-23, nan 
-161.375, 79.625, 1.1719240534415588e-23, nan 
-161.125, 79.625, 1.2074230320645762e-23, nan 
-160.875, 79.625, 1.14675731125634e-23, nan 
-160.625, 79.625, 1.0816157884250675e-23, nan 
-160.375, 79.625, 1.0600179887332587e-23, nan 
-160.125, 79.625, 1.0744227888273352e-23, nan 
-159.875, 79.625, 1.1851045095724385e-23, nan 
-159.625, 79.625, 1.0228568277600187e-23, nan 
-159.375, 79.625, 1.2017496489625314e-23, nan 
-159.125, 79.625, 1.0282996632801737e-23, nan 
-158.875, 79.625, 1.0810308144723604e-23, nan 
-158.625, 79.625, 9.89760650553854e-24, nan 
-158.375, 79.625, 1.0954826572828985e-23, nan 
-158.125, 79.625, 9.920140842687341e-24, nan 
-157.875, 79.625, 9.780830130833147e-24, nan 
-157.625, 79.625, 8.948847413374764e-24, nan 
-157.375, 79.625, 9.541664644212974e-24, nan 
-157.125, 79.625, 9.719632952782194e-24, nan 
-156.875, 79.625, 9.947966402493217e-24, nan 
-156.625, 79.625, 9.635729312031747e-24, nan 
-156.375, 79.625, 8.357881968879686e-24, nan 
-156.125, 79.625, 9.138214076893037e-24, nan 
-155.875, 79.625, 8.285319398821594e-24, nan 
-155.625, 79.625, 9.651932731959833e-24, nan 
-155.375, 79.625, 1.3128561546918431e-23, nan 
-155.125, 79.625, 1.0350074754659467e-23, nan 
-154.875, 79.625, 8.27312462110164e-24, nan 
-154.625, 79.625, 6.251662970406464e-24, nan 
-154.375, 79.625, 4.5601185864846524e-24, nan 
-154.125, 79.625, 7.216058243053226e-24, nan 
-153.875, 79.625, 1.2027584376148586e-23, nan 
-153.625, 79.625, 8.943206639731099e-24, nan 
-153.375, 79.625, 4.68799994920036e-24, nan 
-153.125, 79.625, 6.95052780190232e-24, nan 
-152.875, 79.625, 7.6471339665955e-24, nan 
-152.625, 79.625, 6.935980291285309e-24, nan 
-152.375, 79.625, 8.064785677502936e-24, nan 
-152.125, 79.625, 7.26886128711587e-24, nan 
-151.875, 79.625, 7.806164704305182e-24, nan 
-151.625, 79.625, 7.362551308885184e-24, nan 
-151.375, 79.625, 8.206990536196893e-24, nan 
-151.125, 79.625, 8.376720451885119e-24, nan 
-150.875, 79.625, 7.871640142874951e-24, nan 
-150.625, 79.625, 7.68715750974935e-24, nan 
-150.375, 79.625, 8.731048269523328e-24, nan 
-150.125, 79.625, 7.942430907727331e-24, nan 
-149.875, 79.625, 7.265729540904617e-24, nan 
-149.625, 79.625, 7.615680679566457e-24, nan 
-149.375, 79.625, 8.10296615649106e-24, nan 
-149.125, 79.625, 8.85006779569789e-24, nan 
-148.875, 79.625, 8.276769607450896e-24, nan 
-148.625, 79.625, 7.935610735224506e-24, nan 
-148.375, 79.625, 6.258210790149708e-24, nan 
-148.125, 79.625, 5.780821840796149e-24, nan 
-147.875, 79.625, 5.2905190368657196e-24, nan 
-147.625, 79.625, 7.687652787960102e-24, nan 
-147.375, 79.625, 1.0278194066607515e-23, nan 
-147.125, 79.625, 7.30500184410178e-24, nan 
-146.875, 79.625, 7.408179084675964e-24, nan 
-146.625, 79.625, 7.551921094997403e-24, nan 
-146.375, 79.625, 7.265593424422563e-24, nan 
-146.125, 79.625, 8.29394451039058e-24, nan 
-145.875, 79.625, 8.44813293154354e-24, nan 
-145.625, 79.625, 8.067744434781041e-24, nan 
-145.375, 79.625, 7.791916080126792e-24, nan 
-145.125, 79.625, 8.24940127138832e-24, nan 
-144.875, 79.625, 8.218659265730203e-24, nan 
-144.625, 79.625, 9.139002626609363e-24, nan 
-144.375, 79.625, 6.967023406220596e-24, nan 
-144.125, 79.625, 8.62072102193065e-24, nan 
-143.875, 79.625, 7.440889674027776e-24, nan 
-143.625, 79.625, 8.259706107229024e-24, nan 
-143.375, 79.625, 7.836684967655561e-24, nan 
-143.125, 79.625, 7.480920524710946e-24, nan 
-142.875, 79.625, 7.580411664210084e-24, nan 
-142.625, 79.625, 8.430623793997551e-24, nan 
-142.375, 79.625, 8.384445104084099e-24, nan 
-142.125, 79.625, 8.160840106530517e-24, nan 
-141.875, 79.625, 7.579185492894003e-24, nan 
-141.625, 79.625, 9.61343288244196e-24, nan 
-141.375, 79.625, 9.242036232027974e-24, nan 
-141.125, 79.625, 1.0437698950500822e-23, nan 
-140.875, 79.625, 1.1567504979681103e-23, nan 
-140.625, 79.625, 8.25374773140509e-24, nan 
-140.375, 79.625, 1.3033235217814853e-23, nan 
-140.125, 79.625, 8.288551542526768e-24, nan 
-139.875, 79.625, 7.682389813148939e-24, nan 
-139.625, 79.625, 8.245600434268953e-24, nan 
-139.375, 79.625, 7.702909465147978e-24, nan 
-139.125, 79.625, 8.712948949499685e-24, nan 
-138.875, 79.625, 7.286179240694479e-24, nan 
-138.625, 79.625, 6.644096712982117e-24, nan 
-138.375, 79.625, 7.090941332924067e-24, nan 
-138.125, 79.625, 6.537677168533212e-24, nan 
-137.875, 79.625, 6.633279986472158e-24, nan 
-137.625, 79.625, 6.356709737126273e-24, nan 
-137.375, 79.625, 6.973978391721026e-24, nan 
-137.125, 79.625, 7.380324278388053e-24, nan 
-136.875, 79.625, 7.108838489513943e-24, nan 
-136.625, 79.625, 6.357579494083166e-24, nan 
-136.375, 79.625, 6.643082994103755e-24, nan 
-136.125, 79.625, 7.139667360701529e-24, nan 
-135.875, 79.625, 6.960818651734878e-24, nan 
-135.625, 79.625, 6.545194200151036e-24, nan 
-135.375, 79.625, 6.2276953383041044e-24, nan 
-135.125, 79.625, 6.394306408372091e-24, nan 
-134.875, 79.625, 7.637419771259776e-24, nan 
-134.625, 79.625, 6.54577553069961e-24, nan 
-134.375, 79.625, 6.839721103755035e-24, nan 
-134.125, 79.625, 6.3500715222474624e-24, nan 
-133.875, 79.625, 6.749589896832205e-24, nan 
-133.625, 79.625, 7.27596974390407e-24, nan 
-133.375, 79.625, 6.1733575458908164e-24, nan 
-133.125, 79.625, 6.815676724851623e-24, nan 
-132.875, 79.625, 7.04778773460724e-24, nan 
-132.625, 79.625, 7.105496416871126e-24, nan 
-132.375, 79.625, 6.784069289048708e-24, nan 
-22.125, 79.625, 2.3371323170656988e-23, nan 
-21.875, 79.625, 2.6357753203752845e-23, nan 
-21.625, 79.625, 2.490360151817216e-23, nan 
-21.375, 79.625, 2.8325864351016244e-23, nan 
-21.125, 79.625, 2.7935498618302204e-23, nan 
-20.875, 79.625, 2.6836222110563734e-23, nan 
-20.625, 79.625, 2.251827261211001e-23, nan 
-20.375, 79.625, 2.3609054810587665e-23, nan 
-20.125, 79.625, 2.755364047855924e-23, nan 
-19.875, 79.625, 4.62993363536472e-23, nan 
-19.625, 79.625, 4.588235289400849e-23, nan 
-19.375, 79.625, 5.248698675640721e-23, nan 
-19.125, 79.625, 5.511828746207017e-23, nan 
-18.875, 79.625, 5.478795035824102e-23, nan 
-18.625, 79.625, 3.732933370326855e-23, nan 
-18.375, 79.625, 3.842502165234189e-23, nan 
-18.125, 79.625, 4.784542281600976e-23, nan 
-17.875, 79.625, 5.2397127623738245e-23, nan 
-17.625, 79.625, 5.2408460136184704e-23, nan 
-17.375, 79.625, 4.021106805307455e-23, nan 
-17.125, 79.625, 3.986101050509425e-23, nan 
-16.875, 79.625, 3.5038114155595965e-23, nan 
-16.625, 79.625, 3.5659846711229325e-23, nan 
-16.375, 79.625, 3.437025712190727e-23, nan 
-16.125, 79.625, 3.1477160767725683e-23, nan 
-15.875, 79.625, 2.4967121466106852e-23, nan 
-15.625, 79.625, 1.423885724909154e-23, nan 
-15.375, 79.625, 1.1643955494408486e-23, nan 
-15.125, 79.625, 8.416848800531392e-24, nan 
-14.875, 79.625, 1.4739790989929412e-23, nan 
-14.625, 79.625, 2.0151513846015326e-23, nan 
-14.375, 79.625, 2.1301815087038078e-23, nan 
-14.125, 79.625, 2.3637032187514988e-23, nan 
-13.875, 79.625, 2.3800611034132556e-23, nan 
-13.625, 79.625, 2.171068048865165e-23, nan 
-13.375, 79.625, 2.1466062621894804e-23, nan 
-13.125, 79.625, 2.107873801072661e-23, nan 
-12.875, 79.625, 3.628707552007261e-23, nan 
-12.625, 79.625, 4.2616424851918895e-23, nan 
-12.375, 79.625, 4.429756142930139e-23, nan 
-12.125, 79.625, 6.478570217789208e-23, nan 
-11.875, 79.625, 6.706088051804965e-23, nan 
-11.625, 79.625, 7.042941417557713e-23, nan 
-11.375, 79.625, 7.052468302875339e-23, nan 
-11.125, 79.625, 5.307279650622686e-23, nan 
-10.875, 79.625, 5.789277817767197e-23, nan 
-10.625, 79.625, 6.342497401187439e-23, nan 
-10.375, 79.625, 6.678798939995636e-23, nan 
-10.125, 79.625, 6.725108301909625e-23, nan 
-9.875, 79.625, 5.70200486683142e-23, nan 
-9.625, 79.625, 3.977216148883323e-23, nan 
-9.375, 79.625, 3.498975116482451e-23, nan 
-9.125, 79.625, 2.5676509200272018e-23, nan 
-8.875, 79.625, 1.416709195192094e-23, nan 
-8.625, 79.625, 3.854134938528142e-24, nan 
-8.375, 79.625, 2.05342232290127e-24, nan 
-8.125, 79.625, 1.728243413096498e-24, nan 
-7.875, 79.625, 8.238856104482445e-25, nan 
-7.625, 79.625, 6.062256271318943e-25, nan 
-7.375, 79.625, 1.4648479998044521e-24, nan 
-7.125, 79.625, 2.47853358418333e-24, nan 
-6.875, 79.625, 6.816994728847544e-24, nan 
-6.625, 79.625, 1.269243918215816e-23, nan 
-6.375, 79.625, 1.3887953870176905e-23, nan 
-6.125, 79.625, 2.0016663506883853e-23, nan 
-5.875, 79.625, 2.1772460256915693e-23, nan 
-5.625, 79.625, 2.2666611350497404e-23, nan 
-5.375, 79.625, 2.0421843923956366e-23, nan 
-5.125, 79.625, 1.5841109621387145e-23, nan 
-4.875, 79.625, 2.0982831963204038e-23, nan 
-4.625, 79.625, 3.159996232510184e-23, nan 
-4.375, 79.625, 4.496704776481112e-23, nan 
-4.125, 79.625, 4.5586343845598636e-23, nan 
-3.875, 79.625, 3.397922750657461e-23, nan 
-3.625, 79.625, 2.858304050315608e-23, nan 
-3.375, 79.625, 3.7017136919748985e-23, nan 
-3.125, 79.625, 4.900242170496154e-23, nan 
-2.875, 79.625, 5.2314214255200905e-23, nan 
-2.625, 79.625, 4.91741044453217e-23, nan 
-2.375, 79.625, 2.0721768718286084e-23, nan 
-2.125, 79.625, 1.0424348664123203e-23, nan 
-1.875, 79.625, 3.5808493521217365e-24, nan 
-1.625, 79.625, 4.12784527106886e-24, nan 
-1.375, 79.625, 1.2195846261087597e-24, nan 
-1.125, 79.625, 4.091176345235036e-24, nan 
-0.875, 79.625, 3.842297549904967e-24, nan 
-0.625, 79.625, 2.471375796126614e-24, nan 
-0.375, 79.625, 4.6874436221355506e-24, nan 
-0.125, 79.625, 6.736143860716407e-24, nan 
0.125, 79.625, 6.246033781991696e-24, nan 
0.375, 79.625, 6.957613912033112e-24, nan 
0.625, 79.625, 5.7431214520241604e-24, nan 
0.875, 79.625, 5.3642472364852676e-24, nan 
1.125, 79.625, 5.684023917403939e-24, nan 
1.375, 79.625, 6.461952404803674e-24, nan 
1.625, 79.625, 6.40428926101372e-24, nan 
1.875, 79.625, 5.999132242566468e-24, nan 
2.125, 79.625, 7.957099319534028e-24, nan 
2.375, 79.625, 8.235265142470216e-24, nan 
2.625, 79.625, 8.575849321309005e-24, nan 
2.875, 79.625, 1.055713412239373e-23, nan 
3.125, 79.625, 1.433323968270204e-23, nan 
3.375, 79.625, 1.3269331917932635e-23, nan 
3.625, 79.625, 1.2477530810988868e-23, nan 
3.875, 79.625, 1.4065905986187436e-23, nan 
4.125, 79.625, 2.8307213413513383e-23, nan 
4.375, 79.625, 3.8256812970291324e-23, nan 
4.625, 79.625, 2.925614269554937e-23, nan 
4.875, 79.625, 2.238871508079304e-23, nan 
5.125, 79.625, 1.3158912617830738e-23, nan 
5.375, 79.625, 2.5616464655823674e-23, nan 
5.625, 79.625, 1.5612713544001856e-23, nan 
5.875, 79.625, 1.9531650999473277e-23, nan 
6.125, 79.625, 4.118557299203729e-23, nan 
6.375, 79.625, 1.5018317923518753e-23, nan 
6.625, 79.625, 5.824879217692148e-23, nan 
6.875, 79.625, 3.035533976764223e-23, nan 
7.125, 79.625, 6.307638726306126e-23, nan 
7.375, 79.625, 5.631005944666965e-23, nan 
7.625, 79.625, 6.159095233761166e-23, nan 
7.875, 79.625, 8.174249427509073e-23, nan 
8.125, 79.625, 6.539228637747881e-23, nan 
8.375, 79.625, 8.122364845548057e-23, nan 
8.625, 79.625, 6.062770829938476e-23, nan 
8.875, 79.625, 3.168010332603622e-23, nan 
9.125, 79.625, 2.4596670980400423e-23, nan 
9.375, 79.625, 2.0470873740853033e-23, nan 
9.625, 79.625, 2.238893142889307e-23, nan 
9.875, 79.625, 3.598300591282792e-23, nan 
10.125, 79.625, 3.02090823102097e-23, nan 
10.375, 79.625, 2.0607544130550312e-23, nan 
10.625, 79.625, 1.8413792961872264e-23, nan 
10.875, 79.625, 1.4449695548428597e-23, nan 
11.125, 79.625, 1.3798095274038377e-23, nan 
11.375, 79.625, 1.9664257502025785e-23, nan 
11.625, 79.625, 1.910539427951167e-23, nan 
11.875, 79.625, 1.7201060181643853e-23, nan 
12.125, 79.625, 1.6854703127663602e-23, nan 
12.375, 79.625, 1.6873727706278944e-23, nan 
12.625, 79.625, 9.972865127840631e-24, nan 
12.875, 79.625, 1.0780480019687343e-23, nan 
13.125, 79.625, 2.6259426827151804e-23, nan 
13.375, 79.625, 1.632802684842788e-23, nan 
13.625, 79.625, 1.8353600655275505e-23, nan 
13.875, 79.625, 7.923575176212359e-24, nan 
14.125, 79.625, 1.725598751109369e-23, nan 
14.375, 79.625, 3.967081805511321e-23, nan 
14.625, 79.625, 4.0546524104592356e-23, nan 
14.875, 79.625, 6.745441847185699e-23, nan 
15.125, 79.625, 8.680320664759458e-23, nan 
15.375, 79.625, 8.24053887731145e-23, nan 
15.625, 79.625, 7.847118101818804e-23, nan 
15.875, 79.625, 6.49411038171368e-23, nan 
16.125, 79.625, 7.286027662027975e-23, nan 
16.375, 79.625, 1.466019397183883e-22, nan 
16.625, 79.625, 1.725924321139621e-22, nan 
16.875, 79.625, 1.712455291548145e-22, nan 
17.125, 79.625, 1.0270953864713242e-22, nan 
17.375, 79.625, 9.974136517079704e-23, nan 
17.625, 79.625, 1.282566795281621e-22, nan 
17.875, 79.625, 1.3705022155795271e-22, nan 
18.125, 79.625, 1.2335873797048674e-22, nan 
18.375, 79.625, 7.561644244480089e-23, nan 
18.625, 79.625, 2.1999760682437873e-23, nan 
18.875, 79.625, 1.9161342579337766e-23, nan 
19.125, 79.625, 1.5600295499284937e-23, nan 
19.375, 79.625, 1.5855048096797424e-23, nan 
19.625, 79.625, 1.651443283380847e-23, nan 
19.875, 79.625, 1.543417906317336e-23, nan 
20.125, 79.625, 1.2786576157436537e-23, nan 
20.375, 79.625, 1.3550291066789023e-23, nan 
20.625, 79.625, 1.046426060765493e-23, nan 
20.875, 79.625, 1.485045482969898e-23, nan 
21.125, 79.625, 1.250573669965347e-23, nan 
21.375, 79.625, 1.857172635396837e-23, nan 
21.625, 79.625, 2.1139442174992617e-23, nan 
21.875, 79.625, 1.6258672869188525e-23, nan 
22.125, 79.625, 3.566006828880393e-23, nan 
22.375, 79.625, 3.301522512405641e-23, nan 
22.625, 79.625, 2.5001096059674726e-23, nan 
22.875, 79.625, 4.036315072344521e-23, nan 
23.125, 79.625, 4.338330602014859e-23, nan 
23.375, 79.625, 3.9481474522080964e-23, nan 
23.625, 79.625, 2.1438141721592287e-23, nan 
23.875, 79.625, 3.001047717818812e-23, nan 
24.125, 79.625, 4.9483942942737837e-23, nan 
24.375, 79.625, 6.885297616137856e-23, nan 
24.625, 79.625, 4.113502882067671e-23, nan 
24.875, 79.625, 3.7541308889507065e-23, nan 
25.125, 79.625, 4.7826320412649905e-23, nan 
25.375, 79.625, 3.4586574944296834e-23, nan 
25.625, 79.625, 2.5639693655243175e-23, nan 
25.875, 79.625, 3.307957516442825e-23, nan 
26.125, 79.625, 6.288367414119787e-23, nan 
26.375, 79.625, 7.032547561196115e-23, nan 
26.625, 79.625, 7.81650999913601e-23, nan 
26.875, 79.625, 7.07262484001426e-23, nan 
27.125, 79.625, 6.309541370365849e-23, nan 
27.375, 79.625, 3.6418078951104855e-23, nan 
27.625, 79.625, 4.9127136053739796e-23, nan 
27.875, 79.625, 4.810704400456602e-23, nan 
28.125, 79.625, 4.4648307434241986e-23, nan 
28.375, 79.625, 3.3604210396042345e-23, nan 
28.625, 79.625, 5.394465493617515e-23, nan 
28.875, 79.625, 6.760140561806649e-23, nan 
29.125, 79.625, 7.32220391198261e-23, nan 
29.375, 79.625, 5.384183771221947e-23, nan 
29.625, 79.625, 6.586200876123926e-23, nan 
29.875, 79.625, 8.599888874086003e-23, nan 
30.125, 79.625, 9.51666825339582e-23, nan 
30.375, 79.625, 7.32693125005908e-23, nan 
30.625, 79.625, 3.769488735241783e-23, nan 
30.875, 79.625, 2.2148758695939393e-23, nan 
31.125, 79.625, 1.914211700465163e-23, nan 
31.375, 79.625, 2.074780582570578e-23, nan 
31.625, 79.625, 1.4109416584690176e-23, nan 
31.875, 79.625, 1.5170331900609043e-23, nan 
32.125, 79.625, 1.4510385909989222e-23, nan 
32.375, 79.625, 1.5578757063502584e-23, nan 
32.625, 79.625, 1.8590457179888366e-23, nan 
32.875, 79.625, 2.0643117999575813e-23, nan 
33.125, 79.625, 2.477950129529049e-23, nan 
33.375, 79.625, 2.7704071780886955e-23, nan 
33.625, 79.625, 2.5945690293698154e-23, nan 
33.875, 79.625, 2.530113548274489e-23, nan 
34.125, 79.625, 2.6324895272181825e-23, nan 
34.375, 79.625, 2.5335246076710062e-23, nan 
34.625, 79.625, 2.718546111861594e-23, nan 
34.875, 79.625, 2.8087141417624924e-23, nan 
35.125, 79.625, 4.9201762072868745e-23, nan 
35.375, 79.625, 6.279592717893662e-23, nan 
35.625, 79.625, 7.263901440139727e-23, nan 
35.875, 79.625, 6.410584137964823e-23, nan 
36.125, 79.625, 5.363915088611027e-23, nan 
36.375, 79.625, 4.674563570963284e-23, nan 
36.625, 79.625, 3.320361397187875e-23, nan 
36.875, 79.625, 3.8497970950109356e-23, nan 
37.125, 79.625, 3.2691604191593955e-23, nan 
37.375, 79.625, 3.8037167222200206e-23, nan 
37.625, 79.625, 3.839446922995427e-23, nan 
37.875, 79.625, 3.6084608862569816e-23, nan 
38.125, 79.625, 3.419308684796282e-23, nan 
38.375, 79.625, 3.0363597984329193e-23, nan 
38.625, 79.625, 2.5811788381876125e-23, nan 
38.875, 79.625, 3.100479329973068e-23, nan 
39.125, 79.625, 2.749465316197894e-23, nan 
39.375, 79.625, 2.2407133759504642e-23, nan 
39.625, 79.625, 2.683019344337461e-23, nan 
39.875, 79.625, 2.8138453066380296e-23, nan 
40.125, 79.625, 2.9119204197817335e-23, nan 
40.375, 79.625, 2.661743937077939e-23, nan 
40.625, 79.625, 2.559513587236551e-23, nan 
40.875, 79.625, 2.4023425407110507e-23, nan 
41.125, 79.625, 2.3211348983822864e-23, nan 
41.375, 79.625, 1.6069375662242062e-23, nan 
41.625, 79.625, 1.7995851783961458e-23, nan 
41.875, 79.625, 1.6612908011227526e-23, nan 
42.125, 79.625, 1.330380426317963e-23, nan 
42.375, 79.625, 1.1710696113604077e-23, nan 
42.625, 79.625, 1.4489980108382725e-23, nan 
42.875, 79.625, 1.6750469821153436e-23, nan 
43.125, 79.625, 1.3535095507708022e-23, nan 
43.375, 79.625, 1.3233310651493749e-23, nan 
43.625, 79.625, 1.2489952460468712e-23, nan 
43.875, 79.625, 1.7981402644807562e-23, nan 
44.125, 79.625, 2.874616330402145e-23, nan 
44.375, 79.625, 2.504042468888292e-23, nan 
44.625, 79.625, 3.519519603813485e-23, nan 
44.875, 79.625, 3.2571318305991496e-23, nan 
45.125, 79.625, 3.6729448448367513e-23, nan 
45.375, 79.625, 3.270887516195878e-23, nan 
45.625, 79.625, 2.900255469641795e-23, nan 
45.875, 79.625, 3.068653497697168e-23, nan 
46.125, 79.625, 3.011531037456936e-23, nan 
46.375, 79.625, 3.703149179408003e-23, nan 
46.625, 79.625, 3.7061749056950485e-23, nan 
46.875, 79.625, 3.7489157667253485e-23, nan 
47.125, 79.625, 3.8420863397837087e-23, nan 
47.375, 79.625, 5.692859394451402e-23, nan 
47.625, 79.625, 5.509076784194371e-23, nan 
47.875, 79.625, 7.056946915850822e-23, nan 
48.125, 79.625, 7.107778076483954e-23, nan 
48.375, 79.625, 6.511394644038594e-23, nan 
48.625, 79.625, 5.061721488216313e-23, nan 
48.875, 79.625, 5.930575467314223e-23, nan 
49.125, 79.625, 6.90505701673698e-23, nan 
49.375, 79.625, 6.54181487866876e-23, nan 
49.625, 79.625, 5.627970563774643e-23, nan 
49.875, 79.625, 4.139043252693909e-23, nan 
50.125, 79.625, 4.514820117131674e-23, nan 
50.375, 79.625, 5.188915998606035e-23, nan 
50.625, 79.625, 5.905033117589424e-23, nan 
50.875, 79.625, 5.273870151609854e-23, nan 
51.125, 79.625, 6.885562483295451e-23, nan 
51.375, 79.625, 5.502663355623619e-23, nan 
51.625, 79.625, 4.676632027954603e-23, nan 
51.875, 79.625, 5.201161532744405e-23, nan 
52.125, 79.625, 7.048971061001623e-23, nan 
52.375, 79.625, 9.297641582343969e-23, nan 
52.625, 79.625, 7.356689206899979e-23, nan 
52.875, 79.625, 6.479829903263797e-23, nan 
53.125, 79.625, 5.984659537239603e-23, nan 
53.375, 79.625, 5.013890118023513e-23, nan 
53.625, 79.625, 6.035549894143964e-23, nan 
53.875, 79.625, 5.274072847409684e-23, nan 
54.125, 79.625, 4.860951846765342e-23, nan 
54.375, 79.625, 4.7767540392056574e-23, nan 
54.625, 79.625, 3.3995497422359744e-23, nan 
54.875, 79.625, 3.606731233063618e-23, nan 
55.125, 79.625, 4.436398672445245e-23, nan 
55.375, 79.625, 3.369973321303411e-23, nan 
55.625, 79.625, 2.2910428203021468e-23, nan 
55.875, 79.625, 2.343178252776476e-23, nan 
56.125, 79.625, 2.223328225152319e-23, nan 
56.375, 79.625, 5.363939364609963e-23, nan 
56.625, 79.625, 4.5567567581480294e-23, nan 
56.875, 79.625, 3.607984919887893e-23, nan 
57.125, 79.625, 3.76668352935544e-23, nan 
57.375, 79.625, 1.872744533526846e-23, nan 
57.625, 79.625, 2.0716671381687788e-23, nan 
57.875, 79.625, 6.179296823920061e-23, nan 
58.125, 79.625, 9.608491992250319e-23, nan 
58.375, 79.625, 1.3153360469193697e-22, nan 
58.625, 79.625, 1.4572772226352614e-22, nan 
58.875, 79.625, 1.7609407935670128e-22, nan 
59.125, 79.625, 1.477384678568423e-22, nan 
59.375, 79.625, 1.4158323313892154e-22, nan 
59.625, 79.625, 1.51918365981211e-22, nan 
59.875, 79.625, 1.6379603640569778e-22, nan 
60.125, 79.625, 1.6490385972873854e-22, nan 
60.375, 79.625, 1.4276885100338618e-22, nan 
60.625, 79.625, 1.2966474296781693e-22, nan 
60.875, 79.625, 1.219962335165428e-22, nan 
61.125, 79.625, 1.0889211979924015e-22, nan 
61.375, 79.625, 1.1959852336199994e-22, nan 
61.625, 79.625, 1.4892731325077594e-22, nan 
61.875, 79.625, 1.6274875835707062e-22, nan 
62.125, 79.625, 1.4330225928258142e-22, nan 
62.375, 79.625, 1.2380223805282075e-22, nan 
62.625, 79.625, 1.083277255577983e-22, nan 
62.875, 79.625, 8.366513499054402e-23, nan 
63.125, 79.625, 6.39365883921617e-23, nan 
63.375, 79.625, 6.855777024536332e-23, nan 
63.625, 79.625, 7.491503914646723e-23, nan 
63.875, 79.625, 9.399397261626949e-23, nan 
64.125, 79.625, 1.0056626384007996e-22, nan 
64.375, 79.625, 1.151434786689538e-22, nan 
64.625, 79.625, 1.1130215791387702e-22, nan 
64.875, 79.625, 1.1412961112178507e-22, nan 
65.125, 79.625, 1.2886778094115998e-22, nan 
65.375, 79.625, 1.6511805188370915e-22, nan 
65.625, 79.625, 1.5777177139672707e-22, nan 
65.875, 79.625, 1.7628190698281564e-22, nan 
66.125, 79.625, 1.742084475323924e-22, nan 
66.375, 79.625, 1.5612987393330748e-22, nan 
66.625, 79.625, 1.760448448501353e-22, nan 
66.875, 79.625, 1.9097882538453582e-22, nan 
67.125, 79.625, 1.99157853158006e-22, nan 
67.375, 79.625, 1.853668601499205e-22, nan 
67.625, 79.625, 1.6213363266284842e-22, nan 
67.875, 79.625, 1.837196658347249e-22, nan 
68.125, 79.625, 1.8811935766779513e-22, nan 
68.375, 79.625, 1.7143734558295693e-22, nan 
68.625, 79.625, 1.7136987606355833e-22, nan 
68.875, 79.625, 1.5833870113901874e-22, nan 
69.125, 79.625, 1.6372850312687193e-22, nan 
69.375, 79.625, 1.350288353287613e-22, nan 
69.625, 79.625, 1.0325580529345627e-22, nan 
69.875, 79.625, 1.2241215137245707e-22, nan 
70.125, 79.625, 1.2653968605370456e-22, nan 
70.375, 79.625, 1.3224453152345564e-22, nan 
70.625, 79.625, 1.2162333828445607e-22, nan 
70.875, 79.625, 1.5164698941066025e-22, nan 
71.125, 79.625, 1.1354604248444997e-22, nan 
71.375, 79.625, 8.845590324663538e-23, nan 
71.625, 79.625, 7.031611767752155e-23, nan 
71.875, 79.625, 4.546997594682771e-23, nan 
72.125, 79.625, 1.0019715047574174e-22, nan 
72.375, 79.625, 1.2701025534770752e-22, nan 
72.625, 79.625, 1.5500795700163628e-22, nan 
72.875, 79.625, 1.2308436171718525e-22, nan 
73.125, 79.625, 1.2303578484174695e-22, nan 
73.375, 79.625, 2.2390847475848246e-22, nan 
73.625, 79.625, 2.320071205170422e-22, nan 
73.875, 79.625, 3.0807911200382717e-22, nan 
74.125, 79.625, 4.0342564698405276e-22, nan 
74.375, 79.625, 3.975707382480595e-22, nan 
74.625, 79.625, 4.284811700573733e-22, nan 
74.875, 79.625, 2.0547410723572115e-22, nan 
75.125, 79.625, 2.0474474598280107e-22, nan 
75.375, 79.625, 1.5300955518297613e-22, nan 
75.625, 79.625, 9.571113231447152e-23, nan 
75.875, 79.625, 9.142960319829686e-23, nan 
76.125, 79.625, 1.2035947874401251e-22, nan 
76.375, 79.625, 1.140193168087355e-22, nan 
76.625, 79.625, 1.2298306933077775e-22, nan 
76.875, 79.625, 1.4876239092999002e-22, nan 
77.125, 79.625, 1.0167620950317557e-22, nan 
77.375, 79.625, 1.5787193509430692e-22, nan 
77.625, 79.625, 7.98415940827746e-23, nan 
77.875, 79.625, 9.575230673790161e-23, nan 
78.125, 79.625, 1.8182480778784075e-22, nan 
78.375, 79.625, 1.0574150437787112e-22, nan 
78.625, 79.625, 1.0813236795434302e-22, nan 
78.875, 79.625, 1.0674500321590087e-22, nan 
79.125, 79.625, 1.145564634149929e-22, nan 
79.375, 79.625, 1.4624822165301875e-22, nan 
79.625, 79.625, 1.7217805972814681e-22, nan 
79.875, 79.625, 3.117846071913565e-22, nan 
80.125, 79.625, 2.0675427066341632e-22, nan 
80.375, 79.625, 1.8165268945856784e-22, nan 
80.625, 79.625, 1.3264903495131413e-22, nan 
80.875, 79.625, 1.09823892367276e-22, nan 
81.125, 79.625, 1.7594092268533291e-22, nan 
81.375, 79.625, 1.2216204551911656e-22, nan 
81.625, 79.625, 1.3946165785130607e-22, nan 
81.875, 79.625, 6.336819238652152e-23, nan 
82.125, 79.625, 1.0940057129652857e-22, nan 
82.375, 79.625, 1.41953970959676e-22, nan 
82.625, 79.625, 1.3075374998575206e-22, nan 
82.875, 79.625, 3.0271835433806504e-22, nan 
83.125, 79.625, 2.057266267897464e-22, nan 
83.375, 79.625, 5.336031189470652e-23, nan 
83.625, 79.625, 2.1511372159358453e-22, nan 
83.875, 79.625, 7.804180262723735e-23, nan 
84.125, 79.625, 1.2229251816664812e-22, nan 
84.375, 79.625, 2.6212906722515593e-22, nan 
84.625, 79.625, 1.3306257925618966e-22, nan 
84.875, 79.625, 3.184497889429525e-22, nan 
85.125, 79.625, 1.6016777169257958e-22, nan 
85.375, 79.625, 2.8070330065241363e-22, nan 
85.625, 79.625, 2.1839039126217187e-22, nan 
85.875, 79.625, 3.624955171495902e-22, nan 
86.125, 79.625, 3.055139057089129e-22, nan 
86.375, 79.625, 1.746008118366982e-22, nan 
86.625, 79.625, 8.061681174576195e-23, nan 
86.875, 79.625, 1.8566344228563363e-22, nan 
87.125, 79.625, 2.2312160888952077e-22, nan 
87.375, 79.625, 1.668796653615064e-22, nan 
87.625, 79.625, 1.713139381344896e-22, nan 
87.875, 79.625, 1.5427182567916431e-22, nan 
88.125, 79.625, 2.4511665212364432e-22, nan 
88.375, 79.625, 2.4095730152508584e-22, nan 
88.625, 79.625, 1.4364705147561477e-22, nan 
88.875, 79.625, 1.297765544001071e-22, nan 
89.125, 79.625, 2.762757051581336e-22, nan 
89.375, 79.625, 2.786529647163809e-22, nan 
89.625, 79.625, 2.351163229386819e-22, nan 
89.875, 79.625, 3.865104272343509e-22, nan 
90.125, 79.625, 2.51866863291673e-22, nan 
90.375, 79.625, 3.088434343145826e-22, nan 
90.625, 79.625, 3.717996293353442e-22, nan 
90.875, 79.625, 3.443422173398252e-22, nan 
91.125, 79.625, 4.549306903235518e-22, nan 
91.375, 79.625, 3.266517909841871e-22, nan 
91.625, 79.625, 2.286075480402716e-22, nan 
91.875, 79.625, 4.396985502617925e-22, nan 
92.125, 79.625, 3.379474235497434e-22, nan 
92.375, 79.625, 3.960322852167754e-22, nan 
92.625, 79.625, 7.8548742332340055e-22, nan 
92.875, 79.625, 7.461979857796116e-22, nan 
93.125, 79.625, 5.584164187946753e-22, nan 
93.375, 79.625, 4.405561682196482e-22, nan 
93.625, 79.625, 5.970891753605247e-22, nan 
93.875, 79.625, 8.8988302105714e-22, nan 
94.125, 79.625, 9.61183577934745e-22, nan 
94.375, 79.625, 8.378687929637948e-22, nan 
94.625, 79.625, 7.004237738761989e-22, nan 
94.875, 79.625, 7.252822214942772e-22, nan 
95.125, 79.625, 8.551155836069814e-22, nan 
95.375, 79.625, 7.479195794555365e-22, nan 
95.625, 79.625, 7.571938624002053e-22, nan 
95.875, 79.625, 6.26822239017493e-22, nan 
96.125, 79.625, 1.0108269074064863e-21, nan 
96.375, 79.625, 3.223426149561834e-22, nan 
96.625, 79.625, 2.9541203341521226e-22, nan 
96.875, 79.625, 5.16961874584703e-22, nan 
97.125, 79.625, 3.9715659210825824e-22, nan 
97.375, 79.625, 1.0573793228427723e-21, nan 
97.625, 79.625, 4.411522430905496e-22, nan 
97.875, 79.625, 1.4975646622218111e-21, nan 
98.125, 79.625, 8.733489102085926e-22, nan 
98.375, 79.625, 5.871570030224441e-22, nan 
98.625, 79.625, 5.126407134429491e-22, nan 
98.875, 79.625, 5.164325128021827e-22, nan 
99.125, 79.625, 5.142504626356516e-22, nan 
99.375, 79.625, 5.021344378718632e-22, nan 
99.625, 79.625, 6.139801381045347e-22, nan 
99.875, 79.625, 4.0798161800664434e-22, nan 
100.125, 79.625, 1.9176291818763186e-22, nan 
100.375, 79.625, 4.54642040037042e-22, nan 
100.625, 79.625, 6.474016424629675e-22, nan 
100.875, 79.625, 6.676074800561076e-22, nan 
101.125, 79.625, 6.9023550401437505e-22, nan 
101.375, 79.625, 6.715972356386614e-22, nan 
101.625, 79.625, 9.519395321561793e-22, nan 
101.875, 79.625, 1.1144282039307148e-21, nan 
102.125, 79.625, 6.049371598579079e-22, nan 
102.375, 79.625, 6.920296672488107e-22, nan 
102.625, 79.625, 6.008029207769255e-22, nan 
102.875, 79.625, 4.0356654334583786e-22, nan 
103.125, 79.625, 5.580153003569823e-22, nan 
103.375, 79.625, 2.8780298450425216e-21, nan 
103.625, 79.625, 3.0811080572849347e-21, nan 
103.875, 79.625, 3.5027164772899665e-21, nan 
104.125, 79.625, 3.2024191938768543e-21, nan 
104.375, 79.625, 2.8642400726980077e-21, nan 
104.625, 79.625, 2.237344401348127e-21, nan 
104.875, 79.625, 1.199962171254562e-21, nan 
105.125, 79.625, 2.2026863293065875e-21, nan 
105.375, 79.625, 3.8029626239268714e-21, nan 
105.625, 79.625, 4.484385114092145e-21, nan 
105.875, 79.625, 1.9433986538566945e-21, nan 
106.125, 79.625, 1.76271801005898e-21, nan 
106.375, 79.625, 1.9428611530381787e-21, nan 
106.625, 79.625, 2.1543442498655737e-21, nan 
106.875, 79.625, 2.0804390709976435e-21, nan 
107.125, 79.625, 1.2436657642817762e-21, nan 
107.375, 79.625, 1.441836789376394e-21, nan 
107.625, 79.625, 1.5126621779235015e-21, nan 
107.875, 79.625, 1.3897002419227438e-21, nan 
108.125, 79.625, 1.1458393296768496e-21, nan 
108.375, 79.625, 1.0289354554622687e-21, nan 
108.625, 79.625, 1.7433335152123973e-21, nan 
108.875, 79.625, 1.3737260662890053e-21, nan 
109.125, 79.625, 1.2992260658067993e-21, nan 
109.375, 79.625, 1.6210259717607225e-21, nan 
109.625, 79.625, 2.195814202859411e-21, nan 
109.875, 79.625, 2.0734528647383965e-21, nan 
110.125, 79.625, 2.1702499090366697e-21, nan 
110.375, 79.625, 2.355524457926671e-21, nan 
110.625, 79.625, 4.849139570056185e-21, nan 
110.875, 79.625, 7.312807752708766e-21, nan 
111.125, 79.625, 7.309437672000166e-21, nan 
111.375, 79.625, 6.524926779702713e-21, nan 
111.625, 79.625, 5.923609268062084e-21, nan 
111.875, 79.625, 7.43715353143384e-21, nan 
112.125, 79.625, 7.893606314877086e-21, nan 
112.375, 79.625, 9.516440016849145e-21, nan 
112.625, 79.625, 7.405906678634357e-21, nan 
112.875, 79.625, 5.5914422280247274e-21, nan 
113.125, 79.625, 6.1373404294533144e-21, nan 
113.375, 79.625, 6.403289359517016e-21, nan 
113.625, 79.625, 7.007501542778925e-21, nan 
113.875, 79.625, 6.7253751131581436e-21, nan 
114.125, 79.625, 6.191565365581605e-21, nan 
114.375, 79.625, 6.254094426814855e-21, nan 
114.625, 79.625, 6.2446266626198934e-21, nan 
114.875, 79.625, 6.6603624222463745e-21, nan 
115.125, 79.625, 6.15175948679926e-21, nan 
115.375, 79.625, 6.209897106244891e-21, nan 
115.625, 79.625, 5.92763163583914e-21, nan 
115.875, 79.625, 6.413049322353117e-21, nan 
116.125, 79.625, 8.165727216084999e-21, nan 
116.375, 79.625, 7.590668393431604e-21, nan 
116.625, 79.625, 5.674126691594165e-21, nan 
116.875, 79.625, 5.380841159450706e-21, nan 
117.125, 79.625, 4.162449546260806e-21, nan 
117.375, 79.625, 4.245234452846279e-21, nan 
117.625, 79.625, 4.300664240029108e-21, nan 
117.875, 79.625, 3.8708845388743406e-21, nan 
118.125, 79.625, 3.638668999938586e-21, nan 
118.375, 79.625, 3.056058366579413e-21, nan 
118.625, 79.625, 3.730948129410885e-21, nan 
118.875, 79.625, 4.415840393553391e-21, nan 
119.125, 79.625, 4.111706937393587e-21, nan 
119.375, 79.625, 4.223579589967767e-21, nan 
119.625, 79.625, 4.151850097320315e-21, nan 
119.875, 79.625, 4.715108010661296e-21, nan 
120.125, 79.625, 4.155933121684877e-21, nan 
120.375, 79.625, 3.3536298180108464e-21, nan 
120.625, 79.625, 3.994535578354666e-21, nan 
120.875, 79.625, 4.636640406873471e-21, nan 
121.125, 79.625, 4.780333457977775e-21, nan 
121.375, 79.625, 4.318034766573837e-21, nan 
121.625, 79.625, 4.6633188271596725e-21, nan 
121.875, 79.625, 4.69254923402374e-21, nan 
122.125, 79.625, 3.7016126047519414e-21, nan 
122.375, 79.625, 2.9477613122317247e-21, nan 
122.625, 79.625, 2.9008104902726765e-21, nan 
122.875, 79.625, 3.764812498561129e-21, nan 
123.125, 79.625, 4.237009210879735e-21, nan 
123.375, 79.625, 3.423164918439516e-21, nan 
123.625, 79.625, 2.632234214899812e-21, nan 
123.875, 79.625, 3.312660577856916e-21, nan 
124.125, 79.625, 2.468482940442374e-21, nan 
124.375, 79.625, 2.2154427420224924e-21, nan 
124.625, 79.625, 2.858982207214133e-21, nan 
124.875, 79.625, 2.4982527970883797e-21, nan 
125.125, 79.625, 2.545380081456141e-21, nan 
125.375, 79.625, 2.116956330460117e-21, nan 
125.625, 79.625, 1.1566964249620272e-21, nan 
125.875, 79.625, 1.7158346661574064e-21, nan 
126.125, 79.625, 1.7215271363320534e-21, nan 
126.375, 79.625, 1.133827473271612e-21, nan 
126.625, 79.625, 9.785605155164773e-22, nan 
126.875, 79.625, 1.0359812579031501e-21, nan 
127.125, 79.625, 1.4370226572344742e-21, nan 
127.375, 79.625, 1.0338275328638262e-21, nan 
127.625, 79.625, 7.678963026550199e-22, nan 
127.875, 79.625, 1.1556756034500044e-21, nan 
128.125, 79.625, 1.057230035803969e-21, nan 
128.375, 79.625, 1.0954207479517486e-21, nan 
128.625, 79.625, 1.1905909063454299e-21, nan 
128.875, 79.625, 1.1745630653285397e-21, nan 
129.125, 79.625, 1.1788485265672873e-21, nan 
129.375, 79.625, 1.0689884572266246e-21, nan 
129.625, 79.625, 8.647642326867223e-22, nan 
129.875, 79.625, 1.0483509096085175e-21, nan 
130.125, 79.625, 1.5293794671774367e-21, nan 
130.375, 79.625, 1.2719661544201419e-21, nan 
130.625, 79.625, 1.1425451845839162e-21, nan 
130.875, 79.625, 7.710201423040582e-22, nan 
131.125, 79.625, 9.670941679066541e-22, nan 
131.375, 79.625, 4.1870298695918815e-22, nan 
131.625, 79.625, 7.808968572376261e-22, nan 
131.875, 79.625, 1.0499617591978935e-21, nan 
132.125, 79.625, 4.43593844261161e-22, nan 
132.375, 79.625, 9.013812137210055e-22, nan 
132.625, 79.625, 9.088183842008647e-22, nan 
132.875, 79.625, 1.1736282655030005e-21, nan 
133.125, 79.625, 1.2391812969605235e-21, nan 
133.375, 79.625, 9.689391414358968e-22, nan 
133.625, 79.625, 7.28643723197564e-22, nan 
133.875, 79.625, 5.998087664408672e-22, nan 
134.125, 79.625, 9.382644166192359e-22, nan 
134.375, 79.625, 6.801208713282911e-22, nan 
134.625, 79.625, 5.290339368685884e-22, nan 
134.875, 79.625, 3.525400959454787e-22, nan 
135.125, 79.625, 7.025194335386897e-22, nan 
135.375, 79.625, 7.646465043987987e-22, nan 
135.625, 79.625, 4.855719919244013e-22, nan 
135.875, 79.625, 6.705316541371322e-22, nan 
136.125, 79.625, 5.700497265659139e-22, nan 
136.375, 79.625, 4.9756160872344025e-22, nan 
136.625, 79.625, 6.065037816189162e-22, nan 
136.875, 79.625, 8.534718120377193e-22, nan 
137.125, 79.625, 1.0756210586884541e-21, nan 
137.375, 79.625, 9.7791828000718e-22, nan 
137.625, 79.625, 8.78635320590822e-22, nan 
137.875, 79.625, 3.1816868754928253e-22, nan 
138.125, 79.625, 1.3494450104452195e-21, nan 
138.375, 79.625, 5.482587824898292e-22, nan 
138.625, 79.625, 1.5284719450682237e-21, nan 
138.875, 79.625, 1.5913569096897304e-21, nan 
139.125, 79.625, 6.670670243274322e-22, nan 
139.375, 79.625, 2.6406986261887877e-21, nan 
139.625, 79.625, 5.926157656237764e-22, nan 
139.875, 79.625, 9.957885893764585e-22, nan 
140.125, 79.625, 1.0254898345608341e-21, nan 
140.375, 79.625, 5.447143588159841e-22, nan 
140.625, 79.625, 1.3815084388443879e-21, nan 
140.875, 79.625, 6.65916884416276e-22, nan 
141.125, 79.625, 6.078111912137253e-22, nan 
141.375, 79.625, 7.669299521636596e-22, nan 
141.625, 79.625, 7.632785873389118e-22, nan 
141.875, 79.625, 5.75683692297487e-22, nan 
142.125, 79.625, 6.259381591705294e-22, nan 
142.375, 79.625, 5.84386649617625e-22, nan 
142.625, 79.625, 6.202598523355825e-22, nan 
142.875, 79.625, 6.022210756602255e-22, nan 
143.125, 79.625, 5.075168041750288e-22, nan 
143.375, 79.625, 4.698333891445126e-22, nan 
143.625, 79.625, 3.803843264943455e-22, nan 
143.875, 79.625, 3.5599104564999314e-22, nan 
144.125, 79.625, 2.9132296829311935e-22, nan 
144.375, 79.625, 3.570163109954936e-22, nan 
144.625, 79.625, 2.881529212454397e-22, nan 
144.875, 79.625, 3.102358725292043e-22, nan 
145.125, 79.625, 3.0700805708881497e-22, nan 
145.375, 79.625, 3.1183808768605195e-22, nan 
145.625, 79.625, 3.2671255259376798e-22, nan 
145.875, 79.625, 2.596266692684031e-22, nan 
146.125, 79.625, 2.8815102210840784e-22, nan 
146.375, 79.625, 2.404400394849277e-22, nan 
146.625, 79.625, 1.6773794782300088e-22, nan 
146.875, 79.625, 1.602378298508755e-22, nan 
147.125, 79.625, 1.4463592727272233e-22, nan 
147.375, 79.625, 1.1582240816017618e-22, nan 
147.625, 79.625, 5.927535636222859e-23, nan 
147.875, 79.625, 1.3273184115325313e-22, nan 
148.125, 79.625, 1.4363024621196e-22, nan 
148.375, 79.625, 1.1644062721426136e-22, nan 
148.625, 79.625, 1.2058905052120537e-22, nan 
148.875, 79.625, 9.082252575628418e-23, nan 
149.125, 79.625, 1.364302544515066e-22, nan 
149.375, 79.625, 1.374441724178711e-22, nan 
149.625, 79.625, 7.102134117737741e-23, nan 
149.875, 79.625, 6.410157782621491e-23, nan 
150.125, 79.625, 1.0958507890281091e-22, nan 
150.375, 79.625, 1.5550817793288202e-22, nan 
150.625, 79.625, 1.8913866539552435e-22, nan 
150.875, 79.625, 1.3356130639915732e-22, nan 
151.125, 79.625, 1.282157801398523e-22, nan 
151.375, 79.625, 1.1118124143166494e-22, nan 
151.625, 79.625, 1.6534620343147985e-22, nan 
151.875, 79.625, 1.503038129216153e-22, nan 
152.125, 79.625, 1.553216144510775e-22, nan 
152.375, 79.625, 1.5592899822914356e-22, nan 
152.625, 79.625, 1.6767864268337892e-22, nan 
152.875, 79.625, 8.524172096804479e-23, nan 
153.125, 79.625, 4.621219519063015e-23, nan 
153.375, 79.625, 4.64340086364576e-23, nan 
153.625, 79.625, 1.0584843058846974e-22, nan 
153.875, 79.625, 1.0177498805571352e-22, nan 
154.125, 79.625, 1.122697689708392e-22, nan 
154.375, 79.625, 9.702360621490025e-23, nan 
154.625, 79.625, 9.332090629262413e-23, nan 
154.875, 79.625, 1.1208036410186237e-22, nan 
155.125, 79.625, 1.2554505984801863e-22, nan 
155.375, 79.625, 1.3556976470894743e-22, nan 
155.625, 79.625, 1.3245423816288292e-22, nan 
155.875, 79.625, 1.34695587056784e-22, nan 
156.125, 79.625, 1.4794233237133232e-22, nan 
156.375, 79.625, 1.5630149659603186e-22, nan 
156.625, 79.625, 1.4716904862423578e-22, nan 
156.875, 79.625, 1.4588686316327487e-22, nan 
157.125, 79.625, 1.3132406499887128e-22, nan 
157.375, 79.625, 1.384324424082621e-22, nan 
157.625, 79.625, 1.368932521309572e-22, nan 
157.875, 79.625, 1.458741242251778e-22, nan 
158.125, 79.625, 1.144069505283734e-22, nan 
158.375, 79.625, 8.678430914275396e-23, nan 
158.625, 79.625, 5.328787444361838e-23, nan 
158.875, 79.625, 8.195828365531786e-23, nan 
159.125, 79.625, 1.1767723653145093e-22, nan 
159.375, 79.625, 1.6657188056417815e-22, nan 
159.625, 79.625, 1.2167163316885733e-22, nan 
159.875, 79.625, 7.07395246463055e-23, nan 
160.125, 79.625, 6.856865822072164e-23, nan 
160.375, 79.625, 1.2400842666669447e-22, nan 
160.625, 79.625, 1.2798510508637973e-22, nan 
160.875, 79.625, 8.987916711228391e-23, nan 
161.125, 79.625, 6.799048576541123e-23, nan 
161.375, 79.625, 3.289418672290513e-23, nan 
161.625, 79.625, 3.9607732556413457e-23, nan 
161.875, 79.625, 5.256159286987219e-23, nan 
162.125, 79.625, 3.992307426612741e-23, nan 
162.375, 79.625, 3.902908048756557e-23, nan 
162.625, 79.625, 3.5838402676100443e-23, nan 
162.875, 79.625, 4.538171195525229e-23, nan 
163.125, 79.625, 3.49076428437579e-23, nan 
163.375, 79.625, 7.799737679270804e-23, nan 
163.625, 79.625, 4.586207970322033e-23, nan 
163.875, 79.625, 4.375015989842144e-23, nan 
164.125, 79.625, 3.895419891211761e-23, nan 
164.375, 79.625, 3.473109888794805e-23, nan 
164.625, 79.625, 5.532997961982735e-23, nan 
164.875, 79.625, 4.327593616855172e-23, nan 
165.125, 79.625, 4.7622773573488154e-23, nan 
165.375, 79.625, 5.940378286413417e-23, nan 
165.625, 79.625, 6.366420502759908e-23, nan 
165.875, 79.625, 3.950774764003971e-23, nan 
166.125, 79.625, 4.611999619162865e-23, nan 
166.375, 79.625, 6.105982277109162e-23, nan 
166.625, 79.625, 8.382841601585179e-23, nan 
166.875, 79.625, 8.550307653953881e-23, nan 
167.125, 79.625, 7.052117276814623e-23, nan 
167.375, 79.625, 6.508989274026172e-23, nan 
167.625, 79.625, 7.300801679533616e-23, nan 
167.875, 79.625, 9.267210441115121e-23, nan 
168.125, 79.625, 7.665603811368787e-23, nan 
168.375, 79.625, 5.398344923501081e-23, nan 
168.625, 79.625, 5.440587008827516e-23, nan 
168.875, 79.625, 5.820552434853315e-23, nan 
169.125, 79.625, 6.44659943575049e-23, nan 
169.375, 79.625, 6.09649736673896e-23, nan 
169.625, 79.625, 5.853158570541177e-23, nan 
169.875, 79.625, 5.751457566564497e-23, nan 
170.125, 79.625, 7.241890883474276e-23, nan 
170.375, 79.625, 4.889171328684785e-23, nan 
170.625, 79.625, 5.374289216171933e-23, nan 
170.875, 79.625, 5.0997180964408636e-23, nan 
171.125, 79.625, 6.610315018906424e-23, nan 
171.375, 79.625, 5.386987087300842e-23, nan 
171.625, 79.625, 5.341863023965413e-23, nan 
171.875, 79.625, 5.810983967647524e-23, nan 
172.125, 79.625, 4.284259115357516e-23, nan 
172.375, 79.625, 4.3906885515903814e-23, nan 
172.625, 79.625, 3.8470117861056705e-23, nan 
172.875, 79.625, 3.6808001616753433e-23, nan 
173.125, 79.625, 4.495300097106774e-23, nan 
173.375, 79.625, 5.096785013472279e-23, nan 
173.625, 79.625, 5.641593620779962e-23, nan 
173.875, 79.625, 5.699386699939769e-23, nan 
174.125, 79.625, 5.715541852171991e-23, nan 
174.375, 79.625, 6.313230445922449e-23, nan 
174.625, 79.625, 6.06781741298687e-23, nan 
174.875, 79.625, 6.855414748814968e-23, nan 
175.125, 79.625, 5.287884584594205e-23, nan 
175.375, 79.625, 6.140275636325118e-23, nan 
175.625, 79.625, 5.294105905455694e-23, nan 
175.875, 79.625, 5.85869036546751e-23, nan 
176.125, 79.625, 5.622079263340053e-23, nan 
176.375, 79.625, 5.068835121686096e-23, nan 
176.625, 79.625, 4.730137865590244e-23, nan 
176.875, 79.625, 5.109679397848097e-23, nan 
177.125, 79.625, 4.7148770309837e-23, nan 
177.375, 79.625, 4.907803817780938e-23, nan 
177.625, 79.625, 4.357505300723964e-23, nan 
177.875, 79.625, 4.605602842746611e-23, nan 
178.125, 79.625, 4.5332237256235056e-23, nan 
178.375, 79.625, 4.33177655942705e-23, nan 
178.625, 79.625, 3.9893811977427946e-23, nan 
178.875, 79.625, 4.2317261167529935e-23, nan 
179.125, 79.625, 3.868391172340677e-23, nan 
179.375, 79.625, 4.1931961297428025e-23, nan 
179.625, 79.625, 3.63951628606338e-23, nan 
179.875, 79.625, 4.1215662862014627e-23, nan 
-179.875, 79.875, 3.356765641886076e-23, nan 
-179.625, 79.875, 3.561587024419524e-23, nan 
-179.375, 79.875, 3.360183393232918e-23, nan 
-179.125, 79.875, 3.4177934116841135e-23, nan 
-178.875, 79.875, 3.2427447434366377e-23, nan 
-178.625, 79.875, 3.1683486905325727e-23, nan 
-178.375, 79.875, 3.3179404139235133e-23, nan 
-178.125, 79.875, 3.133663131406924e-23, nan 
-177.875, 79.875, 3.130549668305314e-23, nan 
-177.625, 79.875, 2.8149434487874846e-23, nan 
-177.375, 79.875, 2.853273060495048e-23, nan 
-177.125, 79.875, 3.0266960554116195e-23, nan 
-176.875, 79.875, 2.7795107405136205e-23, nan 
-176.625, 79.875, 3.0319439902855547e-23, nan 
-176.375, 79.875, 2.5671122926373353e-23, nan 
-176.125, 79.875, 2.4662328736724802e-23, nan 
-175.875, 79.875, 2.851995223711738e-23, nan 
-175.625, 79.875, 2.625880423032537e-23, nan 
-175.375, 79.875, 2.427107638507183e-23, nan 
-175.125, 79.875, 2.4284840055837583e-23, nan 
-174.875, 79.875, 2.3150113714923505e-23, nan 
-174.625, 79.875, 2.311196099555455e-23, nan 
-174.375, 79.875, 2.3433603888708908e-23, nan 
-174.125, 79.875, 2.197913709700276e-23, nan 
-173.875, 79.875, 2.332408794259025e-23, nan 
-173.625, 79.875, 2.2538388860000118e-23, nan 
-173.375, 79.875, 2.2542433705164427e-23, nan 
-173.125, 79.875, 2.2176070717648288e-23, nan 
-172.875, 79.875, 2.1234815274573902e-23, nan 
-172.625, 79.875, 2.0452898745138124e-23, nan 
-172.375, 79.875, 2.1608203668697088e-23, nan 
-172.125, 79.875, 2.0258191620119578e-23, nan 
-171.875, 79.875, 2.059730745197871e-23, nan 
-171.625, 79.875, 1.837700724898678e-23, nan 
-171.375, 79.875, 2.0736285284115217e-23, nan 
-171.125, 79.875, 2.0184602024234108e-23, nan 
-170.875, 79.875, 2.120121803360602e-23, nan 
-170.625, 79.875, 1.8105276985323168e-23, nan 
-170.375, 79.875, 1.834930210128013e-23, nan 
-170.125, 79.875, 1.8619571992436337e-23, nan 
-169.875, 79.875, 2.0407159319300055e-23, nan 
-169.625, 79.875, 1.8657751331267257e-23, nan 
-169.375, 79.875, 1.7065162462746302e-23, nan 
-169.125, 79.875, 1.8508275143478588e-23, nan 
-168.875, 79.875, 1.5295109562256536e-23, nan 
-168.625, 79.875, 1.7512346389031613e-23, nan 
-168.375, 79.875, 1.7037382431506778e-23, nan 
-168.125, 79.875, 1.6315353081548812e-23, nan 
-167.875, 79.875, 1.739832463451942e-23, nan 
-167.625, 79.875, 1.5618010309237748e-23, nan 
-167.375, 79.875, 1.555445491572999e-23, nan 
-167.125, 79.875, 1.8837397000685923e-23, nan 
-166.875, 79.875, 1.6673663127587323e-23, nan 
-166.625, 79.875, 1.7270112678921467e-23, nan 
-166.375, 79.875, 1.4355452053428282e-23, nan 
-166.125, 79.875, 1.5307850107195117e-23, nan 
-165.875, 79.875, 1.499029374494679e-23, nan 
-165.625, 79.875, 1.5526642192845905e-23, nan 
-165.375, 79.875, 1.3960444162354337e-23, nan 
-165.125, 79.875, 1.340739078749297e-23, nan 
-164.875, 79.875, 1.3014379002958348e-23, nan 
-164.625, 79.875, 1.3261017504445026e-23, nan 
-164.375, 79.875, 1.230261840351974e-23, nan 
-164.125, 79.875, 1.2322741934974532e-23, nan 
-163.875, 79.875, 1.0897720900017147e-23, nan 
-163.625, 79.875, 1.2358759981382189e-23, nan 
-163.375, 79.875, 1.1431949454912543e-23, nan 
-163.125, 79.875, 1.1366548992863322e-23, nan 
-162.875, 79.875, 1.155783207249257e-23, nan 
-162.625, 79.875, 1.0270325672537057e-23, nan 
-162.375, 79.875, 1.0760257028976185e-23, nan 
-162.125, 79.875, 1.0927780398672146e-23, nan 
-161.875, 79.875, 1.2059364804673389e-23, nan 
-161.625, 79.875, 1.0176467535902394e-23, nan 
-161.375, 79.875, 1.1186930816953079e-23, nan 
-161.125, 79.875, 9.292844840165428e-24, nan 
-160.875, 79.875, 1.056999978374323e-23, nan 
-160.625, 79.875, 9.512164584896082e-24, nan 
-160.375, 79.875, 9.921175971811817e-24, nan 
-160.125, 79.875, 9.272422809743868e-24, nan 
-159.875, 79.875, 9.183938196780569e-24, nan 
-159.625, 79.875, 8.416146865087087e-24, nan 
-159.375, 79.875, 8.706255816845413e-24, nan 
-159.125, 79.875, 8.831454899767567e-24, nan 
-158.875, 79.875, 8.97746541339469e-24, nan 
-158.625, 79.875, 8.601469392819117e-24, nan 
-158.375, 79.875, 8.172360220806979e-24, nan 
-158.125, 79.875, 7.352876492979061e-24, nan 
-157.875, 79.875, 8.135731933597204e-24, nan 
-157.625, 79.875, 7.804569568136532e-24, nan 
-157.375, 79.875, 7.748883759724906e-24, nan 
-157.125, 79.875, 8.638940455721855e-24, nan 
-156.875, 79.875, 6.353789915281553e-24, nan 
-156.625, 79.875, 7.618003464660717e-24, nan 
-156.375, 79.875, 6.944216118975662e-24, nan 
-156.125, 79.875, 7.198539150739599e-24, nan 
-155.875, 79.875, 6.852910592785499e-24, nan 
-155.625, 79.875, 6.601646299878269e-24, nan 
-155.375, 79.875, 7.109222585468021e-24, nan 
-155.125, 79.875, 6.943665355786594e-24, nan 
-154.875, 79.875, 6.95783628023959e-24, nan 
-154.625, 79.875, 6.661319154211052e-24, nan 
-154.375, 79.875, 6.115521628750531e-24, nan 
-154.125, 79.875, 6.023788994549479e-24, nan 
-153.875, 79.875, 5.841733646025233e-24, nan 
-153.625, 79.875, 5.838931705126213e-24, nan 
-153.375, 79.875, 5.3634383551847455e-24, nan 
-153.125, 79.875, 5.595199902004058e-24, nan 
-152.875, 79.875, 5.6921923930696774e-24, nan 
-152.625, 79.875, 5.5307714785210625e-24, nan 
-152.375, 79.875, 6.111255581799945e-24, nan 
-152.125, 79.875, 6.31766913172023e-24, nan 
-151.875, 79.875, 6.133125416869724e-24, nan 
-151.625, 79.875, 6.130340825776507e-24, nan 
-151.375, 79.875, 6.373307901166606e-24, nan 
-151.125, 79.875, 5.9403775118600595e-24, nan 
-150.875, 79.875, 7.203243575288956e-24, nan 
-150.625, 79.875, 6.680720665084054e-24, nan 
-150.375, 79.875, 6.013606625564162e-24, nan 
-150.125, 79.875, 6.203287243591488e-24, nan 
-149.875, 79.875, 6.519220569216725e-24, nan 
-149.625, 79.875, 6.633158850971278e-24, nan 
-149.375, 79.875, 6.709829544824751e-24, nan 
-149.125, 79.875, 5.9231665021798144e-24, nan 
-148.875, 79.875, 6.1207718684950295e-24, nan 
-148.625, 79.875, 6.678977159341281e-24, nan 
-148.375, 79.875, 6.047452280182011e-24, nan 
-148.125, 79.875, 6.1791806811492645e-24, nan 
-147.875, 79.875, 6.212779755626086e-24, nan 
-147.625, 79.875, 5.47154880010208e-24, nan 
-147.375, 79.875, 5.8007504799309664e-24, nan 
-147.125, 79.875, 6.652572201436541e-24, nan 
-146.875, 79.875, 5.688926184481605e-24, nan 
-146.625, 79.875, 6.026434836399466e-24, nan 
-146.375, 79.875, 6.631224424824605e-24, nan 
-146.125, 79.875, 6.320402091050407e-24, nan 
-145.875, 79.875, 5.315243897205056e-24, nan 
-145.625, 79.875, 6.223627766871381e-24, nan 
-145.375, 79.875, 6.030148041835084e-24, nan 
-145.125, 79.875, 6.5151831676152335e-24, nan 
-144.875, 79.875, 5.9767445776477344e-24, nan 
-144.625, 79.875, 6.1744412348246936e-24, nan 
-144.375, 79.875, 6.844970252438562e-24, nan 
-144.125, 79.875, 6.006142324302477e-24, nan 
-143.875, 79.875, 5.7574644776696826e-24, nan 
-143.625, 79.875, 6.264161854202505e-24, nan 
-143.375, 79.875, 5.797400921553333e-24, nan 
-143.125, 79.875, 6.059697459667643e-24, nan 
-142.875, 79.875, 5.861525703928445e-24, nan 
-142.625, 79.875, 6.191415753757579e-24, nan 
-142.375, 79.875, 5.3737360506099816e-24, nan 
-142.125, 79.875, 5.885335876389725e-24, nan 
-141.875, 79.875, 5.6587954823163694e-24, nan 
-141.625, 79.875, 5.884454478922273e-24, nan 
-141.375, 79.875, 4.571578273698493e-24, nan 
-141.125, 79.875, 3.6242142148053015e-24, nan 
-140.875, 79.875, 3.177463885992487e-24, nan 
-140.625, 79.875, 4.737011580807735e-24, nan 
-140.375, 79.875, 2.444011213937108e-24, nan 
-140.125, 79.875, 4.366730214574175e-24, nan 
-139.875, 79.875, 5.9408146948955305e-24, nan 
-139.625, 79.875, 5.708005007542194e-24, nan 
-139.375, 79.875, 4.299317732541127e-24, nan 
-139.125, 79.875, 5.08215159897149e-24, nan 
-138.875, 79.875, 5.502300308960623e-24, nan 
-138.625, 79.875, 5.172553835980742e-24, nan 
-138.375, 79.875, 5.621008859597487e-24, nan 
-138.125, 79.875, 4.548168487759094e-24, nan 
-137.875, 79.875, 5.1934925002791836e-24, nan 
-137.625, 79.875, 5.644833736760299e-24, nan 
-137.375, 79.875, 5.398584442312178e-24, nan 
-137.125, 79.875, 4.583868241891908e-24, nan 
-136.875, 79.875, 4.9076566990387784e-24, nan 
-136.625, 79.875, 5.100965416482572e-24, nan 
-136.375, 79.875, 5.517697702811287e-24, nan 
-136.125, 79.875, 4.832080320438122e-24, nan 
-135.875, 79.875, 5.133253205400682e-24, nan 
-135.625, 79.875, 5.123367629568302e-24, nan 
-135.375, 79.875, 5.1788337340357326e-24, nan 
-135.125, 79.875, 4.635226092205356e-24, nan 
-134.875, 79.875, 4.247480917682784e-24, nan 
-134.625, 79.875, 5.309390883633047e-24, nan 
-134.375, 79.875, 5.5755576312046604e-24, nan 
-134.125, 79.875, 5.839061322039236e-24, nan 
-133.875, 79.875, 4.538730654131734e-24, nan 
-133.625, 79.875, 4.740466826945943e-24, nan 
-133.375, 79.875, 4.927486610360322e-24, nan 
-133.125, 79.875, 6.1183234770412356e-24, nan 
-132.875, 79.875, 4.558331918604603e-24, nan 
-132.625, 79.875, 4.846372488012876e-24, nan 
-132.375, 79.875, 5.328733724529433e-24, nan 
-132.125, 79.875, 5.139963332934579e-24, nan 
-131.875, 79.875, 5.242416830652166e-24, nan 
-131.625, 79.875, 4.6898476700051014e-24, nan 
-131.375, 79.875, 5.561502186388811e-24, nan 
-131.125, 79.875, 4.661208057659272e-24, nan 
-130.875, 79.875, 5.341723137414047e-24, nan 
-130.625, 79.875, 5.023737499848835e-24, nan 
-23.875, 79.875, 1.952967809500408e-23, nan 
-23.625, 79.875, 1.8745342570710455e-23, nan 
-23.375, 79.875, 1.555441123913907e-23, nan 
-23.125, 79.875, 1.6147609939850577e-23, nan 
-22.875, 79.875, 1.8155215476451483e-23, nan 
-22.625, 79.875, 2.8323362234508004e-23, nan 
-22.375, 79.875, 2.225167442138887e-23, nan 
-22.125, 79.875, 2.1678417437895858e-23, nan 
-21.875, 79.875, 2.2941877148132874e-23, nan 
-21.625, 79.875, 2.2533934434793342e-23, nan 
-21.375, 79.875, 4.6331693515974634e-23, nan 
-21.125, 79.875, 4.2798404992335397e-23, nan 
-20.875, 79.875, 4.436770441773e-23, nan 
-20.625, 79.875, 5.412207724699044e-23, nan 
-20.375, 79.875, 2.7539501886921086e-23, nan 
-20.125, 79.875, 4.034531710905747e-23, nan 
-19.875, 79.875, 4.907798929924917e-23, nan 
-19.625, 79.875, 4.997962753133177e-23, nan 
-19.375, 79.875, 5.467337879421865e-23, nan 
-19.125, 79.875, 4.0608611580557165e-23, nan 
-18.875, 79.875, 3.84408932637386e-23, nan 
-18.625, 79.875, 2.066096011365195e-23, nan 
-18.375, 79.875, 1.965992544766999e-23, nan 
-18.125, 79.875, 7.351607308480571e-24, nan 
-17.875, 79.875, 3.690654533436305e-24, nan 
-17.625, 79.875, 3.45665192390918e-24, nan 
-17.375, 79.875, 3.62358452429185e-24, nan 
-17.125, 79.875, 4.758507249810894e-24, nan 
-16.875, 79.875, 6.004426156947683e-24, nan 
-16.625, 79.875, 7.523351501393238e-24, nan 
-16.375, 79.875, 1.1158112581172935e-23, nan 
-16.125, 79.875, 2.333096275551854e-23, nan 
-15.875, 79.875, 3.146929523781182e-23, nan 
-15.625, 79.875, 3.055686553908127e-23, nan 
-15.375, 79.875, 2.710505917460004e-23, nan 
-15.125, 79.875, 2.5087849965123344e-23, nan 
-14.875, 79.875, 2.95025713697975e-23, nan 
-14.625, 79.875, 4.252974204837668e-23, nan 
-14.375, 79.875, 4.4733075340005184e-23, nan 
-14.125, 79.875, 6.03757576398461e-23, nan 
-13.875, 79.875, 6.875630929500553e-23, nan 
-13.625, 79.875, 5.870156235181136e-23, nan 
-13.375, 79.875, 4.09064050890406e-23, nan 
-13.125, 79.875, 4.384992241957347e-23, nan 
-12.875, 79.875, 5.187567455129227e-23, nan 
-12.625, 79.875, 6.18499671911047e-23, nan 
-12.375, 79.875, 5.949036570204612e-23, nan 
-12.125, 79.875, 5.465178277960025e-23, nan 
-11.875, 79.875, 5.59274840666513e-23, nan 
-11.625, 79.875, 5.0044524780619065e-23, nan 
-11.375, 79.875, 5.017816773196175e-23, nan 
-11.125, 79.875, 3.8672820359134373e-23, nan 
-10.875, 79.875, 1.2094833122778861e-23, nan 
-10.625, 79.875, 7.876084873240791e-24, nan 
-10.375, 79.875, 7.151507737955896e-24, nan 
-10.125, 79.875, 6.648269126671803e-24, nan 
-9.875, 79.875, 5.6400468812874986e-24, nan 
-9.625, 79.875, 4.549251910885254e-24, nan 
-9.375, 79.875, 4.143417213942576e-24, nan 
-9.125, 79.875, 4.0025046506610345e-24, nan 
-8.875, 79.875, 3.8009968579082174e-24, nan 
-8.625, 79.875, 3.594408753481084e-24, nan 
-8.375, 79.875, 4.030114572411972e-24, nan 
-8.125, 79.875, 2.2249907410467376e-24, nan 
-7.875, 79.875, 1.938189220494611e-24, nan 
-7.625, 79.875, 2.216129179375827e-24, nan 
-7.375, 79.875, 1.1191367184763077e-23, nan 
-7.125, 79.875, 1.7674017927405762e-23, nan 
-6.875, 79.875, 2.102489432428772e-23, nan 
-6.625, 79.875, 1.970238053007964e-23, nan 
-6.375, 79.875, 1.9646031735950204e-23, nan 
-6.125, 79.875, 1.4581101678012685e-23, nan 
-5.875, 79.875, 2.4289328622506046e-23, nan 
-5.625, 79.875, 2.5197456998984337e-23, nan 
-5.375, 79.875, 2.8550801445473407e-23, nan 
-5.125, 79.875, 3.1777518775673984e-23, nan 
-4.875, 79.875, 3.350868046748819e-23, nan 
-4.625, 79.875, 2.762579690042597e-23, nan 
-4.375, 79.875, 3.2340158224375865e-23, nan 
-4.125, 79.875, 3.5194609738563744e-23, nan 
-3.875, 79.875, 3.1009635079586834e-23, nan 
-3.625, 79.875, 2.749995570203067e-23, nan 
-3.375, 79.875, 1.7531341838115493e-23, nan 
-3.125, 79.875, 1.1570208884980977e-23, nan 
-2.875, 79.875, 8.620902296182386e-24, nan 
-2.625, 79.875, 8.947926796340386e-24, nan 
-2.375, 79.875, 7.702622693587193e-24, nan 
-2.125, 79.875, 7.127651577851456e-24, nan 
-1.875, 79.875, 5.860679682098029e-24, nan 
-1.625, 79.875, 8.450316127686854e-24, nan 
-1.375, 79.875, 7.963920038938904e-24, nan 
-1.125, 79.875, 1.606325652811895e-23, nan 
-0.875, 79.875, 1.6157383291127317e-23, nan 
-0.625, 79.875, 9.27465136281034e-24, nan 
-0.375, 79.875, 7.330824668728099e-24, nan 
-0.125, 79.875, 9.107159744212062e-24, nan 
0.125, 79.875, 1.1699108966230775e-23, nan 
0.375, 79.875, 1.2843664678725527e-23, nan 
0.625, 79.875, 7.919074536108475e-24, nan 
0.875, 79.875, 6.439866439208277e-24, nan 
1.125, 79.875, 5.967881169769468e-24, nan 
1.375, 79.875, 5.1792674033593705e-24, nan 
1.625, 79.875, 4.703196535371899e-24, nan 
1.875, 79.875, 7.444447884065308e-24, nan 
2.125, 79.875, 1.044272852555692e-23, nan 
2.375, 79.875, 1.654738994395381e-23, nan 
2.625, 79.875, 1.6555856633056668e-23, nan 
2.875, 79.875, 1.1842282018751511e-23, nan 
3.125, 79.875, 8.537580697462848e-24, nan 
3.375, 79.875, 1.1391055070378048e-23, nan 
3.625, 79.875, 1.984464857408773e-23, nan 
3.875, 79.875, 1.8846079713748553e-23, nan 
4.125, 79.875, 1.8057639955643954e-23, nan 
4.375, 79.875, 2.3926821150851247e-23, nan 
4.625, 79.875, 3.126751023756779e-23, nan 
4.875, 79.875, 1.585778909641736e-23, nan 
5.125, 79.875, 1.4625225423749488e-23, nan 
5.375, 79.875, 3.8651240927585885e-23, nan 
5.625, 79.875, 3.91211268358501e-23, nan 
5.875, 79.875, 4.275368345948582e-23, nan 
6.125, 79.875, 2.978057273601101e-23, nan 
6.375, 79.875, 2.5140953483827557e-23, nan 
6.625, 79.875, 4.9811022941561724e-23, nan 
6.875, 79.875, 3.548729298331433e-23, nan 
7.125, 79.875, 5.59150200594785e-23, nan 
7.375, 79.875, 2.4336521589523358e-23, nan 
7.625, 79.875, 2.2051615413001587e-23, nan 
7.875, 79.875, 7.96611940358016e-24, nan 
8.125, 79.875, 1.0341084526432491e-23, nan 
8.375, 79.875, 1.1266483488042056e-23, nan 
8.625, 79.875, 1.548351835606434e-23, nan 
8.875, 79.875, 1.671614921359557e-23, nan 
9.125, 79.875, 1.7588205247294652e-23, nan 
9.375, 79.875, 2.0127049665923043e-23, nan 
9.625, 79.875, 2.350407054640519e-23, nan 
9.875, 79.875, 2.1527989041880292e-23, nan 
10.125, 79.875, 2.3059876881642087e-23, nan 
10.375, 79.875, 2.898421604065939e-23, nan 
10.625, 79.875, 3.0724210078343616e-23, nan 
10.875, 79.875, 2.999306393719967e-23, nan 
11.125, 79.875, 2.8238975418589847e-23, nan 
11.375, 79.875, 2.8325270106536914e-23, nan 
11.625, 79.875, 3.1893924227120833e-23, nan 
11.875, 79.875, 3.4716133286492376e-23, nan 
12.125, 79.875, 1.9904160001481133e-23, nan 
12.375, 79.875, 2.4779557874980757e-23, nan 
12.625, 79.875, 2.720691291815993e-23, nan 
12.875, 79.875, 2.7766313280520884e-23, nan 
13.125, 79.875, 3.06436099658775e-23, nan 
13.375, 79.875, 3.517696054074958e-23, nan 
13.625, 79.875, 4.3342980017984366e-23, nan 
13.875, 79.875, 4.918955021462903e-23, nan 
14.125, 79.875, 3.285769330312113e-23, nan 
14.375, 79.875, 4.915965794112015e-23, nan 
14.625, 79.875, 5.029552158516136e-23, nan 
14.875, 79.875, 8.197779668445876e-23, nan 
15.125, 79.875, 4.858860959966338e-23, nan 
15.375, 79.875, 7.125220192489055e-23, nan 
15.625, 79.875, 8.920000469575092e-23, nan 
15.875, 79.875, 5.597147014107416e-23, nan 
16.125, 79.875, 1.1629010618176113e-22, nan 
16.375, 79.875, 8.9274653777577e-23, nan 
16.625, 79.875, 1.1794153530281655e-22, nan 
16.875, 79.875, 1.229406996755333e-22, nan 
17.125, 79.875, 7.027625938503506e-23, nan 
17.375, 79.875, 7.238556047330007e-23, nan 
17.625, 79.875, 1.4556714228364608e-23, nan 
17.875, 79.875, 9.992658934246533e-24, nan 
18.125, 79.875, 1.0770521084244471e-23, nan 
18.375, 79.875, 1.154286241263799e-23, nan 
18.625, 79.875, 1.0199599807609073e-23, nan 
18.875, 79.875, 2.9496564969961596e-23, nan 
19.125, 79.875, 2.944893194758411e-23, nan 
19.375, 79.875, 2.6393752507435987e-23, nan 
19.625, 79.875, 3.369078168053341e-23, nan 
19.875, 79.875, 2.876247637850843e-23, nan 
20.125, 79.875, 3.635304686886831e-23, nan 
20.375, 79.875, 4.0206081326340676e-23, nan 
20.625, 79.875, 3.67846737736869e-23, nan 
20.875, 79.875, 5.1745762897943606e-23, nan 
21.125, 79.875, 5.325163448727612e-23, nan 
21.375, 79.875, 4.986170646209398e-23, nan 
21.625, 79.875, 4.8599457050760364e-23, nan 
21.875, 79.875, 3.431459396306558e-23, nan 
22.125, 79.875, 3.3819522442080113e-23, nan 
22.375, 79.875, 5.665711077557496e-23, nan 
22.625, 79.875, 6.262199314158607e-23, nan 
22.875, 79.875, 7.405162761021322e-23, nan 
23.125, 79.875, 6.15137369872092e-23, nan 
23.375, 79.875, 5.948533246575015e-23, nan 
23.625, 79.875, 4.8472071241402704e-23, nan 
23.875, 79.875, 4.459079745466069e-23, nan 
24.125, 79.875, 5.2305147015612693e-23, nan 
24.375, 79.875, 6.366936094321599e-23, nan 
24.625, 79.875, 6.924592545530118e-23, nan 
24.875, 79.875, 6.336566990153953e-23, nan 
25.125, 79.875, 7.741679828993509e-23, nan 
25.375, 79.875, 6.079117972225845e-23, nan 
25.625, 79.875, 5.58263753385519e-23, nan 
25.875, 79.875, 6.578939666521107e-23, nan 
26.125, 79.875, 6.091402593099499e-23, nan 
26.375, 79.875, 8.240026714345688e-23, nan 
26.625, 79.875, 8.028126440009098e-23, nan 
26.875, 79.875, 7.607447267683021e-23, nan 
27.125, 79.875, 6.777100196326087e-23, nan 
27.375, 79.875, 4.080629845054081e-23, nan 
27.625, 79.875, 1.3193148334391019e-22, nan 
27.875, 79.875, 1.2435186184803533e-22, nan 
28.125, 79.875, 1.0987258727683967e-22, nan 
28.375, 79.875, 1.0732667656257408e-22, nan 
28.625, 79.875, 8.607149682118237e-23, nan 
28.875, 79.875, 1.20258947146161e-22, nan 
29.125, 79.875, 1.1212238346715873e-22, nan 
29.375, 79.875, 1.0259998617636122e-22, nan 
29.625, 79.875, 1.1208297907486147e-22, nan 
29.875, 79.875, 1.2228630776431487e-22, nan 
30.125, 79.875, 1.3499685975390866e-22, nan 
30.375, 79.875, 1.046735433571388e-22, nan 
30.625, 79.875, 1.1252994541970045e-22, nan 
30.875, 79.875, 1.3507209437144107e-22, nan 
31.125, 79.875, 1.2467580404275003e-22, nan 
31.375, 79.875, 1.1592796827192862e-22, nan 
31.625, 79.875, 8.263414569943884e-23, nan 
31.875, 79.875, 3.8063766346440384e-23, nan 
32.125, 79.875, 2.5305914042507972e-23, nan 
32.375, 79.875, 2.508780184272827e-23, nan 
32.625, 79.875, 3.503146496192448e-23, nan 
32.875, 79.875, 4.139584076915063e-23, nan 
33.125, 79.875, 3.6505440802582087e-23, nan 
33.375, 79.875, 3.0571389147857647e-23, nan 
33.625, 79.875, 2.1417769346743203e-23, nan 
33.875, 79.875, 4.746971283942762e-23, nan 
34.125, 79.875, 7.745772230391996e-23, nan 
34.375, 79.875, 9.194077307071601e-23, nan 
34.625, 79.875, 9.897468824688453e-23, nan 
34.875, 79.875, 6.525670280247182e-23, nan 
35.125, 79.875, 6.734224830503971e-23, nan 
35.375, 79.875, 1.0056775525374447e-22, nan 
35.625, 79.875, 1.1357093166517332e-22, nan 
35.875, 79.875, 1.0834054014913755e-22, nan 
36.125, 79.875, 7.312620419601233e-23, nan 
36.375, 79.875, 6.269013314389937e-23, nan 
36.625, 79.875, 7.198023668026138e-23, nan 
36.875, 79.875, 5.487584809640845e-23, nan 
37.125, 79.875, 4.9295919055199505e-23, nan 
37.375, 79.875, 2.5673039619380813e-23, nan 
37.625, 79.875, 1.7536451749069707e-23, nan 
37.875, 79.875, 1.6035789358679323e-23, nan 
38.125, 79.875, 7.719613897257249e-24, nan 
38.375, 79.875, 9.642808245278016e-24, nan 
38.625, 79.875, 8.37439645396503e-24, nan 
38.875, 79.875, 9.860325254534128e-24, nan 
39.125, 79.875, 8.716942604291672e-24, nan 
39.375, 79.875, 1.2596539096356361e-23, nan 
39.625, 79.875, 1.7917417968963583e-23, nan 
39.875, 79.875, 2.3646402257788462e-23, nan 
40.125, 79.875, 3.060429890411677e-23, nan 
40.375, 79.875, 3.076299280485246e-23, nan 
40.625, 79.875, 2.732773100747254e-23, nan 
40.875, 79.875, 2.969603131174797e-23, nan 
41.125, 79.875, 3.127227764462419e-23, nan 
41.375, 79.875, 4.1811349588906526e-23, nan 
41.625, 79.875, 4.699815014574262e-23, nan 
41.875, 79.875, 5.91878910075106e-23, nan 
42.125, 79.875, 4.3585513798010673e-23, nan 
42.375, 79.875, 7.479661686730236e-23, nan 
42.625, 79.875, 5.335634729986724e-23, nan 
42.875, 79.875, 7.606533689282409e-23, nan 
43.125, 79.875, 6.272845497561283e-23, nan 
43.375, 79.875, 4.400832617447378e-23, nan 
43.625, 79.875, 5.2021580877725845e-23, nan 
43.875, 79.875, 4.152137440791399e-23, nan 
44.125, 79.875, 4.423651465518504e-23, nan 
44.375, 79.875, 3.85255810764722e-23, nan 
44.625, 79.875, 4.2248331821367153e-23, nan 
44.875, 79.875, 3.934731875724128e-23, nan 
45.125, 79.875, 3.7419709102594586e-23, nan 
45.375, 79.875, 3.187422521620813e-23, nan 
45.625, 79.875, 3.029929057831482e-23, nan 
45.875, 79.875, 2.842595571964893e-23, nan 
46.125, 79.875, 3.25235644649905e-23, nan 
46.375, 79.875, 3.2196592321192165e-23, nan 
46.625, 79.875, 4.310448370361488e-23, nan 
46.875, 79.875, 3.868702044361675e-23, nan 
47.125, 79.875, 4.113899584677571e-23, nan 
47.375, 79.875, 4.971851164036731e-23, nan 
47.625, 79.875, 3.547847779949301e-23, nan 
47.875, 79.875, 6.16123270307736e-23, nan 
48.125, 79.875, 5.858574847756295e-23, nan 
48.375, 79.875, 5.299515681214549e-23, nan 
48.625, 79.875, 2.6663618591323636e-23, nan 
48.875, 79.875, 1.4753502724611033e-23, nan 
49.125, 79.875, 1.7738487815554398e-23, nan 
49.375, 79.875, 1.3070744430242325e-23, nan 
49.625, 79.875, 1.548607214930531e-23, nan 
49.875, 79.875, 1.2896248395386218e-23, nan 
50.125, 79.875, 1.9355121994503176e-23, nan 
50.375, 79.875, 2.579479820414431e-23, nan 
50.625, 79.875, 3.1482825787944676e-23, nan 
50.875, 79.875, 4.0569041840686575e-23, nan 
51.125, 79.875, 3.097172367660765e-23, nan 
51.375, 79.875, 4.1422288938618955e-23, nan 
51.625, 79.875, 4.943865609965929e-23, nan 
51.875, 79.875, 6.230027856464521e-23, nan 
52.125, 79.875, 7.155352722389791e-23, nan 
52.375, 79.875, 7.927932885221823e-23, nan 
52.625, 79.875, 7.351074229873127e-23, nan 
52.875, 79.875, 6.953169966439344e-23, nan 
53.125, 79.875, 5.321192134608699e-23, nan 
53.375, 79.875, 5.772273175954269e-23, nan 
53.625, 79.875, 6.379907879801689e-23, nan 
53.875, 79.875, 6.511099355326792e-23, nan 
54.125, 79.875, 6.176091462566114e-23, nan 
54.375, 79.875, 6.673347328408205e-23, nan 
54.625, 79.875, 6.532129357460446e-23, nan 
54.875, 79.875, 7.116353213030388e-23, nan 
55.125, 79.875, 7.008818214689338e-23, nan 
55.375, 79.875, 6.214955080390228e-23, nan 
55.625, 79.875, 5.620864705298215e-23, nan 
55.875, 79.875, 5.582807128940202e-23, nan 
56.125, 79.875, 3.229325178739366e-23, nan 
56.375, 79.875, 5.511961150077725e-23, nan 
56.625, 79.875, 3.368942486194421e-23, nan 
56.875, 79.875, 3.032480707445743e-23, nan 
57.125, 79.875, 4.739104814798168e-23, nan 
57.375, 79.875, 3.851019401262467e-23, nan 
57.625, 79.875, 6.560411187738437e-23, nan 
57.875, 79.875, 8.478578012638171e-23, nan 
58.125, 79.875, 9.972356938768719e-23, nan 
58.375, 79.875, 1.1379616488996207e-22, nan 
58.625, 79.875, 2.1264087310651364e-22, nan 
58.875, 79.875, 2.7302030092185015e-22, nan 
59.125, 79.875, 2.6369980006568636e-22, nan 
59.375, 79.875, 2.283301496722448e-22, nan 
59.625, 79.875, 1.8475246719709013e-22, nan 
59.875, 79.875, 1.8009720147734214e-22, nan 
60.125, 79.875, 1.4616115028134546e-22, nan 
60.375, 79.875, 1.1659835007260787e-22, nan 
60.625, 79.875, 9.650615640419907e-23, nan 
60.875, 79.875, 8.286534289201769e-23, nan 
61.125, 79.875, 6.449285084649326e-23, nan 
61.375, 79.875, 5.896172422075207e-23, nan 
61.625, 79.875, 4.5674758675417973e-23, nan 
61.875, 79.875, 3.738216178361253e-23, nan 
62.125, 79.875, 2.919201155637998e-23, nan 
62.375, 79.875, 3.1970109133421627e-23, nan 
62.625, 79.875, 3.016750543889066e-23, nan 
62.875, 79.875, 2.649393810889437e-23, nan 
63.125, 79.875, 3.029941475328904e-23, nan 
63.375, 79.875, 3.2385211130849206e-23, nan 
63.625, 79.875, 3.8677408653796867e-23, nan 
63.875, 79.875, 5.58428270424144e-23, nan 
64.125, 79.875, 5.932826661606433e-23, nan 
64.375, 79.875, 5.211604245463252e-23, nan 
64.625, 79.875, 6.426082417379995e-23, nan 
64.875, 79.875, 6.739681937305465e-23, nan 
65.125, 79.875, 5.875347084644726e-23, nan 
65.375, 79.875, 5.359106357925973e-23, nan 
65.625, 79.875, 6.265545892483238e-23, nan 
65.875, 79.875, 6.861934351099761e-23, nan 
66.125, 79.875, 6.869952168621316e-23, nan 
66.375, 79.875, 1.0100353110020359e-22, nan 
66.625, 79.875, 7.705855222196019e-23, nan 
66.875, 79.875, 8.643212806502652e-23, nan 
67.125, 79.875, 1.2655302561566236e-22, nan 
67.375, 79.875, 1.2178559813829955e-22, nan 
67.625, 79.875, 1.2389714545617892e-22, nan 
67.875, 79.875, 1.3366237563417622e-22, nan 
68.125, 79.875, 1.4516857819333425e-22, nan 
68.375, 79.875, 1.6447597492380192e-22, nan 
68.625, 79.875, 1.419292802599693e-22, nan 
68.875, 79.875, 1.159121622092639e-22, nan 
69.125, 79.875, 1.3711307400935836e-22, nan 
69.375, 79.875, 1.143293958452222e-22, nan 
69.625, 79.875, 1.0377314543173026e-22, nan 
69.875, 79.875, 9.993813397264153e-23, nan 
70.125, 79.875, 1.3347235410209367e-22, nan 
70.375, 79.875, 1.466674016868133e-22, nan 
70.625, 79.875, 1.5091217371919686e-22, nan 
70.875, 79.875, 1.227344796374096e-22, nan 
71.125, 79.875, 1.1688205697728878e-22, nan 
71.375, 79.875, 1.162697299408305e-22, nan 
71.625, 79.875, 1.2226105569154973e-22, nan 
71.875, 79.875, 1.79359003895095e-22, nan 
72.125, 79.875, 1.4654265585696392e-22, nan 
72.375, 79.875, 1.5417615624417895e-22, nan 
72.625, 79.875, 2.3681110322603593e-22, nan 
72.875, 79.875, 3.297358098630043e-22, nan 
73.125, 79.875, 2.873550790001171e-22, nan 
73.375, 79.875, 2.1696707023309833e-22, nan 
73.625, 79.875, 2.337967642679209e-22, nan 
73.875, 79.875, 3.8914511131102283e-22, nan 
74.125, 79.875, 6.076395165522636e-22, nan 
74.375, 79.875, 5.773202540187349e-22, nan 
74.625, 79.875, 5.273183478091869e-22, nan 
74.875, 79.875, 2.6011418648601467e-22, nan 
75.125, 79.875, 3.1205168264267936e-22, nan 
75.375, 79.875, 3.966546334813506e-22, nan 
75.625, 79.875, 4.021130505475287e-22, nan 
75.875, 79.875, 4.1377907868804087e-22, nan 
76.125, 79.875, 2.799512215709886e-22, nan 
76.375, 79.875, 2.882527092528846e-22, nan 
76.625, 79.875, 2.5821819504407895e-22, nan 
76.875, 79.875, 2.382469849989522e-22, nan 
77.125, 79.875, 1.9585478311988619e-22, nan 
77.375, 79.875, 2.209047318760417e-22, nan 
77.625, 79.875, 2.0202827492949485e-22, nan 
77.875, 79.875, 2.50655943915201e-22, nan 
78.125, 79.875, 2.656145871141458e-22, nan 
78.375, 79.875, 2.306706315083305e-22, nan 
78.625, 79.875, 2.8878953912850266e-22, nan 
78.875, 79.875, 3.155270682946109e-22, nan 
79.125, 79.875, 2.7434032338906976e-22, nan 
79.375, 79.875, 2.54854866303305e-22, nan 
79.625, 79.875, 3.400852286713347e-22, nan 
79.875, 79.875, 2.986177481435627e-22, nan 
80.125, 79.875, 2.821871916764842e-22, nan 
80.375, 79.875, 2.1244383274397686e-22, nan 
80.625, 79.875, 2.6244694782388506e-22, nan 
80.875, 79.875, 3.136150205159561e-22, nan 
81.125, 79.875, 2.540683778262233e-22, nan 
81.375, 79.875, 1.8576389553561796e-22, nan 
81.625, 79.875, 1.7177166360334947e-22, nan 
81.875, 79.875, 1.8552979610388484e-22, nan 
82.125, 79.875, 3.631484139781537e-22, nan 
82.375, 79.875, 2.3032652214348604e-22, nan 
82.625, 79.875, 2.498149685365253e-22, nan 
82.875, 79.875, 3.7488216346461145e-22, nan 
83.125, 79.875, 3.0843138755075944e-22, nan 
83.375, 79.875, 3.4964915128338425e-22, nan 
83.625, 79.875, 2.231013122889787e-22, nan 
83.875, 79.875, 2.442424377076376e-22, nan 
84.125, 79.875, 3.2974963463161833e-22, nan 
84.375, 79.875, 2.198616405213471e-22, nan 
84.625, 79.875, 2.717184581113329e-22, nan 
84.875, 79.875, 2.4370616163239854e-22, nan 
85.125, 79.875, 1.2513057935003185e-22, nan 
85.375, 79.875, 2.8467872304891924e-22, nan 
85.625, 79.875, 1.503144917863957e-22, nan 
85.875, 79.875, 3.2055584881495368e-22, nan 
86.125, 79.875, 3.3773852717264476e-22, nan 
86.375, 79.875, 3.3820617755940957e-22, nan 
86.625, 79.875, 3.8356850670969335e-22, nan 
86.875, 79.875, 5.263277804007371e-22, nan 
87.125, 79.875, 4.932626026369749e-22, nan 
87.375, 79.875, 3.985805455177129e-22, nan 
87.625, 79.875, 3.2881518628613083e-22, nan 
87.875, 79.875, 2.565132902474767e-22, nan 
88.125, 79.875, 5.202540571976245e-22, nan 
88.375, 79.875, 5.34478212182702e-22, nan 
88.625, 79.875, 1.5123489182820593e-22, nan 
88.875, 79.875, 1.4284302777333173e-22, nan 
89.125, 79.875, 1.632686734549277e-22, nan 
89.375, 79.875, 3.744885272966761e-22, nan 
89.625, 79.875, 6.664992428064552e-22, nan 
89.875, 79.875, 4.879572469807654e-22, nan 
90.125, 79.875, 2.96545368826378e-22, nan 
90.375, 79.875, 2.0539222179819143e-22, nan 
90.625, 79.875, 2.25382288972826e-22, nan 
90.875, 79.875, 6.246596792357582e-22, nan 
91.125, 79.875, 6.259179378087416e-22, nan 
91.375, 79.875, 6.586001928374878e-22, nan 
91.625, 79.875, 5.973366171988254e-22, nan 
91.875, 79.875, 5.801135623172243e-22, nan 
92.125, 79.875, 7.726685616540177e-22, nan 
92.375, 79.875, 7.715197467110379e-22, nan 
92.625, 79.875, 8.838197128803794e-22, nan 
92.875, 79.875, 8.536291326112902e-22, nan 
93.125, 79.875, 8.72420512684691e-22, nan 
93.375, 79.875, 7.024961668772834e-22, nan 
93.625, 79.875, 5.427445512647076e-22, nan 
93.875, 79.875, 5.012806041246955e-22, nan 
94.125, 79.875, 7.358313752131338e-22, nan 
94.375, 79.875, 9.708902638499235e-22, nan 
94.625, 79.875, 7.998692655855564e-22, nan 
94.875, 79.875, 4.635880690095326e-22, nan 
95.125, 79.875, 5.622394118692342e-22, nan 
95.375, 79.875, 2.9531824208370783e-22, nan 
95.625, 79.875, 3.969669702503186e-22, nan 
95.875, 79.875, 3.183162941511011e-22, nan 
96.125, 79.875, 4.890370159486404e-22, nan 
96.375, 79.875, 2.951917296068355e-22, nan 
96.625, 79.875, 1.15095633893435e-21, nan 
96.875, 79.875, 6.161178945697487e-22, nan 
97.125, 79.875, 4.331754146181178e-22, nan 
97.375, 79.875, 9.27657935214384e-22, nan 
97.625, 79.875, 7.195097634930392e-22, nan 
97.875, 79.875, 2.5035009916424336e-21, nan 
98.125, 79.875, 1.0955880195070845e-21, nan 
98.375, 79.875, 8.00732814243022e-22, nan 
98.625, 79.875, 1.0032429162553783e-21, nan 
98.875, 79.875, 7.773154903567119e-22, nan 
99.125, 79.875, 1.34003807430554e-21, nan 
99.375, 79.875, 8.637619776317674e-22, nan 
99.625, 79.875, 5.41838330397806e-22, nan 
99.875, 79.875, 7.942052239245637e-22, nan 
100.125, 79.875, 7.073267058348419e-22, nan 
100.375, 79.875, 6.0854729947341e-22, nan 
100.625, 79.875, 6.9655358320145355e-22, nan 
100.875, 79.875, 6.114242183276144e-22, nan 
101.125, 79.875, 6.298975337265013e-22, nan 
101.375, 79.875, 6.03970331004995e-22, nan 
101.625, 79.875, 3.582070641417182e-22, nan 
101.875, 79.875, 6.574656447333544e-22, nan 
102.125, 79.875, 5.244969292008161e-22, nan 
102.375, 79.875, 9.225222979301082e-22, nan 
102.625, 79.875, 6.730641831146032e-22, nan 
102.875, 79.875, 3.888775553338078e-22, nan 
103.125, 79.875, 4.0798800097445585e-22, nan 
103.375, 79.875, 6.281680841830149e-22, nan 
103.625, 79.875, 8.894463479585729e-22, nan 
103.875, 79.875, 5.163845080780148e-22, nan 
104.125, 79.875, 4.0591104837014768e-22, nan 
104.375, 79.875, 5.588341937193566e-22, nan 
104.625, 79.875, 6.723935524170464e-22, nan 
104.875, 79.875, 1.0934517668175512e-21, nan 
105.125, 79.875, 1.232321587171071e-21, nan 
105.375, 79.875, 1.9714939842185566e-21, nan 
105.625, 79.875, 2.7039607356411962e-21, nan 
105.875, 79.875, 1.2920030417787959e-21, nan 
106.125, 79.875, 1.2505399298616233e-21, nan 
106.375, 79.875, 1.0528676078366712e-21, nan 
106.625, 79.875, 1.4381319357049303e-21, nan 
106.875, 79.875, 1.3962961001649913e-21, nan 
107.125, 79.875, 1.2286082267797784e-21, nan 
107.375, 79.875, 1.6586213428602535e-21, nan 
107.625, 79.875, 1.6395257901733697e-21, nan 
107.875, 79.875, 2.5023259069497368e-21, nan 
108.125, 79.875, 2.1771130730581964e-21, nan 
108.375, 79.875, 2.2861149040144687e-21, nan 
108.625, 79.875, 2.090477746213718e-21, nan 
108.875, 79.875, 2.0799324118803957e-21, nan 
109.125, 79.875, 2.442253166859828e-21, nan 
109.375, 79.875, 2.8552640983848605e-21, nan 
109.625, 79.875, 2.08563291109572e-21, nan 
109.875, 79.875, 2.5362027864238683e-21, nan 
110.125, 79.875, 2.053775898498647e-21, nan 
110.375, 79.875, 2.267024919642178e-21, nan 
110.625, 79.875, 2.3808792658912278e-21, nan 
110.875, 79.875, 1.7683468213770005e-21, nan 
111.125, 79.875, 2.5931606662089024e-21, nan 
111.375, 79.875, 2.2390417855090022e-21, nan 
111.625, 79.875, 3.2050899092854353e-21, nan 
111.875, 79.875, 3.709946334908214e-21, nan 
112.125, 79.875, 3.991699800831351e-21, nan 
112.375, 79.875, 5.6566121026692666e-21, nan 
112.625, 79.875, 3.9749283532909865e-21, nan 
112.875, 79.875, 3.413818784167159e-21, nan 
113.125, 79.875, 2.9890145809606726e-21, nan 
113.375, 79.875, 4.176925414781233e-21, nan 
113.625, 79.875, 3.664483457402909e-21, nan 
113.875, 79.875, 3.717870173691765e-21, nan 
114.125, 79.875, 3.2698884851088083e-21, nan 
114.375, 79.875, 3.328181993409932e-21, nan 
114.625, 79.875, 3.1470191050267165e-21, nan 
114.875, 79.875, 3.087001501219347e-21, nan 
115.125, 79.875, 2.751288267656589e-21, nan 
115.375, 79.875, 2.8723797924688744e-21, nan 
115.625, 79.875, 2.7731438407568247e-21, nan 
115.875, 79.875, 2.7368691471978665e-21, nan 
116.125, 79.875, 2.0555704522645824e-21, nan 
116.375, 79.875, 2.5607857199939783e-21, nan 
116.625, 79.875, 2.9879369277729088e-21, nan 
116.875, 79.875, 2.9476330852409552e-21, nan 
117.125, 79.875, 2.9372806344836303e-21, nan 
117.375, 79.875, 2.7553955623213964e-21, nan 
117.625, 79.875, 2.9456430810134483e-21, nan 
117.875, 79.875, 2.4382215723367504e-21, nan 
118.125, 79.875, 2.9508000098377357e-21, nan 
118.375, 79.875, 4.2622542018180794e-21, nan 
118.625, 79.875, 3.215557223761409e-21, nan 
118.875, 79.875, 2.5945562050694416e-21, nan 
119.125, 79.875, 2.5609191128059366e-21, nan 
119.375, 79.875, 3.18309496865432e-21, nan 
119.625, 79.875, 3.450788769843716e-21, nan 
119.875, 79.875, 3.059889639797759e-21, nan 
120.125, 79.875, 3.1373406580804962e-21, nan 
120.375, 79.875, 3.159723950264917e-21, nan 
120.625, 79.875, 2.4697684646727193e-21, nan 
120.875, 79.875, 2.2500003754068658e-21, nan 
121.125, 79.875, 2.523349393397892e-21, nan 
121.375, 79.875, 2.7856230532164903e-21, nan 
121.625, 79.875, 2.792233328670579e-21, nan 
121.875, 79.875, 2.47160615368367e-21, nan 
122.125, 79.875, 2.0226605525049724e-21, nan 
122.375, 79.875, 1.7439828375032992e-21, nan 
122.625, 79.875, 2.174824642565727e-21, nan 
122.875, 79.875, 1.959376107509937e-21, nan 
123.125, 79.875, 1.7156623082738334e-21, nan 
123.375, 79.875, 2.106512312240607e-21, nan 
123.625, 79.875, 2.0604261738259803e-21, nan 
123.875, 79.875, 2.294497097787253e-21, nan 
124.125, 79.875, 1.581530278895267e-21, nan 
124.375, 79.875, 8.640860629999785e-22, nan 
124.625, 79.875, 1.5926582368527006e-21, nan 
124.875, 79.875, 1.5871966769875133e-21, nan 
125.125, 79.875, 1.000702060622564e-21, nan 
125.375, 79.875, 1.6187514185222337e-21, nan 
125.625, 79.875, 1.3046144330865046e-21, nan 
125.875, 79.875, 1.3082874707244843e-21, nan 
126.125, 79.875, 4.1380428914772298e-22, nan 
126.375, 79.875, 5.825884883398232e-22, nan 
126.625, 79.875, 7.296023265293171e-22, nan 
126.875, 79.875, 9.22654982081627e-22, nan 
127.125, 79.875, 1.2306964980994767e-21, nan 
127.375, 79.875, 3.3306472466794863e-22, nan 
127.625, 79.875, 1.1007481750549518e-21, nan 
127.875, 79.875, 1.1557600722120349e-21, nan 
128.125, 79.875, 1.105389528050127e-21, nan 
128.375, 79.875, 7.398937074229552e-22, nan 
128.625, 79.875, 8.879992143521312e-22, nan 
128.875, 79.875, 1.1515509838588058e-21, nan 
129.125, 79.875, 8.320022878366893e-22, nan 
129.375, 79.875, 9.907020197441104e-22, nan 
129.625, 79.875, 7.284088380328492e-22, nan 
129.875, 79.875, 1.0314926525184596e-21, nan 
130.125, 79.875, 1.0455695290891266e-21, nan 
130.375, 79.875, 3.0626279830169854e-22, nan 
130.625, 79.875, 6.272213904707909e-22, nan 
130.875, 79.875, 5.54467948111706e-22, nan 
131.125, 79.875, 7.842401777358183e-22, nan 
131.375, 79.875, 1.1968865083505024e-21, nan 
131.625, 79.875, 9.599787204502343e-22, nan 
131.875, 79.875, 9.714688139442443e-22, nan 
132.125, 79.875, 6.987782125283625e-22, nan 
132.375, 79.875, 7.306769719746284e-22, nan 
132.625, 79.875, 9.602982262246494e-22, nan 
132.875, 79.875, 7.706433904924358e-22, nan 
133.125, 79.875, 8.60807096191563e-22, nan 
133.375, 79.875, 7.326310308732116e-22, nan 
133.625, 79.875, 3.8872277045078684e-22, nan 
133.875, 79.875, 5.080942706860303e-22, nan 
134.125, 79.875, 4.716464178882563e-22, nan 
134.375, 79.875, 6.744554827402609e-22, nan 
134.625, 79.875, 2.959125246561495e-22, nan 
134.875, 79.875, 3.9091563236336756e-22, nan 
135.125, 79.875, 5.614723709967494e-22, nan 
135.375, 79.875, 5.554082432346011e-22, nan 
135.625, 79.875, 5.118916185216389e-22, nan 
135.875, 79.875, 3.70508661151573e-22, nan 
136.125, 79.875, 5.222057266309315e-22, nan 
136.375, 79.875, 5.37968562325183e-22, nan 
136.625, 79.875, 7.126623410183622e-22, nan 
136.875, 79.875, 9.25586463081275e-22, nan 
137.125, 79.875, 1.1210525781632695e-21, nan 
137.375, 79.875, 8.750754273131111e-22, nan 
137.625, 79.875, 7.471137867391852e-22, nan 
137.875, 79.875, 5.907234602029405e-22, nan 
138.125, 79.875, 9.634049758702206e-22, nan 
138.375, 79.875, 1.1710115539565155e-21, nan 
138.625, 79.875, 1.2893553478800356e-21, nan 
138.875, 79.875, 1.152733884559222e-21, nan 
139.125, 79.875, 8.69317880341466e-22, nan 
139.375, 79.875, 1.5473495991247606e-21, nan 
139.625, 79.875, 8.694222378388788e-22, nan 
139.875, 79.875, 8.164717371219674e-22, nan 
140.125, 79.875, 7.004976444313106e-22, nan 
140.375, 79.875, 5.7708117913127e-22, nan 
140.625, 79.875, 5.042432543432063e-22, nan 
140.875, 79.875, 5.891982951031364e-22, nan 
141.125, 79.875, 5.404494674809333e-22, nan 
141.375, 79.875, 5.784540719888463e-22, nan 
141.625, 79.875, 5.264535732093734e-22, nan 
141.875, 79.875, 5.247378855718702e-22, nan 
142.125, 79.875, 4.1724255287419866e-22, nan 
142.375, 79.875, 4.839837053494912e-22, nan 
142.625, 79.875, 4.978548502291524e-22, nan 
142.875, 79.875, 7.308229637339832e-22, nan 
143.125, 79.875, 4.620255582653108e-22, nan 
143.375, 79.875, 3.741599416655744e-22, nan 
143.625, 79.875, 3.2459665630163826e-22, nan 
143.875, 79.875, 2.878626760205845e-22, nan 
144.125, 79.875, 2.7846767507527084e-22, nan 
144.375, 79.875, 1.9237146316355908e-22, nan 
144.625, 79.875, 2.1946540558166885e-22, nan 
144.875, 79.875, 2.059810225318083e-22, nan 
145.125, 79.875, 2.152471777460349e-22, nan 
145.375, 79.875, 1.626699599014998e-22, nan 
145.625, 79.875, 1.7707328899164411e-22, nan 
145.875, 79.875, 1.5572568782110504e-22, nan 
146.125, 79.875, 1.2914280206733088e-22, nan 
146.375, 79.875, 1.6497125781673428e-22, nan 
146.625, 79.875, 1.1481260019426858e-22, nan 
146.875, 79.875, 1.0614579192126556e-22, nan 
147.125, 79.875, 1.174535189036193e-22, nan 
147.375, 79.875, 4.286022551673443e-23, nan 
147.625, 79.875, 9.069698901029422e-23, nan 
147.875, 79.875, 1.0940818466335714e-22, nan 
148.125, 79.875, 9.393392696883105e-23, nan 
148.375, 79.875, 1.111863026931088e-22, nan 
148.625, 79.875, 1.2085190051389598e-22, nan 
148.875, 79.875, 5.357530080392947e-23, nan 
149.125, 79.875, 7.432663067218748e-23, nan 
149.375, 79.875, 7.309493840920207e-23, nan 
149.625, 79.875, 8.667233873556955e-23, nan 
149.875, 79.875, 1.1185842704225265e-22, nan 
150.125, 79.875, 9.21551321439266e-23, nan 
150.375, 79.875, 9.943715163194934e-23, nan 
150.625, 79.875, 8.446388525260263e-23, nan 
150.875, 79.875, 9.893018424352852e-23, nan 
151.125, 79.875, 8.195809184176717e-23, nan 
151.375, 79.875, 9.020187396020131e-23, nan 
151.625, 79.875, 1.1082521368464078e-22, nan 
151.875, 79.875, 9.856276422640033e-23, nan 
152.125, 79.875, 1.5686161533439494e-22, nan 
152.375, 79.875, 9.127921424817685e-23, nan 
152.625, 79.875, 1.1654827020842404e-22, nan 
152.875, 79.875, 5.593598449242902e-23, nan 
153.125, 79.875, 9.009397810873656e-23, nan 
153.375, 79.875, 1.5622887479655494e-22, nan 
153.625, 79.875, 1.220249685150112e-22, nan 
153.875, 79.875, 1.5939701684758683e-22, nan 
154.125, 79.875, 1.200998335913172e-22, nan 
154.375, 79.875, 1.3823439553387275e-22, nan 
154.625, 79.875, 1.5406595869921402e-22, nan 
154.875, 79.875, 1.2037814251275592e-22, nan 
155.125, 79.875, 1.4527113405539617e-22, nan 
155.375, 79.875, 1.1899935779103784e-22, nan 
155.625, 79.875, 1.2427555686885413e-22, nan 
155.875, 79.875, 1.2632565737887353e-22, nan 
156.125, 79.875, 9.966996074575382e-23, nan 
156.375, 79.875, 1.1460899108442972e-22, nan 
156.625, 79.875, 8.720241382288288e-23, nan 
156.875, 79.875, 8.245702771361077e-23, nan 
157.125, 79.875, 7.301871135928758e-23, nan 
157.375, 79.875, 7.344250456768625e-23, nan 
157.625, 79.875, 6.498244268479281e-23, nan 
157.875, 79.875, 6.10353096323548e-23, nan 
158.125, 79.875, 5.591666651145091e-23, nan 
158.375, 79.875, 6.137671502846135e-23, nan 
158.625, 79.875, 5.864457443960015e-23, nan 
158.875, 79.875, 5.774747086733797e-23, nan 
159.125, 79.875, 5.691578364538898e-23, nan 
159.375, 79.875, 6.651005552020132e-23, nan 
159.625, 79.875, 6.764985677910983e-23, nan 
159.875, 79.875, 6.915598596053124e-23, nan 
160.125, 79.875, 1.0095198515038822e-22, nan 
160.375, 79.875, 8.901101579545877e-23, nan 
160.625, 79.875, 5.978466003584302e-23, nan 
160.875, 79.875, 5.147521817739185e-23, nan 
161.125, 79.875, 4.9531235172793857e-23, nan 
161.375, 79.875, 7.046355736701992e-23, nan 
161.625, 79.875, 6.248474423495472e-23, nan 
161.875, 79.875, 5.764578132591101e-23, nan 
162.125, 79.875, 6.85186941340829e-23, nan 
162.375, 79.875, 5.941517175547688e-23, nan 
162.625, 79.875, 7.232018002508536e-23, nan 
162.875, 79.875, 8.753552343051725e-23, nan 
163.125, 79.875, 8.187310689136445e-23, nan 
163.375, 79.875, 1.063327236351425e-22, nan 
163.625, 79.875, 7.933308318048922e-23, nan 
163.875, 79.875, 1.1796534493657917e-22, nan 
164.125, 79.875, 1.119269208731024e-22, nan 
164.375, 79.875, 9.130389848908038e-23, nan 
164.625, 79.875, 8.464101711753282e-23, nan 
164.875, 79.875, 7.446517125460193e-23, nan 
165.125, 79.875, 7.968755937568114e-23, nan 
165.375, 79.875, 1.1893646442882033e-22, nan 
165.625, 79.875, 7.107400387030172e-23, nan 
165.875, 79.875, 7.478391603638522e-23, nan 
166.125, 79.875, 9.36353715607308e-23, nan 
166.375, 79.875, 9.178945935991568e-23, nan 
166.625, 79.875, 1.1452805675112633e-22, nan 
166.875, 79.875, 9.87741691170007e-23, nan 
167.125, 79.875, 8.798429375030158e-23, nan 
167.375, 79.875, 9.994506590581493e-23, nan 
167.625, 79.875, 9.659271027555362e-23, nan 
167.875, 79.875, 1.0004740763200622e-22, nan 
168.125, 79.875, 9.560560952306312e-23, nan 
168.375, 79.875, 9.217574819285983e-23, nan 
168.625, 79.875, 8.16746682933241e-23, nan 
168.875, 79.875, 7.723671967750719e-23, nan 
169.125, 79.875, 7.057619094773805e-23, nan 
169.375, 79.875, 7.513847847986543e-23, nan 
169.625, 79.875, 8.560428324621569e-23, nan 
169.875, 79.875, 7.865704872991334e-23, nan 
170.125, 79.875, 8.280394911291092e-23, nan 
170.375, 79.875, 7.062245931673788e-23, nan 
170.625, 79.875, 6.891561784478593e-23, nan 
170.875, 79.875, 5.769225113428021e-23, nan 
171.125, 79.875, 7.025824872151315e-23, nan 
171.375, 79.875, 5.69626096258037e-23, nan 
171.625, 79.875, 6.120590304237765e-23, nan 
171.875, 79.875, 5.645432785941896e-23, nan 
172.125, 79.875, 5.522339130612663e-23, nan 
172.375, 79.875, 6.181847132378592e-23, nan 
172.625, 79.875, 6.551684486466823e-23, nan 
172.875, 79.875, 5.634264966037007e-23, nan 
173.125, 79.875, 5.530932865583117e-23, nan 
173.375, 79.875, 5.853651376877005e-23, nan 
173.625, 79.875, 5.723526124787858e-23, nan 
173.875, 79.875, 5.685387980364347e-23, nan 
174.125, 79.875, 5.795527273004817e-23, nan 
174.375, 79.875, 5.67754833661485e-23, nan 
174.625, 79.875, 5.569672850232881e-23, nan 
174.875, 79.875, 4.908428284733415e-23, nan 
175.125, 79.875, 5.2445724508546796e-23, nan 
175.375, 79.875, 4.879915224157819e-23, nan 
175.625, 79.875, 5.110903461918207e-23, nan 
175.875, 79.875, 4.723422414163284e-23, nan 
176.125, 79.875, 3.7937098573145024e-23, nan 
176.375, 79.875, 4.874800375134171e-23, nan 
176.625, 79.875, 4.3528568622963174e-23, nan 
176.875, 79.875, 4.564020104258335e-23, nan 
177.125, 79.875, 3.8774436474003305e-23, nan 
177.375, 79.875, 4.203201813973516e-23, nan 
177.625, 79.875, 4.1432350366553355e-23, nan 
177.875, 79.875, 4.2409939418311896e-23, nan 
178.125, 79.875, 3.895553445193508e-23, nan 
178.375, 79.875, 3.8192710891279966e-23, nan 
178.625, 79.875, 3.711580303802788e-23, nan 
178.875, 79.875, 3.976795462071986e-23, nan 
179.125, 79.875, 3.56498401280863e-23, nan 
179.375, 79.875, 3.529001071357912e-23, nan 
179.625, 79.875, 3.7291190744617375e-23, nan 
179.875, 79.875, 3.5240361796504334e-23, nan 
-179.875, 80.125, 3.4784569264151326e-23, nan 
-179.625, 80.125, 3.696415501085214e-23, nan 
-179.375, 80.125, 3.218665073177624e-23, nan 
-179.125, 80.125, 3.3770441101067423e-23, nan 
-178.875, 80.125, 3.2028037372286775e-23, nan 
-178.625, 80.125, 3.096319980404424e-23, nan 
-178.375, 80.125, 3.074724233446466e-23, nan 
-178.125, 80.125, 2.926220146967169e-23, nan 
-177.875, 80.125, 2.481142794468166e-23, nan 
-177.625, 80.125, 2.872298565611649e-23, nan 
-177.375, 80.125, 2.686466109160241e-23, nan 
-177.125, 80.125, 2.491009408023966e-23, nan 
-176.875, 80.125, 2.377061923408231e-23, nan 
-176.625, 80.125, 2.1416711743726945e-23, nan 
-176.375, 80.125, 2.365397117889561e-23, nan 
-176.125, 80.125, 2.3954155727679143e-23, nan 
-175.875, 80.125, 2.0194396209261404e-23, nan 
-175.625, 80.125, 1.911487669348376e-23, nan 
-175.375, 80.125, 2.2320399006595273e-23, nan 
-175.125, 80.125, 2.119354651500819e-23, nan 
-174.875, 80.125, 2.076575446633787e-23, nan 
-174.625, 80.125, 1.9984352888234037e-23, nan 
-174.375, 80.125, 1.9085605256916275e-23, nan 
-174.125, 80.125, 1.9130281531495728e-23, nan 
-173.875, 80.125, 2.190152716492585e-23, nan 
-173.625, 80.125, 1.7624850172087027e-23, nan 
-173.375, 80.125, 1.840694721058882e-23, nan 
-173.125, 80.125, 1.8865283757412042e-23, nan 
-172.875, 80.125, 1.8000329831617022e-23, nan 
-172.625, 80.125, 1.8686350394150028e-23, nan 
-172.375, 80.125, 1.5940562101621323e-23, nan 
-172.125, 80.125, 1.74477069821649e-23, nan 
-171.875, 80.125, 1.698397303031492e-23, nan 
-171.625, 80.125, 1.6492228401221915e-23, nan 
-171.375, 80.125, 1.574619664521612e-23, nan 
-171.125, 80.125, 1.4660312496878905e-23, nan 
-170.875, 80.125, 1.3756699181118938e-23, nan 
-170.625, 80.125, 1.4382903763673683e-23, nan 
-170.375, 80.125, 1.6015070541216548e-23, nan 
-170.125, 80.125, 1.3615911984536392e-23, nan 
-169.875, 80.125, 1.4331458567639972e-23, nan 
-169.625, 80.125, 1.587110681504465e-23, nan 
-169.375, 80.125, 1.4701608809525722e-23, nan 
-169.125, 80.125, 1.3486636255990594e-23, nan 
-168.875, 80.125, 1.444520198833509e-23, nan 
-168.625, 80.125, 1.3921392005002415e-23, nan 
-168.375, 80.125, 1.387972519140912e-23, nan 
-168.125, 80.125, 1.4119387517849018e-23, nan 
-167.875, 80.125, 1.2570050520807963e-23, nan 
-167.625, 80.125, 1.4292708281017578e-23, nan 
-167.375, 80.125, 1.3960830178238227e-23, nan 
-167.125, 80.125, 1.7048662339735178e-23, nan 
-166.875, 80.125, 1.0388672321084928e-23, nan 
-166.625, 80.125, 1.5997621527235951e-23, nan 
-166.375, 80.125, 1.3316098185373267e-23, nan 
-166.125, 80.125, 1.439245463017776e-23, nan 
-165.875, 80.125, 1.2640669893190319e-23, nan 
-165.625, 80.125, 1.164614382054128e-23, nan 
-165.375, 80.125, 1.1410902062525433e-23, nan 
-165.125, 80.125, 1.16406278472771e-23, nan 
-164.875, 80.125, 1.170413514170434e-23, nan 
-164.625, 80.125, 1.120552366002078e-23, nan 
-164.375, 80.125, 1.0335966817322891e-23, nan 
-164.125, 80.125, 1.1519648326356965e-23, nan 
-163.875, 80.125, 9.877574107787701e-24, nan 
-163.625, 80.125, 1.0411215499097075e-23, nan 
-163.375, 80.125, 9.991078003403638e-24, nan 
-163.125, 80.125, 1.0002677798406348e-23, nan 
-162.875, 80.125, 1.038627814079998e-23, nan 
-162.625, 80.125, 9.297888333998376e-24, nan 
-162.375, 80.125, 9.340209898438916e-24, nan 
-162.125, 80.125, 7.740770133042049e-24, nan 
-161.875, 80.125, 7.576352072132543e-24, nan 
-161.625, 80.125, 8.078642920376547e-24, nan 
-161.375, 80.125, 8.41064658417345e-24, nan 
-161.125, 80.125, 7.694173201973641e-24, nan 
-160.875, 80.125, 8.853623481667895e-24, nan 
-160.625, 80.125, 8.101164214868437e-24, nan 
-160.375, 80.125, 8.529654131319116e-24, nan 
-160.125, 80.125, 7.681085868610587e-24, nan 
-159.875, 80.125, 7.916702759266272e-24, nan 
-159.625, 80.125, 7.884389201789778e-24, nan 
-159.375, 80.125, 7.807627741819958e-24, nan 
-159.125, 80.125, 7.368326830106425e-24, nan 
-158.875, 80.125, 7.349188208755794e-24, nan 
-158.625, 80.125, 7.413036395079994e-24, nan 
-158.375, 80.125, 7.267147057808039e-24, nan 
-158.125, 80.125, 7.367334166586542e-24, nan 
-157.875, 80.125, 7.238874012098103e-24, nan 
-157.625, 80.125, 7.198589092843928e-24, nan 
-157.375, 80.125, 6.406540105379843e-24, nan 
-157.125, 80.125, 6.685157149309952e-24, nan 
-156.875, 80.125, 6.821399918205692e-24, nan 
-156.625, 80.125, 6.5784080661655554e-24, nan 
-156.375, 80.125, 6.655665453944615e-24, nan 
-156.125, 80.125, 6.336549365281858e-24, nan 
-155.875, 80.125, 6.5128578058775906e-24, nan 
-155.625, 80.125, 6.299647152911798e-24, nan 
-155.375, 80.125, 6.1956345270575896e-24, nan 
-155.125, 80.125, 5.744093052098845e-24, nan 
-154.875, 80.125, 6.011490603998412e-24, nan 
-154.625, 80.125, 5.729561743563623e-24, nan 
-154.375, 80.125, 5.509641637940847e-24, nan 
-154.125, 80.125, 6.0108779749265865e-24, nan 
-153.875, 80.125, 5.4022858088767946e-24, nan 
-153.625, 80.125, 5.250411956073082e-24, nan 
-153.375, 80.125, 5.2179454184311254e-24, nan 
-153.125, 80.125, 5.512158613631043e-24, nan 
-152.875, 80.125, 4.998002076091358e-24, nan 
-152.625, 80.125, 5.5483215676071795e-24, nan 
-152.375, 80.125, 4.714129163994738e-24, nan 
-152.125, 80.125, 4.93567009091396e-24, nan 
-151.875, 80.125, 5.335899527946069e-24, nan 
-151.625, 80.125, 4.981184463670277e-24, nan 
-151.375, 80.125, 5.2447108131427734e-24, nan 
-151.125, 80.125, 4.8096284021966384e-24, nan 
-150.875, 80.125, 4.982315815330209e-24, nan 
-150.625, 80.125, 4.5505966784026005e-24, nan 
-150.375, 80.125, 5.011506249630389e-24, nan 
-150.125, 80.125, 5.164132008625573e-24, nan 
-149.875, 80.125, 4.886518134204252e-24, nan 
-149.625, 80.125, 4.480644548497408e-24, nan 
-149.375, 80.125, 4.818172346614143e-24, nan 
-149.125, 80.125, 4.844896801348489e-24, nan 
-148.875, 80.125, 4.778014723089405e-24, nan 
-148.625, 80.125, 4.70270718709319e-24, nan 
-148.375, 80.125, 4.12688939938795e-24, nan 
-148.125, 80.125, 4.532697494537474e-24, nan 
-147.875, 80.125, 4.454749859659694e-24, nan 
-147.625, 80.125, 4.479040604898953e-24, nan 
-147.375, 80.125, 4.1170287001844166e-24, nan 
-147.125, 80.125, 3.7800314563979144e-24, nan 
-146.875, 80.125, 3.7972161692352575e-24, nan 
-146.625, 80.125, 4.312542806689171e-24, nan 
-146.375, 80.125, 4.058283776792727e-24, nan 
-146.125, 80.125, 3.779440676888722e-24, nan 
-145.875, 80.125, 3.95973068709685e-24, nan 
-145.625, 80.125, 4.071056118599913e-24, nan 
-145.375, 80.125, 3.626329629095731e-24, nan 
-145.125, 80.125, 3.801427614829725e-24, nan 
-144.875, 80.125, 4.125395044497668e-24, nan 
-144.625, 80.125, 3.3301595695018074e-24, nan 
-144.375, 80.125, 4.353027810121254e-24, nan 
-144.125, 80.125, 3.7478420173459374e-24, nan 
-143.875, 80.125, 3.8069339529645685e-24, nan 
-143.625, 80.125, 3.465213664366429e-24, nan 
-143.375, 80.125, 3.9466256628899435e-24, nan 
-143.125, 80.125, 3.699747141373277e-24, nan 
-142.875, 80.125, 3.3651630515702925e-24, nan 
-142.625, 80.125, 3.487144850429254e-24, nan 
-142.375, 80.125, 3.2832477168163855e-24, nan 
-142.125, 80.125, 3.570222045836603e-24, nan 
-141.875, 80.125, 3.563580340321756e-24, nan 
-141.625, 80.125, 3.2157042142107172e-24, nan 
-141.375, 80.125, 3.328713165526026e-24, nan 
-141.125, 80.125, 3.2011694428271925e-24, nan 
-140.875, 80.125, 2.980811363478374e-24, nan 
-140.625, 80.125, 3.1519116138000407e-24, nan 
-140.375, 80.125, 3.0184936769843256e-24, nan 
-140.125, 80.125, 3.331588625106664e-24, nan 
-139.875, 80.125, 3.2386248861022922e-24, nan 
-139.625, 80.125, 3.0039196191864355e-24, nan 
-139.375, 80.125, 3.177523358239774e-24, nan 
-139.125, 80.125, 3.1345426123871616e-24, nan 
-138.875, 80.125, 3.1689655659656258e-24, nan 
-138.625, 80.125, 3.0441376132567253e-24, nan 
-138.375, 80.125, 3.2273538851973226e-24, nan 
-138.125, 80.125, 3.354106436945141e-24, nan 
-137.875, 80.125, 3.913753924717753e-24, nan 
-137.625, 80.125, 2.9642308042446437e-24, nan 
-137.375, 80.125, 3.0767084438459914e-24, nan 
-137.125, 80.125, 3.723914329449516e-24, nan 
-136.875, 80.125, 3.224907822027929e-24, nan 
-136.625, 80.125, 3.079257019783031e-24, nan 
-136.375, 80.125, 3.6026119464277546e-24, nan 
-136.125, 80.125, 2.9674286622208736e-24, nan 
-135.875, 80.125, 3.471848791519738e-24, nan 
-135.625, 80.125, 3.506822528995066e-24, nan 
-135.375, 80.125, 3.051099170347397e-24, nan 
-135.125, 80.125, 3.4691612981712566e-24, nan 
-134.875, 80.125, 3.42189366777811e-24, nan 
-134.625, 80.125, 3.1265475450661436e-24, nan 
-134.375, 80.125, 2.640509958473837e-24, nan 
-134.125, 80.125, 3.346416837820212e-24, nan 
-133.875, 80.125, 3.295014944978829e-24, nan 
-133.625, 80.125, 3.857718488915459e-24, nan 
-133.375, 80.125, 3.1896930742155497e-24, nan 
-133.125, 80.125, 3.0893247553334034e-24, nan 
-132.875, 80.125, 3.516112807735749e-24, nan 
-132.625, 80.125, 3.521132212785536e-24, nan 
-132.375, 80.125, 3.273976548340097e-24, nan 
-132.125, 80.125, 3.259541436999596e-24, nan 
-131.875, 80.125, 3.751704461846247e-24, nan 
-131.625, 80.125, 3.3046919540908754e-24, nan 
-131.375, 80.125, 3.49954578078391e-24, nan 
-131.125, 80.125, 3.2900278438112995e-24, nan 
-130.875, 80.125, 3.771547602970429e-24, nan 
-130.625, 80.125, 3.4372650284016515e-24, nan 
-130.375, 80.125, 3.591238162221695e-24, nan 
-130.125, 80.125, 3.34340234696767e-24, nan 
-129.875, 80.125, 3.225607475016236e-24, nan 
-129.625, 80.125, 3.547224693633166e-24, nan 
-129.375, 80.125, 3.687446673457427e-24, nan 
-129.125, 80.125, 3.101250953336214e-24, nan 
-128.875, 80.125, 2.6790194341047784e-24, nan 
-128.625, 80.125, 2.4830233894251686e-24, nan 
-25.875, 80.125, 1.2394025456858244e-23, nan 
-25.625, 80.125, 1.2676933754211679e-23, nan 
-25.375, 80.125, 1.3027293044889231e-23, nan 
-25.125, 80.125, 7.021751653618608e-24, nan 
-24.875, 80.125, 5.822786993208373e-24, nan 
-24.625, 80.125, 4.90337335338916e-24, nan 
-24.375, 80.125, 7.429471783419564e-24, nan 
-24.125, 80.125, 1.57785333527501e-23, nan 
-23.875, 80.125, 2.1307119492098903e-23, nan 
-23.625, 80.125, 2.334620087313915e-23, nan 
-23.375, 80.125, 1.9734546343289388e-23, nan 
-23.125, 80.125, 1.6661956389835947e-23, nan 
-22.875, 80.125, 2.0568559619905882e-23, nan 
-22.625, 80.125, 2.913301377384264e-23, nan 
-22.375, 80.125, 3.539775572256375e-23, nan 
-22.125, 80.125, 3.7241171571914775e-23, nan 
-21.875, 80.125, 3.378525585466515e-23, nan 
-21.625, 80.125, 3.764595419658278e-23, nan 
-21.375, 80.125, 3.651077567786928e-23, nan 
-21.125, 80.125, 3.7834212938325896e-23, nan 
-20.875, 80.125, 3.630977903455076e-23, nan 
-20.625, 80.125, 3.854556083409451e-23, nan 
-20.375, 80.125, 2.907666574640671e-23, nan 
-20.125, 80.125, 2.4086275837488497e-23, nan 
-19.875, 80.125, 2.5340772862753474e-23, nan 
-19.625, 80.125, 2.1776010231048096e-23, nan 
-19.375, 80.125, 1.2104758337636851e-23, nan 
-19.125, 80.125, 5.564280349516114e-24, nan 
-18.875, 80.125, 4.1109192168880935e-24, nan 
-18.625, 80.125, 5.4544285288466894e-24, nan 
-18.375, 80.125, 5.5740901959529066e-24, nan 
-18.125, 80.125, 4.611127057947914e-24, nan 
-17.875, 80.125, 4.317776057056762e-24, nan 
-17.625, 80.125, 9.706424796845562e-24, nan 
-17.375, 80.125, 1.7312476423399814e-23, nan 
-17.125, 80.125, 2.840720129947671e-23, nan 
-16.875, 80.125, 2.720339132459579e-23, nan 
-16.625, 80.125, 1.952226648035533e-23, nan 
-16.375, 80.125, 1.2733343504595572e-23, nan 
-16.125, 80.125, 2.4633767874531687e-23, nan 
-15.875, 80.125, 4.621881555815519e-23, nan 
-15.625, 80.125, 4.494670878969116e-23, nan 
-15.375, 80.125, 3.265222592160481e-23, nan 
-15.125, 80.125, 2.527735141495053e-23, nan 
-14.875, 80.125, 2.605694953163089e-23, nan 
-14.625, 80.125, 3.911413346456204e-23, nan 
-14.375, 80.125, 4.148523667964884e-23, nan 
-14.125, 80.125, 4.277024307655682e-23, nan 
-13.875, 80.125, 4.629012624449152e-23, nan 
-13.625, 80.125, 4.162316418833836e-23, nan 
-13.375, 80.125, 2.988765716684946e-23, nan 
-13.125, 80.125, 3.2309508350504613e-23, nan 
-12.875, 80.125, 1.726523370480588e-23, nan 
-12.625, 80.125, 8.90729753685677e-24, nan 
-12.375, 80.125, 5.55215988810052e-24, nan 
-12.125, 80.125, 3.821959365948356e-24, nan 
-11.875, 80.125, 3.1948940997103565e-24, nan 
-11.625, 80.125, 2.67422603848822e-24, nan 
-11.375, 80.125, 2.6010098869024624e-24, nan 
-11.125, 80.125, 2.3238932712678698e-24, nan 
-10.875, 80.125, 3.0500822411713022e-24, nan 
-10.625, 80.125, 3.410013271880497e-24, nan 
-10.375, 80.125, 4.681300965724134e-24, nan 
-10.125, 80.125, 4.7918844410327725e-24, nan 
-9.875, 80.125, 3.5744729199421596e-24, nan 
-9.625, 80.125, 2.6094522499984008e-24, nan 
-9.375, 80.125, 3.5047877261169506e-24, nan 
-9.125, 80.125, 5.809660411536964e-24, nan 
-8.875, 80.125, 5.407402338448584e-24, nan 
-8.625, 80.125, 7.463411973733459e-24, nan 
-8.375, 80.125, 1.3405615292443233e-23, nan 
-8.125, 80.125, 1.4468218049909103e-23, nan 
-7.875, 80.125, 1.0852242809776159e-23, nan 
-7.625, 80.125, 7.038785853164098e-24, nan 
-7.375, 80.125, 9.675659222347032e-24, nan 
-7.125, 80.125, 2.4574276877527395e-23, nan 
-6.875, 80.125, 3.2804719486568646e-23, nan 
-6.625, 80.125, 2.950862895166595e-23, nan 
-6.375, 80.125, 2.3745593553478283e-23, nan 
-6.125, 80.125, 3.3415078427957495e-23, nan 
-5.875, 80.125, 2.6945275185911396e-23, nan 
-5.625, 80.125, 3.1043375632739116e-23, nan 
-5.375, 80.125, 3.128634053228164e-23, nan 
-5.125, 80.125, 3.034589686338503e-23, nan 
-4.875, 80.125, 3.50407245855221e-23, nan 
-4.625, 80.125, 2.5258948859170785e-23, nan 
-4.375, 80.125, 2.6267312706953026e-23, nan 
-4.125, 80.125, 2.3350090322993366e-23, nan 
-3.875, 80.125, 2.1845696294036397e-23, nan 
-3.625, 80.125, 8.839560900413506e-24, nan 
-3.375, 80.125, 7.732279946628241e-24, nan 
-3.125, 80.125, 7.942600419697637e-24, nan 
-2.875, 80.125, 7.328855465466662e-24, nan 
-2.625, 80.125, 7.156416985494163e-24, nan 
-2.375, 80.125, 6.868521128347339e-24, nan 
-2.125, 80.125, 6.844349441016125e-24, nan 
-1.875, 80.125, 7.437738396159753e-24, nan 
-1.625, 80.125, 7.798161718546962e-24, nan 
-1.375, 80.125, 6.712132288451931e-24, nan 
-1.125, 80.125, 1.1542618468013008e-23, nan 
-0.875, 80.125, 1.1487788635680117e-23, nan 
-0.625, 80.125, 8.615173794762414e-24, nan 
-0.375, 80.125, 5.093250337895116e-24, nan 
-0.125, 80.125, 5.2214307223913e-24, nan 
0.125, 80.125, 4.732557365115726e-24, nan 
0.375, 80.125, 6.826039499423778e-24, nan 
0.625, 80.125, 6.248616513522642e-24, nan 
0.875, 80.125, 5.8160528038738665e-24, nan 
1.125, 80.125, 6.0554710978461355e-24, nan 
1.375, 80.125, 1.0410230618700906e-23, nan 
1.625, 80.125, 1.1795844359608024e-23, nan 
1.875, 80.125, 1.2646358118292296e-23, nan 
2.125, 80.125, 1.9791869522927065e-23, nan 
2.375, 80.125, 1.639777079126284e-23, nan 
2.625, 80.125, 2.2154799461186943e-23, nan 
2.875, 80.125, 2.2275930714994102e-23, nan 
3.125, 80.125, 2.5172317395958983e-23, nan 
3.375, 80.125, 2.674185110587288e-23, nan 
3.625, 80.125, 2.3657948511575258e-23, nan 
3.875, 80.125, 2.102969936426292e-23, nan 
4.125, 80.125, 2.5736861166016994e-23, nan 
4.375, 80.125, 4.451363225088614e-23, nan 
4.625, 80.125, 5.855528044880528e-23, nan 
4.875, 80.125, 5.734839128129899e-23, nan 
5.125, 80.125, 6.056289024168513e-23, nan 
5.375, 80.125, 4.3436194032670944e-23, nan 
5.625, 80.125, 4.250893438717508e-23, nan 
5.875, 80.125, 4.298988254570758e-23, nan 
6.125, 80.125, 3.8930550546533377e-23, nan 
6.375, 80.125, 4.253302883225048e-23, nan 
6.625, 80.125, 3.103451383067377e-23, nan 
6.875, 80.125, 2.876574566739732e-23, nan 
7.125, 80.125, 1.668379636205737e-23, nan 
7.375, 80.125, 1.383592259215266e-23, nan 
7.625, 80.125, 9.04623097268918e-24, nan 
7.875, 80.125, 7.951032764307205e-24, nan 
8.125, 80.125, 8.903847284006474e-24, nan 
8.375, 80.125, 9.652578984135801e-24, nan 
8.625, 80.125, 1.4594807450097868e-23, nan 
8.875, 80.125, 1.4905166240358062e-23, nan 
9.125, 80.125, 1.2605479311321377e-23, nan 
9.375, 80.125, 1.4770985246050795e-23, nan 
9.625, 80.125, 1.6205770812266006e-23, nan 
9.875, 80.125, 1.74496163135135e-23, nan 
10.125, 80.125, 2.1306444165975295e-23, nan 
10.375, 80.125, 2.4689818705253587e-23, nan 
10.625, 80.125, 2.7229126509142734e-23, nan 
10.875, 80.125, 3.38670335081824e-23, nan 
11.125, 80.125, 3.293469806980028e-23, nan 
11.375, 80.125, 3.749498978698603e-23, nan 
11.625, 80.125, 4.4081423066284933e-23, nan 
11.875, 80.125, 4.82186941420047e-23, nan 
12.125, 80.125, 4.052121465719867e-23, nan 
12.375, 80.125, 3.0198254448918214e-23, nan 
12.625, 80.125, 5.736047952423181e-23, nan 
12.875, 80.125, 7.427139531894093e-23, nan 
13.125, 80.125, 7.499852923524517e-23, nan 
13.375, 80.125, 5.844380035387623e-23, nan 
13.625, 80.125, 2.712540554549765e-23, nan 
13.875, 80.125, 4.273161773970136e-23, nan 
14.125, 80.125, 5.390350907849563e-23, nan 
14.375, 80.125, 5.2044274664748257e-23, nan 
14.625, 80.125, 4.511645086737436e-23, nan 
14.875, 80.125, 2.4270957764533833e-23, nan 
15.125, 80.125, 1.1108473010189302e-23, nan 
15.375, 80.125, 4.916822029885433e-23, nan 
15.625, 80.125, 5.663568756116992e-23, nan 
15.875, 80.125, 1.3589945204063086e-23, nan 
16.125, 80.125, 6.601506040562375e-23, nan 
16.375, 80.125, 1.7449717651292365e-23, nan 
16.625, 80.125, 1.9690257111330817e-23, nan 
16.875, 80.125, 1.6145546059445777e-23, nan 
17.125, 80.125, 2.4981616623816294e-23, nan 
17.375, 80.125, 1.9207037882177403e-23, nan 
17.625, 80.125, 2.002691625939987e-23, nan 
17.875, 80.125, 1.83445367893467e-23, nan 
18.125, 80.125, 1.6653420114947287e-23, nan 
18.375, 80.125, 1.4017668197828774e-23, nan 
18.625, 80.125, 2.2043646297462024e-23, nan 
18.875, 80.125, 1.9301714738704384e-23, nan 
19.125, 80.125, 1.6265811042165955e-23, nan 
19.375, 80.125, 1.476545463394486e-23, nan 
19.625, 80.125, 1.395407856169577e-23, nan 
19.875, 80.125, 1.9266203554264114e-23, nan 
20.125, 80.125, 2.527160659934317e-23, nan 
20.375, 80.125, 2.5683213827891835e-23, nan 
20.625, 80.125, 2.5939841640986245e-23, nan 
20.875, 80.125, 4.544116168391211e-23, nan 
21.125, 80.125, 4.901841687353718e-23, nan 
21.375, 80.125, 4.861262825534222e-23, nan 
21.625, 80.125, 4.367122916436946e-23, nan 
21.875, 80.125, 4.212316381076385e-23, nan 
22.125, 80.125, 4.316131493343906e-23, nan 
22.375, 80.125, 6.420007237016222e-23, nan 
22.625, 80.125, 5.834646233308233e-23, nan 
22.875, 80.125, 6.488643031397092e-23, nan 
23.125, 80.125, 5.406137551002551e-23, nan 
23.375, 80.125, 5.481975577286614e-23, nan 
23.625, 80.125, 5.903397528436849e-23, nan 
23.875, 80.125, 7.941567857637904e-23, nan 
24.125, 80.125, 8.13143460571296e-23, nan 
24.375, 80.125, 8.256303851963527e-23, nan 
24.625, 80.125, 8.952389903502458e-23, nan 
24.875, 80.125, 6.810500674150291e-23, nan 
25.125, 80.125, 9.322893327628016e-23, nan 
25.375, 80.125, 1.0167306158236714e-22, nan 
25.625, 80.125, 1.110319210391969e-22, nan 
25.875, 80.125, 1.1307652866217648e-22, nan 
26.125, 80.125, 6.716071731679181e-23, nan 
26.375, 80.125, 5.783331885212754e-23, nan 
26.625, 80.125, 1.4340978552654377e-22, nan 
26.875, 80.125, 1.7895263744515093e-22, nan 
27.125, 80.125, 1.944899040496066e-22, nan 
27.375, 80.125, 1.0995970051583465e-22, nan 
27.625, 80.125, 1.0605303774552622e-22, nan 
27.875, 80.125, 1.4452957973748862e-22, nan 
28.125, 80.125, 1.7629554920360475e-22, nan 
28.375, 80.125, 1.8681205237782658e-22, nan 
28.625, 80.125, 1.2875313727111016e-22, nan 
28.875, 80.125, 9.270815494131218e-23, nan 
29.125, 80.125, 7.596782048490467e-23, nan 
29.375, 80.125, 9.563546924373775e-23, nan 
29.625, 80.125, 6.717475140210376e-23, nan 
29.875, 80.125, 4.379159554240078e-23, nan 
30.125, 80.125, 6.868979338834134e-23, nan 
30.375, 80.125, 7.858095735488914e-23, nan 
30.625, 80.125, 1.7391705258144103e-22, nan 
30.875, 80.125, 1.9124508026578469e-22, nan 
31.125, 80.125, 1.5109806296978398e-22, nan 
31.375, 80.125, 1.2402804799665501e-22, nan 
31.625, 80.125, 9.567802887865735e-23, nan 
31.875, 80.125, 1.55994794512281e-22, nan 
32.125, 80.125, 1.5569600186273548e-22, nan 
32.375, 80.125, 1.3627115900364466e-22, nan 
32.625, 80.125, 1.2649110687059298e-22, nan 
32.875, 80.125, 9.782846661000495e-23, nan 
33.125, 80.125, 9.996757190423447e-23, nan 
33.375, 80.125, 1.0104112572872626e-22, nan 
33.625, 80.125, 1.0229441563702218e-22, nan 
33.875, 80.125, 1.0534199780739604e-22, nan 
34.125, 80.125, 1.0616544054895683e-22, nan 
34.375, 80.125, 9.322869636692016e-23, nan 
34.625, 80.125, 9.40360419691861e-23, nan 
34.875, 80.125, 8.56452567044855e-23, nan 
35.125, 80.125, 7.97079317984631e-23, nan 
35.375, 80.125, 7.386613039631067e-23, nan 
35.625, 80.125, 5.450001487131604e-23, nan 
35.875, 80.125, 5.1003713768786145e-23, nan 
36.125, 80.125, 5.712843754088553e-23, nan 
36.375, 80.125, 7.753858215527564e-23, nan 
36.625, 80.125, 7.465085247786753e-23, nan 
36.875, 80.125, 5.418149034974947e-23, nan 
37.125, 80.125, 5.02731178972871e-23, nan 
37.375, 80.125, 4.8599212588681636e-23, nan 
37.625, 80.125, 6.25562884410146e-23, nan 
37.875, 80.125, 5.461400979765268e-23, nan 
38.125, 80.125, 4.671937917582001e-23, nan 
38.375, 80.125, 2.304972820341941e-23, nan 
38.625, 80.125, 5.823703018432118e-23, nan 
38.875, 80.125, 2.0212046932571753e-23, nan 
39.125, 80.125, 1.6310800931932888e-23, nan 
39.375, 80.125, 1.4966710287156687e-23, nan 
39.625, 80.125, 2.9092306621010987e-23, nan 
39.875, 80.125, 3.433948587683252e-23, nan 
40.125, 80.125, 6.623134707187241e-24, nan 
40.375, 80.125, 1.2910973980228157e-23, nan 
40.625, 80.125, 3.352747596775861e-23, nan 
40.875, 80.125, 5.73547753972237e-23, nan 
41.125, 80.125, 9.54905127349923e-23, nan 
41.375, 80.125, 4.3655397849931756e-23, nan 
41.625, 80.125, 5.496128427474383e-23, nan 
41.875, 80.125, 6.981277240087872e-23, nan 
42.125, 80.125, 6.752772654613955e-23, nan 
42.375, 80.125, 1.0650027522573643e-22, nan 
42.625, 80.125, 6.277732094284112e-23, nan 
42.875, 80.125, 8.304555336273031e-23, nan 
43.125, 80.125, 6.73949079865891e-23, nan 
43.375, 80.125, 5.388990745513533e-23, nan 
43.625, 80.125, 5.846044729945301e-23, nan 
43.875, 80.125, 3.476249461166609e-23, nan 
44.125, 80.125, 4.581485794921926e-23, nan 
44.375, 80.125, 3.7802787799939027e-23, nan 
44.625, 80.125, 1.8963698883484013e-23, nan 
44.875, 80.125, 2.533275387597054e-23, nan 
45.125, 80.125, 1.4258150215629417e-23, nan 
45.375, 80.125, 1.5907850277052837e-23, nan 
45.625, 80.125, 1.3958612259388725e-23, nan 
45.875, 80.125, 1.1139854130805261e-23, nan 
46.125, 80.125, 1.3089308498352366e-23, nan 
46.375, 80.125, 1.2798429073488336e-23, nan 
46.625, 80.125, 1.4253527829057007e-23, nan 
46.875, 80.125, 1.3908524543979014e-23, nan 
47.125, 80.125, 1.367734642186287e-23, nan 
47.375, 80.125, 1.3098254249481267e-23, nan 
47.625, 80.125, 1.3580909536950128e-23, nan 
47.875, 80.125, 1.8744145347709257e-23, nan 
48.125, 80.125, 1.6224484090292236e-23, nan 
48.375, 80.125, 1.3043712577975992e-23, nan 
48.625, 80.125, 9.491903063713073e-24, nan 
48.875, 80.125, 8.086945859759639e-24, nan 
49.125, 80.125, 1.0304159405273129e-23, nan 
49.375, 80.125, 1.1069215765600844e-23, nan 
49.625, 80.125, 2.3599949336447058e-23, nan 
49.875, 80.125, 1.809563874881737e-23, nan 
50.125, 80.125, 3.4037715064576925e-23, nan 
50.375, 80.125, 2.448292214020194e-23, nan 
50.625, 80.125, 2.2702461352980672e-23, nan 
50.875, 80.125, 3.052421126086302e-23, nan 
51.125, 80.125, 2.505650006191157e-23, nan 
51.375, 80.125, 3.1110777328068204e-23, nan 
51.625, 80.125, 3.847309651843785e-23, nan 
51.875, 80.125, 4.6853763554008834e-23, nan 
52.125, 80.125, 1.5527112942890718e-23, nan 
52.375, 80.125, 1.9439500135967656e-23, nan 
52.625, 80.125, 1.987127937168992e-23, nan 
52.875, 80.125, 2.4888313760648698e-23, nan 
53.125, 80.125, 2.843532370016417e-23, nan 
53.375, 80.125, 2.950968241693819e-23, nan 
53.625, 80.125, 2.8570817924838664e-23, nan 
53.875, 80.125, 3.5300058311986677e-23, nan 
54.125, 80.125, 3.833388324921346e-23, nan 
54.375, 80.125, 5.524356614912057e-23, nan 
54.625, 80.125, 5.839535065936643e-23, nan 
54.875, 80.125, 8.30547699243494e-23, nan 
55.125, 80.125, 9.070078138397449e-23, nan 
55.375, 80.125, 9.250012046982678e-23, nan 
55.625, 80.125, 1.0347436013880859e-22, nan 
55.875, 80.125, 9.799017146064967e-23, nan 
56.125, 80.125, 9.313612583570641e-23, nan 
56.375, 80.125, 9.917642789465495e-23, nan 
56.625, 80.125, 9.161020895355668e-23, nan 
56.875, 80.125, 1.1395619403667094e-22, nan 
57.125, 80.125, 9.516354812852734e-23, nan 
57.375, 80.125, 2.308286558335578e-22, nan 
57.625, 80.125, 3.4685088765836724e-22, nan 
57.875, 80.125, 3.5166611086895264e-22, nan 
58.125, 80.125, 3.2128493682663243e-22, nan 
58.375, 80.125, 2.8222573821368403e-22, nan 
58.625, 80.125, 3.10670050601595e-22, nan 
58.875, 80.125, 4.618164126766309e-22, nan 
59.125, 80.125, 4.615047206747401e-22, nan 
59.375, 80.125, 4.1108909542002956e-22, nan 
59.625, 80.125, 3.4654415683103188e-22, nan 
59.875, 80.125, 1.4541589462350248e-22, nan 
60.125, 80.125, 1.463838736065737e-22, nan 
60.375, 80.125, 1.4559189539545143e-22, nan 
60.625, 80.125, 1.1991696932080679e-22, nan 
60.875, 80.125, 9.083726585681314e-23, nan 
61.125, 80.125, 7.784664728165941e-23, nan 
61.375, 80.125, 6.145267965644179e-23, nan 
61.625, 80.125, 5.682011970070025e-23, nan 
61.875, 80.125, 5.196068413157134e-23, nan 
62.125, 80.125, 4.12316649437428e-23, nan 
62.375, 80.125, 4.5742298634957686e-23, nan 
62.625, 80.125, 4.5063072192678376e-23, nan 
62.875, 80.125, 4.3205960132335783e-23, nan 
63.125, 80.125, 3.9619043297526023e-23, nan 
63.375, 80.125, 2.656490389188238e-23, nan 
63.625, 80.125, 3.316739300924221e-23, nan 
63.875, 80.125, 2.49517620445687e-23, nan 
64.125, 80.125, 3.353624433392924e-23, nan 
64.375, 80.125, 2.780218827829689e-23, nan 
64.625, 80.125, 3.04685510632483e-23, nan 
64.875, 80.125, 3.104321623279108e-23, nan 
65.125, 80.125, 3.3021332868680884e-23, nan 
65.375, 80.125, 2.843919849170979e-23, nan 
65.625, 80.125, 3.5045819931225224e-23, nan 
65.875, 80.125, 4.853717874984725e-23, nan 
66.125, 80.125, 5.400814081489316e-23, nan 
66.375, 80.125, 4.456635504320986e-23, nan 
66.625, 80.125, 5.1497147040255593e-23, nan 
66.875, 80.125, 6.965151403929762e-23, nan 
67.125, 80.125, 7.156447351099991e-23, nan 
67.375, 80.125, 7.706004030146443e-23, nan 
67.625, 80.125, 8.344898184114049e-23, nan 
67.875, 80.125, 9.202589345720588e-23, nan 
68.125, 80.125, 8.488100940710531e-23, nan 
68.375, 80.125, 9.146157748490907e-23, nan 
68.625, 80.125, 7.935263353660369e-23, nan 
68.875, 80.125, 9.368693034570575e-23, nan 
69.125, 80.125, 9.490967384047704e-23, nan 
69.375, 80.125, 7.675816632500667e-23, nan 
69.625, 80.125, 8.61869581802675e-23, nan 
69.875, 80.125, 5.955822474708653e-23, nan 
70.125, 80.125, 6.032138186581685e-23, nan 
70.375, 80.125, 3.633427517177178e-23, nan 
70.625, 80.125, 3.5265925365497796e-23, nan 
70.875, 80.125, 3.168699166155298e-23, nan 
71.125, 80.125, 5.868717833346277e-23, nan 
71.375, 80.125, 6.708151719228244e-23, nan 
71.625, 80.125, 6.374216381921786e-23, nan 
71.875, 80.125, 1.0243634067213509e-22, nan 
72.125, 80.125, 5.916525456983604e-23, nan 
72.375, 80.125, 6.625448867059267e-23, nan 
72.625, 80.125, 8.536523733683331e-23, nan 
72.875, 80.125, 1.0659854865740399e-22, nan 
73.125, 80.125, 1.0507224720641738e-22, nan 
73.375, 80.125, 7.301648261605814e-23, nan 
73.625, 80.125, 7.647452063343749e-23, nan 
73.875, 80.125, 1.2159790979357617e-22, nan 
74.125, 80.125, 1.7635215728633723e-22, nan 
74.375, 80.125, 1.5187026604543355e-22, nan 
74.625, 80.125, 1.2124018442048078e-22, nan 
74.875, 80.125, 6.703197173447013e-23, nan 
75.125, 80.125, 4.937088896861598e-23, nan 
75.375, 80.125, 1.0105915362127525e-22, nan 
75.625, 80.125, 1.5377430560394512e-22, nan 
75.875, 80.125, 1.8484497026570407e-22, nan 
76.125, 80.125, 2.2147712286572706e-22, nan 
76.375, 80.125, 2.1287280199347837e-22, nan 
76.625, 80.125, 2.0298473848196209e-22, nan 
76.875, 80.125, 2.132610976804427e-22, nan 
77.125, 80.125, 1.907149396828211e-22, nan 
77.375, 80.125, 1.8633977693814358e-22, nan 
77.625, 80.125, 2.1572588455707143e-22, nan 
77.875, 80.125, 2.332214702750921e-22, nan 
78.125, 80.125, 2.3589233331801286e-22, nan 
78.375, 80.125, 2.0877047777377294e-22, nan 
78.625, 80.125, 2.3921966453350616e-22, nan 
78.875, 80.125, 2.699411319242649e-22, nan 
79.125, 80.125, 2.666145467014538e-22, nan 
79.375, 80.125, 2.423893634815573e-22, nan 
79.625, 80.125, 3.1972128987745463e-22, nan 
79.875, 80.125, 2.720474722680201e-22, nan 
80.125, 80.125, 2.884713014682314e-22, nan 
80.375, 80.125, 2.825943951834782e-22, nan 
80.625, 80.125, 3.18723228409313e-22, nan 
80.875, 80.125, 3.0558224780125513e-22, nan 
81.125, 80.125, 2.962031525385276e-22, nan 
81.375, 80.125, 3.5355079211316246e-22, nan 
81.625, 80.125, 4.0675922108171803e-22, nan 
81.875, 80.125, 4.1251055775470434e-22, nan 
82.125, 80.125, 3.544989547294406e-22, nan 
82.375, 80.125, 3.27133184280587e-22, nan 
82.625, 80.125, 3.1257048742943317e-22, nan 
82.875, 80.125, 3.485577466760516e-22, nan 
83.125, 80.125, 4.022992442122466e-22, nan 
83.375, 80.125, 4.247608529367735e-22, nan 
83.625, 80.125, 3.726160703087818e-22, nan 
83.875, 80.125, 3.2505002530733564e-22, nan 
84.125, 80.125, 3.5736586962244595e-22, nan 
84.375, 80.125, 4.382612064356034e-22, nan 
84.625, 80.125, 4.438702739192256e-22, nan 
84.875, 80.125, 4.545692958987042e-22, nan 
85.125, 80.125, 5.281252491595956e-22, nan 
85.375, 80.125, 4.233369432634114e-22, nan 
85.625, 80.125, 3.8441298005781405e-22, nan 
85.875, 80.125, 4.704636855792906e-22, nan 
86.125, 80.125, 3.0533176133753704e-22, nan 
86.375, 80.125, 4.085998264900807e-22, nan 
86.625, 80.125, 4.453820590077002e-22, nan 
86.875, 80.125, 6.198376981039634e-22, nan 
87.125, 80.125, 6.061363562547476e-22, nan 
87.375, 80.125, 3.9276404851634464e-22, nan 
87.625, 80.125, 3.794164830003892e-22, nan 
87.875, 80.125, 4.095201883850213e-22, nan 
88.125, 80.125, 5.505354732562446e-22, nan 
88.375, 80.125, 4.99498745697986e-22, nan 
88.625, 80.125, 3.180564625352114e-22, nan 
88.875, 80.125, 2.0769199928953968e-22, nan 
89.125, 80.125, 2.571615276107776e-22, nan 
89.375, 80.125, 3.4009844139462533e-22, nan 
89.625, 80.125, 3.3865333061548844e-22, nan 
89.875, 80.125, 3.4322666255597775e-22, nan 
90.125, 80.125, 3.704640068187048e-22, nan 
90.375, 80.125, 4.781613697235468e-22, nan 
90.625, 80.125, 5.037817298454809e-22, nan 
90.875, 80.125, 8.166683560239405e-22, nan 
91.125, 80.125, 7.032318254098436e-22, nan 
91.375, 80.125, 6.471680405346561e-22, nan 
91.625, 80.125, 5.668591470328153e-22, nan 
91.875, 80.125, 6.623559045019259e-22, nan 
92.125, 80.125, 1.0233968655942565e-21, nan 
92.375, 80.125, 9.073509368488514e-22, nan 
92.625, 80.125, 8.342753211890911e-22, nan 
92.875, 80.125, 7.817634337639368e-22, nan 
93.125, 80.125, 9.44987968436623e-22, nan 
93.375, 80.125, 5.658111594239932e-22, nan 
93.625, 80.125, 4.41972038842565e-22, nan 
93.875, 80.125, 3.97630108029228e-22, nan 
94.125, 80.125, 5.274509653918603e-22, nan 
94.375, 80.125, 7.961392837304252e-22, nan 
94.625, 80.125, 4.853327533649816e-22, nan 
94.875, 80.125, 3.174058635831411e-22, nan 
95.125, 80.125, 4.967703184894659e-22, nan 
95.375, 80.125, 3.0416058275826434e-22, nan 
95.625, 80.125, 3.231644311524118e-22, nan 
95.875, 80.125, 3.6851150456248363e-22, nan 
96.125, 80.125, 5.2046714713956085e-22, nan 
96.375, 80.125, 7.20133050146278e-22, nan 
96.625, 80.125, 5.39896598000963e-22, nan 
96.875, 80.125, 4.1800262694992807e-22, nan 
97.125, 80.125, 4.889403979136114e-22, nan 
97.375, 80.125, 7.368097988642097e-22, nan 
97.625, 80.125, 6.478268310764263e-22, nan 
97.875, 80.125, 1.3390165340660102e-21, nan 
98.125, 80.125, 8.177220703114033e-22, nan 
98.375, 80.125, 7.900021316212859e-22, nan 
98.625, 80.125, 9.763830611328273e-22, nan 
98.875, 80.125, 7.256711016367302e-22, nan 
99.125, 80.125, 6.73415320222534e-22, nan 
99.375, 80.125, 8.126821606523689e-22, nan 
99.625, 80.125, 7.120535370641667e-22, nan 
99.875, 80.125, 9.096155612644156e-22, nan 
100.125, 80.125, 7.559375478389173e-22, nan 
100.375, 80.125, 6.806596659571523e-22, nan 
100.625, 80.125, 8.535201128818461e-22, nan 
100.875, 80.125, 6.319503223946321e-22, nan 
101.125, 80.125, 6.778729719268608e-22, nan 
101.375, 80.125, 7.887812315155443e-22, nan 
101.625, 80.125, 7.762432449017354e-22, nan 
101.875, 80.125, 9.095633467197014e-22, nan 
102.125, 80.125, 9.569415544805029e-22, nan 
102.375, 80.125, 1.1124404953214851e-21, nan 
102.625, 80.125, 8.226124767038398e-22, nan 
102.875, 80.125, 1.0970599374214638e-21, nan 
103.125, 80.125, 1.2148514339221648e-21, nan 
103.375, 80.125, 1.4501571505570524e-21, nan 
103.625, 80.125, 1.484379641004806e-21, nan 
103.875, 80.125, 1.2846534680078205e-21, nan 
104.125, 80.125, 1.003454227171187e-21, nan 
104.375, 80.125, 1.0404795928226826e-21, nan 
104.625, 80.125, 9.22969423410972e-22, nan 
104.875, 80.125, 1.2081330822598018e-21, nan 
105.125, 80.125, 1.4844973442631565e-21, nan 
105.375, 80.125, 6.426072478784166e-22, nan 
105.625, 80.125, 8.834927868314309e-22, nan 
105.875, 80.125, 1.1214181671071219e-21, nan 
106.125, 80.125, 7.070263776819123e-22, nan 
106.375, 80.125, 7.313616515081866e-22, nan 
106.625, 80.125, 6.960058733547127e-22, nan 
106.875, 80.125, 1.1070795721586045e-21, nan 
107.125, 80.125, 1.8597841444623384e-21, nan 
107.375, 80.125, 1.235081198606752e-21, nan 
107.625, 80.125, 1.34487781857263e-21, nan 
107.875, 80.125, 1.8901036449487047e-21, nan 
108.125, 80.125, 1.8782694792024625e-21, nan 
108.375, 80.125, 2.064532342444927e-21, nan 
108.625, 80.125, 1.6804990540267276e-21, nan 
108.875, 80.125, 1.4532773139889352e-21, nan 
109.125, 80.125, 1.7100590127861575e-21, nan 
109.375, 80.125, 1.8755896338041488e-21, nan 
109.625, 80.125, 9.605351479524519e-22, nan 
109.875, 80.125, 1.4012608436225441e-21, nan 
110.125, 80.125, 1.1670044236576147e-21, nan 
110.375, 80.125, 1.2128791769038402e-21, nan 
110.625, 80.125, 1.1398551506206184e-21, nan 
110.875, 80.125, 8.667451099808583e-22, nan 
111.125, 80.125, 6.546159753589668e-22, nan 
111.375, 80.125, 1.3377520016561075e-21, nan 
111.625, 80.125, 1.360669240420139e-21, nan 
111.875, 80.125, 1.1750470901613234e-21, nan 
112.125, 80.125, 7.951425820380368e-22, nan 
112.375, 80.125, 1.0626434566084688e-21, nan 
112.625, 80.125, 1.014632730058074e-21, nan 
112.875, 80.125, 1.3335455239282844e-21, nan 
113.125, 80.125, 1.5027244172645282e-21, nan 
113.375, 80.125, 1.1518069179608958e-21, nan 
113.625, 80.125, 1.006902366605745e-21, nan 
113.875, 80.125, 8.877588482617728e-22, nan 
114.125, 80.125, 1.0767813640712777e-21, nan 
114.375, 80.125, 9.505628405585261e-22, nan 
114.625, 80.125, 2.2713893622430138e-21, nan 
114.875, 80.125, 1.9726363735895736e-21, nan 
115.125, 80.125, 1.1649685252404842e-21, nan 
115.375, 80.125, 9.539284747866623e-22, nan 
115.625, 80.125, 1.0409151474334117e-21, nan 
115.875, 80.125, 1.5930335240416761e-21, nan 
116.125, 80.125, 1.6712047853900181e-21, nan 
116.375, 80.125, 1.6187302287006654e-21, nan 
116.625, 80.125, 1.4315821145553156e-21, nan 
116.875, 80.125, 1.3965759463716622e-21, nan 
117.125, 80.125, 1.802751678844691e-21, nan 
117.375, 80.125, 2.0867004179145382e-21, nan 
117.625, 80.125, 2.5030161097315814e-21, nan 
117.875, 80.125, 1.310463027898041e-21, nan 
118.125, 80.125, 1.888637839708511e-21, nan 
118.375, 80.125, 2.518084002153979e-21, nan 
118.625, 80.125, 2.5321405845986073e-21, nan 
118.875, 80.125, 2.402112043268151e-21, nan 
119.125, 80.125, 1.552620367767005e-21, nan 
119.375, 80.125, 1.6631863836609513e-21, nan 
119.625, 80.125, 1.6886924755445013e-21, nan 
119.875, 80.125, 1.918395615942679e-21, nan 
120.125, 80.125, 2.2881405243934252e-21, nan 
120.375, 80.125, 2.1458554480334662e-21, nan 
120.625, 80.125, 1.7605306205820335e-21, nan 
120.875, 80.125, 1.6583332588941158e-21, nan 
121.125, 80.125, 1.4308740904477723e-21, nan 
121.375, 80.125, 9.706656923907417e-22, nan 
121.625, 80.125, 1.2213723243532188e-21, nan 
121.875, 80.125, 1.5163368695413636e-21, nan 
122.125, 80.125, 9.464186039593614e-22, nan 
122.375, 80.125, 1.3080930169130554e-21, nan 
122.625, 80.125, 1.2429528024343357e-21, nan 
122.875, 80.125, 7.493718132946398e-22, nan 
123.125, 80.125, 5.203928752089365e-22, nan 
123.375, 80.125, 1.3351875242526132e-21, nan 
123.625, 80.125, 1.2663955129461766e-21, nan 
123.875, 80.125, 9.184673116633331e-22, nan 
124.125, 80.125, 9.931668260958959e-22, nan 
124.375, 80.125, 9.966812562467474e-22, nan 
124.625, 80.125, 7.483193477909928e-22, nan 
124.875, 80.125, 1.0600633638003984e-21, nan 
125.125, 80.125, 1.1072730370986437e-21, nan 
125.375, 80.125, 9.019660678409222e-22, nan 
125.625, 80.125, 1.3515831181078696e-21, nan 
125.875, 80.125, 8.675792163114363e-22, nan 
126.125, 80.125, 1.307096472705943e-21, nan 
126.375, 80.125, 1.4870758238085763e-21, nan 
126.625, 80.125, 1.5450340653160427e-21, nan 
126.875, 80.125, 1.185207999237501e-21, nan 
127.125, 80.125, 6.368429065677673e-22, nan 
127.375, 80.125, 9.194909985742447e-22, nan 
127.625, 80.125, 8.598832065038291e-22, nan 
127.875, 80.125, 1.0929757754483917e-21, nan 
128.125, 80.125, 7.768297520126004e-22, nan 
128.375, 80.125, 5.977137157026788e-22, nan 
128.625, 80.125, 7.999703519079613e-22, nan 
128.875, 80.125, 8.508445897880328e-22, nan 
129.125, 80.125, 7.169386503900363e-22, nan 
129.375, 80.125, 7.444412998048939e-22, nan 
129.625, 80.125, 6.08162704979512e-22, nan 
129.875, 80.125, 6.651354042846975e-22, nan 
130.125, 80.125, 9.155034322027032e-22, nan 
130.375, 80.125, 1.033352220385665e-21, nan 
130.625, 80.125, 6.616089363779722e-22, nan 
130.875, 80.125, 4.990971477194941e-22, nan 
131.125, 80.125, 7.018290151883635e-22, nan 
131.375, 80.125, 1.08591874893661e-21, nan 
131.625, 80.125, 1.5543883245834118e-21, nan 
131.875, 80.125, 6.847935065500119e-22, nan 
132.125, 80.125, 6.893800233386044e-22, nan 
132.375, 80.125, 4.6000276084339685e-22, nan 
132.625, 80.125, 2.5845489694144008e-22, nan 
132.875, 80.125, 4.060452960756067e-22, nan 
133.125, 80.125, 2.6135556194537266e-22, nan 
133.375, 80.125, 3.6454461771851033e-22, nan 
133.625, 80.125, 1.6384267820700349e-22, nan 
133.875, 80.125, 1.8573573084019087e-22, nan 
134.125, 80.125, 2.072954043190035e-22, nan 
134.375, 80.125, 4.1307927129789862e-22, nan 
134.625, 80.125, 1.6757012346797185e-22, nan 
134.875, 80.125, 4.1477658478290125e-22, nan 
135.125, 80.125, 4.430689795199749e-22, nan 
135.375, 80.125, 5.122244158025338e-22, nan 
135.625, 80.125, 4.935451908743871e-22, nan 
135.875, 80.125, 4.07457658770901e-22, nan 
136.125, 80.125, 4.510682123074834e-22, nan 
136.375, 80.125, 5.460072179372087e-22, nan 
136.625, 80.125, 5.398170775393554e-22, nan 
136.875, 80.125, 4.874883333380394e-22, nan 
137.125, 80.125, 3.634428887251147e-22, nan 
137.375, 80.125, 5.3292844334260975e-22, nan 
137.625, 80.125, 6.824699162500316e-22, nan 
137.875, 80.125, 5.588330932352787e-22, nan 
138.125, 80.125, 6.957006422513498e-22, nan 
138.375, 80.125, 7.501038428368819e-22, nan 
138.625, 80.125, 8.534221195921253e-22, nan 
138.875, 80.125, 7.229307521180648e-22, nan 
139.125, 80.125, 7.19590345421791e-22, nan 
139.375, 80.125, 5.8415224510893775e-22, nan 
139.625, 80.125, 5.685920833443958e-22, nan 
139.875, 80.125, 5.351606711783321e-22, nan 
140.125, 80.125, 3.2477939437285573e-22, nan 
140.375, 80.125, 3.19036778614578e-22, nan 
140.625, 80.125, 3.860873851466028e-22, nan 
140.875, 80.125, 2.9015340260960498e-22, nan 
141.125, 80.125, 4.474204327918987e-22, nan 
141.375, 80.125, 4.812888612055499e-22, nan 
141.625, 80.125, 7.478130683205728e-22, nan 
141.875, 80.125, 4.391649758656268e-22, nan 
142.125, 80.125, 1.5228360328685117e-22, nan 
142.375, 80.125, 9.468697398631125e-22, nan 
142.625, 80.125, 1.1035811865599581e-21, nan 
142.875, 80.125, 1.5661685123839535e-21, nan 
143.125, 80.125, 8.093321277948451e-22, nan 
143.375, 80.125, 3.8092105026948816e-22, nan 
143.625, 80.125, 6.564999693963197e-22, nan 
143.875, 80.125, 7.419193067113842e-22, nan 
144.125, 80.125, 9.47521916240202e-22, nan 
144.375, 80.125, 5.372248150796388e-22, nan 
144.625, 80.125, 2.792643853530744e-22, nan 
144.875, 80.125, 1.279871907186233e-22, nan 
145.125, 80.125, 1.363062762704026e-22, nan 
145.375, 80.125, 9.69759170360229e-23, nan 
145.625, 80.125, 1.458999644582855e-22, nan 
145.875, 80.125, 1.30527197448408e-22, nan 
146.125, 80.125, 1.062535261633898e-22, nan 
146.375, 80.125, 9.250294495450538e-23, nan 
146.625, 80.125, 9.246832384662507e-23, nan 
146.875, 80.125, 6.919129660590169e-23, nan 
147.125, 80.125, 5.682316296026251e-23, nan 
147.375, 80.125, 5.595277110697746e-23, nan 
147.625, 80.125, 6.394564168764192e-23, nan 
147.875, 80.125, 1.4121651831222113e-22, nan 
148.125, 80.125, 1.5458497881535262e-22, nan 
148.375, 80.125, 1.854134869410264e-22, nan 
148.625, 80.125, 1.868113090248059e-22, nan 
148.875, 80.125, 1.427485556012632e-22, nan 
149.125, 80.125, 1.474843890842714e-22, nan 
149.375, 80.125, 1.4921887106855156e-22, nan 
149.625, 80.125, 1.6630305327711643e-22, nan 
149.875, 80.125, 1.7114634334848695e-22, nan 
150.125, 80.125, 1.2695151193317335e-22, nan 
150.375, 80.125, 8.110191533213117e-23, nan 
150.625, 80.125, 8.984098251383682e-23, nan 
150.875, 80.125, 1.2622238768095074e-22, nan 
151.125, 80.125, 1.15055315754623e-22, nan 
151.375, 80.125, 9.899580888229704e-23, nan 
151.625, 80.125, 9.10461857781335e-23, nan 
151.875, 80.125, 1.1165179083237423e-22, nan 
152.125, 80.125, 1.5430978361944433e-22, nan 
152.375, 80.125, 1.2750204919197804e-22, nan 
152.625, 80.125, 7.38013673245228e-23, nan 
152.875, 80.125, 6.285767886797162e-23, nan 
153.125, 80.125, 1.1807472926047928e-22, nan 
153.375, 80.125, 1.373303675568875e-22, nan 
153.625, 80.125, 1.233233928411153e-22, nan 
153.875, 80.125, 8.656421473748443e-23, nan 
154.125, 80.125, 5.332984124427195e-23, nan 
154.375, 80.125, 1.0478422374485916e-22, nan 
154.625, 80.125, 1.0504700636788138e-22, nan 
154.875, 80.125, 9.464863085006175e-23, nan 
155.125, 80.125, 6.948311710001129e-23, nan 
155.375, 80.125, 4.287895063467436e-23, nan 
155.625, 80.125, 2.901647738225136e-23, nan 
155.875, 80.125, 4.600985245132697e-23, nan 
156.125, 80.125, 3.0133208005112295e-23, nan 
156.375, 80.125, 5.2347606966623834e-23, nan 
156.625, 80.125, 6.414986902434803e-23, nan 
156.875, 80.125, 5.729545360619731e-23, nan 
157.125, 80.125, 6.19948888252242e-23, nan 
157.375, 80.125, 8.970370189535497e-23, nan 
157.625, 80.125, 8.028572932244904e-23, nan 
157.875, 80.125, 8.816764922833424e-23, nan 
158.125, 80.125, 1.0535956673914152e-22, nan 
158.375, 80.125, 9.311731749729554e-23, nan 
158.625, 80.125, 1.1604065101638544e-22, nan 
158.875, 80.125, 1.1778153534600052e-22, nan 
159.125, 80.125, 1.040971138167786e-22, nan 
159.375, 80.125, 1.0659389252337494e-22, nan 
159.625, 80.125, 9.65998744643716e-23, nan 
159.875, 80.125, 9.957077627695755e-23, nan 
160.125, 80.125, 9.67900935430897e-23, nan 
160.375, 80.125, 8.805190569423396e-23, nan 
160.625, 80.125, 7.599699245361393e-23, nan 
160.875, 80.125, 7.4392186511562e-23, nan 
161.125, 80.125, 6.400387141918688e-23, nan 
161.375, 80.125, 7.516943777863863e-23, nan 
161.625, 80.125, 7.844974381333234e-23, nan 
161.875, 80.125, 6.775780177423283e-23, nan 
162.125, 80.125, 7.538895006310703e-23, nan 
162.375, 80.125, 9.204345682166179e-23, nan 
162.625, 80.125, 1.1690264327606652e-22, nan 
162.875, 80.125, 1.0079376157483367e-22, nan 
163.125, 80.125, 1.0168949402595182e-22, nan 
163.375, 80.125, 1.1934073465246288e-22, nan 
163.625, 80.125, 1.2506237912526652e-22, nan 
163.875, 80.125, 1.3273729727431035e-22, nan 
164.125, 80.125, 1.2310832243033976e-22, nan 
164.375, 80.125, 1.1754732653897175e-22, nan 
164.625, 80.125, 1.1933955585577375e-22, nan 
164.875, 80.125, 1.2181490117299211e-22, nan 
165.125, 80.125, 1.1456604896825803e-22, nan 
165.375, 80.125, 1.2873385387897065e-22, nan 
165.625, 80.125, 1.0272022327442825e-22, nan 
165.875, 80.125, 1.0946520764676698e-22, nan 
166.125, 80.125, 1.146375202600033e-22, nan 
166.375, 80.125, 1.063863819232653e-22, nan 
166.625, 80.125, 9.692986936846807e-23, nan 
166.875, 80.125, 1.0637789965887994e-22, nan 
167.125, 80.125, 1.0188646311265496e-22, nan 
167.375, 80.125, 9.598907303329469e-23, nan 
167.625, 80.125, 9.305534436793881e-23, nan 
167.875, 80.125, 7.644492964411625e-23, nan 
168.125, 80.125, 8.674885151768319e-23, nan 
168.375, 80.125, 9.470256170073955e-23, nan 
168.625, 80.125, 7.965956190652903e-23, nan 
168.875, 80.125, 8.332799457059098e-23, nan 
169.125, 80.125, 7.282060954461266e-23, nan 
169.375, 80.125, 7.27589622993792e-23, nan 
169.625, 80.125, 7.689489376071051e-23, nan 
169.875, 80.125, 6.500073176744811e-23, nan 
170.125, 80.125, 6.334909091960029e-23, nan 
170.375, 80.125, 6.430088685102233e-23, nan 
170.625, 80.125, 6.442004776483444e-23, nan 
170.875, 80.125, 5.995176274110966e-23, nan 
171.125, 80.125, 6.037441855921145e-23, nan 
171.375, 80.125, 6.865468385105759e-23, nan 
171.625, 80.125, 5.512673205432674e-23, nan 
171.875, 80.125, 6.99966055724352e-23, nan 
172.125, 80.125, 5.464324504178009e-23, nan 
172.375, 80.125, 6.007204590646613e-23, nan 
172.625, 80.125, 6.786181478043732e-23, nan 
172.875, 80.125, 5.729495366811902e-23, nan 
173.125, 80.125, 5.822295087350643e-23, nan 
173.375, 80.125, 4.983141225202317e-23, nan 
173.625, 80.125, 4.5615735011967435e-23, nan 
173.875, 80.125, 4.724785039363681e-23, nan 
174.125, 80.125, 4.7801075063143517e-23, nan 
174.375, 80.125, 4.2258299146010766e-23, nan 
174.625, 80.125, 4.7982820663525576e-23, nan 
174.875, 80.125, 4.1564161446469727e-23, nan 
175.125, 80.125, 4.7401426184098507e-23, nan 
175.375, 80.125, 4.0638142341130547e-23, nan 
175.625, 80.125, 4.1982845879973693e-23, nan 
175.875, 80.125, 4.2027215700761833e-23, nan 
176.125, 80.125, 4.354445278557471e-23, nan 
176.375, 80.125, 4.26247810694124e-23, nan 
176.625, 80.125, 3.682180020094056e-23, nan 
176.875, 80.125, 4.1263296887923486e-23, nan 
177.125, 80.125, 3.728651169862403e-23, nan 
177.375, 80.125, 4.185246874899694e-23, nan 
177.625, 80.125, 3.7376483145577797e-23, nan 
177.875, 80.125, 3.787925306302597e-23, nan 
178.125, 80.125, 3.722715758819025e-23, nan 
178.375, 80.125, 4.1694264505129567e-23, nan 
178.625, 80.125, 3.5886629613597845e-23, nan 
178.875, 80.125, 3.628058824189884e-23, nan 
179.125, 80.125, 4.2221375583841e-23, nan 
179.375, 80.125, 3.5273351809071304e-23, nan 
179.625, 80.125, 3.7412149878129895e-23, nan 
179.875, 80.125, 3.4822767553863035e-23, nan 
-179.875, 80.375, 3.24359471279831e-23, nan 
-179.625, 80.375, 2.664743344553304e-23, nan 
-179.375, 80.375, 2.888424855317633e-23, nan 
-179.125, 80.375, 2.7015719969620184e-23, nan 
-178.875, 80.375, 2.923557391102976e-23, nan 
-178.625, 80.375, 2.67258642480207e-23, nan 
-178.375, 80.375, 2.1213229361800318e-23, nan 
-178.125, 80.375, 2.3634695216042283e-23, nan 
-177.875, 80.375, 2.027143639539817e-23, nan 
-177.625, 80.375, 2.113554130073611e-23, nan 
-177.375, 80.375, 1.9120297959925785e-23, nan 
-177.125, 80.375, 1.9300723088293637e-23, nan 
-176.875, 80.375, 1.9834463746217033e-23, nan 
-176.625, 80.375, 1.8841166474232488e-23, nan 
-176.375, 80.375, 1.7293004426073545e-23, nan 
-176.125, 80.375, 1.5412958710427644e-23, nan 
-175.875, 80.375, 1.6587585729996447e-23, nan 
-175.625, 80.375, 1.6692500144390343e-23, nan 
-175.375, 80.375, 1.390666163263113e-23, nan 
-175.125, 80.375, 1.2515554393717913e-23, nan 
-174.875, 80.375, 1.4394080399139977e-23, nan 
-174.625, 80.375, 1.2771640567796078e-23, nan 
-174.375, 80.375, 1.3772539361637293e-23, nan 
-174.125, 80.375, 1.2924620722362203e-23, nan 
-173.875, 80.375, 1.1371022439455154e-23, nan 
-173.625, 80.375, 1.2632360828257596e-23, nan 
-173.375, 80.375, 1.1513549621122507e-23, nan 
-173.125, 80.375, 1.1221597328042078e-23, nan 
-172.875, 80.375, 1.2190087612287623e-23, nan 
-172.625, 80.375, 1.0997111081950713e-23, nan 
-172.375, 80.375, 1.0874471045941018e-23, nan 
-172.125, 80.375, 1.1911458524650765e-23, nan 
-171.875, 80.375, 1.0218402776935866e-23, nan 
-171.625, 80.375, 1.0837384975162143e-23, nan 
-171.375, 80.375, 1.090906016256602e-23, nan 
-171.125, 80.375, 1.0679146671098118e-23, nan 
-170.875, 80.375, 1.2296496277153663e-23, nan 
-170.625, 80.375, 1.168426294098174e-23, nan 
-170.375, 80.375, 1.0368029212834475e-23, nan 
-170.125, 80.375, 1.1739704190532707e-23, nan 
-169.875, 80.375, 1.0754511771522937e-23, nan 
-169.625, 80.375, 9.228206036264564e-24, nan 
-169.375, 80.375, 1.046466541891652e-23, nan 
-169.125, 80.375, 1.0662062532137828e-23, nan 
-168.875, 80.375, 1.1344740851463525e-23, nan 
-168.625, 80.375, 9.51050980967932e-24, nan 
-168.375, 80.375, 1.0350052912256948e-23, nan 
-168.125, 80.375, 1.0009788273039667e-23, nan 
-167.875, 80.375, 1.0318090534499724e-23, nan 
-167.625, 80.375, 1.0391032477033027e-23, nan 
-167.375, 80.375, 9.16802341130426e-24, nan 
-167.125, 80.375, 9.537860348732833e-24, nan 
-166.875, 80.375, 9.88112382218131e-24, nan 
-166.625, 80.375, 1.0547872437684701e-23, nan 
-166.375, 80.375, 9.369288955888133e-24, nan 
-166.125, 80.375, 9.51219207920603e-24, nan 
-165.875, 80.375, 9.3163789868167e-24, nan 
-165.625, 80.375, 9.588425774172819e-24, nan 
-165.375, 80.375, 9.207005153880048e-24, nan 
-165.125, 80.375, 9.651424265607224e-24, nan 
-164.875, 80.375, 9.036332742068875e-24, nan 
-164.625, 80.375, 9.459020289125261e-24, nan 
-164.375, 80.375, 9.367926978995057e-24, nan 
-164.125, 80.375, 8.600429511386942e-24, nan 
-163.875, 80.375, 9.230120074004897e-24, nan 
-163.625, 80.375, 9.23138344136342e-24, nan 
-163.375, 80.375, 9.415251742286095e-24, nan 
-163.125, 80.375, 8.441759598153909e-24, nan 
-162.875, 80.375, 8.024721939577508e-24, nan 
-162.625, 80.375, 8.76727564536833e-24, nan 
-162.375, 80.375, 8.86631376768824e-24, nan 
-162.125, 80.375, 8.609946771676092e-24, nan 
-161.875, 80.375, 7.978323914760466e-24, nan 
-161.625, 80.375, 7.328947557417944e-24, nan 
-161.375, 80.375, 7.865676974099376e-24, nan 
-161.125, 80.375, 7.741546309070673e-24, nan 
-160.875, 80.375, 7.391322354996122e-24, nan 
-160.625, 80.375, 7.525811091135244e-24, nan 
-160.375, 80.375, 7.130128469613029e-24, nan 
-160.125, 80.375, 7.394803323725794e-24, nan 
-159.875, 80.375, 7.522789540189634e-24, nan 
-159.625, 80.375, 7.1502303206199e-24, nan 
-159.375, 80.375, 7.167034512307478e-24, nan 
-159.125, 80.375, 6.507786796478682e-24, nan 
-158.875, 80.375, 6.76091413559032e-24, nan 
-158.625, 80.375, 6.877871802730785e-24, nan 
-158.375, 80.375, 6.729449944485181e-24, nan 
-158.125, 80.375, 7.021131151568669e-24, nan 
-157.875, 80.375, 6.373727504085407e-24, nan 
-157.625, 80.375, 6.093710719145968e-24, nan 
-157.375, 80.375, 6.409234163777505e-24, nan 
-157.125, 80.375, 6.070308653088633e-24, nan 
-156.875, 80.375, 6.631498903019493e-24, nan 
-156.625, 80.375, 5.959724340467114e-24, nan 
-156.375, 80.375, 6.125348771954287e-24, nan 
-156.125, 80.375, 5.887935649778431e-24, nan 
-155.875, 80.375, 5.836548936991876e-24, nan 
-155.625, 80.375, 5.890818085593044e-24, nan 
-155.375, 80.375, 5.565951133314429e-24, nan 
-155.125, 80.375, 5.7783941275025014e-24, nan 
-154.875, 80.375, 5.188014175046242e-24, nan 
-154.625, 80.375, 5.5036547260317125e-24, nan 
-154.375, 80.375, 5.4074865230217584e-24, nan 
-154.125, 80.375, 5.1771167619440726e-24, nan 
-153.875, 80.375, 4.989761128129041e-24, nan 
-153.625, 80.375, 5.1664935195624996e-24, nan 
-153.375, 80.375, 4.760679879260648e-24, nan 
-153.125, 80.375, 4.909281188253205e-24, nan 
-152.875, 80.375, 4.5786988837346734e-24, nan 
-152.625, 80.375, 4.854717453308942e-24, nan 
-152.375, 80.375, 4.5774865523607064e-24, nan 
-152.125, 80.375, 4.7854304373890595e-24, nan 
-151.875, 80.375, 4.57893655538647e-24, nan 
-151.625, 80.375, 4.1890765145257066e-24, nan 
-151.375, 80.375, 4.534549984805287e-24, nan 
-151.125, 80.375, 4.1861183189420345e-24, nan 
-150.875, 80.375, 4.142649821657086e-24, nan 
-150.625, 80.375, 4.1508955164395204e-24, nan 
-150.375, 80.375, 3.998938272671156e-24, nan 
-150.125, 80.375, 3.914091584696844e-24, nan 
-149.875, 80.375, 3.868379135995139e-24, nan 
-149.625, 80.375, 4.0658782239798575e-24, nan 
-149.375, 80.375, 3.572265065968191e-24, nan 
-149.125, 80.375, 3.8713333018811244e-24, nan 
-148.875, 80.375, 3.738172268350267e-24, nan 
-148.625, 80.375, 3.463659103318627e-24, nan 
-148.375, 80.375, 3.528967931189743e-24, nan 
-148.125, 80.375, 3.641645052517984e-24, nan 
-147.875, 80.375, 3.325229611775471e-24, nan 
-147.625, 80.375, 3.2459053100442092e-24, nan 
-147.375, 80.375, 3.2854406795932552e-24, nan 
-147.125, 80.375, 3.088170446461655e-24, nan 
-146.875, 80.375, 3.0142949072475317e-24, nan 
-146.625, 80.375, 2.885274964482318e-24, nan 
-146.375, 80.375, 2.6603803546191023e-24, nan 
-146.125, 80.375, 3.1098060249985358e-24, nan 
-145.875, 80.375, 2.7630953835937496e-24, nan 
-145.625, 80.375, 2.6212489509579914e-24, nan 
-145.375, 80.375, 3.1052972656206028e-24, nan 
-145.125, 80.375, 2.3497283380387747e-24, nan 
-144.875, 80.375, 2.557551526099757e-24, nan 
-144.625, 80.375, 2.6279001263573737e-24, nan 
-144.375, 80.375, 2.296226287687637e-24, nan 
-144.125, 80.375, 2.387757297790653e-24, nan 
-143.875, 80.375, 2.6440417666228897e-24, nan 
-143.625, 80.375, 2.2972308284600036e-24, nan 
-143.375, 80.375, 2.3954830250384516e-24, nan 
-143.125, 80.375, 2.3032299908423345e-24, nan 
-142.875, 80.375, 2.147639522474234e-24, nan 
-142.625, 80.375, 2.2217909523270536e-24, nan 
-142.375, 80.375, 2.3010119343676322e-24, nan 
-142.125, 80.375, 2.1513421233503488e-24, nan 
-141.875, 80.375, 2.0474146484831247e-24, nan 
-141.625, 80.375, 2.186231251417141e-24, nan 
-141.375, 80.375, 1.9488837900215187e-24, nan 
-141.125, 80.375, 2.2701534300284374e-24, nan 
-140.875, 80.375, 2.0259316194595866e-24, nan 
-140.625, 80.375, 2.153831990490804e-24, nan 
-140.375, 80.375, 2.139140635962629e-24, nan 
-140.125, 80.375, 2.1689531884794148e-24, nan 
-139.875, 80.375, 1.9663974292122343e-24, nan 
-139.625, 80.375, 1.974191804000316e-24, nan 
-139.375, 80.375, 2.1640802892786956e-24, nan 
-139.125, 80.375, 1.854259534330946e-24, nan 
-138.875, 80.375, 1.945139087203435e-24, nan 
-138.625, 80.375, 1.8735663408283573e-24, nan 
-138.375, 80.375, 2.0914002227965762e-24, nan 
-138.125, 80.375, 1.992139919892644e-24, nan 
-137.875, 80.375, 1.7966618928321647e-24, nan 
-137.625, 80.375, 2.088295423449741e-24, nan 
-137.375, 80.375, 1.8822448426075106e-24, nan 
-137.125, 80.375, 1.7653329344799423e-24, nan 
-136.875, 80.375, 2.008130682095584e-24, nan 
-136.625, 80.375, 1.97930602739718e-24, nan 
-136.375, 80.375, 1.7348663465615453e-24, nan 
-136.125, 80.375, 2.0173575516127964e-24, nan 
-135.875, 80.375, 1.7531330852339196e-24, nan 
-135.625, 80.375, 1.7542518975061345e-24, nan 
-135.375, 80.375, 2.0504753788202255e-24, nan 
-135.125, 80.375, 2.096475977582675e-24, nan 
-134.875, 80.375, 1.859625331055472e-24, nan 
-134.625, 80.375, 1.7836432195574196e-24, nan 
-134.375, 80.375, 1.949630928536728e-24, nan 
-134.125, 80.375, 1.6634561747402288e-24, nan 
-133.875, 80.375, 1.9818752051573318e-24, nan 
-133.625, 80.375, 2.0142749768388434e-24, nan 
-133.375, 80.375, 1.9262501901848188e-24, nan 
-133.125, 80.375, 1.8968041434337064e-24, nan 
-132.875, 80.375, 1.887458954429281e-24, nan 
-132.625, 80.375, 1.814860524318745e-24, nan 
-132.375, 80.375, 2.104499162741967e-24, nan 
-132.125, 80.375, 1.7964644843021292e-24, nan 
-131.875, 80.375, 1.919759184603806e-24, nan 
-131.625, 80.375, 1.9464216861752047e-24, nan 
-131.375, 80.375, 1.984956933283412e-24, nan 
-131.125, 80.375, 2.138989293769225e-24, nan 
-130.875, 80.375, 1.9106422774011317e-24, nan 
-130.625, 80.375, 2.0062268308665484e-24, nan 
-130.375, 80.375, 1.9250114627148356e-24, nan 
-130.125, 80.375, 1.7678284831563183e-24, nan 
-129.875, 80.375, 2.0803014280045793e-24, nan 
-129.625, 80.375, 2.0785279323665337e-24, nan 
-129.375, 80.375, 1.8210102010141433e-24, nan 
-129.125, 80.375, 1.88239934228846e-24, nan 
-128.875, 80.375, 1.7173692055535627e-24, nan 
-128.625, 80.375, 1.7250638724047996e-24, nan 
-128.375, 80.375, 1.5552318044868606e-24, nan 
-128.125, 80.375, 1.6641809633772273e-24, nan 
-127.875, 80.375, 1.5902693586027915e-24, nan 
-127.625, 80.375, 1.5106742098130963e-24, nan 
-127.375, 80.375, 1.4679373658257495e-24, nan 
-127.125, 80.375, 1.3925796480496798e-24, nan 
-126.875, 80.375, 1.4170951288488053e-24, nan 
-126.625, 80.375, 1.3363975446557991e-24, nan 
-27.875, 80.375, 2.286399794667475e-23, nan 
-27.625, 80.375, 1.9415155911022683e-23, nan 
-27.375, 80.375, 1.830377026844257e-23, nan 
-27.125, 80.375, 1.8538023644979908e-23, nan 
-26.875, 80.375, 2.035060708361368e-23, nan 
-26.625, 80.375, 2.122573168032433e-23, nan 
-26.375, 80.375, 1.46302357984095e-23, nan 
-26.125, 80.375, 6.313717402147308e-24, nan 
-25.875, 80.375, 7.046414282456753e-24, nan 
-25.625, 80.375, 7.081571199943745e-24, nan 
-25.375, 80.375, 8.168230429868496e-24, nan 
-25.125, 80.375, 1.1811479013577908e-23, nan 
-24.875, 80.375, 1.9608379788947673e-23, nan 
-24.625, 80.375, 1.6201913981117732e-23, nan 
-24.375, 80.375, 1.870753455158481e-23, nan 
-24.125, 80.375, 6.376648988583924e-24, nan 
-23.875, 80.375, 1.57636284300898e-23, nan 
-23.625, 80.375, 3.438167086518087e-23, nan 
-23.375, 80.375, 3.233556642476656e-23, nan 
-23.125, 80.375, 4.065003277541295e-23, nan 
-22.875, 80.375, 1.9666639067941457e-23, nan 
-22.625, 80.375, 2.48612442477104e-23, nan 
-22.375, 80.375, 3.647670404406066e-23, nan 
-22.125, 80.375, 3.789862490827341e-23, nan 
-21.875, 80.375, 4.116437540626832e-23, nan 
-21.625, 80.375, 3.2112227236849984e-23, nan 
-21.375, 80.375, 2.9816614614733444e-23, nan 
-21.125, 80.375, 2.5383799040665922e-23, nan 
-20.875, 80.375, 2.0309282099728923e-23, nan 
-20.625, 80.375, 1.2083301395229336e-23, nan 
-20.375, 80.375, 6.081972559145797e-24, nan 
-20.125, 80.375, 4.904133728324599e-24, nan 
-19.875, 80.375, 4.488595042221684e-24, nan 
-19.625, 80.375, 3.747497408418071e-24, nan 
-19.375, 80.375, 3.468791634499286e-24, nan 
-19.125, 80.375, 5.247972689253927e-24, nan 
-18.875, 80.375, 4.520701004124882e-24, nan 
-18.625, 80.375, 7.053224196883316e-24, nan 
-18.375, 80.375, 8.013266316755348e-24, nan 
-18.125, 80.375, 9.030122228549826e-24, nan 
-17.875, 80.375, 1.3211661158882137e-23, nan 
-17.625, 80.375, 1.2517871412594904e-23, nan 
-17.375, 80.375, 1.1388027472184796e-23, nan 
-17.125, 80.375, 9.584242267403012e-24, nan 
-16.875, 80.375, 8.653867942794625e-24, nan 
-16.625, 80.375, 1.4983034345592082e-23, nan 
-16.375, 80.375, 2.2903084885775404e-23, nan 
-16.125, 80.375, 2.470911031267229e-23, nan 
-15.875, 80.375, 3.099000011070562e-23, nan 
-15.625, 80.375, 3.1350277290694716e-23, nan 
-15.375, 80.375, 3.502676847921475e-23, nan 
-15.125, 80.375, 3.436313697588582e-23, nan 
-14.875, 80.375, 3.082113633288494e-23, nan 
-14.625, 80.375, 2.2113628396137783e-23, nan 
-14.375, 80.375, 2.16667303494318e-23, nan 
-14.125, 80.375, 2.6760927296904573e-23, nan 
-13.875, 80.375, 2.5879115967135258e-23, nan 
-13.625, 80.375, 2.3102304604436758e-23, nan 
-13.375, 80.375, 1.2028041476759132e-23, nan 
-13.125, 80.375, 1.1756455959777732e-23, nan 
-12.875, 80.375, 4.815911462304026e-24, nan 
-12.625, 80.375, 4.631333817188033e-24, nan 
-12.375, 80.375, 4.3410625875275094e-24, nan 
-12.125, 80.375, 3.368369690251899e-24, nan 
-11.875, 80.375, 3.6736051497940095e-24, nan 
-11.625, 80.375, 2.3557453680651534e-24, nan 
-11.375, 80.375, 2.1069827548453206e-24, nan 
-11.125, 80.375, 2.394288377120794e-24, nan 
-10.875, 80.375, 4.51167000336522e-24, nan 
-10.625, 80.375, 5.801477089817827e-24, nan 
-10.375, 80.375, 6.060496483842445e-24, nan 
-10.125, 80.375, 5.964721334942994e-24, nan 
-9.875, 80.375, 6.838997372853467e-24, nan 
-9.625, 80.375, 1.2846659418153591e-23, nan 
-9.375, 80.375, 1.0014516961744606e-23, nan 
-9.125, 80.375, 1.0736246869437338e-23, nan 
-8.875, 80.375, 1.379677468969694e-23, nan 
-8.625, 80.375, 8.040026915660321e-24, nan 
-8.375, 80.375, 3.267290272507269e-23, nan 
-8.125, 80.375, 2.9572343197129544e-23, nan 
-7.875, 80.375, 2.950946503274049e-23, nan 
-7.625, 80.375, 3.0381864950777097e-23, nan 
-7.375, 80.375, 2.6892053631303173e-23, nan 
-7.125, 80.375, 3.287251535027952e-23, nan 
-6.875, 80.375, 3.4752036693330634e-23, nan 
-6.625, 80.375, 3.3955865637052304e-23, nan 
-6.375, 80.375, 3.167567956580699e-23, nan 
-6.125, 80.375, 3.130577862016801e-23, nan 
-5.875, 80.375, 1.9202146674246748e-23, nan 
-5.625, 80.375, 2.0650958335498173e-23, nan 
-5.375, 80.375, 2.141716495263363e-23, nan 
-5.125, 80.375, 2.056346352096733e-23, nan 
-4.875, 80.375, 5.073530147241599e-24, nan 
-4.625, 80.375, 6.58513785725694e-24, nan 
-4.375, 80.375, 4.3575400686748384e-24, nan 
-4.125, 80.375, 3.867316581982252e-24, nan 
-3.875, 80.375, 4.509085271219812e-24, nan 
-3.625, 80.375, 3.558779934819024e-24, nan 
-3.375, 80.375, 5.79086368430715e-24, nan 
-3.125, 80.375, 7.768124630856521e-24, nan 
-2.875, 80.375, 7.605028831139942e-24, nan 
-2.625, 80.375, 7.634263362002606e-24, nan 
-2.375, 80.375, 7.932373205030947e-24, nan 
-2.125, 80.375, 7.321319286867779e-24, nan 
-1.875, 80.375, 9.311458996080147e-24, nan 
-1.625, 80.375, 1.1296018286523576e-23, nan 
-1.375, 80.375, 1.2183889945747477e-23, nan 
-1.125, 80.375, 1.1532314727077455e-23, nan 
-0.875, 80.375, 1.3880893995060187e-23, nan 
-0.625, 80.375, 1.2084527912635383e-23, nan 
-0.375, 80.375, 1.3524465413420158e-23, nan 
-0.125, 80.375, 1.3056899396998395e-23, nan 
0.125, 80.375, 1.3506572602961726e-23, nan 
0.375, 80.375, 1.1834582881009308e-23, nan 
0.625, 80.375, 1.1229619272536155e-23, nan 
0.875, 80.375, 1.7873774694355374e-23, nan 
1.125, 80.375, 1.957812109794334e-23, nan 
1.375, 80.375, 3.9645945164833796e-23, nan 
1.625, 80.375, 4.034513666365095e-23, nan 
1.875, 80.375, 3.377719385877573e-23, nan 
2.125, 80.375, 2.4113098825105594e-23, nan 
2.375, 80.375, 2.488822850038797e-23, nan 
2.625, 80.375, 4.631927310385136e-23, nan 
2.875, 80.375, 6.625050866578347e-23, nan 
3.125, 80.375, 6.399286136548742e-23, nan 
3.375, 80.375, 4.488855917074597e-23, nan 
3.625, 80.375, 4.025400540352317e-23, nan 
3.875, 80.375, 4.4850410438596703e-23, nan 
4.125, 80.375, 4.918303130470346e-23, nan 
4.375, 80.375, 5.711915697940702e-23, nan 
4.625, 80.375, 5.598998456690172e-23, nan 
4.875, 80.375, 5.401749141603742e-23, nan 
5.125, 80.375, 5.516881082216595e-23, nan 
5.375, 80.375, 3.1803050624599376e-23, nan 
5.625, 80.375, 3.0048565137721855e-23, nan 
5.875, 80.375, 1.8449394130167184e-23, nan 
6.125, 80.375, 1.579207849518006e-23, nan 
6.375, 80.375, 1.0717297638579025e-23, nan 
6.625, 80.375, 9.416493448833158e-24, nan 
6.875, 80.375, 1.0991855395618577e-23, nan 
7.125, 80.375, 9.269712097371495e-24, nan 
7.375, 80.375, 8.7545313175237e-24, nan 
7.625, 80.375, 9.291506278983435e-24, nan 
7.875, 80.375, 8.715281393809279e-24, nan 
8.125, 80.375, 9.012014068008053e-24, nan 
8.375, 80.375, 8.7338688154986e-24, nan 
8.625, 80.375, 7.828706526234242e-24, nan 
8.875, 80.375, 1.0118239781436628e-23, nan 
9.125, 80.375, 2.0142866946465134e-23, nan 
9.375, 80.375, 3.206456235391394e-23, nan 
9.625, 80.375, 4.2899688801482815e-23, nan 
9.875, 80.375, 4.7820520744240855e-23, nan 
10.125, 80.375, 3.6548750886080484e-23, nan 
10.375, 80.375, 2.569041196833678e-23, nan 
10.625, 80.375, 3.793958850137842e-23, nan 
10.875, 80.375, 5.875623988277597e-23, nan 
11.125, 80.375, 6.229751988032013e-23, nan 
11.375, 80.375, 5.382914620848165e-23, nan 
11.625, 80.375, 1.9926499456848637e-23, nan 
11.875, 80.375, 2.7944088245437456e-23, nan 
12.125, 80.375, 4.527893294308242e-23, nan 
12.375, 80.375, 5.260180752543379e-23, nan 
12.625, 80.375, 5.2599641171126985e-23, nan 
12.875, 80.375, 4.285636687718091e-23, nan 
13.125, 80.375, 4.133486811417013e-23, nan 
13.375, 80.375, 3.851927644830238e-23, nan 
13.625, 80.375, 3.3189886840851726e-23, nan 
13.875, 80.375, 2.6681988201375304e-23, nan 
14.125, 80.375, 6.646594724708393e-24, nan 
14.375, 80.375, 1.57440319883648e-23, nan 
14.625, 80.375, 2.4444704872631055e-23, nan 
14.875, 80.375, 3.113706854907748e-23, nan 
15.125, 80.375, 3.5884451659073977e-23, nan 
15.375, 80.375, 3.290680827903056e-23, nan 
15.625, 80.375, 4.4501229712116595e-23, nan 
15.875, 80.375, 4.577427547927222e-23, nan 
16.125, 80.375, 5.2342916425283516e-23, nan 
16.375, 80.375, 4.787745009596401e-23, nan 
16.625, 80.375, 6.289522213178918e-23, nan 
16.875, 80.375, 4.514385836259704e-23, nan 
17.125, 80.375, 5.721167405900244e-23, nan 
17.375, 80.375, 5.292015319245936e-23, nan 
17.625, 80.375, 4.98267330711968e-23, nan 
17.875, 80.375, 5.98201148098943e-23, nan 
18.125, 80.375, 4.507783834202226e-23, nan 
18.375, 80.375, 4.461827121944174e-23, nan 
18.625, 80.375, 4.875963532545092e-23, nan 
18.875, 80.375, 5.1737514216179757e-23, nan 
19.125, 80.375, 6.616750118675675e-23, nan 
19.375, 80.375, 4.7425188194955316e-23, nan 
19.625, 80.375, 4.5270455227364837e-23, nan 
19.875, 80.375, 3.292997696632713e-23, nan 
20.125, 80.375, 2.578913092151646e-23, nan 
20.375, 80.375, 3.112028877353297e-23, nan 
20.625, 80.375, 4.949381999652824e-23, nan 
20.875, 80.375, 3.3394312470032806e-23, nan 
21.125, 80.375, 2.514275945456215e-23, nan 
21.375, 80.375, 3.836802604903493e-23, nan 
21.625, 80.375, 3.6253002650209436e-23, nan 
21.875, 80.375, 9.228690817061532e-23, nan 
22.125, 80.375, 5.490943151424271e-23, nan 
22.375, 80.375, 6.501155483900317e-23, nan 
22.625, 80.375, 7.024802523146099e-23, nan 
22.875, 80.375, 4.571958293676496e-23, nan 
23.125, 80.375, 5.126202518606377e-23, nan 
23.375, 80.375, 3.777261310288957e-23, nan 
23.625, 80.375, 6.295956554270577e-23, nan 
23.875, 80.375, 7.592606031919968e-23, nan 
24.125, 80.375, 5.644473054409696e-23, nan 
24.375, 80.375, 5.0073213363682295e-23, nan 
24.625, 80.375, 5.199221616737038e-23, nan 
24.875, 80.375, 3.702476826089429e-23, nan 
25.125, 80.375, 8.674921876993445e-23, nan 
25.375, 80.375, 6.833946840446248e-23, nan 
25.625, 80.375, 7.14885831452457e-23, nan 
25.875, 80.375, 6.408766494455442e-23, nan 
26.125, 80.375, 5.835931132620517e-23, nan 
26.375, 80.375, 6.547430809815938e-23, nan 
26.625, 80.375, 8.956020259811605e-23, nan 
26.875, 80.375, 1.0792053382747759e-22, nan 
27.125, 80.375, 1.0941256945861773e-22, nan 
27.375, 80.375, 8.543907305876518e-23, nan 
27.625, 80.375, 5.951866877751109e-23, nan 
27.875, 80.375, 5.578854587548536e-23, nan 
28.125, 80.375, 6.632345830274407e-23, nan 
28.375, 80.375, 5.531601871585843e-23, nan 
28.625, 80.375, 8.121987004466329e-23, nan 
28.875, 80.375, 4.8257817996471804e-23, nan 
29.125, 80.375, 2.267573786711136e-23, nan 
29.375, 80.375, 4.3073161174576837e-23, nan 
29.625, 80.375, 3.030244277707583e-23, nan 
29.875, 80.375, 9.0792786774787e-23, nan 
30.125, 80.375, 7.431998447859186e-23, nan 
30.375, 80.375, 1.176142775788825e-22, nan 
30.625, 80.375, 1.676246098073717e-22, nan 
30.875, 80.375, 1.269101193553995e-22, nan 
31.125, 80.375, 6.837789750354085e-23, nan 
31.375, 80.375, 5.348972047097876e-23, nan 
31.625, 80.375, 1.3417314826447462e-22, nan 
31.875, 80.375, 2.0654779246438218e-22, nan 
32.125, 80.375, 1.565706514058881e-22, nan 
32.375, 80.375, 9.842590398597322e-23, nan 
32.625, 80.375, 1.2539293968706218e-22, nan 
32.875, 80.375, 1.16130447043668e-22, nan 
33.125, 80.375, 1.1568722404021783e-22, nan 
33.375, 80.375, 1.168247503648386e-22, nan 
33.625, 80.375, 1.0042741183386063e-22, nan 
33.875, 80.375, 9.860817047258744e-23, nan 
34.125, 80.375, 8.986577477908246e-23, nan 
34.375, 80.375, 6.149840553746563e-23, nan 
34.625, 80.375, 3.7891695897657993e-23, nan 
34.875, 80.375, 3.318205346045591e-23, nan 
35.125, 80.375, 2.5667767578437434e-23, nan 
35.375, 80.375, 2.4790709267695104e-23, nan 
35.625, 80.375, 3.2758216988007554e-23, nan 
35.875, 80.375, 3.705927795732801e-23, nan 
36.125, 80.375, 6.145188801192371e-23, nan 
36.375, 80.375, 6.290327397804141e-23, nan 
36.625, 80.375, 6.528904809331931e-23, nan 
36.875, 80.375, 3.57113596454036e-23, nan 
37.125, 80.375, 4.234319447779894e-23, nan 
37.375, 80.375, 8.050283927794647e-23, nan 
37.625, 80.375, 6.808913617827533e-23, nan 
37.875, 80.375, 6.906521576702059e-23, nan 
38.125, 80.375, 5.788028570530166e-23, nan 
38.375, 80.375, 3.4399857068708687e-23, nan 
38.625, 80.375, 1.2079770716526007e-22, nan 
38.875, 80.375, 3.2310804698659163e-23, nan 
39.125, 80.375, 2.8203897623844957e-23, nan 
39.375, 80.375, 4.633812443761771e-23, nan 
39.625, 80.375, 5.421325281467473e-23, nan 
39.875, 80.375, 9.714979539827754e-23, nan 
40.125, 80.375, 5.517732809642637e-23, nan 
40.375, 80.375, 6.626805150293188e-23, nan 
40.625, 80.375, 8.336936726242739e-23, nan 
40.875, 80.375, 6.866948033734861e-23, nan 
41.125, 80.375, 7.935783889528878e-23, nan 
41.375, 80.375, 5.768394958268684e-23, nan 
41.625, 80.375, 6.852268293884982e-23, nan 
41.875, 80.375, 8.960267420267628e-23, nan 
42.125, 80.375, 7.202819814474607e-23, nan 
42.375, 80.375, 5.54161226906077e-23, nan 
42.625, 80.375, 6.607515002255576e-23, nan 
42.875, 80.375, 4.1939225080579804e-23, nan 
43.125, 80.375, 6.723652116459721e-23, nan 
43.375, 80.375, 5.731379087084718e-23, nan 
43.625, 80.375, 6.371085003323323e-23, nan 
43.875, 80.375, 6.960221444832425e-23, nan 
44.125, 80.375, 6.938290875562183e-23, nan 
44.375, 80.375, 4.460538846685377e-23, nan 
44.625, 80.375, 4.385315958055294e-23, nan 
44.875, 80.375, 6.694331244943849e-23, nan 
45.125, 80.375, 7.499716712985789e-23, nan 
45.375, 80.375, 2.4652876993062803e-23, nan 
45.625, 80.375, 3.8594615624866326e-23, nan 
45.875, 80.375, 3.361725494590285e-23, nan 
46.125, 80.375, 3.2893811473221353e-23, nan 
46.375, 80.375, 2.2303221030757932e-23, nan 
46.625, 80.375, 1.9178199166682369e-23, nan 
46.875, 80.375, 1.5887544684303065e-23, nan 
47.125, 80.375, 1.5139149359980784e-23, nan 
47.375, 80.375, 1.472557088505935e-23, nan 
47.625, 80.375, 1.4371460012253916e-23, nan 
47.875, 80.375, 1.4968051152173492e-23, nan 
48.125, 80.375, 1.5564965578383852e-23, nan 
48.375, 80.375, 2.4011079724972575e-23, nan 
48.625, 80.375, 1.663991180827695e-23, nan 
48.875, 80.375, 2.8900184733926995e-23, nan 
49.125, 80.375, 1.576027355874796e-23, nan 
49.375, 80.375, 1.8426708645774822e-23, nan 
49.625, 80.375, 5.190612889441801e-23, nan 
49.875, 80.375, 3.5176010413597445e-23, nan 
50.125, 80.375, 7.619248713028596e-23, nan 
50.375, 80.375, 3.250761982531918e-23, nan 
50.625, 80.375, 3.0542560774485326e-23, nan 
50.875, 80.375, 4.080861724671468e-23, nan 
51.125, 80.375, 3.086969721684997e-23, nan 
51.375, 80.375, 5.630836202225955e-23, nan 
51.625, 80.375, 2.905912178925236e-23, nan 
51.875, 80.375, 3.2926167684218035e-23, nan 
52.125, 80.375, 2.974210793563942e-23, nan 
52.375, 80.375, 1.9141890460722234e-23, nan 
52.625, 80.375, 2.053053862384433e-23, nan 
52.875, 80.375, 1.5734208696738247e-23, nan 
53.125, 80.375, 1.4056035814176268e-23, nan 
53.375, 80.375, 2.1533915313332884e-23, nan 
53.625, 80.375, 4.5082481113867015e-23, nan 
53.875, 80.375, 4.3981871043780474e-23, nan 
54.125, 80.375, 4.676059903662133e-23, nan 
54.375, 80.375, 4.5516183793869993e-23, nan 
54.625, 80.375, 5.417219132309571e-23, nan 
54.875, 80.375, 4.697023782877577e-23, nan 
55.125, 80.375, 5.856215247968461e-23, nan 
55.375, 80.375, 7.650801274185371e-23, nan 
55.625, 80.375, 5.964189479471072e-23, nan 
55.875, 80.375, 8.401363565437402e-23, nan 
56.125, 80.375, 7.82535119324852e-23, nan 
56.375, 80.375, 1.0127837130861146e-22, nan 
56.625, 80.375, 1.0778635742893027e-22, nan 
56.875, 80.375, 1.0543908867727071e-22, nan 
57.125, 80.375, 9.564828824652988e-23, nan 
57.375, 80.375, 2.691913231700813e-22, nan 
57.625, 80.375, 3.8383493503992344e-22, nan 
57.875, 80.375, 3.5892680073438396e-22, nan 
58.125, 80.375, 3.731965196360539e-22, nan 
58.375, 80.375, 3.3004888864317024e-22, nan 
58.625, 80.375, 3.0051634110286105e-22, nan 
58.875, 80.375, 4.522098480953311e-22, nan 
59.125, 80.375, 4.1356018941314596e-22, nan 
59.375, 80.375, 4.1759772385045444e-22, nan 
59.625, 80.375, 3.7182934129449346e-22, nan 
59.875, 80.375, 1.2419983848268014e-22, nan 
60.125, 80.375, 1.44989115746744e-22, nan 
60.375, 80.375, 1.1850497925820917e-22, nan 
60.625, 80.375, 1.1285953476941992e-22, nan 
60.875, 80.375, 1.1041423306810436e-22, nan 
61.125, 80.375, 1.186771868765835e-22, nan 
61.375, 80.375, 1.0630154472874924e-22, nan 
61.625, 80.375, 8.207338278511081e-23, nan 
61.875, 80.375, 6.220950653111656e-23, nan 
62.125, 80.375, 1.0352140635522331e-22, nan 
62.375, 80.375, 1.2991829759319558e-22, nan 
62.625, 80.375, 8.82784762050028e-23, nan 
62.875, 80.375, 1.4560492860635738e-22, nan 
63.125, 80.375, 1.3085104990446094e-22, nan 
63.375, 80.375, 1.390162201433202e-22, nan 
63.625, 80.375, 1.3841516159244148e-22, nan 
63.875, 80.375, 1.3286777471589668e-22, nan 
64.125, 80.375, 1.137560403200044e-22, nan 
64.375, 80.375, 1.0467185387317899e-22, nan 
64.625, 80.375, 9.788894206617594e-23, nan 
64.875, 80.375, 9.188521449625722e-23, nan 
65.125, 80.375, 8.132895889635065e-23, nan 
65.375, 80.375, 9.642316874636696e-23, nan 
65.625, 80.375, 1.0503810351968283e-22, nan 
65.875, 80.375, 8.803397085422884e-23, nan 
66.125, 80.375, 9.336586271600625e-23, nan 
66.375, 80.375, 1.2453207971175196e-22, nan 
66.625, 80.375, 1.1868523918422504e-22, nan 
66.875, 80.375, 1.1797958944433302e-22, nan 
67.125, 80.375, 1.026843429972926e-22, nan 
67.375, 80.375, 1.2481927950867238e-22, nan 
67.625, 80.375, 1.0725001377996315e-22, nan 
67.875, 80.375, 1.0798612436192023e-22, nan 
68.125, 80.375, 1.140526090474894e-22, nan 
68.375, 80.375, 1.1922682480520484e-22, nan 
68.625, 80.375, 1.177630568800873e-22, nan 
68.875, 80.375, 1.146343828166538e-22, nan 
69.125, 80.375, 1.1882677649261085e-22, nan 
69.375, 80.375, 1.070482154207405e-22, nan 
69.625, 80.375, 1.0901360286540703e-22, nan 
69.875, 80.375, 8.354222809366802e-23, nan 
70.125, 80.375, 8.060134188969753e-23, nan 
70.375, 80.375, 8.073463271627903e-23, nan 
70.625, 80.375, 8.609669949998608e-23, nan 
70.875, 80.375, 6.608643838765381e-23, nan 
71.125, 80.375, 6.598894880029301e-23, nan 
71.375, 80.375, 1.2403734566386347e-22, nan 
71.625, 80.375, 1.5884557494444526e-22, nan 
71.875, 80.375, 1.2662979923892896e-22, nan 
72.125, 80.375, 1.1269176302560286e-22, nan 
72.375, 80.375, 8.648099666332903e-23, nan 
72.625, 80.375, 1.2835845184415295e-22, nan 
72.875, 80.375, 1.0494739668071968e-22, nan 
73.125, 80.375, 1.2134179663605647e-22, nan 
73.375, 80.375, 6.311222869741875e-23, nan 
73.625, 80.375, 1.2462168025572298e-22, nan 
73.875, 80.375, 5.314321975621894e-23, nan 
74.125, 80.375, 7.303273474812413e-23, nan 
74.375, 80.375, 4.0520606275323104e-23, nan 
74.625, 80.375, 3.8023713010151276e-23, nan 
74.875, 80.375, 7.053569589345799e-23, nan 
75.125, 80.375, 1.3109749136381354e-22, nan 
75.375, 80.375, 8.866761700005716e-23, nan 
75.625, 80.375, 1.3761249861648313e-22, nan 
75.875, 80.375, 1.6771191165442679e-22, nan 
76.125, 80.375, 1.4731461332510738e-22, nan 
76.375, 80.375, 1.181064015230109e-22, nan 
76.625, 80.375, 1.0710323678518478e-22, nan 
76.875, 80.375, 9.213277180909508e-23, nan 
77.125, 80.375, 9.949157792942687e-23, nan 
77.375, 80.375, 1.0741289345832692e-22, nan 
77.625, 80.375, 1.1638604577860582e-22, nan 
77.875, 80.375, 1.8667030930985417e-22, nan 
78.125, 80.375, 2.1164593911113055e-22, nan 
78.375, 80.375, 2.665412316846381e-22, nan 
78.625, 80.375, 2.64306206599925e-22, nan 
78.875, 80.375, 2.341028935375227e-22, nan 
79.125, 80.375, 2.1228736581164662e-22, nan 
79.375, 80.375, 1.997997778868438e-22, nan 
79.625, 80.375, 1.619808469776298e-22, nan 
79.875, 80.375, 2.115592177996316e-22, nan 
80.125, 80.375, 1.9475867347461158e-22, nan 
80.375, 80.375, 3.082605704044571e-22, nan 
80.625, 80.375, 2.264536720026125e-22, nan 
80.875, 80.375, 2.505866512192367e-22, nan 
81.125, 80.375, 3.5680163532201556e-22, nan 
81.375, 80.375, 2.891525403921347e-22, nan 
81.625, 80.375, 3.6335334804588354e-22, nan 
81.875, 80.375, 3.543591329397785e-22, nan 
82.125, 80.375, 3.104120273566473e-22, nan 
82.375, 80.375, 2.855512604353955e-22, nan 
82.625, 80.375, 3.463673909885064e-22, nan 
82.875, 80.375, 3.4348334736679864e-22, nan 
83.125, 80.375, 3.563509611957149e-22, nan 
83.375, 80.375, 2.997318022136302e-22, nan 
83.625, 80.375, 3.4748265154024097e-22, nan 
83.875, 80.375, 4.874147987032091e-22, nan 
84.125, 80.375, 4.750343332997673e-22, nan 
84.375, 80.375, 4.655475035293985e-22, nan 
84.625, 80.375, 4.940481341296819e-22, nan 
84.875, 80.375, 5.49949926924221e-22, nan 
85.125, 80.375, 5.293739701493292e-22, nan 
85.375, 80.375, 5.440979316645577e-22, nan 
85.625, 80.375, 5.055631758449512e-22, nan 
85.875, 80.375, 5.310884071753789e-22, nan 
86.125, 80.375, 5.54128221763976e-22, nan 
86.375, 80.375, 5.0475533407723135e-22, nan 
86.625, 80.375, 5.679051737393797e-22, nan 
86.875, 80.375, 4.906541888243212e-22, nan 
87.125, 80.375, 6.246675855148848e-22, nan 
87.375, 80.375, 5.140738639306935e-22, nan 
87.625, 80.375, 4.030128112671651e-22, nan 
87.875, 80.375, 4.998032042388768e-22, nan 
88.125, 80.375, 5.185974172986939e-22, nan 
88.375, 80.375, 4.5030264361086465e-22, nan 
88.625, 80.375, 2.8747867640540623e-22, nan 
88.875, 80.375, 3.955640536568538e-22, nan 
89.125, 80.375, 4.425201255337418e-22, nan 
89.375, 80.375, 5.912072447018254e-22, nan 
89.625, 80.375, 3.291663164060385e-22, nan 
89.875, 80.375, 2.5674070897922464e-22, nan 
90.125, 80.375, 4.249488883186356e-22, nan 
90.375, 80.375, 4.360477644207931e-22, nan 
90.625, 80.375, 4.247404789301163e-22, nan 
90.875, 80.375, 4.0653212597995838e-22, nan 
91.125, 80.375, 3.644292280004373e-22, nan 
91.375, 80.375, 3.910175874786868e-22, nan 
91.625, 80.375, 2.3062206021629835e-22, nan 
91.875, 80.375, 1.607212872090602e-22, nan 
92.125, 80.375, 3.0053344241203277e-22, nan 
92.375, 80.375, 3.703334551649398e-22, nan 
92.625, 80.375, 4.641030776063842e-22, nan 
92.875, 80.375, 5.166834245976443e-22, nan 
93.125, 80.375, 4.808571802446365e-22, nan 
93.375, 80.375, 2.9578175545490295e-22, nan 
93.625, 80.375, 3.823899662984257e-22, nan 
93.875, 80.375, 3.855981645385876e-22, nan 
94.125, 80.375, 2.200796700600438e-22, nan 
94.375, 80.375, 1.477239268393259e-22, nan 
94.625, 80.375, 1.4015382431989266e-22, nan 
94.875, 80.375, 4.567482843859303e-22, nan 
95.125, 80.375, 9.617811625457324e-22, nan 
95.375, 80.375, 6.529980225669593e-22, nan 
95.625, 80.375, 6.020604778567621e-22, nan 
95.875, 80.375, 4.526870742676079e-22, nan 
96.125, 80.375, 6.034976716293061e-22, nan 
96.375, 80.375, 9.537934313064076e-22, nan 
96.625, 80.375, 6.689332441699129e-22, nan 
96.875, 80.375, 5.41401359863952e-22, nan 
97.125, 80.375, 6.607081137764928e-22, nan 
97.375, 80.375, 4.787667739597451e-22, nan 
97.625, 80.375, 4.198991341155826e-22, nan 
97.875, 80.375, 4.498583549162971e-22, nan 
98.125, 80.375, 5.67581024179049e-22, nan 
98.375, 80.375, 5.036311329368265e-22, nan 
98.625, 80.375, 5.538586920027552e-22, nan 
98.875, 80.375, 5.4921152315890955e-22, nan 
99.125, 80.375, 4.472336351881606e-22, nan 
99.375, 80.375, 3.677700957161187e-22, nan 
99.625, 80.375, 4.845512486036233e-22, nan 
99.875, 80.375, 4.546362959431915e-22, nan 
100.125, 80.375, 6.0070499514517475e-22, nan 
100.375, 80.375, 6.966569194726334e-22, nan 
100.625, 80.375, 6.801354562037548e-22, nan 
100.875, 80.375, 5.445963762337675e-22, nan 
101.125, 80.375, 6.014066305952075e-22, nan 
101.375, 80.375, 6.475153682472985e-22, nan 
101.625, 80.375, 7.506104156541297e-22, nan 
101.875, 80.375, 7.559149500517359e-22, nan 
102.125, 80.375, 4.99196351978014e-22, nan 
102.375, 80.375, 9.697050792717935e-22, nan 
102.625, 80.375, 8.954291988997186e-22, nan 
102.875, 80.375, 1.0808135631405416e-21, nan 
103.125, 80.375, 9.704121638701503e-22, nan 
103.375, 80.375, 9.377550913140807e-22, nan 
103.625, 80.375, 1.3127407813226332e-21, nan 
103.875, 80.375, 9.447358122344795e-22, nan 
104.125, 80.375, 1.1920645592453544e-21, nan 
104.375, 80.375, 1.2695394991603864e-21, nan 
104.625, 80.375, 1.1973360900216707e-21, nan 
104.875, 80.375, 9.60125634665583e-22, nan 
105.125, 80.375, 1.0013158845851086e-21, nan 
105.375, 80.375, 9.72444653194293e-22, nan 
105.625, 80.375, 9.425195388731203e-22, nan 
105.875, 80.375, 7.51974026248849e-22, nan 
106.125, 80.375, 1.2700157337710204e-21, nan 
106.375, 80.375, 1.366073970639813e-21, nan 
106.625, 80.375, 1.1822920886413951e-21, nan 
106.875, 80.375, 1.0243940970357195e-21, nan 
107.125, 80.375, 1.2026961409074334e-21, nan 
107.375, 80.375, 1.3797418725680738e-21, nan 
107.625, 80.375, 1.4693531549705405e-21, nan 
107.875, 80.375, 1.1248131810197736e-21, nan 
108.125, 80.375, 1.3156351809416578e-21, nan 
108.375, 80.375, 1.078123797891344e-21, nan 
108.625, 80.375, 5.531133086484768e-22, nan 
108.875, 80.375, 5.651478929320057e-22, nan 
109.125, 80.375, 7.538459717505992e-22, nan 
109.375, 80.375, 8.200446026825959e-22, nan 
109.625, 80.375, 8.735998662473012e-22, nan 
109.875, 80.375, 5.173383292934394e-22, nan 
110.125, 80.375, 4.925079189365692e-22, nan 
110.375, 80.375, 7.4586579480940305e-22, nan 
110.625, 80.375, 6.177300143387121e-22, nan 
110.875, 80.375, 2.425560239481703e-22, nan 
111.125, 80.375, 1.0783331990302346e-21, nan 
111.375, 80.375, 9.74828667225043e-22, nan 
111.625, 80.375, 1.2019805951034691e-21, nan 
111.875, 80.375, 1.2855493110361548e-21, nan 
112.125, 80.375, 6.029092090105305e-22, nan 
112.375, 80.375, 9.843009114723762e-22, nan 
112.625, 80.375, 1.236892370951117e-21, nan 
112.875, 80.375, 1.4113529123374233e-21, nan 
113.125, 80.375, 1.5816746121271752e-21, nan 
113.375, 80.375, 1.171456188136381e-21, nan 
113.625, 80.375, 7.0586413498103605e-22, nan 
113.875, 80.375, 9.240225986961546e-22, nan 
114.125, 80.375, 5.122647080655457e-22, nan 
114.375, 80.375, 4.901098203059169e-22, nan 
114.625, 80.375, 6.820325957386749e-22, nan 
114.875, 80.375, 1.8316232273653843e-21, nan 
115.125, 80.375, 1.6183390112645882e-21, nan 
115.375, 80.375, 1.8387967265718412e-21, nan 
115.625, 80.375, 1.4271076287138023e-21, nan 
115.875, 80.375, 9.985092627435816e-22, nan 
116.125, 80.375, 1.6214294123797574e-21, nan 
116.375, 80.375, 1.6961306718164555e-21, nan 
116.625, 80.375, 2.0834172530591373e-21, nan 
116.875, 80.375, 1.9518087619258597e-21, nan 
117.125, 80.375, 1.385402169695924e-21, nan 
117.375, 80.375, 1.2476190569501762e-21, nan 
117.625, 80.375, 1.5126229557163387e-21, nan 
117.875, 80.375, 1.6149656023576955e-21, nan 
118.125, 80.375, 1.6603796247233447e-21, nan 
118.375, 80.375, 1.4145547079105897e-21, nan 
118.625, 80.375, 1.52798816960845e-21, nan 
118.875, 80.375, 1.724738798339647e-21, nan 
119.125, 80.375, 1.6427100051148965e-21, nan 
119.375, 80.375, 1.7969842317115906e-21, nan 
119.625, 80.375, 1.7386990931695713e-21, nan 
119.875, 80.375, 1.792193173359295e-21, nan 
120.125, 80.375, 1.420838046425776e-21, nan 
120.375, 80.375, 1.326249227276891e-21, nan 
120.625, 80.375, 1.2491134050815032e-21, nan 
120.875, 80.375, 1.1445095631771512e-21, nan 
121.125, 80.375, 1.3446016669332074e-21, nan 
121.375, 80.375, 5.885320925694406e-22, nan 
121.625, 80.375, 9.237598455085305e-22, nan 
121.875, 80.375, 1.076133457971912e-21, nan 
122.125, 80.375, 5.824450342576863e-22, nan 
122.375, 80.375, 4.766366286640826e-22, nan 
122.625, 80.375, 6.052240722120468e-22, nan 
122.875, 80.375, 9.45234117950197e-22, nan 
123.125, 80.375, 9.168712120745243e-22, nan 
123.375, 80.375, 5.930587506905566e-22, nan 
123.625, 80.375, 6.630635308611204e-22, nan 
123.875, 80.375, 5.48482043882269e-22, nan 
124.125, 80.375, 6.275802920535195e-22, nan 
124.375, 80.375, 6.315872478885789e-22, nan 
124.625, 80.375, 7.463450550289457e-22, nan 
124.875, 80.375, 6.117373404081176e-22, nan 
125.125, 80.375, 5.595725694713511e-22, nan 
125.375, 80.375, 7.521910213522457e-22, nan 
125.625, 80.375, 6.2806615785218305e-22, nan 
125.875, 80.375, 7.854639338915417e-22, nan 
126.125, 80.375, 9.636796420644617e-22, nan 
126.375, 80.375, 9.560224660618728e-22, nan 
126.625, 80.375, 1.0815319710349515e-21, nan 
126.875, 80.375, 7.946863825890844e-22, nan 
127.125, 80.375, 4.575369952386967e-22, nan 
127.375, 80.375, 5.638021755704709e-22, nan 
127.625, 80.375, 4.520095615646771e-22, nan 
127.875, 80.375, 1.7140041862753754e-22, nan 
128.125, 80.375, 2.179428347622508e-22, nan 
128.375, 80.375, 4.1365266142452293e-22, nan 
128.625, 80.375, 3.5349756869922705e-22, nan 
128.875, 80.375, 5.625592338724972e-22, nan 
129.125, 80.375, 2.6643887108936833e-22, nan 
129.375, 80.375, 2.3542094958950495e-22, nan 
129.625, 80.375, 3.422583752087022e-22, nan 
129.875, 80.375, 6.8531721955301375e-22, nan 
130.125, 80.375, 9.772408833562596e-22, nan 
130.375, 80.375, 1.1945219984983202e-21, nan 
130.625, 80.375, 5.0056292825990865e-22, nan 
130.875, 80.375, 1.4106996405041962e-22, nan 
131.125, 80.375, 1.0382339214057754e-21, nan 
131.375, 80.375, 1.3125990473120453e-21, nan 
131.625, 80.375, 1.6760661317679237e-21, nan 
131.875, 80.375, 6.270238277128833e-22, nan 
132.125, 80.375, 5.644397422880187e-22, nan 
132.375, 80.375, 8.238070394267298e-22, nan 
132.625, 80.375, 8.209626948053386e-22, nan 
132.875, 80.375, 9.657977425238292e-22, nan 
133.125, 80.375, 5.48539704407778e-22, nan 
133.375, 80.375, 4.588678516344004e-22, nan 
133.625, 80.375, 2.970968685148202e-22, nan 
133.875, 80.375, 3.196420653773214e-22, nan 
134.125, 80.375, 4.95352354122418e-22, nan 
134.375, 80.375, 4.1200906907065173e-22, nan 
134.625, 80.375, 3.8160374332318323e-22, nan 
134.875, 80.375, 3.6118092699009504e-22, nan 
135.125, 80.375, 2.8924369636260564e-22, nan 
135.375, 80.375, 2.6639054839241923e-22, nan 
135.625, 80.375, 1.9473577207780713e-22, nan 
135.875, 80.375, 3.6680458585230163e-22, nan 
136.125, 80.375, 2.441233004640859e-22, nan 
136.375, 80.375, 1.5695455589521806e-22, nan 
136.625, 80.375, 2.748772736511272e-22, nan 
136.875, 80.375, 2.352500536322844e-22, nan 
137.125, 80.375, 1.456592662312074e-22, nan 
137.375, 80.375, 1.905914196378329e-22, nan 
137.625, 80.375, 2.962207748187515e-22, nan 
137.875, 80.375, 2.0379944354692156e-22, nan 
138.125, 80.375, 1.4787868480753946e-22, nan 
138.375, 80.375, 1.7370852507030454e-22, nan 
138.625, 80.375, 2.5177579357364126e-22, nan 
138.875, 80.375, 2.9478362010467425e-22, nan 
139.125, 80.375, 2.435917986080308e-22, nan 
139.375, 80.375, 2.5927790254930713e-22, nan 
139.625, 80.375, 2.3494144332057246e-22, nan 
139.875, 80.375, 2.6578624199662398e-22, nan 
140.125, 80.375, 2.8953698892556705e-22, nan 
140.375, 80.375, 2.432257026581702e-22, nan 
140.625, 80.375, 2.4981561198115994e-22, nan 
140.875, 80.375, 3.2890969777133813e-22, nan 
141.125, 80.375, 2.8817669200981354e-22, nan 
141.375, 80.375, 3.023557918799556e-22, nan 
141.625, 80.375, 3.4731655475912146e-22, nan 
141.875, 80.375, 3.4147043683996834e-22, nan 
142.125, 80.375, 4.078448346176782e-22, nan 
142.375, 80.375, 5.321492079726875e-22, nan 
142.625, 80.375, 5.378053229506386e-22, nan 
142.875, 80.375, 7.492554961332677e-22, nan 
143.125, 80.375, 5.079787276632907e-22, nan 
143.375, 80.375, 4.0915123191811294e-22, nan 
143.625, 80.375, 3.1957466638951894e-22, nan 
143.875, 80.375, 2.684482714963158e-22, nan 
144.125, 80.375, 3.0708081474194224e-22, nan 
144.375, 80.375, 3.0388568164040445e-22, nan 
144.625, 80.375, 2.376466583329567e-22, nan 
144.875, 80.375, 2.7337798664308237e-22, nan 
145.125, 80.375, 2.3966675935028537e-22, nan 
145.375, 80.375, 2.264753621064696e-22, nan 
145.625, 80.375, 2.20941065650203e-22, nan 
145.875, 80.375, 1.9526388530464077e-22, nan 
146.125, 80.375, 1.8668902537536455e-22, nan 
146.375, 80.375, 1.7534223298968763e-22, nan 
146.625, 80.375, 1.8707894138450371e-22, nan 
146.875, 80.375, 1.5821562297631857e-22, nan 
147.125, 80.375, 1.5812564795601905e-22, nan 
147.375, 80.375, 1.5287668072281216e-22, nan 
147.625, 80.375, 2.0811000788170505e-22, nan 
147.875, 80.375, 2.6464814881138193e-22, nan 
148.125, 80.375, 2.395634670152495e-22, nan 
148.375, 80.375, 1.9009036887271065e-22, nan 
148.625, 80.375, 1.501907731347846e-22, nan 
148.875, 80.375, 1.725797476153634e-22, nan 
149.125, 80.375, 2.1920128955191246e-22, nan 
149.375, 80.375, 1.772326514534386e-22, nan 
149.625, 80.375, 1.361626629888465e-22, nan 
149.875, 80.375, 1.0471458853846011e-22, nan 
150.125, 80.375, 1.3755767121967314e-22, nan 
150.375, 80.375, 1.7012679406913642e-22, nan 
150.625, 80.375, 1.8614752838617046e-22, nan 
150.875, 80.375, 1.9605699603340702e-22, nan 
151.125, 80.375, 1.4788520425602254e-22, nan 
151.375, 80.375, 9.176001945638677e-23, nan 
151.625, 80.375, 8.166391213744312e-23, nan 
151.875, 80.375, 8.19993624032967e-23, nan 
152.125, 80.375, 1.0416388300735803e-22, nan 
152.375, 80.375, 8.800212435898622e-23, nan 
152.625, 80.375, 7.704366105723494e-23, nan 
152.875, 80.375, 9.470344167456778e-23, nan 
153.125, 80.375, 8.162883118405619e-23, nan 
153.375, 80.375, 9.438592474373277e-23, nan 
153.625, 80.375, 1.0119444649356397e-22, nan 
153.875, 80.375, 6.168643479446988e-23, nan 
154.125, 80.375, 1.0898106284754393e-22, nan 
154.375, 80.375, 1.298939642445491e-22, nan 
154.625, 80.375, 1.1781177265810394e-22, nan 
154.875, 80.375, 1.3863724390174522e-22, nan 
155.125, 80.375, 1.025350329958919e-22, nan 
155.375, 80.375, 1.0848757490318935e-22, nan 
155.625, 80.375, 1.190215226797187e-22, nan 
155.875, 80.375, 1.1008506528025572e-22, nan 
156.125, 80.375, 1.373970415209992e-22, nan 
156.375, 80.375, 1.235482759116606e-22, nan 
156.625, 80.375, 1.0910791201429344e-22, nan 
156.875, 80.375, 1.4608018099367206e-22, nan 
157.125, 80.375, 1.2693646040956347e-22, nan 
157.375, 80.375, 1.0250245540789172e-22, nan 
157.625, 80.375, 1.01300554159458e-22, nan 
157.875, 80.375, 1.0078277393765772e-22, nan 
158.125, 80.375, 1.1352725938470708e-22, nan 
158.375, 80.375, 1.0809856315434862e-22, nan 
158.625, 80.375, 1.289976415706152e-22, nan 
158.875, 80.375, 1.1485954681903213e-22, nan 
159.125, 80.375, 1.10426118245006e-22, nan 
159.375, 80.375, 1.2967248132979496e-22, nan 
159.625, 80.375, 8.592839283530694e-23, nan 
159.875, 80.375, 8.783501900318724e-23, nan 
160.125, 80.375, 1.4240595659969367e-22, nan 
160.375, 80.375, 2.0064686499050573e-22, nan 
160.625, 80.375, 1.7890732054073128e-22, nan 
160.875, 80.375, 1.9518851129257102e-22, nan 
161.125, 80.375, 1.9801373703795894e-22, nan 
161.375, 80.375, 1.9356169063112933e-22, nan 
161.625, 80.375, 1.894680507403052e-22, nan 
161.875, 80.375, 1.7786208423253732e-22, nan 
162.125, 80.375, 1.8335507342384745e-22, nan 
162.375, 80.375, 1.700339709131471e-22, nan 
162.625, 80.375, 1.61668632844628e-22, nan 
162.875, 80.375, 1.4586370006253175e-22, nan 
163.125, 80.375, 1.4494609763156048e-22, nan 
163.375, 80.375, 1.3433646729491e-22, nan 
163.625, 80.375, 1.408679557009511e-22, nan 
163.875, 80.375, 1.0788275541933453e-22, nan 
164.125, 80.375, 1.1204853778116326e-22, nan 
164.375, 80.375, 1.2276574301500163e-22, nan 
164.625, 80.375, 1.1130906054613276e-22, nan 
164.875, 80.375, 1.1511587037556089e-22, nan 
165.125, 80.375, 1.095718713710339e-22, nan 
165.375, 80.375, 9.207002241146266e-23, nan 
165.625, 80.375, 1.0494565947152605e-22, nan 
165.875, 80.375, 1.0474364475358758e-22, nan 
166.125, 80.375, 8.352875313100572e-23, nan 
166.375, 80.375, 9.894879573449362e-23, nan 
166.625, 80.375, 8.535547494481178e-23, nan 
166.875, 80.375, 8.760134773953153e-23, nan 
167.125, 80.375, 8.614081882480519e-23, nan 
167.375, 80.375, 7.361107955947622e-23, nan 
167.625, 80.375, 8.055347261128672e-23, nan 
167.875, 80.375, 7.809168038296211e-23, nan 
168.125, 80.375, 6.788074505949328e-23, nan 
168.375, 80.375, 6.103342055753311e-23, nan 
168.625, 80.375, 6.100401289531051e-23, nan 
168.875, 80.375, 6.428569974084115e-23, nan 
169.125, 80.375, 6.357272152461545e-23, nan 
169.375, 80.375, 5.94301792108251e-23, nan 
169.625, 80.375, 4.570119282247412e-23, nan 
169.875, 80.375, 5.060180358922982e-23, nan 
170.125, 80.375, 4.762430990793148e-23, nan 
170.375, 80.375, 4.853183774606811e-23, nan 
170.625, 80.375, 4.32858149727729e-23, nan 
170.875, 80.375, 4.9673925403328674e-23, nan 
171.125, 80.375, 4.615268826391042e-23, nan 
171.375, 80.375, 4.7773950725500937e-23, nan 
171.625, 80.375, 5.303871420295845e-23, nan 
171.875, 80.375, 6.137863749728867e-23, nan 
172.125, 80.375, 5.0785235532605463e-23, nan 
172.375, 80.375, 4.2524313944864195e-23, nan 
172.625, 80.375, 4.1392725138256466e-23, nan 
172.875, 80.375, 5.342579345345499e-23, nan 
173.125, 80.375, 5.443337059604363e-23, nan 
173.375, 80.375, 5.665902756075664e-23, nan 
173.625, 80.375, 5.1633204772859584e-23, nan 
173.875, 80.375, 4.343626505806886e-23, nan 
174.125, 80.375, 4.672964486695351e-23, nan 
174.375, 80.375, 4.8028286729562493e-23, nan 
174.625, 80.375, 4.8470433888994104e-23, nan 
174.875, 80.375, 4.6339654163130005e-23, nan 
175.125, 80.375, 4.3212022955018457e-23, nan 
175.375, 80.375, 4.5264125420099277e-23, nan 
175.625, 80.375, 4.8421376145810395e-23, nan 
175.875, 80.375, 4.1496433731188886e-23, nan 
176.125, 80.375, 4.441286241832342e-23, nan 
176.375, 80.375, 4.842483468869429e-23, nan 
176.625, 80.375, 5.1141913769218986e-23, nan 
176.875, 80.375, 5.131396429076173e-23, nan 
177.125, 80.375, 4.545080316447962e-23, nan 
177.375, 80.375, 4.3424048735679607e-23, nan 
177.625, 80.375, 3.949299204384665e-23, nan 
177.875, 80.375, 4.6484843647852565e-23, nan 
178.125, 80.375, 3.751651933603313e-23, nan 
178.375, 80.375, 3.979022212364865e-23, nan 
178.625, 80.375, 4.193896885685215e-23, nan 
178.875, 80.375, 3.926052454221014e-23, nan 
179.125, 80.375, 4.107059118020756e-23, nan 
179.375, 80.375, 3.740811528088923e-23, nan 
179.625, 80.375, 3.207375522666325e-23, nan 
179.875, 80.375, 3.5343652835789324e-23, nan 
-179.875, 80.625, 2.4995111454179804e-23, nan 
-179.625, 80.625, 2.1755005063832664e-23, nan 
-179.375, 80.625, 2.3262482961715068e-23, nan 
-179.125, 80.625, 2.058916725440079e-23, nan 
-178.875, 80.625, 2.0408030249147897e-23, nan 
-178.625, 80.625, 2.0678558623266752e-23, nan 
-178.375, 80.625, 1.9625638633785344e-23, nan 
-178.125, 80.625, 2.152710919722901e-23, nan 
-177.875, 80.625, 1.813601091473991e-23, nan 
-177.625, 80.625, 1.950546583951137e-23, nan 
-177.375, 80.625, 1.832986973457318e-23, nan 
-177.125, 80.625, 1.7044536231954185e-23, nan 
-176.875, 80.625, 1.5119984376322965e-23, nan 
-176.625, 80.625, 1.7223130540269652e-23, nan 
-176.375, 80.625, 1.4526810262040263e-23, nan 
-176.125, 80.625, 1.3879761347373842e-23, nan 
-175.875, 80.625, 1.286024130033109e-23, nan 
-175.625, 80.625, 1.2011660179077821e-23, nan 
-175.375, 80.625, 1.1014592890477217e-23, nan 
-175.125, 80.625, 9.783299161251485e-24, nan 
-174.875, 80.625, 7.73176686561598e-24, nan 
-174.625, 80.625, 6.366133613050549e-24, nan 
-174.375, 80.625, 5.9655956177503025e-24, nan 
-174.125, 80.625, 4.5431069520151224e-24, nan 
-173.875, 80.625, 4.250503621291515e-24, nan 
-173.625, 80.625, 3.595262748033534e-24, nan 
-173.375, 80.625, 3.6529921559850864e-24, nan 
-173.125, 80.625, 3.7430253247890415e-24, nan 
-172.875, 80.625, 3.844549959419269e-24, nan 
-172.625, 80.625, 4.721052071501033e-24, nan 
-172.375, 80.625, 4.768415147407467e-24, nan 
-172.125, 80.625, 4.1946284621147605e-24, nan 
-171.875, 80.625, 4.202449909745439e-24, nan 
-171.625, 80.625, 5.275808398198895e-24, nan 
-171.375, 80.625, 5.99913522628743e-24, nan 
-171.125, 80.625, 6.891149040945749e-24, nan 
-170.875, 80.625, 7.750084323288516e-24, nan 
-170.625, 80.625, 7.874580915258652e-24, nan 
-170.375, 80.625, 6.893884030281944e-24, nan 
-170.125, 80.625, 5.9313877611768475e-24, nan 
-169.875, 80.625, 5.9069517187974404e-24, nan 
-169.625, 80.625, 5.743307571865826e-24, nan 
-169.375, 80.625, 6.1181232810285685e-24, nan 
-169.125, 80.625, 5.684312658817766e-24, nan 
-168.875, 80.625, 5.3409314768705955e-24, nan 
-168.625, 80.625, 6.066885136117632e-24, nan 
-168.375, 80.625, 7.650433574886162e-24, nan 
-168.125, 80.625, 6.322348311091128e-24, nan 
-167.875, 80.625, 6.250600545253863e-24, nan 
-167.625, 80.625, 6.352201195984241e-24, nan 
-167.375, 80.625, 7.27310931463177e-24, nan 
-167.125, 80.625, 7.529601992255017e-24, nan 
-166.875, 80.625, 6.650559129353649e-24, nan 
-166.625, 80.625, 6.994617128868748e-24, nan 
-166.375, 80.625, 7.759808117863389e-24, nan 
-166.125, 80.625, 7.438348610203613e-24, nan 
-165.875, 80.625, 7.4221173864681e-24, nan 
-165.625, 80.625, 7.681522918736672e-24, nan 
-165.375, 80.625, 6.999688828876104e-24, nan 
-165.125, 80.625, 7.914204371485924e-24, nan 
-164.875, 80.625, 7.895289140793972e-24, nan 
-164.625, 80.625, 7.458394372073034e-24, nan 
-164.375, 80.625, 7.528034303769136e-24, nan 
-164.125, 80.625, 7.018371811554964e-24, nan 
-163.875, 80.625, 8.016520868230937e-24, nan 
-163.625, 80.625, 6.918987148389253e-24, nan 
-163.375, 80.625, 6.98157039922787e-24, nan 
-163.125, 80.625, 7.720972464309733e-24, nan 
-162.875, 80.625, 7.501108230785642e-24, nan 
-162.625, 80.625, 6.863783698362945e-24, nan 
-162.375, 80.625, 6.649615063146903e-24, nan 
-162.125, 80.625, 7.66718226243322e-24, nan 
-161.875, 80.625, 6.963113815497785e-24, nan 
-161.625, 80.625, 7.23123073673952e-24, nan 
-161.375, 80.625, 6.885749146738629e-24, nan 
-161.125, 80.625, 6.4099036261435575e-24, nan 
-160.875, 80.625, 6.4733759255990365e-24, nan 
-160.625, 80.625, 7.027396370826665e-24, nan 
-160.375, 80.625, 6.737848751625603e-24, nan 
-160.125, 80.625, 6.80831766633696e-24, nan 
-159.875, 80.625, 6.623738001208646e-24, nan 
-159.625, 80.625, 6.5822875641987086e-24, nan 
-159.375, 80.625, 6.364901518970894e-24, nan 
-159.125, 80.625, 6.3485636411244656e-24, nan 
-158.875, 80.625, 6.717074908858409e-24, nan 
-158.625, 80.625, 6.2303322675748965e-24, nan 
-158.375, 80.625, 5.837630773132446e-24, nan 
-158.125, 80.625, 6.09544175708237e-24, nan 
-157.875, 80.625, 5.797929406465282e-24, nan 
-157.625, 80.625, 6.049542021917116e-24, nan 
-157.375, 80.625, 6.428263837921752e-24, nan 
-157.125, 80.625, 5.726479195629376e-24, nan 
-156.875, 80.625, 5.581905301420928e-24, nan 
-156.625, 80.625, 5.604633920189355e-24, nan 
-156.375, 80.625, 5.6112420914449276e-24, nan 
-156.125, 80.625, 5.417483180457133e-24, nan 
-155.875, 80.625, 5.2303710067508535e-24, nan 
-155.625, 80.625, 5.513098293644756e-24, nan 
-155.375, 80.625, 5.029092288300476e-24, nan 
-155.125, 80.625, 5.488274029901737e-24, nan 
-154.875, 80.625, 4.799470250714734e-24, nan 
-154.625, 80.625, 4.9608850419182805e-24, nan 
-154.375, 80.625, 4.96160294497795e-24, nan 
-154.125, 80.625, 4.685142757286105e-24, nan 
-153.875, 80.625, 4.555045797457974e-24, nan 
-153.625, 80.625, 4.767000550668076e-24, nan 
-153.375, 80.625, 4.462163656334657e-24, nan 
-153.125, 80.625, 4.4607217338927534e-24, nan 
-152.875, 80.625, 4.382948891320513e-24, nan 
-152.625, 80.625, 3.9995378355923975e-24, nan 
-152.375, 80.625, 4.380129820287404e-24, nan 
-152.125, 80.625, 4.2810443080612474e-24, nan 
-151.875, 80.625, 4.013342568739433e-24, nan 
-151.625, 80.625, 4.0958506957039725e-24, nan 
-151.375, 80.625, 3.88329026873904e-24, nan 
-151.125, 80.625, 3.715196523856307e-24, nan 
-150.875, 80.625, 4.044613139075745e-24, nan 
-150.625, 80.625, 3.7051970025133614e-24, nan 
-150.375, 80.625, 3.508400377562435e-24, nan 
-150.125, 80.625, 3.802831550339018e-24, nan 
-149.875, 80.625, 3.1958426099356284e-24, nan 
-149.625, 80.625, 3.399943911715e-24, nan 
-149.375, 80.625, 3.439463901763457e-24, nan 
-149.125, 80.625, 3.135122071189035e-24, nan 
-148.875, 80.625, 3.0198591409889348e-24, nan 
-148.625, 80.625, 3.359603288988035e-24, nan 
-148.375, 80.625, 3.171720217650532e-24, nan 
-148.125, 80.625, 2.92381246381562e-24, nan 
-147.875, 80.625, 2.9589571846810617e-24, nan 
-147.625, 80.625, 2.75233589200387e-24, nan 
-147.375, 80.625, 2.8647592520219462e-24, nan 
-147.125, 80.625, 2.817797552638254e-24, nan 
-146.875, 80.625, 2.5353805048551772e-24, nan 
-146.625, 80.625, 2.668473040122889e-24, nan 
-146.375, 80.625, 2.359739683372679e-24, nan 
-146.125, 80.625, 2.279392336459559e-24, nan 
-145.875, 80.625, 2.4344078167581088e-24, nan 
-145.625, 80.625, 2.182524402238914e-24, nan 
-145.375, 80.625, 2.265026813064031e-24, nan 
-145.125, 80.625, 2.3266179454203095e-24, nan 
-144.875, 80.625, 2.2661131899065277e-24, nan 
-144.625, 80.625, 2.12975269577498e-24, nan 
-144.375, 80.625, 2.1590460364068898e-24, nan 
-144.125, 80.625, 2.009607559797657e-24, nan 
-143.875, 80.625, 1.8471806934398178e-24, nan 
-143.625, 80.625, 2.09656202164589e-24, nan 
-143.375, 80.625, 1.9313450674180874e-24, nan 
-143.125, 80.625, 1.8715138587786e-24, nan 
-142.875, 80.625, 1.8883766342282976e-24, nan 
-142.625, 80.625, 1.7538343918599846e-24, nan 
-142.375, 80.625, 1.8511905288131007e-24, nan 
-142.125, 80.625, 1.781060551493409e-24, nan 
-141.875, 80.625, 1.5666509585021973e-24, nan 
-141.625, 80.625, 1.7236897931467977e-24, nan 
-141.375, 80.625, 1.5696630080455274e-24, nan 
-141.125, 80.625, 1.542694819499251e-24, nan 
-140.875, 80.625, 1.5914506596707446e-24, nan 
-140.625, 80.625, 1.4953676608202452e-24, nan 
-140.375, 80.625, 1.5813610130074385e-24, nan 
-140.125, 80.625, 1.40697054815149e-24, nan 
-139.875, 80.625, 1.5487616789525829e-24, nan 
-139.625, 80.625, 1.388173353493132e-24, nan 
-139.375, 80.625, 1.4785145604896284e-24, nan 
-139.125, 80.625, 1.3982567755855972e-24, nan 
-138.875, 80.625, 1.4858586286547894e-24, nan 
-138.625, 80.625, 1.3799722036347224e-24, nan 
-138.375, 80.625, 1.34018725971068e-24, nan 
-138.125, 80.625, 1.3798228158891457e-24, nan 
-137.875, 80.625, 1.3436752883257454e-24, nan 
-137.625, 80.625, 1.323720202598472e-24, nan 
-137.375, 80.625, 1.3195074711651779e-24, nan 
-137.125, 80.625, 1.2792694029500445e-24, nan 
-136.875, 80.625, 1.2520561698103872e-24, nan 
-136.625, 80.625, 1.2721289235764848e-24, nan 
-136.375, 80.625, 1.2465200045966556e-24, nan 
-136.125, 80.625, 1.161949999235894e-24, nan 
-135.875, 80.625, 1.200221553613411e-24, nan 
-135.625, 80.625, 1.3583388639948496e-24, nan 
-135.375, 80.625, 1.1515157176219365e-24, nan 
-135.125, 80.625, 1.0333785165153565e-24, nan 
-134.875, 80.625, 1.1713009486654743e-24, nan 
-134.625, 80.625, 1.2725052689616258e-24, nan 
-134.375, 80.625, 1.2841125399486439e-24, nan 
-134.125, 80.625, 1.1667557400861631e-24, nan 
-133.875, 80.625, 1.125600261160409e-24, nan 
-133.625, 80.625, 1.142938302754374e-24, nan 
-133.375, 80.625, 1.21312495391329e-24, nan 
-133.125, 80.625, 1.2511529847610114e-24, nan 
-132.875, 80.625, 1.1637290477636693e-24, nan 
-132.625, 80.625, 1.1898988725518713e-24, nan 
-132.375, 80.625, 1.2735213601533532e-24, nan 
-132.125, 80.625, 1.3019333676226365e-24, nan 
-131.875, 80.625, 1.297267019344549e-24, nan 
-131.625, 80.625, 1.4076298278743738e-24, nan 
-131.375, 80.625, 1.3795066486074061e-24, nan 
-131.125, 80.625, 1.3474241399350783e-24, nan 
-130.875, 80.625, 1.420323261185645e-24, nan 
-130.625, 80.625, 1.440457291866033e-24, nan 
-130.375, 80.625, 1.48551880037458e-24, nan 
-130.125, 80.625, 1.4919883563768973e-24, nan 
-129.875, 80.625, 1.5680320300816666e-24, nan 
-129.625, 80.625, 1.5514259826739121e-24, nan 
-129.375, 80.625, 1.572075382965514e-24, nan 
-129.125, 80.625, 1.5924329599596907e-24, nan 
-128.875, 80.625, 1.662398747920069e-24, nan 
-128.625, 80.625, 1.7409481772651712e-24, nan 
-128.375, 80.625, 1.7478209041808374e-24, nan 
-128.125, 80.625, 1.670725302062161e-24, nan 
-127.875, 80.625, 1.7515445409125778e-24, nan 
-127.625, 80.625, 1.7363729568325438e-24, nan 
-127.375, 80.625, 1.815361146363573e-24, nan 
-127.125, 80.625, 1.934533455378694e-24, nan 
-126.875, 80.625, 1.8741743515253414e-24, nan 
-126.625, 80.625, 2.0653926124334125e-24, nan 
-126.375, 80.625, 2.1263029588206345e-24, nan 
-126.125, 80.625, 2.092503414717947e-24, nan 
-125.875, 80.625, 2.207966957117755e-24, nan 
-125.625, 80.625, 2.456274254190059e-24, nan 
-125.375, 80.625, 2.5971463333983e-24, nan 
-125.125, 80.625, 2.480453293980668e-24, nan 
-124.875, 80.625, 2.515629324748613e-24, nan 
-124.625, 80.625, 2.8856673082153972e-24, nan 
-124.375, 80.625, 3.2834268982660503e-24, nan 
-30.125, 80.625, 2.131744541889996e-23, nan 
-29.875, 80.625, 2.546072028408947e-23, nan 
-29.625, 80.625, 2.600832587440252e-23, nan 
-29.375, 80.625, 2.5680382645190297e-23, nan 
-29.125, 80.625, 2.3110814842048567e-23, nan 
-28.875, 80.625, 2.061722229787825e-23, nan 
-28.625, 80.625, 1.7007104087036646e-23, nan 
-28.375, 80.625, 2.1880690633745574e-23, nan 
-28.125, 80.625, 2.3627346026449153e-23, nan 
-27.875, 80.625, 2.2664501681750772e-23, nan 
-27.625, 80.625, 1.9869239827351746e-23, nan 
-27.375, 80.625, 1.5194313330292136e-23, nan 
-27.125, 80.625, 1.3006230364419262e-23, nan 
-26.875, 80.625, 7.873943393646936e-24, nan 
-26.625, 80.625, 4.883804524951627e-24, nan 
-26.375, 80.625, 5.2761874819864476e-24, nan 
-26.125, 80.625, 6.5675235327579294e-24, nan 
-25.875, 80.625, 1.2062736106030375e-23, nan 
-25.625, 80.625, 1.1032894728353061e-23, nan 
-25.375, 80.625, 1.0908074900718393e-23, nan 
-25.125, 80.625, 7.086824197081102e-24, nan 
-24.875, 80.625, 4.224684010259895e-24, nan 
-24.625, 80.625, 2.8580408685756184e-24, nan 
-24.375, 80.625, 5.23510087310048e-24, nan 
-24.125, 80.625, 1.3678308565520155e-23, nan 
-23.875, 80.625, 1.47393165946431e-23, nan 
-23.625, 80.625, 1.7916537362360619e-23, nan 
-23.375, 80.625, 1.7496335948636258e-23, nan 
-23.125, 80.625, 2.2894115784744832e-23, nan 
-22.875, 80.625, 1.9331239619847912e-23, nan 
-22.625, 80.625, 1.6276124345012527e-23, nan 
-22.375, 80.625, 1.49709231184862e-23, nan 
-22.125, 80.625, 1.3302679164463868e-23, nan 
-21.875, 80.625, 1.371874818544561e-23, nan 
-21.625, 80.625, 1.3223273700817252e-23, nan 
-21.375, 80.625, 1.2953827635300277e-23, nan 
-21.125, 80.625, 1.3054058114459063e-23, nan 
-20.875, 80.625, 9.939113518392311e-24, nan 
-20.625, 80.625, 8.225364572776041e-24, nan 
-20.375, 80.625, 5.7480072515920404e-24, nan 
-20.125, 80.625, 4.170126432696393e-24, nan 
-19.875, 80.625, 4.65565134640227e-24, nan 
-19.625, 80.625, 9.673890644004663e-24, nan 
-19.375, 80.625, 8.351983762991284e-24, nan 
-19.125, 80.625, 9.368730802851842e-24, nan 
-18.875, 80.625, 1.1822585925237496e-23, nan 
-18.625, 80.625, 8.382063523534466e-24, nan 
-18.375, 80.625, 6.909002593942724e-24, nan 
-18.125, 80.625, 1.202413856085651e-23, nan 
-17.875, 80.625, 2.8118542768794644e-23, nan 
-17.625, 80.625, 2.6649702159802745e-23, nan 
-17.375, 80.625, 2.717147818358371e-23, nan 
-17.125, 80.625, 3.022956123071737e-23, nan 
-16.875, 80.625, 2.579546686029586e-23, nan 
-16.625, 80.625, 1.69324012586629e-23, nan 
-16.375, 80.625, 2.3518663844566139e-23, nan 
-16.125, 80.625, 2.783377285131529e-23, nan 
-15.875, 80.625, 2.6271267270464407e-23, nan 
-15.625, 80.625, 2.740292605345293e-23, nan 
-15.375, 80.625, 3.0440107705508337e-23, nan 
-15.125, 80.625, 2.903349196027758e-23, nan 
-14.875, 80.625, 2.3059011806394896e-23, nan 
-14.625, 80.625, 1.2133862372463817e-23, nan 
-14.375, 80.625, 1.1312685791043271e-23, nan 
-14.125, 80.625, 5.373446719783468e-24, nan 
-13.875, 80.625, 4.61542922132741e-24, nan 
-13.625, 80.625, 3.8125371489322e-24, nan 
-13.375, 80.625, 4.422530167797675e-24, nan 
-13.125, 80.625, 5.220361550411483e-24, nan 
-12.875, 80.625, 4.867212887849465e-24, nan 
-12.625, 80.625, 3.4922354007785716e-24, nan 
-12.375, 80.625, 3.3122812307605886e-24, nan 
-12.125, 80.625, 2.917471842176763e-24, nan 
-11.875, 80.625, 5.7302080794279485e-24, nan 
-11.625, 80.625, 5.443096665269848e-24, nan 
-11.375, 80.625, 3.471085135873239e-24, nan 
-11.125, 80.625, 2.9064277338411867e-24, nan 
-10.875, 80.625, 7.598226614671654e-24, nan 
-10.625, 80.625, 1.4034496422498586e-23, nan 
-10.375, 80.625, 1.2945406757449259e-23, nan 
-10.125, 80.625, 3.787072212555269e-24, nan 
-9.875, 80.625, 8.25256585750207e-24, nan 
-9.625, 80.625, 6.794989950451765e-24, nan 
-9.375, 80.625, 1.191324505829738e-23, nan 
-9.125, 80.625, 2.087124059360389e-23, nan 
-8.875, 80.625, 3.443544191760431e-23, nan 
-8.625, 80.625, 3.073699795504953e-23, nan 
-8.375, 80.625, 1.862885400442976e-23, nan 
-8.125, 80.625, 1.867088990455357e-23, nan 
-7.875, 80.625, 1.912409664836189e-23, nan 
-7.625, 80.625, 2.096365466192985e-23, nan 
-7.375, 80.625, 2.2602503446691576e-23, nan 
-7.125, 80.625, 2.067497406237846e-23, nan 
-6.875, 80.625, 1.9453939317370866e-23, nan 
-6.625, 80.625, 7.094130897826355e-24, nan 
-6.375, 80.625, 3.374243064036191e-24, nan 
-6.125, 80.625, 4.363160338406058e-24, nan 
-5.875, 80.625, 4.985028754036036e-24, nan 
-5.625, 80.625, 6.78571965925244e-24, nan 
-5.375, 80.625, 5.91581190233879e-24, nan 
-5.125, 80.625, 4.907114737086759e-24, nan 
-4.875, 80.625, 5.440311165177328e-24, nan 
-4.625, 80.625, 5.033163317605008e-24, nan 
-4.375, 80.625, 4.792393221818973e-24, nan 
-4.125, 80.625, 8.269982914513807e-24, nan 
-3.875, 80.625, 9.655777141352085e-24, nan 
-3.625, 80.625, 8.85476538551395e-24, nan 
-3.375, 80.625, 6.144292299511547e-24, nan 
-3.125, 80.625, 6.062146063906019e-24, nan 
-2.875, 80.625, 7.050113694186967e-24, nan 
-2.625, 80.625, 7.311899426663389e-24, nan 
-2.375, 80.625, 8.87557240688119e-24, nan 
-2.125, 80.625, 1.0806585348516408e-23, nan 
-1.875, 80.625, 1.1926992919455384e-23, nan 
-1.625, 80.625, 1.2234808821245891e-23, nan 
-1.375, 80.625, 1.2879838386837329e-23, nan 
-1.125, 80.625, 1.2959588139664723e-23, nan 
-0.875, 80.625, 1.3265432569957236e-23, nan 
-0.625, 80.625, 1.2201975625708682e-23, nan 
-0.375, 80.625, 1.4089959426656298e-23, nan 
-0.125, 80.625, 1.4892634310323299e-23, nan 
0.125, 80.625, 1.9071160680972468e-23, nan 
0.375, 80.625, 2.7074619700017853e-23, nan 
0.625, 80.625, 3.345287231504347e-23, nan 
0.875, 80.625, 2.465825702127867e-23, nan 
1.125, 80.625, 1.4441023215244522e-23, nan 
1.375, 80.625, 7.218365359299138e-24, nan 
1.625, 80.625, 8.84415109876528e-24, nan 
1.875, 80.625, 1.7738575881772152e-23, nan 
2.125, 80.625, 3.834545287448858e-23, nan 
2.375, 80.625, 5.36060016345514e-23, nan 
2.625, 80.625, 3.718796743070526e-23, nan 
2.875, 80.625, 3.3230247565648814e-23, nan 
3.125, 80.625, 3.522010342879875e-23, nan 
3.375, 80.625, 2.9194435797034893e-23, nan 
3.625, 80.625, 2.6142458949885358e-23, nan 
3.875, 80.625, 3.7940462776203385e-23, nan 
4.125, 80.625, 3.519606556059611e-23, nan 
4.375, 80.625, 2.6109690588556642e-23, nan 
4.625, 80.625, 1.5438037774239454e-23, nan 
4.875, 80.625, 1.2581618781945672e-23, nan 
5.125, 80.625, 1.550739947606172e-23, nan 
5.375, 80.625, 1.2940475581415329e-23, nan 
5.625, 80.625, 9.335352719357087e-24, nan 
5.875, 80.625, 8.42901502136863e-24, nan 
6.125, 80.625, 1.0451897424983208e-23, nan 
6.375, 80.625, 9.505125372973916e-24, nan 
6.625, 80.625, 1.0422100132240265e-23, nan 
6.875, 80.625, 1.0820730326037724e-23, nan 
7.125, 80.625, 1.0294697163823223e-23, nan 
7.375, 80.625, 1.25547185741954e-23, nan 
7.625, 80.625, 1.7307672516793796e-23, nan 
7.875, 80.625, 2.4644293960642647e-23, nan 
8.125, 80.625, 3.422938825924288e-23, nan 
8.375, 80.625, 3.000293648801432e-23, nan 
8.625, 80.625, 2.9981950340998924e-23, nan 
8.875, 80.625, 2.6272874896616932e-23, nan 
9.125, 80.625, 1.9574229468465234e-23, nan 
9.375, 80.625, 2.1083865326180245e-23, nan 
9.625, 80.625, 3.9543797374844714e-23, nan 
9.875, 80.625, 6.286471814288636e-23, nan 
10.125, 80.625, 5.943441961720738e-23, nan 
10.375, 80.625, 5.900778232367862e-23, nan 
10.625, 80.625, 4.7621021998399744e-23, nan 
10.875, 80.625, 3.5174244500524095e-23, nan 
11.125, 80.625, 3.601933326004831e-23, nan 
11.375, 80.625, 4.514506357654059e-23, nan 
11.625, 80.625, 4.5790070519402686e-23, nan 
11.875, 80.625, 3.6235496024606776e-23, nan 
12.125, 80.625, 2.884096076628988e-23, nan 
12.375, 80.625, 1.817246832151723e-23, nan 
12.625, 80.625, 2.717363633825601e-23, nan 
12.875, 80.625, 3.710395969074748e-23, nan 
13.125, 80.625, 4.876944522752714e-23, nan 
13.375, 80.625, 5.601216044070281e-23, nan 
13.625, 80.625, 4.6464299979380486e-23, nan 
13.875, 80.625, 4.1286122590100504e-23, nan 
14.125, 80.625, 3.469273292135641e-23, nan 
14.375, 80.625, 3.670464081431572e-23, nan 
14.625, 80.625, 3.558437229419246e-23, nan 
14.875, 80.625, 3.7071472578172056e-23, nan 
15.125, 80.625, 4.8211894847100586e-23, nan 
15.375, 80.625, 4.0591652872803e-23, nan 
15.625, 80.625, 4.8559313592649037e-23, nan 
15.875, 80.625, 4.633100925568039e-23, nan 
16.125, 80.625, 5.127663335509802e-23, nan 
16.375, 80.625, 4.905740325736916e-23, nan 
16.625, 80.625, 4.7054532342093646e-23, nan 
16.875, 80.625, 4.362782897174626e-23, nan 
17.125, 80.625, 5.15999840678998e-23, nan 
17.375, 80.625, 5.050109458005616e-23, nan 
17.625, 80.625, 4.7918115534422875e-23, nan 
17.875, 80.625, 1.8263820481114652e-23, nan 
18.125, 80.625, 4.5079264054079834e-23, nan 
18.375, 80.625, 4.5203459155181805e-23, nan 
18.625, 80.625, 4.9852264690750634e-23, nan 
18.875, 80.625, 5.399392146251111e-23, nan 
19.125, 80.625, 5.871485504775779e-23, nan 
19.375, 80.625, 5.836870284549986e-23, nan 
19.625, 80.625, 6.018211904980276e-23, nan 
19.875, 80.625, 4.032971245419119e-23, nan 
20.125, 80.625, 2.7775633470849914e-23, nan 
20.375, 80.625, 2.515600492213522e-23, nan 
20.625, 80.625, 3.282262602230056e-23, nan 
20.875, 80.625, 5.563793960489046e-23, nan 
21.125, 80.625, 6.614708810282395e-23, nan 
21.375, 80.625, 6.929146367031345e-23, nan 
21.625, 80.625, 4.732940106384692e-23, nan 
21.875, 80.625, 9.082105246692781e-23, nan 
22.125, 80.625, 8.721048860873775e-23, nan 
22.375, 80.625, 8.308435825289961e-23, nan 
22.625, 80.625, 8.372115456799816e-23, nan 
22.875, 80.625, 7.891420030708496e-23, nan 
23.125, 80.625, 3.060664163361295e-23, nan 
23.375, 80.625, 6.873056850950434e-23, nan 
23.625, 80.625, 9.427032950952666e-23, nan 
23.875, 80.625, 1.1462595139232996e-22, nan 
24.125, 80.625, 1.1242375601408578e-22, nan 
24.375, 80.625, 1.0854892875170481e-22, nan 
24.625, 80.625, 8.500193120848291e-23, nan 
24.875, 80.625, 4.4010053373455224e-23, nan 
25.125, 80.625, 1.1182389357398095e-22, nan 
25.375, 80.625, 8.520098333217187e-23, nan 
25.625, 80.625, 1.0086228409934567e-22, nan 
25.875, 80.625, 8.228222339672112e-23, nan 
26.125, 80.625, 6.39587942857259e-23, nan 
26.375, 80.625, 4.203236042578853e-23, nan 
26.625, 80.625, 7.038596629178535e-23, nan 
26.875, 80.625, 9.588900430915498e-23, nan 
27.125, 80.625, 7.537400732634929e-23, nan 
27.375, 80.625, 8.3818530678227e-23, nan 
27.625, 80.625, 7.129265114699889e-23, nan 
27.875, 80.625, 6.288967574097447e-23, nan 
28.125, 80.625, 5.947468887054162e-23, nan 
28.375, 80.625, 5.333347629502145e-23, nan 
28.625, 80.625, 4.137892135413955e-23, nan 
28.875, 80.625, 5.2278250099404436e-23, nan 
29.125, 80.625, 5.137724741524113e-23, nan 
29.375, 80.625, 8.942076929860607e-23, nan 
29.625, 80.625, 7.248355306368891e-23, nan 
29.875, 80.625, 1.168109108703754e-22, nan 
30.125, 80.625, 7.373399064816988e-23, nan 
30.375, 80.625, 4.4967085444706475e-23, nan 
30.625, 80.625, 6.449826294092103e-23, nan 
30.875, 80.625, 8.028300462035633e-23, nan 
31.125, 80.625, 6.547225062524664e-23, nan 
31.375, 80.625, 6.038514199586178e-23, nan 
31.625, 80.625, 1.0458481827370745e-22, nan 
31.875, 80.625, 9.72933288342099e-23, nan 
32.125, 80.625, 1.2189912725505896e-22, nan 
32.375, 80.625, 1.2086791383718817e-22, nan 
32.625, 80.625, 1.517390857589557e-22, nan 
32.875, 80.625, 1.4233228618588659e-22, nan 
33.125, 80.625, 1.4790286863630932e-22, nan 
33.375, 80.625, 1.3864337847371517e-22, nan 
33.625, 80.625, 1.4389274712129722e-22, nan 
33.875, 80.625, 1.4959875004400793e-22, nan 
34.125, 80.625, 1.5492313067443598e-22, nan 
34.375, 80.625, 1.9263212481181054e-22, nan 
34.625, 80.625, 1.8018961235318637e-22, nan 
34.875, 80.625, 1.6261946614024286e-22, nan 
35.125, 80.625, 4.457968726790107e-23, nan 
35.375, 80.625, 8.587930382737217e-23, nan 
35.625, 80.625, 1.8629746462537765e-22, nan 
35.875, 80.625, 6.746554054194042e-23, nan 
36.125, 80.625, 1.6991773454617935e-22, nan 
36.375, 80.625, 1.4302321487091095e-22, nan 
36.625, 80.625, 1.8544067053386096e-22, nan 
36.875, 80.625, 2.292930744555816e-22, nan 
37.125, 80.625, 1.2734306284396507e-22, nan 
37.375, 80.625, 8.142158338301686e-23, nan 
37.625, 80.625, 5.018093832460846e-23, nan 
37.875, 80.625, 5.495678422883319e-23, nan 
38.125, 80.625, 8.214325672059695e-23, nan 
38.375, 80.625, 7.521278424838078e-23, nan 
38.625, 80.625, 8.424599014837065e-23, nan 
38.875, 80.625, 1.9963749679889777e-23, nan 
39.125, 80.625, 3.2442826538662133e-23, nan 
39.375, 80.625, 3.881760038968256e-23, nan 
39.625, 80.625, 3.604484408654847e-23, nan 
39.875, 80.625, 4.371045241975025e-23, nan 
40.125, 80.625, 6.672749231233429e-23, nan 
40.375, 80.625, 5.511165839056267e-23, nan 
40.625, 80.625, 7.168917474626825e-23, nan 
40.875, 80.625, 8.907426275739116e-23, nan 
41.125, 80.625, 7.826249931052058e-23, nan 
41.375, 80.625, 1.0271812063157821e-22, nan 
41.625, 80.625, 1.0271020095133775e-22, nan 
41.875, 80.625, 7.903724914715742e-23, nan 
42.125, 80.625, 1.314743076266516e-22, nan 
42.375, 80.625, 1.0783010191173983e-22, nan 
42.625, 80.625, 8.961836075090802e-23, nan 
42.875, 80.625, 8.121086615057231e-23, nan 
43.125, 80.625, 1.5160326699204204e-22, nan 
43.375, 80.625, 6.499720452649072e-23, nan 
43.625, 80.625, 9.315111346993509e-23, nan 
43.875, 80.625, 9.994100302970651e-23, nan 
44.125, 80.625, 9.715352012502442e-23, nan 
44.375, 80.625, 1.0516066837636084e-22, nan 
44.625, 80.625, 1.1490776271642048e-22, nan 
44.875, 80.625, 1.086519951320887e-22, nan 
45.125, 80.625, 9.280254012383537e-23, nan 
45.375, 80.625, 9.899421505866158e-23, nan 
45.625, 80.625, 8.232433237228168e-23, nan 
45.875, 80.625, 7.396238209964572e-23, nan 
46.125, 80.625, 3.32379328774527e-23, nan 
46.375, 80.625, 3.064903546621526e-23, nan 
46.625, 80.625, 5.423409609511848e-23, nan 
46.875, 80.625, 6.137799994381546e-23, nan 
47.125, 80.625, 1.4557324228079304e-23, nan 
47.375, 80.625, 2.414239970022541e-23, nan 
47.625, 80.625, 1.4902865473557848e-23, nan 
47.875, 80.625, 1.4810342385399557e-23, nan 
48.125, 80.625, 1.342682982972794e-23, nan 
48.375, 80.625, 1.465716227158149e-23, nan 
48.625, 80.625, 2.0713617731910083e-23, nan 
48.875, 80.625, 2.1721134490653823e-23, nan 
49.125, 80.625, 1.9617808126712954e-23, nan 
49.375, 80.625, 1.8968719162329716e-23, nan 
49.625, 80.625, 3.838259412751432e-23, nan 
49.875, 80.625, 2.689123629840672e-23, nan 
50.125, 80.625, 4.8870890548385094e-23, nan 
50.375, 80.625, 3.4950121327814257e-23, nan 
50.625, 80.625, 3.371698263716774e-23, nan 
50.875, 80.625, 2.671819573951668e-23, nan 
51.125, 80.625, 2.271398652929478e-23, nan 
51.375, 80.625, 2.3134666739989176e-23, nan 
51.625, 80.625, 1.756541411432578e-23, nan 
51.875, 80.625, 4.613480433572008e-23, nan 
52.125, 80.625, 5.1490222842670705e-23, nan 
52.375, 80.625, 5.965847819755067e-23, nan 
52.625, 80.625, 6.804135397993709e-23, nan 
52.875, 80.625, 5.10501934136303e-23, nan 
53.125, 80.625, 8.645578943426773e-23, nan 
53.375, 80.625, 4.646272764088748e-23, nan 
53.625, 80.625, 1.0972517840775417e-22, nan 
53.875, 80.625, 1.0241532125028991e-22, nan 
54.125, 80.625, 6.714197568661131e-23, nan 
54.375, 80.625, 1.3849712129743391e-22, nan 
54.625, 80.625, 2.310405449233111e-22, nan 
54.875, 80.625, 3.7347906211756834e-23, nan 
55.125, 80.625, 3.0626909164414507e-23, nan 
55.375, 80.625, 5.209994718268146e-23, nan 
55.625, 80.625, 8.583925904422648e-23, nan 
55.875, 80.625, 1.0309597676727015e-22, nan 
56.125, 80.625, 9.06972421246297e-23, nan 
56.375, 80.625, 1.1475857826240527e-22, nan 
56.625, 80.625, 1.1443616110830623e-22, nan 
56.875, 80.625, 1.387880699453808e-22, nan 
57.125, 80.625, 1.311639873282232e-22, nan 
57.375, 80.625, 1.6060235574150985e-22, nan 
57.625, 80.625, 2.0215082506015638e-22, nan 
57.875, 80.625, 4.72220282390359e-22, nan 
58.125, 80.625, 3.9030384598036966e-22, nan 
58.375, 80.625, 4.1202901397889462e-22, nan 
58.625, 80.625, 2.4930931896509153e-22, nan 
58.875, 80.625, 3.200679073092308e-22, nan 
59.125, 80.625, 2.935165187071825e-22, nan 
59.375, 80.625, 2.987866667370761e-22, nan 
59.625, 80.625, 2.708968195076302e-22, nan 
59.875, 80.625, 2.469481030570203e-22, nan 
60.125, 80.625, 2.336457801064855e-22, nan 
60.375, 80.625, 1.6451518306710645e-22, nan 
60.625, 80.625, 1.94871610334697e-22, nan 
60.875, 80.625, 1.8371284237813774e-22, nan 
61.125, 80.625, 1.7147694227321111e-22, nan 
61.375, 80.625, 1.572981150056358e-22, nan 
61.625, 80.625, 1.4515703219414446e-22, nan 
61.875, 80.625, 1.3566077095825763e-22, nan 
62.125, 80.625, 1.170646716873649e-22, nan 
62.375, 80.625, 1.5336656023573104e-22, nan 
62.625, 80.625, 1.197526280734888e-22, nan 
62.875, 80.625, 1.6985343118239984e-22, nan 
63.125, 80.625, 1.400234766170736e-22, nan 
63.375, 80.625, 1.5942149701895007e-22, nan 
63.625, 80.625, 1.5477884882526638e-22, nan 
63.875, 80.625, 1.348371130413368e-22, nan 
64.125, 80.625, 1.167717982934119e-22, nan 
64.375, 80.625, 1.0030613926382932e-22, nan 
64.625, 80.625, 1.1796216288880423e-22, nan 
64.875, 80.625, 1.0849042217266698e-22, nan 
65.125, 80.625, 1.0816789243864005e-22, nan 
65.375, 80.625, 1.1519976633316749e-22, nan 
65.625, 80.625, 1.1243896863275765e-22, nan 
65.875, 80.625, 1.030950057017396e-22, nan 
66.125, 80.625, 1.2707133651349884e-22, nan 
66.375, 80.625, 1.8551971936052675e-22, nan 
66.625, 80.625, 1.416645269360719e-22, nan 
66.875, 80.625, 1.6499291359029967e-22, nan 
67.125, 80.625, 1.0459606295593832e-22, nan 
67.375, 80.625, 1.3273184902317692e-22, nan 
67.625, 80.625, 1.358394072308851e-22, nan 
67.875, 80.625, 1.429067873348956e-22, nan 
68.125, 80.625, 1.652966581413667e-22, nan 
68.375, 80.625, 1.8347067910726412e-22, nan 
68.625, 80.625, 1.8090569845193958e-22, nan 
68.875, 80.625, 1.8721220739598966e-22, nan 
69.125, 80.625, 1.7445136703988615e-22, nan 
69.375, 80.625, 1.6027721474174378e-22, nan 
69.625, 80.625, 2.0070537270518416e-22, nan 
69.875, 80.625, 2.2633430984148113e-22, nan 
70.125, 80.625, 2.3502641664587527e-22, nan 
70.375, 80.625, 2.440666307550475e-22, nan 
70.625, 80.625, 2.5254330297582245e-22, nan 
70.875, 80.625, 2.6024720789102923e-22, nan 
71.125, 80.625, 2.4188893893894133e-22, nan 
71.375, 80.625, 2.0958051391655612e-22, nan 
71.625, 80.625, 2.716036012993052e-22, nan 
71.875, 80.625, 7.901367019275125e-22, nan 
72.125, 80.625, 9.92811629286558e-22, nan 
72.375, 80.625, 8.614890240895794e-22, nan 
72.625, 80.625, 6.171929002104145e-22, nan 
72.875, 80.625, 5.802681793790489e-22, nan 
73.125, 80.625, 7.788706081575678e-22, nan 
73.375, 80.625, 7.171281210492353e-22, nan 
73.625, 80.625, 7.778576519909146e-22, nan 
73.875, 80.625, 6.746412304931277e-22, nan 
74.125, 80.625, 6.627570756642826e-22, nan 
74.375, 80.625, 6.107259410612308e-22, nan 
74.625, 80.625, 4.965752927079951e-22, nan 
74.875, 80.625, 3.7635778701669737e-22, nan 
75.125, 80.625, 2.9519298164936593e-22, nan 
75.375, 80.625, 2.9694413187221535e-22, nan 
75.625, 80.625, 2.5420351516062656e-22, nan 
75.875, 80.625, 2.8083803333994854e-22, nan 
76.125, 80.625, 3.2434093237377612e-22, nan 
76.375, 80.625, 2.8813848332768175e-22, nan 
76.625, 80.625, 3.097030739051587e-22, nan 
76.875, 80.625, 2.822584722985134e-22, nan 
77.125, 80.625, 2.737956215109566e-22, nan 
77.375, 80.625, 2.814390845787682e-22, nan 
77.625, 80.625, 2.8743489529392725e-22, nan 
77.875, 80.625, 3.700443787659332e-22, nan 
78.125, 80.625, 4.584499119083724e-22, nan 
78.375, 80.625, 4.835390403989386e-22, nan 
78.625, 80.625, 6.0478998210234025e-22, nan 
78.875, 80.625, 6.576725950887498e-22, nan 
79.125, 80.625, 7.377395788641219e-22, nan 
79.375, 80.625, 8.49188662931827e-22, nan 
79.625, 80.625, 7.576630126110798e-22, nan 
79.875, 80.625, 5.825575806035438e-22, nan 
80.125, 80.625, 7.700776371046201e-22, nan 
80.375, 80.625, 7.052329499334697e-22, nan 
80.625, 80.625, 6.040592124075736e-22, nan 
80.875, 80.625, 5.944027075254035e-22, nan 
81.125, 80.625, 6.548507032589919e-22, nan 
81.375, 80.625, 5.020165080498955e-22, nan 
81.625, 80.625, 5.533889957019547e-22, nan 
81.875, 80.625, 5.303139767606949e-22, nan 
82.125, 80.625, 4.657830569984287e-22, nan 
82.375, 80.625, 5.052246006327048e-22, nan 
82.625, 80.625, 4.923522779342826e-22, nan 
82.875, 80.625, 5.235356225294327e-22, nan 
83.125, 80.625, 5.333013257861021e-22, nan 
83.375, 80.625, 5.037182828596008e-22, nan 
83.625, 80.625, 4.701052446151495e-22, nan 
83.875, 80.625, 5.263150608106572e-22, nan 
84.125, 80.625, 5.305544617932853e-22, nan 
84.375, 80.625, 5.004595994315016e-22, nan 
84.625, 80.625, 4.913606802013476e-22, nan 
84.875, 80.625, 4.241530686237865e-22, nan 
85.125, 80.625, 3.622779315429732e-22, nan 
85.375, 80.625, 4.2711500709012435e-22, nan 
85.625, 80.625, 4.691868319789291e-22, nan 
85.875, 80.625, 4.887008898941673e-22, nan 
86.125, 80.625, 5.715732233664445e-22, nan 
86.375, 80.625, 4.800938442915662e-22, nan 
86.625, 80.625, 5.329954743003358e-22, nan 
86.875, 80.625, 5.509239001499723e-22, nan 
87.125, 80.625, 5.911326381860597e-22, nan 
87.375, 80.625, 5.580177028441268e-22, nan 
87.625, 80.625, 4.953643855385749e-22, nan 
87.875, 80.625, 4.944941499140501e-22, nan 
88.125, 80.625, 5.173303561859543e-22, nan 
88.375, 80.625, 4.441018850455379e-22, nan 
88.625, 80.625, 4.582809255647521e-22, nan 
88.875, 80.625, 5.378952869607048e-22, nan 
89.125, 80.625, 5.639968598651171e-22, nan 
89.375, 80.625, 6.3119341420923355e-22, nan 
89.625, 80.625, 7.274075327657341e-22, nan 
89.875, 80.625, 7.571116834625824e-22, nan 
90.125, 80.625, 6.834703420674265e-22, nan 
90.375, 80.625, 7.001770666671416e-22, nan 
90.625, 80.625, 6.179795201191013e-22, nan 
90.875, 80.625, 6.955230210147612e-22, nan 
91.125, 80.625, 7.10333779459729e-22, nan 
91.375, 80.625, 6.068013056255903e-22, nan 
91.625, 80.625, 5.568288417865577e-22, nan 
91.875, 80.625, 7.472676883060025e-22, nan 
92.125, 80.625, 7.504782914058984e-22, nan 
92.375, 80.625, 7.407635478161754e-22, nan 
92.625, 80.625, 6.199575076409495e-22, nan 
92.875, 80.625, 6.574189279477523e-22, nan 
93.125, 80.625, 6.240142666776503e-22, nan 
93.375, 80.625, 4.272440364785667e-22, nan 
93.625, 80.625, 3.581372567762429e-22, nan 
93.875, 80.625, 4.543502458625064e-22, nan 
94.125, 80.625, 3.1360441230295083e-22, nan 
94.375, 80.625, 2.9881074987655143e-22, nan 
94.625, 80.625, 2.534782392184931e-22, nan 
94.875, 80.625, 3.472190982875421e-22, nan 
95.125, 80.625, 5.266982021059231e-22, nan 
95.375, 80.625, 4.569699785632474e-22, nan 
95.625, 80.625, 5.077143840355121e-22, nan 
95.875, 80.625, 5.570047935426145e-22, nan 
96.125, 80.625, 4.2301451634472065e-22, nan 
96.375, 80.625, 3.429338599847564e-22, nan 
96.625, 80.625, 4.898545102217273e-22, nan 
96.875, 80.625, 3.3720421936608545e-22, nan 
97.125, 80.625, 3.880532455537065e-22, nan 
97.375, 80.625, 2.530204960267059e-22, nan 
97.625, 80.625, 4.3163138570553705e-22, nan 
97.875, 80.625, 3.4303149208512956e-22, nan 
98.125, 80.625, 2.5785726326955195e-22, nan 
98.375, 80.625, 3.184038516690328e-22, nan 
98.625, 80.625, 2.3191254875540762e-22, nan 
98.875, 80.625, 1.0234255006431171e-22, nan 
99.125, 80.625, 2.9078157921893404e-22, nan 
99.375, 80.625, 2.965806403678567e-22, nan 
99.625, 80.625, 3.829209535860484e-22, nan 
99.875, 80.625, 3.7583066689694883e-22, nan 
100.125, 80.625, 3.873854372487886e-22, nan 
100.375, 80.625, 5.302939486660633e-22, nan 
100.625, 80.625, 5.688860251954922e-22, nan 
100.875, 80.625, 5.549835492475152e-22, nan 
101.125, 80.625, 4.446308169501655e-22, nan 
101.375, 80.625, 3.925835712877308e-22, nan 
101.625, 80.625, 5.573062814034022e-22, nan 
101.875, 80.625, 6.386078521672847e-22, nan 
102.125, 80.625, 7.130509295698262e-22, nan 
102.375, 80.625, 8.637586276349673e-22, nan 
102.625, 80.625, 6.52643339135249e-22, nan 
102.875, 80.625, 5.998360114271747e-22, nan 
103.125, 80.625, 5.456620320781968e-22, nan 
103.375, 80.625, 5.8869798364633035e-22, nan 
103.625, 80.625, 1.0499528348775549e-21, nan 
103.875, 80.625, 7.96407334010387e-22, nan 
104.125, 80.625, 1.0922949249414594e-21, nan 
104.375, 80.625, 9.06740727266856e-22, nan 
104.625, 80.625, 1.2889025051637198e-21, nan 
104.875, 80.625, 1.0788539119718053e-21, nan 
105.125, 80.625, 9.18353526637613e-22, nan 
105.375, 80.625, 9.119416104571303e-22, nan 
105.625, 80.625, 7.845616319969506e-22, nan 
105.875, 80.625, 1.0182144622902046e-21, nan 
106.125, 80.625, 1.5141669636607302e-21, nan 
106.375, 80.625, 2.3012092731408304e-21, nan 
106.625, 80.625, 2.0214330873967792e-21, nan 
106.875, 80.625, 1.4310018736638337e-21, nan 
107.125, 80.625, 1.1016283556714894e-21, nan 
107.375, 80.625, 6.399503807690806e-22, nan 
107.625, 80.625, 7.865568444663261e-22, nan 
107.875, 80.625, 1.1296265157607437e-21, nan 
108.125, 80.625, 1.5593119659245618e-21, nan 
108.375, 80.625, 1.3989417082425773e-21, nan 
108.625, 80.625, 1.0635024447338235e-21, nan 
108.875, 80.625, 9.196543283875704e-22, nan 
109.125, 80.625, 6.545470490958517e-22, nan 
109.375, 80.625, 1.058075308310299e-21, nan 
109.625, 80.625, 8.785202233061867e-22, nan 
109.875, 80.625, 1.0282922123386698e-21, nan 
110.125, 80.625, 7.281624758457013e-22, nan 
110.375, 80.625, 5.96994512885716e-22, nan 
110.625, 80.625, 9.36797580369739e-22, nan 
110.875, 80.625, 6.716374690125629e-22, nan 
111.125, 80.625, 1.5285819602989348e-21, nan 
111.375, 80.625, 1.0481750465466036e-21, nan 
111.625, 80.625, 1.4870557786868626e-21, nan 
111.875, 80.625, 6.146426061548183e-22, nan 
112.125, 80.625, 3.1019895076121985e-22, nan 
112.375, 80.625, 5.042098535868469e-22, nan 
112.625, 80.625, 9.928151180609243e-22, nan 
112.875, 80.625, 1.3981906040839015e-21, nan 
113.125, 80.625, 1.7111070447708028e-21, nan 
113.375, 80.625, 1.4411569944373136e-21, nan 
113.625, 80.625, 1.0457454222151182e-21, nan 
113.875, 80.625, 7.2572732499367065e-22, nan 
114.125, 80.625, 6.262365333209916e-22, nan 
114.375, 80.625, 1.0099903614976167e-21, nan 
114.625, 80.625, 1.1114402038261778e-21, nan 
114.875, 80.625, 1.5117602517367114e-21, nan 
115.125, 80.625, 1.4402961303567575e-21, nan 
115.375, 80.625, 1.1986767884162405e-21, nan 
115.625, 80.625, 1.0409170217595148e-21, nan 
115.875, 80.625, 7.378209036055033e-22, nan 
116.125, 80.625, 7.467397846844882e-22, nan 
116.375, 80.625, 7.342966522196817e-22, nan 
116.625, 80.625, 5.4253620444269615e-22, nan 
116.875, 80.625, 8.454532711103212e-22, nan 
117.125, 80.625, 7.515591291225899e-22, nan 
117.375, 80.625, 5.52504855426898e-22, nan 
117.625, 80.625, 9.279962053639914e-22, nan 
117.875, 80.625, 1.1129684326214536e-21, nan 
118.125, 80.625, 1.4337684452468221e-21, nan 
118.375, 80.625, 1.496501484816874e-21, nan 
118.625, 80.625, 7.95204037238823e-22, nan 
118.875, 80.625, 1.0097117039617444e-21, nan 
119.125, 80.625, 8.021636329439908e-22, nan 
119.375, 80.625, 9.632725741715548e-22, nan 
119.625, 80.625, 7.383055977491697e-22, nan 
119.875, 80.625, 1.2035184715364902e-21, nan 
120.125, 80.625, 1.1873130464307533e-21, nan 
120.375, 80.625, 6.653213792302847e-22, nan 
120.625, 80.625, 4.1592021548301948e-22, nan 
120.875, 80.625, 5.275249432198182e-22, nan 
121.125, 80.625, 4.602584235630557e-22, nan 
121.375, 80.625, 5.920185475736768e-22, nan 
121.625, 80.625, 7.148752210377094e-22, nan 
121.875, 80.625, 7.605792248080426e-22, nan 
122.125, 80.625, 6.89926773571396e-22, nan 
122.375, 80.625, 5.978958392880908e-22, nan 
122.625, 80.625, 5.467368177654364e-22, nan 
122.875, 80.625, 2.4693732134830238e-22, nan 
123.125, 80.625, 5.411932417555809e-22, nan 
123.375, 80.625, 6.670253807166597e-22, nan 
123.625, 80.625, 6.700087602803393e-22, nan 
123.875, 80.625, 5.106170298945367e-22, nan 
124.125, 80.625, 4.665200049614467e-22, nan 
124.375, 80.625, 4.483683501302004e-22, nan 
124.625, 80.625, 5.975395668170057e-22, nan 
124.875, 80.625, 5.433666526281666e-22, nan 
125.125, 80.625, 6.954124059125546e-22, nan 
125.375, 80.625, 4.34642548435985e-22, nan 
125.625, 80.625, 3.475094730447177e-22, nan 
125.875, 80.625, 2.4508658027778943e-22, nan 
126.125, 80.625, 2.73611995952797e-22, nan 
126.375, 80.625, 4.635592536812466e-22, nan 
126.625, 80.625, 4.827161416710726e-22, nan 
126.875, 80.625, 5.19410037512333e-22, nan 
127.125, 80.625, 4.184538923995535e-22, nan 
127.375, 80.625, 4.424179017981976e-22, nan 
127.625, 80.625, 2.640716501234156e-22, nan 
127.875, 80.625, 1.7024850194396513e-22, nan 
128.125, 80.625, 1.3948686492180802e-22, nan 
128.375, 80.625, 2.984223244997533e-22, nan 
128.625, 80.625, 3.4561086379792123e-22, nan 
128.875, 80.625, 3.747516998638877e-22, nan 
129.125, 80.625, 3.456976188219687e-22, nan 
129.375, 80.625, 3.954854047988189e-22, nan 
129.625, 80.625, 4.2199553544143833e-22, nan 
129.875, 80.625, 4.241500565016776e-22, nan 
130.125, 80.625, 2.944473218627425e-22, nan 
130.375, 80.625, 2.401500336121493e-22, nan 
130.625, 80.625, 3.1083425260045208e-22, nan 
130.875, 80.625, 1.5302669699375854e-22, nan 
131.125, 80.625, 3.313458890221538e-22, nan 
131.375, 80.625, 6.199639727961564e-22, nan 
131.625, 80.625, 7.392138261144993e-22, nan 
131.875, 80.625, 4.853660962393507e-22, nan 
132.125, 80.625, 4.857872008489532e-22, nan 
132.375, 80.625, 7.162972837656997e-22, nan 
132.625, 80.625, 5.476107665929114e-22, nan 
132.875, 80.625, 6.246315818725275e-22, nan 
133.125, 80.625, 5.47313907648551e-22, nan 
133.375, 80.625, 4.959013493687753e-22, nan 
133.625, 80.625, 3.8846177633105937e-22, nan 
133.875, 80.625, 3.9786755665660357e-22, nan 
134.125, 80.625, 4.453696744743653e-22, nan 
134.375, 80.625, 3.9109108746425154e-22, nan 
134.625, 80.625, 4.440833597469601e-22, nan 
134.875, 80.625, 3.4546505905237474e-22, nan 
135.125, 80.625, 2.596353670483693e-22, nan 
135.375, 80.625, 1.7481611059154498e-22, nan 
135.625, 80.625, 1.3877417420371433e-22, nan 
135.875, 80.625, 1.606159154896855e-22, nan 
136.125, 80.625, 1.5083193236604104e-22, nan 
136.375, 80.625, 1.193651017360103e-22, nan 
136.625, 80.625, 1.4612365305447496e-22, nan 
136.875, 80.625, 1.677605616969409e-22, nan 
137.125, 80.625, 1.2271680254599184e-22, nan 
137.375, 80.625, 9.155736190255956e-23, nan 
137.625, 80.625, 1.2852760556529414e-22, nan 
137.875, 80.625, 1.6029048211791287e-22, nan 
138.125, 80.625, 1.0621910381698935e-22, nan 
138.375, 80.625, 1.162355279172161e-22, nan 
138.625, 80.625, 1.2233149643596005e-22, nan 
138.875, 80.625, 1.5658325624594415e-22, nan 
139.125, 80.625, 1.7618306511137189e-22, nan 
139.375, 80.625, 1.6601546235656922e-22, nan 
139.625, 80.625, 1.5949068943826799e-22, nan 
139.875, 80.625, 1.9818703627234342e-22, nan 
140.125, 80.625, 2.269716491636626e-22, nan 
140.375, 80.625, 1.8898421311803036e-22, nan 
140.625, 80.625, 1.9132234508540498e-22, nan 
140.875, 80.625, 2.1924814704501984e-22, nan 
141.125, 80.625, 2.1771222115295943e-22, nan 
141.375, 80.625, 2.7486795405116987e-22, nan 
141.625, 80.625, 2.747772967070308e-22, nan 
141.875, 80.625, 2.4151792874279926e-22, nan 
142.125, 80.625, 2.903260254295326e-22, nan 
142.375, 80.625, 2.6952262382942225e-22, nan 
142.625, 80.625, 2.858239089726745e-22, nan 
142.875, 80.625, 2.9037775497418956e-22, nan 
143.125, 80.625, 3.0423834636349194e-22, nan 
143.375, 80.625, 3.279250787836044e-22, nan 
143.625, 80.625, 3.0096355116317173e-22, nan 
143.875, 80.625, 2.7588146189083377e-22, nan 
144.125, 80.625, 2.9438724646149693e-22, nan 
144.375, 80.625, 2.989121491716836e-22, nan 
144.625, 80.625, 2.719993501644298e-22, nan 
144.875, 80.625, 2.81876761201074e-22, nan 
145.125, 80.625, 2.5325049524573833e-22, nan 
145.375, 80.625, 2.6750974159282164e-22, nan 
145.625, 80.625, 2.596021649508697e-22, nan 
145.875, 80.625, 2.1685171886214065e-22, nan 
146.125, 80.625, 2.12352869114485e-22, nan 
146.375, 80.625, 2.2313420484210375e-22, nan 
146.625, 80.625, 2.101310346383021e-22, nan 
146.875, 80.625, 1.7460675725347019e-22, nan 
147.125, 80.625, 2.065709785384213e-22, nan 
147.375, 80.625, 2.0688192952139476e-22, nan 
147.625, 80.625, 2.0124525467002361e-22, nan 
147.875, 80.625, 1.972001745297284e-22, nan 
148.125, 80.625, 1.8717212636039066e-22, nan 
148.375, 80.625, 1.4743612080700024e-22, nan 
148.625, 80.625, 1.4564172825184365e-22, nan 
148.875, 80.625, 1.2091358142049329e-22, nan 
149.125, 80.625, 8.419295203839557e-23, nan 
149.375, 80.625, 1.3499972582707402e-22, nan 
149.625, 80.625, 1.3833004226207989e-22, nan 
149.875, 80.625, 1.439336136791292e-22, nan 
150.125, 80.625, 1.6073923417998238e-22, nan 
150.375, 80.625, 1.739170609845826e-22, nan 
150.625, 80.625, 1.9268117245168632e-22, nan 
150.875, 80.625, 1.8633779922314952e-22, nan 
151.125, 80.625, 1.565689593929274e-22, nan 
151.375, 80.625, 1.2594784950380277e-22, nan 
151.625, 80.625, 1.4864674484657697e-22, nan 
151.875, 80.625, 1.3994076367181336e-22, nan 
152.125, 80.625, 1.4799917343885882e-22, nan 
152.375, 80.625, 1.5389800759792354e-22, nan 
152.625, 80.625, 1.5477459746007726e-22, nan 
152.875, 80.625, 1.4369202614133016e-22, nan 
153.125, 80.625, 1.4784100293718827e-22, nan 
153.375, 80.625, 1.510598841832398e-22, nan 
153.625, 80.625, 1.490147497884297e-22, nan 
153.875, 80.625, 1.7240103838659962e-22, nan 
154.125, 80.625, 1.644683087491361e-22, nan 
154.375, 80.625, 1.5270137994610436e-22, nan 
154.625, 80.625, 1.6414412084049132e-22, nan 
154.875, 80.625, 1.8032098463463585e-22, nan 
155.125, 80.625, 1.6098463216642599e-22, nan 
155.375, 80.625, 1.5900978848121671e-22, nan 
155.625, 80.625, 1.6735353398596693e-22, nan 
155.875, 80.625, 1.5656947624946356e-22, nan 
156.125, 80.625, 1.569210853398174e-22, nan 
156.375, 80.625, 1.6366527695741191e-22, nan 
156.625, 80.625, 1.7708787514726763e-22, nan 
156.875, 80.625, 1.4717646114138177e-22, nan 
157.125, 80.625, 1.3484726716440712e-22, nan 
157.375, 80.625, 2.0232354244714272e-22, nan 
157.625, 80.625, 2.2424743016597635e-22, nan 
157.875, 80.625, 2.0773594065513055e-22, nan 
158.125, 80.625, 2.0639881364169382e-22, nan 
158.375, 80.625, 2.2475531415691772e-22, nan 
158.625, 80.625, 2.253154677226476e-22, nan 
158.875, 80.625, 2.3319768490814348e-22, nan 
159.125, 80.625, 2.3871124200313615e-22, nan 
159.375, 80.625, 2.0512836500261454e-22, nan 
159.625, 80.625, 2.581863665505497e-22, nan 
159.875, 80.625, 2.4378542795275855e-22, nan 
160.125, 80.625, 1.8485207815621095e-22, nan 
160.375, 80.625, 2.177911707307332e-22, nan 
160.625, 80.625, 2.0093135239994194e-22, nan 
160.875, 80.625, 2.13852377654956e-22, nan 
161.125, 80.625, 2.0506357372702548e-22, nan 
161.375, 80.625, 2.162803690610371e-22, nan 
161.625, 80.625, 2.1100779023487994e-22, nan 
161.875, 80.625, 1.759958779922124e-22, nan 
162.125, 80.625, 1.6821596752800346e-22, nan 
162.375, 80.625, 1.4684139093318838e-22, nan 
162.625, 80.625, 1.339617052645063e-22, nan 
162.875, 80.625, 1.322956132158762e-22, nan 
163.125, 80.625, 1.259070595137313e-22, nan 
163.375, 80.625, 1.1263200723733453e-22, nan 
163.625, 80.625, 1.1631613391260334e-22, nan 
163.875, 80.625, 1.1484784052066382e-22, nan 
164.125, 80.625, 1.1099441712046585e-22, nan 
164.375, 80.625, 1.0570069135416971e-22, nan 
164.625, 80.625, 9.982122138726472e-23, nan 
164.875, 80.625, 9.403373878188012e-23, nan 
165.125, 80.625, 9.354714067837578e-23, nan 
165.375, 80.625, 9.366129007556967e-23, nan 
165.625, 80.625, 9.10207618047383e-23, nan 
165.875, 80.625, 8.374290580025404e-23, nan 
166.125, 80.625, 8.368655504634842e-23, nan 
166.375, 80.625, 8.507324751949901e-23, nan 
166.625, 80.625, 7.702773928720451e-23, nan 
166.875, 80.625, 7.277421538124557e-23, nan 
167.125, 80.625, 7.6633202008347e-23, nan 
167.375, 80.625, 7.090590029734487e-23, nan 
167.625, 80.625, 6.769276742895641e-23, nan 
167.875, 80.625, 6.835306487581077e-23, nan 
168.125, 80.625, 6.666642370245075e-23, nan 
168.375, 80.625, 5.756619510009619e-23, nan 
168.625, 80.625, 5.756004198137636e-23, nan 
168.875, 80.625, 4.912337552114558e-23, nan 
169.125, 80.625, 4.5614071108803726e-23, nan 
169.375, 80.625, 4.331679070427776e-23, nan 
169.625, 80.625, 5.85357246510252e-23, nan 
169.875, 80.625, 7.175666407962825e-23, nan 
170.125, 80.625, 5.0013408525828025e-23, nan 
170.375, 80.625, 6.246454393495177e-23, nan 
170.625, 80.625, 6.340980460476259e-23, nan 
170.875, 80.625, 6.27455799489385e-23, nan 
171.125, 80.625, 7.464406947839138e-23, nan 
171.375, 80.625, 7.468220335795589e-23, nan 
171.625, 80.625, 6.857610293695976e-23, nan 
171.875, 80.625, 7.079099638493158e-23, nan 
172.125, 80.625, 6.652833357754779e-23, nan 
172.375, 80.625, 7.098658396373859e-23, nan 
172.625, 80.625, 6.641804505147442e-23, nan 
172.875, 80.625, 6.856885063821103e-23, nan 
173.125, 80.625, 6.917648646627699e-23, nan 
173.375, 80.625, 6.005325270869728e-23, nan 
173.625, 80.625, 6.491673730684145e-23, nan 
173.875, 80.625, 6.544603083673878e-23, nan 
174.125, 80.625, 6.282277649046076e-23, nan 
174.375, 80.625, 5.475703605149033e-23, nan 
174.625, 80.625, 5.629981625787016e-23, nan 
174.875, 80.625, 5.732045354688067e-23, nan 
175.125, 80.625, 5.82784956410721e-23, nan 
175.375, 80.625, 5.1525788794881317e-23, nan 
175.625, 80.625, 5.364312484691744e-23, nan 
175.875, 80.625, 4.753073276950111e-23, nan 
176.125, 80.625, 4.7596840024977066e-23, nan 
176.375, 80.625, 4.768645145115446e-23, nan 
176.625, 80.625, 5.0782483171110695e-23, nan 
176.875, 80.625, 4.5666689561597274e-23, nan 
177.125, 80.625, 4.169547413503148e-23, nan 
177.375, 80.625, 4.262664249906771e-23, nan 
177.625, 80.625, 3.622372535006169e-23, nan 
177.875, 80.625, 3.680427372015107e-23, nan 
178.125, 80.625, 3.549719156124392e-23, nan 
178.375, 80.625, 3.245279270143157e-23, nan 
178.625, 80.625, 3.301875665522299e-23, nan 
178.875, 80.625, 3.120873176507444e-23, nan 
179.125, 80.625, 2.637460552400588e-23, nan 
179.375, 80.625, 2.91430282729876e-23, nan 
179.625, 80.625, 2.49214640271917e-23, nan 
179.875, 80.625, 2.4006978375906177e-23, nan 
-179.875, 80.875, 2.5581291951841375e-23, nan 
-179.625, 80.875, 2.3989891501506552e-23, nan 
-179.375, 80.875, 2.294957150120711e-23, nan 
-179.125, 80.875, 2.3665437884741483e-23, nan 
-178.875, 80.875, 2.2058884832768676e-23, nan 
-178.625, 80.875, 2.13981860774507e-23, nan 
-178.375, 80.875, 2.1653866934878844e-23, nan 
-178.125, 80.875, 2.0876490239419565e-23, nan 
-177.875, 80.875, 2.016043188196342e-23, nan 
-177.625, 80.875, 2.1678384170330763e-23, nan 
-177.375, 80.875, 1.9848269201203346e-23, nan 
-177.125, 80.875, 1.9822513922394132e-23, nan 
-176.875, 80.875, 1.932221339475199e-23, nan 
-176.625, 80.875, 1.9871392352743728e-23, nan 
-176.375, 80.875, 1.7643839526866566e-23, nan 
-176.125, 80.875, 2.0351706404752592e-23, nan 
-175.875, 80.875, 1.8204821916444164e-23, nan 
-175.625, 80.875, 1.7219633342508904e-23, nan 
-175.375, 80.875, 1.7138538078417464e-23, nan 
-175.125, 80.875, 1.583005193151537e-23, nan 
-174.875, 80.875, 1.5489296757984576e-23, nan 
-174.625, 80.875, 1.5294270824872855e-23, nan 
-174.375, 80.875, 1.387749519044577e-23, nan 
-174.125, 80.875, 1.339844846146221e-23, nan 
-173.875, 80.875, 1.177174531634538e-23, nan 
-173.625, 80.875, 1.1299384363204213e-23, nan 
-173.375, 80.875, 1.1810289988463498e-23, nan 
-173.125, 80.875, 1.0119718532265479e-23, nan 
-172.875, 80.875, 6.742769184824275e-24, nan 
-172.625, 80.875, 7.56307635584922e-24, nan 
-172.375, 80.875, 5.741138678671942e-24, nan 
-172.125, 80.875, 2.2154800778814353e-24, nan 
-171.875, 80.875, 6.092380939965043e-24, nan 
-171.625, 80.875, 7.101162442177162e-24, nan 
-171.375, 80.875, 5.264970960043985e-24, nan 
-171.125, 80.875, 1.0262350677691546e-23, nan 
-170.875, 80.875, 7.362029162635373e-24, nan 
-170.625, 80.875, 6.123199954437106e-24, nan 
-170.375, 80.875, 1.1818187163305522e-23, nan 
-170.125, 80.875, 6.899697028637865e-24, nan 
-169.875, 80.875, 1.0276745399918352e-23, nan 
-169.625, 80.875, 7.788638151855937e-24, nan 
-169.375, 80.875, 7.370461385788904e-24, nan 
-169.125, 80.875, 5.34404370421734e-24, nan 
-168.875, 80.875, 5.6305635771249455e-24, nan 
-168.625, 80.875, 4.4349506367585226e-24, nan 
-168.375, 80.875, 4.209450292224482e-24, nan 
-168.125, 80.875, 5.4125339503012464e-24, nan 
-167.875, 80.875, 4.606756465470265e-24, nan 
-167.625, 80.875, 4.43622198842157e-24, nan 
-167.375, 80.875, 4.751654079063492e-24, nan 
-167.125, 80.875, 5.12576512288514e-24, nan 
-166.875, 80.875, 4.803928432420256e-24, nan 
-166.625, 80.875, 4.983714655721442e-24, nan 
-166.375, 80.875, 4.7181891668758906e-24, nan 
-166.125, 80.875, 4.650834864057307e-24, nan 
-165.875, 80.875, 4.899317909153734e-24, nan 
-165.625, 80.875, 5.363991100731417e-24, nan 
-165.375, 80.875, 5.07187184201929e-24, nan 
-165.125, 80.875, 5.1602463214471946e-24, nan 
-164.875, 80.875, 4.6831013535383614e-24, nan 
-164.625, 80.875, 5.4871376800791474e-24, nan 
-164.375, 80.875, 5.845966878602659e-24, nan 
-164.125, 80.875, 5.398771361704157e-24, nan 
-163.875, 80.875, 5.184264877569499e-24, nan 
-163.625, 80.875, 5.532035917201092e-24, nan 
-163.375, 80.875, 5.660348410444637e-24, nan 
-163.125, 80.875, 5.07722623353629e-24, nan 
-162.875, 80.875, 5.794036774598778e-24, nan 
-162.625, 80.875, 6.254185082698089e-24, nan 
-162.375, 80.875, 5.34503975282487e-24, nan 
-162.125, 80.875, 5.1808994285308754e-24, nan 
-161.875, 80.875, 5.471550527404159e-24, nan 
-161.625, 80.875, 5.804423082049985e-24, nan 
-161.375, 80.875, 5.403961713616824e-24, nan 
-161.125, 80.875, 5.8101712173771836e-24, nan 
-160.875, 80.875, 5.4651997822985465e-24, nan 
-160.625, 80.875, 5.095996581726507e-24, nan 
-160.375, 80.875, 5.418708737506208e-24, nan 
-160.125, 80.875, 5.6445722041781276e-24, nan 
-159.875, 80.875, 5.162276221786057e-24, nan 
-159.625, 80.875, 5.1486818588060124e-24, nan 
-159.375, 80.875, 5.3023806099066885e-24, nan 
-159.125, 80.875, 5.620658209677027e-24, nan 
-158.875, 80.875, 5.138054435212161e-24, nan 
-158.625, 80.875, 5.095684189050288e-24, nan 
-158.375, 80.875, 5.653880002026795e-24, nan 
-158.125, 80.875, 5.076964326698931e-24, nan 
-157.875, 80.875, 5.152293011448624e-24, nan 
-157.625, 80.875, 5.348150161978605e-24, nan 
-157.375, 80.875, 5.178144248819219e-24, nan 
-157.125, 80.875, 5.3018920074330974e-24, nan 
-156.875, 80.875, 5.196435291470799e-24, nan 
-156.625, 80.875, 5.0938406549508856e-24, nan 
-156.375, 80.875, 4.886268698864365e-24, nan 
-156.125, 80.875, 4.9414240801661355e-24, nan 
-155.875, 80.875, 4.969588193660791e-24, nan 
-155.625, 80.875, 5.174595297796178e-24, nan 
-155.375, 80.875, 4.630090930997242e-24, nan 
-155.125, 80.875, 4.749876643809187e-24, nan 
-154.875, 80.875, 4.740665594146276e-24, nan 
-154.625, 80.875, 4.775427155226225e-24, nan 
-154.375, 80.875, 4.433209539576092e-24, nan 
-154.125, 80.875, 4.493652791046719e-24, nan 
-153.875, 80.875, 4.411362965454881e-24, nan 
-153.625, 80.875, 4.237478003907663e-24, nan 
-153.375, 80.875, 4.397576446876393e-24, nan 
-153.125, 80.875, 4.206829903561116e-24, nan 
-152.875, 80.875, 4.354323713334416e-24, nan 
-152.625, 80.875, 3.9224452097926236e-24, nan 
-152.375, 80.875, 4.166720005911932e-24, nan 
-152.125, 80.875, 4.038162837929719e-24, nan 
-151.875, 80.875, 3.705226180249012e-24, nan 
-151.625, 80.875, 3.993540969897882e-24, nan 
-151.375, 80.875, 3.817267874731201e-24, nan 
-151.125, 80.875, 3.719398057276754e-24, nan 
-150.875, 80.875, 3.7916845060314164e-24, nan 
-150.625, 80.875, 3.6602776428483e-24, nan 
-150.375, 80.875, 3.459578786268493e-24, nan 
-150.125, 80.875, 3.4109110343875256e-24, nan 
-149.875, 80.875, 3.357551632555579e-24, nan 
-149.625, 80.875, 3.317186042101607e-24, nan 
-149.375, 80.875, 3.2081581195575737e-24, nan 
-149.125, 80.875, 3.0833938871383596e-24, nan 
-148.875, 80.875, 3.074119325454377e-24, nan 
-148.625, 80.875, 3.0665497729602817e-24, nan 
-148.375, 80.875, 3.0054356415568298e-24, nan 
-148.125, 80.875, 2.9383915556171946e-24, nan 
-147.875, 80.875, 2.9101165250892145e-24, nan 
-147.625, 80.875, 2.6024872863655984e-24, nan 
-147.375, 80.875, 2.7497853094633364e-24, nan 
-147.125, 80.875, 2.7644827689583116e-24, nan 
-146.875, 80.875, 2.463695258454584e-24, nan 
-146.625, 80.875, 2.536046926315067e-24, nan 
-146.375, 80.875, 2.489168529458019e-24, nan 
-146.125, 80.875, 2.3002242706644175e-24, nan 
-145.875, 80.875, 2.2555928427552434e-24, nan 
-145.625, 80.875, 2.257311692818226e-24, nan 
-145.375, 80.875, 2.2616264496343427e-24, nan 
-145.125, 80.875, 2.284401830505814e-24, nan 
-144.875, 80.875, 2.221978133501474e-24, nan 
-144.625, 80.875, 2.090773085543913e-24, nan 
-144.375, 80.875, 2.159435847609854e-24, nan 
-144.125, 80.875, 1.8083312271948445e-24, nan 
-143.875, 80.875, 1.7890726934987237e-24, nan 
-143.625, 80.875, 2.084149580504392e-24, nan 
-143.375, 80.875, 1.9599433653410735e-24, nan 
-143.125, 80.875, 1.8295022530237642e-24, nan 
-142.875, 80.875, 1.8214024208040197e-24, nan 
-142.625, 80.875, 1.7159049061381957e-24, nan 
-142.375, 80.875, 1.5710754431945397e-24, nan 
-142.125, 80.875, 1.6447997527927985e-24, nan 
-141.875, 80.875, 1.691515938247374e-24, nan 
-141.625, 80.875, 1.731666466758248e-24, nan 
-141.375, 80.875, 1.61350312824744e-24, nan 
-141.125, 80.875, 1.4216937241369648e-24, nan 
-140.875, 80.875, 1.5028038460487446e-24, nan 
-140.625, 80.875, 1.4236028377978622e-24, nan 
-140.375, 80.875, 1.441160089714365e-24, nan 
-140.125, 80.875, 1.4010899078593075e-24, nan 
-139.875, 80.875, 1.3873283561049436e-24, nan 
-139.625, 80.875, 1.4026400770780828e-24, nan 
-139.375, 80.875, 1.3950955940566435e-24, nan 
-139.125, 80.875, 1.2082239681794419e-24, nan 
-138.875, 80.875, 1.2894156893220104e-24, nan 
-138.625, 80.875, 1.3478742206612007e-24, nan 
-138.375, 80.875, 1.3056847354157704e-24, nan 
-138.125, 80.875, 1.1957680052055818e-24, nan 
-137.875, 80.875, 1.222365780507083e-24, nan 
-137.625, 80.875, 1.148416258382906e-24, nan 
-137.375, 80.875, 1.1307538029836489e-24, nan 
-137.125, 80.875, 1.2197669961448295e-24, nan 
-136.875, 80.875, 1.2398439679573135e-24, nan 
-136.625, 80.875, 1.1538960858258826e-24, nan 
-136.375, 80.875, 1.214868404958435e-24, nan 
-136.125, 80.875, 1.1906790172621255e-24, nan 
-135.875, 80.875, 1.0926228890160054e-24, nan 
-135.625, 80.875, 1.1756337413443476e-24, nan 
-135.375, 80.875, 1.0648616711410965e-24, nan 
-135.125, 80.875, 1.1694876262357127e-24, nan 
-134.875, 80.875, 1.189277348592887e-24, nan 
-134.625, 80.875, 1.2059083018565498e-24, nan 
-134.375, 80.875, 1.1798419689406142e-24, nan 
-134.125, 80.875, 1.1475466489015231e-24, nan 
-133.875, 80.875, 1.2183771557028108e-24, nan 
-133.625, 80.875, 1.2417999684574717e-24, nan 
-133.375, 80.875, 1.2229610022634456e-24, nan 
-133.125, 80.875, 1.2705063101678906e-24, nan 
-132.875, 80.875, 1.3214998592916346e-24, nan 
-132.625, 80.875, 1.3734787018410324e-24, nan 
-132.375, 80.875, 1.4012405574703632e-24, nan 
-132.125, 80.875, 1.377709665340648e-24, nan 
-131.875, 80.875, 1.4850834613163066e-24, nan 
-131.625, 80.875, 1.5476083212210103e-24, nan 
-131.375, 80.875, 1.5470500757055161e-24, nan 
-131.125, 80.875, 1.5737886784899286e-24, nan 
-130.875, 80.875, 1.6289233919529466e-24, nan 
-130.625, 80.875, 1.8100860561192605e-24, nan 
-130.375, 80.875, 1.818507983216803e-24, nan 
-130.125, 80.875, 1.8768921461029142e-24, nan 
-129.875, 80.875, 1.8935828225679372e-24, nan 
-129.625, 80.875, 1.927034530070953e-24, nan 
-129.375, 80.875, 1.9986138497508992e-24, nan 
-129.125, 80.875, 1.9880431506937597e-24, nan 
-128.875, 80.875, 2.134523539813428e-24, nan 
-128.625, 80.875, 2.192891151637953e-24, nan 
-128.375, 80.875, 2.266758963530571e-24, nan 
-128.125, 80.875, 2.2783980825801496e-24, nan 
-127.875, 80.875, 2.3918291286927595e-24, nan 
-127.625, 80.875, 2.409980861004354e-24, nan 
-127.375, 80.875, 2.4659440409317083e-24, nan 
-127.125, 80.875, 2.5600528933089008e-24, nan 
-126.875, 80.875, 2.6205767310022108e-24, nan 
-126.625, 80.875, 2.7262110044102654e-24, nan 
-126.375, 80.875, 2.852640048687073e-24, nan 
-126.125, 80.875, 3.0935928446390585e-24, nan 
-125.875, 80.875, 3.3565108651701505e-24, nan 
-125.625, 80.875, 3.224374221513062e-24, nan 
-125.375, 80.875, 3.311700058568172e-24, nan 
-125.125, 80.875, 3.5513860186806485e-24, nan 
-124.875, 80.875, 4.013377479954529e-24, nan 
-124.625, 80.875, 3.9330643072040994e-24, nan 
-124.375, 80.875, 4.2314309237558045e-24, nan 
-124.125, 80.875, 4.4197434079293806e-24, nan 
-123.875, 80.875, 4.535664613054381e-24, nan 
-123.625, 80.875, 4.7538540750915254e-24, nan 
-123.375, 80.875, 4.3844358030129055e-24, nan 
-123.125, 80.875, 4.607131121205239e-24, nan 
-122.875, 80.875, 4.958321539542055e-24, nan 
-122.625, 80.875, 5.047996384813698e-24, nan 
-122.375, 80.875, 5.2378441212093566e-24, nan 
-122.125, 80.875, 4.839664998624594e-24, nan 
-32.375, 80.875, 9.551498939573697e-24, nan 
-32.125, 80.875, 4.252512111217861e-24, nan 
-31.875, 80.875, 3.015900515424369e-24, nan 
-31.625, 80.875, 7.296865350312155e-24, nan 
-31.375, 80.875, 1.108298675915365e-23, nan 
-31.125, 80.875, 1.7044073246249747e-23, nan 
-30.875, 80.875, 2.3550999735230572e-23, nan 
-30.625, 80.875, 1.752189815207838e-23, nan 
-30.375, 80.875, 1.659383952927304e-23, nan 
-30.125, 80.875, 2.0483246579498117e-23, nan 
-29.875, 80.875, 2.1938780261252258e-23, nan 
-29.625, 80.875, 2.1277042051020447e-23, nan 
-29.375, 80.875, 2.248818254851984e-23, nan 
-29.125, 80.875, 2.3412266795394267e-23, nan 
-28.875, 80.875, 1.9884873921973244e-23, nan 
-28.625, 80.875, 1.5171218893360275e-23, nan 
-28.375, 80.875, 1.3624653252492208e-23, nan 
-28.125, 80.875, 1.3145562504055977e-23, nan 
-27.875, 80.875, 7.333296484580834e-24, nan 
-27.625, 80.875, 4.616416886526435e-24, nan 
-27.375, 80.875, 3.3045179017707165e-24, nan 
-27.125, 80.875, 2.4604542963622856e-24, nan 
-26.875, 80.875, 3.1028038691887705e-24, nan 
-26.625, 80.875, 5.3202412271322575e-24, nan 
-26.375, 80.875, 7.53156568091921e-24, nan 
-26.125, 80.875, 1.0363351555726431e-23, nan 
-25.875, 80.875, 1.0475730508942084e-23, nan 
-25.625, 80.875, 9.72969135588079e-24, nan 
-25.375, 80.875, 8.65771222023707e-24, nan 
-25.125, 80.875, 4.365649389487334e-24, nan 
-24.875, 80.875, 6.775156250070074e-24, nan 
-24.625, 80.875, 1.2547057832778203e-23, nan 
-24.375, 80.875, 1.6541940253566572e-23, nan 
-24.125, 80.875, 2.35228727174293e-23, nan 
-23.875, 80.875, 2.4157094232836508e-23, nan 
-23.625, 80.875, 2.4136685570450165e-23, nan 
-23.375, 80.875, 2.0595130711767015e-23, nan 
-23.125, 80.875, 1.5361456887817506e-23, nan 
-22.875, 80.875, 1.8747268360376395e-23, nan 
-22.625, 80.875, 1.8444593279839155e-23, nan 
-22.375, 80.875, 1.878598283976097e-23, nan 
-22.125, 80.875, 1.759628747221587e-23, nan 
-21.875, 80.875, 1.6640567858079052e-23, nan 
-21.625, 80.875, 1.3426198600647976e-23, nan 
-21.375, 80.875, 6.738358811271955e-24, nan 
-21.125, 80.875, 6.789557351990019e-24, nan 
-20.875, 80.875, 6.84620645497192e-24, nan 
-20.625, 80.875, 9.44703498070429e-24, nan 
-20.375, 80.875, 9.141108387767112e-24, nan 
-20.125, 80.875, 8.26861162955049e-24, nan 
-19.875, 80.875, 7.026044389938697e-24, nan 
-19.625, 80.875, 5.703281760147102e-24, nan 
-19.375, 80.875, 1.330946119778834e-23, nan 
-19.125, 80.875, 1.934137287763328e-23, nan 
-18.875, 80.875, 2.5676449582867482e-23, nan 
-18.625, 80.875, 2.7377400126228566e-23, nan 
-18.375, 80.875, 2.698917563986011e-23, nan 
-18.125, 80.875, 2.436896560295e-23, nan 
-17.875, 80.875, 2.025922365774448e-23, nan 
-17.625, 80.875, 2.234112469516721e-23, nan 
-17.375, 80.875, 2.3899907992927205e-23, nan 
-17.125, 80.875, 2.7402967629414464e-23, nan 
-16.875, 80.875, 2.6330286370914923e-23, nan 
-16.625, 80.875, 1.9894659391459077e-23, nan 
-16.375, 80.875, 1.6532015685405987e-23, nan 
-16.125, 80.875, 6.4559657086513076e-24, nan 
-15.875, 80.875, 3.962924250634858e-24, nan 
-15.625, 80.875, 2.121260030161265e-24, nan 
-15.375, 80.875, 1.2588069723724899e-24, nan 
-15.125, 80.875, 3.967229354824452e-24, nan 
-14.875, 80.875, 2.793930527800181e-24, nan 
-14.625, 80.875, 3.2157316907386548e-24, nan 
-14.375, 80.875, 4.6732702452683764e-24, nan 
-14.125, 80.875, 4.465458886246739e-24, nan 
-13.875, 80.875, 4.833800021330973e-24, nan 
-13.625, 80.875, 7.7399488501088e-24, nan 
-13.375, 80.875, 9.099065009602785e-24, nan 
-13.125, 80.875, 6.0633872683351205e-24, nan 
-12.875, 80.875, 5.617438370815115e-24, nan 
-12.625, 80.875, 3.53863909164672e-24, nan 
-12.375, 80.875, 3.399334431925665e-24, nan 
-12.125, 80.875, 9.224734506256978e-24, nan 
-11.875, 80.875, 1.7708099662470438e-23, nan 
-11.625, 80.875, 1.6515281668446295e-23, nan 
-11.375, 80.875, 1.0403250727557173e-23, nan 
-11.125, 80.875, 1.0066432647314132e-23, nan 
-10.875, 80.875, 5.9810990497726044e-24, nan 
-10.625, 80.875, 6.933089723079087e-24, nan 
-10.375, 80.875, 8.242345534284573e-24, nan 
-10.125, 80.875, 1.269453757401236e-23, nan 
-9.875, 80.875, 2.2262998262638504e-23, nan 
-9.625, 80.875, 1.7838719769125632e-23, nan 
-9.375, 80.875, 1.1176538131649698e-23, nan 
-9.125, 80.875, 1.5795551452061933e-23, nan 
-8.875, 80.875, 2.343445103160965e-23, nan 
-8.625, 80.875, 2.1447786205133876e-23, nan 
-8.375, 80.875, 9.809167837248117e-24, nan 
-8.125, 80.875, 1.516649719728265e-23, nan 
-7.875, 80.875, 1.2285781926841172e-23, nan 
-7.625, 80.875, 4.287550742670696e-24, nan 
-7.375, 80.875, 3.972076776464763e-24, nan 
-7.125, 80.875, 3.659792989264655e-24, nan 
-6.875, 80.875, 3.0662369286496688e-24, nan 
-6.625, 80.875, 9.691850037650683e-24, nan 
-6.375, 80.875, 8.855437240359444e-24, nan 
-6.125, 80.875, 5.466003631723473e-24, nan 
-5.875, 80.875, 5.496164958714178e-24, nan 
-5.625, 80.875, 6.755484821445655e-24, nan 
-5.375, 80.875, 5.400543832547231e-24, nan 
-5.125, 80.875, 5.4641261614359435e-24, nan 
-4.875, 80.875, 7.868430136047366e-24, nan 
-4.625, 80.875, 7.564348492707277e-24, nan 
-4.375, 80.875, 6.503127323693473e-24, nan 
-4.125, 80.875, 7.634088883378382e-24, nan 
-3.875, 80.875, 8.82429339210862e-24, nan 
-3.625, 80.875, 8.680345504664273e-24, nan 
-3.375, 80.875, 6.5410562184488234e-24, nan 
-3.125, 80.875, 5.567994581060856e-24, nan 
-2.875, 80.875, 6.812530641294727e-24, nan 
-2.625, 80.875, 6.508497908760613e-24, nan 
-2.375, 80.875, 6.417559013577047e-24, nan 
-2.125, 80.875, 7.729267549312441e-24, nan 
-1.875, 80.875, 7.832452770627932e-24, nan 
-1.625, 80.875, 7.767004681253103e-24, nan 
-1.375, 80.875, 7.85935844738231e-24, nan 
-1.125, 80.875, 7.13789797751726e-24, nan 
-0.875, 80.875, 6.450958238296807e-24, nan 
-0.625, 80.875, 6.783873705825935e-24, nan 
-0.375, 80.875, 8.382725435693567e-24, nan 
-0.125, 80.875, 1.128396512080722e-23, nan 
0.125, 80.875, 1.777796997961746e-23, nan 
0.375, 80.875, 1.9028189665480286e-23, nan 
0.625, 80.875, 1.7751888437952016e-23, nan 
0.875, 80.875, 1.6389662529436205e-23, nan 
1.125, 80.875, 7.178600862788868e-24, nan 
1.375, 80.875, 9.787008734994567e-24, nan 
1.625, 80.875, 1.3616930658257833e-23, nan 
1.875, 80.875, 2.581168070808041e-23, nan 
2.125, 80.875, 3.570920326332616e-23, nan 
2.375, 80.875, 4.068919745065155e-23, nan 
2.625, 80.875, 3.6748521519288904e-23, nan 
2.875, 80.875, 1.919537857390324e-23, nan 
3.125, 80.875, 1.438340104723244e-23, nan 
3.375, 80.875, 1.8154812907071104e-23, nan 
3.625, 80.875, 1.867891846521965e-23, nan 
3.875, 80.875, 2.2439977387490214e-23, nan 
4.125, 80.875, 2.1549457112354091e-23, nan 
4.375, 80.875, 2.2738176430427522e-23, nan 
4.625, 80.875, 1.4257158344272478e-23, nan 
4.875, 80.875, 1.0275988349961914e-23, nan 
5.125, 80.875, 1.1093513594792753e-23, nan 
5.375, 80.875, 1.1712019341196953e-23, nan 
5.625, 80.875, 8.444127671846575e-24, nan 
5.875, 80.875, 8.501501249420859e-24, nan 
6.125, 80.875, 9.021866679662356e-24, nan 
6.375, 80.875, 8.798737038797336e-24, nan 
6.625, 80.875, 1.0986573258040726e-23, nan 
6.875, 80.875, 1.226613193658321e-23, nan 
7.125, 80.875, 2.521938177361711e-23, nan 
7.375, 80.875, 2.9464208052768675e-23, nan 
7.625, 80.875, 2.4792693234093924e-23, nan 
7.875, 80.875, 2.3536938851560265e-23, nan 
8.125, 80.875, 1.5706938260704013e-23, nan 
8.375, 80.875, 1.41429621400548e-23, nan 
8.625, 80.875, 1.875878969150771e-23, nan 
8.875, 80.875, 3.6081081567522727e-23, nan 
9.125, 80.875, 4.6728287334882534e-23, nan 
9.375, 80.875, 4.4132582129648956e-23, nan 
9.625, 80.875, 4.1668953375121925e-23, nan 
9.875, 80.875, 4.188603251580866e-23, nan 
10.125, 80.875, 4.944260410037385e-23, nan 
10.375, 80.875, 5.413012889190925e-23, nan 
10.625, 80.875, 4.9777704999240204e-23, nan 
10.875, 80.875, 4.042346985177631e-23, nan 
11.125, 80.875, 3.157618270706412e-23, nan 
11.375, 80.875, 2.1498980453734173e-23, nan 
11.625, 80.875, 3.634494893993321e-23, nan 
11.875, 80.875, 6.431882359080236e-23, nan 
12.125, 80.875, 6.940879675724123e-23, nan 
12.375, 80.875, 5.078193695696575e-23, nan 
12.625, 80.875, 3.0895046877311594e-23, nan 
12.875, 80.875, 3.5068663610798794e-23, nan 
13.125, 80.875, 4.196091533685168e-23, nan 
13.375, 80.875, 5.2161455496489587e-23, nan 
13.625, 80.875, 5.502151160841152e-23, nan 
13.875, 80.875, 5.252442755530613e-23, nan 
14.125, 80.875, 4.196932814085756e-23, nan 
14.375, 80.875, 2.911076654150833e-23, nan 
14.625, 80.875, 2.692277520090799e-23, nan 
14.875, 80.875, 1.4925940066652933e-23, nan 
15.125, 80.875, 7.44673796948517e-24, nan 
15.375, 80.875, 5.9709656906805826e-24, nan 
15.625, 80.875, 6.095846687171044e-24, nan 
15.875, 80.875, 5.224843864450055e-24, nan 
16.125, 80.875, 6.138516013153656e-24, nan 
16.375, 80.875, 7.127994749883187e-24, nan 
16.625, 80.875, 6.56014017317132e-24, nan 
16.875, 80.875, 7.204596055459424e-24, nan 
17.125, 80.875, 5.8280622736884756e-24, nan 
17.375, 80.875, 6.115940777589048e-24, nan 
17.625, 80.875, 8.291900255197876e-24, nan 
17.875, 80.875, 1.0365421145863904e-23, nan 
18.125, 80.875, 1.0930273692276173e-23, nan 
18.375, 80.875, 2.017929373213774e-23, nan 
18.625, 80.875, 3.041609971372987e-23, nan 
18.875, 80.875, 3.76833508841072e-23, nan 
19.125, 80.875, 1.9859150167848224e-23, nan 
19.375, 80.875, 1.8207386541761134e-23, nan 
19.625, 80.875, 1.542302603205988e-23, nan 
19.875, 80.875, 1.7973175891349833e-23, nan 
20.125, 80.875, 2.2075987965210444e-23, nan 
20.375, 80.875, 3.6756828082293754e-23, nan 
20.625, 80.875, 4.8073562941511823e-23, nan 
20.875, 80.875, 3.2204392744402735e-23, nan 
21.125, 80.875, 3.9936032276694584e-23, nan 
21.375, 80.875, 5.256176616505478e-23, nan 
21.625, 80.875, 4.3626208921082917e-23, nan 
21.875, 80.875, 4.708822148162943e-23, nan 
22.125, 80.875, 6.187901384805385e-23, nan 
22.375, 80.875, 5.765195662102689e-23, nan 
22.625, 80.875, 2.2543430704858396e-23, nan 
22.875, 80.875, 1.4794475700566647e-23, nan 
23.125, 80.875, 2.1022412219306345e-23, nan 
23.375, 80.875, 4.7990940830313625e-23, nan 
23.625, 80.875, 6.643265598096214e-23, nan 
23.875, 80.875, 7.561508978837061e-23, nan 
24.125, 80.875, 6.681897959060536e-23, nan 
24.375, 80.875, 6.849159059635967e-23, nan 
24.625, 80.875, 6.215860070278869e-23, nan 
24.875, 80.875, 5.089751994228639e-23, nan 
25.125, 80.875, 4.969558680907658e-23, nan 
25.375, 80.875, 3.9311775271627717e-23, nan 
25.625, 80.875, 6.819456847531034e-23, nan 
25.875, 80.875, 7.151181056688833e-23, nan 
26.125, 80.875, 8.981634761042133e-23, nan 
26.375, 80.875, 6.827473239058055e-23, nan 
26.625, 80.875, 6.278655936354074e-23, nan 
26.875, 80.875, 7.954267786140209e-23, nan 
27.125, 80.875, 7.174461525251203e-23, nan 
27.375, 80.875, 8.991622326706329e-23, nan 
27.625, 80.875, 8.586986063956368e-23, nan 
27.875, 80.875, 9.787143334208093e-23, nan 
28.125, 80.875, 8.808776486499707e-23, nan 
28.375, 80.875, 1.172387685587763e-22, nan 
28.625, 80.875, 8.246707904576391e-23, nan 
28.875, 80.875, 9.019627011306921e-23, nan 
29.125, 80.875, 8.345170178294976e-23, nan 
29.375, 80.875, 9.671505449778347e-23, nan 
29.625, 80.875, 1.084213733994096e-22, nan 
29.875, 80.875, 1.0859153271571359e-22, nan 
30.125, 80.875, 1.7040096326458564e-22, nan 
30.375, 80.875, 1.6010209322123308e-22, nan 
30.625, 80.875, 1.7569781093758783e-22, nan 
30.875, 80.875, 1.8503836728004606e-22, nan 
31.125, 80.875, 1.7454539872356742e-22, nan 
31.375, 80.875, 1.8666437360921782e-22, nan 
31.625, 80.875, 1.9102116554597138e-22, nan 
31.875, 80.875, 1.7714787456017363e-22, nan 
32.125, 80.875, 1.4025940908789156e-22, nan 
32.375, 80.875, 1.5137034035471579e-22, nan 
32.625, 80.875, 1.3921037035859441e-22, nan 
32.875, 80.875, 1.31362109853478e-22, nan 
33.125, 80.875, 1.8304140934365117e-22, nan 
33.375, 80.875, 2.3208347407243226e-22, nan 
33.625, 80.875, 2.103666144330633e-22, nan 
33.875, 80.875, 1.4944702831666822e-22, nan 
34.125, 80.875, 1.9618874577788922e-22, nan 
34.375, 80.875, 1.8058338293759408e-22, nan 
34.625, 80.875, 1.7864613761790152e-22, nan 
34.875, 80.875, 1.6186115177014755e-22, nan 
35.125, 80.875, 2.6794438089244192e-22, nan 
35.375, 80.875, 1.7189180815038202e-22, nan 
35.625, 80.875, 2.184346019229767e-22, nan 
35.875, 80.875, 2.137629584898448e-22, nan 
36.125, 80.875, 2.5568300064816324e-22, nan 
36.375, 80.875, 2.247066638422987e-22, nan 
36.625, 80.875, 2.571933488659541e-22, nan 
36.875, 80.875, 3.314579286325265e-22, nan 
37.125, 80.875, 1.614498429285163e-22, nan 
37.375, 80.875, 1.7550269963783166e-22, nan 
37.625, 80.875, 1.4195585015303047e-22, nan 
37.875, 80.875, 2.4360861457633754e-22, nan 
38.125, 80.875, 2.0267805840379856e-22, nan 
38.375, 80.875, 2.2052737794049423e-22, nan 
38.625, 80.875, 2.1180449023060086e-22, nan 
38.875, 80.875, 1.2598449912203073e-22, nan 
39.125, 80.875, 1.3100866283853417e-22, nan 
39.375, 80.875, 1.3483231338150912e-22, nan 
39.625, 80.875, 1.1107504579859588e-22, nan 
39.875, 80.875, 9.721253207598349e-23, nan 
40.125, 80.875, 1.1275398856330697e-22, nan 
40.375, 80.875, 6.133225457079957e-23, nan 
40.625, 80.875, 7.257185860489176e-23, nan 
40.875, 80.875, 1.3659377808774947e-22, nan 
41.125, 80.875, 1.402022989709262e-22, nan 
41.375, 80.875, 1.6011925277303889e-22, nan 
41.625, 80.875, 1.6241191705365936e-22, nan 
41.875, 80.875, 1.4010768230597247e-22, nan 
42.125, 80.875, 1.5473775956481738e-22, nan 
42.375, 80.875, 1.5703688398855303e-22, nan 
42.625, 80.875, 1.6247780092265915e-22, nan 
42.875, 80.875, 1.5803987623836202e-22, nan 
43.125, 80.875, 1.7157152135994746e-22, nan 
43.375, 80.875, 1.3658664372860377e-22, nan 
43.625, 80.875, 1.01574822262424e-22, nan 
43.875, 80.875, 9.17629728042966e-23, nan 
44.125, 80.875, 1.2381207210011905e-22, nan 
44.375, 80.875, 1.408410056306724e-22, nan 
44.625, 80.875, 1.4586062333028914e-22, nan 
44.875, 80.875, 1.21983309025835e-22, nan 
45.125, 80.875, 1.127301498286288e-22, nan 
45.375, 80.875, 1.2272675388789545e-22, nan 
45.625, 80.875, 1.118311012492854e-22, nan 
45.875, 80.875, 9.416305282414013e-23, nan 
46.125, 80.875, 8.025536881439855e-23, nan 
46.375, 80.875, 8.801009951148582e-23, nan 
46.625, 80.875, 1.0707771639680266e-22, nan 
46.875, 80.875, 9.971391172000485e-23, nan 
47.125, 80.875, 8.8204887972158e-23, nan 
47.375, 80.875, 9.593064846545569e-23, nan 
47.625, 80.875, 6.814495274815014e-23, nan 
47.875, 80.875, 3.2145201137686664e-23, nan 
48.125, 80.875, 2.4328915927214217e-23, nan 
48.375, 80.875, 1.607703886834702e-23, nan 
48.625, 80.875, 2.637800010911955e-23, nan 
48.875, 80.875, 4.16749083042916e-23, nan 
49.125, 80.875, 4.713857208886011e-23, nan 
49.375, 80.875, 5.097187693123791e-23, nan 
49.625, 80.875, 7.065620435361996e-23, nan 
49.875, 80.875, 7.1246513129106e-23, nan 
50.125, 80.875, 9.133843553626743e-23, nan 
50.375, 80.875, 9.995933160918516e-23, nan 
50.625, 80.875, 1.1687932933548746e-22, nan 
50.875, 80.875, 7.704682344349409e-23, nan 
51.125, 80.875, 3.7608284441683946e-23, nan 
51.375, 80.875, 4.3334238839369374e-23, nan 
51.625, 80.875, 4.2271856346304997e-23, nan 
51.875, 80.875, 4.307527447427949e-23, nan 
52.125, 80.875, 8.139989931772563e-23, nan 
52.375, 80.875, 1.8223991795426426e-22, nan 
52.625, 80.875, 2.803479349963371e-22, nan 
52.875, 80.875, 3.4491788546036353e-22, nan 
53.125, 80.875, 3.2943092483309367e-22, nan 
53.375, 80.875, 2.8423724583250454e-22, nan 
53.625, 80.875, 3.322017384329509e-22, nan 
53.875, 80.875, 3.2732533575173274e-22, nan 
54.125, 80.875, 2.465332923328462e-22, nan 
54.375, 80.875, 3.1963626817367295e-22, nan 
54.625, 80.875, 4.588940687064523e-22, nan 
54.875, 80.875, 2.7960244269612174e-22, nan 
55.125, 80.875, 2.3216279417922914e-22, nan 
55.375, 80.875, 1.9420126511792661e-22, nan 
55.625, 80.875, 1.7385770408107314e-22, nan 
55.875, 80.875, 1.7788224604741343e-22, nan 
56.125, 80.875, 3.305690506604469e-22, nan 
56.375, 80.875, 4.895332218167363e-22, nan 
56.625, 80.875, 4.131612611189513e-22, nan 
56.875, 80.875, 4.440116956998938e-22, nan 
57.125, 80.875, 4.336087669496871e-22, nan 
57.375, 80.875, 4.349388512146924e-22, nan 
57.625, 80.875, 4.595173185198918e-22, nan 
57.875, 80.875, 5.185913758863137e-22, nan 
58.125, 80.875, 4.748554358535789e-22, nan 
58.375, 80.875, 5.311511345600094e-22, nan 
58.625, 80.875, 4.509422939639156e-22, nan 
58.875, 80.875, 4.874175819830375e-22, nan 
59.125, 80.875, 4.48579303416644e-22, nan 
59.375, 80.875, 4.351664239184954e-22, nan 
59.625, 80.875, 1.5813599209057004e-22, nan 
59.875, 80.875, 1.5727152416853654e-22, nan 
60.125, 80.875, 1.8406935362998012e-22, nan 
60.375, 80.875, 1.946448450762677e-22, nan 
60.625, 80.875, 2.649787040305886e-22, nan 
60.875, 80.875, 2.1917471061197437e-22, nan 
61.125, 80.875, 2.5400682013715113e-22, nan 
61.375, 80.875, 2.3968012253154924e-22, nan 
61.625, 80.875, 1.929489323880013e-22, nan 
61.875, 80.875, 1.9594510428118958e-22, nan 
62.125, 80.875, 1.7374823096765903e-22, nan 
62.375, 80.875, 2.035820721064165e-22, nan 
62.625, 80.875, 2.1320173048863126e-22, nan 
62.875, 80.875, 2.3639305993651555e-22, nan 
63.125, 80.875, 2.284721728450101e-22, nan 
63.375, 80.875, 1.9627876520930928e-22, nan 
63.625, 80.875, 1.7958298096555606e-22, nan 
63.875, 80.875, 1.4254579528672834e-22, nan 
64.125, 80.875, 1.120364522017741e-22, nan 
64.375, 80.875, 1.3056492234862544e-22, nan 
64.625, 80.875, 1.433149185213888e-22, nan 
64.875, 80.875, 1.6241839714332734e-22, nan 
65.125, 80.875, 1.6504227615263722e-22, nan 
65.375, 80.875, 2.5160202363775036e-22, nan 
65.625, 80.875, 1.3931677346975619e-22, nan 
65.875, 80.875, 1.7885877419805086e-22, nan 
66.125, 80.875, 3.5619788281865798e-22, nan 
66.375, 80.875, 3.937195759183395e-22, nan 
66.625, 80.875, 2.6468606030671108e-22, nan 
66.875, 80.875, 3.355227977838036e-22, nan 
67.125, 80.875, 2.4289146745436254e-22, nan 
67.375, 80.875, 1.5925700956107321e-22, nan 
67.625, 80.875, 1.7756755802229398e-22, nan 
67.875, 80.875, 2.262262769768817e-22, nan 
68.125, 80.875, 2.689751031775916e-22, nan 
68.375, 80.875, 3.299808740498682e-22, nan 
68.625, 80.875, 3.4529073373300973e-22, nan 
68.875, 80.875, 3.3721753756545997e-22, nan 
69.125, 80.875, 3.1472700434033664e-22, nan 
69.375, 80.875, 3.0095027260089355e-22, nan 
69.625, 80.875, 2.60474291648242e-22, nan 
69.875, 80.875, 3.118738272664329e-22, nan 
70.125, 80.875, 7.165311841977873e-22, nan 
70.375, 80.875, 8.939009272637987e-22, nan 
70.625, 80.875, 8.697484141027297e-22, nan 
70.875, 80.875, 7.501897474750039e-22, nan 
71.125, 80.875, 1.0017830805139923e-21, nan 
71.375, 80.875, 1.0022987388306022e-21, nan 
71.625, 80.875, 1.030137719010407e-21, nan 
71.875, 80.875, 1.0095668628798406e-21, nan 
72.125, 80.875, 1.3250064443666193e-21, nan 
72.375, 80.875, 1.207525341090533e-21, nan 
72.625, 80.875, 8.72678509606135e-22, nan 
72.875, 80.875, 8.506707954800002e-22, nan 
73.125, 80.875, 1.0177966058733066e-21, nan 
73.375, 80.875, 9.606661373696302e-22, nan 
73.625, 80.875, 7.804069784622959e-22, nan 
73.875, 80.875, 7.53562066589576e-22, nan 
74.125, 80.875, 7.640899702941578e-22, nan 
74.375, 80.875, 7.265702912376347e-22, nan 
74.625, 80.875, 6.564423175358359e-22, nan 
74.875, 80.875, 6.867664518126486e-22, nan 
75.125, 80.875, 5.605186059468177e-22, nan 
75.375, 80.875, 6.18982767945028e-22, nan 
75.625, 80.875, 5.669759749158968e-22, nan 
75.875, 80.875, 5.360664126792213e-22, nan 
76.125, 80.875, 5.533440559383799e-22, nan 
76.375, 80.875, 5.398098094411085e-22, nan 
76.625, 80.875, 7.145640010567989e-22, nan 
76.875, 80.875, 8.191910684795899e-22, nan 
77.125, 80.875, 9.972127746651863e-22, nan 
77.375, 80.875, 1.0741323823496997e-21, nan 
77.625, 80.875, 1.0051233773942913e-21, nan 
77.875, 80.875, 1.2166539235426237e-21, nan 
78.125, 80.875, 1.1850402505767807e-21, nan 
78.375, 80.875, 9.989913029707168e-22, nan 
78.625, 80.875, 1.0039852136438975e-21, nan 
78.875, 80.875, 8.536514909571874e-22, nan 
79.125, 80.875, 9.544456908306322e-22, nan 
79.375, 80.875, 9.586566936895624e-22, nan 
79.625, 80.875, 1.0514496097546958e-21, nan 
79.875, 80.875, 8.406147737333686e-22, nan 
80.125, 80.875, 8.634906954130252e-22, nan 
80.375, 80.875, 7.483626473444533e-22, nan 
80.625, 80.875, 5.249974626961028e-22, nan 
80.875, 80.875, 4.1673155650997097e-22, nan 
81.125, 80.875, 3.138703476760635e-22, nan 
81.375, 80.875, 4.437354584231705e-22, nan 
81.625, 80.875, 5.4994147789675245e-22, nan 
81.875, 80.875, 4.322888308312563e-22, nan 
82.125, 80.875, 4.583609369550949e-22, nan 
82.375, 80.875, 4.916702726365326e-22, nan 
82.625, 80.875, 4.384188941754895e-22, nan 
82.875, 80.875, 4.285306473347186e-22, nan 
83.125, 80.875, 4.398444525973137e-22, nan 
83.375, 80.875, 5.004249032642349e-22, nan 
83.625, 80.875, 4.291641071190022e-22, nan 
83.875, 80.875, 4.518312496661083e-22, nan 
84.125, 80.875, 4.85191350728807e-22, nan 
84.375, 80.875, 4.38130529116191e-22, nan 
84.625, 80.875, 4.1201370416716027e-22, nan 
84.875, 80.875, 5.044514374945839e-22, nan 
85.125, 80.875, 5.855106750701355e-22, nan 
85.375, 80.875, 5.33381768122389e-22, nan 
85.625, 80.875, 5.2878535315024595e-22, nan 
85.875, 80.875, 5.654389467013346e-22, nan 
86.125, 80.875, 7.287435890822853e-22, nan 
86.375, 80.875, 5.869770213565755e-22, nan 
86.625, 80.875, 7.017862466872461e-22, nan 
86.875, 80.875, 7.123387136753307e-22, nan 
87.125, 80.875, 5.019502164548312e-22, nan 
87.375, 80.875, 4.92368544340761e-22, nan 
87.625, 80.875, 4.76902085085068e-22, nan 
87.875, 80.875, 6.460071920234092e-22, nan 
88.125, 80.875, 6.1287725970595495e-22, nan 
88.375, 80.875, 7.119980689670866e-22, nan 
88.625, 80.875, 6.354179558847975e-22, nan 
88.875, 80.875, 4.62904885510193e-22, nan 
89.125, 80.875, 4.938856980751559e-22, nan 
89.375, 80.875, 1.1076252217414887e-21, nan 
89.625, 80.875, 6.586400672946684e-22, nan 
89.875, 80.875, 6.6479328958855085e-22, nan 
90.125, 80.875, 5.750393511647295e-22, nan 
90.375, 80.875, 5.988403794829167e-22, nan 
90.625, 80.875, 4.697793961100137e-22, nan 
90.875, 80.875, 6.298027735401665e-22, nan 
91.125, 80.875, 6.406817177952718e-22, nan 
91.375, 80.875, 5.922182525966222e-22, nan 
91.625, 80.875, 6.121489524928899e-22, nan 
91.875, 80.875, 7.51584739620422e-22, nan 
92.125, 80.875, 7.493355843261903e-22, nan 
92.375, 80.875, 7.533532824941194e-22, nan 
92.625, 80.875, 7.166506674883462e-22, nan 
92.875, 80.875, 7.717535553144902e-22, nan 
93.125, 80.875, 7.0181428752683495e-22, nan 
93.375, 80.875, 6.1821254134013145e-22, nan 
93.625, 80.875, 6.319465818063122e-22, nan 
93.875, 80.875, 6.76783655803285e-22, nan 
94.125, 80.875, 6.149255349902824e-22, nan 
94.375, 80.875, 5.843662445182393e-22, nan 
94.625, 80.875, 6.954801956783799e-22, nan 
94.875, 80.875, 6.526728168633539e-22, nan 
95.125, 80.875, 6.109949150099353e-22, nan 
95.375, 80.875, 6.050668765702645e-22, nan 
95.625, 80.875, 4.484902582227171e-22, nan 
95.875, 80.875, 3.073290944256176e-22, nan 
96.125, 80.875, 2.9521976190589e-22, nan 
96.375, 80.875, 2.715465116855469e-22, nan 
96.625, 80.875, 3.606128053696734e-22, nan 
96.875, 80.875, 5.178515984578377e-22, nan 
97.125, 80.875, 5.30580763932984e-22, nan 
97.375, 80.875, 6.097506681300029e-22, nan 
97.625, 80.875, 4.620861431523543e-22, nan 
97.875, 80.875, 6.404645003454379e-22, nan 
98.125, 80.875, 2.48564254812016e-22, nan 
98.375, 80.875, 4.355206453958882e-22, nan 
98.625, 80.875, 2.1865319153651944e-22, nan 
98.875, 80.875, 2.8534467844124476e-22, nan 
99.125, 80.875, 3.0914531591313145e-22, nan 
99.375, 80.875, 2.7224676938200315e-22, nan 
99.625, 80.875, 4.755396510976332e-22, nan 
99.875, 80.875, 3.620200369465882e-22, nan 
100.125, 80.875, 2.256062009650202e-22, nan 
100.375, 80.875, 2.3552105185949423e-22, nan 
100.625, 80.875, 5.104765598040229e-22, nan 
100.875, 80.875, 5.578383765035083e-22, nan 
101.125, 80.875, 3.8912034586179416e-22, nan 
101.375, 80.875, 2.642902777248946e-22, nan 
101.625, 80.875, 2.523517025303501e-22, nan 
101.875, 80.875, 3.175480083815916e-22, nan 
102.125, 80.875, 4.973104955882086e-22, nan 
102.375, 80.875, 5.103722152226273e-22, nan 
102.625, 80.875, 4.449111099411163e-22, nan 
102.875, 80.875, 4.520276018331958e-22, nan 
103.125, 80.875, 3.9222613518816954e-22, nan 
103.375, 80.875, 4.105815758127938e-22, nan 
103.625, 80.875, 4.557344633996642e-22, nan 
103.875, 80.875, 4.303343198772936e-22, nan 
104.125, 80.875, 7.363797990468549e-22, nan 
104.375, 80.875, 5.737523878099937e-22, nan 
104.625, 80.875, 4.294278358740856e-22, nan 
104.875, 80.875, 4.3894420948753855e-22, nan 
105.125, 80.875, 4.588163891038532e-22, nan 
105.375, 80.875, 5.867703596929437e-22, nan 
105.625, 80.875, 4.659643340539102e-22, nan 
105.875, 80.875, 7.035932434841558e-22, nan 
106.125, 80.875, 1.0175737901465762e-21, nan 
106.375, 80.875, 1.2699713871154168e-21, nan 
106.625, 80.875, 1.1452098137454263e-21, nan 
106.875, 80.875, 1.0477400101306644e-21, nan 
107.125, 80.875, 8.526929638883067e-22, nan 
107.375, 80.875, 5.573175080049318e-22, nan 
107.625, 80.875, 4.438762722265038e-22, nan 
107.875, 80.875, 4.1535805796212856e-22, nan 
108.125, 80.875, 4.84960500703044e-22, nan 
108.375, 80.875, 5.164519286831689e-22, nan 
108.625, 80.875, 6.012278808977463e-22, nan 
108.875, 80.875, 4.93914914218565e-22, nan 
109.125, 80.875, 5.475363682035419e-22, nan 
109.375, 80.875, 6.425938798691156e-22, nan 
109.625, 80.875, 6.651721409641786e-22, nan 
109.875, 80.875, 5.748143529096328e-22, nan 
110.125, 80.875, 5.597896804315884e-22, nan 
110.375, 80.875, 5.932465646875693e-22, nan 
110.625, 80.875, 8.459694062906925e-22, nan 
110.875, 80.875, 8.348553215925736e-22, nan 
111.125, 80.875, 1.207517616472923e-21, nan 
111.375, 80.875, 7.093256174444963e-22, nan 
111.625, 80.875, 8.789536994094872e-22, nan 
111.875, 80.875, 8.184766119466216e-22, nan 
112.125, 80.875, 8.441782614939525e-22, nan 
112.375, 80.875, 8.279469609463675e-22, nan 
112.625, 80.875, 1.1885709674238852e-21, nan 
112.875, 80.875, 1.3007773478871044e-21, nan 
113.125, 80.875, 9.115959169572163e-22, nan 
113.375, 80.875, 9.91487045517185e-22, nan 
113.625, 80.875, 8.57019941206589e-22, nan 
113.875, 80.875, 1.0584125272765384e-21, nan 
114.125, 80.875, 8.66829611993051e-22, nan 
114.375, 80.875, 1.0234423144088922e-21, nan 
114.625, 80.875, 1.0975157355878402e-21, nan 
114.875, 80.875, 7.67385847784612e-22, nan 
115.125, 80.875, 1.0366445101561988e-21, nan 
115.375, 80.875, 9.53932514169511e-22, nan 
115.625, 80.875, 8.908370609972801e-22, nan 
115.875, 80.875, 7.324961009977888e-22, nan 
116.125, 80.875, 5.068290504406562e-22, nan 
116.375, 80.875, 6.558286116456971e-22, nan 
116.625, 80.875, 3.9567772730572006e-22, nan 
116.875, 80.875, 8.109464775014762e-22, nan 
117.125, 80.875, 5.807658522886591e-22, nan 
117.375, 80.875, 6.006395498793957e-22, nan 
117.625, 80.875, 5.044503712577367e-22, nan 
117.875, 80.875, 5.560689862817212e-22, nan 
118.125, 80.875, 6.372488745496253e-22, nan 
118.375, 80.875, 8.577513829548409e-22, nan 
118.625, 80.875, 8.635680473485779e-22, nan 
118.875, 80.875, 8.240458352433287e-22, nan 
119.125, 80.875, 6.316260259508484e-22, nan 
119.375, 80.875, 3.3928047710527065e-22, nan 
119.625, 80.875, 4.131168417491892e-22, nan 
119.875, 80.875, 5.174054366058822e-22, nan 
120.125, 80.875, 6.042740565134903e-22, nan 
120.375, 80.875, 8.159161233740324e-22, nan 
120.625, 80.875, 8.03845265853542e-22, nan 
120.875, 80.875, 4.555852145830098e-22, nan 
121.125, 80.875, 3.4462174389923466e-22, nan 
121.375, 80.875, 4.663340158247909e-22, nan 
121.625, 80.875, 5.000899050174755e-22, nan 
121.875, 80.875, 4.301764034245649e-22, nan 
122.125, 80.875, 4.860317378360715e-22, nan 
122.375, 80.875, 4.864099362567364e-22, nan 
122.625, 80.875, 4.330505133972299e-22, nan 
122.875, 80.875, 3.115555127500788e-22, nan 
123.125, 80.875, 4.24192556766221e-22, nan 
123.375, 80.875, 3.691836756854944e-22, nan 
123.625, 80.875, 3.045475321754825e-22, nan 
123.875, 80.875, 1.5234881261526853e-22, nan 
124.125, 80.875, 2.259370807149708e-22, nan 
124.375, 80.875, 2.6343610907488777e-22, nan 
124.625, 80.875, 3.5707873777484194e-22, nan 
124.875, 80.875, 3.7184180541043513e-22, nan 
125.125, 80.875, 4.287136118449444e-22, nan 
125.375, 80.875, 2.833233291708122e-22, nan 
125.625, 80.875, 1.6913910002159532e-22, nan 
125.875, 80.875, 8.619979919253718e-23, nan 
126.125, 80.875, 2.3301103854610002e-22, nan 
126.375, 80.875, 2.128582187236957e-22, nan 
126.625, 80.875, 1.7654300916167482e-22, nan 
126.875, 80.875, 9.346284469244128e-23, nan 
127.125, 80.875, 1.1497556205200176e-22, nan 
127.375, 80.875, 1.2110268837684089e-22, nan 
127.625, 80.875, 8.689280202277207e-23, nan 
127.875, 80.875, 1.0148906034497422e-22, nan 
128.125, 80.875, 6.778111504522169e-23, nan 
128.375, 80.875, 1.2363106971693437e-22, nan 
128.625, 80.875, 1.8345005206679782e-22, nan 
128.875, 80.875, 1.6604600596657024e-22, nan 
129.125, 80.875, 1.9212076033513288e-22, nan 
129.375, 80.875, 2.5054696167568686e-22, nan 
129.625, 80.875, 1.8285406709681352e-22, nan 
129.875, 80.875, 1.2445890084513193e-22, nan 
130.125, 80.875, 1.8484392259381625e-22, nan 
130.375, 80.875, 1.2340933657241305e-22, nan 
130.625, 80.875, 1.138748953871691e-22, nan 
130.875, 80.875, 1.1994664820941373e-22, nan 
131.125, 80.875, 2.824119047170168e-22, nan 
131.375, 80.875, 4.229392255495575e-22, nan 
131.625, 80.875, 4.292504711162091e-22, nan 
131.875, 80.875, 3.0293789893955433e-22, nan 
132.125, 80.875, 3.292096217782716e-22, nan 
132.375, 80.875, 3.3833724350476715e-22, nan 
132.625, 80.875, 3.150464720774415e-22, nan 
132.875, 80.875, 3.6696483677942317e-22, nan 
133.125, 80.875, 2.798382023198816e-22, nan 
133.375, 80.875, 2.6210437561711074e-22, nan 
133.625, 80.875, 2.1733602045101973e-22, nan 
133.875, 80.875, 2.0645289343972735e-22, nan 
134.125, 80.875, 1.916254211570564e-22, nan 
134.375, 80.875, 2.31546212656867e-22, nan 
134.625, 80.875, 1.8998881314323473e-22, nan 
134.875, 80.875, 1.3749263207771384e-22, nan 
135.125, 80.875, 1.3770609942656232e-22, nan 
135.375, 80.875, 1.3132309756611074e-22, nan 
135.625, 80.875, 8.472934661401846e-23, nan 
135.875, 80.875, 7.968521555820634e-23, nan 
136.125, 80.875, 9.956180767004389e-23, nan 
136.375, 80.875, 5.322572357959318e-23, nan 
136.625, 80.875, 1.4894979979907534e-22, nan 
136.875, 80.875, 1.5285396776344243e-22, nan 
137.125, 80.875, 1.398646036487278e-22, nan 
137.375, 80.875, 1.5595508017761463e-22, nan 
137.625, 80.875, 1.2699378261373125e-22, nan 
137.875, 80.875, 1.0724380098732555e-22, nan 
138.125, 80.875, 7.445145794910547e-23, nan 
138.375, 80.875, 8.890190416754377e-23, nan 
138.625, 80.875, 1.0668933637599122e-22, nan 
138.875, 80.875, 2.5112538186642292e-22, nan 
139.125, 80.875, 1.7204081950419715e-22, nan 
139.375, 80.875, 3.2947255164012365e-22, nan 
139.625, 80.875, 2.746197399318473e-22, nan 
139.875, 80.875, 3.148275899001026e-22, nan 
140.125, 80.875, 2.492429536198112e-22, nan 
140.375, 80.875, 2.6737467062504056e-22, nan 
140.625, 80.875, 2.496784855410877e-22, nan 
140.875, 80.875, 2.2950484994400476e-22, nan 
141.125, 80.875, 2.6479726167504793e-22, nan 
141.375, 80.875, 2.1044291269757576e-22, nan 
141.625, 80.875, 2.065552512542041e-22, nan 
141.875, 80.875, 2.192572792133113e-22, nan 
142.125, 80.875, 2.0644354657897033e-22, nan 
142.375, 80.875, 1.8591536962589264e-22, nan 
142.625, 80.875, 2.0641115901017905e-22, nan 
142.875, 80.875, 2.0992538279889833e-22, nan 
143.125, 80.875, 1.8974536057876186e-22, nan 
143.375, 80.875, 2.125101515132547e-22, nan 
143.625, 80.875, 1.8800039043620799e-22, nan 
143.875, 80.875, 1.9288382301846987e-22, nan 
144.125, 80.875, 1.8231012743720784e-22, nan 
144.375, 80.875, 1.9280447869187764e-22, nan 
144.625, 80.875, 1.8382089330123554e-22, nan 
144.875, 80.875, 1.681420535543956e-22, nan 
145.125, 80.875, 1.80564235701116e-22, nan 
145.375, 80.875, 1.8152669723053232e-22, nan 
145.625, 80.875, 1.8098951299503884e-22, nan 
145.875, 80.875, 1.8158164854757227e-22, nan 
146.125, 80.875, 1.7311091475008652e-22, nan 
146.375, 80.875, 1.7590269357624776e-22, nan 
146.625, 80.875, 1.7549883932299335e-22, nan 
146.875, 80.875, 1.8095992185330375e-22, nan 
147.125, 80.875, 1.8205374719830697e-22, nan 
147.375, 80.875, 1.936042254043241e-22, nan 
147.625, 80.875, 1.9560310742489858e-22, nan 
147.875, 80.875, 1.6757210175214105e-22, nan 
148.125, 80.875, 1.6305869369151762e-22, nan 
148.375, 80.875, 1.6441141455668566e-22, nan 
148.625, 80.875, 1.532146415583826e-22, nan 
148.875, 80.875, 1.6935561613519058e-22, nan 
149.125, 80.875, 1.6631360140687163e-22, nan 
149.375, 80.875, 1.6455919737824666e-22, nan 
149.625, 80.875, 1.7834168962384548e-22, nan 
149.875, 80.875, 1.55888845438038e-22, nan 
150.125, 80.875, 1.5182471248877683e-22, nan 
150.375, 80.875, 1.3660117061360386e-22, nan 
150.625, 80.875, 1.3798935890991179e-22, nan 
150.875, 80.875, 1.4133728426052428e-22, nan 
151.125, 80.875, 1.6384854151913381e-22, nan 
151.375, 80.875, 1.6321056387675777e-22, nan 
151.625, 80.875, 1.8576856500385894e-22, nan 
151.875, 80.875, 2.002399519803718e-22, nan 
152.125, 80.875, 1.9240013053975542e-22, nan 
152.375, 80.875, 2.0199603095056347e-22, nan 
152.625, 80.875, 1.875961023339716e-22, nan 
152.875, 80.875, 1.9367410123771494e-22, nan 
153.125, 80.875, 2.1091100125204817e-22, nan 
153.375, 80.875, 1.9351849794783172e-22, nan 
153.625, 80.875, 1.9877336633052521e-22, nan 
153.875, 80.875, 2.0839355898449413e-22, nan 
154.125, 80.875, 1.9915332097404227e-22, nan 
154.375, 80.875, 1.8957333351908894e-22, nan 
154.625, 80.875, 1.9927652667033852e-22, nan 
154.875, 80.875, 1.8742894593686622e-22, nan 
155.125, 80.875, 1.7362582563039316e-22, nan 
155.375, 80.875, 1.9253677090534875e-22, nan 
155.625, 80.875, 1.9301606287270824e-22, nan 
155.875, 80.875, 2.0422986173916807e-22, nan 
156.125, 80.875, 2.0089624941105323e-22, nan 
156.375, 80.875, 1.8661580679759796e-22, nan 
156.625, 80.875, 1.9439153468083475e-22, nan 
156.875, 80.875, 2.128661341916354e-22, nan 
157.125, 80.875, 2.2126886157354926e-22, nan 
157.375, 80.875, 2.1615099848487723e-22, nan 
157.625, 80.875, 2.2083882187288836e-22, nan 
157.875, 80.875, 2.1984072122397315e-22, nan 
158.125, 80.875, 2.2504762555833615e-22, nan 
158.375, 80.875, 2.1237757559352396e-22, nan 
158.625, 80.875, 1.9960757590065543e-22, nan 
158.875, 80.875, 2.2076288336119763e-22, nan 
159.125, 80.875, 1.9283227256494291e-22, nan 
159.375, 80.875, 1.5137718239384646e-22, nan 
159.625, 80.875, 2.0874968074007725e-22, nan 
159.875, 80.875, 1.9824158127296538e-22, nan 
160.125, 80.875, 1.1234559447407887e-22, nan 
160.375, 80.875, 6.141526834849981e-23, nan 
160.625, 80.875, 7.24215098919906e-23, nan 
160.875, 80.875, 8.753242071629055e-23, nan 
161.125, 80.875, 1.4463238059630204e-22, nan 
161.375, 80.875, 1.0042635372106021e-22, nan 
161.625, 80.875, 9.610139600903679e-23, nan 
161.875, 80.875, 1.047538980100569e-22, nan 
162.125, 80.875, 1.1127555204748943e-22, nan 
162.375, 80.875, 9.406405861206908e-23, nan 
162.625, 80.875, 9.43824145518444e-23, nan 
162.875, 80.875, 8.442396869353757e-23, nan 
163.125, 80.875, 9.847576257375952e-23, nan 
163.375, 80.875, 9.487223797256211e-23, nan 
163.625, 80.875, 9.296574461769394e-23, nan 
163.875, 80.875, 1.0514528420702339e-22, nan 
164.125, 80.875, 9.773024066058675e-23, nan 
164.375, 80.875, 8.127169532003119e-23, nan 
164.625, 80.875, 9.395346063820158e-23, nan 
164.875, 80.875, 8.632149806338682e-23, nan 
165.125, 80.875, 8.381090133186944e-23, nan 
165.375, 80.875, 9.600513459252549e-23, nan 
165.625, 80.875, 8.085953181164208e-23, nan 
165.875, 80.875, 8.232608450972594e-23, nan 
166.125, 80.875, 9.003013804270004e-23, nan 
166.375, 80.875, 7.240121788119158e-23, nan 
166.625, 80.875, 7.813985796221936e-23, nan 
166.875, 80.875, 8.04766337285142e-23, nan 
167.125, 80.875, 7.079203041002245e-23, nan 
167.375, 80.875, 7.905811622077432e-23, nan 
167.625, 80.875, 7.869088492744856e-23, nan 
167.875, 80.875, 6.708838774545019e-23, nan 
168.125, 80.875, 7.890661358536573e-23, nan 
168.375, 80.875, 7.312083952969715e-23, nan 
168.625, 80.875, 7.420884633635071e-23, nan 
168.875, 80.875, 8.047558206182042e-23, nan 
169.125, 80.875, 8.436305265191821e-23, nan 
169.375, 80.875, 9.231861982248613e-23, nan 
169.625, 80.875, 7.965016062235574e-23, nan 
169.875, 80.875, 8.404997803467439e-23, nan 
170.125, 80.875, 8.7068402022654e-23, nan 
170.375, 80.875, 8.737042993528281e-23, nan 
170.625, 80.875, 8.477108694440788e-23, nan 
170.875, 80.875, 8.185691385692535e-23, nan 
171.125, 80.875, 8.74150187961182e-23, nan 
171.375, 80.875, 8.160442102027459e-23, nan 
171.625, 80.875, 7.386592412222069e-23, nan 
171.875, 80.875, 8.361332486711437e-23, nan 
172.125, 80.875, 7.575592754040837e-23, nan 
172.375, 80.875, 7.54302998105664e-23, nan 
172.625, 80.875, 6.961470775665791e-23, nan 
172.875, 80.875, 6.009412037894535e-23, nan 
173.125, 80.875, 6.059823096317679e-23, nan 
173.375, 80.875, 5.306006769496253e-23, nan 
173.625, 80.875, 5.759139126944479e-23, nan 
173.875, 80.875, 5.882866610791785e-23, nan 
174.125, 80.875, 5.544767824544312e-23, nan 
174.375, 80.875, 5.040610951693167e-23, nan 
174.625, 80.875, 4.7410526008978176e-23, nan 
174.875, 80.875, 4.7377487362706076e-23, nan 
175.125, 80.875, 5.093276306571109e-23, nan 
175.375, 80.875, 4.21838458451673e-23, nan 
175.625, 80.875, 3.990702618623445e-23, nan 
175.875, 80.875, 4.0902055032706256e-23, nan 
176.125, 80.875, 4.21273066113791e-23, nan 
176.375, 80.875, 2.931475224007691e-23, nan 
176.625, 80.875, 3.1192429077484333e-23, nan 
176.875, 80.875, 2.805485521849355e-23, nan 
177.125, 80.875, 2.97453666472728e-23, nan 
177.375, 80.875, 2.9296215314559716e-23, nan 
177.625, 80.875, 3.0801131231953746e-23, nan 
177.875, 80.875, 2.874345247185316e-23, nan 
178.125, 80.875, 2.815787213331484e-23, nan 
178.375, 80.875, 2.773873755756174e-23, nan 
178.625, 80.875, 2.586973105573523e-23, nan 
178.875, 80.875, 2.6428132171513888e-23, nan 
179.125, 80.875, 2.485610741394703e-23, nan 
179.375, 80.875, 2.4737290711911053e-23, nan 
179.625, 80.875, 2.5912475816510266e-23, nan 
179.875, 80.875, 2.3962271443308527e-23, nan 
-179.875, 81.125, 2.263059812398541e-23, nan 
-179.625, 81.125, 2.438800313281078e-23, nan 
-179.375, 81.125, 2.2541316085146478e-23, nan 
-179.125, 81.125, 2.270841515530265e-23, nan 
-178.875, 81.125, 2.263826702621947e-23, nan 
-178.625, 81.125, 2.1678848450775106e-23, nan 
-178.375, 81.125, 2.1237247634940456e-23, nan 
-178.125, 81.125, 2.01890169815124e-23, nan 
-177.875, 81.125, 2.1418808469146863e-23, nan 
-177.625, 81.125, 1.9485939119946433e-23, nan 
-177.375, 81.125, 1.9152302301649026e-23, nan 
-177.125, 81.125, 2.112996006026975e-23, nan 
-176.875, 81.125, 2.1539782229169266e-23, nan 
-176.625, 81.125, 1.9690922563235075e-23, nan 
-176.375, 81.125, 2.051372580675821e-23, nan 
-176.125, 81.125, 2.3373334293843917e-23, nan 
-175.875, 81.125, 2.1867427506785406e-23, nan 
-175.625, 81.125, 2.192259222465173e-23, nan 
-175.375, 81.125, 2.3261404495420997e-23, nan 
-175.125, 81.125, 2.225413867787244e-23, nan 
-174.875, 81.125, 2.2587014805063884e-23, nan 
-174.625, 81.125, 2.3861576147267857e-23, nan 
-174.375, 81.125, 2.4124564321032738e-23, nan 
-174.125, 81.125, 2.2476332795561644e-23, nan 
-173.875, 81.125, 2.245346274376593e-23, nan 
-173.625, 81.125, 2.0791214274181443e-23, nan 
-173.375, 81.125, 1.596382633125606e-23, nan 
-173.125, 81.125, 1.729913834470065e-23, nan 
-172.875, 81.125, 2.2656887213019478e-23, nan 
-172.625, 81.125, 1.770837936812955e-23, nan 
-172.375, 81.125, 2.0745127857846774e-23, nan 
-172.125, 81.125, 2.2971615668540654e-23, nan 
-171.875, 81.125, 1.9477077599117223e-23, nan 
-171.625, 81.125, 1.868192012671891e-23, nan 
-171.375, 81.125, 2.0561870714483346e-23, nan 
-171.125, 81.125, 1.9917321929968743e-23, nan 
-170.875, 81.125, 1.7800425529968322e-23, nan 
-170.625, 81.125, 2.297572392979274e-23, nan 
-170.375, 81.125, 2.233382566847117e-23, nan 
-170.125, 81.125, 1.7307873740024934e-23, nan 
-169.875, 81.125, 2.3654461615469505e-23, nan 
-169.625, 81.125, 1.785962196881803e-23, nan 
-169.375, 81.125, 2.1065783975529097e-23, nan 
-169.125, 81.125, 2.088118766295569e-23, nan 
-168.875, 81.125, 1.9868649470447744e-23, nan 
-168.625, 81.125, 2.1493307612237363e-23, nan 
-168.375, 81.125, 2.0535411308601824e-23, nan 
-168.125, 81.125, 1.5398413044701024e-23, nan 
-167.875, 81.125, 9.177289595717004e-24, nan 
-167.625, 81.125, 8.325310098064396e-24, nan 
-167.375, 81.125, 7.447191041597663e-24, nan 
-167.125, 81.125, 6.92057433892392e-24, nan 
-166.875, 81.125, 7.046446790013565e-24, nan 
-166.625, 81.125, 5.948787272901882e-24, nan 
-166.375, 81.125, 4.670333781624761e-24, nan 
-166.125, 81.125, 4.404591132170732e-24, nan 
-165.875, 81.125, 4.3881626751289595e-24, nan 
-165.625, 81.125, 3.9528911309761744e-24, nan 
-165.375, 81.125, 3.284908296578442e-24, nan 
-165.125, 81.125, 3.715866800889083e-24, nan 
-164.875, 81.125, 3.859146035307565e-24, nan 
-164.625, 81.125, 3.253188378695212e-24, nan 
-164.375, 81.125, 3.1686910320182046e-24, nan 
-164.125, 81.125, 3.77105203311214e-24, nan 
-163.875, 81.125, 3.811942539285931e-24, nan 
-163.625, 81.125, 3.328916465204069e-24, nan 
-163.375, 81.125, 3.7813736265131825e-24, nan 
-163.125, 81.125, 4.0573439288337716e-24, nan 
-162.875, 81.125, 3.542523442659988e-24, nan 
-162.625, 81.125, 3.689026324122299e-24, nan 
-162.375, 81.125, 4.109625252338678e-24, nan 
-162.125, 81.125, 4.336076782363139e-24, nan 
-161.875, 81.125, 3.967833390235882e-24, nan 
-161.625, 81.125, 3.736721379590921e-24, nan 
-161.375, 81.125, 4.1095584349586964e-24, nan 
-161.125, 81.125, 4.404144480624606e-24, nan 
-160.875, 81.125, 4.223569014777841e-24, nan 
-160.625, 81.125, 4.0315378477351416e-24, nan 
-160.375, 81.125, 4.1848928521639275e-24, nan 
-160.125, 81.125, 3.8413227131023854e-24, nan 
-159.875, 81.125, 4.029538644143395e-24, nan 
-159.625, 81.125, 4.382139846909373e-24, nan 
-159.375, 81.125, 4.064988067548124e-24, nan 
-159.125, 81.125, 3.884836895847524e-24, nan 
-158.875, 81.125, 4.0309994636367156e-24, nan 
-158.625, 81.125, 3.9759135604865755e-24, nan 
-158.375, 81.125, 4.0477704562485865e-24, nan 
-158.125, 81.125, 4.102077637127259e-24, nan 
-157.875, 81.125, 4.108734443148723e-24, nan 
-157.625, 81.125, 3.9205296665741105e-24, nan 
-157.375, 81.125, 3.74304220816881e-24, nan 
-157.125, 81.125, 4.136869935630989e-24, nan 
-156.875, 81.125, 3.856128862917399e-24, nan 
-156.625, 81.125, 4.14109450754747e-24, nan 
-156.375, 81.125, 4.0691712807270864e-24, nan 
-156.125, 81.125, 4.276949551083919e-24, nan 
-155.875, 81.125, 3.898497736017094e-24, nan 
-155.625, 81.125, 3.8835454099911495e-24, nan 
-155.375, 81.125, 4.3156298748263206e-24, nan 
-155.125, 81.125, 3.985299522835447e-24, nan 
-154.875, 81.125, 3.7860235304774045e-24, nan 
-154.625, 81.125, 3.8825353409872255e-24, nan 
-154.375, 81.125, 4.038931002376843e-24, nan 
-154.125, 81.125, 3.81152937797324e-24, nan 
-153.875, 81.125, 3.711199457953792e-24, nan 
-153.625, 81.125, 3.856785288539968e-24, nan 
-153.375, 81.125, 3.9075920476340565e-24, nan 
-153.125, 81.125, 3.666371511568071e-24, nan 
-152.875, 81.125, 3.917890025597563e-24, nan 
-152.625, 81.125, 3.653048696883966e-24, nan 
-152.375, 81.125, 3.5611566764038394e-24, nan 
-152.125, 81.125, 3.835482629652044e-24, nan 
-151.875, 81.125, 3.5195287185463906e-24, nan 
-151.625, 81.125, 3.586135721066263e-24, nan 
-151.375, 81.125, 3.6207855240993045e-24, nan 
-151.125, 81.125, 3.81945281081617e-24, nan 
-150.875, 81.125, 3.509418069417053e-24, nan 
-150.625, 81.125, 3.476680798272517e-24, nan 
-150.375, 81.125, 3.6097121339642634e-24, nan 
-150.125, 81.125, 3.2142980800478727e-24, nan 
-149.875, 81.125, 3.435083134095957e-24, nan 
-149.625, 81.125, 3.2271143672364494e-24, nan 
-149.375, 81.125, 3.0410120049687932e-24, nan 
-149.125, 81.125, 3.1772177452500884e-24, nan 
-148.875, 81.125, 3.1776169245081946e-24, nan 
-148.625, 81.125, 2.9222719964016647e-24, nan 
-148.375, 81.125, 2.7730431779378622e-24, nan 
-148.125, 81.125, 2.7402065821027822e-24, nan 
-147.875, 81.125, 2.93838209461044e-24, nan 
-147.625, 81.125, 2.922289109549526e-24, nan 
-147.375, 81.125, 2.55215351388115e-24, nan 
-147.125, 81.125, 2.5348036983516636e-24, nan 
-146.875, 81.125, 2.77886839500818e-24, nan 
-146.625, 81.125, 2.5844178512836614e-24, nan 
-146.375, 81.125, 2.4565088321052296e-24, nan 
-146.125, 81.125, 2.4979822851454934e-24, nan 
-145.875, 81.125, 2.3406366170268854e-24, nan 
-145.625, 81.125, 2.3905600153684413e-24, nan 
-145.375, 81.125, 2.34202036524548e-24, nan 
-145.125, 81.125, 1.9103771872568473e-24, nan 
-144.875, 81.125, 2.175626953458543e-24, nan 
-144.625, 81.125, 2.1326355279514794e-24, nan 
-144.375, 81.125, 2.0235989358860956e-24, nan 
-144.125, 81.125, 2.131325308735143e-24, nan 
-143.875, 81.125, 2.1851388457856797e-24, nan 
-143.625, 81.125, 1.8928653221755246e-24, nan 
-143.375, 81.125, 1.827181408441033e-24, nan 
-143.125, 81.125, 1.944451536547723e-24, nan 
-142.875, 81.125, 1.87421256378755e-24, nan 
-142.625, 81.125, 1.8263342571920893e-24, nan 
-142.375, 81.125, 1.8292788478532528e-24, nan 
-142.125, 81.125, 1.7685380623297345e-24, nan 
-141.875, 81.125, 1.6582072730066866e-24, nan 
-141.625, 81.125, 1.5457401270601133e-24, nan 
-141.375, 81.125, 1.5505005928719597e-24, nan 
-141.125, 81.125, 1.487819112284744e-24, nan 
-140.875, 81.125, 1.6318743021356365e-24, nan 
-140.625, 81.125, 1.4425969155581524e-24, nan 
-140.375, 81.125, 1.4596248474440965e-24, nan 
-140.125, 81.125, 1.4821770374220913e-24, nan 
-139.875, 81.125, 1.4478017099557435e-24, nan 
-139.625, 81.125, 1.4843378601569885e-24, nan 
-139.375, 81.125, 1.3828517086561113e-24, nan 
-139.125, 81.125, 1.4402009854790127e-24, nan 
-138.875, 81.125, 1.3094362551449521e-24, nan 
-138.625, 81.125, 1.2967662420835687e-24, nan 
-138.375, 81.125, 1.3362921538008122e-24, nan 
-138.125, 81.125, 1.2597122796819401e-24, nan 
-137.875, 81.125, 1.3019020871908254e-24, nan 
-137.625, 81.125, 1.3501403164130801e-24, nan 
-137.375, 81.125, 1.2064330941226293e-24, nan 
-137.125, 81.125, 1.245492609320298e-24, nan 
-136.875, 81.125, 1.2377209168729258e-24, nan 
-136.625, 81.125, 1.2039651590676348e-24, nan 
-136.375, 81.125, 1.285741922433045e-24, nan 
-136.125, 81.125, 1.280617145170566e-24, nan 
-135.875, 81.125, 1.2235213571639363e-24, nan 
-135.625, 81.125, 1.2739819315897752e-24, nan 
-135.375, 81.125, 1.2574171148887637e-24, nan 
-135.125, 81.125, 1.3624602898838513e-24, nan 
-134.875, 81.125, 1.318723427069993e-24, nan 
-134.625, 81.125, 1.3409934558428517e-24, nan 
-134.375, 81.125, 1.3190006321710057e-24, nan 
-134.125, 81.125, 1.3462644227549932e-24, nan 
-133.875, 81.125, 1.3734397049063497e-24, nan 
-133.625, 81.125, 1.3553810232483948e-24, nan 
-133.375, 81.125, 1.5247507042538262e-24, nan 
-133.125, 81.125, 1.5028390258900027e-24, nan 
-132.875, 81.125, 1.5347383708621567e-24, nan 
-132.625, 81.125, 1.573460208555128e-24, nan 
-132.375, 81.125, 1.6207533385110875e-24, nan 
-132.125, 81.125, 1.7171007388447853e-24, nan 
-131.875, 81.125, 1.7396765550572424e-24, nan 
-131.625, 81.125, 1.7501138211667193e-24, nan 
-131.375, 81.125, 1.896461261191522e-24, nan 
-131.125, 81.125, 1.9726659995065815e-24, nan 
-130.875, 81.125, 1.961856280944293e-24, nan 
-130.625, 81.125, 1.9971561368729124e-24, nan 
-130.375, 81.125, 2.0940341325647868e-24, nan 
-130.125, 81.125, 2.2157697760336823e-24, nan 
-129.875, 81.125, 2.3032889232372065e-24, nan 
-129.625, 81.125, 2.464870831090071e-24, nan 
-129.375, 81.125, 2.354032882617577e-24, nan 
-129.125, 81.125, 2.4219864431757067e-24, nan 
-128.875, 81.125, 2.5884834172135236e-24, nan 
-128.625, 81.125, 2.7964500292991082e-24, nan 
-128.375, 81.125, 2.915216082821131e-24, nan 
-128.125, 81.125, 3.098065987487411e-24, nan 
-127.875, 81.125, 3.210346245916991e-24, nan 
-127.625, 81.125, 3.5655856396667835e-24, nan 
-127.375, 81.125, 3.508935443608407e-24, nan 
-127.125, 81.125, 3.6566024915277945e-24, nan 
-126.875, 81.125, 3.670663079172749e-24, nan 
-126.625, 81.125, 3.977014915788057e-24, nan 
-126.375, 81.125, 3.977182357027509e-24, nan 
-126.125, 81.125, 4.038106574061787e-24, nan 
-125.875, 81.125, 4.0375873475571175e-24, nan 
-125.625, 81.125, 4.061780347456002e-24, nan 
-125.375, 81.125, 5.771745830170226e-24, nan 
-125.125, 81.125, 5.477039139236744e-24, nan 
-124.875, 81.125, 6.045011129994835e-24, nan 
-124.625, 81.125, 5.947820334565777e-24, nan 
-124.375, 81.125, 8.8618806010438e-24, nan 
-124.125, 81.125, 7.409503939413032e-24, nan 
-123.875, 81.125, 9.833106735981085e-24, nan 
-123.625, 81.125, 1.0650626626067522e-23, nan 
-123.375, 81.125, 1.0443308701238219e-23, nan 
-123.125, 81.125, 1.1010459493153543e-23, nan 
-122.875, 81.125, 1.1242970878178952e-23, nan 
-122.625, 81.125, 1.0938143105953099e-23, nan 
-122.375, 81.125, 1.0520057660932128e-23, nan 
-122.125, 81.125, 1.0488946538580879e-23, nan 
-121.875, 81.125, 7.497988516134515e-24, nan 
-121.625, 81.125, 7.364330363224433e-24, nan 
-121.375, 81.125, 7.23435899090472e-24, nan 
-121.125, 81.125, 8.731417188124685e-24, nan 
-120.875, 81.125, 8.929253952212875e-24, nan 
-120.625, 81.125, 8.759802418261918e-24, nan 
-120.375, 81.125, 7.220589763783312e-24, nan 
-120.125, 81.125, 5.9720791195271514e-24, nan 
-119.875, 81.125, 5.793640775983621e-24, nan 
-119.625, 81.125, 5.5401042045264636e-24, nan 
-119.375, 81.125, 5.556861740814683e-24, nan 
-35.125, 81.125, 7.443592431860517e-24, nan 
-34.875, 81.125, 8.48892521613955e-24, nan 
-34.625, 81.125, 6.550270704600692e-24, nan 
-34.375, 81.125, 8.083903636387274e-24, nan 
-34.125, 81.125, 9.823143515104044e-24, nan 
-33.875, 81.125, 1.0728510614306741e-23, nan 
-33.625, 81.125, 1.1807354822355029e-23, nan 
-33.375, 81.125, 1.1860516573894843e-23, nan 
-33.125, 81.125, 1.124724575307609e-23, nan 
-32.875, 81.125, 1.2630630840168379e-23, nan 
-32.625, 81.125, 1.158908476877656e-23, nan 
-32.375, 81.125, 1.2064239376688692e-23, nan 
-32.125, 81.125, 1.2931215305660955e-23, nan 
-31.875, 81.125, 1.616086234789538e-23, nan 
-31.625, 81.125, 1.8760667460088187e-23, nan 
-31.375, 81.125, 1.743211991375272e-23, nan 
-31.125, 81.125, 1.3804981513683285e-23, nan 
-30.875, 81.125, 1.8673483273976096e-23, nan 
-30.625, 81.125, 1.620209049002709e-23, nan 
-30.375, 81.125, 1.6446386519231367e-23, nan 
-30.125, 81.125, 1.9131994228900926e-23, nan 
-29.875, 81.125, 1.9960488281029043e-23, nan 
-29.625, 81.125, 1.5215023838099228e-23, nan 
-29.375, 81.125, 9.342231434711666e-24, nan 
-29.125, 81.125, 7.439207248855872e-24, nan 
-28.875, 81.125, 4.847024491115345e-24, nan 
-28.625, 81.125, 3.237660826299638e-24, nan 
-28.375, 81.125, 2.794141070652574e-24, nan 
-28.125, 81.125, 3.945122554060516e-24, nan 
-27.875, 81.125, 4.353524036226958e-24, nan 
-27.625, 81.125, 7.138829635447225e-24, nan 
-27.375, 81.125, 7.807893698149916e-24, nan 
-27.125, 81.125, 6.871613959963442e-24, nan 
-26.875, 81.125, 5.92309517286008e-24, nan 
-26.625, 81.125, 1.1280727265191253e-23, nan 
-26.375, 81.125, 1.3288005889364174e-23, nan 
-26.125, 81.125, 1.299757924365245e-23, nan 
-25.875, 81.125, 6.087533090585322e-24, nan 
-25.625, 81.125, 1.0051660486715705e-23, nan 
-25.375, 81.125, 9.521482088098485e-24, nan 
-25.125, 81.125, 1.0232096113489728e-23, nan 
-24.875, 81.125, 2.1694578233145803e-23, nan 
-24.625, 81.125, 2.768643827558861e-23, nan 
-24.375, 81.125, 2.727194646089102e-23, nan 
-24.125, 81.125, 1.6966803652426373e-23, nan 
-23.875, 81.125, 1.7697864315013855e-23, nan 
-23.625, 81.125, 1.8363488573110057e-23, nan 
-23.375, 81.125, 1.8775100453574646e-23, nan 
-23.125, 81.125, 1.7388673628174325e-23, nan 
-22.875, 81.125, 1.770030260366994e-23, nan 
-22.625, 81.125, 1.799272627538825e-23, nan 
-22.375, 81.125, 9.250152219538053e-24, nan 
-22.125, 81.125, 7.272265487996661e-24, nan 
-21.875, 81.125, 8.50395079438716e-24, nan 
-21.625, 81.125, 7.592972319753092e-24, nan 
-21.375, 81.125, 5.126538207540607e-24, nan 
-21.125, 81.125, 2.1554319332416224e-24, nan 
-20.875, 81.125, 5.244452375888571e-24, nan 
-20.625, 81.125, 1.1217048801626999e-23, nan 
-20.375, 81.125, 1.0321786911562935e-23, nan 
-20.125, 81.125, 1.8489490606883987e-23, nan 
-19.875, 81.125, 1.9814073118054498e-23, nan 
-19.625, 81.125, 1.7757123314790885e-23, nan 
-19.375, 81.125, 1.4841138469708286e-23, nan 
-19.125, 81.125, 1.4405094796457105e-23, nan 
-18.875, 81.125, 1.9517946123523235e-23, nan 
-18.625, 81.125, 2.0817174233248794e-23, nan 
-18.375, 81.125, 2.3041715370405054e-23, nan 
-18.125, 81.125, 2.2343859057246163e-23, nan 
-17.875, 81.125, 1.3812070609784454e-23, nan 
-17.625, 81.125, 1.0452358200432625e-23, nan 
-17.375, 81.125, 4.880625685854949e-24, nan 
-17.125, 81.125, 3.218897272380694e-24, nan 
-16.875, 81.125, 5.195795822871703e-24, nan 
-16.625, 81.125, 3.895349701707594e-24, nan 
-16.375, 81.125, 2.8981365059084075e-24, nan 
-16.125, 81.125, 2.71475588680316e-24, nan 
-15.875, 81.125, 3.5313204579701286e-24, nan 
-15.625, 81.125, 9.208456765150829e-24, nan 
-15.375, 81.125, 6.483628890628815e-24, nan 
-15.125, 81.125, 9.397178274192083e-24, nan 
-14.875, 81.125, 7.94534850054321e-24, nan 
-14.625, 81.125, 5.3150367793857196e-24, nan 
-14.375, 81.125, 4.823323686757421e-24, nan 
-14.125, 81.125, 5.766067863265176e-24, nan 
-13.875, 81.125, 6.392922648463023e-24, nan 
-13.625, 81.125, 6.902036680064594e-24, nan 
-13.375, 81.125, 8.47087461326572e-24, nan 
-13.125, 81.125, 7.362468714063688e-24, nan 
-12.875, 81.125, 5.911036448069204e-24, nan 
-12.625, 81.125, 5.868107090866586e-24, nan 
-12.375, 81.125, 8.398030342012835e-24, nan 
-12.125, 81.125, 8.635350392497048e-24, nan 
-11.875, 81.125, 1.4183269302313326e-23, nan 
-11.625, 81.125, 1.4583512253076275e-23, nan 
-11.375, 81.125, 1.0216898844543549e-23, nan 
-11.125, 81.125, 8.642187548428997e-24, nan 
-10.875, 81.125, 5.622875501110869e-24, nan 
-10.625, 81.125, 7.272647752544669e-24, nan 
-10.375, 81.125, 6.5886125617225145e-24, nan 
-10.125, 81.125, 8.968525751169829e-24, nan 
-9.875, 81.125, 1.6784997579463472e-23, nan 
-9.625, 81.125, 1.4112609977669662e-23, nan 
-9.375, 81.125, 4.982893026936937e-24, nan 
-9.125, 81.125, 3.551247110807846e-24, nan 
-8.875, 81.125, 1.8124135028854193e-24, nan 
-8.625, 81.125, 2.7274250773414224e-24, nan 
-8.375, 81.125, 3.50629883485459e-24, nan 
-8.125, 81.125, 4.195594292255393e-24, nan 
-7.875, 81.125, 5.4103088959736814e-24, nan 
-7.625, 81.125, 6.662614403861229e-24, nan 
-7.375, 81.125, 7.099211509866856e-24, nan 
-7.125, 81.125, 6.944283058470396e-24, nan 
-6.875, 81.125, 5.6994236500692965e-24, nan 
-6.625, 81.125, 8.660660270950681e-24, nan 
-6.375, 81.125, 8.661970486331239e-24, nan 
-6.125, 81.125, 6.654159738901912e-24, nan 
-5.875, 81.125, 7.068857281156084e-24, nan 
-5.625, 81.125, 7.080925034560809e-24, nan 
-5.375, 81.125, 6.06645288115671e-24, nan 
-5.125, 81.125, 5.595636359313956e-24, nan 
-4.875, 81.125, 5.65611456583812e-24, nan 
-4.625, 81.125, 5.685169029623991e-24, nan 
-4.375, 81.125, 6.028139342824118e-24, nan 
-4.125, 81.125, 4.479346799892882e-24, nan 
-3.875, 81.125, 5.113729823741599e-24, nan 
-3.625, 81.125, 5.065922751444811e-24, nan 
-3.375, 81.125, 5.765057668212763e-24, nan 
-3.125, 81.125, 6.573572915696822e-24, nan 
-2.875, 81.125, 6.589920673385254e-24, nan 
-2.625, 81.125, 5.276714791669782e-24, nan 
-2.375, 81.125, 5.230587401003247e-24, nan 
-2.125, 81.125, 5.076950074623148e-24, nan 
-1.875, 81.125, 5.243754601711293e-24, nan 
-1.625, 81.125, 6.30604421571409e-24, nan 
-1.375, 81.125, 6.482263312462708e-24, nan 
-1.125, 81.125, 5.8627585790080814e-24, nan 
-0.875, 81.125, 5.408718420571264e-24, nan 
-0.625, 81.125, 9.627579528744176e-24, nan 
-0.375, 81.125, 1.3774625808036418e-23, nan 
-0.125, 81.125, 1.8715973222390526e-23, nan 
0.125, 81.125, 8.451436017982209e-24, nan 
0.375, 81.125, 5.106285414840846e-24, nan 
0.625, 81.125, 2.923818566482132e-24, nan 
0.875, 81.125, 8.12849365024198e-24, nan 
1.125, 81.125, 1.7325120404321264e-23, nan 
1.375, 81.125, 2.5049296350806725e-23, nan 
1.625, 81.125, 3.3789979021084074e-23, nan 
1.875, 81.125, 1.9048054322286442e-23, nan 
2.125, 81.125, 2.033990927913305e-23, nan 
2.375, 81.125, 2.1570192628340362e-23, nan 
2.625, 81.125, 2.4215094636680735e-23, nan 
2.875, 81.125, 1.6569780922584996e-23, nan 
3.125, 81.125, 1.5750533042950322e-23, nan 
3.375, 81.125, 2.0704083132891748e-23, nan 
3.625, 81.125, 1.3631756751992585e-23, nan 
3.875, 81.125, 9.079282969657075e-24, nan 
4.125, 81.125, 7.720019502113167e-24, nan 
4.375, 81.125, 8.162254192526166e-24, nan 
4.625, 81.125, 7.70657372614411e-24, nan 
4.875, 81.125, 8.511013513576001e-24, nan 
5.125, 81.125, 8.997720499997305e-24, nan 
5.375, 81.125, 8.281523830776292e-24, nan 
5.625, 81.125, 6.55636977882245e-24, nan 
5.875, 81.125, 7.072792259601927e-24, nan 
6.125, 81.125, 9.970918421266028e-24, nan 
6.375, 81.125, 1.37863673202701e-23, nan 
6.625, 81.125, 2.1985149552162798e-23, nan 
6.875, 81.125, 2.6685778400421314e-23, nan 
7.125, 81.125, 2.667531418693327e-23, nan 
7.375, 81.125, 1.3111802706728122e-23, nan 
7.625, 81.125, 6.621433012226727e-24, nan 
7.875, 81.125, 1.8728685484601853e-23, nan 
8.125, 81.125, 2.822418417912116e-23, nan 
8.375, 81.125, 4.389150307730332e-23, nan 
8.625, 81.125, 5.1717109824055486e-23, nan 
8.875, 81.125, 4.9491930079575325e-23, nan 
9.125, 81.125, 3.293739823291825e-23, nan 
9.375, 81.125, 2.972916510146114e-23, nan 
9.625, 81.125, 3.5032653254987e-23, nan 
9.875, 81.125, 4.064362180501324e-23, nan 
10.125, 81.125, 2.857821372885183e-23, nan 
10.375, 81.125, 2.731399234975412e-23, nan 
10.625, 81.125, 2.6371491000139048e-23, nan 
10.875, 81.125, 2.0659735395587187e-23, nan 
11.125, 81.125, 2.1103971065916267e-23, nan 
11.375, 81.125, 3.34126553250546e-23, nan 
11.625, 81.125, 5.1595706508857286e-23, nan 
11.875, 81.125, 4.2181435277738964e-23, nan 
12.125, 81.125, 4.370383849892995e-23, nan 
12.375, 81.125, 3.59890565758887e-23, nan 
12.625, 81.125, 2.1380427942804787e-23, nan 
12.875, 81.125, 2.061907623857629e-23, nan 
13.125, 81.125, 2.2411942743957704e-23, nan 
13.375, 81.125, 3.16655049022295e-23, nan 
13.625, 81.125, 1.6642472730128348e-23, nan 
13.875, 81.125, 8.212459615915041e-24, nan 
14.125, 81.125, 5.4419788997480524e-24, nan 
14.375, 81.125, 4.362805009264821e-24, nan 
14.625, 81.125, 4.784780016731008e-24, nan 
14.875, 81.125, 5.926081424355946e-24, nan 
15.125, 81.125, 6.5192813922019515e-24, nan 
15.375, 81.125, 7.021303218941686e-24, nan 
15.625, 81.125, 8.40765739778345e-24, nan 
15.875, 81.125, 8.669731789832289e-24, nan 
16.125, 81.125, 8.230872687016694e-24, nan 
16.375, 81.125, 9.68711066344725e-24, nan 
16.625, 81.125, 9.62638379512529e-24, nan 
16.875, 81.125, 8.886908092955512e-24, nan 
17.125, 81.125, 9.40395523351984e-24, nan 
17.375, 81.125, 8.684130524442099e-24, nan 
17.625, 81.125, 1.1022097703900067e-23, nan 
17.875, 81.125, 1.5225033525342806e-23, nan 
18.125, 81.125, 2.0664508412052917e-23, nan 
18.375, 81.125, 2.733099607713521e-23, nan 
18.625, 81.125, 3.085101181850063e-23, nan 
18.875, 81.125, 2.9145815503443976e-23, nan 
19.125, 81.125, 2.1796782777483592e-23, nan 
19.375, 81.125, 1.751511016323191e-23, nan 
19.625, 81.125, 1.39201788451644e-23, nan 
19.875, 81.125, 2.4609458448123025e-23, nan 
20.125, 81.125, 4.1649347353450875e-23, nan 
20.375, 81.125, 5.518829926761936e-23, nan 
20.625, 81.125, 6.104120642359005e-23, nan 
20.875, 81.125, 3.440287027250884e-23, nan 
21.125, 81.125, 3.093035810266965e-23, nan 
21.375, 81.125, 3.1175657501460654e-23, nan 
21.625, 81.125, 3.853501689446359e-23, nan 
21.875, 81.125, 5.004650487795688e-23, nan 
22.125, 81.125, 7.127052082592253e-23, nan 
22.375, 81.125, 7.007928504668957e-23, nan 
22.625, 81.125, 4.773435680710715e-23, nan 
22.875, 81.125, 5.625940786545989e-23, nan 
23.125, 81.125, 4.654537778046406e-23, nan 
23.375, 81.125, 6.152211957717982e-23, nan 
23.625, 81.125, 5.394660578781787e-23, nan 
23.875, 81.125, 7.067067551616186e-23, nan 
24.125, 81.125, 6.838002917104297e-23, nan 
24.375, 81.125, 6.385999593996188e-23, nan 
24.625, 81.125, 7.95642529259842e-23, nan 
24.875, 81.125, 9.5168336885964e-23, nan 
25.125, 81.125, 5.645107663355288e-23, nan 
25.375, 81.125, 2.3948171767649827e-23, nan 
25.625, 81.125, 6.290369350493044e-23, nan 
25.875, 81.125, 7.142673085781023e-23, nan 
26.125, 81.125, 9.405611553193795e-23, nan 
26.375, 81.125, 8.028561227527328e-23, nan 
26.625, 81.125, 8.737834973521598e-23, nan 
26.875, 81.125, 6.264962069565677e-23, nan 
27.125, 81.125, 4.1246899359828913e-23, nan 
27.375, 81.125, 6.631245216915043e-23, nan 
27.625, 81.125, 5.896830175424259e-23, nan 
27.875, 81.125, 1.0553387515142173e-22, nan 
28.125, 81.125, 8.256101696313709e-23, nan 
28.375, 81.125, 1.3665726284466875e-22, nan 
28.625, 81.125, 1.1639378307779952e-22, nan 
28.875, 81.125, 1.2472493722362431e-22, nan 
29.125, 81.125, 1.4984743481715215e-22, nan 
29.375, 81.125, 1.086884940019315e-22, nan 
29.625, 81.125, 9.0315738300931e-23, nan 
29.875, 81.125, 8.98385636834263e-23, nan 
30.125, 81.125, 1.5299780400328371e-22, nan 
30.375, 81.125, 1.421525866453022e-22, nan 
30.625, 81.125, 1.5510043091152488e-22, nan 
30.875, 81.125, 1.6670375361602026e-22, nan 
31.125, 81.125, 1.4549317450864698e-22, nan 
31.375, 81.125, 1.3027345922521808e-22, nan 
31.625, 81.125, 1.3859974843297299e-22, nan 
31.875, 81.125, 1.3175818268741048e-22, nan 
32.125, 81.125, 5.0550358568318296e-23, nan 
32.375, 81.125, 3.778754875659676e-23, nan 
32.625, 81.125, 1.93114062425833e-23, nan 
32.875, 81.125, 2.642844085089264e-23, nan 
33.125, 81.125, 2.1339894677017907e-23, nan 
33.375, 81.125, 3.414845720844966e-23, nan 
33.625, 81.125, 3.2081178568195434e-23, nan 
33.875, 81.125, 1.810547379622699e-23, nan 
34.125, 81.125, 1.3206045181589081e-23, nan 
34.375, 81.125, 1.3503255135971868e-23, nan 
34.625, 81.125, 1.467511495591344e-23, nan 
34.875, 81.125, 2.758637187161394e-23, nan 
35.125, 81.125, 1.6337555278515547e-22, nan 
35.375, 81.125, 1.401949586047432e-22, nan 
35.625, 81.125, 1.0066929874846985e-22, nan 
35.875, 81.125, 1.8527136853990418e-22, nan 
36.125, 81.125, 1.3117997670688518e-22, nan 
36.375, 81.125, 1.6823577124253262e-22, nan 
36.625, 81.125, 1.8434711940022594e-22, nan 
36.875, 81.125, 1.8904540358278887e-22, nan 
37.125, 81.125, 1.262129358271872e-22, nan 
37.375, 81.125, 1.3240642598446157e-22, nan 
37.625, 81.125, 1.7841799129905397e-22, nan 
37.875, 81.125, 1.8963358988847973e-22, nan 
38.125, 81.125, 1.845501085517728e-22, nan 
38.375, 81.125, 1.8525265033023168e-22, nan 
38.625, 81.125, 1.675530087108409e-22, nan 
38.875, 81.125, 1.1978662112200094e-22, nan 
39.125, 81.125, 1.1104575123955465e-22, nan 
39.375, 81.125, 1.3132808743013188e-22, nan 
39.625, 81.125, 1.0762915538227599e-22, nan 
39.875, 81.125, 9.798795303753528e-23, nan 
40.125, 81.125, 1.1927880420733795e-22, nan 
40.375, 81.125, 1.036231623483686e-22, nan 
40.625, 81.125, 9.461000862185629e-23, nan 
40.875, 81.125, 1.693505458912479e-22, nan 
41.125, 81.125, 1.882567354644182e-22, nan 
41.375, 81.125, 2.1868356545538966e-22, nan 
41.625, 81.125, 2.654119822196331e-22, nan 
41.875, 81.125, 2.8063644020014264e-22, nan 
42.125, 81.125, 2.795567663270362e-22, nan 
42.375, 81.125, 3.295362972909653e-22, nan 
42.625, 81.125, 3.7179321827455505e-22, nan 
42.875, 81.125, 3.817908828873237e-22, nan 
43.125, 81.125, 3.5813619715699626e-22, nan 
43.375, 81.125, 3.617803092281404e-22, nan 
43.625, 81.125, 2.856900905242639e-22, nan 
43.875, 81.125, 2.824623826129813e-22, nan 
44.125, 81.125, 3.2036705589842443e-22, nan 
44.375, 81.125, 3.2731714230322294e-22, nan 
44.625, 81.125, 3.3020583380666395e-22, nan 
44.875, 81.125, 3.4772374957764195e-22, nan 
45.125, 81.125, 3.4346983299505554e-22, nan 
45.375, 81.125, 3.3950902806657186e-22, nan 
45.625, 81.125, 3.1275602553686935e-22, nan 
45.875, 81.125, 1.6315417271064725e-22, nan 
46.125, 81.125, 6.922545934332966e-23, nan 
46.375, 81.125, 6.354546884844727e-23, nan 
46.625, 81.125, 1.0317399373961443e-22, nan 
46.875, 81.125, 1.0249030418963662e-22, nan 
47.125, 81.125, 1.138348957547785e-22, nan 
47.375, 81.125, 1.3251867502076665e-22, nan 
47.625, 81.125, 1.1974943059325316e-22, nan 
47.875, 81.125, 7.979123721568942e-23, nan 
48.125, 81.125, 6.771930101690068e-23, nan 
48.375, 81.125, 1.1025493550116375e-22, nan 
48.625, 81.125, 1.068103655311365e-22, nan 
48.875, 81.125, 1.0423240206633168e-22, nan 
49.125, 81.125, 1.0901489788568472e-22, nan 
49.375, 81.125, 1.0624758529558415e-22, nan 
49.625, 81.125, 1.2345522507614883e-22, nan 
49.875, 81.125, 1.3782879819993845e-22, nan 
50.125, 81.125, 1.5220767539424317e-22, nan 
50.375, 81.125, 1.9199889317970587e-22, nan 
50.625, 81.125, 1.4257523303849655e-22, nan 
50.875, 81.125, 1.2087792688039649e-22, nan 
51.125, 81.125, 1.686887222139408e-22, nan 
51.375, 81.125, 2.4085809216810646e-22, nan 
51.625, 81.125, 2.8012231503737475e-22, nan 
51.875, 81.125, 3.0916387015717914e-22, nan 
52.125, 81.125, 3.831586882181455e-22, nan 
52.375, 81.125, 2.0194853439418002e-22, nan 
52.625, 81.125, 2.5138964228309157e-22, nan 
52.875, 81.125, 3.1024524768916784e-22, nan 
53.125, 81.125, 4.422788374900309e-22, nan 
53.375, 81.125, 4.474806294015604e-22, nan 
53.625, 81.125, 4.575620040896316e-22, nan 
53.875, 81.125, 5.266980630520736e-22, nan 
54.125, 81.125, 3.645108966699313e-22, nan 
54.375, 81.125, 3.714333657602976e-22, nan 
54.625, 81.125, 3.108305334933617e-22, nan 
54.875, 81.125, 3.7137165753641665e-22, nan 
55.125, 81.125, 2.797142666280396e-22, nan 
55.375, 81.125, 2.245937632609005e-22, nan 
55.625, 81.125, 2.334851520699666e-22, nan 
55.875, 81.125, 3.5656068292044045e-22, nan 
56.125, 81.125, 4.277738550558949e-22, nan 
56.375, 81.125, 4.565451671143553e-22, nan 
56.625, 81.125, 4.1855422295334436e-22, nan 
56.875, 81.125, 4.364479436272617e-22, nan 
57.125, 81.125, 4.361072982595028e-22, nan 
57.375, 81.125, 4.3563775293726925e-22, nan 
57.625, 81.125, 4.1136364954667993e-22, nan 
57.875, 81.125, 3.388623118632518e-22, nan 
58.125, 81.125, 2.340332218055182e-22, nan 
58.375, 81.125, 1.624507766542799e-22, nan 
58.625, 81.125, 1.3285684335898783e-22, nan 
58.875, 81.125, 1.8162054649330684e-22, nan 
59.125, 81.125, 1.5855879176895007e-22, nan 
59.375, 81.125, 1.6896978486783697e-22, nan 
59.625, 81.125, 2.5328802222594403e-22, nan 
59.875, 81.125, 2.2657976160988982e-22, nan 
60.125, 81.125, 2.6065949694933456e-22, nan 
60.375, 81.125, 2.6332746162944024e-22, nan 
60.625, 81.125, 4.390079475391161e-22, nan 
60.875, 81.125, 3.0660863642366477e-22, nan 
61.125, 81.125, 4.235335499201963e-22, nan 
61.375, 81.125, 4.240869132155384e-22, nan 
61.625, 81.125, 2.9837451111103836e-22, nan 
61.875, 81.125, 2.750951772692295e-22, nan 
62.125, 81.125, 2.567870702392778e-22, nan 
62.375, 81.125, 3.846730216985144e-22, nan 
62.625, 81.125, 3.648278587373587e-22, nan 
62.875, 81.125, 4.707203573135441e-22, nan 
63.125, 81.125, 4.7689998879449e-22, nan 
63.375, 81.125, 4.0508580901421545e-22, nan 
63.625, 81.125, 4.508849110986734e-22, nan 
63.875, 81.125, 1.8660893100849502e-22, nan 
64.125, 81.125, 2.2248280950576957e-22, nan 
64.375, 81.125, 3.4923720183688554e-22, nan 
64.625, 81.125, 4.985210079955925e-22, nan 
64.875, 81.125, 5.8848004266393285e-22, nan 
65.125, 81.125, 6.347772202297575e-22, nan 
65.375, 81.125, 8.28574967182053e-22, nan 
65.625, 81.125, 2.78582079278313e-22, nan 
65.875, 81.125, 2.8750509725500557e-22, nan 
66.125, 81.125, 4.0447306190425616e-22, nan 
66.375, 81.125, 4.686334580791195e-22, nan 
66.625, 81.125, 4.250617633817829e-22, nan 
66.875, 81.125, 4.763665334408408e-22, nan 
67.125, 81.125, 5.649864875831561e-22, nan 
67.375, 81.125, 3.462078259969645e-22, nan 
67.625, 81.125, 3.291764573277389e-22, nan 
67.875, 81.125, 3.9671265594862467e-22, nan 
68.125, 81.125, 3.2785033479991576e-22, nan 
68.375, 81.125, 3.6546386486753453e-22, nan 
68.625, 81.125, 3.512535446893651e-22, nan 
68.875, 81.125, 3.6665433455990027e-22, nan 
69.125, 81.125, 2.1770271530951345e-22, nan 
69.375, 81.125, 3.1661961235197107e-22, nan 
69.625, 81.125, 4.615875326806333e-22, nan 
69.875, 81.125, 5.446553227716963e-22, nan 
70.125, 81.125, 6.180897650373842e-22, nan 
70.375, 81.125, 7.723974517111921e-22, nan 
70.625, 81.125, 8.794359483620109e-22, nan 
70.875, 81.125, 5.985092547930584e-22, nan 
71.125, 81.125, 7.505635646577236e-22, nan 
71.375, 81.125, 8.692196948622134e-22, nan 
71.625, 81.125, 9.942054755542875e-22, nan 
71.875, 81.125, 6.674564577061089e-22, nan 
72.125, 81.125, 7.906874000107693e-22, nan 
72.375, 81.125, 8.243250365511108e-22, nan 
72.625, 81.125, 6.660622994067427e-22, nan 
72.875, 81.125, 5.289714614594319e-22, nan 
73.125, 81.125, 6.857021456563635e-22, nan 
73.375, 81.125, 6.539196784362424e-22, nan 
73.625, 81.125, 6.623617332111329e-22, nan 
73.875, 81.125, 5.70817707277185e-22, nan 
74.125, 81.125, 6.2870766969809165e-22, nan 
74.375, 81.125, 6.396873426734307e-22, nan 
74.625, 81.125, 7.798302632340847e-22, nan 
74.875, 81.125, 1.1452567677641239e-21, nan 
75.125, 81.125, 1.058392592539348e-21, nan 
75.375, 81.125, 1.145046723254887e-21, nan 
75.625, 81.125, 1.0333515765575547e-21, nan 
75.875, 81.125, 7.516191379741746e-22, nan 
76.125, 81.125, 4.1799263087001923e-22, nan 
76.375, 81.125, 1.1919141412661333e-21, nan 
76.625, 81.125, 7.40762277214975e-22, nan 
76.875, 81.125, 9.041260836522006e-22, nan 
77.125, 81.125, 9.761749974862915e-22, nan 
77.375, 81.125, 1.003078019650752e-21, nan 
77.625, 81.125, 8.11792161948146e-22, nan 
77.875, 81.125, 9.513403010615142e-22, nan 
78.125, 81.125, 1.2498753213117502e-21, nan 
78.375, 81.125, 8.218952842934589e-22, nan 
78.625, 81.125, 7.582633318796544e-22, nan 
78.875, 81.125, 5.372176348218973e-22, nan 
79.125, 81.125, 7.373774897723053e-22, nan 
79.375, 81.125, 6.656356602734344e-22, nan 
79.625, 81.125, 6.462627999299868e-22, nan 
79.875, 81.125, 6.641788961618444e-22, nan 
80.125, 81.125, 6.982538473919882e-22, nan 
80.375, 81.125, 7.214182362734654e-22, nan 
80.625, 81.125, 6.922044229537877e-22, nan 
80.875, 81.125, 6.960336384121309e-22, nan 
81.125, 81.125, 3.192782056041375e-22, nan 
81.375, 81.125, 1.5139394550060175e-21, nan 
81.625, 81.125, 1.6676056098481797e-21, nan 
81.875, 81.125, 9.16751575102823e-22, nan 
82.125, 81.125, 1.6281916591439283e-21, nan 
82.375, 81.125, 1.2947929206069e-21, nan 
82.625, 81.125, 9.371601226676885e-22, nan 
82.875, 81.125, 1.052722234761299e-21, nan 
83.125, 81.125, 3.9913725072694933e-22, nan 
83.375, 81.125, 3.9249569400416835e-22, nan 
83.625, 81.125, 3.5240753750608364e-22, nan 
83.875, 81.125, 3.653815778307129e-22, nan 
84.125, 81.125, 3.6025947256139037e-22, nan 
84.375, 81.125, 2.686416224494499e-22, nan 
84.625, 81.125, 1.375610850657696e-22, nan 
84.875, 81.125, 3.508709524079075e-22, nan 
85.125, 81.125, 4.968609431984285e-22, nan 
85.375, 81.125, 4.364362281187831e-22, nan 
85.625, 81.125, 4.1930251480903286e-22, nan 
85.875, 81.125, 4.970557509511102e-22, nan 
86.125, 81.125, 6.653393861487866e-22, nan 
86.375, 81.125, 4.486497143845298e-22, nan 
86.625, 81.125, 5.909602148171766e-22, nan 
86.875, 81.125, 7.094009716860384e-22, nan 
87.125, 81.125, 5.0463148235201685e-22, nan 
87.375, 81.125, 5.107143325526681e-22, nan 
87.625, 81.125, 8.056284713815599e-22, nan 
87.875, 81.125, 7.990241959486495e-22, nan 
88.125, 81.125, 7.360262574107842e-22, nan 
88.375, 81.125, 8.538227984808253e-22, nan 
88.625, 81.125, 8.317161259252233e-22, nan 
88.875, 81.125, 8.138743481169798e-22, nan 
89.125, 81.125, 8.795580464017235e-22, nan 
89.375, 81.125, 1.4005462341771925e-21, nan 
89.625, 81.125, 1.0066200128787033e-21, nan 
89.875, 81.125, 1.1885199465588775e-21, nan 
90.125, 81.125, 1.2671010642769668e-21, nan 
90.375, 81.125, 1.2425954818473343e-21, nan 
90.625, 81.125, 1.2863405756712152e-21, nan 
90.875, 81.125, 1.364926749799922e-21, nan 
91.125, 81.125, 1.6493599147236005e-21, nan 
91.375, 81.125, 1.4134404281753729e-21, nan 
91.625, 81.125, 1.3269747558414585e-21, nan 
91.875, 81.125, 1.4336969799898075e-21, nan 
92.125, 81.125, 1.5188483418380974e-21, nan 
92.375, 81.125, 1.4472219101899891e-21, nan 
92.625, 81.125, 1.4824500307891715e-21, nan 
92.875, 81.125, 1.6256692974135301e-21, nan 
93.125, 81.125, 1.549996098644665e-21, nan 
93.375, 81.125, 1.725885219965381e-21, nan 
93.625, 81.125, 1.7401526355914078e-21, nan 
93.875, 81.125, 1.7541425990212433e-21, nan 
94.125, 81.125, 1.826856339950736e-21, nan 
94.375, 81.125, 1.911706495335519e-21, nan 
94.625, 81.125, 1.9433924066629867e-21, nan 
94.875, 81.125, 1.803088719381146e-21, nan 
95.125, 81.125, 2.0166862198822712e-21, nan 
95.375, 81.125, 1.628560296845596e-21, nan 
95.625, 81.125, 1.6734826599614595e-21, nan 
95.875, 81.125, 2.157897121069003e-21, nan 
96.125, 81.125, 2.666966296150827e-21, nan 
96.375, 81.125, 2.3330071207790302e-21, nan 
96.625, 81.125, 1.8774867888783518e-21, nan 
96.875, 81.125, 1.6504964373040564e-21, nan 
97.125, 81.125, 2.002857917777276e-21, nan 
97.375, 81.125, 1.4379798941807152e-21, nan 
97.625, 81.125, 1.5111072860754343e-21, nan 
97.875, 81.125, 1.7471475870851235e-21, nan 
98.125, 81.125, 1.3521969536694769e-21, nan 
98.375, 81.125, 1.3243008018834352e-21, nan 
98.625, 81.125, 1.6355565358417152e-21, nan 
98.875, 81.125, 1.2183647331655584e-21, nan 
99.125, 81.125, 7.935240192273989e-22, nan 
99.375, 81.125, 5.879755930488739e-22, nan 
99.625, 81.125, 5.50670969353075e-22, nan 
99.875, 81.125, 4.353276150081221e-22, nan 
100.125, 81.125, 4.860485511350851e-22, nan 
100.375, 81.125, 2.413471739496775e-22, nan 
100.625, 81.125, 2.9951367282658953e-22, nan 
100.875, 81.125, 2.317522433551132e-22, nan 
101.125, 81.125, 2.5525241323601756e-22, nan 
101.375, 81.125, 3.139174766727746e-22, nan 
101.625, 81.125, 2.3886490426453257e-22, nan 
101.875, 81.125, 9.798921748724877e-23, nan 
102.125, 81.125, 6.277710534964386e-23, nan 
102.375, 81.125, 2.2453247932688474e-22, nan 
102.625, 81.125, 1.797124560469206e-22, nan 
102.875, 81.125, 2.8115138236246465e-22, nan 
103.125, 81.125, 2.6299759298921167e-22, nan 
103.375, 81.125, 2.9330514204844013e-22, nan 
103.625, 81.125, 2.9618824932037225e-22, nan 
103.875, 81.125, 2.779038403832049e-22, nan 
104.125, 81.125, 3.3471625848434933e-22, nan 
104.375, 81.125, 4.364534191691981e-22, nan 
104.625, 81.125, 5.201658713951402e-22, nan 
104.875, 81.125, 5.205577473041964e-22, nan 
105.125, 81.125, 6.108308312269974e-22, nan 
105.375, 81.125, 4.648253176116578e-22, nan 
105.625, 81.125, 4.4440173099122935e-22, nan 
105.875, 81.125, 3.0915765853707902e-22, nan 
106.125, 81.125, 2.9085150063453503e-22, nan 
106.375, 81.125, 2.964067021992283e-22, nan 
106.625, 81.125, 4.418445361657958e-22, nan 
106.875, 81.125, 6.335909918350005e-22, nan 
107.125, 81.125, 5.565293394924282e-22, nan 
107.375, 81.125, 3.964331038696847e-22, nan 
107.625, 81.125, 3.883601256712028e-22, nan 
107.875, 81.125, 3.0731098265793506e-22, nan 
108.125, 81.125, 3.816299050575691e-22, nan 
108.375, 81.125, 4.798060641755589e-22, nan 
108.625, 81.125, 5.165853394194671e-22, nan 
108.875, 81.125, 4.6405105334569425e-22, nan 
109.125, 81.125, 4.587853996083168e-22, nan 
109.375, 81.125, 5.418834245828531e-22, nan 
109.625, 81.125, 4.2190934283333945e-22, nan 
109.875, 81.125, 6.15228848615524e-22, nan 
110.125, 81.125, 7.027964041097139e-22, nan 
110.375, 81.125, 4.861336064746433e-22, nan 
110.625, 81.125, 4.793795910041114e-22, nan 
110.875, 81.125, 3.7267423003485457e-22, nan 
111.125, 81.125, 6.60024469306296e-22, nan 
111.375, 81.125, 4.854643398210693e-22, nan 
111.625, 81.125, 4.1417797312641605e-22, nan 
111.875, 81.125, 5.961639303936576e-22, nan 
112.125, 81.125, 5.955945430502998e-22, nan 
112.375, 81.125, 6.502550800661499e-22, nan 
112.625, 81.125, 8.269166935878561e-22, nan 
112.875, 81.125, 8.334032773543976e-22, nan 
113.125, 81.125, 6.599081261678228e-22, nan 
113.375, 81.125, 6.941585464675206e-22, nan 
113.625, 81.125, 7.025293107475863e-22, nan 
113.875, 81.125, 7.564936538471918e-22, nan 
114.125, 81.125, 7.164613369199006e-22, nan 
114.375, 81.125, 7.976329309521209e-22, nan 
114.625, 81.125, 7.022556377573175e-22, nan 
114.875, 81.125, 7.456800881791641e-22, nan 
115.125, 81.125, 1.0125955994099997e-21, nan 
115.375, 81.125, 8.465683497573121e-22, nan 
115.625, 81.125, 4.922091127871853e-22, nan 
115.875, 81.125, 2.2325422781083355e-22, nan 
116.125, 81.125, 4.08707217841715e-22, nan 
116.375, 81.125, 9.53728071694603e-22, nan 
116.625, 81.125, 1.06839700756538e-21, nan 
116.875, 81.125, 9.810645893163985e-22, nan 
117.125, 81.125, 7.6196653329093065e-22, nan 
117.375, 81.125, 4.707240838218052e-22, nan 
117.625, 81.125, 7.704238608768714e-22, nan 
117.875, 81.125, 7.700923395313224e-22, nan 
118.125, 81.125, 5.476579411023006e-22, nan 
118.375, 81.125, 5.2256105121363795e-22, nan 
118.625, 81.125, 6.979289393897952e-22, nan 
118.875, 81.125, 3.76230938580628e-22, nan 
119.125, 81.125, 3.619003969300402e-22, nan 
119.375, 81.125, 2.838161364985645e-22, nan 
119.625, 81.125, 3.5482526894321985e-22, nan 
119.875, 81.125, 3.8971057892627525e-22, nan 
120.125, 81.125, 4.445641783454748e-22, nan 
120.375, 81.125, 4.293972529584321e-22, nan 
120.625, 81.125, 4.990261429348507e-22, nan 
120.875, 81.125, 4.569904203079302e-22, nan 
121.125, 81.125, 4.0629334041827567e-22, nan 
121.375, 81.125, 4.960804783794269e-22, nan 
121.625, 81.125, 4.98651380167358e-22, nan 
121.875, 81.125, 4.981960017501973e-22, nan 
122.125, 81.125, 5.143823338653453e-22, nan 
122.375, 81.125, 4.5253097355087605e-22, nan 
122.625, 81.125, 3.0644245681186743e-22, nan 
122.875, 81.125, 3.7620467570650317e-22, nan 
123.125, 81.125, 4.662435445848663e-22, nan 
123.375, 81.125, 4.268396396708102e-22, nan 
123.625, 81.125, 3.207387019678502e-22, nan 
123.875, 81.125, 2.862439134958291e-22, nan 
124.125, 81.125, 3.2708951247830588e-22, nan 
124.375, 81.125, 2.275905147676245e-22, nan 
124.625, 81.125, 1.6003901146980617e-22, nan 
124.875, 81.125, 1.523924004211234e-22, nan 
125.125, 81.125, 1.412480856352704e-22, nan 
125.375, 81.125, 1.4000679124180974e-22, nan 
125.625, 81.125, 1.3771102161396045e-22, nan 
125.875, 81.125, 1.0028476579461749e-22, nan 
126.125, 81.125, 1.228902282255622e-22, nan 
126.375, 81.125, 1.5323423502530334e-22, nan 
126.625, 81.125, 9.06104438787534e-23, nan 
126.875, 81.125, 6.949431306856027e-23, nan 
127.125, 81.125, 1.1712235206891437e-22, nan 
127.375, 81.125, 1.0142706181797155e-22, nan 
127.625, 81.125, 6.804481773623229e-23, nan 
127.875, 81.125, 5.850156767884134e-23, nan 
128.125, 81.125, 9.410740470826258e-23, nan 
128.375, 81.125, 1.4259058640255653e-22, nan 
128.625, 81.125, 1.4458371105660894e-22, nan 
128.875, 81.125, 1.8794096554958177e-22, nan 
129.125, 81.125, 1.333991102730919e-22, nan 
129.375, 81.125, 5.65554561727591e-23, nan 
129.625, 81.125, 7.68332595240486e-23, nan 
129.875, 81.125, 7.80366295975426e-23, nan 
130.125, 81.125, 9.945701964416004e-23, nan 
130.375, 81.125, 1.0422176695696655e-22, nan 
130.625, 81.125, 5.885127761499637e-23, nan 
130.875, 81.125, 6.674369132837723e-23, nan 
131.125, 81.125, 8.587602652473296e-23, nan 
131.375, 81.125, 1.3831498491678745e-22, nan 
131.625, 81.125, 6.121816597567586e-23, nan 
131.875, 81.125, 1.489586324373601e-22, nan 
132.125, 81.125, 2.0459378723930977e-22, nan 
132.375, 81.125, 1.4582839237780741e-22, nan 
132.625, 81.125, 1.5755057298412054e-22, nan 
132.875, 81.125, 1.3883502775859811e-22, nan 
133.125, 81.125, 1.5607065074480988e-22, nan 
133.375, 81.125, 2.0184278569022318e-22, nan 
133.625, 81.125, 1.6127214812865756e-22, nan 
133.875, 81.125, 1.5424023081026117e-22, nan 
134.125, 81.125, 1.650236399736345e-22, nan 
134.375, 81.125, 1.6605736044267013e-22, nan 
134.625, 81.125, 1.5644486312666542e-22, nan 
134.875, 81.125, 1.3699698315269323e-22, nan 
135.125, 81.125, 1.8836434944777136e-22, nan 
135.375, 81.125, 1.1735927541551673e-22, nan 
135.625, 81.125, 1.346979795924922e-22, nan 
135.875, 81.125, 1.1930804259471698e-22, nan 
136.125, 81.125, 1.6993719974071634e-22, nan 
136.375, 81.125, 9.545291768890955e-23, nan 
136.625, 81.125, 6.961539854252299e-23, nan 
136.875, 81.125, 1.3445326422017294e-22, nan 
137.125, 81.125, 2.887411770113964e-22, nan 
137.375, 81.125, 2.920853898974856e-22, nan 
137.625, 81.125, 3.8836287076758016e-22, nan 
137.875, 81.125, 2.6682977017674413e-22, nan 
138.125, 81.125, 4.203308195465403e-22, nan 
138.375, 81.125, 4.2023521005952827e-22, nan 
138.625, 81.125, 3.7693325981752977e-22, nan 
138.875, 81.125, 3.5703881530721786e-22, nan 
139.125, 81.125, 3.2494249538645897e-22, nan 
139.375, 81.125, 4.383977742684855e-22, nan 
139.625, 81.125, 3.077227756524138e-22, nan 
139.875, 81.125, 3.837772649200735e-22, nan 
140.125, 81.125, 3.1963213072986144e-22, nan 
140.375, 81.125, 2.991588956910731e-22, nan 
140.625, 81.125, 2.5495229045412505e-22, nan 
140.875, 81.125, 2.5591980983926255e-22, nan 
141.125, 81.125, 2.583352740124805e-22, nan 
141.375, 81.125, 2.191881805548322e-22, nan 
141.625, 81.125, 2.334329759881449e-22, nan 
141.875, 81.125, 2.2619083614066104e-22, nan 
142.125, 81.125, 2.1990185820118606e-22, nan 
142.375, 81.125, 2.2292451134698544e-22, nan 
142.625, 81.125, 2.3017148915191995e-22, nan 
142.875, 81.125, 2.2317421308812147e-22, nan 
143.125, 81.125, 1.996921596910266e-22, nan 
143.375, 81.125, 2.0032390321238976e-22, nan 
143.625, 81.125, 1.8248088099029899e-22, nan 
143.875, 81.125, 1.9567282539067647e-22, nan 
144.125, 81.125, 1.945277931475611e-22, nan 
144.375, 81.125, 1.783797696323441e-22, nan 
144.625, 81.125, 1.6948376870790075e-22, nan 
144.875, 81.125, 1.9289420336357312e-22, nan 
145.125, 81.125, 1.9158186390194373e-22, nan 
145.375, 81.125, 1.7125875212172682e-22, nan 
145.625, 81.125, 1.560593151692713e-22, nan 
145.875, 81.125, 1.7854803593147653e-22, nan 
146.125, 81.125, 1.8506971609917673e-22, nan 
146.375, 81.125, 1.988753838236146e-22, nan 
146.625, 81.125, 1.9408451661784065e-22, nan 
146.875, 81.125, 2.2932492539826203e-22, nan 
147.125, 81.125, 1.9108897946744386e-22, nan 
147.375, 81.125, 1.8993458596415246e-22, nan 
147.625, 81.125, 2.172008527454279e-22, nan 
147.875, 81.125, 2.1100581390987866e-22, nan 
148.125, 81.125, 2.1422706327128747e-22, nan 
148.375, 81.125, 2.224046618228781e-22, nan 
148.625, 81.125, 2.0194999528464344e-22, nan 
148.875, 81.125, 2.1838485625289833e-22, nan 
149.125, 81.125, 2.329861292502655e-22, nan 
149.375, 81.125, 1.9574404217367312e-22, nan 
149.625, 81.125, 2.0313723255925765e-22, nan 
149.875, 81.125, 1.9089241821451273e-22, nan 
150.125, 81.125, 1.9169886878605832e-22, nan 
150.375, 81.125, 2.0557016893569347e-22, nan 
150.625, 81.125, 1.8559190132489023e-22, nan 
150.875, 81.125, 2.0592476266107043e-22, nan 
151.125, 81.125, 2.151278481722537e-22, nan 
151.375, 81.125, 2.1164820532553082e-22, nan 
151.625, 81.125, 2.0054504769165297e-22, nan 
151.875, 81.125, 2.1011176513580943e-22, nan 
152.125, 81.125, 2.028736293840378e-22, nan 
152.375, 81.125, 2.0965944667665754e-22, nan 
152.625, 81.125, 2.0661826635173753e-22, nan 
152.875, 81.125, 1.9960154711916036e-22, nan 
153.125, 81.125, 1.9670091529267964e-22, nan 
153.375, 81.125, 1.8098020332938386e-22, nan 
153.625, 81.125, 1.9956952228498592e-22, nan 
153.875, 81.125, 1.7818180282897188e-22, nan 
154.125, 81.125, 1.7880202957004155e-22, nan 
154.375, 81.125, 1.905786520786268e-22, nan 
154.625, 81.125, 1.8577502854869744e-22, nan 
154.875, 81.125, 1.7030915919328385e-22, nan 
155.125, 81.125, 1.803220198201085e-22, nan 
155.375, 81.125, 1.8700348358287443e-22, nan 
155.625, 81.125, 1.7247565833641174e-22, nan 
155.875, 81.125, 1.7233323355984875e-22, nan 
156.125, 81.125, 1.8638335061885915e-22, nan 
156.375, 81.125, 1.7540355351327938e-22, nan 
156.625, 81.125, 1.5878000547847982e-22, nan 
156.875, 81.125, 1.8959345747896723e-22, nan 
157.125, 81.125, 1.8909669804971306e-22, nan 
157.375, 81.125, 1.32296869698607e-22, nan 
157.625, 81.125, 1.2123344395315362e-22, nan 
157.875, 81.125, 1.250412271125137e-22, nan 
158.125, 81.125, 1.2059458391045924e-22, nan 
158.375, 81.125, 1.078970906927928e-22, nan 
158.625, 81.125, 1.2332059170087953e-22, nan 
158.875, 81.125, 1.1348262511256473e-22, nan 
159.125, 81.125, 1.0792343517437345e-22, nan 
159.375, 81.125, 1.5418663164217825e-22, nan 
159.625, 81.125, 1.1365456556245587e-22, nan 
159.875, 81.125, 1.0461712973813715e-22, nan 
160.125, 81.125, 1.4323102759078166e-22, nan 
160.375, 81.125, 1.6584218973485016e-22, nan 
160.625, 81.125, 1.3426906183302464e-22, nan 
160.875, 81.125, 1.0214703273606762e-22, nan 
161.125, 81.125, 1.688200332900363e-22, nan 
161.375, 81.125, 1.1623313490352382e-22, nan 
161.625, 81.125, 1.0954434519157631e-22, nan 
161.875, 81.125, 1.2080648877401614e-22, nan 
162.125, 81.125, 1.391944550253425e-22, nan 
162.375, 81.125, 1.1406886706701726e-22, nan 
162.625, 81.125, 9.241669113876298e-23, nan 
162.875, 81.125, 1.0249490455748457e-22, nan 
163.125, 81.125, 9.183982773817498e-23, nan 
163.375, 81.125, 8.810918791719842e-23, nan 
163.625, 81.125, 8.587471924532475e-23, nan 
163.875, 81.125, 8.433316813024293e-23, nan 
164.125, 81.125, 8.574905982851745e-23, nan 
164.375, 81.125, 7.899434733275169e-23, nan 
164.625, 81.125, 8.5698072798927e-23, nan 
164.875, 81.125, 8.378202594435825e-23, nan 
165.125, 81.125, 7.912324038118665e-23, nan 
165.375, 81.125, 7.85096314315288e-23, nan 
165.625, 81.125, 7.925796825763067e-23, nan 
165.875, 81.125, 7.789467968546604e-23, nan 
166.125, 81.125, 7.801093116104185e-23, nan 
166.375, 81.125, 7.566521381305684e-23, nan 
166.625, 81.125, 7.914738600205964e-23, nan 
166.875, 81.125, 7.524135785074665e-23, nan 
167.125, 81.125, 7.26897753357778e-23, nan 
167.375, 81.125, 8.041172217225098e-23, nan 
167.625, 81.125, 7.747575471202657e-23, nan 
167.875, 81.125, 7.625686564282639e-23, nan 
168.125, 81.125, 7.632937148327295e-23, nan 
168.375, 81.125, 7.993152354924537e-23, nan 
168.625, 81.125, 7.912923416119304e-23, nan 
168.875, 81.125, 8.08169594583963e-23, nan 
169.125, 81.125, 8.478169352726464e-23, nan 
169.375, 81.125, 8.657717379550588e-23, nan 
169.625, 81.125, 6.887874484872724e-23, nan 
169.875, 81.125, 6.49770233661316e-23, nan 
170.125, 81.125, 7.744264416002637e-23, nan 
170.375, 81.125, 7.000328427101403e-23, nan 
170.625, 81.125, 6.696322740875227e-23, nan 
170.875, 81.125, 6.413827302340507e-23, nan 
171.125, 81.125, 5.904520867313943e-23, nan 
171.375, 81.125, 5.604693057208628e-23, nan 
171.625, 81.125, 5.729651669420695e-23, nan 
171.875, 81.125, 5.491574288203177e-23, nan 
172.125, 81.125, 4.736304884094482e-23, nan 
172.375, 81.125, 4.7395599366166754e-23, nan 
172.625, 81.125, 4.741289367484638e-23, nan 
172.875, 81.125, 4.0948081869740845e-23, nan 
173.125, 81.125, 4.013303172536298e-23, nan 
173.375, 81.125, 3.9797233923478587e-23, nan 
173.625, 81.125, 3.369411837661956e-23, nan 
173.875, 81.125, 3.053853724067377e-23, nan 
174.125, 81.125, 2.8651675431428034e-23, nan 
174.375, 81.125, 3.185933842065998e-23, nan 
174.625, 81.125, 2.984238627258672e-23, nan 
174.875, 81.125, 2.9722982013572224e-23, nan 
175.125, 81.125, 2.831804193646136e-23, nan 
175.375, 81.125, 2.8205286358433616e-23, nan 
175.625, 81.125, 2.891226854648398e-23, nan 
175.875, 81.125, 2.678629051595925e-23, nan 
176.125, 81.125, 2.815570437729777e-23, nan 
176.375, 81.125, 2.8205264477220495e-23, nan 
176.625, 81.125, 2.7312406584770103e-23, nan 
176.875, 81.125, 2.9843045214867496e-23, nan 
177.125, 81.125, 2.79138170596418e-23, nan 
177.375, 81.125, 2.670646063577338e-23, nan 
177.625, 81.125, 2.8684909940733335e-23, nan 
177.875, 81.125, 2.7137306078199054e-23, nan 
178.125, 81.125, 2.5971480130894285e-23, nan 
178.375, 81.125, 2.4540100164547354e-23, nan 
178.625, 81.125, 2.469358147488986e-23, nan 
178.875, 81.125, 2.5734578528284718e-23, nan 
179.125, 81.125, 2.3353251280699907e-23, nan 
179.375, 81.125, 2.3940693028839643e-23, nan 
179.625, 81.125, 2.593672304438546e-23, nan 
179.875, 81.125, 2.416836088169535e-23, nan 
-179.875, 81.375, 2.1381464941484236e-23, nan 
-179.625, 81.375, 2.1906952729252778e-23, nan 
-179.375, 81.375, 2.1103093316837108e-23, nan 
-179.125, 81.375, 1.9937150042153232e-23, nan 
-178.875, 81.375, 2.09465565467005e-23, nan 
-178.625, 81.375, 1.9846937409459725e-23, nan 
-178.375, 81.375, 2.0258467508804453e-23, nan 
-178.125, 81.375, 1.8681645769662148e-23, nan 
-177.875, 81.375, 1.938911272111699e-23, nan 
-177.625, 81.375, 1.7273389720571356e-23, nan 
-177.375, 81.375, 1.9378305360143535e-23, nan 
-177.125, 81.375, 1.7383928367508485e-23, nan 
-176.875, 81.375, 1.7894745281648488e-23, nan 
-176.625, 81.375, 1.9098506406861753e-23, nan 
-176.375, 81.375, 1.9813033043630574e-23, nan 
-176.125, 81.375, 1.7373882370157005e-23, nan 
-175.875, 81.375, 2.0071117387008324e-23, nan 
-175.625, 81.375, 1.9356150362378333e-23, nan 
-175.375, 81.375, 1.9332500909022445e-23, nan 
-175.125, 81.375, 2.2540375724008267e-23, nan 
-174.875, 81.375, 2.2382325561653664e-23, nan 
-174.625, 81.375, 1.9870682493740243e-23, nan 
-174.375, 81.375, 2.124296045695668e-23, nan 
-174.125, 81.375, 1.9009964584791565e-23, nan 
-173.875, 81.375, 1.9985071385540748e-23, nan 
-173.625, 81.375, 1.9907570788603137e-23, nan 
-173.375, 81.375, 2.137941157064469e-23, nan 
-173.125, 81.375, 2.1624018039694334e-23, nan 
-172.875, 81.375, 2.215656690483889e-23, nan 
-172.625, 81.375, 1.9692847316679097e-23, nan 
-172.375, 81.375, 2.310031195387536e-23, nan 
-172.125, 81.375, 2.4169837427750035e-23, nan 
-171.875, 81.375, 1.9152022322972284e-23, nan 
-171.625, 81.375, 2.180479665552819e-23, nan 
-171.375, 81.375, 2.3940011608052506e-23, nan 
-171.125, 81.375, 2.3019624987157974e-23, nan 
-170.875, 81.375, 2.7497682538855876e-23, nan 
-170.625, 81.375, 2.3149139710705667e-23, nan 
-170.375, 81.375, 1.7982097961580117e-23, nan 
-170.125, 81.375, 1.6762859250535078e-23, nan 
-169.875, 81.375, 3.2551127487084126e-23, nan 
-169.625, 81.375, 6.269400218901537e-23, nan 
-169.375, 81.375, 1.4661574326587616e-22, nan 
-169.125, 81.375, 4.4344682759071306e-23, nan 
-168.875, 81.375, 3.128120915017028e-23, nan 
-168.625, 81.375, 2.951351941160159e-23, nan 
-168.375, 81.375, 2.668269593874962e-23, nan 
-168.125, 81.375, 2.307257130885112e-23, nan 
-167.875, 81.375, 2.0118570717590586e-23, nan 
-167.625, 81.375, 1.838165725560118e-23, nan 
-167.375, 81.375, 1.7646845649517034e-23, nan 
-167.125, 81.375, 1.7772252167097517e-23, nan 
-166.875, 81.375, 1.7036042356302252e-23, nan 
-166.625, 81.375, 1.6715351235319673e-23, nan 
-166.375, 81.375, 1.7064741166445838e-23, nan 
-166.125, 81.375, 1.2820832662866156e-23, nan 
-165.875, 81.375, 9.754230973400842e-24, nan 
-165.625, 81.375, 9.111187035023767e-24, nan 
-165.375, 81.375, 1.1083165077760853e-23, nan 
-165.125, 81.375, 8.218672404709079e-24, nan 
-164.875, 81.375, 6.835013018925692e-24, nan 
-164.625, 81.375, 6.328225721064328e-24, nan 
-164.375, 81.375, 6.278242616100856e-24, nan 
-164.125, 81.375, 6.295200655675667e-24, nan 
-163.875, 81.375, 5.474751895657255e-24, nan 
-163.625, 81.375, 4.8489259889198146e-24, nan 
-163.375, 81.375, 4.332890178334614e-24, nan 
-163.125, 81.375, 3.915923177901951e-24, nan 
-162.875, 81.375, 4.022726348531521e-24, nan 
-162.625, 81.375, 3.761920592186942e-24, nan 
-162.375, 81.375, 3.6032601240206035e-24, nan 
-162.125, 81.375, 3.410924040790469e-24, nan 
-161.875, 81.375, 3.5273612851460236e-24, nan 
-161.625, 81.375, 3.4780158735606855e-24, nan 
-161.375, 81.375, 3.436339364700264e-24, nan 
-161.125, 81.375, 3.2919052230661855e-24, nan 
-160.875, 81.375, 3.60174962563864e-24, nan 
-160.625, 81.375, 3.541302682187725e-24, nan 
-160.375, 81.375, 3.594454528447155e-24, nan 
-160.125, 81.375, 3.622581544493975e-24, nan 
-159.875, 81.375, 3.477113872886172e-24, nan 
-159.625, 81.375, 3.6253075168724115e-24, nan 
-159.375, 81.375, 3.463254150337813e-24, nan 
-159.125, 81.375, 3.4840100114165714e-24, nan 
-158.875, 81.375, 3.432618948448261e-24, nan 
-158.625, 81.375, 3.578828464875168e-24, nan 
-158.375, 81.375, 3.4275737977240825e-24, nan 
-158.125, 81.375, 3.082325638370269e-24, nan 
-157.875, 81.375, 3.1124471617619724e-24, nan 
-157.625, 81.375, 3.326802703553933e-24, nan 
-157.375, 81.375, 3.4808432126051996e-24, nan 
-157.125, 81.375, 3.141274035694512e-24, nan 
-156.875, 81.375, 3.102841665649492e-24, nan 
-156.625, 81.375, 3.07771172199846e-24, nan 
-156.375, 81.375, 3.189482794821394e-24, nan 
-156.125, 81.375, 3.1735567208289936e-24, nan 
-155.875, 81.375, 3.1331481297965683e-24, nan 
-155.625, 81.375, 3.052467970541389e-24, nan 
-155.375, 81.375, 2.911324198896981e-24, nan 
-155.125, 81.375, 2.9362285893468996e-24, nan 
-154.875, 81.375, 3.1959502427621374e-24, nan 
-154.625, 81.375, 2.937384964632164e-24, nan 
-154.375, 81.375, 2.846929492067895e-24, nan 
-154.125, 81.375, 2.9374143596631566e-24, nan 
-153.875, 81.375, 2.9959751174464207e-24, nan 
-153.625, 81.375, 2.958341355428699e-24, nan 
-153.375, 81.375, 2.765984586432485e-24, nan 
-153.125, 81.375, 2.5819984333253033e-24, nan 
-152.875, 81.375, 2.5271196184397408e-24, nan 
-152.625, 81.375, 2.9542925590494193e-24, nan 
-152.375, 81.375, 2.5438056147150403e-24, nan 
-152.125, 81.375, 2.6109969896641708e-24, nan 
-151.875, 81.375, 2.7450350986790683e-24, nan 
-151.625, 81.375, 2.7375756594850085e-24, nan 
-151.375, 81.375, 2.902240484666977e-24, nan 
-151.125, 81.375, 2.7898783666304393e-24, nan 
-150.875, 81.375, 2.417403971335408e-24, nan 
-150.625, 81.375, 2.5933940461772204e-24, nan 
-150.375, 81.375, 3.034902060491689e-24, nan 
-150.125, 81.375, 2.708680344109026e-24, nan 
-149.875, 81.375, 2.763726608200866e-24, nan 
-149.625, 81.375, 2.6230572945063998e-24, nan 
-149.375, 81.375, 2.6674260407869005e-24, nan 
-149.125, 81.375, 2.687955976951872e-24, nan 
-148.875, 81.375, 2.7060050408135163e-24, nan 
-148.625, 81.375, 2.5704061567867837e-24, nan 
-148.375, 81.375, 2.7795878980501493e-24, nan 
-148.125, 81.375, 2.694274910226558e-24, nan 
-147.875, 81.375, 2.4701728185880332e-24, nan 
-147.625, 81.375, 2.7227526022094773e-24, nan 
-147.375, 81.375, 2.4611834934641598e-24, nan 
-147.125, 81.375, 2.4526010311192165e-24, nan 
-146.875, 81.375, 2.5625408255201107e-24, nan 
-146.625, 81.375, 2.34005534327785e-24, nan 
-146.375, 81.375, 2.3112912012068527e-24, nan 
-146.125, 81.375, 2.563613929765505e-24, nan 
-145.875, 81.375, 2.4589597227507733e-24, nan 
-145.625, 81.375, 2.257590163996638e-24, nan 
-145.375, 81.375, 2.2574315576011066e-24, nan 
-145.125, 81.375, 2.2041728166080915e-24, nan 
-144.875, 81.375, 2.265207117148624e-24, nan 
-144.625, 81.375, 2.098662183635722e-24, nan 
-144.375, 81.375, 2.1980121487577135e-24, nan 
-144.125, 81.375, 2.1486765629002925e-24, nan 
-143.875, 81.375, 2.110694644582642e-24, nan 
-143.625, 81.375, 2.0599946066256306e-24, nan 
-143.375, 81.375, 2.0120531713693907e-24, nan 
-143.125, 81.375, 1.964006881141279e-24, nan 
-142.875, 81.375, 1.9689118929602476e-24, nan 
-142.625, 81.375, 1.96315557093699e-24, nan 
-142.375, 81.375, 2.046684523741548e-24, nan 
-142.125, 81.375, 1.7893414432096373e-24, nan 
-141.875, 81.375, 1.928169764131896e-24, nan 
-141.625, 81.375, 1.6914032385013685e-24, nan 
-141.375, 81.375, 1.7445646684684802e-24, nan 
-141.125, 81.375, 1.8554906791956684e-24, nan 
-140.875, 81.375, 1.6836713223076712e-24, nan 
-140.625, 81.375, 1.8172553141919278e-24, nan 
-140.375, 81.375, 1.6612296550192075e-24, nan 
-140.125, 81.375, 1.5428486813432983e-24, nan 
-139.875, 81.375, 1.5672993866698376e-24, nan 
-139.625, 81.375, 1.5354673702002434e-24, nan 
-139.375, 81.375, 1.4815719434220097e-24, nan 
-139.125, 81.375, 1.6008913843216821e-24, nan 
-138.875, 81.375, 1.532799044595053e-24, nan 
-138.625, 81.375, 1.4574836801117108e-24, nan 
-138.375, 81.375, 1.5540301184642257e-24, nan 
-138.125, 81.375, 1.5497551716152971e-24, nan 
-137.875, 81.375, 1.4882324406762836e-24, nan 
-137.625, 81.375, 1.4846267543781836e-24, nan 
-137.375, 81.375, 1.4244681099868828e-24, nan 
-137.125, 81.375, 1.3871321213533452e-24, nan 
-136.875, 81.375, 1.3224104792649969e-24, nan 
-136.625, 81.375, 1.4024633220749952e-24, nan 
-136.375, 81.375, 1.4773333803340558e-24, nan 
-136.125, 81.375, 1.3915679716153102e-24, nan 
-135.875, 81.375, 1.3945012830773547e-24, nan 
-135.625, 81.375, 1.517988342315723e-24, nan 
-135.375, 81.375, 1.4306579962514523e-24, nan 
-135.125, 81.375, 1.4399015005879678e-24, nan 
-134.875, 81.375, 1.414730697844068e-24, nan 
-134.625, 81.375, 1.4763701669904144e-24, nan 
-134.375, 81.375, 1.531369916099834e-24, nan 
-134.125, 81.375, 1.6408412967414996e-24, nan 
-133.875, 81.375, 1.717907569211433e-24, nan 
-133.625, 81.375, 1.684102724143945e-24, nan 
-133.375, 81.375, 1.773142974007602e-24, nan 
-133.125, 81.375, 1.8081558063777973e-24, nan 
-132.875, 81.375, 1.817428713487152e-24, nan 
-132.625, 81.375, 1.8478990894422076e-24, nan 
-132.375, 81.375, 1.9618017873232785e-24, nan 
-132.125, 81.375, 1.940108673539572e-24, nan 
-131.875, 81.375, 2.074681912843421e-24, nan 
-131.625, 81.375, 2.3713714590834063e-24, nan 
-131.375, 81.375, 2.4681346039017007e-24, nan 
-131.125, 81.375, 2.4486446636102268e-24, nan 
-130.875, 81.375, 2.4267246912698273e-24, nan 
-130.625, 81.375, 2.536293605109082e-24, nan 
-130.375, 81.375, 2.9842328593924484e-24, nan 
-130.125, 81.375, 2.965934862441185e-24, nan 
-129.875, 81.375, 3.124891825374375e-24, nan 
-129.625, 81.375, 3.195529128572242e-24, nan 
-129.375, 81.375, 3.526259078947242e-24, nan 
-129.125, 81.375, 3.692468300302984e-24, nan 
-128.875, 81.375, 3.75885455430821e-24, nan 
-128.625, 81.375, 3.874895700877341e-24, nan 
-128.375, 81.375, 3.922211302738426e-24, nan 
-128.125, 81.375, 3.87573347235914e-24, nan 
-127.875, 81.375, 4.0254659431824366e-24, nan 
-127.625, 81.375, 4.139857580106235e-24, nan 
-127.375, 81.375, 3.871459682813626e-24, nan 
-127.125, 81.375, 4.567563689748705e-24, nan 
-126.875, 81.375, 5.031005325598533e-24, nan 
-126.625, 81.375, 1.0735922977578082e-23, nan 
-126.375, 81.375, 1.2120642894745513e-23, nan 
-126.125, 81.375, 1.4383290450263983e-23, nan 
-125.875, 81.375, 1.3030872556276564e-23, nan 
-125.625, 81.375, 1.1090267768041506e-23, nan 
-125.375, 81.375, 8.810545594496912e-24, nan 
-125.125, 81.375, 9.628332288068246e-24, nan 
-124.875, 81.375, 9.639157350084573e-24, nan 
-124.625, 81.375, 9.477612142251637e-24, nan 
-124.375, 81.375, 1.093510387435455e-23, nan 
-124.125, 81.375, 9.625335282620913e-24, nan 
-123.875, 81.375, 1.0864287630840358e-23, nan 
-123.625, 81.375, 1.0550005472819277e-23, nan 
-123.375, 81.375, 1.0315933124041596e-23, nan 
-123.125, 81.375, 1.1010818990508912e-23, nan 
-122.875, 81.375, 1.1129885464298589e-23, nan 
-122.625, 81.375, 1.0585867162008099e-23, nan 
-122.375, 81.375, 1.0424640487194422e-23, nan 
-122.125, 81.375, 1.0966432492713992e-23, nan 
-121.875, 81.375, 7.495809480165989e-24, nan 
-121.625, 81.375, 5.884993868828072e-24, nan 
-121.375, 81.375, 5.6806307419485804e-24, nan 
-121.125, 81.375, 4.142515006589072e-24, nan 
-120.875, 81.375, 3.8220854319102155e-24, nan 
-120.625, 81.375, 3.661604093870407e-24, nan 
-120.375, 81.375, 4.670057701738082e-24, nan 
-120.125, 81.375, 4.722063838082895e-24, nan 
-119.875, 81.375, 4.2775541143244685e-24, nan 
-119.625, 81.375, 3.973524307564781e-24, nan 
-119.375, 81.375, 3.779253430817779e-24, nan 
-119.125, 81.375, 3.6707026674063856e-24, nan 
-118.875, 81.375, 2.836237992466474e-24, nan 
-118.625, 81.375, 2.747145889089108e-24, nan 
-118.375, 81.375, 3.435633474782738e-24, nan 
-118.125, 81.375, 1.6734494299608297e-24, nan 
-117.875, 81.375, 3.0311199523420644e-24, nan 
-117.625, 81.375, 3.6582942954517854e-24, nan 
-117.375, 81.375, 5.4443351944665304e-24, nan 
-117.125, 81.375, 7.830192470281831e-24, nan 
-116.875, 81.375, 1.0153239967732308e-23, nan 
-116.625, 81.375, 1.1818635345789103e-23, nan 
-37.875, 81.375, 7.123770208748584e-24, nan 
-37.625, 81.375, 9.059091076094496e-24, nan 
-37.375, 81.375, 1.0269881120042531e-23, nan 
-37.125, 81.375, 8.793270038247139e-24, nan 
-36.875, 81.375, 7.544690093155079e-24, nan 
-36.625, 81.375, 8.234046077454142e-24, nan 
-36.375, 81.375, 6.205979008072655e-24, nan 
-36.125, 81.375, 5.728171251859008e-24, nan 
-35.875, 81.375, 1.0072923415073261e-23, nan 
-35.625, 81.375, 8.794607008311327e-24, nan 
-35.375, 81.375, 6.2544812554922546e-24, nan 
-35.125, 81.375, 6.364888817736476e-24, nan 
-34.875, 81.375, 7.69986946041157e-24, nan 
-34.625, 81.375, 7.713969496661523e-24, nan 
-34.375, 81.375, 7.4114891643362e-24, nan 
-34.125, 81.375, 9.299742402023069e-24, nan 
-33.875, 81.375, 9.317335686784057e-24, nan 
-33.625, 81.375, 6.805689167621431e-24, nan 
-33.375, 81.375, 3.363421769934405e-24, nan 
-33.125, 81.375, 5.158177402917567e-24, nan 
-32.875, 81.375, 7.880445285820369e-24, nan 
-32.625, 81.375, 9.596250300959216e-24, nan 
-32.375, 81.375, 1.3430586853252222e-23, nan 
-32.125, 81.375, 1.7324038659096206e-23, nan 
-31.875, 81.375, 1.9582059059610088e-23, nan 
-31.625, 81.375, 1.569266781019601e-23, nan 
-31.375, 81.375, 1.3800658712423122e-23, nan 
-31.125, 81.375, 1.035229329906614e-23, nan 
-30.875, 81.375, 9.559316060950548e-24, nan 
-30.625, 81.375, 1.0696268715119814e-23, nan 
-30.375, 81.375, 1.2455753667769225e-23, nan 
-30.125, 81.375, 1.4083433075014465e-23, nan 
-29.875, 81.375, 1.0978832455979517e-23, nan 
-29.625, 81.375, 7.667175018603093e-24, nan 
-29.375, 81.375, 4.462196982854234e-24, nan 
-29.125, 81.375, 2.5446590457126196e-24, nan 
-28.875, 81.375, 2.7954205631813314e-24, nan 
-28.625, 81.375, 3.796111926294918e-24, nan 
-28.375, 81.375, 8.329980764489995e-24, nan 
-28.125, 81.375, 1.0636632804997688e-23, nan 
-27.875, 81.375, 7.4618678274686e-24, nan 
-27.625, 81.375, 6.133005980062227e-24, nan 
-27.375, 81.375, 1.0335536244831938e-23, nan 
-27.125, 81.375, 1.2323838248191168e-23, nan 
-26.875, 81.375, 1.1040814463657343e-23, nan 
-26.625, 81.375, 7.550786284626822e-24, nan 
-26.375, 81.375, 8.993703905663422e-24, nan 
-26.125, 81.375, 8.30435619812063e-24, nan 
-25.875, 81.375, 6.199851920007649e-24, nan 
-25.625, 81.375, 2.3038895108750908e-23, nan 
-25.375, 81.375, 2.578420571150894e-23, nan 
-25.125, 81.375, 2.3159253404980286e-23, nan 
-24.875, 81.375, 1.6212593451626497e-23, nan 
-24.625, 81.375, 1.891628072595718e-23, nan 
-24.375, 81.375, 1.8569509581777886e-23, nan 
-24.125, 81.375, 8.546606588756441e-24, nan 
-23.875, 81.375, 1.6421659422174886e-23, nan 
-23.625, 81.375, 1.7351946012084463e-23, nan 
-23.375, 81.375, 1.600118836526982e-23, nan 
-23.125, 81.375, 9.392592105322681e-24, nan 
-22.875, 81.375, 6.439625889933274e-24, nan 
-22.625, 81.375, 6.371320665274448e-24, nan 
-22.375, 81.375, 6.699000400002179e-24, nan 
-22.125, 81.375, 3.800729046378739e-24, nan 
-21.875, 81.375, 2.037527025118832e-24, nan 
-21.625, 81.375, 4.264247795609811e-24, nan 
-21.375, 81.375, 6.928226217385699e-24, nan 
-21.125, 81.375, 9.607067458490792e-24, nan 
-20.875, 81.375, 1.3809844583867802e-23, nan 
-20.625, 81.375, 1.637373396572969e-23, nan 
-20.375, 81.375, 1.2303378312016952e-23, nan 
-20.125, 81.375, 1.2549293025268548e-23, nan 
-19.875, 81.375, 1.384693510549399e-23, nan 
-19.625, 81.375, 1.4011668541292197e-23, nan 
-19.375, 81.375, 1.3677084706857356e-23, nan 
-19.125, 81.375, 1.2705096383214422e-23, nan 
-18.875, 81.375, 1.268272620963121e-23, nan 
-18.625, 81.375, 9.31650990725988e-24, nan 
-18.375, 81.375, 5.504859069360841e-24, nan 
-18.125, 81.375, 4.1508538479839205e-24, nan 
-17.875, 81.375, 2.941968375730933e-24, nan 
-17.625, 81.375, 3.637439052081791e-24, nan 
-17.375, 81.375, 9.584291518234788e-24, nan 
-17.125, 81.375, 7.418393089127976e-24, nan 
-16.875, 81.375, 3.028848338291301e-24, nan 
-16.625, 81.375, 2.1955486127028485e-24, nan 
-16.375, 81.375, 2.7207731271559705e-24, nan 
-16.125, 81.375, 4.3326401439470575e-24, nan 
-15.875, 81.375, 9.128065457923641e-24, nan 
-15.625, 81.375, 1.8908399512865423e-23, nan 
-15.375, 81.375, 1.56073091022456e-23, nan 
-15.125, 81.375, 9.902158979524183e-24, nan 
-14.875, 81.375, 7.353209909846751e-24, nan 
-14.625, 81.375, 5.6987092901472175e-24, nan 
-14.375, 81.375, 4.7856554252104136e-24, nan 
-14.125, 81.375, 7.477980226578282e-24, nan 
-13.875, 81.375, 1.4642868277597377e-23, nan 
-13.625, 81.375, 1.2937191295610211e-23, nan 
-13.375, 81.375, 9.005916152168887e-24, nan 
-13.125, 81.375, 6.46288074186641e-24, nan 
-12.875, 81.375, 5.580835870558054e-24, nan 
-12.625, 81.375, 6.256373839597035e-24, nan 
-12.375, 81.375, 7.476692465857929e-24, nan 
-12.125, 81.375, 4.5919510499888125e-24, nan 
-11.875, 81.375, 4.3580449468981594e-24, nan 
-11.625, 81.375, 5.153678558682905e-24, nan 
-11.375, 81.375, 3.869907738545144e-24, nan 
-11.125, 81.375, 3.651574527882385e-24, nan 
-10.875, 81.375, 4.5647022189747416e-24, nan 
-10.625, 81.375, 5.277477244594576e-24, nan 
-10.375, 81.375, 5.122095490233042e-24, nan 
-10.125, 81.375, 2.3752795227768778e-24, nan 
-9.875, 81.375, 3.2678970259990417e-24, nan 
-9.625, 81.375, 3.1847753526363265e-24, nan 
-9.375, 81.375, 3.4557610971779704e-24, nan 
-9.125, 81.375, 4.0059375828285905e-24, nan 
-8.875, 81.375, 8.762884302862808e-24, nan 
-8.625, 81.375, 9.134531052772689e-24, nan 
-8.375, 81.375, 7.372130161735329e-24, nan 
-8.125, 81.375, 5.310479660047908e-24, nan 
-7.875, 81.375, 5.9357418019646214e-24, nan 
-7.625, 81.375, 6.415648146757868e-24, nan 
-7.375, 81.375, 6.846383101559691e-24, nan 
-7.125, 81.375, 8.83696657124319e-24, nan 
-6.875, 81.375, 8.687971994778402e-24, nan 
-6.625, 81.375, 7.259556228415771e-24, nan 
-6.375, 81.375, 5.47445879922425e-24, nan 
-6.125, 81.375, 5.241636855316734e-24, nan 
-5.875, 81.375, 4.698424308772864e-24, nan 
-5.625, 81.375, 3.580040065412186e-24, nan 
-5.375, 81.375, 3.824293397800029e-24, nan 
-5.125, 81.375, 5.006985069151441e-24, nan 
-4.875, 81.375, 5.710264001222231e-24, nan 
-4.625, 81.375, 3.066751359190308e-24, nan 
-4.375, 81.375, 2.1490610169645117e-24, nan 
-4.125, 81.375, 3.2287698158671167e-24, nan 
-3.875, 81.375, 5.2562283010444396e-24, nan 
-3.625, 81.375, 7.537844564984762e-24, nan 
-3.375, 81.375, 8.651612754914818e-24, nan 
-3.125, 81.375, 7.62912593918845e-24, nan 
-2.875, 81.375, 6.538996172029836e-24, nan 
-2.625, 81.375, 5.94712460540283e-24, nan 
-2.375, 81.375, 6.179322215120211e-24, nan 
-2.125, 81.375, 6.56466128371827e-24, nan 
-1.875, 81.375, 7.0161593836954e-24, nan 
-1.625, 81.375, 6.694155528149781e-24, nan 
-1.375, 81.375, 5.6446691686610725e-24, nan 
-1.125, 81.375, 5.546848680871756e-24, nan 
-0.875, 81.375, 5.943945920569281e-24, nan 
-0.625, 81.375, 7.588913143534437e-24, nan 
-0.375, 81.375, 7.09625933187601e-24, nan 
-0.125, 81.375, 5.274410970450013e-24, nan 
0.125, 81.375, 3.73957349366387e-24, nan 
0.375, 81.375, 5.723292983482001e-24, nan 
0.625, 81.375, 5.8475538716965625e-24, nan 
0.875, 81.375, 7.409553158521091e-24, nan 
1.125, 81.375, 1.2941060335885663e-23, nan 
1.375, 81.375, 1.707405455848263e-23, nan 
1.625, 81.375, 2.1835344345695826e-23, nan 
1.875, 81.375, 1.0092917123903808e-23, nan 
2.125, 81.375, 1.148209213067658e-23, nan 
2.375, 81.375, 1.0622049702018959e-23, nan 
2.625, 81.375, 7.587618814185214e-24, nan 
2.875, 81.375, 8.047576750713528e-24, nan 
3.125, 81.375, 8.963156569479502e-24, nan 
3.375, 81.375, 8.717885479607853e-24, nan 
3.625, 81.375, 9.454349630880434e-24, nan 
3.875, 81.375, 1.0168995694358601e-23, nan 
4.125, 81.375, 9.314816053156065e-24, nan 
4.375, 81.375, 6.97569279657468e-24, nan 
4.625, 81.375, 6.997921228553353e-24, nan 
4.875, 81.375, 6.402487769866433e-24, nan 
5.125, 81.375, 4.706739513239156e-24, nan 
5.375, 81.375, 3.491291861182453e-24, nan 
5.625, 81.375, 3.577253760141658e-24, nan 
5.875, 81.375, 3.2760343634282633e-24, nan 
6.125, 81.375, 2.780231219938316e-24, nan 
6.375, 81.375, 3.827803126007381e-24, nan 
6.625, 81.375, 3.521205903801184e-24, nan 
6.875, 81.375, 3.786325750354335e-24, nan 
7.125, 81.375, 4.663579367604589e-24, nan 
7.375, 81.375, 7.116217353558626e-24, nan 
7.625, 81.375, 9.456845787400485e-24, nan 
7.875, 81.375, 1.408513344423619e-23, nan 
8.125, 81.375, 1.894829610059495e-23, nan 
8.375, 81.375, 2.7944819345934056e-23, nan 
8.625, 81.375, 3.402546416511529e-23, nan 
8.875, 81.375, 3.4849141028338047e-23, nan 
9.125, 81.375, 2.3129564175625397e-23, nan 
9.375, 81.375, 1.1545705733613844e-23, nan 
9.625, 81.375, 7.787945549689608e-24, nan 
9.875, 81.375, 6.484533130884488e-24, nan 
10.125, 81.375, 7.35590387878922e-24, nan 
10.375, 81.375, 9.183468418073678e-24, nan 
10.625, 81.375, 1.2250068214067935e-23, nan 
10.875, 81.375, 1.6333636067609267e-23, nan 
11.125, 81.375, 1.629168233800713e-23, nan 
11.375, 81.375, 2.3296238826297095e-23, nan 
11.625, 81.375, 3.318635705541069e-23, nan 
11.875, 81.375, 1.94365930809211e-23, nan 
12.125, 81.375, 9.319232967580672e-24, nan 
12.375, 81.375, 5.382928564709874e-24, nan 
12.625, 81.375, 6.364690569690699e-24, nan 
12.875, 81.375, 6.165852015986417e-24, nan 
13.125, 81.375, 4.497937618621975e-24, nan 
13.375, 81.375, 3.976826275581409e-24, nan 
13.625, 81.375, 4.2532018942809206e-24, nan 
13.875, 81.375, 4.93413944457669e-24, nan 
14.125, 81.375, 5.7665364882147096e-24, nan 
14.375, 81.375, 6.505857169061798e-24, nan 
14.625, 81.375, 6.66510885336027e-24, nan 
14.875, 81.375, 6.766605634708183e-24, nan 
15.125, 81.375, 8.079632990740953e-24, nan 
15.375, 81.375, 8.09760562988289e-24, nan 
15.625, 81.375, 8.742312120330326e-24, nan 
15.875, 81.375, 9.248578756233817e-24, nan 
16.125, 81.375, 7.96532442554916e-24, nan 
16.375, 81.375, 6.50039116070114e-24, nan 
16.625, 81.375, 6.302993389261257e-24, nan 
16.875, 81.375, 8.586316785309974e-24, nan 
17.125, 81.375, 9.425291787544206e-24, nan 
17.375, 81.375, 1.2450356090311225e-23, nan 
17.625, 81.375, 2.6607559737562195e-23, nan 
17.875, 81.375, 3.156497272713111e-23, nan 
18.125, 81.375, 2.7884737524004716e-23, nan 
18.375, 81.375, 2.4022273847110367e-23, nan 
18.625, 81.375, 2.2729176752995325e-23, nan 
18.875, 81.375, 1.3974653150129547e-23, nan 
19.125, 81.375, 1.7886202861445782e-23, nan 
19.375, 81.375, 4.735365698067226e-23, nan 
19.625, 81.375, 5.637953512146041e-23, nan 
19.875, 81.375, 4.8743396397045557e-23, nan 
20.125, 81.375, 4.6606958959524734e-23, nan 
20.375, 81.375, 4.8158113127071126e-23, nan 
20.625, 81.375, 4.1043760228239986e-23, nan 
20.875, 81.375, 3.4384804968367813e-23, nan 
21.125, 81.375, 3.701142930005549e-23, nan 
21.375, 81.375, 5.770711852351606e-23, nan 
21.625, 81.375, 3.188041613670554e-23, nan 
21.875, 81.375, 3.8920079044800735e-23, nan 
22.125, 81.375, 7.394417411014819e-23, nan 
22.375, 81.375, 6.761401228324323e-23, nan 
22.625, 81.375, 5.144765937594395e-23, nan 
22.875, 81.375, 5.837533294212616e-23, nan 
23.125, 81.375, 7.375939684510363e-23, nan 
23.375, 81.375, 5.783009334691353e-23, nan 
23.625, 81.375, 4.988526049297067e-23, nan 
23.875, 81.375, 1.170631692215411e-22, nan 
24.125, 81.375, 1.062112321552109e-22, nan 
24.375, 81.375, 6.392085105365831e-23, nan 
24.625, 81.375, 6.89915957200877e-23, nan 
24.875, 81.375, 6.637662026764382e-23, nan 
25.125, 81.375, 5.863341603312851e-23, nan 
25.375, 81.375, 1.590889928292693e-23, nan 
25.625, 81.375, 4.2908635379117363e-23, nan 
25.875, 81.375, 4.911674798397462e-23, nan 
26.125, 81.375, 6.987104567188385e-23, nan 
26.375, 81.375, 8.278575115484988e-23, nan 
26.625, 81.375, 8.750406342800864e-23, nan 
26.875, 81.375, 7.577075547952257e-23, nan 
27.125, 81.375, 6.246166377279842e-23, nan 
27.375, 81.375, 5.390348627875338e-23, nan 
27.625, 81.375, 5.388676861131954e-23, nan 
27.875, 81.375, 7.997645189274712e-23, nan 
28.125, 81.375, 8.003496787333838e-23, nan 
28.375, 81.375, 1.022743175021309e-22, nan 
28.625, 81.375, 9.540475134925355e-23, nan 
28.875, 81.375, 9.75252998938185e-23, nan 
29.125, 81.375, 1.1242335908979896e-22, nan 
29.375, 81.375, 8.356635739394646e-23, nan 
29.625, 81.375, 1.6629352301223463e-23, nan 
29.875, 81.375, 1.8469153646422016e-23, nan 
30.125, 81.375, 1.9988717885158768e-23, nan 
30.375, 81.375, 1.9664847735066552e-23, nan 
30.625, 81.375, 1.745211122044094e-23, nan 
30.875, 81.375, 2.1344678687832294e-23, nan 
31.125, 81.375, 2.5269263068576424e-23, nan 
31.375, 81.375, 3.188825994533776e-23, nan 
31.625, 81.375, 3.9983031158523774e-23, nan 
31.875, 81.375, 4.762720040906844e-23, nan 
32.125, 81.375, 3.7646610094107235e-23, nan 
32.375, 81.375, 3.2282497086117195e-23, nan 
32.625, 81.375, 2.3263329607507293e-23, nan 
32.875, 81.375, 3.850088463791502e-23, nan 
33.125, 81.375, 5.015027853428708e-23, nan 
33.375, 81.375, 7.208648525957814e-23, nan 
33.625, 81.375, 6.564813507582236e-23, nan 
33.875, 81.375, 4.1417211030667717e-23, nan 
34.125, 81.375, 3.1433008787356666e-23, nan 
34.375, 81.375, 5.387010553297736e-23, nan 
34.625, 81.375, 7.712622280455802e-23, nan 
34.875, 81.375, 1.0767802108549446e-22, nan 
35.125, 81.375, 1.134344409713045e-22, nan 
35.375, 81.375, 1.135215961706101e-22, nan 
35.625, 81.375, 1.1364142841590424e-22, nan 
35.875, 81.375, 1.3786579301301334e-22, nan 
36.125, 81.375, 1.4610732880647836e-22, nan 
36.375, 81.375, 1.6945615797506938e-22, nan 
36.625, 81.375, 2.244402893137535e-22, nan 
36.875, 81.375, 2.280714273952031e-22, nan 
37.125, 81.375, 2.159018272536741e-22, nan 
37.375, 81.375, 1.3257378496280487e-22, nan 
37.625, 81.375, 1.4089429757828931e-22, nan 
37.875, 81.375, 1.4207602636639357e-22, nan 
38.125, 81.375, 1.0271052688084039e-22, nan 
38.375, 81.375, 1.1827265780085782e-22, nan 
38.625, 81.375, 1.5112350255815948e-22, nan 
38.875, 81.375, 2.304272775268343e-22, nan 
39.125, 81.375, 1.8635142736978156e-22, nan 
39.375, 81.375, 2.7067594343620663e-22, nan 
39.625, 81.375, 1.0645698853623206e-22, nan 
39.875, 81.375, 1.3578547423702582e-22, nan 
40.125, 81.375, 1.454205138457849e-22, nan 
40.375, 81.375, 1.6910397203665821e-22, nan 
40.625, 81.375, 1.9668568304155164e-22, nan 
40.875, 81.375, 2.0740653771548758e-22, nan 
41.125, 81.375, 2.5898523958305235e-22, nan 
41.375, 81.375, 2.1516029163095165e-22, nan 
41.625, 81.375, 2.6755566464433416e-22, nan 
41.875, 81.375, 2.769735765968478e-22, nan 
42.125, 81.375, 2.788845289557882e-22, nan 
42.375, 81.375, 3.309704762525383e-22, nan 
42.625, 81.375, 3.4462386716074295e-22, nan 
42.875, 81.375, 3.4346464110309136e-22, nan 
43.125, 81.375, 3.3364668462140974e-22, nan 
43.375, 81.375, 3.384944665874087e-22, nan 
43.625, 81.375, 2.7125494377084173e-22, nan 
43.875, 81.375, 2.721657481844264e-22, nan 
44.125, 81.375, 3.352676067538712e-22, nan 
44.375, 81.375, 3.921161787740031e-22, nan 
44.625, 81.375, 4.790857437659474e-22, nan 
44.875, 81.375, 4.995506546612566e-22, nan 
45.125, 81.375, 4.988519554438202e-22, nan 
45.375, 81.375, 4.972927649487989e-22, nan 
45.625, 81.375, 4.725619711094472e-22, nan 
45.875, 81.375, 3.30707452692789e-22, nan 
46.125, 81.375, 3.4523291918962726e-22, nan 
46.375, 81.375, 5.184959212292334e-22, nan 
46.625, 81.375, 5.501618334561845e-22, nan 
46.875, 81.375, 5.591794314545809e-22, nan 
47.125, 81.375, 5.575470264569178e-22, nan 
47.375, 81.375, 5.600093198274612e-22, nan 
47.625, 81.375, 4.531051418958266e-22, nan 
47.875, 81.375, 3.4948766984938005e-22, nan 
48.125, 81.375, 3.0660472611152185e-22, nan 
48.375, 81.375, 2.8600150185759226e-22, nan 
48.625, 81.375, 2.97844895794352e-22, nan 
48.875, 81.375, 2.756051954309755e-22, nan 
49.125, 81.375, 2.2808711046012285e-22, nan 
49.375, 81.375, 1.68576818203558e-22, nan 
49.625, 81.375, 1.030042763920898e-22, nan 
49.875, 81.375, 4.6676943576075574e-23, nan 
50.125, 81.375, 8.755003015374021e-23, nan 
50.375, 81.375, 1.1047802507401715e-22, nan 
50.625, 81.375, 1.3887745495621055e-22, nan 
50.875, 81.375, 1.455425177664194e-22, nan 
51.125, 81.375, 2.2372540930040693e-22, nan 
51.375, 81.375, 8.120703239501908e-23, nan 
51.625, 81.375, 3.335588034167354e-22, nan 
51.875, 81.375, 3.0799755061468924e-22, nan 
52.125, 81.375, 3.5382004462352574e-22, nan 
52.375, 81.375, 3.237817338438044e-22, nan 
52.625, 81.375, 2.9230166287709236e-22, nan 
52.875, 81.375, 2.9320867178459727e-22, nan 
53.125, 81.375, 4.0190208647245843e-22, nan 
53.375, 81.375, 4.0725168246850257e-22, nan 
53.625, 81.375, 3.2881945586038995e-22, nan 
53.875, 81.375, 4.994177577112292e-22, nan 
54.125, 81.375, 5.148770816050567e-22, nan 
54.375, 81.375, 5.613705686650025e-22, nan 
54.625, 81.375, 5.719182616694572e-22, nan 
54.875, 81.375, 5.934130142959151e-22, nan 
55.125, 81.375, 5.176453580935937e-22, nan 
55.375, 81.375, 5.029068102560839e-22, nan 
55.625, 81.375, 3.4588287103693367e-22, nan 
55.875, 81.375, 4.405635340836993e-22, nan 
56.125, 81.375, 4.912370343007351e-22, nan 
56.375, 81.375, 5.167831646028031e-22, nan 
56.625, 81.375, 5.337826920879604e-22, nan 
56.875, 81.375, 5.267714780762898e-22, nan 
57.125, 81.375, 5.531187447410909e-22, nan 
57.375, 81.375, 4.620812632543391e-22, nan 
57.625, 81.375, 3.7729328253320343e-22, nan 
57.875, 81.375, 2.9856640498168496e-22, nan 
58.125, 81.375, 2.5442148519017e-22, nan 
58.375, 81.375, 2.9153471694205244e-22, nan 
58.625, 81.375, 3.2185204507639153e-22, nan 
58.875, 81.375, 3.9221712888380455e-22, nan 
59.125, 81.375, 4.765631437266519e-22, nan 
59.375, 81.375, 4.0825681904826746e-22, nan 
59.625, 81.375, 2.3518764659235424e-22, nan 
59.875, 81.375, 2.3813467884104134e-22, nan 
60.125, 81.375, 3.0437547532286413e-22, nan 
60.375, 81.375, 2.806307701089853e-22, nan 
60.625, 81.375, 3.3542078298985356e-22, nan 
60.875, 81.375, 2.5579393969789883e-22, nan 
61.125, 81.375, 2.615375737156663e-22, nan 
61.375, 81.375, 3.2906449607907144e-22, nan 
61.625, 81.375, 3.2069947919902744e-22, nan 
61.875, 81.375, 3.6851801662532355e-22, nan 
62.125, 81.375, 4.0432278154723393e-22, nan 
62.375, 81.375, 4.1888914704230383e-22, nan 
62.625, 81.375, 4.034122806811286e-22, nan 
62.875, 81.375, 3.8118110560188756e-22, nan 
63.125, 81.375, 4.465432757591945e-22, nan 
63.375, 81.375, 3.535662750659743e-22, nan 
63.625, 81.375, 3.7334642717721365e-22, nan 
63.875, 81.375, 3.5446827349117587e-22, nan 
64.125, 81.375, 3.7248181646963026e-22, nan 
64.375, 81.375, 3.61471710829474e-22, nan 
64.625, 81.375, 3.708743200296814e-22, nan 
64.875, 81.375, 4.1631480981664344e-22, nan 
65.125, 81.375, 4.363786512266699e-22, nan 
65.375, 81.375, 5.478674651931737e-22, nan 
65.625, 81.375, 2.7471097708001487e-22, nan 
65.875, 81.375, 2.8901144011864347e-22, nan 
66.125, 81.375, 2.0779949950284333e-22, nan 
66.375, 81.375, 1.8744871461139998e-22, nan 
66.625, 81.375, 1.7595874565421048e-22, nan 
66.875, 81.375, 1.9537553319306404e-22, nan 
67.125, 81.375, 4.9056097320454e-22, nan 
67.375, 81.375, 5.313096835754018e-22, nan 
67.625, 81.375, 4.916659196753972e-22, nan 
67.875, 81.375, 6.105231874815758e-22, nan 
68.125, 81.375, 4.592064181798457e-22, nan 
68.375, 81.375, 5.138251780299882e-22, nan 
68.625, 81.375, 2.9642514849059407e-22, nan 
68.875, 81.375, 6.712122971919998e-22, nan 
69.125, 81.375, 7.566336535662454e-22, nan 
69.375, 81.375, 9.236404070386371e-22, nan 
69.625, 81.375, 1.1843734239994562e-21, nan 
69.875, 81.375, 1.1070029925656093e-21, nan 
70.125, 81.375, 1.3265044410741288e-21, nan 
70.375, 81.375, 9.93844984868649e-22, nan 
70.625, 81.375, 8.811792748226843e-22, nan 
70.875, 81.375, 8.033618107009588e-22, nan 
71.125, 81.375, 6.713797550943183e-22, nan 
71.375, 81.375, 6.951593970985776e-22, nan 
71.625, 81.375, 7.4731366428667775e-22, nan 
71.875, 81.375, 8.487670297138464e-22, nan 
72.125, 81.375, 6.027537012331537e-22, nan 
72.375, 81.375, 5.158497033513886e-22, nan 
72.625, 81.375, 5.76201402039298e-22, nan 
72.875, 81.375, 5.359107151621544e-22, nan 
73.125, 81.375, 4.712308424984903e-22, nan 
73.375, 81.375, 5.774627828218128e-22, nan 
73.625, 81.375, 2.6747859802201817e-22, nan 
73.875, 81.375, 2.7979180573981e-22, nan 
74.125, 81.375, 6.227892828522083e-22, nan 
74.375, 81.375, 6.950568263863907e-22, nan 
74.625, 81.375, 6.710215623889084e-22, nan 
74.875, 81.375, 7.823230726932536e-22, nan 
75.125, 81.375, 7.6596739460624e-22, nan 
75.375, 81.375, 7.369776949631703e-22, nan 
75.625, 81.375, 1.0753875367800691e-21, nan 
75.875, 81.375, 8.632354355097508e-22, nan 
76.125, 81.375, 1.2033616560962044e-21, nan 
76.375, 81.375, 1.2921270773345104e-21, nan 
76.625, 81.375, 1.0187744320556196e-21, nan 
76.875, 81.375, 1.239568816039576e-21, nan 
77.125, 81.375, 1.1680594597753218e-21, nan 
77.375, 81.375, 1.4567679242856294e-21, nan 
77.625, 81.375, 1.5892549939043326e-21, nan 
77.875, 81.375, 1.6278484217573496e-21, nan 
78.125, 81.375, 1.0216852349298517e-21, nan 
78.375, 81.375, 9.634162755813407e-22, nan 
78.625, 81.375, 9.757127234720193e-22, nan 
78.875, 81.375, 8.785754829189778e-22, nan 
79.125, 81.375, 8.655681961501703e-22, nan 
79.375, 81.375, 1.1464549196830254e-21, nan 
79.625, 81.375, 2.00017231424459e-21, nan 
79.875, 81.375, 1.9451725348279722e-21, nan 
80.125, 81.375, 1.884657901824343e-21, nan 
80.375, 81.375, 2.1803147758954485e-21, nan 
80.625, 81.375, 2.104747487929202e-21, nan 
80.875, 81.375, 2.022487931075616e-21, nan 
81.125, 81.375, 1.4462584794136067e-21, nan 
81.375, 81.375, 2.3520061534717726e-21, nan 
81.625, 81.375, 2.2831546020078577e-21, nan 
81.875, 81.375, 1.3833303581971952e-21, nan 
82.125, 81.375, 2.2493805484208843e-21, nan 
82.375, 81.375, 1.8495215362079157e-21, nan 
82.625, 81.375, 1.5937232205864114e-21, nan 
82.875, 81.375, 1.529706367785411e-21, nan 
83.125, 81.375, 1.389642819199218e-21, nan 
83.375, 81.375, 1.3217181110298326e-21, nan 
83.625, 81.375, 8.358573379858659e-22, nan 
83.875, 81.375, 1.2736472720604967e-21, nan 
84.125, 81.375, 1.0642380855540692e-21, nan 
84.375, 81.375, 9.30576514937228e-22, nan 
84.625, 81.375, 1.2540143199026236e-21, nan 
84.875, 81.375, 7.927382661053534e-22, nan 
85.125, 81.375, 1.2773983895437863e-21, nan 
85.375, 81.375, 1.2281926146710438e-21, nan 
85.625, 81.375, 1.1634179808299085e-21, nan 
85.875, 81.375, 9.487882850873633e-22, nan 
86.125, 81.375, 7.385825406815121e-22, nan 
86.375, 81.375, 9.520076944238733e-22, nan 
86.625, 81.375, 1.7098487514038866e-21, nan 
86.875, 81.375, 8.655830795119229e-22, nan 
87.125, 81.375, 5.9809070584604e-22, nan 
87.375, 81.375, 4.747272399634502e-22, nan 
87.625, 81.375, 8.096168225523514e-22, nan 
87.875, 81.375, 1.0146592454526382e-21, nan 
88.125, 81.375, 7.590165752316981e-22, nan 
88.375, 81.375, 6.650948108737737e-22, nan 
88.625, 81.375, 7.919379114193069e-22, nan 
88.875, 81.375, 8.2809426568670555e-22, nan 
89.125, 81.375, 7.667945187860768e-22, nan 
89.375, 81.375, 4.300096890091175e-22, nan 
89.625, 81.375, 1.0434569831884782e-21, nan 
89.875, 81.375, 1.142927799935803e-21, nan 
90.125, 81.375, 1.1400732700491479e-21, nan 
90.375, 81.375, 1.0806778990111979e-21, nan 
90.625, 81.375, 1.1405054333027267e-21, nan 
90.875, 81.375, 1.1639864343620927e-21, nan 
91.125, 81.375, 1.1428863224263606e-21, nan 
91.375, 81.375, 1.2138893705824964e-21, nan 
91.625, 81.375, 1.1354253262503286e-21, nan 
91.875, 81.375, 1.2226125195279896e-21, nan 
92.125, 81.375, 1.326959835363286e-21, nan 
92.375, 81.375, 1.2552562260514254e-21, nan 
92.625, 81.375, 1.3063105696681635e-21, nan 
92.875, 81.375, 1.4480857427079903e-21, nan 
93.125, 81.375, 1.3903193874589308e-21, nan 
93.375, 81.375, 1.4893163114627034e-21, nan 
93.625, 81.375, 1.6119826348293505e-21, nan 
93.875, 81.375, 1.6374805131114584e-21, nan 
94.125, 81.375, 1.6258992050617247e-21, nan 
94.375, 81.375, 1.6426589445459834e-21, nan 
94.625, 81.375, 1.6356346631854992e-21, nan 
94.875, 81.375, 1.6639783336802593e-21, nan 
95.125, 81.375, 1.8345194510441326e-21, nan 
95.375, 81.375, 1.6166347688949524e-21, nan 
95.625, 81.375, 1.826970483728549e-21, nan 
95.875, 81.375, 2.0349417048365397e-21, nan 
96.125, 81.375, 2.28572064015815e-21, nan 
96.375, 81.375, 2.178575124874819e-21, nan 
96.625, 81.375, 2.0479545869044723e-21, nan 
96.875, 81.375, 1.854959972521585e-21, nan 
97.125, 81.375, 2.022342432472186e-21, nan 
97.375, 81.375, 1.802830755902821e-21, nan 
97.625, 81.375, 1.91143808981296e-21, nan 
97.875, 81.375, 2.1028099980033196e-21, nan 
98.125, 81.375, 1.9833308718807364e-21, nan 
98.375, 81.375, 1.9390556066567842e-21, nan 
98.625, 81.375, 2.284928618388603e-21, nan 
98.875, 81.375, 2.2612916489379287e-21, nan 
99.125, 81.375, 2.4948023781246636e-21, nan 
99.375, 81.375, 2.43863008685717e-21, nan 
99.625, 81.375, 2.4159651164269864e-21, nan 
99.875, 81.375, 2.0670167092209055e-21, nan 
100.125, 81.375, 2.8022394218051255e-21, nan 
100.375, 81.375, 2.5033349215546744e-21, nan 
100.625, 81.375, 2.5214385087566974e-21, nan 
100.875, 81.375, 2.5597554189225603e-21, nan 
101.125, 81.375, 2.4604890830657814e-21, nan 
101.375, 81.375, 2.118708169305887e-21, nan 
101.625, 81.375, 1.5827408778897604e-21, nan 
101.875, 81.375, 1.8311474601483704e-21, nan 
102.125, 81.375, 1.5211005900182194e-21, nan 
102.375, 81.375, 1.2791724578528135e-21, nan 
102.625, 81.375, 1.5128697008454173e-21, nan 
102.875, 81.375, 1.5460704315017463e-21, nan 
103.125, 81.375, 4.034447956956373e-22, nan 
103.375, 81.375, 1.1529644633194267e-21, nan 
103.625, 81.375, 7.74062044614701e-22, nan 
103.875, 81.375, 3.397492607264843e-22, nan 
104.125, 81.375, 2.6989818455369187e-22, nan 
104.375, 81.375, 4.509307380239009e-22, nan 
104.625, 81.375, 5.1847728287960445e-22, nan 
104.875, 81.375, 4.530886651630781e-22, nan 
105.125, 81.375, 5.223621893221534e-22, nan 
105.375, 81.375, 3.9440278307794156e-22, nan 
105.625, 81.375, 3.670817433600169e-22, nan 
105.875, 81.375, 3.2499538584974574e-22, nan 
106.125, 81.375, 3.197356911295462e-22, nan 
106.375, 81.375, 2.9463446787384454e-22, nan 
106.625, 81.375, 3.1621731640690745e-22, nan 
106.875, 81.375, 3.371339666576041e-22, nan 
107.125, 81.375, 3.486392019822915e-22, nan 
107.375, 81.375, 3.278879600081471e-22, nan 
107.625, 81.375, 3.0410525474798853e-22, nan 
107.875, 81.375, 4.1860129925360684e-22, nan 
108.125, 81.375, 4.1869856928705986e-22, nan 
108.375, 81.375, 3.3277851714382273e-22, nan 
108.625, 81.375, 3.0856859751955593e-22, nan 
108.875, 81.375, 3.122035353063889e-22, nan 
109.125, 81.375, 4.7162373365642075e-22, nan 
109.375, 81.375, 9.313822174662113e-22, nan 
109.625, 81.375, 4.27457263004907e-22, nan 
109.875, 81.375, 5.420281018593564e-22, nan 
110.125, 81.375, 5.578647418693717e-22, nan 
110.375, 81.375, 4.862770922918061e-22, nan 
110.625, 81.375, 4.38946989475586e-22, nan 
110.875, 81.375, 4.1665558443063984e-22, nan 
111.125, 81.375, 1.2133659252697263e-21, nan 
111.375, 81.375, 3.5558779853149595e-22, nan 
111.625, 81.375, 3.966541410140963e-22, nan 
111.875, 81.375, 4.927665285220991e-22, nan 
112.125, 81.375, 2.3977594045236305e-22, nan 
112.375, 81.375, 4.861565461329093e-22, nan 
112.625, 81.375, 5.946418496011163e-22, nan 
112.875, 81.375, 6.385484484150565e-22, nan 
113.125, 81.375, 3.2299904345899656e-22, nan 
113.375, 81.375, 5.415266928666113e-22, nan 
113.625, 81.375, 6.099806787415163e-22, nan 
113.875, 81.375, 5.766467153961401e-22, nan 
114.125, 81.375, 7.811486310719555e-22, nan 
114.375, 81.375, 7.126336777544239e-22, nan 
114.625, 81.375, 5.253812468202734e-22, nan 
114.875, 81.375, 6.203361431256713e-22, nan 
115.125, 81.375, 6.423357654046181e-22, nan 
115.375, 81.375, 7.615977999735823e-22, nan 
115.625, 81.375, 7.795151567853573e-22, nan 
115.875, 81.375, 8.70797133899176e-22, nan 
116.125, 81.375, 5.065894420241794e-22, nan 
116.375, 81.375, 9.792178502694053e-22, nan 
116.625, 81.375, 1.3065687262061397e-21, nan 
116.875, 81.375, 8.805253923395957e-22, nan 
117.125, 81.375, 9.335296128908288e-22, nan 
117.375, 81.375, 6.294790842526105e-22, nan 
117.625, 81.375, 1.0422241370870255e-21, nan 
117.875, 81.375, 1.0615405258975903e-21, nan 
118.125, 81.375, 7.763708805017132e-22, nan 
118.375, 81.375, 8.921569660100266e-22, nan 
118.625, 81.375, 9.690308811341658e-22, nan 
118.875, 81.375, 7.622408732606599e-22, nan 
119.125, 81.375, 3.7126247158996466e-22, nan 
119.375, 81.375, 6.800034926565413e-22, nan 
119.625, 81.375, 7.754568918186478e-22, nan 
119.875, 81.375, 4.771060139921056e-22, nan 
120.125, 81.375, 5.578656907454745e-22, nan 
120.375, 81.375, 7.647924660930398e-22, nan 
120.625, 81.375, 4.981742965775908e-22, nan 
120.875, 81.375, 4.419248782761412e-22, nan 
121.125, 81.375, 3.2659183824233315e-22, nan 
121.375, 81.375, 2.7196481591321533e-22, nan 
121.625, 81.375, 2.766038607543417e-22, nan 
121.875, 81.375, 4.0402029317016176e-22, nan 
122.125, 81.375, 4.8546166873878665e-22, nan 
122.375, 81.375, 1.9812474609594935e-22, nan 
122.625, 81.375, 4.450701744328575e-22, nan 
122.875, 81.375, 3.6160139577512017e-22, nan 
123.125, 81.375, 3.141876038267108e-22, nan 
123.375, 81.375, 2.346260320248014e-22, nan 
123.625, 81.375, 1.8022402615761369e-22, nan 
123.875, 81.375, 2.0407502479763027e-22, nan 
124.125, 81.375, 2.8173722815049524e-22, nan 
124.375, 81.375, 1.5819881048446903e-22, nan 
124.625, 81.375, 1.9243677804623388e-22, nan 
124.875, 81.375, 1.9653550859975728e-22, nan 
125.125, 81.375, 2.0137268849706731e-22, nan 
125.375, 81.375, 1.8734862222435503e-22, nan 
125.625, 81.375, 1.9829421934659792e-22, nan 
125.875, 81.375, 2.192360827658916e-22, nan 
126.125, 81.375, 1.8858202524007173e-22, nan 
126.375, 81.375, 2.0331318300350348e-22, nan 
126.625, 81.375, 1.840430418601061e-22, nan 
126.875, 81.375, 1.5987669959853451e-22, nan 
127.125, 81.375, 1.5417181163479916e-22, nan 
127.375, 81.375, 1.27486619123533e-22, nan 
127.625, 81.375, 1.7077430959643712e-22, nan 
127.875, 81.375, 1.9440738147624258e-22, nan 
128.125, 81.375, 1.2147225412263603e-22, nan 
128.375, 81.375, 1.775064847429562e-22, nan 
128.625, 81.375, 2.1100025369947919e-22, nan 
128.875, 81.375, 2.7156103338607366e-22, nan 
129.125, 81.375, 1.6651168330986184e-22, nan 
129.375, 81.375, 1.0690315584522763e-22, nan 
129.625, 81.375, 1.1304019863120878e-22, nan 
129.875, 81.375, 1.2750290067320652e-22, nan 
130.125, 81.375, 1.7954223023812082e-22, nan 
130.375, 81.375, 1.7922911370195165e-22, nan 
130.625, 81.375, 1.8924239739148062e-22, nan 
130.875, 81.375, 1.2827441327101568e-22, nan 
131.125, 81.375, 9.501876517061583e-23, nan 
131.375, 81.375, 1.3888509185680967e-22, nan 
131.625, 81.375, 9.058802243257787e-23, nan 
131.875, 81.375, 5.943128904508663e-23, nan 
132.125, 81.375, 9.877294150837866e-23, nan 
132.375, 81.375, 5.884650993222261e-23, nan 
132.625, 81.375, 1.3346457131305635e-22, nan 
132.875, 81.375, 1.3395175043608512e-22, nan 
133.125, 81.375, 1.6188833421382821e-22, nan 
133.375, 81.375, 1.8055859705149146e-22, nan 
133.625, 81.375, 1.8256840618328868e-22, nan 
133.875, 81.375, 1.88690156468818e-22, nan 
134.125, 81.375, 1.8111810010050253e-22, nan 
134.375, 81.375, 1.8771920193717914e-22, nan 
134.625, 81.375, 1.9028892509786236e-22, nan 
134.875, 81.375, 1.9600540903472298e-22, nan 
135.125, 81.375, 1.9516119875059097e-22, nan 
135.375, 81.375, 1.8930132054638883e-22, nan 
135.625, 81.375, 1.9582788740335804e-22, nan 
135.875, 81.375, 2.0050720915659388e-22, nan 
136.125, 81.375, 2.757545161749935e-22, nan 
136.375, 81.375, 3.406559365706472e-22, nan 
136.625, 81.375, 3.3808290004020096e-22, nan 
136.875, 81.375, 3.797864814901843e-22, nan 
137.125, 81.375, 3.2881198255633823e-22, nan 
137.375, 81.375, 3.7739959825346305e-22, nan 
137.625, 81.375, 5.490058507655755e-22, nan 
137.875, 81.375, 3.5577737547826154e-22, nan 
138.125, 81.375, 4.569441091834056e-22, nan 
138.375, 81.375, 4.837560087116781e-22, nan 
138.625, 81.375, 4.684664590925576e-22, nan 
138.875, 81.375, 3.758472422882946e-22, nan 
139.125, 81.375, 4.1329357915604914e-22, nan 
139.375, 81.375, 3.9652148158669202e-22, nan 
139.625, 81.375, 2.334897802678649e-22, nan 
139.875, 81.375, 1.832444238388146e-22, nan 
140.125, 81.375, 2.0537143486184603e-22, nan 
140.375, 81.375, 1.8662907294217613e-22, nan 
140.625, 81.375, 1.7708502139848916e-22, nan 
140.875, 81.375, 1.6449915121640008e-22, nan 
141.125, 81.375, 1.4073644959840064e-22, nan 
141.375, 81.375, 1.8198793739441538e-22, nan 
141.625, 81.375, 1.8487031180394227e-22, nan 
141.875, 81.375, 1.80177916973528e-22, nan 
142.125, 81.375, 1.8360783490263853e-22, nan 
142.375, 81.375, 1.9990863540267746e-22, nan 
142.625, 81.375, 1.957423254711676e-22, nan 
142.875, 81.375, 1.891481545494931e-22, nan 
143.125, 81.375, 2.0727875387681464e-22, nan 
143.375, 81.375, 2.085939042600815e-22, nan 
143.625, 81.375, 2.0683614092914965e-22, nan 
143.875, 81.375, 2.0758141225828046e-22, nan 
144.125, 81.375, 2.0570111295697686e-22, nan 
144.375, 81.375, 2.25931393315463e-22, nan 
144.625, 81.375, 2.3680545383620763e-22, nan 
144.875, 81.375, 2.0735065644366636e-22, nan 
145.125, 81.375, 2.0456109361402685e-22, nan 
145.375, 81.375, 2.441082876170948e-22, nan 
145.625, 81.375, 2.466606225070766e-22, nan 
145.875, 81.375, 2.3035332315279768e-22, nan 
146.125, 81.375, 2.2351023058740406e-22, nan 
146.375, 81.375, 2.4831877584938957e-22, nan 
146.625, 81.375, 2.24578938117516e-22, nan 
146.875, 81.375, 2.2863610954289463e-22, nan 
147.125, 81.375, 2.3846746118379745e-22, nan 
147.375, 81.375, 2.5027805074761265e-22, nan 
147.625, 81.375, 2.3210915984383436e-22, nan 
147.875, 81.375, 2.31153088716486e-22, nan 
148.125, 81.375, 2.1906578940557864e-22, nan 
148.375, 81.375, 2.261633570423824e-22, nan 
148.625, 81.375, 2.383984690627062e-22, nan 
148.875, 81.375, 2.3020440113804745e-22, nan 
149.125, 81.375, 2.2584676019786563e-22, nan 
149.375, 81.375, 2.1013679384782136e-22, nan 
149.625, 81.375, 2.0969291069118107e-22, nan 
149.875, 81.375, 2.1283305407175724e-22, nan 
150.125, 81.375, 1.9218580038477814e-22, nan 
150.375, 81.375, 2.0317637874831667e-22, nan 
150.625, 81.375, 2.0112199757950506e-22, nan 
150.875, 81.375, 2.0956056493663914e-22, nan 
151.125, 81.375, 1.8984770958716597e-22, nan 
151.375, 81.375, 1.974862109052313e-22, nan 
151.625, 81.375, 1.9083754522260846e-22, nan 
151.875, 81.375, 1.8957347980729946e-22, nan 
152.125, 81.375, 1.8017596417169341e-22, nan 
152.375, 81.375, 1.7917982614347323e-22, nan 
152.625, 81.375, 1.7890910526796369e-22, nan 
152.875, 81.375, 1.7337900539683974e-22, nan 
153.125, 81.375, 1.7093728000361785e-22, nan 
153.375, 81.375, 1.657644826792403e-22, nan 
153.625, 81.375, 1.6459384497734799e-22, nan 
153.875, 81.375, 1.5027335284823078e-22, nan 
154.125, 81.375, 1.5555411322651103e-22, nan 
154.375, 81.375, 1.5368467944663336e-22, nan 
154.625, 81.375, 1.4882273999095283e-22, nan 
154.875, 81.375, 1.561675826358457e-22, nan 
155.125, 81.375, 1.603904673314532e-22, nan 
155.375, 81.375, 1.3928254366646132e-22, nan 
155.625, 81.375, 1.5034377320358965e-22, nan 
155.875, 81.375, 1.4581841439287577e-22, nan 
156.125, 81.375, 1.3918301979022813e-22, nan 
156.375, 81.375, 1.4024993505636199e-22, nan 
156.625, 81.375, 1.3806126224839782e-22, nan 
156.875, 81.375, 1.351917396831682e-22, nan 
157.125, 81.375, 1.2347430903309236e-22, nan 
157.375, 81.375, 1.2001168971288522e-22, nan 
157.625, 81.375, 1.2854987568801285e-22, nan 
157.875, 81.375, 1.174187598986495e-22, nan 
158.125, 81.375, 1.0386719343573787e-22, nan 
158.375, 81.375, 1.139841816359109e-22, nan 
158.625, 81.375, 1.3234196811161417e-22, nan 
158.875, 81.375, 1.0681931929629293e-22, nan 
159.125, 81.375, 1.0572738062255518e-22, nan 
159.375, 81.375, 1.237683405114154e-22, nan 
159.625, 81.375, 1.1010350356690462e-22, nan 
159.875, 81.375, 1.1481573713528987e-22, nan 
160.125, 81.375, 1.288809336924983e-22, nan 
160.375, 81.375, 1.3587548615223085e-22, nan 
160.625, 81.375, 1.2699966561582032e-22, nan 
160.875, 81.375, 9.888566057512609e-23, nan 
161.125, 81.375, 5.830667060208975e-23, nan 
161.375, 81.375, 8.075981493978943e-23, nan 
161.625, 81.375, 8.519302061395685e-23, nan 
161.875, 81.375, 7.316515072181273e-23, nan 
162.125, 81.375, 5.999043244379012e-23, nan 
162.375, 81.375, 7.623558516446847e-23, nan 
162.625, 81.375, 8.044623860376135e-23, nan 
162.875, 81.375, 8.351050189673687e-23, nan 
163.125, 81.375, 6.443901388756691e-23, nan 
163.375, 81.375, 7.126798054818344e-23, nan 
163.625, 81.375, 7.388235233146499e-23, nan 
163.875, 81.375, 6.80706466535339e-23, nan 
164.125, 81.375, 6.703603386897227e-23, nan 
164.375, 81.375, 7.132397045667309e-23, nan 
164.625, 81.375, 6.496031987392912e-23, nan 
164.875, 81.375, 6.575906430944501e-23, nan 
165.125, 81.375, 6.984968550825911e-23, nan 
165.375, 81.375, 5.97588435797987e-23, nan 
165.625, 81.375, 6.64957766825656e-23, nan 
165.875, 81.375, 5.997634736843966e-23, nan 
166.125, 81.375, 6.332127387668673e-23, nan 
166.375, 81.375, 6.467515501605864e-23, nan 
166.625, 81.375, 6.03850855859215e-23, nan 
166.875, 81.375, 6.034164574299671e-23, nan 
167.125, 81.375, 6.561661847670393e-23, nan 
167.375, 81.375, 5.900346582901285e-23, nan 
167.625, 81.375, 5.179781248179022e-23, nan 
167.875, 81.375, 6.284638906879064e-23, nan 
168.125, 81.375, 5.681211569987135e-23, nan 
168.375, 81.375, 5.551241446757584e-23, nan 
168.625, 81.375, 5.586202744978827e-23, nan 
168.875, 81.375, 5.440245751391277e-23, nan 
169.125, 81.375, 4.772501914312362e-23, nan 
169.375, 81.375, 5.086737981023842e-23, nan 
169.625, 81.375, 4.9313987454285204e-23, nan 
169.875, 81.375, 4.296915056384427e-23, nan 
170.125, 81.375, 4.218688335196642e-23, nan 
170.375, 81.375, 3.97653247117543e-23, nan 
170.625, 81.375, 4.3939820519968546e-23, nan 
170.875, 81.375, 4.154102775448789e-23, nan 
171.125, 81.375, 4.121761774262556e-23, nan 
171.375, 81.375, 3.988713423138429e-23, nan 
171.625, 81.375, 3.524673648633676e-23, nan 
171.875, 81.375, 3.180428506393878e-23, nan 
172.125, 81.375, 3.271943869928367e-23, nan 
172.375, 81.375, 2.9469092220577823e-23, nan 
172.625, 81.375, 2.751141266070754e-23, nan 
172.875, 81.375, 2.9567407756038986e-23, nan 
173.125, 81.375, 2.852753884218451e-23, nan 
173.375, 81.375, 2.865897573499237e-23, nan 
173.625, 81.375, 2.706260326566101e-23, nan 
173.875, 81.375, 2.960500336492039e-23, nan 
174.125, 81.375, 2.849283389992275e-23, nan 
174.375, 81.375, 2.8152817021429785e-23, nan 
174.625, 81.375, 2.777697935799931e-23, nan 
174.875, 81.375, 2.9954355420383894e-23, nan 
175.125, 81.375, 2.688740283174897e-23, nan 
175.375, 81.375, 2.901685362669321e-23, nan 
175.625, 81.375, 3.774965561566666e-23, nan 
175.875, 81.375, 3.184522732961494e-23, nan 
176.125, 81.375, 2.780997932446766e-23, nan 
176.375, 81.375, 2.883688917113543e-23, nan 
176.625, 81.375, 2.6347936973422465e-23, nan 
176.875, 81.375, 2.6302889150452189e-23, nan 
177.125, 81.375, 2.957731279875953e-23, nan 
177.375, 81.375, 2.6563017577740727e-23, nan 
177.625, 81.375, 2.567066918463319e-23, nan 
177.875, 81.375, 2.442609525904231e-23, nan 
178.125, 81.375, 2.6279623888202625e-23, nan 
178.375, 81.375, 2.4069254348080773e-23, nan 
178.625, 81.375, 2.2742341407695437e-23, nan 
178.875, 81.375, 2.355075861362354e-23, nan 
179.125, 81.375, 2.4599693157940104e-23, nan 
179.375, 81.375, 2.2815160941640528e-23, nan 
179.625, 81.375, 2.1095193758854538e-23, nan 
179.875, 81.375, 2.1998885484254166e-23, nan 
-179.875, 81.625, 1.7784492092605175e-23, nan 
-179.625, 81.625, 1.7465837984662543e-23, nan 
-179.375, 81.625, 1.8324527301538364e-23, nan 
-179.125, 81.625, 1.8040134261160857e-23, nan 
-178.875, 81.625, 1.6658551551244237e-23, nan 
-178.625, 81.625, 1.6815197291902276e-23, nan 
-178.375, 81.625, 1.7283319693617885e-23, nan 
-178.125, 81.625, 1.6742470338570172e-23, nan 
-177.875, 81.625, 1.632216471557639e-23, nan 
-177.625, 81.625, 1.6375613678309585e-23, nan 
-177.375, 81.625, 1.757061422068348e-23, nan 
-177.125, 81.625, 1.6060848660885233e-23, nan 
-176.875, 81.625, 1.5479271102896833e-23, nan 
-176.625, 81.625, 1.616912289316186e-23, nan 
-176.375, 81.625, 1.6773561347346025e-23, nan 
-176.125, 81.625, 1.535646088874268e-23, nan 
-175.875, 81.625, 1.7749133573590943e-23, nan 
-175.625, 81.625, 1.734824464384188e-23, nan 
-175.375, 81.625, 1.612138617736605e-23, nan 
-175.125, 81.625, 1.7123206695129748e-23, nan 
-174.875, 81.625, 1.6438705009257345e-23, nan 
-174.625, 81.625, 1.6041375935851307e-23, nan 
-174.375, 81.625, 1.735485318604386e-23, nan 
-174.125, 81.625, 1.6765962744461266e-23, nan 
-173.875, 81.625, 1.6201858565749323e-23, nan 
-173.625, 81.625, 1.6797503569358466e-23, nan 
-173.375, 81.625, 2.0266573706695418e-23, nan 
-173.125, 81.625, 1.9740551680653968e-23, nan 
-172.875, 81.625, 2.0449881866575038e-23, nan 
-172.625, 81.625, 2.4994372231701658e-23, nan 
-172.375, 81.625, 1.3687326219358122e-23, nan 
-172.125, 81.625, 1.3471760101359416e-23, nan 
-171.875, 81.625, 6.942815934112021e-24, nan 
-171.625, 81.625, 2.3941709208016057e-23, nan 
-171.375, 81.625, 7.4273563591303e-23, nan 
-171.125, 81.625, 1.602938563207177e-22, nan 
-170.875, 81.625, 6.073258314824489e-23, nan 
-170.625, 81.625, 3.3929793601378e-23, nan 
-170.375, 81.625, 3.272868418730731e-23, nan 
-170.125, 81.625, 3.206418982795365e-23, nan 
-169.875, 81.625, 5.84294571380703e-23, nan 
-169.625, 81.625, 1.3931906692245498e-22, nan 
-169.375, 81.625, 2.929849152346976e-22, nan 
-169.125, 81.625, 9.114813868063172e-23, nan 
-168.875, 81.625, 3.6090776259032253e-23, nan 
-168.625, 81.625, 3.1676267917197e-23, nan 
-168.375, 81.625, 2.3124784854764558e-23, nan 
-168.125, 81.625, 3.124280615124658e-23, nan 
-167.875, 81.625, 6.443459949397081e-23, nan 
-167.625, 81.625, 1.279575403251689e-22, nan 
-167.375, 81.625, 3.791987606398656e-23, nan 
-167.125, 81.625, 2.405780011106773e-23, nan 
-166.875, 81.625, 2.2595995130829257e-23, nan 
-166.625, 81.625, 1.979679588934114e-23, nan 
-166.375, 81.625, 1.9499975447747068e-23, nan 
-166.125, 81.625, 1.7076460980993597e-23, nan 
-165.875, 81.625, 1.4985217022688062e-23, nan 
-165.625, 81.625, 1.4818443189449995e-23, nan 
-165.375, 81.625, 1.4948263061594075e-23, nan 
-165.125, 81.625, 1.397078699913766e-23, nan 
-164.875, 81.625, 1.345087653667827e-23, nan 
-164.625, 81.625, 1.3790949877142505e-23, nan 
-164.375, 81.625, 1.2318994394000012e-23, nan 
-164.125, 81.625, 1.0537373420985137e-23, nan 
-163.875, 81.625, 9.378366868657163e-24, nan 
-163.625, 81.625, 1.035950098998152e-23, nan 
-163.375, 81.625, 9.068522885426346e-24, nan 
-163.125, 81.625, 7.986779723199641e-24, nan 
-162.875, 81.625, 7.631212258849007e-24, nan 
-162.625, 81.625, 7.448885652767711e-24, nan 
-162.375, 81.625, 7.071603323984485e-24, nan 
-162.125, 81.625, 6.7472039271094e-24, nan 
-161.875, 81.625, 6.968441135346324e-24, nan 
-161.625, 81.625, 6.224023681804e-24, nan 
-161.375, 81.625, 5.9306622446229715e-24, nan 
-161.125, 81.625, 5.645869866467537e-24, nan 
-160.875, 81.625, 5.362259875569389e-24, nan 
-160.625, 81.625, 5.3597511892206074e-24, nan 
-160.375, 81.625, 4.980355828179972e-24, nan 
-160.125, 81.625, 5.1480468577512415e-24, nan 
-159.875, 81.625, 4.795183780775291e-24, nan 
-159.625, 81.625, 4.562570311283766e-24, nan 
-159.375, 81.625, 4.783480560467927e-24, nan 
-159.125, 81.625, 4.96872827117181e-24, nan 
-158.875, 81.625, 4.629939051964899e-24, nan 
-158.625, 81.625, 4.215398344016691e-24, nan 
-158.375, 81.625, 4.671280758106269e-24, nan 
-158.125, 81.625, 4.854182435714409e-24, nan 
-157.875, 81.625, 4.846715223741248e-24, nan 
-157.625, 81.625, 4.414101664209678e-24, nan 
-157.375, 81.625, 4.149455959267418e-24, nan 
-157.125, 81.625, 4.3859660890800286e-24, nan 
-156.875, 81.625, 4.488016618680941e-24, nan 
-156.625, 81.625, 4.3103694584558276e-24, nan 
-156.375, 81.625, 3.842968554468733e-24, nan 
-156.125, 81.625, 3.9051629720612725e-24, nan 
-155.875, 81.625, 3.964298983980542e-24, nan 
-155.625, 81.625, 3.7527031985214186e-24, nan 
-155.375, 81.625, 3.4810862316470795e-24, nan 
-155.125, 81.625, 3.9034707878280324e-24, nan 
-154.875, 81.625, 3.797826400152441e-24, nan 
-154.625, 81.625, 3.3517696468794585e-24, nan 
-154.375, 81.625, 3.38429562259012e-24, nan 
-154.125, 81.625, 3.380713455765546e-24, nan 
-153.875, 81.625, 3.60007572426047e-24, nan 
-153.625, 81.625, 3.06894380799856e-24, nan 
-153.375, 81.625, 3.3679719965787444e-24, nan 
-153.125, 81.625, 3.08286837247375e-24, nan 
-152.875, 81.625, 3.259758821698764e-24, nan 
-152.625, 81.625, 3.208959580016229e-24, nan 
-152.375, 81.625, 2.9133228616512372e-24, nan 
-152.125, 81.625, 2.593831989182517e-24, nan 
-151.875, 81.625, 2.6595845395599604e-24, nan 
-151.625, 81.625, 3.0702019569425023e-24, nan 
-151.375, 81.625, 2.4935198610478295e-24, nan 
-151.125, 81.625, 2.4001904425413457e-24, nan 
-150.875, 81.625, 2.6841140951530837e-24, nan 
-150.625, 81.625, 2.576911945364062e-24, nan 
-150.375, 81.625, 2.3757861534201706e-24, nan 
-150.125, 81.625, 2.06658532216109e-24, nan 
-149.875, 81.625, 2.181556781995158e-24, nan 
-149.625, 81.625, 2.1880901443823245e-24, nan 
-149.375, 81.625, 2.198513308896815e-24, nan 
-149.125, 81.625, 2.3451163743937627e-24, nan 
-148.875, 81.625, 2.211668985435645e-24, nan 
-148.625, 81.625, 2.2833116700729897e-24, nan 
-148.375, 81.625, 2.1720526295397362e-24, nan 
-148.125, 81.625, 2.1938852909498737e-24, nan 
-147.875, 81.625, 1.9840937438867417e-24, nan 
-147.625, 81.625, 2.1223923920860836e-24, nan 
-147.375, 81.625, 2.1689205563276357e-24, nan 
-147.125, 81.625, 2.202460686023309e-24, nan 
-146.875, 81.625, 2.021105126878109e-24, nan 
-146.625, 81.625, 2.1524949052948016e-24, nan 
-146.375, 81.625, 2.1158827640977895e-24, nan 
-146.125, 81.625, 2.0850646203848524e-24, nan 
-145.875, 81.625, 2.067176644488782e-24, nan 
-145.625, 81.625, 2.2884767687061823e-24, nan 
-145.375, 81.625, 2.1228786414446966e-24, nan 
-145.125, 81.625, 2.0514815344060758e-24, nan 
-144.875, 81.625, 2.096003289430698e-24, nan 
-144.625, 81.625, 2.126211335460618e-24, nan 
-144.375, 81.625, 2.146060475315929e-24, nan 
-144.125, 81.625, 1.9828552869728237e-24, nan 
-143.875, 81.625, 2.0127153871698258e-24, nan 
-143.625, 81.625, 1.942848802564977e-24, nan 
-143.375, 81.625, 2.0763218409799514e-24, nan 
-143.125, 81.625, 1.9600474971163753e-24, nan 
-142.875, 81.625, 1.9054270060884906e-24, nan 
-142.625, 81.625, 2.0379819237373564e-24, nan 
-142.375, 81.625, 1.9053511530332e-24, nan 
-142.125, 81.625, 1.9064631676790585e-24, nan 
-141.875, 81.625, 2.061650886252425e-24, nan 
-141.625, 81.625, 1.9873266164884466e-24, nan 
-141.375, 81.625, 1.9192901446129404e-24, nan 
-141.125, 81.625, 2.000364760014018e-24, nan 
-140.875, 81.625, 1.861357390411433e-24, nan 
-140.625, 81.625, 1.858480471628809e-24, nan 
-140.375, 81.625, 1.8427367001606653e-24, nan 
-140.125, 81.625, 1.8309479907408564e-24, nan 
-139.875, 81.625, 1.7193481328692828e-24, nan 
-139.625, 81.625, 1.8147005843642157e-24, nan 
-139.375, 81.625, 1.717973849802442e-24, nan 
-139.125, 81.625, 1.739567159268403e-24, nan 
-138.875, 81.625, 1.779814596959532e-24, nan 
-138.625, 81.625, 1.7505195614552385e-24, nan 
-138.375, 81.625, 1.7197888339322098e-24, nan 
-138.125, 81.625, 1.700176990439588e-24, nan 
-137.875, 81.625, 1.8318284963153073e-24, nan 
-137.625, 81.625, 1.8607148161547344e-24, nan 
-137.375, 81.625, 1.7743161139512117e-24, nan 
-137.125, 81.625, 1.8395958600056917e-24, nan 
-136.875, 81.625, 1.828667111381034e-24, nan 
-136.625, 81.625, 1.8237637714807955e-24, nan 
-136.375, 81.625, 1.8200769722975932e-24, nan 
-136.125, 81.625, 1.829733436073761e-24, nan 
-135.875, 81.625, 1.9629265904199978e-24, nan 
-135.625, 81.625, 1.8011959690146623e-24, nan 
-135.375, 81.625, 1.9106883910111403e-24, nan 
-135.125, 81.625, 1.8635919506130065e-24, nan 
-134.875, 81.625, 1.9281816229270976e-24, nan 
-134.625, 81.625, 2.14358111774904e-24, nan 
-134.375, 81.625, 2.012788266546637e-24, nan 
-134.125, 81.625, 2.063906698808527e-24, nan 
-133.875, 81.625, 2.2031074678513123e-24, nan 
-133.625, 81.625, 2.1311948578026743e-24, nan 
-133.375, 81.625, 2.2525383353090222e-24, nan 
-133.125, 81.625, 2.658165991911211e-24, nan 
-132.875, 81.625, 2.79136649498252e-24, nan 
-132.625, 81.625, 2.4588862971347163e-24, nan 
-132.375, 81.625, 2.5374303348460766e-24, nan 
-132.125, 81.625, 2.8216565901385037e-24, nan 
-131.875, 81.625, 2.7008643377457782e-24, nan 
-131.625, 81.625, 2.7716826145845345e-24, nan 
-131.375, 81.625, 2.992795204894913e-24, nan 
-131.125, 81.625, 2.8053467508903676e-24, nan 
-130.875, 81.625, 2.7730589858468638e-24, nan 
-130.625, 81.625, 3.001632108565923e-24, nan 
-130.375, 81.625, 2.9096793740434418e-24, nan 
-130.125, 81.625, 3.963070426448706e-24, nan 
-129.875, 81.625, 4.26892019468931e-24, nan 
-129.625, 81.625, 2.9651754355447433e-24, nan 
-129.375, 81.625, 3.0650140236866376e-24, nan 
-129.125, 81.625, 4.997723301401236e-24, nan 
-128.875, 81.625, 9.19034083345028e-24, nan 
-128.625, 81.625, 1.0893655231825884e-23, nan 
-128.375, 81.625, 1.3106667361801938e-23, nan 
-128.125, 81.625, 1.4133322028058719e-23, nan 
-127.875, 81.625, 1.5303069438488898e-23, nan 
-127.625, 81.625, 1.510478262265612e-23, nan 
-127.375, 81.625, 1.490371045840583e-23, nan 
-127.125, 81.625, 1.5457798280295033e-23, nan 
-126.875, 81.625, 1.4762226461707624e-23, nan 
-126.625, 81.625, 1.2866552836076813e-23, nan 
-126.375, 81.625, 1.4310330152638528e-23, nan 
-126.125, 81.625, 1.5433791198513146e-23, nan 
-125.875, 81.625, 1.4866684201585126e-23, nan 
-125.625, 81.625, 1.2770362878639288e-23, nan 
-125.375, 81.625, 1.100703321374803e-23, nan 
-125.125, 81.625, 1.1559628456573665e-23, nan 
-124.875, 81.625, 8.003406334623939e-24, nan 
-124.625, 81.625, 7.688009637592682e-24, nan 
-124.375, 81.625, 4.6548048488072996e-24, nan 
-124.125, 81.625, 5.808184554804699e-24, nan 
-123.875, 81.625, 3.924440717466996e-24, nan 
-123.625, 81.625, 3.9366834375113786e-24, nan 
-123.375, 81.625, 4.4714220972722266e-24, nan 
-123.125, 81.625, 4.668278906562731e-24, nan 
-122.875, 81.625, 5.018251101096179e-24, nan 
-122.625, 81.625, 5.917657398036958e-24, nan 
-122.375, 81.625, 6.742587343489374e-24, nan 
-122.125, 81.625, 5.815347881547277e-24, nan 
-121.875, 81.625, 5.4575242698070835e-24, nan 
-121.625, 81.625, 5.099097776991438e-24, nan 
-121.375, 81.625, 5.618234726393329e-24, nan 
-121.125, 81.625, 5.904120502302609e-24, nan 
-120.875, 81.625, 6.322374527337906e-24, nan 
-120.625, 81.625, 6.781605910169516e-24, nan 
-120.375, 81.625, 7.756938996818049e-24, nan 
-120.125, 81.625, 1.002011974752841e-23, nan 
-119.875, 81.625, 1.0706979128979107e-23, nan 
-119.625, 81.625, 1.1120317049659158e-23, nan 
-119.375, 81.625, 8.529137050633346e-24, nan 
-119.125, 81.625, 1.0776008886678033e-23, nan 
-118.875, 81.625, 1.4113921499541313e-23, nan 
-118.625, 81.625, 1.278842326114695e-23, nan 
-118.375, 81.625, 9.760799627687114e-24, nan 
-118.125, 81.625, 7.581518732959465e-24, nan 
-117.875, 81.625, 8.130928636455731e-24, nan 
-117.625, 81.625, 8.212425620600968e-24, nan 
-117.375, 81.625, 4.5715629461498244e-24, nan 
-117.125, 81.625, 1.1939239064795609e-23, nan 
-116.875, 81.625, 1.3268435964229713e-23, nan 
-116.625, 81.625, 1.5829232690307387e-23, nan 
-116.375, 81.625, 1.9315356886850137e-23, nan 
-116.125, 81.625, 2.1816514614522877e-23, nan 
-115.875, 81.625, 2.395386163994781e-23, nan 
-115.625, 81.625, 1.565517071983221e-23, nan 
-115.375, 81.625, 2.2596244898394538e-23, nan 
-115.125, 81.625, 1.5089769410846835e-23, nan 
-114.875, 81.625, 1.5711523782411456e-23, nan 
-114.625, 81.625, 1.7532546710668767e-23, nan 
-114.375, 81.625, 2.2092772613567028e-23, nan 
-114.125, 81.625, 2.4344509215680507e-23, nan 
-113.875, 81.625, 2.1836624150825758e-23, nan 
-113.625, 81.625, 2.4228633017064396e-23, nan 
-113.375, 81.625, 1.0285031824384e-23, nan 
-41.125, 81.625, 5.823907858510751e-24, nan 
-40.875, 81.625, 6.171381345284384e-24, nan 
-40.625, 81.625, 5.9439347469431104e-24, nan 
-40.375, 81.625, 5.575056573484136e-24, nan 
-40.125, 81.625, 6.625985143380838e-24, nan 
-39.875, 81.625, 1.2853195937447138e-23, nan 
-39.625, 81.625, 1.2401765705796137e-23, nan 
-39.375, 81.625, 7.81750455044631e-24, nan 
-39.125, 81.625, 9.64044467282755e-24, nan 
-38.875, 81.625, 7.655395944675042e-24, nan 
-38.625, 81.625, 7.167545709808121e-24, nan 
-38.375, 81.625, 9.751964728929665e-24, nan 
-38.125, 81.625, 1.0068449305433755e-23, nan 
-37.875, 81.625, 9.300229671101515e-24, nan 
-37.625, 81.625, 4.979576113934389e-24, nan 
-37.375, 81.625, 4.867383835424529e-24, nan 
-37.125, 81.625, 5.018295231400857e-24, nan 
-36.875, 81.625, 5.663038717269634e-24, nan 
-36.625, 81.625, 6.413010554837315e-24, nan 
-36.375, 81.625, 8.126086591386106e-24, nan 
-36.125, 81.625, 6.508910474001483e-24, nan 
-35.875, 81.625, 7.429990398107297e-24, nan 
-35.625, 81.625, 7.485409341048392e-24, nan 
-35.375, 81.625, 5.208741619623481e-24, nan 
-35.125, 81.625, 5.565454378952199e-24, nan 
-34.875, 81.625, 7.862907235843076e-24, nan 
-34.625, 81.625, 1.0227500711635797e-23, nan 
-34.375, 81.625, 8.057857674063618e-24, nan 
-34.125, 81.625, 2.872459002135649e-24, nan 
-33.875, 81.625, 4.26438246237e-24, nan 
-33.625, 81.625, 7.508194404921197e-24, nan 
-33.375, 81.625, 6.520286747653179e-24, nan 
-33.125, 81.625, 9.293394351663973e-24, nan 
-32.875, 81.625, 1.417651417591499e-23, nan 
-32.625, 81.625, 1.4742728612249035e-23, nan 
-32.375, 81.625, 1.0409236545639314e-23, nan 
-32.125, 81.625, 1.2282913768800068e-23, nan 
-31.875, 81.625, 1.415371533775928e-23, nan 
-31.625, 81.625, 1.1348090696259952e-23, nan 
-31.375, 81.625, 1.1297494663444472e-23, nan 
-31.125, 81.625, 1.2813557200111392e-23, nan 
-30.875, 81.625, 1.1548590776688665e-23, nan 
-30.625, 81.625, 6.962016921353465e-24, nan 
-30.375, 81.625, 5.723494364171653e-24, nan 
-30.125, 81.625, 3.8406478624110635e-24, nan 
-29.875, 81.625, 3.358507853581194e-24, nan 
-29.625, 81.625, 3.346277957527406e-24, nan 
-29.375, 81.625, 3.441994621616939e-24, nan 
-29.125, 81.625, 4.743403139196655e-24, nan 
-28.875, 81.625, 6.756169936488756e-24, nan 
-28.625, 81.625, 5.252232365158295e-24, nan 
-28.375, 81.625, 5.4975220827358615e-24, nan 
-28.125, 81.625, 7.067973296769497e-24, nan 
-27.875, 81.625, 8.625136300859618e-24, nan 
-27.625, 81.625, 7.097503200594897e-24, nan 
-27.375, 81.625, 5.467284179850838e-24, nan 
-27.125, 81.625, 6.4181393477633634e-24, nan 
-26.875, 81.625, 5.6553382345133534e-24, nan 
-26.625, 81.625, 5.324907336778736e-24, nan 
-26.375, 81.625, 1.3188661186247264e-23, nan 
-26.125, 81.625, 1.789831346442441e-23, nan 
-25.875, 81.625, 1.4480275957526274e-23, nan 
-25.625, 81.625, 1.4177805373643178e-23, nan 
-25.375, 81.625, 1.6143099222949273e-23, nan 
-25.125, 81.625, 1.537294548569862e-23, nan 
-24.875, 81.625, 9.346033418622148e-24, nan 
-24.625, 81.625, 1.1165834657715895e-23, nan 
-24.375, 81.625, 1.3501606743158986e-23, nan 
-24.125, 81.625, 1.1657012503659246e-23, nan 
-23.875, 81.625, 5.3608316250262105e-24, nan 
-23.625, 81.625, 4.5207529168818206e-24, nan 
-23.375, 81.625, 4.095906764500891e-24, nan 
-23.125, 81.625, 6.332150153070002e-24, nan 
-22.875, 81.625, 7.030859010711801e-24, nan 
-22.625, 81.625, 2.4485013340654536e-24, nan 
-22.375, 81.625, 2.5775561836293976e-24, nan 
-22.125, 81.625, 4.12002470705134e-24, nan 
-21.875, 81.625, 4.593300745667698e-24, nan 
-21.625, 81.625, 6.1544558008679186e-24, nan 
-21.375, 81.625, 1.3060166348124127e-23, nan 
-21.125, 81.625, 1.5801776965375628e-23, nan 
-20.875, 81.625, 1.0409851116385755e-23, nan 
-20.625, 81.625, 1.0812198743784316e-23, nan 
-20.375, 81.625, 9.116971059938011e-24, nan 
-20.125, 81.625, 6.616847189365168e-24, nan 
-19.875, 81.625, 6.842597091053006e-24, nan 
-19.625, 81.625, 1.0463275209729534e-23, nan 
-19.375, 81.625, 1.1654355632904237e-23, nan 
-19.125, 81.625, 6.621322704818125e-24, nan 
-18.875, 81.625, 4.321354042154078e-24, nan 
-18.625, 81.625, 3.157542180014677e-24, nan 
-18.375, 81.625, 3.0171053358930478e-24, nan 
-18.125, 81.625, 3.136132422899344e-24, nan 
-17.875, 81.625, 4.482434278500774e-24, nan 
-17.625, 81.625, 1.0059136577858982e-23, nan 
-17.375, 81.625, 1.0230945181974594e-23, nan 
-17.125, 81.625, 3.745120132601374e-24, nan 
-16.875, 81.625, 1.8067098728982462e-24, nan 
-16.625, 81.625, 2.870291870202963e-24, nan 
-16.375, 81.625, 2.8681684689766317e-24, nan 
-16.125, 81.625, 9.06995418160924e-24, nan 
-15.875, 81.625, 1.9288723741368324e-23, nan 
-15.625, 81.625, 1.9884785249604032e-23, nan 
-15.375, 81.625, 1.199700293594321e-23, nan 
-15.125, 81.625, 6.727587438389471e-24, nan 
-14.875, 81.625, 5.089466209006788e-24, nan 
-14.625, 81.625, 4.496779826676316e-24, nan 
-14.375, 81.625, 8.297186082224748e-24, nan 
-14.125, 81.625, 1.5095446104789277e-23, nan 
-13.875, 81.625, 1.6129127127142338e-23, nan 
-13.625, 81.625, 9.924490485887082e-24, nan 
-13.375, 81.625, 4.9330914478298586e-24, nan 
-13.125, 81.625, 4.0300835040545624e-24, nan 
-12.875, 81.625, 3.774317194782999e-24, nan 
-12.625, 81.625, 3.519935734683091e-24, nan 
-12.375, 81.625, 3.3612958449160906e-24, nan 
-12.125, 81.625, 3.9187117743390686e-24, nan 
-11.875, 81.625, 3.9120549659307356e-24, nan 
-11.625, 81.625, 3.0579775155623705e-24, nan 
-11.375, 81.625, 3.025588042149681e-24, nan 
-11.125, 81.625, 3.2767505957021035e-24, nan 
-10.875, 81.625, 4.199127805580646e-24, nan 
-10.625, 81.625, 1.691197876068607e-24, nan 
-10.375, 81.625, 2.8824849252190132e-24, nan 
-10.125, 81.625, 4.266926499199109e-24, nan 
-9.875, 81.625, 3.6085819215858694e-24, nan 
-9.625, 81.625, 3.477379639740152e-24, nan 
-9.375, 81.625, 4.087676978302762e-24, nan 
-9.125, 81.625, 5.972516006846855e-24, nan 
-8.875, 81.625, 6.685058375374392e-24, nan 
-8.625, 81.625, 6.949755866338059e-24, nan 
-8.375, 81.625, 6.65408086948668e-24, nan 
-8.125, 81.625, 5.0765447713272326e-24, nan 
-7.875, 81.625, 4.8694986210903974e-24, nan 
-7.625, 81.625, 5.008335469210151e-24, nan 
-7.375, 81.625, 6.011899431470068e-24, nan 
-7.125, 81.625, 5.0400400852228866e-24, nan 
-6.875, 81.625, 5.0604457010874776e-24, nan 
-6.625, 81.625, 4.702349687795716e-24, nan 
-6.375, 81.625, 4.4897999109594e-24, nan 
-6.125, 81.625, 3.821959288388789e-24, nan 
-5.875, 81.625, 3.347331669299694e-24, nan 
-5.625, 81.625, 3.286293803740099e-24, nan 
-5.375, 81.625, 3.399894855363952e-24, nan 
-5.125, 81.625, 2.542789162369538e-24, nan 
-4.875, 81.625, 2.260958261412095e-24, nan 
-4.625, 81.625, 2.551098738975283e-24, nan 
-4.375, 81.625, 3.7495763828440375e-24, nan 
-4.125, 81.625, 5.339245675022854e-24, nan 
-3.875, 81.625, 5.453013481538622e-24, nan 
-3.625, 81.625, 6.400482580309913e-24, nan 
-3.375, 81.625, 6.769997881822551e-24, nan 
-3.125, 81.625, 5.818871694183363e-24, nan 
-2.875, 81.625, 5.16950534092261e-24, nan 
-2.625, 81.625, 5.423044151086589e-24, nan 
-2.375, 81.625, 5.9404281240266694e-24, nan 
-2.125, 81.625, 5.39562658785725e-24, nan 
-1.875, 81.625, 4.734285500761239e-24, nan 
-1.625, 81.625, 4.615804461413268e-24, nan 
-1.375, 81.625, 4.529663868395588e-24, nan 
-1.125, 81.625, 3.976842564507929e-24, nan 
-0.875, 81.625, 3.6565108091148486e-24, nan 
-0.625, 81.625, 3.077513551353817e-24, nan 
-0.375, 81.625, 2.7902739632025815e-24, nan 
-0.125, 81.625, 2.9122897834953254e-24, nan 
0.125, 81.625, 4.0200800559298896e-24, nan 
0.375, 81.625, 6.252862501485838e-24, nan 
0.625, 81.625, 5.386344540931622e-24, nan 
0.875, 81.625, 4.381091579862931e-24, nan 
1.125, 81.625, 5.8496540249184485e-24, nan 
1.375, 81.625, 5.944264582991103e-24, nan 
1.625, 81.625, 6.142306445227076e-24, nan 
1.875, 81.625, 7.369183222588555e-24, nan 
2.125, 81.625, 8.767901525745405e-24, nan 
2.375, 81.625, 8.367001575465406e-24, nan 
2.625, 81.625, 6.120741055605712e-24, nan 
2.875, 81.625, 6.000523735520805e-24, nan 
3.125, 81.625, 6.541243049041068e-24, nan 
3.375, 81.625, 6.223882977305615e-24, nan 
3.625, 81.625, 6.301344703286832e-24, nan 
3.875, 81.625, 5.198929943064439e-24, nan 
4.125, 81.625, 5.11062831123566e-24, nan 
4.375, 81.625, 4.1723422961702245e-24, nan 
4.625, 81.625, 3.361723836839114e-24, nan 
4.875, 81.625, 2.669581647760359e-24, nan 
5.125, 81.625, 2.6405474016332093e-24, nan 
5.375, 81.625, 2.527294559098356e-24, nan 
5.625, 81.625, 2.981844758327837e-24, nan 
5.875, 81.625, 4.1944649106453614e-24, nan 
6.125, 81.625, 4.973811760787158e-24, nan 
6.375, 81.625, 4.072726604153747e-24, nan 
6.625, 81.625, 3.466763347022963e-24, nan 
6.875, 81.625, 4.008715247093848e-24, nan 
7.125, 81.625, 4.428500377682957e-24, nan 
7.375, 81.625, 5.496628763140721e-24, nan 
7.625, 81.625, 7.19085995721131e-24, nan 
7.875, 81.625, 7.055774547005787e-24, nan 
8.125, 81.625, 5.064996155428152e-24, nan 
8.375, 81.625, 4.274009178122359e-24, nan 
8.625, 81.625, 4.1542680286888545e-24, nan 
8.875, 81.625, 4.455887218952238e-24, nan 
9.125, 81.625, 3.334248276179687e-24, nan 
9.375, 81.625, 3.508485677984236e-24, nan 
9.625, 81.625, 4.744979560996937e-24, nan 
9.875, 81.625, 6.3929700334997656e-24, nan 
10.125, 81.625, 7.117254745010705e-24, nan 
10.375, 81.625, 6.285688054809395e-24, nan 
10.625, 81.625, 7.613695560753071e-24, nan 
10.875, 81.625, 8.194381240214367e-24, nan 
11.125, 81.625, 7.830504302578546e-24, nan 
11.375, 81.625, 5.3143161055481674e-24, nan 
11.625, 81.625, 5.763945374279872e-24, nan 
11.875, 81.625, 5.532621936768227e-24, nan 
12.125, 81.625, 5.15042203557527e-24, nan 
12.375, 81.625, 4.970142905585121e-24, nan 
12.625, 81.625, 4.549998593291488e-24, nan 
12.875, 81.625, 4.543854200365846e-24, nan 
13.125, 81.625, 5.13987830898152e-24, nan 
13.375, 81.625, 6.454815822660644e-24, nan 
13.625, 81.625, 6.725313391483591e-24, nan 
13.875, 81.625, 5.9835572442757216e-24, nan 
14.125, 81.625, 5.669003530823949e-24, nan 
14.375, 81.625, 6.36066619413763e-24, nan 
14.625, 81.625, 5.819797418273921e-24, nan 
14.875, 81.625, 5.206503484487219e-24, nan 
15.125, 81.625, 6.816973897999283e-24, nan 
15.375, 81.625, 6.443355632162782e-24, nan 
15.625, 81.625, 5.1789049035018855e-24, nan 
15.875, 81.625, 4.447589815891722e-24, nan 
16.125, 81.625, 4.411057535805052e-24, nan 
16.375, 81.625, 3.9062100094006325e-24, nan 
16.625, 81.625, 4.715690307179186e-24, nan 
16.875, 81.625, 3.6504198876532994e-24, nan 
17.125, 81.625, 3.663553614131021e-24, nan 
17.375, 81.625, 4.3546105068972e-24, nan 
17.625, 81.625, 4.087015056575203e-24, nan 
17.875, 81.625, 3.7124418372660465e-24, nan 
18.125, 81.625, 4.493294401855031e-24, nan 
18.375, 81.625, 8.496322228294385e-24, nan 
18.625, 81.625, 9.944437440459964e-24, nan 
18.875, 81.625, 1.0203086718502411e-23, nan 
19.125, 81.625, 1.5090996353230484e-23, nan 
19.375, 81.625, 3.048646892924503e-23, nan 
19.625, 81.625, 3.549163085428217e-23, nan 
19.875, 81.625, 3.1721404280773476e-23, nan 
20.125, 81.625, 2.947027924249945e-23, nan 
20.375, 81.625, 2.964285425783968e-23, nan 
20.625, 81.625, 1.4534088861524868e-23, nan 
20.875, 81.625, 1.859011856784967e-23, nan 
21.125, 81.625, 9.109997515495046e-24, nan 
21.375, 81.625, 6.981506286573714e-24, nan 
21.625, 81.625, 7.835267607672085e-24, nan 
21.875, 81.625, 7.203849947801046e-24, nan 
22.125, 81.625, 6.701135330879124e-24, nan 
22.375, 81.625, 6.209559791026771e-24, nan 
22.625, 81.625, 7.666366435674142e-24, nan 
22.875, 81.625, 2.0480745797559058e-23, nan 
23.125, 81.625, 5.720570161208187e-23, nan 
23.375, 81.625, 2.5711184052546175e-23, nan 
23.625, 81.625, 5.434689150466868e-23, nan 
23.875, 81.625, 8.552737277444057e-23, nan 
24.125, 81.625, 7.893181565072418e-23, nan 
24.375, 81.625, 3.807934581419258e-23, nan 
24.625, 81.625, 4.4587559371993257e-23, nan 
24.875, 81.625, 3.859830733456451e-23, nan 
25.125, 81.625, 4.8199377931845704e-23, nan 
25.375, 81.625, 7.681396480636582e-23, nan 
25.625, 81.625, 5.2471959361122e-23, nan 
25.875, 81.625, 5.398174247622584e-23, nan 
26.125, 81.625, 4.9243661990439874e-23, nan 
26.375, 81.625, 5.815082497280209e-23, nan 
26.625, 81.625, 5.955139153873972e-23, nan 
26.875, 81.625, 5.94027171814236e-23, nan 
27.125, 81.625, 6.252903209729952e-23, nan 
27.375, 81.625, 4.459599288122347e-23, nan 
27.625, 81.625, 2.96069122945886e-23, nan 
27.875, 81.625, 1.0657658570598658e-23, nan 
28.125, 81.625, 7.28973300678816e-24, nan 
28.375, 81.625, 9.387598358249042e-24, nan 
28.625, 81.625, 1.4234707881200944e-23, nan 
28.875, 81.625, 1.5612626479839228e-23, nan 
29.125, 81.625, 2.8648614897802364e-23, nan 
29.375, 81.625, 3.298890680169847e-23, nan 
29.625, 81.625, 3.6235853848930857e-23, nan 
29.875, 81.625, 3.6679722590279546e-23, nan 
30.125, 81.625, 5.123262853176577e-23, nan 
30.375, 81.625, 4.783336898520799e-23, nan 
30.625, 81.625, 4.4934225614554565e-23, nan 
30.875, 81.625, 3.3693707757330935e-23, nan 
31.125, 81.625, 3.661085592835855e-23, nan 
31.375, 81.625, 4.73433199839157e-23, nan 
31.625, 81.625, 5.373175317937763e-23, nan 
31.875, 81.625, 8.936515284609939e-23, nan 
32.125, 81.625, 8.36839785582855e-23, nan 
32.375, 81.625, 7.112774846098104e-23, nan 
32.625, 81.625, 5.001014562905993e-23, nan 
32.875, 81.625, 8.880865448214246e-23, nan 
33.125, 81.625, 8.837121910529123e-23, nan 
33.375, 81.625, 5.50841276530072e-23, nan 
33.625, 81.625, 6.494289134943019e-23, nan 
33.875, 81.625, 5.943521826012337e-23, nan 
34.125, 81.625, 6.905444181241063e-23, nan 
34.375, 81.625, 1.362455755855795e-22, nan 
34.625, 81.625, 1.8042880265416036e-22, nan 
34.875, 81.625, 1.7382076371083266e-22, nan 
35.125, 81.625, 4.450188142201199e-23, nan 
35.375, 81.625, 4.795135597169196e-23, nan 
35.625, 81.625, 1.4484260379870556e-22, nan 
35.875, 81.625, 1.9807898664731436e-22, nan 
36.125, 81.625, 1.6111930440766376e-22, nan 
36.375, 81.625, 2.2532792381399295e-22, nan 
36.625, 81.625, 2.482127354687613e-22, nan 
36.875, 81.625, 1.8345860565118425e-22, nan 
37.125, 81.625, 1.7574186848392757e-22, nan 
37.375, 81.625, 2.0591183733808875e-22, nan 
37.625, 81.625, 2.6090326120558278e-22, nan 
37.875, 81.625, 1.7386004512264466e-22, nan 
38.125, 81.625, 2.580066632612839e-22, nan 
38.375, 81.625, 2.76017942899824e-22, nan 
38.625, 81.625, 2.205842447352403e-22, nan 
38.875, 81.625, 2.2780606540681676e-22, nan 
39.125, 81.625, 1.8054195840978136e-22, nan 
39.375, 81.625, 2.0798180277524164e-22, nan 
39.625, 81.625, 1.3460944824804508e-22, nan 
39.875, 81.625, 1.5269937683344005e-22, nan 
40.125, 81.625, 1.445891183107469e-22, nan 
40.375, 81.625, 1.222289495056475e-22, nan 
40.625, 81.625, 1.3269422077822697e-22, nan 
40.875, 81.625, 1.1848171626976039e-22, nan 
41.125, 81.625, 1.0163124239354793e-22, nan 
41.375, 81.625, 7.414812367733107e-23, nan 
41.625, 81.625, 7.007322835466761e-23, nan 
41.875, 81.625, 7.250628272860866e-23, nan 
42.125, 81.625, 6.33991211586196e-23, nan 
42.375, 81.625, 7.738053431826095e-23, nan 
42.625, 81.625, 7.274506801479562e-23, nan 
42.875, 81.625, 7.495211370522529e-23, nan 
43.125, 81.625, 4.894422565352565e-23, nan 
43.375, 81.625, 5.092603632298488e-23, nan 
43.625, 81.625, 4.234642482965905e-23, nan 
43.875, 81.625, 5.1767692145602e-23, nan 
44.125, 81.625, 5.217660812888764e-23, nan 
44.375, 81.625, 7.64164202262199e-23, nan 
44.625, 81.625, 6.863733331891709e-23, nan 
44.875, 81.625, 7.362792402827814e-23, nan 
45.125, 81.625, 6.736812922370568e-23, nan 
45.375, 81.625, 7.167754341331818e-23, nan 
45.625, 81.625, 5.37427740646736e-23, nan 
45.875, 81.625, 9.992898593863131e-23, nan 
46.125, 81.625, 1.944944997335814e-22, nan 
46.375, 81.625, 3.204430502162082e-22, nan 
46.625, 81.625, 3.348443328381093e-22, nan 
46.875, 81.625, 3.4509524921207475e-22, nan 
47.125, 81.625, 3.4519407185042704e-22, nan 
47.375, 81.625, 3.6691721362082567e-22, nan 
47.625, 81.625, 3.7289818080167023e-22, nan 
47.875, 81.625, 3.7356799066256095e-22, nan 
48.125, 81.625, 3.963697880321634e-22, nan 
48.375, 81.625, 3.6182743230854174e-22, nan 
48.625, 81.625, 4.1724577611336203e-22, nan 
48.875, 81.625, 4.0428596487672523e-22, nan 
49.125, 81.625, 2.954165794235526e-22, nan 
49.375, 81.625, 2.512530765378599e-22, nan 
49.625, 81.625, 3.1072480332877763e-22, nan 
49.875, 81.625, 5.184096995012588e-22, nan 
50.125, 81.625, 5.395917628665092e-22, nan 
50.375, 81.625, 6.452941344047636e-22, nan 
50.625, 81.625, 6.871881329421585e-22, nan 
50.875, 81.625, 4.896526595402082e-22, nan 
51.125, 81.625, 2.6378903121563726e-22, nan 
51.375, 81.625, 3.717564932518882e-22, nan 
51.625, 81.625, 4.498763036319336e-22, nan 
51.875, 81.625, 4.238425717314918e-22, nan 
52.125, 81.625, 4.965179117022251e-22, nan 
52.375, 81.625, 5.315810280261203e-22, nan 
52.625, 81.625, 4.0295565722884284e-22, nan 
52.875, 81.625, 2.7149959028539634e-22, nan 
53.125, 81.625, 4.401989875316029e-22, nan 
53.375, 81.625, 3.399985301591279e-22, nan 
53.625, 81.625, 2.80960543297479e-22, nan 
53.875, 81.625, 3.733788845426268e-22, nan 
54.125, 81.625, 3.4405664425176255e-22, nan 
54.375, 81.625, 3.597244308759244e-22, nan 
54.625, 81.625, 3.702306204964583e-22, nan 
54.875, 81.625, 3.953067055967433e-22, nan 
55.125, 81.625, 3.580931305207487e-22, nan 
55.375, 81.625, 3.5371752503816835e-22, nan 
55.625, 81.625, 1.5231076584409746e-22, nan 
55.875, 81.625, 2.722428388042511e-23, nan 
56.125, 81.625, 2.792652267094954e-23, nan 
56.375, 81.625, 2.756830346843444e-23, nan 
56.625, 81.625, 2.916971556574845e-23, nan 
56.875, 81.625, 2.2794491947157775e-23, nan 
57.125, 81.625, 2.745183702689615e-23, nan 
57.375, 81.625, 2.3849697185990818e-23, nan 
57.625, 81.625, 3.440384605709639e-23, nan 
57.875, 81.625, 5.237873624654795e-23, nan 
58.125, 81.625, 1.7143639212760243e-22, nan 
58.375, 81.625, 2.002007698545366e-22, nan 
58.625, 81.625, 2.5243066202810074e-22, nan 
58.875, 81.625, 3.197769819784468e-22, nan 
59.125, 81.625, 3.6369488944612037e-22, nan 
59.375, 81.625, 3.128543708390318e-22, nan 
59.625, 81.625, 1.115551296501308e-22, nan 
59.875, 81.625, 9.955435716678057e-23, nan 
60.125, 81.625, 9.49925400089958e-23, nan 
60.375, 81.625, 1.8728093362906402e-22, nan 
60.625, 81.625, 2.7249615061967615e-22, nan 
60.875, 81.625, 2.8290891673728426e-22, nan 
61.125, 81.625, 2.5051256079183675e-22, nan 
61.375, 81.625, 1.824954672733155e-22, nan 
61.625, 81.625, 2.3173535833326725e-22, nan 
61.875, 81.625, 2.661188844196423e-22, nan 
62.125, 81.625, 3.4028527324078097e-22, nan 
62.375, 81.625, 4.241442008080128e-22, nan 
62.625, 81.625, 4.756385932120003e-22, nan 
62.875, 81.625, 4.43767740673029e-22, nan 
63.125, 81.625, 4.3437178114892e-22, nan 
63.375, 81.625, 3.8160107157314744e-22, nan 
63.625, 81.625, 4.983770761415749e-22, nan 
63.875, 81.625, 4.714659752809106e-22, nan 
64.125, 81.625, 4.236177904021802e-22, nan 
64.375, 81.625, 4.406689097185183e-22, nan 
64.625, 81.625, 3.6126939665315485e-22, nan 
64.875, 81.625, 3.166391147072532e-22, nan 
65.125, 81.625, 2.7546654868958814e-22, nan 
65.375, 81.625, 2.4834221889734387e-22, nan 
65.625, 81.625, 2.184286347043127e-22, nan 
65.875, 81.625, 1.994717494617415e-22, nan 
66.125, 81.625, 2.077871798852688e-22, nan 
66.375, 81.625, 1.8753636501306242e-22, nan 
66.625, 81.625, 1.8149279856850753e-22, nan 
66.875, 81.625, 1.9593190951922534e-22, nan 
67.125, 81.625, 1.268500782274098e-22, nan 
67.375, 81.625, 1.5187517036880688e-22, nan 
67.625, 81.625, 3.0495465706161004e-22, nan 
67.875, 81.625, 4.0669893351685233e-22, nan 
68.125, 81.625, 4.0488857492040246e-22, nan 
68.375, 81.625, 4.223208533842407e-22, nan 
68.625, 81.625, 4.710990317818516e-22, nan 
68.875, 81.625, 5.044172259974636e-22, nan 
69.125, 81.625, 5.294015286581017e-22, nan 
69.375, 81.625, 7.381392717227993e-22, nan 
69.625, 81.625, 9.442798396097037e-22, nan 
69.875, 81.625, 9.582465756375736e-22, nan 
70.125, 81.625, 1.0080951199863278e-21, nan 
70.375, 81.625, 8.661902069510865e-22, nan 
70.625, 81.625, 6.618381908671562e-22, nan 
70.875, 81.625, 6.188659375699268e-22, nan 
71.125, 81.625, 5.075019557981127e-22, nan 
71.375, 81.625, 4.362074574018287e-22, nan 
71.625, 81.625, 5.256357613786523e-22, nan 
71.875, 81.625, 3.5682400466235167e-22, nan 
72.125, 81.625, 4.695975781060829e-22, nan 
72.375, 81.625, 5.791535026769274e-22, nan 
72.625, 81.625, 6.349421482473426e-22, nan 
72.875, 81.625, 5.862687048063329e-22, nan 
73.125, 81.625, 5.277571058720943e-22, nan 
73.375, 81.625, 6.613828274262722e-22, nan 
73.625, 81.625, 6.830998097411784e-22, nan 
73.875, 81.625, 9.274919950807698e-22, nan 
74.125, 81.625, 1.0176758718827706e-21, nan 
74.375, 81.625, 1.3918287948627854e-21, nan 
74.625, 81.625, 1.5218856686234748e-21, nan 
74.875, 81.625, 1.6072082355396376e-21, nan 
75.125, 81.625, 1.865012459289693e-21, nan 
75.375, 81.625, 9.847110180601795e-22, nan 
75.625, 81.625, 1.1824416629035503e-21, nan 
75.875, 81.625, 1.20389755644922e-21, nan 
76.125, 81.625, 1.67020190963461e-21, nan 
76.375, 81.625, 1.548527412031478e-21, nan 
76.625, 81.625, 1.460316725683566e-21, nan 
76.875, 81.625, 1.7780647610602843e-21, nan 
77.125, 81.625, 1.3253426703715834e-21, nan 
77.375, 81.625, 1.647814731108807e-21, nan 
77.625, 81.625, 1.7704321801287962e-21, nan 
77.875, 81.625, 1.614640807313882e-21, nan 
78.125, 81.625, 9.698236232217883e-22, nan 
78.375, 81.625, 1.0143201801300502e-21, nan 
78.625, 81.625, 1.0075277732918176e-21, nan 
78.875, 81.625, 1.0030202872459807e-21, nan 
79.125, 81.625, 1.6123365334769632e-21, nan 
79.375, 81.625, 1.5496259525012142e-21, nan 
79.625, 81.625, 1.402869892465773e-21, nan 
79.875, 81.625, 1.2022017852658385e-21, nan 
80.125, 81.625, 1.3681176714290322e-21, nan 
80.375, 81.625, 1.4123977840137937e-21, nan 
80.625, 81.625, 1.4621032242984003e-21, nan 
80.875, 81.625, 1.5324215482992244e-21, nan 
81.125, 81.625, 1.1305591195441996e-21, nan 
81.375, 81.625, 3.395140726623371e-22, nan 
81.625, 81.625, 7.412935326133341e-22, nan 
81.875, 81.625, 8.365425627859873e-22, nan 
82.125, 81.625, 7.657714371858235e-22, nan 
82.375, 81.625, 7.773016299563915e-22, nan 
82.625, 81.625, 8.283446153065178e-22, nan 
82.875, 81.625, 8.109110593831267e-22, nan 
83.125, 81.625, 1.0039388803067657e-21, nan 
83.375, 81.625, 1.118365524332439e-21, nan 
83.625, 81.625, 1.119796460356956e-21, nan 
83.875, 81.625, 1.1993358267404244e-21, nan 
84.125, 81.625, 1.2742698281270211e-21, nan 
84.375, 81.625, 1.3005386828270022e-21, nan 
84.625, 81.625, 1.3142370596099857e-21, nan 
84.875, 81.625, 1.2666419129969207e-21, nan 
85.125, 81.625, 1.3613387440217303e-21, nan 
85.375, 81.625, 1.3735145220070624e-21, nan 
85.625, 81.625, 1.3730165294134446e-21, nan 
85.875, 81.625, 1.1437391636388874e-21, nan 
86.125, 81.625, 9.86596320964985e-22, nan 
86.375, 81.625, 1.174846629593741e-21, nan 
86.625, 81.625, 1.8806239079016786e-21, nan 
86.875, 81.625, 1.2173794683962906e-21, nan 
87.125, 81.625, 1.0166229824516835e-21, nan 
87.375, 81.625, 1.1128583534227458e-21, nan 
87.625, 81.625, 1.1428088070325178e-21, nan 
87.875, 81.625, 1.038157492827834e-21, nan 
88.125, 81.625, 9.236542565797334e-22, nan 
88.375, 81.625, 1.3562241624098352e-21, nan 
88.625, 81.625, 8.073846056443463e-22, nan 
88.875, 81.625, 8.786684378843187e-22, nan 
89.125, 81.625, 8.434248100616416e-22, nan 
89.375, 81.625, 6.954102684393722e-22, nan 
89.625, 81.625, 5.845240482865844e-22, nan 
89.875, 81.625, 7.830556094297736e-22, nan 
90.125, 81.625, 9.142699962458291e-22, nan 
90.375, 81.625, 1.1956595334255521e-21, nan 
90.625, 81.625, 1.1874722446807992e-21, nan 
90.875, 81.625, 1.6139271783493192e-21, nan 
91.125, 81.625, 1.5439949860834215e-21, nan 
91.375, 81.625, 1.3148443109672606e-21, nan 
91.625, 81.625, 1.4437857483104008e-21, nan 
91.875, 81.625, 1.4371108866471185e-21, nan 
92.125, 81.625, 1.1834329712387687e-21, nan 
92.375, 81.625, 1.2109713877366584e-21, nan 
92.625, 81.625, 1.2530112366116118e-21, nan 
92.875, 81.625, 1.115948259499512e-21, nan 
93.125, 81.625, 1.008403259723883e-21, nan 
93.375, 81.625, 1.1365755423343885e-21, nan 
93.625, 81.625, 1.0617308848827737e-21, nan 
93.875, 81.625, 1.0530025456969456e-21, nan 
94.125, 81.625, 1.0230844591987579e-21, nan 
94.375, 81.625, 1.085777860154803e-21, nan 
94.625, 81.625, 1.1660268223550045e-21, nan 
94.875, 81.625, 1.2640737044332707e-21, nan 
95.125, 81.625, 1.2776948083752218e-21, nan 
95.375, 81.625, 1.2545162741983628e-21, nan 
95.625, 81.625, 1.3734294959565196e-21, nan 
95.875, 81.625, 1.5133254631680937e-21, nan 
96.125, 81.625, 1.139437026370938e-21, nan 
96.375, 81.625, 1.568730502188797e-21, nan 
96.625, 81.625, 1.6548187116948103e-21, nan 
96.875, 81.625, 1.1963401073106162e-21, nan 
97.125, 81.625, 1.5753061784247212e-21, nan 
97.375, 81.625, 1.8067048313610346e-21, nan 
97.625, 81.625, 1.784274270400523e-21, nan 
97.875, 81.625, 1.3572237334271315e-21, nan 
98.125, 81.625, 1.4951774952743662e-21, nan 
98.375, 81.625, 1.7707652794214327e-21, nan 
98.625, 81.625, 1.5405122401405315e-21, nan 
98.875, 81.625, 1.375956061118975e-21, nan 
99.125, 81.625, 1.887869338002463e-21, nan 
99.375, 81.625, 2.0481558344051763e-21, nan 
99.625, 81.625, 1.812195326552584e-21, nan 
99.875, 81.625, 1.7545476971591004e-21, nan 
100.125, 81.625, 2.2968911471126063e-21, nan 
100.375, 81.625, 2.0805004685344933e-21, nan 
100.625, 81.625, 2.234275039831738e-21, nan 
100.875, 81.625, 2.3490920398612744e-21, nan 
101.125, 81.625, 2.206922594369863e-21, nan 
101.375, 81.625, 2.309864086353517e-21, nan 
101.625, 81.625, 1.7439148041003764e-21, nan 
101.875, 81.625, 2.1529890717391185e-21, nan 
102.125, 81.625, 1.9909291505043915e-21, nan 
102.375, 81.625, 2.096285652638338e-21, nan 
102.625, 81.625, 2.0880452685306926e-21, nan 
102.875, 81.625, 2.0162410578582476e-21, nan 
103.125, 81.625, 2.084810525935735e-21, nan 
103.375, 81.625, 1.745993941479703e-21, nan 
103.625, 81.625, 2.172325881694598e-21, nan 
103.875, 81.625, 1.943342740838195e-21, nan 
104.125, 81.625, 2.0804418212081714e-21, nan 
104.375, 81.625, 1.7754964043457757e-21, nan 
104.625, 81.625, 1.8475840280416795e-21, nan 
104.875, 81.625, 1.4195892836053346e-21, nan 
105.125, 81.625, 1.8740709452080356e-21, nan 
105.375, 81.625, 1.6838477137778995e-21, nan 
105.625, 81.625, 1.5170948960173158e-21, nan 
105.875, 81.625, 1.6794310681962761e-21, nan 
106.125, 81.625, 1.1764508496183501e-21, nan 
106.375, 81.625, 4.3394463316545855e-22, nan 
106.625, 81.625, 4.563387366559118e-22, nan 
106.875, 81.625, 6.962409502083169e-22, nan 
107.125, 81.625, 7.513604299159379e-22, nan 
107.375, 81.625, 3.4967996614352916e-22, nan 
107.625, 81.625, 3.738218448953473e-22, nan 
107.875, 81.625, 3.884920881109395e-22, nan 
108.125, 81.625, 4.1346452531169677e-22, nan 
108.375, 81.625, 3.408641573322579e-22, nan 
108.625, 81.625, 1.7233664706095695e-22, nan 
108.875, 81.625, 2.192197458686383e-22, nan 
109.125, 81.625, 2.3605524270766238e-22, nan 
109.375, 81.625, 4.974583946141676e-22, nan 
109.625, 81.625, 5.415238795219151e-22, nan 
109.875, 81.625, 5.33581534999546e-22, nan 
110.125, 81.625, 5.884699140071381e-22, nan 
110.375, 81.625, 5.11738699922488e-22, nan 
110.625, 81.625, 4.541796937955764e-22, nan 
110.875, 81.625, 4.830738224278901e-22, nan 
111.125, 81.625, 6.452219817838911e-22, nan 
111.375, 81.625, 5.205532514944468e-22, nan 
111.625, 81.625, 6.783483484922607e-22, nan 
111.875, 81.625, 6.930609982860549e-22, nan 
112.125, 81.625, 5.23202041817753e-22, nan 
112.375, 81.625, 5.0174590358313515e-22, nan 
112.625, 81.625, 5.299413516729793e-22, nan 
112.875, 81.625, 2.951134343951913e-22, nan 
113.125, 81.625, 3.8471561006639994e-22, nan 
113.375, 81.625, 8.624299442253703e-22, nan 
113.625, 81.625, 7.608946560607321e-22, nan 
113.875, 81.625, 4.793121998853999e-22, nan 
114.125, 81.625, 3.9960022858430257e-22, nan 
114.375, 81.625, 2.538207002184627e-22, nan 
114.625, 81.625, 1.930867422777401e-22, nan 
114.875, 81.625, 2.438394685645741e-22, nan 
115.125, 81.625, 4.708854989131293e-22, nan 
115.375, 81.625, 5.092328405289978e-22, nan 
115.625, 81.625, 4.926966803544841e-22, nan 
115.875, 81.625, 3.627313018162089e-22, nan 
116.125, 81.625, 1.4523931164515278e-22, nan 
116.375, 81.625, 4.701116432186412e-22, nan 
116.625, 81.625, 5.893606305369775e-22, nan 
116.875, 81.625, 6.931431941462654e-22, nan 
117.125, 81.625, 6.873371740455329e-22, nan 
117.375, 81.625, 7.144984156622899e-22, nan 
117.625, 81.625, 6.034113307575559e-22, nan 
117.875, 81.625, 5.673887848133289e-22, nan 
118.125, 81.625, 6.1015051554459525e-22, nan 
118.375, 81.625, 5.738912192968704e-22, nan 
118.625, 81.625, 6.678901722633493e-22, nan 
118.875, 81.625, 6.888809508775259e-22, nan 
119.125, 81.625, 6.589852847680457e-22, nan 
119.375, 81.625, 5.774492299479398e-22, nan 
119.625, 81.625, 4.928133094120288e-22, nan 
119.875, 81.625, 2.5472605544179733e-22, nan 
120.125, 81.625, 2.8184263699094836e-22, nan 
120.375, 81.625, 3.0465500933306344e-22, nan 
120.625, 81.625, 1.5524376604164812e-22, nan 
120.875, 81.625, 1.4576660114851448e-22, nan 
121.125, 81.625, 1.2626208538518958e-22, nan 
121.375, 81.625, 9.786996078769417e-23, nan 
121.625, 81.625, 1.355700282859473e-22, nan 
121.875, 81.625, 2.389811432762475e-22, nan 
122.125, 81.625, 2.7780490118969603e-22, nan 
122.375, 81.625, 2.0961036667250853e-22, nan 
122.625, 81.625, 3.9857423651599373e-22, nan 
122.875, 81.625, 3.2809606836773246e-22, nan 
123.125, 81.625, 2.092810675883228e-22, nan 
123.375, 81.625, 1.044411618637465e-22, nan 
123.625, 81.625, 1.2521334775091683e-22, nan 
123.875, 81.625, 8.768111574894669e-23, nan 
124.125, 81.625, 1.9011856924678315e-22, nan 
124.375, 81.625, 2.8029970637382373e-22, nan 
124.625, 81.625, 2.524108220245889e-22, nan 
124.875, 81.625, 1.9612548059845595e-22, nan 
125.125, 81.625, 1.3592233974503789e-22, nan 
125.375, 81.625, 1.3615068554033784e-22, nan 
125.625, 81.625, 1.4115051019430705e-22, nan 
125.875, 81.625, 1.2181964164359767e-22, nan 
126.125, 81.625, 1.0732748192462494e-22, nan 
126.375, 81.625, 1.1687414910870445e-22, nan 
126.625, 81.625, 1.094861852331787e-22, nan 
126.875, 81.625, 1.1296551846162787e-22, nan 
127.125, 81.625, 8.541819667178561e-23, nan 
127.375, 81.625, 8.725536283587255e-23, nan 
127.625, 81.625, 1.4107256749111485e-22, nan 
127.875, 81.625, 1.4649951114611556e-22, nan 
128.125, 81.625, 1.2383336005735735e-22, nan 
128.375, 81.625, 1.2759315475467074e-22, nan 
128.625, 81.625, 1.2749315070806815e-22, nan 
128.875, 81.625, 1.2919103570068488e-22, nan 
129.125, 81.625, 8.2163223961717e-23, nan 
129.375, 81.625, 1.1221255613765132e-22, nan 
129.625, 81.625, 1.0311043695062246e-22, nan 
129.875, 81.625, 1.4890200592782896e-22, nan 
130.125, 81.625, 1.4510994387296247e-22, nan 
130.375, 81.625, 1.3987742962058186e-22, nan 
130.625, 81.625, 1.8285043900108097e-22, nan 
130.875, 81.625, 1.8443737123724497e-22, nan 
131.125, 81.625, 1.4650345332041712e-22, nan 
131.375, 81.625, 1.5820355030093778e-22, nan 
131.625, 81.625, 1.832977873245619e-22, nan 
131.875, 81.625, 1.5539696641391056e-22, nan 
132.125, 81.625, 7.717393287706132e-23, nan 
132.375, 81.625, 1.1834049792470759e-22, nan 
132.625, 81.625, 1.2927045728646826e-22, nan 
132.875, 81.625, 1.247140185649943e-22, nan 
133.125, 81.625, 9.426241964140923e-23, nan 
133.375, 81.625, 1.607454969849998e-22, nan 
133.625, 81.625, 1.2907757761824592e-22, nan 
133.875, 81.625, 9.70428825984902e-23, nan 
134.125, 81.625, 1.327647641590236e-22, nan 
134.375, 81.625, 1.760610765218493e-22, nan 
134.625, 81.625, 1.9676465315686058e-22, nan 
134.875, 81.625, 1.7860554793201895e-22, nan 
135.125, 81.625, 1.8297500139785198e-22, nan 
135.375, 81.625, 2.23045332185177e-22, nan 
135.625, 81.625, 1.7378328013568888e-22, nan 
135.875, 81.625, 2.757281929913211e-22, nan 
136.125, 81.625, 3.9004736692402754e-22, nan 
136.375, 81.625, 4.807993715074804e-22, nan 
136.625, 81.625, 4.860785774228322e-22, nan 
136.875, 81.625, 4.835122222347839e-22, nan 
137.125, 81.625, 5.611594949444999e-22, nan 
137.375, 81.625, 4.962774807353521e-22, nan 
137.625, 81.625, 4.182893131911199e-22, nan 
137.875, 81.625, 3.4456188507883783e-22, nan 
138.125, 81.625, 4.2053684357866995e-22, nan 
138.375, 81.625, 4.386719269070397e-22, nan 
138.625, 81.625, 4.143430208072334e-22, nan 
138.875, 81.625, 4.499808212043069e-22, nan 
139.125, 81.625, 4.113992633088124e-22, nan 
139.375, 81.625, 2.349248867705751e-22, nan 
139.625, 81.625, 1.7742793767420532e-22, nan 
139.875, 81.625, 1.5284488761867621e-22, nan 
140.125, 81.625, 1.5584515319963606e-22, nan 
140.375, 81.625, 1.58015692704156e-22, nan 
140.625, 81.625, 1.6830130513547855e-22, nan 
140.875, 81.625, 1.6298733299641451e-22, nan 
141.125, 81.625, 1.739056940003637e-22, nan 
141.375, 81.625, 1.6128797273338914e-22, nan 
141.625, 81.625, 1.7326559863083201e-22, nan 
141.875, 81.625, 1.6850127032174968e-22, nan 
142.125, 81.625, 1.6118710697168622e-22, nan 
142.375, 81.625, 1.6411931248274848e-22, nan 
142.625, 81.625, 1.6447480639694748e-22, nan 
142.875, 81.625, 1.8280090674030832e-22, nan 
143.125, 81.625, 1.7130772950440095e-22, nan 
143.375, 81.625, 1.6859198046771124e-22, nan 
143.625, 81.625, 1.989362160118367e-22, nan 
143.875, 81.625, 2.1081961754015104e-22, nan 
144.125, 81.625, 1.9720945200435972e-22, nan 
144.375, 81.625, 2.0054214647793876e-22, nan 
144.625, 81.625, 2.245023161585943e-22, nan 
144.875, 81.625, 2.163348552306133e-22, nan 
145.125, 81.625, 2.254007041595241e-22, nan 
145.375, 81.625, 2.3354626599022833e-22, nan 
145.625, 81.625, 2.373449560105961e-22, nan 
145.875, 81.625, 2.3446081085978316e-22, nan 
146.125, 81.625, 2.353739709624412e-22, nan 
146.375, 81.625, 2.1731020620902757e-22, nan 
146.625, 81.625, 2.0412450207635415e-22, nan 
146.875, 81.625, 2.099541917207324e-22, nan 
147.125, 81.625, 2.2092715876261136e-22, nan 
147.375, 81.625, 2.1605007869112166e-22, nan 
147.625, 81.625, 1.9308289138347146e-22, nan 
147.875, 81.625, 2.077252513608643e-22, nan 
148.125, 81.625, 2.0744427278930484e-22, nan 
148.375, 81.625, 1.9031562112615502e-22, nan 
148.625, 81.625, 2.0042544303247012e-22, nan 
148.875, 81.625, 1.8707630360775325e-22, nan 
149.125, 81.625, 1.8404725009636163e-22, nan 
149.375, 81.625, 1.8076865051364742e-22, nan 
149.625, 81.625, 1.771629847847249e-22, nan 
149.875, 81.625, 1.8019081956052477e-22, nan 
150.125, 81.625, 1.799801068358446e-22, nan 
150.375, 81.625, 1.701269197462764e-22, nan 
150.625, 81.625, 1.6609517634757161e-22, nan 
150.875, 81.625, 1.5985835981281052e-22, nan 
151.125, 81.625, 1.5540989586273294e-22, nan 
151.375, 81.625, 1.6112210560500988e-22, nan 
151.625, 81.625, 1.5224478128659182e-22, nan 
151.875, 81.625, 1.5612144109689901e-22, nan 
152.125, 81.625, 1.5377609046159625e-22, nan 
152.375, 81.625, 1.5671173903388608e-22, nan 
152.625, 81.625, 1.4346942949483887e-22, nan 
152.875, 81.625, 1.3928951660716382e-22, nan 
153.125, 81.625, 1.4365751233766226e-22, nan 
153.375, 81.625, 1.4071103271550646e-22, nan 
153.625, 81.625, 1.3283754365336182e-22, nan 
153.875, 81.625, 1.368907279875062e-22, nan 
154.125, 81.625, 1.3526363991032967e-22, nan 
154.375, 81.625, 1.2352097243890138e-22, nan 
154.625, 81.625, 1.2155365050240223e-22, nan 
154.875, 81.625, 1.234690940853744e-22, nan 
155.125, 81.625, 1.232829014826847e-22, nan 
155.375, 81.625, 1.1370274988117217e-22, nan 
155.625, 81.625, 1.2283210887887284e-22, nan 
155.875, 81.625, 1.1799669481609094e-22, nan 
156.125, 81.625, 1.084082983386202e-22, nan 
156.375, 81.625, 1.0939199267007305e-22, nan 
156.625, 81.625, 1.0516488463569703e-22, nan 
156.875, 81.625, 1.0598035948427076e-22, nan 
157.125, 81.625, 9.951368738422396e-23, nan 
157.375, 81.625, 9.47361096337054e-23, nan 
157.625, 81.625, 9.381564064620899e-23, nan 
157.875, 81.625, 9.549365203186705e-23, nan 
158.125, 81.625, 1.002253194778461e-22, nan 
158.375, 81.625, 9.118745930077053e-23, nan 
158.625, 81.625, 7.991387161512905e-23, nan 
158.875, 81.625, 8.126304929222558e-23, nan 
159.125, 81.625, 8.679177717442301e-23, nan 
159.375, 81.625, 8.29702421273782e-23, nan 
159.625, 81.625, 7.466812579043329e-23, nan 
159.875, 81.625, 8.387100629741639e-23, nan 
160.125, 81.625, 7.373622531036301e-23, nan 
160.375, 81.625, 6.507388998245672e-23, nan 
160.625, 81.625, 7.305344627392883e-23, nan 
160.875, 81.625, 7.183221896590465e-23, nan 
161.125, 81.625, 5.726656366090467e-23, nan 
161.375, 81.625, 5.753016684434773e-23, nan 
161.625, 81.625, 5.2618493476200614e-23, nan 
161.875, 81.625, 5.334846077278918e-23, nan 
162.125, 81.625, 5.587476936631853e-23, nan 
162.375, 81.625, 5.534487733882835e-23, nan 
162.625, 81.625, 4.9527614589662976e-23, nan 
162.875, 81.625, 5.150163283017686e-23, nan 
163.125, 81.625, 5.1969539352446974e-23, nan 
163.375, 81.625, 5.639513625687587e-23, nan 
163.625, 81.625, 5.115162180622914e-23, nan 
163.875, 81.625, 4.943514341450087e-23, nan 
164.125, 81.625, 5.0967859081536303e-23, nan 
164.375, 81.625, 5.547792443199e-23, nan 
164.625, 81.625, 4.7037158046542406e-23, nan 
164.875, 81.625, 4.712737196407646e-23, nan 
165.125, 81.625, 5.1385766751119936e-23, nan 
165.375, 81.625, 4.9311427438648707e-23, nan 
165.625, 81.625, 4.9687619157292154e-23, nan 
165.875, 81.625, 4.526291909110881e-23, nan 
166.125, 81.625, 4.5583654320308915e-23, nan 
166.375, 81.625, 4.715100940939181e-23, nan 
166.625, 81.625, 4.3683713419094077e-23, nan 
166.875, 81.625, 4.2808424170713735e-23, nan 
167.125, 81.625, 4.306476112982759e-23, nan 
167.375, 81.625, 4.004397927843421e-23, nan 
167.625, 81.625, 4.1119499131683743e-23, nan 
167.875, 81.625, 3.883376056177622e-23, nan 
168.125, 81.625, 3.6002125939184205e-23, nan 
168.375, 81.625, 3.543317396146634e-23, nan 
168.625, 81.625, 3.83069191701132e-23, nan 
168.875, 81.625, 3.819090464023947e-23, nan 
169.125, 81.625, 3.371747105109329e-23, nan 
169.375, 81.625, 3.780967543675413e-23, nan 
169.625, 81.625, 3.8330243249097324e-23, nan 
169.875, 81.625, 3.5555660392305186e-23, nan 
170.125, 81.625, 3.7425608031250447e-23, nan 
170.375, 81.625, 3.6181037151088215e-23, nan 
170.625, 81.625, 3.490589928874879e-23, nan 
170.875, 81.625, 3.28909918027394e-23, nan 
171.125, 81.625, 2.940879426841288e-23, nan 
171.375, 81.625, 3.146745308255524e-23, nan 
171.625, 81.625, 2.9556371497490636e-23, nan 
171.875, 81.625, 2.8245060242309246e-23, nan 
172.125, 81.625, 2.889776791421424e-23, nan 
172.375, 81.625, 2.866153690874644e-23, nan 
172.625, 81.625, 2.789859056181331e-23, nan 
172.875, 81.625, 2.6665575123607264e-23, nan 
173.125, 81.625, 2.584341602767434e-23, nan 
173.375, 81.625, 2.815507334682791e-23, nan 
173.625, 81.625, 2.66860196567237e-23, nan 
173.875, 81.625, 3.247737986058864e-23, nan 
174.125, 81.625, 2.8013625157016473e-23, nan 
174.375, 81.625, 2.8576338070326745e-23, nan 
174.625, 81.625, 2.5547204821249878e-23, nan 
174.875, 81.625, 2.5134402451925922e-23, nan 
175.125, 81.625, 2.552583765868119e-23, nan 
175.375, 81.625, 2.746235400148905e-23, nan 
175.625, 81.625, 3.742725888136262e-23, nan 
175.875, 81.625, 2.943583125101545e-23, nan 
176.125, 81.625, 2.5830214305023426e-23, nan 
176.375, 81.625, 2.67157502486017e-23, nan 
176.625, 81.625, 2.6083192581667846e-23, nan 
176.875, 81.625, 2.3756242337742088e-23, nan 
177.125, 81.625, 2.4893136252408432e-23, nan 
177.375, 81.625, 2.2577327756496584e-23, nan 
177.625, 81.625, 2.2482200840533983e-23, nan 
177.875, 81.625, 2.1259146877141914e-23, nan 
178.125, 81.625, 2.1362706965407007e-23, nan 
178.375, 81.625, 2.1500744922206568e-23, nan 
178.625, 81.625, 2.118747197635e-23, nan 
178.875, 81.625, 1.952524456930763e-23, nan 
179.125, 81.625, 1.9587750835458003e-23, nan 
179.375, 81.625, 1.8537275994513144e-23, nan 
179.625, 81.625, 1.8379243595483472e-23, nan 
179.875, 81.625, 1.9345456590995738e-23, nan 
-179.875, 81.875, 1.3036967205460983e-23, nan 
-179.625, 81.875, 1.2774195217167975e-23, nan 
-179.375, 81.875, 1.2216034342293966e-23, nan 
-179.125, 81.875, 1.2939097166951317e-23, nan 
-178.875, 81.875, 1.2757096779767014e-23, nan 
-178.625, 81.875, 1.2606346899163782e-23, nan 
-178.375, 81.875, 1.1654829347872454e-23, nan 
-178.125, 81.875, 1.2563172125289387e-23, nan 
-177.875, 81.875, 1.2696883756535977e-23, nan 
-177.625, 81.875, 1.2701731409994391e-23, nan 
-177.375, 81.875, 1.1053863726675247e-23, nan 
-177.125, 81.875, 1.1912317440564645e-23, nan 
-176.875, 81.875, 1.1532972768938276e-23, nan 
-176.625, 81.875, 1.1723042170663638e-23, nan 
-176.375, 81.875, 1.1517321953459207e-23, nan 
-176.125, 81.875, 1.1596892766730408e-23, nan 
-175.875, 81.875, 1.1044351681768272e-23, nan 
-175.625, 81.875, 1.2603655374390429e-23, nan 
-175.375, 81.875, 1.2845554878170501e-23, nan 
-175.125, 81.875, 1.265024217425579e-23, nan 
-174.875, 81.875, 1.2583501701095482e-23, nan 
-174.625, 81.875, 1.3968288572964544e-23, nan 
-174.375, 81.875, 1.598543246126184e-23, nan 
-174.125, 81.875, 1.492114353971231e-23, nan 
-173.875, 81.875, 1.5861919400415178e-23, nan 
-173.625, 81.875, 1.7974245909490798e-23, nan 
-173.375, 81.875, 1.6697519872811463e-23, nan 
-173.125, 81.875, 1.4885147431781652e-23, nan 
-172.875, 81.875, 1.6588108933465748e-23, nan 
-172.625, 81.875, 2.2323535138864263e-23, nan 
-172.375, 81.875, 1.944758051079559e-23, nan 
-172.125, 81.875, 2.133685221962788e-23, nan 
-171.875, 81.875, 2.9371844672841315e-23, nan 
-171.625, 81.875, 2.2873712304737156e-23, nan 
-171.375, 81.875, 1.5545921802302714e-23, nan 
-171.125, 81.875, 1.2592338453194144e-23, nan 
-170.875, 81.875, 1.4717746816301538e-23, nan 
-170.625, 81.875, 2.9449263456393895e-23, nan 
-170.375, 81.875, 2.871375932411706e-23, nan 
-170.125, 81.875, 3.565122432912432e-23, nan 
-169.875, 81.875, 4.484614002955613e-23, nan 
-169.625, 81.875, 8.339138922738115e-23, nan 
-169.375, 81.875, 1.5631798558333368e-22, nan 
-169.125, 81.875, 5.566031231000824e-23, nan 
-168.875, 81.875, 8.069928563369472e-24, nan 
-168.625, 81.875, 7.346472743749452e-24, nan 
-168.375, 81.875, 8.807135774823988e-24, nan 
-168.125, 81.875, 9.167612378257343e-24, nan 
-167.875, 81.875, 1.1786556326970699e-23, nan 
-167.625, 81.875, 1.4413251915260325e-23, nan 
-167.375, 81.875, 1.3755411716153364e-23, nan 
-167.125, 81.875, 1.3140165060717816e-23, nan 
-166.875, 81.875, 1.368997665361768e-23, nan 
-166.625, 81.875, 1.3348876954042843e-23, nan 
-166.375, 81.875, 1.1158929882283198e-23, nan 
-166.125, 81.875, 1.2380050061544785e-23, nan 
-165.875, 81.875, 1.408342834942901e-23, nan 
-165.625, 81.875, 1.4227904376686065e-23, nan 
-165.375, 81.875, 1.2096230119993586e-23, nan 
-165.125, 81.875, 1.3403982327753173e-23, nan 
-164.875, 81.875, 1.3699384741441693e-23, nan 
-164.625, 81.875, 1.3078255079428907e-23, nan 
-164.375, 81.875, 1.2392475360984065e-23, nan 
-164.125, 81.875, 1.2268184540910877e-23, nan 
-163.875, 81.875, 1.2136510323293383e-23, nan 
-163.625, 81.875, 1.1128117631918436e-23, nan 
-163.375, 81.875, 1.117801260579327e-23, nan 
-163.125, 81.875, 1.1046483240694971e-23, nan 
-162.875, 81.875, 1.0278671997432528e-23, nan 
-162.625, 81.875, 1.0255846144402936e-23, nan 
-162.375, 81.875, 9.792051041503198e-24, nan 
-162.125, 81.875, 9.291780856113548e-24, nan 
-161.875, 81.875, 8.963978689433239e-24, nan 
-161.625, 81.875, 8.763109760459395e-24, nan 
-161.375, 81.875, 8.677232600758735e-24, nan 
-161.125, 81.875, 8.200809194823138e-24, nan 
-160.875, 81.875, 7.780897841587878e-24, nan 
-160.625, 81.875, 7.468062119308371e-24, nan 
-160.375, 81.875, 7.543042716700947e-24, nan 
-160.125, 81.875, 7.536897709649797e-24, nan 
-159.875, 81.875, 7.290592772032285e-24, nan 
-159.625, 81.875, 6.670987021828952e-24, nan 
-159.375, 81.875, 6.212046285559548e-24, nan 
-159.125, 81.875, 6.1635868541747805e-24, nan 
-158.875, 81.875, 6.250338013834526e-24, nan 
-158.625, 81.875, 6.359165015592363e-24, nan 
-158.375, 81.875, 6.3797311955901776e-24, nan 
-158.125, 81.875, 5.935412342162712e-24, nan 
-157.875, 81.875, 5.7739419671018105e-24, nan 
-157.625, 81.875, 5.926879071881604e-24, nan 
-157.375, 81.875, 5.991689319850887e-24, nan 
-157.125, 81.875, 6.029124434712917e-24, nan 
-156.875, 81.875, 5.75946866353595e-24, nan 
-156.625, 81.875, 5.620442905262787e-24, nan 
-156.375, 81.875, 5.904032193779346e-24, nan 
-156.125, 81.875, 5.742521476000095e-24, nan 
-155.875, 81.875, 5.6532193303822e-24, nan 
-155.625, 81.875, 5.311750223437027e-24, nan 
-155.375, 81.875, 5.359411948668101e-24, nan 
-155.125, 81.875, 5.359014034362586e-24, nan 
-154.875, 81.875, 5.488081145432889e-24, nan 
-154.625, 81.875, 5.154269695402624e-24, nan 
-154.375, 81.875, 5.253846093811637e-24, nan 
-154.125, 81.875, 5.085636907006553e-24, nan 
-153.875, 81.875, 4.968231043794863e-24, nan 
-153.625, 81.875, 4.965421377239437e-24, nan 
-153.375, 81.875, 4.7522765536848506e-24, nan 
-153.125, 81.875, 4.6645393205142206e-24, nan 
-152.875, 81.875, 4.556354744014447e-24, nan 
-152.625, 81.875, 4.613775815472777e-24, nan 
-152.375, 81.875, 4.485493914641743e-24, nan 
-152.125, 81.875, 4.569071741109978e-24, nan 
-151.875, 81.875, 4.5193569734179315e-24, nan 
-151.625, 81.875, 4.343809589080729e-24, nan 
-151.375, 81.875, 4.165020472702294e-24, nan 
-151.125, 81.875, 4.2440748261195696e-24, nan 
-150.875, 81.875, 4.018808525591328e-24, nan 
-150.625, 81.875, 4.184480659856413e-24, nan 
-150.375, 81.875, 3.804577313488752e-24, nan 
-150.125, 81.875, 3.91695834805855e-24, nan 
-149.875, 81.875, 3.935457526241528e-24, nan 
-149.625, 81.875, 3.8266219824667255e-24, nan 
-149.375, 81.875, 3.575153844998555e-24, nan 
-149.125, 81.875, 3.724015058196574e-24, nan 
-148.875, 81.875, 3.4015878540486555e-24, nan 
-148.625, 81.875, 3.3685055820410354e-24, nan 
-148.375, 81.875, 3.3400790288959824e-24, nan 
-148.125, 81.875, 3.3259278216928155e-24, nan 
-147.875, 81.875, 3.40944995673961e-24, nan 
-147.625, 81.875, 3.0565064220269246e-24, nan 
-147.375, 81.875, 2.9341944702593003e-24, nan 
-147.125, 81.875, 2.868255484576478e-24, nan 
-146.875, 81.875, 2.9239172251538544e-24, nan 
-146.625, 81.875, 2.7342007658353926e-24, nan 
-146.375, 81.875, 2.8514829340839816e-24, nan 
-146.125, 81.875, 2.740268944491093e-24, nan 
-145.875, 81.875, 2.7726452827648353e-24, nan 
-145.625, 81.875, 2.615453361425439e-24, nan 
-145.375, 81.875, 2.483424787486778e-24, nan 
-145.125, 81.875, 2.6697281862373497e-24, nan 
-144.875, 81.875, 2.694248835352344e-24, nan 
-144.625, 81.875, 2.47370612656629e-24, nan 
-144.375, 81.875, 2.3152837346283925e-24, nan 
-144.125, 81.875, 2.3962111462062946e-24, nan 
-143.875, 81.875, 2.643036910268945e-24, nan 
-143.625, 81.875, 2.3342244315340166e-24, nan 
-143.375, 81.875, 2.1587856080211733e-24, nan 
-143.125, 81.875, 2.3514822545520425e-24, nan 
-142.875, 81.875, 2.589029967072712e-24, nan 
-142.625, 81.875, 2.2357392945679143e-24, nan 
-142.375, 81.875, 2.222084025115779e-24, nan 
-142.125, 81.875, 2.3773819197182497e-24, nan 
-141.875, 81.875, 2.3137220841523072e-24, nan 
-141.625, 81.875, 2.1997046905981303e-24, nan 
-141.375, 81.875, 2.1634862335645955e-24, nan 
-141.125, 81.875, 2.3240302444770137e-24, nan 
-140.875, 81.875, 2.2676261480581207e-24, nan 
-140.625, 81.875, 2.208018828528395e-24, nan 
-140.375, 81.875, 2.237920420481319e-24, nan 
-140.125, 81.875, 2.1839744203220983e-24, nan 
-139.875, 81.875, 2.2074803922471574e-24, nan 
-139.625, 81.875, 2.263738534730721e-24, nan 
-139.375, 81.875, 2.3350658420245017e-24, nan 
-139.125, 81.875, 2.1794119453449568e-24, nan 
-138.875, 81.875, 2.002884699548718e-24, nan 
-138.625, 81.875, 2.14536592493605e-24, nan 
-138.375, 81.875, 2.1398199783374658e-24, nan 
-138.125, 81.875, 2.0680141148694075e-24, nan 
-137.875, 81.875, 2.118294784586887e-24, nan 
-137.625, 81.875, 2.0996423109660328e-24, nan 
-137.375, 81.875, 2.1389962330961053e-24, nan 
-137.125, 81.875, 2.253329930328098e-24, nan 
-136.875, 81.875, 2.2816866990394716e-24, nan 
-136.625, 81.875, 2.2859588019069275e-24, nan 
-136.375, 81.875, 2.4651481660970932e-24, nan 
-136.125, 81.875, 3.0256022502530737e-24, nan 
-135.875, 81.875, 3.0903533775683908e-24, nan 
-135.625, 81.875, 2.9106688763167295e-24, nan 
-135.375, 81.875, 2.7307939181907162e-24, nan 
-135.125, 81.875, 2.8758313068219144e-24, nan 
-134.875, 81.875, 2.5848957350773235e-24, nan 
-134.625, 81.875, 2.884813287229438e-24, nan 
-134.375, 81.875, 3.2747619065646783e-24, nan 
-134.125, 81.875, 3.399424574037028e-24, nan 
-133.875, 81.875, 3.623505747531394e-24, nan 
-133.625, 81.875, 3.4070566009877104e-24, nan 
-133.375, 81.875, 2.8558191940141772e-24, nan 
-133.125, 81.875, 2.6972944036291458e-24, nan 
-132.875, 81.875, 2.9388584178207166e-24, nan 
-132.625, 81.875, 2.7427424228468252e-24, nan 
-132.375, 81.875, 3.2320603260335248e-24, nan 
-132.125, 81.875, 6.5953456514781095e-24, nan 
-131.875, 81.875, 6.814834969785342e-24, nan 
-131.625, 81.875, 7.180361519448069e-24, nan 
-131.375, 81.875, 7.244755943426784e-24, nan 
-131.125, 81.875, 7.206282369061612e-24, nan 
-130.875, 81.875, 9.7466299923382e-24, nan 
-130.625, 81.875, 1.2354632920327905e-23, nan 
-130.375, 81.875, 1.3805216950722189e-23, nan 
-130.125, 81.875, 1.1311028781105936e-23, nan 
-129.875, 81.875, 1.1858776493099816e-23, nan 
-129.625, 81.875, 1.5698538633505478e-23, nan 
-129.375, 81.875, 1.5791847775088883e-23, nan 
-129.125, 81.875, 1.2918508385257949e-23, nan 
-128.875, 81.875, 1.2182672331048099e-23, nan 
-128.625, 81.875, 1.3756883507879062e-23, nan 
-128.375, 81.875, 1.3161010611951004e-23, nan 
-128.125, 81.875, 1.3251962434982173e-23, nan 
-127.875, 81.875, 1.5469337599468895e-23, nan 
-127.625, 81.875, 1.545417231926705e-23, nan 
-127.375, 81.875, 1.4797400287491168e-23, nan 
-127.125, 81.875, 1.359967793832918e-23, nan 
-126.875, 81.875, 1.2452134241939314e-23, nan 
-126.625, 81.875, 5.8364671182053265e-24, nan 
-126.375, 81.875, 4.405924967850713e-24, nan 
-126.125, 81.875, 4.296484854099655e-24, nan 
-125.875, 81.875, 4.6487333583125305e-24, nan 
-125.625, 81.875, 5.0392701064756374e-24, nan 
-125.375, 81.875, 4.510782094829971e-24, nan 
-125.125, 81.875, 4.363567866400989e-24, nan 
-124.875, 81.875, 4.529037909154427e-24, nan 
-124.625, 81.875, 4.275743252721168e-24, nan 
-124.375, 81.875, 4.555727138329642e-24, nan 
-124.125, 81.875, 5.143185344105332e-24, nan 
-123.875, 81.875, 5.5547754968421096e-24, nan 
-123.625, 81.875, 5.990691625990314e-24, nan 
-123.375, 81.875, 6.803753921967333e-24, nan 
-123.125, 81.875, 8.720433399844588e-24, nan 
-122.875, 81.875, 9.114332756935371e-24, nan 
-122.625, 81.875, 9.457802674485062e-24, nan 
-122.375, 81.875, 9.826349254063581e-24, nan 
-122.125, 81.875, 1.1222436831022458e-23, nan 
-121.875, 81.875, 1.3359786484690334e-23, nan 
-121.625, 81.875, 1.3817751031126008e-23, nan 
-121.375, 81.875, 1.3145907363918156e-23, nan 
-121.125, 81.875, 1.1501292225345045e-23, nan 
-120.875, 81.875, 1.755595187365337e-23, nan 
-120.625, 81.875, 2.320210067226777e-23, nan 
-120.375, 81.875, 2.4615279898422806e-23, nan 
-120.125, 81.875, 2.6459715868429135e-23, nan 
-119.875, 81.875, 2.742447382683607e-23, nan 
-119.625, 81.875, 2.6574927047420046e-23, nan 
-119.375, 81.875, 2.3602765867794692e-23, nan 
-119.125, 81.875, 1.9470067243170935e-23, nan 
-118.875, 81.875, 2.254077523687526e-23, nan 
-118.625, 81.875, 2.2092762028322516e-23, nan 
-118.375, 81.875, 1.4270058226115515e-23, nan 
-118.125, 81.875, 9.563245405016606e-24, nan 
-117.875, 81.875, 1.016660100676335e-23, nan 
-117.625, 81.875, 9.815965307949737e-24, nan 
-117.375, 81.875, 1.4681439321419697e-23, nan 
-117.125, 81.875, 1.4433751421443884e-23, nan 
-116.875, 81.875, 1.3149729746385875e-23, nan 
-116.625, 81.875, 1.371379904369926e-23, nan 
-116.375, 81.875, 2.437244132640334e-23, nan 
-116.125, 81.875, 2.4229628993601366e-23, nan 
-115.875, 81.875, 2.428179649943844e-23, nan 
-115.625, 81.875, 2.3545743038535886e-23, nan 
-115.375, 81.875, 2.41677230812284e-23, nan 
-115.125, 81.875, 1.686848377847035e-23, nan 
-114.875, 81.875, 1.534621281022076e-23, nan 
-114.625, 81.875, 1.2837640575053528e-23, nan 
-114.375, 81.875, 1.1456701311461829e-23, nan 
-114.125, 81.875, 1.0045563599942966e-23, nan 
-113.875, 81.875, 1.0333284005002524e-23, nan 
-113.625, 81.875, 1.0289645298855546e-23, nan 
-113.375, 81.875, 1.0291725816262143e-23, nan 
-113.125, 81.875, 1.2506790423967846e-23, nan 
-112.875, 81.875, 1.33444259192912e-23, nan 
-112.625, 81.875, 1.3198124163378035e-23, nan 
-112.375, 81.875, 1.1958373364043302e-23, nan 
-112.125, 81.875, 1.100998643425377e-23, nan 
-111.875, 81.875, 8.63562523698361e-24, nan 
-111.625, 81.875, 7.627705179784492e-24, nan 
-111.375, 81.875, 9.594259980686093e-24, nan 
-111.125, 81.875, 1.052813187689793e-23, nan 
-110.875, 81.875, 1.0202836094604736e-23, nan 
-110.625, 81.875, 9.303418011988157e-24, nan 
-110.375, 81.875, 8.564889105780544e-24, nan 
-110.125, 81.875, 6.251570660213681e-24, nan 
-109.875, 81.875, 5.4063944450359195e-24, nan 
-109.625, 81.875, 3.481282480692392e-24, nan 
-44.875, 81.875, 1.0961211066356448e-23, nan 
-44.625, 81.875, 1.2255808798979007e-23, nan 
-44.375, 81.875, 1.1631196580761248e-23, nan 
-44.125, 81.875, 1.0826514132981354e-23, nan 
-43.875, 81.875, 1.1036352487781126e-23, nan 
-43.625, 81.875, 1.0666606275543811e-23, nan 
-43.375, 81.875, 1.0437257410217025e-23, nan 
-43.125, 81.875, 8.442631868261098e-24, nan 
-42.875, 81.875, 6.558933160561707e-24, nan 
-42.625, 81.875, 5.459848188244606e-24, nan 
-42.375, 81.875, 4.3835808378984574e-24, nan 
-42.125, 81.875, 5.711337793251969e-24, nan 
-41.875, 81.875, 5.168302021596405e-24, nan 
-41.625, 81.875, 5.369890454103853e-24, nan 
-41.375, 81.875, 5.796987147773569e-24, nan 
-41.125, 81.875, 6.667019485712668e-24, nan 
-40.875, 81.875, 6.84119476125236e-24, nan 
-40.625, 81.875, 8.972291429740919e-24, nan 
-40.375, 81.875, 1.1902157862686295e-23, nan 
-40.125, 81.875, 7.717696638706715e-24, nan 
-39.875, 81.875, 8.559010745351234e-24, nan 
-39.625, 81.875, 8.780360082192497e-24, nan 
-39.375, 81.875, 5.24391458228133e-24, nan 
-39.125, 81.875, 6.2533326076889016e-24, nan 
-38.875, 81.875, 8.547096534161199e-24, nan 
-38.625, 81.875, 1.0291904364227143e-23, nan 
-38.375, 81.875, 7.095953749587964e-24, nan 
-38.125, 81.875, 3.5805490690101045e-24, nan 
-37.875, 81.875, 4.581410066312625e-24, nan 
-37.625, 81.875, 4.3509778952260065e-24, nan 
-37.375, 81.875, 4.372601247151432e-24, nan 
-37.125, 81.875, 5.992244218968797e-24, nan 
-36.875, 81.875, 9.40779085041271e-24, nan 
-36.625, 81.875, 9.412534107304274e-24, nan 
-36.375, 81.875, 7.068951311486e-24, nan 
-36.125, 81.875, 5.467417506172105e-24, nan 
-35.875, 81.875, 4.774695238517968e-24, nan 
-35.625, 81.875, 4.3813617930998565e-24, nan 
-35.375, 81.875, 4.828288985569819e-24, nan 
-35.125, 81.875, 9.048204209636484e-24, nan 
-34.875, 81.875, 9.886581971400201e-24, nan 
-34.625, 81.875, 7.354107071995858e-24, nan 
-34.375, 81.875, 2.824808810385997e-24, nan 
-34.125, 81.875, 4.3962733475497986e-24, nan 
-33.875, 81.875, 4.8391870731121966e-24, nan 
-33.625, 81.875, 5.7892373917794725e-24, nan 
-33.375, 81.875, 5.884737121818565e-24, nan 
-33.125, 81.875, 1.1308591499564058e-23, nan 
-32.875, 81.875, 1.3847332055772212e-23, nan 
-32.625, 81.875, 9.853345929640026e-24, nan 
-32.375, 81.875, 6.846716909938782e-24, nan 
-32.125, 81.875, 5.803579296836693e-24, nan 
-31.875, 81.875, 5.078933163082693e-24, nan 
-31.625, 81.875, 6.200173762967723e-24, nan 
-31.375, 81.875, 9.445129599499355e-24, nan 
-31.125, 81.875, 1.0173284236696631e-23, nan 
-30.875, 81.875, 5.3945530619933214e-24, nan 
-30.625, 81.875, 2.784317432798707e-24, nan 
-30.375, 81.875, 3.365563135389899e-24, nan 
-30.125, 81.875, 3.755532923554564e-24, nan 
-29.875, 81.875, 2.8804106771110537e-24, nan 
-29.625, 81.875, 2.607650116459e-24, nan 
-29.375, 81.875, 3.455793791860737e-24, nan 
-29.125, 81.875, 4.246917753807324e-24, nan 
-28.875, 81.875, 4.374269019879046e-24, nan 
-28.625, 81.875, 3.542597145374717e-24, nan 
-28.375, 81.875, 3.1390571166682027e-24, nan 
-28.125, 81.875, 3.419034499686169e-24, nan 
-27.875, 81.875, 2.7608996123434486e-24, nan 
-27.625, 81.875, 3.5280968792588274e-24, nan 
-27.375, 81.875, 3.516166780785917e-24, nan 
-27.125, 81.875, 4.7803205742329795e-24, nan 
-26.875, 81.875, 7.596963626595927e-24, nan 
-26.625, 81.875, 8.133434778011272e-24, nan 
-26.375, 81.875, 8.64238142607674e-24, nan 
-26.125, 81.875, 1.0542093825947655e-23, nan 
-25.875, 81.875, 9.045977411430313e-24, nan 
-25.625, 81.875, 4.648755464414908e-24, nan 
-25.375, 81.875, 5.427266202654486e-24, nan 
-25.125, 81.875, 7.03512672109555e-24, nan 
-24.875, 81.875, 7.303935738365004e-24, nan 
-24.625, 81.875, 4.7197002942308476e-24, nan 
-24.375, 81.875, 5.341306976086417e-24, nan 
-24.125, 81.875, 5.643252007640765e-24, nan 
-23.875, 81.875, 4.307009466226544e-24, nan 
-23.625, 81.875, 5.042289674997866e-24, nan 
-23.375, 81.875, 6.938673585474565e-24, nan 
-23.125, 81.875, 3.0935523018234868e-24, nan 
-22.875, 81.875, 2.7374129719729827e-24, nan 
-22.625, 81.875, 4.404097102572213e-24, nan 
-22.375, 81.875, 3.7194320009295156e-24, nan 
-22.125, 81.875, 4.549197580715761e-24, nan 
-21.875, 81.875, 8.941703010838309e-24, nan 
-21.625, 81.875, 1.3486855620531935e-23, nan 
-21.375, 81.875, 8.929249150534454e-24, nan 
-21.125, 81.875, 1.0086849441974696e-23, nan 
-20.875, 81.875, 6.798135152136603e-24, nan 
-20.625, 81.875, 4.948060080292488e-24, nan 
-20.375, 81.875, 5.0042711385826396e-24, nan 
-20.125, 81.875, 7.619235708574344e-24, nan 
-19.875, 81.875, 1.0290248409028389e-23, nan 
-19.625, 81.875, 5.897181527484586e-24, nan 
-19.375, 81.875, 3.8497882400123716e-24, nan 
-19.125, 81.875, 2.6336817691152314e-24, nan 
-18.875, 81.875, 2.5290065247011988e-24, nan 
-18.625, 81.875, 2.396114825725833e-24, nan 
-18.375, 81.875, 2.747260166904665e-24, nan 
-18.125, 81.875, 2.7486496910919167e-24, nan 
-17.875, 81.875, 3.509623087017471e-24, nan 
-17.625, 81.875, 5.440940172750609e-24, nan 
-17.375, 81.875, 4.726310477691908e-24, nan 
-17.125, 81.875, 1.874579553458957e-24, nan 
-16.875, 81.875, 2.3511106019353676e-24, nan 
-16.625, 81.875, 3.71378617184338e-24, nan 
-16.375, 81.875, 4.936339462518194e-24, nan 
-16.125, 81.875, 8.077439915068546e-24, nan 
-15.875, 81.875, 1.2844299461356883e-23, nan 
-15.625, 81.875, 1.3339696317157788e-23, nan 
-15.375, 81.875, 7.576266666762888e-24, nan 
-15.125, 81.875, 4.523239158604301e-24, nan 
-14.875, 81.875, 4.6098564900437975e-24, nan 
-14.625, 81.875, 5.4783141969450865e-24, nan 
-14.375, 81.875, 7.839029636516328e-24, nan 
-14.125, 81.875, 1.0664751485668836e-23, nan 
-13.875, 81.875, 1.0547080126844245e-23, nan 
-13.625, 81.875, 6.497782711609342e-24, nan 
-13.375, 81.875, 4.64745979589846e-24, nan 
-13.125, 81.875, 3.9177587942250466e-24, nan 
-12.875, 81.875, 3.3276436250286365e-24, nan 
-12.625, 81.875, 2.969584009786171e-24, nan 
-12.375, 81.875, 2.564470217736613e-24, nan 
-12.125, 81.875, 3.0674280936572246e-24, nan 
-11.875, 81.875, 3.0676233147631615e-24, nan 
-11.625, 81.875, 3.2364033379050755e-24, nan 
-11.375, 81.875, 3.473768807286249e-24, nan 
-11.125, 81.875, 2.8947630032982587e-24, nan 
-10.875, 81.875, 2.570513023612151e-24, nan 
-10.625, 81.875, 2.6884043318978823e-24, nan 
-10.375, 81.875, 3.386591241588961e-24, nan 
-10.125, 81.875, 4.015744196753434e-24, nan 
-9.875, 81.875, 2.649183756287364e-24, nan 
-9.625, 81.875, 3.323290309839954e-24, nan 
-9.375, 81.875, 3.877842159873924e-24, nan 
-9.125, 81.875, 4.7497760689543505e-24, nan 
-8.875, 81.875, 4.456064498673706e-24, nan 
-8.625, 81.875, 4.147802543909883e-24, nan 
-8.375, 81.875, 3.790170868503786e-24, nan 
-8.125, 81.875, 3.474365007416156e-24, nan 
-7.875, 81.875, 3.924146295240539e-24, nan 
-7.625, 81.875, 4.0055171671379525e-24, nan 
-7.375, 81.875, 4.263590115909792e-24, nan 
-7.125, 81.875, 4.1148702376700516e-24, nan 
-6.875, 81.875, 3.603440154851664e-24, nan 
-6.625, 81.875, 3.0429417648818475e-24, nan 
-6.375, 81.875, 2.3914516422931528e-24, nan 
-6.125, 81.875, 2.2633707844594687e-24, nan 
-5.875, 81.875, 2.342195155015594e-24, nan 
-5.625, 81.875, 3.140502320775565e-24, nan 
-5.375, 81.875, 2.688316763532096e-24, nan 
-5.125, 81.875, 2.218668271088073e-24, nan 
-4.875, 81.875, 2.459887010359529e-24, nan 
-4.625, 81.875, 2.999115413000283e-24, nan 
-4.375, 81.875, 3.524570061661977e-24, nan 
-4.125, 81.875, 4.073612431368043e-24, nan 
-3.875, 81.875, 3.492552097067244e-24, nan 
-3.625, 81.875, 3.420684824992658e-24, nan 
-3.375, 81.875, 3.568528465987071e-24, nan 
-3.125, 81.875, 3.7785800922952234e-24, nan 
-2.875, 81.875, 3.7487816637952825e-24, nan 
-2.625, 81.875, 3.656184788967985e-24, nan 
-2.375, 81.875, 3.530692912333555e-24, nan 
-2.125, 81.875, 3.352932290733703e-24, nan 
-1.875, 81.875, 3.4375063736998156e-24, nan 
-1.625, 81.875, 3.502244808875962e-24, nan 
-1.375, 81.875, 3.879919090817836e-24, nan 
-1.125, 81.875, 3.460579873814654e-24, nan 
-0.875, 81.875, 2.8977104541992983e-24, nan 
-0.625, 81.875, 2.3805026703502655e-24, nan 
-0.375, 81.875, 2.728784235088889e-24, nan 
-0.125, 81.875, 2.857922699347219e-24, nan 
0.125, 81.875, 2.890298577817224e-24, nan 
0.375, 81.875, 3.560733348674173e-24, nan 
0.625, 81.875, 3.3271767722863405e-24, nan 
0.875, 81.875, 3.0043507676780916e-24, nan 
1.125, 81.875, 2.9793465984460582e-24, nan 
1.375, 81.875, 3.439376655407247e-24, nan 
1.625, 81.875, 3.911791315343415e-24, nan 
1.875, 81.875, 4.4144823032253e-24, nan 
2.125, 81.875, 3.807865436582291e-24, nan 
2.375, 81.875, 3.705838576199736e-24, nan 
2.625, 81.875, 2.9599848965544175e-24, nan 
2.875, 81.875, 3.1915139280472987e-24, nan 
3.125, 81.875, 3.128574731793678e-24, nan 
3.375, 81.875, 2.891796413728311e-24, nan 
3.625, 81.875, 3.0945114420418244e-24, nan 
3.875, 81.875, 3.673711736268227e-24, nan 
4.125, 81.875, 3.303561366402174e-24, nan 
4.375, 81.875, 2.532268956177704e-24, nan 
4.625, 81.875, 2.0744286665051738e-24, nan 
4.875, 81.875, 2.120213535189474e-24, nan 
5.125, 81.875, 2.7147963604207968e-24, nan 
5.375, 81.875, 2.883358061101713e-24, nan 
5.625, 81.875, 3.123872927214698e-24, nan 
5.875, 81.875, 3.123253853184374e-24, nan 
6.125, 81.875, 3.2797089515720163e-24, nan 
6.375, 81.875, 2.360553797492452e-24, nan 
6.625, 81.875, 1.9827299065584312e-24, nan 
6.875, 81.875, 3.0733204098463205e-24, nan 
7.125, 81.875, 3.437837644506446e-24, nan 
7.375, 81.875, 3.0131262280847123e-24, nan 
7.625, 81.875, 2.211049833156404e-24, nan 
7.875, 81.875, 2.190330603850977e-24, nan 
8.125, 81.875, 3.1897938209817664e-24, nan 
8.375, 81.875, 3.9315854028596784e-24, nan 
8.625, 81.875, 3.761017147813299e-24, nan 
8.875, 81.875, 3.792419547479491e-24, nan 
9.125, 81.875, 3.710926628443627e-24, nan 
9.375, 81.875, 3.768396064080261e-24, nan 
9.625, 81.875, 3.50432215893803e-24, nan 
9.875, 81.875, 4.6938934438749824e-24, nan 
10.125, 81.875, 5.2430263615119645e-24, nan 
10.375, 81.875, 4.210928697262166e-24, nan 
10.625, 81.875, 3.329208122106781e-24, nan 
10.875, 81.875, 3.968807017025049e-24, nan 
11.125, 81.875, 4.259469762875659e-24, nan 
11.375, 81.875, 3.9849624804119486e-24, nan 
11.625, 81.875, 3.9441137656498065e-24, nan 
11.875, 81.875, 2.526667762845599e-24, nan 
12.125, 81.875, 2.086187880713581e-24, nan 
12.375, 81.875, 3.417709972999284e-24, nan 
12.625, 81.875, 3.2396874889416597e-24, nan 
12.875, 81.875, 2.2291979469800982e-24, nan 
13.125, 81.875, 3.12275827470195e-24, nan 
13.375, 81.875, 4.281407840322942e-24, nan 
13.625, 81.875, 4.222864238278566e-24, nan 
13.875, 81.875, 3.871805023839532e-24, nan 
14.125, 81.875, 2.548162465926579e-24, nan 
14.375, 81.875, 1.8401133516032813e-24, nan 
14.625, 81.875, 1.716975198250423e-24, nan 
14.875, 81.875, 2.4586820434921777e-24, nan 
15.125, 81.875, 2.4670220647069403e-24, nan 
15.375, 81.875, 2.2937332547097252e-24, nan 
15.625, 81.875, 2.3754705648050483e-24, nan 
15.875, 81.875, 2.3300196296450686e-24, nan 
16.125, 81.875, 2.21598428704214e-24, nan 
16.375, 81.875, 2.0827270531963635e-24, nan 
16.625, 81.875, 2.0177687142103804e-24, nan 
16.875, 81.875, 2.0050274419561297e-24, nan 
17.125, 81.875, 2.509923959061806e-24, nan 
17.375, 81.875, 3.091642310179027e-24, nan 
17.625, 81.875, 3.7370241162775e-24, nan 
17.875, 81.875, 3.444452482479225e-24, nan 
18.125, 81.875, 2.5529345852295233e-24, nan 
18.375, 81.875, 1.5164076975650301e-24, nan 
18.625, 81.875, 1.3903038666598437e-24, nan 
18.875, 81.875, 1.6023260734745627e-24, nan 
19.125, 81.875, 2.4515590432617407e-24, nan 
19.375, 81.875, 2.9255178636684143e-24, nan 
19.625, 81.875, 2.5624187702701857e-24, nan 
19.875, 81.875, 3.195310624230643e-24, nan 
20.125, 81.875, 3.2468738581623485e-24, nan 
20.375, 81.875, 2.4726154996176702e-24, nan 
20.625, 81.875, 1.592844021085244e-24, nan 
20.875, 81.875, 2.2926925690730282e-24, nan 
21.125, 81.875, 1.5216122705110147e-24, nan 
21.375, 81.875, 7.778659227968467e-25, nan 
21.625, 81.875, 6.000230172450237e-25, nan 
21.875, 81.875, 1.026972340206056e-24, nan 
22.125, 81.875, 1.2643079456843846e-24, nan 
22.375, 81.875, 1.2455050419105678e-24, nan 
22.625, 81.875, 2.282313163339144e-24, nan 
22.875, 81.875, 2.6250913712651503e-24, nan 
23.125, 81.875, 2.160247033178527e-24, nan 
23.375, 81.875, 2.613834646522556e-24, nan 
23.625, 81.875, 3.9706679823419916e-24, nan 
23.875, 81.875, 4.90630968837257e-24, nan 
24.125, 81.875, 6.5225938834249096e-24, nan 
24.375, 81.875, 9.822399962780847e-24, nan 
24.625, 81.875, 2.503866657480053e-23, nan 
24.875, 81.875, 1.8438384423893002e-23, nan 
25.125, 81.875, 2.5827241192559365e-23, nan 
25.375, 81.875, 4.818116833421137e-23, nan 
25.625, 81.875, 3.3920770482409693e-23, nan 
25.875, 81.875, 3.501196668498839e-23, nan 
26.125, 81.875, 2.0285521037314897e-23, nan 
26.375, 81.875, 1.6882766331194788e-23, nan 
26.625, 81.875, 1.220710101780805e-23, nan 
26.875, 81.875, 6.92725923581506e-24, nan 
27.125, 81.875, 8.99565844679653e-24, nan 
27.375, 81.875, 7.655163640985738e-24, nan 
27.625, 81.875, 1.3050489617599663e-23, nan 
27.875, 81.875, 2.008775716969416e-23, nan 
28.125, 81.875, 1.1601307237417344e-23, nan 
28.375, 81.875, 1.6692136234631267e-23, nan 
28.625, 81.875, 2.707059338511231e-23, nan 
28.875, 81.875, 3.423547968544871e-23, nan 
29.125, 81.875, 3.7856583760155206e-23, nan 
29.375, 81.875, 3.528050847580901e-23, nan 
29.625, 81.875, 1.8038350455406323e-23, nan 
29.875, 81.875, 1.5277079567068103e-23, nan 
30.125, 81.875, 2.3334716476524294e-23, nan 
30.375, 81.875, 3.9061324082364956e-23, nan 
30.625, 81.875, 4.869258309953918e-23, nan 
30.875, 81.875, 5.412216710999866e-23, nan 
31.125, 81.875, 4.601444382413919e-23, nan 
31.375, 81.875, 2.4079707862259627e-23, nan 
31.625, 81.875, 3.109649839699644e-23, nan 
31.875, 81.875, 4.924684860843661e-23, nan 
32.125, 81.875, 5.201009005850923e-23, nan 
32.375, 81.875, 5.324392669022424e-23, nan 
32.625, 81.875, 3.8907602284738606e-23, nan 
32.875, 81.875, 3.039698156084698e-23, nan 
33.125, 81.875, 2.9578313471488874e-23, nan 
33.375, 81.875, 3.137691214818119e-23, nan 
33.625, 81.875, 2.4023039920594197e-23, nan 
33.875, 81.875, 2.852438642871528e-23, nan 
34.125, 81.875, 5.2536189992343594e-23, nan 
34.375, 81.875, 9.392105724295785e-23, nan 
34.625, 81.875, 1.1341955448286646e-22, nan 
34.875, 81.875, 1.119051031110514e-22, nan 
35.125, 81.875, 4.300927813866557e-23, nan 
35.375, 81.875, 5.414078501028918e-23, nan 
35.625, 81.875, 4.65271063575268e-23, nan 
35.875, 81.875, 3.1416145783886365e-23, nan 
36.125, 81.875, 2.858456031573932e-23, nan 
36.375, 81.875, 5.63979328728072e-23, nan 
36.625, 81.875, 5.437934580705298e-23, nan 
36.875, 81.875, 5.514650806571666e-23, nan 
37.125, 81.875, 4.704189022019876e-23, nan 
37.375, 81.875, 1.500485536960306e-22, nan 
37.625, 81.875, 1.7942872970293443e-22, nan 
37.875, 81.875, 1.1046596973635254e-22, nan 
38.125, 81.875, 1.8001317815684433e-22, nan 
38.375, 81.875, 1.868888738425646e-22, nan 
38.625, 81.875, 1.566045334853676e-22, nan 
38.875, 81.875, 1.2986127457660133e-22, nan 
39.125, 81.875, 1.452171537775361e-22, nan 
39.375, 81.875, 1.2413921790323883e-22, nan 
39.625, 81.875, 1.1783903309004385e-22, nan 
39.875, 81.875, 1.2791555078777792e-22, nan 
40.125, 81.875, 1.205978038955284e-22, nan 
40.375, 81.875, 1.0681061671817327e-22, nan 
40.625, 81.875, 1.0583025806734718e-22, nan 
40.875, 81.875, 9.654455501626124e-23, nan 
41.125, 81.875, 8.135402362526468e-23, nan 
41.375, 81.875, 4.735195164502162e-23, nan 
41.625, 81.875, 5.0468348243014065e-23, nan 
41.875, 81.875, 4.0622961011166787e-23, nan 
42.125, 81.875, 3.26146981160196e-23, nan 
42.375, 81.875, 2.2554863490089195e-23, nan 
42.625, 81.875, 7.41702072490773e-23, nan 
42.875, 81.875, 4.881480885599781e-23, nan 
43.125, 81.875, 4.4726003875538266e-23, nan 
43.375, 81.875, 8.365495483229463e-23, nan 
43.625, 81.875, 7.699276822025858e-23, nan 
43.875, 81.875, 8.057393900455922e-23, nan 
44.125, 81.875, 7.158482557325533e-23, nan 
44.375, 81.875, 1.1826191753414623e-22, nan 
44.625, 81.875, 7.147842555019242e-23, nan 
44.875, 81.875, 6.627055689569288e-23, nan 
45.125, 81.875, 1.1325959251434613e-22, nan 
45.375, 81.875, 1.1219563133619321e-22, nan 
45.625, 81.875, 1.0567032110378999e-22, nan 
45.875, 81.875, 9.705140147628598e-23, nan 
46.125, 81.875, 7.010996855454849e-23, nan 
46.375, 81.875, 6.543722839520459e-23, nan 
46.625, 81.875, 6.686306577725145e-23, nan 
46.875, 81.875, 5.503957153573638e-23, nan 
47.125, 81.875, 4.5617594414168863e-23, nan 
47.375, 81.875, 4.4388735790020297e-23, nan 
47.625, 81.875, 6.653946753139814e-23, nan 
47.875, 81.875, 1.2356245632524539e-22, nan 
48.125, 81.875, 2.823431185072642e-23, nan 
48.375, 81.875, 2.668326514804238e-23, nan 
48.625, 81.875, 8.173203589286722e-23, nan 
48.875, 81.875, 3.0447193660824594e-23, nan 
49.125, 81.875, 8.727075588879673e-23, nan 
49.375, 81.875, 1.5616302254097282e-22, nan 
49.625, 81.875, 2.1993078192181477e-22, nan 
49.875, 81.875, 2.989759090425548e-22, nan 
50.125, 81.875, 3.1157165725641603e-22, nan 
50.375, 81.875, 3.6988485004407724e-22, nan 
50.625, 81.875, 4.023842312955037e-22, nan 
50.875, 81.875, 3.019703004372082e-22, nan 
51.125, 81.875, 1.2020930462456125e-22, nan 
51.375, 81.875, 2.5356576714505406e-22, nan 
51.625, 81.875, 5.307537968940944e-23, nan 
51.875, 81.875, 7.119703227598596e-23, nan 
52.125, 81.875, 6.514703364690148e-23, nan 
52.375, 81.875, 5.860651126909328e-23, nan 
52.625, 81.875, 4.927966489761399e-23, nan 
52.875, 81.875, 4.5256720220389374e-23, nan 
53.125, 81.875, 3.244685782237273e-23, nan 
53.375, 81.875, 3.004954630267219e-23, nan 
53.625, 81.875, 2.6379701726613944e-23, nan 
53.875, 81.875, 2.803032026205117e-23, nan 
54.125, 81.875, 2.1058211169124375e-23, nan 
54.375, 81.875, 2.921032334574819e-23, nan 
54.625, 81.875, 2.2216507521208348e-23, nan 
54.875, 81.875, 1.941460595820596e-23, nan 
55.125, 81.875, 1.867040819233388e-23, nan 
55.375, 81.875, 4.517804788031375e-23, nan 
55.625, 81.875, 4.015783879651583e-23, nan 
55.875, 81.875, 3.1543731468910477e-23, nan 
56.125, 81.875, 5.551901707990525e-23, nan 
56.375, 81.875, 1.2130628935545726e-22, nan 
56.625, 81.875, 7.834428014853563e-23, nan 
56.875, 81.875, 7.346136126616089e-23, nan 
57.125, 81.875, 7.615720678339745e-23, nan 
57.375, 81.875, 8.895498042409144e-23, nan 
57.625, 81.875, 1.0491498016389718e-22, nan 
57.875, 81.875, 1.114674008724863e-22, nan 
58.125, 81.875, 2.3348058377304076e-22, nan 
58.375, 81.875, 1.452794111002891e-22, nan 
58.625, 81.875, 1.4039107184494028e-22, nan 
58.875, 81.875, 1.375227446645268e-22, nan 
59.125, 81.875, 1.5809235579048886e-22, nan 
59.375, 81.875, 1.8205144210917283e-22, nan 
59.625, 81.875, 1.203415495185903e-22, nan 
59.875, 81.875, 1.5204164167260846e-22, nan 
60.125, 81.875, 1.110961212792139e-22, nan 
60.375, 81.875, 9.834885161956712e-23, nan 
60.625, 81.875, 1.1679266604028495e-22, nan 
60.875, 81.875, 8.677967577296578e-23, nan 
61.125, 81.875, 6.706244796205361e-23, nan 
61.375, 81.875, 6.135926601926281e-23, nan 
61.625, 81.875, 1.9403037077045715e-22, nan 
61.875, 81.875, 3.243157565203657e-22, nan 
62.125, 81.875, 3.699557022614734e-22, nan 
62.375, 81.875, 3.298546731497141e-22, nan 
62.625, 81.875, 3.5986432304474573e-22, nan 
62.875, 81.875, 2.994858692115812e-22, nan 
63.125, 81.875, 2.371796623856665e-22, nan 
63.375, 81.875, 2.368547393236807e-22, nan 
63.625, 81.875, 4.481165116259853e-22, nan 
63.875, 81.875, 5.478529418398284e-22, nan 
64.125, 81.875, 4.97139512285087e-22, nan 
64.375, 81.875, 6.36779873856914e-22, nan 
64.625, 81.875, 5.426549643236582e-22, nan 
64.875, 81.875, 5.362273815700652e-22, nan 
65.125, 81.875, 5.345978499633181e-22, nan 
65.375, 81.875, 4.971451473146218e-22, nan 
65.625, 81.875, 4.90716235685652e-22, nan 
65.875, 81.875, 4.316864615843043e-22, nan 
66.125, 81.875, 4.675145255287064e-22, nan 
66.375, 81.875, 4.696085917389778e-22, nan 
66.625, 81.875, 4.812137471304184e-22, nan 
66.875, 81.875, 4.1210282604566543e-22, nan 
67.125, 81.875, 4.30187971247646e-22, nan 
67.375, 81.875, 4.176987544758957e-22, nan 
67.625, 81.875, 3.9802432665328913e-22, nan 
67.875, 81.875, 4.713709759352263e-22, nan 
68.125, 81.875, 4.1614763553673527e-22, nan 
68.375, 81.875, 4.268142856903491e-22, nan 
68.625, 81.875, 4.2314012947643115e-22, nan 
68.875, 81.875, 3.8319930745101584e-22, nan 
69.125, 81.875, 3.0166137533939913e-22, nan 
69.375, 81.875, 2.0339012000126885e-22, nan 
69.625, 81.875, 2.1016798903737141e-22, nan 
69.875, 81.875, 1.2197886527573664e-22, nan 
70.125, 81.875, 2.4003457456856596e-22, nan 
70.375, 81.875, 3.2633155604010643e-22, nan 
70.625, 81.875, 3.9651261088730217e-22, nan 
70.875, 81.875, 4.092060019275667e-22, nan 
71.125, 81.875, 2.5644041628050116e-22, nan 
71.375, 81.875, 3.5975973496851263e-22, nan 
71.625, 81.875, 5.931559931146881e-22, nan 
71.875, 81.875, 7.506136331023265e-22, nan 
72.125, 81.875, 7.56170703101226e-22, nan 
72.375, 81.875, 6.560308159249343e-22, nan 
72.625, 81.875, 4.535686038455883e-22, nan 
72.875, 81.875, 2.6851838029483975e-22, nan 
73.125, 81.875, 7.875249438507924e-22, nan 
73.375, 81.875, 1.3285795620350251e-21, nan 
73.625, 81.875, 1.7827024404482803e-21, nan 
73.875, 81.875, 1.591143835044359e-21, nan 
74.125, 81.875, 1.3318762087175996e-21, nan 
74.375, 81.875, 9.665505211413723e-22, nan 
74.625, 81.875, 9.651433984805913e-22, nan 
74.875, 81.875, 1.4009381101724147e-21, nan 
75.125, 81.875, 1.731031565389156e-21, nan 
75.375, 81.875, 1.6471867735013602e-21, nan 
75.625, 81.875, 1.4234498886866945e-21, nan 
75.875, 81.875, 1.324662029298475e-21, nan 
76.125, 81.875, 9.690567358176522e-22, nan 
76.375, 81.875, 4.742191130510812e-22, nan 
76.625, 81.875, 2.872499157483554e-22, nan 
76.875, 81.875, 1.8040424857246282e-22, nan 
77.125, 81.875, 2.365762866649835e-22, nan 
77.375, 81.875, 1.7160621602143357e-22, nan 
77.625, 81.875, 3.062970194556028e-22, nan 
77.875, 81.875, 4.522165197731614e-22, nan 
78.125, 81.875, 5.731249682678441e-22, nan 
78.375, 81.875, 8.403996147456155e-22, nan 
78.625, 81.875, 6.691862316550029e-22, nan 
78.875, 81.875, 6.488294573739243e-22, nan 
79.125, 81.875, 9.748674736993342e-22, nan 
79.375, 81.875, 9.36825052377259e-22, nan 
79.625, 81.875, 7.645951120676587e-22, nan 
79.875, 81.875, 7.517388719306555e-22, nan 
80.125, 81.875, 1.1180497409894369e-21, nan 
80.375, 81.875, 7.251401806397381e-22, nan 
80.625, 81.875, 4.760402698926788e-22, nan 
80.875, 81.875, 6.610307317907574e-22, nan 
81.125, 81.875, 1.0761706477046852e-21, nan 
81.375, 81.875, 6.500829439893638e-22, nan 
81.625, 81.875, 6.599268981578143e-22, nan 
81.875, 81.875, 7.823774646287325e-22, nan 
82.125, 81.875, 6.456275041335818e-22, nan 
82.375, 81.875, 5.57742386028353e-22, nan 
82.625, 81.875, 6.271318531571091e-22, nan 
82.875, 81.875, 8.821009569826768e-22, nan 
83.125, 81.875, 7.786886493064283e-22, nan 
83.375, 81.875, 8.520146903906001e-22, nan 
83.625, 81.875, 8.421314076240964e-22, nan 
83.875, 81.875, 9.006513947637624e-22, nan 
84.125, 81.875, 9.748969113931558e-22, nan 
84.375, 81.875, 1.046139590219209e-21, nan 
84.625, 81.875, 9.730699146571713e-22, nan 
84.875, 81.875, 8.265637539425936e-22, nan 
85.125, 81.875, 7.838408269262511e-22, nan 
85.375, 81.875, 8.894870080881183e-22, nan 
85.625, 81.875, 8.470770018449808e-22, nan 
85.875, 81.875, 7.140839131043237e-22, nan 
86.125, 81.875, 8.2418530662272295e-22, nan 
86.375, 81.875, 8.775620355223756e-22, nan 
86.625, 81.875, 5.064949403480142e-22, nan 
86.875, 81.875, 9.40294494655976e-22, nan 
87.125, 81.875, 8.935174255210159e-22, nan 
87.375, 81.875, 1.023936596085565e-21, nan 
87.625, 81.875, 1.108652090234701e-21, nan 
87.875, 81.875, 1.2250195753712262e-21, nan 
88.125, 81.875, 1.254539112114162e-21, nan 
88.375, 81.875, 1.1831781402408523e-21, nan 
88.625, 81.875, 1.244015781598321e-21, nan 
88.875, 81.875, 1.2047064273024276e-21, nan 
89.125, 81.875, 1.2562971409206273e-21, nan 
89.375, 81.875, 1.4641486471536384e-21, nan 
89.625, 81.875, 1.4804706694071786e-21, nan 
89.875, 81.875, 1.244002331826756e-21, nan 
90.125, 81.875, 1.0601458296956082e-21, nan 
90.375, 81.875, 1.0827790190920917e-21, nan 
90.625, 81.875, 1.068286211702778e-21, nan 
90.875, 81.875, 1.3964047655332321e-21, nan 
91.125, 81.875, 1.3889483950745495e-21, nan 
91.375, 81.875, 1.303902677906374e-21, nan 
91.625, 81.875, 1.364709633722585e-21, nan 
91.875, 81.875, 1.260974693028073e-21, nan 
92.125, 81.875, 1.036971425364705e-21, nan 
92.375, 81.875, 1.0890285488514617e-21, nan 
92.625, 81.875, 1.21068313839852e-21, nan 
92.875, 81.875, 9.577009656224285e-22, nan 
93.125, 81.875, 1.0004818536414256e-21, nan 
93.375, 81.875, 1.0931505901252341e-21, nan 
93.625, 81.875, 8.734067935511298e-22, nan 
93.875, 81.875, 9.059455926739436e-22, nan 
94.125, 81.875, 8.583658187988553e-22, nan 
94.375, 81.875, 9.157862071567394e-22, nan 
94.625, 81.875, 9.764149064712205e-22, nan 
94.875, 81.875, 9.800167982494572e-22, nan 
95.125, 81.875, 1.181892515641438e-21, nan 
95.375, 81.875, 8.90707546898239e-22, nan 
95.625, 81.875, 8.57257719148632e-22, nan 
95.875, 81.875, 1.197714890142935e-21, nan 
96.125, 81.875, 9.22727710501669e-22, nan 
96.375, 81.875, 1.4947926945913712e-21, nan 
96.625, 81.875, 1.1720872228780924e-21, nan 
96.875, 81.875, 9.099742969857101e-22, nan 
97.125, 81.875, 1.6841543102290748e-21, nan 
97.375, 81.875, 1.6847547682853322e-21, nan 
97.625, 81.875, 1.4799731917266855e-21, nan 
97.875, 81.875, 1.1844548422453287e-21, nan 
98.125, 81.875, 1.3330758807463458e-21, nan 
98.375, 81.875, 1.5785759633199658e-21, nan 
98.625, 81.875, 1.1118656401890426e-21, nan 
98.875, 81.875, 1.5272393394883585e-21, nan 
99.125, 81.875, 1.4384402449464745e-21, nan 
99.375, 81.875, 1.4145744207295375e-21, nan 
99.625, 81.875, 1.3304535200452374e-21, nan 
99.875, 81.875, 1.2876192127483701e-21, nan 
100.125, 81.875, 1.5710290899963865e-21, nan 
100.375, 81.875, 1.5218619786139904e-21, nan 
100.625, 81.875, 1.3481137089237529e-21, nan 
100.875, 81.875, 1.2982781678881431e-21, nan 
101.125, 81.875, 1.6585060732885883e-21, nan 
101.375, 81.875, 1.6101098822279608e-21, nan 
101.625, 81.875, 1.6771838764701162e-21, nan 
101.875, 81.875, 1.6910310713522932e-21, nan 
102.125, 81.875, 1.9214746236354318e-21, nan 
102.375, 81.875, 2.0115574430595326e-21, nan 
102.625, 81.875, 1.868129187586286e-21, nan 
102.875, 81.875, 1.894679128616744e-21, nan 
103.125, 81.875, 2.285025753139341e-21, nan 
103.375, 81.875, 2.0372118169004736e-21, nan 
103.625, 81.875, 2.0437704233507625e-21, nan 
103.875, 81.875, 2.208774688606947e-21, nan 
104.125, 81.875, 2.3006943055180097e-21, nan 
104.375, 81.875, 2.250625515096663e-21, nan 
104.625, 81.875, 2.2698139164761332e-21, nan 
104.875, 81.875, 2.2024472648824378e-21, nan 
105.125, 81.875, 2.1191442807320794e-21, nan 
105.375, 81.875, 2.088518504292496e-21, nan 
105.625, 81.875, 1.972431254542982e-21, nan 
105.875, 81.875, 1.9668478453458802e-21, nan 
106.125, 81.875, 1.6633726785458464e-21, nan 
106.375, 81.875, 1.6489202128299249e-21, nan 
106.625, 81.875, 1.5415472419523692e-21, nan 
106.875, 81.875, 1.2371719422068863e-21, nan 
107.125, 81.875, 1.1063137326122204e-21, nan 
107.375, 81.875, 1.1877615588110305e-21, nan 
107.625, 81.875, 1.2500522148169138e-21, nan 
107.875, 81.875, 8.747031446815425e-22, nan 
108.125, 81.875, 3.6169483061897146e-22, nan 
108.375, 81.875, 3.9941276168470854e-22, nan 
108.625, 81.875, 5.799403138876648e-22, nan 
108.875, 81.875, 6.3148368655069e-22, nan 
109.125, 81.875, 5.468168855206035e-22, nan 
109.375, 81.875, 5.855733337625568e-22, nan 
109.625, 81.875, 5.570450006197484e-22, nan 
109.875, 81.875, 5.911716377343886e-22, nan 
110.125, 81.875, 5.381204062772718e-22, nan 
110.375, 81.875, 5.005830013329643e-22, nan 
110.625, 81.875, 4.7686188906707905e-22, nan 
110.875, 81.875, 4.429716317583841e-22, nan 
111.125, 81.875, 5.775592466383132e-22, nan 
111.375, 81.875, 6.352275139570167e-22, nan 
111.625, 81.875, 6.315278262530243e-22, nan 
111.875, 81.875, 5.849064939668791e-22, nan 
112.125, 81.875, 5.938742831396271e-22, nan 
112.375, 81.875, 5.286475283111325e-22, nan 
112.625, 81.875, 3.726409278493684e-22, nan 
112.875, 81.875, 2.8201853602328277e-22, nan 
113.125, 81.875, 3.425406928683222e-22, nan 
113.375, 81.875, 5.215428818656781e-22, nan 
113.625, 81.875, 5.251514866784638e-22, nan 
113.875, 81.875, 4.480746822425408e-22, nan 
114.125, 81.875, 5.047475487882847e-22, nan 
114.375, 81.875, 4.605979664819259e-22, nan 
114.625, 81.875, 4.108588166739948e-22, nan 
114.875, 81.875, 3.5656694844689784e-22, nan 
115.125, 81.875, 4.5543091769941585e-22, nan 
115.375, 81.875, 5.120549562941505e-22, nan 
115.625, 81.875, 4.886403687375618e-22, nan 
115.875, 81.875, 4.038995678795155e-22, nan 
116.125, 81.875, 4.858300212125488e-22, nan 
116.375, 81.875, 5.244507792611155e-22, nan 
116.625, 81.875, 4.889415424114243e-22, nan 
116.875, 81.875, 3.430630680004094e-22, nan 
117.125, 81.875, 2.586549470095079e-22, nan 
117.375, 81.875, 2.8730825839311346e-22, nan 
117.625, 81.875, 2.427195842256426e-22, nan 
117.875, 81.875, 2.7448621393912664e-22, nan 
118.125, 81.875, 5.237177641870357e-22, nan 
118.375, 81.875, 4.558171434490384e-22, nan 
118.625, 81.875, 4.19610465932094e-22, nan 
118.875, 81.875, 4.290556843731605e-22, nan 
119.125, 81.875, 3.956312696234662e-22, nan 
119.375, 81.875, 3.46479067680571e-22, nan 
119.625, 81.875, 3.5710064494608803e-22, nan 
119.875, 81.875, 4.989391712255581e-22, nan 
120.125, 81.875, 4.450336157473984e-22, nan 
120.375, 81.875, 4.675284171284014e-22, nan 
120.625, 81.875, 4.686064274146816e-22, nan 
120.875, 81.875, 3.5487663581195457e-22, nan 
121.125, 81.875, 2.9881607126409376e-22, nan 
121.375, 81.875, 2.3871498137349347e-22, nan 
121.625, 81.875, 2.180645084112188e-22, nan 
121.875, 81.875, 2.120821769113181e-22, nan 
122.125, 81.875, 1.8342103901466517e-22, nan 
122.375, 81.875, 1.202288297284388e-22, nan 
122.625, 81.875, 1.8720687097275824e-22, nan 
122.875, 81.875, 1.9974536590896437e-22, nan 
123.125, 81.875, 1.9149607752463174e-22, nan 
123.375, 81.875, 1.5220451761249067e-22, nan 
123.625, 81.875, 1.582087576282182e-22, nan 
123.875, 81.875, 1.4002095423883448e-22, nan 
124.125, 81.875, 1.3639685141054292e-22, nan 
124.375, 81.875, 1.1001415329030338e-22, nan 
124.625, 81.875, 1.170316988372289e-22, nan 
124.875, 81.875, 1.774999955238738e-22, nan 
125.125, 81.875, 1.6136254550501926e-22, nan 
125.375, 81.875, 1.4365231872134992e-22, nan 
125.625, 81.875, 1.3774003686197606e-22, nan 
125.875, 81.875, 1.1367910796232691e-22, nan 
126.125, 81.875, 9.505571399255911e-23, nan 
126.375, 81.875, 1.108897936353422e-22, nan 
126.625, 81.875, 1.1801913695388488e-22, nan 
126.875, 81.875, 8.894568269985519e-23, nan 
127.125, 81.875, 6.529962113827097e-23, nan 
127.375, 81.875, 5.547168243786931e-23, nan 
127.625, 81.875, 1.122273715610018e-22, nan 
127.875, 81.875, 6.594308627496187e-23, nan 
128.125, 81.875, 1.3004010240846767e-22, nan 
128.375, 81.875, 1.5181387482995026e-22, nan 
128.625, 81.875, 1.0286972016300475e-22, nan 
128.875, 81.875, 9.431216909298096e-23, nan 
129.125, 81.875, 7.685354006013343e-23, nan 
129.375, 81.875, 1.0474676319080903e-22, nan 
129.625, 81.875, 8.06468200883495e-23, nan 
129.875, 81.875, 1.2023740017761384e-22, nan 
130.125, 81.875, 9.956219268592196e-23, nan 
130.375, 81.875, 1.2354814378098209e-22, nan 
130.625, 81.875, 1.6888134007514183e-22, nan 
130.875, 81.875, 1.737618620462277e-22, nan 
131.125, 81.875, 1.074138854948067e-22, nan 
131.375, 81.875, 1.1825622859940308e-22, nan 
131.625, 81.875, 1.308853847519055e-22, nan 
131.875, 81.875, 1.230270828701734e-22, nan 
132.125, 81.875, 1.478621953568153e-22, nan 
132.375, 81.875, 1.5179579266168935e-22, nan 
132.625, 81.875, 1.8670363048215144e-22, nan 
132.875, 81.875, 1.8124127386189871e-22, nan 
133.125, 81.875, 1.3865391563953704e-22, nan 
133.375, 81.875, 1.0782645868002703e-22, nan 
133.625, 81.875, 1.2584579612899162e-22, nan 
133.875, 81.875, 1.413138516765701e-22, nan 
134.125, 81.875, 1.4996090518403397e-22, nan 
134.375, 81.875, 1.5337534296144722e-22, nan 
134.625, 81.875, 1.2817440363682074e-22, nan 
134.875, 81.875, 1.498310919460543e-22, nan 
135.125, 81.875, 1.8294802177244244e-22, nan 
135.375, 81.875, 1.7533014767133104e-22, nan 
135.625, 81.875, 2.133285984312513e-22, nan 
135.875, 81.875, 2.0488708870131883e-22, nan 
136.125, 81.875, 2.281850111320961e-22, nan 
136.375, 81.875, 2.4496295824611892e-22, nan 
136.625, 81.875, 2.415376633781275e-22, nan 
136.875, 81.875, 2.556320706013929e-22, nan 
137.125, 81.875, 3.124889077101881e-22, nan 
137.375, 81.875, 2.9585765608194994e-22, nan 
137.625, 81.875, 1.9987093613927922e-22, nan 
137.875, 81.875, 1.8007308983746e-22, nan 
138.125, 81.875, 1.9390145348922467e-22, nan 
138.375, 81.875, 1.895122613426946e-22, nan 
138.625, 81.875, 1.6892063650291556e-22, nan 
138.875, 81.875, 1.6629334258637978e-22, nan 
139.125, 81.875, 1.453268312321404e-22, nan 
139.375, 81.875, 1.534017882945089e-22, nan 
139.625, 81.875, 1.3442204414183043e-22, nan 
139.875, 81.875, 1.3363332902739664e-22, nan 
140.125, 81.875, 1.3229779980822702e-22, nan 
140.375, 81.875, 1.3234878684024392e-22, nan 
140.625, 81.875, 1.4994400483998722e-22, nan 
140.875, 81.875, 1.4678790459546043e-22, nan 
141.125, 81.875, 1.5776858610476595e-22, nan 
141.375, 81.875, 1.5416962162873682e-22, nan 
141.625, 81.875, 1.4900711705031128e-22, nan 
141.875, 81.875, 1.560980614253284e-22, nan 
142.125, 81.875, 1.6137389670312224e-22, nan 
142.375, 81.875, 1.545598220264653e-22, nan 
142.625, 81.875, 1.5531404919007194e-22, nan 
142.875, 81.875, 1.5766961246402037e-22, nan 
143.125, 81.875, 1.5627390666490682e-22, nan 
143.375, 81.875, 1.564765229862498e-22, nan 
143.625, 81.875, 1.5587513888881402e-22, nan 
143.875, 81.875, 1.6235933613115003e-22, nan 
144.125, 81.875, 1.5946333092918332e-22, nan 
144.375, 81.875, 1.6083295896991046e-22, nan 
144.625, 81.875, 1.4917695470416276e-22, nan 
144.875, 81.875, 1.696110437797555e-22, nan 
145.125, 81.875, 1.8789968608837904e-22, nan 
145.375, 81.875, 1.5520814341736165e-22, nan 
145.625, 81.875, 1.473519850061202e-22, nan 
145.875, 81.875, 1.677803999353504e-22, nan 
146.125, 81.875, 1.8674049276730016e-22, nan 
146.375, 81.875, 1.631294004243933e-22, nan 
146.625, 81.875, 1.5793437185524897e-22, nan 
146.875, 81.875, 1.6331874315214872e-22, nan 
147.125, 81.875, 1.5538962968412766e-22, nan 
147.375, 81.875, 1.4864607414638508e-22, nan 
147.625, 81.875, 1.4729055699333045e-22, nan 
147.875, 81.875, 1.5294929297982357e-22, nan 
148.125, 81.875, 1.559598112052445e-22, nan 
148.375, 81.875, 1.4687432035189257e-22, nan 
148.625, 81.875, 1.3824176694740814e-22, nan 
148.875, 81.875, 1.2637632291038888e-22, nan 
149.125, 81.875, 1.3824437245961636e-22, nan 
149.375, 81.875, 1.3837580785940141e-22, nan 
149.625, 81.875, 1.3123749039000098e-22, nan 
149.875, 81.875, 1.2661960529076678e-22, nan 
150.125, 81.875, 1.3814293393746675e-22, nan 
150.375, 81.875, 1.3383497807327465e-22, nan 
150.625, 81.875, 1.3031735260704501e-22, nan 
150.875, 81.875, 1.1917385760269765e-22, nan 
151.125, 81.875, 1.2035776225142402e-22, nan 
151.375, 81.875, 1.1343395632146612e-22, nan 
151.625, 81.875, 1.1091406750690015e-22, nan 
151.875, 81.875, 1.0746186042096435e-22, nan 
152.125, 81.875, 1.1019295453218756e-22, nan 
152.375, 81.875, 1.174520919941889e-22, nan 
152.625, 81.875, 1.119743138797154e-22, nan 
152.875, 81.875, 1.0235808135791199e-22, nan 
153.125, 81.875, 1.0074044994458997e-22, nan 
153.375, 81.875, 1.0274139727541063e-22, nan 
153.625, 81.875, 1.011526216179692e-22, nan 
153.875, 81.875, 1.0236237609454094e-22, nan 
154.125, 81.875, 9.106696697672024e-23, nan 
154.375, 81.875, 9.160300055509512e-23, nan 
154.625, 81.875, 9.19069395157794e-23, nan 
154.875, 81.875, 8.591386813114568e-23, nan 
155.125, 81.875, 8.295275896661508e-23, nan 
155.375, 81.875, 7.870607390148574e-23, nan 
155.625, 81.875, 7.887081812288488e-23, nan 
155.875, 81.875, 7.595776678755493e-23, nan 
156.125, 81.875, 8.439504394006914e-23, nan 
156.375, 81.875, 7.858243463599451e-23, nan 
156.625, 81.875, 6.735084991350082e-23, nan 
156.875, 81.875, 6.738356086286577e-23, nan 
157.125, 81.875, 7.127744877697388e-23, nan 
157.375, 81.875, 6.872127338238899e-23, nan 
157.625, 81.875, 6.289163504628742e-23, nan 
157.875, 81.875, 6.25058920795595e-23, nan 
158.125, 81.875, 6.54931602482726e-23, nan 
158.375, 81.875, 6.325406430057325e-23, nan 
158.625, 81.875, 5.430155765479215e-23, nan 
158.875, 81.875, 6.122835261632828e-23, nan 
159.125, 81.875, 5.78288557707279e-23, nan 
159.375, 81.875, 5.230001961250831e-23, nan 
159.625, 81.875, 5.509556652640061e-23, nan 
159.875, 81.875, 5.074649259175765e-23, nan 
160.125, 81.875, 5.132075430707227e-23, nan 
160.375, 81.875, 5.2261480401254165e-23, nan 
160.625, 81.875, 4.847336280695401e-23, nan 
160.875, 81.875, 4.417005678707744e-23, nan 
161.125, 81.875, 4.427741278077338e-23, nan 
161.375, 81.875, 5.064308744163544e-23, nan 
161.625, 81.875, 4.5817853469578945e-23, nan 
161.875, 81.875, 4.029432493072303e-23, nan 
162.125, 81.875, 4.384323731788632e-23, nan 
162.375, 81.875, 4.7197967395465736e-23, nan 
162.625, 81.875, 4.3519355087625193e-23, nan 
162.875, 81.875, 4.028941214651536e-23, nan 
163.125, 81.875, 4.140872567432719e-23, nan 
163.375, 81.875, 4.063142502740989e-23, nan 
163.625, 81.875, 4.002160600545182e-23, nan 
163.875, 81.875, 3.856766201876884e-23, nan 
164.125, 81.875, 3.698686159825597e-23, nan 
164.375, 81.875, 3.863216965190891e-23, nan 
164.625, 81.875, 3.9234095115199566e-23, nan 
164.875, 81.875, 3.8570465392247845e-23, nan 
165.125, 81.875, 3.4948931996094926e-23, nan 
165.375, 81.875, 3.487986284202665e-23, nan 
165.625, 81.875, 3.6978046737505094e-23, nan 
165.875, 81.875, 3.5803259268391814e-23, nan 
166.125, 81.875, 3.02074989297428e-23, nan 
166.375, 81.875, 3.478248587643671e-23, nan 
166.625, 81.875, 3.156915694695091e-23, nan 
166.875, 81.875, 3.1672834607659876e-23, nan 
167.125, 81.875, 3.1454296738855737e-23, nan 
167.375, 81.875, 2.942969353886907e-23, nan 
167.625, 81.875, 3.202481171052837e-23, nan 
167.875, 81.875, 3.0085533697171474e-23, nan 
168.125, 81.875, 2.7919857257384144e-23, nan 
168.375, 81.875, 3.0729015404651347e-23, nan 
168.625, 81.875, 2.7224433729378976e-23, nan 
168.875, 81.875, 2.6275539435327657e-23, nan 
169.125, 81.875, 2.721184964109935e-23, nan 
169.375, 81.875, 2.706327300957512e-23, nan 
169.625, 81.875, 2.6793166575314815e-23, nan 
169.875, 81.875, 2.739750052955198e-23, nan 
170.125, 81.875, 2.8625276820901526e-23, nan 
170.375, 81.875, 2.5392994408348403e-23, nan 
170.625, 81.875, 2.6319218604628264e-23, nan 
170.875, 81.875, 2.6178760133502845e-23, nan 
171.125, 81.875, 2.5776945599810483e-23, nan 
171.375, 81.875, 2.433397749763584e-23, nan 
171.625, 81.875, 2.4135148276418196e-23, nan 
171.875, 81.875, 2.423717412471484e-23, nan 
172.125, 81.875, 2.3498953064017685e-23, nan 
172.375, 81.875, 2.409654955782211e-23, nan 
172.625, 81.875, 2.4710121212817504e-23, nan 
172.875, 81.875, 2.3441612895265034e-23, nan 
173.125, 81.875, 2.3163561954175224e-23, nan 
173.375, 81.875, 2.3132654899750504e-23, nan 
173.625, 81.875, 2.3854589516539446e-23, nan 
173.875, 81.875, 2.455505624267997e-23, nan 
174.125, 81.875, 2.0863515995683478e-23, nan 
174.375, 81.875, 2.1572940622241007e-23, nan 
174.625, 81.875, 2.2443658674163593e-23, nan 
174.875, 81.875, 2.3161226678943338e-23, nan 
175.125, 81.875, 2.2587090262761855e-23, nan 
175.375, 81.875, 1.9352372056188804e-23, nan 
175.625, 81.875, 1.3344386843898525e-23, nan 
175.875, 81.875, 1.5822174413455518e-23, nan 
176.125, 81.875, 1.8580221320921877e-23, nan 
176.375, 81.875, 1.8606928824637247e-23, nan 
176.625, 81.875, 1.9133000980581123e-23, nan 
176.875, 81.875, 1.700632784564905e-23, nan 
177.125, 81.875, 1.5109736900925933e-23, nan 
177.375, 81.875, 1.5247986304045658e-23, nan 
177.625, 81.875, 1.6219442172020265e-23, nan 
177.875, 81.875, 1.629081825137224e-23, nan 
178.125, 81.875, 1.5005816649833398e-23, nan 
178.375, 81.875, 1.5120244749031867e-23, nan 
178.625, 81.875, 1.6029660400950616e-23, nan 
178.875, 81.875, 1.4830178763056188e-23, nan 
179.125, 81.875, 1.370996055931583e-23, nan 
179.375, 81.875, 1.4377795739025615e-23, nan 
179.625, 81.875, 1.3166586683144298e-23, nan 
179.875, 81.875, 1.3537675413159344e-23, nan 
-179.875, 82.125, 7.342334600210486e-24, nan 
-179.625, 82.125, 7.65136283808014e-24, nan 
-179.375, 82.125, 7.858941157931807e-24, nan 
-179.125, 82.125, 6.985553482617413e-24, nan 
-178.875, 82.125, 7.197520782158063e-24, nan 
-178.625, 82.125, 8.286058920016646e-24, nan 
-178.375, 82.125, 8.507123334108031e-24, nan 
-178.125, 82.125, 8.073975214867357e-24, nan 
-177.875, 82.125, 7.372765213152758e-24, nan 
-177.625, 82.125, 7.035153092698509e-24, nan 
-177.375, 82.125, 7.926197966719129e-24, nan 
-177.125, 82.125, 8.137630635269354e-24, nan 
-176.875, 82.125, 7.894094331636212e-24, nan 
-176.625, 82.125, 7.129194793899785e-24, nan 
-176.375, 82.125, 7.490413730891576e-24, nan 
-176.125, 82.125, 8.063619928677823e-24, nan 
-175.875, 82.125, 7.314105738384497e-24, nan 
-175.625, 82.125, 7.368312019074e-24, nan 
-175.375, 82.125, 7.280934393643927e-24, nan 
-175.125, 82.125, 7.424364892880561e-24, nan 
-174.875, 82.125, 8.372242467391911e-24, nan 
-174.625, 82.125, 8.541053261212587e-24, nan 
-174.375, 82.125, 8.323722508032113e-24, nan 
-174.125, 82.125, 9.166039665040505e-24, nan 
-173.875, 82.125, 9.616258954181032e-24, nan 
-173.625, 82.125, 8.532299275580676e-24, nan 
-173.375, 82.125, 9.149307205514429e-24, nan 
-173.125, 82.125, 9.74338855842715e-24, nan 
-172.875, 82.125, 1.1171815150808159e-23, nan 
-172.625, 82.125, 1.2051947813116502e-23, nan 
-172.375, 82.125, 8.274675496335638e-24, nan 
-172.125, 82.125, 1.1414720628120532e-23, nan 
-171.875, 82.125, 1.5452834661149462e-23, nan 
-171.625, 82.125, 1.2141758682820949e-23, nan 
-171.375, 82.125, 8.093543231296354e-24, nan 
-171.125, 82.125, 6.87008381191113e-24, nan 
-170.875, 82.125, 3.906581850090159e-24, nan 
-170.625, 82.125, 7.503564127857105e-24, nan 
-170.375, 82.125, 5.7120976673370735e-24, nan 
-170.125, 82.125, 7.165813497055058e-24, nan 
-169.875, 82.125, 6.097003942395505e-24, nan 
-169.625, 82.125, 4.797893643019655e-24, nan 
-169.375, 82.125, 3.59623482247538e-24, nan 
-169.125, 82.125, 3.15158495760007e-24, nan 
-168.875, 82.125, 3.453513214822644e-24, nan 
-168.625, 82.125, 3.237333055778126e-24, nan 
-168.375, 82.125, 1.675693789561508e-24, nan 
-168.125, 82.125, 2.5823901657528205e-24, nan 
-167.875, 82.125, 2.7839931574608743e-24, nan 
-167.625, 82.125, 3.75570809624102e-24, nan 
-167.375, 82.125, 4.662440956572557e-24, nan 
-167.125, 82.125, 4.6980941223719206e-24, nan 
-166.875, 82.125, 5.1076208967957216e-24, nan 
-166.625, 82.125, 6.2383571294736816e-24, nan 
-166.375, 82.125, 6.4335277232776055e-24, nan 
-166.125, 82.125, 7.063757402635065e-24, nan 
-165.875, 82.125, 6.76451396936959e-24, nan 
-165.625, 82.125, 6.878070542066107e-24, nan 
-165.375, 82.125, 7.650381096240235e-24, nan 
-165.125, 82.125, 7.970584022875514e-24, nan 
-164.875, 82.125, 8.078323782728484e-24, nan 
-164.625, 82.125, 8.622859401175084e-24, nan 
-164.375, 82.125, 8.399783005975255e-24, nan 
-164.125, 82.125, 8.869163429896475e-24, nan 
-163.875, 82.125, 8.903342273729439e-24, nan 
-163.625, 82.125, 8.497730181857363e-24, nan 
-163.375, 82.125, 8.971433043483537e-24, nan 
-163.125, 82.125, 8.870290421480584e-24, nan 
-162.875, 82.125, 8.740565581991176e-24, nan 
-162.625, 82.125, 8.312103653545399e-24, nan 
-162.375, 82.125, 8.696402242593819e-24, nan 
-162.125, 82.125, 8.600438358213421e-24, nan 
-161.875, 82.125, 7.701122301904204e-24, nan 
-161.625, 82.125, 7.838499925427766e-24, nan 
-161.375, 82.125, 8.014953938682759e-24, nan 
-161.125, 82.125, 8.056043067643547e-24, nan 
-160.875, 82.125, 8.22167507445285e-24, nan 
-160.625, 82.125, 7.705486745679081e-24, nan 
-160.375, 82.125, 7.530133337525667e-24, nan 
-160.125, 82.125, 7.064952662534691e-24, nan 
-159.875, 82.125, 7.589926867381682e-24, nan 
-159.625, 82.125, 7.596610388329057e-24, nan 
-159.375, 82.125, 6.851519259667434e-24, nan 
-159.125, 82.125, 6.521888484629242e-24, nan 
-158.875, 82.125, 6.4828076782068765e-24, nan 
-158.625, 82.125, 6.836425412120743e-24, nan 
-158.375, 82.125, 6.385716188222161e-24, nan 
-158.125, 82.125, 6.208941421312767e-24, nan 
-157.875, 82.125, 5.860381378959663e-24, nan 
-157.625, 82.125, 5.7723202558562e-24, nan 
-157.375, 82.125, 5.663152516990091e-24, nan 
-157.125, 82.125, 5.589787550874858e-24, nan 
-156.875, 82.125, 5.510560058392776e-24, nan 
-156.625, 82.125, 5.5213699201467946e-24, nan 
-156.375, 82.125, 5.339815263636159e-24, nan 
-156.125, 82.125, 5.061057164661644e-24, nan 
-155.875, 82.125, 5.267599794718418e-24, nan 
-155.625, 82.125, 5.67230183280127e-24, nan 
-155.375, 82.125, 5.337000983927574e-24, nan 
-155.125, 82.125, 4.977139738796951e-24, nan 
-154.875, 82.125, 4.888307227917248e-24, nan 
-154.625, 82.125, 5.312380833924555e-24, nan 
-154.375, 82.125, 5.199705121277797e-24, nan 
-154.125, 82.125, 5.0999132695885436e-24, nan 
-153.875, 82.125, 4.39128376054769e-24, nan 
-153.625, 82.125, 4.913557262055545e-24, nan 
-153.375, 82.125, 4.8536111218462495e-24, nan 
-153.125, 82.125, 4.845056603456198e-24, nan 
-152.875, 82.125, 4.358088701093365e-24, nan 
-152.625, 82.125, 4.515397402832403e-24, nan 
-152.375, 82.125, 4.630398850459885e-24, nan 
-152.125, 82.125, 4.739783133763026e-24, nan 
-151.875, 82.125, 4.609277731427433e-24, nan 
-151.625, 82.125, 4.323250341998124e-24, nan 
-151.375, 82.125, 4.414500852419258e-24, nan 
-151.125, 82.125, 4.465032982516867e-24, nan 
-150.875, 82.125, 4.337755550873077e-24, nan 
-150.625, 82.125, 4.337295149820332e-24, nan 
-150.375, 82.125, 4.36851197261898e-24, nan 
-150.125, 82.125, 4.486175690410107e-24, nan 
-149.875, 82.125, 4.263320998114477e-24, nan 
-149.625, 82.125, 4.221834685992444e-24, nan 
-149.375, 82.125, 4.276626917169558e-24, nan 
-149.125, 82.125, 4.235945269855289e-24, nan 
-148.875, 82.125, 4.2809013719857445e-24, nan 
-148.625, 82.125, 4.228948103359276e-24, nan 
-148.375, 82.125, 4.331530081115082e-24, nan 
-148.125, 82.125, 4.139777458235546e-24, nan 
-147.875, 82.125, 4.279262334781857e-24, nan 
-147.625, 82.125, 4.136602116620934e-24, nan 
-147.375, 82.125, 4.315043298298481e-24, nan 
-147.125, 82.125, 4.13639395086896e-24, nan 
-146.875, 82.125, 4.064749349991811e-24, nan 
-146.625, 82.125, 4.109241942195205e-24, nan 
-146.375, 82.125, 3.962817791690863e-24, nan 
-146.125, 82.125, 3.9540907582629355e-24, nan 
-145.875, 82.125, 3.816010141360504e-24, nan 
-145.625, 82.125, 3.722605965784733e-24, nan 
-145.375, 82.125, 3.708596842330575e-24, nan 
-145.125, 82.125, 3.646027969331337e-24, nan 
-144.875, 82.125, 3.532100085118922e-24, nan 
-144.625, 82.125, 3.469930864864322e-24, nan 
-144.375, 82.125, 3.438457622474255e-24, nan 
-144.125, 82.125, 3.303805686461462e-24, nan 
-143.875, 82.125, 3.133776396813046e-24, nan 
-143.625, 82.125, 3.1479547074625094e-24, nan 
-143.375, 82.125, 3.3384574890468394e-24, nan 
-143.125, 82.125, 3.408389605724434e-24, nan 
-142.875, 82.125, 3.134733492630809e-24, nan 
-142.625, 82.125, 2.9709719080033296e-24, nan 
-142.375, 82.125, 3.0909155297840022e-24, nan 
-142.125, 82.125, 3.142897211400085e-24, nan 
-141.875, 82.125, 2.9485635172684634e-24, nan 
-141.625, 82.125, 2.779385065504292e-24, nan 
-141.375, 82.125, 2.922998116132043e-24, nan 
-141.125, 82.125, 3.1509738280088087e-24, nan 
-140.875, 82.125, 2.695499051932884e-24, nan 
-140.625, 82.125, 2.8490815683505543e-24, nan 
-140.375, 82.125, 3.209654902315597e-24, nan 
-140.125, 82.125, 3.001134309610349e-24, nan 
-139.875, 82.125, 2.597501365965573e-24, nan 
-139.625, 82.125, 2.865020240385708e-24, nan 
-139.375, 82.125, 3.358583672916624e-24, nan 
-139.125, 82.125, 3.027620227680744e-24, nan 
-138.875, 82.125, 3.668770980138304e-24, nan 
-138.625, 82.125, 3.3775959127889726e-24, nan 
-138.375, 82.125, 3.025396573934376e-24, nan 
-138.125, 82.125, 2.894671524220938e-24, nan 
-137.875, 82.125, 2.979149984689362e-24, nan 
-137.625, 82.125, 3.0208797144877305e-24, nan 
-137.375, 82.125, 2.9429554680507313e-24, nan 
-137.125, 82.125, 2.9343345541250562e-24, nan 
-136.875, 82.125, 3.1986376888890094e-24, nan 
-136.625, 82.125, 3.58942746985584e-24, nan 
-136.375, 82.125, 3.616600173296167e-24, nan 
-136.125, 82.125, 3.4140505508256554e-24, nan 
-135.875, 82.125, 3.451191654255495e-24, nan 
-135.625, 82.125, 3.511589494953869e-24, nan 
-135.375, 82.125, 3.84129948483541e-24, nan 
-135.125, 82.125, 3.852481348457054e-24, nan 
-134.875, 82.125, 3.2975973353553462e-24, nan 
-134.625, 82.125, 3.2986878430258534e-24, nan 
-134.375, 82.125, 3.747364962916804e-24, nan 
-134.125, 82.125, 4.263819326379448e-24, nan 
-133.875, 82.125, 5.927401542628105e-24, nan 
-133.625, 82.125, 6.405694045860418e-24, nan 
-133.375, 82.125, 7.213883075476198e-24, nan 
-133.125, 82.125, 6.52941193351239e-24, nan 
-132.875, 82.125, 6.300055949673737e-24, nan 
-132.625, 82.125, 8.245706312878082e-24, nan 
-132.375, 82.125, 8.958574366852368e-24, nan 
-132.125, 82.125, 7.590711957043538e-24, nan 
-131.875, 82.125, 8.171000648916421e-24, nan 
-131.625, 82.125, 9.141025777990913e-24, nan 
-131.375, 82.125, 9.686271530160215e-24, nan 
-131.125, 82.125, 1.0244633069002582e-23, nan 
-130.875, 82.125, 1.1758300495656061e-23, nan 
-130.625, 82.125, 1.2860402114201124e-23, nan 
-130.375, 82.125, 1.1493553373323092e-23, nan 
-130.125, 82.125, 9.244324300249e-24, nan 
-129.875, 82.125, 9.965529824192094e-24, nan 
-129.625, 82.125, 1.3202400070121691e-23, nan 
-129.375, 82.125, 1.3664808392080165e-23, nan 
-129.125, 82.125, 9.515516836081197e-24, nan 
-128.875, 82.125, 5.207301106800117e-24, nan 
-128.625, 82.125, 3.417570576313243e-24, nan 
-128.375, 82.125, 3.0648931347886556e-24, nan 
-128.125, 82.125, 2.916736360906606e-24, nan 
-127.875, 82.125, 2.2273937724026e-24, nan 
-127.625, 82.125, 2.489122976008964e-24, nan 
-127.375, 82.125, 2.748495141872298e-24, nan 
-127.125, 82.125, 3.2061802162878922e-24, nan 
-126.875, 82.125, 3.1273912375465344e-24, nan 
-126.625, 82.125, 3.369122193358247e-24, nan 
-126.375, 82.125, 5.2949475980960525e-24, nan 
-126.125, 82.125, 5.9506430545312534e-24, nan 
-125.875, 82.125, 4.904147897668758e-24, nan 
-125.625, 82.125, 3.850409011875081e-24, nan 
-125.375, 82.125, 4.202664350035589e-24, nan 
-125.125, 82.125, 5.192213364434026e-24, nan 
-124.875, 82.125, 5.5770610890928085e-24, nan 
-124.625, 82.125, 5.042951469967441e-24, nan 
-124.375, 82.125, 5.87387572158475e-24, nan 
-124.125, 82.125, 6.781336079336272e-24, nan 
-123.875, 82.125, 7.620853874856937e-24, nan 
-123.625, 82.125, 8.179164485293326e-24, nan 
-123.375, 82.125, 8.555217022139788e-24, nan 
-123.125, 82.125, 9.71134050709377e-24, nan 
-122.875, 82.125, 1.0364564132875886e-23, nan 
-122.625, 82.125, 4.4728223850257115e-24, nan 
-122.375, 82.125, 9.2305521892474e-24, nan 
-122.125, 82.125, 1.0761719690572495e-23, nan 
-121.875, 82.125, 1.2175746600110954e-23, nan 
-121.625, 82.125, 1.358345666909872e-23, nan 
-121.375, 82.125, 1.651236748943055e-23, nan 
-121.125, 82.125, 1.8961348128463933e-23, nan 
-120.875, 82.125, 1.0209869213148877e-23, nan 
-120.625, 82.125, 1.6251853928173106e-23, nan 
-120.375, 82.125, 1.9565946402263926e-23, nan 
-120.125, 82.125, 2.3257076908397934e-23, nan 
-119.875, 82.125, 2.6597016668760503e-23, nan 
-119.625, 82.125, 2.812051108240412e-23, nan 
-119.375, 82.125, 2.8510196683153435e-23, nan 
-119.125, 82.125, 1.2296165152359667e-23, nan 
-118.875, 82.125, 1.0768205781733129e-23, nan 
-118.625, 82.125, 1.5789492701120924e-23, nan 
-118.375, 82.125, 3.0180620950122556e-23, nan 
-118.125, 82.125, 3.6672773981573e-23, nan 
-117.875, 82.125, 3.674969274379269e-23, nan 
-117.625, 82.125, 3.6581621394825884e-23, nan 
-117.375, 82.125, 3.515206272753453e-23, nan 
-117.125, 82.125, 3.2682458788324837e-23, nan 
-116.875, 82.125, 2.7788175382572685e-23, nan 
-116.625, 82.125, 2.3617886901083254e-23, nan 
-116.375, 82.125, 3.205383588727e-23, nan 
-116.125, 82.125, 3.060936612238704e-23, nan 
-115.875, 82.125, 2.936659821675674e-23, nan 
-115.625, 82.125, 2.978147754892241e-23, nan 
-115.375, 82.125, 2.687931076724984e-23, nan 
-115.125, 82.125, 2.1949019312045018e-23, nan 
-114.875, 82.125, 1.7544153986893804e-23, nan 
-114.625, 82.125, 1.1896575303943345e-23, nan 
-114.375, 82.125, 9.971579654055612e-24, nan 
-114.125, 82.125, 8.772574118934003e-24, nan 
-113.875, 82.125, 9.016513304191992e-24, nan 
-113.625, 82.125, 8.467580966933217e-24, nan 
-113.375, 82.125, 7.817662405769782e-24, nan 
-113.125, 82.125, 8.979622243756641e-24, nan 
-112.875, 82.125, 9.919800466383739e-24, nan 
-112.625, 82.125, 1.1632584601902976e-23, nan 
-112.375, 82.125, 1.2032368253519544e-23, nan 
-112.125, 82.125, 1.2398496034588594e-23, nan 
-111.875, 82.125, 1.1942747850710557e-23, nan 
-111.625, 82.125, 1.0571351034265616e-23, nan 
-111.375, 82.125, 8.368001512394222e-24, nan 
-111.125, 82.125, 9.403694615253792e-24, nan 
-110.875, 82.125, 8.807803737752175e-24, nan 
-110.625, 82.125, 7.557393089349289e-24, nan 
-110.375, 82.125, 6.4712078149492275e-24, nan 
-110.125, 82.125, 5.9067703376298546e-24, nan 
-109.875, 82.125, 5.4039616046378845e-24, nan 
-109.625, 82.125, 4.935652556072589e-24, nan 
-109.375, 82.125, 4.718776440780416e-24, nan 
-109.125, 82.125, 4.471409154124634e-24, nan 
-108.875, 82.125, 4.691023815830026e-24, nan 
-108.625, 82.125, 5.3428856831178024e-24, nan 
-108.375, 82.125, 5.630508656306705e-24, nan 
-108.125, 82.125, 5.0413559827307474e-24, nan 
-107.875, 82.125, 4.478393324716927e-24, nan 
-107.625, 82.125, 4.736611814252944e-24, nan 
-107.375, 82.125, 4.8370959221166424e-24, nan 
-107.125, 82.125, 4.072672196570378e-24, nan 
-106.875, 82.125, 9.617172265597619e-24, nan 
-106.625, 82.125, 1.4449423458688183e-23, nan 
-106.375, 82.125, 1.5906278682478363e-23, nan 
-106.125, 82.125, 1.9572832781876512e-23, nan 
-105.875, 82.125, 2.0077649694214663e-23, nan 
-105.625, 82.125, 2.0774194124417122e-23, nan 
-105.375, 82.125, 1.8556235517360282e-23, nan 
-49.125, 82.125, 1.5177537933931143e-24, nan 
-48.875, 82.125, 1.4180911770879129e-24, nan 
-48.625, 82.125, 1.683499318940735e-24, nan 
-48.375, 82.125, 1.6713802397386834e-24, nan 
-48.125, 82.125, 1.5092600732897513e-24, nan 
-47.875, 82.125, 1.3175136821901169e-24, nan 
-47.625, 82.125, 1.0297026437618638e-24, nan 
-47.375, 82.125, 1.241097958685896e-24, nan 
-47.125, 82.125, 2.061269382292154e-24, nan 
-46.875, 82.125, 2.821399150946724e-24, nan 
-46.625, 82.125, 4.189163852319847e-24, nan 
-46.375, 82.125, 4.591866974978685e-24, nan 
-46.125, 82.125, 6.771720273271511e-24, nan 
-45.875, 82.125, 8.654035848399438e-24, nan 
-45.625, 82.125, 9.371854996009696e-24, nan 
-45.375, 82.125, 9.516391553495885e-24, nan 
-45.125, 82.125, 9.965273344752484e-24, nan 
-44.875, 82.125, 1.2605297046660712e-23, nan 
-44.625, 82.125, 1.3656916355417117e-23, nan 
-44.375, 82.125, 1.2737179281528312e-23, nan 
-44.125, 82.125, 1.2922098617547459e-23, nan 
-43.875, 82.125, 1.370174142586743e-23, nan 
-43.625, 82.125, 1.363033722125625e-23, nan 
-43.375, 82.125, 1.2686640137739962e-23, nan 
-43.125, 82.125, 1.2765092226697898e-23, nan 
-42.875, 82.125, 1.2275869304914848e-23, nan 
-42.625, 82.125, 1.0118353791659444e-23, nan 
-42.375, 82.125, 9.769661191913936e-24, nan 
-42.125, 82.125, 1.0258345143756848e-23, nan 
-41.875, 82.125, 9.903429051839587e-24, nan 
-41.625, 82.125, 8.834320268583539e-24, nan 
-41.375, 82.125, 6.755693644190334e-24, nan 
-41.125, 82.125, 7.276897876299755e-24, nan 
-40.875, 82.125, 7.2738035897746e-24, nan 
-40.625, 82.125, 7.726436414905627e-24, nan 
-40.375, 82.125, 8.764250610728741e-24, nan 
-40.125, 82.125, 6.822967218973009e-24, nan 
-39.875, 82.125, 4.9318970846340404e-24, nan 
-39.625, 82.125, 5.7260977006193325e-24, nan 
-39.375, 82.125, 6.868380794793811e-24, nan 
-39.125, 82.125, 6.591389332750352e-24, nan 
-38.875, 82.125, 6.34313458417153e-24, nan 
-38.625, 82.125, 5.3796953590721775e-24, nan 
-38.375, 82.125, 4.619326547621851e-24, nan 
-38.125, 82.125, 4.39974974401493e-24, nan 
-37.875, 82.125, 4.97561143227799e-24, nan 
-37.625, 82.125, 4.754615820886873e-24, nan 
-37.375, 82.125, 6.486473444382537e-24, nan 
-37.125, 82.125, 1.1686630856255947e-23, nan 
-36.875, 82.125, 9.660574928021082e-24, nan 
-36.625, 82.125, 6.5576911296886194e-24, nan 
-36.375, 82.125, 5.8650115238101496e-24, nan 
-36.125, 82.125, 5.515270360803586e-24, nan 
-35.875, 82.125, 4.670289214360106e-24, nan 
-35.625, 82.125, 6.5824600505904635e-24, nan 
-35.375, 82.125, 1.0259450094492883e-23, nan 
-35.125, 82.125, 9.237197379198783e-24, nan 
-34.875, 82.125, 5.682817865175053e-24, nan 
-34.625, 82.125, 4.608675216290767e-24, nan 
-34.375, 82.125, 3.969752882930057e-24, nan 
-34.125, 82.125, 4.000006556512091e-24, nan 
-33.875, 82.125, 4.45242217320532e-24, nan 
-33.625, 82.125, 5.538510082139256e-24, nan 
-33.375, 82.125, 6.816139237634998e-24, nan 
-33.125, 82.125, 6.942095735502506e-24, nan 
-32.875, 82.125, 8.419575845494851e-24, nan 
-32.625, 82.125, 4.883764137108436e-24, nan 
-32.375, 82.125, 4.1337170684962755e-24, nan 
-32.125, 82.125, 5.011274066502932e-24, nan 
-31.875, 82.125, 6.142053729494937e-24, nan 
-31.625, 82.125, 6.75390820468688e-24, nan 
-31.375, 82.125, 4.817087958967073e-24, nan 
-31.125, 82.125, 3.067211236976414e-24, nan 
-30.875, 82.125, 2.695149887345632e-24, nan 
-30.625, 82.125, 2.819051282257999e-24, nan 
-30.375, 82.125, 2.5149015213954724e-24, nan 
-30.125, 82.125, 2.397611618296217e-24, nan 
-29.875, 82.125, 2.2318480770936225e-24, nan 
-29.625, 82.125, 2.5399962621229908e-24, nan 
-29.375, 82.125, 3.2463354529935863e-24, nan 
-29.125, 82.125, 4.002924408730848e-24, nan 
-28.875, 82.125, 4.814515585522569e-24, nan 
-28.625, 82.125, 4.983313616856803e-24, nan 
-28.375, 82.125, 4.3818775252738396e-24, nan 
-28.125, 82.125, 2.335806714331543e-24, nan 
-27.875, 82.125, 1.816935992730053e-24, nan 
-27.625, 82.125, 3.0733603316722296e-24, nan 
-27.375, 82.125, 4.199592890876235e-24, nan 
-27.125, 82.125, 5.527482925037408e-24, nan 
-26.875, 82.125, 6.771210035512643e-24, nan 
-26.625, 82.125, 6.5685870181008e-24, nan 
-26.375, 82.125, 4.8805822114162694e-24, nan 
-26.125, 82.125, 5.568600143987835e-24, nan 
-25.875, 82.125, 5.177535444701208e-24, nan 
-25.625, 82.125, 4.824432125340852e-24, nan 
-25.375, 82.125, 4.278339312954314e-24, nan 
-25.125, 82.125, 3.108114429614843e-24, nan 
-24.875, 82.125, 3.200549165846756e-24, nan 
-24.625, 82.125, 4.7659309839318395e-24, nan 
-24.375, 82.125, 5.8986472615029054e-24, nan 
-24.125, 82.125, 5.1724484835567926e-24, nan 
-23.875, 82.125, 4.91252851124213e-24, nan 
-23.625, 82.125, 3.976525194202604e-24, nan 
-23.375, 82.125, 2.8842437590872167e-24, nan 
-23.125, 82.125, 2.8129893827628663e-24, nan 
-22.875, 82.125, 3.473109663079052e-24, nan 
-22.625, 82.125, 4.3203313259061196e-24, nan 
-22.375, 82.125, 3.65280743312742e-24, nan 
-22.125, 82.125, 4.0585667565479025e-24, nan 
-21.875, 82.125, 5.907722474610865e-24, nan 
-21.625, 82.125, 8.291294931769825e-24, nan 
-21.375, 82.125, 5.037356851903851e-24, nan 
-21.125, 82.125, 3.696029986442842e-24, nan 
-20.875, 82.125, 3.1983549857444828e-24, nan 
-20.625, 82.125, 4.067505662777078e-24, nan 
-20.375, 82.125, 4.579799959530469e-24, nan 
-20.125, 82.125, 4.446271441294916e-24, nan 
-19.875, 82.125, 4.2331107677097576e-24, nan 
-19.625, 82.125, 3.915405659681632e-24, nan 
-19.375, 82.125, 2.8784164520631818e-24, nan 
-19.125, 82.125, 2.100993965059666e-24, nan 
-18.875, 82.125, 2.428680760806934e-24, nan 
-18.625, 82.125, 2.6822527211615498e-24, nan 
-18.375, 82.125, 2.0497771518597312e-24, nan 
-18.125, 82.125, 1.4996944264842634e-24, nan 
-17.875, 82.125, 4.187102433812915e-24, nan 
-17.625, 82.125, 5.638137171361531e-24, nan 
-17.375, 82.125, 3.1135327927425903e-24, nan 
-17.125, 82.125, 5.578963841845043e-25, nan 
-16.875, 82.125, 1.8585246881831922e-24, nan 
-16.625, 82.125, 2.7951128798745934e-24, nan 
-16.375, 82.125, 4.324366160617758e-24, nan 
-16.125, 82.125, 9.238636476298834e-24, nan 
-15.875, 82.125, 1.1469348617916236e-23, nan 
-15.625, 82.125, 8.52688148500077e-24, nan 
-15.375, 82.125, 5.637528423182085e-24, nan 
-15.125, 82.125, 5.6497205831665554e-24, nan 
-14.875, 82.125, 4.237251503802139e-24, nan 
-14.625, 82.125, 4.696514053073858e-24, nan 
-14.375, 82.125, 8.263289679751823e-24, nan 
-14.125, 82.125, 1.0160472799905693e-23, nan 
-13.875, 82.125, 8.200957877005015e-24, nan 
-13.625, 82.125, 6.131896555843554e-24, nan 
-13.375, 82.125, 4.957376272073829e-24, nan 
-13.125, 82.125, 3.934996943359122e-24, nan 
-12.875, 82.125, 3.544108655662483e-24, nan 
-12.625, 82.125, 3.618075662422776e-24, nan 
-12.375, 82.125, 3.536506798162089e-24, nan 
-12.125, 82.125, 3.3097997477785636e-24, nan 
-11.875, 82.125, 3.1193578431793094e-24, nan 
-11.625, 82.125, 2.997125936628575e-24, nan 
-11.375, 82.125, 2.8312057119784838e-24, nan 
-11.125, 82.125, 2.8480673557135344e-24, nan 
-10.875, 82.125, 3.2322416555599202e-24, nan 
-10.625, 82.125, 3.2188988293245565e-24, nan 
-10.375, 82.125, 2.4011730111449554e-24, nan 
-10.125, 82.125, 2.1191489248124673e-24, nan 
-9.875, 82.125, 2.1492064095564425e-24, nan 
-9.625, 82.125, 2.7753790501389343e-24, nan 
-9.375, 82.125, 2.5826655238105866e-24, nan 
-9.125, 82.125, 2.8814328810857084e-24, nan 
-8.875, 82.125, 2.9890134108661572e-24, nan 
-8.625, 82.125, 3.0190946777947122e-24, nan 
-8.375, 82.125, 3.384020502855419e-24, nan 
-8.125, 82.125, 3.592375981997391e-24, nan 
-7.875, 82.125, 3.929288711974324e-24, nan 
-7.625, 82.125, 3.929926225336319e-24, nan 
-7.375, 82.125, 3.864126855278401e-24, nan 
-7.125, 82.125, 3.711076802463937e-24, nan 
-6.875, 82.125, 3.478918469043781e-24, nan 
-6.625, 82.125, 3.2780712803961224e-24, nan 
-6.375, 82.125, 3.357129329354372e-24, nan 
-6.125, 82.125, 3.497474089365907e-24, nan 
-5.875, 82.125, 3.0458926631848175e-24, nan 
-5.625, 82.125, 2.3821378453365194e-24, nan 
-5.375, 82.125, 2.253552410290362e-24, nan 
-5.125, 82.125, 2.410875422947478e-24, nan 
-4.875, 82.125, 2.4406508413387167e-24, nan 
-4.625, 82.125, 2.3180176025615457e-24, nan 
-4.375, 82.125, 2.3289180341259097e-24, nan 
-4.125, 82.125, 2.2594602851690252e-24, nan 
-3.875, 82.125, 2.245773408201117e-24, nan 
-3.625, 82.125, 2.379035745203373e-24, nan 
-3.375, 82.125, 2.5228883116573406e-24, nan 
-3.125, 82.125, 2.716490701857765e-24, nan 
-2.875, 82.125, 2.8372002701207903e-24, nan 
-2.625, 82.125, 2.7888341394265487e-24, nan 
-2.375, 82.125, 2.8657371361472062e-24, nan 
-2.125, 82.125, 3.1233814145206137e-24, nan 
-1.875, 82.125, 3.2725619896184542e-24, nan 
-1.625, 82.125, 3.1962986589262254e-24, nan 
-1.375, 82.125, 3.14791919966351e-24, nan 
-1.125, 82.125, 3.186725774032822e-24, nan 
-0.875, 82.125, 2.9697833158481813e-24, nan 
-0.625, 82.125, 2.5378150204708052e-24, nan 
-0.375, 82.125, 2.4471565024568088e-24, nan 
-0.125, 82.125, 2.868588952324568e-24, nan 
0.125, 82.125, 2.9407230809650194e-24, nan 
0.375, 82.125, 2.2695337041201853e-24, nan 
0.625, 82.125, 1.9183644656338043e-24, nan 
0.875, 82.125, 1.8812147476266846e-24, nan 
1.125, 82.125, 1.9186369443316417e-24, nan 
1.375, 82.125, 1.7383782085862246e-24, nan 
1.625, 82.125, 1.6234555301930287e-24, nan 
1.875, 82.125, 2.002220786845413e-24, nan 
2.125, 82.125, 2.2703394503759966e-24, nan 
2.375, 82.125, 2.0810068094579846e-24, nan 
2.625, 82.125, 2.0821953170802494e-24, nan 
2.875, 82.125, 2.264705218554326e-24, nan 
3.125, 82.125, 2.5589807794505495e-24, nan 
3.375, 82.125, 2.862288595180277e-24, nan 
3.625, 82.125, 3.0760912325991332e-24, nan 
3.875, 82.125, 3.189848753883525e-24, nan 
4.125, 82.125, 3.345804467927263e-24, nan 
4.375, 82.125, 3.368221392575305e-24, nan 
4.625, 82.125, 3.0388502908548456e-24, nan 
4.875, 82.125, 2.8842744513306314e-24, nan 
5.125, 82.125, 2.726052121289981e-24, nan 
5.375, 82.125, 3.0102888281630225e-24, nan 
5.625, 82.125, 2.9194225509295664e-24, nan 
5.875, 82.125, 2.7322880902927803e-24, nan 
6.125, 82.125, 2.2542349507430744e-24, nan 
6.375, 82.125, 1.7690243102880186e-24, nan 
6.625, 82.125, 1.5888502643471753e-24, nan 
6.875, 82.125, 1.8264439274033907e-24, nan 
7.125, 82.125, 2.3576199104003696e-24, nan 
7.375, 82.125, 2.034957459342809e-24, nan 
7.625, 82.125, 1.6190985299632725e-24, nan 
7.875, 82.125, 1.5383026102158043e-24, nan 
8.125, 82.125, 1.883434991665013e-24, nan 
8.375, 82.125, 2.726203440392728e-24, nan 
8.625, 82.125, 3.166703921983928e-24, nan 
8.875, 82.125, 3.136598496686252e-24, nan 
9.125, 82.125, 2.940723400744297e-24, nan 
9.375, 82.125, 3.011218863779594e-24, nan 
9.625, 82.125, 3.396067302306881e-24, nan 
9.875, 82.125, 4.160838453398733e-24, nan 
10.125, 82.125, 4.4096068811667996e-24, nan 
10.375, 82.125, 4.184784344960417e-24, nan 
10.625, 82.125, 3.752693522688977e-24, nan 
10.875, 82.125, 3.7590850109696605e-24, nan 
11.125, 82.125, 3.74064209086662e-24, nan 
11.375, 82.125, 3.954250344062388e-24, nan 
11.625, 82.125, 4.066984209035293e-24, nan 
11.875, 82.125, 3.6898066083482215e-24, nan 
12.125, 82.125, 3.1737357364769353e-24, nan 
12.375, 82.125, 2.1794802713314015e-24, nan 
12.625, 82.125, 2.101074192136265e-24, nan 
12.875, 82.125, 2.6336911220500526e-24, nan 
13.125, 82.125, 2.198691687364668e-24, nan 
13.375, 82.125, 1.7963546614794477e-24, nan 
13.625, 82.125, 1.922101401709821e-24, nan 
13.875, 82.125, 1.9693082116601575e-24, nan 
14.125, 82.125, 2.1083981150617222e-24, nan 
14.375, 82.125, 2.1325395768233264e-24, nan 
14.625, 82.125, 2.0532136134971118e-24, nan 
14.875, 82.125, 2.4054507124265632e-24, nan 
15.125, 82.125, 2.6485702989930126e-24, nan 
15.375, 82.125, 2.8607774094485807e-24, nan 
15.625, 82.125, 2.577492061137537e-24, nan 
15.875, 82.125, 2.3264792237114608e-24, nan 
16.125, 82.125, 2.7196840036920574e-24, nan 
16.375, 82.125, 2.9145302056916954e-24, nan 
16.625, 82.125, 3.0421155209422226e-24, nan 
16.875, 82.125, 2.892283333930919e-24, nan 
17.125, 82.125, 2.41612086904998e-24, nan 
17.375, 82.125, 2.279573277896387e-24, nan 
17.625, 82.125, 2.084998856504033e-24, nan 
17.875, 82.125, 1.907656192708104e-24, nan 
18.125, 82.125, 1.9644760518307943e-24, nan 
18.375, 82.125, 2.180923985546678e-24, nan 
18.625, 82.125, 1.8509197787287673e-24, nan 
18.875, 82.125, 1.4735569857473382e-24, nan 
19.125, 82.125, 1.2958697614669127e-24, nan 
19.375, 82.125, 1.620211671631925e-24, nan 
19.625, 82.125, 1.6075878157386476e-24, nan 
19.875, 82.125, 1.1281694911128472e-24, nan 
20.125, 82.125, 6.44452029320693e-25, nan 
20.375, 82.125, 6.473202827137889e-25, nan 
20.625, 82.125, 7.7427094771404e-25, nan 
20.875, 82.125, 1.0831136461903793e-24, nan 
21.125, 82.125, 1.115377078764573e-24, nan 
21.375, 82.125, 1.544361471762145e-24, nan 
21.625, 82.125, 1.9322510851833262e-24, nan 
21.875, 82.125, 2.040462701341967e-24, nan 
22.125, 82.125, 2.1384121500434682e-24, nan 
22.375, 82.125, 2.4966811569472995e-24, nan 
22.625, 82.125, 3.0696439547108384e-24, nan 
22.875, 82.125, 3.357576482625312e-24, nan 
23.125, 82.125, 3.0905105497301988e-24, nan 
23.375, 82.125, 2.9303099420400894e-24, nan 
23.625, 82.125, 3.342981636431276e-24, nan 
23.875, 82.125, 3.689701443980171e-24, nan 
24.125, 82.125, 4.293563473947454e-24, nan 
24.375, 82.125, 5.6243381546682356e-24, nan 
24.625, 82.125, 7.297923685224615e-24, nan 
24.875, 82.125, 8.177878222057128e-24, nan 
25.125, 82.125, 9.979195178609602e-24, nan 
25.375, 82.125, 1.2179230407022157e-23, nan 
25.625, 82.125, 1.4060495029576814e-23, nan 
25.875, 82.125, 1.3393805251529953e-23, nan 
26.125, 82.125, 1.044465755275108e-23, nan 
26.375, 82.125, 1.1732334563755274e-23, nan 
26.625, 82.125, 1.3301813904842433e-23, nan 
26.875, 82.125, 1.41972310859464e-23, nan 
27.125, 82.125, 2.001340150242794e-23, nan 
27.375, 82.125, 2.3093330539628294e-23, nan 
27.625, 82.125, 2.1591273848762767e-23, nan 
27.875, 82.125, 1.7569804822270946e-23, nan 
28.125, 82.125, 1.7076279983555945e-23, nan 
28.375, 82.125, 1.9231521814433455e-23, nan 
28.625, 82.125, 1.5909190479361107e-23, nan 
28.875, 82.125, 1.7091050447080826e-23, nan 
29.125, 82.125, 2.2563900819879902e-23, nan 
29.375, 82.125, 2.468263912610265e-23, nan 
29.625, 82.125, 2.775952891730356e-23, nan 
29.875, 82.125, 2.941160364151686e-23, nan 
30.125, 82.125, 2.4679001782018196e-23, nan 
30.375, 82.125, 3.296505313016538e-23, nan 
30.625, 82.125, 3.878480643624848e-23, nan 
30.875, 82.125, 4.042748466141068e-23, nan 
31.125, 82.125, 3.5078954838002364e-23, nan 
31.375, 82.125, 4.9365758261183997e-23, nan 
31.625, 82.125, 5.306437663521305e-23, nan 
31.875, 82.125, 4.492187042324328e-23, nan 
32.125, 82.125, 5.228549647113815e-23, nan 
32.375, 82.125, 4.767825445865849e-23, nan 
32.625, 82.125, 3.6024034695236346e-23, nan 
32.875, 82.125, 2.5363328257001873e-23, nan 
33.125, 82.125, 3.620901967169944e-23, nan 
33.375, 82.125, 4.3919618077021877e-23, nan 
33.625, 82.125, 5.0215697224319073e-23, nan 
33.875, 82.125, 5.828388021167714e-23, nan 
34.125, 82.125, 4.585604135127261e-23, nan 
34.375, 82.125, 3.919113151901954e-23, nan 
34.625, 82.125, 5.172012014011601e-23, nan 
34.875, 82.125, 4.930585433341171e-23, nan 
35.125, 82.125, 3.955093782938274e-23, nan 
35.375, 82.125, 4.9267508019947625e-23, nan 
35.625, 82.125, 7.774372386525184e-23, nan 
35.875, 82.125, 5.850807686234898e-23, nan 
36.125, 82.125, 5.986468724027574e-23, nan 
36.375, 82.125, 9.360033071593577e-23, nan 
36.625, 82.125, 8.144518520878343e-23, nan 
36.875, 82.125, 6.956514250963371e-23, nan 
37.125, 82.125, 7.848854837783088e-23, nan 
37.375, 82.125, 9.833038632726961e-23, nan 
37.625, 82.125, 9.075718990637477e-23, nan 
37.875, 82.125, 1.1481022110852455e-22, nan 
38.125, 82.125, 1.112108792705912e-22, nan 
38.375, 82.125, 9.007373776162754e-23, nan 
38.625, 82.125, 9.493153504703701e-23, nan 
38.875, 82.125, 9.771191493892674e-23, nan 
39.125, 82.125, 9.849424536506996e-23, nan 
39.375, 82.125, 8.118612449194152e-23, nan 
39.625, 82.125, 6.179340089172005e-23, nan 
39.875, 82.125, 4.7935731467767146e-23, nan 
40.125, 82.125, 6.766828561801508e-23, nan 
40.375, 82.125, 4.814197062937262e-23, nan 
40.625, 82.125, 4.942732022426992e-23, nan 
40.875, 82.125, 4.702607308650603e-23, nan 
41.125, 82.125, 3.539114482564493e-23, nan 
41.375, 82.125, 3.35407698939189e-23, nan 
41.625, 82.125, 3.188293467888406e-23, nan 
41.875, 82.125, 2.9826421122150654e-23, nan 
42.125, 82.125, 2.2684356878046123e-23, nan 
42.375, 82.125, 2.5469199054880528e-23, nan 
42.625, 82.125, 1.8281872696957577e-23, nan 
42.875, 82.125, 1.2804853478753057e-23, nan 
43.125, 82.125, 1.4196114180630554e-23, nan 
43.375, 82.125, 2.0983252860663557e-23, nan 
43.625, 82.125, 2.5525988776562983e-23, nan 
43.875, 82.125, 2.3925897564565657e-23, nan 
44.125, 82.125, 2.928738630003875e-23, nan 
44.375, 82.125, 7.998077403637713e-23, nan 
44.625, 82.125, 5.589108766047012e-23, nan 
44.875, 82.125, 4.529687048848922e-23, nan 
45.125, 82.125, 7.514611658193118e-23, nan 
45.375, 82.125, 7.306044993281748e-23, nan 
45.625, 82.125, 7.024729027028051e-23, nan 
45.875, 82.125, 6.288232977517844e-23, nan 
46.125, 82.125, 6.600030061967057e-23, nan 
46.375, 82.125, 6.386577580646758e-23, nan 
46.625, 82.125, 6.063865693774186e-23, nan 
46.875, 82.125, 5.528220855795862e-23, nan 
47.125, 82.125, 5.1463275152752425e-23, nan 
47.375, 82.125, 5.0445307153124174e-23, nan 
47.625, 82.125, 7.285750479708096e-23, nan 
47.875, 82.125, 9.337431775798453e-23, nan 
48.125, 82.125, 4.8228449130593315e-23, nan 
48.375, 82.125, 5.772941710900997e-23, nan 
48.625, 82.125, 7.265530720182112e-23, nan 
48.875, 82.125, 3.959655425100352e-23, nan 
49.125, 82.125, 2.6241816539773688e-23, nan 
49.375, 82.125, 4.490477234414394e-23, nan 
49.625, 82.125, 2.5595866705462504e-23, nan 
49.875, 82.125, 2.4469613176613146e-23, nan 
50.125, 82.125, 2.340060056988475e-23, nan 
50.375, 82.125, 2.342696749518471e-23, nan 
50.625, 82.125, 1.3201886251136817e-23, nan 
50.875, 82.125, 3.7608718484250343e-23, nan 
51.125, 82.125, 3.241377343076903e-23, nan 
51.375, 82.125, 4.0075720186585437e-23, nan 
51.625, 82.125, 5.382224234822772e-23, nan 
51.875, 82.125, 6.479700869393026e-23, nan 
52.125, 82.125, 5.750061960665414e-23, nan 
52.375, 82.125, 4.468615093917881e-23, nan 
52.625, 82.125, 3.989040925331837e-23, nan 
52.875, 82.125, 3.6135784336408565e-23, nan 
53.125, 82.125, 3.7036809857720107e-23, nan 
53.375, 82.125, 3.878053199890948e-23, nan 
53.625, 82.125, 3.377994097704527e-23, nan 
53.875, 82.125, 3.0931244425064916e-23, nan 
54.125, 82.125, 3.311890733644637e-23, nan 
54.375, 82.125, 3.8016701981182736e-23, nan 
54.625, 82.125, 1.5541750484022702e-23, nan 
54.875, 82.125, 2.8698474376939724e-23, nan 
55.125, 82.125, 2.192406451127789e-23, nan 
55.375, 82.125, 3.890156090433096e-23, nan 
55.625, 82.125, 1.7896356489723573e-23, nan 
55.875, 82.125, 3.31796522506094e-23, nan 
56.125, 82.125, 4.917601647282339e-23, nan 
56.375, 82.125, 2.2767244280561903e-23, nan 
56.625, 82.125, 8.172353677857117e-23, nan 
56.875, 82.125, 6.196922745005098e-23, nan 
57.125, 82.125, 7.468928843073336e-23, nan 
57.375, 82.125, 1.2382584556558726e-22, nan 
57.625, 82.125, 1.5343183944561116e-22, nan 
57.875, 82.125, 1.6566970503697566e-22, nan 
58.125, 82.125, 2.27699742944421e-22, nan 
58.375, 82.125, 2.1159425842915371e-22, nan 
58.625, 82.125, 1.7074891828294383e-22, nan 
58.875, 82.125, 1.432357419689879e-22, nan 
59.125, 82.125, 2.295078351352315e-22, nan 
59.375, 82.125, 2.3806073521066276e-22, nan 
59.625, 82.125, 1.5863708913263386e-22, nan 
59.875, 82.125, 2.0721743420911542e-22, nan 
60.125, 82.125, 2.7264278330933314e-22, nan 
60.375, 82.125, 2.8960810186063335e-22, nan 
60.625, 82.125, 2.971741791404417e-22, nan 
60.875, 82.125, 2.7623668323313964e-22, nan 
61.125, 82.125, 2.371079019940057e-22, nan 
61.375, 82.125, 2.1739484638821773e-22, nan 
61.625, 82.125, 1.9230288047350246e-22, nan 
61.875, 82.125, 3.152479028824811e-22, nan 
62.125, 82.125, 4.71262178214993e-22, nan 
62.375, 82.125, 5.719753491662836e-22, nan 
62.625, 82.125, 6.202491350120802e-22, nan 
62.875, 82.125, 6.213332164194344e-22, nan 
63.125, 82.125, 6.0002162683466635e-22, nan 
63.375, 82.125, 5.361196379036941e-22, nan 
63.625, 82.125, 4.848315773479679e-22, nan 
63.875, 82.125, 4.894482625533639e-22, nan 
64.125, 82.125, 5.727727036774648e-22, nan 
64.375, 82.125, 6.929006965353186e-22, nan 
64.625, 82.125, 6.409708997859509e-22, nan 
64.875, 82.125, 6.220703700324121e-22, nan 
65.125, 82.125, 6.1272647957243615e-22, nan 
65.375, 82.125, 5.726617607482591e-22, nan 
65.625, 82.125, 4.805735535412503e-22, nan 
65.875, 82.125, 3.958926503543627e-22, nan 
66.125, 82.125, 4.207391869110698e-22, nan 
66.375, 82.125, 4.293351282468406e-22, nan 
66.625, 82.125, 4.418993720320707e-22, nan 
66.875, 82.125, 3.713690774209751e-22, nan 
67.125, 82.125, 4.091516286246217e-22, nan 
67.375, 82.125, 4.0237118323344044e-22, nan 
67.625, 82.125, 3.782547715685079e-22, nan 
67.875, 82.125, 4.517933692775782e-22, nan 
68.125, 82.125, 4.613513117726182e-22, nan 
68.375, 82.125, 5.609643358647938e-22, nan 
68.625, 82.125, 5.589362041717931e-22, nan 
68.875, 82.125, 5.851371892650311e-22, nan 
69.125, 82.125, 5.613065984571635e-22, nan 
69.375, 82.125, 4.3798261375109495e-22, nan 
69.625, 82.125, 4.181989233003586e-22, nan 
69.875, 82.125, 4.226314537815043e-22, nan 
70.125, 82.125, 5.972833408162766e-22, nan 
70.375, 82.125, 7.267279301245107e-22, nan 
70.625, 82.125, 8.778421579914195e-22, nan 
70.875, 82.125, 9.461978101707426e-22, nan 
71.125, 82.125, 6.045275298051337e-22, nan 
71.375, 82.125, 7.10517479704469e-22, nan 
71.625, 82.125, 7.920884532254766e-22, nan 
71.875, 82.125, 4.775297019266127e-22, nan 
72.125, 82.125, 7.24727065509882e-22, nan 
72.375, 82.125, 8.4152349625931825e-22, nan 
72.625, 82.125, 1.0020897539826447e-21, nan 
72.875, 82.125, 5.168607084839611e-22, nan 
73.125, 82.125, 6.031592276198018e-22, nan 
73.375, 82.125, 8.80748679122399e-22, nan 
73.625, 82.125, 9.318067048896116e-22, nan 
73.875, 82.125, 1.1405148832474829e-21, nan 
74.125, 82.125, 1.2279080199494834e-21, nan 
74.375, 82.125, 1.4225968081400655e-21, nan 
74.625, 82.125, 8.492048631493946e-22, nan 
74.875, 82.125, 6.129069162033117e-22, nan 
75.125, 82.125, 4.822181752313348e-22, nan 
75.375, 82.125, 5.600234996169962e-22, nan 
75.625, 82.125, 6.359679890004463e-22, nan 
75.875, 82.125, 7.018310020499386e-22, nan 
76.125, 82.125, 9.309951083480005e-22, nan 
76.375, 82.125, 7.255239862453802e-22, nan 
76.625, 82.125, 4.375116649682975e-22, nan 
76.875, 82.125, 3.071045928396777e-22, nan 
77.125, 82.125, 3.668582482872117e-22, nan 
77.375, 82.125, 3.3622802038988534e-22, nan 
77.625, 82.125, 4.957122819051297e-22, nan 
77.875, 82.125, 4.829151643406906e-22, nan 
78.125, 82.125, 4.2173616845454527e-22, nan 
78.375, 82.125, 4.366815269715757e-22, nan 
78.625, 82.125, 5.271585035843858e-22, nan 
78.875, 82.125, 5.351850882084316e-22, nan 
79.125, 82.125, 4.969715340196521e-22, nan 
79.375, 82.125, 4.237416784265141e-22, nan 
79.625, 82.125, 5.077724456331302e-22, nan 
79.875, 82.125, 4.735616651736026e-22, nan 
80.125, 82.125, 6.637920920254626e-22, nan 
80.375, 82.125, 5.141836943013115e-22, nan 
80.625, 82.125, 4.155783845384351e-22, nan 
80.875, 82.125, 5.020112825677158e-22, nan 
81.125, 82.125, 7.202702653522817e-22, nan 
81.375, 82.125, 5.393033930905249e-22, nan 
81.625, 82.125, 2.906271634264661e-22, nan 
81.875, 82.125, 5.070671649043205e-22, nan 
82.125, 82.125, 5.388284292999824e-22, nan 
82.375, 82.125, 5.603264163992456e-22, nan 
82.625, 82.125, 5.424281969549253e-22, nan 
82.875, 82.125, 5.47377570890788e-22, nan 
83.125, 82.125, 5.244043535587416e-22, nan 
83.375, 82.125, 6.246274735368062e-22, nan 
83.625, 82.125, 5.933116588693365e-22, nan 
83.875, 82.125, 6.252987819599514e-22, nan 
84.125, 82.125, 6.665390081592698e-22, nan 
84.375, 82.125, 5.488393747467691e-22, nan 
84.625, 82.125, 6.582922744168387e-22, nan 
84.875, 82.125, 6.369972249922249e-22, nan 
85.125, 82.125, 5.462627043827358e-22, nan 
85.375, 82.125, 8.508407739263314e-22, nan 
85.625, 82.125, 6.649316119236718e-22, nan 
85.875, 82.125, 7.098335751587123e-22, nan 
86.125, 82.125, 8.932586146443857e-22, nan 
86.375, 82.125, 1.185749293016876e-21, nan 
86.625, 82.125, 1.0718670559868505e-21, nan 
86.875, 82.125, 9.024104774728275e-22, nan 
87.125, 82.125, 1.7469358225143876e-21, nan 
87.375, 82.125, 8.68964965898803e-22, nan 
87.625, 82.125, 7.684959924873818e-22, nan 
87.875, 82.125, 1.074408973470753e-21, nan 
88.125, 82.125, 1.2081371388196872e-21, nan 
88.375, 82.125, 1.0500277965625282e-21, nan 
88.625, 82.125, 1.3993148054114256e-21, nan 
88.875, 82.125, 1.7597438053417564e-21, nan 
89.125, 82.125, 1.4500173622192182e-21, nan 
89.375, 82.125, 1.4636474497312509e-21, nan 
89.625, 82.125, 1.5704933324886043e-21, nan 
89.875, 82.125, 1.6016135582254642e-21, nan 
90.125, 82.125, 1.316602354541457e-21, nan 
90.375, 82.125, 1.612260390212148e-21, nan 
90.625, 82.125, 1.6820741146832095e-21, nan 
90.875, 82.125, 1.783415725832716e-21, nan 
91.125, 82.125, 1.777286771910921e-21, nan 
91.375, 82.125, 1.9094578779657298e-21, nan 
91.625, 82.125, 2.2139142721221125e-21, nan 
91.875, 82.125, 1.9380283164318773e-21, nan 
92.125, 82.125, 1.325311186610768e-21, nan 
92.375, 82.125, 1.4007165963089429e-21, nan 
92.625, 82.125, 1.769384326665839e-21, nan 
92.875, 82.125, 1.4755651483206235e-21, nan 
93.125, 82.125, 1.765884404772406e-21, nan 
93.375, 82.125, 1.5827068259860793e-21, nan 
93.625, 82.125, 1.4268967132794528e-21, nan 
93.875, 82.125, 1.4409206330079598e-21, nan 
94.125, 82.125, 1.3737335713278168e-21, nan 
94.375, 82.125, 1.3107708743896835e-21, nan 
94.625, 82.125, 1.31769667073168e-21, nan 
94.875, 82.125, 1.221800599630402e-21, nan 
95.125, 82.125, 1.2573510302011373e-21, nan 
95.375, 82.125, 1.1687029288440312e-21, nan 
95.625, 82.125, 1.3029739349714735e-21, nan 
95.875, 82.125, 1.4166162887241129e-21, nan 
96.125, 82.125, 1.2815276938086796e-21, nan 
96.375, 82.125, 1.5752888891836419e-21, nan 
96.625, 82.125, 1.5192580327151385e-21, nan 
96.875, 82.125, 1.2645750426874744e-21, nan 
97.125, 82.125, 1.281230845522791e-21, nan 
97.375, 82.125, 1.2096831332038141e-21, nan 
97.625, 82.125, 1.1879492659246419e-21, nan 
97.875, 82.125, 1.1927477134821405e-21, nan 
98.125, 82.125, 1.1579670848546236e-21, nan 
98.375, 82.125, 9.93644230115729e-22, nan 
98.625, 82.125, 1.0296102089573097e-21, nan 
98.875, 82.125, 1.3019295451427671e-21, nan 
99.125, 82.125, 1.1102345170200006e-21, nan 
99.375, 82.125, 6.711218344798693e-22, nan 
99.625, 82.125, 7.992778446277187e-22, nan 
99.875, 82.125, 9.081647904596521e-22, nan 
100.125, 82.125, 9.769815756296456e-22, nan 
100.375, 82.125, 9.57138049712335e-22, nan 
100.625, 82.125, 1.0841444058833344e-21, nan 
100.875, 82.125, 1.0213326623185617e-21, nan 
101.125, 82.125, 1.1309069047292652e-21, nan 
101.375, 82.125, 1.1178996939799861e-21, nan 
101.625, 82.125, 1.1580351687161128e-21, nan 
101.875, 82.125, 1.3507630580653358e-21, nan 
102.125, 82.125, 1.4447699222550055e-21, nan 
102.375, 82.125, 1.5450819984794321e-21, nan 
102.625, 82.125, 1.337826950274115e-21, nan 
102.875, 82.125, 1.4948076086210858e-21, nan 
103.125, 82.125, 1.6408803226588381e-21, nan 
103.375, 82.125, 1.6300059285488012e-21, nan 
103.625, 82.125, 1.4355795787712896e-21, nan 
103.875, 82.125, 1.7414191815164136e-21, nan 
104.125, 82.125, 1.8328831911876434e-21, nan 
104.375, 82.125, 1.9301161275966522e-21, nan 
104.625, 82.125, 1.9539761996340474e-21, nan 
104.875, 82.125, 1.9727224411301474e-21, nan 
105.125, 82.125, 1.99043628250642e-21, nan 
105.375, 82.125, 2.03502289535581e-21, nan 
105.625, 82.125, 2.079936066988837e-21, nan 
105.875, 82.125, 2.1857663451770633e-21, nan 
106.125, 82.125, 2.299069467960649e-21, nan 
106.375, 82.125, 2.438877248734551e-21, nan 
106.625, 82.125, 2.4686210899150402e-21, nan 
106.875, 82.125, 2.3940226319349497e-21, nan 
107.125, 82.125, 2.447908575975295e-21, nan 
107.375, 82.125, 2.5090732123350597e-21, nan 
107.625, 82.125, 2.574471730225177e-21, nan 
107.875, 82.125, 2.4596525283043935e-21, nan 
108.125, 82.125, 2.3791600139423493e-21, nan 
108.375, 82.125, 2.30172433791158e-21, nan 
108.625, 82.125, 2.1468770611686283e-21, nan 
108.875, 82.125, 1.9225701515690547e-21, nan 
109.125, 82.125, 1.6483955472170547e-21, nan 
109.375, 82.125, 1.2928966201473899e-21, nan 
109.625, 82.125, 8.097570927599585e-22, nan 
109.875, 82.125, 5.843235049042501e-22, nan 
110.125, 82.125, 4.599254020528496e-22, nan 
110.375, 82.125, 3.742778752242943e-22, nan 
110.625, 82.125, 3.7715410970128563e-22, nan 
110.875, 82.125, 4.629783584938668e-22, nan 
111.125, 82.125, 5.772536604900678e-22, nan 
111.375, 82.125, 5.716609930305528e-22, nan 
111.625, 82.125, 5.734801946713456e-22, nan 
111.875, 82.125, 5.208519510427157e-22, nan 
112.125, 82.125, 4.894374186471632e-22, nan 
112.375, 82.125, 4.306214865152847e-22, nan 
112.625, 82.125, 4.2568490436552415e-22, nan 
112.875, 82.125, 4.637977203092256e-22, nan 
113.125, 82.125, 3.7242611101453025e-22, nan 
113.375, 82.125, 4.06130741456726e-22, nan 
113.625, 82.125, 3.7563278960066853e-22, nan 
113.875, 82.125, 3.506376124703503e-22, nan 
114.125, 82.125, 3.6963836245589873e-22, nan 
114.375, 82.125, 3.4821543694579465e-22, nan 
114.625, 82.125, 3.363333219069502e-22, nan 
114.875, 82.125, 2.583326797930797e-22, nan 
115.125, 82.125, 4.298892231059956e-22, nan 
115.375, 82.125, 5.497865788264351e-22, nan 
115.625, 82.125, 4.8916100560360105e-22, nan 
115.875, 82.125, 4.0431300798744052e-22, nan 
116.125, 82.125, 4.949781394171801e-22, nan 
116.375, 82.125, 5.961889216311943e-22, nan 
116.625, 82.125, 5.805831788033299e-22, nan 
116.875, 82.125, 3.4992522823124914e-22, nan 
117.125, 82.125, 3.962909064127893e-22, nan 
117.375, 82.125, 3.47090248867357e-22, nan 
117.625, 82.125, 3.283261923586147e-22, nan 
117.875, 82.125, 4.0904900338010157e-22, nan 
118.125, 82.125, 5.299239392683045e-22, nan 
118.375, 82.125, 5.604265807190288e-22, nan 
118.625, 82.125, 3.277457897382674e-22, nan 
118.875, 82.125, 2.8778908674671606e-22, nan 
119.125, 82.125, 3.4650421576423203e-22, nan 
119.375, 82.125, 3.40206753602055e-22, nan 
119.625, 82.125, 3.665130760660111e-22, nan 
119.875, 82.125, 3.2329720580069097e-22, nan 
120.125, 82.125, 3.0287068525887295e-22, nan 
120.375, 82.125, 3.302516850336594e-22, nan 
120.625, 82.125, 3.6367408209217223e-22, nan 
120.875, 82.125, 2.694717190673855e-22, nan 
121.125, 82.125, 2.530566601181721e-22, nan 
121.375, 82.125, 2.6507945566319723e-22, nan 
121.625, 82.125, 2.715981796706232e-22, nan 
121.875, 82.125, 2.541119806616087e-22, nan 
122.125, 82.125, 2.514412032727937e-22, nan 
122.375, 82.125, 2.7093572625605864e-22, nan 
122.625, 82.125, 2.3218631901489247e-22, nan 
122.875, 82.125, 2.4942186599055995e-22, nan 
123.125, 82.125, 2.4049931579649953e-22, nan 
123.375, 82.125, 2.6927350923221646e-22, nan 
123.625, 82.125, 2.784806818208091e-22, nan 
123.875, 82.125, 2.62040668276565e-22, nan 
124.125, 82.125, 2.0759262113741596e-22, nan 
124.375, 82.125, 1.8717172976851351e-22, nan 
124.625, 82.125, 1.9808914821531463e-22, nan 
124.875, 82.125, 1.7028242324922967e-22, nan 
125.125, 82.125, 1.69404207286506e-22, nan 
125.375, 82.125, 2.1635009906034042e-22, nan 
125.625, 82.125, 2.343829778936783e-22, nan 
125.875, 82.125, 2.188907871153726e-22, nan 
126.125, 82.125, 1.6934886906221563e-22, nan 
126.375, 82.125, 1.1922142338392512e-22, nan 
126.625, 82.125, 9.538214092210186e-23, nan 
126.875, 82.125, 9.301738101786732e-23, nan 
127.125, 82.125, 9.427970976927093e-23, nan 
127.375, 82.125, 1.1803967459587783e-22, nan 
127.625, 82.125, 1.336246677725086e-22, nan 
127.875, 82.125, 1.383539915674577e-22, nan 
128.125, 82.125, 1.204655898834177e-22, nan 
128.375, 82.125, 1.1907377917219541e-22, nan 
128.625, 82.125, 1.112526453383113e-22, nan 
128.875, 82.125, 7.475649632879607e-23, nan 
129.125, 82.125, 2.797010102472562e-23, nan 
129.375, 82.125, 7.432298818544208e-23, nan 
129.625, 82.125, 9.255007487470223e-23, nan 
129.875, 82.125, 1.2371550858028198e-22, nan 
130.125, 82.125, 1.2792037986621763e-22, nan 
130.375, 82.125, 1.7196177921092828e-22, nan 
130.625, 82.125, 1.9543322785103837e-22, nan 
130.875, 82.125, 1.8934605711671119e-22, nan 
131.125, 82.125, 1.283335115604161e-22, nan 
131.375, 82.125, 1.0177605887905232e-22, nan 
131.625, 82.125, 1.098624150217282e-22, nan 
131.875, 82.125, 1.0029112046335188e-22, nan 
132.125, 82.125, 1.7396048069981234e-22, nan 
132.375, 82.125, 1.844433097269437e-22, nan 
132.625, 82.125, 2.1796924164941577e-22, nan 
132.875, 82.125, 1.8798900005666634e-22, nan 
133.125, 82.125, 1.3665706557024441e-22, nan 
133.375, 82.125, 1.361066193689206e-22, nan 
133.625, 82.125, 1.136807111444789e-22, nan 
133.875, 82.125, 1.2122098999573482e-22, nan 
134.125, 82.125, 1.097745224346846e-22, nan 
134.375, 82.125, 1.0561319641796752e-22, nan 
134.625, 82.125, 1.3026789332652706e-22, nan 
134.875, 82.125, 1.233314713205509e-22, nan 
135.125, 82.125, 1.4638511852507929e-22, nan 
135.375, 82.125, 1.442914513159452e-22, nan 
135.625, 82.125, 1.5956893397619249e-22, nan 
135.875, 82.125, 1.46772550214784e-22, nan 
136.125, 82.125, 1.5739827717231243e-22, nan 
136.375, 82.125, 1.7158842512883744e-22, nan 
136.625, 82.125, 1.661349878639189e-22, nan 
136.875, 82.125, 1.50502789494599e-22, nan 
137.125, 82.125, 1.5292638076588807e-22, nan 
137.375, 82.125, 1.392584383707232e-22, nan 
137.625, 82.125, 1.4637493948321485e-22, nan 
137.875, 82.125, 1.3801006489971402e-22, nan 
138.125, 82.125, 1.4716537318190071e-22, nan 
138.375, 82.125, 1.5408515414083618e-22, nan 
138.625, 82.125, 1.407699493386499e-22, nan 
138.875, 82.125, 1.4041385268089364e-22, nan 
139.125, 82.125, 1.3027340141363577e-22, nan 
139.375, 82.125, 1.363765390208594e-22, nan 
139.625, 82.125, 1.2725000332631737e-22, nan 
139.875, 82.125, 1.1105870452493579e-22, nan 
140.125, 82.125, 1.108138742643959e-22, nan 
140.375, 82.125, 1.0546365424116666e-22, nan 
140.625, 82.125, 1.0267609402404315e-22, nan 
140.875, 82.125, 1.031204123852782e-22, nan 
141.125, 82.125, 1.1009165768357098e-22, nan 
141.375, 82.125, 1.192369931964175e-22, nan 
141.625, 82.125, 1.0586115966187718e-22, nan 
141.875, 82.125, 1.115884420754575e-22, nan 
142.125, 82.125, 1.139439247291975e-22, nan 
142.375, 82.125, 1.0856685763340843e-22, nan 
142.625, 82.125, 1.1015116059484843e-22, nan 
142.875, 82.125, 1.0287293333538044e-22, nan 
143.125, 82.125, 1.132940080654466e-22, nan 
143.375, 82.125, 1.2468934508172398e-22, nan 
143.625, 82.125, 1.1586447858235847e-22, nan 
143.875, 82.125, 1.1090837813998413e-22, nan 
144.125, 82.125, 1.1748275235149594e-22, nan 
144.375, 82.125, 1.242614585910517e-22, nan 
144.625, 82.125, 1.1237486454529665e-22, nan 
144.875, 82.125, 1.006002217139444e-22, nan 
145.125, 82.125, 1.0860954122253672e-22, nan 
145.375, 82.125, 1.0429072136963992e-22, nan 
145.625, 82.125, 1.1206147367913505e-22, nan 
145.875, 82.125, 1.1046854062464663e-22, nan 
146.125, 82.125, 9.947256798511143e-23, nan 
146.375, 82.125, 1.0031597229191307e-22, nan 
146.625, 82.125, 1.1653025911598234e-22, nan 
146.875, 82.125, 1.1122141016951266e-22, nan 
147.125, 82.125, 9.922623794343246e-23, nan 
147.375, 82.125, 9.802202963122003e-23, nan 
147.625, 82.125, 9.796811050583587e-23, nan 
147.875, 82.125, 9.036471956991144e-23, nan 
148.125, 82.125, 7.723704108941685e-23, nan 
148.375, 82.125, 8.960121824947184e-23, nan 
148.625, 82.125, 8.834142678958657e-23, nan 
148.875, 82.125, 8.49937025112275e-23, nan 
149.125, 82.125, 8.354163172018785e-23, nan 
149.375, 82.125, 7.760552167074572e-23, nan 
149.625, 82.125, 7.891760805022182e-23, nan 
149.875, 82.125, 8.444877797562682e-23, nan 
150.125, 82.125, 7.985649274948204e-23, nan 
150.375, 82.125, 7.705381426326603e-23, nan 
150.625, 82.125, 8.524595832442637e-23, nan 
150.875, 82.125, 8.95529407431993e-23, nan 
151.125, 82.125, 7.498238972611772e-23, nan 
151.375, 82.125, 7.28104817429264e-23, nan 
151.625, 82.125, 7.282851348247598e-23, nan 
151.875, 82.125, 6.880372073723444e-23, nan 
152.125, 82.125, 6.526505942868993e-23, nan 
152.375, 82.125, 5.652266836088293e-23, nan 
152.625, 82.125, 6.541849469561161e-23, nan 
152.875, 82.125, 6.697233084182627e-23, nan 
153.125, 82.125, 6.660383043166407e-23, nan 
153.375, 82.125, 6.106720293559603e-23, nan 
153.625, 82.125, 5.853227932794065e-23, nan 
153.875, 82.125, 5.820807419189166e-23, nan 
154.125, 82.125, 5.531145425046262e-23, nan 
154.375, 82.125, 5.950293622702945e-23, nan 
154.625, 82.125, 5.735835821672036e-23, nan 
154.875, 82.125, 5.1841061749136587e-23, nan 
155.125, 82.125, 5.2131669748659395e-23, nan 
155.375, 82.125, 5.460129129534345e-23, nan 
155.625, 82.125, 5.0034596552790207e-23, nan 
155.875, 82.125, 4.4246190323430987e-23, nan 
156.125, 82.125, 4.3864017325237715e-23, nan 
156.375, 82.125, 4.8816189118801554e-23, nan 
156.625, 82.125, 5.129482296032881e-23, nan 
156.875, 82.125, 4.7320561000773156e-23, nan 
157.125, 82.125, 4.26712851942404e-23, nan 
157.375, 82.125, 4.441851312148706e-23, nan 
157.625, 82.125, 4.567452595246854e-23, nan 
157.875, 82.125, 4.05165446058139e-23, nan 
158.125, 82.125, 3.682500589102362e-23, nan 
158.375, 82.125, 4.021056756629164e-23, nan 
158.625, 82.125, 4.0866834758061627e-23, nan 
158.875, 82.125, 3.8675826231202836e-23, nan 
159.125, 82.125, 3.77379133865084e-23, nan 
159.375, 82.125, 3.694537601825053e-23, nan 
159.625, 82.125, 4.051860452064251e-23, nan 
159.875, 82.125, 3.5062780639910864e-23, nan 
160.125, 82.125, 3.1830844080386656e-23, nan 
160.375, 82.125, 3.50878364297281e-23, nan 
160.625, 82.125, 3.585800643906315e-23, nan 
160.875, 82.125, 3.503848414099153e-23, nan 
161.125, 82.125, 3.172921460345477e-23, nan 
161.375, 82.125, 2.9845710094515246e-23, nan 
161.625, 82.125, 3.125455610146998e-23, nan 
161.875, 82.125, 3.2299720935401856e-23, nan 
162.125, 82.125, 2.9632422976401333e-23, nan 
162.375, 82.125, 2.798270530875166e-23, nan 
162.625, 82.125, 3.0690910839834885e-23, nan 
162.875, 82.125, 3.069823411364801e-23, nan 
163.125, 82.125, 2.965354155824658e-23, nan 
163.375, 82.125, 2.7230699441462675e-23, nan 
163.625, 82.125, 2.678647720661273e-23, nan 
163.875, 82.125, 2.900912324205439e-23, nan 
164.125, 82.125, 2.5297083414370014e-23, nan 
164.375, 82.125, 2.3908823101782592e-23, nan 
164.625, 82.125, 2.673595997050218e-23, nan 
164.875, 82.125, 2.5657067319684602e-23, nan 
165.125, 82.125, 2.5845654182223095e-23, nan 
165.375, 82.125, 2.556659685678739e-23, nan 
165.625, 82.125, 2.4039665679384492e-23, nan 
165.875, 82.125, 2.4988527979051652e-23, nan 
166.125, 82.125, 2.3505794919629274e-23, nan 
166.375, 82.125, 2.564803650516288e-23, nan 
166.625, 82.125, 2.3861315503278042e-23, nan 
166.875, 82.125, 2.200435365383441e-23, nan 
167.125, 82.125, 2.1526930058103555e-23, nan 
167.375, 82.125, 2.1790863649226856e-23, nan 
167.625, 82.125, 2.222201804114384e-23, nan 
167.875, 82.125, 2.23840140815653e-23, nan 
168.125, 82.125, 2.1882844846865775e-23, nan 
168.375, 82.125, 2.2844930598447687e-23, nan 
168.625, 82.125, 2.1788253453118077e-23, nan 
168.875, 82.125, 2.0836796465030453e-23, nan 
169.125, 82.125, 2.0625103895457875e-23, nan 
169.375, 82.125, 2.0015031877540402e-23, nan 
169.625, 82.125, 1.9646223528779796e-23, nan 
169.875, 82.125, 2.0776689169247647e-23, nan 
170.125, 82.125, 1.9178542742072803e-23, nan 
170.375, 82.125, 1.9476359876213977e-23, nan 
170.625, 82.125, 1.9257855594637052e-23, nan 
170.875, 82.125, 2.0962369772377798e-23, nan 
171.125, 82.125, 2.046159718068954e-23, nan 
171.375, 82.125, 1.8272575013167367e-23, nan 
171.625, 82.125, 1.8686017778667225e-23, nan 
171.875, 82.125, 1.9108537506972685e-23, nan 
172.125, 82.125, 1.8232769812550284e-23, nan 
172.375, 82.125, 1.6798760143702418e-23, nan 
172.625, 82.125, 1.836699428945138e-23, nan 
172.875, 82.125, 1.971075433916312e-23, nan 
173.125, 82.125, 1.8765114778518467e-23, nan 
173.375, 82.125, 1.5405460712055492e-23, nan 
173.625, 82.125, 1.5603956697336817e-23, nan 
173.875, 82.125, 1.6932142922085364e-23, nan 
174.125, 82.125, 1.5792876156627534e-23, nan 
174.375, 82.125, 1.5268026164617318e-23, nan 
174.625, 82.125, 1.489363764147724e-23, nan 
174.875, 82.125, 1.3939771784342668e-23, nan 
175.125, 82.125, 1.4069609499283103e-23, nan 
175.375, 82.125, 1.2056563255929376e-23, nan 
175.625, 82.125, 1.087413874101217e-23, nan 
175.875, 82.125, 1.0357913440347895e-23, nan 
176.125, 82.125, 1.0270358302868022e-23, nan 
176.375, 82.125, 8.47336770107549e-24, nan 
176.625, 82.125, 8.408669781564038e-24, nan 
176.875, 82.125, 9.712808242258277e-24, nan 
177.125, 82.125, 1.0144122430702269e-23, nan 
177.375, 82.125, 9.197580108754255e-24, nan 
177.625, 82.125, 7.903183505453986e-24, nan 
177.875, 82.125, 7.743954034841732e-24, nan 
178.125, 82.125, 8.354672938400165e-24, nan 
178.375, 82.125, 8.634298840431724e-24, nan 
178.625, 82.125, 7.662189881194593e-24, nan 
178.875, 82.125, 7.653197125699681e-24, nan 
179.125, 82.125, 8.721470535869886e-24, nan 
179.375, 82.125, 8.837914043386907e-24, nan 
179.625, 82.125, 7.498580876787952e-24, nan 
179.875, 82.125, 6.810758143056e-24, nan 
-179.875, 82.375, 5.4252516127811215e-24, nan 
-179.625, 82.375, 5.127493992853418e-24, nan 
-179.375, 82.375, 4.638804034135606e-24, nan 
-179.125, 82.375, 5.095502313660006e-24, nan 
-178.875, 82.375, 4.913307751060777e-24, nan 
-178.625, 82.375, 4.406150142247514e-24, nan 
-178.375, 82.375, 4.034523216651809e-24, nan 
-178.125, 82.375, 4.1919525097132184e-24, nan 
-177.875, 82.375, 4.843138252504947e-24, nan 
-177.625, 82.375, 4.988678571190897e-24, nan 
-177.375, 82.375, 4.235787694770522e-24, nan 
-177.125, 82.375, 4.6026063307897824e-24, nan 
-176.875, 82.375, 5.224247841374511e-24, nan 
-176.625, 82.375, 4.867398229638566e-24, nan 
-176.375, 82.375, 4.8626003043931436e-24, nan 
-176.125, 82.375, 4.584964008083555e-24, nan 
-175.875, 82.375, 4.858923933990283e-24, nan 
-175.625, 82.375, 5.3892128075536954e-24, nan 
-175.375, 82.375, 5.1901899557759296e-24, nan 
-175.125, 82.375, 5.097651359488229e-24, nan 
-174.875, 82.375, 4.9164154435423636e-24, nan 
-174.625, 82.375, 5.107842338972422e-24, nan 
-174.375, 82.375, 4.6206613961726e-24, nan 
-174.125, 82.375, 4.810580240711027e-24, nan 
-173.875, 82.375, 5.3963269638824105e-24, nan 
-173.625, 82.375, 5.0182617789099846e-24, nan 
-173.375, 82.375, 5.097245250361593e-24, nan 
-173.125, 82.375, 4.541342734164033e-24, nan 
-172.875, 82.375, 3.874440334829604e-24, nan 
-172.625, 82.375, 5.162950657855456e-24, nan 
-172.375, 82.375, 5.1579498387670766e-24, nan 
-172.125, 82.375, 4.835023749211844e-24, nan 
-171.875, 82.375, 4.376796330937891e-24, nan 
-171.625, 82.375, 3.905686577134709e-24, nan 
-171.375, 82.375, 4.489853802873362e-24, nan 
-171.125, 82.375, 4.402336774963026e-24, nan 
-170.875, 82.375, 3.2524289076314184e-24, nan 
-170.625, 82.375, 3.1460798667893333e-24, nan 
-170.375, 82.375, 3.917496619542753e-24, nan 
-170.125, 82.375, 3.918154855206927e-24, nan 
-169.875, 82.375, 2.7700194790335474e-24, nan 
-169.625, 82.375, 2.247721871269767e-24, nan 
-169.375, 82.375, 3.754548966227446e-24, nan 
-169.125, 82.375, 4.033332147639712e-24, nan 
-168.875, 82.375, 2.0259916238213017e-24, nan 
-168.625, 82.375, 2.683236571932141e-24, nan 
-168.375, 82.375, 4.355903067810872e-24, nan 
-168.125, 82.375, 3.151916077833281e-24, nan 
-167.875, 82.375, 2.8466883005298918e-24, nan 
-167.625, 82.375, 4.332072280117381e-24, nan 
-167.375, 82.375, 3.2630530731470222e-24, nan 
-167.125, 82.375, 4.035901804261884e-24, nan 
-166.875, 82.375, 4.7717494938611566e-24, nan 
-166.625, 82.375, 4.8017476975035965e-24, nan 
-166.375, 82.375, 3.862377728116701e-24, nan 
-166.125, 82.375, 3.923470971108853e-24, nan 
-165.875, 82.375, 4.997547600231574e-24, nan 
-165.625, 82.375, 5.434649547777303e-24, nan 
-165.375, 82.375, 5.734135858502688e-24, nan 
-165.125, 82.375, 5.812908129523353e-24, nan 
-164.875, 82.375, 6.111474083775906e-24, nan 
-164.625, 82.375, 6.0231702133583624e-24, nan 
-164.375, 82.375, 6.4596879510781574e-24, nan 
-164.125, 82.375, 6.973887917618481e-24, nan 
-163.875, 82.375, 6.978066702184454e-24, nan 
-163.625, 82.375, 7.1764650206324e-24, nan 
-163.375, 82.375, 7.353016503853164e-24, nan 
-163.125, 82.375, 7.180692034015376e-24, nan 
-162.875, 82.375, 7.522718837969627e-24, nan 
-162.625, 82.375, 7.326003040929833e-24, nan 
-162.375, 82.375, 7.706604647848165e-24, nan 
-162.125, 82.375, 7.451766415577413e-24, nan 
-161.875, 82.375, 7.422964591810454e-24, nan 
-161.625, 82.375, 7.7042942562636e-24, nan 
-161.375, 82.375, 7.537223716196288e-24, nan 
-161.125, 82.375, 7.375092835868155e-24, nan 
-160.875, 82.375, 7.143895300286573e-24, nan 
-160.625, 82.375, 7.261136864677289e-24, nan 
-160.375, 82.375, 7.110192774187833e-24, nan 
-160.125, 82.375, 7.178158166716928e-24, nan 
-159.875, 82.375, 6.699963021871115e-24, nan 
-159.625, 82.375, 6.962456502118214e-24, nan 
-159.375, 82.375, 6.91971032850907e-24, nan 
-159.125, 82.375, 7.228692924136476e-24, nan 
-158.875, 82.375, 6.952678264564868e-24, nan 
-158.625, 82.375, 6.5817067471867286e-24, nan 
-158.375, 82.375, 6.224230518281699e-24, nan 
-158.125, 82.375, 6.747927539173909e-24, nan 
-157.875, 82.375, 6.678681897661053e-24, nan 
-157.625, 82.375, 6.233597830620212e-24, nan 
-157.375, 82.375, 6.040103688273016e-24, nan 
-157.125, 82.375, 5.968464514092533e-24, nan 
-156.875, 82.375, 6.086520818234348e-24, nan 
-156.625, 82.375, 6.272384548702223e-24, nan 
-156.375, 82.375, 5.9998615416977065e-24, nan 
-156.125, 82.375, 5.6980073200248735e-24, nan 
-155.875, 82.375, 5.602043690818813e-24, nan 
-155.625, 82.375, 5.796112706044866e-24, nan 
-155.375, 82.375, 5.713662919591655e-24, nan 
-155.125, 82.375, 5.3855863903647e-24, nan 
-154.875, 82.375, 5.639292629599355e-24, nan 
-154.625, 82.375, 6.068484537893792e-24, nan 
-154.375, 82.375, 5.609033607132048e-24, nan 
-154.125, 82.375, 5.129477401471394e-24, nan 
-153.875, 82.375, 5.5316823919943714e-24, nan 
-153.625, 82.375, 5.159637865836876e-24, nan 
-153.375, 82.375, 4.543638339125703e-24, nan 
-153.125, 82.375, 4.582814657242425e-24, nan 
-152.875, 82.375, 6.08257199275836e-24, nan 
-152.625, 82.375, 5.829748480936646e-24, nan 
-152.375, 82.375, 4.482735675132522e-24, nan 
-152.125, 82.375, 4.7420142802001174e-24, nan 
-151.875, 82.375, 4.503203752552533e-24, nan 
-151.625, 82.375, 4.716376988834776e-24, nan 
-151.375, 82.375, 5.014663579388318e-24, nan 
-151.125, 82.375, 4.538573994552936e-24, nan 
-150.875, 82.375, 4.9103612517406976e-24, nan 
-150.625, 82.375, 4.674582479954756e-24, nan 
-150.375, 82.375, 4.67342379772467e-24, nan 
-150.125, 82.375, 4.0139033610908565e-24, nan 
-149.875, 82.375, 4.160166097042654e-24, nan 
-149.625, 82.375, 4.388068329770041e-24, nan 
-149.375, 82.375, 4.509540814434523e-24, nan 
-149.125, 82.375, 4.225523327647784e-24, nan 
-148.875, 82.375, 4.00391437188514e-24, nan 
-148.625, 82.375, 4.549032620105111e-24, nan 
-148.375, 82.375, 4.267613240962598e-24, nan 
-148.125, 82.375, 4.20077426897855e-24, nan 
-147.875, 82.375, 4.1055739465269074e-24, nan 
-147.625, 82.375, 4.237762088563619e-24, nan 
-147.375, 82.375, 4.3226691170560415e-24, nan 
-147.125, 82.375, 4.299225085414559e-24, nan 
-146.875, 82.375, 4.273930797858631e-24, nan 
-146.625, 82.375, 4.513672071200361e-24, nan 
-146.375, 82.375, 4.098899443841663e-24, nan 
-146.125, 82.375, 3.596500241757411e-24, nan 
-145.875, 82.375, 3.646933898603435e-24, nan 
-145.625, 82.375, 3.999271623018172e-24, nan 
-145.375, 82.375, 3.985264773362188e-24, nan 
-145.125, 82.375, 3.6603265808521715e-24, nan 
-144.875, 82.375, 3.49486073415976e-24, nan 
-144.625, 82.375, 3.840630421809895e-24, nan 
-144.375, 82.375, 4.049452674589506e-24, nan 
-144.125, 82.375, 3.9361530353815205e-24, nan 
-143.875, 82.375, 3.8558374523537446e-24, nan 
-143.625, 82.375, 4.006881170064384e-24, nan 
-143.375, 82.375, 4.133377659049987e-24, nan 
-143.125, 82.375, 3.956131022510448e-24, nan 
-142.875, 82.375, 3.806601278940598e-24, nan 
-142.625, 82.375, 4.099247281531835e-24, nan 
-142.375, 82.375, 4.040021926179726e-24, nan 
-142.125, 82.375, 3.590162364798923e-24, nan 
-141.875, 82.375, 3.712715537411128e-24, nan 
-141.625, 82.375, 4.011783245391131e-24, nan 
-141.375, 82.375, 3.928461982334947e-24, nan 
-141.125, 82.375, 3.5463489571301715e-24, nan 
-140.875, 82.375, 3.742515232838006e-24, nan 
-140.625, 82.375, 3.5732306117033684e-24, nan 
-140.375, 82.375, 3.645792265033574e-24, nan 
-140.125, 82.375, 3.785413497408632e-24, nan 
-139.875, 82.375, 3.715081277006894e-24, nan 
-139.625, 82.375, 3.462147110679432e-24, nan 
-139.375, 82.375, 3.5807611867595794e-24, nan 
-139.125, 82.375, 3.543390285657822e-24, nan 
-138.875, 82.375, 3.988532345607366e-24, nan 
-138.625, 82.375, 3.607476785828264e-24, nan 
-138.375, 82.375, 3.414039636913871e-24, nan 
-138.125, 82.375, 3.491627394317664e-24, nan 
-137.875, 82.375, 3.464865444341418e-24, nan 
-137.625, 82.375, 3.544154480853864e-24, nan 
-137.375, 82.375, 3.6676334026443184e-24, nan 
-137.125, 82.375, 3.988305187154074e-24, nan 
-136.875, 82.375, 3.943124019037119e-24, nan 
-136.625, 82.375, 4.212990285270803e-24, nan 
-136.375, 82.375, 4.334412473233658e-24, nan 
-136.125, 82.375, 3.865929446106641e-24, nan 
-135.875, 82.375, 3.595355149224795e-24, nan 
-135.625, 82.375, 3.7645226215479546e-24, nan 
-135.375, 82.375, 3.9729628245827576e-24, nan 
-135.125, 82.375, 3.850698919319662e-24, nan 
-134.875, 82.375, 4.143350480597798e-24, nan 
-134.625, 82.375, 4.361487830744306e-24, nan 
-134.375, 82.375, 3.842737448614582e-24, nan 
-134.125, 82.375, 3.1301115782514042e-24, nan 
-133.875, 82.375, 4.134663220292054e-24, nan 
-133.625, 82.375, 4.781035039975478e-24, nan 
-133.375, 82.375, 5.55886640039656e-24, nan 
-133.125, 82.375, 5.933624396802594e-24, nan 
-132.875, 82.375, 6.33092931838592e-24, nan 
-132.625, 82.375, 6.677988371875226e-24, nan 
-132.375, 82.375, 6.59074816734267e-24, nan 
-132.125, 82.375, 3.93623297601288e-24, nan 
-131.875, 82.375, 3.188045366945842e-24, nan 
-131.625, 82.375, 3.0630122153562223e-24, nan 
-131.375, 82.375, 4.495849770671078e-24, nan 
-131.125, 82.375, 5.46364830254324e-24, nan 
-130.875, 82.375, 4.930306122738568e-24, nan 
-130.625, 82.375, 4.157824642288435e-24, nan 
-130.375, 82.375, 3.448817969024779e-24, nan 
-130.125, 82.375, 2.828661086793478e-24, nan 
-129.875, 82.375, 1.6666462740400298e-24, nan 
-129.625, 82.375, 8.545835233021847e-25, nan 
-129.375, 82.375, 1.9982743681581454e-24, nan 
-129.125, 82.375, 3.439421014423446e-24, nan 
-128.875, 82.375, 4.063243515674116e-24, nan 
-128.625, 82.375, 3.1685896780561897e-24, nan 
-128.375, 82.375, 3.441451603799837e-24, nan 
-128.125, 82.375, 5.39327277662746e-24, nan 
-127.875, 82.375, 5.7831367086767764e-24, nan 
-127.625, 82.375, 5.212260266857109e-24, nan 
-127.375, 82.375, 4.144557878091353e-24, nan 
-127.125, 82.375, 4.6331146903766216e-24, nan 
-126.875, 82.375, 4.7582959166404e-24, nan 
-126.625, 82.375, 5.019569865527463e-24, nan 
-126.375, 82.375, 6.585137318366097e-24, nan 
-126.125, 82.375, 7.195096079695403e-24, nan 
-125.875, 82.375, 6.072496499991337e-24, nan 
-125.625, 82.375, 4.403397577171382e-24, nan 
-125.375, 82.375, 4.9391391676671045e-24, nan 
-125.125, 82.375, 5.1110978776976056e-24, nan 
-124.875, 82.375, 5.916626435547848e-24, nan 
-124.625, 82.375, 6.854751841361954e-24, nan 
-124.375, 82.375, 6.657831743571555e-24, nan 
-124.125, 82.375, 5.540075848808511e-24, nan 
-123.875, 82.375, 5.446299488309523e-24, nan 
-123.625, 82.375, 6.128071013367443e-24, nan 
-123.375, 82.375, 7.318868571027592e-24, nan 
-123.125, 82.375, 7.529003799495274e-24, nan 
-122.875, 82.375, 6.704320678255398e-24, nan 
-122.625, 82.375, 7.150181807964889e-24, nan 
-122.375, 82.375, 1.060954552221453e-23, nan 
-122.125, 82.375, 1.2695246218818804e-23, nan 
-121.875, 82.375, 1.2818603926212408e-23, nan 
-121.625, 82.375, 1.518303579576057e-23, nan 
-121.375, 82.375, 1.6618780995085697e-23, nan 
-121.125, 82.375, 1.488865796869718e-23, nan 
-120.875, 82.375, 8.944897051232282e-24, nan 
-120.625, 82.375, 8.085074135362638e-24, nan 
-120.375, 82.375, 1.624609873200803e-23, nan 
-120.125, 82.375, 3.6454922188421095e-23, nan 
-119.875, 82.375, 3.647102271558365e-23, nan 
-119.625, 82.375, 3.8399097815981266e-23, nan 
-119.375, 82.375, 4.030913029939509e-23, nan 
-119.125, 82.375, 3.904933211121555e-23, nan 
-118.875, 82.375, 3.635976845334011e-23, nan 
-118.625, 82.375, 2.360372583564015e-23, nan 
-118.375, 82.375, 3.5402209476025236e-23, nan 
-118.125, 82.375, 3.5451703001195634e-23, nan 
-117.875, 82.375, 3.731502624891274e-23, nan 
-117.625, 82.375, 3.8106495525680777e-23, nan 
-117.375, 82.375, 3.798661546801877e-23, nan 
-117.125, 82.375, 3.8209562130984244e-23, nan 
-116.875, 82.375, 3.1308693162516386e-23, nan 
-116.625, 82.375, 2.06630976639755e-23, nan 
-116.375, 82.375, 1.2036471254120487e-23, nan 
-116.125, 82.375, 1.1723106830888752e-23, nan 
-115.875, 82.375, 1.6208603941138317e-23, nan 
-115.625, 82.375, 1.506443025269477e-23, nan 
-115.375, 82.375, 1.235847309076391e-23, nan 
-115.125, 82.375, 1.2388268761711275e-23, nan 
-114.875, 82.375, 1.207372247379015e-23, nan 
-114.625, 82.375, 1.0030483846115986e-23, nan 
-114.375, 82.375, 1.1332101925900907e-23, nan 
-114.125, 82.375, 1.5124132440352503e-23, nan 
-113.875, 82.375, 2.1424032618753733e-23, nan 
-113.625, 82.375, 2.4838165866138193e-23, nan 
-113.375, 82.375, 2.5078676011527993e-23, nan 
-113.125, 82.375, 2.3303578944087825e-23, nan 
-112.875, 82.375, 1.4381853033174917e-23, nan 
-112.625, 82.375, 1.2901661222091624e-23, nan 
-112.375, 82.375, 1.4393104169726488e-23, nan 
-112.125, 82.375, 1.8098082705813805e-23, nan 
-111.875, 82.375, 2.0221148884469392e-23, nan 
-111.625, 82.375, 1.849905614301785e-23, nan 
-111.375, 82.375, 1.5391237797497773e-23, nan 
-111.125, 82.375, 1.1804420592632573e-23, nan 
-110.875, 82.375, 9.106461890201426e-24, nan 
-110.625, 82.375, 6.284713999021291e-24, nan 
-110.375, 82.375, 6.258939794298482e-24, nan 
-110.125, 82.375, 6.468306024518427e-24, nan 
-109.875, 82.375, 6.049944233445185e-24, nan 
-109.625, 82.375, 7.324890756355038e-24, nan 
-109.375, 82.375, 8.518938777228011e-24, nan 
-109.125, 82.375, 9.257232913586528e-24, nan 
-108.875, 82.375, 9.766667162263228e-24, nan 
-108.625, 82.375, 9.893487052240142e-24, nan 
-108.375, 82.375, 8.974527622926613e-24, nan 
-108.125, 82.375, 6.774544426506309e-24, nan 
-107.875, 82.375, 1.3203318153708044e-23, nan 
-107.625, 82.375, 1.9071745329161853e-23, nan 
-107.375, 82.375, 2.3635807676563823e-23, nan 
-107.125, 82.375, 2.5154922607352378e-23, nan 
-106.875, 82.375, 2.554720639276589e-23, nan 
-106.625, 82.375, 2.4424103552531948e-23, nan 
-106.375, 82.375, 1.764129403809429e-23, nan 
-106.125, 82.375, 1.7605766829034091e-23, nan 
-105.875, 82.375, 2.1113677316751355e-23, nan 
-105.625, 82.375, 2.2348572548196658e-23, nan 
-105.375, 82.375, 2.234303157763587e-23, nan 
-105.125, 82.375, 1.8982048185976856e-23, nan 
-104.875, 82.375, 1.6972198923765392e-23, nan 
-104.625, 82.375, 1.2552553707804275e-23, nan 
-104.375, 82.375, 5.313751441717002e-24, nan 
-104.125, 82.375, 4.428037305908781e-24, nan 
-103.875, 82.375, 4.2894369749645586e-24, nan 
-103.625, 82.375, 5.006225644175287e-24, nan 
-103.375, 82.375, 4.642903230656441e-24, nan 
-103.125, 82.375, 3.994523040722925e-24, nan 
-102.875, 82.375, 3.870580602591917e-24, nan 
-102.625, 82.375, 3.724333096883704e-24, nan 
-102.375, 82.375, 4.258508511755044e-24, nan 
-102.125, 82.375, 3.742744976047146e-24, nan 
-101.875, 82.375, 4.037595852597934e-24, nan 
-101.625, 82.375, 4.446154484591196e-24, nan 
-101.375, 82.375, 3.8953327859460324e-24, nan 
-101.125, 82.375, 3.910175567004906e-24, nan 
-100.875, 82.375, 4.062056223593767e-24, nan 
-100.625, 82.375, 3.906717419601437e-24, nan 
-100.375, 82.375, 3.3933141642945185e-24, nan 
-100.125, 82.375, 3.3048463457495396e-24, nan 
-99.875, 82.375, 4.159870408082999e-24, nan 
-54.625, 82.375, 9.78821033666841e-24, nan 
-54.375, 82.375, 9.402627647825265e-24, nan 
-54.125, 82.375, 8.849018342671329e-24, nan 
-53.875, 82.375, 8.43731012723814e-24, nan 
-53.625, 82.375, 7.360952493341896e-24, nan 
-53.375, 82.375, 6.590614068332837e-24, nan 
-53.125, 82.375, 5.7052181031569146e-24, nan 
-52.875, 82.375, 4.207474075134095e-24, nan 
-52.625, 82.375, 2.5442204765647972e-24, nan 
-52.375, 82.375, 1.809214654617491e-24, nan 
-52.125, 82.375, 1.5214364955812272e-24, nan 
-51.875, 82.375, 1.5542507845359223e-24, nan 
-51.625, 82.375, 1.5297306812785001e-24, nan 
-51.375, 82.375, 1.2414428654497751e-24, nan 
-51.125, 82.375, 1.3365643941319672e-24, nan 
-50.875, 82.375, 1.1308723581004906e-24, nan 
-50.625, 82.375, 1.209028843970091e-24, nan 
-50.375, 82.375, 1.5160849250948516e-24, nan 
-50.125, 82.375, 1.6614798596454482e-24, nan 
-49.875, 82.375, 1.6445030343813462e-24, nan 
-49.625, 82.375, 1.4132951528986963e-24, nan 
-49.375, 82.375, 1.682829985397431e-24, nan 
-49.125, 82.375, 1.1596722831048298e-24, nan 
-48.875, 82.375, 1.1662249575099144e-24, nan 
-48.625, 82.375, 1.434131022066105e-24, nan 
-48.375, 82.375, 1.1701947888406515e-24, nan 
-48.125, 82.375, 1.3125225964536938e-24, nan 
-47.875, 82.375, 1.5931485997895405e-24, nan 
-47.625, 82.375, 2.0317713862186465e-24, nan 
-47.375, 82.375, 9.4596660512605e-25, nan 
-47.125, 82.375, 1.1929962248173935e-24, nan 
-46.875, 82.375, 9.951399544110904e-25, nan 
-46.625, 82.375, 1.0024690818521049e-24, nan 
-46.375, 82.375, 1.682731150738993e-24, nan 
-46.125, 82.375, 3.243553070768917e-24, nan 
-45.875, 82.375, 4.2468390461959754e-24, nan 
-45.625, 82.375, 4.7081682661080996e-24, nan 
-45.375, 82.375, 5.272403457765702e-24, nan 
-45.125, 82.375, 7.887709843224692e-24, nan 
-44.875, 82.375, 1.0080399965341159e-23, nan 
-44.625, 82.375, 1.0388273408178655e-23, nan 
-44.375, 82.375, 1.1104365257591286e-23, nan 
-44.125, 82.375, 1.19690023618722e-23, nan 
-43.875, 82.375, 1.2698002522244451e-23, nan 
-43.625, 82.375, 1.2997230897663516e-23, nan 
-43.375, 82.375, 1.3753032746581506e-23, nan 
-43.125, 82.375, 1.5262626875139313e-23, nan 
-42.875, 82.375, 1.5067899315402462e-23, nan 
-42.625, 82.375, 1.4047509708512897e-23, nan 
-42.375, 82.375, 1.3584349687304657e-23, nan 
-42.125, 82.375, 1.4367074270965936e-23, nan 
-41.875, 82.375, 1.4557557251326986e-23, nan 
-41.625, 82.375, 1.2521713877463765e-23, nan 
-41.375, 82.375, 1.1696124924840537e-23, nan 
-41.125, 82.375, 1.0975403212163577e-23, nan 
-40.875, 82.375, 1.0090697895011442e-23, nan 
-40.625, 82.375, 9.689192492964748e-24, nan 
-40.375, 82.375, 9.19762485185214e-24, nan 
-40.125, 82.375, 9.064352368906778e-24, nan 
-39.875, 82.375, 7.399989544193153e-24, nan 
-39.625, 82.375, 6.374370330509099e-24, nan 
-39.375, 82.375, 6.450451424928398e-24, nan 
-39.125, 82.375, 7.397295956786005e-24, nan 
-38.875, 82.375, 7.566876917262125e-24, nan 
-38.625, 82.375, 5.677964364699925e-24, nan 
-38.375, 82.375, 4.007522618032654e-24, nan 
-38.125, 82.375, 4.40025884178239e-24, nan 
-37.875, 82.375, 4.759326537898168e-24, nan 
-37.625, 82.375, 5.054394848450765e-24, nan 
-37.375, 82.375, 5.976288722793964e-24, nan 
-37.125, 82.375, 8.310292051070361e-24, nan 
-36.875, 82.375, 8.078202879528085e-24, nan 
-36.625, 82.375, 5.868146020961387e-24, nan 
-36.375, 82.375, 5.50697323572961e-24, nan 
-36.125, 82.375, 5.277594348134048e-24, nan 
-35.875, 82.375, 4.872472249357376e-24, nan 
-35.625, 82.375, 6.258534134239225e-24, nan 
-35.375, 82.375, 8.391707142181341e-24, nan 
-35.125, 82.375, 8.244137941960705e-24, nan 
-34.875, 82.375, 6.0017039167916235e-24, nan 
-34.625, 82.375, 4.998727979853234e-24, nan 
-34.375, 82.375, 4.661980940061313e-24, nan 
-34.125, 82.375, 4.5167085444869934e-24, nan 
-33.875, 82.375, 5.089074457111334e-24, nan 
-33.625, 82.375, 4.452505836848605e-24, nan 
-33.375, 82.375, 4.739743555471738e-24, nan 
-33.125, 82.375, 4.330658590348612e-24, nan 
-32.875, 82.375, 4.385322612379386e-24, nan 
-32.625, 82.375, 4.254011030104362e-24, nan 
-32.375, 82.375, 4.92517882261272e-24, nan 
-32.125, 82.375, 5.4273885916930135e-24, nan 
-31.875, 82.375, 4.680477686222668e-24, nan 
-31.625, 82.375, 4.481195598499723e-24, nan 
-31.375, 82.375, 4.475150653611451e-24, nan 
-31.125, 82.375, 4.140428234819708e-24, nan 
-30.875, 82.375, 3.760004893939636e-24, nan 
-30.625, 82.375, 2.664635265684067e-24, nan 
-30.375, 82.375, 2.0745659926692822e-24, nan 
-30.125, 82.375, 2.374659012286137e-24, nan 
-29.875, 82.375, 2.4709609875432154e-24, nan 
-29.625, 82.375, 1.973134724463747e-24, nan 
-29.375, 82.375, 3.968473096122828e-24, nan 
-29.125, 82.375, 6.069348107893837e-24, nan 
-28.875, 82.375, 5.504579502511381e-24, nan 
-28.625, 82.375, 4.136305490399706e-24, nan 
-28.375, 82.375, 3.807515456877641e-24, nan 
-28.125, 82.375, 3.848673588844331e-24, nan 
-27.875, 82.375, 3.0118601378467935e-24, nan 
-27.625, 82.375, 4.167589661528724e-24, nan 
-27.375, 82.375, 5.945174413785846e-24, nan 
-27.125, 82.375, 5.6156966857500145e-24, nan 
-26.875, 82.375, 4.258471943757302e-24, nan 
-26.625, 82.375, 4.042817872608472e-24, nan 
-26.375, 82.375, 4.534232012827193e-24, nan 
-26.125, 82.375, 4.306445029815524e-24, nan 
-25.875, 82.375, 3.8011487060204295e-24, nan 
-25.625, 82.375, 4.070030033168914e-24, nan 
-25.375, 82.375, 3.8643851386409334e-24, nan 
-25.125, 82.375, 3.464301248681881e-24, nan 
-24.875, 82.375, 3.693699686397946e-24, nan 
-24.625, 82.375, 4.174998352754417e-24, nan 
-24.375, 82.375, 4.240089704466882e-24, nan 
-24.125, 82.375, 4.290537813580793e-24, nan 
-23.875, 82.375, 4.46919195688487e-24, nan 
-23.625, 82.375, 4.357623456110962e-24, nan 
-23.375, 82.375, 3.973221165995253e-24, nan 
-23.125, 82.375, 3.854623472509558e-24, nan 
-22.875, 82.375, 3.981997493628205e-24, nan 
-22.625, 82.375, 3.639828151646624e-24, nan 
-22.375, 82.375, 3.182935598173052e-24, nan 
-22.125, 82.375, 3.276040556591016e-24, nan 
-21.875, 82.375, 3.445161974116844e-24, nan 
-21.625, 82.375, 3.6624972466895064e-24, nan 
-21.375, 82.375, 3.823966396554938e-24, nan 
-21.125, 82.375, 3.859083890732765e-24, nan 
-20.875, 82.375, 3.361315257597634e-24, nan 
-20.625, 82.375, 3.427411481445283e-24, nan 
-20.375, 82.375, 3.934741304831905e-24, nan 
-20.125, 82.375, 4.136495733403831e-24, nan 
-19.875, 82.375, 4.203890482093386e-24, nan 
-19.625, 82.375, 4.297425977710403e-24, nan 
-19.375, 82.375, 4.241892181787198e-24, nan 
-19.125, 82.375, 3.2803139600800562e-24, nan 
-18.875, 82.375, 2.6501306296410736e-24, nan 
-18.625, 82.375, 2.624879953914583e-24, nan 
-18.375, 82.375, 2.8999438652442944e-24, nan 
-18.125, 82.375, 2.7189558710431055e-24, nan 
-17.875, 82.375, 2.287742390260953e-24, nan 
-17.625, 82.375, 3.445505592518596e-24, nan 
-17.375, 82.375, 2.8188107669614056e-24, nan 
-17.125, 82.375, 2.314914052787613e-24, nan 
-16.875, 82.375, 3.150136184404529e-24, nan 
-16.625, 82.375, 1.707013157762142e-24, nan 
-16.375, 82.375, 2.073722436987552e-24, nan 
-16.125, 82.375, 5.393940553583377e-24, nan 
-15.875, 82.375, 7.979865603956995e-24, nan 
-15.625, 82.375, 7.438340433544084e-24, nan 
-15.375, 82.375, 7.639254367007525e-24, nan 
-15.125, 82.375, 8.835326729035597e-24, nan 
-14.875, 82.375, 5.4589160692994446e-24, nan 
-14.625, 82.375, 4.956188455695798e-24, nan 
-14.375, 82.375, 5.782223113423564e-24, nan 
-14.125, 82.375, 7.35288855611642e-24, nan 
-13.875, 82.375, 7.483654894044694e-24, nan 
-13.625, 82.375, 7.521433784966049e-24, nan 
-13.375, 82.375, 8.029659850158696e-24, nan 
-13.125, 82.375, 5.286561754453942e-24, nan 
-12.875, 82.375, 4.246007062030834e-24, nan 
-12.625, 82.375, 4.232042910491699e-24, nan 
-12.375, 82.375, 4.204053705465448e-24, nan 
-12.125, 82.375, 3.624998941483302e-24, nan 
-11.875, 82.375, 3.486952054046133e-24, nan 
-11.625, 82.375, 3.581100635299483e-24, nan 
-11.375, 82.375, 3.465686885103731e-24, nan 
-11.125, 82.375, 3.2065230750048426e-24, nan 
-10.875, 82.375, 3.2150342908565853e-24, nan 
-10.625, 82.375, 3.147689778648475e-24, nan 
-10.375, 82.375, 2.5637972430856772e-24, nan 
-10.125, 82.375, 2.0792044284500002e-24, nan 
-9.875, 82.375, 2.1789176702272905e-24, nan 
-9.625, 82.375, 2.396373038533423e-24, nan 
-9.375, 82.375, 1.9337387829605735e-24, nan 
-9.125, 82.375, 1.9684533892869347e-24, nan 
-8.875, 82.375, 2.0894421638122124e-24, nan 
-8.625, 82.375, 2.672880016230123e-24, nan 
-8.375, 82.375, 3.723994570773526e-24, nan 
-8.125, 82.375, 4.290011723732028e-24, nan 
-7.875, 82.375, 4.8920700934567066e-24, nan 
-7.625, 82.375, 4.6133015192194214e-24, nan 
-7.375, 82.375, 4.604198128346348e-24, nan 
-7.125, 82.375, 4.4000522610533766e-24, nan 
-6.875, 82.375, 4.476401039014088e-24, nan 
-6.625, 82.375, 4.796031310074762e-24, nan 
-6.375, 82.375, 5.0764825608218204e-24, nan 
-6.125, 82.375, 5.500165092178166e-24, nan 
-5.875, 82.375, 5.05651424038665e-24, nan 
-5.625, 82.375, 4.254045970392095e-24, nan 
-5.375, 82.375, 3.7416772687179285e-24, nan 
-5.125, 82.375, 3.5161751355128165e-24, nan 
-4.875, 82.375, 3.027194774448094e-24, nan 
-4.625, 82.375, 2.6706921919781474e-24, nan 
-4.375, 82.375, 2.5219950263623054e-24, nan 
-4.125, 82.375, 2.1827265284871864e-24, nan 
-3.875, 82.375, 1.8851058045405648e-24, nan 
-3.625, 82.375, 2.0053972257603394e-24, nan 
-3.375, 82.375, 2.0934824464533467e-24, nan 
-3.125, 82.375, 2.1946903614990682e-24, nan 
-2.875, 82.375, 2.257435325939265e-24, nan 
-2.625, 82.375, 2.3632887196993585e-24, nan 
-2.375, 82.375, 2.774524568870148e-24, nan 
-2.125, 82.375, 3.035008561007654e-24, nan 
-1.875, 82.375, 3.153181211103391e-24, nan 
-1.625, 82.375, 3.3034254210958667e-24, nan 
-1.375, 82.375, 3.421059590579815e-24, nan 
-1.125, 82.375, 3.2935495454891484e-24, nan 
-0.875, 82.375, 3.402466805973888e-24, nan 
-0.625, 82.375, 3.599730712481075e-24, nan 
-0.375, 82.375, 3.540233035976309e-24, nan 
-0.125, 82.375, 3.502341412994563e-24, nan 
0.125, 82.375, 3.391003330509024e-24, nan 
0.375, 82.375, 3.16815905518889e-24, nan 
0.625, 82.375, 3.2648075323916118e-24, nan 
0.875, 82.375, 2.967377218771858e-24, nan 
1.125, 82.375, 2.4379419398763055e-24, nan 
1.375, 82.375, 2.3878268172889906e-24, nan 
1.625, 82.375, 2.1826435640406164e-24, nan 
1.875, 82.375, 1.7763728552678837e-24, nan 
2.125, 82.375, 1.6415324832878644e-24, nan 
2.375, 82.375, 1.8039404533583345e-24, nan 
2.625, 82.375, 2.467895858507323e-24, nan 
2.875, 82.375, 2.85226731556836e-24, nan 
3.125, 82.375, 2.346055077343549e-24, nan 
3.375, 82.375, 2.899256435513747e-24, nan 
3.625, 82.375, 2.9527849986494495e-24, nan 
3.875, 82.375, 3.1702650228603923e-24, nan 
4.125, 82.375, 3.5107596941526816e-24, nan 
4.375, 82.375, 3.7820229504404486e-24, nan 
4.625, 82.375, 3.6280368390940594e-24, nan 
4.875, 82.375, 4.0543717052652316e-24, nan 
5.125, 82.375, 4.6117669066504396e-24, nan 
5.375, 82.375, 4.3398353127184924e-24, nan 
5.625, 82.375, 4.1915524717787025e-24, nan 
5.875, 82.375, 4.319535769586747e-24, nan 
6.125, 82.375, 4.53715234444652e-24, nan 
6.375, 82.375, 4.0226098960539696e-24, nan 
6.625, 82.375, 3.962543995163048e-24, nan 
6.875, 82.375, 3.880268435885651e-24, nan 
7.125, 82.375, 4.181396792970974e-24, nan 
7.375, 82.375, 3.678506542039502e-24, nan 
7.625, 82.375, 3.384874229056252e-24, nan 
7.875, 82.375, 3.329078827763777e-24, nan 
8.125, 82.375, 3.2820583990135465e-24, nan 
8.375, 82.375, 3.405204299838868e-24, nan 
8.625, 82.375, 3.3004690701061177e-24, nan 
8.875, 82.375, 3.8848928228721086e-24, nan 
9.125, 82.375, 4.195053554521793e-24, nan 
9.375, 82.375, 3.8533402836931586e-24, nan 
9.625, 82.375, 3.009239453478137e-24, nan 
9.875, 82.375, 3.6800223879981224e-24, nan 
10.125, 82.375, 4.289661081412086e-24, nan 
10.375, 82.375, 4.7841810904571554e-24, nan 
10.625, 82.375, 4.934803476494894e-24, nan 
10.875, 82.375, 4.332290905650859e-24, nan 
11.125, 82.375, 3.9171687112045895e-24, nan 
11.375, 82.375, 4.69267756821344e-24, nan 
11.625, 82.375, 5.2210447711338465e-24, nan 
11.875, 82.375, 5.0692535546269636e-24, nan 
12.125, 82.375, 4.796553236719349e-24, nan 
12.375, 82.375, 4.439430510697426e-24, nan 
12.625, 82.375, 4.0984817142033355e-24, nan 
12.875, 82.375, 3.776564444670821e-24, nan 
13.125, 82.375, 3.1250996619367e-24, nan 
13.375, 82.375, 2.991094964191071e-24, nan 
13.625, 82.375, 2.9987766565566826e-24, nan 
13.875, 82.375, 2.927127921620311e-24, nan 
14.125, 82.375, 3.2234218093369004e-24, nan 
14.375, 82.375, 2.8572742639753e-24, nan 
14.625, 82.375, 2.9402865928034778e-24, nan 
14.875, 82.375, 2.8032524125487152e-24, nan 
15.125, 82.375, 2.9584635809336476e-24, nan 
15.375, 82.375, 3.2485527245753662e-24, nan 
15.625, 82.375, 3.2210381566291792e-24, nan 
15.875, 82.375, 3.7476150872956986e-24, nan 
16.125, 82.375, 3.577591469984365e-24, nan 
16.375, 82.375, 3.390043966436707e-24, nan 
16.625, 82.375, 3.41320758072418e-24, nan 
16.875, 82.375, 3.874684529743213e-24, nan 
17.125, 82.375, 4.079132645559396e-24, nan 
17.375, 82.375, 3.768706723654127e-24, nan 
17.625, 82.375, 3.8535859456507165e-24, nan 
17.875, 82.375, 3.759593014643324e-24, nan 
18.125, 82.375, 3.772572505906396e-24, nan 
18.375, 82.375, 3.84065117381505e-24, nan 
18.625, 82.375, 3.588068591266158e-24, nan 
18.875, 82.375, 3.515637662257953e-24, nan 
19.125, 82.375, 3.6542671760227506e-24, nan 
19.375, 82.375, 3.671240033570565e-24, nan 
19.625, 82.375, 3.3801556820325355e-24, nan 
19.875, 82.375, 3.34544435837362e-24, nan 
20.125, 82.375, 3.5691674159186306e-24, nan 
20.375, 82.375, 3.453997778910627e-24, nan 
20.625, 82.375, 3.2650433605476165e-24, nan 
20.875, 82.375, 3.1773176990900674e-24, nan 
21.125, 82.375, 3.4351061135862295e-24, nan 
21.375, 82.375, 3.346919582051007e-24, nan 
21.625, 82.375, 2.986930432246136e-24, nan 
21.875, 82.375, 2.6586104025787147e-24, nan 
22.125, 82.375, 2.7772825968042038e-24, nan 
22.375, 82.375, 3.035892158017721e-24, nan 
22.625, 82.375, 2.8341822686134624e-24, nan 
22.875, 82.375, 2.5808723598049763e-24, nan 
23.125, 82.375, 2.845079201661915e-24, nan 
23.375, 82.375, 2.610944756736105e-24, nan 
23.625, 82.375, 2.5126105348053962e-24, nan 
23.875, 82.375, 2.1512338280992506e-24, nan 
24.125, 82.375, 2.0736299890512355e-24, nan 
24.375, 82.375, 2.0923816869618777e-24, nan 
24.625, 82.375, 1.9027256711761035e-24, nan 
24.875, 82.375, 1.1559492741780806e-24, nan 
25.125, 82.375, 1.629523631137942e-24, nan 
25.375, 82.375, 2.16202051708669e-24, nan 
25.625, 82.375, 2.4244274862462013e-24, nan 
25.875, 82.375, 4.0767617963874185e-24, nan 
26.125, 82.375, 5.68991867406419e-24, nan 
26.375, 82.375, 6.156556325495112e-24, nan 
26.625, 82.375, 6.689208623667434e-24, nan 
26.875, 82.375, 9.524010986101206e-24, nan 
27.125, 82.375, 1.288332239421685e-23, nan 
27.375, 82.375, 1.4166385838032216e-23, nan 
27.625, 82.375, 1.3994429797513343e-23, nan 
27.875, 82.375, 1.1138032887964409e-23, nan 
28.125, 82.375, 1.3796340606630854e-23, nan 
28.375, 82.375, 1.7595974314470605e-23, nan 
28.625, 82.375, 1.4566580683734368e-23, nan 
28.875, 82.375, 5.652317255450075e-24, nan 
29.125, 82.375, 4.818757155692475e-24, nan 
29.375, 82.375, 1.3118577969614009e-23, nan 
29.625, 82.375, 7.388170937708893e-24, nan 
29.875, 82.375, 9.891092566434907e-24, nan 
30.125, 82.375, 1.530028195193906e-23, nan 
30.375, 82.375, 1.5889206577105037e-23, nan 
30.625, 82.375, 2.0776933518574935e-23, nan 
30.875, 82.375, 2.2182172764682173e-23, nan 
31.125, 82.375, 2.921787918205072e-23, nan 
31.375, 82.375, 3.5644042499017426e-23, nan 
31.625, 82.375, 4.994481236381316e-23, nan 
31.875, 82.375, 5.033910783850601e-23, nan 
32.125, 82.375, 5.796749158808906e-23, nan 
32.375, 82.375, 6.072091002615183e-23, nan 
32.625, 82.375, 6.226465142684382e-23, nan 
32.875, 82.375, 4.520122301333693e-23, nan 
33.125, 82.375, 2.7830314615934135e-23, nan 
33.375, 82.375, 5.877535895466282e-23, nan 
33.625, 82.375, 6.732945500600684e-23, nan 
33.875, 82.375, 8.236824795012666e-23, nan 
34.125, 82.375, 8.658289632379525e-23, nan 
34.375, 82.375, 9.657482792620313e-23, nan 
34.625, 82.375, 6.489006151989195e-23, nan 
34.875, 82.375, 4.483130070101846e-23, nan 
35.125, 82.375, 6.011892212440307e-23, nan 
35.375, 82.375, 8.936971571621501e-23, nan 
35.625, 82.375, 6.428466549644483e-23, nan 
35.875, 82.375, 5.332153268559426e-23, nan 
36.125, 82.375, 5.789146801176691e-23, nan 
36.375, 82.375, 6.76228587845454e-23, nan 
36.625, 82.375, 6.486152255729472e-23, nan 
36.875, 82.375, 5.815810021935235e-23, nan 
37.125, 82.375, 9.325542351263186e-23, nan 
37.375, 82.375, 8.682890919396791e-23, nan 
37.625, 82.375, 6.875097976550902e-23, nan 
37.875, 82.375, 9.8943147565705e-23, nan 
38.125, 82.375, 1.2129998816566646e-22, nan 
38.375, 82.375, 9.206091323439204e-23, nan 
38.625, 82.375, 1.0221193823912013e-22, nan 
38.875, 82.375, 1.0035286772058602e-22, nan 
39.125, 82.375, 9.577764417584068e-23, nan 
39.375, 82.375, 8.22967734051827e-23, nan 
39.625, 82.375, 6.998477606016081e-23, nan 
39.875, 82.375, 9.218807743512725e-23, nan 
40.125, 82.375, 7.293149945216053e-23, nan 
40.375, 82.375, 7.773418933376083e-23, nan 
40.625, 82.375, 7.243826539882115e-23, nan 
40.875, 82.375, 6.323364663718986e-23, nan 
41.125, 82.375, 5.80300830494069e-23, nan 
41.375, 82.375, 4.6255793763752043e-23, nan 
41.625, 82.375, 5.1963277633600264e-23, nan 
41.875, 82.375, 5.880501155147772e-23, nan 
42.125, 82.375, 3.8861506316059446e-23, nan 
42.375, 82.375, 4.843338197597354e-23, nan 
42.625, 82.375, 6.208237084391161e-23, nan 
42.875, 82.375, 5.954426136198147e-23, nan 
43.125, 82.375, 4.612033014579604e-23, nan 
43.375, 82.375, 5.224141279008523e-23, nan 
43.625, 82.375, 5.432546561872647e-23, nan 
43.875, 82.375, 4.2191219411652654e-23, nan 
44.125, 82.375, 5.1514773781385484e-23, nan 
44.375, 82.375, 8.11951326729478e-23, nan 
44.625, 82.375, 7.179257301861479e-23, nan 
44.875, 82.375, 4.597594707344303e-23, nan 
45.125, 82.375, 4.4386921415827445e-23, nan 
45.375, 82.375, 2.6990272183668225e-23, nan 
45.625, 82.375, 3.5152785584239583e-23, nan 
45.875, 82.375, 4.6655436194741223e-23, nan 
46.125, 82.375, 9.882688945503984e-23, nan 
46.375, 82.375, 7.852898024895955e-23, nan 
46.625, 82.375, 8.475184333416967e-23, nan 
46.875, 82.375, 8.16146709840601e-23, nan 
47.125, 82.375, 5.421119346714295e-23, nan 
47.375, 82.375, 5.079861681051631e-23, nan 
47.625, 82.375, 6.006464270034956e-23, nan 
47.875, 82.375, 8.667378321805382e-23, nan 
48.125, 82.375, 7.182036626483012e-23, nan 
48.375, 82.375, 1.0057104937418071e-22, nan 
48.625, 82.375, 9.797980262004288e-23, nan 
48.875, 82.375, 7.114789344537666e-23, nan 
49.125, 82.375, 8.320166985844319e-23, nan 
49.375, 82.375, 8.233538963287399e-23, nan 
49.625, 82.375, 8.014132968875141e-23, nan 
49.875, 82.375, 5.970107683579251e-23, nan 
50.125, 82.375, 6.093961909365464e-23, nan 
50.375, 82.375, 5.135052501249856e-23, nan 
50.625, 82.375, 4.479866105012677e-23, nan 
50.875, 82.375, 3.278496209111815e-23, nan 
51.125, 82.375, 4.6819179211397916e-23, nan 
51.375, 82.375, 4.2697708641023837e-23, nan 
51.625, 82.375, 4.2927373524622286e-23, nan 
51.875, 82.375, 3.5743708114917e-23, nan 
52.125, 82.375, 2.504423226607701e-23, nan 
52.375, 82.375, 1.3010762728009519e-23, nan 
52.625, 82.375, 1.1143618564578408e-23, nan 
52.875, 82.375, 2.695858627193134e-23, nan 
53.125, 82.375, 2.484849325464682e-23, nan 
53.375, 82.375, 3.061681257354292e-23, nan 
53.625, 82.375, 3.9997069184842204e-23, nan 
53.875, 82.375, 4.364838701767511e-23, nan 
54.125, 82.375, 4.886835518245815e-23, nan 
54.375, 82.375, 4.53474979003199e-23, nan 
54.625, 82.375, 5.014662764450808e-23, nan 
54.875, 82.375, 9.82174323373387e-23, nan 
55.125, 82.375, 8.657250192354203e-23, nan 
55.375, 82.375, 1.1178844183831578e-22, nan 
55.625, 82.375, 1.2833578176162248e-22, nan 
55.875, 82.375, 1.676705785879403e-22, nan 
56.125, 82.375, 1.6690364220844965e-22, nan 
56.375, 82.375, 1.93458575320494e-22, nan 
56.625, 82.375, 1.7302976075029385e-22, nan 
56.875, 82.375, 1.2446290206256372e-22, nan 
57.125, 82.375, 1.1215598710414025e-22, nan 
57.375, 82.375, 1.66438601134937e-22, nan 
57.625, 82.375, 1.8824514538471245e-22, nan 
57.875, 82.375, 2.347450604721152e-22, nan 
58.125, 82.375, 3.1880196123307807e-22, nan 
58.375, 82.375, 3.3192673020225525e-22, nan 
58.625, 82.375, 2.7447224619073053e-22, nan 
58.875, 82.375, 2.6376621915846937e-22, nan 
59.125, 82.375, 3.462281670055568e-22, nan 
59.375, 82.375, 3.4388429318763446e-22, nan 
59.625, 82.375, 2.870212069461059e-22, nan 
59.875, 82.375, 2.8963535003396007e-22, nan 
60.125, 82.375, 3.2791788223649763e-22, nan 
60.375, 82.375, 3.1828158448137888e-22, nan 
60.625, 82.375, 3.165758344787612e-22, nan 
60.875, 82.375, 2.7421529020947165e-22, nan 
61.125, 82.375, 3.015552205494561e-22, nan 
61.375, 82.375, 4.1669423724081686e-22, nan 
61.625, 82.375, 4.582376194381158e-22, nan 
61.875, 82.375, 4.644538865217134e-22, nan 
62.125, 82.375, 3.941694694386321e-22, nan 
62.375, 82.375, 4.126203161331417e-22, nan 
62.625, 82.375, 3.9430850937240237e-22, nan 
62.875, 82.375, 3.804162346274362e-22, nan 
63.125, 82.375, 4.695521733441765e-22, nan 
63.375, 82.375, 4.804856971706834e-22, nan 
63.625, 82.375, 4.478502685228704e-22, nan 
63.875, 82.375, 3.007271572035435e-22, nan 
64.125, 82.375, 2.6896112595128654e-22, nan 
64.375, 82.375, 2.195938243503919e-22, nan 
64.625, 82.375, 6.475796840644169e-23, nan 
64.875, 82.375, 1.8795930244364002e-23, nan 
65.125, 82.375, 2.5157813633527756e-23, nan 
65.375, 82.375, 2.425082403720078e-23, nan 
65.625, 82.375, 5.50211574042308e-23, nan 
65.875, 82.375, 1.212798982733088e-22, nan 
66.125, 82.375, 1.7617829962552433e-22, nan 
66.375, 82.375, 1.6475395950649525e-22, nan 
66.625, 82.375, 1.8205880296624223e-22, nan 
66.875, 82.375, 2.387263817973971e-22, nan 
67.125, 82.375, 2.8662753929049893e-22, nan 
67.375, 82.375, 3.0060051613531545e-22, nan 
67.625, 82.375, 3.3589036509513846e-22, nan 
67.875, 82.375, 2.9444601495948445e-22, nan 
68.125, 82.375, 2.122372858138416e-22, nan 
68.375, 82.375, 2.3034374310174054e-22, nan 
68.625, 82.375, 2.488774141635629e-22, nan 
68.875, 82.375, 2.9343983162695495e-22, nan 
69.125, 82.375, 3.2812080330820064e-22, nan 
69.375, 82.375, 4.345295036021672e-22, nan 
69.625, 82.375, 4.664912626553558e-22, nan 
69.875, 82.375, 3.556866779668255e-22, nan 
70.125, 82.375, 4.665369599886905e-22, nan 
70.375, 82.375, 5.099308826387048e-22, nan 
70.625, 82.375, 5.34737976276445e-22, nan 
70.875, 82.375, 5.771086194038847e-22, nan 
71.125, 82.375, 5.171882174095582e-22, nan 
71.375, 82.375, 6.490750502904672e-22, nan 
71.625, 82.375, 7.161384719023994e-22, nan 
71.875, 82.375, 5.132883324635081e-22, nan 
72.125, 82.375, 4.321827961163402e-22, nan 
72.375, 82.375, 3.4909589113437117e-22, nan 
72.625, 82.375, 3.3682646130416706e-22, nan 
72.875, 82.375, 5.164082065098419e-22, nan 
73.125, 82.375, 5.586152059069037e-22, nan 
73.375, 82.375, 6.952572921911316e-22, nan 
73.625, 82.375, 5.514069769812885e-22, nan 
73.875, 82.375, 7.087593646439144e-22, nan 
74.125, 82.375, 7.661636940529128e-22, nan 
74.375, 82.375, 7.960930726880906e-22, nan 
74.625, 82.375, 6.476189817565264e-22, nan 
74.875, 82.375, 3.5401128196948973e-22, nan 
75.125, 82.375, 3.783214934097496e-22, nan 
75.375, 82.375, 2.903030216873814e-22, nan 
75.625, 82.375, 2.5934110585532487e-22, nan 
75.875, 82.375, 3.2407818223993847e-22, nan 
76.125, 82.375, 2.1436276068662074e-22, nan 
76.375, 82.375, 2.9740243405955687e-22, nan 
76.625, 82.375, 2.20682147357239e-22, nan 
76.875, 82.375, 2.4812188111049184e-22, nan 
77.125, 82.375, 2.2515263527864594e-22, nan 
77.375, 82.375, 2.2144343097210764e-22, nan 
77.625, 82.375, 6.495584719066456e-22, nan 
77.875, 82.375, 6.2879061202397535e-22, nan 
78.125, 82.375, 5.212625365757472e-22, nan 
78.375, 82.375, 6.432626185674474e-22, nan 
78.625, 82.375, 6.992601592900795e-22, nan 
78.875, 82.375, 6.96031877828984e-22, nan 
79.125, 82.375, 6.4163843314759035e-22, nan 
79.375, 82.375, 4.76251149352936e-22, nan 
79.625, 82.375, 4.1242888668951124e-22, nan 
79.875, 82.375, 3.8019193578554934e-22, nan 
80.125, 82.375, 4.608842523157493e-22, nan 
80.375, 82.375, 5.018669492358928e-22, nan 
80.625, 82.375, 5.757190367923256e-22, nan 
80.875, 82.375, 6.089610363583543e-22, nan 
81.125, 82.375, 6.113754475061335e-22, nan 
81.375, 82.375, 3.4058151600494205e-22, nan 
81.625, 82.375, 5.772157332426567e-22, nan 
81.875, 82.375, 4.771945331320992e-22, nan 
82.125, 82.375, 5.421657831534905e-22, nan 
82.375, 82.375, 5.956115561793062e-22, nan 
82.625, 82.375, 6.5288322444868955e-22, nan 
82.875, 82.375, 6.500764320057858e-22, nan 
83.125, 82.375, 5.09152588320157e-22, nan 
83.375, 82.375, 6.730999634081852e-22, nan 
83.625, 82.375, 5.3524361268511025e-22, nan 
83.875, 82.375, 5.766466712550951e-22, nan 
84.125, 82.375, 6.1987557819919435e-22, nan 
84.375, 82.375, 5.220069116232497e-22, nan 
84.625, 82.375, 4.827265344675143e-22, nan 
84.875, 82.375, 5.6685638976979325e-22, nan 
85.125, 82.375, 5.587183936291698e-22, nan 
85.375, 82.375, 6.15519297154264e-22, nan 
85.625, 82.375, 7.551982720951745e-22, nan 
85.875, 82.375, 7.332987178832751e-22, nan 
86.125, 82.375, 7.096405505246176e-22, nan 
86.375, 82.375, 8.1116477453116265e-22, nan 
86.625, 82.375, 7.878437140184713e-22, nan 
86.875, 82.375, 7.055728706539166e-22, nan 
87.125, 82.375, 1.1169546168190193e-21, nan 
87.375, 82.375, 6.481047056105885e-22, nan 
87.625, 82.375, 4.555598924685897e-22, nan 
87.875, 82.375, 3.3172605462657914e-22, nan 
88.125, 82.375, 2.903038088914405e-22, nan 
88.375, 82.375, 3.769119477640133e-22, nan 
88.625, 82.375, 4.040579448344124e-22, nan 
88.875, 82.375, 4.033567356233883e-22, nan 
89.125, 82.375, 3.2839127964325284e-22, nan 
89.375, 82.375, 3.2115900299302727e-22, nan 
89.625, 82.375, 2.772204387253313e-22, nan 
89.875, 82.375, 2.7992329601026653e-22, nan 
90.125, 82.375, 3.77772474604504e-22, nan 
90.375, 82.375, 1.0959226144212236e-21, nan 
90.625, 82.375, 1.1342977041764648e-21, nan 
90.875, 82.375, 1.2037280932849838e-21, nan 
91.125, 82.375, 1.2414722944917122e-21, nan 
91.375, 82.375, 1.3013468623317849e-21, nan 
91.625, 82.375, 1.5039811834166992e-21, nan 
91.875, 82.375, 1.388853707078604e-21, nan 
92.125, 82.375, 1.1508852398315478e-21, nan 
92.375, 82.375, 1.2350785954196373e-21, nan 
92.625, 82.375, 1.4701773478539086e-21, nan 
92.875, 82.375, 1.3077057299093191e-21, nan 
93.125, 82.375, 1.4793686906020762e-21, nan 
93.375, 82.375, 1.3879051895109813e-21, nan 
93.625, 82.375, 1.2792369417231153e-21, nan 
93.875, 82.375, 1.2193574685853673e-21, nan 
94.125, 82.375, 1.2204450544132676e-21, nan 
94.375, 82.375, 1.1750660491431684e-21, nan 
94.625, 82.375, 1.1483288870135775e-21, nan 
94.875, 82.375, 1.0023900491652272e-21, nan 
95.125, 82.375, 1.067668785456754e-21, nan 
95.375, 82.375, 9.841720539204529e-22, nan 
95.625, 82.375, 1.1394298778354686e-21, nan 
95.875, 82.375, 1.2169209381535738e-21, nan 
96.125, 82.375, 1.1501978415048928e-21, nan 
96.375, 82.375, 1.3534939947644582e-21, nan 
96.625, 82.375, 1.3130591217205985e-21, nan 
96.875, 82.375, 1.1413763992850032e-21, nan 
97.125, 82.375, 1.1955497502361574e-21, nan 
97.375, 82.375, 1.1735261934480333e-21, nan 
97.625, 82.375, 1.1758085975570836e-21, nan 
97.875, 82.375, 1.3616882383837457e-21, nan 
98.125, 82.375, 1.350110951496876e-21, nan 
98.375, 82.375, 1.0814769249526242e-21, nan 
98.625, 82.375, 1.1196654992319461e-21, nan 
98.875, 82.375, 1.2032786161129732e-21, nan 
99.125, 82.375, 9.890804182699822e-22, nan 
99.375, 82.375, 8.826076155498298e-22, nan 
99.625, 82.375, 9.298949709726693e-22, nan 
99.875, 82.375, 9.657015947690575e-22, nan 
100.125, 82.375, 8.708374377108196e-22, nan 
100.375, 82.375, 9.03365071012091e-22, nan 
100.625, 82.375, 1.1199303210704936e-21, nan 
100.875, 82.375, 9.176709141004452e-22, nan 
101.125, 82.375, 9.846421892762678e-22, nan 
101.375, 82.375, 1.0271755142281828e-21, nan 
101.625, 82.375, 1.0634575782499446e-21, nan 
101.875, 82.375, 1.055731388427931e-21, nan 
102.125, 82.375, 1.0931569332431362e-21, nan 
102.375, 82.375, 1.5162077732486906e-21, nan 
102.625, 82.375, 1.288797382572914e-21, nan 
102.875, 82.375, 1.5211598549365606e-21, nan 
103.125, 82.375, 1.2390575900207103e-21, nan 
103.375, 82.375, 1.2744758338234856e-21, nan 
103.625, 82.375, 1.2135630941826451e-21, nan 
103.875, 82.375, 1.318561007468028e-21, nan 
104.125, 82.375, 1.2357594612168444e-21, nan 
104.375, 82.375, 1.2579864239324058e-21, nan 
104.625, 82.375, 1.0264861843127527e-21, nan 
104.875, 82.375, 1.0846694278282762e-21, nan 
105.125, 82.375, 1.0002949904706578e-21, nan 
105.375, 82.375, 1.0338514713289413e-21, nan 
105.625, 82.375, 9.404420503474036e-22, nan 
105.875, 82.375, 9.51294530951222e-22, nan 
106.125, 82.375, 1.0440224974839604e-21, nan 
106.375, 82.375, 1.2295214988663315e-21, nan 
106.625, 82.375, 1.3479443397944992e-21, nan 
106.875, 82.375, 1.4261831547296327e-21, nan 
107.125, 82.375, 1.6333757654286601e-21, nan 
107.375, 82.375, 1.8870323658661766e-21, nan 
107.625, 82.375, 2.0138752066311892e-21, nan 
107.875, 82.375, 2.1869129665511903e-21, nan 
108.125, 82.375, 2.3040549775096884e-21, nan 
108.375, 82.375, 2.2951809880226357e-21, nan 
108.625, 82.375, 2.2438585294983174e-21, nan 
108.875, 82.375, 2.1369995547418238e-21, nan 
109.125, 82.375, 1.9594452628962767e-21, nan 
109.375, 82.375, 1.776329265903603e-21, nan 
109.625, 82.375, 1.6772837789888525e-21, nan 
109.875, 82.375, 1.6957609224495823e-21, nan 
110.125, 82.375, 1.6410437275540681e-21, nan 
110.375, 82.375, 1.6099682379980143e-21, nan 
110.625, 82.375, 1.4745009003364313e-21, nan 
110.875, 82.375, 1.3793435338865977e-21, nan 
111.125, 82.375, 1.2950104791420873e-21, nan 
111.375, 82.375, 1.1072740666736973e-21, nan 
111.625, 82.375, 1.1056901924199068e-21, nan 
111.875, 82.375, 8.597796816804192e-22, nan 
112.125, 82.375, 7.398729139316194e-22, nan 
112.375, 82.375, 3.7118713498711183e-22, nan 
112.625, 82.375, 7.483603428927878e-22, nan 
112.875, 82.375, 7.245508757928021e-22, nan 
113.125, 82.375, 5.739972558969597e-22, nan 
113.375, 82.375, 2.9935829585467436e-22, nan 
113.625, 82.375, 4.85619243714483e-22, nan 
113.875, 82.375, 4.263210094899145e-22, nan 
114.125, 82.375, 1.9576416605987606e-22, nan 
114.375, 82.375, 1.4041676514758443e-22, nan 
114.625, 82.375, 1.7896852425254752e-22, nan 
114.875, 82.375, 2.1277892657980357e-22, nan 
115.125, 82.375, 2.3998914603751454e-22, nan 
115.375, 82.375, 2.2823535819466684e-22, nan 
115.625, 82.375, 2.372871297831351e-22, nan 
115.875, 82.375, 2.0603663744305932e-22, nan 
116.125, 82.375, 2.3139825754319175e-22, nan 
116.375, 82.375, 2.579782974827861e-22, nan 
116.625, 82.375, 2.504651694402206e-22, nan 
116.875, 82.375, 2.582358370276244e-22, nan 
117.125, 82.375, 2.84750738600304e-22, nan 
117.375, 82.375, 2.442927715234826e-22, nan 
117.625, 82.375, 2.5786092802692033e-22, nan 
117.875, 82.375, 3.0294913625403747e-22, nan 
118.125, 82.375, 3.8028205950479653e-22, nan 
118.375, 82.375, 2.9518950785297973e-22, nan 
118.625, 82.375, 2.169904885698014e-22, nan 
118.875, 82.375, 2.033160288405799e-22, nan 
119.125, 82.375, 2.3179218120129484e-22, nan 
119.375, 82.375, 2.2858213972781603e-22, nan 
119.625, 82.375, 2.1916275302807015e-22, nan 
119.875, 82.375, 1.3975080590570753e-22, nan 
120.125, 82.375, 1.1836678643982653e-22, nan 
120.375, 82.375, 1.1906616562908524e-22, nan 
120.625, 82.375, 9.771831869588677e-23, nan 
120.875, 82.375, 8.280241480607151e-23, nan 
121.125, 82.375, 7.096952856670537e-23, nan 
121.375, 82.375, 6.954899956794153e-23, nan 
121.625, 82.375, 1.2200047301356874e-22, nan 
121.875, 82.375, 1.6502218040346572e-22, nan 
122.125, 82.375, 1.3699830663690542e-22, nan 
122.375, 82.375, 1.8856168814828166e-22, nan 
122.625, 82.375, 2.0525640275949008e-22, nan 
122.875, 82.375, 2.1856940133692186e-22, nan 
123.125, 82.375, 2.2083397175417593e-22, nan 
123.375, 82.375, 2.700561281204001e-22, nan 
123.625, 82.375, 2.761404313895793e-22, nan 
123.875, 82.375, 2.452303267255419e-22, nan 
124.125, 82.375, 2.1757065408030953e-22, nan 
124.375, 82.375, 2.4361114268841624e-22, nan 
124.625, 82.375, 2.6125149464746297e-22, nan 
124.875, 82.375, 2.8481754093066795e-22, nan 
125.125, 82.375, 3.2522689316335664e-22, nan 
125.375, 82.375, 3.317949596430536e-22, nan 
125.625, 82.375, 3.20247444389556e-22, nan 
125.875, 82.375, 2.92027009266641e-22, nan 
126.125, 82.375, 3.136513263808305e-22, nan 
126.375, 82.375, 3.074195776482215e-22, nan 
126.625, 82.375, 3.0680838450496474e-22, nan 
126.875, 82.375, 2.9452054416142335e-22, nan 
127.125, 82.375, 2.830859030627467e-22, nan 
127.375, 82.375, 2.5953994046078616e-22, nan 
127.625, 82.375, 2.443282225609666e-22, nan 
127.875, 82.375, 2.253719691989796e-22, nan 
128.125, 82.375, 1.8086338141888075e-22, nan 
128.375, 82.375, 1.3382666957489156e-22, nan 
128.625, 82.375, 9.589041811124732e-23, nan 
128.875, 82.375, 7.36211634088323e-23, nan 
129.125, 82.375, 7.731096410467106e-23, nan 
129.375, 82.375, 5.343671366038516e-23, nan 
129.625, 82.375, 6.643923010669527e-23, nan 
129.875, 82.375, 7.122344257551438e-23, nan 
130.125, 82.375, 6.38896566324812e-23, nan 
130.375, 82.375, 6.247591185449053e-23, nan 
130.625, 82.375, 6.554401642153904e-23, nan 
130.875, 82.375, 5.456505077267344e-23, nan 
131.125, 82.375, 3.182432910830202e-23, nan 
131.375, 82.375, 4.6911787222459235e-23, nan 
131.625, 82.375, 3.552836739823757e-23, nan 
131.875, 82.375, 5.265414337704426e-23, nan 
132.125, 82.375, 9.654868962619581e-23, nan 
132.375, 82.375, 1.1208885811802125e-22, nan 
132.625, 82.375, 1.206438842394059e-22, nan 
132.875, 82.375, 1.5634337226747556e-22, nan 
133.125, 82.375, 1.4880928544768378e-22, nan 
133.375, 82.375, 1.749184832535053e-22, nan 
133.625, 82.375, 1.3172190833874737e-22, nan 
133.875, 82.375, 1.1960311629322818e-22, nan 
134.125, 82.375, 1.273943157023823e-22, nan 
134.375, 82.375, 1.338349022626473e-22, nan 
134.625, 82.375, 1.7898768294322885e-22, nan 
134.875, 82.375, 1.6185316200656596e-22, nan 
135.125, 82.375, 1.7732465361683658e-22, nan 
135.375, 82.375, 1.6215275351257762e-22, nan 
135.625, 82.375, 1.217133893820188e-22, nan 
135.875, 82.375, 1.1042263685805761e-22, nan 
136.125, 82.375, 1.2654467192461348e-22, nan 
136.375, 82.375, 9.752239409762409e-23, nan 
136.625, 82.375, 8.391314767981447e-23, nan 
136.875, 82.375, 7.093473025755398e-23, nan 
137.125, 82.375, 6.529029105966505e-23, nan 
137.375, 82.375, 7.452983003926597e-23, nan 
137.625, 82.375, 7.295326213188481e-23, nan 
137.875, 82.375, 9.484174203878738e-23, nan 
138.125, 82.375, 1.215776946483282e-22, nan 
138.375, 82.375, 1.2107240126117595e-22, nan 
138.625, 82.375, 1.0992957406863065e-22, nan 
138.875, 82.375, 1.0752371533717981e-22, nan 
139.125, 82.375, 8.706706431046581e-23, nan 
139.375, 82.375, 9.213173491847532e-23, nan 
139.625, 82.375, 1.058295547662274e-22, nan 
139.875, 82.375, 1.275373098474113e-22, nan 
140.125, 82.375, 1.2453905190465743e-22, nan 
140.375, 82.375, 1.1173954091887006e-22, nan 
140.625, 82.375, 1.1200890065099432e-22, nan 
140.875, 82.375, 1.0869662253719034e-22, nan 
141.125, 82.375, 1.0213627294849024e-22, nan 
141.375, 82.375, 8.925385048387274e-23, nan 
141.625, 82.375, 9.424797189343234e-23, nan 
141.875, 82.375, 8.76431724992668e-23, nan 
142.125, 82.375, 7.985589018785778e-23, nan 
142.375, 82.375, 8.221995727622223e-23, nan 
142.625, 82.375, 1.060535305173664e-22, nan 
142.875, 82.375, 9.624053129251608e-23, nan 
143.125, 82.375, 9.056443111802456e-23, nan 
143.375, 82.375, 8.941614973009855e-23, nan 
143.625, 82.375, 8.729247946571233e-23, nan 
143.875, 82.375, 8.448535777401729e-23, nan 
144.125, 82.375, 7.413640469637066e-23, nan 
144.375, 82.375, 6.650938142666701e-23, nan 
144.625, 82.375, 6.238760579021832e-23, nan 
144.875, 82.375, 6.341352459304368e-23, nan 
145.125, 82.375, 6.154652041230514e-23, nan 
145.375, 82.375, 5.287847533183559e-23, nan 
145.625, 82.375, 5.2581800092154895e-23, nan 
145.875, 82.375, 6.389441481031095e-23, nan 
146.125, 82.375, 6.084725663212867e-23, nan 
146.375, 82.375, 6.342575460174668e-23, nan 
146.625, 82.375, 6.277492340945568e-23, nan 
146.875, 82.375, 6.597913983080979e-23, nan 
147.125, 82.375, 6.984716134365927e-23, nan 
147.375, 82.375, 6.982223873747151e-23, nan 
147.625, 82.375, 7.043988358821795e-23, nan 
147.875, 82.375, 7.10073086121286e-23, nan 
148.125, 82.375, 6.920375763854234e-23, nan 
148.375, 82.375, 6.5522849658619e-23, nan 
148.625, 82.375, 6.674168737693417e-23, nan 
148.875, 82.375, 7.153085572307044e-23, nan 
149.125, 82.375, 7.03171801885956e-23, nan 
149.375, 82.375, 6.223621055107496e-23, nan 
149.625, 82.375, 6.114057774196582e-23, nan 
149.875, 82.375, 5.934086803208139e-23, nan 
150.125, 82.375, 5.77501703223556e-23, nan 
150.375, 82.375, 5.401137664925733e-23, nan 
150.625, 82.375, 5.566163974616677e-23, nan 
150.875, 82.375, 5.290061295812386e-23, nan 
151.125, 82.375, 4.965481320198752e-23, nan 
151.375, 82.375, 5.045544566589041e-23, nan 
151.625, 82.375, 5.1675468578106047e-23, nan 
151.875, 82.375, 4.4957036116583144e-23, nan 
152.125, 82.375, 4.3903242439245745e-23, nan 
152.375, 82.375, 4.177858621818611e-23, nan 
152.625, 82.375, 4.238035184310525e-23, nan 
152.875, 82.375, 4.4076522019394756e-23, nan 
153.125, 82.375, 4.0579717854029436e-23, nan 
153.375, 82.375, 3.949871533910598e-23, nan 
153.625, 82.375, 3.943340476793578e-23, nan 
153.875, 82.375, 4.157747830597614e-23, nan 
154.125, 82.375, 3.791800255389948e-23, nan 
154.375, 82.375, 3.5171313689412294e-23, nan 
154.625, 82.375, 3.88549674936866e-23, nan 
154.875, 82.375, 3.743595669426767e-23, nan 
155.125, 82.375, 3.6619594298442674e-23, nan 
155.375, 82.375, 3.4241265397015547e-23, nan 
155.625, 82.375, 3.587034177640685e-23, nan 
155.875, 82.375, 3.560114974053038e-23, nan 
156.125, 82.375, 3.4260215356386014e-23, nan 
156.375, 82.375, 3.1142772404500864e-23, nan 
156.625, 82.375, 3.1199141204468694e-23, nan 
156.875, 82.375, 3.089626466514584e-23, nan 
157.125, 82.375, 3.3558668695295733e-23, nan 
157.375, 82.375, 3.128273258311261e-23, nan 
157.625, 82.375, 3.020034580149302e-23, nan 
157.875, 82.375, 3.1695057637680873e-23, nan 
158.125, 82.375, 2.8747938490005943e-23, nan 
158.375, 82.375, 2.8764971404647455e-23, nan 
158.625, 82.375, 2.943612770949169e-23, nan 
158.875, 82.375, 2.9073476397959815e-23, nan 
159.125, 82.375, 2.6414276861598445e-23, nan 
159.375, 82.375, 2.527983962263263e-23, nan 
159.625, 82.375, 2.5208679019348687e-23, nan 
159.875, 82.375, 2.70344263622119e-23, nan 
160.125, 82.375, 2.7326007866864316e-23, nan 
160.375, 82.375, 2.669488151935975e-23, nan 
160.625, 82.375, 2.43079542511268e-23, nan 
160.875, 82.375, 2.3665153900139696e-23, nan 
161.125, 82.375, 2.4737118142928856e-23, nan 
161.375, 82.375, 2.3095115285560924e-23, nan 
161.625, 82.375, 2.4198733404167992e-23, nan 
161.875, 82.375, 2.1937772918679436e-23, nan 
162.125, 82.375, 2.2184389352903105e-23, nan 
162.375, 82.375, 2.0540531249774514e-23, nan 
162.625, 82.375, 2.0789679200465292e-23, nan 
162.875, 82.375, 2.1627588067343464e-23, nan 
163.125, 82.375, 2.0545403875577474e-23, nan 
163.375, 82.375, 2.006948750649841e-23, nan 
163.625, 82.375, 2.058698424508735e-23, nan 
163.875, 82.375, 1.937173670203924e-23, nan 
164.125, 82.375, 2.0444331080836596e-23, nan 
164.375, 82.375, 1.7873616235208287e-23, nan 
164.625, 82.375, 1.8639860398426575e-23, nan 
164.875, 82.375, 1.7599179754372804e-23, nan 
165.125, 82.375, 1.6899612457875957e-23, nan 
165.375, 82.375, 1.814065691734262e-23, nan 
165.625, 82.375, 1.609122559595126e-23, nan 
165.875, 82.375, 1.870869805508723e-23, nan 
166.125, 82.375, 1.777860330919252e-23, nan 
166.375, 82.375, 1.6063377456367118e-23, nan 
166.625, 82.375, 1.6768945128115083e-23, nan 
166.875, 82.375, 1.7747073848531155e-23, nan 
167.125, 82.375, 1.6111817959122114e-23, nan 
167.375, 82.375, 1.6210410744756745e-23, nan 
167.625, 82.375, 1.4453830432044867e-23, nan 
167.875, 82.375, 1.6268222799406896e-23, nan 
168.125, 82.375, 1.6854682460469793e-23, nan 
168.375, 82.375, 1.5924244552536665e-23, nan 
168.625, 82.375, 1.640761157348288e-23, nan 
168.875, 82.375, 1.5586615332384395e-23, nan 
169.125, 82.375, 1.6415303717905524e-23, nan 
169.375, 82.375, 1.6364163006390057e-23, nan 
169.625, 82.375, 1.3935273232552908e-23, nan 
169.875, 82.375, 1.3763347759700262e-23, nan 
170.125, 82.375, 1.345159043378464e-23, nan 
170.375, 82.375, 1.3846733368257145e-23, nan 
170.625, 82.375, 1.510639188938528e-23, nan 
170.875, 82.375, 1.448767179840828e-23, nan 
171.125, 82.375, 1.4356727063084203e-23, nan 
171.375, 82.375, 1.3874163176222536e-23, nan 
171.625, 82.375, 1.3379477281446664e-23, nan 
171.875, 82.375, 1.2333679541407462e-23, nan 
172.125, 82.375, 1.3490493532659464e-23, nan 
172.375, 82.375, 1.4676548477804113e-23, nan 
172.625, 82.375, 1.1987960638779448e-23, nan 
172.875, 82.375, 1.1089827059853107e-23, nan 
173.125, 82.375, 1.2415100987591177e-23, nan 
173.375, 82.375, 1.1242666661284233e-23, nan 
173.625, 82.375, 1.1277366410659373e-23, nan 
173.875, 82.375, 9.825713833569413e-24, nan 
174.125, 82.375, 8.924183013458757e-24, nan 
174.375, 82.375, 9.094762683626345e-24, nan 
174.625, 82.375, 8.266359068557744e-24, nan 
174.875, 82.375, 8.074465205162241e-24, nan 
175.125, 82.375, 7.664297075090441e-24, nan 
175.375, 82.375, 8.42080147566479e-24, nan 
175.625, 82.375, 7.021046751242614e-24, nan 
175.875, 82.375, 6.119094531328465e-24, nan 
176.125, 82.375, 4.8499430274497876e-24, nan 
176.375, 82.375, 5.711738165424618e-24, nan 
176.625, 82.375, 5.6087497285311984e-24, nan 
176.875, 82.375, 5.3726347499908995e-24, nan 
177.125, 82.375, 4.458334568915118e-24, nan 
177.375, 82.375, 4.707792422009571e-24, nan 
177.625, 82.375, 5.21606844726578e-24, nan 
177.875, 82.375, 4.9058387086436495e-24, nan 
178.125, 82.375, 4.337207983060554e-24, nan 
178.375, 82.375, 4.2693651746063346e-24, nan 
178.625, 82.375, 4.381173547649064e-24, nan 
178.875, 82.375, 4.6412921369103734e-24, nan 
179.125, 82.375, 3.791620945928228e-24, nan 
179.375, 82.375, 4.454684228172179e-24, nan 
179.625, 82.375, 4.824506118505947e-24, nan 
179.875, 82.375, 4.830935420626659e-24, nan 
-179.875, 82.625, 5.024815129147847e-24, nan 
-179.625, 82.625, 4.573745549178019e-24, nan 
-179.375, 82.625, 3.79247795827221e-24, nan 
-179.125, 82.625, 3.872596807230839e-24, nan 
-178.875, 82.625, 3.496131842778099e-24, nan 
-178.625, 82.625, 3.3984828358364805e-24, nan 
-178.375, 82.625, 3.43073698944306e-24, nan 
-178.125, 82.625, 3.497215635582847e-24, nan 
-177.875, 82.625, 3.619927246837226e-24, nan 
-177.625, 82.625, 3.580217025401987e-24, nan 
-177.375, 82.625, 3.2395629586656236e-24, nan 
-177.125, 82.625, 3.566416712439487e-24, nan 
-176.875, 82.625, 3.966550779242925e-24, nan 
-176.625, 82.625, 3.484622989901065e-24, nan 
-176.375, 82.625, 3.478876903829612e-24, nan 
-176.125, 82.625, 4.0267008152202224e-24, nan 
-175.875, 82.625, 4.507054676080679e-24, nan 
-175.625, 82.625, 4.147413188012056e-24, nan 
-175.375, 82.625, 4.8976817249055965e-24, nan 
-175.125, 82.625, 5.2955905719210416e-24, nan 
-174.875, 82.625, 6.202381455912938e-24, nan 
-174.625, 82.625, 6.294665853452031e-24, nan 
-174.375, 82.625, 6.221895545817097e-24, nan 
-174.125, 82.625, 6.399282017361367e-24, nan 
-173.875, 82.625, 5.346834182630119e-24, nan 
-173.625, 82.625, 5.146040687386297e-24, nan 
-173.375, 82.625, 5.562941295590875e-24, nan 
-173.125, 82.625, 5.310572867625056e-24, nan 
-172.875, 82.625, 5.442068356023266e-24, nan 
-172.625, 82.625, 5.484208701181036e-24, nan 
-172.375, 82.625, 5.636100507684504e-24, nan 
-172.125, 82.625, 7.211029288151118e-24, nan 
-171.875, 82.625, 7.857693671140244e-24, nan 
-171.625, 82.625, 6.790905580901106e-24, nan 
-171.375, 82.625, 7.817463870053937e-24, nan 
-171.125, 82.625, 7.622885597299514e-24, nan 
-170.875, 82.625, 8.30250005599481e-24, nan 
-170.625, 82.625, 7.826669433205421e-24, nan 
-170.375, 82.625, 8.27702083350641e-24, nan 
-170.125, 82.625, 7.97465772879977e-24, nan 
-169.875, 82.625, 8.14591097275741e-24, nan 
-169.625, 82.625, 7.966420798387029e-24, nan 
-169.375, 82.625, 7.508726407547457e-24, nan 
-169.125, 82.625, 7.516330899813431e-24, nan 
-168.875, 82.625, 7.633437548159243e-24, nan 
-168.625, 82.625, 7.77268550299407e-24, nan 
-168.375, 82.625, 7.111093016653046e-24, nan 
-168.125, 82.625, 7.142515206601654e-24, nan 
-167.875, 82.625, 6.766339688861842e-24, nan 
-167.625, 82.625, 6.481249128376617e-24, nan 
-167.375, 82.625, 6.521939761443043e-24, nan 
-167.125, 82.625, 5.959647651089424e-24, nan 
-166.875, 82.625, 6.122530427781361e-24, nan 
-166.625, 82.625, 5.8677704926333906e-24, nan 
-166.375, 82.625, 5.867965386145009e-24, nan 
-166.125, 82.625, 6.078907645382487e-24, nan 
-165.875, 82.625, 5.6175735122519895e-24, nan 
-165.625, 82.625, 5.396466192675799e-24, nan 
-165.375, 82.625, 5.769348997394114e-24, nan 
-165.125, 82.625, 6.046002072565495e-24, nan 
-164.875, 82.625, 6.3078955369830746e-24, nan 
-164.625, 82.625, 5.752162134381049e-24, nan 
-164.375, 82.625, 5.711077877825079e-24, nan 
-164.125, 82.625, 6.0771796497833e-24, nan 
-163.875, 82.625, 6.304566787566936e-24, nan 
-163.625, 82.625, 6.517998448976856e-24, nan 
-163.375, 82.625, 6.578638598283571e-24, nan 
-163.125, 82.625, 6.4324633110509505e-24, nan 
-162.875, 82.625, 6.300387931934528e-24, nan 
-162.625, 82.625, 6.74893210592386e-24, nan 
-162.375, 82.625, 7.117274783901545e-24, nan 
-162.125, 82.625, 6.872809489796722e-24, nan 
-161.875, 82.625, 6.816595573926618e-24, nan 
-161.625, 82.625, 7.158656872955884e-24, nan 
-161.375, 82.625, 7.165983758599435e-24, nan 
-161.125, 82.625, 6.992421918867227e-24, nan 
-160.875, 82.625, 6.731455054005557e-24, nan 
-160.625, 82.625, 6.988783948066876e-24, nan 
-160.375, 82.625, 7.090733385030414e-24, nan 
-160.125, 82.625, 7.121749271877727e-24, nan 
-159.875, 82.625, 6.71029911480373e-24, nan 
-159.625, 82.625, 6.650498062139706e-24, nan 
-159.375, 82.625, 6.873020324806939e-24, nan 
-159.125, 82.625, 6.5327294437446156e-24, nan 
-158.875, 82.625, 6.654355307338186e-24, nan 
-158.625, 82.625, 6.325706299473056e-24, nan 
-158.375, 82.625, 6.961874345234478e-24, nan 
-158.125, 82.625, 6.407788165495463e-24, nan 
-157.875, 82.625, 6.134063035783216e-24, nan 
-157.625, 82.625, 5.9127944209775814e-24, nan 
-157.375, 82.625, 7.172275857785023e-24, nan 
-157.125, 82.625, 6.5941434117726275e-24, nan 
-156.875, 82.625, 5.9742015738205605e-24, nan 
-156.625, 82.625, 5.8148205700507276e-24, nan 
-156.375, 82.625, 5.915525347032603e-24, nan 
-156.125, 82.625, 6.567890583467977e-24, nan 
-155.875, 82.625, 6.916092360358507e-24, nan 
-155.625, 82.625, 5.688543974369341e-24, nan 
-155.375, 82.625, 5.864305203943904e-24, nan 
-155.125, 82.625, 6.68417296885351e-24, nan 
-154.875, 82.625, 6.917022900220165e-24, nan 
-154.625, 82.625, 6.1185002760821795e-24, nan 
-154.375, 82.625, 5.554182263420472e-24, nan 
-154.125, 82.625, 5.872753875432051e-24, nan 
-153.875, 82.625, 6.436725883824507e-24, nan 
-153.625, 82.625, 6.129571721398784e-24, nan 
-153.375, 82.625, 5.589313109459506e-24, nan 
-153.125, 82.625, 5.52339908432685e-24, nan 
-152.875, 82.625, 6.5598096089045414e-24, nan 
-152.625, 82.625, 6.324093564827622e-24, nan 
-152.375, 82.625, 5.553787502378032e-24, nan 
-152.125, 82.625, 5.748266281675202e-24, nan 
-151.875, 82.625, 6.354152713730775e-24, nan 
-151.625, 82.625, 6.034011298634623e-24, nan 
-151.375, 82.625, 5.475546216534848e-24, nan 
-151.125, 82.625, 5.7186237245331975e-24, nan 
-150.875, 82.625, 5.726567983578585e-24, nan 
-150.625, 82.625, 5.5237012064014304e-24, nan 
-150.375, 82.625, 5.467161334279579e-24, nan 
-150.125, 82.625, 5.088292564801962e-24, nan 
-149.875, 82.625, 4.802257103800635e-24, nan 
-149.625, 82.625, 4.813232833920885e-24, nan 
-149.375, 82.625, 4.6063184704218015e-24, nan 
-149.125, 82.625, 4.530877168849135e-24, nan 
-148.875, 82.625, 4.429100319320576e-24, nan 
-148.625, 82.625, 4.427512763364893e-24, nan 
-148.375, 82.625, 3.8826107737618606e-24, nan 
-148.125, 82.625, 4.069602154769798e-24, nan 
-147.875, 82.625, 4.5987299725251504e-24, nan 
-147.625, 82.625, 4.514859236749761e-24, nan 
-147.375, 82.625, 4.143105025207168e-24, nan 
-147.125, 82.625, 4.010787180874009e-24, nan 
-146.875, 82.625, 4.283261729847236e-24, nan 
-146.625, 82.625, 4.341060756631168e-24, nan 
-146.375, 82.625, 4.005921363139619e-24, nan 
-146.125, 82.625, 4.273307268318447e-24, nan 
-145.875, 82.625, 4.1464414922207445e-24, nan 
-145.625, 82.625, 3.659622860748675e-24, nan 
-145.375, 82.625, 3.754910422206881e-24, nan 
-145.125, 82.625, 3.831308481101904e-24, nan 
-144.875, 82.625, 3.969645733824236e-24, nan 
-144.625, 82.625, 3.502821807564353e-24, nan 
-144.375, 82.625, 3.3001487472229268e-24, nan 
-144.125, 82.625, 3.414762669138964e-24, nan 
-143.875, 82.625, 3.5832709294758444e-24, nan 
-143.625, 82.625, 3.589117209412299e-24, nan 
-143.375, 82.625, 3.495457095638338e-24, nan 
-143.125, 82.625, 3.3066973710859894e-24, nan 
-142.875, 82.625, 3.461752041421981e-24, nan 
-142.625, 82.625, 3.6103519277303215e-24, nan 
-142.375, 82.625, 3.690382996516477e-24, nan 
-142.125, 82.625, 3.516651161545158e-24, nan 
-141.875, 82.625, 3.5435178619278536e-24, nan 
-141.625, 82.625, 3.588849617725525e-24, nan 
-141.375, 82.625, 3.483455076820741e-24, nan 
-141.125, 82.625, 3.268669450449799e-24, nan 
-140.875, 82.625, 3.6963325286435125e-24, nan 
-140.625, 82.625, 3.654229311184195e-24, nan 
-140.375, 82.625, 3.2775713489627835e-24, nan 
-140.125, 82.625, 3.470315528475181e-24, nan 
-139.875, 82.625, 3.592383807118517e-24, nan 
-139.625, 82.625, 3.6514659118441656e-24, nan 
-139.375, 82.625, 3.4906903473631594e-24, nan 
-139.125, 82.625, 3.352735811739565e-24, nan 
-138.875, 82.625, 2.5987520971454075e-24, nan 
-138.625, 82.625, 3.0203392308023902e-24, nan 
-138.375, 82.625, 3.325075659896902e-24, nan 
-138.125, 82.625, 3.333018965819256e-24, nan 
-137.875, 82.625, 3.1007553240990242e-24, nan 
-137.625, 82.625, 2.9781188216523578e-24, nan 
-137.375, 82.625, 3.223803845994361e-24, nan 
-137.125, 82.625, 3.374092186776854e-24, nan 
-136.875, 82.625, 3.2607963095977643e-24, nan 
-136.625, 82.625, 2.988380801591638e-24, nan 
-136.375, 82.625, 2.7736174258994427e-24, nan 
-136.125, 82.625, 2.7043687095960145e-24, nan 
-135.875, 82.625, 3.2691494675616834e-24, nan 
-135.625, 82.625, 3.2614070110872762e-24, nan 
-135.375, 82.625, 2.9388719490952266e-24, nan 
-135.125, 82.625, 2.648377878038151e-24, nan 
-134.875, 82.625, 2.9706171720667503e-24, nan 
-134.625, 82.625, 3.322837051528564e-24, nan 
-134.375, 82.625, 3.414953167606165e-24, nan 
-134.125, 82.625, 3.909620281045123e-24, nan 
-133.875, 82.625, 4.120166402230086e-24, nan 
-133.625, 82.625, 3.8274365677321116e-24, nan 
-133.375, 82.625, 3.1394329099070975e-24, nan 
-133.125, 82.625, 2.5394718016912276e-24, nan 
-132.875, 82.625, 2.25942305339201e-24, nan 
-132.625, 82.625, 3.09851596419212e-24, nan 
-132.375, 82.625, 3.451206535973634e-24, nan 
-132.125, 82.625, 3.443939308356815e-24, nan 
-131.875, 82.625, 3.253466330550882e-24, nan 
-131.625, 82.625, 3.3643640151824765e-24, nan 
-131.375, 82.625, 3.2556394365693906e-24, nan 
-131.125, 82.625, 3.899729927517277e-24, nan 
-130.875, 82.625, 5.1091849332997345e-24, nan 
-130.625, 82.625, 4.992210623305911e-24, nan 
-130.375, 82.625, 4.731733451455594e-24, nan 
-130.125, 82.625, 4.798679586125853e-24, nan 
-129.875, 82.625, 5.565058820216972e-24, nan 
-129.625, 82.625, 5.6317758007565085e-24, nan 
-129.375, 82.625, 5.1008948467607714e-24, nan 
-129.125, 82.625, 5.477555319192113e-24, nan 
-128.875, 82.625, 5.636966739241421e-24, nan 
-128.625, 82.625, 5.267605358560463e-24, nan 
-128.375, 82.625, 5.198913286020916e-24, nan 
-128.125, 82.625, 6.2894684863318374e-24, nan 
-127.875, 82.625, 6.565083311382381e-24, nan 
-127.625, 82.625, 5.940593337547035e-24, nan 
-127.375, 82.625, 4.025456743257568e-24, nan 
-127.125, 82.625, 3.434046285377374e-24, nan 
-126.875, 82.625, 3.687833273343517e-24, nan 
-126.625, 82.625, 3.089078956762469e-24, nan 
-126.375, 82.625, 2.4806447092265633e-24, nan 
-126.125, 82.625, 4.379180746708701e-24, nan 
-125.875, 82.625, 6.900993145151417e-24, nan 
-125.625, 82.625, 9.664753980990181e-24, nan 
-125.375, 82.625, 1.1747940702240953e-23, nan 
-125.125, 82.625, 1.370834336334634e-23, nan 
-124.875, 82.625, 1.519865773538342e-23, nan 
-124.625, 82.625, 1.722066051708956e-23, nan 
-124.375, 82.625, 1.5590589969354845e-23, nan 
-124.125, 82.625, 1.5986574114052301e-23, nan 
-123.875, 82.625, 1.6754943465290508e-23, nan 
-123.625, 82.625, 1.5559437285121033e-23, nan 
-123.375, 82.625, 1.6616251476277433e-23, nan 
-123.125, 82.625, 1.748767484372658e-23, nan 
-122.875, 82.625, 1.4699730557523112e-23, nan 
-122.625, 82.625, 1.196130933344223e-23, nan 
-122.375, 82.625, 3.2291064125846895e-23, nan 
-122.125, 82.625, 4.9560990942639546e-23, nan 
-121.875, 82.625, 5.2726942582577413e-23, nan 
-121.625, 82.625, 5.1986361268605557e-23, nan 
-121.375, 82.625, 5.132936074404799e-23, nan 
-121.125, 82.625, 4.506414703963863e-23, nan 
-120.875, 82.625, 3.772144940918482e-23, nan 
-120.625, 82.625, 2.750946358518347e-23, nan 
-120.375, 82.625, 3.006729776458989e-23, nan 
-120.125, 82.625, 4.2957667408696446e-23, nan 
-119.875, 82.625, 3.9240133432065286e-23, nan 
-119.625, 82.625, 3.9642722076777585e-23, nan 
-119.375, 82.625, 3.831574381719493e-23, nan 
-119.125, 82.625, 3.512980638324498e-23, nan 
-118.875, 82.625, 2.9987845094305345e-23, nan 
-118.625, 82.625, 2.206883477950686e-23, nan 
-118.375, 82.625, 1.9843997452564373e-23, nan 
-118.125, 82.625, 2.1143244604718758e-23, nan 
-117.875, 82.625, 2.081618650215108e-23, nan 
-117.625, 82.625, 2.398805689700349e-23, nan 
-117.375, 82.625, 2.2648650093475358e-23, nan 
-117.125, 82.625, 2.3443804758049336e-23, nan 
-116.875, 82.625, 2.723575599810216e-23, nan 
-116.625, 82.625, 2.667841428180282e-23, nan 
-116.375, 82.625, 2.7985820433147175e-23, nan 
-116.125, 82.625, 2.5407209859440275e-23, nan 
-115.875, 82.625, 3.3959613322087945e-23, nan 
-115.625, 82.625, 3.277747503721292e-23, nan 
-115.375, 82.625, 2.5180421924612056e-23, nan 
-115.125, 82.625, 3.052205589429745e-23, nan 
-114.875, 82.625, 3.352151057936436e-23, nan 
-114.625, 82.625, 3.211274100767882e-23, nan 
-114.375, 82.625, 2.5930371621653925e-23, nan 
-114.125, 82.625, 2.165203529177221e-23, nan 
-113.875, 82.625, 2.009873581745124e-23, nan 
-113.625, 82.625, 2.0879438460458474e-23, nan 
-113.375, 82.625, 2.6182372932829616e-23, nan 
-113.125, 82.625, 2.833661737184823e-23, nan 
-112.875, 82.625, 2.386979203016708e-23, nan 
-112.625, 82.625, 1.8751140945994307e-23, nan 
-112.375, 82.625, 1.4162524297548004e-23, nan 
-112.125, 82.625, 7.48674319360044e-24, nan 
-111.875, 82.625, 4.3931786780545984e-24, nan 
-111.625, 82.625, 5.451507051698517e-24, nan 
-111.375, 82.625, 7.64838810357155e-24, nan 
-111.125, 82.625, 1.023246126701283e-23, nan 
-110.875, 82.625, 9.485988282869956e-24, nan 
-110.625, 82.625, 1.2548300840024608e-23, nan 
-110.375, 82.625, 1.517012751035358e-23, nan 
-110.125, 82.625, 1.4220072484526513e-23, nan 
-109.875, 82.625, 1.2336176330373612e-23, nan 
-109.625, 82.625, 9.979024463956888e-24, nan 
-109.375, 82.625, 7.541764892473559e-24, nan 
-109.125, 82.625, 1.2994882168204969e-23, nan 
-108.875, 82.625, 1.926197065703092e-23, nan 
-108.625, 82.625, 2.352865131404133e-23, nan 
-108.375, 82.625, 2.7247674809727396e-23, nan 
-108.125, 82.625, 2.998693199262867e-23, nan 
-107.875, 82.625, 2.565360428253483e-23, nan 
-107.625, 82.625, 1.5793592985050456e-23, nan 
-107.375, 82.625, 1.8020864243501598e-23, nan 
-107.125, 82.625, 2.254225654202622e-23, nan 
-106.875, 82.625, 2.4966599776881726e-23, nan 
-106.625, 82.625, 2.596301744452586e-23, nan 
-106.375, 82.625, 2.2882530973041222e-23, nan 
-106.125, 82.625, 1.779478996535207e-23, nan 
-105.875, 82.625, 1.1304674910045621e-23, nan 
-105.625, 82.625, 7.056463040264159e-24, nan 
-105.375, 82.625, 6.786382246125696e-24, nan 
-105.125, 82.625, 5.300122154504786e-24, nan 
-104.875, 82.625, 4.057709526130126e-24, nan 
-104.625, 82.625, 5.722400035357943e-24, nan 
-104.375, 82.625, 8.046497266313852e-24, nan 
-104.125, 82.625, 9.315541094172601e-24, nan 
-103.875, 82.625, 9.493873925440442e-24, nan 
-103.625, 82.625, 1.1786250901020578e-23, nan 
-103.375, 82.625, 1.4172358564597388e-23, nan 
-103.125, 82.625, 1.1564105691062365e-23, nan 
-102.875, 82.625, 1.1578261267363015e-23, nan 
-102.625, 82.625, 1.10502060033171e-23, nan 
-102.375, 82.625, 8.802812283272553e-24, nan 
-102.125, 82.625, 7.074057519285953e-24, nan 
-101.875, 82.625, 9.463463251068503e-24, nan 
-101.625, 82.625, 1.437078729989213e-23, nan 
-101.375, 82.625, 1.6430831425999032e-23, nan 
-101.125, 82.625, 1.679103231972889e-23, nan 
-100.875, 82.625, 1.7441856625838605e-23, nan 
-100.625, 82.625, 2.0164008700290843e-23, nan 
-100.375, 82.625, 2.002717997794737e-23, nan 
-100.125, 82.625, 1.924593575794153e-23, nan 
-99.875, 82.625, 1.9103798043035238e-23, nan 
-99.625, 82.625, 1.7291917658958836e-23, nan 
-99.375, 82.625, 1.5067159195761315e-23, nan 
-99.125, 82.625, 9.954525963969656e-24, nan 
-98.875, 82.625, 1.372508007057358e-23, nan 
-98.625, 82.625, 1.2603466013309814e-23, nan 
-98.375, 82.625, 9.07285044032439e-24, nan 
-98.125, 82.625, 1.0717137012416447e-23, nan 
-97.875, 82.625, 1.2072330248369916e-23, nan 
-97.625, 82.625, 1.2040420035402509e-23, nan 
-97.375, 82.625, 8.288323381473625e-24, nan 
-97.125, 82.625, 8.362961934767145e-24, nan 
-96.875, 82.625, 7.059784967746029e-24, nan 
-96.625, 82.625, 9.015007142207565e-24, nan 
-96.375, 82.625, 1.1114792259745415e-23, nan 
-96.125, 82.625, 9.842484781069404e-24, nan 
-95.875, 82.625, 1.0648413685682122e-23, nan 
-95.625, 82.625, 1.468598116116272e-23, nan 
-95.375, 82.625, 1.6411412270549283e-23, nan 
-95.125, 82.625, 1.5888982719472765e-23, nan 
-94.875, 82.625, 1.923690372468486e-23, nan 
-94.625, 82.625, 2.168797098467724e-23, nan 
-94.375, 82.625, 1.851675642032681e-23, nan 
-94.125, 82.625, 1.9636560076718217e-23, nan 
-93.875, 82.625, 2.446822715446046e-23, nan 
-93.625, 82.625, 1.7942926227692302e-23, nan 
-93.375, 82.625, 1.2998274264577716e-23, nan 
-93.125, 82.625, 1.6990735482274718e-23, nan 
-92.875, 82.625, 1.806672114756395e-23, nan 
-92.625, 82.625, 1.4504375829064626e-23, nan 
-92.375, 82.625, 1.5649020370314194e-23, nan 
-62.125, 82.625, 1.0930839407372804e-23, nan 
-61.875, 82.625, 1.4314718359526442e-23, nan 
-61.625, 82.625, 1.802469686970745e-23, nan 
-61.375, 82.625, 1.0927650144876068e-23, nan 
-61.125, 82.625, 4.790860270041898e-24, nan 
-60.875, 82.625, 4.293113785574774e-24, nan 
-60.625, 82.625, 7.134377572179598e-24, nan 
-60.375, 82.625, 1.1769525507110747e-23, nan 
-60.125, 82.625, 1.681990150180561e-23, nan 
-59.875, 82.625, 2.260683929197776e-23, nan 
-59.625, 82.625, 1.5998512141237445e-23, nan 
-59.375, 82.625, 2.0335722066520642e-23, nan 
-59.125, 82.625, 2.2548172065893127e-23, nan 
-58.875, 82.625, 2.2072229027138213e-23, nan 
-58.625, 82.625, 2.0229365120585087e-23, nan 
-58.375, 82.625, 1.6798840986040262e-23, nan 
-58.125, 82.625, 1.2919003999573717e-23, nan 
-57.875, 82.625, 1.2940966912382587e-23, nan 
-57.625, 82.625, 2.3210967856363573e-23, nan 
-57.375, 82.625, 2.5073803215651152e-23, nan 
-57.125, 82.625, 2.309467244230561e-23, nan 
-56.875, 82.625, 2.0195672549101423e-23, nan 
-56.625, 82.625, 1.968175634573655e-23, nan 
-56.375, 82.625, 1.6813230645522e-23, nan 
-56.125, 82.625, 1.391645940349052e-23, nan 
-55.875, 82.625, 1.3302372146500738e-23, nan 
-55.625, 82.625, 1.2892746148653838e-23, nan 
-55.375, 82.625, 1.3269543810907133e-23, nan 
-55.125, 82.625, 1.3743012355609698e-23, nan 
-54.875, 82.625, 1.40979637968082e-23, nan 
-54.625, 82.625, 1.4616258530187833e-23, nan 
-54.375, 82.625, 1.5773137940105132e-23, nan 
-54.125, 82.625, 1.6109523864724632e-23, nan 
-53.875, 82.625, 1.5514547617980728e-23, nan 
-53.625, 82.625, 1.2394303870698023e-23, nan 
-53.375, 82.625, 1.1162090820835941e-23, nan 
-53.125, 82.625, 1.0781595452329408e-23, nan 
-52.875, 82.625, 1.0051199947675006e-23, nan 
-52.625, 82.625, 9.729520010264567e-24, nan 
-52.375, 82.625, 9.914199800016678e-24, nan 
-52.125, 82.625, 1.0017362326385585e-23, nan 
-51.875, 82.625, 8.708029499548026e-24, nan 
-51.625, 82.625, 7.742906694655736e-24, nan 
-51.375, 82.625, 6.938641157894015e-24, nan 
-51.125, 82.625, 5.808906842789211e-24, nan 
-50.875, 82.625, 4.129992797858774e-24, nan 
-50.625, 82.625, 3.3272279121552396e-24, nan 
-50.375, 82.625, 2.323940337133484e-24, nan 
-50.125, 82.625, 2.3671093870348487e-24, nan 
-49.875, 82.625, 2.339142749450509e-24, nan 
-49.625, 82.625, 2.482767632497696e-24, nan 
-49.375, 82.625, 3.004184973003766e-24, nan 
-49.125, 82.625, 3.336603724969999e-24, nan 
-48.875, 82.625, 3.783328811947808e-24, nan 
-48.625, 82.625, 4.886496398312579e-24, nan 
-48.375, 82.625, 4.759714595966543e-24, nan 
-48.125, 82.625, 4.244435879452621e-24, nan 
-47.875, 82.625, 4.615580195761725e-24, nan 
-47.625, 82.625, 5.127746795187039e-24, nan 
-47.375, 82.625, 4.539409031995887e-24, nan 
-47.125, 82.625, 3.594332435007203e-24, nan 
-46.875, 82.625, 2.664403996414008e-24, nan 
-46.625, 82.625, 2.3171775788681874e-24, nan 
-46.375, 82.625, 2.3333707625391904e-24, nan 
-46.125, 82.625, 1.933264008866895e-24, nan 
-45.875, 82.625, 1.8302172729457097e-24, nan 
-45.625, 82.625, 1.6088923568811878e-24, nan 
-45.375, 82.625, 2.2842845161594005e-24, nan 
-45.125, 82.625, 2.1487308387919215e-24, nan 
-44.875, 82.625, 3.2575830802829578e-24, nan 
-44.625, 82.625, 3.524798905227456e-24, nan 
-44.375, 82.625, 5.9236419350355244e-24, nan 
-44.125, 82.625, 7.771918268242736e-24, nan 
-43.875, 82.625, 8.782162189909029e-24, nan 
-43.625, 82.625, 9.019213569871961e-24, nan 
-43.375, 82.625, 1.1643191279273894e-23, nan 
-43.125, 82.625, 1.2435899709233116e-23, nan 
-42.875, 82.625, 1.3343218511171293e-23, nan 
-42.625, 82.625, 1.4271163713730063e-23, nan 
-42.375, 82.625, 1.4342758886651354e-23, nan 
-42.125, 82.625, 1.5756771038081766e-23, nan 
-41.875, 82.625, 1.5962091891685988e-23, nan 
-41.625, 82.625, 1.6562644310014377e-23, nan 
-41.375, 82.625, 1.7259141128104817e-23, nan 
-41.125, 82.625, 1.8173638673139895e-23, nan 
-40.875, 82.625, 1.8056408165578155e-23, nan 
-40.625, 82.625, 1.3589640753460158e-23, nan 
-40.375, 82.625, 1.3772806172931362e-23, nan 
-40.125, 82.625, 1.379090921257047e-23, nan 
-39.875, 82.625, 1.1588523277573047e-23, nan 
-39.625, 82.625, 1.0463794595877851e-23, nan 
-39.375, 82.625, 1.0630992669678956e-23, nan 
-39.125, 82.625, 9.50508648869958e-24, nan 
-38.875, 82.625, 8.618660674735991e-24, nan 
-38.625, 82.625, 7.46246247845335e-24, nan 
-38.375, 82.625, 7.99255571043133e-24, nan 
-38.125, 82.625, 7.331714176661213e-24, nan 
-37.875, 82.625, 6.615387824612779e-24, nan 
-37.625, 82.625, 6.66880009091173e-24, nan 
-37.375, 82.625, 6.844676402738496e-24, nan 
-37.125, 82.625, 6.998555849760773e-24, nan 
-36.875, 82.625, 7.516890579851757e-24, nan 
-36.625, 82.625, 7.42737411181489e-24, nan 
-36.375, 82.625, 8.14899327651306e-24, nan 
-36.125, 82.625, 8.99757831827141e-24, nan 
-35.875, 82.625, 8.830119504790176e-24, nan 
-35.625, 82.625, 9.496159300389892e-24, nan 
-35.375, 82.625, 1.0689945054468873e-23, nan 
-35.125, 82.625, 9.635640798325784e-24, nan 
-34.875, 82.625, 7.86282311489112e-24, nan 
-34.625, 82.625, 6.725904992218825e-24, nan 
-34.375, 82.625, 5.8844592306608e-24, nan 
-34.125, 82.625, 4.526051656336915e-24, nan 
-33.875, 82.625, 5.053238667394084e-24, nan 
-33.625, 82.625, 5.5543576956510306e-24, nan 
-33.375, 82.625, 4.891375005903193e-24, nan 
-33.125, 82.625, 4.150891889298874e-24, nan 
-32.875, 82.625, 4.408203072755133e-24, nan 
-32.625, 82.625, 5.0782751944628554e-24, nan 
-32.375, 82.625, 5.101354305029619e-24, nan 
-32.125, 82.625, 4.3848103425394816e-24, nan 
-31.875, 82.625, 4.544979641585693e-24, nan 
-31.625, 82.625, 4.916102318857058e-24, nan 
-31.375, 82.625, 4.4927969715833885e-24, nan 
-31.125, 82.625, 3.950870814332211e-24, nan 
-30.875, 82.625, 3.984994572203393e-24, nan 
-30.625, 82.625, 4.1091439896786005e-24, nan 
-30.375, 82.625, 3.0149408500308058e-24, nan 
-30.125, 82.625, 2.513021618006885e-24, nan 
-29.875, 82.625, 2.6388040426156196e-24, nan 
-29.625, 82.625, 2.889999981112828e-24, nan 
-29.375, 82.625, 3.102377965353033e-24, nan 
-29.125, 82.625, 4.461060505770842e-24, nan 
-28.875, 82.625, 4.826193737546233e-24, nan 
-28.625, 82.625, 4.471735225150638e-24, nan 
-28.375, 82.625, 4.145503830422617e-24, nan 
-28.125, 82.625, 4.214318218791897e-24, nan 
-27.875, 82.625, 3.973768595352028e-24, nan 
-27.625, 82.625, 4.3618617344849586e-24, nan 
-27.375, 82.625, 5.087940897353166e-24, nan 
-27.125, 82.625, 5.256843954861577e-24, nan 
-26.875, 82.625, 4.8400961370670455e-24, nan 
-26.625, 82.625, 4.3637133153786665e-24, nan 
-26.375, 82.625, 4.464609555879058e-24, nan 
-26.125, 82.625, 4.006376432539438e-24, nan 
-25.875, 82.625, 3.2056002579021375e-24, nan 
-25.625, 82.625, 3.140113347948617e-24, nan 
-25.375, 82.625, 3.400687518549469e-24, nan 
-25.125, 82.625, 3.5028153955861735e-24, nan 
-24.875, 82.625, 3.5403906828381376e-24, nan 
-24.625, 82.625, 3.680912553093358e-24, nan 
-24.375, 82.625, 3.783838763386769e-24, nan 
-24.125, 82.625, 3.9016367618850396e-24, nan 
-23.875, 82.625, 3.8849860900741265e-24, nan 
-23.625, 82.625, 3.883909287609249e-24, nan 
-23.375, 82.625, 3.9476626146938126e-24, nan 
-23.125, 82.625, 3.927951490440761e-24, nan 
-22.875, 82.625, 4.031555286376292e-24, nan 
-22.625, 82.625, 3.9162775304522734e-24, nan 
-22.375, 82.625, 3.5880512385538635e-24, nan 
-22.125, 82.625, 3.0886657460691892e-24, nan 
-21.875, 82.625, 2.6718088639606245e-24, nan 
-21.625, 82.625, 2.558264171691568e-24, nan 
-21.375, 82.625, 2.7987049617879415e-24, nan 
-21.125, 82.625, 3.0020289093027524e-24, nan 
-20.875, 82.625, 3.2644838967180133e-24, nan 
-20.625, 82.625, 3.757566915465849e-24, nan 
-20.375, 82.625, 4.031409898228757e-24, nan 
-20.125, 82.625, 4.155952259230595e-24, nan 
-19.875, 82.625, 4.440785691088733e-24, nan 
-19.625, 82.625, 4.499494508335675e-24, nan 
-19.375, 82.625, 4.479594335808641e-24, nan 
-19.125, 82.625, 4.149320532744001e-24, nan 
-18.875, 82.625, 4.1983947025174e-24, nan 
-18.625, 82.625, 4.285434468858115e-24, nan 
-18.375, 82.625, 4.515894948153581e-24, nan 
-18.125, 82.625, 4.650682562108427e-24, nan 
-17.875, 82.625, 3.866632527855064e-24, nan 
-17.625, 82.625, 3.2782259115638247e-24, nan 
-17.375, 82.625, 2.3899762956215127e-24, nan 
-17.125, 82.625, 1.685904071622024e-24, nan 
-16.875, 82.625, 1.4510229155725856e-24, nan 
-16.625, 82.625, 4.168845779475769e-24, nan 
-16.375, 82.625, 4.141533450996937e-24, nan 
-16.125, 82.625, 3.041117007472003e-24, nan 
-15.875, 82.625, 3.0171926689237335e-24, nan 
-15.625, 82.625, 2.9973786193281383e-24, nan 
-15.375, 82.625, 3.336955271431004e-24, nan 
-15.125, 82.625, 4.615559317653158e-24, nan 
-14.875, 82.625, 8.42961798530122e-24, nan 
-14.625, 82.625, 8.317028620559654e-24, nan 
-14.375, 82.625, 6.426818108385557e-24, nan 
-14.125, 82.625, 4.9942478271743836e-24, nan 
-13.875, 82.625, 4.96244374336609e-24, nan 
-13.625, 82.625, 4.8055340067745816e-24, nan 
-13.375, 82.625, 5.72524279777756e-24, nan 
-13.125, 82.625, 7.781799727661572e-24, nan 
-12.875, 82.625, 7.598524792795712e-24, nan 
-12.625, 82.625, 6.796085648065126e-24, nan 
-12.375, 82.625, 5.7327543571504055e-24, nan 
-12.125, 82.625, 5.266882115150467e-24, nan 
-11.875, 82.625, 5.1472317499403754e-24, nan 
-11.625, 82.625, 4.820613588336982e-24, nan 
-11.375, 82.625, 4.185680264512888e-24, nan 
-11.125, 82.625, 3.791465844393755e-24, nan 
-10.875, 82.625, 3.8308046544704954e-24, nan 
-10.625, 82.625, 3.7998102787990954e-24, nan 
-10.375, 82.625, 3.445179335643417e-24, nan 
-10.125, 82.625, 3.245092172932557e-24, nan 
-9.875, 82.625, 3.288333293138143e-24, nan 
-9.625, 82.625, 2.779337757603618e-24, nan 
-9.375, 82.625, 2.0753007580196893e-24, nan 
-9.125, 82.625, 1.695098126834942e-24, nan 
-8.875, 82.625, 2.5727963940598195e-24, nan 
-8.625, 82.625, 2.646160749797238e-24, nan 
-8.375, 82.625, 1.984339324664667e-24, nan 
-8.125, 82.625, 1.8935532535037996e-24, nan 
-7.875, 82.625, 2.181367881568232e-24, nan 
-7.625, 82.625, 3.115663846937856e-24, nan 
-7.375, 82.625, 4.547651528056175e-24, nan 
-7.125, 82.625, 4.920017824638564e-24, nan 
-6.875, 82.625, 4.897222640804405e-24, nan 
-6.625, 82.625, 4.172825388439152e-24, nan 
-6.375, 82.625, 4.254181748763475e-24, nan 
-6.125, 82.625, 4.614957386220373e-24, nan 
-5.875, 82.625, 4.995946199592571e-24, nan 
-5.625, 82.625, 5.404123923200453e-24, nan 
-5.375, 82.625, 5.466300544493411e-24, nan 
-5.125, 82.625, 5.3692234369878275e-24, nan 
-4.875, 82.625, 4.673616880187776e-24, nan 
-4.625, 82.625, 4.2338536196140696e-24, nan 
-4.375, 82.625, 4.335519400906804e-24, nan 
-4.125, 82.625, 4.053425194684932e-24, nan 
-3.875, 82.625, 3.2437399875747597e-24, nan 
-3.625, 82.625, 2.9712989457307766e-24, nan 
-3.375, 82.625, 3.0144922792753382e-24, nan 
-3.125, 82.625, 3.0018269646914552e-24, nan 
-2.875, 82.625, 2.854547450296168e-24, nan 
-2.625, 82.625, 2.536311331900741e-24, nan 
-2.375, 82.625, 2.2175178192688776e-24, nan 
-2.125, 82.625, 2.3978813069318618e-24, nan 
-1.875, 82.625, 2.5601612374476526e-24, nan 
-1.625, 82.625, 3.0081049015520907e-24, nan 
-1.375, 82.625, 3.2557058242557933e-24, nan 
-1.125, 82.625, 3.1419871724108612e-24, nan 
-0.875, 82.625, 3.43724968470322e-24, nan 
-0.625, 82.625, 3.887708146434229e-24, nan 
-0.375, 82.625, 3.998891834491198e-24, nan 
-0.125, 82.625, 3.9430370957571615e-24, nan 
0.125, 82.625, 4.312714273361421e-24, nan 
0.375, 82.625, 4.598681112855821e-24, nan 
0.625, 82.625, 4.3398894452917886e-24, nan 
0.875, 82.625, 4.273688049609047e-24, nan 
1.125, 82.625, 4.0100015794063005e-24, nan 
1.375, 82.625, 4.271672712105551e-24, nan 
1.625, 82.625, 4.375839616981429e-24, nan 
1.875, 82.625, 3.673131852890587e-24, nan 
2.125, 82.625, 3.4777243815337425e-24, nan 
2.375, 82.625, 3.735488064249931e-24, nan 
2.625, 82.625, 4.023085860178277e-24, nan 
2.875, 82.625, 3.6839940334034094e-24, nan 
3.125, 82.625, 3.1807322966516855e-24, nan 
3.375, 82.625, 3.576041963204589e-24, nan 
3.625, 82.625, 4.20792599890033e-24, nan 
3.875, 82.625, 4.593439685171909e-24, nan 
4.125, 82.625, 3.753946542421763e-24, nan 
4.375, 82.625, 3.600403714626965e-24, nan 
4.625, 82.625, 3.979290964766256e-24, nan 
4.875, 82.625, 4.233016872136235e-24, nan 
5.125, 82.625, 4.5909059664332925e-24, nan 
5.375, 82.625, 4.125091997442164e-24, nan 
5.625, 82.625, 4.727843575877056e-24, nan 
5.875, 82.625, 4.954585428275163e-24, nan 
6.125, 82.625, 4.955071584590583e-24, nan 
6.375, 82.625, 4.725519699635359e-24, nan 
6.625, 82.625, 4.634901002575451e-24, nan 
6.875, 82.625, 5.273820801851125e-24, nan 
7.125, 82.625, 5.4210396944322646e-24, nan 
7.375, 82.625, 5.24443053112657e-24, nan 
7.625, 82.625, 5.0024254077027724e-24, nan 
7.875, 82.625, 5.423413292024899e-24, nan 
8.125, 82.625, 5.74286153455799e-24, nan 
8.375, 82.625, 5.1455591855206916e-24, nan 
8.625, 82.625, 4.8803221178565426e-24, nan 
8.875, 82.625, 5.022996354390404e-24, nan 
9.125, 82.625, 5.3247496617054525e-24, nan 
9.375, 82.625, 5.373691577694691e-24, nan 
9.625, 82.625, 5.1328585904744564e-24, nan 
9.875, 82.625, 4.462877240446202e-24, nan 
10.125, 82.625, 4.485851350769124e-24, nan 
10.375, 82.625, 4.626528551349351e-24, nan 
10.625, 82.625, 4.6590231058315344e-24, nan 
10.875, 82.625, 4.783121137719221e-24, nan 
11.125, 82.625, 5.362686765347726e-24, nan 
11.375, 82.625, 5.651087572258226e-24, nan 
11.625, 82.625, 5.58944487225096e-24, nan 
11.875, 82.625, 5.508491986002959e-24, nan 
12.125, 82.625, 5.5057841053087935e-24, nan 
12.375, 82.625, 5.728104627421915e-24, nan 
12.625, 82.625, 5.184254580305263e-24, nan 
12.875, 82.625, 4.69324569755311e-24, nan 
13.125, 82.625, 5.342360891971941e-24, nan 
13.375, 82.625, 5.296518354776554e-24, nan 
13.625, 82.625, 5.476682006292383e-24, nan 
13.875, 82.625, 4.5405125136094406e-24, nan 
14.125, 82.625, 3.6701292237552175e-24, nan 
14.375, 82.625, 3.9841817808600336e-24, nan 
14.625, 82.625, 4.210519869736848e-24, nan 
14.875, 82.625, 3.891096953164351e-24, nan 
15.125, 82.625, 4.0605645619944244e-24, nan 
15.375, 82.625, 3.870199179534209e-24, nan 
15.625, 82.625, 4.13446056231604e-24, nan 
15.875, 82.625, 4.6298072303338044e-24, nan 
16.125, 82.625, 3.461507750875161e-24, nan 
16.375, 82.625, 3.33524630492443e-24, nan 
16.625, 82.625, 3.974436505040235e-24, nan 
16.875, 82.625, 4.1490325247391026e-24, nan 
17.125, 82.625, 4.405205278313617e-24, nan 
17.375, 82.625, 4.358669708497477e-24, nan 
17.625, 82.625, 4.806954247838265e-24, nan 
17.875, 82.625, 5.105029247461278e-24, nan 
18.125, 82.625, 4.980436848339767e-24, nan 
18.375, 82.625, 4.845796162308967e-24, nan 
18.625, 82.625, 5.077065109487568e-24, nan 
18.875, 82.625, 5.323821693776322e-24, nan 
19.125, 82.625, 5.607712740998226e-24, nan 
19.375, 82.625, 5.392331248805741e-24, nan 
19.625, 82.625, 5.331710457802549e-24, nan 
19.875, 82.625, 5.887215700519789e-24, nan 
20.125, 82.625, 6.353082426621128e-24, nan 
20.375, 82.625, 5.639938480006086e-24, nan 
20.625, 82.625, 5.21151504689774e-24, nan 
20.875, 82.625, 5.40244396033738e-24, nan 
21.125, 82.625, 5.6296248316436495e-24, nan 
21.375, 82.625, 5.4883440260850496e-24, nan 
21.625, 82.625, 4.855953128557543e-24, nan 
21.875, 82.625, 4.6742651412328495e-24, nan 
22.125, 82.625, 5.177115867614462e-24, nan 
22.375, 82.625, 5.009915555294988e-24, nan 
22.625, 82.625, 4.221936338702905e-24, nan 
22.875, 82.625, 4.339015507919775e-24, nan 
23.125, 82.625, 4.351030520249952e-24, nan 
23.375, 82.625, 4.4809266430431295e-24, nan 
23.625, 82.625, 4.017867902756648e-24, nan 
23.875, 82.625, 3.8393090314808765e-24, nan 
24.125, 82.625, 4.003365246262878e-24, nan 
24.375, 82.625, 3.94465206101916e-24, nan 
24.625, 82.625, 3.378669461387349e-24, nan 
24.875, 82.625, 3.702337921071603e-24, nan 
25.125, 82.625, 3.91968461814954e-24, nan 
25.375, 82.625, 3.721435449678409e-24, nan 
25.625, 82.625, 3.507311532014354e-24, nan 
25.875, 82.625, 3.084128332868009e-24, nan 
26.125, 82.625, 2.960521826808076e-24, nan 
26.375, 82.625, 2.8154641409973476e-24, nan 
26.625, 82.625, 2.3745349700598948e-24, nan 
26.875, 82.625, 2.572741027655004e-24, nan 
27.125, 82.625, 2.284002846246206e-24, nan 
27.375, 82.625, 2.1636361936632534e-24, nan 
27.625, 82.625, 2.9538848910815314e-24, nan 
27.875, 82.625, 3.568889269928284e-24, nan 
28.125, 82.625, 2.9434724543630704e-24, nan 
28.375, 82.625, 2.5140707989179316e-24, nan 
28.625, 82.625, 3.061089828105418e-24, nan 
28.875, 82.625, 3.7135143098198404e-24, nan 
29.125, 82.625, 3.7179554472993425e-24, nan 
29.375, 82.625, 4.222866027074458e-24, nan 
29.625, 82.625, 4.799458411865706e-24, nan 
29.875, 82.625, 6.780879102192185e-24, nan 
30.125, 82.625, 1.0241400802477411e-23, nan 
30.375, 82.625, 6.949595129732327e-24, nan 
30.625, 82.625, 5.460060017041075e-24, nan 
30.875, 82.625, 7.311286032467892e-24, nan 
31.125, 82.625, 1.7455632412805716e-23, nan 
31.375, 82.625, 6.625776715570439e-24, nan 
31.625, 82.625, 6.653944696166484e-24, nan 
31.875, 82.625, 8.250472216672955e-24, nan 
32.125, 82.625, 8.914721423707818e-24, nan 
32.375, 82.625, 7.750350133030684e-24, nan 
32.625, 82.625, 7.930287955170015e-24, nan 
32.875, 82.625, 7.663500209363867e-24, nan 
33.125, 82.625, 1.5930501906015577e-23, nan 
33.375, 82.625, 3.993169423190812e-23, nan 
33.625, 82.625, 4.5606865956853353e-23, nan 
33.875, 82.625, 5.2094929089445816e-23, nan 
34.125, 82.625, 5.457349686615116e-23, nan 
34.375, 82.625, 6.035192218242134e-23, nan 
34.625, 82.625, 4.536554633668335e-23, nan 
34.875, 82.625, 3.874282985118754e-23, nan 
35.125, 82.625, 5.0813311731700645e-23, nan 
35.375, 82.625, 6.410651738013524e-23, nan 
35.625, 82.625, 2.913569687510571e-23, nan 
35.875, 82.625, 3.192722720313958e-23, nan 
36.125, 82.625, 3.12298044039435e-23, nan 
36.375, 82.625, 3.409557622275132e-23, nan 
36.625, 82.625, 4.2302088953202433e-23, nan 
36.875, 82.625, 2.8417173986503807e-23, nan 
37.125, 82.625, 2.3024543517200395e-23, nan 
37.375, 82.625, 3.189147941881493e-23, nan 
37.625, 82.625, 5.145493171558067e-23, nan 
37.875, 82.625, 5.2400916545563793e-23, nan 
38.125, 82.625, 5.165340072858457e-23, nan 
38.375, 82.625, 6.226245885599451e-23, nan 
38.625, 82.625, 6.899028576118143e-23, nan 
38.875, 82.625, 6.268763696318388e-23, nan 
39.125, 82.625, 5.689613438994589e-23, nan 
39.375, 82.625, 5.678333047712064e-23, nan 
39.625, 82.625, 6.089279944421692e-23, nan 
39.875, 82.625, 6.784734747124471e-23, nan 
40.125, 82.625, 6.285496146107816e-23, nan 
40.375, 82.625, 6.509063708342184e-23, nan 
40.625, 82.625, 6.071283279099409e-23, nan 
40.875, 82.625, 5.333844894708056e-23, nan 
41.125, 82.625, 4.4325036420286484e-23, nan 
41.375, 82.625, 4.5830271545155667e-23, nan 
41.625, 82.625, 5.1478785420372076e-23, nan 
41.875, 82.625, 5.283304897977185e-23, nan 
42.125, 82.625, 5.23252109367374e-23, nan 
42.375, 82.625, 5.600343025928777e-23, nan 
42.625, 82.625, 5.759286065024983e-23, nan 
42.875, 82.625, 5.032766396960773e-23, nan 
43.125, 82.625, 5.204357772696694e-23, nan 
43.375, 82.625, 5.419399004542858e-23, nan 
43.625, 82.625, 4.8793322085715664e-23, nan 
43.875, 82.625, 4.925021592003334e-23, nan 
44.125, 82.625, 4.762688269462919e-23, nan 
44.375, 82.625, 4.5680356599510774e-23, nan 
44.625, 82.625, 5.2738475385678744e-23, nan 
44.875, 82.625, 5.028824517608888e-23, nan 
45.125, 82.625, 4.477488144197971e-23, nan 
45.375, 82.625, 3.919114481623715e-23, nan 
45.625, 82.625, 5.416518339301651e-23, nan 
45.875, 82.625, 4.1970098747534745e-23, nan 
46.125, 82.625, 6.356936249392102e-23, nan 
46.375, 82.625, 6.725145722074644e-23, nan 
46.625, 82.625, 6.731919555742355e-23, nan 
46.875, 82.625, 7.954312831532229e-23, nan 
47.125, 82.625, 8.545919083037226e-23, nan 
47.375, 82.625, 1.5181126495702388e-22, nan 
47.625, 82.625, 1.3847640307723525e-22, nan 
47.875, 82.625, 1.3612308060124341e-22, nan 
48.125, 82.625, 1.0388131093544139e-22, nan 
48.375, 82.625, 9.591984453935471e-23, nan 
48.625, 82.625, 7.40830735154752e-23, nan 
48.875, 82.625, 6.14931424266868e-23, nan 
49.125, 82.625, 1.6283529086937974e-22, nan 
49.375, 82.625, 1.5518548896108224e-22, nan 
49.625, 82.625, 1.502738631908634e-22, nan 
49.875, 82.625, 1.0723537246438903e-22, nan 
50.125, 82.625, 7.065724404476176e-23, nan 
50.375, 82.625, 5.458501290976896e-23, nan 
50.625, 82.625, 5.81260325333001e-23, nan 
50.875, 82.625, 7.389524465303645e-23, nan 
51.125, 82.625, 9.464778143920926e-23, nan 
51.375, 82.625, 9.447541588968028e-23, nan 
51.625, 82.625, 9.132526405423778e-23, nan 
51.875, 82.625, 8.726062790753029e-23, nan 
52.125, 82.625, 7.384643094004955e-23, nan 
52.375, 82.625, 6.864489736340063e-23, nan 
52.625, 82.625, 7.93783724346391e-23, nan 
52.875, 82.625, 6.988375008327272e-23, nan 
53.125, 82.625, 8.14266591050369e-23, nan 
53.375, 82.625, 8.56649094353523e-23, nan 
53.625, 82.625, 9.163912036698788e-23, nan 
53.875, 82.625, 8.707644500565029e-23, nan 
54.125, 82.625, 1.2060869699808128e-22, nan 
54.375, 82.625, 1.0989139033731794e-22, nan 
54.625, 82.625, 1.1596813401136583e-22, nan 
54.875, 82.625, 1.3774155667283575e-22, nan 
55.125, 82.625, 1.0252868235593289e-22, nan 
55.375, 82.625, 9.339525858612412e-23, nan 
55.625, 82.625, 1.0865699310175669e-22, nan 
55.875, 82.625, 1.9983105988303463e-22, nan 
56.125, 82.625, 2.0542886061043997e-22, nan 
56.375, 82.625, 2.8958829859557026e-22, nan 
56.625, 82.625, 3.9411304685369997e-22, nan 
56.875, 82.625, 3.5514248175125016e-22, nan 
57.125, 82.625, 2.95655362188044e-22, nan 
57.375, 82.625, 2.6900816587511636e-22, nan 
57.625, 82.625, 2.970160784026694e-22, nan 
57.875, 82.625, 2.6350264226580353e-22, nan 
58.125, 82.625, 3.344837270103944e-22, nan 
58.375, 82.625, 4.141675033777561e-22, nan 
58.625, 82.625, 3.4625304334629186e-22, nan 
58.875, 82.625, 3.2274749221488847e-22, nan 
59.125, 82.625, 3.5288156065484173e-22, nan 
59.375, 82.625, 3.5367713714407287e-22, nan 
59.625, 82.625, 2.8707662554279096e-22, nan 
59.875, 82.625, 2.5646308780828933e-22, nan 
60.125, 82.625, 2.893903040433765e-22, nan 
60.375, 82.625, 2.8301756212235026e-22, nan 
60.625, 82.625, 2.83338928364798e-22, nan 
60.875, 82.625, 2.535006958765796e-22, nan 
61.125, 82.625, 2.480469717505195e-22, nan 
61.375, 82.625, 2.9993718139570014e-22, nan 
61.625, 82.625, 3.238063983031649e-22, nan 
61.875, 82.625, 3.2246482570248214e-22, nan 
62.125, 82.625, 2.528343472404816e-22, nan 
62.375, 82.625, 2.6255203750172726e-22, nan 
62.625, 82.625, 2.2670282836819558e-22, nan 
62.875, 82.625, 1.2272545303184834e-22, nan 
63.125, 82.625, 1.021919347648584e-22, nan 
63.375, 82.625, 1.0901823574964625e-22, nan 
63.625, 82.625, 1.0979821901757656e-22, nan 
63.875, 82.625, 1.400097402887244e-22, nan 
64.125, 82.625, 1.9299789126998127e-22, nan 
64.375, 82.625, 1.9900883075206198e-22, nan 
64.625, 82.625, 1.5192343566290287e-22, nan 
64.875, 82.625, 1.377880239602739e-22, nan 
65.125, 82.625, 1.639360025986789e-22, nan 
65.375, 82.625, 2.0266576103453364e-22, nan 
65.625, 82.625, 2.2743709471777127e-22, nan 
65.875, 82.625, 3.013121477526155e-22, nan 
66.125, 82.625, 3.215431986508055e-22, nan 
66.375, 82.625, 2.9801795775078364e-22, nan 
66.625, 82.625, 2.674967604855258e-22, nan 
66.875, 82.625, 3.049828460815898e-22, nan 
67.125, 82.625, 3.309932222680332e-22, nan 
67.375, 82.625, 3.195641845401029e-22, nan 
67.625, 82.625, 3.238397072050253e-22, nan 
67.875, 82.625, 2.992000128621044e-22, nan 
68.125, 82.625, 2.921705244630467e-22, nan 
68.375, 82.625, 3.3654595134565124e-22, nan 
68.625, 82.625, 3.593328642222256e-22, nan 
68.875, 82.625, 3.7524123606390467e-22, nan 
69.125, 82.625, 3.6858279184432353e-22, nan 
69.375, 82.625, 3.543666961878887e-22, nan 
69.625, 82.625, 3.3101235501290085e-22, nan 
69.875, 82.625, 2.9428886913924805e-22, nan 
70.125, 82.625, 3.2285921654349574e-22, nan 
70.375, 82.625, 3.8616475651345537e-22, nan 
70.625, 82.625, 4.0977526860806563e-22, nan 
70.875, 82.625, 3.929934556469605e-22, nan 
71.125, 82.625, 3.5185841311411657e-22, nan 
71.375, 82.625, 2.950699856334295e-22, nan 
71.625, 82.625, 2.7151443810809866e-22, nan 
71.875, 82.625, 2.742503572272906e-22, nan 
72.125, 82.625, 2.820486519433837e-22, nan 
72.375, 82.625, 2.642016232525971e-22, nan 
72.625, 82.625, 2.6214366868095423e-22, nan 
72.875, 82.625, 2.2901513770598503e-22, nan 
73.125, 82.625, 2.751102794587349e-22, nan 
73.375, 82.625, 2.1388392282877743e-22, nan 
73.625, 82.625, 1.7820079501902302e-22, nan 
73.875, 82.625, 2.3915854007736967e-22, nan 
74.125, 82.625, 2.1062108915362833e-22, nan 
74.375, 82.625, 2.393281568803417e-22, nan 
74.625, 82.625, 4.111347246111265e-22, nan 
74.875, 82.625, 4.0593190369404007e-22, nan 
75.125, 82.625, 3.9209028560324323e-22, nan 
75.375, 82.625, 3.1461157012818036e-22, nan 
75.625, 82.625, 3.966424966458878e-22, nan 
75.875, 82.625, 3.812379433144947e-22, nan 
76.125, 82.625, 3.760014621825095e-22, nan 
76.375, 82.625, 3.5856227378446452e-22, nan 
76.625, 82.625, 4.516564384326456e-22, nan 
76.875, 82.625, 5.897510021134946e-22, nan 
77.125, 82.625, 4.943797706176386e-22, nan 
77.375, 82.625, 4.534740417804898e-22, nan 
77.625, 82.625, 4.554946108088209e-22, nan 
77.875, 82.625, 4.2207056452749815e-22, nan 
78.125, 82.625, 3.8639662823329663e-22, nan 
78.375, 82.625, 5.070296915493649e-22, nan 
78.625, 82.625, 5.891349803491769e-22, nan 
78.875, 82.625, 5.733081377504214e-22, nan 
79.125, 82.625, 5.52567856661841e-22, nan 
79.375, 82.625, 3.5294459447357806e-22, nan 
79.625, 82.625, 2.9495316053468927e-22, nan 
79.875, 82.625, 2.6777072830199693e-22, nan 
80.125, 82.625, 2.9825727381432277e-22, nan 
80.375, 82.625, 3.311439119335276e-22, nan 
80.625, 82.625, 3.8831359933271722e-22, nan 
80.875, 82.625, 4.450777442995253e-22, nan 
81.125, 82.625, 4.407893625896841e-22, nan 
81.375, 82.625, 3.206196824239428e-22, nan 
81.625, 82.625, 4.484855069995315e-22, nan 
81.875, 82.625, 2.089077377007335e-22, nan 
82.125, 82.625, 2.316561085998101e-22, nan 
82.375, 82.625, 2.6426020581127528e-22, nan 
82.625, 82.625, 3.9846088705121975e-22, nan 
82.875, 82.625, 2.8969693036022366e-22, nan 
83.125, 82.625, 3.6794688143802925e-22, nan 
83.375, 82.625, 4.330405951402231e-22, nan 
83.625, 82.625, 3.140525779111608e-22, nan 
83.875, 82.625, 2.8081041108515526e-22, nan 
84.125, 82.625, 4.478316241023849e-22, nan 
84.375, 82.625, 6.711643439417309e-22, nan 
84.625, 82.625, 2.982645042715464e-22, nan 
84.875, 82.625, 3.7684594142306237e-22, nan 
85.125, 82.625, 4.051754753960736e-22, nan 
85.375, 82.625, 3.5195799777506686e-22, nan 
85.625, 82.625, 4.661645018722903e-22, nan 
85.875, 82.625, 4.72347351225829e-22, nan 
86.125, 82.625, 5.647906937377767e-22, nan 
86.375, 82.625, 4.049342392647726e-22, nan 
86.625, 82.625, 3.912278293296692e-22, nan 
86.875, 82.625, 2.893279736500904e-22, nan 
87.125, 82.625, 4.238061547868923e-22, nan 
87.375, 82.625, 4.776587880400105e-22, nan 
87.625, 82.625, 3.904740150977911e-22, nan 
87.875, 82.625, 4.463458350229055e-22, nan 
88.125, 82.625, 5.951545153778668e-22, nan 
88.375, 82.625, 5.627343183832265e-22, nan 
88.625, 82.625, 5.0914132980368965e-22, nan 
88.875, 82.625, 5.44911355667287e-22, nan 
89.125, 82.625, 5.895437395378447e-22, nan 
89.375, 82.625, 6.276052321227746e-22, nan 
89.625, 82.625, 5.998900112896435e-22, nan 
89.875, 82.625, 7.152570618258335e-22, nan 
90.125, 82.625, 6.457077909715954e-22, nan 
90.375, 82.625, 6.310971737891217e-22, nan 
90.625, 82.625, 6.029043155081102e-22, nan 
90.875, 82.625, 3.9870031659838004e-22, nan 
91.125, 82.625, 2.658178466286008e-22, nan 
91.375, 82.625, 7.242126710008112e-23, nan 
91.625, 82.625, 1.2695713214009466e-22, nan 
91.875, 82.625, 1.3162133541095217e-22, nan 
92.125, 82.625, 3.2535749054147036e-22, nan 
92.375, 82.625, 2.8490960615436556e-22, nan 
92.625, 82.625, 3.3246888847448793e-22, nan 
92.875, 82.625, 3.67486772416441e-22, nan 
93.125, 82.625, 3.916364258518054e-22, nan 
93.375, 82.625, 4.62097501956714e-22, nan 
93.625, 82.625, 4.841362620443403e-22, nan 
93.875, 82.625, 5.001422139101355e-22, nan 
94.125, 82.625, 5.201293694793894e-22, nan 
94.375, 82.625, 5.11935301073918e-22, nan 
94.625, 82.625, 4.50399043996351e-22, nan 
94.875, 82.625, 5.516905797868514e-22, nan 
95.125, 82.625, 5.188141123275284e-22, nan 
95.375, 82.625, 6.353700873912413e-22, nan 
95.625, 82.625, 3.7120346701332693e-22, nan 
95.875, 82.625, 6.141033723224991e-22, nan 
96.125, 82.625, 4.006609458416582e-22, nan 
96.375, 82.625, 3.604451389376167e-22, nan 
96.625, 82.625, 8.923072908729953e-22, nan 
96.875, 82.625, 8.231337878575609e-22, nan 
97.125, 82.625, 1.0297012540141066e-21, nan 
97.375, 82.625, 8.997871898027533e-22, nan 
97.625, 82.625, 7.894522477070171e-22, nan 
97.875, 82.625, 9.097087255709657e-22, nan 
98.125, 82.625, 9.316672783563273e-22, nan 
98.375, 82.625, 1.2788364597193896e-21, nan 
98.625, 82.625, 1.004428605403532e-21, nan 
98.875, 82.625, 1.1370360098613567e-21, nan 
99.125, 82.625, 1.0879330655439149e-21, nan 
99.375, 82.625, 6.576550155234112e-22, nan 
99.625, 82.625, 9.797656421039672e-22, nan 
99.875, 82.625, 8.959948343249223e-22, nan 
100.125, 82.625, 3.8877283630815276e-22, nan 
100.375, 82.625, 7.68819009550984e-22, nan 
100.625, 82.625, 4.531143243861279e-22, nan 
100.875, 82.625, 3.724011999162958e-22, nan 
101.125, 82.625, 4.556089942511011e-22, nan 
101.375, 82.625, 9.068088007525337e-22, nan 
101.625, 82.625, 9.46324561611697e-22, nan 
101.875, 82.625, 1.1439056301232017e-21, nan 
102.125, 82.625, 1.1464269782508465e-21, nan 
102.375, 82.625, 1.2143413835907785e-21, nan 
102.625, 82.625, 9.991689136992811e-22, nan 
102.875, 82.625, 1.215005220844672e-21, nan 
103.125, 82.625, 1.40978441961345e-21, nan 
103.375, 82.625, 1.5827917880810036e-21, nan 
103.625, 82.625, 1.5080645687391093e-21, nan 
103.875, 82.625, 1.4518514591782219e-21, nan 
104.125, 82.625, 1.5972674334351103e-21, nan 
104.375, 82.625, 2.0781539815713552e-21, nan 
104.625, 82.625, 1.8350506041757664e-21, nan 
104.875, 82.625, 1.567646931057716e-21, nan 
105.125, 82.625, 1.4388242376126537e-21, nan 
105.375, 82.625, 1.4395494276848108e-21, nan 
105.625, 82.625, 1.2508183386093927e-21, nan 
105.875, 82.625, 1.2413746577567516e-21, nan 
106.125, 82.625, 1.7955091926177193e-21, nan 
106.375, 82.625, 1.8772751311502678e-21, nan 
106.625, 82.625, 1.907147905110587e-21, nan 
106.875, 82.625, 1.76908914932695e-21, nan 
107.125, 82.625, 1.8450811601592656e-21, nan 
107.375, 82.625, 1.8998309194428843e-21, nan 
107.625, 82.625, 2.008829988302152e-21, nan 
107.875, 82.625, 1.976208055077177e-21, nan 
108.125, 82.625, 2.0684198340978618e-21, nan 
108.375, 82.625, 2.2921593264677082e-21, nan 
108.625, 82.625, 2.3703075944096896e-21, nan 
108.875, 82.625, 2.474884480663748e-21, nan 
109.125, 82.625, 2.6935447683922794e-21, nan 
109.375, 82.625, 2.891410134668962e-21, nan 
109.625, 82.625, 2.5629561557446588e-21, nan 
109.875, 82.625, 3.214922213987095e-21, nan 
110.125, 82.625, 3.2035003529876184e-21, nan 
110.375, 82.625, 3.1440329853926294e-21, nan 
110.625, 82.625, 3.2742673769908856e-21, nan 
110.875, 82.625, 2.5976661561016427e-21, nan 
111.125, 82.625, 2.2022014783335022e-21, nan 
111.375, 82.625, 1.5505260102294791e-21, nan 
111.625, 82.625, 1.5044544553235476e-21, nan 
111.875, 82.625, 1.1160797389706852e-21, nan 
112.125, 82.625, 8.524187746487232e-22, nan 
112.375, 82.625, 7.693995571394602e-22, nan 
112.625, 82.625, 8.085196074836996e-22, nan 
112.875, 82.625, 7.393640981399784e-22, nan 
113.125, 82.625, 6.43110191668465e-22, nan 
113.375, 82.625, 8.044002705881903e-22, nan 
113.625, 82.625, 4.911927962575535e-22, nan 
113.875, 82.625, 4.183406012247759e-22, nan 
114.125, 82.625, 3.387797659310144e-22, nan 
114.375, 82.625, 5.929871406387473e-22, nan 
114.625, 82.625, 4.516550050236276e-22, nan 
114.875, 82.625, 3.347126175300823e-22, nan 
115.125, 82.625, 1.9758695102185488e-22, nan 
115.375, 82.625, 3.3202003982867835e-22, nan 
115.625, 82.625, 2.7042720930877853e-22, nan 
115.875, 82.625, 1.6237965914883074e-22, nan 
116.125, 82.625, 2.296776707728044e-22, nan 
116.375, 82.625, 2.456157052703675e-22, nan 
116.625, 82.625, 2.216166930474595e-22, nan 
116.875, 82.625, 2.226500273404915e-22, nan 
117.125, 82.625, 2.7231185382727977e-22, nan 
117.375, 82.625, 2.029979440163275e-22, nan 
117.625, 82.625, 1.4430240893827856e-22, nan 
117.875, 82.625, 2.0449200289572782e-22, nan 
118.125, 82.625, 3.3064434320933897e-22, nan 
118.375, 82.625, 1.9936259777387788e-22, nan 
118.625, 82.625, 1.9982198358698068e-22, nan 
118.875, 82.625, 1.9071854918863231e-22, nan 
119.125, 82.625, 1.8569834495385624e-22, nan 
119.375, 82.625, 2.0982257812231346e-22, nan 
119.625, 82.625, 2.3866311340827606e-22, nan 
119.875, 82.625, 3.007321546229309e-22, nan 
120.125, 82.625, 2.1018708689826141e-22, nan 
120.375, 82.625, 2.2170505190138083e-22, nan 
120.625, 82.625, 2.418370028530178e-22, nan 
120.875, 82.625, 1.7149017020136977e-22, nan 
121.125, 82.625, 1.3456252374618064e-22, nan 
121.375, 82.625, 1.286929409640661e-22, nan 
121.625, 82.625, 1.0950207015140887e-22, nan 
121.875, 82.625, 1.267979781780959e-22, nan 
122.125, 82.625, 1.7831170639694784e-22, nan 
122.375, 82.625, 1.8420093091944409e-22, nan 
122.625, 82.625, 1.5748143524523682e-22, nan 
122.875, 82.625, 1.3053780433163262e-22, nan 
123.125, 82.625, 1.1045781771381499e-22, nan 
123.375, 82.625, 5.746184286055192e-23, nan 
123.625, 82.625, 6.136418050373176e-23, nan 
123.875, 82.625, 7.792030338585023e-23, nan 
124.125, 82.625, 1.0828387079139177e-22, nan 
124.375, 82.625, 1.226530694242952e-22, nan 
124.625, 82.625, 1.4062546303641844e-22, nan 
124.875, 82.625, 1.8489919666155502e-22, nan 
125.125, 82.625, 2.0937613918656702e-22, nan 
125.375, 82.625, 2.0775592473293322e-22, nan 
125.625, 82.625, 2.05543845855329e-22, nan 
125.875, 82.625, 2.117767715052168e-22, nan 
126.125, 82.625, 2.529474648980738e-22, nan 
126.375, 82.625, 2.6259524220885937e-22, nan 
126.625, 82.625, 2.719223985641151e-22, nan 
126.875, 82.625, 2.73684544883601e-22, nan 
127.125, 82.625, 2.7998558391433616e-22, nan 
127.375, 82.625, 2.61932257978947e-22, nan 
127.625, 82.625, 2.6133056942343184e-22, nan 
127.875, 82.625, 2.42529076004225e-22, nan 
128.125, 82.625, 2.1596336482992835e-22, nan 
128.375, 82.625, 2.0047662346533596e-22, nan 
128.625, 82.625, 1.9093967738641693e-22, nan 
128.875, 82.625, 1.7671739675879416e-22, nan 
129.125, 82.625, 1.6822194325629805e-22, nan 
129.375, 82.625, 1.9336730798508023e-22, nan 
129.625, 82.625, 1.974456232442125e-22, nan 
129.875, 82.625, 1.7566615731102843e-22, nan 
130.125, 82.625, 1.4340936662384102e-22, nan 
130.375, 82.625, 1.4430549931264356e-22, nan 
130.625, 82.625, 1.1330553624473547e-22, nan 
130.875, 82.625, 1.2063885627005355e-22, nan 
131.125, 82.625, 1.2261002247759263e-22, nan 
131.375, 82.625, 1.1826652881448416e-22, nan 
131.625, 82.625, 1.1977189101662147e-22, nan 
131.875, 82.625, 1.3573795027129305e-22, nan 
132.125, 82.625, 1.2579711433137325e-22, nan 
132.375, 82.625, 1.0456614605252824e-22, nan 
132.625, 82.625, 1.0621640694847152e-22, nan 
132.875, 82.625, 1.0334117446408533e-22, nan 
133.125, 82.625, 9.160105384832758e-23, nan 
133.375, 82.625, 7.175040865875487e-23, nan 
133.625, 82.625, 6.128933978821001e-23, nan 
133.875, 82.625, 5.582402560417593e-23, nan 
134.125, 82.625, 7.472424094023769e-23, nan 
134.375, 82.625, 8.728217925089063e-23, nan 
134.625, 82.625, 1.0621918190985078e-22, nan 
134.875, 82.625, 1.1188509057289434e-22, nan 
135.125, 82.625, 9.952377093937207e-23, nan 
135.375, 82.625, 1.1914150596779343e-22, nan 
135.625, 82.625, 1.248523552060286e-22, nan 
135.875, 82.625, 9.815677687834148e-23, nan 
136.125, 82.625, 9.643057987721455e-23, nan 
136.375, 82.625, 9.561390546828373e-23, nan 
136.625, 82.625, 1.0393672138740651e-22, nan 
136.875, 82.625, 1.0389772556371119e-22, nan 
137.125, 82.625, 1.1948681233207297e-22, nan 
137.375, 82.625, 1.1728807623974871e-22, nan 
137.625, 82.625, 8.98179409534871e-23, nan 
137.875, 82.625, 9.09654525658137e-23, nan 
138.125, 82.625, 9.394040791803844e-23, nan 
138.375, 82.625, 9.628503427491387e-23, nan 
138.625, 82.625, 9.392586270689636e-23, nan 
138.875, 82.625, 9.251950377552887e-23, nan 
139.125, 82.625, 9.710656425293257e-23, nan 
139.375, 82.625, 9.280279595784031e-23, nan 
139.625, 82.625, 8.680277378734272e-23, nan 
139.875, 82.625, 8.455566834953732e-23, nan 
140.125, 82.625, 7.86571861836179e-23, nan 
140.375, 82.625, 7.819493734706767e-23, nan 
140.625, 82.625, 8.13898458715714e-23, nan 
140.875, 82.625, 7.791243319464478e-23, nan 
141.125, 82.625, 6.991399049584162e-23, nan 
141.375, 82.625, 5.711832767822643e-23, nan 
141.625, 82.625, 6.27361308564981e-23, nan 
141.875, 82.625, 5.870805955067766e-23, nan 
142.125, 82.625, 5.1311370206626574e-23, nan 
142.375, 82.625, 5.168170349301735e-23, nan 
142.625, 82.625, 7.082380721476522e-23, nan 
142.875, 82.625, 7.415154012615853e-23, nan 
143.125, 82.625, 8.046184303333794e-23, nan 
143.375, 82.625, 7.271064396347725e-23, nan 
143.625, 82.625, 6.97879186727606e-23, nan 
143.875, 82.625, 6.900545988924275e-23, nan 
144.125, 82.625, 6.698849194490355e-23, nan 
144.375, 82.625, 7.399213384435214e-23, nan 
144.625, 82.625, 7.651123319216041e-23, nan 
144.875, 82.625, 8.233417929339524e-23, nan 
145.125, 82.625, 8.00007925979214e-23, nan 
145.375, 82.625, 7.958052109258627e-23, nan 
145.625, 82.625, 7.897150975815185e-23, nan 
145.875, 82.625, 8.137215749349994e-23, nan 
146.125, 82.625, 6.640368931323334e-23, nan 
146.375, 82.625, 5.980686677524554e-23, nan 
146.625, 82.625, 5.89169269306426e-23, nan 
146.875, 82.625, 6.143709757566414e-23, nan 
147.125, 82.625, 6.769928273077117e-23, nan 
147.375, 82.625, 6.100139133798732e-23, nan 
147.625, 82.625, 5.1800098799368324e-23, nan 
147.875, 82.625, 5.0762595692956346e-23, nan 
148.125, 82.625, 5.1682502258873937e-23, nan 
148.375, 82.625, 4.7758253657638366e-23, nan 
148.625, 82.625, 4.766166558979588e-23, nan 
148.875, 82.625, 4.62368210474379e-23, nan 
149.125, 82.625, 4.662248770164207e-23, nan 
149.375, 82.625, 4.730316307467125e-23, nan 
149.625, 82.625, 4.9101131984582166e-23, nan 
149.875, 82.625, 4.875553751330589e-23, nan 
150.125, 82.625, 4.783243851536585e-23, nan 
150.375, 82.625, 4.8736486457492755e-23, nan 
150.625, 82.625, 4.4009059513280816e-23, nan 
150.875, 82.625, 4.4990100100893563e-23, nan 
151.125, 82.625, 4.5234507626436117e-23, nan 
151.375, 82.625, 4.581585519589226e-23, nan 
151.625, 82.625, 4.442717138053744e-23, nan 
151.875, 82.625, 4.41230896557867e-23, nan 
152.125, 82.625, 4.689063368292124e-23, nan 
152.375, 82.625, 3.98728332332206e-23, nan 
152.625, 82.625, 3.9090102118413575e-23, nan 
152.875, 82.625, 3.81741780376942e-23, nan 
153.125, 82.625, 3.323576788971184e-23, nan 
153.375, 82.625, 3.399341840727885e-23, nan 
153.625, 82.625, 3.3153340164238496e-23, nan 
153.875, 82.625, 3.1201616282988256e-23, nan 
154.125, 82.625, 3.22834917938252e-23, nan 
154.375, 82.625, 3.069826626241531e-23, nan 
154.625, 82.625, 2.802176789846712e-23, nan 
154.875, 82.625, 3.0251016689315176e-23, nan 
155.125, 82.625, 2.897239204831514e-23, nan 
155.375, 82.625, 3.081251024340373e-23, nan 
155.625, 82.625, 2.9402448763721485e-23, nan 
155.875, 82.625, 2.822328063021911e-23, nan 
156.125, 82.625, 2.6990262638304146e-23, nan 
156.375, 82.625, 2.4535922961858226e-23, nan 
156.625, 82.625, 2.534933109629037e-23, nan 
156.875, 82.625, 2.454519107210746e-23, nan 
157.125, 82.625, 2.679718317457632e-23, nan 
157.375, 82.625, 2.2462718949708238e-23, nan 
157.625, 82.625, 2.1935309839106474e-23, nan 
157.875, 82.625, 2.157082699304974e-23, nan 
158.125, 82.625, 2.2165319677239024e-23, nan 
158.375, 82.625, 2.1672821131671047e-23, nan 
158.625, 82.625, 2.2582143892741298e-23, nan 
158.875, 82.625, 2.0345908310912295e-23, nan 
159.125, 82.625, 2.1385685709753906e-23, nan 
159.375, 82.625, 2.1325023856746612e-23, nan 
159.625, 82.625, 2.0630004899382112e-23, nan 
159.875, 82.625, 2.055567439530964e-23, nan 
160.125, 82.625, 1.8791159163519545e-23, nan 
160.375, 82.625, 1.9509031277296728e-23, nan 
160.625, 82.625, 1.9134101464400436e-23, nan 
160.875, 82.625, 1.748543293748421e-23, nan 
161.125, 82.625, 1.8726549831534273e-23, nan 
161.375, 82.625, 2.0408150535243152e-23, nan 
161.625, 82.625, 1.8690853812196544e-23, nan 
161.875, 82.625, 1.695350303968967e-23, nan 
162.125, 82.625, 1.66719339341485e-23, nan 
162.375, 82.625, 1.7242559437531546e-23, nan 
162.625, 82.625, 1.6242804831141398e-23, nan 
162.875, 82.625, 1.7531259018720944e-23, nan 
163.125, 82.625, 1.5581770799986047e-23, nan 
163.375, 82.625, 1.7447946366414262e-23, nan 
163.625, 82.625, 1.6283786240312482e-23, nan 
163.875, 82.625, 1.6235493252111344e-23, nan 
164.125, 82.625, 1.5159073712516034e-23, nan 
164.375, 82.625, 1.669847967173924e-23, nan 
164.625, 82.625, 1.511591000598778e-23, nan 
164.875, 82.625, 1.5932013414210624e-23, nan 
165.125, 82.625, 1.4398423505784023e-23, nan 
165.375, 82.625, 1.5522527223420827e-23, nan 
165.625, 82.625, 1.5836392198280902e-23, nan 
165.875, 82.625, 1.4619240947492083e-23, nan 
166.125, 82.625, 1.5446899627379087e-23, nan 
166.375, 82.625, 1.4510742562610576e-23, nan 
166.625, 82.625, 1.5540959093549458e-23, nan 
166.875, 82.625, 1.5634421661958568e-23, nan 
167.125, 82.625, 1.652367961540608e-23, nan 
167.375, 82.625, 1.4962820778624473e-23, nan 
167.625, 82.625, 1.5423380278588097e-23, nan 
167.875, 82.625, 1.608528141929765e-23, nan 
168.125, 82.625, 1.76316547533258e-23, nan 
168.375, 82.625, 1.5173056160447056e-23, nan 
168.625, 82.625, 1.5828683114839268e-23, nan 
168.875, 82.625, 1.650322293072682e-23, nan 
169.125, 82.625, 1.456437090452832e-23, nan 
169.375, 82.625, 1.5120998025504255e-23, nan 
169.625, 82.625, 1.486742778965872e-23, nan 
169.875, 82.625, 1.3370149460782094e-23, nan 
170.125, 82.625, 1.5396551927813306e-23, nan 
170.375, 82.625, 1.1641021631299082e-23, nan 
170.625, 82.625, 1.2509083475911794e-23, nan 
170.875, 82.625, 1.347081967136867e-23, nan 
171.125, 82.625, 1.3588580276372428e-23, nan 
171.375, 82.625, 1.24018941675472e-23, nan 
171.625, 82.625, 1.1500887053387102e-23, nan 
171.875, 82.625, 1.1302467592742929e-23, nan 
172.125, 82.625, 1.0938362257818461e-23, nan 
172.375, 82.625, 1.083747933377031e-23, nan 
172.625, 82.625, 1.0878823056818514e-23, nan 
172.875, 82.625, 9.871042526914189e-24, nan 
173.125, 82.625, 1.0737786449149457e-23, nan 
173.375, 82.625, 1.1028424055152091e-23, nan 
173.625, 82.625, 1.0766591281510202e-23, nan 
173.875, 82.625, 1.0567166461230677e-23, nan 
174.125, 82.625, 9.599021709750711e-24, nan 
174.375, 82.625, 9.127594362055499e-24, nan 
174.625, 82.625, 8.083726199390012e-24, nan 
174.875, 82.625, 8.34121830544601e-24, nan 
175.125, 82.625, 8.342819160779516e-24, nan 
175.375, 82.625, 8.12928250790647e-24, nan 
175.625, 82.625, 8.297769090253729e-24, nan 
175.875, 82.625, 6.983227054616128e-24, nan 
176.125, 82.625, 6.012679242458327e-24, nan 
176.375, 82.625, 6.318658845069104e-24, nan 
176.625, 82.625, 5.623977129439029e-24, nan 
176.875, 82.625, 5.843515641048101e-24, nan 
177.125, 82.625, 4.483428424841143e-24, nan 
177.375, 82.625, 4.722244568963214e-24, nan 
177.625, 82.625, 4.6794714421103686e-24, nan 
177.875, 82.625, 4.172811406816843e-24, nan 
178.125, 82.625, 4.194715865899672e-24, nan 
178.375, 82.625, 3.364747242559771e-24, nan 
178.625, 82.625, 3.404395121310718e-24, nan 
178.875, 82.625, 3.591033363044015e-24, nan 
179.125, 82.625, 3.1975615351251407e-24, nan 
179.375, 82.625, 3.0872677583795104e-24, nan 
179.625, 82.625, 3.6743138741628225e-24, nan 
179.875, 82.625, 4.29674669647076e-24, nan 
-179.875, 82.875, 5.7823776670834965e-24, nan 
-179.625, 82.875, 6.874947318880114e-24, nan 
-179.375, 82.875, 6.994156540441625e-24, nan 
-179.125, 82.875, 4.5146462565070735e-24, nan 
-178.875, 82.875, 3.401827007754674e-24, nan 
-178.625, 82.875, 6.481337732126832e-24, nan 
-178.375, 82.875, 6.723591567893512e-24, nan 
-178.125, 82.875, 6.970484216378412e-24, nan 
-177.875, 82.875, 6.919299346611905e-24, nan 
-177.625, 82.875, 7.705199567911782e-24, nan 
-177.375, 82.875, 8.010450478672258e-24, nan 
-177.125, 82.875, 7.372269615038719e-24, nan 
-176.875, 82.875, 5.65578296589176e-24, nan 
-176.625, 82.875, 7.302980024192924e-24, nan 
-176.375, 82.875, 8.360992033194638e-24, nan 
-176.125, 82.875, 7.816104863973189e-24, nan 
-175.875, 82.875, 7.011708501914648e-24, nan 
-175.625, 82.875, 7.477335935249613e-24, nan 
-175.375, 82.875, 7.591330379116918e-24, nan 
-175.125, 82.875, 7.82026649044583e-24, nan 
-174.875, 82.875, 6.710303680157204e-24, nan 
-174.625, 82.875, 6.922357910779847e-24, nan 
-174.375, 82.875, 7.877410065190953e-24, nan 
-174.125, 82.875, 8.67308374527899e-24, nan 
-173.875, 82.875, 8.013641901064353e-24, nan 
-173.625, 82.875, 7.678511970708478e-24, nan 
-173.375, 82.875, 7.775483816054119e-24, nan 
-173.125, 82.875, 8.2617339072857e-24, nan 
-172.875, 82.875, 8.191680180439063e-24, nan 
-172.625, 82.875, 8.098837199295289e-24, nan 
-172.375, 82.875, 8.164633440127487e-24, nan 
-172.125, 82.875, 7.717778439022811e-24, nan 
-171.875, 82.875, 8.291143406034377e-24, nan 
-171.625, 82.875, 7.989576680282256e-24, nan 
-171.375, 82.875, 8.08552564866415e-24, nan 
-171.125, 82.875, 8.042628547962516e-24, nan 
-170.875, 82.875, 8.498654046990697e-24, nan 
-170.625, 82.875, 8.06225755411355e-24, nan 
-170.375, 82.875, 8.27616582169019e-24, nan 
-170.125, 82.875, 8.069082006730819e-24, nan 
-169.875, 82.875, 8.169294883102394e-24, nan 
-169.625, 82.875, 7.90624280022775e-24, nan 
-169.375, 82.875, 7.253026815003795e-24, nan 
-169.125, 82.875, 6.468906256166701e-24, nan 
-168.875, 82.875, 7.628618806575221e-24, nan 
-168.625, 82.875, 7.641917315194909e-24, nan 
-168.375, 82.875, 6.532907919759012e-24, nan 
-168.125, 82.875, 6.970769220188543e-24, nan 
-167.875, 82.875, 6.59147664854473e-24, nan 
-167.625, 82.875, 6.075861124956213e-24, nan 
-167.375, 82.875, 7.142222456895229e-24, nan 
-167.125, 82.875, 6.386252815656353e-24, nan 
-166.875, 82.875, 5.828070883763127e-24, nan 
-166.625, 82.875, 5.698123742081009e-24, nan 
-166.375, 82.875, 6.591226542039844e-24, nan 
-166.125, 82.875, 6.987697019969464e-24, nan 
-165.875, 82.875, 5.757171548336292e-24, nan 
-165.625, 82.875, 5.793704884267576e-24, nan 
-165.375, 82.875, 5.847059599249333e-24, nan 
-165.125, 82.875, 5.803902563862727e-24, nan 
-164.875, 82.875, 5.634988930312096e-24, nan 
-164.625, 82.875, 5.9479866590990585e-24, nan 
-164.375, 82.875, 6.163954341792132e-24, nan 
-164.125, 82.875, 5.659376501605437e-24, nan 
-163.875, 82.875, 5.766213208888369e-24, nan 
-163.625, 82.875, 5.5828510221040884e-24, nan 
-163.375, 82.875, 5.766361865867845e-24, nan 
-163.125, 82.875, 6.178772040131703e-24, nan 
-162.875, 82.875, 5.8913033409067064e-24, nan 
-162.625, 82.875, 5.8725276508504085e-24, nan 
-162.375, 82.875, 6.726405905593026e-24, nan 
-162.125, 82.875, 6.82350825610649e-24, nan 
-161.875, 82.875, 6.647841980665412e-24, nan 
-161.625, 82.875, 7.157272835242566e-24, nan 
-161.375, 82.875, 7.452656019067102e-24, nan 
-161.125, 82.875, 7.65035423479871e-24, nan 
-160.875, 82.875, 7.693625139967987e-24, nan 
-160.625, 82.875, 7.246837949496624e-24, nan 
-160.375, 82.875, 7.458111998032059e-24, nan 
-160.125, 82.875, 7.006526103573597e-24, nan 
-159.875, 82.875, 6.871448695718721e-24, nan 
-159.625, 82.875, 7.261581449427413e-24, nan 
-159.375, 82.875, 7.599780120933192e-24, nan 
-159.125, 82.875, 7.824067243837015e-24, nan 
-158.875, 82.875, 7.098795107750728e-24, nan 
-158.625, 82.875, 6.837116890607524e-24, nan 
-158.375, 82.875, 8.063700750240908e-24, nan 
-158.125, 82.875, 7.399308881975337e-24, nan 
-157.875, 82.875, 7.566300171605581e-24, nan 
-157.625, 82.875, 7.651720802155628e-24, nan 
-157.375, 82.875, 7.060807639295873e-24, nan 
-157.125, 82.875, 7.613967889870315e-24, nan 
-156.875, 82.875, 8.149450647635097e-24, nan 
-156.625, 82.875, 8.191638704436015e-24, nan 
-156.375, 82.875, 7.769810526132505e-24, nan 
-156.125, 82.875, 7.452499068066098e-24, nan 
-155.875, 82.875, 7.081970047605126e-24, nan 
-155.625, 82.875, 7.341957245216949e-24, nan 
-155.375, 82.875, 7.478906755378626e-24, nan 
-155.125, 82.875, 7.666894078254323e-24, nan 
-154.875, 82.875, 7.806218948213897e-24, nan 
-154.625, 82.875, 6.5194732540235124e-24, nan 
-154.375, 82.875, 6.448041577806671e-24, nan 
-154.125, 82.875, 6.727241115821454e-24, nan 
-153.875, 82.875, 7.677843110670458e-24, nan 
-153.625, 82.875, 7.704212810201211e-24, nan 
-153.375, 82.875, 7.784251745132327e-24, nan 
-153.125, 82.875, 7.686519434471337e-24, nan 
-152.875, 82.875, 7.213521216712807e-24, nan 
-152.625, 82.875, 7.267466305383135e-24, nan 
-152.375, 82.875, 7.603829723387734e-24, nan 
-152.125, 82.875, 6.780108122660716e-24, nan 
-151.875, 82.875, 7.567790553096619e-24, nan 
-151.625, 82.875, 7.540876480350355e-24, nan 
-151.375, 82.875, 7.097191402662132e-24, nan 
-151.125, 82.875, 7.279264603771925e-24, nan 
-150.875, 82.875, 6.872908235483698e-24, nan 
-150.625, 82.875, 6.922770171690566e-24, nan 
-150.375, 82.875, 7.009607198853465e-24, nan 
-150.125, 82.875, 7.098730686311842e-24, nan 
-149.875, 82.875, 7.23370257477018e-24, nan 
-149.625, 82.875, 7.233658467720736e-24, nan 
-149.375, 82.875, 7.282547759400084e-24, nan 
-149.125, 82.875, 6.957109321949219e-24, nan 
-148.875, 82.875, 6.885062641560046e-24, nan 
-148.625, 82.875, 7.021254358495382e-24, nan 
-148.375, 82.875, 7.020578369073716e-24, nan 
-148.125, 82.875, 6.451380651021455e-24, nan 
-147.875, 82.875, 6.3326301058925725e-24, nan 
-147.625, 82.875, 6.428160519243085e-24, nan 
-147.375, 82.875, 6.213067522337334e-24, nan 
-147.125, 82.875, 5.966953021549955e-24, nan 
-146.875, 82.875, 5.803085098747765e-24, nan 
-146.625, 82.875, 5.159529834615457e-24, nan 
-146.375, 82.875, 5.3902069197407555e-24, nan 
-146.125, 82.875, 6.249465855156532e-24, nan 
-145.875, 82.875, 6.387066456090741e-24, nan 
-145.625, 82.875, 6.258468316359487e-24, nan 
-145.375, 82.875, 6.154455725346042e-24, nan 
-145.125, 82.875, 6.379934239547388e-24, nan 
-144.875, 82.875, 6.576349664891003e-24, nan 
-144.625, 82.875, 5.6125255878245974e-24, nan 
-144.375, 82.875, 5.046551891887986e-24, nan 
-144.125, 82.875, 5.337324507499911e-24, nan 
-143.875, 82.875, 4.842156103270081e-24, nan 
-143.625, 82.875, 3.877397045781876e-24, nan 
-143.375, 82.875, 3.537560109284576e-24, nan 
-143.125, 82.875, 3.900220311272629e-24, nan 
-142.875, 82.875, 3.379068746720735e-24, nan 
-142.625, 82.875, 2.8638786089106404e-24, nan 
-142.375, 82.875, 2.8819797818541542e-24, nan 
-142.125, 82.875, 3.653783933175422e-24, nan 
-141.875, 82.875, 3.7557976354379204e-24, nan 
-141.625, 82.875, 3.722677184112354e-24, nan 
-141.375, 82.875, 4.013487292513333e-24, nan 
-141.125, 82.875, 3.973470605785483e-24, nan 
-140.875, 82.875, 4.16753859766078e-24, nan 
-140.625, 82.875, 3.799240121529354e-24, nan 
-140.375, 82.875, 3.4629761860274844e-24, nan 
-140.125, 82.875, 3.660865221372176e-24, nan 
-139.875, 82.875, 3.6598049616448405e-24, nan 
-139.625, 82.875, 3.2228707590590956e-24, nan 
-139.375, 82.875, 3.1963074705356834e-24, nan 
-139.125, 82.875, 3.000966905239298e-24, nan 
-138.875, 82.875, 3.1031770254117107e-24, nan 
-138.625, 82.875, 3.276892772391906e-24, nan 
-138.375, 82.875, 3.3012397918705804e-24, nan 
-138.125, 82.875, 2.9710372229823663e-24, nan 
-137.875, 82.875, 2.875876715452712e-24, nan 
-137.625, 82.875, 3.00285636681573e-24, nan 
-137.375, 82.875, 3.0026605938641943e-24, nan 
-137.125, 82.875, 2.8954372717289873e-24, nan 
-136.875, 82.875, 2.499816311572985e-24, nan 
-136.625, 82.875, 2.6569301528357855e-24, nan 
-136.375, 82.875, 3.0333271109916595e-24, nan 
-136.125, 82.875, 3.2658721959624042e-24, nan 
-135.875, 82.875, 2.936986821789817e-24, nan 
-135.625, 82.875, 3.0839679430139734e-24, nan 
-135.375, 82.875, 4.131014317635408e-24, nan 
-135.125, 82.875, 5.257975270023497e-24, nan 
-134.875, 82.875, 4.934043919900152e-24, nan 
-134.625, 82.875, 3.879914812871708e-24, nan 
-134.375, 82.875, 4.764188416355045e-24, nan 
-134.125, 82.875, 5.475902311086053e-24, nan 
-133.875, 82.875, 5.844823888137792e-24, nan 
-133.625, 82.875, 5.45586583241926e-24, nan 
-133.375, 82.875, 4.7797923775543914e-24, nan 
-133.125, 82.875, 4.369512754011438e-24, nan 
-132.875, 82.875, 4.255116117776603e-24, nan 
-132.625, 82.875, 4.187383868749596e-24, nan 
-132.375, 82.875, 3.969391447877615e-24, nan 
-132.125, 82.875, 3.748359001449604e-24, nan 
-131.875, 82.875, 3.97233638196287e-24, nan 
-131.625, 82.875, 4.0154834841911506e-24, nan 
-131.375, 82.875, 4.059719362802554e-24, nan 
-131.125, 82.875, 4.158247507914623e-24, nan 
-130.875, 82.875, 4.388669386814957e-24, nan 
-130.625, 82.875, 4.4191023216395004e-24, nan 
-130.375, 82.875, 4.642380682140667e-24, nan 
-130.125, 82.875, 4.664839567643805e-24, nan 
-129.875, 82.875, 4.449713401908194e-24, nan 
-129.625, 82.875, 4.66063281833141e-24, nan 
-129.375, 82.875, 4.0524215852990516e-24, nan 
-129.125, 82.875, 3.3723292739146634e-24, nan 
-128.875, 82.875, 3.585639526593139e-24, nan 
-128.625, 82.875, 4.3444996905437906e-24, nan 
-128.375, 82.875, 4.9749947696959625e-24, nan 
-128.125, 82.875, 5.672724878484955e-24, nan 
-127.875, 82.875, 3.9603127799248496e-24, nan 
-127.625, 82.875, 4.192533056704036e-24, nan 
-127.375, 82.875, 5.811372992937095e-24, nan 
-127.125, 82.875, 5.813060985647511e-24, nan 
-126.875, 82.875, 1.2976880741145846e-23, nan 
-126.625, 82.875, 1.459600131890662e-23, nan 
-126.375, 82.875, 1.5929983913455072e-23, nan 
-126.125, 82.875, 1.8032663840510858e-23, nan 
-125.875, 82.875, 2.0726180529962047e-23, nan 
-125.625, 82.875, 1.7801794523825474e-23, nan 
-125.375, 82.875, 1.6354568565573703e-23, nan 
-125.125, 82.875, 1.7156766849770045e-23, nan 
-124.875, 82.875, 1.7221878464289362e-23, nan 
-124.625, 82.875, 2.6799596058577755e-23, nan 
-124.375, 82.875, 3.681328108806706e-23, nan 
-124.125, 82.875, 3.7694742914245017e-23, nan 
-123.875, 82.875, 3.9746630775976687e-23, nan 
-123.625, 82.875, 3.756257597209771e-23, nan 
-123.375, 82.875, 4.140020127141224e-23, nan 
-123.125, 82.875, 4.386517418323111e-23, nan 
-122.875, 82.875, 4.3789807015393447e-23, nan 
-122.625, 82.875, 3.742481433337466e-23, nan 
-122.375, 82.875, 3.463008182922724e-23, nan 
-122.125, 82.875, 5.1747764568718895e-23, nan 
-121.875, 82.875, 5.212808615218288e-23, nan 
-121.625, 82.875, 5.324788589539391e-23, nan 
-121.375, 82.875, 5.111540585701243e-23, nan 
-121.125, 82.875, 4.707375421230471e-23, nan 
-120.875, 82.875, 4.272376720874957e-23, nan 
-120.625, 82.875, 3.6214155182829596e-23, nan 
-120.375, 82.875, 2.98653415346129e-23, nan 
-120.125, 82.875, 2.4471743457128775e-23, nan 
-119.875, 82.875, 2.3898126137750695e-23, nan 
-119.625, 82.875, 2.0211005544198504e-23, nan 
-119.375, 82.875, 1.7214201512411624e-23, nan 
-119.125, 82.875, 1.6428792380003547e-23, nan 
-118.875, 82.875, 1.948560289661304e-23, nan 
-118.625, 82.875, 2.0665604657386833e-23, nan 
-118.375, 82.875, 2.1358079371989906e-23, nan 
-118.125, 82.875, 2.3183681314385936e-23, nan 
-117.875, 82.875, 2.1985150695450904e-23, nan 
-117.625, 82.875, 2.1236004731764191e-23, nan 
-117.375, 82.875, 2.0027891147502444e-23, nan 
-117.125, 82.875, 2.420582853247901e-23, nan 
-116.875, 82.875, 2.555856964481698e-23, nan 
-116.625, 82.875, 2.3419459148623127e-23, nan 
-116.375, 82.875, 2.2305629267521106e-23, nan 
-116.125, 82.875, 2.0483842786261314e-23, nan 
-115.875, 82.875, 2.5380953507645173e-23, nan 
-115.625, 82.875, 2.4111776996534828e-23, nan 
-115.375, 82.875, 2.0823382956453296e-23, nan 
-115.125, 82.875, 2.3115987396945536e-23, nan 
-114.875, 82.875, 2.4255532888408222e-23, nan 
-114.625, 82.875, 2.372113241200846e-23, nan 
-114.375, 82.875, 2.04136679480528e-23, nan 
-114.125, 82.875, 1.713742755517181e-23, nan 
-113.875, 82.875, 1.2449617839849033e-23, nan 
-113.625, 82.875, 1.2593791526731307e-23, nan 
-113.375, 82.875, 1.4575386908928203e-23, nan 
-113.125, 82.875, 1.3318874259389064e-23, nan 
-112.875, 82.875, 1.4316376735335198e-23, nan 
-112.625, 82.875, 1.4365685865611662e-23, nan 
-112.375, 82.875, 1.2996396130945908e-23, nan 
-112.125, 82.875, 1.0312932290412084e-23, nan 
-111.875, 82.875, 1.0202796150832659e-23, nan 
-111.625, 82.875, 9.702972992982515e-24, nan 
-111.375, 82.875, 1.2251682709223237e-23, nan 
-111.125, 82.875, 2.0909702065039977e-23, nan 
-110.875, 82.875, 1.810195871506335e-23, nan 
-110.625, 82.875, 2.7870727303667176e-23, nan 
-110.375, 82.875, 3.396055988730052e-23, nan 
-110.125, 82.875, 3.304931433809623e-23, nan 
-109.875, 82.875, 2.999916996049037e-23, nan 
-109.625, 82.875, 3.061789279088452e-23, nan 
-109.375, 82.875, 3.0757250346835866e-23, nan 
-109.125, 82.875, 2.958087076693389e-23, nan 
-108.875, 82.875, 2.724587176576385e-23, nan 
-108.625, 82.875, 2.4922484895122226e-23, nan 
-108.375, 82.875, 2.228472160783018e-23, nan 
-108.125, 82.875, 2.638904281318412e-23, nan 
-107.875, 82.875, 2.4951280323672324e-23, nan 
-107.625, 82.875, 1.9568451998855306e-23, nan 
-107.375, 82.875, 1.6982645931146782e-23, nan 
-107.125, 82.875, 1.6471019056397013e-23, nan 
-106.875, 82.875, 1.570659136966322e-23, nan 
-106.625, 82.875, 1.455939559590006e-23, nan 
-106.375, 82.875, 1.3359072243727286e-23, nan 
-106.125, 82.875, 1.0190685655022507e-23, nan 
-105.875, 82.875, 1.1194403348205121e-23, nan 
-105.625, 82.875, 1.4791189369989677e-23, nan 
-105.375, 82.875, 1.4773456222382476e-23, nan 
-105.125, 82.875, 1.4904570535184408e-23, nan 
-104.875, 82.875, 1.4483066304740532e-23, nan 
-104.625, 82.875, 1.2480827296730748e-23, nan 
-104.375, 82.875, 9.85198337450177e-24, nan 
-104.125, 82.875, 1.0668531597681247e-23, nan 
-103.875, 82.875, 1.392035687498539e-23, nan 
-103.625, 82.875, 1.9081619336929413e-23, nan 
-103.375, 82.875, 2.5641697856903517e-23, nan 
-103.125, 82.875, 2.661493861164259e-23, nan 
-102.875, 82.875, 3.189554939121649e-23, nan 
-102.625, 82.875, 3.50860615644857e-23, nan 
-102.375, 82.875, 3.14829084897948e-23, nan 
-102.125, 82.875, 2.336129322948671e-23, nan 
-101.875, 82.875, 1.8127899852360486e-23, nan 
-101.625, 82.875, 1.6432806431963343e-23, nan 
-101.375, 82.875, 2.1285955040513887e-23, nan 
-101.125, 82.875, 2.436799918920378e-23, nan 
-100.875, 82.875, 2.455093282964085e-23, nan 
-100.625, 82.875, 2.6289037963633028e-23, nan 
-100.375, 82.875, 2.681770037537417e-23, nan 
-100.125, 82.875, 2.5562759703408523e-23, nan 
-99.875, 82.875, 2.1722278935259075e-23, nan 
-99.625, 82.875, 1.8613882234091478e-23, nan 
-99.375, 82.875, 1.412205138849096e-23, nan 
-99.125, 82.875, 1.0843554391619339e-23, nan 
-98.875, 82.875, 6.6056404446331e-24, nan 
-98.625, 82.875, 9.190782718461618e-24, nan 
-98.375, 82.875, 1.321807931189632e-23, nan 
-98.125, 82.875, 1.2826079140379682e-23, nan 
-97.875, 82.875, 7.301071009960536e-24, nan 
-97.625, 82.875, 6.931846161641652e-24, nan 
-97.375, 82.875, 1.3815339656454244e-23, nan 
-97.125, 82.875, 1.1154494652991417e-23, nan 
-96.875, 82.875, 1.0671060934446361e-23, nan 
-96.625, 82.875, 7.784678076254904e-24, nan 
-96.375, 82.875, 8.70871951488589e-24, nan 
-96.125, 82.875, 9.978342496699713e-24, nan 
-95.875, 82.875, 1.0692569917439131e-23, nan 
-95.625, 82.875, 1.2729867117784968e-23, nan 
-95.375, 82.875, 1.453956027240424e-23, nan 
-95.125, 82.875, 1.5196646151266986e-23, nan 
-94.875, 82.875, 1.569355337491359e-23, nan 
-94.625, 82.875, 1.7325613138480386e-23, nan 
-94.375, 82.875, 1.5206943031958313e-23, nan 
-94.125, 82.875, 1.4935580480233488e-23, nan 
-93.875, 82.875, 1.7484324499877187e-23, nan 
-93.625, 82.875, 1.443139441259224e-23, nan 
-93.375, 82.875, 7.837530898695054e-24, nan 
-93.125, 82.875, 5.897198950174237e-24, nan 
-92.875, 82.875, 6.051897509286583e-24, nan 
-92.625, 82.875, 6.640049512256045e-24, nan 
-92.375, 82.875, 5.23813753024602e-24, nan 
-92.125, 82.875, 4.472223923270785e-24, nan 
-91.875, 82.875, 5.385086549882771e-24, nan 
-91.625, 82.875, 7.169799111799338e-24, nan 
-91.375, 82.875, 5.248289976315886e-24, nan 
-91.125, 82.875, 4.7484487575488804e-24, nan 
-90.875, 82.875, 5.3005344317881696e-24, nan 
-90.625, 82.875, 5.40757411512954e-24, nan 
-90.375, 82.875, 4.775289029369278e-24, nan 
-90.125, 82.875, 4.211728253452479e-24, nan 
-89.875, 82.875, 5.5984230744056316e-24, nan 
-89.625, 82.875, 8.117317195659203e-24, nan 
-89.375, 82.875, 7.028194331902688e-24, nan 
-89.125, 82.875, 6.631181273749751e-24, nan 
-88.875, 82.875, 6.106348981177063e-24, nan 
-88.625, 82.875, 6.244244979458614e-24, nan 
-88.375, 82.875, 7.057990552320183e-24, nan 
-88.125, 82.875, 5.619008154066396e-24, nan 
-87.875, 82.875, 6.379617349028579e-24, nan 
-87.625, 82.875, 6.708341274411829e-24, nan 
-87.375, 82.875, 8.18861917403796e-24, nan 
-87.125, 82.875, 7.66123155214304e-24, nan 
-86.875, 82.875, 5.113992127582294e-24, nan 
-86.625, 82.875, 5.044034286723071e-24, nan 
-86.375, 82.875, 4.64256288205914e-24, nan 
-86.125, 82.875, 5.858594648777481e-24, nan 
-85.875, 82.875, 6.883462648528612e-24, nan 
-85.625, 82.875, 6.2204916641388206e-24, nan 
-85.375, 82.875, 6.102283764747141e-24, nan 
-85.125, 82.875, 8.063827002781282e-24, nan 
-84.875, 82.875, 1.0210721818905247e-23, nan 
-84.625, 82.875, 7.156109450385504e-24, nan 
-84.375, 82.875, 6.663591574906756e-24, nan 
-84.125, 82.875, 9.731967082346907e-24, nan 
-83.875, 82.875, 9.906000875888537e-24, nan 
-83.625, 82.875, 7.323411019167685e-24, nan 
-83.375, 82.875, 8.09898660460726e-24, nan 
-83.125, 82.875, 7.668585395005355e-24, nan 
-82.875, 82.875, 8.318298432123609e-24, nan 
-82.625, 82.875, 6.954462240255649e-24, nan 
-82.375, 82.875, 6.312648110030346e-24, nan 
-82.125, 82.875, 5.487844113889977e-24, nan 
-81.875, 82.875, 5.98650542897513e-24, nan 
-81.625, 82.875, 6.586804452799318e-24, nan 
-81.375, 82.875, 5.149441459748552e-24, nan 
-81.125, 82.875, 5.753166549610897e-24, nan 
-80.875, 82.875, 6.446235644560748e-24, nan 
-80.625, 82.875, 6.425602260769012e-24, nan 
-80.375, 82.875, 6.899774475576652e-24, nan 
-80.125, 82.875, 7.208234757412098e-24, nan 
-79.875, 82.875, 6.896495465802363e-24, nan 
-79.625, 82.875, 6.456870259389093e-24, nan 
-79.375, 82.875, 6.4543847382147664e-24, nan 
-79.125, 82.875, 6.502890577948839e-24, nan 
-78.875, 82.875, 6.2052357732622955e-24, nan 
-78.625, 82.875, 6.057694061915667e-24, nan 
-78.375, 82.875, 6.70964440231127e-24, nan 
-78.125, 82.875, 7.097954257435466e-24, nan 
-77.875, 82.875, 7.699989433620541e-24, nan 
-77.625, 82.875, 9.081377086354926e-24, nan 
-77.375, 82.875, 1.06641347221505e-23, nan 
-77.125, 82.875, 1.1369315128834657e-23, nan 
-76.875, 82.875, 1.101173333357452e-23, nan 
-76.625, 82.875, 1.0957502576513274e-23, nan 
-76.375, 82.875, 1.0929849931743073e-23, nan 
-76.125, 82.875, 2.2138457419446907e-23, nan 
-75.875, 82.875, 2.6720178987765324e-23, nan 
-75.625, 82.875, 1.653459893453524e-23, nan 
-75.375, 82.875, 1.5068513313484818e-23, nan 
-75.125, 82.875, 2.269773799494197e-23, nan 
-74.875, 82.875, 2.3252118294102516e-23, nan 
-74.625, 82.875, 1.014623567731116e-23, nan 
-74.375, 82.875, 9.205227521858508e-24, nan 
-74.125, 82.875, 9.517021589660088e-24, nan 
-73.875, 82.875, 1.24894562719771e-23, nan 
-73.625, 82.875, 1.3600888073443644e-23, nan 
-73.375, 82.875, 1.485770549732811e-23, nan 
-73.125, 82.875, 1.642202619651319e-23, nan 
-72.875, 82.875, 1.5261474385505305e-23, nan 
-72.625, 82.875, 1.374886498529605e-23, nan 
-72.375, 82.875, 1.1637731303564253e-23, nan 
-72.125, 82.875, 8.020992392089291e-24, nan 
-71.875, 82.875, 8.595256370401153e-24, nan 
-71.625, 82.875, 1.420977578367849e-23, nan 
-71.375, 82.875, 1.4457764450463127e-23, nan 
-71.125, 82.875, 1.504093786495239e-23, nan 
-70.875, 82.875, 1.8820052186414576e-23, nan 
-70.625, 82.875, 1.7721085606455624e-23, nan 
-70.375, 82.875, 1.6188487384116505e-23, nan 
-70.125, 82.875, 1.3093381341549181e-23, nan 
-69.875, 82.875, 9.876034719853136e-24, nan 
-69.625, 82.875, 1.1613103887304711e-23, nan 
-69.375, 82.875, 9.380062429538218e-24, nan 
-69.125, 82.875, 7.228715553179005e-24, nan 
-68.875, 82.875, 5.48711053819084e-24, nan 
-68.625, 82.875, 5.015643989037418e-24, nan 
-68.375, 82.875, 4.086272054413878e-24, nan 
-68.125, 82.875, 3.8758502996055594e-24, nan 
-67.875, 82.875, 3.7197760105131284e-24, nan 
-67.625, 82.875, 3.25126858973632e-24, nan 
-67.375, 82.875, 2.4909920254742924e-24, nan 
-67.125, 82.875, 2.4534845142952526e-24, nan 
-66.875, 82.875, 2.5576036506883663e-24, nan 
-66.625, 82.875, 2.7774237196134373e-24, nan 
-66.375, 82.875, 2.6427005113186205e-24, nan 
-66.125, 82.875, 1.9972909709306272e-24, nan 
-65.875, 82.875, 2.6023531982253188e-24, nan 
-65.625, 82.875, 3.6377248396391536e-24, nan 
-65.375, 82.875, 3.616262454575523e-24, nan 
-65.125, 82.875, 2.2811608563837605e-24, nan 
-64.875, 82.875, 2.451774459005714e-24, nan 
-64.625, 82.875, 3.0273711089472184e-24, nan 
-64.375, 82.875, 2.7475569389312493e-24, nan 
-64.125, 82.875, 2.196472704456134e-24, nan 
-63.875, 82.875, 3.2509856286204452e-24, nan 
-63.625, 82.875, 2.5039900135628308e-24, nan 
-63.375, 82.875, 2.4257491429427732e-24, nan 
-63.125, 82.875, 3.7636941340352546e-24, nan 
-62.875, 82.875, 5.196465267935622e-24, nan 
-62.625, 82.875, 5.736689113372852e-24, nan 
-62.375, 82.875, 6.294940684938894e-24, nan 
-62.125, 82.875, 6.187225672974439e-24, nan 
-61.875, 82.875, 6.011438336666667e-24, nan 
-61.625, 82.875, 5.658118359843777e-24, nan 
-61.375, 82.875, 6.188394361300417e-24, nan 
-61.125, 82.875, 7.407969435566201e-24, nan 
-60.875, 82.875, 4.943304307588382e-24, nan 
-60.625, 82.875, 7.884062790375489e-24, nan 
-60.375, 82.875, 1.116228153648893e-23, nan 
-60.125, 82.875, 1.2109465264231042e-23, nan 
-59.875, 82.875, 1.571377876470391e-23, nan 
-59.625, 82.875, 1.3588918193220646e-23, nan 
-59.375, 82.875, 1.2097029893255009e-23, nan 
-59.125, 82.875, 1.6453094207311277e-23, nan 
-58.875, 82.875, 1.9963238583806505e-23, nan 
-58.625, 82.875, 1.9314458187857077e-23, nan 
-58.375, 82.875, 1.5323402077770914e-23, nan 
-58.125, 82.875, 1.6770809220311918e-23, nan 
-57.875, 82.875, 1.382027412064609e-23, nan 
-57.625, 82.875, 1.5412428630780026e-23, nan 
-57.375, 82.875, 1.7491395673674768e-23, nan 
-57.125, 82.875, 1.7482532459687436e-23, nan 
-56.875, 82.875, 1.8601515346297304e-23, nan 
-56.625, 82.875, 1.9795161128314668e-23, nan 
-56.375, 82.875, 1.9421502479964905e-23, nan 
-56.125, 82.875, 1.3244514995254987e-23, nan 
-55.875, 82.875, 1.0923550390669941e-23, nan 
-55.625, 82.875, 1.2623634242181085e-23, nan 
-55.375, 82.875, 1.287743850890602e-23, nan 
-55.125, 82.875, 1.391691185958413e-23, nan 
-54.875, 82.875, 1.5395283182505518e-23, nan 
-54.625, 82.875, 1.585085495504206e-23, nan 
-54.375, 82.875, 1.6378309986725017e-23, nan 
-54.125, 82.875, 1.655991794662147e-23, nan 
-53.875, 82.875, 1.5344953723317182e-23, nan 
-53.625, 82.875, 1.0565981658756637e-23, nan 
-53.375, 82.875, 1.2812569024250326e-23, nan 
-53.125, 82.875, 1.409343779254633e-23, nan 
-52.875, 82.875, 1.5155778931682314e-23, nan 
-52.625, 82.875, 1.7733909579685615e-23, nan 
-52.375, 82.875, 1.9128435272310958e-23, nan 
-52.125, 82.875, 1.9640271303009227e-23, nan 
-51.875, 82.875, 1.9181643459459462e-23, nan 
-51.625, 82.875, 1.426163750582214e-23, nan 
-51.375, 82.875, 9.260518821953496e-24, nan 
-51.125, 82.875, 7.073740609880928e-24, nan 
-50.875, 82.875, 7.169419018736346e-24, nan 
-50.625, 82.875, 7.004418977439878e-24, nan 
-50.375, 82.875, 6.599746924529563e-24, nan 
-50.125, 82.875, 5.793138871677547e-24, nan 
-49.875, 82.875, 4.650753445405683e-24, nan 
-49.625, 82.875, 3.86938298155787e-24, nan 
-49.375, 82.875, 3.5330355333830256e-24, nan 
-49.125, 82.875, 3.7093095007304734e-24, nan 
-48.875, 82.875, 4.612888550017664e-24, nan 
-48.625, 82.875, 6.542297215468839e-24, nan 
-48.375, 82.875, 6.957118039874633e-24, nan 
-48.125, 82.875, 6.748150121848763e-24, nan 
-47.875, 82.875, 7.19835599485866e-24, nan 
-47.625, 82.875, 7.51561928225618e-24, nan 
-47.375, 82.875, 6.756122821207976e-24, nan 
-47.125, 82.875, 5.208699251886763e-24, nan 
-46.875, 82.875, 3.808054169409722e-24, nan 
-46.625, 82.875, 3.683420364209056e-24, nan 
-46.375, 82.875, 4.56166649132586e-24, nan 
-46.125, 82.875, 5.0992338747459614e-24, nan 
-45.875, 82.875, 4.987971425079408e-24, nan 
-45.625, 82.875, 5.404335732580483e-24, nan 
-45.375, 82.875, 5.698961886381033e-24, nan 
-45.125, 82.875, 5.16585433516406e-24, nan 
-44.875, 82.875, 4.4771570660662625e-24, nan 
-44.625, 82.875, 3.716720284178269e-24, nan 
-44.375, 82.875, 2.6266592619573646e-24, nan 
-44.125, 82.875, 2.313174833545878e-24, nan 
-43.875, 82.875, 2.8332230441026862e-24, nan 
-43.625, 82.875, 2.5464035293299816e-24, nan 
-43.375, 82.875, 2.5325935848789275e-24, nan 
-43.125, 82.875, 3.0117903322082893e-24, nan 
-42.875, 82.875, 9.054328481697304e-24, nan 
-42.625, 82.875, 1.0747156531779557e-23, nan 
-42.375, 82.875, 1.1513693473752784e-23, nan 
-42.125, 82.875, 1.2474908425478367e-23, nan 
-41.875, 82.875, 1.3226187429054003e-23, nan 
-41.625, 82.875, 1.5195747383826365e-23, nan 
-41.375, 82.875, 1.6827986050591565e-23, nan 
-41.125, 82.875, 1.7641455184333738e-23, nan 
-40.875, 82.875, 1.865253820314141e-23, nan 
-40.625, 82.875, 1.4905039739469807e-23, nan 
-40.375, 82.875, 1.642233544999228e-23, nan 
-40.125, 82.875, 1.7204547009713668e-23, nan 
-39.875, 82.875, 1.7421142807804277e-23, nan 
-39.625, 82.875, 1.7612653913298965e-23, nan 
-39.375, 82.875, 1.9087029204052168e-23, nan 
-39.125, 82.875, 1.983008998647886e-23, nan 
-38.875, 82.875, 2.0233727398254193e-23, nan 
-38.625, 82.875, 1.8236407675699562e-23, nan 
-38.375, 82.875, 1.1145286755601026e-23, nan 
-38.125, 82.875, 1.00426997273016e-23, nan 
-37.875, 82.875, 9.084852612830665e-24, nan 
-37.625, 82.875, 7.49408087987904e-24, nan 
-37.375, 82.875, 7.230833813474795e-24, nan 
-37.125, 82.875, 7.133166431672455e-24, nan 
-36.875, 82.875, 7.05637909401649e-24, nan 
-36.625, 82.875, 7.831423511252812e-24, nan 
-36.375, 82.875, 1.0169777457009761e-23, nan 
-36.125, 82.875, 1.1574707597771839e-23, nan 
-35.875, 82.875, 1.0500251148976961e-23, nan 
-35.625, 82.875, 1.0300568725011751e-23, nan 
-35.375, 82.875, 1.1047934862380569e-23, nan 
-35.125, 82.875, 9.86386897014015e-24, nan 
-34.875, 82.875, 9.563726363814339e-24, nan 
-34.625, 82.875, 9.743391658087666e-24, nan 
-34.375, 82.875, 9.604377206092026e-24, nan 
-34.125, 82.875, 1.0922630194569725e-23, nan 
-33.875, 82.875, 1.1980238973754494e-23, nan 
-33.625, 82.875, 1.1171121062080795e-23, nan 
-33.375, 82.875, 1.1113387801396657e-23, nan 
-33.125, 82.875, 1.1966333776798607e-23, nan 
-32.875, 82.875, 1.1969027548350494e-23, nan 
-32.625, 82.875, 1.1822558259735788e-23, nan 
-32.375, 82.875, 1.2021867505368932e-23, nan 
-32.125, 82.875, 1.1305430787796496e-23, nan 
-31.875, 82.875, 1.044563346465774e-23, nan 
-31.625, 82.875, 8.090250060160051e-24, nan 
-31.375, 82.875, 5.4450634302806515e-24, nan 
-31.125, 82.875, 5.3170994894396726e-24, nan 
-30.875, 82.875, 5.845311414660245e-24, nan 
-30.625, 82.875, 5.534383518229037e-24, nan 
-30.375, 82.875, 4.864312295709313e-24, nan 
-30.125, 82.875, 4.212888911454781e-24, nan 
-29.875, 82.875, 4.059709653006936e-24, nan 
-29.625, 82.875, 4.396474716043326e-24, nan 
-29.375, 82.875, 4.380811639749565e-24, nan 
-29.125, 82.875, 3.905638244660995e-24, nan 
-28.875, 82.875, 3.92262973235314e-24, nan 
-28.625, 82.875, 4.3341852121746095e-24, nan 
-28.375, 82.875, 4.3698221864000504e-24, nan 
-28.125, 82.875, 4.182916274427484e-24, nan 
-27.875, 82.875, 4.20099885559832e-24, nan 
-27.625, 82.875, 4.468918268989905e-24, nan 
-27.375, 82.875, 3.997833155183709e-24, nan 
-27.125, 82.875, 3.940861626407508e-24, nan 
-26.875, 82.875, 4.059357267609571e-24, nan 
-26.625, 82.875, 4.583005119742739e-24, nan 
-26.375, 82.875, 4.860134881120676e-24, nan 
-26.125, 82.875, 4.677002779423425e-24, nan 
-25.875, 82.875, 4.421108117442957e-24, nan 
-25.625, 82.875, 4.418026570586043e-24, nan 
-25.375, 82.875, 4.526026492405493e-24, nan 
-25.125, 82.875, 4.061261201773758e-24, nan 
-24.875, 82.875, 3.522283707696154e-24, nan 
-24.625, 82.875, 3.621623521824442e-24, nan 
-24.375, 82.875, 3.825122189682104e-24, nan 
-24.125, 82.875, 3.8480372284385646e-24, nan 
-23.875, 82.875, 3.696500724957976e-24, nan 
-23.625, 82.875, 3.6689093463280595e-24, nan 
-23.375, 82.875, 3.857029070850594e-24, nan 
-23.125, 82.875, 3.930092063700242e-24, nan 
-22.875, 82.875, 4.024044533537776e-24, nan 
-22.625, 82.875, 3.898031648846533e-24, nan 
-22.375, 82.875, 3.96982503413224e-24, nan 
-22.125, 82.875, 4.2162134492966596e-24, nan 
-21.875, 82.875, 4.261112108856731e-24, nan 
-21.625, 82.875, 4.0459419775943045e-24, nan 
-21.375, 82.875, 3.555290497591738e-24, nan 
-21.125, 82.875, 3.674609048414909e-24, nan 
-20.875, 82.875, 3.7812316292785654e-24, nan 
-20.625, 82.875, 3.550655407004346e-24, nan 
-20.375, 82.875, 3.4173406715244055e-24, nan 
-20.125, 82.875, 3.362811591509412e-24, nan 
-19.875, 82.875, 3.505292334380725e-24, nan 
-19.625, 82.875, 3.917145234616387e-24, nan 
-19.375, 82.875, 3.896302383628993e-24, nan 
-19.125, 82.875, 3.776818632543422e-24, nan 
-18.875, 82.875, 3.817817165237891e-24, nan 
-18.625, 82.875, 3.912513374445196e-24, nan 
-18.375, 82.875, 3.879784393228564e-24, nan 
-18.125, 82.875, 3.962911050621859e-24, nan 
-17.875, 82.875, 3.999823157597075e-24, nan 
-17.625, 82.875, 4.301210535579075e-24, nan 
-17.375, 82.875, 4.554574103842325e-24, nan 
-17.125, 82.875, 4.0717284008429354e-24, nan 
-16.875, 82.875, 3.538899726272836e-24, nan 
-16.625, 82.875, 3.489963553546529e-24, nan 
-16.375, 82.875, 3.5545603917074434e-24, nan 
-16.125, 82.875, 3.309507618311239e-24, nan 
-15.875, 82.875, 2.578079260869183e-24, nan 
-15.625, 82.875, 1.890074507264277e-24, nan 
-15.375, 82.875, 1.9513194369414543e-24, nan 
-15.125, 82.875, 2.8245842998276207e-24, nan 
-14.875, 82.875, 3.976173457056417e-24, nan 
-14.625, 82.875, 3.5004939879427346e-24, nan 
-14.375, 82.875, 2.8822964549550944e-24, nan 
-14.125, 82.875, 3.022661615107295e-24, nan 
-13.875, 82.875, 3.4891407221018084e-24, nan 
-13.625, 82.875, 3.564194889333177e-24, nan 
-13.375, 82.875, 4.4519487761840945e-24, nan 
-13.125, 82.875, 5.1318771337973695e-24, nan 
-12.875, 82.875, 5.200144330823646e-24, nan 
-12.625, 82.875, 5.044968496319863e-24, nan 
-12.375, 82.875, 4.627956868473907e-24, nan 
-12.125, 82.875, 4.953118708360504e-24, nan 
-11.875, 82.875, 5.400988147718473e-24, nan 
-11.625, 82.875, 5.5187153466969774e-24, nan 
-11.375, 82.875, 5.527845607599137e-24, nan 
-11.125, 82.875, 5.645458048133207e-24, nan 
-10.875, 82.875, 5.690824057551459e-24, nan 
-10.625, 82.875, 5.5938286654422405e-24, nan 
-10.375, 82.875, 5.57163955440035e-24, nan 
-10.125, 82.875, 5.022512009392464e-24, nan 
-9.875, 82.875, 4.659408099925808e-24, nan 
-9.625, 82.875, 4.520484599032791e-24, nan 
-9.375, 82.875, 4.0978388896437695e-24, nan 
-9.125, 82.875, 3.98747288990358e-24, nan 
-8.875, 82.875, 3.693375034830416e-24, nan 
-8.625, 82.875, 3.318977085009073e-24, nan 
-8.375, 82.875, 3.213816745251128e-24, nan 
-8.125, 82.875, 3.2132797484483962e-24, nan 
-7.875, 82.875, 3.0385653695581272e-24, nan 
-7.625, 82.875, 2.9904510186826997e-24, nan 
-7.375, 82.875, 2.83603827958301e-24, nan 
-7.125, 82.875, 2.678311690779493e-24, nan 
-6.875, 82.875, 2.6487685261775743e-24, nan 
-6.625, 82.875, 2.7522656053271403e-24, nan 
-6.375, 82.875, 3.143609412361539e-24, nan 
-6.125, 82.875, 3.2418911047060834e-24, nan 
-5.875, 82.875, 3.157648081634177e-24, nan 
-5.625, 82.875, 3.4005004864404e-24, nan 
-5.375, 82.875, 3.631661140478046e-24, nan 
-5.125, 82.875, 3.6059821147586535e-24, nan 
-4.875, 82.875, 3.5100591840495556e-24, nan 
-4.625, 82.875, 3.8316144062174865e-24, nan 
-4.375, 82.875, 4.1239476730726335e-24, nan 
-4.125, 82.875, 4.1939420507561085e-24, nan 
-3.875, 82.875, 4.1533086547779516e-24, nan 
-3.625, 82.875, 4.117957681746697e-24, nan 
-3.375, 82.875, 4.0396483987038206e-24, nan 
-3.125, 82.875, 3.826155335431863e-24, nan 
-2.875, 82.875, 3.548309283550541e-24, nan 
-2.625, 82.875, 3.557266259802117e-24, nan 
-2.375, 82.875, 3.744052159944922e-24, nan 
-2.125, 82.875, 4.031837998846239e-24, nan 
-1.875, 82.875, 3.660041480764993e-24, nan 
-1.625, 82.875, 3.393829144274941e-24, nan 
-1.375, 82.875, 3.5785579701799184e-24, nan 
-1.125, 82.875, 3.8101714786876196e-24, nan 
-0.875, 82.875, 3.677621890832353e-24, nan 
-0.625, 82.875, 3.8077909032479144e-24, nan 
-0.375, 82.875, 4.306104748024008e-24, nan 
-0.125, 82.875, 4.510244119615703e-24, nan 
0.125, 82.875, 4.7843712559278556e-24, nan 
0.375, 82.875, 5.318362840881697e-24, nan 
0.625, 82.875, 5.125043319167909e-24, nan 
0.875, 82.875, 5.018628568895551e-24, nan 
1.125, 82.875, 5.197316642736532e-24, nan 
1.375, 82.875, 5.403004422562467e-24, nan 
1.625, 82.875, 5.547794378265766e-24, nan 
1.875, 82.875, 5.582304754112052e-24, nan 
2.125, 82.875, 5.8758498621367544e-24, nan 
2.375, 82.875, 5.94115337660901e-24, nan 
2.625, 82.875, 5.490833759645756e-24, nan 
2.875, 82.875, 5.587633111280829e-24, nan 
3.125, 82.875, 6.387072915063426e-24, nan 
3.375, 82.875, 6.013097649194624e-24, nan 
3.625, 82.875, 6.0368466907924886e-24, nan 
3.875, 82.875, 5.890441758644469e-24, nan 
4.125, 82.875, 5.315064536366226e-24, nan 
4.375, 82.875, 6.035156507225306e-24, nan 
4.625, 82.875, 7.13182611163677e-24, nan 
4.875, 82.875, 6.88215416379455e-24, nan 
5.125, 82.875, 5.407208694412629e-24, nan 
5.375, 82.875, 5.321011423642738e-24, nan 
5.625, 82.875, 5.26726435591545e-24, nan 
5.875, 82.875, 5.645355347760329e-24, nan 
6.125, 82.875, 6.181976602227023e-24, nan 
6.375, 82.875, 6.147780854938193e-24, nan 
6.625, 82.875, 6.12245316529208e-24, nan 
6.875, 82.875, 5.97790996447867e-24, nan 
7.125, 82.875, 6.209757664470879e-24, nan 
7.375, 82.875, 6.073731348588077e-24, nan 
7.625, 82.875, 5.769932788941446e-24, nan 
7.875, 82.875, 6.110008034923766e-24, nan 
8.125, 82.875, 6.408751052679559e-24, nan 
8.375, 82.875, 6.2849501304381776e-24, nan 
8.625, 82.875, 6.2884409581412525e-24, nan 
8.875, 82.875, 5.950802948521782e-24, nan 
9.125, 82.875, 5.4248040973137e-24, nan 
9.375, 82.875, 5.975563609604765e-24, nan 
9.625, 82.875, 6.543106391708189e-24, nan 
9.875, 82.875, 6.1853907797650054e-24, nan 
10.125, 82.875, 6.420155918968907e-24, nan 
10.375, 82.875, 6.3916953946209524e-24, nan 
10.625, 82.875, 5.817810910619499e-24, nan 
10.875, 82.875, 5.847487256062368e-24, nan 
11.125, 82.875, 5.895251941601661e-24, nan 
11.375, 82.875, 5.495930961231028e-24, nan 
11.625, 82.875, 5.8454540061127685e-24, nan 
11.875, 82.875, 5.903952425693097e-24, nan 
12.125, 82.875, 6.0058091723443034e-24, nan 
12.375, 82.875, 6.499175655868439e-24, nan 
12.625, 82.875, 6.05237531929681e-24, nan 
12.875, 82.875, 5.468118627833053e-24, nan 
13.125, 82.875, 6.1049510778348355e-24, nan 
13.375, 82.875, 6.35170199911608e-24, nan 
13.625, 82.875, 6.1778909787254986e-24, nan 
13.875, 82.875, 6.060038779741811e-24, nan 
14.125, 82.875, 5.7621323282537096e-24, nan 
14.375, 82.875, 5.973083348867888e-24, nan 
14.625, 82.875, 6.5270208973279566e-24, nan 
14.875, 82.875, 5.716462765884964e-24, nan 
15.125, 82.875, 4.99289684921297e-24, nan 
15.375, 82.875, 4.592767164185829e-24, nan 
15.625, 82.875, 4.6670088636919964e-24, nan 
15.875, 82.875, 4.6879055837065024e-24, nan 
16.125, 82.875, 4.802104814175393e-24, nan 
16.375, 82.875, 4.869129153073463e-24, nan 
16.625, 82.875, 5.1516394699955435e-24, nan 
16.875, 82.875, 4.8912682505799865e-24, nan 
17.125, 82.875, 3.888149785662145e-24, nan 
17.375, 82.875, 4.0291753753841895e-24, nan 
17.625, 82.875, 3.903926166774841e-24, nan 
17.875, 82.875, 4.330321270837827e-24, nan 
18.125, 82.875, 4.77690955865115e-24, nan 
18.375, 82.875, 5.009879397278493e-24, nan 
18.625, 82.875, 5.275157796004444e-24, nan 
18.875, 82.875, 5.4382128574453035e-24, nan 
19.125, 82.875, 5.65064086325684e-24, nan 
19.375, 82.875, 5.7697099005200264e-24, nan 
19.625, 82.875, 6.1138166558758905e-24, nan 
19.875, 82.875, 6.620646194388389e-24, nan 
20.125, 82.875, 7.274188588672016e-24, nan 
20.375, 82.875, 7.040274603245654e-24, nan 
20.625, 82.875, 7.07318781623033e-24, nan 
20.875, 82.875, 7.515231429466803e-24, nan 
21.125, 82.875, 7.404136313153947e-24, nan 
21.375, 82.875, 7.329025015358699e-24, nan 
21.625, 82.875, 7.051525909592954e-24, nan 
21.875, 82.875, 6.750768135800181e-24, nan 
22.125, 82.875, 6.992539967167239e-24, nan 
22.375, 82.875, 7.400711898951764e-24, nan 
22.625, 82.875, 6.736949760174748e-24, nan 
22.875, 82.875, 6.1180320437057616e-24, nan 
23.125, 82.875, 5.92137406188281e-24, nan 
23.375, 82.875, 5.994330252982491e-24, nan 
23.625, 82.875, 5.97320225130955e-24, nan 
23.875, 82.875, 5.6287291655458905e-24, nan 
24.125, 82.875, 5.477921066391646e-24, nan 
24.375, 82.875, 5.7427393091177475e-24, nan 
24.625, 82.875, 5.394292293223191e-24, nan 
24.875, 82.875, 4.8929596296917845e-24, nan 
25.125, 82.875, 5.004328991714594e-24, nan 
25.375, 82.875, 5.098790371644533e-24, nan 
25.625, 82.875, 5.163454336224613e-24, nan 
25.875, 82.875, 4.829913527118574e-24, nan 
26.125, 82.875, 4.709959662059591e-24, nan 
26.375, 82.875, 4.650781207341177e-24, nan 
26.625, 82.875, 4.793873705781443e-24, nan 
26.875, 82.875, 4.712087945523577e-24, nan 
27.125, 82.875, 4.7325241150601476e-24, nan 
27.375, 82.875, 4.7334191027303404e-24, nan 
27.625, 82.875, 4.888878202495098e-24, nan 
27.875, 82.875, 4.7650556090724225e-24, nan 
28.125, 82.875, 4.333292872985656e-24, nan 
28.375, 82.875, 3.910023417712484e-24, nan 
28.625, 82.875, 4.291071646467442e-24, nan 
28.875, 82.875, 4.237631445676913e-24, nan 
29.125, 82.875, 4.207404166535977e-24, nan 
29.375, 82.875, 4.184624568486819e-24, nan 
29.625, 82.875, 4.165034122123822e-24, nan 
29.875, 82.875, 4.247299234665707e-24, nan 
30.125, 82.875, 4.419121265624515e-24, nan 
30.375, 82.875, 4.391941989911983e-24, nan 
30.625, 82.875, 3.88514070992295e-24, nan 
30.875, 82.875, 3.963227127912862e-24, nan 
31.125, 82.875, 4.142314217419597e-24, nan 
31.375, 82.875, 3.5644795812875605e-24, nan 
31.625, 82.875, 3.4059822995551234e-24, nan 
31.875, 82.875, 3.579502290626724e-24, nan 
32.125, 82.875, 3.9030435392560735e-24, nan 
32.375, 82.875, 3.675335965538854e-24, nan 
32.625, 82.875, 3.2536984496363913e-24, nan 
32.875, 82.875, 3.682455731577692e-24, nan 
33.125, 82.875, 3.7533990363158106e-24, nan 
33.375, 82.875, 3.7305633217237945e-24, nan 
33.625, 82.875, 3.449383771071109e-24, nan 
33.875, 82.875, 3.2251865845165435e-24, nan 
34.125, 82.875, 3.756444595909411e-24, nan 
34.375, 82.875, 5.067413132777206e-24, nan 
34.625, 82.875, 5.232875487841403e-24, nan 
34.875, 82.875, 6.806036459096772e-24, nan 
35.125, 82.875, 1.1849755103711816e-23, nan 
35.375, 82.875, 2.5817375587752093e-23, nan 
35.625, 82.875, 3.109943879764887e-23, nan 
35.875, 82.875, 3.354736026177922e-23, nan 
36.125, 82.875, 3.5682441731804054e-23, nan 
36.375, 82.875, 4.5159595896596185e-23, nan 
36.625, 82.875, 4.3684117770733085e-23, nan 
36.875, 82.875, 4.4338300971737975e-23, nan 
37.125, 82.875, 4.590210362404955e-23, nan 
37.375, 82.875, 5.092322091235333e-23, nan 
37.625, 82.875, 5.509426383269179e-23, nan 
37.875, 82.875, 6.320687197522606e-23, nan 
38.125, 82.875, 6.591349544887714e-23, nan 
38.375, 82.875, 7.09071110546847e-23, nan 
38.625, 82.875, 8.699268554891063e-23, nan 
38.875, 82.875, 8.308919202021255e-23, nan 
39.125, 82.875, 8.140229116208791e-23, nan 
39.375, 82.875, 8.277511580299754e-23, nan 
39.625, 82.875, 9.122487984917807e-23, nan 
39.875, 82.875, 8.080304653937424e-23, nan 
40.125, 82.875, 8.12405113170888e-23, nan 
40.375, 82.875, 8.463486214852633e-23, nan 
40.625, 82.875, 8.642420746746983e-23, nan 
40.875, 82.875, 8.573837806267125e-23, nan 
41.125, 82.875, 9.061285049992195e-23, nan 
41.375, 82.875, 9.11648507100286e-23, nan 
41.625, 82.875, 9.506824736590797e-23, nan 
41.875, 82.875, 9.818029813183337e-23, nan 
42.125, 82.875, 1.0097493722546496e-22, nan 
42.375, 82.875, 1.0576004537442052e-22, nan 
42.625, 82.875, 1.1755201084307124e-22, nan 
42.875, 82.875, 1.1347435302551373e-22, nan 
43.125, 82.875, 1.1365001451324904e-22, nan 
43.375, 82.875, 1.1975025245699399e-22, nan 
43.625, 82.875, 1.165554037634897e-22, nan 
43.875, 82.875, 1.1785840706335892e-22, nan 
44.125, 82.875, 1.1432799863988546e-22, nan 
44.375, 82.875, 1.0441637364834832e-22, nan 
44.625, 82.875, 1.0582203388090925e-22, nan 
44.875, 82.875, 1.0613844332865451e-22, nan 
45.125, 82.875, 1.016768483069369e-22, nan 
45.375, 82.875, 1.0472161538090944e-22, nan 
45.625, 82.875, 1.062781842140034e-22, nan 
45.875, 82.875, 1.0068791495078932e-22, nan 
46.125, 82.875, 9.746624454331259e-23, nan 
46.375, 82.875, 1.0628229852413543e-22, nan 
46.625, 82.875, 9.755646673434052e-23, nan 
46.875, 82.875, 8.956716016646674e-23, nan 
47.125, 82.875, 9.12923959839997e-23, nan 
47.375, 82.875, 1.0342630296393731e-22, nan 
47.625, 82.875, 1.0752310766255947e-22, nan 
47.875, 82.875, 1.1633316408599645e-22, nan 
48.125, 82.875, 1.0283561059973124e-22, nan 
48.375, 82.875, 1.1003319193039132e-22, nan 
48.625, 82.875, 1.0134417811419295e-22, nan 
48.875, 82.875, 9.215412966876001e-23, nan 
49.125, 82.875, 8.306766138188341e-23, nan 
49.375, 82.875, 9.696735313301325e-23, nan 
49.625, 82.875, 1.1106104356914167e-22, nan 
49.875, 82.875, 1.2639939863966792e-22, nan 
50.125, 82.875, 1.3223216710408579e-22, nan 
50.375, 82.875, 1.2812303077256694e-22, nan 
50.625, 82.875, 1.352669963654279e-22, nan 
50.875, 82.875, 1.5015998597346472e-22, nan 
51.125, 82.875, 1.4391822825148155e-22, nan 
51.375, 82.875, 1.523578098598687e-22, nan 
51.625, 82.875, 1.7772514338407105e-22, nan 
51.875, 82.875, 1.7590574756486182e-22, nan 
52.125, 82.875, 1.6902736442780598e-22, nan 
52.375, 82.875, 1.741072299815696e-22, nan 
52.625, 82.875, 1.7763498894178683e-22, nan 
52.875, 82.875, 1.6963176771769425e-22, nan 
53.125, 82.875, 1.649478766001099e-22, nan 
53.375, 82.875, 1.7977871903637924e-22, nan 
53.625, 82.875, 1.8141766343901e-22, nan 
53.875, 82.875, 1.6369531239405722e-22, nan 
54.125, 82.875, 1.7186430586290337e-22, nan 
54.375, 82.875, 1.902955757071688e-22, nan 
54.625, 82.875, 2.353319151359137e-22, nan 
54.875, 82.875, 2.2711882918076007e-22, nan 
55.125, 82.875, 2.2479011020243224e-22, nan 
55.375, 82.875, 2.3225492905029677e-22, nan 
55.625, 82.875, 2.404450551296384e-22, nan 
55.875, 82.875, 2.5531048226121015e-22, nan 
56.125, 82.875, 2.229340253223626e-22, nan 
56.375, 82.875, 2.3935073162128593e-22, nan 
56.625, 82.875, 2.524311087538545e-22, nan 
56.875, 82.875, 2.842387209128093e-22, nan 
57.125, 82.875, 2.5367149074797193e-22, nan 
57.375, 82.875, 2.2764604449309687e-22, nan 
57.625, 82.875, 2.4329607226573346e-22, nan 
57.875, 82.875, 2.0809378499273098e-22, nan 
58.125, 82.875, 1.809476670640794e-22, nan 
58.375, 82.875, 1.4243938725111665e-22, nan 
58.625, 82.875, 1.4941237217606392e-22, nan 
58.875, 82.875, 7.661152885481818e-23, nan 
59.125, 82.875, 2.432680145957117e-23, nan 
59.375, 82.875, 2.8462452945472656e-23, nan 
59.625, 82.875, 3.8975551452644894e-23, nan 
59.875, 82.875, 5.313885650404408e-23, nan 
60.125, 82.875, 6.458409830332555e-23, nan 
60.375, 82.875, 7.843776385865033e-23, nan 
60.625, 82.875, 9.38852737729683e-23, nan 
60.875, 82.875, 1.1415330774646365e-22, nan 
61.125, 82.875, 1.1561155801194498e-22, nan 
61.375, 82.875, 1.129693742753522e-22, nan 
61.625, 82.875, 1.2170204336643566e-22, nan 
61.875, 82.875, 1.4843486291395123e-22, nan 
62.125, 82.875, 1.5660066831129713e-22, nan 
62.375, 82.875, 1.3424231852974599e-22, nan 
62.625, 82.875, 1.501827562150328e-22, nan 
62.875, 82.875, 1.8824684449241896e-22, nan 
63.125, 82.875, 2.336098226636378e-22, nan 
63.375, 82.875, 2.5651743085977725e-22, nan 
63.625, 82.875, 2.547019446864688e-22, nan 
63.875, 82.875, 2.7785289487464717e-22, nan 
64.125, 82.875, 3.0791013354693457e-22, nan 
64.375, 82.875, 3.1634770425123196e-22, nan 
64.625, 82.875, 1.981790429039866e-22, nan 
64.875, 82.875, 8.722330781408564e-23, nan 
65.125, 82.875, 1.1290402689362512e-22, nan 
65.375, 82.875, 1.7805477821549698e-22, nan 
65.625, 82.875, 2.177578330213221e-22, nan 
65.875, 82.875, 2.50893066457588e-22, nan 
66.125, 82.875, 2.704168683188723e-22, nan 
66.375, 82.875, 2.8645331194038217e-22, nan 
66.625, 82.875, 2.798955423863326e-22, nan 
66.875, 82.875, 2.631061354122282e-22, nan 
67.125, 82.875, 2.417846368231585e-22, nan 
67.375, 82.875, 2.5447566980233962e-22, nan 
67.625, 82.875, 2.746515883332025e-22, nan 
67.875, 82.875, 2.611520494593044e-22, nan 
68.125, 82.875, 2.512805965674718e-22, nan 
68.375, 82.875, 2.693094016894424e-22, nan 
68.625, 82.875, 2.543194723827842e-22, nan 
68.875, 82.875, 2.440675553477835e-22, nan 
69.125, 82.875, 2.3153625517737e-22, nan 
69.375, 82.875, 1.9872954790947883e-22, nan 
69.625, 82.875, 1.7782405182633639e-22, nan 
69.875, 82.875, 1.6014180961299577e-22, nan 
70.125, 82.875, 1.1431924425626547e-22, nan 
70.375, 82.875, 1.2369760188539914e-22, nan 
70.625, 82.875, 9.896566777836184e-23, nan 
70.875, 82.875, 1.0788856534877348e-22, nan 
71.125, 82.875, 1.1509208062093936e-22, nan 
71.375, 82.875, 1.633331347590374e-22, nan 
71.625, 82.875, 1.7844935016910346e-22, nan 
71.875, 82.875, 3.7778048261244757e-22, nan 
72.125, 82.875, 4.568472723625045e-22, nan 
72.375, 82.875, 4.214308543434304e-22, nan 
72.625, 82.875, 5.000213254347043e-22, nan 
72.875, 82.875, 3.810953883527603e-22, nan 
73.125, 82.875, 3.7087060911643004e-22, nan 
73.375, 82.875, 3.7885552749227958e-22, nan 
73.625, 82.875, 1.8420563124613595e-22, nan 
73.875, 82.875, 1.9270920298549233e-22, nan 
74.125, 82.875, 2.5184945292526936e-22, nan 
74.375, 82.875, 2.4955895863784966e-22, nan 
74.625, 82.875, 2.7738482072449914e-22, nan 
74.875, 82.875, 4.0332668092404135e-22, nan 
75.125, 82.875, 3.5084356608868538e-22, nan 
75.375, 82.875, 2.775921630971216e-22, nan 
75.625, 82.875, 3.7835649509481257e-22, nan 
75.875, 82.875, 3.2729799020923155e-22, nan 
76.125, 82.875, 3.011621772415208e-22, nan 
76.375, 82.875, 2.978630623074963e-22, nan 
76.625, 82.875, 3.4259031608842036e-22, nan 
76.875, 82.875, 3.9919494159555185e-22, nan 
77.125, 82.875, 3.32708679569408e-22, nan 
77.375, 82.875, 3.2400482580241123e-22, nan 
77.625, 82.875, 2.2303539538890023e-22, nan 
77.875, 82.875, 1.7145629578517031e-22, nan 
78.125, 82.875, 1.2998807263466301e-22, nan 
78.375, 82.875, 1.0089968461527703e-22, nan 
78.625, 82.875, 1.4762050705223385e-22, nan 
78.875, 82.875, 1.2498966352140374e-22, nan 
79.125, 82.875, 8.797005862723786e-23, nan 
79.375, 82.875, 1.290722916606514e-22, nan 
79.625, 82.875, 1.2764071154219707e-22, nan 
79.875, 82.875, 8.168670258367016e-23, nan 
80.125, 82.875, 5.456375139793815e-23, nan 
80.375, 82.875, 4.6288778475520296e-23, nan 
80.625, 82.875, 9.160845067421182e-23, nan 
80.875, 82.875, 8.158821653775506e-23, nan 
81.125, 82.875, 6.383380345497077e-23, nan 
81.375, 82.875, 1.3412064386920696e-22, nan 
81.625, 82.875, 1.4379576643795967e-22, nan 
81.875, 82.875, 2.497837324450603e-22, nan 
82.125, 82.875, 2.774787228740115e-22, nan 
82.375, 82.875, 2.5926150836566964e-22, nan 
82.625, 82.875, 2.4642336036469205e-22, nan 
82.875, 82.875, 3.4056849479484025e-22, nan 
83.125, 82.875, 3.52884357158883e-22, nan 
83.375, 82.875, 3.717573624970817e-22, nan 
83.625, 82.875, 3.586605715886897e-22, nan 
83.875, 82.875, 3.6534462053601668e-22, nan 
84.125, 82.875, 4.194324624599916e-22, nan 
84.375, 82.875, 5.307140604820374e-22, nan 
84.625, 82.875, 3.661538490564863e-22, nan 
84.875, 82.875, 3.6084212094610854e-22, nan 
85.125, 82.875, 3.925254251317705e-22, nan 
85.375, 82.875, 4.0843532777321885e-22, nan 
85.625, 82.875, 4.455294319703328e-22, nan 
85.875, 82.875, 5.000577550606134e-22, nan 
86.125, 82.875, 5.016444668286647e-22, nan 
86.375, 82.875, 6.092559358880526e-22, nan 
86.625, 82.875, 7.4557696361524415e-22, nan 
86.875, 82.875, 3.279326595671816e-22, nan 
87.125, 82.875, 3.3292899168446917e-22, nan 
87.375, 82.875, 4.1449963041571517e-22, nan 
87.625, 82.875, 3.24834825787188e-22, nan 
87.875, 82.875, 3.5296177121872757e-22, nan 
88.125, 82.875, 5.600506332878348e-22, nan 
88.375, 82.875, 5.7400377989699235e-22, nan 
88.625, 82.875, 5.640299156037402e-22, nan 
88.875, 82.875, 7.149387144503519e-22, nan 
89.125, 82.875, 7.235308995639298e-22, nan 
89.375, 82.875, 7.007192562410239e-22, nan 
89.625, 82.875, 6.642679918812871e-22, nan 
89.875, 82.875, 7.2638950061612585e-22, nan 
90.125, 82.875, 7.088211615163883e-22, nan 
90.375, 82.875, 7.386409683372284e-22, nan 
90.625, 82.875, 6.668624894727278e-22, nan 
90.875, 82.875, 5.118960706055851e-22, nan 
91.125, 82.875, 6.563186675069583e-22, nan 
91.375, 82.875, 9.727010230711803e-22, nan 
91.625, 82.875, 1.0041423648374969e-21, nan 
91.875, 82.875, 1.0146217989590792e-21, nan 
92.125, 82.875, 9.84714261181345e-22, nan 
92.375, 82.875, 1.0302864351662046e-21, nan 
92.625, 82.875, 1.149269986864613e-21, nan 
92.875, 82.875, 1.0785604653286713e-21, nan 
93.125, 82.875, 9.935731775865241e-22, nan 
93.375, 82.875, 7.5078691770210605e-22, nan 
93.625, 82.875, 8.166289719024003e-22, nan 
93.875, 82.875, 8.994225052541107e-22, nan 
94.125, 82.875, 7.833185153270787e-22, nan 
94.375, 82.875, 8.231958972912598e-22, nan 
94.625, 82.875, 8.322120155056732e-22, nan 
94.875, 82.875, 8.268775413942002e-22, nan 
95.125, 82.875, 7.788557509397229e-22, nan 
95.375, 82.875, 9.077317012878039e-22, nan 
95.625, 82.875, 9.209246210520471e-22, nan 
95.875, 82.875, 9.244136632617957e-22, nan 
96.125, 82.875, 7.834875412018436e-22, nan 
96.375, 82.875, 8.2668703523194e-22, nan 
96.625, 82.875, 9.356381454357796e-22, nan 
96.875, 82.875, 9.332391522270534e-22, nan 
97.125, 82.875, 8.862541244509783e-22, nan 
97.375, 82.875, 8.0523470131514675e-22, nan 
97.625, 82.875, 1.0694216661377315e-21, nan 
97.875, 82.875, 9.839156281617376e-22, nan 
98.125, 82.875, 6.132479299044682e-22, nan 
98.375, 82.875, 9.934945146397062e-22, nan 
98.625, 82.875, 1.0596255194298658e-21, nan 
98.875, 82.875, 9.980783573651065e-22, nan 
99.125, 82.875, 1.115475388974073e-21, nan 
99.375, 82.875, 1.1612745862980347e-21, nan 
99.625, 82.875, 1.258208127558685e-21, nan 
99.875, 82.875, 1.403897984455121e-21, nan 
100.125, 82.875, 1.3506307561835411e-21, nan 
100.375, 82.875, 1.0037861635267222e-21, nan 
100.625, 82.875, 1.2414318123852654e-21, nan 
100.875, 82.875, 1.5540231545492076e-21, nan 
101.125, 82.875, 1.4823052677690219e-21, nan 
101.375, 82.875, 1.796137407393287e-21, nan 
101.625, 82.875, 1.863621298847375e-21, nan 
101.875, 82.875, 2.0657587540489987e-21, nan 
102.125, 82.875, 2.084591974058266e-21, nan 
102.375, 82.875, 1.785161581888798e-21, nan 
102.625, 82.875, 1.4527869330019368e-21, nan 
102.875, 82.875, 1.545477615101517e-21, nan 
103.125, 82.875, 2.3505806361884016e-21, nan 
103.375, 82.875, 2.5503437984867857e-21, nan 
103.625, 82.875, 2.5441112677328006e-21, nan 
103.875, 82.875, 2.2939571445526564e-21, nan 
104.125, 82.875, 2.482785368445266e-21, nan 
104.375, 82.875, 2.6626466134246228e-21, nan 
104.625, 82.875, 2.4369514746185726e-21, nan 
104.875, 82.875, 2.3145504605960162e-21, nan 
105.125, 82.875, 2.0844362738268418e-21, nan 
105.375, 82.875, 1.991913267733101e-21, nan 
105.625, 82.875, 1.923711183914486e-21, nan 
105.875, 82.875, 1.8911638164120456e-21, nan 
106.125, 82.875, 2.0130954752248495e-21, nan 
106.375, 82.875, 1.7869812822936967e-21, nan 
106.625, 82.875, 1.7531624877669613e-21, nan 
106.875, 82.875, 1.6650897618383774e-21, nan 
107.125, 82.875, 1.1498493650154942e-21, nan 
107.375, 82.875, 1.2059152906556499e-21, nan 
107.625, 82.875, 1.473057526974689e-21, nan 
107.875, 82.875, 1.5605129184426812e-21, nan 
108.125, 82.875, 1.39225973680912e-21, nan 
108.375, 82.875, 1.7690224040531164e-21, nan 
108.625, 82.875, 1.7360240195076347e-21, nan 
108.875, 82.875, 1.7965669130742195e-21, nan 
109.125, 82.875, 2.2574074869254172e-21, nan 
109.375, 82.875, 2.495631815549803e-21, nan 
109.625, 82.875, 2.2128693240613182e-21, nan 
109.875, 82.875, 2.8047554143004695e-21, nan 
110.125, 82.875, 3.120825491792691e-21, nan 
110.375, 82.875, 3.015252466641651e-21, nan 
110.625, 82.875, 3.018453216932337e-21, nan 
110.875, 82.875, 2.6492136815280595e-21, nan 
111.125, 82.875, 2.304459880120778e-21, nan 
111.375, 82.875, 1.7262504376095477e-21, nan 
111.625, 82.875, 1.6293951770994709e-21, nan 
111.875, 82.875, 1.4568124183046461e-21, nan 
112.125, 82.875, 1.6808468489902901e-21, nan 
112.375, 82.875, 1.9457093993987294e-21, nan 
112.625, 82.875, 1.8323177118651208e-21, nan 
112.875, 82.875, 1.7388211803470786e-21, nan 
113.125, 82.875, 1.6839685905398498e-21, nan 
113.375, 82.875, 1.551934715755788e-21, nan 
113.625, 82.875, 1.0549430583311232e-21, nan 
113.875, 82.875, 8.863118274849295e-22, nan 
114.125, 82.875, 7.531115231809963e-22, nan 
114.375, 82.875, 5.364222497724103e-22, nan 
114.625, 82.875, 4.388317340819654e-22, nan 
114.875, 82.875, 4.664169612132299e-22, nan 
115.125, 82.875, 4.896618454063713e-22, nan 
115.375, 82.875, 4.701132729687524e-22, nan 
115.625, 82.875, 4.426741015492582e-22, nan 
115.875, 82.875, 4.237595491389824e-22, nan 
116.125, 82.875, 4.317327875614912e-22, nan 
116.375, 82.875, 4.397285340755382e-22, nan 
116.625, 82.875, 4.581940551995325e-22, nan 
116.875, 82.875, 3.6216462357103464e-22, nan 
117.125, 82.875, 2.6845916682787657e-22, nan 
117.375, 82.875, 2.2105043412367154e-22, nan 
117.625, 82.875, 2.890076928944843e-22, nan 
117.875, 82.875, 3.0515363158624384e-22, nan 
118.125, 82.875, 2.6345226610206646e-22, nan 
118.375, 82.875, 3.587135791947455e-22, nan 
118.625, 82.875, 3.507061229143694e-22, nan 
118.875, 82.875, 2.6681711170270427e-22, nan 
119.125, 82.875, 2.4658201416625284e-22, nan 
119.375, 82.875, 3.2886150666237487e-22, nan 
119.625, 82.875, 3.443788171400023e-22, nan 
119.875, 82.875, 3.012844620995228e-22, nan 
120.125, 82.875, 2.457531240188351e-22, nan 
120.375, 82.875, 2.2212218201933735e-22, nan 
120.625, 82.875, 2.234431703179596e-22, nan 
120.875, 82.875, 1.4780230547820814e-22, nan 
121.125, 82.875, 1.257391597811489e-22, nan 
121.375, 82.875, 1.4108055605152338e-22, nan 
121.625, 82.875, 1.7468548879661376e-22, nan 
121.875, 82.875, 2.2928824364614436e-22, nan 
122.125, 82.875, 1.8105523593539738e-22, nan 
122.375, 82.875, 1.8529501189729485e-22, nan 
122.625, 82.875, 1.8049802028310112e-22, nan 
122.875, 82.875, 1.8668469624579936e-22, nan 
123.125, 82.875, 1.787899361511099e-22, nan 
123.375, 82.875, 1.9835652597952313e-22, nan 
123.625, 82.875, 2.5562058490534296e-22, nan 
123.875, 82.875, 2.5253691050695263e-22, nan 
124.125, 82.875, 2.159683978626438e-22, nan 
124.375, 82.875, 2.126091486225448e-22, nan 
124.625, 82.875, 2.3163860879142953e-22, nan 
124.875, 82.875, 2.3909296459019523e-22, nan 
125.125, 82.875, 2.167724038767825e-22, nan 
125.375, 82.875, 1.6590713078901032e-22, nan 
125.625, 82.875, 1.1845598948180802e-22, nan 
125.875, 82.875, 9.850696506087112e-23, nan 
126.125, 82.875, 1.059439576285873e-22, nan 
126.375, 82.875, 8.883000121289149e-23, nan 
126.625, 82.875, 6.410237287650157e-23, nan 
126.875, 82.875, 9.069722825100212e-23, nan 
127.125, 82.875, 7.881456141369809e-23, nan 
127.375, 82.875, 6.552879537496648e-23, nan 
127.625, 82.875, 5.036391199536459e-23, nan 
127.875, 82.875, 6.069698050219661e-23, nan 
128.125, 82.875, 7.921400024912962e-23, nan 
128.375, 82.875, 1.2494937953953363e-22, nan 
128.625, 82.875, 1.066948579602887e-22, nan 
128.875, 82.875, 6.899796593920181e-23, nan 
129.125, 82.875, 8.804288637058865e-23, nan 
129.375, 82.875, 1.2023238415663882e-22, nan 
129.625, 82.875, 1.3162720142418946e-22, nan 
129.875, 82.875, 1.0687382406129526e-22, nan 
130.125, 82.875, 1.0114987010364461e-22, nan 
130.375, 82.875, 1.1580524479888428e-22, nan 
130.625, 82.875, 1.092246514642053e-22, nan 
130.875, 82.875, 1.092937086054075e-22, nan 
131.125, 82.875, 1.057148284883236e-22, nan 
131.375, 82.875, 1.0419515849052708e-22, nan 
131.625, 82.875, 1.0269691799455803e-22, nan 
131.875, 82.875, 1.100406141069023e-22, nan 
132.125, 82.875, 1.0412443339171066e-22, nan 
132.375, 82.875, 9.199562710893497e-23, nan 
132.625, 82.875, 9.768085086234994e-23, nan 
132.875, 82.875, 8.303234628867257e-23, nan 
133.125, 82.875, 6.425968660911719e-23, nan 
133.375, 82.875, 4.9061505066040886e-23, nan 
133.625, 82.875, 5.692340253110671e-23, nan 
133.875, 82.875, 7.735670368025393e-23, nan 
134.125, 82.875, 6.246542894073276e-23, nan 
134.375, 82.875, 4.9816623045867195e-23, nan 
134.625, 82.875, 3.6467066000833626e-23, nan 
134.875, 82.875, 3.7093684848816565e-23, nan 
135.125, 82.875, 2.4293052329208942e-23, nan 
135.375, 82.875, 4.656011540353638e-23, nan 
135.625, 82.875, 6.652518398883985e-23, nan 
135.875, 82.875, 7.357521785679519e-23, nan 
136.125, 82.875, 8.691364226129387e-23, nan 
136.375, 82.875, 8.16468521825306e-23, nan 
136.625, 82.875, 8.799110265869643e-23, nan 
136.875, 82.875, 1.4676407023199222e-22, nan 
137.125, 82.875, 1.8414747936299519e-22, nan 
137.375, 82.875, 1.833920558922394e-22, nan 
137.625, 82.875, 1.3697076584493853e-22, nan 
137.875, 82.875, 1.2218739382956445e-22, nan 
138.125, 82.875, 1.2946144192372125e-22, nan 
138.375, 82.875, 1.2580896433531145e-22, nan 
138.625, 82.875, 1.2199830333955587e-22, nan 
138.875, 82.875, 1.3296985056341132e-22, nan 
139.125, 82.875, 1.3637336763913214e-22, nan 
139.375, 82.875, 1.3618275755534157e-22, nan 
139.625, 82.875, 1.2416769048476132e-22, nan 
139.875, 82.875, 9.594084283769854e-23, nan 
140.125, 82.875, 8.097872549001318e-23, nan 
140.375, 82.875, 7.110749337638754e-23, nan 
140.625, 82.875, 7.057125879913286e-23, nan 
140.875, 82.875, 5.823298360959978e-23, nan 
141.125, 82.875, 5.754221075814611e-23, nan 
141.375, 82.875, 4.9687621011524696e-23, nan 
141.625, 82.875, 4.58510336376819e-23, nan 
141.875, 82.875, 3.967689983245729e-23, nan 
142.125, 82.875, 3.913088958659392e-23, nan 
142.375, 82.875, 4.0304477386092145e-23, nan 
142.625, 82.875, 3.0866597677782324e-23, nan 
142.875, 82.875, 2.018856176618407e-23, nan 
143.125, 82.875, 2.7356720706672175e-23, nan 
143.375, 82.875, 3.089001263193428e-23, nan 
143.625, 82.875, 2.7670335039106494e-23, nan 
143.875, 82.875, 2.8110453656196525e-23, nan 
144.125, 82.875, 3.909297108240699e-23, nan 
144.375, 82.875, 4.736078817644716e-23, nan 
144.625, 82.875, 4.547347930080214e-23, nan 
144.875, 82.875, 4.544579898701076e-23, nan 
145.125, 82.875, 5.48678413657776e-23, nan 
145.375, 82.875, 6.599267246867003e-23, nan 
145.625, 82.875, 6.039194789226308e-23, nan 
145.875, 82.875, 7.039582964841286e-23, nan 
146.125, 82.875, 6.628853535635223e-23, nan 
146.375, 82.875, 6.589985638185564e-23, nan 
146.625, 82.875, 7.004984122068394e-23, nan 
146.875, 82.875, 6.806341432787948e-23, nan 
147.125, 82.875, 7.2404922202671e-23, nan 
147.375, 82.875, 6.974560182390881e-23, nan 
147.625, 82.875, 6.906076360533862e-23, nan 
147.875, 82.875, 6.69985787403698e-23, nan 
148.125, 82.875, 7.170050444936234e-23, nan 
148.375, 82.875, 6.763289793520748e-23, nan 
148.625, 82.875, 6.378069378571894e-23, nan 
148.875, 82.875, 6.494894672688144e-23, nan 
149.125, 82.875, 6.321230410927147e-23, nan 
149.375, 82.875, 6.555898973995043e-23, nan 
149.625, 82.875, 6.05705956596518e-23, nan 
149.875, 82.875, 5.051379481865695e-23, nan 
150.125, 82.875, 5.225494657471166e-23, nan 
150.375, 82.875, 4.672134200529554e-23, nan 
150.625, 82.875, 4.622229221522119e-23, nan 
150.875, 82.875, 4.552702306958694e-23, nan 
151.125, 82.875, 4.1727989636055285e-23, nan 
151.375, 82.875, 4.0854344329263224e-23, nan 
151.625, 82.875, 4.014949822202664e-23, nan 
151.875, 82.875, 4.111138576721973e-23, nan 
152.125, 82.875, 4.0307279311086547e-23, nan 
152.375, 82.875, 3.628689385222237e-23, nan 
152.625, 82.875, 3.450630541821464e-23, nan 
152.875, 82.875, 3.6980285215165034e-23, nan 
153.125, 82.875, 3.6809996949526647e-23, nan 
153.375, 82.875, 3.7933439312736637e-23, nan 
153.625, 82.875, 3.693466798435292e-23, nan 
153.875, 82.875, 3.358680290561768e-23, nan 
154.125, 82.875, 3.326226853799454e-23, nan 
154.375, 82.875, 3.307446746998227e-23, nan 
154.625, 82.875, 2.911229087107305e-23, nan 
154.875, 82.875, 2.8977049701563725e-23, nan 
155.125, 82.875, 2.819229468744594e-23, nan 
155.375, 82.875, 2.7531957475719607e-23, nan 
155.625, 82.875, 2.7336504750026004e-23, nan 
155.875, 82.875, 2.5289231304084973e-23, nan 
156.125, 82.875, 2.5458916952920047e-23, nan 
156.375, 82.875, 2.5684018454719565e-23, nan 
156.625, 82.875, 2.2900777504620446e-23, nan 
156.875, 82.875, 2.2306214452255325e-23, nan 
157.125, 82.875, 2.3656395087470985e-23, nan 
157.375, 82.875, 2.1487494225899793e-23, nan 
157.625, 82.875, 2.2168155760472177e-23, nan 
157.875, 82.875, 2.0987566377235428e-23, nan 
158.125, 82.875, 2.0362862033501398e-23, nan 
158.375, 82.875, 2.0250837502992526e-23, nan 
158.625, 82.875, 2.1992917146586234e-23, nan 
158.875, 82.875, 1.9045869909667273e-23, nan 
159.125, 82.875, 1.8619179108709585e-23, nan 
159.375, 82.875, 1.9756539676624623e-23, nan 
159.625, 82.875, 1.8939574196883463e-23, nan 
159.875, 82.875, 1.73200263248886e-23, nan 
160.125, 82.875, 1.59580430808197e-23, nan 
160.375, 82.875, 1.8502044775392047e-23, nan 
160.625, 82.875, 1.7942117536396267e-23, nan 
160.875, 82.875, 1.4829975456355517e-23, nan 
161.125, 82.875, 1.5584077003145238e-23, nan 
161.375, 82.875, 1.9598837662180272e-23, nan 
161.625, 82.875, 1.679441652749519e-23, nan 
161.875, 82.875, 1.5718103678288148e-23, nan 
162.125, 82.875, 1.5269900207638064e-23, nan 
162.375, 82.875, 1.5856728311786174e-23, nan 
162.625, 82.875, 1.5170004756164576e-23, nan 
162.875, 82.875, 1.5917376411411307e-23, nan 
163.125, 82.875, 1.597357997738026e-23, nan 
163.375, 82.875, 1.466530129807955e-23, nan 
163.625, 82.875, 1.6552506794018356e-23, nan 
163.875, 82.875, 1.563746080953198e-23, nan 
164.125, 82.875, 1.488675817643742e-23, nan 
164.375, 82.875, 1.4350091820306e-23, nan 
164.625, 82.875, 1.5349375069793908e-23, nan 
164.875, 82.875, 1.3146124367312325e-23, nan 
165.125, 82.875, 1.3234478229672442e-23, nan 
165.375, 82.875, 1.4581263397713268e-23, nan 
165.625, 82.875, 1.436331825352217e-23, nan 
165.875, 82.875, 1.0879460819880615e-23, nan 
166.125, 82.875, 1.3341650361100358e-23, nan 
166.375, 82.875, 1.4121568599426802e-23, nan 
166.625, 82.875, 1.3953632871557916e-23, nan 
166.875, 82.875, 1.342736210709271e-23, nan 
167.125, 82.875, 1.4328396583171379e-23, nan 
167.375, 82.875, 1.3602611705298542e-23, nan 
167.625, 82.875, 1.353186111782498e-23, nan 
167.875, 82.875, 1.391347592220585e-23, nan 
168.125, 82.875, 1.4374293522385812e-23, nan 
168.375, 82.875, 1.2837103795544399e-23, nan 
168.625, 82.875, 1.2688483562520223e-23, nan 
168.875, 82.875, 1.3956142807304053e-23, nan 
169.125, 82.875, 1.358363834463222e-23, nan 
169.375, 82.875, 1.442105161604205e-23, nan 
169.625, 82.875, 1.5476575853844883e-23, nan 
169.875, 82.875, 1.5303920785870058e-23, nan 
170.125, 82.875, 1.595216031439503e-23, nan 
170.375, 82.875, 1.4877556911162683e-23, nan 
170.625, 82.875, 1.5305438574603304e-23, nan 
170.875, 82.875, 1.4777899710323078e-23, nan 
171.125, 82.875, 1.4782195086058565e-23, nan 
171.375, 82.875, 1.4525847758357055e-23, nan 
171.625, 82.875, 1.4309773689404528e-23, nan 
171.875, 82.875, 1.4118059280126885e-23, nan 
172.125, 82.875, 1.261380652057205e-23, nan 
172.375, 82.875, 1.4004440361610625e-23, nan 
172.625, 82.875, 1.3425860692369062e-23, nan 
172.875, 82.875, 1.27253754845012e-23, nan 
173.125, 82.875, 1.2425750551978276e-23, nan 
173.375, 82.875, 1.1975899834402389e-23, nan 
173.625, 82.875, 1.1913523095830286e-23, nan 
173.875, 82.875, 1.1281443359120465e-23, nan 
174.125, 82.875, 1.1099823081788733e-23, nan 
174.375, 82.875, 1.0225059741005018e-23, nan 
174.625, 82.875, 9.923543465552213e-24, nan 
174.875, 82.875, 1.0050741343435746e-23, nan 
175.125, 82.875, 9.093735633776411e-24, nan 
175.375, 82.875, 9.12280193405489e-24, nan 
175.625, 82.875, 8.791243630360515e-24, nan 
175.875, 82.875, 8.404008116086038e-24, nan 
176.125, 82.875, 7.880603288835233e-24, nan 
176.375, 82.875, 7.87077021148341e-24, nan 
176.625, 82.875, 7.158725863414631e-24, nan 
176.875, 82.875, 6.2947942859047435e-24, nan 
177.125, 82.875, 5.71422899204935e-24, nan 
177.375, 82.875, 5.80100776201445e-24, nan 
177.625, 82.875, 6.0464108612996616e-24, nan 
177.875, 82.875, 5.567151308085177e-24, nan 
178.125, 82.875, 4.986194821482622e-24, nan 
178.375, 82.875, 5.930393583669668e-24, nan 
178.625, 82.875, 3.8727033736328185e-24, nan 
178.875, 82.875, 3.9779433304364e-24, nan 
179.125, 82.875, 3.861164058676806e-24, nan 
179.375, 82.875, 5.918969707923801e-24, nan 
179.625, 82.875, 5.110151114550321e-24, nan 
179.875, 82.875, 2.8668230875139842e-24, nan 
-179.875, 83.125, 8.127275219625932e-24, nan 
-179.625, 83.125, 9.184514998487013e-24, nan 
-179.375, 83.125, 7.780244315105233e-24, nan 
-179.125, 83.125, 6.935748267576467e-24, nan 
-178.875, 83.125, 7.606685916543337e-24, nan 
-178.625, 83.125, 8.48797922343589e-24, nan 
-178.375, 83.125, 7.7348541830071e-24, nan 
-178.125, 83.125, 7.283159345631458e-24, nan 
-177.875, 83.125, 8.135601640925967e-24, nan 
-177.625, 83.125, 8.313046044614003e-24, nan 
-177.375, 83.125, 8.529372618728422e-24, nan 
-177.125, 83.125, 7.875083578165898e-24, nan 
-176.875, 83.125, 7.784040599971976e-24, nan 
-176.625, 83.125, 9.446277342256e-24, nan 
-176.375, 83.125, 9.353279353245905e-24, nan 
-176.125, 83.125, 8.39724874163182e-24, nan 
-175.875, 83.125, 7.391609513796444e-24, nan 
-175.625, 83.125, 7.955280273217023e-24, nan 
-175.375, 83.125, 8.028667327627058e-24, nan 
-175.125, 83.125, 8.262012210498706e-24, nan 
-174.875, 83.125, 8.332060673976355e-24, nan 
-174.625, 83.125, 7.764450722277898e-24, nan 
-174.375, 83.125, 7.430679361708247e-24, nan 
-174.125, 83.125, 7.765525997141857e-24, nan 
-173.875, 83.125, 8.188484383008715e-24, nan 
-173.625, 83.125, 7.977358693243035e-24, nan 
-173.375, 83.125, 7.806785234023265e-24, nan 
-173.125, 83.125, 7.959796042223834e-24, nan 
-172.875, 83.125, 7.877849889508481e-24, nan 
-172.625, 83.125, 7.992728027478569e-24, nan 
-172.375, 83.125, 7.819095161744433e-24, nan 
-172.125, 83.125, 6.1973713814855266e-24, nan 
-171.875, 83.125, 6.0246975633121855e-24, nan 
-171.625, 83.125, 6.96616397737227e-24, nan 
-171.375, 83.125, 6.425028996057172e-24, nan 
-171.125, 83.125, 6.569265759322264e-24, nan 
-170.875, 83.125, 6.94855298456277e-24, nan 
-170.625, 83.125, 7.171756896066158e-24, nan 
-170.375, 83.125, 6.785946908080253e-24, nan 
-170.125, 83.125, 6.877358692425638e-24, nan 
-169.875, 83.125, 6.555673944794358e-24, nan 
-169.625, 83.125, 7.272827355426565e-24, nan 
-169.375, 83.125, 5.849535723241152e-24, nan 
-169.125, 83.125, 5.60981654324039e-24, nan 
-168.875, 83.125, 5.862124343095282e-24, nan 
-168.625, 83.125, 5.419722245101755e-24, nan 
-168.375, 83.125, 4.548364395020731e-24, nan 
-168.125, 83.125, 5.012080070006261e-24, nan 
-167.875, 83.125, 5.310659908390273e-24, nan 
-167.625, 83.125, 3.849494046739157e-24, nan 
-167.375, 83.125, 4.457431386720895e-24, nan 
-167.125, 83.125, 3.7851090843179425e-24, nan 
-166.875, 83.125, 4.070030246612243e-24, nan 
-166.625, 83.125, 5.071275151774308e-24, nan 
-166.375, 83.125, 4.97173038886023e-24, nan 
-166.125, 83.125, 4.559770628806286e-24, nan 
-165.875, 83.125, 4.371059292096404e-24, nan 
-165.625, 83.125, 4.398694542895574e-24, nan 
-165.375, 83.125, 4.285605016263464e-24, nan 
-165.125, 83.125, 4.775110974289067e-24, nan 
-164.875, 83.125, 4.7449946485882475e-24, nan 
-164.625, 83.125, 4.501723907845746e-24, nan 
-164.375, 83.125, 4.72581052032276e-24, nan 
-164.125, 83.125, 4.863594122230064e-24, nan 
-163.875, 83.125, 4.633110496217948e-24, nan 
-163.625, 83.125, 4.6892464293997815e-24, nan 
-163.375, 83.125, 4.806362068533821e-24, nan 
-163.125, 83.125, 5.821583236493364e-24, nan 
-162.875, 83.125, 8.049589800371939e-24, nan 
-162.625, 83.125, 7.397925367674013e-24, nan 
-162.375, 83.125, 8.210048687887613e-24, nan 
-162.125, 83.125, 1.0707804075796554e-23, nan 
-161.875, 83.125, 1.0530115461319211e-23, nan 
-161.625, 83.125, 9.866684015441366e-24, nan 
-161.375, 83.125, 9.561705684000302e-24, nan 
-161.125, 83.125, 9.48779308438245e-24, nan 
-160.875, 83.125, 9.9020049817211e-24, nan 
-160.625, 83.125, 9.533460702984683e-24, nan 
-160.375, 83.125, 9.440706564660836e-24, nan 
-160.125, 83.125, 9.683063503511989e-24, nan 
-159.875, 83.125, 9.587892676518061e-24, nan 
-159.625, 83.125, 9.235401602825654e-24, nan 
-159.375, 83.125, 9.271383114099492e-24, nan 
-159.125, 83.125, 9.500443069989669e-24, nan 
-158.875, 83.125, 9.597539153709891e-24, nan 
-158.625, 83.125, 9.555946239855318e-24, nan 
-158.375, 83.125, 8.6345401295014e-24, nan 
-158.125, 83.125, 9.206497493604821e-24, nan 
-157.875, 83.125, 9.315759114606155e-24, nan 
-157.625, 83.125, 9.297251114046186e-24, nan 
-157.375, 83.125, 8.089285146798768e-24, nan 
-157.125, 83.125, 8.53805893284457e-24, nan 
-156.875, 83.125, 9.395659977833159e-24, nan 
-156.625, 83.125, 9.414518273046857e-24, nan 
-156.375, 83.125, 8.910953282921393e-24, nan 
-156.125, 83.125, 8.082069136852146e-24, nan 
-155.875, 83.125, 7.520629788668058e-24, nan 
-155.625, 83.125, 8.419888001217682e-24, nan 
-155.375, 83.125, 8.127213035034971e-24, nan 
-155.125, 83.125, 7.170413166348844e-24, nan 
-154.875, 83.125, 7.222443294327243e-24, nan 
-154.625, 83.125, 7.297639427653823e-24, nan 
-154.375, 83.125, 7.375489608044621e-24, nan 
-154.125, 83.125, 7.14765700732035e-24, nan 
-153.875, 83.125, 6.876574932313832e-24, nan 
-153.625, 83.125, 6.950137218063346e-24, nan 
-153.375, 83.125, 7.29892032020916e-24, nan 
-153.125, 83.125, 7.302216964419661e-24, nan 
-152.875, 83.125, 7.01705763373478e-24, nan 
-152.625, 83.125, 6.90356996778738e-24, nan 
-152.375, 83.125, 6.808321425792635e-24, nan 
-152.125, 83.125, 5.90200230930032e-24, nan 
-151.875, 83.125, 5.9211271660506785e-24, nan 
-151.625, 83.125, 5.9578664614669156e-24, nan 
-151.375, 83.125, 6.397969796009285e-24, nan 
-151.125, 83.125, 6.635237769047764e-24, nan 
-150.875, 83.125, 6.108054143133566e-24, nan 
-150.625, 83.125, 5.9954300321241885e-24, nan 
-150.375, 83.125, 6.140896078523342e-24, nan 
-150.125, 83.125, 6.074208185429289e-24, nan 
-149.875, 83.125, 6.266123394459086e-24, nan 
-149.625, 83.125, 6.548348136381742e-24, nan 
-149.375, 83.125, 6.743454009167987e-24, nan 
-149.125, 83.125, 6.5839843357139004e-24, nan 
-148.875, 83.125, 6.650398163350772e-24, nan 
-148.625, 83.125, 6.905718701863173e-24, nan 
-148.375, 83.125, 6.6097768001751825e-24, nan 
-148.125, 83.125, 5.9388377942787354e-24, nan 
-147.875, 83.125, 5.891162055425301e-24, nan 
-147.625, 83.125, 6.114516328842491e-24, nan 
-147.375, 83.125, 6.0218216257887974e-24, nan 
-147.125, 83.125, 5.949165341786255e-24, nan 
-146.875, 83.125, 5.878020933289065e-24, nan 
-146.625, 83.125, 6.371554593482004e-24, nan 
-146.375, 83.125, 7.224899556517422e-24, nan 
-146.125, 83.125, 7.577790254017907e-24, nan 
-145.875, 83.125, 7.511558620502769e-24, nan 
-145.625, 83.125, 7.897657301268174e-24, nan 
-145.375, 83.125, 7.461003639123484e-24, nan 
-145.125, 83.125, 7.599379685277342e-24, nan 
-144.875, 83.125, 7.949611442598104e-24, nan 
-144.625, 83.125, 7.154552469128632e-24, nan 
-144.375, 83.125, 6.530516480691718e-24, nan 
-144.125, 83.125, 7.376448997025069e-24, nan 
-143.875, 83.125, 6.4821706105872696e-24, nan 
-143.625, 83.125, 5.831206203803685e-24, nan 
-143.375, 83.125, 7.508686670826165e-24, nan 
-143.125, 83.125, 6.76663892815936e-24, nan 
-142.875, 83.125, 7.54100896281927e-24, nan 
-142.625, 83.125, 8.3505428453101e-24, nan 
-142.375, 83.125, 7.513177011342599e-24, nan 
-142.125, 83.125, 5.9399967516949336e-24, nan 
-141.875, 83.125, 6.075645908775217e-24, nan 
-141.625, 83.125, 6.5010347590146444e-24, nan 
-141.375, 83.125, 5.882527041647767e-24, nan 
-141.125, 83.125, 5.684788473001688e-24, nan 
-140.875, 83.125, 5.476254532966187e-24, nan 
-140.625, 83.125, 5.174442772719105e-24, nan 
-140.375, 83.125, 4.972899300777068e-24, nan 
-140.125, 83.125, 4.83945447580769e-24, nan 
-139.875, 83.125, 4.697910453887626e-24, nan 
-139.625, 83.125, 3.9172966245700376e-24, nan 
-139.375, 83.125, 3.36642033028708e-24, nan 
-139.125, 83.125, 3.4443319613997004e-24, nan 
-138.875, 83.125, 3.789648134858028e-24, nan 
-138.625, 83.125, 4.050927117699159e-24, nan 
-138.375, 83.125, 3.627996014955985e-24, nan 
-138.125, 83.125, 3.828693564988351e-24, nan 
-137.875, 83.125, 3.803133799246089e-24, nan 
-137.625, 83.125, 3.8294454911847845e-24, nan 
-137.375, 83.125, 4.56382242308842e-24, nan 
-137.125, 83.125, 4.3765223936133505e-24, nan 
-136.875, 83.125, 4.115432375930133e-24, nan 
-136.625, 83.125, 4.582530071285348e-24, nan 
-136.375, 83.125, 4.849345267429352e-24, nan 
-136.125, 83.125, 4.673184541012005e-24, nan 
-135.875, 83.125, 4.730458573774231e-24, nan 
-135.625, 83.125, 4.383808530995651e-24, nan 
-135.375, 83.125, 4.819305572168821e-24, nan 
-135.125, 83.125, 5.586679563638241e-24, nan 
-134.875, 83.125, 5.12239801347807e-24, nan 
-134.625, 83.125, 4.5107042110181284e-24, nan 
-134.375, 83.125, 4.8914691438869166e-24, nan 
-134.125, 83.125, 5.323930449866809e-24, nan 
-133.875, 83.125, 5.559423641996575e-24, nan 
-133.625, 83.125, 5.062875514333358e-24, nan 
-133.375, 83.125, 4.583022339630209e-24, nan 
-133.125, 83.125, 4.278729236133739e-24, nan 
-132.875, 83.125, 4.287111439569369e-24, nan 
-132.625, 83.125, 4.0007330294477824e-24, nan 
-132.375, 83.125, 3.8454309049513156e-24, nan 
-132.125, 83.125, 3.848440948520668e-24, nan 
-131.875, 83.125, 4.298155650518604e-24, nan 
-131.625, 83.125, 4.402004177535183e-24, nan 
-131.375, 83.125, 3.724051609728552e-24, nan 
-131.125, 83.125, 4.440021082403019e-24, nan 
-130.875, 83.125, 4.3551950241664466e-24, nan 
-130.625, 83.125, 3.92257355371418e-24, nan 
-130.375, 83.125, 3.554604375580815e-24, nan 
-130.125, 83.125, 2.671624688527494e-24, nan 
-129.875, 83.125, 2.1150727142992272e-24, nan 
-129.625, 83.125, 1.9068847643438757e-24, nan 
-129.375, 83.125, 1.6057988995492306e-24, nan 
-129.125, 83.125, 1.6553082419709698e-24, nan 
-128.875, 83.125, 2.3343187500841164e-24, nan 
-128.625, 83.125, 2.551464489544592e-24, nan 
-128.375, 83.125, 3.494482464451709e-24, nan 
-128.125, 83.125, 7.340444560471157e-24, nan 
-127.875, 83.125, 4.200455695235752e-24, nan 
-127.625, 83.125, 5.720765195254069e-24, nan 
-127.375, 83.125, 1.007085870272184e-23, nan 
-127.125, 83.125, 1.6849799025739077e-23, nan 
-126.875, 83.125, 2.0710631775934823e-23, nan 
-126.625, 83.125, 1.9992510863969386e-23, nan 
-126.375, 83.125, 1.769914965256626e-23, nan 
-126.125, 83.125, 1.5073852497638025e-23, nan 
-125.875, 83.125, 1.2622840119563774e-23, nan 
-125.625, 83.125, 8.881871465713204e-24, nan 
-125.375, 83.125, 1.857759025450497e-23, nan 
-125.125, 83.125, 3.192436618655876e-23, nan 
-124.875, 83.125, 3.5485410031409606e-23, nan 
-124.625, 83.125, 3.6683277146896143e-23, nan 
-124.375, 83.125, 3.6699687257987863e-23, nan 
-124.125, 83.125, 3.464929877481065e-23, nan 
-123.875, 83.125, 3.5071662294682797e-23, nan 
-123.625, 83.125, 2.9281270255576976e-23, nan 
-123.375, 83.125, 2.2250251396151882e-23, nan 
-123.125, 83.125, 3.343827790534474e-23, nan 
-122.875, 83.125, 4.3425659344990666e-23, nan 
-122.625, 83.125, 4.4286529675952234e-23, nan 
-122.375, 83.125, 3.491636384681985e-23, nan 
-122.125, 83.125, 3.0542322891752945e-23, nan 
-121.875, 83.125, 3.056799060628614e-23, nan 
-121.625, 83.125, 3.277788787050509e-23, nan 
-121.375, 83.125, 3.500143715124787e-23, nan 
-121.125, 83.125, 3.253483188035756e-23, nan 
-120.875, 83.125, 2.6460249147172416e-23, nan 
-120.625, 83.125, 2.0159403715133234e-23, nan 
-120.375, 83.125, 1.9760384528888164e-23, nan 
-120.125, 83.125, 2.0166131349199767e-23, nan 
-119.875, 83.125, 2.2470871416118587e-23, nan 
-119.625, 83.125, 2.4250706729201343e-23, nan 
-119.375, 83.125, 2.3552353894249373e-23, nan 
-119.125, 83.125, 2.2736597357518705e-23, nan 
-118.875, 83.125, 2.2136206664158876e-23, nan 
-118.625, 83.125, 1.863847406283566e-23, nan 
-118.375, 83.125, 1.354646781114735e-23, nan 
-118.125, 83.125, 9.07970828002601e-24, nan 
-117.875, 83.125, 7.241594647690963e-24, nan 
-117.625, 83.125, 7.328598619735154e-24, nan 
-117.375, 83.125, 7.861634758898403e-24, nan 
-117.125, 83.125, 9.182798238337034e-24, nan 
-116.875, 83.125, 1.0213547879065894e-23, nan 
-116.625, 83.125, 1.0020074470847496e-23, nan 
-116.375, 83.125, 1.0305557244404088e-23, nan 
-116.125, 83.125, 1.1510231756669392e-23, nan 
-115.875, 83.125, 1.4695028452670577e-23, nan 
-115.625, 83.125, 1.550363373448462e-23, nan 
-115.375, 83.125, 1.4955251902782404e-23, nan 
-115.125, 83.125, 1.526202929410087e-23, nan 
-114.875, 83.125, 1.3984072611644568e-23, nan 
-114.625, 83.125, 1.280959617738814e-23, nan 
-114.375, 83.125, 1.0057556814591659e-23, nan 
-114.125, 83.125, 9.24836100170062e-24, nan 
-113.875, 83.125, 8.548839089721957e-24, nan 
-113.625, 83.125, 1.4127668380808536e-23, nan 
-113.375, 83.125, 2.115557531680826e-23, nan 
-113.125, 83.125, 2.800966252615868e-23, nan 
-112.875, 83.125, 3.8433184263599185e-23, nan 
-112.625, 83.125, 4.000650416596639e-23, nan 
-112.375, 83.125, 3.902088522677363e-23, nan 
-112.125, 83.125, 3.3759708314924665e-23, nan 
-111.875, 83.125, 3.3385413082586345e-23, nan 
-111.625, 83.125, 3.256554639433883e-23, nan 
-111.375, 83.125, 2.5995870423630818e-23, nan 
-111.125, 83.125, 2.5597151291109084e-23, nan 
-110.875, 83.125, 2.4683113795218792e-23, nan 
-110.625, 83.125, 3.204610434545899e-23, nan 
-110.375, 83.125, 3.5086838098610814e-23, nan 
-110.125, 83.125, 3.444206285843287e-23, nan 
-109.875, 83.125, 3.0917461057828336e-23, nan 
-109.625, 83.125, 3.1726199131124976e-23, nan 
-109.375, 83.125, 3.2136314013641213e-23, nan 
-109.125, 83.125, 2.919545963115689e-23, nan 
-108.875, 83.125, 2.5511247870334893e-23, nan 
-108.625, 83.125, 2.3167305527299123e-23, nan 
-108.375, 83.125, 1.4602295283323337e-23, nan 
-108.125, 83.125, 7.706813860959842e-24, nan 
-107.875, 83.125, 7.294867887399856e-24, nan 
-107.625, 83.125, 7.52800242417906e-24, nan 
-107.375, 83.125, 8.41829044810492e-24, nan 
-107.125, 83.125, 1.0722938450900103e-23, nan 
-106.875, 83.125, 1.3665364008339106e-23, nan 
-106.625, 83.125, 1.8031274631891656e-23, nan 
-106.375, 83.125, 1.9262504823732868e-23, nan 
-106.125, 83.125, 1.948808472728455e-23, nan 
-105.875, 83.125, 1.783755560368655e-23, nan 
-105.625, 83.125, 1.2119139892532146e-23, nan 
-105.375, 83.125, 5.6125327370446864e-24, nan 
-105.125, 83.125, 6.129434415146305e-24, nan 
-104.875, 83.125, 1.5361166102766372e-23, nan 
-104.625, 83.125, 2.193350110053864e-23, nan 
-104.375, 83.125, 2.8926780276115364e-23, nan 
-104.125, 83.125, 3.164385733362803e-23, nan 
-103.875, 83.125, 3.4046954588576623e-23, nan 
-103.625, 83.125, 3.296010361566665e-23, nan 
-103.375, 83.125, 2.4766919683597862e-23, nan 
-103.125, 83.125, 1.8235866338919403e-23, nan 
-102.875, 83.125, 2.040213741337939e-23, nan 
-102.625, 83.125, 2.722740523340162e-23, nan 
-102.375, 83.125, 2.811499894149752e-23, nan 
-102.125, 83.125, 2.8412366672251446e-23, nan 
-101.875, 83.125, 2.7726633896761657e-23, nan 
-101.625, 83.125, 2.5587270277250998e-23, nan 
-101.375, 83.125, 2.3636089451796268e-23, nan 
-101.125, 83.125, 1.8910903367683898e-23, nan 
-100.875, 83.125, 1.3440859821799103e-23, nan 
-100.625, 83.125, 6.79595497439465e-24, nan 
-100.375, 83.125, 4.637725846140574e-24, nan 
-100.125, 83.125, 3.959174436846615e-24, nan 
-99.875, 83.125, 3.521276423027553e-24, nan 
-99.625, 83.125, 5.571318016773764e-24, nan 
-99.375, 83.125, 6.792163485180682e-24, nan 
-99.125, 83.125, 7.158374952680322e-24, nan 
-98.875, 83.125, 4.1738658894927856e-24, nan 
-98.625, 83.125, 8.140946690560704e-24, nan 
-98.375, 83.125, 1.0478877309003468e-23, nan 
-98.125, 83.125, 1.006005742792429e-23, nan 
-97.875, 83.125, 4.7394157774704875e-24, nan 
-97.625, 83.125, 4.5808133303335304e-24, nan 
-97.375, 83.125, 1.0515334904700707e-23, nan 
-97.125, 83.125, 9.236845753628686e-24, nan 
-96.875, 83.125, 9.000658610655162e-24, nan 
-96.625, 83.125, 5.675805442157848e-24, nan 
-96.375, 83.125, 4.967352019711176e-24, nan 
-96.125, 83.125, 5.117409290633536e-24, nan 
-95.875, 83.125, 4.891198928395592e-24, nan 
-95.625, 83.125, 2.9992630024122554e-24, nan 
-95.375, 83.125, 3.352067206732738e-24, nan 
-95.125, 83.125, 3.488548148850647e-24, nan 
-94.875, 83.125, 3.436356942435826e-24, nan 
-94.625, 83.125, 3.59024755106858e-24, nan 
-94.375, 83.125, 3.451807618891681e-24, nan 
-94.125, 83.125, 3.670969840569077e-24, nan 
-93.875, 83.125, 3.791309012427482e-24, nan 
-93.625, 83.125, 3.8785324155554554e-24, nan 
-93.375, 83.125, 3.6318211923804205e-24, nan 
-93.125, 83.125, 3.555131063310065e-24, nan 
-92.875, 83.125, 3.863585571545642e-24, nan 
-92.625, 83.125, 4.6157089723142554e-24, nan 
-92.375, 83.125, 4.94269461194311e-24, nan 
-92.125, 83.125, 4.7124453137639995e-24, nan 
-91.875, 83.125, 4.48342940300038e-24, nan 
-91.625, 83.125, 4.742375023038774e-24, nan 
-91.375, 83.125, 4.8496456417384035e-24, nan 
-91.125, 83.125, 5.682124321524856e-24, nan 
-90.875, 83.125, 6.0275704816896676e-24, nan 
-90.625, 83.125, 6.2213692603265805e-24, nan 
-90.375, 83.125, 6.886277672569185e-24, nan 
-90.125, 83.125, 6.376641023222342e-24, nan 
-89.875, 83.125, 6.55649410484648e-24, nan 
-89.625, 83.125, 6.351431894505976e-24, nan 
-89.375, 83.125, 6.65516718131513e-24, nan 
-89.125, 83.125, 6.12296903520386e-24, nan 
-88.875, 83.125, 4.231320042266784e-24, nan 
-88.625, 83.125, 5.2136824986461905e-24, nan 
-88.375, 83.125, 6.1871352061860905e-24, nan 
-88.125, 83.125, 7.993954699447299e-24, nan 
-87.875, 83.125, 7.731274908409913e-24, nan 
-87.625, 83.125, 7.421431955528484e-24, nan 
-87.375, 83.125, 9.376443911475454e-24, nan 
-87.125, 83.125, 9.370485320201605e-24, nan 
-86.875, 83.125, 7.094128273358836e-24, nan 
-86.625, 83.125, 5.806180684623942e-24, nan 
-86.375, 83.125, 7.88558345339812e-24, nan 
-86.125, 83.125, 8.367102343725952e-24, nan 
-85.875, 83.125, 9.887152965250224e-24, nan 
-85.625, 83.125, 9.28234085099179e-24, nan 
-85.375, 83.125, 9.768700184386829e-24, nan 
-85.125, 83.125, 1.3167515949950714e-23, nan 
-84.875, 83.125, 1.3072177334462369e-23, nan 
-84.625, 83.125, 1.0338129743051799e-23, nan 
-84.375, 83.125, 1.1060703447776087e-23, nan 
-84.125, 83.125, 1.554827876287914e-23, nan 
-83.875, 83.125, 1.2457610775571784e-23, nan 
-83.625, 83.125, 1.2576737050473062e-23, nan 
-83.375, 83.125, 1.511048096857327e-23, nan 
-83.125, 83.125, 1.2365799943806045e-23, nan 
-82.875, 83.125, 1.259151466331921e-23, nan 
-82.625, 83.125, 1.1581391292852772e-23, nan 
-82.375, 83.125, 1.120406775953586e-23, nan 
-82.125, 83.125, 1.1375787491578611e-23, nan 
-81.875, 83.125, 1.1522421153722865e-23, nan 
-81.625, 83.125, 1.1198808851879148e-23, nan 
-81.375, 83.125, 8.90034474888405e-24, nan 
-81.125, 83.125, 1.1130606645832295e-23, nan 
-80.875, 83.125, 1.1113831137643202e-23, nan 
-80.625, 83.125, 8.318489808175631e-24, nan 
-80.375, 83.125, 8.205513570353551e-24, nan 
-80.125, 83.125, 7.22477071330779e-24, nan 
-79.875, 83.125, 6.555906130803954e-24, nan 
-79.625, 83.125, 6.098891636897977e-24, nan 
-79.375, 83.125, 5.803443783343507e-24, nan 
-79.125, 83.125, 5.406809324633573e-24, nan 
-78.875, 83.125, 4.655609296994084e-24, nan 
-78.625, 83.125, 4.053944790950042e-24, nan 
-78.375, 83.125, 3.567273828494175e-24, nan 
-78.125, 83.125, 3.071591305785635e-24, nan 
-77.875, 83.125, 3.655227280048162e-24, nan 
-77.625, 83.125, 3.8338544578720624e-24, nan 
-77.375, 83.125, 3.820271042675437e-24, nan 
-77.125, 83.125, 4.0347356459594155e-24, nan 
-76.875, 83.125, 4.604832493075173e-24, nan 
-76.625, 83.125, 5.196452150870685e-24, nan 
-76.375, 83.125, 5.78120823363287e-24, nan 
-76.125, 83.125, 6.525789106660056e-24, nan 
-75.875, 83.125, 7.158093670771218e-24, nan 
-75.625, 83.125, 7.42489064300472e-24, nan 
-75.375, 83.125, 7.563806832712107e-24, nan 
-75.125, 83.125, 8.009866418530606e-24, nan 
-74.875, 83.125, 8.178993283517175e-24, nan 
-74.625, 83.125, 7.92720189334315e-24, nan 
-74.375, 83.125, 8.133970348184685e-24, nan 
-74.125, 83.125, 8.153143856232676e-24, nan 
-73.875, 83.125, 9.001519928536216e-24, nan 
-73.625, 83.125, 9.801905228152027e-24, nan 
-73.375, 83.125, 1.0172542462262803e-23, nan 
-73.125, 83.125, 1.0568122675704863e-23, nan 
-72.875, 83.125, 1.0652457590647604e-23, nan 
-72.625, 83.125, 1.0118891981519498e-23, nan 
-72.375, 83.125, 9.088311204351213e-24, nan 
-72.125, 83.125, 7.898270629031655e-24, nan 
-71.875, 83.125, 5.580321492141859e-24, nan 
-71.625, 83.125, 5.450224040288724e-24, nan 
-71.375, 83.125, 4.9072868994258925e-24, nan 
-71.125, 83.125, 4.8539137356162114e-24, nan 
-70.875, 83.125, 6.182625720400026e-24, nan 
-70.625, 83.125, 5.9031450254876495e-24, nan 
-70.375, 83.125, 6.0677383793301644e-24, nan 
-70.125, 83.125, 6.2075913787146065e-24, nan 
-69.875, 83.125, 6.080296210701339e-24, nan 
-69.625, 83.125, 4.293915382415019e-24, nan 
-69.375, 83.125, 4.981877372459483e-24, nan 
-69.125, 83.125, 5.050836915615411e-24, nan 
-68.875, 83.125, 4.571593187861875e-24, nan 
-68.625, 83.125, 5.105899015399085e-24, nan 
-68.375, 83.125, 5.696229786742261e-24, nan 
-68.125, 83.125, 5.984809585713887e-24, nan 
-67.875, 83.125, 6.0068411166446904e-24, nan 
-67.625, 83.125, 6.098405949699193e-24, nan 
-67.375, 83.125, 5.958094904015762e-24, nan 
-67.125, 83.125, 6.395896186262996e-24, nan 
-66.875, 83.125, 6.129334610471241e-24, nan 
-66.625, 83.125, 6.939279887589771e-24, nan 
-66.375, 83.125, 7.443737776937125e-24, nan 
-66.125, 83.125, 5.9828668459062974e-24, nan 
-65.875, 83.125, 6.496473564794197e-24, nan 
-65.625, 83.125, 7.607156005729997e-24, nan 
-65.375, 83.125, 8.098453596752828e-24, nan 
-65.125, 83.125, 6.211062462149764e-24, nan 
-64.875, 83.125, 5.0217642511600106e-24, nan 
-64.625, 83.125, 5.089447965119735e-24, nan 
-64.375, 83.125, 5.289232431133227e-24, nan 
-64.125, 83.125, 5.354171838860924e-24, nan 
-63.875, 83.125, 4.807539411338992e-24, nan 
-63.625, 83.125, 4.865342714034285e-24, nan 
-63.375, 83.125, 5.2822319746238236e-24, nan 
-63.125, 83.125, 6.081548316936363e-24, nan 
-62.875, 83.125, 5.886734313199235e-24, nan 
-62.625, 83.125, 5.3587671978873434e-24, nan 
-62.375, 83.125, 5.560171110517621e-24, nan 
-62.125, 83.125, 5.376923046821413e-24, nan 
-61.875, 83.125, 5.145519315305506e-24, nan 
-61.625, 83.125, 5.209064006214486e-24, nan 
-61.375, 83.125, 5.425041903306273e-24, nan 
-61.125, 83.125, 5.779998863311955e-24, nan 
-60.875, 83.125, 4.6105719205432606e-24, nan 
-60.625, 83.125, 4.2041008671312006e-24, nan 
-60.375, 83.125, 4.787271622133539e-24, nan 
-60.125, 83.125, 7.327614381106815e-24, nan 
-59.875, 83.125, 8.447507974554303e-24, nan 
-59.625, 83.125, 9.218585303604327e-24, nan 
-59.375, 83.125, 1.0092581632895743e-23, nan 
-59.125, 83.125, 1.1025818065790352e-23, nan 
-58.875, 83.125, 1.200870466994087e-23, nan 
-58.625, 83.125, 1.245893417263735e-23, nan 
-58.375, 83.125, 1.5787129328016132e-23, nan 
-58.125, 83.125, 1.8166068564142438e-23, nan 
-57.875, 83.125, 1.4482573079955534e-23, nan 
-57.625, 83.125, 1.4706050951963867e-23, nan 
-57.375, 83.125, 1.4429117090205636e-23, nan 
-57.125, 83.125, 1.4548715580463994e-23, nan 
-56.875, 83.125, 1.6435972209073117e-23, nan 
-56.625, 83.125, 1.875339992758906e-23, nan 
-56.375, 83.125, 1.8813063696743075e-23, nan 
-56.125, 83.125, 1.8480114451845385e-23, nan 
-55.875, 83.125, 1.9453445568313054e-23, nan 
-55.625, 83.125, 1.5943634894399486e-23, nan 
-55.375, 83.125, 1.6030375072380618e-23, nan 
-55.125, 83.125, 1.541540746097592e-23, nan 
-54.875, 83.125, 1.4709446667643706e-23, nan 
-54.625, 83.125, 1.479814802718252e-23, nan 
-54.375, 83.125, 2.0304319005659772e-23, nan 
-54.125, 83.125, 1.9189998758009006e-23, nan 
-53.875, 83.125, 1.914524024378145e-23, nan 
-53.625, 83.125, 2.155390242889369e-23, nan 
-53.375, 83.125, 1.9423839658915323e-23, nan 
-53.125, 83.125, 1.7599581015586546e-23, nan 
-52.875, 83.125, 1.4901392717750435e-23, nan 
-52.625, 83.125, 1.703328624851292e-23, nan 
-52.375, 83.125, 1.8354917788678554e-23, nan 
-52.125, 83.125, 1.8663440319192652e-23, nan 
-51.875, 83.125, 1.7595255107001016e-23, nan 
-51.625, 83.125, 1.3978109413734188e-23, nan 
-51.375, 83.125, 1.2325057689580821e-23, nan 
-51.125, 83.125, 1.457517745379315e-23, nan 
-50.875, 83.125, 1.54296696808135e-23, nan 
-50.625, 83.125, 1.5825715092367505e-23, nan 
-50.375, 83.125, 1.725217606916377e-23, nan 
-50.125, 83.125, 1.7938732809343594e-23, nan 
-49.875, 83.125, 1.7200721334565318e-23, nan 
-49.625, 83.125, 1.5436736982807884e-23, nan 
-49.375, 83.125, 1.0336147632486697e-23, nan 
-49.125, 83.125, 6.120192334629144e-24, nan 
-48.875, 83.125, 4.225505783881704e-24, nan 
-48.625, 83.125, 3.731795086499276e-24, nan 
-48.375, 83.125, 3.9758173863100214e-24, nan 
-48.125, 83.125, 4.221869397587143e-24, nan 
-47.875, 83.125, 4.4591605677988424e-24, nan 
-47.625, 83.125, 4.3044343957260095e-24, nan 
-47.375, 83.125, 3.994716460489347e-24, nan 
-47.125, 83.125, 3.996390616725802e-24, nan 
-46.875, 83.125, 3.669916350178716e-24, nan 
-46.625, 83.125, 3.8224179793237266e-24, nan 
-46.375, 83.125, 4.5830673977315444e-24, nan 
-46.125, 83.125, 4.8762744966517704e-24, nan 
-45.875, 83.125, 4.90324413244581e-24, nan 
-45.625, 83.125, 4.684959168818739e-24, nan 
-45.375, 83.125, 4.32985490570282e-24, nan 
-45.125, 83.125, 3.813681466258944e-24, nan 
-44.875, 83.125, 3.998936550383659e-24, nan 
-44.625, 83.125, 3.4893400796988405e-24, nan 
-44.375, 83.125, 2.600997657207021e-24, nan 
-44.125, 83.125, 3.309062995989139e-24, nan 
-43.875, 83.125, 3.428745170439251e-24, nan 
-43.625, 83.125, 2.8114146102274957e-24, nan 
-43.375, 83.125, 2.703631107022543e-24, nan 
-43.125, 83.125, 2.5199653703324556e-24, nan 
-42.875, 83.125, 2.5371293923873474e-24, nan 
-42.625, 83.125, 3.080802691317242e-24, nan 
-42.375, 83.125, 3.256803130347002e-24, nan 
-42.125, 83.125, 3.0883930593051788e-24, nan 
-41.875, 83.125, 3.489975329293064e-24, nan 
-41.625, 83.125, 3.502585442732233e-24, nan 
-41.375, 83.125, 3.648482323746087e-24, nan 
-41.125, 83.125, 3.425821014889366e-24, nan 
-40.875, 83.125, 6.66428224672958e-24, nan 
-40.625, 83.125, 1.3264596256517469e-23, nan 
-40.375, 83.125, 1.486349061044046e-23, nan 
-40.125, 83.125, 1.6240398857440762e-23, nan 
-39.875, 83.125, 1.7211735771367863e-23, nan 
-39.625, 83.125, 1.761611501345282e-23, nan 
-39.375, 83.125, 1.8785235261648396e-23, nan 
-39.125, 83.125, 1.9111192107662006e-23, nan 
-38.875, 83.125, 1.9254982252324304e-23, nan 
-38.625, 83.125, 1.5791761815485614e-23, nan 
-38.375, 83.125, 1.6119557363299016e-23, nan 
-38.125, 83.125, 1.6908900837984084e-23, nan 
-37.875, 83.125, 1.8135103132063646e-23, nan 
-37.625, 83.125, 1.884115883812944e-23, nan 
-37.375, 83.125, 1.874609562313776e-23, nan 
-37.125, 83.125, 1.921007730663799e-23, nan 
-36.875, 83.125, 1.9006076483331793e-23, nan 
-36.625, 83.125, 1.887915134510272e-23, nan 
-36.375, 83.125, 1.349279162371086e-23, nan 
-36.125, 83.125, 1.0564549895569654e-23, nan 
-35.875, 83.125, 9.247698574460167e-24, nan 
-35.625, 83.125, 8.401148180569876e-24, nan 
-35.375, 83.125, 7.800410190994996e-24, nan 
-35.125, 83.125, 8.088366398012541e-24, nan 
-34.875, 83.125, 9.38164796771361e-24, nan 
-34.625, 83.125, 8.198388465173735e-24, nan 
-34.375, 83.125, 8.320671865274173e-24, nan 
-34.125, 83.125, 9.369971378918452e-24, nan 
-33.875, 83.125, 1.0301592447071932e-23, nan 
-33.625, 83.125, 1.1821972580612096e-23, nan 
-33.375, 83.125, 1.1374563143104219e-23, nan 
-33.125, 83.125, 1.0959871581042314e-23, nan 
-32.875, 83.125, 1.2859272995826432e-23, nan 
-32.625, 83.125, 1.4010696466667963e-23, nan 
-32.375, 83.125, 1.468290702623562e-23, nan 
-32.125, 83.125, 1.405747985204327e-23, nan 
-31.875, 83.125, 1.3786939530064808e-23, nan 
-31.625, 83.125, 1.1449864577572454e-23, nan 
-31.375, 83.125, 1.211382759368138e-23, nan 
-31.125, 83.125, 1.2617923663376777e-23, nan 
-30.875, 83.125, 1.232651208330039e-23, nan 
-30.625, 83.125, 1.3346651267322808e-23, nan 
-30.375, 83.125, 1.4176427308573154e-23, nan 
-30.125, 83.125, 1.5413069981549323e-23, nan 
-29.875, 83.125, 1.5964992544105266e-23, nan 
-29.625, 83.125, 1.6176077577208276e-23, nan 
-29.375, 83.125, 1.2818293041026335e-23, nan 
-29.125, 83.125, 8.815462780819406e-24, nan 
-28.875, 83.125, 7.933429069527785e-24, nan 
-28.625, 83.125, 7.662565481545777e-24, nan 
-28.375, 83.125, 6.711760645124326e-24, nan 
-28.125, 83.125, 6.1403822239798134e-24, nan 
-27.875, 83.125, 6.058064195879001e-24, nan 
-27.625, 83.125, 6.021438105066357e-24, nan 
-27.375, 83.125, 6.255678324118268e-24, nan 
-27.125, 83.125, 6.707728305468813e-24, nan 
-26.875, 83.125, 7.326862857307903e-24, nan 
-26.625, 83.125, 7.560973265533706e-24, nan 
-26.375, 83.125, 7.843272730047159e-24, nan 
-26.125, 83.125, 9.095800454758402e-24, nan 
-25.875, 83.125, 7.029365733383833e-24, nan 
-25.625, 83.125, 6.315937023700208e-24, nan 
-25.375, 83.125, 5.974159479345907e-24, nan 
-25.125, 83.125, 5.4127700624867455e-24, nan 
-24.875, 83.125, 5.1052246754684916e-24, nan 
-24.625, 83.125, 5.138785913482202e-24, nan 
-24.375, 83.125, 4.488388852644488e-24, nan 
-24.125, 83.125, 3.979582150309916e-24, nan 
-23.875, 83.125, 3.541847493907728e-24, nan 
-23.625, 83.125, 3.478411537144639e-24, nan 
-23.375, 83.125, 3.1281335431726783e-24, nan 
-23.125, 83.125, 3.1903408844511362e-24, nan 
-22.875, 83.125, 3.616777018844755e-24, nan 
-22.625, 83.125, 3.755321893992852e-24, nan 
-22.375, 83.125, 3.4013644224289334e-24, nan 
-22.125, 83.125, 3.3946324125350524e-24, nan 
-21.875, 83.125, 3.5642882649506604e-24, nan 
-21.625, 83.125, 3.7197086886263214e-24, nan 
-21.375, 83.125, 3.8135358944585424e-24, nan 
-21.125, 83.125, 3.8291275236139505e-24, nan 
-20.875, 83.125, 3.827771763233953e-24, nan 
-20.625, 83.125, 3.807492742380181e-24, nan 
-20.375, 83.125, 3.591832925933334e-24, nan 
-20.125, 83.125, 3.676977625815824e-24, nan 
-19.875, 83.125, 3.766239159238434e-24, nan 
-19.625, 83.125, 3.8426340665541665e-24, nan 
-19.375, 83.125, 4.130654551450711e-24, nan 
-19.125, 83.125, 4.059428968089839e-24, nan 
-18.875, 83.125, 4.023416372008014e-24, nan 
-18.625, 83.125, 4.285588977017839e-24, nan 
-18.375, 83.125, 4.6061284981740924e-24, nan 
-18.125, 83.125, 5.073224553931743e-24, nan 
-17.875, 83.125, 5.580857157930471e-24, nan 
-17.625, 83.125, 5.678673963919522e-24, nan 
-17.375, 83.125, 5.559446263265937e-24, nan 
-17.125, 83.125, 5.198971935037132e-24, nan 
-16.875, 83.125, 5.2510255459919244e-24, nan 
-16.625, 83.125, 5.238338499918479e-24, nan 
-16.375, 83.125, 5.535969011570416e-24, nan 
-16.125, 83.125, 5.256030875986597e-24, nan 
-15.875, 83.125, 4.619127615428493e-24, nan 
-15.625, 83.125, 4.6187496311510785e-24, nan 
-15.375, 83.125, 4.491643545444526e-24, nan 
-15.125, 83.125, 4.602686150171293e-24, nan 
-14.875, 83.125, 4.345414016179965e-24, nan 
-14.625, 83.125, 3.363551850320758e-24, nan 
-14.375, 83.125, 3.1748253542175738e-24, nan 
-14.125, 83.125, 3.338808793139004e-24, nan 
-13.875, 83.125, 3.2617476986668936e-24, nan 
-13.625, 83.125, 3.197598336709154e-24, nan 
-13.375, 83.125, 3.286817953110377e-24, nan 
-13.125, 83.125, 3.4169033358701316e-24, nan 
-12.875, 83.125, 3.508028596035334e-24, nan 
-12.625, 83.125, 3.332364739885398e-24, nan 
-12.375, 83.125, 3.698129257637345e-24, nan 
-12.125, 83.125, 4.305421435894721e-24, nan 
-11.875, 83.125, 4.443321544831919e-24, nan 
-11.625, 83.125, 4.718964734178892e-24, nan 
-11.375, 83.125, 4.8536118181779685e-24, nan 
-11.125, 83.125, 4.856440597571305e-24, nan 
-10.875, 83.125, 5.029391214551994e-24, nan 
-10.625, 83.125, 5.153232747395989e-24, nan 
-10.375, 83.125, 5.0164599556617006e-24, nan 
-10.125, 83.125, 5.072539788669005e-24, nan 
-9.875, 83.125, 5.28807076386197e-24, nan 
-9.625, 83.125, 5.455275282459144e-24, nan 
-9.375, 83.125, 5.5451532212114956e-24, nan 
-9.125, 83.125, 5.5101241465314926e-24, nan 
-8.875, 83.125, 5.208989908560998e-24, nan 
-8.625, 83.125, 4.860611828279658e-24, nan 
-8.375, 83.125, 4.729736711187236e-24, nan 
-8.125, 83.125, 4.7124713971378885e-24, nan 
-7.875, 83.125, 4.345391327267546e-24, nan 
-7.625, 83.125, 3.945398506501969e-24, nan 
-7.375, 83.125, 3.956399844779331e-24, nan 
-7.125, 83.125, 3.978689009863464e-24, nan 
-6.875, 83.125, 3.764301266458404e-24, nan 
-6.625, 83.125, 3.905507941045385e-24, nan 
-6.375, 83.125, 3.936189522637211e-24, nan 
-6.125, 83.125, 3.9127918824769345e-24, nan 
-5.875, 83.125, 3.633706587440221e-24, nan 
-5.625, 83.125, 3.726467671337668e-24, nan 
-5.375, 83.125, 3.9541221798872816e-24, nan 
-5.125, 83.125, 4.0292134555367706e-24, nan 
-4.875, 83.125, 3.781686221115761e-24, nan 
-4.625, 83.125, 4.0715169836217135e-24, nan 
-4.375, 83.125, 4.201319650685486e-24, nan 
-4.125, 83.125, 4.1701310414525394e-24, nan 
-3.875, 83.125, 4.022448055481913e-24, nan 
-3.625, 83.125, 4.391943878732414e-24, nan 
-3.375, 83.125, 4.976732283965264e-24, nan 
-3.125, 83.125, 5.929423980916372e-24, nan 
-2.875, 83.125, 6.151264996607938e-24, nan 
-2.625, 83.125, 5.732008893844115e-24, nan 
-2.375, 83.125, 6.643599836048836e-24, nan 
-2.125, 83.125, 7.1647719932692e-24, nan 
-1.875, 83.125, 6.487931036055684e-24, nan 
-1.625, 83.125, 6.785222476694598e-24, nan 
-1.375, 83.125, 7.343568702592259e-24, nan 
-1.125, 83.125, 7.546087174375073e-24, nan 
-0.875, 83.125, 7.014954506882361e-24, nan 
-0.625, 83.125, 7.109615196378144e-24, nan 
-0.375, 83.125, 7.615202892472172e-24, nan 
-0.125, 83.125, 7.586507206429565e-24, nan 
0.125, 83.125, 7.267436075295235e-24, nan 
0.375, 83.125, 7.216100819226388e-24, nan 
0.625, 83.125, 6.952256767004257e-24, nan 
0.875, 83.125, 7.459935614097688e-24, nan 
1.125, 83.125, 7.845915012655919e-24, nan 
1.375, 83.125, 7.696889097261563e-24, nan 
1.625, 83.125, 6.783212859093518e-24, nan 
1.875, 83.125, 7.255396343017606e-24, nan 
2.125, 83.125, 7.571907168404273e-24, nan 
2.375, 83.125, 7.188571181486201e-24, nan 
2.625, 83.125, 7.114085526142029e-24, nan 
2.875, 83.125, 7.681528686950714e-24, nan 
3.125, 83.125, 8.05460716673617e-24, nan 
3.375, 83.125, 7.903201707664755e-24, nan 
3.625, 83.125, 7.767861807417731e-24, nan 
3.875, 83.125, 6.976057162121303e-24, nan 
4.125, 83.125, 7.058041212346465e-24, nan 
4.375, 83.125, 7.256039320946872e-24, nan 
4.625, 83.125, 8.050289161082413e-24, nan 
4.875, 83.125, 7.7384436652355e-24, nan 
5.125, 83.125, 7.580475556939739e-24, nan 
5.375, 83.125, 8.29500335259655e-24, nan 
5.625, 83.125, 8.372858376352065e-24, nan 
5.875, 83.125, 8.463970711892054e-24, nan 
6.125, 83.125, 7.683573659607997e-24, nan 
6.375, 83.125, 7.850157738186923e-24, nan 
6.625, 83.125, 8.067181216754328e-24, nan 
6.875, 83.125, 8.309867390980112e-24, nan 
7.125, 83.125, 8.084689369654733e-24, nan 
7.375, 83.125, 7.91590440237921e-24, nan 
7.625, 83.125, 8.106125984828598e-24, nan 
7.875, 83.125, 7.753032888949921e-24, nan 
8.125, 83.125, 7.04541698501898e-24, nan 
8.375, 83.125, 7.817796272583917e-24, nan 
8.625, 83.125, 7.61509482921882e-24, nan 
8.875, 83.125, 7.80241513502758e-24, nan 
9.125, 83.125, 8.024833924846659e-24, nan 
9.375, 83.125, 7.835923818045001e-24, nan 
9.625, 83.125, 7.737055320680269e-24, nan 
9.875, 83.125, 7.696586930014087e-24, nan 
10.125, 83.125, 7.585666896032507e-24, nan 
10.375, 83.125, 7.445951964864291e-24, nan 
10.625, 83.125, 7.601768787000915e-24, nan 
10.875, 83.125, 7.21207060940498e-24, nan 
11.125, 83.125, 7.037498562530175e-24, nan 
11.375, 83.125, 7.005073431055206e-24, nan 
11.625, 83.125, 7.210532173141201e-24, nan 
11.875, 83.125, 6.943054658855128e-24, nan 
12.125, 83.125, 6.469301391715596e-24, nan 
12.375, 83.125, 6.3216894912491564e-24, nan 
12.625, 83.125, 6.673433138798479e-24, nan 
12.875, 83.125, 7.036104311755752e-24, nan 
13.125, 83.125, 7.336909734917522e-24, nan 
13.375, 83.125, 7.230358883259675e-24, nan 
13.625, 83.125, 6.687774118319631e-24, nan 
13.875, 83.125, 6.968677286883808e-24, nan 
14.125, 83.125, 7.31890435136122e-24, nan 
14.375, 83.125, 7.241979048120823e-24, nan 
14.625, 83.125, 7.352676404458916e-24, nan 
14.875, 83.125, 7.216381793558122e-24, nan 
15.125, 83.125, 6.583918808282806e-24, nan 
15.375, 83.125, 7.035040337404608e-24, nan 
15.625, 83.125, 7.433223849220598e-24, nan 
15.875, 83.125, 6.924872339342976e-24, nan 
16.125, 83.125, 6.620539263218837e-24, nan 
16.375, 83.125, 5.7342954319904525e-24, nan 
16.625, 83.125, 5.3290072004044556e-24, nan 
16.875, 83.125, 5.1440234696065434e-24, nan 
17.125, 83.125, 5.646396761282055e-24, nan 
17.375, 83.125, 5.934897461090505e-24, nan 
17.625, 83.125, 6.394561541522746e-24, nan 
17.875, 83.125, 6.792433815673352e-24, nan 
18.125, 83.125, 4.9689355646982325e-24, nan 
18.375, 83.125, 3.680437566351226e-24, nan 
18.625, 83.125, 3.605806173387596e-24, nan 
18.875, 83.125, 4.1743721574418644e-24, nan 
19.125, 83.125, 4.595773699210093e-24, nan 
19.375, 83.125, 4.9648410618634126e-24, nan 
19.625, 83.125, 5.3076396196182196e-24, nan 
19.875, 83.125, 5.265724244231507e-24, nan 
20.125, 83.125, 5.161633968506624e-24, nan 
20.375, 83.125, 6.064271268781661e-24, nan 
20.625, 83.125, 6.883004348366195e-24, nan 
20.875, 83.125, 7.390898699531217e-24, nan 
21.125, 83.125, 7.515925380539826e-24, nan 
21.375, 83.125, 7.582150632681414e-24, nan 
21.625, 83.125, 7.927613255033107e-24, nan 
21.875, 83.125, 7.84951799478995e-24, nan 
22.125, 83.125, 7.772071341930102e-24, nan 
22.375, 83.125, 8.164691974170496e-24, nan 
22.625, 83.125, 8.363296539790267e-24, nan 
22.875, 83.125, 8.209881417389718e-24, nan 
23.125, 83.125, 8.349674806949157e-24, nan 
23.375, 83.125, 8.466020134005429e-24, nan 
23.625, 83.125, 8.230554290616799e-24, nan 
23.875, 83.125, 7.630976723498461e-24, nan 
24.125, 83.125, 7.110807325196991e-24, nan 
24.375, 83.125, 7.311361286180646e-24, nan 
24.625, 83.125, 7.382346387007053e-24, nan 
24.875, 83.125, 6.765992577794947e-24, nan 
25.125, 83.125, 6.399385721181577e-24, nan 
25.375, 83.125, 6.289097621225966e-24, nan 
25.625, 83.125, 6.2224576008174824e-24, nan 
25.875, 83.125, 5.974703681268961e-24, nan 
26.125, 83.125, 6.1306889216408565e-24, nan 
26.375, 83.125, 5.927860062160744e-24, nan 
26.625, 83.125, 6.177364955945983e-24, nan 
26.875, 83.125, 5.822599524259794e-24, nan 
27.125, 83.125, 5.6684193918459135e-24, nan 
27.375, 83.125, 5.6844948713707134e-24, nan 
27.625, 83.125, 5.8227876410180726e-24, nan 
27.875, 83.125, 5.47047367571572e-24, nan 
28.125, 83.125, 5.509038078262322e-24, nan 
28.375, 83.125, 5.492878726929229e-24, nan 
28.625, 83.125, 5.269755917994779e-24, nan 
28.875, 83.125, 4.918325624325113e-24, nan 
29.125, 83.125, 5.108715333050372e-24, nan 
29.375, 83.125, 5.40033171822578e-24, nan 
29.625, 83.125, 4.89182145056543e-24, nan 
29.875, 83.125, 5.119873043572568e-24, nan 
30.125, 83.125, 5.07813586567864e-24, nan 
30.375, 83.125, 4.7792632897218126e-24, nan 
30.625, 83.125, 4.392770450946633e-24, nan 
30.875, 83.125, 4.7004189841993535e-24, nan 
31.125, 83.125, 4.4849084479724496e-24, nan 
31.375, 83.125, 4.165005563456175e-24, nan 
31.625, 83.125, 4.24168052153707e-24, nan 
31.875, 83.125, 4.281071641733578e-24, nan 
32.125, 83.125, 3.974643735716256e-24, nan 
32.375, 83.125, 3.92420537691927e-24, nan 
32.625, 83.125, 4.102151241281246e-24, nan 
32.875, 83.125, 4.084582008932689e-24, nan 
33.125, 83.125, 4.1888962269360436e-24, nan 
33.375, 83.125, 4.5214237488982105e-24, nan 
33.625, 83.125, 4.230128131362728e-24, nan 
33.875, 83.125, 4.2427085862211406e-24, nan 
34.125, 83.125, 4.525915812561848e-24, nan 
34.375, 83.125, 4.970228396743094e-24, nan 
34.625, 83.125, 4.47311384254185e-24, nan 
34.875, 83.125, 3.7742631353185435e-24, nan 
35.125, 83.125, 3.9460209133015544e-24, nan 
35.375, 83.125, 3.8894356726936405e-24, nan 
35.625, 83.125, 3.320873640509198e-24, nan 
35.875, 83.125, 3.1531253041959365e-24, nan 
36.125, 83.125, 3.509466348952705e-24, nan 
36.375, 83.125, 4.494832504829603e-24, nan 
36.625, 83.125, 5.2883798698346385e-24, nan 
36.875, 83.125, 6.064082313277123e-24, nan 
37.125, 83.125, 7.507883955488232e-24, nan 
37.375, 83.125, 1.2563291827207992e-23, nan 
37.625, 83.125, 2.911895159998035e-23, nan 
37.875, 83.125, 3.619902858385945e-23, nan 
38.125, 83.125, 3.937499263764412e-23, nan 
38.375, 83.125, 4.205622901774492e-23, nan 
38.625, 83.125, 5.466622088143453e-23, nan 
38.875, 83.125, 5.357172520430342e-23, nan 
39.125, 83.125, 5.425038832246058e-23, nan 
39.375, 83.125, 5.75283086450518e-23, nan 
39.625, 83.125, 6.607163667163264e-23, nan 
39.875, 83.125, 6.408274491587059e-23, nan 
40.125, 83.125, 6.671770540830618e-23, nan 
40.375, 83.125, 6.768521575970237e-23, nan 
40.625, 83.125, 7.116254395239617e-23, nan 
40.875, 83.125, 7.43566896515663e-23, nan 
41.125, 83.125, 7.706061175871467e-23, nan 
41.375, 83.125, 7.84414499199845e-23, nan 
41.625, 83.125, 8.29333171809864e-23, nan 
41.875, 83.125, 8.84087423171681e-23, nan 
42.125, 83.125, 9.104439058097831e-23, nan 
42.375, 83.125, 9.550925414392373e-23, nan 
42.625, 83.125, 1.037321835697902e-22, nan 
42.875, 83.125, 1.0221822435508034e-22, nan 
43.125, 83.125, 1.0333697864120034e-22, nan 
43.375, 83.125, 1.0855728129570894e-22, nan 
43.625, 83.125, 1.0760433466955933e-22, nan 
43.875, 83.125, 1.094668418516787e-22, nan 
44.125, 83.125, 1.091070443223452e-22, nan 
44.375, 83.125, 1.0204568335713211e-22, nan 
44.625, 83.125, 1.0146997494738103e-22, nan 
44.875, 83.125, 1.0264832713715451e-22, nan 
45.125, 83.125, 9.893866635319029e-23, nan 
45.375, 83.125, 9.842098294455941e-23, nan 
45.625, 83.125, 9.808128494221957e-23, nan 
45.875, 83.125, 9.471417095930836e-23, nan 
46.125, 83.125, 8.778415193156365e-23, nan 
46.375, 83.125, 9.809115379779642e-23, nan 
46.625, 83.125, 9.478679879812444e-23, nan 
46.875, 83.125, 7.270021190981896e-23, nan 
47.125, 83.125, 6.753253164221287e-23, nan 
47.375, 83.125, 7.127728597726813e-23, nan 
47.625, 83.125, 5.543917103725056e-23, nan 
47.875, 83.125, 5.0054522927801185e-23, nan 
48.125, 83.125, 5.724887353808455e-23, nan 
48.375, 83.125, 4.6261054170623675e-23, nan 
48.625, 83.125, 5.525451848618126e-23, nan 
48.875, 83.125, 8.316564242280495e-23, nan 
49.125, 83.125, 8.249141489556048e-23, nan 
49.375, 83.125, 6.882705928994927e-23, nan 
49.625, 83.125, 8.609203556201514e-23, nan 
49.875, 83.125, 1.0253070546485487e-22, nan 
50.125, 83.125, 1.0686533740572261e-22, nan 
50.375, 83.125, 1.069945618875136e-22, nan 
50.625, 83.125, 1.0800815601548716e-22, nan 
50.875, 83.125, 1.2431347463218152e-22, nan 
51.125, 83.125, 1.2574310058618616e-22, nan 
51.375, 83.125, 1.3656130262558933e-22, nan 
51.625, 83.125, 1.4942622015651194e-22, nan 
51.875, 83.125, 1.5084826811287338e-22, nan 
52.125, 83.125, 1.5111525672764312e-22, nan 
52.375, 83.125, 1.5653178007821652e-22, nan 
52.625, 83.125, 1.5758248089199942e-22, nan 
52.875, 83.125, 1.562861102857124e-22, nan 
53.125, 83.125, 1.5442481392107102e-22, nan 
53.375, 83.125, 1.6603383695674735e-22, nan 
53.625, 83.125, 1.6881187113904282e-22, nan 
53.875, 83.125, 1.5609071256428216e-22, nan 
54.125, 83.125, 1.6386733609699313e-22, nan 
54.375, 83.125, 1.6846225435951407e-22, nan 
54.625, 83.125, 1.8003539802502715e-22, nan 
54.875, 83.125, 1.7640370245295715e-22, nan 
55.125, 83.125, 1.7827125056218177e-22, nan 
55.375, 83.125, 1.7581614863057018e-22, nan 
55.625, 83.125, 1.8104052487915e-22, nan 
55.875, 83.125, 1.8254274452393628e-22, nan 
56.125, 83.125, 1.5353136235233453e-22, nan 
56.375, 83.125, 1.6266133089852075e-22, nan 
56.625, 83.125, 9.57362300627975e-23, nan 
56.875, 83.125, 3.3432512994259364e-23, nan 
57.125, 83.125, 3.9808875408704474e-23, nan 
57.375, 83.125, 4.486618806933058e-23, nan 
57.625, 83.125, 4.2655495528883443e-23, nan 
57.875, 83.125, 4.472736116146725e-23, nan 
58.125, 83.125, 4.983740421364074e-23, nan 
58.375, 83.125, 4.3343925489046294e-23, nan 
58.625, 83.125, 4.843167563067241e-23, nan 
58.875, 83.125, 5.398416909368349e-23, nan 
59.125, 83.125, 5.668422776227954e-23, nan 
59.375, 83.125, 5.994604685167516e-23, nan 
59.625, 83.125, 5.1709903807091116e-23, nan 
59.875, 83.125, 5.888206568747046e-23, nan 
60.125, 83.125, 4.9356816646919045e-23, nan 
60.375, 83.125, 5.7378623620341e-23, nan 
60.625, 83.125, 5.884099677037697e-23, nan 
60.875, 83.125, 6.42991951618063e-23, nan 
61.125, 83.125, 4.17918923711864e-23, nan 
61.375, 83.125, 7.735650929421638e-23, nan 
61.625, 83.125, 9.553039071589018e-23, nan 
61.875, 83.125, 7.545604599919487e-23, nan 
62.125, 83.125, 9.118243900732548e-23, nan 
62.375, 83.125, 1.049714594155078e-22, nan 
62.625, 83.125, 1.2221222560217848e-22, nan 
62.875, 83.125, 1.4558684139065044e-22, nan 
63.125, 83.125, 1.70251909026228e-22, nan 
63.375, 83.125, 1.8146509545278076e-22, nan 
63.625, 83.125, 1.7519168442902393e-22, nan 
63.875, 83.125, 1.8459071784319897e-22, nan 
64.125, 83.125, 2.034578533609209e-22, nan 
64.375, 83.125, 2.1022869081569863e-22, nan 
64.625, 83.125, 1.5864969103366476e-22, nan 
64.875, 83.125, 9.76944676071097e-23, nan 
65.125, 83.125, 9.212278608349241e-23, nan 
65.375, 83.125, 8.513894201084548e-23, nan 
65.625, 83.125, 9.013522372684334e-23, nan 
65.875, 83.125, 8.601653939226589e-23, nan 
66.125, 83.125, 8.342672695705125e-23, nan 
66.375, 83.125, 1.1466927142192117e-22, nan 
66.625, 83.125, 1.238684389462286e-22, nan 
66.875, 83.125, 1.0174438345684043e-22, nan 
67.125, 83.125, 9.768925757484986e-23, nan 
67.375, 83.125, 1.2622600066451045e-22, nan 
67.625, 83.125, 1.3258302235853544e-22, nan 
67.875, 83.125, 1.145793292914136e-22, nan 
68.125, 83.125, 8.27435577346897e-23, nan 
68.375, 83.125, 8.898434636062676e-23, nan 
68.625, 83.125, 8.413390514130121e-23, nan 
68.875, 83.125, 2.4860447112726744e-23, nan 
69.125, 83.125, 6.758426288005785e-23, nan 
69.375, 83.125, 5.77238864985741e-23, nan 
69.625, 83.125, 1.6112353239047907e-22, nan 
69.875, 83.125, 2.3129074775142495e-22, nan 
70.125, 83.125, 2.634525243160494e-22, nan 
70.375, 83.125, 2.3986546741396637e-22, nan 
70.625, 83.125, 3.1664232870771417e-22, nan 
70.875, 83.125, 3.8870454661126486e-22, nan 
71.125, 83.125, 2.5781457710298135e-22, nan 
71.375, 83.125, 2.6477165227032804e-22, nan 
71.625, 83.125, 2.298641819647475e-22, nan 
71.875, 83.125, 3.304378507957005e-22, nan 
72.125, 83.125, 3.8705878698850144e-22, nan 
72.375, 83.125, 3.698978056472382e-22, nan 
72.625, 83.125, 3.8507095897729706e-22, nan 
72.875, 83.125, 3.5721868639689965e-22, nan 
73.125, 83.125, 3.8532473367024975e-22, nan 
73.375, 83.125, 3.242403318918643e-22, nan 
73.625, 83.125, 1.922040343899931e-22, nan 
73.875, 83.125, 1.5871687692943184e-22, nan 
74.125, 83.125, 2.0226304034423638e-22, nan 
74.375, 83.125, 1.7938251344945605e-22, nan 
74.625, 83.125, 1.4783483571877044e-22, nan 
74.875, 83.125, 1.1526546597355938e-22, nan 
75.125, 83.125, 1.1838406153646564e-22, nan 
75.375, 83.125, 1.3510444000779025e-22, nan 
75.625, 83.125, 1.0834875855994977e-22, nan 
75.875, 83.125, 1.0369199706778731e-22, nan 
76.125, 83.125, 1.184276278375961e-22, nan 
76.375, 83.125, 1.5785788348883573e-22, nan 
76.625, 83.125, 2.3574992480411747e-22, nan 
76.875, 83.125, 2.0505071815546028e-22, nan 
77.125, 83.125, 1.3790624007507807e-22, nan 
77.375, 83.125, 1.7706968623224808e-22, nan 
77.625, 83.125, 1.459846904205235e-22, nan 
77.875, 83.125, 6.469345624252339e-23, nan 
78.125, 83.125, 1.618455076806982e-22, nan 
78.375, 83.125, 2.107559141249743e-22, nan 
78.625, 83.125, 2.220018577655023e-22, nan 
78.875, 83.125, 2.4892691307236546e-22, nan 
79.125, 83.125, 2.398283180820544e-22, nan 
79.375, 83.125, 2.3098301074606455e-22, nan 
79.625, 83.125, 2.221876185198303e-22, nan 
79.875, 83.125, 2.3528219459783014e-22, nan 
80.125, 83.125, 2.312400761117229e-22, nan 
80.375, 83.125, 2.2779779816602377e-22, nan 
80.625, 83.125, 2.62583478438128e-22, nan 
80.875, 83.125, 2.944820247161169e-22, nan 
81.125, 83.125, 3.165359769468154e-22, nan 
81.375, 83.125, 3.61396832625953e-22, nan 
81.625, 83.125, 3.6961339432978582e-22, nan 
81.875, 83.125, 2.1013851461155715e-22, nan 
82.125, 83.125, 2.6886232417318403e-22, nan 
82.375, 83.125, 2.4823815684092582e-22, nan 
82.625, 83.125, 1.7819820119413722e-22, nan 
82.875, 83.125, 3.1712311289090748e-22, nan 
83.125, 83.125, 3.299059443009804e-22, nan 
83.375, 83.125, 3.281683065232049e-22, nan 
83.625, 83.125, 3.476094346418396e-22, nan 
83.875, 83.125, 3.675203953738533e-22, nan 
84.125, 83.125, 2.761075338593662e-22, nan 
84.375, 83.125, 3.0628089968353436e-22, nan 
84.625, 83.125, 3.0360692484653873e-22, nan 
84.875, 83.125, 3.318016671654871e-22, nan 
85.125, 83.125, 3.454516809208785e-22, nan 
85.375, 83.125, 3.6274356919100714e-22, nan 
85.625, 83.125, 3.6978838494106553e-22, nan 
85.875, 83.125, 3.641221452341994e-22, nan 
86.125, 83.125, 3.797179486101081e-22, nan 
86.375, 83.125, 4.333219745103914e-22, nan 
86.625, 83.125, 4.693632878340149e-22, nan 
86.875, 83.125, 3.37262059637704e-22, nan 
87.125, 83.125, 2.8969771859430545e-22, nan 
87.375, 83.125, 2.558608630777974e-22, nan 
87.625, 83.125, 3.176545838359378e-22, nan 
87.875, 83.125, 3.3592327186942085e-22, nan 
88.125, 83.125, 3.5118705153955287e-22, nan 
88.375, 83.125, 3.832037652726166e-22, nan 
88.625, 83.125, 4.1221040932595216e-22, nan 
88.875, 83.125, 3.2884621017870627e-22, nan 
89.125, 83.125, 5.663026455584375e-22, nan 
89.375, 83.125, 4.205842125138918e-22, nan 
89.625, 83.125, 4.658223562547317e-22, nan 
89.875, 83.125, 5.718712076913405e-22, nan 
90.125, 83.125, 4.844633440021223e-22, nan 
90.375, 83.125, 5.575340716645549e-22, nan 
90.625, 83.125, 7.322582143495848e-22, nan 
90.875, 83.125, 8.10567699094661e-22, nan 
91.125, 83.125, 4.785511281166502e-22, nan 
91.375, 83.125, 7.805528154431526e-22, nan 
91.625, 83.125, 7.817726076181364e-22, nan 
91.875, 83.125, 7.84810964629227e-22, nan 
92.125, 83.125, 8.061581359607394e-22, nan 
92.375, 83.125, 8.248707281180739e-22, nan 
92.625, 83.125, 9.197944332247155e-22, nan 
92.875, 83.125, 9.66605542270887e-22, nan 
93.125, 83.125, 9.56562698774244e-22, nan 
93.375, 83.125, 6.24804633741082e-22, nan 
93.625, 83.125, 6.653651320019046e-22, nan 
93.875, 83.125, 7.394050478911143e-22, nan 
94.125, 83.125, 5.85538920015871e-22, nan 
94.375, 83.125, 6.383745526568916e-22, nan 
94.625, 83.125, 6.703706548519515e-22, nan 
94.875, 83.125, 6.215244568278002e-22, nan 
95.125, 83.125, 6.161177219828024e-22, nan 
95.375, 83.125, 6.901709037570959e-22, nan 
95.625, 83.125, 7.688747606106513e-22, nan 
95.875, 83.125, 8.560083074835834e-22, nan 
96.125, 83.125, 7.529740254232384e-22, nan 
96.375, 83.125, 7.009320500266689e-22, nan 
96.625, 83.125, 8.206239788519496e-22, nan 
96.875, 83.125, 8.3505266975504485e-22, nan 
97.125, 83.125, 7.765523832265874e-22, nan 
97.375, 83.125, 6.9032805567064855e-22, nan 
97.625, 83.125, 7.425551402131082e-22, nan 
97.875, 83.125, 7.954216302060493e-22, nan 
98.125, 83.125, 8.0676642373642e-22, nan 
98.375, 83.125, 7.54065752565665e-22, nan 
98.625, 83.125, 8.335655208546706e-22, nan 
98.875, 83.125, 8.787740325310872e-22, nan 
99.125, 83.125, 8.260047204682226e-22, nan 
99.375, 83.125, 8.46444464081873e-22, nan 
99.625, 83.125, 9.301343692169723e-22, nan 
99.875, 83.125, 1.1128685308147709e-21, nan 
100.125, 83.125, 1.1193750486658126e-21, nan 
100.375, 83.125, 7.572581448575485e-22, nan 
100.625, 83.125, 1.0212060902777395e-21, nan 
100.875, 83.125, 1.2519987549326085e-21, nan 
101.125, 83.125, 1.1457288923713326e-21, nan 
101.375, 83.125, 1.3769937032747244e-21, nan 
101.625, 83.125, 1.453170748586688e-21, nan 
101.875, 83.125, 1.6019020055239793e-21, nan 
102.125, 83.125, 1.6532938590649977e-21, nan 
102.375, 83.125, 1.4500125432807898e-21, nan 
102.625, 83.125, 1.0759821730174335e-21, nan 
102.875, 83.125, 1.2388436680624876e-21, nan 
103.125, 83.125, 1.8077638614813262e-21, nan 
103.375, 83.125, 1.9035040347240008e-21, nan 
103.625, 83.125, 1.957234797258468e-21, nan 
103.875, 83.125, 1.8485561956280784e-21, nan 
104.125, 83.125, 1.9679011783225056e-21, nan 
104.375, 83.125, 2.02605243196418e-21, nan 
104.625, 83.125, 1.9266695406962814e-21, nan 
104.875, 83.125, 2.261784017697861e-21, nan 
105.125, 83.125, 2.0519759881748868e-21, nan 
105.375, 83.125, 1.7068576615211865e-21, nan 
105.625, 83.125, 1.7132539651404083e-21, nan 
105.875, 83.125, 1.7813556452051152e-21, nan 
106.125, 83.125, 1.7965480591071236e-21, nan 
106.375, 83.125, 1.5544775693268747e-21, nan 
106.625, 83.125, 1.380681578764349e-21, nan 
106.875, 83.125, 1.4362682530586694e-21, nan 
107.125, 83.125, 1.8431635884269012e-21, nan 
107.375, 83.125, 1.5020223743596958e-21, nan 
107.625, 83.125, 1.093734943795905e-21, nan 
107.875, 83.125, 1.0692604324699647e-21, nan 
108.125, 83.125, 1.025773784281185e-21, nan 
108.375, 83.125, 9.842957157507237e-22, nan 
108.625, 83.125, 1.0795755203744906e-21, nan 
108.875, 83.125, 1.2672820078973536e-21, nan 
109.125, 83.125, 1.1742844129479108e-21, nan 
109.375, 83.125, 1.0868193664568248e-21, nan 
109.625, 83.125, 1.177434722853845e-21, nan 
109.875, 83.125, 1.4870855180499226e-21, nan 
110.125, 83.125, 1.3990688381511071e-21, nan 
110.375, 83.125, 1.3354240779957183e-21, nan 
110.625, 83.125, 1.4014829962809328e-21, nan 
110.875, 83.125, 1.3621940593400965e-21, nan 
111.125, 83.125, 1.69344567057056e-21, nan 
111.375, 83.125, 1.4032181585654879e-21, nan 
111.625, 83.125, 1.3770848288514498e-21, nan 
111.875, 83.125, 1.672083076357413e-21, nan 
112.125, 83.125, 1.914789436797657e-21, nan 
112.375, 83.125, 1.865521969605482e-21, nan 
112.625, 83.125, 1.7697673188044065e-21, nan 
112.875, 83.125, 1.8844554910209963e-21, nan 
113.125, 83.125, 1.7752467644846222e-21, nan 
113.375, 83.125, 1.714247579164055e-21, nan 
113.625, 83.125, 1.5708514312540655e-21, nan 
113.875, 83.125, 1.5079557493920244e-21, nan 
114.125, 83.125, 1.374711092521373e-21, nan 
114.375, 83.125, 1.3397793408167996e-21, nan 
114.625, 83.125, 1.1632787804306907e-21, nan 
114.875, 83.125, 1.0038261917078318e-21, nan 
115.125, 83.125, 9.387410192981655e-22, nan 
115.375, 83.125, 9.89142148859021e-22, nan 
115.625, 83.125, 9.77341458608627e-22, nan 
115.875, 83.125, 1.0758605809011822e-21, nan 
116.125, 83.125, 1.1718647187546646e-21, nan 
116.375, 83.125, 1.1538215015213027e-21, nan 
116.625, 83.125, 1.2109373817048375e-21, nan 
116.875, 83.125, 9.761316938659276e-22, nan 
117.125, 83.125, 8.2618209720499675e-22, nan 
117.375, 83.125, 7.164429871356905e-22, nan 
117.625, 83.125, 5.535005909895265e-22, nan 
117.875, 83.125, 5.579637378794454e-22, nan 
118.125, 83.125, 2.6859657312910823e-22, nan 
118.375, 83.125, 3.4330593317368306e-22, nan 
118.625, 83.125, 3.2960778433762185e-22, nan 
118.875, 83.125, 3.375847181437052e-22, nan 
119.125, 83.125, 3.35410812251411e-22, nan 
119.375, 83.125, 3.2591662610851966e-22, nan 
119.625, 83.125, 2.346765885215836e-22, nan 
119.875, 83.125, 3.0179134632715224e-22, nan 
120.125, 83.125, 2.5166492916552284e-22, nan 
120.375, 83.125, 1.8827443550508034e-22, nan 
120.625, 83.125, 1.9423803557478538e-22, nan 
120.875, 83.125, 2.019232666027673e-22, nan 
121.125, 83.125, 1.5719015659076454e-22, nan 
121.375, 83.125, 1.594422619142091e-22, nan 
121.625, 83.125, 1.6840819354259386e-22, nan 
121.875, 83.125, 1.9033702034417674e-22, nan 
122.125, 83.125, 1.6143963759475972e-22, nan 
122.375, 83.125, 1.2754531074107865e-22, nan 
122.625, 83.125, 7.406226676903463e-23, nan 
122.875, 83.125, 1.2317804599104462e-22, nan 
123.125, 83.125, 1.647292077727946e-22, nan 
123.375, 83.125, 1.943547851634211e-22, nan 
123.625, 83.125, 2.5169198838279943e-22, nan 
123.875, 83.125, 2.50160666874489e-22, nan 
124.125, 83.125, 2.0864584265178378e-22, nan 
124.375, 83.125, 2.002736693083391e-22, nan 
124.625, 83.125, 2.0547827884202046e-22, nan 
124.875, 83.125, 1.9439091630176501e-22, nan 
125.125, 83.125, 1.7579878178540297e-22, nan 
125.375, 83.125, 1.6135717933335752e-22, nan 
125.625, 83.125, 1.543120047684398e-22, nan 
125.875, 83.125, 1.6193912018476062e-22, nan 
126.125, 83.125, 1.7168052759749049e-22, nan 
126.375, 83.125, 1.5919087916801269e-22, nan 
126.625, 83.125, 1.3369092929742477e-22, nan 
126.875, 83.125, 1.374426739060464e-22, nan 
127.125, 83.125, 1.3198231599137357e-22, nan 
127.375, 83.125, 1.2274485504312852e-22, nan 
127.625, 83.125, 1.0831483305272829e-22, nan 
127.875, 83.125, 1.0199453100372766e-22, nan 
128.125, 83.125, 1.0326027192589907e-22, nan 
128.375, 83.125, 1.4426516331472715e-22, nan 
128.625, 83.125, 1.5357000446502325e-22, nan 
128.875, 83.125, 1.1836004205380725e-22, nan 
129.125, 83.125, 1.2811180778410019e-22, nan 
129.375, 83.125, 1.5621189353137605e-22, nan 
129.625, 83.125, 1.6684121648441086e-22, nan 
129.875, 83.125, 1.9294906856045029e-22, nan 
130.125, 83.125, 2.3001383892062803e-22, nan 
130.375, 83.125, 2.4699550787779135e-22, nan 
130.625, 83.125, 2.4019782275223403e-22, nan 
130.875, 83.125, 2.4769990627617215e-22, nan 
131.125, 83.125, 2.8988752928122015e-22, nan 
131.375, 83.125, 2.659608502967598e-22, nan 
131.625, 83.125, 3.2514267084740924e-22, nan 
131.875, 83.125, 3.4082574446052817e-22, nan 
132.125, 83.125, 3.3183548488498445e-22, nan 
132.375, 83.125, 3.2086079728249744e-22, nan 
132.625, 83.125, 3.125933726117424e-22, nan 
132.875, 83.125, 2.7718802118468198e-22, nan 
133.125, 83.125, 1.6489986965337783e-22, nan 
133.375, 83.125, 2.8439394114294266e-22, nan 
133.625, 83.125, 3.1450090669458444e-22, nan 
133.875, 83.125, 2.3288182879915424e-22, nan 
134.125, 83.125, 2.411642979671881e-22, nan 
134.375, 83.125, 8.856764122293984e-23, nan 
134.625, 83.125, 9.7501170785252e-23, nan 
134.875, 83.125, 1.1650606599860132e-22, nan 
135.125, 83.125, 1.388277687170368e-22, nan 
135.375, 83.125, 1.2304424928997681e-22, nan 
135.625, 83.125, 1.2168725098148991e-22, nan 
135.875, 83.125, 1.3767178523318768e-22, nan 
136.125, 83.125, 1.285477687191269e-22, nan 
136.375, 83.125, 1.443617209385761e-22, nan 
136.625, 83.125, 1.6395430420358563e-22, nan 
136.875, 83.125, 1.4854734450598474e-22, nan 
137.125, 83.125, 1.5850396032892835e-22, nan 
137.375, 83.125, 1.643690253687459e-22, nan 
137.625, 83.125, 1.3844601680244274e-22, nan 
137.875, 83.125, 1.3353815820781478e-22, nan 
138.125, 83.125, 1.3257566010001106e-22, nan 
138.375, 83.125, 1.2334619645696548e-22, nan 
138.625, 83.125, 1.426016042120824e-22, nan 
138.875, 83.125, 1.645490611144425e-22, nan 
139.125, 83.125, 1.3167635608989559e-22, nan 
139.375, 83.125, 9.824698088685746e-23, nan 
139.625, 83.125, 8.140217042436594e-23, nan 
139.875, 83.125, 7.577420987965343e-23, nan 
140.125, 83.125, 6.270657048341238e-23, nan 
140.375, 83.125, 5.729498215844855e-23, nan 
140.625, 83.125, 5.452132117165198e-23, nan 
140.875, 83.125, 6.309846187460185e-23, nan 
141.125, 83.125, 8.497517449851548e-23, nan 
141.375, 83.125, 9.94565386984275e-23, nan 
141.625, 83.125, 9.441101030765542e-23, nan 
141.875, 83.125, 7.876191088259264e-23, nan 
142.125, 83.125, 6.024415954624604e-23, nan 
142.375, 83.125, 5.105431495655977e-23, nan 
142.625, 83.125, 4.3508603401093854e-23, nan 
142.875, 83.125, 3.396787757618624e-23, nan 
143.125, 83.125, 3.157722814025385e-23, nan 
143.375, 83.125, 2.898278626652042e-23, nan 
143.625, 83.125, 3.114485211661547e-23, nan 
143.875, 83.125, 3.1369393635030405e-23, nan 
144.125, 83.125, 3.3590551665080573e-23, nan 
144.375, 83.125, 3.2291530443681697e-23, nan 
144.625, 83.125, 3.569250451697487e-23, nan 
144.875, 83.125, 3.6741631938133926e-23, nan 
145.125, 83.125, 3.422472816387694e-23, nan 
145.375, 83.125, 4.303272468350522e-23, nan 
145.625, 83.125, 5.20176259097011e-23, nan 
145.875, 83.125, 5.74292982732738e-23, nan 
146.125, 83.125, 6.680123964230445e-23, nan 
146.375, 83.125, 7.613275689462321e-23, nan 
146.625, 83.125, 7.662350372690558e-23, nan 
146.875, 83.125, 6.39334299797409e-23, nan 
147.125, 83.125, 4.8265382717848854e-23, nan 
147.375, 83.125, 5.872937313962135e-23, nan 
147.625, 83.125, 7.684549852222261e-23, nan 
147.875, 83.125, 7.084778524469142e-23, nan 
148.125, 83.125, 6.567731999716894e-23, nan 
148.375, 83.125, 6.484491007436123e-23, nan 
148.625, 83.125, 6.427935146981732e-23, nan 
148.875, 83.125, 6.414051951466561e-23, nan 
149.125, 83.125, 6.016768083153027e-23, nan 
149.375, 83.125, 5.467157175595739e-23, nan 
149.625, 83.125, 4.9564956830354656e-23, nan 
149.875, 83.125, 5.306719058218781e-23, nan 
150.125, 83.125, 5.1823653840339737e-23, nan 
150.375, 83.125, 5.217805001632705e-23, nan 
150.625, 83.125, 4.8522786478024893e-23, nan 
150.875, 83.125, 4.574112147880614e-23, nan 
151.125, 83.125, 4.295627664876292e-23, nan 
151.375, 83.125, 4.1347444809733196e-23, nan 
151.625, 83.125, 4.364044653471486e-23, nan 
151.875, 83.125, 4.187482847837819e-23, nan 
152.125, 83.125, 4.0996265878019015e-23, nan 
152.375, 83.125, 4.0813061122114075e-23, nan 
152.625, 83.125, 3.87667290685658e-23, nan 
152.875, 83.125, 3.437690024463252e-23, nan 
153.125, 83.125, 3.5471645522864e-23, nan 
153.375, 83.125, 3.494913696250331e-23, nan 
153.625, 83.125, 3.325608157114385e-23, nan 
153.875, 83.125, 2.963373193359751e-23, nan 
154.125, 83.125, 2.9910886129575984e-23, nan 
154.375, 83.125, 2.872619307453795e-23, nan 
154.625, 83.125, 2.66600506802174e-23, nan 
154.875, 83.125, 2.4579924151056283e-23, nan 
155.125, 83.125, 2.848093110455902e-23, nan 
155.375, 83.125, 2.90049593498183e-23, nan 
155.625, 83.125, 2.934557539612892e-23, nan 
155.875, 83.125, 2.797442674093733e-23, nan 
156.125, 83.125, 2.5065724514984674e-23, nan 
156.375, 83.125, 2.5363942834041366e-23, nan 
156.625, 83.125, 2.3064057737591157e-23, nan 
156.875, 83.125, 2.1562803826725992e-23, nan 
157.125, 83.125, 2.0730936491680225e-23, nan 
157.375, 83.125, 2.1037263727026627e-23, nan 
157.625, 83.125, 2.2299608043605616e-23, nan 
157.875, 83.125, 2.1788484416268193e-23, nan 
158.125, 83.125, 2.0557814903569827e-23, nan 
158.375, 83.125, 2.1258670317559802e-23, nan 
158.625, 83.125, 2.3498802400303532e-23, nan 
158.875, 83.125, 2.0889623354669737e-23, nan 
159.125, 83.125, 1.920079992319772e-23, nan 
159.375, 83.125, 1.8362495786852747e-23, nan 
159.625, 83.125, 1.7915594546722806e-23, nan 
159.875, 83.125, 1.7897129333915106e-23, nan 
160.125, 83.125, 1.6570303038338923e-23, nan 
160.375, 83.125, 1.626015541621076e-23, nan 
160.625, 83.125, 1.6893145872305117e-23, nan 
160.875, 83.125, 1.798023520137981e-23, nan 
161.125, 83.125, 1.7558379843881692e-23, nan 
161.375, 83.125, 1.6855335198047957e-23, nan 
161.625, 83.125, 1.733135646156962e-23, nan 
161.875, 83.125, 1.74934195215762e-23, nan 
162.125, 83.125, 1.6764058064538963e-23, nan 
162.375, 83.125, 1.5064713022480252e-23, nan 
162.625, 83.125, 1.5631743230104958e-23, nan 
162.875, 83.125, 1.5446179643872137e-23, nan 
163.125, 83.125, 1.4645802284750966e-23, nan 
163.375, 83.125, 1.4529495089834168e-23, nan 
163.625, 83.125, 1.5705824673725223e-23, nan 
163.875, 83.125, 1.5282939977277846e-23, nan 
164.125, 83.125, 1.4518919614961783e-23, nan 
164.375, 83.125, 1.4631507326613328e-23, nan 
164.625, 83.125, 1.381072354729992e-23, nan 
164.875, 83.125, 1.3398248362076937e-23, nan 
165.125, 83.125, 1.3074638797283146e-23, nan 
165.375, 83.125, 1.2275895008865041e-23, nan 
165.625, 83.125, 1.158909312926975e-23, nan 
165.875, 83.125, 1.2388917643682265e-23, nan 
166.125, 83.125, 1.330018026347648e-23, nan 
166.375, 83.125, 1.325229990633246e-23, nan 
166.625, 83.125, 1.1968073542472692e-23, nan 
166.875, 83.125, 1.2046761568270039e-23, nan 
167.125, 83.125, 1.2866505010477884e-23, nan 
167.375, 83.125, 1.2705020475144464e-23, nan 
167.625, 83.125, 1.2117989125926727e-23, nan 
167.875, 83.125, 1.2198653727576092e-23, nan 
168.125, 83.125, 1.1657579155464718e-23, nan 
168.375, 83.125, 1.2430672846593941e-23, nan 
168.625, 83.125, 1.307289481850777e-23, nan 
168.875, 83.125, 1.2565672485080574e-23, nan 
169.125, 83.125, 1.4248421294726917e-23, nan 
169.375, 83.125, 1.6045183651574687e-23, nan 
169.625, 83.125, 1.6519464978907894e-23, nan 
169.875, 83.125, 1.7123726062227054e-23, nan 
170.125, 83.125, 1.6675020626539458e-23, nan 
170.375, 83.125, 1.5579222211388647e-23, nan 
170.625, 83.125, 1.4464206874894124e-23, nan 
170.875, 83.125, 1.2865774424368855e-23, nan 
171.125, 83.125, 1.3262657704794868e-23, nan 
171.375, 83.125, 1.485929816880902e-23, nan 
171.625, 83.125, 1.494279391526684e-23, nan 
171.875, 83.125, 1.574216748687353e-23, nan 
172.125, 83.125, 1.538245370791412e-23, nan 
172.375, 83.125, 1.6014848672997803e-23, nan 
172.625, 83.125, 1.8415176155291808e-23, nan 
172.875, 83.125, 1.8112305139550136e-23, nan 
173.125, 83.125, 1.7626857132973336e-23, nan 
173.375, 83.125, 1.6228691643664387e-23, nan 
173.625, 83.125, 1.7132462451643713e-23, nan 
173.875, 83.125, 1.9038951170750904e-23, nan 
174.125, 83.125, 1.9382566865024024e-23, nan 
174.375, 83.125, 1.6610773306072187e-23, nan 
174.625, 83.125, 1.6706706660965368e-23, nan 
174.875, 83.125, 1.6176488881309204e-23, nan 
175.125, 83.125, 1.5400750170480074e-23, nan 
175.375, 83.125, 1.519337776934355e-23, nan 
175.625, 83.125, 1.4787295790727312e-23, nan 
175.875, 83.125, 1.3173358292796957e-23, nan 
176.125, 83.125, 1.3908713989250634e-23, nan 
176.375, 83.125, 1.2854391203287398e-23, nan 
176.625, 83.125, 1.1606529223545111e-23, nan 
176.875, 83.125, 1.1348620812679779e-23, nan 
177.125, 83.125, 1.2345799430222543e-23, nan 
177.375, 83.125, 1.1141064862306172e-23, nan 
177.625, 83.125, 9.600356472407784e-24, nan 
177.875, 83.125, 1.1761291453207869e-23, nan 
178.125, 83.125, 1.0488092027880562e-23, nan 
178.375, 83.125, 8.093727157420042e-24, nan 
178.625, 83.125, 8.073998487251325e-24, nan 
178.875, 83.125, 9.959116334190211e-24, nan 
179.125, 83.125, 8.31336365185091e-24, nan 
179.375, 83.125, 8.474887038644362e-24, nan 
179.625, 83.125, 7.980794966867832e-24, nan 
179.875, 83.125, 7.879794896431172e-24, nan 
-179.875, 83.375, 6.329952839420882e-24, nan 
-179.625, 83.375, 6.389278089465046e-24, nan 
-179.375, 83.375, 6.3427529986424254e-24, nan 
-179.125, 83.375, 7.27204611238409e-24, nan 
-178.875, 83.375, 8.598625517226173e-24, nan 
-178.625, 83.375, 7.109662279915501e-24, nan 
-178.375, 83.375, 6.662370175304262e-24, nan 
-178.125, 83.375, 5.993931416882703e-24, nan 
-177.875, 83.375, 6.939550731972389e-24, nan 
-177.625, 83.375, 6.588126309159252e-24, nan 
-177.375, 83.375, 6.390443258584364e-24, nan 
-177.125, 83.375, 6.641574289538096e-24, nan 
-176.875, 83.375, 7.693889205561254e-24, nan 
-176.625, 83.375, 7.563852654788143e-24, nan 
-176.375, 83.375, 6.35336685727963e-24, nan 
-176.125, 83.375, 6.086876709332651e-24, nan 
-175.875, 83.375, 7.01848559557701e-24, nan 
-175.625, 83.375, 6.582231025478712e-24, nan 
-175.375, 83.375, 6.387136622087572e-24, nan 
-175.125, 83.375, 7.027173983776295e-24, nan 
-174.875, 83.375, 8.255992932793536e-24, nan 
-174.625, 83.375, 7.416089427019276e-24, nan 
-174.375, 83.375, 7.16908684140223e-24, nan 
-174.125, 83.375, 7.744843455006535e-24, nan 
-173.875, 83.375, 7.506207382638823e-24, nan 
-173.625, 83.375, 7.990932234956553e-24, nan 
-173.375, 83.375, 8.252499630537632e-24, nan 
-173.125, 83.375, 7.98037776318256e-24, nan 
-172.875, 83.375, 7.594725665331954e-24, nan 
-172.625, 83.375, 7.096471410289653e-24, nan 
-172.375, 83.375, 7.313080584408254e-24, nan 
-172.125, 83.375, 7.261977340321528e-24, nan 
-171.875, 83.375, 6.739698207762899e-24, nan 
-171.625, 83.375, 6.929134529334169e-24, nan 
-171.375, 83.375, 7.235498589181318e-24, nan 
-171.125, 83.375, 7.112702680672465e-24, nan 
-170.875, 83.375, 7.219970568724529e-24, nan 
-170.625, 83.375, 7.389535763445402e-24, nan 
-170.375, 83.375, 7.363703748716272e-24, nan 
-170.125, 83.375, 7.376949870364898e-24, nan 
-169.875, 83.375, 7.395392333974515e-24, nan 
-169.625, 83.375, 8.405680785399045e-24, nan 
-169.375, 83.375, 7.762158348006312e-24, nan 
-169.125, 83.375, 7.023499042799758e-24, nan 
-168.875, 83.375, 6.320990628451085e-24, nan 
-168.625, 83.375, 5.866316462375223e-24, nan 
-168.375, 83.375, 5.616869671091714e-24, nan 
-168.125, 83.375, 6.228404996774099e-24, nan 
-167.875, 83.375, 6.5062226169402556e-24, nan 
-167.625, 83.375, 5.8762506645398435e-24, nan 
-167.375, 83.375, 6.140341591124171e-24, nan 
-167.125, 83.375, 6.242200153609189e-24, nan 
-166.875, 83.375, 4.572438014467854e-24, nan 
-166.625, 83.375, 4.242837824232095e-24, nan 
-166.375, 83.375, 4.691480563621423e-24, nan 
-166.125, 83.375, 4.9816389469051324e-24, nan 
-165.875, 83.375, 4.446637314459622e-24, nan 
-165.625, 83.375, 1.0304294241866968e-23, nan 
-165.375, 83.375, 1.1748690504320037e-23, nan 
-165.125, 83.375, 1.1758185756235993e-23, nan 
-164.875, 83.375, 1.0780144582611206e-23, nan 
-164.625, 83.375, 1.1167210486334233e-23, nan 
-164.375, 83.375, 1.2351539962377718e-23, nan 
-164.125, 83.375, 1.1707153970863964e-23, nan 
-163.875, 83.375, 1.1262400807429025e-23, nan 
-163.625, 83.375, 1.1143888933105361e-23, nan 
-163.375, 83.375, 1.0129687710460547e-23, nan 
-163.125, 83.375, 8.55001997913597e-24, nan 
-162.875, 83.375, 8.5879655590776e-24, nan 
-162.625, 83.375, 8.22950755598255e-24, nan 
-162.375, 83.375, 7.640333973282245e-24, nan 
-162.125, 83.375, 1.1134997171480359e-23, nan 
-161.875, 83.375, 1.1092365727300661e-23, nan 
-161.625, 83.375, 9.838761782354801e-24, nan 
-161.375, 83.375, 9.20387416171614e-24, nan 
-161.125, 83.375, 8.008009634959293e-24, nan 
-160.875, 83.375, 8.328978833856749e-24, nan 
-160.625, 83.375, 8.52069514599729e-24, nan 
-160.375, 83.375, 8.164372564245556e-24, nan 
-160.125, 83.375, 8.338997518871911e-24, nan 
-159.875, 83.375, 8.711771332270583e-24, nan 
-159.625, 83.375, 7.935902056571536e-24, nan 
-159.375, 83.375, 8.053922862027604e-24, nan 
-159.125, 83.375, 7.89451424500856e-24, nan 
-158.875, 83.375, 8.2038895842304e-24, nan 
-158.625, 83.375, 8.48201722507987e-24, nan 
-158.375, 83.375, 6.745560515520476e-24, nan 
-158.125, 83.375, 7.688778843624378e-24, nan 
-157.875, 83.375, 7.874070361321081e-24, nan 
-157.625, 83.375, 7.896530304740788e-24, nan 
-157.375, 83.375, 7.730642298568957e-24, nan 
-157.125, 83.375, 7.808235954382854e-24, nan 
-156.875, 83.375, 7.481140156467916e-24, nan 
-156.625, 83.375, 7.551109835863215e-24, nan 
-156.375, 83.375, 7.709910888069758e-24, nan 
-156.125, 83.375, 7.561266497817659e-24, nan 
-155.875, 83.375, 7.637654557675366e-24, nan 
-155.625, 83.375, 7.607606017587317e-24, nan 
-155.375, 83.375, 7.012242237719513e-24, nan 
-155.125, 83.375, 6.502485246407292e-24, nan 
-154.875, 83.375, 6.080707779047488e-24, nan 
-154.625, 83.375, 6.732739228973631e-24, nan 
-154.375, 83.375, 6.483596949261491e-24, nan 
-154.125, 83.375, 6.2511366612143694e-24, nan 
-153.875, 83.375, 5.215125404718233e-24, nan 
-153.625, 83.375, 5.102443794772687e-24, nan 
-153.375, 83.375, 5.1216649461102115e-24, nan 
-153.125, 83.375, 5.0776787163082794e-24, nan 
-152.875, 83.375, 4.473539317019631e-24, nan 
-152.625, 83.375, 4.046060499477622e-24, nan 
-152.375, 83.375, 4.652979639994708e-24, nan 
-152.125, 83.375, 4.754431084909842e-24, nan 
-151.875, 83.375, 4.412318227599873e-24, nan 
-151.625, 83.375, 4.4109280837750616e-24, nan 
-151.375, 83.375, 4.514964526973961e-24, nan 
-151.125, 83.375, 4.674774225580849e-24, nan 
-150.875, 83.375, 4.429547877456599e-24, nan 
-150.625, 83.375, 4.0765116610936764e-24, nan 
-150.375, 83.375, 3.885175084090434e-24, nan 
-150.125, 83.375, 3.86436086427612e-24, nan 
-149.875, 83.375, 3.41056932924905e-24, nan 
-149.625, 83.375, 3.174883099094081e-24, nan 
-149.375, 83.375, 3.0563252529718713e-24, nan 
-149.125, 83.375, 3.1169580065181378e-24, nan 
-148.875, 83.375, 3.469875152551885e-24, nan 
-148.625, 83.375, 4.493068118184057e-24, nan 
-148.375, 83.375, 4.912243740122052e-24, nan 
-148.125, 83.375, 4.978309602453546e-24, nan 
-147.875, 83.375, 5.780859688354391e-24, nan 
-147.625, 83.375, 6.041282091416034e-24, nan 
-147.375, 83.375, 5.889875842348661e-24, nan 
-147.125, 83.375, 5.700658898574053e-24, nan 
-146.875, 83.375, 5.476145333152651e-24, nan 
-146.625, 83.375, 4.8730031238595104e-24, nan 
-146.375, 83.375, 5.462172517830152e-24, nan 
-146.125, 83.375, 5.921615030695677e-24, nan 
-145.875, 83.375, 5.458825764649423e-24, nan 
-145.625, 83.375, 5.341750102408782e-24, nan 
-145.375, 83.375, 5.145954213859626e-24, nan 
-145.125, 83.375, 4.8866594786709586e-24, nan 
-144.875, 83.375, 4.3756256406310166e-24, nan 
-144.625, 83.375, 4.590184377142544e-24, nan 
-144.375, 83.375, 5.27727355369214e-24, nan 
-144.125, 83.375, 5.995812797135904e-24, nan 
-143.875, 83.375, 5.328229422670898e-24, nan 
-143.625, 83.375, 5.813480837547229e-24, nan 
-143.375, 83.375, 6.5921710831575734e-24, nan 
-143.125, 83.375, 5.840820384896421e-24, nan 
-142.875, 83.375, 6.5274058256920266e-24, nan 
-142.625, 83.375, 7.179824894965148e-24, nan 
-142.375, 83.375, 7.105585992175056e-24, nan 
-142.125, 83.375, 6.223684896266576e-24, nan 
-141.875, 83.375, 6.678742119848492e-24, nan 
-141.625, 83.375, 7.168880820406186e-24, nan 
-141.375, 83.375, 6.873605053429691e-24, nan 
-141.125, 83.375, 6.68798105240379e-24, nan 
-140.875, 83.375, 6.487753578105167e-24, nan 
-140.625, 83.375, 7.274817201835011e-24, nan 
-140.375, 83.375, 7.233430607059669e-24, nan 
-140.125, 83.375, 7.361132471092888e-24, nan 
-139.875, 83.375, 8.2040224335957e-24, nan 
-139.625, 83.375, 8.736057885186643e-24, nan 
-139.375, 83.375, 9.242652269173735e-24, nan 
-139.125, 83.375, 9.224872661967827e-24, nan 
-138.875, 83.375, 8.10494271308506e-24, nan 
-138.625, 83.375, 7.784961204057245e-24, nan 
-138.375, 83.375, 7.557262644556952e-24, nan 
-138.125, 83.375, 7.10256260263764e-24, nan 
-137.875, 83.375, 6.658927771515624e-24, nan 
-137.625, 83.375, 6.689079843629601e-24, nan 
-137.375, 83.375, 5.847508038969092e-24, nan 
-137.125, 83.375, 4.8296650458981724e-24, nan 
-136.875, 83.375, 4.439761908245986e-24, nan 
-136.625, 83.375, 4.338990370871051e-24, nan 
-136.375, 83.375, 4.430296960809711e-24, nan 
-136.125, 83.375, 4.172034885306614e-24, nan 
-135.875, 83.375, 4.180049108795408e-24, nan 
-135.625, 83.375, 3.750636349066659e-24, nan 
-135.375, 83.375, 3.1749015443264265e-24, nan 
-135.125, 83.375, 2.0790180359876592e-24, nan 
-134.875, 83.375, 2.2975943648800555e-24, nan 
-134.625, 83.375, 3.0358761741890395e-24, nan 
-134.375, 83.375, 2.1837001347635773e-24, nan 
-134.125, 83.375, 1.9906950250492392e-24, nan 
-133.875, 83.375, 1.9471469527566412e-24, nan 
-133.625, 83.375, 2.3745123883076925e-24, nan 
-133.375, 83.375, 3.0092616569422068e-24, nan 
-133.125, 83.375, 3.068292096431026e-24, nan 
-132.875, 83.375, 2.8407800837896155e-24, nan 
-132.625, 83.375, 2.717020914070558e-24, nan 
-132.375, 83.375, 2.660198127307715e-24, nan 
-132.125, 83.375, 3.0930846587276374e-24, nan 
-131.875, 83.375, 3.945996236766498e-24, nan 
-131.625, 83.375, 4.4324914347241826e-24, nan 
-131.375, 83.375, 4.127400194663544e-24, nan 
-131.125, 83.375, 5.921869355544583e-24, nan 
-130.875, 83.375, 6.257930369836887e-24, nan 
-130.625, 83.375, 5.906557574155709e-24, nan 
-130.375, 83.375, 5.3713079845185524e-24, nan 
-130.125, 83.375, 5.088184236548774e-24, nan 
-129.875, 83.375, 4.591862670883533e-24, nan 
-129.625, 83.375, 6.235710157188307e-24, nan 
-129.375, 83.375, 1.2676561681646313e-23, nan 
-129.125, 83.375, 1.393324275405971e-23, nan 
-128.875, 83.375, 1.3555474998760584e-23, nan 
-128.625, 83.375, 1.324191308655693e-23, nan 
-128.375, 83.375, 1.193230824140667e-23, nan 
-128.125, 83.375, 8.754867942645648e-24, nan 
-127.875, 83.375, 5.2983255441103895e-24, nan 
-127.625, 83.375, 7.285665662792968e-24, nan 
-127.375, 83.375, 1.2147097531056222e-23, nan 
-127.125, 83.375, 2.085632117805229e-23, nan 
-126.875, 83.375, 2.4913323682459208e-23, nan 
-126.625, 83.375, 3.2670917011474206e-23, nan 
-126.375, 83.375, 3.4606263236308046e-23, nan 
-126.125, 83.375, 3.317042146247446e-23, nan 
-125.875, 83.375, 2.3468450346983812e-23, nan 
-125.625, 83.375, 1.1230854170346604e-23, nan 
-125.375, 83.375, 1.1876063260892627e-23, nan 
-125.125, 83.375, 2.1169708918844927e-23, nan 
-124.875, 83.375, 1.590338842402262e-23, nan 
-124.625, 83.375, 1.8227223603555e-23, nan 
-124.375, 83.375, 3.603858627579516e-23, nan 
-124.125, 83.375, 3.985674035023881e-23, nan 
-123.875, 83.375, 4.12734601974492e-23, nan 
-123.625, 83.375, 3.694972957831371e-23, nan 
-123.375, 83.375, 2.9293986880295157e-23, nan 
-123.125, 83.375, 3.561838973711828e-23, nan 
-122.875, 83.375, 3.8730774536936134e-23, nan 
-122.625, 83.375, 3.7585095292726253e-23, nan 
-122.375, 83.375, 3.5548480908273027e-23, nan 
-122.125, 83.375, 3.139582841894899e-23, nan 
-121.875, 83.375, 2.5790717312145306e-23, nan 
-121.625, 83.375, 2.164564616260702e-23, nan 
-121.375, 83.375, 2.6081613359754352e-23, nan 
-121.125, 83.375, 3.3180256343170565e-23, nan 
-120.875, 83.375, 3.7690929104471736e-23, nan 
-120.625, 83.375, 3.646301299140991e-23, nan 
-120.375, 83.375, 3.4264707820712833e-23, nan 
-120.125, 83.375, 3.2106878689221023e-23, nan 
-119.875, 83.375, 2.980687673486684e-23, nan 
-119.625, 83.375, 2.4997158289533453e-23, nan 
-119.375, 83.375, 1.6986030986118237e-23, nan 
-119.125, 83.375, 1.319184027126015e-23, nan 
-118.875, 83.375, 1.2649095568333727e-23, nan 
-118.625, 83.375, 1.3367229698474308e-23, nan 
-118.375, 83.375, 1.40053711949964e-23, nan 
-118.125, 83.375, 1.460885907679626e-23, nan 
-117.875, 83.375, 1.5011611823017486e-23, nan 
-117.625, 83.375, 1.452337720202721e-23, nan 
-117.375, 83.375, 1.4517885766928565e-23, nan 
-117.125, 83.375, 1.4045843020858057e-23, nan 
-116.875, 83.375, 1.374844299306567e-23, nan 
-116.625, 83.375, 1.3611615504388258e-23, nan 
-116.375, 83.375, 1.4248984395923985e-23, nan 
-116.125, 83.375, 1.5127847188750706e-23, nan 
-115.875, 83.375, 1.612166736858905e-23, nan 
-115.625, 83.375, 1.699045670734022e-23, nan 
-115.375, 83.375, 2.1154680696367507e-23, nan 
-115.125, 83.375, 2.5380547510321918e-23, nan 
-114.875, 83.375, 2.3846505551515226e-23, nan 
-114.625, 83.375, 2.2625673961551168e-23, nan 
-114.375, 83.375, 2.365131204272153e-23, nan 
-114.125, 83.375, 2.5813489050649845e-23, nan 
-113.875, 83.375, 2.764647143948281e-23, nan 
-113.625, 83.375, 3.0983693810411706e-23, nan 
-113.375, 83.375, 2.812632452933937e-23, nan 
-113.125, 83.375, 2.6497373268233864e-23, nan 
-112.875, 83.375, 3.4516013253364395e-23, nan 
-112.625, 83.375, 3.619115829529384e-23, nan 
-112.375, 83.375, 3.5977403993914074e-23, nan 
-112.125, 83.375, 3.301607409519824e-23, nan 
-111.875, 83.375, 3.246869778603947e-23, nan 
-111.625, 83.375, 3.318215742586914e-23, nan 
-111.375, 83.375, 2.988428287550658e-23, nan 
-111.125, 83.375, 2.2635291607892495e-23, nan 
-110.875, 83.375, 1.449382600390736e-23, nan 
-110.625, 83.375, 5.03363978074835e-24, nan 
-110.375, 83.375, 3.6804380493539865e-24, nan 
-110.125, 83.375, 4.3579515549838066e-24, nan 
-109.875, 83.375, 5.126812822118492e-24, nan 
-109.625, 83.375, 4.929252038191692e-24, nan 
-109.375, 83.375, 5.397775009218803e-24, nan 
-109.125, 83.375, 5.1542631970933274e-24, nan 
-108.875, 83.375, 4.7656771670893206e-24, nan 
-108.625, 83.375, 4.780524499592871e-24, nan 
-108.375, 83.375, 3.036927443770697e-24, nan 
-108.125, 83.375, 2.5179459231654716e-24, nan 
-107.875, 83.375, 2.8903213148179747e-24, nan 
-107.625, 83.375, 3.909592695216198e-24, nan 
-107.375, 83.375, 5.753178308212685e-24, nan 
-107.125, 83.375, 8.528326664022922e-24, nan 
-106.875, 83.375, 1.2429210075221432e-23, nan 
-106.625, 83.375, 1.5456675039950817e-23, nan 
-106.375, 83.375, 1.4054515386288725e-23, nan 
-106.125, 83.375, 1.0206828068627135e-23, nan 
-105.875, 83.375, 6.945205839431883e-24, nan 
-105.625, 83.375, 4.284780854194166e-24, nan 
-105.375, 83.375, 3.1523437409115806e-24, nan 
-105.125, 83.375, 7.917145514508071e-24, nan 
-104.875, 83.375, 1.496947280375077e-23, nan 
-104.625, 83.375, 2.127252010740578e-23, nan 
-104.375, 83.375, 2.6193200998529623e-23, nan 
-104.125, 83.375, 2.4712722014823295e-23, nan 
-103.875, 83.375, 2.0801628635333725e-23, nan 
-103.625, 83.375, 1.9027982600031216e-23, nan 
-103.375, 83.375, 1.450538969758552e-23, nan 
-103.125, 83.375, 1.1308838356909849e-23, nan 
-102.875, 83.375, 8.258494782470137e-24, nan 
-102.625, 83.375, 1.208554090865633e-23, nan 
-102.375, 83.375, 1.663228033213977e-23, nan 
-102.125, 83.375, 1.929549374719705e-23, nan 
-101.875, 83.375, 1.8011013987032797e-23, nan 
-101.625, 83.375, 1.3633478016496376e-23, nan 
-101.375, 83.375, 1.0350675843672979e-23, nan 
-101.125, 83.375, 9.446951017124126e-24, nan 
-100.875, 83.375, 8.563113359144827e-24, nan 
-100.625, 83.375, 5.575467070820691e-24, nan 
-100.375, 83.375, 8.644732728145139e-24, nan 
-100.125, 83.375, 8.348166947947701e-24, nan 
-99.875, 83.375, 6.2845607788115995e-24, nan 
-99.625, 83.375, 7.403810534305357e-24, nan 
-99.375, 83.375, 5.428906329760984e-24, nan 
-99.125, 83.375, 1.8488890909971376e-24, nan 
-98.875, 83.375, 1.6051542248873805e-24, nan 
-98.625, 83.375, 2.251289104669757e-24, nan 
-98.375, 83.375, 3.31155981015276e-24, nan 
-98.125, 83.375, 5.388642341895202e-24, nan 
-97.875, 83.375, 5.136821814769875e-24, nan 
-97.625, 83.375, 4.5263092340918306e-24, nan 
-97.375, 83.375, 5.178452372629756e-24, nan 
-97.125, 83.375, 4.875442338030829e-24, nan 
-96.875, 83.375, 4.121638352254192e-24, nan 
-96.625, 83.375, 3.4962009010116186e-24, nan 
-96.375, 83.375, 3.748452630845946e-24, nan 
-96.125, 83.375, 3.390946453843873e-24, nan 
-95.875, 83.375, 3.0513279584483338e-24, nan 
-95.625, 83.375, 3.2900559802506708e-24, nan 
-95.375, 83.375, 2.3556794707517136e-24, nan 
-95.125, 83.375, 2.6146424534395736e-24, nan 
-94.875, 83.375, 3.495663631775784e-24, nan 
-94.625, 83.375, 1.7407613523301338e-24, nan 
-94.375, 83.375, 1.6937527546672186e-24, nan 
-94.125, 83.375, 1.870498329595147e-24, nan 
-93.875, 83.375, 1.7197273715987472e-24, nan 
-93.625, 83.375, 2.7281004574574707e-24, nan 
-93.375, 83.375, 4.288720827564523e-24, nan 
-93.125, 83.375, 4.9321894442022064e-24, nan 
-92.875, 83.375, 5.4434435942809145e-24, nan 
-92.625, 83.375, 5.97554000252769e-24, nan 
-92.375, 83.375, 6.4760934895158604e-24, nan 
-92.125, 83.375, 7.011306596556538e-24, nan 
-91.875, 83.375, 6.637229834517306e-24, nan 
-91.625, 83.375, 5.8173827963958605e-24, nan 
-91.375, 83.375, 5.044819854111772e-24, nan 
-91.125, 83.375, 3.831527079405556e-24, nan 
-90.875, 83.375, 3.540447655643795e-24, nan 
-90.625, 83.375, 5.1599820464882665e-24, nan 
-90.375, 83.375, 7.428870256291411e-24, nan 
-90.125, 83.375, 1.0059411663299772e-23, nan 
-89.875, 83.375, 1.0216833242816311e-23, nan 
-89.625, 83.375, 9.49479964848746e-24, nan 
-89.375, 83.375, 1.0269671369562213e-23, nan 
-89.125, 83.375, 1.1109157155253697e-23, nan 
-88.875, 83.375, 8.881888092181536e-24, nan 
-88.625, 83.375, 8.092824664445997e-24, nan 
-88.375, 83.375, 8.054623763905482e-24, nan 
-88.125, 83.375, 8.807416624507746e-24, nan 
-87.875, 83.375, 8.978943882473958e-24, nan 
-87.625, 83.375, 8.763725308847335e-24, nan 
-87.375, 83.375, 9.83175052412178e-24, nan 
-87.125, 83.375, 1.0015632876179096e-23, nan 
-86.875, 83.375, 9.2837064273094e-24, nan 
-86.625, 83.375, 8.59821498453582e-24, nan 
-86.375, 83.375, 9.478770563400451e-24, nan 
-86.125, 83.375, 9.733370619719218e-24, nan 
-85.875, 83.375, 1.0302010793721532e-23, nan 
-85.625, 83.375, 8.453569979752842e-24, nan 
-85.375, 83.375, 9.349438294278898e-24, nan 
-85.125, 83.375, 1.126435841838593e-23, nan 
-84.875, 83.375, 1.1633556531840857e-23, nan 
-84.625, 83.375, 1.0346608339969331e-23, nan 
-84.375, 83.375, 1.0374389979723862e-23, nan 
-84.125, 83.375, 1.5298539254008293e-23, nan 
-83.875, 83.375, 1.3795223762430654e-23, nan 
-83.625, 83.375, 1.4327639816617372e-23, nan 
-83.375, 83.375, 1.5099277516690455e-23, nan 
-83.125, 83.375, 1.2991072850292805e-23, nan 
-82.875, 83.375, 1.380785488251149e-23, nan 
-82.625, 83.375, 1.3734533891279116e-23, nan 
-82.375, 83.375, 1.233839580619479e-23, nan 
-82.125, 83.375, 1.2164330029005008e-23, nan 
-81.875, 83.375, 1.3063951954622859e-23, nan 
-81.625, 83.375, 1.3128094945747854e-23, nan 
-81.375, 83.375, 1.1192462422187773e-23, nan 
-81.125, 83.375, 1.2851710130886398e-23, nan 
-80.875, 83.375, 1.2958917457160576e-23, nan 
-80.625, 83.375, 1.147427794468132e-23, nan 
-80.375, 83.375, 1.2485025563570865e-23, nan 
-80.125, 83.375, 1.047529644027443e-23, nan 
-79.875, 83.375, 9.74364172366528e-24, nan 
-79.625, 83.375, 9.606113154658324e-24, nan 
-79.375, 83.375, 1.096225592605321e-23, nan 
-79.125, 83.375, 1.0701450271727495e-23, nan 
-78.875, 83.375, 8.504252831762814e-24, nan 
-78.625, 83.375, 8.024943446379413e-24, nan 
-78.375, 83.375, 8.292068826133447e-24, nan 
-78.125, 83.375, 7.52785483380311e-24, nan 
-77.875, 83.375, 6.736248872221004e-24, nan 
-77.625, 83.375, 6.089570675181058e-24, nan 
-77.375, 83.375, 6.115106773863188e-24, nan 
-77.125, 83.375, 7.900441117563313e-24, nan 
-76.875, 83.375, 8.113631507005064e-24, nan 
-76.625, 83.375, 6.0626228917335086e-24, nan 
-76.375, 83.375, 4.41184013711152e-24, nan 
-76.125, 83.375, 3.706615261861702e-24, nan 
-75.875, 83.375, 3.484284301651772e-24, nan 
-75.625, 83.375, 4.467693611880355e-24, nan 
-75.375, 83.375, 4.634769230002198e-24, nan 
-75.125, 83.375, 4.815819799372654e-24, nan 
-74.875, 83.375, 4.9565621545982485e-24, nan 
-74.625, 83.375, 4.7578977391870726e-24, nan 
-74.375, 83.375, 5.256511145613328e-24, nan 
-74.125, 83.375, 5.821410454407883e-24, nan 
-73.875, 83.375, 6.3874708685601464e-24, nan 
-73.625, 83.375, 6.973342629879472e-24, nan 
-73.375, 83.375, 7.299122845795625e-24, nan 
-73.125, 83.375, 7.333630847477805e-24, nan 
-72.875, 83.375, 7.501850364864184e-24, nan 
-72.625, 83.375, 7.768772352061644e-24, nan 
-72.375, 83.375, 8.022585602818805e-24, nan 
-72.125, 83.375, 8.094474618141288e-24, nan 
-71.875, 83.375, 6.674109640321097e-24, nan 
-71.625, 83.375, 5.268661253374924e-24, nan 
-71.375, 83.375, 4.214770879282374e-24, nan 
-71.125, 83.375, 3.311141989072049e-24, nan 
-70.875, 83.375, 3.30715039604217e-24, nan 
-70.625, 83.375, 4.985679020593313e-24, nan 
-70.375, 83.375, 6.78264711905076e-24, nan 
-70.125, 83.375, 8.443655865229312e-24, nan 
-69.875, 83.375, 8.827536525605087e-24, nan 
-69.625, 83.375, 7.694406169349328e-24, nan 
-69.375, 83.375, 7.399793902134562e-24, nan 
-69.125, 83.375, 6.376458344895019e-24, nan 
-68.875, 83.375, 6.3695454609082126e-24, nan 
-68.625, 83.375, 6.4855260851036315e-24, nan 
-68.375, 83.375, 6.359019451930599e-24, nan 
-68.125, 83.375, 6.941074242415682e-24, nan 
-67.875, 83.375, 7.797366334898312e-24, nan 
-67.625, 83.375, 8.348758135205493e-24, nan 
-67.375, 83.375, 7.762858706065437e-24, nan 
-67.125, 83.375, 7.413099393130025e-24, nan 
-66.875, 83.375, 6.713530832968411e-24, nan 
-66.625, 83.375, 7.043289234869301e-24, nan 
-66.375, 83.375, 7.005787027786041e-24, nan 
-66.125, 83.375, 5.685828733908877e-24, nan 
-65.875, 83.375, 5.882034491047349e-24, nan 
-65.625, 83.375, 6.298158232828069e-24, nan 
-65.375, 83.375, 6.195508836186676e-24, nan 
-65.125, 83.375, 4.547473475343417e-24, nan 
-64.875, 83.375, 3.551635987175328e-24, nan 
-64.625, 83.375, 3.815258661507664e-24, nan 
-64.375, 83.375, 3.5064965981535145e-24, nan 
-64.125, 83.375, 2.9172156065551023e-24, nan 
-63.875, 83.375, 3.875518640981847e-24, nan 
-63.625, 83.375, 4.561161249942812e-24, nan 
-63.375, 83.375, 3.9599373226835156e-24, nan 
-63.125, 83.375, 3.684972890212572e-24, nan 
-62.875, 83.375, 3.823979094739945e-24, nan 
-62.625, 83.375, 4.004840046177459e-24, nan 
-62.375, 83.375, 4.191252769334033e-24, nan 
-62.125, 83.375, 4.317231445695321e-24, nan 
-61.875, 83.375, 4.190048911510938e-24, nan 
-61.625, 83.375, 4.2204918410324684e-24, nan 
-61.375, 83.375, 4.6814376322295e-24, nan 
-61.125, 83.375, 5.077737217967691e-24, nan 
-60.875, 83.375, 4.992856530132431e-24, nan 
-60.625, 83.375, 3.868870862858393e-24, nan 
-60.375, 83.375, 3.885022975498608e-24, nan 
-60.125, 83.375, 5.2911398260990295e-24, nan 
-59.875, 83.375, 5.565389064091532e-24, nan 
-59.625, 83.375, 5.596011596023097e-24, nan 
-59.375, 83.375, 4.940907049344051e-24, nan 
-59.125, 83.375, 4.855488283758386e-24, nan 
-58.875, 83.375, 4.8202472352164e-24, nan 
-58.625, 83.375, 7.128540117723323e-24, nan 
-58.375, 83.375, 7.677681058308688e-24, nan 
-58.125, 83.375, 8.348877328626755e-24, nan 
-57.875, 83.375, 1.008037530714351e-23, nan 
-57.625, 83.375, 1.1729119995743046e-23, nan 
-57.375, 83.375, 1.2853921535954232e-23, nan 
-57.125, 83.375, 1.340187057871399e-23, nan 
-56.875, 83.375, 1.3121121538026472e-23, nan 
-56.625, 83.375, 1.1698532420496267e-23, nan 
-56.375, 83.375, 8.943595558167527e-24, nan 
-56.125, 83.375, 9.614481880979505e-24, nan 
-55.875, 83.375, 1.0792731584042649e-23, nan 
-55.625, 83.375, 1.1464041587786257e-23, nan 
-55.375, 83.375, 1.3817514675249502e-23, nan 
-55.125, 83.375, 1.9253211493596762e-23, nan 
-54.875, 83.375, 2.2820533186467057e-23, nan 
-54.625, 83.375, 2.1516767185968448e-23, nan 
-54.375, 83.375, 2.4375080835333937e-23, nan 
-54.125, 83.375, 2.3016903044749538e-23, nan 
-53.875, 83.375, 2.141019098547683e-23, nan 
-53.625, 83.375, 2.362858330650483e-23, nan 
-53.375, 83.375, 2.0100678017415144e-23, nan 
-53.125, 83.375, 1.7560530700915615e-23, nan 
-52.875, 83.375, 2.1929506252027357e-23, nan 
-52.625, 83.375, 2.7302378261687606e-23, nan 
-52.375, 83.375, 2.0065034055059566e-23, nan 
-52.125, 83.375, 1.937832438649281e-23, nan 
-51.875, 83.375, 1.893000962765004e-23, nan 
-51.625, 83.375, 2.0401236615048326e-23, nan 
-51.375, 83.375, 2.1823461201365404e-23, nan 
-51.125, 83.375, 2.1330691619441854e-23, nan 
-50.875, 83.375, 1.9661435546869777e-23, nan 
-50.625, 83.375, 1.580637486361983e-23, nan 
-50.375, 83.375, 1.7091247081356323e-23, nan 
-50.125, 83.375, 1.831287101554982e-23, nan 
-49.875, 83.375, 1.6563778417012404e-23, nan 
-49.625, 83.375, 1.507619850863645e-23, nan 
-49.375, 83.375, 1.566749256726346e-23, nan 
-49.125, 83.375, 1.50194371447926e-23, nan 
-48.875, 83.375, 1.6164596597212117e-23, nan 
-48.625, 83.375, 1.7514596344676575e-23, nan 
-48.375, 83.375, 1.70428857437095e-23, nan 
-48.125, 83.375, 1.6995410337717585e-23, nan 
-47.875, 83.375, 1.660090474260736e-23, nan 
-47.625, 83.375, 1.5671383857210205e-23, nan 
-47.375, 83.375, 1.3235437056347786e-23, nan 
-47.125, 83.375, 1.2390174401583104e-23, nan 
-46.875, 83.375, 9.005851503227722e-24, nan 
-46.625, 83.375, 7.44087946313293e-24, nan 
-46.375, 83.375, 6.5110464399289674e-24, nan 
-46.125, 83.375, 6.686937439159226e-24, nan 
-45.875, 83.375, 6.863799298115701e-24, nan 
-45.625, 83.375, 6.834857735080867e-24, nan 
-45.375, 83.375, 6.341640580642145e-24, nan 
-45.125, 83.375, 5.7527366099602355e-24, nan 
-44.875, 83.375, 5.2208705685963036e-24, nan 
-44.625, 83.375, 4.96552018013915e-24, nan 
-44.375, 83.375, 5.054771857811156e-24, nan 
-44.125, 83.375, 5.0415169017946016e-24, nan 
-43.875, 83.375, 4.784877875716456e-24, nan 
-43.625, 83.375, 4.487055988588402e-24, nan 
-43.375, 83.375, 3.877447399997172e-24, nan 
-43.125, 83.375, 3.910865928662695e-24, nan 
-42.875, 83.375, 4.0708820845509266e-24, nan 
-42.625, 83.375, 4.225213737211592e-24, nan 
-42.375, 83.375, 4.027432897619515e-24, nan 
-42.125, 83.375, 3.455071342428361e-24, nan 
-41.875, 83.375, 3.486748155167262e-24, nan 
-41.625, 83.375, 3.630931189474774e-24, nan 
-41.375, 83.375, 3.827163230788898e-24, nan 
-41.125, 83.375, 4.140119178823586e-24, nan 
-40.875, 83.375, 4.694015595372867e-24, nan 
-40.625, 83.375, 4.9911744145686725e-24, nan 
-40.375, 83.375, 5.3612456606800326e-24, nan 
-40.125, 83.375, 5.730875204110816e-24, nan 
-39.875, 83.375, 5.283970007313261e-24, nan 
-39.625, 83.375, 5.159432885337954e-24, nan 
-39.375, 83.375, 5.0275911318207434e-24, nan 
-39.125, 83.375, 5.016452194630394e-24, nan 
-38.875, 83.375, 5.0625374335009915e-24, nan 
-38.625, 83.375, 8.858557231562903e-24, nan 
-38.375, 83.375, 1.2257883343926638e-23, nan 
-38.125, 83.375, 1.3844244597988815e-23, nan 
-37.875, 83.375, 1.5681253025138984e-23, nan 
-37.625, 83.375, 1.6773209481555745e-23, nan 
-37.375, 83.375, 1.6200171935049492e-23, nan 
-37.125, 83.375, 1.6292061627308016e-23, nan 
-36.875, 83.375, 1.6912689941665953e-23, nan 
-36.625, 83.375, 1.6751794486673477e-23, nan 
-36.375, 83.375, 1.4220953156500702e-23, nan 
-36.125, 83.375, 1.4472685391165513e-23, nan 
-35.875, 83.375, 1.4585765526997848e-23, nan 
-35.625, 83.375, 1.582627037889473e-23, nan 
-35.375, 83.375, 1.6339517792912535e-23, nan 
-35.125, 83.375, 1.6109417003850944e-23, nan 
-34.875, 83.375, 1.6645996236271646e-23, nan 
-34.625, 83.375, 1.6796682420590043e-23, nan 
-34.375, 83.375, 1.6578754769940227e-23, nan 
-34.125, 83.375, 1.427717816037513e-23, nan 
-33.875, 83.375, 1.446175691998855e-23, nan 
-33.625, 83.375, 1.2751044166384283e-23, nan 
-33.375, 83.375, 1.1230276934135597e-23, nan 
-33.125, 83.375, 1.0736014677002888e-23, nan 
-32.875, 83.375, 1.1522513119480906e-23, nan 
-32.625, 83.375, 1.2282684989443939e-23, nan 
-32.375, 83.375, 1.2454425539209002e-23, nan 
-32.125, 83.375, 1.2238939045751674e-23, nan 
-31.875, 83.375, 1.1584863855669542e-23, nan 
-31.625, 83.375, 1.171351546088751e-23, nan 
-31.375, 83.375, 1.3308104005129317e-23, nan 
-31.125, 83.375, 1.2067267056754818e-23, nan 
-30.875, 83.375, 1.1388494557925521e-23, nan 
-30.625, 83.375, 1.1828556182985537e-23, nan 
-30.375, 83.375, 1.2690560839641768e-23, nan 
-30.125, 83.375, 1.420765580920758e-23, nan 
-29.875, 83.375, 1.510127956513404e-23, nan 
-29.625, 83.375, 1.544981183315617e-23, nan 
-29.375, 83.375, 1.2352113995141303e-23, nan 
-29.125, 83.375, 1.0711615418041969e-23, nan 
-28.875, 83.375, 1.1111504670996929e-23, nan 
-28.625, 83.375, 1.1497355502313574e-23, nan 
-28.375, 83.375, 1.1311157287169924e-23, nan 
-28.125, 83.375, 1.1308013835642945e-23, nan 
-27.875, 83.375, 1.2048835551127859e-23, nan 
-27.625, 83.375, 1.213621525411214e-23, nan 
-27.375, 83.375, 1.2682784671995415e-23, nan 
-27.125, 83.375, 1.1048548618343338e-23, nan 
-26.875, 83.375, 9.99209167821132e-24, nan 
-26.625, 83.375, 1.0195068015472895e-23, nan 
-26.375, 83.375, 1.0271734691120882e-23, nan 
-26.125, 83.375, 1.1671259071372994e-23, nan 
-25.875, 83.375, 9.816205732713421e-24, nan 
-25.625, 83.375, 1.0108066429338041e-23, nan 
-25.375, 83.375, 9.911971197335565e-24, nan 
-25.125, 83.375, 9.88306088686847e-24, nan 
-24.875, 83.375, 1.0040477170067233e-23, nan 
-24.625, 83.375, 1.0834533036337145e-23, nan 
-24.375, 83.375, 1.1248449968550527e-23, nan 
-24.125, 83.375, 1.0821962549322648e-23, nan 
-23.875, 83.375, 1.1251428408911559e-23, nan 
-23.625, 83.375, 8.895073140300735e-24, nan 
-23.375, 83.375, 7.31417843749223e-24, nan 
-23.125, 83.375, 7.183793005555192e-24, nan 
-22.875, 83.375, 6.981070485315945e-24, nan 
-22.625, 83.375, 6.5918172755073905e-24, nan 
-22.375, 83.375, 5.529992921775029e-24, nan 
-22.125, 83.375, 5.735943607770066e-24, nan 
-21.875, 83.375, 6.616788243077691e-24, nan 
-21.625, 83.375, 7.244370051498108e-24, nan 
-21.375, 83.375, 6.0515427329835644e-24, nan 
-21.125, 83.375, 4.5938351031353526e-24, nan 
-20.875, 83.375, 5.3260486047654376e-24, nan 
-20.625, 83.375, 6.3259512320176656e-24, nan 
-20.375, 83.375, 6.678174825410694e-24, nan 
-20.125, 83.375, 6.20392187214401e-24, nan 
-19.875, 83.375, 5.8159226157658546e-24, nan 
-19.625, 83.375, 5.6118097903332875e-24, nan 
-19.375, 83.375, 5.407940910194504e-24, nan 
-19.125, 83.375, 5.620382163298013e-24, nan 
-18.875, 83.375, 5.752269137099546e-24, nan 
-18.625, 83.375, 6.087943135541448e-24, nan 
-18.375, 83.375, 6.381537363929994e-24, nan 
-18.125, 83.375, 6.919406673314835e-24, nan 
-17.875, 83.375, 7.309884588436182e-24, nan 
-17.625, 83.375, 7.298010414145777e-24, nan 
-17.375, 83.375, 7.212502096599672e-24, nan 
-17.125, 83.375, 7.942659873804295e-24, nan 
-16.875, 83.375, 9.463371169232419e-24, nan 
-16.625, 83.375, 1.0805378446091645e-23, nan 
-16.375, 83.375, 1.0481272914997404e-23, nan 
-16.125, 83.375, 9.394509999032505e-24, nan 
-15.875, 83.375, 8.359463585026006e-24, nan 
-15.625, 83.375, 8.40730619126151e-24, nan 
-15.375, 83.375, 8.735722431415273e-24, nan 
-15.125, 83.375, 9.159961957402899e-24, nan 
-14.875, 83.375, 9.005862567538221e-24, nan 
-14.625, 83.375, 7.95772276966748e-24, nan 
-14.375, 83.375, 8.038856992957482e-24, nan 
-14.125, 83.375, 8.026292285765393e-24, nan 
-13.875, 83.375, 7.308032854436224e-24, nan 
-13.625, 83.375, 6.212338711043175e-24, nan 
-13.375, 83.375, 5.601759895623055e-24, nan 
-13.125, 83.375, 5.583469472921178e-24, nan 
-12.875, 83.375, 5.635392138859837e-24, nan 
-12.625, 83.375, 6.0316856945538324e-24, nan 
-12.375, 83.375, 5.3422025410526436e-24, nan 
-12.125, 83.375, 5.0465121144402826e-24, nan 
-11.875, 83.375, 5.0418261169274215e-24, nan 
-11.625, 83.375, 5.067519862577822e-24, nan 
-11.375, 83.375, 5.0177559565182325e-24, nan 
-11.125, 83.375, 5.1270323394312e-24, nan 
-10.875, 83.375, 5.2713909528341385e-24, nan 
-10.625, 83.375, 5.295077033539383e-24, nan 
-10.375, 83.375, 5.025117484646352e-24, nan 
-10.125, 83.375, 5.061595238759083e-24, nan 
-9.875, 83.375, 5.231436435124014e-24, nan 
-9.625, 83.375, 5.3381256396223174e-24, nan 
-9.375, 83.375, 5.347691372835351e-24, nan 
-9.125, 83.375, 5.22027669149524e-24, nan 
-8.875, 83.375, 5.034549564929232e-24, nan 
-8.625, 83.375, 5.019391044881473e-24, nan 
-8.375, 83.375, 5.1303550599932776e-24, nan 
-8.125, 83.375, 4.783397756940325e-24, nan 
-7.875, 83.375, 4.6129935789496804e-24, nan 
-7.625, 83.375, 4.517738694756347e-24, nan 
-7.375, 83.375, 4.502934775830058e-24, nan 
-7.125, 83.375, 4.693866823583128e-24, nan 
-6.875, 83.375, 4.477818434823537e-24, nan 
-6.625, 83.375, 4.306939001194656e-24, nan 
-6.375, 83.375, 4.2685008929232226e-24, nan 
-6.125, 83.375, 4.389318960139987e-24, nan 
-5.875, 83.375, 4.196031541053901e-24, nan 
-5.625, 83.375, 4.1301605803202156e-24, nan 
-5.375, 83.375, 4.089037491733037e-24, nan 
-5.125, 83.375, 3.786826381667332e-24, nan 
-4.875, 83.375, 3.758921096099359e-24, nan 
-4.625, 83.375, 4.325076139696708e-24, nan 
-4.375, 83.375, 4.652187024616793e-24, nan 
-4.125, 83.375, 4.799062501795979e-24, nan 
-3.875, 83.375, 5.1767936257314694e-24, nan 
-3.625, 83.375, 4.7935952860259925e-24, nan 
-3.375, 83.375, 4.848211379450159e-24, nan 
-3.125, 83.375, 5.5020212463666116e-24, nan 
-2.875, 83.375, 5.796115738556112e-24, nan 
-2.625, 83.375, 5.620303818836164e-24, nan 
-2.375, 83.375, 6.282443993323258e-24, nan 
-2.125, 83.375, 6.702252115630358e-24, nan 
-1.875, 83.375, 6.3087792649250476e-24, nan 
-1.625, 83.375, 6.882596260928274e-24, nan 
-1.375, 83.375, 7.416127509103932e-24, nan 
-1.125, 83.375, 7.595501009857634e-24, nan 
-0.875, 83.375, 7.023004040632101e-24, nan 
-0.625, 83.375, 7.237112805259534e-24, nan 
-0.375, 83.375, 7.853294976713022e-24, nan 
-0.125, 83.375, 7.773918198433187e-24, nan 
0.125, 83.375, 7.48616140638559e-24, nan 
0.375, 83.375, 7.037235318636339e-24, nan 
0.625, 83.375, 7.1286584914423e-24, nan 
0.875, 83.375, 8.076697239420927e-24, nan 
1.125, 83.375, 8.279543083174268e-24, nan 
1.375, 83.375, 7.906344470612442e-24, nan 
1.625, 83.375, 7.271624223465623e-24, nan 
1.875, 83.375, 7.715438168282269e-24, nan 
2.125, 83.375, 8.239167172607657e-24, nan 
2.375, 83.375, 8.559982149920862e-24, nan 
2.625, 83.375, 8.76327318113478e-24, nan 
2.875, 83.375, 8.411686034158015e-24, nan 
3.125, 83.375, 8.254245709676544e-24, nan 
3.375, 83.375, 8.170653858972354e-24, nan 
3.625, 83.375, 8.452920144899973e-24, nan 
3.875, 83.375, 8.460665653493117e-24, nan 
4.125, 83.375, 8.989534908288296e-24, nan 
4.375, 83.375, 8.34346891216128e-24, nan 
4.625, 83.375, 7.437836723606229e-24, nan 
4.875, 83.375, 7.297330599459084e-24, nan 
5.125, 83.375, 8.32381448432042e-24, nan 
5.375, 83.375, 8.5664894113999e-24, nan 
5.625, 83.375, 9.01461469004541e-24, nan 
5.875, 83.375, 9.332259260930068e-24, nan 
6.125, 83.375, 8.083484961162781e-24, nan 
6.375, 83.375, 8.310532661243825e-24, nan 
6.625, 83.375, 8.58173603204836e-24, nan 
6.875, 83.375, 9.009683093685196e-24, nan 
7.125, 83.375, 8.390013848185057e-24, nan 
7.375, 83.375, 8.614165203164474e-24, nan 
7.625, 83.375, 9.213694747067113e-24, nan 
7.875, 83.375, 9.109280477334301e-24, nan 
8.125, 83.375, 9.135649263430508e-24, nan 
8.375, 83.375, 8.892806917611276e-24, nan 
8.625, 83.375, 8.881000263150522e-24, nan 
8.875, 83.375, 8.848113622721128e-24, nan 
9.125, 83.375, 9.165357668542075e-24, nan 
9.375, 83.375, 8.788182745447293e-24, nan 
9.625, 83.375, 9.028720510332159e-24, nan 
9.875, 83.375, 9.248132899529138e-24, nan 
10.125, 83.375, 9.208370593540352e-24, nan 
10.375, 83.375, 8.8559627947747e-24, nan 
10.625, 83.375, 9.095965172570283e-24, nan 
10.875, 83.375, 8.614900448367312e-24, nan 
11.125, 83.375, 8.82019776064376e-24, nan 
11.375, 83.375, 8.945539718998304e-24, nan 
11.625, 83.375, 8.873942360506561e-24, nan 
11.875, 83.375, 8.600032545015516e-24, nan 
12.125, 83.375, 8.204833886814781e-24, nan 
12.375, 83.375, 7.878327661410625e-24, nan 
12.625, 83.375, 7.911731397919326e-24, nan 
12.875, 83.375, 8.036498915693758e-24, nan 
13.125, 83.375, 7.734762135218231e-24, nan 
13.375, 83.375, 7.218379197669978e-24, nan 
13.625, 83.375, 7.441971816670838e-24, nan 
13.875, 83.375, 7.968013923457901e-24, nan 
14.125, 83.375, 8.43478602616255e-24, nan 
14.375, 83.375, 8.533175026565799e-24, nan 
14.625, 83.375, 8.550869335252229e-24, nan 
14.875, 83.375, 8.436428254873912e-24, nan 
15.125, 83.375, 9.223680929831677e-24, nan 
15.375, 83.375, 9.959067907315097e-24, nan 
15.625, 83.375, 9.495218379116516e-24, nan 
15.875, 83.375, 8.858102845905526e-24, nan 
16.125, 83.375, 9.38608177707763e-24, nan 
16.375, 83.375, 1.028621867827587e-23, nan 
16.625, 83.375, 9.799225261408552e-24, nan 
16.875, 83.375, 8.848311044994358e-24, nan 
17.125, 83.375, 7.412260789183069e-24, nan 
17.375, 83.375, 6.676299994125811e-24, nan 
17.625, 83.375, 6.985259560070218e-24, nan 
17.875, 83.375, 7.844962537557856e-24, nan 
18.125, 83.375, 6.7238027519109e-24, nan 
18.375, 83.375, 7.349749771442092e-24, nan 
18.625, 83.375, 6.5461003479631675e-24, nan 
18.875, 83.375, 5.835028261774037e-24, nan 
19.125, 83.375, 4.721907050027673e-24, nan 
19.375, 83.375, 4.455569628401275e-24, nan 
19.625, 83.375, 4.7454486841872796e-24, nan 
19.875, 83.375, 5.186784199846752e-24, nan 
20.125, 83.375, 5.731235288747766e-24, nan 
20.375, 83.375, 4.48423877028918e-24, nan 
20.625, 83.375, 4.261471906484718e-24, nan 
20.875, 83.375, 4.336942023577696e-24, nan 
21.125, 83.375, 4.439246512833211e-24, nan 
21.375, 83.375, 5.377212230515741e-24, nan 
21.625, 83.375, 6.442081401601198e-24, nan 
21.875, 83.375, 6.846840126454058e-24, nan 
22.125, 83.375, 6.67910792122824e-24, nan 
22.375, 83.375, 6.759237876695254e-24, nan 
22.625, 83.375, 7.23431610208114e-24, nan 
22.875, 83.375, 7.532782634278997e-24, nan 
23.125, 83.375, 7.815226589084383e-24, nan 
23.375, 83.375, 8.477369075003981e-24, nan 
23.625, 83.375, 8.90747605271569e-24, nan 
23.875, 83.375, 8.84599470126908e-24, nan 
24.125, 83.375, 8.595586951652612e-24, nan 
24.375, 83.375, 8.435412390851907e-24, nan 
24.625, 83.375, 8.443838465070903e-24, nan 
24.875, 83.375, 8.263898784091582e-24, nan 
25.125, 83.375, 7.991384859859107e-24, nan 
25.375, 83.375, 7.872749751581607e-24, nan 
25.625, 83.375, 8.153272782198637e-24, nan 
25.875, 83.375, 7.653106627573207e-24, nan 
26.125, 83.375, 7.247381916882824e-24, nan 
26.375, 83.375, 7.021237819082966e-24, nan 
26.625, 83.375, 7.39307839353969e-24, nan 
26.875, 83.375, 6.982696364243004e-24, nan 
27.125, 83.375, 6.659223940070383e-24, nan 
27.375, 83.375, 6.724103875251736e-24, nan 
27.625, 83.375, 6.4928835146003454e-24, nan 
27.875, 83.375, 6.140786125150248e-24, nan 
28.125, 83.375, 6.04838765787701e-24, nan 
28.375, 83.375, 6.401915523076112e-24, nan 
28.625, 83.375, 6.040440075118955e-24, nan 
28.875, 83.375, 5.773422323350023e-24, nan 
29.125, 83.375, 5.698904132656979e-24, nan 
29.375, 83.375, 5.537153482223179e-24, nan 
29.625, 83.375, 5.291527063867289e-24, nan 
29.875, 83.375, 5.218177488139808e-24, nan 
30.125, 83.375, 4.901510327380868e-24, nan 
30.375, 83.375, 4.811425989827769e-24, nan 
30.625, 83.375, 4.493033458903471e-24, nan 
30.875, 83.375, 4.571279738990468e-24, nan 
31.125, 83.375, 4.35889476027816e-24, nan 
31.375, 83.375, 4.4339164298528066e-24, nan 
31.625, 83.375, 4.513945707381305e-24, nan 
31.875, 83.375, 4.342533599824423e-24, nan 
32.125, 83.375, 4.298398868830236e-24, nan 
32.375, 83.375, 4.385698958576206e-24, nan 
32.625, 83.375, 4.5324407452025614e-24, nan 
32.875, 83.375, 4.464011368986612e-24, nan 
33.125, 83.375, 4.508370186378595e-24, nan 
33.375, 83.375, 4.2578406692658165e-24, nan 
33.625, 83.375, 4.606467953694903e-24, nan 
33.875, 83.375, 4.807201258376642e-24, nan 
34.125, 83.375, 4.6951466268407415e-24, nan 
34.375, 83.375, 4.497761294156295e-24, nan 
34.625, 83.375, 4.220903581192775e-24, nan 
34.875, 83.375, 4.165762308639205e-24, nan 
35.125, 83.375, 3.899452287769743e-24, nan 
35.375, 83.375, 3.940024688522468e-24, nan 
35.625, 83.375, 3.941356883042735e-24, nan 
35.875, 83.375, 3.8475211195149385e-24, nan 
36.125, 83.375, 4.0259612148742626e-24, nan 
36.375, 83.375, 4.074056059496542e-24, nan 
36.625, 83.375, 4.199443123870291e-24, nan 
36.875, 83.375, 3.8812934248011704e-24, nan 
37.125, 83.375, 3.647174463316127e-24, nan 
37.375, 83.375, 3.364741744665997e-24, nan 
37.625, 83.375, 3.365597886292683e-24, nan 
37.875, 83.375, 3.7324002326773416e-24, nan 
38.125, 83.375, 4.0696337461173106e-24, nan 
38.375, 83.375, 4.723336273140842e-24, nan 
38.625, 83.375, 5.144786630509417e-24, nan 
38.875, 83.375, 6.3343376943451414e-24, nan 
39.125, 83.375, 7.838416048848294e-24, nan 
39.375, 83.375, 8.69873797941952e-24, nan 
39.625, 83.375, 9.449862953034048e-24, nan 
39.875, 83.375, 9.305420666890039e-24, nan 
40.125, 83.375, 1.0583832189775423e-23, nan 
40.375, 83.375, 1.3567091263609202e-23, nan 
40.625, 83.375, 1.5066871152700366e-23, nan 
40.875, 83.375, 1.6762248628356712e-23, nan 
41.125, 83.375, 2.1326066277956846e-23, nan 
41.375, 83.375, 2.5238615841310924e-23, nan 
41.625, 83.375, 2.6322407764600612e-23, nan 
41.875, 83.375, 2.663534874166746e-23, nan 
42.125, 83.375, 2.865329690774594e-23, nan 
42.375, 83.375, 2.975723084476463e-23, nan 
42.625, 83.375, 2.744547865869846e-23, nan 
42.875, 83.375, 2.7540570377752515e-23, nan 
43.125, 83.375, 2.791279687737629e-23, nan 
43.375, 83.375, 2.9236089774048487e-23, nan 
43.625, 83.375, 3.3765427479610486e-23, nan 
43.875, 83.375, 3.3424026391699423e-23, nan 
44.125, 83.375, 3.289724593092395e-23, nan 
44.375, 83.375, 3.4580393639720694e-23, nan 
44.625, 83.375, 3.599641031098325e-23, nan 
44.875, 83.375, 3.1783051367708856e-23, nan 
45.125, 83.375, 3.137295061962973e-23, nan 
45.375, 83.375, 3.1541751096755646e-23, nan 
45.625, 83.375, 2.8668418575114347e-23, nan 
45.875, 83.375, 2.904494515243329e-23, nan 
46.125, 83.375, 2.7315697397984295e-23, nan 
46.375, 83.375, 2.929506974918248e-23, nan 
46.625, 83.375, 2.9855836400009285e-23, nan 
46.875, 83.375, 2.5548351134622914e-23, nan 
47.125, 83.375, 2.380600676507666e-23, nan 
47.375, 83.375, 2.3917039501704756e-23, nan 
47.625, 83.375, 2.2889649114582625e-23, nan 
47.875, 83.375, 2.302828656289629e-23, nan 
48.125, 83.375, 2.15096273011864e-23, nan 
48.375, 83.375, 2.3873596742606543e-23, nan 
48.625, 83.375, 2.4974202772264073e-23, nan 
48.875, 83.375, 2.5386607040759862e-23, nan 
49.125, 83.375, 4.666268975350525e-23, nan 
49.375, 83.375, 2.9531446223031714e-23, nan 
49.625, 83.375, 2.5504609705155917e-23, nan 
49.875, 83.375, 2.6531657444199475e-23, nan 
50.125, 83.375, 2.331855258159482e-23, nan 
50.375, 83.375, 2.1974103276342366e-23, nan 
50.625, 83.375, 3.377757373624573e-23, nan 
50.875, 83.375, 3.8233314064679874e-23, nan 
51.125, 83.375, 2.6003387699166665e-23, nan 
51.375, 83.375, 2.1495173976532805e-23, nan 
51.625, 83.375, 3.6915994379170906e-23, nan 
51.875, 83.375, 4.767875508201646e-23, nan 
52.125, 83.375, 3.9009292628638735e-23, nan 
52.375, 83.375, 3.687440229976879e-23, nan 
52.625, 83.375, 6.104451001896251e-23, nan 
52.875, 83.375, 6.737107188846274e-23, nan 
53.125, 83.375, 5.109293237720055e-23, nan 
53.375, 83.375, 4.234820170206667e-23, nan 
53.625, 83.375, 4.046302427112712e-23, nan 
53.875, 83.375, 2.5456494260975587e-23, nan 
54.125, 83.375, 4.5167958973442877e-23, nan 
54.375, 83.375, 5.718685869078334e-23, nan 
54.625, 83.375, 5.67464971487694e-23, nan 
54.875, 83.375, 1.0166470219067659e-22, nan 
55.125, 83.375, 1.2410056479376185e-22, nan 
55.375, 83.375, 8.391443623010269e-23, nan 
55.625, 83.375, 8.089499761589519e-23, nan 
55.875, 83.375, 8.301617722636458e-23, nan 
56.125, 83.375, 6.55199374171335e-23, nan 
56.375, 83.375, 5.77189235298478e-23, nan 
56.625, 83.375, 7.83173512570108e-23, nan 
56.875, 83.375, 7.190932971850695e-23, nan 
57.125, 83.375, 6.287345285720436e-23, nan 
57.375, 83.375, 7.502799976758204e-23, nan 
57.625, 83.375, 5.664931046477121e-23, nan 
57.875, 83.375, 5.859779250890763e-23, nan 
58.125, 83.375, 6.242104211460608e-23, nan 
58.375, 83.375, 4.9390311789396434e-23, nan 
58.625, 83.375, 4.960030299679555e-23, nan 
58.875, 83.375, 6.351345118250933e-23, nan 
59.125, 83.375, 6.269086910352299e-23, nan 
59.375, 83.375, 4.515935084324843e-23, nan 
59.625, 83.375, 4.528588900178632e-23, nan 
59.875, 83.375, 5.372858203311628e-23, nan 
60.125, 83.375, 4.9759058044660373e-23, nan 
60.375, 83.375, 5.841276063403696e-23, nan 
60.625, 83.375, 6.675189492970556e-23, nan 
60.875, 83.375, 9.767570149621594e-23, nan 
61.125, 83.375, 9.180221017223133e-23, nan 
61.375, 83.375, 8.492707308891935e-23, nan 
61.625, 83.375, 9.865443841892179e-23, nan 
61.875, 83.375, 6.757347139070521e-23, nan 
62.125, 83.375, 6.713873474839254e-23, nan 
62.375, 83.375, 8.22085013886109e-23, nan 
62.625, 83.375, 8.393632836397455e-23, nan 
62.875, 83.375, 8.433479101564771e-23, nan 
63.125, 83.375, 1.1579756888286793e-22, nan 
63.375, 83.375, 1.2559567854410987e-22, nan 
63.625, 83.375, 7.607044621564854e-23, nan 
63.875, 83.375, 9.527764382780529e-23, nan 
64.125, 83.375, 9.214698867823763e-23, nan 
64.375, 83.375, 8.919868875714331e-23, nan 
64.625, 83.375, 1.235314491615743e-22, nan 
64.875, 83.375, 1.3442845480926337e-22, nan 
65.125, 83.375, 1.35822274051296e-22, nan 
65.375, 83.375, 5.584658018881415e-23, nan 
65.625, 83.375, 4.5895914340600903e-23, nan 
65.875, 83.375, 4.731591985967311e-23, nan 
66.125, 83.375, 7.518782644536453e-23, nan 
66.375, 83.375, 6.523026820584369e-23, nan 
66.625, 83.375, 7.237583886320105e-23, nan 
66.875, 83.375, 7.526661503830559e-23, nan 
67.125, 83.375, 7.785373686299654e-23, nan 
67.375, 83.375, 1.2094301139453032e-22, nan 
67.625, 83.375, 1.1490424744922772e-22, nan 
67.875, 83.375, 1.0116258446508641e-22, nan 
68.125, 83.375, 1.1158337730272855e-22, nan 
68.375, 83.375, 1.2809171613244703e-22, nan 
68.625, 83.375, 1.5242466756845749e-22, nan 
68.875, 83.375, 2.028764077344387e-22, nan 
69.125, 83.375, 2.2663301768289915e-22, nan 
69.375, 83.375, 2.3621893622314165e-22, nan 
69.625, 83.375, 2.0523736725770975e-22, nan 
69.875, 83.375, 1.8161120304880928e-22, nan 
70.125, 83.375, 1.9024951896937544e-22, nan 
70.375, 83.375, 2.0263906993492542e-22, nan 
70.625, 83.375, 2.61700894078934e-22, nan 
70.875, 83.375, 3.1228523678441926e-22, nan 
71.125, 83.375, 2.5723682356562586e-22, nan 
71.375, 83.375, 2.7336252855047017e-22, nan 
71.625, 83.375, 2.5195518239235207e-22, nan 
71.875, 83.375, 1.6940420662334995e-22, nan 
72.125, 83.375, 1.1595499394062472e-22, nan 
72.375, 83.375, 8.271565496039674e-23, nan 
72.625, 83.375, 8.394181633651434e-23, nan 
72.875, 83.375, 8.451885921329347e-23, nan 
73.125, 83.375, 5.378116501923208e-23, nan 
73.375, 83.375, 6.764681548576239e-23, nan 
73.625, 83.375, 8.440709516992199e-23, nan 
73.875, 83.375, 9.155914114087854e-23, nan 
74.125, 83.375, 1.016821149219492e-22, nan 
74.375, 83.375, 1.0168642737580484e-22, nan 
74.625, 83.375, 9.450182415296544e-23, nan 
74.875, 83.375, 1.0271913387325547e-22, nan 
75.125, 83.375, 9.978943257021169e-23, nan 
75.375, 83.375, 9.208092031338061e-23, nan 
75.625, 83.375, 8.828428813073467e-23, nan 
75.875, 83.375, 1.3187376782296406e-22, nan 
76.125, 83.375, 1.6000110851515756e-22, nan 
76.375, 83.375, 2.0374972527038727e-22, nan 
76.625, 83.375, 2.254825943487307e-22, nan 
76.875, 83.375, 2.2858232173204543e-22, nan 
77.125, 83.375, 2.15545604324111e-22, nan 
77.375, 83.375, 2.036411092465955e-22, nan 
77.625, 83.375, 2.4809699921653855e-22, nan 
77.875, 83.375, 2.098485843186188e-22, nan 
78.125, 83.375, 1.78247236778319e-22, nan 
78.375, 83.375, 2.107324116261089e-22, nan 
78.625, 83.375, 1.8357539797912357e-22, nan 
78.875, 83.375, 2.136239029078095e-22, nan 
79.125, 83.375, 2.3996540849791797e-22, nan 
79.375, 83.375, 2.0326232692771685e-22, nan 
79.625, 83.375, 1.9923630931686566e-22, nan 
79.875, 83.375, 2.5606979452689435e-22, nan 
80.125, 83.375, 2.2790605044572657e-22, nan 
80.375, 83.375, 2.189606692539162e-22, nan 
80.625, 83.375, 2.2858015846072187e-22, nan 
80.875, 83.375, 2.4178173615257346e-22, nan 
81.125, 83.375, 2.576967898397887e-22, nan 
81.375, 83.375, 2.8836790131337844e-22, nan 
81.625, 83.375, 3.0108480302746573e-22, nan 
81.875, 83.375, 1.696686803340545e-22, nan 
82.125, 83.375, 3.208523793506812e-22, nan 
82.375, 83.375, 2.153454550441125e-22, nan 
82.625, 83.375, 2.2537987875373823e-22, nan 
82.875, 83.375, 2.9086716159057987e-22, nan 
83.125, 83.375, 2.988224755610406e-22, nan 
83.375, 83.375, 2.276068857789924e-22, nan 
83.625, 83.375, 2.9913045771433337e-22, nan 
83.875, 83.375, 3.7180222256668496e-22, nan 
84.125, 83.375, 1.4887215363922019e-22, nan 
84.375, 83.375, 2.773421709804312e-22, nan 
84.625, 83.375, 1.8437302113212513e-22, nan 
84.875, 83.375, 1.9152904538893984e-22, nan 
85.125, 83.375, 2.3497973619039396e-22, nan 
85.375, 83.375, 2.305892916328299e-22, nan 
85.625, 83.375, 1.9731507487670652e-22, nan 
85.875, 83.375, 2.2030761900705613e-22, nan 
86.125, 83.375, 2.5484901937812705e-22, nan 
86.375, 83.375, 1.860957530606072e-22, nan 
86.625, 83.375, 2.8518959398072895e-22, nan 
86.875, 83.375, 1.9373051046847998e-22, nan 
87.125, 83.375, 2.3792601169070273e-22, nan 
87.375, 83.375, 1.9918617400488699e-22, nan 
87.625, 83.375, 2.114419854813478e-22, nan 
87.875, 83.375, 2.7437723280584303e-22, nan 
88.125, 83.375, 2.860402911019311e-22, nan 
88.375, 83.375, 2.6730588951671417e-22, nan 
88.625, 83.375, 2.741919321025433e-22, nan 
88.875, 83.375, 3.3168736697095243e-22, nan 
89.125, 83.375, 3.7310715379006614e-22, nan 
89.375, 83.375, 2.970721566863362e-22, nan 
89.625, 83.375, 3.349723277552123e-22, nan 
89.875, 83.375, 3.7964683134025903e-22, nan 
90.125, 83.375, 3.488267900500481e-22, nan 
90.375, 83.375, 3.868154539266418e-22, nan 
90.625, 83.375, 4.634236496233492e-22, nan 
90.875, 83.375, 5.082393367391526e-22, nan 
91.125, 83.375, 2.059562290993578e-22, nan 
91.375, 83.375, 1.4752772292690735e-22, nan 
91.625, 83.375, 1.3140837972652615e-22, nan 
91.875, 83.375, 1.4920494613365869e-22, nan 
92.125, 83.375, 2.125881850451876e-22, nan 
92.375, 83.375, 2.397084022533386e-22, nan 
92.625, 83.375, 1.3813438431897903e-22, nan 
92.875, 83.375, 3.240358893627055e-22, nan 
93.125, 83.375, 1.7095769650668126e-22, nan 
93.375, 83.375, 2.842756602818658e-22, nan 
93.625, 83.375, 3.35126600712485e-22, nan 
93.875, 83.375, 3.3482191870273045e-22, nan 
94.125, 83.375, 2.4097286769321e-22, nan 
94.375, 83.375, 2.670264015897352e-22, nan 
94.625, 83.375, 3.2780048895775387e-22, nan 
94.875, 83.375, 3.3254011654185447e-22, nan 
95.125, 83.375, 2.958665681356567e-22, nan 
95.375, 83.375, 3.0776869220998734e-22, nan 
95.625, 83.375, 3.3890364156413567e-22, nan 
95.875, 83.375, 3.400338510230167e-22, nan 
96.125, 83.375, 3.2012380828910204e-22, nan 
96.375, 83.375, 2.380779726191998e-22, nan 
96.625, 83.375, 2.2600745673957835e-22, nan 
96.875, 83.375, 2.36789426876989e-22, nan 
97.125, 83.375, 1.4719423787570708e-22, nan 
97.375, 83.375, 2.253863852016898e-22, nan 
97.625, 83.375, 2.5838831283655172e-22, nan 
97.875, 83.375, 2.887458534429997e-22, nan 
98.125, 83.375, 3.911775609600454e-22, nan 
98.375, 83.375, 4.559433847243373e-22, nan 
98.625, 83.375, 4.148858480679239e-22, nan 
98.875, 83.375, 3.8720621929792413e-22, nan 
99.125, 83.375, 3.750113724192297e-22, nan 
99.375, 83.375, 3.714501281548238e-22, nan 
99.625, 83.375, 4.693977495837061e-22, nan 
99.875, 83.375, 5.006329064959392e-22, nan 
100.125, 83.375, 4.754076382842918e-22, nan 
100.375, 83.375, 4.623869702408016e-22, nan 
100.625, 83.375, 4.938095510528519e-22, nan 
100.875, 83.375, 6.031017722152667e-22, nan 
101.125, 83.375, 5.991407238125746e-22, nan 
101.375, 83.375, 5.439635807760915e-22, nan 
101.625, 83.375, 5.43575825585753e-22, nan 
101.875, 83.375, 5.993149593329221e-22, nan 
102.125, 83.375, 6.209486014046872e-22, nan 
102.375, 83.375, 6.001351295259559e-22, nan 
102.625, 83.375, 5.411164688809461e-22, nan 
102.875, 83.375, 4.050766679259139e-22, nan 
103.125, 83.375, 3.716783268191804e-22, nan 
103.375, 83.375, 3.8392081094617714e-22, nan 
103.625, 83.375, 3.9014777830142136e-22, nan 
103.875, 83.375, 4.410890250486578e-22, nan 
104.125, 83.375, 5.520713107479215e-22, nan 
104.375, 83.375, 7.094213458291374e-22, nan 
104.625, 83.375, 6.708756245207772e-22, nan 
104.875, 83.375, 6.422805104163871e-22, nan 
105.125, 83.375, 7.119571762880293e-22, nan 
105.375, 83.375, 7.354383291584944e-22, nan 
105.625, 83.375, 8.443750483687744e-22, nan 
105.875, 83.375, 8.912195634206943e-22, nan 
106.125, 83.375, 9.611980761373527e-22, nan 
106.375, 83.375, 9.714522001431214e-22, nan 
106.625, 83.375, 1.0283124017791382e-21, nan 
106.875, 83.375, 1.0418161651323594e-21, nan 
107.125, 83.375, 1.4972341226680318e-21, nan 
107.375, 83.375, 1.3120846618998678e-21, nan 
107.625, 83.375, 1.1777959961980386e-21, nan 
107.875, 83.375, 1.3944237144338236e-21, nan 
108.125, 83.375, 1.512121256702395e-21, nan 
108.375, 83.375, 1.4269306894905849e-21, nan 
108.625, 83.375, 1.153041535637829e-21, nan 
108.875, 83.375, 7.261974800641357e-22, nan 
109.125, 83.375, 5.73770317269118e-22, nan 
109.375, 83.375, 1.1465164172669376e-21, nan 
109.625, 83.375, 7.963963965122635e-22, nan 
109.875, 83.375, 6.417632783376699e-22, nan 
110.125, 83.375, 6.290495243600982e-22, nan 
110.375, 83.375, 8.692469374628978e-22, nan 
110.625, 83.375, 7.383860308099696e-22, nan 
110.875, 83.375, 6.063825065903284e-22, nan 
111.125, 83.375, 1.1516406814072312e-21, nan 
111.375, 83.375, 9.381789941306912e-22, nan 
111.625, 83.375, 1.0453055316443913e-21, nan 
111.875, 83.375, 1.1828564410572909e-21, nan 
112.125, 83.375, 1.3851992003869704e-21, nan 
112.375, 83.375, 1.3990565477990876e-21, nan 
112.625, 83.375, 1.365585787192813e-21, nan 
112.875, 83.375, 1.4247650156421762e-21, nan 
113.125, 83.375, 1.4832872585379294e-21, nan 
113.375, 83.375, 1.5706536155226516e-21, nan 
113.625, 83.375, 1.4164696583631762e-21, nan 
113.875, 83.375, 1.3316845771803398e-21, nan 
114.125, 83.375, 1.2654454162235193e-21, nan 
114.375, 83.375, 1.2590688456494114e-21, nan 
114.625, 83.375, 1.2821521748999235e-21, nan 
114.875, 83.375, 1.1738389069200814e-21, nan 
115.125, 83.375, 1.2012955106641668e-21, nan 
115.375, 83.375, 1.237098538595409e-21, nan 
115.625, 83.375, 1.2252896190095e-21, nan 
115.875, 83.375, 1.2963762837894468e-21, nan 
116.125, 83.375, 1.3026423956502574e-21, nan 
116.375, 83.375, 1.3116865046565847e-21, nan 
116.625, 83.375, 1.348489931567019e-21, nan 
116.875, 83.375, 1.2687934841067797e-21, nan 
117.125, 83.375, 1.2449936668814184e-21, nan 
117.375, 83.375, 1.11647478966591e-21, nan 
117.625, 83.375, 1.1231279236168181e-21, nan 
117.875, 83.375, 1.022000964440413e-21, nan 
118.125, 83.375, 1.53510407493516e-21, nan 
118.375, 83.375, 1.4511871993501187e-21, nan 
118.625, 83.375, 1.2010694736303231e-21, nan 
118.875, 83.375, 1.161218024331163e-21, nan 
119.125, 83.375, 1.1775306010013719e-21, nan 
119.375, 83.375, 7.656883992858877e-22, nan 
119.625, 83.375, 5.174551687324924e-22, nan 
119.875, 83.375, 2.9071687380569555e-22, nan 
120.125, 83.375, 3.52251160028148e-22, nan 
120.375, 83.375, 3.5748000097497276e-22, nan 
120.625, 83.375, 3.1732907687018057e-22, nan 
120.875, 83.375, 2.42842351915643e-22, nan 
121.125, 83.375, 2.5417467405485163e-22, nan 
121.375, 83.375, 3.0484175472967398e-22, nan 
121.625, 83.375, 3.096605728031695e-22, nan 
121.875, 83.375, 1.5717965734433343e-22, nan 
122.125, 83.375, 1.0638984373114005e-22, nan 
122.375, 83.375, 1.4671576887897004e-22, nan 
122.625, 83.375, 1.791623809816437e-22, nan 
122.875, 83.375, 1.6175615895124412e-22, nan 
123.125, 83.375, 3.5495764921687244e-22, nan 
123.375, 83.375, 5.54304886619268e-22, nan 
123.625, 83.375, 6.024077758385417e-22, nan 
123.875, 83.375, 5.026931034590783e-22, nan 
124.125, 83.375, 4.283086611528633e-22, nan 
124.375, 83.375, 3.646538336655709e-22, nan 
124.625, 83.375, 2.9286305381766637e-22, nan 
124.875, 83.375, 2.8428270275772267e-22, nan 
125.125, 83.375, 1.6733267604243398e-22, nan 
125.375, 83.375, 1.2224141546176792e-22, nan 
125.625, 83.375, 1.0747529122602299e-22, nan 
125.875, 83.375, 1.3109401712354137e-22, nan 
126.125, 83.375, 1.4401647915839409e-22, nan 
126.375, 83.375, 1.2807618674700766e-22, nan 
126.625, 83.375, 1.058491881290139e-22, nan 
126.875, 83.375, 1.3165832642023195e-22, nan 
127.125, 83.375, 1.666542917791173e-22, nan 
127.375, 83.375, 1.7220307846638107e-22, nan 
127.625, 83.375, 1.9352787725062974e-22, nan 
127.875, 83.375, 2.1557325037839375e-22, nan 
128.125, 83.375, 2.0654521304759232e-22, nan 
128.375, 83.375, 1.7167545042449137e-22, nan 
128.625, 83.375, 1.5960215875139007e-22, nan 
128.875, 83.375, 1.9232727771037684e-22, nan 
129.125, 83.375, 1.5977277351784496e-22, nan 
129.375, 83.375, 1.9199608577760098e-22, nan 
129.625, 83.375, 2.0977072100633442e-22, nan 
129.875, 83.375, 2.289228972236147e-22, nan 
130.125, 83.375, 2.8111300510267e-22, nan 
130.375, 83.375, 2.8544958831995825e-22, nan 
130.625, 83.375, 4.0128677555103283e-22, nan 
130.875, 83.375, 4.225060243635092e-22, nan 
131.125, 83.375, 4.51782677903101e-22, nan 
131.375, 83.375, 4.467611230069294e-22, nan 
131.625, 83.375, 5.531354460319376e-22, nan 
131.875, 83.375, 6.001039528898809e-22, nan 
132.125, 83.375, 6.298872354497343e-22, nan 
132.375, 83.375, 6.574274509152366e-22, nan 
132.625, 83.375, 6.883551994789668e-22, nan 
132.875, 83.375, 6.609492642298468e-22, nan 
133.125, 83.375, 5.087287346382858e-22, nan 
133.375, 83.375, 6.832262046365053e-22, nan 
133.625, 83.375, 7.41945740790754e-22, nan 
133.875, 83.375, 6.232450278106847e-22, nan 
134.125, 83.375, 6.318381248349679e-22, nan 
134.375, 83.375, 4.31586591439686e-22, nan 
134.625, 83.375, 3.726039872142069e-22, nan 
134.875, 83.375, 3.6639319712261254e-22, nan 
135.125, 83.375, 3.482892947830027e-22, nan 
135.375, 83.375, 2.7894590228127173e-22, nan 
135.625, 83.375, 3.4378733163697464e-22, nan 
135.875, 83.375, 3.65535782452104e-22, nan 
136.125, 83.375, 2.9966406447707042e-22, nan 
136.375, 83.375, 3.1025175232626945e-22, nan 
136.625, 83.375, 2.2701030272958864e-22, nan 
136.875, 83.375, 2.0751335669328955e-22, nan 
137.125, 83.375, 1.7901963273119336e-22, nan 
137.375, 83.375, 1.2511668337395995e-22, nan 
137.625, 83.375, 1.2367434757819108e-22, nan 
137.875, 83.375, 1.1899290871787425e-22, nan 
138.125, 83.375, 8.251894970874381e-23, nan 
138.375, 83.375, 4.706117870831526e-23, nan 
138.625, 83.375, 5.763211597438544e-23, nan 
138.875, 83.375, 7.439752008977653e-23, nan 
139.125, 83.375, 9.782864785500566e-23, nan 
139.375, 83.375, 7.67529424380651e-23, nan 
139.625, 83.375, 7.90477668635167e-23, nan 
139.875, 83.375, 2.0673249853326484e-22, nan 
140.125, 83.375, 3.0037428026790324e-22, nan 
140.375, 83.375, 2.4455722443807625e-22, nan 
140.625, 83.375, 1.7423948794515273e-22, nan 
140.875, 83.375, 1.3727996661267237e-22, nan 
141.125, 83.375, 1.3243162981717437e-22, nan 
141.375, 83.375, 1.4659475778387586e-22, nan 
141.625, 83.375, 1.4221034817684907e-22, nan 
141.875, 83.375, 1.2165671910432103e-22, nan 
142.125, 83.375, 9.114128128465942e-23, nan 
142.375, 83.375, 8.624073769927799e-23, nan 
142.625, 83.375, 8.806000549305625e-23, nan 
142.875, 83.375, 7.885996608877805e-23, nan 
143.125, 83.375, 8.700673384578141e-23, nan 
143.375, 83.375, 1.0489731134320634e-22, nan 
143.625, 83.375, 1.1887013700027514e-22, nan 
143.875, 83.375, 1.1612622544847263e-22, nan 
144.125, 83.375, 1.0646385814509164e-22, nan 
144.375, 83.375, 9.80601810642597e-23, nan 
144.625, 83.375, 8.889869543290352e-23, nan 
144.875, 83.375, 7.967163692970151e-23, nan 
145.125, 83.375, 7.821552113165787e-23, nan 
145.375, 83.375, 8.350332358443248e-23, nan 
145.625, 83.375, 7.8949302582518e-23, nan 
145.875, 83.375, 7.360347085676762e-23, nan 
146.125, 83.375, 7.1828830789041e-23, nan 
146.375, 83.375, 7.31017328277572e-23, nan 
146.625, 83.375, 7.751949796649757e-23, nan 
146.875, 83.375, 6.411488807097294e-23, nan 
147.125, 83.375, 5.167647071989284e-23, nan 
147.375, 83.375, 5.959769161705491e-23, nan 
147.625, 83.375, 6.986057537318666e-23, nan 
147.875, 83.375, 5.64096511868143e-23, nan 
148.125, 83.375, 4.5326320155425616e-23, nan 
148.375, 83.375, 4.237402112467303e-23, nan 
148.625, 83.375, 4.061831126019029e-23, nan 
148.875, 83.375, 3.6022348718988217e-23, nan 
149.125, 83.375, 3.1884401941778846e-23, nan 
149.375, 83.375, 3.3886386994474785e-23, nan 
149.625, 83.375, 3.726979627161174e-23, nan 
149.875, 83.375, 2.6127230991595142e-23, nan 
150.125, 83.375, 2.556547956496254e-23, nan 
150.375, 83.375, 3.5102187560174885e-23, nan 
150.625, 83.375, 4.061432482675834e-23, nan 
150.875, 83.375, 3.755063354619326e-23, nan 
151.125, 83.375, 3.313016613385763e-23, nan 
151.375, 83.375, 3.81017963572274e-23, nan 
151.625, 83.375, 4.31573317062453e-23, nan 
151.875, 83.375, 3.6396479189772386e-23, nan 
152.125, 83.375, 3.1689192493004794e-23, nan 
152.375, 83.375, 3.8594412598121405e-23, nan 
152.625, 83.375, 3.7749572743927455e-23, nan 
152.875, 83.375, 2.9651453542575674e-23, nan 
153.125, 83.375, 3.057370412149235e-23, nan 
153.375, 83.375, 3.217629211603516e-23, nan 
153.625, 83.375, 3.3143133229679577e-23, nan 
153.875, 83.375, 3.8107216926830144e-23, nan 
154.125, 83.375, 4.0442704551518305e-23, nan 
154.375, 83.375, 4.039098200532363e-23, nan 
154.625, 83.375, 4.007453043864684e-23, nan 
154.875, 83.375, 3.7667323528684037e-23, nan 
155.125, 83.375, 3.628563301035785e-23, nan 
155.375, 83.375, 3.435773873301315e-23, nan 
155.625, 83.375, 3.531945773932032e-23, nan 
155.875, 83.375, 3.099026653043542e-23, nan 
156.125, 83.375, 2.4874294821470123e-23, nan 
156.375, 83.375, 2.6830937523340095e-23, nan 
156.625, 83.375, 2.6376762630582523e-23, nan 
156.875, 83.375, 2.130058905381116e-23, nan 
157.125, 83.375, 2.624514982433131e-23, nan 
157.375, 83.375, 3.533485881639599e-23, nan 
157.625, 83.375, 3.621449029895684e-23, nan 
157.875, 83.375, 2.7320333976172217e-23, nan 
158.125, 83.375, 2.6895345052344876e-23, nan 
158.375, 83.375, 3.08134169130739e-23, nan 
158.625, 83.375, 2.9121108294572324e-23, nan 
158.875, 83.375, 2.277331734354761e-23, nan 
159.125, 83.375, 1.8328677631439684e-23, nan 
159.375, 83.375, 1.5947028162333394e-23, nan 
159.625, 83.375, 1.6970238278936984e-23, nan 
159.875, 83.375, 2.0333401217171497e-23, nan 
160.125, 83.375, 2.5309913008139977e-23, nan 
160.375, 83.375, 2.5275078659494356e-23, nan 
160.625, 83.375, 1.9707295303398213e-23, nan 
160.875, 83.375, 2.0808416977496287e-23, nan 
161.125, 83.375, 2.3550261914292635e-23, nan 
161.375, 83.375, 2.2634708418311687e-23, nan 
161.625, 83.375, 2.215586427421839e-23, nan 
161.875, 83.375, 2.2339682681058315e-23, nan 
162.125, 83.375, 2.3708450241118948e-23, nan 
162.375, 83.375, 2.1953614719753623e-23, nan 
162.625, 83.375, 2.1518334693224964e-23, nan 
162.875, 83.375, 2.1153277119418582e-23, nan 
163.125, 83.375, 2.07989179398088e-23, nan 
163.375, 83.375, 2.224936073821985e-23, nan 
163.625, 83.375, 2.1337625034226512e-23, nan 
163.875, 83.375, 2.151959184449971e-23, nan 
164.125, 83.375, 2.1171194364451862e-23, nan 
164.375, 83.375, 2.3434348199778314e-23, nan 
164.625, 83.375, 2.5181798767822773e-23, nan 
164.875, 83.375, 2.7052367409615444e-23, nan 
165.125, 83.375, 5.877657899754931e-23, nan 
165.375, 83.375, 7.403407152177997e-23, nan 
165.625, 83.375, 3.7565390884817083e-23, nan 
165.875, 83.375, 4.60009038807253e-23, nan 
166.125, 83.375, 7.161920690178383e-23, nan 
166.375, 83.375, 5.958415006132537e-23, nan 
166.625, 83.375, 4.14592721157484e-23, nan 
166.875, 83.375, 4.079526630998619e-23, nan 
167.125, 83.375, 3.2395128409551655e-23, nan 
167.375, 83.375, 2.965085532124072e-23, nan 
167.625, 83.375, 2.7286872879928004e-23, nan 
167.875, 83.375, 2.6042611910927353e-23, nan 
168.125, 83.375, 2.4658456358644274e-23, nan 
168.375, 83.375, 2.0341960623853356e-23, nan 
168.625, 83.375, 1.3541992621908025e-23, nan 
168.875, 83.375, 1.9263539732329422e-23, nan 
169.125, 83.375, 1.9981401502353465e-23, nan 
169.375, 83.375, 2.4703264514965317e-23, nan 
169.625, 83.375, 2.6240131509875797e-23, nan 
169.875, 83.375, 2.5596546893965435e-23, nan 
170.125, 83.375, 3.2460575780328303e-23, nan 
170.375, 83.375, 4.1474268451750905e-23, nan 
170.625, 83.375, 4.0488390174159216e-23, nan 
170.875, 83.375, 3.381975004650927e-23, nan 
171.125, 83.375, 3.341519137716455e-23, nan 
171.375, 83.375, 3.7838538009212675e-23, nan 
171.625, 83.375, 4.067672045188316e-23, nan 
171.875, 83.375, 4.0243375825546485e-23, nan 
172.125, 83.375, 3.852312056544926e-23, nan 
172.375, 83.375, 3.7719033478248395e-23, nan 
172.625, 83.375, 3.6530957820486354e-23, nan 
172.875, 83.375, 3.493116091652385e-23, nan 
173.125, 83.375, 3.2011109614981506e-23, nan 
173.375, 83.375, 2.879885135087521e-23, nan 
173.625, 83.375, 2.693160792951148e-23, nan 
173.875, 83.375, 2.5807207673721708e-23, nan 
174.125, 83.375, 2.4000253708990845e-23, nan 
174.375, 83.375, 2.2400043695930726e-23, nan 
174.625, 83.375, 2.049229094897832e-23, nan 
174.875, 83.375, 1.8119373225419698e-23, nan 
175.125, 83.375, 1.6799161956222332e-23, nan 
175.375, 83.375, 1.6087614541966815e-23, nan 
175.625, 83.375, 1.6032141650751503e-23, nan 
175.875, 83.375, 1.3799322072585188e-23, nan 
176.125, 83.375, 1.1782643497799352e-23, nan 
176.375, 83.375, 1.0165807295736427e-23, nan 
176.625, 83.375, 1.1647959170831738e-23, nan 
176.875, 83.375, 1.0787225846705368e-23, nan 
177.125, 83.375, 1.026876003863387e-23, nan 
177.375, 83.375, 9.664992471194964e-24, nan 
177.625, 83.375, 9.181374244902182e-24, nan 
177.875, 83.375, 9.139343635295553e-24, nan 
178.125, 83.375, 8.725847249909874e-24, nan 
178.375, 83.375, 7.198398207470682e-24, nan 
178.625, 83.375, 8.141869010174626e-24, nan 
178.875, 83.375, 8.523039351466291e-24, nan 
179.125, 83.375, 7.107040974197505e-24, nan 
179.375, 83.375, 5.0019821709524524e-24, nan 
179.625, 83.375, 5.5945787020635086e-24, nan 
179.875, 83.375, 7.181089028252215e-24, nan 
-179.875, 83.625, 5.700857545517155e-24, nan 
-179.625, 83.625, 5.70069782179994e-24, nan 
-179.375, 83.625, 5.538105784741021e-24, nan 
-179.125, 83.625, 5.3635170462762405e-24, nan 
-178.875, 83.625, 5.904182240470418e-24, nan 
-178.625, 83.625, 5.666575565096052e-24, nan 
-178.375, 83.625, 5.6086418491806206e-24, nan 
-178.125, 83.625, 6.089080776580512e-24, nan 
-177.875, 83.625, 6.570136196040933e-24, nan 
-177.625, 83.625, 5.551685401572595e-24, nan 
-177.375, 83.625, 5.758242986182619e-24, nan 
-177.125, 83.625, 5.5435607676038314e-24, nan 
-176.875, 83.625, 5.351455782110315e-24, nan 
-176.625, 83.625, 5.908916546019288e-24, nan 
-176.375, 83.625, 6.55931433217251e-24, nan 
-176.125, 83.625, 5.801390813965672e-24, nan 
-175.875, 83.625, 7.021998031039879e-24, nan 
-175.625, 83.625, 6.93008445701921e-24, nan 
-175.375, 83.625, 5.713517737012592e-24, nan 
-175.125, 83.625, 5.5793860633068715e-24, nan 
-174.875, 83.625, 4.807977540180693e-24, nan 
-174.625, 83.625, 4.898943431309646e-24, nan 
-174.375, 83.625, 6.124903798562503e-24, nan 
-174.125, 83.625, 7.761314739514744e-24, nan 
-173.875, 83.625, 6.479632334401155e-24, nan 
-173.625, 83.625, 6.749028665865242e-24, nan 
-173.375, 83.625, 7.970397890553713e-24, nan 
-173.125, 83.625, 8.164541587015748e-24, nan 
-172.875, 83.625, 6.91397286003687e-24, nan 
-172.625, 83.625, 6.01330088695563e-24, nan 
-172.375, 83.625, 6.818837756042185e-24, nan 
-172.125, 83.625, 6.3305506006775266e-24, nan 
-171.875, 83.625, 5.095058548653023e-24, nan 
-171.625, 83.625, 5.325803097535225e-24, nan 
-171.375, 83.625, 5.545556332158204e-24, nan 
-171.125, 83.625, 4.8724236670419784e-24, nan 
-170.875, 83.625, 4.2355395065168526e-24, nan 
-170.625, 83.625, 4.0058847586955634e-24, nan 
-170.375, 83.625, 4.3248501084376826e-24, nan 
-170.125, 83.625, 4.3494448944885816e-24, nan 
-169.875, 83.625, 4.00779117882859e-24, nan 
-169.625, 83.625, 3.657282970069047e-24, nan 
-169.375, 83.625, 4.674400896467805e-24, nan 
-169.125, 83.625, 5.490082970720971e-24, nan 
-168.875, 83.625, 6.064731675876295e-24, nan 
-168.625, 83.625, 5.692589408024037e-24, nan 
-168.375, 83.625, 5.455191517677728e-24, nan 
-168.125, 83.625, 5.538194718663969e-24, nan 
-167.875, 83.625, 8.540099407081745e-24, nan 
-167.625, 83.625, 8.72162693805215e-24, nan 
-167.375, 83.625, 8.57477101844757e-24, nan 
-167.125, 83.625, 8.975963098623495e-24, nan 
-166.875, 83.625, 9.129301743002768e-24, nan 
-166.625, 83.625, 9.50160699711832e-24, nan 
-166.375, 83.625, 7.487766258176446e-24, nan 
-166.125, 83.625, 6.81483651116584e-24, nan 
-165.875, 83.625, 6.980195466155531e-24, nan 
-165.625, 83.625, 1.2310450609282104e-23, nan 
-165.375, 83.625, 1.4520708728126126e-23, nan 
-165.125, 83.625, 1.3922889414098272e-23, nan 
-164.875, 83.625, 1.3030957318638156e-23, nan 
-164.625, 83.625, 1.3813191112669262e-23, nan 
-164.375, 83.625, 1.467165501722951e-23, nan 
-164.125, 83.625, 1.4019648526204827e-23, nan 
-163.875, 83.625, 1.3780518297724986e-23, nan 
-163.625, 83.625, 1.3708486951352316e-23, nan 
-163.375, 83.625, 1.2382464534675134e-23, nan 
-163.125, 83.625, 1.1296399000629053e-23, nan 
-162.875, 83.625, 1.0479958811544273e-23, nan 
-162.625, 83.625, 1.0718688664155995e-23, nan 
-162.375, 83.625, 9.994888298607555e-24, nan 
-162.125, 83.625, 8.742050675855204e-24, nan 
-161.875, 83.625, 9.713016236179633e-24, nan 
-161.625, 83.625, 9.438087720157497e-24, nan 
-161.375, 83.625, 9.276776580099324e-24, nan 
-161.125, 83.625, 8.937814526185648e-24, nan 
-160.875, 83.625, 9.106843944469848e-24, nan 
-160.625, 83.625, 8.702775950076048e-24, nan 
-160.375, 83.625, 8.235942137097387e-24, nan 
-160.125, 83.625, 8.387357981310673e-24, nan 
-159.875, 83.625, 8.105872141863217e-24, nan 
-159.625, 83.625, 7.129732569329314e-24, nan 
-159.375, 83.625, 6.759038419098356e-24, nan 
-159.125, 83.625, 6.729002665805734e-24, nan 
-158.875, 83.625, 6.4446443677127354e-24, nan 
-158.625, 83.625, 6.2721866650946366e-24, nan 
-158.375, 83.625, 5.638094915517102e-24, nan 
-158.125, 83.625, 5.799296202935618e-24, nan 
-157.875, 83.625, 6.270545859762526e-24, nan 
-157.625, 83.625, 6.2032666460064614e-24, nan 
-157.375, 83.625, 5.54607305870685e-24, nan 
-157.125, 83.625, 5.499744743858555e-24, nan 
-156.875, 83.625, 5.772544479033771e-24, nan 
-156.625, 83.625, 5.6589693532347874e-24, nan 
-156.375, 83.625, 5.582177078007647e-24, nan 
-156.125, 83.625, 6.73637425407417e-24, nan 
-155.875, 83.625, 7.47319333487118e-24, nan 
-155.625, 83.625, 7.060377298019675e-24, nan 
-155.375, 83.625, 6.880818276004283e-24, nan 
-155.125, 83.625, 8.116454785682669e-24, nan 
-154.875, 83.625, 8.082217529052527e-24, nan 
-154.625, 83.625, 7.330564794836368e-24, nan 
-154.375, 83.625, 7.367800806988714e-24, nan 
-154.125, 83.625, 7.81390784286902e-24, nan 
-153.875, 83.625, 7.875851639412246e-24, nan 
-153.625, 83.625, 7.787160796410558e-24, nan 
-153.375, 83.625, 7.518586770338397e-24, nan 
-153.125, 83.625, 8.056897276214198e-24, nan 
-152.875, 83.625, 7.740021119894073e-24, nan 
-152.625, 83.625, 7.428636408815027e-24, nan 
-152.375, 83.625, 7.585419821468735e-24, nan 
-152.125, 83.625, 8.21380735552185e-24, nan 
-151.875, 83.625, 8.360488120465042e-24, nan 
-151.625, 83.625, 9.100042052736086e-24, nan 
-151.375, 83.625, 8.877729664657431e-24, nan 
-151.125, 83.625, 9.047583733216742e-24, nan 
-150.875, 83.625, 9.748617946307906e-24, nan 
-150.625, 83.625, 9.78370204306774e-24, nan 
-150.375, 83.625, 1.0291547479095354e-23, nan 
-150.125, 83.625, 1.0476549318310117e-23, nan 
-149.875, 83.625, 1.0802921706939831e-23, nan 
-149.625, 83.625, 1.0356865922187442e-23, nan 
-149.375, 83.625, 1.0704809698541137e-23, nan 
-149.125, 83.625, 1.0348017280224813e-23, nan 
-148.875, 83.625, 9.448576175113836e-24, nan 
-148.625, 83.625, 8.77766172321439e-24, nan 
-148.375, 83.625, 8.234483305253967e-24, nan 
-148.125, 83.625, 8.26814211826636e-24, nan 
-147.875, 83.625, 8.546549416188675e-24, nan 
-147.625, 83.625, 8.048594786544569e-24, nan 
-147.375, 83.625, 7.446631227723604e-24, nan 
-147.125, 83.625, 7.424483396324666e-24, nan 
-146.875, 83.625, 6.877598358024399e-24, nan 
-146.625, 83.625, 4.7459287219850064e-24, nan 
-146.375, 83.625, 3.340222941313232e-24, nan 
-146.125, 83.625, 3.2716219328453462e-24, nan 
-145.875, 83.625, 3.263612183752231e-24, nan 
-145.625, 83.625, 4.206233843498995e-24, nan 
-145.375, 83.625, 4.4971482257375334e-24, nan 
-145.125, 83.625, 5.284758857621399e-24, nan 
-144.875, 83.625, 4.965714217979871e-24, nan 
-144.625, 83.625, 4.39170536052255e-24, nan 
-144.375, 83.625, 3.851300052032707e-24, nan 
-144.125, 83.625, 3.414770186450046e-24, nan 
-143.875, 83.625, 4.604241328374211e-24, nan 
-143.625, 83.625, 5.0507594423375016e-24, nan 
-143.375, 83.625, 4.6994643185580385e-24, nan 
-143.125, 83.625, 5.421761084219296e-24, nan 
-142.875, 83.625, 6.3252180008231266e-24, nan 
-142.625, 83.625, 5.533550795489752e-24, nan 
-142.375, 83.625, 5.122169786932713e-24, nan 
-142.125, 83.625, 5.767113113218428e-24, nan 
-141.875, 83.625, 6.044511255948527e-24, nan 
-141.625, 83.625, 5.596814877358182e-24, nan 
-141.375, 83.625, 5.751782221329021e-24, nan 
-141.125, 83.625, 5.9745281669275406e-24, nan 
-140.875, 83.625, 6.331705726182116e-24, nan 
-140.625, 83.625, 6.829752221134499e-24, nan 
-140.375, 83.625, 6.948120245652827e-24, nan 
-140.125, 83.625, 7.291050485457025e-24, nan 
-139.875, 83.625, 8.33097695645491e-24, nan 
-139.625, 83.625, 9.20410159692191e-24, nan 
-139.375, 83.625, 9.946774922034553e-24, nan 
-139.125, 83.625, 1.0020913784757554e-23, nan 
-138.875, 83.625, 9.037052855988553e-24, nan 
-138.625, 83.625, 8.555791291875465e-24, nan 
-138.375, 83.625, 8.282341074302668e-24, nan 
-138.125, 83.625, 7.927642911081668e-24, nan 
-137.875, 83.625, 7.584463469860477e-24, nan 
-137.625, 83.625, 7.626546832437918e-24, nan 
-137.375, 83.625, 6.954278904051273e-24, nan 
-137.125, 83.625, 6.79054425779206e-24, nan 
-136.875, 83.625, 6.600594884652684e-24, nan 
-136.625, 83.625, 5.885251147447767e-24, nan 
-136.375, 83.625, 5.6713096824200546e-24, nan 
-136.125, 83.625, 5.092582977933983e-24, nan 
-135.875, 83.625, 4.6033323286779786e-24, nan 
-135.625, 83.625, 4.3679538746121494e-24, nan 
-135.375, 83.625, 4.162640886420889e-24, nan 
-135.125, 83.625, 3.618224822133125e-24, nan 
-134.875, 83.625, 2.4105256805607194e-24, nan 
-134.625, 83.625, 1.808702942209301e-24, nan 
-134.375, 83.625, 1.766361527680345e-24, nan 
-134.125, 83.625, 2.234336386975137e-24, nan 
-133.875, 83.625, 2.2429510953911745e-24, nan 
-133.625, 83.625, 1.795240161206112e-24, nan 
-133.375, 83.625, 2.112407854966523e-24, nan 
-133.125, 83.625, 2.709123020111138e-24, nan 
-132.875, 83.625, 3.2279366421430162e-24, nan 
-132.625, 83.625, 3.549403352718927e-24, nan 
-132.375, 83.625, 3.940410615104776e-24, nan 
-132.125, 83.625, 4.00549446537444e-24, nan 
-131.875, 83.625, 4.408393734282682e-24, nan 
-131.625, 83.625, 4.6459690730411244e-24, nan 
-131.375, 83.625, 5.429622204291491e-24, nan 
-131.125, 83.625, 6.182163411365517e-24, nan 
-130.875, 83.625, 5.586505713365111e-24, nan 
-130.625, 83.625, 5.326661550000709e-24, nan 
-130.375, 83.625, 4.9760752434025465e-24, nan 
-130.125, 83.625, 5.5234070121331266e-24, nan 
-129.875, 83.625, 6.189002608858348e-24, nan 
-129.625, 83.625, 5.521748920693855e-24, nan 
-129.375, 83.625, 5.472334707388939e-24, nan 
-129.125, 83.625, 4.698139094746106e-24, nan 
-128.875, 83.625, 4.487288694065451e-24, nan 
-128.625, 83.625, 4.4446429154715385e-24, nan 
-128.375, 83.625, 4.8164011863846866e-24, nan 
-128.125, 83.625, 4.000685533730071e-24, nan 
-127.875, 83.625, 3.958036518258617e-24, nan 
-127.625, 83.625, 4.690259139005792e-24, nan 
-127.375, 83.625, 4.8555230690385784e-24, nan 
-127.125, 83.625, 9.258645761771655e-24, nan 
-126.875, 83.625, 1.0666439916999224e-23, nan 
-126.625, 83.625, 1.1005929627262234e-23, nan 
-126.375, 83.625, 1.2062231370832211e-23, nan 
-126.125, 83.625, 1.1389919239556279e-23, nan 
-125.875, 83.625, 8.24789996723889e-24, nan 
-125.625, 83.625, 4.731310253809049e-24, nan 
-125.375, 83.625, 7.883695863503408e-24, nan 
-125.125, 83.625, 1.0587914580196087e-23, nan 
-124.875, 83.625, 3.4615914836877226e-23, nan 
-124.625, 83.625, 3.269717694832487e-23, nan 
-124.375, 83.625, 3.436774042147012e-23, nan 
-124.125, 83.625, 3.7044067749099955e-23, nan 
-123.875, 83.625, 4.39996728890455e-23, nan 
-123.625, 83.625, 4.839322902028579e-23, nan 
-123.375, 83.625, 4.143361447363109e-23, nan 
-123.125, 83.625, 4.7107897514088953e-23, nan 
-122.875, 83.625, 5.073497830331864e-23, nan 
-122.625, 83.625, 4.914380377505501e-23, nan 
-122.375, 83.625, 4.4639029373013913e-23, nan 
-122.125, 83.625, 3.544531643326381e-23, nan 
-121.875, 83.625, 2.8042948897654296e-23, nan 
-121.625, 83.625, 3.258593978072162e-23, nan 
-121.375, 83.625, 3.6361511252416106e-23, nan 
-121.125, 83.625, 3.8557058845748755e-23, nan 
-120.875, 83.625, 3.956860901954239e-23, nan 
-120.625, 83.625, 3.8804783111753986e-23, nan 
-120.375, 83.625, 3.6248604785857924e-23, nan 
-120.125, 83.625, 3.226751272531826e-23, nan 
-119.875, 83.625, 2.4328973251492455e-23, nan 
-119.625, 83.625, 1.2913223008432321e-23, nan 
-119.375, 83.625, 8.16891504519154e-24, nan 
-119.125, 83.625, 1.0219727094075837e-23, nan 
-118.875, 83.625, 1.1819442069704177e-23, nan 
-118.625, 83.625, 1.387604693538443e-23, nan 
-118.375, 83.625, 1.4967914112170953e-23, nan 
-118.125, 83.625, 1.702573593573159e-23, nan 
-117.875, 83.625, 1.9544323878281834e-23, nan 
-117.625, 83.625, 2.0292472851887233e-23, nan 
-117.375, 83.625, 1.92071490876767e-23, nan 
-117.125, 83.625, 1.4257566121390304e-23, nan 
-116.875, 83.625, 1.1330413676191226e-23, nan 
-116.625, 83.625, 1.5076978045510075e-23, nan 
-116.375, 83.625, 2.1742848707906167e-23, nan 
-116.125, 83.625, 2.498201335375259e-23, nan 
-115.875, 83.625, 2.9318487765429146e-23, nan 
-115.625, 83.625, 3.429163840634131e-23, nan 
-115.375, 83.625, 3.602439992647463e-23, nan 
-115.125, 83.625, 3.4972000644270557e-23, nan 
-114.875, 83.625, 2.8254196908045506e-23, nan 
-114.625, 83.625, 2.0161532012980798e-23, nan 
-114.375, 83.625, 1.9617662964825e-23, nan 
-114.125, 83.625, 2.5551310900212602e-23, nan 
-113.875, 83.625, 2.7620432321869737e-23, nan 
-113.625, 83.625, 3.1736184202153806e-23, nan 
-113.375, 83.625, 3.3476175128445124e-23, nan 
-113.125, 83.625, 3.03622315050888e-23, nan 
-112.875, 83.625, 2.886783252172819e-23, nan 
-112.625, 83.625, 2.4523750832378354e-23, nan 
-112.375, 83.625, 1.8271896216029273e-23, nan 
-112.125, 83.625, 8.85212008777342e-24, nan 
-111.875, 83.625, 4.017081872338385e-24, nan 
-111.625, 83.625, 3.3781635068563016e-24, nan 
-111.375, 83.625, 2.8376263169913392e-24, nan 
-111.125, 83.625, 1.7941803346148958e-24, nan 
-110.875, 83.625, 1.6349422865957678e-24, nan 
-110.625, 83.625, 2.171632657671885e-24, nan 
-110.375, 83.625, 2.9815093538304586e-24, nan 
-110.125, 83.625, 3.9323648379288496e-24, nan 
-109.875, 83.625, 3.7350815685002106e-24, nan 
-109.625, 83.625, 3.923150939939643e-24, nan 
-109.375, 83.625, 4.716448158920414e-24, nan 
-109.125, 83.625, 4.873908759381455e-24, nan 
-108.875, 83.625, 4.926628517500539e-24, nan 
-108.625, 83.625, 3.8332728520157575e-24, nan 
-108.375, 83.625, 3.468544456114393e-24, nan 
-108.125, 83.625, 3.682775338250493e-24, nan 
-107.875, 83.625, 3.8637679890491936e-24, nan 
-107.625, 83.625, 4.188856650247782e-24, nan 
-107.375, 83.625, 4.7404683729377835e-24, nan 
-107.125, 83.625, 6.1908369050825445e-24, nan 
-106.875, 83.625, 8.741366570682954e-24, nan 
-106.625, 83.625, 9.188904366583945e-24, nan 
-106.375, 83.625, 8.834945319958503e-24, nan 
-106.125, 83.625, 9.330477717528688e-24, nan 
-105.875, 83.625, 9.154107430287833e-24, nan 
-105.625, 83.625, 4.0285982140860076e-24, nan 
-105.375, 83.625, 5.445904906564053e-24, nan 
-105.125, 83.625, 8.984388985289936e-24, nan 
-104.875, 83.625, 1.2291239997201385e-23, nan 
-104.625, 83.625, 1.9259041675603595e-23, nan 
-104.375, 83.625, 2.1364723576514412e-23, nan 
-104.125, 83.625, 1.9984479761595407e-23, nan 
-103.875, 83.625, 2.0461975792643805e-23, nan 
-103.625, 83.625, 2.1889527825197674e-23, nan 
-103.375, 83.625, 1.4664483268169016e-23, nan 
-103.125, 83.625, 9.925206356664796e-24, nan 
-102.875, 83.625, 9.232721577305737e-24, nan 
-102.625, 83.625, 1.0272335766010181e-23, nan 
-102.375, 83.625, 1.2914245607336539e-23, nan 
-102.125, 83.625, 1.3066964073169794e-23, nan 
-101.875, 83.625, 1.2164780044811896e-23, nan 
-101.625, 83.625, 1.3042278957767468e-23, nan 
-101.375, 83.625, 1.454298252025018e-23, nan 
-101.125, 83.625, 1.1151981813205798e-23, nan 
-100.875, 83.625, 7.48266808694637e-24, nan 
-100.625, 83.625, 7.864184393155298e-24, nan 
-100.375, 83.625, 1.0888063802646764e-23, nan 
-100.125, 83.625, 1.4212599467637452e-23, nan 
-99.875, 83.625, 1.4030468176786693e-23, nan 
-99.625, 83.625, 1.2518893512043311e-23, nan 
-99.375, 83.625, 1.1522890727371731e-23, nan 
-99.125, 83.625, 1.0930419326120734e-23, nan 
-98.875, 83.625, 6.652846254162617e-24, nan 
-98.625, 83.625, 5.701750761053641e-24, nan 
-98.375, 83.625, 6.1182909334860495e-24, nan 
-98.125, 83.625, 4.207428422731646e-24, nan 
-97.875, 83.625, 2.2475475130100304e-24, nan 
-97.625, 83.625, 3.827918754115084e-24, nan 
-97.375, 83.625, 4.687772854089825e-24, nan 
-97.125, 83.625, 4.107416086307454e-24, nan 
-96.875, 83.625, 3.2093704077151117e-24, nan 
-96.625, 83.625, 3.1654893058789803e-24, nan 
-96.375, 83.625, 2.4510769608881825e-24, nan 
-96.125, 83.625, 1.024212762252523e-24, nan 
-95.875, 83.625, 1.4094141102136557e-24, nan 
-95.625, 83.625, 3.8570073430121246e-24, nan 
-95.375, 83.625, 5.773895388608523e-24, nan 
-95.125, 83.625, 7.252918721027723e-24, nan 
-94.875, 83.625, 7.71488303746747e-24, nan 
-94.625, 83.625, 3.743717920248814e-24, nan 
-94.375, 83.625, 4.139767602175369e-24, nan 
-94.125, 83.625, 5.488729017179277e-24, nan 
-93.875, 83.625, 5.619611153739684e-24, nan 
-93.625, 83.625, 4.3760014967914864e-24, nan 
-93.375, 83.625, 4.651203559214222e-24, nan 
-93.125, 83.625, 6.7324973263505e-24, nan 
-92.875, 83.625, 7.830463135056473e-24, nan 
-92.625, 83.625, 9.949331580174571e-24, nan 
-92.375, 83.625, 9.483241914012993e-24, nan 
-92.125, 83.625, 1.2381107981301285e-23, nan 
-91.875, 83.625, 1.5388453409052696e-23, nan 
-91.625, 83.625, 1.8326852755141588e-23, nan 
-91.375, 83.625, 1.6859016600223078e-23, nan 
-91.125, 83.625, 1.5337704741527672e-23, nan 
-90.875, 83.625, 1.3020484310132117e-23, nan 
-90.625, 83.625, 1.1595028888150394e-23, nan 
-90.375, 83.625, 1.0922396070226169e-23, nan 
-90.125, 83.625, 1.1602267240328439e-23, nan 
-89.875, 83.625, 1.1545174149994745e-23, nan 
-89.625, 83.625, 1.2187396058246492e-23, nan 
-89.375, 83.625, 1.4067830140396747e-23, nan 
-89.125, 83.625, 1.4179134648730794e-23, nan 
-88.875, 83.625, 1.2614276469477368e-23, nan 
-88.625, 83.625, 1.0773577524441149e-23, nan 
-88.375, 83.625, 9.62955092682705e-24, nan 
-88.125, 83.625, 7.848354602216109e-24, nan 
-87.875, 83.625, 5.889097095556204e-24, nan 
-87.625, 83.625, 6.626580127312451e-24, nan 
-87.375, 83.625, 9.191226552802436e-24, nan 
-87.125, 83.625, 1.0818204319567092e-23, nan 
-86.875, 83.625, 1.142314746565199e-23, nan 
-86.625, 83.625, 1.2158725381388055e-23, nan 
-86.375, 83.625, 1.406847309757895e-23, nan 
-86.125, 83.625, 1.283380235003162e-23, nan 
-85.875, 83.625, 1.2642126871877546e-23, nan 
-85.625, 83.625, 1.0970962532718718e-23, nan 
-85.375, 83.625, 8.864297774025379e-24, nan 
-85.125, 83.625, 8.162937407953136e-24, nan 
-84.875, 83.625, 1.0879866738250323e-23, nan 
-84.625, 83.625, 1.0884987717306268e-23, nan 
-84.375, 83.625, 1.0090432010384226e-23, nan 
-84.125, 83.625, 1.3643411443572188e-23, nan 
-83.875, 83.625, 1.3710404737618255e-23, nan 
-83.625, 83.625, 1.5174299364850993e-23, nan 
-83.375, 83.625, 1.5560884877152205e-23, nan 
-83.125, 83.625, 1.3862577020125752e-23, nan 
-82.875, 83.625, 1.4860134388443822e-23, nan 
-82.625, 83.625, 1.7266753816331206e-23, nan 
-82.375, 83.625, 1.3212540539934198e-23, nan 
-82.125, 83.625, 1.1812425377793752e-23, nan 
-81.875, 83.625, 1.3734676292353258e-23, nan 
-81.625, 83.625, 1.5675178168911193e-23, nan 
-81.375, 83.625, 1.6070802097153498e-23, nan 
-81.125, 83.625, 1.432636104960275e-23, nan 
-80.875, 83.625, 1.4575674949880386e-23, nan 
-80.625, 83.625, 1.6013817694765615e-23, nan 
-80.375, 83.625, 1.6834060167495572e-23, nan 
-80.125, 83.625, 1.3293903930309267e-23, nan 
-79.875, 83.625, 1.2526338658520785e-23, nan 
-79.625, 83.625, 1.3302403259458644e-23, nan 
-79.375, 83.625, 1.9645753582196598e-23, nan 
-79.125, 83.625, 2.177285486010179e-23, nan 
-78.875, 83.625, 1.7339783386083834e-23, nan 
-78.625, 83.625, 1.650850828363288e-23, nan 
-78.375, 83.625, 1.8628144463889925e-23, nan 
-78.125, 83.625, 1.533900941209339e-23, nan 
-77.875, 83.625, 1.562178969569916e-23, nan 
-77.625, 83.625, 1.5228772749135147e-23, nan 
-77.375, 83.625, 1.655488105503174e-23, nan 
-77.125, 83.625, 1.6110728939059737e-23, nan 
-76.875, 83.625, 1.6392313081191622e-23, nan 
-76.625, 83.625, 1.5594641405875e-23, nan 
-76.375, 83.625, 1.73159666588e-23, nan 
-76.125, 83.625, 2.044672886467044e-23, nan 
-75.875, 83.625, 2.071151239012946e-23, nan 
-75.625, 83.625, 2.0814342836574723e-23, nan 
-75.375, 83.625, 1.9661175743737426e-23, nan 
-75.125, 83.625, 1.852919254487824e-23, nan 
-74.875, 83.625, 1.5139399157241072e-23, nan 
-74.625, 83.625, 1.0415639118898826e-23, nan 
-74.375, 83.625, 5.565273570212204e-24, nan 
-74.125, 83.625, 3.511911787338766e-24, nan 
-73.875, 83.625, 4.845857966073845e-24, nan 
-73.625, 83.625, 5.892755724015196e-24, nan 
-73.375, 83.625, 6.690560591944783e-24, nan 
-73.125, 83.625, 6.749376966537404e-24, nan 
-72.875, 83.625, 6.1267618635993955e-24, nan 
-72.625, 83.625, 5.85690355699388e-24, nan 
-72.375, 83.625, 6.223022632003032e-24, nan 
-72.125, 83.625, 6.1052462604657014e-24, nan 
-71.875, 83.625, 5.243359609732018e-24, nan 
-71.625, 83.625, 4.215968084789533e-24, nan 
-71.375, 83.625, 3.1613729470050773e-24, nan 
-71.125, 83.625, 3.447701969582793e-24, nan 
-70.875, 83.625, 4.7614496768342746e-24, nan 
-70.625, 83.625, 5.059799870212875e-24, nan 
-70.375, 83.625, 5.792284417536144e-24, nan 
-70.125, 83.625, 6.722276459223394e-24, nan 
-69.875, 83.625, 6.977774499607341e-24, nan 
-69.625, 83.625, 5.76652012229294e-24, nan 
-69.375, 83.625, 5.10516874876071e-24, nan 
-69.125, 83.625, 4.2656178585616634e-24, nan 
-68.875, 83.625, 4.246384835946184e-24, nan 
-68.625, 83.625, 4.096088459150056e-24, nan 
-68.375, 83.625, 3.327584648553636e-24, nan 
-68.125, 83.625, 2.989276876891924e-24, nan 
-67.875, 83.625, 3.0598108405974562e-24, nan 
-67.625, 83.625, 3.378932674618301e-24, nan 
-67.375, 83.625, 2.149588061217307e-24, nan 
-67.125, 83.625, 1.2703007715507389e-24, nan 
-66.875, 83.625, 1.5350124156687037e-24, nan 
-66.625, 83.625, 1.5929847995559558e-24, nan 
-66.375, 83.625, 1.3544866968675958e-24, nan 
-66.125, 83.625, 1.970248724951211e-24, nan 
-65.875, 83.625, 2.268514013969599e-24, nan 
-65.625, 83.625, 1.8487714784449743e-24, nan 
-65.375, 83.625, 2.3593646932466592e-24, nan 
-65.125, 83.625, 2.3134010670009314e-24, nan 
-64.875, 83.625, 1.9222604751171635e-24, nan 
-64.625, 83.625, 1.71063991513835e-24, nan 
-64.375, 83.625, 2.528385386887927e-24, nan 
-64.125, 83.625, 1.965527620946349e-24, nan 
-63.875, 83.625, 3.559804064373823e-24, nan 
-63.625, 83.625, 4.542597452749868e-24, nan 
-63.375, 83.625, 3.2395829374478304e-24, nan 
-63.125, 83.625, 4.130186889751741e-24, nan 
-62.875, 83.625, 5.260358316931637e-24, nan 
-62.625, 83.625, 5.283582725155823e-24, nan 
-62.375, 83.625, 5.4499526699405604e-24, nan 
-62.125, 83.625, 5.9697731416745235e-24, nan 
-61.875, 83.625, 6.316996238215963e-24, nan 
-61.625, 83.625, 6.665523113250156e-24, nan 
-61.375, 83.625, 6.962780154744304e-24, nan 
-61.125, 83.625, 8.61583801767545e-24, nan 
-60.875, 83.625, 1.047644189400172e-23, nan 
-60.625, 83.625, 1.0368674522548752e-23, nan 
-60.375, 83.625, 1.0267255730922944e-23, nan 
-60.125, 83.625, 1.1801242586214607e-23, nan 
-59.875, 83.625, 1.1064572105556824e-23, nan 
-59.625, 83.625, 1.0470549056985475e-23, nan 
-59.375, 83.625, 9.796909457294771e-24, nan 
-59.125, 83.625, 1.0207680246855387e-23, nan 
-58.875, 83.625, 6.243362120837741e-24, nan 
-58.625, 83.625, 1.2313908154242693e-23, nan 
-58.375, 83.625, 1.3700645970271872e-23, nan 
-58.125, 83.625, 1.4429312692359553e-23, nan 
-57.875, 83.625, 1.6748895943320435e-23, nan 
-57.625, 83.625, 1.832212311333882e-23, nan 
-57.375, 83.625, 1.8710144136095638e-23, nan 
-57.125, 83.625, 1.8151949131665885e-23, nan 
-56.875, 83.625, 1.7462248238154304e-23, nan 
-56.625, 83.625, 1.3759452629004777e-23, nan 
-56.375, 83.625, 1.4714903413868306e-23, nan 
-56.125, 83.625, 1.5876240358689914e-23, nan 
-55.875, 83.625, 1.6609490767166754e-23, nan 
-55.625, 83.625, 1.82775169306462e-23, nan 
-55.375, 83.625, 2.0019806655784023e-23, nan 
-55.125, 83.625, 2.0565646468602305e-23, nan 
-54.875, 83.625, 1.9708646887611493e-23, nan 
-54.625, 83.625, 1.9518556936230945e-23, nan 
-54.375, 83.625, 1.8080743205424906e-23, nan 
-54.125, 83.625, 1.5136593080376893e-23, nan 
-53.875, 83.625, 1.453619021212161e-23, nan 
-53.625, 83.625, 1.347532391413268e-23, nan 
-53.375, 83.625, 1.3408245737637477e-23, nan 
-53.125, 83.625, 1.4091745058184816e-23, nan 
-52.875, 83.625, 2.2740699692964046e-23, nan 
-52.625, 83.625, 2.3459486362341108e-23, nan 
-52.375, 83.625, 1.4138798486854108e-23, nan 
-52.125, 83.625, 1.5398244012936914e-23, nan 
-51.875, 83.625, 1.6473968545832542e-23, nan 
-51.625, 83.625, 1.6503181848875728e-23, nan 
-51.375, 83.625, 1.815184453798879e-23, nan 
-51.125, 83.625, 1.8864905405932146e-23, nan 
-50.875, 83.625, 2.0688914079471025e-23, nan 
-50.625, 83.625, 2.3919707094907115e-23, nan 
-50.375, 83.625, 2.0961757839819695e-23, nan 
-50.125, 83.625, 1.5461245426450407e-23, nan 
-49.875, 83.625, 1.6428905613329278e-23, nan 
-49.625, 83.625, 1.9047138097696508e-23, nan 
-49.375, 83.625, 1.4725400380070437e-23, nan 
-49.125, 83.625, 1.7327059179524612e-23, nan 
-48.875, 83.625, 1.8082565479313926e-23, nan 
-48.625, 83.625, 1.9355570466361885e-23, nan 
-48.375, 83.625, 1.8014004018625948e-23, nan 
-48.125, 83.625, 1.7647738454522815e-23, nan 
-47.875, 83.625, 1.8072132182356468e-23, nan 
-47.625, 83.625, 1.6755483836363373e-23, nan 
-47.375, 83.625, 1.465614258269923e-23, nan 
-47.125, 83.625, 1.6352040146720677e-23, nan 
-46.875, 83.625, 1.7101984016484892e-23, nan 
-46.625, 83.625, 1.6102797203350927e-23, nan 
-46.375, 83.625, 1.5616187730936498e-23, nan 
-46.125, 83.625, 1.562054766958354e-23, nan 
-45.875, 83.625, 1.6059440017027903e-23, nan 
-45.625, 83.625, 1.6168412725239767e-23, nan 
-45.375, 83.625, 1.5093208354325807e-23, nan 
-45.125, 83.625, 1.2743560859691844e-23, nan 
-44.875, 83.625, 1.2229206833291486e-23, nan 
-44.625, 83.625, 1.2014208668671365e-23, nan 
-44.375, 83.625, 1.052001217436779e-23, nan 
-44.125, 83.625, 8.036127333814795e-24, nan 
-43.875, 83.625, 8.027800717727135e-24, nan 
-43.625, 83.625, 7.681126415856309e-24, nan 
-43.375, 83.625, 7.18860844021187e-24, nan 
-43.125, 83.625, 6.508287850493333e-24, nan 
-42.875, 83.625, 6.216127031247681e-24, nan 
-42.625, 83.625, 5.8232729140728695e-24, nan 
-42.375, 83.625, 4.893655283705596e-24, nan 
-42.125, 83.625, 4.1381222243150225e-24, nan 
-41.875, 83.625, 3.961541430626934e-24, nan 
-41.625, 83.625, 3.677502754114589e-24, nan 
-41.375, 83.625, 3.5121860040444186e-24, nan 
-41.125, 83.625, 3.377523382912919e-24, nan 
-40.875, 83.625, 4.047677019251528e-24, nan 
-40.625, 83.625, 3.9697184539686956e-24, nan 
-40.375, 83.625, 4.500674391959924e-24, nan 
-40.125, 83.625, 5.475192874020256e-24, nan 
-39.875, 83.625, 4.9713212953050864e-24, nan 
-39.625, 83.625, 5.5185399378325964e-24, nan 
-39.375, 83.625, 5.6175459780350794e-24, nan 
-39.125, 83.625, 5.568372751908907e-24, nan 
-38.875, 83.625, 5.613101304651418e-24, nan 
-38.625, 83.625, 5.511354806589251e-24, nan 
-38.375, 83.625, 5.7904041862958124e-24, nan 
-38.125, 83.625, 6.228084117175624e-24, nan 
-37.875, 83.625, 6.5723635805725445e-24, nan 
-37.625, 83.625, 6.4349582930926206e-24, nan 
-37.375, 83.625, 6.364413809249796e-24, nan 
-37.125, 83.625, 6.3605828222422974e-24, nan 
-36.875, 83.625, 6.4031482231924575e-24, nan 
-36.625, 83.625, 6.415525633006491e-24, nan 
-36.375, 83.625, 8.77646684215674e-24, nan 
-36.125, 83.625, 9.161519382605013e-24, nan 
-35.875, 83.625, 1.0816546503204177e-23, nan 
-35.625, 83.625, 1.2482211823494931e-23, nan 
-35.375, 83.625, 1.2689766095399683e-23, nan 
-35.125, 83.625, 1.1794332572599422e-23, nan 
-34.875, 83.625, 1.1433080851346749e-23, nan 
-34.625, 83.625, 1.2080108576021593e-23, nan 
-34.375, 83.625, 1.1947512837488428e-23, nan 
-34.125, 83.625, 1.2274480224664459e-23, nan 
-33.875, 83.625, 1.2771965685319071e-23, nan 
-33.625, 83.625, 1.2739864737165691e-23, nan 
-33.375, 83.625, 1.4713416929397982e-23, nan 
-33.125, 83.625, 1.5705389700532006e-23, nan 
-32.875, 83.625, 1.6194564511697067e-23, nan 
-32.625, 83.625, 1.6872951486143058e-23, nan 
-32.375, 83.625, 1.7534307919150402e-23, nan 
-32.125, 83.625, 1.737092102985816e-23, nan 
-31.875, 83.625, 1.676242743231918e-23, nan 
-31.625, 83.625, 1.630305879027185e-23, nan 
-31.375, 83.625, 1.5388358392550905e-23, nan 
-31.125, 83.625, 1.574911856424591e-23, nan 
-30.875, 83.625, 1.6678138185646085e-23, nan 
-30.625, 83.625, 1.6209257300038732e-23, nan 
-30.375, 83.625, 1.731163682349751e-23, nan 
-30.125, 83.625, 1.8054132737737194e-23, nan 
-29.875, 83.625, 1.8137020872237446e-23, nan 
-29.625, 83.625, 1.7543473922099334e-23, nan 
-29.375, 83.625, 1.6943704992634124e-23, nan 
-29.125, 83.625, 1.595548386663756e-23, nan 
-28.875, 83.625, 1.2598736502013063e-23, nan 
-28.625, 83.625, 1.2580937410564871e-23, nan 
-28.375, 83.625, 1.3591566164273402e-23, nan 
-28.125, 83.625, 1.306571588660754e-23, nan 
-27.875, 83.625, 1.1310924365186338e-23, nan 
-27.625, 83.625, 1.1843164420041783e-23, nan 
-27.375, 83.625, 1.255487606900585e-23, nan 
-27.125, 83.625, 1.374757668214329e-23, nan 
-26.875, 83.625, 1.5543220214662762e-23, nan 
-26.625, 83.625, 1.5386032179447842e-23, nan 
-26.375, 83.625, 1.0732181057054591e-23, nan 
-26.125, 83.625, 8.17606022697864e-24, nan 
-25.875, 83.625, 8.594255553976557e-24, nan 
-25.625, 83.625, 1.0217019405206668e-23, nan 
-25.375, 83.625, 9.685873530998032e-24, nan 
-25.125, 83.625, 1.0184939074884343e-23, nan 
-24.875, 83.625, 1.0503580591648661e-23, nan 
-24.625, 83.625, 1.0805793406710803e-23, nan 
-24.375, 83.625, 1.0300631575918807e-23, nan 
-24.125, 83.625, 9.426733792981871e-24, nan 
-23.875, 83.625, 9.541934042904195e-24, nan 
-23.625, 83.625, 1.0424294397715313e-23, nan 
-23.375, 83.625, 1.1169227535984484e-23, nan 
-23.125, 83.625, 1.0185914837341224e-23, nan 
-22.875, 83.625, 9.289209116431608e-24, nan 
-22.625, 83.625, 8.515387517675794e-24, nan 
-22.375, 83.625, 9.144631836303355e-24, nan 
-22.125, 83.625, 9.245096437603874e-24, nan 
-21.875, 83.625, 8.493131014864282e-24, nan 
-21.625, 83.625, 8.734993710235686e-24, nan 
-21.375, 83.625, 8.466118021730059e-24, nan 
-21.125, 83.625, 8.822499102899398e-24, nan 
-20.875, 83.625, 8.140114320913228e-24, nan 
-20.625, 83.625, 8.036924556790103e-24, nan 
-20.375, 83.625, 8.475349816295452e-24, nan 
-20.125, 83.625, 8.099499396428588e-24, nan 
-19.875, 83.625, 8.099152792111357e-24, nan 
-19.625, 83.625, 8.385183072798796e-24, nan 
-19.375, 83.625, 9.577860285412389e-24, nan 
-19.125, 83.625, 9.853243461934164e-24, nan 
-18.875, 83.625, 1.0408918220666672e-23, nan 
-18.625, 83.625, 1.0034188515692632e-23, nan 
-18.375, 83.625, 9.390327735750776e-24, nan 
-18.125, 83.625, 9.23676080879762e-24, nan 
-17.875, 83.625, 9.439600616576447e-24, nan 
-17.625, 83.625, 9.065623244154927e-24, nan 
-17.375, 83.625, 8.42457823432092e-24, nan 
-17.125, 83.625, 8.352928084907266e-24, nan 
-16.875, 83.625, 1.0001020357093453e-23, nan 
-16.625, 83.625, 1.221564017630141e-23, nan 
-16.375, 83.625, 1.1586394971730719e-23, nan 
-16.125, 83.625, 1.0331216432136648e-23, nan 
-15.875, 83.625, 1.0141982682348205e-23, nan 
-15.625, 83.625, 1.0541083939816051e-23, nan 
-15.375, 83.625, 1.063422930720831e-23, nan 
-15.125, 83.625, 1.115740627175023e-23, nan 
-14.875, 83.625, 1.1268718451968718e-23, nan 
-14.625, 83.625, 1.1927582580493993e-23, nan 
-14.375, 83.625, 1.2718226631232157e-23, nan 
-14.125, 83.625, 1.242713063368417e-23, nan 
-13.875, 83.625, 1.1566781866145578e-23, nan 
-13.625, 83.625, 1.0714330753264542e-23, nan 
-13.375, 83.625, 1.0659421996649307e-23, nan 
-13.125, 83.625, 1.0913810725372097e-23, nan 
-12.875, 83.625, 1.1610763135454908e-23, nan 
-12.625, 83.625, 1.1881598860065958e-23, nan 
-12.375, 83.625, 1.0493679544352523e-23, nan 
-12.125, 83.625, 9.900237540273549e-24, nan 
-11.875, 83.625, 9.334078895302943e-24, nan 
-11.625, 83.625, 8.396649261169082e-24, nan 
-11.375, 83.625, 7.764170355550613e-24, nan 
-11.125, 83.625, 6.999258266303668e-24, nan 
-10.875, 83.625, 6.845495839699284e-24, nan 
-10.625, 83.625, 6.64871735145494e-24, nan 
-10.375, 83.625, 6.967443594009922e-24, nan 
-10.125, 83.625, 6.759576878613359e-24, nan 
-9.875, 83.625, 6.4582312037483724e-24, nan 
-9.625, 83.625, 6.5397977164706046e-24, nan 
-9.375, 83.625, 6.670876870850936e-24, nan 
-9.125, 83.625, 6.562780278077746e-24, nan 
-8.875, 83.625, 6.489782380508003e-24, nan 
-8.625, 83.625, 6.552266487332072e-24, nan 
-8.375, 83.625, 6.5362552800954586e-24, nan 
-8.125, 83.625, 6.2265852573714895e-24, nan 
-7.875, 83.625, 5.714699781516235e-24, nan 
-7.625, 83.625, 5.768579990316724e-24, nan 
-7.375, 83.625, 6.245798571911107e-24, nan 
-7.125, 83.625, 6.341823017733454e-24, nan 
-6.875, 83.625, 5.5707053750509236e-24, nan 
-6.625, 83.625, 4.943724799897075e-24, nan 
-6.375, 83.625, 4.430071841829857e-24, nan 
-6.125, 83.625, 4.507837149219241e-24, nan 
-5.875, 83.625, 4.888707072973113e-24, nan 
-5.625, 83.625, 5.0484302574144575e-24, nan 
-5.375, 83.625, 5.5788366142700516e-24, nan 
-5.125, 83.625, 6.3292138755673215e-24, nan 
-4.875, 83.625, 6.186807349153206e-24, nan 
-4.625, 83.625, 6.065027202242237e-24, nan 
-4.375, 83.625, 6.837736057364371e-24, nan 
-4.125, 83.625, 8.461146173814523e-24, nan 
-3.875, 83.625, 9.08194013290132e-24, nan 
-3.625, 83.625, 8.732286685623343e-24, nan 
-3.375, 83.625, 8.165819016634023e-24, nan 
-3.125, 83.625, 8.537418384802209e-24, nan 
-2.875, 83.625, 9.606109608377394e-24, nan 
-2.625, 83.625, 9.40492712010423e-24, nan 
-2.375, 83.625, 7.868535850393014e-24, nan 
-2.125, 83.625, 8.146702141148293e-24, nan 
-1.875, 83.625, 8.581896471020599e-24, nan 
-1.625, 83.625, 8.327879155809484e-24, nan 
-1.375, 83.625, 8.11956260823511e-24, nan 
-1.125, 83.625, 8.427547576382748e-24, nan 
-0.875, 83.625, 9.053059969614395e-24, nan 
-0.625, 83.625, 9.307932563337576e-24, nan 
-0.375, 83.625, 9.351685878494072e-24, nan 
-0.125, 83.625, 9.588998137625869e-24, nan 
0.125, 83.625, 1.0092945183894023e-23, nan 
0.375, 83.625, 1.0091666721638696e-23, nan 
0.625, 83.625, 9.879085406496651e-24, nan 
0.875, 83.625, 1.0052590240323097e-23, nan 
1.125, 83.625, 1.1101170791422327e-23, nan 
1.375, 83.625, 1.268962999844878e-23, nan 
1.625, 83.625, 1.3091494230594328e-23, nan 
1.875, 83.625, 1.2261640228723243e-23, nan 
2.125, 83.625, 1.1513166940685517e-23, nan 
2.375, 83.625, 1.1864003491695946e-23, nan 
2.625, 83.625, 1.2643524449330482e-23, nan 
2.875, 83.625, 1.2734466895364503e-23, nan 
3.125, 83.625, 1.4092106208168902e-23, nan 
3.375, 83.625, 1.5489512269434748e-23, nan 
3.625, 83.625, 1.66989220721916e-23, nan 
3.875, 83.625, 1.7144526560577444e-23, nan 
4.125, 83.625, 1.4182769981645207e-23, nan 
4.375, 83.625, 1.388669048373055e-23, nan 
4.625, 83.625, 1.4990118687288562e-23, nan 
4.875, 83.625, 1.5126964839991912e-23, nan 
5.125, 83.625, 1.305871526318435e-23, nan 
5.375, 83.625, 1.1767280071094302e-23, nan 
5.625, 83.625, 1.1100276000535812e-23, nan 
5.875, 83.625, 1.1372043672694936e-23, nan 
6.125, 83.625, 1.1606921982614406e-23, nan 
6.375, 83.625, 1.1462757493213043e-23, nan 
6.625, 83.625, 1.1413917622941105e-23, nan 
6.875, 83.625, 1.2235476232536467e-23, nan 
7.125, 83.625, 1.2822916334667579e-23, nan 
7.375, 83.625, 1.0797617439088788e-23, nan 
7.625, 83.625, 1.0763999680415757e-23, nan 
7.875, 83.625, 1.1174026401204458e-23, nan 
8.125, 83.625, 1.169966110320706e-23, nan 
8.375, 83.625, 9.912393535702829e-24, nan 
8.625, 83.625, 9.586159518689329e-24, nan 
8.875, 83.625, 9.720956344640656e-24, nan 
9.125, 83.625, 9.924987730915651e-24, nan 
9.375, 83.625, 9.249409815900004e-24, nan 
9.625, 83.625, 8.86403777131061e-24, nan 
9.875, 83.625, 9.178068067979798e-24, nan 
10.125, 83.625, 9.879455655031934e-24, nan 
10.375, 83.625, 1.0289730609360638e-23, nan 
10.625, 83.625, 1.0597681205221977e-23, nan 
10.875, 83.625, 1.071387395259922e-23, nan 
11.125, 83.625, 1.0582418418591535e-23, nan 
11.375, 83.625, 1.0307733871908459e-23, nan 
11.625, 83.625, 9.931931348856484e-24, nan 
11.875, 83.625, 9.896675022051393e-24, nan 
12.125, 83.625, 9.918979012238565e-24, nan 
12.375, 83.625, 1.0408976781095947e-23, nan 
12.625, 83.625, 9.90465389398575e-24, nan 
12.875, 83.625, 8.780596497032053e-24, nan 
13.125, 83.625, 8.12572349161023e-24, nan 
13.375, 83.625, 8.842587684659038e-24, nan 
13.625, 83.625, 9.329178579064368e-24, nan 
13.875, 83.625, 9.746992475896476e-24, nan 
14.125, 83.625, 9.275881051953488e-24, nan 
14.375, 83.625, 8.586630427315819e-24, nan 
14.625, 83.625, 7.790834501898645e-24, nan 
14.875, 83.625, 8.414567618934995e-24, nan 
15.125, 83.625, 1.0443902439364463e-23, nan 
15.375, 83.625, 1.3059031158438792e-23, nan 
15.625, 83.625, 1.5619116119039883e-23, nan 
15.875, 83.625, 1.8933591413452196e-23, nan 
16.125, 83.625, 1.976971697235439e-23, nan 
16.375, 83.625, 1.7561671589312266e-23, nan 
16.625, 83.625, 1.542243085496612e-23, nan 
16.875, 83.625, 1.3782545230027312e-23, nan 
17.125, 83.625, 1.2355321719094599e-23, nan 
17.375, 83.625, 1.1576999664757408e-23, nan 
17.625, 83.625, 1.177539360741724e-23, nan 
17.875, 83.625, 1.0385619716315076e-23, nan 
18.125, 83.625, 8.987883820419127e-24, nan 
18.375, 83.625, 9.621885731458721e-24, nan 
18.625, 83.625, 1.0059915574601482e-23, nan 
18.875, 83.625, 9.620175026905772e-24, nan 
19.125, 83.625, 8.433240562889394e-24, nan 
19.375, 83.625, 7.028533945206437e-24, nan 
19.625, 83.625, 6.038729330880046e-24, nan 
19.875, 83.625, 5.6343076010501046e-24, nan 
20.125, 83.625, 6.3089233146051825e-24, nan 
20.375, 83.625, 6.433912561769505e-24, nan 
20.625, 83.625, 6.181871139944425e-24, nan 
20.875, 83.625, 5.7554803521472995e-24, nan 
21.125, 83.625, 5.377400566125527e-24, nan 
21.375, 83.625, 4.9324903455362845e-24, nan 
21.625, 83.625, 4.348659040239202e-24, nan 
21.875, 83.625, 4.34823697176399e-24, nan 
22.125, 83.625, 4.473182312696909e-24, nan 
22.375, 83.625, 5.146737301250317e-24, nan 
22.625, 83.625, 5.612395708669623e-24, nan 
22.875, 83.625, 5.88283904065042e-24, nan 
23.125, 83.625, 6.2143762061011595e-24, nan 
23.375, 83.625, 6.883823419703796e-24, nan 
23.625, 83.625, 7.595610072163246e-24, nan 
23.875, 83.625, 7.782717510329495e-24, nan 
24.125, 83.625, 7.778063013023809e-24, nan 
24.375, 83.625, 7.658959704142648e-24, nan 
24.625, 83.625, 7.784263936986104e-24, nan 
24.875, 83.625, 7.75800627572667e-24, nan 
25.125, 83.625, 7.723889066557379e-24, nan 
25.375, 83.625, 7.82408747166152e-24, nan 
25.625, 83.625, 8.430947181293467e-24, nan 
25.875, 83.625, 8.584312013545816e-24, nan 
26.125, 83.625, 8.261555039650737e-24, nan 
26.375, 83.625, 8.027371224985098e-24, nan 
26.625, 83.625, 8.091074185644356e-24, nan 
26.875, 83.625, 7.635034264025614e-24, nan 
27.125, 83.625, 7.33960885416265e-24, nan 
27.375, 83.625, 7.335346292367837e-24, nan 
27.625, 83.625, 7.156746881818183e-24, nan 
27.875, 83.625, 6.880161152385985e-24, nan 
28.125, 83.625, 6.515980365294383e-24, nan 
28.375, 83.625, 6.5522335098531204e-24, nan 
28.625, 83.625, 6.198834285401466e-24, nan 
28.875, 83.625, 6.066056884858574e-24, nan 
29.125, 83.625, 5.946364893021197e-24, nan 
29.375, 83.625, 5.7129518125986036e-24, nan 
29.625, 83.625, 5.527442271120212e-24, nan 
29.875, 83.625, 5.2052951733336065e-24, nan 
30.125, 83.625, 5.000755645262317e-24, nan 
30.375, 83.625, 4.9772225386825924e-24, nan 
30.625, 83.625, 4.9338841902668805e-24, nan 
30.875, 83.625, 4.6457382043863676e-24, nan 
31.125, 83.625, 4.620399997589519e-24, nan 
31.375, 83.625, 4.478566253873237e-24, nan 
31.625, 83.625, 4.2880475590957785e-24, nan 
31.875, 83.625, 4.184369031332548e-24, nan 
32.125, 83.625, 4.20925494589676e-24, nan 
32.375, 83.625, 4.286136015401108e-24, nan 
32.625, 83.625, 4.3339598474237e-24, nan 
32.875, 83.625, 4.456007851594365e-24, nan 
33.125, 83.625, 4.308274752810408e-24, nan 
33.375, 83.625, 4.226371391913788e-24, nan 
33.625, 83.625, 4.525693935433367e-24, nan 
33.875, 83.625, 4.551261416451789e-24, nan 
34.125, 83.625, 4.516634599483539e-24, nan 
34.375, 83.625, 4.337275633086239e-24, nan 
34.625, 83.625, 4.334578430365882e-24, nan 
34.875, 83.625, 4.321592659613966e-24, nan 
35.125, 83.625, 4.201814256182745e-24, nan 
35.375, 83.625, 4.2019680045124254e-24, nan 
35.625, 83.625, 3.97253054627688e-24, nan 
35.875, 83.625, 4.088851862255368e-24, nan 
36.125, 83.625, 4.223596714015846e-24, nan 
36.375, 83.625, 4.170442817873688e-24, nan 
36.625, 83.625, 4.067762767751651e-24, nan 
36.875, 83.625, 3.651267701543008e-24, nan 
37.125, 83.625, 3.331856382659207e-24, nan 
37.375, 83.625, 3.0250815092116284e-24, nan 
37.625, 83.625, 3.134878032371962e-24, nan 
37.875, 83.625, 3.163669205171845e-24, nan 
38.125, 83.625, 2.899590434073789e-24, nan 
38.375, 83.625, 3.0752763884432732e-24, nan 
38.625, 83.625, 3.179257913280186e-24, nan 
38.875, 83.625, 3.404836498632284e-24, nan 
39.125, 83.625, 3.592558400256472e-24, nan 
39.375, 83.625, 3.902041004796158e-24, nan 
39.625, 83.625, 4.309274940185838e-24, nan 
39.875, 83.625, 4.458789835640898e-24, nan 
40.125, 83.625, 5.17401782431047e-24, nan 
40.375, 83.625, 5.317682373852352e-24, nan 
40.625, 83.625, 5.629813269274784e-24, nan 
40.875, 83.625, 5.851511007661004e-24, nan 
41.125, 83.625, 6.75059902089326e-24, nan 
41.375, 83.625, 7.784499769083799e-24, nan 
41.625, 83.625, 8.21996495175491e-24, nan 
41.875, 83.625, 8.607403212230984e-24, nan 
42.125, 83.625, 8.733669028316553e-24, nan 
42.375, 83.625, 9.915767559457725e-24, nan 
42.625, 83.625, 1.2606199210194424e-23, nan 
42.875, 83.625, 1.3804677131416178e-23, nan 
43.125, 83.625, 1.4532682771911362e-23, nan 
43.375, 83.625, 1.90404438882025e-23, nan 
43.625, 83.625, 2.373937395815489e-23, nan 
43.875, 83.625, 2.4797885341561988e-23, nan 
44.125, 83.625, 2.562774669274413e-23, nan 
44.375, 83.625, 2.957394865029032e-23, nan 
44.625, 83.625, 3.4033492087775486e-23, nan 
44.875, 83.625, 3.3184828463160295e-23, nan 
45.125, 83.625, 3.2510566116945875e-23, nan 
45.375, 83.625, 3.2610714874525324e-23, nan 
45.625, 83.625, 3.203259918922856e-23, nan 
45.875, 83.625, 3.600096517924333e-23, nan 
46.125, 83.625, 3.2804367722018784e-23, nan 
46.375, 83.625, 3.093871943813531e-23, nan 
46.625, 83.625, 3.4696939215301906e-23, nan 
46.875, 83.625, 3.767489484336611e-23, nan 
47.125, 83.625, 3.826288924132474e-23, nan 
47.375, 83.625, 4.118365977913099e-23, nan 
47.625, 83.625, 4.5343493279465786e-23, nan 
47.875, 83.625, 4.259913355317069e-23, nan 
48.125, 83.625, 4.157806397592821e-23, nan 
48.375, 83.625, 5.194155983446617e-23, nan 
48.625, 83.625, 5.872600889782722e-23, nan 
48.875, 83.625, 5.1351192418374327e-23, nan 
49.125, 83.625, 4.4532643383132894e-23, nan 
49.375, 83.625, 5.678147963917258e-23, nan 
49.625, 83.625, 6.699397414703743e-23, nan 
49.875, 83.625, 6.547206704261703e-23, nan 
50.125, 83.625, 5.916127783000301e-23, nan 
50.375, 83.625, 6.769127909586981e-23, nan 
50.625, 83.625, 8.595403664385484e-23, nan 
50.875, 83.625, 9.543649274249873e-23, nan 
51.125, 83.625, 7.113373171279928e-23, nan 
51.375, 83.625, 6.327405690764905e-23, nan 
51.625, 83.625, 9.421208100330784e-23, nan 
51.875, 83.625, 1.1643853034571269e-22, nan 
52.125, 83.625, 9.325930368445213e-23, nan 
52.375, 83.625, 8.789872949553633e-23, nan 
52.625, 83.625, 1.2869384997726845e-22, nan 
52.875, 83.625, 1.3071600483202213e-22, nan 
53.125, 83.625, 1.1893434964312552e-22, nan 
53.375, 83.625, 1.0256225992443919e-22, nan 
53.625, 83.625, 1.0325957094927679e-22, nan 
53.875, 83.625, 5.585745513526389e-23, nan 
54.125, 83.625, 7.018998531940653e-23, nan 
54.375, 83.625, 6.759406911968085e-23, nan 
54.625, 83.625, 6.369687678729165e-23, nan 
54.875, 83.625, 9.584723152583458e-23, nan 
55.125, 83.625, 1.1351037602843777e-22, nan 
55.375, 83.625, 9.583441706477784e-23, nan 
55.625, 83.625, 8.297268310624525e-23, nan 
55.875, 83.625, 8.426904412018432e-23, nan 
56.125, 83.625, 6.039336824941338e-23, nan 
56.375, 83.625, 5.749004201087775e-23, nan 
56.625, 83.625, 6.849061700983272e-23, nan 
56.875, 83.625, 6.279541433599324e-23, nan 
57.125, 83.625, 3.635411492772186e-23, nan 
57.375, 83.625, 4.258175569116452e-23, nan 
57.625, 83.625, 4.4546116743403934e-23, nan 
57.875, 83.625, 4.4841925691111487e-23, nan 
58.125, 83.625, 4.453345301372106e-23, nan 
58.375, 83.625, 5.025408840524847e-23, nan 
58.625, 83.625, 5.1787894587450846e-23, nan 
58.875, 83.625, 5.0067925674610054e-23, nan 
59.125, 83.625, 4.892965205023937e-23, nan 
59.375, 83.625, 4.968824369359039e-23, nan 
59.625, 83.625, 5.0135922798371116e-23, nan 
59.875, 83.625, 4.7705977015318857e-23, nan 
60.125, 83.625, 5.428833225251245e-23, nan 
60.375, 83.625, 5.240123878323383e-23, nan 
60.625, 83.625, 5.0786361853296747e-23, nan 
60.875, 83.625, 5.356131750967282e-23, nan 
61.125, 83.625, 5.34261250969722e-23, nan 
61.375, 83.625, 5.137377476956178e-23, nan 
61.625, 83.625, 5.2505884920560053e-23, nan 
61.875, 83.625, 5.345014693088389e-23, nan 
62.125, 83.625, 5.706668074701863e-23, nan 
62.375, 83.625, 5.0578403962844546e-23, nan 
62.625, 83.625, 5.013325280124177e-23, nan 
62.875, 83.625, 4.873042442081447e-23, nan 
63.125, 83.625, 6.267626744171303e-23, nan 
63.375, 83.625, 5.730180968610865e-23, nan 
63.625, 83.625, 3.808423206940382e-23, nan 
63.875, 83.625, 5.2603729957068835e-23, nan 
64.125, 83.625, 6.047765454498656e-23, nan 
64.375, 83.625, 9.959647633623046e-23, nan 
64.625, 83.625, 1.1133626850237597e-22, nan 
64.875, 83.625, 9.10058824217332e-23, nan 
65.125, 83.625, 1.183107125646215e-22, nan 
65.375, 83.625, 1.1387708966828818e-22, nan 
65.625, 83.625, 1.2098313145509655e-22, nan 
65.875, 83.625, 1.2698710036310743e-22, nan 
66.125, 83.625, 1.3136082386846182e-22, nan 
66.375, 83.625, 1.1742875701988026e-22, nan 
66.625, 83.625, 1.2202368530440896e-22, nan 
66.875, 83.625, 1.28621218997656e-22, nan 
67.125, 83.625, 1.463477282581365e-22, nan 
67.375, 83.625, 1.5911631800359378e-22, nan 
67.625, 83.625, 1.7397522640048443e-22, nan 
67.875, 83.625, 1.9352933514845207e-22, nan 
68.125, 83.625, 2.0850446243172125e-22, nan 
68.375, 83.625, 2.0448420700068276e-22, nan 
68.625, 83.625, 1.4912824778064367e-22, nan 
68.875, 83.625, 1.4980738490109185e-22, nan 
69.125, 83.625, 1.6219192615325935e-22, nan 
69.375, 83.625, 1.7915215419426172e-22, nan 
69.625, 83.625, 1.6908302827560478e-22, nan 
69.875, 83.625, 1.5473765980253122e-22, nan 
70.125, 83.625, 1.4878933891679892e-22, nan 
70.375, 83.625, 1.5177274208030145e-22, nan 
70.625, 83.625, 1.4883428674646212e-22, nan 
70.875, 83.625, 9.982213865019873e-23, nan 
71.125, 83.625, 7.539928960844278e-23, nan 
71.375, 83.625, 6.753924900731385e-23, nan 
71.625, 83.625, 6.539622282735589e-23, nan 
71.875, 83.625, 6.40593866979727e-23, nan 
72.125, 83.625, 6.999855761304621e-23, nan 
72.375, 83.625, 7.295794518257577e-23, nan 
72.625, 83.625, 7.304981336343425e-23, nan 
72.875, 83.625, 7.474164893249003e-23, nan 
73.125, 83.625, 9.397474139663424e-23, nan 
73.375, 83.625, 1.0632595121029452e-22, nan 
73.625, 83.625, 1.0720084786688335e-22, nan 
73.875, 83.625, 1.213758749322147e-22, nan 
74.125, 83.625, 1.3265275897693782e-22, nan 
74.375, 83.625, 1.3860483882154502e-22, nan 
74.625, 83.625, 1.4261888061966174e-22, nan 
74.875, 83.625, 1.468365927965467e-22, nan 
75.125, 83.625, 1.387810633930982e-22, nan 
75.375, 83.625, 1.759121435422988e-22, nan 
75.625, 83.625, 8.444856017542066e-23, nan 
75.875, 83.625, 1.134392571060601e-22, nan 
76.125, 83.625, 1.4152778675941418e-22, nan 
76.375, 83.625, 1.690054237057123e-22, nan 
76.625, 83.625, 1.7013125821448895e-22, nan 
76.875, 83.625, 1.8107673833429761e-22, nan 
77.125, 83.625, 1.8548060738152923e-22, nan 
77.375, 83.625, 1.6899343405654806e-22, nan 
77.625, 83.625, 2.1926972064247683e-22, nan 
77.875, 83.625, 1.7673259794551907e-22, nan 
78.125, 83.625, 1.0378206223072217e-22, nan 
78.375, 83.625, 9.936629335935229e-23, nan 
78.625, 83.625, 7.494359954868331e-23, nan 
78.875, 83.625, 7.386755599249986e-23, nan 
79.125, 83.625, 7.546665526871313e-23, nan 
79.375, 83.625, 7.494932074331001e-23, nan 
79.625, 83.625, 7.383580896131824e-23, nan 
79.875, 83.625, 8.414989514212895e-23, nan 
80.125, 83.625, 9.604871011374963e-23, nan 
80.375, 83.625, 8.803671299384386e-23, nan 
80.625, 83.625, 1.0019531030734303e-22, nan 
80.875, 83.625, 1.3213842969574022e-22, nan 
81.125, 83.625, 1.3635709630667858e-22, nan 
81.375, 83.625, 1.1672132969749265e-22, nan 
81.625, 83.625, 1.1035495818725705e-22, nan 
81.875, 83.625, 1.3819239206466648e-22, nan 
82.125, 83.625, 2.051900639472661e-22, nan 
82.375, 83.625, 1.6314557720920608e-22, nan 
82.625, 83.625, 1.6184271630611837e-22, nan 
82.875, 83.625, 1.9978166954159713e-22, nan 
83.125, 83.625, 2.136758254660833e-22, nan 
83.375, 83.625, 1.829187054914438e-22, nan 
83.625, 83.625, 2.210118038621368e-22, nan 
83.875, 83.625, 2.5426159222989533e-22, nan 
84.125, 83.625, 1.113239526245283e-22, nan 
84.375, 83.625, 6.856478314400787e-23, nan 
84.625, 83.625, 8.618964693501418e-23, nan 
84.875, 83.625, 7.401091559351882e-23, nan 
85.125, 83.625, 7.093028915067677e-23, nan 
85.375, 83.625, 8.021919484408482e-23, nan 
85.625, 83.625, 1.00571207883529e-22, nan 
85.875, 83.625, 1.2199791728000822e-22, nan 
86.125, 83.625, 1.1607244651439727e-22, nan 
86.375, 83.625, 1.568351239215405e-22, nan 
86.625, 83.625, 2.4341119353185926e-22, nan 
86.875, 83.625, 1.7253226993473232e-22, nan 
87.125, 83.625, 1.4602479503646871e-22, nan 
87.375, 83.625, 1.4441964124946061e-22, nan 
87.625, 83.625, 1.3487314831772125e-22, nan 
87.875, 83.625, 1.0118184080184391e-22, nan 
88.125, 83.625, 1.1542122450141077e-22, nan 
88.375, 83.625, 1.0351908882533273e-22, nan 
88.625, 83.625, 1.6850774006271193e-22, nan 
88.875, 83.625, 2.3230272818926177e-22, nan 
89.125, 83.625, 1.87648550642519e-22, nan 
89.375, 83.625, 1.5839289475638524e-22, nan 
89.625, 83.625, 1.870071356364781e-22, nan 
89.875, 83.625, 2.0204721117815632e-22, nan 
90.125, 83.625, 1.496074175759832e-22, nan 
90.375, 83.625, 2.12870148719349e-22, nan 
90.625, 83.625, 3.7617468317792988e-22, nan 
90.875, 83.625, 2.8932784897816837e-22, nan 
91.125, 83.625, 3.1720123219205523e-22, nan 
91.375, 83.625, 2.121145482835417e-22, nan 
91.625, 83.625, 3.4537771558732795e-22, nan 
91.875, 83.625, 3.168525300122127e-22, nan 
92.125, 83.625, 2.1997424348551707e-22, nan 
92.375, 83.625, 1.9904156839684016e-22, nan 
92.625, 83.625, 3.1925432239375737e-22, nan 
92.875, 83.625, 7.541048427649539e-22, nan 
93.125, 83.625, 4.5306657334248505e-22, nan 
93.375, 83.625, 2.8170363025038575e-22, nan 
93.625, 83.625, 2.905330067799788e-22, nan 
93.875, 83.625, 3.4246083676007106e-22, nan 
94.125, 83.625, 2.630544708844182e-22, nan 
94.375, 83.625, 2.9449986587355675e-22, nan 
94.625, 83.625, 3.4634939426874577e-22, nan 
94.875, 83.625, 5.204814673475498e-22, nan 
95.125, 83.625, 5.723246488177065e-22, nan 
95.375, 83.625, 3.830707447101374e-22, nan 
95.625, 83.625, 3.1427537260689537e-22, nan 
95.875, 83.625, 3.5710937761436667e-22, nan 
96.125, 83.625, 4.961732016126119e-22, nan 
96.375, 83.625, 4.792552176861768e-22, nan 
96.625, 83.625, 4.587947878204788e-22, nan 
96.875, 83.625, 4.83716891691002e-22, nan 
97.125, 83.625, 7.424742423159512e-22, nan 
97.375, 83.625, 6.118244682055158e-22, nan 
97.625, 83.625, 5.440301448775386e-22, nan 
97.875, 83.625, 5.568856394282965e-22, nan 
98.125, 83.625, 5.421553103132339e-22, nan 
98.375, 83.625, 7.347062550146725e-22, nan 
98.625, 83.625, 7.496994401026209e-22, nan 
98.875, 83.625, 6.446377697367398e-22, nan 
99.125, 83.625, 5.556666354454662e-22, nan 
99.375, 83.625, 6.157639887623918e-22, nan 
99.625, 83.625, 7.970622827571528e-22, nan 
99.875, 83.625, 8.93238252102044e-22, nan 
100.125, 83.625, 8.956012835575663e-22, nan 
100.375, 83.625, 8.408357462125506e-22, nan 
100.625, 83.625, 7.626068293898871e-22, nan 
100.875, 83.625, 8.15540396587419e-22, nan 
101.125, 83.625, 8.310693216416257e-22, nan 
101.375, 83.625, 7.998756538039742e-22, nan 
101.625, 83.625, 7.3562387342351e-22, nan 
101.875, 83.625, 7.622349166041792e-22, nan 
102.125, 83.625, 8.044147239327854e-22, nan 
102.375, 83.625, 8.77968080814931e-22, nan 
102.625, 83.625, 8.220399009889438e-22, nan 
102.875, 83.625, 6.625099569284553e-22, nan 
103.125, 83.625, 6.043097992628225e-22, nan 
103.375, 83.625, 6.8496801930999155e-22, nan 
103.625, 83.625, 6.296226306871594e-22, nan 
103.875, 83.625, 5.413755850957321e-22, nan 
104.125, 83.625, 4.678785082942016e-22, nan 
104.375, 83.625, 4.610949531995369e-22, nan 
104.625, 83.625, 4.890192205550034e-22, nan 
104.875, 83.625, 4.46817122747086e-22, nan 
105.125, 83.625, 4.213140048245467e-22, nan 
105.375, 83.625, 4.003622046000821e-22, nan 
105.625, 83.625, 3.885627370683866e-22, nan 
105.875, 83.625, 3.8589914502907523e-22, nan 
106.125, 83.625, 4.02655988454804e-22, nan 
106.375, 83.625, 5.73767924477167e-22, nan 
106.625, 83.625, 7.226263413366127e-22, nan 
106.875, 83.625, 9.609437110319222e-22, nan 
107.125, 83.625, 1.077977738184621e-21, nan 
107.375, 83.625, 1.0300466631123128e-21, nan 
107.625, 83.625, 9.892099217655476e-22, nan 
107.875, 83.625, 1.1484912747747998e-21, nan 
108.125, 83.625, 1.2560877254176933e-21, nan 
108.375, 83.625, 1.1622708084156849e-21, nan 
108.625, 83.625, 1.0448280261998839e-21, nan 
108.875, 83.625, 8.198290803913007e-22, nan 
109.125, 83.625, 7.996940337429876e-22, nan 
109.375, 83.625, 1.1106438884172352e-21, nan 
109.625, 83.625, 9.147075929298273e-22, nan 
109.875, 83.625, 7.134887030088281e-22, nan 
110.125, 83.625, 8.467142004381201e-22, nan 
110.375, 83.625, 9.900356395598652e-22, nan 
110.625, 83.625, 9.024403858371313e-22, nan 
110.875, 83.625, 6.375988264524945e-22, nan 
111.125, 83.625, 5.344710252581856e-22, nan 
111.375, 83.625, 6.064557569849371e-22, nan 
111.625, 83.625, 8.254333261089035e-22, nan 
111.875, 83.625, 7.371290085814809e-22, nan 
112.125, 83.625, 6.401346009621336e-22, nan 
112.375, 83.625, 7.170112609757056e-22, nan 
112.625, 83.625, 8.800771649208304e-22, nan 
112.875, 83.625, 8.50849969754122e-22, nan 
113.125, 83.625, 7.996443858465032e-22, nan 
113.375, 83.625, 9.615493230295879e-22, nan 
113.625, 83.625, 1.0262188386021698e-21, nan 
113.875, 83.625, 9.768356768947649e-22, nan 
114.125, 83.625, 7.634210460154015e-22, nan 
114.375, 83.625, 1.1450562101861088e-21, nan 
114.625, 83.625, 1.239827754023554e-21, nan 
114.875, 83.625, 1.3820081640869566e-21, nan 
115.125, 83.625, 1.4043210715933201e-21, nan 
115.375, 83.625, 1.4166214442393687e-21, nan 
115.625, 83.625, 1.401642717667897e-21, nan 
115.875, 83.625, 1.3582684085221874e-21, nan 
116.125, 83.625, 1.2862878103137485e-21, nan 
116.375, 83.625, 1.302155935628601e-21, nan 
116.625, 83.625, 1.3074749850852774e-21, nan 
116.875, 83.625, 1.3379150430383457e-21, nan 
117.125, 83.625, 1.7392402214142625e-21, nan 
117.375, 83.625, 1.727637211271008e-21, nan 
117.625, 83.625, 1.7395742734941334e-21, nan 
117.875, 83.625, 1.7772019310415987e-21, nan 
118.125, 83.625, 2.044405695308848e-21, nan 
118.375, 83.625, 1.9373883280142596e-21, nan 
118.625, 83.625, 1.6688953830583818e-21, nan 
118.875, 83.625, 1.6957398115903137e-21, nan 
119.125, 83.625, 1.793766615100736e-21, nan 
119.375, 83.625, 2.5758475098352863e-21, nan 
119.625, 83.625, 2.4211906146610887e-21, nan 
119.875, 83.625, 2.187227139886013e-21, nan 
120.125, 83.625, 2.1604142528905882e-21, nan 
120.375, 83.625, 1.8266555845669866e-21, nan 
120.625, 83.625, 1.5564744737232325e-21, nan 
120.875, 83.625, 7.975178020240213e-22, nan 
121.125, 83.625, 9.410536939862902e-22, nan 
121.375, 83.625, 1.1601092362106725e-21, nan 
121.625, 83.625, 9.282322781474504e-22, nan 
121.875, 83.625, 9.883367500303355e-22, nan 
122.125, 83.625, 1.014697312657854e-21, nan 
122.375, 83.625, 3.103091370077351e-22, nan 
122.625, 83.625, 5.389715648987418e-22, nan 
122.875, 83.625, 4.755346945803438e-22, nan 
123.125, 83.625, 1.598443928948e-21, nan 
123.375, 83.625, 1.927114022849554e-21, nan 
123.625, 83.625, 1.8965942905594153e-21, nan 
123.875, 83.625, 1.7386319690780397e-21, nan 
124.125, 83.625, 1.634095333218242e-21, nan 
124.375, 83.625, 1.5915678616496389e-21, nan 
124.625, 83.625, 1.4509855807393895e-21, nan 
124.875, 83.625, 1.3904901482212861e-21, nan 
125.125, 83.625, 1.2733535502499726e-21, nan 
125.375, 83.625, 1.2193085537049958e-21, nan 
125.625, 83.625, 1.2294392325491163e-21, nan 
125.875, 83.625, 1.0030695912196617e-21, nan 
126.125, 83.625, 7.72617430997753e-22, nan 
126.375, 83.625, 8.574530979392513e-22, nan 
126.625, 83.625, 9.129561649430314e-22, nan 
126.875, 83.625, 8.968411295433295e-22, nan 
127.125, 83.625, 9.468694586941183e-22, nan 
127.375, 83.625, 1.009324727002842e-21, nan 
127.625, 83.625, 1.026099757998106e-21, nan 
127.875, 83.625, 7.767346622820913e-22, nan 
128.125, 83.625, 6.566633854525188e-22, nan 
128.375, 83.625, 8.548938922097155e-22, nan 
128.625, 83.625, 9.665032666651042e-22, nan 
128.875, 83.625, 7.149476089616431e-22, nan 
129.125, 83.625, 6.303787787279451e-22, nan 
129.375, 83.625, 7.069598942483581e-22, nan 
129.625, 83.625, 8.120397824098806e-22, nan 
129.875, 83.625, 8.522565792922641e-22, nan 
130.125, 83.625, 7.980837312004523e-22, nan 
130.375, 83.625, 7.773681131284045e-22, nan 
130.625, 83.625, 5.877050787250396e-22, nan 
130.875, 83.625, 5.891481202628602e-22, nan 
131.125, 83.625, 5.903033693827509e-22, nan 
131.375, 83.625, 5.651108191924694e-22, nan 
131.625, 83.625, 5.970366614111251e-22, nan 
131.875, 83.625, 6.159128262883523e-22, nan 
132.125, 83.625, 6.1811207260757e-22, nan 
132.375, 83.625, 6.039218316479611e-22, nan 
132.625, 83.625, 6.172230550443954e-22, nan 
132.875, 83.625, 4.9424580445962235e-22, nan 
133.125, 83.625, 3.97613777589978e-22, nan 
133.375, 83.625, 5.031226127556638e-22, nan 
133.625, 83.625, 5.16941023340414e-22, nan 
133.875, 83.625, 4.611209616912865e-22, nan 
134.125, 83.625, 4.543172490376662e-22, nan 
134.375, 83.625, 3.169963644385558e-22, nan 
134.625, 83.625, 2.5200740443799787e-22, nan 
134.875, 83.625, 2.2508785165778457e-22, nan 
135.125, 83.625, 2.0155692502013261e-22, nan 
135.375, 83.625, 1.9425241580281002e-22, nan 
135.625, 83.625, 2.0838464254112772e-22, nan 
135.875, 83.625, 2.249403623694218e-22, nan 
136.125, 83.625, 2.124330847836848e-22, nan 
136.375, 83.625, 1.9141586617998557e-22, nan 
136.625, 83.625, 2.2022350569660094e-22, nan 
136.875, 83.625, 2.7034593008852777e-22, nan 
137.125, 83.625, 2.4231135449762536e-22, nan 
137.375, 83.625, 1.9869548444637862e-22, nan 
137.625, 83.625, 3.278501211432277e-22, nan 
137.875, 83.625, 4.1291036804370276e-22, nan 
138.125, 83.625, 3.7025593894309925e-22, nan 
138.375, 83.625, 3.316255902476885e-22, nan 
138.625, 83.625, 3.5735629825434147e-22, nan 
138.875, 83.625, 3.344063509003999e-22, nan 
139.125, 83.625, 2.460778643273712e-22, nan 
139.375, 83.625, 1.7951994753037496e-22, nan 
139.625, 83.625, 1.8755290585386628e-22, nan 
139.875, 83.625, 4.308617402407713e-22, nan 
140.125, 83.625, 6.013699348796985e-22, nan 
140.375, 83.625, 5.276909941661968e-22, nan 
140.625, 83.625, 4.134441766802396e-22, nan 
140.875, 83.625, 3.382322155604123e-22, nan 
141.125, 83.625, 2.8097493622532773e-22, nan 
141.375, 83.625, 2.6707513288666727e-22, nan 
141.625, 83.625, 2.634718008985684e-22, nan 
141.875, 83.625, 2.235680745329894e-22, nan 
142.125, 83.625, 2.3188321378778932e-22, nan 
142.375, 83.625, 2.897647647508886e-22, nan 
142.625, 83.625, 2.624400846975785e-22, nan 
142.875, 83.625, 2.1650198101820714e-22, nan 
143.125, 83.625, 1.8635077775707691e-22, nan 
143.375, 83.625, 1.7220852985693893e-22, nan 
143.625, 83.625, 1.611427334042212e-22, nan 
143.875, 83.625, 1.539431403887683e-22, nan 
144.125, 83.625, 1.3525793293347704e-22, nan 
144.375, 83.625, 1.1624412795417048e-22, nan 
144.625, 83.625, 9.9716302717794e-23, nan 
144.875, 83.625, 7.760804721500452e-23, nan 
145.125, 83.625, 6.727362819106867e-23, nan 
145.375, 83.625, 6.210800481891874e-23, nan 
145.625, 83.625, 5.2495922536170363e-23, nan 
145.875, 83.625, 4.6090946782365785e-23, nan 
146.125, 83.625, 4.509526731953797e-23, nan 
146.375, 83.625, 4.2984585891461774e-23, nan 
146.625, 83.625, 3.769883753481844e-23, nan 
146.875, 83.625, 3.798511605379444e-23, nan 
147.125, 83.625, 4.2366214822152063e-23, nan 
147.375, 83.625, 3.331526799187035e-23, nan 
147.625, 83.625, 2.522506341922667e-23, nan 
147.875, 83.625, 2.4069957088754487e-23, nan 
148.125, 83.625, 2.8840480512352886e-23, nan 
148.375, 83.625, 3.168769292970101e-23, nan 
148.625, 83.625, 3.1155066406039574e-23, nan 
148.875, 83.625, 2.5575670083654366e-23, nan 
149.125, 83.625, 2.1561792102702278e-23, nan 
149.375, 83.625, 2.719150803336465e-23, nan 
149.625, 83.625, 3.3198737475273725e-23, nan 
149.875, 83.625, 2.1616865315154815e-23, nan 
150.125, 83.625, 2.4137529987384084e-23, nan 
150.375, 83.625, 3.263991915888889e-23, nan 
150.625, 83.625, 3.1923321470763846e-23, nan 
150.875, 83.625, 3.164509547459234e-23, nan 
151.125, 83.625, 3.6851876498019305e-23, nan 
151.375, 83.625, 4.454448314135609e-23, nan 
151.625, 83.625, 5.153313422472888e-23, nan 
151.875, 83.625, 5.037917278537816e-23, nan 
152.125, 83.625, 5.0988521513649824e-23, nan 
152.375, 83.625, 5.543585579379292e-23, nan 
152.625, 83.625, 5.663012050020835e-23, nan 
152.875, 83.625, 5.559463437098511e-23, nan 
153.125, 83.625, 4.4497407825285503e-23, nan 
153.375, 83.625, 4.1244477498471273e-23, nan 
153.625, 83.625, 4.3006731145028124e-23, nan 
153.875, 83.625, 4.450151582817112e-23, nan 
154.125, 83.625, 4.556236363739359e-23, nan 
154.375, 83.625, 4.7958936012516826e-23, nan 
154.625, 83.625, 4.671757645475579e-23, nan 
154.875, 83.625, 4.6585628347680817e-23, nan 
155.125, 83.625, 5.099721015063405e-23, nan 
155.375, 83.625, 4.5351457969688397e-23, nan 
155.625, 83.625, 4.0269737688900834e-23, nan 
155.875, 83.625, 3.933834545718673e-23, nan 
156.125, 83.625, 3.610566044019412e-23, nan 
156.375, 83.625, 3.53083207447384e-23, nan 
156.625, 83.625, 3.8309024071303737e-23, nan 
156.875, 83.625, 3.638438095165368e-23, nan 
157.125, 83.625, 4.5500103963282e-23, nan 
157.375, 83.625, 6.042813280354554e-23, nan 
157.625, 83.625, 6.888290525096718e-23, nan 
157.875, 83.625, 5.94783366795088e-23, nan 
158.125, 83.625, 5.644105503747318e-23, nan 
158.375, 83.625, 6.496185024971301e-23, nan 
158.625, 83.625, 7.78710472116992e-23, nan 
158.875, 83.625, 7.88135062699396e-23, nan 
159.125, 83.625, 7.111970817440751e-23, nan 
159.375, 83.625, 6.791440823981187e-23, nan 
159.625, 83.625, 1.101228567756112e-22, nan 
159.875, 83.625, 1.2190951387641672e-22, nan 
160.125, 83.625, 1.1149983895566394e-22, nan 
160.375, 83.625, 1.0232409941643438e-22, nan 
160.625, 83.625, 1.0555263656188464e-22, nan 
160.875, 83.625, 1.0032690479875571e-22, nan 
161.125, 83.625, 7.475017253218587e-23, nan 
161.375, 83.625, 5.701619121797764e-23, nan 
161.625, 83.625, 5.095363349201885e-23, nan 
161.875, 83.625, 4.3127107339765646e-23, nan 
162.125, 83.625, 3.8806759637358353e-23, nan 
162.375, 83.625, 4.18544755623981e-23, nan 
162.625, 83.625, 3.262184012490367e-23, nan 
162.875, 83.625, 4.4721570685462794e-23, nan 
163.125, 83.625, 6.388132218063559e-23, nan 
163.375, 83.625, 3.718307306111576e-23, nan 
163.625, 83.625, 4.3533343245326464e-23, nan 
163.875, 83.625, 6.631546430023415e-23, nan 
164.125, 83.625, 5.817085687807168e-23, nan 
164.375, 83.625, 4.383477948630919e-23, nan 
164.625, 83.625, 3.959243529222225e-23, nan 
164.875, 83.625, 2.9118196776834e-23, nan 
165.125, 83.625, 7.112955249767296e-23, nan 
165.375, 83.625, 1.0379031602194948e-22, nan 
165.625, 83.625, 3.9465193918914055e-23, nan 
165.875, 83.625, 5.888373756866093e-23, nan 
166.125, 83.625, 1.2210535940570994e-22, nan 
166.375, 83.625, 1.1157312854557185e-22, nan 
166.625, 83.625, 8.709554820446019e-23, nan 
166.875, 83.625, 7.78553720991557e-23, nan 
167.125, 83.625, 8.004058135199044e-23, nan 
167.375, 83.625, 8.640257713836067e-23, nan 
167.625, 83.625, 8.991804862745503e-23, nan 
167.875, 83.625, 8.379679898035872e-23, nan 
168.125, 83.625, 9.368040322275808e-23, nan 
168.375, 83.625, 9.964166778833129e-23, nan 
168.625, 83.625, 8.78718080330042e-23, nan 
168.875, 83.625, 8.833806384371332e-23, nan 
169.125, 83.625, 9.202159545108129e-23, nan 
169.375, 83.625, 9.107430450869433e-23, nan 
169.625, 83.625, 8.500281742838341e-23, nan 
169.875, 83.625, 8.117369375987424e-23, nan 
170.125, 83.625, 6.576368343245783e-23, nan 
170.375, 83.625, 6.260435158531272e-23, nan 
170.625, 83.625, 6.069924117572031e-23, nan 
170.875, 83.625, 5.324666344580611e-23, nan 
171.125, 83.625, 5.550732844493797e-23, nan 
171.375, 83.625, 5.9873264656398e-23, nan 
171.625, 83.625, 6.133260284736846e-23, nan 
171.875, 83.625, 5.795906199088785e-23, nan 
172.125, 83.625, 5.615919338209226e-23, nan 
172.375, 83.625, 4.178125836342453e-23, nan 
172.625, 83.625, 2.827000985647406e-23, nan 
172.875, 83.625, 2.5841527287350672e-23, nan 
173.125, 83.625, 2.6270835379547876e-23, nan 
173.375, 83.625, 2.1154857404264196e-23, nan 
173.625, 83.625, 1.6873812944151395e-23, nan 
173.875, 83.625, 1.393396327928606e-23, nan 
174.125, 83.625, 1.3106051147922997e-23, nan 
174.375, 83.625, 1.2458532140041114e-23, nan 
174.625, 83.625, 1.1004400971951579e-23, nan 
174.875, 83.625, 1.0073678371424374e-23, nan 
175.125, 83.625, 9.160880124275349e-24, nan 
175.375, 83.625, 8.679865344172662e-24, nan 
175.625, 83.625, 7.97858431915005e-24, nan 
175.875, 83.625, 7.605866789536676e-24, nan 
176.125, 83.625, 7.141423645066694e-24, nan 
176.375, 83.625, 6.6018997161154455e-24, nan 
176.625, 83.625, 6.967247733627916e-24, nan 
176.875, 83.625, 6.687867121319319e-24, nan 
177.125, 83.625, 5.7772052927234376e-24, nan 
177.375, 83.625, 5.8719681460954354e-24, nan 
177.625, 83.625, 5.8969564937686646e-24, nan 
177.875, 83.625, 7.290352675218691e-24, nan 
178.125, 83.625, 6.987188868247792e-24, nan 
178.375, 83.625, 7.000798346957096e-24, nan 
178.625, 83.625, 7.127831709730115e-24, nan 
178.875, 83.625, 7.10669425071059e-24, nan 
179.125, 83.625, 6.697787821117873e-24, nan 
179.375, 83.625, 5.902733772320551e-24, nan 
179.625, 83.625, 5.2822074310790866e-24, nan 
179.875, 83.625, 5.358179940482873e-24, nan 
-179.875, 83.875, 5.035020725550747e-24, nan 
-179.625, 83.875, 5.262710424465471e-24, nan 
-179.375, 83.875, 5.75341930138592e-24, nan 
-179.125, 83.875, 6.3995694876899985e-24, nan 
-178.875, 83.875, 7.027874342981287e-24, nan 
-178.625, 83.875, 6.0365146468550826e-24, nan 
-178.375, 83.875, 4.212184843213842e-24, nan 
-178.125, 83.875, 5.2226904304963095e-24, nan 
-177.875, 83.875, 5.87344362437024e-24, nan 
-177.625, 83.875, 6.518748439642544e-24, nan 
-177.375, 83.875, 7.340879854957381e-24, nan 
-177.125, 83.875, 8.217422364189692e-24, nan 
-176.875, 83.875, 8.591204050750343e-24, nan 
-176.625, 83.875, 9.035883529287961e-24, nan 
-176.375, 83.875, 8.276459124050595e-24, nan 
-176.125, 83.875, 6.432569510721997e-24, nan 
-175.875, 83.875, 7.594755911432951e-24, nan 
-175.625, 83.875, 7.714009046313255e-24, nan 
-175.375, 83.875, 5.580016378867108e-24, nan 
-175.125, 83.875, 4.732213674502156e-24, nan 
-174.875, 83.875, 4.191872018864727e-24, nan 
-174.625, 83.875, 3.745582725353364e-24, nan 
-174.375, 83.875, 3.0529613608135257e-24, nan 
-174.125, 83.875, 2.9717086482252696e-24, nan 
-173.875, 83.875, 2.7621805661579674e-24, nan 
-173.625, 83.875, 2.2437606441407333e-24, nan 
-173.375, 83.875, 2.9206812469199155e-24, nan 
-173.125, 83.875, 4.171073894621523e-24, nan 
-172.875, 83.875, 3.585691541509054e-24, nan 
-172.625, 83.875, 2.430685760325557e-24, nan 
-172.375, 83.875, 2.429590809798396e-24, nan 
-172.125, 83.875, 2.0111907240733068e-24, nan 
-171.875, 83.875, 1.6699305753062787e-24, nan 
-171.625, 83.875, 1.7366255895644323e-24, nan 
-171.375, 83.875, 2.5047112300473277e-24, nan 
-171.125, 83.875, 2.642168207071198e-24, nan 
-170.875, 83.875, 2.7690439072308388e-24, nan 
-170.625, 83.875, 2.2736954291944118e-24, nan 
-170.375, 83.875, 2.5654933119686836e-24, nan 
-170.125, 83.875, 2.2938318966253297e-24, nan 
-169.875, 83.875, 1.5073763917499667e-24, nan 
-169.625, 83.875, 2.5923844084589517e-24, nan 
-169.375, 83.875, 4.643243059218613e-24, nan 
-169.125, 83.875, 5.621608487518168e-24, nan 
-168.875, 83.875, 6.735036242176279e-24, nan 
-168.625, 83.875, 8.357765308684262e-24, nan 
-168.375, 83.875, 9.096445354911824e-24, nan 
-168.125, 83.875, 8.903416444683883e-24, nan 
-167.875, 83.875, 9.802797511241444e-24, nan 
-167.625, 83.875, 9.169954930899802e-24, nan 
-167.375, 83.875, 9.424808829472839e-24, nan 
-167.125, 83.875, 1.0335859372412276e-23, nan 
-166.875, 83.875, 1.0063702438586002e-23, nan 
-166.625, 83.875, 9.777066496560968e-24, nan 
-166.375, 83.875, 1.0014385968484188e-23, nan 
-166.125, 83.875, 1.055370508463522e-23, nan 
-165.875, 83.875, 8.46932187365445e-24, nan 
-165.625, 83.875, 9.62466760508589e-24, nan 
-165.375, 83.875, 1.042219652023644e-23, nan 
-165.125, 83.875, 1.03934757417969e-23, nan 
-164.875, 83.875, 9.909966589965309e-24, nan 
-164.625, 83.875, 9.532924132006156e-24, nan 
-164.375, 83.875, 9.538493853107002e-24, nan 
-164.125, 83.875, 1.0477897231244842e-23, nan 
-163.875, 83.875, 1.0541425535032962e-23, nan 
-163.625, 83.875, 1.0296372974846694e-23, nan 
-163.375, 83.875, 1.0329504233922305e-23, nan 
-163.125, 83.875, 9.820900579859241e-24, nan 
-162.875, 83.875, 9.92967168164926e-24, nan 
-162.625, 83.875, 1.0091862611974793e-23, nan 
-162.375, 83.875, 1.0210969578325178e-23, nan 
-162.125, 83.875, 9.556722020406578e-24, nan 
-161.875, 83.875, 1.0942806580824835e-23, nan 
-161.625, 83.875, 1.112553923844005e-23, nan 
-161.375, 83.875, 1.136493951915766e-23, nan 
-161.125, 83.875, 1.1038730369021443e-23, nan 
-160.875, 83.875, 1.189504943303653e-23, nan 
-160.625, 83.875, 1.1180125476063538e-23, nan 
-160.375, 83.875, 1.0436905130139192e-23, nan 
-160.125, 83.875, 1.0816245405348898e-23, nan 
-159.875, 83.875, 1.1109280926845329e-23, nan 
-159.625, 83.875, 9.731882928029521e-24, nan 
-159.375, 83.875, 9.430888737562596e-24, nan 
-159.125, 83.875, 9.885088913146874e-24, nan 
-158.875, 83.875, 9.868501411513527e-24, nan 
-158.625, 83.875, 1.017208556836743e-23, nan 
-158.375, 83.875, 1.0810186501076873e-23, nan 
-158.125, 83.875, 1.1061678822874079e-23, nan 
-157.875, 83.875, 1.0922245142584871e-23, nan 
-157.625, 83.875, 1.1199695972793219e-23, nan 
-157.375, 83.875, 1.2107571149915754e-23, nan 
-157.125, 83.875, 1.1990677793351994e-23, nan 
-156.875, 83.875, 1.1353512958094732e-23, nan 
-156.625, 83.875, 1.0986345226916096e-23, nan 
-156.375, 83.875, 1.0069547946184405e-23, nan 
-156.125, 83.875, 8.380647527109546e-24, nan 
-155.875, 83.875, 8.876248633352067e-24, nan 
-155.625, 83.875, 8.912591994495222e-24, nan 
-155.375, 83.875, 9.250057659919028e-24, nan 
-155.125, 83.875, 1.0823092553579608e-23, nan 
-154.875, 83.875, 1.1148992577336972e-23, nan 
-154.625, 83.875, 1.0878509122381361e-23, nan 
-154.375, 83.875, 1.0628613971483102e-23, nan 
-154.125, 83.875, 1.0442042360529978e-23, nan 
-153.875, 83.875, 9.711817828552147e-24, nan 
-153.625, 83.875, 9.289792999591221e-24, nan 
-153.375, 83.875, 9.274925542410218e-24, nan 
-153.125, 83.875, 9.326908325767912e-24, nan 
-152.875, 83.875, 8.743510619962969e-24, nan 
-152.625, 83.875, 8.405665405694549e-24, nan 
-152.375, 83.875, 8.459964112490837e-24, nan 
-152.125, 83.875, 8.732905285135192e-24, nan 
-151.875, 83.875, 8.814489011936555e-24, nan 
-151.625, 83.875, 9.097681707328091e-24, nan 
-151.375, 83.875, 8.852392709936916e-24, nan 
-151.125, 83.875, 8.91527269554342e-24, nan 
-150.875, 83.875, 9.541412299810559e-24, nan 
-150.625, 83.875, 9.553087763179046e-24, nan 
-150.375, 83.875, 9.751568858797591e-24, nan 
-150.125, 83.875, 9.793905950539335e-24, nan 
-149.875, 83.875, 9.970737386064653e-24, nan 
-149.625, 83.875, 9.874756565186063e-24, nan 
-149.375, 83.875, 9.961966597808932e-24, nan 
-149.125, 83.875, 1.011660022398119e-23, nan 
-148.875, 83.875, 9.820439553015808e-24, nan 
-148.625, 83.875, 9.485645981259817e-24, nan 
-148.375, 83.875, 9.069777948001576e-24, nan 
-148.125, 83.875, 9.10820701094426e-24, nan 
-147.875, 83.875, 9.071607062532104e-24, nan 
-147.625, 83.875, 7.070976343277474e-24, nan 
-147.375, 83.875, 5.9216691575589465e-24, nan 
-147.125, 83.875, 5.246393028323195e-24, nan 
-146.875, 83.875, 4.63504629513168e-24, nan 
-146.625, 83.875, 4.75618653143966e-24, nan 
-146.375, 83.875, 5.030662365951531e-24, nan 
-146.125, 83.875, 5.677998776026552e-24, nan 
-145.875, 83.875, 5.8971784353832195e-24, nan 
-145.625, 83.875, 6.112523440672928e-24, nan 
-145.375, 83.875, 5.625930675095173e-24, nan 
-145.125, 83.875, 5.384750654716716e-24, nan 
-144.875, 83.875, 5.329711302009499e-24, nan 
-144.625, 83.875, 4.3386910000575884e-24, nan 
-144.375, 83.875, 3.537901811132986e-24, nan 
-144.125, 83.875, 3.537672812654978e-24, nan 
-143.875, 83.875, 4.535475610071746e-24, nan 
-143.625, 83.875, 4.5474720740870284e-24, nan 
-143.375, 83.875, 4.647626351785137e-24, nan 
-143.125, 83.875, 4.824838136910721e-24, nan 
-142.875, 83.875, 5.144726567531751e-24, nan 
-142.625, 83.875, 4.76912197993816e-24, nan 
-142.375, 83.875, 4.374801911151537e-24, nan 
-142.125, 83.875, 4.6078535533126375e-24, nan 
-141.875, 83.875, 4.834101144546652e-24, nan 
-141.625, 83.875, 4.761635365253006e-24, nan 
-141.375, 83.875, 5.217247915330887e-24, nan 
-141.125, 83.875, 5.611636852827482e-24, nan 
-140.875, 83.875, 5.344545007221355e-24, nan 
-140.625, 83.875, 4.971212430184385e-24, nan 
-140.375, 83.875, 5.641646163776256e-24, nan 
-140.125, 83.875, 5.325051483215665e-24, nan 
-139.875, 83.875, 6.0044690881267036e-24, nan 
-139.625, 83.875, 6.470048905035433e-24, nan 
-139.375, 83.875, 6.569745859569665e-24, nan 
-139.125, 83.875, 6.677963873963683e-24, nan 
-138.875, 83.875, 6.883037849000614e-24, nan 
-138.625, 83.875, 6.672523108845534e-24, nan 
-138.375, 83.875, 7.691591341542984e-24, nan 
-138.125, 83.875, 7.88288437734736e-24, nan 
-137.875, 83.875, 7.761846021596397e-24, nan 
-137.625, 83.875, 7.469993383281547e-24, nan 
-137.375, 83.875, 7.70635152691421e-24, nan 
-137.125, 83.875, 8.38111014459502e-24, nan 
-136.875, 83.875, 7.976774071170167e-24, nan 
-136.625, 83.875, 8.115871693137728e-24, nan 
-136.375, 83.875, 8.999275039499894e-24, nan 
-136.125, 83.875, 8.277953861310646e-24, nan 
-135.875, 83.875, 7.819064703229717e-24, nan 
-135.625, 83.875, 7.740838849029336e-24, nan 
-135.375, 83.875, 8.001298400138217e-24, nan 
-135.125, 83.875, 7.698077372552092e-24, nan 
-134.875, 83.875, 7.17926286880621e-24, nan 
-134.625, 83.875, 7.045316866849513e-24, nan 
-134.375, 83.875, 6.689521150882331e-24, nan 
-134.125, 83.875, 6.733571028469399e-24, nan 
-133.875, 83.875, 8.094197911284637e-24, nan 
-133.625, 83.875, 9.705970322202612e-24, nan 
-133.375, 83.875, 9.903626524113543e-24, nan 
-133.125, 83.875, 1.0476722093078747e-23, nan 
-132.875, 83.875, 1.0973418865037201e-23, nan 
-132.625, 83.875, 1.5918797981430553e-23, nan 
-132.375, 83.875, 2.2900052489480268e-23, nan 
-132.125, 83.875, 2.8260300001023817e-23, nan 
-131.875, 83.875, 3.614702704310916e-23, nan 
-131.625, 83.875, 4.167927377906947e-23, nan 
-131.375, 83.875, 4.2829828980956336e-23, nan 
-131.125, 83.875, 4.1690573638231654e-23, nan 
-130.875, 83.875, 4.088544206803862e-23, nan 
-130.625, 83.875, 4.1377693331614747e-23, nan 
-130.375, 83.875, 4.158515169560298e-23, nan 
-130.125, 83.875, 4.1659264200811585e-23, nan 
-129.875, 83.875, 4.088938886309601e-23, nan 
-129.625, 83.875, 3.984602167467928e-23, nan 
-129.375, 83.875, 3.8944654352838777e-23, nan 
-129.125, 83.875, 3.6740984612518875e-23, nan 
-128.875, 83.875, 3.479387224542049e-23, nan 
-128.625, 83.875, 2.763965382200552e-23, nan 
-128.375, 83.875, 3.4156924410807137e-23, nan 
-128.125, 83.875, 3.3973876985446116e-23, nan 
-127.875, 83.875, 3.2667588438308747e-23, nan 
-127.625, 83.875, 3.159880507784337e-23, nan 
-127.375, 83.875, 5.836533661221492e-24, nan 
-127.125, 83.875, 3.441640434553953e-23, nan 
-126.875, 83.875, 3.523855146695578e-23, nan 
-126.625, 83.875, 3.8065824815498114e-23, nan 
-126.375, 83.875, 4.8069070696319914e-23, nan 
-126.125, 83.875, 4.936390380534517e-23, nan 
-125.875, 83.875, 5.1722581130644077e-23, nan 
-125.625, 83.875, 3.687388219900856e-23, nan 
-125.375, 83.875, 4.506246458402049e-23, nan 
-125.125, 83.875, 4.874659413143396e-23, nan 
-124.875, 83.875, 4.74192666542142e-23, nan 
-124.625, 83.875, 4.682903022207337e-23, nan 
-124.375, 83.875, 4.653182384190411e-23, nan 
-124.125, 83.875, 4.50000481453405e-23, nan 
-123.875, 83.875, 4.474986212945083e-23, nan 
-123.625, 83.875, 4.643362459088486e-23, nan 
-123.375, 83.875, 4.679831669500052e-23, nan 
-123.125, 83.875, 4.0744086174956894e-23, nan 
-122.875, 83.875, 4.7491088016078325e-23, nan 
-122.625, 83.875, 3.308927698910611e-23, nan 
-122.375, 83.875, 3.08387279651826e-23, nan 
-122.125, 83.875, 2.4153498331781884e-23, nan 
-121.875, 83.875, 1.4629634587047143e-23, nan 
-121.625, 83.875, 9.146382284275218e-24, nan 
-121.375, 83.875, 1.0479888046836466e-23, nan 
-121.125, 83.875, 3.5379469207230033e-23, nan 
-120.875, 83.875, 1.6456383986780367e-23, nan 
-120.625, 83.875, 9.308438638330744e-24, nan 
-120.375, 83.875, 7.456460940926312e-24, nan 
-120.125, 83.875, 7.578655239254591e-24, nan 
-119.875, 83.875, 7.861623608123359e-24, nan 
-119.625, 83.875, 7.697326156822778e-24, nan 
-119.375, 83.875, 7.574438632732569e-24, nan 
-119.125, 83.875, 5.461616710986047e-24, nan 
-118.875, 83.875, 6.156653389320785e-24, nan 
-118.625, 83.875, 7.606040141611858e-24, nan 
-118.375, 83.875, 8.593887770042802e-24, nan 
-118.125, 83.875, 9.80488692291676e-24, nan 
-117.875, 83.875, 1.3629380804217583e-23, nan 
-117.625, 83.875, 1.692776128926324e-23, nan 
-117.375, 83.875, 1.8448405152219463e-23, nan 
-117.125, 83.875, 1.8574886972918218e-23, nan 
-116.875, 83.875, 1.6049125194756102e-23, nan 
-116.625, 83.875, 1.0066099821712915e-23, nan 
-116.375, 83.875, 8.254077252519516e-24, nan 
-116.125, 83.875, 1.1738869766394488e-23, nan 
-115.875, 83.875, 1.803010101410053e-23, nan 
-115.625, 83.875, 2.677952470148815e-23, nan 
-115.375, 83.875, 3.3368785990695626e-23, nan 
-115.125, 83.875, 3.712018253602466e-23, nan 
-114.875, 83.875, 3.8623551189760483e-23, nan 
-114.625, 83.875, 3.200833709878911e-23, nan 
-114.375, 83.875, 2.3708550021149363e-23, nan 
-114.125, 83.875, 1.877471550080961e-23, nan 
-113.875, 83.875, 1.317284194043419e-23, nan 
-113.625, 83.875, 1.457158828098334e-23, nan 
-113.375, 83.875, 2.026962536666149e-23, nan 
-113.125, 83.875, 2.4750061519538298e-23, nan 
-112.875, 83.875, 2.728793298221125e-23, nan 
-112.625, 83.875, 2.843418312200572e-23, nan 
-112.375, 83.875, 2.389984106238647e-23, nan 
-112.125, 83.875, 1.8689080801893392e-23, nan 
-111.875, 83.875, 1.468222374011895e-23, nan 
-111.625, 83.875, 9.746342258136396e-24, nan 
-111.375, 83.875, 7.053387381352373e-24, nan 
-111.125, 83.875, 6.3722089925407114e-24, nan 
-110.875, 83.875, 5.791836739173225e-24, nan 
-110.625, 83.875, 5.68207354512822e-24, nan 
-110.375, 83.875, 5.245475456401847e-24, nan 
-110.125, 83.875, 4.6582189680053976e-24, nan 
-109.875, 83.875, 4.811835757402021e-24, nan 
-109.625, 83.875, 4.607741683752237e-24, nan 
-109.375, 83.875, 4.829890652271081e-24, nan 
-109.125, 83.875, 5.23690914996553e-24, nan 
-108.875, 83.875, 6.13452560964594e-24, nan 
-108.625, 83.875, 6.067204268612289e-24, nan 
-108.375, 83.875, 5.840565385220724e-24, nan 
-108.125, 83.875, 5.8864451600424065e-24, nan 
-107.875, 83.875, 5.105456984198128e-24, nan 
-107.625, 83.875, 6.2950720877796544e-24, nan 
-107.375, 83.875, 6.2162376972248875e-24, nan 
-107.125, 83.875, 3.524425464373697e-24, nan 
-106.875, 83.875, 6.203439050657308e-24, nan 
-106.625, 83.875, 7.677481035583457e-24, nan 
-106.375, 83.875, 9.012437559718112e-24, nan 
-106.125, 83.875, 9.78239025828584e-24, nan 
-105.875, 83.875, 1.1503181028829615e-23, nan 
-105.625, 83.875, 1.1191853033904183e-23, nan 
-105.375, 83.875, 1.4905861307399588e-23, nan 
-105.125, 83.875, 1.6521827223539535e-23, nan 
-104.875, 83.875, 1.0226231532821758e-23, nan 
-104.625, 83.875, 1.3548415663094237e-23, nan 
-104.375, 83.875, 1.61160069720207e-23, nan 
-104.125, 83.875, 1.643000337578089e-23, nan 
-103.875, 83.875, 1.810135013250937e-23, nan 
-103.625, 83.875, 2.070327536930774e-23, nan 
-103.375, 83.875, 1.8253952076447033e-23, nan 
-103.125, 83.875, 1.819597810397391e-23, nan 
-102.875, 83.875, 2.031164663660381e-23, nan 
-102.625, 83.875, 1.928521898066181e-23, nan 
-102.375, 83.875, 1.997079151040774e-23, nan 
-102.125, 83.875, 1.9444669053001096e-23, nan 
-101.875, 83.875, 1.7150870262805737e-23, nan 
-101.625, 83.875, 1.669307223513764e-23, nan 
-101.375, 83.875, 1.6214292612802188e-23, nan 
-101.125, 83.875, 1.2165752261489103e-23, nan 
-100.875, 83.875, 7.702052684574356e-24, nan 
-100.625, 83.875, 1.0660525744510006e-23, nan 
-100.375, 83.875, 1.673022577319091e-23, nan 
-100.125, 83.875, 2.799475562811627e-23, nan 
-99.875, 83.875, 3.072633438498937e-23, nan 
-99.625, 83.875, 2.6236382251210104e-23, nan 
-99.375, 83.875, 2.3921733425462072e-23, nan 
-99.125, 83.875, 2.4347645542581994e-23, nan 
-98.875, 83.875, 1.7338450994210936e-23, nan 
-98.625, 83.875, 1.6921300355369146e-23, nan 
-98.375, 83.875, 1.756086349291541e-23, nan 
-98.125, 83.875, 1.4287917130107713e-23, nan 
-97.875, 83.875, 1.4798348162926568e-23, nan 
-97.625, 83.875, 1.6268533643031578e-23, nan 
-97.375, 83.875, 1.423953776528481e-23, nan 
-97.125, 83.875, 1.318057537776955e-23, nan 
-96.875, 83.875, 1.43234233119722e-23, nan 
-96.625, 83.875, 1.2368725611521325e-23, nan 
-96.375, 83.875, 1.1883395394544202e-23, nan 
-96.125, 83.875, 1.1891272585689888e-23, nan 
-95.875, 83.875, 1.0969221729644341e-23, nan 
-95.625, 83.875, 1.0694645411603423e-23, nan 
-95.375, 83.875, 1.2090929999827722e-23, nan 
-95.125, 83.875, 1.2691080867109909e-23, nan 
-94.875, 83.875, 1.269597827855888e-23, nan 
-94.625, 83.875, 1.2426728284161332e-23, nan 
-94.375, 83.875, 1.4045508863810085e-23, nan 
-94.125, 83.875, 1.398410816475853e-23, nan 
-93.875, 83.875, 1.2846854784373558e-23, nan 
-93.625, 83.875, 1.3238060052049313e-23, nan 
-93.375, 83.875, 1.3429640772757432e-23, nan 
-93.125, 83.875, 1.4093104047326233e-23, nan 
-92.875, 83.875, 1.4438737921430877e-23, nan 
-92.625, 83.875, 1.4785275190590847e-23, nan 
-92.375, 83.875, 1.430086753932887e-23, nan 
-92.125, 83.875, 1.337370094332022e-23, nan 
-91.875, 83.875, 1.4719327832542442e-23, nan 
-91.625, 83.875, 1.5697193511832913e-23, nan 
-91.375, 83.875, 1.531201668147188e-23, nan 
-91.125, 83.875, 1.4961973599254705e-23, nan 
-90.875, 83.875, 1.4292403895788507e-23, nan 
-90.625, 83.875, 1.3737916244510544e-23, nan 
-90.375, 83.875, 1.2443049476291549e-23, nan 
-90.125, 83.875, 1.138136497732561e-23, nan 
-89.875, 83.875, 8.609594095761519e-24, nan 
-89.625, 83.875, 7.390326723441782e-24, nan 
-89.375, 83.875, 4.8036989615495e-24, nan 
-89.125, 83.875, 4.5351112998981934e-24, nan 
-88.875, 83.875, 5.332062846054669e-24, nan 
-88.625, 83.875, 6.97226810297441e-24, nan 
-88.375, 83.875, 8.491255276596638e-24, nan 
-88.125, 83.875, 9.440581107830657e-24, nan 
-87.875, 83.875, 9.67822256245445e-24, nan 
-87.625, 83.875, 1.0093184157635656e-23, nan 
-87.375, 83.875, 9.802124546191017e-24, nan 
-87.125, 83.875, 8.426600125268783e-24, nan 
-86.875, 83.875, 8.275330621139577e-24, nan 
-86.625, 83.875, 1.0161035484825517e-23, nan 
-86.375, 83.875, 1.1246923989553084e-23, nan 
-86.125, 83.875, 1.178852249188751e-23, nan 
-85.875, 83.875, 1.2544330809237719e-23, nan 
-85.625, 83.875, 1.3984238602283513e-23, nan 
-85.375, 83.875, 1.509636459271653e-23, nan 
-85.125, 83.875, 1.4638838446772128e-23, nan 
-84.875, 83.875, 1.1054483306561286e-23, nan 
-84.625, 83.875, 1.2008831616339752e-23, nan 
-84.375, 83.875, 1.475277956315923e-23, nan 
-84.125, 83.875, 1.3923144683666483e-23, nan 
-83.875, 83.875, 1.2269594181850341e-23, nan 
-83.625, 83.875, 1.2009628039357197e-23, nan 
-83.375, 83.875, 1.2769437363951534e-23, nan 
-83.125, 83.875, 1.3110652964815629e-23, nan 
-82.875, 83.875, 1.4762978436026283e-23, nan 
-82.625, 83.875, 1.5896932692589463e-23, nan 
-82.375, 83.875, 1.3913479956953197e-23, nan 
-82.125, 83.875, 1.4459823630228157e-23, nan 
-81.875, 83.875, 1.5576496188973003e-23, nan 
-81.625, 83.875, 1.540674364578237e-23, nan 
-81.375, 83.875, 1.5078976082590095e-23, nan 
-81.125, 83.875, 1.331550393695097e-23, nan 
-80.875, 83.875, 1.3653780471801796e-23, nan 
-80.625, 83.875, 1.46261835032461e-23, nan 
-80.375, 83.875, 1.6081541272585007e-23, nan 
-80.125, 83.875, 1.324549340198633e-23, nan 
-79.875, 83.875, 1.2940146944158614e-23, nan 
-79.625, 83.875, 1.3440794712105781e-23, nan 
-79.375, 83.875, 1.7763169307677786e-23, nan 
-79.125, 83.875, 1.887507182142949e-23, nan 
-78.875, 83.875, 1.6512246725351377e-23, nan 
-78.625, 83.875, 1.6333594937754318e-23, nan 
-78.375, 83.875, 1.8048966372587655e-23, nan 
-78.125, 83.875, 1.5253230474567575e-23, nan 
-77.875, 83.875, 1.4640118618175e-23, nan 
-77.625, 83.875, 1.4718733850496114e-23, nan 
-77.375, 83.875, 1.6059994880710272e-23, nan 
-77.125, 83.875, 1.4586820736919825e-23, nan 
-76.875, 83.875, 1.623976390152398e-23, nan 
-76.625, 83.875, 2.060727575249789e-23, nan 
-76.375, 83.875, 2.447722608024108e-23, nan 
-76.125, 83.875, 2.5846203893736626e-23, nan 
-75.875, 83.875, 2.5188010001787377e-23, nan 
-75.625, 83.875, 2.5042346162145338e-23, nan 
-75.375, 83.875, 2.4704689340734872e-23, nan 
-75.125, 83.875, 2.3724370169786015e-23, nan 
-74.875, 83.875, 1.9189857038202228e-23, nan 
-74.625, 83.875, 1.679943547931317e-23, nan 
-74.375, 83.875, 1.8586864734521904e-23, nan 
-74.125, 83.875, 2.1749133704226096e-23, nan 
-73.875, 83.875, 2.009416239567066e-23, nan 
-73.625, 83.875, 1.8940849483674673e-23, nan 
-73.375, 83.875, 1.916213661118834e-23, nan 
-73.125, 83.875, 2.038684333075208e-23, nan 
-72.875, 83.875, 2.0279405495702497e-23, nan 
-72.625, 83.875, 1.7492678302516912e-23, nan 
-72.375, 83.875, 1.459360382664935e-23, nan 
-72.125, 83.875, 1.2190006163344058e-23, nan 
-71.875, 83.875, 1.1143804642607863e-23, nan 
-71.625, 83.875, 1.1663624166066354e-23, nan 
-71.375, 83.875, 9.978487144929138e-24, nan 
-71.125, 83.875, 9.425302877037266e-24, nan 
-70.875, 83.875, 7.10596196032419e-24, nan 
-70.625, 83.875, 5.3098682887892935e-24, nan 
-70.375, 83.875, 4.13367738789495e-24, nan 
-70.125, 83.875, 4.044769166686885e-24, nan 
-69.875, 83.875, 4.2743355817099716e-24, nan 
-69.625, 83.875, 3.607301488594861e-24, nan 
-69.375, 83.875, 2.996667905688019e-24, nan 
-69.125, 83.875, 2.285672085990405e-24, nan 
-68.875, 83.875, 2.2651228261354895e-24, nan 
-68.625, 83.875, 2.3438943320230846e-24, nan 
-68.375, 83.875, 2.5045383605552114e-24, nan 
-68.125, 83.875, 2.508091025003778e-24, nan 
-67.875, 83.875, 3.0826897920127843e-24, nan 
-67.625, 83.875, 3.5507761886805005e-24, nan 
-67.375, 83.875, 3.330092862227571e-24, nan 
-67.125, 83.875, 2.93728233818296e-24, nan 
-66.875, 83.875, 3.2097758140380315e-24, nan 
-66.625, 83.875, 3.4916801320720384e-24, nan 
-66.375, 83.875, 3.68553444254497e-24, nan 
-66.125, 83.875, 3.846927121342707e-24, nan 
-65.875, 83.875, 4.202323590373314e-24, nan 
-65.625, 83.875, 4.45090216349315e-24, nan 
-65.375, 83.875, 4.907025779291395e-24, nan 
-65.125, 83.875, 5.310691131224024e-24, nan 
-64.875, 83.875, 4.521785827425833e-24, nan 
-64.625, 83.875, 4.349253100617259e-24, nan 
-64.375, 83.875, 4.9231129925439014e-24, nan 
-64.125, 83.875, 5.329180297454273e-24, nan 
-63.875, 83.875, 6.1854902854808015e-24, nan 
-63.625, 83.875, 6.604720860102439e-24, nan 
-63.375, 83.875, 7.122847105677836e-24, nan 
-63.125, 83.875, 7.062152687580039e-24, nan 
-62.875, 83.875, 6.975980539820532e-24, nan 
-62.625, 83.875, 6.792666409207253e-24, nan 
-62.375, 83.875, 6.531049080760739e-24, nan 
-62.125, 83.875, 6.824594132231483e-24, nan 
-61.875, 83.875, 6.998397986129772e-24, nan 
-61.625, 83.875, 7.311398583001653e-24, nan 
-61.375, 83.875, 7.512809653174851e-24, nan 
-61.125, 83.875, 8.417654415830013e-24, nan 
-60.875, 83.875, 8.549280858225392e-24, nan 
-60.625, 83.875, 7.990506687998953e-24, nan 
-60.375, 83.875, 7.862931315741219e-24, nan 
-60.125, 83.875, 8.262721996907242e-24, nan 
-59.875, 83.875, 7.89524578589385e-24, nan 
-59.625, 83.875, 7.650011443961932e-24, nan 
-59.375, 83.875, 7.211349814824073e-24, nan 
-59.125, 83.875, 7.65993570845478e-24, nan 
-58.875, 83.875, 5.0382342949443485e-24, nan 
-58.625, 83.875, 2.9632154999796764e-24, nan 
-58.375, 83.875, 2.6600981897764863e-24, nan 
-58.125, 83.875, 3.083874155124576e-24, nan 
-57.875, 83.875, 3.267042433479665e-24, nan 
-57.625, 83.875, 3.434558099294386e-24, nan 
-57.375, 83.875, 3.763513258173182e-24, nan 
-57.125, 83.875, 4.168670116442156e-24, nan 
-56.875, 83.875, 4.676574704430058e-24, nan 
-56.625, 83.875, 5.6066753745860915e-24, nan 
-56.375, 83.875, 1.1857892259404998e-23, nan 
-56.125, 83.875, 1.2335543243392484e-23, nan 
-55.875, 83.875, 1.298086404816711e-23, nan 
-55.625, 83.875, 1.4440430629699604e-23, nan 
-55.375, 83.875, 1.8565341450907362e-23, nan 
-55.125, 83.875, 1.9981552937727935e-23, nan 
-54.875, 83.875, 1.9618207562893183e-23, nan 
-54.625, 83.875, 1.8730859777326442e-23, nan 
-54.375, 83.875, 1.7202795178290568e-23, nan 
-54.125, 83.875, 1.741985349960676e-23, nan 
-53.875, 83.875, 1.6447399318386596e-23, nan 
-53.625, 83.875, 1.3896783224371256e-23, nan 
-53.375, 83.875, 1.1801225436448195e-23, nan 
-53.125, 83.875, 1.418157626708194e-23, nan 
-52.875, 83.875, 1.6685114199100325e-23, nan 
-52.625, 83.875, 1.6705286033264876e-23, nan 
-52.375, 83.875, 1.6921156934279036e-23, nan 
-52.125, 83.875, 1.478173898714426e-23, nan 
-51.875, 83.875, 1.4347208642112036e-23, nan 
-51.625, 83.875, 2.2875379468944877e-23, nan 
-51.375, 83.875, 2.536316378858148e-23, nan 
-51.125, 83.875, 2.1990486651258493e-23, nan 
-50.875, 83.875, 2.0443464846915297e-23, nan 
-50.625, 83.875, 2.3837579093313332e-23, nan 
-50.375, 83.875, 2.2891037987933955e-23, nan 
-50.125, 83.875, 1.9241090864125796e-23, nan 
-49.875, 83.875, 2.1320317178537723e-23, nan 
-49.625, 83.875, 2.2812451388743154e-23, nan 
-49.375, 83.875, 2.5986314695620567e-23, nan 
-49.125, 83.875, 3.009188040525421e-23, nan 
-48.875, 83.875, 2.467521697707476e-23, nan 
-48.625, 83.875, 2.3004184821961965e-23, nan 
-48.375, 83.875, 2.455453152525084e-23, nan 
-48.125, 83.875, 2.5113214101852228e-23, nan 
-47.875, 83.875, 2.4559142188520255e-23, nan 
-47.625, 83.875, 2.6159719140856207e-23, nan 
-47.375, 83.875, 2.753609423001093e-23, nan 
-47.125, 83.875, 2.226945980271618e-23, nan 
-46.875, 83.875, 2.2020819918844725e-23, nan 
-46.625, 83.875, 2.3263625070618196e-23, nan 
-46.375, 83.875, 2.7191859645538825e-23, nan 
-46.125, 83.875, 2.6812056807848543e-23, nan 
-45.875, 83.875, 2.6219755504122878e-23, nan 
-45.625, 83.875, 2.5828357249267e-23, nan 
-45.375, 83.875, 2.578221354407663e-23, nan 
-45.125, 83.875, 2.5616998356011883e-23, nan 
-44.875, 83.875, 1.5531258053633097e-23, nan 
-44.625, 83.875, 1.6368776410163136e-23, nan 
-44.375, 83.875, 1.421380467683905e-23, nan 
-44.125, 83.875, 1.3204564853552328e-23, nan 
-43.875, 83.875, 1.4241882371026766e-23, nan 
-43.625, 83.875, 1.5955671091650026e-23, nan 
-43.375, 83.875, 1.5460810421637077e-23, nan 
-43.125, 83.875, 1.381652207244004e-23, nan 
-42.875, 83.875, 1.2438268351630645e-23, nan 
-42.625, 83.875, 1.394519239947603e-23, nan 
-42.375, 83.875, 1.4862093002925467e-23, nan 
-42.125, 83.875, 1.3639707846866947e-23, nan 
-41.875, 83.875, 1.1764021593829482e-23, nan 
-41.625, 83.875, 1.1233296316514435e-23, nan 
-41.375, 83.875, 1.021723669279136e-23, nan 
-41.125, 83.875, 8.065566931485965e-24, nan 
-40.875, 83.875, 6.154283103329438e-24, nan 
-40.625, 83.875, 3.64534824199342e-24, nan 
-40.375, 83.875, 3.022838199779856e-24, nan 
-40.125, 83.875, 2.5905014331575753e-24, nan 
-39.875, 83.875, 2.855705031717683e-24, nan 
-39.625, 83.875, 3.1848871307045957e-24, nan 
-39.375, 83.875, 3.2186089876917074e-24, nan 
-39.125, 83.875, 2.818676844490047e-24, nan 
-38.875, 83.875, 2.74173984254245e-24, nan 
-38.625, 83.875, 3.0748312534166897e-24, nan 
-38.375, 83.875, 3.353988068252061e-24, nan 
-38.125, 83.875, 3.490993207181112e-24, nan 
-37.875, 83.875, 3.355443393855608e-24, nan 
-37.625, 83.875, 3.2803885521484414e-24, nan 
-37.375, 83.875, 4.2757642502665014e-24, nan 
-37.125, 83.875, 5.21702253636311e-24, nan 
-36.875, 83.875, 5.111839331295131e-24, nan 
-36.625, 83.875, 5.1560325072715584e-24, nan 
-36.375, 83.875, 5.335285375913367e-24, nan 
-36.125, 83.875, 5.7544175938979226e-24, nan 
-35.875, 83.875, 6.113560173060775e-24, nan 
-35.625, 83.875, 6.381862827571998e-24, nan 
-35.375, 83.875, 6.753691170702384e-24, nan 
-35.125, 83.875, 6.857591398868366e-24, nan 
-34.875, 83.875, 6.262788017008354e-24, nan 
-34.625, 83.875, 6.1776212680260214e-24, nan 
-34.375, 83.875, 6.185641709483603e-24, nan 
-34.125, 83.875, 6.712056136450786e-24, nan 
-33.875, 83.875, 7.449809369339199e-24, nan 
-33.625, 83.875, 8.089614498724941e-24, nan 
-33.375, 83.875, 8.869310044276045e-24, nan 
-33.125, 83.875, 9.306759272837946e-24, nan 
-32.875, 83.875, 9.539777211187804e-24, nan 
-32.625, 83.875, 8.710485899677949e-24, nan 
-32.375, 83.875, 8.602647897430689e-24, nan 
-32.125, 83.875, 8.488784769111827e-24, nan 
-31.875, 83.875, 8.741299305320459e-24, nan 
-31.625, 83.875, 9.097579213608675e-24, nan 
-31.375, 83.875, 1.0832004911473209e-23, nan 
-31.125, 83.875, 1.5744168170896678e-23, nan 
-30.875, 83.875, 1.625438103785431e-23, nan 
-30.625, 83.875, 1.4801441235458244e-23, nan 
-30.375, 83.875, 1.577486520312209e-23, nan 
-30.125, 83.875, 1.743707044688492e-23, nan 
-29.875, 83.875, 1.715901289074581e-23, nan 
-29.625, 83.875, 1.6633459385952687e-23, nan 
-29.375, 83.875, 1.5422509982799791e-23, nan 
-29.125, 83.875, 1.5057734810089703e-23, nan 
-28.875, 83.875, 1.6239113836986332e-23, nan 
-28.625, 83.875, 1.7285359247229358e-23, nan 
-28.375, 83.875, 1.9097138175334686e-23, nan 
-28.125, 83.875, 2.045395248056708e-23, nan 
-27.875, 83.875, 2.0724747179678594e-23, nan 
-27.625, 83.875, 2.0775738997070964e-23, nan 
-27.375, 83.875, 2.0179726040763362e-23, nan 
-27.125, 83.875, 1.9893190338718404e-23, nan 
-26.875, 83.875, 2.1229171240516415e-23, nan 
-26.625, 83.875, 2.1143851451834357e-23, nan 
-26.375, 83.875, 2.1447553384491873e-23, nan 
-26.125, 83.875, 2.4201818468189837e-23, nan 
-25.875, 83.875, 2.520959218587323e-23, nan 
-25.625, 83.875, 2.3989186895528248e-23, nan 
-25.375, 83.875, 2.3700404023040698e-23, nan 
-25.125, 83.875, 2.3548198198944316e-23, nan 
-24.875, 83.875, 2.4257148738087132e-23, nan 
-24.625, 83.875, 2.6084913618341724e-23, nan 
-24.375, 83.875, 2.6230458339965104e-23, nan 
-24.125, 83.875, 2.453189103537252e-23, nan 
-23.875, 83.875, 2.515712155084211e-23, nan 
-23.625, 83.875, 2.6005816962006676e-23, nan 
-23.375, 83.875, 2.5602557948128863e-23, nan 
-23.125, 83.875, 2.5268519849267632e-23, nan 
-22.875, 83.875, 2.5576380293755788e-23, nan 
-22.625, 83.875, 2.650234083894261e-23, nan 
-22.375, 83.875, 2.72498392097045e-23, nan 
-22.125, 83.875, 2.657752945004631e-23, nan 
-21.875, 83.875, 2.594302869471912e-23, nan 
-21.625, 83.875, 2.684958458320454e-23, nan 
-21.375, 83.875, 3.2264507545273345e-23, nan 
-21.125, 83.875, 3.089912419209956e-23, nan 
-20.875, 83.875, 2.985674977808818e-23, nan 
-20.625, 83.875, 3.08274986131011e-23, nan 
-20.375, 83.875, 3.5732958670843043e-23, nan 
-20.125, 83.875, 3.653144761854576e-23, nan 
-19.875, 83.875, 3.442793647964211e-23, nan 
-19.625, 83.875, 2.703208445693443e-23, nan 
-19.375, 83.875, 3.595404387293518e-23, nan 
-19.125, 83.875, 3.8563221239014226e-23, nan 
-18.875, 83.875, 4.403256637558479e-23, nan 
-18.625, 83.875, 1.9042167316083836e-23, nan 
-18.375, 83.875, 1.9173882230880584e-23, nan 
-18.125, 83.875, 2.1280568856209812e-23, nan 
-17.875, 83.875, 2.2617163060597038e-23, nan 
-17.625, 83.875, 2.2436382133933328e-23, nan 
-17.375, 83.875, 2.203820567400687e-23, nan 
-17.125, 83.875, 2.023877832720962e-23, nan 
-16.875, 83.875, 1.914319301523659e-23, nan 
-16.625, 83.875, 1.6613392738504192e-23, nan 
-16.375, 83.875, 1.2990950222964515e-23, nan 
-16.125, 83.875, 1.0773162076442617e-23, nan 
-15.875, 83.875, 1.1059703308035164e-23, nan 
-15.625, 83.875, 1.0265993175972006e-23, nan 
-15.375, 83.875, 9.422030191808357e-24, nan 
-15.125, 83.875, 8.305691363405413e-24, nan 
-14.875, 83.875, 7.848266179347171e-24, nan 
-14.625, 83.875, 9.175564866589143e-24, nan 
-14.375, 83.875, 9.07733054120905e-24, nan 
-14.125, 83.875, 9.533391680334628e-24, nan 
-13.875, 83.875, 1.0634478279174062e-23, nan 
-13.625, 83.875, 1.1914886790517642e-23, nan 
-13.375, 83.875, 1.2501593761535787e-23, nan 
-13.125, 83.875, 1.2066379469126777e-23, nan 
-12.875, 83.875, 1.2245817352687726e-23, nan 
-12.625, 83.875, 1.2747585205256015e-23, nan 
-12.375, 83.875, 1.3087651408040123e-23, nan 
-12.125, 83.875, 1.312070752426099e-23, nan 
-11.875, 83.875, 1.2665804567476707e-23, nan 
-11.625, 83.875, 1.2467905352509814e-23, nan 
-11.375, 83.875, 1.266108318012332e-23, nan 
-11.125, 83.875, 1.2142016813205102e-23, nan 
-10.875, 83.875, 1.1122874364768235e-23, nan 
-10.625, 83.875, 1.1183708052805002e-23, nan 
-10.375, 83.875, 1.1613262180478262e-23, nan 
-10.125, 83.875, 1.1438480737920977e-23, nan 
-9.875, 83.875, 1.034326333808637e-23, nan 
-9.625, 83.875, 9.602054228072751e-24, nan 
-9.375, 83.875, 8.950887451455248e-24, nan 
-9.125, 83.875, 9.074637124847964e-24, nan 
-8.875, 83.875, 8.700279605767511e-24, nan 
-8.625, 83.875, 9.140673862644201e-24, nan 
-8.375, 83.875, 9.487223435028868e-24, nan 
-8.125, 83.875, 9.87094676375704e-24, nan 
-7.875, 83.875, 9.813599879105936e-24, nan 
-7.625, 83.875, 9.308396434467613e-24, nan 
-7.375, 83.875, 1.0337248445993146e-23, nan 
-7.125, 83.875, 1.0832467772476549e-23, nan 
-6.875, 83.875, 1.1344167858720715e-23, nan 
-6.625, 83.875, 1.1331931413380861e-23, nan 
-6.375, 83.875, 1.2230885863981086e-23, nan 
-6.125, 83.875, 1.2990551943712521e-23, nan 
-5.875, 83.875, 1.2430997607374704e-23, nan 
-5.625, 83.875, 1.1542504610237827e-23, nan 
-5.375, 83.875, 1.1688317458257349e-23, nan 
-5.125, 83.875, 1.2166154988177947e-23, nan 
-4.875, 83.875, 1.2852187734361843e-23, nan 
-4.625, 83.875, 1.1284154629683533e-23, nan 
-4.375, 83.875, 1.1133910483345095e-23, nan 
-4.125, 83.875, 1.2041281955167327e-23, nan 
-3.875, 83.875, 1.2304641151609498e-23, nan 
-3.625, 83.875, 1.1755093519403707e-23, nan 
-3.375, 83.875, 1.1363346377249458e-23, nan 
-3.125, 83.875, 1.2243852858352563e-23, nan 
-2.875, 83.875, 1.348608877333884e-23, nan 
-2.625, 83.875, 1.4602793977193744e-23, nan 
-2.375, 83.875, 1.2570781982398084e-23, nan 
-2.125, 83.875, 1.1981656437436316e-23, nan 
-1.875, 83.875, 1.3366313055555844e-23, nan 
-1.625, 83.875, 1.4494007126543517e-23, nan 
-1.375, 83.875, 1.4106441108898137e-23, nan 
-1.125, 83.875, 1.3285459030091756e-23, nan 
-0.875, 83.875, 1.426655592183245e-23, nan 
-0.625, 83.875, 1.4856962540610896e-23, nan 
-0.375, 83.875, 1.4996798533164074e-23, nan 
-0.125, 83.875, 1.507385218263575e-23, nan 
0.125, 83.875, 1.6698871034099923e-23, nan 
0.375, 83.875, 1.787686265479854e-23, nan 
0.625, 83.875, 1.794676058355085e-23, nan 
0.875, 83.875, 1.6776141576248717e-23, nan 
1.125, 83.875, 1.8627979045613964e-23, nan 
1.375, 83.875, 2.0620164633243514e-23, nan 
1.625, 83.875, 2.255174150906836e-23, nan 
1.875, 83.875, 2.0051765414300555e-23, nan 
2.125, 83.875, 1.8673369170011455e-23, nan 
2.375, 83.875, 1.9198937279434404e-23, nan 
2.625, 83.875, 1.9423123417218677e-23, nan 
2.875, 83.875, 1.9157527519839068e-23, nan 
3.125, 83.875, 1.9543104194667874e-23, nan 
3.375, 83.875, 2.1101384108809822e-23, nan 
3.625, 83.875, 2.1834337136045516e-23, nan 
3.875, 83.875, 2.0820398558398716e-23, nan 
4.125, 83.875, 1.7407911235697247e-23, nan 
4.375, 83.875, 1.7625638177117864e-23, nan 
4.625, 83.875, 1.9304559756960046e-23, nan 
4.875, 83.875, 2.0515367861606054e-23, nan 
5.125, 83.875, 2.1783436102678523e-23, nan 
5.375, 83.875, 2.14862188860386e-23, nan 
5.625, 83.875, 2.10713203794962e-23, nan 
5.875, 83.875, 2.0767440718617846e-23, nan 
6.125, 83.875, 2.002797326253594e-23, nan 
6.375, 83.875, 1.782408880087163e-23, nan 
6.625, 83.875, 1.6826141885259834e-23, nan 
6.875, 83.875, 1.714863186565524e-23, nan 
7.125, 83.875, 1.8332019167649506e-23, nan 
7.375, 83.875, 1.6985329715013444e-23, nan 
7.625, 83.875, 1.5333773967843017e-23, nan 
7.875, 83.875, 1.4499828832351606e-23, nan 
8.125, 83.875, 1.3962923592952776e-23, nan 
8.375, 83.875, 1.3206330241803669e-23, nan 
8.625, 83.875, 1.347471246788347e-23, nan 
8.875, 83.875, 1.4493144260916762e-23, nan 
9.125, 83.875, 1.4417967065158262e-23, nan 
9.375, 83.875, 1.463853174625262e-23, nan 
9.625, 83.875, 1.24908232342419e-23, nan 
9.875, 83.875, 1.2186318861972734e-23, nan 
10.125, 83.875, 1.1981677413781007e-23, nan 
10.375, 83.875, 1.32702999652073e-23, nan 
10.625, 83.875, 1.3704821118276917e-23, nan 
10.875, 83.875, 1.445177262020535e-23, nan 
11.125, 83.875, 1.3490841050081125e-23, nan 
11.375, 83.875, 1.2240314305992575e-23, nan 
11.625, 83.875, 1.0376265627660526e-23, nan 
11.875, 83.875, 9.65998331995362e-24, nan 
12.125, 83.875, 1.0328891051392998e-23, nan 
12.375, 83.875, 1.2501824312592453e-23, nan 
12.625, 83.875, 1.347953348866494e-23, nan 
12.875, 83.875, 1.1504159874911226e-23, nan 
13.125, 83.875, 1.024496879237298e-23, nan 
13.375, 83.875, 1.1159200208486236e-23, nan 
13.625, 83.875, 1.28839499922494e-23, nan 
13.875, 83.875, 1.2663864403296813e-23, nan 
14.125, 83.875, 1.153784517140599e-23, nan 
14.375, 83.875, 1.0052706958466656e-23, nan 
14.625, 83.875, 9.613819056209417e-24, nan 
14.875, 83.875, 9.242733664981723e-24, nan 
15.125, 83.875, 6.740454512730256e-24, nan 
15.375, 83.875, 1.0735106247672672e-23, nan 
15.625, 83.875, 1.9477912603887185e-23, nan 
15.875, 83.875, 2.758266519051261e-23, nan 
16.125, 83.875, 2.9327546458045124e-23, nan 
16.375, 83.875, 2.7235850613744103e-23, nan 
16.625, 83.875, 2.281205470596025e-23, nan 
16.875, 83.875, 1.8430270441576514e-23, nan 
17.125, 83.875, 1.615219172418536e-23, nan 
17.375, 83.875, 1.4108695075024875e-23, nan 
17.625, 83.875, 1.4806697930377525e-23, nan 
17.875, 83.875, 1.8455744781570667e-23, nan 
18.125, 83.875, 2.4245974923818204e-23, nan 
18.375, 83.875, 2.5463345473090547e-23, nan 
18.625, 83.875, 2.1266898419777284e-23, nan 
18.875, 83.875, 1.740857980380183e-23, nan 
19.125, 83.875, 1.4482908957367394e-23, nan 
19.375, 83.875, 1.267722775999619e-23, nan 
19.625, 83.875, 1.0714821927366104e-23, nan 
19.875, 83.875, 9.730644001578623e-24, nan 
20.125, 83.875, 8.658580924751573e-24, nan 
20.375, 83.875, 7.416262888286044e-24, nan 
20.625, 83.875, 6.986173375055288e-24, nan 
20.875, 83.875, 6.711364972374874e-24, nan 
21.125, 83.875, 6.730445345787852e-24, nan 
21.375, 83.875, 6.712227151044005e-24, nan 
21.625, 83.875, 6.327539857141456e-24, nan 
21.875, 83.875, 6.0287936330409186e-24, nan 
22.125, 83.875, 6.06312513794194e-24, nan 
22.375, 83.875, 6.346282474368097e-24, nan 
22.625, 83.875, 6.418795489050888e-24, nan 
22.875, 83.875, 6.680961844215665e-24, nan 
23.125, 83.875, 6.913274107503436e-24, nan 
23.375, 83.875, 6.902574349313959e-24, nan 
23.625, 83.875, 7.075105436061411e-24, nan 
23.875, 83.875, 7.0693312239644e-24, nan 
24.125, 83.875, 6.974089587050838e-24, nan 
24.375, 83.875, 7.033331139185583e-24, nan 
24.625, 83.875, 7.522800295415525e-24, nan 
24.875, 83.875, 7.657484173886808e-24, nan 
25.125, 83.875, 7.720950392141679e-24, nan 
25.375, 83.875, 8.133562255568673e-24, nan 
25.625, 83.875, 8.374672483092533e-24, nan 
25.875, 83.875, 8.358536532802006e-24, nan 
26.125, 83.875, 8.395131018899329e-24, nan 
26.375, 83.875, 8.183540015016478e-24, nan 
26.625, 83.875, 7.943898378819888e-24, nan 
26.875, 83.875, 7.887784486938923e-24, nan 
27.125, 83.875, 7.563565655210226e-24, nan 
27.375, 83.875, 7.176207350456603e-24, nan 
27.625, 83.875, 7.129250489851223e-24, nan 
27.875, 83.875, 7.036048441427204e-24, nan 
28.125, 83.875, 6.698579405252352e-24, nan 
28.375, 83.875, 6.426047427038847e-24, nan 
28.625, 83.875, 6.25610168316553e-24, nan 
28.875, 83.875, 6.1568639848946945e-24, nan 
29.125, 83.875, 5.8310847048581774e-24, nan 
29.375, 83.875, 5.690493736340859e-24, nan 
29.625, 83.875, 5.4433905733378695e-24, nan 
29.875, 83.875, 5.2615463549632986e-24, nan 
30.125, 83.875, 5.0948420935941085e-24, nan 
30.375, 83.875, 5.068195893448798e-24, nan 
30.625, 83.875, 4.827385273571265e-24, nan 
30.875, 83.875, 4.707063971354997e-24, nan 
31.125, 83.875, 4.53427233025192e-24, nan 
31.375, 83.875, 4.5190320386511024e-24, nan 
31.625, 83.875, 4.442295477561672e-24, nan 
31.875, 83.875, 4.369701846131129e-24, nan 
32.125, 83.875, 4.252283474960363e-24, nan 
32.375, 83.875, 4.2254810703800155e-24, nan 
32.625, 83.875, 4.165360946128839e-24, nan 
32.875, 83.875, 4.213605234170965e-24, nan 
33.125, 83.875, 4.1496469116056856e-24, nan 
33.375, 83.875, 4.218211576639126e-24, nan 
33.625, 83.875, 4.37140546763663e-24, nan 
33.875, 83.875, 4.352867632346858e-24, nan 
34.125, 83.875, 4.293626298020855e-24, nan 
34.375, 83.875, 4.1095896603952306e-24, nan 
34.625, 83.875, 4.350334150514603e-24, nan 
34.875, 83.875, 4.437751423532038e-24, nan 
35.125, 83.875, 4.3749410066833916e-24, nan 
35.375, 83.875, 4.119087040066321e-24, nan 
35.625, 83.875, 3.9786843685544354e-24, nan 
35.875, 83.875, 4.014616265428399e-24, nan 
36.125, 83.875, 3.966433608769761e-24, nan 
36.375, 83.875, 3.6632368034816564e-24, nan 
36.625, 83.875, 3.388806133559628e-24, nan 
36.875, 83.875, 3.2644458548870308e-24, nan 
37.125, 83.875, 3.137753977372866e-24, nan 
37.375, 83.875, 2.9612851666171594e-24, nan 
37.625, 83.875, 2.6493186351772106e-24, nan 
37.875, 83.875, 2.370023728669785e-24, nan 
38.125, 83.875, 1.919729363009703e-24, nan 
38.375, 83.875, 1.7804963784975594e-24, nan 
38.625, 83.875, 1.9536090330151252e-24, nan 
38.875, 83.875, 2.0358867374642284e-24, nan 
39.125, 83.875, 2.2427450907709225e-24, nan 
39.375, 83.875, 2.200787218820736e-24, nan 
39.625, 83.875, 2.449309507855344e-24, nan 
39.875, 83.875, 2.7458735240686916e-24, nan 
40.125, 83.875, 3.030743000719242e-24, nan 
40.375, 83.875, 3.563430034780211e-24, nan 
40.625, 83.875, 3.8216532946607215e-24, nan 
40.875, 83.875, 4.2381639172621344e-24, nan 
41.125, 83.875, 4.783859051082022e-24, nan 
41.375, 83.875, 5.270524881673772e-24, nan 
41.625, 83.875, 5.413741728789423e-24, nan 
41.875, 83.875, 5.555802338931251e-24, nan 
42.125, 83.875, 5.614495804210092e-24, nan 
42.375, 83.875, 6.227624594420851e-24, nan 
42.625, 83.875, 6.5305711717604295e-24, nan 
42.875, 83.875, 6.808690838177845e-24, nan 
43.125, 83.875, 6.90967234137239e-24, nan 
43.375, 83.875, 7.475329806440232e-24, nan 
43.625, 83.875, 7.865397759713031e-24, nan 
43.875, 83.875, 8.252412469474707e-24, nan 
44.125, 83.875, 8.234890352058858e-24, nan 
44.375, 83.875, 8.741963783751122e-24, nan 
44.625, 83.875, 9.540117076836183e-24, nan 
44.875, 83.875, 1.0449471193325963e-23, nan 
45.125, 83.875, 1.0549061184908582e-23, nan 
45.375, 83.875, 1.0379859531194783e-23, nan 
45.625, 83.875, 1.111695004569761e-23, nan 
45.875, 83.875, 1.3014896982386774e-23, nan 
46.125, 83.875, 1.3748824455639043e-23, nan 
46.375, 83.875, 1.4238720601408562e-23, nan 
46.625, 83.875, 1.9158194542873752e-23, nan 
46.875, 83.875, 2.5094687559702294e-23, nan 
47.125, 83.875, 2.633202071833441e-23, nan 
47.375, 83.875, 2.545736733237253e-23, nan 
47.625, 83.875, 2.5771185700453034e-23, nan 
47.875, 83.875, 2.62611611079072e-23, nan 
48.125, 83.875, 2.86643119034339e-23, nan 
48.375, 83.875, 2.7911606569025525e-23, nan 
48.625, 83.875, 3.056184408016298e-23, nan 
48.875, 83.875, 3.772571758956463e-23, nan 
49.125, 83.875, 3.7476853637524185e-23, nan 
49.375, 83.875, 3.7505886870230866e-23, nan 
49.625, 83.875, 4.4825497614595765e-23, nan 
49.875, 83.875, 4.952193985679868e-23, nan 
50.125, 83.875, 4.5289320609461016e-23, nan 
50.375, 83.875, 4.315566005129858e-23, nan 
50.625, 83.875, 6.331244041203437e-23, nan 
50.875, 83.875, 7.260091477482822e-23, nan 
51.125, 83.875, 5.956020776492282e-23, nan 
51.375, 83.875, 5.2025301262788266e-23, nan 
51.625, 83.875, 7.375724890736133e-23, nan 
51.875, 83.875, 8.47565579068984e-23, nan 
52.125, 83.875, 7.352134846677623e-23, nan 
52.375, 83.875, 7.080012194225489e-23, nan 
52.625, 83.875, 8.939767592775388e-23, nan 
52.875, 83.875, 9.319241966862027e-23, nan 
53.125, 83.875, 9.042693215610964e-23, nan 
53.375, 83.875, 8.182128744140924e-23, nan 
53.625, 83.875, 7.886569443123732e-23, nan 
53.875, 83.875, 5.1735593778540084e-23, nan 
54.125, 83.875, 5.1098308175765195e-23, nan 
54.375, 83.875, 5.531917148057484e-23, nan 
54.625, 83.875, 5.385256634869553e-23, nan 
54.875, 83.875, 5.437705002438257e-23, nan 
55.125, 83.875, 5.497025335359467e-23, nan 
55.375, 83.875, 5.873395235304698e-23, nan 
55.625, 83.875, 5.855872317612923e-23, nan 
55.875, 83.875, 5.730819926847404e-23, nan 
56.125, 83.875, 5.924518996627564e-23, nan 
56.375, 83.875, 7.584787974793183e-23, nan 
56.625, 83.875, 8.544047219717003e-23, nan 
56.875, 83.875, 8.202093531724853e-23, nan 
57.125, 83.875, 8.403853261470761e-23, nan 
57.375, 83.875, 8.609986555217165e-23, nan 
57.625, 83.875, 8.281107038332804e-23, nan 
57.875, 83.875, 9.101578236009255e-23, nan 
58.125, 83.875, 9.546109707614941e-23, nan 
58.375, 83.875, 9.521395849378281e-23, nan 
58.625, 83.875, 9.230763437849065e-23, nan 
58.875, 83.875, 9.625184972357112e-23, nan 
59.125, 83.875, 1.007230361889552e-22, nan 
59.375, 83.875, 1.0093685415897305e-22, nan 
59.625, 83.875, 1.0886388051950945e-22, nan 
59.875, 83.875, 1.0924714905994082e-22, nan 
60.125, 83.875, 1.233189876208348e-22, nan 
60.375, 83.875, 1.2342603322548844e-22, nan 
60.625, 83.875, 1.2319101933543324e-22, nan 
60.875, 83.875, 1.2674288370246666e-22, nan 
61.125, 83.875, 1.3113269014756797e-22, nan 
61.375, 83.875, 1.3409116475854176e-22, nan 
61.625, 83.875, 1.3986794888901548e-22, nan 
61.875, 83.875, 1.6362380252177883e-22, nan 
62.125, 83.875, 1.989741802299908e-22, nan 
62.375, 83.875, 1.8771924049229982e-22, nan 
62.625, 83.875, 1.721386154504928e-22, nan 
62.875, 83.875, 1.9608514698167986e-22, nan 
63.125, 83.875, 1.9752415423997843e-22, nan 
63.375, 83.875, 1.5389359230139158e-22, nan 
63.625, 83.875, 1.4257611124117598e-22, nan 
63.875, 83.875, 1.4460841899687469e-22, nan 
64.125, 83.875, 1.1865360344426294e-22, nan 
64.375, 83.875, 1.5470667320051015e-22, nan 
64.625, 83.875, 1.5001957996684859e-22, nan 
64.875, 83.875, 1.2345816572149543e-22, nan 
65.125, 83.875, 1.5231452069151846e-22, nan 
65.375, 83.875, 1.6959266549873014e-22, nan 
65.625, 83.875, 1.5031028495983072e-22, nan 
65.875, 83.875, 1.43756344087068e-22, nan 
66.125, 83.875, 1.3843001996098936e-22, nan 
66.375, 83.875, 1.0922929526049593e-22, nan 
66.625, 83.875, 9.687484773470208e-23, nan 
66.875, 83.875, 1.0499489448197979e-22, nan 
67.125, 83.875, 1.2382480863644378e-22, nan 
67.375, 83.875, 1.1911133814502523e-22, nan 
67.625, 83.875, 1.24659436686134e-22, nan 
67.875, 83.875, 1.4057805210816015e-22, nan 
68.125, 83.875, 1.4769224445069973e-22, nan 
68.375, 83.875, 1.4269550696879157e-22, nan 
68.625, 83.875, 1.0632069068999877e-22, nan 
68.875, 83.875, 6.022855862508372e-23, nan 
69.125, 83.875, 5.628682374003064e-23, nan 
69.375, 83.875, 5.1596481130522544e-23, nan 
69.625, 83.875, 4.8658578601894785e-23, nan 
69.875, 83.875, 3.924959773563187e-23, nan 
70.125, 83.875, 4.8466911895356824e-23, nan 
70.375, 83.875, 5.598090064811787e-23, nan 
70.625, 83.875, 5.440364729587595e-23, nan 
70.875, 83.875, 6.325054186796582e-23, nan 
71.125, 83.875, 7.239083601172985e-23, nan 
71.375, 83.875, 8.09594845574458e-23, nan 
71.625, 83.875, 8.623250653421542e-23, nan 
71.875, 83.875, 8.476617344279938e-23, nan 
72.125, 83.875, 8.605585103412738e-23, nan 
72.375, 83.875, 8.995674237304417e-23, nan 
72.625, 83.875, 9.435092130691896e-23, nan 
72.875, 83.875, 9.578669764443784e-23, nan 
73.125, 83.875, 9.516402998867712e-23, nan 
73.375, 83.875, 1.0433830498467826e-22, nan 
73.625, 83.875, 1.0519370045813436e-22, nan 
73.875, 83.875, 1.0665182655189402e-22, nan 
74.125, 83.875, 1.0592001473552573e-22, nan 
74.375, 83.875, 1.1507700792299444e-22, nan 
74.625, 83.875, 1.2412770686990398e-22, nan 
74.875, 83.875, 1.263546191027978e-22, nan 
75.125, 83.875, 1.3085200842643176e-22, nan 
75.375, 83.875, 1.4874507314425184e-22, nan 
75.625, 83.875, 1.2774274659016278e-22, nan 
75.875, 83.875, 1.2618758687499728e-22, nan 
76.125, 83.875, 1.1140893216611643e-22, nan 
76.375, 83.875, 9.958553187562768e-23, nan 
76.625, 83.875, 1.058434086551418e-22, nan 
76.875, 83.875, 9.993460311505598e-23, nan 
77.125, 83.875, 9.133075687704276e-23, nan 
77.375, 83.875, 8.756912341259228e-23, nan 
77.625, 83.875, 8.545137414572788e-23, nan 
77.875, 83.875, 8.919545216379982e-23, nan 
78.125, 83.875, 9.286336471597865e-23, nan 
78.375, 83.875, 8.599380820720749e-23, nan 
78.625, 83.875, 8.11273756552978e-23, nan 
78.875, 83.875, 8.125994082796255e-23, nan 
79.125, 83.875, 7.805840375288494e-23, nan 
79.375, 83.875, 8.416904452856122e-23, nan 
79.625, 83.875, 6.897748023876485e-23, nan 
79.875, 83.875, 5.2835937149294804e-23, nan 
80.125, 83.875, 4.8474302713925864e-23, nan 
80.375, 83.875, 7.788410314443078e-23, nan 
80.625, 83.875, 7.982375282556735e-23, nan 
80.875, 83.875, 7.432043385424884e-23, nan 
81.125, 83.875, 8.094202745789523e-23, nan 
81.375, 83.875, 9.221332457164945e-23, nan 
81.625, 83.875, 9.74704712173799e-23, nan 
81.875, 83.875, 8.149909817080335e-23, nan 
82.125, 83.875, 7.791271727795658e-23, nan 
82.375, 83.875, 8.943074633085094e-23, nan 
82.625, 83.875, 1.0167648328176513e-22, nan 
82.875, 83.875, 7.849587724653384e-23, nan 
83.125, 83.875, 7.362252706296897e-23, nan 
83.375, 83.875, 1.1004493075091332e-22, nan 
83.625, 83.875, 1.24987888351411e-22, nan 
83.875, 83.875, 1.2601235214701629e-22, nan 
84.125, 83.875, 1.3614880105192487e-22, nan 
84.375, 83.875, 1.592570780032324e-22, nan 
84.625, 83.875, 1.697952448359077e-22, nan 
84.875, 83.875, 1.7826533834167934e-22, nan 
85.125, 83.875, 1.6943659038244352e-22, nan 
85.375, 83.875, 1.814829211779775e-22, nan 
85.625, 83.875, 1.8116147174022654e-22, nan 
85.875, 83.875, 1.9526321964870217e-22, nan 
86.125, 83.875, 1.5748185028813012e-22, nan 
86.375, 83.875, 1.6559926158029196e-22, nan 
86.625, 83.875, 2.318924164610606e-22, nan 
86.875, 83.875, 2.740446699461802e-22, nan 
87.125, 83.875, 3.0053683932835685e-22, nan 
87.375, 83.875, 2.751650818308623e-22, nan 
87.625, 83.875, 3.02840795945887e-22, nan 
87.875, 83.875, 3.0624465762374654e-22, nan 
88.125, 83.875, 3.316544998506328e-22, nan 
88.375, 83.875, 2.3706143634229207e-22, nan 
88.625, 83.875, 1.6691893492178167e-22, nan 
88.875, 83.875, 2.0046414299122708e-22, nan 
89.125, 83.875, 1.8402859772806308e-22, nan 
89.375, 83.875, 1.8791998690072242e-22, nan 
89.625, 83.875, 1.9862345444509955e-22, nan 
89.875, 83.875, 2.2405151986604664e-22, nan 
90.125, 83.875, 2.3879550921137892e-22, nan 
90.375, 83.875, 2.692243646701407e-22, nan 
90.625, 83.875, 2.7368699052666017e-22, nan 
90.875, 83.875, 2.586778448774048e-22, nan 
91.125, 83.875, 2.766560902467758e-22, nan 
91.375, 83.875, 1.8158344360008826e-22, nan 
91.625, 83.875, 2.559915622495682e-22, nan 
91.875, 83.875, 2.672833354912699e-22, nan 
92.125, 83.875, 1.3011299142244567e-22, nan 
92.375, 83.875, 1.1387824715228933e-22, nan 
92.625, 83.875, 2.407144595989173e-22, nan 
92.875, 83.875, 4.656685184598504e-22, nan 
93.125, 83.875, 3.3558219428950145e-22, nan 
93.375, 83.875, 1.4183976235617248e-22, nan 
93.625, 83.875, 1.3726220285284403e-22, nan 
93.875, 83.875, 1.3936468879741064e-22, nan 
94.125, 83.875, 1.9748062780821076e-22, nan 
94.375, 83.875, 1.947286246426736e-22, nan 
94.625, 83.875, 1.6576695602325857e-22, nan 
94.875, 83.875, 1.6454180570314627e-22, nan 
95.125, 83.875, 1.955099718602061e-22, nan 
95.375, 83.875, 1.7376851971159135e-22, nan 
95.625, 83.875, 1.8186873495204683e-22, nan 
95.875, 83.875, 2.0314202273534191e-22, nan 
96.125, 83.875, 1.9940277095227522e-22, nan 
96.375, 83.875, 2.8601575901745396e-22, nan 
96.625, 83.875, 3.255218515707249e-22, nan 
96.875, 83.875, 3.4626692511567864e-22, nan 
97.125, 83.875, 5.061376036422232e-22, nan 
97.375, 83.875, 4.215467332944648e-22, nan 
97.625, 83.875, 2.5790241262791334e-22, nan 
97.875, 83.875, 2.3535083790396387e-22, nan 
98.125, 83.875, 3.383132225504692e-22, nan 
98.375, 83.875, 5.193374251513259e-22, nan 
98.625, 83.875, 5.600750031773954e-22, nan 
98.875, 83.875, 5.036199841962254e-22, nan 
99.125, 83.875, 4.298821263751752e-22, nan 
99.375, 83.875, 5.214868415976858e-22, nan 
99.625, 83.875, 6.351585253191752e-22, nan 
99.875, 83.875, 6.448109829387975e-22, nan 
100.125, 83.875, 6.4351730377794635e-22, nan 
100.375, 83.875, 6.701546694752918e-22, nan 
100.625, 83.875, 7.017089867794212e-22, nan 
100.875, 83.875, 6.86750173824673e-22, nan 
101.125, 83.875, 6.971741415232979e-22, nan 
101.375, 83.875, 6.897697123784161e-22, nan 
101.625, 83.875, 7.179643664713705e-22, nan 
101.875, 83.875, 7.116754059892578e-22, nan 
102.125, 83.875, 7.403423205421715e-22, nan 
102.375, 83.875, 7.419449637631165e-22, nan 
102.625, 83.875, 7.267666183635132e-22, nan 
102.875, 83.875, 6.408679563272322e-22, nan 
103.125, 83.875, 5.932487624148022e-22, nan 
103.375, 83.875, 6.688908285567942e-22, nan 
103.625, 83.875, 6.288850197593223e-22, nan 
103.875, 83.875, 5.838819589186384e-22, nan 
104.125, 83.875, 5.334039037081146e-22, nan 
104.375, 83.875, 5.457847526323487e-22, nan 
104.625, 83.875, 6.175697995102072e-22, nan 
104.875, 83.875, 7.027171786313694e-22, nan 
105.125, 83.875, 6.95216338281746e-22, nan 
105.375, 83.875, 6.876593085071992e-22, nan 
105.625, 83.875, 6.564241485175119e-22, nan 
105.875, 83.875, 6.436515838614175e-22, nan 
106.125, 83.875, 5.937326966708575e-22, nan 
106.375, 83.875, 7.703208813056296e-22, nan 
106.625, 83.875, 8.322064861591057e-22, nan 
106.875, 83.875, 7.761014084404497e-22, nan 
107.125, 83.875, 7.265071701238946e-22, nan 
107.375, 83.875, 6.442427958693959e-22, nan 
107.625, 83.875, 6.880252066849e-22, nan 
107.875, 83.875, 6.544262567766065e-22, nan 
108.125, 83.875, 7.062404701671317e-22, nan 
108.375, 83.875, 8.140821326381119e-22, nan 
108.625, 83.875, 1.1262794298169355e-21, nan 
108.875, 83.875, 1.1854805683938036e-21, nan 
109.125, 83.875, 1.1063486946453254e-21, nan 
109.375, 83.875, 9.720413763437967e-22, nan 
109.625, 83.875, 9.230174940452672e-22, nan 
109.875, 83.875, 1.027238408325577e-21, nan 
110.125, 83.875, 9.181300523174428e-22, nan 
110.375, 83.875, 8.934898159503599e-22, nan 
110.625, 83.875, 9.846157169931572e-22, nan 
110.875, 83.875, 9.209526766652653e-22, nan 
111.125, 83.875, 7.923843876087107e-22, nan 
111.375, 83.875, 5.531039105735546e-22, nan 
111.625, 83.875, 5.918928994573938e-22, nan 
111.875, 83.875, 6.248173598656463e-22, nan 
112.125, 83.875, 4.809875514812488e-22, nan 
112.375, 83.875, 5.304013609502762e-22, nan 
112.625, 83.875, 4.608382562856642e-22, nan 
112.875, 83.875, 5.306544091346218e-22, nan 
113.125, 83.875, 5.042701267673293e-22, nan 
113.375, 83.875, 6.843350479826021e-22, nan 
113.625, 83.875, 5.561977467197976e-22, nan 
113.875, 83.875, 5.917601380775366e-22, nan 
114.125, 83.875, 7.191706201863306e-22, nan 
114.375, 83.875, 9.058596816683423e-22, nan 
114.625, 83.875, 9.599473934510823e-22, nan 
114.875, 83.875, 1.0305456566160654e-21, nan 
115.125, 83.875, 1.0378735012977705e-21, nan 
115.375, 83.875, 1.0346922144853016e-21, nan 
115.625, 83.875, 1.0044813369406357e-21, nan 
115.875, 83.875, 9.65609631862185e-22, nan 
116.125, 83.875, 9.324427177247705e-22, nan 
116.375, 83.875, 1.054899572315926e-21, nan 
116.625, 83.875, 9.622799549456297e-22, nan 
116.875, 83.875, 9.461255786116012e-22, nan 
117.125, 83.875, 8.346027606964733e-22, nan 
117.375, 83.875, 8.650771602318908e-22, nan 
117.625, 83.875, 9.407391257834838e-22, nan 
117.875, 83.875, 1.0739628967038015e-21, nan 
118.125, 83.875, 1.3326318627841216e-21, nan 
118.375, 83.875, 1.4625001709295561e-21, nan 
118.625, 83.875, 1.6613214151690152e-21, nan 
118.875, 83.875, 1.5887549688543915e-21, nan 
119.125, 83.875, 1.5858658800558534e-21, nan 
119.375, 83.875, 2.1036220368930254e-21, nan 
119.625, 83.875, 1.939432544968685e-21, nan 
119.875, 83.875, 1.7538538759865855e-21, nan 
120.125, 83.875, 2.2748363884898932e-21, nan 
120.375, 83.875, 1.9273159167352525e-21, nan 
120.625, 83.875, 1.8588901852736013e-21, nan 
120.875, 83.875, 1.697581375906213e-21, nan 
121.125, 83.875, 1.5157560081733422e-21, nan 
121.375, 83.875, 1.5891507643669065e-21, nan 
121.625, 83.875, 1.558514854141397e-21, nan 
121.875, 83.875, 1.4175707114076182e-21, nan 
122.125, 83.875, 1.322776919972442e-21, nan 
122.375, 83.875, 2.796617470942467e-21, nan 
122.625, 83.875, 2.7406409593287425e-21, nan 
122.875, 83.875, 2.4799942601527864e-21, nan 
123.125, 83.875, 1.4375357053110224e-21, nan 
123.375, 83.875, 1.6033947205608038e-21, nan 
123.625, 83.875, 1.6260973910733631e-21, nan 
123.875, 83.875, 1.5590185501726608e-21, nan 
124.125, 83.875, 1.436934928707607e-21, nan 
124.375, 83.875, 1.3901448472525838e-21, nan 
124.625, 83.875, 1.8968040292171453e-21, nan 
124.875, 83.875, 1.9574349835258843e-21, nan 
125.125, 83.875, 1.8668945066771855e-21, nan 
125.375, 83.875, 1.0069049524491773e-21, nan 
125.625, 83.875, 1.0401143532830314e-21, nan 
125.875, 83.875, 8.895330162169443e-22, nan 
126.125, 83.875, 8.386265804168718e-22, nan 
126.375, 83.875, 8.118414794116962e-22, nan 
126.625, 83.875, 8.50586094546303e-22, nan 
126.875, 83.875, 8.784658793884406e-22, nan 
127.125, 83.875, 8.620532265209487e-22, nan 
127.375, 83.875, 8.923711742364106e-22, nan 
127.625, 83.875, 9.076996438654338e-22, nan 
127.875, 83.875, 7.615049445425181e-22, nan 
128.125, 83.875, 6.597651567031529e-22, nan 
128.375, 83.875, 7.210566270255026e-22, nan 
128.625, 83.875, 8.01893324085781e-22, nan 
128.875, 83.875, 6.420043206691538e-22, nan 
129.125, 83.875, 6.607418349975692e-22, nan 
129.375, 83.875, 6.425974986628022e-22, nan 
129.625, 83.875, 6.837067344105956e-22, nan 
129.875, 83.875, 7.016183662467393e-22, nan 
130.125, 83.875, 6.110897738850045e-22, nan 
130.375, 83.875, 5.960014258567469e-22, nan 
130.625, 83.875, 4.566399733073968e-22, nan 
130.875, 83.875, 4.766603060318206e-22, nan 
131.125, 83.875, 4.1671618793738897e-22, nan 
131.375, 83.875, 3.9796510461132808e-22, nan 
131.625, 83.875, 3.763840105758871e-22, nan 
131.875, 83.875, 3.6817675542218965e-22, nan 
132.125, 83.875, 3.049723211186488e-22, nan 
132.375, 83.875, 2.401842344081918e-22, nan 
132.625, 83.875, 2.2551514539854134e-22, nan 
132.875, 83.875, 2.3382466881220727e-22, nan 
133.125, 83.875, 2.820461282473131e-22, nan 
133.375, 83.875, 2.796684128269203e-22, nan 
133.625, 83.875, 3.1150533125708427e-22, nan 
133.875, 83.875, 2.9965980138468463e-22, nan 
134.125, 83.875, 2.681918357246881e-22, nan 
134.375, 83.875, 2.0775427571344015e-22, nan 
134.625, 83.875, 1.4547537126764898e-22, nan 
134.875, 83.875, 1.6284083787739435e-22, nan 
135.125, 83.875, 1.7432336807681256e-22, nan 
135.375, 83.875, 1.58066900872477e-22, nan 
135.625, 83.875, 1.7568542843506918e-22, nan 
135.875, 83.875, 2.3947165595652344e-22, nan 
136.125, 83.875, 2.872069957992184e-22, nan 
136.375, 83.875, 3.5049494531574027e-22, nan 
136.625, 83.875, 3.690957857577318e-22, nan 
136.875, 83.875, 2.647224049155815e-22, nan 
137.125, 83.875, 1.8325186181855804e-22, nan 
137.375, 83.875, 9.662590907834563e-23, nan 
137.625, 83.875, 1.4685579611334926e-22, nan 
137.875, 83.875, 1.7448885924621557e-22, nan 
138.125, 83.875, 3.1700018501949648e-22, nan 
138.375, 83.875, 5.009255058264729e-22, nan 
138.625, 83.875, 6.38501035255253e-22, nan 
138.875, 83.875, 6.490690196415389e-22, nan 
139.125, 83.875, 4.74102948601936e-22, nan 
139.375, 83.875, 3.377534601181189e-22, nan 
139.625, 83.875, 1.3579927826704122e-22, nan 
139.875, 83.875, 2.3244728620572956e-22, nan 
140.125, 83.875, 3.0478462085031467e-22, nan 
140.375, 83.875, 3.3139313206993866e-22, nan 
140.625, 83.875, 3.863587063401241e-22, nan 
140.875, 83.875, 4.197177554310141e-22, nan 
141.125, 83.875, 3.9823941874414644e-22, nan 
141.375, 83.875, 3.4402155602188487e-22, nan 
141.625, 83.875, 2.9345997765085655e-22, nan 
141.875, 83.875, 1.8735227472624376e-22, nan 
142.125, 83.875, 1.4794730384736576e-22, nan 
142.375, 83.875, 1.4917217899591208e-22, nan 
142.625, 83.875, 1.2391228804108087e-22, nan 
142.875, 83.875, 1.074068353044872e-22, nan 
143.125, 83.875, 8.06007507990343e-23, nan 
143.375, 83.875, 7.523756664304162e-23, nan 
143.625, 83.875, 6.976187547776085e-23, nan 
143.875, 83.875, 8.083418891008231e-23, nan 
144.125, 83.875, 9.079887431273043e-23, nan 
144.375, 83.875, 8.446994137937091e-23, nan 
144.625, 83.875, 7.79603754731312e-23, nan 
144.875, 83.875, 6.423052113239491e-23, nan 
145.125, 83.875, 5.978030710451168e-23, nan 
145.375, 83.875, 5.0507399175654243e-23, nan 
145.625, 83.875, 4.370299237278051e-23, nan 
145.875, 83.875, 3.7007809521799977e-23, nan 
146.125, 83.875, 2.4806853486845517e-23, nan 
146.375, 83.875, 2.2507382001631114e-23, nan 
146.625, 83.875, 2.0055583357236904e-23, nan 
146.875, 83.875, 2.092511226231189e-23, nan 
147.125, 83.875, 1.9091874065789245e-23, nan 
147.375, 83.875, 1.906795906263114e-23, nan 
147.625, 83.875, 1.5793561422368607e-23, nan 
147.875, 83.875, 1.5504292489942828e-23, nan 
148.125, 83.875, 2.2973756402372217e-23, nan 
148.375, 83.875, 2.4996127290804622e-23, nan 
148.625, 83.875, 2.516834761559877e-23, nan 
148.875, 83.875, 2.9463404892232956e-23, nan 
149.125, 83.875, 3.5206212057685514e-23, nan 
149.375, 83.875, 3.870258633943852e-23, nan 
149.625, 83.875, 3.177254229553639e-23, nan 
149.875, 83.875, 2.9149373686999516e-23, nan 
150.125, 83.875, 3.3051004217189095e-23, nan 
150.375, 83.875, 3.5957311285058924e-23, nan 
150.625, 83.875, 3.754277545761677e-23, nan 
150.875, 83.875, 3.861109244930946e-23, nan 
151.125, 83.875, 4.129385949036141e-23, nan 
151.375, 83.875, 4.752063195552498e-23, nan 
151.625, 83.875, 5.247222547507389e-23, nan 
151.875, 83.875, 5.1038820329240714e-23, nan 
152.125, 83.875, 5.266230910865624e-23, nan 
152.375, 83.875, 5.0618325504243647e-23, nan 
152.625, 83.875, 4.699508289988941e-23, nan 
152.875, 83.875, 4.389917368464196e-23, nan 
153.125, 83.875, 3.7813630462401144e-23, nan 
153.375, 83.875, 3.3326633405377913e-23, nan 
153.625, 83.875, 3.329664854737432e-23, nan 
153.875, 83.875, 3.186700281106763e-23, nan 
154.125, 83.875, 3.1606388748434155e-23, nan 
154.375, 83.875, 3.4156591694416304e-23, nan 
154.625, 83.875, 3.522823450104323e-23, nan 
154.875, 83.875, 4.1839366392014614e-23, nan 
155.125, 83.875, 3.953093119423785e-23, nan 
155.375, 83.875, 4.3684490112811655e-23, nan 
155.625, 83.875, 4.7198597766541384e-23, nan 
155.875, 83.875, 5.651843531379127e-23, nan 
156.125, 83.875, 7.227760145069864e-23, nan 
156.375, 83.875, 8.105969859157631e-23, nan 
156.625, 83.875, 9.010092651942689e-23, nan 
156.875, 83.875, 9.480216199718493e-23, nan 
157.125, 83.875, 9.759363523157781e-23, nan 
157.375, 83.875, 1.3201643715799411e-22, nan 
157.625, 83.875, 1.6263493657127424e-22, nan 
157.875, 83.875, 1.4703346508975945e-22, nan 
158.125, 83.875, 1.3597443810697401e-22, nan 
158.375, 83.875, 1.2665186689970964e-22, nan 
158.625, 83.875, 1.1070921218332706e-22, nan 
158.875, 83.875, 9.302136682765581e-23, nan 
159.125, 83.875, 7.777789262688567e-23, nan 
159.375, 83.875, 7.536617920137393e-23, nan 
159.625, 83.875, 1.5159748217141168e-22, nan 
159.875, 83.875, 1.8589821033714064e-22, nan 
160.125, 83.875, 1.8677698989251943e-22, nan 
160.375, 83.875, 1.7355915102617703e-22, nan 
160.625, 83.875, 1.7618878643791661e-22, nan 
160.875, 83.875, 1.6407645294832322e-22, nan 
161.125, 83.875, 1.3453539649892354e-22, nan 
161.375, 83.875, 1.1673073803752498e-22, nan 
161.625, 83.875, 1.0212398692637306e-22, nan 
161.875, 83.875, 1.0936440290315532e-22, nan 
162.125, 83.875, 1.2080377558166762e-22, nan 
162.375, 83.875, 1.1825370574337546e-22, nan 
162.625, 83.875, 1.0977581282319592e-22, nan 
162.875, 83.875, 1.0518077128819058e-22, nan 
163.125, 83.875, 9.930447087356506e-23, nan 
163.375, 83.875, 8.913650435502144e-23, nan 
163.625, 83.875, 8.438968741693807e-23, nan 
163.875, 83.875, 9.189079367571029e-23, nan 
164.125, 83.875, 9.907915650178697e-23, nan 
164.375, 83.875, 1.126769282229911e-22, nan 
164.625, 83.875, 1.0462534707436046e-22, nan 
164.875, 83.875, 1.1157662674834828e-22, nan 
165.125, 83.875, 1.069208766728259e-22, nan 
165.375, 83.875, 1.0806807915830003e-22, nan 
165.625, 83.875, 1.0336920174997918e-22, nan 
165.875, 83.875, 9.431117134917826e-23, nan 
166.125, 83.875, 1.0183124783221484e-22, nan 
166.375, 83.875, 1.0151757409845694e-22, nan 
166.625, 83.875, 1.0279658010130789e-22, nan 
166.875, 83.875, 9.43786269152422e-23, nan 
167.125, 83.875, 1.0536781436264414e-22, nan 
167.375, 83.875, 1.064321906715828e-22, nan 
167.625, 83.875, 1.040374725969675e-22, nan 
167.875, 83.875, 1.0366431348767947e-22, nan 
168.125, 83.875, 9.787290304783054e-23, nan 
168.375, 83.875, 8.305222702471236e-23, nan 
168.625, 83.875, 7.399117504949262e-23, nan 
168.875, 83.875, 7.039469838661434e-23, nan 
169.125, 83.875, 7.417633017519721e-23, nan 
169.375, 83.875, 6.641024256593977e-23, nan 
169.625, 83.875, 5.96376872694801e-23, nan 
169.875, 83.875, 5.569503160115972e-23, nan 
170.125, 83.875, 4.147858218943276e-23, nan 
170.375, 83.875, 2.8441325438945477e-23, nan 
170.625, 83.875, 2.4845440545463423e-23, nan 
170.875, 83.875, 2.7381765426754065e-23, nan 
171.125, 83.875, 2.090736429061447e-23, nan 
171.375, 83.875, 1.340362417172885e-23, nan 
171.625, 83.875, 1.077459321325364e-23, nan 
171.875, 83.875, 9.752724004363561e-24, nan 
172.125, 83.875, 9.973705271355618e-24, nan 
172.375, 83.875, 1.0322079829456238e-23, nan 
172.625, 83.875, 9.341578183624337e-24, nan 
172.875, 83.875, 8.44975499035303e-24, nan 
173.125, 83.875, 8.871874915461547e-24, nan 
173.375, 83.875, 9.276156271817814e-24, nan 
173.625, 83.875, 7.535530678122886e-24, nan 
173.875, 83.875, 5.9811160613072686e-24, nan 
174.125, 83.875, 6.233885638051846e-24, nan 
174.375, 83.875, 6.538158737302393e-24, nan 
174.625, 83.875, 6.859933076792877e-24, nan 
174.875, 83.875, 6.635406882150774e-24, nan 
175.125, 83.875, 6.294113251837988e-24, nan 
175.375, 83.875, 5.9829239344886365e-24, nan 
175.625, 83.875, 6.208659253637553e-24, nan 
175.875, 83.875, 5.219815039746427e-24, nan 
176.125, 83.875, 4.5175192679864845e-24, nan 
176.375, 83.875, 4.735373420048795e-24, nan 
176.625, 83.875, 4.964305194392671e-24, nan 
176.875, 83.875, 4.942886841011162e-24, nan 
177.125, 83.875, 4.234202840631479e-24, nan 
177.375, 83.875, 4.4451373292878276e-24, nan 
177.625, 83.875, 5.719496148584465e-24, nan 
177.875, 83.875, 6.130456861474264e-24, nan 
178.125, 83.875, 5.662649774706907e-24, nan 
178.375, 83.875, 5.4037484978248025e-24, nan 
178.625, 83.875, 5.8362957100313885e-24, nan 
178.875, 83.875, 6.45102466083982e-24, nan 
179.125, 83.875, 6.130683152609232e-24, nan 
179.375, 83.875, 5.61292109977057e-24, nan 
179.625, 83.875, 5.142938254055045e-24, nan 
179.875, 83.875, 4.779994206125063e-24, nan 
-179.875, 84.125, 8.80655743531949e-24, nan 
-179.625, 84.125, 9.335027654834961e-24, nan 
-179.375, 84.125, 8.51091496985381e-24, nan 
-179.125, 84.125, 7.477456173466869e-24, nan 
-178.875, 84.125, 7.311970069046775e-24, nan 
-178.625, 84.125, 7.97262031428694e-24, nan 
-178.375, 84.125, 9.521813135512409e-24, nan 
-178.125, 84.125, 1.0276427661617363e-23, nan 
-177.875, 84.125, 1.0625355718190997e-23, nan 
-177.625, 84.125, 9.965403333247313e-24, nan 
-177.375, 84.125, 9.922049592340098e-24, nan 
-177.125, 84.125, 9.709822355589485e-24, nan 
-176.875, 84.125, 8.924149615373802e-24, nan 
-176.625, 84.125, 9.06049129135291e-24, nan 
-176.375, 84.125, 8.853482709905488e-24, nan 
-176.125, 84.125, 8.261847158890084e-24, nan 
-175.875, 84.125, 8.9851137938643e-24, nan 
-175.625, 84.125, 8.998551346860361e-24, nan 
-175.375, 84.125, 8.311635924917378e-24, nan 
-175.125, 84.125, 8.115284250222799e-24, nan 
-174.875, 84.125, 8.114167973105673e-24, nan 
-174.625, 84.125, 8.193240935398124e-24, nan 
-174.375, 84.125, 8.445113286803327e-24, nan 
-174.125, 84.125, 8.797423425257696e-24, nan 
-173.875, 84.125, 8.972606049151041e-24, nan 
-173.625, 84.125, 9.36072102346689e-24, nan 
-173.375, 84.125, 9.091982456601719e-24, nan 
-173.125, 84.125, 8.108434320622136e-24, nan 
-172.875, 84.125, 7.27283540149433e-24, nan 
-172.625, 84.125, 7.119002908578589e-24, nan 
-172.375, 84.125, 6.746348495708266e-24, nan 
-172.125, 84.125, 7.177701663748545e-24, nan 
-171.875, 84.125, 8.822783800083073e-24, nan 
-171.625, 84.125, 1.0283837764648052e-23, nan 
-171.375, 84.125, 1.0879805997891888e-23, nan 
-171.125, 84.125, 1.0968218371256035e-23, nan 
-170.875, 84.125, 1.1935692675361556e-23, nan 
-170.625, 84.125, 1.1091704615067244e-23, nan 
-170.375, 84.125, 9.617168781369384e-24, nan 
-170.125, 84.125, 1.0865321091219439e-23, nan 
-169.875, 84.125, 1.2105162989736505e-23, nan 
-169.625, 84.125, 1.0710749113384602e-23, nan 
-169.375, 84.125, 1.0875726024416539e-23, nan 
-169.125, 84.125, 1.1675439662387915e-23, nan 
-168.875, 84.125, 1.2378053203833622e-23, nan 
-168.625, 84.125, 1.2921781008881309e-23, nan 
-168.375, 84.125, 1.2335365330264174e-23, nan 
-168.125, 84.125, 1.0892261806368318e-23, nan 
-167.875, 84.125, 1.1150311311386612e-23, nan 
-167.625, 84.125, 1.1124408523225486e-23, nan 
-167.375, 84.125, 1.0178034822254189e-23, nan 
-167.125, 84.125, 9.94880755319124e-24, nan 
-166.875, 84.125, 1.0008520614447729e-23, nan 
-166.625, 84.125, 9.675493968110485e-24, nan 
-166.375, 84.125, 9.542639185769887e-24, nan 
-166.125, 84.125, 1.0150516261551353e-23, nan 
-165.875, 84.125, 8.904369975830857e-24, nan 
-165.625, 84.125, 8.655893182383508e-24, nan 
-165.375, 84.125, 8.46531481710097e-24, nan 
-165.125, 84.125, 9.156741877865466e-24, nan 
-164.875, 84.125, 9.073987793396444e-24, nan 
-164.625, 84.125, 8.474226092707335e-24, nan 
-164.375, 84.125, 9.15936544323559e-24, nan 
-164.125, 84.125, 1.0195267410615408e-23, nan 
-163.875, 84.125, 1.0874021318126838e-23, nan 
-163.625, 84.125, 1.1495725062298888e-23, nan 
-163.375, 84.125, 1.2498489480874183e-23, nan 
-163.125, 84.125, 9.8456964293674e-24, nan 
-162.875, 84.125, 6.395207301279395e-24, nan 
-162.625, 84.125, 6.686654330804234e-24, nan 
-162.375, 84.125, 6.4142399273360296e-24, nan 
-162.125, 84.125, 6.89541368427555e-24, nan 
-161.875, 84.125, 8.97837047931332e-24, nan 
-161.625, 84.125, 1.0032152828493787e-23, nan 
-161.375, 84.125, 1.0028853416256058e-23, nan 
-161.125, 84.125, 1.0584422740722121e-23, nan 
-160.875, 84.125, 1.0595626751671095e-23, nan 
-160.625, 84.125, 9.238049764596158e-24, nan 
-160.375, 84.125, 8.673153003436786e-24, nan 
-160.125, 84.125, 8.654640471674006e-24, nan 
-159.875, 84.125, 8.918751531062464e-24, nan 
-159.625, 84.125, 9.237283801065144e-24, nan 
-159.375, 84.125, 9.896250750248957e-24, nan 
-159.125, 84.125, 1.2876179845942232e-23, nan 
-158.875, 84.125, 1.2525028714975635e-23, nan 
-158.625, 84.125, 1.1615394990988497e-23, nan 
-158.375, 84.125, 1.1310755203844354e-23, nan 
-158.125, 84.125, 1.2520269859828318e-23, nan 
-157.875, 84.125, 1.360042678208877e-23, nan 
-157.625, 84.125, 1.2600247827628044e-23, nan 
-157.375, 84.125, 1.1745688047841765e-23, nan 
-157.125, 84.125, 1.117764447297787e-23, nan 
-156.875, 84.125, 1.0685806046578903e-23, nan 
-156.625, 84.125, 1.0256892472654559e-23, nan 
-156.375, 84.125, 9.401872334051065e-24, nan 
-156.125, 84.125, 6.451645424234599e-24, nan 
-155.875, 84.125, 5.655385589975645e-24, nan 
-155.625, 84.125, 6.817216093628948e-24, nan 
-155.375, 84.125, 6.921476662642705e-24, nan 
-155.125, 84.125, 6.609433102190717e-24, nan 
-154.875, 84.125, 7.450052499536401e-24, nan 
-154.625, 84.125, 8.942626763084501e-24, nan 
-154.375, 84.125, 8.373240567754974e-24, nan 
-154.125, 84.125, 7.998873453537941e-24, nan 
-153.875, 84.125, 8.071434624662663e-24, nan 
-153.625, 84.125, 8.003225379766463e-24, nan 
-153.375, 84.125, 8.635536468573026e-24, nan 
-153.125, 84.125, 7.906617183493319e-24, nan 
-152.875, 84.125, 9.882409442371585e-24, nan 
-152.625, 84.125, 1.2087383211285719e-23, nan 
-152.375, 84.125, 1.4898122427854272e-23, nan 
-152.125, 84.125, 1.5139293200310076e-23, nan 
-151.875, 84.125, 1.639118912423589e-23, nan 
-151.625, 84.125, 1.637277931498531e-23, nan 
-151.375, 84.125, 1.4364584698511325e-23, nan 
-151.125, 84.125, 1.1676779988988188e-23, nan 
-150.875, 84.125, 9.809426827039276e-24, nan 
-150.625, 84.125, 1.1583996857843702e-23, nan 
-150.375, 84.125, 8.967016257554304e-24, nan 
-150.125, 84.125, 7.818674884695311e-24, nan 
-149.875, 84.125, 7.44821236057589e-24, nan 
-149.625, 84.125, 6.923864300831225e-24, nan 
-149.375, 84.125, 6.3057423356765205e-24, nan 
-149.125, 84.125, 5.306153646239083e-24, nan 
-148.875, 84.125, 9.168093824340638e-24, nan 
-148.625, 84.125, 4.120464234980207e-24, nan 
-148.375, 84.125, 4.13212789239079e-24, nan 
-148.125, 84.125, 4.763326667227042e-24, nan 
-147.875, 84.125, 4.3523091385224686e-24, nan 
-147.625, 84.125, 3.7809619009095516e-24, nan 
-147.375, 84.125, 3.53298130857048e-24, nan 
-147.125, 84.125, 3.2606764571306095e-24, nan 
-146.875, 84.125, 2.29953569794073e-24, nan 
-146.625, 84.125, 1.643500723110304e-24, nan 
-146.375, 84.125, 1.7931555941216685e-24, nan 
-146.125, 84.125, 2.2395332978042602e-24, nan 
-145.875, 84.125, 2.8387079348859876e-24, nan 
-145.625, 84.125, 2.9586763717540343e-24, nan 
-145.375, 84.125, 3.705551196348078e-24, nan 
-145.125, 84.125, 4.549836487051993e-24, nan 
-144.875, 84.125, 5.250679078876828e-24, nan 
-144.625, 84.125, 4.5728377472237816e-24, nan 
-144.375, 84.125, 3.1122018335477374e-24, nan 
-144.125, 84.125, 3.0395288402100856e-24, nan 
-143.875, 84.125, 4.398018774029593e-24, nan 
-143.625, 84.125, 4.637427347073329e-24, nan 
-143.375, 84.125, 5.143667148258493e-24, nan 
-143.125, 84.125, 4.968421780414495e-24, nan 
-142.875, 84.125, 5.2984648637458844e-24, nan 
-142.625, 84.125, 5.2036244244963516e-24, nan 
-142.375, 84.125, 6.0107329447886805e-24, nan 
-142.125, 84.125, 7.331648756602815e-24, nan 
-141.875, 84.125, 7.327599894321725e-24, nan 
-141.625, 84.125, 4.644977811692179e-24, nan 
-141.375, 84.125, 4.454605328531972e-24, nan 
-141.125, 84.125, 6.319481958619697e-24, nan 
-140.875, 84.125, 7.263538061407804e-24, nan 
-140.625, 84.125, 5.938155530525814e-24, nan 
-140.375, 84.125, 7.898399277004578e-24, nan 
-140.125, 84.125, 1.1977942703158104e-23, nan 
-139.875, 84.125, 1.3124218689271721e-23, nan 
-139.625, 84.125, 1.575015951617117e-23, nan 
-139.375, 84.125, 1.1255040340814813e-23, nan 
-139.125, 84.125, 8.106443525871843e-24, nan 
-138.875, 84.125, 7.700518410715073e-24, nan 
-138.625, 84.125, 9.255312737123231e-24, nan 
-138.375, 84.125, 8.596332312674761e-24, nan 
-138.125, 84.125, 7.859964901119578e-24, nan 
-137.875, 84.125, 8.348998304723742e-24, nan 
-137.625, 84.125, 8.431557027837133e-24, nan 
-137.375, 84.125, 7.89746650922159e-24, nan 
-137.125, 84.125, 1.2533517063584617e-23, nan 
-136.875, 84.125, 1.940416202419028e-23, nan 
-136.625, 84.125, 3.1876037756273326e-23, nan 
-136.375, 84.125, 3.410283078934455e-23, nan 
-136.125, 84.125, 3.707622850313842e-23, nan 
-135.875, 84.125, 3.8036937648747573e-23, nan 
-135.625, 84.125, 4.1933075847552863e-23, nan 
-135.375, 84.125, 3.9167643746103753e-23, nan 
-135.125, 84.125, 4.8592477693005926e-23, nan 
-134.875, 84.125, 5.154673646317467e-23, nan 
-134.625, 84.125, 5.528748028433991e-23, nan 
-134.375, 84.125, 5.61616430018185e-23, nan 
-134.125, 84.125, 5.800474780480391e-23, nan 
-133.875, 84.125, 5.687316984035284e-23, nan 
-133.625, 84.125, 5.483906907121102e-23, nan 
-133.375, 84.125, 5.384999510368813e-23, nan 
-133.125, 84.125, 5.292829355230478e-23, nan 
-132.875, 84.125, 5.2723280393654425e-23, nan 
-132.625, 84.125, 4.7645533829781445e-23, nan 
-132.375, 84.125, 4.410913341652559e-23, nan 
-132.125, 84.125, 4.400781850644132e-23, nan 
-131.875, 84.125, 4.90201267518906e-23, nan 
-131.625, 84.125, 5.36091374092533e-23, nan 
-131.375, 84.125, 5.39685421512416e-23, nan 
-131.125, 84.125, 5.250409654844502e-23, nan 
-130.875, 84.125, 5.278118822650536e-23, nan 
-130.625, 84.125, 5.238064548453007e-23, nan 
-130.375, 84.125, 4.981195688598199e-23, nan 
-130.125, 84.125, 4.6185710380785277e-23, nan 
-129.875, 84.125, 4.306908646925363e-23, nan 
-129.625, 84.125, 5.435133246829631e-23, nan 
-129.375, 84.125, 5.890098847712448e-23, nan 
-129.125, 84.125, 5.511698875927292e-23, nan 
-128.875, 84.125, 4.4431940431009243e-23, nan 
-128.625, 84.125, 3.023903311853519e-23, nan 
-128.375, 84.125, 3.433903409826436e-23, nan 
-128.125, 84.125, 3.382975080563394e-23, nan 
-127.875, 84.125, 3.2296449515238475e-23, nan 
-127.625, 84.125, 3.133972781291403e-23, nan 
-127.375, 84.125, 5.2801437677534337e-23, nan 
-127.125, 84.125, 6.463069725556642e-23, nan 
-126.875, 84.125, 5.941769127995553e-23, nan 
-126.625, 84.125, 4.046964442013004e-23, nan 
-126.375, 84.125, 3.138180326711897e-23, nan 
-126.125, 84.125, 3.3110010918716627e-23, nan 
-125.875, 84.125, 3.533410607401666e-23, nan 
-125.625, 84.125, 3.509650487920591e-23, nan 
-125.375, 84.125, 3.4599056400772035e-23, nan 
-125.125, 84.125, 4.282957729669821e-23, nan 
-124.875, 84.125, 3.518078039979476e-23, nan 
-124.625, 84.125, 3.287133640603828e-23, nan 
-124.375, 84.125, 2.2796969468838376e-23, nan 
-124.125, 84.125, 9.50699877478607e-24, nan 
-123.875, 84.125, 1.0572982727572156e-23, nan 
-123.625, 84.125, 1.1236683232563139e-23, nan 
-123.375, 84.125, 3.010148116400629e-23, nan 
-123.125, 84.125, 1.3016538506851683e-23, nan 
-122.875, 84.125, 7.688127662438175e-24, nan 
-122.625, 84.125, 7.22431241248291e-24, nan 
-122.375, 84.125, 6.503462256588985e-24, nan 
-122.125, 84.125, 6.870264868606723e-24, nan 
-121.875, 84.125, 7.962573998020025e-24, nan 
-121.625, 84.125, 1.0001604971440625e-23, nan 
-121.375, 84.125, 1.1490316680427179e-23, nan 
-121.125, 84.125, 1.0493040097907256e-23, nan 
-120.875, 84.125, 9.926160717723831e-24, nan 
-120.625, 84.125, 9.88044707195153e-24, nan 
-120.375, 84.125, 9.893638641265487e-24, nan 
-120.125, 84.125, 8.738274604482678e-24, nan 
-119.875, 84.125, 6.672908885703603e-24, nan 
-119.625, 84.125, 7.027948297596798e-24, nan 
-119.375, 84.125, 8.336470185482948e-24, nan 
-119.125, 84.125, 9.44566465626345e-24, nan 
-118.875, 84.125, 9.874174448190066e-24, nan 
-118.625, 84.125, 1.1048005709480332e-23, nan 
-118.375, 84.125, 1.0109089959746143e-23, nan 
-118.125, 84.125, 9.563826274266106e-24, nan 
-117.875, 84.125, 9.542762730897442e-24, nan 
-117.625, 84.125, 9.573253451712482e-24, nan 
-117.375, 84.125, 9.756466656052221e-24, nan 
-117.125, 84.125, 8.97066436553865e-24, nan 
-116.875, 84.125, 8.492934399882555e-24, nan 
-116.625, 84.125, 1.0026204396829488e-23, nan 
-116.375, 84.125, 9.073516449868303e-24, nan 
-116.125, 84.125, 8.818090670372536e-24, nan 
-115.875, 84.125, 1.0448925354898804e-23, nan 
-115.625, 84.125, 1.46887402545236e-23, nan 
-115.375, 84.125, 1.865625360714089e-23, nan 
-115.125, 84.125, 2.1131460795637773e-23, nan 
-114.875, 84.125, 2.1118541945966464e-23, nan 
-114.625, 84.125, 1.6737885655592912e-23, nan 
-114.375, 84.125, 1.3224613752094162e-23, nan 
-114.125, 84.125, 1.0397454164521264e-23, nan 
-113.875, 84.125, 8.65899256325778e-24, nan 
-113.625, 84.125, 6.992367945215511e-24, nan 
-113.375, 84.125, 7.781464227006832e-24, nan 
-113.125, 84.125, 8.785521634798887e-24, nan 
-112.875, 84.125, 9.173385745174e-24, nan 
-112.625, 84.125, 9.570178620080398e-24, nan 
-112.375, 84.125, 9.64680025279183e-24, nan 
-112.125, 84.125, 1.0324613942318066e-23, nan 
-111.875, 84.125, 7.859401432122317e-24, nan 
-111.625, 84.125, 7.116857465241879e-24, nan 
-111.375, 84.125, 4.98768258803742e-24, nan 
-111.125, 84.125, 4.4754828046944196e-24, nan 
-110.875, 84.125, 5.874605816596288e-24, nan 
-110.625, 84.125, 6.5311565393505044e-24, nan 
-110.375, 84.125, 9.155459963393617e-24, nan 
-110.125, 84.125, 9.39507372466805e-24, nan 
-109.875, 84.125, 1.0232284480148768e-23, nan 
-109.625, 84.125, 8.843178158887376e-24, nan 
-109.375, 84.125, 7.399869196263689e-24, nan 
-109.125, 84.125, 7.217892845099062e-24, nan 
-108.875, 84.125, 6.834775529885167e-24, nan 
-108.625, 84.125, 7.525235415137675e-24, nan 
-108.375, 84.125, 7.58030202786945e-24, nan 
-108.125, 84.125, 7.654357931351541e-24, nan 
-107.875, 84.125, 6.2588451301926134e-24, nan 
-107.625, 84.125, 3.478531788477186e-24, nan 
-107.375, 84.125, 5.3744297341194796e-24, nan 
-107.125, 84.125, 3.817190936179692e-24, nan 
-106.875, 84.125, 4.396451738612416e-24, nan 
-106.625, 84.125, 6.2627114751710286e-24, nan 
-106.375, 84.125, 7.895729250224286e-24, nan 
-106.125, 84.125, 6.819330240941956e-24, nan 
-105.875, 84.125, 7.240653302259156e-24, nan 
-105.625, 84.125, 6.4413008584518336e-24, nan 
-105.375, 84.125, 8.162271415137164e-24, nan 
-105.125, 84.125, 1.0137150297100344e-23, nan 
-104.875, 84.125, 6.495213341051357e-24, nan 
-104.625, 84.125, 8.606909586150935e-24, nan 
-104.375, 84.125, 1.2169984133213396e-23, nan 
-104.125, 84.125, 1.558116626165486e-23, nan 
-103.875, 84.125, 1.5890752211843696e-23, nan 
-103.625, 84.125, 1.756961154759147e-23, nan 
-103.375, 84.125, 1.870340392675452e-23, nan 
-103.125, 84.125, 2.1347589074544718e-23, nan 
-102.875, 84.125, 2.5141654365013418e-23, nan 
-102.625, 84.125, 2.802905674164723e-23, nan 
-102.375, 84.125, 3.0811585648234013e-23, nan 
-102.125, 84.125, 3.462836548986334e-23, nan 
-101.875, 84.125, 3.6129690349327765e-23, nan 
-101.625, 84.125, 3.8807819820288266e-23, nan 
-101.375, 84.125, 3.8569150684258683e-23, nan 
-101.125, 84.125, 3.644735511444757e-23, nan 
-100.875, 84.125, 2.640470740607765e-23, nan 
-100.625, 84.125, 2.3629083810347833e-23, nan 
-100.375, 84.125, 2.0708454125006393e-23, nan 
-100.125, 84.125, 2.5200428749413394e-23, nan 
-99.875, 84.125, 2.9556661518888156e-23, nan 
-99.625, 84.125, 2.920722600497676e-23, nan 
-99.375, 84.125, 3.01591306227496e-23, nan 
-99.125, 84.125, 3.0971418373950425e-23, nan 
-98.875, 84.125, 2.845406103217429e-23, nan 
-98.625, 84.125, 2.3232332758683775e-23, nan 
-98.375, 84.125, 2.1599383674476275e-23, nan 
-98.125, 84.125, 1.6209658470261665e-23, nan 
-97.875, 84.125, 1.13567873106791e-23, nan 
-97.625, 84.125, 8.786793242383554e-24, nan 
-97.375, 84.125, 8.95245123895413e-24, nan 
-97.125, 84.125, 1.0946406369671617e-23, nan 
-96.875, 84.125, 1.236931777799276e-23, nan 
-96.625, 84.125, 1.14910869296985e-23, nan 
-96.375, 84.125, 1.0429092823579438e-23, nan 
-96.125, 84.125, 1.0295430744941567e-23, nan 
-95.875, 84.125, 1.0638993174723184e-23, nan 
-95.625, 84.125, 1.0984355881329355e-23, nan 
-95.375, 84.125, 1.168291797156276e-23, nan 
-95.125, 84.125, 1.2119303574678607e-23, nan 
-94.875, 84.125, 1.2455253007022703e-23, nan 
-94.625, 84.125, 1.239614908298886e-23, nan 
-94.375, 84.125, 1.213378428614725e-23, nan 
-94.125, 84.125, 1.1698783675519062e-23, nan 
-93.875, 84.125, 1.0427014764288174e-23, nan 
-93.625, 84.125, 1.0511729843389647e-23, nan 
-93.375, 84.125, 1.0399846856165879e-23, nan 
-93.125, 84.125, 1.0537981946650095e-23, nan 
-92.875, 84.125, 1.0752603181912007e-23, nan 
-92.625, 84.125, 1.0894625636344694e-23, nan 
-92.375, 84.125, 1.0508329590623117e-23, nan 
-92.125, 84.125, 5.6669557872416424e-24, nan 
-91.875, 84.125, 5.238588637958528e-24, nan 
-91.625, 84.125, 3.763491422054877e-24, nan 
-91.375, 84.125, 2.8543922535511828e-24, nan 
-91.125, 84.125, 2.5705407906186042e-24, nan 
-90.875, 84.125, 2.3557338879832993e-24, nan 
-90.625, 84.125, 2.6959925404080648e-24, nan 
-90.375, 84.125, 2.906657618785055e-24, nan 
-90.125, 84.125, 3.26867343072589e-24, nan 
-89.875, 84.125, 3.596356643932545e-24, nan 
-89.625, 84.125, 4.353048680736444e-24, nan 
-89.375, 84.125, 4.7669396215880334e-24, nan 
-89.125, 84.125, 5.397120860764256e-24, nan 
-88.875, 84.125, 6.255533424881595e-24, nan 
-88.625, 84.125, 6.564490996287711e-24, nan 
-88.375, 84.125, 7.240192811557606e-24, nan 
-88.125, 84.125, 7.714801928042193e-24, nan 
-87.875, 84.125, 7.866343390879864e-24, nan 
-87.625, 84.125, 8.15049441425463e-24, nan 
-87.375, 84.125, 8.170564409779355e-24, nan 
-87.125, 84.125, 8.266407945644155e-24, nan 
-86.875, 84.125, 8.290379429351532e-24, nan 
-86.625, 84.125, 9.539954700018178e-24, nan 
-86.375, 84.125, 1.078307492959407e-23, nan 
-86.125, 84.125, 1.147182426789404e-23, nan 
-85.875, 84.125, 1.2171056023189587e-23, nan 
-85.625, 84.125, 1.2377433950522895e-23, nan 
-85.375, 84.125, 1.2581126181310906e-23, nan 
-85.125, 84.125, 1.2234305475595744e-23, nan 
-84.875, 84.125, 9.611727878859616e-24, nan 
-84.625, 84.125, 9.881189947040907e-24, nan 
-84.375, 84.125, 1.1627902497419537e-23, nan 
-84.125, 84.125, 1.1211013585101033e-23, nan 
-83.875, 84.125, 9.81742602219129e-24, nan 
-83.625, 84.125, 8.920188403582124e-24, nan 
-83.375, 84.125, 6.922816921544504e-24, nan 
-83.125, 84.125, 6.398924581816416e-24, nan 
-82.875, 84.125, 6.714278971519095e-24, nan 
-82.625, 84.125, 7.568063239047737e-24, nan 
-82.375, 84.125, 7.258370065369074e-24, nan 
-82.125, 84.125, 5.284688524746015e-24, nan 
-81.875, 84.125, 6.684284072739568e-24, nan 
-81.625, 84.125, 6.121281271717966e-24, nan 
-81.375, 84.125, 4.394654772781029e-24, nan 
-81.125, 84.125, 3.843057995203916e-24, nan 
-80.875, 84.125, 3.597330461769523e-24, nan 
-80.625, 84.125, 3.89312780291309e-24, nan 
-80.375, 84.125, 3.719362566654781e-24, nan 
-80.125, 84.125, 4.613453928240853e-24, nan 
-79.875, 84.125, 5.772785731574888e-24, nan 
-79.625, 84.125, 5.0520701344741694e-24, nan 
-79.375, 84.125, 4.521850144740525e-24, nan 
-79.125, 84.125, 4.1734108466331184e-24, nan 
-78.875, 84.125, 4.6268012981822814e-24, nan 
-78.625, 84.125, 5.1149912306422685e-24, nan 
-78.375, 84.125, 5.535727034146944e-24, nan 
-78.125, 84.125, 5.3595565791934284e-24, nan 
-77.875, 84.125, 5.0718373418788925e-24, nan 
-77.625, 84.125, 5.9732328110893224e-24, nan 
-77.375, 84.125, 6.2288973009240174e-24, nan 
-77.125, 84.125, 5.357597006916364e-24, nan 
-76.875, 84.125, 5.0202697568169026e-24, nan 
-76.625, 84.125, 5.727952384956552e-24, nan 
-76.375, 84.125, 6.226196155037205e-24, nan 
-76.125, 84.125, 6.432534259668602e-24, nan 
-75.875, 84.125, 6.802528905315389e-24, nan 
-75.625, 84.125, 7.312992469190932e-24, nan 
-75.375, 84.125, 8.21632694274763e-24, nan 
-75.125, 84.125, 9.362544856123086e-24, nan 
-74.875, 84.125, 8.641776618220212e-24, nan 
-74.625, 84.125, 1.0064124374959904e-23, nan 
-74.375, 84.125, 1.336984747018882e-23, nan 
-74.125, 84.125, 1.5756983314066e-23, nan 
-73.875, 84.125, 1.4661800440897222e-23, nan 
-73.625, 84.125, 1.424803117594169e-23, nan 
-73.375, 84.125, 1.339992891280975e-23, nan 
-73.125, 84.125, 1.3742420435275125e-23, nan 
-72.875, 84.125, 1.4366499402482208e-23, nan 
-72.625, 84.125, 1.5243881309473687e-23, nan 
-72.375, 84.125, 1.4869865437271754e-23, nan 
-72.125, 84.125, 1.4035696999138524e-23, nan 
-71.875, 84.125, 1.348061863675678e-23, nan 
-71.625, 84.125, 1.4202097414324735e-23, nan 
-71.375, 84.125, 1.2851646754904148e-23, nan 
-71.125, 84.125, 1.2126658172078782e-23, nan 
-70.875, 84.125, 8.88530411694737e-24, nan 
-70.625, 84.125, 8.338957061586408e-24, nan 
-70.375, 84.125, 1.0068142742142361e-23, nan 
-70.125, 84.125, 1.0000197377462565e-23, nan 
-69.875, 84.125, 9.281494815719446e-24, nan 
-69.625, 84.125, 8.876587602718056e-24, nan 
-69.375, 84.125, 9.961819018842925e-24, nan 
-69.125, 84.125, 1.0095822519091047e-23, nan 
-68.875, 84.125, 1.0005439291959408e-23, nan 
-68.625, 84.125, 8.661378047855203e-24, nan 
-68.375, 84.125, 7.223392428719892e-24, nan 
-68.125, 84.125, 6.66502198783134e-24, nan 
-67.875, 84.125, 6.2161478727907144e-24, nan 
-67.625, 84.125, 6.159593288266989e-24, nan 
-67.375, 84.125, 5.1878697074842015e-24, nan 
-67.125, 84.125, 4.774750127708172e-24, nan 
-66.875, 84.125, 4.469497930533219e-24, nan 
-66.625, 84.125, 4.516718356417289e-24, nan 
-66.375, 84.125, 4.599376090342491e-24, nan 
-66.125, 84.125, 4.6766388159151926e-24, nan 
-65.875, 84.125, 5.239679309104318e-24, nan 
-65.625, 84.125, 5.1179572701901156e-24, nan 
-65.375, 84.125, 5.201728814235274e-24, nan 
-65.125, 84.125, 5.0014813015416636e-24, nan 
-64.875, 84.125, 4.367681944663923e-24, nan 
-64.625, 84.125, 4.2054264130215744e-24, nan 
-64.375, 84.125, 4.490859312463431e-24, nan 
-64.125, 84.125, 4.726419801547057e-24, nan 
-63.875, 84.125, 4.933303519671566e-24, nan 
-63.625, 84.125, 5.025096201267437e-24, nan 
-63.375, 84.125, 5.2746883240096796e-24, nan 
-63.125, 84.125, 4.876327392180649e-24, nan 
-62.875, 84.125, 4.223865596906692e-24, nan 
-62.625, 84.125, 4.208506851547996e-24, nan 
-62.375, 84.125, 4.090842222519442e-24, nan 
-62.125, 84.125, 4.065124628713511e-24, nan 
-61.875, 84.125, 3.2167965121754042e-24, nan 
-61.625, 84.125, 2.399896845593034e-24, nan 
-61.375, 84.125, 2.2349603540534724e-24, nan 
-61.125, 84.125, 1.7472999020598086e-24, nan 
-60.875, 84.125, 1.2474025253164929e-24, nan 
-60.625, 84.125, 9.620213106565207e-25, nan 
-60.375, 84.125, 9.187776924639908e-25, nan 
-60.125, 84.125, 5.74525863766698e-25, nan 
-59.875, 84.125, 7.930561666064155e-25, nan 
-59.625, 84.125, 1.4448922460693091e-24, nan 
-59.375, 84.125, 1.9606624958754504e-24, nan 
-59.125, 84.125, 2.177371089109907e-24, nan 
-58.875, 84.125, 1.856428422582156e-24, nan 
-58.625, 84.125, 1.983383755400615e-24, nan 
-58.375, 84.125, 2.0751756895757427e-24, nan 
-58.125, 84.125, 2.5716324280228314e-24, nan 
-57.875, 84.125, 2.758891115883085e-24, nan 
-57.625, 84.125, 3.354168722869539e-24, nan 
-57.375, 84.125, 4.179303210481369e-24, nan 
-57.125, 84.125, 4.9811894323422935e-24, nan 
-56.875, 84.125, 5.862698122317491e-24, nan 
-56.625, 84.125, 5.299819973894565e-24, nan 
-56.375, 84.125, 4.8239301890841e-24, nan 
-56.125, 84.125, 4.5768062150573044e-24, nan 
-55.875, 84.125, 3.63247324051039e-24, nan 
-55.625, 84.125, 2.9070353977296543e-24, nan 
-55.375, 84.125, 3.137948299547217e-24, nan 
-55.125, 84.125, 3.0182158113309465e-24, nan 
-54.875, 84.125, 3.034554069774663e-24, nan 
-54.625, 84.125, 3.824256243585726e-24, nan 
-54.375, 84.125, 6.5006281520662365e-24, nan 
-54.125, 84.125, 8.21804374260479e-24, nan 
-53.875, 84.125, 9.27809502023792e-24, nan 
-53.625, 84.125, 1.0287058937023052e-23, nan 
-53.375, 84.125, 1.0280532469642552e-23, nan 
-53.125, 84.125, 1.1918073815089475e-23, nan 
-52.875, 84.125, 1.2799583457978502e-23, nan 
-52.625, 84.125, 1.2477612986169503e-23, nan 
-52.375, 84.125, 1.1631246503671723e-23, nan 
-52.125, 84.125, 1.0470690414503051e-23, nan 
-51.875, 84.125, 1.192608620966039e-23, nan 
-51.625, 84.125, 1.3317496323906768e-23, nan 
-51.375, 84.125, 1.5315615350281982e-23, nan 
-51.125, 84.125, 1.016555183732192e-23, nan 
-50.875, 84.125, 8.938358511422618e-24, nan 
-50.625, 84.125, 8.467268077146754e-24, nan 
-50.375, 84.125, 7.977840089291614e-24, nan 
-50.125, 84.125, 7.86842977965112e-24, nan 
-49.875, 84.125, 5.071503315232794e-24, nan 
-49.625, 84.125, 4.5043353586737354e-24, nan 
-49.375, 84.125, 1.8261543950618022e-23, nan 
-49.125, 84.125, 2.1023145829047408e-23, nan 
-48.875, 84.125, 1.696664442635846e-23, nan 
-48.625, 84.125, 1.409915696716848e-23, nan 
-48.375, 84.125, 1.6011277117132482e-23, nan 
-48.125, 84.125, 1.7019765629884795e-23, nan 
-47.875, 84.125, 1.7694257837392994e-23, nan 
-47.625, 84.125, 1.9277021105411168e-23, nan 
-47.375, 84.125, 2.054768476334691e-23, nan 
-47.125, 84.125, 3.3255800959488497e-23, nan 
-46.875, 84.125, 3.3568256723222493e-23, nan 
-46.625, 84.125, 3.4628591193303424e-23, nan 
-46.375, 84.125, 3.5353328558816674e-23, nan 
-46.125, 84.125, 3.516358380320234e-23, nan 
-45.875, 84.125, 3.3314541570157154e-23, nan 
-45.625, 84.125, 3.3631213762647664e-23, nan 
-45.375, 84.125, 3.439260170963639e-23, nan 
-45.125, 84.125, 3.5239427772051783e-23, nan 
-44.875, 84.125, 3.765661383482866e-23, nan 
-44.625, 84.125, 3.9100688450465306e-23, nan 
-44.375, 84.125, 3.971675941591028e-23, nan 
-44.125, 84.125, 3.905185699502836e-23, nan 
-43.875, 84.125, 3.8803335041352235e-23, nan 
-43.625, 84.125, 3.7311404156420585e-23, nan 
-43.375, 84.125, 3.8126972376899156e-23, nan 
-43.125, 84.125, 3.804015203505837e-23, nan 
-42.875, 84.125, 3.900517672134398e-23, nan 
-42.625, 84.125, 2.784342021030603e-23, nan 
-42.375, 84.125, 2.7555155946599475e-23, nan 
-42.125, 84.125, 2.701003931546704e-23, nan 
-41.875, 84.125, 2.6688630514447386e-23, nan 
-41.625, 84.125, 2.6493632044423646e-23, nan 
-41.375, 84.125, 2.5078062635530898e-23, nan 
-41.125, 84.125, 1.8459349379852858e-23, nan 
-40.875, 84.125, 1.7549640671137833e-23, nan 
-40.625, 84.125, 1.9337033686942567e-23, nan 
-40.375, 84.125, 2.2076882922477177e-23, nan 
-40.125, 84.125, 2.2404036099375574e-23, nan 
-39.875, 84.125, 1.8779437619321818e-23, nan 
-39.625, 84.125, 1.6235450106813265e-23, nan 
-39.375, 84.125, 1.296883480289017e-23, nan 
-39.125, 84.125, 1.1988512500192134e-23, nan 
-38.875, 84.125, 1.0557179159470638e-23, nan 
-38.625, 84.125, 1.0573880261728057e-23, nan 
-38.375, 84.125, 1.1342868047983033e-23, nan 
-38.125, 84.125, 1.0861276743752343e-23, nan 
-37.875, 84.125, 1.0147664314738074e-23, nan 
-37.625, 84.125, 7.56285927570955e-24, nan 
-37.375, 84.125, 6.0295031773848585e-24, nan 
-37.125, 84.125, 5.862756625018056e-24, nan 
-36.875, 84.125, 4.401321326676627e-24, nan 
-36.625, 84.125, 3.433016260948887e-24, nan 
-36.375, 84.125, 2.718714083180063e-24, nan 
-36.125, 84.125, 2.7316253255175796e-24, nan 
-35.875, 84.125, 2.9043025857928296e-24, nan 
-35.625, 84.125, 3.636789701493955e-24, nan 
-35.375, 84.125, 4.15300331012172e-24, nan 
-35.125, 84.125, 4.553051739349317e-24, nan 
-34.875, 84.125, 3.6506252638811624e-24, nan 
-34.625, 84.125, 3.456850846804075e-24, nan 
-34.375, 84.125, 3.555065256256087e-24, nan 
-34.125, 84.125, 4.404813257290508e-24, nan 
-33.875, 84.125, 5.24652966065798e-24, nan 
-33.625, 84.125, 5.519927265096568e-24, nan 
-33.375, 84.125, 5.6960052479643345e-24, nan 
-33.125, 84.125, 5.853666173573787e-24, nan 
-32.875, 84.125, 6.1356887103223526e-24, nan 
-32.625, 84.125, 5.8539217732619034e-24, nan 
-32.375, 84.125, 5.830431538118958e-24, nan 
-32.125, 84.125, 6.0257391423110405e-24, nan 
-31.875, 84.125, 5.837726215950023e-24, nan 
-31.625, 84.125, 6.296241314317812e-24, nan 
-31.375, 84.125, 6.2919698836695285e-24, nan 
-31.125, 84.125, 6.716168111532833e-24, nan 
-30.875, 84.125, 7.49524717458354e-24, nan 
-30.625, 84.125, 7.621986400462582e-24, nan 
-30.375, 84.125, 7.523827860550802e-24, nan 
-30.125, 84.125, 7.799050478659402e-24, nan 
-29.875, 84.125, 8.207787205759577e-24, nan 
-29.625, 84.125, 8.113122288989398e-24, nan 
-29.375, 84.125, 8.797665789675813e-24, nan 
-29.125, 84.125, 1.0147536421938868e-23, nan 
-28.875, 84.125, 1.2458388830346025e-23, nan 
-28.625, 84.125, 1.2603608078648911e-23, nan 
-28.375, 84.125, 1.1159110682926572e-23, nan 
-28.125, 84.125, 1.2010315524249148e-23, nan 
-27.875, 84.125, 1.4346317224857455e-23, nan 
-27.625, 84.125, 1.4319971754988624e-23, nan 
-27.375, 84.125, 1.3218833402846583e-23, nan 
-27.125, 84.125, 1.22660533592902e-23, nan 
-26.875, 84.125, 1.072601389050146e-23, nan 
-26.625, 84.125, 1.198898675363188e-23, nan 
-26.375, 84.125, 1.807237993078195e-23, nan 
-26.125, 84.125, 2.0609145597377917e-23, nan 
-25.875, 84.125, 2.2095313412582796e-23, nan 
-25.625, 84.125, 2.2071788162086252e-23, nan 
-25.375, 84.125, 2.1717969912491384e-23, nan 
-25.125, 84.125, 2.0904287951851138e-23, nan 
-24.875, 84.125, 2.0800444618475894e-23, nan 
-24.625, 84.125, 2.183508229867313e-23, nan 
-24.375, 84.125, 2.2813358916992805e-23, nan 
-24.125, 84.125, 2.349290014324301e-23, nan 
-23.875, 84.125, 2.4379356127046613e-23, nan 
-23.625, 84.125, 2.5383676042562583e-23, nan 
-23.375, 84.125, 2.480377057484825e-23, nan 
-23.125, 84.125, 2.4460703616786907e-23, nan 
-22.875, 84.125, 2.4757713123361096e-23, nan 
-22.625, 84.125, 2.710237615000932e-23, nan 
-22.375, 84.125, 2.8019630327633835e-23, nan 
-22.125, 84.125, 2.7133317430908936e-23, nan 
-21.875, 84.125, 2.6091043968804202e-23, nan 
-21.625, 84.125, 2.8168118214321404e-23, nan 
-21.375, 84.125, 3.265009748363629e-23, nan 
-21.125, 84.125, 3.3189337185377666e-23, nan 
-20.875, 84.125, 3.192081164232059e-23, nan 
-20.625, 84.125, 3.345134794395033e-23, nan 
-20.375, 84.125, 4.060762063253175e-23, nan 
-20.125, 84.125, 4.10068320707455e-23, nan 
-19.875, 84.125, 3.767107583984693e-23, nan 
-19.625, 84.125, 2.936452151273195e-23, nan 
-19.375, 84.125, 4.175802712009053e-23, nan 
-19.125, 84.125, 4.583607766924613e-23, nan 
-18.875, 84.125, 5.731177881383517e-23, nan 
-18.625, 84.125, 3.7206611862746505e-23, nan 
-18.375, 84.125, 3.937116386682738e-23, nan 
-18.125, 84.125, 4.1924552935859693e-23, nan 
-17.875, 84.125, 4.323100725881548e-23, nan 
-17.625, 84.125, 4.3267082187508106e-23, nan 
-17.375, 84.125, 4.1868003004389365e-23, nan 
-17.125, 84.125, 4.5939659786140444e-23, nan 
-16.875, 84.125, 4.671883469785959e-23, nan 
-16.625, 84.125, 4.369512687262957e-23, nan 
-16.375, 84.125, 2.1945948101816684e-23, nan 
-16.125, 84.125, 2.1826402019265235e-23, nan 
-15.875, 84.125, 2.2808899225165962e-23, nan 
-15.625, 84.125, 2.6093994559926366e-23, nan 
-15.375, 84.125, 2.6438277705303454e-23, nan 
-15.125, 84.125, 2.598533900643007e-23, nan 
-14.875, 84.125, 2.339417780520417e-23, nan 
-14.625, 84.125, 2.1257027211396467e-23, nan 
-14.375, 84.125, 1.8584466153563383e-23, nan 
-14.125, 84.125, 1.5263519456946396e-23, nan 
-13.875, 84.125, 1.2913357031221146e-23, nan 
-13.625, 84.125, 1.2398113857658228e-23, nan 
-13.375, 84.125, 1.1909417060314228e-23, nan 
-13.125, 84.125, 1.2612673928162617e-23, nan 
-12.875, 84.125, 1.2018645947746242e-23, nan 
-12.625, 84.125, 1.1191824077731694e-23, nan 
-12.375, 84.125, 1.1387316115600641e-23, nan 
-12.125, 84.125, 1.2620047236249834e-23, nan 
-11.875, 84.125, 1.2677237346077675e-23, nan 
-11.625, 84.125, 1.2883911920328184e-23, nan 
-11.375, 84.125, 1.2974031237019745e-23, nan 
-11.125, 84.125, 1.2756541231472969e-23, nan 
-10.875, 84.125, 1.1956014681587079e-23, nan 
-10.625, 84.125, 1.1393534894666594e-23, nan 
-10.375, 84.125, 1.1869217865871518e-23, nan 
-10.125, 84.125, 1.3040971841496002e-23, nan 
-9.875, 84.125, 1.4127762717194684e-23, nan 
-9.625, 84.125, 1.3734197750032616e-23, nan 
-9.375, 84.125, 1.289537714141796e-23, nan 
-9.125, 84.125, 1.2646441036758993e-23, nan 
-8.875, 84.125, 1.1892302519365168e-23, nan 
-8.625, 84.125, 1.2006957657826493e-23, nan 
-8.375, 84.125, 1.1852106316780867e-23, nan 
-8.125, 84.125, 1.1870111135600844e-23, nan 
-7.875, 84.125, 1.226100655198646e-23, nan 
-7.625, 84.125, 1.2584797489132672e-23, nan 
-7.375, 84.125, 1.1887128546040015e-23, nan 
-7.125, 84.125, 1.218125877623123e-23, nan 
-6.875, 84.125, 1.3204236433996757e-23, nan 
-6.625, 84.125, 1.3989879245748706e-23, nan 
-6.375, 84.125, 1.4789539655702562e-23, nan 
-6.125, 84.125, 1.5261019157515933e-23, nan 
-5.875, 84.125, 1.5623036397399946e-23, nan 
-5.625, 84.125, 1.5851071305968534e-23, nan 
-5.375, 84.125, 1.5320919456959113e-23, nan 
-5.125, 84.125, 1.490688593124642e-23, nan 
-4.875, 84.125, 1.5706963134238838e-23, nan 
-4.625, 84.125, 1.5576790680974903e-23, nan 
-4.375, 84.125, 1.5251075406424954e-23, nan 
-4.125, 84.125, 1.468609193069383e-23, nan 
-3.875, 84.125, 1.531288381368954e-23, nan 
-3.625, 84.125, 1.6502198785257284e-23, nan 
-3.375, 84.125, 1.727061323902538e-23, nan 
-3.125, 84.125, 1.655392896489785e-23, nan 
-2.875, 84.125, 1.7313632869839116e-23, nan 
-2.625, 84.125, 1.86281093905689e-23, nan 
-2.375, 84.125, 2.2061345741959882e-23, nan 
-2.125, 84.125, 2.3784936876537204e-23, nan 
-1.875, 84.125, 2.4713946725990885e-23, nan 
-1.625, 84.125, 2.6085498690158502e-23, nan 
-1.375, 84.125, 3.018227403696293e-23, nan 
-1.125, 84.125, 3.1920342867540143e-23, nan 
-0.875, 84.125, 2.947421390850722e-23, nan 
-0.625, 84.125, 2.9848301357876286e-23, nan 
-0.375, 84.125, 3.250260953055525e-23, nan 
-0.125, 84.125, 3.5563784013547477e-23, nan 
0.125, 84.125, 3.759592064252052e-23, nan 
0.375, 84.125, 3.6789911788717977e-23, nan 
0.625, 84.125, 3.700283893417105e-23, nan 
0.875, 84.125, 3.960757323641477e-23, nan 
1.125, 84.125, 3.94266476035066e-23, nan 
1.375, 84.125, 4.19726229429766e-23, nan 
1.625, 84.125, 4.563963341157417e-23, nan 
1.875, 84.125, 5.483616764155726e-23, nan 
2.125, 84.125, 5.705269951489971e-23, nan 
2.375, 84.125, 5.696231264557628e-23, nan 
2.625, 84.125, 4.6502414452406046e-23, nan 
2.875, 84.125, 4.8034923251772763e-23, nan 
3.125, 84.125, 4.6089919796907213e-23, nan 
3.375, 84.125, 4.020730682112352e-23, nan 
3.625, 84.125, 2.785388769558783e-23, nan 
3.875, 84.125, 2.502341669149906e-23, nan 
4.125, 84.125, 2.3842960294452248e-23, nan 
4.375, 84.125, 2.1528973687773974e-23, nan 
4.625, 84.125, 2.0841129579793227e-23, nan 
4.875, 84.125, 2.1679453994103215e-23, nan 
5.125, 84.125, 2.409337230473376e-23, nan 
5.375, 84.125, 2.399328497591915e-23, nan 
5.625, 84.125, 2.240818015512148e-23, nan 
5.875, 84.125, 2.1589874822486584e-23, nan 
6.125, 84.125, 1.9193563729034237e-23, nan 
6.375, 84.125, 1.8741978890725982e-23, nan 
6.625, 84.125, 1.937244608439024e-23, nan 
6.875, 84.125, 1.9642628192903538e-23, nan 
7.125, 84.125, 1.9804376051725082e-23, nan 
7.375, 84.125, 2.1658720417300667e-23, nan 
7.625, 84.125, 2.045303977641367e-23, nan 
7.875, 84.125, 1.9047115208175066e-23, nan 
8.125, 84.125, 1.736139654423338e-23, nan 
8.375, 84.125, 1.606077292971904e-23, nan 
8.625, 84.125, 1.5470880746754828e-23, nan 
8.875, 84.125, 1.45875805254205e-23, nan 
9.125, 84.125, 1.525672120875356e-23, nan 
9.375, 84.125, 1.6786342792929456e-23, nan 
9.625, 84.125, 1.639697546969342e-23, nan 
9.875, 84.125, 1.445549032601396e-23, nan 
10.125, 84.125, 1.33800109004483e-23, nan 
10.375, 84.125, 1.388193737540841e-23, nan 
10.625, 84.125, 1.3534057851750744e-23, nan 
10.875, 84.125, 1.6379587688320098e-23, nan 
11.125, 84.125, 1.592895247684916e-23, nan 
11.375, 84.125, 1.35461826762122e-23, nan 
11.625, 84.125, 1.0484478475826924e-23, nan 
11.875, 84.125, 8.659297796939534e-24, nan 
12.125, 84.125, 8.987419273876926e-24, nan 
12.375, 84.125, 1.263480112475194e-23, nan 
12.625, 84.125, 1.526107975371939e-23, nan 
12.875, 84.125, 1.4367717808217805e-23, nan 
13.125, 84.125, 1.4876488082814376e-23, nan 
13.375, 84.125, 1.3176870297542331e-23, nan 
13.625, 84.125, 1.1799769000786777e-23, nan 
13.875, 84.125, 1.2454858532859213e-23, nan 
14.125, 84.125, 1.476990685540818e-23, nan 
14.375, 84.125, 1.3313277369661723e-23, nan 
14.625, 84.125, 1.618909210840659e-23, nan 
14.875, 84.125, 1.4807117728743334e-23, nan 
15.125, 84.125, 9.081550969806049e-24, nan 
15.375, 84.125, 5.451357422479536e-24, nan 
15.625, 84.125, 7.504946353704181e-24, nan 
15.875, 84.125, 1.872013602851637e-23, nan 
16.125, 84.125, 2.8624680504977595e-23, nan 
16.375, 84.125, 3.425273260532191e-23, nan 
16.625, 84.125, 3.032383168725199e-23, nan 
16.875, 84.125, 2.262506378725051e-23, nan 
17.125, 84.125, 1.911374753163219e-23, nan 
17.375, 84.125, 1.596971827396158e-23, nan 
17.625, 84.125, 1.3762142319488597e-23, nan 
17.875, 84.125, 1.4890725826929186e-23, nan 
18.125, 84.125, 2.0932844611447166e-23, nan 
18.375, 84.125, 2.642503807995177e-23, nan 
18.625, 84.125, 3.045740263389463e-23, nan 
18.875, 84.125, 2.73203321512098e-23, nan 
19.125, 84.125, 2.2140636838423775e-23, nan 
19.375, 84.125, 1.9134369226180052e-23, nan 
19.625, 84.125, 1.6257356824583648e-23, nan 
19.875, 84.125, 1.3891473660378342e-23, nan 
20.125, 84.125, 1.3421502517670505e-23, nan 
20.375, 84.125, 1.589556098619412e-23, nan 
20.625, 84.125, 1.6980475496978674e-23, nan 
20.875, 84.125, 1.3761852037043856e-23, nan 
21.125, 84.125, 1.087450853831361e-23, nan 
21.375, 84.125, 9.312157647414481e-24, nan 
21.625, 84.125, 8.73743294370524e-24, nan 
21.875, 84.125, 8.32229040467338e-24, nan 
22.125, 84.125, 7.975675891207849e-24, nan 
22.375, 84.125, 7.701596112657395e-24, nan 
22.625, 84.125, 7.829793552967875e-24, nan 
22.875, 84.125, 8.080099409817026e-24, nan 
23.125, 84.125, 8.054292122266833e-24, nan 
23.375, 84.125, 8.002310313922541e-24, nan 
23.625, 84.125, 8.026051503840024e-24, nan 
23.875, 84.125, 7.954968452079784e-24, nan 
24.125, 84.125, 7.97939455090009e-24, nan 
24.375, 84.125, 8.159125385817353e-24, nan 
24.625, 84.125, 8.310692310753503e-24, nan 
24.875, 84.125, 8.461007337284e-24, nan 
25.125, 84.125, 8.56595582126004e-24, nan 
25.375, 84.125, 8.585989956395385e-24, nan 
25.625, 84.125, 8.467146554540249e-24, nan 
25.875, 84.125, 8.531042943114359e-24, nan 
26.125, 84.125, 8.217712022588168e-24, nan 
26.375, 84.125, 8.057034411671034e-24, nan 
26.625, 84.125, 7.865295033061761e-24, nan 
26.875, 84.125, 7.853070784805324e-24, nan 
27.125, 84.125, 7.490146869554481e-24, nan 
27.375, 84.125, 7.030188292535132e-24, nan 
27.625, 84.125, 6.88074777083502e-24, nan 
27.875, 84.125, 6.636928336790699e-24, nan 
28.125, 84.125, 6.3663212031997264e-24, nan 
28.375, 84.125, 6.114979934048625e-24, nan 
28.625, 84.125, 5.860450904458107e-24, nan 
28.875, 84.125, 5.678199017815315e-24, nan 
29.125, 84.125, 5.319413713812606e-24, nan 
29.375, 84.125, 5.15499983856576e-24, nan 
29.625, 84.125, 5.084871787731972e-24, nan 
29.875, 84.125, 4.91855007135818e-24, nan 
30.125, 84.125, 4.855973164865415e-24, nan 
30.375, 84.125, 4.682796978586647e-24, nan 
30.625, 84.125, 4.514932994369869e-24, nan 
30.875, 84.125, 4.3086098522863515e-24, nan 
31.125, 84.125, 4.329317735628824e-24, nan 
31.375, 84.125, 4.2352687342363375e-24, nan 
31.625, 84.125, 4.2579360184852774e-24, nan 
31.875, 84.125, 4.275477676514815e-24, nan 
32.125, 84.125, 4.1989084799149574e-24, nan 
32.375, 84.125, 4.222913922693202e-24, nan 
32.625, 84.125, 4.147027159684676e-24, nan 
32.875, 84.125, 4.225913277883909e-24, nan 
33.125, 84.125, 4.278124554162129e-24, nan 
33.375, 84.125, 4.160825320083193e-24, nan 
33.625, 84.125, 4.3227109172083354e-24, nan 
33.875, 84.125, 4.220847616792415e-24, nan 
34.125, 84.125, 4.282716647266276e-24, nan 
34.375, 84.125, 4.209698291636886e-24, nan 
34.625, 84.125, 4.269936512196389e-24, nan 
34.875, 84.125, 4.231982378691175e-24, nan 
35.125, 84.125, 4.30128077618137e-24, nan 
35.375, 84.125, 4.2817773442802045e-24, nan 
35.625, 84.125, 4.0862201939433056e-24, nan 
35.875, 84.125, 4.0976907764133205e-24, nan 
36.125, 84.125, 3.931004259610309e-24, nan 
36.375, 84.125, 3.774623367253035e-24, nan 
36.625, 84.125, 3.640432956012132e-24, nan 
36.875, 84.125, 3.625201216256548e-24, nan 
37.125, 84.125, 3.5711533505396325e-24, nan 
37.375, 84.125, 3.3814056234768995e-24, nan 
37.625, 84.125, 3.1132970310420645e-24, nan 
37.875, 84.125, 2.95715634493897e-24, nan 
38.125, 84.125, 2.9624729781839285e-24, nan 
38.375, 84.125, 3.1362911618932436e-24, nan 
38.625, 84.125, 2.8581993435850024e-24, nan 
38.875, 84.125, 2.9049906048208274e-24, nan 
39.125, 84.125, 2.8852627141509247e-24, nan 
39.375, 84.125, 3.0896501898292283e-24, nan 
39.625, 84.125, 3.253765998373796e-24, nan 
39.875, 84.125, 3.356955669837992e-24, nan 
40.125, 84.125, 3.2111183317887394e-24, nan 
40.375, 84.125, 3.433978344410557e-24, nan 
40.625, 84.125, 3.745742692398096e-24, nan 
40.875, 84.125, 4.143254023723692e-24, nan 
41.125, 84.125, 4.478049201048392e-24, nan 
41.375, 84.125, 4.774672127695518e-24, nan 
41.625, 84.125, 4.9761331811759445e-24, nan 
41.875, 84.125, 5.259534170491742e-24, nan 
42.125, 84.125, 5.417180724376379e-24, nan 
42.375, 84.125, 5.65869228724216e-24, nan 
42.625, 84.125, 6.159701155740493e-24, nan 
42.875, 84.125, 6.261491196936287e-24, nan 
43.125, 84.125, 6.212604936454953e-24, nan 
43.375, 84.125, 6.7491013870057e-24, nan 
43.625, 84.125, 7.184442185247795e-24, nan 
43.875, 84.125, 7.384604802632188e-24, nan 
44.125, 84.125, 7.539144432273056e-24, nan 
44.375, 84.125, 7.522790705373224e-24, nan 
44.625, 84.125, 7.910189078634855e-24, nan 
44.875, 84.125, 8.48881291228367e-24, nan 
45.125, 84.125, 8.932912460572786e-24, nan 
45.375, 84.125, 8.66429473293528e-24, nan 
45.625, 84.125, 8.540102736862033e-24, nan 
45.875, 84.125, 9.062366137514759e-24, nan 
46.125, 84.125, 9.719091876120939e-24, nan 
46.375, 84.125, 1.010355849844904e-23, nan 
46.625, 84.125, 1.0487065037312426e-23, nan 
46.875, 84.125, 1.0964352948535497e-23, nan 
47.125, 84.125, 1.1422954620503919e-23, nan 
47.375, 84.125, 1.1551036607527488e-23, nan 
47.625, 84.125, 1.1675496805539341e-23, nan 
47.875, 84.125, 1.1943329328246691e-23, nan 
48.125, 84.125, 1.3195399896085868e-23, nan 
48.375, 84.125, 1.3147095188892769e-23, nan 
48.625, 84.125, 1.3209226800076522e-23, nan 
48.875, 84.125, 1.2615397365868651e-23, nan 
49.125, 84.125, 1.2704125807150907e-23, nan 
49.375, 84.125, 1.3009253716717202e-23, nan 
49.625, 84.125, 1.3472984542246078e-23, nan 
49.875, 84.125, 1.3992150355269945e-23, nan 
50.125, 84.125, 1.4973595526287092e-23, nan 
50.375, 84.125, 1.5663588254757257e-23, nan 
50.625, 84.125, 1.4341525519550036e-23, nan 
50.875, 84.125, 1.4266661707463264e-23, nan 
51.125, 84.125, 1.398017668252105e-23, nan 
51.375, 84.125, 1.5425473685979176e-23, nan 
51.625, 84.125, 1.6829661614292612e-23, nan 
51.875, 84.125, 1.653392127536653e-23, nan 
52.125, 84.125, 1.669963093847325e-23, nan 
52.375, 84.125, 1.8323814431305892e-23, nan 
52.625, 84.125, 1.8738311868872358e-23, nan 
52.875, 84.125, 1.9453817086653014e-23, nan 
53.125, 84.125, 2.0469279736391547e-23, nan 
53.375, 84.125, 2.2628240135095726e-23, nan 
53.625, 84.125, 2.393872777162525e-23, nan 
53.875, 84.125, 2.5078077450899377e-23, nan 
54.125, 84.125, 2.737839927177291e-23, nan 
54.375, 84.125, 2.679328091596219e-23, nan 
54.625, 84.125, 2.967368567458649e-23, nan 
54.875, 84.125, 3.088704953742462e-23, nan 
55.125, 84.125, 3.4358101464475814e-23, nan 
55.375, 84.125, 4.155767016637181e-23, nan 
55.625, 84.125, 4.1287721195924274e-23, nan 
55.875, 84.125, 3.6666170847523403e-23, nan 
56.125, 84.125, 4.198378622056868e-23, nan 
56.375, 84.125, 5.743126601579404e-23, nan 
56.625, 84.125, 6.334997017082333e-23, nan 
56.875, 84.125, 6.281684634986166e-23, nan 
57.125, 84.125, 6.460626399762611e-23, nan 
57.375, 84.125, 6.704003445505093e-23, nan 
57.625, 84.125, 6.82961591581392e-23, nan 
57.875, 84.125, 7.166998015745044e-23, nan 
58.125, 84.125, 7.323001570082006e-23, nan 
58.375, 84.125, 7.528861021654287e-23, nan 
58.625, 84.125, 7.776767426463431e-23, nan 
58.875, 84.125, 8.16225781824317e-23, nan 
59.125, 84.125, 8.533783281902883e-23, nan 
59.375, 84.125, 8.55998614740046e-23, nan 
59.625, 84.125, 9.21228001370657e-23, nan 
59.875, 84.125, 9.09024981799014e-23, nan 
60.125, 84.125, 1.052277098213396e-22, nan 
60.375, 84.125, 1.059274166462285e-22, nan 
60.625, 84.125, 1.0706955211733447e-22, nan 
60.875, 84.125, 1.1135628519091774e-22, nan 
61.125, 84.125, 1.1539808880482877e-22, nan 
61.375, 84.125, 1.175177855167123e-22, nan 
61.625, 84.125, 1.2256142537202593e-22, nan 
61.875, 84.125, 1.3060299031080973e-22, nan 
62.125, 84.125, 1.384372563903411e-22, nan 
62.375, 84.125, 1.3559300119370546e-22, nan 
62.625, 84.125, 1.3759062550661768e-22, nan 
62.875, 84.125, 1.392727300425786e-22, nan 
63.125, 84.125, 1.366127501373346e-22, nan 
63.375, 84.125, 1.1085930569450328e-22, nan 
63.625, 84.125, 1.0287560778784765e-22, nan 
63.875, 84.125, 1.0563719546596992e-22, nan 
64.125, 84.125, 7.242098981845589e-23, nan 
64.375, 84.125, 4.751665830697938e-23, nan 
64.625, 84.125, 6.408664496595521e-23, nan 
64.875, 84.125, 7.765107688050677e-23, nan 
65.125, 84.125, 4.8579490412079886e-23, nan 
65.375, 84.125, 4.9647696427224227e-23, nan 
65.625, 84.125, 5.483543910374715e-23, nan 
65.875, 84.125, 5.446837716957575e-23, nan 
66.125, 84.125, 5.598295916046733e-23, nan 
66.375, 84.125, 5.971425901736226e-23, nan 
66.625, 84.125, 6.252285097534519e-23, nan 
66.875, 84.125, 1.0022982511956975e-22, nan 
67.125, 84.125, 7.68208171931233e-23, nan 
67.375, 84.125, 6.834770802725622e-23, nan 
67.625, 84.125, 7.931060209362419e-23, nan 
67.875, 84.125, 1.0078168587199967e-22, nan 
68.125, 84.125, 9.67640199189812e-23, nan 
68.375, 84.125, 9.829544434260988e-23, nan 
68.625, 84.125, 1.0913145273062692e-22, nan 
68.875, 84.125, 7.20383828922884e-23, nan 
69.125, 84.125, 7.106138189356043e-23, nan 
69.375, 84.125, 6.184991614680553e-23, nan 
69.625, 84.125, 9.905663192739771e-23, nan 
69.875, 84.125, 7.386489027873066e-23, nan 
70.125, 84.125, 7.488994131513691e-23, nan 
70.375, 84.125, 7.749423348367916e-23, nan 
70.625, 84.125, 7.663905544355195e-23, nan 
70.875, 84.125, 8.683526287535455e-23, nan 
71.125, 84.125, 7.733590105901752e-23, nan 
71.375, 84.125, 8.190339498194569e-23, nan 
71.625, 84.125, 8.283253122747362e-23, nan 
71.875, 84.125, 9.555996996480508e-23, nan 
72.125, 84.125, 8.46639888267742e-23, nan 
72.375, 84.125, 8.486802274191218e-23, nan 
72.625, 84.125, 8.758631755661706e-23, nan 
72.875, 84.125, 8.903498686356994e-23, nan 
73.125, 84.125, 8.657179463436766e-23, nan 
73.375, 84.125, 8.583046798101405e-23, nan 
73.625, 84.125, 9.007029673799508e-23, nan 
73.875, 84.125, 9.036465846443071e-23, nan 
74.125, 84.125, 8.989715866250473e-23, nan 
74.375, 84.125, 9.298044969500607e-23, nan 
74.625, 84.125, 9.604970722140263e-23, nan 
74.875, 84.125, 9.397432292642734e-23, nan 
75.125, 84.125, 9.888863991030254e-23, nan 
75.375, 84.125, 1.0050035491948658e-22, nan 
75.625, 84.125, 1.0584277262902441e-22, nan 
75.875, 84.125, 1.0807110778331123e-22, nan 
76.125, 84.125, 9.926134779670058e-23, nan 
76.375, 84.125, 9.307705548989019e-23, nan 
76.625, 84.125, 9.968650024270995e-23, nan 
76.875, 84.125, 9.585520645122011e-23, nan 
77.125, 84.125, 8.925635117359868e-23, nan 
77.375, 84.125, 8.608620619311587e-23, nan 
77.625, 84.125, 8.867383716056527e-23, nan 
77.875, 84.125, 8.653895050068588e-23, nan 
78.125, 84.125, 7.765691069268864e-23, nan 
78.375, 84.125, 8.064868223602833e-23, nan 
78.625, 84.125, 8.482356020863698e-23, nan 
78.875, 84.125, 9.813626991882026e-23, nan 
79.125, 84.125, 9.268659073518894e-23, nan 
79.375, 84.125, 8.191875335326452e-23, nan 
79.625, 84.125, 8.51689218525634e-23, nan 
79.875, 84.125, 1.1247978204383757e-22, nan 
80.125, 84.125, 1.2053470377830326e-22, nan 
80.375, 84.125, 8.155266224915372e-23, nan 
80.625, 84.125, 8.09367174561973e-23, nan 
80.875, 84.125, 8.083469726939106e-23, nan 
81.125, 84.125, 8.47791244465656e-23, nan 
81.375, 84.125, 8.899974406020235e-23, nan 
81.625, 84.125, 8.691773823610213e-23, nan 
81.875, 84.125, 7.914177888406243e-23, nan 
82.125, 84.125, 8.501321560734069e-23, nan 
82.375, 84.125, 9.690356140431499e-23, nan 
82.625, 84.125, 8.885493980188677e-23, nan 
82.875, 84.125, 7.20409638665316e-23, nan 
83.125, 84.125, 6.69354220037276e-23, nan 
83.375, 84.125, 8.134161373865739e-23, nan 
83.625, 84.125, 9.5180394679981e-23, nan 
83.875, 84.125, 1.070252520536246e-22, nan 
84.125, 84.125, 1.0997566119610465e-22, nan 
84.375, 84.125, 1.0566097239028938e-22, nan 
84.625, 84.125, 1.0233002925867787e-22, nan 
84.875, 84.125, 1.0940875414110273e-22, nan 
85.125, 84.125, 1.0523453905192198e-22, nan 
85.375, 84.125, 1.171356777555648e-22, nan 
85.625, 84.125, 1.3131899012945498e-22, nan 
85.875, 84.125, 1.446702825409908e-22, nan 
86.125, 84.125, 1.4013522218349027e-22, nan 
86.375, 84.125, 1.6014459697952327e-22, nan 
86.625, 84.125, 1.897820380120738e-22, nan 
86.875, 84.125, 2.067083785775127e-22, nan 
87.125, 84.125, 2.1518714823865897e-22, nan 
87.375, 84.125, 2.0933458434158098e-22, nan 
87.625, 84.125, 2.2094047226250053e-22, nan 
87.875, 84.125, 2.2241435145429867e-22, nan 
88.125, 84.125, 2.314028261873136e-22, nan 
88.375, 84.125, 1.976439768987238e-22, nan 
88.625, 84.125, 1.7402195304150098e-22, nan 
88.875, 84.125, 1.6895296503260567e-22, nan 
89.125, 84.125, 1.6347427674734934e-22, nan 
89.375, 84.125, 1.5357169359860205e-22, nan 
89.625, 84.125, 1.460451403660971e-22, nan 
89.875, 84.125, 1.5132193854773825e-22, nan 
90.125, 84.125, 1.6786627609499255e-22, nan 
90.375, 84.125, 1.7316053413783374e-22, nan 
90.625, 84.125, 1.2416720242360656e-22, nan 
90.875, 84.125, 1.0759513829502357e-22, nan 
91.125, 84.125, 1.1769570667786724e-22, nan 
91.375, 84.125, 1.1657479048635368e-22, nan 
91.625, 84.125, 1.0765400851213974e-22, nan 
91.875, 84.125, 1.0712297054124125e-22, nan 
92.125, 84.125, 1.165274705319401e-22, nan 
92.375, 84.125, 1.253469333933652e-22, nan 
92.625, 84.125, 1.3645304410925002e-22, nan 
92.875, 84.125, 1.20131284223654e-22, nan 
93.125, 84.125, 1.1415208830945954e-22, nan 
93.375, 84.125, 1.170524677704478e-22, nan 
93.625, 84.125, 1.1926966112673327e-22, nan 
93.875, 84.125, 1.1379413851442496e-22, nan 
94.125, 84.125, 1.170936627133171e-22, nan 
94.375, 84.125, 1.2005529931691626e-22, nan 
94.625, 84.125, 1.1169349899540642e-22, nan 
94.875, 84.125, 1.2220087774494578e-22, nan 
95.125, 84.125, 1.4119261921731191e-22, nan 
95.375, 84.125, 1.2864102166141149e-22, nan 
95.625, 84.125, 1.4424324073371319e-22, nan 
95.875, 84.125, 1.9223740573960954e-22, nan 
96.125, 84.125, 1.8793548290636515e-22, nan 
96.375, 84.125, 1.737015805623737e-22, nan 
96.625, 84.125, 1.454044987646348e-22, nan 
96.875, 84.125, 2.0058167190240068e-22, nan 
97.125, 84.125, 2.5671440132894365e-22, nan 
97.375, 84.125, 2.877506244661338e-22, nan 
97.625, 84.125, 2.3029818038012423e-22, nan 
97.875, 84.125, 2.0724080946248608e-22, nan 
98.125, 84.125, 3.2119914567063714e-22, nan 
98.375, 84.125, 3.599133954254985e-22, nan 
98.625, 84.125, 2.5611493288412507e-22, nan 
98.875, 84.125, 2.7611887753476914e-22, nan 
99.125, 84.125, 3.4157213220266418e-22, nan 
99.375, 84.125, 4.040661385316036e-22, nan 
99.625, 84.125, 4.049235404882875e-22, nan 
99.875, 84.125, 3.9347923388613645e-22, nan 
100.125, 84.125, 3.897739957104944e-22, nan 
100.375, 84.125, 4.4999915528992255e-22, nan 
100.625, 84.125, 5.634288376778156e-22, nan 
100.875, 84.125, 4.881137143594897e-22, nan 
101.125, 84.125, 4.896157470698579e-22, nan 
101.375, 84.125, 4.894157768692451e-22, nan 
101.625, 84.125, 6.149152688594713e-22, nan 
101.875, 84.125, 6.00593063733256e-22, nan 
102.125, 84.125, 5.5284952531263025e-22, nan 
102.375, 84.125, 4.221495787425073e-22, nan 
102.625, 84.125, 4.656394331527393e-22, nan 
102.875, 84.125, 4.3941859217983725e-22, nan 
103.125, 84.125, 4.1128115291817885e-22, nan 
103.375, 84.125, 3.9447557130302366e-22, nan 
103.625, 84.125, 3.903024697315901e-22, nan 
103.875, 84.125, 5.124038827042281e-22, nan 
104.125, 84.125, 5.625293747106389e-22, nan 
104.375, 84.125, 5.422161803689882e-22, nan 
104.625, 84.125, 5.5391472165488e-22, nan 
104.875, 84.125, 5.8964326623116395e-22, nan 
105.125, 84.125, 4.571053016811899e-22, nan 
105.375, 84.125, 4.753185553685355e-22, nan 
105.625, 84.125, 4.399695134365132e-22, nan 
105.875, 84.125, 6.790072500880967e-22, nan 
106.125, 84.125, 8.814852402900405e-22, nan 
106.375, 84.125, 1.0454683373970355e-21, nan 
106.625, 84.125, 1.1681477697632348e-21, nan 
106.875, 84.125, 1.1632620208233582e-21, nan 
107.125, 84.125, 1.1630228502162514e-21, nan 
107.375, 84.125, 8.496414897778164e-22, nan 
107.625, 84.125, 7.600656453430676e-22, nan 
107.875, 84.125, 5.274794837936899e-22, nan 
108.125, 84.125, 4.701294052023841e-22, nan 
108.375, 84.125, 7.111570545924258e-22, nan 
108.625, 84.125, 1.0331793105809069e-21, nan 
108.875, 84.125, 1.1673464130796036e-21, nan 
109.125, 84.125, 1.1561577017618407e-21, nan 
109.375, 84.125, 1.1172975246907292e-21, nan 
109.625, 84.125, 9.603907810454367e-22, nan 
109.875, 84.125, 1.057825768125765e-21, nan 
110.125, 84.125, 8.752473617169011e-22, nan 
110.375, 84.125, 7.764497360400638e-22, nan 
110.625, 84.125, 7.7196849146413e-22, nan 
110.875, 84.125, 8.245309974675382e-22, nan 
111.125, 84.125, 7.099880130792682e-22, nan 
111.375, 84.125, 4.669907456948632e-22, nan 
111.625, 84.125, 5.984712820280723e-22, nan 
111.875, 84.125, 6.349291666993789e-22, nan 
112.125, 84.125, 6.183603110747895e-22, nan 
112.375, 84.125, 5.611407896648714e-22, nan 
112.625, 84.125, 5.474552129201038e-22, nan 
112.875, 84.125, 4.7649278628509485e-22, nan 
113.125, 84.125, 4.34064832174531e-22, nan 
113.375, 84.125, 2.907469225844299e-22, nan 
113.625, 84.125, 2.21987639255781e-22, nan 
113.875, 84.125, 1.9322247877821737e-22, nan 
114.125, 84.125, 4.358037779484756e-22, nan 
114.375, 84.125, 1.4355793880915695e-22, nan 
114.625, 84.125, 1.5793632778870485e-22, nan 
114.875, 84.125, 1.6514106100429387e-22, nan 
115.125, 84.125, 1.4811888630748817e-22, nan 
115.375, 84.125, 1.4067110003511864e-22, nan 
115.625, 84.125, 1.267435449423049e-22, nan 
115.875, 84.125, 1.5308438473899427e-22, nan 
116.125, 84.125, 1.9241525198116877e-22, nan 
116.375, 84.125, 2.1925537615840697e-22, nan 
116.625, 84.125, 1.975388927191726e-22, nan 
116.875, 84.125, 2.779080041436754e-22, nan 
117.125, 84.125, 3.451409603646935e-22, nan 
117.375, 84.125, 3.4514562855252827e-22, nan 
117.625, 84.125, 3.5394970564066984e-22, nan 
117.875, 84.125, 3.656947080917123e-22, nan 
118.125, 84.125, 4.439850452401702e-22, nan 
118.375, 84.125, 4.4994962632928345e-22, nan 
118.625, 84.125, 4.530515680145168e-22, nan 
118.875, 84.125, 4.266919207216148e-22, nan 
119.125, 84.125, 4.48948706558183e-22, nan 
119.375, 84.125, 4.3659854656224655e-22, nan 
119.625, 84.125, 4.114179711453645e-22, nan 
119.875, 84.125, 3.3620826604991605e-22, nan 
120.125, 84.125, 3.263172120090413e-22, nan 
120.375, 84.125, 6.62421971156688e-22, nan 
120.625, 84.125, 8.098244614091757e-22, nan 
120.875, 84.125, 9.583169819327875e-22, nan 
121.125, 84.125, 8.857160033549227e-22, nan 
121.375, 84.125, 8.084195259300013e-22, nan 
121.625, 84.125, 8.0524042086353855e-22, nan 
121.875, 84.125, 8.014388265575219e-22, nan 
122.125, 84.125, 7.832626394985053e-22, nan 
122.375, 84.125, 1.5178185101964905e-21, nan 
122.625, 84.125, 1.5960472062788276e-21, nan 
122.875, 84.125, 1.386793849769789e-21, nan 
123.125, 84.125, 7.471520476081588e-22, nan 
123.375, 84.125, 7.925236305323787e-22, nan 
123.625, 84.125, 6.143852849076094e-22, nan 
123.875, 84.125, 5.486403050230456e-22, nan 
124.125, 84.125, 6.880500449177378e-22, nan 
124.375, 84.125, 7.413725927809382e-22, nan 
124.625, 84.125, 7.348650445482076e-22, nan 
124.875, 84.125, 6.928569296371228e-22, nan 
125.125, 84.125, 5.367845471003583e-22, nan 
125.375, 84.125, 4.481213788944123e-22, nan 
125.625, 84.125, 4.50705939603381e-22, nan 
125.875, 84.125, 4.933602684022941e-22, nan 
126.125, 84.125, 5.587782131440985e-22, nan 
126.375, 84.125, 4.859134979242013e-22, nan 
126.625, 84.125, 4.33640364475269e-22, nan 
126.875, 84.125, 3.582846441905224e-22, nan 
127.125, 84.125, 2.370897345703206e-22, nan 
127.375, 84.125, 1.667391346155396e-22, nan 
127.625, 84.125, 2.083473648550754e-22, nan 
127.875, 84.125, 2.613936483497684e-22, nan 
128.125, 84.125, 2.920704470058623e-22, nan 
128.375, 84.125, 1.9639256111989855e-22, nan 
128.625, 84.125, 1.7460489281637128e-22, nan 
128.875, 84.125, 2.962981431446655e-22, nan 
129.125, 84.125, 3.169811028317022e-22, nan 
129.375, 84.125, 2.645189518270633e-22, nan 
129.625, 84.125, 2.8372642911478215e-22, nan 
129.875, 84.125, 4.832388912898278e-22, nan 
130.125, 84.125, 6.742335444231063e-22, nan 
130.375, 84.125, 6.377913687239963e-22, nan 
130.625, 84.125, 5.951862794088442e-22, nan 
130.875, 84.125, 5.412763383800434e-22, nan 
131.125, 84.125, 6.249103811057646e-22, nan 
131.375, 84.125, 5.438480975478344e-22, nan 
131.625, 84.125, 5.3868207925303e-22, nan 
131.875, 84.125, 5.196911556896399e-22, nan 
132.125, 84.125, 5.298974139154261e-22, nan 
132.375, 84.125, 5.108879724374833e-22, nan 
132.625, 84.125, 5.0415907072616475e-22, nan 
132.875, 84.125, 5.05301681338385e-22, nan 
133.125, 84.125, 4.832439385670947e-22, nan 
133.375, 84.125, 4.634870656267734e-22, nan 
133.625, 84.125, 4.763171229396911e-22, nan 
133.875, 84.125, 4.392561411104585e-22, nan 
134.125, 84.125, 4.128851112901019e-22, nan 
134.375, 84.125, 3.96812706146542e-22, nan 
134.625, 84.125, 3.7454942790027946e-22, nan 
134.875, 84.125, 3.325914018152211e-22, nan 
135.125, 84.125, 3.214301780114122e-22, nan 
135.375, 84.125, 3.461141546814186e-22, nan 
135.625, 84.125, 3.9715045552599193e-22, nan 
135.875, 84.125, 3.9952153573779414e-22, nan 
136.125, 84.125, 2.746169849022286e-22, nan 
136.375, 84.125, 2.1069709165405455e-22, nan 
136.625, 84.125, 1.7453121023410688e-22, nan 
136.875, 84.125, 1.303759857149151e-22, nan 
137.125, 84.125, 1.274387767422799e-22, nan 
137.375, 84.125, 1.3338504058845151e-22, nan 
137.625, 84.125, 1.0889650564359742e-22, nan 
137.875, 84.125, 9.622355120407839e-23, nan 
138.125, 84.125, 1.741453455053469e-22, nan 
138.375, 84.125, 2.582323394625596e-22, nan 
138.625, 84.125, 3.2388240049596895e-22, nan 
138.875, 84.125, 3.5759316061454567e-22, nan 
139.125, 84.125, 3.6387121012782543e-22, nan 
139.375, 84.125, 3.548451031910885e-22, nan 
139.625, 84.125, 3.7226296666628644e-22, nan 
139.875, 84.125, 3.834285489637616e-22, nan 
140.125, 84.125, 4.1810381450480486e-22, nan 
140.375, 84.125, 4.018098325324024e-22, nan 
140.625, 84.125, 4.0601542917813926e-22, nan 
140.875, 84.125, 3.982799755244687e-22, nan 
141.125, 84.125, 4.176937342765796e-22, nan 
141.375, 84.125, 4.1281801215040504e-22, nan 
141.625, 84.125, 3.8306595087198374e-22, nan 
141.875, 84.125, 3.666620609076046e-22, nan 
142.125, 84.125, 3.5613289122654285e-22, nan 
142.375, 84.125, 3.173576063573334e-22, nan 
142.625, 84.125, 2.7108438692883684e-22, nan 
142.875, 84.125, 2.7283922605764294e-22, nan 
143.125, 84.125, 3.5649938660788247e-22, nan 
143.375, 84.125, 2.2601386055680684e-22, nan 
143.625, 84.125, 7.166450480537353e-23, nan 
143.875, 84.125, 1.6720560639950615e-22, nan 
144.125, 84.125, 1.862610575701436e-22, nan 
144.375, 84.125, 2.1096242300300103e-22, nan 
144.625, 84.125, 1.9728356552168421e-22, nan 
144.875, 84.125, 1.782465110989741e-22, nan 
145.125, 84.125, 1.7336796446688166e-22, nan 
145.375, 84.125, 1.5365794638765468e-22, nan 
145.625, 84.125, 1.3914012757807375e-22, nan 
145.875, 84.125, 1.258118134810838e-22, nan 
146.125, 84.125, 1.0974664785909877e-22, nan 
146.375, 84.125, 1.1074505402619147e-22, nan 
146.625, 84.125, 1.0494141032217763e-22, nan 
146.875, 84.125, 9.68850866576787e-23, nan 
147.125, 84.125, 8.650817407900875e-23, nan 
147.375, 84.125, 8.264224452651696e-23, nan 
147.625, 84.125, 7.411777341574042e-23, nan 
147.875, 84.125, 6.67190350187424e-23, nan 
148.125, 84.125, 5.919588716222595e-23, nan 
148.375, 84.125, 4.9821699020044233e-23, nan 
148.625, 84.125, 4.873314372535792e-23, nan 
148.875, 84.125, 4.677325092187669e-23, nan 
149.125, 84.125, 4.697721806935012e-23, nan 
149.375, 84.125, 4.7109743474852626e-23, nan 
149.625, 84.125, 4.7055640018450334e-23, nan 
149.875, 84.125, 4.7944830514993596e-23, nan 
150.125, 84.125, 4.722063035694072e-23, nan 
150.375, 84.125, 4.3421578155407626e-23, nan 
150.625, 84.125, 4.0520882221832726e-23, nan 
150.875, 84.125, 4.2086991072461736e-23, nan 
151.125, 84.125, 4.238900132623306e-23, nan 
151.375, 84.125, 4.2052102095730243e-23, nan 
151.625, 84.125, 3.964381993269693e-23, nan 
151.875, 84.125, 4.520249580537446e-23, nan 
152.125, 84.125, 4.770476335260547e-23, nan 
152.375, 84.125, 4.5335364111601e-23, nan 
152.625, 84.125, 4.608427536950697e-23, nan 
152.875, 84.125, 4.616515610757689e-23, nan 
153.125, 84.125, 5.474163298347895e-23, nan 
153.375, 84.125, 7.217406883015031e-23, nan 
153.625, 84.125, 8.340211811033624e-23, nan 
153.875, 84.125, 8.879321386211018e-23, nan 
154.125, 84.125, 8.800031723483152e-23, nan 
154.375, 84.125, 9.462900558753158e-23, nan 
154.625, 84.125, 1.0471198523768345e-22, nan 
154.875, 84.125, 1.0644712414891498e-22, nan 
155.125, 84.125, 1.1099832317845992e-22, nan 
155.375, 84.125, 1.3740074079531768e-22, nan 
155.625, 84.125, 1.243517989811475e-22, nan 
155.875, 84.125, 1.183603213456042e-22, nan 
156.125, 84.125, 1.2746213890648172e-22, nan 
156.375, 84.125, 1.445986333717287e-22, nan 
156.625, 84.125, 1.2871993931348962e-22, nan 
156.875, 84.125, 1.2008761323814494e-22, nan 
157.125, 84.125, 1.1772600148289162e-22, nan 
157.375, 84.125, 1.3277252961671855e-22, nan 
157.625, 84.125, 1.9349284345044903e-22, nan 
157.875, 84.125, 2.021273405317023e-22, nan 
158.125, 84.125, 1.8609426875108954e-22, nan 
158.375, 84.125, 1.9159413382311212e-22, nan 
158.625, 84.125, 1.8684956565088132e-22, nan 
158.875, 84.125, 1.8096186623803341e-22, nan 
159.125, 84.125, 1.6383412158491984e-22, nan 
159.375, 84.125, 1.7112626974176604e-22, nan 
159.625, 84.125, 1.5926874434284896e-22, nan 
159.875, 84.125, 1.78023618061135e-22, nan 
160.125, 84.125, 1.8280013758984883e-22, nan 
160.375, 84.125, 1.7480609348847749e-22, nan 
160.625, 84.125, 1.7520547045083654e-22, nan 
160.875, 84.125, 1.7329327102945408e-22, nan 
161.125, 84.125, 1.7218695575399372e-22, nan 
161.375, 84.125, 1.5897908079713928e-22, nan 
161.625, 84.125, 1.5072807091352953e-22, nan 
161.875, 84.125, 1.2786451006797492e-22, nan 
162.125, 84.125, 1.1775045002870328e-22, nan 
162.375, 84.125, 9.542342863846195e-23, nan 
162.625, 84.125, 9.049584316589497e-23, nan 
162.875, 84.125, 7.927149389989442e-23, nan 
163.125, 84.125, 7.117175695685236e-23, nan 
163.375, 84.125, 6.846077021023772e-23, nan 
163.625, 84.125, 6.521061702596976e-23, nan 
163.875, 84.125, 6.379265639296343e-23, nan 
164.125, 84.125, 6.508086505687672e-23, nan 
164.375, 84.125, 6.744637894409452e-23, nan 
164.625, 84.125, 6.778368374035094e-23, nan 
164.875, 84.125, 6.293518415502242e-23, nan 
165.125, 84.125, 5.607326150608158e-23, nan 
165.375, 84.125, 5.307859556823093e-23, nan 
165.625, 84.125, 5.367761888253597e-23, nan 
165.875, 84.125, 4.482910602499085e-23, nan 
166.125, 84.125, 2.971341666112935e-23, nan 
166.375, 84.125, 2.4606089980350158e-23, nan 
166.625, 84.125, 1.7571294629462374e-23, nan 
166.875, 84.125, 2.1523516088795048e-23, nan 
167.125, 84.125, 1.8198180912763264e-23, nan 
167.375, 84.125, 2.001621701386368e-23, nan 
167.625, 84.125, 1.9889410548737958e-23, nan 
167.875, 84.125, 1.9550676645472475e-23, nan 
168.125, 84.125, 2.079804723445657e-23, nan 
168.375, 84.125, 2.0956833987324672e-23, nan 
168.625, 84.125, 1.856694643508473e-23, nan 
168.875, 84.125, 1.8085928799734173e-23, nan 
169.125, 84.125, 1.849873533699716e-23, nan 
169.375, 84.125, 1.7914344514842994e-23, nan 
169.625, 84.125, 1.6803845384056688e-23, nan 
169.875, 84.125, 1.529008472262419e-23, nan 
170.125, 84.125, 1.4742689073135043e-23, nan 
170.375, 84.125, 1.4028658893847504e-23, nan 
170.625, 84.125, 1.4122532815307113e-23, nan 
170.875, 84.125, 1.4768873022661897e-23, nan 
171.125, 84.125, 1.438036068421789e-23, nan 
171.375, 84.125, 1.3397790966285596e-23, nan 
171.625, 84.125, 1.3296534108651038e-23, nan 
171.875, 84.125, 1.2553489713131701e-23, nan 
172.125, 84.125, 1.212921504564277e-23, nan 
172.375, 84.125, 1.2176229259269079e-23, nan 
172.625, 84.125, 1.2146358618730013e-23, nan 
172.875, 84.125, 1.2136646684183203e-23, nan 
173.125, 84.125, 1.2800908456035396e-23, nan 
173.375, 84.125, 1.2664683261488292e-23, nan 
173.625, 84.125, 1.1658994698589379e-23, nan 
173.875, 84.125, 1.1144053307419601e-23, nan 
174.125, 84.125, 1.100294995293736e-23, nan 
174.375, 84.125, 1.0720790679187383e-23, nan 
174.625, 84.125, 1.1111798417945598e-23, nan 
174.875, 84.125, 1.1721490213536886e-23, nan 
175.125, 84.125, 1.1963434297252772e-23, nan 
175.375, 84.125, 1.1581572224657327e-23, nan 
175.625, 84.125, 1.1804540664466897e-23, nan 
175.875, 84.125, 1.2110216615380421e-23, nan 
176.125, 84.125, 1.22097113332714e-23, nan 
176.375, 84.125, 1.2122725574952367e-23, nan 
176.625, 84.125, 1.215661206131522e-23, nan 
176.875, 84.125, 1.1845251414436738e-23, nan 
177.125, 84.125, 1.1467407253240731e-23, nan 
177.375, 84.125, 1.1359824890631225e-23, nan 
177.625, 84.125, 1.0553702242541956e-23, nan 
177.875, 84.125, 1.1076143303127806e-23, nan 
178.125, 84.125, 1.0114616073472695e-23, nan 
178.375, 84.125, 1.0173933350224766e-23, nan 
178.625, 84.125, 1.0244787069512278e-23, nan 
178.875, 84.125, 1.008789305787596e-23, nan 
179.125, 84.125, 9.544029939067233e-24, nan 
179.375, 84.125, 9.526961868954005e-24, nan 
179.625, 84.125, 9.041057811770035e-24, nan 
179.875, 84.125, 8.766186031608706e-24, nan 
-179.875, 84.375, 1.0735861945449263e-23, nan 
-179.625, 84.375, 1.09946780339018e-23, nan 
-179.375, 84.375, 1.2272981244726152e-23, nan 
-179.125, 84.375, 1.14681379266191e-23, nan 
-178.875, 84.375, 1.1016964333211808e-23, nan 
-178.625, 84.375, 1.0919286453758018e-23, nan 
-178.375, 84.375, 1.3044144224823225e-23, nan 
-178.125, 84.375, 1.3116381366954068e-23, nan 
-177.875, 84.375, 1.4329681981159743e-23, nan 
-177.625, 84.375, 1.4553614963417126e-23, nan 
-177.375, 84.375, 1.395487623600734e-23, nan 
-177.125, 84.375, 1.1290707301254398e-23, nan 
-176.875, 84.375, 9.026723921077781e-24, nan 
-176.625, 84.375, 7.989242317304391e-24, nan 
-176.375, 84.375, 1.0344412071186864e-23, nan 
-176.125, 84.375, 1.0323473162417876e-23, nan 
-175.875, 84.375, 6.307108812160977e-24, nan 
-175.625, 84.375, 6.324838261886193e-24, nan 
-175.375, 84.375, 6.499007986614957e-24, nan 
-175.125, 84.375, 6.909636680183287e-24, nan 
-174.875, 84.375, 7.184190283312021e-24, nan 
-174.625, 84.375, 7.149794986023038e-24, nan 
-174.375, 84.375, 7.3667932628543e-24, nan 
-174.125, 84.375, 7.405687279244875e-24, nan 
-173.875, 84.375, 7.201990655215712e-24, nan 
-173.625, 84.375, 7.620341544741232e-24, nan 
-173.375, 84.375, 7.592386043091129e-24, nan 
-173.125, 84.375, 7.251809654457872e-24, nan 
-172.875, 84.375, 7.601773095303214e-24, nan 
-172.625, 84.375, 7.705063570573265e-24, nan 
-172.375, 84.375, 7.749557155261577e-24, nan 
-172.125, 84.375, 8.932221629177289e-24, nan 
-171.875, 84.375, 1.0737552253197567e-23, nan 
-171.625, 84.375, 1.2235178539680289e-23, nan 
-171.375, 84.375, 1.1854374918709735e-23, nan 
-171.125, 84.375, 1.2413997317323084e-23, nan 
-170.875, 84.375, 1.2356815113549505e-23, nan 
-170.625, 84.375, 1.1581733035170042e-23, nan 
-170.375, 84.375, 1.2042411286582055e-23, nan 
-170.125, 84.375, 1.3109337998568289e-23, nan 
-169.875, 84.375, 1.42346096760203e-23, nan 
-169.625, 84.375, 1.3812080523041907e-23, nan 
-169.375, 84.375, 1.2924794950180947e-23, nan 
-169.125, 84.375, 1.6542066670635558e-23, nan 
-168.875, 84.375, 1.9998599017871552e-23, nan 
-168.625, 84.375, 1.8775143385919796e-23, nan 
-168.375, 84.375, 1.604683714248194e-23, nan 
-168.125, 84.375, 1.4256952617919e-23, nan 
-167.875, 84.375, 1.2714154664844666e-23, nan 
-167.625, 84.375, 1.1367486175007299e-23, nan 
-167.375, 84.375, 9.690066609858137e-24, nan 
-167.125, 84.375, 8.128877127787218e-24, nan 
-166.875, 84.375, 7.113528425549134e-24, nan 
-166.625, 84.375, 6.714717587581467e-24, nan 
-166.375, 84.375, 6.3858163924766485e-24, nan 
-166.125, 84.375, 6.767583763823136e-24, nan 
-165.875, 84.375, 8.04525517413394e-24, nan 
-165.625, 84.375, 8.51422817450726e-24, nan 
-165.375, 84.375, 8.993842453524656e-24, nan 
-165.125, 84.375, 8.843988480106521e-24, nan 
-164.875, 84.375, 8.823619441445377e-24, nan 
-164.625, 84.375, 8.747547870508483e-24, nan 
-164.375, 84.375, 8.863526805761865e-24, nan 
-164.125, 84.375, 9.07718917452886e-24, nan 
-163.875, 84.375, 1.2793582013194114e-23, nan 
-163.625, 84.375, 1.4511092968933393e-23, nan 
-163.375, 84.375, 1.6979082955429134e-23, nan 
-163.125, 84.375, 1.6649524004574225e-23, nan 
-162.875, 84.375, 1.864958582269827e-23, nan 
-162.625, 84.375, 2.0261834817883904e-23, nan 
-162.375, 84.375, 2.347079788018199e-23, nan 
-162.125, 84.375, 2.7940442838717695e-23, nan 
-161.875, 84.375, 3.6656212826027675e-23, nan 
-161.625, 84.375, 3.51629734384788e-23, nan 
-161.375, 84.375, 4.028660602655144e-23, nan 
-161.125, 84.375, 4.0824301478519785e-23, nan 
-160.875, 84.375, 4.2318590352641284e-23, nan 
-160.625, 84.375, 4.172127587931708e-23, nan 
-160.375, 84.375, 3.787586968857894e-23, nan 
-160.125, 84.375, 3.4893571045640356e-23, nan 
-159.875, 84.375, 3.6372311225045237e-23, nan 
-159.625, 84.375, 3.5229978072187914e-23, nan 
-159.375, 84.375, 2.96691366968003e-23, nan 
-159.125, 84.375, 1.912295324137963e-23, nan 
-158.875, 84.375, 1.6990992735876676e-23, nan 
-158.625, 84.375, 1.3027166972706358e-23, nan 
-158.375, 84.375, 1.1029686800709015e-23, nan 
-158.125, 84.375, 1.4844336721349355e-23, nan 
-157.875, 84.375, 1.733544604405624e-23, nan 
-157.625, 84.375, 1.2875156975317014e-23, nan 
-157.375, 84.375, 9.392694419648044e-24, nan 
-157.125, 84.375, 6.946609271735008e-24, nan 
-156.875, 84.375, 5.295645570043814e-24, nan 
-156.625, 84.375, 1.070977462925748e-23, nan 
-156.375, 84.375, 1.8160745481593354e-23, nan 
-156.125, 84.375, 2.3175752349233466e-23, nan 
-155.875, 84.375, 2.445521441866998e-23, nan 
-155.625, 84.375, 2.6462491788972963e-23, nan 
-155.375, 84.375, 2.932600122058904e-23, nan 
-155.125, 84.375, 3.2343813126761533e-23, nan 
-154.875, 84.375, 3.074587729492753e-23, nan 
-154.625, 84.375, 3.1758415559040064e-23, nan 
-154.375, 84.375, 3.0544380962084585e-23, nan 
-154.125, 84.375, 2.6005480920229194e-23, nan 
-153.875, 84.375, 1.6242628809083e-23, nan 
-153.625, 84.375, 1.676694103128689e-23, nan 
-153.375, 84.375, 1.775945641450846e-23, nan 
-153.125, 84.375, 1.8937036144305694e-23, nan 
-152.875, 84.375, 2.6180717204537906e-23, nan 
-152.625, 84.375, 2.9926276988902606e-23, nan 
-152.375, 84.375, 3.516757445255114e-23, nan 
-152.125, 84.375, 4.249784021412726e-23, nan 
-151.875, 84.375, 4.79599440296012e-23, nan 
-151.625, 84.375, 4.62063854054402e-23, nan 
-151.375, 84.375, 3.89072076183041e-23, nan 
-151.125, 84.375, 3.066342149935223e-23, nan 
-150.875, 84.375, 2.428318224550902e-23, nan 
-150.625, 84.375, 2.5674553423947632e-23, nan 
-150.375, 84.375, 1.8498572768529615e-23, nan 
-150.125, 84.375, 1.3625388787339266e-23, nan 
-149.875, 84.375, 8.745132599610795e-24, nan 
-149.625, 84.375, 7.055570810204279e-24, nan 
-149.375, 84.375, 7.05529439103948e-24, nan 
-149.125, 84.375, 1.507747319370893e-23, nan 
-148.875, 84.375, 2.709529717777066e-23, nan 
-148.625, 84.375, 1.4355129932026124e-23, nan 
-148.375, 84.375, 8.826644780677798e-24, nan 
-148.125, 84.375, 1.1626370366265827e-23, nan 
-147.875, 84.375, 1.2290589396120233e-23, nan 
-147.625, 84.375, 8.63877699297913e-24, nan 
-147.375, 84.375, 5.196766196529352e-24, nan 
-147.125, 84.375, 4.5339668405941965e-24, nan 
-146.875, 84.375, 4.270387233549944e-24, nan 
-146.625, 84.375, 5.243912080596404e-24, nan 
-146.375, 84.375, 5.37655100613987e-24, nan 
-146.125, 84.375, 9.829383626392365e-24, nan 
-145.875, 84.375, 5.586458757579505e-24, nan 
-145.625, 84.375, 1.4388331096937229e-23, nan 
-145.375, 84.375, 4.05692912209706e-23, nan 
-145.125, 84.375, 3.824240422849165e-23, nan 
-144.875, 84.375, 1.829071467462112e-23, nan 
-144.625, 84.375, 2.5521711896890892e-23, nan 
-144.375, 84.375, 5.293535188740303e-23, nan 
-144.125, 84.375, 5.774405869335251e-23, nan 
-143.875, 84.375, 6.423612313536116e-23, nan 
-143.625, 84.375, 6.397271074253629e-23, nan 
-143.375, 84.375, 6.516185858378507e-23, nan 
-143.125, 84.375, 6.586474211719037e-23, nan 
-142.875, 84.375, 6.490738123797114e-23, nan 
-142.625, 84.375, 6.430956581283263e-23, nan 
-142.375, 84.375, 6.699564990382817e-23, nan 
-142.125, 84.375, 6.848921010049716e-23, nan 
-141.875, 84.375, 6.705558883828121e-23, nan 
-141.625, 84.375, 5.964992734301037e-23, nan 
-141.375, 84.375, 5.782847550183797e-23, nan 
-141.125, 84.375, 6.108585479871277e-23, nan 
-140.875, 84.375, 6.072848067684432e-23, nan 
-140.625, 84.375, 4.1446334008484456e-23, nan 
-140.375, 84.375, 2.6798519863492204e-23, nan 
-140.125, 84.375, 2.786578828523236e-23, nan 
-139.875, 84.375, 4.109872988357507e-23, nan 
-139.625, 84.375, 4.726610261748989e-23, nan 
-139.375, 84.375, 5.203431732770914e-23, nan 
-139.125, 84.375, 5.408279791174264e-23, nan 
-138.875, 84.375, 5.554175613032208e-23, nan 
-138.625, 84.375, 5.746623077050169e-23, nan 
-138.375, 84.375, 6.268158065115637e-23, nan 
-138.125, 84.375, 6.172678982286177e-23, nan 
-137.875, 84.375, 6.692006805489853e-23, nan 
-137.625, 84.375, 6.982160308518795e-23, nan 
-137.375, 84.375, 7.133164993284152e-23, nan 
-137.125, 84.375, 6.219045798679016e-23, nan 
-136.875, 84.375, 5.2898548155522865e-23, nan 
-136.625, 84.375, 4.8616046282077747e-23, nan 
-136.375, 84.375, 5.065144836013926e-23, nan 
-136.125, 84.375, 5.1059861559041827e-23, nan 
-135.875, 84.375, 5.118062406603553e-23, nan 
-135.625, 84.375, 5.434856549663132e-23, nan 
-135.375, 84.375, 5.157310975493431e-23, nan 
-135.125, 84.375, 6.014219775252126e-23, nan 
-134.875, 84.375, 6.328836614520604e-23, nan 
-134.625, 84.375, 6.493304586372481e-23, nan 
-134.375, 84.375, 6.047221108955579e-23, nan 
-134.125, 84.375, 5.444840477116026e-23, nan 
-133.875, 84.375, 4.655600448481737e-23, nan 
-133.625, 84.375, 4.4197422644182795e-23, nan 
-133.375, 84.375, 4.2600706922996117e-23, nan 
-133.125, 84.375, 4.112345407678838e-23, nan 
-132.875, 84.375, 3.963175595899457e-23, nan 
-132.625, 84.375, 3.466750393909226e-23, nan 
-132.375, 84.375, 2.5953121242005183e-23, nan 
-132.125, 84.375, 2.0412114824265044e-23, nan 
-131.875, 84.375, 1.4097040271429832e-23, nan 
-131.625, 84.375, 1.0680832521680893e-23, nan 
-131.375, 84.375, 1.0437008968637853e-23, nan 
-131.125, 84.375, 1.13408709993374e-23, nan 
-130.875, 84.375, 1.1752620675948678e-23, nan 
-130.625, 84.375, 1.1508349781400211e-23, nan 
-130.375, 84.375, 1.0893772309115876e-23, nan 
-130.125, 84.375, 1.081467665252555e-23, nan 
-129.875, 84.375, 1.0736873642366124e-23, nan 
-129.625, 84.375, 1.0676233947721963e-23, nan 
-129.375, 84.375, 1.0765347468210789e-23, nan 
-129.125, 84.375, 1.0787320419737791e-23, nan 
-128.875, 84.375, 1.0774982626817262e-23, nan 
-128.625, 84.375, 1.2577502562417403e-23, nan 
-128.375, 84.375, 1.1132469479593485e-23, nan 
-128.125, 84.375, 1.0646906258994758e-23, nan 
-127.875, 84.375, 1.0181452315545587e-23, nan 
-127.625, 84.375, 9.991933152079294e-24, nan 
-127.375, 84.375, 2.840113128879617e-23, nan 
-127.125, 84.375, 3.4299382589885717e-23, nan 
-126.875, 84.375, 3.127788937281953e-23, nan 
-126.625, 84.375, 2.046403816510933e-23, nan 
-126.375, 84.375, 8.022826499159423e-24, nan 
-126.125, 84.375, 8.20211879608127e-24, nan 
-125.875, 84.375, 8.670753492774044e-24, nan 
-125.625, 84.375, 8.937869183964136e-24, nan 
-125.375, 84.375, 9.83644456776729e-24, nan 
-125.125, 84.375, 1.069847397195229e-23, nan 
-124.875, 84.375, 1.124792245526737e-23, nan 
-124.625, 84.375, 1.1444721799165646e-23, nan 
-124.375, 84.375, 1.1905453976342962e-23, nan 
-124.125, 84.375, 1.1643667559714848e-23, nan 
-123.875, 84.375, 1.0503121511587628e-23, nan 
-123.625, 84.375, 8.824792741419082e-24, nan 
-123.375, 84.375, 8.222647127746317e-24, nan 
-123.125, 84.375, 9.4303126774832e-24, nan 
-122.875, 84.375, 1.1877482474056449e-23, nan 
-122.625, 84.375, 1.4138159131419036e-23, nan 
-122.375, 84.375, 1.6790234860717687e-23, nan 
-122.125, 84.375, 1.813921170601954e-23, nan 
-121.875, 84.375, 1.8580085789011516e-23, nan 
-121.625, 84.375, 1.9625792649213958e-23, nan 
-121.375, 84.375, 1.9196809398101402e-23, nan 
-121.125, 84.375, 1.6725240613020557e-23, nan 
-120.875, 84.375, 1.4540484389509234e-23, nan 
-120.625, 84.375, 1.2770814710499396e-23, nan 
-120.375, 84.375, 1.2063106335068922e-23, nan 
-120.125, 84.375, 1.1328908507537581e-23, nan 
-119.875, 84.375, 1.0578078588615823e-23, nan 
-119.625, 84.375, 1.1329928040643768e-23, nan 
-119.375, 84.375, 1.2667619500541377e-23, nan 
-119.125, 84.375, 1.3174632306910773e-23, nan 
-118.875, 84.375, 1.3656901081556708e-23, nan 
-118.625, 84.375, 1.6234372108680132e-23, nan 
-118.375, 84.375, 1.866763264068883e-23, nan 
-118.125, 84.375, 1.949152806321176e-23, nan 
-117.875, 84.375, 1.8691602560732966e-23, nan 
-117.625, 84.375, 1.6688986305723038e-23, nan 
-117.375, 84.375, 1.4249782080127042e-23, nan 
-117.125, 84.375, 1.2713630906312766e-23, nan 
-116.875, 84.375, 2.3948091003309974e-23, nan 
-116.625, 84.375, 3.4011099019935663e-23, nan 
-116.375, 84.375, 3.60254492486709e-23, nan 
-116.125, 84.375, 3.5592724956248613e-23, nan 
-115.875, 84.375, 3.473054819564029e-23, nan 
-115.625, 84.375, 2.800397177810431e-23, nan 
-115.375, 84.375, 2.429841828563322e-23, nan 
-115.125, 84.375, 2.1437105938136258e-23, nan 
-114.875, 84.375, 2.208812372797825e-23, nan 
-114.625, 84.375, 1.924104861421994e-23, nan 
-114.375, 84.375, 1.6915810181200606e-23, nan 
-114.125, 84.375, 1.596868960138565e-23, nan 
-113.875, 84.375, 1.7078582132015254e-23, nan 
-113.625, 84.375, 1.5533700518638667e-23, nan 
-113.375, 84.375, 1.4390734260454576e-23, nan 
-113.125, 84.375, 1.520139103621699e-23, nan 
-112.875, 84.375, 1.2973922030244678e-23, nan 
-112.625, 84.375, 1.263372710857357e-23, nan 
-112.375, 84.375, 1.1118479224072348e-23, nan 
-112.125, 84.375, 1.1775574254076884e-23, nan 
-111.875, 84.375, 1.1231605315004306e-23, nan 
-111.625, 84.375, 9.925892559240834e-24, nan 
-111.375, 84.375, 9.073298011294652e-24, nan 
-111.125, 84.375, 8.817280985471662e-24, nan 
-110.875, 84.375, 8.18775944725243e-24, nan 
-110.625, 84.375, 7.781162375977102e-24, nan 
-110.375, 84.375, 1.2508247697732822e-23, nan 
-110.125, 84.375, 1.5290774332207235e-23, nan 
-109.875, 84.375, 1.9621189592648938e-23, nan 
-109.625, 84.375, 1.97856263557824e-23, nan 
-109.375, 84.375, 2.4501657413440822e-23, nan 
-109.125, 84.375, 2.484926199991523e-23, nan 
-108.875, 84.375, 2.568626673563354e-23, nan 
-108.625, 84.375, 2.677594313048442e-23, nan 
-108.375, 84.375, 2.8815967873308506e-23, nan 
-108.125, 84.375, 2.947472724531822e-23, nan 
-107.875, 84.375, 2.789634841429112e-23, nan 
-107.625, 84.375, 2.0941600641073527e-23, nan 
-107.375, 84.375, 1.9688369759005714e-23, nan 
-107.125, 84.375, 2.0413769664341347e-23, nan 
-106.875, 84.375, 2.0001203042572958e-23, nan 
-106.625, 84.375, 1.950656571927552e-23, nan 
-106.375, 84.375, 1.948049024290933e-23, nan 
-106.125, 84.375, 2.0615419849132264e-23, nan 
-105.875, 84.375, 2.2130357475529104e-23, nan 
-105.625, 84.375, 2.346481709286885e-23, nan 
-105.375, 84.375, 2.3865909734433646e-23, nan 
-105.125, 84.375, 2.340171752252273e-23, nan 
-104.875, 84.375, 2.253181336292021e-23, nan 
-104.625, 84.375, 2.2669795696424252e-23, nan 
-104.375, 84.375, 2.2483008430121036e-23, nan 
-104.125, 84.375, 2.0881301320544076e-23, nan 
-103.875, 84.375, 2.02730182338054e-23, nan 
-103.625, 84.375, 2.0600064041774482e-23, nan 
-103.375, 84.375, 2.0112050656540568e-23, nan 
-103.125, 84.375, 2.1132629696956646e-23, nan 
-102.875, 84.375, 2.3364397202393773e-23, nan 
-102.625, 84.375, 2.498708171913921e-23, nan 
-102.375, 84.375, 2.545768299853264e-23, nan 
-102.125, 84.375, 2.660210945749233e-23, nan 
-101.875, 84.375, 2.75545853224422e-23, nan 
-101.625, 84.375, 2.886705995340845e-23, nan 
-101.375, 84.375, 2.7951332897704615e-23, nan 
-101.125, 84.375, 2.695424134146729e-23, nan 
-100.875, 84.375, 2.151563816182032e-23, nan 
-100.625, 84.375, 1.885024426287194e-23, nan 
-100.375, 84.375, 1.3527878118519447e-23, nan 
-100.125, 84.375, 8.607377386099448e-24, nan 
-99.875, 84.375, 5.399573069263629e-24, nan 
-99.625, 84.375, 5.290891437126588e-24, nan 
-99.375, 84.375, 5.4472947364022215e-24, nan 
-99.125, 84.375, 4.653733383357987e-24, nan 
-98.875, 84.375, 3.983416407517261e-24, nan 
-98.625, 84.375, 3.662378509476711e-24, nan 
-98.375, 84.375, 4.057144622724063e-24, nan 
-98.125, 84.375, 4.9929002708331714e-24, nan 
-97.875, 84.375, 4.4410086928344504e-24, nan 
-97.625, 84.375, 3.938874612591394e-24, nan 
-97.375, 84.375, 4.2296313601415994e-24, nan 
-97.125, 84.375, 4.121892886176124e-24, nan 
-96.875, 84.375, 2.9044894487381726e-24, nan 
-96.625, 84.375, 2.1040484858447644e-24, nan 
-96.375, 84.375, 1.974566636575287e-24, nan 
-96.125, 84.375, 2.1863323698819734e-24, nan 
-95.875, 84.375, 2.5910373338016025e-24, nan 
-95.625, 84.375, 2.9477830900739455e-24, nan 
-95.375, 84.375, 2.923403902813753e-24, nan 
-95.125, 84.375, 3.128592917990331e-24, nan 
-94.875, 84.375, 3.348419152318672e-24, nan 
-94.625, 84.375, 2.9071866953821138e-24, nan 
-94.375, 84.375, 2.734299793658293e-24, nan 
-94.125, 84.375, 2.5042140058316124e-24, nan 
-93.875, 84.375, 2.712995918545436e-24, nan 
-93.625, 84.375, 2.5817275135220872e-24, nan 
-93.375, 84.375, 1.1998684356999277e-24, nan 
-93.125, 84.375, 1.6115434494808092e-24, nan 
-92.875, 84.375, 2.5432257241653645e-24, nan 
-92.625, 84.375, 2.5502774128552133e-24, nan 
-92.375, 84.375, 2.8993055164521305e-24, nan 
-92.125, 84.375, 3.408899463275592e-24, nan 
-91.875, 84.375, 3.868276216421048e-24, nan 
-91.625, 84.375, 5.153003235615646e-24, nan 
-91.375, 84.375, 4.6031903492254046e-24, nan 
-91.125, 84.375, 4.472539271277274e-24, nan 
-90.875, 84.375, 4.653644199229903e-24, nan 
-90.625, 84.375, 4.45312365051445e-24, nan 
-90.375, 84.375, 4.173531309609933e-24, nan 
-90.125, 84.375, 3.857343096271058e-24, nan 
-89.875, 84.375, 3.704305147937961e-24, nan 
-89.625, 84.375, 3.984043665738632e-24, nan 
-89.375, 84.375, 4.162334188513648e-24, nan 
-89.125, 84.375, 4.2405616034492534e-24, nan 
-88.875, 84.375, 4.8938991060537275e-24, nan 
-88.625, 84.375, 4.132132516690221e-24, nan 
-88.375, 84.375, 3.49344225439524e-24, nan 
-88.125, 84.375, 3.231451359148779e-24, nan 
-87.875, 84.375, 3.0486326969725464e-24, nan 
-87.625, 84.375, 2.8540726938794885e-24, nan 
-87.375, 84.375, 2.4596343362469784e-24, nan 
-87.125, 84.375, 2.312802012001558e-24, nan 
-86.875, 84.375, 2.0923153602015004e-24, nan 
-86.625, 84.375, 1.912429774876214e-24, nan 
-86.375, 84.375, 1.8083905923360356e-24, nan 
-86.125, 84.375, 1.6897736371837836e-24, nan 
-85.875, 84.375, 1.739076208638869e-24, nan 
-85.625, 84.375, 1.8202553158981705e-24, nan 
-85.375, 84.375, 2.125989028963749e-24, nan 
-85.125, 84.375, 2.51121809283439e-24, nan 
-84.875, 84.375, 3.1456394563432127e-24, nan 
-84.625, 84.375, 3.696709819957134e-24, nan 
-84.375, 84.375, 4.0843439136640586e-24, nan 
-84.125, 84.375, 4.444206760759972e-24, nan 
-83.875, 84.375, 4.549241415170085e-24, nan 
-83.625, 84.375, 5.448667890085594e-24, nan 
-83.375, 84.375, 5.274595131283962e-24, nan 
-83.125, 84.375, 5.5317837783410544e-24, nan 
-82.875, 84.375, 6.078918512613867e-24, nan 
-82.625, 84.375, 7.019006723144461e-24, nan 
-82.375, 84.375, 6.788738853186085e-24, nan 
-82.125, 84.375, 5.741990069318673e-24, nan 
-81.875, 84.375, 7.034544499878481e-24, nan 
-81.625, 84.375, 6.5871750072844766e-24, nan 
-81.375, 84.375, 5.139697480988784e-24, nan 
-81.125, 84.375, 4.223511177190859e-24, nan 
-80.875, 84.375, 3.730941244821228e-24, nan 
-80.625, 84.375, 4.0930441663971964e-24, nan 
-80.375, 84.375, 3.7092812305601335e-24, nan 
-80.125, 84.375, 3.6663918369498024e-24, nan 
-79.875, 84.375, 3.5477287202265806e-24, nan 
-79.625, 84.375, 4.026816592212094e-24, nan 
-79.375, 84.375, 3.77882995613976e-24, nan 
-79.125, 84.375, 4.059002362082201e-24, nan 
-78.875, 84.375, 3.934077798874443e-24, nan 
-78.625, 84.375, 3.3915304945205745e-24, nan 
-78.375, 84.375, 4.384264315477185e-24, nan 
-78.125, 84.375, 5.071162404111478e-24, nan 
-77.875, 84.375, 5.4119459280145576e-24, nan 
-77.625, 84.375, 4.871396944177551e-24, nan 
-77.375, 84.375, 4.80583408051917e-24, nan 
-77.125, 84.375, 4.607249094227184e-24, nan 
-76.875, 84.375, 5.0980205018668506e-24, nan 
-76.625, 84.375, 5.771879990249204e-24, nan 
-76.375, 84.375, 6.40830548355605e-24, nan 
-76.125, 84.375, 7.027963740384419e-24, nan 
-75.875, 84.375, 8.488594704849455e-24, nan 
-75.625, 84.375, 1.0804826402026487e-23, nan 
-75.375, 84.375, 1.3147201755375996e-23, nan 
-75.125, 84.375, 1.3923029346397582e-23, nan 
-74.875, 84.375, 1.3171137356158701e-23, nan 
-74.625, 84.375, 1.247485614481131e-23, nan 
-74.375, 84.375, 1.3703758492167278e-23, nan 
-74.125, 84.375, 1.3209539035024949e-23, nan 
-73.875, 84.375, 1.345446983658547e-23, nan 
-73.625, 84.375, 1.4720675147967065e-23, nan 
-73.375, 84.375, 1.1283684939042962e-23, nan 
-73.125, 84.375, 9.581596875934865e-24, nan 
-72.875, 84.375, 1.1496811682546866e-23, nan 
-72.625, 84.375, 1.4623884169301055e-23, nan 
-72.375, 84.375, 1.4283317937110844e-23, nan 
-72.125, 84.375, 1.47420114655898e-23, nan 
-71.875, 84.375, 1.4914549963378905e-23, nan 
-71.625, 84.375, 1.4932747453375887e-23, nan 
-71.375, 84.375, 1.4290034770686734e-23, nan 
-71.125, 84.375, 1.4769572762024205e-23, nan 
-70.875, 84.375, 1.6110347624205646e-23, nan 
-70.625, 84.375, 1.34157254183348e-23, nan 
-70.375, 84.375, 1.1708039825269211e-23, nan 
-70.125, 84.375, 9.923185665145443e-24, nan 
-69.875, 84.375, 8.122079215377474e-24, nan 
-69.625, 84.375, 7.407131092314746e-24, nan 
-69.375, 84.375, 7.581493114267916e-24, nan 
-69.125, 84.375, 7.797483955541478e-24, nan 
-68.875, 84.375, 7.852847076156682e-24, nan 
-68.625, 84.375, 7.650448912408298e-24, nan 
-68.375, 84.375, 7.452514829413283e-24, nan 
-68.125, 84.375, 7.349415382521885e-24, nan 
-67.875, 84.375, 6.381960147602843e-24, nan 
-67.625, 84.375, 6.385211260630641e-24, nan 
-67.375, 84.375, 5.7697649496808726e-24, nan 
-67.125, 84.375, 5.646865559233015e-24, nan 
-66.875, 84.375, 5.511538519653973e-24, nan 
-66.625, 84.375, 5.36781939995573e-24, nan 
-66.375, 84.375, 5.6202397421871276e-24, nan 
-66.125, 84.375, 5.8725119471571416e-24, nan 
-65.875, 84.375, 5.7052569705410276e-24, nan 
-65.625, 84.375, 5.81456248161908e-24, nan 
-65.375, 84.375, 5.8782471655170036e-24, nan 
-65.125, 84.375, 6.092270499456046e-24, nan 
-64.875, 84.375, 7.209062097400754e-24, nan 
-64.625, 84.375, 7.618271264615995e-24, nan 
-64.375, 84.375, 7.758314368967856e-24, nan 
-64.125, 84.375, 6.640469818279978e-24, nan 
-63.875, 84.375, 6.149037121312333e-24, nan 
-63.625, 84.375, 5.434109279314193e-24, nan 
-63.375, 84.375, 5.232018343266193e-24, nan 
-63.125, 84.375, 5.4232913795760235e-24, nan 
-62.875, 84.375, 5.083805147162114e-24, nan 
-62.625, 84.375, 4.921361960420054e-24, nan 
-62.375, 84.375, 4.2550386751836575e-24, nan 
-62.125, 84.375, 3.435102792538289e-24, nan 
-61.875, 84.375, 2.4379106007189412e-24, nan 
-61.625, 84.375, 2.1961036245813395e-24, nan 
-61.375, 84.375, 1.7762417933678746e-24, nan 
-61.125, 84.375, 1.7490449163482487e-24, nan 
-60.875, 84.375, 1.5906246454895066e-24, nan 
-60.625, 84.375, 1.5325380131768253e-24, nan 
-60.375, 84.375, 1.8723162713405047e-24, nan 
-60.125, 84.375, 2.2491537872787074e-24, nan 
-59.875, 84.375, 2.0252292923870457e-24, nan 
-59.625, 84.375, 2.5037640753469814e-24, nan 
-59.375, 84.375, 3.878086890192823e-24, nan 
-59.125, 84.375, 4.437582040205257e-24, nan 
-58.875, 84.375, 4.472848218173875e-24, nan 
-58.625, 84.375, 4.2745544317527474e-24, nan 
-58.375, 84.375, 3.44728707018411e-24, nan 
-58.125, 84.375, 3.4329145499334006e-24, nan 
-57.875, 84.375, 3.118094549949106e-24, nan 
-57.625, 84.375, 3.387523700548035e-24, nan 
-57.375, 84.375, 3.781155209256936e-24, nan 
-57.125, 84.375, 4.135803962986554e-24, nan 
-56.875, 84.375, 5.36578390245113e-24, nan 
-56.625, 84.375, 6.449957341875889e-24, nan 
-56.375, 84.375, 6.105131946884224e-24, nan 
-56.125, 84.375, 5.783971260341139e-24, nan 
-55.875, 84.375, 5.378825979165086e-24, nan 
-55.625, 84.375, 5.3568283065978866e-24, nan 
-55.375, 84.375, 4.95190562672866e-24, nan 
-55.125, 84.375, 4.23415755419341e-24, nan 
-54.875, 84.375, 4.527488341179148e-24, nan 
-54.625, 84.375, 4.411266741706176e-24, nan 
-54.375, 84.375, 4.827811751567364e-24, nan 
-54.125, 84.375, 8.417087721090454e-24, nan 
-53.875, 84.375, 1.057946860528711e-23, nan 
-53.625, 84.375, 1.047640497288352e-23, nan 
-53.375, 84.375, 1.0231357515568376e-23, nan 
-53.125, 84.375, 1.0833855902862047e-23, nan 
-52.875, 84.375, 1.1882657551344703e-23, nan 
-52.625, 84.375, 1.1058352910235485e-23, nan 
-52.375, 84.375, 1.0719520090849693e-23, nan 
-52.125, 84.375, 1.275849863420289e-23, nan 
-51.875, 84.375, 1.4663220450795277e-23, nan 
-51.625, 84.375, 1.5028526528844212e-23, nan 
-51.375, 84.375, 1.590554477475726e-23, nan 
-51.125, 84.375, 1.522011847590266e-23, nan 
-50.875, 84.375, 1.681491577234224e-23, nan 
-50.625, 84.375, 1.727036654809347e-23, nan 
-50.375, 84.375, 1.819828824489781e-23, nan 
-50.125, 84.375, 1.8372053321529263e-23, nan 
-49.875, 84.375, 1.5406083081925887e-23, nan 
-49.625, 84.375, 1.2570334798261129e-23, nan 
-49.375, 84.375, 1.2538205678634016e-23, nan 
-49.125, 84.375, 1.2979349969001267e-23, nan 
-48.875, 84.375, 1.1285984725023217e-23, nan 
-48.625, 84.375, 1.0070048467610318e-23, nan 
-48.375, 84.375, 1.1779274652899419e-24, nan 
-48.125, 84.375, 1.2581145363656877e-24, nan 
-47.875, 84.375, 1.4729354312166775e-24, nan 
-47.625, 84.375, 2.149875247591696e-24, nan 
-47.375, 84.375, 3.6746402816230806e-24, nan 
-47.125, 84.375, 5.131695152613228e-24, nan 
-46.875, 84.375, 5.543209281365647e-24, nan 
-46.625, 84.375, 6.536853463422657e-24, nan 
-46.375, 84.375, 5.880337905954744e-24, nan 
-46.125, 84.375, 5.876386177057898e-24, nan 
-45.875, 84.375, 5.967115872936159e-24, nan 
-45.625, 84.375, 7.820904763209578e-24, nan 
-45.375, 84.375, 9.880362754143467e-24, nan 
-45.125, 84.375, 9.319725447680074e-24, nan 
-44.875, 84.375, 2.646638155607609e-23, nan 
-44.625, 84.375, 2.831018231568865e-23, nan 
-44.375, 84.375, 2.9680162525788035e-23, nan 
-44.125, 84.375, 2.993553462231177e-23, nan 
-43.875, 84.375, 3.322212606335533e-23, nan 
-43.625, 84.375, 3.140110174312101e-23, nan 
-43.375, 84.375, 3.009315169785504e-23, nan 
-43.125, 84.375, 2.8513438126560987e-23, nan 
-42.875, 84.375, 2.9149902416151696e-23, nan 
-42.625, 84.375, 3.0063953000811653e-23, nan 
-42.375, 84.375, 3.100361343921551e-23, nan 
-42.125, 84.375, 3.1876665299454503e-23, nan 
-41.875, 84.375, 3.114638436028142e-23, nan 
-41.625, 84.375, 3.1244532510012665e-23, nan 
-41.375, 84.375, 2.965279530398694e-23, nan 
-41.125, 84.375, 2.826587061768045e-23, nan 
-40.875, 84.375, 2.865113818440223e-23, nan 
-40.625, 84.375, 2.935108329093473e-23, nan 
-40.375, 84.375, 2.9671345637602145e-23, nan 
-40.125, 84.375, 3.009665536506106e-23, nan 
-39.875, 84.375, 2.904282941992404e-23, nan 
-39.625, 84.375, 2.9768317276858324e-23, nan 
-39.375, 84.375, 3.111170678995134e-23, nan 
-39.125, 84.375, 3.0769925800393946e-23, nan 
-38.875, 84.375, 3.002001709436769e-23, nan 
-38.625, 84.375, 2.762804831545383e-23, nan 
-38.375, 84.375, 2.272295981390879e-23, nan 
-38.125, 84.375, 2.2222723054394877e-23, nan 
-37.875, 84.375, 2.1934042686284553e-23, nan 
-37.625, 84.375, 2.4194361899777106e-23, nan 
-37.375, 84.375, 2.455187517734516e-23, nan 
-37.125, 84.375, 2.25161439180977e-23, nan 
-36.875, 84.375, 2.2741728426874473e-23, nan 
-36.625, 84.375, 2.2458881546470222e-23, nan 
-36.375, 84.375, 2.2001008090178662e-23, nan 
-36.125, 84.375, 2.0669539394020797e-23, nan 
-35.875, 84.375, 1.9848306086307265e-23, nan 
-35.625, 84.375, 1.9119493309401047e-23, nan 
-35.375, 84.375, 1.7807049909226586e-23, nan 
-35.125, 84.375, 1.5585375741239574e-23, nan 
-34.875, 84.375, 1.392424921451829e-23, nan 
-34.625, 84.375, 1.4235932357393963e-23, nan 
-34.375, 84.375, 1.366361902152444e-23, nan 
-34.125, 84.375, 1.3736443089700023e-23, nan 
-33.875, 84.375, 1.0333444535466697e-23, nan 
-33.625, 84.375, 8.194115371453496e-24, nan 
-33.375, 84.375, 7.05385044617708e-24, nan 
-33.125, 84.375, 6.474147646674133e-24, nan 
-32.875, 84.375, 6.427806922585331e-24, nan 
-32.625, 84.375, 6.57082164471411e-24, nan 
-32.375, 84.375, 6.589323184109379e-24, nan 
-32.125, 84.375, 6.4551834770625155e-24, nan 
-31.875, 84.375, 5.113121197431655e-24, nan 
-31.625, 84.375, 4.0643484491705476e-24, nan 
-31.375, 84.375, 3.7151013100339074e-24, nan 
-31.125, 84.375, 3.2587043303265363e-24, nan 
-30.875, 84.375, 3.0445568031460897e-24, nan 
-30.625, 84.375, 3.520963072603992e-24, nan 
-30.375, 84.375, 3.946217890501401e-24, nan 
-30.125, 84.375, 4.69200910725072e-24, nan 
-29.875, 84.375, 5.2188120088837965e-24, nan 
-29.625, 84.375, 5.826084850574731e-24, nan 
-29.375, 84.375, 6.001268128541016e-24, nan 
-29.125, 84.375, 6.0595808475781e-24, nan 
-28.875, 84.375, 5.9739891096242125e-24, nan 
-28.625, 84.375, 6.61992117135378e-24, nan 
-28.375, 84.375, 6.59074346272565e-24, nan 
-28.125, 84.375, 6.632469134018104e-24, nan 
-27.875, 84.375, 7.317115332259468e-24, nan 
-27.625, 84.375, 7.249174059592739e-24, nan 
-27.375, 84.375, 7.275437793847645e-24, nan 
-27.125, 84.375, 7.960301262033675e-24, nan 
-26.875, 84.375, 8.527798464547709e-24, nan 
-26.625, 84.375, 9.218465143785418e-24, nan 
-26.375, 84.375, 9.768037432778362e-24, nan 
-26.125, 84.375, 9.94906353081084e-24, nan 
-25.875, 84.375, 9.981590716256236e-24, nan 
-25.625, 84.375, 1.0405634489091546e-23, nan 
-25.375, 84.375, 1.0770429111547519e-23, nan 
-25.125, 84.375, 1.150819065153299e-23, nan 
-24.875, 84.375, 1.102142100596845e-23, nan 
-24.625, 84.375, 1.0064425742927646e-23, nan 
-24.375, 84.375, 9.351864494451178e-24, nan 
-24.125, 84.375, 1.0577336042010941e-23, nan 
-23.875, 84.375, 1.2599221877437942e-23, nan 
-23.625, 84.375, 1.465869339606666e-23, nan 
-23.375, 84.375, 1.3740387917566132e-23, nan 
-23.125, 84.375, 1.493169668919063e-23, nan 
-22.875, 84.375, 1.60597804250552e-23, nan 
-22.625, 84.375, 1.637636175075883e-23, nan 
-22.375, 84.375, 1.5469051229223276e-23, nan 
-22.125, 84.375, 1.526171894409356e-23, nan 
-21.875, 84.375, 1.6137869834429028e-23, nan 
-21.625, 84.375, 1.8023049626381052e-23, nan 
-21.375, 84.375, 2.3907625183916293e-23, nan 
-21.125, 84.375, 2.492977033749303e-23, nan 
-20.875, 84.375, 2.2891879347307717e-23, nan 
-20.625, 84.375, 2.112286010818624e-23, nan 
-20.375, 84.375, 1.9457136316929214e-23, nan 
-20.125, 84.375, 1.8809841470446883e-23, nan 
-19.875, 84.375, 1.6037571361175133e-23, nan 
-19.625, 84.375, 1.5891996949154e-23, nan 
-19.375, 84.375, 2.0155672123534237e-23, nan 
-19.125, 84.375, 2.497543176033118e-23, nan 
-18.875, 84.375, 2.8850748427772164e-23, nan 
-18.625, 84.375, 4.5304206927614925e-23, nan 
-18.375, 84.375, 4.6986343555252784e-23, nan 
-18.125, 84.375, 4.6665154898072696e-23, nan 
-17.875, 84.375, 4.646434718970901e-23, nan 
-17.625, 84.375, 4.7624856192534074e-23, nan 
-17.375, 84.375, 4.927386686532651e-23, nan 
-17.125, 84.375, 5.1236278266846454e-23, nan 
-16.875, 84.375, 4.861610688080929e-23, nan 
-16.625, 84.375, 2.6373056990086734e-23, nan 
-16.375, 84.375, 2.916840332176427e-23, nan 
-16.125, 84.375, 3.2247106222178294e-23, nan 
-15.875, 84.375, 3.5540446820071333e-23, nan 
-15.625, 84.375, 3.705671230540294e-23, nan 
-15.375, 84.375, 3.8280165501502564e-23, nan 
-15.125, 84.375, 3.9187971617740825e-23, nan 
-14.875, 84.375, 4.029184461071657e-23, nan 
-14.625, 84.375, 4.148263793169935e-23, nan 
-14.375, 84.375, 4.179304980778575e-23, nan 
-14.125, 84.375, 3.9296471560851613e-23, nan 
-13.875, 84.375, 2.0409809431402215e-23, nan 
-13.625, 84.375, 1.7267501328388926e-23, nan 
-13.375, 84.375, 1.6941805487235832e-23, nan 
-13.125, 84.375, 1.569145011662218e-23, nan 
-12.875, 84.375, 1.5479988101873955e-23, nan 
-12.625, 84.375, 1.4002393133179806e-23, nan 
-12.375, 84.375, 1.3397192605624172e-23, nan 
-12.125, 84.375, 1.2763657465060234e-23, nan 
-11.875, 84.375, 1.2119147253274408e-23, nan 
-11.625, 84.375, 1.2086542290647254e-23, nan 
-11.375, 84.375, 1.1380165303640908e-23, nan 
-11.125, 84.375, 1.1976655550984097e-23, nan 
-10.875, 84.375, 1.3032975856963407e-23, nan 
-10.625, 84.375, 1.3295108791716856e-23, nan 
-10.375, 84.375, 1.3245360270940497e-23, nan 
-10.125, 84.375, 1.302387729229194e-23, nan 
-9.875, 84.375, 1.3143989357483886e-23, nan 
-9.625, 84.375, 1.3325981676145093e-23, nan 
-9.375, 84.375, 1.3582316372231027e-23, nan 
-9.125, 84.375, 1.33599146529968e-23, nan 
-8.875, 84.375, 1.3418763165544217e-23, nan 
-8.625, 84.375, 1.2753489708531784e-23, nan 
-8.375, 84.375, 1.2393739177755865e-23, nan 
-8.125, 84.375, 1.2137492629429517e-23, nan 
-7.875, 84.375, 1.2209237577579123e-23, nan 
-7.625, 84.375, 1.2615717705924856e-23, nan 
-7.375, 84.375, 1.2410681441223796e-23, nan 
-7.125, 84.375, 1.1954305391087903e-23, nan 
-6.875, 84.375, 1.1641225945535305e-23, nan 
-6.625, 84.375, 1.2538469469304087e-23, nan 
-6.375, 84.375, 1.2971788061273795e-23, nan 
-6.125, 84.375, 1.3273531364923278e-23, nan 
-5.875, 84.375, 1.3241286078998814e-23, nan 
-5.625, 84.375, 1.4220347634262223e-23, nan 
-5.375, 84.375, 1.4276474339816538e-23, nan 
-5.125, 84.375, 1.5293856021713754e-23, nan 
-4.875, 84.375, 1.5954713067085763e-23, nan 
-4.625, 84.375, 1.8329135936304013e-23, nan 
-4.375, 84.375, 1.9578267303711185e-23, nan 
-4.125, 84.375, 2.1668739406902053e-23, nan 
-3.875, 84.375, 2.2324552271451613e-23, nan 
-3.625, 84.375, 2.1706247693658033e-23, nan 
-3.375, 84.375, 2.2964624716824635e-23, nan 
-3.125, 84.375, 2.5617580399524238e-23, nan 
-2.875, 84.375, 2.726851767939186e-23, nan 
-2.625, 84.375, 2.8895853654781797e-23, nan 
-2.375, 84.375, 3.059801846435381e-23, nan 
-2.125, 84.375, 3.179921438213491e-23, nan 
-1.875, 84.375, 3.23400091579394e-23, nan 
-1.625, 84.375, 3.3029100224514276e-23, nan 
-1.375, 84.375, 3.719385762985921e-23, nan 
-1.125, 84.375, 4.049489852951977e-23, nan 
-0.875, 84.375, 4.491460649750106e-23, nan 
-0.625, 84.375, 4.5355265167280105e-23, nan 
-0.375, 84.375, 4.573835512121152e-23, nan 
-0.125, 84.375, 4.251610283648184e-23, nan 
0.125, 84.375, 4.3601037448910637e-23, nan 
0.375, 84.375, 4.2832254582431284e-23, nan 
0.625, 84.375, 4.366187088464253e-23, nan 
0.875, 84.375, 4.7625223698379274e-23, nan 
1.125, 84.375, 4.9475967314345066e-23, nan 
1.375, 84.375, 5.308415445173327e-23, nan 
1.625, 84.375, 5.819691070461316e-23, nan 
1.875, 84.375, 7.307324743060296e-23, nan 
2.125, 84.375, 7.607563955134729e-23, nan 
2.375, 84.375, 7.567352060943846e-23, nan 
2.625, 84.375, 6.297434010473865e-23, nan 
2.875, 84.375, 6.713305494222179e-23, nan 
3.125, 84.375, 6.783615068376533e-23, nan 
3.375, 84.375, 6.259968869098756e-23, nan 
3.625, 84.375, 5.614785785973261e-23, nan 
3.875, 84.375, 3.240546028794948e-23, nan 
4.125, 84.375, 3.637053605272666e-23, nan 
4.375, 84.375, 4.09262436017035e-23, nan 
4.625, 84.375, 4.943519408863914e-23, nan 
4.875, 84.375, 5.1859721609931893e-23, nan 
5.125, 84.375, 5.29589522138139e-23, nan 
5.375, 84.375, 4.495250631289901e-23, nan 
5.625, 84.375, 4.750517544446958e-23, nan 
5.875, 84.375, 4.809127036413875e-23, nan 
6.125, 84.375, 4.3500404728085875e-23, nan 
6.375, 84.375, 3.1992778413239356e-23, nan 
6.625, 84.375, 3.096197023981187e-23, nan 
6.875, 84.375, 2.7978330440464486e-23, nan 
7.125, 84.375, 2.4263298712341782e-23, nan 
7.375, 84.375, 2.6361568141407848e-23, nan 
7.625, 84.375, 2.679560778460877e-23, nan 
7.875, 84.375, 2.737737286907625e-23, nan 
8.125, 84.375, 2.6380656795985436e-23, nan 
8.375, 84.375, 2.281403724866395e-23, nan 
8.625, 84.375, 2.0816301029414853e-23, nan 
8.875, 84.375, 2.1034785589054867e-23, nan 
9.125, 84.375, 2.2755045760403856e-23, nan 
9.375, 84.375, 2.4860008560113285e-23, nan 
9.625, 84.375, 2.421165682092602e-23, nan 
9.875, 84.375, 1.998115161704904e-23, nan 
10.125, 84.375, 1.9041767303126278e-23, nan 
10.375, 84.375, 2.2885182498589064e-23, nan 
10.625, 84.375, 1.5404534971453496e-23, nan 
10.875, 84.375, 1.3877631699033882e-23, nan 
11.125, 84.375, 1.4778863104304872e-23, nan 
11.375, 84.375, 1.3467044485042192e-23, nan 
11.625, 84.375, 1.1841486545950524e-23, nan 
11.875, 84.375, 1.3242224363452408e-23, nan 
12.125, 84.375, 1.338153746687606e-23, nan 
12.375, 84.375, 1.493305916392237e-23, nan 
12.625, 84.375, 1.4440837226346723e-23, nan 
12.875, 84.375, 1.4369065563780857e-23, nan 
13.125, 84.375, 2.4079176251708892e-23, nan 
13.375, 84.375, 2.8742838383009223e-23, nan 
13.625, 84.375, 2.6401192680759826e-23, nan 
13.875, 84.375, 2.116746763567264e-23, nan 
14.125, 84.375, 9.017366359008382e-24, nan 
14.375, 84.375, 9.130491401937114e-24, nan 
14.625, 84.375, 1.4355787381033692e-23, nan 
14.875, 84.375, 1.0791545424574156e-23, nan 
15.125, 84.375, 1.0791621197509788e-23, nan 
15.375, 84.375, 1.1493214663247258e-23, nan 
15.625, 84.375, 1.053618401978297e-23, nan 
15.875, 84.375, 3.713984190953348e-23, nan 
16.125, 84.375, 5.535871384215034e-23, nan 
16.375, 84.375, 5.006484606710217e-23, nan 
16.625, 84.375, 4.086722204521902e-23, nan 
16.875, 84.375, 2.030693341278243e-23, nan 
17.125, 84.375, 1.68721185078174e-23, nan 
17.375, 84.375, 1.781337646025487e-23, nan 
17.625, 84.375, 1.7012843120909146e-23, nan 
17.875, 84.375, 1.7540690867882093e-23, nan 
18.125, 84.375, 1.692206177835085e-23, nan 
18.375, 84.375, 1.8237597000178418e-23, nan 
18.625, 84.375, 3.1219260222507476e-23, nan 
18.875, 84.375, 4.230496398490924e-23, nan 
19.125, 84.375, 4.079184227761533e-23, nan 
19.375, 84.375, 3.5063325997418187e-23, nan 
19.625, 84.375, 2.2819272965610862e-23, nan 
19.875, 84.375, 1.9305551848447103e-23, nan 
20.125, 84.375, 1.837174110612609e-23, nan 
20.375, 84.375, 1.7972788193612525e-23, nan 
20.625, 84.375, 1.7602278292868505e-23, nan 
20.875, 84.375, 1.6457912151363682e-23, nan 
21.125, 84.375, 1.5256493784102903e-23, nan 
21.375, 84.375, 1.397161408932872e-23, nan 
21.625, 84.375, 1.3283357773647136e-23, nan 
21.875, 84.375, 1.2441737885268812e-23, nan 
22.125, 84.375, 1.1781819543809016e-23, nan 
22.375, 84.375, 1.1189845694607791e-23, nan 
22.625, 84.375, 1.075196473069377e-23, nan 
22.875, 84.375, 1.0420559775411977e-23, nan 
23.125, 84.375, 1.0121609963272747e-23, nan 
23.375, 84.375, 9.745038154627619e-24, nan 
23.625, 84.375, 9.275600883893594e-24, nan 
23.875, 84.375, 8.942694783770855e-24, nan 
24.125, 84.375, 8.634170571617132e-24, nan 
24.375, 84.375, 8.557602875901098e-24, nan 
24.625, 84.375, 8.5222247908549e-24, nan 
24.875, 84.375, 8.389667971190526e-24, nan 
25.125, 84.375, 8.017795314829166e-24, nan 
25.375, 84.375, 7.901223251929733e-24, nan 
25.625, 84.375, 7.451243734555612e-24, nan 
25.875, 84.375, 7.30923303594535e-24, nan 
26.125, 84.375, 7.081270327363024e-24, nan 
26.375, 84.375, 6.827625724678839e-24, nan 
26.625, 84.375, 6.453326789121758e-24, nan 
26.875, 84.375, 6.28644235886271e-24, nan 
27.125, 84.375, 5.982783066350003e-24, nan 
27.375, 84.375, 5.89121078707198e-24, nan 
27.625, 84.375, 5.500274959537298e-24, nan 
27.875, 84.375, 5.27678126902259e-24, nan 
28.125, 84.375, 5.220209527199816e-24, nan 
28.375, 84.375, 5.089314778549891e-24, nan 
28.625, 84.375, 4.902953236420544e-24, nan 
28.875, 84.375, 4.759446989595416e-24, nan 
29.125, 84.375, 4.685199497093138e-24, nan 
29.375, 84.375, 4.415482614439634e-24, nan 
29.625, 84.375, 4.43176438390954e-24, nan 
29.875, 84.375, 4.3659330165466644e-24, nan 
30.125, 84.375, 4.40470716618366e-24, nan 
30.375, 84.375, 4.41962778269909e-24, nan 
30.625, 84.375, 4.355477807274688e-24, nan 
30.875, 84.375, 4.3920437407697854e-24, nan 
31.125, 84.375, 4.354455419931183e-24, nan 
31.375, 84.375, 4.494757617339404e-24, nan 
31.625, 84.375, 4.4676182759765415e-24, nan 
31.875, 84.375, 4.6232497393483556e-24, nan 
32.125, 84.375, 4.815704955237764e-24, nan 
32.375, 84.375, 4.8685962678459084e-24, nan 
32.625, 84.375, 5.004604840579812e-24, nan 
32.875, 84.375, 4.999597552144686e-24, nan 
33.125, 84.375, 5.303686436289907e-24, nan 
33.375, 84.375, 5.432208018369062e-24, nan 
33.625, 84.375, 5.481778431006448e-24, nan 
33.875, 84.375, 5.627105642147893e-24, nan 
34.125, 84.375, 5.771887429032344e-24, nan 
34.375, 84.375, 5.8801923477663906e-24, nan 
34.625, 84.375, 5.7997000418245546e-24, nan 
34.875, 84.375, 5.7247573120963416e-24, nan 
35.125, 84.375, 5.662666257046444e-24, nan 
35.375, 84.375, 5.763164404526995e-24, nan 
35.625, 84.375, 5.636085244514845e-24, nan 
35.875, 84.375, 5.383717156423039e-24, nan 
36.125, 84.375, 5.484266665310924e-24, nan 
36.375, 84.375, 5.4470913515263705e-24, nan 
36.625, 84.375, 5.571307739347361e-24, nan 
36.875, 84.375, 5.326420680280936e-24, nan 
37.125, 84.375, 5.272897608208992e-24, nan 
37.375, 84.375, 5.020582058186086e-24, nan 
37.625, 84.375, 4.8401796669372455e-24, nan 
37.875, 84.375, 4.723091936167602e-24, nan 
38.125, 84.375, 4.6945626770281674e-24, nan 
38.375, 84.375, 4.630376304686702e-24, nan 
38.625, 84.375, 4.465256442576856e-24, nan 
38.875, 84.375, 4.1099052912549695e-24, nan 
39.125, 84.375, 4.268869919396729e-24, nan 
39.375, 84.375, 4.4907664038617755e-24, nan 
39.625, 84.375, 4.945207009734402e-24, nan 
39.875, 84.375, 5.0590406750711756e-24, nan 
40.125, 84.375, 5.071396193864034e-24, nan 
40.375, 84.375, 5.113945612213454e-24, nan 
40.625, 84.375, 5.6841846541511116e-24, nan 
40.875, 84.375, 5.952086797427384e-24, nan 
41.125, 84.375, 6.1546902780986666e-24, nan 
41.375, 84.375, 6.369967725243425e-24, nan 
41.625, 84.375, 6.464496811809084e-24, nan 
41.875, 84.375, 6.269420651869079e-24, nan 
42.125, 84.375, 6.423253607703529e-24, nan 
42.375, 84.375, 6.533675258240198e-24, nan 
42.625, 84.375, 7.087088696280597e-24, nan 
42.875, 84.375, 7.486315759552753e-24, nan 
43.125, 84.375, 7.806135473875424e-24, nan 
43.375, 84.375, 7.883864562305157e-24, nan 
43.625, 84.375, 7.834067583451473e-24, nan 
43.875, 84.375, 8.122414770242477e-24, nan 
44.125, 84.375, 8.52006858938196e-24, nan 
44.375, 84.375, 8.942281529150566e-24, nan 
44.625, 84.375, 8.986031208044882e-24, nan 
44.875, 84.375, 9.272201266143244e-24, nan 
45.125, 84.375, 9.506648653550724e-24, nan 
45.375, 84.375, 9.242081423432263e-24, nan 
45.625, 84.375, 9.00210984951051e-24, nan 
45.875, 84.375, 9.172236509329223e-24, nan 
46.125, 84.375, 9.754554838947982e-24, nan 
46.375, 84.375, 1.040116822236583e-23, nan 
46.625, 84.375, 1.0801721960619961e-23, nan 
46.875, 84.375, 1.0424417893861158e-23, nan 
47.125, 84.375, 1.0595648343681141e-23, nan 
47.375, 84.375, 1.084949205076484e-23, nan 
47.625, 84.375, 1.1143903426440442e-23, nan 
47.875, 84.375, 1.1287844328405243e-23, nan 
48.125, 84.375, 1.1472079703804678e-23, nan 
48.375, 84.375, 1.2459627026185194e-23, nan 
48.625, 84.375, 1.3107770527794489e-23, nan 
48.875, 84.375, 1.3195678148793113e-23, nan 
49.125, 84.375, 1.324221606120915e-23, nan 
49.375, 84.375, 1.330152765157146e-23, nan 
49.625, 84.375, 1.3465286477884725e-23, nan 
49.875, 84.375, 1.3140685483878551e-23, nan 
50.125, 84.375, 1.2864720635060753e-23, nan 
50.375, 84.375, 1.3465419039319368e-23, nan 
50.625, 84.375, 1.3425787087869065e-23, nan 
50.875, 84.375, 1.3679799466984077e-23, nan 
51.125, 84.375, 1.331800431646325e-23, nan 
51.375, 84.375, 1.3521515043759355e-23, nan 
51.625, 84.375, 1.388323483441447e-23, nan 
51.875, 84.375, 1.4271727225100925e-23, nan 
52.125, 84.375, 1.400987001005598e-23, nan 
52.375, 84.375, 1.3619309043498908e-23, nan 
52.625, 84.375, 1.4421947418558283e-23, nan 
52.875, 84.375, 1.5387035594992313e-23, nan 
53.125, 84.375, 1.5714435531451515e-23, nan 
53.375, 84.375, 1.4261774714771902e-23, nan 
53.625, 84.375, 1.4620352364539807e-23, nan 
53.875, 84.375, 1.5999702512246446e-23, nan 
54.125, 84.375, 1.4848365262427952e-23, nan 
54.375, 84.375, 1.464603058810846e-23, nan 
54.625, 84.375, 1.4185357059263427e-23, nan 
54.875, 84.375, 1.4463565118245286e-23, nan 
55.125, 84.375, 1.609929606474631e-23, nan 
55.375, 84.375, 1.7221158030382116e-23, nan 
55.625, 84.375, 1.7492389583592935e-23, nan 
55.875, 84.375, 1.8226005128402034e-23, nan 
56.125, 84.375, 2.06723803310923e-23, nan 
56.375, 84.375, 2.1163722940471175e-23, nan 
56.625, 84.375, 2.062394036191586e-23, nan 
56.875, 84.375, 1.9915010581400015e-23, nan 
57.125, 84.375, 2.2009813230726e-23, nan 
57.375, 84.375, 2.471691596351288e-23, nan 
57.625, 84.375, 2.531509209087921e-23, nan 
57.875, 84.375, 2.2149316784127516e-23, nan 
58.125, 84.375, 2.341081509604622e-23, nan 
58.375, 84.375, 2.2844048176438686e-23, nan 
58.625, 84.375, 2.2825274709118464e-23, nan 
58.875, 84.375, 2.153519953459254e-23, nan 
59.125, 84.375, 2.1112804003307358e-23, nan 
59.375, 84.375, 2.2257290661615318e-23, nan 
59.625, 84.375, 2.3275298214326492e-23, nan 
59.875, 84.375, 2.4255431136423104e-23, nan 
60.125, 84.375, 2.1807170681183032e-23, nan 
60.375, 84.375, 2.1703661850654583e-23, nan 
60.625, 84.375, 2.3435794036758122e-23, nan 
60.875, 84.375, 2.5225981700558495e-23, nan 
61.125, 84.375, 2.6638048867502103e-23, nan 
61.375, 84.375, 2.6585172422549995e-23, nan 
61.625, 84.375, 2.5758209303387535e-23, nan 
61.875, 84.375, 2.6592784273488906e-23, nan 
62.125, 84.375, 2.7009814407757295e-23, nan 
62.375, 84.375, 2.6651225669489224e-23, nan 
62.625, 84.375, 2.7663728871378807e-23, nan 
62.875, 84.375, 2.935386437063958e-23, nan 
63.125, 84.375, 2.952381652998171e-23, nan 
63.375, 84.375, 2.9676730121589103e-23, nan 
63.625, 84.375, 3.004213165332104e-23, nan 
63.875, 84.375, 3.0689206418550473e-23, nan 
64.125, 84.375, 3.104834585798247e-23, nan 
64.375, 84.375, 3.1021393417351934e-23, nan 
64.625, 84.375, 3.168854477471599e-23, nan 
64.875, 84.375, 3.229222902254729e-23, nan 
65.125, 84.375, 3.3515924287848646e-23, nan 
65.375, 84.375, 3.4848762810382804e-23, nan 
65.625, 84.375, 3.8435377159860276e-23, nan 
65.875, 84.375, 4.168339670235693e-23, nan 
66.125, 84.375, 4.346920217663639e-23, nan 
66.375, 84.375, 4.7282749282640363e-23, nan 
66.625, 84.375, 5.467356643176906e-23, nan 
66.875, 84.375, 7.22599198294905e-23, nan 
67.125, 84.375, 6.2239539253284e-23, nan 
67.375, 84.375, 5.959309236343286e-23, nan 
67.625, 84.375, 6.688238018019069e-23, nan 
67.875, 84.375, 7.463389783328013e-23, nan 
68.125, 84.375, 7.298041464283855e-23, nan 
68.375, 84.375, 7.51857443684622e-23, nan 
68.625, 84.375, 8.010050024873711e-23, nan 
68.875, 84.375, 6.136566684297352e-23, nan 
69.125, 84.375, 5.535307305296501e-23, nan 
69.375, 84.375, 5.112546105618687e-23, nan 
69.625, 84.375, 7.8315850066437e-23, nan 
69.875, 84.375, 6.251955327314994e-23, nan 
70.125, 84.375, 4.949194687122796e-23, nan 
70.375, 84.375, 4.4355853373707225e-23, nan 
70.625, 84.375, 4.560171680866115e-23, nan 
70.875, 84.375, 4.14440608519e-23, nan 
71.125, 84.375, 3.65353690077778e-23, nan 
71.375, 84.375, 3.5059739009064836e-23, nan 
71.625, 84.375, 3.5426953707008954e-23, nan 
71.875, 84.375, 4.004542785297245e-23, nan 
72.125, 84.375, 4.050115714258827e-23, nan 
72.375, 84.375, 3.952422608919632e-23, nan 
72.625, 84.375, 4.027993449884928e-23, nan 
72.875, 84.375, 4.3025973258454363e-23, nan 
73.125, 84.375, 4.5623614718196106e-23, nan 
73.375, 84.375, 4.4276362196206474e-23, nan 
73.625, 84.375, 4.392621273063154e-23, nan 
73.875, 84.375, 4.6315508296690846e-23, nan 
74.125, 84.375, 4.982460575998663e-23, nan 
74.375, 84.375, 4.506915882756919e-23, nan 
74.625, 84.375, 4.1329945966035504e-23, nan 
74.875, 84.375, 4.1059988456235747e-23, nan 
75.125, 84.375, 4.048132179008778e-23, nan 
75.375, 84.375, 4.0693875786394504e-23, nan 
75.625, 84.375, 4.010225191384152e-23, nan 
75.875, 84.375, 3.873225640463102e-23, nan 
76.125, 84.375, 3.803661151689676e-23, nan 
76.375, 84.375, 4.0387018915206505e-23, nan 
76.625, 84.375, 4.170202761786455e-23, nan 
76.875, 84.375, 4.251848118105545e-23, nan 
77.125, 84.375, 4.5671520350386785e-23, nan 
77.375, 84.375, 5.1894316789470365e-23, nan 
77.625, 84.375, 5.420516276820174e-23, nan 
77.875, 84.375, 5.563117186871443e-23, nan 
78.125, 84.375, 5.613479140013623e-23, nan 
78.375, 84.375, 6.101425491074108e-23, nan 
78.625, 84.375, 6.758153991522418e-23, nan 
78.875, 84.375, 7.821509465959401e-23, nan 
79.125, 84.375, 7.184589363624004e-23, nan 
79.375, 84.375, 5.71439103800379e-23, nan 
79.625, 84.375, 6.82087977227572e-23, nan 
79.875, 84.375, 9.181347699026359e-23, nan 
80.125, 84.375, 9.602403622651727e-23, nan 
80.375, 84.375, 6.404843987084634e-23, nan 
80.625, 84.375, 6.229064792485728e-23, nan 
80.875, 84.375, 6.49219825509713e-23, nan 
81.125, 84.375, 6.269170145118617e-23, nan 
81.375, 84.375, 5.941860191109405e-23, nan 
81.625, 84.375, 5.647747368041047e-23, nan 
81.875, 84.375, 6.174399480750511e-23, nan 
82.125, 84.375, 6.930986663168861e-23, nan 
82.375, 84.375, 6.859046626074978e-23, nan 
82.625, 84.375, 6.548145549992737e-23, nan 
82.875, 84.375, 6.963877524289285e-23, nan 
83.125, 84.375, 7.433938518251725e-23, nan 
83.375, 84.375, 6.772713071831828e-23, nan 
83.625, 84.375, 7.513526851286175e-23, nan 
83.875, 84.375, 8.883634582427058e-23, nan 
84.125, 84.375, 9.607301639759793e-23, nan 
84.375, 84.375, 9.125563225793385e-23, nan 
84.625, 84.375, 1.0710607727335218e-22, nan 
84.875, 84.375, 1.2086370093007888e-22, nan 
85.125, 84.375, 1.1774838669403489e-22, nan 
85.375, 84.375, 1.0093200308990967e-22, nan 
85.625, 84.375, 7.927151210391661e-23, nan 
85.875, 84.375, 8.15430711421598e-23, nan 
86.125, 84.375, 7.371344301408784e-23, nan 
86.375, 84.375, 8.301065394828842e-23, nan 
86.625, 84.375, 9.557459225226937e-23, nan 
86.875, 84.375, 1.0450360935866499e-22, nan 
87.125, 84.375, 1.071631577129344e-22, nan 
87.375, 84.375, 1.2104659874317767e-22, nan 
87.625, 84.375, 1.2837914841281117e-22, nan 
87.875, 84.375, 1.3644057915811348e-22, nan 
88.125, 84.375, 1.3494134528600487e-22, nan 
88.375, 84.375, 1.2888583523535866e-22, nan 
88.625, 84.375, 1.318833580471079e-22, nan 
88.875, 84.375, 1.2661280717061784e-22, nan 
89.125, 84.375, 1.3126294750202485e-22, nan 
89.375, 84.375, 1.2174887332587745e-22, nan 
89.625, 84.375, 1.150820008582586e-22, nan 
89.875, 84.375, 1.2343956188381382e-22, nan 
90.125, 84.375, 1.3502201082767446e-22, nan 
90.375, 84.375, 1.3437652792035868e-22, nan 
90.625, 84.375, 1.064252659946302e-22, nan 
90.875, 84.375, 8.933307244717286e-23, nan 
91.125, 84.375, 1.0505990698093663e-22, nan 
91.375, 84.375, 1.0329380982596228e-22, nan 
91.625, 84.375, 8.973016815800345e-23, nan 
91.875, 84.375, 9.017736197951776e-23, nan 
92.125, 84.375, 9.743668118608558e-23, nan 
92.375, 84.375, 1.064335666423891e-22, nan 
92.625, 84.375, 1.0702492468018248e-22, nan 
92.875, 84.375, 1.111678567175281e-22, nan 
93.125, 84.375, 1.2776351857918345e-22, nan 
93.375, 84.375, 1.4882336531000363e-22, nan 
93.625, 84.375, 1.655335226127603e-22, nan 
93.875, 84.375, 1.6847841305467429e-22, nan 
94.125, 84.375, 1.960860183633891e-22, nan 
94.375, 84.375, 2.4238616616575257e-22, nan 
94.625, 84.375, 2.665270419186918e-22, nan 
94.875, 84.375, 2.177160514644223e-22, nan 
95.125, 84.375, 1.2707463836579513e-22, nan 
95.375, 84.375, 1.6245072695532013e-22, nan 
95.625, 84.375, 2.6046629612533885e-22, nan 
95.875, 84.375, 1.9037049232060378e-22, nan 
96.125, 84.375, 2.353687067781154e-22, nan 
96.375, 84.375, 3.043309600014457e-22, nan 
96.625, 84.375, 2.9696487806784775e-22, nan 
96.875, 84.375, 3.6469651177289993e-22, nan 
97.125, 84.375, 4.614060533117141e-22, nan 
97.375, 84.375, 5.255883445801086e-22, nan 
97.625, 84.375, 3.9946580153668367e-22, nan 
97.875, 84.375, 7.336657742212425e-23, nan 
98.125, 84.375, 2.2196629199115683e-22, nan 
98.375, 84.375, 4.741486192918177e-22, nan 
98.625, 84.375, 1.488120258602366e-22, nan 
98.875, 84.375, 9.16195901770485e-23, nan 
99.125, 84.375, 2.714562529737556e-22, nan 
99.375, 84.375, 2.8297603043545066e-22, nan 
99.625, 84.375, 3.3088509691901226e-22, nan 
99.875, 84.375, 3.6273598245383946e-22, nan 
100.125, 84.375, 4.113628292830483e-22, nan 
100.375, 84.375, 3.8149865372472437e-22, nan 
100.625, 84.375, 3.9097656570190464e-22, nan 
100.875, 84.375, 4.73222220524587e-22, nan 
101.125, 84.375, 6.451071699217083e-22, nan 
101.375, 84.375, 5.900215301226044e-22, nan 
101.625, 84.375, 5.073042847368687e-22, nan 
101.875, 84.375, 6.066843605276863e-22, nan 
102.125, 84.375, 6.710218801295895e-22, nan 
102.375, 84.375, 4.989873668779112e-22, nan 
102.625, 84.375, 3.8084315157038205e-22, nan 
102.875, 84.375, 3.669518987999232e-22, nan 
103.125, 84.375, 2.9594669766423474e-22, nan 
103.375, 84.375, 2.6648124606622476e-22, nan 
103.625, 84.375, 3.741155800744081e-22, nan 
103.875, 84.375, 7.207169248756747e-22, nan 
104.125, 84.375, 6.822260452685949e-22, nan 
104.375, 84.375, 3.8984756813494406e-22, nan 
104.625, 84.375, 7.3576518469517675e-22, nan 
104.875, 84.375, 1.045965669032496e-21, nan 
105.125, 84.375, 6.438709436059876e-22, nan 
105.375, 84.375, 3.598584032379351e-22, nan 
105.625, 84.375, 3.866418665343473e-22, nan 
105.875, 84.375, 4.86093869440367e-22, nan 
106.125, 84.375, 5.043610251751276e-22, nan 
106.375, 84.375, 5.245040866637087e-22, nan 
106.625, 84.375, 6.244564824859511e-22, nan 
106.875, 84.375, 6.433075333439553e-22, nan 
107.125, 84.375, 6.572589638485559e-22, nan 
107.375, 84.375, 6.131967908321286e-22, nan 
107.625, 84.375, 6.595974474947401e-22, nan 
107.875, 84.375, 5.610762059752874e-22, nan 
108.125, 84.375, 3.370023118171044e-22, nan 
108.375, 84.375, 3.5900035943184947e-22, nan 
108.625, 84.375, 2.885658870701204e-22, nan 
108.875, 84.375, 3.2253754950394113e-22, nan 
109.125, 84.375, 2.640803548894381e-22, nan 
109.375, 84.375, 2.3171118161268773e-22, nan 
109.625, 84.375, 2.3364301131769287e-22, nan 
109.875, 84.375, 2.475695100944196e-22, nan 
110.125, 84.375, 2.5108217332783563e-22, nan 
110.375, 84.375, 2.6105334520283066e-22, nan 
110.625, 84.375, 3.0890570724098526e-22, nan 
110.875, 84.375, 3.047082466545575e-22, nan 
111.125, 84.375, 3.75533087728198e-22, nan 
111.375, 84.375, 3.436122916509628e-22, nan 
111.625, 84.375, 3.5811435795798296e-22, nan 
111.875, 84.375, 3.099171396207457e-22, nan 
112.125, 84.375, 3.1006494619489844e-22, nan 
112.375, 84.375, 3.2366655865301515e-22, nan 
112.625, 84.375, 2.919465084074885e-22, nan 
112.875, 84.375, 2.5168260746569187e-22, nan 
113.125, 84.375, 2.52184900655607e-22, nan 
113.375, 84.375, 2.600989360380833e-22, nan 
113.625, 84.375, 2.4745852958755098e-22, nan 
113.875, 84.375, 2.292212995515649e-22, nan 
114.125, 84.375, 2.773823160340086e-22, nan 
114.375, 84.375, 3.006605227706709e-22, nan 
114.625, 84.375, 3.148517613237343e-22, nan 
114.875, 84.375, 3.2034023906415852e-22, nan 
115.125, 84.375, 3.1568379230579907e-22, nan 
115.375, 84.375, 3.6233662547232236e-22, nan 
115.625, 84.375, 3.967843000474017e-22, nan 
115.875, 84.375, 4.64795576627844e-22, nan 
116.125, 84.375, 4.509950025543801e-22, nan 
116.375, 84.375, 4.320924322571036e-22, nan 
116.625, 84.375, 4.593873734462012e-22, nan 
116.875, 84.375, 4.8781907378013925e-22, nan 
117.125, 84.375, 4.653487873894482e-22, nan 
117.375, 84.375, 4.771601341129798e-22, nan 
117.625, 84.375, 4.988632338627657e-22, nan 
117.875, 84.375, 3.951478927088094e-22, nan 
118.125, 84.375, 4.663379243627761e-22, nan 
118.375, 84.375, 4.520078978191454e-22, nan 
118.625, 84.375, 4.33068854008214e-22, nan 
118.875, 84.375, 3.969893693212719e-22, nan 
119.125, 84.375, 4.463175800535099e-22, nan 
119.375, 84.375, 5.163851703636838e-22, nan 
119.625, 84.375, 3.792749528606003e-22, nan 
119.875, 84.375, 3.677343851269161e-22, nan 
120.125, 84.375, 2.8202443318863183e-22, nan 
120.375, 84.375, 1.41505981407173e-22, nan 
120.625, 84.375, 3.7517303160598e-22, nan 
120.875, 84.375, 4.925680774706472e-22, nan 
121.125, 84.375, 5.167708798113564e-22, nan 
121.375, 84.375, 4.943415215928074e-22, nan 
121.625, 84.375, 4.631965975690775e-22, nan 
121.875, 84.375, 4.0123378957312214e-22, nan 
122.125, 84.375, 4.1323185192150864e-22, nan 
122.375, 84.375, 4.169922294725243e-22, nan 
122.625, 84.375, 3.8702333571944296e-22, nan 
122.875, 84.375, 3.8672001189454867e-22, nan 
123.125, 84.375, 5.083424085046879e-22, nan 
123.375, 84.375, 5.172417771257201e-22, nan 
123.625, 84.375, 4.252980078811015e-22, nan 
123.875, 84.375, 3.6762695901210477e-22, nan 
124.125, 84.375, 4.0912655801931764e-22, nan 
124.375, 84.375, 4.615164664688311e-22, nan 
124.625, 84.375, 5.3459010694325665e-22, nan 
124.875, 84.375, 5.917025083431435e-22, nan 
125.125, 84.375, 5.893736241672692e-22, nan 
125.375, 84.375, 6.060624272089274e-22, nan 
125.625, 84.375, 6.378172130909534e-22, nan 
125.875, 84.375, 6.957045668149981e-22, nan 
126.125, 84.375, 7.394322476386631e-22, nan 
126.375, 84.375, 6.776575113973623e-22, nan 
126.625, 84.375, 5.833346707913612e-22, nan 
126.875, 84.375, 3.7828275553133276e-22, nan 
127.125, 84.375, 2.822598793727053e-22, nan 
127.375, 84.375, 4.53312826706324e-22, nan 
127.625, 84.375, 5.865215561483517e-22, nan 
127.875, 84.375, 6.551987059713728e-22, nan 
128.125, 84.375, 6.892275181192552e-22, nan 
128.375, 84.375, 7.446916605115379e-22, nan 
128.625, 84.375, 7.434937163345858e-22, nan 
128.875, 84.375, 7.546547980834848e-22, nan 
129.125, 84.375, 6.862725583162694e-22, nan 
129.375, 84.375, 5.599359028722733e-22, nan 
129.625, 84.375, 3.247305729619558e-22, nan 
129.875, 84.375, 3.7465216719250213e-22, nan 
130.125, 84.375, 7.205688906538081e-22, nan 
130.375, 84.375, 7.350375209593508e-22, nan 
130.625, 84.375, 6.883591667594732e-22, nan 
130.875, 84.375, 6.979425878689113e-22, nan 
131.125, 84.375, 7.986166901133802e-22, nan 
131.375, 84.375, 7.327965955827676e-22, nan 
131.625, 84.375, 7.162190520212126e-22, nan 
131.875, 84.375, 6.824798853660135e-22, nan 
132.125, 84.375, 6.6764508701283195e-22, nan 
132.375, 84.375, 6.091558543411085e-22, nan 
132.625, 84.375, 5.772922608214802e-22, nan 
132.875, 84.375, 5.868532080847932e-22, nan 
133.125, 84.375, 4.891838083273954e-22, nan 
133.375, 84.375, 4.673730951412109e-22, nan 
133.625, 84.375, 4.543110050740624e-22, nan 
133.875, 84.375, 4.773617859267288e-22, nan 
134.125, 84.375, 4.905027751970326e-22, nan 
134.375, 84.375, 4.810768474768629e-22, nan 
134.625, 84.375, 4.590218296230311e-22, nan 
134.875, 84.375, 4.57332239468497e-22, nan 
135.125, 84.375, 4.6260349219060435e-22, nan 
135.375, 84.375, 4.979486187100429e-22, nan 
135.625, 84.375, 5.339834842456347e-22, nan 
135.875, 84.375, 5.397390850434775e-22, nan 
136.125, 84.375, 5.088793172485351e-22, nan 
136.375, 84.375, 5.150219539886422e-22, nan 
136.625, 84.375, 4.993367244661859e-22, nan 
136.875, 84.375, 5.095152356854401e-22, nan 
137.125, 84.375, 5.016442807311672e-22, nan 
137.375, 84.375, 5.037957837459659e-22, nan 
137.625, 84.375, 5.063185117717557e-22, nan 
137.875, 84.375, 5.309658830780358e-22, nan 
138.125, 84.375, 5.941990619728198e-22, nan 
138.375, 84.375, 6.5732061349880565e-22, nan 
138.625, 84.375, 7.129112564582106e-22, nan 
138.875, 84.375, 7.599351852075958e-22, nan 
139.125, 84.375, 8.2068198165483e-22, nan 
139.375, 84.375, 8.157810817958215e-22, nan 
139.625, 84.375, 8.561023393010071e-22, nan 
139.875, 84.375, 8.827909967901596e-22, nan 
140.125, 84.375, 9.097811862787507e-22, nan 
140.375, 84.375, 8.725198796276216e-22, nan 
140.625, 84.375, 8.893472127768677e-22, nan 
140.875, 84.375, 9.266243642149407e-22, nan 
141.125, 84.375, 9.539701389967313e-22, nan 
141.375, 84.375, 9.089321862161558e-22, nan 
141.625, 84.375, 8.645287417423157e-22, nan 
141.875, 84.375, 8.436965399461143e-22, nan 
142.125, 84.375, 8.4102375981132095e-22, nan 
142.375, 84.375, 7.921920793705662e-22, nan 
142.625, 84.375, 7.126855479788656e-22, nan 
142.875, 84.375, 7.009925487190781e-22, nan 
143.125, 84.375, 7.73484403566063e-22, nan 
143.375, 84.375, 5.463003701719336e-22, nan 
143.625, 84.375, 3.674431084030414e-22, nan 
143.875, 84.375, 4.1916677468882885e-22, nan 
144.125, 84.375, 4.1036775847911626e-22, nan 
144.375, 84.375, 4.282481356914858e-22, nan 
144.625, 84.375, 4.277658626033369e-22, nan 
144.875, 84.375, 4.1140412567932984e-22, nan 
145.125, 84.375, 3.8487059773692936e-22, nan 
145.375, 84.375, 3.441658365376431e-22, nan 
145.625, 84.375, 3.4140055165445106e-22, nan 
145.875, 84.375, 3.848223463279772e-22, nan 
146.125, 84.375, 2.748935749492858e-22, nan 
146.375, 84.375, 1.0821339753607473e-22, nan 
146.625, 84.375, 6.519304835135955e-23, nan 
146.875, 84.375, 5.923434803631612e-23, nan 
147.125, 84.375, 6.151711846819633e-23, nan 
147.375, 84.375, 6.10647943276565e-23, nan 
147.625, 84.375, 6.410608916085842e-23, nan 
147.875, 84.375, 7.179770603736479e-23, nan 
148.125, 84.375, 8.101592095344395e-23, nan 
148.375, 84.375, 8.187009004166415e-23, nan 
148.625, 84.375, 8.210182780220164e-23, nan 
148.875, 84.375, 8.092553923434206e-23, nan 
149.125, 84.375, 7.652194887411585e-23, nan 
149.375, 84.375, 6.869873188971667e-23, nan 
149.625, 84.375, 6.15547019711991e-23, nan 
149.875, 84.375, 5.942512429347394e-23, nan 
150.125, 84.375, 4.8235843145173866e-23, nan 
150.375, 84.375, 4.4381755415248254e-23, nan 
150.625, 84.375, 4.020213462968024e-23, nan 
150.875, 84.375, 3.654686290578928e-23, nan 
151.125, 84.375, 3.437276336801209e-23, nan 
151.375, 84.375, 4.105702936638269e-23, nan 
151.625, 84.375, 4.138434136997376e-23, nan 
151.875, 84.375, 5.059610454417438e-23, nan 
152.125, 84.375, 5.0725988919927105e-23, nan 
152.375, 84.375, 4.746897148753812e-23, nan 
152.625, 84.375, 5.677128680725702e-23, nan 
152.875, 84.375, 6.667020068573131e-23, nan 
153.125, 84.375, 9.71148362234523e-23, nan 
153.375, 84.375, 1.2505110669569007e-22, nan 
153.625, 84.375, 1.6215698054237723e-22, nan 
153.875, 84.375, 1.4997557083749258e-22, nan 
154.125, 84.375, 1.1986743995248492e-22, nan 
154.375, 84.375, 1.0856152973201262e-22, nan 
154.625, 84.375, 1.0457783129564514e-22, nan 
154.875, 84.375, 9.787830639866652e-23, nan 
155.125, 84.375, 8.233268505552316e-23, nan 
155.375, 84.375, 1.1043854649022472e-22, nan 
155.625, 84.375, 1.0395161424970422e-22, nan 
155.875, 84.375, 1.1294086682390916e-22, nan 
156.125, 84.375, 1.5406795470800385e-22, nan 
156.375, 84.375, 2.237399393576165e-22, nan 
156.625, 84.375, 2.1034522044116582e-22, nan 
156.875, 84.375, 1.7981771558777714e-22, nan 
157.125, 84.375, 1.7690891782555264e-22, nan 
157.375, 84.375, 1.718290101925654e-22, nan 
157.625, 84.375, 1.5453544866209692e-22, nan 
157.875, 84.375, 1.3597052543338752e-22, nan 
158.125, 84.375, 1.2295987364372637e-22, nan 
158.375, 84.375, 1.223009214577335e-22, nan 
158.625, 84.375, 1.30727764058819e-22, nan 
158.875, 84.375, 1.4487644943277316e-22, nan 
159.125, 84.375, 1.6926931350800758e-22, nan 
159.375, 84.375, 1.7830139635800114e-22, nan 
159.625, 84.375, 1.6057251806822782e-22, nan 
159.875, 84.375, 1.5690868324391253e-22, nan 
160.125, 84.375, 1.4282816446240208e-22, nan 
160.375, 84.375, 1.38701317528265e-22, nan 
160.625, 84.375, 1.2227596948905725e-22, nan 
160.875, 84.375, 1.0533045024699911e-22, nan 
161.125, 84.375, 8.131917200608033e-23, nan 
161.375, 84.375, 7.387056506348436e-23, nan 
161.625, 84.375, 6.853022527034121e-23, nan 
161.875, 84.375, 5.746810853416953e-23, nan 
162.125, 84.375, 4.374804711619601e-23, nan 
162.375, 84.375, 3.0099323466087665e-23, nan 
162.625, 84.375, 1.9843111582037708e-23, nan 
162.875, 84.375, 1.6007118461524832e-23, nan 
163.125, 84.375, 1.6155951127879295e-23, nan 
163.375, 84.375, 1.0892439053227223e-23, nan 
163.625, 84.375, 1.0774837316024016e-23, nan 
163.875, 84.375, 1.11447992568946e-23, nan 
164.125, 84.375, 1.075779037573353e-23, nan 
164.375, 84.375, 9.070363355890716e-24, nan 
164.625, 84.375, 8.619110458531565e-24, nan 
164.875, 84.375, 9.250223291694878e-24, nan 
165.125, 84.375, 9.965213507756445e-24, nan 
165.375, 84.375, 9.87740541851188e-24, nan 
165.625, 84.375, 9.33384259026721e-24, nan 
165.875, 84.375, 1.020712888971116e-23, nan 
166.125, 84.375, 1.0723428610169566e-23, nan 
166.375, 84.375, 1.3455716727994353e-23, nan 
166.625, 84.375, 1.45436303412656e-23, nan 
166.875, 84.375, 1.411593112705978e-23, nan 
167.125, 84.375, 1.455348297475711e-23, nan 
167.375, 84.375, 1.3958447355901078e-23, nan 
167.625, 84.375, 1.2564555265884646e-23, nan 
167.875, 84.375, 1.2129245525558394e-23, nan 
168.125, 84.375, 1.3813263491664967e-23, nan 
168.375, 84.375, 1.4741691111182152e-23, nan 
168.625, 84.375, 1.2207054197491148e-23, nan 
168.875, 84.375, 1.0205213241738616e-23, nan 
169.125, 84.375, 9.996618639364713e-24, nan 
169.375, 84.375, 1.1207981275055835e-23, nan 
169.625, 84.375, 1.1177338914338581e-23, nan 
169.875, 84.375, 1.0506700063678734e-23, nan 
170.125, 84.375, 1.0453529852212132e-23, nan 
170.375, 84.375, 1.0357533127603516e-23, nan 
170.625, 84.375, 9.824047068659677e-24, nan 
170.875, 84.375, 8.483947319520592e-24, nan 
171.125, 84.375, 7.569296320616399e-24, nan 
171.375, 84.375, 8.576543690123574e-24, nan 
171.625, 84.375, 9.711869473289766e-24, nan 
171.875, 84.375, 8.658934631589633e-24, nan 
172.125, 84.375, 7.412258673525506e-24, nan 
172.375, 84.375, 7.183692963604195e-24, nan 
172.625, 84.375, 7.711019671656487e-24, nan 
172.875, 84.375, 7.855278350271073e-24, nan 
173.125, 84.375, 8.047542912702015e-24, nan 
173.375, 84.375, 7.697176947581204e-24, nan 
173.625, 84.375, 8.250904673246293e-24, nan 
173.875, 84.375, 9.064121469820956e-24, nan 
174.125, 84.375, 8.700731991968196e-24, nan 
174.375, 84.375, 7.807697139980496e-24, nan 
174.625, 84.375, 7.920444299500986e-24, nan 
174.875, 84.375, 9.081735794804485e-24, nan 
175.125, 84.375, 9.73910248763034e-24, nan 
175.375, 84.375, 9.775686891851623e-24, nan 
175.625, 84.375, 9.665835172519143e-24, nan 
175.875, 84.375, 1.0662376122088418e-23, nan 
176.125, 84.375, 1.1225523984715287e-23, nan 
176.375, 84.375, 1.1429390163887856e-23, nan 
176.625, 84.375, 1.1131433811134662e-23, nan 
176.875, 84.375, 1.0656627657784953e-23, nan 
177.125, 84.375, 1.0492367023985992e-23, nan 
177.375, 84.375, 1.0437311122189005e-23, nan 
177.625, 84.375, 9.519070807082253e-24, nan 
177.875, 84.375, 1.002670268500686e-23, nan 
178.125, 84.375, 1.036788285031438e-23, nan 
178.375, 84.375, 1.0496662286690627e-23, nan 
178.625, 84.375, 9.781005274392516e-24, nan 
178.875, 84.375, 9.470297039118638e-24, nan 
179.125, 84.375, 9.896185898180296e-24, nan 
179.375, 84.375, 1.0986464153904959e-23, nan 
179.625, 84.375, 1.1013418410757003e-23, nan 
179.875, 84.375, 1.082291845652234e-23, nan 
-179.875, 84.625, 4.6190744138931787e-23, nan 
-179.625, 84.625, 4.744399199587375e-23, nan 
-179.375, 84.625, 4.507805494649686e-23, nan 
-179.125, 84.625, 1.2681867385913431e-23, nan 
-178.875, 84.625, 2.0969939900904318e-23, nan 
-178.625, 84.625, 2.1764233686555312e-23, nan 
-178.375, 84.625, 2.5413507256151944e-23, nan 
-178.125, 84.625, 2.3527108941897943e-23, nan 
-177.875, 84.625, 2.818937682815526e-23, nan 
-177.625, 84.625, 2.8237579721868916e-23, nan 
-177.375, 84.625, 2.5222089826340605e-23, nan 
-177.125, 84.625, 2.0229905976883585e-23, nan 
-176.875, 84.625, 1.558703540964448e-23, nan 
-176.625, 84.625, 1.2834489463738575e-23, nan 
-176.375, 84.625, 1.4437192557777343e-23, nan 
-176.125, 84.625, 1.382743866030256e-23, nan 
-175.875, 84.625, 1.0246502460392599e-23, nan 
-175.625, 84.625, 1.4594133707228996e-23, nan 
-175.375, 84.625, 1.6050194196251873e-23, nan 
-175.125, 84.625, 2.0782087926887143e-23, nan 
-174.875, 84.625, 2.3113296179522475e-23, nan 
-174.625, 84.625, 2.3772327227882257e-23, nan 
-174.375, 84.625, 2.5780069771558965e-23, nan 
-174.125, 84.625, 2.5971935624225875e-23, nan 
-173.875, 84.625, 2.397127739906117e-23, nan 
-173.625, 84.625, 2.514248477521654e-23, nan 
-173.375, 84.625, 2.441243233398852e-23, nan 
-173.125, 84.625, 2.260277108733845e-23, nan 
-172.875, 84.625, 2.4151056810654128e-23, nan 
-172.625, 84.625, 2.5347361678866632e-23, nan 
-172.375, 84.625, 2.3927207734802106e-23, nan 
-172.125, 84.625, 2.0192965072720932e-23, nan 
-171.875, 84.625, 2.0736846734243764e-23, nan 
-171.625, 84.625, 2.229467044426455e-23, nan 
-171.375, 84.625, 2.127709992318677e-23, nan 
-171.125, 84.625, 1.8253699460975806e-23, nan 
-170.875, 84.625, 1.7317624720621604e-23, nan 
-170.625, 84.625, 1.6416872026557777e-23, nan 
-170.375, 84.625, 1.747358982770816e-23, nan 
-170.125, 84.625, 1.594893213184457e-23, nan 
-169.875, 84.625, 1.7320378259954448e-23, nan 
-169.625, 84.625, 1.942035304608509e-23, nan 
-169.375, 84.625, 1.9387680517352596e-23, nan 
-169.125, 84.625, 2.4985216761146365e-23, nan 
-168.875, 84.625, 3.1309551413069045e-23, nan 
-168.625, 84.625, 3.3703936385767174e-23, nan 
-168.375, 84.625, 3.3034991773672913e-23, nan 
-168.125, 84.625, 2.832539454792669e-23, nan 
-167.875, 84.625, 2.071834519534029e-23, nan 
-167.625, 84.625, 2.117266039987334e-23, nan 
-167.375, 84.625, 1.435780118628345e-23, nan 
-167.125, 84.625, 1.0965102503466888e-23, nan 
-166.875, 84.625, 1.0786236475011671e-23, nan 
-166.625, 84.625, 8.77746749952009e-24, nan 
-166.375, 84.625, 1.4296969851926566e-23, nan 
-166.125, 84.625, 2.2198203382732045e-23, nan 
-165.875, 84.625, 2.1501430757135356e-23, nan 
-165.625, 84.625, 2.2137606343428192e-23, nan 
-165.375, 84.625, 2.2715294907096238e-23, nan 
-165.125, 84.625, 2.6307734312578826e-23, nan 
-164.875, 84.625, 3.201594972323002e-23, nan 
-164.625, 84.625, 4.006663302283761e-23, nan 
-164.375, 84.625, 4.419066600957081e-23, nan 
-164.125, 84.625, 4.838077895714861e-23, nan 
-163.875, 84.625, 4.738178950062683e-23, nan 
-163.625, 84.625, 5.0858843585327295e-23, nan 
-163.375, 84.625, 4.8596802525886867e-23, nan 
-163.125, 84.625, 4.9021588093412116e-23, nan 
-162.875, 84.625, 4.5354136143115837e-23, nan 
-162.625, 84.625, 4.456133201701211e-23, nan 
-162.375, 84.625, 4.3273469750436175e-23, nan 
-162.125, 84.625, 4.23061350258394e-23, nan 
-161.875, 84.625, 4.899449300169601e-23, nan 
-161.625, 84.625, 4.8233983023875424e-23, nan 
-161.375, 84.625, 5.713699352930372e-23, nan 
-161.125, 84.625, 5.815022691542731e-23, nan 
-160.875, 84.625, 5.754017815465748e-23, nan 
-160.625, 84.625, 6.82803641685828e-23, nan 
-160.375, 84.625, 1.0655498013553722e-22, nan 
-160.125, 84.625, 1.2185270967764368e-22, nan 
-159.875, 84.625, 1.245252127655626e-22, nan 
-159.625, 84.625, 1.2622926960808792e-22, nan 
-159.375, 84.625, 1.1880279337311873e-22, nan 
-159.125, 84.625, 1.0176169633878099e-22, nan 
-158.875, 84.625, 9.755826602858444e-23, nan 
-158.625, 84.625, 9.528533051517298e-23, nan 
-158.375, 84.625, 9.452259176623732e-23, nan 
-158.125, 84.625, 9.581820994718114e-23, nan 
-157.875, 84.625, 9.659475519847673e-23, nan 
-157.625, 84.625, 9.136435513430782e-23, nan 
-157.375, 84.625, 8.79769011063147e-23, nan 
-157.125, 84.625, 8.627834945403622e-23, nan 
-156.875, 84.625, 8.363454406868062e-23, nan 
-156.625, 84.625, 8.662616618789225e-23, nan 
-156.375, 84.625, 9.222713239486638e-23, nan 
-156.125, 84.625, 9.703584640413725e-23, nan 
-155.875, 84.625, 9.89378510872168e-23, nan 
-155.625, 84.625, 9.991850797452969e-23, nan 
-155.375, 84.625, 1.0000781251367909e-22, nan 
-155.125, 84.625, 1.0096403486983122e-22, nan 
-154.875, 84.625, 1.0046169262910304e-22, nan 
-154.625, 84.625, 1.0173666917233454e-22, nan 
-154.375, 84.625, 9.675652566318105e-23, nan 
-154.125, 84.625, 8.690939872256146e-23, nan 
-153.875, 84.625, 4.948389762339083e-23, nan 
-153.625, 84.625, 4.94380232487494e-23, nan 
-153.375, 84.625, 4.67196999580798e-23, nan 
-153.125, 84.625, 3.998180891094705e-23, nan 
-152.875, 84.625, 4.5416602246542697e-23, nan 
-152.625, 84.625, 4.855764173056518e-23, nan 
-152.375, 84.625, 5.2907218330035955e-23, nan 
-152.125, 84.625, 6.680298928903254e-23, nan 
-151.875, 84.625, 7.322119361914227e-23, nan 
-151.625, 84.625, 6.752786435910716e-23, nan 
-151.375, 84.625, 6.279499937476073e-23, nan 
-151.125, 84.625, 4.5416218969138245e-23, nan 
-150.875, 84.625, 3.749333744207858e-23, nan 
-150.625, 84.625, 3.65490200869028e-23, nan 
-150.375, 84.625, 3.1159818407005824e-23, nan 
-150.125, 84.625, 2.2296893255590674e-23, nan 
-149.875, 84.625, 2.637105569604971e-23, nan 
-149.625, 84.625, 5.174194602590591e-23, nan 
-149.375, 84.625, 6.241017878560083e-23, nan 
-149.125, 84.625, 6.331955198275984e-23, nan 
-148.875, 84.625, 6.830810918289188e-23, nan 
-148.625, 84.625, 7.476366022593155e-23, nan 
-148.375, 84.625, 8.299070576271808e-23, nan 
-148.125, 84.625, 9.47067656678181e-23, nan 
-147.875, 84.625, 9.463705990745765e-23, nan 
-147.625, 84.625, 8.627666236397386e-23, nan 
-147.375, 84.625, 8.256237967232886e-23, nan 
-147.125, 84.625, 9.407148332270218e-23, nan 
-146.875, 84.625, 9.732010430491444e-23, nan 
-146.625, 84.625, 1.0195365864862766e-22, nan 
-146.375, 84.625, 1.0044473880616855e-22, nan 
-146.125, 84.625, 9.962836415844e-23, nan 
-145.875, 84.625, 9.286743089352222e-23, nan 
-145.625, 84.625, 7.918578293769955e-23, nan 
-145.375, 84.625, 6.900828784391616e-23, nan 
-145.125, 84.625, 6.778923851199122e-23, nan 
-144.875, 84.625, 7.421217539785709e-23, nan 
-144.625, 84.625, 6.733458472322546e-23, nan 
-144.375, 84.625, 7.421597157838755e-23, nan 
-144.125, 84.625, 7.993839927143821e-23, nan 
-143.875, 84.625, 8.812666428237852e-23, nan 
-143.625, 84.625, 8.724942579185063e-23, nan 
-143.375, 84.625, 9.081038420970564e-23, nan 
-143.125, 84.625, 9.100200904889908e-23, nan 
-142.875, 84.625, 8.20511951172859e-23, nan 
-142.625, 84.625, 6.599072103764359e-23, nan 
-142.375, 84.625, 6.77116979329053e-23, nan 
-142.125, 84.625, 7.798325102002386e-23, nan 
-141.875, 84.625, 7.360565046564212e-23, nan 
-141.625, 84.625, 5.935212574873804e-23, nan 
-141.375, 84.625, 5.739501294143409e-23, nan 
-141.125, 84.625, 6.030097584844363e-23, nan 
-140.875, 84.625, 5.989704906427043e-23, nan 
-140.625, 84.625, 5.402220302459738e-23, nan 
-140.375, 84.625, 5.547070188889604e-23, nan 
-140.125, 84.625, 5.1621535872525413e-23, nan 
-139.875, 84.625, 4.043416574330592e-23, nan 
-139.625, 84.625, 4.243608889669044e-23, nan 
-139.375, 84.625, 4.710606434672396e-23, nan 
-139.125, 84.625, 4.964534290400204e-23, nan 
-138.875, 84.625, 4.9983875593780485e-23, nan 
-138.625, 84.625, 5.110491575192004e-23, nan 
-138.375, 84.625, 5.369619001328032e-23, nan 
-138.125, 84.625, 5.475899077730772e-23, nan 
-137.875, 84.625, 5.758989342113059e-23, nan 
-137.625, 84.625, 6.14105841217937e-23, nan 
-137.375, 84.625, 6.190303433378383e-23, nan 
-137.125, 84.625, 5.090000491687094e-23, nan 
-136.875, 84.625, 4.2794298880770907e-23, nan 
-136.625, 84.625, 3.1727101295877113e-23, nan 
-136.375, 84.625, 3.22327072077118e-23, nan 
-136.125, 84.625, 2.842303962140733e-23, nan 
-135.875, 84.625, 2.621420584063784e-23, nan 
-135.625, 84.625, 2.2048921079310265e-23, nan 
-135.375, 84.625, 2.441948545427879e-23, nan 
-135.125, 84.625, 1.638157473799994e-23, nan 
-134.875, 84.625, 1.501371108470937e-23, nan 
-134.625, 84.625, 1.5186909747608457e-23, nan 
-134.375, 84.625, 1.5902240942165694e-23, nan 
-134.125, 84.625, 1.7525613166725594e-23, nan 
-133.875, 84.625, 1.9311955341309475e-23, nan 
-133.625, 84.625, 2.1141134725236787e-23, nan 
-133.375, 84.625, 2.294071153002789e-23, nan 
-133.125, 84.625, 2.395146568228552e-23, nan 
-132.875, 84.625, 2.4165975736487442e-23, nan 
-132.625, 84.625, 2.44680396866406e-23, nan 
-132.375, 84.625, 2.347990350377836e-23, nan 
-132.125, 84.625, 2.3962505862327984e-23, nan 
-131.875, 84.625, 2.536838835862846e-23, nan 
-131.625, 84.625, 2.5449751854185308e-23, nan 
-131.375, 84.625, 2.5724303811806828e-23, nan 
-131.125, 84.625, 2.513669191210366e-23, nan 
-130.875, 84.625, 2.3285633651038333e-23, nan 
-130.625, 84.625, 2.2298326591092823e-23, nan 
-130.375, 84.625, 2.135519809785948e-23, nan 
-130.125, 84.625, 2.0458105117380952e-23, nan 
-129.875, 84.625, 1.9488197172453478e-23, nan 
-129.625, 84.625, 1.8261367225525323e-23, nan 
-129.375, 84.625, 1.740983135581874e-23, nan 
-129.125, 84.625, 1.6462535669243403e-23, nan 
-128.875, 84.625, 1.563347424283807e-23, nan 
-128.625, 84.625, 1.4733660000810215e-23, nan 
-128.375, 84.625, 1.3466952621470648e-23, nan 
-128.125, 84.625, 1.1685361961468931e-23, nan 
-127.875, 84.625, 1.0557827689762226e-23, nan 
-127.625, 84.625, 9.147960130038014e-24, nan 
-127.375, 84.625, 9.720777865687131e-24, nan 
-127.125, 84.625, 1.064310858989811e-23, nan 
-126.875, 84.625, 1.3506086655292068e-23, nan 
-126.625, 84.625, 1.4998527435148333e-23, nan 
-126.375, 84.625, 1.5877688471239973e-23, nan 
-126.125, 84.625, 1.7074706780172143e-23, nan 
-125.875, 84.625, 1.4925897187972336e-23, nan 
-125.625, 84.625, 1.3180618200718721e-23, nan 
-125.375, 84.625, 1.0929094309420763e-23, nan 
-125.125, 84.625, 8.588744090816386e-24, nan 
-124.875, 84.625, 6.84734940937468e-24, nan 
-124.625, 84.625, 6.52861208506979e-24, nan 
-124.375, 84.625, 6.47985041255732e-24, nan 
-124.125, 84.625, 6.5278278592735944e-24, nan 
-123.875, 84.625, 7.579360190179169e-24, nan 
-123.625, 84.625, 8.677226026834684e-24, nan 
-123.375, 84.625, 1.0773559965313527e-23, nan 
-123.125, 84.625, 1.3457673034194614e-23, nan 
-122.875, 84.625, 1.6806538536395143e-23, nan 
-122.625, 84.625, 1.8989947711797e-23, nan 
-122.375, 84.625, 2.1777114408564042e-23, nan 
-122.125, 84.625, 2.2742519596749712e-23, nan 
-121.875, 84.625, 2.293093456666067e-23, nan 
-121.625, 84.625, 2.2195928085159244e-23, nan 
-121.375, 84.625, 2.221017535915658e-23, nan 
-121.125, 84.625, 2.2379197023985277e-23, nan 
-120.875, 84.625, 2.0189543391995055e-23, nan 
-120.625, 84.625, 1.5452211177908888e-23, nan 
-120.375, 84.625, 1.3139968732034339e-23, nan 
-120.125, 84.625, 9.25814577653329e-24, nan 
-119.875, 84.625, 9.194318736343257e-24, nan 
-119.625, 84.625, 2.4519375447568726e-23, nan 
-119.375, 84.625, 3.357465570489797e-23, nan 
-119.125, 84.625, 3.786298877116926e-23, nan 
-118.875, 84.625, 5.298277049313926e-23, nan 
-118.625, 84.625, 6.058031553807014e-23, nan 
-118.375, 84.625, 6.634615410193498e-23, nan 
-118.125, 84.625, 6.784813756731989e-23, nan 
-117.875, 84.625, 6.297056707577385e-23, nan 
-117.625, 84.625, 6.143928075105105e-23, nan 
-117.375, 84.625, 5.213633206720296e-23, nan 
-117.125, 84.625, 4.1582998347488484e-23, nan 
-116.875, 84.625, 3.3325161898114705e-23, nan 
-116.625, 84.625, 4.2660490836579346e-23, nan 
-116.375, 84.625, 4.934828191432632e-23, nan 
-116.125, 84.625, 5.204449593404965e-23, nan 
-115.875, 84.625, 5.539334708950952e-23, nan 
-115.625, 84.625, 5.489632748097261e-23, nan 
-115.375, 84.625, 5.225106918066597e-23, nan 
-115.125, 84.625, 4.651823478271523e-23, nan 
-114.875, 84.625, 4.456577748248948e-23, nan 
-114.625, 84.625, 3.757222774179368e-23, nan 
-114.375, 84.625, 2.917851022190655e-23, nan 
-114.125, 84.625, 1.8076531181947845e-23, nan 
-113.875, 84.625, 1.6544774267028274e-23, nan 
-113.625, 84.625, 1.732542262919371e-23, nan 
-113.375, 84.625, 1.9115984035471336e-23, nan 
-113.125, 84.625, 2.0350817535629161e-23, nan 
-112.875, 84.625, 2.2003589441686838e-23, nan 
-112.625, 84.625, 2.299595423328143e-23, nan 
-112.375, 84.625, 2.662045673836693e-23, nan 
-112.125, 84.625, 3.1565336363487386e-23, nan 
-111.875, 84.625, 3.61777386321538e-23, nan 
-111.625, 84.625, 3.6366589911196276e-23, nan 
-111.375, 84.625, 3.799965968148892e-23, nan 
-111.125, 84.625, 3.9244326077415327e-23, nan 
-110.875, 84.625, 3.894846916020023e-23, nan 
-110.625, 84.625, 3.851908731321172e-23, nan 
-110.375, 84.625, 3.6519025548279157e-23, nan 
-110.125, 84.625, 3.3116663761811397e-23, nan 
-109.875, 84.625, 3.116140723464246e-23, nan 
-109.625, 84.625, 2.948448671529921e-23, nan 
-109.375, 84.625, 2.8602786032973046e-23, nan 
-109.125, 84.625, 2.971522191420986e-23, nan 
-108.875, 84.625, 3.08358803582929e-23, nan 
-108.625, 84.625, 3.2654355267344703e-23, nan 
-108.375, 84.625, 3.4805741933378356e-23, nan 
-108.125, 84.625, 3.581300950108916e-23, nan 
-107.875, 84.625, 3.559199493193215e-23, nan 
-107.625, 84.625, 3.083628339012117e-23, nan 
-107.375, 84.625, 2.7127124983989306e-23, nan 
-107.125, 84.625, 2.5187685823403762e-23, nan 
-106.875, 84.625, 2.3035551678210026e-23, nan 
-106.625, 84.625, 1.8025768317976364e-23, nan 
-106.375, 84.625, 1.7818875625161114e-23, nan 
-106.125, 84.625, 1.7946627907498107e-23, nan 
-105.875, 84.625, 1.7966620247248355e-23, nan 
-105.625, 84.625, 1.7749968217732078e-23, nan 
-105.375, 84.625, 1.7544397648663126e-23, nan 
-105.125, 84.625, 1.7724768328740268e-23, nan 
-104.875, 84.625, 1.8126553496383597e-23, nan 
-104.625, 84.625, 1.7902327316733034e-23, nan 
-104.375, 84.625, 1.7184933433563216e-23, nan 
-104.125, 84.625, 1.4474091921253184e-23, nan 
-103.875, 84.625, 1.3957917778196e-23, nan 
-103.625, 84.625, 1.3258556271716944e-23, nan 
-103.375, 84.625, 1.0359116298975727e-23, nan 
-103.125, 84.625, 7.208522870903396e-24, nan 
-102.875, 84.625, 4.9867235272877584e-24, nan 
-102.625, 84.625, 3.521478809579329e-24, nan 
-102.375, 84.625, 3.70266216877908e-24, nan 
-102.125, 84.625, 3.899512081900211e-24, nan 
-101.875, 84.625, 3.6079182849030415e-24, nan 
-101.625, 84.625, 3.522544386226454e-24, nan 
-101.375, 84.625, 3.417616600671895e-24, nan 
-101.125, 84.625, 3.1872045889093856e-24, nan 
-100.875, 84.625, 2.7172729613055814e-24, nan 
-100.625, 84.625, 2.264163842421156e-24, nan 
-100.375, 84.625, 2.2563558086551e-24, nan 
-100.125, 84.625, 2.1358472597065796e-24, nan 
-99.875, 84.625, 2.114403591512962e-24, nan 
-99.625, 84.625, 2.3418226062437154e-24, nan 
-99.375, 84.625, 2.4551213011329993e-24, nan 
-99.125, 84.625, 2.3921184136802317e-24, nan 
-98.875, 84.625, 2.6045453993763248e-24, nan 
-98.625, 84.625, 2.9670627239983207e-24, nan 
-98.375, 84.625, 2.988738740540566e-24, nan 
-98.125, 84.625, 3.0107351657931862e-24, nan 
-97.875, 84.625, 3.551628041157087e-24, nan 
-97.625, 84.625, 3.5854403702921805e-24, nan 
-97.375, 84.625, 3.1247451952293014e-24, nan 
-97.125, 84.625, 2.8832410871728878e-24, nan 
-96.875, 84.625, 2.6791139495961085e-24, nan 
-96.625, 84.625, 2.5327713606565857e-24, nan 
-96.375, 84.625, 2.4754469607262706e-24, nan 
-96.125, 84.625, 2.174361263385846e-24, nan 
-95.875, 84.625, 3.1477084539407027e-24, nan 
-95.625, 84.625, 4.658912920695017e-24, nan 
-95.375, 84.625, 5.57454715288425e-24, nan 
-95.125, 84.625, 6.981464871539852e-24, nan 
-94.875, 84.625, 8.537108433000165e-24, nan 
-94.625, 84.625, 8.36800357070071e-24, nan 
-94.375, 84.625, 8.422793122628177e-24, nan 
-94.125, 84.625, 8.360897769468291e-24, nan 
-93.875, 84.625, 9.111129548340395e-24, nan 
-93.625, 84.625, 9.446456310684357e-24, nan 
-93.375, 84.625, 7.743589653202014e-24, nan 
-93.125, 84.625, 6.24061828774297e-24, nan 
-92.875, 84.625, 5.4269578908699665e-24, nan 
-92.625, 84.625, 5.306334621991272e-24, nan 
-92.375, 84.625, 5.5064360362298145e-24, nan 
-92.125, 84.625, 5.960919150435801e-24, nan 
-91.875, 84.625, 5.9557232363031865e-24, nan 
-91.625, 84.625, 6.66239381656308e-24, nan 
-91.375, 84.625, 6.463044154220406e-24, nan 
-91.125, 84.625, 6.888189613899059e-24, nan 
-90.875, 84.625, 7.14300316939853e-24, nan 
-90.625, 84.625, 6.2114411641521e-24, nan 
-90.375, 84.625, 4.9307178551504136e-24, nan 
-90.125, 84.625, 3.6618952037545045e-24, nan 
-89.875, 84.625, 3.343047391528028e-24, nan 
-89.625, 84.625, 2.89107047839483e-24, nan 
-89.375, 84.625, 3.0440557936388704e-24, nan 
-89.125, 84.625, 3.728744510120614e-24, nan 
-88.875, 84.625, 3.382969350076993e-24, nan 
-88.625, 84.625, 3.0448240881563563e-24, nan 
-88.375, 84.625, 2.94485259539825e-24, nan 
-88.125, 84.625, 3.441607415992348e-24, nan 
-87.875, 84.625, 3.748377560335229e-24, nan 
-87.625, 84.625, 4.3322780260295424e-24, nan 
-87.375, 84.625, 4.676928836246166e-24, nan 
-87.125, 84.625, 4.774741668134437e-24, nan 
-86.875, 84.625, 4.335651586307789e-24, nan 
-86.625, 84.625, 3.8979774109155415e-24, nan 
-86.375, 84.625, 4.0163336540162306e-24, nan 
-86.125, 84.625, 3.74422510680226e-24, nan 
-85.875, 84.625, 3.409434334231048e-24, nan 
-85.625, 84.625, 2.4254667507944803e-24, nan 
-85.375, 84.625, 1.986634938999626e-24, nan 
-85.125, 84.625, 2.0097281708296935e-24, nan 
-84.875, 84.625, 2.4992225812441172e-24, nan 
-84.625, 84.625, 2.6341321097105126e-24, nan 
-84.375, 84.625, 2.635548005043149e-24, nan 
-84.125, 84.625, 2.46461210548544e-24, nan 
-83.875, 84.625, 2.111358447211279e-24, nan 
-83.625, 84.625, 1.882282096685201e-24, nan 
-83.375, 84.625, 1.9691552866458165e-24, nan 
-83.125, 84.625, 1.984474696525848e-24, nan 
-82.875, 84.625, 2.2368235633176905e-24, nan 
-82.625, 84.625, 2.3978301651070202e-24, nan 
-82.375, 84.625, 3.543895780008177e-24, nan 
-82.125, 84.625, 4.1483481865387335e-24, nan 
-81.875, 84.625, 5.05365554728403e-24, nan 
-81.625, 84.625, 4.974826596954924e-24, nan 
-81.375, 84.625, 5.559688721613951e-24, nan 
-81.125, 84.625, 6.114932499007844e-24, nan 
-80.875, 84.625, 6.883657174679233e-24, nan 
-80.625, 84.625, 7.611391289158137e-24, nan 
-80.375, 84.625, 7.372992910323492e-24, nan 
-80.125, 84.625, 5.734831420065391e-24, nan 
-79.875, 84.625, 4.833006118264246e-24, nan 
-79.625, 84.625, 6.067222001228318e-24, nan 
-79.375, 84.625, 6.904914333584567e-24, nan 
-79.125, 84.625, 8.884910473830605e-24, nan 
-78.875, 84.625, 9.223700631001301e-24, nan 
-78.625, 84.625, 9.516694017627897e-24, nan 
-78.375, 84.625, 1.0397210138165114e-23, nan 
-78.125, 84.625, 1.0992791916965678e-23, nan 
-77.875, 84.625, 1.1945938898903816e-23, nan 
-77.625, 84.625, 1.1562832853053508e-23, nan 
-77.375, 84.625, 1.0890174764359954e-23, nan 
-77.125, 84.625, 1.1552813078159969e-23, nan 
-76.875, 84.625, 1.1866553189814602e-23, nan 
-76.625, 84.625, 1.1680487399105851e-23, nan 
-76.375, 84.625, 1.137954918760281e-23, nan 
-76.125, 84.625, 1.1497355927409486e-23, nan 
-75.875, 84.625, 1.1658073275809051e-23, nan 
-75.625, 84.625, 1.1627787593052667e-23, nan 
-75.375, 84.625, 1.0876461629390762e-23, nan 
-75.125, 84.625, 1.1480508055408825e-23, nan 
-74.875, 84.625, 1.011094054748499e-23, nan 
-74.625, 84.625, 1.161810888122417e-23, nan 
-74.375, 84.625, 1.3573722346180163e-23, nan 
-74.125, 84.625, 1.119602153570864e-23, nan 
-73.875, 84.625, 9.410025084411478e-24, nan 
-73.625, 84.625, 7.476459490174968e-24, nan 
-73.375, 84.625, 6.142170622942553e-24, nan 
-73.125, 84.625, 7.384023410561781e-24, nan 
-72.875, 84.625, 9.876707369119472e-24, nan 
-72.625, 84.625, 1.2277116377379105e-23, nan 
-72.375, 84.625, 1.213269542695536e-23, nan 
-72.125, 84.625, 1.2305305424979068e-23, nan 
-71.875, 84.625, 1.266349440599742e-23, nan 
-71.625, 84.625, 1.3020809806945585e-23, nan 
-71.375, 84.625, 1.3210347370728676e-23, nan 
-71.125, 84.625, 1.3145851895681654e-23, nan 
-70.875, 84.625, 1.23454576332816e-23, nan 
-70.625, 84.625, 1.1531844587671266e-23, nan 
-70.375, 84.625, 1.1485663994448764e-23, nan 
-70.125, 84.625, 1.0406765663621859e-23, nan 
-69.875, 84.625, 8.639529514112749e-24, nan 
-69.625, 84.625, 7.639275208793711e-24, nan 
-69.375, 84.625, 7.580627546768988e-24, nan 
-69.125, 84.625, 7.365021907197436e-24, nan 
-68.875, 84.625, 7.119105765258083e-24, nan 
-68.625, 84.625, 7.025127494558101e-24, nan 
-68.375, 84.625, 6.4905093788230464e-24, nan 
-68.125, 84.625, 6.1506219340559714e-24, nan 
-67.875, 84.625, 6.80545291092372e-24, nan 
-67.625, 84.625, 7.427359976301381e-24, nan 
-67.375, 84.625, 6.366213074782465e-24, nan 
-67.125, 84.625, 5.294834760238953e-24, nan 
-66.875, 84.625, 5.2176209066786566e-24, nan 
-66.625, 84.625, 4.8362199577538725e-24, nan 
-66.375, 84.625, 5.073613172717341e-24, nan 
-66.125, 84.625, 5.238517463141828e-24, nan 
-65.875, 84.625, 4.528885132690798e-24, nan 
-65.625, 84.625, 5.176448677860228e-24, nan 
-65.375, 84.625, 5.1534006574691226e-24, nan 
-65.125, 84.625, 6.045488664337249e-24, nan 
-64.875, 84.625, 7.246039941727538e-24, nan 
-64.625, 84.625, 7.916210326014682e-24, nan 
-64.375, 84.625, 8.245815122876482e-24, nan 
-64.125, 84.625, 7.543145723075341e-24, nan 
-63.875, 84.625, 6.972087942522114e-24, nan 
-63.625, 84.625, 6.352532501600812e-24, nan 
-63.375, 84.625, 6.273631176964545e-24, nan 
-63.125, 84.625, 6.696959412380321e-24, nan 
-62.875, 84.625, 6.695715442958927e-24, nan 
-62.625, 84.625, 5.9205079923805564e-24, nan 
-62.375, 84.625, 4.5176088393314194e-24, nan 
-62.125, 84.625, 4.253473230013251e-24, nan 
-61.875, 84.625, 4.482882699414933e-24, nan 
-61.625, 84.625, 4.6993137293921564e-24, nan 
-61.375, 84.625, 4.910496753821389e-24, nan 
-61.125, 84.625, 4.822992911325818e-24, nan 
-60.875, 84.625, 4.686433343442046e-24, nan 
-60.625, 84.625, 5.337959103444086e-24, nan 
-60.375, 84.625, 6.670550584838769e-24, nan 
-60.125, 84.625, 7.812404119916543e-24, nan 
-59.875, 84.625, 6.697081344536782e-24, nan 
-59.625, 84.625, 3.801221908593296e-24, nan 
-59.375, 84.625, 3.8494973044842665e-24, nan 
-59.125, 84.625, 4.4226040897740644e-24, nan 
-58.875, 84.625, 4.718719988829261e-24, nan 
-58.625, 84.625, 4.869218210045626e-24, nan 
-58.375, 84.625, 4.4327689541209405e-24, nan 
-58.125, 84.625, 4.446891259003217e-24, nan 
-57.875, 84.625, 5.114222246344297e-24, nan 
-57.625, 84.625, 6.263610872337373e-24, nan 
-57.375, 84.625, 7.007031622938979e-24, nan 
-57.125, 84.625, 6.432037130901779e-24, nan 
-56.875, 84.625, 4.7948913305349186e-24, nan 
-56.625, 84.625, 4.056288743967326e-24, nan 
-56.375, 84.625, 3.8324112872263194e-24, nan 
-56.125, 84.625, 3.885158258065585e-24, nan 
-55.875, 84.625, 3.8604538836666606e-24, nan 
-55.625, 84.625, 3.6992061578876755e-24, nan 
-55.375, 84.625, 3.7719347445219185e-24, nan 
-55.125, 84.625, 4.442606217364721e-24, nan 
-54.875, 84.625, 4.834431112470711e-24, nan 
-54.625, 84.625, 4.672623121658199e-24, nan 
-54.375, 84.625, 4.9542958603956365e-24, nan 
-54.125, 84.625, 7.004271728442995e-24, nan 
-53.875, 84.625, 7.993500325491309e-24, nan 
-53.625, 84.625, 7.23976533360821e-24, nan 
-53.375, 84.625, 6.70419220313211e-24, nan 
-53.125, 84.625, 6.666228591913761e-24, nan 
-52.875, 84.625, 7.70786682699547e-24, nan 
-52.625, 84.625, 7.961919332470776e-24, nan 
-52.375, 84.625, 8.730167356765592e-24, nan 
-52.125, 84.625, 9.837928239742683e-24, nan 
-51.875, 84.625, 1.085213841387732e-23, nan 
-51.625, 84.625, 1.1570154475823187e-23, nan 
-51.375, 84.625, 1.2472975211549562e-23, nan 
-51.125, 84.625, 1.9360874546486238e-23, nan 
-50.875, 84.625, 2.0728562410265037e-23, nan 
-50.625, 84.625, 2.1176623450977216e-23, nan 
-50.375, 84.625, 2.1357003791927284e-23, nan 
-50.125, 84.625, 2.1517742702423872e-23, nan 
-49.875, 84.625, 2.0765838499024503e-23, nan 
-49.625, 84.625, 1.825856224777318e-23, nan 
-49.375, 84.625, 1.8674311737492324e-23, nan 
-49.125, 84.625, 1.8695109856081623e-23, nan 
-48.875, 84.625, 1.879211837515582e-23, nan 
-48.625, 84.625, 1.9227127371118164e-23, nan 
-48.375, 84.625, 2.0829834346720668e-23, nan 
-48.125, 84.625, 2.2221863305976235e-23, nan 
-47.875, 84.625, 2.1914398893776341e-23, nan 
-47.625, 84.625, 2.1106305790562227e-23, nan 
-47.375, 84.625, 2.2605587085062026e-23, nan 
-47.125, 84.625, 2.5228912509477914e-23, nan 
-46.875, 84.625, 2.3979445378799524e-23, nan 
-46.625, 84.625, 2.4348089744550235e-23, nan 
-46.375, 84.625, 2.1592381367000262e-23, nan 
-46.125, 84.625, 2.0350175239676528e-23, nan 
-45.875, 84.625, 1.8657610868391e-23, nan 
-45.625, 84.625, 2.08496929964088e-23, nan 
-45.375, 84.625, 2.2569849044906153e-23, nan 
-45.125, 84.625, 1.7446862854864768e-23, nan 
-44.875, 84.625, 9.422423065746321e-24, nan 
-44.625, 84.625, 1.1402385921811199e-23, nan 
-44.375, 84.625, 1.459439727621585e-23, nan 
-44.125, 84.625, 1.7142754644588756e-23, nan 
-43.875, 84.625, 2.061898675318193e-23, nan 
-43.625, 84.625, 1.65847526276698e-23, nan 
-43.375, 84.625, 5.614577655689827e-24, nan 
-43.125, 84.625, 5.2298764434980026e-24, nan 
-42.875, 84.625, 6.310577641006064e-24, nan 
-42.625, 84.625, 7.76826019634599e-24, nan 
-42.375, 84.625, 6.992000235020197e-24, nan 
-42.125, 84.625, 6.815588391317726e-24, nan 
-41.875, 84.625, 7.48957188975482e-24, nan 
-41.625, 84.625, 8.751375353196273e-24, nan 
-41.375, 84.625, 1.0770461796719313e-23, nan 
-41.125, 84.625, 1.7610942488773943e-23, nan 
-40.875, 84.625, 1.7110096990478633e-23, nan 
-40.625, 84.625, 1.628332285626095e-23, nan 
-40.375, 84.625, 1.4258472453234286e-23, nan 
-40.125, 84.625, 1.4495064963792888e-23, nan 
-39.875, 84.625, 1.7156060034987427e-23, nan 
-39.625, 84.625, 1.873929791896092e-23, nan 
-39.375, 84.625, 2.1389450357661112e-23, nan 
-39.125, 84.625, 2.163852526071301e-23, nan 
-38.875, 84.625, 2.163542709360781e-23, nan 
-38.625, 84.625, 2.1592583248041353e-23, nan 
-38.375, 84.625, 2.0835467584251273e-23, nan 
-38.125, 84.625, 2.1478655568116324e-23, nan 
-37.875, 84.625, 2.2210059027860957e-23, nan 
-37.625, 84.625, 2.425347332388056e-23, nan 
-37.375, 84.625, 2.4464035146355903e-23, nan 
-37.125, 84.625, 2.4513555372022792e-23, nan 
-36.875, 84.625, 2.5124281887616047e-23, nan 
-36.625, 84.625, 2.750007541281296e-23, nan 
-36.375, 84.625, 2.793511679286786e-23, nan 
-36.125, 84.625, 2.752636819054199e-23, nan 
-35.875, 84.625, 2.526684807627931e-23, nan 
-35.625, 84.625, 2.1891614302147815e-23, nan 
-35.375, 84.625, 2.0238832008925038e-23, nan 
-35.125, 84.625, 1.8771199174561722e-23, nan 
-34.875, 84.625, 2.0428104784386637e-23, nan 
-34.625, 84.625, 2.071115876324962e-23, nan 
-34.375, 84.625, 2.1161006650511493e-23, nan 
-34.125, 84.625, 2.0385765704371337e-23, nan 
-33.875, 84.625, 1.8408732654123305e-23, nan 
-33.625, 84.625, 1.7049545919330082e-23, nan 
-33.375, 84.625, 1.849489977033834e-23, nan 
-33.125, 84.625, 1.7862019719928038e-23, nan 
-32.875, 84.625, 1.7482416807457125e-23, nan 
-32.625, 84.625, 1.614903772213898e-23, nan 
-32.375, 84.625, 1.5881902885914998e-23, nan 
-32.125, 84.625, 1.548811189606174e-23, nan 
-31.875, 84.625, 1.6251449350067291e-23, nan 
-31.625, 84.625, 1.635761264424763e-23, nan 
-31.375, 84.625, 1.7170594671727385e-23, nan 
-31.125, 84.625, 1.6035431507363756e-23, nan 
-30.875, 84.625, 1.64492476479767e-23, nan 
-30.625, 84.625, 1.6700315980193307e-23, nan 
-30.375, 84.625, 1.5278090212847077e-23, nan 
-30.125, 84.625, 1.571207255463787e-23, nan 
-29.875, 84.625, 1.6832852832288275e-23, nan 
-29.625, 84.625, 1.6855848073702162e-23, nan 
-29.375, 84.625, 1.7420026801507388e-23, nan 
-29.125, 84.625, 1.7999944854137483e-23, nan 
-28.875, 84.625, 1.6044219685961734e-23, nan 
-28.625, 84.625, 1.4821247188992974e-23, nan 
-28.375, 84.625, 1.3610630106536882e-23, nan 
-28.125, 84.625, 1.2416852560763498e-23, nan 
-27.875, 84.625, 1.3129513482071085e-23, nan 
-27.625, 84.625, 1.4477608690141855e-23, nan 
-27.375, 84.625, 1.3117236405146416e-23, nan 
-27.125, 84.625, 1.3362768904059648e-23, nan 
-26.875, 84.625, 1.3872538504151422e-23, nan 
-26.625, 84.625, 1.4650807429886657e-23, nan 
-26.375, 84.625, 1.5450218359438778e-23, nan 
-26.125, 84.625, 1.3384095371574488e-23, nan 
-25.875, 84.625, 1.1380645142981062e-23, nan 
-25.625, 84.625, 1.0441981566038278e-23, nan 
-25.375, 84.625, 1.1028048914260171e-23, nan 
-25.125, 84.625, 1.1581007146000784e-23, nan 
-24.875, 84.625, 1.0640177874275748e-23, nan 
-24.625, 84.625, 1.0239873709142122e-23, nan 
-24.375, 84.625, 9.935521190242553e-24, nan 
-24.125, 84.625, 1.0129216205361143e-23, nan 
-23.875, 84.625, 1.1971964509956249e-23, nan 
-23.625, 84.625, 1.4898928657390244e-23, nan 
-23.375, 84.625, 1.365938737101262e-23, nan 
-23.125, 84.625, 1.488726639006983e-23, nan 
-22.875, 84.625, 1.5502063523687664e-23, nan 
-22.625, 84.625, 1.5555465259119248e-23, nan 
-22.375, 84.625, 1.419474551596527e-23, nan 
-22.125, 84.625, 1.2902329183530034e-23, nan 
-21.875, 84.625, 1.3316148539633307e-23, nan 
-21.625, 84.625, 1.4663639269603023e-23, nan 
-21.375, 84.625, 1.7505102985019025e-23, nan 
-21.125, 84.625, 1.7463988095711294e-23, nan 
-20.875, 84.625, 1.6142193875112993e-23, nan 
-20.625, 84.625, 1.4745400604952522e-23, nan 
-20.375, 84.625, 1.3251320424444902e-23, nan 
-20.125, 84.625, 1.2731052699144733e-23, nan 
-19.875, 84.625, 1.3713013396041356e-23, nan 
-19.625, 84.625, 1.826589989982355e-23, nan 
-19.375, 84.625, 2.029285853801504e-23, nan 
-19.125, 84.625, 2.1291549653465422e-23, nan 
-18.875, 84.625, 2.3198770630488034e-23, nan 
-18.625, 84.625, 2.4939693924455235e-23, nan 
-18.375, 84.625, 2.636244764374041e-23, nan 
-18.125, 84.625, 2.814760304324607e-23, nan 
-17.875, 84.625, 2.962531268727585e-23, nan 
-17.625, 84.625, 2.9849913160524877e-23, nan 
-17.375, 84.625, 3.0638447226554865e-23, nan 
-17.125, 84.625, 2.8410843026392616e-23, nan 
-16.875, 84.625, 2.8629765316523995e-23, nan 
-16.625, 84.625, 2.540222835041753e-23, nan 
-16.375, 84.625, 2.662462424853468e-23, nan 
-16.125, 84.625, 2.777944117284012e-23, nan 
-15.875, 84.625, 2.9389031509194e-23, nan 
-15.625, 84.625, 3.0372465008615976e-23, nan 
-15.375, 84.625, 3.1725827923736044e-23, nan 
-15.125, 84.625, 3.292257614617287e-23, nan 
-14.875, 84.625, 3.3123306691535367e-23, nan 
-14.625, 84.625, 3.370617048553487e-23, nan 
-14.375, 84.625, 2.764970338676766e-23, nan 
-14.125, 84.625, 2.1322500298131312e-23, nan 
-13.875, 84.625, 1.888586935891395e-23, nan 
-13.625, 84.625, 1.795697147332877e-23, nan 
-13.375, 84.625, 1.676851759314379e-23, nan 
-13.125, 84.625, 1.5777336482685327e-23, nan 
-12.875, 84.625, 1.549148364143705e-23, nan 
-12.625, 84.625, 1.479062127087026e-23, nan 
-12.375, 84.625, 1.421882701349769e-23, nan 
-12.125, 84.625, 1.3939721374776936e-23, nan 
-11.875, 84.625, 1.3168770339733448e-23, nan 
-11.625, 84.625, 1.2351611269872933e-23, nan 
-11.375, 84.625, 1.224374154718108e-23, nan 
-11.125, 84.625, 1.2141637026314528e-23, nan 
-10.875, 84.625, 1.230366292595305e-23, nan 
-10.625, 84.625, 1.2734138722810536e-23, nan 
-10.375, 84.625, 1.267378214138371e-23, nan 
-10.125, 84.625, 1.2812850339325867e-23, nan 
-9.875, 84.625, 1.3058929970965992e-23, nan 
-9.625, 84.625, 1.441674035982699e-23, nan 
-9.375, 84.625, 1.5340920733519818e-23, nan 
-9.125, 84.625, 1.5994538372563765e-23, nan 
-8.875, 84.625, 1.6067931402934588e-23, nan 
-8.625, 84.625, 1.4493356241821002e-23, nan 
-8.375, 84.625, 1.52219795145198e-23, nan 
-8.125, 84.625, 1.4279353521299817e-23, nan 
-7.875, 84.625, 1.5632496700211508e-23, nan 
-7.625, 84.625, 1.3818275532198015e-23, nan 
-7.375, 84.625, 1.4301640533777687e-23, nan 
-7.125, 84.625, 1.5459141533764518e-23, nan 
-6.875, 84.625, 1.7577302961045582e-23, nan 
-6.625, 84.625, 1.8975291545425272e-23, nan 
-6.375, 84.625, 1.9492711612940757e-23, nan 
-6.125, 84.625, 1.9200353847562908e-23, nan 
-5.875, 84.625, 1.9186347381364028e-23, nan 
-5.625, 84.625, 2.0073495313732913e-23, nan 
-5.375, 84.625, 2.1747727608610354e-23, nan 
-5.125, 84.625, 2.2646088443793626e-23, nan 
-4.875, 84.625, 2.377075811035257e-23, nan 
-4.625, 84.625, 2.4491645655874952e-23, nan 
-4.375, 84.625, 2.534055630002041e-23, nan 
-4.125, 84.625, 2.6469360820398746e-23, nan 
-3.875, 84.625, 2.68539946728377e-23, nan 
-3.625, 84.625, 2.7707808814011065e-23, nan 
-3.375, 84.625, 2.7065667364281586e-23, nan 
-3.125, 84.625, 2.676174481839292e-23, nan 
-2.875, 84.625, 2.663757362969226e-23, nan 
-2.625, 84.625, 2.8035032448328005e-23, nan 
-2.375, 84.625, 2.9782861605449185e-23, nan 
-2.125, 84.625, 3.21358121873798e-23, nan 
-1.875, 84.625, 3.3646032284061475e-23, nan 
-1.625, 84.625, 3.584227394358137e-23, nan 
-1.375, 84.625, 3.66160410028266e-23, nan 
-1.125, 84.625, 3.7780991275609315e-23, nan 
-0.875, 84.625, 3.938568125346162e-23, nan 
-0.625, 84.625, 3.8747511868487954e-23, nan 
-0.375, 84.625, 3.6774419079162336e-23, nan 
-0.125, 84.625, 3.4966149057086985e-23, nan 
0.125, 84.625, 3.3588566493416115e-23, nan 
0.375, 84.625, 3.4840355541331726e-23, nan 
0.625, 84.625, 3.63974239528378e-23, nan 
0.875, 84.625, 3.6866024228437886e-23, nan 
1.125, 84.625, 5.534820667196078e-23, nan 
1.375, 84.625, 6.777069649301346e-23, nan 
1.625, 84.625, 7.002915688499339e-23, nan 
1.875, 84.625, 7.128568958139236e-23, nan 
2.125, 84.625, 7.435405260273432e-23, nan 
2.375, 84.625, 7.532113407672013e-23, nan 
2.625, 84.625, 7.766345756224894e-23, nan 
2.875, 84.625, 7.727605092204462e-23, nan 
3.125, 84.625, 7.959282198990824e-23, nan 
3.375, 84.625, 8.199652617627791e-23, nan 
3.625, 84.625, 1.1390101537143382e-22, nan 
3.875, 84.625, 7.038360324504692e-23, nan 
4.125, 84.625, 7.052055671076903e-23, nan 
4.375, 84.625, 7.307562440029659e-23, nan 
4.625, 84.625, 7.70077553892422e-23, nan 
4.875, 84.625, 7.992335588734978e-23, nan 
5.125, 84.625, 8.12777229593712e-23, nan 
5.375, 84.625, 8.17592079238951e-23, nan 
5.625, 84.625, 8.208901199199754e-23, nan 
5.875, 84.625, 8.349969025682476e-23, nan 
6.125, 84.625, 8.469605803879915e-23, nan 
6.375, 84.625, 8.390644393379718e-23, nan 
6.625, 84.625, 4.367583373762057e-23, nan 
6.875, 84.625, 3.1329190769906417e-23, nan 
7.125, 84.625, 2.8605694714091507e-23, nan 
7.375, 84.625, 2.9297280400505484e-23, nan 
7.625, 84.625, 2.7630784841349115e-23, nan 
7.875, 84.625, 2.889440750607338e-23, nan 
8.125, 84.625, 2.9499723966335345e-23, nan 
8.375, 84.625, 2.924542735659672e-23, nan 
8.625, 84.625, 2.6909560601441905e-23, nan 
8.875, 84.625, 2.6397107867429963e-23, nan 
9.125, 84.625, 2.430118346442486e-23, nan 
9.375, 84.625, 1.9942888871674145e-23, nan 
9.625, 84.625, 1.870847128279412e-23, nan 
9.875, 84.625, 1.6283779079597003e-23, nan 
10.125, 84.625, 1.1755484593717403e-23, nan 
10.375, 84.625, 1.4090008897363535e-23, nan 
10.625, 84.625, 8.588273034321019e-24, nan 
10.875, 84.625, 7.679602254299522e-24, nan 
11.125, 84.625, 1.0936631619892252e-23, nan 
11.375, 84.625, 1.2398537030779142e-23, nan 
11.625, 84.625, 1.3729587155306497e-23, nan 
11.875, 84.625, 1.43252618266873e-23, nan 
12.125, 84.625, 1.3350062136069858e-23, nan 
12.375, 84.625, 1.3098368913813786e-23, nan 
12.625, 84.625, 1.2709480098456963e-23, nan 
12.875, 84.625, 1.2219873062067115e-23, nan 
13.125, 84.625, 1.1674781906167087e-23, nan 
13.375, 84.625, 1.2043055023006612e-23, nan 
13.625, 84.625, 1.4038240240664777e-23, nan 
13.875, 84.625, 1.502416491200718e-23, nan 
14.125, 84.625, 1.9958923706157437e-23, nan 
14.375, 84.625, 2.7103425897290595e-23, nan 
14.625, 84.625, 2.652324786577215e-23, nan 
14.875, 84.625, 2.6456739492891783e-23, nan 
15.125, 84.625, 2.982082550899535e-23, nan 
15.375, 84.625, 3.0206942893135886e-23, nan 
15.625, 84.625, 2.7507407867566014e-23, nan 
15.875, 84.625, 3.3783653179595e-23, nan 
16.125, 84.625, 4.256753913199849e-23, nan 
16.375, 84.625, 4.254300308132829e-23, nan 
16.625, 84.625, 3.650598466125895e-23, nan 
16.875, 84.625, 3.0183725317147196e-23, nan 
17.125, 84.625, 3.147667062044943e-23, nan 
17.375, 84.625, 3.217334726549837e-23, nan 
17.625, 84.625, 2.802209277391018e-23, nan 
17.875, 84.625, 2.7738964540776934e-23, nan 
18.125, 84.625, 2.7609041199409546e-23, nan 
18.375, 84.625, 2.606223476131129e-23, nan 
18.625, 84.625, 2.6663506138775154e-23, nan 
18.875, 84.625, 2.94014136016412e-23, nan 
19.125, 84.625, 3.0418500279704723e-23, nan 
19.375, 84.625, 2.7167133522973605e-23, nan 
19.625, 84.625, 2.405445311543703e-23, nan 
19.875, 84.625, 2.439882556492935e-23, nan 
20.125, 84.625, 2.4605824456802854e-23, nan 
20.375, 84.625, 1.9496295037489562e-23, nan 
20.625, 84.625, 1.4845012901762975e-23, nan 
20.875, 84.625, 1.2845878270412395e-23, nan 
21.125, 84.625, 1.2355975924288325e-23, nan 
21.375, 84.625, 1.166603535282272e-23, nan 
21.625, 84.625, 1.1617598809750871e-23, nan 
21.875, 84.625, 1.1524793323248957e-23, nan 
22.125, 84.625, 1.0697567143579353e-23, nan 
22.375, 84.625, 9.817660510667352e-24, nan 
22.625, 84.625, 8.930189640347105e-24, nan 
22.875, 84.625, 8.073071282478585e-24, nan 
23.125, 84.625, 7.922191981731203e-24, nan 
23.375, 84.625, 7.551637611055245e-24, nan 
23.625, 84.625, 7.414121189176926e-24, nan 
23.875, 84.625, 6.695584604259424e-24, nan 
24.125, 84.625, 6.608437955836355e-24, nan 
24.375, 84.625, 6.23532306376516e-24, nan 
24.625, 84.625, 5.883219585132979e-24, nan 
24.875, 84.625, 5.451789439919228e-24, nan 
25.125, 84.625, 5.2303370231969784e-24, nan 
25.375, 84.625, 5.0349973514419596e-24, nan 
25.625, 84.625, 4.759881178977654e-24, nan 
25.875, 84.625, 4.47922390667081e-24, nan 
26.125, 84.625, 4.214729380214989e-24, nan 
26.375, 84.625, 4.2357069116547685e-24, nan 
26.625, 84.625, 4.068523332563709e-24, nan 
26.875, 84.625, 4.014284223342135e-24, nan 
27.125, 84.625, 3.793284616583146e-24, nan 
27.375, 84.625, 3.734046720678935e-24, nan 
27.625, 84.625, 3.77628626399696e-24, nan 
27.875, 84.625, 3.77569358628291e-24, nan 
28.125, 84.625, 3.8873838083382786e-24, nan 
28.375, 84.625, 4.233548541030743e-24, nan 
28.625, 84.625, 4.313376798366741e-24, nan 
28.875, 84.625, 4.0604828109102594e-24, nan 
29.125, 84.625, 4.084347013085087e-24, nan 
29.375, 84.625, 4.2490661309266054e-24, nan 
29.625, 84.625, 4.4526560436655474e-24, nan 
29.875, 84.625, 4.4025651125384586e-24, nan 
30.125, 84.625, 4.756313653087571e-24, nan 
30.375, 84.625, 5.330222823301893e-24, nan 
30.625, 84.625, 5.787547870213598e-24, nan 
30.875, 84.625, 6.152255283314381e-24, nan 
31.125, 84.625, 6.41690772265063e-24, nan 
31.375, 84.625, 6.65536058002808e-24, nan 
31.625, 84.625, 7.104467488799624e-24, nan 
31.875, 84.625, 7.288319745955872e-24, nan 
32.125, 84.625, 7.405673377632695e-24, nan 
32.375, 84.625, 7.540042960780781e-24, nan 
32.625, 84.625, 7.679699286368965e-24, nan 
32.875, 84.625, 7.664936559889054e-24, nan 
33.125, 84.625, 7.847363793884614e-24, nan 
33.375, 84.625, 8.140406011896671e-24, nan 
33.625, 84.625, 8.441975041439363e-24, nan 
33.875, 84.625, 8.515414206645937e-24, nan 
34.125, 84.625, 8.307912263729172e-24, nan 
34.375, 84.625, 8.290847202205254e-24, nan 
34.625, 84.625, 8.244669789855759e-24, nan 
34.875, 84.625, 8.246302262826373e-24, nan 
35.125, 84.625, 8.064759584042783e-24, nan 
35.375, 84.625, 8.167118247641691e-24, nan 
35.625, 84.625, 7.902360149547456e-24, nan 
35.875, 84.625, 7.685863997788173e-24, nan 
36.125, 84.625, 7.691896903456773e-24, nan 
36.375, 84.625, 7.361468321806484e-24, nan 
36.625, 84.625, 7.252291437275342e-24, nan 
36.875, 84.625, 7.083886530542167e-24, nan 
37.125, 84.625, 6.915013694918759e-24, nan 
37.375, 84.625, 6.911886959469338e-24, nan 
37.625, 84.625, 6.811413501585239e-24, nan 
37.875, 84.625, 6.864893155294118e-24, nan 
38.125, 84.625, 6.808398162386667e-24, nan 
38.375, 84.625, 6.791097468674508e-24, nan 
38.625, 84.625, 6.882784204891109e-24, nan 
38.875, 84.625, 6.73572390042921e-24, nan 
39.125, 84.625, 6.544651340505737e-24, nan 
39.375, 84.625, 6.444734411917208e-24, nan 
39.625, 84.625, 6.647428212695614e-24, nan 
39.875, 84.625, 6.922582871148163e-24, nan 
40.125, 84.625, 6.879804708944692e-24, nan 
40.375, 84.625, 6.985968064334447e-24, nan 
40.625, 84.625, 7.09399551214312e-24, nan 
40.875, 84.625, 7.131296002827674e-24, nan 
41.125, 84.625, 7.268838517754805e-24, nan 
41.375, 84.625, 7.288553762965659e-24, nan 
41.625, 84.625, 7.224363538503465e-24, nan 
41.875, 84.625, 7.16819271090052e-24, nan 
42.125, 84.625, 7.550114797609572e-24, nan 
42.375, 84.625, 7.986422867825637e-24, nan 
42.625, 84.625, 8.409720465695295e-24, nan 
42.875, 84.625, 8.880212872464602e-24, nan 
43.125, 84.625, 8.88116661754304e-24, nan 
43.375, 84.625, 8.385712902792014e-24, nan 
43.625, 84.625, 7.94613252687339e-24, nan 
43.875, 84.625, 7.93114332595062e-24, nan 
44.125, 84.625, 8.609311280715778e-24, nan 
44.375, 84.625, 9.15237522786194e-24, nan 
44.625, 84.625, 9.371186458531805e-24, nan 
44.875, 84.625, 9.368334925698091e-24, nan 
45.125, 84.625, 9.476954951036206e-24, nan 
45.375, 84.625, 9.672124007164562e-24, nan 
45.625, 84.625, 9.881144111154012e-24, nan 
45.875, 84.625, 9.895060180359352e-24, nan 
46.125, 84.625, 1.0284351762805077e-23, nan 
46.375, 84.625, 1.0413327520558965e-23, nan 
46.625, 84.625, 1.0945661966035256e-23, nan 
46.875, 84.625, 1.1044940670401881e-23, nan 
47.125, 84.625, 1.1676283969157821e-23, nan 
47.375, 84.625, 1.164279173625798e-23, nan 
47.625, 84.625, 1.1233416003642211e-23, nan 
47.875, 84.625, 1.1605376776214929e-23, nan 
48.125, 84.625, 1.175531159435986e-23, nan 
48.375, 84.625, 1.2299216449461954e-23, nan 
48.625, 84.625, 1.30247050296451e-23, nan 
48.875, 84.625, 1.3781343942022427e-23, nan 
49.125, 84.625, 1.3600923997901499e-23, nan 
49.375, 84.625, 1.383976059619682e-23, nan 
49.625, 84.625, 1.3902543715412225e-23, nan 
49.875, 84.625, 1.4661010915125685e-23, nan 
50.125, 84.625, 1.5598665421635093e-23, nan 
50.375, 84.625, 1.585237892873811e-23, nan 
50.625, 84.625, 1.656175951213186e-23, nan 
50.875, 84.625, 1.6635602399311326e-23, nan 
51.125, 84.625, 1.716995899284653e-23, nan 
51.375, 84.625, 1.7326336313487374e-23, nan 
51.625, 84.625, 1.7894250700904714e-23, nan 
51.875, 84.625, 1.8049774689361065e-23, nan 
52.125, 84.625, 1.744049408709477e-23, nan 
52.375, 84.625, 1.75532298515528e-23, nan 
52.625, 84.625, 1.7349360792332067e-23, nan 
52.875, 84.625, 1.769796311234869e-23, nan 
53.125, 84.625, 1.8884928325381052e-23, nan 
53.375, 84.625, 1.8460965244595343e-23, nan 
53.625, 84.625, 1.782769805845176e-23, nan 
53.875, 84.625, 1.7799474656725953e-23, nan 
54.125, 84.625, 1.8169783494535058e-23, nan 
54.375, 84.625, 1.870068425316947e-23, nan 
54.625, 84.625, 1.9314088667921816e-23, nan 
54.875, 84.625, 1.931641975050596e-23, nan 
55.125, 84.625, 2.0333655829841415e-23, nan 
55.375, 84.625, 1.999534467748127e-23, nan 
55.625, 84.625, 1.8975944883035092e-23, nan 
55.875, 84.625, 1.774931380405178e-23, nan 
56.125, 84.625, 1.6428844938713532e-23, nan 
56.375, 84.625, 1.6799993404929475e-23, nan 
56.625, 84.625, 1.7817491672870623e-23, nan 
56.875, 84.625, 1.7715749082817845e-23, nan 
57.125, 84.625, 1.710186695002023e-23, nan 
57.375, 84.625, 1.7043828126594956e-23, nan 
57.625, 84.625, 1.6954912169371443e-23, nan 
57.875, 84.625, 1.7668416063057902e-23, nan 
58.125, 84.625, 1.7623160424518406e-23, nan 
58.375, 84.625, 1.822031170327561e-23, nan 
58.625, 84.625, 1.759236469723304e-23, nan 
58.875, 84.625, 1.7428343687423127e-23, nan 
59.125, 84.625, 1.769702790691315e-23, nan 
59.375, 84.625, 1.7168587987005818e-23, nan 
59.625, 84.625, 1.7178720799396958e-23, nan 
59.875, 84.625, 1.7991429428544847e-23, nan 
60.125, 84.625, 1.7959826908748156e-23, nan 
60.375, 84.625, 1.7824945983357626e-23, nan 
60.625, 84.625, 1.825964772826928e-23, nan 
60.875, 84.625, 1.9583693430067562e-23, nan 
61.125, 84.625, 2.072971611722451e-23, nan 
61.375, 84.625, 2.0342681877548767e-23, nan 
61.625, 84.625, 1.97091858338874e-23, nan 
61.875, 84.625, 2.063336575548808e-23, nan 
62.125, 84.625, 2.1420004880782678e-23, nan 
62.375, 84.625, 2.1637384789188533e-23, nan 
62.625, 84.625, 2.294440551861177e-23, nan 
62.875, 84.625, 2.2969813721884783e-23, nan 
63.125, 84.625, 2.3737151659714597e-23, nan 
63.375, 84.625, 2.4993666470444872e-23, nan 
63.625, 84.625, 2.5431711134406768e-23, nan 
63.875, 84.625, 2.6667345321796605e-23, nan 
64.125, 84.625, 2.7561914762733837e-23, nan 
64.375, 84.625, 2.7703116314196965e-23, nan 
64.625, 84.625, 2.8646949698692703e-23, nan 
64.875, 84.625, 2.8618876751829e-23, nan 
65.125, 84.625, 2.945227442537534e-23, nan 
65.375, 84.625, 3.0354879729803635e-23, nan 
65.625, 84.625, 3.2337198811106614e-23, nan 
65.875, 84.625, 2.9590267003193986e-23, nan 
66.125, 84.625, 2.843641157179262e-23, nan 
66.375, 84.625, 2.835962385403986e-23, nan 
66.625, 84.625, 3.0648756778945715e-23, nan 
66.875, 84.625, 3.199871135632058e-23, nan 
67.125, 84.625, 3.0706081767009767e-23, nan 
67.375, 84.625, 3.134878241237853e-23, nan 
67.625, 84.625, 3.393594223458093e-23, nan 
67.875, 84.625, 3.447465712604842e-23, nan 
68.125, 84.625, 3.178078959791191e-23, nan 
68.375, 84.625, 2.7911128259612655e-23, nan 
68.625, 84.625, 2.5626429235465836e-23, nan 
68.875, 84.625, 2.476856729208422e-23, nan 
69.125, 84.625, 2.8276903263969465e-23, nan 
69.375, 84.625, 2.6070175747169627e-23, nan 
69.625, 84.625, 2.5231792743734245e-23, nan 
69.875, 84.625, 2.43370898861696e-23, nan 
70.125, 84.625, 2.5609638852318714e-23, nan 
70.375, 84.625, 2.492014187504264e-23, nan 
70.625, 84.625, 2.525657564769957e-23, nan 
70.875, 84.625, 2.3736045662210893e-23, nan 
71.125, 84.625, 2.548885887309369e-23, nan 
71.375, 84.625, 2.681417886693552e-23, nan 
71.625, 84.625, 2.983119414273129e-23, nan 
71.875, 84.625, 3.4802463292407844e-23, nan 
72.125, 84.625, 3.6702446400523374e-23, nan 
72.375, 84.625, 3.353376311135323e-23, nan 
72.625, 84.625, 2.97948994429048e-23, nan 
72.875, 84.625, 2.80128287784752e-23, nan 
73.125, 84.625, 3.082316036432253e-23, nan 
73.375, 84.625, 3.692574716507976e-23, nan 
73.625, 84.625, 3.8963633991697574e-23, nan 
73.875, 84.625, 3.892439583735095e-23, nan 
74.125, 84.625, 3.875971502301473e-23, nan 
74.375, 84.625, 3.910293521436412e-23, nan 
74.625, 84.625, 3.8649739975774977e-23, nan 
74.875, 84.625, 3.7999683304708326e-23, nan 
75.125, 84.625, 3.908025124490366e-23, nan 
75.375, 84.625, 4.051402845133448e-23, nan 
75.625, 84.625, 4.247792841668243e-23, nan 
75.875, 84.625, 4.591874923385662e-23, nan 
76.125, 84.625, 4.8352051597365965e-23, nan 
76.375, 84.625, 4.9933722678582546e-23, nan 
76.625, 84.625, 4.9145384910389675e-23, nan 
76.875, 84.625, 4.807964768318962e-23, nan 
77.125, 84.625, 5.1555346478469585e-23, nan 
77.375, 84.625, 5.249076659634647e-23, nan 
77.625, 84.625, 5.218061479694831e-23, nan 
77.875, 84.625, 5.430435558663147e-23, nan 
78.125, 84.625, 5.531579213977e-23, nan 
78.375, 84.625, 5.5552535060669e-23, nan 
78.625, 84.625, 5.859972151027404e-23, nan 
78.875, 84.625, 6.046996178499238e-23, nan 
79.125, 84.625, 5.52983157955181e-23, nan 
79.375, 84.625, 5.483236199554455e-23, nan 
79.625, 84.625, 6.388234584191669e-23, nan 
79.875, 84.625, 7.967891536570093e-23, nan 
80.125, 84.625, 7.883446313280337e-23, nan 
80.375, 84.625, 7.561469003177355e-23, nan 
80.625, 84.625, 7.956898244602994e-23, nan 
80.875, 84.625, 7.894849708663653e-23, nan 
81.125, 84.625, 8.542131928076007e-23, nan 
81.375, 84.625, 8.810148186411198e-23, nan 
81.625, 84.625, 9.64974504911746e-23, nan 
81.875, 84.625, 7.264695875902243e-23, nan 
82.125, 84.625, 4.941065905944e-23, nan 
82.375, 84.625, 5.061038413352112e-23, nan 
82.625, 84.625, 6.166429836949403e-23, nan 
82.875, 84.625, 6.516279661295451e-23, nan 
83.125, 84.625, 6.714878442147194e-23, nan 
83.375, 84.625, 7.058137559203775e-23, nan 
83.625, 84.625, 7.466980904473293e-23, nan 
83.875, 84.625, 8.207151383883016e-23, nan 
84.125, 84.625, 8.614977687160648e-23, nan 
84.375, 84.625, 8.825304608934673e-23, nan 
84.625, 84.625, 8.79037678534085e-23, nan 
84.875, 84.625, 9.049533856137332e-23, nan 
85.125, 84.625, 8.778957261944655e-23, nan 
85.375, 84.625, 8.177281306639228e-23, nan 
85.625, 84.625, 7.030441220492089e-23, nan 
85.875, 84.625, 7.213164415337232e-23, nan 
86.125, 84.625, 5.916181460370902e-23, nan 
86.375, 84.625, 5.042712782657653e-23, nan 
86.625, 84.625, 4.835233442133698e-23, nan 
86.875, 84.625, 4.6742730213414755e-23, nan 
87.125, 84.625, 4.8353360407719636e-23, nan 
87.375, 84.625, 4.392636872127706e-23, nan 
87.625, 84.625, 4.439741393146935e-23, nan 
87.875, 84.625, 4.4265264837181e-23, nan 
88.125, 84.625, 4.6275117891112107e-23, nan 
88.375, 84.625, 4.433442151724908e-23, nan 
88.625, 84.625, 4.24171566620859e-23, nan 
88.875, 84.625, 4.274576000409e-23, nan 
89.125, 84.625, 3.9818146647509243e-23, nan 
89.375, 84.625, 3.621907181995358e-23, nan 
89.625, 84.625, 3.3136196882376813e-23, nan 
89.875, 84.625, 3.3001658425487265e-23, nan 
90.125, 84.625, 4.012877351177219e-23, nan 
90.375, 84.625, 5.583596916643951e-23, nan 
90.625, 84.625, 6.663936423011283e-23, nan 
90.875, 84.625, 6.341833176408764e-23, nan 
91.125, 84.625, 6.571593479462425e-23, nan 
91.375, 84.625, 6.150281921307838e-23, nan 
91.625, 84.625, 7.147853251657852e-23, nan 
91.875, 84.625, 6.670643438095266e-23, nan 
92.125, 84.625, 6.61420034205061e-23, nan 
92.375, 84.625, 7.19760163266974e-23, nan 
92.625, 84.625, 7.657635693553802e-23, nan 
92.875, 84.625, 8.205012499795678e-23, nan 
93.125, 84.625, 8.883588266610987e-23, nan 
93.375, 84.625, 9.411319238112645e-23, nan 
93.625, 84.625, 9.021638373842194e-23, nan 
93.875, 84.625, 9.294339198570007e-23, nan 
94.125, 84.625, 9.901317496733924e-23, nan 
94.375, 84.625, 1.0424638556306141e-22, nan 
94.625, 84.625, 1.0377457296089174e-22, nan 
94.875, 84.625, 1.0607162994392443e-22, nan 
95.125, 84.625, 1.1407600288015606e-22, nan 
95.375, 84.625, 1.200115243422479e-22, nan 
95.625, 84.625, 1.4786786443919108e-22, nan 
95.875, 84.625, 1.6339337371633946e-22, nan 
96.125, 84.625, 1.8928702014580627e-22, nan 
96.375, 84.625, 2.1010398480805623e-22, nan 
96.625, 84.625, 2.170812551897683e-22, nan 
96.875, 84.625, 2.5338518134269604e-22, nan 
97.125, 84.625, 2.944268274846465e-22, nan 
97.375, 84.625, 3.1301822047384267e-22, nan 
97.625, 84.625, 2.731082447076621e-22, nan 
97.875, 84.625, 1.3468547017630508e-22, nan 
98.125, 84.625, 1.5180959453994064e-22, nan 
98.375, 84.625, 3.086561389062017e-22, nan 
98.625, 84.625, 2.2587546460085875e-22, nan 
98.875, 84.625, 2.0034993937675605e-22, nan 
99.125, 84.625, 2.1346353295589056e-22, nan 
99.375, 84.625, 2.1982606451737816e-22, nan 
99.625, 84.625, 2.4745416152195502e-22, nan 
99.875, 84.625, 2.2847551799495555e-22, nan 
100.125, 84.625, 2.4270124942970008e-22, nan 
100.375, 84.625, 2.4015327466444847e-22, nan 
100.625, 84.625, 2.552634599345788e-22, nan 
100.875, 84.625, 2.899722670127922e-22, nan 
101.125, 84.625, 2.7799622302148745e-22, nan 
101.375, 84.625, 3.0699364693324606e-22, nan 
101.625, 84.625, 2.857084336440497e-22, nan 
101.875, 84.625, 2.6888069253382324e-22, nan 
102.125, 84.625, 2.840352636240516e-22, nan 
102.375, 84.625, 2.2599104486302323e-22, nan 
102.625, 84.625, 3.4316754921549075e-22, nan 
102.875, 84.625, 3.917731198811048e-22, nan 
103.125, 84.625, 4.2320604427774276e-22, nan 
103.375, 84.625, 3.7927633273000486e-22, nan 
103.625, 84.625, 3.7272788461352963e-22, nan 
103.875, 84.625, 4.628536097435207e-22, nan 
104.125, 84.625, 4.532151253395529e-22, nan 
104.375, 84.625, 3.7444230884276255e-22, nan 
104.625, 84.625, 5.249183928414795e-22, nan 
104.875, 84.625, 7.403339028178395e-22, nan 
105.125, 84.625, 4.667821436068446e-22, nan 
105.375, 84.625, 6.617666300140601e-22, nan 
105.625, 84.625, 7.821446489843276e-22, nan 
105.875, 84.625, 8.634370706403966e-22, nan 
106.125, 84.625, 7.753684310389314e-22, nan 
106.375, 84.625, 6.8681904898613e-22, nan 
106.625, 84.625, 6.3546246642441045e-22, nan 
106.875, 84.625, 5.993367312462796e-22, nan 
107.125, 84.625, 4.874857510979917e-22, nan 
107.375, 84.625, 3.2332471292028685e-22, nan 
107.625, 84.625, 3.6966900008984985e-22, nan 
107.875, 84.625, 2.3347905275932574e-22, nan 
108.125, 84.625, 1.7826606407844553e-22, nan 
108.375, 84.625, 2.543780852264037e-22, nan 
108.625, 84.625, 2.8931585901699393e-22, nan 
108.875, 84.625, 2.8031929166115756e-22, nan 
109.125, 84.625, 2.746613551202863e-22, nan 
109.375, 84.625, 2.8309200645352725e-22, nan 
109.625, 84.625, 2.931892824708105e-22, nan 
109.875, 84.625, 3.1298082334721526e-22, nan 
110.125, 84.625, 3.248068091760705e-22, nan 
110.375, 84.625, 3.225327888291161e-22, nan 
110.625, 84.625, 3.360949640957772e-22, nan 
110.875, 84.625, 3.6978943201880203e-22, nan 
111.125, 84.625, 3.8151728653263936e-22, nan 
111.375, 84.625, 3.7204874798334326e-22, nan 
111.625, 84.625, 3.696321295208374e-22, nan 
111.875, 84.625, 3.553793584010267e-22, nan 
112.125, 84.625, 3.6524691045510882e-22, nan 
112.375, 84.625, 4.160915084776812e-22, nan 
112.625, 84.625, 4.321240640594929e-22, nan 
112.875, 84.625, 4.450321129850795e-22, nan 
113.125, 84.625, 5.292457428689826e-22, nan 
113.375, 84.625, 6.046769703350823e-22, nan 
113.625, 84.625, 5.6865141129385885e-22, nan 
113.875, 84.625, 5.664803081455388e-22, nan 
114.125, 84.625, 5.973803711032148e-22, nan 
114.375, 84.625, 5.460390805461716e-22, nan 
114.625, 84.625, 5.159960727613682e-22, nan 
114.875, 84.625, 5.211929754685362e-22, nan 
115.125, 84.625, 3.3405320743328764e-22, nan 
115.375, 84.625, 3.399072736724898e-22, nan 
115.625, 84.625, 4.08482550766976e-22, nan 
115.875, 84.625, 5.774779732879757e-22, nan 
116.125, 84.625, 7.238377103637367e-22, nan 
116.375, 84.625, 8.058997281208284e-22, nan 
116.625, 84.625, 9.44717291349805e-22, nan 
116.875, 84.625, 9.945871402221692e-22, nan 
117.125, 84.625, 9.660020891632561e-22, nan 
117.375, 84.625, 9.89407099905237e-22, nan 
117.625, 84.625, 1.0252068432020322e-21, nan 
117.875, 84.625, 6.53837407732006e-22, nan 
118.125, 84.625, 5.496761036186947e-22, nan 
118.375, 84.625, 6.312516685471612e-22, nan 
118.625, 84.625, 6.445833855738881e-22, nan 
118.875, 84.625, 5.968110323896628e-22, nan 
119.125, 84.625, 5.493806692990992e-22, nan 
119.375, 84.625, 5.947272366274631e-22, nan 
119.625, 84.625, 5.757558295539094e-22, nan 
119.875, 84.625, 5.447719621547551e-22, nan 
120.125, 84.625, 5.287602352846074e-22, nan 
120.375, 84.625, 5.371530031691424e-22, nan 
120.625, 84.625, 4.1581405722030996e-22, nan 
120.875, 84.625, 4.877379042990024e-22, nan 
121.125, 84.625, 5.696471482497337e-22, nan 
121.375, 84.625, 5.914081093651673e-22, nan 
121.625, 84.625, 6.471729865790689e-22, nan 
121.875, 84.625, 5.421320029599277e-22, nan 
122.125, 84.625, 5.384906051502936e-22, nan 
122.375, 84.625, 5.707483081308371e-22, nan 
122.625, 84.625, 5.537299604594653e-22, nan 
122.875, 84.625, 5.5423352138130595e-22, nan 
123.125, 84.625, 4.799260340234168e-22, nan 
123.375, 84.625, 4.603276594044935e-22, nan 
123.625, 84.625, 4.678138669548956e-22, nan 
123.875, 84.625, 4.999990959811915e-22, nan 
124.125, 84.625, 4.907333840897907e-22, nan 
124.375, 84.625, 6.281025085115799e-22, nan 
124.625, 84.625, 6.147787436242278e-22, nan 
124.875, 84.625, 5.767729490703878e-22, nan 
125.125, 84.625, 5.722934131456435e-22, nan 
125.375, 84.625, 6.285073362430932e-22, nan 
125.625, 84.625, 6.603962341275695e-22, nan 
125.875, 84.625, 6.201549153400506e-22, nan 
126.125, 84.625, 6.550291980725065e-22, nan 
126.375, 84.625, 6.759314061366266e-22, nan 
126.625, 84.625, 6.9712724937826835e-22, nan 
126.875, 84.625, 6.093508633386317e-22, nan 
127.125, 84.625, 5.545299629608544e-22, nan 
127.375, 84.625, 5.9996154308483195e-22, nan 
127.625, 84.625, 4.462377250427474e-22, nan 
127.875, 84.625, 4.438111473359687e-22, nan 
128.125, 84.625, 5.224583299003892e-22, nan 
128.375, 84.625, 5.449677043943329e-22, nan 
128.625, 84.625, 5.130590721295346e-22, nan 
128.875, 84.625, 4.643463479451877e-22, nan 
129.125, 84.625, 5.192265454136554e-22, nan 
129.375, 84.625, 4.65981757945857e-22, nan 
129.625, 84.625, 3.980904318828604e-22, nan 
129.875, 84.625, 4.380466449048894e-22, nan 
130.125, 84.625, 5.921409275028167e-22, nan 
130.375, 84.625, 5.067104782582588e-22, nan 
130.625, 84.625, 5.423906447954097e-22, nan 
130.875, 84.625, 7.356813977462756e-22, nan 
131.125, 84.625, 7.78244104722937e-22, nan 
131.375, 84.625, 8.412730132565745e-22, nan 
131.625, 84.625, 8.615767402876761e-22, nan 
131.875, 84.625, 9.07936972497152e-22, nan 
132.125, 84.625, 8.603958901838225e-22, nan 
132.375, 84.625, 8.637858021082764e-22, nan 
132.625, 84.625, 8.77759119834945e-22, nan 
132.875, 84.625, 8.170218538225689e-22, nan 
133.125, 84.625, 4.962902729279294e-22, nan 
133.375, 84.625, 4.346309394012892e-22, nan 
133.625, 84.625, 4.882658040572268e-22, nan 
133.875, 84.625, 4.8590317488455715e-22, nan 
134.125, 84.625, 4.613304097768568e-22, nan 
134.375, 84.625, 4.649275014783275e-22, nan 
134.625, 84.625, 4.703698428783315e-22, nan 
134.875, 84.625, 4.653087489794783e-22, nan 
135.125, 84.625, 4.584032243874661e-22, nan 
135.375, 84.625, 4.764533220781905e-22, nan 
135.625, 84.625, 4.630414272736268e-22, nan 
135.875, 84.625, 4.345055532267052e-22, nan 
136.125, 84.625, 4.575896053219437e-22, nan 
136.375, 84.625, 4.460095693642181e-22, nan 
136.625, 84.625, 4.502648157051413e-22, nan 
136.875, 84.625, 4.859663582231089e-22, nan 
137.125, 84.625, 4.981566001340574e-22, nan 
137.375, 84.625, 4.942093968868808e-22, nan 
137.625, 84.625, 4.97124203270499e-22, nan 
137.875, 84.625, 4.860262595472508e-22, nan 
138.125, 84.625, 4.998991726167644e-22, nan 
138.375, 84.625, 5.125685568083222e-22, nan 
138.625, 84.625, 5.411087751030195e-22, nan 
138.875, 84.625, 5.824319624748714e-22, nan 
139.125, 84.625, 6.213788531818658e-22, nan 
139.375, 84.625, 6.240216246726202e-22, nan 
139.625, 84.625, 6.654569770901139e-22, nan 
139.875, 84.625, 6.967606257968246e-22, nan 
140.125, 84.625, 7.116322500662961e-22, nan 
140.375, 84.625, 7.006586802955641e-22, nan 
140.625, 84.625, 7.043083944021418e-22, nan 
140.875, 84.625, 6.903629670150775e-22, nan 
141.125, 84.625, 6.6692422707229185e-22, nan 
141.375, 84.625, 6.268479979086959e-22, nan 
141.625, 84.625, 5.875236452891157e-22, nan 
141.875, 84.625, 5.715204248338324e-22, nan 
142.125, 84.625, 5.777051896268923e-22, nan 
142.375, 84.625, 5.639047981520236e-22, nan 
142.625, 84.625, 5.220402614593474e-22, nan 
142.875, 84.625, 5.083395450705057e-22, nan 
143.125, 84.625, 5.214618967192721e-22, nan 
143.375, 84.625, 3.954282845357899e-22, nan 
143.625, 84.625, 2.450063964605948e-22, nan 
143.875, 84.625, 1.946321324050295e-22, nan 
144.125, 84.625, 1.8017745205030492e-22, nan 
144.375, 84.625, 1.579803875185937e-22, nan 
144.625, 84.625, 1.519267005514528e-22, nan 
144.875, 84.625, 1.6897439891673423e-22, nan 
145.125, 84.625, 1.729746046343264e-22, nan 
145.375, 84.625, 1.6742711223061588e-22, nan 
145.625, 84.625, 1.5843433154178138e-22, nan 
145.875, 84.625, 1.4718263179195804e-22, nan 
146.125, 84.625, 1.1942486975813665e-22, nan 
146.375, 84.625, 1.0719552570050955e-22, nan 
146.625, 84.625, 1.1472472028901946e-22, nan 
146.875, 84.625, 1.0052759605338815e-22, nan 
147.125, 84.625, 7.606042668167557e-23, nan 
147.375, 84.625, 5.564247674220098e-23, nan 
147.625, 84.625, 4.3948897045246354e-23, nan 
147.875, 84.625, 5.230920451607789e-23, nan 
148.125, 84.625, 7.324468547308127e-23, nan 
148.375, 84.625, 8.223934981833502e-23, nan 
148.625, 84.625, 9.784405436626531e-23, nan 
148.875, 84.625, 1.193722750081606e-22, nan 
149.125, 84.625, 1.7558674914240217e-22, nan 
149.375, 84.625, 1.9928670561356344e-22, nan 
149.625, 84.625, 2.3552806702524877e-22, nan 
149.875, 84.625, 2.4494827663456977e-22, nan 
150.125, 84.625, 2.3839185144432527e-22, nan 
150.375, 84.625, 2.35762805532325e-22, nan 
150.625, 84.625, 2.5603639616831966e-22, nan 
150.875, 84.625, 2.717485306994734e-22, nan 
151.125, 84.625, 2.6142784966959356e-22, nan 
151.375, 84.625, 2.7572463071442527e-22, nan 
151.625, 84.625, 2.4172763353674703e-22, nan 
151.875, 84.625, 2.424949178789955e-22, nan 
152.125, 84.625, 2.495397397203565e-22, nan 
152.375, 84.625, 2.530013817201637e-22, nan 
152.625, 84.625, 2.7042698925849883e-22, nan 
152.875, 84.625, 2.641024026314614e-22, nan 
153.125, 84.625, 2.4402734375168756e-22, nan 
153.375, 84.625, 2.1957015671351745e-22, nan 
153.625, 84.625, 2.1500314291581003e-22, nan 
153.875, 84.625, 2.1840476445415564e-22, nan 
154.125, 84.625, 2.0793065745936727e-22, nan 
154.375, 84.625, 1.6924052048762414e-22, nan 
154.625, 84.625, 1.5346850574331534e-22, nan 
154.875, 84.625, 1.6862940785785463e-22, nan 
155.125, 84.625, 1.7988468009649732e-22, nan 
155.375, 84.625, 2.5669568893155956e-22, nan 
155.625, 84.625, 2.546038986757078e-22, nan 
155.875, 84.625, 2.267257950499027e-22, nan 
156.125, 84.625, 2.265082376784559e-22, nan 
156.375, 84.625, 2.610615302766203e-22, nan 
156.625, 84.625, 3.231342907422024e-22, nan 
156.875, 84.625, 3.3151264201599696e-22, nan 
157.125, 84.625, 3.2452550452612827e-22, nan 
157.375, 84.625, 3.1409470273310225e-22, nan 
157.625, 84.625, 2.4795229468736884e-22, nan 
157.875, 84.625, 1.9643204212035477e-22, nan 
158.125, 84.625, 1.7353311846137902e-22, nan 
158.375, 84.625, 1.4750529827030626e-22, nan 
158.625, 84.625, 1.3334957874858767e-22, nan 
158.875, 84.625, 1.3484835737085498e-22, nan 
159.125, 84.625, 1.6016037111773335e-22, nan 
159.375, 84.625, 2.099476930267081e-22, nan 
159.625, 84.625, 2.1124417413624177e-22, nan 
159.875, 84.625, 2.0406861530569996e-22, nan 
160.125, 84.625, 1.9603272766085528e-22, nan 
160.375, 84.625, 1.6114067193557427e-22, nan 
160.625, 84.625, 1.2925724393007443e-22, nan 
160.875, 84.625, 1.0437794273744407e-22, nan 
161.125, 84.625, 7.248738601018094e-23, nan 
161.375, 84.625, 5.852874011528881e-23, nan 
161.625, 84.625, 3.1716624055383784e-23, nan 
161.875, 84.625, 1.491196475232998e-23, nan 
162.125, 84.625, 1.679652935026406e-23, nan 
162.375, 84.625, 1.7754860144703512e-23, nan 
162.625, 84.625, 1.7389575690992303e-23, nan 
162.875, 84.625, 1.6081136146806515e-23, nan 
163.125, 84.625, 1.6302406029250958e-23, nan 
163.375, 84.625, 1.5779121309335296e-23, nan 
163.625, 84.625, 1.4267088821191528e-23, nan 
163.875, 84.625, 1.3235106328356808e-23, nan 
164.125, 84.625, 1.1569836551455346e-23, nan 
164.375, 84.625, 1.0263106308663624e-23, nan 
164.625, 84.625, 9.771188250595175e-24, nan 
164.875, 84.625, 9.003322125466373e-24, nan 
165.125, 84.625, 9.65300583075206e-24, nan 
165.375, 84.625, 9.512530394184421e-24, nan 
165.625, 84.625, 9.575123754662242e-24, nan 
165.875, 84.625, 8.098635490035167e-24, nan 
166.125, 84.625, 8.043660254893443e-24, nan 
166.375, 84.625, 7.415618357460853e-24, nan 
166.625, 84.625, 6.33065219430815e-24, nan 
166.875, 84.625, 5.280466728311197e-24, nan 
167.125, 84.625, 4.702317387116407e-24, nan 
167.375, 84.625, 3.2872070836784793e-24, nan 
167.625, 84.625, 2.8711076286365594e-24, nan 
167.875, 84.625, 2.6672942091485404e-24, nan 
168.125, 84.625, 4.273446637564523e-24, nan 
168.375, 84.625, 7.44158753594802e-24, nan 
168.625, 84.625, 8.10391677010232e-24, nan 
168.875, 84.625, 7.486912424849323e-24, nan 
169.125, 84.625, 7.833605927683602e-24, nan 
169.375, 84.625, 7.152612358531997e-24, nan 
169.625, 84.625, 6.950226197103048e-24, nan 
169.875, 84.625, 7.000420746433804e-24, nan 
170.125, 84.625, 7.327942072852712e-24, nan 
170.375, 84.625, 7.100992704840311e-24, nan 
170.625, 84.625, 6.823951107490717e-24, nan 
170.875, 84.625, 5.110169402288444e-24, nan 
171.125, 84.625, 4.002016996930178e-24, nan 
171.375, 84.625, 4.4087565853320665e-24, nan 
171.625, 84.625, 4.5263203687357854e-24, nan 
171.875, 84.625, 5.296219454123109e-24, nan 
172.125, 84.625, 8.597640363117661e-24, nan 
172.375, 84.625, 1.201517640562751e-23, nan 
172.625, 84.625, 1.4445827868934885e-23, nan 
172.875, 84.625, 1.671359202361529e-23, nan 
173.125, 84.625, 1.9626725431637312e-23, nan 
173.375, 84.625, 2.433004365306776e-23, nan 
173.625, 84.625, 3.0012895008352024e-23, nan 
173.875, 84.625, 3.966688621741549e-23, nan 
174.125, 84.625, 3.960702801899846e-23, nan 
174.375, 84.625, 4.975240103924247e-23, nan 
174.625, 84.625, 5.0399821172561514e-23, nan 
174.875, 84.625, 5.021789285317424e-23, nan 
175.125, 84.625, 5.276663943562168e-23, nan 
175.375, 84.625, 4.966422666762712e-23, nan 
175.625, 84.625, 4.446537380733947e-23, nan 
175.875, 84.625, 3.6707174718274596e-23, nan 
176.125, 84.625, 4.603718055187623e-23, nan 
176.375, 84.625, 5.418022158600331e-23, nan 
176.625, 84.625, 5.88519509434867e-23, nan 
176.875, 84.625, 6.270805049825678e-23, nan 
177.125, 84.625, 6.214043738669035e-23, nan 
177.375, 84.625, 6.694993545981138e-23, nan 
177.625, 84.625, 6.654323906194777e-23, nan 
177.875, 84.625, 6.571886272443622e-23, nan 
178.125, 84.625, 6.182555342477796e-23, nan 
178.375, 84.625, 5.528084362088407e-23, nan 
178.625, 84.625, 5.569778268786039e-23, nan 
178.875, 84.625, 5.993957907371396e-23, nan 
179.125, 84.625, 5.853755974860728e-23, nan 
179.375, 84.625, 5.174664078380481e-23, nan 
179.625, 84.625, 5.072400311552367e-23, nan 
179.875, 84.625, 5.070625231147045e-23, nan 
-179.875, 84.875, 9.877075346691553e-23, nan 
-179.625, 84.875, 9.51100941471932e-23, nan 
-179.375, 84.875, 8.817763450588147e-23, nan 
-179.125, 84.875, 4.9123765071316406e-23, nan 
-178.875, 84.875, 6.944212223444497e-23, nan 
-178.625, 84.875, 7.203447195130008e-23, nan 
-178.375, 84.875, 7.848574574541421e-23, nan 
-178.125, 84.875, 7.576953778734652e-23, nan 
-177.875, 84.875, 7.509348229789733e-23, nan 
-177.625, 84.875, 7.141050396019807e-23, nan 
-177.375, 84.875, 6.679178819319175e-23, nan 
-177.125, 84.875, 6.248600720403945e-23, nan 
-176.875, 84.875, 6.153208248993733e-23, nan 
-176.625, 84.875, 5.706825213562271e-23, nan 
-176.375, 84.875, 2.7011728350943976e-23, nan 
-176.125, 84.875, 2.2897415422611683e-23, nan 
-175.875, 84.875, 2.1105496966539762e-23, nan 
-175.625, 84.875, 2.3374334729909516e-23, nan 
-175.375, 84.875, 2.410513302074397e-23, nan 
-175.125, 84.875, 2.728284414034131e-23, nan 
-174.875, 84.875, 2.7418130062316486e-23, nan 
-174.625, 84.875, 2.824032575705261e-23, nan 
-174.375, 84.875, 3.2112730064606697e-23, nan 
-174.125, 84.875, 3.4734991522758685e-23, nan 
-173.875, 84.875, 3.192732150801654e-23, nan 
-173.625, 84.875, 3.240064610253315e-23, nan 
-173.375, 84.875, 2.866957318795821e-23, nan 
-173.125, 84.875, 2.8436271142256247e-23, nan 
-172.875, 84.875, 3.046543990414074e-23, nan 
-172.625, 84.875, 2.977932220504058e-23, nan 
-172.375, 84.875, 2.976963238107444e-23, nan 
-172.125, 84.875, 1.807000164336087e-23, nan 
-171.875, 84.875, 1.673218244117653e-23, nan 
-171.625, 84.875, 1.9218534661493147e-23, nan 
-171.375, 84.875, 2.58239928437868e-23, nan 
-171.125, 84.875, 2.803935187352493e-23, nan 
-170.875, 84.875, 2.256655615826686e-23, nan 
-170.625, 84.875, 1.4748422615419667e-23, nan 
-170.375, 84.875, 1.3493463978113665e-23, nan 
-170.125, 84.875, 1.868573896859194e-23, nan 
-169.875, 84.875, 3.1334982544837805e-23, nan 
-169.625, 84.875, 4.1175044253535495e-23, nan 
-169.375, 84.875, 4.4645447637716866e-23, nan 
-169.125, 84.875, 5.08602381222928e-23, nan 
-168.875, 84.875, 5.72373591135673e-23, nan 
-168.625, 84.875, 6.573796094362496e-23, nan 
-168.375, 84.875, 6.956792841132154e-23, nan 
-168.125, 84.875, 6.464271728178661e-23, nan 
-167.875, 84.875, 5.825604342910418e-23, nan 
-167.625, 84.875, 3.9379532859954176e-23, nan 
-167.375, 84.875, 3.000193093385499e-23, nan 
-167.125, 84.875, 3.7901717278109306e-23, nan 
-166.875, 84.875, 1.0137056431815977e-22, nan 
-166.625, 84.875, 1.1252046748747482e-22, nan 
-166.375, 84.875, 1.1901751032643408e-22, nan 
-166.125, 84.875, 1.2360745845351053e-22, nan 
-165.875, 84.875, 1.2335820283718071e-22, nan 
-165.625, 84.875, 1.2315181907424596e-22, nan 
-165.375, 84.875, 1.2265964072723743e-22, nan 
-165.125, 84.875, 1.2175083767486204e-22, nan 
-164.875, 84.875, 1.2533557683051132e-22, nan 
-164.625, 84.875, 1.2896031526245945e-22, nan 
-164.375, 84.875, 1.373152748856387e-22, nan 
-164.125, 84.875, 1.3989332082519855e-22, nan 
-163.875, 84.875, 1.4520609005610036e-22, nan 
-163.625, 84.875, 1.544174972502963e-22, nan 
-163.375, 84.875, 1.6117614720351495e-22, nan 
-163.125, 84.875, 1.9056039724805725e-22, nan 
-162.875, 84.875, 1.9976031803034504e-22, nan 
-162.625, 84.875, 1.975940074653997e-22, nan 
-162.375, 84.875, 1.9573610174525717e-22, nan 
-162.125, 84.875, 1.935566327630482e-22, nan 
-161.875, 84.875, 1.8958705178439332e-22, nan 
-161.625, 84.875, 1.863085688900106e-22, nan 
-161.375, 84.875, 1.8277317538760584e-22, nan 
-161.125, 84.875, 1.8114703918761097e-22, nan 
-160.875, 84.875, 1.6840789152073567e-22, nan 
-160.625, 84.875, 1.3175219383266571e-22, nan 
-160.375, 84.875, 1.4115711994471547e-22, nan 
-160.125, 84.875, 1.6138649473832137e-22, nan 
-159.875, 84.875, 1.625973874696785e-22, nan 
-159.625, 84.875, 1.6504576429538358e-22, nan 
-159.375, 84.875, 1.638184289977122e-22, nan 
-159.125, 84.875, 1.5473587730058253e-22, nan 
-158.875, 84.875, 1.5114028083590952e-22, nan 
-158.625, 84.875, 1.4749784397976484e-22, nan 
-158.375, 84.875, 1.4616028275021708e-22, nan 
-158.125, 84.875, 1.4106127041826205e-22, nan 
-157.875, 84.875, 1.180315615356253e-22, nan 
-157.625, 84.875, 8.901786608672479e-23, nan 
-157.375, 84.875, 8.13225176739259e-23, nan 
-157.125, 84.875, 7.880497017325956e-23, nan 
-156.875, 84.875, 7.64892157664623e-23, nan 
-156.625, 84.875, 8.054130103682415e-23, nan 
-156.375, 84.875, 8.56683297743163e-23, nan 
-156.125, 84.875, 9.052188800217924e-23, nan 
-155.875, 84.875, 9.633324498307374e-23, nan 
-155.625, 84.875, 9.75118297526947e-23, nan 
-155.375, 84.875, 9.817990712748726e-23, nan 
-155.125, 84.875, 1.0207898016929686e-22, nan 
-154.875, 84.875, 1.0298926942836449e-22, nan 
-154.625, 84.875, 1.0517082260715542e-22, nan 
-154.375, 84.875, 1.0545322347386684e-22, nan 
-154.125, 84.875, 1.036069080283418e-22, nan 
-153.875, 84.875, 8.602152024009808e-23, nan 
-153.625, 84.875, 8.373692423693608e-23, nan 
-153.375, 84.875, 7.831337598217647e-23, nan 
-153.125, 84.875, 6.271309752875976e-23, nan 
-152.875, 84.875, 5.392944261533417e-23, nan 
-152.625, 84.875, 4.1618269001258306e-23, nan 
-152.375, 84.875, 5.065928250129095e-23, nan 
-152.125, 84.875, 6.713477796932059e-23, nan 
-151.875, 84.875, 7.536173321070078e-23, nan 
-151.625, 84.875, 8.321726575806598e-23, nan 
-151.375, 84.875, 1.0025218930564966e-22, nan 
-151.125, 84.875, 1.124934790006087e-22, nan 
-150.875, 84.875, 1.2577600794905825e-22, nan 
-150.625, 84.875, 1.3509387568356225e-22, nan 
-150.375, 84.875, 1.3607939835917762e-22, nan 
-150.125, 84.875, 1.2535884379338177e-22, nan 
-149.875, 84.875, 8.757431086756156e-23, nan 
-149.625, 84.875, 7.294008599451034e-23, nan 
-149.375, 84.875, 7.713247090291385e-23, nan 
-149.125, 84.875, 7.922965191190504e-23, nan 
-148.875, 84.875, 8.353381674231678e-23, nan 
-148.625, 84.875, 9.270946520815157e-23, nan 
-148.375, 84.875, 1.0376541681063544e-22, nan 
-148.125, 84.875, 1.1403290995860452e-22, nan 
-147.875, 84.875, 1.1942453457810247e-22, nan 
-147.625, 84.875, 1.2052381381450084e-22, nan 
-147.375, 84.875, 1.1258339443111051e-22, nan 
-147.125, 84.875, 9.62685644044166e-23, nan 
-146.875, 84.875, 8.485986244342634e-23, nan 
-146.625, 84.875, 8.254598929431868e-23, nan 
-146.375, 84.875, 8.185895755915751e-23, nan 
-146.125, 84.875, 8.000004186938294e-23, nan 
-145.875, 84.875, 7.24723639984427e-23, nan 
-145.625, 84.875, 5.959541432177032e-23, nan 
-145.375, 84.875, 3.3900712921478234e-23, nan 
-145.125, 84.875, 3.555704667829447e-23, nan 
-144.875, 84.875, 5.451097197759849e-23, nan 
-144.625, 84.875, 4.625901113855109e-23, nan 
-144.375, 84.875, 1.9110759627041592e-23, nan 
-144.125, 84.875, 1.545892489626416e-23, nan 
-143.875, 84.875, 1.1929532671389149e-23, nan 
-143.625, 84.875, 1.1894327625710705e-23, nan 
-143.375, 84.875, 1.0779258940665642e-23, nan 
-143.125, 84.875, 1.0073210875484685e-23, nan 
-142.875, 84.875, 1.2118620681333624e-23, nan 
-142.625, 84.875, 1.2093086787777264e-23, nan 
-142.375, 84.875, 1.0264471916006005e-23, nan 
-142.125, 84.875, 8.440415938630535e-24, nan 
-141.875, 84.875, 7.520074625117367e-24, nan 
-141.625, 84.875, 8.558803971719069e-24, nan 
-141.375, 84.875, 9.923780896884326e-24, nan 
-141.125, 84.875, 9.51104267374517e-24, nan 
-140.875, 84.875, 1.0717691558430328e-23, nan 
-140.625, 84.875, 2.4402723623882274e-23, nan 
-140.375, 84.875, 3.2256724622012295e-23, nan 
-140.125, 84.875, 3.161638712730954e-23, nan 
-139.875, 84.875, 1.64372568785907e-23, nan 
-139.625, 84.875, 1.1463562809767244e-23, nan 
-139.375, 84.875, 1.1992448334951415e-23, nan 
-139.125, 84.875, 1.2994855879101697e-23, nan 
-138.875, 84.875, 1.5244598993594024e-23, nan 
-138.625, 84.875, 1.6985087763294376e-23, nan 
-138.375, 84.875, 1.7915624405631173e-23, nan 
-138.125, 84.875, 1.976645478860579e-23, nan 
-137.875, 84.875, 2.2303945188516475e-23, nan 
-137.625, 84.875, 2.5694747295983136e-23, nan 
-137.375, 84.875, 2.871596903821381e-23, nan 
-137.125, 84.875, 3.0947314437134723e-23, nan 
-136.875, 84.875, 3.286390661234851e-23, nan 
-136.625, 84.875, 3.294700034167417e-23, nan 
-136.375, 84.875, 3.348778854743772e-23, nan 
-136.125, 84.875, 3.4924652535289825e-23, nan 
-135.875, 84.875, 3.685566203571303e-23, nan 
-135.625, 84.875, 3.841519329572675e-23, nan 
-135.375, 84.875, 4.0742657111821457e-23, nan 
-135.125, 84.875, 4.223940083475833e-23, nan 
-134.875, 84.875, 4.3515150236003315e-23, nan 
-134.625, 84.875, 4.481891473532845e-23, nan 
-134.375, 84.875, 4.4401995034922876e-23, nan 
-134.125, 84.875, 4.411774499098169e-23, nan 
-133.875, 84.875, 4.2661305088642246e-23, nan 
-133.625, 84.875, 4.041211983913012e-23, nan 
-133.375, 84.875, 3.879118568981232e-23, nan 
-133.125, 84.875, 3.783365536896561e-23, nan 
-132.875, 84.875, 3.6343425204689484e-23, nan 
-132.625, 84.875, 3.553708302066432e-23, nan 
-132.375, 84.875, 3.2993187454518236e-23, nan 
-132.125, 84.875, 3.339585943640374e-23, nan 
-131.875, 84.875, 3.9525111313129464e-23, nan 
-131.625, 84.875, 4.1465196104879763e-23, nan 
-131.375, 84.875, 4.342533239669103e-23, nan 
-131.125, 84.875, 4.3802074688664145e-23, nan 
-130.875, 84.875, 4.091163580229208e-23, nan 
-130.625, 84.875, 3.999687505214777e-23, nan 
-130.375, 84.875, 3.835139175658475e-23, nan 
-130.125, 84.875, 4.296580568436124e-23, nan 
-129.875, 84.875, 4.719108090513713e-23, nan 
-129.625, 84.875, 4.663446072815873e-23, nan 
-129.375, 84.875, 4.625984830041297e-23, nan 
-129.125, 84.875, 4.5513650760783327e-23, nan 
-128.875, 84.875, 4.3901626976375993e-23, nan 
-128.625, 84.875, 4.0954325751133616e-23, nan 
-128.375, 84.875, 3.8370956093484876e-23, nan 
-128.125, 84.875, 3.379549635933463e-23, nan 
-127.875, 84.875, 2.9453696348975304e-23, nan 
-127.625, 84.875, 2.1619105826230604e-23, nan 
-127.375, 84.875, 1.704682930131316e-23, nan 
-127.125, 84.875, 1.3928855024985443e-23, nan 
-126.875, 84.875, 1.8698563660370733e-23, nan 
-126.625, 84.875, 2.1009142703444246e-23, nan 
-126.375, 84.875, 2.0416633765073794e-23, nan 
-126.125, 84.875, 2.0393202566366928e-23, nan 
-125.875, 84.875, 1.9382127740350224e-23, nan 
-125.625, 84.875, 1.9103106682378402e-23, nan 
-125.375, 84.875, 1.9076789647388506e-23, nan 
-125.125, 84.875, 2.3296440897771266e-23, nan 
-124.875, 84.875, 2.557436260622801e-23, nan 
-124.625, 84.875, 1.865414594937362e-23, nan 
-124.375, 84.875, 2.997744732657956e-23, nan 
-124.125, 84.875, 3.578725561171856e-23, nan 
-123.875, 84.875, 3.539122133119601e-23, nan 
-123.625, 84.875, 1.199284209488803e-23, nan 
-123.375, 84.875, 1.7091033646373623e-23, nan 
-123.125, 84.875, 2.396376819843886e-23, nan 
-122.875, 84.875, 2.448499980604614e-23, nan 
-122.625, 84.875, 2.6196620232202432e-23, nan 
-122.375, 84.875, 2.2685606726005388e-23, nan 
-122.125, 84.875, 2.4268858106223274e-23, nan 
-121.875, 84.875, 3.322623933853737e-23, nan 
-121.625, 84.875, 5.674437518156506e-23, nan 
-121.375, 84.875, 5.823308725291502e-23, nan 
-121.125, 84.875, 6.881825161745268e-23, nan 
-120.875, 84.875, 6.378964699286781e-23, nan 
-120.625, 84.875, 5.662400644356614e-23, nan 
-120.375, 84.875, 4.6078781045095743e-23, nan 
-120.125, 84.875, 5.042915417928425e-23, nan 
-119.875, 84.875, 5.2064529505612354e-23, nan 
-119.625, 84.875, 6.977010316307781e-23, nan 
-119.375, 84.875, 7.207688756813826e-23, nan 
-119.125, 84.875, 5.335634849016349e-23, nan 
-118.875, 84.875, 6.159449863532573e-23, nan 
-118.625, 84.875, 6.657346008161424e-23, nan 
-118.375, 84.875, 6.84378490831769e-23, nan 
-118.125, 84.875, 6.835470709324997e-23, nan 
-117.875, 84.875, 6.411751393970448e-23, nan 
-117.625, 84.875, 5.752283129647247e-23, nan 
-117.375, 84.875, 5.537103320444117e-23, nan 
-117.125, 84.875, 5.309551235750972e-23, nan 
-116.875, 84.875, 5.890612207725805e-23, nan 
-116.625, 84.875, 5.992521071159643e-23, nan 
-116.375, 84.875, 4.7243488388989544e-23, nan 
-116.125, 84.875, 3.1335688307159006e-23, nan 
-115.875, 84.875, 3.006985422147818e-23, nan 
-115.625, 84.875, 2.770277354020232e-23, nan 
-115.375, 84.875, 1.6138960344578096e-23, nan 
-115.125, 84.875, 5.371868636458093e-24, nan 
-114.875, 84.875, 1.0422668734722075e-23, nan 
-114.625, 84.875, 1.8879797305626112e-23, nan 
-114.375, 84.875, 2.7292957848423416e-23, nan 
-114.125, 84.875, 3.855691550915689e-23, nan 
-113.875, 84.875, 4.350920148664609e-23, nan 
-113.625, 84.875, 4.57574710577551e-23, nan 
-113.375, 84.875, 4.818334082062975e-23, nan 
-113.125, 84.875, 4.8542994590545174e-23, nan 
-112.875, 84.875, 4.756322169435579e-23, nan 
-112.625, 84.875, 3.457328134767942e-23, nan 
-112.375, 84.875, 2.408564830031692e-23, nan 
-112.125, 84.875, 2.435853077767341e-23, nan 
-111.875, 84.875, 3.071261874075777e-23, nan 
-111.625, 84.875, 3.386652941034483e-23, nan 
-111.375, 84.875, 3.730238784566922e-23, nan 
-111.125, 84.875, 3.9244477270671374e-23, nan 
-110.875, 84.875, 4.026642932125276e-23, nan 
-110.625, 84.875, 4.114402834023494e-23, nan 
-110.375, 84.875, 4.045466899630379e-23, nan 
-110.125, 84.875, 3.8504902034587907e-23, nan 
-109.875, 84.875, 3.14864245844222e-23, nan 
-109.625, 84.875, 2.4444007130522363e-23, nan 
-109.375, 84.875, 1.4983567465621252e-23, nan 
-109.125, 84.875, 1.3407045048635372e-23, nan 
-108.875, 84.875, 1.2618351356632488e-23, nan 
-108.625, 84.875, 1.1839167879134711e-23, nan 
-108.375, 84.875, 9.81770959705423e-24, nan 
-108.125, 84.875, 8.351186443563419e-24, nan 
-107.875, 84.875, 7.162456378836582e-24, nan 
-107.625, 84.875, 6.3051517693870095e-24, nan 
-107.375, 84.875, 5.582996416436213e-24, nan 
-107.125, 84.875, 5.010798534114516e-24, nan 
-106.875, 84.875, 4.963546978726185e-24, nan 
-106.625, 84.875, 4.943387009332672e-24, nan 
-106.375, 84.875, 4.96889707583831e-24, nan 
-106.125, 84.875, 4.877567157565415e-24, nan 
-105.875, 84.875, 4.195666772804293e-24, nan 
-105.625, 84.875, 3.917140442512296e-24, nan 
-105.375, 84.875, 3.4055769304484425e-24, nan 
-105.125, 84.875, 3.362880356171336e-24, nan 
-104.875, 84.875, 4.0598188745239855e-24, nan 
-104.625, 84.875, 4.181614107775009e-24, nan 
-104.375, 84.875, 4.6335766712434645e-24, nan 
-104.125, 84.875, 4.862747726934073e-24, nan 
-103.875, 84.875, 4.228255861956431e-24, nan 
-103.625, 84.875, 4.452424061910471e-24, nan 
-103.375, 84.875, 5.1415038674994676e-24, nan 
-103.125, 84.875, 4.563934268675444e-24, nan 
-102.875, 84.875, 3.950416017740409e-24, nan 
-102.625, 84.875, 3.561209380222017e-24, nan 
-102.375, 84.875, 3.73539242271903e-24, nan 
-102.125, 84.875, 3.8978260675065265e-24, nan 
-101.875, 84.875, 3.878266082921038e-24, nan 
-101.625, 84.875, 3.7746263076542716e-24, nan 
-101.375, 84.875, 3.704336138015729e-24, nan 
-101.125, 84.875, 3.7226761995976e-24, nan 
-100.875, 84.875, 3.870962278717753e-24, nan 
-100.625, 84.875, 4.2277078494280416e-24, nan 
-100.375, 84.875, 3.771038782213856e-24, nan 
-100.125, 84.875, 3.598104928314473e-24, nan 
-99.875, 84.875, 3.886515301564689e-24, nan 
-99.625, 84.875, 3.8411910856734856e-24, nan 
-99.375, 84.875, 4.122874274169599e-24, nan 
-99.125, 84.875, 4.02784815056214e-24, nan 
-98.875, 84.875, 4.237539815429024e-24, nan 
-98.625, 84.875, 4.479935704549683e-24, nan 
-98.375, 84.875, 5.1290559948127904e-24, nan 
-98.125, 84.875, 5.650647702327568e-24, nan 
-97.875, 84.875, 7.305022933526001e-24, nan 
-97.625, 84.875, 6.687483030369933e-24, nan 
-97.375, 84.875, 6.672055433051344e-24, nan 
-97.125, 84.875, 7.104055988623963e-24, nan 
-96.875, 84.875, 7.537822435205458e-24, nan 
-96.625, 84.875, 7.013297444315669e-24, nan 
-96.375, 84.875, 7.126510136997824e-24, nan 
-96.125, 84.875, 7.285459739911183e-24, nan 
-95.875, 84.875, 7.416036187868597e-24, nan 
-95.625, 84.875, 6.838542649655304e-24, nan 
-95.375, 84.875, 5.579413961281567e-24, nan 
-95.125, 84.875, 6.3310432577372346e-24, nan 
-94.875, 84.875, 7.088175636785984e-24, nan 
-94.625, 84.875, 7.266675582146193e-24, nan 
-94.375, 84.875, 7.513342549834195e-24, nan 
-94.125, 84.875, 8.108411970736522e-24, nan 
-93.875, 84.875, 8.495638106298112e-24, nan 
-93.625, 84.875, 8.947200787881825e-24, nan 
-93.375, 84.875, 8.608238668296239e-24, nan 
-93.125, 84.875, 8.157817615744252e-24, nan 
-92.875, 84.875, 7.518809093241893e-24, nan 
-92.625, 84.875, 6.777316936220786e-24, nan 
-92.375, 84.875, 6.722772082036942e-24, nan 
-92.125, 84.875, 6.515137306091575e-24, nan 
-91.875, 84.875, 6.706249644723175e-24, nan 
-91.625, 84.875, 6.451480676207797e-24, nan 
-91.375, 84.875, 6.372153874089591e-24, nan 
-91.125, 84.875, 6.340277602682836e-24, nan 
-90.875, 84.875, 6.340397334020121e-24, nan 
-90.625, 84.875, 6.18654323159772e-24, nan 
-90.375, 84.875, 6.4862490737307535e-24, nan 
-90.125, 84.875, 6.074142945396072e-24, nan 
-89.875, 84.875, 5.546417478263487e-24, nan 
-89.625, 84.875, 4.914138639606676e-24, nan 
-89.375, 84.875, 4.488047171035085e-24, nan 
-89.125, 84.875, 5.302757271788628e-24, nan 
-88.875, 84.875, 5.183943271306707e-24, nan 
-88.625, 84.875, 4.8541071883020585e-24, nan 
-88.375, 84.875, 4.527297718605056e-24, nan 
-88.125, 84.875, 4.842575312597417e-24, nan 
-87.875, 84.875, 5.059696519947752e-24, nan 
-87.625, 84.875, 5.8127911391916385e-24, nan 
-87.375, 84.875, 6.74668933352632e-24, nan 
-87.125, 84.875, 7.564541321114249e-24, nan 
-86.875, 84.875, 8.625762726268247e-24, nan 
-86.625, 84.875, 8.472930947173647e-24, nan 
-86.375, 84.875, 9.437874757489078e-24, nan 
-86.125, 84.875, 1.0215358355773152e-23, nan 
-85.875, 84.875, 9.01408252195267e-24, nan 
-85.625, 84.875, 8.448216240661493e-24, nan 
-85.375, 84.875, 8.988086346125099e-24, nan 
-85.125, 84.875, 9.167268533459115e-24, nan 
-84.875, 84.875, 9.508702577428298e-24, nan 
-84.625, 84.875, 9.812408918111864e-24, nan 
-84.375, 84.875, 9.554367126020009e-24, nan 
-84.125, 84.875, 9.347253178184856e-24, nan 
-83.875, 84.875, 9.807720628237863e-24, nan 
-83.625, 84.875, 1.0399945654423574e-23, nan 
-83.375, 84.875, 1.0958986012842964e-23, nan 
-83.125, 84.875, 1.0615481092717852e-23, nan 
-82.875, 84.875, 9.629702039815572e-24, nan 
-82.625, 84.875, 8.309613246184772e-24, nan 
-82.375, 84.875, 6.830783322613438e-24, nan 
-82.125, 84.875, 7.427317199599964e-24, nan 
-81.875, 84.875, 9.614876796575873e-24, nan 
-81.625, 84.875, 1.0835525059300014e-23, nan 
-81.375, 84.875, 1.343711606242953e-23, nan 
-81.125, 84.875, 1.5174856209222958e-23, nan 
-80.875, 84.875, 1.7343094943741398e-23, nan 
-80.625, 84.875, 1.9477411996148123e-23, nan 
-80.375, 84.875, 1.9314569614923058e-23, nan 
-80.125, 84.875, 1.7447099121781101e-23, nan 
-79.875, 84.875, 1.432558907550366e-23, nan 
-79.625, 84.875, 7.352338558061502e-24, nan 
-79.375, 84.875, 7.400803832190188e-24, nan 
-79.125, 84.875, 9.23507436881967e-24, nan 
-78.875, 84.875, 1.0051180721874135e-23, nan 
-78.625, 84.875, 1.1399208547337334e-23, nan 
-78.375, 84.875, 1.2602239160496083e-23, nan 
-78.125, 84.875, 1.379664834087734e-23, nan 
-77.875, 84.875, 1.5400170364279229e-23, nan 
-77.625, 84.875, 1.543874224388239e-23, nan 
-77.375, 84.875, 1.4680503330492465e-23, nan 
-77.125, 84.875, 1.4019854466175014e-23, nan 
-76.875, 84.875, 1.1898672530219898e-23, nan 
-76.625, 84.875, 1.1491163136091166e-23, nan 
-76.375, 84.875, 1.0943961887161228e-23, nan 
-76.125, 84.875, 1.1106629038127061e-23, nan 
-75.875, 84.875, 1.1041888073999762e-23, nan 
-75.625, 84.875, 1.1142032705661606e-23, nan 
-75.375, 84.875, 1.0617564974018348e-23, nan 
-75.125, 84.875, 1.1198380208464014e-23, nan 
-74.875, 84.875, 1.0878553601531218e-23, nan 
-74.625, 84.875, 1.2611651517806333e-23, nan 
-74.375, 84.875, 1.7294166768894723e-23, nan 
-74.125, 84.875, 1.8297825566404977e-23, nan 
-73.875, 84.875, 1.7893550987378657e-23, nan 
-73.625, 84.875, 1.3400279940823227e-23, nan 
-73.375, 84.875, 1.0584246146515533e-23, nan 
-73.125, 84.875, 9.251935478304248e-24, nan 
-72.875, 84.875, 1.1370781239056773e-23, nan 
-72.625, 84.875, 1.3522389379763756e-23, nan 
-72.375, 84.875, 1.3197790262787446e-23, nan 
-72.125, 84.875, 1.2222386786744885e-23, nan 
-71.875, 84.875, 1.148473160674167e-23, nan 
-71.625, 84.875, 1.6420705830328726e-23, nan 
-71.375, 84.875, 2.0419656141443322e-23, nan 
-71.125, 84.875, 2.119361782701001e-23, nan 
-70.875, 84.875, 1.594900942381534e-23, nan 
-70.625, 84.875, 1.2994512948611675e-23, nan 
-70.375, 84.875, 1.2142250870720182e-23, nan 
-70.125, 84.875, 1.4906565882805594e-23, nan 
-69.875, 84.875, 1.6900534144166566e-23, nan 
-69.625, 84.875, 1.66094944007788e-23, nan 
-69.375, 84.875, 1.5768590024012558e-23, nan 
-69.125, 84.875, 1.487039247491124e-23, nan 
-68.875, 84.875, 1.2652219161947382e-23, nan 
-68.625, 84.875, 1.361291513380286e-23, nan 
-68.375, 84.875, 1.2662516858703017e-23, nan 
-68.125, 84.875, 1.1614906413571739e-23, nan 
-67.875, 84.875, 1.166990964444923e-23, nan 
-67.625, 84.875, 1.1901895997082302e-23, nan 
-67.375, 84.875, 1.1834040546578167e-23, nan 
-67.125, 84.875, 1.1901860899802132e-23, nan 
-66.875, 84.875, 1.1786786391551517e-23, nan 
-66.625, 84.875, 1.0862683812334419e-23, nan 
-66.375, 84.875, 1.0746334424687795e-23, nan 
-66.125, 84.875, 1.0710231087690105e-23, nan 
-65.875, 84.875, 1.0649434543962475e-23, nan 
-65.625, 84.875, 1.114566344965142e-23, nan 
-65.375, 84.875, 1.0082462261767923e-23, nan 
-65.125, 84.875, 1.058593602237284e-23, nan 
-64.875, 84.875, 9.901315198819386e-24, nan 
-64.625, 84.875, 8.71532404461723e-24, nan 
-64.375, 84.875, 9.01271764449724e-24, nan 
-64.125, 84.875, 9.270259179874135e-24, nan 
-63.875, 84.875, 9.161709764363303e-24, nan 
-63.625, 84.875, 9.334440184496347e-24, nan 
-63.375, 84.875, 9.820205545076282e-24, nan 
-63.125, 84.875, 1.1703753493591893e-23, nan 
-62.875, 84.875, 1.1978135746020612e-23, nan 
-62.625, 84.875, 1.2113318830552964e-23, nan 
-62.375, 84.875, 1.2068942643413172e-23, nan 
-62.125, 84.875, 1.1827787583876368e-23, nan 
-61.875, 84.875, 1.1879246751705058e-23, nan 
-61.625, 84.875, 1.1950850122481592e-23, nan 
-61.375, 84.875, 1.207774889990799e-23, nan 
-61.125, 84.875, 1.2313988848280446e-23, nan 
-60.875, 84.875, 1.3110237070176426e-23, nan 
-60.625, 84.875, 1.3285604830579077e-23, nan 
-60.375, 84.875, 1.399391572720539e-23, nan 
-60.125, 84.875, 1.442032161020276e-23, nan 
-59.875, 84.875, 1.427732043085309e-23, nan 
-59.625, 84.875, 1.3890651039937177e-23, nan 
-59.375, 84.875, 1.2102918110250833e-23, nan 
-59.125, 84.875, 1.0858827651977223e-23, nan 
-58.875, 84.875, 9.984605111192803e-24, nan 
-58.625, 84.875, 9.469542445110396e-24, nan 
-58.375, 84.875, 9.096782809717303e-24, nan 
-58.125, 84.875, 8.9427328862098e-24, nan 
-57.875, 84.875, 1.0282272079586205e-23, nan 
-57.625, 84.875, 1.0486033768300587e-23, nan 
-57.375, 84.875, 8.206991108350908e-24, nan 
-57.125, 84.875, 5.7179232097249166e-24, nan 
-56.875, 84.875, 4.6744908285502395e-24, nan 
-56.625, 84.875, 4.229905590610688e-24, nan 
-56.375, 84.875, 3.641053414958489e-24, nan 
-56.125, 84.875, 3.0662930765792438e-24, nan 
-55.875, 84.875, 2.694699282628821e-24, nan 
-55.625, 84.875, 2.7902891748173144e-24, nan 
-55.375, 84.875, 3.314426154553275e-24, nan 
-55.125, 84.875, 4.749542342359177e-24, nan 
-54.875, 84.875, 5.643302031086386e-24, nan 
-54.625, 84.875, 5.5650096521085464e-24, nan 
-54.375, 84.875, 4.950396348004466e-24, nan 
-54.125, 84.875, 4.573306465098837e-24, nan 
-53.875, 84.875, 4.3324109119840525e-24, nan 
-53.625, 84.875, 3.9644206741770804e-24, nan 
-53.375, 84.875, 3.4588584415552214e-24, nan 
-53.125, 84.875, 3.0608952129109505e-24, nan 
-52.875, 84.875, 2.705234894204738e-24, nan 
-52.625, 84.875, 2.5138332739674637e-24, nan 
-52.375, 84.875, 2.305421640361511e-24, nan 
-52.125, 84.875, 1.9832945204032213e-24, nan 
-51.875, 84.875, 1.744248579708102e-24, nan 
-51.625, 84.875, 1.5900355065792465e-24, nan 
-51.375, 84.875, 1.7183187389417512e-24, nan 
-51.125, 84.875, 1.7047974639321765e-24, nan 
-50.875, 84.875, 1.7886547773279457e-24, nan 
-50.625, 84.875, 1.7822993088496353e-24, nan 
-50.375, 84.875, 2.472636867123032e-24, nan 
-50.125, 84.875, 3.57165773937477e-24, nan 
-49.875, 84.875, 5.232020820333064e-24, nan 
-49.625, 84.875, 8.76045446991318e-24, nan 
-49.375, 84.875, 1.056220493580213e-23, nan 
-49.125, 84.875, 1.2063780010803823e-23, nan 
-48.875, 84.875, 1.2719697314579857e-23, nan 
-48.625, 84.875, 1.3926125958561523e-23, nan 
-48.375, 84.875, 1.5041753834041983e-23, nan 
-48.125, 84.875, 1.6100832720413516e-23, nan 
-47.875, 84.875, 1.6821212964424028e-23, nan 
-47.625, 84.875, 1.972199528033067e-23, nan 
-47.375, 84.875, 2.208736052496061e-23, nan 
-47.125, 84.875, 2.37635906342297e-23, nan 
-46.875, 84.875, 2.414028388869939e-23, nan 
-46.625, 84.875, 2.4324030508290394e-23, nan 
-46.375, 84.875, 2.2951171975517203e-23, nan 
-46.125, 84.875, 2.2997158947488295e-23, nan 
-45.875, 84.875, 2.1958082252230727e-23, nan 
-45.625, 84.875, 2.2991340626050393e-23, nan 
-45.375, 84.875, 2.3307949876905257e-23, nan 
-45.125, 84.875, 2.0141441269143653e-23, nan 
-44.875, 84.875, 1.9848928542746268e-23, nan 
-44.625, 84.875, 2.2186160066158215e-23, nan 
-44.375, 84.875, 2.2964267151039334e-23, nan 
-44.125, 84.875, 2.3815297493459995e-23, nan 
-43.875, 84.875, 2.4693993991925662e-23, nan 
-43.625, 84.875, 2.348469533528485e-23, nan 
-43.375, 84.875, 2.1097903427650466e-23, nan 
-43.125, 84.875, 2.0246787225608702e-23, nan 
-42.875, 84.875, 2.0029165421451067e-23, nan 
-42.625, 84.875, 1.9361393816055287e-23, nan 
-42.375, 84.875, 1.9156543233139115e-23, nan 
-42.125, 84.875, 1.724419218362005e-23, nan 
-41.875, 84.875, 1.7277304591531275e-23, nan 
-41.625, 84.875, 1.7405380792239458e-23, nan 
-41.375, 84.875, 1.650187827210245e-23, nan 
-41.125, 84.875, 1.6731168089602397e-23, nan 
-40.875, 84.875, 1.794289862771618e-23, nan 
-40.625, 84.875, 1.711261790104792e-23, nan 
-40.375, 84.875, 1.671508978970585e-23, nan 
-40.125, 84.875, 1.673925943683415e-23, nan 
-39.875, 84.875, 1.7236209287779964e-23, nan 
-39.625, 84.875, 2.117188291036046e-23, nan 
-39.375, 84.875, 2.2118959293333424e-23, nan 
-39.125, 84.875, 2.195135412815303e-23, nan 
-38.875, 84.875, 2.1007806950714712e-23, nan 
-38.625, 84.875, 1.7110989601227187e-23, nan 
-38.375, 84.875, 2.2197560168749033e-23, nan 
-38.125, 84.875, 2.278401298271257e-23, nan 
-37.875, 84.875, 2.305084811769342e-23, nan 
-37.625, 84.875, 1.915570193684826e-23, nan 
-37.375, 84.875, 1.8705708550734658e-23, nan 
-37.125, 84.875, 1.798016371668231e-23, nan 
-36.875, 84.875, 1.745316223839756e-23, nan 
-36.625, 84.875, 2.0864160060212302e-23, nan 
-36.375, 84.875, 2.2623696870256557e-23, nan 
-36.125, 84.875, 2.1044537160945825e-23, nan 
-35.875, 84.875, 1.9100241519897766e-23, nan 
-35.625, 84.875, 2.4404605150799158e-23, nan 
-35.375, 84.875, 2.5411505341410208e-23, nan 
-35.125, 84.875, 2.5289568116133902e-23, nan 
-34.875, 84.875, 1.9747469961069573e-23, nan 
-34.625, 84.875, 1.8881061294438859e-23, nan 
-34.375, 84.875, 1.8699171415156408e-23, nan 
-34.125, 84.875, 1.7511172177989517e-23, nan 
-33.875, 84.875, 2.0387663234624294e-23, nan 
-33.625, 84.875, 2.2481752314709424e-23, nan 
-33.375, 84.875, 2.2246630781029823e-23, nan 
-33.125, 84.875, 2.1766705351981174e-23, nan 
-32.875, 84.875, 2.048128658995232e-23, nan 
-32.625, 84.875, 2.242773603287296e-23, nan 
-32.375, 84.875, 2.3673205838726445e-23, nan 
-32.125, 84.875, 2.5301409901761296e-23, nan 
-31.875, 84.875, 2.703124038919322e-23, nan 
-31.625, 84.875, 2.8279010663710406e-23, nan 
-31.375, 84.875, 2.880546498353807e-23, nan 
-31.125, 84.875, 2.998975924892205e-23, nan 
-30.875, 84.875, 2.870717619642056e-23, nan 
-30.625, 84.875, 2.8201388911838747e-23, nan 
-30.375, 84.875, 2.621953148267671e-23, nan 
-30.125, 84.875, 2.736899071010978e-23, nan 
-29.875, 84.875, 2.7243999048553563e-23, nan 
-29.625, 84.875, 2.766935206585868e-23, nan 
-29.375, 84.875, 2.699984067805599e-23, nan 
-29.125, 84.875, 2.751117598803016e-23, nan 
-28.875, 84.875, 2.8851705496745984e-23, nan 
-28.625, 84.875, 3.065403249884728e-23, nan 
-28.375, 84.875, 3.162011092510983e-23, nan 
-28.125, 84.875, 3.243127163288587e-23, nan 
-27.875, 84.875, 3.174357180642954e-23, nan 
-27.625, 84.875, 3.1300894163986096e-23, nan 
-27.375, 84.875, 3.2082296482671304e-23, nan 
-27.125, 84.875, 3.238724692852178e-23, nan 
-26.875, 84.875, 3.200939916034704e-23, nan 
-26.625, 84.875, 3.08996447806879e-23, nan 
-26.375, 84.875, 3.161281351846339e-23, nan 
-26.125, 84.875, 3.242540516922097e-23, nan 
-25.875, 84.875, 3.3454180822390897e-23, nan 
-25.625, 84.875, 3.43392543128816e-23, nan 
-25.375, 84.875, 3.4844216307422286e-23, nan 
-25.125, 84.875, 3.7568508648914153e-23, nan 
-24.875, 84.875, 4.2088867519831236e-23, nan 
-24.625, 84.875, 4.830929815859129e-23, nan 
-24.375, 84.875, 5.0892037175103054e-23, nan 
-24.125, 84.875, 5.1962915452405837e-23, nan 
-23.875, 84.875, 5.386167152047031e-23, nan 
-23.625, 84.875, 5.48692251697167e-23, nan 
-23.375, 84.875, 5.54541465099275e-23, nan 
-23.125, 84.875, 5.312646475249899e-23, nan 
-22.875, 84.875, 5.2218249096068874e-23, nan 
-22.625, 84.875, 5.092610360005486e-23, nan 
-22.375, 84.875, 4.804264422754286e-23, nan 
-22.125, 84.875, 4.7276998410197635e-23, nan 
-21.875, 84.875, 4.436757727864201e-23, nan 
-21.625, 84.875, 4.3262237056855035e-23, nan 
-21.375, 84.875, 4.4262309300232816e-23, nan 
-21.125, 84.875, 4.683782907075033e-23, nan 
-20.875, 84.875, 4.6497414757013304e-23, nan 
-20.625, 84.875, 4.757177807625082e-23, nan 
-20.375, 84.875, 4.6262128692623256e-23, nan 
-20.125, 84.875, 4.5193623576564346e-23, nan 
-19.875, 84.875, 4.371751015941289e-23, nan 
-19.625, 84.875, 4.561738470751813e-23, nan 
-19.375, 84.875, 4.705952695543976e-23, nan 
-19.125, 84.875, 5.1052451873777037e-23, nan 
-18.875, 84.875, 5.2376084362846476e-23, nan 
-18.625, 84.875, 5.341771067841538e-23, nan 
-18.375, 84.875, 5.300441125442321e-23, nan 
-18.125, 84.875, 5.1897988073012924e-23, nan 
-17.875, 84.875, 5.167704131847931e-23, nan 
-17.625, 84.875, 5.128762562619392e-23, nan 
-17.375, 84.875, 5.029902103333244e-23, nan 
-17.125, 84.875, 4.927791405503416e-23, nan 
-16.875, 84.875, 3.985095001176232e-23, nan 
-16.625, 84.875, 3.3402929499182545e-23, nan 
-16.375, 84.875, 3.0896730086351083e-23, nan 
-16.125, 84.875, 3.011775313272018e-23, nan 
-15.875, 84.875, 3.0379357244190554e-23, nan 
-15.625, 84.875, 2.946016727500547e-23, nan 
-15.375, 84.875, 2.925225066276771e-23, nan 
-15.125, 84.875, 2.962392859725038e-23, nan 
-14.875, 84.875, 2.996367738263621e-23, nan 
-14.625, 84.875, 2.993675072627597e-23, nan 
-14.375, 84.875, 2.890549458053238e-23, nan 
-14.125, 84.875, 2.1688405550641922e-23, nan 
-13.875, 84.875, 1.7589175518483755e-23, nan 
-13.625, 84.875, 1.657815977652947e-23, nan 
-13.375, 84.875, 1.9845503840140923e-23, nan 
-13.125, 84.875, 2.2391725245583028e-23, nan 
-12.875, 84.875, 2.1924463085746276e-23, nan 
-12.625, 84.875, 1.2808695612453851e-23, nan 
-12.375, 84.875, 1.0137168654014387e-23, nan 
-12.125, 84.875, 1.0176505206712882e-23, nan 
-11.875, 84.875, 1.0156823543030856e-23, nan 
-11.625, 84.875, 1.0337234475689481e-23, nan 
-11.375, 84.875, 1.10087291251419e-23, nan 
-11.125, 84.875, 1.2377847423166076e-23, nan 
-10.875, 84.875, 1.3940294751606116e-23, nan 
-10.625, 84.875, 1.460628226075436e-23, nan 
-10.375, 84.875, 1.306516083944024e-23, nan 
-10.125, 84.875, 1.2696473849065354e-23, nan 
-9.875, 84.875, 1.3893070133790504e-23, nan 
-9.625, 84.875, 1.527080661742749e-23, nan 
-9.375, 84.875, 1.6444590886986053e-23, nan 
-9.125, 84.875, 1.3917548376740728e-23, nan 
-8.875, 84.875, 3.03152040978006e-23, nan 
-8.625, 84.875, 4.234287134348286e-23, nan 
-8.375, 84.875, 4.636678249739901e-23, nan 
-8.125, 84.875, 4.7693376860560035e-23, nan 
-7.875, 84.875, 4.895109961055555e-23, nan 
-7.625, 84.875, 4.734503657351428e-23, nan 
-7.375, 84.875, 4.667006692584939e-23, nan 
-7.125, 84.875, 4.803638519919556e-23, nan 
-6.875, 84.875, 5.0402324433763896e-23, nan 
-6.625, 84.875, 5.0897679478718534e-23, nan 
-6.375, 84.875, 4.882756813278172e-23, nan 
-6.125, 84.875, 4.269279573497473e-23, nan 
-5.875, 84.875, 3.1474735714757424e-23, nan 
-5.625, 84.875, 1.7613360319466437e-23, nan 
-5.375, 84.875, 2.3373873245409505e-23, nan 
-5.125, 84.875, 2.135098681758621e-23, nan 
-4.875, 84.875, 2.675839546258902e-23, nan 
-4.625, 84.875, 2.8854972055352696e-23, nan 
-4.375, 84.875, 3.85514631835237e-23, nan 
-4.125, 84.875, 4.367534241132684e-23, nan 
-3.875, 84.875, 4.70393381789033e-23, nan 
-3.625, 84.875, 5.026833995172793e-23, nan 
-3.375, 84.875, 5.213561774356606e-23, nan 
-3.125, 84.875, 5.2503797421342543e-23, nan 
-2.875, 84.875, 5.345037724533453e-23, nan 
-2.625, 84.875, 5.455000238095553e-23, nan 
-2.375, 84.875, 5.72618350678829e-23, nan 
-2.125, 84.875, 5.926137452133633e-23, nan 
-1.875, 84.875, 6.15612739420238e-23, nan 
-1.625, 84.875, 6.251771836791557e-23, nan 
-1.375, 84.875, 6.32080892236477e-23, nan 
-1.125, 84.875, 6.291145997409816e-23, nan 
-0.875, 84.875, 6.403610069809154e-23, nan 
-0.625, 84.875, 6.506021994962008e-23, nan 
-0.375, 84.875, 6.730670802291888e-23, nan 
-0.125, 84.875, 6.881063111010527e-23, nan 
0.125, 84.875, 7.234746061065765e-23, nan 
0.375, 84.875, 7.521882841805071e-23, nan 
0.625, 84.875, 8.038534645633728e-23, nan 
0.875, 84.875, 1.0711122851873164e-22, nan 
1.125, 84.875, 1.239241678022084e-22, nan 
1.375, 84.875, 1.287323398085653e-22, nan 
1.625, 84.875, 1.315102952074116e-22, nan 
1.875, 84.875, 1.3149990113183874e-22, nan 
2.125, 84.875, 1.3373256384851515e-22, nan 
2.375, 84.875, 1.3348843338144202e-22, nan 
2.625, 84.875, 1.338003974085215e-22, nan 
2.875, 84.875, 1.3530731993077165e-22, nan 
3.125, 84.875, 1.3482519015009143e-22, nan 
3.375, 84.875, 1.3322939802800787e-22, nan 
3.625, 84.875, 1.069953432171777e-22, nan 
3.875, 84.875, 1.0347683731574498e-22, nan 
4.125, 84.875, 1.006088165667541e-22, nan 
4.375, 84.875, 1.0141926550272676e-22, nan 
4.625, 84.875, 1.0076967576534656e-22, nan 
4.875, 84.875, 1.0143959417479049e-22, nan 
5.125, 84.875, 1.0160576120473776e-22, nan 
5.375, 84.875, 1.0237176548075581e-22, nan 
5.625, 84.875, 1.034111845726151e-22, nan 
5.875, 84.875, 1.0372857657253011e-22, nan 
6.125, 84.875, 1.0271253546048372e-22, nan 
6.375, 84.875, 3.209234512378775e-23, nan 
6.625, 84.875, 1.9842569295323204e-23, nan 
6.875, 84.875, 1.955540158745826e-23, nan 
7.125, 84.875, 1.8945974045287442e-23, nan 
7.375, 84.875, 1.5849706959114338e-23, nan 
7.625, 84.875, 1.5254022471488752e-23, nan 
7.875, 84.875, 1.5944862464149917e-23, nan 
8.125, 84.875, 1.6711311057453506e-23, nan 
8.375, 84.875, 1.932311781335391e-23, nan 
8.625, 84.875, 2.0687815189358782e-23, nan 
8.875, 84.875, 2.4135398282308083e-23, nan 
9.125, 84.875, 2.892173754513437e-23, nan 
9.375, 84.875, 3.1074448680934125e-23, nan 
9.625, 84.875, 2.9197684279692376e-23, nan 
9.875, 84.875, 2.7252918971015197e-23, nan 
10.125, 84.875, 2.6516264667240276e-23, nan 
10.375, 84.875, 2.6280281323321018e-23, nan 
10.625, 84.875, 2.0704619895722537e-23, nan 
10.875, 84.875, 1.8714580941858185e-23, nan 
11.125, 84.875, 1.8212789442888394e-23, nan 
11.375, 84.875, 1.9026578141089737e-23, nan 
11.625, 84.875, 2.0607260953176924e-23, nan 
11.875, 84.875, 2.29315549533408e-23, nan 
12.125, 84.875, 2.429983742740753e-23, nan 
12.375, 84.875, 2.3527931148510294e-23, nan 
12.625, 84.875, 2.2617971281038275e-23, nan 
12.875, 84.875, 2.2188389122969358e-23, nan 
13.125, 84.875, 2.2326082068563674e-23, nan 
13.375, 84.875, 2.1333058635808418e-23, nan 
13.625, 84.875, 2.211862970581869e-23, nan 
13.875, 84.875, 2.2726602328598317e-23, nan 
14.125, 84.875, 2.4139174348811416e-23, nan 
14.375, 84.875, 2.710982726946806e-23, nan 
14.625, 84.875, 2.7081806786002e-23, nan 
14.875, 84.875, 2.6224513429240277e-23, nan 
15.125, 84.875, 2.6227708413011915e-23, nan 
15.375, 84.875, 2.6087928735050617e-23, nan 
15.625, 84.875, 2.4484601840568348e-23, nan 
15.875, 84.875, 2.612305379813e-23, nan 
16.125, 84.875, 2.997782328251861e-23, nan 
16.375, 84.875, 3.142348264345538e-23, nan 
16.625, 84.875, 2.799979671683796e-23, nan 
16.875, 84.875, 2.46323952291144e-23, nan 
17.125, 84.875, 2.4013758379539462e-23, nan 
17.375, 84.875, 2.466113715183859e-23, nan 
17.625, 84.875, 2.1154110652325322e-23, nan 
17.875, 84.875, 1.8668011795434624e-23, nan 
18.125, 84.875, 1.7926914667192565e-23, nan 
18.375, 84.875, 1.5940724043668613e-23, nan 
18.625, 84.875, 1.3958818311333736e-23, nan 
18.875, 84.875, 1.3035945634922639e-23, nan 
19.125, 84.875, 1.2477596092302777e-23, nan 
19.375, 84.875, 1.1959901273862432e-23, nan 
19.625, 84.875, 1.1096631430826077e-23, nan 
19.875, 84.875, 1.0408867270345065e-23, nan 
20.125, 84.875, 9.492874331314757e-24, nan 
20.375, 84.875, 9.129543316858602e-24, nan 
20.625, 84.875, 8.190298551611846e-24, nan 
20.875, 84.875, 7.771156842104769e-24, nan 
21.125, 84.875, 6.954821637732225e-24, nan 
21.375, 84.875, 6.515199373100632e-24, nan 
21.625, 84.875, 5.959042701161529e-24, nan 
21.875, 84.875, 5.62455320408008e-24, nan 
22.125, 84.875, 5.2134892049243716e-24, nan 
22.375, 84.875, 4.927052448241878e-24, nan 
22.625, 84.875, 4.537388238909656e-24, nan 
22.875, 84.875, 4.118415109648216e-24, nan 
23.125, 84.875, 3.57465148560425e-24, nan 
23.375, 84.875, 3.27432926314949e-24, nan 
23.625, 84.875, 3.0509517716637285e-24, nan 
23.875, 84.875, 2.9746261916859136e-24, nan 
24.125, 84.875, 3.7924975942733956e-24, nan 
24.375, 84.875, 4.128826508735305e-24, nan 
24.625, 84.875, 3.83178762728203e-24, nan 
24.875, 84.875, 3.245088103394981e-24, nan 
25.125, 84.875, 3.370052414847279e-24, nan 
25.375, 84.875, 3.2532642917652598e-24, nan 
25.625, 84.875, 2.6288828026826476e-24, nan 
25.875, 84.875, 2.9301504073838472e-24, nan 
26.125, 84.875, 4.045349502061522e-24, nan 
26.375, 84.875, 3.403162834390798e-24, nan 
26.625, 84.875, 3.50739257741942e-24, nan 
26.875, 84.875, 2.4721756644169532e-24, nan 
27.125, 84.875, 2.5649878231756066e-24, nan 
27.375, 84.875, 3.5767008029236495e-24, nan 
27.625, 84.875, 6.113705916442893e-24, nan 
27.875, 84.875, 7.762548112025336e-24, nan 
28.125, 84.875, 9.499183275537996e-24, nan 
28.375, 84.875, 1.0967728841805943e-23, nan 
28.625, 84.875, 1.1808259297279991e-23, nan 
28.875, 84.875, 1.179884018985037e-23, nan 
29.125, 84.875, 1.1794939769415526e-23, nan 
29.375, 84.875, 1.1654544525691307e-23, nan 
29.625, 84.875, 1.2036271044274074e-23, nan 
29.875, 84.875, 1.1820362127397208e-23, nan 
30.125, 84.875, 1.1625353052771632e-23, nan 
30.375, 84.875, 1.1830436258571698e-23, nan 
30.625, 84.875, 1.2025923076165529e-23, nan 
30.875, 84.875, 1.2608412052758894e-23, nan 
31.125, 84.875, 1.3096551894015e-23, nan 
31.375, 84.875, 1.3003936882013521e-23, nan 
31.625, 84.875, 1.2858153793233274e-23, nan 
31.875, 84.875, 1.2632787898810348e-23, nan 
32.125, 84.875, 1.2564756664945129e-23, nan 
32.375, 84.875, 1.2705954588990677e-23, nan 
32.625, 84.875, 1.2501453291511946e-23, nan 
32.875, 84.875, 1.1849724077430581e-23, nan 
33.125, 84.875, 1.133988875690798e-23, nan 
33.375, 84.875, 1.1096901852512248e-23, nan 
33.625, 84.875, 1.0665263962023378e-23, nan 
33.875, 84.875, 1.0545401017122389e-23, nan 
34.125, 84.875, 1.0248481496310216e-23, nan 
34.375, 84.875, 9.803353263283947e-24, nan 
34.625, 84.875, 9.644714685818876e-24, nan 
34.875, 84.875, 9.502857309296943e-24, nan 
35.125, 84.875, 9.241956153338961e-24, nan 
35.375, 84.875, 9.27519018312669e-24, nan 
35.625, 84.875, 8.93174695512014e-24, nan 
35.875, 84.875, 8.576574706809645e-24, nan 
36.125, 84.875, 8.274146108395278e-24, nan 
36.375, 84.875, 7.606936350130812e-24, nan 
36.625, 84.875, 7.300232574095149e-24, nan 
36.875, 84.875, 7.405594844281338e-24, nan 
37.125, 84.875, 7.274669283260859e-24, nan 
37.375, 84.875, 7.146267072922418e-24, nan 
37.625, 84.875, 6.801907587459521e-24, nan 
37.875, 84.875, 6.809195222695888e-24, nan 
38.125, 84.875, 6.651763704591783e-24, nan 
38.375, 84.875, 6.631247834716095e-24, nan 
38.625, 84.875, 6.514324988204031e-24, nan 
38.875, 84.875, 6.482065899575259e-24, nan 
39.125, 84.875, 6.400831897803699e-24, nan 
39.375, 84.875, 6.19005216219903e-24, nan 
39.625, 84.875, 6.1527038647651025e-24, nan 
39.875, 84.875, 6.614021318606103e-24, nan 
40.125, 84.875, 7.147415849070321e-24, nan 
40.375, 84.875, 8.073089644173763e-24, nan 
40.625, 84.875, 8.60977704994383e-24, nan 
40.875, 84.875, 8.311537059099672e-24, nan 
41.125, 84.875, 8.052451695839223e-24, nan 
41.375, 84.875, 7.685128948987923e-24, nan 
41.625, 84.875, 8.287887010691245e-24, nan 
41.875, 84.875, 9.38773892525649e-24, nan 
42.125, 84.875, 9.734102937803226e-24, nan 
42.375, 84.875, 1.0378412765063271e-23, nan 
42.625, 84.875, 1.0542596206682172e-23, nan 
42.875, 84.875, 1.0128821007670627e-23, nan 
43.125, 84.875, 1.0538267465813223e-23, nan 
43.375, 84.875, 1.0847896972387392e-23, nan 
43.625, 84.875, 1.061877745064824e-23, nan 
43.875, 84.875, 1.0980158732233896e-23, nan 
44.125, 84.875, 1.1175759437725465e-23, nan 
44.375, 84.875, 1.1454733183989493e-23, nan 
44.625, 84.875, 1.1783153407528691e-23, nan 
44.875, 84.875, 1.2517660525281535e-23, nan 
45.125, 84.875, 1.2821709899033567e-23, nan 
45.375, 84.875, 1.2616106933428275e-23, nan 
45.625, 84.875, 1.2464725343362937e-23, nan 
45.875, 84.875, 1.2521448913924251e-23, nan 
46.125, 84.875, 1.2325791302521776e-23, nan 
46.375, 84.875, 1.2828636838694503e-23, nan 
46.625, 84.875, 1.3062990787917457e-23, nan 
46.875, 84.875, 1.3516210227702332e-23, nan 
47.125, 84.875, 1.3780487664453467e-23, nan 
47.375, 84.875, 1.399904671728779e-23, nan 
47.625, 84.875, 1.4100603339920333e-23, nan 
47.875, 84.875, 1.4209723065072436e-23, nan 
48.125, 84.875, 1.414176648759494e-23, nan 
48.375, 84.875, 1.3755955292986319e-23, nan 
48.625, 84.875, 1.3649984093065577e-23, nan 
48.875, 84.875, 1.418065091930169e-23, nan 
49.125, 84.875, 1.4557210530397896e-23, nan 
49.375, 84.875, 1.4612925420334402e-23, nan 
49.625, 84.875, 1.5070265672002956e-23, nan 
49.875, 84.875, 1.5226452152885112e-23, nan 
50.125, 84.875, 1.5091227714369292e-23, nan 
50.375, 84.875, 1.5059839595872422e-23, nan 
50.625, 84.875, 1.5605807897104046e-23, nan 
50.875, 84.875, 1.5522463505439722e-23, nan 
51.125, 84.875, 1.5931599321369666e-23, nan 
51.375, 84.875, 1.6055957809911754e-23, nan 
51.625, 84.875, 1.613583177647365e-23, nan 
51.875, 84.875, 1.5963373831880407e-23, nan 
52.125, 84.875, 1.5282951354362883e-23, nan 
52.375, 84.875, 1.5440084135726306e-23, nan 
52.625, 84.875, 1.55958105942051e-23, nan 
52.875, 84.875, 1.591776992126465e-23, nan 
53.125, 84.875, 1.634831247036517e-23, nan 
53.375, 84.875, 1.6659918282233213e-23, nan 
53.625, 84.875, 1.6694079382758292e-23, nan 
53.875, 84.875, 1.696402261604503e-23, nan 
54.125, 84.875, 1.7054156920240422e-23, nan 
54.375, 84.875, 1.7294870247797295e-23, nan 
54.625, 84.875, 1.7646442599143214e-23, nan 
54.875, 84.875, 1.765881536468199e-23, nan 
55.125, 84.875, 1.776093685887219e-23, nan 
55.375, 84.875, 1.7158127096715472e-23, nan 
55.625, 84.875, 1.672829439630373e-23, nan 
55.875, 84.875, 1.6792248447121766e-23, nan 
56.125, 84.875, 1.6542464494276392e-23, nan 
56.375, 84.875, 1.6490788526084595e-23, nan 
56.625, 84.875, 1.716346616569454e-23, nan 
56.875, 84.875, 1.7635488419191885e-23, nan 
57.125, 84.875, 1.7056026248355662e-23, nan 
57.375, 84.875, 1.7350858503191514e-23, nan 
57.625, 84.875, 1.7386193422572452e-23, nan 
57.875, 84.875, 1.871708185225429e-23, nan 
58.125, 84.875, 1.9054815027048425e-23, nan 
58.375, 84.875, 1.9738804867530753e-23, nan 
58.625, 84.875, 1.966442273978232e-23, nan 
58.875, 84.875, 1.9947952409765052e-23, nan 
59.125, 84.875, 2.0851027674002706e-23, nan 
59.375, 84.875, 2.1687675386027225e-23, nan 
59.625, 84.875, 2.184988779484825e-23, nan 
59.875, 84.875, 2.1486778740181964e-23, nan 
60.125, 84.875, 2.2451978154890594e-23, nan 
60.375, 84.875, 2.2930098149306963e-23, nan 
60.625, 84.875, 2.3388286093790966e-23, nan 
60.875, 84.875, 2.3321167760394694e-23, nan 
61.125, 84.875, 2.3474546304714986e-23, nan 
61.375, 84.875, 2.4435326082182764e-23, nan 
61.625, 84.875, 2.523054200705264e-23, nan 
61.875, 84.875, 2.4965037691306794e-23, nan 
62.125, 84.875, 2.47277940325805e-23, nan 
62.375, 84.875, 2.466142282723154e-23, nan 
62.625, 84.875, 2.243247957938881e-23, nan 
62.875, 84.875, 2.2135123657345912e-23, nan 
63.125, 84.875, 2.2340874292014428e-23, nan 
63.375, 84.875, 2.130921983590058e-23, nan 
63.625, 84.875, 2.048557067595987e-23, nan 
63.875, 84.875, 1.932126728021583e-23, nan 
64.125, 84.875, 1.924798957284621e-23, nan 
64.375, 84.875, 1.958257685004621e-23, nan 
64.625, 84.875, 2.015506460553679e-23, nan 
64.875, 84.875, 2.08745624906046e-23, nan 
65.125, 84.875, 2.1490596462695987e-23, nan 
65.375, 84.875, 2.1495450238076187e-23, nan 
65.625, 84.875, 2.1647730493154172e-23, nan 
65.875, 84.875, 2.1917921561008674e-23, nan 
66.125, 84.875, 2.181283098363754e-23, nan 
66.375, 84.875, 2.0626442285515283e-23, nan 
66.625, 84.875, 2.058370969734664e-23, nan 
66.875, 84.875, 2.0864931617972978e-23, nan 
67.125, 84.875, 2.04815323875209e-23, nan 
67.375, 84.875, 2.1080401067225951e-23, nan 
67.625, 84.875, 2.082786745079546e-23, nan 
67.875, 84.875, 2.1639366466501306e-23, nan 
68.125, 84.875, 2.2339159669991917e-23, nan 
68.375, 84.875, 2.3287836615718175e-23, nan 
68.625, 84.875, 2.3429617058797368e-23, nan 
68.875, 84.875, 2.462319786504806e-23, nan 
69.125, 84.875, 2.6105567903767183e-23, nan 
69.375, 84.875, 2.744957164140956e-23, nan 
69.625, 84.875, 2.815525470401207e-23, nan 
69.875, 84.875, 2.770992188734833e-23, nan 
70.125, 84.875, 2.7125773663019316e-23, nan 
70.375, 84.875, 2.696671325644729e-23, nan 
70.625, 84.875, 2.7736420617340733e-23, nan 
70.875, 84.875, 2.9906111216407123e-23, nan 
71.125, 84.875, 3.136647323286617e-23, nan 
71.375, 84.875, 3.087564390580832e-23, nan 
71.625, 84.875, 3.033030499714716e-23, nan 
71.875, 84.875, 3.131619619126572e-23, nan 
72.125, 84.875, 3.31197142832073e-23, nan 
72.375, 84.875, 3.292383758535946e-23, nan 
72.625, 84.875, 3.2266040584694466e-23, nan 
72.875, 84.875, 3.2511487187488184e-23, nan 
73.125, 84.875, 3.262506524689803e-23, nan 
73.375, 84.875, 3.555671280194311e-23, nan 
73.625, 84.875, 3.9184143841581955e-23, nan 
73.875, 84.875, 4.0184942697404087e-23, nan 
74.125, 84.875, 4.154895341943958e-23, nan 
74.375, 84.875, 4.059032739394773e-23, nan 
74.625, 84.875, 3.67123370513244e-23, nan 
74.875, 84.875, 3.552919870062598e-23, nan 
75.125, 84.875, 3.618463553928208e-23, nan 
75.375, 84.875, 3.736462368972324e-23, nan 
75.625, 84.875, 3.9711598394462185e-23, nan 
75.875, 84.875, 4.0857041213669877e-23, nan 
76.125, 84.875, 4.20401175248794e-23, nan 
76.375, 84.875, 4.251301881586536e-23, nan 
76.625, 84.875, 4.3592839598676516e-23, nan 
76.875, 84.875, 4.131701834539254e-23, nan 
77.125, 84.875, 4.174807580315102e-23, nan 
77.375, 84.875, 4.3858832002891395e-23, nan 
77.625, 84.875, 4.351958228326218e-23, nan 
77.875, 84.875, 4.5421342436001314e-23, nan 
78.125, 84.875, 4.759748997712265e-23, nan 
78.375, 84.875, 4.6829288422366686e-23, nan 
78.625, 84.875, 4.980506427339924e-23, nan 
78.875, 84.875, 5.1161297435376276e-23, nan 
79.125, 84.875, 5.0747344965891245e-23, nan 
79.375, 84.875, 5.107386062191201e-23, nan 
79.625, 84.875, 5.485602562063687e-23, nan 
79.875, 84.875, 6.314380854469843e-23, nan 
80.125, 84.875, 6.402602120247806e-23, nan 
80.375, 84.875, 6.440361905288309e-23, nan 
80.625, 84.875, 6.706595188886074e-23, nan 
80.875, 84.875, 6.71024299813214e-23, nan 
81.125, 84.875, 7.016569225406482e-23, nan 
81.375, 84.875, 7.215015949290569e-23, nan 
81.625, 84.875, 7.623205586721145e-23, nan 
81.875, 84.875, 6.628928910610162e-23, nan 
82.125, 84.875, 5.238080676480643e-23, nan 
82.375, 84.875, 4.8793416298987683e-23, nan 
82.625, 84.875, 4.7861098885325357e-23, nan 
82.875, 84.875, 4.918787116322598e-23, nan 
83.125, 84.875, 5.182419489847197e-23, nan 
83.375, 84.875, 5.414760957852844e-23, nan 
83.625, 84.875, 5.460169696056845e-23, nan 
83.875, 84.875, 5.662211300204436e-23, nan 
84.125, 84.875, 5.860779134674018e-23, nan 
84.375, 84.875, 5.806734971029758e-23, nan 
84.625, 84.875, 5.977497359280354e-23, nan 
84.875, 84.875, 5.888937834915295e-23, nan 
85.125, 84.875, 6.144775133312484e-23, nan 
85.375, 84.875, 6.473110387333053e-23, nan 
85.625, 84.875, 6.647601858066925e-23, nan 
85.875, 84.875, 6.86596721443558e-23, nan 
86.125, 84.875, 6.837679888289664e-23, nan 
86.375, 84.875, 6.941240066659509e-23, nan 
86.625, 84.875, 6.814826036325441e-23, nan 
86.875, 84.875, 6.778731799155596e-23, nan 
87.125, 84.875, 6.86166135078855e-23, nan 
87.375, 84.875, 6.742687288946894e-23, nan 
87.625, 84.875, 6.585765684899621e-23, nan 
87.875, 84.875, 6.588544837320493e-23, nan 
88.125, 84.875, 6.4736547324577e-23, nan 
88.375, 84.875, 6.820962125196816e-23, nan 
88.625, 84.875, 7.259102832810022e-23, nan 
88.875, 84.875, 7.290038090172891e-23, nan 
89.125, 84.875, 7.164526907783228e-23, nan 
89.375, 84.875, 7.442208293429708e-23, nan 
89.625, 84.875, 8.479779922604965e-23, nan 
89.875, 84.875, 9.419041397503883e-23, nan 
90.125, 84.875, 8.634706738639251e-23, nan 
90.375, 84.875, 7.346183998434475e-23, nan 
90.625, 84.875, 7.287688925035541e-23, nan 
90.875, 84.875, 7.371245648749384e-23, nan 
91.125, 84.875, 7.587026789639836e-23, nan 
91.375, 84.875, 7.69976369139587e-23, nan 
91.625, 84.875, 8.04294192110867e-23, nan 
91.875, 84.875, 7.589544693026712e-23, nan 
92.125, 84.875, 7.948804247329502e-23, nan 
92.375, 84.875, 9.834245800982632e-23, nan 
92.625, 84.875, 1.13074807161556e-22, nan 
92.875, 84.875, 1.5187510308946694e-22, nan 
93.125, 84.875, 1.7471512101423805e-22, nan 
93.375, 84.875, 1.8419458111884582e-22, nan 
93.625, 84.875, 1.7483134362802265e-22, nan 
93.875, 84.875, 1.7722421060907769e-22, nan 
94.125, 84.875, 1.8435782699364695e-22, nan 
94.375, 84.875, 2.0275459771934877e-22, nan 
94.625, 84.875, 2.0828889552049183e-22, nan 
94.875, 84.875, 2.2115932503757005e-22, nan 
95.125, 84.875, 1.8791248470025902e-22, nan 
95.375, 84.875, 1.940251016479878e-22, nan 
95.625, 84.875, 2.8186404843286883e-22, nan 
95.875, 84.875, 3.3436377175974183e-22, nan 
96.125, 84.875, 3.5459860461489457e-22, nan 
96.375, 84.875, 3.4739517805917267e-22, nan 
96.625, 84.875, 3.5145047891193913e-22, nan 
96.875, 84.875, 3.6508815435715663e-22, nan 
97.125, 84.875, 3.928303999611256e-22, nan 
97.375, 84.875, 3.8698684866001e-22, nan 
97.625, 84.875, 4.063118797797652e-22, nan 
97.875, 84.875, 2.7641456750717026e-22, nan 
98.125, 84.875, 2.272769261919985e-22, nan 
98.375, 84.875, 1.7537563878716871e-22, nan 
98.625, 84.875, 2.048227246658968e-22, nan 
98.875, 84.875, 2.1567893258506594e-22, nan 
99.125, 84.875, 2.2112131162700323e-22, nan 
99.375, 84.875, 2.2721075313892787e-22, nan 
99.625, 84.875, 2.42243005858403e-22, nan 
99.875, 84.875, 2.4835190246008584e-22, nan 
100.125, 84.875, 2.5015988365987387e-22, nan 
100.375, 84.875, 2.6421446589432015e-22, nan 
100.625, 84.875, 2.33101053489552e-22, nan 
100.875, 84.875, 2.338681671414677e-22, nan 
101.125, 84.875, 2.1197277884699937e-22, nan 
101.375, 84.875, 2.274816549221095e-22, nan 
101.625, 84.875, 2.209123223772957e-22, nan 
101.875, 84.875, 2.1463472675801273e-22, nan 
102.125, 84.875, 2.112387117210221e-22, nan 
102.375, 84.875, 2.128627460443324e-22, nan 
102.625, 84.875, 2.1341102279980126e-22, nan 
102.875, 84.875, 2.352723872531718e-22, nan 
103.125, 84.875, 2.394453870477668e-22, nan 
103.375, 84.875, 2.4741351708357984e-22, nan 
103.625, 84.875, 2.4961123860879806e-22, nan 
103.875, 84.875, 2.6096967662469095e-22, nan 
104.125, 84.875, 2.600219576319377e-22, nan 
104.375, 84.875, 2.5343327580119636e-22, nan 
104.625, 84.875, 3.4377173796085795e-22, nan 
104.875, 84.875, 4.193709333584309e-22, nan 
105.125, 84.875, 5.430942979267294e-22, nan 
105.375, 84.875, 7.122922828197862e-22, nan 
105.625, 84.875, 7.826502618757683e-22, nan 
105.875, 84.875, 8.227548531172071e-22, nan 
106.125, 84.875, 8.183795629614912e-22, nan 
106.375, 84.875, 8.065746884443252e-22, nan 
106.625, 84.875, 7.963487842647425e-22, nan 
106.875, 84.875, 7.585650002896707e-22, nan 
107.125, 84.875, 6.7216833457682125e-22, nan 
107.375, 84.875, 6.077350348884848e-22, nan 
107.625, 84.875, 6.733142956944741e-22, nan 
107.875, 84.875, 7.38683422941244e-22, nan 
108.125, 84.875, 7.686794561463382e-22, nan 
108.375, 84.875, 7.903929913428156e-22, nan 
108.625, 84.875, 8.18529380287814e-22, nan 
108.875, 84.875, 8.510046738962833e-22, nan 
109.125, 84.875, 8.785903218817348e-22, nan 
109.375, 84.875, 8.870700992340496e-22, nan 
109.625, 84.875, 8.594891831113097e-22, nan 
109.875, 84.875, 8.251347599073797e-22, nan 
110.125, 84.875, 7.097282360359994e-22, nan 
110.375, 84.875, 6.575560421156834e-22, nan 
110.625, 84.875, 6.399133858791339e-22, nan 
110.875, 84.875, 6.504905200727141e-22, nan 
111.125, 84.875, 6.07100068038004e-22, nan 
111.375, 84.875, 5.826045158176716e-22, nan 
111.625, 84.875, 5.962268516636049e-22, nan 
111.875, 84.875, 5.635927089673823e-22, nan 
112.125, 84.875, 5.385671218961205e-22, nan 
112.375, 84.875, 5.191437408775501e-22, nan 
112.625, 84.875, 5.063577407463056e-22, nan 
112.875, 84.875, 4.769129029168356e-22, nan 
113.125, 84.875, 4.352142002970077e-22, nan 
113.375, 84.875, 3.8656128053098143e-22, nan 
113.625, 84.875, 3.9837712698642796e-22, nan 
113.875, 84.875, 4.270569837479666e-22, nan 
114.125, 84.875, 4.568302519771789e-22, nan 
114.375, 84.875, 4.586842156912705e-22, nan 
114.625, 84.875, 4.949406019504082e-22, nan 
114.875, 84.875, 5.439212015670568e-22, nan 
115.125, 84.875, 5.436971712266878e-22, nan 
115.375, 84.875, 5.230738062646894e-22, nan 
115.625, 84.875, 4.986420483688119e-22, nan 
115.875, 84.875, 4.805731579312414e-22, nan 
116.125, 84.875, 4.2257466321438506e-22, nan 
116.375, 84.875, 4.696765473804283e-22, nan 
116.625, 84.875, 5.779964212020536e-22, nan 
116.875, 84.875, 6.845083940625598e-22, nan 
117.125, 84.875, 7.212118623858886e-22, nan 
117.375, 84.875, 8.214362423533948e-22, nan 
117.625, 84.875, 8.938898597853148e-22, nan 
117.875, 84.875, 7.469318880945116e-22, nan 
118.125, 84.875, 6.93754246149929e-22, nan 
118.375, 84.875, 7.2902589960188865e-22, nan 
118.625, 84.875, 7.031465917783643e-22, nan 
118.875, 84.875, 5.6836106016733e-22, nan 
119.125, 84.875, 4.338765566522676e-22, nan 
119.375, 84.875, 3.2685536125594285e-22, nan 
119.625, 84.875, 3.960135999739414e-22, nan 
119.875, 84.875, 3.415223308731909e-22, nan 
120.125, 84.875, 3.5085152370229125e-22, nan 
120.375, 84.875, 4.0009591860987135e-22, nan 
120.625, 84.875, 2.4813078264325166e-22, nan 
120.875, 84.875, 2.309960255993135e-22, nan 
121.125, 84.875, 2.3201240318163216e-22, nan 
121.375, 84.875, 2.259370107743982e-22, nan 
121.625, 84.875, 1.8768663791390148e-22, nan 
121.875, 84.875, 1.690694925413968e-22, nan 
122.125, 84.875, 1.3713350121562414e-22, nan 
122.375, 84.875, 1.4679603601554306e-22, nan 
122.625, 84.875, 1.677133720331238e-22, nan 
122.875, 84.875, 2.285743718456755e-22, nan 
123.125, 84.875, 2.138809090135953e-22, nan 
123.375, 84.875, 1.6636749522437106e-22, nan 
123.625, 84.875, 1.4022117391142291e-22, nan 
123.875, 84.875, 2.15609649001346e-22, nan 
124.125, 84.875, 2.550325253060822e-22, nan 
124.375, 84.875, 3.7352879181434715e-22, nan 
124.625, 84.875, 3.5481813125003843e-22, nan 
124.875, 84.875, 3.3645232305474237e-22, nan 
125.125, 84.875, 3.3886014394635045e-22, nan 
125.375, 84.875, 3.7601497081495245e-22, nan 
125.625, 84.875, 3.992794026708257e-22, nan 
125.875, 84.875, 4.260509967175063e-22, nan 
126.125, 84.875, 5.3219490001893e-22, nan 
126.375, 84.875, 6.200803733900613e-22, nan 
126.625, 84.875, 6.308813174697613e-22, nan 
126.875, 84.875, 5.423001231152502e-22, nan 
127.125, 84.875, 4.733402992238434e-22, nan 
127.375, 84.875, 4.915733900815561e-22, nan 
127.625, 84.875, 3.856236580587217e-22, nan 
127.875, 84.875, 3.1720895611466073e-22, nan 
128.125, 84.875, 3.1670779890598985e-22, nan 
128.375, 84.875, 3.070782949092426e-22, nan 
128.625, 84.875, 4.0041702094088626e-22, nan 
128.875, 84.875, 6.591690766917361e-22, nan 
129.125, 84.875, 8.249549017872598e-22, nan 
129.375, 84.875, 7.848162835462573e-22, nan 
129.625, 84.875, 5.897603960604425e-22, nan 
129.875, 84.875, 3.523730355902299e-22, nan 
130.125, 84.875, 3.9542157118363577e-22, nan 
130.375, 84.875, 3.8164962611662223e-22, nan 
130.625, 84.875, 4.000300096625603e-22, nan 
130.875, 84.875, 5.180772933362516e-22, nan 
131.125, 84.875, 5.347900932477404e-22, nan 
131.375, 84.875, 5.933189607370655e-22, nan 
131.625, 84.875, 6.884306665441028e-22, nan 
131.875, 84.875, 7.585882767375326e-22, nan 
132.125, 84.875, 7.303274993956903e-22, nan 
132.375, 84.875, 6.851191210211277e-22, nan 
132.625, 84.875, 6.454316299555874e-22, nan 
132.875, 84.875, 6.089263932615012e-22, nan 
133.125, 84.875, 4.255337467570781e-22, nan 
133.375, 84.875, 3.64260790287169e-22, nan 
133.625, 84.875, 4.142437413091819e-22, nan 
133.875, 84.875, 4.1287384427696014e-22, nan 
134.125, 84.875, 3.6752122161956357e-22, nan 
134.375, 84.875, 3.66861136517445e-22, nan 
134.625, 84.875, 3.4963267420159856e-22, nan 
134.875, 84.875, 3.779201678672217e-22, nan 
135.125, 84.875, 3.7567572211890917e-22, nan 
135.375, 84.875, 4.0980131501991924e-22, nan 
135.625, 84.875, 4.051462781816061e-22, nan 
135.875, 84.875, 3.9252833115149024e-22, nan 
136.125, 84.875, 3.961780063388529e-22, nan 
136.375, 84.875, 3.83213583559552e-22, nan 
136.625, 84.875, 3.7880454531218043e-22, nan 
136.875, 84.875, 3.803299649670568e-22, nan 
137.125, 84.875, 3.7023844525273684e-22, nan 
137.375, 84.875, 3.542718348110238e-22, nan 
137.625, 84.875, 3.474071009237065e-22, nan 
137.875, 84.875, 3.341402648286039e-22, nan 
138.125, 84.875, 3.1417167815095176e-22, nan 
138.375, 84.875, 2.830627400554997e-22, nan 
138.625, 84.875, 2.4475284742157367e-22, nan 
138.875, 84.875, 2.3108583190480337e-22, nan 
139.125, 84.875, 2.377837459546888e-22, nan 
139.375, 84.875, 2.685538521012164e-22, nan 
139.625, 84.875, 2.579005199966166e-22, nan 
139.875, 84.875, 2.5309830974420343e-22, nan 
140.125, 84.875, 2.5764105383199813e-22, nan 
140.375, 84.875, 2.4638772411983176e-22, nan 
140.625, 84.875, 2.3794453229667533e-22, nan 
140.875, 84.875, 2.344033466605595e-22, nan 
141.125, 84.875, 2.216764479496117e-22, nan 
141.375, 84.875, 2.2230523272193903e-22, nan 
141.625, 84.875, 2.2330677493204e-22, nan 
141.875, 84.875, 1.8767540115852527e-22, nan 
142.125, 84.875, 1.853926832949573e-22, nan 
142.375, 84.875, 2.081554252774207e-22, nan 
142.625, 84.875, 2.446976232759455e-22, nan 
142.875, 84.875, 2.928979994380646e-22, nan 
143.125, 84.875, 3.1298663787505267e-22, nan 
143.375, 84.875, 3.133699442957417e-22, nan 
143.625, 84.875, 3.0797860203295656e-22, nan 
143.875, 84.875, 2.806075638228659e-22, nan 
144.125, 84.875, 2.2345637917260423e-22, nan 
144.375, 84.875, 1.6545255148340648e-22, nan 
144.625, 84.875, 1.4516553068261703e-22, nan 
144.875, 84.875, 1.5404247792021788e-22, nan 
145.125, 84.875, 1.687795189429711e-22, nan 
145.375, 84.875, 1.6054812319158658e-22, nan 
145.625, 84.875, 1.7387478235044563e-22, nan 
145.875, 84.875, 2.1262708034195086e-22, nan 
146.125, 84.875, 2.224375574520722e-22, nan 
146.375, 84.875, 2.6651020563106607e-22, nan 
146.625, 84.875, 3.0704982577055815e-22, nan 
146.875, 84.875, 3.1539543419238237e-22, nan 
147.125, 84.875, 2.7509782902107534e-22, nan 
147.375, 84.875, 2.619216161834003e-22, nan 
147.625, 84.875, 2.4710520098897783e-22, nan 
147.875, 84.875, 2.473013632800873e-22, nan 
148.125, 84.875, 2.5982388521454575e-22, nan 
148.375, 84.875, 2.4667876891576376e-22, nan 
148.625, 84.875, 2.80267334194673e-22, nan 
148.875, 84.875, 2.8797718447448585e-22, nan 
149.125, 84.875, 3.3659048855488094e-22, nan 
149.375, 84.875, 4.19061697804673e-22, nan 
149.625, 84.875, 4.277967295701378e-22, nan 
149.875, 84.875, 4.817554562874958e-22, nan 
150.125, 84.875, 4.397763544187342e-22, nan 
150.375, 84.875, 4.3353074907147585e-22, nan 
150.625, 84.875, 4.666425507365091e-22, nan 
150.875, 84.875, 5.307927707621072e-22, nan 
151.125, 84.875, 5.578716283664935e-22, nan 
151.375, 84.875, 6.032394625275434e-22, nan 
151.625, 84.875, 5.510405192406747e-22, nan 
151.875, 84.875, 5.791593176297502e-22, nan 
152.125, 84.875, 5.626188733202982e-22, nan 
152.375, 84.875, 5.720011263946396e-22, nan 
152.625, 84.875, 5.612563706352986e-22, nan 
152.875, 84.875, 5.420695918259234e-22, nan 
153.125, 84.875, 5.225776212714433e-22, nan 
153.375, 84.875, 4.898232750754125e-22, nan 
153.625, 84.875, 4.591131594362588e-22, nan 
153.875, 84.875, 3.859774327455815e-22, nan 
154.125, 84.875, 3.715406366723247e-22, nan 
154.375, 84.875, 3.2098295614068775e-22, nan 
154.625, 84.875, 2.3238225639159686e-22, nan 
154.875, 84.875, 2.410841792146515e-22, nan 
155.125, 84.875, 2.679669558433476e-22, nan 
155.375, 84.875, 2.937952553469152e-22, nan 
155.625, 84.875, 2.8205167158590115e-22, nan 
155.875, 84.875, 2.7713329926230567e-22, nan 
156.125, 84.875, 2.7151444199549002e-22, nan 
156.375, 84.875, 2.802081614898188e-22, nan 
156.625, 84.875, 2.956987988656778e-22, nan 
156.875, 84.875, 2.946283380116308e-22, nan 
157.125, 84.875, 2.783236410844859e-22, nan 
157.375, 84.875, 2.0402681621565e-22, nan 
157.625, 84.875, 1.7067708774529452e-22, nan 
157.875, 84.875, 1.387468619832001e-22, nan 
158.125, 84.875, 1.2225135056682615e-22, nan 
158.375, 84.875, 1.0768694480792444e-22, nan 
158.625, 84.875, 9.177895014287801e-23, nan 
158.875, 84.875, 7.956463992081448e-23, nan 
159.125, 84.875, 1.0732712281894874e-22, nan 
159.375, 84.875, 1.4331336544663062e-22, nan 
159.625, 84.875, 1.362307770491036e-22, nan 
159.875, 84.875, 1.6145053162798586e-22, nan 
160.125, 84.875, 1.8176253972301873e-22, nan 
160.375, 84.875, 1.4773212434368468e-22, nan 
160.625, 84.875, 1.3019072734824673e-22, nan 
160.875, 84.875, 1.0585410043002387e-22, nan 
161.125, 84.875, 1.0049905597258061e-22, nan 
161.375, 84.875, 9.20019028233475e-23, nan 
161.625, 84.875, 8.483853499388295e-23, nan 
161.875, 84.875, 7.476616595940677e-23, nan 
162.125, 84.875, 7.300314365894441e-23, nan 
162.375, 84.875, 6.794201217292241e-23, nan 
162.625, 84.875, 5.992112755576833e-23, nan 
162.875, 84.875, 5.973489314061035e-23, nan 
163.125, 84.875, 6.505421740946576e-23, nan 
163.375, 84.875, 6.626886235708528e-23, nan 
163.625, 84.875, 6.326497299987649e-23, nan 
163.875, 84.875, 5.437694804112731e-23, nan 
164.125, 84.875, 4.7943174009454974e-23, nan 
164.375, 84.875, 4.244913716180101e-23, nan 
164.625, 84.875, 3.5410650035526885e-23, nan 
164.875, 84.875, 3.4664003234884984e-23, nan 
165.125, 84.875, 3.187502189836334e-23, nan 
165.375, 84.875, 2.365949158567995e-23, nan 
165.625, 84.875, 1.9485217896375707e-23, nan 
165.875, 84.875, 1.6865891164097763e-23, nan 
166.125, 84.875, 1.2589546283749143e-23, nan 
166.375, 84.875, 1.6479944291135196e-23, nan 
166.625, 84.875, 1.5046151656696498e-23, nan 
166.875, 84.875, 9.524474584190451e-24, nan 
167.125, 84.875, 9.401337113150999e-24, nan 
167.375, 84.875, 1.3150587995515174e-23, nan 
167.625, 84.875, 1.0385967248256882e-23, nan 
167.875, 84.875, 6.945329533802702e-24, nan 
168.125, 84.875, 2.974841677847626e-24, nan 
168.375, 84.875, 1.2769905957952815e-23, nan 
168.625, 84.875, 1.4418283908477925e-23, nan 
168.875, 84.875, 1.087075511848773e-23, nan 
169.125, 84.875, 1.0591016342562678e-23, nan 
169.375, 84.875, 7.868349912669318e-24, nan 
169.625, 84.875, 8.435677024424232e-24, nan 
169.875, 84.875, 9.753953139626311e-24, nan 
170.125, 84.875, 1.1277220278403644e-23, nan 
170.375, 84.875, 1.2746219230656541e-23, nan 
170.625, 84.875, 1.8570399138736384e-23, nan 
170.875, 84.875, 2.760260893735846e-23, nan 
171.125, 84.875, 3.988843741435942e-23, nan 
171.375, 84.875, 4.12553288717368e-23, nan 
171.625, 84.875, 5.047772221570884e-23, nan 
171.875, 84.875, 5.146587972878401e-23, nan 
172.125, 84.875, 4.90883860908932e-23, nan 
172.375, 84.875, 5.026459337034828e-23, nan 
172.625, 84.875, 4.7575067063276846e-23, nan 
172.875, 84.875, 4.272525229261179e-23, nan 
173.125, 84.875, 3.722856587384091e-23, nan 
173.375, 84.875, 4.2561555163092115e-23, nan 
173.625, 84.875, 4.8378327225254645e-23, nan 
173.875, 84.875, 5.635169894030545e-23, nan 
174.125, 84.875, 5.993017622007616e-23, nan 
174.375, 84.875, 7.313676910417105e-23, nan 
174.625, 84.875, 7.55371735452216e-23, nan 
174.875, 84.875, 7.54081242754032e-23, nan 
175.125, 84.875, 7.806838938207726e-23, nan 
175.375, 84.875, 7.413210649248299e-23, nan 
175.625, 84.875, 6.829225279246231e-23, nan 
175.875, 84.875, 6.457621279648768e-23, nan 
176.125, 84.875, 8.544766219609791e-23, nan 
176.375, 84.875, 1.025485277580906e-22, nan 
176.625, 84.875, 1.0980069373058436e-22, nan 
176.875, 84.875, 1.1738826014280577e-22, nan 
177.125, 84.875, 1.1533996440453448e-22, nan 
177.375, 84.875, 1.4453717019819755e-22, nan 
177.625, 84.875, 1.4638389647594986e-22, nan 
177.875, 84.875, 1.461097997380161e-22, nan 
178.125, 84.875, 1.4123917910516637e-22, nan 
178.375, 84.875, 1.3007317121000786e-22, nan 
178.625, 84.875, 1.2893463716026173e-22, nan 
178.875, 84.875, 1.3281483262667297e-22, nan 
179.125, 84.875, 1.2870037598892732e-22, nan 
179.375, 84.875, 1.174564365556409e-22, nan 
179.625, 84.875, 1.1370325566530524e-22, nan 
179.875, 84.875, 1.0981629797336659e-22, nan 
-179.875, 85.125, 7.724554496152371e-23, nan 
-179.625, 85.125, 7.14435704251596e-23, nan 
-179.375, 85.125, 6.5779437655731e-23, nan 
-179.125, 85.125, 4.549079966492049e-23, nan 
-178.875, 85.125, 4.700063816990221e-23, nan 
-178.625, 85.125, 4.887666649829609e-23, nan 
-178.375, 85.125, 5.1360395101461586e-23, nan 
-178.125, 85.125, 5.267450387468296e-23, nan 
-177.875, 85.125, 5.523556663137858e-23, nan 
-177.625, 85.125, 5.457335212061843e-23, nan 
-177.375, 85.125, 5.0227205023203386e-23, nan 
-177.125, 85.125, 4.8848416713579987e-23, nan 
-176.875, 85.125, 4.260349441011597e-23, nan 
-176.625, 85.125, 3.52286650479121e-23, nan 
-176.375, 85.125, 3.105309508051698e-23, nan 
-176.125, 85.125, 2.4113745947336533e-23, nan 
-175.875, 85.125, 2.4136025062815545e-23, nan 
-175.625, 85.125, 1.988482790591978e-23, nan 
-175.375, 85.125, 4.678964891240935e-23, nan 
-175.125, 85.125, 5.395211596369178e-23, nan 
-174.875, 85.125, 6.03808614266218e-23, nan 
-174.625, 85.125, 6.25901351158964e-23, nan 
-174.375, 85.125, 3.000656977994559e-23, nan 
-174.125, 85.125, 4.6629000238902095e-23, nan 
-173.875, 85.125, 4.533680534708077e-23, nan 
-173.625, 85.125, 4.8377145534755656e-23, nan 
-173.375, 85.125, 6.098212245969396e-23, nan 
-173.125, 85.125, 6.93985157625517e-23, nan 
-172.875, 85.125, 8.863944116038763e-23, nan 
-172.625, 85.125, 1.0907464604829335e-22, nan 
-172.375, 85.125, 1.2774754845715129e-22, nan 
-172.125, 85.125, 1.43306351977934e-22, nan 
-171.875, 85.125, 1.5585655041399338e-22, nan 
-171.625, 85.125, 1.5736953633740467e-22, nan 
-171.375, 85.125, 1.608620850097475e-22, nan 
-171.125, 85.125, 1.6077852097813594e-22, nan 
-170.875, 85.125, 1.5762322463542912e-22, nan 
-170.625, 85.125, 1.5294071006129274e-22, nan 
-170.375, 85.125, 1.4934483009178052e-22, nan 
-170.125, 85.125, 1.623922970635535e-22, nan 
-169.875, 85.125, 1.8681351621430068e-22, nan 
-169.625, 85.125, 2.441029457104574e-22, nan 
-169.375, 85.125, 2.529880279766056e-22, nan 
-169.125, 85.125, 2.6621954569789685e-22, nan 
-168.875, 85.125, 2.8411600859197548e-22, nan 
-168.625, 85.125, 2.918562547130882e-22, nan 
-168.375, 85.125, 2.9641201101879606e-22, nan 
-168.125, 85.125, 2.909246903032819e-22, nan 
-167.875, 85.125, 2.797757900319018e-22, nan 
-167.625, 85.125, 2.4821885542667763e-22, nan 
-167.375, 85.125, 2.2574719102099374e-22, nan 
-167.125, 85.125, 1.4945658060809242e-22, nan 
-166.875, 85.125, 1.7483847733941164e-22, nan 
-166.625, 85.125, 1.8954227925573317e-22, nan 
-166.375, 85.125, 2.0056471572807157e-22, nan 
-166.125, 85.125, 2.1305069998258815e-22, nan 
-165.875, 85.125, 2.1563351373443568e-22, nan 
-165.625, 85.125, 2.1787963712680866e-22, nan 
-165.375, 85.125, 2.157891306106801e-22, nan 
-165.125, 85.125, 2.1011950935342505e-22, nan 
-164.875, 85.125, 1.9878542608351472e-22, nan 
-164.625, 85.125, 1.9113200395323783e-22, nan 
-164.375, 85.125, 1.5301684554297283e-22, nan 
-164.125, 85.125, 1.2904550206480065e-22, nan 
-163.875, 85.125, 1.325787238127921e-22, nan 
-163.625, 85.125, 1.3860154994873054e-22, nan 
-163.375, 85.125, 1.391976216190711e-22, nan 
-163.125, 85.125, 1.4060112211106171e-22, nan 
-162.875, 85.125, 1.3851509331114806e-22, nan 
-162.625, 85.125, 1.3683732475604394e-22, nan 
-162.375, 85.125, 1.3482082583175025e-22, nan 
-162.125, 85.125, 1.333026117192045e-22, nan 
-161.875, 85.125, 1.3194424950842908e-22, nan 
-161.625, 85.125, 1.304494650899709e-22, nan 
-161.375, 85.125, 1.2889039027835583e-22, nan 
-161.125, 85.125, 1.2838152647695405e-22, nan 
-160.875, 85.125, 1.2011882887525757e-22, nan 
-160.625, 85.125, 8.627720620490759e-23, nan 
-160.375, 85.125, 3.800273292478489e-23, nan 
-160.125, 85.125, 2.5945419374029703e-23, nan 
-159.875, 85.125, 2.3706408779667508e-23, nan 
-159.625, 85.125, 2.3716053953508557e-23, nan 
-159.375, 85.125, 2.3473543323087104e-23, nan 
-159.125, 85.125, 2.3800441973387556e-23, nan 
-158.875, 85.125, 2.5882842072060964e-23, nan 
-158.625, 85.125, 2.9813802247522056e-23, nan 
-158.375, 85.125, 3.2318715847859385e-23, nan 
-158.125, 85.125, 3.516897062120064e-23, nan 
-157.875, 85.125, 3.701214274168809e-23, nan 
-157.625, 85.125, 3.535521030703564e-23, nan 
-157.375, 85.125, 3.6334478961941886e-23, nan 
-157.125, 85.125, 4.1026525127573584e-23, nan 
-156.875, 85.125, 4.548226615759962e-23, nan 
-156.625, 85.125, 5.131849191330269e-23, nan 
-156.375, 85.125, 5.020837165958916e-23, nan 
-156.125, 85.125, 4.757211941531072e-23, nan 
-155.875, 85.125, 4.568177037769343e-23, nan 
-155.625, 85.125, 4.5654306804606815e-23, nan 
-155.375, 85.125, 4.6321453224479126e-23, nan 
-155.125, 85.125, 4.751472347732493e-23, nan 
-154.875, 85.125, 4.768642287682032e-23, nan 
-154.625, 85.125, 4.685399342148349e-23, nan 
-154.375, 85.125, 4.299529060572031e-23, nan 
-154.125, 85.125, 4.736525720641273e-23, nan 
-153.875, 85.125, 6.017923682137234e-23, nan 
-153.625, 85.125, 6.316471788504699e-23, nan 
-153.375, 85.125, 6.641585930468367e-23, nan 
-153.125, 85.125, 7.957175618837706e-23, nan 
-152.875, 85.125, 9.338804556751126e-23, nan 
-152.625, 85.125, 1.0273758756070908e-22, nan 
-152.375, 85.125, 1.0506932439555614e-22, nan 
-152.125, 85.125, 1.0887961189727e-22, nan 
-151.875, 85.125, 1.0861071592415578e-22, nan 
-151.625, 85.125, 8.904443313697057e-23, nan 
-151.375, 85.125, 8.027985201628008e-23, nan 
-151.125, 85.125, 7.468748905769536e-23, nan 
-150.875, 85.125, 7.584062797126074e-23, nan 
-150.625, 85.125, 8.43194523075028e-23, nan 
-150.375, 85.125, 9.701101398879374e-23, nan 
-150.125, 85.125, 1.0277867535008782e-22, nan 
-149.875, 85.125, 8.856571944410894e-23, nan 
-149.625, 85.125, 7.835570452946236e-23, nan 
-149.375, 85.125, 7.853759783807079e-23, nan 
-149.125, 85.125, 8.001453191527747e-23, nan 
-148.875, 85.125, 6.863247765062483e-23, nan 
-148.625, 85.125, 5.702654627069286e-23, nan 
-148.375, 85.125, 4.1841181976296e-23, nan 
-148.125, 85.125, 3.0109490372316814e-23, nan 
-147.875, 85.125, 2.2472042470240026e-23, nan 
-147.625, 85.125, 2.4410831437841215e-23, nan 
-147.375, 85.125, 2.6122541153549882e-23, nan 
-147.125, 85.125, 2.647111763772559e-23, nan 
-146.875, 85.125, 2.2003172343334383e-23, nan 
-146.625, 85.125, 2.2915869199720125e-23, nan 
-146.375, 85.125, 2.79891064309739e-23, nan 
-146.125, 85.125, 2.847388861472086e-23, nan 
-145.875, 85.125, 3.006117549047279e-23, nan 
-145.625, 85.125, 2.4607813567228747e-23, nan 
-145.375, 85.125, 2.3317303859271106e-23, nan 
-145.125, 85.125, 2.238970062431993e-23, nan 
-144.875, 85.125, 2.169694246214694e-23, nan 
-144.625, 85.125, 2.0968180192079496e-23, nan 
-144.375, 85.125, 2.1220151450391362e-23, nan 
-144.125, 85.125, 2.2618343894265018e-23, nan 
-143.875, 85.125, 2.2373920540079262e-23, nan 
-143.625, 85.125, 2.051720595465453e-23, nan 
-143.375, 85.125, 2.0460954103968703e-23, nan 
-143.125, 85.125, 2.0393758665076107e-23, nan 
-142.875, 85.125, 2.1721290754452968e-23, nan 
-142.625, 85.125, 2.075656593114703e-23, nan 
-142.375, 85.125, 2.077232164976442e-23, nan 
-142.125, 85.125, 2.2886946339424573e-23, nan 
-141.875, 85.125, 2.2787498635285435e-23, nan 
-141.625, 85.125, 2.4211246597973572e-23, nan 
-141.375, 85.125, 2.6152954438419825e-23, nan 
-141.125, 85.125, 2.622497811406719e-23, nan 
-140.875, 85.125, 2.5652227135099012e-23, nan 
-140.625, 85.125, 2.4381875926023092e-23, nan 
-140.375, 85.125, 2.1061347369139058e-23, nan 
-140.125, 85.125, 1.6538793717274026e-23, nan 
-139.875, 85.125, 1.657945807392075e-23, nan 
-139.625, 85.125, 1.88089144390615e-23, nan 
-139.375, 85.125, 2.476885239107962e-23, nan 
-139.125, 85.125, 3.175855411740462e-23, nan 
-138.875, 85.125, 3.9892280075439586e-23, nan 
-138.625, 85.125, 4.655523959653441e-23, nan 
-138.375, 85.125, 5.068395527490908e-23, nan 
-138.125, 85.125, 5.374948715427074e-23, nan 
-137.875, 85.125, 5.748786884646383e-23, nan 
-137.625, 85.125, 5.461033474046573e-23, nan 
-137.375, 85.125, 5.109092983790535e-23, nan 
-137.125, 85.125, 4.7438207172334497e-23, nan 
-136.875, 85.125, 4.4226777789158664e-23, nan 
-136.625, 85.125, 4.61818752087828e-23, nan 
-136.375, 85.125, 5.0870614266957644e-23, nan 
-136.125, 85.125, 5.740256961648167e-23, nan 
-135.875, 85.125, 6.561594938842801e-23, nan 
-135.625, 85.125, 7.161301000740843e-23, nan 
-135.375, 85.125, 7.641245492975112e-23, nan 
-135.125, 85.125, 8.122155068938952e-23, nan 
-134.875, 85.125, 8.078593002194377e-23, nan 
-134.625, 85.125, 7.929533190380929e-23, nan 
-134.375, 85.125, 7.809676709894731e-23, nan 
-134.125, 85.125, 7.718543947359423e-23, nan 
-133.875, 85.125, 7.623175643820908e-23, nan 
-133.625, 85.125, 7.574245168319863e-23, nan 
-133.375, 85.125, 7.477976403537711e-23, nan 
-133.125, 85.125, 7.410175431312546e-23, nan 
-132.875, 85.125, 7.749663499732603e-23, nan 
-132.625, 85.125, 8.179680504021508e-23, nan 
-132.375, 85.125, 7.912740912296112e-23, nan 
-132.125, 85.125, 5.23045782669881e-23, nan 
-131.875, 85.125, 4.8321549653152154e-23, nan 
-131.625, 85.125, 4.7655360689688984e-23, nan 
-131.375, 85.125, 4.843378380500064e-23, nan 
-131.125, 85.125, 4.944101536089549e-23, nan 
-130.875, 85.125, 4.9665199630615327e-23, nan 
-130.625, 85.125, 5.1042464619579726e-23, nan 
-130.375, 85.125, 5.0954788636671144e-23, nan 
-130.125, 85.125, 6.138771307098685e-23, nan 
-129.875, 85.125, 7.461987984092059e-23, nan 
-129.625, 85.125, 7.562124806096256e-23, nan 
-129.375, 85.125, 6.593674909142307e-23, nan 
-129.125, 85.125, 6.595000643067552e-23, nan 
-128.875, 85.125, 6.886288264821373e-23, nan 
-128.625, 85.125, 7.616330308502725e-23, nan 
-128.375, 85.125, 7.262385460241513e-23, nan 
-128.125, 85.125, 6.492430424856424e-23, nan 
-127.875, 85.125, 6.053644648751863e-23, nan 
-127.625, 85.125, 5.182671993628382e-23, nan 
-127.375, 85.125, 3.6927994860217656e-23, nan 
-127.125, 85.125, 4.66801468907906e-23, nan 
-126.875, 85.125, 5.768884068358836e-23, nan 
-126.625, 85.125, 6.141657675451292e-23, nan 
-126.375, 85.125, 6.294182065070586e-23, nan 
-126.125, 85.125, 7.375967343044118e-23, nan 
-125.875, 85.125, 8.907367854205051e-23, nan 
-125.625, 85.125, 8.740561116868932e-23, nan 
-125.375, 85.125, 8.226383265540198e-23, nan 
-125.125, 85.125, 8.202058888401365e-23, nan 
-124.875, 85.125, 7.734888697079559e-23, nan 
-124.625, 85.125, 5.087477764478629e-23, nan 
-124.375, 85.125, 5.890532860146496e-23, nan 
-124.125, 85.125, 6.462730875146229e-23, nan 
-123.875, 85.125, 4.1401123930591844e-23, nan 
-123.625, 85.125, 5.837750536891898e-23, nan 
-123.375, 85.125, 7.600941709992451e-23, nan 
-123.125, 85.125, 8.143127155754754e-23, nan 
-122.875, 85.125, 8.287106703013955e-23, nan 
-122.625, 85.125, 8.289553593523746e-23, nan 
-122.375, 85.125, 8.24985705027599e-23, nan 
-122.125, 85.125, 8.069396097814057e-23, nan 
-121.875, 85.125, 8.560430392188996e-23, nan 
-121.625, 85.125, 9.403391755277194e-23, nan 
-121.375, 85.125, 8.801384014122482e-23, nan 
-121.125, 85.125, 4.151977557965959e-23, nan 
-120.875, 85.125, 5.349126631968577e-23, nan 
-120.625, 85.125, 6.151640464677788e-23, nan 
-120.375, 85.125, 6.383165265104869e-23, nan 
-120.125, 85.125, 6.78585176940002e-23, nan 
-119.875, 85.125, 6.864629516855371e-23, nan 
-119.625, 85.125, 7.555850547405006e-23, nan 
-119.375, 85.125, 7.537035204254014e-23, nan 
-119.125, 85.125, 6.766300815904886e-23, nan 
-118.875, 85.125, 6.053149356002388e-23, nan 
-118.625, 85.125, 5.551722336797983e-23, nan 
-118.375, 85.125, 2.0710795438667868e-23, nan 
-118.125, 85.125, 2.0186117821309038e-23, nan 
-117.875, 85.125, 1.9106635020818913e-23, nan 
-117.625, 85.125, 1.6663049788752484e-23, nan 
-117.375, 85.125, 1.4871031954611088e-23, nan 
-117.125, 85.125, 1.5674379371404257e-23, nan 
-116.875, 85.125, 1.4496201872384722e-23, nan 
-116.625, 85.125, 1.3862665493588334e-23, nan 
-116.375, 85.125, 1.3409082985549242e-23, nan 
-116.125, 85.125, 1.3710724344325828e-23, nan 
-115.875, 85.125, 1.3393463634318918e-23, nan 
-115.625, 85.125, 1.432511928060204e-23, nan 
-115.375, 85.125, 1.8413397209637817e-23, nan 
-115.125, 85.125, 1.9001790066538695e-23, nan 
-114.875, 85.125, 2.2233169526661752e-23, nan 
-114.625, 85.125, 2.2885695477244033e-23, nan 
-114.375, 85.125, 2.5345779066654686e-23, nan 
-114.125, 85.125, 2.481903568802273e-23, nan 
-113.875, 85.125, 2.6971750904005097e-23, nan 
-113.625, 85.125, 2.824999782181873e-23, nan 
-113.375, 85.125, 2.9109362177811826e-23, nan 
-113.125, 85.125, 2.918932321231666e-23, nan 
-112.875, 85.125, 2.9492734459651613e-23, nan 
-112.625, 85.125, 2.4816778501442535e-23, nan 
-112.375, 85.125, 1.8876752499651227e-23, nan 
-112.125, 85.125, 1.7835638158108413e-23, nan 
-111.875, 85.125, 1.6757794876840383e-23, nan 
-111.625, 85.125, 1.7758719125752956e-23, nan 
-111.375, 85.125, 1.423561396419545e-23, nan 
-111.125, 85.125, 1.436887512757625e-23, nan 
-110.875, 85.125, 1.501473598822055e-23, nan 
-110.625, 85.125, 1.4386869264214178e-23, nan 
-110.375, 85.125, 1.3060487740454692e-23, nan 
-110.125, 85.125, 1.1892437581668802e-23, nan 
-109.875, 85.125, 1.0172506999821307e-23, nan 
-109.625, 85.125, 1.0223631266986298e-23, nan 
-109.375, 85.125, 1.0514313897104728e-23, nan 
-109.125, 85.125, 9.135390236474182e-24, nan 
-108.875, 85.125, 8.243605855617078e-24, nan 
-108.625, 85.125, 7.852078669599187e-24, nan 
-108.375, 85.125, 7.839257983127847e-24, nan 
-108.125, 85.125, 6.769479509241597e-24, nan 
-107.875, 85.125, 5.326089346357861e-24, nan 
-107.625, 85.125, 4.6373866328424084e-24, nan 
-107.375, 85.125, 5.58767080866632e-24, nan 
-107.125, 85.125, 6.966849152774107e-24, nan 
-106.875, 85.125, 8.658612859731175e-24, nan 
-106.625, 85.125, 1.0511805039780064e-23, nan 
-106.375, 85.125, 1.1229624435155169e-23, nan 
-106.125, 85.125, 1.0705063416761322e-23, nan 
-105.875, 85.125, 1.0077212318281636e-23, nan 
-105.625, 85.125, 1.0248076829663609e-23, nan 
-105.375, 85.125, 8.591272961633618e-24, nan 
-105.125, 85.125, 5.49462888783462e-24, nan 
-104.875, 85.125, 3.203867861325673e-24, nan 
-104.625, 85.125, 3.3044647157455203e-24, nan 
-104.375, 85.125, 4.090655208273929e-24, nan 
-104.125, 85.125, 4.940523271251539e-24, nan 
-103.875, 85.125, 5.618699526901511e-24, nan 
-103.625, 85.125, 6.2901867415320115e-24, nan 
-103.375, 85.125, 6.454066390207183e-24, nan 
-103.125, 85.125, 5.9742718654125586e-24, nan 
-102.875, 85.125, 6.14755793575028e-24, nan 
-102.625, 85.125, 5.864794660011735e-24, nan 
-102.375, 85.125, 5.635536846097162e-24, nan 
-102.125, 85.125, 5.4132578091134075e-24, nan 
-101.875, 85.125, 5.503183466561332e-24, nan 
-101.625, 85.125, 5.614951467570578e-24, nan 
-101.375, 85.125, 5.719870581402067e-24, nan 
-101.125, 85.125, 5.790782281401009e-24, nan 
-100.875, 85.125, 5.8260501267262336e-24, nan 
-100.625, 85.125, 5.6998346122696395e-24, nan 
-100.375, 85.125, 5.59765683526122e-24, nan 
-100.125, 85.125, 5.7529767759285465e-24, nan 
-99.875, 85.125, 6.531817973669367e-24, nan 
-99.625, 85.125, 7.781689660358611e-24, nan 
-99.375, 85.125, 8.154523947595556e-24, nan 
-99.125, 85.125, 8.333856699573153e-24, nan 
-98.875, 85.125, 7.834230462139279e-24, nan 
-98.625, 85.125, 8.121876987237786e-24, nan 
-98.375, 85.125, 7.889205558933655e-24, nan 
-98.125, 85.125, 8.327719341460966e-24, nan 
-97.875, 85.125, 8.59678350873819e-24, nan 
-97.625, 85.125, 8.810783874320645e-24, nan 
-97.375, 85.125, 8.398763819908481e-24, nan 
-97.125, 85.125, 8.628141933884991e-24, nan 
-96.875, 85.125, 8.81172044610987e-24, nan 
-96.625, 85.125, 8.212630422911454e-24, nan 
-96.375, 85.125, 7.849407054262527e-24, nan 
-96.125, 85.125, 7.705995918443784e-24, nan 
-95.875, 85.125, 7.919374039952809e-24, nan 
-95.625, 85.125, 8.032592820261347e-24, nan 
-95.375, 85.125, 6.832752217302192e-24, nan 
-95.125, 85.125, 6.957334684684808e-24, nan 
-94.875, 85.125, 7.522603395587485e-24, nan 
-94.625, 85.125, 7.20102436065918e-24, nan 
-94.375, 85.125, 6.0723563071159894e-24, nan 
-94.125, 85.125, 6.331045331919602e-24, nan 
-93.875, 85.125, 5.937620820834433e-24, nan 
-93.625, 85.125, 6.555658661788096e-24, nan 
-93.375, 85.125, 6.785651161273727e-24, nan 
-93.125, 85.125, 9.481429229631995e-24, nan 
-92.875, 85.125, 1.0370079173491082e-23, nan 
-92.625, 85.125, 1.08389199074853e-23, nan 
-92.375, 85.125, 1.1613212344710678e-23, nan 
-92.125, 85.125, 1.1629365608391319e-23, nan 
-91.875, 85.125, 1.1154061884499829e-23, nan 
-91.625, 85.125, 1.1677153321014686e-23, nan 
-91.375, 85.125, 1.2609933283645835e-23, nan 
-91.125, 85.125, 1.3106311234946916e-23, nan 
-90.875, 85.125, 1.3093121040824608e-23, nan 
-90.625, 85.125, 1.2938286393901034e-23, nan 
-90.375, 85.125, 1.3511138175342463e-23, nan 
-90.125, 85.125, 1.2705461994803446e-23, nan 
-89.875, 85.125, 1.199173483547274e-23, nan 
-89.625, 85.125, 1.2485977000594555e-23, nan 
-89.375, 85.125, 1.3000709933444339e-23, nan 
-89.125, 85.125, 1.3292516279901588e-23, nan 
-88.875, 85.125, 1.365511498429845e-23, nan 
-88.625, 85.125, 1.3123946045165181e-23, nan 
-88.375, 85.125, 1.4285216065249723e-23, nan 
-88.125, 85.125, 1.527608687460919e-23, nan 
-87.875, 85.125, 1.5746835437828135e-23, nan 
-87.625, 85.125, 1.5256622029724928e-23, nan 
-87.375, 85.125, 1.3952450459716957e-23, nan 
-87.125, 85.125, 1.2649494745984546e-23, nan 
-86.875, 85.125, 1.1425249712448589e-23, nan 
-86.625, 85.125, 1.1456265271688703e-23, nan 
-86.375, 85.125, 1.1860215467473573e-23, nan 
-86.125, 85.125, 1.2548599905822498e-23, nan 
-85.875, 85.125, 1.1626990247482466e-23, nan 
-85.625, 85.125, 1.2136058548666597e-23, nan 
-85.375, 85.125, 1.3276706894642604e-23, nan 
-85.125, 85.125, 1.3923398116450692e-23, nan 
-84.875, 85.125, 1.3971950955790792e-23, nan 
-84.625, 85.125, 1.339896091942207e-23, nan 
-84.375, 85.125, 1.2087877722332542e-23, nan 
-84.125, 85.125, 9.641000201136556e-24, nan 
-83.875, 85.125, 9.131132542521603e-24, nan 
-83.625, 85.125, 8.328501987042957e-24, nan 
-83.375, 85.125, 7.75619255910845e-24, nan 
-83.125, 85.125, 8.121313352540266e-24, nan 
-82.875, 85.125, 7.45815517612653e-24, nan 
-82.625, 85.125, 7.12894815163711e-24, nan 
-82.375, 85.125, 7.153107225685144e-24, nan 
-82.125, 85.125, 7.531202282614312e-24, nan 
-81.875, 85.125, 8.525798828114906e-24, nan 
-81.625, 85.125, 9.103223405180016e-24, nan 
-81.375, 85.125, 9.954203322204827e-24, nan 
-81.125, 85.125, 1.0837615665795263e-23, nan 
-80.875, 85.125, 1.1889534157399459e-23, nan 
-80.625, 85.125, 1.2866808102963214e-23, nan 
-80.375, 85.125, 1.2779611857983819e-23, nan 
-80.125, 85.125, 1.1651466202098883e-23, nan 
-79.875, 85.125, 1.0077015100440508e-23, nan 
-79.625, 85.125, 5.4162591434535176e-24, nan 
-79.375, 85.125, 4.4440633216845775e-24, nan 
-79.125, 85.125, 3.094473097859248e-24, nan 
-78.875, 85.125, 2.6525928839238835e-24, nan 
-78.625, 85.125, 2.57360980902523e-24, nan 
-78.375, 85.125, 2.924272385977689e-24, nan 
-78.125, 85.125, 4.020225878936496e-24, nan 
-77.875, 85.125, 5.39677456904304e-24, nan 
-77.625, 85.125, 5.4538907055778304e-24, nan 
-77.375, 85.125, 5.347705011124512e-24, nan 
-77.125, 85.125, 6.608473146632223e-24, nan 
-76.875, 85.125, 7.456947703910649e-24, nan 
-76.625, 85.125, 7.625645506819192e-24, nan 
-76.375, 85.125, 7.712766589998098e-24, nan 
-76.125, 85.125, 8.006920702290062e-24, nan 
-75.875, 85.125, 8.072261473507047e-24, nan 
-75.625, 85.125, 8.402370118379207e-24, nan 
-75.375, 85.125, 9.021187667801051e-24, nan 
-75.125, 85.125, 9.6768915707446e-24, nan 
-74.875, 85.125, 1.0803500120532209e-23, nan 
-74.625, 85.125, 1.08339088400555e-23, nan 
-74.375, 85.125, 1.0926393906809162e-23, nan 
-74.125, 85.125, 1.1338897756268247e-23, nan 
-73.875, 85.125, 1.024686125310411e-23, nan 
-73.625, 85.125, 9.61344226844196e-24, nan 
-73.375, 85.125, 9.492643326664589e-24, nan 
-73.125, 85.125, 9.664817134193407e-24, nan 
-72.875, 85.125, 9.746761672697639e-24, nan 
-72.625, 85.125, 9.98783816811195e-24, nan 
-72.375, 85.125, 9.48360125796564e-24, nan 
-72.125, 85.125, 8.138185530237698e-24, nan 
-71.875, 85.125, 7.962960544608958e-24, nan 
-71.625, 85.125, 1.074027700798309e-23, nan 
-71.375, 85.125, 1.3219627545720474e-23, nan 
-71.125, 85.125, 1.444538283449216e-23, nan 
-70.875, 85.125, 1.2455054503602434e-23, nan 
-70.625, 85.125, 1.0530470202935821e-23, nan 
-70.375, 85.125, 1.0197555089382558e-23, nan 
-70.125, 85.125, 1.1812063742310441e-23, nan 
-69.875, 85.125, 1.2927467399914295e-23, nan 
-69.625, 85.125, 1.2418426332227195e-23, nan 
-69.375, 85.125, 1.2183317768595402e-23, nan 
-69.125, 85.125, 1.2387036677892908e-23, nan 
-68.875, 85.125, 1.3191741295375806e-23, nan 
-68.625, 85.125, 1.4509900976149996e-23, nan 
-68.375, 85.125, 1.3649713613560253e-23, nan 
-68.125, 85.125, 1.2515778133003472e-23, nan 
-67.875, 85.125, 1.2076985004057255e-23, nan 
-67.625, 85.125, 1.2254142417702695e-23, nan 
-67.375, 85.125, 1.2716817343323498e-23, nan 
-67.125, 85.125, 1.2532518702318396e-23, nan 
-66.875, 85.125, 1.2066401111338811e-23, nan 
-66.625, 85.125, 1.1348044482454785e-23, nan 
-66.375, 85.125, 1.1218822989626723e-23, nan 
-66.125, 85.125, 1.1235733067888883e-23, nan 
-65.875, 85.125, 1.0974816280166331e-23, nan 
-65.625, 85.125, 1.1360367853189233e-23, nan 
-65.375, 85.125, 1.035217080651904e-23, nan 
-65.125, 85.125, 1.0828642141094656e-23, nan 
-64.875, 85.125, 1.0528491393607641e-23, nan 
-64.625, 85.125, 9.893848266996817e-24, nan 
-64.375, 85.125, 1.0021070034834167e-23, nan 
-64.125, 85.125, 9.809681144639531e-24, nan 
-63.875, 85.125, 9.948246622061105e-24, nan 
-63.625, 85.125, 1.0258786786386572e-23, nan 
-63.375, 85.125, 1.1220401862777552e-23, nan 
-63.125, 85.125, 1.2510663476202235e-23, nan 
-62.875, 85.125, 1.2867812517744901e-23, nan 
-62.625, 85.125, 1.267826748449321e-23, nan 
-62.375, 85.125, 1.2509168626102838e-23, nan 
-62.125, 85.125, 1.2062906279159155e-23, nan 
-61.875, 85.125, 1.1959886518172446e-23, nan 
-61.625, 85.125, 1.200191549502476e-23, nan 
-61.375, 85.125, 1.200966292539509e-23, nan 
-61.125, 85.125, 1.2396598875297183e-23, nan 
-60.875, 85.125, 1.361635012154967e-23, nan 
-60.625, 85.125, 1.4502342831019967e-23, nan 
-60.375, 85.125, 1.5864722514983588e-23, nan 
-60.125, 85.125, 1.7802468811586016e-23, nan 
-59.875, 85.125, 1.9242551756192888e-23, nan 
-59.625, 85.125, 1.944678491943678e-23, nan 
-59.375, 85.125, 1.7227034530435733e-23, nan 
-59.125, 85.125, 1.572572473160696e-23, nan 
-58.875, 85.125, 1.4526276232994555e-23, nan 
-58.625, 85.125, 1.3838744210139603e-23, nan 
-58.375, 85.125, 1.3565173035420837e-23, nan 
-58.125, 85.125, 1.3108839202858072e-23, nan 
-57.875, 85.125, 1.337248385659575e-23, nan 
-57.625, 85.125, 1.3797139818131864e-23, nan 
-57.375, 85.125, 1.5256726249925975e-23, nan 
-57.125, 85.125, 1.7359944925905496e-23, nan 
-56.875, 85.125, 1.8212864391323365e-23, nan 
-56.625, 85.125, 1.7100434190494366e-23, nan 
-56.375, 85.125, 1.6018063150454087e-23, nan 
-56.125, 85.125, 1.4865052872582833e-23, nan 
-55.875, 85.125, 1.3888198987898343e-23, nan 
-55.625, 85.125, 1.3647843268023663e-23, nan 
-55.375, 85.125, 1.2034072782950322e-23, nan 
-55.125, 85.125, 9.99547250646816e-24, nan 
-54.875, 85.125, 7.945168606508279e-24, nan 
-54.625, 85.125, 6.862691410186789e-24, nan 
-54.375, 85.125, 5.587903564762133e-24, nan 
-54.125, 85.125, 4.803626310925715e-24, nan 
-53.875, 85.125, 4.040766978087824e-24, nan 
-53.625, 85.125, 3.8222273801307626e-24, nan 
-53.375, 85.125, 4.691193420586129e-24, nan 
-53.125, 85.125, 4.585072250003107e-24, nan 
-52.875, 85.125, 4.560905971660933e-24, nan 
-52.625, 85.125, 4.358569356327455e-24, nan 
-52.375, 85.125, 3.6753713653639824e-24, nan 
-52.125, 85.125, 2.9710341327228003e-24, nan 
-51.875, 85.125, 2.6503813210535343e-24, nan 
-51.625, 85.125, 2.250126431084372e-24, nan 
-51.375, 85.125, 1.8398420315127032e-24, nan 
-51.125, 85.125, 1.7367562532797082e-24, nan 
-50.875, 85.125, 1.5349249771356714e-24, nan 
-50.625, 85.125, 1.4393549856154569e-24, nan 
-50.375, 85.125, 1.5231420986597715e-24, nan 
-50.125, 85.125, 1.5760491582482714e-24, nan 
-49.875, 85.125, 1.6912783244391578e-24, nan 
-49.625, 85.125, 2.1621177280442167e-24, nan 
-49.375, 85.125, 1.536709141600873e-24, nan 
-49.125, 85.125, 8.299202254541352e-25, nan 
-48.875, 85.125, 1.8597857203455642e-24, nan 
-48.625, 85.125, 1.5735072695013891e-24, nan 
-48.375, 85.125, 1.7436641781363528e-24, nan 
-48.125, 85.125, 1.4327724887878895e-24, nan 
-47.875, 85.125, 1.5434284627703136e-24, nan 
-47.625, 85.125, 2.1173173165816802e-24, nan 
-47.375, 85.125, 2.7303221167505627e-24, nan 
-47.125, 85.125, 3.469077522460548e-24, nan 
-46.875, 85.125, 3.1458774265009375e-24, nan 
-46.625, 85.125, 2.8200155679563063e-24, nan 
-46.375, 85.125, 3.456402595468899e-24, nan 
-46.125, 85.125, 3.539717941967587e-24, nan 
-45.875, 85.125, 4.2348138391253686e-24, nan 
-45.625, 85.125, 4.113718422867634e-24, nan 
-45.375, 85.125, 5.21550322296846e-24, nan 
-45.125, 85.125, 7.057080495530974e-24, nan 
-44.875, 85.125, 1.3277436477101414e-23, nan 
-44.625, 85.125, 1.4878133379513427e-23, nan 
-44.375, 85.125, 1.4899248243592027e-23, nan 
-44.125, 85.125, 1.4932100807534875e-23, nan 
-43.875, 85.125, 1.475386084066521e-23, nan 
-43.625, 85.125, 1.4643997336413217e-23, nan 
-43.375, 85.125, 1.4865567681107142e-23, nan 
-43.125, 85.125, 1.4897166968958412e-23, nan 
-42.875, 85.125, 1.5036854357977217e-23, nan 
-42.625, 85.125, 1.5076540576222483e-23, nan 
-42.375, 85.125, 1.4949373473318006e-23, nan 
-42.125, 85.125, 1.493170785989396e-23, nan 
-41.875, 85.125, 1.504406321190255e-23, nan 
-41.625, 85.125, 1.565318527298342e-23, nan 
-41.375, 85.125, 1.648643330829754e-23, nan 
-41.125, 85.125, 1.6816355651069995e-23, nan 
-40.875, 85.125, 1.7991698082019132e-23, nan 
-40.625, 85.125, 1.726617662575281e-23, nan 
-40.375, 85.125, 1.6876279064215286e-23, nan 
-40.125, 85.125, 1.7333952662888985e-23, nan 
-39.875, 85.125, 1.8293123075281013e-23, nan 
-39.625, 85.125, 2.2627480219291972e-23, nan 
-39.375, 85.125, 2.425709059804963e-23, nan 
-39.125, 85.125, 2.5010381470042755e-23, nan 
-38.875, 85.125, 2.3955229246829593e-23, nan 
-38.625, 85.125, 1.967102641876233e-23, nan 
-38.375, 85.125, 1.9019510236806763e-23, nan 
-38.125, 85.125, 1.893099475810991e-23, nan 
-37.875, 85.125, 1.9444957271777924e-23, nan 
-37.625, 85.125, 1.996749607226735e-23, nan 
-37.375, 85.125, 1.9709849404229658e-23, nan 
-37.125, 85.125, 2.003666243575379e-23, nan 
-36.875, 85.125, 2.083082749413917e-23, nan 
-36.625, 85.125, 2.195081003973347e-23, nan 
-36.375, 85.125, 2.3574457560868712e-23, nan 
-36.125, 85.125, 2.295286462077889e-23, nan 
-35.875, 85.125, 2.2210407934210035e-23, nan 
-35.625, 85.125, 2.6394927836378667e-23, nan 
-35.375, 85.125, 2.6807529251757786e-23, nan 
-35.125, 85.125, 2.715837440426859e-23, nan 
-34.875, 85.125, 2.44288826914884e-23, nan 
-34.625, 85.125, 2.487087152628123e-23, nan 
-34.375, 85.125, 2.6042733771726907e-23, nan 
-34.125, 85.125, 2.78024544848226e-23, nan 
-33.875, 85.125, 3.025547833323973e-23, nan 
-33.625, 85.125, 3.2480486939796023e-23, nan 
-33.375, 85.125, 3.174524326418263e-23, nan 
-33.125, 85.125, 2.823464726346294e-23, nan 
-32.875, 85.125, 2.5586476599480684e-23, nan 
-32.625, 85.125, 2.569829817796299e-23, nan 
-32.375, 85.125, 2.639778323681862e-23, nan 
-32.125, 85.125, 2.709733711912001e-23, nan 
-31.875, 85.125, 2.836361368915897e-23, nan 
-31.625, 85.125, 2.9158892948553996e-23, nan 
-31.375, 85.125, 3.0216018069828746e-23, nan 
-31.125, 85.125, 3.2294510293374037e-23, nan 
-30.875, 85.125, 3.0544616281964544e-23, nan 
-30.625, 85.125, 2.9616586714384536e-23, nan 
-30.375, 85.125, 2.872897619654482e-23, nan 
-30.125, 85.125, 2.899297061913581e-23, nan 
-29.875, 85.125, 2.910776022679302e-23, nan 
-29.625, 85.125, 3.005617849638059e-23, nan 
-29.375, 85.125, 3.0014510929535116e-23, nan 
-29.125, 85.125, 2.97038485062454e-23, nan 
-28.875, 85.125, 3.0856980206378364e-23, nan 
-28.625, 85.125, 3.201197909782256e-23, nan 
-28.375, 85.125, 3.351515660502505e-23, nan 
-28.125, 85.125, 3.399777931664467e-23, nan 
-27.875, 85.125, 3.260716516126599e-23, nan 
-27.625, 85.125, 3.092059332534088e-23, nan 
-27.375, 85.125, 3.262203519308219e-23, nan 
-27.125, 85.125, 3.3508493112741463e-23, nan 
-26.875, 85.125, 3.438398547966767e-23, nan 
-26.625, 85.125, 3.591979420513848e-23, nan 
-26.375, 85.125, 3.602503633567701e-23, nan 
-26.125, 85.125, 3.7900695039516306e-23, nan 
-25.875, 85.125, 4.0326826968625086e-23, nan 
-25.625, 85.125, 4.100130515814329e-23, nan 
-25.375, 85.125, 4.049670657814044e-23, nan 
-25.125, 85.125, 4.0668287788675907e-23, nan 
-24.875, 85.125, 4.257665130354331e-23, nan 
-24.625, 85.125, 4.718732906107868e-23, nan 
-24.375, 85.125, 4.999462153563159e-23, nan 
-24.125, 85.125, 5.1556013644695077e-23, nan 
-23.875, 85.125, 5.378576732851835e-23, nan 
-23.625, 85.125, 5.437366587841858e-23, nan 
-23.375, 85.125, 5.563014902424642e-23, nan 
-23.125, 85.125, 5.425993991781178e-23, nan 
-22.875, 85.125, 5.379802659180293e-23, nan 
-22.625, 85.125, 5.2148036026078624e-23, nan 
-22.375, 85.125, 4.840387516947658e-23, nan 
-22.125, 85.125, 4.7626557230106233e-23, nan 
-21.875, 85.125, 4.4236901743618774e-23, nan 
-21.625, 85.125, 4.337251524929833e-23, nan 
-21.375, 85.125, 4.463291785914495e-23, nan 
-21.125, 85.125, 4.7412421265927914e-23, nan 
-20.875, 85.125, 4.713027836257157e-23, nan 
-20.625, 85.125, 4.846780922981239e-23, nan 
-20.375, 85.125, 4.710920303618233e-23, nan 
-20.125, 85.125, 4.616397188807566e-23, nan 
-19.875, 85.125, 4.445578323948893e-23, nan 
-19.625, 85.125, 4.5134299208344954e-23, nan 
-19.375, 85.125, 4.4740429532501386e-23, nan 
-19.125, 85.125, 4.591591587704172e-23, nan 
-18.875, 85.125, 4.689047293202857e-23, nan 
-18.625, 85.125, 4.755828801276872e-23, nan 
-18.375, 85.125, 4.775888761715955e-23, nan 
-18.125, 85.125, 4.696790382411405e-23, nan 
-17.875, 85.125, 4.7485672615749397e-23, nan 
-17.625, 85.125, 4.8188514724471586e-23, nan 
-17.375, 85.125, 4.7939551302623343e-23, nan 
-17.125, 85.125, 4.7225712151222785e-23, nan 
-16.875, 85.125, 3.9149243550034326e-23, nan 
-16.625, 85.125, 3.139917777276294e-23, nan 
-16.375, 85.125, 2.5325703095425133e-23, nan 
-16.125, 85.125, 2.639082133489727e-23, nan 
-15.875, 85.125, 2.862614850572729e-23, nan 
-15.625, 85.125, 3.409214176826592e-23, nan 
-15.375, 85.125, 3.1860272371603134e-23, nan 
-15.125, 85.125, 3.164455704755943e-23, nan 
-14.875, 85.125, 3.541914093790253e-23, nan 
-14.625, 85.125, 3.693728321338919e-23, nan 
-14.375, 85.125, 3.9822836511900214e-23, nan 
-14.125, 85.125, 3.48632527717724e-23, nan 
-13.875, 85.125, 3.437599793577269e-23, nan 
-13.625, 85.125, 3.5825662216658596e-23, nan 
-13.375, 85.125, 3.955396570904147e-23, nan 
-13.125, 85.125, 4.2588294377716657e-23, nan 
-12.875, 85.125, 4.527956430289599e-23, nan 
-12.625, 85.125, 4.0618436121464137e-23, nan 
-12.375, 85.125, 4.5271033681452385e-23, nan 
-12.125, 85.125, 4.58285742056744e-23, nan 
-11.875, 85.125, 4.556852223003066e-23, nan 
-11.625, 85.125, 5.485268279684613e-23, nan 
-11.375, 85.125, 6.467332836419395e-23, nan 
-11.125, 85.125, 7.014130571319986e-23, nan 
-10.875, 85.125, 7.768237800517065e-23, nan 
-10.625, 85.125, 8.052134328955483e-23, nan 
-10.375, 85.125, 8.144724370240626e-23, nan 
-10.125, 85.125, 8.158127822217894e-23, nan 
-9.875, 85.125, 8.055017822580849e-23, nan 
-9.625, 85.125, 8.048863764985541e-23, nan 
-9.375, 85.125, 8.003567845190482e-23, nan 
-9.125, 85.125, 5.982868130158372e-23, nan 
-8.875, 85.125, 4.6015730114557456e-23, nan 
-8.625, 85.125, 6.45498243443432e-23, nan 
-8.375, 85.125, 8.213713542447403e-23, nan 
-8.125, 85.125, 8.306361213644029e-23, nan 
-7.875, 85.125, 8.577879092138931e-23, nan 
-7.625, 85.125, 8.205413298761325e-23, nan 
-7.375, 85.125, 7.94964600220118e-23, nan 
-7.125, 85.125, 7.614859950196743e-23, nan 
-6.875, 85.125, 7.61507123714216e-23, nan 
-6.625, 85.125, 7.403665253590814e-23, nan 
-6.375, 85.125, 6.057072015182335e-23, nan 
-6.125, 85.125, 4.096476548299798e-23, nan 
-5.875, 85.125, 4.423545806883239e-23, nan 
-5.625, 85.125, 7.898321794961029e-23, nan 
-5.375, 85.125, 6.612128613971409e-23, nan 
-5.125, 85.125, 7.288100304722249e-23, nan 
-4.875, 85.125, 6.391403213260227e-23, nan 
-4.625, 85.125, 5.914491265576483e-23, nan 
-4.375, 85.125, 4.607822331246996e-23, nan 
-4.125, 85.125, 4.519706139551494e-23, nan 
-3.875, 85.125, 4.563480764623376e-23, nan 
-3.625, 85.125, 4.794697412029919e-23, nan 
-3.375, 85.125, 5.039599469248112e-23, nan 
-3.125, 85.125, 5.398294639183997e-23, nan 
-2.875, 85.125, 6.833630122071579e-23, nan 
-2.625, 85.125, 6.189718780360632e-23, nan 
-2.375, 85.125, 6.674057947613179e-23, nan 
-2.125, 85.125, 6.306573859874425e-23, nan 
-1.875, 85.125, 6.245947450792253e-23, nan 
-1.625, 85.125, 5.595377268828306e-23, nan 
-1.375, 85.125, 5.40000021869119e-23, nan 
-1.125, 85.125, 5.298852169253196e-23, nan 
-0.875, 85.125, 5.481475368888586e-23, nan 
-0.625, 85.125, 5.71257661315561e-23, nan 
-0.375, 85.125, 6.115567784305792e-23, nan 
-0.125, 85.125, 6.385306794669384e-23, nan 
0.125, 85.125, 6.777880124690487e-23, nan 
0.375, 85.125, 7.187209406389925e-23, nan 
0.625, 85.125, 7.68494157566762e-23, nan 
0.875, 85.125, 8.039751884243372e-23, nan 
1.125, 85.125, 8.377292632972046e-23, nan 
1.375, 85.125, 8.68331945113946e-23, nan 
1.625, 85.125, 8.876110352974678e-23, nan 
1.875, 85.125, 8.944709212491311e-23, nan 
2.125, 85.125, 9.17621544615359e-23, nan 
2.375, 85.125, 9.316745966267283e-23, nan 
2.625, 85.125, 9.380761929386351e-23, nan 
2.875, 85.125, 9.545934300440162e-23, nan 
3.125, 85.125, 9.517081188520811e-23, nan 
3.375, 85.125, 9.434917391359542e-23, nan 
3.625, 85.125, 3.0284638211696476e-23, nan 
3.875, 85.125, 2.4735451438347876e-23, nan 
4.125, 85.125, 2.5307211404319457e-23, nan 
4.375, 85.125, 2.629478559136278e-23, nan 
4.625, 85.125, 2.6256390887067797e-23, nan 
4.875, 85.125, 2.4761525948855335e-23, nan 
5.125, 85.125, 2.3116203813257337e-23, nan 
5.375, 85.125, 2.3597393307037238e-23, nan 
5.625, 85.125, 2.317410709081604e-23, nan 
5.875, 85.125, 2.4016318593248695e-23, nan 
6.125, 85.125, 2.302480441286392e-23, nan 
6.375, 85.125, 2.1601384077749088e-23, nan 
6.625, 85.125, 2.1321444054690054e-23, nan 
6.875, 85.125, 2.2763625542282258e-23, nan 
7.125, 85.125, 2.409163860573306e-23, nan 
7.375, 85.125, 2.4137936093818424e-23, nan 
7.625, 85.125, 2.295622987650143e-23, nan 
7.875, 85.125, 2.2881542768807826e-23, nan 
8.125, 85.125, 2.326752956957068e-23, nan 
8.375, 85.125, 2.404221049608808e-23, nan 
8.625, 85.125, 2.454914093170449e-23, nan 
8.875, 85.125, 2.5401906007329894e-23, nan 
9.125, 85.125, 2.6279023906111565e-23, nan 
9.375, 85.125, 2.668936414612581e-23, nan 
9.625, 85.125, 2.5283060301492183e-23, nan 
9.875, 85.125, 2.396381143323308e-23, nan 
10.125, 85.125, 2.3263451328570576e-23, nan 
10.375, 85.125, 2.3322743465083817e-23, nan 
10.625, 85.125, 1.987210487649244e-23, nan 
10.875, 85.125, 1.789019826752444e-23, nan 
11.125, 85.125, 1.5387197078583365e-23, nan 
11.375, 85.125, 1.4296550309570993e-23, nan 
11.625, 85.125, 1.4279570723846354e-23, nan 
11.875, 85.125, 1.3964742098544865e-23, nan 
12.125, 85.125, 1.3868845966635054e-23, nan 
12.375, 85.125, 1.3379041480016467e-23, nan 
12.625, 85.125, 1.3145744994932959e-23, nan 
12.875, 85.125, 1.2274078105955758e-23, nan 
13.125, 85.125, 1.3151121504415034e-23, nan 
13.375, 85.125, 1.45086668742433e-23, nan 
13.625, 85.125, 1.498183927754766e-23, nan 
13.875, 85.125, 1.571292268463572e-23, nan 
14.125, 85.125, 1.4624866824665054e-23, nan 
14.375, 85.125, 1.3181161502563734e-23, nan 
14.625, 85.125, 1.368035978331351e-23, nan 
14.875, 85.125, 1.4320203598874667e-23, nan 
15.125, 85.125, 1.456531996638209e-23, nan 
15.375, 85.125, 1.4629734751770515e-23, nan 
15.625, 85.125, 1.2579992318308061e-23, nan 
15.875, 85.125, 1.0663861153321234e-23, nan 
16.125, 85.125, 9.651181018773849e-24, nan 
16.375, 85.125, 9.392252090871098e-24, nan 
16.625, 85.125, 9.255566422367411e-24, nan 
16.875, 85.125, 8.508498288442746e-24, nan 
17.125, 85.125, 8.397149216261866e-24, nan 
17.375, 85.125, 7.660087675743189e-24, nan 
17.625, 85.125, 7.276327165424902e-24, nan 
17.875, 85.125, 6.865844401487066e-24, nan 
18.125, 85.125, 6.3722668563861655e-24, nan 
18.375, 85.125, 5.895783339859381e-24, nan 
18.625, 85.125, 5.365486766986249e-24, nan 
18.875, 85.125, 5.1375536671370416e-24, nan 
19.125, 85.125, 5.128219451235148e-24, nan 
19.375, 85.125, 4.983089565411206e-24, nan 
19.625, 85.125, 4.952409225408824e-24, nan 
19.875, 85.125, 4.720328110998167e-24, nan 
20.125, 85.125, 4.9014038369798126e-24, nan 
20.375, 85.125, 4.8973967756963975e-24, nan 
20.625, 85.125, 4.713631996702518e-24, nan 
20.875, 85.125, 4.1684695355059864e-24, nan 
21.125, 85.125, 4.1696679515929666e-24, nan 
21.375, 85.125, 4.973191523595725e-24, nan 
21.625, 85.125, 5.834852613402894e-24, nan 
21.875, 85.125, 4.8864945589482e-24, nan 
22.125, 85.125, 3.551237733030587e-24, nan 
22.375, 85.125, 4.801669709036339e-24, nan 
22.625, 85.125, 5.7021134608218066e-24, nan 
22.875, 85.125, 7.903663902312525e-24, nan 
23.125, 85.125, 8.270535918903925e-24, nan 
23.375, 85.125, 9.577410662520284e-24, nan 
23.625, 85.125, 1.0220610582757977e-23, nan 
23.875, 85.125, 1.2610009285157261e-23, nan 
24.125, 85.125, 1.5488618796680435e-23, nan 
24.375, 85.125, 1.7206303879442236e-23, nan 
24.625, 85.125, 1.7101164786722852e-23, nan 
24.875, 85.125, 1.6824786385140146e-23, nan 
25.125, 85.125, 1.7370624726307453e-23, nan 
25.375, 85.125, 1.8245417689818276e-23, nan 
25.625, 85.125, 1.797062546814405e-23, nan 
25.875, 85.125, 1.9249058668216832e-23, nan 
26.125, 85.125, 2.2128480546300202e-23, nan 
26.375, 85.125, 2.1922614554271134e-23, nan 
26.625, 85.125, 2.232046829753114e-23, nan 
26.875, 85.125, 2.0751745284289282e-23, nan 
27.125, 85.125, 1.98941592715085e-23, nan 
27.375, 85.125, 1.934387982369194e-23, nan 
27.625, 85.125, 1.7860370542763115e-23, nan 
27.875, 85.125, 1.787356777191383e-23, nan 
28.125, 85.125, 1.8005401694481494e-23, nan 
28.375, 85.125, 1.792092412646204e-23, nan 
28.625, 85.125, 1.8364025436725095e-23, nan 
28.875, 85.125, 1.960341235684656e-23, nan 
29.125, 85.125, 1.909351125121723e-23, nan 
29.375, 85.125, 1.9171519327833475e-23, nan 
29.625, 85.125, 1.8405787621166394e-23, nan 
29.875, 85.125, 1.754412334534039e-23, nan 
30.125, 85.125, 1.666385917586522e-23, nan 
30.375, 85.125, 1.5010851772924716e-23, nan 
30.625, 85.125, 1.3989520488483407e-23, nan 
30.875, 85.125, 1.3120071525533994e-23, nan 
31.125, 85.125, 1.2698920965088206e-23, nan 
31.375, 85.125, 1.2006972856492024e-23, nan 
31.625, 85.125, 1.136587923462937e-23, nan 
31.875, 85.125, 1.0845992572092682e-23, nan 
32.125, 85.125, 1.0579598080675605e-23, nan 
32.375, 85.125, 1.036994759552155e-23, nan 
32.625, 85.125, 1.0163564546321736e-23, nan 
32.875, 85.125, 9.522206457832312e-24, nan 
33.125, 85.125, 8.998202286830814e-24, nan 
33.375, 85.125, 8.477821291221978e-24, nan 
33.625, 85.125, 7.804805827933962e-24, nan 
33.875, 85.125, 7.50762976548464e-24, nan 
34.125, 85.125, 7.612198390176684e-24, nan 
34.375, 85.125, 7.249405183554432e-24, nan 
34.625, 85.125, 7.193554209084695e-24, nan 
34.875, 85.125, 6.790589021109361e-24, nan 
35.125, 85.125, 6.67944984555582e-24, nan 
35.375, 85.125, 6.6137075437916884e-24, nan 
35.625, 85.125, 6.504577181857796e-24, nan 
35.875, 85.125, 6.31230868146334e-24, nan 
36.125, 85.125, 6.13570985593797e-24, nan 
36.375, 85.125, 6.4564224479534615e-24, nan 
36.625, 85.125, 6.4259063405348925e-24, nan 
36.875, 85.125, 6.566346148166784e-24, nan 
37.125, 85.125, 6.853502467931447e-24, nan 
37.375, 85.125, 7.384172076705223e-24, nan 
37.625, 85.125, 8.196963475330823e-24, nan 
37.875, 85.125, 8.79352485727754e-24, nan 
38.125, 85.125, 8.678260841971282e-24, nan 
38.375, 85.125, 9.044291381827697e-24, nan 
38.625, 85.125, 8.991507739304224e-24, nan 
38.875, 85.125, 9.573344230844099e-24, nan 
39.125, 85.125, 1.028178734550712e-23, nan 
39.375, 85.125, 1.0728746547365783e-23, nan 
39.625, 85.125, 1.0983070045896001e-23, nan 
39.875, 85.125, 1.0589870443559776e-23, nan 
40.125, 85.125, 9.935259600664522e-24, nan 
40.375, 85.125, 9.87787561601839e-24, nan 
40.625, 85.125, 1.0079625803668558e-23, nan 
40.875, 85.125, 9.858563072708446e-24, nan 
41.125, 85.125, 9.745610594545429e-24, nan 
41.375, 85.125, 9.6188310238357e-24, nan 
41.625, 85.125, 1.01179217632887e-23, nan 
41.875, 85.125, 1.0635616365203974e-23, nan 
42.125, 85.125, 1.0932757489638557e-23, nan 
42.375, 85.125, 1.1223975626258541e-23, nan 
42.625, 85.125, 1.0974661059117386e-23, nan 
42.875, 85.125, 1.0023871533917144e-23, nan 
43.125, 85.125, 9.8815871473734e-24, nan 
43.375, 85.125, 1.042386242888714e-23, nan 
43.625, 85.125, 1.0376004918528316e-23, nan 
43.875, 85.125, 1.0544782270018219e-23, nan 
44.125, 85.125, 1.0485276305391452e-23, nan 
44.375, 85.125, 1.0430697488939585e-23, nan 
44.625, 85.125, 1.0250145660526644e-23, nan 
44.875, 85.125, 1.0872571727544693e-23, nan 
45.125, 85.125, 1.0968406198351392e-23, nan 
45.375, 85.125, 1.0848332080353362e-23, nan 
45.625, 85.125, 1.0661741928027766e-23, nan 
45.875, 85.125, 1.084306890681406e-23, nan 
46.125, 85.125, 1.0660564469093478e-23, nan 
46.375, 85.125, 1.0987497254406786e-23, nan 
46.625, 85.125, 1.1129855074016716e-23, nan 
46.875, 85.125, 1.1393735281340301e-23, nan 
47.125, 85.125, 1.1384015550150507e-23, nan 
47.375, 85.125, 1.1897767880521142e-23, nan 
47.625, 85.125, 1.235904241551598e-23, nan 
47.875, 85.125, 1.2550924422503823e-23, nan 
48.125, 85.125, 1.2408750358311635e-23, nan 
48.375, 85.125, 1.1814419652412647e-23, nan 
48.625, 85.125, 1.1581011256476563e-23, nan 
48.875, 85.125, 1.2702941178608285e-23, nan 
49.125, 85.125, 1.3949859275510398e-23, nan 
49.375, 85.125, 1.4101877779795117e-23, nan 
49.625, 85.125, 1.4143591181225808e-23, nan 
49.875, 85.125, 1.3702942269519163e-23, nan 
50.125, 85.125, 1.270804228139355e-23, nan 
50.375, 85.125, 1.2430385334947586e-23, nan 
50.625, 85.125, 1.2575126504122668e-23, nan 
50.875, 85.125, 1.3335148479693144e-23, nan 
51.125, 85.125, 1.4079643590027497e-23, nan 
51.375, 85.125, 1.429681114290879e-23, nan 
51.625, 85.125, 1.592991874936089e-23, nan 
51.875, 85.125, 1.622571970625221e-23, nan 
52.125, 85.125, 1.6970158967595476e-23, nan 
52.375, 85.125, 1.7295237477421406e-23, nan 
52.625, 85.125, 1.8230356881417996e-23, nan 
52.875, 85.125, 1.846900430267565e-23, nan 
53.125, 85.125, 1.8015438137766287e-23, nan 
53.375, 85.125, 1.7723965403432426e-23, nan 
53.625, 85.125, 1.8026740715110742e-23, nan 
53.875, 85.125, 1.7430382247816722e-23, nan 
54.125, 85.125, 1.7640301928681836e-23, nan 
54.375, 85.125, 1.7801960624390374e-23, nan 
54.625, 85.125, 1.824467544454855e-23, nan 
54.875, 85.125, 1.8257637254849338e-23, nan 
55.125, 85.125, 1.8279215449174161e-23, nan 
55.375, 85.125, 1.8563457268329477e-23, nan 
55.625, 85.125, 1.8781681639260746e-23, nan 
55.875, 85.125, 1.946735100695744e-23, nan 
56.125, 85.125, 1.9779099986559797e-23, nan 
56.375, 85.125, 1.978404457583896e-23, nan 
56.625, 85.125, 1.9335657040868696e-23, nan 
56.875, 85.125, 1.9576031717501475e-23, nan 
57.125, 85.125, 2.0079837189608167e-23, nan 
57.375, 85.125, 2.0025893743517145e-23, nan 
57.625, 85.125, 1.998748388408848e-23, nan 
57.875, 85.125, 1.9852280579869144e-23, nan 
58.125, 85.125, 1.9828291619070727e-23, nan 
58.375, 85.125, 1.9873110134529973e-23, nan 
58.625, 85.125, 1.9459138520976523e-23, nan 
58.875, 85.125, 1.9541646107689872e-23, nan 
59.125, 85.125, 1.9552999681027002e-23, nan 
59.375, 85.125, 2.052518454486007e-23, nan 
59.625, 85.125, 2.1546180765527786e-23, nan 
59.875, 85.125, 2.210568849475337e-23, nan 
60.125, 85.125, 2.2306329521479603e-23, nan 
60.375, 85.125, 2.278933082228705e-23, nan 
60.625, 85.125, 2.3724637803615914e-23, nan 
60.875, 85.125, 2.3837966944374424e-23, nan 
61.125, 85.125, 2.4403259516545076e-23, nan 
61.375, 85.125, 2.5027540341009838e-23, nan 
61.625, 85.125, 2.5550953063947003e-23, nan 
61.875, 85.125, 2.537105951479908e-23, nan 
62.125, 85.125, 2.5801006211114375e-23, nan 
62.375, 85.125, 2.599183156602707e-23, nan 
62.625, 85.125, 2.5310021567748734e-23, nan 
62.875, 85.125, 2.5744228408189573e-23, nan 
63.125, 85.125, 2.619506562668519e-23, nan 
63.375, 85.125, 2.6264889650057185e-23, nan 
63.625, 85.125, 2.5979706238589717e-23, nan 
63.875, 85.125, 2.474904147911127e-23, nan 
64.125, 85.125, 2.4162177951693967e-23, nan 
64.375, 85.125, 2.41021150807366e-23, nan 
64.625, 85.125, 2.3727065553619657e-23, nan 
64.875, 85.125, 2.3562603954318616e-23, nan 
65.125, 85.125, 2.3961587490599767e-23, nan 
65.375, 85.125, 2.3866001109501674e-23, nan 
65.625, 85.125, 2.409935499457215e-23, nan 
65.875, 85.125, 2.3796617929386007e-23, nan 
66.125, 85.125, 2.388733215505692e-23, nan 
66.375, 85.125, 2.426649063194728e-23, nan 
66.625, 85.125, 2.4717858013748552e-23, nan 
66.875, 85.125, 2.480954828109261e-23, nan 
67.125, 85.125, 2.510032946006873e-23, nan 
67.375, 85.125, 2.4845440379401786e-23, nan 
67.625, 85.125, 2.5479613888690143e-23, nan 
67.875, 85.125, 2.5273321498419428e-23, nan 
68.125, 85.125, 2.5317533823659673e-23, nan 
68.375, 85.125, 2.679767461977645e-23, nan 
68.625, 85.125, 2.788518503050887e-23, nan 
68.875, 85.125, 2.980122161248196e-23, nan 
69.125, 85.125, 3.1732113652014615e-23, nan 
69.375, 85.125, 3.247883732870506e-23, nan 
69.625, 85.125, 3.350558108113561e-23, nan 
69.875, 85.125, 3.2551954457128916e-23, nan 
70.125, 85.125, 3.187197149977887e-23, nan 
70.375, 85.125, 3.2274274685497964e-23, nan 
70.625, 85.125, 3.2008609955621003e-23, nan 
70.875, 85.125, 3.297376060652617e-23, nan 
71.125, 85.125, 3.393993956356675e-23, nan 
71.375, 85.125, 3.3004206007320906e-23, nan 
71.625, 85.125, 2.9570372941906546e-23, nan 
71.875, 85.125, 2.628493132510874e-23, nan 
72.125, 85.125, 2.5426938422276317e-23, nan 
72.375, 85.125, 2.6353439813312232e-23, nan 
72.625, 85.125, 2.8179276207427724e-23, nan 
72.875, 85.125, 2.9024264940389e-23, nan 
73.125, 85.125, 2.755811023504992e-23, nan 
73.375, 85.125, 2.5464146574867418e-23, nan 
73.625, 85.125, 2.5120675213377072e-23, nan 
73.875, 85.125, 2.4848938806624063e-23, nan 
74.125, 85.125, 2.962830401614885e-23, nan 
74.375, 85.125, 2.9325494314643476e-23, nan 
74.625, 85.125, 2.947531287024354e-23, nan 
74.875, 85.125, 2.7392760616560704e-23, nan 
75.125, 85.125, 2.6245909919336285e-23, nan 
75.375, 85.125, 2.6001720318169807e-23, nan 
75.625, 85.125, 2.55446748974897e-23, nan 
75.875, 85.125, 2.5716118255526904e-23, nan 
76.125, 85.125, 2.1426478000940667e-23, nan 
76.375, 85.125, 2.3233783987781355e-23, nan 
76.625, 85.125, 2.0913880039082667e-23, nan 
76.875, 85.125, 2.5734668863065474e-23, nan 
77.125, 85.125, 2.670628602518246e-23, nan 
77.375, 85.125, 2.0810777688821032e-23, nan 
77.625, 85.125, 2.1108726498773054e-23, nan 
77.875, 85.125, 1.6044070243495208e-23, nan 
78.125, 85.125, 1.5679867474259812e-23, nan 
78.375, 85.125, 1.7647996395003928e-23, nan 
78.625, 85.125, 1.876765025227658e-23, nan 
78.875, 85.125, 1.8952921610637815e-23, nan 
79.125, 85.125, 1.8776853212665424e-23, nan 
79.375, 85.125, 2.020276618810724e-23, nan 
79.625, 85.125, 2.074565455258266e-23, nan 
79.875, 85.125, 2.4360709677848227e-23, nan 
80.125, 85.125, 2.566397075464966e-23, nan 
80.375, 85.125, 2.870137735475083e-23, nan 
80.625, 85.125, 2.956671966860643e-23, nan 
80.875, 85.125, 2.869871682252253e-23, nan 
81.125, 85.125, 2.9784534157796025e-23, nan 
81.375, 85.125, 3.119869854629888e-23, nan 
81.625, 85.125, 3.227012924958614e-23, nan 
81.875, 85.125, 3.464272807109255e-23, nan 
82.125, 85.125, 3.66636027602324e-23, nan 
82.375, 85.125, 3.871260765755441e-23, nan 
82.625, 85.125, 3.951178632299043e-23, nan 
82.875, 85.125, 3.977395264506004e-23, nan 
83.125, 85.125, 3.8590756243222496e-23, nan 
83.375, 85.125, 3.929397527059928e-23, nan 
83.625, 85.125, 3.840839895938217e-23, nan 
83.875, 85.125, 4.031444270587493e-23, nan 
84.125, 85.125, 4.3426483416375473e-23, nan 
84.375, 85.125, 4.3945252630261594e-23, nan 
84.625, 85.125, 4.865185110566072e-23, nan 
84.875, 85.125, 5.240934860814309e-23, nan 
85.125, 85.125, 5.806254022963371e-23, nan 
85.375, 85.125, 6.936272987685708e-23, nan 
85.625, 85.125, 8.264126393106281e-23, nan 
85.875, 85.125, 8.693328743128198e-23, nan 
86.125, 85.125, 9.250771786530158e-23, nan 
86.375, 85.125, 9.335400391460717e-23, nan 
86.625, 85.125, 8.778278745389146e-23, nan 
86.875, 85.125, 8.231856409365918e-23, nan 
87.125, 85.125, 7.828811316955574e-23, nan 
87.375, 85.125, 7.627401683643877e-23, nan 
87.625, 85.125, 7.320952457311034e-23, nan 
87.875, 85.125, 6.949682963061832e-23, nan 
88.125, 85.125, 6.636194065029822e-23, nan 
88.375, 85.125, 6.570450483302493e-23, nan 
88.625, 85.125, 6.635829866014467e-23, nan 
88.875, 85.125, 6.232013995459162e-23, nan 
89.125, 85.125, 6.060348598555098e-23, nan 
89.375, 85.125, 6.126853698703465e-23, nan 
89.625, 85.125, 6.659596124218239e-23, nan 
89.875, 85.125, 7.155565960430699e-23, nan 
90.125, 85.125, 6.614898709680794e-23, nan 
90.375, 85.125, 5.266663296542883e-23, nan 
90.625, 85.125, 4.859565570556883e-23, nan 
90.875, 85.125, 5.515096850658899e-23, nan 
91.125, 85.125, 5.596487792460291e-23, nan 
91.375, 85.125, 5.999468369526334e-23, nan 
91.625, 85.125, 4.957444193101746e-23, nan 
91.875, 85.125, 5.2627170398208424e-23, nan 
92.125, 85.125, 5.388642198204595e-23, nan 
92.375, 85.125, 5.096047059270366e-23, nan 
92.625, 85.125, 4.9666734834129746e-23, nan 
92.875, 85.125, 4.673549451326231e-23, nan 
93.125, 85.125, 4.6056870711156934e-23, nan 
93.375, 85.125, 4.752426846639077e-23, nan 
93.625, 85.125, 5.867924308957224e-23, nan 
93.875, 85.125, 6.397938194734702e-23, nan 
94.125, 85.125, 7.22861759833625e-23, nan 
94.375, 85.125, 8.478182288451673e-23, nan 
94.625, 85.125, 8.35919463415736e-23, nan 
94.875, 85.125, 1.0337268840016129e-22, nan 
95.125, 85.125, 1.3131541852676902e-22, nan 
95.375, 85.125, 1.4587626511125147e-22, nan 
95.625, 85.125, 1.8615992518309304e-22, nan 
95.875, 85.125, 2.0869621224375824e-22, nan 
96.125, 85.125, 2.186647092582315e-22, nan 
96.375, 85.125, 2.1838333188367867e-22, nan 
96.625, 85.125, 2.2092049506947014e-22, nan 
96.875, 85.125, 2.283877024772058e-22, nan 
97.125, 85.125, 2.3966773679140983e-22, nan 
97.375, 85.125, 2.3414389631869253e-22, nan 
97.625, 85.125, 2.458598021383301e-22, nan 
97.875, 85.125, 1.953221487917205e-22, nan 
98.125, 85.125, 1.7540444218766453e-22, nan 
98.375, 85.125, 8.46534714582102e-23, nan 
98.625, 85.125, 7.961398320699188e-23, nan 
98.875, 85.125, 8.042754505040274e-23, nan 
99.125, 85.125, 8.140200600455829e-23, nan 
99.375, 85.125, 8.217740402448392e-23, nan 
99.625, 85.125, 8.568829413332421e-23, nan 
99.875, 85.125, 8.374882336885376e-23, nan 
100.125, 85.125, 8.230070851722368e-23, nan 
100.375, 85.125, 8.179648795205688e-23, nan 
100.625, 85.125, 7.975453471762265e-23, nan 
100.875, 85.125, 8.197898602578639e-23, nan 
101.125, 85.125, 8.763165668488274e-23, nan 
101.375, 85.125, 8.836869409041821e-23, nan 
101.625, 85.125, 8.900643258098471e-23, nan 
101.875, 85.125, 8.869553852405044e-23, nan 
102.125, 85.125, 8.798458852404378e-23, nan 
102.375, 85.125, 9.110935711767426e-23, nan 
102.625, 85.125, 9.479857394997809e-23, nan 
102.875, 85.125, 9.822265811656698e-23, nan 
103.125, 85.125, 9.978870054704131e-23, nan 
103.375, 85.125, 1.0237300971449531e-22, nan 
103.625, 85.125, 9.885013172081808e-23, nan 
103.875, 85.125, 9.604026953258827e-23, nan 
104.125, 85.125, 8.964248396363712e-23, nan 
104.375, 85.125, 7.912256886739444e-23, nan 
104.625, 85.125, 6.706844392540537e-23, nan 
104.875, 85.125, 5.710102975606826e-23, nan 
105.125, 85.125, 6.085048329118136e-23, nan 
105.375, 85.125, 5.819833455229685e-23, nan 
105.625, 85.125, 7.023056615054089e-23, nan 
105.875, 85.125, 9.460289598301092e-23, nan 
106.125, 85.125, 1.1108173846626157e-22, nan 
106.375, 85.125, 1.296668106858424e-22, nan 
106.625, 85.125, 1.5478010378182197e-22, nan 
106.875, 85.125, 1.839172902415043e-22, nan 
107.125, 85.125, 2.3190073599848356e-22, nan 
107.375, 85.125, 3.736384469948047e-22, nan 
107.625, 85.125, 4.39237156147114e-22, nan 
107.875, 85.125, 4.732626886756749e-22, nan 
108.125, 85.125, 4.795940547888231e-22, nan 
108.375, 85.125, 4.836584579198259e-22, nan 
108.625, 85.125, 4.979443983111373e-22, nan 
108.875, 85.125, 5.0802984463987915e-22, nan 
109.125, 85.125, 5.177765499507465e-22, nan 
109.375, 85.125, 5.207728016778611e-22, nan 
109.625, 85.125, 5.132428574625017e-22, nan 
109.875, 85.125, 5.212532585278423e-22, nan 
110.125, 85.125, 5.255293530088786e-22, nan 
110.375, 85.125, 5.256029461318523e-22, nan 
110.625, 85.125, 5.403365149017082e-22, nan 
110.875, 85.125, 5.5516386576953015e-22, nan 
111.125, 85.125, 5.261685630336548e-22, nan 
111.375, 85.125, 5.188443951233736e-22, nan 
111.625, 85.125, 5.304313686777366e-22, nan 
111.875, 85.125, 5.161238122928847e-22, nan 
112.125, 85.125, 4.962457369755201e-22, nan 
112.375, 85.125, 4.860504171624035e-22, nan 
112.625, 85.125, 4.838133067234209e-22, nan 
112.875, 85.125, 4.784790301667794e-22, nan 
113.125, 85.125, 4.326540178087576e-22, nan 
113.375, 85.125, 3.842002613705495e-22, nan 
113.625, 85.125, 3.6441522625966056e-22, nan 
113.875, 85.125, 3.573310903473262e-22, nan 
114.125, 85.125, 3.5480583681347736e-22, nan 
114.375, 85.125, 3.4264175881137667e-22, nan 
114.625, 85.125, 3.4617087684371614e-22, nan 
114.875, 85.125, 3.5382854418609567e-22, nan 
115.125, 85.125, 3.8100389804975956e-22, nan 
115.375, 85.125, 4.056232590585483e-22, nan 
115.625, 85.125, 4.475872869698259e-22, nan 
115.875, 85.125, 4.27893820024177e-22, nan 
116.125, 85.125, 3.8972572899281744e-22, nan 
116.375, 85.125, 3.632497866775595e-22, nan 
116.625, 85.125, 3.804466874584303e-22, nan 
116.875, 85.125, 4.015887917518416e-22, nan 
117.125, 85.125, 4.377236302168875e-22, nan 
117.375, 85.125, 4.865123766979191e-22, nan 
117.625, 85.125, 5.029215415322039e-22, nan 
117.875, 85.125, 5.055959425994751e-22, nan 
118.125, 85.125, 5.141764646875572e-22, nan 
118.375, 85.125, 5.359786225494631e-22, nan 
118.625, 85.125, 5.400221819299317e-22, nan 
118.875, 85.125, 5.490857279693085e-22, nan 
119.125, 85.125, 5.561844180618603e-22, nan 
119.375, 85.125, 5.761894125290664e-22, nan 
119.625, 85.125, 6.085342757803644e-22, nan 
119.875, 85.125, 5.8916688379957105e-22, nan 
120.125, 85.125, 5.963059140744828e-22, nan 
120.375, 85.125, 6.036022616803711e-22, nan 
120.625, 85.125, 5.75017550081865e-22, nan 
120.875, 85.125, 5.638490362486559e-22, nan 
121.125, 85.125, 5.50421113219272e-22, nan 
121.375, 85.125, 5.443224410779093e-22, nan 
121.625, 85.125, 5.384215870968922e-22, nan 
121.875, 85.125, 5.271215623920253e-22, nan 
122.125, 85.125, 4.827962520903417e-22, nan 
122.375, 85.125, 4.410751855630431e-22, nan 
122.625, 85.125, 4.0466859813127497e-22, nan 
122.875, 85.125, 4.1259555028206355e-22, nan 
123.125, 85.125, 3.8700276977702916e-22, nan 
123.375, 85.125, 3.4609005428775933e-22, nan 
123.625, 85.125, 3.51394788169242e-22, nan 
123.875, 85.125, 3.9049777843408744e-22, nan 
124.125, 85.125, 2.6676280240689024e-22, nan 
124.375, 85.125, 1.9528252840603131e-22, nan 
124.625, 85.125, 1.3671597309024753e-22, nan 
124.875, 85.125, 1.1702217910339833e-22, nan 
125.125, 85.125, 1.1947525502773276e-22, nan 
125.375, 85.125, 1.284257016048339e-22, nan 
125.625, 85.125, 1.7453339371819152e-22, nan 
125.875, 85.125, 1.5469047418375787e-22, nan 
126.125, 85.125, 1.2260018959339325e-22, nan 
126.375, 85.125, 9.934712714080632e-23, nan 
126.625, 85.125, 1.8393277296014676e-22, nan 
126.875, 85.125, 2.0674676494417677e-22, nan 
127.125, 85.125, 2.0437747953918919e-22, nan 
127.375, 85.125, 1.8825400286244094e-22, nan 
127.625, 85.125, 1.9944260398831247e-22, nan 
127.875, 85.125, 2.1174545169855655e-22, nan 
128.125, 85.125, 2.247101650757514e-22, nan 
128.375, 85.125, 2.4589267463910654e-22, nan 
128.625, 85.125, 3.0782337202964153e-22, nan 
128.875, 85.125, 4.164135333283904e-22, nan 
129.125, 85.125, 4.767085233295655e-22, nan 
129.375, 85.125, 4.516863454868783e-22, nan 
129.625, 85.125, 3.661755924313921e-22, nan 
129.875, 85.125, 2.581944762178177e-22, nan 
130.125, 85.125, 2.1468773103753445e-22, nan 
130.375, 85.125, 2.3741657510643337e-22, nan 
130.625, 85.125, 2.466822723244084e-22, nan 
130.875, 85.125, 2.1496088325330085e-22, nan 
131.125, 85.125, 1.9729877643630742e-22, nan 
131.375, 85.125, 1.7805835952979217e-22, nan 
131.625, 85.125, 1.6040142820284552e-22, nan 
131.875, 85.125, 1.4931983883398987e-22, nan 
132.125, 85.125, 1.492039039977198e-22, nan 
132.375, 85.125, 1.6212375156079024e-22, nan 
132.625, 85.125, 1.8692237768425652e-22, nan 
132.875, 85.125, 1.9124973272595401e-22, nan 
133.125, 85.125, 2.121640524723604e-22, nan 
133.375, 85.125, 2.2511268698721357e-22, nan 
133.625, 85.125, 2.1958991406546607e-22, nan 
133.875, 85.125, 2.173093393094967e-22, nan 
134.125, 85.125, 2.1043611042129365e-22, nan 
134.375, 85.125, 1.9246378495625596e-22, nan 
134.625, 85.125, 1.648147103146985e-22, nan 
134.875, 85.125, 1.6316846367798046e-22, nan 
135.125, 85.125, 1.622492199560586e-22, nan 
135.375, 85.125, 1.6724384133390421e-22, nan 
135.625, 85.125, 1.714383196651186e-22, nan 
135.875, 85.125, 1.9981291453089262e-22, nan 
136.125, 85.125, 2.1129850475835944e-22, nan 
136.375, 85.125, 2.043827951554402e-22, nan 
136.625, 85.125, 2.075746456934992e-22, nan 
136.875, 85.125, 2.0500940364021323e-22, nan 
137.125, 85.125, 1.9978151991077256e-22, nan 
137.375, 85.125, 1.9622295711966268e-22, nan 
137.625, 85.125, 2.2503851201890135e-22, nan 
137.875, 85.125, 2.502541147310142e-22, nan 
138.125, 85.125, 2.994508645322185e-22, nan 
138.375, 85.125, 3.5687097489401743e-22, nan 
138.625, 85.125, 3.8967017004210653e-22, nan 
138.875, 85.125, 4.1967223244530713e-22, nan 
139.125, 85.125, 4.173768274993888e-22, nan 
139.375, 85.125, 4.084632151547741e-22, nan 
139.625, 85.125, 3.9898153090545473e-22, nan 
139.875, 85.125, 4.1574651754416185e-22, nan 
140.125, 85.125, 4.206476047721116e-22, nan 
140.375, 85.125, 4.407687732247585e-22, nan 
140.625, 85.125, 4.720450546996573e-22, nan 
140.875, 85.125, 4.597308742831091e-22, nan 
141.125, 85.125, 4.457440847944797e-22, nan 
141.375, 85.125, 4.441199494785633e-22, nan 
141.625, 85.125, 4.516198254492617e-22, nan 
141.875, 85.125, 4.317491604083791e-22, nan 
142.125, 85.125, 4.099976402271883e-22, nan 
142.375, 85.125, 4.101476774884925e-22, nan 
142.625, 85.125, 4.189383256858811e-22, nan 
142.875, 85.125, 4.517441514784693e-22, nan 
143.125, 85.125, 4.905433182288359e-22, nan 
143.375, 85.125, 5.172966064269198e-22, nan 
143.625, 85.125, 5.212594237754904e-22, nan 
143.875, 85.125, 5.043417773217273e-22, nan 
144.125, 85.125, 4.552910928512956e-22, nan 
144.375, 85.125, 4.138052973692028e-22, nan 
144.625, 85.125, 4.469106004915481e-22, nan 
144.875, 85.125, 5.134903127298282e-22, nan 
145.125, 85.125, 5.459619106306809e-22, nan 
145.375, 85.125, 5.507877875019533e-22, nan 
145.625, 85.125, 5.729239268198074e-22, nan 
145.875, 85.125, 6.073834914290738e-22, nan 
146.125, 85.125, 6.29121474191001e-22, nan 
146.375, 85.125, 6.425829875954135e-22, nan 
146.625, 85.125, 6.63926079385918e-22, nan 
146.875, 85.125, 6.0953950968324e-22, nan 
147.125, 85.125, 5.308482925170594e-22, nan 
147.375, 85.125, 4.75727778227493e-22, nan 
147.625, 85.125, 4.517052900141198e-22, nan 
147.875, 85.125, 3.973308624161343e-22, nan 
148.125, 85.125, 3.9779783673360733e-22, nan 
148.375, 85.125, 4.512224479668425e-22, nan 
148.625, 85.125, 4.1202108933809977e-22, nan 
148.875, 85.125, 3.861817257346213e-22, nan 
149.125, 85.125, 4.099315775826618e-22, nan 
149.375, 85.125, 4.1712355943534406e-22, nan 
149.625, 85.125, 4.160922038347095e-22, nan 
149.875, 85.125, 4.189374610419629e-22, nan 
150.125, 85.125, 3.880490061847486e-22, nan 
150.375, 85.125, 3.758360132361873e-22, nan 
150.625, 85.125, 3.7366826799651875e-22, nan 
150.875, 85.125, 4.216666578912342e-22, nan 
151.125, 85.125, 5.094781193081318e-22, nan 
151.375, 85.125, 5.497942302644299e-22, nan 
151.625, 85.125, 5.0820351023401595e-22, nan 
151.875, 85.125, 5.01358523097006e-22, nan 
152.125, 85.125, 4.683108794068518e-22, nan 
152.375, 85.125, 4.734029757018073e-22, nan 
152.625, 85.125, 4.403458962563829e-22, nan 
152.875, 85.125, 4.372225124210714e-22, nan 
153.125, 85.125, 4.1662134641058383e-22, nan 
153.375, 85.125, 3.849596051411309e-22, nan 
153.625, 85.125, 3.424858404122679e-22, nan 
153.875, 85.125, 2.8252526403302566e-22, nan 
154.125, 85.125, 2.9811782767980585e-22, nan 
154.375, 85.125, 2.80221545120895e-22, nan 
154.625, 85.125, 2.089003655159379e-22, nan 
154.875, 85.125, 2.0081135623598325e-22, nan 
155.125, 85.125, 1.940789949181287e-22, nan 
155.375, 85.125, 2.003442170583673e-22, nan 
155.625, 85.125, 2.029488451567997e-22, nan 
155.875, 85.125, 2.03243584894775e-22, nan 
156.125, 85.125, 2.0099831555791787e-22, nan 
156.375, 85.125, 1.8684097031902515e-22, nan 
156.625, 85.125, 1.6718545209309532e-22, nan 
156.875, 85.125, 1.673003540645817e-22, nan 
157.125, 85.125, 2.0585611118724037e-22, nan 
157.375, 85.125, 2.1229450830088256e-22, nan 
157.625, 85.125, 2.354905417635737e-22, nan 
157.875, 85.125, 2.4846265451846645e-22, nan 
158.125, 85.125, 3.060547021352008e-22, nan 
158.375, 85.125, 3.6091460870855386e-22, nan 
158.625, 85.125, 3.876750999645397e-22, nan 
158.875, 85.125, 3.8398049653146857e-22, nan 
159.125, 85.125, 4.28256818721121e-22, nan 
159.375, 85.125, 4.656678568435686e-22, nan 
159.625, 85.125, 4.553862271738365e-22, nan 
159.875, 85.125, 4.890890481904783e-22, nan 
160.125, 85.125, 5.157819791780867e-22, nan 
160.375, 85.125, 4.626452418202126e-22, nan 
160.625, 85.125, 4.387222028697354e-22, nan 
160.875, 85.125, 4.0680155034826466e-22, nan 
161.125, 85.125, 3.977381443766288e-22, nan 
161.375, 85.125, 3.915515445191443e-22, nan 
161.625, 85.125, 3.831827634859036e-22, nan 
161.875, 85.125, 3.720330267691974e-22, nan 
162.125, 85.125, 3.722042315869529e-22, nan 
162.375, 85.125, 3.6581835391886645e-22, nan 
162.625, 85.125, 3.5793770835527887e-22, nan 
162.875, 85.125, 3.5687290259830626e-22, nan 
163.125, 85.125, 3.5008772627885737e-22, nan 
163.375, 85.125, 3.4485685458426444e-22, nan 
163.625, 85.125, 3.365133454200221e-22, nan 
163.875, 85.125, 3.2003206872171786e-22, nan 
164.125, 85.125, 3.108550582465341e-22, nan 
164.375, 85.125, 3.006442910206402e-22, nan 
164.625, 85.125, 2.884574743908804e-22, nan 
164.875, 85.125, 2.849685276432912e-22, nan 
165.125, 85.125, 2.79352314829543e-22, nan 
165.375, 85.125, 2.6813340146320277e-22, nan 
165.625, 85.125, 2.606825296222803e-22, nan 
165.875, 85.125, 2.548857279451178e-22, nan 
166.125, 85.125, 2.4617459179151394e-22, nan 
166.375, 85.125, 2.432455585852238e-22, nan 
166.625, 85.125, 2.335029951908281e-22, nan 
166.875, 85.125, 2.1706725577336915e-22, nan 
167.125, 85.125, 1.9453194300645507e-22, nan 
167.375, 85.125, 1.1762870483820734e-22, nan 
167.625, 85.125, 1.2450465718651012e-22, nan 
167.875, 85.125, 1.3515575815721187e-22, nan 
168.125, 85.125, 1.0669382798320082e-22, nan 
168.375, 85.125, 6.103461783652282e-23, nan 
168.625, 85.125, 4.504014216948102e-23, nan 
168.875, 85.125, 4.508671238591402e-23, nan 
169.125, 85.125, 5.0666438750433667e-23, nan 
169.375, 85.125, 4.9494203600563986e-23, nan 
169.625, 85.125, 4.564882605101409e-23, nan 
169.875, 85.125, 4.292502439256675e-23, nan 
170.125, 85.125, 4.224124960510618e-23, nan 
170.375, 85.125, 3.7036715046992016e-23, nan 
170.625, 85.125, 3.349095631498757e-23, nan 
170.875, 85.125, 3.363268374683063e-23, nan 
171.125, 85.125, 4.099155960967978e-23, nan 
171.375, 85.125, 4.2914973432767205e-23, nan 
171.625, 85.125, 3.722171427054483e-23, nan 
171.875, 85.125, 3.754480597187358e-23, nan 
172.125, 85.125, 3.8157441751165854e-23, nan 
172.375, 85.125, 4.3051115882905926e-23, nan 
172.625, 85.125, 5.2214437387455165e-23, nan 
172.875, 85.125, 6.742968878641058e-23, nan 
173.125, 85.125, 9.300938524196258e-23, nan 
173.375, 85.125, 1.216650636022839e-22, nan 
173.625, 85.125, 1.5013763642322582e-22, nan 
173.875, 85.125, 1.785767734920676e-22, nan 
174.125, 85.125, 1.9807939416527015e-22, nan 
174.375, 85.125, 2.051652577465727e-22, nan 
174.625, 85.125, 2.076987640574121e-22, nan 
174.875, 85.125, 2.0676384130885607e-22, nan 
175.125, 85.125, 2.0434834691548633e-22, nan 
175.375, 85.125, 1.9563607233935347e-22, nan 
175.625, 85.125, 1.6726038534086973e-22, nan 
175.875, 85.125, 1.0524109707041021e-22, nan 
176.125, 85.125, 8.722723404162279e-23, nan 
176.375, 85.125, 1.0147631189217442e-22, nan 
176.625, 85.125, 1.0797456052987043e-22, nan 
176.875, 85.125, 1.1048545995939413e-22, nan 
177.125, 85.125, 1.0951136281958636e-22, nan 
177.375, 85.125, 1.2830681115456242e-22, nan 
177.625, 85.125, 1.3014244299097907e-22, nan 
177.875, 85.125, 1.291994113132411e-22, nan 
178.125, 85.125, 1.2626833352342198e-22, nan 
178.375, 85.125, 1.1766331501932644e-22, nan 
178.625, 85.125, 1.1065265565964967e-22, nan 
178.875, 85.125, 1.0671552716498554e-22, nan 
179.125, 85.125, 1.0203016988116711e-22, nan 
179.375, 85.125, 9.461299704667658e-23, nan 
179.625, 85.125, 9.023567901766e-23, nan 
179.875, 85.125, 8.430021943764272e-23, nan 
-179.875, 85.375, 1.348121695308e-22, nan 
-179.625, 85.375, 1.32832474894397e-22, nan 
-179.375, 85.375, 1.2025679069757022e-22, nan 
-179.125, 85.375, 9.731195321343495e-23, nan 
-178.875, 85.375, 4.981420152220981e-23, nan 
-178.625, 85.375, 6.177593110645084e-23, nan 
-178.375, 85.375, 7.721779525130294e-23, nan 
-178.125, 85.375, 1.0463074366542971e-22, nan 
-177.875, 85.375, 1.3482082014155285e-22, nan 
-177.625, 85.375, 1.639393620950706e-22, nan 
-177.375, 85.375, 1.9737882848500313e-22, nan 
-177.125, 85.375, 2.0364480712381305e-22, nan 
-176.875, 85.375, 1.9818296445583246e-22, nan 
-176.625, 85.375, 1.9653284969647812e-22, nan 
-176.375, 85.375, 2.0299906940965244e-22, nan 
-176.125, 85.375, 2.121802732244354e-22, nan 
-175.875, 85.375, 2.267583274229481e-22, nan 
-175.625, 85.375, 2.2369934684386055e-22, nan 
-175.375, 85.375, 2.6812102017294327e-22, nan 
-175.125, 85.375, 2.753545176479532e-22, nan 
-174.875, 85.375, 2.82022627586784e-22, nan 
-174.625, 85.375, 2.753049529191023e-22, nan 
-174.375, 85.375, 2.0567373705130027e-22, nan 
-174.125, 85.375, 1.6203846227431428e-22, nan 
-173.875, 85.375, 1.589104267068681e-22, nan 
-173.625, 85.375, 1.5424754416807338e-22, nan 
-173.375, 85.375, 1.460497626429802e-22, nan 
-173.125, 85.375, 1.4310250876415875e-22, nan 
-172.875, 85.375, 1.4309135616597269e-22, nan 
-172.625, 85.375, 1.5362557797732122e-22, nan 
-172.375, 85.375, 1.6170400114053242e-22, nan 
-172.125, 85.375, 1.9762064967892691e-22, nan 
-171.875, 85.375, 2.0990788310218e-22, nan 
-171.625, 85.375, 2.0963566879393978e-22, nan 
-171.375, 85.375, 2.0729067062810182e-22, nan 
-171.125, 85.375, 1.7530542988970894e-22, nan 
-170.875, 85.375, 1.527743998246842e-22, nan 
-170.625, 85.375, 1.520167763028194e-22, nan 
-170.375, 85.375, 1.5636919974378931e-22, nan 
-170.125, 85.375, 1.6350901082771343e-22, nan 
-169.875, 85.375, 1.684320427636068e-22, nan 
-169.625, 85.375, 1.716446257124145e-22, nan 
-169.375, 85.375, 1.6804379722301798e-22, nan 
-169.125, 85.375, 1.7185987861722862e-22, nan 
-168.875, 85.375, 1.789924131368043e-22, nan 
-168.625, 85.375, 1.8208516061819966e-22, nan 
-168.375, 85.375, 1.8292782973078627e-22, nan 
-168.125, 85.375, 1.79779888960518e-22, nan 
-167.875, 85.375, 1.737887426203951e-22, nan 
-167.625, 85.375, 1.5952665808401947e-22, nan 
-167.375, 85.375, 1.4762990586707957e-22, nan 
-167.125, 85.375, 9.068853984483633e-23, nan 
-166.875, 85.375, 2.619694926949798e-23, nan 
-166.625, 85.375, 1.8242645938980322e-23, nan 
-166.375, 85.375, 1.7752794711087464e-23, nan 
-166.125, 85.375, 1.7526336072645304e-23, nan 
-165.875, 85.375, 1.7286514767165765e-23, nan 
-165.625, 85.375, 1.7561724663035948e-23, nan 
-165.375, 85.375, 1.8571577286234333e-23, nan 
-165.125, 85.375, 1.874934566636194e-23, nan 
-164.875, 85.375, 1.753698531537167e-23, nan 
-164.625, 85.375, 1.8960000454811835e-23, nan 
-164.375, 85.375, 2.2147446873168703e-23, nan 
-164.125, 85.375, 2.4922077144443508e-23, nan 
-163.875, 85.375, 2.7204977688842077e-23, nan 
-163.625, 85.375, 2.844308411994968e-23, nan 
-163.375, 85.375, 3.0731505643779074e-23, nan 
-163.125, 85.375, 3.6635736389790646e-23, nan 
-162.875, 85.375, 3.683471012379106e-23, nan 
-162.625, 85.375, 3.440749709367261e-23, nan 
-162.375, 85.375, 3.283533119382164e-23, nan 
-162.125, 85.375, 3.025931903967825e-23, nan 
-161.875, 85.375, 3.2282356938450345e-23, nan 
-161.625, 85.375, 3.088773070040913e-23, nan 
-161.375, 85.375, 2.9734999661858344e-23, nan 
-161.125, 85.375, 3.1267053774934254e-23, nan 
-160.875, 85.375, 3.246480600761735e-23, nan 
-160.625, 85.375, 3.1846391524012264e-23, nan 
-160.375, 85.375, 3.197962650579457e-23, nan 
-160.125, 85.375, 3.272199713461071e-23, nan 
-159.875, 85.375, 3.280270482466127e-23, nan 
-159.625, 85.375, 3.2987276982743966e-23, nan 
-159.375, 85.375, 3.2730347799184116e-23, nan 
-159.125, 85.375, 3.523743432513475e-23, nan 
-158.875, 85.375, 4.6310027415961174e-23, nan 
-158.625, 85.375, 5.514414851763263e-23, nan 
-158.375, 85.375, 5.825514475978938e-23, nan 
-158.125, 85.375, 5.976903476183754e-23, nan 
-157.875, 85.375, 6.050045702995528e-23, nan 
-157.625, 85.375, 6.052763147021087e-23, nan 
-157.375, 85.375, 5.893550490585993e-23, nan 
-157.125, 85.375, 5.359798528091208e-23, nan 
-156.875, 85.375, 5.910984411052388e-23, nan 
-156.625, 85.375, 6.650894871389118e-23, nan 
-156.375, 85.375, 7.376058171594534e-23, nan 
-156.125, 85.375, 7.960573486562629e-23, nan 
-155.875, 85.375, 8.573568883711546e-23, nan 
-155.625, 85.375, 8.386253501928786e-23, nan 
-155.375, 85.375, 8.051657882454057e-23, nan 
-155.125, 85.375, 7.754417968975365e-23, nan 
-154.875, 85.375, 7.650135402017017e-23, nan 
-154.625, 85.375, 7.193897313765746e-23, nan 
-154.375, 85.375, 6.942763159293155e-23, nan 
-154.125, 85.375, 6.813503640401995e-23, nan 
-153.875, 85.375, 6.710375706799126e-23, nan 
-153.625, 85.375, 6.215603019491065e-23, nan 
-153.375, 85.375, 6.464601079183285e-23, nan 
-153.125, 85.375, 6.56340140870431e-23, nan 
-152.875, 85.375, 7.190754914842228e-23, nan 
-152.625, 85.375, 8.134920621182382e-23, nan 
-152.375, 85.375, 8.237155397058409e-23, nan 
-152.125, 85.375, 8.313494976060578e-23, nan 
-151.875, 85.375, 8.244085125122004e-23, nan 
-151.625, 85.375, 7.22188714205769e-23, nan 
-151.375, 85.375, 6.384798389213355e-23, nan 
-151.125, 85.375, 5.47150961952554e-23, nan 
-150.875, 85.375, 4.771516469048564e-23, nan 
-150.625, 85.375, 4.068902560277581e-23, nan 
-150.375, 85.375, 3.340201902369345e-23, nan 
-150.125, 85.375, 3.373251659945416e-23, nan 
-149.875, 85.375, 2.6087894716789034e-23, nan 
-149.625, 85.375, 2.10684849686283e-23, nan 
-149.375, 85.375, 1.43920804257576e-23, nan 
-149.125, 85.375, 1.3589700493806165e-23, nan 
-148.875, 85.375, 1.3518784716551146e-23, nan 
-148.625, 85.375, 1.3436026486906275e-23, nan 
-148.375, 85.375, 1.4231690059270947e-23, nan 
-148.125, 85.375, 1.6545582062968873e-23, nan 
-147.875, 85.375, 1.930524290518557e-23, nan 
-147.625, 85.375, 2.2804435347108138e-23, nan 
-147.375, 85.375, 2.326469364444776e-23, nan 
-147.125, 85.375, 2.4343217714730567e-23, nan 
-146.875, 85.375, 1.9459165756967206e-23, nan 
-146.625, 85.375, 1.892666802159629e-23, nan 
-146.375, 85.375, 2.1548445912438693e-23, nan 
-146.125, 85.375, 2.1809120013970302e-23, nan 
-145.875, 85.375, 2.2917289210544704e-23, nan 
-145.625, 85.375, 2.0445974062608546e-23, nan 
-145.375, 85.375, 2.0270027317870298e-23, nan 
-145.125, 85.375, 2.0171727599777325e-23, nan 
-144.875, 85.375, 1.9991358874137667e-23, nan 
-144.625, 85.375, 1.9535407572225535e-23, nan 
-144.375, 85.375, 1.9800973844758654e-23, nan 
-144.125, 85.375, 2.0644975441954148e-23, nan 
-143.875, 85.375, 2.05469516550741e-23, nan 
-143.625, 85.375, 1.8869445784447407e-23, nan 
-143.375, 85.375, 1.8994535833123455e-23, nan 
-143.125, 85.375, 1.9078889105758854e-23, nan 
-142.875, 85.375, 2.0448850550280372e-23, nan 
-142.625, 85.375, 2.0004635711371722e-23, nan 
-142.375, 85.375, 1.955861685931464e-23, nan 
-142.125, 85.375, 2.0231848488863192e-23, nan 
-141.875, 85.375, 1.9723917176215955e-23, nan 
-141.625, 85.375, 2.0039130304807838e-23, nan 
-141.375, 85.375, 2.200233369433577e-23, nan 
-141.125, 85.375, 2.499367579730829e-23, nan 
-140.875, 85.375, 2.791161488900724e-23, nan 
-140.625, 85.375, 3.112684564354617e-23, nan 
-140.375, 85.375, 3.231447082858371e-23, nan 
-140.125, 85.375, 2.438151027608272e-23, nan 
-139.875, 85.375, 1.8514214652727884e-23, nan 
-139.625, 85.375, 1.5780240618118103e-23, nan 
-139.375, 85.375, 1.2070015203036234e-23, nan 
-139.125, 85.375, 1.0863626529131088e-23, nan 
-138.875, 85.375, 1.2558810456657642e-23, nan 
-138.625, 85.375, 1.6798797087583482e-23, nan 
-138.375, 85.375, 2.1690101250549964e-23, nan 
-138.125, 85.375, 2.855857664977981e-23, nan 
-137.875, 85.375, 3.6307900110765335e-23, nan 
-137.625, 85.375, 4.2628263421490735e-23, nan 
-137.375, 85.375, 4.9493761079102024e-23, nan 
-137.125, 85.375, 5.143707777270913e-23, nan 
-136.875, 85.375, 3.64854413508692e-23, nan 
-136.625, 85.375, 2.5798940121247502e-23, nan 
-136.375, 85.375, 2.8168978777357496e-23, nan 
-136.125, 85.375, 3.351234337267006e-23, nan 
-135.875, 85.375, 4.1202832333378095e-23, nan 
-135.625, 85.375, 4.6858206317627607e-23, nan 
-135.375, 85.375, 5.084147669953867e-23, nan 
-135.125, 85.375, 5.495100127738796e-23, nan 
-134.875, 85.375, 5.690826378417334e-23, nan 
-134.625, 85.375, 5.67366305815379e-23, nan 
-134.375, 85.375, 5.795601033752952e-23, nan 
-134.125, 85.375, 5.951187888900882e-23, nan 
-133.875, 85.375, 6.044299872896099e-23, nan 
-133.625, 85.375, 5.88674386374595e-23, nan 
-133.375, 85.375, 5.77187010681973e-23, nan 
-133.125, 85.375, 5.853191986267738e-23, nan 
-132.875, 85.375, 5.87566817289137e-23, nan 
-132.625, 85.375, 5.947329823027524e-23, nan 
-132.375, 85.375, 5.860471030180265e-23, nan 
-132.125, 85.375, 4.093644092125431e-23, nan 
-131.875, 85.375, 3.6195934348535786e-23, nan 
-131.625, 85.375, 3.4738477195124205e-23, nan 
-131.375, 85.375, 3.179020635086564e-23, nan 
-131.125, 85.375, 2.846350988314644e-23, nan 
-130.875, 85.375, 2.4676373112075314e-23, nan 
-130.625, 85.375, 2.052777410442378e-23, nan 
-130.375, 85.375, 2.0643158278195937e-23, nan 
-130.125, 85.375, 1.4022654470973283e-23, nan 
-129.875, 85.375, 1.0053343290205322e-23, nan 
-129.625, 85.375, 1.017015305737042e-23, nan 
-129.375, 85.375, 1.1537749203525442e-23, nan 
-129.125, 85.375, 1.4884717258782832e-23, nan 
-128.875, 85.375, 1.9646661098559604e-23, nan 
-128.625, 85.375, 2.711075027313359e-23, nan 
-128.375, 85.375, 3.189910427165404e-23, nan 
-128.125, 85.375, 2.992737239413389e-23, nan 
-127.875, 85.375, 2.5609340917972937e-23, nan 
-127.625, 85.375, 1.9894866381800447e-23, nan 
-127.375, 85.375, 2.2717474876770134e-23, nan 
-127.125, 85.375, 2.979447316128963e-23, nan 
-126.875, 85.375, 3.6062866981187743e-23, nan 
-126.625, 85.375, 3.8090733364752044e-23, nan 
-126.375, 85.375, 4.328486912889913e-23, nan 
-126.125, 85.375, 5.135486769512206e-23, nan 
-125.875, 85.375, 6.272515708799228e-23, nan 
-125.625, 85.375, 6.256654771978772e-23, nan 
-125.375, 85.375, 6.092386874445738e-23, nan 
-125.125, 85.375, 6.222185059942093e-23, nan 
-124.875, 85.375, 6.094648006068101e-23, nan 
-124.625, 85.375, 4.1409216627316585e-23, nan 
-124.375, 85.375, 1.7652301080094374e-23, nan 
-124.125, 85.375, 9.18432344827872e-24, nan 
-123.875, 85.375, 1.5410393520232332e-23, nan 
-123.625, 85.375, 4.647372129120611e-23, nan 
-123.375, 85.375, 5.671975380392301e-23, nan 
-123.125, 85.375, 5.863755346079568e-23, nan 
-122.875, 85.375, 5.88810950896827e-23, nan 
-122.625, 85.375, 5.95412890877453e-23, nan 
-122.375, 85.375, 6.029449675818056e-23, nan 
-122.125, 85.375, 5.992365408904848e-23, nan 
-121.875, 85.375, 6.092321384895383e-23, nan 
-121.625, 85.375, 6.10429113095952e-23, nan 
-121.375, 85.375, 5.683245623155805e-23, nan 
-121.125, 85.375, 2.8062845930328514e-23, nan 
-120.875, 85.375, 2.4266728338813947e-23, nan 
-120.625, 85.375, 2.4813982994896223e-23, nan 
-120.375, 85.375, 2.28378225941921e-23, nan 
-120.125, 85.375, 2.1920207533187432e-23, nan 
-119.875, 85.375, 2.2941658155136248e-23, nan 
-119.625, 85.375, 2.3519076113363027e-23, nan 
-119.375, 85.375, 2.369754555690314e-23, nan 
-119.125, 85.375, 2.343288158320487e-23, nan 
-118.875, 85.375, 2.464472403816724e-23, nan 
-118.625, 85.375, 2.4982446545625388e-23, nan 
-118.375, 85.375, 2.4606023026225038e-23, nan 
-118.125, 85.375, 2.4385977613172436e-23, nan 
-117.875, 85.375, 2.265132093176203e-23, nan 
-117.625, 85.375, 1.9106299413522345e-23, nan 
-117.375, 85.375, 1.45432496122403e-23, nan 
-117.125, 85.375, 1.06655740321938e-23, nan 
-116.875, 85.375, 9.049851148501185e-24, nan 
-116.625, 85.375, 8.777208601834888e-24, nan 
-116.375, 85.375, 9.081784124532811e-24, nan 
-116.125, 85.375, 9.405674604502704e-24, nan 
-115.875, 85.375, 1.15458336032e-23, nan 
-115.625, 85.375, 1.3552860154119496e-23, nan 
-115.375, 85.375, 1.6361596173315733e-23, nan 
-115.125, 85.375, 1.6848930932718924e-23, nan 
-114.875, 85.375, 1.849800167872629e-23, nan 
-114.625, 85.375, 1.7817543136985603e-23, nan 
-114.375, 85.375, 1.7809219456779646e-23, nan 
-114.125, 85.375, 1.4970062176559178e-23, nan 
-113.875, 85.375, 1.394218094526188e-23, nan 
-113.625, 85.375, 1.4104469872333708e-23, nan 
-113.375, 85.375, 1.335705565096841e-23, nan 
-113.125, 85.375, 1.2085071613354624e-23, nan 
-112.875, 85.375, 1.0997537251193892e-23, nan 
-112.625, 85.375, 9.83355619353105e-24, nan 
-112.375, 85.375, 1.0533887252622184e-23, nan 
-112.125, 85.375, 1.0727913383566642e-23, nan 
-111.875, 85.375, 8.884532525309728e-24, nan 
-111.625, 85.375, 7.481778164188867e-24, nan 
-111.375, 85.375, 7.345374748957244e-24, nan 
-111.125, 85.375, 7.296656684253592e-24, nan 
-110.875, 85.375, 7.321414279048528e-24, nan 
-110.625, 85.375, 6.5644264466172975e-24, nan 
-110.375, 85.375, 6.098529915087241e-24, nan 
-110.125, 85.375, 5.707143101990329e-24, nan 
-109.875, 85.375, 5.1771904581572614e-24, nan 
-109.625, 85.375, 4.82563945023128e-24, nan 
-109.375, 85.375, 4.9646062856343674e-24, nan 
-109.125, 85.375, 5.476527688321916e-24, nan 
-108.875, 85.375, 5.7344643943406016e-24, nan 
-108.625, 85.375, 5.6159338752254326e-24, nan 
-108.375, 85.375, 5.578181014430538e-24, nan 
-108.125, 85.375, 5.3141880638514076e-24, nan 
-107.875, 85.375, 4.960881565248001e-24, nan 
-107.625, 85.375, 5.0649492503790724e-24, nan 
-107.375, 85.375, 5.677515837778269e-24, nan 
-107.125, 85.375, 6.4689746084401945e-24, nan 
-106.875, 85.375, 7.085754407201679e-24, nan 
-106.625, 85.375, 7.77471864059442e-24, nan 
-106.375, 85.375, 8.125622387356986e-24, nan 
-106.125, 85.375, 8.081472883209362e-24, nan 
-105.875, 85.375, 7.848298698513293e-24, nan 
-105.625, 85.375, 8.036316872883312e-24, nan 
-105.375, 85.375, 7.273182044320242e-24, nan 
-105.125, 85.375, 6.2017902991055516e-24, nan 
-104.875, 85.375, 5.923857530162898e-24, nan 
-104.625, 85.375, 6.990941210026313e-24, nan 
-104.375, 85.375, 8.490640983578819e-24, nan 
-104.125, 85.375, 9.723086395329108e-24, nan 
-103.875, 85.375, 1.1237903287827403e-23, nan 
-103.625, 85.375, 1.1451217664748376e-23, nan 
-103.375, 85.375, 1.1115527954467193e-23, nan 
-103.125, 85.375, 1.0227696187970396e-23, nan 
-102.875, 85.375, 9.452926036133501e-24, nan 
-102.625, 85.375, 8.819662731379574e-24, nan 
-102.375, 85.375, 8.718063702059017e-24, nan 
-102.125, 85.375, 8.148299794597772e-24, nan 
-101.875, 85.375, 8.08492310111664e-24, nan 
-101.625, 85.375, 8.06805983564692e-24, nan 
-101.375, 85.375, 8.174329755758448e-24, nan 
-101.125, 85.375, 8.523010249557494e-24, nan 
-100.875, 85.375, 8.845528422008893e-24, nan 
-100.625, 85.375, 8.844412744938104e-24, nan 
-100.375, 85.375, 8.654302358893831e-24, nan 
-100.125, 85.375, 8.505188189324017e-24, nan 
-99.875, 85.375, 8.276284823003892e-24, nan 
-99.625, 85.375, 8.684729813085663e-24, nan 
-99.375, 85.375, 8.447768254582533e-24, nan 
-99.125, 85.375, 8.50744650209212e-24, nan 
-98.875, 85.375, 7.707059325681079e-24, nan 
-98.625, 85.375, 7.876756066242642e-24, nan 
-98.375, 85.375, 7.193321688851246e-24, nan 
-98.125, 85.375, 7.556026288945347e-24, nan 
-97.875, 85.375, 7.073239589410634e-24, nan 
-97.625, 85.375, 8.090490331007353e-24, nan 
-97.375, 85.375, 7.630446549237623e-24, nan 
-97.125, 85.375, 8.454142350974589e-24, nan 
-96.875, 85.375, 8.49646331218112e-24, nan 
-96.625, 85.375, 8.037466954903833e-24, nan 
-96.375, 85.375, 6.827891809416844e-24, nan 
-96.125, 85.375, 6.274428639674587e-24, nan 
-95.875, 85.375, 5.3625069742218976e-24, nan 
-95.625, 85.375, 4.998767624565087e-24, nan 
-95.375, 85.375, 5.978075088919899e-24, nan 
-95.125, 85.375, 6.249455462145549e-24, nan 
-94.875, 85.375, 6.791197695509499e-24, nan 
-94.625, 85.375, 6.447481558497736e-24, nan 
-94.375, 85.375, 6.6085393608392946e-24, nan 
-94.125, 85.375, 6.359250107649804e-24, nan 
-93.875, 85.375, 7.503201033795783e-24, nan 
-93.625, 85.375, 7.694824602218641e-24, nan 
-93.375, 85.375, 8.727045893363298e-24, nan 
-93.125, 85.375, 8.478608391792912e-24, nan 
-92.875, 85.375, 9.166617356010886e-24, nan 
-92.625, 85.375, 9.419227343191349e-24, nan 
-92.375, 85.375, 9.953209868604657e-24, nan 
-92.125, 85.375, 1.024967789699866e-23, nan 
-91.875, 85.375, 9.800038921923545e-24, nan 
-91.625, 85.375, 9.970043408244515e-24, nan 
-91.375, 85.375, 1.0753128092027657e-23, nan 
-91.125, 85.375, 1.1527684048657609e-23, nan 
-90.875, 85.375, 1.161984587168477e-23, nan 
-90.625, 85.375, 1.219037150249076e-23, nan 
-90.375, 85.375, 1.2823823531188734e-23, nan 
-90.125, 85.375, 1.2643790597713348e-23, nan 
-89.875, 85.375, 1.1641850641205436e-23, nan 
-89.625, 85.375, 1.1653926209385313e-23, nan 
-89.375, 85.375, 1.1752071563329108e-23, nan 
-89.125, 85.375, 1.1709753458263828e-23, nan 
-88.875, 85.375, 1.1333445054802327e-23, nan 
-88.625, 85.375, 1.1324914210845908e-23, nan 
-88.375, 85.375, 1.1747987632611522e-23, nan 
-88.125, 85.375, 1.1931342602132369e-23, nan 
-87.875, 85.375, 1.2025065229524307e-23, nan 
-87.625, 85.375, 1.1510196491256556e-23, nan 
-87.375, 85.375, 1.0298636431787988e-23, nan 
-87.125, 85.375, 9.103091961736598e-24, nan 
-86.875, 85.375, 6.970167821982779e-24, nan 
-86.625, 85.375, 6.197916005274069e-24, nan 
-86.375, 85.375, 5.4458311217185264e-24, nan 
-86.125, 85.375, 4.334987832073058e-24, nan 
-85.875, 85.375, 5.063926050964735e-24, nan 
-85.625, 85.375, 4.863141130401954e-24, nan 
-85.375, 85.375, 4.900876738906838e-24, nan 
-85.125, 85.375, 5.039322254899351e-24, nan 
-84.875, 85.375, 5.3965269751974034e-24, nan 
-84.625, 85.375, 5.762703555601128e-24, nan 
-84.375, 85.375, 6.291212548671283e-24, nan 
-84.125, 85.375, 6.526907494732974e-24, nan 
-83.875, 85.375, 6.1762180376200056e-24, nan 
-83.625, 85.375, 5.511073278219261e-24, nan 
-83.375, 85.375, 4.938358832927585e-24, nan 
-83.125, 85.375, 4.722925363825387e-24, nan 
-82.875, 85.375, 4.440963142756512e-24, nan 
-82.625, 85.375, 4.209722992064812e-24, nan 
-82.375, 85.375, 4.242718763411618e-24, nan 
-82.125, 85.375, 4.588775354932643e-24, nan 
-81.875, 85.375, 4.912033036674347e-24, nan 
-81.625, 85.375, 5.806265089511788e-24, nan 
-81.375, 85.375, 6.83731413161698e-24, nan 
-81.125, 85.375, 8.358987849736334e-24, nan 
-80.875, 85.375, 8.679240814755712e-24, nan 
-80.625, 85.375, 8.545086537390702e-24, nan 
-80.375, 85.375, 8.614833780243562e-24, nan 
-80.125, 85.375, 8.714703221549434e-24, nan 
-79.875, 85.375, 9.337543039937266e-24, nan 
-79.625, 85.375, 9.466072426920476e-24, nan 
-79.375, 85.375, 9.33735009048705e-24, nan 
-79.125, 85.375, 9.063613746705279e-24, nan 
-78.875, 85.375, 8.722627730579717e-24, nan 
-78.625, 85.375, 7.499147364362248e-24, nan 
-78.375, 85.375, 7.477862391448733e-24, nan 
-78.125, 85.375, 6.974080038167535e-24, nan 
-77.875, 85.375, 7.455500196183857e-24, nan 
-77.625, 85.375, 7.499337214238845e-24, nan 
-77.375, 85.375, 7.40967822225565e-24, nan 
-77.125, 85.375, 7.810416494910073e-24, nan 
-76.875, 85.375, 8.402054892865555e-24, nan 
-76.625, 85.375, 8.929639787088401e-24, nan 
-76.375, 85.375, 9.132075402470365e-24, nan 
-76.125, 85.375, 9.424347375308833e-24, nan 
-75.875, 85.375, 9.443108116318825e-24, nan 
-75.625, 85.375, 9.62077324030224e-24, nan 
-75.375, 85.375, 9.662603777316992e-24, nan 
-75.125, 85.375, 1.0223649658123797e-23, nan 
-74.875, 85.375, 1.1422285367388978e-23, nan 
-74.625, 85.375, 1.4787672925609787e-23, nan 
-74.375, 85.375, 1.6636977383471792e-23, nan 
-74.125, 85.375, 1.7514105655991993e-23, nan 
-73.875, 85.375, 1.6156029301231044e-23, nan 
-73.625, 85.375, 1.632567575108673e-23, nan 
-73.375, 85.375, 1.6237928864112014e-23, nan 
-73.125, 85.375, 1.6468566402009932e-23, nan 
-72.875, 85.375, 1.5694298567256488e-23, nan 
-72.625, 85.375, 1.536205550452049e-23, nan 
-72.375, 85.375, 1.5239839285111368e-23, nan 
-72.125, 85.375, 1.4653307596794127e-23, nan 
-71.875, 85.375, 1.430632384733901e-23, nan 
-71.625, 85.375, 1.1211080825822706e-23, nan 
-71.375, 85.375, 1.5799790043258256e-23, nan 
-71.125, 85.375, 1.9366596764343954e-23, nan 
-70.875, 85.375, 2.0817133581846962e-23, nan 
-70.625, 85.375, 1.901826024137344e-23, nan 
-70.375, 85.375, 1.959130469028276e-23, nan 
-70.125, 85.375, 1.9383491521698033e-23, nan 
-69.875, 85.375, 1.973296951182333e-23, nan 
-69.625, 85.375, 1.7780399506758552e-23, nan 
-69.375, 85.375, 1.6889442832110435e-23, nan 
-69.125, 85.375, 1.7057738569953074e-23, nan 
-68.875, 85.375, 1.7810882833696204e-23, nan 
-68.625, 85.375, 1.8163217485867764e-23, nan 
-68.375, 85.375, 1.4803443127627615e-23, nan 
-68.125, 85.375, 1.1307241346645099e-23, nan 
-67.875, 85.375, 1.050834286279414e-23, nan 
-67.625, 85.375, 1.0764050450498306e-23, nan 
-67.375, 85.375, 9.322143399981259e-24, nan 
-67.125, 85.375, 7.902695020639072e-24, nan 
-66.875, 85.375, 5.685737766918133e-24, nan 
-66.625, 85.375, 4.0961155155012144e-24, nan 
-66.375, 85.375, 3.1297868932093608e-24, nan 
-66.125, 85.375, 2.5738126503524467e-24, nan 
-65.875, 85.375, 1.4841405354447945e-24, nan 
-65.625, 85.375, 2.0734150579907333e-24, nan 
-65.375, 85.375, 3.248686127197043e-24, nan 
-65.125, 85.375, 3.7364993523662986e-24, nan 
-64.875, 85.375, 4.62024437515133e-24, nan 
-64.625, 85.375, 4.854787289688348e-24, nan 
-64.375, 85.375, 5.634606512367126e-24, nan 
-64.125, 85.375, 5.303512110215472e-24, nan 
-63.875, 85.375, 5.091906413070075e-24, nan 
-63.625, 85.375, 4.953603033380696e-24, nan 
-63.375, 85.375, 5.3186121648883335e-24, nan 
-63.125, 85.375, 5.105930030144442e-24, nan 
-62.875, 85.375, 5.0208037225594956e-24, nan 
-62.625, 85.375, 4.6680910792977835e-24, nan 
-62.375, 85.375, 4.229079602633525e-24, nan 
-62.125, 85.375, 4.113780183514843e-24, nan 
-61.875, 85.375, 4.065397410913456e-24, nan 
-61.625, 85.375, 4.193731925265431e-24, nan 
-61.375, 85.375, 4.108346818014529e-24, nan 
-61.125, 85.375, 3.81537575273538e-24, nan 
-60.875, 85.375, 3.5539531521328366e-24, nan 
-60.625, 85.375, 3.483926625966113e-24, nan 
-60.375, 85.375, 3.2375037826359014e-24, nan 
-60.125, 85.375, 3.226288542165945e-24, nan 
-59.875, 85.375, 3.542392660298428e-24, nan 
-59.625, 85.375, 4.258262815539651e-24, nan 
-59.375, 85.375, 5.297501588990162e-24, nan 
-59.125, 85.375, 6.175425745407765e-24, nan 
-58.875, 85.375, 6.784030149902962e-24, nan 
-58.625, 85.375, 7.06348956810131e-24, nan 
-58.375, 85.375, 6.923395521976112e-24, nan 
-58.125, 85.375, 7.175712279628809e-24, nan 
-57.875, 85.375, 7.61570522294949e-24, nan 
-57.625, 85.375, 9.459160037043632e-24, nan 
-57.375, 85.375, 1.1850961445811612e-23, nan 
-57.125, 85.375, 1.3723918078573252e-23, nan 
-56.875, 85.375, 1.474364974350403e-23, nan 
-56.625, 85.375, 1.55599476712609e-23, nan 
-56.375, 85.375, 1.472768238255486e-23, nan 
-56.125, 85.375, 1.3750402275566776e-23, nan 
-55.875, 85.375, 1.275279164452439e-23, nan 
-55.625, 85.375, 1.2340006264325262e-23, nan 
-55.375, 85.375, 1.1218243365319686e-23, nan 
-55.125, 85.375, 1.0218913214418486e-23, nan 
-54.875, 85.375, 9.371374265710833e-24, nan 
-54.625, 85.375, 1.0001400730504496e-23, nan 
-54.375, 85.375, 1.1924592125736765e-23, nan 
-54.125, 85.375, 1.40415497624131e-23, nan 
-53.875, 85.375, 1.6641566565394365e-23, nan 
-53.625, 85.375, 1.8976843153733774e-23, nan 
-53.375, 85.375, 2.220542232467498e-23, nan 
-53.125, 85.375, 2.162451168923647e-23, nan 
-52.875, 85.375, 1.2760401920702412e-23, nan 
-52.625, 85.375, 9.251954221881872e-24, nan 
-52.375, 85.375, 7.973574986582986e-24, nan 
-52.125, 85.375, 6.78515036054044e-24, nan 
-51.875, 85.375, 6.4972169999467845e-24, nan 
-51.625, 85.375, 6.089271538053134e-24, nan 
-51.375, 85.375, 5.6527527767233846e-24, nan 
-51.125, 85.375, 5.103125611488799e-24, nan 
-50.875, 85.375, 6.178350154869141e-24, nan 
-50.625, 85.375, 7.59146615188118e-24, nan 
-50.375, 85.375, 7.547797246258066e-24, nan 
-50.125, 85.375, 8.208177789835267e-24, nan 
-49.875, 85.375, 7.721668988404712e-24, nan 
-49.625, 85.375, 8.661513509462132e-24, nan 
-49.375, 85.375, 6.596216935598842e-24, nan 
-49.125, 85.375, 3.9080138597262934e-24, nan 
-48.875, 85.375, 2.2859538242806107e-24, nan 
-48.625, 85.375, 2.364724709130859e-24, nan 
-48.375, 85.375, 3.2490024092650402e-24, nan 
-48.125, 85.375, 2.6134310447949247e-24, nan 
-47.875, 85.375, 2.8691065378245884e-24, nan 
-47.625, 85.375, 3.820197932846176e-24, nan 
-47.375, 85.375, 5.38795770115467e-24, nan 
-47.125, 85.375, 6.5797821649562654e-24, nan 
-46.875, 85.375, 5.6180352327487586e-24, nan 
-46.625, 85.375, 4.487166593571936e-24, nan 
-46.375, 85.375, 6.455681879642674e-24, nan 
-46.125, 85.375, 6.058814951424714e-24, nan 
-45.875, 85.375, 5.7545574186919e-24, nan 
-45.625, 85.375, 3.635312358654222e-24, nan 
-45.375, 85.375, 4.048452483744938e-24, nan 
-45.125, 85.375, 3.8759198363605406e-24, nan 
-44.875, 85.375, 3.437338208523891e-24, nan 
-44.625, 85.375, 3.451393452904655e-24, nan 
-44.375, 85.375, 3.1142354849140398e-24, nan 
-44.125, 85.375, 2.863976851771138e-24, nan 
-43.875, 85.375, 2.926242305037209e-24, nan 
-43.625, 85.375, 2.532098396950569e-24, nan 
-43.375, 85.375, 2.1783269696971167e-24, nan 
-43.125, 85.375, 2.2805398968537565e-24, nan 
-42.875, 85.375, 2.337020932057806e-24, nan 
-42.625, 85.375, 2.3752936117333645e-24, nan 
-42.375, 85.375, 1.9104728112593336e-24, nan 
-42.125, 85.375, 1.7668186937568213e-24, nan 
-41.875, 85.375, 1.564628615541371e-24, nan 
-41.625, 85.375, 1.5668152038606478e-24, nan 
-41.375, 85.375, 1.658342270312616e-24, nan 
-41.125, 85.375, 1.785375846263753e-24, nan 
-40.875, 85.375, 2.001772184686753e-24, nan 
-40.625, 85.375, 2.229461693024392e-24, nan 
-40.375, 85.375, 2.4655354225726315e-24, nan 
-40.125, 85.375, 2.5178559027798024e-24, nan 
-39.875, 85.375, 2.6892249018496718e-24, nan 
-39.625, 85.375, 3.2076437795502724e-24, nan 
-39.375, 85.375, 3.359979188218947e-24, nan 
-39.125, 85.375, 3.7533818848576516e-24, nan 
-38.875, 85.375, 4.187319749985539e-24, nan 
-38.625, 85.375, 4.6998259597770914e-24, nan 
-38.375, 85.375, 5.291281105042677e-24, nan 
-38.125, 85.375, 5.665113007224335e-24, nan 
-37.875, 85.375, 6.072426571437787e-24, nan 
-37.625, 85.375, 6.590976305383811e-24, nan 
-37.375, 85.375, 7.637585246566426e-24, nan 
-37.125, 85.375, 8.826604994607599e-24, nan 
-36.875, 85.375, 1.15116280967025e-23, nan 
-36.625, 85.375, 1.3829447270277044e-23, nan 
-36.375, 85.375, 1.548951879006616e-23, nan 
-36.125, 85.375, 1.5097489837607997e-23, nan 
-35.875, 85.375, 1.4408670986847184e-23, nan 
-35.625, 85.375, 1.4513032864189868e-23, nan 
-35.375, 85.375, 1.5145574629357137e-23, nan 
-35.125, 85.375, 1.5926428048516213e-23, nan 
-34.875, 85.375, 1.6991121916408044e-23, nan 
-34.625, 85.375, 1.8004128009209275e-23, nan 
-34.375, 85.375, 1.9565611077283006e-23, nan 
-34.125, 85.375, 2.1427712540784865e-23, nan 
-33.875, 85.375, 2.3342786948407276e-23, nan 
-33.625, 85.375, 2.5501353302750448e-23, nan 
-33.375, 85.375, 2.5193454075272408e-23, nan 
-33.125, 85.375, 2.203482771431944e-23, nan 
-32.875, 85.375, 1.8256262567383693e-23, nan 
-32.625, 85.375, 1.5787269065974102e-23, nan 
-32.375, 85.375, 1.4889883153533254e-23, nan 
-32.125, 85.375, 1.4373557595321075e-23, nan 
-31.875, 85.375, 1.3616984788733157e-23, nan 
-31.625, 85.375, 1.3405849527600856e-23, nan 
-31.375, 85.375, 1.2370897298854234e-23, nan 
-31.125, 85.375, 1.1288907315045501e-23, nan 
-30.875, 85.375, 1.3111483155564887e-23, nan 
-30.625, 85.375, 1.4560648486972812e-23, nan 
-30.375, 85.375, 1.7509028162413122e-23, nan 
-30.125, 85.375, 1.76353094136974e-23, nan 
-29.875, 85.375, 1.885839615910379e-23, nan 
-29.625, 85.375, 1.9286860572747673e-23, nan 
-29.375, 85.375, 2.037628394610572e-23, nan 
-29.125, 85.375, 2.0077326823726136e-23, nan 
-28.875, 85.375, 1.9355569918366734e-23, nan 
-28.625, 85.375, 1.8725109380954738e-23, nan 
-28.375, 85.375, 1.8841451322463656e-23, nan 
-28.125, 85.375, 1.880659414653662e-23, nan 
-27.875, 85.375, 1.9844498045391548e-23, nan 
-27.625, 85.375, 2.0752850850889603e-23, nan 
-27.375, 85.375, 2.1366681005876154e-23, nan 
-27.125, 85.375, 2.142755673583254e-23, nan 
-26.875, 85.375, 2.2436573529591088e-23, nan 
-26.625, 85.375, 2.653826489756567e-23, nan 
-26.375, 85.375, 2.9114160903359016e-23, nan 
-26.125, 85.375, 2.8389002183567426e-23, nan 
-25.875, 85.375, 2.9286331128682734e-23, nan 
-25.625, 85.375, 2.8702731798371087e-23, nan 
-25.375, 85.375, 2.7346028251074024e-23, nan 
-25.125, 85.375, 2.6835718600758197e-23, nan 
-24.875, 85.375, 2.663679063385654e-23, nan 
-24.625, 85.375, 2.409016233039944e-23, nan 
-24.375, 85.375, 2.342943657330179e-23, nan 
-24.125, 85.375, 2.2315166204563298e-23, nan 
-23.875, 85.375, 2.021076321069959e-23, nan 
-23.625, 85.375, 2.0042774609230582e-23, nan 
-23.375, 85.375, 1.7479457248573737e-23, nan 
-23.125, 85.375, 1.467830593510445e-23, nan 
-22.875, 85.375, 1.3703932820125467e-23, nan 
-22.625, 85.375, 1.4114702714522472e-23, nan 
-22.375, 85.375, 1.518948393247973e-23, nan 
-22.125, 85.375, 1.6545605706896282e-23, nan 
-21.875, 85.375, 1.8006799185548528e-23, nan 
-21.625, 85.375, 2.1474167891580496e-23, nan 
-21.375, 85.375, 2.1473296581994326e-23, nan 
-21.125, 85.375, 2.2940861770685863e-23, nan 
-20.875, 85.375, 2.2987982987623324e-23, nan 
-20.625, 85.375, 2.1653183940476613e-23, nan 
-20.375, 85.375, 2.3345776265928178e-23, nan 
-20.125, 85.375, 2.5695219675055377e-23, nan 
-19.875, 85.375, 2.561940685653084e-23, nan 
-19.625, 85.375, 2.7060508628688837e-23, nan 
-19.375, 85.375, 3.0015143978240687e-23, nan 
-19.125, 85.375, 2.9663243809420615e-23, nan 
-18.875, 85.375, 3.157388963636012e-23, nan 
-18.625, 85.375, 3.230523515831118e-23, nan 
-18.375, 85.375, 2.8024023414804266e-23, nan 
-18.125, 85.375, 2.9072826124572556e-23, nan 
-17.875, 85.375, 2.8415483092095095e-23, nan 
-17.625, 85.375, 2.6374498244664583e-23, nan 
-17.375, 85.375, 2.5986417839964526e-23, nan 
-17.125, 85.375, 2.743695336894151e-23, nan 
-16.875, 85.375, 2.7707389682410105e-23, nan 
-16.625, 85.375, 2.818510517782e-23, nan 
-16.375, 85.375, 2.9322225544142245e-23, nan 
-16.125, 85.375, 3.19710774578109e-23, nan 
-15.875, 85.375, 3.315468068651822e-23, nan 
-15.625, 85.375, 3.68170110382295e-23, nan 
-15.375, 85.375, 3.8826167884839935e-23, nan 
-15.125, 85.375, 4.0147658400079336e-23, nan 
-14.875, 85.375, 4.185540599957017e-23, nan 
-14.625, 85.375, 4.2408511492944834e-23, nan 
-14.375, 85.375, 4.2159687004778604e-23, nan 
-14.125, 85.375, 3.775428022440233e-23, nan 
-13.875, 85.375, 3.5454642863354717e-23, nan 
-13.625, 85.375, 3.207415463374008e-23, nan 
-13.375, 85.375, 2.879692831657677e-23, nan 
-13.125, 85.375, 2.599884838175419e-23, nan 
-12.875, 85.375, 2.713032882177081e-23, nan 
-12.625, 85.375, 3.6975189044778107e-23, nan 
-12.375, 85.375, 4.6816613493386865e-23, nan 
-12.125, 85.375, 4.727330395249053e-23, nan 
-11.875, 85.375, 4.8256894582755175e-23, nan 
-11.625, 85.375, 4.9348146294043665e-23, nan 
-11.375, 85.375, 5.058288581445944e-23, nan 
-11.125, 85.375, 5.1592237112972614e-23, nan 
-10.875, 85.375, 5.336567398931969e-23, nan 
-10.625, 85.375, 5.36225748618336e-23, nan 
-10.375, 85.375, 5.327946566309169e-23, nan 
-10.125, 85.375, 5.384423866048838e-23, nan 
-9.875, 85.375, 5.595787448711408e-23, nan 
-9.625, 85.375, 5.751168195043496e-23, nan 
-9.375, 85.375, 5.799315262503481e-23, nan 
-9.125, 85.375, 4.6243436444492785e-23, nan 
-8.875, 85.375, 2.2737546813969104e-23, nan 
-8.625, 85.375, 1.0626183603338546e-23, nan 
-8.375, 85.375, 8.01939670780243e-24, nan 
-8.125, 85.375, 5.430242529233073e-24, nan 
-7.875, 85.375, 5.5291554947268294e-24, nan 
-7.625, 85.375, 6.167716304423629e-24, nan 
-7.375, 85.375, 6.871984877106111e-24, nan 
-7.125, 85.375, 7.371545460979438e-24, nan 
-6.875, 85.375, 8.25725084678961e-24, nan 
-6.625, 85.375, 9.940377507320328e-24, nan 
-6.375, 85.375, 1.1766376403899464e-23, nan 
-6.125, 85.375, 1.528421151106124e-23, nan 
-5.875, 85.375, 2.4034049972799407e-23, nan 
-5.625, 85.375, 4.457595845779117e-23, nan 
-5.375, 85.375, 3.623830337247227e-23, nan 
-5.125, 85.375, 3.990572629783561e-23, nan 
-4.875, 85.375, 3.418057420265399e-23, nan 
-4.625, 85.375, 3.1066372848192546e-23, nan 
-4.375, 85.375, 1.9181315357345772e-23, nan 
-4.125, 85.375, 1.428180000000302e-23, nan 
-3.875, 85.375, 1.0413856713708006e-23, nan 
-3.625, 85.375, 8.297225343887497e-24, nan 
-3.375, 85.375, 6.4577280954122636e-24, nan 
-3.125, 85.375, 9.954522880332534e-24, nan 
-2.875, 85.375, 1.3697094416959102e-23, nan 
-2.625, 85.375, 1.583559910457077e-23, nan 
-2.375, 85.375, 1.6710225185177397e-23, nan 
-2.125, 85.375, 1.7122563468579558e-23, nan 
-1.875, 85.375, 1.876920504737706e-23, nan 
-1.625, 85.375, 1.9177988403471265e-23, nan 
-1.375, 85.375, 2.0466118979521945e-23, nan 
-1.125, 85.375, 2.165474806851444e-23, nan 
-0.875, 85.375, 2.396725911510202e-23, nan 
-0.625, 85.375, 2.4568338662753658e-23, nan 
-0.375, 85.375, 2.522249390202528e-23, nan 
-0.125, 85.375, 2.527889427174361e-23, nan 
0.125, 85.375, 2.548666019295523e-23, nan 
0.375, 85.375, 2.398960526804796e-23, nan 
0.625, 85.375, 2.345443859809053e-23, nan 
0.875, 85.375, 2.5110658846540833e-23, nan 
1.125, 85.375, 2.6448229468558906e-23, nan 
1.375, 85.375, 2.5960112178886708e-23, nan 
1.625, 85.375, 2.4736185992800376e-23, nan 
1.875, 85.375, 2.5635269351905066e-23, nan 
2.125, 85.375, 2.460359135308157e-23, nan 
2.375, 85.375, 2.513453736234849e-23, nan 
2.625, 85.375, 2.4944243860011936e-23, nan 
2.875, 85.375, 2.4451840746921606e-23, nan 
3.125, 85.375, 2.484350252964145e-23, nan 
3.375, 85.375, 2.425395458028382e-23, nan 
3.625, 85.375, 2.2029900693244778e-23, nan 
3.875, 85.375, 2.1163767316346304e-23, nan 
4.125, 85.375, 2.1522510739231318e-23, nan 
4.375, 85.375, 2.2497167895779036e-23, nan 
4.625, 85.375, 2.1467167620342524e-23, nan 
4.875, 85.375, 2.0483745459257727e-23, nan 
5.125, 85.375, 1.8707463596305285e-23, nan 
5.375, 85.375, 1.8941142446527395e-23, nan 
5.625, 85.375, 1.8354704956229954e-23, nan 
5.875, 85.375, 1.906519488051449e-23, nan 
6.125, 85.375, 1.818032514562751e-23, nan 
6.375, 85.375, 1.5652118931000417e-23, nan 
6.625, 85.375, 1.3895770365011082e-23, nan 
6.875, 85.375, 1.2679091026973288e-23, nan 
7.125, 85.375, 1.1722570111236904e-23, nan 
7.375, 85.375, 1.087576642535172e-23, nan 
7.625, 85.375, 1.053031725497748e-23, nan 
7.875, 85.375, 1.0245098989816097e-23, nan 
8.125, 85.375, 9.825141698841416e-24, nan 
8.375, 85.375, 9.552501394925698e-24, nan 
8.625, 85.375, 9.028894084150685e-24, nan 
8.875, 85.375, 8.885636129625271e-24, nan 
9.125, 85.375, 8.710805015790304e-24, nan 
9.375, 85.375, 8.565040379646834e-24, nan 
9.625, 85.375, 8.322829385307443e-24, nan 
9.875, 85.375, 8.200888753656647e-24, nan 
10.125, 85.375, 7.314288036402975e-24, nan 
10.375, 85.375, 6.986339481279088e-24, nan 
10.625, 85.375, 6.88689746314174e-24, nan 
10.875, 85.375, 6.663666289830668e-24, nan 
11.125, 85.375, 6.344208402009352e-24, nan 
11.375, 85.375, 6.232753960531566e-24, nan 
11.625, 85.375, 5.672038630314341e-24, nan 
11.875, 85.375, 4.999641943749804e-24, nan 
12.125, 85.375, 4.6113419447116056e-24, nan 
12.375, 85.375, 4.466968501606157e-24, nan 
12.625, 85.375, 4.684251120426657e-24, nan 
12.875, 85.375, 5.0036423849742834e-24, nan 
13.125, 85.375, 5.2276234964823205e-24, nan 
13.375, 85.375, 5.616205517513054e-24, nan 
13.625, 85.375, 6.196758092887398e-24, nan 
13.875, 85.375, 6.363127020749232e-24, nan 
14.125, 85.375, 5.944690968197559e-24, nan 
14.375, 85.375, 6.722350214417894e-24, nan 
14.625, 85.375, 7.111671947724815e-24, nan 
14.875, 85.375, 6.971241283170768e-24, nan 
15.125, 85.375, 7.162129227137718e-24, nan 
15.375, 85.375, 6.83688075534308e-24, nan 
15.625, 85.375, 6.731369745526604e-24, nan 
15.875, 85.375, 7.268356615800176e-24, nan 
16.125, 85.375, 7.690326029473813e-24, nan 
16.375, 85.375, 7.839793944316386e-24, nan 
16.625, 85.375, 8.145967272423661e-24, nan 
16.875, 85.375, 8.856078848428667e-24, nan 
17.125, 85.375, 9.328843165249339e-24, nan 
17.375, 85.375, 9.218071085710175e-24, nan 
17.625, 85.375, 9.563886321387157e-24, nan 
17.875, 85.375, 9.848560445457135e-24, nan 
18.125, 85.375, 1.0170566069604828e-23, nan 
18.375, 85.375, 1.0484072580538002e-23, nan 
18.625, 85.375, 1.0712884547922968e-23, nan 
18.875, 85.375, 1.0808456729144148e-23, nan 
19.125, 85.375, 1.1045994546750064e-23, nan 
19.375, 85.375, 1.1233470565052433e-23, nan 
19.625, 85.375, 1.221628927324382e-23, nan 
19.875, 85.375, 1.3121387333188089e-23, nan 
20.125, 85.375, 1.444059895784941e-23, nan 
20.375, 85.375, 1.49689886966893e-23, nan 
20.625, 85.375, 1.6479491942242082e-23, nan 
20.875, 85.375, 1.732521896342992e-23, nan 
21.125, 85.375, 1.80427117406139e-23, nan 
21.375, 85.375, 2.0496574616739652e-23, nan 
21.625, 85.375, 2.3154846860260652e-23, nan 
21.875, 85.375, 2.2621682015873103e-23, nan 
22.125, 85.375, 1.8039522957243745e-23, nan 
22.375, 85.375, 1.6060961584673003e-23, nan 
22.625, 85.375, 1.5099905464317062e-23, nan 
22.875, 85.375, 1.4303684123234414e-23, nan 
23.125, 85.375, 1.4903465627183905e-23, nan 
23.375, 85.375, 1.5446601167102743e-23, nan 
23.625, 85.375, 1.576820928135643e-23, nan 
23.875, 85.375, 1.740645236800638e-23, nan 
24.125, 85.375, 1.9154567309777214e-23, nan 
24.375, 85.375, 1.987187700223263e-23, nan 
24.625, 85.375, 2.069385396130356e-23, nan 
24.875, 85.375, 2.1248375214633317e-23, nan 
25.125, 85.375, 2.0950149439147612e-23, nan 
25.375, 85.375, 1.9179540210751002e-23, nan 
25.625, 85.375, 1.8065457648552676e-23, nan 
25.875, 85.375, 1.80475912473852e-23, nan 
26.125, 85.375, 1.852895145766046e-23, nan 
26.375, 85.375, 1.8633835622894882e-23, nan 
26.625, 85.375, 1.862775506292273e-23, nan 
26.875, 85.375, 1.7374476077188845e-23, nan 
27.125, 85.375, 1.617451487088213e-23, nan 
27.375, 85.375, 1.5489511138482346e-23, nan 
27.625, 85.375, 1.3578953577035192e-23, nan 
27.875, 85.375, 1.281309912201203e-23, nan 
28.125, 85.375, 1.1816636908553685e-23, nan 
28.375, 85.375, 1.1513553887439999e-23, nan 
28.625, 85.375, 1.0891490124880214e-23, nan 
28.875, 85.375, 1.0306618750553174e-23, nan 
29.125, 85.375, 9.863095901727234e-24, nan 
29.375, 85.375, 9.381494900772072e-24, nan 
29.625, 85.375, 9.002654716949574e-24, nan 
29.875, 85.375, 8.587220118062242e-24, nan 
30.125, 85.375, 8.07638694754631e-24, nan 
30.375, 85.375, 7.564502028227161e-24, nan 
30.625, 85.375, 7.489706320779981e-24, nan 
30.875, 85.375, 6.889928271584317e-24, nan 
31.125, 85.375, 6.4617838429345894e-24, nan 
31.375, 85.375, 6.397227958907728e-24, nan 
31.625, 85.375, 5.844218231046599e-24, nan 
31.875, 85.375, 5.7083642400750515e-24, nan 
32.125, 85.375, 5.37652151930925e-24, nan 
32.375, 85.375, 4.9546488681077314e-24, nan 
32.625, 85.375, 4.896747440484972e-24, nan 
32.875, 85.375, 4.8161463135255975e-24, nan 
33.125, 85.375, 4.693646454481818e-24, nan 
33.375, 85.375, 4.7424298493840574e-24, nan 
33.625, 85.375, 4.6968246043858685e-24, nan 
33.875, 85.375, 4.5704692507824e-24, nan 
34.125, 85.375, 4.717691102552468e-24, nan 
34.375, 85.375, 4.832880746934155e-24, nan 
34.625, 85.375, 4.907245007940459e-24, nan 
34.875, 85.375, 5.0464418394875445e-24, nan 
35.125, 85.375, 5.2895554428493054e-24, nan 
35.375, 85.375, 5.4065625029127615e-24, nan 
35.625, 85.375, 5.6141019580759456e-24, nan 
35.875, 85.375, 5.762837994884048e-24, nan 
36.125, 85.375, 6.1576906146220074e-24, nan 
36.375, 85.375, 6.469401869430844e-24, nan 
36.625, 85.375, 6.867293228210684e-24, nan 
36.875, 85.375, 7.074750204003048e-24, nan 
37.125, 85.375, 7.494520421504201e-24, nan 
37.375, 85.375, 7.915424075492278e-24, nan 
37.625, 85.375, 8.521602330824934e-24, nan 
37.875, 85.375, 9.059333595447372e-24, nan 
38.125, 85.375, 9.302165532902952e-24, nan 
38.375, 85.375, 9.880764904808774e-24, nan 
38.625, 85.375, 1.0052281755327205e-23, nan 
38.875, 85.375, 1.044336947940485e-23, nan 
39.125, 85.375, 1.0700388057291101e-23, nan 
39.375, 85.375, 1.085912302733342e-23, nan 
39.625, 85.375, 1.0847548034119224e-23, nan 
39.875, 85.375, 1.0563913682587258e-23, nan 
40.125, 85.375, 1.0088925493068658e-23, nan 
40.375, 85.375, 9.43345910055989e-24, nan 
40.625, 85.375, 8.557771303891154e-24, nan 
40.875, 85.375, 8.575066112715714e-24, nan 
41.125, 85.375, 8.534201793395013e-24, nan 
41.375, 85.375, 8.705049983892946e-24, nan 
41.625, 85.375, 8.617528346975356e-24, nan 
41.875, 85.375, 8.423614136282997e-24, nan 
42.125, 85.375, 9.504283994272247e-24, nan 
42.375, 85.375, 1.0198410741061123e-23, nan 
42.625, 85.375, 1.1284963762103549e-23, nan 
42.875, 85.375, 1.1431016468961632e-23, nan 
43.125, 85.375, 1.1472402788182499e-23, nan 
43.375, 85.375, 1.1832998497521913e-23, nan 
43.625, 85.375, 1.177304354027606e-23, nan 
43.875, 85.375, 1.1647192937001902e-23, nan 
44.125, 85.375, 1.2037584832262526e-23, nan 
44.375, 85.375, 1.1611035697455416e-23, nan 
44.625, 85.375, 1.2443877060833866e-23, nan 
44.875, 85.375, 1.2998168230302832e-23, nan 
45.125, 85.375, 1.3582175272595152e-23, nan 
45.375, 85.375, 1.4456932275729769e-23, nan 
45.625, 85.375, 1.495915589369211e-23, nan 
45.875, 85.375, 1.5611776683452828e-23, nan 
46.125, 85.375, 1.5878898328362128e-23, nan 
46.375, 85.375, 1.6023667357867588e-23, nan 
46.625, 85.375, 1.619097910512205e-23, nan 
46.875, 85.375, 1.6143009239565987e-23, nan 
47.125, 85.375, 1.5940465249958537e-23, nan 
47.375, 85.375, 1.5674340763496504e-23, nan 
47.625, 85.375, 1.521416525866258e-23, nan 
47.875, 85.375, 1.4913585741302317e-23, nan 
48.125, 85.375, 1.4707889557924156e-23, nan 
48.375, 85.375, 1.433860388041317e-23, nan 
48.625, 85.375, 1.384578888993918e-23, nan 
48.875, 85.375, 1.2832938844977536e-23, nan 
49.125, 85.375, 1.2339489817451277e-23, nan 
49.375, 85.375, 1.2168104029569305e-23, nan 
49.625, 85.375, 1.210488174031072e-23, nan 
49.875, 85.375, 1.2253351917924457e-23, nan 
50.125, 85.375, 1.2405496712140508e-23, nan 
50.375, 85.375, 1.2597477513052405e-23, nan 
50.625, 85.375, 1.1412867215071684e-23, nan 
50.875, 85.375, 1.0617929353244355e-23, nan 
51.125, 85.375, 1.0382748381128278e-23, nan 
51.375, 85.375, 1.0129155339378975e-23, nan 
51.625, 85.375, 1.1634735176183969e-23, nan 
51.875, 85.375, 1.1682755625713843e-23, nan 
52.125, 85.375, 1.2369362450446466e-23, nan 
52.375, 85.375, 1.2756660321004894e-23, nan 
52.625, 85.375, 1.3663422714017665e-23, nan 
52.875, 85.375, 1.426450047617208e-23, nan 
53.125, 85.375, 1.4076909524714383e-23, nan 
53.375, 85.375, 1.3728540007084435e-23, nan 
53.625, 85.375, 1.4342633768710583e-23, nan 
53.875, 85.375, 1.3263680401119183e-23, nan 
54.125, 85.375, 1.3332274496001928e-23, nan 
54.375, 85.375, 1.3994426452604953e-23, nan 
54.625, 85.375, 1.4922042841330428e-23, nan 
54.875, 85.375, 1.5529788713922937e-23, nan 
55.125, 85.375, 1.5857265589850522e-23, nan 
55.375, 85.375, 1.63056669962939e-23, nan 
55.625, 85.375, 1.6428863266995974e-23, nan 
55.875, 85.375, 1.7189227105028968e-23, nan 
56.125, 85.375, 1.7404024342103768e-23, nan 
56.375, 85.375, 1.7433436548470066e-23, nan 
56.625, 85.375, 1.6944930700268757e-23, nan 
56.875, 85.375, 1.742223102514343e-23, nan 
57.125, 85.375, 1.773574766147726e-23, nan 
57.375, 85.375, 1.7563332490643936e-23, nan 
57.625, 85.375, 1.7537400898718325e-23, nan 
57.875, 85.375, 1.754421396091973e-23, nan 
58.125, 85.375, 1.738919236222415e-23, nan 
58.375, 85.375, 1.7277099536312653e-23, nan 
58.625, 85.375, 1.6469363532617337e-23, nan 
58.875, 85.375, 1.602253294962448e-23, nan 
59.125, 85.375, 1.5500377178811642e-23, nan 
59.375, 85.375, 1.4850196051202977e-23, nan 
59.625, 85.375, 1.4897326196004257e-23, nan 
59.875, 85.375, 1.417462379618462e-23, nan 
60.125, 85.375, 1.3351320167744507e-23, nan 
60.375, 85.375, 1.3102138336093532e-23, nan 
60.625, 85.375, 1.3169704418348964e-23, nan 
60.875, 85.375, 1.2980542773433898e-23, nan 
61.125, 85.375, 1.3245086940957696e-23, nan 
61.375, 85.375, 1.3329400180320862e-23, nan 
61.625, 85.375, 1.3639649413006363e-23, nan 
61.875, 85.375, 1.3917178969650398e-23, nan 
62.125, 85.375, 1.4532460929730087e-23, nan 
62.375, 85.375, 1.4627577147973388e-23, nan 
62.625, 85.375, 1.5232487603348336e-23, nan 
62.875, 85.375, 1.5912507795452476e-23, nan 
63.125, 85.375, 1.6306455786006627e-23, nan 
63.375, 85.375, 1.6748707237699817e-23, nan 
63.625, 85.375, 1.709211839260603e-23, nan 
63.875, 85.375, 1.7236382162748985e-23, nan 
64.125, 85.375, 1.7281424560506437e-23, nan 
64.375, 85.375, 1.7703039613388605e-23, nan 
64.625, 85.375, 1.779675045624281e-23, nan 
64.875, 85.375, 1.8507745306474983e-23, nan 
65.125, 85.375, 1.8867025169895324e-23, nan 
65.375, 85.375, 1.90216843035647e-23, nan 
65.625, 85.375, 1.913330353907007e-23, nan 
65.875, 85.375, 1.9175388136554615e-23, nan 
66.125, 85.375, 1.9383921803743488e-23, nan 
66.375, 85.375, 1.969626740189823e-23, nan 
66.625, 85.375, 1.9988277106416216e-23, nan 
66.875, 85.375, 2.048096515629977e-23, nan 
67.125, 85.375, 2.1976106675922678e-23, nan 
67.375, 85.375, 2.3447949149369444e-23, nan 
67.625, 85.375, 2.5404785819215185e-23, nan 
67.875, 85.375, 2.66820975768639e-23, nan 
68.125, 85.375, 2.7114176652960494e-23, nan 
68.375, 85.375, 2.5982311955103964e-23, nan 
68.625, 85.375, 2.5360582685012678e-23, nan 
68.875, 85.375, 2.6083390958121906e-23, nan 
69.125, 85.375, 2.666444469677403e-23, nan 
69.375, 85.375, 2.6347919025951215e-23, nan 
69.625, 85.375, 2.6238944589933355e-23, nan 
69.875, 85.375, 2.6111670080659686e-23, nan 
70.125, 85.375, 2.5983447413617087e-23, nan 
70.375, 85.375, 2.7447091142592073e-23, nan 
70.625, 85.375, 2.747024505207338e-23, nan 
70.875, 85.375, 2.6024884549948236e-23, nan 
71.125, 85.375, 2.423914183511681e-23, nan 
71.375, 85.375, 2.2229863983757772e-23, nan 
71.625, 85.375, 2.0695451383974504e-23, nan 
71.875, 85.375, 1.925363163332889e-23, nan 
72.125, 85.375, 1.9747920092430793e-23, nan 
72.375, 85.375, 2.0231765688593407e-23, nan 
72.625, 85.375, 2.1394707466766712e-23, nan 
72.875, 85.375, 2.2343479257182614e-23, nan 
73.125, 85.375, 2.1487931806374237e-23, nan 
73.375, 85.375, 2.038371125387385e-23, nan 
73.625, 85.375, 1.698713245482116e-23, nan 
73.875, 85.375, 1.659290915797134e-23, nan 
74.125, 85.375, 1.8179133285959014e-23, nan 
74.375, 85.375, 1.895360458695289e-23, nan 
74.625, 85.375, 2.968610507893693e-23, nan 
74.875, 85.375, 3.305344657492204e-23, nan 
75.125, 85.375, 3.1424380086480096e-23, nan 
75.375, 85.375, 3.314434799566654e-23, nan 
75.625, 85.375, 3.1705265071484174e-23, nan 
75.875, 85.375, 3.197131691605016e-23, nan 
76.125, 85.375, 3.162416719476669e-23, nan 
76.375, 85.375, 3.92917539001794e-23, nan 
76.625, 85.375, 3.645826725211226e-23, nan 
76.875, 85.375, 5.498346309990569e-23, nan 
77.125, 85.375, 5.503048230632902e-23, nan 
77.375, 85.375, 5.666801332158408e-23, nan 
77.625, 85.375, 5.651509347464723e-23, nan 
77.875, 85.375, 5.2491386505744183e-23, nan 
78.125, 85.375, 5.249362719735806e-23, nan 
78.375, 85.375, 4.571810233292363e-23, nan 
78.625, 85.375, 3.9995502885806387e-23, nan 
78.875, 85.375, 3.5556696335049336e-23, nan 
79.125, 85.375, 2.840397515643362e-23, nan 
79.375, 85.375, 2.7623862702135204e-23, nan 
79.625, 85.375, 2.77316093412142e-23, nan 
79.875, 85.375, 2.2733331653658678e-23, nan 
80.125, 85.375, 2.4869783604288515e-23, nan 
80.375, 85.375, 2.2444684229259315e-23, nan 
80.625, 85.375, 1.7683705498228866e-23, nan 
80.875, 85.375, 1.1832812368433508e-23, nan 
81.125, 85.375, 8.868768441696215e-24, nan 
81.375, 85.375, 2.0457835314816994e-23, nan 
81.625, 85.375, 2.82841217117048e-23, nan 
81.875, 85.375, 3.683281971493912e-23, nan 
82.125, 85.375, 4.8052049973471023e-23, nan 
82.375, 85.375, 5.688436871744006e-23, nan 
82.625, 85.375, 6.237430240236652e-23, nan 
82.875, 85.375, 6.639936774025058e-23, nan 
83.125, 85.375, 6.033627077692351e-23, nan 
83.375, 85.375, 5.522139733394852e-23, nan 
83.625, 85.375, 4.82097315191697e-23, nan 
83.875, 85.375, 4.173008555135423e-23, nan 
84.125, 85.375, 3.676719212705813e-23, nan 
84.375, 85.375, 3.4971820195026485e-23, nan 
84.625, 85.375, 3.350106543960304e-23, nan 
84.875, 85.375, 4.082229978831458e-23, nan 
85.125, 85.375, 5.234328681376674e-23, nan 
85.375, 85.375, 7.32378917111263e-23, nan 
85.625, 85.375, 9.866289177154103e-23, nan 
85.875, 85.375, 1.0600831849728342e-22, nan 
86.125, 85.375, 1.152506844131117e-22, nan 
86.375, 85.375, 1.1220313817142994e-22, nan 
86.625, 85.375, 1.0587152549958836e-22, nan 
86.875, 85.375, 9.883936734168768e-23, nan 
87.125, 85.375, 9.187176786401163e-23, nan 
87.375, 85.375, 8.15961921212357e-23, nan 
87.625, 85.375, 7.596425910404341e-23, nan 
87.875, 85.375, 6.760149501613397e-23, nan 
88.125, 85.375, 6.0652299577991e-23, nan 
88.375, 85.375, 5.2068460799664617e-23, nan 
88.625, 85.375, 4.7701128560028985e-23, nan 
88.875, 85.375, 4.7444122131705917e-23, nan 
89.125, 85.375, 4.678687869677363e-23, nan 
89.375, 85.375, 4.980843695587926e-23, nan 
89.625, 85.375, 4.9185069628167907e-23, nan 
89.875, 85.375, 4.799845755529251e-23, nan 
90.125, 85.375, 4.693913564233103e-23, nan 
90.375, 85.375, 4.5451819270834485e-23, nan 
90.625, 85.375, 4.388857889621617e-23, nan 
90.875, 85.375, 4.712093178846389e-23, nan 
91.125, 85.375, 4.871374452439224e-23, nan 
91.375, 85.375, 4.820696461484468e-23, nan 
91.625, 85.375, 5.308194751483074e-23, nan 
91.875, 85.375, 5.701212306496275e-23, nan 
92.125, 85.375, 5.677532370345535e-23, nan 
92.375, 85.375, 5.851733051366136e-23, nan 
92.625, 85.375, 5.815368983216466e-23, nan 
92.875, 85.375, 5.799594513450267e-23, nan 
93.125, 85.375, 5.712242045488087e-23, nan 
93.375, 85.375, 5.40246356457841e-23, nan 
93.625, 85.375, 5.235831949383795e-23, nan 
93.875, 85.375, 5.447175804069315e-23, nan 
94.125, 85.375, 5.542702661462857e-23, nan 
94.375, 85.375, 5.365126340010039e-23, nan 
94.625, 85.375, 5.104850924325878e-23, nan 
94.875, 85.375, 4.860785880707156e-23, nan 
95.125, 85.375, 4.8193691304093113e-23, nan 
95.375, 85.375, 4.561063001959539e-23, nan 
95.625, 85.375, 4.331364646018703e-23, nan 
95.875, 85.375, 4.0786895988675995e-23, nan 
96.125, 85.375, 3.8645936030130956e-23, nan 
96.375, 85.375, 3.5115053652515624e-23, nan 
96.625, 85.375, 3.610104493040337e-23, nan 
96.875, 85.375, 3.7556401065772905e-23, nan 
97.125, 85.375, 3.7998872524210716e-23, nan 
97.375, 85.375, 3.9954087729282657e-23, nan 
97.625, 85.375, 4.218409176505111e-23, nan 
97.875, 85.375, 4.577946376192794e-23, nan 
98.125, 85.375, 4.7443755306550916e-23, nan 
98.375, 85.375, 4.786654924773945e-23, nan 
98.625, 85.375, 4.8275386162326026e-23, nan 
98.875, 85.375, 4.7098221024398633e-23, nan 
99.125, 85.375, 4.915967396018046e-23, nan 
99.375, 85.375, 5.131204245869895e-23, nan 
99.625, 85.375, 5.725360912414943e-23, nan 
99.875, 85.375, 5.731537155180096e-23, nan 
100.125, 85.375, 6.050893327154068e-23, nan 
100.375, 85.375, 6.082223154618663e-23, nan 
100.625, 85.375, 6.127174287517715e-23, nan 
100.875, 85.375, 6.253930868595729e-23, nan 
101.125, 85.375, 6.090354239067184e-23, nan 
101.375, 85.375, 6.147376315476719e-23, nan 
101.625, 85.375, 6.031155276786339e-23, nan 
101.875, 85.375, 6.384988327359253e-23, nan 
102.125, 85.375, 7.299157846292544e-23, nan 
102.375, 85.375, 7.627644627477701e-23, nan 
102.625, 85.375, 7.730021804843324e-23, nan 
102.875, 85.375, 7.722089050034037e-23, nan 
103.125, 85.375, 7.877065191774254e-23, nan 
103.375, 85.375, 8.554905224222301e-23, nan 
103.625, 85.375, 8.726523193769393e-23, nan 
103.875, 85.375, 8.755865973085365e-23, nan 
104.125, 85.375, 9.054176812476816e-23, nan 
104.375, 85.375, 9.335599132812429e-23, nan 
104.625, 85.375, 9.325127224838826e-23, nan 
104.875, 85.375, 8.658291985779232e-23, nan 
105.125, 85.375, 7.366526245850836e-23, nan 
105.375, 85.375, 5.7812261369049e-23, nan 
105.625, 85.375, 5.24778483746969e-23, nan 
105.875, 85.375, 5.359158703608584e-23, nan 
106.125, 85.375, 5.558820511407571e-23, nan 
106.375, 85.375, 5.566820063207465e-23, nan 
106.625, 85.375, 6.676289732396792e-23, nan 
106.875, 85.375, 7.050420157636643e-23, nan 
107.125, 85.375, 7.236729110808365e-23, nan 
107.375, 85.375, 7.502083050684806e-23, nan 
107.625, 85.375, 7.561299727077413e-23, nan 
107.875, 85.375, 7.869048708691605e-23, nan 
108.125, 85.375, 8.289471051058178e-23, nan 
108.375, 85.375, 9.054711102948402e-23, nan 
108.625, 85.375, 9.585120831570054e-23, nan 
108.875, 85.375, 9.871095798593542e-23, nan 
109.125, 85.375, 1.1492438034423385e-22, nan 
109.375, 85.375, 1.4551779590340533e-22, nan 
109.625, 85.375, 1.881106250615725e-22, nan 
109.875, 85.375, 2.2391197607754906e-22, nan 
110.125, 85.375, 2.6490116423185394e-22, nan 
110.375, 85.375, 2.845672904458887e-22, nan 
110.625, 85.375, 3.0851677176023575e-22, nan 
110.875, 85.375, 3.3003796756128994e-22, nan 
111.125, 85.375, 3.061033591632236e-22, nan 
111.375, 85.375, 2.5097601872521844e-22, nan 
111.625, 85.375, 2.2719863739639663e-22, nan 
111.875, 85.375, 1.8023445147740493e-22, nan 
112.125, 85.375, 1.5739854043418106e-22, nan 
112.375, 85.375, 1.401137913644775e-22, nan 
112.625, 85.375, 1.656807156779433e-22, nan 
112.875, 85.375, 2.206911581320516e-22, nan 
113.125, 85.375, 2.864760820815662e-22, nan 
113.375, 85.375, 3.5680290285748274e-22, nan 
113.625, 85.375, 4.0722520971197724e-22, nan 
113.875, 85.375, 4.73486328487928e-22, nan 
114.125, 85.375, 5.270975795691966e-22, nan 
114.375, 85.375, 4.940590652542895e-22, nan 
114.625, 85.375, 4.0818056274218144e-22, nan 
114.875, 85.375, 3.8375697618346227e-22, nan 
115.125, 85.375, 3.3237912294870577e-22, nan 
115.375, 85.375, 3.1424221793306426e-22, nan 
115.625, 85.375, 3.158622326195799e-22, nan 
115.875, 85.375, 3.093743505772768e-22, nan 
116.125, 85.375, 3.193513766025145e-22, nan 
116.375, 85.375, 3.283107606204371e-22, nan 
116.625, 85.375, 3.511435778343727e-22, nan 
116.875, 85.375, 3.9024924287682494e-22, nan 
117.125, 85.375, 4.4634335407615335e-22, nan 
117.375, 85.375, 4.912935057588561e-22, nan 
117.625, 85.375, 4.951669339042936e-22, nan 
117.875, 85.375, 4.729806844866297e-22, nan 
118.125, 85.375, 4.690785326669289e-22, nan 
118.375, 85.375, 4.580013059914849e-22, nan 
118.625, 85.375, 4.524211853637028e-22, nan 
118.875, 85.375, 4.535509789187376e-22, nan 
119.125, 85.375, 4.512082474572258e-22, nan 
119.375, 85.375, 4.63434721711476e-22, nan 
119.625, 85.375, 4.754624401417054e-22, nan 
119.875, 85.375, 4.573332700135137e-22, nan 
120.125, 85.375, 4.454912196049081e-22, nan 
120.375, 85.375, 4.584740756220628e-22, nan 
120.625, 85.375, 4.628819550196142e-22, nan 
120.875, 85.375, 5.383058156650592e-22, nan 
121.125, 85.375, 5.732538820008523e-22, nan 
121.375, 85.375, 5.82067091446461e-22, nan 
121.625, 85.375, 5.878866040298255e-22, nan 
121.875, 85.375, 5.824843174544588e-22, nan 
122.125, 85.375, 5.471946773901743e-22, nan 
122.375, 85.375, 5.026012015395125e-22, nan 
122.625, 85.375, 4.57180373949403e-22, nan 
122.875, 85.375, 3.9726419215405807e-22, nan 
123.125, 85.375, 3.5977951446643567e-22, nan 
123.375, 85.375, 3.425915642580213e-22, nan 
123.625, 85.375, 3.749434003563316e-22, nan 
123.875, 85.375, 3.729298064325464e-22, nan 
124.125, 85.375, 4.288926489062688e-22, nan 
124.375, 85.375, 5.013873458609173e-22, nan 
124.625, 85.375, 5.263549126026543e-22, nan 
124.875, 85.375, 5.446566969440589e-22, nan 
125.125, 85.375, 5.416381950872744e-22, nan 
125.375, 85.375, 5.227557743957583e-22, nan 
125.625, 85.375, 5.000130094696439e-22, nan 
125.875, 85.375, 4.919232479536396e-22, nan 
126.125, 85.375, 4.718956331849515e-22, nan 
126.375, 85.375, 4.245321018622084e-22, nan 
126.625, 85.375, 4.033264301946483e-22, nan 
126.875, 85.375, 3.6407825732506297e-22, nan 
127.125, 85.375, 3.3584291894287147e-22, nan 
127.375, 85.375, 3.14487384422066e-22, nan 
127.625, 85.375, 3.0339914638436906e-22, nan 
127.875, 85.375, 2.838476245659869e-22, nan 
128.125, 85.375, 2.6611007419180177e-22, nan 
128.375, 85.375, 2.654487724731764e-22, nan 
128.625, 85.375, 2.8573542190750507e-22, nan 
128.875, 85.375, 2.9245186476797554e-22, nan 
129.125, 85.375, 3.3466614475481813e-22, nan 
129.375, 85.375, 3.566002620196742e-22, nan 
129.625, 85.375, 3.908432149148751e-22, nan 
129.875, 85.375, 4.1253933019022934e-22, nan 
130.125, 85.375, 4.461907530075352e-22, nan 
130.375, 85.375, 4.73017822326877e-22, nan 
130.625, 85.375, 4.863374895552089e-22, nan 
130.875, 85.375, 4.397595426039389e-22, nan 
131.125, 85.375, 3.533951805356295e-22, nan 
131.375, 85.375, 3.1043685449978716e-22, nan 
131.625, 85.375, 2.6844499840164963e-22, nan 
131.875, 85.375, 2.345992918478704e-22, nan 
132.125, 85.375, 2.902782400953561e-22, nan 
132.375, 85.375, 3.312470577679936e-22, nan 
132.625, 85.375, 3.5179599322521142e-22, nan 
132.875, 85.375, 3.697227013492979e-22, nan 
133.125, 85.375, 3.841329967309076e-22, nan 
133.375, 85.375, 3.9750822646289556e-22, nan 
133.625, 85.375, 4.1455812640022574e-22, nan 
133.875, 85.375, 4.266819139595516e-22, nan 
134.125, 85.375, 4.415530787072556e-22, nan 
134.375, 85.375, 4.419764384954611e-22, nan 
134.625, 85.375, 4.352108373414095e-22, nan 
134.875, 85.375, 4.62697436014142e-22, nan 
135.125, 85.375, 4.67300537171538e-22, nan 
135.375, 85.375, 4.4304252773612505e-22, nan 
135.625, 85.375, 4.268548582643659e-22, nan 
135.875, 85.375, 4.1049574782270107e-22, nan 
136.125, 85.375, 4.082977238037419e-22, nan 
136.375, 85.375, 3.8650851705511656e-22, nan 
136.625, 85.375, 3.702271056841529e-22, nan 
136.875, 85.375, 3.5579174037414254e-22, nan 
137.125, 85.375, 3.374721414028701e-22, nan 
137.375, 85.375, 3.0489041502861304e-22, nan 
137.625, 85.375, 2.975828045085096e-22, nan 
137.875, 85.375, 2.9509949254485117e-22, nan 
138.125, 85.375, 3.3227343995508413e-22, nan 
138.375, 85.375, 3.7897449747343873e-22, nan 
138.625, 85.375, 3.9674163990164282e-22, nan 
138.875, 85.375, 4.1868849986844634e-22, nan 
139.125, 85.375, 4.1130892900708596e-22, nan 
139.375, 85.375, 4.1130892265793775e-22, nan 
139.625, 85.375, 3.9842758831039854e-22, nan 
139.875, 85.375, 3.933991621106066e-22, nan 
140.125, 85.375, 3.8426676643047186e-22, nan 
140.375, 85.375, 3.7733930749755854e-22, nan 
140.625, 85.375, 3.667918150699185e-22, nan 
140.875, 85.375, 3.5558129898024288e-22, nan 
141.125, 85.375, 3.4961974112447107e-22, nan 
141.375, 85.375, 3.5683132937299433e-22, nan 
141.625, 85.375, 3.7347638412752e-22, nan 
141.875, 85.375, 3.6530675693950997e-22, nan 
142.125, 85.375, 3.292222858722168e-22, nan 
142.375, 85.375, 2.9556894362107655e-22, nan 
142.625, 85.375, 2.572926145202886e-22, nan 
142.875, 85.375, 2.3379774150790635e-22, nan 
143.125, 85.375, 2.0040663941467197e-22, nan 
143.375, 85.375, 1.8797017861752803e-22, nan 
143.625, 85.375, 1.938893815092871e-22, nan 
143.875, 85.375, 2.0440229630783171e-22, nan 
144.125, 85.375, 2.583886134803054e-22, nan 
144.375, 85.375, 3.3299872514800495e-22, nan 
144.625, 85.375, 3.8416363708138322e-22, nan 
144.875, 85.375, 4.259333874132747e-22, nan 
145.125, 85.375, 4.359948308826691e-22, nan 
145.375, 85.375, 4.3004799994879255e-22, nan 
145.625, 85.375, 4.352057297064598e-22, nan 
145.875, 85.375, 4.366329275835773e-22, nan 
146.125, 85.375, 4.381686344813723e-22, nan 
146.375, 85.375, 4.44996878063506e-22, nan 
146.625, 85.375, 4.464420489387589e-22, nan 
146.875, 85.375, 4.443090454088168e-22, nan 
147.125, 85.375, 4.1119175817113997e-22, nan 
147.375, 85.375, 3.9967132039101102e-22, nan 
147.625, 85.375, 3.851317793587753e-22, nan 
147.875, 85.375, 3.3983423017907485e-22, nan 
148.125, 85.375, 3.2022378765809563e-22, nan 
148.375, 85.375, 3.357040192266869e-22, nan 
148.625, 85.375, 2.907736937280355e-22, nan 
148.875, 85.375, 2.6813513529016426e-22, nan 
149.125, 85.375, 2.8654873978790573e-22, nan 
149.375, 85.375, 2.498817467572662e-22, nan 
149.625, 85.375, 2.82946996765732e-22, nan 
149.875, 85.375, 2.6031432678329327e-22, nan 
150.125, 85.375, 2.975587953794402e-22, nan 
150.375, 85.375, 3.043846258012381e-22, nan 
150.625, 85.375, 2.9325797227744964e-22, nan 
150.875, 85.375, 2.5195274172921966e-22, nan 
151.125, 85.375, 2.1988891377539366e-22, nan 
151.375, 85.375, 1.9097556721534788e-22, nan 
151.625, 85.375, 1.723582593502911e-22, nan 
151.875, 85.375, 1.4317830856903325e-22, nan 
152.125, 85.375, 1.336556666933542e-22, nan 
152.375, 85.375, 1.5122129026340143e-22, nan 
152.625, 85.375, 1.8162409472545918e-22, nan 
152.875, 85.375, 2.570776879269126e-22, nan 
153.125, 85.375, 3.0586523006909804e-22, nan 
153.375, 85.375, 3.3696112788106593e-22, nan 
153.625, 85.375, 3.489602989407523e-22, nan 
153.875, 85.375, 3.54416329583391e-22, nan 
154.125, 85.375, 3.3433384745279354e-22, nan 
154.375, 85.375, 3.2595694343706417e-22, nan 
154.625, 85.375, 3.163361323468678e-22, nan 
154.875, 85.375, 3.3433054222902974e-22, nan 
155.125, 85.375, 3.34168729811045e-22, nan 
155.375, 85.375, 3.3518573606478216e-22, nan 
155.625, 85.375, 3.377785939273309e-22, nan 
155.875, 85.375, 3.3922542867798774e-22, nan 
156.125, 85.375, 3.409468484591111e-22, nan 
156.375, 85.375, 3.651594131479054e-22, nan 
156.625, 85.375, 3.694075903314216e-22, nan 
156.875, 85.375, 3.6204640148556675e-22, nan 
157.125, 85.375, 3.402119590228872e-22, nan 
157.375, 85.375, 3.3873968757467965e-22, nan 
157.625, 85.375, 3.0846822296736946e-22, nan 
157.875, 85.375, 3.0188257739139163e-22, nan 
158.125, 85.375, 3.2517034758543977e-22, nan 
158.375, 85.375, 3.6313966107492745e-22, nan 
158.625, 85.375, 3.933320813164335e-22, nan 
158.875, 85.375, 3.9111761725571326e-22, nan 
159.125, 85.375, 4.2038920008243044e-22, nan 
159.375, 85.375, 4.375747971465654e-22, nan 
159.625, 85.375, 4.4175381667315455e-22, nan 
159.875, 85.375, 4.596688052865169e-22, nan 
160.125, 85.375, 4.6856811473804345e-22, nan 
160.375, 85.375, 4.292960349884035e-22, nan 
160.625, 85.375, 4.1882971878369667e-22, nan 
160.875, 85.375, 3.818840705861192e-22, nan 
161.125, 85.375, 3.687188300562434e-22, nan 
161.375, 85.375, 3.511985735101595e-22, nan 
161.625, 85.375, 3.3850102950027765e-22, nan 
161.875, 85.375, 3.2760458209215603e-22, nan 
162.125, 85.375, 3.256768615655898e-22, nan 
162.375, 85.375, 3.212504519832547e-22, nan 
162.625, 85.375, 3.1030423491055773e-22, nan 
162.875, 85.375, 3.048899515563981e-22, nan 
163.125, 85.375, 3.038519821757257e-22, nan 
163.375, 85.375, 3.00656605836426e-22, nan 
163.625, 85.375, 2.971209668264233e-22, nan 
163.875, 85.375, 2.869038114474871e-22, nan 
164.125, 85.375, 3.0227557551464853e-22, nan 
164.375, 85.375, 2.8909783727237574e-22, nan 
164.625, 85.375, 2.7467409455122187e-22, nan 
164.875, 85.375, 2.7950459853883266e-22, nan 
165.125, 85.375, 2.9456193023156407e-22, nan 
165.375, 85.375, 2.977858639346977e-22, nan 
165.625, 85.375, 2.897742191863773e-22, nan 
165.875, 85.375, 2.821491367237182e-22, nan 
166.125, 85.375, 2.750782592990302e-22, nan 
166.375, 85.375, 2.7456275361445707e-22, nan 
166.625, 85.375, 2.698062681151299e-22, nan 
166.875, 85.375, 2.5931599078276763e-22, nan 
167.125, 85.375, 2.4066157897471135e-22, nan 
167.375, 85.375, 2.0067684884738415e-22, nan 
167.625, 85.375, 2.008433181575969e-22, nan 
167.875, 85.375, 2.1038964290788409e-22, nan 
168.125, 85.375, 1.9746309242979121e-22, nan 
168.375, 85.375, 1.7598494105106354e-22, nan 
168.625, 85.375, 1.7623457440895258e-22, nan 
168.875, 85.375, 1.7225809579745138e-22, nan 
169.125, 85.375, 1.6903339165709692e-22, nan 
169.375, 85.375, 1.6081264625727186e-22, nan 
169.625, 85.375, 1.5599489829061422e-22, nan 
169.875, 85.375, 1.568822275952701e-22, nan 
170.125, 85.375, 1.6755726123824784e-22, nan 
170.375, 85.375, 1.813417462701914e-22, nan 
170.625, 85.375, 1.8141666263927113e-22, nan 
170.875, 85.375, 2.2872883829743335e-22, nan 
171.125, 85.375, 2.6608825881717693e-22, nan 
171.375, 85.375, 2.723717183498703e-22, nan 
171.625, 85.375, 2.5744014456245307e-22, nan 
171.875, 85.375, 2.6302081913269267e-22, nan 
172.125, 85.375, 2.8073689741556077e-22, nan 
172.375, 85.375, 2.8215549870978214e-22, nan 
172.625, 85.375, 2.255961243506681e-22, nan 
172.875, 85.375, 1.8689967559470084e-22, nan 
173.125, 85.375, 1.6589312573405915e-22, nan 
173.375, 85.375, 1.6275708853223498e-22, nan 
173.625, 85.375, 1.7995717472090932e-22, nan 
173.875, 85.375, 2.1794606253689227e-22, nan 
174.125, 85.375, 2.6265883498214976e-22, nan 
174.375, 85.375, 2.880599450734166e-22, nan 
174.625, 85.375, 2.967950545795635e-22, nan 
174.875, 85.375, 2.9411817941871475e-22, nan 
175.125, 85.375, 2.905497525161939e-22, nan 
175.375, 85.375, 2.793943305469664e-22, nan 
175.625, 85.375, 2.3886782314667873e-22, nan 
175.875, 85.375, 1.351805023143283e-22, nan 
176.125, 85.375, 9.372075992380308e-23, nan 
176.375, 85.375, 8.117655203246908e-23, nan 
176.625, 85.375, 6.97852429323354e-23, nan 
176.875, 85.375, 9.175528291386637e-23, nan 
177.125, 85.375, 1.0192548501773406e-22, nan 
177.375, 85.375, 1.1427003601038799e-22, nan 
177.625, 85.375, 1.2235697899181178e-22, nan 
177.875, 85.375, 1.2740548687615006e-22, nan 
178.125, 85.375, 1.2923142026388576e-22, nan 
178.375, 85.375, 1.3118319872655773e-22, nan 
178.625, 85.375, 1.3211633239366576e-22, nan 
178.875, 85.375, 1.234060508378105e-22, nan 
179.125, 85.375, 1.0195367276656646e-22, nan 
179.375, 85.375, 1.0686453704492668e-22, nan 
179.625, 85.375, 1.282190373681171e-22, nan 
179.875, 85.375, 1.3857347769691634e-22, nan 
-179.875, 85.625, 3.8502381465062833e-22, nan 
-179.625, 85.625, 3.8282201693315514e-22, nan 
-179.375, 85.625, 3.6512366604602843e-22, nan 
-179.125, 85.625, 3.1858495015319333e-22, nan 
-178.875, 85.625, 2.212776339175706e-22, nan 
-178.625, 85.625, 2.0520274633563455e-22, nan 
-178.375, 85.625, 1.8754400556775397e-22, nan 
-178.125, 85.625, 1.7683174229417086e-22, nan 
-177.875, 85.625, 1.8967336933932548e-22, nan 
-177.625, 85.625, 2.205351668030531e-22, nan 
-177.375, 85.625, 2.6293812930793943e-22, nan 
-177.125, 85.625, 2.968869970870431e-22, nan 
-176.875, 85.625, 3.0489951312175736e-22, nan 
-176.625, 85.625, 3.017451153102759e-22, nan 
-176.375, 85.625, 3.0254001471832587e-22, nan 
-176.125, 85.625, 2.9719411071431608e-22, nan 
-175.875, 85.625, 2.8208478619235407e-22, nan 
-175.625, 85.625, 2.3754111473949886e-22, nan 
-175.375, 85.625, 2.4085288998659594e-22, nan 
-175.125, 85.625, 2.26647921206638e-22, nan 
-174.875, 85.625, 2.1645951393804007e-22, nan 
-174.625, 85.625, 2.0136578859609395e-22, nan 
-174.375, 85.625, 1.5278869586403204e-22, nan 
-174.125, 85.625, 1.0971490564310291e-22, nan 
-173.875, 85.625, 1.063870770890472e-22, nan 
-173.625, 85.625, 1.0248492407889523e-22, nan 
-173.375, 85.625, 8.747587549702713e-23, nan 
-173.125, 85.625, 7.842435259515094e-23, nan 
-172.875, 85.625, 6.295720150442489e-23, nan 
-172.625, 85.625, 4.4919318850530813e-23, nan 
-172.375, 85.625, 2.909890963764886e-23, nan 
-172.125, 85.625, 1.9392626284013714e-23, nan 
-171.875, 85.625, 1.622623319828495e-23, nan 
-171.625, 85.625, 1.643459694095189e-23, nan 
-171.375, 85.625, 1.5586521553858794e-23, nan 
-171.125, 85.625, 1.5759066604637383e-23, nan 
-170.875, 85.625, 1.7947304574917147e-23, nan 
-170.625, 85.625, 1.9437909400892512e-23, nan 
-170.375, 85.625, 1.9778122926956253e-23, nan 
-170.125, 85.625, 1.8440136074174236e-23, nan 
-169.875, 85.625, 1.8713244512558216e-23, nan 
-169.625, 85.625, 2.2959732978508986e-23, nan 
-169.375, 85.625, 2.3536948549501518e-23, nan 
-169.125, 85.625, 2.365409496127333e-23, nan 
-168.875, 85.625, 2.5431336830713222e-23, nan 
-168.625, 85.625, 2.6288085362785573e-23, nan 
-168.375, 85.625, 2.4184783601941922e-23, nan 
-168.125, 85.625, 2.328243295743362e-23, nan 
-167.875, 85.625, 2.4136987065580754e-23, nan 
-167.625, 85.625, 2.6361773356496748e-23, nan 
-167.375, 85.625, 3.018188210526588e-23, nan 
-167.125, 85.625, 3.3549135448215706e-23, nan 
-166.875, 85.625, 3.7230125200590564e-23, nan 
-166.625, 85.625, 3.863725848427517e-23, nan 
-166.375, 85.625, 4.339672949760853e-23, nan 
-166.125, 85.625, 4.288436419721665e-23, nan 
-165.875, 85.625, 3.943965318443512e-23, nan 
-165.625, 85.625, 3.8503009163020296e-23, nan 
-165.375, 85.625, 3.623547857360888e-23, nan 
-165.125, 85.625, 3.586849899664298e-23, nan 
-164.875, 85.625, 3.422335816223803e-23, nan 
-164.625, 85.625, 2.975914065373753e-23, nan 
-164.375, 85.625, 2.944777683715795e-23, nan 
-164.125, 85.625, 3.3118411972499734e-23, nan 
-163.875, 85.625, 3.444577013102174e-23, nan 
-163.625, 85.625, 3.62899509458398e-23, nan 
-163.375, 85.625, 4.0448685653734674e-23, nan 
-163.125, 85.625, 5.821092226478547e-23, nan 
-162.875, 85.625, 6.711809602000064e-23, nan 
-162.625, 85.625, 6.736963078135255e-23, nan 
-162.375, 85.625, 6.810107759470408e-23, nan 
-162.125, 85.625, 6.954415821711172e-23, nan 
-161.875, 85.625, 7.775210147247128e-23, nan 
-161.625, 85.625, 7.842836563412133e-23, nan 
-161.375, 85.625, 7.913237341709817e-23, nan 
-161.125, 85.625, 8.221946035450693e-23, nan 
-160.875, 85.625, 8.296177527400974e-23, nan 
-160.625, 85.625, 7.809000656805967e-23, nan 
-160.375, 85.625, 7.474191725846242e-23, nan 
-160.125, 85.625, 7.447732972845087e-23, nan 
-159.875, 85.625, 7.599348793881402e-23, nan 
-159.625, 85.625, 7.492476365734095e-23, nan 
-159.375, 85.625, 6.68655816870322e-23, nan 
-159.125, 85.625, 5.672148009966751e-23, nan 
-158.875, 85.625, 5.2663494723553304e-23, nan 
-158.625, 85.625, 6.153618326771602e-23, nan 
-158.375, 85.625, 6.589858180057814e-23, nan 
-158.125, 85.625, 6.914221357511076e-23, nan 
-157.875, 85.625, 7.140787612989333e-23, nan 
-157.625, 85.625, 7.184935960109965e-23, nan 
-157.375, 85.625, 6.874008915564042e-23, nan 
-157.125, 85.625, 6.244230207157807e-23, nan 
-156.875, 85.625, 6.528826244020429e-23, nan 
-156.625, 85.625, 7.09549689732259e-23, nan 
-156.375, 85.625, 7.192749912890712e-23, nan 
-156.125, 85.625, 7.133975588895194e-23, nan 
-155.875, 85.625, 7.03890281728339e-23, nan 
-155.625, 85.625, 6.500343542589188e-23, nan 
-155.375, 85.625, 6.22972481903254e-23, nan 
-155.125, 85.625, 6.028732312513602e-23, nan 
-154.875, 85.625, 5.926131542453128e-23, nan 
-154.625, 85.625, 5.647134527246015e-23, nan 
-154.375, 85.625, 5.501566225568099e-23, nan 
-154.125, 85.625, 5.376351177001284e-23, nan 
-153.875, 85.625, 5.317207998933686e-23, nan 
-153.625, 85.625, 4.8083106490750355e-23, nan 
-153.375, 85.625, 4.5679868438427827e-23, nan 
-153.125, 85.625, 3.175279918048653e-23, nan 
-152.875, 85.625, 2.3800445274547646e-23, nan 
-152.625, 85.625, 1.4311324796060054e-23, nan 
-152.375, 85.625, 1.341661386189314e-23, nan 
-152.125, 85.625, 1.305339852733386e-23, nan 
-151.875, 85.625, 1.2275664371104928e-23, nan 
-151.625, 85.625, 1.1328177084418945e-23, nan 
-151.375, 85.625, 1.138061718251539e-23, nan 
-151.125, 85.625, 1.2043138965380441e-23, nan 
-150.875, 85.625, 1.2083786729939576e-23, nan 
-150.625, 85.625, 1.256998201937558e-23, nan 
-150.375, 85.625, 1.418493463984176e-23, nan 
-150.125, 85.625, 8.117692730457033e-24, nan 
-149.875, 85.625, 3.875969052773176e-24, nan 
-149.625, 85.625, 3.2710725776641698e-24, nan 
-149.375, 85.625, 3.1488203632719377e-24, nan 
-149.125, 85.625, 2.781231659060044e-24, nan 
-148.875, 85.625, 2.8484246581214347e-24, nan 
-148.625, 85.625, 2.634145289482523e-24, nan 
-148.375, 85.625, 2.0994515488765985e-24, nan 
-148.125, 85.625, 1.834997723639806e-24, nan 
-147.875, 85.625, 1.4557044333709342e-24, nan 
-147.625, 85.625, 1.3083812791564023e-24, nan 
-147.375, 85.625, 2.3032656002351977e-24, nan 
-147.125, 85.625, 7.519850685278623e-24, nan 
-146.875, 85.625, 1.1138099170496302e-23, nan 
-146.625, 85.625, 1.302322290658725e-23, nan 
-146.375, 85.625, 1.360973247711484e-23, nan 
-146.125, 85.625, 1.4434341152557994e-23, nan 
-145.875, 85.625, 1.4851791637775684e-23, nan 
-145.625, 85.625, 1.457774772197274e-23, nan 
-145.375, 85.625, 1.5004113147947922e-23, nan 
-145.125, 85.625, 1.4400079937009908e-23, nan 
-144.875, 85.625, 1.3383996071868723e-23, nan 
-144.625, 85.625, 1.2384474521986655e-23, nan 
-144.375, 85.625, 1.231450642544154e-23, nan 
-144.125, 85.625, 1.233940011377059e-23, nan 
-143.875, 85.625, 1.2775889021396455e-23, nan 
-143.625, 85.625, 1.269375432927709e-23, nan 
-143.375, 85.625, 1.2123801441346143e-23, nan 
-143.125, 85.625, 9.19701494079778e-24, nan 
-142.875, 85.625, 9.138124800034829e-24, nan 
-142.625, 85.625, 1.032037064935305e-23, nan 
-142.375, 85.625, 1.0616802284709207e-23, nan 
-142.125, 85.625, 1.2526031405705362e-23, nan 
-141.875, 85.625, 1.3479651757668754e-23, nan 
-141.625, 85.625, 1.3151105900243962e-23, nan 
-141.375, 85.625, 1.2501652102929758e-23, nan 
-141.125, 85.625, 1.2065003787136961e-23, nan 
-140.875, 85.625, 1.147443541934294e-23, nan 
-140.625, 85.625, 1.1126467466605996e-23, nan 
-140.375, 85.625, 1.0588326208401339e-23, nan 
-140.125, 85.625, 1.0038334086843107e-23, nan 
-139.875, 85.625, 8.676552693593913e-24, nan 
-139.625, 85.625, 7.7411161847313e-24, nan 
-139.375, 85.625, 8.317816228050019e-24, nan 
-139.125, 85.625, 9.593368418774467e-24, nan 
-138.875, 85.625, 1.2484048039958813e-23, nan 
-138.625, 85.625, 1.7104698170415953e-23, nan 
-138.375, 85.625, 2.0718630642516198e-23, nan 
-138.125, 85.625, 2.4297811897683533e-23, nan 
-137.875, 85.625, 2.829727748110275e-23, nan 
-137.625, 85.625, 3.1621207268813865e-23, nan 
-137.375, 85.625, 3.5138211785875914e-23, nan 
-137.125, 85.625, 3.6146584852890137e-23, nan 
-136.875, 85.625, 2.79752173533586e-23, nan 
-136.625, 85.625, 1.906287949335307e-23, nan 
-136.375, 85.625, 1.5466475267089168e-23, nan 
-136.125, 85.625, 1.24775663799917e-23, nan 
-135.875, 85.625, 9.786009745593469e-24, nan 
-135.625, 85.625, 9.175364771447295e-24, nan 
-135.375, 85.625, 9.537717163477028e-24, nan 
-135.125, 85.625, 9.454973811163418e-24, nan 
-134.875, 85.625, 9.403105871220543e-24, nan 
-134.625, 85.625, 9.609860636751778e-24, nan 
-134.375, 85.625, 8.920915988425394e-24, nan 
-134.125, 85.625, 8.465165184479199e-24, nan 
-133.875, 85.625, 8.84622750161673e-24, nan 
-133.625, 85.625, 1.0675446719012926e-23, nan 
-133.375, 85.625, 1.2583842881897783e-23, nan 
-133.125, 85.625, 1.2799614290136289e-23, nan 
-132.875, 85.625, 1.3127123935039292e-23, nan 
-132.625, 85.625, 1.3622049943889156e-23, nan 
-132.375, 85.625, 1.3301847725066373e-23, nan 
-132.125, 85.625, 1.2688473883834186e-23, nan 
-131.875, 85.625, 1.2395167323382938e-23, nan 
-131.625, 85.625, 1.2036019782005039e-23, nan 
-131.375, 85.625, 1.1793847361420419e-23, nan 
-131.125, 85.625, 1.0717386463505525e-23, nan 
-130.875, 85.625, 9.747802491626177e-24, nan 
-130.625, 85.625, 1.0447800443857998e-23, nan 
-130.375, 85.625, 1.1668099539586203e-23, nan 
-130.125, 85.625, 1.1612433420675628e-23, nan 
-129.875, 85.625, 1.0830304557251881e-23, nan 
-129.625, 85.625, 1.0266482154362256e-23, nan 
-129.375, 85.625, 1.1155926795243793e-23, nan 
-129.125, 85.625, 1.2344647991708375e-23, nan 
-128.875, 85.625, 1.3893684082609764e-23, nan 
-128.625, 85.625, 1.6575722086689667e-23, nan 
-128.375, 85.625, 1.8608446937836166e-23, nan 
-128.125, 85.625, 1.7201334300634443e-23, nan 
-127.875, 85.625, 1.531144090328187e-23, nan 
-127.625, 85.625, 1.1947956777117141e-23, nan 
-127.375, 85.625, 1.008210148506467e-23, nan 
-127.125, 85.625, 1.106158566735601e-23, nan 
-126.875, 85.625, 1.117818074704825e-23, nan 
-126.625, 85.625, 1.0569562556950231e-23, nan 
-126.375, 85.625, 1.0080356001776427e-23, nan 
-126.125, 85.625, 1.2662464517900056e-23, nan 
-125.875, 85.625, 1.3340826028542085e-23, nan 
-125.625, 85.625, 1.4701164633354983e-23, nan 
-125.375, 85.625, 1.4190402178782476e-23, nan 
-125.125, 85.625, 1.4824984182961173e-23, nan 
-124.875, 85.625, 1.6668116147321832e-23, nan 
-124.625, 85.625, 1.9587896085014544e-23, nan 
-124.375, 85.625, 2.195820401589594e-23, nan 
-124.125, 85.625, 2.2910963597900584e-23, nan 
-123.875, 85.625, 2.395451718787544e-23, nan 
-123.625, 85.625, 2.3718449392766496e-23, nan 
-123.375, 85.625, 2.333074854777862e-23, nan 
-123.125, 85.625, 2.2492278809877225e-23, nan 
-122.875, 85.625, 2.133925491775658e-23, nan 
-122.625, 85.625, 2.164231901438064e-23, nan 
-122.375, 85.625, 2.295481952263049e-23, nan 
-122.125, 85.625, 2.3926432294176394e-23, nan 
-121.875, 85.625, 2.452734254209409e-23, nan 
-121.625, 85.625, 2.5348512375918824e-23, nan 
-121.375, 85.625, 2.6535135311378784e-23, nan 
-121.125, 85.625, 2.6152873235888533e-23, nan 
-120.875, 85.625, 2.241486824183209e-23, nan 
-120.625, 85.625, 1.8269287556935402e-23, nan 
-120.375, 85.625, 1.6355749466850343e-23, nan 
-120.125, 85.625, 1.5268769638551443e-23, nan 
-119.875, 85.625, 1.43279481160643e-23, nan 
-119.625, 85.625, 1.1577549846169152e-23, nan 
-119.375, 85.625, 9.669471813135656e-24, nan 
-119.125, 85.625, 7.705148826494061e-24, nan 
-118.875, 85.625, 6.113498904098915e-24, nan 
-118.625, 85.625, 5.4065752441867915e-24, nan 
-118.375, 85.625, 5.094189040639232e-24, nan 
-118.125, 85.625, 4.9044873550630484e-24, nan 
-117.875, 85.625, 5.442181359016527e-24, nan 
-117.625, 85.625, 6.084743540707689e-24, nan 
-117.375, 85.625, 6.5681109462996174e-24, nan 
-117.125, 85.625, 6.921930931647528e-24, nan 
-116.875, 85.625, 6.912441225018983e-24, nan 
-116.625, 85.625, 6.649617799871292e-24, nan 
-116.375, 85.625, 6.5986551732811006e-24, nan 
-116.125, 85.625, 6.370058093288316e-24, nan 
-115.875, 85.625, 6.2634266879942515e-24, nan 
-115.625, 85.625, 6.619089158310808e-24, nan 
-115.375, 85.625, 6.977848951269472e-24, nan 
-115.125, 85.625, 7.259777255750036e-24, nan 
-114.875, 85.625, 7.692124643626827e-24, nan 
-114.625, 85.625, 8.495526987354522e-24, nan 
-114.375, 85.625, 9.85721947724578e-24, nan 
-114.125, 85.625, 1.0943836127685097e-23, nan 
-113.875, 85.625, 1.0231680980729748e-23, nan 
-113.625, 85.625, 9.498192794399081e-24, nan 
-113.375, 85.625, 8.776039750242347e-24, nan 
-113.125, 85.625, 7.70778695405923e-24, nan 
-112.875, 85.625, 6.457564816089486e-24, nan 
-112.625, 85.625, 5.001246651993193e-24, nan 
-112.375, 85.625, 4.271782106846623e-24, nan 
-112.125, 85.625, 3.627242246032016e-24, nan 
-111.875, 85.625, 3.374956435150887e-24, nan 
-111.625, 85.625, 3.2837575979940508e-24, nan 
-111.375, 85.625, 3.292921308618973e-24, nan 
-111.125, 85.625, 3.705879035543893e-24, nan 
-110.875, 85.625, 4.3204634247402106e-24, nan 
-110.625, 85.625, 4.587143132398967e-24, nan 
-110.375, 85.625, 4.464756697539125e-24, nan 
-110.125, 85.625, 4.254224682954171e-24, nan 
-109.875, 85.625, 4.042534157262395e-24, nan 
-109.625, 85.625, 3.913353705016264e-24, nan 
-109.375, 85.625, 3.783149068024933e-24, nan 
-109.125, 85.625, 4.21236194790915e-24, nan 
-108.875, 85.625, 4.537915350754562e-24, nan 
-108.625, 85.625, 4.771992344792595e-24, nan 
-108.375, 85.625, 4.742557659080729e-24, nan 
-108.125, 85.625, 4.169715900923242e-24, nan 
-107.875, 85.625, 3.9556784799781905e-24, nan 
-107.625, 85.625, 4.658989404117677e-24, nan 
-107.375, 85.625, 5.189520335157611e-24, nan 
-107.125, 85.625, 5.850699801207468e-24, nan 
-106.875, 85.625, 5.9793747041053586e-24, nan 
-106.625, 85.625, 6.167972712116286e-24, nan 
-106.375, 85.625, 6.2770264116928445e-24, nan 
-106.125, 85.625, 7.540545882588514e-24, nan 
-105.875, 85.625, 8.728094704880578e-24, nan 
-105.625, 85.625, 9.191278491775087e-24, nan 
-105.375, 85.625, 9.201552438562568e-24, nan 
-105.125, 85.625, 9.330359210847827e-24, nan 
-104.875, 85.625, 8.88687381012042e-24, nan 
-104.625, 85.625, 8.294232358361053e-24, nan 
-104.375, 85.625, 8.940730151276422e-24, nan 
-104.125, 85.625, 9.740044272677789e-24, nan 
-103.875, 85.625, 1.0853074065476085e-23, nan 
-103.625, 85.625, 1.10804530483798e-23, nan 
-103.375, 85.625, 1.0928587453598026e-23, nan 
-103.125, 85.625, 1.0193376533518493e-23, nan 
-102.875, 85.625, 9.500321288733678e-24, nan 
-102.625, 85.625, 8.844960971688381e-24, nan 
-102.375, 85.625, 8.5542225655304e-24, nan 
-102.125, 85.625, 8.243194809140544e-24, nan 
-101.875, 85.625, 8.247588197362788e-24, nan 
-101.625, 85.625, 7.989112091009989e-24, nan 
-101.375, 85.625, 7.712219287383385e-24, nan 
-101.125, 85.625, 7.410176084285102e-24, nan 
-100.875, 85.625, 7.256661231806098e-24, nan 
-100.625, 85.625, 6.810786039667291e-24, nan 
-100.375, 85.625, 5.84445360055141e-24, nan 
-100.125, 85.625, 5.602364471271655e-24, nan 
-99.875, 85.625, 5.029114054808701e-24, nan 
-99.625, 85.625, 4.345694861694696e-24, nan 
-99.375, 85.625, 4.2517614705879626e-24, nan 
-99.125, 85.625, 4.710271878902328e-24, nan 
-98.875, 85.625, 5.755895134723842e-24, nan 
-98.625, 85.625, 6.845606903512928e-24, nan 
-98.375, 85.625, 6.990666565041834e-24, nan 
-98.125, 85.625, 6.389712157868938e-24, nan 
-97.875, 85.625, 5.1975014176845334e-24, nan 
-97.625, 85.625, 3.065178768504838e-24, nan 
-97.375, 85.625, 3.2792012311139004e-24, nan 
-97.125, 85.625, 4.492703415575429e-24, nan 
-96.875, 85.625, 4.9673570128737375e-24, nan 
-96.625, 85.625, 5.634110605055241e-24, nan 
-96.375, 85.625, 6.4658190692950866e-24, nan 
-96.125, 85.625, 7.989034595586018e-24, nan 
-95.875, 85.625, 8.770423053972493e-24, nan 
-95.625, 85.625, 9.436867326106031e-24, nan 
-95.375, 85.625, 9.559235464943633e-24, nan 
-95.125, 85.625, 9.930952834450731e-24, nan 
-94.875, 85.625, 9.904485068183769e-24, nan 
-94.625, 85.625, 9.819464273563988e-24, nan 
-94.375, 85.625, 9.467269656605768e-24, nan 
-94.125, 85.625, 8.995111074072705e-24, nan 
-93.875, 85.625, 9.458400787227744e-24, nan 
-93.625, 85.625, 9.163143890954012e-24, nan 
-93.375, 85.625, 9.253807267319763e-24, nan 
-93.125, 85.625, 8.411797809122883e-24, nan 
-92.875, 85.625, 8.199804192613679e-24, nan 
-92.625, 85.625, 8.837283012374294e-24, nan 
-92.375, 85.625, 9.877248968421775e-24, nan 
-92.125, 85.625, 1.0571228082537276e-23, nan 
-91.875, 85.625, 1.0663667688015386e-23, nan 
-91.625, 85.625, 9.42077996912268e-24, nan 
-91.375, 85.625, 7.740391760828052e-24, nan 
-91.125, 85.625, 7.099623577914262e-24, nan 
-90.875, 85.625, 7.296705241210532e-24, nan 
-90.625, 85.625, 7.72011976493906e-24, nan 
-90.375, 85.625, 7.461518141765623e-24, nan 
-90.125, 85.625, 7.116717591767878e-24, nan 
-89.875, 85.625, 6.737387318359919e-24, nan 
-89.625, 85.625, 6.588743188242251e-24, nan 
-89.375, 85.625, 6.57092309383906e-24, nan 
-89.125, 85.625, 6.825815864039113e-24, nan 
-88.875, 85.625, 7.081756135907483e-24, nan 
-88.625, 85.625, 7.133517080960549e-24, nan 
-88.375, 85.625, 6.447299336674839e-24, nan 
-88.125, 85.625, 5.704325767437653e-24, nan 
-87.875, 85.625, 5.573266336592143e-24, nan 
-87.625, 85.625, 5.0283916540473845e-24, nan 
-87.375, 85.625, 4.602555231045344e-24, nan 
-87.125, 85.625, 4.10997316355945e-24, nan 
-86.875, 85.625, 3.8578877072523715e-24, nan 
-86.625, 85.625, 3.666908036529401e-24, nan 
-86.375, 85.625, 3.2206699408955875e-24, nan 
-86.125, 85.625, 3.0319844724405977e-24, nan 
-85.875, 85.625, 3.064079044495415e-24, nan 
-85.625, 85.625, 3.039025328729044e-24, nan 
-85.375, 85.625, 3.009637161978544e-24, nan 
-85.125, 85.625, 2.8859430676174082e-24, nan 
-84.875, 85.625, 2.884082357920672e-24, nan 
-84.625, 85.625, 3.20422274027008e-24, nan 
-84.375, 85.625, 3.636948304805145e-24, nan 
-84.125, 85.625, 3.888973116712472e-24, nan 
-83.875, 85.625, 4.046832275719716e-24, nan 
-83.625, 85.625, 4.522926248760946e-24, nan 
-83.375, 85.625, 4.795701463696821e-24, nan 
-83.125, 85.625, 4.834897487980782e-24, nan 
-82.875, 85.625, 5.129400612408048e-24, nan 
-82.625, 85.625, 5.52689224880266e-24, nan 
-82.375, 85.625, 5.8840777991108234e-24, nan 
-82.125, 85.625, 6.218167795950211e-24, nan 
-81.875, 85.625, 6.1477450063243636e-24, nan 
-81.625, 85.625, 6.2151181357794e-24, nan 
-81.375, 85.625, 6.2420208909068164e-24, nan 
-81.125, 85.625, 6.407471727884142e-24, nan 
-80.875, 85.625, 6.4904342978202966e-24, nan 
-80.625, 85.625, 6.29659851459878e-24, nan 
-80.375, 85.625, 6.112197901108867e-24, nan 
-80.125, 85.625, 6.202953009294494e-24, nan 
-79.875, 85.625, 6.705504541293872e-24, nan 
-79.625, 85.625, 7.191535310992345e-24, nan 
-79.375, 85.625, 7.49011407210392e-24, nan 
-79.125, 85.625, 7.64757967163165e-24, nan 
-78.875, 85.625, 7.631832430055175e-24, nan 
-78.625, 85.625, 6.994835354291815e-24, nan 
-78.375, 85.625, 7.054421049324396e-24, nan 
-78.125, 85.625, 6.489374595023308e-24, nan 
-77.875, 85.625, 5.961783935001727e-24, nan 
-77.625, 85.625, 6.134725762247625e-24, nan 
-77.375, 85.625, 5.788172128795404e-24, nan 
-77.125, 85.625, 4.3850845261082e-24, nan 
-76.875, 85.625, 3.41062594507835e-24, nan 
-76.625, 85.625, 3.048762011588707e-24, nan 
-76.375, 85.625, 3.015610985131932e-24, nan 
-76.125, 85.625, 2.679445981453783e-24, nan 
-75.875, 85.625, 2.2040267496996068e-24, nan 
-75.625, 85.625, 2.3324787806203924e-24, nan 
-75.375, 85.625, 1.9699808981929127e-24, nan 
-75.125, 85.625, 1.9955867489095303e-24, nan 
-74.875, 85.625, 1.7343457254483974e-24, nan 
-74.625, 85.625, 1.4739376639996792e-24, nan 
-74.375, 85.625, 1.6417628820373469e-24, nan 
-74.125, 85.625, 1.6682010636313596e-24, nan 
-73.875, 85.625, 1.3943026476605224e-24, nan 
-73.625, 85.625, 1.34687960319848e-24, nan 
-73.375, 85.625, 2.0130195546846394e-24, nan 
-73.125, 85.625, 2.690508372690966e-24, nan 
-72.875, 85.625, 3.2019807530407417e-24, nan 
-72.625, 85.625, 3.391469875010771e-24, nan 
-72.375, 85.625, 3.6804398338946754e-24, nan 
-72.125, 85.625, 3.8351013744185054e-24, nan 
-71.875, 85.625, 3.9492887189191655e-24, nan 
-71.625, 85.625, 6.161190589213168e-24, nan 
-71.375, 85.625, 1.1744884096516782e-23, nan 
-71.125, 85.625, 1.4072002292993254e-23, nan 
-70.875, 85.625, 1.4825081303694184e-23, nan 
-70.625, 85.625, 1.3866564723777718e-23, nan 
-70.375, 85.625, 1.4192452552077217e-23, nan 
-70.125, 85.625, 1.4727877015652144e-23, nan 
-69.875, 85.625, 1.5606937240769856e-23, nan 
-69.625, 85.625, 1.4986815787817797e-23, nan 
-69.375, 85.625, 1.4850733146931024e-23, nan 
-69.125, 85.625, 1.6284692493055357e-23, nan 
-68.875, 85.625, 1.7166642181612355e-23, nan 
-68.625, 85.625, 1.7836591391397117e-23, nan 
-68.375, 85.625, 1.7169166876969766e-23, nan 
-68.125, 85.625, 1.6787613666274496e-23, nan 
-67.875, 85.625, 1.5764404757506724e-23, nan 
-67.625, 85.625, 1.583633145313094e-23, nan 
-67.375, 85.625, 1.4913109363148668e-23, nan 
-67.125, 85.625, 1.397388260747361e-23, nan 
-66.875, 85.625, 1.2631483890573698e-23, nan 
-66.625, 85.625, 1.2154437172608244e-23, nan 
-66.375, 85.625, 1.2236897142124575e-23, nan 
-66.125, 85.625, 1.243636232574557e-23, nan 
-65.875, 85.625, 1.464452184109013e-23, nan 
-65.625, 85.625, 1.5581351299449382e-23, nan 
-65.375, 85.625, 1.663476491402956e-23, nan 
-65.125, 85.625, 1.7204876791582386e-23, nan 
-64.875, 85.625, 1.8256449423493466e-23, nan 
-64.625, 85.625, 1.756649911954253e-23, nan 
-64.375, 85.625, 1.7730805059895395e-23, nan 
-64.125, 85.625, 1.7372436759404373e-23, nan 
-63.875, 85.625, 1.6541711489954207e-23, nan 
-63.625, 85.625, 1.5028885032571896e-23, nan 
-63.375, 85.625, 1.3485693030244308e-23, nan 
-63.125, 85.625, 1.2057551029732788e-23, nan 
-62.875, 85.625, 1.0940621949706152e-23, nan 
-62.625, 85.625, 9.294065658663779e-24, nan 
-62.375, 85.625, 8.616773838697483e-24, nan 
-62.125, 85.625, 8.454706821497173e-24, nan 
-61.875, 85.625, 8.172521358215382e-24, nan 
-61.625, 85.625, 6.599670674375388e-24, nan 
-61.375, 85.625, 6.252555404331834e-24, nan 
-61.125, 85.625, 6.045646398456774e-24, nan 
-60.875, 85.625, 5.544441461595388e-24, nan 
-60.625, 85.625, 5.094558033686147e-24, nan 
-60.375, 85.625, 4.309837550928485e-24, nan 
-60.125, 85.625, 4.063416264864438e-24, nan 
-59.875, 85.625, 3.9041285609420805e-24, nan 
-59.625, 85.625, 4.1585652804522305e-24, nan 
-59.375, 85.625, 4.299971836428845e-24, nan 
-59.125, 85.625, 4.498498825969561e-24, nan 
-58.875, 85.625, 4.603635503648483e-24, nan 
-58.625, 85.625, 4.5740739946852736e-24, nan 
-58.375, 85.625, 4.167883550017964e-24, nan 
-58.125, 85.625, 3.882894177853723e-24, nan 
-57.875, 85.625, 5.025737613392953e-24, nan 
-57.625, 85.625, 7.371844758412258e-24, nan 
-57.375, 85.625, 8.943044177956733e-24, nan 
-57.125, 85.625, 9.848433868004766e-24, nan 
-56.875, 85.625, 1.0121097683187278e-23, nan 
-56.625, 85.625, 1.0559206603958877e-23, nan 
-56.375, 85.625, 1.0282971865007488e-23, nan 
-56.125, 85.625, 5.742802899808496e-24, nan 
-55.875, 85.625, 1.0450957129434017e-23, nan 
-55.625, 85.625, 1.1065165652353982e-23, nan 
-55.375, 85.625, 1.1960552450667316e-23, nan 
-55.125, 85.625, 1.2595180768345874e-23, nan 
-54.875, 85.625, 1.2974577349926003e-23, nan 
-54.625, 85.625, 1.4952416196708867e-23, nan 
-54.375, 85.625, 1.953619991982647e-23, nan 
-54.125, 85.625, 2.3701501676715042e-23, nan 
-53.875, 85.625, 2.6957991700843924e-23, nan 
-53.625, 85.625, 2.74567893043057e-23, nan 
-53.375, 85.625, 2.860411607381829e-23, nan 
-53.125, 85.625, 2.7438664785301006e-23, nan 
-52.875, 85.625, 1.5157596603911818e-23, nan 
-52.625, 85.625, 2.003975413756567e-23, nan 
-52.375, 85.625, 2.107235026941982e-23, nan 
-52.125, 85.625, 2.2354117102112452e-23, nan 
-51.875, 85.625, 2.3257365711477366e-23, nan 
-51.625, 85.625, 2.3617359148022556e-23, nan 
-51.375, 85.625, 2.4238581647530618e-23, nan 
-51.125, 85.625, 2.615275530661672e-23, nan 
-50.875, 85.625, 2.9116021799828145e-23, nan 
-50.625, 85.625, 3.124637255052071e-23, nan 
-50.375, 85.625, 2.888991376010019e-23, nan 
-50.125, 85.625, 2.8024365009978943e-23, nan 
-49.875, 85.625, 2.6055559773665873e-23, nan 
-49.625, 85.625, 1.9038138971235058e-23, nan 
-49.375, 85.625, 1.467335290822106e-23, nan 
-49.125, 85.625, 1.3543032819846066e-23, nan 
-48.875, 85.625, 1.2271078213707739e-23, nan 
-48.625, 85.625, 1.1640955147552981e-23, nan 
-48.375, 85.625, 9.936338488950822e-24, nan 
-48.125, 85.625, 8.90028130231532e-24, nan 
-47.875, 85.625, 6.819195290259059e-24, nan 
-47.625, 85.625, 7.531800616053647e-24, nan 
-47.375, 85.625, 8.805110144250472e-24, nan 
-47.125, 85.625, 7.748036561968827e-24, nan 
-46.875, 85.625, 7.56677763478752e-24, nan 
-46.625, 85.625, 6.279862124912993e-24, nan 
-46.375, 85.625, 7.92654149430692e-24, nan 
-46.125, 85.625, 7.568104542236867e-24, nan 
-45.875, 85.625, 7.564219297596892e-24, nan 
-45.625, 85.625, 7.414181934803169e-24, nan 
-45.375, 85.625, 8.626195155159826e-24, nan 
-45.125, 85.625, 8.676062055491417e-24, nan 
-44.875, 85.625, 8.23815027880626e-24, nan 
-44.625, 85.625, 9.022251086946897e-24, nan 
-44.375, 85.625, 8.784335986138981e-24, nan 
-44.125, 85.625, 8.779534120989424e-24, nan 
-43.875, 85.625, 8.640134157359473e-24, nan 
-43.625, 85.625, 8.441498744602299e-24, nan 
-43.375, 85.625, 8.515023196037145e-24, nan 
-43.125, 85.625, 8.641880952824312e-24, nan 
-42.875, 85.625, 8.597419893245442e-24, nan 
-42.625, 85.625, 8.408644572350817e-24, nan 
-42.375, 85.625, 8.529428150124183e-24, nan 
-42.125, 85.625, 8.578505345903464e-24, nan 
-41.875, 85.625, 8.398553118507275e-24, nan 
-41.625, 85.625, 8.249334336056129e-24, nan 
-41.375, 85.625, 8.249440881979377e-24, nan 
-41.125, 85.625, 8.266127639258883e-24, nan 
-40.875, 85.625, 8.767327172267e-24, nan 
-40.625, 85.625, 9.117817848286193e-24, nan 
-40.375, 85.625, 9.395212253841659e-24, nan 
-40.125, 85.625, 9.65779466543599e-24, nan 
-39.875, 85.625, 9.6336885802569e-24, nan 
-39.625, 85.625, 9.662749816793335e-24, nan 
-39.375, 85.625, 1.0351063194424488e-23, nan 
-39.125, 85.625, 9.690638235878256e-24, nan 
-38.875, 85.625, 8.818301872198886e-24, nan 
-38.625, 85.625, 8.563739346429699e-24, nan 
-38.375, 85.625, 8.603786731672963e-24, nan 
-38.125, 85.625, 8.570812684510426e-24, nan 
-37.875, 85.625, 8.55822475961722e-24, nan 
-37.625, 85.625, 8.715756734344053e-24, nan 
-37.375, 85.625, 9.278843405296053e-24, nan 
-37.125, 85.625, 1.039463213068918e-23, nan 
-36.875, 85.625, 1.0233592162063474e-23, nan 
-36.625, 85.625, 1.067042562610505e-23, nan 
-36.375, 85.625, 1.1458530066550729e-23, nan 
-36.125, 85.625, 1.212273897301565e-23, nan 
-35.875, 85.625, 1.1742409249941906e-23, nan 
-35.625, 85.625, 1.1487996017525472e-23, nan 
-35.375, 85.625, 1.0674407768068245e-23, nan 
-35.125, 85.625, 1.0835786689285453e-23, nan 
-34.875, 85.625, 1.0581097822829325e-23, nan 
-34.625, 85.625, 1.0255903097328417e-23, nan 
-34.375, 85.625, 1.0034305374383055e-23, nan 
-34.125, 85.625, 9.904948168663055e-24, nan 
-33.875, 85.625, 1.0111547114872505e-23, nan 
-33.625, 85.625, 1.0420004079353546e-23, nan 
-33.375, 85.625, 1.0687477872303442e-23, nan 
-33.125, 85.625, 1.1242388500714718e-23, nan 
-32.875, 85.625, 1.201648626225186e-23, nan 
-32.625, 85.625, 1.3353532286675985e-23, nan 
-32.375, 85.625, 1.2860812207786628e-23, nan 
-32.125, 85.625, 1.2198277653814354e-23, nan 
-31.875, 85.625, 1.2383341410460779e-23, nan 
-31.625, 85.625, 1.1962859400613625e-23, nan 
-31.375, 85.625, 1.1681090355793956e-23, nan 
-31.125, 85.625, 1.14477314508632e-23, nan 
-30.875, 85.625, 1.1879506833743006e-23, nan 
-30.625, 85.625, 1.1718477616093178e-23, nan 
-30.375, 85.625, 1.2317753178993741e-23, nan 
-30.125, 85.625, 1.2337721761545985e-23, nan 
-29.875, 85.625, 1.4444604739854906e-23, nan 
-29.625, 85.625, 1.7675327396693284e-23, nan 
-29.375, 85.625, 1.7417094733092768e-23, nan 
-29.125, 85.625, 1.764725828780888e-23, nan 
-28.875, 85.625, 1.758660405220284e-23, nan 
-28.625, 85.625, 1.6736800818236268e-23, nan 
-28.375, 85.625, 1.6482483094699343e-23, nan 
-28.125, 85.625, 1.6134435006648832e-23, nan 
-27.875, 85.625, 1.57614277432564e-23, nan 
-27.625, 85.625, 1.6613683904574096e-23, nan 
-27.375, 85.625, 1.615697274914772e-23, nan 
-27.125, 85.625, 1.5031466262939974e-23, nan 
-26.875, 85.625, 1.533147458204089e-23, nan 
-26.625, 85.625, 1.9356475042346151e-23, nan 
-26.375, 85.625, 2.772802859635803e-23, nan 
-26.125, 85.625, 2.825819993265665e-23, nan 
-25.875, 85.625, 3.0171913700948007e-23, nan 
-25.625, 85.625, 3.2309495401469734e-23, nan 
-25.375, 85.625, 3.2530785004670535e-23, nan 
-25.125, 85.625, 3.2190126645635596e-23, nan 
-24.875, 85.625, 3.183364372396734e-23, nan 
-24.625, 85.625, 3.180204329267388e-23, nan 
-24.375, 85.625, 3.421493172091199e-23, nan 
-24.125, 85.625, 3.4045891094901466e-23, nan 
-23.875, 85.625, 3.184415698216073e-23, nan 
-23.625, 85.625, 3.1022594031380515e-23, nan 
-23.375, 85.625, 2.916748315368791e-23, nan 
-23.125, 85.625, 2.6148744478968477e-23, nan 
-22.875, 85.625, 2.3672486253650422e-23, nan 
-22.625, 85.625, 2.3682133740365527e-23, nan 
-22.375, 85.625, 2.2950070291097272e-23, nan 
-22.125, 85.625, 2.2745849531116083e-23, nan 
-21.875, 85.625, 2.3939551062887857e-23, nan 
-21.625, 85.625, 2.5857776277807068e-23, nan 
-21.375, 85.625, 2.683989978017304e-23, nan 
-21.125, 85.625, 2.847392994811038e-23, nan 
-20.875, 85.625, 2.8653961020712214e-23, nan 
-20.625, 85.625, 2.788695108404658e-23, nan 
-20.375, 85.625, 2.8717368304957404e-23, nan 
-20.125, 85.625, 2.8558242485030623e-23, nan 
-19.875, 85.625, 2.731892305880362e-23, nan 
-19.625, 85.625, 2.7269706787678155e-23, nan 
-19.375, 85.625, 2.912248501425051e-23, nan 
-19.125, 85.625, 2.8408090910130666e-23, nan 
-18.875, 85.625, 2.946734408994079e-23, nan 
-18.625, 85.625, 3.100036286964569e-23, nan 
-18.375, 85.625, 2.895278295700856e-23, nan 
-18.125, 85.625, 3.023042617465296e-23, nan 
-17.875, 85.625, 2.963481695770532e-23, nan 
-17.625, 85.625, 2.623680548854981e-23, nan 
-17.375, 85.625, 2.4195871454276477e-23, nan 
-17.125, 85.625, 2.4042356390906316e-23, nan 
-16.875, 85.625, 2.0596391893223243e-23, nan 
-16.625, 85.625, 1.921953190638734e-23, nan 
-16.375, 85.625, 1.924269378356888e-23, nan 
-16.125, 85.625, 1.933077472067812e-23, nan 
-15.875, 85.625, 1.992549734186036e-23, nan 
-15.625, 85.625, 2.0528554497357772e-23, nan 
-15.375, 85.625, 2.119189156511525e-23, nan 
-15.125, 85.625, 2.248078470111035e-23, nan 
-14.875, 85.625, 2.1751737996511993e-23, nan 
-14.625, 85.625, 2.1370291987494598e-23, nan 
-14.375, 85.625, 1.8851339899311141e-23, nan 
-14.125, 85.625, 1.5469112867598837e-23, nan 
-13.875, 85.625, 1.2056559073256018e-23, nan 
-13.625, 85.625, 1.1401249718526697e-23, nan 
-13.375, 85.625, 1.1057926015906567e-23, nan 
-13.125, 85.625, 1.2612607672721595e-23, nan 
-12.875, 85.625, 1.1320824170424213e-23, nan 
-12.625, 85.625, 9.920674521697474e-24, nan 
-12.375, 85.625, 8.23372279168834e-24, nan 
-12.125, 85.625, 6.95735961199677e-24, nan 
-11.875, 85.625, 4.521838494671862e-24, nan 
-11.625, 85.625, 3.443997391950505e-24, nan 
-11.375, 85.625, 3.688756261071505e-24, nan 
-11.125, 85.625, 5.3977357463666066e-24, nan 
-10.875, 85.625, 9.17891854156427e-24, nan 
-10.625, 85.625, 1.4667122341483754e-23, nan 
-10.375, 85.625, 1.9150021022247024e-23, nan 
-10.125, 85.625, 2.1593826751245415e-23, nan 
-9.875, 85.625, 2.5991099458814862e-23, nan 
-9.625, 85.625, 2.4758304712421848e-23, nan 
-9.375, 85.625, 2.3247180807205226e-23, nan 
-9.125, 85.625, 2.0552355982296402e-23, nan 
-8.875, 85.625, 1.8943929937148692e-23, nan 
-8.625, 85.625, 1.4236883881384665e-23, nan 
-8.375, 85.625, 1.1145253318154484e-23, nan 
-8.125, 85.625, 8.812997310185309e-24, nan 
-7.875, 85.625, 8.248738765294625e-24, nan 
-7.625, 85.625, 8.671852448044885e-24, nan 
-7.375, 85.625, 1.1867245172507183e-23, nan 
-7.125, 85.625, 1.4293171974727742e-23, nan 
-6.875, 85.625, 1.5710357587439543e-23, nan 
-6.625, 85.625, 1.839871317265918e-23, nan 
-6.375, 85.625, 1.7745293249976424e-23, nan 
-6.125, 85.625, 1.84019707952518e-23, nan 
-5.875, 85.625, 1.8488148146997107e-23, nan 
-5.625, 85.625, 1.860028507767704e-23, nan 
-5.375, 85.625, 1.7228231849276623e-23, nan 
-5.125, 85.625, 1.6831427072171634e-23, nan 
-4.875, 85.625, 1.5688192575156613e-23, nan 
-4.625, 85.625, 1.5918097653932104e-23, nan 
-4.375, 85.625, 1.6207660933295082e-23, nan 
-4.125, 85.625, 1.6393083738773594e-23, nan 
-3.875, 85.625, 1.7668672458510912e-23, nan 
-3.625, 85.625, 1.8189061074017574e-23, nan 
-3.375, 85.625, 1.8869139456354302e-23, nan 
-3.125, 85.625, 1.3839812724729674e-23, nan 
-2.875, 85.625, 1.399112713830042e-23, nan 
-2.625, 85.625, 1.565996716413656e-23, nan 
-2.375, 85.625, 1.6402477813107398e-23, nan 
-2.125, 85.625, 1.6622295302263935e-23, nan 
-1.875, 85.625, 1.801601290101316e-23, nan 
-1.625, 85.625, 1.8339482746483833e-23, nan 
-1.375, 85.625, 1.9331182028032628e-23, nan 
-1.125, 85.625, 2.0149444899435618e-23, nan 
-0.875, 85.625, 2.2078581827883032e-23, nan 
-0.625, 85.625, 2.3011600370113517e-23, nan 
-0.375, 85.625, 2.3358512679117184e-23, nan 
-0.125, 85.625, 2.3014503914352782e-23, nan 
0.125, 85.625, 2.0655437900321246e-23, nan 
0.375, 85.625, 1.616582374840736e-23, nan 
0.625, 85.625, 1.43460046476769e-23, nan 
0.875, 85.625, 1.3630921278810117e-23, nan 
1.125, 85.625, 1.3071400678338984e-23, nan 
1.375, 85.625, 1.2093224562992018e-23, nan 
1.625, 85.625, 1.2056098734566798e-23, nan 
1.875, 85.625, 1.1356718662411566e-23, nan 
2.125, 85.625, 1.0641117789349026e-23, nan 
2.375, 85.625, 9.505646162032632e-24, nan 
2.625, 85.625, 9.84515683892488e-24, nan 
2.875, 85.625, 9.734944160438005e-24, nan 
3.125, 85.625, 9.411109872169939e-24, nan 
3.375, 85.625, 9.368475807883735e-24, nan 
3.625, 85.625, 9.101351572401609e-24, nan 
3.875, 85.625, 8.022329655829314e-24, nan 
4.125, 85.625, 6.954177282066739e-24, nan 
4.375, 85.625, 6.310951525078883e-24, nan 
4.625, 85.625, 5.6902125673622884e-24, nan 
4.875, 85.625, 5.2503293930610144e-24, nan 
5.125, 85.625, 4.99617664075335e-24, nan 
5.375, 85.625, 4.345181360106779e-24, nan 
5.625, 85.625, 3.837748301786421e-24, nan 
5.875, 85.625, 3.1646865732530254e-24, nan 
6.125, 85.625, 3.060877326814433e-24, nan 
6.375, 85.625, 2.654913584040034e-24, nan 
6.625, 85.625, 3.0679645432406724e-24, nan 
6.875, 85.625, 3.376755818682871e-24, nan 
7.125, 85.625, 3.567969157262218e-24, nan 
7.375, 85.625, 3.812565673370259e-24, nan 
7.625, 85.625, 4.068307688558256e-24, nan 
7.875, 85.625, 4.576225236347128e-24, nan 
8.125, 85.625, 5.251979516205173e-24, nan 
8.375, 85.625, 5.4601128899718404e-24, nan 
8.625, 85.625, 5.9430079016403114e-24, nan 
8.875, 85.625, 6.57407152614357e-24, nan 
9.125, 85.625, 7.595438220485765e-24, nan 
9.375, 85.625, 7.792767378001997e-24, nan 
9.625, 85.625, 7.732199492951417e-24, nan 
9.875, 85.625, 7.820948290678381e-24, nan 
10.125, 85.625, 8.26094370986533e-24, nan 
10.375, 85.625, 8.961304481056459e-24, nan 
10.625, 85.625, 9.581262886553463e-24, nan 
10.875, 85.625, 9.65357844597955e-24, nan 
11.125, 85.625, 1.0205299907019217e-23, nan 
11.375, 85.625, 1.0656685295033836e-23, nan 
11.625, 85.625, 1.0874726246644516e-23, nan 
11.875, 85.625, 1.1110347500211761e-23, nan 
12.125, 85.625, 1.1621707437808513e-23, nan 
12.375, 85.625, 1.2193551930371665e-23, nan 
12.625, 85.625, 1.2818121121721177e-23, nan 
12.875, 85.625, 1.349149792310198e-23, nan 
13.125, 85.625, 1.390578401069268e-23, nan 
13.375, 85.625, 1.2280210264655505e-23, nan 
13.625, 85.625, 1.1620210614771574e-23, nan 
13.875, 85.625, 1.1399432593547315e-23, nan 
14.125, 85.625, 1.1452976593642533e-23, nan 
14.375, 85.625, 1.1645179058856299e-23, nan 
14.625, 85.625, 1.1893390170758079e-23, nan 
14.875, 85.625, 1.2147089870901648e-23, nan 
15.125, 85.625, 1.218617571158074e-23, nan 
15.375, 85.625, 1.2409755299214165e-23, nan 
15.625, 85.625, 1.2847674073441667e-23, nan 
15.875, 85.625, 1.3015205450179263e-23, nan 
16.125, 85.625, 1.3191307632080896e-23, nan 
16.375, 85.625, 1.3279824179292165e-23, nan 
16.625, 85.625, 1.225146690125044e-23, nan 
16.875, 85.625, 1.1898071545173906e-23, nan 
17.125, 85.625, 1.1960828383670657e-23, nan 
17.375, 85.625, 1.2228644871332513e-23, nan 
17.625, 85.625, 1.214012648578715e-23, nan 
17.875, 85.625, 1.2251865041189323e-23, nan 
18.125, 85.625, 1.2396692202765767e-23, nan 
18.375, 85.625, 1.25694388084944e-23, nan 
18.625, 85.625, 1.2837158642928536e-23, nan 
18.875, 85.625, 1.3082603644490566e-23, nan 
19.125, 85.625, 1.274456385577524e-23, nan 
19.375, 85.625, 1.2516746658998824e-23, nan 
19.625, 85.625, 1.2672728866499103e-23, nan 
19.875, 85.625, 1.31153265330525e-23, nan 
20.125, 85.625, 1.357425798487535e-23, nan 
20.375, 85.625, 1.3628027254520102e-23, nan 
20.625, 85.625, 1.4413963736599505e-23, nan 
20.875, 85.625, 1.4838136636642215e-23, nan 
21.125, 85.625, 1.53839102822397e-23, nan 
21.375, 85.625, 1.6859988004972766e-23, nan 
21.625, 85.625, 1.8720521953022318e-23, nan 
21.875, 85.625, 1.8471861865504532e-23, nan 
22.125, 85.625, 1.5286127474921478e-23, nan 
22.375, 85.625, 1.3405810410864816e-23, nan 
22.625, 85.625, 1.22217381182325e-23, nan 
22.875, 85.625, 1.0048696347357588e-23, nan 
23.125, 85.625, 9.914334983645152e-24, nan 
23.375, 85.625, 9.241721054319775e-24, nan 
23.625, 85.625, 8.558779125102246e-24, nan 
23.875, 85.625, 7.411826183099489e-24, nan 
24.125, 85.625, 7.009962549939421e-24, nan 
24.375, 85.625, 6.336088179112452e-24, nan 
24.625, 85.625, 6.031416806428471e-24, nan 
24.875, 85.625, 6.002543485889762e-24, nan 
25.125, 85.625, 6.256642644883203e-24, nan 
25.375, 85.625, 5.666404471718473e-24, nan 
25.625, 85.625, 4.790061495746024e-24, nan 
25.875, 85.625, 4.3150785435114575e-24, nan 
26.125, 85.625, 3.9877402285955295e-24, nan 
26.375, 85.625, 3.380446510584208e-24, nan 
26.625, 85.625, 3.359822947867349e-24, nan 
26.875, 85.625, 3.417549359662675e-24, nan 
27.125, 85.625, 3.497179653010896e-24, nan 
27.375, 85.625, 3.403457725387444e-24, nan 
27.625, 85.625, 3.456571632686398e-24, nan 
27.875, 85.625, 3.217404229269217e-24, nan 
28.125, 85.625, 3.480999731392868e-24, nan 
28.375, 85.625, 3.388877189533186e-24, nan 
28.625, 85.625, 3.2713380768427424e-24, nan 
28.875, 85.625, 3.038870913334409e-24, nan 
29.125, 85.625, 2.9534079795407562e-24, nan 
29.375, 85.625, 2.7024754153505168e-24, nan 
29.625, 85.625, 2.530945654252698e-24, nan 
29.875, 85.625, 2.3560646682376264e-24, nan 
30.125, 85.625, 2.156056188441698e-24, nan 
30.375, 85.625, 2.1425484611325513e-24, nan 
30.625, 85.625, 2.0579380678052497e-24, nan 
30.875, 85.625, 1.9953471582977802e-24, nan 
31.125, 85.625, 1.925986918244599e-24, nan 
31.375, 85.625, 2.173887687741551e-24, nan 
31.625, 85.625, 1.985570279606815e-24, nan 
31.875, 85.625, 2.0102363977808564e-24, nan 
32.125, 85.625, 1.842569542697727e-24, nan 
32.375, 85.625, 1.8499830260147145e-24, nan 
32.625, 85.625, 2.4828904087399135e-24, nan 
32.875, 85.625, 3.609101872156114e-24, nan 
33.125, 85.625, 5.230121384272288e-24, nan 
33.375, 85.625, 6.28552258739873e-24, nan 
33.625, 85.625, 7.127270493870561e-24, nan 
33.875, 85.625, 8.564478686029753e-24, nan 
34.125, 85.625, 9.542795181847106e-24, nan 
34.375, 85.625, 1.1212087904139881e-23, nan 
34.625, 85.625, 1.2901334701436018e-23, nan 
34.875, 85.625, 1.3481474458705843e-23, nan 
35.125, 85.625, 1.4459538934188466e-23, nan 
35.375, 85.625, 1.4501975728441687e-23, nan 
35.625, 85.625, 1.5150518330444376e-23, nan 
35.875, 85.625, 1.5684541213673666e-23, nan 
36.125, 85.625, 1.5781392327519445e-23, nan 
36.375, 85.625, 1.6181152085579182e-23, nan 
36.625, 85.625, 1.5916919018156272e-23, nan 
36.875, 85.625, 1.610599956580003e-23, nan 
37.125, 85.625, 1.5940512794487533e-23, nan 
37.375, 85.625, 1.5139664485313866e-23, nan 
37.625, 85.625, 1.4755119723071573e-23, nan 
37.875, 85.625, 1.460314563392574e-23, nan 
38.125, 85.625, 1.484515169505913e-23, nan 
38.375, 85.625, 1.529751574871254e-23, nan 
38.625, 85.625, 1.527837503864719e-23, nan 
38.875, 85.625, 1.5534359390286774e-23, nan 
39.125, 85.625, 1.5993222927363597e-23, nan 
39.375, 85.625, 1.6175910417098255e-23, nan 
39.625, 85.625, 1.5842518625867728e-23, nan 
39.875, 85.625, 1.5412967571276695e-23, nan 
40.125, 85.625, 1.5203092998766697e-23, nan 
40.375, 85.625, 1.4562189899543238e-23, nan 
40.625, 85.625, 1.4087367287633202e-23, nan 
40.875, 85.625, 1.3681820939053674e-23, nan 
41.125, 85.625, 1.3327774165842937e-23, nan 
41.375, 85.625, 1.334621228200451e-23, nan 
41.625, 85.625, 1.2755705412613737e-23, nan 
41.875, 85.625, 1.2327310449083905e-23, nan 
42.125, 85.625, 1.1775677494834802e-23, nan 
42.375, 85.625, 1.1809166210045603e-23, nan 
42.625, 85.625, 1.2183440864686668e-23, nan 
42.875, 85.625, 1.1978770177993356e-23, nan 
43.125, 85.625, 1.210425942023571e-23, nan 
43.375, 85.625, 1.2067760608590677e-23, nan 
43.625, 85.625, 1.1691004460028645e-23, nan 
43.875, 85.625, 1.1509595991149861e-23, nan 
44.125, 85.625, 1.1873646996650453e-23, nan 
44.375, 85.625, 1.17056974852518e-23, nan 
44.625, 85.625, 1.223676231416726e-23, nan 
44.875, 85.625, 1.2578477286970073e-23, nan 
45.125, 85.625, 1.3086485921560257e-23, nan 
45.375, 85.625, 1.3804408323007885e-23, nan 
45.625, 85.625, 1.4947311599932263e-23, nan 
45.875, 85.625, 1.5983256836273784e-23, nan 
46.125, 85.625, 1.6585689978415268e-23, nan 
46.375, 85.625, 1.7115891404780462e-23, nan 
46.625, 85.625, 1.7458332725758683e-23, nan 
46.875, 85.625, 1.7647575755284912e-23, nan 
47.125, 85.625, 1.7560703617985875e-23, nan 
47.375, 85.625, 1.7726594395846652e-23, nan 
47.625, 85.625, 1.7598676356058483e-23, nan 
47.875, 85.625, 1.763391609674213e-23, nan 
48.125, 85.625, 1.7742569448503645e-23, nan 
48.375, 85.625, 1.8206242309425182e-23, nan 
48.625, 85.625, 1.851274985382921e-23, nan 
48.875, 85.625, 1.77988414196068e-23, nan 
49.125, 85.625, 1.7353370386190064e-23, nan 
49.375, 85.625, 1.703592791032241e-23, nan 
49.625, 85.625, 1.7229388245411297e-23, nan 
49.875, 85.625, 1.7212279453205612e-23, nan 
50.125, 85.625, 1.7703783846746488e-23, nan 
50.375, 85.625, 1.7776970648112147e-23, nan 
50.625, 85.625, 1.6750474106429538e-23, nan 
50.875, 85.625, 1.5332231648704612e-23, nan 
51.125, 85.625, 1.477114056586624e-23, nan 
51.375, 85.625, 1.4091960198693428e-23, nan 
51.625, 85.625, 1.2957711679977683e-23, nan 
51.875, 85.625, 1.2827589550844658e-23, nan 
52.125, 85.625, 1.2705317322009515e-23, nan 
52.375, 85.625, 1.2584856467126856e-23, nan 
52.625, 85.625, 1.2138208527364558e-23, nan 
52.875, 85.625, 1.1886383614680527e-23, nan 
53.125, 85.625, 1.1651978532868761e-23, nan 
53.375, 85.625, 1.1896047709018774e-23, nan 
53.625, 85.625, 1.1986859351723144e-23, nan 
53.875, 85.625, 1.1516390603237458e-23, nan 
54.125, 85.625, 1.3732935418882275e-23, nan 
54.375, 85.625, 2.2482324547285796e-23, nan 
54.625, 85.625, 2.4825593635109052e-23, nan 
54.875, 85.625, 2.670709573085726e-23, nan 
55.125, 85.625, 2.9163501793510074e-23, nan 
55.375, 85.625, 2.7926109029964215e-23, nan 
55.625, 85.625, 2.657425613397825e-23, nan 
55.875, 85.625, 2.819905772629881e-23, nan 
56.125, 85.625, 2.917005288235872e-23, nan 
56.375, 85.625, 2.9862867599267294e-23, nan 
56.625, 85.625, 3.061402248491185e-23, nan 
56.875, 85.625, 3.057702099349747e-23, nan 
57.125, 85.625, 3.1620339709941475e-23, nan 
57.375, 85.625, 3.161134964469163e-23, nan 
57.625, 85.625, 3.107004633497818e-23, nan 
57.875, 85.625, 3.126317333304995e-23, nan 
58.125, 85.625, 3.075390753883365e-23, nan 
58.375, 85.625, 2.982032189763314e-23, nan 
58.625, 85.625, 2.95184902001766e-23, nan 
58.875, 85.625, 2.9189026363027583e-23, nan 
59.125, 85.625, 2.934971389868371e-23, nan 
59.375, 85.625, 2.9061529345761584e-23, nan 
59.625, 85.625, 2.944658204901782e-23, nan 
59.875, 85.625, 3.0085004441150566e-23, nan 
60.125, 85.625, 3.070868926418753e-23, nan 
60.375, 85.625, 3.060471804803559e-23, nan 
60.625, 85.625, 3.083249634439792e-23, nan 
60.875, 85.625, 3.053888517791317e-23, nan 
61.125, 85.625, 3.07504478631468e-23, nan 
61.375, 85.625, 3.092677674417187e-23, nan 
61.625, 85.625, 3.1114000018960115e-23, nan 
61.875, 85.625, 3.1807588471509177e-23, nan 
62.125, 85.625, 3.203706116014653e-23, nan 
62.375, 85.625, 3.2005888796324203e-23, nan 
62.625, 85.625, 3.1983705605357485e-23, nan 
62.875, 85.625, 3.143846222651051e-23, nan 
63.125, 85.625, 3.113162740007243e-23, nan 
63.375, 85.625, 3.1047731723982076e-23, nan 
63.625, 85.625, 3.139260270139471e-23, nan 
63.875, 85.625, 3.3684227138625554e-23, nan 
64.125, 85.625, 3.556808593751175e-23, nan 
64.375, 85.625, 3.7246705986409e-23, nan 
64.625, 85.625, 3.822772387190544e-23, nan 
64.875, 85.625, 3.796668431754957e-23, nan 
65.125, 85.625, 3.696913284194258e-23, nan 
65.375, 85.625, 3.589005316855948e-23, nan 
65.625, 85.625, 3.7105772161357245e-23, nan 
65.875, 85.625, 3.845669171797557e-23, nan 
66.125, 85.625, 3.852025525945544e-23, nan 
66.375, 85.625, 3.8058575855647764e-23, nan 
66.625, 85.625, 3.7223187244867697e-23, nan 
66.875, 85.625, 3.2439479628348645e-23, nan 
67.125, 85.625, 3.040344018120936e-23, nan 
67.375, 85.625, 3.043432281376728e-23, nan 
67.625, 85.625, 3.145064054557895e-23, nan 
67.875, 85.625, 3.327067357764893e-23, nan 
68.125, 85.625, 3.4641922144620005e-23, nan 
68.375, 85.625, 3.3350707822623975e-23, nan 
68.625, 85.625, 3.3249656636917184e-23, nan 
68.875, 85.625, 3.257331043280061e-23, nan 
69.125, 85.625, 3.209217738408333e-23, nan 
69.375, 85.625, 3.158119472245732e-23, nan 
69.625, 85.625, 3.1333515403232657e-23, nan 
69.875, 85.625, 3.120783043932446e-23, nan 
70.125, 85.625, 2.973523294943502e-23, nan 
70.375, 85.625, 2.851028146570547e-23, nan 
70.625, 85.625, 2.8539068115121665e-23, nan 
70.875, 85.625, 2.8734656180738404e-23, nan 
71.125, 85.625, 2.999604118683698e-23, nan 
71.375, 85.625, 3.158047785379517e-23, nan 
71.625, 85.625, 3.237131406835666e-23, nan 
71.875, 85.625, 3.5016122496414516e-23, nan 
72.125, 85.625, 3.5119118440903073e-23, nan 
72.375, 85.625, 3.5125113757364335e-23, nan 
72.625, 85.625, 3.6860877337055874e-23, nan 
72.875, 85.625, 3.959552329173569e-23, nan 
73.125, 85.625, 4.391176162666321e-23, nan 
73.375, 85.625, 4.435847936646229e-23, nan 
73.625, 85.625, 5.532979521724467e-23, nan 
73.875, 85.625, 5.593140284674412e-23, nan 
74.125, 85.625, 5.931925240808354e-23, nan 
74.375, 85.625, 6.041257912648011e-23, nan 
74.625, 85.625, 6.058979186260354e-23, nan 
74.875, 85.625, 6.30442235442011e-23, nan 
75.125, 85.625, 5.681100264287654e-23, nan 
75.375, 85.625, 5.320665962611304e-23, nan 
75.625, 85.625, 5.027266056839975e-23, nan 
75.875, 85.625, 5.268422032624981e-23, nan 
76.125, 85.625, 5.814669011404802e-23, nan 
76.375, 85.625, 7.023233737518498e-23, nan 
76.625, 85.625, 7.380037603159076e-23, nan 
76.875, 85.625, 1.0325108224352208e-22, nan 
77.125, 85.625, 1.0547698718598864e-22, nan 
77.375, 85.625, 1.1393274590747532e-22, nan 
77.625, 85.625, 1.1790914004718938e-22, nan 
77.875, 85.625, 1.1770374873950127e-22, nan 
78.125, 85.625, 1.1993904974267963e-22, nan 
78.375, 85.625, 1.023896612157182e-22, nan 
78.625, 85.625, 8.290753988904063e-23, nan 
78.875, 85.625, 6.685124425654944e-23, nan 
79.125, 85.625, 5.426794555089419e-23, nan 
79.375, 85.625, 4.3031872070440893e-23, nan 
79.625, 85.625, 4.021438496349796e-23, nan 
79.875, 85.625, 4.094638165045401e-23, nan 
80.125, 85.625, 5.179091866147381e-23, nan 
80.375, 85.625, 5.360577645502996e-23, nan 
80.625, 85.625, 5.852978096416569e-23, nan 
80.875, 85.625, 6.102842475969782e-23, nan 
81.125, 85.625, 6.293956662750268e-23, nan 
81.375, 85.625, 6.516965568150859e-23, nan 
81.625, 85.625, 5.760042636728575e-23, nan 
81.875, 85.625, 5.1029294798418733e-23, nan 
82.125, 85.625, 4.4875669192094016e-23, nan 
82.375, 85.625, 4.205008123758998e-23, nan 
82.625, 85.625, 4.154892320275775e-23, nan 
82.875, 85.625, 3.939890486788601e-23, nan 
83.125, 85.625, 3.9482832480338963e-23, nan 
83.375, 85.625, 4.144650231613585e-23, nan 
83.625, 85.625, 4.2710879398425296e-23, nan 
83.875, 85.625, 4.259682554798704e-23, nan 
84.125, 85.625, 4.307640405000764e-23, nan 
84.375, 85.625, 4.3708266006536227e-23, nan 
84.625, 85.625, 4.372662939160483e-23, nan 
84.875, 85.625, 4.590227723931974e-23, nan 
85.125, 85.625, 4.8802903056695196e-23, nan 
85.375, 85.625, 5.352890437515646e-23, nan 
85.625, 85.625, 5.86907351689652e-23, nan 
85.875, 85.625, 5.988969601080204e-23, nan 
86.125, 85.625, 6.317442345125723e-23, nan 
86.375, 85.625, 6.020640077209473e-23, nan 
86.625, 85.625, 5.675496710818619e-23, nan 
86.875, 85.625, 5.340998557033614e-23, nan 
87.125, 85.625, 5.046427073356674e-23, nan 
87.375, 85.625, 4.6425312375577076e-23, nan 
87.625, 85.625, 4.374246720647275e-23, nan 
87.875, 85.625, 4.268019305283656e-23, nan 
88.125, 85.625, 4.1332341489680176e-23, nan 
88.375, 85.625, 3.727128700259577e-23, nan 
88.625, 85.625, 3.6180954874536664e-23, nan 
88.875, 85.625, 3.214906405014245e-23, nan 
89.125, 85.625, 3.4890796076551807e-23, nan 
89.375, 85.625, 3.9009841304308595e-23, nan 
89.625, 85.625, 4.7092366779915284e-23, nan 
89.875, 85.625, 5.1115711541028e-23, nan 
90.125, 85.625, 6.275456385066419e-23, nan 
90.375, 85.625, 8.289805925881837e-23, nan 
90.625, 85.625, 8.74226764183576e-23, nan 
90.875, 85.625, 8.456434078320835e-23, nan 
91.125, 85.625, 8.080181681596658e-23, nan 
91.375, 85.625, 7.954572715390905e-23, nan 
91.625, 85.625, 6.755072693090658e-23, nan 
91.875, 85.625, 5.912467456179071e-23, nan 
92.125, 85.625, 5.509206894773987e-23, nan 
92.375, 85.625, 5.426014442095852e-23, nan 
92.625, 85.625, 5.753226682983382e-23, nan 
92.875, 85.625, 6.362131375422194e-23, nan 
93.125, 85.625, 6.927338441668036e-23, nan 
93.375, 85.625, 7.107776793794714e-23, nan 
93.625, 85.625, 7.520621091944701e-23, nan 
93.875, 85.625, 7.89671092965416e-23, nan 
94.125, 85.625, 8.049957564748785e-23, nan 
94.375, 85.625, 8.088162569002635e-23, nan 
94.625, 85.625, 8.042531384980278e-23, nan 
94.875, 85.625, 7.488471855250667e-23, nan 
95.125, 85.625, 7.627871732504735e-23, nan 
95.375, 85.625, 7.580661224337959e-23, nan 
95.625, 85.625, 7.924143862425528e-23, nan 
95.875, 85.625, 8.084541745963266e-23, nan 
96.125, 85.625, 8.369044878157411e-23, nan 
96.375, 85.625, 8.198503475769342e-23, nan 
96.625, 85.625, 8.299805365984507e-23, nan 
96.875, 85.625, 9.4356158989354e-23, nan 
97.125, 85.625, 1.1266872053134739e-22, nan 
97.375, 85.625, 1.1362266030596967e-22, nan 
97.625, 85.625, 1.1421324747678947e-22, nan 
97.875, 85.625, 1.3444089614010477e-22, nan 
98.125, 85.625, 1.4844914867138376e-22, nan 
98.375, 85.625, 1.4198348399919668e-22, nan 
98.625, 85.625, 1.372110337184252e-22, nan 
98.875, 85.625, 1.418341181563028e-22, nan 
99.125, 85.625, 1.4674071844833982e-22, nan 
99.375, 85.625, 1.3757505486971438e-22, nan 
99.625, 85.625, 1.314142708957863e-22, nan 
99.875, 85.625, 1.2303722137427128e-22, nan 
100.125, 85.625, 1.1486937625662868e-22, nan 
100.375, 85.625, 1.101906018698345e-22, nan 
100.625, 85.625, 1.0546061833360009e-22, nan 
100.875, 85.625, 1.0150051662870603e-22, nan 
101.125, 85.625, 9.795895630119755e-23, nan 
101.375, 85.625, 9.484670327401953e-23, nan 
101.625, 85.625, 8.921651306466944e-23, nan 
101.875, 85.625, 8.160676004097189e-23, nan 
102.125, 85.625, 8.101147366664746e-23, nan 
102.375, 85.625, 7.754500405415703e-23, nan 
102.625, 85.625, 7.601256928710789e-23, nan 
102.875, 85.625, 8.3040111978235e-23, nan 
103.125, 85.625, 1.0394318602196019e-22, nan 
103.375, 85.625, 1.4908410579140988e-22, nan 
103.625, 85.625, 1.7491543528681342e-22, nan 
103.875, 85.625, 1.8692985010297028e-22, nan 
104.125, 85.625, 1.9454797021151062e-22, nan 
104.375, 85.625, 2.0915437488907862e-22, nan 
104.625, 85.625, 2.157338678270705e-22, nan 
104.875, 85.625, 2.1443907713330835e-22, nan 
105.125, 85.625, 2.0128382922361095e-22, nan 
105.375, 85.625, 1.833270839298987e-22, nan 
105.625, 85.625, 1.730455553725896e-22, nan 
105.875, 85.625, 1.7605139404302989e-22, nan 
106.125, 85.625, 1.743269112868177e-22, nan 
106.375, 85.625, 1.8264754724888565e-22, nan 
106.625, 85.625, 1.992679170207341e-22, nan 
106.875, 85.625, 2.0683486294163375e-22, nan 
107.125, 85.625, 2.0986198422711302e-22, nan 
107.375, 85.625, 2.1052029098330877e-22, nan 
107.625, 85.625, 2.0898226923572177e-22, nan 
107.875, 85.625, 2.0905844519373809e-22, nan 
108.125, 85.625, 2.0982316955114357e-22, nan 
108.375, 85.625, 2.1336138995519243e-22, nan 
108.625, 85.625, 2.1021420714646947e-22, nan 
108.875, 85.625, 2.0279933288669306e-22, nan 
109.125, 85.625, 2.0373411999577493e-22, nan 
109.375, 85.625, 1.785194427037251e-22, nan 
109.625, 85.625, 1.6654223064341133e-22, nan 
109.875, 85.625, 1.5222685499809977e-22, nan 
110.125, 85.625, 1.2808988881354706e-22, nan 
110.375, 85.625, 9.822940554144343e-23, nan 
110.625, 85.625, 8.33102611820023e-23, nan 
110.875, 85.625, 8.788651502005802e-23, nan 
111.125, 85.625, 8.622449862587479e-23, nan 
111.375, 85.625, 8.415124380336773e-23, nan 
111.625, 85.625, 8.230043532716491e-23, nan 
111.875, 85.625, 7.877996805729751e-23, nan 
112.125, 85.625, 9.289201042796148e-23, nan 
112.375, 85.625, 1.0881960112133574e-22, nan 
112.625, 85.625, 1.2589014189408423e-22, nan 
112.875, 85.625, 1.4601938232478085e-22, nan 
113.125, 85.625, 1.7027994503745203e-22, nan 
113.375, 85.625, 1.9803634223426782e-22, nan 
113.625, 85.625, 2.2609633097221103e-22, nan 
113.875, 85.625, 2.6496830249060535e-22, nan 
114.125, 85.625, 2.8998283024403594e-22, nan 
114.375, 85.625, 2.8462023116304067e-22, nan 
114.625, 85.625, 2.538489359014898e-22, nan 
114.875, 85.625, 2.3759176402865025e-22, nan 
115.125, 85.625, 2.059653404472001e-22, nan 
115.375, 85.625, 2.0488682791189933e-22, nan 
115.625, 85.625, 2.0361477900975438e-22, nan 
115.875, 85.625, 2.0115443397780097e-22, nan 
116.125, 85.625, 1.903685196362279e-22, nan 
116.375, 85.625, 1.7571631803106507e-22, nan 
116.625, 85.625, 1.5633348984297507e-22, nan 
116.875, 85.625, 1.0053811845581062e-22, nan 
117.125, 85.625, 1.2288242541751305e-22, nan 
117.375, 85.625, 1.2237934883547776e-22, nan 
117.625, 85.625, 1.2639883845842454e-22, nan 
117.875, 85.625, 1.2200581395784107e-22, nan 
118.125, 85.625, 1.111682378159447e-22, nan 
118.375, 85.625, 1.021213875656395e-22, nan 
118.625, 85.625, 1.1662347494768858e-22, nan 
118.875, 85.625, 1.2623764183003149e-22, nan 
119.125, 85.625, 1.338860886977136e-22, nan 
119.375, 85.625, 1.3431194997512086e-22, nan 
119.625, 85.625, 1.2779389626834328e-22, nan 
119.875, 85.625, 1.198878590703797e-22, nan 
120.125, 85.625, 6.813780076002102e-23, nan 
120.375, 85.625, 5.21891915249997e-23, nan 
120.625, 85.625, 5.403011030993142e-23, nan 
120.875, 85.625, 5.169642024945211e-23, nan 
121.125, 85.625, 5.621161670183767e-23, nan 
121.375, 85.625, 6.175709465693589e-23, nan 
121.625, 85.625, 6.594360284175397e-23, nan 
121.875, 85.625, 6.350673154753603e-23, nan 
122.125, 85.625, 6.001830610630497e-23, nan 
122.375, 85.625, 5.724864383445121e-23, nan 
122.625, 85.625, 6.297714887828603e-23, nan 
122.875, 85.625, 6.882435854652829e-23, nan 
123.125, 85.625, 7.473187238876776e-23, nan 
123.375, 85.625, 8.631612939051742e-23, nan 
123.625, 85.625, 1.1218080334789326e-22, nan 
123.875, 85.625, 1.4750313008508e-22, nan 
124.125, 85.625, 2.5387874641426186e-22, nan 
124.375, 85.625, 3.0517570011467667e-22, nan 
124.625, 85.625, 3.2483290434079966e-22, nan 
124.875, 85.625, 3.400101918822271e-22, nan 
125.125, 85.625, 3.3905473134720094e-22, nan 
125.375, 85.625, 3.333527521491723e-22, nan 
125.625, 85.625, 3.214855960005469e-22, nan 
125.875, 85.625, 3.154195439150999e-22, nan 
126.125, 85.625, 3.0626364872559216e-22, nan 
126.375, 85.625, 2.663298623402976e-22, nan 
126.625, 85.625, 2.486372790613133e-22, nan 
126.875, 85.625, 2.1119218113880961e-22, nan 
127.125, 85.625, 2.002773648593715e-22, nan 
127.375, 85.625, 2.0393573151965395e-22, nan 
127.625, 85.625, 2.1089490266663733e-22, nan 
127.875, 85.625, 2.159505437429163e-22, nan 
128.125, 85.625, 2.1788347678780145e-22, nan 
128.375, 85.625, 2.26726772453211e-22, nan 
128.625, 85.625, 2.4636692627525165e-22, nan 
128.875, 85.625, 2.385821301514486e-22, nan 
129.125, 85.625, 2.682428181616488e-22, nan 
129.375, 85.625, 2.8420965708272616e-22, nan 
129.625, 85.625, 3.0958501255475763e-22, nan 
129.875, 85.625, 3.2216973696999704e-22, nan 
130.125, 85.625, 3.406568496586566e-22, nan 
130.375, 85.625, 3.4731977386037215e-22, nan 
130.625, 85.625, 3.5243229904164916e-22, nan 
130.875, 85.625, 3.276490606800654e-22, nan 
131.125, 85.625, 2.6372667214636385e-22, nan 
131.375, 85.625, 2.3974972564511535e-22, nan 
131.625, 85.625, 2.1727162282398123e-22, nan 
131.875, 85.625, 2.0200025800291023e-22, nan 
132.125, 85.625, 2.3709113483838097e-22, nan 
132.375, 85.625, 2.89068425456423e-22, nan 
132.625, 85.625, 3.101309775440522e-22, nan 
132.875, 85.625, 3.2275488603115234e-22, nan 
133.125, 85.625, 3.3193813054976316e-22, nan 
133.375, 85.625, 3.428315148181563e-22, nan 
133.625, 85.625, 3.537882071952146e-22, nan 
133.875, 85.625, 3.559548087967188e-22, nan 
134.125, 85.625, 3.5461757118106983e-22, nan 
134.375, 85.625, 3.5011749158769028e-22, nan 
134.625, 85.625, 3.426028284913481e-22, nan 
134.875, 85.625, 3.421519790738999e-22, nan 
135.125, 85.625, 3.3338169288501235e-22, nan 
135.375, 85.625, 3.069756834554943e-22, nan 
135.625, 85.625, 2.9235074018122e-22, nan 
135.875, 85.625, 2.8462252030981324e-22, nan 
136.125, 85.625, 2.8173920379455646e-22, nan 
136.375, 85.625, 2.682750491340738e-22, nan 
136.625, 85.625, 2.5767091805239613e-22, nan 
136.875, 85.625, 2.4480702800231993e-22, nan 
137.125, 85.625, 2.3273667187163674e-22, nan 
137.375, 85.625, 2.0607472194752262e-22, nan 
137.625, 85.625, 1.7989080016251053e-22, nan 
137.875, 85.625, 1.6832509497952902e-22, nan 
138.125, 85.625, 1.2301643026403579e-22, nan 
138.375, 85.625, 1.0170381705221673e-22, nan 
138.625, 85.625, 8.851912768220338e-23, nan 
138.875, 85.625, 8.042806522160673e-23, nan 
139.125, 85.625, 8.574182629754478e-23, nan 
139.375, 85.625, 8.401352898721163e-23, nan 
139.625, 85.625, 8.367067129334933e-23, nan 
139.875, 85.625, 8.38542570401378e-23, nan 
140.125, 85.625, 8.15254198242083e-23, nan 
140.375, 85.625, 8.216126682057835e-23, nan 
140.625, 85.625, 8.931788388387007e-23, nan 
140.875, 85.625, 8.429537469797942e-23, nan 
141.125, 85.625, 8.402187551317943e-23, nan 
141.375, 85.625, 7.516578913628352e-23, nan 
141.625, 85.625, 6.609223507123161e-23, nan 
141.875, 85.625, 6.104922399200845e-23, nan 
142.125, 85.625, 6.022560810967822e-23, nan 
142.375, 85.625, 6.308151197522556e-23, nan 
142.625, 85.625, 6.499757040046378e-23, nan 
142.875, 85.625, 6.539475659846221e-23, nan 
143.125, 85.625, 6.924433364686999e-23, nan 
143.375, 85.625, 6.894293891966919e-23, nan 
143.625, 85.625, 6.419940845072812e-23, nan 
143.875, 85.625, 6.877369392603553e-23, nan 
144.125, 85.625, 7.426491385194703e-23, nan 
144.375, 85.625, 8.764706323305211e-23, nan 
144.625, 85.625, 8.544244094335682e-23, nan 
144.875, 85.625, 9.164638541556383e-23, nan 
145.125, 85.625, 1.1019226634406653e-22, nan 
145.375, 85.625, 1.3935115443832872e-22, nan 
145.625, 85.625, 1.5177169288610296e-22, nan 
145.875, 85.625, 1.69393690989559e-22, nan 
146.125, 85.625, 1.8414730649121763e-22, nan 
146.375, 85.625, 2.1938240749002926e-22, nan 
146.625, 85.625, 2.6133514529934147e-22, nan 
146.875, 85.625, 2.8944860163330836e-22, nan 
147.125, 85.625, 3.063184354954049e-22, nan 
147.375, 85.625, 3.04819411206153e-22, nan 
147.625, 85.625, 2.7858021107829796e-22, nan 
147.875, 85.625, 2.5573098953172345e-22, nan 
148.125, 85.625, 2.315812655723573e-22, nan 
148.375, 85.625, 2.236969095893668e-22, nan 
148.625, 85.625, 2.1508602795468616e-22, nan 
148.875, 85.625, 2.047334862697262e-22, nan 
149.125, 85.625, 1.9131475636734502e-22, nan 
149.375, 85.625, 1.5803811770330014e-22, nan 
149.625, 85.625, 2.0833100215496649e-22, nan 
149.875, 85.625, 3.0929497019073703e-22, nan 
150.125, 85.625, 3.85320603008162e-22, nan 
150.375, 85.625, 4.376856989474223e-22, nan 
150.625, 85.625, 4.500650422478046e-22, nan 
150.875, 85.625, 4.286075461812149e-22, nan 
151.125, 85.625, 4.193426320817942e-22, nan 
151.375, 85.625, 3.93164097162709e-22, nan 
151.625, 85.625, 3.8915009175664526e-22, nan 
151.875, 85.625, 3.812596733993221e-22, nan 
152.125, 85.625, 3.715835862153204e-22, nan 
152.375, 85.625, 3.4688207233144224e-22, nan 
152.625, 85.625, 2.5213118355026754e-22, nan 
152.875, 85.625, 2.1122067345322598e-22, nan 
153.125, 85.625, 2.7205430753702006e-22, nan 
153.375, 85.625, 3.2099743673577855e-22, nan 
153.625, 85.625, 3.5274926678577313e-22, nan 
153.875, 85.625, 3.6348168716784734e-22, nan 
154.125, 85.625, 3.5169476882860416e-22, nan 
154.375, 85.625, 3.4313491786187164e-22, nan 
154.625, 85.625, 3.2999386779723323e-22, nan 
154.875, 85.625, 3.319511241622896e-22, nan 
155.125, 85.625, 3.2536239153965674e-22, nan 
155.375, 85.625, 3.1707198463720664e-22, nan 
155.625, 85.625, 3.1551181322973055e-22, nan 
155.875, 85.625, 2.735092401498144e-22, nan 
156.125, 85.625, 2.3004981900925027e-22, nan 
156.375, 85.625, 2.3591785348798963e-22, nan 
156.625, 85.625, 2.3241434040701684e-22, nan 
156.875, 85.625, 2.228206073082202e-22, nan 
157.125, 85.625, 1.9848593777780744e-22, nan 
157.375, 85.625, 2.0068554075413558e-22, nan 
157.625, 85.625, 1.5448918288951935e-22, nan 
157.875, 85.625, 1.3653313030906408e-22, nan 
158.125, 85.625, 8.57800661250605e-23, nan 
158.375, 85.625, 4.534656390074058e-23, nan 
158.625, 85.625, 9.204087146622472e-24, nan 
158.875, 85.625, 1.1758813052600368e-23, nan 
159.125, 85.625, 7.304294850154858e-24, nan 
159.375, 85.625, 8.597723563678709e-24, nan 
159.625, 85.625, 8.275984432997007e-24, nan 
159.875, 85.625, 8.077322321852948e-24, nan 
160.125, 85.625, 1.0086457865834886e-23, nan 
160.375, 85.625, 1.434058531165472e-23, nan 
160.625, 85.625, 1.7948247810157912e-23, nan 
160.875, 85.625, 2.2476344954645418e-23, nan 
161.125, 85.625, 2.974287144113851e-23, nan 
161.375, 85.625, 3.7422508933714556e-23, nan 
161.625, 85.625, 4.42709354867556e-23, nan 
161.875, 85.625, 5.40009411214417e-23, nan 
162.125, 85.625, 6.46642718543864e-23, nan 
162.375, 85.625, 7.226527883007761e-23, nan 
162.625, 85.625, 7.619876872769463e-23, nan 
162.875, 85.625, 7.630782798854654e-23, nan 
163.125, 85.625, 7.432478821117466e-23, nan 
163.375, 85.625, 7.424484777192376e-23, nan 
163.625, 85.625, 6.7675560939029e-23, nan 
163.875, 85.625, 6.220892109839405e-23, nan 
164.125, 85.625, 5.662830457430504e-23, nan 
164.375, 85.625, 6.509625027442576e-23, nan 
164.625, 85.625, 9.756959538790129e-23, nan 
164.875, 85.625, 1.3481095126504593e-22, nan 
165.125, 85.625, 1.4978726210466442e-22, nan 
165.375, 85.625, 1.5565683489848835e-22, nan 
165.625, 85.625, 1.5638267907150061e-22, nan 
165.875, 85.625, 1.5585481438881528e-22, nan 
166.125, 85.625, 1.5410354606888052e-22, nan 
166.375, 85.625, 1.557545386396291e-22, nan 
166.625, 85.625, 1.5768376345484276e-22, nan 
166.875, 85.625, 1.6659180087217657e-22, nan 
167.125, 85.625, 1.7100615399219764e-22, nan 
167.375, 85.625, 1.878594404250079e-22, nan 
167.625, 85.625, 1.7149665613645008e-22, nan 
167.875, 85.625, 1.4532733631859215e-22, nan 
168.125, 85.625, 1.5692598093858712e-22, nan 
168.375, 85.625, 1.7222956541067796e-22, nan 
168.625, 85.625, 1.924833160820619e-22, nan 
168.875, 85.625, 2.183971794239596e-22, nan 
169.125, 85.625, 2.3742819225360077e-22, nan 
169.375, 85.625, 2.402299287883229e-22, nan 
169.625, 85.625, 2.4799343559865393e-22, nan 
169.875, 85.625, 2.5579355471703846e-22, nan 
170.125, 85.625, 2.789013645390815e-22, nan 
170.375, 85.625, 2.904222703781911e-22, nan 
170.625, 85.625, 3.0015746899030174e-22, nan 
170.875, 85.625, 2.917400496831182e-22, nan 
171.125, 85.625, 2.5497175429538693e-22, nan 
171.375, 85.625, 2.1840946497641466e-22, nan 
171.625, 85.625, 1.8494183287824609e-22, nan 
171.875, 85.625, 1.703512620058637e-22, nan 
172.125, 85.625, 2.025069465081501e-22, nan 
172.375, 85.625, 2.39459634243025e-22, nan 
172.625, 85.625, 2.3865782880873166e-22, nan 
172.875, 85.625, 2.3345789208065986e-22, nan 
173.125, 85.625, 2.2227751651117034e-22, nan 
173.375, 85.625, 2.1797760362542464e-22, nan 
173.625, 85.625, 2.1350913288107027e-22, nan 
173.875, 85.625, 2.120287631143481e-22, nan 
174.125, 85.625, 2.1466205357500114e-22, nan 
174.375, 85.625, 2.1506484591127805e-22, nan 
174.625, 85.625, 2.1194008867066734e-22, nan 
174.875, 85.625, 1.9503253690795286e-22, nan 
175.125, 85.625, 1.745323373895038e-22, nan 
175.375, 85.625, 1.650297033502365e-22, nan 
175.625, 85.625, 1.6899044224667633e-22, nan 
175.875, 85.625, 1.8290108455427732e-22, nan 
176.125, 85.625, 2.0351080470478276e-22, nan 
176.375, 85.625, 2.2271520193003538e-22, nan 
176.625, 85.625, 2.2815823395747896e-22, nan 
176.875, 85.625, 1.2876908457194876e-22, nan 
177.125, 85.625, 1.3462153084542925e-22, nan 
177.375, 85.625, 1.5308883091010183e-22, nan 
177.625, 85.625, 1.831957805519023e-22, nan 
177.875, 85.625, 2.0739961909525672e-22, nan 
178.125, 85.625, 2.163328658749972e-22, nan 
178.375, 85.625, 2.2938033726835947e-22, nan 
178.625, 85.625, 2.469490808113296e-22, nan 
178.875, 85.625, 2.6655711191317584e-22, nan 
179.125, 85.625, 2.888311879373057e-22, nan 
179.375, 85.625, 3.137238075784969e-22, nan 
179.625, 85.625, 3.593008243247775e-22, nan 
179.875, 85.625, 3.8405396118797105e-22, nan 
-179.875, 85.875, 2.2822775317436145e-22, nan 
-179.625, 85.875, 2.172600512248934e-22, nan 
-179.375, 85.875, 2.0678549120331462e-22, nan 
-179.125, 85.875, 1.9213842298761054e-22, nan 
-178.875, 85.875, 1.6425893395962417e-22, nan 
-178.625, 85.875, 1.7841566223607878e-22, nan 
-178.375, 85.875, 1.9951240386375616e-22, nan 
-178.125, 85.875, 2.0339431004690035e-22, nan 
-177.875, 85.875, 1.9937174810710804e-22, nan 
-177.625, 85.875, 1.9486832091089806e-22, nan 
-177.375, 85.875, 1.8213587539589776e-22, nan 
-177.125, 85.875, 1.630660385307662e-22, nan 
-176.875, 85.875, 1.438569132991486e-22, nan 
-176.625, 85.875, 1.2216024190782773e-22, nan 
-176.375, 85.875, 1.0593941512754964e-22, nan 
-176.125, 85.875, 8.921641581066364e-23, nan 
-175.875, 85.875, 7.736204499220321e-23, nan 
-175.625, 85.875, 6.021031814797283e-23, nan 
-175.375, 85.875, 3.331424469925859e-23, nan 
-175.125, 85.875, 8.370804767465748e-24, nan 
-174.875, 85.875, 9.853800497880393e-24, nan 
-174.625, 85.875, 1.2407182609115598e-23, nan 
-174.375, 85.875, 1.3639601093839752e-23, nan 
-174.125, 85.875, 1.409359978878924e-23, nan 
-173.875, 85.875, 1.3939334704204098e-23, nan 
-173.625, 85.875, 1.347845201297315e-23, nan 
-173.375, 85.875, 1.2365170863009431e-23, nan 
-173.125, 85.875, 1.1036891034228127e-23, nan 
-172.875, 85.875, 1.0552437115178662e-23, nan 
-172.625, 85.875, 1.0598449570421416e-23, nan 
-172.375, 85.875, 1.1247771022861285e-23, nan 
-172.125, 85.875, 1.2825127188137653e-23, nan 
-171.875, 85.875, 1.5289793417484902e-23, nan 
-171.625, 85.875, 1.6895072973693834e-23, nan 
-171.375, 85.875, 1.9704300766140425e-23, nan 
-171.125, 85.875, 2.399732235603908e-23, nan 
-170.875, 85.875, 2.8361101529300236e-23, nan 
-170.625, 85.875, 3.4501657504978705e-23, nan 
-170.375, 85.875, 4.01612574277956e-23, nan 
-170.125, 85.875, 4.736663424997197e-23, nan 
-169.875, 85.875, 4.6923593477630357e-23, nan 
-169.625, 85.875, 4.454835266404153e-23, nan 
-169.375, 85.875, 4.336484968009149e-23, nan 
-169.125, 85.875, 4.096589728811957e-23, nan 
-168.875, 85.875, 4.0801375885236044e-23, nan 
-168.625, 85.875, 4.1339233553485736e-23, nan 
-168.375, 85.875, 4.034614910141958e-23, nan 
-168.125, 85.875, 3.969581064511928e-23, nan 
-167.875, 85.875, 3.322421131240685e-23, nan 
-167.625, 85.875, 2.808436449734533e-23, nan 
-167.375, 85.875, 3.688518353421911e-23, nan 
-167.125, 85.875, 4.689930853221955e-23, nan 
-166.875, 85.875, 6.050159688498044e-23, nan 
-166.625, 85.875, 6.349541555156414e-23, nan 
-166.375, 85.875, 6.74852820535638e-23, nan 
-166.125, 85.875, 7.511787596372248e-23, nan 
-165.875, 85.875, 7.736032784528091e-23, nan 
-165.625, 85.875, 8.067783848944363e-23, nan 
-165.375, 85.875, 8.995031508274312e-23, nan 
-165.125, 85.875, 9.471506938771313e-23, nan 
-164.875, 85.875, 9.627995000353787e-23, nan 
-164.625, 85.875, 8.473092458413552e-23, nan 
-164.375, 85.875, 6.121273794157857e-23, nan 
-164.125, 85.875, 5.460654300953534e-23, nan 
-163.875, 85.875, 5.448709338869213e-23, nan 
-163.625, 85.875, 5.545267170357672e-23, nan 
-163.375, 85.875, 5.569082933942881e-23, nan 
-163.125, 85.875, 6.158792881304158e-23, nan 
-162.875, 85.875, 7.12605762685835e-23, nan 
-162.625, 85.875, 7.529199983753667e-23, nan 
-162.375, 85.875, 7.750867673075896e-23, nan 
-162.125, 85.875, 7.96529273428528e-23, nan 
-161.875, 85.875, 8.227163722705823e-23, nan 
-161.625, 85.875, 8.285846216708307e-23, nan 
-161.375, 85.875, 7.846794179710259e-23, nan 
-161.125, 85.875, 7.088263749862468e-23, nan 
-160.875, 85.875, 6.850875992394834e-23, nan 
-160.625, 85.875, 6.61734182096777e-23, nan 
-160.375, 85.875, 6.585179252377638e-23, nan 
-160.125, 85.875, 6.422221415080435e-23, nan 
-159.875, 85.875, 6.020428145774339e-23, nan 
-159.625, 85.875, 5.68886289693907e-23, nan 
-159.375, 85.875, 4.9842561508653146e-23, nan 
-159.125, 85.875, 3.832184317085234e-23, nan 
-158.875, 85.875, 2.139437633625013e-23, nan 
-158.625, 85.875, 1.3080483121458412e-23, nan 
-158.375, 85.875, 9.495058164464746e-24, nan 
-158.125, 85.875, 6.840375105274441e-24, nan 
-157.875, 85.875, 6.807681561486497e-24, nan 
-157.625, 85.875, 7.536211089913595e-24, nan 
-157.375, 85.875, 9.098077289222389e-24, nan 
-157.125, 85.875, 1.6099575716440744e-23, nan 
-156.875, 85.875, 1.4390152119573697e-23, nan 
-156.625, 85.875, 1.0528744255094172e-23, nan 
-156.375, 85.875, 1.015682519302554e-23, nan 
-156.125, 85.875, 8.285126893296188e-24, nan 
-155.875, 85.875, 5.550398454382098e-24, nan 
-155.625, 85.875, 6.317433130774805e-24, nan 
-155.375, 85.875, 6.891751882881362e-24, nan 
-155.125, 85.875, 7.166654284905593e-24, nan 
-154.875, 85.875, 7.517026636966028e-24, nan 
-154.625, 85.875, 8.34616404386917e-24, nan 
-154.375, 85.875, 8.497603956558969e-24, nan 
-154.125, 85.875, 8.633640641258177e-24, nan 
-153.875, 85.875, 9.212069849015232e-24, nan 
-153.625, 85.875, 7.848610729215405e-24, nan 
-153.375, 85.875, 6.77375457008346e-24, nan 
-153.125, 85.875, 7.11223141845749e-24, nan 
-152.875, 85.875, 5.991399480144177e-24, nan 
-152.625, 85.875, 5.5710687135681306e-24, nan 
-152.375, 85.875, 4.7496401278340676e-24, nan 
-152.125, 85.875, 3.645188202408324e-24, nan 
-151.875, 85.875, 2.7042403347797585e-24, nan 
-151.625, 85.875, 5.996950265629423e-24, nan 
-151.375, 85.875, 9.286620478466251e-24, nan 
-151.125, 85.875, 1.1467756611638785e-23, nan 
-150.875, 85.875, 1.2135235270239735e-23, nan 
-150.625, 85.875, 1.3157188601803666e-23, nan 
-150.375, 85.875, 1.506809030331867e-23, nan 
-150.125, 85.875, 1.7081232942177082e-23, nan 
-149.875, 85.875, 1.8356282956642737e-23, nan 
-149.625, 85.875, 1.8295503782312354e-23, nan 
-149.375, 85.875, 1.8748223894541384e-23, nan 
-149.125, 85.875, 1.9055783922252168e-23, nan 
-148.875, 85.875, 1.8046202796117974e-23, nan 
-148.625, 85.875, 1.8056961346213338e-23, nan 
-148.375, 85.875, 1.8446115527701614e-23, nan 
-148.125, 85.875, 1.79886711470766e-23, nan 
-147.875, 85.875, 1.7696024059567394e-23, nan 
-147.625, 85.875, 1.6945100185797084e-23, nan 
-147.375, 85.875, 1.4322322936296737e-23, nan 
-147.125, 85.875, 1.152624523687167e-23, nan 
-146.875, 85.875, 1.487937296385985e-23, nan 
-146.625, 85.875, 1.781155584000989e-23, nan 
-146.375, 85.875, 1.8132491008243785e-23, nan 
-146.125, 85.875, 1.8471309875932626e-23, nan 
-145.875, 85.875, 1.8615110970543382e-23, nan 
-145.625, 85.875, 1.8039009831925502e-23, nan 
-145.375, 85.875, 1.7994287682000246e-23, nan 
-145.125, 85.875, 1.768443504156348e-23, nan 
-144.875, 85.875, 1.7262952025030293e-23, nan 
-144.625, 85.875, 1.6938534341739443e-23, nan 
-144.375, 85.875, 1.698644254935177e-23, nan 
-144.125, 85.875, 1.6124241163928654e-23, nan 
-143.875, 85.875, 1.3474238125731075e-23, nan 
-143.625, 85.875, 1.2393026449962589e-23, nan 
-143.375, 85.875, 1.1502969422781492e-23, nan 
-143.125, 85.875, 9.000435466503696e-24, nan 
-142.875, 85.875, 8.330472278165656e-24, nan 
-142.625, 85.875, 8.841283795758891e-24, nan 
-142.375, 85.875, 9.241350251112306e-24, nan 
-142.125, 85.875, 8.959411203540841e-24, nan 
-141.875, 85.875, 8.328939098066847e-24, nan 
-141.625, 85.875, 7.753345731503554e-24, nan 
-141.375, 85.875, 6.908590734731072e-24, nan 
-141.125, 85.875, 5.489525132574352e-24, nan 
-140.875, 85.875, 5.6430425439098174e-24, nan 
-140.625, 85.875, 7.233422528807943e-24, nan 
-140.375, 85.875, 9.639773814279506e-24, nan 
-140.125, 85.875, 1.0296842148823342e-23, nan 
-139.875, 85.875, 1.1493664370261934e-23, nan 
-139.625, 85.875, 1.3024329669506541e-23, nan 
-139.375, 85.875, 1.4420911434154034e-23, nan 
-139.125, 85.875, 1.5519661692611766e-23, nan 
-138.875, 85.875, 1.540466299154422e-23, nan 
-138.625, 85.875, 1.4908970212305782e-23, nan 
-138.375, 85.875, 1.4271727364204886e-23, nan 
-138.125, 85.875, 1.4099988169796543e-23, nan 
-137.875, 85.875, 1.3852126074988768e-23, nan 
-137.625, 85.875, 1.3819035693132384e-23, nan 
-137.375, 85.875, 1.3815798469602526e-23, nan 
-137.125, 85.875, 1.4464180297049765e-23, nan 
-136.875, 85.875, 1.6433781521245904e-23, nan 
-136.625, 85.875, 1.944194871234299e-23, nan 
-136.375, 85.875, 2.070123768002134e-23, nan 
-136.125, 85.875, 2.1810822589574235e-23, nan 
-135.875, 85.875, 2.288968179310574e-23, nan 
-135.625, 85.875, 2.1999198344073542e-23, nan 
-135.375, 85.875, 2.0369958987243395e-23, nan 
-135.125, 85.875, 1.828536058190541e-23, nan 
-134.875, 85.875, 1.6952063452945275e-23, nan 
-134.625, 85.875, 1.481763944471336e-23, nan 
-134.375, 85.875, 1.1233833144776801e-23, nan 
-134.125, 85.875, 9.605853376469642e-24, nan 
-133.875, 85.875, 9.96592564115963e-24, nan 
-133.625, 85.875, 1.3117575467771465e-23, nan 
-133.375, 85.875, 1.736177032321782e-23, nan 
-133.125, 85.875, 1.8949402921387425e-23, nan 
-132.875, 85.875, 2.0992108813835065e-23, nan 
-132.625, 85.875, 2.3532101374306278e-23, nan 
-132.375, 85.875, 2.488635274966144e-23, nan 
-132.125, 85.875, 2.4347840354505914e-23, nan 
-131.875, 85.875, 2.3673388255633344e-23, nan 
-131.625, 85.875, 2.1644466816299505e-23, nan 
-131.375, 85.875, 1.8358447626573298e-23, nan 
-131.125, 85.875, 1.428072860837489e-23, nan 
-130.875, 85.875, 1.0876314423526048e-23, nan 
-130.625, 85.875, 9.142470272581758e-24, nan 
-130.375, 85.875, 9.913738177201675e-24, nan 
-130.125, 85.875, 1.1658003354071793e-23, nan 
-129.875, 85.875, 1.25731372493082e-23, nan 
-129.625, 85.875, 1.4428041749160453e-23, nan 
-129.375, 85.875, 1.738326524323852e-23, nan 
-129.125, 85.875, 2.0850766557253334e-23, nan 
-128.875, 85.875, 2.1905483236122958e-23, nan 
-128.625, 85.875, 2.2208174976950167e-23, nan 
-128.375, 85.875, 2.0786106206338048e-23, nan 
-128.125, 85.875, 1.7192441008217034e-23, nan 
-127.875, 85.875, 1.3850786788952075e-23, nan 
-127.625, 85.875, 1.2830826146573871e-23, nan 
-127.375, 85.875, 1.330728489686011e-23, nan 
-127.125, 85.875, 1.4747870899461165e-23, nan 
-126.875, 85.875, 1.6133667405840552e-23, nan 
-126.625, 85.875, 1.761453301807296e-23, nan 
-126.375, 85.875, 1.943905832622704e-23, nan 
-126.125, 85.875, 2.1207418355195034e-23, nan 
-125.875, 85.875, 2.31196584906136e-23, nan 
-125.625, 85.875, 2.475341990129924e-23, nan 
-125.375, 85.875, 2.618648026893089e-23, nan 
-125.125, 85.875, 2.613038369010464e-23, nan 
-124.875, 85.875, 2.4594001584638817e-23, nan 
-124.625, 85.875, 2.1815612697539796e-23, nan 
-124.375, 85.875, 2.06477247461321e-23, nan 
-124.125, 85.875, 2.0455654642541788e-23, nan 
-123.875, 85.875, 2.1219147067233832e-23, nan 
-123.625, 85.875, 2.1260971960078949e-23, nan 
-123.375, 85.875, 2.1116302994914154e-23, nan 
-123.125, 85.875, 2.00841280052636e-23, nan 
-122.875, 85.875, 1.8108231977736383e-23, nan 
-122.625, 85.875, 1.7749547940879692e-23, nan 
-122.375, 85.875, 1.762945574690404e-23, nan 
-122.125, 85.875, 1.7951327974880722e-23, nan 
-121.875, 85.875, 1.759732234572736e-23, nan 
-121.625, 85.875, 1.6117784954634875e-23, nan 
-121.375, 85.875, 1.2959555260002166e-23, nan 
-121.125, 85.875, 1.0051894263183563e-23, nan 
-120.875, 85.875, 8.262220486787854e-24, nan 
-120.625, 85.875, 6.93102632082451e-24, nan 
-120.375, 85.875, 6.896431241106932e-24, nan 
-120.125, 85.875, 6.825594573389421e-24, nan 
-119.875, 85.875, 6.3895836274681794e-24, nan 
-119.625, 85.875, 6.374763390280938e-24, nan 
-119.375, 85.875, 6.344048138192109e-24, nan 
-119.125, 85.875, 6.261701629953602e-24, nan 
-118.875, 85.875, 6.114836663054375e-24, nan 
-118.625, 85.875, 6.013653467346661e-24, nan 
-118.375, 85.875, 5.962752022183702e-24, nan 
-118.125, 85.875, 5.978530498938635e-24, nan 
-117.875, 85.875, 5.778641926666129e-24, nan 
-117.625, 85.875, 5.797697489725308e-24, nan 
-117.375, 85.875, 5.900241310503075e-24, nan 
-117.125, 85.875, 6.322433900925818e-24, nan 
-116.875, 85.875, 6.612324104206851e-24, nan 
-116.625, 85.875, 6.4836477599931035e-24, nan 
-116.375, 85.875, 6.4526198711934706e-24, nan 
-116.125, 85.875, 6.249016791350273e-24, nan 
-115.875, 85.875, 6.044829107466893e-24, nan 
-115.625, 85.875, 6.317609360710092e-24, nan 
-115.375, 85.875, 7.044578883652074e-24, nan 
-115.125, 85.875, 7.2829540779276e-24, nan 
-114.875, 85.875, 7.221044521657012e-24, nan 
-114.625, 85.875, 6.154782681057055e-24, nan 
-114.375, 85.875, 4.9892046174447086e-24, nan 
-114.125, 85.875, 3.98706485755819e-24, nan 
-113.875, 85.875, 2.977107833305684e-24, nan 
-113.625, 85.875, 2.4582823502591785e-24, nan 
-113.375, 85.875, 2.281623890576081e-24, nan 
-113.125, 85.875, 2.3105364499838062e-24, nan 
-112.875, 85.875, 2.434878403533271e-24, nan 
-112.625, 85.875, 2.575095625904891e-24, nan 
-112.375, 85.875, 3.0039175159034047e-24, nan 
-112.125, 85.875, 3.7581116301198295e-24, nan 
-111.875, 85.875, 4.281797472415967e-24, nan 
-111.625, 85.875, 4.2854512967390685e-24, nan 
-111.375, 85.875, 4.7811275959426566e-24, nan 
-111.125, 85.875, 5.6150171716983535e-24, nan 
-110.875, 85.875, 6.219075072280777e-24, nan 
-110.625, 85.875, 6.355046107011988e-24, nan 
-110.375, 85.875, 6.521681953454837e-24, nan 
-110.125, 85.875, 5.7985189997265016e-24, nan 
-109.875, 85.875, 5.24326864706579e-24, nan 
-109.625, 85.875, 4.4344928992538506e-24, nan 
-109.375, 85.875, 2.9821578552630894e-24, nan 
-109.125, 85.875, 4.383455861820071e-24, nan 
-108.875, 85.875, 4.994658209660698e-24, nan 
-108.625, 85.875, 5.162334744859987e-24, nan 
-108.375, 85.875, 5.947993096610429e-24, nan 
-108.125, 85.875, 7.898731695894521e-24, nan 
-107.875, 85.875, 9.853468527972403e-24, nan 
-107.625, 85.875, 1.1202600223939129e-23, nan 
-107.375, 85.875, 1.2101617010438933e-23, nan 
-107.125, 85.875, 1.3158513999442436e-23, nan 
-106.875, 85.875, 1.2185424161675919e-23, nan 
-106.625, 85.875, 1.1243213010025253e-23, nan 
-106.375, 85.875, 9.885880656043495e-24, nan 
-106.125, 85.875, 5.688599673454755e-24, nan 
-105.875, 85.875, 6.001453096976891e-24, nan 
-105.625, 85.875, 6.539054102236232e-24, nan 
-105.375, 85.875, 6.987386464561213e-24, nan 
-105.125, 85.875, 7.781389739288714e-24, nan 
-104.875, 85.875, 8.591339404224522e-24, nan 
-104.625, 85.875, 8.946793874439303e-24, nan 
-104.375, 85.875, 8.985375935837425e-24, nan 
-104.125, 85.875, 9.456517686888655e-24, nan 
-103.875, 85.875, 1.0047326174151871e-23, nan 
-103.625, 85.875, 8.862907313994694e-24, nan 
-103.375, 85.875, 7.530658961669554e-24, nan 
-103.125, 85.875, 6.859929441948486e-24, nan 
-102.875, 85.875, 4.2574039482803054e-24, nan 
-102.625, 85.875, 4.1054055483222605e-24, nan 
-102.375, 85.875, 5.372987741081043e-24, nan 
-102.125, 85.875, 6.492817653836851e-24, nan 
-101.875, 85.875, 8.151332034609523e-24, nan 
-101.625, 85.875, 7.572970300384422e-24, nan 
-101.375, 85.875, 7.191640142593516e-24, nan 
-101.125, 85.875, 6.344130264262679e-24, nan 
-100.875, 85.875, 5.526838475816917e-24, nan 
-100.625, 85.875, 6.2401773855098045e-24, nan 
-100.375, 85.875, 5.221452668573168e-24, nan 
-100.125, 85.875, 5.419093359071784e-24, nan 
-99.875, 85.875, 6.687384274332901e-24, nan 
-99.625, 85.875, 9.196388383248848e-24, nan 
-99.375, 85.875, 1.2171407732710105e-23, nan 
-99.125, 85.875, 1.54168061534737e-23, nan 
-98.875, 85.875, 1.8271099086039522e-23, nan 
-98.625, 85.875, 2.1329672098023056e-23, nan 
-98.375, 85.875, 2.1718957745042855e-23, nan 
-98.125, 85.875, 2.0589793052068695e-23, nan 
-97.875, 85.875, 1.8163175309773376e-23, nan 
-97.625, 85.875, 1.4125961104657616e-23, nan 
-97.375, 85.875, 1.1157579521166293e-23, nan 
-97.125, 85.875, 9.117743444211822e-24, nan 
-96.875, 85.875, 8.849874911916938e-24, nan 
-96.625, 85.875, 8.828534432231464e-24, nan 
-96.375, 85.875, 9.473520975539682e-24, nan 
-96.125, 85.875, 1.1456513214424346e-23, nan 
-95.875, 85.875, 1.32276246367878e-23, nan 
-95.625, 85.875, 1.4782703310337788e-23, nan 
-95.375, 85.875, 1.5840429985960715e-23, nan 
-95.125, 85.875, 1.64922423035515e-23, nan 
-94.875, 85.875, 1.62837100012052e-23, nan 
-94.625, 85.875, 1.5029850958495675e-23, nan 
-94.375, 85.875, 1.2606780755244883e-23, nan 
-94.125, 85.875, 1.0648049675893527e-23, nan 
-93.875, 85.875, 9.581942979524148e-24, nan 
-93.625, 85.875, 9.22976884920211e-24, nan 
-93.375, 85.875, 8.719715573976177e-24, nan 
-93.125, 85.875, 8.29095396122458e-24, nan 
-92.875, 85.875, 7.813612122623502e-24, nan 
-92.625, 85.875, 8.818881970236475e-24, nan 
-92.375, 85.875, 9.850886272878397e-24, nan 
-92.125, 85.875, 1.0300138925674729e-23, nan 
-91.875, 85.875, 1.0420390304979998e-23, nan 
-91.625, 85.875, 9.695474160221069e-24, nan 
-91.375, 85.875, 8.387724380480357e-24, nan 
-91.125, 85.875, 7.800578629490729e-24, nan 
-90.875, 85.875, 8.177586892228343e-24, nan 
-90.625, 85.875, 8.776704883819488e-24, nan 
-90.375, 85.875, 8.783933881378985e-24, nan 
-90.125, 85.875, 8.535504526575684e-24, nan 
-89.875, 85.875, 8.239750402598169e-24, nan 
-89.625, 85.875, 8.307605081543767e-24, nan 
-89.375, 85.875, 8.267786065932793e-24, nan 
-89.125, 85.875, 8.288109135171293e-24, nan 
-88.875, 85.875, 8.416813735135458e-24, nan 
-88.625, 85.875, 8.336078813939822e-24, nan 
-88.375, 85.875, 7.66887293182518e-24, nan 
-88.125, 85.875, 7.141962449584928e-24, nan 
-87.875, 85.875, 6.919813836075515e-24, nan 
-87.625, 85.875, 6.4549949021928106e-24, nan 
-87.375, 85.875, 6.0327420655774925e-24, nan 
-87.125, 85.875, 5.966623893862103e-24, nan 
-86.875, 85.875, 5.871247713034912e-24, nan 
-86.625, 85.875, 5.6925297403724255e-24, nan 
-86.375, 85.875, 5.7443664310968196e-24, nan 
-86.125, 85.875, 5.9677501355364624e-24, nan 
-85.875, 85.875, 5.9821618893855214e-24, nan 
-85.625, 85.875, 6.165407599523119e-24, nan 
-85.375, 85.875, 6.2348086024161e-24, nan 
-85.125, 85.875, 6.049780655186796e-24, nan 
-84.875, 85.875, 6.02896467845719e-24, nan 
-84.625, 85.875, 6.022801679823148e-24, nan 
-84.375, 85.875, 5.960522704734024e-24, nan 
-84.125, 85.875, 5.728080623803657e-24, nan 
-83.875, 85.875, 5.676674794674528e-24, nan 
-83.625, 85.875, 5.428801131892397e-24, nan 
-83.375, 85.875, 5.292823185170213e-24, nan 
-83.125, 85.875, 5.073598717902245e-24, nan 
-82.875, 85.875, 5.04968800443082e-24, nan 
-82.625, 85.875, 5.190553019642326e-24, nan 
-82.375, 85.875, 5.3050380355386596e-24, nan 
-82.125, 85.875, 5.575820861877616e-24, nan 
-81.875, 85.875, 5.607183070428036e-24, nan 
-81.625, 85.875, 5.674719910312935e-24, nan 
-81.375, 85.875, 5.7577520653061424e-24, nan 
-81.125, 85.875, 5.7688789820529165e-24, nan 
-80.875, 85.875, 5.6964724907156624e-24, nan 
-80.625, 85.875, 5.4061238007075e-24, nan 
-80.375, 85.875, 4.920083896899017e-24, nan 
-80.125, 85.875, 4.5846074615172915e-24, nan 
-79.875, 85.875, 4.584431364254029e-24, nan 
-79.625, 85.875, 4.829658277626968e-24, nan 
-79.375, 85.875, 4.920677408635632e-24, nan 
-79.125, 85.875, 5.136590112431827e-24, nan 
-78.875, 85.875, 5.775773642156744e-24, nan 
-78.625, 85.875, 6.2371502291072635e-24, nan 
-78.375, 85.875, 7.02119888130738e-24, nan 
-78.125, 85.875, 7.798148830122825e-24, nan 
-77.875, 85.875, 8.450765388212405e-24, nan 
-77.625, 85.875, 8.599196171055073e-24, nan 
-77.375, 85.875, 8.678761531947668e-24, nan 
-77.125, 85.875, 8.586474754863466e-24, nan 
-76.875, 85.875, 8.354950062823902e-24, nan 
-76.625, 85.875, 8.246649844598743e-24, nan 
-76.375, 85.875, 8.438429360519965e-24, nan 
-76.125, 85.875, 8.03850836001708e-24, nan 
-75.875, 85.875, 7.446243890374602e-24, nan 
-75.625, 85.875, 7.887975530006067e-24, nan 
-75.375, 85.875, 7.661878560023438e-24, nan 
-75.125, 85.875, 7.915967243185607e-24, nan 
-74.875, 85.875, 7.726842776782417e-24, nan 
-74.625, 85.875, 7.627196100414049e-24, nan 
-74.375, 85.875, 7.793545501655683e-24, nan 
-74.125, 85.875, 7.840555628199618e-24, nan 
-73.875, 85.875, 7.719098603602827e-24, nan 
-73.625, 85.875, 7.697646467308993e-24, nan 
-73.375, 85.875, 8.094509379553174e-24, nan 
-73.125, 85.875, 8.613721939898435e-24, nan 
-72.875, 85.875, 8.888524204003647e-24, nan 
-72.625, 85.875, 8.928008478083477e-24, nan 
-72.375, 85.875, 9.226992408432884e-24, nan 
-72.125, 85.875, 9.351443949640918e-24, nan 
-71.875, 85.875, 9.428990910467885e-24, nan 
-71.625, 85.875, 9.609740044354838e-24, nan 
-71.375, 85.875, 9.840143377925675e-24, nan 
-71.125, 85.875, 9.771736662505425e-24, nan 
-70.875, 85.875, 9.355962767448743e-24, nan 
-70.625, 85.875, 8.949262101887236e-24, nan 
-70.375, 85.875, 8.879312961479197e-24, nan 
-70.125, 85.875, 9.150913621420865e-24, nan 
-69.875, 85.875, 9.515288678775434e-24, nan 
-69.625, 85.875, 9.208141784433946e-24, nan 
-69.375, 85.875, 8.731865244437591e-24, nan 
-69.125, 85.875, 8.267319538936277e-24, nan 
-68.875, 85.875, 7.923983339854234e-24, nan 
-68.625, 85.875, 7.694545860934687e-24, nan 
-68.375, 85.875, 7.107976462283102e-24, nan 
-68.125, 85.875, 6.81478260416786e-24, nan 
-67.875, 85.875, 6.4415491477062534e-24, nan 
-67.625, 85.875, 5.5630060332946404e-24, nan 
-67.375, 85.875, 4.376168978556889e-24, nan 
-67.125, 85.875, 2.7878998104986263e-24, nan 
-66.875, 85.875, 4.372400506914843e-24, nan 
-66.625, 85.875, 6.0872644209250004e-24, nan 
-66.375, 85.875, 6.956523899225118e-24, nan 
-66.125, 85.875, 7.505205888348092e-24, nan 
-65.875, 85.875, 9.658468029307145e-24, nan 
-65.625, 85.875, 1.0473308967872027e-23, nan 
-65.375, 85.875, 1.1186130232674175e-23, nan 
-65.125, 85.875, 1.1784249920663395e-23, nan 
-64.875, 85.875, 1.336772855795989e-23, nan 
-64.625, 85.875, 1.360542701598612e-23, nan 
-64.375, 85.875, 1.363557185946638e-23, nan 
-64.125, 85.875, 1.388464038874574e-23, nan 
-63.875, 85.875, 1.36187223489639e-23, nan 
-63.625, 85.875, 1.380894451585634e-23, nan 
-63.375, 85.875, 1.342275214657335e-23, nan 
-63.125, 85.875, 1.2807539487866478e-23, nan 
-62.875, 85.875, 1.2167605724596825e-23, nan 
-62.625, 85.875, 1.1137776779078837e-23, nan 
-62.375, 85.875, 1.0524339317804804e-23, nan 
-62.125, 85.875, 1.0132598663778881e-23, nan 
-61.875, 85.875, 9.667023919366337e-24, nan 
-61.625, 85.875, 9.175227259733911e-24, nan 
-61.375, 85.875, 9.414793929621195e-24, nan 
-61.125, 85.875, 9.291295620818692e-24, nan 
-60.875, 85.875, 9.669528065703398e-24, nan 
-60.625, 85.875, 9.990422873710314e-24, nan 
-60.375, 85.875, 1.1228182199727456e-23, nan 
-60.125, 85.875, 1.147218481828032e-23, nan 
-59.875, 85.875, 1.1672573211032432e-23, nan 
-59.625, 85.875, 1.1776894790329419e-23, nan 
-59.375, 85.875, 1.149936466100286e-23, nan 
-59.125, 85.875, 1.1324213329845486e-23, nan 
-58.875, 85.875, 1.088658510932142e-23, nan 
-58.625, 85.875, 1.0521477237883658e-23, nan 
-58.375, 85.875, 9.67788301894819e-24, nan 
-58.125, 85.875, 9.411072039772254e-24, nan 
-57.875, 85.875, 9.303064390393188e-24, nan 
-57.625, 85.875, 9.196509056416391e-24, nan 
-57.375, 85.875, 9.173965594251829e-24, nan 
-57.125, 85.875, 9.368295585573192e-24, nan 
-56.875, 85.875, 9.393232735669614e-24, nan 
-56.625, 85.875, 9.368266384582032e-24, nan 
-56.375, 85.875, 9.340108298768852e-24, nan 
-56.125, 85.875, 9.433214637329924e-24, nan 
-55.875, 85.875, 9.56256326677141e-24, nan 
-55.625, 85.875, 9.705275959236269e-24, nan 
-55.375, 85.875, 9.888766957896211e-24, nan 
-55.125, 85.875, 1.0272667370017217e-23, nan 
-54.875, 85.875, 9.605111686249533e-24, nan 
-54.625, 85.875, 7.472949239775615e-24, nan 
-54.375, 85.875, 6.020649045974158e-24, nan 
-54.125, 85.875, 5.512636662479588e-24, nan 
-53.875, 85.875, 5.204773697266997e-24, nan 
-53.625, 85.875, 5.012103900585797e-24, nan 
-53.375, 85.875, 4.352596217188652e-24, nan 
-53.125, 85.875, 3.9295214471739165e-24, nan 
-52.875, 85.875, 1.1699793156076176e-23, nan 
-52.625, 85.875, 1.8503636738585826e-23, nan 
-52.375, 85.875, 1.949789201804793e-23, nan 
-52.125, 85.875, 2.039071764287373e-23, nan 
-51.875, 85.875, 2.0922530328601715e-23, nan 
-51.625, 85.875, 2.1137048227930833e-23, nan 
-51.375, 85.875, 2.0803336572574807e-23, nan 
-51.125, 85.875, 2.227568660688085e-23, nan 
-50.875, 85.875, 2.410772112956874e-23, nan 
-50.625, 85.875, 2.684241262482464e-23, nan 
-50.375, 85.875, 2.6787383618281783e-23, nan 
-50.125, 85.875, 2.8020827336017096e-23, nan 
-49.875, 85.875, 2.693088408730642e-23, nan 
-49.625, 85.875, 2.5932590622690868e-23, nan 
-49.375, 85.875, 2.4153846341668242e-23, nan 
-49.125, 85.875, 2.3569442678231148e-23, nan 
-48.875, 85.875, 2.2288728073702365e-23, nan 
-48.625, 85.875, 2.1507261682920597e-23, nan 
-48.375, 85.875, 1.9703554615469873e-23, nan 
-48.125, 85.875, 1.9353178943348416e-23, nan 
-47.875, 85.875, 1.921196517765447e-23, nan 
-47.625, 85.875, 2.0144211477015514e-23, nan 
-47.375, 85.875, 2.3718377035668176e-23, nan 
-47.125, 85.875, 2.5749075090067742e-23, nan 
-46.875, 85.875, 2.867391801122188e-23, nan 
-46.625, 85.875, 2.845347428733139e-23, nan 
-46.375, 85.875, 2.811400396658786e-23, nan 
-46.125, 85.875, 2.778612782572972e-23, nan 
-45.875, 85.875, 2.7869402813207814e-23, nan 
-45.625, 85.875, 2.74998128358844e-23, nan 
-45.375, 85.875, 2.758376067993443e-23, nan 
-45.125, 85.875, 2.6405999300405986e-23, nan 
-44.875, 85.875, 2.5913016954873527e-23, nan 
-44.625, 85.875, 2.4794363552046902e-23, nan 
-44.375, 85.875, 2.3708147551445516e-23, nan 
-44.125, 85.875, 2.277853385275217e-23, nan 
-43.875, 85.875, 2.253605092234666e-23, nan 
-43.625, 85.875, 2.2217663904613223e-23, nan 
-43.375, 85.875, 2.2561830123157292e-23, nan 
-43.125, 85.875, 2.281448166609024e-23, nan 
-42.875, 85.875, 2.2763171364326625e-23, nan 
-42.625, 85.875, 2.2815851437373013e-23, nan 
-42.375, 85.875, 2.310382509871093e-23, nan 
-42.125, 85.875, 2.291900382788615e-23, nan 
-41.875, 85.875, 2.2719317889610217e-23, nan 
-41.625, 85.875, 2.2638319205384064e-23, nan 
-41.375, 85.875, 2.248036215009081e-23, nan 
-41.125, 85.875, 2.2424491140504964e-23, nan 
-40.875, 85.875, 2.2953948568786294e-23, nan 
-40.625, 85.875, 2.3416447910171353e-23, nan 
-40.375, 85.875, 2.370439346553893e-23, nan 
-40.125, 85.875, 2.399862917892641e-23, nan 
-39.875, 85.875, 2.4102914733856472e-23, nan 
-39.625, 85.875, 2.4067605001795567e-23, nan 
-39.375, 85.875, 2.5012417584184808e-23, nan 
-39.125, 85.875, 2.4088996652998908e-23, nan 
-38.875, 85.875, 2.294325485592712e-23, nan 
-38.625, 85.875, 2.2508598312476824e-23, nan 
-38.375, 85.875, 2.244284121129044e-23, nan 
-38.125, 85.875, 2.235754763792678e-23, nan 
-37.875, 85.875, 2.2425079987007015e-23, nan 
-37.625, 85.875, 2.2382573720581136e-23, nan 
-37.375, 85.875, 2.2711946683280916e-23, nan 
-37.125, 85.875, 2.391947319581766e-23, nan 
-36.875, 85.875, 2.3748827946353035e-23, nan 
-36.625, 85.875, 2.4101324714791695e-23, nan 
-36.375, 85.875, 2.4970767410910625e-23, nan 
-36.125, 85.875, 2.586685104964476e-23, nan 
-35.875, 85.875, 2.5201495335505404e-23, nan 
-35.625, 85.875, 2.4989344422062393e-23, nan 
-35.375, 85.875, 2.3836254525190572e-23, nan 
-35.125, 85.875, 2.379588277583311e-23, nan 
-34.875, 85.875, 2.361125445373383e-23, nan 
-34.625, 85.875, 2.3331265724926927e-23, nan 
-34.375, 85.875, 2.3064101092645245e-23, nan 
-34.125, 85.875, 2.2732651604552094e-23, nan 
-33.875, 85.875, 2.3157066341157096e-23, nan 
-33.625, 85.875, 2.3467452424824822e-23, nan 
-33.375, 85.875, 2.3019649223165492e-23, nan 
-33.125, 85.875, 2.3526817731924503e-23, nan 
-32.875, 85.875, 2.4681403101332605e-23, nan 
-32.625, 85.875, 2.6563074887961513e-23, nan 
-32.375, 85.875, 2.598177734842338e-23, nan 
-32.125, 85.875, 2.5759477989828526e-23, nan 
-31.875, 85.875, 2.6573848178358884e-23, nan 
-31.625, 85.875, 2.6211720089346372e-23, nan 
-31.375, 85.875, 2.55083086845109e-23, nan 
-31.125, 85.875, 2.542888059602038e-23, nan 
-30.875, 85.875, 2.5971055013376513e-23, nan 
-30.625, 85.875, 2.5496430074250277e-23, nan 
-30.375, 85.875, 2.592387591597746e-23, nan 
-30.125, 85.875, 2.375594117264061e-23, nan 
-29.875, 85.875, 2.1830024518081177e-23, nan 
-29.625, 85.875, 1.9848670480306226e-23, nan 
-29.375, 85.875, 1.8135768934966838e-23, nan 
-29.125, 85.875, 1.6344769893547845e-23, nan 
-28.875, 85.875, 1.5986608904654565e-23, nan 
-28.625, 85.875, 1.5401919112119358e-23, nan 
-28.375, 85.875, 1.5101032649622268e-23, nan 
-28.125, 85.875, 1.4989108877266885e-23, nan 
-27.875, 85.875, 1.5039944153194594e-23, nan 
-27.625, 85.875, 1.584387846963073e-23, nan 
-27.375, 85.875, 1.6084187944797985e-23, nan 
-27.125, 85.875, 1.6726070326319617e-23, nan 
-26.875, 85.875, 1.6308978390489672e-23, nan 
-26.625, 85.875, 1.894477190150382e-23, nan 
-26.375, 85.875, 2.2003958840306444e-23, nan 
-26.125, 85.875, 2.173353515173814e-23, nan 
-25.875, 85.875, 2.2188821011638473e-23, nan 
-25.625, 85.875, 2.2887075126736562e-23, nan 
-25.375, 85.875, 2.288713070622194e-23, nan 
-25.125, 85.875, 2.2741779117345208e-23, nan 
-24.875, 85.875, 2.283690614275928e-23, nan 
-24.625, 85.875, 2.3199747792972592e-23, nan 
-24.375, 85.875, 2.464218703609546e-23, nan 
-24.125, 85.875, 2.4938823351230188e-23, nan 
-23.875, 85.875, 2.4524342559938967e-23, nan 
-23.625, 85.875, 2.471497268983092e-23, nan 
-23.375, 85.875, 2.5365336030091872e-23, nan 
-23.125, 85.875, 2.3994883858923987e-23, nan 
-22.875, 85.875, 2.2198969938476497e-23, nan 
-22.625, 85.875, 2.13637922032464e-23, nan 
-22.375, 85.875, 1.8583124583728496e-23, nan 
-22.125, 85.875, 1.6325210969715043e-23, nan 
-21.875, 85.875, 1.6100657776222512e-23, nan 
-21.625, 85.875, 1.6226822995585174e-23, nan 
-21.375, 85.875, 1.6244568127516024e-23, nan 
-21.125, 85.875, 1.629812736492538e-23, nan 
-20.875, 85.875, 1.6578648155106443e-23, nan 
-20.625, 85.875, 1.7162188908545787e-23, nan 
-20.375, 85.875, 1.6992840695877686e-23, nan 
-20.125, 85.875, 1.3876750430408253e-23, nan 
-19.875, 85.875, 1.1593825910159224e-23, nan 
-19.625, 85.875, 1.1087676139370925e-23, nan 
-19.375, 85.875, 9.554604755357008e-24, nan 
-19.125, 85.875, 9.324971343058066e-24, nan 
-18.875, 85.875, 8.826012073742813e-24, nan 
-18.625, 85.875, 7.711227175638579e-24, nan 
-18.375, 85.875, 7.864295948042732e-24, nan 
-18.125, 85.875, 6.403138437118544e-24, nan 
-17.875, 85.875, 5.874409163760687e-24, nan 
-17.625, 85.875, 5.9309290975148504e-24, nan 
-17.375, 85.875, 6.2941420878974756e-24, nan 
-17.125, 85.875, 6.381094417486883e-24, nan 
-16.875, 85.875, 6.483421430250745e-24, nan 
-16.625, 85.875, 6.791542397669628e-24, nan 
-16.375, 85.875, 7.134529306988441e-24, nan 
-16.125, 85.875, 7.319391955998469e-24, nan 
-15.875, 85.875, 7.222883277498811e-24, nan 
-15.625, 85.875, 6.918820809052003e-24, nan 
-15.375, 85.875, 6.676477476692987e-24, nan 
-15.125, 85.875, 6.4008225572179585e-24, nan 
-14.875, 85.875, 6.0878663342440275e-24, nan 
-14.625, 85.875, 5.973217137856681e-24, nan 
-14.375, 85.875, 6.1145707436563135e-24, nan 
-14.125, 85.875, 6.588592865277801e-24, nan 
-13.875, 85.875, 7.323324899216937e-24, nan 
-13.625, 85.875, 7.685912623094796e-24, nan 
-13.375, 85.875, 8.265593837569164e-24, nan 
-13.125, 85.875, 9.013900722700346e-24, nan 
-12.875, 85.875, 1.0171133612438438e-23, nan 
-12.625, 85.875, 1.0447096847781042e-23, nan 
-12.375, 85.875, 1.000189922037077e-23, nan 
-12.125, 85.875, 1.0154605663016185e-23, nan 
-11.875, 85.875, 9.880525588255918e-24, nan 
-11.625, 85.875, 9.511551844118837e-24, nan 
-11.375, 85.875, 8.972684685054387e-24, nan 
-11.125, 85.875, 8.564136484026079e-24, nan 
-10.875, 85.875, 8.955048784157198e-24, nan 
-10.625, 85.875, 1.0889707487155256e-23, nan 
-10.375, 85.875, 1.297858061800079e-23, nan 
-10.125, 85.875, 1.4375692125558023e-23, nan 
-9.875, 85.875, 1.6682906321522958e-23, nan 
-9.625, 85.875, 1.6738050934349666e-23, nan 
-9.375, 85.875, 1.659974838228623e-23, nan 
-9.125, 85.875, 1.546139369872891e-23, nan 
-8.875, 85.875, 1.5002144762185558e-23, nan 
-8.625, 85.875, 1.3181541782172017e-23, nan 
-8.375, 85.875, 1.1816323596846384e-23, nan 
-8.125, 85.875, 1.0447777088554642e-23, nan 
-7.875, 85.875, 9.693448033357777e-24, nan 
-7.625, 85.875, 8.153960858609374e-24, nan 
-7.375, 85.875, 6.961110851750342e-24, nan 
-7.125, 85.875, 7.156254046600734e-24, nan 
-6.875, 85.875, 7.639241074621474e-24, nan 
-6.625, 85.875, 8.15699800560166e-24, nan 
-6.375, 85.875, 9.253916443903835e-24, nan 
-6.125, 85.875, 1.0303969743242206e-23, nan 
-5.875, 85.875, 1.1429745335009534e-23, nan 
-5.625, 85.875, 1.213795313646917e-23, nan 
-5.375, 85.875, 1.1948752698463036e-23, nan 
-5.125, 85.875, 1.2271030823623254e-23, nan 
-4.875, 85.875, 1.2815807840566336e-23, nan 
-4.625, 85.875, 1.3111450589225408e-23, nan 
-4.375, 85.875, 1.400554697903151e-23, nan 
-4.125, 85.875, 1.4566701884636046e-23, nan 
-3.875, 85.875, 1.5459696229919073e-23, nan 
-3.625, 85.875, 1.5514319268370033e-23, nan 
-3.375, 85.875, 1.5500145662366943e-23, nan 
-3.125, 85.875, 1.222301523218862e-23, nan 
-2.875, 85.875, 9.463605834551047e-24, nan 
-2.625, 85.875, 8.88767172876455e-24, nan 
-2.375, 85.875, 8.525319709832621e-24, nan 
-2.125, 85.875, 8.7209441228123e-24, nan 
-1.875, 85.875, 9.15545058714423e-24, nan 
-1.625, 85.875, 9.113491498874988e-24, nan 
-1.375, 85.875, 9.356210017919806e-24, nan 
-1.125, 85.875, 9.42214252084568e-24, nan 
-0.875, 85.875, 9.61475962189737e-24, nan 
-0.625, 85.875, 9.346384222725036e-24, nan 
-0.375, 85.875, 9.085334903314755e-24, nan 
-0.125, 85.875, 7.670812263103766e-24, nan 
0.125, 85.875, 6.341781505987244e-24, nan 
0.375, 85.875, 4.295362451626012e-24, nan 
0.625, 85.875, 3.1603409094883622e-24, nan 
0.875, 85.875, 5.146131714391486e-24, nan 
1.125, 85.875, 7.08078707042878e-24, nan 
1.375, 85.875, 1.0055841956172903e-23, nan 
1.625, 85.875, 1.1512394887785758e-23, nan 
1.875, 85.875, 1.2033577838733983e-23, nan 
2.125, 85.875, 1.2662649343986225e-23, nan 
2.375, 85.875, 1.3869038913236367e-23, nan 
2.625, 85.875, 1.4881389121084177e-23, nan 
2.875, 85.875, 1.5510990849821665e-23, nan 
3.125, 85.875, 1.6409403063266765e-23, nan 
3.375, 85.875, 1.733003420614547e-23, nan 
3.625, 85.875, 1.6781377834877696e-23, nan 
3.875, 85.875, 1.623855588910817e-23, nan 
4.125, 85.875, 1.5940110586382408e-23, nan 
4.375, 85.875, 1.497811848137456e-23, nan 
4.625, 85.875, 1.4765463558032995e-23, nan 
4.875, 85.875, 1.480873763564541e-23, nan 
5.125, 85.875, 1.4760292959645495e-23, nan 
5.375, 85.875, 1.474745450086671e-23, nan 
5.625, 85.875, 1.4618448227113757e-23, nan 
5.875, 85.875, 1.3175805197606163e-23, nan 
6.125, 85.875, 1.291970290738779e-23, nan 
6.375, 85.875, 1.3415357364106183e-23, nan 
6.625, 85.875, 1.3576076285807088e-23, nan 
6.875, 85.875, 1.3375865022232605e-23, nan 
7.125, 85.875, 1.3194329006865555e-23, nan 
7.375, 85.875, 1.2995535257250448e-23, nan 
7.625, 85.875, 1.2788888394525051e-23, nan 
7.875, 85.875, 1.2522244746508537e-23, nan 
8.125, 85.875, 1.2527964188337724e-23, nan 
8.375, 85.875, 1.2536681678472784e-23, nan 
8.625, 85.875, 1.2668747370562726e-23, nan 
8.875, 85.875, 1.2722631479199677e-23, nan 
9.125, 85.875, 1.2063100224381325e-23, nan 
9.375, 85.875, 1.1602244286529364e-23, nan 
9.625, 85.875, 1.1855461932636939e-23, nan 
9.875, 85.875, 1.1403011944032516e-23, nan 
10.125, 85.875, 1.1220935804985544e-23, nan 
10.375, 85.875, 1.1303068311733859e-23, nan 
10.625, 85.875, 1.1223788719711271e-23, nan 
10.875, 85.875, 1.1202283903791877e-23, nan 
11.125, 85.875, 1.1103944482298395e-23, nan 
11.375, 85.875, 1.1016472972573985e-23, nan 
11.625, 85.875, 1.1186319572664278e-23, nan 
11.875, 85.875, 1.124253724558635e-23, nan 
12.125, 85.875, 1.1524397935022324e-23, nan 
12.375, 85.875, 1.1768215440525511e-23, nan 
12.625, 85.875, 1.188936401683299e-23, nan 
12.875, 85.875, 1.2258343624508359e-23, nan 
13.125, 85.875, 1.2320467173893233e-23, nan 
13.375, 85.875, 1.088993176927173e-23, nan 
13.625, 85.875, 9.800506819953533e-24, nan 
13.875, 85.875, 8.942437980426898e-24, nan 
14.125, 85.875, 9.09370047813249e-24, nan 
14.375, 85.875, 8.61688330568465e-24, nan 
14.625, 85.875, 8.191943466796354e-24, nan 
14.875, 85.875, 8.386154499888703e-24, nan 
15.125, 85.875, 8.335352072962663e-24, nan 
15.375, 85.875, 8.38635056662076e-24, nan 
15.625, 85.875, 8.514037895692059e-24, nan 
15.875, 85.875, 7.968212569807413e-24, nan 
16.125, 85.875, 7.574027436233807e-24, nan 
16.375, 85.875, 7.307163860011014e-24, nan 
16.625, 85.875, 6.983630796897184e-24, nan 
16.875, 85.875, 6.51912172577998e-24, nan 
17.125, 85.875, 6.582979017525129e-24, nan 
17.375, 85.875, 6.788157656991476e-24, nan 
17.625, 85.875, 6.6050835132572034e-24, nan 
17.875, 85.875, 6.1417769791680135e-24, nan 
18.125, 85.875, 5.842837397877972e-24, nan 
18.375, 85.875, 5.921131985757371e-24, nan 
18.625, 85.875, 5.625326680350155e-24, nan 
18.875, 85.875, 5.273409238230324e-24, nan 
19.125, 85.875, 5.183613624818106e-24, nan 
19.375, 85.875, 5.290484941798867e-24, nan 
19.625, 85.875, 5.138526389685568e-24, nan 
19.875, 85.875, 5.247769252044938e-24, nan 
20.125, 85.875, 4.9274552480933715e-24, nan 
20.375, 85.875, 4.4417247375831366e-24, nan 
20.625, 85.875, 4.076732906671212e-24, nan 
20.875, 85.875, 3.865453770558085e-24, nan 
21.125, 85.875, 3.2461345620874432e-24, nan 
21.375, 85.875, 2.470469280736258e-24, nan 
21.625, 85.875, 1.7544755882599466e-24, nan 
21.875, 85.875, 1.518439381867496e-24, nan 
22.125, 85.875, 1.7020246344171936e-24, nan 
22.375, 85.875, 2.0890732504107316e-24, nan 
22.625, 85.875, 2.4974159647379438e-24, nan 
22.875, 85.875, 2.537633936209725e-24, nan 
23.125, 85.875, 2.844901345779441e-24, nan 
23.375, 85.875, 3.3021233128049394e-24, nan 
23.625, 85.875, 3.605833252221426e-24, nan 
23.875, 85.875, 3.869748724665478e-24, nan 
24.125, 85.875, 4.169291581812316e-24, nan 
24.375, 85.875, 4.2762963910865085e-24, nan 
24.625, 85.875, 4.099484216946894e-24, nan 
24.875, 85.875, 3.987636524959488e-24, nan 
25.125, 85.875, 3.884870662800409e-24, nan 
25.375, 85.875, 3.480362796293576e-24, nan 
25.625, 85.875, 3.1169028795195583e-24, nan 
25.875, 85.875, 2.9018437723008833e-24, nan 
26.125, 85.875, 2.45324894284064e-24, nan 
26.375, 85.875, 2.3663450831826018e-24, nan 
26.625, 85.875, 2.7860806600806304e-24, nan 
26.875, 85.875, 3.1273748975560213e-24, nan 
27.125, 85.875, 3.6008814969792204e-24, nan 
27.375, 85.875, 4.034011850557672e-24, nan 
27.625, 85.875, 4.4822244130496866e-24, nan 
27.875, 85.875, 4.395760769659996e-24, nan 
28.125, 85.875, 4.82806069574887e-24, nan 
28.375, 85.875, 4.910275811023976e-24, nan 
28.625, 85.875, 4.5544262602455755e-24, nan 
28.875, 85.875, 6.579622815755205e-24, nan 
29.125, 85.875, 9.281560303641137e-24, nan 
29.375, 85.875, 1.0167496354316152e-23, nan 
29.625, 85.875, 1.0858823407378315e-23, nan 
29.875, 85.875, 1.2937574694753292e-23, nan 
30.125, 85.875, 1.3633864884394563e-23, nan 
30.375, 85.875, 1.4137743644554908e-23, nan 
30.625, 85.875, 1.5358782881431473e-23, nan 
30.875, 85.875, 1.6733010289152363e-23, nan 
31.125, 85.875, 1.766946442784046e-23, nan 
31.375, 85.875, 1.8400180510876482e-23, nan 
31.625, 85.875, 1.993201273201019e-23, nan 
31.875, 85.875, 2.1262008438020005e-23, nan 
32.125, 85.875, 2.2063929228650123e-23, nan 
32.375, 85.875, 2.2053336356532907e-23, nan 
32.625, 85.875, 2.1415449576513785e-23, nan 
32.875, 85.875, 2.04176987092442e-23, nan 
33.125, 85.875, 1.9307093376094206e-23, nan 
33.375, 85.875, 1.9099727488963387e-23, nan 
33.625, 85.875, 1.9239325475834775e-23, nan 
33.875, 85.875, 1.8913138757465325e-23, nan 
34.125, 85.875, 1.8802465893746683e-23, nan 
34.375, 85.875, 1.86550582255525e-23, nan 
34.625, 85.875, 1.8999618451473206e-23, nan 
34.875, 85.875, 1.940637145717657e-23, nan 
35.125, 85.875, 2.00877835353698e-23, nan 
35.375, 85.875, 2.0299428886463141e-23, nan 
35.625, 85.875, 2.0284135182963268e-23, nan 
35.875, 85.875, 1.999430593777413e-23, nan 
36.125, 85.875, 1.925728277700474e-23, nan 
36.375, 85.875, 1.847850037733493e-23, nan 
36.625, 85.875, 1.776094427412925e-23, nan 
36.875, 85.875, 1.752096873770086e-23, nan 
37.125, 85.875, 1.676015806207088e-23, nan 
37.375, 85.875, 1.5793103794998367e-23, nan 
37.625, 85.875, 1.4552604904127793e-23, nan 
37.875, 85.875, 1.343582359330504e-23, nan 
38.125, 85.875, 1.3298360962025387e-23, nan 
38.375, 85.875, 1.312672827749555e-23, nan 
38.625, 85.875, 1.2930029087935982e-23, nan 
38.875, 85.875, 1.2522942646650777e-23, nan 
39.125, 85.875, 1.2757576509227463e-23, nan 
39.375, 85.875, 1.2733625145608507e-23, nan 
39.625, 85.875, 1.2284419459985701e-23, nan 
39.875, 85.875, 1.1933340315912701e-23, nan 
40.125, 85.875, 1.1583394300975795e-23, nan 
40.375, 85.875, 1.1294868246747861e-23, nan 
40.625, 85.875, 1.159498317699383e-23, nan 
40.875, 85.875, 1.1630406866207068e-23, nan 
41.125, 85.875, 1.1814538872118012e-23, nan 
41.375, 85.875, 1.1954165929451674e-23, nan 
41.625, 85.875, 1.1671919560816404e-23, nan 
41.875, 85.875, 1.1764166992784903e-23, nan 
42.125, 85.875, 1.126095977039147e-23, nan 
42.375, 85.875, 1.2991161997937571e-23, nan 
42.625, 85.875, 1.3058956239246611e-23, nan 
42.875, 85.875, 1.3858505588239742e-23, nan 
43.125, 85.875, 1.439455316187572e-23, nan 
43.375, 85.875, 1.531539635374091e-23, nan 
43.625, 85.875, 1.6434849686262081e-23, nan 
43.875, 85.875, 1.6844369240847765e-23, nan 
44.125, 85.875, 1.7211000178363195e-23, nan 
44.375, 85.875, 1.7586187063948468e-23, nan 
44.625, 85.875, 1.6698791901491664e-23, nan 
44.875, 85.875, 1.6227250515082706e-23, nan 
45.125, 85.875, 1.545853492257221e-23, nan 
45.375, 85.875, 1.5073116761638562e-23, nan 
45.625, 85.875, 1.4984698195809098e-23, nan 
45.875, 85.875, 1.526531400002488e-23, nan 
46.125, 85.875, 1.595103132466644e-23, nan 
46.375, 85.875, 1.5914348319855498e-23, nan 
46.625, 85.875, 1.6109030428896284e-23, nan 
46.875, 85.875, 1.6358036184344343e-23, nan 
47.125, 85.875, 1.6495039691112705e-23, nan 
47.375, 85.875, 1.644208486841447e-23, nan 
47.625, 85.875, 1.6577782482916292e-23, nan 
47.875, 85.875, 1.5618975009627102e-23, nan 
48.125, 85.875, 1.4954683394275215e-23, nan 
48.375, 85.875, 1.5984354836230035e-23, nan 
48.625, 85.875, 1.8116758105328636e-23, nan 
48.875, 85.875, 1.9269765776355392e-23, nan 
49.125, 85.875, 2.165944192037821e-23, nan 
49.375, 85.875, 2.608610590402746e-23, nan 
49.625, 85.875, 2.707463098962024e-23, nan 
49.875, 85.875, 3.0110738329321505e-23, nan 
50.125, 85.875, 2.952648551814472e-23, nan 
50.375, 85.875, 3.146134086867171e-23, nan 
50.625, 85.875, 3.2526310100573575e-23, nan 
50.875, 85.875, 3.53187714334102e-23, nan 
51.125, 85.875, 3.863627307195281e-23, nan 
51.375, 85.875, 4.12053481328463e-23, nan 
51.625, 85.875, 4.229024506763595e-23, nan 
51.875, 85.875, 4.281685921157524e-23, nan 
52.125, 85.875, 4.139428848242096e-23, nan 
52.375, 85.875, 4.05048550091357e-23, nan 
52.625, 85.875, 4.075719261043901e-23, nan 
52.875, 85.875, 4.028940694075044e-23, nan 
53.125, 85.875, 3.959599817250117e-23, nan 
53.375, 85.875, 3.901711113075463e-23, nan 
53.625, 85.875, 3.818832196243703e-23, nan 
53.875, 85.875, 3.8218811506862546e-23, nan 
54.125, 85.875, 3.0103139244767445e-23, nan 
54.375, 85.875, 2.750571677973976e-23, nan 
54.625, 85.875, 2.8983047688403843e-23, nan 
54.875, 85.875, 3.1574366241573416e-23, nan 
55.125, 85.875, 3.547896240328761e-23, nan 
55.375, 85.875, 3.3459180867289883e-23, nan 
55.625, 85.875, 3.114982023463497e-23, nan 
55.875, 85.875, 3.3395685492423956e-23, nan 
56.125, 85.875, 3.452669307770621e-23, nan 
56.375, 85.875, 3.505953473537182e-23, nan 
56.625, 85.875, 3.6182541078016485e-23, nan 
56.875, 85.875, 3.567325785225474e-23, nan 
57.125, 85.875, 3.694545931018722e-23, nan 
57.375, 85.875, 3.2920530974081974e-23, nan 
57.625, 85.875, 2.854512613076174e-23, nan 
57.875, 85.875, 2.843170871529993e-23, nan 
58.125, 85.875, 2.790435782071799e-23, nan 
58.375, 85.875, 2.742932927448867e-23, nan 
58.625, 85.875, 2.6878550650655347e-23, nan 
58.875, 85.875, 2.63790499261772e-23, nan 
59.125, 85.875, 2.674457570234666e-23, nan 
59.375, 85.875, 2.6655051381976884e-23, nan 
59.625, 85.875, 2.704434900288842e-23, nan 
59.875, 85.875, 2.774586120547759e-23, nan 
60.125, 85.875, 2.826760979456058e-23, nan 
60.375, 85.875, 2.8249249043073064e-23, nan 
60.625, 85.875, 2.833573668282289e-23, nan 
60.875, 85.875, 2.7951012158945973e-23, nan 
61.125, 85.875, 2.8055908338008273e-23, nan 
61.375, 85.875, 2.810103623488636e-23, nan 
61.625, 85.875, 2.814784134583904e-23, nan 
61.875, 85.875, 2.874069059247167e-23, nan 
62.125, 85.875, 2.894248824050415e-23, nan 
62.375, 85.875, 2.8937320846760735e-23, nan 
62.625, 85.875, 2.886766625502766e-23, nan 
62.875, 85.875, 2.834816360442833e-23, nan 
63.125, 85.875, 2.8080402642212935e-23, nan 
63.375, 85.875, 2.806687256514949e-23, nan 
63.625, 85.875, 2.824523053749795e-23, nan 
63.875, 85.875, 2.9615332813572916e-23, nan 
64.125, 85.875, 3.0459330631132954e-23, nan 
64.375, 85.875, 3.112809441695417e-23, nan 
64.625, 85.875, 3.1542767496485575e-23, nan 
64.875, 85.875, 3.1290884681504415e-23, nan 
65.125, 85.875, 3.102699479271312e-23, nan 
65.375, 85.875, 3.064832280218205e-23, nan 
65.625, 85.875, 3.1799094169623415e-23, nan 
65.875, 85.875, 3.364643301453263e-23, nan 
66.125, 85.875, 3.4530340579975764e-23, nan 
66.375, 85.875, 3.4962532899676284e-23, nan 
66.625, 85.875, 3.457038439532177e-23, nan 
66.875, 85.875, 3.160493755779162e-23, nan 
67.125, 85.875, 2.8622610501200656e-23, nan 
67.375, 85.875, 2.6188191193995493e-23, nan 
67.625, 85.875, 2.4185989923271835e-23, nan 
67.875, 85.875, 2.267160525524805e-23, nan 
68.125, 85.875, 2.2626919376191897e-23, nan 
68.375, 85.875, 2.3412668755722393e-23, nan 
68.625, 85.875, 2.4331297604679083e-23, nan 
68.875, 85.875, 2.347381203560933e-23, nan 
69.125, 85.875, 2.3627533020556293e-23, nan 
69.375, 85.875, 2.4081168949962506e-23, nan 
69.625, 85.875, 2.4687083195429517e-23, nan 
69.875, 85.875, 2.3279274285542657e-23, nan 
70.125, 85.875, 2.3878150331569582e-23, nan 
70.375, 85.875, 2.3216422373570547e-23, nan 
70.625, 85.875, 2.3427007432252254e-23, nan 
70.875, 85.875, 2.3951857917684076e-23, nan 
71.125, 85.875, 2.6817367635817575e-23, nan 
71.375, 85.875, 2.8042199178495415e-23, nan 
71.625, 85.875, 2.8186711812288536e-23, nan 
71.875, 85.875, 3.005660909892906e-23, nan 
72.125, 85.875, 2.756239112863837e-23, nan 
72.375, 85.875, 2.635781829473714e-23, nan 
72.625, 85.875, 2.5583290043642973e-23, nan 
72.875, 85.875, 2.558438817232745e-23, nan 
73.125, 85.875, 2.5739985434008245e-23, nan 
73.375, 85.875, 2.5870365414588943e-23, nan 
73.625, 85.875, 2.6430088528702086e-23, nan 
73.875, 85.875, 2.771290623167341e-23, nan 
74.125, 85.875, 2.9356068274788643e-23, nan 
74.375, 85.875, 3.00177230608038e-23, nan 
74.625, 85.875, 3.112433950083475e-23, nan 
74.875, 85.875, 3.259616149812393e-23, nan 
75.125, 85.875, 3.53213121048897e-23, nan 
75.375, 85.875, 3.7416321983580283e-23, nan 
75.625, 85.875, 3.7978178370650005e-23, nan 
75.875, 85.875, 4.0821523521443244e-23, nan 
76.125, 85.875, 4.507113569919998e-23, nan 
76.375, 85.875, 5.0553474646182355e-23, nan 
76.625, 85.875, 5.16690864151826e-23, nan 
76.875, 85.875, 6.324403683300479e-23, nan 
77.125, 85.875, 6.40965679372279e-23, nan 
77.375, 85.875, 6.802858754191625e-23, nan 
77.625, 85.875, 7.034803504136213e-23, nan 
77.875, 85.875, 7.150252030196417e-23, nan 
78.125, 85.875, 7.488074106058699e-23, nan 
78.375, 85.875, 6.807616773858026e-23, nan 
78.625, 85.875, 6.018220849254573e-23, nan 
78.875, 85.875, 5.215862746557564e-23, nan 
79.125, 85.875, 4.485588580945967e-23, nan 
79.375, 85.875, 3.8157543389865176e-23, nan 
79.625, 85.875, 3.485546888810251e-23, nan 
79.875, 85.875, 3.244336748407499e-23, nan 
80.125, 85.875, 2.9645392154254576e-23, nan 
80.375, 85.875, 2.8297487241860666e-23, nan 
80.625, 85.875, 2.68838419296019e-23, nan 
80.875, 85.875, 2.8161621273281954e-23, nan 
81.125, 85.875, 2.819180808398298e-23, nan 
81.375, 85.875, 2.999518739800548e-23, nan 
81.625, 85.875, 3.183756226262269e-23, nan 
81.875, 85.875, 3.404117609893535e-23, nan 
82.125, 85.875, 3.282924786822649e-23, nan 
82.375, 85.875, 3.296502148384239e-23, nan 
82.625, 85.875, 3.383625627564973e-23, nan 
82.875, 85.875, 3.2536349419138394e-23, nan 
83.125, 85.875, 3.3677242571569777e-23, nan 
83.375, 85.875, 3.6996283165663947e-23, nan 
83.625, 85.875, 4.017254469246569e-23, nan 
83.875, 85.875, 4.137286742934811e-23, nan 
84.125, 85.875, 4.364771393237779e-23, nan 
84.375, 85.875, 4.571199382007943e-23, nan 
84.625, 85.875, 4.3863757421380156e-23, nan 
84.875, 85.875, 4.339632665534633e-23, nan 
85.125, 85.875, 4.3505357336945627e-23, nan 
85.375, 85.875, 4.22837765283358e-23, nan 
85.625, 85.875, 4.0637163111827515e-23, nan 
85.875, 85.875, 3.9516029059825054e-23, nan 
86.125, 85.875, 4.594561815106366e-23, nan 
86.375, 85.875, 4.2782994476550686e-23, nan 
86.625, 85.875, 4.180785406326149e-23, nan 
86.875, 85.875, 3.871432319144228e-23, nan 
87.125, 85.875, 4.865494205296755e-23, nan 
87.375, 85.875, 5.171157259824878e-23, nan 
87.625, 85.875, 4.8510343465839246e-23, nan 
87.875, 85.875, 4.6743518960591956e-23, nan 
88.125, 85.875, 5.2836880303519503e-23, nan 
88.375, 85.875, 5.758834577843513e-23, nan 
88.625, 85.875, 5.683309636010291e-23, nan 
88.875, 85.875, 6.541739518948203e-23, nan 
89.125, 85.875, 6.412092009290927e-23, nan 
89.375, 85.875, 7.556231267472038e-23, nan 
89.625, 85.875, 7.501182329951642e-23, nan 
89.875, 85.875, 6.487716301625605e-23, nan 
90.125, 85.875, 4.3053993434203345e-23, nan 
90.375, 85.875, 7.329049852543085e-23, nan 
90.625, 85.875, 8.912285326937635e-23, nan 
90.875, 85.875, 9.264263093278519e-23, nan 
91.125, 85.875, 9.722654795842092e-23, nan 
91.375, 85.875, 1.049805413998323e-22, nan 
91.625, 85.875, 1.045992873829663e-22, nan 
91.875, 85.875, 1.0233349113046011e-22, nan 
92.125, 85.875, 1.0075759814565086e-22, nan 
92.375, 85.875, 1.0017851679786604e-22, nan 
92.625, 85.875, 1.0082495158677031e-22, nan 
92.875, 85.875, 9.832442397989639e-23, nan 
93.125, 85.875, 9.339611887175485e-23, nan 
93.375, 85.875, 8.612976663954434e-23, nan 
93.625, 85.875, 1.0001987126696365e-22, nan 
93.875, 85.875, 1.151856590131219e-22, nan 
94.125, 85.875, 1.1916695851979643e-22, nan 
94.375, 85.875, 1.2325389874413108e-22, nan 
94.625, 85.875, 1.4340489941702632e-22, nan 
94.875, 85.875, 1.56223935502769e-22, nan 
95.125, 85.875, 1.550477483888444e-22, nan 
95.375, 85.875, 1.5507994427049167e-22, nan 
95.625, 85.875, 1.5274296199639208e-22, nan 
95.875, 85.875, 1.5184020416181358e-22, nan 
96.125, 85.875, 1.4291908121611998e-22, nan 
96.375, 85.875, 1.3381395174074933e-22, nan 
96.625, 85.875, 1.2209675866106733e-22, nan 
96.875, 85.875, 1.0958382915211268e-22, nan 
97.125, 85.875, 1.298176570683479e-22, nan 
97.375, 85.875, 1.5781333156598534e-22, nan 
97.625, 85.875, 1.7756417769970498e-22, nan 
97.875, 85.875, 2.2320044211910627e-22, nan 
98.125, 85.875, 2.541058066695366e-22, nan 
98.375, 85.875, 2.481762952737222e-22, nan 
98.625, 85.875, 2.4355099716167303e-22, nan 
98.875, 85.875, 2.4965247108847084e-22, nan 
99.125, 85.875, 2.6405634542126625e-22, nan 
99.375, 85.875, 2.5434554570317395e-22, nan 
99.625, 85.875, 2.5523374582732436e-22, nan 
99.875, 85.875, 2.5758635387799335e-22, nan 
100.125, 85.875, 2.662065135125928e-22, nan 
100.375, 85.875, 2.7654548658347246e-22, nan 
100.625, 85.875, 2.811136078466208e-22, nan 
100.875, 85.875, 2.8230801124263883e-22, nan 
101.125, 85.875, 2.851922328932753e-22, nan 
101.375, 85.875, 2.861847963795845e-22, nan 
101.625, 85.875, 2.82031679247081e-22, nan 
101.875, 85.875, 2.8113994176180733e-22, nan 
102.125, 85.875, 2.7943424868779217e-22, nan 
102.375, 85.875, 2.678458780422526e-22, nan 
102.625, 85.875, 2.630160660523536e-22, nan 
102.875, 85.875, 2.325214080116737e-22, nan 
103.125, 85.875, 2.120343950614642e-22, nan 
103.375, 85.875, 2.156945845330923e-22, nan 
103.625, 85.875, 2.34637081675035e-22, nan 
103.875, 85.875, 2.4486996488456538e-22, nan 
104.125, 85.875, 2.4996669427514436e-22, nan 
104.375, 85.875, 2.59796742787355e-22, nan 
104.625, 85.875, 2.619517143379943e-22, nan 
104.875, 85.875, 2.6052889330059785e-22, nan 
105.125, 85.875, 2.553205804690748e-22, nan 
105.375, 85.875, 2.460473180332357e-22, nan 
105.625, 85.875, 2.3126546222748364e-22, nan 
105.875, 85.875, 2.29765459638544e-22, nan 
106.125, 85.875, 2.0880806340435035e-22, nan 
106.375, 85.875, 1.9525601315141293e-22, nan 
106.625, 85.875, 1.8987232768752193e-22, nan 
106.875, 85.875, 1.9816869442921951e-22, nan 
107.125, 85.875, 2.0916591822536644e-22, nan 
107.375, 85.875, 2.131891571479706e-22, nan 
107.625, 85.875, 2.1074788529127862e-22, nan 
107.875, 85.875, 2.1680392013562794e-22, nan 
108.125, 85.875, 2.1837794061026044e-22, nan 
108.375, 85.875, 2.13800127213205e-22, nan 
108.625, 85.875, 2.0548890274178502e-22, nan 
108.875, 85.875, 1.9254559022665951e-22, nan 
109.125, 85.875, 1.8673722199056596e-22, nan 
109.375, 85.875, 1.7118385096883237e-22, nan 
109.625, 85.875, 1.6362774917557429e-22, nan 
109.875, 85.875, 1.5752646914297802e-22, nan 
110.125, 85.875, 1.533613122703935e-22, nan 
110.375, 85.875, 1.5907523648587761e-22, nan 
110.625, 85.875, 1.614271211597217e-22, nan 
110.875, 85.875, 1.5793797721646351e-22, nan 
111.125, 85.875, 1.7070833306187557e-22, nan 
111.375, 85.875, 1.7501688011061437e-22, nan 
111.625, 85.875, 1.6595803845614658e-22, nan 
111.875, 85.875, 1.5966536413487354e-22, nan 
112.125, 85.875, 1.4722819051627565e-22, nan 
112.375, 85.875, 1.3808235398162744e-22, nan 
112.625, 85.875, 1.3391052780545645e-22, nan 
112.875, 85.875, 1.2901694644976518e-22, nan 
113.125, 85.875, 1.2180026532493842e-22, nan 
113.375, 85.875, 1.133730940521284e-22, nan 
113.625, 85.875, 1.1102512973923305e-22, nan 
113.875, 85.875, 1.127926048432457e-22, nan 
114.125, 85.875, 1.18461561946411e-22, nan 
114.375, 85.875, 1.2856419383927676e-22, nan 
114.625, 85.875, 1.3040516592470519e-22, nan 
114.875, 85.875, 1.2449141560073743e-22, nan 
115.125, 85.875, 1.1974457162331397e-22, nan 
115.375, 85.875, 1.3002728315845097e-22, nan 
115.625, 85.875, 1.3685792046445594e-22, nan 
115.875, 85.875, 1.3611127776059996e-22, nan 
116.125, 85.875, 1.288799678517331e-22, nan 
116.375, 85.875, 1.2104873716319989e-22, nan 
116.625, 85.875, 1.0935565756764435e-22, nan 
116.875, 85.875, 6.464597616261128e-23, nan 
117.125, 85.875, 5.375698885564498e-23, nan 
117.375, 85.875, 5.59181793337393e-23, nan 
117.625, 85.875, 6.797220679965014e-23, nan 
117.875, 85.875, 8.195860535007808e-23, nan 
118.125, 85.875, 9.798660781368473e-23, nan 
118.375, 85.875, 1.2018485389768447e-22, nan 
118.625, 85.875, 1.3141241616215482e-22, nan 
118.875, 85.875, 1.3518840016591205e-22, nan 
119.125, 85.875, 1.144920178489664e-22, nan 
119.375, 85.875, 9.218278482771605e-23, nan 
119.625, 85.875, 7.989999439550986e-23, nan 
119.875, 85.875, 1.1655696822814125e-22, nan 
120.125, 85.875, 1.41386094029779e-22, nan 
120.375, 85.875, 1.5438025945166452e-22, nan 
120.625, 85.875, 1.630317372568428e-22, nan 
120.875, 85.875, 1.6651470674125712e-22, nan 
121.125, 85.875, 1.7668137430419726e-22, nan 
121.375, 85.875, 1.8715712389152871e-22, nan 
121.625, 85.875, 1.9663032580354273e-22, nan 
121.875, 85.875, 2.002363647139294e-22, nan 
122.125, 85.875, 2.0966702647343404e-22, nan 
122.375, 85.875, 2.0590323330735125e-22, nan 
122.625, 85.875, 2.135685319267429e-22, nan 
122.875, 85.875, 2.1998086010252296e-22, nan 
123.125, 85.875, 2.0236169222991957e-22, nan 
123.375, 85.875, 2.04955281486859e-22, nan 
123.625, 85.875, 2.014057111461594e-22, nan 
123.875, 85.875, 2.020077079817646e-22, nan 
124.125, 85.875, 1.730912385119091e-22, nan 
124.375, 85.875, 1.5732390734322185e-22, nan 
124.625, 85.875, 1.5781652986647495e-22, nan 
124.875, 85.875, 1.5005595779387557e-22, nan 
125.125, 85.875, 1.6950235715562558e-22, nan 
125.375, 85.875, 2.0498438944807593e-22, nan 
125.625, 85.875, 2.1760941272127264e-22, nan 
125.875, 85.875, 2.4426932337566726e-22, nan 
126.125, 85.875, 2.496108578240351e-22, nan 
126.375, 85.875, 2.094701187401307e-22, nan 
126.625, 85.875, 1.9736839471149636e-22, nan 
126.875, 85.875, 1.9259081426194969e-22, nan 
127.125, 85.875, 1.9275166098714648e-22, nan 
127.375, 85.875, 1.8967454275411263e-22, nan 
127.625, 85.875, 1.9432307041382516e-22, nan 
127.875, 85.875, 1.9627174028190627e-22, nan 
128.125, 85.875, 1.8934009790891917e-22, nan 
128.375, 85.875, 2.104604750458076e-22, nan 
128.625, 85.875, 2.278662861320027e-22, nan 
128.875, 85.875, 2.340176096653693e-22, nan 
129.125, 85.875, 2.6583214266687875e-22, nan 
129.375, 85.875, 2.7018262396981377e-22, nan 
129.625, 85.875, 2.5501553102862116e-22, nan 
129.875, 85.875, 2.5373841131141295e-22, nan 
130.125, 85.875, 2.441489523808949e-22, nan 
130.375, 85.875, 2.398575944848544e-22, nan 
130.625, 85.875, 2.2823048372390816e-22, nan 
130.875, 85.875, 2.22700196865067e-22, nan 
131.125, 85.875, 2.0939535598993263e-22, nan 
131.375, 85.875, 2.1185487206033045e-22, nan 
131.625, 85.875, 2.0469540390497125e-22, nan 
131.875, 85.875, 2.0488554477129836e-22, nan 
132.125, 85.875, 2.1023343310932938e-22, nan 
132.375, 85.875, 2.3361386398605363e-22, nan 
132.625, 85.875, 2.455212632177133e-22, nan 
132.875, 85.875, 2.421023907127113e-22, nan 
133.125, 85.875, 2.3671212569142e-22, nan 
133.375, 85.875, 2.495821546121251e-22, nan 
133.625, 85.875, 2.515248895576026e-22, nan 
133.875, 85.875, 2.341122090773925e-22, nan 
134.125, 85.875, 2.0983411718789073e-22, nan 
134.375, 85.875, 2.0601065694103142e-22, nan 
134.625, 85.875, 2.0550356124072217e-22, nan 
134.875, 85.875, 1.9644543141155627e-22, nan 
135.125, 85.875, 1.9634676297187235e-22, nan 
135.375, 85.875, 1.8964099917793633e-22, nan 
135.625, 85.875, 1.9611255659814937e-22, nan 
135.875, 85.875, 1.9146382097461345e-22, nan 
136.125, 85.875, 1.9150088708687592e-22, nan 
136.375, 85.875, 1.899814519952444e-22, nan 
136.625, 85.875, 1.9292009657565813e-22, nan 
136.875, 85.875, 1.9331018189783867e-22, nan 
137.125, 85.875, 2.023349740088963e-22, nan 
137.375, 85.875, 2.1052439092584715e-22, nan 
137.625, 85.875, 2.178788731893149e-22, nan 
137.875, 85.875, 2.2001846261140034e-22, nan 
138.125, 85.875, 2.1780454357213744e-22, nan 
138.375, 85.875, 2.1457054137943397e-22, nan 
138.625, 85.875, 2.039663176806324e-22, nan 
138.875, 85.875, 2.0174621008440374e-22, nan 
139.125, 85.875, 2.0237424785598655e-22, nan 
139.375, 85.875, 1.9536479088247664e-22, nan 
139.625, 85.875, 1.890852347122199e-22, nan 
139.875, 85.875, 1.8688884645780374e-22, nan 
140.125, 85.875, 1.820210883017699e-22, nan 
140.375, 85.875, 1.807337647865176e-22, nan 
140.625, 85.875, 1.7963319325289806e-22, nan 
140.875, 85.875, 1.7858052486981416e-22, nan 
141.125, 85.875, 1.7392106713495098e-22, nan 
141.375, 85.875, 1.6504718673268682e-22, nan 
141.625, 85.875, 1.6017026731721965e-22, nan 
141.875, 85.875, 1.5859109080437565e-22, nan 
142.125, 85.875, 1.628847454465476e-22, nan 
142.375, 85.875, 1.6356996404625627e-22, nan 
142.625, 85.875, 1.6042800283441568e-22, nan 
142.875, 85.875, 1.6051529601911333e-22, nan 
143.125, 85.875, 1.6541039080542839e-22, nan 
143.375, 85.875, 1.640024358320526e-22, nan 
143.625, 85.875, 1.6598795158026042e-22, nan 
143.875, 85.875, 1.7037943968308756e-22, nan 
144.125, 85.875, 1.779407302766605e-22, nan 
144.375, 85.875, 1.8801601594608084e-22, nan 
144.625, 85.875, 1.7156203412611766e-22, nan 
144.875, 85.875, 1.6167076292893313e-22, nan 
145.125, 85.875, 1.7298279926946505e-22, nan 
145.375, 85.875, 1.8997067766143382e-22, nan 
145.625, 85.875, 1.8157684938190063e-22, nan 
145.875, 85.875, 1.76188006785998e-22, nan 
146.125, 85.875, 1.764639715352153e-22, nan 
146.375, 85.875, 1.7535236693000593e-22, nan 
146.625, 85.875, 1.6953978753627235e-22, nan 
146.875, 85.875, 1.587176225589149e-22, nan 
147.125, 85.875, 1.6096772887846119e-22, nan 
147.375, 85.875, 1.6336016524936027e-22, nan 
147.625, 85.875, 1.6317454193654998e-22, nan 
147.875, 85.875, 1.5817553489784804e-22, nan 
148.125, 85.875, 1.4938544872068123e-22, nan 
148.375, 85.875, 1.6018218710197333e-22, nan 
148.625, 85.875, 1.7033911374295952e-22, nan 
148.875, 85.875, 1.9809490613747101e-22, nan 
149.125, 85.875, 2.290428799528796e-22, nan 
149.375, 85.875, 2.3347974818795964e-22, nan 
149.625, 85.875, 2.1930412967439684e-22, nan 
149.875, 85.875, 2.2731886867992495e-22, nan 
150.125, 85.875, 2.286656795290174e-22, nan 
150.375, 85.875, 2.295063030644996e-22, nan 
150.625, 85.875, 2.2242531779922857e-22, nan 
150.875, 85.875, 2.0950949092561735e-22, nan 
151.125, 85.875, 1.9298882016889126e-22, nan 
151.375, 85.875, 1.8066175214907512e-22, nan 
151.625, 85.875, 1.8709386340401778e-22, nan 
151.875, 85.875, 1.9442403645152688e-22, nan 
152.125, 85.875, 2.0203930644969943e-22, nan 
152.375, 85.875, 2.0134685658691293e-22, nan 
152.625, 85.875, 1.5584289935734153e-22, nan 
152.875, 85.875, 8.594456362448919e-23, nan 
153.125, 85.875, 7.110737427619006e-23, nan 
153.375, 85.875, 6.02307175362949e-23, nan 
153.625, 85.875, 5.298019750927072e-23, nan 
153.875, 85.875, 5.080610155503076e-23, nan 
154.125, 85.875, 4.43144726417313e-23, nan 
154.375, 85.875, 3.7362124755879205e-23, nan 
154.625, 85.875, 3.441621675797797e-23, nan 
154.875, 85.875, 7.112596920098575e-23, nan 
155.125, 85.875, 1.0610915955096857e-22, nan 
155.375, 85.875, 1.2094117109093034e-22, nan 
155.625, 85.875, 1.2971731004376495e-22, nan 
155.875, 85.875, 1.2924926675250503e-22, nan 
156.125, 85.875, 1.2742279152733114e-22, nan 
156.375, 85.875, 1.201909084669723e-22, nan 
156.625, 85.875, 1.1107837074398301e-22, nan 
156.875, 85.875, 1.054475829936794e-22, nan 
157.125, 85.875, 1.0157373827840416e-22, nan 
157.375, 85.875, 9.48133786006728e-23, nan 
157.625, 85.875, 8.233097797405351e-23, nan 
157.875, 85.875, 5.585074795838959e-23, nan 
158.125, 85.875, 4.465500281220476e-23, nan 
158.375, 85.875, 4.079572654871175e-23, nan 
158.625, 85.875, 6.533228980682639e-23, nan 
158.875, 85.875, 6.547925001249668e-23, nan 
159.125, 85.875, 6.104752958402137e-23, nan 
159.375, 85.875, 7.364265272591892e-23, nan 
159.625, 85.875, 6.91810810407548e-23, nan 
159.875, 85.875, 6.747315894207997e-23, nan 
160.125, 85.875, 6.462573470082704e-23, nan 
160.375, 85.875, 6.384102690884507e-23, nan 
160.625, 85.875, 7.32788402718979e-23, nan 
160.875, 85.875, 7.202203141504292e-23, nan 
161.125, 85.875, 7.605804878078494e-23, nan 
161.375, 85.875, 7.425838017378729e-23, nan 
161.625, 85.875, 7.673686536086716e-23, nan 
161.875, 85.875, 7.427006784538781e-23, nan 
162.125, 85.875, 7.693506153756884e-23, nan 
162.375, 85.875, 7.656738655874718e-23, nan 
162.625, 85.875, 6.92706833660367e-23, nan 
162.875, 85.875, 6.780523284156207e-23, nan 
163.125, 85.875, 6.554020408027047e-23, nan 
163.375, 85.875, 5.702239756169201e-23, nan 
163.625, 85.875, 5.479974759339539e-23, nan 
163.875, 85.875, 4.2961822495905736e-23, nan 
164.125, 85.875, 3.154669146855773e-23, nan 
164.375, 85.875, 2.5574335679310434e-23, nan 
164.625, 85.875, 2.7068938429003275e-23, nan 
164.875, 85.875, 3.9407391283330684e-23, nan 
165.125, 85.875, 5.961451687734468e-23, nan 
165.375, 85.875, 6.827127594799753e-23, nan 
165.625, 85.875, 7.788183089787576e-23, nan 
165.875, 85.875, 8.193721720373836e-23, nan 
166.125, 85.875, 7.901244769390148e-23, nan 
166.375, 85.875, 7.801264955315085e-23, nan 
166.625, 85.875, 7.988838690337897e-23, nan 
166.875, 85.875, 8.285220883746733e-23, nan 
167.125, 85.875, 7.974240611303686e-23, nan 
167.375, 85.875, 7.574066606728565e-23, nan 
167.625, 85.875, 7.799391725760808e-23, nan 
167.875, 85.875, 9.276449538920114e-23, nan 
168.125, 85.875, 1.1401670894562623e-22, nan 
168.375, 85.875, 1.2664227835396193e-22, nan 
168.625, 85.875, 1.3369604053644152e-22, nan 
168.875, 85.875, 1.3693001923933377e-22, nan 
169.125, 85.875, 1.419875929387159e-22, nan 
169.375, 85.875, 1.4557127163406102e-22, nan 
169.625, 85.875, 1.4769536481700768e-22, nan 
169.875, 85.875, 1.4768951921439435e-22, nan 
170.125, 85.875, 1.5182735838754685e-22, nan 
170.375, 85.875, 1.5412062983201982e-22, nan 
170.625, 85.875, 1.5704232665056495e-22, nan 
170.875, 85.875, 1.5423482455635605e-22, nan 
171.125, 85.875, 1.4184099624470768e-22, nan 
171.375, 85.875, 1.2508172482866093e-22, nan 
171.625, 85.875, 1.0109691537577792e-22, nan 
171.875, 85.875, 6.632889014730902e-23, nan 
172.125, 85.875, 4.8150032582584926e-23, nan 
172.375, 85.875, 7.757473548351908e-23, nan 
172.625, 85.875, 1.0698601246795831e-22, nan 
172.875, 85.875, 1.1870909352351189e-22, nan 
173.125, 85.875, 1.1710928284018248e-22, nan 
173.375, 85.875, 1.0990213828992057e-22, nan 
173.625, 85.875, 1.0493072798961949e-22, nan 
173.875, 85.875, 1.1284002830937873e-22, nan 
174.125, 85.875, 1.0362641966756159e-22, nan 
174.375, 85.875, 1.0637888463286632e-22, nan 
174.625, 85.875, 1.2162724493677762e-22, nan 
174.875, 85.875, 1.4384325165967172e-22, nan 
175.125, 85.875, 1.5881113899053732e-22, nan 
175.375, 85.875, 1.6838973612701268e-22, nan 
175.625, 85.875, 1.6828796085933137e-22, nan 
175.875, 85.875, 1.664384251821432e-22, nan 
176.125, 85.875, 1.5396580780656878e-22, nan 
176.375, 85.875, 1.3242206941718956e-22, nan 
176.625, 85.875, 1.1273150347525854e-22, nan 
176.875, 85.875, 1.5427594291787866e-22, nan 
177.125, 85.875, 1.5651905123656706e-22, nan 
177.375, 85.875, 1.5778079319839808e-22, nan 
177.625, 85.875, 1.6676541517668731e-22, nan 
177.875, 85.875, 1.919558960177113e-22, nan 
178.125, 85.875, 2.2917276015620615e-22, nan 
178.375, 85.875, 2.546066182980193e-22, nan 
178.625, 85.875, 2.8050899414660555e-22, nan 
178.875, 85.875, 2.938617607921033e-22, nan 
179.125, 85.875, 2.954314207857634e-22, nan 
179.375, 85.875, 2.83923512486325e-22, nan 
179.625, 85.875, 2.643194145361291e-22, nan 
179.875, 85.875, 2.4720264316050905e-22, nan 
-179.875, 86.125, 1.9721427590946647e-22, nan 
-179.625, 86.125, 1.8762019179215068e-22, nan 
-179.375, 86.125, 1.7499015658086793e-22, nan 
-179.125, 86.125, 1.649429929224643e-22, nan 
-178.875, 86.125, 1.367195533683803e-22, nan 
-178.625, 86.125, 1.145678864438768e-22, nan 
-178.375, 86.125, 9.991362353765255e-23, nan 
-178.125, 86.125, 7.677001173366434e-23, nan 
-177.875, 86.125, 5.1049158566835945e-23, nan 
-177.625, 86.125, 2.8404966906793147e-23, nan 
-177.375, 86.125, 1.1066576695082656e-23, nan 
-177.125, 86.125, 5.598113095646678e-24, nan 
-176.875, 86.125, 1.2208716101981164e-23, nan 
-176.625, 86.125, 1.5401529202823203e-23, nan 
-176.375, 86.125, 1.6014057807129983e-23, nan 
-176.125, 86.125, 1.8233446203467896e-23, nan 
-175.875, 86.125, 2.1502941297533532e-23, nan 
-175.625, 86.125, 2.684413993486925e-23, nan 
-175.375, 86.125, 2.6593619538307133e-23, nan 
-175.125, 86.125, 2.6451279825204054e-23, nan 
-174.875, 86.125, 2.642269944037878e-23, nan 
-174.625, 86.125, 2.779114438676752e-23, nan 
-174.375, 86.125, 2.815227778649464e-23, nan 
-174.125, 86.125, 2.816909193549377e-23, nan 
-173.875, 86.125, 2.8873653778991373e-23, nan 
-173.625, 86.125, 2.8535219289649717e-23, nan 
-173.375, 86.125, 2.8666602309282695e-23, nan 
-173.125, 86.125, 2.93306536610578e-23, nan 
-172.875, 86.125, 3.1490068943282533e-23, nan 
-172.625, 86.125, 3.2421657021469626e-23, nan 
-172.375, 86.125, 3.197997499417935e-23, nan 
-172.125, 86.125, 3.4122211291323357e-23, nan 
-171.875, 86.125, 3.653763736970658e-23, nan 
-171.625, 86.125, 3.524553716911257e-23, nan 
-171.375, 86.125, 3.269919433850884e-23, nan 
-171.125, 86.125, 2.6216607917462706e-23, nan 
-170.875, 86.125, 2.1283055105583955e-23, nan 
-170.625, 86.125, 2.2789839910504234e-23, nan 
-170.375, 86.125, 2.39896854674075e-23, nan 
-170.125, 86.125, 2.5221478768223708e-23, nan 
-169.875, 86.125, 2.5273412348048334e-23, nan 
-169.625, 86.125, 2.5010633730659985e-23, nan 
-169.375, 86.125, 2.5524007699766795e-23, nan 
-169.125, 86.125, 2.8837305750107656e-23, nan 
-168.875, 86.125, 3.663606252197496e-23, nan 
-168.625, 86.125, 4.1277942988968875e-23, nan 
-168.375, 86.125, 4.9430066805775214e-23, nan 
-168.125, 86.125, 5.701914296198792e-23, nan 
-167.875, 86.125, 5.803918397220059e-23, nan 
-167.625, 86.125, 5.869515327471139e-23, nan 
-167.375, 86.125, 5.77641458335644e-23, nan 
-167.125, 86.125, 5.2548696967872446e-23, nan 
-166.875, 86.125, 5.272391468472951e-23, nan 
-166.625, 86.125, 4.9054210575869755e-23, nan 
-166.375, 86.125, 4.744940035117574e-23, nan 
-166.125, 86.125, 4.684524069953335e-23, nan 
-165.875, 86.125, 4.593731470718933e-23, nan 
-165.625, 86.125, 4.642424385033717e-23, nan 
-165.375, 86.125, 4.917140277038902e-23, nan 
-165.125, 86.125, 5.612432621086656e-23, nan 
-164.875, 86.125, 5.931127771410275e-23, nan 
-164.625, 86.125, 5.753009678981733e-23, nan 
-164.375, 86.125, 5.002909695359578e-23, nan 
-164.125, 86.125, 4.6871724308310147e-23, nan 
-163.875, 86.125, 4.6608038084574294e-23, nan 
-163.625, 86.125, 4.5204477450254504e-23, nan 
-163.375, 86.125, 4.091183957277501e-23, nan 
-163.125, 86.125, 3.430511064753917e-23, nan 
-162.875, 86.125, 2.6964283602380854e-23, nan 
-162.625, 86.125, 2.4024351272796293e-23, nan 
-162.375, 86.125, 2.2308550726058713e-23, nan 
-162.125, 86.125, 2.0927422151861334e-23, nan 
-161.875, 86.125, 2.0176654519427633e-23, nan 
-161.625, 86.125, 1.1994144282868053e-23, nan 
-161.375, 86.125, 6.025814457908901e-24, nan 
-161.125, 86.125, 5.633825730226215e-24, nan 
-160.875, 86.125, 5.450225508084076e-24, nan 
-160.625, 86.125, 5.95121912485966e-24, nan 
-160.375, 86.125, 6.81196973678314e-24, nan 
-160.125, 86.125, 8.376277976667533e-24, nan 
-159.875, 86.125, 1.024830917519555e-23, nan 
-159.625, 86.125, 1.1878239402301083e-23, nan 
-159.375, 86.125, 1.325890013077902e-23, nan 
-159.125, 86.125, 1.474657141396941e-23, nan 
-158.875, 86.125, 1.583455314137369e-23, nan 
-158.625, 86.125, 1.69031456157334e-23, nan 
-158.375, 86.125, 1.802414094402396e-23, nan 
-158.125, 86.125, 1.7595850336612972e-23, nan 
-157.875, 86.125, 1.710063465339379e-23, nan 
-157.625, 86.125, 1.703157274623683e-23, nan 
-157.375, 86.125, 1.5310012832406027e-23, nan 
-157.125, 86.125, 1.4496266887582688e-23, nan 
-156.875, 86.125, 1.429202775027017e-23, nan 
-156.625, 86.125, 1.2879790062703203e-23, nan 
-156.375, 86.125, 1.153832482611554e-23, nan 
-156.125, 86.125, 1.0316962816803876e-23, nan 
-155.875, 86.125, 9.734695812908091e-24, nan 
-155.625, 86.125, 1.0564045866710488e-23, nan 
-155.375, 86.125, 1.373655550223168e-23, nan 
-155.125, 86.125, 1.6636837056581556e-23, nan 
-154.875, 86.125, 1.9028342135119487e-23, nan 
-154.625, 86.125, 2.1891376523699866e-23, nan 
-154.375, 86.125, 2.340178418285549e-23, nan 
-154.125, 86.125, 2.476158269104971e-23, nan 
-153.875, 86.125, 2.7053884996642197e-23, nan 
-153.625, 86.125, 2.557099246605286e-23, nan 
-153.375, 86.125, 2.4526142805255332e-23, nan 
-153.125, 86.125, 2.552392302113039e-23, nan 
-152.875, 86.125, 2.3996045962934795e-23, nan 
-152.625, 86.125, 2.309965924599203e-23, nan 
-152.375, 86.125, 2.080601947158147e-23, nan 
-152.125, 86.125, 1.8455703005744107e-23, nan 
-151.875, 86.125, 1.369537856118309e-23, nan 
-151.625, 86.125, 1.1414114454178459e-23, nan 
-151.375, 86.125, 1.4823067990909892e-23, nan 
-151.125, 86.125, 1.809629095488186e-23, nan 
-150.875, 86.125, 1.9710477846233848e-23, nan 
-150.625, 86.125, 2.1083923901781968e-23, nan 
-150.375, 86.125, 2.1308795657729095e-23, nan 
-150.125, 86.125, 2.184672128294744e-23, nan 
-149.875, 86.125, 2.0807855992891045e-23, nan 
-149.625, 86.125, 2.0034071398821075e-23, nan 
-149.375, 86.125, 2.0694097881330584e-23, nan 
-149.125, 86.125, 2.0565227305785787e-23, nan 
-148.875, 86.125, 2.0396925408681198e-23, nan 
-148.625, 86.125, 2.043213351223955e-23, nan 
-148.375, 86.125, 2.1245078668249864e-23, nan 
-148.125, 86.125, 2.0612402999030388e-23, nan 
-147.875, 86.125, 1.8362744892637513e-23, nan 
-147.625, 86.125, 1.6338579625952282e-23, nan 
-147.375, 86.125, 1.3692129968578266e-23, nan 
-147.125, 86.125, 9.698562516529868e-24, nan 
-146.875, 86.125, 8.777443881225124e-24, nan 
-146.625, 86.125, 6.845834628239631e-24, nan 
-146.375, 86.125, 8.061306418115989e-24, nan 
-146.125, 86.125, 9.293424793999121e-24, nan 
-145.875, 86.125, 1.1697049167344787e-23, nan 
-145.625, 86.125, 1.686765558447102e-23, nan 
-145.375, 86.125, 1.9074366187357242e-23, nan 
-145.125, 86.125, 1.9855174623487283e-23, nan 
-144.875, 86.125, 2.1607380311470058e-23, nan 
-144.625, 86.125, 2.369832531429538e-23, nan 
-144.375, 86.125, 2.5880490726510978e-23, nan 
-144.125, 86.125, 2.834186355917903e-23, nan 
-143.875, 86.125, 2.9389387390873433e-23, nan 
-143.625, 86.125, 3.015177742118956e-23, nan 
-143.375, 86.125, 3.0315106773024865e-23, nan 
-143.125, 86.125, 3.056377739218466e-23, nan 
-142.875, 86.125, 3.06305446718288e-23, nan 
-142.625, 86.125, 3.046636553292834e-23, nan 
-142.375, 86.125, 3.0690126788404386e-23, nan 
-142.125, 86.125, 3.020106484765622e-23, nan 
-141.875, 86.125, 2.9576530605156717e-23, nan 
-141.625, 86.125, 2.939932205944514e-23, nan 
-141.375, 86.125, 2.868365868039486e-23, nan 
-141.125, 86.125, 2.5731513027610317e-23, nan 
-140.875, 86.125, 2.0811254945393532e-23, nan 
-140.625, 86.125, 1.912288737119772e-23, nan 
-140.375, 86.125, 1.933810799841777e-23, nan 
-140.125, 86.125, 1.9582700846887492e-23, nan 
-139.875, 86.125, 1.968005375989586e-23, nan 
-139.625, 86.125, 1.9258350024928493e-23, nan 
-139.375, 86.125, 1.941629309614854e-23, nan 
-139.125, 86.125, 1.9815738634703472e-23, nan 
-138.875, 86.125, 2.0281817728955473e-23, nan 
-138.625, 86.125, 2.0802619731098826e-23, nan 
-138.375, 86.125, 2.0704577677088756e-23, nan 
-138.125, 86.125, 2.0789916388142894e-23, nan 
-137.875, 86.125, 2.1250149741216187e-23, nan 
-137.625, 86.125, 2.16810689174441e-23, nan 
-137.375, 86.125, 2.062783247846042e-23, nan 
-137.125, 86.125, 1.8482974458567685e-23, nan 
-136.875, 86.125, 1.7871675782478662e-23, nan 
-136.625, 86.125, 1.8201164832867244e-23, nan 
-136.375, 86.125, 1.8500047933344784e-23, nan 
-136.125, 86.125, 1.902926419906064e-23, nan 
-135.875, 86.125, 1.9536799442614787e-23, nan 
-135.625, 86.125, 1.9495611359381457e-23, nan 
-135.375, 86.125, 1.9452317779916275e-23, nan 
-135.125, 86.125, 1.9524540849347046e-23, nan 
-134.875, 86.125, 1.987838702415499e-23, nan 
-134.625, 86.125, 2.0030274373378175e-23, nan 
-134.375, 86.125, 1.9852171598631622e-23, nan 
-134.125, 86.125, 2.0052767870732287e-23, nan 
-133.875, 86.125, 1.9751135545397635e-23, nan 
-133.625, 86.125, 1.845437639146087e-23, nan 
-133.375, 86.125, 1.6945629818195068e-23, nan 
-133.125, 86.125, 1.6380651280282047e-23, nan 
-132.875, 86.125, 1.5383583117869457e-23, nan 
-132.625, 86.125, 1.4392023431374008e-23, nan 
-132.375, 86.125, 1.4370624959955153e-23, nan 
-132.125, 86.125, 1.347281393231451e-23, nan 
-131.875, 86.125, 1.302787110605148e-23, nan 
-131.625, 86.125, 1.2770807608312893e-23, nan 
-131.375, 86.125, 1.3096461524449462e-23, nan 
-131.125, 86.125, 1.3678385519647223e-23, nan 
-130.875, 86.125, 1.4796017804385476e-23, nan 
-130.625, 86.125, 1.7956262927639547e-23, nan 
-130.375, 86.125, 2.143467438944309e-23, nan 
-130.125, 86.125, 2.5136058766825947e-23, nan 
-129.875, 86.125, 2.680708553849854e-23, nan 
-129.625, 86.125, 2.77840351577465e-23, nan 
-129.375, 86.125, 2.902890913638489e-23, nan 
-129.125, 86.125, 2.8661704566401186e-23, nan 
-128.875, 86.125, 2.772725067254701e-23, nan 
-128.625, 86.125, 2.789596913255999e-23, nan 
-128.375, 86.125, 2.703871182457238e-23, nan 
-128.125, 86.125, 2.6267998967147655e-23, nan 
-127.875, 86.125, 2.597793757305435e-23, nan 
-127.625, 86.125, 2.521473596539977e-23, nan 
-127.375, 86.125, 2.416929408958796e-23, nan 
-127.125, 86.125, 2.298287410162941e-23, nan 
-126.875, 86.125, 2.05843357126531e-23, nan 
-126.625, 86.125, 2.0597317915001622e-23, nan 
-126.375, 86.125, 2.1892863256179952e-23, nan 
-126.125, 86.125, 2.269831972616788e-23, nan 
-125.875, 86.125, 2.3376041170051117e-23, nan 
-125.625, 86.125, 2.3961838001970442e-23, nan 
-125.375, 86.125, 2.460403588899687e-23, nan 
-125.125, 86.125, 2.4066471280066866e-23, nan 
-124.875, 86.125, 2.3229923448129416e-23, nan 
-124.625, 86.125, 2.0627929170581092e-23, nan 
-124.375, 86.125, 1.851208054438075e-23, nan 
-124.125, 86.125, 1.734709594744375e-23, nan 
-123.875, 86.125, 1.5927481879198766e-23, nan 
-123.625, 86.125, 1.5063667225347923e-23, nan 
-123.375, 86.125, 1.400096396360764e-23, nan 
-123.125, 86.125, 1.1080911137938527e-23, nan 
-122.875, 86.125, 9.014874983175186e-24, nan 
-122.625, 86.125, 7.110271184303859e-24, nan 
-122.375, 86.125, 6.177215751652878e-24, nan 
-122.125, 86.125, 5.5715611853413784e-24, nan 
-121.875, 86.125, 5.272680617459286e-24, nan 
-121.625, 86.125, 5.102699182386141e-24, nan 
-121.375, 86.125, 5.280886489579262e-24, nan 
-121.125, 86.125, 5.371887175470844e-24, nan 
-120.875, 86.125, 5.707385516882884e-24, nan 
-120.625, 86.125, 5.909437510864761e-24, nan 
-120.375, 86.125, 6.039489407070414e-24, nan 
-120.125, 86.125, 5.7224431234735604e-24, nan 
-119.875, 86.125, 5.2301413674321325e-24, nan 
-119.625, 86.125, 5.0466554083693795e-24, nan 
-119.375, 86.125, 5.005454860825984e-24, nan 
-119.125, 86.125, 5.087862095196865e-24, nan 
-118.875, 86.125, 4.786675728314952e-24, nan 
-118.625, 86.125, 4.2622330504808524e-24, nan 
-118.375, 86.125, 3.7239513457088185e-24, nan 
-118.125, 86.125, 3.347633667734197e-24, nan 
-117.875, 86.125, 2.889174383304539e-24, nan 
-117.625, 86.125, 2.5922250095431555e-24, nan 
-117.375, 86.125, 2.5458981284157074e-24, nan 
-117.125, 86.125, 2.640275040343634e-24, nan 
-116.875, 86.125, 2.9895352478134916e-24, nan 
-116.625, 86.125, 3.457776548106146e-24, nan 
-116.375, 86.125, 3.666718358308908e-24, nan 
-116.125, 86.125, 3.365677207913517e-24, nan 
-115.875, 86.125, 3.0689352785010173e-24, nan 
-115.625, 86.125, 2.568233546882512e-24, nan 
-115.375, 86.125, 1.8047179153923652e-24, nan 
-115.125, 86.125, 1.5022079632222754e-24, nan 
-114.875, 86.125, 1.1404969533566042e-24, nan 
-114.625, 86.125, 7.866604578003729e-25, nan 
-114.375, 86.125, 1.2967412734216556e-24, nan 
-114.125, 86.125, 1.3216552826866668e-24, nan 
-113.875, 86.125, 1.5127572589258525e-24, nan 
-113.625, 86.125, 1.854452126739374e-24, nan 
-113.375, 86.125, 2.3299732294686387e-24, nan 
-113.125, 86.125, 2.7733032515388892e-24, nan 
-112.875, 86.125, 3.303120483585768e-24, nan 
-112.625, 86.125, 4.269030870402993e-24, nan 
-112.375, 86.125, 4.436123353409677e-24, nan 
-112.125, 86.125, 4.666665297084988e-24, nan 
-111.875, 86.125, 4.806949105931611e-24, nan 
-111.625, 86.125, 4.151264349182519e-24, nan 
-111.375, 86.125, 3.6536429013550396e-24, nan 
-111.125, 86.125, 3.328383785246951e-24, nan 
-110.875, 86.125, 3.199637505577385e-24, nan 
-110.625, 86.125, 3.2132702813380882e-24, nan 
-110.375, 86.125, 3.481965643344089e-24, nan 
-110.125, 86.125, 3.618770635192823e-24, nan 
-109.875, 86.125, 3.41784135166601e-24, nan 
-109.625, 86.125, 3.269355313857354e-24, nan 
-109.375, 86.125, 2.4822626010318403e-24, nan 
-109.125, 86.125, 3.442367740546313e-24, nan 
-108.875, 86.125, 4.576996028394424e-24, nan 
-108.625, 86.125, 4.897839739010715e-24, nan 
-108.375, 86.125, 4.803017470388071e-24, nan 
-108.125, 86.125, 5.940085763060754e-24, nan 
-107.875, 86.125, 7.235584139789137e-24, nan 
-107.625, 86.125, 8.099673584020998e-24, nan 
-107.375, 86.125, 9.029387189200442e-24, nan 
-107.125, 86.125, 9.648035625952437e-24, nan 
-106.875, 86.125, 9.675643708276157e-24, nan 
-106.625, 86.125, 8.9166428167768e-24, nan 
-106.375, 86.125, 7.916066462559364e-24, nan 
-106.125, 86.125, 5.2209011751679825e-24, nan 
-105.875, 86.125, 4.750704478247065e-24, nan 
-105.625, 86.125, 5.157595360791011e-24, nan 
-105.375, 86.125, 6.814013720046375e-24, nan 
-105.125, 86.125, 8.675420623710092e-24, nan 
-104.875, 86.125, 1.0098578134881819e-23, nan 
-104.625, 86.125, 9.073822501131729e-24, nan 
-104.375, 86.125, 9.153291725799253e-24, nan 
-104.125, 86.125, 9.962752966483678e-24, nan 
-103.875, 86.125, 1.024127389844525e-23, nan 
-103.625, 86.125, 1.1557754158221185e-23, nan 
-103.375, 86.125, 1.1788755418544091e-23, nan 
-103.125, 86.125, 1.244179072805226e-23, nan 
-102.875, 86.125, 1.1095410343063e-23, nan 
-102.625, 86.125, 9.515292864166328e-24, nan 
-102.375, 86.125, 9.152457018391628e-24, nan 
-102.125, 86.125, 9.901822187338441e-24, nan 
-101.875, 86.125, 1.1104048409558689e-23, nan 
-101.625, 86.125, 1.2409399716476206e-23, nan 
-101.375, 86.125, 1.2807240409856051e-23, nan 
-101.125, 86.125, 1.2373234229429831e-23, nan 
-100.875, 86.125, 1.1812066611313595e-23, nan 
-100.625, 86.125, 1.1609955043332711e-23, nan 
-100.375, 86.125, 1.1613935437913261e-23, nan 
-100.125, 86.125, 1.166099309264477e-23, nan 
-99.875, 86.125, 1.0496680795360418e-23, nan 
-99.625, 86.125, 9.981447872927058e-24, nan 
-99.375, 86.125, 1.0503863174739262e-23, nan 
-99.125, 86.125, 1.1411466805209828e-23, nan 
-98.875, 86.125, 1.241436946798511e-23, nan 
-98.625, 86.125, 1.4072599589254657e-23, nan 
-98.375, 86.125, 1.4795381826099378e-23, nan 
-98.125, 86.125, 1.5251973163504013e-23, nan 
-97.875, 86.125, 1.498635910888902e-23, nan 
-97.625, 86.125, 1.3699708017609622e-23, nan 
-97.375, 86.125, 1.2239596458108597e-23, nan 
-97.125, 86.125, 1.0616312652551673e-23, nan 
-96.875, 86.125, 1.0041539330883591e-23, nan 
-96.625, 86.125, 9.784322482142418e-24, nan 
-96.375, 86.125, 9.267501555445412e-24, nan 
-96.125, 86.125, 7.84774335663236e-24, nan 
-95.875, 86.125, 6.650427887006971e-24, nan 
-95.625, 86.125, 5.965669536215017e-24, nan 
-95.375, 86.125, 5.7766004413904935e-24, nan 
-95.125, 86.125, 5.510232936432011e-24, nan 
-94.875, 86.125, 5.709937533703983e-24, nan 
-94.625, 86.125, 5.6150814343145335e-24, nan 
-94.375, 86.125, 6.125197582748988e-24, nan 
-94.125, 86.125, 6.780755063264256e-24, nan 
-93.875, 86.125, 7.783953891913919e-24, nan 
-93.625, 86.125, 8.744504562373427e-24, nan 
-93.375, 86.125, 9.10899666387001e-24, nan 
-93.125, 86.125, 9.314681102417645e-24, nan 
-92.875, 86.125, 9.675049599659013e-24, nan 
-92.625, 86.125, 9.644464067860265e-24, nan 
-92.375, 86.125, 1.003274405236757e-23, nan 
-92.125, 86.125, 1.0113224010152846e-23, nan 
-91.875, 86.125, 1.03452350894082e-23, nan 
-91.625, 86.125, 1.0481443157374199e-23, nan 
-91.375, 86.125, 1.0618883567155242e-23, nan 
-91.125, 86.125, 1.0905110870620786e-23, nan 
-90.875, 86.125, 1.0669407333150878e-23, nan 
-90.625, 86.125, 1.0855279870688619e-23, nan 
-90.375, 86.125, 1.0787094254925611e-23, nan 
-90.125, 86.125, 1.064323204046707e-23, nan 
-89.875, 86.125, 1.0601786682152549e-23, nan 
-89.625, 86.125, 1.0505424672168313e-23, nan 
-89.375, 86.125, 1.036597353062399e-23, nan 
-89.125, 86.125, 1.0091389677318993e-23, nan 
-88.875, 86.125, 1.0034623522175134e-23, nan 
-88.625, 86.125, 9.865698427806113e-24, nan 
-88.375, 86.125, 9.209981260115255e-24, nan 
-88.125, 86.125, 8.737224925614275e-24, nan 
-87.875, 86.125, 8.729082963755728e-24, nan 
-87.625, 86.125, 8.598915673044441e-24, nan 
-87.375, 86.125, 8.739870875760568e-24, nan 
-87.125, 86.125, 8.489379525868006e-24, nan 
-86.875, 86.125, 8.044867236320998e-24, nan 
-86.625, 86.125, 7.974286733364112e-24, nan 
-86.375, 86.125, 8.198032251731845e-24, nan 
-86.125, 86.125, 8.073501948339828e-24, nan 
-85.875, 86.125, 7.88085499647309e-24, nan 
-85.625, 86.125, 7.991771811699014e-24, nan 
-85.375, 86.125, 7.856911763873316e-24, nan 
-85.125, 86.125, 7.689685501068938e-24, nan 
-84.875, 86.125, 7.61989022026018e-24, nan 
-84.625, 86.125, 7.379603404662485e-24, nan 
-84.375, 86.125, 7.222226203672942e-24, nan 
-84.125, 86.125, 7.314330221792787e-24, nan 
-83.875, 86.125, 7.294519166512126e-24, nan 
-83.625, 86.125, 6.703497357636857e-24, nan 
-83.375, 86.125, 6.552403601179562e-24, nan 
-83.125, 86.125, 6.108180237943371e-24, nan 
-82.875, 86.125, 5.607352422418574e-24, nan 
-82.625, 86.125, 5.617215229346368e-24, nan 
-82.375, 86.125, 5.645634855223795e-24, nan 
-82.125, 86.125, 4.610707724627545e-24, nan 
-81.875, 86.125, 3.8226391959116955e-24, nan 
-81.625, 86.125, 3.6313221547072204e-24, nan 
-81.375, 86.125, 3.820551512514634e-24, nan 
-81.125, 86.125, 4.037996228232691e-24, nan 
-80.875, 86.125, 4.1169667409115875e-24, nan 
-80.625, 86.125, 3.932712885462805e-24, nan 
-80.375, 86.125, 3.9899598864022445e-24, nan 
-80.125, 86.125, 4.2259470760748356e-24, nan 
-79.875, 86.125, 4.528367402298458e-24, nan 
-79.625, 86.125, 4.776650158913156e-24, nan 
-79.375, 86.125, 5.009380180158864e-24, nan 
-79.125, 86.125, 5.2198145612975394e-24, nan 
-78.875, 86.125, 5.5850888780564046e-24, nan 
-78.625, 86.125, 5.922239263149956e-24, nan 
-78.375, 86.125, 6.510603492439981e-24, nan 
-78.125, 86.125, 7.05166351508421e-24, nan 
-77.875, 86.125, 7.39005320456207e-24, nan 
-77.625, 86.125, 7.4638515112686e-24, nan 
-77.375, 86.125, 7.579387023807552e-24, nan 
-77.125, 86.125, 7.642897467719064e-24, nan 
-76.875, 86.125, 7.761655466007962e-24, nan 
-76.625, 86.125, 7.903609871832995e-24, nan 
-76.375, 86.125, 8.1915641928062e-24, nan 
-76.125, 86.125, 7.985921274518389e-24, nan 
-75.875, 86.125, 7.690569863894064e-24, nan 
-75.625, 86.125, 8.046145257043397e-24, nan 
-75.375, 86.125, 7.833670679324067e-24, nan 
-75.125, 86.125, 8.054897044337362e-24, nan 
-74.875, 86.125, 7.8601558738867e-24, nan 
-74.625, 86.125, 7.59504833288057e-24, nan 
-74.375, 86.125, 7.765951902237384e-24, nan 
-74.125, 86.125, 7.888971713137083e-24, nan 
-73.875, 86.125, 7.796818617154777e-24, nan 
-73.625, 86.125, 7.730395964260013e-24, nan 
-73.375, 86.125, 8.079432574902148e-24, nan 
-73.125, 86.125, 8.513826266750464e-24, nan 
-72.875, 86.125, 8.742205839175042e-24, nan 
-72.625, 86.125, 8.786800164895106e-24, nan 
-72.375, 86.125, 9.035899355773078e-24, nan 
-72.125, 86.125, 9.193484601631262e-24, nan 
-71.875, 86.125, 9.347477765097881e-24, nan 
-71.625, 86.125, 9.565273869084876e-24, nan 
-71.375, 86.125, 9.945021781463752e-24, nan 
-71.125, 86.125, 1.0500366497520066e-23, nan 
-70.875, 86.125, 1.1658374584286257e-23, nan 
-70.625, 86.125, 1.2454248446626863e-23, nan 
-70.375, 86.125, 1.2932224553744279e-23, nan 
-70.125, 86.125, 1.3023142547806368e-23, nan 
-69.875, 86.125, 1.312533297114225e-23, nan 
-69.625, 86.125, 1.2860924997727054e-23, nan 
-69.375, 86.125, 1.2492777900577544e-23, nan 
-69.125, 86.125, 1.2065415791863092e-23, nan 
-68.875, 86.125, 1.17227346183051e-23, nan 
-68.625, 86.125, 1.1402839320543599e-23, nan 
-68.375, 86.125, 1.0790717317610043e-23, nan 
-68.125, 86.125, 1.0475633855511598e-23, nan 
-67.875, 86.125, 9.990099880023515e-24, nan 
-67.625, 86.125, 9.193973876244718e-24, nan 
-67.375, 86.125, 8.665979332121202e-24, nan 
-67.125, 86.125, 1.0141380932644471e-23, nan 
-66.875, 86.125, 1.2112168859544032e-23, nan 
-66.625, 86.125, 1.32624158673308e-23, nan 
-66.375, 86.125, 1.3106378070969003e-23, nan 
-66.125, 86.125, 1.2987259644932553e-23, nan 
-65.875, 86.125, 1.2731772810241919e-23, nan 
-65.625, 86.125, 1.2494067592562278e-23, nan 
-65.375, 86.125, 1.2169294591684628e-23, nan 
-65.125, 86.125, 1.1928617811205418e-23, nan 
-64.875, 86.125, 1.1554190566196771e-23, nan 
-64.625, 86.125, 1.099096251258439e-23, nan 
-64.375, 86.125, 1.0546331077694592e-23, nan 
-64.125, 86.125, 9.940511219953832e-24, nan 
-63.875, 86.125, 8.971372236366616e-24, nan 
-63.625, 86.125, 7.682696657428545e-24, nan 
-63.375, 86.125, 6.098459910463726e-24, nan 
-63.125, 86.125, 5.5913440461400105e-24, nan 
-62.875, 86.125, 5.387567920250157e-24, nan 
-62.625, 86.125, 5.002181785748637e-24, nan 
-62.375, 86.125, 4.7895286002021315e-24, nan 
-62.125, 86.125, 4.874660852206263e-24, nan 
-61.875, 86.125, 4.918629244889609e-24, nan 
-61.625, 86.125, 6.036953359229193e-24, nan 
-61.375, 86.125, 6.339784579998827e-24, nan 
-61.125, 86.125, 6.357176509906398e-24, nan 
-60.875, 86.125, 6.87378636099449e-24, nan 
-60.625, 86.125, 7.252089260992198e-24, nan 
-60.375, 86.125, 8.168591021477632e-24, nan 
-60.125, 86.125, 8.316428326143795e-24, nan 
-59.875, 86.125, 8.357302072876305e-24, nan 
-59.625, 86.125, 8.345604084603318e-24, nan 
-59.375, 86.125, 8.440223228249497e-24, nan 
-59.125, 86.125, 8.435987668420881e-24, nan 
-58.875, 86.125, 8.230208307996019e-24, nan 
-58.625, 86.125, 8.040777180104298e-24, nan 
-58.375, 86.125, 7.92817465252919e-24, nan 
-58.125, 86.125, 7.716399751972077e-24, nan 
-57.875, 86.125, 7.54359142088694e-24, nan 
-57.625, 86.125, 7.340591268881634e-24, nan 
-57.375, 86.125, 7.151327017296801e-24, nan 
-57.125, 86.125, 6.837646730428349e-24, nan 
-56.875, 86.125, 6.63331610588933e-24, nan 
-56.625, 86.125, 6.1051204078236045e-24, nan 
-56.375, 86.125, 5.637760778899466e-24, nan 
-56.125, 86.125, 5.562501527584487e-24, nan 
-55.875, 86.125, 5.136249497915527e-24, nan 
-55.625, 86.125, 4.88193740446553e-24, nan 
-55.375, 86.125, 4.586434413800993e-24, nan 
-55.125, 86.125, 4.2365916258404485e-24, nan 
-54.875, 86.125, 3.933672564936467e-24, nan 
-54.625, 86.125, 3.8742985949246835e-24, nan 
-54.375, 86.125, 3.90447728051526e-24, nan 
-54.125, 86.125, 4.035230481506788e-24, nan 
-53.875, 86.125, 3.8906457573232686e-24, nan 
-53.625, 86.125, 4.0623649725203395e-24, nan 
-53.375, 86.125, 4.1970004557289375e-24, nan 
-53.125, 86.125, 4.1354514822801806e-24, nan 
-52.875, 86.125, 3.971941700245776e-24, nan 
-52.625, 86.125, 3.8759456923912075e-24, nan 
-52.375, 86.125, 4.0719655532800164e-24, nan 
-52.125, 86.125, 4.565436209318454e-24, nan 
-51.875, 86.125, 5.0264845401291535e-24, nan 
-51.625, 86.125, 5.3902610298362854e-24, nan 
-51.375, 86.125, 5.313748514938908e-24, nan 
-51.125, 86.125, 5.261680236918781e-24, nan 
-50.875, 86.125, 4.901766395990243e-24, nan 
-50.625, 86.125, 4.939805596237711e-24, nan 
-50.375, 86.125, 5.002871576524648e-24, nan 
-50.125, 86.125, 5.797932774330407e-24, nan 
-49.875, 86.125, 5.1761992779943326e-24, nan 
-49.625, 86.125, 5.217839392372841e-24, nan 
-49.375, 86.125, 5.061161085841175e-24, nan 
-49.125, 86.125, 4.62258229395403e-24, nan 
-48.875, 86.125, 5.048470429509694e-24, nan 
-48.625, 86.125, 4.964066042887178e-24, nan 
-48.375, 86.125, 5.965260193012062e-24, nan 
-48.125, 86.125, 6.411952667705963e-24, nan 
-47.875, 86.125, 9.340578981433521e-24, nan 
-47.625, 86.125, 1.1326975199864457e-23, nan 
-47.375, 86.125, 1.4784515359835558e-23, nan 
-47.125, 86.125, 1.6327171729331597e-23, nan 
-46.875, 86.125, 1.8365905472922914e-23, nan 
-46.625, 86.125, 1.8372266846593584e-23, nan 
-46.375, 86.125, 1.825196883023914e-23, nan 
-46.125, 86.125, 1.8378761313699916e-23, nan 
-45.875, 86.125, 1.881769023434966e-23, nan 
-45.625, 86.125, 1.886845970871644e-23, nan 
-45.375, 86.125, 1.8990446244255333e-23, nan 
-45.125, 86.125, 1.9047425969096514e-23, nan 
-44.875, 86.125, 1.9102452317261938e-23, nan 
-44.625, 86.125, 1.9662179205747717e-23, nan 
-44.375, 86.125, 1.9684529656107242e-23, nan 
-44.125, 86.125, 1.999574803967215e-23, nan 
-43.875, 86.125, 2.0177797045333147e-23, nan 
-43.625, 86.125, 2.028202011012619e-23, nan 
-43.375, 86.125, 2.0560659775432955e-23, nan 
-43.125, 86.125, 2.0767637075683558e-23, nan 
-42.875, 86.125, 2.0807223692769685e-23, nan 
-42.625, 86.125, 2.0912842409434775e-23, nan 
-42.375, 86.125, 2.1225528705629043e-23, nan 
-42.125, 86.125, 2.1140717171366636e-23, nan 
-41.875, 86.125, 2.10354367120528e-23, nan 
-41.625, 86.125, 2.099234142479632e-23, nan 
-41.375, 86.125, 2.0914412080630333e-23, nan 
-41.125, 86.125, 2.085958161463808e-23, nan 
-40.875, 86.125, 2.123225397589134e-23, nan 
-40.625, 86.125, 2.1545223266520852e-23, nan 
-40.375, 86.125, 2.1700535902951e-23, nan 
-40.125, 86.125, 2.1922228641031297e-23, nan 
-39.875, 86.125, 2.202218791764978e-23, nan 
-39.625, 86.125, 2.1957249106061443e-23, nan 
-39.375, 86.125, 2.2615366624442708e-23, nan 
-39.125, 86.125, 2.199652164105914e-23, nan 
-38.875, 86.125, 2.1134112089142496e-23, nan 
-38.625, 86.125, 2.084441310885738e-23, nan 
-38.375, 86.125, 2.0779169236235353e-23, nan 
-38.125, 86.125, 2.0725032766995147e-23, nan 
-37.875, 86.125, 2.0819576172197111e-23, nan 
-37.625, 86.125, 2.074268274916906e-23, nan 
-37.375, 86.125, 2.0965980830197333e-23, nan 
-37.125, 86.125, 2.182579028866274e-23, nan 
-36.875, 86.125, 2.172858430555078e-23, nan 
-36.625, 86.125, 2.196669041204644e-23, nan 
-36.375, 86.125, 2.2568552133549398e-23, nan 
-36.125, 86.125, 2.3216323938215856e-23, nan 
-35.875, 86.125, 2.2598323820089568e-23, nan 
-35.625, 86.125, 2.2495708002901964e-23, nan 
-35.375, 86.125, 2.1648390893027587e-23, nan 
-35.125, 86.125, 2.161978248348877e-23, nan 
-34.875, 86.125, 2.1567028369408954e-23, nan 
-34.625, 86.125, 2.150685564565392e-23, nan 
-34.375, 86.125, 2.12949143123148e-23, nan 
-34.125, 86.125, 2.0949674236266443e-23, nan 
-33.875, 86.125, 2.1500711888502484e-23, nan 
-33.625, 86.125, 2.170334653404652e-23, nan 
-33.375, 86.125, 2.1392091008301023e-23, nan 
-33.125, 86.125, 2.1934186872268866e-23, nan 
-32.875, 86.125, 2.2788246017828602e-23, nan 
-32.625, 86.125, 2.385642238940436e-23, nan 
-32.375, 86.125, 2.3326237059244055e-23, nan 
-32.125, 86.125, 2.322590807729056e-23, nan 
-31.875, 86.125, 2.3445084868833695e-23, nan 
-31.625, 86.125, 2.3203946851711648e-23, nan 
-31.375, 86.125, 2.265345787968646e-23, nan 
-31.125, 86.125, 2.2542494518836177e-23, nan 
-30.875, 86.125, 2.2904511795710616e-23, nan 
-30.625, 86.125, 2.2844753265564126e-23, nan 
-30.375, 86.125, 2.316894301769045e-23, nan 
-30.125, 86.125, 2.2085123896027824e-23, nan 
-29.875, 86.125, 2.1143967236546308e-23, nan 
-29.625, 86.125, 1.989983731557614e-23, nan 
-29.375, 86.125, 1.8729939901152442e-23, nan 
-29.125, 86.125, 1.7287472009087832e-23, nan 
-28.875, 86.125, 1.670060368551979e-23, nan 
-28.625, 86.125, 1.55352283098637e-23, nan 
-28.375, 86.125, 1.5394509376021325e-23, nan 
-28.125, 86.125, 1.5099320303704716e-23, nan 
-27.875, 86.125, 1.4612712345251932e-23, nan 
-27.625, 86.125, 1.472170284614361e-23, nan 
-27.375, 86.125, 1.4808676112222693e-23, nan 
-27.125, 86.125, 1.4919708652908172e-23, nan 
-26.875, 86.125, 1.4884660187318866e-23, nan 
-26.625, 86.125, 1.4523496967589572e-23, nan 
-26.375, 86.125, 1.3986913415311458e-23, nan 
-26.125, 86.125, 1.4114723491074637e-23, nan 
-25.875, 86.125, 1.352487650719686e-23, nan 
-25.625, 86.125, 1.225197028360236e-23, nan 
-25.375, 86.125, 1.1353639815089477e-23, nan 
-25.125, 86.125, 1.123529126535905e-23, nan 
-24.875, 86.125, 1.0944026829808715e-23, nan 
-24.625, 86.125, 1.0493759660243577e-23, nan 
-24.375, 86.125, 1.0468152875088376e-23, nan 
-24.125, 86.125, 1.0603359174139572e-23, nan 
-23.875, 86.125, 1.0512949734061421e-23, nan 
-23.625, 86.125, 1.0450038640007365e-23, nan 
-23.375, 86.125, 9.39165543601681e-24, nan 
-23.125, 86.125, 9.003715149367268e-24, nan 
-22.875, 86.125, 8.77422469353797e-24, nan 
-22.625, 86.125, 6.727825515788637e-24, nan 
-22.375, 86.125, 6.536653081863583e-24, nan 
-22.125, 86.125, 6.48227031408525e-24, nan 
-21.875, 86.125, 6.45659963170648e-24, nan 
-21.625, 86.125, 6.4126412815064526e-24, nan 
-21.375, 86.125, 6.3872181706442925e-24, nan 
-21.125, 86.125, 6.4927970418289556e-24, nan 
-20.875, 86.125, 6.51879214953682e-24, nan 
-20.625, 86.125, 6.443627489317528e-24, nan 
-20.375, 86.125, 6.578101500949467e-24, nan 
-20.125, 86.125, 6.627838121951391e-24, nan 
-19.875, 86.125, 6.820891863187985e-24, nan 
-19.625, 86.125, 6.91781582325643e-24, nan 
-19.375, 86.125, 7.131143785315994e-24, nan 
-19.125, 86.125, 7.092557923907732e-24, nan 
-18.875, 86.125, 5.570677441837101e-24, nan 
-18.625, 86.125, 5.0946636589204244e-24, nan 
-18.375, 86.125, 4.674107360979221e-24, nan 
-18.125, 86.125, 4.902216015873166e-24, nan 
-17.875, 86.125, 4.904558740701319e-24, nan 
-17.625, 86.125, 5.264411984446996e-24, nan 
-17.375, 86.125, 5.4004101170776305e-24, nan 
-17.125, 86.125, 5.757742178212366e-24, nan 
-16.875, 86.125, 6.991519409891497e-24, nan 
-16.625, 86.125, 8.609454547308536e-24, nan 
-16.375, 86.125, 8.528560920764603e-24, nan 
-16.125, 86.125, 9.646302603188504e-24, nan 
-15.875, 86.125, 1.0733129644793367e-23, nan 
-15.625, 86.125, 1.0768976647992716e-23, nan 
-15.375, 86.125, 1.0607271493780085e-23, nan 
-15.125, 86.125, 1.1841665850946807e-23, nan 
-14.875, 86.125, 1.239996028690147e-23, nan 
-14.625, 86.125, 1.2606223656204535e-23, nan 
-14.375, 86.125, 1.2451998679831896e-23, nan 
-14.125, 86.125, 1.1763316853495716e-23, nan 
-13.875, 86.125, 1.183331525806718e-23, nan 
-13.625, 86.125, 1.1270492646856938e-23, nan 
-13.375, 86.125, 1.1219446780371184e-23, nan 
-13.125, 86.125, 1.1808646285118312e-23, nan 
-12.875, 86.125, 1.2096013272017747e-23, nan 
-12.625, 86.125, 1.2390958050027502e-23, nan 
-12.375, 86.125, 1.236578581482401e-23, nan 
-12.125, 86.125, 1.2274849046989115e-23, nan 
-11.875, 86.125, 1.131338782406154e-23, nan 
-11.625, 86.125, 1.0954498894494721e-23, nan 
-11.375, 86.125, 1.0344849900431571e-23, nan 
-11.125, 86.125, 9.642550114100196e-24, nan 
-10.875, 86.125, 7.465723032655129e-24, nan 
-10.625, 86.125, 6.6013126321319154e-24, nan 
-10.375, 86.125, 5.941738827692435e-24, nan 
-10.125, 86.125, 6.4649479828694135e-24, nan 
-9.875, 86.125, 6.031675601336528e-24, nan 
-9.625, 86.125, 6.974577191427331e-24, nan 
-9.375, 86.125, 7.405515234770372e-24, nan 
-9.125, 86.125, 6.893000863195695e-24, nan 
-8.875, 86.125, 7.159521620849654e-24, nan 
-8.625, 86.125, 7.575165505069817e-24, nan 
-8.375, 86.125, 7.763595824388506e-24, nan 
-8.125, 86.125, 7.887906220783531e-24, nan 
-7.875, 86.125, 8.510620366063503e-24, nan 
-7.625, 86.125, 9.916309030079988e-24, nan 
-7.375, 86.125, 1.139863667159693e-23, nan 
-7.125, 86.125, 1.2808812441984894e-23, nan 
-6.875, 86.125, 1.4536247285854642e-23, nan 
-6.625, 86.125, 1.5431721977027195e-23, nan 
-6.375, 86.125, 1.6742682853313928e-23, nan 
-6.125, 86.125, 1.7933102654163998e-23, nan 
-5.875, 86.125, 2.0063788858316238e-23, nan 
-5.625, 86.125, 2.15963119621008e-23, nan 
-5.375, 86.125, 2.0531518863968213e-23, nan 
-5.125, 86.125, 2.1185743000362156e-23, nan 
-4.875, 86.125, 2.1851843888230025e-23, nan 
-4.625, 86.125, 2.1514104098625963e-23, nan 
-4.375, 86.125, 2.1546456853036784e-23, nan 
-4.125, 86.125, 2.167511502213733e-23, nan 
-3.875, 86.125, 2.1731702542760765e-23, nan 
-3.625, 86.125, 2.1189741150820073e-23, nan 
-3.375, 86.125, 2.1141341754388634e-23, nan 
-3.125, 86.125, 2.1663612673367482e-23, nan 
-2.875, 86.125, 2.2593843371867232e-23, nan 
-2.625, 86.125, 2.302015345239619e-23, nan 
-2.375, 86.125, 2.3394853014635128e-23, nan 
-2.125, 86.125, 2.3989522430978187e-23, nan 
-1.875, 86.125, 2.4270718586054696e-23, nan 
-1.625, 86.125, 2.415448199973473e-23, nan 
-1.375, 86.125, 2.4806084037759788e-23, nan 
-1.125, 86.125, 2.505169444454335e-23, nan 
-0.875, 86.125, 2.5542976557948505e-23, nan 
-0.625, 86.125, 2.5299227729333715e-23, nan 
-0.375, 86.125, 2.5138881361598074e-23, nan 
-0.125, 86.125, 2.2910139900493492e-23, nan 
0.125, 86.125, 2.1394864850295025e-23, nan 
0.375, 86.125, 1.9009479591379816e-23, nan 
0.625, 86.125, 1.7304321269352606e-23, nan 
0.875, 86.125, 1.6150337065097218e-23, nan 
1.125, 86.125, 1.6542094010414664e-23, nan 
1.375, 86.125, 1.7375367718133198e-23, nan 
1.625, 86.125, 1.8166290090186365e-23, nan 
1.875, 86.125, 1.8370863263240562e-23, nan 
2.125, 86.125, 1.8557633730626892e-23, nan 
2.375, 86.125, 1.95732746540079e-23, nan 
2.625, 86.125, 1.9915946834535656e-23, nan 
2.875, 86.125, 2.0335259592557556e-23, nan 
3.125, 86.125, 2.0609234909155936e-23, nan 
3.375, 86.125, 2.0957183152363343e-23, nan 
3.625, 86.125, 1.966500141320091e-23, nan 
3.875, 86.125, 1.8899644165058582e-23, nan 
4.125, 86.125, 1.762029896416464e-23, nan 
4.375, 86.125, 1.5925420331720968e-23, nan 
4.625, 86.125, 1.3909025584791777e-23, nan 
4.875, 86.125, 1.33153689136782e-23, nan 
5.125, 86.125, 1.2813300415290747e-23, nan 
5.375, 86.125, 1.231958072407949e-23, nan 
5.625, 86.125, 1.2141868471812867e-23, nan 
5.875, 86.125, 1.0406473959059891e-23, nan 
6.125, 86.125, 9.335225848029897e-24, nan 
6.375, 86.125, 9.439245646632665e-24, nan 
6.625, 86.125, 8.882981848284371e-24, nan 
6.875, 86.125, 8.506939897485281e-24, nan 
7.125, 86.125, 8.328073849183629e-24, nan 
7.375, 86.125, 7.95328445820962e-24, nan 
7.625, 86.125, 7.837004551262718e-24, nan 
7.875, 86.125, 7.193723218282948e-24, nan 
8.125, 86.125, 6.76294478490535e-24, nan 
8.375, 86.125, 6.741929101427957e-24, nan 
8.625, 86.125, 6.563458107179942e-24, nan 
8.875, 86.125, 6.173153065423233e-24, nan 
9.125, 86.125, 5.8548239626867754e-24, nan 
9.375, 86.125, 5.4345289098231064e-24, nan 
9.625, 86.125, 5.363113572338735e-24, nan 
9.875, 86.125, 5.0691099847212106e-24, nan 
10.125, 86.125, 4.764968929316006e-24, nan 
10.375, 86.125, 4.6575697779219636e-24, nan 
10.625, 86.125, 4.3824466419924345e-24, nan 
10.875, 86.125, 4.1415370575673005e-24, nan 
11.125, 86.125, 4.092440070793145e-24, nan 
11.375, 86.125, 3.890489254179219e-24, nan 
11.625, 86.125, 3.8083868492469745e-24, nan 
11.875, 86.125, 3.617175545289794e-24, nan 
12.125, 86.125, 3.2665240021397165e-24, nan 
12.375, 86.125, 3.1029587448806462e-24, nan 
12.625, 86.125, 3.165843991074303e-24, nan 
12.875, 86.125, 3.674432564343912e-24, nan 
13.125, 86.125, 4.334610722495751e-24, nan 
13.375, 86.125, 5.041311001439042e-24, nan 
13.625, 86.125, 5.04391478435144e-24, nan 
13.875, 86.125, 4.474107616416315e-24, nan 
14.125, 86.125, 4.295070083068286e-24, nan 
14.375, 86.125, 4.269637813055709e-24, nan 
14.625, 86.125, 4.075916046375507e-24, nan 
14.875, 86.125, 3.917415391414174e-24, nan 
15.125, 86.125, 4.013642329220949e-24, nan 
15.375, 86.125, 3.9284167757325644e-24, nan 
15.625, 86.125, 3.631877529318128e-24, nan 
15.875, 86.125, 3.364076395304175e-24, nan 
16.125, 86.125, 2.619123439939594e-24, nan 
16.375, 86.125, 2.4174462736006352e-24, nan 
16.625, 86.125, 2.080550121940969e-24, nan 
16.875, 86.125, 2.108315069508577e-24, nan 
17.125, 86.125, 2.016225505055902e-24, nan 
17.375, 86.125, 1.983878763289788e-24, nan 
17.625, 86.125, 2.4768907202649154e-24, nan 
17.875, 86.125, 3.050727238782098e-24, nan 
18.125, 86.125, 3.426711533689662e-24, nan 
18.375, 86.125, 3.02756281140338e-24, nan 
18.625, 86.125, 2.7043002141753624e-24, nan 
18.875, 86.125, 2.619174306650179e-24, nan 
19.125, 86.125, 2.8623250630360732e-24, nan 
19.375, 86.125, 2.976760797369179e-24, nan 
19.625, 86.125, 3.9391116589514884e-24, nan 
19.875, 86.125, 5.583569024659308e-24, nan 
20.125, 86.125, 6.860119797818328e-24, nan 
20.375, 86.125, 8.361807613840822e-24, nan 
20.625, 86.125, 9.877602074603588e-24, nan 
20.875, 86.125, 1.0339403258099771e-23, nan 
21.125, 86.125, 1.1361089754201682e-23, nan 
21.375, 86.125, 1.1853978470424772e-23, nan 
21.625, 86.125, 1.2694814712413944e-23, nan 
21.875, 86.125, 1.3331870213412305e-23, nan 
22.125, 86.125, 1.333085554835666e-23, nan 
22.375, 86.125, 1.4067566705868034e-23, nan 
22.625, 86.125, 1.4727593181972738e-23, nan 
22.875, 86.125, 1.474048140892538e-23, nan 
23.125, 86.125, 1.532180535129592e-23, nan 
23.375, 86.125, 1.5722009360923428e-23, nan 
23.625, 86.125, 1.59162078628115e-23, nan 
23.875, 86.125, 1.617894610989576e-23, nan 
24.125, 86.125, 1.685035283561431e-23, nan 
24.375, 86.125, 1.753676710211895e-23, nan 
24.625, 86.125, 1.8378032094382168e-23, nan 
24.875, 86.125, 1.9204564261074525e-23, nan 
25.125, 86.125, 1.9878682223516416e-23, nan 
25.375, 86.125, 2.09122889094533e-23, nan 
25.625, 86.125, 2.1412628958532942e-23, nan 
25.875, 86.125, 2.1539054752730863e-23, nan 
26.125, 86.125, 2.2170085919485167e-23, nan 
26.375, 86.125, 2.2353875277681026e-23, nan 
26.625, 86.125, 2.2461934428280734e-23, nan 
26.875, 86.125, 2.2973863501481315e-23, nan 
27.125, 86.125, 2.411908644943215e-23, nan 
27.375, 86.125, 2.4534710734020614e-23, nan 
27.625, 86.125, 2.523573622185756e-23, nan 
27.875, 86.125, 2.4880047971668243e-23, nan 
28.125, 86.125, 2.5299877702701025e-23, nan 
28.375, 86.125, 2.5206024790385974e-23, nan 
28.625, 86.125, 2.3272445045028543e-23, nan 
28.875, 86.125, 1.9206707546962993e-23, nan 
29.125, 86.125, 1.809299515105977e-23, nan 
29.375, 86.125, 1.823049081711512e-23, nan 
29.625, 86.125, 1.83446091484987e-23, nan 
29.875, 86.125, 1.9158421958736246e-23, nan 
30.125, 86.125, 1.941968840297836e-23, nan 
30.375, 86.125, 1.9532619220363084e-23, nan 
30.625, 86.125, 2.0135071631773108e-23, nan 
30.875, 86.125, 2.1520928494518385e-23, nan 
31.125, 86.125, 2.1915246223920992e-23, nan 
31.375, 86.125, 2.2504702184093466e-23, nan 
31.625, 86.125, 2.3240332061088212e-23, nan 
31.875, 86.125, 2.4168222835804133e-23, nan 
32.125, 86.125, 2.460433521854363e-23, nan 
32.375, 86.125, 2.3531448430040213e-23, nan 
32.625, 86.125, 2.0583501722970442e-23, nan 
32.875, 86.125, 1.826484944302712e-23, nan 
33.125, 86.125, 1.6658690402027892e-23, nan 
33.375, 86.125, 1.60786133526905e-23, nan 
33.625, 86.125, 1.5239442333191657e-23, nan 
33.875, 86.125, 1.4001836948394157e-23, nan 
34.125, 86.125, 1.3450529780257314e-23, nan 
34.375, 86.125, 1.184383810167711e-23, nan 
34.625, 86.125, 1.0618694739765905e-23, nan 
34.875, 86.125, 9.901513700538457e-24, nan 
35.125, 86.125, 9.310072189655386e-24, nan 
35.375, 86.125, 8.864427179418182e-24, nan 
35.625, 86.125, 8.143499730387712e-24, nan 
35.875, 86.125, 7.527233170785858e-24, nan 
36.125, 86.125, 7.181667568275049e-24, nan 
36.375, 86.125, 6.68136477045691e-24, nan 
36.625, 86.125, 6.761952154904099e-24, nan 
36.875, 86.125, 6.485352224258926e-24, nan 
37.125, 86.125, 6.264109710337236e-24, nan 
37.375, 86.125, 6.3042663151316146e-24, nan 
37.625, 86.125, 6.759981408090793e-24, nan 
37.875, 86.125, 8.603072929859997e-24, nan 
38.125, 86.125, 1.2558049624327173e-23, nan 
38.375, 86.125, 1.1510391734456656e-23, nan 
38.625, 86.125, 1.0153525917082588e-23, nan 
38.875, 86.125, 7.977307705962158e-24, nan 
39.125, 86.125, 9.360004912064929e-24, nan 
39.375, 86.125, 8.951684963446256e-24, nan 
39.625, 86.125, 1.0399786289130286e-23, nan 
39.875, 86.125, 1.1573655360697509e-23, nan 
40.125, 86.125, 1.1975823296567226e-23, nan 
40.375, 86.125, 1.2851475637956277e-23, nan 
40.625, 86.125, 1.336374426924203e-23, nan 
40.875, 86.125, 1.334701332895931e-23, nan 
41.125, 86.125, 1.2221783941250262e-23, nan 
41.375, 86.125, 1.5307886491976377e-23, nan 
41.625, 86.125, 1.68972295216545e-23, nan 
41.875, 86.125, 1.9291329487843962e-23, nan 
42.125, 86.125, 2.0615819634938846e-23, nan 
42.375, 86.125, 2.1932826012847618e-23, nan 
42.625, 86.125, 2.2692583284493015e-23, nan 
42.875, 86.125, 2.4500604136535883e-23, nan 
43.125, 86.125, 2.6695747988218105e-23, nan 
43.375, 86.125, 2.9165378730865604e-23, nan 
43.625, 86.125, 3.090373817525521e-23, nan 
43.875, 86.125, 3.20849258242269e-23, nan 
44.125, 86.125, 3.3738822981215025e-23, nan 
44.375, 86.125, 3.463594956581005e-23, nan 
44.625, 86.125, 3.6527877706806583e-23, nan 
44.875, 86.125, 3.9295249192600535e-23, nan 
45.125, 86.125, 4.161208938372093e-23, nan 
45.375, 86.125, 4.236749957553242e-23, nan 
45.625, 86.125, 4.512284576244936e-23, nan 
45.875, 86.125, 4.5909996758910846e-23, nan 
46.125, 86.125, 4.835847815047702e-23, nan 
46.375, 86.125, 4.73516078393785e-23, nan 
46.625, 86.125, 4.8198277768015514e-23, nan 
46.875, 86.125, 4.860476832807223e-23, nan 
47.125, 86.125, 5.1017534871748446e-23, nan 
47.375, 86.125, 5.2121656863188524e-23, nan 
47.625, 86.125, 5.411551936331885e-23, nan 
47.875, 86.125, 5.2559732731089734e-23, nan 
48.125, 86.125, 4.460638754486472e-23, nan 
48.375, 86.125, 4.0122976920862356e-23, nan 
48.625, 86.125, 3.8162161142451255e-23, nan 
48.875, 86.125, 3.727269583389518e-23, nan 
49.125, 86.125, 3.714387585722729e-23, nan 
49.375, 86.125, 3.861405244060901e-23, nan 
49.625, 86.125, 3.908065622118394e-23, nan 
49.875, 86.125, 4.165902638472555e-23, nan 
50.125, 86.125, 4.10399297598177e-23, nan 
50.375, 86.125, 4.2426601942119135e-23, nan 
50.625, 86.125, 4.3643789429643573e-23, nan 
50.875, 86.125, 4.7103162634889613e-23, nan 
51.125, 86.125, 4.8258111996524106e-23, nan 
51.375, 86.125, 5.1387733399060143e-23, nan 
51.625, 86.125, 5.097949800859719e-23, nan 
51.875, 86.125, 4.658990721698052e-23, nan 
52.125, 86.125, 4.356103055175556e-23, nan 
52.375, 86.125, 4.2105062625278497e-23, nan 
52.625, 86.125, 4.03831723771546e-23, nan 
52.875, 86.125, 3.925260975212514e-23, nan 
53.125, 86.125, 3.7281803657269595e-23, nan 
53.375, 86.125, 3.64532060294308e-23, nan 
53.625, 86.125, 3.548920198998614e-23, nan 
53.875, 86.125, 3.5335168401102143e-23, nan 
54.125, 86.125, 3.0443691940108384e-23, nan 
54.375, 86.125, 2.4536858174657853e-23, nan 
54.625, 86.125, 2.521390718982938e-23, nan 
54.875, 86.125, 2.5594111295528007e-23, nan 
55.125, 86.125, 2.734452333224369e-23, nan 
55.375, 86.125, 2.9015054196173294e-23, nan 
55.625, 86.125, 3.0004186441267875e-23, nan 
55.875, 86.125, 3.077697534300018e-23, nan 
56.125, 86.125, 3.2065207302416544e-23, nan 
56.375, 86.125, 3.2346174281792375e-23, nan 
56.625, 86.125, 3.355287998027662e-23, nan 
56.875, 86.125, 3.2717173279767564e-23, nan 
57.125, 86.125, 3.363806796949745e-23, nan 
57.375, 86.125, 3.324501174428793e-23, nan 
57.625, 86.125, 3.401771359058476e-23, nan 
57.875, 86.125, 3.4280456883758245e-23, nan 
58.125, 86.125, 3.458673553345051e-23, nan 
58.375, 86.125, 3.522301877653302e-23, nan 
58.625, 86.125, 3.5571740523938534e-23, nan 
58.875, 86.125, 3.584458188358845e-23, nan 
59.125, 86.125, 3.6652590598097615e-23, nan 
59.375, 86.125, 3.774287806858882e-23, nan 
59.625, 86.125, 3.817129003994597e-23, nan 
59.875, 86.125, 3.794175100646674e-23, nan 
60.125, 86.125, 3.7995183009491225e-23, nan 
60.375, 86.125, 3.849764295422305e-23, nan 
60.625, 86.125, 4.289924111679931e-23, nan 
60.875, 86.125, 4.413702368446977e-23, nan 
61.125, 86.125, 4.383518510847754e-23, nan 
61.375, 86.125, 4.3259077069632553e-23, nan 
61.625, 86.125, 4.169241666147998e-23, nan 
61.875, 86.125, 4.07366637564512e-23, nan 
62.125, 86.125, 4.073673810785373e-23, nan 
62.375, 86.125, 4.1154892120887936e-23, nan 
62.625, 86.125, 4.035436265723221e-23, nan 
62.875, 86.125, 3.9036404006499843e-23, nan 
63.125, 86.125, 3.746876460452148e-23, nan 
63.375, 86.125, 3.5612317110412896e-23, nan 
63.625, 86.125, 3.358634849781243e-23, nan 
63.875, 86.125, 3.193998971046994e-23, nan 
64.125, 86.125, 3.0342544842294976e-23, nan 
64.375, 86.125, 2.8781237801198735e-23, nan 
64.625, 86.125, 2.678766017567292e-23, nan 
64.875, 86.125, 2.4892137487439973e-23, nan 
65.125, 86.125, 2.303799050416489e-23, nan 
65.375, 86.125, 2.1460266395155637e-23, nan 
65.625, 86.125, 2.0056638901911787e-23, nan 
65.875, 86.125, 2.0653189165354368e-23, nan 
66.125, 86.125, 2.231078198638434e-23, nan 
66.375, 86.125, 2.435198018647679e-23, nan 
66.625, 86.125, 2.528285588405219e-23, nan 
66.875, 86.125, 2.5766459741610866e-23, nan 
67.125, 86.125, 2.445064596682563e-23, nan 
67.375, 86.125, 2.281691661969626e-23, nan 
67.625, 86.125, 2.0817698054249138e-23, nan 
67.875, 86.125, 1.9383278823564707e-23, nan 
68.125, 86.125, 1.787852568346915e-23, nan 
68.375, 86.125, 1.604032087280813e-23, nan 
68.625, 86.125, 1.44033142585823e-23, nan 
68.875, 86.125, 1.3752507630753037e-23, nan 
69.125, 86.125, 1.3027757425428962e-23, nan 
69.375, 86.125, 1.2836211786919532e-23, nan 
69.625, 86.125, 1.3622347911066255e-23, nan 
69.875, 86.125, 1.505042553359855e-23, nan 
70.125, 86.125, 1.7268345305231628e-23, nan 
70.375, 86.125, 1.8472374685582504e-23, nan 
70.625, 86.125, 1.9301542076435003e-23, nan 
70.875, 86.125, 1.996865208542589e-23, nan 
71.125, 86.125, 2.0186066321206598e-23, nan 
71.375, 86.125, 2.0060598421165983e-23, nan 
71.625, 86.125, 2.0474134614379562e-23, nan 
71.875, 86.125, 2.0593044223213284e-23, nan 
72.125, 86.125, 2.060289341555374e-23, nan 
72.375, 86.125, 2.0456510309905377e-23, nan 
72.625, 86.125, 2.0990471375520906e-23, nan 
72.875, 86.125, 2.0678505882225368e-23, nan 
73.125, 86.125, 1.993714905093372e-23, nan 
73.375, 86.125, 1.8767704194960724e-23, nan 
73.625, 86.125, 1.8057179826179616e-23, nan 
73.875, 86.125, 1.7857595465795202e-23, nan 
74.125, 86.125, 1.712071362510874e-23, nan 
74.375, 86.125, 1.711787816947956e-23, nan 
74.625, 86.125, 1.6932135961935714e-23, nan 
74.875, 86.125, 1.6203045979698498e-23, nan 
75.125, 86.125, 1.5919283641573176e-23, nan 
75.375, 86.125, 1.6789432160242333e-23, nan 
75.625, 86.125, 1.640777661393703e-23, nan 
75.875, 86.125, 1.8010326241840648e-23, nan 
76.125, 86.125, 2.2854075119933377e-23, nan 
76.375, 86.125, 2.5156191737024946e-23, nan 
76.625, 86.125, 2.5365820295651822e-23, nan 
76.875, 86.125, 2.600043407947794e-23, nan 
77.125, 86.125, 2.694063052215123e-23, nan 
77.375, 86.125, 2.8759862012966346e-23, nan 
77.625, 86.125, 2.9874381002870044e-23, nan 
77.875, 86.125, 3.1471963897987255e-23, nan 
78.125, 86.125, 3.2031227703719476e-23, nan 
78.375, 86.125, 3.1929942375157495e-23, nan 
78.625, 86.125, 3.26643503234398e-23, nan 
78.875, 86.125, 3.356594700620162e-23, nan 
79.125, 86.125, 3.178582254255256e-23, nan 
79.375, 86.125, 3.252127859847791e-23, nan 
79.625, 86.125, 3.472278136347659e-23, nan 
79.875, 86.125, 3.560721297926132e-23, nan 
80.125, 86.125, 3.565532040950703e-23, nan 
80.375, 86.125, 3.364637422142426e-23, nan 
80.625, 86.125, 3.317686700842497e-23, nan 
80.875, 86.125, 3.348896231650471e-23, nan 
81.125, 86.125, 3.2792866232270497e-23, nan 
81.375, 86.125, 3.5096012904597624e-23, nan 
81.625, 86.125, 3.5393256228173995e-23, nan 
81.875, 86.125, 3.684819582776443e-23, nan 
82.125, 86.125, 3.805565895221217e-23, nan 
82.375, 86.125, 3.83020765933057e-23, nan 
82.625, 86.125, 3.7204145509466404e-23, nan 
82.875, 86.125, 3.6029789910038214e-23, nan 
83.125, 86.125, 3.644147229524729e-23, nan 
83.375, 86.125, 3.886247448087855e-23, nan 
83.625, 86.125, 3.6901608245989025e-23, nan 
83.875, 86.125, 2.788917268487335e-23, nan 
84.125, 86.125, 1.7240413987265243e-23, nan 
84.375, 86.125, 1.5349406005772055e-23, nan 
84.625, 86.125, 2.008967201216571e-23, nan 
84.875, 86.125, 2.8502414791278846e-23, nan 
85.125, 86.125, 4.69731925921656e-23, nan 
85.375, 86.125, 5.808990107870543e-23, nan 
85.625, 86.125, 7.762225830855599e-23, nan 
85.875, 86.125, 8.307477816884979e-23, nan 
86.125, 86.125, 8.505338491531995e-23, nan 
86.375, 86.125, 9.407840995210276e-23, nan 
86.625, 86.125, 1.0076821814551324e-22, nan 
86.875, 86.125, 1.1103702412418594e-22, nan 
87.125, 86.125, 1.2008523293851954e-22, nan 
87.375, 86.125, 1.1887788835996852e-22, nan 
87.625, 86.125, 1.0395427205096468e-22, nan 
87.875, 86.125, 9.046032194604878e-23, nan 
88.125, 86.125, 8.503110857489147e-23, nan 
88.375, 86.125, 8.737869069581471e-23, nan 
88.625, 86.125, 8.974328552305871e-23, nan 
88.875, 86.125, 9.594440485920097e-23, nan 
89.125, 86.125, 1.0029000692133647e-22, nan 
89.375, 86.125, 1.0824985882182278e-22, nan 
89.625, 86.125, 1.1275358951446645e-22, nan 
89.875, 86.125, 1.0474955600923352e-22, nan 
90.125, 86.125, 9.367568299800089e-23, nan 
90.375, 86.125, 9.402956208905644e-23, nan 
90.625, 86.125, 9.454829175870768e-23, nan 
90.875, 86.125, 9.868249911048574e-23, nan 
91.125, 86.125, 1.004854476405183e-22, nan 
91.375, 86.125, 1.0092068459951779e-22, nan 
91.625, 86.125, 1.032251929895055e-22, nan 
91.875, 86.125, 1.039601671443187e-22, nan 
92.125, 86.125, 1.044126399386346e-22, nan 
92.375, 86.125, 1.0394786685248098e-22, nan 
92.625, 86.125, 1.0486912800723703e-22, nan 
92.875, 86.125, 1.0572133267788773e-22, nan 
93.125, 86.125, 1.0177887395126671e-22, nan 
93.375, 86.125, 1.0302206501054905e-22, nan 
93.625, 86.125, 1.209284032810943e-22, nan 
93.875, 86.125, 1.3995427645213699e-22, nan 
94.125, 86.125, 1.541991572943997e-22, nan 
94.375, 86.125, 1.6600030059313064e-22, nan 
94.625, 86.125, 1.8879520948299688e-22, nan 
94.875, 86.125, 2.154319294183412e-22, nan 
95.125, 86.125, 2.5036368009703384e-22, nan 
95.375, 86.125, 2.696887358099652e-22, nan 
95.625, 86.125, 2.7369880624778184e-22, nan 
95.875, 86.125, 2.7522442211732964e-22, nan 
96.125, 86.125, 2.725437765715396e-22, nan 
96.375, 86.125, 2.678793849443918e-22, nan 
96.625, 86.125, 2.631083776819054e-22, nan 
96.875, 86.125, 2.3036710605831974e-22, nan 
97.125, 86.125, 1.6935840746660134e-22, nan 
97.375, 86.125, 1.5286274195131126e-22, nan 
97.625, 86.125, 1.6970629036398036e-22, nan 
97.875, 86.125, 1.982844195289468e-22, nan 
98.125, 86.125, 2.2016946907456256e-22, nan 
98.375, 86.125, 2.294780613888635e-22, nan 
98.625, 86.125, 2.3734325549473856e-22, nan 
98.875, 86.125, 2.493549887916928e-22, nan 
99.125, 86.125, 2.606845328269065e-22, nan 
99.375, 86.125, 2.6020463842322856e-22, nan 
99.625, 86.125, 2.576216763812048e-22, nan 
99.875, 86.125, 2.5233342091561293e-22, nan 
100.125, 86.125, 2.477194920878545e-22, nan 
100.375, 86.125, 2.4555125076595164e-22, nan 
100.625, 86.125, 2.320087850832704e-22, nan 
100.875, 86.125, 2.0278950564893047e-22, nan 
101.125, 86.125, 1.8137592056398052e-22, nan 
101.375, 86.125, 1.7447452571630024e-22, nan 
101.625, 86.125, 1.697851916628379e-22, nan 
101.875, 86.125, 1.6914264112507092e-22, nan 
102.125, 86.125, 1.6710021353681398e-22, nan 
102.375, 86.125, 1.5744438691058658e-22, nan 
102.625, 86.125, 1.5454857998157924e-22, nan 
102.875, 86.125, 1.3227092851759908e-22, nan 
103.125, 86.125, 1.0697122689420701e-22, nan 
103.375, 86.125, 7.27790820308943e-23, nan 
103.625, 86.125, 5.6317958976218e-23, nan 
103.875, 86.125, 4.910841266280848e-23, nan 
104.125, 86.125, 4.536099367713185e-23, nan 
104.375, 86.125, 3.8448807885198623e-23, nan 
104.625, 86.125, 3.5538827923206836e-23, nan 
104.875, 86.125, 3.314272712559693e-23, nan 
105.125, 86.125, 3.233756413177157e-23, nan 
105.375, 86.125, 3.1821256051155543e-23, nan 
105.625, 86.125, 3.152531715124463e-23, nan 
105.875, 86.125, 3.262444502074644e-23, nan 
106.125, 86.125, 3.358391400935279e-23, nan 
106.375, 86.125, 3.4533470522917026e-23, nan 
106.625, 86.125, 3.6484822941045576e-23, nan 
106.875, 86.125, 3.8178493041199506e-23, nan 
107.125, 86.125, 3.934506333693987e-23, nan 
107.375, 86.125, 4.084624113313708e-23, nan 
107.625, 86.125, 4.1543277074947293e-23, nan 
107.875, 86.125, 4.1757394197998734e-23, nan 
108.125, 86.125, 4.177635612363106e-23, nan 
108.375, 86.125, 4.1964514008347764e-23, nan 
108.625, 86.125, 4.3183097726543744e-23, nan 
108.875, 86.125, 4.442674085621548e-23, nan 
109.125, 86.125, 4.48489257143335e-23, nan 
109.375, 86.125, 4.75400115646388e-23, nan 
109.625, 86.125, 5.0292220392650725e-23, nan 
109.875, 86.125, 5.381232303815977e-23, nan 
110.125, 86.125, 6.619014996357365e-23, nan 
110.375, 86.125, 7.981016419173474e-23, nan 
110.625, 86.125, 8.494912928647601e-23, nan 
110.875, 86.125, 8.597471251718624e-23, nan 
111.125, 86.125, 9.526284835190737e-23, nan 
111.375, 86.125, 9.88726501943352e-23, nan 
111.625, 86.125, 9.669985307656068e-23, nan 
111.875, 86.125, 9.655729286971044e-23, nan 
112.125, 86.125, 9.269641516664213e-23, nan 
112.375, 86.125, 9.029955039003517e-23, nan 
112.625, 86.125, 9.000192921105805e-23, nan 
112.875, 86.125, 8.986365030514156e-23, nan 
113.125, 86.125, 9.384983869130708e-23, nan 
113.375, 86.125, 9.83531358875869e-23, nan 
113.625, 86.125, 1.0438642192987059e-22, nan 
113.875, 86.125, 1.1490558532491994e-22, nan 
114.125, 86.125, 1.2502705594459237e-22, nan 
114.375, 86.125, 1.3508293995455945e-22, nan 
114.625, 86.125, 1.5276492711268554e-22, nan 
114.875, 86.125, 1.64136649011777e-22, nan 
115.125, 86.125, 1.6683572476602908e-22, nan 
115.375, 86.125, 1.504870231050958e-22, nan 
115.625, 86.125, 1.2994081143449679e-22, nan 
115.875, 86.125, 9.773476670532883e-23, nan 
116.125, 86.125, 1.0713612784328451e-22, nan 
116.375, 86.125, 1.1969281610662165e-22, nan 
116.625, 86.125, 1.318038381474499e-22, nan 
116.875, 86.125, 1.4624014769721285e-22, nan 
117.125, 86.125, 1.5495393777809804e-22, nan 
117.375, 86.125, 1.6813853554417017e-22, nan 
117.625, 86.125, 1.9450229068121128e-22, nan 
117.875, 86.125, 2.210121215302343e-22, nan 
118.125, 86.125, 2.490415500983478e-22, nan 
118.375, 86.125, 2.9229582589423767e-22, nan 
118.625, 86.125, 3.1991284250207426e-22, nan 
118.875, 86.125, 3.2988225645639886e-22, nan 
119.125, 86.125, 2.941314863130229e-22, nan 
119.375, 86.125, 2.419411074722362e-22, nan 
119.625, 86.125, 1.3362281059523085e-22, nan 
119.875, 86.125, 9.548544745340528e-23, nan 
120.125, 86.125, 1.1446687041128212e-22, nan 
120.375, 86.125, 1.3128652946843745e-22, nan 
120.625, 86.125, 1.4580811222287229e-22, nan 
120.875, 86.125, 1.5719067861254594e-22, nan 
121.125, 86.125, 1.6938005794253063e-22, nan 
121.375, 86.125, 1.8392528124482698e-22, nan 
121.625, 86.125, 1.9738182247918384e-22, nan 
121.875, 86.125, 2.0608124031818604e-22, nan 
122.125, 86.125, 2.215046373034051e-22, nan 
122.375, 86.125, 2.321378769957933e-22, nan 
122.625, 86.125, 2.3959661276214483e-22, nan 
122.875, 86.125, 2.2790396833723454e-22, nan 
123.125, 86.125, 2.094156270110308e-22, nan 
123.375, 86.125, 1.7699173525748573e-22, nan 
123.625, 86.125, 1.6228257415955458e-22, nan 
123.875, 86.125, 1.6127921377100972e-22, nan 
124.125, 86.125, 1.4764244494935814e-22, nan 
124.375, 86.125, 1.396383741099985e-22, nan 
124.625, 86.125, 1.3507025719325482e-22, nan 
124.875, 86.125, 1.295199675323368e-22, nan 
125.125, 86.125, 1.117910252245502e-22, nan 
125.375, 86.125, 9.125397618493536e-23, nan 
125.625, 86.125, 8.224027737893787e-23, nan 
125.875, 86.125, 7.613303085984772e-23, nan 
126.125, 86.125, 6.746658708550623e-23, nan 
126.375, 86.125, 9.207191951691856e-23, nan 
126.625, 86.125, 1.118972629564412e-22, nan 
126.875, 86.125, 1.4430608838491348e-22, nan 
127.125, 86.125, 1.4886586405600724e-22, nan 
127.375, 86.125, 1.4749877049205395e-22, nan 
127.625, 86.125, 1.517152684124024e-22, nan 
127.875, 86.125, 1.5350924314259995e-22, nan 
128.125, 86.125, 1.4126577261588824e-22, nan 
128.375, 86.125, 1.463029356347879e-22, nan 
128.625, 86.125, 1.4544170841837372e-22, nan 
128.875, 86.125, 1.4950896972092728e-22, nan 
129.125, 86.125, 1.6862311365566563e-22, nan 
129.375, 86.125, 1.708702374473959e-22, nan 
129.625, 86.125, 1.7196683245967782e-22, nan 
129.875, 86.125, 1.7984396545023905e-22, nan 
130.125, 86.125, 1.853209060958902e-22, nan 
130.375, 86.125, 1.8904332740962174e-22, nan 
130.625, 86.125, 1.8672697894668446e-22, nan 
130.875, 86.125, 1.8909088846222417e-22, nan 
131.125, 86.125, 1.8971211689743043e-22, nan 
131.375, 86.125, 1.8867909588928723e-22, nan 
131.625, 86.125, 1.8513155604083436e-22, nan 
131.875, 86.125, 1.8458553206774916e-22, nan 
132.125, 86.125, 1.8682531499045116e-22, nan 
132.375, 86.125, 1.9730215338860902e-22, nan 
132.625, 86.125, 2.017181949401327e-22, nan 
132.875, 86.125, 1.9790713723993797e-22, nan 
133.125, 86.125, 1.9476171174838555e-22, nan 
133.375, 86.125, 2.0485447902542723e-22, nan 
133.625, 86.125, 2.033505111880893e-22, nan 
133.875, 86.125, 1.9440825427468201e-22, nan 
134.125, 86.125, 1.7885984510756552e-22, nan 
134.375, 86.125, 1.7299792669819042e-22, nan 
134.625, 86.125, 1.7202865753050075e-22, nan 
134.875, 86.125, 1.6550646134135583e-22, nan 
135.125, 86.125, 1.6584577216993922e-22, nan 
135.375, 86.125, 1.612166508366532e-22, nan 
135.625, 86.125, 1.6500289644937225e-22, nan 
135.875, 86.125, 1.6028935531980971e-22, nan 
136.125, 86.125, 1.6030384398378337e-22, nan 
136.375, 86.125, 1.5932485302160984e-22, nan 
136.625, 86.125, 1.5989546476015655e-22, nan 
136.875, 86.125, 1.6089468784786906e-22, nan 
137.125, 86.125, 1.6704898485778319e-22, nan 
137.375, 86.125, 1.7175010700417366e-22, nan 
137.625, 86.125, 1.7616446141321005e-22, nan 
137.875, 86.125, 1.766749327823971e-22, nan 
138.125, 86.125, 1.7396861789413424e-22, nan 
138.375, 86.125, 1.711693376138404e-22, nan 
138.625, 86.125, 1.6453625165167534e-22, nan 
138.875, 86.125, 1.632890160021134e-22, nan 
139.125, 86.125, 1.6306157911172913e-22, nan 
139.375, 86.125, 1.5825865036093344e-22, nan 
139.625, 86.125, 1.5443626023550908e-22, nan 
139.875, 86.125, 1.533834130948919e-22, nan 
140.125, 86.125, 1.5023083020069574e-22, nan 
140.375, 86.125, 1.4921859523687349e-22, nan 
140.625, 86.125, 1.4826397061482573e-22, nan 
140.875, 86.125, 1.4692570220098617e-22, nan 
141.125, 86.125, 1.4194254310514393e-22, nan 
141.375, 86.125, 1.3603740202739156e-22, nan 
141.625, 86.125, 1.3360613090727465e-22, nan 
141.875, 86.125, 1.332229868447493e-22, nan 
142.125, 86.125, 1.3685241749629643e-22, nan 
142.375, 86.125, 1.4455541702296342e-22, nan 
142.625, 86.125, 1.5372376861720355e-22, nan 
142.875, 86.125, 1.5268963378572379e-22, nan 
143.125, 86.125, 1.5469254813238218e-22, nan 
143.375, 86.125, 1.511103680654935e-22, nan 
143.625, 86.125, 1.506910047959073e-22, nan 
143.875, 86.125, 1.5023442388500008e-22, nan 
144.125, 86.125, 1.521178186045775e-22, nan 
144.375, 86.125, 1.5607790674673519e-22, nan 
144.625, 86.125, 1.4579060637542697e-22, nan 
144.875, 86.125, 1.3832156916839936e-22, nan 
145.125, 86.125, 1.421700785766708e-22, nan 
145.375, 86.125, 1.5006670590473606e-22, nan 
145.625, 86.125, 1.434637780701486e-22, nan 
145.875, 86.125, 1.3229363132066793e-22, nan 
146.125, 86.125, 1.302301099041224e-22, nan 
146.375, 86.125, 1.3274005063912468e-22, nan 
146.625, 86.125, 1.2970265330034454e-22, nan 
146.875, 86.125, 1.273569005820848e-22, nan 
147.125, 86.125, 1.3618369281657645e-22, nan 
147.375, 86.125, 1.5309849364675193e-22, nan 
147.625, 86.125, 1.7361762603336123e-22, nan 
147.875, 86.125, 1.8718279451452404e-22, nan 
148.125, 86.125, 1.9106176713007925e-22, nan 
148.375, 86.125, 1.9602384506584447e-22, nan 
148.625, 86.125, 1.9832746028400288e-22, nan 
148.875, 86.125, 2.0928958628306251e-22, nan 
149.125, 86.125, 2.1867321430194993e-22, nan 
149.375, 86.125, 2.1896161416808187e-22, nan 
149.625, 86.125, 2.1356956190648974e-22, nan 
149.875, 86.125, 2.1222813102360105e-22, nan 
150.125, 86.125, 2.0119142357291697e-22, nan 
150.375, 86.125, 1.820045858127358e-22, nan 
150.625, 86.125, 1.5148956595974422e-22, nan 
150.875, 86.125, 1.286947374715222e-22, nan 
151.125, 86.125, 1.1069214754306515e-22, nan 
151.375, 86.125, 1.634607572276044e-22, nan 
151.625, 86.125, 2.1012131451462735e-22, nan 
151.875, 86.125, 2.398350926477038e-22, nan 
152.125, 86.125, 2.4221102797484102e-22, nan 
152.375, 86.125, 2.389380808238874e-22, nan 
152.625, 86.125, 2.4026910861362625e-22, nan 
152.875, 86.125, 2.3592580101770095e-22, nan 
153.125, 86.125, 2.33616619222918e-22, nan 
153.375, 86.125, 2.378748470852141e-22, nan 
153.625, 86.125, 2.382174148554011e-22, nan 
153.875, 86.125, 2.3303441313658184e-22, nan 
154.125, 86.125, 2.087109905136197e-22, nan 
154.375, 86.125, 1.693783540224259e-22, nan 
154.625, 86.125, 1.3979946999536871e-22, nan 
154.875, 86.125, 1.2259297771319003e-22, nan 
155.125, 86.125, 1.595839391713829e-22, nan 
155.375, 86.125, 1.9218005037160058e-22, nan 
155.625, 86.125, 2.2375437997847296e-22, nan 
155.875, 86.125, 2.2665865623861204e-22, nan 
156.125, 86.125, 2.2916359222641827e-22, nan 
156.375, 86.125, 2.282752327795795e-22, nan 
156.625, 86.125, 2.21880189867284e-22, nan 
156.875, 86.125, 2.216763990434782e-22, nan 
157.125, 86.125, 2.1677013755799023e-22, nan 
157.375, 86.125, 2.1002248534723302e-22, nan 
157.625, 86.125, 1.9178108397430484e-22, nan 
157.875, 86.125, 1.5524633206211045e-22, nan 
158.125, 86.125, 1.2650280492452717e-22, nan 
158.375, 86.125, 1.1675925439547736e-22, nan 
158.625, 86.125, 1.5142628108031258e-22, nan 
158.875, 86.125, 1.6430336256404826e-22, nan 
159.125, 86.125, 1.6903638438219434e-22, nan 
159.375, 86.125, 1.926721418230814e-22, nan 
159.625, 86.125, 1.8976422271259914e-22, nan 
159.875, 86.125, 1.936034735337852e-22, nan 
160.125, 86.125, 1.951160553144341e-22, nan 
160.375, 86.125, 1.9685732701080849e-22, nan 
160.625, 86.125, 2.127049656940481e-22, nan 
160.875, 86.125, 2.07646823770448e-22, nan 
161.125, 86.125, 2.143446137036058e-22, nan 
161.375, 86.125, 2.117839433969542e-22, nan 
161.625, 86.125, 2.0359732457290786e-22, nan 
161.875, 86.125, 1.9098300573707704e-22, nan 
162.125, 86.125, 1.8466755163612903e-22, nan 
162.375, 86.125, 1.7330401430386157e-22, nan 
162.625, 86.125, 1.5790855914985633e-22, nan 
162.875, 86.125, 1.5694357226850128e-22, nan 
163.125, 86.125, 1.5482316999673135e-22, nan 
163.375, 86.125, 1.4106014731980063e-22, nan 
163.625, 86.125, 1.375473238709578e-22, nan 
163.875, 86.125, 1.208142690996862e-22, nan 
164.125, 86.125, 1.0460077602490502e-22, nan 
164.375, 86.125, 9.1831026229336e-23, nan 
164.625, 86.125, 8.634357254294211e-23, nan 
164.875, 86.125, 8.233965299636221e-23, nan 
165.125, 86.125, 9.686996687028356e-23, nan 
165.375, 86.125, 1.084864075010449e-22, nan 
165.625, 86.125, 1.1615349789308067e-22, nan 
165.875, 86.125, 1.2259519581351662e-22, nan 
166.125, 86.125, 1.1922130815798315e-22, nan 
166.375, 86.125, 1.1390241041056103e-22, nan 
166.625, 86.125, 1.1594894351776963e-22, nan 
166.875, 86.125, 1.192615119411365e-22, nan 
167.125, 86.125, 1.1266906859950824e-22, nan 
167.375, 86.125, 1.0941611084503053e-22, nan 
167.625, 86.125, 1.0396106762814938e-22, nan 
167.875, 86.125, 1.0018910070860537e-22, nan 
168.125, 86.125, 9.49700467946977e-23, nan 
168.375, 86.125, 9.263641279322198e-23, nan 
168.625, 86.125, 8.587891475039933e-23, nan 
168.875, 86.125, 8.361289589547651e-23, nan 
169.125, 86.125, 9.025573271764409e-23, nan 
169.375, 86.125, 9.464822611346113e-23, nan 
169.625, 86.125, 1.0462517216054838e-22, nan 
169.875, 86.125, 1.1227006685802141e-22, nan 
170.125, 86.125, 1.2526071848334778e-22, nan 
170.375, 86.125, 1.2748019881079745e-22, nan 
170.625, 86.125, 1.315064943153264e-22, nan 
170.875, 86.125, 1.39836789972596e-22, nan 
171.125, 86.125, 1.4677282897944813e-22, nan 
171.375, 86.125, 1.5077480378831125e-22, nan 
171.625, 86.125, 1.5269722752113828e-22, nan 
171.875, 86.125, 1.4966244817216027e-22, nan 
172.125, 86.125, 1.4024063312284205e-22, nan 
172.375, 86.125, 1.3473415016497282e-22, nan 
172.625, 86.125, 1.2631346532077147e-22, nan 
172.875, 86.125, 1.3161890624638974e-22, nan 
173.125, 86.125, 1.3470177202528031e-22, nan 
173.375, 86.125, 1.4272847124868785e-22, nan 
173.625, 86.125, 1.446652030655801e-22, nan 
173.875, 86.125, 1.6810655692430291e-22, nan 
174.125, 86.125, 1.6957553173032018e-22, nan 
174.375, 86.125, 1.800996070567368e-22, nan 
174.625, 86.125, 1.99788068598659e-22, nan 
174.875, 86.125, 2.282830144392914e-22, nan 
175.125, 86.125, 2.5558242032818e-22, nan 
175.375, 86.125, 2.7041415588153268e-22, nan 
175.625, 86.125, 2.7881284640513345e-22, nan 
175.875, 86.125, 2.826792565347491e-22, nan 
176.125, 86.125, 2.7559863472738184e-22, nan 
176.375, 86.125, 2.5046526451060505e-22, nan 
176.625, 86.125, 2.427731067396852e-22, nan 
176.875, 86.125, 2.2946881015554604e-22, nan 
177.125, 86.125, 2.157445904742498e-22, nan 
177.375, 86.125, 1.7250482345886694e-22, nan 
177.625, 86.125, 1.5502375928595304e-22, nan 
177.875, 86.125, 1.5057017295879644e-22, nan 
178.125, 86.125, 1.4148637812862733e-22, nan 
178.375, 86.125, 1.5002860560610504e-22, nan 
178.625, 86.125, 1.7859956655686537e-22, nan 
178.875, 86.125, 2.085330948661931e-22, nan 
179.125, 86.125, 2.2340165851091073e-22, nan 
179.375, 86.125, 2.294741352869033e-22, nan 
179.625, 86.125, 2.246672614669682e-22, nan 
179.875, 86.125, 2.1278659006365683e-22, nan 
-179.875, 86.375, 3.30333029206213e-23, nan 
-179.625, 86.375, 3.3904188197452686e-23, nan 
-179.375, 86.375, 3.757478903329457e-23, nan 
-179.125, 86.375, 3.544353050481612e-23, nan 
-178.875, 86.375, 3.383136964760342e-23, nan 
-178.625, 86.375, 3.0689346651872146e-23, nan 
-178.375, 86.375, 2.900526310781141e-23, nan 
-178.125, 86.375, 2.910571034721986e-23, nan 
-177.875, 86.375, 3.065288085060135e-23, nan 
-177.625, 86.375, 3.367751698258913e-23, nan 
-177.375, 86.375, 3.871821986521884e-23, nan 
-177.125, 86.375, 3.8795221336548143e-23, nan 
-176.875, 86.375, 4.224039665499689e-23, nan 
-176.625, 86.375, 4.2849401565325457e-23, nan 
-176.375, 86.375, 4.4618726758856427e-23, nan 
-176.125, 86.375, 4.887480396465883e-23, nan 
-175.875, 86.375, 5.350786592688998e-23, nan 
-175.625, 86.375, 6.157224000070896e-23, nan 
-175.375, 86.375, 6.22525654595734e-23, nan 
-175.125, 86.375, 6.304367907718363e-23, nan 
-174.875, 86.375, 6.528063794453888e-23, nan 
-174.625, 86.375, 6.843707950113016e-23, nan 
-174.375, 86.375, 7.189218488535292e-23, nan 
-174.125, 86.375, 7.383610803342563e-23, nan 
-173.875, 86.375, 7.447412885303451e-23, nan 
-173.625, 86.375, 7.306952575609391e-23, nan 
-173.375, 86.375, 7.272995982159675e-23, nan 
-173.125, 86.375, 7.243255840129471e-23, nan 
-172.875, 86.375, 7.323756063335239e-23, nan 
-172.625, 86.375, 7.178407334582675e-23, nan 
-172.375, 86.375, 6.763224765870473e-23, nan 
-172.125, 86.375, 6.495070151413211e-23, nan 
-171.875, 86.375, 5.961171229267523e-23, nan 
-171.625, 86.375, 5.741009448326241e-23, nan 
-171.375, 86.375, 5.353637342141268e-23, nan 
-171.125, 86.375, 3.604044339924243e-23, nan 
-170.875, 86.375, 3.194873493178486e-23, nan 
-170.625, 86.375, 3.5712650792887946e-23, nan 
-170.375, 86.375, 4.182611533834959e-23, nan 
-170.125, 86.375, 4.4922731665279183e-23, nan 
-169.875, 86.375, 4.544265316912922e-23, nan 
-169.625, 86.375, 4.570759699625295e-23, nan 
-169.375, 86.375, 4.611123393588273e-23, nan 
-169.125, 86.375, 4.733381780681274e-23, nan 
-168.875, 86.375, 4.823114235522951e-23, nan 
-168.625, 86.375, 4.815201854074272e-23, nan 
-168.375, 86.375, 4.974826280739212e-23, nan 
-168.125, 86.375, 5.0036703385081674e-23, nan 
-167.875, 86.375, 4.971825486531802e-23, nan 
-167.625, 86.375, 4.859342483707472e-23, nan 
-167.375, 86.375, 4.0661763045891036e-23, nan 
-167.125, 86.375, 3.414196540847942e-23, nan 
-166.875, 86.375, 3.0869184172236057e-23, nan 
-166.625, 86.375, 2.720947977917889e-23, nan 
-166.375, 86.375, 2.5699037056737866e-23, nan 
-166.125, 86.375, 2.4484371664725263e-23, nan 
-165.875, 86.375, 2.3597103679036978e-23, nan 
-165.625, 86.375, 2.3211291362287815e-23, nan 
-165.375, 86.375, 1.5774998913734442e-23, nan 
-165.125, 86.375, 1.103875909452178e-23, nan 
-164.875, 86.375, 1.233381757113092e-23, nan 
-164.625, 86.375, 1.3624097192453008e-23, nan 
-164.375, 86.375, 1.486827654165527e-23, nan 
-164.125, 86.375, 1.5430617092562975e-23, nan 
-163.875, 86.375, 1.6341197361488232e-23, nan 
-163.625, 86.375, 1.7118009227574422e-23, nan 
-163.375, 86.375, 1.7978697242037712e-23, nan 
-163.125, 86.375, 1.8120730446995606e-23, nan 
-162.875, 86.375, 1.8762653216228907e-23, nan 
-162.625, 86.375, 1.926702477032312e-23, nan 
-162.375, 86.375, 1.9469026374991608e-23, nan 
-162.125, 86.375, 2.0031005099352448e-23, nan 
-161.875, 86.375, 1.8589856452533756e-23, nan 
-161.625, 86.375, 1.7489117298533534e-23, nan 
-161.375, 86.375, 1.7101378652592437e-23, nan 
-161.125, 86.375, 1.613155838099014e-23, nan 
-160.875, 86.375, 1.6382316055103185e-23, nan 
-160.625, 86.375, 1.6268503886379358e-23, nan 
-160.375, 86.375, 1.607967363383784e-23, nan 
-160.125, 86.375, 1.6155572861082683e-23, nan 
-159.875, 86.375, 1.6276180687017e-23, nan 
-159.625, 86.375, 1.5425136416502254e-23, nan 
-159.375, 86.375, 1.5124614031715364e-23, nan 
-159.125, 86.375, 1.6053534211983867e-23, nan 
-158.875, 86.375, 1.7997175413867937e-23, nan 
-158.625, 86.375, 2.1245665829816865e-23, nan 
-158.375, 86.375, 2.38923961008212e-23, nan 
-158.125, 86.375, 2.4015579770124705e-23, nan 
-157.875, 86.375, 2.4307879930055616e-23, nan 
-157.625, 86.375, 2.5030291752910004e-23, nan 
-157.375, 86.375, 2.4339754600511975e-23, nan 
-157.125, 86.375, 2.5333560724643394e-23, nan 
-156.875, 86.375, 2.447914385399739e-23, nan 
-156.625, 86.375, 2.5188417441187072e-23, nan 
-156.375, 86.375, 2.5136258942765063e-23, nan 
-156.125, 86.375, 2.4995128897604804e-23, nan 
-155.875, 86.375, 2.515705383456548e-23, nan 
-155.625, 86.375, 2.37603236129551e-23, nan 
-155.375, 86.375, 2.2642857617638942e-23, nan 
-155.125, 86.375, 2.1608763753339923e-23, nan 
-154.875, 86.375, 1.8539893341111544e-23, nan 
-154.625, 86.375, 1.8078675979513085e-23, nan 
-154.375, 86.375, 1.9693903749617397e-23, nan 
-154.125, 86.375, 1.990166989396186e-23, nan 
-153.875, 86.375, 2.2628675668648722e-23, nan 
-153.625, 86.375, 2.3360968626275128e-23, nan 
-153.375, 86.375, 2.4975701595543425e-23, nan 
-153.125, 86.375, 2.5751981320169644e-23, nan 
-152.875, 86.375, 2.5641991434770498e-23, nan 
-152.625, 86.375, 2.5404976998676266e-23, nan 
-152.375, 86.375, 2.4953839082649016e-23, nan 
-152.125, 86.375, 2.3765729608611604e-23, nan 
-151.875, 86.375, 2.1324697918212128e-23, nan 
-151.625, 86.375, 1.8915740014214106e-23, nan 
-151.375, 86.375, 1.7835219067691826e-23, nan 
-151.125, 86.375, 1.8006352990484094e-23, nan 
-150.875, 86.375, 1.805608677476522e-23, nan 
-150.625, 86.375, 1.728456699919847e-23, nan 
-150.375, 86.375, 1.6062465972474916e-23, nan 
-150.125, 86.375, 1.6565770361617437e-23, nan 
-149.875, 86.375, 1.5498324136013837e-23, nan 
-149.625, 86.375, 1.594776960705046e-23, nan 
-149.375, 86.375, 2.072754782300599e-23, nan 
-149.125, 86.375, 2.3773106717532485e-23, nan 
-148.875, 86.375, 2.6104736903040264e-23, nan 
-148.625, 86.375, 3.016566939422183e-23, nan 
-148.375, 86.375, 3.423546811620704e-23, nan 
-148.125, 86.375, 3.6556743381879327e-23, nan 
-147.875, 86.375, 3.681844022067866e-23, nan 
-147.625, 86.375, 3.652462121945168e-23, nan 
-147.375, 86.375, 3.6246302062694105e-23, nan 
-147.125, 86.375, 3.545050899780959e-23, nan 
-146.875, 86.375, 3.5475912652180476e-23, nan 
-146.625, 86.375, 2.786949794550585e-23, nan 
-146.375, 86.375, 2.3038769760931993e-23, nan 
-146.125, 86.375, 2.1823014030822596e-23, nan 
-145.875, 86.375, 2.0944530864281642e-23, nan 
-145.625, 86.375, 2.258787275805339e-23, nan 
-145.375, 86.375, 2.4380351286249223e-23, nan 
-145.125, 86.375, 2.5065889155382267e-23, nan 
-144.875, 86.375, 2.7199495243250644e-23, nan 
-144.625, 86.375, 2.9206581491051134e-23, nan 
-144.375, 86.375, 3.060641838742446e-23, nan 
-144.125, 86.375, 3.1397666670314985e-23, nan 
-143.875, 86.375, 3.181538057275259e-23, nan 
-143.625, 86.375, 3.2215758635997067e-23, nan 
-143.375, 86.375, 3.21725704114139e-23, nan 
-143.125, 86.375, 3.2255861678627015e-23, nan 
-142.875, 86.375, 2.8915267495514934e-23, nan 
-142.625, 86.375, 2.629953290340052e-23, nan 
-142.375, 86.375, 2.5654108623612716e-23, nan 
-142.125, 86.375, 2.455531612452273e-23, nan 
-141.875, 86.375, 2.263071932827631e-23, nan 
-141.625, 86.375, 2.2363127697292714e-23, nan 
-141.375, 86.375, 2.2015777673627283e-23, nan 
-141.125, 86.375, 2.0084113615664966e-23, nan 
-140.875, 86.375, 1.6094869232991955e-23, nan 
-140.625, 86.375, 1.342549712438189e-23, nan 
-140.375, 86.375, 1.069086401452091e-23, nan 
-140.125, 86.375, 9.82822595978015e-24, nan 
-139.875, 86.375, 9.217746894348778e-24, nan 
-139.625, 86.375, 9.298633156323763e-24, nan 
-139.375, 86.375, 9.46024215659258e-24, nan 
-139.125, 86.375, 9.840289240009015e-24, nan 
-138.875, 86.375, 1.0108554644293318e-23, nan 
-138.625, 86.375, 1.0539970414322009e-23, nan 
-138.375, 86.375, 1.1078074629998361e-23, nan 
-138.125, 86.375, 1.1508194604402764e-23, nan 
-137.875, 86.375, 1.1882103952796095e-23, nan 
-137.625, 86.375, 1.220592721654611e-23, nan 
-137.375, 86.375, 1.309906265887407e-23, nan 
-137.125, 86.375, 1.4781228221978568e-23, nan 
-136.875, 86.375, 1.6744513638746494e-23, nan 
-136.625, 86.375, 1.7629203130718604e-23, nan 
-136.375, 86.375, 1.818962087970993e-23, nan 
-136.125, 86.375, 1.896939661435665e-23, nan 
-135.875, 86.375, 1.8658019619721132e-23, nan 
-135.625, 86.375, 1.8295525196828534e-23, nan 
-135.375, 86.375, 1.755875044865265e-23, nan 
-135.125, 86.375, 1.7474168750456813e-23, nan 
-134.875, 86.375, 1.717733333097373e-23, nan 
-134.625, 86.375, 1.6295588628469495e-23, nan 
-134.375, 86.375, 1.5232282860931053e-23, nan 
-134.125, 86.375, 1.4985906245183726e-23, nan 
-133.875, 86.375, 1.3446238840826617e-23, nan 
-133.625, 86.375, 1.4342399680115097e-23, nan 
-133.375, 86.375, 1.8277191825506242e-23, nan 
-133.125, 86.375, 2.4020234059282498e-23, nan 
-132.875, 86.375, 2.7336911372243623e-23, nan 
-132.625, 86.375, 3.083596541589071e-23, nan 
-132.375, 86.375, 3.460705051605859e-23, nan 
-132.125, 86.375, 3.5567763977247666e-23, nan 
-131.875, 86.375, 3.529017025665389e-23, nan 
-131.625, 86.375, 3.3670268087914544e-23, nan 
-131.375, 86.375, 3.31409999692815e-23, nan 
-131.125, 86.375, 3.357690456885169e-23, nan 
-130.875, 86.375, 3.251455593208995e-23, nan 
-130.625, 86.375, 3.097872723540671e-23, nan 
-130.375, 86.375, 3.099662505710833e-23, nan 
-130.125, 86.375, 2.6178333588759233e-23, nan 
-129.875, 86.375, 2.3127576629981226e-23, nan 
-129.625, 86.375, 2.3571011277406165e-23, nan 
-129.375, 86.375, 2.6876086728258337e-23, nan 
-129.125, 86.375, 2.7904221289481945e-23, nan 
-128.875, 86.375, 2.843471131302953e-23, nan 
-128.625, 86.375, 2.943920568382721e-23, nan 
-128.375, 86.375, 2.950740420260881e-23, nan 
-128.125, 86.375, 2.933937197817348e-23, nan 
-127.875, 86.375, 2.874354499204488e-23, nan 
-127.625, 86.375, 2.8290855107705244e-23, nan 
-127.375, 86.375, 2.789733287704492e-23, nan 
-127.125, 86.375, 2.672384748354565e-23, nan 
-126.875, 86.375, 2.3925612597385235e-23, nan 
-126.625, 86.375, 2.234731966071247e-23, nan 
-126.375, 86.375, 1.7618112726565664e-23, nan 
-126.125, 86.375, 1.3374486407315456e-23, nan 
-125.875, 86.375, 9.878126847592301e-24, nan 
-125.625, 86.375, 7.539062457087275e-24, nan 
-125.375, 86.375, 6.533092495158345e-24, nan 
-125.125, 86.375, 5.9750065939362616e-24, nan 
-124.875, 86.375, 5.677410820019838e-24, nan 
-124.625, 86.375, 5.403095827730439e-24, nan 
-124.375, 86.375, 5.228093556857777e-24, nan 
-124.125, 86.375, 5.203092074999625e-24, nan 
-123.875, 86.375, 5.08672962758823e-24, nan 
-123.625, 86.375, 4.789021927495939e-24, nan 
-123.375, 86.375, 4.6181527252842696e-24, nan 
-123.125, 86.375, 4.559833261963658e-24, nan 
-122.875, 86.375, 4.492262409262448e-24, nan 
-122.625, 86.375, 4.425011408237504e-24, nan 
-122.375, 86.375, 4.3473091279013855e-24, nan 
-122.125, 86.375, 4.2321386422756e-24, nan 
-121.875, 86.375, 4.033163794371305e-24, nan 
-121.625, 86.375, 3.9258612092393686e-24, nan 
-121.375, 86.375, 3.74194176962112e-24, nan 
-121.125, 86.375, 3.937289756127137e-24, nan 
-120.875, 86.375, 4.214494937590577e-24, nan 
-120.625, 86.375, 4.21057734043527e-24, nan 
-120.375, 86.375, 4.169720850787746e-24, nan 
-120.125, 86.375, 3.8573473942274625e-24, nan 
-119.875, 86.375, 3.495635649046357e-24, nan 
-119.625, 86.375, 3.1224944518201492e-24, nan 
-119.375, 86.375, 2.799351093012556e-24, nan 
-119.125, 86.375, 2.5393428700670173e-24, nan 
-118.875, 86.375, 2.43921650093936e-24, nan 
-118.625, 86.375, 2.4586445822289363e-24, nan 
-118.375, 86.375, 2.442818270374451e-24, nan 
-118.125, 86.375, 2.2760553126427847e-24, nan 
-117.875, 86.375, 2.6566130239995407e-24, nan 
-117.625, 86.375, 2.8088651316715816e-24, nan 
-117.375, 86.375, 3.21902661541241e-24, nan 
-117.125, 86.375, 3.5803778299445374e-24, nan 
-116.875, 86.375, 3.606885284936435e-24, nan 
-116.625, 86.375, 3.633249180796937e-24, nan 
-116.375, 86.375, 3.4723944831062466e-24, nan 
-116.125, 86.375, 3.2722112353851512e-24, nan 
-115.875, 86.375, 3.325091906654339e-24, nan 
-115.625, 86.375, 3.339318662272132e-24, nan 
-115.375, 86.375, 3.344220794403558e-24, nan 
-115.125, 86.375, 3.1660035857138084e-24, nan 
-114.875, 86.375, 3.1206051122198696e-24, nan 
-114.625, 86.375, 2.9356222532448373e-24, nan 
-114.375, 86.375, 2.2986020421488737e-24, nan 
-114.125, 86.375, 2.388339200762026e-24, nan 
-113.875, 86.375, 2.570274402729625e-24, nan 
-113.625, 86.375, 2.7156372941108728e-24, nan 
-113.375, 86.375, 2.9961745126096944e-24, nan 
-113.125, 86.375, 3.4253362346793835e-24, nan 
-112.875, 86.375, 3.4020230320920065e-24, nan 
-112.625, 86.375, 3.736509512170181e-24, nan 
-112.375, 86.375, 3.606278372970418e-24, nan 
-112.125, 86.375, 3.7443470344062034e-24, nan 
-111.875, 86.375, 4.2319860916322894e-24, nan 
-111.625, 86.375, 4.872536977302084e-24, nan 
-111.375, 86.375, 5.125055696837281e-24, nan 
-111.125, 86.375, 5.295658776930057e-24, nan 
-110.875, 86.375, 5.147271871909772e-24, nan 
-110.625, 86.375, 4.37582104397481e-24, nan 
-110.375, 86.375, 2.554736112753968e-24, nan 
-110.125, 86.375, 2.5222828125636354e-24, nan 
-109.875, 86.375, 3.518764654857413e-24, nan 
-109.625, 86.375, 4.826306503554577e-24, nan 
-109.375, 86.375, 6.619533681387765e-24, nan 
-109.125, 86.375, 6.989841982861678e-24, nan 
-108.875, 86.375, 7.314533042112446e-24, nan 
-108.625, 86.375, 8.016752166595733e-24, nan 
-108.375, 86.375, 9.509400971047353e-24, nan 
-108.125, 86.375, 1.022274766437709e-23, nan 
-107.875, 86.375, 1.1742456759923567e-23, nan 
-107.625, 86.375, 1.2302570702757718e-23, nan 
-107.375, 86.375, 1.3525437780306677e-23, nan 
-107.125, 86.375, 1.4290549286118472e-23, nan 
-106.875, 86.375, 1.456352240022887e-23, nan 
-106.625, 86.375, 1.1775013078682642e-23, nan 
-106.375, 86.375, 9.263475642416976e-24, nan 
-106.125, 86.375, 8.741428310748242e-24, nan 
-105.875, 86.375, 8.812284667338201e-24, nan 
-105.625, 86.375, 9.930966049564502e-24, nan 
-105.375, 86.375, 1.0791678077188962e-23, nan 
-105.125, 86.375, 1.1661944611920828e-23, nan 
-104.875, 86.375, 1.2010016284917879e-23, nan 
-104.625, 86.375, 1.1417767268648057e-23, nan 
-104.375, 86.375, 1.1413231576728801e-23, nan 
-104.125, 86.375, 1.2178191175045961e-23, nan 
-103.875, 86.375, 1.2466531884101619e-23, nan 
-103.625, 86.375, 1.331944168152134e-23, nan 
-103.375, 86.375, 1.3523978227403383e-23, nan 
-103.125, 86.375, 1.3690742538580964e-23, nan 
-102.875, 86.375, 1.204034926559288e-23, nan 
-102.625, 86.375, 1.0218744929347956e-23, nan 
-102.375, 86.375, 9.509602420801993e-24, nan 
-102.125, 86.375, 9.474826140924724e-24, nan 
-101.875, 86.375, 9.982864142410267e-24, nan 
-101.625, 86.375, 1.0564378947117101e-23, nan 
-101.375, 86.375, 1.0521658906615301e-23, nan 
-101.125, 86.375, 1.0025536751385652e-23, nan 
-100.875, 86.375, 9.615009175405916e-24, nan 
-100.625, 86.375, 9.523595392411202e-24, nan 
-100.375, 86.375, 9.776721776291024e-24, nan 
-100.125, 86.375, 9.906246200632888e-24, nan 
-99.875, 86.375, 8.780886767665108e-24, nan 
-99.625, 86.375, 7.516719258284685e-24, nan 
-99.375, 86.375, 6.597595510919063e-24, nan 
-99.125, 86.375, 6.0406533640970084e-24, nan 
-98.875, 86.375, 5.7067154939669015e-24, nan 
-98.625, 86.375, 5.747932659927594e-24, nan 
-98.375, 86.375, 5.6459169100947835e-24, nan 
-98.125, 86.375, 5.559317055678719e-24, nan 
-97.875, 86.375, 5.3047805225968125e-24, nan 
-97.625, 86.375, 5.1058089858474186e-24, nan 
-97.375, 86.375, 5.122780714957933e-24, nan 
-97.125, 86.375, 5.149761499241387e-24, nan 
-96.875, 86.375, 5.151794295099296e-24, nan 
-96.625, 86.375, 5.112389706859715e-24, nan 
-96.375, 86.375, 5.132383449490849e-24, nan 
-96.125, 86.375, 5.25686854087235e-24, nan 
-95.875, 86.375, 5.2679997170933784e-24, nan 
-95.625, 86.375, 5.1901041024698625e-24, nan 
-95.375, 86.375, 5.058317167315586e-24, nan 
-95.125, 86.375, 5.094067239583781e-24, nan 
-94.875, 86.375, 5.030263658633645e-24, nan 
-94.625, 86.375, 5.2843788351070645e-24, nan 
-94.375, 86.375, 5.709449115089821e-24, nan 
-94.125, 86.375, 6.322328872707069e-24, nan 
-93.875, 86.375, 7.049663464244575e-24, nan 
-93.625, 86.375, 7.732622864268509e-24, nan 
-93.375, 86.375, 8.059360240590646e-24, nan 
-93.125, 86.375, 8.301196514064726e-24, nan 
-92.875, 86.375, 8.657153197680109e-24, nan 
-92.625, 86.375, 8.659224257382724e-24, nan 
-92.375, 86.375, 9.02379943366747e-24, nan 
-92.125, 86.375, 9.160303509123158e-24, nan 
-91.875, 86.375, 9.337536783944337e-24, nan 
-91.625, 86.375, 9.40034334969735e-24, nan 
-91.375, 86.375, 9.509971933036279e-24, nan 
-91.125, 86.375, 9.64685398693036e-24, nan 
-90.875, 86.375, 9.570628945895362e-24, nan 
-90.625, 86.375, 9.758511110447367e-24, nan 
-90.375, 86.375, 9.840220456817482e-24, nan 
-90.125, 86.375, 9.877007024361983e-24, nan 
-89.875, 86.375, 9.94897738226007e-24, nan 
-89.625, 86.375, 9.91169553958287e-24, nan 
-89.375, 86.375, 9.855886844491878e-24, nan 
-89.125, 86.375, 9.72842504019143e-24, nan 
-88.875, 86.375, 9.782022488895617e-24, nan 
-88.625, 86.375, 9.753316937665152e-24, nan 
-88.375, 86.375, 9.337751597799847e-24, nan 
-88.125, 86.375, 8.98114317349219e-24, nan 
-87.875, 86.375, 8.918186742179272e-24, nan 
-87.625, 86.375, 8.814704588522198e-24, nan 
-87.375, 86.375, 9.055725960839477e-24, nan 
-87.125, 86.375, 8.673684814852147e-24, nan 
-86.875, 86.375, 8.10440854230943e-24, nan 
-86.625, 86.375, 8.189452756652935e-24, nan 
-86.375, 86.375, 8.368561750676421e-24, nan 
-86.125, 86.375, 7.924007824644689e-24, nan 
-85.875, 86.375, 8.166335800448648e-24, nan 
-85.625, 86.375, 9.10419994830749e-24, nan 
-85.375, 86.375, 1.0196724717072065e-23, nan 
-85.125, 86.375, 1.0093473413491442e-23, nan 
-84.875, 86.375, 1.0724820266610565e-23, nan 
-84.625, 86.375, 1.0786336950836765e-23, nan 
-84.375, 86.375, 1.028721752950681e-23, nan 
-84.125, 86.375, 1.0461239869321291e-23, nan 
-83.875, 86.375, 1.0297613752053938e-23, nan 
-83.625, 86.375, 9.681124492181132e-24, nan 
-83.375, 86.375, 9.498929967891397e-24, nan 
-83.125, 86.375, 9.052189812944295e-24, nan 
-82.875, 86.375, 8.47490478336693e-24, nan 
-82.625, 86.375, 8.319415622909997e-24, nan 
-82.375, 86.375, 8.239876488731095e-24, nan 
-82.125, 86.375, 7.894544131793737e-24, nan 
-81.875, 86.375, 8.645427779788652e-24, nan 
-81.625, 86.375, 1.0565939483773515e-23, nan 
-81.375, 86.375, 1.0700741635890478e-23, nan 
-81.125, 86.375, 1.2155997918130716e-23, nan 
-80.875, 86.375, 1.2687477500012304e-23, nan 
-80.625, 86.375, 1.1998527106871575e-23, nan 
-80.375, 86.375, 1.222157672211188e-23, nan 
-80.125, 86.375, 1.2057950868116035e-23, nan 
-79.875, 86.375, 1.1517916260649004e-23, nan 
-79.625, 86.375, 1.134255851943149e-23, nan 
-79.375, 86.375, 1.1049272556280414e-23, nan 
-79.125, 86.375, 1.0272758047264837e-23, nan 
-78.875, 86.375, 9.897508744798695e-24, nan 
-78.625, 86.375, 9.96742203880016e-24, nan 
-78.375, 86.375, 9.383645801379718e-24, nan 
-78.125, 86.375, 8.932887867490126e-24, nan 
-77.875, 86.375, 8.286653308579169e-24, nan 
-77.625, 86.375, 7.954110096829673e-24, nan 
-77.375, 86.375, 8.042703127935731e-24, nan 
-77.125, 86.375, 8.159870835568742e-24, nan 
-76.875, 86.375, 8.284893157552044e-24, nan 
-76.625, 86.375, 8.2918656833546e-24, nan 
-76.375, 86.375, 8.38007481745864e-24, nan 
-76.125, 86.375, 8.238750307543137e-24, nan 
-75.875, 86.375, 8.368489145506422e-24, nan 
-75.625, 86.375, 8.15162416514386e-24, nan 
-75.375, 86.375, 7.548715303547925e-24, nan 
-75.125, 86.375, 7.119125979710741e-24, nan 
-74.875, 86.375, 6.968164687876853e-24, nan 
-74.625, 86.375, 6.739593860368955e-24, nan 
-74.375, 86.375, 6.4439924226596075e-24, nan 
-74.125, 86.375, 6.243598051265263e-24, nan 
-73.875, 86.375, 6.0919851978678804e-24, nan 
-73.625, 86.375, 6.1471579201026555e-24, nan 
-73.375, 86.375, 6.349119561841094e-24, nan 
-73.125, 86.375, 6.5840684540992336e-24, nan 
-72.875, 86.375, 6.463691656281774e-24, nan 
-72.625, 86.375, 6.286010328667402e-24, nan 
-72.375, 86.375, 5.9873413832826795e-24, nan 
-72.125, 86.375, 5.960928658035935e-24, nan 
-71.875, 86.375, 5.854327147847452e-24, nan 
-71.625, 86.375, 5.6294474721447086e-24, nan 
-71.375, 86.375, 5.223962522132638e-24, nan 
-71.125, 86.375, 4.86794725784171e-24, nan 
-70.875, 86.375, 4.5290596908421284e-24, nan 
-70.625, 86.375, 3.7206527178967255e-24, nan 
-70.375, 86.375, 2.871846392114834e-24, nan 
-70.125, 86.375, 2.3596611859070623e-24, nan 
-69.875, 86.375, 2.0279280971787384e-24, nan 
-69.625, 86.375, 1.9992919632405537e-24, nan 
-69.375, 86.375, 2.3107383242818982e-24, nan 
-69.125, 86.375, 2.68543419127617e-24, nan 
-68.875, 86.375, 2.9779684318456575e-24, nan 
-68.625, 86.375, 3.1677048312696456e-24, nan 
-68.375, 86.375, 3.4163723022262755e-24, nan 
-68.125, 86.375, 3.7459768785118094e-24, nan 
-67.875, 86.375, 4.574290879908704e-24, nan 
-67.625, 86.375, 5.105142214365237e-24, nan 
-67.375, 86.375, 6.32793921092927e-24, nan 
-67.125, 86.375, 8.122847494773527e-24, nan 
-66.875, 86.375, 9.417243074975442e-24, nan 
-66.625, 86.375, 1.0175759751420827e-23, nan 
-66.375, 86.375, 1.013095085186078e-23, nan 
-66.125, 86.375, 1.0216701273564078e-23, nan 
-65.875, 86.375, 1.000670060381764e-23, nan 
-65.625, 86.375, 9.869336896465342e-24, nan 
-65.375, 86.375, 9.851580426150714e-24, nan 
-65.125, 86.375, 9.845077999223646e-24, nan 
-64.875, 86.375, 9.700448991353401e-24, nan 
-64.625, 86.375, 9.449653812521356e-24, nan 
-64.375, 86.375, 9.133734607113724e-24, nan 
-64.125, 86.375, 8.701453252274292e-24, nan 
-63.875, 86.375, 8.16582101581096e-24, nan 
-63.625, 86.375, 7.754754240295843e-24, nan 
-63.375, 86.375, 7.23656913999685e-24, nan 
-63.125, 86.375, 6.99513457051719e-24, nan 
-62.875, 86.375, 6.731197265929087e-24, nan 
-62.625, 86.375, 6.335489510280387e-24, nan 
-62.375, 86.375, 6.1361843943489134e-24, nan 
-62.125, 86.375, 6.032830064666352e-24, nan 
-61.875, 86.375, 5.8943958099276e-24, nan 
-61.625, 86.375, 5.860252800465979e-24, nan 
-61.375, 86.375, 5.924798510694987e-24, nan 
-61.125, 86.375, 5.928102845450444e-24, nan 
-60.875, 86.375, 5.779200095311702e-24, nan 
-60.625, 86.375, 5.6396394630833525e-24, nan 
-60.375, 86.375, 5.474752120908276e-24, nan 
-60.125, 86.375, 5.2750617238613814e-24, nan 
-59.875, 86.375, 5.066315905843549e-24, nan 
-59.625, 86.375, 4.786576735554695e-24, nan 
-59.375, 86.375, 4.67655788445626e-24, nan 
-59.125, 86.375, 4.456090983947097e-24, nan 
-58.875, 86.375, 4.1200203089068714e-24, nan 
-58.625, 86.375, 4.0022631510677956e-24, nan 
-58.375, 86.375, 4.08849187894103e-24, nan 
-58.125, 86.375, 4.164975011135993e-24, nan 
-57.875, 86.375, 4.221270075280368e-24, nan 
-57.625, 86.375, 4.412307098938914e-24, nan 
-57.375, 86.375, 4.40164987170995e-24, nan 
-57.125, 86.375, 4.5645871511716695e-24, nan 
-56.875, 86.375, 4.606547836379938e-24, nan 
-56.625, 86.375, 4.5748693851272984e-24, nan 
-56.375, 86.375, 4.7362349453932424e-24, nan 
-56.125, 86.375, 5.0500161105687186e-24, nan 
-55.875, 86.375, 5.589798838768817e-24, nan 
-55.625, 86.375, 6.1598304116323126e-24, nan 
-55.375, 86.375, 6.692460408177404e-24, nan 
-55.125, 86.375, 7.198894060466284e-24, nan 
-54.875, 86.375, 7.70682512925967e-24, nan 
-54.625, 86.375, 7.941767695277457e-24, nan 
-54.375, 86.375, 8.478229689615772e-24, nan 
-54.125, 86.375, 9.29374192990696e-24, nan 
-53.875, 86.375, 1.0224806424566871e-23, nan 
-53.625, 86.375, 1.0690099661420632e-23, nan 
-53.375, 86.375, 1.1312426441190069e-23, nan 
-53.125, 86.375, 1.1362158904650638e-23, nan 
-52.875, 86.375, 1.1007820672396552e-23, nan 
-52.625, 86.375, 1.0967381705195033e-23, nan 
-52.375, 86.375, 1.121902836000035e-23, nan 
-52.125, 86.375, 1.1994527539037359e-23, nan 
-51.875, 86.375, 1.3209213901342237e-23, nan 
-51.625, 86.375, 1.4006259048688815e-23, nan 
-51.375, 86.375, 1.4333627487140098e-23, nan 
-51.125, 86.375, 1.4584042329674716e-23, nan 
-50.875, 86.375, 1.419570067843666e-23, nan 
-50.625, 86.375, 1.4411708025705407e-23, nan 
-50.375, 86.375, 1.5267507490897448e-23, nan 
-50.125, 86.375, 1.6717629942261033e-23, nan 
-49.875, 86.375, 1.6611308923976797e-23, nan 
-49.625, 86.375, 1.6719092334054468e-23, nan 
-49.375, 86.375, 1.6301157446182824e-23, nan 
-49.125, 86.375, 1.5137182701458036e-23, nan 
-48.875, 86.375, 1.540682809290734e-23, nan 
-48.625, 86.375, 1.4837331976183283e-23, nan 
-48.375, 86.375, 1.4006214455221557e-23, nan 
-48.125, 86.375, 1.373084306385519e-23, nan 
-47.875, 86.375, 1.33562238344121e-23, nan 
-47.625, 86.375, 1.2802574413309646e-23, nan 
-47.375, 86.375, 1.265627547161053e-23, nan 
-47.125, 86.375, 1.2074836249545168e-23, nan 
-46.875, 86.375, 1.1535812264813218e-23, nan 
-46.625, 86.375, 1.1076585004065677e-23, nan 
-46.375, 86.375, 1.0973341953657542e-23, nan 
-46.125, 86.375, 8.556986175797186e-24, nan 
-45.875, 86.375, 5.963457067159868e-24, nan 
-45.625, 86.375, 3.7087729113758164e-24, nan 
-45.375, 86.375, 6.679479347469312e-24, nan 
-45.125, 86.375, 6.443696414571605e-24, nan 
-44.875, 86.375, 5.9797076306138774e-24, nan 
-44.625, 86.375, 6.031536013491083e-24, nan 
-44.375, 86.375, 6.30252402699578e-24, nan 
-44.125, 86.375, 6.4176300655948996e-24, nan 
-43.875, 86.375, 6.492467956411895e-24, nan 
-43.625, 86.375, 6.508196893312906e-24, nan 
-43.375, 86.375, 6.907594079520607e-24, nan 
-43.125, 86.375, 7.629592691152523e-24, nan 
-42.875, 86.375, 8.098644856597088e-24, nan 
-42.625, 86.375, 7.514944403551783e-24, nan 
-42.375, 86.375, 7.339169340913908e-24, nan 
-42.125, 86.375, 7.923862550232019e-24, nan 
-41.875, 86.375, 8.018755438416416e-24, nan 
-41.625, 86.375, 8.287168905021246e-24, nan 
-41.375, 86.375, 8.477234134785671e-24, nan 
-41.125, 86.375, 8.714301948475479e-24, nan 
-40.875, 86.375, 8.31313468050892e-24, nan 
-40.625, 86.375, 8.720500186193057e-24, nan 
-40.375, 86.375, 9.304761108012147e-24, nan 
-40.125, 86.375, 9.199588761625864e-24, nan 
-39.875, 86.375, 9.532986270870377e-24, nan 
-39.625, 86.375, 9.654650083698238e-24, nan 
-39.375, 86.375, 1.0095268339982527e-23, nan 
-39.125, 86.375, 9.388158377660438e-24, nan 
-38.875, 86.375, 8.973097474572895e-24, nan 
-38.625, 86.375, 8.295375960627706e-24, nan 
-38.375, 86.375, 7.808354041131795e-24, nan 
-38.125, 86.375, 8.13136651897665e-24, nan 
-37.875, 86.375, 7.72351537760088e-24, nan 
-37.625, 86.375, 6.9849418016996e-24, nan 
-37.375, 86.375, 6.6079740529418465e-24, nan 
-37.125, 86.375, 6.626329883531126e-24, nan 
-36.875, 86.375, 6.4259089783347e-24, nan 
-36.625, 86.375, 6.521666377650318e-24, nan 
-36.375, 86.375, 6.514873347486419e-24, nan 
-36.125, 86.375, 6.4761959374886394e-24, nan 
-35.875, 86.375, 6.734008104434355e-24, nan 
-35.625, 86.375, 6.72774455750191e-24, nan 
-35.375, 86.375, 6.737290851077757e-24, nan 
-35.125, 86.375, 6.454641780370925e-24, nan 
-34.875, 86.375, 6.619060879458887e-24, nan 
-34.625, 86.375, 6.574186193371387e-24, nan 
-34.375, 86.375, 6.619900274237356e-24, nan 
-34.125, 86.375, 6.64084189132329e-24, nan 
-33.875, 86.375, 6.792013294694328e-24, nan 
-33.625, 86.375, 7.139358887218144e-24, nan 
-33.375, 86.375, 7.266556226465824e-24, nan 
-33.125, 86.375, 7.060717949927281e-24, nan 
-32.875, 86.375, 6.906714540799214e-24, nan 
-32.625, 86.375, 7.300945954755437e-24, nan 
-32.375, 86.375, 7.2113454651935e-24, nan 
-32.125, 86.375, 7.098403754866375e-24, nan 
-31.875, 86.375, 7.026915914161011e-24, nan 
-31.625, 86.375, 7.213606836931864e-24, nan 
-31.375, 86.375, 7.532880844670374e-24, nan 
-31.125, 86.375, 7.511267020548727e-24, nan 
-30.875, 86.375, 8.240237416765817e-24, nan 
-30.625, 86.375, 8.295498541418039e-24, nan 
-30.375, 86.375, 8.424007951186877e-24, nan 
-30.125, 86.375, 8.707779562331223e-24, nan 
-29.875, 86.375, 8.897191707509483e-24, nan 
-29.625, 86.375, 9.195559635127441e-24, nan 
-29.375, 86.375, 9.268094238356915e-24, nan 
-29.125, 86.375, 9.12542292667166e-24, nan 
-28.875, 86.375, 9.347300437046478e-24, nan 
-28.625, 86.375, 9.800924889781483e-24, nan 
-28.375, 86.375, 9.984355658020805e-24, nan 
-28.125, 86.375, 1.010065815244411e-23, nan 
-27.875, 86.375, 9.971690336515366e-24, nan 
-27.625, 86.375, 9.897792100757638e-24, nan 
-27.375, 86.375, 1.0248881366978542e-23, nan 
-27.125, 86.375, 1.0224978308254243e-23, nan 
-26.875, 86.375, 1.0929364401055775e-23, nan 
-26.625, 86.375, 1.0951991226296627e-23, nan 
-26.375, 86.375, 1.1467547746718942e-23, nan 
-26.125, 86.375, 1.2379115417826616e-23, nan 
-25.875, 86.375, 1.2184069151748446e-23, nan 
-25.625, 86.375, 1.1646101040022464e-23, nan 
-25.375, 86.375, 1.169024842105742e-23, nan 
-25.125, 86.375, 1.1475265925953587e-23, nan 
-24.875, 86.375, 1.1057698044767583e-23, nan 
-24.625, 86.375, 1.0806054649376402e-23, nan 
-24.375, 86.375, 1.0706120702090305e-23, nan 
-24.125, 86.375, 1.0593274357560939e-23, nan 
-23.875, 86.375, 1.061399393516338e-23, nan 
-23.625, 86.375, 1.0200622256869563e-23, nan 
-23.375, 86.375, 9.787488214601307e-24, nan 
-23.125, 86.375, 9.842532069651448e-24, nan 
-22.875, 86.375, 9.820602389115092e-24, nan 
-22.625, 86.375, 8.544780929089668e-24, nan 
-22.375, 86.375, 8.493320423300053e-24, nan 
-22.125, 86.375, 8.908197440397628e-24, nan 
-21.875, 86.375, 9.273394541614721e-24, nan 
-21.625, 86.375, 9.651449979993026e-24, nan 
-21.375, 86.375, 1.0102350029958048e-23, nan 
-21.125, 86.375, 1.0406886727379625e-23, nan 
-20.875, 86.375, 1.0629966981189903e-23, nan 
-20.625, 86.375, 1.1566602807585423e-23, nan 
-20.375, 86.375, 1.2756858870457351e-23, nan 
-20.125, 86.375, 1.232246079040298e-23, nan 
-19.875, 86.375, 1.310192788396148e-23, nan 
-19.625, 86.375, 1.390554316255303e-23, nan 
-19.375, 86.375, 1.367039952999115e-23, nan 
-19.125, 86.375, 1.3380606016242976e-23, nan 
-18.875, 86.375, 1.397674559145644e-23, nan 
-18.625, 86.375, 1.3975348626478467e-23, nan 
-18.375, 86.375, 1.36280669247464e-23, nan 
-18.125, 86.375, 1.244063853508421e-23, nan 
-17.875, 86.375, 1.0934125254557443e-23, nan 
-17.625, 86.375, 1.0408288431800314e-23, nan 
-17.375, 86.375, 9.786058394955626e-24, nan 
-17.125, 86.375, 9.495202121423718e-24, nan 
-16.875, 86.375, 1.04280057345278e-23, nan 
-16.625, 86.375, 1.2140155236546497e-23, nan 
-16.375, 86.375, 1.1963303072075309e-23, nan 
-16.125, 86.375, 1.4193789286570338e-23, nan 
-15.875, 86.375, 1.6480132139296038e-23, nan 
-15.625, 86.375, 1.8086612877079503e-23, nan 
-15.375, 86.375, 1.897846461980264e-23, nan 
-15.125, 86.375, 2.2372954701135014e-23, nan 
-14.875, 86.375, 2.4202453169399366e-23, nan 
-14.625, 86.375, 2.5803156756649777e-23, nan 
-14.375, 86.375, 2.5740711796213123e-23, nan 
-14.125, 86.375, 2.4487365979047168e-23, nan 
-13.875, 86.375, 2.4150851998152636e-23, nan 
-13.625, 86.375, 2.3439304908171967e-23, nan 
-13.375, 86.375, 2.307037697873636e-23, nan 
-13.125, 86.375, 2.44760200891929e-23, nan 
-12.875, 86.375, 2.3982061421518082e-23, nan 
-12.625, 86.375, 2.5145554207067136e-23, nan 
-12.375, 86.375, 2.6077379645115378e-23, nan 
-12.125, 86.375, 2.698115594160517e-23, nan 
-11.875, 86.375, 2.598589561411683e-23, nan 
-11.625, 86.375, 2.6583968546537645e-23, nan 
-11.375, 86.375, 2.73932059890056e-23, nan 
-11.125, 86.375, 2.7555502286173166e-23, nan 
-10.875, 86.375, 2.4741717584521087e-23, nan 
-10.625, 86.375, 2.3675960139400252e-23, nan 
-10.375, 86.375, 2.222189074375819e-23, nan 
-10.125, 86.375, 2.3110185893866598e-23, nan 
-9.875, 86.375, 2.1348902067384065e-23, nan 
-9.625, 86.375, 2.1767544843447317e-23, nan 
-9.375, 86.375, 1.9852619196684163e-23, nan 
-9.125, 86.375, 2.0539955053981802e-23, nan 
-8.875, 86.375, 2.013105096008683e-23, nan 
-8.625, 86.375, 1.9502693823266775e-23, nan 
-8.375, 86.375, 1.9151673033930182e-23, nan 
-8.125, 86.375, 1.8583571937338827e-23, nan 
-7.875, 86.375, 1.8901963916731258e-23, nan 
-7.625, 86.375, 1.9915496068979145e-23, nan 
-7.375, 86.375, 2.1219014020493036e-23, nan 
-7.125, 86.375, 2.0332886224252678e-23, nan 
-6.875, 86.375, 2.0613386878659117e-23, nan 
-6.625, 86.375, 2.0174892408718204e-23, nan 
-6.375, 86.375, 2.1400600786927803e-23, nan 
-6.125, 86.375, 2.0920130596266464e-23, nan 
-5.875, 86.375, 2.2170990464409208e-23, nan 
-5.625, 86.375, 2.1281673183503963e-23, nan 
-5.375, 86.375, 2.1270837755030948e-23, nan 
-5.125, 86.375, 2.1043793081871843e-23, nan 
-4.875, 86.375, 2.049280100859021e-23, nan 
-4.625, 86.375, 1.953928488735935e-23, nan 
-4.375, 86.375, 1.932922282362369e-23, nan 
-4.125, 86.375, 1.912387934892232e-23, nan 
-3.875, 86.375, 1.8559635536332405e-23, nan 
-3.625, 86.375, 1.8238539479132726e-23, nan 
-3.375, 86.375, 1.8011542166850794e-23, nan 
-3.125, 86.375, 1.810176684318669e-23, nan 
-2.875, 86.375, 1.7949451144549442e-23, nan 
-2.625, 86.375, 1.7987289466264133e-23, nan 
-2.375, 86.375, 1.797803214912677e-23, nan 
-2.125, 86.375, 1.805127168889567e-23, nan 
-1.875, 86.375, 1.8251581488524608e-23, nan 
-1.625, 86.375, 1.8181871700953754e-23, nan 
-1.375, 86.375, 1.8243531941777402e-23, nan 
-1.125, 86.375, 1.8376853106080205e-23, nan 
-0.875, 86.375, 1.8764252887418344e-23, nan 
-0.625, 86.375, 1.8642824440306128e-23, nan 
-0.375, 86.375, 1.8415488188564663e-23, nan 
-0.125, 86.375, 1.6954762777790562e-23, nan 
0.125, 86.375, 1.585454434446926e-23, nan 
0.375, 86.375, 1.380450786260462e-23, nan 
0.625, 86.375, 1.2036013909137228e-23, nan 
0.875, 86.375, 9.031220049777156e-24, nan 
1.125, 86.375, 8.076242134732371e-24, nan 
1.375, 86.375, 6.980884547518887e-24, nan 
1.625, 86.375, 6.124493720137125e-24, nan 
1.875, 86.375, 6.021176958123681e-24, nan 
2.125, 86.375, 5.692471220328649e-24, nan 
2.375, 86.375, 4.877520323838868e-24, nan 
2.625, 86.375, 4.575749036911942e-24, nan 
2.875, 86.375, 4.434821502149622e-24, nan 
3.125, 86.375, 4.330268609769117e-24, nan 
3.375, 86.375, 4.070483876294129e-24, nan 
3.625, 86.375, 3.7879941733732405e-24, nan 
3.875, 86.375, 3.640227051497301e-24, nan 
4.125, 86.375, 3.2421292697511457e-24, nan 
4.375, 86.375, 3.115898685102905e-24, nan 
4.625, 86.375, 2.899427099240868e-24, nan 
4.875, 86.375, 2.487488123445063e-24, nan 
5.125, 86.375, 2.383267624271943e-24, nan 
5.375, 86.375, 2.4034419910906787e-24, nan 
5.625, 86.375, 2.3494780034604117e-24, nan 
5.875, 86.375, 2.498703397657589e-24, nan 
6.125, 86.375, 2.6440360523131736e-24, nan 
6.375, 86.375, 2.7713073281475034e-24, nan 
6.625, 86.375, 2.6620501876856586e-24, nan 
6.875, 86.375, 2.4533927375478657e-24, nan 
7.125, 86.375, 2.0005202286423446e-24, nan 
7.375, 86.375, 1.7323167150229768e-24, nan 
7.625, 86.375, 1.696782461241131e-24, nan 
7.875, 86.375, 1.5749038724335219e-24, nan 
8.125, 86.375, 1.3295965477105783e-24, nan 
8.375, 86.375, 1.3754573620507503e-24, nan 
8.625, 86.375, 1.4476795134979774e-24, nan 
8.875, 86.375, 1.3829617880294629e-24, nan 
9.125, 86.375, 1.7257567958414033e-24, nan 
9.375, 86.375, 2.2003493081263068e-24, nan 
9.625, 86.375, 2.8079727698512314e-24, nan 
9.875, 86.375, 2.878538767278539e-24, nan 
10.125, 86.375, 2.8613920489235314e-24, nan 
10.375, 86.375, 4.664687645436885e-24, nan 
10.625, 86.375, 5.479122900936658e-24, nan 
10.875, 86.375, 7.328095565978611e-24, nan 
11.125, 86.375, 7.839657257729027e-24, nan 
11.375, 86.375, 8.733934634289166e-24, nan 
11.625, 86.375, 9.470801978190025e-24, nan 
11.875, 86.375, 1.0114463795239875e-23, nan 
12.125, 86.375, 1.0509326522385155e-23, nan 
12.375, 86.375, 1.0503580585329456e-23, nan 
12.625, 86.375, 1.111964769551356e-23, nan 
12.875, 86.375, 1.275809404357067e-23, nan 
13.125, 86.375, 1.4361712825949145e-23, nan 
13.375, 86.375, 1.593575204971039e-23, nan 
13.625, 86.375, 1.6470330443544404e-23, nan 
13.875, 86.375, 1.5785769956235088e-23, nan 
14.125, 86.375, 1.5660448511538222e-23, nan 
14.375, 86.375, 1.589041239597939e-23, nan 
14.625, 86.375, 1.604210182748861e-23, nan 
14.875, 86.375, 1.631097364950523e-23, nan 
15.125, 86.375, 1.6985515339869468e-23, nan 
15.375, 86.375, 1.7206362954058082e-23, nan 
15.625, 86.375, 1.7320273270769568e-23, nan 
15.875, 86.375, 1.7786576266876794e-23, nan 
16.125, 86.375, 1.7860888054827132e-23, nan 
16.375, 86.375, 1.831843719814612e-23, nan 
16.625, 86.375, 1.8847014870733108e-23, nan 
16.875, 86.375, 2.0014947379249794e-23, nan 
17.125, 86.375, 2.0340443493519427e-23, nan 
17.375, 86.375, 2.13491099993451e-23, nan 
17.625, 86.375, 2.2598826386292517e-23, nan 
17.875, 86.375, 2.4496426941699998e-23, nan 
18.125, 86.375, 2.5691421404143763e-23, nan 
18.375, 86.375, 2.5035883540788275e-23, nan 
18.625, 86.375, 2.5002676445403796e-23, nan 
18.875, 86.375, 2.4975446355389838e-23, nan 
19.125, 86.375, 2.497311854269239e-23, nan 
19.375, 86.375, 2.5527198487552417e-23, nan 
19.625, 86.375, 2.2472166769658388e-23, nan 
19.875, 86.375, 2.0882285744875604e-23, nan 
20.125, 86.375, 2.0017551561708554e-23, nan 
20.375, 86.375, 1.960853121340414e-23, nan 
20.625, 86.375, 1.982148957127111e-23, nan 
20.875, 86.375, 2.0074156059350958e-23, nan 
21.125, 86.375, 2.0505468834861513e-23, nan 
21.375, 86.375, 2.114111012197605e-23, nan 
21.625, 86.375, 2.2269464817185767e-23, nan 
21.875, 86.375, 2.3071123219437845e-23, nan 
22.125, 86.375, 2.2656035272129243e-23, nan 
22.375, 86.375, 2.281121039001228e-23, nan 
22.625, 86.375, 2.296665476634294e-23, nan 
22.875, 86.375, 2.282536417484158e-23, nan 
23.125, 86.375, 2.3353070140420872e-23, nan 
23.375, 86.375, 2.1480282735821684e-23, nan 
23.625, 86.375, 2.0310420168724726e-23, nan 
23.875, 86.375, 1.952136441249985e-23, nan 
24.125, 86.375, 1.9150957012260788e-23, nan 
24.375, 86.375, 1.896300735511049e-23, nan 
24.625, 86.375, 1.9525246183785356e-23, nan 
24.875, 86.375, 1.9719600992954716e-23, nan 
25.125, 86.375, 1.9333081135682464e-23, nan 
25.375, 86.375, 1.903636078657883e-23, nan 
25.625, 86.375, 1.9069095890629593e-23, nan 
25.875, 86.375, 1.9016316241738477e-23, nan 
26.125, 86.375, 1.878136351172632e-23, nan 
26.375, 86.375, 1.868172535408161e-23, nan 
26.625, 86.375, 1.8774492512876638e-23, nan 
26.875, 86.375, 1.8781696417066876e-23, nan 
27.125, 86.375, 1.9000021518471132e-23, nan 
27.375, 86.375, 1.915783572183379e-23, nan 
27.625, 86.375, 1.9436775827112747e-23, nan 
27.875, 86.375, 1.886292423685563e-23, nan 
28.125, 86.375, 1.893156182923801e-23, nan 
28.375, 86.375, 1.865999518064902e-23, nan 
28.625, 86.375, 1.7226749370529565e-23, nan 
28.875, 86.375, 1.3295040237307025e-23, nan 
29.125, 86.375, 1.0570365025389146e-23, nan 
29.375, 86.375, 1.0047943109541359e-23, nan 
29.625, 86.375, 1.0022033568872844e-23, nan 
29.875, 86.375, 9.050501641379872e-24, nan 
30.125, 86.375, 8.678389955656568e-24, nan 
30.375, 86.375, 8.175311653469692e-24, nan 
30.625, 86.375, 8.037981083372146e-24, nan 
30.875, 86.375, 7.225785993520153e-24, nan 
31.125, 86.375, 6.630227946030036e-24, nan 
31.375, 86.375, 5.563243657122951e-24, nan 
31.625, 86.375, 4.8743052641939946e-24, nan 
31.875, 86.375, 4.219008122043552e-24, nan 
32.125, 86.375, 3.811407424759467e-24, nan 
32.375, 86.375, 3.686671821531526e-24, nan 
32.625, 86.375, 3.633370219407793e-24, nan 
32.875, 86.375, 3.773831230477706e-24, nan 
33.125, 86.375, 4.195222897010702e-24, nan 
33.375, 86.375, 4.401062432990648e-24, nan 
33.625, 86.375, 4.406615224137948e-24, nan 
33.875, 86.375, 5.784149636659326e-24, nan 
34.125, 86.375, 8.695753622010225e-24, nan 
34.375, 86.375, 1.3952064991846327e-23, nan 
34.625, 86.375, 1.414384231967593e-23, nan 
34.875, 86.375, 1.4282694732236275e-23, nan 
35.125, 86.375, 1.35575741944318e-23, nan 
35.375, 86.375, 1.479228747130944e-23, nan 
35.625, 86.375, 1.4718865526983304e-23, nan 
35.875, 86.375, 1.623230865695247e-23, nan 
36.125, 86.375, 1.71727972930973e-23, nan 
36.375, 86.375, 1.772055159449951e-23, nan 
36.625, 86.375, 1.89820216175131e-23, nan 
36.875, 86.375, 1.9823354013763872e-23, nan 
37.125, 86.375, 2.0217432528165687e-23, nan 
37.375, 86.375, 1.9399705709141234e-23, nan 
37.625, 86.375, 2.3134631315531026e-23, nan 
37.875, 86.375, 2.9263738100520995e-23, nan 
38.125, 86.375, 3.892784522013864e-23, nan 
38.375, 86.375, 3.805041323492218e-23, nan 
38.625, 86.375, 3.6087479648738724e-23, nan 
38.875, 86.375, 3.1074382253634854e-23, nan 
39.125, 86.375, 3.48023595787138e-23, nan 
39.375, 86.375, 3.3527213997788975e-23, nan 
39.625, 86.375, 3.6079197916009374e-23, nan 
39.875, 86.375, 3.857942305568414e-23, nan 
40.125, 86.375, 3.956529280343973e-23, nan 
40.375, 86.375, 4.0886899248718853e-23, nan 
40.625, 86.375, 4.27531548057184e-23, nan 
40.875, 86.375, 4.2751666559599253e-23, nan 
41.125, 86.375, 3.255702415724665e-23, nan 
41.375, 86.375, 2.5770255571431578e-23, nan 
41.625, 86.375, 2.704637218109911e-23, nan 
41.875, 86.375, 3.1245213806447105e-23, nan 
42.125, 86.375, 3.168716980076753e-23, nan 
42.375, 86.375, 3.1312019006292513e-23, nan 
42.625, 86.375, 2.9957831853199035e-23, nan 
42.875, 86.375, 3.2521868827166983e-23, nan 
43.125, 86.375, 3.3181991342257236e-23, nan 
43.375, 86.375, 3.566695770027978e-23, nan 
43.625, 86.375, 3.7569182089490477e-23, nan 
43.875, 86.375, 3.859961682571526e-23, nan 
44.125, 86.375, 4.027699414829858e-23, nan 
44.375, 86.375, 4.1621380626657215e-23, nan 
44.625, 86.375, 4.262622489691726e-23, nan 
44.875, 86.375, 3.948110403619436e-23, nan 
45.125, 86.375, 3.710913962238963e-23, nan 
45.375, 86.375, 3.658736453457345e-23, nan 
45.625, 86.375, 3.7229167344016216e-23, nan 
45.875, 86.375, 3.78065580063837e-23, nan 
46.125, 86.375, 3.8447748151984196e-23, nan 
46.375, 86.375, 3.829536108501889e-23, nan 
46.625, 86.375, 3.847428178957456e-23, nan 
46.875, 86.375, 3.831019799938257e-23, nan 
47.125, 86.375, 3.934161038064437e-23, nan 
47.375, 86.375, 4.0056977095895845e-23, nan 
47.625, 86.375, 4.077545917769222e-23, nan 
47.875, 86.375, 4.023847178928481e-23, nan 
48.125, 86.375, 3.53291601224485e-23, nan 
48.375, 86.375, 3.183846724734263e-23, nan 
48.625, 86.375, 2.9165535129034465e-23, nan 
48.875, 86.375, 2.692130226595573e-23, nan 
49.125, 86.375, 2.5113989013426386e-23, nan 
49.375, 86.375, 2.1738296762748627e-23, nan 
49.625, 86.375, 2.1490486727026343e-23, nan 
49.875, 86.375, 1.950035449540576e-23, nan 
50.125, 86.375, 2.048893397839924e-23, nan 
50.375, 86.375, 1.8717506038251588e-23, nan 
50.625, 86.375, 1.7069616500904794e-23, nan 
50.875, 86.375, 1.4882114715049722e-23, nan 
51.125, 86.375, 1.4054700465294598e-23, nan 
51.375, 86.375, 1.2074424555001723e-23, nan 
51.625, 86.375, 1.1962934629814133e-23, nan 
51.875, 86.375, 1.263327778482866e-23, nan 
52.125, 86.375, 1.3162490101550988e-23, nan 
52.375, 86.375, 1.3172674417831956e-23, nan 
52.625, 86.375, 1.349405246126624e-23, nan 
52.875, 86.375, 1.361111342720787e-23, nan 
53.125, 86.375, 1.4093894886419992e-23, nan 
53.375, 86.375, 1.4380155994709544e-23, nan 
53.625, 86.375, 1.4744015271815896e-23, nan 
53.875, 86.375, 1.522717802691144e-23, nan 
54.125, 86.375, 1.608869919887361e-23, nan 
54.375, 86.375, 1.7427965265804915e-23, nan 
54.625, 86.375, 1.8672226886683e-23, nan 
54.875, 86.375, 1.9711873688251117e-23, nan 
55.125, 86.375, 2.0651739885758848e-23, nan 
55.375, 86.375, 2.2082221454064698e-23, nan 
55.625, 86.375, 2.3508234175510814e-23, nan 
55.875, 86.375, 2.4606911299477237e-23, nan 
56.125, 86.375, 2.5450708598336402e-23, nan 
56.375, 86.375, 2.593150150307406e-23, nan 
56.625, 86.375, 2.7203157791910997e-23, nan 
56.875, 86.375, 2.8450471409792015e-23, nan 
57.125, 86.375, 3.003412332096736e-23, nan 
57.375, 86.375, 3.068909676507083e-23, nan 
57.625, 86.375, 3.282380575427406e-23, nan 
57.875, 86.375, 3.4690070235018555e-23, nan 
58.125, 86.375, 3.63615987350739e-23, nan 
58.375, 86.375, 3.750634119807536e-23, nan 
58.625, 86.375, 3.749924173625234e-23, nan 
58.875, 86.375, 3.724977580904331e-23, nan 
59.125, 86.375, 3.7202576896360695e-23, nan 
59.375, 86.375, 3.7444217934241645e-23, nan 
59.625, 86.375, 3.7396275596161164e-23, nan 
59.875, 86.375, 3.681204968003469e-23, nan 
60.125, 86.375, 3.640374419499051e-23, nan 
60.375, 86.375, 3.670871175864648e-23, nan 
60.625, 86.375, 4.1804089295716394e-23, nan 
60.875, 86.375, 4.36527816373506e-23, nan 
61.125, 86.375, 4.352219699640105e-23, nan 
61.375, 86.375, 4.32552222905918e-23, nan 
61.625, 86.375, 4.161031356317421e-23, nan 
61.875, 86.375, 4.0241265500803215e-23, nan 
62.125, 86.375, 3.943674770736981e-23, nan 
62.375, 86.375, 3.918832318011418e-23, nan 
62.625, 86.375, 3.7849075900732923e-23, nan 
62.875, 86.375, 3.6471940470810695e-23, nan 
63.125, 86.375, 3.4978825133870706e-23, nan 
63.375, 86.375, 3.4146664133119474e-23, nan 
63.625, 86.375, 3.2793682849872285e-23, nan 
63.875, 86.375, 3.2159676910959684e-23, nan 
64.125, 86.375, 3.15054048985165e-23, nan 
64.375, 86.375, 3.270128735553092e-23, nan 
64.625, 86.375, 3.2748484139745447e-23, nan 
64.875, 86.375, 3.19216584208028e-23, nan 
65.125, 86.375, 3.1001148811439996e-23, nan 
65.375, 86.375, 2.968340718865161e-23, nan 
65.625, 86.375, 2.772684303903393e-23, nan 
65.875, 86.375, 2.55692408453475e-23, nan 
66.125, 86.375, 2.4219367358685443e-23, nan 
66.375, 86.375, 2.277463385034561e-23, nan 
66.625, 86.375, 2.190661372490412e-23, nan 
66.875, 86.375, 2.0726090512405565e-23, nan 
67.125, 86.375, 2.0123970572997128e-23, nan 
67.375, 86.375, 1.955961726257122e-23, nan 
67.625, 86.375, 1.9479211757974704e-23, nan 
67.875, 86.375, 1.880071368334746e-23, nan 
68.125, 86.375, 1.836277361379077e-23, nan 
68.375, 86.375, 1.782263196756007e-23, nan 
68.625, 86.375, 1.7111656657357638e-23, nan 
68.875, 86.375, 1.6372361069071114e-23, nan 
69.125, 86.375, 1.6220039921773006e-23, nan 
69.375, 86.375, 1.6001008984340577e-23, nan 
69.625, 86.375, 1.5879339290476235e-23, nan 
69.875, 86.375, 1.5880009651937713e-23, nan 
70.125, 86.375, 1.6416389848188437e-23, nan 
70.375, 86.375, 1.7010488221547223e-23, nan 
70.625, 86.375, 1.7979994591208154e-23, nan 
70.875, 86.375, 1.9413325071953753e-23, nan 
71.125, 86.375, 2.4532680734605065e-23, nan 
71.375, 86.375, 3.1074093615682036e-23, nan 
71.625, 86.375, 3.7796493392606825e-23, nan 
71.875, 86.375, 4.0211824725710805e-23, nan 
72.125, 86.375, 4.1652093315812225e-23, nan 
72.375, 86.375, 4.3721985840681905e-23, nan 
72.625, 86.375, 4.627315411734312e-23, nan 
72.875, 86.375, 4.7771383168641315e-23, nan 
73.125, 86.375, 4.930654325266766e-23, nan 
73.375, 86.375, 4.9309225648168085e-23, nan 
73.625, 86.375, 4.921044592593029e-23, nan 
73.875, 86.375, 5.014070718880993e-23, nan 
74.125, 86.375, 4.974126491042363e-23, nan 
74.375, 86.375, 4.8682839680864134e-23, nan 
74.625, 86.375, 4.6823698853361625e-23, nan 
74.875, 86.375, 4.6960167455995447e-23, nan 
75.125, 86.375, 4.703744927210762e-23, nan 
75.375, 86.375, 4.637559463663802e-23, nan 
75.625, 86.375, 4.382596137734472e-23, nan 
75.875, 86.375, 4.2444347365981045e-23, nan 
76.125, 86.375, 4.141044446039187e-23, nan 
76.375, 86.375, 4.078253341587662e-23, nan 
76.625, 86.375, 3.910198467109074e-23, nan 
76.875, 86.375, 4.3001032843789657e-23, nan 
77.125, 86.375, 4.8150829995119614e-23, nan 
77.375, 86.375, 6.743203643669953e-23, nan 
77.625, 86.375, 7.621690015716823e-23, nan 
77.875, 86.375, 8.595209366547294e-23, nan 
78.125, 86.375, 9.466423761245116e-23, nan 
78.375, 86.375, 9.833487921965886e-23, nan 
78.625, 86.375, 1.0291927729897754e-22, nan 
78.875, 86.375, 1.0456724008408034e-22, nan 
79.125, 86.375, 1.0697157406039532e-22, nan 
79.375, 86.375, 1.0799973529038968e-22, nan 
79.625, 86.375, 1.095898025458436e-22, nan 
79.875, 86.375, 1.1078986780846828e-22, nan 
80.125, 86.375, 1.1017009789505277e-22, nan 
80.375, 86.375, 1.0818074550304073e-22, nan 
80.625, 86.375, 1.085291894923158e-22, nan 
80.875, 86.375, 1.101251791975707e-22, nan 
81.125, 86.375, 1.122123741689243e-22, nan 
81.375, 86.375, 1.2290715128865095e-22, nan 
81.625, 86.375, 1.2880576382806802e-22, nan 
81.875, 86.375, 1.4224303717171517e-22, nan 
82.125, 86.375, 1.4619543616446395e-22, nan 
82.375, 86.375, 1.467232688685432e-22, nan 
82.625, 86.375, 1.4767956587035234e-22, nan 
82.875, 86.375, 1.4418922515729915e-22, nan 
83.125, 86.375, 1.3913984899249323e-22, nan 
83.375, 86.375, 1.3886828638471911e-22, nan 
83.625, 86.375, 1.3612813051463847e-22, nan 
83.875, 86.375, 1.3338028130030644e-22, nan 
84.125, 86.375, 1.248316791084604e-22, nan 
84.375, 86.375, 1.178346024648342e-22, nan 
84.625, 86.375, 1.1330767486134892e-22, nan 
84.875, 86.375, 1.0017504306582755e-22, nan 
85.125, 86.375, 9.264517252809568e-23, nan 
85.375, 86.375, 9.463051901619307e-23, nan 
85.625, 86.375, 1.1061635250430573e-22, nan 
85.875, 86.375, 1.1593486085088154e-22, nan 
86.125, 86.375, 1.200139450506073e-22, nan 
86.375, 86.375, 1.354332152817212e-22, nan 
86.625, 86.375, 1.5416882241335506e-22, nan 
86.875, 86.375, 1.6727034344111982e-22, nan 
87.125, 86.375, 1.74132037607431e-22, nan 
87.375, 86.375, 1.7333334993487521e-22, nan 
87.625, 86.375, 1.677878914554455e-22, nan 
87.875, 86.375, 1.6072039392740211e-22, nan 
88.125, 86.375, 1.5261487732476872e-22, nan 
88.375, 86.375, 1.475626296195021e-22, nan 
88.625, 86.375, 1.400667210904302e-22, nan 
88.875, 86.375, 1.3123575849336002e-22, nan 
89.125, 86.375, 1.2804725809134618e-22, nan 
89.375, 86.375, 1.2210769146696278e-22, nan 
89.625, 86.375, 1.1700871281279696e-22, nan 
89.875, 86.375, 1.0436380845975296e-22, nan 
90.125, 86.375, 1.0237803394426994e-22, nan 
90.375, 86.375, 1.314859134287189e-22, nan 
90.625, 86.375, 1.5413869923091257e-22, nan 
90.875, 86.375, 1.5960188532969221e-22, nan 
91.125, 86.375, 1.61567837863008e-22, nan 
91.375, 86.375, 1.6926159280693585e-22, nan 
91.625, 86.375, 1.8002950635201844e-22, nan 
91.875, 86.375, 1.848608745765918e-22, nan 
92.125, 86.375, 1.8984958847279623e-22, nan 
92.375, 86.375, 1.9697666352640345e-22, nan 
92.625, 86.375, 2.0215224520134105e-22, nan 
92.875, 86.375, 2.1007657344448923e-22, nan 
93.125, 86.375, 2.129648108623839e-22, nan 
93.375, 86.375, 2.1408201002839406e-22, nan 
93.625, 86.375, 2.043661637401962e-22, nan 
93.875, 86.375, 1.9151378868800622e-22, nan 
94.125, 86.375, 1.6895140307873205e-22, nan 
94.375, 86.375, 1.6059768259496165e-22, nan 
94.625, 86.375, 1.5139017504679058e-22, nan 
94.875, 86.375, 1.416177086551331e-22, nan 
95.125, 86.375, 1.5408171188874144e-22, nan 
95.375, 86.375, 1.7094090245165084e-22, nan 
95.625, 86.375, 1.8032957584109105e-22, nan 
95.875, 86.375, 1.8987373867366455e-22, nan 
96.125, 86.375, 1.9713475823410964e-22, nan 
96.375, 86.375, 1.9920290043766416e-22, nan 
96.625, 86.375, 2.0465302608649389e-22, nan 
96.875, 86.375, 1.9646496503086978e-22, nan 
97.125, 86.375, 1.7253053547248864e-22, nan 
97.375, 86.375, 1.5186232525413053e-22, nan 
97.625, 86.375, 1.4315239753861614e-22, nan 
97.875, 86.375, 1.3242522438210496e-22, nan 
98.125, 86.375, 1.2523083144504852e-22, nan 
98.375, 86.375, 1.1332816485742396e-22, nan 
98.625, 86.375, 9.087348429634032e-23, nan 
98.875, 86.375, 5.847184107886103e-23, nan 
99.125, 86.375, 4.8203321013714145e-23, nan 
99.375, 86.375, 4.144244468382833e-23, nan 
99.625, 86.375, 3.643538108216773e-23, nan 
99.875, 86.375, 3.45048493480569e-23, nan 
100.125, 86.375, 3.4217719752071607e-23, nan 
100.375, 86.375, 3.3164515456248274e-23, nan 
100.625, 86.375, 3.358435418187154e-23, nan 
100.875, 86.375, 3.4111910188464394e-23, nan 
101.125, 86.375, 3.433476415067835e-23, nan 
101.375, 86.375, 3.397799975389305e-23, nan 
101.625, 86.375, 3.490677024104702e-23, nan 
101.875, 86.375, 3.406849954782393e-23, nan 
102.125, 86.375, 3.284623402366314e-23, nan 
102.375, 86.375, 3.179112036152889e-23, nan 
102.625, 86.375, 3.129374520656024e-23, nan 
102.875, 86.375, 3.0716131008682817e-23, nan 
103.125, 86.375, 3.04915354859896e-23, nan 
103.375, 86.375, 3.08221199317361e-23, nan 
103.625, 86.375, 3.223290657121415e-23, nan 
103.875, 86.375, 3.5697427837824784e-23, nan 
104.125, 86.375, 3.921582240288184e-23, nan 
104.375, 86.375, 4.002702145034564e-23, nan 
104.625, 86.375, 4.207037902527198e-23, nan 
104.875, 86.375, 4.3901715926665865e-23, nan 
105.125, 86.375, 4.656899859878128e-23, nan 
105.375, 86.375, 4.808795510830822e-23, nan 
105.625, 86.375, 4.9479290591757077e-23, nan 
105.875, 86.375, 4.934576607074181e-23, nan 
106.125, 86.375, 5.2531844897632666e-23, nan 
106.375, 86.375, 5.361594766951727e-23, nan 
106.625, 86.375, 5.56908356076776e-23, nan 
106.875, 86.375, 5.443569592400712e-23, nan 
107.125, 86.375, 5.706502952956405e-23, nan 
107.375, 86.375, 5.676530265577404e-23, nan 
107.625, 86.375, 4.997526959788313e-23, nan 
107.875, 86.375, 4.8927152747305105e-23, nan 
108.125, 86.375, 4.951062592721862e-23, nan 
108.375, 86.375, 4.771561636189776e-23, nan 
108.625, 86.375, 4.557118695967825e-23, nan 
108.875, 86.375, 4.4516639739221374e-23, nan 
109.125, 86.375, 4.4340216323526184e-23, nan 
109.375, 86.375, 3.761657891721684e-23, nan 
109.625, 86.375, 3.988886206789739e-23, nan 
109.875, 86.375, 4.65401832056172e-23, nan 
110.125, 86.375, 5.063539983946741e-23, nan 
110.375, 86.375, 5.550335146640573e-23, nan 
110.625, 86.375, 5.492153075728671e-23, nan 
110.875, 86.375, 6.213957526776161e-23, nan 
111.125, 86.375, 6.435125299968287e-23, nan 
111.375, 86.375, 5.315664248040418e-23, nan 
111.625, 86.375, 5.243855659554805e-23, nan 
111.875, 86.375, 5.56234300990287e-23, nan 
112.125, 86.375, 5.1913354159857556e-23, nan 
112.375, 86.375, 4.7615302212048757e-23, nan 
112.625, 86.375, 4.42228093299693e-23, nan 
112.875, 86.375, 4.2813759996315194e-23, nan 
113.125, 86.375, 3.2829358819659655e-23, nan 
113.375, 86.375, 5.2511352239520234e-23, nan 
113.625, 86.375, 6.374262297801989e-23, nan 
113.875, 86.375, 6.88961355243703e-23, nan 
114.125, 86.375, 7.257453104711596e-23, nan 
114.375, 86.375, 7.214993837763355e-23, nan 
114.625, 86.375, 8.01299657692939e-23, nan 
114.875, 86.375, 8.209856210106309e-23, nan 
115.125, 86.375, 8.281382140808549e-23, nan 
115.375, 86.375, 8.496898415588793e-23, nan 
115.625, 86.375, 9.078316712001307e-23, nan 
115.875, 86.375, 9.430953176150325e-23, nan 
116.125, 86.375, 1.0049389522085095e-22, nan 
116.375, 86.375, 1.0099863947534491e-22, nan 
116.625, 86.375, 1.0410054051196049e-22, nan 
116.875, 86.375, 1.0311819506683819e-22, nan 
117.125, 86.375, 1.0695032827394142e-22, nan 
117.375, 86.375, 1.0991265658383583e-22, nan 
117.625, 86.375, 1.216212888211612e-22, nan 
117.875, 86.375, 1.3162662500370966e-22, nan 
118.125, 86.375, 1.426207688478355e-22, nan 
118.375, 86.375, 1.585370765541895e-22, nan 
118.625, 86.375, 1.7020309737473862e-22, nan 
118.875, 86.375, 1.7100202092045289e-22, nan 
119.125, 86.375, 1.558724382991003e-22, nan 
119.375, 86.375, 1.3530694673756304e-22, nan 
119.625, 86.375, 9.095859520592333e-23, nan 
119.875, 86.375, 6.753439893602849e-23, nan 
120.125, 86.375, 7.222925344236206e-23, nan 
120.375, 86.375, 8.440093916864332e-23, nan 
120.625, 86.375, 9.650197686420649e-23, nan 
120.875, 86.375, 1.0235173901784291e-22, nan 
121.125, 86.375, 1.0990643663396867e-22, nan 
121.375, 86.375, 1.1409939436626458e-22, nan 
121.625, 86.375, 1.17360567366441e-22, nan 
121.875, 86.375, 1.2155623656612914e-22, nan 
122.125, 86.375, 1.2650177092104589e-22, nan 
122.375, 86.375, 1.2761225329156085e-22, nan 
122.625, 86.375, 1.3056831796510021e-22, nan 
122.875, 86.375, 1.3149236201995262e-22, nan 
123.125, 86.375, 1.3247475426787148e-22, nan 
123.375, 86.375, 1.3421075462571933e-22, nan 
123.625, 86.375, 1.3897228742987674e-22, nan 
123.875, 86.375, 1.4853738622787937e-22, nan 
124.125, 86.375, 1.5453460141828963e-22, nan 
124.375, 86.375, 1.621711897017682e-22, nan 
124.625, 86.375, 1.562750185560759e-22, nan 
124.875, 86.375, 1.6793741952635395e-22, nan 
125.125, 86.375, 1.6819346750415814e-22, nan 
125.375, 86.375, 1.6274952657272982e-22, nan 
125.625, 86.375, 1.5663735817462221e-22, nan 
125.875, 86.375, 1.539778165536394e-22, nan 
126.125, 86.375, 1.4694850616932072e-22, nan 
126.375, 86.375, 1.4684176380562132e-22, nan 
126.625, 86.375, 1.3962366782514724e-22, nan 
126.875, 86.375, 1.3772857621924317e-22, nan 
127.125, 86.375, 1.342961695231237e-22, nan 
127.375, 86.375, 1.3417235105068125e-22, nan 
127.625, 86.375, 1.4044282749224751e-22, nan 
127.875, 86.375, 1.4373672512027175e-22, nan 
128.125, 86.375, 1.439000899042622e-22, nan 
128.375, 86.375, 1.419573910556391e-22, nan 
128.625, 86.375, 1.44301774694963e-22, nan 
128.875, 86.375, 1.5278700683393706e-22, nan 
129.125, 86.375, 1.603669628851421e-22, nan 
129.375, 86.375, 1.640207094129708e-22, nan 
129.625, 86.375, 1.641452472187333e-22, nan 
129.875, 86.375, 1.6435010614928752e-22, nan 
130.125, 86.375, 1.6567914082450277e-22, nan 
130.375, 86.375, 1.6924018846861943e-22, nan 
130.625, 86.375, 1.7751754421967427e-22, nan 
130.875, 86.375, 1.8433822062524748e-22, nan 
131.125, 86.375, 1.9496122085477003e-22, nan 
131.375, 86.375, 2.0108459830700597e-22, nan 
131.625, 86.375, 2.0213942332274842e-22, nan 
131.875, 86.375, 1.999590689968635e-22, nan 
132.125, 86.375, 1.9983212357668177e-22, nan 
132.375, 86.375, 1.9068050432006063e-22, nan 
132.625, 86.375, 1.844324161628845e-22, nan 
132.875, 86.375, 1.7365876730063277e-22, nan 
133.125, 86.375, 1.6709779025344861e-22, nan 
133.375, 86.375, 1.7571604249905285e-22, nan 
133.625, 86.375, 1.6325550985200107e-22, nan 
133.875, 86.375, 1.6369803322938205e-22, nan 
134.125, 86.375, 1.5929290888054672e-22, nan 
134.375, 86.375, 1.4619343128478414e-22, nan 
134.625, 86.375, 1.4120393893472909e-22, nan 
134.875, 86.375, 1.3973814262107906e-22, nan 
135.125, 86.375, 1.3758048812817169e-22, nan 
135.375, 86.375, 1.3424432985605838e-22, nan 
135.625, 86.375, 1.305487471167556e-22, nan 
135.875, 86.375, 1.282768301924897e-22, nan 
136.125, 86.375, 1.2209457071501615e-22, nan 
136.375, 86.375, 1.1776198429053176e-22, nan 
136.625, 86.375, 1.1365446946812531e-22, nan 
136.875, 86.375, 1.1541184357636583e-22, nan 
137.125, 86.375, 1.1454859166210642e-22, nan 
137.375, 86.375, 1.0998289405226666e-22, nan 
137.625, 86.375, 1.1052365794575687e-22, nan 
137.875, 86.375, 1.0470647363260764e-22, nan 
138.125, 86.375, 9.647592308693246e-23, nan 
138.375, 86.375, 9.548468356960919e-23, nan 
138.625, 86.375, 9.187002462618713e-23, nan 
138.875, 86.375, 9.386078046539865e-23, nan 
139.125, 86.375, 8.692306162569667e-23, nan 
139.375, 86.375, 8.758022253303003e-23, nan 
139.625, 86.375, 8.127408418154854e-23, nan 
139.875, 86.375, 8.554903331045351e-23, nan 
140.125, 86.375, 7.947850463823252e-23, nan 
140.375, 86.375, 7.703635616313526e-23, nan 
140.625, 86.375, 8.182810577065316e-23, nan 
140.875, 86.375, 8.749849176664466e-23, nan 
141.125, 86.375, 9.322077267966242e-23, nan 
141.375, 86.375, 9.884533618058164e-23, nan 
141.625, 86.375, 1.0341992054299907e-22, nan 
141.875, 86.375, 1.113460310023346e-22, nan 
142.125, 86.375, 1.191207615816999e-22, nan 
142.375, 86.375, 1.3677489286179882e-22, nan 
142.625, 86.375, 1.721065231960033e-22, nan 
142.875, 86.375, 1.7030103056962602e-22, nan 
143.125, 86.375, 1.7011840150490597e-22, nan 
143.375, 86.375, 1.644145771089484e-22, nan 
143.625, 86.375, 1.5283848014826813e-22, nan 
143.875, 86.375, 1.3160144007241912e-22, nan 
144.125, 86.375, 1.2225019440511345e-22, nan 
144.375, 86.375, 1.1886443863700947e-22, nan 
144.625, 86.375, 1.1924702489943e-22, nan 
144.875, 86.375, 1.1564253375155399e-22, nan 
145.125, 86.375, 1.0711809396550751e-22, nan 
145.375, 86.375, 1.0433247791147545e-22, nan 
145.625, 86.375, 1.0522497413744747e-22, nan 
145.875, 86.375, 9.444847038180716e-23, nan 
146.125, 86.375, 8.810998013097828e-23, nan 
146.375, 86.375, 8.637834198664058e-23, nan 
146.625, 86.375, 8.440881067134503e-23, nan 
146.875, 86.375, 8.480780194366378e-23, nan 
147.125, 86.375, 8.543721769995407e-23, nan 
147.375, 86.375, 7.64687196043642e-23, nan 
147.625, 86.375, 6.383632062139596e-23, nan 
147.875, 86.375, 6.308807270085617e-23, nan 
148.125, 86.375, 6.198379947844478e-23, nan 
148.375, 86.375, 6.260010311683838e-23, nan 
148.625, 86.375, 6.367667648273776e-23, nan 
148.875, 86.375, 6.244082177290168e-23, nan 
149.125, 86.375, 6.487126060773455e-23, nan 
149.375, 86.375, 6.734629223026712e-23, nan 
149.625, 86.375, 6.29953369067648e-23, nan 
149.875, 86.375, 5.610097962494441e-23, nan 
150.125, 86.375, 5.2838656408383845e-23, nan 
150.375, 86.375, 5.171370009766254e-23, nan 
150.625, 86.375, 5.352213945793078e-23, nan 
150.875, 86.375, 5.815001939228425e-23, nan 
151.125, 86.375, 7.768488109216222e-23, nan 
151.375, 86.375, 9.991531579775868e-23, nan 
151.625, 86.375, 1.156617024625691e-22, nan 
151.875, 86.375, 1.254424856562687e-22, nan 
152.125, 86.375, 1.2488303666238801e-22, nan 
152.375, 86.375, 1.236050735359103e-22, nan 
152.625, 86.375, 1.2649072785027641e-22, nan 
152.875, 86.375, 1.3082242683297977e-22, nan 
153.125, 86.375, 1.3726802314649397e-22, nan 
153.375, 86.375, 1.406343086984951e-22, nan 
153.625, 86.375, 1.4212585574663468e-22, nan 
153.875, 86.375, 1.4281715108691372e-22, nan 
154.125, 86.375, 1.3818073395405962e-22, nan 
154.375, 86.375, 1.257292544342721e-22, nan 
154.625, 86.375, 1.1575239302991827e-22, nan 
154.875, 86.375, 8.912160848774031e-23, nan 
155.125, 86.375, 6.544082481768812e-23, nan 
155.375, 86.375, 5.515765083386346e-23, nan 
155.625, 86.375, 4.983827431349036e-23, nan 
155.875, 86.375, 4.629436287152309e-23, nan 
156.125, 86.375, 4.345956821031266e-23, nan 
156.375, 86.375, 4.0020828550189614e-23, nan 
156.625, 86.375, 3.7102829294233106e-23, nan 
156.875, 86.375, 3.5915136946303303e-23, nan 
157.125, 86.375, 3.44918948998347e-23, nan 
157.375, 86.375, 3.5341048113340935e-23, nan 
157.625, 86.375, 3.9090344871737926e-23, nan 
157.875, 86.375, 5.327765096753715e-23, nan 
158.125, 86.375, 6.626255535118749e-23, nan 
158.375, 86.375, 9.22782521000813e-23, nan 
158.625, 86.375, 1.1703528819450208e-22, nan 
158.875, 86.375, 1.1604021536799524e-22, nan 
159.125, 86.375, 1.1223537769611872e-22, nan 
159.375, 86.375, 1.1997313809114117e-22, nan 
159.625, 86.375, 1.1635551476460058e-22, nan 
159.875, 86.375, 1.16704193839562e-22, nan 
160.125, 86.375, 1.1671295507995552e-22, nan 
160.375, 86.375, 1.1705295228206991e-22, nan 
160.625, 86.375, 1.2320685735295928e-22, nan 
160.875, 86.375, 1.2014359590642277e-22, nan 
161.125, 86.375, 1.2137713072890437e-22, nan 
161.375, 86.375, 1.1724609054566288e-22, nan 
161.625, 86.375, 1.15603822688764e-22, nan 
161.875, 86.375, 1.1122490890360916e-22, nan 
162.125, 86.375, 1.1297096556666447e-22, nan 
162.375, 86.375, 1.1129237296110994e-22, nan 
162.625, 86.375, 1.0406332332610589e-22, nan 
162.875, 86.375, 1.0302510524651572e-22, nan 
163.125, 86.375, 1.0124292131361449e-22, nan 
163.375, 86.375, 9.35890619944518e-23, nan 
163.625, 86.375, 9.221630932572397e-23, nan 
163.875, 86.375, 8.283504652396163e-23, nan 
164.125, 86.375, 7.404624180887936e-23, nan 
164.375, 86.375, 6.687061654662695e-23, nan 
164.625, 86.375, 6.748988958342026e-23, nan 
164.875, 86.375, 6.169675659107408e-23, nan 
165.125, 86.375, 5.902348109841976e-23, nan 
165.375, 86.375, 6.193664729601692e-23, nan 
165.625, 86.375, 6.327515586871837e-23, nan 
165.875, 86.375, 6.658180128352161e-23, nan 
166.125, 86.375, 6.56836202314958e-23, nan 
166.375, 86.375, 6.865008720851533e-23, nan 
166.625, 86.375, 6.897477602209444e-23, nan 
166.875, 86.375, 7.15124711270048e-23, nan 
167.125, 86.375, 7.618457557039163e-23, nan 
167.375, 86.375, 7.664208558791746e-23, nan 
167.625, 86.375, 7.677192688366001e-23, nan 
167.875, 86.375, 7.982858522647795e-23, nan 
168.125, 86.375, 7.750113304442746e-23, nan 
168.375, 86.375, 7.41677721834619e-23, nan 
168.625, 86.375, 7.772453749858974e-23, nan 
168.875, 86.375, 8.666711157032742e-23, nan 
169.125, 86.375, 1.0528285391468378e-22, nan 
169.375, 86.375, 1.1550589463792244e-22, nan 
169.625, 86.375, 1.2584100937154292e-22, nan 
169.875, 86.375, 1.2512717739243269e-22, nan 
170.125, 86.375, 1.3370343912293385e-22, nan 
170.375, 86.375, 1.3498781949549839e-22, nan 
170.625, 86.375, 1.3972913202418797e-22, nan 
170.875, 86.375, 1.498173857802892e-22, nan 
171.125, 86.375, 1.482211477907052e-22, nan 
171.375, 86.375, 1.4386219294656104e-22, nan 
171.625, 86.375, 1.486987234026966e-22, nan 
171.875, 86.375, 1.3390655369025177e-22, nan 
172.125, 86.375, 1.0549040614796299e-22, nan 
172.375, 86.375, 9.265499152717933e-23, nan 
172.625, 86.375, 6.971318849109287e-23, nan 
172.875, 86.375, 7.521939195996268e-23, nan 
173.125, 86.375, 9.301377985370269e-23, nan 
173.375, 86.375, 1.1101184978825908e-22, nan 
173.625, 86.375, 1.2000411291852065e-22, nan 
173.875, 86.375, 1.369889411944096e-22, nan 
174.125, 86.375, 1.4139280292726882e-22, nan 
174.375, 86.375, 1.4925524620026858e-22, nan 
174.625, 86.375, 1.5768212212094843e-22, nan 
174.875, 86.375, 1.6439646355415586e-22, nan 
175.125, 86.375, 1.696897251082692e-22, nan 
175.375, 86.375, 1.754230313271362e-22, nan 
175.625, 86.375, 1.7509894650490598e-22, nan 
175.875, 86.375, 1.7230438810554095e-22, nan 
176.125, 86.375, 1.6737909935221552e-22, nan 
176.375, 86.375, 1.5831247250190257e-22, nan 
176.625, 86.375, 1.5251781838296296e-22, nan 
176.875, 86.375, 1.4719726324840568e-22, nan 
177.125, 86.375, 1.429365576446238e-22, nan 
177.375, 86.375, 1.222725628383754e-22, nan 
177.625, 86.375, 1.1205941387907157e-22, nan 
177.875, 86.375, 1.069645669902568e-22, nan 
178.125, 86.375, 8.67216794963728e-23, nan 
178.375, 86.375, 6.503128993524568e-23, nan 
178.625, 86.375, 4.719385372942924e-23, nan 
178.875, 86.375, 3.672329171114899e-23, nan 
179.125, 86.375, 3.430166107792517e-23, nan 
179.375, 86.375, 3.288454586997973e-23, nan 
179.625, 86.375, 3.2710086259671656e-23, nan 
179.875, 86.375, 3.2133273813022407e-23, nan 
-179.875, 86.625, 8.361492364671713e-23, nan 
-179.625, 86.625, 8.139916427050098e-23, nan 
-179.375, 86.625, 8.094870285751195e-23, nan 
-179.125, 86.625, 7.646145642908806e-23, nan 
-178.875, 86.625, 7.14935265130763e-23, nan 
-178.625, 86.625, 6.32005118576043e-23, nan 
-178.375, 86.625, 5.329883511276325e-23, nan 
-178.125, 86.625, 4.5914301018332317e-23, nan 
-177.875, 86.625, 4.373594817171781e-23, nan 
-177.625, 86.625, 4.3697181781305754e-23, nan 
-177.375, 86.625, 4.924661218517097e-23, nan 
-177.125, 86.625, 4.977659473699249e-23, nan 
-176.875, 86.625, 5.422238678143958e-23, nan 
-176.625, 86.625, 5.493781680997833e-23, nan 
-176.375, 86.625, 5.670876950669122e-23, nan 
-176.125, 86.625, 6.041726950332942e-23, nan 
-175.875, 86.625, 6.316415928650094e-23, nan 
-175.625, 86.625, 6.631948297497784e-23, nan 
-175.375, 86.625, 6.705698912366677e-23, nan 
-175.125, 86.625, 6.746206131138563e-23, nan 
-174.875, 86.625, 6.661150208893537e-23, nan 
-174.625, 86.625, 6.496992395786938e-23, nan 
-174.375, 86.625, 6.131330018742292e-23, nan 
-174.125, 86.625, 5.665441781781936e-23, nan 
-173.875, 86.625, 5.2538637668771757e-23, nan 
-173.625, 86.625, 4.926150514610767e-23, nan 
-173.375, 86.625, 4.7143574350522404e-23, nan 
-173.125, 86.625, 4.592214748085875e-23, nan 
-172.875, 86.625, 4.588137001269341e-23, nan 
-172.625, 86.625, 4.532410155985831e-23, nan 
-172.375, 86.625, 4.3772080644807646e-23, nan 
-172.125, 86.625, 4.271268657152191e-23, nan 
-171.875, 86.625, 3.997094588719448e-23, nan 
-171.625, 86.625, 3.87621967735409e-23, nan 
-171.375, 86.625, 3.6790332517871866e-23, nan 
-171.125, 86.625, 2.6249346187818788e-23, nan 
-170.875, 86.625, 2.0699224298671363e-23, nan 
-170.625, 86.625, 1.6305380282443952e-23, nan 
-170.375, 86.625, 1.5195830283133392e-23, nan 
-170.125, 86.625, 1.5323856451064038e-23, nan 
-169.875, 86.625, 1.5413306131459926e-23, nan 
-169.625, 86.625, 1.5252834215937882e-23, nan 
-169.375, 86.625, 1.5047498276348887e-23, nan 
-169.125, 86.625, 1.6421550545300113e-23, nan 
-168.875, 86.625, 1.7835685885552894e-23, nan 
-168.625, 86.625, 1.860022770386994e-23, nan 
-168.375, 86.625, 1.9035699064533146e-23, nan 
-168.125, 86.625, 1.957384919069521e-23, nan 
-167.875, 86.625, 1.936158760821193e-23, nan 
-167.625, 86.625, 1.8792278851358955e-23, nan 
-167.375, 86.625, 1.765890122475585e-23, nan 
-167.125, 86.625, 1.691017538126186e-23, nan 
-166.875, 86.625, 1.6333088870810623e-23, nan 
-166.625, 86.625, 1.5869051430543815e-23, nan 
-166.375, 86.625, 1.5478397958974736e-23, nan 
-166.125, 86.625, 1.4812072783529334e-23, nan 
-165.875, 86.625, 1.4805293987292325e-23, nan 
-165.625, 86.625, 1.505886193221351e-23, nan 
-165.375, 86.625, 1.5142406365731636e-23, nan 
-165.125, 86.625, 1.5694791031244832e-23, nan 
-164.875, 86.625, 1.834378444947184e-23, nan 
-164.625, 86.625, 2.1879209625399067e-23, nan 
-164.375, 86.625, 2.5063954625053363e-23, nan 
-164.125, 86.625, 2.719130976489375e-23, nan 
-163.875, 86.625, 2.881625309272654e-23, nan 
-163.625, 86.625, 3.246836256990382e-23, nan 
-163.375, 86.625, 3.8725818584138745e-23, nan 
-163.125, 86.625, 4.16556212332555e-23, nan 
-162.875, 86.625, 4.3725831268433405e-23, nan 
-162.625, 86.625, 4.4362046966030337e-23, nan 
-162.375, 86.625, 4.5088947318350684e-23, nan 
-162.125, 86.625, 4.5642523770108447e-23, nan 
-161.875, 86.625, 4.578220102358181e-23, nan 
-161.625, 86.625, 4.566913792814149e-23, nan 
-161.375, 86.625, 4.534043650324318e-23, nan 
-161.125, 86.625, 4.4834228537512886e-23, nan 
-160.875, 86.625, 4.63995416404929e-23, nan 
-160.625, 86.625, 4.7130262192289643e-23, nan 
-160.375, 86.625, 4.7548617565042666e-23, nan 
-160.125, 86.625, 4.886927913288863e-23, nan 
-159.875, 86.625, 4.886240761502874e-23, nan 
-159.625, 86.625, 4.575792211778782e-23, nan 
-159.375, 86.625, 4.344522887881698e-23, nan 
-159.125, 86.625, 3.9534590474459993e-23, nan 
-158.875, 86.625, 3.8782600577491134e-23, nan 
-158.625, 86.625, 3.569705290957147e-23, nan 
-158.375, 86.625, 3.5323941756481955e-23, nan 
-158.125, 86.625, 3.5788020687727865e-23, nan 
-157.875, 86.625, 3.5055973658269737e-23, nan 
-157.625, 86.625, 3.4442730686336055e-23, nan 
-157.375, 86.625, 3.407346047415824e-23, nan 
-157.125, 86.625, 3.3858110220888613e-23, nan 
-156.875, 86.625, 3.538547881675367e-23, nan 
-156.625, 86.625, 3.361446770757785e-23, nan 
-156.375, 86.625, 3.301641628435625e-23, nan 
-156.125, 86.625, 3.2878096672068796e-23, nan 
-155.875, 86.625, 3.271345135596326e-23, nan 
-155.625, 86.625, 3.2835602573373587e-23, nan 
-155.375, 86.625, 3.1538223830955074e-23, nan 
-155.125, 86.625, 3.019800877156431e-23, nan 
-154.875, 86.625, 2.6738252633844396e-23, nan 
-154.625, 86.625, 2.4508121066536353e-23, nan 
-154.375, 86.625, 2.1528724452674288e-23, nan 
-154.125, 86.625, 1.9434526737934354e-23, nan 
-153.875, 86.625, 1.908324941741407e-23, nan 
-153.625, 86.625, 1.8420066827943867e-23, nan 
-153.375, 86.625, 1.831952063411824e-23, nan 
-153.125, 86.625, 1.878749188511952e-23, nan 
-152.875, 86.625, 1.9067502505974322e-23, nan 
-152.625, 86.625, 2.0930547419765586e-23, nan 
-152.375, 86.625, 1.962693966502471e-23, nan 
-152.125, 86.625, 1.9446833964812463e-23, nan 
-151.875, 86.625, 2.002132068438385e-23, nan 
-151.625, 86.625, 1.890191887261926e-23, nan 
-151.375, 86.625, 1.8499356078566905e-23, nan 
-151.125, 86.625, 1.8507062638724233e-23, nan 
-150.875, 86.625, 1.8525388506566873e-23, nan 
-150.625, 86.625, 1.8731387934772736e-23, nan 
-150.375, 86.625, 1.8861189142731776e-23, nan 
-150.125, 86.625, 1.8619602954788035e-23, nan 
-149.875, 86.625, 1.922738838582859e-23, nan 
-149.625, 86.625, 1.934247563875014e-23, nan 
-149.375, 86.625, 1.8564875931430425e-23, nan 
-149.125, 86.625, 1.8054364872259372e-23, nan 
-148.875, 86.625, 1.9022888321419313e-23, nan 
-148.625, 86.625, 2.1422371629640124e-23, nan 
-148.375, 86.625, 2.3755377463473006e-23, nan 
-148.125, 86.625, 2.5276717881158618e-23, nan 
-147.875, 86.625, 2.5369160152629903e-23, nan 
-147.625, 86.625, 2.5148081151074178e-23, nan 
-147.375, 86.625, 2.50017137420528e-23, nan 
-147.125, 86.625, 2.4484666841784994e-23, nan 
-146.875, 86.625, 2.4495421425129935e-23, nan 
-146.625, 86.625, 1.99925735425634e-23, nan 
-146.375, 86.625, 1.6621058258675947e-23, nan 
-146.125, 86.625, 1.5607873577389417e-23, nan 
-145.875, 86.625, 1.3757709955474656e-23, nan 
-145.625, 86.625, 1.125368667296161e-23, nan 
-145.375, 86.625, 1.1214395458200809e-23, nan 
-145.125, 86.625, 9.783883458403148e-24, nan 
-144.875, 86.625, 7.648420156896312e-24, nan 
-144.625, 86.625, 5.745752857591563e-24, nan 
-144.375, 86.625, 4.56101445263968e-24, nan 
-144.125, 86.625, 3.8362310220846106e-24, nan 
-143.875, 86.625, 3.4819174462983884e-24, nan 
-143.625, 86.625, 3.494772183813993e-24, nan 
-143.375, 86.625, 3.7759473888549644e-24, nan 
-143.125, 86.625, 4.218358815242128e-24, nan 
-142.875, 86.625, 4.840827931019756e-24, nan 
-142.625, 86.625, 5.5596686112431156e-24, nan 
-142.375, 86.625, 6.2010077101072495e-24, nan 
-142.125, 86.625, 6.634211220788146e-24, nan 
-141.875, 86.625, 7.10208282021135e-24, nan 
-141.625, 86.625, 7.685057174873816e-24, nan 
-141.375, 86.625, 8.187236581954274e-24, nan 
-141.125, 86.625, 8.76616305847494e-24, nan 
-140.875, 86.625, 9.269943091594073e-24, nan 
-140.625, 86.625, 9.954711619050522e-24, nan 
-140.375, 86.625, 1.0946728679005916e-23, nan 
-140.125, 86.625, 1.2020479773344254e-23, nan 
-139.875, 86.625, 1.3352250589928233e-23, nan 
-139.625, 86.625, 1.5350299159992578e-23, nan 
-139.375, 86.625, 1.6501445270366894e-23, nan 
-139.125, 86.625, 1.638672515034808e-23, nan 
-138.875, 86.625, 1.62370555770535e-23, nan 
-138.625, 86.625, 1.593330997733644e-23, nan 
-138.375, 86.625, 1.5939836315049193e-23, nan 
-138.125, 86.625, 1.6023833633721532e-23, nan 
-137.875, 86.625, 1.5972535713270224e-23, nan 
-137.625, 86.625, 1.5165430951676183e-23, nan 
-137.375, 86.625, 1.2957366645780521e-23, nan 
-137.125, 86.625, 9.832408397574394e-24, nan 
-136.875, 86.625, 1.0022392500640256e-23, nan 
-136.625, 86.625, 1.2460210699349537e-23, nan 
-136.375, 86.625, 1.478152481125288e-23, nan 
-136.125, 86.625, 1.6657518916549752e-23, nan 
-135.875, 86.625, 1.9431445607705376e-23, nan 
-135.625, 86.625, 2.4219578202750697e-23, nan 
-135.375, 86.625, 3.077872377895996e-23, nan 
-135.125, 86.625, 3.522879919249201e-23, nan 
-134.875, 86.625, 3.635021379318986e-23, nan 
-134.625, 86.625, 3.6870270772391583e-23, nan 
-134.375, 86.625, 3.697646563994496e-23, nan 
-134.125, 86.625, 3.753626954280793e-23, nan 
-133.875, 86.625, 3.796204699084963e-23, nan 
-133.625, 86.625, 3.789577682767162e-23, nan 
-133.375, 86.625, 3.628952211815371e-23, nan 
-133.125, 86.625, 3.2124250540839445e-23, nan 
-132.875, 86.625, 2.512908994157088e-23, nan 
-132.625, 86.625, 2.165999366426345e-23, nan 
-132.375, 86.625, 2.2696826740611044e-23, nan 
-132.125, 86.625, 2.4149367797099052e-23, nan 
-131.875, 86.625, 2.5148264272816506e-23, nan 
-131.625, 86.625, 2.6135596016587878e-23, nan 
-131.375, 86.625, 2.7345807895094046e-23, nan 
-131.125, 86.625, 2.9344634318278284e-23, nan 
-130.875, 86.625, 3.0231630403440115e-23, nan 
-130.625, 86.625, 2.9922727628018254e-23, nan 
-130.375, 86.625, 3.0154481027404066e-23, nan 
-130.125, 86.625, 2.788435045292471e-23, nan 
-129.875, 86.625, 2.589329584630378e-23, nan 
-129.625, 86.625, 2.4469367541110494e-23, nan 
-129.375, 86.625, 2.345548296278313e-23, nan 
-129.125, 86.625, 2.2551905988835115e-23, nan 
-128.875, 86.625, 2.0219405592182046e-23, nan 
-128.625, 86.625, 1.5362983721672484e-23, nan 
-128.375, 86.625, 1.070511530402702e-23, nan 
-128.125, 86.625, 7.077657133391646e-24, nan 
-127.875, 86.625, 5.4902823047731905e-24, nan 
-127.625, 86.625, 4.936222440078333e-24, nan 
-127.375, 86.625, 4.197136699460629e-24, nan 
-127.125, 86.625, 3.994490757214791e-24, nan 
-126.875, 86.625, 3.792317966102416e-24, nan 
-126.625, 86.625, 3.712717231149622e-24, nan 
-126.375, 86.625, 3.6345283559753286e-24, nan 
-126.125, 86.625, 3.740146042607712e-24, nan 
-125.875, 86.625, 3.884785773817285e-24, nan 
-125.625, 86.625, 4.045586330608351e-24, nan 
-125.375, 86.625, 4.148100846436079e-24, nan 
-125.125, 86.625, 4.235684475732251e-24, nan 
-124.875, 86.625, 4.217847244881968e-24, nan 
-124.625, 86.625, 4.182851055685973e-24, nan 
-124.375, 86.625, 4.150269887422299e-24, nan 
-124.125, 86.625, 4.124430764583744e-24, nan 
-123.875, 86.625, 4.0269479233125814e-24, nan 
-123.625, 86.625, 3.99599426718183e-24, nan 
-123.375, 86.625, 4.031877735370169e-24, nan 
-123.125, 86.625, 4.040426768929708e-24, nan 
-122.875, 86.625, 4.0885498223785705e-24, nan 
-122.625, 86.625, 4.1180137979010216e-24, nan 
-122.375, 86.625, 4.148864705434956e-24, nan 
-122.125, 86.625, 4.022462166232981e-24, nan 
-121.875, 86.625, 4.0025859481637065e-24, nan 
-121.625, 86.625, 4.0751926354440715e-24, nan 
-121.375, 86.625, 4.073428919451495e-24, nan 
-121.125, 86.625, 4.052762808779629e-24, nan 
-120.875, 86.625, 4.113940049873387e-24, nan 
-120.625, 86.625, 4.106541762363795e-24, nan 
-120.375, 86.625, 4.026930796876999e-24, nan 
-120.125, 86.625, 4.030479704399641e-24, nan 
-119.875, 86.625, 4.009866153952296e-24, nan 
-119.625, 86.625, 3.91864800885164e-24, nan 
-119.375, 86.625, 3.9087365674217964e-24, nan 
-119.125, 86.625, 3.907600652731985e-24, nan 
-118.875, 86.625, 3.882827339817651e-24, nan 
-118.625, 86.625, 3.9243437248466276e-24, nan 
-118.375, 86.625, 3.8487536001861246e-24, nan 
-118.125, 86.625, 3.744902417069338e-24, nan 
-117.875, 86.625, 3.393539925678008e-24, nan 
-117.625, 86.625, 3.150279253480487e-24, nan 
-117.375, 86.625, 3.0229472018086617e-24, nan 
-117.125, 86.625, 3.496642709065828e-24, nan 
-116.875, 86.625, 3.760275210744074e-24, nan 
-116.625, 86.625, 3.821468789186419e-24, nan 
-116.375, 86.625, 3.9711758436840926e-24, nan 
-116.125, 86.625, 4.253762561904191e-24, nan 
-115.875, 86.625, 5.141330496609689e-24, nan 
-115.625, 86.625, 5.775141594345324e-24, nan 
-115.375, 86.625, 5.988038752636274e-24, nan 
-115.125, 86.625, 5.571412422421058e-24, nan 
-114.875, 86.625, 5.026001574838326e-24, nan 
-114.625, 86.625, 4.31398596397122e-24, nan 
-114.375, 86.625, 3.5608954489253e-24, nan 
-114.125, 86.625, 3.339046894845558e-24, nan 
-113.875, 86.625, 3.300622252794155e-24, nan 
-113.625, 86.625, 3.3056904612148713e-24, nan 
-113.375, 86.625, 3.665511464653566e-24, nan 
-113.125, 86.625, 3.1886172830979095e-24, nan 
-112.875, 86.625, 3.477750466715967e-24, nan 
-112.625, 86.625, 5.8028874591527856e-24, nan 
-112.375, 86.625, 6.966071025722367e-24, nan 
-112.125, 86.625, 8.294507059435286e-24, nan 
-111.875, 86.625, 9.914861145492533e-24, nan 
-111.625, 86.625, 1.2292785282961628e-23, nan 
-111.375, 86.625, 1.4025528364847462e-23, nan 
-111.125, 86.625, 1.4990669755213903e-23, nan 
-110.875, 86.625, 1.4882268162046043e-23, nan 
-110.625, 86.625, 1.4220057764787908e-23, nan 
-110.375, 86.625, 1.3433970494809534e-23, nan 
-110.125, 86.625, 1.3430839290337724e-23, nan 
-109.875, 86.625, 1.3294057695938416e-23, nan 
-109.625, 86.625, 1.3204470459614101e-23, nan 
-109.375, 86.625, 1.3383463008151733e-23, nan 
-109.125, 86.625, 1.368690531793913e-23, nan 
-108.875, 86.625, 1.333676868936986e-23, nan 
-108.625, 86.625, 1.062424253299588e-23, nan 
-108.375, 86.625, 1.0509368684042981e-23, nan 
-108.125, 86.625, 1.1215471644829375e-23, nan 
-107.875, 86.625, 1.236918623165283e-23, nan 
-107.625, 86.625, 1.3125927472582051e-23, nan 
-107.375, 86.625, 1.4409919510350777e-23, nan 
-107.125, 86.625, 1.5319059161573313e-23, nan 
-106.875, 86.625, 1.5680858299183665e-23, nan 
-106.625, 86.625, 1.4530016367701746e-23, nan 
-106.375, 86.625, 1.3082115683200442e-23, nan 
-106.125, 86.625, 1.2212620156458135e-23, nan 
-105.875, 86.625, 1.154050356128007e-23, nan 
-105.625, 86.625, 1.1204599015953192e-23, nan 
-105.375, 86.625, 1.0873347175226115e-23, nan 
-105.125, 86.625, 1.0783464570081462e-23, nan 
-104.875, 86.625, 1.0713960821018744e-23, nan 
-104.625, 86.625, 1.038197612958798e-23, nan 
-104.375, 86.625, 8.283096025242211e-24, nan 
-104.125, 86.625, 6.642437979833578e-24, nan 
-103.875, 86.625, 6.021225973871391e-24, nan 
-103.625, 86.625, 5.806643075838913e-24, nan 
-103.375, 86.625, 5.722751855944339e-24, nan 
-103.125, 86.625, 5.50556021576174e-24, nan 
-102.875, 86.625, 5.318329632807542e-24, nan 
-102.625, 86.625, 4.988235915239566e-24, nan 
-102.375, 86.625, 4.93083989951605e-24, nan 
-102.125, 86.625, 4.835166914709509e-24, nan 
-101.875, 86.625, 4.688314653989492e-24, nan 
-101.625, 86.625, 4.607523548648904e-24, nan 
-101.375, 86.625, 4.603786978119006e-24, nan 
-101.125, 86.625, 4.6107531943807464e-24, nan 
-100.875, 86.625, 4.5745819424127e-24, nan 
-100.625, 86.625, 4.669618309367772e-24, nan 
-100.375, 86.625, 4.664032806051101e-24, nan 
-100.125, 86.625, 4.6417642575728954e-24, nan 
-99.875, 86.625, 4.7175846227023725e-24, nan 
-99.625, 86.625, 4.730976768183746e-24, nan 
-99.375, 86.625, 4.782826197030114e-24, nan 
-99.125, 86.625, 4.859865926091433e-24, nan 
-98.875, 86.625, 4.99768289382812e-24, nan 
-98.625, 86.625, 5.1790547595935504e-24, nan 
-98.375, 86.625, 5.156162432444004e-24, nan 
-98.125, 86.625, 5.0982076018028746e-24, nan 
-97.875, 86.625, 4.949398187778628e-24, nan 
-97.625, 86.625, 4.758505391835271e-24, nan 
-97.375, 86.625, 4.6776235877587094e-24, nan 
-97.125, 86.625, 4.561302736366666e-24, nan 
-96.875, 86.625, 4.353988295797741e-24, nan 
-96.625, 86.625, 4.059150869987277e-24, nan 
-96.375, 86.625, 3.915300214657512e-24, nan 
-96.125, 86.625, 4.043176227845196e-24, nan 
-95.875, 86.625, 3.99940496390381e-24, nan 
-95.625, 86.625, 3.851018603545517e-24, nan 
-95.375, 86.625, 3.490262019004905e-24, nan 
-95.125, 86.625, 3.5719620150058835e-24, nan 
-94.875, 86.625, 3.244298295344444e-24, nan 
-94.625, 86.625, 3.1946126518527523e-24, nan 
-94.375, 86.625, 3.0045607589948646e-24, nan 
-94.125, 86.625, 3.0807008251567905e-24, nan 
-93.875, 86.625, 3.124293386587623e-24, nan 
-93.625, 86.625, 3.2328075696385246e-24, nan 
-93.375, 86.625, 3.1191380226187987e-24, nan 
-93.125, 86.625, 3.2350760023965595e-24, nan 
-92.875, 86.625, 3.3866847898538936e-24, nan 
-92.625, 86.625, 3.5229060590749406e-24, nan 
-92.375, 86.625, 3.367082884133431e-24, nan 
-92.125, 86.625, 3.090703752955219e-24, nan 
-91.875, 86.625, 2.864917152929943e-24, nan 
-91.625, 86.625, 2.7256012931048576e-24, nan 
-91.375, 86.625, 2.498212107777985e-24, nan 
-91.125, 86.625, 2.288711265737313e-24, nan 
-90.875, 86.625, 2.0754759206686107e-24, nan 
-90.625, 86.625, 1.7506776979939748e-24, nan 
-90.375, 86.625, 1.5890413209292986e-24, nan 
-90.125, 86.625, 1.6166744173138909e-24, nan 
-89.875, 86.625, 1.969270941831991e-24, nan 
-89.625, 86.625, 2.159954844789631e-24, nan 
-89.375, 86.625, 2.4806423155209766e-24, nan 
-89.125, 86.625, 2.766951127890817e-24, nan 
-88.875, 86.625, 3.1367672543521235e-24, nan 
-88.625, 86.625, 3.4487620301989154e-24, nan 
-88.375, 86.625, 3.4559297474114876e-24, nan 
-88.125, 86.625, 3.431950744596633e-24, nan 
-87.875, 86.625, 3.312245495360161e-24, nan 
-87.625, 86.625, 3.2326599412471105e-24, nan 
-87.375, 86.625, 2.972415580903618e-24, nan 
-87.125, 86.625, 2.8448602862568913e-24, nan 
-86.875, 86.625, 2.7980128616273395e-24, nan 
-86.625, 86.625, 2.813742843663929e-24, nan 
-86.375, 86.625, 2.8596786807770037e-24, nan 
-86.125, 86.625, 2.9379765855035877e-24, nan 
-85.875, 86.625, 2.819353121095578e-24, nan 
-85.625, 86.625, 2.782940594753008e-24, nan 
-85.375, 86.625, 2.8546413094053525e-24, nan 
-85.125, 86.625, 2.6517618780596652e-24, nan 
-84.875, 86.625, 2.5731419179402883e-24, nan 
-84.625, 86.625, 2.6505491933610815e-24, nan 
-84.375, 86.625, 2.687664993141878e-24, nan 
-84.125, 86.625, 2.6434251023998762e-24, nan 
-83.875, 86.625, 2.5699486855176383e-24, nan 
-83.625, 86.625, 2.6843054599950063e-24, nan 
-83.375, 86.625, 2.539790400636149e-24, nan 
-83.125, 86.625, 2.8375177085030294e-24, nan 
-82.875, 86.625, 3.2258639343836192e-24, nan 
-82.625, 86.625, 3.27507577462471e-24, nan 
-82.375, 86.625, 3.104796162409561e-24, nan 
-82.125, 86.625, 4.24475166182491e-24, nan 
-81.875, 86.625, 5.6500622009268154e-24, nan 
-81.625, 86.625, 7.401953080936653e-24, nan 
-81.375, 86.625, 7.631429677224675e-24, nan 
-81.125, 86.625, 8.641145017160947e-24, nan 
-80.875, 86.625, 9.087682687949725e-24, nan 
-80.625, 86.625, 8.792793718214944e-24, nan 
-80.375, 86.625, 8.889737605674084e-24, nan 
-80.125, 86.625, 8.892433539485456e-24, nan 
-79.875, 86.625, 8.802494255558517e-24, nan 
-79.625, 86.625, 8.745550445059857e-24, nan 
-79.375, 86.625, 8.792889194672285e-24, nan 
-79.125, 86.625, 8.538382099711528e-24, nan 
-78.875, 86.625, 8.320075239488001e-24, nan 
-78.625, 86.625, 8.379111248160738e-24, nan 
-78.375, 86.625, 8.425077418226689e-24, nan 
-78.125, 86.625, 8.511731326402017e-24, nan 
-77.875, 86.625, 8.327149353997672e-24, nan 
-77.625, 86.625, 8.089578796706507e-24, nan 
-77.375, 86.625, 8.140294247578952e-24, nan 
-77.125, 86.625, 8.224232821988967e-24, nan 
-76.875, 86.625, 8.424561693782256e-24, nan 
-76.625, 86.625, 8.50463470689402e-24, nan 
-76.375, 86.625, 8.610577473458143e-24, nan 
-76.125, 86.625, 8.592694851927766e-24, nan 
-75.875, 86.625, 8.683189899559823e-24, nan 
-75.625, 86.625, 8.511198408741326e-24, nan 
-75.375, 86.625, 8.108455491992183e-24, nan 
-75.125, 86.625, 7.68838540891665e-24, nan 
-74.875, 86.625, 7.39679994498409e-24, nan 
-74.625, 86.625, 7.192531581237195e-24, nan 
-74.375, 86.625, 6.854488468412304e-24, nan 
-74.125, 86.625, 6.748520222673226e-24, nan 
-73.875, 86.625, 6.857942583880908e-24, nan 
-73.625, 86.625, 7.284757016896378e-24, nan 
-73.375, 86.625, 7.954672863126449e-24, nan 
-73.125, 86.625, 8.590929732028375e-24, nan 
-72.875, 86.625, 8.883426376772039e-24, nan 
-72.625, 86.625, 8.93890810687607e-24, nan 
-72.375, 86.625, 8.941109713831201e-24, nan 
-72.125, 86.625, 9.473528542255503e-24, nan 
-71.875, 86.625, 9.521681479852833e-24, nan 
-71.625, 86.625, 9.875838825642219e-24, nan 
-71.375, 86.625, 9.657006539427925e-24, nan 
-71.125, 86.625, 9.616544693864131e-24, nan 
-70.875, 86.625, 9.348439353349775e-24, nan 
-70.625, 86.625, 8.833952252598157e-24, nan 
-70.375, 86.625, 8.233353473872038e-24, nan 
-70.125, 86.625, 7.541847183599403e-24, nan 
-69.875, 86.625, 7.15977886023797e-24, nan 
-69.625, 86.625, 6.610918100722097e-24, nan 
-69.375, 86.625, 6.1523933267538644e-24, nan 
-69.125, 86.625, 6.379802340807991e-24, nan 
-68.875, 86.625, 7.056519618897039e-24, nan 
-68.625, 86.625, 7.571915121186257e-24, nan 
-68.375, 86.625, 7.9694831933201e-24, nan 
-68.125, 86.625, 8.627115400680625e-24, nan 
-67.875, 86.625, 1.0489606192542158e-23, nan 
-67.625, 86.625, 1.1112441285669654e-23, nan 
-67.375, 86.625, 1.2360761865277822e-23, nan 
-67.125, 86.625, 1.243413980226041e-23, nan 
-66.875, 86.625, 1.2896524845406052e-23, nan 
-66.625, 86.625, 1.3291623107538764e-23, nan 
-66.375, 86.625, 1.3201957926754677e-23, nan 
-66.125, 86.625, 1.317484726949653e-23, nan 
-65.875, 86.625, 1.2788376565470543e-23, nan 
-65.625, 86.625, 1.2703906010462005e-23, nan 
-65.375, 86.625, 1.2351839395475625e-23, nan 
-65.125, 86.625, 1.1806408211687537e-23, nan 
-64.875, 86.625, 1.1489270830761667e-23, nan 
-64.625, 86.625, 1.150003362912274e-23, nan 
-64.375, 86.625, 1.1319911551182936e-23, nan 
-64.125, 86.625, 1.0883020253929147e-23, nan 
-63.875, 86.625, 9.924357126616124e-24, nan 
-63.625, 86.625, 9.257605704393528e-24, nan 
-63.375, 86.625, 8.6416582666361e-24, nan 
-63.125, 86.625, 8.312528934447367e-24, nan 
-62.875, 86.625, 7.426989428077485e-24, nan 
-62.625, 86.625, 7.019429527040152e-24, nan 
-62.375, 86.625, 6.64753913252286e-24, nan 
-62.125, 86.625, 5.686617291790551e-24, nan 
-61.875, 86.625, 4.4728660888528906e-24, nan 
-61.625, 86.625, 3.891663973378746e-24, nan 
-61.375, 86.625, 3.82595803833721e-24, nan 
-61.125, 86.625, 2.927833820679425e-24, nan 
-60.875, 86.625, 2.636369491745064e-24, nan 
-60.625, 86.625, 2.838758397873149e-24, nan 
-60.375, 86.625, 3.31589989137919e-24, nan 
-60.125, 86.625, 3.3057679645438147e-24, nan 
-59.875, 86.625, 3.3465899538550775e-24, nan 
-59.625, 86.625, 3.370557446531933e-24, nan 
-59.375, 86.625, 3.532750027163108e-24, nan 
-59.125, 86.625, 3.774983790876601e-24, nan 
-58.875, 86.625, 3.8638771527131865e-24, nan 
-58.625, 86.625, 4.312460397023521e-24, nan 
-58.375, 86.625, 4.430432949695355e-24, nan 
-58.125, 86.625, 4.607839156862265e-24, nan 
-57.875, 86.625, 4.854676189236909e-24, nan 
-57.625, 86.625, 4.974102406105564e-24, nan 
-57.375, 86.625, 5.1564433944475276e-24, nan 
-57.125, 86.625, 4.9914645418061535e-24, nan 
-56.875, 86.625, 4.92301859057582e-24, nan 
-56.625, 86.625, 4.955990853029677e-24, nan 
-56.375, 86.625, 5.072604714751055e-24, nan 
-56.125, 86.625, 5.2428300719369914e-24, nan 
-55.875, 86.625, 5.444867822908289e-24, nan 
-55.625, 86.625, 5.658576076527418e-24, nan 
-55.375, 86.625, 5.892959792074689e-24, nan 
-55.125, 86.625, 6.308038001607732e-24, nan 
-54.875, 86.625, 6.826868265440624e-24, nan 
-54.625, 86.625, 7.274934523851687e-24, nan 
-54.375, 86.625, 7.807353268360908e-24, nan 
-54.125, 86.625, 8.429939207640994e-24, nan 
-53.875, 86.625, 9.040895190794863e-24, nan 
-53.625, 86.625, 9.573198167459505e-24, nan 
-53.375, 86.625, 1.0148004847618417e-23, nan 
-53.125, 86.625, 1.0471192209338837e-23, nan 
-52.875, 86.625, 1.0567441202402577e-23, nan 
-52.625, 86.625, 1.0580064078743759e-23, nan 
-52.375, 86.625, 1.0838417195935646e-23, nan 
-52.125, 86.625, 1.1425516113212761e-23, nan 
-51.875, 86.625, 1.2269009296650409e-23, nan 
-51.625, 86.625, 1.2812129314029754e-23, nan 
-51.375, 86.625, 1.3215428797547838e-23, nan 
-51.125, 86.625, 1.3509396492035468e-23, nan 
-50.875, 86.625, 1.3354583904439806e-23, nan 
-50.625, 86.625, 1.3628021708194346e-23, nan 
-50.375, 86.625, 1.4864937177175116e-23, nan 
-50.125, 86.625, 1.685175117428043e-23, nan 
-49.875, 86.625, 2.1087134687899098e-23, nan 
-49.625, 86.625, 2.386468894735661e-23, nan 
-49.375, 86.625, 2.3448294349831054e-23, nan 
-49.125, 86.625, 2.265714593574613e-23, nan 
-48.875, 86.625, 2.2932517286246434e-23, nan 
-48.625, 86.625, 2.2941899032915372e-23, nan 
-48.375, 86.625, 2.280402749684402e-23, nan 
-48.125, 86.625, 2.2801277029858506e-23, nan 
-47.875, 86.625, 2.24915789661212e-23, nan 
-47.625, 86.625, 2.2332584598747426e-23, nan 
-47.375, 86.625, 2.2781697264862807e-23, nan 
-47.125, 86.625, 2.267422458895992e-23, nan 
-46.875, 86.625, 2.1497286461605366e-23, nan 
-46.625, 86.625, 2.0816897090744467e-23, nan 
-46.375, 86.625, 2.1139537831252365e-23, nan 
-46.125, 86.625, 1.883067725845573e-23, nan 
-45.875, 86.625, 1.7839019247768775e-23, nan 
-45.625, 86.625, 2.239959416823707e-23, nan 
-45.375, 86.625, 2.7542868074764736e-23, nan 
-45.125, 86.625, 2.69753502077375e-23, nan 
-44.875, 86.625, 2.649327978753306e-23, nan 
-44.625, 86.625, 2.687544202206737e-23, nan 
-44.375, 86.625, 2.731732004150005e-23, nan 
-44.125, 86.625, 2.76313144976002e-23, nan 
-43.875, 86.625, 2.7826889956818035e-23, nan 
-43.625, 86.625, 2.782789460186855e-23, nan 
-43.375, 86.625, 2.828667459447719e-23, nan 
-43.125, 86.625, 2.938263718363244e-23, nan 
-42.875, 86.625, 2.9923518718778765e-23, nan 
-42.625, 86.625, 2.860957038214598e-23, nan 
-42.375, 86.625, 2.812275250154671e-23, nan 
-42.125, 86.625, 2.9123016311346513e-23, nan 
-41.875, 86.625, 2.763135004310268e-23, nan 
-41.625, 86.625, 2.653622708404384e-23, nan 
-41.375, 86.625, 2.4048440224442572e-23, nan 
-41.125, 86.625, 2.3718485005033763e-23, nan 
-40.875, 86.625, 2.3293544586565575e-23, nan 
-40.625, 86.625, 2.400455530865162e-23, nan 
-40.375, 86.625, 2.4926519317280298e-23, nan 
-40.125, 86.625, 2.4675357414694643e-23, nan 
-39.875, 86.625, 2.5263156504311582e-23, nan 
-39.625, 86.625, 2.5368104513521273e-23, nan 
-39.375, 86.625, 2.6104598133284825e-23, nan 
-39.125, 86.625, 2.483473397754279e-23, nan 
-38.875, 86.625, 2.404329414033629e-23, nan 
-38.625, 86.625, 2.289304759218142e-23, nan 
-38.375, 86.625, 2.2172240372900834e-23, nan 
-38.125, 86.625, 2.252656848206943e-23, nan 
-37.875, 86.625, 2.1832185734286923e-23, nan 
-37.625, 86.625, 2.0738529718185756e-23, nan 
-37.375, 86.625, 1.9967177456647657e-23, nan 
-37.125, 86.625, 1.9730932781466983e-23, nan 
-36.875, 86.625, 1.9466417020198005e-23, nan 
-36.625, 86.625, 1.922378237601887e-23, nan 
-36.375, 86.625, 1.9023561890914615e-23, nan 
-36.125, 86.625, 1.9010312610782828e-23, nan 
-35.875, 86.625, 1.89882124349851e-23, nan 
-35.625, 86.625, 1.8881035004152486e-23, nan 
-35.375, 86.625, 1.876358868751622e-23, nan 
-35.125, 86.625, 1.8124848262970386e-23, nan 
-34.875, 86.625, 1.783509298587139e-23, nan 
-34.625, 86.625, 1.7259045298900644e-23, nan 
-34.375, 86.625, 1.684832090921289e-23, nan 
-34.125, 86.625, 1.621766124181495e-23, nan 
-33.875, 86.625, 1.637918799299124e-23, nan 
-33.625, 86.625, 1.637807121023934e-23, nan 
-33.375, 86.625, 1.603899635140243e-23, nan 
-33.125, 86.625, 1.5506354102476888e-23, nan 
-32.875, 86.625, 1.4883677214054293e-23, nan 
-32.625, 86.625, 1.4917449096440964e-23, nan 
-32.375, 86.625, 1.375335735154868e-23, nan 
-32.125, 86.625, 1.2178449152330667e-23, nan 
-31.875, 86.625, 1.0255997151885957e-23, nan 
-31.625, 86.625, 8.641914690690505e-24, nan 
-31.375, 86.625, 7.204556768891864e-24, nan 
-31.125, 86.625, 6.516919734880341e-24, nan 
-30.875, 86.625, 6.243361600657531e-24, nan 
-30.625, 86.625, 6.039515445893657e-24, nan 
-30.375, 86.625, 6.481646978766568e-24, nan 
-30.125, 86.625, 6.3588823527299866e-24, nan 
-29.875, 86.625, 5.883644298505448e-24, nan 
-29.625, 86.625, 6.1008002276374194e-24, nan 
-29.375, 86.625, 6.00904277009619e-24, nan 
-29.125, 86.625, 5.8792267879023745e-24, nan 
-28.875, 86.625, 5.708881093109663e-24, nan 
-28.625, 86.625, 5.583348154415143e-24, nan 
-28.375, 86.625, 5.493793508283087e-24, nan 
-28.125, 86.625, 5.6998139318708014e-24, nan 
-27.875, 86.625, 5.656443939461573e-24, nan 
-27.625, 86.625, 5.727629756636636e-24, nan 
-27.375, 86.625, 6.9835228831059e-24, nan 
-27.125, 86.625, 7.307597361164231e-24, nan 
-26.875, 86.625, 8.307964718049951e-24, nan 
-26.625, 86.625, 8.594244574253368e-24, nan 
-26.375, 86.625, 9.12083147381363e-24, nan 
-26.125, 86.625, 1.0647803211221905e-23, nan 
-25.875, 86.625, 1.0669815470632359e-23, nan 
-25.625, 86.625, 9.92543528823246e-24, nan 
-25.375, 86.625, 1.0466075864871902e-23, nan 
-25.125, 86.625, 1.0418370685507192e-23, nan 
-24.875, 86.625, 1.0184881284910619e-23, nan 
-24.625, 86.625, 1.0107307947369867e-23, nan 
-24.375, 86.625, 9.951168999470524e-24, nan 
-24.125, 86.625, 9.592954899381248e-24, nan 
-23.875, 86.625, 9.881477485343069e-24, nan 
-23.625, 86.625, 9.426873094293274e-24, nan 
-23.375, 86.625, 9.242346296884075e-24, nan 
-23.125, 86.625, 9.45786902815456e-24, nan 
-22.875, 86.625, 1.0200406749403834e-23, nan 
-22.625, 86.625, 1.103394224458898e-23, nan 
-22.375, 86.625, 1.2172975505780517e-23, nan 
-22.125, 86.625, 1.3412132630867014e-23, nan 
-21.875, 86.625, 1.4219410916367055e-23, nan 
-21.625, 86.625, 1.5586969933752365e-23, nan 
-21.375, 86.625, 1.6529828956540506e-23, nan 
-21.125, 86.625, 1.7609075759171913e-23, nan 
-20.875, 86.625, 1.8376059808896873e-23, nan 
-20.625, 86.625, 1.8869966154931335e-23, nan 
-20.375, 86.625, 2.0014334600641382e-23, nan 
-20.125, 86.625, 2.03787514486117e-23, nan 
-19.875, 86.625, 2.1165218205330033e-23, nan 
-19.625, 86.625, 2.2172162250205478e-23, nan 
-19.375, 86.625, 2.3237506626950982e-23, nan 
-19.125, 86.625, 2.4402982379910515e-23, nan 
-18.875, 86.625, 2.5464149239381457e-23, nan 
-18.625, 86.625, 2.5922300266726483e-23, nan 
-18.375, 86.625, 2.615935090082982e-23, nan 
-18.125, 86.625, 2.6076110078523494e-23, nan 
-17.875, 86.625, 2.590473339447424e-23, nan 
-17.625, 86.625, 2.608766167957907e-23, nan 
-17.375, 86.625, 2.5993096104991982e-23, nan 
-17.125, 86.625, 2.5535122725582266e-23, nan 
-16.875, 86.625, 2.4690832246985446e-23, nan 
-16.625, 86.625, 2.3991526655032504e-23, nan 
-16.375, 86.625, 2.2845702985933595e-23, nan 
-16.125, 86.625, 2.22707120666606e-23, nan 
-15.875, 86.625, 2.1548450076771717e-23, nan 
-15.625, 86.625, 1.9808863033294082e-23, nan 
-15.375, 86.625, 1.9841645052347852e-23, nan 
-15.125, 86.625, 2.1495880531672023e-23, nan 
-14.875, 86.625, 2.3002747841583424e-23, nan 
-14.625, 86.625, 2.460348629250695e-23, nan 
-14.375, 86.625, 2.5229194072088184e-23, nan 
-14.125, 86.625, 2.523428238983751e-23, nan 
-13.875, 86.625, 2.5664975553021022e-23, nan 
-13.625, 86.625, 2.5390690811659336e-23, nan 
-13.375, 86.625, 2.560475324004846e-23, nan 
-13.125, 86.625, 2.6108411764845474e-23, nan 
-12.875, 86.625, 2.6123914509104034e-23, nan 
-12.625, 86.625, 2.6238791164400215e-23, nan 
-12.375, 86.625, 2.6227135502173683e-23, nan 
-12.125, 86.625, 2.5897144334623507e-23, nan 
-11.875, 86.625, 2.4958481228260043e-23, nan 
-11.625, 86.625, 2.444172599649144e-23, nan 
-11.375, 86.625, 2.2669353822239417e-23, nan 
-11.125, 86.625, 2.1528859913530103e-23, nan 
-10.875, 86.625, 1.8839058184537493e-23, nan 
-10.625, 86.625, 1.7549437740843729e-23, nan 
-10.375, 86.625, 1.6265773939256127e-23, nan 
-10.125, 86.625, 1.6749328713182925e-23, nan 
-9.875, 86.625, 1.5249688011489807e-23, nan 
-9.625, 86.625, 1.5630806689194326e-23, nan 
-9.375, 86.625, 1.350330108319849e-23, nan 
-9.125, 86.625, 1.435523191922907e-23, nan 
-8.875, 86.625, 1.3578790894116882e-23, nan 
-8.625, 86.625, 1.2391915184857852e-23, nan 
-8.375, 86.625, 1.0650761727716372e-23, nan 
-8.125, 86.625, 1.0062831109631259e-23, nan 
-7.875, 86.625, 8.81668794133899e-24, nan 
-7.625, 86.625, 7.074980579745223e-24, nan 
-7.375, 86.625, 6.082322263223771e-24, nan 
-7.125, 86.625, 5.487760645992375e-24, nan 
-6.875, 86.625, 5.257310000471012e-24, nan 
-6.625, 86.625, 5.1692055728752486e-24, nan 
-6.375, 86.625, 4.9928616830412706e-24, nan 
-6.125, 86.625, 4.527625303150175e-24, nan 
-5.875, 86.625, 4.517667063990812e-24, nan 
-5.625, 86.625, 4.5099677306227565e-24, nan 
-5.375, 86.625, 4.5282058133521804e-24, nan 
-5.125, 86.625, 4.623694659083645e-24, nan 
-4.875, 86.625, 4.75145239527974e-24, nan 
-4.625, 86.625, 4.660773428996516e-24, nan 
-4.375, 86.625, 4.6410454664220705e-24, nan 
-4.125, 86.625, 4.385433854084737e-24, nan 
-3.875, 86.625, 4.2284260335387305e-24, nan 
-3.625, 86.625, 3.962681760936434e-24, nan 
-3.375, 86.625, 3.800364647348972e-24, nan 
-3.125, 86.625, 3.857887813793909e-24, nan 
-2.875, 86.625, 4.0588985191576104e-24, nan 
-2.625, 86.625, 4.473609363325652e-24, nan 
-2.375, 86.625, 5.0476276727507664e-24, nan 
-2.125, 86.625, 5.564940887957799e-24, nan 
-1.875, 86.625, 5.707150648808531e-24, nan 
-1.625, 86.625, 6.2083050874637846e-24, nan 
-1.375, 86.625, 6.339732164859917e-24, nan 
-1.125, 86.625, 6.80028733760307e-24, nan 
-0.875, 86.625, 7.383313326829723e-24, nan 
-0.625, 86.625, 7.66305031494068e-24, nan 
-0.375, 86.625, 7.841330824091188e-24, nan 
-0.125, 86.625, 7.862190937624521e-24, nan 
0.125, 86.625, 7.660223126404505e-24, nan 
0.375, 86.625, 7.271697494631823e-24, nan 
0.625, 86.625, 6.992634740091641e-24, nan 
0.875, 86.625, 6.5740780287515014e-24, nan 
1.125, 86.625, 5.973336072373306e-24, nan 
1.375, 86.625, 5.36560090170763e-24, nan 
1.625, 86.625, 5.0038082171248915e-24, nan 
1.875, 86.625, 4.2488278686673e-24, nan 
2.125, 86.625, 3.291155962570456e-24, nan 
2.375, 86.625, 2.8086348991882497e-24, nan 
2.625, 86.625, 2.3396967217067734e-24, nan 
2.875, 86.625, 2.093096825536776e-24, nan 
3.125, 86.625, 2.078788820799966e-24, nan 
3.375, 86.625, 2.6153288819995305e-24, nan 
3.625, 86.625, 3.0288083468991588e-24, nan 
3.875, 86.625, 3.8445819444971734e-24, nan 
4.125, 86.625, 5.0970926249091625e-24, nan 
4.375, 86.625, 6.876676510356424e-24, nan 
4.625, 86.625, 7.906094921644864e-24, nan 
4.875, 86.625, 8.821530232706991e-24, nan 
5.125, 86.625, 9.888460625743303e-24, nan 
5.375, 86.625, 1.085520671093696e-23, nan 
5.625, 86.625, 1.1625745505443186e-23, nan 
5.875, 86.625, 1.2816524948399829e-23, nan 
6.125, 86.625, 1.4235425581979552e-23, nan 
6.375, 86.625, 1.522309136197407e-23, nan 
6.625, 86.625, 1.629927694688174e-23, nan 
6.875, 86.625, 1.6575768321991497e-23, nan 
7.125, 86.625, 1.6589909832378014e-23, nan 
7.375, 86.625, 1.6703710906897894e-23, nan 
7.625, 86.625, 1.7212017301761606e-23, nan 
7.875, 86.625, 1.7494513546010135e-23, nan 
8.125, 86.625, 1.733814901494183e-23, nan 
8.375, 86.625, 1.7341252888124456e-23, nan 
8.625, 86.625, 1.7493236052302267e-23, nan 
8.875, 86.625, 1.776162936882904e-23, nan 
9.125, 86.625, 1.7859960859165797e-23, nan 
9.375, 86.625, 1.8529309029010106e-23, nan 
9.625, 86.625, 1.937029178718086e-23, nan 
9.875, 86.625, 1.9879107402068855e-23, nan 
10.125, 86.625, 1.8083916876303585e-23, nan 
10.375, 86.625, 1.654317866824498e-23, nan 
10.625, 86.625, 1.6485747883524363e-23, nan 
10.875, 86.625, 1.6309318290449325e-23, nan 
11.125, 86.625, 1.6275194153164792e-23, nan 
11.375, 86.625, 1.6351675833222494e-23, nan 
11.625, 86.625, 1.66245946402387e-23, nan 
11.875, 86.625, 1.705474585366383e-23, nan 
12.125, 86.625, 1.730612845926365e-23, nan 
12.375, 86.625, 1.7292362732968376e-23, nan 
12.625, 86.625, 1.75548853219712e-23, nan 
12.875, 86.625, 1.8263787509109416e-23, nan 
13.125, 86.625, 1.9146885247699532e-23, nan 
13.375, 86.625, 1.9842930676176946e-23, nan 
13.625, 86.625, 2.0430796515343548e-23, nan 
13.875, 86.625, 2.0580694855801615e-23, nan 
14.125, 86.625, 2.079245450064058e-23, nan 
14.375, 86.625, 1.9909206431415147e-23, nan 
14.625, 86.625, 1.8843465859535664e-23, nan 
14.875, 86.625, 1.8667817627892198e-23, nan 
15.125, 86.625, 1.8307309545765935e-23, nan 
15.375, 86.625, 1.8275986474727768e-23, nan 
15.625, 86.625, 1.816981057630444e-23, nan 
15.875, 86.625, 1.794996701591814e-23, nan 
16.125, 86.625, 1.758690598143155e-23, nan 
16.375, 86.625, 1.7431621465760663e-23, nan 
16.625, 86.625, 1.7386428646403584e-23, nan 
16.875, 86.625, 1.7565517005729535e-23, nan 
17.125, 86.625, 1.7392566461579148e-23, nan 
17.375, 86.625, 1.7696378320949718e-23, nan 
17.625, 86.625, 1.8430353314141e-23, nan 
17.875, 86.625, 1.9357091066343612e-23, nan 
18.125, 86.625, 1.9927735863015198e-23, nan 
18.375, 86.625, 1.958944807678739e-23, nan 
18.625, 86.625, 1.936407615509353e-23, nan 
18.875, 86.625, 1.9111207409937978e-23, nan 
19.125, 86.625, 1.915640275209586e-23, nan 
19.375, 86.625, 1.935413739040361e-23, nan 
19.625, 86.625, 1.689262485444545e-23, nan 
19.875, 86.625, 1.5373302880218536e-23, nan 
20.125, 86.625, 1.403636673492573e-23, nan 
20.375, 86.625, 1.2642496768348453e-23, nan 
20.625, 86.625, 1.126024983104989e-23, nan 
20.875, 86.625, 1.1004352173956388e-23, nan 
21.125, 86.625, 1.0072646424299731e-23, nan 
21.375, 86.625, 9.626171778854649e-24, nan 
21.625, 86.625, 8.84540124091681e-24, nan 
21.875, 86.625, 8.21440574966992e-24, nan 
22.125, 86.625, 8.078329832698093e-24, nan 
22.375, 86.625, 7.431740532358504e-24, nan 
22.625, 86.625, 6.833409440661183e-24, nan 
22.875, 86.625, 6.793583289265043e-24, nan 
23.125, 86.625, 6.488065615981365e-24, nan 
23.375, 86.625, 6.663429807162194e-24, nan 
23.625, 86.625, 7.11194051518296e-24, nan 
23.875, 86.625, 8.241712405713332e-24, nan 
24.125, 86.625, 9.458123396551101e-24, nan 
24.375, 86.625, 9.730138475089265e-24, nan 
24.625, 86.625, 9.104847922677331e-24, nan 
24.875, 86.625, 8.901780615828186e-24, nan 
25.125, 86.625, 8.973842150051233e-24, nan 
25.375, 86.625, 9.397089198545862e-24, nan 
25.625, 86.625, 9.514761731437942e-24, nan 
25.875, 86.625, 8.753872360695707e-24, nan 
26.125, 86.625, 8.047435268542804e-24, nan 
26.375, 86.625, 8.238961212932638e-24, nan 
26.625, 86.625, 8.192058903034594e-24, nan 
26.875, 86.625, 6.340589404471043e-24, nan 
27.125, 86.625, 4.949267439502697e-24, nan 
27.375, 86.625, 5.5966040373338574e-24, nan 
27.625, 86.625, 6.275683865924086e-24, nan 
27.875, 86.625, 7.226782647729371e-24, nan 
28.125, 86.625, 8.760111450860836e-24, nan 
28.375, 86.625, 9.791924844750592e-24, nan 
28.625, 86.625, 1.1371544171245317e-23, nan 
28.875, 86.625, 1.3005746455139404e-23, nan 
29.125, 86.625, 1.4442942778632262e-23, nan 
29.375, 86.625, 1.6049423401218266e-23, nan 
29.625, 86.625, 1.857766134913837e-23, nan 
29.875, 86.625, 1.9743860246931405e-23, nan 
30.125, 86.625, 2.0436744943688626e-23, nan 
30.375, 86.625, 2.0352230664090016e-23, nan 
30.625, 86.625, 2.2221920106985794e-23, nan 
30.875, 86.625, 2.2669054730006443e-23, nan 
31.125, 86.625, 2.2455156798028436e-23, nan 
31.375, 86.625, 2.0225819414164124e-23, nan 
31.625, 86.625, 2.0410235318350394e-23, nan 
31.875, 86.625, 1.9777416310525967e-23, nan 
32.125, 86.625, 1.9238953523535377e-23, nan 
32.375, 86.625, 1.9437693558240748e-23, nan 
32.625, 86.625, 1.9457789435212198e-23, nan 
32.875, 86.625, 1.993639108411288e-23, nan 
33.125, 86.625, 2.1197622940030065e-23, nan 
33.375, 86.625, 2.221716035262109e-23, nan 
33.625, 86.625, 2.139358309361819e-23, nan 
33.875, 86.625, 1.902113393839832e-23, nan 
34.125, 86.625, 1.8210791509699147e-23, nan 
34.375, 86.625, 1.6923960181259114e-23, nan 
34.625, 86.625, 1.6750186014573e-23, nan 
34.875, 86.625, 1.803471117064249e-23, nan 
35.125, 86.625, 1.8823544792645304e-23, nan 
35.375, 86.625, 1.9115830300844607e-23, nan 
35.625, 86.625, 1.862989703680485e-23, nan 
35.875, 86.625, 1.960972130594186e-23, nan 
36.125, 86.625, 1.9848115660772248e-23, nan 
36.375, 86.625, 2.0215252510874364e-23, nan 
36.625, 86.625, 2.1236414473560814e-23, nan 
36.875, 86.625, 2.1842021316744258e-23, nan 
37.125, 86.625, 2.263384701201195e-23, nan 
37.375, 86.625, 2.384472007551746e-23, nan 
37.625, 86.625, 2.5739683279954994e-23, nan 
37.875, 86.625, 2.785977007621915e-23, nan 
38.125, 86.625, 3.055921257808569e-23, nan 
38.375, 86.625, 2.963913736742455e-23, nan 
38.625, 86.625, 2.776099830957113e-23, nan 
38.875, 86.625, 2.4879584287588902e-23, nan 
39.125, 86.625, 2.6233738071995072e-23, nan 
39.375, 86.625, 2.5374059143106546e-23, nan 
39.625, 86.625, 2.66290110850449e-23, nan 
39.875, 86.625, 2.808558039184256e-23, nan 
40.125, 86.625, 2.866160633570171e-23, nan 
40.375, 86.625, 2.935880140347697e-23, nan 
40.625, 86.625, 3.0529036244493393e-23, nan 
40.875, 86.625, 3.0332588572649123e-23, nan 
41.125, 86.625, 2.468144964447248e-23, nan 
41.375, 86.625, 1.8389877815527914e-23, nan 
41.625, 86.625, 1.7050588872600636e-23, nan 
41.875, 86.625, 1.5245603901480566e-23, nan 
42.125, 86.625, 1.4110592145829146e-23, nan 
42.375, 86.625, 1.3789753023341121e-23, nan 
42.625, 86.625, 1.3462133664058085e-23, nan 
42.875, 86.625, 1.2391181457933222e-23, nan 
43.125, 86.625, 1.1673011593237078e-23, nan 
43.375, 86.625, 1.1226319022024034e-23, nan 
43.625, 86.625, 1.1222060548150145e-23, nan 
43.875, 86.625, 1.1183257160477122e-23, nan 
44.125, 86.625, 1.0944542084194089e-23, nan 
44.375, 86.625, 1.0699456177869344e-23, nan 
44.625, 86.625, 1.0175213465522147e-23, nan 
44.875, 86.625, 9.672389082157359e-24, nan 
45.125, 86.625, 9.106743097679393e-24, nan 
45.375, 86.625, 9.113195411398945e-24, nan 
45.625, 86.625, 8.802644120939558e-24, nan 
45.875, 86.625, 8.415055360308018e-24, nan 
46.125, 86.625, 8.712892539698922e-24, nan 
46.375, 86.625, 8.693708744389313e-24, nan 
46.625, 86.625, 8.500379761068882e-24, nan 
46.875, 86.625, 8.652754535152678e-24, nan 
47.125, 86.625, 8.549088933696356e-24, nan 
47.375, 86.625, 8.365592889826809e-24, nan 
47.625, 86.625, 8.308343616314262e-24, nan 
47.875, 86.625, 8.117730270284275e-24, nan 
48.125, 86.625, 7.91829396004893e-24, nan 
48.375, 86.625, 7.876884164120871e-24, nan 
48.625, 86.625, 7.692209801917832e-24, nan 
48.875, 86.625, 7.408804756184162e-24, nan 
49.125, 86.625, 7.285915387772537e-24, nan 
49.375, 86.625, 7.321159192631235e-24, nan 
49.625, 86.625, 7.396239944372087e-24, nan 
49.875, 86.625, 7.746945020211192e-24, nan 
50.125, 86.625, 8.197940653413285e-24, nan 
50.375, 86.625, 8.747339469898883e-24, nan 
50.625, 86.625, 9.328692479710234e-24, nan 
50.875, 86.625, 1.086308577207487e-23, nan 
51.125, 86.625, 1.3041199258174485e-23, nan 
51.375, 86.625, 1.5620931317476782e-23, nan 
51.625, 86.625, 1.732828540453701e-23, nan 
51.875, 86.625, 1.8603290932427106e-23, nan 
52.125, 86.625, 1.9869056817748723e-23, nan 
52.375, 86.625, 2.0949454128746427e-23, nan 
52.625, 86.625, 2.267143837902667e-23, nan 
52.875, 86.625, 2.4078301464330767e-23, nan 
53.125, 86.625, 2.5314469972096606e-23, nan 
53.375, 86.625, 2.7306706758757894e-23, nan 
53.625, 86.625, 2.913908560366641e-23, nan 
53.875, 86.625, 3.061058207628127e-23, nan 
54.125, 86.625, 3.1495938581367454e-23, nan 
54.375, 86.625, 3.1071949554752645e-23, nan 
54.625, 86.625, 3.036817959280266e-23, nan 
54.875, 86.625, 2.8324450241495395e-23, nan 
55.125, 86.625, 2.6542950709042495e-23, nan 
55.375, 86.625, 2.525894505740562e-23, nan 
55.625, 86.625, 2.4170916519341326e-23, nan 
55.875, 86.625, 2.3205023924143518e-23, nan 
56.125, 86.625, 2.2313375819634685e-23, nan 
56.375, 86.625, 2.124462112495241e-23, nan 
56.625, 86.625, 1.9251163494539658e-23, nan 
56.875, 86.625, 1.7579456082447636e-23, nan 
57.125, 86.625, 1.7051315958806523e-23, nan 
57.375, 86.625, 1.812696088195703e-23, nan 
57.625, 86.625, 2.3357702244763796e-23, nan 
57.875, 86.625, 2.929012233957662e-23, nan 
58.125, 86.625, 3.454756215932979e-23, nan 
58.375, 86.625, 3.7843633150679935e-23, nan 
58.625, 86.625, 3.803032597810475e-23, nan 
58.875, 86.625, 3.7034607161625166e-23, nan 
59.125, 86.625, 3.4769655374470275e-23, nan 
59.375, 86.625, 3.207325564733026e-23, nan 
59.625, 86.625, 3.020408834515711e-23, nan 
59.875, 86.625, 2.832586363038116e-23, nan 
60.125, 86.625, 2.7029193456263643e-23, nan 
60.375, 86.625, 2.5430973703463065e-23, nan 
60.625, 86.625, 2.3622930511681577e-23, nan 
60.875, 86.625, 2.43472987769054e-23, nan 
61.125, 86.625, 2.4475403368981452e-23, nan 
61.375, 86.625, 2.466814559568377e-23, nan 
61.625, 86.625, 2.460851778138056e-23, nan 
61.875, 86.625, 2.584506928388082e-23, nan 
62.125, 86.625, 2.754752936072194e-23, nan 
62.375, 86.625, 2.95490259725005e-23, nan 
62.625, 86.625, 3.147574434671645e-23, nan 
62.875, 86.625, 3.221093127716505e-23, nan 
63.125, 86.625, 3.1929775740782975e-23, nan 
63.375, 86.625, 3.1528031832680906e-23, nan 
63.625, 86.625, 3.092061552671664e-23, nan 
63.875, 86.625, 3.061909985663932e-23, nan 
64.125, 86.625, 3.031110204374385e-23, nan 
64.375, 86.625, 2.9877246458960346e-23, nan 
64.625, 86.625, 2.938062222438843e-23, nan 
64.875, 86.625, 2.892237358267456e-23, nan 
65.125, 86.625, 2.8801223262739056e-23, nan 
65.375, 86.625, 2.851166056587803e-23, nan 
65.625, 86.625, 2.828086608017084e-23, nan 
65.875, 86.625, 2.821623646391873e-23, nan 
66.125, 86.625, 2.8175365200937055e-23, nan 
66.375, 86.625, 2.8825185656012054e-23, nan 
66.625, 86.625, 2.9613198988212337e-23, nan 
66.875, 86.625, 3.337313960253005e-23, nan 
67.125, 86.625, 3.7944444521200324e-23, nan 
67.375, 86.625, 4.086630303553727e-23, nan 
67.625, 86.625, 4.1094114025720357e-23, nan 
67.875, 86.625, 4.063701088980011e-23, nan 
68.125, 86.625, 3.944183684267832e-23, nan 
68.375, 86.625, 3.568542181670533e-23, nan 
68.625, 86.625, 3.505271104313058e-23, nan 
68.875, 86.625, 3.960195653524566e-23, nan 
69.125, 86.625, 4.6655171882030195e-23, nan 
69.375, 86.625, 5.451064439132047e-23, nan 
69.625, 86.625, 5.913031932307168e-23, nan 
69.875, 86.625, 6.236657256779611e-23, nan 
70.125, 86.625, 6.396542805550842e-23, nan 
70.375, 86.625, 6.635973295093457e-23, nan 
70.625, 86.625, 6.989889438229761e-23, nan 
70.875, 86.625, 7.270642422627008e-23, nan 
71.125, 86.625, 8.102818372157255e-23, nan 
71.375, 86.625, 9.140160967248308e-23, nan 
71.625, 86.625, 1.0051026806725315e-22, nan 
71.875, 86.625, 1.030278716656193e-22, nan 
72.125, 86.625, 1.0277049596342262e-22, nan 
72.375, 86.625, 1.0286436774458453e-22, nan 
72.625, 86.625, 1.0239510972063234e-22, nan 
72.875, 86.625, 1.0247288787596844e-22, nan 
73.125, 86.625, 1.0779085382226665e-22, nan 
73.375, 86.625, 1.0765221062121187e-22, nan 
73.625, 86.625, 1.091615059100664e-22, nan 
73.875, 86.625, 1.0995994875680583e-22, nan 
74.125, 86.625, 1.1021237270960843e-22, nan 
74.375, 86.625, 1.091775896165672e-22, nan 
74.625, 86.625, 1.0741304254472877e-22, nan 
74.875, 86.625, 1.068041874513972e-22, nan 
75.125, 86.625, 1.0603735475344173e-22, nan 
75.375, 86.625, 1.061465777999086e-22, nan 
75.625, 86.625, 1.0531804478924549e-22, nan 
75.875, 86.625, 1.0599576909678225e-22, nan 
76.125, 86.625, 1.0611747141611457e-22, nan 
76.375, 86.625, 1.06141107379815e-22, nan 
76.625, 86.625, 9.573731959267427e-23, nan 
76.875, 86.625, 8.371640493550462e-23, nan 
77.125, 86.625, 7.788365396207381e-23, nan 
77.375, 86.625, 7.653736661628218e-23, nan 
77.625, 86.625, 8.055501591768643e-23, nan 
77.875, 86.625, 8.860271057278297e-23, nan 
78.125, 86.625, 9.695878196171903e-23, nan 
78.375, 86.625, 1.0120554071322287e-22, nan 
78.625, 86.625, 1.0530784104550914e-22, nan 
78.875, 86.625, 1.0630550161875648e-22, nan 
79.125, 86.625, 1.094874231174998e-22, nan 
79.375, 86.625, 1.112220512919008e-22, nan 
79.625, 86.625, 1.1341672748047329e-22, nan 
79.875, 86.625, 1.1502090634017324e-22, nan 
80.125, 86.625, 1.1622753136458762e-22, nan 
80.375, 86.625, 1.1629386121431298e-22, nan 
80.625, 86.625, 1.17182805497691e-22, nan 
80.875, 86.625, 1.1325335444176068e-22, nan 
81.125, 86.625, 1.0715978597891832e-22, nan 
81.375, 86.625, 1.0577838205964726e-22, nan 
81.625, 86.625, 9.7361758553827e-23, nan 
81.875, 86.625, 9.796727998691397e-23, nan 
82.125, 86.625, 9.775249976623853e-23, nan 
82.375, 86.625, 9.739759647464858e-23, nan 
82.625, 86.625, 9.6199360140484e-23, nan 
82.875, 86.625, 9.435828788787091e-23, nan 
83.125, 86.625, 9.12224171374888e-23, nan 
83.375, 86.625, 9.061315581991853e-23, nan 
83.625, 86.625, 8.929022812760931e-23, nan 
83.875, 86.625, 8.793039905934052e-23, nan 
84.125, 86.625, 8.408962741612517e-23, nan 
84.375, 86.625, 8.100709812595182e-23, nan 
84.625, 86.625, 7.873379847795656e-23, nan 
84.875, 86.625, 6.980405353798027e-23, nan 
85.125, 86.625, 5.634395338184525e-23, nan 
85.375, 86.625, 4.920996970102293e-23, nan 
85.625, 86.625, 3.768039217942554e-23, nan 
85.875, 86.625, 3.48830977995027e-23, nan 
86.125, 86.625, 3.3768404664424807e-23, nan 
86.375, 86.625, 3.154730873604315e-23, nan 
86.625, 86.625, 3.081273439667146e-23, nan 
86.875, 86.625, 3.024707024340866e-23, nan 
87.125, 86.625, 2.889478325167276e-23, nan 
87.375, 86.625, 2.7741796816074525e-23, nan 
87.625, 86.625, 2.592893721442123e-23, nan 
87.875, 86.625, 2.498025527751743e-23, nan 
88.125, 86.625, 2.4751994729203487e-23, nan 
88.375, 86.625, 2.4670019376299444e-23, nan 
88.625, 86.625, 2.418058437032483e-23, nan 
88.875, 86.625, 2.3929352354113616e-23, nan 
89.125, 86.625, 2.420736793847366e-23, nan 
89.375, 86.625, 2.4368554351940327e-23, nan 
89.625, 86.625, 2.6996413400850324e-23, nan 
89.875, 86.625, 3.4002998277179174e-23, nan 
90.125, 86.625, 4.9124072630203535e-23, nan 
90.375, 86.625, 7.736820258665008e-23, nan 
90.625, 86.625, 9.015875654907713e-23, nan 
90.875, 86.625, 9.230772083780754e-23, nan 
91.125, 86.625, 9.16089300556227e-23, nan 
91.375, 86.625, 9.034007071448475e-23, nan 
91.625, 86.625, 9.322440388526705e-23, nan 
91.875, 86.625, 9.388742154979476e-23, nan 
92.125, 86.625, 9.404099911770243e-23, nan 
92.375, 86.625, 9.5612287091429e-23, nan 
92.625, 86.625, 9.781338512265292e-23, nan 
92.875, 86.625, 1.0087906669324478e-22, nan 
93.125, 86.625, 1.0275096187139753e-22, nan 
93.375, 86.625, 1.0502970074467498e-22, nan 
93.625, 86.625, 1.0495898730619965e-22, nan 
93.875, 86.625, 1.0377024347618189e-22, nan 
94.125, 86.625, 9.775594709525694e-23, nan 
94.375, 86.625, 9.342513717026158e-23, nan 
94.625, 86.625, 8.527126117528711e-23, nan 
94.875, 86.625, 6.987416292527933e-23, nan 
95.125, 86.625, 5.181374454089986e-23, nan 
95.375, 86.625, 4.8013965709191085e-23, nan 
95.625, 86.625, 4.774843925292608e-23, nan 
95.875, 86.625, 4.7666749588091206e-23, nan 
96.125, 86.625, 4.82081584281187e-23, nan 
96.375, 86.625, 4.8381033694458094e-23, nan 
96.625, 86.625, 4.8277368970627376e-23, nan 
96.875, 86.625, 4.9013706824195334e-23, nan 
97.125, 86.625, 4.997471880818668e-23, nan 
97.375, 86.625, 5.049086582997794e-23, nan 
97.625, 86.625, 5.0764917139250705e-23, nan 
97.875, 86.625, 5.033139539344097e-23, nan 
98.125, 86.625, 4.931450502473232e-23, nan 
98.375, 86.625, 4.7783206512682985e-23, nan 
98.625, 86.625, 4.589165048141142e-23, nan 
98.875, 86.625, 4.466556217856416e-23, nan 
99.125, 86.625, 4.322643299810041e-23, nan 
99.375, 86.625, 4.178827520615702e-23, nan 
99.625, 86.625, 4.008541736758948e-23, nan 
99.875, 86.625, 3.983544099226705e-23, nan 
100.125, 86.625, 3.954663222143131e-23, nan 
100.375, 86.625, 3.9480743813826e-23, nan 
100.625, 86.625, 3.8741108627887555e-23, nan 
100.875, 86.625, 3.8604470532636335e-23, nan 
101.125, 86.625, 3.902858090072249e-23, nan 
101.375, 86.625, 3.933264754007212e-23, nan 
101.625, 86.625, 3.9160601398254883e-23, nan 
101.875, 86.625, 3.950232989251843e-23, nan 
102.125, 86.625, 3.889127192940568e-23, nan 
102.375, 86.625, 3.8775913848798093e-23, nan 
102.625, 86.625, 3.746398778230738e-23, nan 
102.875, 86.625, 3.676795594265486e-23, nan 
103.125, 86.625, 3.633309042422318e-23, nan 
103.375, 86.625, 3.378869890057454e-23, nan 
103.625, 86.625, 3.3407572681376564e-23, nan 
103.875, 86.625, 3.176302769860391e-23, nan 
104.125, 86.625, 3.109408625901132e-23, nan 
104.375, 86.625, 2.989667723370419e-23, nan 
104.625, 86.625, 3.043277061175351e-23, nan 
104.875, 86.625, 3.000887608191326e-23, nan 
105.125, 86.625, 3.2236874774451915e-23, nan 
105.375, 86.625, 3.259323881457123e-23, nan 
105.625, 86.625, 3.4234526976241077e-23, nan 
105.875, 86.625, 3.9054062419842837e-23, nan 
106.125, 86.625, 4.220525781221783e-23, nan 
106.375, 86.625, 4.954072669782479e-23, nan 
106.625, 86.625, 5.714059348748507e-23, nan 
106.875, 86.625, 7.01177481994207e-23, nan 
107.125, 86.625, 7.630885138192963e-23, nan 
107.375, 86.625, 8.207831072076065e-23, nan 
107.625, 86.625, 8.228840000202758e-23, nan 
107.875, 86.625, 8.20610059234122e-23, nan 
108.125, 86.625, 8.64604968864237e-23, nan 
108.375, 86.625, 8.854385943832036e-23, nan 
108.625, 86.625, 9.32962893244501e-23, nan 
108.875, 86.625, 9.676136702655519e-23, nan 
109.125, 86.625, 9.739792586360605e-23, nan 
109.375, 86.625, 9.945715450953779e-23, nan 
109.625, 86.625, 1.0074254378860106e-22, nan 
109.875, 86.625, 1.0297415912229271e-22, nan 
110.125, 86.625, 1.0558842081026484e-22, nan 
110.375, 86.625, 1.1224426571671169e-22, nan 
110.625, 86.625, 1.1454283073816532e-22, nan 
110.875, 86.625, 1.1682234523644002e-22, nan 
111.125, 86.625, 1.2066525097397897e-22, nan 
111.375, 86.625, 1.2374961166700198e-22, nan 
111.625, 86.625, 1.2614096180142227e-22, nan 
111.875, 86.625, 1.2552997757612888e-22, nan 
112.125, 86.625, 1.262544679915064e-22, nan 
112.375, 86.625, 1.274286093655821e-22, nan 
112.625, 86.625, 1.2864116602286872e-22, nan 
112.875, 86.625, 1.333495502368436e-22, nan 
113.125, 86.625, 1.3666344209554378e-22, nan 
113.375, 86.625, 1.4108535497001976e-22, nan 
113.625, 86.625, 1.431296385804573e-22, nan 
113.875, 86.625, 1.454278204820607e-22, nan 
114.125, 86.625, 1.44369129445348e-22, nan 
114.375, 86.625, 1.4296305681311271e-22, nan 
114.625, 86.625, 1.5074677714472499e-22, nan 
114.875, 86.625, 1.4891559665052688e-22, nan 
115.125, 86.625, 1.5450144120119073e-22, nan 
115.375, 86.625, 1.6020351975929398e-22, nan 
115.625, 86.625, 1.661624275441006e-22, nan 
115.875, 86.625, 1.7313387947277138e-22, nan 
116.125, 86.625, 1.7953570881149422e-22, nan 
116.375, 86.625, 1.7959215941373014e-22, nan 
116.625, 86.625, 1.8331824267655342e-22, nan 
116.875, 86.625, 1.834448995882206e-22, nan 
117.125, 86.625, 1.8795052356504016e-22, nan 
117.375, 86.625, 1.833502840010949e-22, nan 
117.625, 86.625, 1.8889223014916166e-22, nan 
117.875, 86.625, 1.8633077678143102e-22, nan 
118.125, 86.625, 1.833662633725805e-22, nan 
118.375, 86.625, 1.7367704902699913e-22, nan 
118.625, 86.625, 1.7258450740152545e-22, nan 
118.875, 86.625, 1.3928610081721407e-22, nan 
119.125, 86.625, 1.2435629519139483e-22, nan 
119.375, 86.625, 1.0842024120224488e-22, nan 
119.625, 86.625, 1.0285496759979472e-22, nan 
119.875, 86.625, 1.0057716269761374e-22, nan 
120.125, 86.625, 1.0481114343288307e-22, nan 
120.375, 86.625, 1.1373785444048065e-22, nan 
120.625, 86.625, 1.2098738372589256e-22, nan 
120.875, 86.625, 1.2826520470789608e-22, nan 
121.125, 86.625, 1.31326232451877e-22, nan 
121.375, 86.625, 1.367602808391827e-22, nan 
121.625, 86.625, 1.3821800181368756e-22, nan 
121.875, 86.625, 1.4587859425850351e-22, nan 
122.125, 86.625, 1.4904413757030656e-22, nan 
122.375, 86.625, 1.4958507923438112e-22, nan 
122.625, 86.625, 1.4829866188068548e-22, nan 
122.875, 86.625, 1.4959547220875985e-22, nan 
123.125, 86.625, 1.3516014868458084e-22, nan 
123.375, 86.625, 1.2927494659131802e-22, nan 
123.625, 86.625, 1.2193810551750358e-22, nan 
123.875, 86.625, 1.1987540990187403e-22, nan 
124.125, 86.625, 1.177337155613225e-22, nan 
124.375, 86.625, 1.193034809136874e-22, nan 
124.625, 86.625, 1.1617156925903377e-22, nan 
124.875, 86.625, 1.2277937133872185e-22, nan 
125.125, 86.625, 1.2371279281410447e-22, nan 
125.375, 86.625, 1.2137738505960423e-22, nan 
125.625, 86.625, 1.1822740559273879e-22, nan 
125.875, 86.625, 1.1744279235914054e-22, nan 
126.125, 86.625, 1.1347215460882914e-22, nan 
126.375, 86.625, 1.1248189489532871e-22, nan 
126.625, 86.625, 1.0580069747887091e-22, nan 
126.875, 86.625, 1.0132621852672377e-22, nan 
127.125, 86.625, 9.548669239442141e-23, nan 
127.375, 86.625, 8.364560119484694e-23, nan 
127.625, 86.625, 7.154536552393532e-23, nan 
127.875, 86.625, 7.179565070069709e-23, nan 
128.125, 86.625, 7.720797420747116e-23, nan 
128.375, 86.625, 8.736077011178576e-23, nan 
128.625, 86.625, 1.0432923807110009e-22, nan 
128.875, 86.625, 1.1898711402412529e-22, nan 
129.125, 86.625, 1.2748324673531844e-22, nan 
129.375, 86.625, 1.3052090053159812e-22, nan 
129.625, 86.625, 1.295722633129596e-22, nan 
129.875, 86.625, 1.3006163219692754e-22, nan 
130.125, 86.625, 1.302194154737329e-22, nan 
130.375, 86.625, 1.3148706467887985e-22, nan 
130.625, 86.625, 1.3536272908632596e-22, nan 
130.875, 86.625, 1.372830036977906e-22, nan 
131.125, 86.625, 1.3923105812764267e-22, nan 
131.375, 86.625, 1.3817000486299614e-22, nan 
131.625, 86.625, 1.385338259369915e-22, nan 
131.875, 86.625, 1.3827794014252829e-22, nan 
132.125, 86.625, 1.405414969032091e-22, nan 
132.375, 86.625, 1.392536288858935e-22, nan 
132.625, 86.625, 1.3842753691145586e-22, nan 
132.875, 86.625, 1.3387888475673609e-22, nan 
133.125, 86.625, 1.3077152577663732e-22, nan 
133.375, 86.625, 1.3413267583895296e-22, nan 
133.625, 86.625, 1.2730718513168736e-22, nan 
133.875, 86.625, 1.282022891028437e-22, nan 
134.125, 86.625, 1.25707772872797e-22, nan 
134.375, 86.625, 1.1922911131709587e-22, nan 
134.625, 86.625, 1.1683651335493e-22, nan 
134.875, 86.625, 1.1677648234496678e-22, nan 
135.125, 86.625, 1.1414230260530163e-22, nan 
135.375, 86.625, 1.1256793993145908e-22, nan 
135.625, 86.625, 1.0728122980914046e-22, nan 
135.875, 86.625, 1.0543700346202443e-22, nan 
136.125, 86.625, 1.0060381993011338e-22, nan 
136.375, 86.625, 9.578842939320579e-23, nan 
136.625, 86.625, 9.269703922340718e-23, nan 
136.875, 86.625, 9.397176721377893e-23, nan 
137.125, 86.625, 9.220661775011056e-23, nan 
137.375, 86.625, 9.035194804579741e-23, nan 
137.625, 86.625, 9.042838379863744e-23, nan 
137.875, 86.625, 8.725179150102486e-23, nan 
138.125, 86.625, 8.454765476101378e-23, nan 
138.375, 86.625, 8.34224279432803e-23, nan 
138.625, 86.625, 8.1417277965393e-23, nan 
138.875, 86.625, 8.002967128241876e-23, nan 
139.125, 86.625, 7.925742903602223e-23, nan 
139.375, 86.625, 7.4329315198924e-23, nan 
139.625, 86.625, 7.237341365476134e-23, nan 
139.875, 86.625, 6.815840762160205e-23, nan 
140.125, 86.625, 6.539015751723719e-23, nan 
140.375, 86.625, 6.385763368623423e-23, nan 
140.625, 86.625, 6.478386304176252e-23, nan 
140.875, 86.625, 6.903073469685429e-23, nan 
141.125, 86.625, 7.551271657798588e-23, nan 
141.375, 86.625, 8.340652878685137e-23, nan 
141.625, 86.625, 8.81003842087375e-23, nan 
141.875, 86.625, 9.452565533154302e-23, nan 
142.125, 86.625, 9.975599647829091e-23, nan 
142.375, 86.625, 1.087240421479191e-22, nan 
142.625, 86.625, 1.217929428829506e-22, nan 
142.875, 86.625, 1.1955325055242823e-22, nan 
143.125, 86.625, 1.1872497465249613e-22, nan 
143.375, 86.625, 1.1534667694159477e-22, nan 
143.625, 86.625, 1.1043748409637951e-22, nan 
143.875, 86.625, 1.0543726533348015e-22, nan 
144.125, 86.625, 1.0016759997726502e-22, nan 
144.375, 86.625, 9.875534457245002e-23, nan 
144.625, 86.625, 9.944434077012173e-23, nan 
144.875, 86.625, 9.819192709260937e-23, nan 
145.125, 86.625, 9.41120193275848e-23, nan 
145.375, 86.625, 9.304572475523008e-23, nan 
145.625, 86.625, 9.410210590142778e-23, nan 
145.875, 86.625, 8.802625985965196e-23, nan 
146.125, 86.625, 8.268609511095924e-23, nan 
146.375, 86.625, 7.005177248768222e-23, nan 
146.625, 86.625, 6.177869010730377e-23, nan 
146.875, 86.625, 5.474296121066493e-23, nan 
147.125, 86.625, 4.875207050222144e-23, nan 
147.375, 86.625, 4.999733691558822e-23, nan 
147.625, 86.625, 6.028085295942372e-23, nan 
147.875, 86.625, 6.224489048036295e-23, nan 
148.125, 86.625, 6.174147245764167e-23, nan 
148.375, 86.625, 6.17101792968888e-23, nan 
148.625, 86.625, 6.2024743105907e-23, nan 
148.875, 86.625, 6.158135353717778e-23, nan 
149.125, 86.625, 6.134253494955556e-23, nan 
149.375, 86.625, 6.110414586724241e-23, nan 
149.625, 86.625, 6.031390096681179e-23, nan 
149.875, 86.625, 5.9615524165188e-23, nan 
150.125, 86.625, 6.064562936737155e-23, nan 
150.375, 86.625, 6.232516241097529e-23, nan 
150.625, 86.625, 6.120810693101907e-23, nan 
150.875, 86.625, 6.119176428468526e-23, nan 
151.125, 86.625, 6.037698064348773e-23, nan 
151.375, 86.625, 5.940059893758893e-23, nan 
151.625, 86.625, 5.869671520690857e-23, nan 
151.875, 86.625, 5.757068175256975e-23, nan 
152.125, 86.625, 5.660467196062509e-23, nan 
152.375, 86.625, 5.479385681927023e-23, nan 
152.625, 86.625, 5.13254139015677e-23, nan 
152.875, 86.625, 4.8163635018257655e-23, nan 
153.125, 86.625, 4.6459496648661243e-23, nan 
153.375, 86.625, 4.542131349897078e-23, nan 
153.625, 86.625, 4.4450348875290893e-23, nan 
153.875, 86.625, 4.3418717326638305e-23, nan 
154.125, 86.625, 4.4001663278729336e-23, nan 
154.375, 86.625, 4.3732169016389534e-23, nan 
154.625, 86.625, 4.365693328409373e-23, nan 
154.875, 86.625, 4.4305248265344043e-23, nan 
155.125, 86.625, 4.5150382345087633e-23, nan 
155.375, 86.625, 4.587952246064401e-23, nan 
155.625, 86.625, 4.590380411033032e-23, nan 
155.875, 86.625, 4.482498507846502e-23, nan 
156.125, 86.625, 4.2718669217561795e-23, nan 
156.375, 86.625, 4.138766134721855e-23, nan 
156.625, 86.625, 3.98728948145525e-23, nan 
156.875, 86.625, 3.849035025801226e-23, nan 
157.125, 86.625, 3.819381272485668e-23, nan 
157.375, 86.625, 3.8367014546415175e-23, nan 
157.625, 86.625, 3.904925591030375e-23, nan 
157.875, 86.625, 3.9819948681517595e-23, nan 
158.125, 86.625, 4.2381546748011037e-23, nan 
158.375, 86.625, 4.497603960585888e-23, nan 
158.625, 86.625, 4.6242668766748e-23, nan 
158.875, 86.625, 4.2367875562478597e-23, nan 
159.125, 86.625, 4.070417164783071e-23, nan 
159.375, 86.625, 4.3849116238630233e-23, nan 
159.625, 86.625, 4.8760243581561244e-23, nan 
159.875, 86.625, 6.112347825797484e-23, nan 
160.125, 86.625, 7.619802496843962e-23, nan 
160.375, 86.625, 8.377216925778891e-23, nan 
160.625, 86.625, 8.880836921781596e-23, nan 
160.875, 86.625, 9.218809429633003e-23, nan 
161.125, 86.625, 9.418127847118696e-23, nan 
161.375, 86.625, 9.710413778658178e-23, nan 
161.625, 86.625, 1.0013471825490525e-22, nan 
161.875, 86.625, 1.0357508615388593e-22, nan 
162.125, 86.625, 1.0623433231126387e-22, nan 
162.375, 86.625, 1.1149973271527324e-22, nan 
162.625, 86.625, 1.1671472906153659e-22, nan 
162.875, 86.625, 1.1977226408953763e-22, nan 
163.125, 86.625, 1.1284931840978965e-22, nan 
163.375, 86.625, 1.0546492237589798e-22, nan 
163.625, 86.625, 1.0296791025205684e-22, nan 
163.875, 86.625, 8.850296211773643e-23, nan 
164.125, 86.625, 7.146351545076954e-23, nan 
164.375, 86.625, 5.622711739740884e-23, nan 
164.625, 86.625, 4.9743578125861143e-23, nan 
164.875, 86.625, 4.5446374881576183e-23, nan 
165.125, 86.625, 4.4024308045826546e-23, nan 
165.375, 86.625, 4.454265165201159e-23, nan 
165.625, 86.625, 4.4512749595033734e-23, nan 
165.875, 86.625, 4.566321281118272e-23, nan 
166.125, 86.625, 4.659141100338255e-23, nan 
166.375, 86.625, 4.812354073973059e-23, nan 
166.625, 86.625, 5.153825459599214e-23, nan 
166.875, 86.625, 5.66623112243941e-23, nan 
167.125, 86.625, 6.026973097672744e-23, nan 
167.375, 86.625, 6.01210458827865e-23, nan 
167.625, 86.625, 6.016657443310157e-23, nan 
167.875, 86.625, 6.132858490636051e-23, nan 
168.125, 86.625, 6.077481296749743e-23, nan 
168.375, 86.625, 5.972036583002982e-23, nan 
168.625, 86.625, 6.026157095581507e-23, nan 
168.875, 86.625, 6.394167140295996e-23, nan 
169.125, 86.625, 6.764019135234665e-23, nan 
169.375, 86.625, 6.944618688365403e-23, nan 
169.625, 86.625, 7.294192004977229e-23, nan 
169.875, 86.625, 7.242283377735745e-23, nan 
170.125, 86.625, 7.567077266715718e-23, nan 
170.375, 86.625, 7.603336893425077e-23, nan 
170.625, 86.625, 7.820273472422594e-23, nan 
170.875, 86.625, 8.287142054339813e-23, nan 
171.125, 86.625, 8.290244877297277e-23, nan 
171.375, 86.625, 8.245453567974877e-23, nan 
171.625, 86.625, 8.640008178232551e-23, nan 
171.875, 86.625, 8.208138000623179e-23, nan 
172.125, 86.625, 7.194285021718514e-23, nan 
172.375, 86.625, 6.875006282982775e-23, nan 
172.625, 86.625, 5.803891019341994e-23, nan 
172.875, 86.625, 4.691229854518131e-23, nan 
173.125, 86.625, 4.587571208071334e-23, nan 
173.375, 86.625, 4.450853725729839e-23, nan 
173.625, 86.625, 4.351390595779847e-23, nan 
173.875, 86.625, 4.08981793825956e-23, nan 
174.125, 86.625, 3.950218008090649e-23, nan 
174.375, 86.625, 3.7888666572153473e-23, nan 
174.625, 86.625, 3.708330344024955e-23, nan 
174.875, 86.625, 3.69718556879525e-23, nan 
175.125, 86.625, 3.621066785546264e-23, nan 
175.375, 86.625, 3.488268767524969e-23, nan 
175.625, 86.625, 3.246519700287775e-23, nan 
175.875, 86.625, 3.9947400386238123e-23, nan 
176.125, 86.625, 4.477225804489133e-23, nan 
176.375, 86.625, 5.032600018633918e-23, nan 
176.625, 86.625, 5.912056688089683e-23, nan 
176.875, 86.625, 6.710947029477386e-23, nan 
177.125, 86.625, 7.731809435401211e-23, nan 
177.375, 86.625, 8.794897019008426e-23, nan 
177.625, 86.625, 9.125466332344622e-23, nan 
177.875, 86.625, 9.412202009321046e-23, nan 
178.125, 86.625, 9.213676920566119e-23, nan 
178.375, 86.625, 9.215263083778197e-23, nan 
178.625, 86.625, 9.146115573479271e-23, nan 
178.875, 86.625, 9.056065501023998e-23, nan 
179.125, 86.625, 9.02066475901927e-23, nan 
179.375, 86.625, 8.815316757088865e-23, nan 
179.625, 86.625, 8.713897791184146e-23, nan 
179.875, 86.625, 8.605577983244688e-23, nan 
-179.875, 86.875, 7.208042394431695e-23, nan 
-179.625, 86.875, 6.8841900660687e-23, nan 
-179.375, 86.875, 6.781332805335249e-23, nan 
-179.125, 86.875, 6.443309500253005e-23, nan 
-178.875, 86.875, 5.77903869570788e-23, nan 
-178.625, 86.875, 4.9791062284852e-23, nan 
-178.375, 86.875, 4.040498467433443e-23, nan 
-178.125, 86.875, 3.1978007310270057e-23, nan 
-177.875, 86.875, 2.6862617213782146e-23, nan 
-177.625, 86.875, 2.2389188421294706e-23, nan 
-177.375, 86.875, 1.716104144299209e-23, nan 
-177.125, 86.875, 1.7043030949144436e-23, nan 
-176.875, 86.875, 1.4943780933414582e-23, nan 
-176.625, 86.875, 1.447131128048684e-23, nan 
-176.375, 86.875, 1.3474473912199164e-23, nan 
-176.125, 86.875, 1.2803306648143295e-23, nan 
-175.875, 86.875, 1.248755000845982e-23, nan 
-175.625, 86.875, 1.2122215157460987e-23, nan 
-175.375, 86.875, 1.133242265921252e-23, nan 
-175.125, 86.875, 1.0861058183770745e-23, nan 
-174.875, 86.875, 1.0402832357468033e-23, nan 
-174.625, 86.875, 1.0256791833632829e-23, nan 
-174.375, 86.875, 1.0190989702822298e-23, nan 
-174.125, 86.875, 1.0208848544941145e-23, nan 
-173.875, 86.875, 1.0102338397680187e-23, nan 
-173.625, 86.875, 9.833356399406609e-24, nan 
-173.375, 86.875, 9.748434375710848e-24, nan 
-173.125, 86.875, 9.758383133384945e-24, nan 
-172.875, 86.875, 9.75414874609742e-24, nan 
-172.625, 86.875, 1.0045926873078942e-23, nan 
-172.375, 86.875, 1.0277149727163764e-23, nan 
-172.125, 86.875, 1.0583139886370835e-23, nan 
-171.875, 86.875, 1.0918861850215681e-23, nan 
-171.625, 86.875, 1.1166117447147211e-23, nan 
-171.375, 86.875, 1.1715234915996411e-23, nan 
-171.125, 86.875, 1.2513265024021912e-23, nan 
-170.875, 86.875, 1.40817669995336e-23, nan 
-170.625, 86.875, 1.5539690633703823e-23, nan 
-170.375, 86.875, 1.6865669685571735e-23, nan 
-170.125, 86.875, 1.8413971741967505e-23, nan 
-169.875, 86.875, 1.9967072285032043e-23, nan 
-169.625, 86.875, 2.0432466557755666e-23, nan 
-169.375, 86.875, 2.0478115651299978e-23, nan 
-169.125, 86.875, 2.0503636706542264e-23, nan 
-168.875, 86.875, 2.087523615268099e-23, nan 
-168.625, 86.875, 2.0901517444000224e-23, nan 
-168.375, 86.875, 2.1379513745114525e-23, nan 
-168.125, 86.875, 2.4097700755605565e-23, nan 
-167.875, 86.875, 2.563829480003338e-23, nan 
-167.625, 86.875, 2.5507316729531053e-23, nan 
-167.375, 86.875, 2.5370201746727802e-23, nan 
-167.125, 86.875, 2.5705215448120345e-23, nan 
-166.875, 86.875, 2.6277819231419842e-23, nan 
-166.625, 86.875, 2.69894651624514e-23, nan 
-166.375, 86.875, 2.791790553328431e-23, nan 
-166.125, 86.875, 2.966626417105607e-23, nan 
-165.875, 86.875, 3.0952224483572504e-23, nan 
-165.625, 86.875, 3.163908653918327e-23, nan 
-165.375, 86.875, 3.2250480439560415e-23, nan 
-165.125, 86.875, 3.198006216159946e-23, nan 
-164.875, 86.875, 3.1689209456513266e-23, nan 
-164.625, 86.875, 3.1451623645787734e-23, nan 
-164.375, 86.875, 3.120815065308614e-23, nan 
-164.125, 86.875, 3.08364482361464e-23, nan 
-163.875, 86.875, 3.090842150579161e-23, nan 
-163.625, 86.875, 3.159532560981643e-23, nan 
-163.375, 86.875, 3.572642835108588e-23, nan 
-163.125, 86.875, 3.920044174062264e-23, nan 
-162.875, 86.875, 4.157496539878213e-23, nan 
-162.625, 86.875, 4.3034473818026973e-23, nan 
-162.375, 86.875, 4.427830248791976e-23, nan 
-162.125, 86.875, 4.5104216197225143e-23, nan 
-161.875, 86.875, 4.573296043103472e-23, nan 
-161.625, 86.875, 4.6414864809172144e-23, nan 
-161.375, 86.875, 4.70664399897563e-23, nan 
-161.125, 86.875, 4.745296229589108e-23, nan 
-160.875, 86.875, 4.7753588419637524e-23, nan 
-160.625, 86.875, 4.773822901287187e-23, nan 
-160.375, 86.875, 4.7141661875495024e-23, nan 
-160.125, 86.875, 4.60603075146519e-23, nan 
-159.875, 86.875, 4.4583754887231133e-23, nan 
-159.625, 86.875, 4.113962127940556e-23, nan 
-159.375, 86.875, 3.8310214535804444e-23, nan 
-159.125, 86.875, 3.536226579241001e-23, nan 
-158.875, 86.875, 3.3787623333901664e-23, nan 
-158.625, 86.875, 2.9298472132928563e-23, nan 
-158.375, 86.875, 2.945622391944216e-23, nan 
-158.125, 86.875, 2.882197750475431e-23, nan 
-157.875, 86.875, 2.766934956255103e-23, nan 
-157.625, 86.875, 2.6158729466232287e-23, nan 
-157.375, 86.875, 2.5799035011076596e-23, nan 
-157.125, 86.875, 2.575267301196611e-23, nan 
-156.875, 86.875, 2.728625326069734e-23, nan 
-156.625, 86.875, 2.4778145368795607e-23, nan 
-156.375, 86.875, 2.304413870441918e-23, nan 
-156.125, 86.875, 2.189213506286166e-23, nan 
-155.875, 86.875, 1.8888693926197722e-23, nan 
-155.625, 86.875, 1.7525290957924618e-23, nan 
-155.375, 86.875, 1.419921356498257e-23, nan 
-155.125, 86.875, 1.1940776142462507e-23, nan 
-154.875, 86.875, 1.2492954421182017e-23, nan 
-154.625, 86.875, 1.2548794516053662e-23, nan 
-154.375, 86.875, 1.1169191725194648e-23, nan 
-154.125, 86.875, 1.2767319024557298e-23, nan 
-153.875, 86.875, 1.1052687813424426e-23, nan 
-153.625, 86.875, 1.060379449261752e-23, nan 
-153.375, 86.875, 1.0059917090832082e-23, nan 
-153.125, 86.875, 1.0019910576528977e-23, nan 
-152.875, 86.875, 9.906815170615717e-24, nan 
-152.625, 86.875, 9.312773678157513e-24, nan 
-152.375, 86.875, 9.360895023727134e-24, nan 
-152.125, 86.875, 9.694814204964186e-24, nan 
-151.875, 86.875, 1.0054949397095815e-23, nan 
-151.625, 86.875, 1.021977722173737e-23, nan 
-151.375, 86.875, 1.0758218936768862e-23, nan 
-151.125, 86.875, 1.1092206356539363e-23, nan 
-150.875, 86.875, 9.721361104655853e-24, nan 
-150.625, 86.875, 7.738329534776053e-24, nan 
-150.375, 86.875, 8.062871283272495e-24, nan 
-150.125, 86.875, 8.989079795527424e-24, nan 
-149.875, 86.875, 1.0910288463710655e-23, nan 
-149.625, 86.875, 1.2566102434529882e-23, nan 
-149.375, 86.875, 1.1839337643421988e-23, nan 
-149.125, 86.875, 1.0374165885340312e-23, nan 
-148.875, 86.875, 8.718404302362981e-24, nan 
-148.625, 86.875, 7.873642312750182e-24, nan 
-148.375, 86.875, 7.625731015429389e-24, nan 
-148.125, 86.875, 7.460622912346355e-24, nan 
-147.875, 86.875, 7.397517473859483e-24, nan 
-147.625, 86.875, 7.435017094360656e-24, nan 
-147.375, 86.875, 7.354330960122758e-24, nan 
-147.125, 86.875, 7.25891498888682e-24, nan 
-146.875, 86.875, 7.148979948331773e-24, nan 
-146.625, 86.875, 7.253088344174477e-24, nan 
-146.375, 86.875, 7.285355281453902e-24, nan 
-146.125, 86.875, 6.526826557746985e-24, nan 
-145.875, 86.875, 4.9716112606215274e-24, nan 
-145.625, 86.875, 3.91194052589861e-24, nan 
-145.375, 86.875, 3.592398285956809e-24, nan 
-145.125, 86.875, 3.54122556730336e-24, nan 
-144.875, 86.875, 3.760717661303328e-24, nan 
-144.625, 86.875, 4.089965710542549e-24, nan 
-144.375, 86.875, 4.528964058574069e-24, nan 
-144.125, 86.875, 4.9408511063728496e-24, nan 
-143.875, 86.875, 5.377007148971597e-24, nan 
-143.625, 86.875, 5.771511953485707e-24, nan 
-143.375, 86.875, 6.332218017990331e-24, nan 
-143.125, 86.875, 7.011887504207897e-24, nan 
-142.875, 86.875, 8.185778426643052e-24, nan 
-142.625, 86.875, 9.319640888717943e-24, nan 
-142.375, 86.875, 1.082916666670661e-23, nan 
-142.125, 86.875, 1.2117533281015298e-23, nan 
-141.875, 86.875, 1.3303659377922946e-23, nan 
-141.625, 86.875, 1.421759673897546e-23, nan 
-141.375, 86.875, 1.4590391218643756e-23, nan 
-141.125, 86.875, 1.498362558961745e-23, nan 
-140.875, 86.875, 1.4016754537697694e-23, nan 
-140.625, 86.875, 9.786203853232919e-24, nan 
-140.375, 86.875, 4.50610151489596e-24, nan 
-140.125, 86.875, 4.7919012392726886e-24, nan 
-139.875, 86.875, 7.680856667389935e-24, nan 
-139.625, 86.875, 9.732172745324667e-24, nan 
-139.375, 86.875, 1.1115965816597333e-23, nan 
-139.125, 86.875, 1.2255488786023067e-23, nan 
-138.875, 86.875, 1.3474397035581037e-23, nan 
-138.625, 86.875, 1.469993163743301e-23, nan 
-138.375, 86.875, 1.6130579412670602e-23, nan 
-138.125, 86.875, 1.8179432737480367e-23, nan 
-137.875, 86.875, 2.022924495445768e-23, nan 
-137.625, 86.875, 2.2760926473775245e-23, nan 
-137.375, 86.875, 2.4921345453552073e-23, nan 
-137.125, 86.875, 2.724354312391183e-23, nan 
-136.875, 86.875, 2.918554201357796e-23, nan 
-136.625, 86.875, 3.0094285758075905e-23, nan 
-136.375, 86.875, 3.107715225330044e-23, nan 
-136.125, 86.875, 2.9832262146330875e-23, nan 
-135.875, 86.875, 2.3487065423899395e-23, nan 
-135.625, 86.875, 1.730670833865226e-23, nan 
-135.375, 86.875, 1.854845029133202e-23, nan 
-135.125, 86.875, 2.2022483412658177e-23, nan 
-134.875, 86.875, 2.3778703367543708e-23, nan 
-134.625, 86.875, 2.4804194377194457e-23, nan 
-134.375, 86.875, 2.5334163123957865e-23, nan 
-134.125, 86.875, 2.614940407901377e-23, nan 
-133.875, 86.875, 2.6770902467007515e-23, nan 
-133.625, 86.875, 2.7183795417324515e-23, nan 
-133.375, 86.875, 2.702282190328481e-23, nan 
-133.125, 86.875, 2.549127196701927e-23, nan 
-132.875, 86.875, 2.2310107860218788e-23, nan 
-132.625, 86.875, 1.9835648870833795e-23, nan 
-132.375, 86.875, 1.884775373777505e-23, nan 
-132.125, 86.875, 1.91651751468969e-23, nan 
-131.875, 86.875, 1.942470311714896e-23, nan 
-131.625, 86.875, 1.9702178743120876e-23, nan 
-131.375, 86.875, 1.900671946201016e-23, nan 
-131.125, 86.875, 1.5385334347590127e-23, nan 
-130.875, 86.875, 1.0181668451614867e-23, nan 
-130.625, 86.875, 6.2487845065604516e-24, nan 
-130.375, 86.875, 4.0008197981342175e-24, nan 
-130.125, 86.875, 3.005442897500248e-24, nan 
-129.875, 86.875, 2.57456320641688e-24, nan 
-129.625, 86.875, 2.305704628945909e-24, nan 
-129.375, 86.875, 2.1442584822689835e-24, nan 
-129.125, 86.875, 2.0056002929162502e-24, nan 
-128.875, 86.875, 1.879833511323335e-24, nan 
-128.625, 86.875, 1.8572704809068825e-24, nan 
-128.375, 86.875, 1.808645382187464e-24, nan 
-128.125, 86.875, 1.930061352082565e-24, nan 
-127.875, 86.875, 2.06663683608005e-24, nan 
-127.625, 86.875, 2.1794299878551827e-24, nan 
-127.375, 86.875, 2.4195105428875994e-24, nan 
-127.125, 86.875, 2.4975802114018437e-24, nan 
-126.875, 86.875, 2.60770810029735e-24, nan 
-126.625, 86.875, 2.667603264604582e-24, nan 
-126.375, 86.875, 2.703973742321182e-24, nan 
-126.125, 86.875, 2.7719649829833765e-24, nan 
-125.875, 86.875, 2.8228368968548477e-24, nan 
-125.625, 86.875, 2.8993184763386166e-24, nan 
-125.375, 86.875, 2.8980806232497623e-24, nan 
-125.125, 86.875, 2.7902897631804415e-24, nan 
-124.875, 86.875, 2.6875365846023015e-24, nan 
-124.625, 86.875, 2.5748645635867058e-24, nan 
-124.375, 86.875, 2.3432575464607832e-24, nan 
-124.125, 86.875, 2.2821861071605806e-24, nan 
-123.875, 86.875, 2.2691089426672555e-24, nan 
-123.625, 86.875, 2.3354685723804427e-24, nan 
-123.375, 86.875, 2.5555218704540764e-24, nan 
-123.125, 86.875, 2.8758209319925563e-24, nan 
-122.875, 86.875, 3.088903592802681e-24, nan 
-122.625, 86.875, 3.4153588063491974e-24, nan 
-122.375, 86.875, 3.5856525879852884e-24, nan 
-122.125, 86.875, 3.787814166888443e-24, nan 
-121.875, 86.875, 3.950408526043946e-24, nan 
-121.625, 86.875, 4.235713918840688e-24, nan 
-121.375, 86.875, 4.2815096556856904e-24, nan 
-121.125, 86.875, 4.417148120324226e-24, nan 
-120.875, 86.875, 4.450387410434745e-24, nan 
-120.625, 86.875, 4.452639234224559e-24, nan 
-120.375, 86.875, 4.539878464387727e-24, nan 
-120.125, 86.875, 4.64868966796505e-24, nan 
-119.875, 86.875, 4.880141265405292e-24, nan 
-119.625, 86.875, 5.099115062304593e-24, nan 
-119.375, 86.875, 5.506395060833254e-24, nan 
-119.125, 86.875, 6.035269848412888e-24, nan 
-118.875, 86.875, 6.299036394678862e-24, nan 
-118.625, 86.875, 6.683261398417215e-24, nan 
-118.375, 86.875, 6.807137242398112e-24, nan 
-118.125, 86.875, 6.770521825167222e-24, nan 
-117.875, 86.875, 6.396216598457021e-24, nan 
-117.625, 86.875, 5.8147870265961775e-24, nan 
-117.375, 86.875, 4.535070505199898e-24, nan 
-117.125, 86.875, 3.2297679676827235e-24, nan 
-116.875, 86.875, 2.6064816335238315e-24, nan 
-116.625, 86.875, 2.167350489770031e-24, nan 
-116.375, 86.875, 2.2754446975096377e-24, nan 
-116.125, 86.875, 2.4146650215644406e-24, nan 
-115.875, 86.875, 2.65247296224769e-24, nan 
-115.625, 86.875, 3.0067891752608584e-24, nan 
-115.375, 86.875, 3.380414757385196e-24, nan 
-115.125, 86.875, 4.076662052515908e-24, nan 
-114.875, 86.875, 5.598831842229867e-24, nan 
-114.625, 86.875, 7.059912439494012e-24, nan 
-114.375, 86.875, 8.960046642341328e-24, nan 
-114.125, 86.875, 1.031266071777294e-23, nan 
-113.875, 86.875, 1.2127271942850717e-23, nan 
-113.625, 86.875, 1.361911072682955e-23, nan 
-113.375, 86.875, 1.4789959890318096e-23, nan 
-113.125, 86.875, 1.525288936490319e-23, nan 
-112.875, 86.875, 1.5244054103584922e-23, nan 
-112.625, 86.875, 1.466362805975107e-23, nan 
-112.375, 86.875, 1.3774293894029974e-23, nan 
-112.125, 86.875, 1.3281557407422766e-23, nan 
-111.875, 86.875, 1.2779311596708864e-23, nan 
-111.625, 86.875, 1.260549272512515e-23, nan 
-111.375, 86.875, 1.2876997214064495e-23, nan 
-111.125, 86.875, 1.2921363398064037e-23, nan 
-110.875, 86.875, 1.277655117405753e-23, nan 
-110.625, 86.875, 1.2513461568104715e-23, nan 
-110.375, 86.875, 1.2054827916514235e-23, nan 
-110.125, 86.875, 1.183277180624124e-23, nan 
-109.875, 86.875, 1.2039094623906188e-23, nan 
-109.625, 86.875, 1.2403107072782865e-23, nan 
-109.375, 86.875, 1.2756021145917937e-23, nan 
-109.125, 86.875, 1.3411622311694292e-23, nan 
-108.875, 86.875, 1.3721170507917352e-23, nan 
-108.625, 86.875, 1.2543377061977346e-23, nan 
-108.375, 86.875, 1.159527988573116e-23, nan 
-108.125, 86.875, 1.1284958371870781e-23, nan 
-107.875, 86.875, 1.085673820998213e-23, nan 
-107.625, 86.875, 1.0271196449550987e-23, nan 
-107.375, 86.875, 9.838433696961518e-24, nan 
-107.125, 86.875, 9.233767146108223e-24, nan 
-106.875, 86.875, 8.612739016307434e-24, nan 
-106.625, 86.875, 8.318552796320478e-24, nan 
-106.375, 86.875, 7.882424866521681e-24, nan 
-106.125, 86.875, 7.517024805715042e-24, nan 
-105.875, 86.875, 7.120475073302553e-24, nan 
-105.625, 86.875, 6.628789004382332e-24, nan 
-105.375, 86.875, 5.46421923545487e-24, nan 
-105.125, 86.875, 4.893953197995884e-24, nan 
-104.875, 86.875, 4.3937692498931546e-24, nan 
-104.625, 86.875, 4.1215566554281524e-24, nan 
-104.375, 86.875, 3.80747306422093e-24, nan 
-104.125, 86.875, 3.664667940070634e-24, nan 
-103.875, 86.875, 3.5807004342300146e-24, nan 
-103.625, 86.875, 3.5094911160613724e-24, nan 
-103.375, 86.875, 3.4741913513465455e-24, nan 
-103.125, 86.875, 3.5765535636618076e-24, nan 
-102.875, 86.875, 3.485987089215642e-24, nan 
-102.625, 86.875, 3.40156889495276e-24, nan 
-102.375, 86.875, 3.301388630730021e-24, nan 
-102.125, 86.875, 3.2511076511998914e-24, nan 
-101.875, 86.875, 3.2043992171653247e-24, nan 
-101.625, 86.875, 3.0983280040249138e-24, nan 
-101.375, 86.875, 3.058598890203728e-24, nan 
-101.125, 86.875, 2.808428893814739e-24, nan 
-100.875, 86.875, 2.7459331530930398e-24, nan 
-100.625, 86.875, 2.6094986711780208e-24, nan 
-100.375, 86.875, 2.4166113984227914e-24, nan 
-100.125, 86.875, 2.286485381772008e-24, nan 
-99.875, 86.875, 2.0432666717106647e-24, nan 
-99.625, 86.875, 1.87018269349884e-24, nan 
-99.375, 86.875, 1.6909391087021018e-24, nan 
-99.125, 86.875, 1.6749735470337447e-24, nan 
-98.875, 86.875, 1.8306203924254523e-24, nan 
-98.625, 86.875, 2.6967081301470288e-24, nan 
-98.375, 86.875, 3.369475730705662e-24, nan 
-98.125, 86.875, 3.8110143523809335e-24, nan 
-97.875, 86.875, 4.345804355342031e-24, nan 
-97.625, 86.875, 4.738174080950257e-24, nan 
-97.375, 86.875, 4.836237437457672e-24, nan 
-97.125, 86.875, 4.7402120576686014e-24, nan 
-96.875, 86.875, 4.5548472723870915e-24, nan 
-96.625, 86.875, 4.264957700897699e-24, nan 
-96.375, 86.875, 4.1078543814039725e-24, nan 
-96.125, 86.875, 3.813012436026949e-24, nan 
-95.875, 86.875, 3.605786423550462e-24, nan 
-95.625, 86.875, 3.420058915283499e-24, nan 
-95.375, 86.875, 3.203900127962978e-24, nan 
-95.125, 86.875, 3.112435751843958e-24, nan 
-94.875, 86.875, 2.9897700546447653e-24, nan 
-94.625, 86.875, 2.6809854802685437e-24, nan 
-94.375, 86.875, 2.527768394554398e-24, nan 
-94.125, 86.875, 2.424430481058531e-24, nan 
-93.875, 86.875, 3.2547876610345983e-24, nan 
-93.625, 86.875, 4.079886998507032e-24, nan 
-93.375, 86.875, 4.276899238977058e-24, nan 
-93.125, 86.875, 4.632807452584659e-24, nan 
-92.875, 86.875, 5.077716326541513e-24, nan 
-92.625, 86.875, 5.312835184778998e-24, nan 
-92.375, 86.875, 5.254907586341139e-24, nan 
-92.125, 86.875, 4.909888282204916e-24, nan 
-91.875, 86.875, 4.594779711502945e-24, nan 
-91.625, 86.875, 4.5765838627279356e-24, nan 
-91.375, 86.875, 4.288218587958368e-24, nan 
-91.125, 86.875, 4.123027961362886e-24, nan 
-90.875, 86.875, 3.887176433309469e-24, nan 
-90.625, 86.875, 3.4332314984140834e-24, nan 
-90.375, 86.875, 2.8962093776759303e-24, nan 
-90.125, 86.875, 2.353473123719062e-24, nan 
-89.875, 86.875, 1.7087478145344065e-24, nan 
-89.625, 86.875, 1.4477510148933207e-24, nan 
-89.375, 86.875, 1.8601375791771385e-24, nan 
-89.125, 86.875, 2.6289080700094758e-24, nan 
-88.875, 86.875, 3.415381410629144e-24, nan 
-88.625, 86.875, 3.846601287268992e-24, nan 
-88.375, 86.875, 4.138166128646288e-24, nan 
-88.125, 86.875, 4.501494268163216e-24, nan 
-87.875, 86.875, 4.7160284896649955e-24, nan 
-87.625, 86.875, 4.891304350292513e-24, nan 
-87.375, 86.875, 4.7535866179958984e-24, nan 
-87.125, 86.875, 4.792958129875942e-24, nan 
-86.875, 86.875, 5.001218640325117e-24, nan 
-86.625, 86.875, 5.130163158335067e-24, nan 
-86.375, 86.875, 5.29636789258124e-24, nan 
-86.125, 86.875, 5.4587979195954604e-24, nan 
-85.875, 86.875, 5.452551433089678e-24, nan 
-85.625, 86.875, 5.51386785208603e-24, nan 
-85.375, 86.875, 5.6056140869970415e-24, nan 
-85.125, 86.875, 5.498892679465986e-24, nan 
-84.875, 86.875, 5.503643902426889e-24, nan 
-84.625, 86.875, 5.653422827929381e-24, nan 
-84.375, 86.875, 5.793702851951872e-24, nan 
-84.125, 86.875, 5.888112714579526e-24, nan 
-83.875, 86.875, 6.020182535209454e-24, nan 
-83.625, 86.875, 6.075682365584792e-24, nan 
-83.375, 86.875, 6.2179662020860655e-24, nan 
-83.125, 86.875, 6.348287476694783e-24, nan 
-82.875, 86.875, 6.5629794072589706e-24, nan 
-82.625, 86.875, 6.6153196131005536e-24, nan 
-82.375, 86.875, 6.850226865025768e-24, nan 
-82.125, 86.875, 6.974937055209935e-24, nan 
-81.875, 86.875, 7.156329530115501e-24, nan 
-81.625, 86.875, 7.296804190836212e-24, nan 
-81.375, 86.875, 7.5275616901297e-24, nan 
-81.125, 86.875, 7.733214515319922e-24, nan 
-80.875, 86.875, 7.992966572335787e-24, nan 
-80.625, 86.875, 8.076262304776794e-24, nan 
-80.375, 86.875, 7.917858214651887e-24, nan 
-80.125, 86.875, 7.844505059809413e-24, nan 
-79.875, 86.875, 7.741861445897824e-24, nan 
-79.625, 86.875, 7.50891884204794e-24, nan 
-79.375, 86.875, 7.352528024181124e-24, nan 
-79.125, 86.875, 7.018764610391943e-24, nan 
-78.875, 86.875, 6.81934625813088e-24, nan 
-78.625, 86.875, 6.585490678513361e-24, nan 
-78.375, 86.875, 6.700816199216264e-24, nan 
-78.125, 86.875, 6.756768301540545e-24, nan 
-77.875, 86.875, 6.996023102289008e-24, nan 
-77.625, 86.875, 7.195962026067662e-24, nan 
-77.375, 86.875, 7.420306947638986e-24, nan 
-77.125, 86.875, 7.468169493210084e-24, nan 
-76.875, 86.875, 7.604544014497598e-24, nan 
-76.625, 86.875, 7.877743554934031e-24, nan 
-76.375, 86.875, 8.317301018892712e-24, nan 
-76.125, 86.875, 8.49962382101132e-24, nan 
-75.875, 86.875, 8.594866193437994e-24, nan 
-75.625, 86.875, 8.556701268357705e-24, nan 
-75.375, 86.875, 8.533886447291166e-24, nan 
-75.125, 86.875, 8.108911907141493e-24, nan 
-74.875, 86.875, 7.295671495035129e-24, nan 
-74.625, 86.875, 7.049572761813747e-24, nan 
-74.375, 86.875, 6.206277273694264e-24, nan 
-74.125, 86.875, 5.385772375425974e-24, nan 
-73.875, 86.875, 4.159818227956537e-24, nan 
-73.625, 86.875, 3.749287364908668e-24, nan 
-73.375, 86.875, 3.536118209845907e-24, nan 
-73.125, 86.875, 4.481011691773938e-24, nan 
-72.875, 86.875, 5.591417953518381e-24, nan 
-72.625, 86.875, 6.725812895356444e-24, nan 
-72.375, 86.875, 6.694204966973927e-24, nan 
-72.125, 86.875, 6.528554881435299e-24, nan 
-71.875, 86.875, 6.471934413430355e-24, nan 
-71.625, 86.875, 7.164105053355752e-24, nan 
-71.375, 86.875, 7.735850052300612e-24, nan 
-71.125, 86.875, 8.531912598784846e-24, nan 
-70.875, 86.875, 8.390344147209287e-24, nan 
-70.625, 86.875, 8.603106302461196e-24, nan 
-70.375, 86.875, 8.780301478345724e-24, nan 
-70.125, 86.875, 9.000829713463488e-24, nan 
-69.875, 86.875, 9.876648180367521e-24, nan 
-69.625, 86.875, 1.0321669571933879e-23, nan 
-69.375, 86.875, 9.896945927759638e-24, nan 
-69.125, 86.875, 8.834558602517346e-24, nan 
-68.875, 86.875, 8.088376441114251e-24, nan 
-68.625, 86.875, 7.421165022116637e-24, nan 
-68.375, 86.875, 6.879339754523843e-24, nan 
-68.125, 86.875, 7.135025465768955e-24, nan 
-67.875, 86.875, 8.38395498043645e-24, nan 
-67.625, 86.875, 9.032011213449317e-24, nan 
-67.375, 86.875, 1.0033262818165197e-23, nan 
-67.125, 86.875, 1.052596504433404e-23, nan 
-66.875, 86.875, 1.155210253195392e-23, nan 
-66.625, 86.875, 1.2593341245997745e-23, nan 
-66.375, 86.875, 1.330538339492275e-23, nan 
-66.125, 86.875, 1.3643520029980127e-23, nan 
-65.875, 86.875, 1.445928234067829e-23, nan 
-65.625, 86.875, 1.5460620419779167e-23, nan 
-65.375, 86.875, 1.604676728450845e-23, nan 
-65.125, 86.875, 1.659596610652519e-23, nan 
-64.875, 86.875, 1.6534877749165313e-23, nan 
-64.625, 86.875, 1.6558622919125152e-23, nan 
-64.375, 86.875, 1.6174918526808493e-23, nan 
-64.125, 86.875, 1.5658983023665373e-23, nan 
-63.875, 86.875, 1.503124065284065e-23, nan 
-63.625, 86.875, 1.433351601732284e-23, nan 
-63.375, 86.875, 1.4028917018406378e-23, nan 
-63.125, 86.875, 1.3539459469795232e-23, nan 
-62.875, 86.875, 1.2819167091300975e-23, nan 
-62.625, 86.875, 1.2342669189103748e-23, nan 
-62.375, 86.875, 1.1798782646897037e-23, nan 
-62.125, 86.875, 1.119522300647657e-23, nan 
-61.875, 86.875, 1.0378109293040489e-23, nan 
-61.625, 86.875, 1.0198329222978638e-23, nan 
-61.375, 86.875, 1.0313037784719293e-23, nan 
-61.125, 86.875, 1.1709981329032715e-23, nan 
-60.875, 86.875, 1.367546568145587e-23, nan 
-60.625, 86.875, 1.5102839880415105e-23, nan 
-60.375, 86.875, 1.6352345348140536e-23, nan 
-60.125, 86.875, 1.629016059111611e-23, nan 
-59.875, 86.875, 1.6466316630447417e-23, nan 
-59.625, 86.875, 1.639079996217099e-23, nan 
-59.375, 86.875, 1.626337911293255e-23, nan 
-59.125, 86.875, 1.6338790381711568e-23, nan 
-58.875, 86.875, 1.6097018755228287e-23, nan 
-58.625, 86.875, 1.649367327502581e-23, nan 
-58.375, 86.875, 1.6147458240725482e-23, nan 
-58.125, 86.875, 1.603901530411085e-23, nan 
-57.875, 86.875, 1.5712942687105346e-23, nan 
-57.625, 86.875, 1.5089121904959122e-23, nan 
-57.375, 86.875, 1.4384850465251814e-23, nan 
-57.125, 86.875, 1.2124175160309483e-23, nan 
-56.875, 86.875, 9.88137400242517e-24, nan 
-56.625, 86.875, 8.543577941880103e-24, nan 
-56.375, 86.875, 6.3030399979120055e-24, nan 
-56.125, 86.875, 5.105926072356887e-24, nan 
-55.875, 86.875, 4.467179610897634e-24, nan 
-55.625, 86.875, 4.464510749078815e-24, nan 
-55.375, 86.875, 4.391060375050977e-24, nan 
-55.125, 86.875, 4.6240009953660525e-24, nan 
-54.875, 86.875, 5.0596830903999716e-24, nan 
-54.625, 86.875, 5.407389099025549e-24, nan 
-54.375, 86.875, 5.870881661424353e-24, nan 
-54.125, 86.875, 6.034504347139807e-24, nan 
-53.875, 86.875, 6.494299136711415e-24, nan 
-53.625, 86.875, 6.592193178246487e-24, nan 
-53.375, 86.875, 6.81327594281572e-24, nan 
-53.125, 86.875, 6.829171011755414e-24, nan 
-52.875, 86.875, 6.638123167858084e-24, nan 
-52.625, 86.875, 6.773484349527416e-24, nan 
-52.375, 86.875, 6.226724258295067e-24, nan 
-52.125, 86.875, 5.5900699220263286e-24, nan 
-51.875, 86.875, 5.211295482485434e-24, nan 
-51.625, 86.875, 4.831112419478296e-24, nan 
-51.375, 86.875, 4.593001718253787e-24, nan 
-51.125, 86.875, 4.348885854250212e-24, nan 
-50.875, 86.875, 4.1111276305056576e-24, nan 
-50.625, 86.875, 4.020793191999545e-24, nan 
-50.375, 86.875, 3.853109529758614e-24, nan 
-50.125, 86.875, 3.7522260392115675e-24, nan 
-49.875, 86.875, 3.636678848926451e-24, nan 
-49.625, 86.875, 3.573230205812797e-24, nan 
-49.375, 86.875, 3.551610043182933e-24, nan 
-49.125, 86.875, 3.545028946269217e-24, nan 
-48.875, 86.875, 3.5112028155409294e-24, nan 
-48.625, 86.875, 3.500430032308121e-24, nan 
-48.375, 86.875, 3.477940632442919e-24, nan 
-48.125, 86.875, 3.458699201300343e-24, nan 
-47.875, 86.875, 3.3526030155813545e-24, nan 
-47.625, 86.875, 3.2213286587948306e-24, nan 
-47.375, 86.875, 3.112266348348948e-24, nan 
-47.125, 86.875, 3.0384594812817076e-24, nan 
-46.875, 86.875, 3.138868859688915e-24, nan 
-46.625, 86.875, 3.298857370934073e-24, nan 
-46.375, 86.875, 3.387144507666888e-24, nan 
-46.125, 86.875, 5.5957025599190395e-24, nan 
-45.875, 86.875, 8.245345801777645e-24, nan 
-45.625, 86.875, 1.5233935556079517e-23, nan 
-45.375, 86.875, 1.8788793179685425e-23, nan 
-45.125, 86.875, 1.8395216473813955e-23, nan 
-44.875, 86.875, 1.8037199866242786e-23, nan 
-44.625, 86.875, 1.8185989089326616e-23, nan 
-44.375, 86.875, 1.8507648597939508e-23, nan 
-44.125, 86.875, 1.8630772552626186e-23, nan 
-43.875, 86.875, 1.8754385274903732e-23, nan 
-43.625, 86.875, 1.8776931684325706e-23, nan 
-43.375, 86.875, 1.9313471256085737e-23, nan 
-43.125, 86.875, 2.0125974957826873e-23, nan 
-42.875, 86.875, 2.059810829038949e-23, nan 
-42.625, 86.875, 2.0043536282149412e-23, nan 
-42.375, 86.875, 1.9933110310768887e-23, nan 
-42.125, 86.875, 2.0692068905294366e-23, nan 
-41.875, 86.875, 2.0763306447726196e-23, nan 
-41.625, 86.875, 2.1039453790341022e-23, nan 
-41.375, 86.875, 2.129099112197173e-23, nan 
-41.125, 86.875, 2.1544801293201816e-23, nan 
-40.875, 86.875, 2.1274659072514e-23, nan 
-40.625, 86.875, 2.1737502536619164e-23, nan 
-40.375, 86.875, 2.237681301578173e-23, nan 
-40.125, 86.875, 2.2291963868116202e-23, nan 
-39.875, 86.875, 2.2743187647262723e-23, nan 
-39.625, 86.875, 2.2838052312148953e-23, nan 
-39.375, 86.875, 2.3288254113929892e-23, nan 
-39.125, 86.875, 2.2554703937071137e-23, nan 
-38.875, 86.875, 2.2109349396172036e-23, nan 
-38.625, 86.875, 2.1334666236288578e-23, nan 
-38.375, 86.875, 2.0804121570635791e-23, nan 
-38.125, 86.875, 2.1075579723453116e-23, nan 
-37.875, 86.875, 2.0626982768512404e-23, nan 
-37.625, 86.875, 1.986415705403813e-23, nan 
-37.375, 86.875, 1.928409887643899e-23, nan 
-37.125, 86.875, 1.9244567069202325e-23, nan 
-36.875, 86.875, 1.948155490477203e-23, nan 
-36.625, 86.875, 1.9759272559450245e-23, nan 
-36.375, 86.875, 2.0368109363379005e-23, nan 
-36.125, 86.875, 2.1012421280808142e-23, nan 
-35.875, 86.875, 2.156601813607808e-23, nan 
-35.625, 86.875, 2.1650127517291148e-23, nan 
-35.375, 86.875, 2.2025015249905363e-23, nan 
-35.125, 86.875, 2.163568998927125e-23, nan 
-34.875, 86.875, 2.1633527430213488e-23, nan 
-34.625, 86.875, 2.1616092784278227e-23, nan 
-34.375, 86.875, 2.166381220467506e-23, nan 
-34.125, 86.875, 2.1351487191482494e-23, nan 
-33.875, 86.875, 2.1201329998080964e-23, nan 
-33.625, 86.875, 2.094446840713839e-23, nan 
-33.375, 86.875, 2.0534250759391457e-23, nan 
-33.125, 86.875, 2.0059872293059444e-23, nan 
-32.875, 86.875, 1.9502279769602444e-23, nan 
-32.625, 86.875, 1.9192957215085796e-23, nan 
-32.375, 86.875, 1.8216203047640306e-23, nan 
-32.125, 86.875, 1.7382437507228528e-23, nan 
-31.875, 86.875, 1.672812918626543e-23, nan 
-31.625, 86.875, 1.7103962434070134e-23, nan 
-31.375, 86.875, 1.7963610482291304e-23, nan 
-31.125, 86.875, 1.8855350979297244e-23, nan 
-30.875, 86.875, 1.9161114655076636e-23, nan 
-30.625, 86.875, 2.0087850260921784e-23, nan 
-30.375, 86.875, 2.0389117144167297e-23, nan 
-30.125, 86.875, 2.0570426274796785e-23, nan 
-29.875, 86.875, 2.132287009374059e-23, nan 
-29.625, 86.875, 2.188267065419177e-23, nan 
-29.375, 86.875, 2.2006552602149467e-23, nan 
-29.125, 86.875, 2.1483736326681336e-23, nan 
-28.875, 86.875, 2.0826768310351842e-23, nan 
-28.625, 86.875, 2.0222758553564394e-23, nan 
-28.375, 86.875, 1.976334767971648e-23, nan 
-28.125, 86.875, 1.9299421607562504e-23, nan 
-27.875, 86.875, 1.8636408774289724e-23, nan 
-27.625, 86.875, 1.776056021729154e-23, nan 
-27.375, 86.875, 1.7097430520350883e-23, nan 
-27.125, 86.875, 1.6336466373833808e-23, nan 
-26.875, 86.875, 1.552349433729313e-23, nan 
-26.625, 86.875, 1.529109005518356e-23, nan 
-26.375, 86.875, 1.540111978260145e-23, nan 
-26.125, 86.875, 1.5552271128471857e-23, nan 
-25.875, 86.875, 1.5542632218744506e-23, nan 
-25.625, 86.875, 1.5303629458284253e-23, nan 
-25.375, 86.875, 1.5245748605099215e-23, nan 
-25.125, 86.875, 1.509729347803465e-23, nan 
-24.875, 86.875, 1.5034871769703166e-23, nan 
-24.625, 86.875, 1.5081902101490717e-23, nan 
-24.375, 86.875, 1.5106447123909747e-23, nan 
-24.125, 86.875, 1.4946303924214362e-23, nan 
-23.875, 86.875, 1.505071657177562e-23, nan 
-23.625, 86.875, 1.507539191770883e-23, nan 
-23.375, 86.875, 1.4608588645955985e-23, nan 
-23.125, 86.875, 1.4466909372614388e-23, nan 
-22.875, 86.875, 1.4150745531873542e-23, nan 
-22.625, 86.875, 1.3952642563652992e-23, nan 
-22.375, 86.875, 1.4187260404728813e-23, nan 
-22.125, 86.875, 1.4684955492218306e-23, nan 
-21.875, 86.875, 1.5118880064431164e-23, nan 
-21.625, 86.875, 1.5996182435591227e-23, nan 
-21.375, 86.875, 1.6607684370169642e-23, nan 
-21.125, 86.875, 1.7453058703721212e-23, nan 
-20.875, 86.875, 1.8008356482057556e-23, nan 
-20.625, 86.875, 1.8317764412147255e-23, nan 
-20.375, 86.875, 1.9026582377474778e-23, nan 
-20.125, 86.875, 1.928588590622946e-23, nan 
-19.875, 86.875, 1.9427301653892755e-23, nan 
-19.625, 86.875, 1.977025997855635e-23, nan 
-19.375, 86.875, 2.0008418377836775e-23, nan 
-19.125, 86.875, 2.0398135406820847e-23, nan 
-18.875, 86.875, 2.0782722933787824e-23, nan 
-18.625, 86.875, 2.0852631437719137e-23, nan 
-18.375, 86.875, 2.089636226551964e-23, nan 
-18.125, 86.875, 2.0663442805515463e-23, nan 
-17.875, 86.875, 2.0437991446845784e-23, nan 
-17.625, 86.875, 2.041640182061279e-23, nan 
-17.375, 86.875, 2.0282535051399585e-23, nan 
-17.125, 86.875, 1.980534262054323e-23, nan 
-16.875, 86.875, 1.906321542728275e-23, nan 
-16.625, 86.875, 1.8402334927153087e-23, nan 
-16.375, 86.875, 1.7310139126928188e-23, nan 
-16.125, 86.875, 1.6326886337366175e-23, nan 
-15.875, 86.875, 1.5007628140331354e-23, nan 
-15.625, 86.875, 1.1598531776749214e-23, nan 
-15.375, 86.875, 9.572067412247778e-24, nan 
-15.125, 86.875, 7.590843931902091e-24, nan 
-14.875, 86.875, 6.260806570409009e-24, nan 
-14.625, 86.875, 4.7922193627700035e-24, nan 
-14.375, 86.875, 4.142630608211133e-24, nan 
-14.125, 86.875, 3.6755013770947836e-24, nan 
-13.875, 86.875, 3.368572030648491e-24, nan 
-13.625, 86.875, 3.2561183228610134e-24, nan 
-13.375, 86.875, 3.012354628125778e-24, nan 
-13.125, 86.875, 2.7911471547358315e-24, nan 
-12.875, 86.875, 2.8703450529425035e-24, nan 
-12.625, 86.875, 3.2180546059756866e-24, nan 
-12.375, 86.875, 3.428304610527245e-24, nan 
-12.125, 86.875, 3.6284335819343536e-24, nan 
-11.875, 86.875, 3.771306135484386e-24, nan 
-11.625, 86.875, 3.839002013814075e-24, nan 
-11.375, 86.875, 3.7081536441446864e-24, nan 
-11.125, 86.875, 3.6877389120176996e-24, nan 
-10.875, 86.875, 3.6601272569559475e-24, nan 
-10.625, 86.875, 3.604981614627737e-24, nan 
-10.375, 86.875, 3.601182941489325e-24, nan 
-10.125, 86.875, 3.713120668648233e-24, nan 
-9.875, 86.875, 3.848439430684819e-24, nan 
-9.625, 86.875, 4.2499582989853996e-24, nan 
-9.375, 86.875, 4.637866193809803e-24, nan 
-9.125, 86.875, 5.133262568199484e-24, nan 
-8.875, 86.875, 5.5688255101361134e-24, nan 
-8.625, 86.875, 5.948194719656696e-24, nan 
-8.375, 86.875, 6.208867869250036e-24, nan 
-8.125, 86.875, 6.509595483638311e-24, nan 
-7.875, 86.875, 6.642696115658345e-24, nan 
-7.625, 86.875, 6.70746357542258e-24, nan 
-7.375, 86.875, 6.868526617474376e-24, nan 
-7.125, 86.875, 7.031483148968046e-24, nan 
-6.875, 86.875, 7.080842250046182e-24, nan 
-6.625, 86.875, 7.093697256795416e-24, nan 
-6.375, 86.875, 6.767431681842318e-24, nan 
-6.125, 86.875, 6.260976960772275e-24, nan 
-5.875, 86.875, 5.7339506836027275e-24, nan 
-5.625, 86.875, 5.1042086110792624e-24, nan 
-5.375, 86.875, 4.636849002313795e-24, nan 
-5.125, 86.875, 4.252037297435207e-24, nan 
-4.875, 86.875, 3.7830350109525534e-24, nan 
-4.625, 86.875, 3.416042913610576e-24, nan 
-4.375, 86.875, 3.378903967016483e-24, nan 
-4.125, 86.875, 3.383569953511442e-24, nan 
-3.875, 86.875, 3.552911508631061e-24, nan 
-3.625, 86.875, 3.801724704981935e-24, nan 
-3.375, 86.875, 4.186442848766146e-24, nan 
-3.125, 86.875, 4.675802436337422e-24, nan 
-2.875, 86.875, 5.2911530160696534e-24, nan 
-2.625, 86.875, 6.2205709721981316e-24, nan 
-2.375, 86.875, 7.249250668266691e-24, nan 
-2.125, 86.875, 7.864965021078895e-24, nan 
-1.875, 86.875, 8.104288788645124e-24, nan 
-1.625, 86.875, 8.022713439329573e-24, nan 
-1.375, 86.875, 8.178920534517653e-24, nan 
-1.125, 86.875, 9.6179899589431e-24, nan 
-0.875, 86.875, 1.1681263103942625e-23, nan 
-0.625, 86.875, 1.2237993479697129e-23, nan 
-0.375, 86.875, 1.263483589707659e-23, nan 
-0.125, 86.875, 1.2246687072131821e-23, nan 
0.125, 86.875, 1.1579095041633324e-23, nan 
0.375, 86.875, 1.0978882201379755e-23, nan 
0.625, 86.875, 1.0050811244983542e-23, nan 
0.875, 86.875, 8.818972885945148e-24, nan 
1.125, 86.875, 7.630597375285334e-24, nan 
1.375, 86.875, 7.743587629385934e-24, nan 
1.625, 86.875, 8.61620523953807e-24, nan 
1.875, 86.875, 1.0400044412671045e-23, nan 
2.125, 86.875, 1.2694498433601129e-23, nan 
2.375, 86.875, 1.473848141782543e-23, nan 
2.625, 86.875, 1.5913701638718928e-23, nan 
2.875, 86.875, 1.6765093592917308e-23, nan 
3.125, 86.875, 1.6917413339598442e-23, nan 
3.375, 86.875, 1.631137225477576e-23, nan 
3.625, 86.875, 1.578970204138563e-23, nan 
3.875, 86.875, 1.5141066916971772e-23, nan 
4.125, 86.875, 1.4021993396754088e-23, nan 
4.375, 86.875, 1.303589160820681e-23, nan 
4.625, 86.875, 1.2758107039702528e-23, nan 
4.875, 86.875, 1.266890928349181e-23, nan 
5.125, 86.875, 1.294532834187598e-23, nan 
5.375, 86.875, 1.3480003522248568e-23, nan 
5.625, 86.875, 1.4061417071363872e-23, nan 
5.875, 86.875, 1.480408397550245e-23, nan 
6.125, 86.875, 1.5557788128716075e-23, nan 
6.375, 86.875, 1.621880441183079e-23, nan 
6.625, 86.875, 1.689949028719531e-23, nan 
6.875, 86.875, 1.762244484808321e-23, nan 
7.125, 86.875, 1.8065845941592935e-23, nan 
7.375, 86.875, 1.8389316587037925e-23, nan 
7.625, 86.875, 1.8802898908717686e-23, nan 
7.875, 86.875, 1.892455700543927e-23, nan 
8.125, 86.875, 1.8601414374674332e-23, nan 
8.375, 86.875, 1.833787057731813e-23, nan 
8.625, 86.875, 1.794809137927577e-23, nan 
8.875, 86.875, 1.736860913106301e-23, nan 
9.125, 86.875, 1.6659870513641008e-23, nan 
9.375, 86.875, 1.6576716465650716e-23, nan 
9.625, 86.875, 1.6641966796037402e-23, nan 
9.875, 86.875, 1.6662103195891074e-23, nan 
10.125, 86.875, 1.5030058448754488e-23, nan 
10.375, 86.875, 1.3075637991683222e-23, nan 
10.625, 86.875, 1.2348844828548692e-23, nan 
10.875, 86.875, 1.0811618264908568e-23, nan 
11.125, 86.875, 1.0202752828154707e-23, nan 
11.375, 86.875, 9.613625344211056e-24, nan 
11.625, 86.875, 9.210070851589834e-24, nan 
11.875, 86.875, 8.662278558148356e-24, nan 
12.125, 86.875, 8.40841044435258e-24, nan 
12.375, 86.875, 8.407947604757656e-24, nan 
12.625, 86.875, 8.283989289926279e-24, nan 
12.875, 86.875, 7.919981845698715e-24, nan 
13.125, 86.875, 7.640430449086247e-24, nan 
13.375, 86.875, 7.376755739865778e-24, nan 
13.625, 86.875, 7.110451788339827e-24, nan 
13.875, 86.875, 6.718736657021565e-24, nan 
14.125, 86.875, 6.695680226628664e-24, nan 
14.375, 86.875, 6.4284304366990785e-24, nan 
14.625, 86.875, 6.133329827120287e-24, nan 
14.875, 86.875, 5.731050131268701e-24, nan 
15.125, 86.875, 5.537105314540121e-24, nan 
15.375, 86.875, 5.365333476453068e-24, nan 
15.625, 86.875, 5.111835416959735e-24, nan 
15.875, 86.875, 4.8480503689618806e-24, nan 
16.125, 86.875, 4.431481010948763e-24, nan 
16.375, 86.875, 4.19390699876837e-24, nan 
16.625, 86.875, 4.106869383045832e-24, nan 
16.875, 86.875, 4.039305890760158e-24, nan 
17.125, 86.875, 3.906524926640405e-24, nan 
17.375, 86.875, 3.609542462798747e-24, nan 
17.625, 86.875, 3.421768877628292e-24, nan 
17.875, 86.875, 3.1321837828566937e-24, nan 
18.125, 86.875, 2.956263212605183e-24, nan 
18.375, 86.875, 3.334065877264959e-24, nan 
18.625, 86.875, 3.9370456386138585e-24, nan 
18.875, 86.875, 4.714846346938286e-24, nan 
19.125, 86.875, 6.264190469077124e-24, nan 
19.375, 86.875, 8.110202492647308e-24, nan 
19.625, 86.875, 9.104315216894051e-24, nan 
19.875, 86.875, 9.893742083491076e-24, nan 
20.125, 86.875, 1.0684543009977654e-23, nan 
20.375, 86.875, 1.0619470885753838e-23, nan 
20.625, 86.875, 1.05117016847595e-23, nan 
20.875, 86.875, 1.0337620491616622e-23, nan 
21.125, 86.875, 9.867380151496549e-24, nan 
21.375, 86.875, 9.577319368249857e-24, nan 
21.625, 86.875, 9.225251975445225e-24, nan 
21.875, 86.875, 9.28545966938519e-24, nan 
22.125, 86.875, 7.996159653685544e-24, nan 
22.375, 86.875, 6.90790398939426e-24, nan 
22.625, 86.875, 6.2472925570411684e-24, nan 
22.875, 86.875, 5.9401423100046954e-24, nan 
23.125, 86.875, 7.74080037576222e-24, nan 
23.375, 86.875, 1.0408707070684099e-23, nan 
23.625, 86.875, 1.2816122878711627e-23, nan 
23.875, 86.875, 1.647555786819381e-23, nan 
24.125, 86.875, 2.0235784941770248e-23, nan 
24.375, 86.875, 2.1212377884924243e-23, nan 
24.625, 86.875, 2.0352400052638135e-23, nan 
24.875, 86.875, 1.9829126730970536e-23, nan 
25.125, 86.875, 1.9724961426990914e-23, nan 
25.375, 86.875, 1.995414000397966e-23, nan 
25.625, 86.875, 2.048569778889392e-23, nan 
25.875, 86.875, 1.9862579708815617e-23, nan 
26.125, 86.875, 1.9697953311862285e-23, nan 
26.375, 86.875, 1.9834432700177473e-23, nan 
26.625, 86.875, 2.0510121517332054e-23, nan 
26.875, 86.875, 1.5847183132035606e-23, nan 
27.125, 86.875, 1.275932414275627e-23, nan 
27.375, 86.875, 1.1340507146131177e-23, nan 
27.625, 86.875, 1.1070802573837838e-23, nan 
27.875, 86.875, 1.1623441926053648e-23, nan 
28.125, 86.875, 1.2764244817554294e-23, nan 
28.375, 86.875, 1.3822210048511215e-23, nan 
28.625, 86.875, 1.5845658697164843e-23, nan 
28.875, 86.875, 1.8042721437061828e-23, nan 
29.125, 86.875, 1.9055453912488682e-23, nan 
29.375, 86.875, 1.943075657964575e-23, nan 
29.625, 86.875, 2.032259346144443e-23, nan 
29.875, 86.875, 2.0724775245090442e-23, nan 
30.125, 86.875, 2.0778154897773142e-23, nan 
30.375, 86.875, 2.0861881600932306e-23, nan 
30.625, 86.875, 2.1206776129091115e-23, nan 
30.875, 86.875, 2.1245883872205812e-23, nan 
31.125, 86.875, 2.1326049216319067e-23, nan 
31.375, 86.875, 2.0733762261844094e-23, nan 
31.625, 86.875, 1.862848720193387e-23, nan 
31.875, 86.875, 1.6773830075084733e-23, nan 
32.125, 86.875, 1.5568437981317855e-23, nan 
32.375, 86.875, 1.4974195148977672e-23, nan 
32.625, 86.875, 1.4643331052271322e-23, nan 
32.875, 86.875, 1.4563300548348707e-23, nan 
33.125, 86.875, 1.5180493191469407e-23, nan 
33.375, 86.875, 1.566677883560433e-23, nan 
33.625, 86.875, 1.4925027497789013e-23, nan 
33.875, 86.875, 1.2983343409993698e-23, nan 
34.125, 86.875, 1.188438431808119e-23, nan 
34.375, 86.875, 9.308163531034737e-24, nan 
34.625, 86.875, 7.931870305527882e-24, nan 
34.875, 86.875, 6.827263236948325e-24, nan 
35.125, 86.875, 6.1852482251175234e-24, nan 
35.375, 86.875, 5.97891715611056e-24, nan 
35.625, 86.875, 5.7132510575206514e-24, nan 
35.875, 86.875, 5.1876569486087576e-24, nan 
36.125, 86.875, 5.053731312538071e-24, nan 
36.375, 86.875, 4.977124097770553e-24, nan 
36.625, 86.875, 4.453699648097788e-24, nan 
36.875, 86.875, 4.336210367826171e-24, nan 
37.125, 86.875, 4.101944439849392e-24, nan 
37.375, 86.875, 4.119915385776338e-24, nan 
37.625, 86.875, 4.262023506868088e-24, nan 
37.875, 86.875, 4.369585285160984e-24, nan 
38.125, 86.875, 4.7246034000994016e-24, nan 
38.375, 86.875, 4.9288445627236344e-24, nan 
38.625, 86.875, 5.131195466486283e-24, nan 
38.875, 86.875, 5.509271190583497e-24, nan 
39.125, 86.875, 5.711494353184566e-24, nan 
39.375, 86.875, 5.89858924838903e-24, nan 
39.625, 86.875, 6.1541997714534235e-24, nan 
39.875, 86.875, 6.278453600166878e-24, nan 
40.125, 86.875, 6.3438620189350635e-24, nan 
40.375, 86.875, 6.5087923748391674e-24, nan 
40.625, 86.875, 6.585353545587637e-24, nan 
40.875, 86.875, 6.67944021088793e-24, nan 
41.125, 86.875, 6.704275718070168e-24, nan 
41.375, 86.875, 6.562040238195761e-24, nan 
41.625, 86.875, 6.509847610477998e-24, nan 
41.875, 86.875, 6.290527401239529e-24, nan 
42.125, 86.875, 6.234566725417568e-24, nan 
42.375, 86.875, 6.0526593563406866e-24, nan 
42.625, 86.875, 5.858157172431836e-24, nan 
42.875, 86.875, 5.563575305751808e-24, nan 
43.125, 86.875, 5.4003957070540914e-24, nan 
43.375, 86.875, 5.238239449529971e-24, nan 
43.625, 86.875, 5.263132310757039e-24, nan 
43.875, 86.875, 5.333482040387127e-24, nan 
44.125, 86.875, 5.371973191759487e-24, nan 
44.375, 86.875, 5.4240424229995934e-24, nan 
44.625, 86.875, 5.538372738656992e-24, nan 
44.875, 86.875, 5.660074653894106e-24, nan 
45.125, 86.875, 5.7220501539951696e-24, nan 
45.375, 86.875, 5.817555930161122e-24, nan 
45.625, 86.875, 6.3297693405307585e-24, nan 
45.875, 86.875, 7.72914377224439e-24, nan 
46.125, 86.875, 9.53233685251689e-24, nan 
46.375, 86.875, 1.175999479461465e-23, nan 
46.625, 86.875, 1.4012320554569125e-23, nan 
46.875, 86.875, 1.5946159064365154e-23, nan 
47.125, 86.875, 1.7392186609713903e-23, nan 
47.375, 86.875, 1.880818339914242e-23, nan 
47.625, 86.875, 2.009026298601505e-23, nan 
47.875, 86.875, 2.147808014002251e-23, nan 
48.125, 86.875, 2.2656427110426124e-23, nan 
48.375, 86.875, 2.363709555697057e-23, nan 
48.625, 86.875, 2.4300262697589955e-23, nan 
48.875, 86.875, 2.4659603299539477e-23, nan 
49.125, 86.875, 2.4722351833381552e-23, nan 
49.375, 86.875, 2.4763843567196062e-23, nan 
49.625, 86.875, 2.4698435678152963e-23, nan 
49.875, 86.875, 2.4486302263401814e-23, nan 
50.125, 86.875, 2.3922877161955255e-23, nan 
50.375, 86.875, 2.2796527117591772e-23, nan 
50.625, 86.875, 2.1539733982222418e-23, nan 
50.875, 86.875, 1.9651948499741282e-23, nan 
51.125, 86.875, 1.850058113747194e-23, nan 
51.375, 86.875, 1.8494545832664154e-23, nan 
51.625, 86.875, 1.9318036124752423e-23, nan 
51.875, 86.875, 2.0173612983940378e-23, nan 
52.125, 86.875, 2.1430993575211872e-23, nan 
52.375, 86.875, 2.2960908840006229e-23, nan 
52.625, 86.875, 2.537902352385243e-23, nan 
52.875, 86.875, 2.7655087366001576e-23, nan 
53.125, 86.875, 2.986320421765246e-23, nan 
53.375, 86.875, 3.197779232995187e-23, nan 
53.625, 86.875, 3.378550934330697e-23, nan 
53.875, 86.875, 3.5411667020073176e-23, nan 
54.125, 86.875, 3.638066428613065e-23, nan 
54.375, 86.875, 3.6676242700718936e-23, nan 
54.625, 86.875, 3.720050597847779e-23, nan 
54.875, 86.875, 3.699339424460578e-23, nan 
55.125, 86.875, 3.6664465702686566e-23, nan 
55.375, 86.875, 3.676836133757507e-23, nan 
55.625, 86.875, 3.6953924519965473e-23, nan 
55.875, 86.875, 3.6955356703626425e-23, nan 
56.125, 86.875, 3.830331442786621e-23, nan 
56.375, 86.875, 3.8823075214988145e-23, nan 
56.625, 86.875, 3.76980923844407e-23, nan 
56.875, 86.875, 3.5156386701283296e-23, nan 
57.125, 86.875, 3.311953657924415e-23, nan 
57.375, 86.875, 3.1464645107899127e-23, nan 
57.625, 86.875, 3.100522237912285e-23, nan 
57.875, 86.875, 3.2208808987862283e-23, nan 
58.125, 86.875, 3.4614790559505884e-23, nan 
58.375, 86.875, 3.550389830848398e-23, nan 
58.625, 86.875, 3.614283806306755e-23, nan 
58.875, 86.875, 3.661688748529739e-23, nan 
59.125, 86.875, 3.696676619894097e-23, nan 
59.375, 86.875, 3.756459447003626e-23, nan 
59.625, 86.875, 3.825993110055591e-23, nan 
59.875, 86.875, 3.889639426644001e-23, nan 
60.125, 86.875, 3.931644731382577e-23, nan 
60.375, 86.875, 3.980255517175195e-23, nan 
60.625, 86.875, 3.9985343762364204e-23, nan 
60.875, 86.875, 4.062246861593907e-23, nan 
61.125, 86.875, 4.083277051754174e-23, nan 
61.375, 86.875, 3.995797774618917e-23, nan 
61.625, 86.875, 3.8346707517856997e-23, nan 
61.875, 86.875, 3.660844201923985e-23, nan 
62.125, 86.875, 3.4649996208603133e-23, nan 
62.375, 86.875, 3.2908106909243427e-23, nan 
62.625, 86.875, 3.118012260056408e-23, nan 
62.875, 86.875, 3.222923266530213e-23, nan 
63.125, 86.875, 3.837538487544567e-23, nan 
63.375, 86.875, 4.433912432815189e-23, nan 
63.625, 86.875, 5.1064231672907173e-23, nan 
63.875, 86.875, 5.647803990849001e-23, nan 
64.125, 86.875, 6.332824800131764e-23, nan 
64.375, 86.875, 6.9708648308896e-23, nan 
64.625, 86.875, 7.597072407534993e-23, nan 
64.875, 86.875, 8.083718474135124e-23, nan 
65.125, 86.875, 8.413910387260195e-23, nan 
65.375, 86.875, 8.593763487434746e-23, nan 
65.625, 86.875, 8.706807164077909e-23, nan 
65.875, 86.875, 8.830177888835712e-23, nan 
66.125, 86.875, 8.92055419077437e-23, nan 
66.375, 86.875, 9.069711600372572e-23, nan 
66.625, 86.875, 9.210802634800377e-23, nan 
66.875, 86.875, 9.364969447305454e-23, nan 
67.125, 86.875, 9.423477183867967e-23, nan 
67.375, 86.875, 9.136110684545674e-23, nan 
67.625, 86.875, 8.878408209003708e-23, nan 
67.875, 86.875, 8.92128946140304e-23, nan 
68.125, 86.875, 8.806413709502074e-23, nan 
68.375, 86.875, 7.804831779448794e-23, nan 
68.625, 86.875, 5.755239387901841e-23, nan 
68.875, 86.875, 5.0657442528990593e-23, nan 
69.125, 86.875, 5.2579752260367996e-23, nan 
69.375, 86.875, 6.073126610894779e-23, nan 
69.625, 86.875, 6.7668265808444e-23, nan 
69.875, 86.875, 7.249356578121781e-23, nan 
70.125, 86.875, 7.496347976728129e-23, nan 
70.375, 86.875, 7.799732844492859e-23, nan 
70.625, 86.875, 8.173750254962299e-23, nan 
70.875, 86.875, 8.406031373981843e-23, nan 
71.125, 86.875, 8.914798244400602e-23, nan 
71.375, 86.875, 9.470702762936811e-23, nan 
71.625, 86.875, 9.949088846042913e-23, nan 
71.875, 86.875, 1.0077382537282948e-22, nan 
72.125, 86.875, 9.97126286147437e-23, nan 
72.375, 86.875, 9.861718190650882e-23, nan 
72.625, 86.875, 9.784507398305633e-23, nan 
72.875, 86.875, 9.707663167938333e-23, nan 
73.125, 86.875, 9.219288731200498e-23, nan 
73.375, 86.875, 8.296995743984513e-23, nan 
73.625, 86.875, 7.823044414208326e-23, nan 
73.875, 86.875, 7.470136425203646e-23, nan 
74.125, 86.875, 7.321105688326583e-23, nan 
74.375, 86.875, 7.222496091019666e-23, nan 
74.625, 86.875, 7.15921180538949e-23, nan 
74.875, 86.875, 7.135988522806391e-23, nan 
75.125, 86.875, 7.109370489982759e-23, nan 
75.375, 86.875, 7.178047580233753e-23, nan 
75.625, 86.875, 7.201107336731693e-23, nan 
75.875, 86.875, 7.262923238584103e-23, nan 
76.125, 86.875, 7.306386278199489e-23, nan 
76.375, 86.875, 7.349468943244756e-23, nan 
76.625, 86.875, 6.811971756362764e-23, nan 
76.875, 86.875, 6.040797657525404e-23, nan 
77.125, 86.875, 5.542950504583217e-23, nan 
77.375, 86.875, 4.114916331872357e-23, nan 
77.625, 86.875, 3.7847534122267065e-23, nan 
77.875, 86.875, 3.4728380202825946e-23, nan 
78.125, 86.875, 3.345892588685474e-23, nan 
78.375, 86.875, 3.3325807779983044e-23, nan 
78.625, 86.875, 3.4217064235467986e-23, nan 
78.875, 86.875, 3.571471846575168e-23, nan 
79.125, 86.875, 3.6869135648960014e-23, nan 
79.375, 86.875, 3.7299072188048733e-23, nan 
79.625, 86.875, 3.758036273559542e-23, nan 
79.875, 86.875, 3.7820330774650964e-23, nan 
80.125, 86.875, 3.7398151544145963e-23, nan 
80.375, 86.875, 3.632637832261258e-23, nan 
80.625, 86.875, 3.553819999902082e-23, nan 
80.875, 86.875, 3.492145279648172e-23, nan 
81.125, 86.875, 3.410766668936414e-23, nan 
81.375, 86.875, 3.3885844750373665e-23, nan 
81.625, 86.875, 3.4580655545473574e-23, nan 
81.875, 86.875, 3.5022900634499813e-23, nan 
82.125, 86.875, 3.521988608136149e-23, nan 
82.375, 86.875, 3.5290329529828284e-23, nan 
82.625, 86.875, 3.553034494190226e-23, nan 
82.875, 86.875, 3.5471861112137497e-23, nan 
83.125, 86.875, 3.509121510376798e-23, nan 
83.375, 86.875, 3.436870933604303e-23, nan 
83.625, 86.875, 3.35017384503364e-23, nan 
83.875, 86.875, 3.347734354706037e-23, nan 
84.125, 86.875, 3.3576938088745134e-23, nan 
84.375, 86.875, 3.436649633298937e-23, nan 
84.625, 86.875, 3.512595458060299e-23, nan 
84.875, 86.875, 3.467161023188886e-23, nan 
85.125, 86.875, 3.286279301916868e-23, nan 
85.375, 86.875, 3.152900391655999e-23, nan 
85.625, 86.875, 2.9220932298226983e-23, nan 
85.875, 86.875, 2.650608506010441e-23, nan 
86.125, 86.875, 2.4959337872645995e-23, nan 
86.375, 86.875, 2.5163153648652246e-23, nan 
86.625, 86.875, 2.4651814514591094e-23, nan 
86.875, 86.875, 2.4718846798852954e-23, nan 
87.125, 86.875, 2.4470153750656298e-23, nan 
87.375, 86.875, 2.339818871643419e-23, nan 
87.625, 86.875, 2.1395586900558368e-23, nan 
87.875, 86.875, 2.0592673211198423e-23, nan 
88.125, 86.875, 2.0664874408179125e-23, nan 
88.375, 86.875, 2.1523983795887256e-23, nan 
88.625, 86.875, 2.1925412945025682e-23, nan 
88.875, 86.875, 2.3699297113994863e-23, nan 
89.125, 86.875, 2.5466525976554914e-23, nan 
89.375, 86.875, 2.6999654500548094e-23, nan 
89.625, 86.875, 2.946222861697584e-23, nan 
89.875, 86.875, 3.0656028994829917e-23, nan 
90.125, 86.875, 3.1970476661095263e-23, nan 
90.375, 86.875, 3.3690545111593373e-23, nan 
90.625, 86.875, 3.401211631290155e-23, nan 
90.875, 86.875, 3.5344286286594914e-23, nan 
91.125, 86.875, 3.929880496233155e-23, nan 
91.375, 86.875, 4.156960238904889e-23, nan 
91.625, 86.875, 4.102664572305128e-23, nan 
91.875, 86.875, 3.7722786044830914e-23, nan 
92.125, 86.875, 3.6359735837351974e-23, nan 
92.375, 86.875, 3.5422291226028967e-23, nan 
92.625, 86.875, 3.6821741227112745e-23, nan 
92.875, 86.875, 3.9329080135887287e-23, nan 
93.125, 86.875, 4.667266189492071e-23, nan 
93.375, 86.875, 5.42638394650684e-23, nan 
93.625, 86.875, 6.422237606786607e-23, nan 
93.875, 86.875, 7.864915954734484e-23, nan 
94.125, 86.875, 8.970282614222734e-23, nan 
94.375, 86.875, 9.583709487382996e-23, nan 
94.625, 86.875, 1.0443863558166514e-22, nan 
94.875, 86.875, 1.1150077541017473e-22, nan 
95.125, 86.875, 1.178811323489547e-22, nan 
95.375, 86.875, 1.2152929369765814e-22, nan 
95.625, 86.875, 1.2470682325840953e-22, nan 
95.875, 86.875, 1.2766285637834348e-22, nan 
96.125, 86.875, 1.2896798298317533e-22, nan 
96.375, 86.875, 1.2903097079596808e-22, nan 
96.625, 86.875, 1.2870487258565831e-22, nan 
96.875, 86.875, 1.2877641400220524e-22, nan 
97.125, 86.875, 1.2897629496913382e-22, nan 
97.375, 86.875, 1.2866521268309242e-22, nan 
97.625, 86.875, 1.2837377453671965e-22, nan 
97.875, 86.875, 1.2757346224806636e-22, nan 
98.125, 86.875, 1.263441910318286e-22, nan 
98.375, 86.875, 1.241422547491837e-22, nan 
98.625, 86.875, 1.2172202323727182e-22, nan 
98.875, 86.875, 1.1934865650711452e-22, nan 
99.125, 86.875, 1.1741017663818187e-22, nan 
99.375, 86.875, 1.1502241069543765e-22, nan 
99.625, 86.875, 1.1284872297433697e-22, nan 
99.875, 86.875, 1.116157058135092e-22, nan 
100.125, 86.875, 1.113449089964658e-22, nan 
100.375, 86.875, 1.1139183281826936e-22, nan 
100.625, 86.875, 1.1076420447013575e-22, nan 
100.875, 86.875, 1.1012248670170908e-22, nan 
101.125, 86.875, 1.123355440802357e-22, nan 
101.375, 86.875, 1.1270624844706557e-22, nan 
101.625, 86.875, 1.1530733004623363e-22, nan 
101.875, 86.875, 1.1725446489674112e-22, nan 
102.125, 86.875, 1.2164400212992705e-22, nan 
102.375, 86.875, 1.2415022120272884e-22, nan 
102.625, 86.875, 1.254604372117844e-22, nan 
102.875, 86.875, 1.2536774026874862e-22, nan 
103.125, 86.875, 1.2534757014524215e-22, nan 
103.375, 86.875, 1.2452912078033982e-22, nan 
103.625, 86.875, 1.2641642690190448e-22, nan 
103.875, 86.875, 1.2454260512067745e-22, nan 
104.125, 86.875, 1.204114602389739e-22, nan 
104.375, 86.875, 1.1641651679484206e-22, nan 
104.625, 86.875, 1.1427861907629534e-22, nan 
104.875, 86.875, 1.1396470936121399e-22, nan 
105.125, 86.875, 1.1015084393269788e-22, nan 
105.375, 86.875, 1.1072487656865156e-22, nan 
105.625, 86.875, 1.0907028534432798e-22, nan 
105.875, 86.875, 1.0098068625026116e-22, nan 
106.125, 86.875, 1.0041326265081022e-22, nan 
106.375, 86.875, 9.57544275476894e-23, nan 
106.625, 86.875, 9.426222055391968e-23, nan 
106.875, 86.875, 9.518618281906896e-23, nan 
107.125, 86.875, 9.772755222000209e-23, nan 
107.375, 86.875, 1.0086223792619002e-22, nan 
107.625, 86.875, 1.0156494985955453e-22, nan 
107.875, 86.875, 1.021851327430382e-22, nan 
108.125, 86.875, 1.0478738181400894e-22, nan 
108.375, 86.875, 1.0743756684375167e-22, nan 
108.625, 86.875, 1.0950175474307452e-22, nan 
108.875, 86.875, 1.100053298240662e-22, nan 
109.125, 86.875, 1.08527155275434e-22, nan 
109.375, 86.875, 1.0892078639678043e-22, nan 
109.625, 86.875, 1.0924568504163872e-22, nan 
109.875, 86.875, 1.0868996639402884e-22, nan 
110.125, 86.875, 1.1065380813638178e-22, nan 
110.375, 86.875, 1.1392904111232549e-22, nan 
110.625, 86.875, 1.1110354174211927e-22, nan 
110.875, 86.875, 1.1192278843823026e-22, nan 
111.125, 86.875, 1.107305709241895e-22, nan 
111.375, 86.875, 1.104877081079405e-22, nan 
111.625, 86.875, 1.079194949459466e-22, nan 
111.875, 86.875, 1.0570007395929416e-22, nan 
112.125, 86.875, 1.0529859854707435e-22, nan 
112.375, 86.875, 1.0587666626620376e-22, nan 
112.625, 86.875, 1.0682439803577928e-22, nan 
112.875, 86.875, 1.1017174104810158e-22, nan 
113.125, 86.875, 1.1192550288033165e-22, nan 
113.375, 86.875, 1.1335424405092285e-22, nan 
113.625, 86.875, 1.147434509354749e-22, nan 
113.875, 86.875, 1.1685313721175813e-22, nan 
114.125, 86.875, 1.1633139674274233e-22, nan 
114.375, 86.875, 1.1555732667574008e-22, nan 
114.625, 86.875, 1.193823239115431e-22, nan 
114.875, 86.875, 1.174467943740729e-22, nan 
115.125, 86.875, 1.186255540334822e-22, nan 
115.375, 86.875, 1.201512349223399e-22, nan 
115.625, 86.875, 1.2034718247647547e-22, nan 
115.875, 86.875, 1.2098444010722368e-22, nan 
116.125, 86.875, 1.2057312574329286e-22, nan 
116.375, 86.875, 1.1791529466514885e-22, nan 
116.625, 86.875, 1.181074053028628e-22, nan 
116.875, 86.875, 1.1737791874614122e-22, nan 
117.125, 86.875, 1.1890317018547088e-22, nan 
117.375, 86.875, 1.1659579305940082e-22, nan 
117.625, 86.875, 1.1811878349643782e-22, nan 
117.875, 86.875, 1.1612153062604016e-22, nan 
118.125, 86.875, 1.1432974976634288e-22, nan 
118.375, 86.875, 1.0895959799589846e-22, nan 
118.625, 86.875, 1.0789662172044851e-22, nan 
118.875, 86.875, 8.976256639745801e-23, nan 
119.125, 86.875, 8.013386909095757e-23, nan 
119.375, 86.875, 6.674769850105971e-23, nan 
119.625, 86.875, 5.816437973673875e-23, nan 
119.875, 86.875, 4.7773012287506733e-23, nan 
120.125, 86.875, 3.91280724072401e-23, nan 
120.375, 86.875, 3.118300242052881e-23, nan 
120.625, 86.875, 2.6428631168907424e-23, nan 
120.875, 86.875, 2.3990823080816475e-23, nan 
121.125, 86.875, 2.2611069873640578e-23, nan 
121.375, 86.875, 2.1813992889644866e-23, nan 
121.625, 86.875, 2.1634221360402553e-23, nan 
121.875, 86.875, 2.216256268742175e-23, nan 
122.125, 86.875, 2.4050511965409514e-23, nan 
122.375, 86.875, 2.5454212302902922e-23, nan 
122.625, 86.875, 2.5993028143042815e-23, nan 
122.875, 86.875, 2.566261675812673e-23, nan 
123.125, 86.875, 2.461494530219243e-23, nan 
123.375, 86.875, 2.2664129270963755e-23, nan 
123.625, 86.875, 2.0279881894461718e-23, nan 
123.875, 86.875, 1.8410659726329687e-23, nan 
124.125, 86.875, 1.638178430398569e-23, nan 
124.375, 86.875, 1.543999299641655e-23, nan 
124.625, 86.875, 1.5108612928432966e-23, nan 
124.875, 86.875, 1.4473174476104198e-23, nan 
125.125, 86.875, 1.314234214553509e-23, nan 
125.375, 86.875, 1.2234955200392478e-23, nan 
125.625, 86.875, 1.219347956353946e-23, nan 
125.875, 86.875, 1.343303715033858e-23, nan 
126.125, 86.875, 1.4079029954169458e-23, nan 
126.375, 86.875, 1.6515631766505507e-23, nan 
126.625, 86.875, 2.2897346000238435e-23, nan 
126.875, 86.875, 3.246020871307837e-23, nan 
127.125, 86.875, 3.82870726691532e-23, nan 
127.375, 86.875, 4.097142783912168e-23, nan 
127.625, 86.875, 4.201112827789473e-23, nan 
127.875, 86.875, 4.1295551198164375e-23, nan 
128.125, 86.875, 3.748010303347004e-23, nan 
128.375, 86.875, 3.3712740280240783e-23, nan 
128.625, 86.875, 3.117421107139301e-23, nan 
128.875, 86.875, 3.225536879999264e-23, nan 
129.125, 86.875, 3.5041984226511764e-23, nan 
129.375, 86.875, 3.927504784217874e-23, nan 
129.625, 86.875, 4.205634077992109e-23, nan 
129.875, 86.875, 4.278449114406203e-23, nan 
130.125, 86.875, 4.359617091431772e-23, nan 
130.375, 86.875, 4.527328002599579e-23, nan 
130.625, 86.875, 4.609695212679656e-23, nan 
130.875, 86.875, 4.6874936603951096e-23, nan 
131.125, 86.875, 4.741953745226126e-23, nan 
131.375, 86.875, 4.9550100517586546e-23, nan 
131.625, 86.875, 5.154557030983874e-23, nan 
131.875, 86.875, 5.342548442722706e-23, nan 
132.125, 86.875, 5.489660657466895e-23, nan 
132.375, 86.875, 5.611158044719691e-23, nan 
132.625, 86.875, 5.634546267348313e-23, nan 
132.875, 86.875, 5.605498559681507e-23, nan 
133.125, 86.875, 5.553837425811464e-23, nan 
133.375, 86.875, 5.486508998585309e-23, nan 
133.625, 86.875, 5.456353849516007e-23, nan 
133.875, 86.875, 5.357152123604716e-23, nan 
134.125, 86.875, 5.1867678338054673e-23, nan 
134.375, 86.875, 4.7195327771643046e-23, nan 
134.625, 86.875, 4.2616796338601775e-23, nan 
134.875, 86.875, 3.819905404372171e-23, nan 
135.125, 86.875, 3.472494078825317e-23, nan 
135.375, 86.875, 3.377402018990184e-23, nan 
135.625, 86.875, 3.431428237150017e-23, nan 
135.875, 86.875, 3.5383297068318935e-23, nan 
136.125, 86.875, 3.7854662623975193e-23, nan 
136.375, 86.875, 4.011674620688244e-23, nan 
136.625, 86.875, 4.508607503956629e-23, nan 
136.875, 86.875, 4.8822881837975707e-23, nan 
137.125, 86.875, 5.423344262154645e-23, nan 
137.375, 86.875, 5.97543789117174e-23, nan 
137.625, 86.875, 6.378804201989077e-23, nan 
137.875, 86.875, 6.876053486852933e-23, nan 
138.125, 86.875, 7.688517819742754e-23, nan 
138.375, 86.875, 8.398781151718855e-23, nan 
138.625, 86.875, 9.09773296748702e-23, nan 
138.875, 86.875, 9.525276446766793e-23, nan 
139.125, 86.875, 9.643497189958527e-23, nan 
139.375, 86.875, 8.981035424893204e-23, nan 
139.625, 86.875, 8.3128313913644e-23, nan 
139.875, 86.875, 7.421977386867384e-23, nan 
140.125, 86.875, 6.559153389285739e-23, nan 
140.375, 86.875, 5.820969235026091e-23, nan 
140.625, 86.875, 5.332744105319605e-23, nan 
140.875, 86.875, 5.1811209090355586e-23, nan 
141.125, 86.875, 5.240344416421719e-23, nan 
141.375, 86.875, 5.483416888791131e-23, nan 
141.625, 86.875, 5.611085599236672e-23, nan 
141.875, 86.875, 5.799518661738128e-23, nan 
142.125, 86.875, 5.972417276506558e-23, nan 
142.375, 86.875, 6.080389537898553e-23, nan 
142.625, 86.875, 6.065124136676919e-23, nan 
142.875, 86.875, 6.044350999240703e-23, nan 
143.125, 86.875, 6.041081422818438e-23, nan 
143.375, 86.875, 6.031659703011706e-23, nan 
143.625, 86.875, 5.932478749530193e-23, nan 
143.875, 86.875, 5.768512266693133e-23, nan 
144.125, 86.875, 5.555267753519307e-23, nan 
144.375, 86.875, 5.346325186879715e-23, nan 
144.625, 86.875, 5.2875237995177457e-23, nan 
144.875, 86.875, 5.2350481242590415e-23, nan 
145.125, 86.875, 5.2584072667574414e-23, nan 
145.375, 86.875, 5.323672425204621e-23, nan 
145.625, 86.875, 5.393319184013674e-23, nan 
145.875, 86.875, 5.381579225154711e-23, nan 
146.125, 86.875, 5.366205388755661e-23, nan 
146.375, 86.875, 5.290952016769864e-23, nan 
146.625, 86.875, 5.240353868961715e-23, nan 
146.875, 86.875, 5.22330625688475e-23, nan 
147.125, 86.875, 5.2368292541686733e-23, nan 
147.375, 86.875, 5.355608216393938e-23, nan 
147.625, 86.875, 5.438730254650605e-23, nan 
147.875, 86.875, 5.426215871116717e-23, nan 
148.125, 86.875, 5.41691839781208e-23, nan 
148.375, 86.875, 5.460080700503661e-23, nan 
148.625, 86.875, 5.463158389745759e-23, nan 
148.875, 86.875, 5.468697973748181e-23, nan 
149.125, 86.875, 5.424401968210074e-23, nan 
149.375, 86.875, 5.308086450974039e-23, nan 
149.625, 86.875, 5.129447977085978e-23, nan 
149.875, 86.875, 4.9669033729436113e-23, nan 
150.125, 86.875, 4.9076711400659436e-23, nan 
150.375, 86.875, 4.887815708671872e-23, nan 
150.625, 86.875, 4.7965890955028255e-23, nan 
150.875, 86.875, 4.6909730910755624e-23, nan 
151.125, 86.875, 4.539411429593069e-23, nan 
151.375, 86.875, 4.4287167179788154e-23, nan 
151.625, 86.875, 4.438739618124018e-23, nan 
151.875, 86.875, 4.510063959348041e-23, nan 
152.125, 86.875, 4.6376969384127155e-23, nan 
152.375, 86.875, 4.7407751730610495e-23, nan 
152.625, 86.875, 4.5115890826483335e-23, nan 
152.875, 86.875, 4.2574481097260464e-23, nan 
153.125, 86.875, 4.0190555213579454e-23, nan 
153.375, 86.875, 3.7999250911275585e-23, nan 
153.625, 86.875, 3.567090317113744e-23, nan 
153.875, 86.875, 3.343831313671859e-23, nan 
154.125, 86.875, 3.0140260885813526e-23, nan 
154.375, 86.875, 2.6587158649219686e-23, nan 
154.625, 86.875, 2.57786869379624e-23, nan 
154.875, 86.875, 3.111010456452697e-23, nan 
155.125, 86.875, 4.37106969954282e-23, nan 
155.375, 86.875, 5.922808224514514e-23, nan 
155.625, 86.875, 6.898057132061693e-23, nan 
155.875, 86.875, 7.40160565526684e-23, nan 
156.125, 86.875, 7.715768060134559e-23, nan 
156.375, 86.875, 7.926715128754459e-23, nan 
156.625, 86.875, 7.991142580097122e-23, nan 
156.875, 86.875, 8.09341352169104e-23, nan 
157.125, 86.875, 8.295913503358012e-23, nan 
157.375, 86.875, 8.650559653914271e-23, nan 
157.625, 86.875, 9.026517607161636e-23, nan 
157.875, 86.875, 9.45232770296205e-23, nan 
158.125, 86.875, 9.875388111653252e-23, nan 
158.375, 86.875, 1.0056820677010722e-22, nan 
158.625, 86.875, 1.0058361090759059e-22, nan 
158.875, 86.875, 9.966802557994999e-23, nan 
159.125, 86.875, 8.958455804088585e-23, nan 
159.375, 86.875, 7.787545617572487e-23, nan 
159.625, 86.875, 6.961977866637456e-23, nan 
159.875, 86.875, 7.087673182335975e-23, nan 
160.125, 86.875, 8.440996450843258e-23, nan 
160.375, 86.875, 9.680905933355187e-23, nan 
160.625, 86.875, 1.0422000253450979e-22, nan 
160.875, 86.875, 1.1034333374228133e-22, nan 
161.125, 86.875, 1.125536949777749e-22, nan 
161.375, 86.875, 1.1573789481455702e-22, nan 
161.625, 86.875, 1.1690974903755292e-22, nan 
161.875, 86.875, 1.175337501200232e-22, nan 
162.125, 86.875, 1.1756260664893102e-22, nan 
162.375, 86.875, 1.184108664960867e-22, nan 
162.625, 86.875, 1.1846328792696193e-22, nan 
162.875, 86.875, 1.1756738308078202e-22, nan 
163.125, 86.875, 1.1313016809541428e-22, nan 
163.375, 86.875, 1.0582238458749606e-22, nan 
163.625, 86.875, 1.016602055838792e-22, nan 
163.875, 86.875, 8.867976949944718e-23, nan 
164.125, 86.875, 7.229892934391638e-23, nan 
164.375, 86.875, 5.50371120561647e-23, nan 
164.625, 86.875, 4.2974722252526513e-23, nan 
164.875, 86.875, 3.7004545545369344e-23, nan 
165.125, 86.875, 4.174992077650903e-23, nan 
165.375, 86.875, 4.570015336354629e-23, nan 
165.625, 86.875, 5.212474136792415e-23, nan 
165.875, 86.875, 5.2288106735441046e-23, nan 
166.125, 86.875, 5.779423953449734e-23, nan 
166.375, 86.875, 5.779008893119302e-23, nan 
166.625, 86.875, 5.651381607467304e-23, nan 
166.875, 86.875, 5.572137074621754e-23, nan 
167.125, 86.875, 5.548264513675511e-23, nan 
167.375, 86.875, 5.368927544962039e-23, nan 
167.625, 86.875, 5.192835019697436e-23, nan 
167.875, 86.875, 5.095296117852006e-23, nan 
168.125, 86.875, 4.883625146905926e-23, nan 
168.375, 86.875, 4.9389177124940595e-23, nan 
168.625, 86.875, 4.8639850284486664e-23, nan 
168.875, 86.875, 4.8330922437825275e-23, nan 
169.125, 86.875, 4.7627629565749046e-23, nan 
169.375, 86.875, 4.709446890526591e-23, nan 
169.625, 86.875, 4.493740024946313e-23, nan 
169.875, 86.875, 4.239215646786425e-23, nan 
170.125, 86.875, 4.0598301770626517e-23, nan 
170.375, 86.875, 3.989088305885897e-23, nan 
170.625, 86.875, 3.906886699784043e-23, nan 
170.875, 86.875, 3.604481986766964e-23, nan 
171.125, 86.875, 3.4348181054435965e-23, nan 
171.375, 86.875, 3.044320076085354e-23, nan 
171.625, 86.875, 2.107798439592605e-23, nan 
171.875, 86.875, 1.9880121638445474e-23, nan 
172.125, 86.875, 2.923083351252369e-23, nan 
172.375, 86.875, 4.273969186736389e-23, nan 
172.625, 86.875, 5.363867988820326e-23, nan 
172.875, 86.875, 6.423174887756795e-23, nan 
173.125, 86.875, 6.993314064560344e-23, nan 
173.375, 86.875, 7.121522455341423e-23, nan 
173.625, 86.875, 7.094846131183481e-23, nan 
173.875, 86.875, 7.068319049512615e-23, nan 
174.125, 86.875, 7.142835089440607e-23, nan 
174.375, 86.875, 7.154816858855299e-23, nan 
174.625, 86.875, 7.477566643540231e-23, nan 
174.875, 86.875, 8.077328208109268e-23, nan 
175.125, 86.875, 8.606061777685353e-23, nan 
175.375, 86.875, 8.184361136711381e-23, nan 
175.625, 86.875, 7.536254132904733e-23, nan 
175.875, 86.875, 7.204995135382494e-23, nan 
176.125, 86.875, 6.703937324687073e-23, nan 
176.375, 86.875, 5.393780408915915e-23, nan 
176.625, 86.875, 4.6230568670805584e-23, nan 
176.875, 86.875, 4.740597628328714e-23, nan 
177.125, 86.875, 5.804433168803946e-23, nan 
177.375, 86.875, 6.960911894629065e-23, nan 
177.625, 86.875, 7.53664408513852e-23, nan 
177.875, 86.875, 7.875961265825949e-23, nan 
178.125, 86.875, 7.881058889788752e-23, nan 
178.375, 86.875, 7.841592631694242e-23, nan 
178.625, 86.875, 7.730109030329198e-23, nan 
178.875, 86.875, 7.633443688640132e-23, nan 
179.125, 86.875, 7.513348665756085e-23, nan 
179.375, 86.875, 7.382291321229995e-23, nan 
179.625, 86.875, 7.34928569201397e-23, nan 
179.875, 86.875, 7.344406029199645e-23, nan 
-179.875, 87.125, 1.6770532467000822e-23, nan 
-179.625, 87.125, 1.778258955596687e-23, nan 
-179.375, 87.125, 1.8255812958097322e-23, nan 
-179.125, 87.125, 1.8702067050570126e-23, nan 
-178.875, 87.125, 1.9195178692292173e-23, nan 
-178.625, 87.125, 1.9393966975884057e-23, nan 
-178.375, 87.125, 1.937331008739287e-23, nan 
-178.125, 87.125, 1.9214508752668926e-23, nan 
-177.875, 87.125, 1.877505313783108e-23, nan 
-177.625, 87.125, 1.7845884604479427e-23, nan 
-177.375, 87.125, 1.654140852048004e-23, nan 
-177.125, 87.125, 1.539576093139723e-23, nan 
-176.875, 87.125, 2.0752612555481814e-23, nan 
-176.625, 87.125, 2.1372787495852424e-23, nan 
-176.375, 87.125, 2.196101979245507e-23, nan 
-176.125, 87.125, 2.4306917577688994e-23, nan 
-175.875, 87.125, 1.992682831833599e-23, nan 
-175.625, 87.125, 2.2152333511114946e-23, nan 
-175.375, 87.125, 3.1028473298178935e-23, nan 
-175.125, 87.125, 3.4497565506445106e-23, nan 
-174.875, 87.125, 3.692512356610297e-23, nan 
-174.625, 87.125, 3.8971650506832605e-23, nan 
-174.375, 87.125, 4.0294248532013095e-23, nan 
-174.125, 87.125, 3.7730492148838916e-23, nan 
-173.875, 87.125, 3.025753882361161e-23, nan 
-173.625, 87.125, 2.622466239927638e-23, nan 
-173.375, 87.125, 2.399019996986638e-23, nan 
-173.125, 87.125, 3.4596665345282824e-23, nan 
-172.875, 87.125, 3.7180275801285636e-23, nan 
-172.625, 87.125, 3.8655673750464734e-23, nan 
-172.375, 87.125, 3.84806575363186e-23, nan 
-172.125, 87.125, 3.7515706824592005e-23, nan 
-171.875, 87.125, 3.8018265584868776e-23, nan 
-171.625, 87.125, 3.8411689659718675e-23, nan 
-171.375, 87.125, 3.9156580814817905e-23, nan 
-171.125, 87.125, 3.992824137312518e-23, nan 
-170.875, 87.125, 4.1011200904562065e-23, nan 
-170.625, 87.125, 4.2651156580917976e-23, nan 
-170.375, 87.125, 4.5446328453404947e-23, nan 
-170.125, 87.125, 4.9243445075781515e-23, nan 
-169.875, 87.125, 5.401306861230167e-23, nan 
-169.625, 87.125, 5.77367605433647e-23, nan 
-169.375, 87.125, 5.04970501267502e-23, nan 
-169.125, 87.125, 4.776911979541417e-23, nan 
-168.875, 87.125, 4.7157918946564156e-23, nan 
-168.625, 87.125, 4.716616581495619e-23, nan 
-168.375, 87.125, 4.703623382722368e-23, nan 
-168.125, 87.125, 4.7568509006966257e-23, nan 
-167.875, 87.125, 4.6057549162620027e-23, nan 
-167.625, 87.125, 4.171128504360882e-23, nan 
-167.375, 87.125, 3.821166106853934e-23, nan 
-167.125, 87.125, 3.563671461740845e-23, nan 
-166.875, 87.125, 3.4317722560671943e-23, nan 
-166.625, 87.125, 3.34348916333851e-23, nan 
-166.375, 87.125, 3.285472070301263e-23, nan 
-166.125, 87.125, 3.359359221434647e-23, nan 
-165.875, 87.125, 3.91790428532892e-23, nan 
-165.625, 87.125, 3.0588186108846184e-23, nan 
-165.375, 87.125, 2.8695865015263e-23, nan 
-165.125, 87.125, 3.1017311932760425e-23, nan 
-164.875, 87.125, 3.600070217725284e-23, nan 
-164.625, 87.125, 3.7935612715963604e-23, nan 
-164.375, 87.125, 3.86506777486849e-23, nan 
-164.125, 87.125, 3.853956894071234e-23, nan 
-163.875, 87.125, 3.8367872904571694e-23, nan 
-163.625, 87.125, 3.7046542175129205e-23, nan 
-163.375, 87.125, 3.5277024281156437e-23, nan 
-163.125, 87.125, 3.412992530433831e-23, nan 
-162.875, 87.125, 3.1332726729360736e-23, nan 
-162.625, 87.125, 2.922519675518517e-23, nan 
-162.375, 87.125, 2.7717745856748515e-23, nan 
-162.125, 87.125, 2.686832444228281e-23, nan 
-161.875, 87.125, 2.6167851696766487e-23, nan 
-161.625, 87.125, 2.5234805420811124e-23, nan 
-161.375, 87.125, 2.3616844385783836e-23, nan 
-161.125, 87.125, 2.2005799497170643e-23, nan 
-160.875, 87.125, 1.9191934394719247e-23, nan 
-160.625, 87.125, 1.5722336890197834e-23, nan 
-160.375, 87.125, 1.2323840975699961e-23, nan 
-160.125, 87.125, 8.697876806591239e-24, nan 
-159.875, 87.125, 6.496660275375071e-24, nan 
-159.625, 87.125, 6.370744751884819e-24, nan 
-159.375, 87.125, 7.562077316084978e-24, nan 
-159.125, 87.125, 7.056385331320113e-24, nan 
-158.875, 87.125, 7.645006702076874e-24, nan 
-158.625, 87.125, 7.923124815579755e-24, nan 
-158.375, 87.125, 8.368734915221133e-24, nan 
-158.125, 87.125, 9.682343783941781e-24, nan 
-157.875, 87.125, 9.765571197610213e-24, nan 
-157.625, 87.125, 9.271617026182198e-24, nan 
-157.375, 87.125, 7.392363184150006e-24, nan 
-157.125, 87.125, 5.454547560141174e-24, nan 
-156.875, 87.125, 4.074117765104205e-24, nan 
-156.625, 87.125, 3.007875493890786e-24, nan 
-156.375, 87.125, 2.160362106625613e-24, nan 
-156.125, 87.125, 1.960542515071479e-24, nan 
-155.875, 87.125, 3.710863886037866e-24, nan 
-155.625, 87.125, 5.5390420340292865e-24, nan 
-155.375, 87.125, 6.945409197077212e-24, nan 
-155.125, 87.125, 7.78504205364279e-24, nan 
-154.875, 87.125, 8.292585382213341e-24, nan 
-154.625, 87.125, 8.177410132752317e-24, nan 
-154.375, 87.125, 8.393629689865685e-24, nan 
-154.125, 87.125, 8.865005671911428e-24, nan 
-153.875, 87.125, 9.279796165609435e-24, nan 
-153.625, 87.125, 1.1296498996261264e-23, nan 
-153.375, 87.125, 1.4300840305700164e-23, nan 
-153.125, 87.125, 1.5611096810608357e-23, nan 
-152.875, 87.125, 1.5694745111324962e-23, nan 
-152.625, 87.125, 1.3426866978905553e-23, nan 
-152.375, 87.125, 1.1258572646092476e-23, nan 
-152.125, 87.125, 9.844224672702828e-24, nan 
-151.875, 87.125, 9.216239908228993e-24, nan 
-151.625, 87.125, 9.135495303105745e-24, nan 
-151.375, 87.125, 9.340101203333954e-24, nan 
-151.125, 87.125, 9.709472486852874e-24, nan 
-150.875, 87.125, 9.373894524499907e-24, nan 
-150.625, 87.125, 8.470922738591197e-24, nan 
-150.375, 87.125, 7.860109738286355e-24, nan 
-150.125, 87.125, 7.543377250500939e-24, nan 
-149.875, 87.125, 6.993602941487926e-24, nan 
-149.625, 87.125, 6.756162256554537e-24, nan 
-149.375, 87.125, 6.852510477095127e-24, nan 
-149.125, 87.125, 7.094320489948049e-24, nan 
-148.875, 87.125, 8.302833115651609e-24, nan 
-148.625, 87.125, 1.0228038512472846e-23, nan 
-148.375, 87.125, 1.1225066816853662e-23, nan 
-148.125, 87.125, 1.1355446013199985e-23, nan 
-147.875, 87.125, 9.965039979272317e-24, nan 
-147.625, 87.125, 8.178431628261139e-24, nan 
-147.375, 87.125, 6.790277050071042e-24, nan 
-147.125, 87.125, 6.3909690192383876e-24, nan 
-146.875, 87.125, 6.2401322767998105e-24, nan 
-146.625, 87.125, 5.712767488440535e-24, nan 
-146.375, 87.125, 5.2286711056692265e-24, nan 
-146.125, 87.125, 4.8050422949067356e-24, nan 
-145.875, 87.125, 4.9405672512896616e-24, nan 
-145.625, 87.125, 4.7957524592205e-24, nan 
-145.375, 87.125, 4.3099166716393334e-24, nan 
-145.125, 87.125, 3.829734336825937e-24, nan 
-144.875, 87.125, 3.800824279653343e-24, nan 
-144.625, 87.125, 3.9651658242654044e-24, nan 
-144.375, 87.125, 4.4018002223731206e-24, nan 
-144.125, 87.125, 4.581637025886266e-24, nan 
-143.875, 87.125, 3.6288541880178956e-24, nan 
-143.625, 87.125, 3.1796800473456615e-24, nan 
-143.375, 87.125, 3.5542464344228045e-24, nan 
-143.125, 87.125, 3.428885808113905e-24, nan 
-142.875, 87.125, 3.100458541267507e-24, nan 
-142.625, 87.125, 3.2792872313040562e-24, nan 
-142.375, 87.125, 3.6539393677562466e-24, nan 
-142.125, 87.125, 3.882899228946275e-24, nan 
-141.875, 87.125, 4.561060924157259e-24, nan 
-141.625, 87.125, 5.510415631548854e-24, nan 
-141.375, 87.125, 5.9649382474377975e-24, nan 
-141.125, 87.125, 6.1871050105887525e-24, nan 
-140.875, 87.125, 6.339526828798058e-24, nan 
-140.625, 87.125, 6.648838686997212e-24, nan 
-140.375, 87.125, 7.08106421547305e-24, nan 
-140.125, 87.125, 7.595823013082172e-24, nan 
-139.875, 87.125, 8.215886670472186e-24, nan 
-139.625, 87.125, 8.728947884723665e-24, nan 
-139.375, 87.125, 9.205051278238158e-24, nan 
-139.125, 87.125, 9.526726473624205e-24, nan 
-138.875, 87.125, 9.778475406756024e-24, nan 
-138.625, 87.125, 1.0208859002146401e-23, nan 
-138.375, 87.125, 1.0923906523564047e-23, nan 
-138.125, 87.125, 1.2104694496305219e-23, nan 
-137.875, 87.125, 1.3600339833949638e-23, nan 
-137.625, 87.125, 1.4689994017887396e-23, nan 
-137.375, 87.125, 1.5760981297167127e-23, nan 
-137.125, 87.125, 1.68510530537064e-23, nan 
-136.875, 87.125, 1.782302304391681e-23, nan 
-136.625, 87.125, 1.8236724193808895e-23, nan 
-136.375, 87.125, 1.879474109588524e-23, nan 
-136.125, 87.125, 1.8330024673271665e-23, nan 
-135.875, 87.125, 1.5182011319932452e-23, nan 
-135.625, 87.125, 1.0624058275391601e-23, nan 
-135.375, 87.125, 7.553720426127513e-24, nan 
-135.125, 87.125, 6.427826805857884e-24, nan 
-134.875, 87.125, 6.1871438815798156e-24, nan 
-134.625, 87.125, 6.265255760681427e-24, nan 
-134.375, 87.125, 6.2612277698985554e-24, nan 
-134.125, 87.125, 6.016171120875066e-24, nan 
-133.875, 87.125, 6.076773498542586e-24, nan 
-133.625, 87.125, 6.188000259300348e-24, nan 
-133.375, 87.125, 5.739927387368728e-24, nan 
-133.125, 87.125, 5.2063740791867844e-24, nan 
-132.875, 87.125, 4.732981094149512e-24, nan 
-132.625, 87.125, 4.479052881455705e-24, nan 
-132.375, 87.125, 4.328438584689063e-24, nan 
-132.125, 87.125, 3.8232811887779025e-24, nan 
-131.875, 87.125, 3.494615956359985e-24, nan 
-131.625, 87.125, 3.2609618651023384e-24, nan 
-131.375, 87.125, 3.286749735688032e-24, nan 
-131.125, 87.125, 3.634605479952972e-24, nan 
-130.875, 87.125, 2.1740851060668514e-24, nan 
-130.625, 87.125, 2.3773506367569433e-24, nan 
-130.375, 87.125, 3.36429783751789e-24, nan 
-130.125, 87.125, 4.1265136394734406e-24, nan 
-129.875, 87.125, 3.862548241052277e-24, nan 
-129.625, 87.125, 3.2042270943476337e-24, nan 
-129.375, 87.125, 2.9247784663748746e-24, nan 
-129.125, 87.125, 3.028966089892398e-24, nan 
-128.875, 87.125, 2.9658818633317765e-24, nan 
-128.625, 87.125, 3.2508641876464787e-24, nan 
-128.375, 87.125, 3.9869575391337174e-24, nan 
-128.125, 87.125, 3.352562251816599e-24, nan 
-127.875, 87.125, 3.8842203384009806e-24, nan 
-127.625, 87.125, 3.9801780603115206e-24, nan 
-127.375, 87.125, 5.684274874428408e-24, nan 
-127.125, 87.125, 4.752323893472967e-24, nan 
-126.875, 87.125, 3.7888238235052795e-24, nan 
-126.625, 87.125, 4.165994883711094e-24, nan 
-126.375, 87.125, 4.405095908881996e-24, nan 
-126.125, 87.125, 4.416083866384076e-24, nan 
-125.875, 87.125, 4.497903484752262e-24, nan 
-125.625, 87.125, 4.466192959882688e-24, nan 
-125.375, 87.125, 4.59933876058732e-24, nan 
-125.125, 87.125, 4.689564141083934e-24, nan 
-124.875, 87.125, 4.909412178650204e-24, nan 
-124.625, 87.125, 5.1339020858398275e-24, nan 
-124.375, 87.125, 5.34652878399473e-24, nan 
-124.125, 87.125, 5.688664623290703e-24, nan 
-123.875, 87.125, 5.824137317259925e-24, nan 
-123.625, 87.125, 5.8741491416724034e-24, nan 
-123.375, 87.125, 5.991171521594546e-24, nan 
-123.125, 87.125, 6.060408348282534e-24, nan 
-122.875, 87.125, 6.103563239940734e-24, nan 
-122.625, 87.125, 6.2546307790345436e-24, nan 
-122.375, 87.125, 6.231071881132809e-24, nan 
-122.125, 87.125, 6.1135356719326975e-24, nan 
-121.875, 87.125, 5.94951353226624e-24, nan 
-121.625, 87.125, 5.920330842595003e-24, nan 
-121.375, 87.125, 5.7691372139359115e-24, nan 
-121.125, 87.125, 5.918276293431258e-24, nan 
-120.875, 87.125, 5.991691884333403e-24, nan 
-120.625, 87.125, 6.349832598274473e-24, nan 
-120.375, 87.125, 6.851321671328333e-24, nan 
-120.125, 87.125, 7.783310601399656e-24, nan 
-119.875, 87.125, 9.203158106385416e-24, nan 
-119.625, 87.125, 9.57041548851486e-24, nan 
-119.375, 87.125, 9.928077513662598e-24, nan 
-119.125, 87.125, 1.0329969609877005e-23, nan 
-118.875, 87.125, 1.0842848737411299e-23, nan 
-118.625, 87.125, 1.1512868257823783e-23, nan 
-118.375, 87.125, 1.2105129867955496e-23, nan 
-118.125, 87.125, 1.2422906174757123e-23, nan 
-117.875, 87.125, 1.2696329771735183e-23, nan 
-117.625, 87.125, 1.308349914237961e-23, nan 
-117.375, 87.125, 1.4609378090380504e-23, nan 
-117.125, 87.125, 1.4864525031249498e-23, nan 
-116.875, 87.125, 1.5454446577975503e-23, nan 
-116.625, 87.125, 1.6118907919564905e-23, nan 
-116.375, 87.125, 1.6830079786253203e-23, nan 
-116.125, 87.125, 1.7514218390980882e-23, nan 
-115.875, 87.125, 1.7853684195430622e-23, nan 
-115.625, 87.125, 1.7893096879753228e-23, nan 
-115.375, 87.125, 1.7654086477665233e-23, nan 
-115.125, 87.125, 1.725836842150148e-23, nan 
-114.875, 87.125, 1.6380980884227267e-23, nan 
-114.625, 87.125, 1.568104742330711e-23, nan 
-114.375, 87.125, 1.3593270454401068e-23, nan 
-114.125, 87.125, 1.2697097701231034e-23, nan 
-113.875, 87.125, 1.28153903846798e-23, nan 
-113.625, 87.125, 1.3336747535711695e-23, nan 
-113.375, 87.125, 1.3937105545798928e-23, nan 
-113.125, 87.125, 1.451261162590515e-23, nan 
-112.875, 87.125, 1.494972048150436e-23, nan 
-112.625, 87.125, 1.4675834252933714e-23, nan 
-112.375, 87.125, 1.3967840608577026e-23, nan 
-112.125, 87.125, 1.357878961581255e-23, nan 
-111.875, 87.125, 1.3256871740135576e-23, nan 
-111.625, 87.125, 1.3043472741641619e-23, nan 
-111.375, 87.125, 1.3175385023901527e-23, nan 
-111.125, 87.125, 1.3215249251957695e-23, nan 
-110.875, 87.125, 1.3145784105254767e-23, nan 
-110.625, 87.125, 1.3106481578431831e-23, nan 
-110.375, 87.125, 1.2741810206487877e-23, nan 
-110.125, 87.125, 1.1642136913997137e-23, nan 
-109.875, 87.125, 1.050574933156161e-23, nan 
-109.625, 87.125, 9.310135276434735e-24, nan 
-109.375, 87.125, 8.337204931825654e-24, nan 
-109.125, 87.125, 7.389290316072941e-24, nan 
-108.875, 87.125, 6.559441485186414e-24, nan 
-108.625, 87.125, 5.865855246642539e-24, nan 
-108.375, 87.125, 5.297671423259842e-24, nan 
-108.125, 87.125, 4.7785173394356764e-24, nan 
-107.875, 87.125, 4.470713749947515e-24, nan 
-107.625, 87.125, 4.128298726235099e-24, nan 
-107.375, 87.125, 3.775013883982787e-24, nan 
-107.125, 87.125, 3.461397073131677e-24, nan 
-106.875, 87.125, 3.19618949472868e-24, nan 
-106.625, 87.125, 2.9696995557290326e-24, nan 
-106.375, 87.125, 2.8101613539690092e-24, nan 
-106.125, 87.125, 2.6471550049080835e-24, nan 
-105.875, 87.125, 2.5697706704299885e-24, nan 
-105.625, 87.125, 2.401177306568622e-24, nan 
-105.375, 87.125, 2.402165531555495e-24, nan 
-105.125, 87.125, 2.1480071256420454e-24, nan 
-104.875, 87.125, 1.981121176339972e-24, nan 
-104.625, 87.125, 1.7508177031905023e-24, nan 
-104.375, 87.125, 2.2050350122262013e-24, nan 
-104.125, 87.125, 1.916460684102509e-24, nan 
-103.875, 87.125, 1.4358793799181632e-24, nan 
-103.625, 87.125, 1.803779184690294e-24, nan 
-103.375, 87.125, 2.2960633571254698e-24, nan 
-103.125, 87.125, 2.8343204368266803e-24, nan 
-102.875, 87.125, 3.736212164780684e-24, nan 
-102.625, 87.125, 4.018897431815865e-24, nan 
-102.375, 87.125, 4.4938619618182894e-24, nan 
-102.125, 87.125, 4.754297893567067e-24, nan 
-101.875, 87.125, 4.735558876854577e-24, nan 
-101.625, 87.125, 4.69506117895456e-24, nan 
-101.375, 87.125, 4.4958501525396754e-24, nan 
-101.125, 87.125, 4.58458691591494e-24, nan 
-100.875, 87.125, 4.78711951676236e-24, nan 
-100.625, 87.125, 5.2315331916991354e-24, nan 
-100.375, 87.125, 5.527094573327488e-24, nan 
-100.125, 87.125, 5.400091479665001e-24, nan 
-99.875, 87.125, 5.097839463979291e-24, nan 
-99.625, 87.125, 5.540443095623885e-24, nan 
-99.375, 87.125, 5.244967436009006e-24, nan 
-99.125, 87.125, 5.72006957607381e-24, nan 
-98.875, 87.125, 5.948283153149876e-24, nan 
-98.625, 87.125, 6.3305412922840234e-24, nan 
-98.375, 87.125, 5.095804204252444e-24, nan 
-98.125, 87.125, 4.585628854125201e-24, nan 
-97.875, 87.125, 5.285731892627542e-24, nan 
-97.625, 87.125, 5.6351891792770156e-24, nan 
-97.375, 87.125, 5.7056785926504876e-24, nan 
-97.125, 87.125, 5.633622631455242e-24, nan 
-96.875, 87.125, 5.5370091890669564e-24, nan 
-96.625, 87.125, 5.281684514484605e-24, nan 
-96.375, 87.125, 5.289048173101103e-24, nan 
-96.125, 87.125, 5.100956327215998e-24, nan 
-95.875, 87.125, 4.985161115513852e-24, nan 
-95.625, 87.125, 4.887397041636983e-24, nan 
-95.375, 87.125, 4.837799932544999e-24, nan 
-95.125, 87.125, 4.969362036831126e-24, nan 
-94.875, 87.125, 5.1020285169585035e-24, nan 
-94.625, 87.125, 5.132317630090764e-24, nan 
-94.375, 87.125, 5.249934978160057e-24, nan 
-94.125, 87.125, 5.2820069478988176e-24, nan 
-93.875, 87.125, 5.798049891565619e-24, nan 
-93.625, 87.125, 6.60618726163542e-24, nan 
-93.375, 87.125, 7.087679953138819e-24, nan 
-93.125, 87.125, 7.197980851538788e-24, nan 
-92.875, 87.125, 7.280073686630487e-24, nan 
-92.625, 87.125, 7.287798967696394e-24, nan 
-92.375, 87.125, 7.412251032252387e-24, nan 
-92.125, 87.125, 7.230026445760507e-24, nan 
-91.875, 87.125, 7.347793825590144e-24, nan 
-91.625, 87.125, 7.320596830174004e-24, nan 
-91.375, 87.125, 7.074307826250111e-24, nan 
-91.125, 87.125, 6.717599436309879e-24, nan 
-90.875, 87.125, 6.4557317368980746e-24, nan 
-90.625, 87.125, 6.194249826733102e-24, nan 
-90.375, 87.125, 6.21514624662308e-24, nan 
-90.125, 87.125, 6.545615311918378e-24, nan 
-89.875, 87.125, 7.046664364070915e-24, nan 
-89.625, 87.125, 6.92797976492982e-24, nan 
-89.375, 87.125, 6.69333894940988e-24, nan 
-89.125, 87.125, 6.806685410522131e-24, nan 
-88.875, 87.125, 6.966481757328e-24, nan 
-88.625, 87.125, 7.274150678068536e-24, nan 
-88.375, 87.125, 7.59096327638364e-24, nan 
-88.125, 87.125, 8.137305512577338e-24, nan 
-87.875, 87.125, 8.155616044146951e-24, nan 
-87.625, 87.125, 8.254267284459074e-24, nan 
-87.375, 87.125, 8.296850616790729e-24, nan 
-87.125, 87.125, 8.386167638756637e-24, nan 
-86.875, 87.125, 8.330060635361142e-24, nan 
-86.625, 87.125, 8.127746691284883e-24, nan 
-86.375, 87.125, 7.826071693328595e-24, nan 
-86.125, 87.125, 7.507121814174217e-24, nan 
-85.875, 87.125, 7.237359552727704e-24, nan 
-85.625, 87.125, 7.087231778317405e-24, nan 
-85.375, 87.125, 6.902024148629462e-24, nan 
-85.125, 87.125, 6.772909583641386e-24, nan 
-84.875, 87.125, 6.5198118172537584e-24, nan 
-84.625, 87.125, 6.2633218478249436e-24, nan 
-84.375, 87.125, 6.1839575090421845e-24, nan 
-84.125, 87.125, 5.973057085483562e-24, nan 
-83.875, 87.125, 5.977012346143335e-24, nan 
-83.625, 87.125, 6.101429503070424e-24, nan 
-83.375, 87.125, 6.4311527523167725e-24, nan 
-83.125, 87.125, 6.703699436121047e-24, nan 
-82.875, 87.125, 6.785623625235902e-24, nan 
-82.625, 87.125, 6.807974119093544e-24, nan 
-82.375, 87.125, 7.1339340022735e-24, nan 
-82.125, 87.125, 7.270030631235238e-24, nan 
-81.875, 87.125, 7.282225974558079e-24, nan 
-81.625, 87.125, 7.153791489895033e-24, nan 
-81.375, 87.125, 7.165843423138383e-24, nan 
-81.125, 87.125, 7.135471778917877e-24, nan 
-80.875, 87.125, 7.317781406156144e-24, nan 
-80.625, 87.125, 7.388562520503145e-24, nan 
-80.375, 87.125, 7.47977436801134e-24, nan 
-80.125, 87.125, 7.585582128523106e-24, nan 
-79.875, 87.125, 7.415657010905758e-24, nan 
-79.625, 87.125, 7.396465572212407e-24, nan 
-79.375, 87.125, 7.166219614688725e-24, nan 
-79.125, 87.125, 7.234431225355652e-24, nan 
-78.875, 87.125, 7.392969975905527e-24, nan 
-78.625, 87.125, 7.82476199366802e-24, nan 
-78.375, 87.125, 8.00296103453006e-24, nan 
-78.125, 87.125, 8.345262893333905e-24, nan 
-77.875, 87.125, 8.487861281446123e-24, nan 
-77.625, 87.125, 8.978193662406674e-24, nan 
-77.375, 87.125, 8.935448595428623e-24, nan 
-77.125, 87.125, 9.587817793177647e-24, nan 
-76.875, 87.125, 9.804705727173048e-24, nan 
-76.625, 87.125, 1.0499562582949131e-23, nan 
-76.375, 87.125, 1.1109667345340045e-23, nan 
-76.125, 87.125, 1.1049472532768056e-23, nan 
-75.875, 87.125, 1.0521303882943385e-23, nan 
-75.625, 87.125, 9.978977968998129e-24, nan 
-75.375, 87.125, 9.619159374388781e-24, nan 
-75.125, 87.125, 8.948178322751857e-24, nan 
-74.875, 87.125, 7.990216158944715e-24, nan 
-74.625, 87.125, 7.348556551989997e-24, nan 
-74.375, 87.125, 6.393051630895588e-24, nan 
-74.125, 87.125, 5.932906745788405e-24, nan 
-73.875, 87.125, 6.687947818385586e-24, nan 
-73.625, 87.125, 8.274793946856911e-24, nan 
-73.375, 87.125, 9.067295173219739e-24, nan 
-73.125, 87.125, 8.900730533339003e-24, nan 
-72.875, 87.125, 9.865643755802016e-24, nan 
-72.625, 87.125, 9.715413823295744e-24, nan 
-72.375, 87.125, 1.0428741936629074e-23, nan 
-72.125, 87.125, 9.379078176537786e-24, nan 
-71.875, 87.125, 9.933271283857656e-24, nan 
-71.625, 87.125, 1.0623041798275447e-23, nan 
-71.375, 87.125, 1.0506690862671354e-23, nan 
-71.125, 87.125, 9.992766968542265e-24, nan 
-70.875, 87.125, 9.582479040429023e-24, nan 
-70.625, 87.125, 9.66548447675631e-24, nan 
-70.375, 87.125, 1.0658403427882846e-23, nan 
-70.125, 87.125, 9.858311019355031e-24, nan 
-69.875, 87.125, 9.475255948804057e-24, nan 
-69.625, 87.125, 8.983490162005842e-24, nan 
-69.375, 87.125, 8.29211468391881e-24, nan 
-69.125, 87.125, 7.459282433228942e-24, nan 
-68.875, 87.125, 6.859642086356137e-24, nan 
-68.625, 87.125, 6.376201660705367e-24, nan 
-68.375, 87.125, 5.45644127877256e-24, nan 
-68.125, 87.125, 4.9591141060437395e-24, nan 
-67.875, 87.125, 5.120621425592691e-24, nan 
-67.625, 87.125, 5.372902551515539e-24, nan 
-67.375, 87.125, 5.387182448150149e-24, nan 
-67.125, 87.125, 5.542126208529249e-24, nan 
-66.875, 87.125, 5.737280369464555e-24, nan 
-66.625, 87.125, 5.7712512226614125e-24, nan 
-66.375, 87.125, 5.414628255916379e-24, nan 
-66.125, 87.125, 5.113370111761717e-24, nan 
-65.875, 87.125, 4.852191337379273e-24, nan 
-65.625, 87.125, 4.4938716090356855e-24, nan 
-65.375, 87.125, 4.226783021960952e-24, nan 
-65.125, 87.125, 3.209455622991708e-24, nan 
-64.875, 87.125, 2.730871686356929e-24, nan 
-64.625, 87.125, 2.5672128219681768e-24, nan 
-64.375, 87.125, 2.696240728035816e-24, nan 
-64.125, 87.125, 2.9338282156798664e-24, nan 
-63.875, 87.125, 3.2720200560431756e-24, nan 
-63.625, 87.125, 3.554217821783201e-24, nan 
-63.375, 87.125, 3.784581695498595e-24, nan 
-63.125, 87.125, 4.076747207817314e-24, nan 
-62.875, 87.125, 4.3712760297461675e-24, nan 
-62.625, 87.125, 4.723790581110979e-24, nan 
-62.375, 87.125, 5.1751685764872406e-24, nan 
-62.125, 87.125, 6.001902460761096e-24, nan 
-61.875, 87.125, 7.106965626635366e-24, nan 
-61.625, 87.125, 8.100892837709493e-24, nan 
-61.375, 87.125, 8.790211170018147e-24, nan 
-61.125, 87.125, 1.0652551358104827e-23, nan 
-60.875, 87.125, 1.2220122239878141e-23, nan 
-60.625, 87.125, 1.3422017433843125e-23, nan 
-60.375, 87.125, 1.4322846559266073e-23, nan 
-60.125, 87.125, 1.4553822951438978e-23, nan 
-59.875, 87.125, 1.4904003665504406e-23, nan 
-59.625, 87.125, 1.5504393895702677e-23, nan 
-59.375, 87.125, 1.5590179129156426e-23, nan 
-59.125, 87.125, 1.5673929066481796e-23, nan 
-58.875, 87.125, 1.5358788689415577e-23, nan 
-58.625, 87.125, 1.543059451256536e-23, nan 
-58.375, 87.125, 1.501212931201014e-23, nan 
-58.125, 87.125, 1.4789350691401802e-23, nan 
-57.875, 87.125, 1.4361394436729156e-23, nan 
-57.625, 87.125, 1.3779407815433023e-23, nan 
-57.375, 87.125, 1.350062525393064e-23, nan 
-57.125, 87.125, 1.247865245575848e-23, nan 
-56.875, 87.125, 1.1512500782391976e-23, nan 
-56.625, 87.125, 1.0787018056405514e-23, nan 
-56.375, 87.125, 8.548229338891146e-24, nan 
-56.125, 87.125, 7.840297350087852e-24, nan 
-55.875, 87.125, 8.640792847971863e-24, nan 
-55.625, 87.125, 1.0282445391981758e-23, nan 
-55.375, 87.125, 1.1950596266859935e-23, nan 
-55.125, 87.125, 1.3352051474481064e-23, nan 
-54.875, 87.125, 1.525436131142235e-23, nan 
-54.625, 87.125, 1.6015941130604137e-23, nan 
-54.375, 87.125, 1.6679144013370278e-23, nan 
-54.125, 87.125, 1.4927399804350427e-23, nan 
-53.875, 87.125, 1.5015156210865987e-23, nan 
-53.625, 87.125, 1.6636171935799122e-23, nan 
-53.375, 87.125, 1.620121989786916e-23, nan 
-53.125, 87.125, 1.5427215236674642e-23, nan 
-52.875, 87.125, 1.4241181224624527e-23, nan 
-52.625, 87.125, 1.390144590548905e-23, nan 
-52.375, 87.125, 1.2946456257161019e-23, nan 
-52.125, 87.125, 1.1600999385098604e-23, nan 
-51.875, 87.125, 1.0579486863019596e-23, nan 
-51.625, 87.125, 9.566491521781514e-24, nan 
-51.375, 87.125, 8.724300741285508e-24, nan 
-51.125, 87.125, 7.637426257157838e-24, nan 
-50.875, 87.125, 6.172475822079192e-24, nan 
-50.625, 87.125, 4.695188195474602e-24, nan 
-50.375, 87.125, 5.0938633459005794e-24, nan 
-50.125, 87.125, 6.341638387353044e-24, nan 
-49.875, 87.125, 7.062591645825383e-24, nan 
-49.625, 87.125, 7.704877170428242e-24, nan 
-49.375, 87.125, 7.920506984925114e-24, nan 
-49.125, 87.125, 8.260100013132765e-24, nan 
-48.875, 87.125, 8.276103628906452e-24, nan 
-48.625, 87.125, 8.200268612939284e-24, nan 
-48.375, 87.125, 7.952792555556922e-24, nan 
-48.125, 87.125, 7.432611002774177e-24, nan 
-47.875, 87.125, 7.410810568235653e-24, nan 
-47.625, 87.125, 7.06989959981927e-24, nan 
-47.375, 87.125, 6.87414018759815e-24, nan 
-47.125, 87.125, 6.5567679260051444e-24, nan 
-46.875, 87.125, 6.251146795219302e-24, nan 
-46.625, 87.125, 5.865909243181752e-24, nan 
-46.375, 87.125, 5.2742258191943675e-24, nan 
-46.125, 87.125, 4.5293754264979814e-24, nan 
-45.875, 87.125, 4.045835183689005e-24, nan 
-45.625, 87.125, 3.2108685576616807e-24, nan 
-45.375, 87.125, 2.6933743748177354e-24, nan 
-45.125, 87.125, 2.668986002159396e-24, nan 
-44.875, 87.125, 3.0973905430330532e-24, nan 
-44.625, 87.125, 3.012403895469131e-24, nan 
-44.375, 87.125, 2.286124327675484e-24, nan 
-44.125, 87.125, 1.5235483869425776e-24, nan 
-43.875, 87.125, 1.1568176402158982e-24, nan 
-43.625, 87.125, 1.1069575168398566e-24, nan 
-43.375, 87.125, 1.1025072412284638e-24, nan 
-43.125, 87.125, 1.737578749531765e-24, nan 
-42.875, 87.125, 9.180320418902913e-25, nan 
-42.625, 87.125, 1.2379957768955825e-24, nan 
-42.375, 87.125, 1.5623851971037657e-24, nan 
-42.125, 87.125, 1.7067484741887122e-24, nan 
-41.875, 87.125, 1.6491238996921699e-24, nan 
-41.625, 87.125, 1.5566255075404233e-24, nan 
-41.375, 87.125, 1.4514881235883314e-24, nan 
-41.125, 87.125, 1.3479792107240767e-24, nan 
-40.875, 87.125, 1.0955297763714233e-24, nan 
-40.625, 87.125, 1.1799522404981567e-24, nan 
-40.375, 87.125, 6.587877044803878e-24, nan 
-40.125, 87.125, 8.89577952537353e-24, nan 
-39.875, 87.125, 4.7543650907636485e-24, nan 
-39.625, 87.125, 2.2864831621606487e-24, nan 
-39.375, 87.125, 2.05233946470239e-24, nan 
-39.125, 87.125, 1.4038603321130934e-24, nan 
-38.875, 87.125, 1.1769007882548891e-24, nan 
-38.625, 87.125, 1.2340730668240535e-24, nan 
-38.375, 87.125, 3.475391449957561e-24, nan 
-38.125, 87.125, 1.0816177572038911e-23, nan 
-37.875, 87.125, 8.093402826618944e-24, nan 
-37.625, 87.125, 4.117623702638899e-24, nan 
-37.375, 87.125, 1.9684530998867605e-24, nan 
-37.125, 87.125, 1.8994761373635737e-24, nan 
-36.875, 87.125, 2.180626811770874e-24, nan 
-36.625, 87.125, 2.566502081841976e-24, nan 
-36.375, 87.125, 2.919707178090608e-24, nan 
-36.125, 87.125, 3.199479296881078e-24, nan 
-35.875, 87.125, 3.5045875471472346e-24, nan 
-35.625, 87.125, 3.791022904261791e-24, nan 
-35.375, 87.125, 4.120402025698708e-24, nan 
-35.125, 87.125, 4.463770348366407e-24, nan 
-34.875, 87.125, 4.71096252107501e-24, nan 
-34.625, 87.125, 4.842735997094983e-24, nan 
-34.375, 87.125, 5.1479836102584776e-24, nan 
-34.125, 87.125, 5.242621127922565e-24, nan 
-33.875, 87.125, 5.224673788909736e-24, nan 
-33.625, 87.125, 5.3279534528676965e-24, nan 
-33.375, 87.125, 5.431284129907432e-24, nan 
-33.125, 87.125, 5.606436937812418e-24, nan 
-32.875, 87.125, 5.812596854718969e-24, nan 
-32.625, 87.125, 6.0895487849228324e-24, nan 
-32.375, 87.125, 6.745803826843668e-24, nan 
-32.125, 87.125, 8.036615549451133e-24, nan 
-31.875, 87.125, 9.251053034693311e-24, nan 
-31.625, 87.125, 1.1091306771047216e-23, nan 
-31.375, 87.125, 1.2492630882448078e-23, nan 
-31.125, 87.125, 1.3548522434658267e-23, nan 
-30.875, 87.125, 1.4537478011580722e-23, nan 
-30.625, 87.125, 1.809052408316926e-23, nan 
-30.375, 87.125, 1.9746130540165933e-23, nan 
-30.125, 87.125, 1.8010661858444195e-23, nan 
-29.875, 87.125, 1.6043363666472785e-23, nan 
-29.625, 87.125, 1.614432622875599e-23, nan 
-29.375, 87.125, 1.6488469061074783e-23, nan 
-29.125, 87.125, 1.639529863457359e-23, nan 
-28.875, 87.125, 1.6283134685360848e-23, nan 
-28.625, 87.125, 1.6052707582460747e-23, nan 
-28.375, 87.125, 1.574924111669683e-23, nan 
-28.125, 87.125, 1.5198922724873632e-23, nan 
-27.875, 87.125, 1.442224902306632e-23, nan 
-27.625, 87.125, 1.419421422324238e-23, nan 
-27.375, 87.125, 1.530687116584917e-23, nan 
-27.125, 87.125, 1.7264158969003345e-23, nan 
-26.875, 87.125, 1.682612945939199e-23, nan 
-26.625, 87.125, 1.4218471263632926e-23, nan 
-26.375, 87.125, 1.3604630383319862e-23, nan 
-26.125, 87.125, 1.3232336304612745e-23, nan 
-25.875, 87.125, 1.2959108184581962e-23, nan 
-25.625, 87.125, 1.270951139654359e-23, nan 
-25.375, 87.125, 1.253471800230352e-23, nan 
-25.125, 87.125, 1.2819231620616306e-23, nan 
-24.875, 87.125, 1.2739758220327812e-23, nan 
-24.625, 87.125, 1.1595779400455196e-23, nan 
-24.375, 87.125, 1.1896871758729704e-23, nan 
-24.125, 87.125, 1.246299035523975e-23, nan 
-23.875, 87.125, 1.2924433262042486e-23, nan 
-23.625, 87.125, 1.3123164854871558e-23, nan 
-23.375, 87.125, 1.2510992201436439e-23, nan 
-23.125, 87.125, 1.1223938854505437e-23, nan 
-22.875, 87.125, 9.6930997614142e-24, nan 
-22.625, 87.125, 9.17141225766244e-24, nan 
-22.375, 87.125, 8.020748976957442e-24, nan 
-22.125, 87.125, 7.442077836169322e-24, nan 
-21.875, 87.125, 8.005116886119419e-24, nan 
-21.625, 87.125, 8.070464868313783e-24, nan 
-21.375, 87.125, 6.75328973889277e-24, nan 
-21.125, 87.125, 5.207294686155387e-24, nan 
-20.875, 87.125, 4.437786528407165e-24, nan 
-20.625, 87.125, 4.1042124604296124e-24, nan 
-20.375, 87.125, 3.933015640393838e-24, nan 
-20.125, 87.125, 3.9482094346931155e-24, nan 
-19.875, 87.125, 4.0962706252647524e-24, nan 
-19.625, 87.125, 4.0960143047288436e-24, nan 
-19.375, 87.125, 3.896472981564825e-24, nan 
-19.125, 87.125, 3.833463958064046e-24, nan 
-18.875, 87.125, 3.937423276856251e-24, nan 
-18.625, 87.125, 4.114797035248269e-24, nan 
-18.375, 87.125, 4.1373372206965164e-24, nan 
-18.125, 87.125, 3.842713096692099e-24, nan 
-17.875, 87.125, 3.5665865713026795e-24, nan 
-17.625, 87.125, 3.340412574170994e-24, nan 
-17.375, 87.125, 3.1666138865539644e-24, nan 
-17.125, 87.125, 3.2968106204129288e-24, nan 
-16.875, 87.125, 4.227212401699141e-24, nan 
-16.625, 87.125, 5.8783188842335075e-24, nan 
-16.375, 87.125, 6.479577120325901e-24, nan 
-16.125, 87.125, 6.761824645069107e-24, nan 
-15.875, 87.125, 6.968492415100146e-24, nan 
-15.625, 87.125, 7.165572417012208e-24, nan 
-15.375, 87.125, 7.790841511246267e-24, nan 
-15.125, 87.125, 1.0149968114868882e-23, nan 
-14.875, 87.125, 8.709507769220334e-24, nan 
-14.625, 87.125, 4.1626207988804374e-24, nan 
-14.375, 87.125, 7.577518123444355e-24, nan 
-14.125, 87.125, 3.478511554247256e-24, nan 
-13.875, 87.125, 3.723306329612166e-24, nan 
-13.625, 87.125, 5.715548983586584e-24, nan 
-13.375, 87.125, 6.698893557717467e-24, nan 
-13.125, 87.125, 7.048967041153135e-24, nan 
-12.875, 87.125, 7.362091223716571e-24, nan 
-12.625, 87.125, 8.350901064928209e-24, nan 
-12.375, 87.125, 1.1713739166075133e-23, nan 
-12.125, 87.125, 1.0687547354165802e-23, nan 
-11.875, 87.125, 9.720777643813851e-24, nan 
-11.625, 87.125, 8.257005184920622e-24, nan 
-11.375, 87.125, 6.125926556873789e-24, nan 
-11.125, 87.125, 4.267933316350224e-24, nan 
-10.875, 87.125, 3.027491882011446e-24, nan 
-10.625, 87.125, 5.682600145705984e-24, nan 
-10.375, 87.125, 7.063864999713607e-24, nan 
-10.125, 87.125, 8.74330688912377e-24, nan 
-9.875, 87.125, 3.0469649212889126e-24, nan 
-9.625, 87.125, 5.150787892596263e-24, nan 
-9.375, 87.125, 6.265460938512845e-24, nan 
-9.125, 87.125, 6.764741193876418e-24, nan 
-8.875, 87.125, 6.970674598401526e-24, nan 
-8.625, 87.125, 7.027139332696964e-24, nan 
-8.375, 87.125, 7.073404630498022e-24, nan 
-8.125, 87.125, 7.117889694548333e-24, nan 
-7.875, 87.125, 7.147299340694928e-24, nan 
-7.625, 87.125, 7.094047552458413e-24, nan 
-7.375, 87.125, 6.873070002182045e-24, nan 
-7.125, 87.125, 6.559471315465529e-24, nan 
-6.875, 87.125, 5.677869214660486e-24, nan 
-6.625, 87.125, 5.036558574979102e-24, nan 
-6.375, 87.125, 4.786949101614354e-24, nan 
-6.125, 87.125, 5.943732010276168e-24, nan 
-5.875, 87.125, 8.166064252515023e-24, nan 
-5.625, 87.125, 1.0437228429558753e-23, nan 
-5.375, 87.125, 1.0763901275190579e-23, nan 
-5.125, 87.125, 1.0867916685415202e-23, nan 
-4.875, 87.125, 1.0578477040180099e-23, nan 
-4.625, 87.125, 1.0595344496580993e-23, nan 
-4.375, 87.125, 1.1171394904665507e-23, nan 
-4.125, 87.125, 1.117554266897734e-23, nan 
-3.875, 87.125, 1.0943396584247527e-23, nan 
-3.625, 87.125, 1.0401449693788333e-23, nan 
-3.375, 87.125, 1.0057211680955045e-23, nan 
-3.125, 87.125, 9.748763553756207e-24, nan 
-2.875, 87.125, 9.953157964617057e-24, nan 
-2.625, 87.125, 9.901698341535985e-24, nan 
-2.375, 87.125, 1.052548184441719e-23, nan 
-2.125, 87.125, 1.1409474132828599e-23, nan 
-1.875, 87.125, 1.2048037906116368e-23, nan 
-1.625, 87.125, 1.2615234059968188e-23, nan 
-1.375, 87.125, 1.706217541053275e-23, nan 
-1.125, 87.125, 2.2765399931701094e-23, nan 
-0.875, 87.125, 2.4949757355589833e-23, nan 
-0.625, 87.125, 2.5195577991199415e-23, nan 
-0.375, 87.125, 2.5359537488816974e-23, nan 
-0.125, 87.125, 2.4560240245665675e-23, nan 
0.125, 87.125, 2.2845200131082883e-23, nan 
0.375, 87.125, 2.1886393966163695e-23, nan 
0.625, 87.125, 2.01825480169361e-23, nan 
0.875, 87.125, 1.7612011686118055e-23, nan 
1.125, 87.125, 1.3734909653084037e-23, nan 
1.375, 87.125, 1.1412020952501879e-23, nan 
1.625, 87.125, 9.883861610560946e-24, nan 
1.875, 87.125, 9.217434012531193e-24, nan 
2.125, 87.125, 1.0118037977587189e-23, nan 
2.375, 87.125, 1.1705266454782419e-23, nan 
2.625, 87.125, 1.3025445425221073e-23, nan 
2.875, 87.125, 1.4059979627964448e-23, nan 
3.125, 87.125, 1.4682386917221112e-23, nan 
3.375, 87.125, 1.6534846593995705e-23, nan 
3.625, 87.125, 1.9015093600064738e-23, nan 
3.875, 87.125, 2.1616305399160228e-23, nan 
4.125, 87.125, 2.2113874501268844e-23, nan 
4.375, 87.125, 2.205179533477319e-23, nan 
4.625, 87.125, 2.170820369161438e-23, nan 
4.875, 87.125, 2.113462868567217e-23, nan 
5.125, 87.125, 2.0577569125477205e-23, nan 
5.375, 87.125, 1.9336646642608146e-23, nan 
5.625, 87.125, 1.740753382082224e-23, nan 
5.875, 87.125, 1.4641565786548912e-23, nan 
6.125, 87.125, 1.2891791853287173e-23, nan 
6.375, 87.125, 1.1471492984244736e-23, nan 
6.625, 87.125, 9.92576422008004e-24, nan 
6.875, 87.125, 8.82570579464026e-24, nan 
7.125, 87.125, 7.936677860641196e-24, nan 
7.375, 87.125, 7.612124965598411e-24, nan 
7.625, 87.125, 7.326641324654767e-24, nan 
7.875, 87.125, 7.09623270614562e-24, nan 
8.125, 87.125, 6.863188851768479e-24, nan 
8.375, 87.125, 6.571549892500881e-24, nan 
8.625, 87.125, 6.344110791086742e-24, nan 
8.875, 87.125, 6.148583920494838e-24, nan 
9.125, 87.125, 5.925014124916548e-24, nan 
9.375, 87.125, 5.754084751118028e-24, nan 
9.625, 87.125, 5.611195913534548e-24, nan 
9.875, 87.125, 5.4026572734879284e-24, nan 
10.125, 87.125, 5.112999781771404e-24, nan 
10.375, 87.125, 4.878517557108768e-24, nan 
10.625, 87.125, 4.6319478413592546e-24, nan 
10.875, 87.125, 4.4565412839772814e-24, nan 
11.125, 87.125, 4.246175668690533e-24, nan 
11.375, 87.125, 3.1814093521686917e-24, nan 
11.625, 87.125, 3.567043849294719e-24, nan 
11.875, 87.125, 6.4423760984339806e-24, nan 
12.125, 87.125, 9.480105866883376e-24, nan 
12.375, 87.125, 1.2833202963390327e-23, nan 
12.625, 87.125, 1.2144504311388489e-23, nan 
12.875, 87.125, 7.626102445311024e-24, nan 
13.125, 87.125, 8.69843394374916e-24, nan 
13.375, 87.125, 5.260566442564923e-24, nan 
13.625, 87.125, 3.5910155413207356e-24, nan 
13.875, 87.125, 3.362159687321564e-24, nan 
14.125, 87.125, 1.0539951094549405e-23, nan 
14.375, 87.125, 8.397456510815128e-24, nan 
14.625, 87.125, 9.049429244269544e-24, nan 
14.875, 87.125, 1.0020126061635026e-23, nan 
15.125, 87.125, 1.1526463730756822e-23, nan 
15.375, 87.125, 1.2912184258617928e-23, nan 
15.625, 87.125, 1.286508115001427e-23, nan 
15.875, 87.125, 9.855708105795643e-24, nan 
16.125, 87.125, 1.1510765523994822e-23, nan 
16.375, 87.125, 1.1079876191644691e-23, nan 
16.625, 87.125, 1.0470171484380789e-23, nan 
16.875, 87.125, 8.749570124968504e-24, nan 
17.125, 87.125, 8.622719723239078e-24, nan 
17.375, 87.125, 9.42013889698804e-24, nan 
17.625, 87.125, 9.738847984810826e-24, nan 
17.875, 87.125, 9.61177823227245e-24, nan 
18.125, 87.125, 9.916054753449194e-24, nan 
18.375, 87.125, 1.0409053225798772e-23, nan 
18.625, 87.125, 8.366999743268297e-24, nan 
18.875, 87.125, 9.121854835604072e-24, nan 
19.125, 87.125, 1.1151955219131135e-23, nan 
19.375, 87.125, 1.3989687051285435e-23, nan 
19.625, 87.125, 1.6699955053859588e-23, nan 
19.875, 87.125, 1.9974588259115994e-23, nan 
20.125, 87.125, 2.2071208237878032e-23, nan 
20.375, 87.125, 2.19724906013774e-23, nan 
20.625, 87.125, 2.1895996694490303e-23, nan 
20.875, 87.125, 2.1974991069611237e-23, nan 
21.125, 87.125, 2.207521819154046e-23, nan 
21.375, 87.125, 2.183555259309693e-23, nan 
21.625, 87.125, 2.1540167324935716e-23, nan 
21.875, 87.125, 2.2001378158995046e-23, nan 
22.125, 87.125, 2.1067088649604916e-23, nan 
22.375, 87.125, 1.9000271598287383e-23, nan 
22.625, 87.125, 1.6582233628581677e-23, nan 
22.875, 87.125, 1.3560233492340054e-23, nan 
23.125, 87.125, 1.1093706404263303e-23, nan 
23.375, 87.125, 1.0861563822974223e-23, nan 
23.625, 87.125, 1.2047227846618968e-23, nan 
23.875, 87.125, 1.428067946923327e-23, nan 
24.125, 87.125, 1.6951585392160333e-23, nan 
24.375, 87.125, 1.8604195557878658e-23, nan 
24.625, 87.125, 2.01522351731661e-23, nan 
24.875, 87.125, 2.1371304595055165e-23, nan 
25.125, 87.125, 2.1789023472334635e-23, nan 
25.375, 87.125, 2.2135827841934224e-23, nan 
25.625, 87.125, 2.2569063904899744e-23, nan 
25.875, 87.125, 2.2597543305878046e-23, nan 
26.125, 87.125, 2.341728902765958e-23, nan 
26.375, 87.125, 2.4194122118004514e-23, nan 
26.625, 87.125, 2.6228749688050972e-23, nan 
26.875, 87.125, 2.3242022613353263e-23, nan 
27.125, 87.125, 1.978407164983909e-23, nan 
27.375, 87.125, 1.7784156744001574e-23, nan 
27.625, 87.125, 1.539768203367552e-23, nan 
27.875, 87.125, 1.2710739675480476e-23, nan 
28.125, 87.125, 1.065663402724174e-23, nan 
28.375, 87.125, 9.379148937560297e-24, nan 
28.625, 87.125, 8.588148363340764e-24, nan 
28.875, 87.125, 7.785882126387346e-24, nan 
29.125, 87.125, 7.433018686623696e-24, nan 
29.375, 87.125, 6.915302269231328e-24, nan 
29.625, 87.125, 6.5465709134877806e-24, nan 
29.875, 87.125, 6.0914521897771434e-24, nan 
30.125, 87.125, 5.781020399633158e-24, nan 
30.375, 87.125, 5.344346088568339e-24, nan 
30.625, 87.125, 4.056971757172169e-24, nan 
30.875, 87.125, 3.2912692077421604e-24, nan 
31.125, 87.125, 2.9178596505089778e-24, nan 
31.375, 87.125, 3.137934849295474e-24, nan 
31.625, 87.125, 3.2717826025505706e-24, nan 
31.875, 87.125, 3.6372396341655686e-24, nan 
32.125, 87.125, 3.901227213955176e-24, nan 
32.375, 87.125, 4.349584755812066e-24, nan 
32.625, 87.125, 4.7380535189941315e-24, nan 
32.875, 87.125, 5.200794366999946e-24, nan 
33.125, 87.125, 5.775439370116638e-24, nan 
33.375, 87.125, 6.3174792359472556e-24, nan 
33.625, 87.125, 6.913545778872027e-24, nan 
33.875, 87.125, 8.039516171072041e-24, nan 
34.125, 87.125, 1.0394020659067545e-23, nan 
34.375, 87.125, 1.2840939851082854e-23, nan 
34.625, 87.125, 9.676982284624911e-24, nan 
34.875, 87.125, 8.536418808277669e-24, nan 
35.125, 87.125, 9.684618954664037e-24, nan 
35.375, 87.125, 1.1631252636757773e-23, nan 
35.625, 87.125, 7.83314482132846e-24, nan 
35.875, 87.125, 6.131591460096644e-24, nan 
36.125, 87.125, 5.382641135008791e-24, nan 
36.375, 87.125, 5.074054540931771e-24, nan 
36.625, 87.125, 4.679202510697552e-24, nan 
36.875, 87.125, 4.4204106884687665e-24, nan 
37.125, 87.125, 4.240362618304141e-24, nan 
37.375, 87.125, 4.186395543234599e-24, nan 
37.625, 87.125, 4.4530979218129565e-24, nan 
37.875, 87.125, 5.3186212528288554e-24, nan 
38.125, 87.125, 6.071084298530452e-24, nan 
38.375, 87.125, 6.747960840527425e-24, nan 
38.625, 87.125, 7.468092145065499e-24, nan 
38.875, 87.125, 8.001185848861142e-24, nan 
39.125, 87.125, 8.316682626473856e-24, nan 
39.375, 87.125, 8.947636938721678e-24, nan 
39.625, 87.125, 1.0174004247966319e-23, nan 
39.875, 87.125, 1.0047918930613511e-23, nan 
40.125, 87.125, 9.823377808392754e-24, nan 
40.375, 87.125, 9.731446555840123e-24, nan 
40.625, 87.125, 9.356243010188103e-24, nan 
40.875, 87.125, 7.571247226210563e-24, nan 
41.125, 87.125, 8.341743813849316e-24, nan 
41.375, 87.125, 5.335062193954127e-24, nan 
41.625, 87.125, 4.45777352952822e-24, nan 
41.875, 87.125, 5.350489219238874e-24, nan 
42.125, 87.125, 8.787386353747292e-24, nan 
42.375, 87.125, 1.0104726947753556e-23, nan 
42.625, 87.125, 1.1359003960095355e-23, nan 
42.875, 87.125, 1.264061462844843e-23, nan 
43.125, 87.125, 1.4184493427424598e-23, nan 
43.375, 87.125, 1.5382687442736737e-23, nan 
43.625, 87.125, 1.6922657356967375e-23, nan 
43.875, 87.125, 1.8334131581904332e-23, nan 
44.125, 87.125, 1.924956515174925e-23, nan 
44.375, 87.125, 1.996836985410201e-23, nan 
44.625, 87.125, 2.052942418909805e-23, nan 
44.875, 87.125, 2.0461322411623875e-23, nan 
45.125, 87.125, 1.9680195763807904e-23, nan 
45.375, 87.125, 1.938072677707843e-23, nan 
45.625, 87.125, 1.5371897291989552e-23, nan 
45.875, 87.125, 1.2477311734466996e-23, nan 
46.125, 87.125, 1.1760839581947781e-23, nan 
46.375, 87.125, 1.3265278337557124e-23, nan 
46.625, 87.125, 1.4702136919493676e-23, nan 
46.875, 87.125, 1.564412170946197e-23, nan 
47.125, 87.125, 1.653302526334454e-23, nan 
47.375, 87.125, 1.7453945924524137e-23, nan 
47.625, 87.125, 1.8376809213281198e-23, nan 
47.875, 87.125, 1.9371365777838262e-23, nan 
48.125, 87.125, 2.0411188591103893e-23, nan 
48.375, 87.125, 2.1407860828439275e-23, nan 
48.625, 87.125, 2.2375354456091643e-23, nan 
48.875, 87.125, 2.3346232355683905e-23, nan 
49.125, 87.125, 2.404108453370462e-23, nan 
49.375, 87.125, 2.4646305462294612e-23, nan 
49.625, 87.125, 2.5077875395004744e-23, nan 
49.875, 87.125, 2.520000776565104e-23, nan 
50.125, 87.125, 2.5190001800016515e-23, nan 
50.375, 87.125, 2.398635620704551e-23, nan 
50.625, 87.125, 2.2883476600650062e-23, nan 
50.875, 87.125, 2.141990750416962e-23, nan 
51.125, 87.125, 2.0360799901850004e-23, nan 
51.375, 87.125, 1.963227545732397e-23, nan 
51.625, 87.125, 1.9594221414354504e-23, nan 
51.875, 87.125, 1.9886300604417262e-23, nan 
52.125, 87.125, 2.0168604433847423e-23, nan 
52.375, 87.125, 2.1223419541051206e-23, nan 
52.625, 87.125, 2.2587370788560144e-23, nan 
52.875, 87.125, 2.4739814774139263e-23, nan 
53.125, 87.125, 2.648884525141842e-23, nan 
53.375, 87.125, 2.870346289600262e-23, nan 
53.625, 87.125, 2.970528725618566e-23, nan 
53.875, 87.125, 3.01909326017381e-23, nan 
54.125, 87.125, 3.189002533478075e-23, nan 
54.375, 87.125, 3.80228509411504e-23, nan 
54.625, 87.125, 3.311280700759505e-23, nan 
54.875, 87.125, 3.111579335440273e-23, nan 
55.125, 87.125, 3.637788748154008e-23, nan 
55.375, 87.125, 4.106963943719994e-23, nan 
55.625, 87.125, 3.3643086940650675e-23, nan 
55.875, 87.125, 3.9165410938104905e-23, nan 
56.125, 87.125, 4.287900729414315e-23, nan 
56.375, 87.125, 4.512932165397816e-23, nan 
56.625, 87.125, 4.6020710329803995e-23, nan 
56.875, 87.125, 4.757434179953294e-23, nan 
57.125, 87.125, 4.9451360155162834e-23, nan 
57.375, 87.125, 4.094748122553165e-23, nan 
57.625, 87.125, 3.919687975645452e-23, nan 
57.875, 87.125, 3.989632807488587e-23, nan 
58.125, 87.125, 4.2059013804054126e-23, nan 
58.375, 87.125, 4.4652127472643376e-23, nan 
58.625, 87.125, 4.8025815590253005e-23, nan 
58.875, 87.125, 5.228266955682325e-23, nan 
59.125, 87.125, 5.452047554369709e-23, nan 
59.375, 87.125, 5.704675701063021e-23, nan 
59.625, 87.125, 5.922719126327333e-23, nan 
59.875, 87.125, 6.173644881745272e-23, nan 
60.125, 87.125, 6.299192665460941e-23, nan 
60.375, 87.125, 6.41723152010559e-23, nan 
60.625, 87.125, 6.506463057885556e-23, nan 
60.875, 87.125, 6.493719255997031e-23, nan 
61.125, 87.125, 6.413362792593849e-23, nan 
61.375, 87.125, 6.214317014043751e-23, nan 
61.625, 87.125, 6.119618285446942e-23, nan 
61.875, 87.125, 6.042779151067015e-23, nan 
62.125, 87.125, 6.206519353929848e-23, nan 
62.375, 87.125, 7.211502034811842e-23, nan 
62.625, 87.125, 7.003324086794994e-23, nan 
62.875, 87.125, 5.841385831361446e-23, nan 
63.125, 87.125, 4.913926650501417e-23, nan 
63.375, 87.125, 4.970606225924011e-23, nan 
63.625, 87.125, 5.557120197167906e-23, nan 
63.875, 87.125, 6.047082525845364e-23, nan 
64.125, 87.125, 6.543543297557069e-23, nan 
64.375, 87.125, 6.891518682415706e-23, nan 
64.625, 87.125, 7.222184593568084e-23, nan 
64.875, 87.125, 7.518832897732718e-23, nan 
65.125, 87.125, 7.765537532183732e-23, nan 
65.375, 87.125, 7.96900310068766e-23, nan 
65.625, 87.125, 8.095197124409987e-23, nan 
65.875, 87.125, 8.202713361507241e-23, nan 
66.125, 87.125, 8.244582014759882e-23, nan 
66.375, 87.125, 8.294335604896199e-23, nan 
66.625, 87.125, 8.312009338424201e-23, nan 
66.875, 87.125, 8.29211903481385e-23, nan 
67.125, 87.125, 8.283764916256704e-23, nan 
67.375, 87.125, 8.049683643190324e-23, nan 
67.625, 87.125, 7.351116956112038e-23, nan 
67.875, 87.125, 6.742152704265852e-23, nan 
68.125, 87.125, 6.405028607121341e-23, nan 
68.375, 87.125, 5.749377850525412e-23, nan 
68.625, 87.125, 4.480240707014338e-23, nan 
68.875, 87.125, 3.661779707354125e-23, nan 
69.125, 87.125, 2.979176713034421e-23, nan 
69.375, 87.125, 2.5873980281498582e-23, nan 
69.625, 87.125, 2.5735922762447193e-23, nan 
69.875, 87.125, 2.4834297957105344e-23, nan 
70.125, 87.125, 2.4857565818950138e-23, nan 
70.375, 87.125, 2.5273750048887145e-23, nan 
70.625, 87.125, 2.5869047571002196e-23, nan 
70.875, 87.125, 2.779874439619194e-23, nan 
71.125, 87.125, 2.9626255289823005e-23, nan 
71.375, 87.125, 2.9784494122415164e-23, nan 
71.625, 87.125, 3.1068571699217236e-23, nan 
71.875, 87.125, 3.229900780639532e-23, nan 
72.125, 87.125, 3.325010471675162e-23, nan 
72.375, 87.125, 3.387240699048616e-23, nan 
72.625, 87.125, 3.465805856452203e-23, nan 
72.875, 87.125, 3.619245888345871e-23, nan 
73.125, 87.125, 3.6992805652067966e-23, nan 
73.375, 87.125, 3.7071146864994923e-23, nan 
73.625, 87.125, 3.5275371477978543e-23, nan 
73.875, 87.125, 3.528561463511099e-23, nan 
74.125, 87.125, 4.002506910919877e-23, nan 
74.375, 87.125, 4.154102766100868e-23, nan 
74.625, 87.125, 4.0446175311899616e-23, nan 
74.875, 87.125, 4.16765496623186e-23, nan 
75.125, 87.125, 4.0757135780422304e-23, nan 
75.375, 87.125, 3.533500384539287e-23, nan 
75.625, 87.125, 4.6119255637130945e-23, nan 
75.875, 87.125, 4.364747337754956e-23, nan 
76.125, 87.125, 4.3024843872376797e-23, nan 
76.375, 87.125, 4.35327286044808e-23, nan 
76.625, 87.125, 4.4351024347794337e-23, nan 
76.875, 87.125, 4.5732726119440975e-23, nan 
77.125, 87.125, 4.61595977799553e-23, nan 
77.375, 87.125, 4.56124984006096e-23, nan 
77.625, 87.125, 4.0999251789943115e-23, nan 
77.875, 87.125, 3.8083282869982613e-23, nan 
78.125, 87.125, 3.601496066836304e-23, nan 
78.375, 87.125, 3.370276495627389e-23, nan 
78.625, 87.125, 3.683172532890187e-23, nan 
78.875, 87.125, 3.792844811678568e-23, nan 
79.125, 87.125, 7.175477530139466e-23, nan 
79.375, 87.125, 7.965907034193907e-23, nan 
79.625, 87.125, 8.234905014997625e-23, nan 
79.875, 87.125, 8.344329817370418e-23, nan 
80.125, 87.125, 8.420267735790097e-23, nan 
80.375, 87.125, 5.958118874688754e-23, nan 
80.625, 87.125, 4.9762221185010676e-23, nan 
80.875, 87.125, 4.667960768858756e-23, nan 
81.125, 87.125, 4.716368398616425e-23, nan 
81.375, 87.125, 4.998439391737764e-23, nan 
81.625, 87.125, 5.971157844326328e-23, nan 
81.875, 87.125, 7.847963174529868e-23, nan 
82.125, 87.125, 8.469981846305646e-23, nan 
82.375, 87.125, 6.44660261803002e-23, nan 
82.625, 87.125, 5.0348373266316323e-23, nan 
82.875, 87.125, 4.3811020906443315e-23, nan 
83.125, 87.125, 4.25844187049655e-23, nan 
83.375, 87.125, 4.0900561326617994e-23, nan 
83.625, 87.125, 3.881172382823876e-23, nan 
83.875, 87.125, 3.9305108926916664e-23, nan 
84.125, 87.125, 4.136594432857453e-23, nan 
84.375, 87.125, 5.1077338421432207e-23, nan 
84.625, 87.125, 7.672948355850538e-23, nan 
84.875, 87.125, 7.657895418583402e-23, nan 
85.125, 87.125, 7.677507299104505e-23, nan 
85.375, 87.125, 7.766755973658033e-23, nan 
85.625, 87.125, 7.912664537444176e-23, nan 
85.875, 87.125, 8.018110680054121e-23, nan 
86.125, 87.125, 8.265172269062186e-23, nan 
86.375, 87.125, 8.509362903419967e-23, nan 
86.625, 87.125, 8.722721976679258e-23, nan 
86.875, 87.125, 8.837893158761543e-23, nan 
87.125, 87.125, 8.182248884890311e-23, nan 
87.375, 87.125, 5.926799024237499e-23, nan 
87.625, 87.125, 5.0683349066340453e-23, nan 
87.875, 87.125, 4.8723822598390466e-23, nan 
88.125, 87.125, 4.887631263492771e-23, nan 
88.375, 87.125, 5.023309515949159e-23, nan 
88.625, 87.125, 5.24020525535918e-23, nan 
88.875, 87.125, 5.464891255636708e-23, nan 
89.125, 87.125, 5.896074711440354e-23, nan 
89.375, 87.125, 6.242363423931037e-23, nan 
89.625, 87.125, 6.285837244826672e-23, nan 
89.875, 87.125, 6.444874565558367e-23, nan 
90.125, 87.125, 6.547064635621277e-23, nan 
90.375, 87.125, 6.739198395579541e-23, nan 
90.625, 87.125, 6.895696814388829e-23, nan 
90.875, 87.125, 6.92783623282175e-23, nan 
91.125, 87.125, 6.636661008664976e-23, nan 
91.375, 87.125, 6.519194427368657e-23, nan 
91.625, 87.125, 6.603421691016599e-23, nan 
91.875, 87.125, 7.082089089467287e-23, nan 
92.125, 87.125, 7.927364211820667e-23, nan 
92.375, 87.125, 9.843820641918884e-23, nan 
92.625, 87.125, 9.25205155050593e-23, nan 
92.875, 87.125, 8.51729953210758e-23, nan 
93.125, 87.125, 7.708194411401596e-23, nan 
93.375, 87.125, 7.369886451208091e-23, nan 
93.625, 87.125, 7.255855865425599e-23, nan 
93.875, 87.125, 7.841735380625685e-23, nan 
94.125, 87.125, 8.728534176886191e-23, nan 
94.375, 87.125, 9.19852098440762e-23, nan 
94.625, 87.125, 9.926299234856522e-23, nan 
94.875, 87.125, 1.0470900705989705e-22, nan 
95.125, 87.125, 1.0944359395572279e-22, nan 
95.375, 87.125, 1.1263185371192547e-22, nan 
95.625, 87.125, 1.1425656144359552e-22, nan 
95.875, 87.125, 1.1335390724585977e-22, nan 
96.125, 87.125, 1.1253752392463159e-22, nan 
96.375, 87.125, 1.133583314963069e-22, nan 
96.625, 87.125, 1.1617699106055405e-22, nan 
96.875, 87.125, 1.1797048099863097e-22, nan 
97.125, 87.125, 1.1968437069194316e-22, nan 
97.375, 87.125, 1.1671416777319458e-22, nan 
97.625, 87.125, 1.1371282136132504e-22, nan 
97.875, 87.125, 1.084912679113852e-22, nan 
98.125, 87.125, 1.0522982122097013e-22, nan 
98.375, 87.125, 1.0087243511377813e-22, nan 
98.625, 87.125, 9.696447303150821e-23, nan 
98.875, 87.125, 9.496574280926764e-23, nan 
99.125, 87.125, 9.36797117094073e-23, nan 
99.375, 87.125, 9.186470331315219e-23, nan 
99.625, 87.125, 9.071313749540568e-23, nan 
99.875, 87.125, 9.014211135194172e-23, nan 
100.125, 87.125, 9.009215041803085e-23, nan 
100.375, 87.125, 8.995779901247994e-23, nan 
100.625, 87.125, 9.005651404387579e-23, nan 
100.875, 87.125, 9.047592854955524e-23, nan 
101.125, 87.125, 9.301206226481047e-23, nan 
101.375, 87.125, 9.307111870269872e-23, nan 
101.625, 87.125, 9.293300655503646e-23, nan 
101.875, 87.125, 9.120966876813976e-23, nan 
102.125, 87.125, 9.421964898303587e-23, nan 
102.375, 87.125, 9.110908096994542e-23, nan 
102.625, 87.125, 8.777736594288996e-23, nan 
102.875, 87.125, 8.680941298891317e-23, nan 
103.125, 87.125, 8.609181634937795e-23, nan 
103.375, 87.125, 8.423032360625493e-23, nan 
103.625, 87.125, 8.478072019321525e-23, nan 
103.875, 87.125, 8.612529014360829e-23, nan 
104.125, 87.125, 9.00360085690758e-23, nan 
104.375, 87.125, 7.742939103161498e-23, nan 
104.625, 87.125, 8.239376276031907e-23, nan 
104.875, 87.125, 7.527146257604738e-23, nan 
105.125, 87.125, 7.526292973649484e-23, nan 
105.375, 87.125, 7.658176381121812e-23, nan 
105.625, 87.125, 7.480567576972551e-23, nan 
105.875, 87.125, 6.854233107813981e-23, nan 
106.125, 87.125, 6.850784956901548e-23, nan 
106.375, 87.125, 6.162887173409344e-23, nan 
106.625, 87.125, 5.439379289257595e-23, nan 
106.875, 87.125, 4.094612426651674e-23, nan 
107.125, 87.125, 3.580460868176261e-23, nan 
107.375, 87.125, 3.3286465023670854e-23, nan 
107.625, 87.125, 4.390168950536201e-23, nan 
107.875, 87.125, 5.916003059179631e-23, nan 
108.125, 87.125, 4.2514540158915607e-23, nan 
108.375, 87.125, 3.484836573766688e-23, nan 
108.625, 87.125, 4.102605791851666e-23, nan 
108.875, 87.125, 3.3759425209160914e-23, nan 
109.125, 87.125, 2.7542093626277656e-23, nan 
109.375, 87.125, 2.1005451269174198e-23, nan 
109.625, 87.125, 4.0520281417745927e-23, nan 
109.875, 87.125, 3.739825627050642e-23, nan 
110.125, 87.125, 3.735664386634785e-23, nan 
110.375, 87.125, 3.3421927390684164e-23, nan 
110.625, 87.125, 2.828162428249847e-23, nan 
110.875, 87.125, 2.4819594639936983e-23, nan 
111.125, 87.125, 2.3164642418145264e-23, nan 
111.375, 87.125, 2.232884861110991e-23, nan 
111.625, 87.125, 2.229798251813972e-23, nan 
111.875, 87.125, 2.2631108981047855e-23, nan 
112.125, 87.125, 2.2611946386506028e-23, nan 
112.375, 87.125, 2.1774293198290204e-23, nan 
112.625, 87.125, 1.954174940386801e-23, nan 
112.875, 87.125, 1.834336852868077e-23, nan 
113.125, 87.125, 2.1140667753213477e-23, nan 
113.375, 87.125, 3.384057433766593e-23, nan 
113.625, 87.125, 3.8113510093871895e-23, nan 
113.875, 87.125, 4.890967151584218e-23, nan 
114.125, 87.125, 4.850719288622704e-23, nan 
114.375, 87.125, 3.178258222373826e-23, nan 
114.625, 87.125, 2.104497247508027e-23, nan 
114.875, 87.125, 3.8175707790924e-23, nan 
115.125, 87.125, 4.7770324829161516e-23, nan 
115.375, 87.125, 5.435656310828125e-23, nan 
115.625, 87.125, 5.875472149732147e-23, nan 
115.875, 87.125, 6.178048447466978e-23, nan 
116.125, 87.125, 6.372532947118619e-23, nan 
116.375, 87.125, 3.0017268867128456e-23, nan 
116.625, 87.125, 2.985592763674986e-23, nan 
116.875, 87.125, 2.6711524547810455e-23, nan 
117.125, 87.125, 2.559843379497506e-23, nan 
117.375, 87.125, 1.9663001521339744e-23, nan 
117.625, 87.125, 2.564143830012837e-23, nan 
117.875, 87.125, 4.4934508644657145e-23, nan 
118.125, 87.125, 5.458253782924144e-23, nan 
118.375, 87.125, 5.956520192828511e-23, nan 
118.625, 87.125, 6.520080445052965e-23, nan 
118.875, 87.125, 6.900944118929855e-23, nan 
119.125, 87.125, 7.068917602924617e-23, nan 
119.375, 87.125, 4.976201984595231e-23, nan 
119.625, 87.125, 4.0510791566451486e-23, nan 
119.875, 87.125, 3.502295918240315e-23, nan 
120.125, 87.125, 3.1491963522873064e-23, nan 
120.375, 87.125, 1.9674855217773063e-23, nan 
120.625, 87.125, 1.613865507343863e-23, nan 
120.875, 87.125, 2.0289128708001105e-23, nan 
121.125, 87.125, 1.7195267992382715e-23, nan 
121.375, 87.125, 1.2236012909980992e-23, nan 
121.625, 87.125, 2.406576027159375e-23, nan 
121.875, 87.125, 4.856569510766548e-23, nan 
122.125, 87.125, 5.791324905432275e-23, nan 
122.375, 87.125, 6.115761684728146e-23, nan 
122.625, 87.125, 6.16678664986566e-23, nan 
122.875, 87.125, 5.996822383774494e-23, nan 
123.125, 87.125, 5.78002026730246e-23, nan 
123.375, 87.125, 5.35353627662578e-23, nan 
123.625, 87.125, 4.8626490564444455e-23, nan 
123.875, 87.125, 4.390798233300854e-23, nan 
124.125, 87.125, 3.5193351344284497e-23, nan 
124.375, 87.125, 2.935804494878029e-23, nan 
124.625, 87.125, 5.2766155640426415e-23, nan 
124.875, 87.125, 6.130996572896744e-23, nan 
125.125, 87.125, 4.490664178680053e-23, nan 
125.375, 87.125, 4.8530354206918957e-23, nan 
125.625, 87.125, 5.383509874001312e-23, nan 
125.875, 87.125, 5.688600443366237e-23, nan 
126.125, 87.125, 5.710074931699616e-23, nan 
126.375, 87.125, 5.464600960413207e-23, nan 
126.625, 87.125, 5.092098713838992e-23, nan 
126.875, 87.125, 5.0230537036982946e-23, nan 
127.125, 87.125, 5.245307717137448e-23, nan 
127.375, 87.125, 5.638647230896842e-23, nan 
127.625, 87.125, 6.496538925272131e-23, nan 
127.875, 87.125, 7.877229927633659e-23, nan 
128.125, 87.125, 7.66666524545687e-23, nan 
128.375, 87.125, 6.49032030791001e-23, nan 
128.625, 87.125, 6.08668962647025e-23, nan 
128.875, 87.125, 5.983925764884693e-23, nan 
129.125, 87.125, 5.939389153268776e-23, nan 
129.375, 87.125, 6.060304581891276e-23, nan 
129.625, 87.125, 6.118989680117305e-23, nan 
129.875, 87.125, 6.246435301875315e-23, nan 
130.125, 87.125, 6.685331681295976e-23, nan 
130.375, 87.125, 7.80225334212193e-23, nan 
130.625, 87.125, 1.0120562588410497e-22, nan 
130.875, 87.125, 1.0380839406922334e-22, nan 
131.125, 87.125, 1.0179600644581767e-22, nan 
131.375, 87.125, 1.0180610205436669e-22, nan 
131.625, 87.125, 1.0144882828606443e-22, nan 
131.875, 87.125, 1.0280083695997329e-22, nan 
132.125, 87.125, 1.0459868635697232e-22, nan 
132.375, 87.125, 1.0725864640065585e-22, nan 
132.625, 87.125, 1.0721616613852947e-22, nan 
132.875, 87.125, 1.0768191792993844e-22, nan 
133.125, 87.125, 1.072149438487754e-22, nan 
133.375, 87.125, 1.0596077317436266e-22, nan 
133.625, 87.125, 1.0211346202804611e-22, nan 
133.875, 87.125, 9.682282795836273e-23, nan 
134.125, 87.125, 7.369156281727079e-23, nan 
134.375, 87.125, 6.29968397831399e-23, nan 
134.625, 87.125, 5.873400389499088e-23, nan 
134.875, 87.125, 5.520535900017682e-23, nan 
135.125, 87.125, 5.2445614910677934e-23, nan 
135.375, 87.125, 4.855966991197552e-23, nan 
135.625, 87.125, 4.4914559277447973e-23, nan 
135.875, 87.125, 4.290538561546461e-23, nan 
136.125, 87.125, 4.419989165418184e-23, nan 
136.375, 87.125, 4.928080719456202e-23, nan 
136.625, 87.125, 6.561218758174117e-23, nan 
136.875, 87.125, 9.321836113485758e-23, nan 
137.125, 87.125, 6.567191847726651e-23, nan 
137.375, 87.125, 5.257405744047737e-23, nan 
137.625, 87.125, 5.0793955840599176e-23, nan 
137.875, 87.125, 5.226865387808772e-23, nan 
138.125, 87.125, 5.693954590116886e-23, nan 
138.375, 87.125, 6.334561967336433e-23, nan 
138.625, 87.125, 7.035737374622287e-23, nan 
138.875, 87.125, 7.539753411844452e-23, nan 
139.125, 87.125, 8.079859643111802e-23, nan 
139.375, 87.125, 8.111175264468481e-23, nan 
139.625, 87.125, 7.921519197006065e-23, nan 
139.875, 87.125, 7.846933651025829e-23, nan 
140.125, 87.125, 7.804432098658732e-23, nan 
140.375, 87.125, 7.424525635790078e-23, nan 
140.625, 87.125, 7.719575468264651e-23, nan 
140.875, 87.125, 9.533040284601686e-23, nan 
141.125, 87.125, 9.935952203290051e-23, nan 
141.375, 87.125, 1.0275899463026374e-22, nan 
141.625, 87.125, 1.0593566092267603e-22, nan 
141.875, 87.125, 1.0771132194223038e-22, nan 
142.125, 87.125, 1.0879936143226484e-22, nan 
142.375, 87.125, 1.0971137305087242e-22, nan 
142.625, 87.125, 1.073253469033777e-22, nan 
142.875, 87.125, 1.0527467237154755e-22, nan 
143.125, 87.125, 1.0405362254704161e-22, nan 
143.375, 87.125, 1.0253461303987848e-22, nan 
143.625, 87.125, 9.454310026820268e-23, nan 
143.875, 87.125, 7.722600280367402e-23, nan 
144.125, 87.125, 8.326350666865562e-23, nan 
144.375, 87.125, 9.160960600001867e-23, nan 
144.625, 87.125, 1.0166913162421534e-22, nan 
144.875, 87.125, 1.0155621186091496e-22, nan 
145.125, 87.125, 1.0079284731213964e-22, nan 
145.375, 87.125, 1.000192849930075e-22, nan 
145.625, 87.125, 9.999403252054966e-23, nan 
145.875, 87.125, 1.0084284129356913e-22, nan 
146.125, 87.125, 1.0183363523537171e-22, nan 
146.375, 87.125, 1.0194439808222208e-22, nan 
146.625, 87.125, 7.263027335504485e-23, nan 
146.875, 87.125, 6.098496165013981e-23, nan 
147.125, 87.125, 5.81932641321918e-23, nan 
147.375, 87.125, 5.825408461281736e-23, nan 
147.625, 87.125, 5.933080504279746e-23, nan 
147.875, 87.125, 6.001144250719033e-23, nan 
148.125, 87.125, 6.049804712716727e-23, nan 
148.375, 87.125, 6.001651848647412e-23, nan 
148.625, 87.125, 6.128785522699965e-23, nan 
148.875, 87.125, 6.574047190293545e-23, nan 
149.125, 87.125, 7.151553496885951e-23, nan 
149.375, 87.125, 8.63444433601423e-23, nan 
149.625, 87.125, 1.1661441795732635e-22, nan 
149.875, 87.125, 1.0873013834039013e-22, nan 
150.125, 87.125, 7.688717639736108e-23, nan 
150.375, 87.125, 6.220051462985318e-23, nan 
150.625, 87.125, 6.036469001403026e-23, nan 
150.875, 87.125, 6.877916014850645e-23, nan 
151.125, 87.125, 9.453148455360511e-23, nan 
151.375, 87.125, 9.12920001704839e-23, nan 
151.625, 87.125, 8.958258939126923e-23, nan 
151.875, 87.125, 8.843845759093761e-23, nan 
152.125, 87.125, 8.930342570249247e-23, nan 
152.375, 87.125, 9.151030570133986e-23, nan 
152.625, 87.125, 9.407726731289244e-23, nan 
152.875, 87.125, 9.783493964442555e-23, nan 
153.125, 87.125, 1.0226812505832004e-22, nan 
153.375, 87.125, 1.0452021115282545e-22, nan 
153.625, 87.125, 1.046964653783377e-22, nan 
153.875, 87.125, 8.525145793099583e-23, nan 
154.125, 87.125, 7.794274813266586e-23, nan 
154.375, 87.125, 7.703028242417665e-23, nan 
154.625, 87.125, 7.822471873871016e-23, nan 
154.875, 87.125, 8.110126923102894e-23, nan 
155.125, 87.125, 9.029390632857327e-23, nan 
155.375, 87.125, 1.156218379752306e-22, nan 
155.625, 87.125, 1.1512153291340352e-22, nan 
155.875, 87.125, 1.1280852240299024e-22, nan 
156.125, 87.125, 1.0950105404063792e-22, nan 
156.375, 87.125, 1.0266324240255476e-22, nan 
156.625, 87.125, 9.797998266978364e-23, nan 
156.875, 87.125, 8.893351534019501e-23, nan 
157.125, 87.125, 8.168193045842217e-23, nan 
157.375, 87.125, 7.632056713600255e-23, nan 
157.625, 87.125, 7.616164035392496e-23, nan 
157.875, 87.125, 8.047102089481072e-23, nan 
158.125, 87.125, 8.576416467509039e-23, nan 
158.375, 87.125, 8.917741114289081e-23, nan 
158.625, 87.125, 9.177520213755871e-23, nan 
158.875, 87.125, 9.397648960018441e-23, nan 
159.125, 87.125, 9.242007748277607e-23, nan 
159.375, 87.125, 8.910169669819675e-23, nan 
159.625, 87.125, 8.524928625972733e-23, nan 
159.875, 87.125, 8.032439884453454e-23, nan 
160.125, 87.125, 7.691252256131141e-23, nan 
160.375, 87.125, 7.519491893156966e-23, nan 
160.625, 87.125, 7.322211672048561e-23, nan 
160.875, 87.125, 6.978520431591887e-23, nan 
161.125, 87.125, 6.541001470862226e-23, nan 
161.375, 87.125, 6.15361183103e-23, nan 
161.625, 87.125, 5.458141768792701e-23, nan 
161.875, 87.125, 4.7017115666286926e-23, nan 
162.125, 87.125, 3.768766723600153e-23, nan 
162.375, 87.125, 2.9258681049327455e-23, nan 
162.625, 87.125, 2.2481242186508393e-23, nan 
162.875, 87.125, 1.9946119256955935e-23, nan 
163.125, 87.125, 2.0280684770155205e-23, nan 
163.375, 87.125, 2.1801855183026898e-23, nan 
163.625, 87.125, 2.3224497759853394e-23, nan 
163.875, 87.125, 2.484412989290032e-23, nan 
164.125, 87.125, 2.6522838238280094e-23, nan 
164.375, 87.125, 2.879985793857778e-23, nan 
164.625, 87.125, 3.0607131614722454e-23, nan 
164.875, 87.125, 3.4467401146893144e-23, nan 
165.125, 87.125, 3.931035503912563e-23, nan 
165.375, 87.125, 4.3061370297600934e-23, nan 
165.625, 87.125, 4.953334261815459e-23, nan 
165.875, 87.125, 5.388461560289826e-23, nan 
166.125, 87.125, 6.02938165483703e-23, nan 
166.375, 87.125, 6.387557585045156e-23, nan 
166.625, 87.125, 6.524074899295104e-23, nan 
166.875, 87.125, 6.508455532761237e-23, nan 
167.125, 87.125, 6.40290182437947e-23, nan 
167.375, 87.125, 6.090245842032447e-23, nan 
167.625, 87.125, 5.725745120240011e-23, nan 
167.875, 87.125, 5.417246140694419e-23, nan 
168.125, 87.125, 5.0483285946662914e-23, nan 
168.375, 87.125, 5.277750544503031e-23, nan 
168.625, 87.125, 4.811247071975627e-23, nan 
168.875, 87.125, 4.561150178996867e-23, nan 
169.125, 87.125, 4.595378665614705e-23, nan 
169.375, 87.125, 4.5166589661090555e-23, nan 
169.625, 87.125, 4.580357466922838e-23, nan 
169.875, 87.125, 4.929366047871216e-23, nan 
170.125, 87.125, 5.884594324913348e-23, nan 
170.375, 87.125, 7.10490399683441e-23, nan 
170.625, 87.125, 8.387456524510722e-23, nan 
170.875, 87.125, 9.440014032261015e-23, nan 
171.125, 87.125, 1.0220273435116285e-22, nan 
171.375, 87.125, 1.051884707552357e-22, nan 
171.625, 87.125, 1.0421078784670997e-22, nan 
171.875, 87.125, 1.0227557740308623e-22, nan 
172.125, 87.125, 9.797910150971391e-23, nan 
172.375, 87.125, 9.668597606919011e-23, nan 
172.625, 87.125, 9.438653947224277e-23, nan 
172.875, 87.125, 9.239634956680744e-23, nan 
173.125, 87.125, 9.052332234599694e-23, nan 
173.375, 87.125, 8.885808531326334e-23, nan 
173.625, 87.125, 8.54673538187416e-23, nan 
173.875, 87.125, 6.592037271782089e-23, nan 
174.125, 87.125, 5.299703800676731e-23, nan 
174.375, 87.125, 4.4928502059504695e-23, nan 
174.625, 87.125, 4.2362680391862616e-23, nan 
174.875, 87.125, 4.9432714765789055e-23, nan 
175.125, 87.125, 5.936440115226188e-23, nan 
175.375, 87.125, 6.899903535402073e-23, nan 
175.625, 87.125, 7.238149771393918e-23, nan 
175.875, 87.125, 7.507337500513497e-23, nan 
176.125, 87.125, 7.52697893915846e-23, nan 
176.375, 87.125, 7.084030378133574e-23, nan 
176.625, 87.125, 6.611898992293784e-23, nan 
176.875, 87.125, 6.031707691954515e-23, nan 
177.125, 87.125, 5.532498800206132e-23, nan 
177.375, 87.125, 5.1809943622248607e-23, nan 
177.625, 87.125, 4.9408251681613065e-23, nan 
177.875, 87.125, 4.7686572212643536e-23, nan 
178.125, 87.125, 4.632106802996698e-23, nan 
178.375, 87.125, 4.460151972398589e-23, nan 
178.625, 87.125, 3.969032538531549e-23, nan 
178.875, 87.125, 3.321289650574771e-23, nan 
179.125, 87.125, 2.6800792169682885e-23, nan 
179.375, 87.125, 1.9601816804693752e-23, nan 
179.625, 87.125, 1.5355041690205494e-23, nan 
179.875, 87.125, 1.5429169525165034e-23, nan 
-179.875, 87.375, 1.7517214800797653e-23, nan 
-179.625, 87.375, 1.9006631925395983e-23, nan 
-179.375, 87.375, 1.7464643455716756e-23, nan 
-179.125, 87.375, 1.5956953610023247e-23, nan 
-178.875, 87.375, 1.8242376185201008e-23, nan 
-178.625, 87.375, 1.9686022599610565e-23, nan 
-178.375, 87.375, 1.8296037761971327e-23, nan 
-178.125, 87.375, 2.0738738443408255e-23, nan 
-177.875, 87.375, 2.237757571378624e-23, nan 
-177.625, 87.375, 2.3879785066920548e-23, nan 
-177.375, 87.375, 2.551281538922705e-23, nan 
-177.125, 87.375, 3.3414298364296983e-23, nan 
-176.875, 87.375, 5.132280404407995e-23, nan 
-176.625, 87.375, 5.1472852029280297e-23, nan 
-176.375, 87.375, 5.150502932707734e-23, nan 
-176.125, 87.375, 5.597720522063717e-23, nan 
-175.875, 87.375, 4.593547261404759e-23, nan 
-175.625, 87.375, 2.074493788595803e-23, nan 
-175.375, 87.375, 2.463950222908986e-23, nan 
-175.125, 87.375, 2.781531137974604e-23, nan 
-174.875, 87.375, 2.9531578380810264e-23, nan 
-174.625, 87.375, 3.731228966839604e-23, nan 
-174.375, 87.375, 4.4032526904706664e-23, nan 
-174.125, 87.375, 4.0622573666953907e-23, nan 
-173.875, 87.375, 2.877849711848774e-23, nan 
-173.625, 87.375, 2.4602494325587015e-23, nan 
-173.375, 87.375, 2.5907192268546555e-23, nan 
-173.125, 87.375, 3.247115247151752e-23, nan 
-172.875, 87.375, 3.692898165398645e-23, nan 
-172.625, 87.375, 3.9772121583397805e-23, nan 
-172.375, 87.375, 4.1146929967307026e-23, nan 
-172.125, 87.375, 4.104448667826441e-23, nan 
-171.875, 87.375, 4.504852153913057e-23, nan 
-171.625, 87.375, 5.1799413114270535e-23, nan 
-171.375, 87.375, 5.14329375468165e-23, nan 
-171.125, 87.375, 5.075671273532189e-23, nan 
-170.875, 87.375, 5.344133988013073e-23, nan 
-170.625, 87.375, 4.9789615397966876e-23, nan 
-170.375, 87.375, 3.983683170085276e-23, nan 
-170.125, 87.375, 3.835379819470854e-23, nan 
-169.875, 87.375, 3.949981234169499e-23, nan 
-169.625, 87.375, 3.9823931518872023e-23, nan 
-169.375, 87.375, 3.972511299993658e-23, nan 
-169.125, 87.375, 4.589881001615151e-23, nan 
-168.875, 87.375, 4.5843764700416094e-23, nan 
-168.625, 87.375, 4.0586152731867954e-23, nan 
-168.375, 87.375, 3.7819716771201315e-23, nan 
-168.125, 87.375, 3.697822592247182e-23, nan 
-167.875, 87.375, 3.892064933449898e-23, nan 
-167.625, 87.375, 3.79954387941311e-23, nan 
-167.375, 87.375, 3.67354980716054e-23, nan 
-167.125, 87.375, 3.548828050433523e-23, nan 
-166.875, 87.375, 3.396107841562197e-23, nan 
-166.625, 87.375, 3.319349204724141e-23, nan 
-166.375, 87.375, 3.120930066476239e-23, nan 
-166.125, 87.375, 2.726473188963958e-23, nan 
-165.875, 87.375, 2.9290645920919145e-23, nan 
-165.625, 87.375, 2.194992047037016e-23, nan 
-165.375, 87.375, 1.9597349748012704e-23, nan 
-165.125, 87.375, 1.6341970351135224e-23, nan 
-164.875, 87.375, 1.755952256740886e-23, nan 
-164.625, 87.375, 1.401905639517148e-23, nan 
-164.375, 87.375, 1.2546175864689315e-23, nan 
-164.125, 87.375, 2.0008616061227048e-23, nan 
-163.875, 87.375, 2.5819660233109763e-23, nan 
-163.625, 87.375, 2.7169674274064657e-23, nan 
-163.375, 87.375, 2.6185782435992527e-23, nan 
-163.125, 87.375, 2.4827877138636652e-23, nan 
-162.875, 87.375, 1.9535700190584952e-23, nan 
-162.625, 87.375, 1.8054348379374508e-23, nan 
-162.375, 87.375, 1.7541586927134975e-23, nan 
-162.125, 87.375, 1.6651875479650968e-23, nan 
-161.875, 87.375, 1.627023666831926e-23, nan 
-161.625, 87.375, 1.608293619948511e-23, nan 
-161.375, 87.375, 1.6398582860330395e-23, nan 
-161.125, 87.375, 1.6725500335819995e-23, nan 
-160.875, 87.375, 1.5972033366734032e-23, nan 
-160.625, 87.375, 1.3009614704327795e-23, nan 
-160.375, 87.375, 1.1292593771671568e-23, nan 
-160.125, 87.375, 9.278667600721545e-24, nan 
-159.875, 87.375, 6.462195180010146e-24, nan 
-159.625, 87.375, 8.260122837264565e-24, nan 
-159.375, 87.375, 8.772689682737161e-24, nan 
-159.125, 87.375, 9.524489859856221e-24, nan 
-158.875, 87.375, 1.0229688821779713e-23, nan 
-158.625, 87.375, 1.065689305591365e-23, nan 
-158.375, 87.375, 1.0233451872854765e-23, nan 
-158.125, 87.375, 9.556654034261066e-24, nan 
-157.875, 87.375, 7.90383994204961e-24, nan 
-157.625, 87.375, 6.327097988230016e-24, nan 
-157.375, 87.375, 6.1388727033093055e-24, nan 
-157.125, 87.375, 6.5958887985636965e-24, nan 
-156.875, 87.375, 6.758336637338108e-24, nan 
-156.625, 87.375, 7.253474933668408e-24, nan 
-156.375, 87.375, 8.110137381600823e-24, nan 
-156.125, 87.375, 9.909965649939399e-24, nan 
-155.875, 87.375, 1.2252320736967025e-23, nan 
-155.625, 87.375, 1.4063465232164123e-23, nan 
-155.375, 87.375, 1.2857332216011412e-23, nan 
-155.125, 87.375, 1.1174428901326171e-23, nan 
-154.875, 87.375, 9.5230739350317e-24, nan 
-154.625, 87.375, 8.448658673281059e-24, nan 
-154.375, 87.375, 8.616038435365544e-24, nan 
-154.125, 87.375, 9.234318789785746e-24, nan 
-153.875, 87.375, 9.314406306591694e-24, nan 
-153.625, 87.375, 1.0910975745570352e-23, nan 
-153.375, 87.375, 1.2705286599578128e-23, nan 
-153.125, 87.375, 1.3338461936045659e-23, nan 
-152.875, 87.375, 1.3034626558916697e-23, nan 
-152.625, 87.375, 1.1514918424334509e-23, nan 
-152.375, 87.375, 1.0753570640054421e-23, nan 
-152.125, 87.375, 9.753500434059127e-24, nan 
-151.875, 87.375, 8.831477594664687e-24, nan 
-151.625, 87.375, 8.358212538748962e-24, nan 
-151.375, 87.375, 8.183157377727462e-24, nan 
-151.125, 87.375, 8.365923526485668e-24, nan 
-150.875, 87.375, 8.923499581211809e-24, nan 
-150.625, 87.375, 9.594781950132584e-24, nan 
-150.375, 87.375, 9.959693487174671e-24, nan 
-150.125, 87.375, 9.41967704523661e-24, nan 
-149.875, 87.375, 8.375314116971714e-24, nan 
-149.625, 87.375, 7.4780213630113e-24, nan 
-149.375, 87.375, 6.633172311671096e-24, nan 
-149.125, 87.375, 5.313591892636191e-24, nan 
-148.875, 87.375, 4.521620706865776e-24, nan 
-148.625, 87.375, 5.0816978139292884e-24, nan 
-148.375, 87.375, 5.528935068985279e-24, nan 
-148.125, 87.375, 6.385652760040433e-24, nan 
-147.875, 87.375, 7.954788620225941e-24, nan 
-147.625, 87.375, 8.46037967703109e-24, nan 
-147.375, 87.375, 8.761832532328309e-24, nan 
-147.125, 87.375, 9.400726053480746e-24, nan 
-146.875, 87.375, 8.982001796657299e-24, nan 
-146.625, 87.375, 4.540607304204715e-24, nan 
-146.375, 87.375, 5.9582768773073004e-24, nan 
-146.125, 87.375, 6.189375640653508e-24, nan 
-145.875, 87.375, 6.3230596051400374e-24, nan 
-145.625, 87.375, 6.188403095407777e-24, nan 
-145.375, 87.375, 3.813872498037688e-24, nan 
-145.125, 87.375, 4.577781620131454e-24, nan 
-144.875, 87.375, 3.9762525445127594e-24, nan 
-144.625, 87.375, 3.5780175620375176e-24, nan 
-144.375, 87.375, 4.448735123155105e-24, nan 
-144.125, 87.375, 5.2964447469058404e-24, nan 
-143.875, 87.375, 5.475514454519267e-24, nan 
-143.625, 87.375, 6.172312742409185e-24, nan 
-143.375, 87.375, 6.662196547828135e-24, nan 
-143.125, 87.375, 8.346536150147811e-24, nan 
-142.875, 87.375, 9.57227737295122e-24, nan 
-142.625, 87.375, 7.313960652068444e-24, nan 
-142.375, 87.375, 6.650059554174082e-24, nan 
-142.125, 87.375, 6.063111728543105e-24, nan 
-141.875, 87.375, 5.6704848274837445e-24, nan 
-141.625, 87.375, 6.373674591656052e-24, nan 
-141.375, 87.375, 6.808502219161856e-24, nan 
-141.125, 87.375, 7.14970467513801e-24, nan 
-140.875, 87.375, 7.372154050322945e-24, nan 
-140.625, 87.375, 7.057020352836335e-24, nan 
-140.375, 87.375, 7.161366125644173e-24, nan 
-140.125, 87.375, 7.25978691524686e-24, nan 
-139.875, 87.375, 7.983446232094678e-24, nan 
-139.625, 87.375, 7.596236510794631e-24, nan 
-139.375, 87.375, 6.969707401915675e-24, nan 
-139.125, 87.375, 6.165096168532923e-24, nan 
-138.875, 87.375, 5.5663967525837e-24, nan 
-138.625, 87.375, 5.289168030580227e-24, nan 
-138.375, 87.375, 5.447095374445607e-24, nan 
-138.125, 87.375, 5.598777866890809e-24, nan 
-137.875, 87.375, 8.108835729787264e-24, nan 
-137.625, 87.375, 8.902972364014434e-24, nan 
-137.375, 87.375, 9.041688557695817e-24, nan 
-137.125, 87.375, 7.847360519704137e-24, nan 
-136.875, 87.375, 7.592365920154018e-24, nan 
-136.625, 87.375, 7.766268948943668e-24, nan 
-136.375, 87.375, 7.960671902251403e-24, nan 
-136.125, 87.375, 6.151891951363332e-24, nan 
-135.875, 87.375, 5.175832470512594e-24, nan 
-135.625, 87.375, 4.456558491050035e-24, nan 
-135.375, 87.375, 4.740602288200121e-24, nan 
-135.125, 87.375, 4.772256632091696e-24, nan 
-134.875, 87.375, 4.229242074790972e-24, nan 
-134.625, 87.375, 3.843721564193041e-24, nan 
-134.375, 87.375, 3.322829366366908e-24, nan 
-134.125, 87.375, 2.65035103774113e-24, nan 
-133.875, 87.375, 3.319109775803569e-24, nan 
-133.625, 87.375, 4.4105969100328576e-24, nan 
-133.375, 87.375, 1.7104698889299794e-24, nan 
-133.125, 87.375, 9.379716301499922e-25, nan 
-132.875, 87.375, 4.10787971999109e-24, nan 
-132.625, 87.375, 6.784465587522962e-24, nan 
-132.375, 87.375, 5.617604109251566e-24, nan 
-132.125, 87.375, 3.766668646159182e-24, nan 
-131.875, 87.375, 3.136873192666738e-24, nan 
-131.625, 87.375, 4.1457040090655725e-24, nan 
-131.375, 87.375, 7.222218672627e-24, nan 
-131.125, 87.375, 8.888838171902067e-24, nan 
-130.875, 87.375, 5.710260504686942e-24, nan 
-130.625, 87.375, 4.112126114598722e-24, nan 
-130.375, 87.375, 4.696839075925461e-24, nan 
-130.125, 87.375, 5.9703216311422715e-24, nan 
-129.875, 87.375, 5.2480876004853364e-24, nan 
-129.625, 87.375, 4.0511851705344166e-24, nan 
-129.375, 87.375, 3.800806735903084e-24, nan 
-129.125, 87.375, 4.000876875573762e-24, nan 
-128.875, 87.375, 4.193238159802768e-24, nan 
-128.625, 87.375, 5.259800018019079e-24, nan 
-128.375, 87.375, 6.371594542802339e-24, nan 
-128.125, 87.375, 1.9473777843212188e-24, nan 
-127.875, 87.375, 2.9243953609981396e-24, nan 
-127.625, 87.375, 6.932597177664252e-24, nan 
-127.375, 87.375, 1.0792331100503379e-23, nan 
-127.125, 87.375, 8.384819517829704e-24, nan 
-126.875, 87.375, 4.643361807307772e-24, nan 
-126.625, 87.375, 4.4472227370584156e-24, nan 
-126.375, 87.375, 4.709818086937691e-24, nan 
-126.125, 87.375, 5.453524156938646e-24, nan 
-125.875, 87.375, 6.157189582447386e-24, nan 
-125.625, 87.375, 5.2510172815922195e-24, nan 
-125.375, 87.375, 4.953199190454734e-24, nan 
-125.125, 87.375, 5.288103906716539e-24, nan 
-124.875, 87.375, 5.598191654619631e-24, nan 
-124.625, 87.375, 5.54579385781572e-24, nan 
-124.375, 87.375, 5.6978792775097096e-24, nan 
-124.125, 87.375, 6.408471986138119e-24, nan 
-123.875, 87.375, 6.750732561406882e-24, nan 
-123.625, 87.375, 7.091267444953175e-24, nan 
-123.375, 87.375, 7.992452278369933e-24, nan 
-123.125, 87.375, 8.659679648520198e-24, nan 
-122.875, 87.375, 7.882257977828886e-24, nan 
-122.625, 87.375, 9.451575192024675e-24, nan 
-122.375, 87.375, 1.0850686241636011e-23, nan 
-122.125, 87.375, 1.2221314072069106e-23, nan 
-121.875, 87.375, 1.221801094493024e-23, nan 
-121.625, 87.375, 1.1760247360668721e-23, nan 
-121.375, 87.375, 1.1694647596750909e-23, nan 
-121.125, 87.375, 1.1667801950558834e-23, nan 
-120.875, 87.375, 1.1554914025127585e-23, nan 
-120.625, 87.375, 1.1458787829659794e-23, nan 
-120.375, 87.375, 1.136688053394055e-23, nan 
-120.125, 87.375, 1.1703631020659302e-23, nan 
-119.875, 87.375, 1.333441238809444e-23, nan 
-119.625, 87.375, 1.2730809310211688e-23, nan 
-119.375, 87.375, 1.2657810883347839e-23, nan 
-119.125, 87.375, 1.2869817093854115e-23, nan 
-118.875, 87.375, 1.3110967120248563e-23, nan 
-118.625, 87.375, 1.3389714428854518e-23, nan 
-118.375, 87.375, 1.380881778637847e-23, nan 
-118.125, 87.375, 1.4229956858637892e-23, nan 
-117.875, 87.375, 1.395665721644212e-23, nan 
-117.625, 87.375, 1.321291831253714e-23, nan 
-117.375, 87.375, 1.3270184089381388e-23, nan 
-117.125, 87.375, 1.3619261813235467e-23, nan 
-116.875, 87.375, 1.4122501568163897e-23, nan 
-116.625, 87.375, 1.4885138269645576e-23, nan 
-116.375, 87.375, 1.5731669121210118e-23, nan 
-116.125, 87.375, 1.6100389210974836e-23, nan 
-115.875, 87.375, 1.6070242734497865e-23, nan 
-115.625, 87.375, 1.5803139811410982e-23, nan 
-115.375, 87.375, 1.5381591402588746e-23, nan 
-115.125, 87.375, 1.475729279330528e-23, nan 
-114.875, 87.375, 1.3849051412538447e-23, nan 
-114.625, 87.375, 1.3203993184116325e-23, nan 
-114.375, 87.375, 1.0617505238600112e-23, nan 
-114.125, 87.375, 9.448956538894631e-24, nan 
-113.875, 87.375, 8.823585897718957e-24, nan 
-113.625, 87.375, 8.420138120826101e-24, nan 
-113.375, 87.375, 8.302662557223432e-24, nan 
-113.125, 87.375, 8.78423103565364e-24, nan 
-112.875, 87.375, 9.887869223242522e-24, nan 
-112.625, 87.375, 9.532946642578238e-24, nan 
-112.375, 87.375, 8.13514916866889e-24, nan 
-112.125, 87.375, 5.4940959428470846e-24, nan 
-111.875, 87.375, 4.6382167038003935e-24, nan 
-111.625, 87.375, 4.150661511795345e-24, nan 
-111.375, 87.375, 3.921426489262284e-24, nan 
-111.125, 87.375, 4.00599161596979e-24, nan 
-110.875, 87.375, 4.3528896564759044e-24, nan 
-110.625, 87.375, 3.2804480849107354e-24, nan 
-110.375, 87.375, 3.1250117448138463e-24, nan 
-110.125, 87.375, 2.9569964124367887e-24, nan 
-109.875, 87.375, 2.7638392745159078e-24, nan 
-109.625, 87.375, 2.4616411675227415e-24, nan 
-109.375, 87.375, 2.484033846545244e-24, nan 
-109.125, 87.375, 3.34333213693077e-24, nan 
-108.875, 87.375, 4.482288637489069e-24, nan 
-108.625, 87.375, 4.4988046927321844e-24, nan 
-108.375, 87.375, 3.744279466442859e-24, nan 
-108.125, 87.375, 2.6273967170234684e-24, nan 
-107.875, 87.375, 3.416676014622902e-24, nan 
-107.625, 87.375, 4.533051674129196e-24, nan 
-107.375, 87.375, 4.7458398662329075e-24, nan 
-107.125, 87.375, 4.526251590655386e-24, nan 
-106.875, 87.375, 4.3299914605077135e-24, nan 
-106.625, 87.375, 4.3791198169867216e-24, nan 
-106.375, 87.375, 3.8354803044655675e-24, nan 
-106.125, 87.375, 3.902229099661253e-24, nan 
-105.875, 87.375, 4.949458016405978e-24, nan 
-105.625, 87.375, 5.583876492199064e-24, nan 
-105.375, 87.375, 5.945084219265794e-24, nan 
-105.125, 87.375, 5.298513072380321e-24, nan 
-104.875, 87.375, 5.741262735273628e-24, nan 
-104.625, 87.375, 5.324825891047595e-24, nan 
-104.375, 87.375, 7.420094819820613e-24, nan 
-104.125, 87.375, 8.072374052789563e-24, nan 
-103.875, 87.375, 7.940488561879418e-24, nan 
-103.625, 87.375, 6.329868458256124e-24, nan 
-103.375, 87.375, 4.104294081983414e-24, nan 
-103.125, 87.375, 3.5474323326963786e-24, nan 
-102.875, 87.375, 4.3327907241858086e-24, nan 
-102.625, 87.375, 3.8333053943349826e-24, nan 
-102.375, 87.375, 4.354736929607152e-24, nan 
-102.125, 87.375, 4.7313878587805096e-24, nan 
-101.875, 87.375, 4.635081457236833e-24, nan 
-101.625, 87.375, 4.282686600163117e-24, nan 
-101.375, 87.375, 3.941117823202332e-24, nan 
-101.125, 87.375, 3.607583269940967e-24, nan 
-100.875, 87.375, 4.345048647350171e-24, nan 
-100.625, 87.375, 6.095556727628009e-24, nan 
-100.375, 87.375, 7.16015767929382e-24, nan 
-100.125, 87.375, 7.072284736209487e-24, nan 
-99.875, 87.375, 6.0373451278476495e-24, nan 
-99.625, 87.375, 7.19264780295719e-24, nan 
-99.375, 87.375, 6.52106902706238e-24, nan 
-99.125, 87.375, 9.291837355152314e-24, nan 
-98.875, 87.375, 1.0820198573063125e-23, nan 
-98.625, 87.375, 1.1566406469901955e-23, nan 
-98.375, 87.375, 8.731001042790921e-24, nan 
-98.125, 87.375, 4.475599345537378e-24, nan 
-97.875, 87.375, 4.751832122587724e-24, nan 
-97.625, 87.375, 5.4682407634057615e-24, nan 
-97.375, 87.375, 4.827540019023557e-24, nan 
-97.125, 87.375, 4.479298608077523e-24, nan 
-96.875, 87.375, 4.4327755511485085e-24, nan 
-96.625, 87.375, 4.383551205821616e-24, nan 
-96.375, 87.375, 4.395760881170695e-24, nan 
-96.125, 87.375, 4.425776814649781e-24, nan 
-95.875, 87.375, 4.593677934426345e-24, nan 
-95.625, 87.375, 4.875627191325558e-24, nan 
-95.375, 87.375, 5.615770473993602e-24, nan 
-95.125, 87.375, 6.5407012449192934e-24, nan 
-94.875, 87.375, 6.774485274892152e-24, nan 
-94.625, 87.375, 6.863215612348533e-24, nan 
-94.375, 87.375, 7.333185419209742e-24, nan 
-94.125, 87.375, 7.456986619995297e-24, nan 
-93.875, 87.375, 8.40201696283107e-24, nan 
-93.625, 87.375, 9.685682602168691e-24, nan 
-93.375, 87.375, 1.0838758617141687e-23, nan 
-93.125, 87.375, 1.0301725070017096e-23, nan 
-92.875, 87.375, 9.606717729282259e-24, nan 
-92.625, 87.375, 9.653856286018819e-24, nan 
-92.375, 87.375, 9.667023810124948e-24, nan 
-92.125, 87.375, 9.589415754063463e-24, nan 
-91.875, 87.375, 9.556865745719406e-24, nan 
-91.625, 87.375, 9.51623303655795e-24, nan 
-91.375, 87.375, 9.208624040011609e-24, nan 
-91.125, 87.375, 8.887131401976335e-24, nan 
-90.875, 87.375, 8.561032700052686e-24, nan 
-90.625, 87.375, 8.195676640187509e-24, nan 
-90.375, 87.375, 7.90588562214839e-24, nan 
-90.125, 87.375, 7.887861210919005e-24, nan 
-89.875, 87.375, 8.86515092522657e-24, nan 
-89.625, 87.375, 8.68540042031182e-24, nan 
-89.375, 87.375, 8.445579546970865e-24, nan 
-89.125, 87.375, 8.192427202191088e-24, nan 
-88.875, 87.375, 7.827000883929052e-24, nan 
-88.625, 87.375, 7.539761573028123e-24, nan 
-88.375, 87.375, 7.557771209538664e-24, nan 
-88.125, 87.375, 8.272054228767035e-24, nan 
-87.875, 87.375, 8.298522079967803e-24, nan 
-87.625, 87.375, 8.393194091739442e-24, nan 
-87.375, 87.375, 8.574704422394937e-24, nan 
-87.125, 87.375, 8.61633227979453e-24, nan 
-86.875, 87.375, 8.634473329219344e-24, nan 
-86.625, 87.375, 8.609766747022955e-24, nan 
-86.375, 87.375, 8.710023491531224e-24, nan 
-86.125, 87.375, 8.595802031474128e-24, nan 
-85.875, 87.375, 8.232168209106167e-24, nan 
-85.625, 87.375, 7.729834761562534e-24, nan 
-85.375, 87.375, 7.022159336435015e-24, nan 
-85.125, 87.375, 6.1430263717153704e-24, nan 
-84.875, 87.375, 5.069941390247873e-24, nan 
-84.625, 87.375, 4.1843207566191156e-24, nan 
-84.375, 87.375, 3.899518894553793e-24, nan 
-84.125, 87.375, 3.688824873631886e-24, nan 
-83.875, 87.375, 2.883552310387267e-24, nan 
-83.625, 87.375, 2.6452922178711357e-24, nan 
-83.375, 87.375, 3.1613518715317115e-24, nan 
-83.125, 87.375, 3.4487884959789895e-24, nan 
-82.875, 87.375, 3.2889535248618347e-24, nan 
-82.625, 87.375, 3.836411966071225e-24, nan 
-82.375, 87.375, 3.9479050941442234e-24, nan 
-82.125, 87.375, 4.168299379640348e-24, nan 
-81.875, 87.375, 4.3093933165566885e-24, nan 
-81.625, 87.375, 3.608702075299187e-24, nan 
-81.375, 87.375, 3.434367611160677e-24, nan 
-81.125, 87.375, 3.624240808809376e-24, nan 
-80.875, 87.375, 3.777952189135725e-24, nan 
-80.625, 87.375, 3.90166656092852e-24, nan 
-80.375, 87.375, 4.230647839183422e-24, nan 
-80.125, 87.375, 4.698159444347503e-24, nan 
-79.875, 87.375, 4.23335973908444e-24, nan 
-79.625, 87.375, 4.006833162300728e-24, nan 
-79.375, 87.375, 3.772870546764528e-24, nan 
-79.125, 87.375, 3.609184303078667e-24, nan 
-78.875, 87.375, 3.178229541924563e-24, nan 
-78.625, 87.375, 3.107339076397816e-24, nan 
-78.375, 87.375, 3.456904103804939e-24, nan 
-78.125, 87.375, 3.191507180633901e-24, nan 
-77.875, 87.375, 3.979522707926034e-24, nan 
-77.625, 87.375, 4.010370363884916e-24, nan 
-77.375, 87.375, 4.9988760104597495e-24, nan 
-77.125, 87.375, 6.736316541189798e-24, nan 
-76.875, 87.375, 7.769948914939323e-24, nan 
-76.625, 87.375, 7.886194226467677e-24, nan 
-76.375, 87.375, 7.555174425193649e-24, nan 
-76.125, 87.375, 6.918553201046625e-24, nan 
-75.875, 87.375, 5.558684642869221e-24, nan 
-75.625, 87.375, 3.716535886501597e-24, nan 
-75.375, 87.375, 4.261209734893317e-24, nan 
-75.125, 87.375, 4.408357258127313e-24, nan 
-74.875, 87.375, 4.679439138069606e-24, nan 
-74.625, 87.375, 4.4413467904682744e-24, nan 
-74.375, 87.375, 4.648915863331999e-24, nan 
-74.125, 87.375, 4.5354785143597344e-24, nan 
-73.875, 87.375, 5.1070016884435174e-24, nan 
-73.625, 87.375, 6.987825654471324e-24, nan 
-73.375, 87.375, 8.997976234440709e-24, nan 
-73.125, 87.375, 9.520317486558126e-24, nan 
-72.875, 87.375, 9.694087421050389e-24, nan 
-72.625, 87.375, 9.35942373752492e-24, nan 
-72.375, 87.375, 8.964304772175771e-24, nan 
-72.125, 87.375, 7.57841413414843e-24, nan 
-71.875, 87.375, 8.445165990472159e-24, nan 
-71.625, 87.375, 9.29087354425843e-24, nan 
-71.375, 87.375, 9.383884302516693e-24, nan 
-71.125, 87.375, 8.914272309938221e-24, nan 
-70.875, 87.375, 8.110210826465367e-24, nan 
-70.625, 87.375, 7.048875729544336e-24, nan 
-70.375, 87.375, 8.132572492650562e-24, nan 
-70.125, 87.375, 7.558393320337093e-24, nan 
-69.875, 87.375, 7.073283558632613e-24, nan 
-69.625, 87.375, 6.5733712393120845e-24, nan 
-69.375, 87.375, 5.9262369669173055e-24, nan 
-69.125, 87.375, 5.250944900978737e-24, nan 
-68.875, 87.375, 4.6585710673525894e-24, nan 
-68.625, 87.375, 4.019681769028717e-24, nan 
-68.375, 87.375, 4.506469639799925e-24, nan 
-68.125, 87.375, 8.039282764547837e-24, nan 
-67.875, 87.375, 9.932676823173415e-24, nan 
-67.625, 87.375, 9.481858726856474e-24, nan 
-67.375, 87.375, 9.552600317157867e-24, nan 
-67.125, 87.375, 7.562591315489498e-24, nan 
-66.875, 87.375, 4.451140925437481e-24, nan 
-66.625, 87.375, 3.3442816560066674e-24, nan 
-66.375, 87.375, 3.6514718890746915e-24, nan 
-66.125, 87.375, 3.879921407444704e-24, nan 
-65.875, 87.375, 3.761733359394149e-24, nan 
-65.625, 87.375, 3.524654070429217e-24, nan 
-65.375, 87.375, 3.6065482374910525e-24, nan 
-65.125, 87.375, 5.117494785690095e-24, nan 
-64.875, 87.375, 5.258792611438431e-24, nan 
-64.625, 87.375, 5.444536664672238e-24, nan 
-64.375, 87.375, 5.572749897610004e-24, nan 
-64.125, 87.375, 5.581516154672051e-24, nan 
-63.875, 87.375, 6.12597719240568e-24, nan 
-63.625, 87.375, 5.875309783175194e-24, nan 
-63.375, 87.375, 5.3666071433512766e-24, nan 
-63.125, 87.375, 4.998172120907694e-24, nan 
-62.875, 87.375, 6.0598469887043164e-24, nan 
-62.625, 87.375, 7.049218019541806e-24, nan 
-62.375, 87.375, 6.885868742608845e-24, nan 
-62.125, 87.375, 7.055582873680418e-24, nan 
-61.875, 87.375, 6.0831932486636726e-24, nan 
-61.625, 87.375, 7.473840324702967e-24, nan 
-61.375, 87.375, 8.799667023814316e-24, nan 
-61.125, 87.375, 8.459584243659066e-24, nan 
-60.875, 87.375, 7.20546008223629e-24, nan 
-60.625, 87.375, 6.2472211120303374e-24, nan 
-60.375, 87.375, 5.640086432281436e-24, nan 
-60.125, 87.375, 4.854851463155079e-24, nan 
-59.875, 87.375, 5.879374099750905e-24, nan 
-59.625, 87.375, 7.164020579011656e-24, nan 
-59.375, 87.375, 7.972687456334494e-24, nan 
-59.125, 87.375, 7.032349190786829e-24, nan 
-58.875, 87.375, 6.726233247453492e-24, nan 
-58.625, 87.375, 7.025474443155429e-24, nan 
-58.375, 87.375, 5.3998778260401725e-24, nan 
-58.125, 87.375, 4.376862098866948e-24, nan 
-57.875, 87.375, 4.4617131180372965e-24, nan 
-57.625, 87.375, 4.794813602320427e-24, nan 
-57.375, 87.375, 5.3538307012560655e-24, nan 
-57.125, 87.375, 5.711724778121088e-24, nan 
-56.875, 87.375, 6.314466359840532e-24, nan 
-56.625, 87.375, 6.594240858742343e-24, nan 
-56.375, 87.375, 7.540010227912573e-24, nan 
-56.125, 87.375, 9.568105711514002e-24, nan 
-55.875, 87.375, 9.147513396193493e-24, nan 
-55.625, 87.375, 8.79868715046405e-24, nan 
-55.375, 87.375, 9.08982421559749e-24, nan 
-55.125, 87.375, 9.38970059360666e-24, nan 
-54.875, 87.375, 9.88068485992311e-24, nan 
-54.625, 87.375, 9.920753577777836e-24, nan 
-54.375, 87.375, 1.0450285173255084e-23, nan 
-54.125, 87.375, 9.096663671583345e-24, nan 
-53.875, 87.375, 8.493608341727157e-24, nan 
-53.625, 87.375, 9.815217936432444e-24, nan 
-53.375, 87.375, 1.0929389588457655e-23, nan 
-53.125, 87.375, 1.0395521593562284e-23, nan 
-52.875, 87.375, 9.59946126582335e-24, nan 
-52.625, 87.375, 9.111283821684422e-24, nan 
-52.375, 87.375, 8.375313395596107e-24, nan 
-52.125, 87.375, 7.895096911004172e-24, nan 
-51.875, 87.375, 7.623944600912876e-24, nan 
-51.625, 87.375, 7.57644374497491e-24, nan 
-51.375, 87.375, 7.364779220466995e-24, nan 
-51.125, 87.375, 6.1577857338776836e-24, nan 
-50.875, 87.375, 4.734372956651384e-24, nan 
-50.625, 87.375, 2.805919801592279e-24, nan 
-50.375, 87.375, 3.7305281350164106e-24, nan 
-50.125, 87.375, 4.987222404228116e-24, nan 
-49.875, 87.375, 5.7026353089842644e-24, nan 
-49.625, 87.375, 5.7890371531097464e-24, nan 
-49.375, 87.375, 5.523032635126536e-24, nan 
-49.125, 87.375, 5.349681669492074e-24, nan 
-48.875, 87.375, 6.185408498527983e-24, nan 
-48.625, 87.375, 6.0383013038527034e-24, nan 
-48.375, 87.375, 5.043020091152252e-24, nan 
-48.125, 87.375, 3.9209424602682314e-24, nan 
-47.875, 87.375, 3.571222916020758e-24, nan 
-47.625, 87.375, 3.666426668238205e-24, nan 
-47.375, 87.375, 4.057894793382424e-24, nan 
-47.125, 87.375, 4.671964011066291e-24, nan 
-46.875, 87.375, 4.93788945596163e-24, nan 
-46.625, 87.375, 4.738560737514345e-24, nan 
-46.375, 87.375, 4.384764773401401e-24, nan 
-46.125, 87.375, 4.075688619811095e-24, nan 
-45.875, 87.375, 4.19658524146475e-24, nan 
-45.625, 87.375, 8.500005261596023e-24, nan 
-45.375, 87.375, 9.65091551793443e-24, nan 
-45.125, 87.375, 4.3748135281026536e-24, nan 
-44.875, 87.375, 4.1546648935462315e-24, nan 
-44.625, 87.375, 5.014857727507814e-24, nan 
-44.375, 87.375, 4.125139679058871e-24, nan 
-44.125, 87.375, 2.8537002039330738e-24, nan 
-43.875, 87.375, 2.4475130716716814e-24, nan 
-43.625, 87.375, 4.7591960688295145e-24, nan 
-43.375, 87.375, 1.1380851715010992e-23, nan 
-43.125, 87.375, 8.936601743696919e-24, nan 
-42.875, 87.375, 5.318955597432921e-24, nan 
-42.625, 87.375, 3.279626219080939e-24, nan 
-42.375, 87.375, 2.892592508324e-24, nan 
-42.125, 87.375, 3.0134218567226777e-24, nan 
-41.875, 87.375, 3.104461899973234e-24, nan 
-41.625, 87.375, 3.133136897815497e-24, nan 
-41.375, 87.375, 3.1125005219118567e-24, nan 
-41.125, 87.375, 2.954098774506885e-24, nan 
-40.875, 87.375, 2.9252591289390767e-24, nan 
-40.625, 87.375, 4.351024833096821e-24, nan 
-40.375, 87.375, 1.6288497795029222e-23, nan 
-40.125, 87.375, 2.0685222959640858e-23, nan 
-39.875, 87.375, 1.0588037766003345e-23, nan 
-39.625, 87.375, 5.608720458304333e-24, nan 
-39.375, 87.375, 5.1789198369685436e-24, nan 
-39.125, 87.375, 3.941726607246445e-24, nan 
-38.875, 87.375, 3.2552440619319417e-24, nan 
-38.625, 87.375, 2.642835840223795e-24, nan 
-38.375, 87.375, 6.968202389668488e-24, nan 
-38.125, 87.375, 1.9578386177026685e-23, nan 
-37.875, 87.375, 1.3446606859086035e-23, nan 
-37.625, 87.375, 6.467385661292952e-24, nan 
-37.375, 87.375, 3.0756339673831163e-24, nan 
-37.125, 87.375, 3.2795011897326303e-24, nan 
-36.875, 87.375, 4.03036960168633e-24, nan 
-36.625, 87.375, 4.7980605860094656e-24, nan 
-36.375, 87.375, 5.554016498871425e-24, nan 
-36.125, 87.375, 8.62452959954757e-24, nan 
-35.875, 87.375, 1.4886662724322088e-23, nan 
-35.625, 87.375, 1.7428913689700227e-23, nan 
-35.375, 87.375, 1.501767865115276e-23, nan 
-35.125, 87.375, 1.2455554714944365e-23, nan 
-34.875, 87.375, 1.2471299873968777e-23, nan 
-34.625, 87.375, 7.834663192617539e-24, nan 
-34.375, 87.375, 5.6330746297458936e-24, nan 
-34.125, 87.375, 4.579635567650797e-24, nan 
-33.875, 87.375, 2.9662959962922165e-24, nan 
-33.625, 87.375, 2.16164501767386e-24, nan 
-33.375, 87.375, 2.1391987213859313e-24, nan 
-33.125, 87.375, 5.817740114444846e-24, nan 
-32.875, 87.375, 1.2606303552346917e-23, nan 
-32.625, 87.375, 1.2667152569478653e-23, nan 
-32.375, 87.375, 1.370784272665111e-23, nan 
-32.125, 87.375, 1.2860468506433611e-23, nan 
-31.875, 87.375, 7.411040686266562e-24, nan 
-31.625, 87.375, 6.038058010838344e-24, nan 
-31.375, 87.375, 6.387672624061838e-24, nan 
-31.125, 87.375, 7.02886739401634e-24, nan 
-30.875, 87.375, 1.2389019350434729e-23, nan 
-30.625, 87.375, 2.5078880234900196e-23, nan 
-30.375, 87.375, 2.914730310395928e-23, nan 
-30.125, 87.375, 2.3934157624880082e-23, nan 
-29.875, 87.375, 9.184943706240288e-24, nan 
-29.625, 87.375, 5.777909684946926e-24, nan 
-29.375, 87.375, 4.3818250538506726e-24, nan 
-29.125, 87.375, 4.244720740238449e-24, nan 
-28.875, 87.375, 4.770197603036589e-24, nan 
-28.625, 87.375, 5.222603860897685e-24, nan 
-28.375, 87.375, 6.0801324448036235e-24, nan 
-28.125, 87.375, 8.214843554625518e-24, nan 
-27.875, 87.375, 8.543701067083338e-24, nan 
-27.625, 87.375, 1.1616529482272904e-23, nan 
-27.375, 87.375, 1.874947216417109e-23, nan 
-27.125, 87.375, 2.75963569181114e-23, nan 
-26.875, 87.375, 2.7116289124017976e-23, nan 
-26.625, 87.375, 1.5591518065417637e-23, nan 
-26.375, 87.375, 1.073152320908714e-23, nan 
-26.125, 87.375, 9.700215580590912e-24, nan 
-25.875, 87.375, 5.487331833811358e-24, nan 
-25.625, 87.375, 3.769936275963039e-24, nan 
-25.375, 87.375, 8.135647237686012e-24, nan 
-25.125, 87.375, 1.2708445599545563e-23, nan 
-24.875, 87.375, 1.5055448669557682e-23, nan 
-24.625, 87.375, 9.116092972996038e-24, nan 
-24.375, 87.375, 5.2791832591991656e-24, nan 
-24.125, 87.375, 7.35909514915442e-24, nan 
-23.875, 87.375, 8.612585024237911e-24, nan 
-23.625, 87.375, 8.997653264476673e-24, nan 
-23.375, 87.375, 9.007780256133789e-24, nan 
-23.125, 87.375, 8.619997269059953e-24, nan 
-22.875, 87.375, 1.0425580332378825e-23, nan 
-22.625, 87.375, 8.30050664468915e-24, nan 
-22.375, 87.375, 5.897551755767482e-24, nan 
-22.125, 87.375, 7.864345132468349e-24, nan 
-21.875, 87.375, 1.458887924111149e-23, nan 
-21.625, 87.375, 1.5698173709826212e-23, nan 
-21.375, 87.375, 8.3888255922079e-24, nan 
-21.125, 87.375, 3.8362605092067345e-24, nan 
-20.875, 87.375, 3.602220103561191e-24, nan 
-20.625, 87.375, 4.630275231977619e-24, nan 
-20.375, 87.375, 6.2521000989589446e-24, nan 
-20.125, 87.375, 4.8469858729255824e-24, nan 
-19.875, 87.375, 6.5425331104055326e-24, nan 
-19.625, 87.375, 1.3293968052827035e-23, nan 
-19.375, 87.375, 6.129380029155886e-24, nan 
-19.125, 87.375, 4.6170871816268245e-24, nan 
-18.875, 87.375, 5.127673107479513e-24, nan 
-18.625, 87.375, 6.027308563617447e-24, nan 
-18.375, 87.375, 6.4126990114788444e-24, nan 
-18.125, 87.375, 6.200224602173558e-24, nan 
-17.875, 87.375, 5.153425147243208e-24, nan 
-17.625, 87.375, 7.056798712204454e-24, nan 
-17.375, 87.375, 6.759161771852687e-24, nan 
-17.125, 87.375, 5.728994873843257e-24, nan 
-16.875, 87.375, 5.8249514120072084e-24, nan 
-16.625, 87.375, 7.773323765862384e-24, nan 
-16.375, 87.375, 8.957944532903034e-24, nan 
-16.125, 87.375, 1.1825334061731562e-23, nan 
-15.875, 87.375, 1.454504857452565e-23, nan 
-15.625, 87.375, 1.571078895228178e-23, nan 
-15.375, 87.375, 1.7540250143610086e-23, nan 
-15.125, 87.375, 1.4629551549736695e-23, nan 
-14.875, 87.375, 1.0421195339717808e-23, nan 
-14.625, 87.375, 1.0718810131728858e-23, nan 
-14.375, 87.375, 2.7133025006673333e-23, nan 
-14.125, 87.375, 1.6792995127237745e-23, nan 
-13.875, 87.375, 1.320517272101016e-23, nan 
-13.625, 87.375, 9.619953179871562e-24, nan 
-13.375, 87.375, 8.931021367792898e-24, nan 
-13.125, 87.375, 8.747063086233157e-24, nan 
-12.875, 87.375, 8.46328350588237e-24, nan 
-12.625, 87.375, 8.785953408449754e-24, nan 
-12.375, 87.375, 1.4054276307535214e-23, nan 
-12.125, 87.375, 1.3596367504780442e-23, nan 
-11.875, 87.375, 1.2976156291746476e-23, nan 
-11.625, 87.375, 1.1388334299741027e-23, nan 
-11.375, 87.375, 9.50813966897337e-24, nan 
-11.125, 87.375, 8.191317139606473e-24, nan 
-10.875, 87.375, 1.0822809661515198e-23, nan 
-10.625, 87.375, 1.615313592481208e-23, nan 
-10.375, 87.375, 2.0113019210779318e-23, nan 
-10.125, 87.375, 2.763889778496114e-23, nan 
-9.875, 87.375, 1.4863712787495524e-23, nan 
-9.625, 87.375, 9.321746216250793e-24, nan 
-9.375, 87.375, 8.848727820550831e-24, nan 
-9.125, 87.375, 1.6372672538707986e-23, nan 
-8.875, 87.375, 1.1873657946358426e-23, nan 
-8.625, 87.375, 1.0154838921124982e-23, nan 
-8.375, 87.375, 8.283013308547843e-24, nan 
-8.125, 87.375, 7.791015121420416e-24, nan 
-7.875, 87.375, 7.364089181038817e-24, nan 
-7.625, 87.375, 7.155935922862254e-24, nan 
-7.375, 87.375, 7.199747785579016e-24, nan 
-7.125, 87.375, 8.921227218860144e-24, nan 
-6.875, 87.375, 9.362046381142781e-24, nan 
-6.625, 87.375, 1.037203188096009e-23, nan 
-6.375, 87.375, 1.1608077934519791e-23, nan 
-6.125, 87.375, 8.596119785078455e-24, nan 
-5.875, 87.375, 6.80624524527868e-24, nan 
-5.625, 87.375, 3.4241864014319795e-24, nan 
-5.375, 87.375, 5.786391694891265e-24, nan 
-5.125, 87.375, 9.77266061260466e-24, nan 
-4.875, 87.375, 1.4460070755999706e-23, nan 
-4.625, 87.375, 1.3549838978542247e-23, nan 
-4.375, 87.375, 1.5118290222038902e-23, nan 
-4.125, 87.375, 1.508399959849639e-23, nan 
-3.875, 87.375, 1.491484957920485e-23, nan 
-3.625, 87.375, 1.4659616121597593e-23, nan 
-3.375, 87.375, 1.333669200635737e-23, nan 
-3.125, 87.375, 1.1627592000855999e-23, nan 
-2.875, 87.375, 1.0965484176153409e-23, nan 
-2.625, 87.375, 1.0411715276127487e-23, nan 
-2.375, 87.375, 1.052661947064508e-23, nan 
-2.125, 87.375, 1.1288647450821013e-23, nan 
-1.875, 87.375, 1.1741457710583438e-23, nan 
-1.625, 87.375, 1.2648919449318134e-23, nan 
-1.375, 87.375, 1.5263160518852336e-23, nan 
-1.125, 87.375, 1.814487839560727e-23, nan 
-0.875, 87.375, 1.674401101191505e-23, nan 
-0.625, 87.375, 1.7655787913471895e-23, nan 
-0.375, 87.375, 1.839324223019863e-23, nan 
-0.125, 87.375, 1.8303154901549767e-23, nan 
0.125, 87.375, 2.0585390038283954e-23, nan 
0.375, 87.375, 2.166419937504241e-23, nan 
0.625, 87.375, 2.3093796938372396e-23, nan 
0.875, 87.375, 2.3300412537054497e-23, nan 
1.125, 87.375, 2.1561349089511563e-23, nan 
1.375, 87.375, 1.926670715566289e-23, nan 
1.625, 87.375, 1.6794872321436422e-23, nan 
1.875, 87.375, 1.3107966706419297e-23, nan 
2.125, 87.375, 9.854078948750145e-24, nan 
2.375, 87.375, 7.792221049951361e-24, nan 
2.625, 87.375, 7.038925351819903e-24, nan 
2.875, 87.375, 6.883558752800448e-24, nan 
3.125, 87.375, 7.055836873332997e-24, nan 
3.375, 87.375, 7.287593958556314e-24, nan 
3.625, 87.375, 7.552120529515133e-24, nan 
3.875, 87.375, 7.85557846096278e-24, nan 
4.125, 87.375, 8.009700414472096e-24, nan 
4.375, 87.375, 1.2273267241394669e-23, nan 
4.625, 87.375, 1.4848731233260487e-23, nan 
4.875, 87.375, 1.617167627095469e-23, nan 
5.125, 87.375, 1.6969304826887184e-23, nan 
5.375, 87.375, 1.9602964756980195e-23, nan 
5.625, 87.375, 2.0029363415987932e-23, nan 
5.875, 87.375, 2.0914402797083728e-23, nan 
6.125, 87.375, 1.9019781781847166e-23, nan 
6.375, 87.375, 1.7940831741311347e-23, nan 
6.625, 87.375, 1.767333054724174e-23, nan 
6.875, 87.375, 1.8109382543322433e-23, nan 
7.125, 87.375, 1.8906714704633884e-23, nan 
7.375, 87.375, 1.7546068885773585e-23, nan 
7.625, 87.375, 1.358114315978434e-23, nan 
7.875, 87.375, 1.4031447030700315e-23, nan 
8.125, 87.375, 1.0957644171695387e-23, nan 
8.375, 87.375, 9.317077369525458e-24, nan 
8.625, 87.375, 8.590995059806648e-24, nan 
8.875, 87.375, 1.484189682751e-23, nan 
9.125, 87.375, 1.2464061728083621e-23, nan 
9.375, 87.375, 1.2471766204635462e-23, nan 
9.625, 87.375, 1.2679128427526647e-23, nan 
9.875, 87.375, 1.301955331239887e-23, nan 
10.125, 87.375, 1.3602525895976128e-23, nan 
10.375, 87.375, 1.332890144722532e-23, nan 
10.625, 87.375, 7.821829740148401e-24, nan 
10.875, 87.375, 1.1788521612315055e-23, nan 
11.125, 87.375, 1.1479967884362963e-23, nan 
11.375, 87.375, 8.641155557019167e-24, nan 
11.625, 87.375, 3.847531433827181e-24, nan 
11.875, 87.375, 1.045901674953506e-23, nan 
12.125, 87.375, 1.843200664919085e-23, nan 
12.375, 87.375, 2.5483609614454505e-23, nan 
12.625, 87.375, 2.9498966298599174e-23, nan 
12.875, 87.375, 2.091093384858179e-23, nan 
13.125, 87.375, 2.2839356102545283e-23, nan 
13.375, 87.375, 1.631290727309111e-23, nan 
13.625, 87.375, 8.536253475831749e-24, nan 
13.875, 87.375, 1.1626686731726787e-23, nan 
14.125, 87.375, 2.293997564585695e-23, nan 
14.375, 87.375, 1.6220613959667072e-23, nan 
14.625, 87.375, 1.785532880963429e-23, nan 
14.875, 87.375, 1.770157810664636e-23, nan 
15.125, 87.375, 1.7848465958181677e-23, nan 
15.375, 87.375, 1.8820442086752315e-23, nan 
15.625, 87.375, 1.8652586530170025e-23, nan 
15.875, 87.375, 1.1402598884560732e-23, nan 
16.125, 87.375, 2.0860258338843176e-23, nan 
16.375, 87.375, 1.7274576050863463e-23, nan 
16.625, 87.375, 1.3578742331520714e-23, nan 
16.875, 87.375, 6.342816339276642e-24, nan 
17.125, 87.375, 7.203219361914843e-24, nan 
17.375, 87.375, 1.4349975767727127e-23, nan 
17.625, 87.375, 1.9864586549120204e-23, nan 
17.875, 87.375, 2.0086509116039305e-23, nan 
18.125, 87.375, 1.6814790855236343e-23, nan 
18.375, 87.375, 1.8141849313309753e-23, nan 
18.625, 87.375, 1.1503566948459744e-23, nan 
18.875, 87.375, 1.0516410084776638e-23, nan 
19.125, 87.375, 1.1185855135829143e-23, nan 
19.375, 87.375, 1.612313086321343e-23, nan 
19.625, 87.375, 1.532777887913674e-23, nan 
19.875, 87.375, 1.5918169814935647e-23, nan 
20.125, 87.375, 1.608303039904093e-23, nan 
20.375, 87.375, 1.458793770530752e-23, nan 
20.625, 87.375, 1.4367173153094097e-23, nan 
20.875, 87.375, 1.1482604710641874e-23, nan 
21.125, 87.375, 1.1065037473036441e-23, nan 
21.375, 87.375, 9.944788557905296e-24, nan 
21.625, 87.375, 1.0825671419560815e-23, nan 
21.875, 87.375, 1.4705785239400536e-23, nan 
22.125, 87.375, 1.6862690977793552e-23, nan 
22.375, 87.375, 1.6256460337244856e-23, nan 
22.625, 87.375, 1.5607050477087002e-23, nan 
22.875, 87.375, 1.3810718926465695e-23, nan 
23.125, 87.375, 1.1439782656902236e-23, nan 
23.375, 87.375, 9.63689949200823e-24, nan 
23.625, 87.375, 8.271134756042024e-24, nan 
23.875, 87.375, 8.540697970723228e-24, nan 
24.125, 87.375, 9.657455637527738e-24, nan 
24.375, 87.375, 1.014727543088903e-23, nan 
24.625, 87.375, 1.036614905738574e-23, nan 
24.875, 87.375, 1.0701343411374459e-23, nan 
25.125, 87.375, 1.0617576031596321e-23, nan 
25.375, 87.375, 1.0915955177246608e-23, nan 
25.625, 87.375, 1.2396786114187408e-23, nan 
25.875, 87.375, 1.5833794008190716e-23, nan 
26.125, 87.375, 1.1620624035445764e-23, nan 
26.375, 87.375, 1.5471292976274252e-23, nan 
26.625, 87.375, 2.186881992968271e-23, nan 
26.875, 87.375, 1.801931284762696e-23, nan 
27.125, 87.375, 1.4175585433632515e-23, nan 
27.375, 87.375, 1.6035281486246688e-23, nan 
27.625, 87.375, 1.500573003328267e-23, nan 
27.875, 87.375, 1.4040272802674088e-23, nan 
28.125, 87.375, 1.229420204462994e-23, nan 
28.375, 87.375, 1.0836440060097031e-23, nan 
28.625, 87.375, 9.473723210996296e-24, nan 
28.875, 87.375, 8.59022570029185e-24, nan 
29.125, 87.375, 9.02912125405185e-24, nan 
29.375, 87.375, 7.826674527308124e-24, nan 
29.625, 87.375, 7.865821547887891e-24, nan 
29.875, 87.375, 7.94019065762609e-24, nan 
30.125, 87.375, 8.695523495880603e-24, nan 
30.375, 87.375, 8.060936727805956e-24, nan 
30.625, 87.375, 6.47057200836187e-24, nan 
30.875, 87.375, 6.01422567281179e-24, nan 
31.125, 87.375, 5.602868382429465e-24, nan 
31.375, 87.375, 9.108931741306733e-24, nan 
31.625, 87.375, 1.0691051354769019e-23, nan 
31.875, 87.375, 1.3864446212549692e-23, nan 
32.125, 87.375, 1.0410739903120699e-23, nan 
32.375, 87.375, 5.394988972153941e-24, nan 
32.625, 87.375, 5.870965890850132e-24, nan 
32.875, 87.375, 6.381390593799814e-24, nan 
33.125, 87.375, 6.803508202448071e-24, nan 
33.375, 87.375, 7.10706241119799e-24, nan 
33.625, 87.375, 7.23734941275134e-24, nan 
33.875, 87.375, 7.563340893158967e-24, nan 
34.125, 87.375, 9.012736331259365e-24, nan 
34.375, 87.375, 1.1504127503605736e-23, nan 
34.625, 87.375, 8.42305087031248e-24, nan 
34.875, 87.375, 7.963129539049626e-24, nan 
35.125, 87.375, 8.432479093525216e-24, nan 
35.375, 87.375, 1.0630729893667273e-23, nan 
35.625, 87.375, 6.747322380133507e-24, nan 
35.875, 87.375, 7.649414246280541e-24, nan 
36.125, 87.375, 6.118838807651841e-24, nan 
36.375, 87.375, 5.709966614408584e-24, nan 
36.625, 87.375, 5.6529562312429875e-24, nan 
36.875, 87.375, 7.139865065131073e-24, nan 
37.125, 87.375, 7.043803542256505e-24, nan 
37.375, 87.375, 6.77164373545277e-24, nan 
37.625, 87.375, 6.647901224417988e-24, nan 
37.875, 87.375, 6.45230844899529e-24, nan 
38.125, 87.375, 6.172940802784899e-24, nan 
38.375, 87.375, 5.700756977909587e-24, nan 
38.625, 87.375, 5.741299008660435e-24, nan 
38.875, 87.375, 5.225540366951993e-24, nan 
39.125, 87.375, 4.7430632050004765e-24, nan 
39.375, 87.375, 4.565654488858398e-24, nan 
39.625, 87.375, 6.186853773633517e-24, nan 
39.875, 87.375, 6.311907037724324e-24, nan 
40.125, 87.375, 6.370779253735083e-24, nan 
40.375, 87.375, 6.759077100323266e-24, nan 
40.625, 87.375, 6.822352364845912e-24, nan 
40.875, 87.375, 4.766877355567914e-24, nan 
41.125, 87.375, 8.497345342895351e-24, nan 
41.375, 87.375, 7.839813662837939e-24, nan 
41.625, 87.375, 9.363064993397207e-24, nan 
41.875, 87.375, 9.988691381547967e-24, nan 
42.125, 87.375, 1.1437436336617973e-23, nan 
42.375, 87.375, 1.1578838127220623e-23, nan 
42.625, 87.375, 1.2207168243195901e-23, nan 
42.875, 87.375, 1.2515239497820449e-23, nan 
43.125, 87.375, 1.2771542370677336e-23, nan 
43.375, 87.375, 1.2868646813118553e-23, nan 
43.625, 87.375, 1.352048077393597e-23, nan 
43.875, 87.375, 1.3987671612714316e-23, nan 
44.125, 87.375, 1.450134263454764e-23, nan 
44.375, 87.375, 1.4840715063207453e-23, nan 
44.625, 87.375, 1.46653028325831e-23, nan 
44.875, 87.375, 1.3778044588497474e-23, nan 
45.125, 87.375, 1.2418260032074118e-23, nan 
45.375, 87.375, 1.139523322871543e-23, nan 
45.625, 87.375, 1.0232989441413036e-23, nan 
45.875, 87.375, 9.710940467257918e-24, nan 
46.125, 87.375, 7.211956523018758e-24, nan 
46.375, 87.375, 8.727387716355277e-24, nan 
46.625, 87.375, 1.2455266626619156e-23, nan 
46.875, 87.375, 1.462722117263298e-23, nan 
47.125, 87.375, 1.5350851456393933e-23, nan 
47.375, 87.375, 1.4711338648377343e-23, nan 
47.625, 87.375, 1.5539466591975905e-23, nan 
47.875, 87.375, 1.65216507103801e-23, nan 
48.125, 87.375, 1.8080144767939072e-23, nan 
48.375, 87.375, 2.0820218490275118e-23, nan 
48.625, 87.375, 2.2133697918091457e-23, nan 
48.875, 87.375, 2.681150529400482e-23, nan 
49.125, 87.375, 3.699355434582542e-23, nan 
49.375, 87.375, 3.05975982012497e-23, nan 
49.625, 87.375, 2.5081806062639682e-23, nan 
49.875, 87.375, 1.0911793108063148e-23, nan 
50.125, 87.375, 1.0134075071028135e-23, nan 
50.375, 87.375, 1.1652032724352898e-23, nan 
50.625, 87.375, 5.9209187655029975e-24, nan 
50.875, 87.375, 9.660709774022954e-24, nan 
51.125, 87.375, 1.1676494654907013e-23, nan 
51.375, 87.375, 1.0775379023949663e-23, nan 
51.625, 87.375, 1.0598257003255485e-23, nan 
51.875, 87.375, 1.2019518527794914e-23, nan 
52.125, 87.375, 4.821021966832084e-24, nan 
52.375, 87.375, 7.678760935676867e-24, nan 
52.625, 87.375, 9.586651463260951e-24, nan 
52.875, 87.375, 1.1118241788666764e-23, nan 
53.125, 87.375, 1.2460174692594398e-23, nan 
53.375, 87.375, 1.4940084207286345e-23, nan 
53.625, 87.375, 2.010842336737424e-23, nan 
53.875, 87.375, 2.2075933535964572e-23, nan 
54.125, 87.375, 2.889025087337306e-23, nan 
54.375, 87.375, 4.7032304054353243e-23, nan 
54.625, 87.375, 3.4258276548775905e-23, nan 
54.875, 87.375, 2.5735830769104084e-23, nan 
55.125, 87.375, 2.61985352454775e-23, nan 
55.375, 87.375, 3.5366804352754393e-23, nan 
55.625, 87.375, 2.431141777399966e-23, nan 
55.875, 87.375, 2.8598448414114274e-23, nan 
56.125, 87.375, 3.4653662866029417e-23, nan 
56.375, 87.375, 3.773989074657289e-23, nan 
56.625, 87.375, 3.837466648005697e-23, nan 
56.875, 87.375, 3.7925053736130944e-23, nan 
57.125, 87.375, 3.641783995845321e-23, nan 
57.375, 87.375, 2.812237634319399e-23, nan 
57.625, 87.375, 3.0999606058281987e-23, nan 
57.875, 87.375, 3.456192792790457e-23, nan 
58.125, 87.375, 3.6839461952375324e-23, nan 
58.375, 87.375, 3.718048798153476e-23, nan 
58.625, 87.375, 3.733260507656775e-23, nan 
58.875, 87.375, 3.72601072923372e-23, nan 
59.125, 87.375, 3.7104042074952954e-23, nan 
59.375, 87.375, 3.766913178249002e-23, nan 
59.625, 87.375, 4.2394811322254776e-23, nan 
59.875, 87.375, 4.028694252668404e-23, nan 
60.125, 87.375, 3.987609813963918e-23, nan 
60.375, 87.375, 4.602716324493247e-23, nan 
60.625, 87.375, 5.2113747760406054e-23, nan 
60.875, 87.375, 4.624229098303109e-23, nan 
61.125, 87.375, 4.9989269490678565e-23, nan 
61.375, 87.375, 5.06593720247395e-23, nan 
61.625, 87.375, 4.9632458886028756e-23, nan 
61.875, 87.375, 4.6435779133836336e-23, nan 
62.125, 87.375, 4.1372124218318705e-23, nan 
62.375, 87.375, 4.588966541666968e-23, nan 
62.625, 87.375, 4.651281330228199e-23, nan 
62.875, 87.375, 4.2491941807572857e-23, nan 
63.125, 87.375, 3.565089293064941e-23, nan 
63.375, 87.375, 3.31550752820738e-23, nan 
63.625, 87.375, 3.06703810328174e-23, nan 
63.875, 87.375, 3.0398074124623914e-23, nan 
64.125, 87.375, 3.0684298036902094e-23, nan 
64.375, 87.375, 3.220850291999846e-23, nan 
64.625, 87.375, 2.9555590960677643e-23, nan 
64.875, 87.375, 2.903800679379182e-23, nan 
65.125, 87.375, 2.9134783138160235e-23, nan 
65.375, 87.375, 2.929252938247048e-23, nan 
65.625, 87.375, 3.11621247525304e-23, nan 
65.875, 87.375, 4.164938146621223e-23, nan 
66.125, 87.375, 4.4862443106445294e-23, nan 
66.375, 87.375, 4.637489854353489e-23, nan 
66.625, 87.375, 4.623443361464049e-23, nan 
66.875, 87.375, 4.443876290312937e-23, nan 
67.125, 87.375, 4.220272173083919e-23, nan 
67.375, 87.375, 3.841187462734623e-23, nan 
67.625, 87.375, 3.6091150261583586e-23, nan 
67.875, 87.375, 3.722190251882116e-23, nan 
68.125, 87.375, 3.56992662417571e-23, nan 
68.375, 87.375, 2.9291270197489295e-23, nan 
68.625, 87.375, 2.887044226870647e-23, nan 
68.875, 87.375, 3.57903728129921e-23, nan 
69.125, 87.375, 3.682990431591324e-23, nan 
69.375, 87.375, 3.4240923733299146e-23, nan 
69.625, 87.375, 3.6736685946118944e-23, nan 
69.875, 87.375, 3.5501344105508426e-23, nan 
70.125, 87.375, 2.3774671071215027e-23, nan 
70.375, 87.375, 2.1718553709133187e-23, nan 
70.625, 87.375, 2.1149304040315382e-23, nan 
70.875, 87.375, 2.607653189138997e-23, nan 
71.125, 87.375, 3.540611284522518e-23, nan 
71.375, 87.375, 3.720105634020333e-23, nan 
71.625, 87.375, 4.0225774488325925e-23, nan 
71.875, 87.375, 4.090888054872137e-23, nan 
72.125, 87.375, 4.102811150839762e-23, nan 
72.375, 87.375, 4.036316264636133e-23, nan 
72.625, 87.375, 4.1139430552684925e-23, nan 
72.875, 87.375, 4.365436248836557e-23, nan 
73.125, 87.375, 4.700422499940541e-23, nan 
73.375, 87.375, 5.1830849065676743e-23, nan 
73.625, 87.375, 4.525980002045654e-23, nan 
73.875, 87.375, 6.282522062976315e-23, nan 
74.125, 87.375, 6.688882699739769e-23, nan 
74.375, 87.375, 7.23765617032783e-23, nan 
74.625, 87.375, 7.003817527071677e-23, nan 
74.875, 87.375, 7.560474669112022e-23, nan 
75.125, 87.375, 5.961593934715345e-23, nan 
75.375, 87.375, 2.822040994315234e-23, nan 
75.625, 87.375, 3.152462791940056e-23, nan 
75.875, 87.375, 3.0722513179479715e-23, nan 
76.125, 87.375, 3.472038611240398e-23, nan 
76.375, 87.375, 3.9023010198373244e-23, nan 
76.625, 87.375, 4.6053683222462605e-23, nan 
76.875, 87.375, 5.024491364829261e-23, nan 
77.125, 87.375, 4.476432301837823e-23, nan 
77.375, 87.375, 4.6520805487766224e-23, nan 
77.625, 87.375, 3.791931593124872e-23, nan 
77.875, 87.375, 3.4409558157210163e-23, nan 
78.125, 87.375, 3.3179221085420974e-23, nan 
78.375, 87.375, 3.558142127850593e-23, nan 
78.625, 87.375, 5.696070404460258e-23, nan 
78.875, 87.375, 3.902915618128247e-23, nan 
79.125, 87.375, 7.085370283602053e-23, nan 
79.375, 87.375, 8.578529352097938e-23, nan 
79.625, 87.375, 9.191728122012181e-23, nan 
79.875, 87.375, 9.196626319683815e-23, nan 
80.125, 87.375, 9.553938659699129e-23, nan 
80.375, 87.375, 7.014740764142583e-23, nan 
80.625, 87.375, 6.031701708322094e-23, nan 
80.875, 87.375, 6.240419970452607e-23, nan 
81.125, 87.375, 6.34209770049251e-23, nan 
81.375, 87.375, 6.43012145044939e-23, nan 
81.625, 87.375, 6.469747641500665e-23, nan 
81.875, 87.375, 7.02536949077812e-23, nan 
82.125, 87.375, 7.547833643167942e-23, nan 
82.375, 87.375, 5.930061486672141e-23, nan 
82.625, 87.375, 5.1486180000435034e-23, nan 
82.875, 87.375, 4.996486863973522e-23, nan 
83.125, 87.375, 5.026121041626367e-23, nan 
83.375, 87.375, 4.980590981793008e-23, nan 
83.625, 87.375, 4.947001532482715e-23, nan 
83.875, 87.375, 5.566577113867468e-23, nan 
84.125, 87.375, 4.454207670786637e-23, nan 
84.375, 87.375, 4.868226141294031e-23, nan 
84.625, 87.375, 6.518844996405335e-23, nan 
84.875, 87.375, 6.680580330310786e-23, nan 
85.125, 87.375, 6.780313142452144e-23, nan 
85.375, 87.375, 6.927163387315446e-23, nan 
85.625, 87.375, 7.496625356475067e-23, nan 
85.875, 87.375, 7.948863159816315e-23, nan 
86.125, 87.375, 8.310554361194383e-23, nan 
86.375, 87.375, 8.451352968623933e-23, nan 
86.625, 87.375, 8.456326543040509e-23, nan 
86.875, 87.375, 8.173733754143753e-23, nan 
87.125, 87.375, 6.743554415073296e-23, nan 
87.375, 87.375, 5.578948088723287e-23, nan 
87.625, 87.375, 5.29712455037774e-23, nan 
87.875, 87.375, 5.468779790078307e-23, nan 
88.125, 87.375, 5.746343337133141e-23, nan 
88.375, 87.375, 5.813153956263447e-23, nan 
88.625, 87.375, 5.743425269340165e-23, nan 
88.875, 87.375, 5.574049101811932e-23, nan 
89.125, 87.375, 5.273902536244988e-23, nan 
89.375, 87.375, 4.8353177563797987e-23, nan 
89.625, 87.375, 4.276390627834117e-23, nan 
89.875, 87.375, 4.672931248228286e-23, nan 
90.125, 87.375, 4.79790205839693e-23, nan 
90.375, 87.375, 4.936848408890055e-23, nan 
90.625, 87.375, 5.099435097653625e-23, nan 
90.875, 87.375, 5.213630739878289e-23, nan 
91.125, 87.375, 4.935063716785094e-23, nan 
91.375, 87.375, 4.807136270710765e-23, nan 
91.625, 87.375, 4.965520047310872e-23, nan 
91.875, 87.375, 5.317759299118587e-23, nan 
92.125, 87.375, 5.320307668361307e-23, nan 
92.375, 87.375, 6.271849150740959e-23, nan 
92.625, 87.375, 6.188171814673856e-23, nan 
92.875, 87.375, 6.08734855281472e-23, nan 
93.125, 87.375, 5.408554097220242e-23, nan 
93.375, 87.375, 4.721092917560348e-23, nan 
93.625, 87.375, 3.8959447027886613e-23, nan 
93.875, 87.375, 3.026483562186178e-23, nan 
94.125, 87.375, 2.860625216248945e-23, nan 
94.375, 87.375, 3.098610511641463e-23, nan 
94.625, 87.375, 3.086483285695993e-23, nan 
94.875, 87.375, 3.293361028995843e-23, nan 
95.125, 87.375, 3.3965868833586695e-23, nan 
95.375, 87.375, 3.378225124619555e-23, nan 
95.625, 87.375, 3.641196525194841e-23, nan 
95.875, 87.375, 4.379641406596284e-23, nan 
96.125, 87.375, 4.5973349071128366e-23, nan 
96.375, 87.375, 4.5958473988298746e-23, nan 
96.625, 87.375, 4.263080544735707e-23, nan 
96.875, 87.375, 5.103377113249918e-23, nan 
97.125, 87.375, 4.427911426876725e-23, nan 
97.375, 87.375, 3.1726050259220327e-23, nan 
97.625, 87.375, 2.3765417635689414e-23, nan 
97.875, 87.375, 2.0286966124727014e-23, nan 
98.125, 87.375, 2.2450965930872215e-23, nan 
98.375, 87.375, 2.217519614526372e-23, nan 
98.625, 87.375, 3.624728997387322e-23, nan 
98.875, 87.375, 5.1326675970769546e-23, nan 
99.125, 87.375, 2.420334005741808e-23, nan 
99.375, 87.375, 3.842314622471988e-23, nan 
99.625, 87.375, 2.1028503605830877e-23, nan 
99.875, 87.375, 3.1352953551004724e-23, nan 
100.125, 87.375, 3.679695404636307e-23, nan 
100.375, 87.375, 3.9727918946698065e-23, nan 
100.625, 87.375, 4.293082778743422e-23, nan 
100.875, 87.375, 5.039383626615663e-23, nan 
101.125, 87.375, 6.173999457063264e-23, nan 
101.375, 87.375, 5.93120670962e-23, nan 
101.625, 87.375, 5.2526748626789226e-23, nan 
101.875, 87.375, 4.2334588033936626e-23, nan 
102.125, 87.375, 5.404731072191977e-23, nan 
102.375, 87.375, 4.2459080432996207e-23, nan 
102.625, 87.375, 4.6404526727729125e-23, nan 
102.875, 87.375, 3.4439711727174945e-23, nan 
103.125, 87.375, 2.597186389203354e-23, nan 
103.375, 87.375, 3.222922298005587e-23, nan 
103.625, 87.375, 2.7891981759738185e-23, nan 
103.875, 87.375, 5.201865779869579e-23, nan 
104.125, 87.375, 7.11202747489299e-23, nan 
104.375, 87.375, 3.3812550107867894e-23, nan 
104.625, 87.375, 8.209289923473245e-23, nan 
104.875, 87.375, 3.366063310763425e-23, nan 
105.125, 87.375, 3.1785585283073093e-23, nan 
105.375, 87.375, 3.649924586530787e-23, nan 
105.625, 87.375, 3.9986240203763017e-23, nan 
105.875, 87.375, 4.47446309180581e-23, nan 
106.125, 87.375, 5.288574207718314e-23, nan 
106.375, 87.375, 5.614205291932515e-23, nan 
106.625, 87.375, 4.9264931254385054e-23, nan 
106.875, 87.375, 3.6035651015629246e-23, nan 
107.125, 87.375, 2.888325105117113e-23, nan 
107.375, 87.375, 3.06952242572873e-23, nan 
107.625, 87.375, 4.624740520410169e-23, nan 
107.875, 87.375, 7.437499720558164e-23, nan 
108.125, 87.375, 5.062896512910251e-23, nan 
108.375, 87.375, 6.587659110458612e-23, nan 
108.625, 87.375, 8.789950994618207e-23, nan 
108.875, 87.375, 7.891962050192907e-23, nan 
109.125, 87.375, 6.359098345451883e-23, nan 
109.375, 87.375, 5.0454990597379497e-23, nan 
109.625, 87.375, 8.883916542626909e-23, nan 
109.875, 87.375, 6.09568591129316e-23, nan 
110.125, 87.375, 3.570636389668422e-23, nan 
110.375, 87.375, 3.208399571879397e-23, nan 
110.625, 87.375, 3.218058748283553e-23, nan 
110.875, 87.375, 3.4651867774553043e-23, nan 
111.125, 87.375, 2.654590664701602e-23, nan 
111.375, 87.375, 5.20423117154892e-23, nan 
111.625, 87.375, 4.90394854081036e-23, nan 
111.875, 87.375, 4.72195226884306e-23, nan 
112.125, 87.375, 3.816759503043117e-23, nan 
112.375, 87.375, 2.2289596954984693e-23, nan 
112.625, 87.375, 2.2781012533353957e-23, nan 
112.875, 87.375, 3.82714859460894e-23, nan 
113.125, 87.375, 5.44487663888343e-23, nan 
113.375, 87.375, 7.199391334268192e-23, nan 
113.625, 87.375, 9.955926102673567e-23, nan 
113.875, 87.375, 1.2312301664190986e-22, nan 
114.125, 87.375, 1.0667218809484234e-22, nan 
114.375, 87.375, 6.944476474345072e-23, nan 
114.625, 87.375, 1.939467626389151e-23, nan 
114.875, 87.375, 5.473387519065654e-23, nan 
115.125, 87.375, 4.8080475775511625e-23, nan 
115.375, 87.375, 7.432217082961693e-23, nan 
115.625, 87.375, 8.396513474116588e-23, nan 
115.875, 87.375, 8.652930881053449e-23, nan 
116.125, 87.375, 8.625967543232374e-23, nan 
116.375, 87.375, 3.979669861999274e-23, nan 
116.625, 87.375, 1.0247957745912745e-22, nan 
116.875, 87.375, 1.0076894090972262e-22, nan 
117.125, 87.375, 1.0123406835301349e-22, nan 
117.375, 87.375, 8.785486851024187e-23, nan 
117.625, 87.375, 5.221344406143774e-23, nan 
117.875, 87.375, 4.4444146603685376e-23, nan 
118.125, 87.375, 5.487901423292312e-23, nan 
118.375, 87.375, 6.737325518869858e-23, nan 
118.625, 87.375, 8.745049522474604e-23, nan 
118.875, 87.375, 9.939295607224049e-23, nan 
119.125, 87.375, 1.1568736180247409e-22, nan 
119.375, 87.375, 8.158576009196225e-23, nan 
119.625, 87.375, 9.011527072005344e-23, nan 
119.875, 87.375, 5.0486170866135894e-23, nan 
120.125, 87.375, 4.249450930485002e-23, nan 
120.375, 87.375, 5.219399969604917e-23, nan 
120.625, 87.375, 9.312565092128002e-23, nan 
120.875, 87.375, 1.0325017199311096e-22, nan 
121.125, 87.375, 9.873403405287238e-23, nan 
121.375, 87.375, 8.81544401361067e-23, nan 
121.625, 87.375, 4.256282529657005e-23, nan 
121.875, 87.375, 7.893752262878505e-23, nan 
122.125, 87.375, 8.530357840810877e-23, nan 
122.375, 87.375, 8.256787230537884e-23, nan 
122.625, 87.375, 7.263679461458775e-23, nan 
122.875, 87.375, 5.668323052477154e-23, nan 
123.125, 87.375, 5.395594610883208e-23, nan 
123.375, 87.375, 5.360051023805978e-23, nan 
123.625, 87.375, 5.1478655978704255e-23, nan 
123.875, 87.375, 5.0033701049458026e-23, nan 
124.125, 87.375, 4.950485895021242e-23, nan 
124.375, 87.375, 5.91656178996201e-23, nan 
124.625, 87.375, 5.355151358592599e-23, nan 
124.875, 87.375, 1.0793397364594174e-22, nan 
125.125, 87.375, 5.043827874087136e-23, nan 
125.375, 87.375, 3.206084833362572e-23, nan 
125.625, 87.375, 2.696211137531288e-23, nan 
125.875, 87.375, 3.932849924615457e-23, nan 
126.125, 87.375, 4.2746502693885993e-23, nan 
126.375, 87.375, 4.0568902193124717e-23, nan 
126.625, 87.375, 3.5023767042081657e-23, nan 
126.875, 87.375, 4.110858899892494e-23, nan 
127.125, 87.375, 5.615944461642147e-23, nan 
127.375, 87.375, 5.545165440040859e-23, nan 
127.625, 87.375, 4.804651697258544e-23, nan 
127.875, 87.375, 5.065639997819593e-23, nan 
128.125, 87.375, 4.8027251222413515e-23, nan 
128.375, 87.375, 4.3179943374746417e-23, nan 
128.625, 87.375, 4.566698676466229e-23, nan 
128.875, 87.375, 4.977717468830386e-23, nan 
129.125, 87.375, 5.390225349676066e-23, nan 
129.375, 87.375, 5.2645312662834496e-23, nan 
129.625, 87.375, 4.900244344147244e-23, nan 
129.875, 87.375, 6.321274777274408e-23, nan 
130.125, 87.375, 6.075329973863277e-23, nan 
130.375, 87.375, 6.323529460040945e-23, nan 
130.625, 87.375, 9.257432853122439e-23, nan 
130.875, 87.375, 9.15154046874328e-23, nan 
131.125, 87.375, 8.336654410914119e-23, nan 
131.375, 87.375, 7.560873648065758e-23, nan 
131.625, 87.375, 7.202285205885853e-23, nan 
131.875, 87.375, 8.320222618285465e-23, nan 
132.125, 87.375, 9.823935084087461e-23, nan 
132.375, 87.375, 1.0642966642739098e-22, nan 
132.625, 87.375, 1.0601404511482673e-22, nan 
132.875, 87.375, 1.0437262069427796e-22, nan 
133.125, 87.375, 1.0534882494289932e-22, nan 
133.375, 87.375, 1.0680047329437412e-22, nan 
133.625, 87.375, 1.0269967487390616e-22, nan 
133.875, 87.375, 9.690833334595115e-23, nan 
134.125, 87.375, 6.652025334653156e-23, nan 
134.375, 87.375, 5.406256093329053e-23, nan 
134.625, 87.375, 4.588940366382281e-23, nan 
134.875, 87.375, 3.906149603308145e-23, nan 
135.125, 87.375, 3.638972539433691e-23, nan 
135.375, 87.375, 3.9216381249126674e-23, nan 
135.625, 87.375, 5.7902159736072e-23, nan 
135.875, 87.375, 7.634733658557775e-23, nan 
136.125, 87.375, 7.492550705949328e-23, nan 
136.375, 87.375, 6.672746180368647e-23, nan 
136.625, 87.375, 5.795584056526664e-23, nan 
136.875, 87.375, 6.925128930227365e-23, nan 
137.125, 87.375, 6.376257358571151e-23, nan 
137.375, 87.375, 8.274273980340187e-23, nan 
137.625, 87.375, 9.55295693632804e-23, nan 
137.875, 87.375, 1.0051917089299939e-22, nan 
138.125, 87.375, 1.0372634660922298e-22, nan 
138.375, 87.375, 1.0330261861092129e-22, nan 
138.625, 87.375, 9.723928288573678e-23, nan 
138.875, 87.375, 1.0128226919831259e-22, nan 
139.125, 87.375, 1.0641319990039404e-22, nan 
139.375, 87.375, 9.937480591247097e-23, nan 
139.625, 87.375, 9.061399589898591e-23, nan 
139.875, 87.375, 8.281302178849133e-23, nan 
140.125, 87.375, 8.078759637129432e-23, nan 
140.375, 87.375, 7.508559549750428e-23, nan 
140.625, 87.375, 7.09546768828555e-23, nan 
140.875, 87.375, 8.077502840688548e-23, nan 
141.125, 87.375, 8.522846455399184e-23, nan 
141.375, 87.375, 9.158261282333526e-23, nan 
141.625, 87.375, 9.771670798861355e-23, nan 
141.875, 87.375, 9.760993572075418e-23, nan 
142.125, 87.375, 9.799141074090862e-23, nan 
142.375, 87.375, 1.0534567945995525e-22, nan 
142.625, 87.375, 1.1383041846746945e-22, nan 
142.875, 87.375, 1.1889967833183814e-22, nan 
143.125, 87.375, 1.21932759462829e-22, nan 
143.375, 87.375, 1.2149294641291777e-22, nan 
143.625, 87.375, 1.094204915941381e-22, nan 
143.875, 87.375, 8.263755491575608e-23, nan 
144.125, 87.375, 8.593999046322688e-23, nan 
144.375, 87.375, 9.5491559562566e-23, nan 
144.625, 87.375, 1.085025647787689e-22, nan 
144.875, 87.375, 1.116664981405594e-22, nan 
145.125, 87.375, 1.0955768306549357e-22, nan 
145.375, 87.375, 1.013965113107684e-22, nan 
145.625, 87.375, 9.490769971512934e-23, nan 
145.875, 87.375, 8.725117837740861e-23, nan 
146.125, 87.375, 8.368229414821937e-23, nan 
146.375, 87.375, 8.34373277968696e-23, nan 
146.625, 87.375, 7.137572799159709e-23, nan 
146.875, 87.375, 8.059216349238173e-23, nan 
147.125, 87.375, 8.609958938058676e-23, nan 
147.375, 87.375, 8.855840617885062e-23, nan 
147.625, 87.375, 9.042572511585203e-23, nan 
147.875, 87.375, 9.153491909657952e-23, nan 
148.125, 87.375, 9.387312891426057e-23, nan 
148.375, 87.375, 9.816668952555767e-23, nan 
148.625, 87.375, 8.712207805696803e-23, nan 
148.875, 87.375, 7.891009635857193e-23, nan 
149.125, 87.375, 6.902145093229731e-23, nan 
149.375, 87.375, 7.975926982865555e-23, nan 
149.625, 87.375, 1.1123411062115085e-22, nan 
149.875, 87.375, 9.576928009378912e-23, nan 
150.125, 87.375, 7.774436118413988e-23, nan 
150.375, 87.375, 8.094049246658621e-23, nan 
150.625, 87.375, 7.901600253482455e-23, nan 
150.875, 87.375, 7.243136119925367e-23, nan 
151.125, 87.375, 8.004161906168165e-23, nan 
151.375, 87.375, 7.789003036726259e-23, nan 
151.625, 87.375, 7.710737884439016e-23, nan 
151.875, 87.375, 7.96208052490216e-23, nan 
152.125, 87.375, 8.390193450204655e-23, nan 
152.375, 87.375, 8.625086095968795e-23, nan 
152.625, 87.375, 8.62126587035228e-23, nan 
152.875, 87.375, 8.58934778112636e-23, nan 
153.125, 87.375, 8.553735092460621e-23, nan 
153.375, 87.375, 8.392878469441816e-23, nan 
153.625, 87.375, 8.309699262230464e-23, nan 
153.875, 87.375, 5.760964586714863e-23, nan 
154.125, 87.375, 5.503244993997603e-23, nan 
154.375, 87.375, 6.107938823661592e-23, nan 
154.625, 87.375, 6.911523861723638e-23, nan 
154.875, 87.375, 8.172121599698311e-23, nan 
155.125, 87.375, 6.364025938606751e-23, nan 
155.375, 87.375, 7.51408620807388e-23, nan 
155.625, 87.375, 7.772507896408926e-23, nan 
155.875, 87.375, 7.625841318658524e-23, nan 
156.125, 87.375, 7.278582397748561e-23, nan 
156.375, 87.375, 6.539009006182091e-23, nan 
156.625, 87.375, 6.309455999202784e-23, nan 
156.875, 87.375, 5.735499329303155e-23, nan 
157.125, 87.375, 5.1339045270873256e-23, nan 
157.375, 87.375, 4.315536109320744e-23, nan 
157.625, 87.375, 3.5657889196902464e-23, nan 
157.875, 87.375, 2.89804158112589e-23, nan 
158.125, 87.375, 2.3431409730384053e-23, nan 
158.375, 87.375, 2.2785562286021822e-23, nan 
158.625, 87.375, 2.2878564407238423e-23, nan 
158.875, 87.375, 2.181424226291741e-23, nan 
159.125, 87.375, 3.043667551140197e-23, nan 
159.375, 87.375, 4.511024213072609e-23, nan 
159.625, 87.375, 5.395150100403792e-23, nan 
159.875, 87.375, 5.654803334409976e-23, nan 
160.125, 87.375, 4.855300707690443e-23, nan 
160.375, 87.375, 3.1481248733227167e-23, nan 
160.625, 87.375, 1.1738082677961367e-23, nan 
160.875, 87.375, 1.2838440712290368e-23, nan 
161.125, 87.375, 1.199709557920255e-23, nan 
161.375, 87.375, 1.1129099716385725e-23, nan 
161.625, 87.375, 1.0489869984781366e-23, nan 
161.875, 87.375, 1.1909027650727985e-23, nan 
162.125, 87.375, 1.4308850767245435e-23, nan 
162.375, 87.375, 1.6483016713748346e-23, nan 
162.625, 87.375, 1.864343072261373e-23, nan 
162.875, 87.375, 2.5487579738934687e-23, nan 
163.125, 87.375, 3.920149069036922e-23, nan 
163.375, 87.375, 3.1574828583069426e-23, nan 
163.625, 87.375, 1.871453951115161e-23, nan 
163.875, 87.375, 2.2827953674252378e-23, nan 
164.125, 87.375, 2.4582636403034104e-23, nan 
164.375, 87.375, 2.3539017165283915e-23, nan 
164.625, 87.375, 2.3714425752792133e-23, nan 
164.875, 87.375, 2.538550350572973e-23, nan 
165.125, 87.375, 3.5666018137054613e-23, nan 
165.375, 87.375, 2.2485218964151375e-23, nan 
165.625, 87.375, 1.7783251862642548e-23, nan 
165.875, 87.375, 1.7953727053156267e-23, nan 
166.125, 87.375, 1.8782330346165697e-23, nan 
166.375, 87.375, 1.6738485396127812e-23, nan 
166.625, 87.375, 1.360732253341321e-23, nan 
166.875, 87.375, 1.381158296077881e-23, nan 
167.125, 87.375, 1.7744468167393117e-23, nan 
167.375, 87.375, 2.0877992445807053e-23, nan 
167.625, 87.375, 2.437313447257775e-23, nan 
167.875, 87.375, 2.8944889380748587e-23, nan 
168.125, 87.375, 4.1319617252469983e-23, nan 
168.375, 87.375, 6.787110479010508e-23, nan 
168.625, 87.375, 5.579402662485405e-23, nan 
168.875, 87.375, 2.4506649616825988e-23, nan 
169.125, 87.375, 2.9849645356729133e-23, nan 
169.375, 87.375, 3.467412409489735e-23, nan 
169.625, 87.375, 3.795409208129452e-23, nan 
169.875, 87.375, 4.1060519723876106e-23, nan 
170.125, 87.375, 4.612009701748209e-23, nan 
170.375, 87.375, 5.2674107979820376e-23, nan 
170.625, 87.375, 5.581805957916202e-23, nan 
170.875, 87.375, 5.902506627062514e-23, nan 
171.125, 87.375, 6.232332405004843e-23, nan 
171.375, 87.375, 6.317029917912303e-23, nan 
171.625, 87.375, 6.174142839749979e-23, nan 
171.875, 87.375, 6.001536191043148e-23, nan 
172.125, 87.375, 5.818665230501144e-23, nan 
172.375, 87.375, 6.302193528697435e-23, nan 
172.625, 87.375, 6.576345916319926e-23, nan 
172.875, 87.375, 6.785094886394939e-23, nan 
173.125, 87.375, 6.867231219591527e-23, nan 
173.375, 87.375, 7.089405419199434e-23, nan 
173.625, 87.375, 7.45314665180926e-23, nan 
173.875, 87.375, 4.6218115215464036e-23, nan 
174.125, 87.375, 3.3169881799586265e-23, nan 
174.375, 87.375, 2.967068955592689e-23, nan 
174.625, 87.375, 2.3744102498906966e-23, nan 
174.875, 87.375, 1.9697704285245532e-23, nan 
175.125, 87.375, 1.534296454243968e-23, nan 
175.375, 87.375, 1.3633660624615175e-23, nan 
175.625, 87.375, 1.2768427015351454e-23, nan 
175.875, 87.375, 1.2583671789599206e-23, nan 
176.125, 87.375, 1.19556568588397e-23, nan 
176.375, 87.375, 1.232158780724473e-23, nan 
176.625, 87.375, 1.201145033679585e-23, nan 
176.875, 87.375, 1.2550170936385356e-23, nan 
177.125, 87.375, 1.3213962815421809e-23, nan 
177.375, 87.375, 1.5608215820067728e-23, nan 
177.625, 87.375, 2.1741512266998006e-23, nan 
177.875, 87.375, 2.6456859434001677e-23, nan 
178.125, 87.375, 3.0755379784374703e-23, nan 
178.375, 87.375, 3.3433530411310123e-23, nan 
178.625, 87.375, 3.2662509271863e-23, nan 
178.875, 87.375, 2.8532972288375814e-23, nan 
179.125, 87.375, 1.7474216647184356e-23, nan 
179.375, 87.375, 1.5992967038267685e-23, nan 
179.625, 87.375, 1.6043699198410015e-23, nan 
179.875, 87.375, 1.6256124582513152e-23, nan 
-179.875, 87.625, 1.2428672329686843e-23, nan 
-179.625, 87.625, 1.3058823455925367e-23, nan 
-179.375, 87.625, 1.2265743804072994e-23, nan 
-179.125, 87.625, 1.2893104285123721e-23, nan 
-178.875, 87.625, 1.487115357944556e-23, nan 
-178.625, 87.625, 1.5227072582891842e-23, nan 
-178.375, 87.625, 1.4480974629396095e-23, nan 
-178.125, 87.625, 1.534790690926102e-23, nan 
-177.875, 87.625, 1.5689806870973383e-23, nan 
-177.625, 87.625, 1.655387565391496e-23, nan 
-177.375, 87.625, 1.9148796904898006e-23, nan 
-177.125, 87.625, 2.510042537996332e-23, nan 
-176.875, 87.625, 3.4628113271678e-23, nan 
-176.625, 87.625, 3.64698365328498e-23, nan 
-176.375, 87.625, 3.6540840134935464e-23, nan 
-176.125, 87.625, 3.7368936406676863e-23, nan 
-175.875, 87.625, 3.0662233556466725e-23, nan 
-175.625, 87.625, 1.729452280759974e-23, nan 
-175.375, 87.625, 2.2889078849626906e-23, nan 
-175.125, 87.625, 2.5971080559697534e-23, nan 
-174.875, 87.625, 2.1712167498571218e-23, nan 
-174.625, 87.625, 1.5785805785355425e-23, nan 
-174.375, 87.625, 1.0021156777976082e-23, nan 
-174.125, 87.625, 8.065800246776313e-24, nan 
-173.875, 87.625, 1.304740304103732e-23, nan 
-173.625, 87.625, 1.715937687219391e-23, nan 
-173.375, 87.625, 2.0711963863166056e-23, nan 
-173.125, 87.625, 8.59194600044522e-24, nan 
-172.875, 87.625, 6.951460571298879e-24, nan 
-172.625, 87.625, 5.9535063849520775e-24, nan 
-172.375, 87.625, 6.28927874297507e-24, nan 
-172.125, 87.625, 5.636362708065601e-24, nan 
-171.875, 87.625, 7.862429160225429e-24, nan 
-171.625, 87.625, 7.664766575247546e-24, nan 
-171.375, 87.625, 8.664174034557574e-24, nan 
-171.125, 87.625, 1.0225567477173221e-23, nan 
-170.875, 87.625, 1.4692596354859572e-23, nan 
-170.625, 87.625, 2.0034136440263705e-23, nan 
-170.375, 87.625, 2.1389845015326486e-23, nan 
-170.125, 87.625, 2.1775981981333357e-23, nan 
-169.875, 87.625, 2.2137850409668264e-23, nan 
-169.625, 87.625, 1.7990956967283003e-23, nan 
-169.375, 87.625, 1.7345617433918438e-23, nan 
-169.125, 87.625, 2.3306927726421215e-23, nan 
-168.875, 87.625, 2.6146020473812837e-23, nan 
-168.625, 87.625, 2.5425663951534136e-23, nan 
-168.375, 87.625, 2.2768358282801278e-23, nan 
-168.125, 87.625, 2.2911232455679513e-23, nan 
-167.875, 87.625, 2.1812095031280183e-23, nan 
-167.625, 87.625, 2.0911639288058395e-23, nan 
-167.375, 87.625, 2.0033212169764135e-23, nan 
-167.125, 87.625, 1.9271876047646645e-23, nan 
-166.875, 87.625, 1.810245080175226e-23, nan 
-166.625, 87.625, 1.7176437756598597e-23, nan 
-166.375, 87.625, 1.5451690843466416e-23, nan 
-166.125, 87.625, 1.1245711677453455e-23, nan 
-165.875, 87.625, 5.8472758707563324e-24, nan 
-165.625, 87.625, 9.387899462655436e-24, nan 
-165.375, 87.625, 9.799210199740253e-24, nan 
-165.125, 87.625, 8.01533287250923e-24, nan 
-164.875, 87.625, 5.287610600068947e-24, nan 
-164.625, 87.625, 6.091823779899039e-24, nan 
-164.375, 87.625, 6.009873732769462e-24, nan 
-164.125, 87.625, 6.71352757389839e-24, nan 
-163.875, 87.625, 6.849093501899607e-24, nan 
-163.625, 87.625, 6.74028026871046e-24, nan 
-163.375, 87.625, 6.0856718105800684e-24, nan 
-163.125, 87.625, 6.51103960317997e-24, nan 
-162.875, 87.625, 8.551274775835422e-24, nan 
-162.625, 87.625, 9.63865322541415e-24, nan 
-162.375, 87.625, 1.0902272001820432e-23, nan 
-162.125, 87.625, 1.1434045123520302e-23, nan 
-161.875, 87.625, 1.2243292131396257e-23, nan 
-161.625, 87.625, 1.1494404794684154e-23, nan 
-161.375, 87.625, 9.506969742418835e-24, nan 
-161.125, 87.625, 7.116038232231726e-24, nan 
-160.875, 87.625, 5.3091091033026384e-24, nan 
-160.625, 87.625, 5.1449595932411256e-24, nan 
-160.375, 87.625, 5.89922678656852e-24, nan 
-160.125, 87.625, 5.33692836647688e-24, nan 
-159.875, 87.625, 4.7497198732367505e-24, nan 
-159.625, 87.625, 5.73779334890539e-24, nan 
-159.375, 87.625, 4.493070944037546e-24, nan 
-159.125, 87.625, 5.262717612298005e-24, nan 
-158.875, 87.625, 5.024803776274264e-24, nan 
-158.625, 87.625, 6.127296581782215e-24, nan 
-158.375, 87.625, 6.665284869949777e-24, nan 
-158.125, 87.625, 6.236914936149966e-24, nan 
-157.875, 87.625, 7.272082704550568e-24, nan 
-157.625, 87.625, 7.874334495815077e-24, nan 
-157.375, 87.625, 7.786940219810821e-24, nan 
-157.125, 87.625, 7.381233545832275e-24, nan 
-156.875, 87.625, 7.369924574711707e-24, nan 
-156.625, 87.625, 7.377724606127552e-24, nan 
-156.375, 87.625, 8.306366726646913e-24, nan 
-156.125, 87.625, 1.0641755189456554e-23, nan 
-155.875, 87.625, 1.3061011934002503e-23, nan 
-155.625, 87.625, 1.4112933581762423e-23, nan 
-155.375, 87.625, 1.3066230682671679e-23, nan 
-155.125, 87.625, 1.0799471429599186e-23, nan 
-154.875, 87.625, 8.822681720866401e-24, nan 
-154.625, 87.625, 8.162744274427811e-24, nan 
-154.375, 87.625, 9.304101295615675e-24, nan 
-154.125, 87.625, 8.927849160657409e-24, nan 
-153.875, 87.625, 9.05778433956312e-24, nan 
-153.625, 87.625, 9.705135098313423e-24, nan 
-153.375, 87.625, 1.0184386772427151e-23, nan 
-153.125, 87.625, 1.0273633387051336e-23, nan 
-152.875, 87.625, 9.680383724851802e-24, nan 
-152.625, 87.625, 1.0869145539818738e-23, nan 
-152.375, 87.625, 1.257250476694113e-23, nan 
-152.125, 87.625, 1.2318025214554298e-23, nan 
-151.875, 87.625, 1.1893779497263089e-23, nan 
-151.625, 87.625, 1.0360047756983802e-23, nan 
-151.375, 87.625, 1.0551365362148835e-23, nan 
-151.125, 87.625, 9.973907337842316e-24, nan 
-150.875, 87.625, 8.434313019024757e-24, nan 
-150.625, 87.625, 7.190822809850348e-24, nan 
-150.375, 87.625, 7.05977829050382e-24, nan 
-150.125, 87.625, 7.294944094720919e-24, nan 
-149.875, 87.625, 8.414353635149717e-24, nan 
-149.625, 87.625, 9.732734967538803e-24, nan 
-149.375, 87.625, 1.0518714135503478e-23, nan 
-149.125, 87.625, 1.0384193888942879e-23, nan 
-148.875, 87.625, 7.084077845401815e-24, nan 
-148.625, 87.625, 6.650092967488846e-24, nan 
-148.375, 87.625, 6.257598275095696e-24, nan 
-148.125, 87.625, 7.490290088833054e-24, nan 
-147.875, 87.625, 1.1896017583325083e-23, nan 
-147.625, 87.625, 1.4986095354569124e-23, nan 
-147.375, 87.625, 1.7316468757661312e-23, nan 
-147.125, 87.625, 1.8684736865016764e-23, nan 
-146.875, 87.625, 2.1558901240283887e-23, nan 
-146.625, 87.625, 9.225408470015148e-24, nan 
-146.375, 87.625, 1.3466988077211014e-23, nan 
-146.125, 87.625, 1.5188345202059136e-23, nan 
-145.875, 87.625, 1.5534307215139226e-23, nan 
-145.625, 87.625, 1.6376890517653567e-23, nan 
-145.375, 87.625, 1.5760407743671255e-23, nan 
-145.125, 87.625, 1.6174239531253438e-23, nan 
-144.875, 87.625, 1.554045157194063e-23, nan 
-144.625, 87.625, 1.2360919988650336e-23, nan 
-144.375, 87.625, 9.307818845162059e-24, nan 
-144.125, 87.625, 8.216386217989953e-24, nan 
-143.875, 87.625, 8.834146006068852e-24, nan 
-143.625, 87.625, 9.422155228829048e-24, nan 
-143.375, 87.625, 8.801322862007014e-24, nan 
-143.125, 87.625, 8.618279411279784e-24, nan 
-142.875, 87.625, 9.636079942741781e-24, nan 
-142.625, 87.625, 8.57154336727875e-24, nan 
-142.375, 87.625, 8.738316311681115e-24, nan 
-142.125, 87.625, 8.197246395399716e-24, nan 
-141.875, 87.625, 7.788224681457509e-24, nan 
-141.625, 87.625, 1.0115766390946158e-23, nan 
-141.375, 87.625, 1.1739696434764317e-23, nan 
-141.125, 87.625, 1.2654561613417517e-23, nan 
-140.875, 87.625, 1.241251786763447e-23, nan 
-140.625, 87.625, 1.1767422442435776e-23, nan 
-140.375, 87.625, 7.225329393718228e-24, nan 
-140.125, 87.625, 1.0621179245401451e-23, nan 
-139.875, 87.625, 1.237787217557238e-23, nan 
-139.625, 87.625, 1.186950667951892e-23, nan 
-139.375, 87.625, 1.1377630731786096e-23, nan 
-139.125, 87.625, 9.889707660078033e-24, nan 
-138.875, 87.625, 1.0542474351405464e-23, nan 
-138.625, 87.625, 1.053692047255952e-23, nan 
-138.375, 87.625, 8.145163721563745e-24, nan 
-138.125, 87.625, 5.389681497121464e-24, nan 
-137.875, 87.625, 5.2724223582655535e-24, nan 
-137.625, 87.625, 5.2037270536840024e-24, nan 
-137.375, 87.625, 6.197795377231189e-24, nan 
-137.125, 87.625, 5.805568115493743e-24, nan 
-136.875, 87.625, 4.863386656962658e-24, nan 
-136.625, 87.625, 4.527099626258208e-24, nan 
-136.375, 87.625, 6.681668853804926e-24, nan 
-136.125, 87.625, 5.903348780673122e-24, nan 
-135.875, 87.625, 6.2280373285378704e-24, nan 
-135.625, 87.625, 5.586682233511154e-24, nan 
-135.375, 87.625, 3.2023274519270875e-24, nan 
-135.125, 87.625, 4.756015826321688e-24, nan 
-134.875, 87.625, 6.737943510169531e-24, nan 
-134.625, 87.625, 7.87924131212537e-24, nan 
-134.375, 87.625, 4.078931223133526e-24, nan 
-134.125, 87.625, 3.814851928796332e-24, nan 
-133.875, 87.625, 4.836938070268673e-24, nan 
-133.625, 87.625, 8.369982640151071e-24, nan 
-133.375, 87.625, 7.256202806198142e-24, nan 
-133.125, 87.625, 5.823377711618987e-24, nan 
-132.875, 87.625, 6.363315723458491e-24, nan 
-132.625, 87.625, 8.553590316250654e-24, nan 
-132.375, 87.625, 1.1022116246399708e-23, nan 
-132.125, 87.625, 1.3743502925538626e-23, nan 
-131.875, 87.625, 7.878000851378746e-24, nan 
-131.625, 87.625, 6.88546699086633e-24, nan 
-131.375, 87.625, 7.735065752507454e-24, nan 
-131.125, 87.625, 8.53059522139069e-24, nan 
-130.875, 87.625, 6.855264389893717e-24, nan 
-130.625, 87.625, 5.2253808749872055e-24, nan 
-130.375, 87.625, 4.33346062267216e-24, nan 
-130.125, 87.625, 4.618104914811681e-24, nan 
-129.875, 87.625, 4.687792371221619e-24, nan 
-129.625, 87.625, 5.680180606087884e-24, nan 
-129.375, 87.625, 6.578813363900882e-24, nan 
-129.125, 87.625, 6.812785610333042e-24, nan 
-128.875, 87.625, 7.670577378472978e-24, nan 
-128.625, 87.625, 1.1878857463854133e-23, nan 
-128.375, 87.625, 1.429799021537196e-23, nan 
-128.125, 87.625, 8.497868698242072e-24, nan 
-127.875, 87.625, 6.906291216312068e-24, nan 
-127.625, 87.625, 9.145744896582383e-24, nan 
-127.375, 87.625, 1.0956876116897585e-23, nan 
-127.125, 87.625, 9.979090785997384e-24, nan 
-126.875, 87.625, 7.88236457084226e-24, nan 
-126.625, 87.625, 7.300754616699283e-24, nan 
-126.375, 87.625, 8.415796834742575e-24, nan 
-126.125, 87.625, 1.046631454704017e-23, nan 
-125.875, 87.625, 1.0411858482994351e-23, nan 
-125.625, 87.625, 8.744035163348132e-24, nan 
-125.375, 87.625, 8.530063525664015e-24, nan 
-125.125, 87.625, 8.352858259683987e-24, nan 
-124.875, 87.625, 8.348489709173411e-24, nan 
-124.625, 87.625, 8.047718766200433e-24, nan 
-124.375, 87.625, 7.589273529242218e-24, nan 
-124.125, 87.625, 7.728086732833284e-24, nan 
-123.875, 87.625, 7.558300575439224e-24, nan 
-123.625, 87.625, 7.683730360112931e-24, nan 
-123.375, 87.625, 8.078709489133715e-24, nan 
-123.125, 87.625, 8.550719980112174e-24, nan 
-122.875, 87.625, 8.732698707494197e-24, nan 
-122.625, 87.625, 9.945601728984428e-24, nan 
-122.375, 87.625, 1.1575390569926008e-23, nan 
-122.125, 87.625, 1.2625414387520603e-23, nan 
-121.875, 87.625, 1.0254686995918566e-23, nan 
-121.625, 87.625, 9.483979736909699e-24, nan 
-121.375, 87.625, 9.773495626028742e-24, nan 
-121.125, 87.625, 1.047689496697788e-23, nan 
-120.875, 87.625, 1.0100620059686186e-23, nan 
-120.625, 87.625, 9.301059102887537e-24, nan 
-120.375, 87.625, 8.65253038765199e-24, nan 
-120.125, 87.625, 8.61888983263419e-24, nan 
-119.875, 87.625, 1.0950858432827647e-23, nan 
-119.625, 87.625, 1.0823367365059056e-23, nan 
-119.375, 87.625, 1.0820783851085696e-23, nan 
-119.125, 87.625, 1.0750867848360164e-23, nan 
-118.875, 87.625, 1.0693341937360923e-23, nan 
-118.625, 87.625, 1.0523020526700279e-23, nan 
-118.375, 87.625, 1.0322597710352914e-23, nan 
-118.125, 87.625, 9.8739118558756e-24, nan 
-117.875, 87.625, 9.092721980452658e-24, nan 
-117.625, 87.625, 8.075977529474293e-24, nan 
-117.375, 87.625, 5.856678407822886e-24, nan 
-117.125, 87.625, 4.869001586076993e-24, nan 
-116.875, 87.625, 4.138073549668877e-24, nan 
-116.625, 87.625, 3.75837058732449e-24, nan 
-116.375, 87.625, 5.8282701726237985e-24, nan 
-116.125, 87.625, 5.721659546327398e-24, nan 
-115.875, 87.625, 5.60257642213525e-24, nan 
-115.625, 87.625, 5.286767195628631e-24, nan 
-115.375, 87.625, 5.168731568551432e-24, nan 
-115.125, 87.625, 4.498171967293232e-24, nan 
-114.875, 87.625, 4.608789354171881e-24, nan 
-114.625, 87.625, 4.259168926639191e-24, nan 
-114.375, 87.625, 4.773153510649887e-24, nan 
-114.125, 87.625, 4.5560413499783435e-24, nan 
-113.875, 87.625, 3.850788571875474e-24, nan 
-113.625, 87.625, 3.938819074355944e-24, nan 
-113.375, 87.625, 3.770301200255615e-24, nan 
-113.125, 87.625, 3.2037374721906602e-24, nan 
-112.875, 87.625, 2.391185874202231e-24, nan 
-112.625, 87.625, 2.4035427878175804e-24, nan 
-112.375, 87.625, 2.8536041566782454e-24, nan 
-112.125, 87.625, 3.032401147205985e-24, nan 
-111.875, 87.625, 2.961836466208454e-24, nan 
-111.625, 87.625, 2.7496741570582578e-24, nan 
-111.375, 87.625, 3.149089284431476e-24, nan 
-111.125, 87.625, 3.961879657917956e-24, nan 
-110.875, 87.625, 5.0332783734384574e-24, nan 
-110.625, 87.625, 2.741150931819058e-24, nan 
-110.375, 87.625, 2.1107616966495855e-24, nan 
-110.125, 87.625, 3.802479157483541e-24, nan 
-109.875, 87.625, 4.582250351236881e-24, nan 
-109.625, 87.625, 4.878730810385092e-24, nan 
-109.375, 87.625, 4.1064759444860415e-24, nan 
-109.125, 87.625, 4.359327935923203e-24, nan 
-108.875, 87.625, 5.73130285380297e-24, nan 
-108.625, 87.625, 6.304850591830961e-24, nan 
-108.375, 87.625, 6.940619339636228e-24, nan 
-108.125, 87.625, 6.730149249773614e-24, nan 
-107.875, 87.625, 6.6917389620388e-24, nan 
-107.625, 87.625, 6.705773232284258e-24, nan 
-107.375, 87.625, 6.1772426380593144e-24, nan 
-107.125, 87.625, 6.3685044065451245e-24, nan 
-106.875, 87.625, 7.886202518988719e-24, nan 
-106.625, 87.625, 9.594597959099859e-24, nan 
-106.375, 87.625, 8.471789163078615e-24, nan 
-106.125, 87.625, 5.9633479082546884e-24, nan 
-105.875, 87.625, 4.482658943697714e-24, nan 
-105.625, 87.625, 5.448378276731869e-24, nan 
-105.375, 87.625, 5.172739332460058e-24, nan 
-105.125, 87.625, 4.5893200350586626e-24, nan 
-104.875, 87.625, 4.35837736664102e-24, nan 
-104.625, 87.625, 4.010650290688574e-24, nan 
-104.375, 87.625, 1.9530678002537733e-24, nan 
-104.125, 87.625, 2.462937122357055e-24, nan 
-103.875, 87.625, 3.599417515971169e-24, nan 
-103.625, 87.625, 4.917902066306143e-24, nan 
-103.375, 87.625, 5.423599729846166e-24, nan 
-103.125, 87.625, 4.035924847053152e-24, nan 
-102.875, 87.625, 4.41083748482621e-24, nan 
-102.625, 87.625, 6.255474117976581e-24, nan 
-102.375, 87.625, 7.769802370659202e-24, nan 
-102.125, 87.625, 8.166745347935522e-24, nan 
-101.875, 87.625, 8.16625555820902e-24, nan 
-101.625, 87.625, 8.152524652471105e-24, nan 
-101.375, 87.625, 7.837994180390071e-24, nan 
-101.125, 87.625, 6.779151388060418e-24, nan 
-100.875, 87.625, 7.810770763148735e-24, nan 
-100.625, 87.625, 1.085877562378445e-23, nan 
-100.375, 87.625, 1.3466174528565547e-23, nan 
-100.125, 87.625, 1.3101942337990256e-23, nan 
-99.875, 87.625, 1.0304164428357073e-23, nan 
-99.625, 87.625, 8.843495997214682e-24, nan 
-99.375, 87.625, 1.0305539826566311e-23, nan 
-99.125, 87.625, 1.0219050917406649e-23, nan 
-98.875, 87.625, 1.0184988089586731e-23, nan 
-98.625, 87.625, 1.0305550137585042e-23, nan 
-98.375, 87.625, 8.845284313071373e-24, nan 
-98.125, 87.625, 6.70151280893425e-24, nan 
-97.875, 87.625, 6.166853421752319e-24, nan 
-97.625, 87.625, 6.267495943303785e-24, nan 
-97.375, 87.625, 6.660406205958381e-24, nan 
-97.125, 87.625, 6.820413560458811e-24, nan 
-96.875, 87.625, 6.5321440595897924e-24, nan 
-96.625, 87.625, 6.627230096703181e-24, nan 
-96.375, 87.625, 7.592808515131494e-24, nan 
-96.125, 87.625, 9.167538318617052e-24, nan 
-95.875, 87.625, 9.230191780926661e-24, nan 
-95.625, 87.625, 9.117075537482592e-24, nan 
-95.375, 87.625, 9.167830578036658e-24, nan 
-95.125, 87.625, 8.893659196287512e-24, nan 
-94.875, 87.625, 8.622771856606737e-24, nan 
-94.625, 87.625, 8.748728302494626e-24, nan 
-94.375, 87.625, 9.57054199999401e-24, nan 
-94.125, 87.625, 1.0162022040239176e-23, nan 
-93.875, 87.625, 1.0282922471904266e-23, nan 
-93.625, 87.625, 1.0050136419948947e-23, nan 
-93.375, 87.625, 9.466253939501406e-24, nan 
-93.125, 87.625, 9.843322930774064e-24, nan 
-92.875, 87.625, 9.208784609028145e-24, nan 
-92.625, 87.625, 9.277191456597763e-24, nan 
-92.375, 87.625, 9.488079036037705e-24, nan 
-92.125, 87.625, 8.774769676388712e-24, nan 
-91.875, 87.625, 7.880262927199011e-24, nan 
-91.625, 87.625, 7.329792814499864e-24, nan 
-91.375, 87.625, 6.874947339675508e-24, nan 
-91.125, 87.625, 6.689758031070604e-24, nan 
-90.875, 87.625, 6.414676209236261e-24, nan 
-90.625, 87.625, 6.176199824697585e-24, nan 
-90.375, 87.625, 6.029176578841166e-24, nan 
-90.125, 87.625, 6.3142700225478166e-24, nan 
-89.875, 87.625, 8.25251173909415e-24, nan 
-89.625, 87.625, 7.820245369974181e-24, nan 
-89.375, 87.625, 7.438378332154988e-24, nan 
-89.125, 87.625, 6.893728553464421e-24, nan 
-88.875, 87.625, 6.623534600766712e-24, nan 
-88.625, 87.625, 6.399320307378247e-24, nan 
-88.375, 87.625, 6.190929471774347e-24, nan 
-88.125, 87.625, 5.588373460202163e-24, nan 
-87.875, 87.625, 5.070896592620236e-24, nan 
-87.625, 87.625, 4.302825953345531e-24, nan 
-87.375, 87.625, 3.341245951459749e-24, nan 
-87.125, 87.625, 3.0787810551622167e-24, nan 
-86.875, 87.625, 2.975195603463954e-24, nan 
-86.625, 87.625, 2.8955036848362315e-24, nan 
-86.375, 87.625, 3.1629168669339773e-24, nan 
-86.125, 87.625, 4.8050328358452e-24, nan 
-85.875, 87.625, 5.517251095490064e-24, nan 
-85.625, 87.625, 5.170890430234489e-24, nan 
-85.375, 87.625, 4.2959828090210174e-24, nan 
-85.125, 87.625, 3.333890034652543e-24, nan 
-84.875, 87.625, 3.2790274384877176e-24, nan 
-84.625, 87.625, 2.8166331765006625e-24, nan 
-84.375, 87.625, 3.242994552432192e-24, nan 
-84.125, 87.625, 2.5207223929365478e-24, nan 
-83.875, 87.625, 3.001467203097907e-24, nan 
-83.625, 87.625, 3.4449364760606255e-24, nan 
-83.375, 87.625, 3.042921944472701e-24, nan 
-83.125, 87.625, 2.86803997831864e-24, nan 
-82.875, 87.625, 2.8232673094198027e-24, nan 
-82.625, 87.625, 3.1927888755469503e-24, nan 
-82.375, 87.625, 3.1838686476553395e-24, nan 
-82.125, 87.625, 3.408504328603692e-24, nan 
-81.875, 87.625, 4.731010484222157e-24, nan 
-81.625, 87.625, 3.2823265477877664e-24, nan 
-81.375, 87.625, 3.439963323280653e-24, nan 
-81.125, 87.625, 3.897903552948278e-24, nan 
-80.875, 87.625, 4.133460081515159e-24, nan 
-80.625, 87.625, 4.4743270846913034e-24, nan 
-80.375, 87.625, 4.6178835484041095e-24, nan 
-80.125, 87.625, 4.49090855102196e-24, nan 
-79.875, 87.625, 4.574522865920077e-24, nan 
-79.625, 87.625, 6.1145401383050306e-24, nan 
-79.375, 87.625, 5.978739942764304e-24, nan 
-79.125, 87.625, 5.688827864746125e-24, nan 
-78.875, 87.625, 5.4237091266358044e-24, nan 
-78.625, 87.625, 5.588510699343742e-24, nan 
-78.375, 87.625, 4.979190639154838e-24, nan 
-78.125, 87.625, 4.802350422747546e-24, nan 
-77.875, 87.625, 3.40863883571269e-24, nan 
-77.625, 87.625, 5.217915900267295e-24, nan 
-77.375, 87.625, 3.912160717192347e-24, nan 
-77.125, 87.625, 4.711903172788841e-24, nan 
-76.875, 87.625, 5.116823735885369e-24, nan 
-76.625, 87.625, 5.089138781122416e-24, nan 
-76.375, 87.625, 5.286303779511032e-24, nan 
-76.125, 87.625, 4.438566172183308e-24, nan 
-75.875, 87.625, 4.091779258879726e-24, nan 
-75.625, 87.625, 3.761243043114458e-24, nan 
-75.375, 87.625, 3.853413544341573e-24, nan 
-75.125, 87.625, 3.820622705973566e-24, nan 
-74.875, 87.625, 3.649473970700449e-24, nan 
-74.625, 87.625, 3.446464613635818e-24, nan 
-74.375, 87.625, 4.4077574629742586e-24, nan 
-74.125, 87.625, 5.489013751739154e-24, nan 
-73.875, 87.625, 5.97902416153141e-24, nan 
-73.625, 87.625, 4.79632259413732e-24, nan 
-73.375, 87.625, 3.32048627639635e-24, nan 
-73.125, 87.625, 3.1205891980014287e-24, nan 
-72.875, 87.625, 3.228274639156129e-24, nan 
-72.625, 87.625, 3.9478515695867095e-24, nan 
-72.375, 87.625, 4.282595783326285e-24, nan 
-72.125, 87.625, 5.37714814000952e-24, nan 
-71.875, 87.625, 5.885467752634923e-24, nan 
-71.625, 87.625, 6.055370966852105e-24, nan 
-71.375, 87.625, 5.821217647390726e-24, nan 
-71.125, 87.625, 5.676122719309386e-24, nan 
-70.875, 87.625, 5.586868193424828e-24, nan 
-70.625, 87.625, 5.046016625917459e-24, nan 
-70.375, 87.625, 4.479044721560134e-24, nan 
-70.125, 87.625, 4.633317734249543e-24, nan 
-69.875, 87.625, 3.660855764023551e-24, nan 
-69.625, 87.625, 3.563579653122364e-24, nan 
-69.375, 87.625, 3.6240852418257394e-24, nan 
-69.125, 87.625, 3.702163977767887e-24, nan 
-68.875, 87.625, 3.61228443205969e-24, nan 
-68.625, 87.625, 3.641455559927404e-24, nan 
-68.375, 87.625, 4.164336291659081e-24, nan 
-68.125, 87.625, 6.4097932196480816e-24, nan 
-67.875, 87.625, 7.629962042045981e-24, nan 
-67.625, 87.625, 7.772734923602682e-24, nan 
-67.375, 87.625, 8.161586796406827e-24, nan 
-67.125, 87.625, 6.803645261962862e-24, nan 
-66.875, 87.625, 5.5638859472627665e-24, nan 
-66.625, 87.625, 4.415708797397491e-24, nan 
-66.375, 87.625, 4.0092030120518315e-24, nan 
-66.125, 87.625, 3.843697743765838e-24, nan 
-65.875, 87.625, 3.2793527856487585e-24, nan 
-65.625, 87.625, 2.9438195325843045e-24, nan 
-65.375, 87.625, 3.017890498606075e-24, nan 
-65.125, 87.625, 3.1613108918959514e-24, nan 
-64.875, 87.625, 3.468034149526205e-24, nan 
-64.625, 87.625, 4.1100425719973136e-24, nan 
-64.375, 87.625, 4.489318729327592e-24, nan 
-64.125, 87.625, 4.0990524508962336e-24, nan 
-63.875, 87.625, 3.8498756716966614e-24, nan 
-63.625, 87.625, 4.2231448033957584e-24, nan 
-63.375, 87.625, 4.835756462949144e-24, nan 
-63.125, 87.625, 5.23187486977764e-24, nan 
-62.875, 87.625, 4.527660773807527e-24, nan 
-62.625, 87.625, 4.490139862053224e-24, nan 
-62.375, 87.625, 4.631308351864542e-24, nan 
-62.125, 87.625, 5.219506076756892e-24, nan 
-61.875, 87.625, 5.671241442454085e-24, nan 
-61.625, 87.625, 6.1208445731429315e-24, nan 
-61.375, 87.625, 6.212939785491508e-24, nan 
-61.125, 87.625, 5.727090619689969e-24, nan 
-60.875, 87.625, 4.536354601941343e-24, nan 
-60.625, 87.625, 2.8957735181974502e-24, nan 
-60.375, 87.625, 4.694497025132592e-24, nan 
-60.125, 87.625, 6.550023216011555e-24, nan 
-59.875, 87.625, 7.599037092171143e-24, nan 
-59.625, 87.625, 5.9639001108924456e-24, nan 
-59.375, 87.625, 6.077530628979885e-24, nan 
-59.125, 87.625, 5.1616246558057054e-24, nan 
-58.875, 87.625, 5.6397535970222455e-24, nan 
-58.625, 87.625, 6.765209557850765e-24, nan 
-58.375, 87.625, 6.12919530475665e-24, nan 
-58.125, 87.625, 6.85917204185958e-24, nan 
-57.875, 87.625, 6.959080235810905e-24, nan 
-57.625, 87.625, 6.943442240008313e-24, nan 
-57.375, 87.625, 7.012288887648583e-24, nan 
-57.125, 87.625, 6.2018080588953254e-24, nan 
-56.875, 87.625, 7.223877655824446e-24, nan 
-56.625, 87.625, 5.638395048345514e-24, nan 
-56.375, 87.625, 6.016062245344072e-24, nan 
-56.125, 87.625, 6.490804659610662e-24, nan 
-55.875, 87.625, 6.162596368256435e-24, nan 
-55.625, 87.625, 5.836662194084415e-24, nan 
-55.375, 87.625, 5.775195347979668e-24, nan 
-55.125, 87.625, 5.541503453286282e-24, nan 
-54.875, 87.625, 4.94035971870712e-24, nan 
-54.625, 87.625, 4.7614885297106215e-24, nan 
-54.375, 87.625, 4.6332912915720046e-24, nan 
-54.125, 87.625, 6.927446160792681e-24, nan 
-53.875, 87.625, 9.352230382565026e-24, nan 
-53.625, 87.625, 9.908162258768992e-24, nan 
-53.375, 87.625, 5.7415301010006535e-24, nan 
-53.125, 87.625, 5.4424217313940116e-24, nan 
-52.875, 87.625, 4.7874683415957676e-24, nan 
-52.625, 87.625, 5.085715777442133e-24, nan 
-52.375, 87.625, 8.042264078022419e-24, nan 
-52.125, 87.625, 7.480719274313368e-24, nan 
-51.875, 87.625, 8.070319104297722e-24, nan 
-51.625, 87.625, 9.322377243215193e-24, nan 
-51.375, 87.625, 1.0609132132592707e-23, nan 
-51.125, 87.625, 1.1070110592131446e-23, nan 
-50.875, 87.625, 1.0093265386479791e-23, nan 
-50.625, 87.625, 9.779607826623249e-24, nan 
-50.375, 87.625, 6.688878221660657e-24, nan 
-50.125, 87.625, 5.9668227216403956e-24, nan 
-49.875, 87.625, 5.718982702342159e-24, nan 
-49.625, 87.625, 6.132594784565591e-24, nan 
-49.375, 87.625, 6.133883982929092e-24, nan 
-49.125, 87.625, 6.551417024597267e-24, nan 
-48.875, 87.625, 6.267747114148999e-24, nan 
-48.625, 87.625, 4.6946373423850236e-24, nan 
-48.375, 87.625, 4.0002507423392636e-24, nan 
-48.125, 87.625, 3.982598431413077e-24, nan 
-47.875, 87.625, 3.86840406440093e-24, nan 
-47.625, 87.625, 5.2154665080193556e-24, nan 
-47.375, 87.625, 6.3919573358932715e-24, nan 
-47.125, 87.625, 6.31510619828457e-24, nan 
-46.875, 87.625, 6.860976377892629e-24, nan 
-46.625, 87.625, 5.154685174195795e-24, nan 
-46.375, 87.625, 4.4413227198311316e-24, nan 
-46.125, 87.625, 5.806429602296393e-24, nan 
-45.875, 87.625, 4.9500348465486014e-24, nan 
-45.625, 87.625, 3.7375919781965025e-24, nan 
-45.375, 87.625, 2.5663622428316526e-24, nan 
-45.125, 87.625, 5.195914264840306e-24, nan 
-44.875, 87.625, 7.712793699673243e-24, nan 
-44.625, 87.625, 7.64564722352824e-24, nan 
-44.375, 87.625, 3.470619902256716e-24, nan 
-44.125, 87.625, 4.515774273676866e-24, nan 
-43.875, 87.625, 4.7229919577129705e-24, nan 
-43.625, 87.625, 3.623896067550752e-24, nan 
-43.375, 87.625, 5.4323771958247335e-24, nan 
-43.125, 87.625, 5.310521475314168e-24, nan 
-42.875, 87.625, 4.3360156748504e-24, nan 
-42.625, 87.625, 4.063838636308183e-24, nan 
-42.375, 87.625, 3.2221885342069085e-24, nan 
-42.125, 87.625, 3.0679705121795173e-24, nan 
-41.875, 87.625, 3.861751990133669e-24, nan 
-41.625, 87.625, 4.3380654289248916e-24, nan 
-41.375, 87.625, 4.637100535770318e-24, nan 
-41.125, 87.625, 4.6466107874327894e-24, nan 
-40.875, 87.625, 5.451714892631393e-24, nan 
-40.625, 87.625, 6.480322675560558e-24, nan 
-40.375, 87.625, 9.405739699801044e-24, nan 
-40.125, 87.625, 1.1807463499436433e-23, nan 
-39.875, 87.625, 7.293216767901492e-24, nan 
-39.625, 87.625, 5.564075413630241e-24, nan 
-39.375, 87.625, 5.737263954726231e-24, nan 
-39.125, 87.625, 5.839357515241605e-24, nan 
-38.875, 87.625, 7.31171981385006e-24, nan 
-38.625, 87.625, 8.299509218385543e-24, nan 
-38.375, 87.625, 7.520047604190218e-24, nan 
-38.125, 87.625, 1.0507208107103243e-23, nan 
-37.875, 87.625, 9.606533350466668e-24, nan 
-37.625, 87.625, 7.91444561791838e-24, nan 
-37.375, 87.625, 5.222262844093935e-24, nan 
-37.125, 87.625, 4.404117839693856e-24, nan 
-36.875, 87.625, 4.30159531243327e-24, nan 
-36.625, 87.625, 3.608985350809512e-24, nan 
-36.375, 87.625, 3.1511459062334034e-24, nan 
-36.125, 87.625, 8.185193369815923e-24, nan 
-35.875, 87.625, 3.359291640570796e-24, nan 
-35.625, 87.625, 2.6369074419835585e-24, nan 
-35.375, 87.625, 3.266580085499571e-24, nan 
-35.125, 87.625, 4.342481363452959e-24, nan 
-34.875, 87.625, 4.223578242214826e-24, nan 
-34.625, 87.625, 2.2026221195610918e-24, nan 
-34.375, 87.625, 3.4743763843020774e-24, nan 
-34.125, 87.625, 1.4988254876457588e-24, nan 
-33.875, 87.625, 1.864747369378327e-24, nan 
-33.625, 87.625, 1.6591830238762733e-24, nan 
-33.375, 87.625, 1.83789491809255e-24, nan 
-33.125, 87.625, 2.311127164850147e-24, nan 
-32.875, 87.625, 3.3302445244763204e-24, nan 
-32.625, 87.625, 3.77133522806739e-24, nan 
-32.375, 87.625, 3.981057168451934e-24, nan 
-32.125, 87.625, 2.2458538253883613e-24, nan 
-31.875, 87.625, 3.976906663532478e-24, nan 
-31.625, 87.625, 5.231456958853263e-24, nan 
-31.375, 87.625, 4.220225692767741e-24, nan 
-31.125, 87.625, 4.924771715034009e-24, nan 
-30.875, 87.625, 7.937225902626764e-24, nan 
-30.625, 87.625, 1.6035566481251908e-23, nan 
-30.375, 87.625, 1.8512090534782736e-23, nan 
-30.125, 87.625, 1.6940234322599995e-23, nan 
-29.875, 87.625, 1.1333789887397146e-23, nan 
-29.625, 87.625, 8.741654923019284e-24, nan 
-29.375, 87.625, 8.072452370484316e-24, nan 
-29.125, 87.625, 6.876284823475035e-24, nan 
-28.875, 87.625, 6.102047944313953e-24, nan 
-28.625, 87.625, 4.949608417147333e-24, nan 
-28.375, 87.625, 3.8649585446788205e-24, nan 
-28.125, 87.625, 3.5802790491001745e-24, nan 
-27.875, 87.625, 6.950108535395301e-24, nan 
-27.625, 87.625, 9.873803929282475e-24, nan 
-27.375, 87.625, 1.5305653539275032e-23, nan 
-27.125, 87.625, 1.964462928484711e-23, nan 
-26.875, 87.625, 1.927285143702698e-23, nan 
-26.625, 87.625, 1.4018241239291505e-23, nan 
-26.375, 87.625, 1.1034752416054357e-23, nan 
-26.125, 87.625, 9.86217920756076e-24, nan 
-25.875, 87.625, 5.7535062284017424e-24, nan 
-25.625, 87.625, 5.090088274146919e-24, nan 
-25.375, 87.625, 6.807211394745744e-24, nan 
-25.125, 87.625, 9.43899230090207e-24, nan 
-24.875, 87.625, 1.3583895599538523e-23, nan 
-24.625, 87.625, 1.1027069828942583e-23, nan 
-24.375, 87.625, 6.063687030847535e-24, nan 
-24.125, 87.625, 6.798348133172101e-24, nan 
-23.875, 87.625, 8.126473323048499e-24, nan 
-23.625, 87.625, 1.171428947880405e-23, nan 
-23.375, 87.625, 1.0870197395987035e-23, nan 
-23.125, 87.625, 6.964147950474635e-24, nan 
-22.875, 87.625, 7.774776275543069e-24, nan 
-22.625, 87.625, 7.629608647121154e-24, nan 
-22.375, 87.625, 6.835212984398952e-24, nan 
-22.125, 87.625, 7.311072295405716e-24, nan 
-21.875, 87.625, 6.361025535294793e-24, nan 
-21.625, 87.625, 5.96470285055426e-24, nan 
-21.375, 87.625, 4.540744195708345e-24, nan 
-21.125, 87.625, 9.294319229939103e-24, nan 
-20.875, 87.625, 1.2670211359103835e-23, nan 
-20.625, 87.625, 1.3800883502497642e-23, nan 
-20.375, 87.625, 1.1293865581895269e-23, nan 
-20.125, 87.625, 8.917100692155319e-24, nan 
-19.875, 87.625, 7.635273438667552e-24, nan 
-19.625, 87.625, 6.026304813362939e-24, nan 
-19.375, 87.625, 5.784770649518142e-24, nan 
-19.125, 87.625, 5.833548824012718e-24, nan 
-18.875, 87.625, 5.415203561436446e-24, nan 
-18.625, 87.625, 8.175640232191761e-24, nan 
-18.375, 87.625, 8.77285912877988e-24, nan 
-18.125, 87.625, 7.992622769687697e-24, nan 
-17.875, 87.625, 9.052652552234045e-24, nan 
-17.625, 87.625, 9.37501850836719e-24, nan 
-17.375, 87.625, 8.819981138495198e-24, nan 
-17.125, 87.625, 7.648390022133079e-24, nan 
-16.875, 87.625, 7.105868905378019e-24, nan 
-16.625, 87.625, 8.053572624209229e-24, nan 
-16.375, 87.625, 5.863076256468537e-24, nan 
-16.125, 87.625, 6.785654972896403e-24, nan 
-15.875, 87.625, 6.687386083221751e-24, nan 
-15.625, 87.625, 5.406758506837159e-24, nan 
-15.375, 87.625, 4.50681359299215e-24, nan 
-15.125, 87.625, 3.270747373873521e-24, nan 
-14.875, 87.625, 7.978312828479882e-24, nan 
-14.625, 87.625, 1.348092939893441e-23, nan 
-14.375, 87.625, 2.107577375704905e-23, nan 
-14.125, 87.625, 1.541698499930653e-23, nan 
-13.875, 87.625, 1.2574397625682442e-23, nan 
-13.625, 87.625, 9.890233760552113e-24, nan 
-13.375, 87.625, 9.474483290640495e-24, nan 
-13.125, 87.625, 1.0865554066860055e-23, nan 
-12.875, 87.625, 1.2111145809433869e-23, nan 
-12.625, 87.625, 1.288757999416079e-23, nan 
-12.375, 87.625, 1.7006472730820186e-23, nan 
-12.125, 87.625, 1.8352814698749717e-23, nan 
-11.875, 87.625, 1.7223643901532508e-23, nan 
-11.625, 87.625, 1.459845967973451e-23, nan 
-11.375, 87.625, 1.182272677995002e-23, nan 
-11.125, 87.625, 8.925114991389589e-24, nan 
-10.875, 87.625, 9.237854795956024e-24, nan 
-10.625, 87.625, 1.2652766106067489e-23, nan 
-10.375, 87.625, 1.5527931123567546e-23, nan 
-10.125, 87.625, 1.8717951075687563e-23, nan 
-9.875, 87.625, 1.1948958134651743e-23, nan 
-9.625, 87.625, 9.01032354109161e-24, nan 
-9.375, 87.625, 7.587119163402403e-24, nan 
-9.125, 87.625, 7.051458747854665e-24, nan 
-8.875, 87.625, 7.098969812550231e-24, nan 
-8.625, 87.625, 6.632600673601405e-24, nan 
-8.375, 87.625, 6.4924233402451036e-24, nan 
-8.125, 87.625, 6.277191604830427e-24, nan 
-7.875, 87.625, 5.885730829071133e-24, nan 
-7.625, 87.625, 5.663599368490188e-24, nan 
-7.375, 87.625, 4.8923145137829825e-24, nan 
-7.125, 87.625, 4.6912944256156416e-24, nan 
-6.875, 87.625, 7.119299958276982e-24, nan 
-6.625, 87.625, 1.0012224811496487e-23, nan 
-6.375, 87.625, 1.2758191365259829e-23, nan 
-6.125, 87.625, 1.7350576800541393e-23, nan 
-5.875, 87.625, 1.7960840240463937e-23, nan 
-5.625, 87.625, 1.59164951587937e-23, nan 
-5.375, 87.625, 1.285249816327808e-23, nan 
-5.125, 87.625, 9.450824696705587e-24, nan 
-4.875, 87.625, 5.59566118186448e-24, nan 
-4.625, 87.625, 3.143146817200574e-24, nan 
-4.375, 87.625, 5.525479198395255e-24, nan 
-4.125, 87.625, 6.677421898894273e-24, nan 
-3.875, 87.625, 5.027394386500397e-24, nan 
-3.625, 87.625, 5.347859153189034e-24, nan 
-3.375, 87.625, 5.4231421454141494e-24, nan 
-3.125, 87.625, 3.3438190508515615e-24, nan 
-2.875, 87.625, 4.8056928689502635e-24, nan 
-2.625, 87.625, 1.2007688447547308e-23, nan 
-2.375, 87.625, 6.25038764309045e-24, nan 
-2.125, 87.625, 1.0699261108726736e-23, nan 
-1.875, 87.625, 1.0167309852421886e-23, nan 
-1.625, 87.625, 9.225178291581551e-24, nan 
-1.375, 87.625, 1.0090766291127085e-23, nan 
-1.125, 87.625, 7.23716288288928e-24, nan 
-0.875, 87.625, 1.4642230903771768e-23, nan 
-0.625, 87.625, 1.4705019522794366e-23, nan 
-0.375, 87.625, 1.323185559728953e-23, nan 
-0.125, 87.625, 1.111657504485678e-23, nan 
0.125, 87.625, 1.3676947603771184e-23, nan 
0.375, 87.625, 1.9531451351831544e-23, nan 
0.625, 87.625, 2.4539773786739947e-23, nan 
0.875, 87.625, 2.647915365111214e-23, nan 
1.125, 87.625, 2.4739604407466268e-23, nan 
1.375, 87.625, 2.2261850936722008e-23, nan 
1.625, 87.625, 2.0891538542429274e-23, nan 
1.875, 87.625, 1.3367957478863227e-23, nan 
2.125, 87.625, 1.0735931879766845e-23, nan 
2.375, 87.625, 8.141018577407239e-24, nan 
2.625, 87.625, 6.475231525161319e-24, nan 
2.875, 87.625, 5.4514103613126856e-24, nan 
3.125, 87.625, 5.371904448053153e-24, nan 
3.375, 87.625, 6.5611649098268954e-24, nan 
3.625, 87.625, 8.329777855752464e-24, nan 
3.875, 87.625, 8.242714850928343e-24, nan 
4.125, 87.625, 9.039847686885096e-24, nan 
4.375, 87.625, 9.410613039602865e-24, nan 
4.625, 87.625, 9.680810792456033e-24, nan 
4.875, 87.625, 1.0875178270437862e-23, nan 
5.125, 87.625, 1.0184228795107965e-23, nan 
5.375, 87.625, 1.1157540085411151e-23, nan 
5.625, 87.625, 1.2407447015488422e-23, nan 
5.875, 87.625, 1.6734048945984638e-23, nan 
6.125, 87.625, 1.3802427619370915e-23, nan 
6.375, 87.625, 1.117225790533454e-23, nan 
6.625, 87.625, 1.6747952853016553e-23, nan 
6.875, 87.625, 1.9463538298521517e-23, nan 
7.125, 87.625, 1.96765498300306e-23, nan 
7.375, 87.625, 1.997438950490835e-23, nan 
7.625, 87.625, 1.6695867485266667e-23, nan 
7.875, 87.625, 1.6515816040769018e-23, nan 
8.125, 87.625, 1.631296999412161e-23, nan 
8.375, 87.625, 1.2346963610801307e-23, nan 
8.625, 87.625, 9.924666140701442e-24, nan 
8.875, 87.625, 8.760428253772845e-24, nan 
9.125, 87.625, 8.40702012424262e-24, nan 
9.375, 87.625, 8.248904760848428e-24, nan 
9.625, 87.625, 5.455621451330845e-24, nan 
9.875, 87.625, 4.771507139071625e-24, nan 
10.125, 87.625, 5.6022331861347584e-24, nan 
10.375, 87.625, 6.5530265997110404e-24, nan 
10.625, 87.625, 5.691476067039276e-24, nan 
10.875, 87.625, 4.5654576586621754e-24, nan 
11.125, 87.625, 3.951119602160564e-24, nan 
11.375, 87.625, 6.464876384062891e-24, nan 
11.625, 87.625, 1.41579908793413e-23, nan 
11.875, 87.625, 2.1111367805662193e-23, nan 
12.125, 87.625, 2.364563959910183e-23, nan 
12.375, 87.625, 2.9418161045994567e-23, nan 
12.625, 87.625, 1.5900085932366655e-23, nan 
12.875, 87.625, 1.200301406965654e-23, nan 
13.125, 87.625, 1.3083228251822693e-23, nan 
13.375, 87.625, 1.0550479480905718e-23, nan 
13.625, 87.625, 1.4573452297800913e-23, nan 
13.875, 87.625, 9.588691442542648e-24, nan 
14.125, 87.625, 1.4306397783375484e-23, nan 
14.375, 87.625, 1.347482954301063e-23, nan 
14.625, 87.625, 1.2497420869298559e-23, nan 
14.875, 87.625, 1.2757898686824719e-23, nan 
15.125, 87.625, 1.3092923560054608e-23, nan 
15.375, 87.625, 1.3667733331391735e-23, nan 
15.625, 87.625, 1.3769014327482706e-23, nan 
15.875, 87.625, 9.708431306108328e-24, nan 
16.125, 87.625, 1.53660492250695e-23, nan 
16.375, 87.625, 1.3636923276593618e-23, nan 
16.625, 87.625, 1.312371864203467e-23, nan 
16.875, 87.625, 1.0545397390997474e-23, nan 
17.125, 87.625, 8.590883781918341e-24, nan 
17.375, 87.625, 5.713543399652118e-24, nan 
17.625, 87.625, 5.815268588611975e-24, nan 
17.875, 87.625, 9.81628693094039e-24, nan 
18.125, 87.625, 1.4469170724934845e-23, nan 
18.375, 87.625, 1.683685781881694e-23, nan 
18.625, 87.625, 1.989576644069329e-23, nan 
18.875, 87.625, 6.2441611177932494e-24, nan 
19.125, 87.625, 7.453648842209629e-24, nan 
19.375, 87.625, 1.0199717072760903e-23, nan 
19.625, 87.625, 1.4030920948131944e-23, nan 
19.875, 87.625, 1.4376294233115114e-23, nan 
20.125, 87.625, 1.0480974589240157e-23, nan 
20.375, 87.625, 1.1735964314346792e-23, nan 
20.625, 87.625, 1.342961152606793e-23, nan 
20.875, 87.625, 1.319140034920311e-23, nan 
21.125, 87.625, 1.1931149453054075e-23, nan 
21.375, 87.625, 1.2253373228073431e-23, nan 
21.625, 87.625, 1.35056154356797e-23, nan 
21.875, 87.625, 1.3987802472258147e-23, nan 
22.125, 87.625, 1.410516360429909e-23, nan 
22.375, 87.625, 1.3848972702919167e-23, nan 
22.625, 87.625, 1.2235797332052e-23, nan 
22.875, 87.625, 1.1996478352938533e-23, nan 
23.125, 87.625, 1.0653066905713696e-23, nan 
23.375, 87.625, 9.223904260275082e-24, nan 
23.625, 87.625, 7.508566187526062e-24, nan 
23.875, 87.625, 6.4181921764753304e-24, nan 
24.125, 87.625, 6.090614198510771e-24, nan 
24.375, 87.625, 5.683646649471336e-24, nan 
24.625, 87.625, 6.691273214257458e-24, nan 
24.875, 87.625, 6.802874239670536e-24, nan 
25.125, 87.625, 4.9456557139457564e-24, nan 
25.375, 87.625, 5.074712375348483e-24, nan 
25.625, 87.625, 1.071568076297879e-23, nan 
25.875, 87.625, 2.194206143849759e-23, nan 
26.125, 87.625, 1.3176147569675679e-23, nan 
26.375, 87.625, 1.0056091929180552e-23, nan 
26.625, 87.625, 1.590198446453153e-23, nan 
26.875, 87.625, 1.6399189605690727e-23, nan 
27.125, 87.625, 1.3314413713801397e-23, nan 
27.375, 87.625, 1.0503602067339861e-23, nan 
27.625, 87.625, 9.857352715822592e-24, nan 
27.875, 87.625, 1.0286738025344406e-23, nan 
28.125, 87.625, 1.0001457201539713e-23, nan 
28.375, 87.625, 1.0208753688920167e-23, nan 
28.625, 87.625, 9.821610093993141e-24, nan 
28.875, 87.625, 9.203239929471696e-24, nan 
29.125, 87.625, 8.705448015163661e-24, nan 
29.375, 87.625, 7.750030938767006e-24, nan 
29.625, 87.625, 7.192414818192917e-24, nan 
29.875, 87.625, 6.617668604056147e-24, nan 
30.125, 87.625, 6.2848013311590806e-24, nan 
30.375, 87.625, 6.030050854615668e-24, nan 
30.625, 87.625, 4.1410073085490106e-24, nan 
30.875, 87.625, 4.246993692286212e-24, nan 
31.125, 87.625, 4.645018445277602e-24, nan 
31.375, 87.625, 4.9498449381608755e-24, nan 
31.625, 87.625, 5.888713158333934e-24, nan 
31.875, 87.625, 9.460556528537981e-24, nan 
32.125, 87.625, 1.5513685807548914e-23, nan 
32.375, 87.625, 1.0925163049371527e-23, nan 
32.625, 87.625, 6.284119487954735e-24, nan 
32.875, 87.625, 5.5180745811433e-24, nan 
33.125, 87.625, 5.6941527534199046e-24, nan 
33.375, 87.625, 5.883194436130629e-24, nan 
33.625, 87.625, 6.214320362842987e-24, nan 
33.875, 87.625, 6.184817488684833e-24, nan 
34.125, 87.625, 5.1973586198338244e-24, nan 
34.375, 87.625, 2.1884558534180315e-24, nan 
34.625, 87.625, 4.211632047319752e-24, nan 
34.875, 87.625, 4.7307678147924875e-24, nan 
35.125, 87.625, 3.88513655034789e-24, nan 
35.375, 87.625, 3.0466378168965896e-24, nan 
35.625, 87.625, 4.077428951036602e-24, nan 
35.875, 87.625, 6.545456642174782e-24, nan 
36.125, 87.625, 6.304267851869346e-24, nan 
36.375, 87.625, 6.122471458339689e-24, nan 
36.625, 87.625, 5.939217051618467e-24, nan 
36.875, 87.625, 5.107822662848171e-24, nan 
37.125, 87.625, 5.033548665327625e-24, nan 
37.375, 87.625, 4.621480620766652e-24, nan 
37.625, 87.625, 4.962159143905922e-24, nan 
37.875, 87.625, 5.297785600216631e-24, nan 
38.125, 87.625, 5.349241140220801e-24, nan 
38.375, 87.625, 5.936819164491442e-24, nan 
38.625, 87.625, 4.850360342615764e-24, nan 
38.875, 87.625, 4.593939899630488e-24, nan 
39.125, 87.625, 4.924991778508861e-24, nan 
39.375, 87.625, 5.156510830685328e-24, nan 
39.625, 87.625, 7.620495578061027e-24, nan 
39.875, 87.625, 1.0858634285323309e-23, nan 
40.125, 87.625, 1.1641726212910754e-23, nan 
40.375, 87.625, 1.207403828389776e-23, nan 
40.625, 87.625, 1.2256891622975024e-23, nan 
40.875, 87.625, 1.2319758701013791e-23, nan 
41.125, 87.625, 1.2477413018779414e-23, nan 
41.375, 87.625, 1.2567335254176632e-23, nan 
41.625, 87.625, 1.212650516170035e-23, nan 
41.875, 87.625, 1.1296183540870736e-23, nan 
42.125, 87.625, 8.505709617003036e-24, nan 
42.375, 87.625, 9.485045874737038e-24, nan 
42.625, 87.625, 1.285773689890723e-23, nan 
42.875, 87.625, 1.2509990666628492e-23, nan 
43.125, 87.625, 1.1967509427795244e-23, nan 
43.375, 87.625, 1.1226510235248283e-23, nan 
43.625, 87.625, 9.929954847818719e-24, nan 
43.875, 87.625, 6.89829264390039e-24, nan 
44.125, 87.625, 5.082854777680615e-24, nan 
44.375, 87.625, 5.69702611024895e-24, nan 
44.625, 87.625, 7.346552556595027e-24, nan 
44.875, 87.625, 5.957757003355465e-24, nan 
45.125, 87.625, 4.307452528761436e-24, nan 
45.375, 87.625, 3.6539454218428736e-24, nan 
45.625, 87.625, 3.222775187193301e-24, nan 
45.875, 87.625, 4.0205320321073195e-24, nan 
46.125, 87.625, 2.9277909886456452e-24, nan 
46.375, 87.625, 1.0858062144891403e-23, nan 
46.625, 87.625, 1.4229686817034198e-23, nan 
46.875, 87.625, 1.6098311613131424e-23, nan 
47.125, 87.625, 1.793522366579878e-23, nan 
47.375, 87.625, 2.0377941451023007e-23, nan 
47.625, 87.625, 2.2167184997686188e-23, nan 
47.875, 87.625, 2.4482283624334308e-23, nan 
48.125, 87.625, 2.719851424482298e-23, nan 
48.375, 87.625, 2.1987269912920014e-23, nan 
48.625, 87.625, 1.7088192277922566e-23, nan 
48.875, 87.625, 1.476489464239988e-23, nan 
49.125, 87.625, 1.3686262922642468e-23, nan 
49.375, 87.625, 1.333502982055431e-23, nan 
49.625, 87.625, 1.277517504005116e-23, nan 
49.875, 87.625, 1.1432494991526443e-23, nan 
50.125, 87.625, 8.366876788987049e-24, nan 
50.375, 87.625, 7.583750351980238e-24, nan 
50.625, 87.625, 1.0094703799018018e-23, nan 
50.875, 87.625, 1.0476126897281748e-23, nan 
51.125, 87.625, 8.927441241101988e-24, nan 
51.375, 87.625, 7.499912177256648e-24, nan 
51.625, 87.625, 9.601216403191481e-24, nan 
51.875, 87.625, 1.0186548292684293e-23, nan 
52.125, 87.625, 1.0907663751502102e-23, nan 
52.375, 87.625, 1.0326107601159185e-23, nan 
52.625, 87.625, 1.1781532843553022e-23, nan 
52.875, 87.625, 1.3757591845446098e-23, nan 
53.125, 87.625, 1.5960490838398035e-23, nan 
53.375, 87.625, 1.9106159749461727e-23, nan 
53.625, 87.625, 2.3442697911954085e-23, nan 
53.875, 87.625, 2.660101952468911e-23, nan 
54.125, 87.625, 3.1475362516105316e-23, nan 
54.375, 87.625, 3.832000198736902e-23, nan 
54.625, 87.625, 3.1792183430226865e-23, nan 
54.875, 87.625, 2.2545058630328068e-23, nan 
55.125, 87.625, 5.447496776149078e-24, nan 
55.375, 87.625, 6.089242202463716e-24, nan 
55.625, 87.625, 1.659600062420851e-23, nan 
55.875, 87.625, 8.481332852391369e-24, nan 
56.125, 87.625, 7.278485705229326e-24, nan 
56.375, 87.625, 8.576157209567104e-24, nan 
56.625, 87.625, 1.0491223803662087e-23, nan 
56.875, 87.625, 1.296300720478434e-23, nan 
57.125, 87.625, 1.6180891839456486e-23, nan 
57.375, 87.625, 1.950968308495781e-23, nan 
57.625, 87.625, 2.122081360798666e-23, nan 
57.875, 87.625, 2.53765581129794e-23, nan 
58.125, 87.625, 2.6702463840254155e-23, nan 
58.375, 87.625, 2.6140297946265083e-23, nan 
58.625, 87.625, 2.3866206937377816e-23, nan 
58.875, 87.625, 2.360079478166579e-23, nan 
59.125, 87.625, 2.2610015811395662e-23, nan 
59.375, 87.625, 2.2893155254286726e-23, nan 
59.625, 87.625, 2.4511142282882423e-23, nan 
59.875, 87.625, 2.6408004590215647e-23, nan 
60.125, 87.625, 2.828323142981094e-23, nan 
60.375, 87.625, 3.091654323079607e-23, nan 
60.625, 87.625, 3.415992448856823e-23, nan 
60.875, 87.625, 3.162997162361986e-23, nan 
61.125, 87.625, 2.722372620579792e-23, nan 
61.375, 87.625, 2.3701028200185523e-23, nan 
61.625, 87.625, 2.4800575607065248e-23, nan 
61.875, 87.625, 2.4513923113600363e-23, nan 
62.125, 87.625, 1.778101548919127e-23, nan 
62.375, 87.625, 1.9274680337756375e-23, nan 
62.625, 87.625, 1.9497419821455344e-23, nan 
62.875, 87.625, 2.188815057894344e-23, nan 
63.125, 87.625, 2.7310577970318657e-23, nan 
63.375, 87.625, 2.622282624583836e-23, nan 
63.625, 87.625, 2.216535123323154e-23, nan 
63.875, 87.625, 2.1015249937308277e-23, nan 
64.125, 87.625, 2.2338372716829045e-23, nan 
64.375, 87.625, 2.248015665187266e-23, nan 
64.625, 87.625, 2.4659093642538885e-23, nan 
64.875, 87.625, 3.242010332145229e-23, nan 
65.125, 87.625, 3.583366171680751e-23, nan 
65.375, 87.625, 3.8771275823519326e-23, nan 
65.625, 87.625, 3.631281575270347e-23, nan 
65.875, 87.625, 3.083741589174763e-23, nan 
66.125, 87.625, 3.229797394419408e-23, nan 
66.375, 87.625, 3.1605709501231905e-23, nan 
66.625, 87.625, 2.5657442143742822e-23, nan 
66.875, 87.625, 1.974740816117318e-23, nan 
67.125, 87.625, 1.703345522687605e-23, nan 
67.375, 87.625, 1.7159580754388657e-23, nan 
67.625, 87.625, 3.193773887242016e-23, nan 
67.875, 87.625, 2.004142840732853e-23, nan 
68.125, 87.625, 2.147526383256256e-23, nan 
68.375, 87.625, 2.1251283329373344e-23, nan 
68.625, 87.625, 2.2362512517285366e-23, nan 
68.875, 87.625, 2.1261128611877933e-23, nan 
69.125, 87.625, 2.035661367421949e-23, nan 
69.375, 87.625, 3.44573641871962e-23, nan 
69.625, 87.625, 3.7331246687086016e-23, nan 
69.875, 87.625, 2.9261082367504344e-23, nan 
70.125, 87.625, 2.864409741583745e-23, nan 
70.375, 87.625, 3.047433076132214e-23, nan 
70.625, 87.625, 3.101029779750316e-23, nan 
70.875, 87.625, 4.2820831859729366e-23, nan 
71.125, 87.625, 6.490722216707157e-23, nan 
71.375, 87.625, 6.66527819382885e-23, nan 
71.625, 87.625, 7.155105395731033e-23, nan 
71.875, 87.625, 6.647290979425744e-23, nan 
72.125, 87.625, 3.981832032315021e-23, nan 
72.375, 87.625, 4.0032812614651936e-23, nan 
72.625, 87.625, 4.4418425790851716e-23, nan 
72.875, 87.625, 4.683178398179876e-23, nan 
73.125, 87.625, 4.6980609065457503e-23, nan 
73.375, 87.625, 4.7795711000843016e-23, nan 
73.625, 87.625, 3.9340730136096857e-23, nan 
73.875, 87.625, 4.241148468458467e-23, nan 
74.125, 87.625, 4.685298746774827e-23, nan 
74.375, 87.625, 4.792283863078603e-23, nan 
74.625, 87.625, 4.7063947376523186e-23, nan 
74.875, 87.625, 4.871531880660545e-23, nan 
75.125, 87.625, 4.9793024633715514e-23, nan 
75.375, 87.625, 3.918869625712103e-23, nan 
75.625, 87.625, 2.662571386091748e-23, nan 
75.875, 87.625, 3.2835077810212363e-23, nan 
76.125, 87.625, 3.5541019789176845e-23, nan 
76.375, 87.625, 3.83724703736625e-23, nan 
76.625, 87.625, 4.2495232905436574e-23, nan 
76.875, 87.625, 4.492439634275136e-23, nan 
77.125, 87.625, 4.868728191711639e-23, nan 
77.375, 87.625, 5.311988922447029e-23, nan 
77.625, 87.625, 4.359621587849082e-23, nan 
77.875, 87.625, 4.518278278222764e-23, nan 
78.125, 87.625, 4.52580515476467e-23, nan 
78.375, 87.625, 4.836913713124237e-23, nan 
78.625, 87.625, 6.075537181515945e-23, nan 
78.875, 87.625, 5.11807800062185e-23, nan 
79.125, 87.625, 3.927132834440714e-23, nan 
79.375, 87.625, 3.6972536798030824e-23, nan 
79.625, 87.625, 3.055519293939476e-23, nan 
79.875, 87.625, 2.1464106354985098e-23, nan 
80.125, 87.625, 1.0363954245850308e-23, nan 
80.375, 87.625, 4.196595227644912e-23, nan 
80.625, 87.625, 4.84348308767172e-23, nan 
80.875, 87.625, 4.8262128678682983e-23, nan 
81.125, 87.625, 5.03552921462669e-23, nan 
81.375, 87.625, 5.126265890201105e-23, nan 
81.625, 87.625, 4.1385758510903146e-23, nan 
81.875, 87.625, 2.143824263354849e-23, nan 
82.125, 87.625, 1.2077280377841704e-23, nan 
82.375, 87.625, 2.761420555099076e-23, nan 
82.625, 87.625, 3.164077434480681e-23, nan 
82.875, 87.625, 3.7152387240340317e-23, nan 
83.125, 87.625, 4.0324777328867384e-23, nan 
83.375, 87.625, 4.107106630905824e-23, nan 
83.625, 87.625, 4.120866828973614e-23, nan 
83.875, 87.625, 3.6189968802159827e-23, nan 
84.125, 87.625, 2.944171194884646e-23, nan 
84.375, 87.625, 2.044995263607898e-23, nan 
84.625, 87.625, 2.1764877927480197e-23, nan 
84.875, 87.625, 3.072452784348354e-23, nan 
85.125, 87.625, 2.355567437302771e-23, nan 
85.375, 87.625, 1.4862348014174496e-23, nan 
85.625, 87.625, 1.542456359765467e-23, nan 
85.875, 87.625, 1.5363893259952988e-23, nan 
86.125, 87.625, 1.4165364989200606e-23, nan 
86.375, 87.625, 1.588435096432796e-23, nan 
86.625, 87.625, 2.2044903263256274e-23, nan 
86.875, 87.625, 2.3320990935125488e-23, nan 
87.125, 87.625, 1.8631491879403135e-23, nan 
87.375, 87.625, 2.097757581701377e-23, nan 
87.625, 87.625, 2.558820190996812e-23, nan 
87.875, 87.625, 2.650582189755442e-23, nan 
88.125, 87.625, 2.6289752064359844e-23, nan 
88.375, 87.625, 2.658897277092522e-23, nan 
88.625, 87.625, 2.95853661861322e-23, nan 
88.875, 87.625, 2.8661464775623714e-23, nan 
89.125, 87.625, 2.83837444446089e-23, nan 
89.375, 87.625, 2.738014005125251e-23, nan 
89.625, 87.625, 2.605129839236228e-23, nan 
89.875, 87.625, 2.76436829086558e-23, nan 
90.125, 87.625, 2.6419869177898758e-23, nan 
90.375, 87.625, 2.618422049302116e-23, nan 
90.625, 87.625, 2.31892925687409e-23, nan 
90.875, 87.625, 2.3191984698627325e-23, nan 
91.125, 87.625, 2.2347870208694478e-23, nan 
91.375, 87.625, 2.1895952942739483e-23, nan 
91.625, 87.625, 2.5269578440266138e-23, nan 
91.875, 87.625, 2.916315952158573e-23, nan 
92.125, 87.625, 2.8476058651770066e-23, nan 
92.375, 87.625, 2.734557577175867e-23, nan 
92.625, 87.625, 2.853499286113677e-23, nan 
92.875, 87.625, 2.737814214675666e-23, nan 
93.125, 87.625, 2.688431197568937e-23, nan 
93.375, 87.625, 2.599884039562021e-23, nan 
93.625, 87.625, 2.7517277837805355e-23, nan 
93.875, 87.625, 3.425372771707429e-23, nan 
94.125, 87.625, 3.865699129346855e-23, nan 
94.375, 87.625, 4.066482706263463e-23, nan 
94.625, 87.625, 3.6765393787221e-23, nan 
94.875, 87.625, 3.372550442793413e-23, nan 
95.125, 87.625, 3.228579941027693e-23, nan 
95.375, 87.625, 3.675143632893706e-23, nan 
95.625, 87.625, 3.7346950411368666e-23, nan 
95.875, 87.625, 3.1848442286115357e-23, nan 
96.125, 87.625, 2.4447326965436758e-23, nan 
96.375, 87.625, 1.6188328522529577e-23, nan 
96.625, 87.625, 1.8487922749463864e-23, nan 
96.875, 87.625, 1.9891996603732114e-23, nan 
97.125, 87.625, 2.091620546351725e-23, nan 
97.375, 87.625, 1.9742790508461496e-23, nan 
97.625, 87.625, 2.6901617361742906e-23, nan 
97.875, 87.625, 2.6058053096925168e-23, nan 
98.125, 87.625, 2.260618345022416e-23, nan 
98.375, 87.625, 3.056745556473165e-23, nan 
98.625, 87.625, 3.567927469798596e-23, nan 
98.875, 87.625, 3.08437539499091e-23, nan 
99.125, 87.625, 2.5252060478905998e-23, nan 
99.375, 87.625, 4.598354742537677e-23, nan 
99.625, 87.625, 6.04178343994607e-23, nan 
99.875, 87.625, 6.785349250705833e-23, nan 
100.125, 87.625, 7.001485944643333e-23, nan 
100.375, 87.625, 6.737733684423863e-23, nan 
100.625, 87.625, 6.269458748233341e-23, nan 
100.875, 87.625, 7.333726065783275e-23, nan 
101.125, 87.625, 5.514371010558413e-23, nan 
101.375, 87.625, 5.369060184616838e-23, nan 
101.625, 87.625, 6.893899695795358e-23, nan 
101.875, 87.625, 7.72458788152744e-23, nan 
102.125, 87.625, 7.867040567085266e-23, nan 
102.375, 87.625, 6.947055096982897e-23, nan 
102.625, 87.625, 3.7731290925027966e-23, nan 
102.875, 87.625, 2.8732064963719214e-23, nan 
103.125, 87.625, 2.566400081055475e-23, nan 
103.375, 87.625, 2.65499194138391e-23, nan 
103.625, 87.625, 2.9100464436453433e-23, nan 
103.875, 87.625, 4.4351921773552583e-23, nan 
104.125, 87.625, 5.628082670928974e-23, nan 
104.375, 87.625, 4.1945721627085594e-23, nan 
104.625, 87.625, 4.106411684229946e-23, nan 
104.875, 87.625, 3.6748825605424975e-23, nan 
105.125, 87.625, 3.1946215775372495e-23, nan 
105.375, 87.625, 3.008465405244169e-23, nan 
105.625, 87.625, 3.046461048119946e-23, nan 
105.875, 87.625, 3.966327479079115e-23, nan 
106.125, 87.625, 4.8855104228381753e-23, nan 
106.375, 87.625, 5.296015870353902e-23, nan 
106.625, 87.625, 5.458018176474476e-23, nan 
106.875, 87.625, 5.399177771017004e-23, nan 
107.125, 87.625, 5.306961677287442e-23, nan 
107.375, 87.625, 4.892745376750902e-23, nan 
107.625, 87.625, 5.179190027059972e-23, nan 
107.875, 87.625, 5.683664119933372e-23, nan 
108.125, 87.625, 5.2684855330315096e-23, nan 
108.375, 87.625, 4.675724219083003e-23, nan 
108.625, 87.625, 4.1347669489032937e-23, nan 
108.875, 87.625, 2.808333351671548e-23, nan 
109.125, 87.625, 2.743157764487282e-23, nan 
109.375, 87.625, 3.613782303962265e-23, nan 
109.625, 87.625, 5.821172586035136e-23, nan 
109.875, 87.625, 2.6742758941725116e-23, nan 
110.125, 87.625, 3.9016622819283634e-23, nan 
110.375, 87.625, 4.9712902834922094e-23, nan 
110.625, 87.625, 3.844165948864375e-23, nan 
110.875, 87.625, 1.9233312943882732e-23, nan 
111.125, 87.625, 2.164068582889358e-23, nan 
111.375, 87.625, 2.3310319779633388e-23, nan 
111.625, 87.625, 2.312558420188856e-23, nan 
111.875, 87.625, 2.2536599115546634e-23, nan 
112.125, 87.625, 2.3281581991328013e-23, nan 
112.375, 87.625, 2.7887671358281466e-23, nan 
112.625, 87.625, 3.299702524489483e-23, nan 
112.875, 87.625, 3.948806830038527e-23, nan 
113.125, 87.625, 4.865968980051736e-23, nan 
113.375, 87.625, 5.802402980937353e-23, nan 
113.625, 87.625, 6.074637617495568e-23, nan 
113.875, 87.625, 6.65357591254482e-23, nan 
114.125, 87.625, 6.071289716664573e-23, nan 
114.375, 87.625, 4.797741075084139e-23, nan 
114.625, 87.625, 3.188135238801976e-23, nan 
114.875, 87.625, 1.623089233299113e-23, nan 
115.125, 87.625, 7.103412761364413e-24, nan 
115.375, 87.625, 6.856638672189958e-24, nan 
115.625, 87.625, 8.668613468899802e-24, nan 
115.875, 87.625, 9.796126449861395e-24, nan 
116.125, 87.625, 8.336019497689193e-24, nan 
116.375, 87.625, 2.9552434621226715e-23, nan 
116.625, 87.625, 5.977688316578059e-23, nan 
116.875, 87.625, 5.713037535721467e-23, nan 
117.125, 87.625, 5.726229295816198e-23, nan 
117.375, 87.625, 5.2403972891644364e-23, nan 
117.625, 87.625, 3.715038925822715e-23, nan 
117.875, 87.625, 2.586899932681236e-23, nan 
118.125, 87.625, 2.245959663522592e-23, nan 
118.375, 87.625, 2.1048681795069726e-23, nan 
118.625, 87.625, 2.10401003292074e-23, nan 
118.875, 87.625, 2.5520933759636473e-23, nan 
119.125, 87.625, 2.9550868496205785e-23, nan 
119.375, 87.625, 4.1622769343953206e-23, nan 
119.625, 87.625, 5.1714646981941264e-23, nan 
119.875, 87.625, 5.313007012876245e-23, nan 
120.125, 87.625, 6.243339035746673e-23, nan 
120.375, 87.625, 6.367276574056889e-23, nan 
120.625, 87.625, 6.940937693035159e-23, nan 
120.875, 87.625, 6.443926569253601e-23, nan 
121.125, 87.625, 5.761930581884538e-23, nan 
121.375, 87.625, 4.8011891777925413e-23, nan 
121.625, 87.625, 3.011689029380411e-23, nan 
121.875, 87.625, 1.66765591651117e-23, nan 
122.125, 87.625, 1.588083884367127e-23, nan 
122.375, 87.625, 1.6242851565749076e-23, nan 
122.625, 87.625, 1.724446008738806e-23, nan 
122.875, 87.625, 1.720222542585588e-23, nan 
123.125, 87.625, 1.5732429128892397e-23, nan 
123.375, 87.625, 1.6018264327867173e-23, nan 
123.625, 87.625, 1.6937518636152673e-23, nan 
123.875, 87.625, 1.7932055658020898e-23, nan 
124.125, 87.625, 2.1302909949448908e-23, nan 
124.375, 87.625, 2.938573981521797e-23, nan 
124.625, 87.625, 1.7257520739466985e-23, nan 
124.875, 87.625, 5.923652789104444e-23, nan 
125.125, 87.625, 3.5464103762069254e-23, nan 
125.375, 87.625, 2.4986634356313972e-23, nan 
125.625, 87.625, 2.3778328161103564e-23, nan 
125.875, 87.625, 2.3853056447665774e-23, nan 
126.125, 87.625, 2.160674808192969e-23, nan 
126.375, 87.625, 2.4048343937094713e-23, nan 
126.625, 87.625, 2.95034811330843e-23, nan 
126.875, 87.625, 3.718475151739517e-23, nan 
127.125, 87.625, 3.948236871603277e-23, nan 
127.375, 87.625, 3.146126551002083e-23, nan 
127.625, 87.625, 1.9517454158650592e-23, nan 
127.875, 87.625, 2.1679159188099175e-23, nan 
128.125, 87.625, 2.7995905343473014e-23, nan 
128.375, 87.625, 3.240065160092927e-23, nan 
128.625, 87.625, 3.6044488768980776e-23, nan 
128.875, 87.625, 3.792642447869738e-23, nan 
129.125, 87.625, 4.2617509935116026e-23, nan 
129.375, 87.625, 4.5727330800415136e-23, nan 
129.625, 87.625, 4.5670340155491804e-23, nan 
129.875, 87.625, 4.2057378284623326e-23, nan 
130.125, 87.625, 3.4140313156870434e-23, nan 
130.375, 87.625, 2.1847368434010956e-23, nan 
130.625, 87.625, 9.957172104009587e-24, nan 
130.875, 87.625, 1.3668437427435832e-23, nan 
131.125, 87.625, 3.3759413055091506e-23, nan 
131.375, 87.625, 3.7944886822188665e-23, nan 
131.625, 87.625, 3.952822800038329e-23, nan 
131.875, 87.625, 3.76386111865875e-23, nan 
132.125, 87.625, 3.604349798281752e-23, nan 
132.375, 87.625, 3.608442272183378e-23, nan 
132.625, 87.625, 3.7233509367868275e-23, nan 
132.875, 87.625, 3.955524161803628e-23, nan 
133.125, 87.625, 4.526021464401197e-23, nan 
133.375, 87.625, 4.8015547617950503e-23, nan 
133.625, 87.625, 3.441465720500355e-23, nan 
133.875, 87.625, 1.5420563249877886e-23, nan 
134.125, 87.625, 3.204477054561975e-23, nan 
134.375, 87.625, 4.332810665564834e-23, nan 
134.625, 87.625, 4.6459774354354974e-23, nan 
134.875, 87.625, 4.699780156915535e-23, nan 
135.125, 87.625, 4.7672061615310453e-23, nan 
135.375, 87.625, 4.849467907896106e-23, nan 
135.625, 87.625, 5.038443988757874e-23, nan 
135.875, 87.625, 4.869505464435706e-23, nan 
136.125, 87.625, 5.074738820480413e-23, nan 
136.375, 87.625, 4.3017624665690995e-23, nan 
136.625, 87.625, 2.6806567865894586e-23, nan 
136.875, 87.625, 1.0334846519492964e-23, nan 
137.125, 87.625, 2.3955587946852584e-23, nan 
137.375, 87.625, 4.3093477104139094e-23, nan 
137.625, 87.625, 5.444213825900193e-23, nan 
137.875, 87.625, 5.768178462620256e-23, nan 
138.125, 87.625, 5.888292434833749e-23, nan 
138.375, 87.625, 5.954241256202793e-23, nan 
138.625, 87.625, 6.159407817968733e-23, nan 
138.875, 87.625, 6.345247858244752e-23, nan 
139.125, 87.625, 6.52148850976285e-23, nan 
139.375, 87.625, 6.609755605054953e-23, nan 
139.625, 87.625, 6.287095004039475e-23, nan 
139.875, 87.625, 4.927298563838643e-23, nan 
140.125, 87.625, 4.415911800335334e-23, nan 
140.375, 87.625, 4.179224917617544e-23, nan 
140.625, 87.625, 3.8696450604096623e-23, nan 
140.875, 87.625, 2.842330062612079e-23, nan 
141.125, 87.625, 2.786746906596976e-23, nan 
141.375, 87.625, 2.8358746356729716e-23, nan 
141.625, 87.625, 3.110870081123501e-23, nan 
141.875, 87.625, 3.358247467711747e-23, nan 
142.125, 87.625, 3.377192929166739e-23, nan 
142.375, 87.625, 4.5587729843356185e-23, nan 
142.625, 87.625, 4.5552464080222505e-23, nan 
142.875, 87.625, 3.697552168122384e-23, nan 
143.125, 87.625, 2.068381544300091e-23, nan 
143.375, 87.625, 1.4412425247044918e-23, nan 
143.625, 87.625, 2.758878549343961e-23, nan 
143.875, 87.625, 3.7887712226172033e-23, nan 
144.125, 87.625, 3.5745153986998665e-23, nan 
144.375, 87.625, 3.18457801425469e-23, nan 
144.625, 87.625, 3.173363148218545e-23, nan 
144.875, 87.625, 3.0900924243289e-23, nan 
145.125, 87.625, 2.857365084622769e-23, nan 
145.375, 87.625, 2.720004122924015e-23, nan 
145.625, 87.625, 2.6920595782867055e-23, nan 
145.875, 87.625, 3.0086697048888227e-23, nan 
146.125, 87.625, 2.0996215719937757e-23, nan 
146.375, 87.625, 2.0912138606569754e-23, nan 
146.625, 87.625, 2.924056000726501e-23, nan 
146.875, 87.625, 3.7506263949588187e-23, nan 
147.125, 87.625, 3.899932016888663e-23, nan 
147.375, 87.625, 3.9052168041578435e-23, nan 
147.625, 87.625, 4.032419776498812e-23, nan 
147.875, 87.625, 4.6278967795707323e-23, nan 
148.125, 87.625, 5.2883297529733225e-23, nan 
148.375, 87.625, 5.990378945847439e-23, nan 
148.625, 87.625, 5.644744307726408e-23, nan 
148.875, 87.625, 4.9447668404989615e-23, nan 
149.125, 87.625, 4.2451034439514405e-23, nan 
149.375, 87.625, 3.1732147518211546e-23, nan 
149.625, 87.625, 1.0923517283545514e-23, nan 
149.875, 87.625, 1.0193200321487685e-23, nan 
150.125, 87.625, 2.7364833671380586e-23, nan 
150.375, 87.625, 3.498622038968135e-23, nan 
150.625, 87.625, 3.498621321579363e-23, nan 
150.875, 87.625, 2.611731282955279e-23, nan 
151.125, 87.625, 1.0271116412635575e-23, nan 
151.375, 87.625, 1.481559775627338e-23, nan 
151.625, 87.625, 2.0518273946336124e-23, nan 
151.875, 87.625, 2.4485752236355445e-23, nan 
152.125, 87.625, 2.716679120054638e-23, nan 
152.375, 87.625, 3.014021211713751e-23, nan 
152.625, 87.625, 3.134387771307684e-23, nan 
152.875, 87.625, 3.1350937336723625e-23, nan 
153.125, 87.625, 3.129303018487698e-23, nan 
153.375, 87.625, 2.6716197054183115e-23, nan 
153.625, 87.625, 1.982831374592506e-23, nan 
153.875, 87.625, 2.6552193374380046e-23, nan 
154.125, 87.625, 3.7081884497849637e-23, nan 
154.375, 87.625, 4.688128977704979e-23, nan 
154.625, 87.625, 4.873075940084824e-23, nan 
154.875, 87.625, 4.1346590388766e-23, nan 
155.125, 87.625, 2.4043565495776266e-23, nan 
155.375, 87.625, 9.250004703622023e-24, nan 
155.625, 87.625, 1.3134061012706524e-23, nan 
155.875, 87.625, 1.0582430437438894e-23, nan 
156.125, 87.625, 1.2124346594609364e-23, nan 
156.375, 87.625, 1.1581826272745052e-23, nan 
156.625, 87.625, 1.3177297062793125e-23, nan 
156.875, 87.625, 1.554197898421995e-23, nan 
157.125, 87.625, 1.9169985386283308e-23, nan 
157.375, 87.625, 2.0153759103788132e-23, nan 
157.625, 87.625, 2.558642905543305e-23, nan 
157.875, 87.625, 2.822247708249101e-23, nan 
158.125, 87.625, 2.8073033029697496e-23, nan 
158.375, 87.625, 2.766946078502807e-23, nan 
158.625, 87.625, 2.4175323687951078e-23, nan 
158.875, 87.625, 2.165145601689808e-23, nan 
159.125, 87.625, 2.17491582258667e-23, nan 
159.375, 87.625, 2.2200506480335983e-23, nan 
159.625, 87.625, 2.1296259150222847e-23, nan 
159.875, 87.625, 2.0252731008706578e-23, nan 
160.125, 87.625, 1.3749150082240147e-23, nan 
160.375, 87.625, 1.5757437976553543e-23, nan 
160.625, 87.625, 2.385862701037865e-23, nan 
160.875, 87.625, 2.6220839642926152e-23, nan 
161.125, 87.625, 2.423706181610353e-23, nan 
161.375, 87.625, 1.5865473510902008e-23, nan 
161.625, 87.625, 1.34711955437374e-23, nan 
161.875, 87.625, 1.2627347172222754e-23, nan 
162.125, 87.625, 1.1687215361494947e-23, nan 
162.375, 87.625, 1.7455823474407985e-23, nan 
162.625, 87.625, 1.779581417029034e-23, nan 
162.875, 87.625, 2.1166670692986606e-23, nan 
163.125, 87.625, 2.415131288009681e-23, nan 
163.375, 87.625, 2.810275578035118e-23, nan 
163.625, 87.625, 2.997475849660308e-23, nan 
163.875, 87.625, 3.195632020765388e-23, nan 
164.125, 87.625, 3.130052648638789e-23, nan 
164.375, 87.625, 2.7469297928409135e-23, nan 
164.625, 87.625, 2.558768691347318e-23, nan 
164.875, 87.625, 1.7790550707392606e-23, nan 
165.125, 87.625, 1.5847840130655482e-23, nan 
165.375, 87.625, 1.2105589685192968e-23, nan 
165.625, 87.625, 9.113963731684854e-24, nan 
165.875, 87.625, 1.2484188617179083e-23, nan 
166.125, 87.625, 1.6716280335877068e-23, nan 
166.375, 87.625, 1.502235150810473e-23, nan 
166.625, 87.625, 1.0233770381867936e-23, nan 
166.875, 87.625, 9.921757129642768e-24, nan 
167.125, 87.625, 9.816977963306288e-24, nan 
167.375, 87.625, 1.6066122087177918e-23, nan 
167.625, 87.625, 1.8710274674963196e-23, nan 
167.875, 87.625, 2.0417442850089265e-23, nan 
168.125, 87.625, 2.3844404299161485e-23, nan 
168.375, 87.625, 3.111327006488094e-23, nan 
168.625, 87.625, 3.902283631896979e-23, nan 
168.875, 87.625, 2.5384534957168196e-23, nan 
169.125, 87.625, 2.3837840260160325e-23, nan 
169.375, 87.625, 2.399214412500256e-23, nan 
169.625, 87.625, 2.4372914524866174e-23, nan 
169.875, 87.625, 2.534915916556846e-23, nan 
170.125, 87.625, 2.6119371675746762e-23, nan 
170.375, 87.625, 2.4961978702847428e-23, nan 
170.625, 87.625, 2.2970783238242187e-23, nan 
170.875, 87.625, 2.1891476102178767e-23, nan 
171.125, 87.625, 1.961795868387036e-23, nan 
171.375, 87.625, 1.7183794796744843e-23, nan 
171.625, 87.625, 1.9499962059912343e-23, nan 
171.875, 87.625, 2.3763121154306044e-23, nan 
172.125, 87.625, 2.771110043469868e-23, nan 
172.375, 87.625, 2.661149188207833e-23, nan 
172.625, 87.625, 2.0697260412302196e-23, nan 
172.875, 87.625, 1.383065667519161e-23, nan 
173.125, 87.625, 8.869353092368648e-24, nan 
173.375, 87.625, 7.356233791789116e-24, nan 
173.625, 87.625, 1.2614511701574526e-23, nan 
173.875, 87.625, 1.873141416253358e-23, nan 
174.125, 87.625, 2.0728694336410653e-23, nan 
174.375, 87.625, 1.8776216591439043e-23, nan 
174.625, 87.625, 1.3171071119891955e-23, nan 
174.875, 87.625, 9.970135246685533e-24, nan 
175.125, 87.625, 1.1426533947917376e-23, nan 
175.375, 87.625, 1.3465471344209205e-23, nan 
175.625, 87.625, 1.5088552136117388e-23, nan 
175.875, 87.625, 1.2642954777260158e-23, nan 
176.125, 87.625, 1.1627756192193677e-23, nan 
176.375, 87.625, 1.3125983646073459e-23, nan 
176.625, 87.625, 1.199632249870611e-23, nan 
176.875, 87.625, 1.3472539962396288e-23, nan 
177.125, 87.625, 1.4101168655491312e-23, nan 
177.375, 87.625, 1.6437975163060725e-23, nan 
177.625, 87.625, 1.9352813582260624e-23, nan 
177.875, 87.625, 2.3031519033041916e-23, nan 
178.125, 87.625, 2.8032989880138007e-23, nan 
178.375, 87.625, 3.235355041374341e-23, nan 
178.625, 87.625, 3.0292052077228263e-23, nan 
178.875, 87.625, 2.3636201416043252e-23, nan 
179.125, 87.625, 1.7076973174802395e-23, nan 
179.375, 87.625, 1.2786040341772991e-23, nan 
179.625, 87.625, 1.1863146353614657e-23, nan 
179.875, 87.625, 1.2340824659859475e-23, nan 
-179.875, 87.875, 1.2192345439889745e-23, nan 
-179.625, 87.875, 1.3959287465472737e-23, nan 
-179.375, 87.875, 1.2412991809200796e-23, nan 
-179.125, 87.875, 1.2635383167927724e-23, nan 
-178.875, 87.875, 1.4994534769191517e-23, nan 
-178.625, 87.875, 1.4206345814199634e-23, nan 
-178.375, 87.875, 1.378036008151452e-23, nan 
-178.125, 87.875, 1.5630767122439505e-23, nan 
-177.875, 87.875, 1.6898362596086278e-23, nan 
-177.625, 87.875, 1.9789210113588555e-23, nan 
-177.375, 87.875, 1.772189446397902e-23, nan 
-177.125, 87.875, 1.7310649538882752e-23, nan 
-176.875, 87.875, 2.3190608350994385e-23, nan 
-176.625, 87.875, 2.19088133197853e-23, nan 
-176.375, 87.875, 2.2247033154537034e-23, nan 
-176.125, 87.875, 2.1056802094700696e-23, nan 
-175.875, 87.875, 1.9083467192458163e-23, nan 
-175.625, 87.875, 1.3762430898985853e-23, nan 
-175.375, 87.875, 1.3001308835034144e-23, nan 
-175.125, 87.875, 1.6020035780377352e-23, nan 
-174.875, 87.875, 2.1347984005169964e-23, nan 
-174.625, 87.875, 2.033967581069709e-23, nan 
-174.375, 87.875, 1.5131643849640866e-23, nan 
-174.125, 87.875, 1.129078282419514e-23, nan 
-173.875, 87.875, 8.303636466744425e-24, nan 
-173.625, 87.875, 7.20569357871763e-24, nan 
-173.375, 87.875, 5.7750625509547085e-24, nan 
-173.125, 87.875, 4.7460547242421435e-24, nan 
-172.875, 87.875, 4.541388198543829e-24, nan 
-172.625, 87.875, 4.779873888097177e-24, nan 
-172.375, 87.875, 3.0601239964485402e-24, nan 
-172.125, 87.875, 5.915880208041807e-24, nan 
-171.875, 87.875, 5.2422480935249385e-24, nan 
-171.625, 87.875, 3.714200981200245e-24, nan 
-171.375, 87.875, 3.438303406002272e-24, nan 
-171.125, 87.875, 2.870857455086432e-24, nan 
-170.875, 87.875, 2.420935949147785e-24, nan 
-170.625, 87.875, 2.317774547960376e-24, nan 
-170.375, 87.875, 2.4392081115853288e-24, nan 
-170.125, 87.875, 2.755152206332047e-24, nan 
-169.875, 87.875, 2.6317226857289164e-24, nan 
-169.625, 87.875, 3.870052652454877e-24, nan 
-169.375, 87.875, 8.666524253124592e-24, nan 
-169.125, 87.875, 1.1720066035261862e-23, nan 
-168.875, 87.875, 1.3125885066445165e-23, nan 
-168.625, 87.875, 1.2760727729861043e-23, nan 
-168.375, 87.875, 1.0254600890570347e-23, nan 
-168.125, 87.875, 5.6955788788248774e-24, nan 
-167.875, 87.875, 6.236653099605162e-24, nan 
-167.625, 87.875, 8.02213405645824e-24, nan 
-167.375, 87.875, 9.480992213845447e-24, nan 
-167.125, 87.875, 9.50268673050798e-24, nan 
-166.875, 87.875, 9.461940389110386e-24, nan 
-166.625, 87.875, 8.83481814664202e-24, nan 
-166.375, 87.875, 7.187587084473872e-24, nan 
-166.125, 87.875, 5.4324632354666114e-24, nan 
-165.875, 87.875, 4.493736801699792e-24, nan 
-165.625, 87.875, 4.8747400765103564e-24, nan 
-165.375, 87.875, 4.121860072864746e-24, nan 
-165.125, 87.875, 5.0409735067085745e-24, nan 
-164.875, 87.875, 5.092947296193041e-24, nan 
-164.625, 87.875, 5.312567188748972e-24, nan 
-164.375, 87.875, 5.1442005502272886e-24, nan 
-164.125, 87.875, 4.589744340046817e-24, nan 
-163.875, 87.875, 3.965614438890957e-24, nan 
-163.625, 87.875, 3.149615400666509e-24, nan 
-163.375, 87.875, 2.840049011005682e-24, nan 
-163.125, 87.875, 3.64241938792422e-24, nan 
-162.875, 87.875, 6.213176952005706e-24, nan 
-162.625, 87.875, 8.399773154347198e-24, nan 
-162.375, 87.875, 9.105110801677712e-24, nan 
-162.125, 87.875, 7.79575296681863e-24, nan 
-161.875, 87.875, 6.132178962873663e-24, nan 
-161.625, 87.875, 5.753248319620597e-24, nan 
-161.375, 87.875, 6.381990725861146e-24, nan 
-161.125, 87.875, 7.707659893037705e-24, nan 
-160.875, 87.875, 8.322237215010031e-24, nan 
-160.625, 87.875, 9.14300323354721e-24, nan 
-160.375, 87.875, 9.206301566911704e-24, nan 
-160.125, 87.875, 9.107931383631064e-24, nan 
-159.875, 87.875, 8.729979916886018e-24, nan 
-159.625, 87.875, 8.080187519753417e-24, nan 
-159.375, 87.875, 7.946664766965075e-24, nan 
-159.125, 87.875, 7.172224843064209e-24, nan 
-158.875, 87.875, 6.872642394443126e-24, nan 
-158.625, 87.875, 6.973348049477727e-24, nan 
-158.375, 87.875, 7.340589076089562e-24, nan 
-158.125, 87.875, 9.190488379968853e-24, nan 
-157.875, 87.875, 8.293451164449644e-24, nan 
-157.625, 87.875, 8.133110399321097e-24, nan 
-157.375, 87.875, 7.675775184065826e-24, nan 
-157.125, 87.875, 7.29011326448718e-24, nan 
-156.875, 87.875, 6.6038064455739014e-24, nan 
-156.625, 87.875, 7.03943169430583e-24, nan 
-156.375, 87.875, 8.785318030286611e-24, nan 
-156.125, 87.875, 1.2801540784224561e-23, nan 
-155.875, 87.875, 1.6193817408623645e-23, nan 
-155.625, 87.875, 1.726567639789975e-23, nan 
-155.375, 87.875, 1.4954772075639844e-23, nan 
-155.125, 87.875, 1.1901355280669593e-23, nan 
-154.875, 87.875, 1.0427174111588573e-23, nan 
-154.625, 87.875, 8.816762201271758e-24, nan 
-154.375, 87.875, 9.037059474939549e-24, nan 
-154.125, 87.875, 7.640532140092105e-24, nan 
-153.875, 87.875, 7.741362747907237e-24, nan 
-153.625, 87.875, 1.0554406213506675e-23, nan 
-153.375, 87.875, 9.546248581122896e-24, nan 
-153.125, 87.875, 9.042881622242974e-24, nan 
-152.875, 87.875, 9.319252023815121e-24, nan 
-152.625, 87.875, 1.0153465925730385e-23, nan 
-152.375, 87.875, 9.533955653961196e-24, nan 
-152.125, 87.875, 7.444959147341743e-24, nan 
-151.875, 87.875, 7.185589974749918e-24, nan 
-151.625, 87.875, 7.502280829149514e-24, nan 
-151.375, 87.875, 8.712830658866186e-24, nan 
-151.125, 87.875, 8.736042960919601e-24, nan 
-150.875, 87.875, 9.353365155910448e-24, nan 
-150.625, 87.875, 8.922053417428734e-24, nan 
-150.375, 87.875, 9.031885140500725e-24, nan 
-150.125, 87.875, 8.991502318206688e-24, nan 
-149.875, 87.875, 9.25598358354448e-24, nan 
-149.625, 87.875, 1.0220856182847741e-23, nan 
-149.375, 87.875, 9.976399063277626e-24, nan 
-149.125, 87.875, 1.1592206967296544e-23, nan 
-148.875, 87.875, 1.2089250596216517e-23, nan 
-148.625, 87.875, 1.2389079488154902e-23, nan 
-148.375, 87.875, 1.3207689120442092e-23, nan 
-148.125, 87.875, 1.520538388359258e-23, nan 
-147.875, 87.875, 1.230344088204383e-23, nan 
-147.625, 87.875, 1.2603513446655497e-23, nan 
-147.375, 87.875, 1.2723006594135433e-23, nan 
-147.125, 87.875, 1.2091721903211407e-23, nan 
-146.875, 87.875, 1.6067933099171864e-23, nan 
-146.625, 87.875, 7.830555296037857e-24, nan 
-146.375, 87.875, 1.0920663378326189e-23, nan 
-146.125, 87.875, 1.2585176564261609e-23, nan 
-145.875, 87.875, 1.3307630440501828e-23, nan 
-145.625, 87.875, 1.2571841821505255e-23, nan 
-145.375, 87.875, 1.1449049641645199e-23, nan 
-145.125, 87.875, 1.1797597675758228e-23, nan 
-144.875, 87.875, 1.182389611236822e-23, nan 
-144.625, 87.875, 1.0324323367430919e-23, nan 
-144.375, 87.875, 8.791859482862672e-24, nan 
-144.125, 87.875, 8.240001737256382e-24, nan 
-143.875, 87.875, 8.07453725283013e-24, nan 
-143.625, 87.875, 8.023927012513625e-24, nan 
-143.375, 87.875, 7.648254729392933e-24, nan 
-143.125, 87.875, 6.966998571671002e-24, nan 
-142.875, 87.875, 6.832112206061827e-24, nan 
-142.625, 87.875, 9.026091940824968e-24, nan 
-142.375, 87.875, 7.451854139588754e-24, nan 
-142.125, 87.875, 7.3285838223596e-24, nan 
-141.875, 87.875, 8.442662943346729e-24, nan 
-141.625, 87.875, 8.486875681701002e-24, nan 
-141.375, 87.875, 9.307455380125041e-24, nan 
-141.125, 87.875, 7.135581343735394e-24, nan 
-140.875, 87.875, 6.689079704366177e-24, nan 
-140.625, 87.875, 6.964790281105822e-24, nan 
-140.375, 87.875, 5.3738365923822495e-24, nan 
-140.125, 87.875, 4.67054436406908e-24, nan 
-139.875, 87.875, 4.368296176481457e-24, nan 
-139.625, 87.875, 6.808353164714929e-24, nan 
-139.375, 87.875, 8.117635002087208e-24, nan 
-139.125, 87.875, 8.84815284749247e-24, nan 
-138.875, 87.875, 8.571996384384648e-24, nan 
-138.625, 87.875, 6.38903672526709e-24, nan 
-138.375, 87.875, 6.034847270138937e-24, nan 
-138.125, 87.875, 6.33637212511643e-24, nan 
-137.875, 87.875, 6.406270207764177e-24, nan 
-137.625, 87.875, 4.888918317127586e-24, nan 
-137.375, 87.875, 4.031916041283966e-24, nan 
-137.125, 87.875, 3.553810793367466e-24, nan 
-136.875, 87.875, 3.32169081368693e-24, nan 
-136.625, 87.875, 3.737941516485688e-24, nan 
-136.375, 87.875, 4.052439225459008e-24, nan 
-136.125, 87.875, 3.8461243536796325e-24, nan 
-135.875, 87.875, 5.896648716639055e-24, nan 
-135.625, 87.875, 6.3900737873316576e-24, nan 
-135.375, 87.875, 6.256072172223316e-24, nan 
-135.125, 87.875, 5.829682612553161e-24, nan 
-134.875, 87.875, 5.393319266016658e-24, nan 
-134.625, 87.875, 6.5076654061755455e-24, nan 
-134.375, 87.875, 7.020341271652764e-24, nan 
-134.125, 87.875, 7.905793536995411e-24, nan 
-133.875, 87.875, 1.0510091177600882e-23, nan 
-133.625, 87.875, 1.0275550899855865e-23, nan 
-133.375, 87.875, 8.965947190894921e-24, nan 
-133.125, 87.875, 7.627416766622412e-24, nan 
-132.875, 87.875, 7.418113279831382e-24, nan 
-132.625, 87.875, 8.202236419018422e-24, nan 
-132.375, 87.875, 8.78176910722344e-24, nan 
-132.125, 87.875, 1.129014803105343e-23, nan 
-131.875, 87.875, 7.27717077184583e-24, nan 
-131.625, 87.875, 6.2422457939404124e-24, nan 
-131.375, 87.875, 6.521675644910112e-24, nan 
-131.125, 87.875, 6.599330656604859e-24, nan 
-130.875, 87.875, 6.270479635617548e-24, nan 
-130.625, 87.875, 5.5889196126838415e-24, nan 
-130.375, 87.875, 4.9941856876340194e-24, nan 
-130.125, 87.875, 4.911421364196907e-24, nan 
-129.875, 87.875, 4.841449487250585e-24, nan 
-129.625, 87.875, 6.284760501228842e-24, nan 
-129.375, 87.875, 7.165941806240907e-24, nan 
-129.125, 87.875, 7.374696883108465e-24, nan 
-128.875, 87.875, 8.137688704021467e-24, nan 
-128.625, 87.875, 1.0859387879692526e-23, nan 
-128.375, 87.875, 1.2370209327309708e-23, nan 
-128.125, 87.875, 9.1621265917004e-24, nan 
-127.875, 87.875, 7.865626118720521e-24, nan 
-127.625, 87.875, 8.621178581285048e-24, nan 
-127.375, 87.875, 9.481580293682468e-24, nan 
-127.125, 87.875, 9.684746889029876e-24, nan 
-126.875, 87.875, 8.299077435880341e-24, nan 
-126.625, 87.875, 7.200018580025218e-24, nan 
-126.375, 87.875, 6.661026283610884e-24, nan 
-126.125, 87.875, 6.076169556589794e-24, nan 
-125.875, 87.875, 6.4142069783422845e-24, nan 
-125.625, 87.875, 5.673226472230618e-24, nan 
-125.375, 87.875, 5.725660795919692e-24, nan 
-125.125, 87.875, 5.412437296596322e-24, nan 
-124.875, 87.875, 5.2571670812679855e-24, nan 
-124.625, 87.875, 5.059575186537707e-24, nan 
-124.375, 87.875, 4.479750654273646e-24, nan 
-124.125, 87.875, 5.4749296455955205e-24, nan 
-123.875, 87.875, 5.58357476830223e-24, nan 
-123.625, 87.875, 5.688439180262577e-24, nan 
-123.375, 87.875, 5.9134808395012344e-24, nan 
-123.125, 87.875, 5.7430390458125215e-24, nan 
-122.875, 87.875, 6.0544971503681e-24, nan 
-122.625, 87.875, 6.198514574945301e-24, nan 
-122.375, 87.875, 6.2584485962356406e-24, nan 
-122.125, 87.875, 6.3630304569721496e-24, nan 
-121.875, 87.875, 7.323326961218023e-24, nan 
-121.625, 87.875, 7.712998986246922e-24, nan 
-121.375, 87.875, 6.73519019073096e-24, nan 
-121.125, 87.875, 6.215123833387768e-24, nan 
-120.875, 87.875, 6.30739700818856e-24, nan 
-120.625, 87.875, 6.522871117047807e-24, nan 
-120.375, 87.875, 5.997418023811051e-24, nan 
-120.125, 87.875, 4.803445695870498e-24, nan 
-119.875, 87.875, 3.657008024614985e-24, nan 
-119.625, 87.875, 3.303239167983856e-24, nan 
-119.375, 87.875, 3.344218109286422e-24, nan 
-119.125, 87.875, 3.2993323722753375e-24, nan 
-118.875, 87.875, 3.57576874517375e-24, nan 
-118.625, 87.875, 3.2025736664820426e-24, nan 
-118.375, 87.875, 3.52283571851011e-24, nan 
-118.125, 87.875, 3.185113101824561e-24, nan 
-117.875, 87.875, 3.1901278594624223e-24, nan 
-117.625, 87.875, 3.2215059439485553e-24, nan 
-117.375, 87.875, 2.5934533257703937e-24, nan 
-117.125, 87.875, 2.9525917463722582e-24, nan 
-116.875, 87.875, 3.265269433124492e-24, nan 
-116.625, 87.875, 3.395021176979104e-24, nan 
-116.375, 87.875, 3.5509852343614306e-24, nan 
-116.125, 87.875, 4.233455507052026e-24, nan 
-115.875, 87.875, 3.821335073590216e-24, nan 
-115.625, 87.875, 3.516882319414815e-24, nan 
-115.375, 87.875, 3.6178704165663384e-24, nan 
-115.125, 87.875, 3.2558148828246226e-24, nan 
-114.875, 87.875, 2.9938720312460288e-24, nan 
-114.625, 87.875, 2.9041053035868342e-24, nan 
-114.375, 87.875, 2.8755293403845707e-24, nan 
-114.125, 87.875, 3.0238645236273325e-24, nan 
-113.875, 87.875, 3.1446128739764046e-24, nan 
-113.625, 87.875, 3.310901745846508e-24, nan 
-113.375, 87.875, 3.489538383518617e-24, nan 
-113.125, 87.875, 3.351588716314676e-24, nan 
-112.875, 87.875, 3.1155648571960988e-24, nan 
-112.625, 87.875, 3.403520508694569e-24, nan 
-112.375, 87.875, 3.4504807869190554e-24, nan 
-112.125, 87.875, 3.1621207364509994e-24, nan 
-111.875, 87.875, 3.3230720225163575e-24, nan 
-111.625, 87.875, 4.220560444259498e-24, nan 
-111.375, 87.875, 5.27982921125147e-24, nan 
-111.125, 87.875, 3.841266482571854e-24, nan 
-110.875, 87.875, 4.891448031949501e-24, nan 
-110.625, 87.875, 5.858681324363015e-24, nan 
-110.375, 87.875, 5.866009996603765e-24, nan 
-110.125, 87.875, 5.761894699174364e-24, nan 
-109.875, 87.875, 5.1239269694144416e-24, nan 
-109.625, 87.875, 6.281494747735487e-24, nan 
-109.375, 87.875, 7.554524074295207e-24, nan 
-109.125, 87.875, 7.844996379823957e-24, nan 
-108.875, 87.875, 8.044374074037483e-24, nan 
-108.625, 87.875, 6.797034313899947e-24, nan 
-108.375, 87.875, 7.154354397516974e-24, nan 
-108.125, 87.875, 7.052867596809533e-24, nan 
-107.875, 87.875, 7.78670839996084e-24, nan 
-107.625, 87.875, 6.803584731743822e-24, nan 
-107.375, 87.875, 6.604606852210079e-24, nan 
-107.125, 87.875, 5.479285552214752e-24, nan 
-106.875, 87.875, 3.574346552382761e-24, nan 
-106.625, 87.875, 2.4367206280783864e-24, nan 
-106.375, 87.875, 2.4789239606340623e-24, nan 
-106.125, 87.875, 2.3508498906434022e-24, nan 
-105.875, 87.875, 2.6080656885525104e-24, nan 
-105.625, 87.875, 2.3596564958252265e-24, nan 
-105.375, 87.875, 2.6468369617634694e-24, nan 
-105.125, 87.875, 3.690288280178109e-24, nan 
-104.875, 87.875, 5.101267698634159e-24, nan 
-104.625, 87.875, 7.937631745286297e-24, nan 
-104.375, 87.875, 7.10370202266851e-24, nan 
-104.125, 87.875, 1.018844743671556e-23, nan 
-103.875, 87.875, 9.037241146436238e-24, nan 
-103.625, 87.875, 9.613170231990499e-24, nan 
-103.375, 87.875, 1.224079060625594e-23, nan 
-103.125, 87.875, 1.0784329911513992e-23, nan 
-102.875, 87.875, 1.1883934791820418e-23, nan 
-102.625, 87.875, 1.4065155481010933e-23, nan 
-102.375, 87.875, 1.4996180265289688e-23, nan 
-102.125, 87.875, 1.566190970070341e-23, nan 
-101.875, 87.875, 1.4617946635077874e-23, nan 
-101.625, 87.875, 1.3986920113061146e-23, nan 
-101.375, 87.875, 1.4269392076399363e-23, nan 
-101.125, 87.875, 1.3123375995215245e-23, nan 
-100.875, 87.875, 1.1019763613330054e-23, nan 
-100.625, 87.875, 1.1692132993420811e-23, nan 
-100.375, 87.875, 1.296835522147772e-23, nan 
-100.125, 87.875, 1.2329872804149125e-23, nan 
-99.875, 87.875, 9.963725541600441e-24, nan 
-99.625, 87.875, 9.174125048078456e-24, nan 
-99.375, 87.875, 9.694723306527448e-24, nan 
-99.125, 87.875, 9.52347232683975e-24, nan 
-98.875, 87.875, 9.187794865114523e-24, nan 
-98.625, 87.875, 9.09447623457328e-24, nan 
-98.375, 87.875, 8.401718062230163e-24, nan 
-98.125, 87.875, 7.71114003316101e-24, nan 
-97.875, 87.875, 8.120863904812203e-24, nan 
-97.625, 87.875, 7.226440594020747e-24, nan 
-97.375, 87.875, 7.943389413760994e-24, nan 
-97.125, 87.875, 8.550768827147076e-24, nan 
-96.875, 87.875, 8.665069070802957e-24, nan 
-96.625, 87.875, 8.912210769591962e-24, nan 
-96.375, 87.875, 8.421881443055731e-24, nan 
-96.125, 87.875, 8.698726151191312e-24, nan 
-95.875, 87.875, 9.3797676081049e-24, nan 
-95.625, 87.875, 9.46663525148437e-24, nan 
-95.375, 87.875, 1.0196060213328646e-23, nan 
-95.125, 87.875, 9.45008516589157e-24, nan 
-94.875, 87.875, 9.002100683773167e-24, nan 
-94.625, 87.875, 8.772103692409285e-24, nan 
-94.375, 87.875, 9.47990156728194e-24, nan 
-94.125, 87.875, 8.141374644879576e-24, nan 
-93.875, 87.875, 8.410310488929422e-24, nan 
-93.625, 87.875, 9.467746829156493e-24, nan 
-93.375, 87.875, 8.249997395736606e-24, nan 
-93.125, 87.875, 7.842388783210604e-24, nan 
-92.875, 87.875, 7.42026825042676e-24, nan 
-92.625, 87.875, 7.174974296119596e-24, nan 
-92.375, 87.875, 6.1999239237335335e-24, nan 
-92.125, 87.875, 5.816245921057877e-24, nan 
-91.875, 87.875, 5.624697435582116e-24, nan 
-91.625, 87.875, 5.254288716014532e-24, nan 
-91.375, 87.875, 4.7889537049755455e-24, nan 
-91.125, 87.875, 4.488012097937296e-24, nan 
-90.875, 87.875, 4.321320592301965e-24, nan 
-90.625, 87.875, 4.1063450339394546e-24, nan 
-90.375, 87.875, 3.7658155898092764e-24, nan 
-90.125, 87.875, 3.1719115363263256e-24, nan 
-89.875, 87.875, 3.231901492146722e-24, nan 
-89.625, 87.875, 4.008145841760021e-24, nan 
-89.375, 87.875, 4.172808498613634e-24, nan 
-89.125, 87.875, 4.148769205332295e-24, nan 
-88.875, 87.875, 4.1571562251801565e-24, nan 
-88.625, 87.875, 3.616728647253446e-24, nan 
-88.375, 87.875, 3.781548971246251e-24, nan 
-88.125, 87.875, 3.832298149482757e-24, nan 
-87.875, 87.875, 4.119769947086315e-24, nan 
-87.625, 87.875, 3.923475490769135e-24, nan 
-87.375, 87.875, 3.873132849023322e-24, nan 
-87.125, 87.875, 3.3061065823093285e-24, nan 
-86.875, 87.875, 3.1881777819267156e-24, nan 
-86.625, 87.875, 3.2419344888152394e-24, nan 
-86.375, 87.875, 2.8518008934563376e-24, nan 
-86.125, 87.875, 2.1281366622499944e-24, nan 
-85.875, 87.875, 2.3183416328807074e-24, nan 
-85.625, 87.875, 2.484150548779822e-24, nan 
-85.375, 87.875, 2.7344891007469402e-24, nan 
-85.125, 87.875, 3.084020919831782e-24, nan 
-84.875, 87.875, 2.740069810266897e-24, nan 
-84.625, 87.875, 3.0051063119810593e-24, nan 
-84.375, 87.875, 3.08302399069909e-24, nan 
-84.125, 87.875, 3.108406104849054e-24, nan 
-83.875, 87.875, 3.469752430000607e-24, nan 
-83.625, 87.875, 3.511645498455139e-24, nan 
-83.375, 87.875, 3.1592252246319457e-24, nan 
-83.125, 87.875, 3.0690851387679415e-24, nan 
-82.875, 87.875, 2.5746401378505366e-24, nan 
-82.625, 87.875, 2.391690729708306e-24, nan 
-82.375, 87.875, 4.2218682936975174e-24, nan 
-82.125, 87.875, 3.695757047017241e-24, nan 
-81.875, 87.875, 3.611373631259328e-24, nan 
-81.625, 87.875, 4.072526128355496e-24, nan 
-81.375, 87.875, 5.0106649284155455e-24, nan 
-81.125, 87.875, 5.2947301537069514e-24, nan 
-80.875, 87.875, 4.914973939814599e-24, nan 
-80.625, 87.875, 4.235859498360111e-24, nan 
-80.375, 87.875, 4.71477935316608e-24, nan 
-80.125, 87.875, 5.415764040570689e-24, nan 
-79.875, 87.875, 6.0611033223850904e-24, nan 
-79.625, 87.875, 5.9962215782391495e-24, nan 
-79.375, 87.875, 5.5169939928576156e-24, nan 
-79.125, 87.875, 5.3113507632085144e-24, nan 
-78.875, 87.875, 5.2367105390689356e-24, nan 
-78.625, 87.875, 5.438442511100545e-24, nan 
-78.375, 87.875, 5.145723968014321e-24, nan 
-78.125, 87.875, 4.9185627945936136e-24, nan 
-77.875, 87.875, 3.989212052037544e-24, nan 
-77.625, 87.875, 5.466577546890085e-24, nan 
-77.375, 87.875, 4.05954653171604e-24, nan 
-77.125, 87.875, 4.563465501217584e-24, nan 
-76.875, 87.875, 4.574977920509914e-24, nan 
-76.625, 87.875, 3.525299545150884e-24, nan 
-76.375, 87.875, 3.2891081960879652e-24, nan 
-76.125, 87.875, 3.1940532793132057e-24, nan 
-75.875, 87.875, 3.095520388853145e-24, nan 
-75.625, 87.875, 5.568991705340313e-24, nan 
-75.375, 87.875, 3.57230621668648e-24, nan 
-75.125, 87.875, 3.8621171569050305e-24, nan 
-74.875, 87.875, 4.436412662663021e-24, nan 
-74.625, 87.875, 5.972540132424296e-24, nan 
-74.375, 87.875, 6.598722023543789e-24, nan 
-74.125, 87.875, 5.9398574841733145e-24, nan 
-73.875, 87.875, 5.48157133684631e-24, nan 
-73.625, 87.875, 6.0477387786509366e-24, nan 
-73.375, 87.875, 6.990221154570948e-24, nan 
-73.125, 87.875, 7.387655049267921e-24, nan 
-72.875, 87.875, 5.415142396314807e-24, nan 
-72.625, 87.875, 5.0089243038978266e-24, nan 
-72.375, 87.875, 5.136020623059471e-24, nan 
-72.125, 87.875, 5.3583830313114755e-24, nan 
-71.875, 87.875, 5.885043234894977e-24, nan 
-71.625, 87.875, 5.369087635757718e-24, nan 
-71.375, 87.875, 4.633080394539923e-24, nan 
-71.125, 87.875, 4.740348438492387e-24, nan 
-70.875, 87.875, 5.697998339714741e-24, nan 
-70.625, 87.875, 5.833503545544169e-24, nan 
-70.375, 87.875, 5.692918150653061e-24, nan 
-70.125, 87.875, 6.077808723062389e-24, nan 
-69.875, 87.875, 6.353776501500261e-24, nan 
-69.625, 87.875, 5.858378959464746e-24, nan 
-69.375, 87.875, 5.558495433133264e-24, nan 
-69.125, 87.875, 5.1741556129907686e-24, nan 
-68.875, 87.875, 4.655237149126899e-24, nan 
-68.625, 87.875, 4.5243106451015e-24, nan 
-68.375, 87.875, 4.915651030359922e-24, nan 
-68.125, 87.875, 5.966294351077564e-24, nan 
-67.875, 87.875, 6.441805464884329e-24, nan 
-67.625, 87.875, 6.474724842871469e-24, nan 
-67.375, 87.875, 6.407490997212633e-24, nan 
-67.125, 87.875, 5.990777445133451e-24, nan 
-66.875, 87.875, 5.179581879515935e-24, nan 
-66.625, 87.875, 4.757498689902081e-24, nan 
-66.375, 87.875, 4.32929366968592e-24, nan 
-66.125, 87.875, 4.048883120741858e-24, nan 
-65.875, 87.875, 3.9750663704134e-24, nan 
-65.625, 87.875, 4.07663415150592e-24, nan 
-65.375, 87.875, 4.2089553838130444e-24, nan 
-65.125, 87.875, 4.703027472875637e-24, nan 
-64.875, 87.875, 4.5067324128589594e-24, nan 
-64.625, 87.875, 3.9518645826206666e-24, nan 
-64.375, 87.875, 3.260294305891976e-24, nan 
-64.125, 87.875, 4.053221312641135e-24, nan 
-63.875, 87.875, 4.841622007327692e-24, nan 
-63.625, 87.875, 3.476724518627013e-24, nan 
-63.375, 87.875, 4.262855482923026e-24, nan 
-63.125, 87.875, 8.382330400146565e-24, nan 
-62.875, 87.875, 7.207090341778548e-24, nan 
-62.625, 87.875, 6.701519833788337e-24, nan 
-62.375, 87.875, 6.455082031057578e-24, nan 
-62.125, 87.875, 6.159335514003393e-24, nan 
-61.875, 87.875, 5.740186860009458e-24, nan 
-61.625, 87.875, 5.890943377820384e-24, nan 
-61.375, 87.875, 6.3238735407026274e-24, nan 
-61.125, 87.875, 5.82460774184464e-24, nan 
-60.875, 87.875, 4.8692839377995755e-24, nan 
-60.625, 87.875, 4.1756461179577166e-24, nan 
-60.375, 87.875, 3.2370643627138305e-24, nan 
-60.125, 87.875, 3.0822880686236776e-24, nan 
-59.875, 87.875, 4.6234768695262365e-24, nan 
-59.625, 87.875, 2.39042186590154e-24, nan 
-59.375, 87.875, 2.7867320875673197e-24, nan 
-59.125, 87.875, 4.040010117267512e-24, nan 
-58.875, 87.875, 3.783376100869519e-24, nan 
-58.625, 87.875, 3.873782454227567e-24, nan 
-58.375, 87.875, 4.734240457779969e-24, nan 
-58.125, 87.875, 5.148047294077697e-24, nan 
-57.875, 87.875, 4.3882923900414516e-24, nan 
-57.625, 87.875, 3.408450336353018e-24, nan 
-57.375, 87.875, 4.056653861428432e-24, nan 
-57.125, 87.875, 4.4472435482742966e-24, nan 
-56.875, 87.875, 3.767630933946239e-24, nan 
-56.625, 87.875, 2.751129145013362e-24, nan 
-56.375, 87.875, 2.9658839443801028e-24, nan 
-56.125, 87.875, 2.915490368788235e-24, nan 
-55.875, 87.875, 4.734617033498064e-24, nan 
-55.625, 87.875, 6.1148313527763164e-24, nan 
-55.375, 87.875, 6.059564257206761e-24, nan 
-55.125, 87.875, 6.0938627255967965e-24, nan 
-54.875, 87.875, 5.657358592981569e-24, nan 
-54.625, 87.875, 5.203582412206124e-24, nan 
-54.375, 87.875, 4.33201251357512e-24, nan 
-54.125, 87.875, 5.125942011308544e-24, nan 
-53.875, 87.875, 7.125436257934562e-24, nan 
-53.625, 87.875, 7.693467644706174e-24, nan 
-53.375, 87.875, 4.212029509429197e-24, nan 
-53.125, 87.875, 3.941061294487637e-24, nan 
-52.875, 87.875, 4.093117241594067e-24, nan 
-52.625, 87.875, 4.808740878351956e-24, nan 
-52.375, 87.875, 7.224473798267618e-24, nan 
-52.125, 87.875, 8.670176773118522e-24, nan 
-51.875, 87.875, 1.2570060721562553e-23, nan 
-51.625, 87.875, 1.5325518158630973e-23, nan 
-51.375, 87.875, 1.6366684035137258e-23, nan 
-51.125, 87.875, 1.4473139315904834e-23, nan 
-50.875, 87.875, 1.1072805516489623e-23, nan 
-50.625, 87.875, 9.602157148696832e-24, nan 
-50.375, 87.875, 6.900103342677484e-24, nan 
-50.125, 87.875, 4.4183419334498624e-24, nan 
-49.875, 87.875, 7.617141877053506e-24, nan 
-49.625, 87.875, 6.85072231686428e-24, nan 
-49.375, 87.875, 6.499204688539985e-24, nan 
-49.125, 87.875, 6.658772983568241e-24, nan 
-48.875, 87.875, 6.760470719715106e-24, nan 
-48.625, 87.875, 5.024647913066782e-24, nan 
-48.375, 87.875, 4.421403315662532e-24, nan 
-48.125, 87.875, 4.1387667005019136e-24, nan 
-47.875, 87.875, 4.130252368081052e-24, nan 
-47.625, 87.875, 4.550662275744335e-24, nan 
-47.375, 87.875, 8.735631901916606e-24, nan 
-47.125, 87.875, 7.827444031744975e-24, nan 
-46.875, 87.875, 5.635978857366712e-24, nan 
-46.625, 87.875, 5.227342812578244e-24, nan 
-46.375, 87.875, 4.353919350788775e-24, nan 
-46.125, 87.875, 3.2747067625010245e-24, nan 
-45.875, 87.875, 3.493537120135851e-24, nan 
-45.625, 87.875, 4.971647232864518e-24, nan 
-45.375, 87.875, 8.304212991268601e-24, nan 
-45.125, 87.875, 1.4810461300901027e-23, nan 
-44.875, 87.875, 1.8362889049879514e-23, nan 
-44.625, 87.875, 1.9385732884359367e-23, nan 
-44.375, 87.875, 1.5481862084926915e-23, nan 
-44.125, 87.875, 1.0610029015950768e-23, nan 
-43.875, 87.875, 8.861682709881565e-24, nan 
-43.625, 87.875, 7.947096655734101e-24, nan 
-43.375, 87.875, 5.415794372746363e-24, nan 
-43.125, 87.875, 9.431589879002251e-24, nan 
-42.875, 87.875, 7.215618238477598e-24, nan 
-42.625, 87.875, 5.8863994697637515e-24, nan 
-42.375, 87.875, 5.286119854282244e-24, nan 
-42.125, 87.875, 5.825651810978843e-24, nan 
-41.875, 87.875, 7.866301689595109e-24, nan 
-41.625, 87.875, 8.204821591180825e-24, nan 
-41.375, 87.875, 5.713182573845752e-24, nan 
-41.125, 87.875, 4.473577893036105e-24, nan 
-40.875, 87.875, 4.406982894482999e-24, nan 
-40.625, 87.875, 9.596222884255024e-24, nan 
-40.375, 87.875, 7.724112302357993e-24, nan 
-40.125, 87.875, 5.629651930886749e-24, nan 
-39.875, 87.875, 6.124855406752409e-24, nan 
-39.625, 87.875, 6.5942702022628574e-24, nan 
-39.375, 87.875, 7.402147847494471e-24, nan 
-39.125, 87.875, 7.509348663021711e-24, nan 
-38.875, 87.875, 7.003864075799922e-24, nan 
-38.625, 87.875, 7.792324714747365e-24, nan 
-38.375, 87.875, 9.397084622306026e-24, nan 
-38.125, 87.875, 1.1771899534398086e-23, nan 
-37.875, 87.875, 1.1792942012488828e-23, nan 
-37.625, 87.875, 9.819412304417761e-24, nan 
-37.375, 87.875, 7.020270561547774e-24, nan 
-37.125, 87.875, 8.624279460662316e-24, nan 
-36.875, 87.875, 1.0855560313555355e-23, nan 
-36.625, 87.875, 1.3721641392396718e-23, nan 
-36.375, 87.875, 1.2788572817288996e-23, nan 
-36.125, 87.875, 1.1437159361002697e-23, nan 
-35.875, 87.875, 9.918931945884097e-24, nan 
-35.625, 87.875, 7.48622409125202e-24, nan 
-35.375, 87.875, 5.468292868925813e-24, nan 
-35.125, 87.875, 8.642538469055334e-24, nan 
-34.875, 87.875, 1.1038088477798548e-23, nan 
-34.625, 87.875, 1.2757475220327585e-23, nan 
-34.375, 87.875, 1.220501733275004e-23, nan 
-34.125, 87.875, 5.4152574652749354e-24, nan 
-33.875, 87.875, 3.862254256038555e-24, nan 
-33.625, 87.875, 1.2873508001448891e-24, nan 
-33.375, 87.875, 2.9296056351370746e-24, nan 
-33.125, 87.875, 3.594052433583929e-24, nan 
-32.875, 87.875, 5.0394074394730275e-24, nan 
-32.625, 87.875, 5.7715539131615595e-24, nan 
-32.375, 87.875, 6.531892372830825e-24, nan 
-32.125, 87.875, 6.147114238200932e-24, nan 
-31.875, 87.875, 6.503204587814487e-24, nan 
-31.625, 87.875, 5.3314308302481616e-24, nan 
-31.375, 87.875, 4.2324136702182415e-24, nan 
-31.125, 87.875, 3.1908762695417026e-24, nan 
-30.875, 87.875, 7.692187749676573e-24, nan 
-30.625, 87.875, 9.378369993626357e-24, nan 
-30.375, 87.875, 1.0302238259062903e-23, nan 
-30.125, 87.875, 1.3102441979698195e-23, nan 
-29.875, 87.875, 1.7242662900320273e-23, nan 
-29.625, 87.875, 1.652641715721467e-23, nan 
-29.375, 87.875, 1.523082831179938e-23, nan 
-29.125, 87.875, 1.284916794496817e-23, nan 
-28.875, 87.875, 9.954869359770826e-24, nan 
-28.625, 87.875, 5.6400446783608974e-24, nan 
-28.375, 87.875, 2.0016012364128687e-24, nan 
-28.125, 87.875, 3.66328840413726e-24, nan 
-27.875, 87.875, 8.80959026829342e-24, nan 
-27.625, 87.875, 1.2361239618963605e-23, nan 
-27.375, 87.875, 1.450345391881561e-23, nan 
-27.125, 87.875, 1.076755013690949e-23, nan 
-26.875, 87.875, 6.441789749378064e-24, nan 
-26.625, 87.875, 5.439667915648805e-24, nan 
-26.375, 87.875, 5.967337497529736e-24, nan 
-26.125, 87.875, 7.319467411024195e-24, nan 
-25.875, 87.875, 9.395528884335836e-24, nan 
-25.625, 87.875, 9.364548807262529e-24, nan 
-25.375, 87.875, 6.98404434424458e-24, nan 
-25.125, 87.875, 4.933461950542891e-24, nan 
-24.875, 87.875, 5.4815971024627056e-24, nan 
-24.625, 87.875, 4.7843599959900085e-24, nan 
-24.375, 87.875, 3.2906181530690667e-24, nan 
-24.125, 87.875, 7.859329859035188e-24, nan 
-23.875, 87.875, 6.224310293023144e-24, nan 
-23.625, 87.875, 1.0969922242989151e-23, nan 
-23.375, 87.875, 1.552090190602604e-23, nan 
-23.125, 87.875, 1.1951626517442042e-23, nan 
-22.875, 87.875, 1.0249188424024275e-23, nan 
-22.625, 87.875, 8.11714884180579e-24, nan 
-22.375, 87.875, 7.854574646571088e-24, nan 
-22.125, 87.875, 8.884027809801786e-24, nan 
-21.875, 87.875, 9.256446195031403e-24, nan 
-21.625, 87.875, 9.073099183586373e-24, nan 
-21.375, 87.875, 8.557976555239785e-24, nan 
-21.125, 87.875, 1.3548983248362518e-23, nan 
-20.875, 87.875, 1.43614824240332e-23, nan 
-20.625, 87.875, 1.7837157696050583e-23, nan 
-20.375, 87.875, 1.3988769415725757e-23, nan 
-20.125, 87.875, 9.386568673537527e-24, nan 
-19.875, 87.875, 7.848377294487286e-24, nan 
-19.625, 87.875, 7.476462513974642e-24, nan 
-19.375, 87.875, 8.56557949012974e-24, nan 
-19.125, 87.875, 1.1816312488326443e-23, nan 
-18.875, 87.875, 1.1743729982747948e-23, nan 
-18.625, 87.875, 8.373469001151089e-24, nan 
-18.375, 87.875, 9.246685327702289e-24, nan 
-18.125, 87.875, 1.0568324512466622e-23, nan 
-17.875, 87.875, 1.075281649993844e-23, nan 
-17.625, 87.875, 1.120316874099085e-23, nan 
-17.375, 87.875, 1.1223657349759415e-23, nan 
-17.125, 87.875, 1.1398316485528186e-23, nan 
-16.875, 87.875, 9.012330484137076e-24, nan 
-16.625, 87.875, 9.147689702935901e-24, nan 
-16.375, 87.875, 7.952839616391333e-24, nan 
-16.125, 87.875, 6.867960364824181e-24, nan 
-15.875, 87.875, 6.2318066334732794e-24, nan 
-15.625, 87.875, 5.7697383416695174e-24, nan 
-15.375, 87.875, 5.8286226824932795e-24, nan 
-15.125, 87.875, 5.385920504081941e-24, nan 
-14.875, 87.875, 6.131007013059971e-24, nan 
-14.625, 87.875, 8.715930914429217e-24, nan 
-14.375, 87.875, 1.1919151084798625e-23, nan 
-14.125, 87.875, 8.106715726316352e-24, nan 
-13.875, 87.875, 1.1341240878358255e-23, nan 
-13.625, 87.875, 1.207610647250976e-23, nan 
-13.375, 87.875, 1.339395658385201e-23, nan 
-13.125, 87.875, 1.5598343679818385e-23, nan 
-12.875, 87.875, 1.8859484486739064e-23, nan 
-12.625, 87.875, 2.0383448064532197e-23, nan 
-12.375, 87.875, 2.0422961804703665e-23, nan 
-12.125, 87.875, 1.7943321766593203e-23, nan 
-11.875, 87.875, 1.5588762248855838e-23, nan 
-11.625, 87.875, 1.285350407084284e-23, nan 
-11.375, 87.875, 1.0350473650513117e-23, nan 
-11.125, 87.875, 8.816578838473581e-24, nan 
-10.875, 87.875, 9.051708811156934e-24, nan 
-10.625, 87.875, 1.0279289450095156e-23, nan 
-10.375, 87.875, 1.002784778993346e-23, nan 
-10.125, 87.875, 8.507388012670622e-24, nan 
-9.875, 87.875, 8.8902919894227e-24, nan 
-9.625, 87.875, 1.1262946104813592e-23, nan 
-9.375, 87.875, 1.7264292917332876e-23, nan 
-9.125, 87.875, 8.841924132888777e-24, nan 
-8.875, 87.875, 6.5178833221161644e-24, nan 
-8.625, 87.875, 6.2174873463479944e-24, nan 
-8.375, 87.875, 5.359583705486117e-24, nan 
-8.125, 87.875, 5.9894547340001994e-24, nan 
-7.875, 87.875, 8.241904419602298e-24, nan 
-7.625, 87.875, 1.578367406667103e-23, nan 
-7.375, 87.875, 1.357680424822047e-23, nan 
-7.125, 87.875, 9.406247521138071e-24, nan 
-6.875, 87.875, 9.91798953270574e-24, nan 
-6.625, 87.875, 1.2899111992708109e-23, nan 
-6.375, 87.875, 1.874864576420386e-23, nan 
-6.125, 87.875, 2.6172774590578138e-23, nan 
-5.875, 87.875, 2.9177193963593593e-23, nan 
-5.625, 87.875, 2.7529239215949894e-23, nan 
-5.375, 87.875, 2.3725553781386844e-23, nan 
-5.125, 87.875, 2.1563767441121584e-23, nan 
-4.875, 87.875, 1.4217708730208206e-23, nan 
-4.625, 87.875, 1.093576648865744e-23, nan 
-4.375, 87.875, 8.919560719321142e-24, nan 
-4.125, 87.875, 5.842678906605938e-24, nan 
-3.875, 87.875, 5.22180005774088e-24, nan 
-3.625, 87.875, 4.003608391221744e-24, nan 
-3.375, 87.875, 2.7674034941198185e-24, nan 
-3.125, 87.875, 6.620561132106624e-24, nan 
-2.875, 87.875, 1.5784280202415653e-23, nan 
-2.625, 87.875, 3.224368396859637e-23, nan 
-2.375, 87.875, 1.3162298728258926e-23, nan 
-2.125, 87.875, 8.094748147255946e-24, nan 
-1.875, 87.875, 8.878695864995392e-24, nan 
-1.625, 87.875, 9.38793112506467e-24, nan 
-1.375, 87.875, 1.200713754275775e-23, nan 
-1.125, 87.875, 1.797871296968083e-23, nan 
-0.875, 87.875, 3.6408662494820247e-23, nan 
-0.625, 87.875, 3.4722871988745146e-23, nan 
-0.375, 87.875, 2.7497226202300976e-23, nan 
-0.125, 87.875, 2.2545970041843708e-23, nan 
0.125, 87.875, 1.9088423884083436e-23, nan 
0.375, 87.875, 1.944730316640028e-23, nan 
0.625, 87.875, 2.4742282339045302e-23, nan 
0.875, 87.875, 2.753214291591587e-23, nan 
1.125, 87.875, 2.53385476565116e-23, nan 
1.375, 87.875, 2.217091986216373e-23, nan 
1.625, 87.875, 2.0725402142763172e-23, nan 
1.875, 87.875, 1.5381516527697647e-23, nan 
2.125, 87.875, 1.2685155875006854e-23, nan 
2.375, 87.875, 9.466268744625652e-24, nan 
2.625, 87.875, 6.667725871733372e-24, nan 
2.875, 87.875, 5.391212291745345e-24, nan 
3.125, 87.875, 4.290930206064234e-24, nan 
3.375, 87.875, 3.823806873188853e-24, nan 
3.625, 87.875, 5.6956216916377865e-24, nan 
3.875, 87.875, 1.0953708127645509e-23, nan 
4.125, 87.875, 2.0224950364386238e-23, nan 
4.375, 87.875, 9.933351873978564e-24, nan 
4.625, 87.875, 5.333662410383362e-24, nan 
4.875, 87.875, 5.814520100009985e-24, nan 
5.125, 87.875, 7.544559497765066e-24, nan 
5.375, 87.875, 1.0077477265267074e-23, nan 
5.625, 87.875, 1.55725011508892e-23, nan 
5.875, 87.875, 2.563714547330598e-23, nan 
6.125, 87.875, 2.1765513802827332e-23, nan 
6.375, 87.875, 1.7778901924845922e-23, nan 
6.625, 87.875, 1.5276138544106242e-23, nan 
6.875, 87.875, 1.3076280046358697e-23, nan 
7.125, 87.875, 9.087450432963744e-24, nan 
7.375, 87.875, 6.1265708462114784e-24, nan 
7.625, 87.875, 6.609322321017089e-24, nan 
7.875, 87.875, 5.041423750720125e-24, nan 
8.125, 87.875, 4.411212773886929e-24, nan 
8.375, 87.875, 4.111618043854273e-24, nan 
8.625, 87.875, 1.1761570701712307e-23, nan 
8.875, 87.875, 9.734547843931241e-24, nan 
9.125, 87.875, 6.075878355748239e-24, nan 
9.375, 87.875, 4.496755675165391e-24, nan 
9.625, 87.875, 3.830720104057899e-24, nan 
9.875, 87.875, 3.541991243777085e-24, nan 
10.125, 87.875, 3.636770683671405e-24, nan 
10.375, 87.875, 3.576006795101939e-24, nan 
10.625, 87.875, 3.39111175909295e-24, nan 
10.875, 87.875, 4.130393730106051e-24, nan 
11.125, 87.875, 4.666858694054485e-24, nan 
11.375, 87.875, 6.089897059276433e-24, nan 
11.625, 87.875, 9.65347170382122e-24, nan 
11.875, 87.875, 1.4326419095461528e-23, nan 
12.125, 87.875, 1.7496402961366383e-23, nan 
12.375, 87.875, 1.9829842601275795e-23, nan 
12.625, 87.875, 7.277762262852865e-24, nan 
12.875, 87.875, 7.459002492152064e-24, nan 
13.125, 87.875, 7.906118511258169e-24, nan 
13.375, 87.875, 5.1635291628644845e-24, nan 
13.625, 87.875, 9.58568610294511e-24, nan 
13.875, 87.875, 5.318295807688148e-24, nan 
14.125, 87.875, 8.049181910146413e-24, nan 
14.375, 87.875, 1.0362043534014928e-23, nan 
14.625, 87.875, 7.760316801224246e-24, nan 
14.875, 87.875, 8.030477247562056e-24, nan 
15.125, 87.875, 8.588154087930858e-24, nan 
15.375, 87.875, 9.075146988431226e-24, nan 
15.625, 87.875, 9.163358873825934e-24, nan 
15.875, 87.875, 5.5903615289340766e-24, nan 
16.125, 87.875, 3.847878381646532e-24, nan 
16.375, 87.875, 6.821554883634951e-24, nan 
16.625, 87.875, 8.598539618922058e-24, nan 
16.875, 87.875, 8.436285666233761e-24, nan 
17.125, 87.875, 7.09166261906594e-24, nan 
17.375, 87.875, 5.5349991308329474e-24, nan 
17.625, 87.875, 4.622991216496817e-24, nan 
17.875, 87.875, 4.544898359994193e-24, nan 
18.125, 87.875, 4.688866151743055e-24, nan 
18.375, 87.875, 3.960493537721699e-24, nan 
18.625, 87.875, 2.9586444677647956e-24, nan 
18.875, 87.875, 3.2781465847962354e-24, nan 
19.125, 87.875, 5.1177181206278414e-24, nan 
19.375, 87.875, 4.289062535414561e-24, nan 
19.625, 87.875, 3.391147577037327e-24, nan 
19.875, 87.875, 4.581176013283847e-24, nan 
20.125, 87.875, 6.050474611019237e-24, nan 
20.375, 87.875, 8.895977676758234e-24, nan 
20.625, 87.875, 1.1073173919283717e-23, nan 
20.875, 87.875, 1.0078545696760237e-23, nan 
21.125, 87.875, 9.560787184010795e-24, nan 
21.375, 87.875, 8.82571978552303e-24, nan 
21.625, 87.875, 8.532504891063372e-24, nan 
21.875, 87.875, 8.691840181839194e-24, nan 
22.125, 87.875, 8.712265559742998e-24, nan 
22.375, 87.875, 8.384806205123882e-24, nan 
22.625, 87.875, 7.577121768055889e-24, nan 
22.875, 87.875, 7.053435532833508e-24, nan 
23.125, 87.875, 6.104471726695692e-24, nan 
23.375, 87.875, 6.0663794855166196e-24, nan 
23.625, 87.875, 6.292624200125755e-24, nan 
23.875, 87.875, 6.0961273868129926e-24, nan 
24.125, 87.875, 5.788938239153242e-24, nan 
24.375, 87.875, 5.1253925334490346e-24, nan 
24.625, 87.875, 4.737317921108372e-24, nan 
24.875, 87.875, 5.502513544180491e-24, nan 
25.125, 87.875, 4.666372706317422e-24, nan 
25.375, 87.875, 6.025298788293274e-24, nan 
25.625, 87.875, 9.722070517454401e-24, nan 
25.875, 87.875, 1.5176409565392953e-23, nan 
26.125, 87.875, 1.1214059735296408e-23, nan 
26.375, 87.875, 5.910038818659609e-24, nan 
26.625, 87.875, 4.6099452625919494e-24, nan 
26.875, 87.875, 4.780616524992842e-24, nan 
27.125, 87.875, 6.2455113695855455e-24, nan 
27.375, 87.875, 7.377122852581505e-24, nan 
27.625, 87.875, 7.68897233481357e-24, nan 
27.875, 87.875, 8.21168122863624e-24, nan 
28.125, 87.875, 6.4011751658493606e-24, nan 
28.375, 87.875, 4.873063773273515e-24, nan 
28.625, 87.875, 4.1792231681533995e-24, nan 
28.875, 87.875, 4.238500834537142e-24, nan 
29.125, 87.875, 4.0754246478639586e-24, nan 
29.375, 87.875, 4.1747532294101964e-24, nan 
29.625, 87.875, 3.947101551253489e-24, nan 
29.875, 87.875, 3.62741307769605e-24, nan 
30.125, 87.875, 3.555788011598993e-24, nan 
30.375, 87.875, 3.639562307223581e-24, nan 
30.625, 87.875, 4.395059050659322e-24, nan 
30.875, 87.875, 3.053919971308989e-24, nan 
31.125, 87.875, 5.373302533298931e-24, nan 
31.375, 87.875, 5.425234420164678e-24, nan 
31.625, 87.875, 5.730165238800684e-24, nan 
31.875, 87.875, 5.382058756042623e-24, nan 
32.125, 87.875, 5.8632675679250644e-24, nan 
32.375, 87.875, 7.51747437684519e-24, nan 
32.625, 87.875, 9.957308469602298e-24, nan 
32.875, 87.875, 7.896686609211958e-24, nan 
33.125, 87.875, 6.4123124097369826e-24, nan 
33.375, 87.875, 5.411958341604339e-24, nan 
33.625, 87.875, 5.527685427044841e-24, nan 
33.875, 87.875, 3.934978305466786e-24, nan 
34.125, 87.875, 3.2315779724088554e-24, nan 
34.375, 87.875, 6.006055089746906e-24, nan 
34.625, 87.875, 3.853577323376706e-24, nan 
34.875, 87.875, 4.027538273095589e-24, nan 
35.125, 87.875, 3.8771148268244484e-24, nan 
35.375, 87.875, 4.955709885711954e-24, nan 
35.625, 87.875, 6.566225556291615e-24, nan 
35.875, 87.875, 9.364336453501122e-24, nan 
36.125, 87.875, 9.002935401524625e-24, nan 
36.375, 87.875, 8.261311949914313e-24, nan 
36.625, 87.875, 7.330515149084555e-24, nan 
36.875, 87.875, 6.837562038414997e-24, nan 
37.125, 87.875, 6.042436299459463e-24, nan 
37.375, 87.875, 5.895543536310258e-24, nan 
37.625, 87.875, 6.47846116446362e-24, nan 
37.875, 87.875, 7.361959115887316e-24, nan 
38.125, 87.875, 7.744759349923877e-24, nan 
38.375, 87.875, 7.597386337409728e-24, nan 
38.625, 87.875, 7.4712066515918e-24, nan 
38.875, 87.875, 6.136372939350814e-24, nan 
39.125, 87.875, 7.759580789994541e-24, nan 
39.375, 87.875, 8.411794440744168e-24, nan 
39.625, 87.875, 8.503531625151468e-24, nan 
39.875, 87.875, 1.0660889045802312e-23, nan 
40.125, 87.875, 9.310129982748495e-24, nan 
40.375, 87.875, 8.40423581853243e-24, nan 
40.625, 87.875, 7.743896002064361e-24, nan 
40.875, 87.875, 7.59135796736714e-24, nan 
41.125, 87.875, 8.70683603860955e-24, nan 
41.375, 87.875, 8.03872464249835e-24, nan 
41.625, 87.875, 8.161025316934586e-24, nan 
41.875, 87.875, 9.11540497002637e-24, nan 
42.125, 87.875, 1.2985447327726458e-23, nan 
42.375, 87.875, 1.670500865944543e-23, nan 
42.625, 87.875, 1.917159656069932e-23, nan 
42.875, 87.875, 1.8302485203175957e-23, nan 
43.125, 87.875, 1.582168619099413e-23, nan 
43.375, 87.875, 1.2048707711486535e-23, nan 
43.625, 87.875, 7.3541475187019e-24, nan 
43.875, 87.875, 2.7361504606530648e-24, nan 
44.125, 87.875, 2.3130658897821623e-24, nan 
44.375, 87.875, 3.684080718030504e-24, nan 
44.625, 87.875, 5.524208797329866e-24, nan 
44.875, 87.875, 6.3778837698185704e-24, nan 
45.125, 87.875, 5.881022546365063e-24, nan 
45.375, 87.875, 2.8899624774566856e-24, nan 
45.625, 87.875, 3.1224686299041093e-24, nan 
45.875, 87.875, 6.223333581111901e-24, nan 
46.125, 87.875, 8.134346459333626e-24, nan 
46.375, 87.875, 8.613774233373865e-24, nan 
46.625, 87.875, 1.019631607894942e-23, nan 
46.875, 87.875, 1.448439058426802e-23, nan 
47.125, 87.875, 1.537058618483403e-23, nan 
47.375, 87.875, 1.663503517741269e-23, nan 
47.625, 87.875, 1.766739943458622e-23, nan 
47.875, 87.875, 1.6233614859700496e-23, nan 
48.125, 87.875, 1.415977164068388e-23, nan 
48.375, 87.875, 1.0671054701390448e-23, nan 
48.625, 87.875, 7.930742708000532e-24, nan 
48.875, 87.875, 1.1881343196632217e-23, nan 
49.125, 87.875, 1.6248070041244833e-23, nan 
49.375, 87.875, 1.863756569596864e-23, nan 
49.625, 87.875, 1.7829786195562932e-23, nan 
49.875, 87.875, 1.5328130759077688e-23, nan 
50.125, 87.875, 1.1454948783809871e-23, nan 
50.375, 87.875, 7.376289429476877e-24, nan 
50.625, 87.875, 7.065408832308415e-24, nan 
50.875, 87.875, 8.330079248155155e-24, nan 
51.125, 87.875, 6.473357298236827e-24, nan 
51.375, 87.875, 6.070856283475752e-24, nan 
51.625, 87.875, 5.986677456510103e-24, nan 
51.875, 87.875, 6.4719934362211685e-24, nan 
52.125, 87.875, 6.80968433504537e-24, nan 
52.375, 87.875, 7.114210657811878e-24, nan 
52.625, 87.875, 7.90231425124366e-24, nan 
52.875, 87.875, 8.527163267251445e-24, nan 
53.125, 87.875, 7.590560354154962e-24, nan 
53.375, 87.875, 9.28520978198714e-24, nan 
53.625, 87.875, 1.4413761377554204e-23, nan 
53.875, 87.875, 1.6991197405977322e-23, nan 
54.125, 87.875, 1.9643495240400864e-23, nan 
54.375, 87.875, 2.254584352629026e-23, nan 
54.625, 87.875, 1.925353603708196e-23, nan 
54.875, 87.875, 1.3369176592949712e-23, nan 
55.125, 87.875, 4.730353805246737e-24, nan 
55.375, 87.875, 6.4201464707954854e-24, nan 
55.625, 87.875, 7.333618186712116e-24, nan 
55.875, 87.875, 9.008420713913763e-24, nan 
56.125, 87.875, 1.3794718166621633e-23, nan 
56.375, 87.875, 2.032720637075108e-23, nan 
56.625, 87.875, 2.2432540062839824e-23, nan 
56.875, 87.875, 1.9941393005546988e-23, nan 
57.125, 87.875, 1.9050034750956958e-23, nan 
57.375, 87.875, 2.010842918759571e-23, nan 
57.625, 87.875, 2.0903859901226716e-23, nan 
57.875, 87.875, 2.175524691183307e-23, nan 
58.125, 87.875, 2.2621898820482461e-23, nan 
58.375, 87.875, 2.4416871349590895e-23, nan 
58.625, 87.875, 2.68606331114272e-23, nan 
58.875, 87.875, 2.608140543737518e-23, nan 
59.125, 87.875, 2.5685337394557862e-23, nan 
59.375, 87.875, 2.4309530559319128e-23, nan 
59.625, 87.875, 2.321439075955888e-23, nan 
59.875, 87.875, 2.115316759653902e-23, nan 
60.125, 87.875, 1.9600674977434586e-23, nan 
60.375, 87.875, 1.928010948004568e-23, nan 
60.625, 87.875, 1.980499328912275e-23, nan 
60.875, 87.875, 1.2529819239080194e-23, nan 
61.125, 87.875, 1.9596770810702104e-23, nan 
61.375, 87.875, 1.981101355638065e-23, nan 
61.625, 87.875, 2.09753849333464e-23, nan 
61.875, 87.875, 1.9891155614804987e-23, nan 
62.125, 87.875, 1.9608662385893225e-23, nan 
62.375, 87.875, 1.8369582917916703e-23, nan 
62.625, 87.875, 1.7625699598895437e-23, nan 
62.875, 87.875, 2.2443660571080782e-23, nan 
63.125, 87.875, 3.47100021664636e-23, nan 
63.375, 87.875, 3.237226723068506e-23, nan 
63.625, 87.875, 2.5268757849984742e-23, nan 
63.875, 87.875, 2.1904858425526812e-23, nan 
64.125, 87.875, 2.707075046913709e-23, nan 
64.375, 87.875, 3.929494395040254e-23, nan 
64.625, 87.875, 4.413834469918842e-23, nan 
64.875, 87.875, 4.867616588167728e-23, nan 
65.125, 87.875, 6.064296863331604e-23, nan 
65.375, 87.875, 5.820304908521619e-23, nan 
65.625, 87.875, 5.420513916674036e-23, nan 
65.875, 87.875, 5.356006535250673e-23, nan 
66.125, 87.875, 5.317822647250115e-23, nan 
66.375, 87.875, 5.327670170802106e-23, nan 
66.625, 87.875, 5.393943296723802e-23, nan 
66.875, 87.875, 4.7329499515610866e-23, nan 
67.125, 87.875, 4.6621833516224847e-23, nan 
67.375, 87.875, 4.1417020631182953e-23, nan 
67.625, 87.875, 2.4428746461317733e-23, nan 
67.875, 87.875, 3.848751035522675e-23, nan 
68.125, 87.875, 4.178709116754962e-23, nan 
68.375, 87.875, 4.8844563574095105e-23, nan 
68.625, 87.875, 4.9278641659415274e-23, nan 
68.875, 87.875, 5.116880867041529e-23, nan 
69.125, 87.875, 5.0484259773077937e-23, nan 
69.375, 87.875, 2.8760107322284755e-23, nan 
69.625, 87.875, 2.9824187200049905e-23, nan 
69.875, 87.875, 3.0129852066128594e-23, nan 
70.125, 87.875, 3.2755636822447614e-23, nan 
70.375, 87.875, 3.228690579120905e-23, nan 
70.625, 87.875, 3.05006920913336e-23, nan 
70.875, 87.875, 3.0219652953952763e-23, nan 
71.125, 87.875, 5.225777152166601e-23, nan 
71.375, 87.875, 5.682383352205724e-23, nan 
71.625, 87.875, 6.037723760555156e-23, nan 
71.875, 87.875, 6.057818455524741e-23, nan 
72.125, 87.875, 4.364470665033148e-23, nan 
72.375, 87.875, 4.187274988708651e-23, nan 
72.625, 87.875, 4.171930991304475e-23, nan 
72.875, 87.875, 3.916496623246214e-23, nan 
73.125, 87.875, 3.8746860496997343e-23, nan 
73.375, 87.875, 4.3664199367094854e-23, nan 
73.625, 87.875, 3.4085852709217207e-23, nan 
73.875, 87.875, 3.148681089602457e-23, nan 
74.125, 87.875, 3.71986961525681e-23, nan 
74.375, 87.875, 3.5004826844274254e-23, nan 
74.625, 87.875, 3.6782425329477613e-23, nan 
74.875, 87.875, 3.743336853669746e-23, nan 
75.125, 87.875, 3.891877876971857e-23, nan 
75.375, 87.875, 3.691628264251862e-23, nan 
75.625, 87.875, 3.487580404002142e-23, nan 
75.875, 87.875, 3.457806628950052e-23, nan 
76.125, 87.875, 1.0466804952887755e-23, nan 
76.375, 87.875, 1.670440908437303e-23, nan 
76.625, 87.875, 2.0824629675096336e-23, nan 
76.875, 87.875, 2.8094118850675575e-23, nan 
77.125, 87.875, 2.894578703915598e-23, nan 
77.375, 87.875, 2.5919908622513287e-23, nan 
77.625, 87.875, 1.4866648495756934e-23, nan 
77.875, 87.875, 1.5765029701856107e-23, nan 
78.125, 87.875, 2.026498603040976e-23, nan 
78.375, 87.875, 2.5617886011334435e-23, nan 
78.625, 87.875, 2.971891389508028e-23, nan 
78.875, 87.875, 2.4466634464758886e-23, nan 
79.125, 87.875, 2.096503060284984e-23, nan 
79.375, 87.875, 2.0078425519095097e-23, nan 
79.625, 87.875, 1.7168808205106944e-23, nan 
79.875, 87.875, 1.0385533019578141e-23, nan 
80.125, 87.875, 8.618359225259506e-24, nan 
80.375, 87.875, 8.250121964680833e-24, nan 
80.625, 87.875, 8.830414970045898e-24, nan 
80.875, 87.875, 1.6105630186762328e-23, nan 
81.125, 87.875, 1.8629341526620935e-23, nan 
81.375, 87.875, 1.9076314591858825e-23, nan 
81.625, 87.875, 1.7716151316269735e-23, nan 
81.875, 87.875, 1.7489359672136772e-23, nan 
82.125, 87.875, 1.7466299694932413e-23, nan 
82.375, 87.875, 1.1891249473082167e-23, nan 
82.625, 87.875, 1.4672223637883028e-23, nan 
82.875, 87.875, 1.7278283385170383e-23, nan 
83.125, 87.875, 1.7741395752662788e-23, nan 
83.375, 87.875, 1.9050246632194347e-23, nan 
83.625, 87.875, 2.0712852658609284e-23, nan 
83.875, 87.875, 2.020542581868541e-23, nan 
84.125, 87.875, 1.4302887733486432e-23, nan 
84.375, 87.875, 1.007509097126882e-23, nan 
84.625, 87.875, 8.726251153757602e-24, nan 
84.875, 87.875, 1.135934589803243e-23, nan 
85.125, 87.875, 1.3244965741349734e-23, nan 
85.375, 87.875, 1.7168977370511534e-23, nan 
85.625, 87.875, 2.3645256157313236e-23, nan 
85.875, 87.875, 2.455580978578482e-23, nan 
86.125, 87.875, 2.5825000439413918e-23, nan 
86.375, 87.875, 2.5302375293249575e-23, nan 
86.625, 87.875, 2.22338563794953e-23, nan 
86.875, 87.875, 1.2059957112014535e-23, nan 
87.125, 87.875, 1.0055004565898187e-23, nan 
87.375, 87.875, 1.1051794558895201e-23, nan 
87.625, 87.875, 1.483568955692598e-23, nan 
87.875, 87.875, 1.4838670172968975e-23, nan 
88.125, 87.875, 1.6212185802720278e-23, nan 
88.375, 87.875, 1.6656059724015314e-23, nan 
88.625, 87.875, 1.688721942200911e-23, nan 
88.875, 87.875, 1.8351497455581757e-23, nan 
89.125, 87.875, 2.3042975196290303e-23, nan 
89.375, 87.875, 2.327519293723612e-23, nan 
89.625, 87.875, 2.534549624245058e-23, nan 
89.875, 87.875, 2.733801542931966e-23, nan 
90.125, 87.875, 2.9217369267237553e-23, nan 
90.375, 87.875, 3.020526105843744e-23, nan 
90.625, 87.875, 2.995820527887123e-23, nan 
90.875, 87.875, 2.4780982749448415e-23, nan 
91.125, 87.875, 2.934032517963949e-23, nan 
91.375, 87.875, 2.942146044961171e-23, nan 
91.625, 87.875, 3.248801494204968e-23, nan 
91.875, 87.875, 3.200481553116076e-23, nan 
92.125, 87.875, 3.2474135999669254e-23, nan 
92.375, 87.875, 4.144937045494342e-23, nan 
92.625, 87.875, 5.901998108598043e-23, nan 
92.875, 87.875, 5.90608802410308e-23, nan 
93.125, 87.875, 5.1332097434988356e-23, nan 
93.375, 87.875, 3.93475474305545e-23, nan 
93.625, 87.875, 1.6459923587602313e-23, nan 
93.875, 87.875, 1.7324358199147264e-23, nan 
94.125, 87.875, 1.2486902793058032e-23, nan 
94.375, 87.875, 1.485076591173756e-23, nan 
94.625, 87.875, 1.71035969393801e-23, nan 
94.875, 87.875, 2.3102935692900245e-23, nan 
95.125, 87.875, 2.274444433719492e-23, nan 
95.375, 87.875, 2.3157748193950573e-23, nan 
95.625, 87.875, 2.4332219993250775e-23, nan 
95.875, 87.875, 2.2947286966975047e-23, nan 
96.125, 87.875, 2.925305628710418e-23, nan 
96.375, 87.875, 3.803932835111991e-23, nan 
96.625, 87.875, 4.713428082153485e-23, nan 
96.875, 87.875, 5.0791717919600475e-23, nan 
97.125, 87.875, 4.793249158896168e-23, nan 
97.375, 87.875, 4.573079681855856e-23, nan 
97.625, 87.875, 2.6215767378020304e-23, nan 
97.875, 87.875, 5.473028094545603e-23, nan 
98.125, 87.875, 5.559183617596969e-23, nan 
98.375, 87.875, 6.502559361168269e-23, nan 
98.625, 87.875, 6.389000310039277e-23, nan 
98.875, 87.875, 4.932913940122946e-23, nan 
99.125, 87.875, 3.9397393975502934e-23, nan 
99.375, 87.875, 4.874685772138068e-23, nan 
99.625, 87.875, 5.208442051914763e-23, nan 
99.875, 87.875, 4.7823286051687035e-23, nan 
100.125, 87.875, 4.045635958462606e-23, nan 
100.375, 87.875, 3.251852327330385e-23, nan 
100.625, 87.875, 3.657133659957101e-23, nan 
100.875, 87.875, 4.700123290909523e-23, nan 
101.125, 87.875, 4.0495931722539136e-23, nan 
101.375, 87.875, 4.1538297279155524e-23, nan 
101.625, 87.875, 5.1462863663061475e-23, nan 
101.875, 87.875, 5.451340988271768e-23, nan 
102.125, 87.875, 5.224059623252473e-23, nan 
102.375, 87.875, 4.610082852468669e-23, nan 
102.625, 87.875, 2.4957647884278297e-23, nan 
102.875, 87.875, 2.2285114415910908e-23, nan 
103.125, 87.875, 2.4043077480192092e-23, nan 
103.375, 87.875, 2.803307668926085e-23, nan 
103.625, 87.875, 2.969446091203198e-23, nan 
103.875, 87.875, 3.3887385994091133e-23, nan 
104.125, 87.875, 3.696642638639446e-23, nan 
104.375, 87.875, 3.234551804951414e-23, nan 
104.625, 87.875, 3.101761289325494e-23, nan 
104.875, 87.875, 3.384851164332421e-23, nan 
105.125, 87.875, 4.3003987958439825e-23, nan 
105.375, 87.875, 4.4722629164027473e-23, nan 
105.625, 87.875, 3.492359533331847e-23, nan 
105.875, 87.875, 2.740943905393679e-23, nan 
106.125, 87.875, 2.2125398047264286e-23, nan 
106.375, 87.875, 2.671818935134482e-23, nan 
106.625, 87.875, 3.099128728970164e-23, nan 
106.875, 87.875, 3.6855688700575706e-23, nan 
107.125, 87.875, 4.497195160474023e-23, nan 
107.375, 87.875, 4.475896614023901e-23, nan 
107.625, 87.875, 3.660373896608295e-23, nan 
107.875, 87.875, 3.445316143127583e-23, nan 
108.125, 87.875, 2.430860588833699e-23, nan 
108.375, 87.875, 1.3201626497235457e-23, nan 
108.625, 87.875, 1.1596243349872842e-23, nan 
108.875, 87.875, 1.1326112676019518e-23, nan 
109.125, 87.875, 9.896493980757566e-24, nan 
109.375, 87.875, 2.844022954541821e-24, nan 
109.625, 87.875, 5.031387811231875e-24, nan 
109.875, 87.875, 1.020262642709397e-23, nan 
110.125, 87.875, 1.8761414659269762e-23, nan 
110.375, 87.875, 1.129062228326753e-23, nan 
110.625, 87.875, 1.7052789866147898e-23, nan 
110.875, 87.875, 2.4656307081690782e-23, nan 
111.125, 87.875, 2.2749140215696248e-23, nan 
111.375, 87.875, 1.5896955213781855e-23, nan 
111.625, 87.875, 1.2316955243497671e-23, nan 
111.875, 87.875, 1.1544133666608164e-23, nan 
112.125, 87.875, 1.3872095880796857e-23, nan 
112.375, 87.875, 1.3043650219535024e-23, nan 
112.625, 87.875, 1.670483515378131e-23, nan 
112.875, 87.875, 2.6685139540268944e-23, nan 
113.125, 87.875, 3.481375100366382e-23, nan 
113.375, 87.875, 4.22334506739162e-23, nan 
113.625, 87.875, 4.7395840880202376e-23, nan 
113.875, 87.875, 5.142812605686298e-23, nan 
114.125, 87.875, 4.740280776302034e-23, nan 
114.375, 87.875, 3.552023661710891e-23, nan 
114.625, 87.875, 2.2986772281816097e-23, nan 
114.875, 87.875, 1.9246550763333005e-23, nan 
115.125, 87.875, 7.116596753416039e-24, nan 
115.375, 87.875, 7.071730503597012e-24, nan 
115.625, 87.875, 8.54156588997945e-24, nan 
115.875, 87.875, 1.1526127813755991e-23, nan 
116.125, 87.875, 1.3872505770217243e-23, nan 
116.375, 87.875, 1.318341121352406e-23, nan 
116.625, 87.875, 1.3076565372168072e-23, nan 
116.875, 87.875, 1.5139769780190566e-23, nan 
117.125, 87.875, 1.4155340891870415e-23, nan 
117.375, 87.875, 1.4261248936243303e-23, nan 
117.625, 87.875, 1.5719950443108163e-23, nan 
117.875, 87.875, 1.617598412306423e-23, nan 
118.125, 87.875, 1.7894179327201583e-23, nan 
118.375, 87.875, 1.694390711289131e-23, nan 
118.625, 87.875, 1.622172497404765e-23, nan 
118.875, 87.875, 2.1112019594049555e-23, nan 
119.125, 87.875, 2.0331492088942367e-23, nan 
119.375, 87.875, 2.142507139272123e-23, nan 
119.625, 87.875, 2.3449017381541296e-23, nan 
119.875, 87.875, 2.4453984409517275e-23, nan 
120.125, 87.875, 2.6435944764539014e-23, nan 
120.375, 87.875, 2.843926801179915e-23, nan 
120.625, 87.875, 3.176607734852886e-23, nan 
120.875, 87.875, 2.790614193339191e-23, nan 
121.125, 87.875, 2.1409502164720613e-23, nan 
121.375, 87.875, 1.7317050017774787e-23, nan 
121.625, 87.875, 1.9926155101913845e-23, nan 
121.875, 87.875, 1.7428715322526453e-23, nan 
122.125, 87.875, 1.6737143610386933e-23, nan 
122.375, 87.875, 1.8608189913937486e-23, nan 
122.625, 87.875, 2.2142636173253902e-23, nan 
122.875, 87.875, 2.1880906287110828e-23, nan 
123.125, 87.875, 1.508993372400771e-23, nan 
123.375, 87.875, 1.379977941866974e-23, nan 
123.625, 87.875, 1.208471069970132e-23, nan 
123.875, 87.875, 1.729682914744317e-23, nan 
124.125, 87.875, 1.506209267578747e-23, nan 
124.375, 87.875, 1.7021678674519885e-23, nan 
124.625, 87.875, 1.462770243099228e-23, nan 
124.875, 87.875, 2.768078867900587e-23, nan 
125.125, 87.875, 2.5783361862486163e-23, nan 
125.375, 87.875, 1.9031970545805337e-23, nan 
125.625, 87.875, 1.7044949295735438e-23, nan 
125.875, 87.875, 1.8977147973272257e-23, nan 
126.125, 87.875, 2.1202251175465967e-23, nan 
126.375, 87.875, 2.2151060178180857e-23, nan 
126.625, 87.875, 2.421558247942234e-23, nan 
126.875, 87.875, 2.6205583385535874e-23, nan 
127.125, 87.875, 2.493726847108523e-23, nan 
127.375, 87.875, 2.44234891247974e-23, nan 
127.625, 87.875, 1.8623983147658567e-23, nan 
127.875, 87.875, 1.668846003786448e-23, nan 
128.125, 87.875, 1.570197769351034e-23, nan 
128.375, 87.875, 1.6938328046257725e-23, nan 
128.625, 87.875, 2.420496219848054e-23, nan 
128.875, 87.875, 2.9706971234034365e-23, nan 
129.125, 87.875, 3.313289099811506e-23, nan 
129.375, 87.875, 2.844080237313659e-23, nan 
129.625, 87.875, 2.313473413367298e-23, nan 
129.875, 87.875, 1.7472278238756298e-23, nan 
130.125, 87.875, 2.0234182037155806e-23, nan 
130.375, 87.875, 2.0668245837992588e-23, nan 
130.625, 87.875, 2.239950991457339e-23, nan 
130.875, 87.875, 2.0025821646626833e-23, nan 
131.125, 87.875, 1.6227072149887074e-23, nan 
131.375, 87.875, 1.3086166849093209e-23, nan 
131.625, 87.875, 1.6529625251344312e-23, nan 
131.875, 87.875, 1.4118539301777325e-23, nan 
132.125, 87.875, 2.1165358158268476e-23, nan 
132.375, 87.875, 1.2082527424834861e-23, nan 
132.625, 87.875, 1.1626666016859133e-23, nan 
132.875, 87.875, 1.0082935917942681e-23, nan 
133.125, 87.875, 1.1928277874405292e-23, nan 
133.375, 87.875, 1.3176609829704467e-23, nan 
133.625, 87.875, 9.10182079513241e-24, nan 
133.875, 87.875, 1.4386014939710965e-23, nan 
134.125, 87.875, 2.3997637113477155e-23, nan 
134.375, 87.875, 2.9617163326312416e-23, nan 
134.625, 87.875, 3.1257727325646115e-23, nan 
134.875, 87.875, 3.3471251224744703e-23, nan 
135.125, 87.875, 3.362824016145407e-23, nan 
135.375, 87.875, 3.309906358995305e-23, nan 
135.625, 87.875, 4.1081374726284964e-23, nan 
135.875, 87.875, 4.589314095491183e-23, nan 
136.125, 87.875, 3.9819863699620967e-23, nan 
136.375, 87.875, 2.727912990918372e-23, nan 
136.625, 87.875, 1.4021650820487076e-23, nan 
136.875, 87.875, 2.2487720011878214e-23, nan 
137.125, 87.875, 2.1337375600957054e-23, nan 
137.375, 87.875, 3.0978357474088737e-23, nan 
137.625, 87.875, 4.634054085151065e-23, nan 
137.875, 87.875, 3.8430892717923e-23, nan 
138.125, 87.875, 3.2766430569910584e-23, nan 
138.375, 87.875, 3.144505212860341e-23, nan 
138.625, 87.875, 3.1536957416400975e-23, nan 
138.875, 87.875, 3.325299972607188e-23, nan 
139.125, 87.875, 3.343197442514026e-23, nan 
139.375, 87.875, 3.558073722304725e-23, nan 
139.625, 87.875, 3.797755674931189e-23, nan 
139.875, 87.875, 3.393045787267644e-23, nan 
140.125, 87.875, 3.0054213769117976e-23, nan 
140.375, 87.875, 2.767680849863641e-23, nan 
140.625, 87.875, 2.969297944357737e-23, nan 
140.875, 87.875, 3.036553192639846e-23, nan 
141.125, 87.875, 3.0700802818858765e-23, nan 
141.375, 87.875, 3.133700775155319e-23, nan 
141.625, 87.875, 1.8993583701113543e-23, nan 
141.875, 87.875, 2.0016589224662518e-23, nan 
142.125, 87.875, 3.551516351345216e-23, nan 
142.375, 87.875, 4.0421071713789783e-23, nan 
142.625, 87.875, 4.451332249346829e-23, nan 
142.875, 87.875, 3.127417058314583e-23, nan 
143.125, 87.875, 3.1982372203550887e-23, nan 
143.375, 87.875, 2.7889801558054575e-23, nan 
143.625, 87.875, 3.033771418960474e-23, nan 
143.875, 87.875, 3.0604457247107816e-23, nan 
144.125, 87.875, 3.7084839867526525e-23, nan 
144.375, 87.875, 2.879504260359988e-23, nan 
144.625, 87.875, 2.5952345801532982e-23, nan 
144.875, 87.875, 1.6780151711601164e-23, nan 
145.125, 87.875, 1.2774898345374127e-23, nan 
145.375, 87.875, 2.254141671605945e-23, nan 
145.625, 87.875, 2.394470675506975e-23, nan 
145.875, 87.875, 1.8463464530483984e-23, nan 
146.125, 87.875, 4.246469029705492e-23, nan 
146.375, 87.875, 4.6870451123919577e-23, nan 
146.625, 87.875, 4.3540476123113875e-23, nan 
146.875, 87.875, 3.384156842129908e-23, nan 
147.125, 87.875, 3.262434342458147e-23, nan 
147.375, 87.875, 3.2393709644062487e-23, nan 
147.625, 87.875, 4.0519211646170626e-23, nan 
147.875, 87.875, 4.186473587838375e-23, nan 
148.125, 87.875, 4.2418225321550206e-23, nan 
148.375, 87.875, 4.0823310837318637e-23, nan 
148.625, 87.875, 2.5287652803443144e-23, nan 
148.875, 87.875, 4.095419351784e-23, nan 
149.125, 87.875, 4.026863713501375e-23, nan 
149.375, 87.875, 4.4492000848117963e-23, nan 
149.625, 87.875, 2.749203986954933e-23, nan 
149.875, 87.875, 4.002208747925995e-23, nan 
150.125, 87.875, 4.134227910980205e-23, nan 
150.375, 87.875, 4.5836040533732187e-23, nan 
150.625, 87.875, 4.712486190968943e-23, nan 
150.875, 87.875, 4.6005609308438483e-23, nan 
151.125, 87.875, 3.4379690948927134e-23, nan 
151.375, 87.875, 2.3771283227683194e-23, nan 
151.625, 87.875, 1.4844859692328952e-23, nan 
151.875, 87.875, 1.2500401682991157e-23, nan 
152.125, 87.875, 1.9046312106620093e-23, nan 
152.375, 87.875, 2.0533135745579803e-23, nan 
152.625, 87.875, 1.486263718782338e-23, nan 
152.875, 87.875, 2.762565891681984e-23, nan 
153.125, 87.875, 2.9859934463989615e-23, nan 
153.375, 87.875, 2.4075809856680894e-23, nan 
153.625, 87.875, 2.175523890247604e-23, nan 
153.875, 87.875, 2.516062407650205e-23, nan 
154.125, 87.875, 2.7874573389521787e-23, nan 
154.375, 87.875, 3.8899299468952684e-23, nan 
154.625, 87.875, 4.196558585536859e-23, nan 
154.875, 87.875, 4.1332358989846423e-23, nan 
155.125, 87.875, 4.691581097263613e-23, nan 
155.375, 87.875, 2.4253666869613882e-23, nan 
155.625, 87.875, 3.308157541184116e-23, nan 
155.875, 87.875, 2.6449833938103233e-23, nan 
156.125, 87.875, 2.562412002751489e-23, nan 
156.375, 87.875, 2.846234886860963e-23, nan 
156.625, 87.875, 2.6917867782518217e-23, nan 
156.875, 87.875, 2.8069339319980524e-23, nan 
157.125, 87.875, 2.4864001093111963e-23, nan 
157.375, 87.875, 2.914235201697562e-23, nan 
157.625, 87.875, 2.9544188220005766e-23, nan 
157.875, 87.875, 3.273480680701321e-23, nan 
158.125, 87.875, 2.776761125613794e-23, nan 
158.375, 87.875, 2.0857111022961237e-23, nan 
158.625, 87.875, 1.4820542698844304e-23, nan 
158.875, 87.875, 1.7092019820529976e-23, nan 
159.125, 87.875, 1.9973376057033022e-23, nan 
159.375, 87.875, 2.5053157922004337e-23, nan 
159.625, 87.875, 2.4310658833774267e-23, nan 
159.875, 87.875, 2.1388084161353958e-23, nan 
160.125, 87.875, 1.7392981233032342e-23, nan 
160.375, 87.875, 1.656779377158392e-23, nan 
160.625, 87.875, 1.9021109865013112e-23, nan 
160.875, 87.875, 1.5351675314886763e-23, nan 
161.125, 87.875, 1.6109539154618158e-23, nan 
161.375, 87.875, 1.6599862883385743e-23, nan 
161.625, 87.875, 1.6771056508650513e-23, nan 
161.875, 87.875, 1.6668917291172382e-23, nan 
162.125, 87.875, 2.0958220316584976e-23, nan 
162.375, 87.875, 2.2005614107270767e-23, nan 
162.625, 87.875, 2.347785529467044e-23, nan 
162.875, 87.875, 3.104319067092488e-23, nan 
163.125, 87.875, 3.4664824696466686e-23, nan 
163.375, 87.875, 3.7981860363010436e-23, nan 
163.625, 87.875, 4.198288953863598e-23, nan 
163.875, 87.875, 4.391079559653348e-23, nan 
164.125, 87.875, 4.2248937781321387e-23, nan 
164.375, 87.875, 4.003268186021773e-23, nan 
164.625, 87.875, 3.4722421060589954e-23, nan 
164.875, 87.875, 2.8102968589842323e-23, nan 
165.125, 87.875, 1.8729289971133686e-23, nan 
165.375, 87.875, 1.5943480343805252e-23, nan 
165.625, 87.875, 1.2448337253227543e-23, nan 
165.875, 87.875, 1.9181134002955545e-23, nan 
166.125, 87.875, 3.0606830553902974e-23, nan 
166.375, 87.875, 2.8060072470066527e-23, nan 
166.625, 87.875, 1.879150807133159e-23, nan 
166.875, 87.875, 1.6770691844014726e-23, nan 
167.125, 87.875, 1.921317208246981e-23, nan 
167.375, 87.875, 2.361484613685417e-23, nan 
167.625, 87.875, 2.5741630383924342e-23, nan 
167.875, 87.875, 2.430886890698115e-23, nan 
168.125, 87.875, 2.3237848641444748e-23, nan 
168.375, 87.875, 2.3224927118295884e-23, nan 
168.625, 87.875, 2.1336327506017736e-23, nan 
168.875, 87.875, 2.833651280855724e-23, nan 
169.125, 87.875, 2.797938328753457e-23, nan 
169.375, 87.875, 2.479120923508624e-23, nan 
169.625, 87.875, 2.923342185161875e-23, nan 
169.875, 87.875, 2.5261920824682653e-23, nan 
170.125, 87.875, 2.5046973267988856e-23, nan 
170.375, 87.875, 2.3325076530537095e-23, nan 
170.625, 87.875, 2.6250771613322357e-23, nan 
170.875, 87.875, 2.6504898809051784e-23, nan 
171.125, 87.875, 2.6170116055423106e-23, nan 
171.375, 87.875, 3.1197803903335703e-23, nan 
171.625, 87.875, 3.172848781488751e-23, nan 
171.875, 87.875, 2.668270754008813e-23, nan 
172.125, 87.875, 1.9420471139135797e-23, nan 
172.375, 87.875, 1.504677169224851e-23, nan 
172.625, 87.875, 1.300496812968857e-23, nan 
172.875, 87.875, 1.6075975209262654e-23, nan 
173.125, 87.875, 1.4397908453532786e-23, nan 
173.375, 87.875, 1.34232529975189e-23, nan 
173.625, 87.875, 1.7627221105543324e-23, nan 
173.875, 87.875, 1.734766161397864e-23, nan 
174.125, 87.875, 1.6617967250258542e-23, nan 
174.375, 87.875, 1.6221574016212152e-23, nan 
174.625, 87.875, 1.6207839162972076e-23, nan 
174.875, 87.875, 1.849483228974068e-23, nan 
175.125, 87.875, 2.695913390798177e-23, nan 
175.375, 87.875, 3.063089164502796e-23, nan 
175.625, 87.875, 3.6494068734820106e-23, nan 
175.875, 87.875, 3.496524551873863e-23, nan 
176.125, 87.875, 2.7661931142128046e-23, nan 
176.375, 87.875, 3.657342433100543e-23, nan 
176.625, 87.875, 2.834307977137335e-23, nan 
176.875, 87.875, 2.719998453720061e-23, nan 
177.125, 87.875, 1.8491277282169704e-23, nan 
177.375, 87.875, 2.1373436680058143e-23, nan 
177.625, 87.875, 2.5288754187286706e-23, nan 
177.875, 87.875, 2.89652457574623e-23, nan 
178.125, 87.875, 3.546261954721702e-23, nan 
178.375, 87.875, 4.3412710058323797e-23, nan 
178.625, 87.875, 4.116735894332684e-23, nan 
178.875, 87.875, 3.160809656714045e-23, nan 
179.125, 87.875, 2.2660570438536868e-23, nan 
179.375, 87.875, 1.489911526757324e-23, nan 
179.625, 87.875, 1.1511432164441728e-23, nan 
179.875, 87.875, 1.0524410056252596e-23, nan 
-179.875, 88.125, 6.129882661830671e-24, nan 
-179.625, 88.125, 3.89326417304202e-24, nan 
-179.375, 88.125, 4.669118113510369e-24, nan 
-179.125, 88.125, 4.319373828766346e-24, nan 
-178.875, 88.125, 4.9762941659729755e-24, nan 
-178.625, 88.125, 6.249322282568904e-24, nan 
-178.375, 88.125, 5.806017304840347e-24, nan 
-178.125, 88.125, 7.471889343614102e-24, nan 
-177.875, 88.125, 6.1795747057802944e-24, nan 
-177.625, 88.125, 5.746295722668862e-24, nan 
-177.375, 88.125, 5.408253379248175e-24, nan 
-177.125, 88.125, 6.712449866360109e-24, nan 
-176.875, 88.125, 6.754537680252937e-24, nan 
-176.625, 88.125, 6.547502041122066e-24, nan 
-176.375, 88.125, 6.895205636085346e-24, nan 
-176.125, 88.125, 6.96905433000146e-24, nan 
-175.875, 88.125, 7.02095111093029e-24, nan 
-175.625, 88.125, 7.172785309733769e-24, nan 
-175.375, 88.125, 6.976354178904017e-24, nan 
-175.125, 88.125, 7.046016425623508e-24, nan 
-174.875, 88.125, 5.930117378527049e-24, nan 
-174.625, 88.125, 4.3555046612558715e-24, nan 
-174.375, 88.125, 4.2846050256667e-24, nan 
-174.125, 88.125, 4.203796745416533e-24, nan 
-173.875, 88.125, 4.038661791745802e-24, nan 
-173.625, 88.125, 4.073686770618157e-24, nan 
-173.375, 88.125, 3.617799423462278e-24, nan 
-173.125, 88.125, 4.244649455190229e-24, nan 
-172.875, 88.125, 4.3201033807598544e-24, nan 
-172.625, 88.125, 4.6194675223681894e-24, nan 
-172.375, 88.125, 4.404919381415273e-24, nan 
-172.125, 88.125, 5.120612787389322e-24, nan 
-171.875, 88.125, 3.989077890235125e-24, nan 
-171.625, 88.125, 4.222606271691848e-24, nan 
-171.375, 88.125, 4.133365515407446e-24, nan 
-171.125, 88.125, 4.711290161656711e-24, nan 
-170.875, 88.125, 5.177757824275898e-24, nan 
-170.625, 88.125, 4.815136729907813e-24, nan 
-170.375, 88.125, 5.542255853773863e-24, nan 
-170.125, 88.125, 6.0007351332767416e-24, nan 
-169.875, 88.125, 6.674369356995111e-24, nan 
-169.625, 88.125, 7.693920069282768e-24, nan 
-169.375, 88.125, 9.035636756753302e-24, nan 
-169.125, 88.125, 9.626673246308251e-24, nan 
-168.875, 88.125, 9.972547864485236e-24, nan 
-168.625, 88.125, 1.064236391259356e-23, nan 
-168.375, 88.125, 1.0927986655041347e-23, nan 
-168.125, 88.125, 1.0419050363223579e-23, nan 
-167.875, 88.125, 9.303439285541752e-24, nan 
-167.625, 88.125, 7.957439565221266e-24, nan 
-167.375, 88.125, 6.021256871099992e-24, nan 
-167.125, 88.125, 4.848870881120868e-24, nan 
-166.875, 88.125, 3.2588864992712767e-24, nan 
-166.625, 88.125, 2.4468670658928217e-24, nan 
-166.375, 88.125, 2.8819972546006832e-24, nan 
-166.125, 88.125, 3.352808680333022e-24, nan 
-165.875, 88.125, 4.153024156889121e-24, nan 
-165.625, 88.125, 6.12913306481863e-24, nan 
-165.375, 88.125, 5.146610896954564e-24, nan 
-165.125, 88.125, 4.8941632600825106e-24, nan 
-164.875, 88.125, 5.429382690823833e-24, nan 
-164.625, 88.125, 5.977567964402273e-24, nan 
-164.375, 88.125, 5.237805119763941e-24, nan 
-164.125, 88.125, 5.263845639653843e-24, nan 
-163.875, 88.125, 4.638194027783574e-24, nan 
-163.625, 88.125, 5.343452271676399e-24, nan 
-163.375, 88.125, 6.187911663178929e-24, nan 
-163.125, 88.125, 6.3177661196166926e-24, nan 
-162.875, 88.125, 6.624761521564844e-24, nan 
-162.625, 88.125, 7.141163057925115e-24, nan 
-162.375, 88.125, 8.69806473876161e-24, nan 
-162.125, 88.125, 9.964459193680651e-24, nan 
-161.875, 88.125, 1.063998100519545e-23, nan 
-161.625, 88.125, 1.2259803545337392e-23, nan 
-161.375, 88.125, 1.3598006362208387e-23, nan 
-161.125, 88.125, 1.4656147280594647e-23, nan 
-160.875, 88.125, 1.5154590278110785e-23, nan 
-160.625, 88.125, 1.54648944563972e-23, nan 
-160.375, 88.125, 1.5435599950235086e-23, nan 
-160.125, 88.125, 1.3267635028773282e-23, nan 
-159.875, 88.125, 1.2290027609658644e-23, nan 
-159.625, 88.125, 1.0117830985754292e-23, nan 
-159.375, 88.125, 8.436832663439948e-24, nan 
-159.125, 88.125, 7.116180129406618e-24, nan 
-158.875, 88.125, 6.547772592184553e-24, nan 
-158.625, 88.125, 7.51227937543498e-24, nan 
-158.375, 88.125, 8.221923778671305e-24, nan 
-158.125, 88.125, 1.1284536579716963e-23, nan 
-157.875, 88.125, 1.6474459877479814e-23, nan 
-157.625, 88.125, 1.5121620138277028e-23, nan 
-157.375, 88.125, 1.426872719865811e-23, nan 
-157.125, 88.125, 1.1901353844033747e-23, nan 
-156.875, 88.125, 1.0570170507028001e-23, nan 
-156.625, 88.125, 9.906543402259167e-24, nan 
-156.375, 88.125, 1.002223895403847e-23, nan 
-156.125, 88.125, 1.1049915735368882e-23, nan 
-155.875, 88.125, 1.2757889883413992e-23, nan 
-155.625, 88.125, 1.3585013365129184e-23, nan 
-155.375, 88.125, 1.2997811514101716e-23, nan 
-155.125, 88.125, 1.1599448621964522e-23, nan 
-154.875, 88.125, 1.0429905022413923e-23, nan 
-154.625, 88.125, 9.570700546798628e-24, nan 
-154.375, 88.125, 9.287164547302785e-24, nan 
-154.125, 88.125, 9.69665795361957e-24, nan 
-153.875, 88.125, 1.0471905188811267e-23, nan 
-153.625, 88.125, 1.1182927761116693e-23, nan 
-153.375, 88.125, 1.1836269579142043e-23, nan 
-153.125, 88.125, 1.2151270430793634e-23, nan 
-152.875, 88.125, 1.2386369810533606e-23, nan 
-152.625, 88.125, 1.2236635238078101e-23, nan 
-152.375, 88.125, 1.0518685080795049e-23, nan 
-152.125, 88.125, 9.886073317186856e-24, nan 
-151.875, 88.125, 8.10660705908284e-24, nan 
-151.625, 88.125, 6.812852505897455e-24, nan 
-151.375, 88.125, 5.825560826525951e-24, nan 
-151.125, 88.125, 5.8153446785839805e-24, nan 
-150.875, 88.125, 6.722356197481005e-24, nan 
-150.625, 88.125, 6.827602765366935e-24, nan 
-150.375, 88.125, 8.46624566445279e-24, nan 
-150.125, 88.125, 1.1081568280490183e-23, nan 
-149.875, 88.125, 1.0748621345235127e-23, nan 
-149.625, 88.125, 1.0923664458993707e-23, nan 
-149.375, 88.125, 8.655213372765351e-24, nan 
-149.125, 88.125, 8.397485006693081e-24, nan 
-148.875, 88.125, 8.73462193244003e-24, nan 
-148.625, 88.125, 9.516195543356e-24, nan 
-148.375, 88.125, 1.0279538198505905e-23, nan 
-148.125, 88.125, 1.1343776437395019e-23, nan 
-147.875, 88.125, 9.092673814411332e-24, nan 
-147.625, 88.125, 8.486511829196971e-24, nan 
-147.375, 88.125, 8.584328515044544e-24, nan 
-147.125, 88.125, 6.69136939822027e-24, nan 
-146.875, 88.125, 4.389112978904269e-24, nan 
-146.625, 88.125, 5.309486853883589e-24, nan 
-146.375, 88.125, 7.665361392023267e-24, nan 
-146.125, 88.125, 8.687994859693553e-24, nan 
-145.875, 88.125, 8.79417536138252e-24, nan 
-145.625, 88.125, 7.860879606053404e-24, nan 
-145.375, 88.125, 4.470610244518084e-24, nan 
-145.125, 88.125, 4.5150935432829134e-24, nan 
-144.875, 88.125, 4.036205315178975e-24, nan 
-144.625, 88.125, 4.5090155622621336e-24, nan 
-144.375, 88.125, 3.843079141082171e-24, nan 
-144.125, 88.125, 3.872260924606462e-24, nan 
-143.875, 88.125, 4.066295275340546e-24, nan 
-143.625, 88.125, 4.1769610696105874e-24, nan 
-143.375, 88.125, 4.521298204833749e-24, nan 
-143.125, 88.125, 4.7153109502929275e-24, nan 
-142.875, 88.125, 5.2803841713160494e-24, nan 
-142.625, 88.125, 6.0513054909221e-24, nan 
-142.375, 88.125, 6.037262419948643e-24, nan 
-142.125, 88.125, 7.036806720717516e-24, nan 
-141.875, 88.125, 6.829421374389748e-24, nan 
-141.625, 88.125, 6.5359462525517226e-24, nan 
-141.375, 88.125, 6.2883169377083804e-24, nan 
-141.125, 88.125, 6.212427605053853e-24, nan 
-140.875, 88.125, 5.954713444745789e-24, nan 
-140.625, 88.125, 5.757219752428003e-24, nan 
-140.375, 88.125, 5.450644928310589e-24, nan 
-140.125, 88.125, 5.321734763657078e-24, nan 
-139.875, 88.125, 4.868370673334391e-24, nan 
-139.625, 88.125, 4.759874021133251e-24, nan 
-139.375, 88.125, 5.2654352407566534e-24, nan 
-139.125, 88.125, 4.486250074568075e-24, nan 
-138.875, 88.125, 4.151231161158779e-24, nan 
-138.625, 88.125, 3.786029318100885e-24, nan 
-138.375, 88.125, 5.64024763731598e-24, nan 
-138.125, 88.125, 5.9963019670824035e-24, nan 
-137.875, 88.125, 6.198509825685941e-24, nan 
-137.625, 88.125, 4.6594136743828535e-24, nan 
-137.375, 88.125, 4.3928978020169474e-24, nan 
-137.125, 88.125, 4.426812911424867e-24, nan 
-136.875, 88.125, 4.461726944909111e-24, nan 
-136.625, 88.125, 4.2064106202004034e-24, nan 
-136.375, 88.125, 3.926982240042802e-24, nan 
-136.125, 88.125, 4.3089934929916745e-24, nan 
-135.875, 88.125, 3.343295240990685e-24, nan 
-135.625, 88.125, 3.472603856025761e-24, nan 
-135.375, 88.125, 6.134389742383629e-24, nan 
-135.125, 88.125, 4.143379965086536e-24, nan 
-134.875, 88.125, 4.564333951471321e-24, nan 
-134.625, 88.125, 6.315839438471991e-24, nan 
-134.375, 88.125, 6.504610454667621e-24, nan 
-134.125, 88.125, 7.224167647676156e-24, nan 
-133.875, 88.125, 8.563149972785404e-24, nan 
-133.625, 88.125, 7.516412166114995e-24, nan 
-133.375, 88.125, 6.421092637126206e-24, nan 
-133.125, 88.125, 5.6094013826555554e-24, nan 
-132.875, 88.125, 5.237031924949755e-24, nan 
-132.625, 88.125, 5.249418109817305e-24, nan 
-132.375, 88.125, 4.425004789162718e-24, nan 
-132.125, 88.125, 2.4333529460923705e-24, nan 
-131.875, 88.125, 3.310960559142741e-24, nan 
-131.625, 88.125, 4.147534142048992e-24, nan 
-131.375, 88.125, 4.117126641294618e-24, nan 
-131.125, 88.125, 4.202505403469581e-24, nan 
-130.875, 88.125, 4.240845508643201e-24, nan 
-130.625, 88.125, 4.028010357737047e-24, nan 
-130.375, 88.125, 3.8779593825777304e-24, nan 
-130.125, 88.125, 3.812694833460896e-24, nan 
-129.875, 88.125, 3.2388275172032237e-24, nan 
-129.625, 88.125, 3.9729990485309114e-24, nan 
-129.375, 88.125, 4.463415128502398e-24, nan 
-129.125, 88.125, 4.593065404832735e-24, nan 
-128.875, 88.125, 5.0033922978137555e-24, nan 
-128.625, 88.125, 6.093981458367902e-24, nan 
-128.375, 88.125, 6.73319601530984e-24, nan 
-128.125, 88.125, 5.0620345584834785e-24, nan 
-127.875, 88.125, 4.221468989710072e-24, nan 
-127.625, 88.125, 4.3320254551419596e-24, nan 
-127.375, 88.125, 4.515110849493863e-24, nan 
-127.125, 88.125, 4.2853835040545864e-24, nan 
-126.875, 88.125, 3.634217773792414e-24, nan 
-126.625, 88.125, 3.2235990277308255e-24, nan 
-126.375, 88.125, 3.1440936271448757e-24, nan 
-126.125, 88.125, 3.0963981758240345e-24, nan 
-125.875, 88.125, 3.3014028387286017e-24, nan 
-125.625, 88.125, 3.5013957458390365e-24, nan 
-125.375, 88.125, 3.442760174676504e-24, nan 
-125.125, 88.125, 3.675993269759725e-24, nan 
-124.875, 88.125, 3.487607426836491e-24, nan 
-124.625, 88.125, 3.379769210179385e-24, nan 
-124.375, 88.125, 3.318600160046121e-24, nan 
-124.125, 88.125, 2.448417364126641e-24, nan 
-123.875, 88.125, 2.3250200718419797e-24, nan 
-123.625, 88.125, 2.945537534898435e-24, nan 
-123.375, 88.125, 3.089202283932521e-24, nan 
-123.125, 88.125, 3.140740319740129e-24, nan 
-122.875, 88.125, 3.1493024019102713e-24, nan 
-122.625, 88.125, 3.1037382670763335e-24, nan 
-122.375, 88.125, 2.9767766566110768e-24, nan 
-122.125, 88.125, 2.6642855859827315e-24, nan 
-121.875, 88.125, 2.627351045183266e-24, nan 
-121.625, 88.125, 3.0164625496110607e-24, nan 
-121.375, 88.125, 3.3269730674926255e-24, nan 
-121.125, 88.125, 3.2118802580178837e-24, nan 
-120.875, 88.125, 3.473176502817378e-24, nan 
-120.625, 88.125, 3.275240367758884e-24, nan 
-120.375, 88.125, 3.0829827283571723e-24, nan 
-120.125, 88.125, 2.946783513125485e-24, nan 
-119.875, 88.125, 2.7712296673610568e-24, nan 
-119.625, 88.125, 2.708368777142944e-24, nan 
-119.375, 88.125, 2.758536025643774e-24, nan 
-119.125, 88.125, 2.6329531171229126e-24, nan 
-118.875, 88.125, 2.591182772839367e-24, nan 
-118.625, 88.125, 2.5131078177898024e-24, nan 
-118.375, 88.125, 3.005193103077927e-24, nan 
-118.125, 88.125, 2.9621500733394654e-24, nan 
-117.875, 88.125, 3.692268506998443e-24, nan 
-117.625, 88.125, 3.3276579945163284e-24, nan 
-117.375, 88.125, 3.996963733907136e-24, nan 
-117.125, 88.125, 3.499869169178092e-24, nan 
-116.875, 88.125, 3.547134004577486e-24, nan 
-116.625, 88.125, 4.026200800815913e-24, nan 
-116.375, 88.125, 2.6544130298771655e-24, nan 
-116.125, 88.125, 2.68299333866738e-24, nan 
-115.875, 88.125, 3.399094133713748e-24, nan 
-115.625, 88.125, 4.511216457586468e-24, nan 
-115.375, 88.125, 4.741665273333319e-24, nan 
-115.125, 88.125, 4.872809935935879e-24, nan 
-114.875, 88.125, 4.761297835267889e-24, nan 
-114.625, 88.125, 4.38563265640972e-24, nan 
-114.375, 88.125, 5.252783911477367e-24, nan 
-114.125, 88.125, 5.8077633357826294e-24, nan 
-113.875, 88.125, 5.942589382543055e-24, nan 
-113.625, 88.125, 5.751281546762126e-24, nan 
-113.375, 88.125, 5.4033906831923144e-24, nan 
-113.125, 88.125, 4.46983288582582e-24, nan 
-112.875, 88.125, 4.533156563815945e-24, nan 
-112.625, 88.125, 6.491487015489825e-24, nan 
-112.375, 88.125, 4.9021562207989916e-24, nan 
-112.125, 88.125, 3.662229029183463e-24, nan 
-111.875, 88.125, 3.4469059437825636e-24, nan 
-111.625, 88.125, 5.338952227041086e-24, nan 
-111.375, 88.125, 4.295346328932261e-24, nan 
-111.125, 88.125, 3.29921161130411e-24, nan 
-110.875, 88.125, 3.3474642187017735e-24, nan 
-110.625, 88.125, 3.5853804536930096e-24, nan 
-110.375, 88.125, 4.090750485955471e-24, nan 
-110.125, 88.125, 4.7793396246761074e-24, nan 
-109.875, 88.125, 5.233296724366357e-24, nan 
-109.625, 88.125, 5.7573568537897645e-24, nan 
-109.375, 88.125, 4.99053902589333e-24, nan 
-109.125, 88.125, 4.879632310000606e-24, nan 
-108.875, 88.125, 4.485778557591659e-24, nan 
-108.625, 88.125, 4.341172328434435e-24, nan 
-108.375, 88.125, 4.355678370445977e-24, nan 
-108.125, 88.125, 5.201618209771295e-24, nan 
-107.875, 88.125, 7.330118422286794e-24, nan 
-107.625, 88.125, 6.732036496374557e-24, nan 
-107.375, 88.125, 6.966491283826222e-24, nan 
-107.125, 88.125, 6.785544740380813e-24, nan 
-106.875, 88.125, 6.695066449811501e-24, nan 
-106.625, 88.125, 8.591039507522872e-24, nan 
-106.375, 88.125, 9.510080359610913e-24, nan 
-106.125, 88.125, 9.34230130480296e-24, nan 
-105.875, 88.125, 8.809273203088941e-24, nan 
-105.625, 88.125, 8.572994367329555e-24, nan 
-105.375, 88.125, 6.2160373317114135e-24, nan 
-105.125, 88.125, 7.157732353299057e-24, nan 
-104.875, 88.125, 1.266604478702514e-23, nan 
-104.625, 88.125, 9.553502590081709e-24, nan 
-104.375, 88.125, 6.277871433499421e-24, nan 
-104.125, 88.125, 7.191447206842444e-24, nan 
-103.875, 88.125, 1.106844007009478e-23, nan 
-103.625, 88.125, 1.0164310154565924e-23, nan 
-103.375, 88.125, 8.98425999242361e-24, nan 
-103.125, 88.125, 8.612836106101162e-24, nan 
-102.875, 88.125, 9.263525416310784e-24, nan 
-102.625, 88.125, 1.029118393160548e-23, nan 
-102.375, 88.125, 1.0754502845541374e-23, nan 
-102.125, 88.125, 1.0875021707740242e-23, nan 
-101.875, 88.125, 1.0567208056969732e-23, nan 
-101.625, 88.125, 9.837367894138587e-24, nan 
-101.375, 88.125, 1.0373573668032212e-23, nan 
-101.125, 88.125, 9.132511284769322e-24, nan 
-100.875, 88.125, 8.410844680226539e-24, nan 
-100.625, 88.125, 8.098382890652258e-24, nan 
-100.375, 88.125, 7.88861441986655e-24, nan 
-100.125, 88.125, 8.192203430864908e-24, nan 
-99.875, 88.125, 6.914099182759654e-24, nan 
-99.625, 88.125, 6.756320346483281e-24, nan 
-99.375, 88.125, 6.880817502066546e-24, nan 
-99.125, 88.125, 7.326686612654102e-24, nan 
-98.875, 88.125, 7.872884474010047e-24, nan 
-98.625, 88.125, 8.1476231126944e-24, nan 
-98.375, 88.125, 7.929889536373843e-24, nan 
-98.125, 88.125, 7.202154194558964e-24, nan 
-97.875, 88.125, 6.763388793104388e-24, nan 
-97.625, 88.125, 5.54609130902896e-24, nan 
-97.375, 88.125, 5.887668315335288e-24, nan 
-97.125, 88.125, 8.245550086456395e-24, nan 
-96.875, 88.125, 6.806989731405712e-24, nan 
-96.625, 88.125, 5.321551279998594e-24, nan 
-96.375, 88.125, 4.890241350543616e-24, nan 
-96.125, 88.125, 7.582556444911767e-24, nan 
-95.875, 88.125, 6.596925669961822e-24, nan 
-95.625, 88.125, 4.785194024241977e-24, nan 
-95.375, 88.125, 4.900388750289398e-24, nan 
-95.125, 88.125, 4.4311537459154365e-24, nan 
-94.875, 88.125, 4.5510611000922974e-24, nan 
-94.625, 88.125, 4.82496853253768e-24, nan 
-94.375, 88.125, 4.5469334592875475e-24, nan 
-94.125, 88.125, 4.764839408016672e-24, nan 
-93.875, 88.125, 3.9762736967128466e-24, nan 
-93.625, 88.125, 2.9254592733766456e-24, nan 
-93.375, 88.125, 4.658801333355925e-24, nan 
-93.125, 88.125, 4.726290474746936e-24, nan 
-92.875, 88.125, 4.1602890687291706e-24, nan 
-92.625, 88.125, 3.1886868844217253e-24, nan 
-92.375, 88.125, 2.228588910327568e-24, nan 
-92.125, 88.125, 2.9797090444328283e-24, nan 
-91.875, 88.125, 2.890798149276548e-24, nan 
-91.625, 88.125, 2.472410363215449e-24, nan 
-91.375, 88.125, 2.3118102378934412e-24, nan 
-91.125, 88.125, 2.3260266066803944e-24, nan 
-90.875, 88.125, 2.3796627408296363e-24, nan 
-90.625, 88.125, 2.5097644063595755e-24, nan 
-90.375, 88.125, 2.628522474351915e-24, nan 
-90.125, 88.125, 2.900198618192557e-24, nan 
-89.875, 88.125, 2.7394776036060026e-24, nan 
-89.625, 88.125, 2.544688703811138e-24, nan 
-89.375, 88.125, 2.9502173667731135e-24, nan 
-89.125, 88.125, 3.032150049306544e-24, nan 
-88.875, 88.125, 3.1107763418820795e-24, nan 
-88.625, 88.125, 3.1908951748375514e-24, nan 
-88.375, 88.125, 3.1411021823872235e-24, nan 
-88.125, 88.125, 3.0821364175544738e-24, nan 
-87.875, 88.125, 3.1881647367197176e-24, nan 
-87.625, 88.125, 2.7504400566637376e-24, nan 
-87.375, 88.125, 2.9831316739268052e-24, nan 
-87.125, 88.125, 2.924414973503657e-24, nan 
-86.875, 88.125, 3.300989874696451e-24, nan 
-86.625, 88.125, 3.079351354518714e-24, nan 
-86.375, 88.125, 3.371467628052243e-24, nan 
-86.125, 88.125, 2.64845409273276e-24, nan 
-85.875, 88.125, 2.31940689878177e-24, nan 
-85.625, 88.125, 2.5313934420814978e-24, nan 
-85.375, 88.125, 2.6669230134386765e-24, nan 
-85.125, 88.125, 2.7680546644694483e-24, nan 
-84.875, 88.125, 2.700539130222376e-24, nan 
-84.625, 88.125, 2.8849501385332687e-24, nan 
-84.375, 88.125, 3.0015781589181354e-24, nan 
-84.125, 88.125, 3.055854391643016e-24, nan 
-83.875, 88.125, 3.1510846753906884e-24, nan 
-83.625, 88.125, 3.149594103498063e-24, nan 
-83.375, 88.125, 3.024905338710543e-24, nan 
-83.125, 88.125, 2.8648698230142403e-24, nan 
-82.875, 88.125, 2.640839404794345e-24, nan 
-82.625, 88.125, 2.632706708308898e-24, nan 
-82.375, 88.125, 3.117773039357763e-24, nan 
-82.125, 88.125, 4.095404096299452e-24, nan 
-81.875, 88.125, 3.8962937025459255e-24, nan 
-81.625, 88.125, 3.5098339967976915e-24, nan 
-81.375, 88.125, 3.3030699773430437e-24, nan 
-81.125, 88.125, 2.9534188310595104e-24, nan 
-80.875, 88.125, 2.8314794885090023e-24, nan 
-80.625, 88.125, 2.6619932365507725e-24, nan 
-80.375, 88.125, 2.4123808317566633e-24, nan 
-80.125, 88.125, 2.2588896328756664e-24, nan 
-79.875, 88.125, 2.221535316239166e-24, nan 
-79.625, 88.125, 2.508453715407105e-24, nan 
-79.375, 88.125, 2.6517171077686276e-24, nan 
-79.125, 88.125, 2.8053973562435275e-24, nan 
-78.875, 88.125, 2.654076854980598e-24, nan 
-78.625, 88.125, 2.285370736692632e-24, nan 
-78.375, 88.125, 2.4779434095642124e-24, nan 
-78.125, 88.125, 3.172085373219995e-24, nan 
-77.875, 88.125, 3.561461574832167e-24, nan 
-77.625, 88.125, 2.2829517124139507e-24, nan 
-77.375, 88.125, 2.339933954454388e-24, nan 
-77.125, 88.125, 1.681727809806593e-24, nan 
-76.875, 88.125, 1.5888799408552335e-24, nan 
-76.625, 88.125, 1.9721969390566436e-24, nan 
-76.375, 88.125, 1.8508696631121536e-24, nan 
-76.125, 88.125, 1.672120049644636e-24, nan 
-75.875, 88.125, 1.6297444059963476e-24, nan 
-75.625, 88.125, 4.239740459089486e-24, nan 
-75.375, 88.125, 2.2849123649769345e-24, nan 
-75.125, 88.125, 2.581894196433585e-24, nan 
-74.875, 88.125, 3.447036651852367e-24, nan 
-74.625, 88.125, 4.880728818304434e-24, nan 
-74.375, 88.125, 5.451808054655265e-24, nan 
-74.125, 88.125, 4.848092091042349e-24, nan 
-73.875, 88.125, 4.358875439685672e-24, nan 
-73.625, 88.125, 5.321909591289356e-24, nan 
-73.375, 88.125, 5.7780521056546435e-24, nan 
-73.125, 88.125, 6.193898470772811e-24, nan 
-72.875, 88.125, 5.0441116689495535e-24, nan 
-72.625, 88.125, 3.911109060174649e-24, nan 
-72.375, 88.125, 3.9423866305578696e-24, nan 
-72.125, 88.125, 5.707897977999059e-24, nan 
-71.875, 88.125, 7.384608540071271e-24, nan 
-71.625, 88.125, 8.254728392249073e-24, nan 
-71.375, 88.125, 5.67268431354545e-24, nan 
-71.125, 88.125, 5.433667467597996e-24, nan 
-70.875, 88.125, 3.445873883165043e-24, nan 
-70.625, 88.125, 3.563208164308468e-24, nan 
-70.375, 88.125, 3.8282054422258e-24, nan 
-70.125, 88.125, 3.884536769640851e-24, nan 
-69.875, 88.125, 3.816466427623624e-24, nan 
-69.625, 88.125, 4.934980312697424e-24, nan 
-69.375, 88.125, 7.015925051224794e-24, nan 
-69.125, 88.125, 8.519709957055684e-24, nan 
-68.875, 88.125, 8.870278123323943e-24, nan 
-68.625, 88.125, 8.791594423270094e-24, nan 
-68.375, 88.125, 3.190263633416299e-24, nan 
-68.125, 88.125, 4.567811774454511e-24, nan 
-67.875, 88.125, 8.063240639484683e-24, nan 
-67.625, 88.125, 9.81213006896476e-24, nan 
-67.375, 88.125, 6.973494160933801e-24, nan 
-67.125, 88.125, 5.143722837386766e-24, nan 
-66.875, 88.125, 4.125562617722202e-24, nan 
-66.625, 88.125, 3.789427793811733e-24, nan 
-66.375, 88.125, 3.5558892621625074e-24, nan 
-66.125, 88.125, 3.690946778024824e-24, nan 
-65.875, 88.125, 4.106668273260137e-24, nan 
-65.625, 88.125, 5.379800308040775e-24, nan 
-65.375, 88.125, 5.6236461223268766e-24, nan 
-65.125, 88.125, 5.907406927804275e-24, nan 
-64.875, 88.125, 6.073652160572545e-24, nan 
-64.625, 88.125, 6.133002582889607e-24, nan 
-64.375, 88.125, 7.214353480686065e-24, nan 
-64.125, 88.125, 9.308297133033917e-24, nan 
-63.875, 88.125, 1.112769846141126e-23, nan 
-63.625, 88.125, 7.510773731291429e-24, nan 
-63.375, 88.125, 7.460077107454134e-24, nan 
-63.125, 88.125, 8.901374685176976e-24, nan 
-62.875, 88.125, 8.390077580587093e-24, nan 
-62.625, 88.125, 8.039027115632491e-24, nan 
-62.375, 88.125, 7.89681821142896e-24, nan 
-62.125, 88.125, 7.6791270161342e-24, nan 
-61.875, 88.125, 7.425696172751058e-24, nan 
-61.625, 88.125, 9.209728135879275e-24, nan 
-61.375, 88.125, 1.2674371961397742e-23, nan 
-61.125, 88.125, 1.3074812997360264e-23, nan 
-60.875, 88.125, 1.2609173816462156e-23, nan 
-60.625, 88.125, 8.264796598281356e-24, nan 
-60.375, 88.125, 7.005339958598717e-24, nan 
-60.125, 88.125, 8.233807553501916e-24, nan 
-59.875, 88.125, 1.0752464438652451e-23, nan 
-59.625, 88.125, 7.252500321265055e-24, nan 
-59.375, 88.125, 7.5768617067695e-24, nan 
-59.125, 88.125, 8.899154190347484e-24, nan 
-58.875, 88.125, 8.555892357730097e-24, nan 
-58.625, 88.125, 7.523904616982212e-24, nan 
-58.375, 88.125, 6.0564906958380515e-24, nan 
-58.125, 88.125, 4.875831752758105e-24, nan 
-57.875, 88.125, 6.53525817165757e-24, nan 
-57.625, 88.125, 6.515826649787246e-24, nan 
-57.375, 88.125, 6.556846870547428e-24, nan 
-57.125, 88.125, 7.22483312362844e-24, nan 
-56.875, 88.125, 7.301556795982408e-24, nan 
-56.625, 88.125, 6.4160535325787915e-24, nan 
-56.375, 88.125, 6.291180313859436e-24, nan 
-56.125, 88.125, 6.515641233974201e-24, nan 
-55.875, 88.125, 7.216044024048017e-24, nan 
-55.625, 88.125, 7.717899648357734e-24, nan 
-55.375, 88.125, 1.004312516653313e-23, nan 
-55.125, 88.125, 1.0408383666689996e-23, nan 
-54.875, 88.125, 1.0801286436845838e-23, nan 
-54.625, 88.125, 1.1304631957368254e-23, nan 
-54.375, 88.125, 1.1427525255198148e-23, nan 
-54.125, 88.125, 1.1139430858927045e-23, nan 
-53.875, 88.125, 1.036675099431919e-23, nan 
-53.625, 88.125, 9.674797386955101e-24, nan 
-53.375, 88.125, 9.256202422724666e-24, nan 
-53.125, 88.125, 8.387922635694764e-24, nan 
-52.875, 88.125, 1.0484517357709812e-23, nan 
-52.625, 88.125, 8.340221625939416e-24, nan 
-52.375, 88.125, 4.3844154536633024e-24, nan 
-52.125, 88.125, 3.362334575484439e-24, nan 
-51.875, 88.125, 5.919135137064476e-24, nan 
-51.625, 88.125, 9.364346385920857e-24, nan 
-51.375, 88.125, 1.1333376804141752e-23, nan 
-51.125, 88.125, 1.1231947923286611e-23, nan 
-50.875, 88.125, 8.586356122633788e-24, nan 
-50.625, 88.125, 5.766010886382754e-24, nan 
-50.375, 88.125, 3.898336119899218e-24, nan 
-50.125, 88.125, 4.2436010701375194e-24, nan 
-49.875, 88.125, 2.673728151746691e-24, nan 
-49.625, 88.125, 1.3799453419151876e-24, nan 
-49.375, 88.125, 1.5485974047064562e-24, nan 
-49.125, 88.125, 1.6594474317318857e-24, nan 
-48.875, 88.125, 2.5379982738664594e-24, nan 
-48.625, 88.125, 4.214285726186605e-24, nan 
-48.375, 88.125, 6.276339382048702e-24, nan 
-48.125, 88.125, 6.015728320037304e-24, nan 
-47.875, 88.125, 5.4017527485068154e-24, nan 
-47.625, 88.125, 5.158307569980488e-24, nan 
-47.375, 88.125, 4.609094740154454e-24, nan 
-47.125, 88.125, 4.138933933076257e-24, nan 
-46.875, 88.125, 4.59549646824683e-24, nan 
-46.625, 88.125, 4.947152672560017e-24, nan 
-46.375, 88.125, 4.771986322921104e-24, nan 
-46.125, 88.125, 5.346661242919315e-24, nan 
-45.875, 88.125, 4.9507432013272535e-24, nan 
-45.625, 88.125, 5.536190275405621e-24, nan 
-45.375, 88.125, 7.668855823636511e-24, nan 
-45.125, 88.125, 9.60304739381698e-24, nan 
-44.875, 88.125, 1.1439168611895005e-23, nan 
-44.625, 88.125, 1.1751564501304548e-23, nan 
-44.375, 88.125, 9.4245363859663e-24, nan 
-44.125, 88.125, 7.072976066368365e-24, nan 
-43.875, 88.125, 7.136723211924348e-24, nan 
-43.625, 88.125, 6.865347755284399e-24, nan 
-43.375, 88.125, 7.423824840617163e-24, nan 
-43.125, 88.125, 6.611596389987815e-24, nan 
-42.875, 88.125, 9.49598878630571e-24, nan 
-42.625, 88.125, 1.263560888031463e-23, nan 
-42.375, 88.125, 1.4066022326857372e-23, nan 
-42.125, 88.125, 1.4068600627649696e-23, nan 
-41.875, 88.125, 1.0127233867398244e-23, nan 
-41.625, 88.125, 7.943481181172991e-24, nan 
-41.375, 88.125, 6.973569041569968e-24, nan 
-41.125, 88.125, 4.5973041753394995e-24, nan 
-40.875, 88.125, 4.718594806609994e-24, nan 
-40.625, 88.125, 7.630796006315487e-24, nan 
-40.375, 88.125, 6.460290152124311e-24, nan 
-40.125, 88.125, 5.1369818810226014e-24, nan 
-39.875, 88.125, 4.516190435380824e-24, nan 
-39.625, 88.125, 3.9991603308391205e-24, nan 
-39.375, 88.125, 5.617393674030084e-24, nan 
-39.125, 88.125, 5.761476276520143e-24, nan 
-38.875, 88.125, 7.086256714493491e-24, nan 
-38.625, 88.125, 1.2082577486479292e-23, nan 
-38.375, 88.125, 1.3870579372067055e-23, nan 
-38.125, 88.125, 1.6438508805919675e-23, nan 
-37.875, 88.125, 1.7893927506089325e-23, nan 
-37.625, 88.125, 1.774690686812205e-23, nan 
-37.375, 88.125, 1.7143300388186093e-23, nan 
-37.125, 88.125, 1.6417355940445887e-23, nan 
-36.875, 88.125, 1.474204793869762e-23, nan 
-36.625, 88.125, 1.3011133671844735e-23, nan 
-36.375, 88.125, 1.0034590266223101e-23, nan 
-36.125, 88.125, 6.616864822265939e-24, nan 
-35.875, 88.125, 4.695883953041061e-24, nan 
-35.625, 88.125, 5.298111547776162e-24, nan 
-35.375, 88.125, 7.622411395962233e-24, nan 
-35.125, 88.125, 1.4956295011034735e-23, nan 
-34.875, 88.125, 2.038470118937342e-23, nan 
-34.625, 88.125, 2.4365287019687523e-23, nan 
-34.375, 88.125, 2.428840920189548e-23, nan 
-34.125, 88.125, 1.4422711399235297e-23, nan 
-33.875, 88.125, 9.859480542478693e-24, nan 
-33.625, 88.125, 8.217940782609401e-24, nan 
-33.375, 88.125, 6.770485387324673e-24, nan 
-33.125, 88.125, 4.8424436427564965e-24, nan 
-32.875, 88.125, 3.7818716891630006e-24, nan 
-32.625, 88.125, 3.529177227071487e-24, nan 
-32.375, 88.125, 3.6012122610256304e-24, nan 
-32.125, 88.125, 4.714689296666273e-24, nan 
-31.875, 88.125, 1.0990223467271382e-23, nan 
-31.625, 88.125, 9.538065420090547e-24, nan 
-31.375, 88.125, 7.140604997399535e-24, nan 
-31.125, 88.125, 9.811352789928341e-24, nan 
-30.875, 88.125, 2.0104543694070122e-23, nan 
-30.625, 88.125, 2.3202819623153702e-23, nan 
-30.375, 88.125, 2.4236328983006065e-23, nan 
-30.125, 88.125, 2.877655924175218e-23, nan 
-29.875, 88.125, 2.5324684402627734e-23, nan 
-29.625, 88.125, 2.5005748319982522e-23, nan 
-29.375, 88.125, 2.4344553554479045e-23, nan 
-29.125, 88.125, 2.2112962704874983e-23, nan 
-28.875, 88.125, 1.9806482932571766e-23, nan 
-28.625, 88.125, 1.5734289757128823e-23, nan 
-28.375, 88.125, 1.3123516577435257e-23, nan 
-28.125, 88.125, 7.913263381917513e-24, nan 
-27.875, 88.125, 5.189633931809798e-24, nan 
-27.625, 88.125, 5.712177029575972e-24, nan 
-27.375, 88.125, 1.0694685387393731e-23, nan 
-27.125, 88.125, 1.4728300248762152e-23, nan 
-26.875, 88.125, 1.9358533715957775e-23, nan 
-26.625, 88.125, 2.1499119126495748e-23, nan 
-26.375, 88.125, 1.2814592051233528e-23, nan 
-26.125, 88.125, 1.6323056534686973e-23, nan 
-25.875, 88.125, 7.907225492435016e-24, nan 
-25.625, 88.125, 8.22172730345646e-24, nan 
-25.375, 88.125, 6.737993262805338e-24, nan 
-25.125, 88.125, 7.145306805169446e-24, nan 
-24.875, 88.125, 7.927491843015037e-24, nan 
-24.625, 88.125, 7.188470988861511e-24, nan 
-24.375, 88.125, 9.475620443708031e-24, nan 
-24.125, 88.125, 2.2125587606120648e-23, nan 
-23.875, 88.125, 1.7450145380629004e-23, nan 
-23.625, 88.125, 1.0309720568150149e-23, nan 
-23.375, 88.125, 1.2982669017973944e-23, nan 
-23.125, 88.125, 1.1591907548969293e-23, nan 
-22.875, 88.125, 1.2363471308455197e-23, nan 
-22.625, 88.125, 1.4731701667439782e-23, nan 
-22.375, 88.125, 1.5728122138726558e-23, nan 
-22.125, 88.125, 2.4278930283362595e-23, nan 
-21.875, 88.125, 1.8894742240749293e-23, nan 
-21.625, 88.125, 1.9274371774619816e-23, nan 
-21.375, 88.125, 1.8844808610014716e-23, nan 
-21.125, 88.125, 1.942056857999347e-23, nan 
-20.875, 88.125, 1.84811864707087e-23, nan 
-20.625, 88.125, 2.3922636856039524e-23, nan 
-20.375, 88.125, 1.4378069188808465e-23, nan 
-20.125, 88.125, 1.0525936292058969e-23, nan 
-19.875, 88.125, 6.860948290844482e-24, nan 
-19.625, 88.125, 7.689471487548333e-24, nan 
-19.375, 88.125, 1.2264198600058005e-23, nan 
-19.125, 88.125, 2.1732144029649628e-23, nan 
-18.875, 88.125, 2.687578454696762e-23, nan 
-18.625, 88.125, 1.425430740072341e-23, nan 
-18.375, 88.125, 2.655598488534123e-23, nan 
-18.125, 88.125, 8.531461210002298e-24, nan 
-17.875, 88.125, 8.903263239206533e-24, nan 
-17.625, 88.125, 9.614694383633868e-24, nan 
-17.375, 88.125, 1.0396053541966509e-23, nan 
-17.125, 88.125, 1.0883560938396214e-23, nan 
-16.875, 88.125, 7.832278805309098e-24, nan 
-16.625, 88.125, 7.810691024475615e-24, nan 
-16.375, 88.125, 1.3902661310750835e-23, nan 
-16.125, 88.125, 1.0765804597328734e-23, nan 
-15.875, 88.125, 7.023990339189804e-24, nan 
-15.625, 88.125, 6.4893406711125256e-24, nan 
-15.375, 88.125, 6.407153053121624e-24, nan 
-15.125, 88.125, 5.2315300277589444e-24, nan 
-14.875, 88.125, 1.0695460970682767e-23, nan 
-14.625, 88.125, 8.453211139512794e-24, nan 
-14.375, 88.125, 1.8518036323144785e-23, nan 
-14.125, 88.125, 1.479236551280499e-23, nan 
-13.875, 88.125, 1.291185828173288e-23, nan 
-13.625, 88.125, 1.4688926842897185e-23, nan 
-13.375, 88.125, 1.5370492683935188e-23, nan 
-13.125, 88.125, 1.4507517182502318e-23, nan 
-12.875, 88.125, 1.6927945137277008e-23, nan 
-12.625, 88.125, 1.0604593658950925e-23, nan 
-12.375, 88.125, 8.046176501646515e-24, nan 
-12.125, 88.125, 5.529740497397197e-24, nan 
-11.875, 88.125, 5.5406344759851135e-24, nan 
-11.625, 88.125, 7.971709090085475e-24, nan 
-11.375, 88.125, 1.3573605288727967e-23, nan 
-11.125, 88.125, 1.644572913261608e-23, nan 
-10.875, 88.125, 9.926178151644275e-24, nan 
-10.625, 88.125, 1.587294579512723e-23, nan 
-10.375, 88.125, 5.883252694882666e-24, nan 
-10.125, 88.125, 4.2903218730735516e-24, nan 
-9.875, 88.125, 4.229694176854769e-24, nan 
-9.625, 88.125, 4.141845747891648e-24, nan 
-9.375, 88.125, 4.164704837403978e-24, nan 
-9.125, 88.125, 4.15296056071471e-24, nan 
-8.875, 88.125, 4.584230948570927e-24, nan 
-8.625, 88.125, 4.718771984777085e-24, nan 
-8.375, 88.125, 5.0135859913926544e-24, nan 
-8.125, 88.125, 5.144509654762306e-24, nan 
-7.875, 88.125, 5.362414476232927e-24, nan 
-7.625, 88.125, 6.019167586365294e-24, nan 
-7.375, 88.125, 7.924312442533772e-24, nan 
-7.125, 88.125, 1.095388049308693e-23, nan 
-6.875, 88.125, 1.3161269639380762e-23, nan 
-6.625, 88.125, 1.5109189424130624e-23, nan 
-6.375, 88.125, 1.4861166046933597e-23, nan 
-6.125, 88.125, 1.8426991020752545e-23, nan 
-5.875, 88.125, 1.9645754540874513e-23, nan 
-5.625, 88.125, 1.8926344936647793e-23, nan 
-5.375, 88.125, 1.6222090073104418e-23, nan 
-5.125, 88.125, 1.4630890083559374e-23, nan 
-4.875, 88.125, 1.2916132396021746e-23, nan 
-4.625, 88.125, 1.1034364898082147e-23, nan 
-4.375, 88.125, 9.513499943545087e-24, nan 
-4.125, 88.125, 6.740111356994394e-24, nan 
-3.875, 88.125, 5.14332730198806e-24, nan 
-3.625, 88.125, 4.604673735240784e-24, nan 
-3.375, 88.125, 5.96545121491254e-24, nan 
-3.125, 88.125, 6.015127827632228e-24, nan 
-2.875, 88.125, 9.536990929218265e-24, nan 
-2.625, 88.125, 1.731071095302729e-23, nan 
-2.375, 88.125, 8.403213371673287e-24, nan 
-2.125, 88.125, 3.786213224941666e-24, nan 
-1.875, 88.125, 4.730144936828256e-24, nan 
-1.625, 88.125, 5.582727414954572e-24, nan 
-1.375, 88.125, 7.698277425160999e-24, nan 
-1.125, 88.125, 1.1429753367203361e-23, nan 
-0.875, 88.125, 2.1448166446216074e-23, nan 
-0.625, 88.125, 2.1402332488445516e-23, nan 
-0.375, 88.125, 1.838545737199654e-23, nan 
-0.125, 88.125, 1.611111977808134e-23, nan 
0.125, 88.125, 1.412509275684106e-23, nan 
0.375, 88.125, 1.1391005551734814e-23, nan 
0.625, 88.125, 9.720777332610686e-24, nan 
0.875, 88.125, 9.449515551940529e-24, nan 
1.125, 88.125, 1.042639592657017e-23, nan 
1.375, 88.125, 1.174625008213807e-23, nan 
1.625, 88.125, 1.3315439201963095e-23, nan 
1.875, 88.125, 1.4162738439250136e-23, nan 
2.125, 88.125, 1.1078382922510685e-23, nan 
2.375, 88.125, 8.572477192169254e-24, nan 
2.625, 88.125, 6.793751994913317e-24, nan 
2.875, 88.125, 6.0271341584164005e-24, nan 
3.125, 88.125, 4.773396311265716e-24, nan 
3.375, 88.125, 3.969217941001628e-24, nan 
3.625, 88.125, 2.5787341901316817e-24, nan 
3.875, 88.125, 2.4856167491729892e-24, nan 
4.125, 88.125, 3.3383459871246326e-24, nan 
4.375, 88.125, 4.0342988535846e-24, nan 
4.625, 88.125, 3.579888259015078e-24, nan 
4.875, 88.125, 3.1795642747597122e-24, nan 
5.125, 88.125, 2.5382233295166267e-24, nan 
5.375, 88.125, 2.0721558686464228e-24, nan 
5.625, 88.125, 1.700693270972519e-24, nan 
5.875, 88.125, 2.5076936870397904e-24, nan 
6.125, 88.125, 3.7797096453850896e-24, nan 
6.375, 88.125, 3.0602638390068395e-24, nan 
6.625, 88.125, 2.572316022974745e-24, nan 
6.875, 88.125, 2.433341959246915e-24, nan 
7.125, 88.125, 2.53013732758011e-24, nan 
7.375, 88.125, 2.5668797503039614e-24, nan 
7.625, 88.125, 3.1014305490274724e-24, nan 
7.875, 88.125, 2.605103953751e-24, nan 
8.125, 88.125, 3.1316746777653627e-24, nan 
8.375, 88.125, 3.4973800437106854e-24, nan 
8.625, 88.125, 3.550732003271908e-24, nan 
8.875, 88.125, 4.050789535152346e-24, nan 
9.125, 88.125, 4.281848588879356e-24, nan 
9.375, 88.125, 4.125758166289065e-24, nan 
9.625, 88.125, 2.087615419032663e-24, nan 
9.875, 88.125, 1.1245636571344774e-24, nan 
10.125, 88.125, 1.2593837434134074e-24, nan 
10.375, 88.125, 1.835823733928495e-24, nan 
10.625, 88.125, 2.4299147433269942e-24, nan 
10.875, 88.125, 3.034997735141419e-24, nan 
11.125, 88.125, 3.458755202032972e-24, nan 
11.375, 88.125, 3.837747928551543e-24, nan 
11.625, 88.125, 3.59690598245098e-24, nan 
11.875, 88.125, 4.21222192528511e-24, nan 
12.125, 88.125, 4.756316053191482e-24, nan 
12.375, 88.125, 5.298080325327339e-24, nan 
12.625, 88.125, 3.489679930321573e-24, nan 
12.875, 88.125, 4.198812002317257e-24, nan 
13.125, 88.125, 4.7802603111498655e-24, nan 
13.375, 88.125, 4.365705696283917e-24, nan 
13.625, 88.125, 5.623148318205717e-24, nan 
13.875, 88.125, 3.136971236557559e-24, nan 
14.125, 88.125, 4.799204347336889e-24, nan 
14.375, 88.125, 5.8977106995893386e-24, nan 
14.625, 88.125, 5.06182350833974e-24, nan 
14.875, 88.125, 5.132551805581158e-24, nan 
15.125, 88.125, 5.515339579035974e-24, nan 
15.375, 88.125, 5.575239254241519e-24, nan 
15.625, 88.125, 5.551414467209079e-24, nan 
15.875, 88.125, 4.6825476300002335e-24, nan 
16.125, 88.125, 4.491473582692916e-24, nan 
16.375, 88.125, 4.705640463161376e-24, nan 
16.625, 88.125, 4.687933114150084e-24, nan 
16.875, 88.125, 5.2488151524501294e-24, nan 
17.125, 88.125, 4.186495204010927e-24, nan 
17.375, 88.125, 3.636842526565676e-24, nan 
17.625, 88.125, 2.9335285048453672e-24, nan 
17.875, 88.125, 3.123582247957991e-24, nan 
18.125, 88.125, 2.9465401387694815e-24, nan 
18.375, 88.125, 3.6432317110092124e-24, nan 
18.625, 88.125, 3.9280958800950265e-24, nan 
18.875, 88.125, 3.739476433662334e-24, nan 
19.125, 88.125, 3.794532074027411e-24, nan 
19.375, 88.125, 3.556496007664232e-24, nan 
19.625, 88.125, 3.009542107724403e-24, nan 
19.875, 88.125, 2.9250548645443295e-24, nan 
20.125, 88.125, 3.9796591533425385e-24, nan 
20.375, 88.125, 5.365079746369706e-24, nan 
20.625, 88.125, 6.518624990833505e-24, nan 
20.875, 88.125, 7.096849705766186e-24, nan 
21.125, 88.125, 7.76749060912197e-24, nan 
21.375, 88.125, 6.225558358957729e-24, nan 
21.625, 88.125, 5.1713236009479035e-24, nan 
21.875, 88.125, 4.447707907258427e-24, nan 
22.125, 88.125, 4.302785976415283e-24, nan 
22.375, 88.125, 3.7780911912301885e-24, nan 
22.625, 88.125, 3.959616030564398e-24, nan 
22.875, 88.125, 3.8494154081299934e-24, nan 
23.125, 88.125, 4.364463857622247e-24, nan 
23.375, 88.125, 3.704766034544274e-24, nan 
23.625, 88.125, 3.8346512723160195e-24, nan 
23.875, 88.125, 4.329189287038478e-24, nan 
24.125, 88.125, 4.680997558814476e-24, nan 
24.375, 88.125, 3.1509494573385484e-24, nan 
24.625, 88.125, 2.3266500339640374e-24, nan 
24.875, 88.125, 3.597169244456596e-24, nan 
25.125, 88.125, 3.9938556420102195e-24, nan 
25.375, 88.125, 4.847211097555934e-24, nan 
25.625, 88.125, 6.494781801306549e-24, nan 
25.875, 88.125, 8.893801244861126e-24, nan 
26.125, 88.125, 7.197534829561206e-24, nan 
26.375, 88.125, 5.293968395163779e-24, nan 
26.625, 88.125, 4.821643091667202e-24, nan 
26.875, 88.125, 4.450269779390204e-24, nan 
27.125, 88.125, 4.202773659131735e-24, nan 
27.375, 88.125, 3.79286930446744e-24, nan 
27.625, 88.125, 3.414894922667902e-24, nan 
27.875, 88.125, 2.9377192524175525e-24, nan 
28.125, 88.125, 3.645026841509516e-24, nan 
28.375, 88.125, 3.862113751108222e-24, nan 
28.625, 88.125, 4.464669094097381e-24, nan 
28.875, 88.125, 5.299191833379293e-24, nan 
29.125, 88.125, 4.731518461436864e-24, nan 
29.375, 88.125, 4.211381703469533e-24, nan 
29.625, 88.125, 4.255776337370514e-24, nan 
29.875, 88.125, 3.63962084332905e-24, nan 
30.125, 88.125, 3.522713183852388e-24, nan 
30.375, 88.125, 3.2521787488347457e-24, nan 
30.625, 88.125, 3.637203792512264e-24, nan 
30.875, 88.125, 5.119066094119338e-24, nan 
31.125, 88.125, 3.9165044308435694e-24, nan 
31.375, 88.125, 3.907081633084758e-24, nan 
31.625, 88.125, 4.158050334154825e-24, nan 
31.875, 88.125, 3.814729378658301e-24, nan 
32.125, 88.125, 3.823585756545054e-24, nan 
32.375, 88.125, 3.9405700438756456e-24, nan 
32.625, 88.125, 4.179132338456292e-24, nan 
32.875, 88.125, 3.309380609881849e-24, nan 
33.125, 88.125, 2.794000468935937e-24, nan 
33.375, 88.125, 2.306360683990045e-24, nan 
33.625, 88.125, 6.291077710723352e-24, nan 
33.875, 88.125, 5.062035834157241e-24, nan 
34.125, 88.125, 6.900734688773704e-24, nan 
34.375, 88.125, 1.1306560225216394e-23, nan 
34.625, 88.125, 1.2324235107095802e-23, nan 
34.875, 88.125, 1.2977898087571949e-23, nan 
35.125, 88.125, 1.2108265761975279e-23, nan 
35.375, 88.125, 1.0849717191092625e-23, nan 
35.625, 88.125, 8.715280150497566e-24, nan 
35.875, 88.125, 9.202668821932288e-24, nan 
36.125, 88.125, 7.36843307874696e-24, nan 
36.375, 88.125, 5.365322087573604e-24, nan 
36.625, 88.125, 4.132927123530166e-24, nan 
36.875, 88.125, 4.260699218214844e-24, nan 
37.125, 88.125, 3.9173625488642e-24, nan 
37.375, 88.125, 4.6328830369800064e-24, nan 
37.625, 88.125, 7.658639563246728e-24, nan 
37.875, 88.125, 1.0126451736606985e-23, nan 
38.125, 88.125, 9.279170529017974e-24, nan 
38.375, 88.125, 1.2797438632363898e-23, nan 
38.625, 88.125, 1.2349017023766178e-23, nan 
38.875, 88.125, 1.0073218439093192e-23, nan 
39.125, 88.125, 8.53448498834304e-24, nan 
39.375, 88.125, 8.025626447870672e-24, nan 
39.625, 88.125, 9.801464470759434e-24, nan 
39.875, 88.125, 8.529124895535818e-24, nan 
40.125, 88.125, 7.885781118066223e-24, nan 
40.375, 88.125, 8.40993432967311e-24, nan 
40.625, 88.125, 6.0552444934003535e-24, nan 
40.875, 88.125, 3.063069936922195e-24, nan 
41.125, 88.125, 5.56960201328553e-24, nan 
41.375, 88.125, 8.961115712940921e-24, nan 
41.625, 88.125, 1.1024034748116568e-23, nan 
41.875, 88.125, 1.4508711536268975e-23, nan 
42.125, 88.125, 1.8066533862198093e-23, nan 
42.375, 88.125, 1.9442569051405739e-23, nan 
42.625, 88.125, 1.857663972116921e-23, nan 
42.875, 88.125, 1.544615806671192e-23, nan 
43.125, 88.125, 1.2825257190849922e-23, nan 
43.375, 88.125, 1.0362628630664531e-23, nan 
43.625, 88.125, 1.0031894030457392e-23, nan 
43.875, 88.125, 7.60062313331295e-24, nan 
44.125, 88.125, 5.106126594617397e-24, nan 
44.375, 88.125, 3.539855787421185e-24, nan 
44.625, 88.125, 4.227852892934077e-24, nan 
44.875, 88.125, 4.807126268249186e-24, nan 
45.125, 88.125, 5.970865199978111e-24, nan 
45.375, 88.125, 5.502867973156055e-24, nan 
45.625, 88.125, 7.855990357497165e-24, nan 
45.875, 88.125, 1.0353867601025166e-23, nan 
46.125, 88.125, 1.4973195510230308e-23, nan 
46.375, 88.125, 1.5862773543777287e-23, nan 
46.625, 88.125, 1.545342446067908e-23, nan 
46.875, 88.125, 1.5405346369089664e-23, nan 
47.125, 88.125, 1.536164320054836e-23, nan 
47.375, 88.125, 1.5715116471044782e-23, nan 
47.625, 88.125, 1.6015799072441064e-23, nan 
47.875, 88.125, 1.6106163566409772e-23, nan 
48.125, 88.125, 1.7287799677633478e-23, nan 
48.375, 88.125, 1.5816777174762875e-23, nan 
48.625, 88.125, 1.267123185574628e-23, nan 
48.875, 88.125, 1.3742474190492345e-23, nan 
49.125, 88.125, 1.4475088318428274e-23, nan 
49.375, 88.125, 1.5391734993771406e-23, nan 
49.625, 88.125, 1.6726270222977186e-23, nan 
49.875, 88.125, 1.7593923586372733e-23, nan 
50.125, 88.125, 1.7356968500974044e-23, nan 
50.375, 88.125, 1.7983319877848898e-23, nan 
50.625, 88.125, 1.9149756985143454e-23, nan 
50.875, 88.125, 2.1745341397535994e-23, nan 
51.125, 88.125, 1.5045345615248336e-23, nan 
51.375, 88.125, 1.420479117315723e-23, nan 
51.625, 88.125, 1.207229546149218e-23, nan 
51.875, 88.125, 1.4035555624125868e-23, nan 
52.125, 88.125, 1.5796274970403135e-23, nan 
52.375, 88.125, 1.3919043502105582e-23, nan 
52.625, 88.125, 1.394019867040596e-23, nan 
52.875, 88.125, 1.3739528702671294e-23, nan 
53.125, 88.125, 1.201155784575154e-23, nan 
53.375, 88.125, 1.3934055273745544e-23, nan 
53.625, 88.125, 1.4802524141189765e-23, nan 
53.875, 88.125, 1.7314031764001783e-23, nan 
54.125, 88.125, 1.788295379654346e-23, nan 
54.375, 88.125, 1.7189228166900155e-23, nan 
54.625, 88.125, 1.5311153464004858e-23, nan 
54.875, 88.125, 1.3793208428043726e-23, nan 
55.125, 88.125, 1.3189735339794722e-23, nan 
55.375, 88.125, 1.3720356341149318e-23, nan 
55.625, 88.125, 1.5347557255946378e-23, nan 
55.875, 88.125, 1.8895409954536566e-23, nan 
56.125, 88.125, 2.1570883633773446e-23, nan 
56.375, 88.125, 1.9159959048916149e-23, nan 
56.625, 88.125, 1.6205317441795426e-23, nan 
56.875, 88.125, 1.3136763654580737e-23, nan 
57.125, 88.125, 1.177136791207264e-23, nan 
57.375, 88.125, 7.756196020774076e-24, nan 
57.625, 88.125, 8.387343405228747e-24, nan 
57.875, 88.125, 9.053680614104823e-24, nan 
58.125, 88.125, 1.0297319979389565e-23, nan 
58.375, 88.125, 1.3667161016418008e-23, nan 
58.625, 88.125, 1.815202516997457e-23, nan 
58.875, 88.125, 1.7305742319076232e-23, nan 
59.125, 88.125, 1.649814114121968e-23, nan 
59.375, 88.125, 1.569436745870843e-23, nan 
59.625, 88.125, 1.483889112175928e-23, nan 
59.875, 88.125, 1.4980546451906146e-23, nan 
60.125, 88.125, 1.5300989281639606e-23, nan 
60.375, 88.125, 1.4651541728845084e-23, nan 
60.625, 88.125, 1.2834188747379276e-23, nan 
60.875, 88.125, 1.6918155104798737e-23, nan 
61.125, 88.125, 1.228761477405565e-23, nan 
61.375, 88.125, 1.2244122954870335e-23, nan 
61.625, 88.125, 1.2682805011618566e-23, nan 
61.875, 88.125, 1.1112744819834595e-23, nan 
62.125, 88.125, 1.1214417433517735e-23, nan 
62.375, 88.125, 1.256790982626563e-23, nan 
62.625, 88.125, 1.3495604196731473e-23, nan 
62.875, 88.125, 1.807082530815744e-23, nan 
63.125, 88.125, 2.5191684919207948e-23, nan 
63.375, 88.125, 3.377993997634037e-23, nan 
63.625, 88.125, 3.814696722213951e-23, nan 
63.875, 88.125, 4.276748898118365e-23, nan 
64.125, 88.125, 3.8064445601596364e-23, nan 
64.375, 88.125, 3.680514184456146e-23, nan 
64.625, 88.125, 3.1508052700549685e-23, nan 
64.875, 88.125, 3.0641685948405633e-23, nan 
65.125, 88.125, 2.9891908279251943e-23, nan 
65.375, 88.125, 3.216741043553864e-23, nan 
65.625, 88.125, 3.2255186310094524e-23, nan 
65.875, 88.125, 3.250507783203603e-23, nan 
66.125, 88.125, 3.2581582378699123e-23, nan 
66.375, 88.125, 3.1028494600731693e-23, nan 
66.625, 88.125, 2.956438427921566e-23, nan 
66.875, 88.125, 2.7969024113451303e-23, nan 
67.125, 88.125, 2.777619230640293e-23, nan 
67.375, 88.125, 2.731840648993467e-23, nan 
67.625, 88.125, 6.1495972486489136e-24, nan 
67.875, 88.125, 2.6557318996301123e-23, nan 
68.125, 88.125, 2.815447574888391e-23, nan 
68.375, 88.125, 3.0896683934547556e-23, nan 
68.625, 88.125, 3.403359696228299e-23, nan 
68.875, 88.125, 3.246504209578924e-23, nan 
69.125, 88.125, 3.164002543538437e-23, nan 
69.375, 88.125, 1.238027816479691e-23, nan 
69.625, 88.125, 1.2336697438897825e-23, nan 
69.875, 88.125, 1.333505818207025e-23, nan 
70.125, 88.125, 1.8697631943942874e-23, nan 
70.375, 88.125, 2.124328135192025e-23, nan 
70.625, 88.125, 2.2900281886745508e-23, nan 
70.875, 88.125, 1.8262705213251048e-23, nan 
71.125, 88.125, 2.365894358897519e-23, nan 
71.375, 88.125, 2.7844542780067144e-23, nan 
71.625, 88.125, 2.9831802122505196e-23, nan 
71.875, 88.125, 2.4338904923523678e-23, nan 
72.125, 88.125, 2.537427307553027e-23, nan 
72.375, 88.125, 2.5048917776038853e-23, nan 
72.625, 88.125, 2.47624448815483e-23, nan 
72.875, 88.125, 1.4186587249622847e-23, nan 
73.125, 88.125, 9.56250794287349e-24, nan 
73.375, 88.125, 3.439944715032368e-24, nan 
73.625, 88.125, 6.404602915280899e-24, nan 
73.875, 88.125, 6.301645877696183e-24, nan 
74.125, 88.125, 1.4798790177716667e-23, nan 
74.375, 88.125, 1.7054453079681887e-23, nan 
74.625, 88.125, 1.6085534110568944e-23, nan 
74.875, 88.125, 1.576540007382331e-23, nan 
75.125, 88.125, 1.4637707892264525e-23, nan 
75.375, 88.125, 1.23618370711635e-23, nan 
75.625, 88.125, 1.1838311433053111e-23, nan 
75.875, 88.125, 7.678423845488013e-24, nan 
76.125, 88.125, 6.504118450507374e-24, nan 
76.375, 88.125, 6.655097925224404e-24, nan 
76.625, 88.125, 6.536186101206946e-24, nan 
76.875, 88.125, 7.089777320488072e-24, nan 
77.125, 88.125, 8.341282288348813e-24, nan 
77.375, 88.125, 7.46041093157309e-24, nan 
77.625, 88.125, 1.172224440792495e-23, nan 
77.875, 88.125, 1.622484413242377e-23, nan 
78.125, 88.125, 1.5240728568417353e-23, nan 
78.375, 88.125, 1.19835130679859e-23, nan 
78.625, 88.125, 5.68741345539593e-24, nan 
78.875, 88.125, 4.004161444021428e-24, nan 
79.125, 88.125, 5.182771590758731e-24, nan 
79.375, 88.125, 4.806176477899692e-24, nan 
79.625, 88.125, 4.6554994276897565e-24, nan 
79.875, 88.125, 1.0199498968070895e-23, nan 
80.125, 88.125, 6.042455344153102e-24, nan 
80.375, 88.125, 3.365477011295577e-24, nan 
80.625, 88.125, 3.18938984884771e-24, nan 
80.875, 88.125, 3.362161062507831e-24, nan 
81.125, 88.125, 4.534574070477489e-24, nan 
81.375, 88.125, 9.008073937001248e-24, nan 
81.625, 88.125, 1.1413221174437345e-23, nan 
81.875, 88.125, 1.4259653490372174e-23, nan 
82.125, 88.125, 1.6362431441369426e-23, nan 
82.375, 88.125, 1.0677854251775206e-23, nan 
82.625, 88.125, 1.0840740590946015e-23, nan 
82.875, 88.125, 1.3054098728852628e-23, nan 
83.125, 88.125, 1.4018417568591577e-23, nan 
83.375, 88.125, 1.7886946304531332e-23, nan 
83.625, 88.125, 1.2785223448650151e-23, nan 
83.875, 88.125, 1.416519455101535e-23, nan 
84.125, 88.125, 1.5948929303315458e-23, nan 
84.375, 88.125, 1.6030331192856348e-23, nan 
84.625, 88.125, 1.6809408556753344e-23, nan 
84.875, 88.125, 1.8099179749073416e-23, nan 
85.125, 88.125, 1.9204745516223792e-23, nan 
85.375, 88.125, 2.752722779457094e-23, nan 
85.625, 88.125, 3.2733262713937934e-23, nan 
85.875, 88.125, 2.409347847857471e-23, nan 
86.125, 88.125, 1.0861620028600916e-23, nan 
86.375, 88.125, 9.822360651585908e-24, nan 
86.625, 88.125, 1.114034690844947e-23, nan 
86.875, 88.125, 9.118145697061135e-24, nan 
87.125, 88.125, 9.934018940295115e-24, nan 
87.375, 88.125, 1.4555232523491492e-23, nan 
87.625, 88.125, 2.4944352865515526e-23, nan 
87.875, 88.125, 1.707212110121584e-23, nan 
88.125, 88.125, 1.3788047296920517e-23, nan 
88.375, 88.125, 1.3018712953242847e-23, nan 
88.625, 88.125, 1.2738430374810496e-23, nan 
88.875, 88.125, 1.3052618511339295e-23, nan 
89.125, 88.125, 1.8528871590524722e-23, nan 
89.375, 88.125, 1.84232747358827e-23, nan 
89.625, 88.125, 1.9596971011751757e-23, nan 
89.875, 88.125, 1.6155893111443011e-23, nan 
90.125, 88.125, 1.5373139591951396e-23, nan 
90.375, 88.125, 2.0289691738865673e-23, nan 
90.625, 88.125, 2.022102077791878e-23, nan 
90.875, 88.125, 2.0197181879803082e-23, nan 
91.125, 88.125, 2.202903668284729e-23, nan 
91.375, 88.125, 2.0594385629619612e-23, nan 
91.625, 88.125, 2.1187098937486348e-23, nan 
91.875, 88.125, 2.19757480157598e-23, nan 
92.125, 88.125, 2.460138433162211e-23, nan 
92.375, 88.125, 2.9056113673422963e-23, nan 
92.625, 88.125, 3.201001105265842e-23, nan 
92.875, 88.125, 3.3593271945830034e-23, nan 
93.125, 88.125, 3.2090072339587753e-23, nan 
93.375, 88.125, 2.9991382704225314e-23, nan 
93.625, 88.125, 1.9008437170212153e-23, nan 
93.875, 88.125, 1.0308246889530589e-23, nan 
94.125, 88.125, 8.639325849371763e-24, nan 
94.375, 88.125, 7.750532517189994e-24, nan 
94.625, 88.125, 4.35457169970726e-24, nan 
94.875, 88.125, 4.501032082763214e-24, nan 
95.125, 88.125, 9.459384860101057e-24, nan 
95.375, 88.125, 1.6422702088392535e-23, nan 
95.625, 88.125, 1.4609649078408713e-23, nan 
95.875, 88.125, 1.663203188894014e-23, nan 
96.125, 88.125, 2.1714966669955483e-23, nan 
96.375, 88.125, 2.6428020767635756e-23, nan 
96.625, 88.125, 2.9530513216566804e-23, nan 
96.875, 88.125, 3.149853880314311e-23, nan 
97.125, 88.125, 3.190725879537055e-23, nan 
97.375, 88.125, 3.1628985074583104e-23, nan 
97.625, 88.125, 1.2641446502871626e-23, nan 
97.875, 88.125, 3.468228506877418e-23, nan 
98.125, 88.125, 3.438616637217427e-23, nan 
98.375, 88.125, 3.744487469861152e-23, nan 
98.625, 88.125, 3.69168215743658e-23, nan 
98.875, 88.125, 3.0190730720456625e-23, nan 
99.125, 88.125, 2.5901372525866565e-23, nan 
99.375, 88.125, 6.164000305364391e-24, nan 
99.625, 88.125, 6.42210397467428e-24, nan 
99.875, 88.125, 7.83350288162258e-24, nan 
100.125, 88.125, 1.076644297918403e-23, nan 
100.375, 88.125, 1.2227214486988094e-23, nan 
100.625, 88.125, 1.5844064027786894e-23, nan 
100.875, 88.125, 7.273929288427439e-24, nan 
101.125, 88.125, 1.2066149253900527e-23, nan 
101.375, 88.125, 1.4607575350541362e-23, nan 
101.625, 88.125, 1.625484123234403e-23, nan 
101.875, 88.125, 1.8477411390714546e-23, nan 
102.125, 88.125, 2.2913495839372436e-23, nan 
102.375, 88.125, 1.632626349086645e-23, nan 
102.625, 88.125, 1.2497134991826982e-23, nan 
102.875, 88.125, 1.5071322459462423e-23, nan 
103.125, 88.125, 1.4884585591994593e-23, nan 
103.375, 88.125, 1.6166840081117392e-23, nan 
103.625, 88.125, 1.7526332040205286e-23, nan 
103.875, 88.125, 1.9591204166281924e-23, nan 
104.125, 88.125, 2.212418642212963e-23, nan 
104.375, 88.125, 2.2420183971079337e-23, nan 
104.625, 88.125, 1.797456320585786e-23, nan 
104.875, 88.125, 1.644816817960856e-23, nan 
105.125, 88.125, 1.708898205525746e-23, nan 
105.375, 88.125, 1.844346230606675e-23, nan 
105.625, 88.125, 1.5501867966339662e-23, nan 
105.875, 88.125, 1.8132280767316412e-23, nan 
106.125, 88.125, 2.329075468546078e-23, nan 
106.375, 88.125, 2.0029148805553387e-23, nan 
106.625, 88.125, 1.6911533358894464e-23, nan 
106.875, 88.125, 1.280334084727213e-23, nan 
107.125, 88.125, 1.0855916846555048e-23, nan 
107.375, 88.125, 1.6325465898379922e-23, nan 
107.625, 88.125, 1.777691314120345e-23, nan 
107.875, 88.125, 1.9061445393357806e-23, nan 
108.125, 88.125, 1.59802650174668e-23, nan 
108.375, 88.125, 1.575893214401167e-23, nan 
108.625, 88.125, 1.7607771009779959e-23, nan 
108.875, 88.125, 2.0525423820599586e-23, nan 
109.125, 88.125, 2.1965636215763913e-23, nan 
109.375, 88.125, 2.2153700886870038e-23, nan 
109.625, 88.125, 2.561736664590393e-23, nan 
109.875, 88.125, 3.7952896968668225e-23, nan 
110.125, 88.125, 3.314496561446062e-23, nan 
110.375, 88.125, 1.742231071232862e-23, nan 
110.625, 88.125, 2.1144793463745107e-23, nan 
110.875, 88.125, 1.3690790523427557e-23, nan 
111.125, 88.125, 1.3480129899149223e-23, nan 
111.375, 88.125, 1.356708219569535e-23, nan 
111.625, 88.125, 1.4985742299567247e-23, nan 
111.875, 88.125, 2.1364632194814537e-23, nan 
112.125, 88.125, 2.952519937748782e-23, nan 
112.375, 88.125, 2.750980412936992e-23, nan 
112.625, 88.125, 2.5068294735328392e-23, nan 
112.875, 88.125, 2.531682504178993e-23, nan 
113.125, 88.125, 2.5675476842071166e-23, nan 
113.375, 88.125, 2.6772334522845975e-23, nan 
113.625, 88.125, 3.0127562867414865e-23, nan 
113.875, 88.125, 4.1328984452026787e-23, nan 
114.125, 88.125, 3.1040070605404434e-23, nan 
114.375, 88.125, 2.3947833269774715e-23, nan 
114.625, 88.125, 1.6466821538076424e-23, nan 
114.875, 88.125, 1.502519020899958e-23, nan 
115.125, 88.125, 2.40468145927761e-23, nan 
115.375, 88.125, 2.4361144278147826e-23, nan 
115.625, 88.125, 2.3611085526482248e-23, nan 
115.875, 88.125, 1.9070914511724843e-23, nan 
116.125, 88.125, 1.4146267485235747e-23, nan 
116.375, 88.125, 1.4776971554855997e-23, nan 
116.625, 88.125, 1.8324087426565055e-23, nan 
116.875, 88.125, 1.753781850308907e-23, nan 
117.125, 88.125, 1.4445294562629063e-23, nan 
117.375, 88.125, 1.5020093117376672e-23, nan 
117.625, 88.125, 1.998514819595889e-23, nan 
117.875, 88.125, 1.906265216503181e-23, nan 
118.125, 88.125, 1.3760080262286106e-23, nan 
118.375, 88.125, 1.408351887057413e-23, nan 
118.625, 88.125, 1.2836777115364699e-23, nan 
118.875, 88.125, 1.7176115478725264e-23, nan 
119.125, 88.125, 1.7129222413127524e-23, nan 
119.375, 88.125, 1.786197079011485e-23, nan 
119.625, 88.125, 2.0255773958751458e-23, nan 
119.875, 88.125, 2.3441568017996996e-23, nan 
120.125, 88.125, 2.266492932927587e-23, nan 
120.375, 88.125, 2.1911980139826005e-23, nan 
120.625, 88.125, 2.1786040746087857e-23, nan 
120.875, 88.125, 1.9092905497384857e-23, nan 
121.125, 88.125, 1.667240836146574e-23, nan 
121.375, 88.125, 1.7312702461711255e-23, nan 
121.625, 88.125, 2.1206361243823978e-23, nan 
121.875, 88.125, 1.6701102278730816e-23, nan 
122.125, 88.125, 1.4318095349299018e-23, nan 
122.375, 88.125, 1.3993116154448806e-23, nan 
122.625, 88.125, 1.698200901301493e-23, nan 
122.875, 88.125, 2.700991554872303e-23, nan 
123.125, 88.125, 1.7960867832708733e-23, nan 
123.375, 88.125, 2.8083060444688026e-23, nan 
123.625, 88.125, 1.618474685999815e-23, nan 
123.875, 88.125, 2.889158076355469e-23, nan 
124.125, 88.125, 2.698523397190461e-23, nan 
124.375, 88.125, 2.1520570020464455e-23, nan 
124.625, 88.125, 2.160013061754504e-23, nan 
124.875, 88.125, 2.4180952431236895e-23, nan 
125.125, 88.125, 2.068197234499143e-23, nan 
125.375, 88.125, 1.6968875172197698e-23, nan 
125.625, 88.125, 1.3099462528936272e-23, nan 
125.875, 88.125, 1.30224193527418e-23, nan 
126.125, 88.125, 1.6614278560807076e-23, nan 
126.375, 88.125, 1.7473742376540357e-23, nan 
126.625, 88.125, 1.8253063769607322e-23, nan 
126.875, 88.125, 1.878135783413629e-23, nan 
127.125, 88.125, 1.799185213636107e-23, nan 
127.375, 88.125, 1.9004166187309972e-23, nan 
127.625, 88.125, 2.156562847716024e-23, nan 
127.875, 88.125, 2.3055504011859885e-23, nan 
128.125, 88.125, 2.3150291384679564e-23, nan 
128.375, 88.125, 2.1068356012696754e-23, nan 
128.625, 88.125, 2.0559367026284225e-23, nan 
128.875, 88.125, 1.7942078884949708e-23, nan 
129.125, 88.125, 3.7892883990228073e-23, nan 
129.375, 88.125, 1.0846782272621078e-23, nan 
129.625, 88.125, 3.353312339117693e-23, nan 
129.875, 88.125, 1.208367053296372e-23, nan 
130.125, 88.125, 1.4915069623643e-23, nan 
130.375, 88.125, 1.7369095210373905e-23, nan 
130.625, 88.125, 3.508142710849573e-23, nan 
130.875, 88.125, 1.9662789844645433e-23, nan 
131.125, 88.125, 4.2220146086018596e-23, nan 
131.375, 88.125, 2.1337170334402377e-23, nan 
131.625, 88.125, 4.758723137224565e-23, nan 
131.875, 88.125, 4.618403241603733e-23, nan 
132.125, 88.125, 1.7316806685563085e-23, nan 
132.375, 88.125, 3.119965108774784e-23, nan 
132.625, 88.125, 2.820221890657698e-23, nan 
132.875, 88.125, 2.0651074835548675e-23, nan 
133.125, 88.125, 1.582843658839195e-23, nan 
133.375, 88.125, 1.0554240214970816e-23, nan 
133.625, 88.125, 1.0987154462229672e-23, nan 
133.875, 88.125, 1.3110685257414826e-23, nan 
134.125, 88.125, 1.6159703620295562e-23, nan 
134.375, 88.125, 1.7900885053938632e-23, nan 
134.625, 88.125, 1.8099435697903774e-23, nan 
134.875, 88.125, 1.951145939291401e-23, nan 
135.125, 88.125, 2.026102943506596e-23, nan 
135.375, 88.125, 2.6765800728468394e-23, nan 
135.625, 88.125, 3.2170592404497335e-23, nan 
135.875, 88.125, 3.404336232982546e-23, nan 
136.125, 88.125, 2.741504331387257e-23, nan 
136.375, 88.125, 2.2090677542294182e-23, nan 
136.625, 88.125, 1.4326003583302193e-23, nan 
136.875, 88.125, 5.760370654155273e-23, nan 
137.125, 88.125, 1.6106523660348488e-23, nan 
137.375, 88.125, 4.9769068527827277e-23, nan 
137.625, 88.125, 3.194154402994722e-23, nan 
137.875, 88.125, 2.3341847546374004e-23, nan 
138.125, 88.125, 1.845013761917763e-23, nan 
138.375, 88.125, 2.1186016441814874e-23, nan 
138.625, 88.125, 1.7184661919583658e-23, nan 
138.875, 88.125, 2.4058818224572322e-23, nan 
139.125, 88.125, 1.732405753741427e-23, nan 
139.375, 88.125, 3.008881037256541e-23, nan 
139.625, 88.125, 3.4806063783436145e-23, nan 
139.875, 88.125, 2.057937372554055e-23, nan 
140.125, 88.125, 2.6767964268127106e-23, nan 
140.375, 88.125, 1.821317061533557e-23, nan 
140.625, 88.125, 1.277357310737152e-23, nan 
140.875, 88.125, 1.0494418691141276e-23, nan 
141.125, 88.125, 9.49824837529534e-24, nan 
141.375, 88.125, 9.13885272492306e-24, nan 
141.625, 88.125, 9.024618821126226e-24, nan 
141.875, 88.125, 8.609031210918072e-24, nan 
142.125, 88.125, 8.436531397153133e-24, nan 
142.375, 88.125, 5.3244432640276955e-24, nan 
142.625, 88.125, 3.942776622687534e-24, nan 
142.875, 88.125, 4.157412136838202e-24, nan 
143.125, 88.125, 1.0641626969132284e-23, nan 
143.375, 88.125, 1.5421731830095025e-23, nan 
143.625, 88.125, 1.6753590537688835e-23, nan 
143.875, 88.125, 1.3659911826637975e-23, nan 
144.125, 88.125, 1.064170684231738e-23, nan 
144.375, 88.125, 9.032554573521778e-24, nan 
144.625, 88.125, 2.5058498971363883e-23, nan 
144.875, 88.125, 9.742103448561399e-24, nan 
145.125, 88.125, 2.34808023376785e-23, nan 
145.375, 88.125, 2.120495967813652e-23, nan 
145.625, 88.125, 1.844804136576817e-23, nan 
145.875, 88.125, 8.782446847482262e-24, nan 
146.125, 88.125, 2.728661680602645e-23, nan 
146.375, 88.125, 2.9740649285147724e-23, nan 
146.625, 88.125, 2.8613995346180663e-23, nan 
146.875, 88.125, 2.2453456177080127e-23, nan 
147.125, 88.125, 2.2551274191698406e-23, nan 
147.375, 88.125, 2.2402434478721884e-23, nan 
147.625, 88.125, 2.5837571147896303e-23, nan 
147.875, 88.125, 2.6819130348505186e-23, nan 
148.125, 88.125, 2.716252844937243e-23, nan 
148.375, 88.125, 6.760344617771686e-24, nan 
148.625, 88.125, 1.3189730193854579e-23, nan 
148.875, 88.125, 2.730995767484418e-23, nan 
149.125, 88.125, 2.5511945429122196e-23, nan 
149.375, 88.125, 2.779849697174623e-23, nan 
149.625, 88.125, 1.5671141101753167e-23, nan 
149.875, 88.125, 2.5790162952189462e-23, nan 
150.125, 88.125, 2.78675461499595e-23, nan 
150.375, 88.125, 3.029362960007517e-23, nan 
150.625, 88.125, 3.07772746831499e-23, nan 
150.875, 88.125, 3.005780645811382e-23, nan 
151.125, 88.125, 2.4623817966966828e-23, nan 
151.375, 88.125, 1.9128100442330343e-23, nan 
151.625, 88.125, 1.5476598832796122e-23, nan 
151.875, 88.125, 1.3752097058235168e-23, nan 
152.125, 88.125, 1.226369914584898e-23, nan 
152.375, 88.125, 1.0918172139785884e-23, nan 
152.625, 88.125, 1.0102349947302523e-23, nan 
152.875, 88.125, 1.1214973704744954e-23, nan 
153.125, 88.125, 1.0226979573669608e-23, nan 
153.375, 88.125, 1.091579207510779e-23, nan 
153.625, 88.125, 1.2665537617111469e-23, nan 
153.875, 88.125, 1.448120856113461e-23, nan 
154.125, 88.125, 2.2239917106819714e-23, nan 
154.375, 88.125, 3.0302329846436565e-23, nan 
154.625, 88.125, 3.2306050721435284e-23, nan 
154.875, 88.125, 3.2778666754080454e-23, nan 
155.125, 88.125, 2.911267992728371e-23, nan 
155.375, 88.125, 1.8441083169108135e-23, nan 
155.625, 88.125, 2.6933342755981274e-23, nan 
155.875, 88.125, 2.207777498532919e-23, nan 
156.125, 88.125, 2.116532620984725e-23, nan 
156.375, 88.125, 2.1376002292638503e-23, nan 
156.625, 88.125, 2.139376201984307e-23, nan 
156.875, 88.125, 3.3474611092594e-23, nan 
157.125, 88.125, 2.610359553096567e-23, nan 
157.375, 88.125, 2.3624511339940774e-23, nan 
157.625, 88.125, 1.491135768371417e-23, nan 
157.875, 88.125, 1.8247636380049044e-23, nan 
158.125, 88.125, 1.5928774142467298e-23, nan 
158.375, 88.125, 1.444039666640573e-23, nan 
158.625, 88.125, 1.1621269790305712e-23, nan 
158.875, 88.125, 1.2397704233848191e-23, nan 
159.125, 88.125, 1.2933284938115375e-23, nan 
159.375, 88.125, 1.3461534421282695e-23, nan 
159.625, 88.125, 1.3729029306451795e-23, nan 
159.875, 88.125, 1.3925241239264678e-23, nan 
160.125, 88.125, 1.409588079141549e-23, nan 
160.375, 88.125, 1.542940143157516e-23, nan 
160.625, 88.125, 1.8806429111126908e-23, nan 
160.875, 88.125, 1.843337582112406e-23, nan 
161.125, 88.125, 1.859555606236e-23, nan 
161.375, 88.125, 1.9083892863402954e-23, nan 
161.625, 88.125, 1.991629755518515e-23, nan 
161.875, 88.125, 2.078799137393255e-23, nan 
162.125, 88.125, 1.992935158782978e-23, nan 
162.375, 88.125, 1.8408610821003097e-23, nan 
162.625, 88.125, 1.7108625071978993e-23, nan 
162.875, 88.125, 2.2183908598741518e-23, nan 
163.125, 88.125, 2.4490662352346284e-23, nan 
163.375, 88.125, 2.6578079090105576e-23, nan 
163.625, 88.125, 2.8717365520500494e-23, nan 
163.875, 88.125, 2.9629882894896643e-23, nan 
164.125, 88.125, 2.849457517012081e-23, nan 
164.375, 88.125, 2.5635455617370898e-23, nan 
164.625, 88.125, 3.9479308949478334e-23, nan 
164.875, 88.125, 3.0802385268420564e-23, nan 
165.125, 88.125, 1.8095777629658615e-23, nan 
165.375, 88.125, 1.4475229141896118e-23, nan 
165.625, 88.125, 1.8898423075418543e-23, nan 
165.875, 88.125, 1.8480398015349525e-23, nan 
166.125, 88.125, 2.2207641602225414e-23, nan 
166.375, 88.125, 2.063634162035256e-23, nan 
166.625, 88.125, 1.604645396181906e-23, nan 
166.875, 88.125, 1.3406434039645634e-23, nan 
167.125, 88.125, 1.559153166302905e-23, nan 
167.375, 88.125, 1.9443566428678425e-23, nan 
167.625, 88.125, 2.0892171870034686e-23, nan 
167.875, 88.125, 2.0595561284034643e-23, nan 
168.125, 88.125, 1.7373334517800752e-23, nan 
168.375, 88.125, 1.6533189521815638e-23, nan 
168.625, 88.125, 1.6003773440087194e-23, nan 
168.875, 88.125, 1.1417102619771932e-23, nan 
169.125, 88.125, 1.037490127120761e-23, nan 
169.375, 88.125, 1.0559580921528131e-23, nan 
169.625, 88.125, 1.3477473862490003e-23, nan 
169.875, 88.125, 9.533711943705027e-24, nan 
170.125, 88.125, 7.990979283595198e-24, nan 
170.375, 88.125, 7.32222387904547e-24, nan 
170.625, 88.125, 8.75795230188889e-24, nan 
170.875, 88.125, 8.495089130748796e-24, nan 
171.125, 88.125, 8.500135775523859e-24, nan 
171.375, 88.125, 8.567721499307705e-24, nan 
171.625, 88.125, 8.477733271459464e-24, nan 
171.875, 88.125, 8.331009348968991e-24, nan 
172.125, 88.125, 8.1758327869499e-24, nan 
172.375, 88.125, 1.850389159265358e-23, nan 
172.625, 88.125, 1.5572945966017678e-23, nan 
172.875, 88.125, 9.758292285701193e-24, nan 
173.125, 88.125, 1.2455233032022045e-23, nan 
173.375, 88.125, 1.1798215050593719e-23, nan 
173.625, 88.125, 1.339204217440271e-23, nan 
173.875, 88.125, 1.4040169959364622e-23, nan 
174.125, 88.125, 1.4492679717483846e-23, nan 
174.375, 88.125, 1.4330121803018522e-23, nan 
174.625, 88.125, 1.3942107341099598e-23, nan 
174.875, 88.125, 1.4082611472351375e-23, nan 
175.125, 88.125, 1.9710454177312916e-23, nan 
175.375, 88.125, 2.081056188335528e-23, nan 
175.625, 88.125, 2.0220839799651575e-23, nan 
175.875, 88.125, 2.1066433913476412e-23, nan 
176.125, 88.125, 1.7563797289563073e-23, nan 
176.375, 88.125, 2.1720461641701943e-23, nan 
176.625, 88.125, 1.8237473237658984e-23, nan 
176.875, 88.125, 1.7773647155732192e-23, nan 
177.125, 88.125, 1.33267538579009e-23, nan 
177.375, 88.125, 1.4839205038909155e-23, nan 
177.625, 88.125, 1.5419303622022336e-23, nan 
177.875, 88.125, 1.697881154697312e-23, nan 
178.125, 88.125, 1.9985844536356283e-23, nan 
178.375, 88.125, 2.4200633944240852e-23, nan 
178.625, 88.125, 2.3308320011161362e-23, nan 
178.875, 88.125, 1.857650381582293e-23, nan 
179.125, 88.125, 1.4225458067981082e-23, nan 
179.375, 88.125, 1.0133951711091437e-23, nan 
179.625, 88.125, 7.891462379038094e-24, nan 
179.875, 88.125, 5.838296537460163e-24, nan 
-179.875, 88.375, 4.669139497702326e-24, nan 
-179.625, 88.375, 5.417041172232413e-24, nan 
-179.375, 88.375, 5.701840239219647e-24, nan 
-179.125, 88.375, 5.479863449123784e-24, nan 
-178.875, 88.375, 4.896695061961528e-24, nan 
-178.625, 88.375, 4.835728848236786e-24, nan 
-178.375, 88.375, 5.19770050253726e-24, nan 
-178.125, 88.375, 5.030923208774422e-24, nan 
-177.875, 88.375, 5.311509273797709e-24, nan 
-177.625, 88.375, 5.528175256369183e-24, nan 
-177.375, 88.375, 5.8863813037074284e-24, nan 
-177.125, 88.375, 6.427625466080217e-24, nan 
-176.875, 88.375, 6.726839493020278e-24, nan 
-176.625, 88.375, 6.791500928877621e-24, nan 
-176.375, 88.375, 7.069508952280934e-24, nan 
-176.125, 88.375, 7.001104047944123e-24, nan 
-175.875, 88.375, 7.031014281317059e-24, nan 
-175.625, 88.375, 6.022298651807677e-24, nan 
-175.375, 88.375, 5.3450455432004526e-24, nan 
-175.125, 88.375, 5.397508646362398e-24, nan 
-174.875, 88.375, 5.831475326433741e-24, nan 
-174.625, 88.375, 5.406574457747415e-24, nan 
-174.375, 88.375, 6.336856892596678e-24, nan 
-174.125, 88.375, 6.87027287333363e-24, nan 
-173.875, 88.375, 7.57265190181031e-24, nan 
-173.625, 88.375, 8.962544200401753e-24, nan 
-173.375, 88.375, 9.672199679197651e-24, nan 
-173.125, 88.375, 9.249153778983522e-24, nan 
-172.875, 88.375, 8.31714290519747e-24, nan 
-172.625, 88.375, 7.15788952674197e-24, nan 
-172.375, 88.375, 8.185941687028149e-24, nan 
-172.125, 88.375, 9.230066191448005e-24, nan 
-171.875, 88.375, 7.118590442706036e-24, nan 
-171.625, 88.375, 7.203822578414932e-24, nan 
-171.375, 88.375, 6.996087541705727e-24, nan 
-171.125, 88.375, 7.363217033075735e-24, nan 
-170.875, 88.375, 7.244231756711214e-24, nan 
-170.625, 88.375, 7.476272117666385e-24, nan 
-170.375, 88.375, 7.925491791281048e-24, nan 
-170.125, 88.375, 9.540044766344346e-24, nan 
-169.875, 88.375, 9.537635584542092e-24, nan 
-169.625, 88.375, 9.430349098530735e-24, nan 
-169.375, 88.375, 8.791543772528586e-24, nan 
-169.125, 88.375, 7.466381110734568e-24, nan 
-168.875, 88.375, 6.0114792941309115e-24, nan 
-168.625, 88.375, 5.059447932924864e-24, nan 
-168.375, 88.375, 6.5103348436839135e-24, nan 
-168.125, 88.375, 7.984488111308305e-24, nan 
-167.875, 88.375, 9.069664001803945e-24, nan 
-167.625, 88.375, 9.945803123075103e-24, nan 
-167.375, 88.375, 1.0714500708101864e-23, nan 
-167.125, 88.375, 1.0807963654268436e-23, nan 
-166.875, 88.375, 9.527846360170744e-24, nan 
-166.625, 88.375, 8.513450246629585e-24, nan 
-166.375, 88.375, 8.840817974756555e-24, nan 
-166.125, 88.375, 1.0603510911103438e-23, nan 
-165.875, 88.375, 9.846207630730128e-24, nan 
-165.625, 88.375, 1.0671042328730016e-23, nan 
-165.375, 88.375, 1.5440783948971162e-23, nan 
-165.125, 88.375, 1.4778528981615113e-23, nan 
-164.875, 88.375, 1.6858871989246108e-23, nan 
-164.625, 88.375, 1.845718452387665e-23, nan 
-164.375, 88.375, 2.1006306298393454e-23, nan 
-164.125, 88.375, 1.8451875031299896e-23, nan 
-163.875, 88.375, 1.1900852279218325e-23, nan 
-163.625, 88.375, 1.3798130687520122e-23, nan 
-163.375, 88.375, 1.6389847203339365e-23, nan 
-163.125, 88.375, 1.1956417049868197e-23, nan 
-162.875, 88.375, 1.3057688515419243e-23, nan 
-162.625, 88.375, 1.3990818938658607e-23, nan 
-162.375, 88.375, 1.4359090145188463e-23, nan 
-162.125, 88.375, 1.483997938263213e-23, nan 
-161.875, 88.375, 1.682608586445998e-23, nan 
-161.625, 88.375, 1.9210738963758224e-23, nan 
-161.375, 88.375, 2.0914117260574117e-23, nan 
-161.125, 88.375, 2.1799227033829544e-23, nan 
-160.875, 88.375, 2.1810856944095022e-23, nan 
-160.625, 88.375, 2.1013616809698758e-23, nan 
-160.375, 88.375, 1.908292559982957e-23, nan 
-160.125, 88.375, 1.6599930721537802e-23, nan 
-159.875, 88.375, 1.3789153713654377e-23, nan 
-159.625, 88.375, 1.118211456506694e-23, nan 
-159.375, 88.375, 1.0587382509750666e-23, nan 
-159.125, 88.375, 9.70507054461569e-24, nan 
-158.875, 88.375, 9.884886532892024e-24, nan 
-158.625, 88.375, 9.864316914475323e-24, nan 
-158.375, 88.375, 1.026194799917052e-23, nan 
-158.125, 88.375, 1.0941833973689572e-23, nan 
-157.875, 88.375, 1.3028257832980923e-23, nan 
-157.625, 88.375, 1.2738360485499849e-23, nan 
-157.375, 88.375, 1.2571986692708408e-23, nan 
-157.125, 88.375, 1.1806939308016528e-23, nan 
-156.875, 88.375, 1.174556153769977e-23, nan 
-156.625, 88.375, 1.2119728665265544e-23, nan 
-156.375, 88.375, 1.2289669560449465e-23, nan 
-156.125, 88.375, 1.2046760022022312e-23, nan 
-155.875, 88.375, 1.2469497634480273e-23, nan 
-155.625, 88.375, 1.1645231672273516e-23, nan 
-155.375, 88.375, 1.0927404468918324e-23, nan 
-155.125, 88.375, 9.859306587213986e-24, nan 
-154.875, 88.375, 1.057093766180931e-23, nan 
-154.625, 88.375, 1.117598734799949e-23, nan 
-154.375, 88.375, 8.958996305306688e-24, nan 
-154.125, 88.375, 9.638004118203029e-24, nan 
-153.875, 88.375, 9.718636034420309e-24, nan 
-153.625, 88.375, 9.496336988013969e-24, nan 
-153.375, 88.375, 9.4694726431271e-24, nan 
-153.125, 88.375, 1.016242367737469e-23, nan 
-152.875, 88.375, 1.1235324001138053e-23, nan 
-152.625, 88.375, 1.1835829084228058e-23, nan 
-152.375, 88.375, 1.2244310983924723e-23, nan 
-152.125, 88.375, 1.2106874802491659e-23, nan 
-151.875, 88.375, 1.1814279593205866e-23, nan 
-151.625, 88.375, 1.0866872199135107e-23, nan 
-151.375, 88.375, 9.385753561595887e-24, nan 
-151.125, 88.375, 7.939610010049787e-24, nan 
-150.875, 88.375, 6.549662473016734e-24, nan 
-150.625, 88.375, 5.489867596720242e-24, nan 
-150.375, 88.375, 4.9233874836644065e-24, nan 
-150.125, 88.375, 4.50637007275035e-24, nan 
-149.875, 88.375, 4.059444345112015e-24, nan 
-149.625, 88.375, 3.755789406629061e-24, nan 
-149.375, 88.375, 5.566797187306225e-24, nan 
-149.125, 88.375, 5.5621545995477595e-24, nan 
-148.875, 88.375, 5.699677473182948e-24, nan 
-148.625, 88.375, 5.768320337623281e-24, nan 
-148.375, 88.375, 5.800534128950882e-24, nan 
-148.125, 88.375, 5.63890802950813e-24, nan 
-147.875, 88.375, 5.527858595498897e-24, nan 
-147.625, 88.375, 4.871678127990855e-24, nan 
-147.375, 88.375, 3.789460537096829e-24, nan 
-147.125, 88.375, 5.368699310989168e-24, nan 
-146.875, 88.375, 5.5132537490953904e-24, nan 
-146.625, 88.375, 5.548541089554045e-24, nan 
-146.375, 88.375, 5.535831917328805e-24, nan 
-146.125, 88.375, 5.8233080691209785e-24, nan 
-145.875, 88.375, 5.607863651138404e-24, nan 
-145.625, 88.375, 5.580809404932154e-24, nan 
-145.375, 88.375, 4.2135215829763785e-24, nan 
-145.125, 88.375, 3.7986219849462495e-24, nan 
-144.875, 88.375, 3.530755207284436e-24, nan 
-144.625, 88.375, 3.4935334220642305e-24, nan 
-144.375, 88.375, 3.464424590654008e-24, nan 
-144.125, 88.375, 3.4589942271663636e-24, nan 
-143.875, 88.375, 3.6663962403059675e-24, nan 
-143.625, 88.375, 3.681663458542958e-24, nan 
-143.375, 88.375, 3.896044709472924e-24, nan 
-143.125, 88.375, 4.256821386772373e-24, nan 
-142.875, 88.375, 4.394133236490053e-24, nan 
-142.625, 88.375, 3.716812158126673e-24, nan 
-142.375, 88.375, 4.663565002897336e-24, nan 
-142.125, 88.375, 4.84944702407454e-24, nan 
-141.875, 88.375, 4.5299301011610616e-24, nan 
-141.625, 88.375, 4.318961049641746e-24, nan 
-141.375, 88.375, 4.249310435181302e-24, nan 
-141.125, 88.375, 4.109170674455232e-24, nan 
-140.875, 88.375, 3.997622773867326e-24, nan 
-140.625, 88.375, 4.572873673089431e-24, nan 
-140.375, 88.375, 4.419352071036159e-24, nan 
-140.125, 88.375, 4.382077271333676e-24, nan 
-139.875, 88.375, 4.267553175274228e-24, nan 
-139.625, 88.375, 4.206012499788842e-24, nan 
-139.375, 88.375, 4.5222071052938526e-24, nan 
-139.125, 88.375, 3.989941333424252e-24, nan 
-138.875, 88.375, 3.699642833839677e-24, nan 
-138.625, 88.375, 3.398834518889441e-24, nan 
-138.375, 88.375, 4.153687627562267e-24, nan 
-138.125, 88.375, 3.6304332301976336e-24, nan 
-137.875, 88.375, 3.305138170914934e-24, nan 
-137.625, 88.375, 3.122060687575988e-24, nan 
-137.375, 88.375, 3.147112423006515e-24, nan 
-137.125, 88.375, 3.407743945851901e-24, nan 
-136.875, 88.375, 3.495350162174969e-24, nan 
-136.625, 88.375, 3.278610355035022e-24, nan 
-136.375, 88.375, 3.101918698980445e-24, nan 
-136.125, 88.375, 3.383779915354455e-24, nan 
-135.875, 88.375, 2.685768833083489e-24, nan 
-135.625, 88.375, 2.705827541206113e-24, nan 
-135.375, 88.375, 2.56877861270784e-24, nan 
-135.125, 88.375, 2.5139886861279035e-24, nan 
-134.875, 88.375, 2.5373819199147404e-24, nan 
-134.625, 88.375, 1.6944207449765363e-24, nan 
-134.375, 88.375, 1.9014379241797735e-24, nan 
-134.125, 88.375, 1.7791223092449565e-24, nan 
-133.875, 88.375, 1.912386045103795e-24, nan 
-133.625, 88.375, 1.9676126115431243e-24, nan 
-133.375, 88.375, 1.7369634612078805e-24, nan 
-133.125, 88.375, 1.6426265914911981e-24, nan 
-132.875, 88.375, 1.7528807963069423e-24, nan 
-132.625, 88.375, 1.8117175979493963e-24, nan 
-132.375, 88.375, 2.1384924197927078e-24, nan 
-132.125, 88.375, 2.2085146659930037e-24, nan 
-131.875, 88.375, 1.5176743039563477e-24, nan 
-131.625, 88.375, 1.3324661927091077e-24, nan 
-131.375, 88.375, 1.4295865215744851e-24, nan 
-131.125, 88.375, 1.6845102278238585e-24, nan 
-130.875, 88.375, 2.017833428708524e-24, nan 
-130.625, 88.375, 2.2725045068308857e-24, nan 
-130.375, 88.375, 2.208632475025027e-24, nan 
-130.125, 88.375, 2.3579270488330573e-24, nan 
-129.875, 88.375, 2.2270083513919705e-24, nan 
-129.625, 88.375, 1.2402501473550715e-24, nan 
-129.375, 88.375, 1.2604115697631846e-24, nan 
-129.125, 88.375, 1.4142181738353925e-24, nan 
-128.875, 88.375, 1.803071218096963e-24, nan 
-128.625, 88.375, 1.9385804705306756e-24, nan 
-128.375, 88.375, 2.8378521956346652e-24, nan 
-128.125, 88.375, 3.1404114467848613e-24, nan 
-127.875, 88.375, 3.377283151845824e-24, nan 
-127.625, 88.375, 3.8172621613775255e-24, nan 
-127.375, 88.375, 3.7381688470730504e-24, nan 
-127.125, 88.375, 4.0916479381391564e-24, nan 
-126.875, 88.375, 3.924385655272747e-24, nan 
-126.625, 88.375, 3.9785437720520875e-24, nan 
-126.375, 88.375, 4.334573319027066e-24, nan 
-126.125, 88.375, 4.392376776400759e-24, nan 
-125.875, 88.375, 4.291846633175963e-24, nan 
-125.625, 88.375, 4.4000202801671475e-24, nan 
-125.375, 88.375, 4.178337614288877e-24, nan 
-125.125, 88.375, 4.030296407167294e-24, nan 
-124.875, 88.375, 3.814679479191777e-24, nan 
-124.625, 88.375, 4.080346758337944e-24, nan 
-124.375, 88.375, 4.344680102211554e-24, nan 
-124.125, 88.375, 4.263328704023934e-24, nan 
-123.875, 88.375, 4.364077470801192e-24, nan 
-123.625, 88.375, 4.477455843601327e-24, nan 
-123.375, 88.375, 4.533358072538664e-24, nan 
-123.125, 88.375, 4.83886041601706e-24, nan 
-122.875, 88.375, 5.087215520403888e-24, nan 
-122.625, 88.375, 5.28608276017929e-24, nan 
-122.375, 88.375, 5.640328155736183e-24, nan 
-122.125, 88.375, 5.74382828343598e-24, nan 
-121.875, 88.375, 5.9179351569343264e-24, nan 
-121.625, 88.375, 4.6664304890038386e-24, nan 
-121.375, 88.375, 4.208999011033757e-24, nan 
-121.125, 88.375, 3.9868525234326826e-24, nan 
-120.875, 88.375, 4.041286081122479e-24, nan 
-120.625, 88.375, 3.972192656491661e-24, nan 
-120.375, 88.375, 3.9751559654093006e-24, nan 
-120.125, 88.375, 3.924564992384441e-24, nan 
-119.875, 88.375, 3.8422161832731676e-24, nan 
-119.625, 88.375, 3.896292135739052e-24, nan 
-119.375, 88.375, 4.0708704659896895e-24, nan 
-119.125, 88.375, 4.088294985344786e-24, nan 
-118.875, 88.375, 4.18095944913628e-24, nan 
-118.625, 88.375, 4.3676147896511586e-24, nan 
-118.375, 88.375, 5.012950803968937e-24, nan 
-118.125, 88.375, 4.982109822607496e-24, nan 
-117.875, 88.375, 4.8699975533101234e-24, nan 
-117.625, 88.375, 5.0234757788097685e-24, nan 
-117.375, 88.375, 4.9463544430222625e-24, nan 
-117.125, 88.375, 4.884339672726508e-24, nan 
-116.875, 88.375, 4.8687062959293036e-24, nan 
-116.625, 88.375, 4.755723083767918e-24, nan 
-116.375, 88.375, 4.771350639867461e-24, nan 
-116.125, 88.375, 4.795036394128597e-24, nan 
-115.875, 88.375, 4.654815798947746e-24, nan 
-115.625, 88.375, 4.664707716946098e-24, nan 
-115.375, 88.375, 4.747978636270553e-24, nan 
-115.125, 88.375, 4.8708635186035505e-24, nan 
-114.875, 88.375, 5.023432636396641e-24, nan 
-114.625, 88.375, 4.964925572388892e-24, nan 
-114.375, 88.375, 5.014239077727974e-24, nan 
-114.125, 88.375, 5.0572174522764175e-24, nan 
-113.875, 88.375, 5.0948234425754004e-24, nan 
-113.625, 88.375, 5.299117670869822e-24, nan 
-113.375, 88.375, 5.205613818869158e-24, nan 
-113.125, 88.375, 5.18628089604415e-24, nan 
-112.875, 88.375, 4.457469883744795e-24, nan 
-112.625, 88.375, 4.2331238912680694e-24, nan 
-112.375, 88.375, 4.184446289383615e-24, nan 
-112.125, 88.375, 4.0712904034669984e-24, nan 
-111.875, 88.375, 3.885981166684442e-24, nan 
-111.625, 88.375, 4.0957576159874e-24, nan 
-111.375, 88.375, 3.9367621001623314e-24, nan 
-111.125, 88.375, 3.790514753020388e-24, nan 
-110.875, 88.375, 3.765392134865927e-24, nan 
-110.625, 88.375, 3.565508662488992e-24, nan 
-110.375, 88.375, 3.641563284494769e-24, nan 
-110.125, 88.375, 3.591136663272916e-24, nan 
-109.875, 88.375, 3.521655333072497e-24, nan 
-109.625, 88.375, 4.169197438811319e-24, nan 
-109.375, 88.375, 3.846689763473521e-24, nan 
-109.125, 88.375, 3.6993418292376516e-24, nan 
-108.875, 88.375, 4.361992481665786e-24, nan 
-108.625, 88.375, 4.034973674439905e-24, nan 
-108.375, 88.375, 4.228091330781971e-24, nan 
-108.125, 88.375, 4.5431230663197214e-24, nan 
-107.875, 88.375, 5.030206005671794e-24, nan 
-107.625, 88.375, 5.3431428498711934e-24, nan 
-107.375, 88.375, 5.339027306561072e-24, nan 
-107.125, 88.375, 5.230003280861958e-24, nan 
-106.875, 88.375, 4.7616005872959646e-24, nan 
-106.625, 88.375, 5.76322365425009e-24, nan 
-106.375, 88.375, 6.275662937209053e-24, nan 
-106.125, 88.375, 6.405465307631252e-24, nan 
-105.875, 88.375, 6.65329576425136e-24, nan 
-105.625, 88.375, 6.241762665317108e-24, nan 
-105.375, 88.375, 5.008571642416703e-24, nan 
-105.125, 88.375, 5.1112631635607835e-24, nan 
-104.875, 88.375, 8.42642068741801e-24, nan 
-104.625, 88.375, 6.2608552116457296e-24, nan 
-104.375, 88.375, 4.3206800205252036e-24, nan 
-104.125, 88.375, 3.79099752298136e-24, nan 
-103.875, 88.375, 7.362860362897903e-24, nan 
-103.625, 88.375, 6.8180638996337e-24, nan 
-103.375, 88.375, 3.573206051622396e-24, nan 
-103.125, 88.375, 3.593851236561194e-24, nan 
-102.875, 88.375, 3.640297206939154e-24, nan 
-102.625, 88.375, 3.4823570042028515e-24, nan 
-102.375, 88.375, 3.555416860316362e-24, nan 
-102.125, 88.375, 3.713135540264059e-24, nan 
-101.875, 88.375, 2.791490657634849e-24, nan 
-101.625, 88.375, 2.8627432659450214e-24, nan 
-101.375, 88.375, 2.6171218013398037e-24, nan 
-101.125, 88.375, 4.763090972162706e-24, nan 
-100.875, 88.375, 4.9023284482816755e-24, nan 
-100.625, 88.375, 4.416778649041397e-24, nan 
-100.375, 88.375, 3.766025572518105e-24, nan 
-100.125, 88.375, 2.751220267931898e-24, nan 
-99.875, 88.375, 3.685490687327983e-24, nan 
-99.625, 88.375, 3.866250688829641e-24, nan 
-99.375, 88.375, 3.2874952350250793e-24, nan 
-99.125, 88.375, 2.5378980906991667e-24, nan 
-98.875, 88.375, 2.6643264146046142e-24, nan 
-98.625, 88.375, 2.5527578096641074e-24, nan 
-98.375, 88.375, 3.031734013425486e-24, nan 
-98.125, 88.375, 3.1708890673505152e-24, nan 
-97.875, 88.375, 3.3689127932839646e-24, nan 
-97.625, 88.375, 3.468353964803743e-24, nan 
-97.375, 88.375, 3.806067165161553e-24, nan 
-97.125, 88.375, 3.829768559930551e-24, nan 
-96.875, 88.375, 3.5126279835569456e-24, nan 
-96.625, 88.375, 3.60404414734481e-24, nan 
-96.375, 88.375, 3.341973643239102e-24, nan 
-96.125, 88.375, 2.9974821311351638e-24, nan 
-95.875, 88.375, 2.921507115281471e-24, nan 
-95.625, 88.375, 3.757267608877577e-24, nan 
-95.375, 88.375, 3.045175518678439e-24, nan 
-95.125, 88.375, 2.9575158325186763e-24, nan 
-94.875, 88.375, 2.8272462808042995e-24, nan 
-94.625, 88.375, 3.556099732572917e-24, nan 
-94.375, 88.375, 3.313701995712105e-24, nan 
-94.125, 88.375, 3.6592536564973604e-24, nan 
-93.875, 88.375, 3.235027888636962e-24, nan 
-93.625, 88.375, 3.0658083201350256e-24, nan 
-93.375, 88.375, 3.1438355053084934e-24, nan 
-93.125, 88.375, 2.575911436702809e-24, nan 
-92.875, 88.375, 2.6757131156731723e-24, nan 
-92.625, 88.375, 2.5909058306912377e-24, nan 
-92.375, 88.375, 2.5293832565321256e-24, nan 
-92.125, 88.375, 2.6170712379754857e-24, nan 
-91.875, 88.375, 2.485847403894842e-24, nan 
-91.625, 88.375, 2.5083031288969175e-24, nan 
-91.375, 88.375, 2.685134142236231e-24, nan 
-91.125, 88.375, 2.653576439863871e-24, nan 
-90.875, 88.375, 2.5347926761327736e-24, nan 
-90.625, 88.375, 2.769677432917086e-24, nan 
-90.375, 88.375, 2.6939486133276125e-24, nan 
-90.125, 88.375, 2.6366042718233005e-24, nan 
-89.875, 88.375, 2.1001589598142366e-24, nan 
-89.625, 88.375, 1.762215773069766e-24, nan 
-89.375, 88.375, 2.34541672017309e-24, nan 
-89.125, 88.375, 2.38461717805537e-24, nan 
-88.875, 88.375, 2.4056090238718956e-24, nan 
-88.625, 88.375, 2.4025755856106072e-24, nan 
-88.375, 88.375, 2.0318510576434306e-24, nan 
-88.125, 88.375, 2.0091566730253507e-24, nan 
-87.875, 88.375, 2.0972041845364825e-24, nan 
-87.625, 88.375, 2.2533616721685196e-24, nan 
-87.375, 88.375, 2.3712042822135713e-24, nan 
-87.125, 88.375, 2.435984122520956e-24, nan 
-86.875, 88.375, 2.3444339052297446e-24, nan 
-86.625, 88.375, 2.4117975253085548e-24, nan 
-86.375, 88.375, 2.5340589420788485e-24, nan 
-86.125, 88.375, 2.369416617635494e-24, nan 
-85.875, 88.375, 2.3818870198525957e-24, nan 
-85.625, 88.375, 2.4490065164773693e-24, nan 
-85.375, 88.375, 2.2152470060725603e-24, nan 
-85.125, 88.375, 2.383014907425331e-24, nan 
-84.875, 88.375, 2.3963407283678587e-24, nan 
-84.625, 88.375, 2.4753809953611394e-24, nan 
-84.375, 88.375, 2.4227996953843237e-24, nan 
-84.125, 88.375, 2.5947685881195642e-24, nan 
-83.875, 88.375, 2.7588858792784453e-24, nan 
-83.625, 88.375, 2.7259583524416223e-24, nan 
-83.375, 88.375, 2.8445941191520746e-24, nan 
-83.125, 88.375, 2.897083188652712e-24, nan 
-82.875, 88.375, 2.6212395238462186e-24, nan 
-82.625, 88.375, 2.571608290649428e-24, nan 
-82.375, 88.375, 2.6497848672599694e-24, nan 
-82.125, 88.375, 2.357358282360478e-24, nan 
-81.875, 88.375, 2.7127817617316708e-24, nan 
-81.625, 88.375, 2.577484921801438e-24, nan 
-81.375, 88.375, 2.5243895188848005e-24, nan 
-81.125, 88.375, 2.2429788321540706e-24, nan 
-80.875, 88.375, 2.0322643663589372e-24, nan 
-80.625, 88.375, 2.3763853035038252e-24, nan 
-80.375, 88.375, 2.4730367111887698e-24, nan 
-80.125, 88.375, 2.342430112650387e-24, nan 
-79.875, 88.375, 2.2772066707951483e-24, nan 
-79.625, 88.375, 2.6737896185677395e-24, nan 
-79.375, 88.375, 2.4506954481150532e-24, nan 
-79.125, 88.375, 2.3012928190691817e-24, nan 
-78.875, 88.375, 2.279687354610711e-24, nan 
-78.625, 88.375, 2.2547333513783718e-24, nan 
-78.375, 88.375, 2.2911481651618366e-24, nan 
-78.125, 88.375, 2.231886313794123e-24, nan 
-77.875, 88.375, 2.221813113885754e-24, nan 
-77.625, 88.375, 2.3749925460008807e-24, nan 
-77.375, 88.375, 2.2893384295901696e-24, nan 
-77.125, 88.375, 2.3795798002580273e-24, nan 
-76.875, 88.375, 2.277618743338102e-24, nan 
-76.625, 88.375, 2.007711828752664e-24, nan 
-76.375, 88.375, 1.9687337789927875e-24, nan 
-76.125, 88.375, 1.9348666835157026e-24, nan 
-75.875, 88.375, 2.1840542362872958e-24, nan 
-75.625, 88.375, 2.269512507952272e-24, nan 
-75.375, 88.375, 2.0911812667430083e-24, nan 
-75.125, 88.375, 1.98935699330608e-24, nan 
-74.875, 88.375, 1.9344388631486482e-24, nan 
-74.625, 88.375, 2.0958761951584956e-24, nan 
-74.375, 88.375, 2.0449881513436014e-24, nan 
-74.125, 88.375, 1.868153422729281e-24, nan 
-73.875, 88.375, 1.8690110723511325e-24, nan 
-73.625, 88.375, 2.0758012320475198e-24, nan 
-73.375, 88.375, 1.8945094706101744e-24, nan 
-73.125, 88.375, 2.251979732318121e-24, nan 
-72.875, 88.375, 2.1473927710542302e-24, nan 
-72.625, 88.375, 2.1135792398095063e-24, nan 
-72.375, 88.375, 1.8876503710745627e-24, nan 
-72.125, 88.375, 1.8223346330366435e-24, nan 
-71.875, 88.375, 1.6040290051666678e-24, nan 
-71.625, 88.375, 1.9087712216888897e-24, nan 
-71.375, 88.375, 2.280766175222214e-24, nan 
-71.125, 88.375, 2.5614261572333317e-24, nan 
-70.875, 88.375, 3.47176117157276e-24, nan 
-70.625, 88.375, 3.7012098588905514e-24, nan 
-70.375, 88.375, 3.6188710202310755e-24, nan 
-70.125, 88.375, 2.4145714987575017e-24, nan 
-69.875, 88.375, 2.149837747000122e-24, nan 
-69.625, 88.375, 2.1352965699521328e-24, nan 
-69.375, 88.375, 2.2343370511751392e-24, nan 
-69.125, 88.375, 2.636869494952859e-24, nan 
-68.875, 88.375, 4.0296416334533304e-24, nan 
-68.625, 88.375, 4.783342996886249e-24, nan 
-68.375, 88.375, 3.4491228781546465e-24, nan 
-68.125, 88.375, 2.0378065868633574e-24, nan 
-67.875, 88.375, 1.4208482405605655e-24, nan 
-67.625, 88.375, 1.5553393566843493e-24, nan 
-67.375, 88.375, 1.381633682515036e-24, nan 
-67.125, 88.375, 1.5378421012861161e-24, nan 
-66.875, 88.375, 1.810734738487155e-24, nan 
-66.625, 88.375, 1.690971775651261e-24, nan 
-66.375, 88.375, 1.7381455942682573e-24, nan 
-66.125, 88.375, 1.8388557548616103e-24, nan 
-65.875, 88.375, 1.7710337769242757e-24, nan 
-65.625, 88.375, 1.947275820914469e-24, nan 
-65.375, 88.375, 2.326925452799879e-24, nan 
-65.125, 88.375, 2.5712247717254924e-24, nan 
-64.875, 88.375, 2.0659896455532658e-24, nan 
-64.625, 88.375, 2.2657257306518395e-24, nan 
-64.375, 88.375, 4.353661311704616e-24, nan 
-64.125, 88.375, 5.952261633676847e-24, nan 
-63.875, 88.375, 7.566516737236333e-24, nan 
-63.625, 88.375, 5.2516090362196185e-24, nan 
-63.375, 88.375, 5.1589382985210664e-24, nan 
-63.125, 88.375, 2.990299607121645e-24, nan 
-62.875, 88.375, 2.7886551338928285e-24, nan 
-62.625, 88.375, 2.900550781983459e-24, nan 
-62.375, 88.375, 3.1681282100136802e-24, nan 
-62.125, 88.375, 3.549050023154161e-24, nan 
-61.875, 88.375, 4.378378727356712e-24, nan 
-61.625, 88.375, 5.9726956918306775e-24, nan 
-61.375, 88.375, 9.092126089631973e-24, nan 
-61.125, 88.375, 9.819037220281328e-24, nan 
-60.875, 88.375, 1.0180931779656642e-23, nan 
-60.625, 88.375, 6.79402780575931e-24, nan 
-60.375, 88.375, 5.318787953014393e-24, nan 
-60.125, 88.375, 6.352224733333899e-24, nan 
-59.875, 88.375, 7.524044721826023e-24, nan 
-59.625, 88.375, 5.440418861858485e-24, nan 
-59.375, 88.375, 4.391617539563166e-24, nan 
-59.125, 88.375, 5.787271321117753e-24, nan 
-58.875, 88.375, 3.3088802104827126e-24, nan 
-58.625, 88.375, 4.3868710975972795e-24, nan 
-58.375, 88.375, 4.365561648042307e-24, nan 
-58.125, 88.375, 4.571091394758553e-24, nan 
-57.875, 88.375, 5.921800033486531e-24, nan 
-57.625, 88.375, 5.8993718007525046e-24, nan 
-57.375, 88.375, 5.928468706527915e-24, nan 
-57.125, 88.375, 5.9979115101025984e-24, nan 
-56.875, 88.375, 6.111999532669213e-24, nan 
-56.625, 88.375, 6.187153728714651e-24, nan 
-56.375, 88.375, 6.320027940558769e-24, nan 
-56.125, 88.375, 6.45990576163461e-24, nan 
-55.875, 88.375, 6.577728865868065e-24, nan 
-55.625, 88.375, 6.736150018358146e-24, nan 
-55.375, 88.375, 7.073207877802252e-24, nan 
-55.125, 88.375, 7.864060391469417e-24, nan 
-54.875, 88.375, 9.327878066834136e-24, nan 
-54.625, 88.375, 8.81668151297859e-24, nan 
-54.375, 88.375, 9.068126020167125e-24, nan 
-54.125, 88.375, 1.0870273975166808e-23, nan 
-53.875, 88.375, 8.717736170010618e-24, nan 
-53.625, 88.375, 8.066352760109473e-24, nan 
-53.375, 88.375, 7.645585606696364e-24, nan 
-53.125, 88.375, 6.939084129663892e-24, nan 
-52.875, 88.375, 6.380210728032596e-24, nan 
-52.625, 88.375, 6.89839399765149e-24, nan 
-52.375, 88.375, 7.666052180519932e-24, nan 
-52.125, 88.375, 9.10897291768309e-24, nan 
-51.875, 88.375, 9.870386615425124e-24, nan 
-51.625, 88.375, 8.030824188226623e-24, nan 
-51.375, 88.375, 7.152654477958068e-24, nan 
-51.125, 88.375, 6.609206949229467e-24, nan 
-50.875, 88.375, 6.495921918246578e-24, nan 
-50.625, 88.375, 5.822940106595723e-24, nan 
-50.375, 88.375, 7.242980128895852e-24, nan 
-50.125, 88.375, 5.935015944884209e-24, nan 
-49.875, 88.375, 5.920140761649827e-24, nan 
-49.625, 88.375, 5.94179540033422e-24, nan 
-49.375, 88.375, 5.670711797140305e-24, nan 
-49.125, 88.375, 5.8248287104304105e-24, nan 
-48.875, 88.375, 5.466736727842446e-24, nan 
-48.625, 88.375, 5.7421363882786825e-24, nan 
-48.375, 88.375, 5.348857640504871e-24, nan 
-48.125, 88.375, 5.563857677957461e-24, nan 
-47.875, 88.375, 5.312794853315939e-24, nan 
-47.625, 88.375, 5.392847773294883e-24, nan 
-47.375, 88.375, 5.4911606760079456e-24, nan 
-47.125, 88.375, 5.415169075295101e-24, nan 
-46.875, 88.375, 5.443209078989815e-24, nan 
-46.625, 88.375, 5.400508256788481e-24, nan 
-46.375, 88.375, 5.007978353033148e-24, nan 
-46.125, 88.375, 6.907570247468815e-24, nan 
-45.875, 88.375, 5.0324085822619916e-24, nan 
-45.625, 88.375, 5.0234771482897895e-24, nan 
-45.375, 88.375, 9.889976956504083e-24, nan 
-45.125, 88.375, 4.5519777195164916e-24, nan 
-44.875, 88.375, 3.637376233641349e-24, nan 
-44.625, 88.375, 3.606076097052349e-24, nan 
-44.375, 88.375, 3.927921824808443e-24, nan 
-44.125, 88.375, 5.9831610545243156e-24, nan 
-43.875, 88.375, 8.295566204962165e-24, nan 
-43.625, 88.375, 9.195020808066602e-24, nan 
-43.375, 88.375, 9.182132946618687e-24, nan 
-43.125, 88.375, 8.931532426328256e-24, nan 
-42.875, 88.375, 6.305125163474369e-24, nan 
-42.625, 88.375, 5.1255500025258335e-24, nan 
-42.375, 88.375, 5.375151805566804e-24, nan 
-42.125, 88.375, 5.309609271832763e-24, nan 
-41.875, 88.375, 4.4323844278114244e-24, nan 
-41.625, 88.375, 5.756272197434184e-24, nan 
-41.375, 88.375, 6.614286002149255e-24, nan 
-41.125, 88.375, 5.7938746631348984e-24, nan 
-40.875, 88.375, 5.906709971244098e-24, nan 
-40.625, 88.375, 6.829039690583611e-24, nan 
-40.375, 88.375, 6.998596233442752e-24, nan 
-40.125, 88.375, 6.651918262151009e-24, nan 
-39.875, 88.375, 6.926071220561951e-24, nan 
-39.625, 88.375, 6.876710780614738e-24, nan 
-39.375, 88.375, 7.269504919325807e-24, nan 
-39.125, 88.375, 7.401723767025897e-24, nan 
-38.875, 88.375, 7.794389570524813e-24, nan 
-38.625, 88.375, 8.152624255322463e-24, nan 
-38.375, 88.375, 8.02584249520385e-24, nan 
-38.125, 88.375, 8.149052644599632e-24, nan 
-37.875, 88.375, 8.069602604059905e-24, nan 
-37.625, 88.375, 6.854028976067059e-24, nan 
-37.375, 88.375, 5.834251212107671e-24, nan 
-37.125, 88.375, 6.051911247847901e-24, nan 
-36.875, 88.375, 4.427317371187993e-24, nan 
-36.625, 88.375, 5.42160615080089e-24, nan 
-36.375, 88.375, 3.0203762178172325e-24, nan 
-36.125, 88.375, 2.7161492302564496e-24, nan 
-35.875, 88.375, 2.921218765808043e-24, nan 
-35.625, 88.375, 4.566591836712472e-24, nan 
-35.375, 88.375, 8.333854794369099e-24, nan 
-35.125, 88.375, 1.3066591949402641e-23, nan 
-34.875, 88.375, 1.609687425408645e-23, nan 
-34.625, 88.375, 1.675572772137334e-23, nan 
-34.375, 88.375, 1.6327958209810497e-23, nan 
-34.125, 88.375, 1.0360266456869157e-23, nan 
-33.875, 88.375, 7.116653277054732e-24, nan 
-33.625, 88.375, 5.350321972322349e-24, nan 
-33.375, 88.375, 4.826097864950219e-24, nan 
-33.125, 88.375, 5.226283032217601e-24, nan 
-32.875, 88.375, 5.066491539267423e-24, nan 
-32.625, 88.375, 5.373447782917067e-24, nan 
-32.375, 88.375, 4.843229422521546e-24, nan 
-32.125, 88.375, 5.184975928731963e-24, nan 
-31.875, 88.375, 4.554462718117116e-24, nan 
-31.625, 88.375, 3.6433915361940974e-24, nan 
-31.375, 88.375, 4.222366617871424e-24, nan 
-31.125, 88.375, 5.991931119155749e-24, nan 
-30.875, 88.375, 1.088657380664772e-23, nan 
-30.625, 88.375, 1.2510305910263806e-23, nan 
-30.375, 88.375, 1.493791633594032e-23, nan 
-30.125, 88.375, 1.6470850492820437e-23, nan 
-29.875, 88.375, 1.678552654503178e-23, nan 
-29.625, 88.375, 1.6505958901760982e-23, nan 
-29.375, 88.375, 1.6170579709705287e-23, nan 
-29.125, 88.375, 1.4863320342800328e-23, nan 
-28.875, 88.375, 1.359286960841699e-23, nan 
-28.625, 88.375, 1.1057183321248523e-23, nan 
-28.375, 88.375, 8.018657625951845e-24, nan 
-28.125, 88.375, 6.0394201874588835e-24, nan 
-27.875, 88.375, 4.7074184090774655e-24, nan 
-27.625, 88.375, 3.3016654433979935e-24, nan 
-27.375, 88.375, 2.482043636107401e-24, nan 
-27.125, 88.375, 2.1239864924021846e-24, nan 
-26.875, 88.375, 2.3950129421707492e-24, nan 
-26.625, 88.375, 3.985805725675086e-24, nan 
-26.375, 88.375, 6.49132118012144e-24, nan 
-26.125, 88.375, 8.34498901556294e-24, nan 
-25.875, 88.375, 9.534122062296863e-24, nan 
-25.625, 88.375, 9.0927023042056e-24, nan 
-25.375, 88.375, 6.4259909188024536e-24, nan 
-25.125, 88.375, 5.606251010856277e-24, nan 
-24.875, 88.375, 5.584412421109415e-24, nan 
-24.625, 88.375, 6.1113854692267945e-24, nan 
-24.375, 88.375, 7.744183855119988e-24, nan 
-24.125, 88.375, 1.4099724765162175e-23, nan 
-23.875, 88.375, 1.1978079022036088e-23, nan 
-23.625, 88.375, 3.7323014627207505e-24, nan 
-23.375, 88.375, 4.4470921488667695e-24, nan 
-23.125, 88.375, 2.1526572027638043e-24, nan 
-22.875, 88.375, 2.9476758881365976e-24, nan 
-22.625, 88.375, 9.60592842041e-24, nan 
-22.375, 88.375, 3.9921177858564905e-24, nan 
-22.125, 88.375, 1.5938502722313756e-23, nan 
-21.875, 88.375, 1.559668127936578e-23, nan 
-21.625, 88.375, 1.4569247583236686e-23, nan 
-21.375, 88.375, 1.3601913317903614e-23, nan 
-21.125, 88.375, 1.382770545808484e-23, nan 
-20.875, 88.375, 1.2804920163743248e-23, nan 
-20.625, 88.375, 1.5448336456627246e-23, nan 
-20.375, 88.375, 9.704114617432518e-24, nan 
-20.125, 88.375, 7.067124730392191e-24, nan 
-19.875, 88.375, 4.178846261663317e-24, nan 
-19.625, 88.375, 4.90369586630045e-24, nan 
-19.375, 88.375, 7.809570604485191e-24, nan 
-19.125, 88.375, 1.2749759720975062e-23, nan 
-18.875, 88.375, 1.4978638657444496e-23, nan 
-18.625, 88.375, 8.708156327152142e-24, nan 
-18.375, 88.375, 1.4874154042732903e-23, nan 
-18.125, 88.375, 1.831361440971899e-24, nan 
-17.875, 88.375, 1.467587850515443e-24, nan 
-17.625, 88.375, 1.3546003346074142e-24, nan 
-17.375, 88.375, 1.3043723566169596e-24, nan 
-17.125, 88.375, 1.4522781627825544e-24, nan 
-16.875, 88.375, 3.1157980105398523e-24, nan 
-16.625, 88.375, 3.944877393174421e-24, nan 
-16.375, 88.375, 5.495416377977548e-24, nan 
-16.125, 88.375, 4.7381386231350375e-24, nan 
-15.875, 88.375, 4.996447554658683e-24, nan 
-15.625, 88.375, 5.114209472262935e-24, nan 
-15.375, 88.375, 5.3716408976338544e-24, nan 
-15.125, 88.375, 5.000481923909104e-24, nan 
-14.875, 88.375, 4.495652377779977e-24, nan 
-14.625, 88.375, 3.1997351741722404e-24, nan 
-14.375, 88.375, 2.297165527332984e-24, nan 
-14.125, 88.375, 1.2611623831507071e-23, nan 
-13.875, 88.375, 7.467940403129364e-24, nan 
-13.625, 88.375, 4.199523076578482e-24, nan 
-13.375, 88.375, 2.854136789138055e-24, nan 
-13.125, 88.375, 2.502629659778044e-24, nan 
-12.875, 88.375, 2.4423822008422434e-24, nan 
-12.625, 88.375, 2.4645547670888824e-24, nan 
-12.375, 88.375, 2.3161069582191045e-24, nan 
-12.125, 88.375, 2.359135384333936e-24, nan 
-11.875, 88.375, 2.453924481640307e-24, nan 
-11.625, 88.375, 2.5343245976443087e-24, nan 
-11.375, 88.375, 2.9903033515828164e-24, nan 
-11.125, 88.375, 3.424055371647733e-24, nan 
-10.875, 88.375, 3.792836127965009e-24, nan 
-10.625, 88.375, 3.814625194450075e-24, nan 
-10.375, 88.375, 3.550801780484204e-24, nan 
-10.125, 88.375, 2.9920070757335828e-24, nan 
-9.875, 88.375, 2.9683696299947093e-24, nan 
-9.625, 88.375, 3.125143406889735e-24, nan 
-9.375, 88.375, 2.756608620131693e-24, nan 
-9.125, 88.375, 2.7648907225569074e-24, nan 
-8.875, 88.375, 2.7937959243526503e-24, nan 
-8.625, 88.375, 2.901703596234002e-24, nan 
-8.375, 88.375, 3.033177104481497e-24, nan 
-8.125, 88.375, 3.23005390070774e-24, nan 
-7.875, 88.375, 3.524504854578188e-24, nan 
-7.625, 88.375, 4.49839574170484e-24, nan 
-7.375, 88.375, 5.044548018723802e-24, nan 
-7.125, 88.375, 6.316981123847459e-24, nan 
-6.875, 88.375, 7.299498351501855e-24, nan 
-6.625, 88.375, 8.529602603646768e-24, nan 
-6.375, 88.375, 9.985066877130457e-24, nan 
-6.125, 88.375, 1.0980431517374855e-23, nan 
-5.875, 88.375, 1.0427261400132408e-23, nan 
-5.625, 88.375, 1.0636448416919048e-23, nan 
-5.375, 88.375, 9.055290773946542e-24, nan 
-5.125, 88.375, 8.156355033011993e-24, nan 
-4.875, 88.375, 6.977759465880903e-24, nan 
-4.625, 88.375, 5.9443158933814436e-24, nan 
-4.375, 88.375, 5.106121519679865e-24, nan 
-4.125, 88.375, 3.918193621988538e-24, nan 
-3.875, 88.375, 3.23090470366055e-24, nan 
-3.625, 88.375, 3.426536361170066e-24, nan 
-3.375, 88.375, 4.546084801442952e-24, nan 
-3.125, 88.375, 4.1363617979859095e-24, nan 
-2.875, 88.375, 4.111462703286905e-24, nan 
-2.625, 88.375, 3.400704239740177e-24, nan 
-2.375, 88.375, 3.45269019054996e-24, nan 
-2.125, 88.375, 3.389108885901281e-24, nan 
-1.875, 88.375, 2.525461455390853e-24, nan 
-1.625, 88.375, 2.7232359424813407e-24, nan 
-1.375, 88.375, 2.346853452112394e-24, nan 
-1.125, 88.375, 2.8565388948517823e-24, nan 
-0.875, 88.375, 2.835920458997449e-24, nan 
-0.625, 88.375, 2.629226477880394e-24, nan 
-0.375, 88.375, 2.591468998429535e-24, nan 
-0.125, 88.375, 2.7217969693710638e-24, nan 
0.125, 88.375, 2.746370339401627e-24, nan 
0.375, 88.375, 2.797201431381246e-24, nan 
0.625, 88.375, 2.829032853263127e-24, nan 
0.875, 88.375, 2.240327535643626e-24, nan 
1.125, 88.375, 2.093496391994071e-24, nan 
1.375, 88.375, 2.4651320849573367e-24, nan 
1.625, 88.375, 2.440622879526643e-24, nan 
1.875, 88.375, 3.0359277773210964e-24, nan 
2.125, 88.375, 3.4799951121808216e-24, nan 
2.375, 88.375, 3.799449913180303e-24, nan 
2.625, 88.375, 3.890847081662163e-24, nan 
2.875, 88.375, 3.0536862146789044e-24, nan 
3.125, 88.375, 4.138054000144145e-24, nan 
3.375, 88.375, 4.152838275979175e-24, nan 
3.625, 88.375, 4.031902698813752e-24, nan 
3.875, 88.375, 2.3591841465173006e-24, nan 
4.125, 88.375, 2.4315956564814474e-24, nan 
4.375, 88.375, 2.4184331984657415e-24, nan 
4.625, 88.375, 2.324886442547208e-24, nan 
4.875, 88.375, 2.124872481109475e-24, nan 
5.125, 88.375, 1.866186624026289e-24, nan 
5.375, 88.375, 2.0816131238701627e-24, nan 
5.625, 88.375, 2.3898063324870607e-24, nan 
5.875, 88.375, 3.092585313975075e-24, nan 
6.125, 88.375, 3.07703553408178e-24, nan 
6.375, 88.375, 4.43981563405392e-24, nan 
6.625, 88.375, 3.948984209892934e-24, nan 
6.875, 88.375, 3.662783400324203e-24, nan 
7.125, 88.375, 2.5408791717778167e-24, nan 
7.375, 88.375, 2.198499127753952e-24, nan 
7.625, 88.375, 2.6066922275975814e-24, nan 
7.875, 88.375, 2.1201629501354682e-24, nan 
8.125, 88.375, 2.6216403694342724e-24, nan 
8.375, 88.375, 3.1044589997856998e-24, nan 
8.625, 88.375, 3.2785867287456247e-24, nan 
8.875, 88.375, 3.7041459109221085e-24, nan 
9.125, 88.375, 4.0175256472854895e-24, nan 
9.375, 88.375, 4.498781848628172e-24, nan 
9.625, 88.375, 2.615688512524796e-24, nan 
9.875, 88.375, 2.4800983260443584e-24, nan 
10.125, 88.375, 3.475261739693347e-24, nan 
10.375, 88.375, 3.378490107769281e-24, nan 
10.625, 88.375, 3.2242484172918216e-24, nan 
10.875, 88.375, 3.1824075018865418e-24, nan 
11.125, 88.375, 3.0416647471551426e-24, nan 
11.375, 88.375, 3.055905632283697e-24, nan 
11.625, 88.375, 2.3970936116291357e-24, nan 
11.875, 88.375, 2.1390537998261915e-24, nan 
12.125, 88.375, 2.071428244855349e-24, nan 
12.375, 88.375, 2.2224491416263934e-24, nan 
12.625, 88.375, 1.1508799598807168e-24, nan 
12.875, 88.375, 1.6592323522029808e-24, nan 
13.125, 88.375, 2.130293132393223e-24, nan 
13.375, 88.375, 2.1788066970967417e-24, nan 
13.625, 88.375, 3.5842333739518995e-24, nan 
13.875, 88.375, 2.49968880510595e-24, nan 
14.125, 88.375, 3.180785132800913e-24, nan 
14.375, 88.375, 3.520226858940484e-24, nan 
14.625, 88.375, 3.6150539989388e-24, nan 
14.875, 88.375, 3.381052779022824e-24, nan 
15.125, 88.375, 4.496257869800758e-24, nan 
15.375, 88.375, 4.3160842386665094e-24, nan 
15.625, 88.375, 4.085941906428982e-24, nan 
15.875, 88.375, 3.450240021479347e-24, nan 
16.125, 88.375, 2.7970254813195632e-24, nan 
16.375, 88.375, 3.5193971012495005e-24, nan 
16.625, 88.375, 2.3639542899521814e-24, nan 
16.875, 88.375, 2.8761648134809936e-24, nan 
17.125, 88.375, 2.0411336305148036e-24, nan 
17.375, 88.375, 2.0749794762235118e-24, nan 
17.625, 88.375, 2.3463915570595815e-24, nan 
17.875, 88.375, 2.3692350023627877e-24, nan 
18.125, 88.375, 3.907670064274343e-24, nan 
18.375, 88.375, 4.262671369489549e-24, nan 
18.625, 88.375, 4.385612386236996e-24, nan 
18.875, 88.375, 4.309390728073625e-24, nan 
19.125, 88.375, 4.0993351919082285e-24, nan 
19.375, 88.375, 3.774762786268147e-24, nan 
19.625, 88.375, 3.093820113061769e-24, nan 
19.875, 88.375, 2.137843850706739e-24, nan 
20.125, 88.375, 2.8193034163502827e-24, nan 
20.375, 88.375, 2.892689614342625e-24, nan 
20.625, 88.375, 3.046365391429153e-24, nan 
20.875, 88.375, 3.5096301931620725e-24, nan 
21.125, 88.375, 3.94611118670412e-24, nan 
21.375, 88.375, 3.5212033243557974e-24, nan 
21.625, 88.375, 2.3250489693251522e-24, nan 
21.875, 88.375, 4.241544048796775e-24, nan 
22.125, 88.375, 4.0911018376486036e-24, nan 
22.375, 88.375, 4.564264611017337e-24, nan 
22.625, 88.375, 5.546302955143594e-24, nan 
22.875, 88.375, 8.444144553373987e-24, nan 
23.125, 88.375, 5.232226897437693e-24, nan 
23.375, 88.375, 6.498442857621136e-24, nan 
23.625, 88.375, 8.22741264290145e-24, nan 
23.875, 88.375, 8.522541250072166e-24, nan 
24.125, 88.375, 8.443876428726624e-24, nan 
24.375, 88.375, 7.158840220866193e-24, nan 
24.625, 88.375, 1.7532403285631698e-24, nan 
24.875, 88.375, 5.2921168184283955e-24, nan 
25.125, 88.375, 5.235909284681107e-24, nan 
25.375, 88.375, 6.215990430230364e-24, nan 
25.625, 88.375, 6.756740144227074e-24, nan 
25.875, 88.375, 6.1495780943755494e-24, nan 
26.125, 88.375, 5.380897613014715e-24, nan 
26.375, 88.375, 3.893437317491577e-24, nan 
26.625, 88.375, 6.2059648406891015e-24, nan 
26.875, 88.375, 5.98657697601533e-24, nan 
27.125, 88.375, 3.8439093885953695e-24, nan 
27.375, 88.375, 4.507131305755115e-24, nan 
27.625, 88.375, 4.770572740955203e-24, nan 
27.875, 88.375, 4.17921567287542e-24, nan 
28.125, 88.375, 4.793138086529987e-24, nan 
28.375, 88.375, 4.198309182710418e-24, nan 
28.625, 88.375, 3.768130000807973e-24, nan 
28.875, 88.375, 5.189496648228099e-24, nan 
29.125, 88.375, 6.742748144334235e-24, nan 
29.375, 88.375, 3.8400650194563525e-24, nan 
29.625, 88.375, 5.4930867467209075e-24, nan 
29.875, 88.375, 3.595566969835507e-24, nan 
30.125, 88.375, 2.8360339762994763e-24, nan 
30.375, 88.375, 1.6831693245538648e-24, nan 
30.625, 88.375, 3.130773373491782e-24, nan 
30.875, 88.375, 6.4344829800092054e-24, nan 
31.125, 88.375, 5.939397844927165e-24, nan 
31.375, 88.375, 7.167421162276752e-24, nan 
31.625, 88.375, 8.188803267908704e-24, nan 
31.875, 88.375, 8.872721341927041e-24, nan 
32.125, 88.375, 1.0005734067087478e-23, nan 
32.375, 88.375, 1.0719629849194923e-23, nan 
32.625, 88.375, 9.939347130545267e-24, nan 
32.875, 88.375, 1.0110603947210288e-23, nan 
33.125, 88.375, 1.0957991856603061e-23, nan 
33.375, 88.375, 1.0345273196278039e-23, nan 
33.625, 88.375, 9.642972652698483e-24, nan 
33.875, 88.375, 1.0001730163153136e-23, nan 
34.125, 88.375, 7.438151253259744e-24, nan 
34.375, 88.375, 7.301946325962064e-24, nan 
34.625, 88.375, 5.4196246147617285e-24, nan 
34.875, 88.375, 5.352100946751786e-24, nan 
35.125, 88.375, 4.470396469362665e-24, nan 
35.375, 88.375, 3.712870032372173e-24, nan 
35.625, 88.375, 3.3118571702770196e-24, nan 
35.875, 88.375, 2.8551688245133417e-24, nan 
36.125, 88.375, 9.946300391831365e-24, nan 
36.375, 88.375, 5.417259880426949e-24, nan 
36.625, 88.375, 7.079809491921019e-24, nan 
36.875, 88.375, 3.4720448120473825e-24, nan 
37.125, 88.375, 1.6336663941016175e-24, nan 
37.375, 88.375, 7.97249959057161e-24, nan 
37.625, 88.375, 9.302405873466395e-24, nan 
37.875, 88.375, 1.1785155747817449e-23, nan 
38.125, 88.375, 8.54342039390378e-24, nan 
38.375, 88.375, 1.0872082596868203e-23, nan 
38.625, 88.375, 1.072314370343426e-23, nan 
38.875, 88.375, 1.1920156844467355e-23, nan 
39.125, 88.375, 1.1677116119836652e-23, nan 
39.375, 88.375, 1.0481745486959084e-23, nan 
39.625, 88.375, 8.293223492678742e-24, nan 
39.875, 88.375, 9.087963259722542e-24, nan 
40.125, 88.375, 9.373331083869797e-24, nan 
40.375, 88.375, 8.586512741193752e-24, nan 
40.625, 88.375, 8.664998598470501e-24, nan 
40.875, 88.375, 9.327354548965198e-24, nan 
41.125, 88.375, 1.0110647482863112e-23, nan 
41.375, 88.375, 1.1932743748875827e-23, nan 
41.625, 88.375, 2.0849200253981846e-23, nan 
41.875, 88.375, 2.4605360709424984e-23, nan 
42.125, 88.375, 2.6944499636782694e-23, nan 
42.375, 88.375, 2.026498529119094e-23, nan 
42.625, 88.375, 1.845640744341148e-23, nan 
42.875, 88.375, 1.751760535053387e-23, nan 
43.125, 88.375, 1.9988482452811192e-23, nan 
43.375, 88.375, 1.7728798833424125e-23, nan 
43.625, 88.375, 1.6345256004603168e-23, nan 
43.875, 88.375, 1.4534269057732732e-23, nan 
44.125, 88.375, 1.1458338797682001e-23, nan 
44.375, 88.375, 9.579755757371146e-24, nan 
44.625, 88.375, 7.216303376977343e-24, nan 
44.875, 88.375, 8.044738671929287e-24, nan 
45.125, 88.375, 7.799489537448e-24, nan 
45.375, 88.375, 1.2562405711684215e-23, nan 
45.625, 88.375, 1.2262363345020015e-23, nan 
45.875, 88.375, 1.2697503434968667e-23, nan 
46.125, 88.375, 2.3746592343467736e-23, nan 
46.375, 88.375, 2.4100453252852332e-23, nan 
46.625, 88.375, 2.4312271328676092e-23, nan 
46.875, 88.375, 2.5319714155599686e-23, nan 
47.125, 88.375, 2.5409691879476694e-23, nan 
47.375, 88.375, 2.7602542967230387e-23, nan 
47.625, 88.375, 2.7781531212232565e-23, nan 
47.875, 88.375, 2.777023970661388e-23, nan 
48.125, 88.375, 2.753367389098862e-23, nan 
48.375, 88.375, 2.5651252277584852e-23, nan 
48.625, 88.375, 2.5893825556716404e-23, nan 
48.875, 88.375, 2.762782276391157e-23, nan 
49.125, 88.375, 2.6512323243661894e-23, nan 
49.375, 88.375, 2.5688539173987897e-23, nan 
49.625, 88.375, 2.491371094459862e-23, nan 
49.875, 88.375, 2.3032155575697602e-23, nan 
50.125, 88.375, 2.079804493890397e-23, nan 
50.375, 88.375, 1.798870266834593e-23, nan 
50.625, 88.375, 2.1264433297726026e-23, nan 
50.875, 88.375, 2.335285583909918e-23, nan 
51.125, 88.375, 2.5082228975900143e-23, nan 
51.375, 88.375, 2.469623392423523e-23, nan 
51.625, 88.375, 1.972130925169443e-23, nan 
51.875, 88.375, 1.54351815735912e-23, nan 
52.125, 88.375, 1.6820666811447382e-23, nan 
52.375, 88.375, 1.429119488666794e-23, nan 
52.625, 88.375, 1.3626672327140153e-23, nan 
52.875, 88.375, 1.237574345380976e-23, nan 
53.125, 88.375, 1.1098602487931488e-23, nan 
53.375, 88.375, 9.812803112791182e-24, nan 
53.625, 88.375, 9.671071305204812e-24, nan 
53.875, 88.375, 9.056302310936356e-24, nan 
54.125, 88.375, 1.3032841895225392e-23, nan 
54.375, 88.375, 1.236999120333838e-23, nan 
54.625, 88.375, 1.2128560046272664e-23, nan 
54.875, 88.375, 1.9067927051208547e-23, nan 
55.125, 88.375, 1.9758729108130374e-23, nan 
55.375, 88.375, 2.011277679825087e-23, nan 
55.625, 88.375, 2.0145398379464888e-23, nan 
55.875, 88.375, 1.969466255316355e-23, nan 
56.125, 88.375, 1.987786224517055e-23, nan 
56.375, 88.375, 1.990148233394712e-23, nan 
56.625, 88.375, 2.0004561988668806e-23, nan 
56.875, 88.375, 1.9870438675581305e-23, nan 
57.125, 88.375, 1.9487708246238105e-23, nan 
57.375, 88.375, 1.9472518644070618e-23, nan 
57.625, 88.375, 1.8989970837718016e-23, nan 
57.875, 88.375, 1.8483087398622595e-23, nan 
58.125, 88.375, 1.79169871773012e-23, nan 
58.375, 88.375, 1.7257776730403816e-23, nan 
58.625, 88.375, 1.6244540113510693e-23, nan 
58.875, 88.375, 1.4968451657511468e-23, nan 
59.125, 88.375, 4.8322706952714934e-24, nan 
59.375, 88.375, 4.990520687796007e-24, nan 
59.625, 88.375, 5.299061291817446e-24, nan 
59.875, 88.375, 1.8949663297196197e-23, nan 
60.125, 88.375, 1.8864736235581616e-23, nan 
60.375, 88.375, 1.5100385086353848e-23, nan 
60.625, 88.375, 5.142331623661834e-24, nan 
60.875, 88.375, 1.170263027677997e-23, nan 
61.125, 88.375, 4.841328236313826e-24, nan 
61.375, 88.375, 4.835635111082468e-24, nan 
61.625, 88.375, 5.3123408109836546e-24, nan 
61.875, 88.375, 6.001528453703085e-24, nan 
62.125, 88.375, 6.124341930676517e-24, nan 
62.375, 88.375, 8.45126183073176e-24, nan 
62.625, 88.375, 1.005085819919875e-23, nan 
62.875, 88.375, 1.284294166834247e-23, nan 
63.125, 88.375, 1.4814129875329002e-23, nan 
63.375, 88.375, 1.7646066203053343e-23, nan 
63.625, 88.375, 1.9612392659274596e-23, nan 
63.875, 88.375, 2.2340268359103435e-23, nan 
64.125, 88.375, 2.079080240114752e-23, nan 
64.375, 88.375, 1.9984775491554892e-23, nan 
64.625, 88.375, 1.6194253819929587e-23, nan 
64.875, 88.375, 1.5598904932090373e-23, nan 
65.125, 88.375, 4.372670069185381e-24, nan 
65.375, 88.375, 3.624500839582927e-24, nan 
65.625, 88.375, 3.2072746106426176e-24, nan 
65.875, 88.375, 2.9771972210239233e-24, nan 
66.125, 88.375, 2.4219437381689755e-24, nan 
66.375, 88.375, 3.688038976071264e-24, nan 
66.625, 88.375, 3.971035150019131e-24, nan 
66.875, 88.375, 3.401868020504059e-24, nan 
67.125, 88.375, 3.681836936807653e-24, nan 
67.375, 88.375, 4.330559440561362e-24, nan 
67.625, 88.375, 4.686954724569764e-24, nan 
67.875, 88.375, 4.3499603532550066e-24, nan 
68.125, 88.375, 4.515043720155201e-24, nan 
68.375, 88.375, 5.226699157024337e-24, nan 
68.625, 88.375, 3.528619014012031e-24, nan 
68.875, 88.375, 2.7834720279765803e-24, nan 
69.125, 88.375, 3.475713462195486e-24, nan 
69.375, 88.375, 3.7445482996500146e-24, nan 
69.625, 88.375, 7.176582248683834e-24, nan 
69.875, 88.375, 7.349828766432842e-24, nan 
70.125, 88.375, 9.799346077235152e-24, nan 
70.375, 88.375, 1.100226029059311e-23, nan 
70.625, 88.375, 1.0870848521781444e-23, nan 
70.875, 88.375, 6.519878643763281e-24, nan 
71.125, 88.375, 3.841315260537556e-24, nan 
71.375, 88.375, 4.270801460477998e-24, nan 
71.625, 88.375, 4.2113417359268506e-24, nan 
71.875, 88.375, 4.2318775288754074e-24, nan 
72.125, 88.375, 3.371052707783451e-24, nan 
72.375, 88.375, 2.6348616144741448e-24, nan 
72.625, 88.375, 1.694888118074786e-24, nan 
72.875, 88.375, 2.3604252419441042e-24, nan 
73.125, 88.375, 2.1448929773426198e-24, nan 
73.375, 88.375, 2.5925573657415055e-24, nan 
73.625, 88.375, 7.116405468078125e-24, nan 
73.875, 88.375, 2.9253958823988955e-24, nan 
74.125, 88.375, 3.1186285920688514e-24, nan 
74.375, 88.375, 3.416197752220756e-24, nan 
74.625, 88.375, 3.0722900191447423e-24, nan 
74.875, 88.375, 3.168442088859351e-24, nan 
75.125, 88.375, 4.527533300395946e-24, nan 
75.375, 88.375, 5.347456664893047e-24, nan 
75.625, 88.375, 5.6077757140009046e-24, nan 
75.875, 88.375, 5.974043936289107e-24, nan 
76.125, 88.375, 6.470517030111404e-24, nan 
76.375, 88.375, 6.206287791029642e-24, nan 
76.625, 88.375, 6.961670748034647e-24, nan 
76.875, 88.375, 6.071985989211001e-24, nan 
77.125, 88.375, 6.241282252721715e-24, nan 
77.375, 88.375, 6.338466091386361e-24, nan 
77.625, 88.375, 6.40865346682841e-24, nan 
77.875, 88.375, 5.803061252072787e-24, nan 
78.125, 88.375, 6.802349197975758e-24, nan 
78.375, 88.375, 6.894212160738765e-24, nan 
78.625, 88.375, 7.27847837950655e-24, nan 
78.875, 88.375, 8.030042460322161e-24, nan 
79.125, 88.375, 8.672618536612948e-24, nan 
79.375, 88.375, 9.573827309376742e-24, nan 
79.625, 88.375, 8.978594044856193e-24, nan 
79.875, 88.375, 1.014782433175435e-23, nan 
80.125, 88.375, 1.0345435796955731e-23, nan 
80.375, 88.375, 1.0649428627740963e-23, nan 
80.625, 88.375, 9.795611155378889e-24, nan 
80.875, 88.375, 9.070217257883726e-24, nan 
81.125, 88.375, 7.411169242002219e-24, nan 
81.375, 88.375, 5.99318495765607e-24, nan 
81.625, 88.375, 6.240527948396274e-24, nan 
81.875, 88.375, 7.328995897926623e-24, nan 
82.125, 88.375, 8.437316311468038e-24, nan 
82.375, 88.375, 1.7319053154477705e-23, nan 
82.625, 88.375, 8.839185332213725e-24, nan 
82.875, 88.375, 7.808073620176021e-24, nan 
83.125, 88.375, 8.367299239858733e-24, nan 
83.375, 88.375, 1.078138860162013e-23, nan 
83.625, 88.375, 8.102403464776225e-24, nan 
83.875, 88.375, 8.9711158614181e-24, nan 
84.125, 88.375, 9.798645681575704e-24, nan 
84.375, 88.375, 1.0179580642804124e-23, nan 
84.625, 88.375, 1.0892045595002846e-23, nan 
84.875, 88.375, 1.1733744616992841e-23, nan 
85.125, 88.375, 1.2857211668373896e-23, nan 
85.375, 88.375, 1.6550109594929484e-23, nan 
85.625, 88.375, 1.831315299063458e-23, nan 
85.875, 88.375, 1.466925895973148e-23, nan 
86.125, 88.375, 8.634913915801475e-24, nan 
86.375, 88.375, 6.4697181375119e-24, nan 
86.625, 88.375, 5.6617258905731126e-24, nan 
86.875, 88.375, 6.960446096794947e-24, nan 
87.125, 88.375, 8.265942537551398e-24, nan 
87.375, 88.375, 1.0674409357489282e-23, nan 
87.625, 88.375, 1.5213699879212382e-23, nan 
87.875, 88.375, 1.2030068616492945e-23, nan 
88.125, 88.375, 1.1773516502197566e-23, nan 
88.375, 88.375, 9.962741889388332e-24, nan 
88.625, 88.375, 9.49371940451721e-24, nan 
88.875, 88.375, 9.072410775873243e-24, nan 
89.125, 88.375, 8.40141991080783e-24, nan 
89.375, 88.375, 8.457266875401798e-24, nan 
89.625, 88.375, 7.855147531286984e-24, nan 
89.875, 88.375, 7.029697582940845e-24, nan 
90.125, 88.375, 5.721847074057597e-24, nan 
90.375, 88.375, 3.573105941089054e-24, nan 
90.625, 88.375, 2.8840298278100587e-24, nan 
90.875, 88.375, 3.082229139041574e-24, nan 
91.125, 88.375, 1.1813227371508552e-23, nan 
91.375, 88.375, 6.883342027926505e-24, nan 
91.625, 88.375, 5.671018093138084e-24, nan 
91.875, 88.375, 5.619686774519597e-24, nan 
92.125, 88.375, 8.405284809715856e-24, nan 
92.375, 88.375, 6.492977150838473e-24, nan 
92.625, 88.375, 5.211432765936493e-24, nan 
92.875, 88.375, 3.987800267651934e-24, nan 
93.125, 88.375, 6.627949352208301e-24, nan 
93.375, 88.375, 8.010317661437128e-24, nan 
93.625, 88.375, 8.811566011518666e-24, nan 
93.875, 88.375, 9.75761823994584e-24, nan 
94.125, 88.375, 9.920343153552152e-24, nan 
94.375, 88.375, 1.0159798085054993e-23, nan 
94.625, 88.375, 1.0637747749899784e-23, nan 
94.875, 88.375, 1.1325956935516014e-23, nan 
95.125, 88.375, 1.125005604891498e-23, nan 
95.375, 88.375, 1.1418485038363342e-23, nan 
95.625, 88.375, 1.085582710202362e-23, nan 
95.875, 88.375, 1.0135185007377885e-23, nan 
96.125, 88.375, 9.564776235443807e-24, nan 
96.375, 88.375, 9.049789288558457e-24, nan 
96.625, 88.375, 5.8887600731356e-24, nan 
96.875, 88.375, 1.3814617676331548e-23, nan 
97.125, 88.375, 1.2661910537403688e-23, nan 
97.375, 88.375, 6.669088055365772e-24, nan 
97.625, 88.375, 7.168501736536955e-24, nan 
97.875, 88.375, 7.902971993583976e-24, nan 
98.125, 88.375, 8.908434452075661e-24, nan 
98.375, 88.375, 8.515831189961962e-24, nan 
98.625, 88.375, 8.206525418392602e-24, nan 
98.875, 88.375, 7.984450430240673e-24, nan 
99.125, 88.375, 6.98247372438209e-24, nan 
99.375, 88.375, 7.068772768039894e-24, nan 
99.625, 88.375, 7.38581862178882e-24, nan 
99.875, 88.375, 7.782350040774029e-24, nan 
100.125, 88.375, 9.115916030379484e-24, nan 
100.375, 88.375, 1.5470745780654755e-23, nan 
100.625, 88.375, 1.5520607648419585e-23, nan 
100.875, 88.375, 1.3964015928337593e-23, nan 
101.125, 88.375, 1.1035809620492488e-23, nan 
101.375, 88.375, 9.359867201097145e-24, nan 
101.625, 88.375, 7.105049811892625e-24, nan 
101.875, 88.375, 6.441515700298714e-24, nan 
102.125, 88.375, 7.504339610544454e-24, nan 
102.375, 88.375, 9.58418857731618e-24, nan 
102.625, 88.375, 1.0049485960765301e-23, nan 
102.875, 88.375, 9.725023219394662e-24, nan 
103.125, 88.375, 1.0341302879217223e-23, nan 
103.375, 88.375, 1.1150994627404281e-23, nan 
103.625, 88.375, 1.2233073805791188e-23, nan 
103.875, 88.375, 1.2597433293399672e-23, nan 
104.125, 88.375, 1.3283121202819754e-23, nan 
104.375, 88.375, 1.3269381980865505e-23, nan 
104.625, 88.375, 1.3142208112423998e-23, nan 
104.875, 88.375, 1.3627709559722437e-23, nan 
105.125, 88.375, 1.4240452670137357e-23, nan 
105.375, 88.375, 1.373739041155058e-23, nan 
105.625, 88.375, 1.4146728380268358e-23, nan 
105.875, 88.375, 1.4931405883623394e-23, nan 
106.125, 88.375, 4.996074738816152e-24, nan 
106.375, 88.375, 1.2971448176663545e-23, nan 
106.625, 88.375, 1.2346155283672069e-23, nan 
106.875, 88.375, 1.0199652875547175e-23, nan 
107.125, 88.375, 8.071068180092949e-24, nan 
107.375, 88.375, 7.161216830872716e-24, nan 
107.625, 88.375, 6.6043923444476735e-24, nan 
107.875, 88.375, 4.802854197044852e-24, nan 
108.125, 88.375, 1.2597380414351559e-23, nan 
108.375, 88.375, 1.2871145890055729e-23, nan 
108.625, 88.375, 1.2983610892596582e-23, nan 
108.875, 88.375, 1.3684321065115106e-23, nan 
109.125, 88.375, 1.6033739728920956e-23, nan 
109.375, 88.375, 1.59316736535099e-23, nan 
109.625, 88.375, 1.6783379813385778e-23, nan 
109.875, 88.375, 2.158628497669171e-23, nan 
110.125, 88.375, 2.0253708161666247e-23, nan 
110.375, 88.375, 1.2679155485048592e-23, nan 
110.625, 88.375, 1.4489089619961444e-23, nan 
110.875, 88.375, 6.49048795376465e-24, nan 
111.125, 88.375, 7.334101679441553e-24, nan 
111.375, 88.375, 7.71941406885081e-24, nan 
111.625, 88.375, 1.0510562869404375e-23, nan 
111.875, 88.375, 1.4620569982366264e-23, nan 
112.125, 88.375, 1.8549123101282736e-23, nan 
112.375, 88.375, 1.818551467796876e-23, nan 
112.625, 88.375, 1.7412045400510633e-23, nan 
112.875, 88.375, 1.7011387259473085e-23, nan 
113.125, 88.375, 1.6785395152900838e-23, nan 
113.375, 88.375, 1.607385356419873e-23, nan 
113.625, 88.375, 1.8121761449457016e-23, nan 
113.875, 88.375, 2.2424087459974404e-23, nan 
114.125, 88.375, 1.8791600908558905e-23, nan 
114.375, 88.375, 1.4710893716976592e-23, nan 
114.625, 88.375, 1.013414752627942e-23, nan 
114.875, 88.375, 6.68287754412861e-24, nan 
115.125, 88.375, 1.5912398920855575e-23, nan 
115.375, 88.375, 1.58940974571776e-23, nan 
115.625, 88.375, 1.5223952042666507e-23, nan 
115.875, 88.375, 1.561430201388692e-23, nan 
116.125, 88.375, 1.1367763447754485e-23, nan 
116.375, 88.375, 9.739361572052333e-24, nan 
116.625, 88.375, 9.481240057549394e-24, nan 
116.875, 88.375, 9.156039015263318e-24, nan 
117.125, 88.375, 9.494488876423279e-24, nan 
117.375, 88.375, 9.268965894742149e-24, nan 
117.625, 88.375, 9.429688033110386e-24, nan 
117.875, 88.375, 9.676344605632549e-24, nan 
118.125, 88.375, 9.17307732282051e-24, nan 
118.375, 88.375, 8.23148661384758e-24, nan 
118.625, 88.375, 6.801259503818348e-24, nan 
118.875, 88.375, 6.4814820415603505e-24, nan 
119.125, 88.375, 6.87777339017446e-24, nan 
119.375, 88.375, 7.126269651040659e-24, nan 
119.625, 88.375, 7.932976717467924e-24, nan 
119.875, 88.375, 7.066246918908491e-24, nan 
120.125, 88.375, 5.922554872302151e-24, nan 
120.375, 88.375, 5.80704411897944e-24, nan 
120.625, 88.375, 6.141413388746206e-24, nan 
120.875, 88.375, 6.464842160577899e-24, nan 
121.125, 88.375, 7.023029093115127e-24, nan 
121.375, 88.375, 7.401392682438031e-24, nan 
121.625, 88.375, 7.343345349843366e-24, nan 
121.875, 88.375, 7.607696997184122e-24, nan 
122.125, 88.375, 7.779613203204368e-24, nan 
122.375, 88.375, 7.867684709220611e-24, nan 
122.625, 88.375, 7.878819692320114e-24, nan 
122.875, 88.375, 8.359788828918263e-24, nan 
123.125, 88.375, 8.724841143646977e-24, nan 
123.375, 88.375, 9.48952358548426e-24, nan 
123.625, 88.375, 1.035961816655717e-23, nan 
123.875, 88.375, 1.0388929246848335e-23, nan 
124.125, 88.375, 1.0142279023789352e-23, nan 
124.375, 88.375, 1.3279122362642784e-23, nan 
124.625, 88.375, 1.2492935248295599e-23, nan 
124.875, 88.375, 7.654052672349097e-24, nan 
125.125, 88.375, 7.4242486062708e-24, nan 
125.375, 88.375, 6.962051462094632e-24, nan 
125.625, 88.375, 9.34769188879012e-24, nan 
125.875, 88.375, 7.173403373488936e-24, nan 
126.125, 88.375, 6.005419543007444e-24, nan 
126.375, 88.375, 5.878038856131401e-24, nan 
126.625, 88.375, 6.1974860499801905e-24, nan 
126.875, 88.375, 6.0123233338799576e-24, nan 
127.125, 88.375, 5.622089092301214e-24, nan 
127.375, 88.375, 5.851691355632106e-24, nan 
127.625, 88.375, 6.1974937197050336e-24, nan 
127.875, 88.375, 6.727876052484524e-24, nan 
128.125, 88.375, 7.778751240359071e-24, nan 
128.375, 88.375, 8.188344175860325e-24, nan 
128.625, 88.375, 6.268462608184776e-24, nan 
128.875, 88.375, 4.9791858509758414e-24, nan 
129.125, 88.375, 4.957125993124254e-24, nan 
129.375, 88.375, 5.656774541396391e-24, nan 
129.625, 88.375, 4.907191609628829e-24, nan 
129.875, 88.375, 4.3704206067456036e-24, nan 
130.125, 88.375, 4.301460872991052e-24, nan 
130.375, 88.375, 3.713998216742406e-24, nan 
130.625, 88.375, 1.9669478179550788e-23, nan 
130.875, 88.375, 1.183488545213453e-23, nan 
131.125, 88.375, 2.3264450477190375e-23, nan 
131.375, 88.375, 1.3327795068541835e-23, nan 
131.625, 88.375, 2.5567734818586117e-23, nan 
131.875, 88.375, 2.384610304767522e-23, nan 
132.125, 88.375, 4.9477684133676435e-24, nan 
132.375, 88.375, 1.781841244882794e-23, nan 
132.625, 88.375, 1.4844178337207574e-23, nan 
132.875, 88.375, 1.1217300312893958e-23, nan 
133.125, 88.375, 8.915535153427577e-24, nan 
133.375, 88.375, 7.273344728604769e-24, nan 
133.625, 88.375, 6.3728719714189886e-24, nan 
133.875, 88.375, 5.761265027223737e-24, nan 
134.125, 88.375, 4.626529294024142e-24, nan 
134.375, 88.375, 4.46711862517767e-24, nan 
134.625, 88.375, 4.5177044061210014e-24, nan 
134.875, 88.375, 4.8150154049520064e-24, nan 
135.125, 88.375, 5.168317880352961e-24, nan 
135.375, 88.375, 1.2962847126395374e-23, nan 
135.625, 88.375, 1.6704388284490773e-23, nan 
135.875, 88.375, 1.8522976002542512e-23, nan 
136.125, 88.375, 1.5439033101893677e-23, nan 
136.375, 88.375, 1.2427795516977383e-23, nan 
136.625, 88.375, 6.752607331846787e-24, nan 
136.875, 88.375, 2.838657085484975e-23, nan 
137.125, 88.375, 3.1860160800976295e-24, nan 
137.375, 88.375, 2.5903162220863483e-23, nan 
137.625, 88.375, 3.1457984600556496e-24, nan 
137.875, 88.375, 5.103139389512073e-24, nan 
138.125, 88.375, 6.600875360284996e-24, nan 
138.375, 88.375, 6.94633716096981e-24, nan 
138.625, 88.375, 7.104251041737338e-24, nan 
138.875, 88.375, 6.586395022431015e-24, nan 
139.125, 88.375, 6.316184671432253e-24, nan 
139.375, 88.375, 4.7446798053430996e-24, nan 
139.625, 88.375, 3.521644222941422e-24, nan 
139.875, 88.375, 3.611702728513103e-24, nan 
140.125, 88.375, 3.055056748297665e-24, nan 
140.375, 88.375, 2.72971777515985e-24, nan 
140.625, 88.375, 2.9142686266118773e-24, nan 
140.875, 88.375, 2.8687018245676666e-24, nan 
141.125, 88.375, 3.1201779256762375e-24, nan 
141.375, 88.375, 3.403948198727173e-24, nan 
141.625, 88.375, 3.70907253228158e-24, nan 
141.875, 88.375, 4.2212935764041285e-24, nan 
142.125, 88.375, 4.414157327607986e-24, nan 
142.375, 88.375, 3.9250705126740474e-24, nan 
142.625, 88.375, 3.9393110807545245e-24, nan 
142.875, 88.375, 3.9294491268838205e-24, nan 
143.125, 88.375, 4.0697518565159485e-24, nan 
143.375, 88.375, 4.4333262679238345e-24, nan 
143.625, 88.375, 4.7002734963376675e-24, nan 
143.875, 88.375, 4.953349211509173e-24, nan 
144.125, 88.375, 5.6695376028589614e-24, nan 
144.375, 88.375, 6.3879627238909536e-24, nan 
144.625, 88.375, 6.992844632368541e-24, nan 
144.875, 88.375, 5.655259210388179e-24, nan 
145.125, 88.375, 7.194675286389819e-24, nan 
145.375, 88.375, 9.4531357814622e-24, nan 
145.625, 88.375, 8.737319937567247e-24, nan 
145.875, 88.375, 4.092502681594731e-24, nan 
146.125, 88.375, 2.2697820471317136e-24, nan 
146.375, 88.375, 2.8463881667633984e-24, nan 
146.625, 88.375, 3.451702282199148e-24, nan 
146.875, 88.375, 7.79085360620199e-24, nan 
147.125, 88.375, 9.278412076097788e-24, nan 
147.375, 88.375, 7.510762977630284e-24, nan 
147.625, 88.375, 2.9380091675391966e-24, nan 
147.875, 88.375, 2.984906978688407e-24, nan 
148.125, 88.375, 2.7075706867385717e-24, nan 
148.375, 88.375, 3.200546508837757e-24, nan 
148.625, 88.375, 5.58741791848908e-24, nan 
148.875, 88.375, 6.2333787827577626e-24, nan 
149.125, 88.375, 3.774210351771698e-24, nan 
149.375, 88.375, 4.829375498262237e-24, nan 
149.625, 88.375, 3.984303865978147e-24, nan 
149.875, 88.375, 7.000209468993456e-24, nan 
150.125, 88.375, 8.271550301769761e-24, nan 
150.375, 88.375, 8.915084304003333e-24, nan 
150.625, 88.375, 9.49310689213431e-24, nan 
150.875, 88.375, 1.0268528254000239e-23, nan 
151.125, 88.375, 9.090657268696804e-24, nan 
151.375, 88.375, 8.843342668631298e-24, nan 
151.625, 88.375, 7.716956280112203e-24, nan 
151.875, 88.375, 8.0851545534459e-24, nan 
152.125, 88.375, 7.73059540550758e-24, nan 
152.375, 88.375, 7.369929021561533e-24, nan 
152.625, 88.375, 7.455925493350757e-24, nan 
152.875, 88.375, 6.764986449532609e-24, nan 
153.125, 88.375, 8.067132521262926e-24, nan 
153.375, 88.375, 8.28494997276238e-24, nan 
153.625, 88.375, 6.458462128284002e-24, nan 
153.875, 88.375, 3.744550499431801e-24, nan 
154.125, 88.375, 3.226166904774259e-24, nan 
154.375, 88.375, 6.4467964876817255e-24, nan 
154.625, 88.375, 4.7548073963974634e-24, nan 
154.875, 88.375, 5.390749322087418e-24, nan 
155.125, 88.375, 7.653652914836501e-24, nan 
155.375, 88.375, 7.755876777144873e-24, nan 
155.625, 88.375, 7.39873133191655e-24, nan 
155.875, 88.375, 3.416051002811658e-24, nan 
156.125, 88.375, 7.087250773576158e-24, nan 
156.375, 88.375, 3.316300618480406e-24, nan 
156.625, 88.375, 5.657031823109956e-24, nan 
156.875, 88.375, 2.9916839962252357e-24, nan 
157.125, 88.375, 6.679840727260345e-24, nan 
157.375, 88.375, 4.263902218732831e-24, nan 
157.625, 88.375, 5.5900938776628585e-24, nan 
157.875, 88.375, 6.184912786770659e-24, nan 
158.125, 88.375, 6.993449726509724e-24, nan 
158.375, 88.375, 6.449315439988106e-24, nan 
158.625, 88.375, 8.35298694452553e-24, nan 
158.875, 88.375, 9.545713747941111e-24, nan 
159.125, 88.375, 9.259844751276998e-24, nan 
159.375, 88.375, 9.557030597401509e-24, nan 
159.625, 88.375, 9.634548229489343e-24, nan 
159.875, 88.375, 9.07437756055452e-24, nan 
160.125, 88.375, 8.852708521605546e-24, nan 
160.375, 88.375, 8.920369354186609e-24, nan 
160.625, 88.375, 9.847963168786438e-24, nan 
160.875, 88.375, 9.923100169315517e-24, nan 
161.125, 88.375, 9.696771543894335e-24, nan 
161.375, 88.375, 9.641407502049552e-24, nan 
161.625, 88.375, 9.944181313709343e-24, nan 
161.875, 88.375, 9.835421235606604e-24, nan 
162.125, 88.375, 1.0217698572351914e-23, nan 
162.375, 88.375, 8.25998217055727e-24, nan 
162.625, 88.375, 5.657323108653559e-24, nan 
162.875, 88.375, 3.781297278220876e-24, nan 
163.125, 88.375, 2.4570924496320996e-24, nan 
163.375, 88.375, 3.2580801319088794e-24, nan 
163.625, 88.375, 4.6988975515874484e-24, nan 
163.875, 88.375, 5.271120527068169e-24, nan 
164.125, 88.375, 5.609055860942011e-24, nan 
164.375, 88.375, 5.841356736828743e-24, nan 
164.625, 88.375, 2.053486889949156e-23, nan 
164.875, 88.375, 1.7573702269095536e-23, nan 
165.125, 88.375, 1.0055328936132849e-23, nan 
165.375, 88.375, 3.788080440954534e-24, nan 
165.625, 88.375, 1.0603529032222602e-23, nan 
165.875, 88.375, 9.063091079914445e-24, nan 
166.125, 88.375, 7.465318121833367e-24, nan 
166.375, 88.375, 6.136997368221333e-24, nan 
166.625, 88.375, 5.0749574116385655e-24, nan 
166.875, 88.375, 4.655099934690664e-24, nan 
167.125, 88.375, 3.890825505806956e-24, nan 
167.375, 88.375, 4.109299400226639e-24, nan 
167.625, 88.375, 3.4636105913767216e-24, nan 
167.875, 88.375, 3.2950981491627137e-24, nan 
168.125, 88.375, 3.0438071684438378e-24, nan 
168.375, 88.375, 3.440689775106801e-24, nan 
168.625, 88.375, 3.458437734935115e-24, nan 
168.875, 88.375, 3.1822835859301607e-24, nan 
169.125, 88.375, 3.339925822529012e-24, nan 
169.375, 88.375, 3.38087206395228e-24, nan 
169.625, 88.375, 3.469259759762569e-24, nan 
169.875, 88.375, 4.205358795689087e-24, nan 
170.125, 88.375, 4.739601075658893e-24, nan 
170.375, 88.375, 5.038455280379632e-24, nan 
170.625, 88.375, 5.151914570405475e-24, nan 
170.875, 88.375, 5.174631318101446e-24, nan 
171.125, 88.375, 5.013716159055665e-24, nan 
171.375, 88.375, 7.689516205218756e-24, nan 
171.625, 88.375, 7.9749509596555e-24, nan 
171.875, 88.375, 7.749762167069292e-24, nan 
172.125, 88.375, 7.735923852627523e-24, nan 
172.375, 88.375, 7.820850477192394e-24, nan 
172.625, 88.375, 8.09096374684279e-24, nan 
172.875, 88.375, 8.297347184453013e-24, nan 
173.125, 88.375, 8.590438496141319e-24, nan 
173.375, 88.375, 9.18471565061514e-24, nan 
173.625, 88.375, 9.9880582043175e-24, nan 
173.875, 88.375, 1.0439530980557535e-23, nan 
174.125, 88.375, 1.0320174008505492e-23, nan 
174.375, 88.375, 9.64629407839937e-24, nan 
174.625, 88.375, 8.907639071764404e-24, nan 
174.875, 88.375, 7.465334853821677e-24, nan 
175.125, 88.375, 5.434205633240879e-24, nan 
175.375, 88.375, 5.584129639736553e-24, nan 
175.625, 88.375, 7.727536940240074e-24, nan 
175.875, 88.375, 5.426946635074389e-24, nan 
176.125, 88.375, 5.622786971265124e-24, nan 
176.375, 88.375, 5.504648748550744e-24, nan 
176.625, 88.375, 5.41022361924819e-24, nan 
176.875, 88.375, 5.067353682336686e-24, nan 
177.125, 88.375, 5.04300362361899e-24, nan 
177.375, 88.375, 7.002208779983867e-24, nan 
177.625, 88.375, 5.710430656310359e-24, nan 
177.875, 88.375, 5.5737187923066104e-24, nan 
178.125, 88.375, 5.8378758422529735e-24, nan 
178.375, 88.375, 5.4955351494844485e-24, nan 
178.625, 88.375, 5.2869631447601344e-24, nan 
178.875, 88.375, 5.1785748793278615e-24, nan 
179.125, 88.375, 5.075952692721579e-24, nan 
179.375, 88.375, 4.9356834873915924e-24, nan 
179.625, 88.375, 4.8017679969784415e-24, nan 
179.875, 88.375, 4.843684715097589e-24, nan 
-179.875, 88.625, 7.907665313991907e-24, nan 
-179.625, 88.625, 7.479854501897382e-24, nan 
-179.375, 88.625, 7.094739664817606e-24, nan 
-179.125, 88.625, 6.91969829235901e-24, nan 
-178.875, 88.625, 6.476994092264252e-24, nan 
-178.625, 88.625, 6.349025516797652e-24, nan 
-178.375, 88.625, 6.56854100638506e-24, nan 
-178.125, 88.625, 6.447817242420858e-24, nan 
-177.875, 88.625, 6.315425919983755e-24, nan 
-177.625, 88.625, 6.2749051269316466e-24, nan 
-177.375, 88.625, 6.2507735948891234e-24, nan 
-177.125, 88.625, 5.505005628901249e-24, nan 
-176.875, 88.625, 5.325606932508924e-24, nan 
-176.625, 88.625, 5.309101338611187e-24, nan 
-176.375, 88.625, 4.123973638046796e-24, nan 
-176.125, 88.625, 3.988984211578558e-24, nan 
-175.875, 88.625, 6.954287705450313e-24, nan 
-175.625, 88.625, 6.2876150134977065e-24, nan 
-175.375, 88.625, 4.7514089782604676e-24, nan 
-175.125, 88.625, 4.750526147580916e-24, nan 
-174.875, 88.625, 5.4928933407192896e-24, nan 
-174.625, 88.625, 8.139078507939977e-24, nan 
-174.375, 88.625, 8.438709869455918e-24, nan 
-174.125, 88.625, 4.6914919045157725e-24, nan 
-173.875, 88.625, 4.939210589610783e-24, nan 
-173.625, 88.625, 6.513667740892724e-24, nan 
-173.375, 88.625, 6.856793646813689e-24, nan 
-173.125, 88.625, 8.091894512759242e-24, nan 
-172.875, 88.625, 9.680176998232564e-24, nan 
-172.625, 88.625, 1.0867473420651233e-23, nan 
-172.375, 88.625, 1.1868763133164764e-23, nan 
-172.125, 88.625, 1.3904129938739244e-23, nan 
-171.875, 88.625, 1.431150074890036e-23, nan 
-171.625, 88.625, 1.4533865985790247e-23, nan 
-171.375, 88.625, 1.429816997582496e-23, nan 
-171.125, 88.625, 1.5737693893091182e-23, nan 
-170.875, 88.625, 1.5436003255865997e-23, nan 
-170.625, 88.625, 1.540283124168766e-23, nan 
-170.375, 88.625, 1.3051535246907365e-23, nan 
-170.125, 88.625, 1.5580044490857107e-23, nan 
-169.875, 88.625, 1.4630666624631802e-23, nan 
-169.625, 88.625, 1.6228013865844467e-23, nan 
-169.375, 88.625, 1.5845591941126543e-23, nan 
-169.125, 88.625, 1.5661234796993328e-23, nan 
-168.875, 88.625, 1.5064257372920988e-23, nan 
-168.625, 88.625, 1.4622044988565427e-23, nan 
-168.375, 88.625, 1.4644929180057812e-23, nan 
-168.125, 88.625, 1.540494910790036e-23, nan 
-167.875, 88.625, 1.556402284441294e-23, nan 
-167.625, 88.625, 1.5300003252545045e-23, nan 
-167.375, 88.625, 1.5760914034095567e-23, nan 
-167.125, 88.625, 1.578223157821371e-23, nan 
-166.875, 88.625, 1.4668706380950237e-23, nan 
-166.625, 88.625, 1.3575519280969488e-23, nan 
-166.375, 88.625, 1.2688043562799133e-23, nan 
-166.125, 88.625, 8.699064129109574e-24, nan 
-165.875, 88.625, 9.551582780739329e-24, nan 
-165.625, 88.625, 1.7138848667956085e-23, nan 
-165.375, 88.625, 9.813170657716132e-24, nan 
-165.125, 88.625, 1.0766106732607546e-23, nan 
-164.875, 88.625, 1.1448193298052838e-23, nan 
-164.625, 88.625, 1.2098451502364316e-23, nan 
-164.375, 88.625, 1.4527729032662106e-23, nan 
-164.125, 88.625, 1.3007078203462859e-23, nan 
-163.875, 88.625, 1.065511653841747e-23, nan 
-163.625, 88.625, 1.0913039325006919e-23, nan 
-163.375, 88.625, 1.113925014985179e-23, nan 
-163.125, 88.625, 9.835844151678736e-24, nan 
-162.875, 88.625, 1.0441277417563774e-23, nan 
-162.625, 88.625, 1.143416916518898e-23, nan 
-162.375, 88.625, 1.2151556979131574e-23, nan 
-162.125, 88.625, 1.2732656851001771e-23, nan 
-161.875, 88.625, 1.4655669495326902e-23, nan 
-161.625, 88.625, 1.5868557848356479e-23, nan 
-161.375, 88.625, 1.6726463865580866e-23, nan 
-161.125, 88.625, 1.7267851714493704e-23, nan 
-160.875, 88.625, 1.7876743905138608e-23, nan 
-160.625, 88.625, 1.737672949980143e-23, nan 
-160.375, 88.625, 1.656837647461384e-23, nan 
-160.125, 88.625, 1.483421779945015e-23, nan 
-159.875, 88.625, 1.4279339896798542e-23, nan 
-159.625, 88.625, 1.2356541877349824e-23, nan 
-159.375, 88.625, 1.2771818301821891e-23, nan 
-159.125, 88.625, 1.14149458204649e-23, nan 
-158.875, 88.625, 1.136327177364551e-23, nan 
-158.625, 88.625, 1.0401691909842918e-23, nan 
-158.375, 88.625, 1.0039948247580465e-23, nan 
-158.125, 88.625, 9.948787345778365e-24, nan 
-157.875, 88.625, 1.0246073701231794e-23, nan 
-157.625, 88.625, 1.0342587538884677e-23, nan 
-157.375, 88.625, 1.0211706530927658e-23, nan 
-157.125, 88.625, 1.0306523291918826e-23, nan 
-156.875, 88.625, 1.0312695271838298e-23, nan 
-156.625, 88.625, 9.858370202920774e-24, nan 
-156.375, 88.625, 8.819719389408044e-24, nan 
-156.125, 88.625, 8.442355179198566e-24, nan 
-155.875, 88.625, 6.1918301049150494e-24, nan 
-155.625, 88.625, 6.4911631733065795e-24, nan 
-155.375, 88.625, 1.0523688773534485e-23, nan 
-155.125, 88.625, 4.579985038339497e-24, nan 
-154.875, 88.625, 6.27145347305152e-24, nan 
-154.625, 88.625, 6.134907953108865e-24, nan 
-154.375, 88.625, 5.951136558648822e-24, nan 
-154.125, 88.625, 4.2789233036269684e-24, nan 
-153.875, 88.625, 4.2345721928430266e-24, nan 
-153.625, 88.625, 6.89319237721436e-24, nan 
-153.375, 88.625, 6.721208092236645e-24, nan 
-153.125, 88.625, 5.4242505283726605e-24, nan 
-152.875, 88.625, 4.978682682683479e-24, nan 
-152.625, 88.625, 4.947940374222716e-24, nan 
-152.375, 88.625, 4.609738361944752e-24, nan 
-152.125, 88.625, 4.537821713299903e-24, nan 
-151.875, 88.625, 4.4420329200973105e-24, nan 
-151.625, 88.625, 4.758201316320993e-24, nan 
-151.375, 88.625, 4.3026968303969636e-24, nan 
-151.125, 88.625, 3.7221480941094415e-24, nan 
-150.875, 88.625, 2.9449448372792752e-24, nan 
-150.625, 88.625, 3.146284487430697e-24, nan 
-150.375, 88.625, 2.9389522424849535e-24, nan 
-150.125, 88.625, 3.1959496147194205e-24, nan 
-149.875, 88.625, 3.1529629744783333e-24, nan 
-149.625, 88.625, 3.278697671377157e-24, nan 
-149.375, 88.625, 4.112561696559514e-24, nan 
-149.125, 88.625, 4.107962893654598e-24, nan 
-148.875, 88.625, 4.297458670443781e-24, nan 
-148.625, 88.625, 4.2765727865485134e-24, nan 
-148.375, 88.625, 4.6540100129181295e-24, nan 
-148.125, 88.625, 4.397292899313319e-24, nan 
-147.875, 88.625, 4.319840634182338e-24, nan 
-147.625, 88.625, 3.7839033757716565e-24, nan 
-147.375, 88.625, 3.4223531170850604e-24, nan 
-147.125, 88.625, 3.299174335953034e-24, nan 
-146.875, 88.625, 3.270330252056832e-24, nan 
-146.625, 88.625, 3.271042368241006e-24, nan 
-146.375, 88.625, 3.0409273659793504e-24, nan 
-146.125, 88.625, 3.616999374887781e-24, nan 
-145.875, 88.625, 4.0802904087275915e-24, nan 
-145.625, 88.625, 3.871625335474203e-24, nan 
-145.375, 88.625, 3.8145892349752824e-24, nan 
-145.125, 88.625, 3.3585220919808076e-24, nan 
-144.875, 88.625, 3.155825353635232e-24, nan 
-144.625, 88.625, 2.9529785208915087e-24, nan 
-144.375, 88.625, 2.62866870627582e-24, nan 
-144.125, 88.625, 2.3824030940872046e-24, nan 
-143.875, 88.625, 2.415348862244681e-24, nan 
-143.625, 88.625, 2.4024391384619403e-24, nan 
-143.375, 88.625, 2.3661652101635405e-24, nan 
-143.125, 88.625, 2.455734682972405e-24, nan 
-142.875, 88.625, 2.361362930178356e-24, nan 
-142.625, 88.625, 2.247878692240423e-24, nan 
-142.375, 88.625, 3.1911380776876892e-24, nan 
-142.125, 88.625, 2.0362057892022155e-24, nan 
-141.875, 88.625, 2.2448561233383826e-24, nan 
-141.625, 88.625, 2.35252225214291e-24, nan 
-141.375, 88.625, 2.2229810819828263e-24, nan 
-141.125, 88.625, 2.1410822726291453e-24, nan 
-140.875, 88.625, 1.9525146156242396e-24, nan 
-140.625, 88.625, 1.5189948238755321e-24, nan 
-140.375, 88.625, 1.6986720162018405e-24, nan 
-140.125, 88.625, 1.2896680022462665e-24, nan 
-139.875, 88.625, 1.5162241408117037e-24, nan 
-139.625, 88.625, 1.5134612123057814e-24, nan 
-139.375, 88.625, 1.5963116706616583e-24, nan 
-139.125, 88.625, 1.7893057940760607e-24, nan 
-138.875, 88.625, 1.8989951902391925e-24, nan 
-138.625, 88.625, 2.1615434095487475e-24, nan 
-138.375, 88.625, 1.0428170325861925e-24, nan 
-138.125, 88.625, 7.87031488608225e-25, nan 
-137.875, 88.625, 8.980559840508594e-25, nan 
-137.625, 88.625, 9.720384957845442e-25, nan 
-137.375, 88.625, 1.13645654696137e-24, nan 
-137.125, 88.625, 2.8185737663406532e-24, nan 
-136.875, 88.625, 2.089687158947295e-24, nan 
-136.625, 88.625, 1.9506857600024955e-24, nan 
-136.375, 88.625, 1.7919423941877136e-24, nan 
-136.125, 88.625, 1.6191729598228945e-24, nan 
-135.875, 88.625, 1.3150434036304245e-24, nan 
-135.625, 88.625, 1.2368473690480684e-24, nan 
-135.375, 88.625, 1.1831104128549031e-24, nan 
-135.125, 88.625, 1.2050398883106193e-24, nan 
-134.875, 88.625, 1.5328413718001743e-24, nan 
-134.625, 88.625, 1.7144423796771266e-24, nan 
-134.375, 88.625, 1.306524026431307e-24, nan 
-134.125, 88.625, 1.4278784556691086e-24, nan 
-133.875, 88.625, 1.3305659020338355e-24, nan 
-133.625, 88.625, 1.2533750978985842e-24, nan 
-133.375, 88.625, 1.4513903274570302e-24, nan 
-133.125, 88.625, 1.3816604684393814e-24, nan 
-132.875, 88.625, 1.5293125579518224e-24, nan 
-132.625, 88.625, 2.773236902976498e-24, nan 
-132.375, 88.625, 3.276198911505799e-24, nan 
-132.125, 88.625, 2.7897547815402298e-24, nan 
-131.875, 88.625, 3.2306962772141785e-24, nan 
-131.625, 88.625, 3.7136811277625784e-24, nan 
-131.375, 88.625, 3.439429659792925e-24, nan 
-131.125, 88.625, 3.9077546610480865e-24, nan 
-130.875, 88.625, 4.3028361469037215e-24, nan 
-130.625, 88.625, 4.255861191667889e-24, nan 
-130.375, 88.625, 4.7757259554770825e-24, nan 
-130.125, 88.625, 4.23893796102829e-24, nan 
-129.875, 88.625, 4.1269857111712854e-24, nan 
-129.625, 88.625, 4.47362425986647e-24, nan 
-129.375, 88.625, 4.579493972370189e-24, nan 
-129.125, 88.625, 4.057220874219968e-24, nan 
-128.875, 88.625, 3.9677858818898835e-24, nan 
-128.625, 88.625, 3.824695228203738e-24, nan 
-128.375, 88.625, 4.422664839362473e-24, nan 
-128.125, 88.625, 4.448622254165241e-24, nan 
-127.875, 88.625, 4.5324886792387336e-24, nan 
-127.625, 88.625, 4.913509131061883e-24, nan 
-127.375, 88.625, 4.84115353723463e-24, nan 
-127.125, 88.625, 5.796681467737437e-24, nan 
-126.875, 88.625, 7.323349479364572e-24, nan 
-126.625, 88.625, 7.801187709163775e-24, nan 
-126.375, 88.625, 7.723086006440353e-24, nan 
-126.125, 88.625, 7.421731824423278e-24, nan 
-125.875, 88.625, 6.991685484665175e-24, nan 
-125.625, 88.625, 6.8568073509121e-24, nan 
-125.375, 88.625, 6.645488136631352e-24, nan 
-125.125, 88.625, 7.106620386172294e-24, nan 
-124.875, 88.625, 6.958994085506485e-24, nan 
-124.625, 88.625, 7.440375858414865e-24, nan 
-124.375, 88.625, 7.65593847434067e-24, nan 
-124.125, 88.625, 7.776236944634508e-24, nan 
-123.875, 88.625, 7.536680122718682e-24, nan 
-123.625, 88.625, 7.299776392236316e-24, nan 
-123.375, 88.625, 6.808029169572093e-24, nan 
-123.125, 88.625, 6.5734140330072244e-24, nan 
-122.875, 88.625, 6.11099626412177e-24, nan 
-122.625, 88.625, 5.7831620601732125e-24, nan 
-122.375, 88.625, 5.610157477431739e-24, nan 
-122.125, 88.625, 5.40613181737413e-24, nan 
-121.875, 88.625, 5.420752760680519e-24, nan 
-121.625, 88.625, 4.880244011602838e-24, nan 
-121.375, 88.625, 4.7729027010093966e-24, nan 
-121.125, 88.625, 4.657624545214052e-24, nan 
-120.875, 88.625, 4.6324122526952605e-24, nan 
-120.625, 88.625, 4.7681356835185766e-24, nan 
-120.375, 88.625, 4.6843836086601126e-24, nan 
-120.125, 88.625, 4.60226648172226e-24, nan 
-119.875, 88.625, 4.480531648040402e-24, nan 
-119.625, 88.625, 4.526193512976249e-24, nan 
-119.375, 88.625, 4.358496134515776e-24, nan 
-119.125, 88.625, 4.381250956947586e-24, nan 
-118.875, 88.625, 4.5238827998752294e-24, nan 
-118.625, 88.625, 4.044131259497285e-24, nan 
-118.375, 88.625, 4.037870118103697e-24, nan 
-118.125, 88.625, 3.7381945529814204e-24, nan 
-117.875, 88.625, 4.028695201667573e-24, nan 
-117.625, 88.625, 3.95646874382346e-24, nan 
-117.375, 88.625, 3.865593276702468e-24, nan 
-117.125, 88.625, 4.359481962576045e-24, nan 
-116.875, 88.625, 4.530948968604073e-24, nan 
-116.625, 88.625, 5.883909364288866e-24, nan 
-116.375, 88.625, 5.808813225743271e-24, nan 
-116.125, 88.625, 5.873885381305523e-24, nan 
-115.875, 88.625, 5.559745033244165e-24, nan 
-115.625, 88.625, 5.340314591563128e-24, nan 
-115.375, 88.625, 5.2319950027449624e-24, nan 
-115.125, 88.625, 5.10400316059619e-24, nan 
-114.875, 88.625, 5.2185781603014176e-24, nan 
-114.625, 88.625, 5.247173283282106e-24, nan 
-114.375, 88.625, 5.3660860478810566e-24, nan 
-114.125, 88.625, 5.489542833883459e-24, nan 
-113.875, 88.625, 5.5772280856619636e-24, nan 
-113.625, 88.625, 5.3574150145234265e-24, nan 
-113.375, 88.625, 5.153241951509208e-24, nan 
-113.125, 88.625, 5.007338537894893e-24, nan 
-112.875, 88.625, 4.717634874529669e-24, nan 
-112.625, 88.625, 4.390767270596172e-24, nan 
-112.375, 88.625, 4.306928383300407e-24, nan 
-112.125, 88.625, 3.778680911008376e-24, nan 
-111.875, 88.625, 3.76664470452135e-24, nan 
-111.625, 88.625, 3.565388675565458e-24, nan 
-111.375, 88.625, 3.831412723618703e-24, nan 
-111.125, 88.625, 3.613021445326841e-24, nan 
-110.875, 88.625, 3.448974597864609e-24, nan 
-110.625, 88.625, 3.374893855663889e-24, nan 
-110.375, 88.625, 3.397088503608134e-24, nan 
-110.125, 88.625, 3.3729809058301265e-24, nan 
-109.875, 88.625, 3.3058558039586262e-24, nan 
-109.625, 88.625, 2.64407374811542e-24, nan 
-109.375, 88.625, 2.62184856604395e-24, nan 
-109.125, 88.625, 2.7343168396380796e-24, nan 
-108.875, 88.625, 2.5057309880781648e-24, nan 
-108.625, 88.625, 2.7147582907157832e-24, nan 
-108.375, 88.625, 2.8038403351985633e-24, nan 
-108.125, 88.625, 2.5919393189921055e-24, nan 
-107.875, 88.625, 2.6551920825647287e-24, nan 
-107.625, 88.625, 2.523217377933908e-24, nan 
-107.375, 88.625, 3.0382749958914127e-24, nan 
-107.125, 88.625, 2.986333503140529e-24, nan 
-106.875, 88.625, 2.9320693030974498e-24, nan 
-106.625, 88.625, 2.949537904744655e-24, nan 
-106.375, 88.625, 3.0787679106588878e-24, nan 
-106.125, 88.625, 3.1861592746668744e-24, nan 
-105.875, 88.625, 3.697286180263888e-24, nan 
-105.625, 88.625, 3.1365426440954557e-24, nan 
-105.375, 88.625, 2.8746002524928626e-24, nan 
-105.125, 88.625, 2.589394723341219e-24, nan 
-104.875, 88.625, 2.307337780692599e-24, nan 
-104.625, 88.625, 2.3703765994468896e-24, nan 
-104.375, 88.625, 2.7226311119748133e-24, nan 
-104.125, 88.625, 2.8582340775244053e-24, nan 
-103.875, 88.625, 2.4182781922883956e-24, nan 
-103.625, 88.625, 2.288904550400539e-24, nan 
-103.375, 88.625, 2.358828036440998e-24, nan 
-103.125, 88.625, 2.3295769440717984e-24, nan 
-102.875, 88.625, 1.9326693303137014e-24, nan 
-102.625, 88.625, 1.9436421621609516e-24, nan 
-102.375, 88.625, 2.2788912266399595e-24, nan 
-102.125, 88.625, 2.6321748390056185e-24, nan 
-101.875, 88.625, 2.290262283644165e-24, nan 
-101.625, 88.625, 2.5589276623657236e-24, nan 
-101.375, 88.625, 2.5433304066754618e-24, nan 
-101.125, 88.625, 3.2423693832615802e-24, nan 
-100.875, 88.625, 2.8401435180953587e-24, nan 
-100.625, 88.625, 2.433105956870775e-24, nan 
-100.375, 88.625, 2.497556690976223e-24, nan 
-100.125, 88.625, 2.729752156190924e-24, nan 
-99.875, 88.625, 2.6364527008652516e-24, nan 
-99.625, 88.625, 2.8088565273192616e-24, nan 
-99.375, 88.625, 2.3989420388193298e-24, nan 
-99.125, 88.625, 2.2403946668740587e-24, nan 
-98.875, 88.625, 2.484306073299402e-24, nan 
-98.625, 88.625, 2.194584352312369e-24, nan 
-98.375, 88.625, 2.0421722362625997e-24, nan 
-98.125, 88.625, 2.478887664790901e-24, nan 
-97.875, 88.625, 2.303646130075882e-24, nan 
-97.625, 88.625, 2.30359701666398e-24, nan 
-97.375, 88.625, 1.9775072007278627e-24, nan 
-97.125, 88.625, 2.2578128173673227e-24, nan 
-96.875, 88.625, 2.105213363854382e-24, nan 
-96.625, 88.625, 1.988884418251413e-24, nan 
-96.375, 88.625, 1.775640751229949e-24, nan 
-96.125, 88.625, 1.8234666609025247e-24, nan 
-95.875, 88.625, 1.9919626588642893e-24, nan 
-95.625, 88.625, 1.2695703212765288e-24, nan 
-95.375, 88.625, 1.3512714102124998e-24, nan 
-95.125, 88.625, 1.5307973475714266e-24, nan 
-94.875, 88.625, 1.69750161393387e-24, nan 
-94.625, 88.625, 1.8405664528554315e-24, nan 
-94.375, 88.625, 1.6951986953374453e-24, nan 
-94.125, 88.625, 1.679403358275968e-24, nan 
-93.875, 88.625, 1.6989784045939404e-24, nan 
-93.625, 88.625, 1.6546169110373696e-24, nan 
-93.375, 88.625, 1.696822577064803e-24, nan 
-93.125, 88.625, 1.89677126341074e-24, nan 
-92.875, 88.625, 1.8097667733711315e-24, nan 
-92.625, 88.625, 1.7182627895491933e-24, nan 
-92.375, 88.625, 1.8397858495292086e-24, nan 
-92.125, 88.625, 1.7561094333062113e-24, nan 
-91.875, 88.625, 1.7192543547581695e-24, nan 
-91.625, 88.625, 2.018473134968252e-24, nan 
-91.375, 88.625, 1.926841882837564e-24, nan 
-91.125, 88.625, 2.0253789085297805e-24, nan 
-90.875, 88.625, 1.818034382349617e-24, nan 
-90.625, 88.625, 1.868415207195709e-24, nan 
-90.375, 88.625, 1.9270314132893766e-24, nan 
-90.125, 88.625, 1.7813940492362605e-24, nan 
-89.875, 88.625, 1.4964346368192856e-24, nan 
-89.625, 88.625, 1.2485265907065245e-24, nan 
-89.375, 88.625, 9.011814727121246e-25, nan 
-89.125, 88.625, 1.1904505990103439e-24, nan 
-88.875, 88.625, 1.0509051669796012e-24, nan 
-88.625, 88.625, 1.0489344565652582e-24, nan 
-88.375, 88.625, 1.3107726825890609e-24, nan 
-88.125, 88.625, 1.3622523966699058e-24, nan 
-87.875, 88.625, 1.4531658549541228e-24, nan 
-87.625, 88.625, 1.5349910730273977e-24, nan 
-87.375, 88.625, 1.6575515480451142e-24, nan 
-87.125, 88.625, 1.8270895178056497e-24, nan 
-86.875, 88.625, 2.028872523727955e-24, nan 
-86.625, 88.625, 1.9641383226100845e-24, nan 
-86.375, 88.625, 1.767595735770115e-24, nan 
-86.125, 88.625, 1.7649688594278385e-24, nan 
-85.875, 88.625, 1.4950115293108654e-24, nan 
-85.625, 88.625, 1.7411916756827064e-24, nan 
-85.375, 88.625, 2.1016857584678154e-24, nan 
-85.125, 88.625, 2.4748149370708876e-24, nan 
-84.875, 88.625, 2.703258021668401e-24, nan 
-84.625, 88.625, 2.7762866701114067e-24, nan 
-84.375, 88.625, 2.85757518578893e-24, nan 
-84.125, 88.625, 2.8533330556751278e-24, nan 
-83.875, 88.625, 3.063188281032997e-24, nan 
-83.625, 88.625, 3.042616932995185e-24, nan 
-83.375, 88.625, 2.6806486016319263e-24, nan 
-83.125, 88.625, 2.9260304305104034e-24, nan 
-82.875, 88.625, 2.970065530854454e-24, nan 
-82.625, 88.625, 3.0501178635689504e-24, nan 
-82.375, 88.625, 2.7929781740619707e-24, nan 
-82.125, 88.625, 2.692021146851957e-24, nan 
-81.875, 88.625, 2.546278616776827e-24, nan 
-81.625, 88.625, 2.518552985364537e-24, nan 
-81.375, 88.625, 2.449876644635041e-24, nan 
-81.125, 88.625, 2.5345801884416587e-24, nan 
-80.875, 88.625, 2.3944552806801607e-24, nan 
-80.625, 88.625, 3.2449197405757362e-24, nan 
-80.375, 88.625, 3.3362590350685715e-24, nan 
-80.125, 88.625, 3.1698731437942766e-24, nan 
-79.875, 88.625, 3.1757049908078395e-24, nan 
-79.625, 88.625, 2.7472515281944864e-24, nan 
-79.375, 88.625, 2.6216230874993768e-24, nan 
-79.125, 88.625, 2.8305494800869184e-24, nan 
-78.875, 88.625, 2.848236793137349e-24, nan 
-78.625, 88.625, 2.918477566522499e-24, nan 
-78.375, 88.625, 2.7173745112956912e-24, nan 
-78.125, 88.625, 2.9433218764118787e-24, nan 
-77.875, 88.625, 3.328290142552059e-24, nan 
-77.625, 88.625, 2.704763607373146e-24, nan 
-77.375, 88.625, 3.003211899665026e-24, nan 
-77.125, 88.625, 3.1555869772040827e-24, nan 
-76.875, 88.625, 2.7986249098113107e-24, nan 
-76.625, 88.625, 2.906295034774463e-24, nan 
-76.375, 88.625, 2.9027856328252955e-24, nan 
-76.125, 88.625, 2.6839574220757813e-24, nan 
-75.875, 88.625, 2.5976004531977524e-24, nan 
-75.625, 88.625, 2.4383960391608033e-24, nan 
-75.375, 88.625, 2.4706280154369137e-24, nan 
-75.125, 88.625, 2.5314397062981473e-24, nan 
-74.875, 88.625, 2.9775153845905945e-24, nan 
-74.625, 88.625, 2.9357100842683526e-24, nan 
-74.375, 88.625, 3.043624568184322e-24, nan 
-74.125, 88.625, 3.0562154533006002e-24, nan 
-73.875, 88.625, 3.1455512308673806e-24, nan 
-73.625, 88.625, 3.2908541009746546e-24, nan 
-73.375, 88.625, 3.3606443011907254e-24, nan 
-73.125, 88.625, 2.9156039017895394e-24, nan 
-72.875, 88.625, 3.00503449169917e-24, nan 
-72.625, 88.625, 3.042926368519858e-24, nan 
-72.375, 88.625, 3.240208362837381e-24, nan 
-72.125, 88.625, 2.9021346522725573e-24, nan 
-71.875, 88.625, 2.7837048983185268e-24, nan 
-71.625, 88.625, 2.7391537237345627e-24, nan 
-71.375, 88.625, 2.6681974061385123e-24, nan 
-71.125, 88.625, 2.668939480399202e-24, nan 
-70.875, 88.625, 2.6219856884122744e-24, nan 
-70.625, 88.625, 2.4866716465823322e-24, nan 
-70.375, 88.625, 2.9667159584090248e-24, nan 
-70.125, 88.625, 3.139515812482269e-24, nan 
-69.875, 88.625, 3.141097084835895e-24, nan 
-69.625, 88.625, 3.160723127839583e-24, nan 
-69.375, 88.625, 2.9714184336213274e-24, nan 
-69.125, 88.625, 2.736479641262887e-24, nan 
-68.875, 88.625, 2.9074329381196833e-24, nan 
-68.625, 88.625, 2.9416907084476683e-24, nan 
-68.375, 88.625, 2.864224965523619e-24, nan 
-68.125, 88.625, 2.5304768791285305e-24, nan 
-67.875, 88.625, 2.7851386900696432e-24, nan 
-67.625, 88.625, 3.4238810482139074e-24, nan 
-67.375, 88.625, 2.2649012326147506e-24, nan 
-67.125, 88.625, 2.5596880454384487e-24, nan 
-66.875, 88.625, 2.656136937208729e-24, nan 
-66.625, 88.625, 2.017974874659757e-24, nan 
-66.375, 88.625, 1.7660668817093936e-24, nan 
-66.125, 88.625, 1.862762990758626e-24, nan 
-65.875, 88.625, 1.921114845146962e-24, nan 
-65.625, 88.625, 1.9777981656754268e-24, nan 
-65.375, 88.625, 2.1005416004291762e-24, nan 
-65.125, 88.625, 1.854052431177223e-24, nan 
-64.875, 88.625, 1.4678554679853013e-24, nan 
-64.625, 88.625, 1.3337949631408248e-24, nan 
-64.375, 88.625, 1.0781603727742834e-24, nan 
-64.125, 88.625, 9.6322389780824e-25, nan 
-63.875, 88.625, 8.674479810167425e-25, nan 
-63.625, 88.625, 8.023805084683801e-25, nan 
-63.375, 88.625, 7.908125169738102e-25, nan 
-63.125, 88.625, 8.316219339221186e-25, nan 
-62.875, 88.625, 1.0700898768712015e-24, nan 
-62.625, 88.625, 1.2281520217990322e-24, nan 
-62.375, 88.625, 1.350647307101805e-24, nan 
-62.125, 88.625, 1.4936109158205591e-24, nan 
-61.875, 88.625, 2.0162298699592293e-24, nan 
-61.625, 88.625, 2.1265851036286486e-24, nan 
-61.375, 88.625, 1.2293552029936518e-24, nan 
-61.125, 88.625, 1.315313398912647e-24, nan 
-60.875, 88.625, 1.4175289486926569e-24, nan 
-60.625, 88.625, 1.5000309009413826e-24, nan 
-60.375, 88.625, 2.1657196805514172e-24, nan 
-60.125, 88.625, 3.128048387290621e-24, nan 
-59.875, 88.625, 3.7253135410208524e-24, nan 
-59.625, 88.625, 2.6421113199790235e-24, nan 
-59.375, 88.625, 1.3351206105511722e-24, nan 
-59.125, 88.625, 1.0732198564017557e-24, nan 
-58.875, 88.625, 6.5416236400633e-25, nan 
-58.625, 88.625, 1.1974812208510084e-24, nan 
-58.375, 88.625, 8.964796011448244e-25, nan 
-58.125, 88.625, 1.4755152885680924e-24, nan 
-57.875, 88.625, 1.6803710458489444e-24, nan 
-57.625, 88.625, 1.5582009646304984e-24, nan 
-57.375, 88.625, 1.715041405275899e-24, nan 
-57.125, 88.625, 1.8989975499606516e-24, nan 
-56.875, 88.625, 1.8887980858660655e-24, nan 
-56.625, 88.625, 2.4579120388231582e-24, nan 
-56.375, 88.625, 3.3085637408129757e-24, nan 
-56.125, 88.625, 3.0676138882622245e-24, nan 
-55.875, 88.625, 3.2057949587798887e-24, nan 
-55.625, 88.625, 4.303784505246377e-24, nan 
-55.375, 88.625, 3.2776035913582116e-24, nan 
-55.125, 88.625, 2.8014644039869544e-24, nan 
-54.875, 88.625, 2.688322237614014e-24, nan 
-54.625, 88.625, 2.228635207423773e-24, nan 
-54.375, 88.625, 1.6104945010527602e-24, nan 
-54.125, 88.625, 1.738447177018086e-24, nan 
-53.875, 88.625, 2.4412782686054607e-24, nan 
-53.625, 88.625, 2.5378528839021812e-24, nan 
-53.375, 88.625, 3.166288993400253e-24, nan 
-53.125, 88.625, 3.6226896688022925e-24, nan 
-52.875, 88.625, 3.877336682969112e-24, nan 
-52.625, 88.625, 3.777487551234203e-24, nan 
-52.375, 88.625, 5.127164020993779e-24, nan 
-52.125, 88.625, 6.2226309499738015e-24, nan 
-51.875, 88.625, 6.558573411613845e-24, nan 
-51.625, 88.625, 5.457219813934e-24, nan 
-51.375, 88.625, 4.901902638809894e-24, nan 
-51.125, 88.625, 4.492933798894429e-24, nan 
-50.875, 88.625, 4.084186671349013e-24, nan 
-50.625, 88.625, 3.7545688881576355e-24, nan 
-50.375, 88.625, 4.533708070644344e-24, nan 
-50.125, 88.625, 1.828303844316027e-24, nan 
-49.875, 88.625, 3.2101481977718695e-24, nan 
-49.625, 88.625, 3.30647625196954e-24, nan 
-49.375, 88.625, 3.0399859510332075e-24, nan 
-49.125, 88.625, 3.2928397175755935e-24, nan 
-48.875, 88.625, 2.7055469775765455e-24, nan 
-48.625, 88.625, 3.1444592614210764e-24, nan 
-48.375, 88.625, 2.4965421113226397e-24, nan 
-48.125, 88.625, 2.7327531083255793e-24, nan 
-47.875, 88.625, 2.6186724387594168e-24, nan 
-47.625, 88.625, 2.583275839102417e-24, nan 
-47.375, 88.625, 2.5763103568561005e-24, nan 
-47.125, 88.625, 2.597744050703048e-24, nan 
-46.875, 88.625, 2.6519594388926417e-24, nan 
-46.625, 88.625, 2.761069573586425e-24, nan 
-46.375, 88.625, 3.738353535383974e-24, nan 
-46.125, 88.625, 5.3348451006434e-24, nan 
-45.875, 88.625, 4.468868912399268e-24, nan 
-45.625, 88.625, 4.822542536613918e-24, nan 
-45.375, 88.625, 7.214240858794552e-24, nan 
-45.125, 88.625, 4.805916309449691e-24, nan 
-44.875, 88.625, 4.341963568481714e-24, nan 
-44.625, 88.625, 4.421113319102265e-24, nan 
-44.375, 88.625, 4.397781683934828e-24, nan 
-44.125, 88.625, 5.453262012068389e-24, nan 
-43.875, 88.625, 5.7344739652606935e-24, nan 
-43.625, 88.625, 4.051418197945765e-24, nan 
-43.375, 88.625, 5.794728387103015e-24, nan 
-43.125, 88.625, 5.454671354063467e-24, nan 
-42.875, 88.625, 4.692125077213344e-24, nan 
-42.625, 88.625, 5.291244528348765e-24, nan 
-42.375, 88.625, 5.029728665347651e-24, nan 
-42.125, 88.625, 5.203621669882301e-24, nan 
-41.875, 88.625, 4.724904579607704e-24, nan 
-41.625, 88.625, 5.21943157790772e-24, nan 
-41.375, 88.625, 4.938260589778907e-24, nan 
-41.125, 88.625, 5.085436620221259e-24, nan 
-40.875, 88.625, 5.159237694661335e-24, nan 
-40.625, 88.625, 5.18705270548746e-24, nan 
-40.375, 88.625, 5.598231873587018e-24, nan 
-40.125, 88.625, 5.323266328682418e-24, nan 
-39.875, 88.625, 5.528729170069525e-24, nan 
-39.625, 88.625, 5.679971513758262e-24, nan 
-39.375, 88.625, 5.7902021483372845e-24, nan 
-39.125, 88.625, 5.744822985940447e-24, nan 
-38.875, 88.625, 5.923596248459404e-24, nan 
-38.625, 88.625, 5.88285185466231e-24, nan 
-38.375, 88.625, 5.746561608059632e-24, nan 
-38.125, 88.625, 5.944686476962846e-24, nan 
-37.875, 88.625, 5.693600490902908e-24, nan 
-37.625, 88.625, 5.449351528730493e-24, nan 
-37.375, 88.625, 5.342265603835427e-24, nan 
-37.125, 88.625, 5.367593366173155e-24, nan 
-36.875, 88.625, 4.4054139168124484e-24, nan 
-36.625, 88.625, 4.5766320697411374e-24, nan 
-36.375, 88.625, 3.5793190856310716e-24, nan 
-36.125, 88.625, 3.104439178042573e-24, nan 
-35.875, 88.625, 2.9684180566994456e-24, nan 
-35.625, 88.625, 3.858100425080752e-24, nan 
-35.375, 88.625, 5.313708085046984e-24, nan 
-35.125, 88.625, 7.158439904137123e-24, nan 
-34.875, 88.625, 8.668307700009295e-24, nan 
-34.625, 88.625, 9.567546174365194e-24, nan 
-34.375, 88.625, 9.357584036884203e-24, nan 
-34.125, 88.625, 7.49928730578382e-24, nan 
-33.875, 88.625, 7.246705088402374e-24, nan 
-33.625, 88.625, 7.165079318279362e-24, nan 
-33.375, 88.625, 5.541870669899397e-24, nan 
-33.125, 88.625, 6.080501177989768e-24, nan 
-32.875, 88.625, 6.655677858206548e-24, nan 
-32.625, 88.625, 5.168479441352356e-24, nan 
-32.375, 88.625, 6.541665529801709e-24, nan 
-32.125, 88.625, 5.1915701727230125e-24, nan 
-31.875, 88.625, 4.042206041368218e-24, nan 
-31.625, 88.625, 4.991708415497568e-24, nan 
-31.375, 88.625, 4.3029242233268946e-24, nan 
-31.125, 88.625, 3.354697111129103e-24, nan 
-30.875, 88.625, 3.444415278278162e-24, nan 
-30.625, 88.625, 3.410534342592943e-24, nan 
-30.375, 88.625, 3.259648721912898e-24, nan 
-30.125, 88.625, 3.611864914412298e-24, nan 
-29.875, 88.625, 2.9912297863449878e-24, nan 
-29.625, 88.625, 3.404760876730336e-24, nan 
-29.375, 88.625, 3.455108522823114e-24, nan 
-29.125, 88.625, 3.6412666379814e-24, nan 
-28.875, 88.625, 3.2606775119897854e-24, nan 
-28.625, 88.625, 3.559632239601819e-24, nan 
-28.375, 88.625, 3.2038924925943446e-24, nan 
-28.125, 88.625, 3.0378382536626142e-24, nan 
-27.875, 88.625, 4.093144495346064e-24, nan 
-27.625, 88.625, 3.372692923037095e-24, nan 
-27.375, 88.625, 3.68931788778968e-24, nan 
-27.125, 88.625, 4.1776522494005526e-24, nan 
-26.875, 88.625, 4.199241161420121e-24, nan 
-26.625, 88.625, 2.944481432374441e-24, nan 
-26.375, 88.625, 2.6269084131994868e-24, nan 
-26.125, 88.625, 2.282124296329654e-24, nan 
-25.875, 88.625, 2.025055580949732e-24, nan 
-25.625, 88.625, 1.924418441746457e-24, nan 
-25.375, 88.625, 2.0025712945504942e-24, nan 
-25.125, 88.625, 1.977098148241734e-24, nan 
-24.875, 88.625, 1.8862230151784127e-24, nan 
-24.625, 88.625, 1.8565225142232624e-24, nan 
-24.375, 88.625, 1.782493864003158e-24, nan 
-24.125, 88.625, 1.926473885683927e-24, nan 
-23.875, 88.625, 2.1285872739615017e-24, nan 
-23.625, 88.625, 1.6427518393398455e-24, nan 
-23.375, 88.625, 3.0687367603836876e-24, nan 
-23.125, 88.625, 3.5059894661198546e-24, nan 
-22.875, 88.625, 2.4884034373175965e-24, nan 
-22.625, 88.625, 2.448785591337506e-24, nan 
-22.375, 88.625, 1.9963179411881092e-24, nan 
-22.125, 88.625, 3.0479418694376756e-24, nan 
-21.875, 88.625, 1.1742805700586244e-24, nan 
-21.625, 88.625, 2.044740303018021e-24, nan 
-21.375, 88.625, 2.4187874602329286e-24, nan 
-21.125, 88.625, 2.2894776464980038e-24, nan 
-20.875, 88.625, 2.298576372215422e-24, nan 
-20.625, 88.625, 1.363270858617384e-24, nan 
-20.375, 88.625, 9.577206473783207e-25, nan 
-20.125, 88.625, 9.00049051065066e-25, nan 
-19.875, 88.625, 1.6770646599621104e-24, nan 
-19.625, 88.625, 1.7867965094975936e-24, nan 
-19.375, 88.625, 9.608828612553104e-25, nan 
-19.125, 88.625, 1.2729824299012102e-24, nan 
-18.875, 88.625, 2.0988202837042827e-24, nan 
-18.625, 88.625, 2.7960495771527723e-24, nan 
-18.375, 88.625, 2.7366905053300667e-24, nan 
-18.125, 88.625, 1.618778603234117e-24, nan 
-17.875, 88.625, 1.1877253506089492e-24, nan 
-17.625, 88.625, 1.3566950494807341e-24, nan 
-17.375, 88.625, 1.1778354335788748e-24, nan 
-17.125, 88.625, 2.0643375398627717e-24, nan 
-16.875, 88.625, 1.7392956352515924e-24, nan 
-16.625, 88.625, 2.0028364588227487e-24, nan 
-16.375, 88.625, 8.1959587164959455e-25, nan 
-16.125, 88.625, 1.6140089740509527e-24, nan 
-15.875, 88.625, 1.519265567097357e-24, nan 
-15.625, 88.625, 1.4563187392585293e-24, nan 
-15.375, 88.625, 2.129973057782517e-24, nan 
-15.125, 88.625, 1.523883435155119e-24, nan 
-14.875, 88.625, 1.4416869117378426e-24, nan 
-14.625, 88.625, 1.4533480701570135e-24, nan 
-14.375, 88.625, 1.2679147636554157e-24, nan 
-14.125, 88.625, 1.4157165901494564e-24, nan 
-13.875, 88.625, 1.2851316090577439e-24, nan 
-13.625, 88.625, 1.2181594296828202e-24, nan 
-13.375, 88.625, 9.818022296579986e-25, nan 
-13.125, 88.625, 1.8095542998786634e-24, nan 
-12.875, 88.625, 2.1369337105311396e-24, nan 
-12.625, 88.625, 1.832406076305629e-24, nan 
-12.375, 88.625, 2.030453941256547e-24, nan 
-12.125, 88.625, 1.4065590404382397e-24, nan 
-11.875, 88.625, 1.918870449414664e-24, nan 
-11.625, 88.625, 1.917222693711376e-24, nan 
-11.375, 88.625, 1.940200005936687e-24, nan 
-11.125, 88.625, 1.5824712600272566e-24, nan 
-10.875, 88.625, 2.1211389812694714e-24, nan 
-10.625, 88.625, 2.227417229366305e-24, nan 
-10.375, 88.625, 1.744596521786269e-24, nan 
-10.125, 88.625, 2.0601953156026487e-24, nan 
-9.875, 88.625, 2.1887328595663442e-24, nan 
-9.625, 88.625, 2.5180543750261316e-24, nan 
-9.375, 88.625, 2.565301392324559e-24, nan 
-9.125, 88.625, 2.4206429883997677e-24, nan 
-8.875, 88.625, 2.2301338030179644e-24, nan 
-8.625, 88.625, 2.266411091430395e-24, nan 
-8.375, 88.625, 2.3442315287634785e-24, nan 
-8.125, 88.625, 2.2101490081607256e-24, nan 
-7.875, 88.625, 1.792305131850808e-24, nan 
-7.625, 88.625, 2.2235626244319366e-24, nan 
-7.375, 88.625, 2.544708002995335e-24, nan 
-7.125, 88.625, 3.0528098427178805e-24, nan 
-6.875, 88.625, 3.745921838912057e-24, nan 
-6.625, 88.625, 4.071819964826985e-24, nan 
-6.375, 88.625, 4.524378277469618e-24, nan 
-6.125, 88.625, 4.6898076040814676e-24, nan 
-5.875, 88.625, 3.40304968927984e-24, nan 
-5.625, 88.625, 1.3706411376288304e-24, nan 
-5.375, 88.625, 1.1649731128598626e-24, nan 
-5.125, 88.625, 1.2499707438630178e-24, nan 
-4.875, 88.625, 1.2923539553796037e-24, nan 
-4.625, 88.625, 1.1890121445958938e-24, nan 
-4.375, 88.625, 1.1832946083391877e-24, nan 
-4.125, 88.625, 1.7264541249035492e-24, nan 
-3.875, 88.625, 1.3772903060938168e-24, nan 
-3.625, 88.625, 2.0817213311560185e-24, nan 
-3.375, 88.625, 1.8156171805446497e-24, nan 
-3.125, 88.625, 1.7973650994137993e-24, nan 
-2.875, 88.625, 1.9440916573714823e-24, nan 
-2.625, 88.625, 1.719173651363981e-24, nan 
-2.375, 88.625, 1.3521584299736582e-24, nan 
-2.125, 88.625, 1.6907778666319617e-24, nan 
-1.875, 88.625, 1.2772973577481373e-24, nan 
-1.625, 88.625, 2.014232561981374e-24, nan 
-1.375, 88.625, 1.2763830972973055e-24, nan 
-1.125, 88.625, 2.3335380235828558e-24, nan 
-0.875, 88.625, 2.0095174224213612e-24, nan 
-0.625, 88.625, 1.808156059433899e-24, nan 
-0.375, 88.625, 1.88103936436513e-24, nan 
-0.125, 88.625, 1.8254790765000282e-24, nan 
0.125, 88.625, 2.4022137842759057e-24, nan 
0.375, 88.625, 1.7738285275882455e-24, nan 
0.625, 88.625, 1.954426966484779e-24, nan 
0.875, 88.625, 2.114866924118551e-24, nan 
1.125, 88.625, 1.886438329618154e-24, nan 
1.375, 88.625, 2.2048907024006865e-24, nan 
1.625, 88.625, 1.9823884144973145e-24, nan 
1.875, 88.625, 2.0434303492055713e-24, nan 
2.125, 88.625, 2.3354218405306068e-24, nan 
2.375, 88.625, 2.27097976327601e-24, nan 
2.625, 88.625, 2.5024629096614417e-24, nan 
2.875, 88.625, 2.870814896880226e-24, nan 
3.125, 88.625, 2.99559644622581e-24, nan 
3.375, 88.625, 2.871292873856679e-24, nan 
3.625, 88.625, 2.713658554727004e-24, nan 
3.875, 88.625, 1.6911976353278924e-24, nan 
4.125, 88.625, 1.0846921566267438e-24, nan 
4.375, 88.625, 1.2339350178138458e-24, nan 
4.625, 88.625, 1.3367974625755638e-24, nan 
4.875, 88.625, 1.171518444665429e-24, nan 
5.125, 88.625, 2.9686874193160734e-24, nan 
5.375, 88.625, 1.2443363008388474e-24, nan 
5.625, 88.625, 2.295388996338819e-24, nan 
5.875, 88.625, 1.473416375751422e-24, nan 
6.125, 88.625, 3.181379055431873e-24, nan 
6.375, 88.625, 3.0266589404710546e-24, nan 
6.625, 88.625, 4.7324167166337284e-24, nan 
6.875, 88.625, 1.989694460229222e-24, nan 
7.125, 88.625, 1.5049893121141953e-24, nan 
7.375, 88.625, 1.859165449748102e-24, nan 
7.625, 88.625, 1.4328935331317522e-24, nan 
7.875, 88.625, 1.654506602538672e-24, nan 
8.125, 88.625, 2.155630812656733e-24, nan 
8.375, 88.625, 2.1634794423373464e-24, nan 
8.625, 88.625, 2.4807926534110072e-24, nan 
8.875, 88.625, 2.2506725483428087e-24, nan 
9.125, 88.625, 2.688111940956066e-24, nan 
9.375, 88.625, 2.018678385320099e-24, nan 
9.625, 88.625, 2.5984479345042926e-24, nan 
9.875, 88.625, 3.332503409720411e-24, nan 
10.125, 88.625, 4.0290278993298575e-24, nan 
10.375, 88.625, 4.0092900083654015e-24, nan 
10.625, 88.625, 3.983139949205419e-24, nan 
10.875, 88.625, 4.0832702779661446e-24, nan 
11.125, 88.625, 4.022294799801883e-24, nan 
11.375, 88.625, 3.728719491847626e-24, nan 
11.625, 88.625, 5.044390510628333e-24, nan 
11.875, 88.625, 4.8200820147988306e-24, nan 
12.125, 88.625, 5.254011302770121e-24, nan 
12.375, 88.625, 5.781134224296609e-24, nan 
12.625, 88.625, 7.759896747370299e-24, nan 
12.875, 88.625, 5.684818179695481e-24, nan 
13.125, 88.625, 6.585341532915747e-24, nan 
13.375, 88.625, 7.679894558440355e-24, nan 
13.625, 88.625, 7.71785810085978e-24, nan 
13.875, 88.625, 7.735265918769137e-24, nan 
14.125, 88.625, 6.941394071219724e-24, nan 
14.375, 88.625, 4.583316815671906e-24, nan 
14.625, 88.625, 5.489331374179677e-24, nan 
14.875, 88.625, 5.285153139807431e-24, nan 
15.125, 88.625, 6.124894420878033e-24, nan 
15.375, 88.625, 6.572926417293212e-24, nan 
15.625, 88.625, 6.176775403738989e-24, nan 
15.875, 88.625, 5.707570835355284e-24, nan 
16.125, 88.625, 4.758902595894027e-24, nan 
16.375, 88.625, 7.14269655067065e-24, nan 
16.625, 88.625, 5.759528378424488e-24, nan 
16.875, 88.625, 4.199571278714233e-24, nan 
17.125, 88.625, 3.0355004332348646e-24, nan 
17.375, 88.625, 5.07623753681388e-24, nan 
17.625, 88.625, 4.985066513448041e-24, nan 
17.875, 88.625, 5.4706797304748584e-24, nan 
18.125, 88.625, 5.9154486641021755e-24, nan 
18.375, 88.625, 5.873824594746858e-24, nan 
18.625, 88.625, 5.950645689959735e-24, nan 
18.875, 88.625, 5.831533886314374e-24, nan 
19.125, 88.625, 5.656396416084964e-24, nan 
19.375, 88.625, 5.817209848478473e-24, nan 
19.625, 88.625, 5.255091867502649e-24, nan 
19.875, 88.625, 5.167669008673049e-24, nan 
20.125, 88.625, 5.1636500241849e-24, nan 
20.375, 88.625, 6.322053438868046e-24, nan 
20.625, 88.625, 6.413521601829352e-24, nan 
20.875, 88.625, 7.023894255972258e-24, nan 
21.125, 88.625, 7.824949355317252e-24, nan 
21.375, 88.625, 8.456422835759601e-24, nan 
21.625, 88.625, 8.26312342717144e-24, nan 
21.875, 88.625, 1.0500837943222368e-23, nan 
22.125, 88.625, 1.0344997085195951e-23, nan 
22.375, 88.625, 1.0606487815001905e-23, nan 
22.625, 88.625, 1.1415960864814508e-23, nan 
22.875, 88.625, 1.5752589933766224e-23, nan 
23.125, 88.625, 1.0978869221995585e-23, nan 
23.375, 88.625, 1.3096527079754847e-23, nan 
23.625, 88.625, 1.5191045476223367e-23, nan 
23.875, 88.625, 1.769812461689635e-23, nan 
24.125, 88.625, 1.8013723116434627e-23, nan 
24.375, 88.625, 1.5835414667714987e-23, nan 
24.625, 88.625, 6.130915106210697e-24, nan 
24.875, 88.625, 1.1312081469822537e-23, nan 
25.125, 88.625, 9.770339699109612e-24, nan 
25.375, 88.625, 1.2779311484941516e-23, nan 
25.625, 88.625, 1.4179874947492286e-23, nan 
25.875, 88.625, 1.1488315158478576e-23, nan 
26.125, 88.625, 1.0939595011083587e-23, nan 
26.375, 88.625, 1.0092856753195027e-23, nan 
26.625, 88.625, 1.2191840363065069e-23, nan 
26.875, 88.625, 1.199570503449935e-23, nan 
27.125, 88.625, 6.4018166300054536e-24, nan 
27.375, 88.625, 4.082202786504537e-24, nan 
27.625, 88.625, 4.726124501498286e-24, nan 
27.875, 88.625, 6.517966684913841e-24, nan 
28.125, 88.625, 4.573956134133599e-24, nan 
28.375, 88.625, 6.982096077215988e-24, nan 
28.625, 88.625, 5.340697623499595e-24, nan 
28.875, 88.625, 5.003356289301346e-24, nan 
29.125, 88.625, 4.429385962691849e-24, nan 
29.375, 88.625, 5.9871894602613655e-24, nan 
29.625, 88.625, 5.449674744383009e-24, nan 
29.875, 88.625, 5.339115933601755e-24, nan 
30.125, 88.625, 6.5644242935555936e-24, nan 
30.375, 88.625, 8.640865063169242e-24, nan 
30.625, 88.625, 1.127421649329935e-23, nan 
30.875, 88.625, 1.3193182225538772e-23, nan 
31.125, 88.625, 1.529723196130982e-23, nan 
31.375, 88.625, 1.7713404078765944e-23, nan 
31.625, 88.625, 1.9545567562190525e-23, nan 
31.875, 88.625, 2.0627576131768655e-23, nan 
32.125, 88.625, 2.1790111145211958e-23, nan 
32.375, 88.625, 2.213781444312911e-23, nan 
32.625, 88.625, 1.9721173952742316e-23, nan 
32.875, 88.625, 1.794545598985171e-23, nan 
33.125, 88.625, 1.6170112510193207e-23, nan 
33.375, 88.625, 1.379139781642523e-23, nan 
33.625, 88.625, 1.2755862438080822e-23, nan 
33.875, 88.625, 1.977722449584543e-23, nan 
34.125, 88.625, 1.1406599023210097e-23, nan 
34.375, 88.625, 1.1370196860843031e-23, nan 
34.625, 88.625, 1.0677954401204234e-23, nan 
34.875, 88.625, 6.482747594609347e-24, nan 
35.125, 88.625, 8.441978148306035e-24, nan 
35.375, 88.625, 7.775828586639141e-24, nan 
35.625, 88.625, 9.040222093195551e-24, nan 
35.875, 88.625, 9.469966688318955e-24, nan 
36.125, 88.625, 2.1202789011264854e-23, nan 
36.375, 88.625, 8.21076749281669e-24, nan 
36.625, 88.625, 9.411131923405175e-24, nan 
36.875, 88.625, 9.244181028580473e-24, nan 
37.125, 88.625, 8.713685154772227e-24, nan 
37.375, 88.625, 1.5124257846698995e-23, nan 
37.625, 88.625, 8.202543769467282e-24, nan 
37.875, 88.625, 9.247795696889526e-24, nan 
38.125, 88.625, 8.528386213771611e-24, nan 
38.375, 88.625, 8.209981837726423e-24, nan 
38.625, 88.625, 1.3651688150833912e-23, nan 
38.875, 88.625, 5.694314880345053e-24, nan 
39.125, 88.625, 5.991091858309638e-24, nan 
39.375, 88.625, 5.014163351741671e-24, nan 
39.625, 88.625, 1.2549948939494647e-23, nan 
39.875, 88.625, 7.003056186220815e-24, nan 
40.125, 88.625, 5.500861528374747e-24, nan 
40.375, 88.625, 6.817438249959251e-24, nan 
40.625, 88.625, 8.155205559561479e-24, nan 
40.875, 88.625, 1.0306323057242522e-23, nan 
41.125, 88.625, 1.1742390630317979e-23, nan 
41.375, 88.625, 1.3771036855240987e-23, nan 
41.625, 88.625, 1.6491059080880334e-23, nan 
41.875, 88.625, 1.850563463182974e-23, nan 
42.125, 88.625, 1.9980926445795864e-23, nan 
42.375, 88.625, 2.0982168651439396e-23, nan 
42.625, 88.625, 2.0657364372215287e-23, nan 
42.875, 88.625, 1.888067482868155e-23, nan 
43.125, 88.625, 1.7537728984917552e-23, nan 
43.375, 88.625, 1.5353009475425488e-23, nan 
43.625, 88.625, 1.4166940022945285e-23, nan 
43.875, 88.625, 1.2818876021750623e-23, nan 
44.125, 88.625, 1.6052373477808177e-23, nan 
44.375, 88.625, 7.111790707761468e-24, nan 
44.625, 88.625, 5.024135098541685e-24, nan 
44.875, 88.625, 5.174423451978231e-24, nan 
45.125, 88.625, 4.37814453888352e-24, nan 
45.375, 88.625, 8.146328163256344e-24, nan 
45.625, 88.625, 7.811136869827918e-24, nan 
45.875, 88.625, 7.958439724420449e-24, nan 
46.125, 88.625, 1.3716865570841678e-23, nan 
46.375, 88.625, 2.0423092084965634e-23, nan 
46.625, 88.625, 1.461102341214943e-23, nan 
46.875, 88.625, 1.4296254003437565e-23, nan 
47.125, 88.625, 1.516835877232543e-23, nan 
47.375, 88.625, 1.5496683796819956e-23, nan 
47.625, 88.625, 1.8403041465779074e-23, nan 
47.875, 88.625, 1.5836881718703324e-23, nan 
48.125, 88.625, 1.5952647938374317e-23, nan 
48.375, 88.625, 1.5891653016746835e-23, nan 
48.625, 88.625, 1.4735863287410978e-23, nan 
48.875, 88.625, 1.6903071395992513e-23, nan 
49.125, 88.625, 1.3792443128889643e-23, nan 
49.375, 88.625, 1.360242964414153e-23, nan 
49.625, 88.625, 1.3718578791579518e-23, nan 
49.875, 88.625, 1.576866651158744e-23, nan 
50.125, 88.625, 1.2740065229691845e-23, nan 
50.375, 88.625, 3.896265980904933e-24, nan 
50.625, 88.625, 4.323296678315096e-24, nan 
50.875, 88.625, 3.674916761511369e-24, nan 
51.125, 88.625, 1.450973510176798e-23, nan 
51.375, 88.625, 1.4134677537688012e-23, nan 
51.625, 88.625, 1.1412529086549507e-23, nan 
51.875, 88.625, 3.816935550773079e-24, nan 
52.125, 88.625, 2.8916367825105146e-24, nan 
52.375, 88.625, 3.3143179883966345e-24, nan 
52.625, 88.625, 2.8151669584018044e-24, nan 
52.875, 88.625, 2.5655140689826627e-24, nan 
53.125, 88.625, 2.47275607722029e-24, nan 
53.375, 88.625, 2.3890340945413775e-24, nan 
53.625, 88.625, 2.350861908837955e-24, nan 
53.875, 88.625, 2.438812699464203e-24, nan 
54.125, 88.625, 2.345259302799888e-24, nan 
54.375, 88.625, 2.5348668648408884e-24, nan 
54.625, 88.625, 2.4872405557421406e-24, nan 
54.875, 88.625, 2.655847223550078e-24, nan 
55.125, 88.625, 2.9058861938595718e-24, nan 
55.375, 88.625, 2.781478670953424e-24, nan 
55.625, 88.625, 2.5596606276253875e-24, nan 
55.875, 88.625, 2.599429191661766e-24, nan 
56.125, 88.625, 2.7784768954009437e-24, nan 
56.375, 88.625, 2.8117738848075356e-24, nan 
56.625, 88.625, 2.7948403360934678e-24, nan 
56.875, 88.625, 3.1585491412489804e-24, nan 
57.125, 88.625, 3.2047196741815535e-24, nan 
57.375, 88.625, 3.475168023783475e-24, nan 
57.625, 88.625, 3.480040711200378e-24, nan 
57.875, 88.625, 3.472418965035171e-24, nan 
58.125, 88.625, 3.591161385431555e-24, nan 
58.375, 88.625, 3.5942623806358446e-24, nan 
58.625, 88.625, 3.591641361683234e-24, nan 
58.875, 88.625, 3.4342696878406276e-24, nan 
59.125, 88.625, 3.4643259446211855e-24, nan 
59.375, 88.625, 3.4142840384331046e-24, nan 
59.625, 88.625, 3.373255534787822e-24, nan 
59.875, 88.625, 2.7575311142418732e-24, nan 
60.125, 88.625, 2.310107553207335e-24, nan 
60.375, 88.625, 2.3700501742628323e-24, nan 
60.625, 88.625, 2.8751414978498125e-24, nan 
60.875, 88.625, 4.925682492606701e-24, nan 
61.125, 88.625, 3.0480619010332526e-24, nan 
61.375, 88.625, 2.8430841127813503e-24, nan 
61.625, 88.625, 3.001328967049022e-24, nan 
61.875, 88.625, 2.9840072445942687e-24, nan 
62.125, 88.625, 2.509749849195888e-24, nan 
62.375, 88.625, 2.3850139070380618e-24, nan 
62.625, 88.625, 2.386722954575725e-24, nan 
62.875, 88.625, 2.2200152840371103e-24, nan 
63.125, 88.625, 2.05656274795449e-24, nan 
63.375, 88.625, 2.277256218499816e-24, nan 
63.625, 88.625, 2.2551514521584812e-24, nan 
63.875, 88.625, 2.1860980651441598e-24, nan 
64.125, 88.625, 2.20884925058026e-24, nan 
64.375, 88.625, 2.1550085702214553e-24, nan 
64.625, 88.625, 2.4934658936658346e-24, nan 
64.875, 88.625, 2.1451245932105166e-24, nan 
65.125, 88.625, 2.6000587336794666e-24, nan 
65.375, 88.625, 3.0112029865280603e-24, nan 
65.625, 88.625, 2.4102861197722766e-24, nan 
65.875, 88.625, 2.3672815558469333e-24, nan 
66.125, 88.625, 2.245808458913726e-24, nan 
66.375, 88.625, 1.988879130335524e-24, nan 
66.625, 88.625, 1.5556052403254675e-24, nan 
66.875, 88.625, 1.7870467869274914e-24, nan 
67.125, 88.625, 1.8099964191346983e-24, nan 
67.375, 88.625, 1.5500268362765163e-24, nan 
67.625, 88.625, 1.4615513088281423e-24, nan 
67.875, 88.625, 1.7284887974484646e-24, nan 
68.125, 88.625, 1.8121272905292612e-24, nan 
68.375, 88.625, 1.8129108582812488e-24, nan 
68.625, 88.625, 1.7135746791112933e-24, nan 
68.875, 88.625, 1.5197793550491478e-24, nan 
69.125, 88.625, 1.9530169701935162e-24, nan 
69.375, 88.625, 1.8501289185518388e-24, nan 
69.625, 88.625, 2.4132897565947886e-24, nan 
69.875, 88.625, 2.366339332943005e-24, nan 
70.125, 88.625, 2.1107908973660847e-24, nan 
70.375, 88.625, 2.310836512094361e-24, nan 
70.625, 88.625, 2.4962320365678203e-24, nan 
70.875, 88.625, 2.1926065865519182e-24, nan 
71.125, 88.625, 2.467149949441844e-24, nan 
71.375, 88.625, 2.4873124428440363e-24, nan 
71.625, 88.625, 1.9566427641781404e-24, nan 
71.875, 88.625, 2.7965647654639054e-24, nan 
72.125, 88.625, 3.646261264567822e-24, nan 
72.375, 88.625, 3.608695613205354e-24, nan 
72.625, 88.625, 3.8191578424620816e-24, nan 
72.875, 88.625, 2.939485056315178e-24, nan 
73.125, 88.625, 2.8498436459813403e-24, nan 
73.375, 88.625, 2.856963721580702e-24, nan 
73.625, 88.625, 2.8816047750836134e-24, nan 
73.875, 88.625, 2.6994597753205044e-24, nan 
74.125, 88.625, 2.817449697588217e-24, nan 
74.375, 88.625, 3.095254386387596e-24, nan 
74.625, 88.625, 3.01625396309445e-24, nan 
74.875, 88.625, 3.1044342459917034e-24, nan 
75.125, 88.625, 3.125669769935469e-24, nan 
75.375, 88.625, 3.1531681909964378e-24, nan 
75.625, 88.625, 3.2570324517895773e-24, nan 
75.875, 88.625, 3.478046900110193e-24, nan 
76.125, 88.625, 3.813094056192042e-24, nan 
76.375, 88.625, 3.703789616680154e-24, nan 
76.625, 88.625, 4.18079624216092e-24, nan 
76.875, 88.625, 3.684894498106385e-24, nan 
77.125, 88.625, 3.809037616505024e-24, nan 
77.375, 88.625, 3.484933044043317e-24, nan 
77.625, 88.625, 3.584358732174276e-24, nan 
77.875, 88.625, 3.931145191733262e-24, nan 
78.125, 88.625, 3.965314696252587e-24, nan 
78.375, 88.625, 4.126186150650734e-24, nan 
78.625, 88.625, 4.444000803373489e-24, nan 
78.875, 88.625, 4.52408024953495e-24, nan 
79.125, 88.625, 4.779804131609919e-24, nan 
79.375, 88.625, 4.895975213211201e-24, nan 
79.625, 88.625, 4.920211088681842e-24, nan 
79.875, 88.625, 5.577850077675076e-24, nan 
80.125, 88.625, 5.520662886674745e-24, nan 
80.375, 88.625, 5.622605311509371e-24, nan 
80.625, 88.625, 5.3863891754425464e-24, nan 
80.875, 88.625, 5.095436148598101e-24, nan 
81.125, 88.625, 4.081166945677987e-24, nan 
81.375, 88.625, 3.52845459594313e-24, nan 
81.625, 88.625, 2.5942819454631546e-24, nan 
81.875, 88.625, 2.0074846114700746e-24, nan 
82.125, 88.625, 2.7859573192468016e-24, nan 
82.375, 88.625, 8.896761847414223e-24, nan 
82.625, 88.625, 5.222395558908456e-24, nan 
82.875, 88.625, 3.384019254623895e-24, nan 
83.125, 88.625, 2.8082827495597874e-24, nan 
83.375, 88.625, 5.517361923967838e-24, nan 
83.625, 88.625, 4.019448090277239e-24, nan 
83.875, 88.625, 3.2956113236960195e-24, nan 
84.125, 88.625, 3.44655074373761e-24, nan 
84.375, 88.625, 3.477216415661858e-24, nan 
84.625, 88.625, 3.663898126122208e-24, nan 
84.875, 88.625, 3.5483223128463855e-24, nan 
85.125, 88.625, 3.818403586926855e-24, nan 
85.375, 88.625, 3.724247805240901e-24, nan 
85.625, 88.625, 3.350837242198422e-24, nan 
85.875, 88.625, 3.1804334003008454e-24, nan 
86.125, 88.625, 2.4268711382181127e-24, nan 
86.375, 88.625, 1.5962436673254843e-24, nan 
86.625, 88.625, 4.216835323105548e-24, nan 
86.875, 88.625, 4.147364864554262e-24, nan 
87.125, 88.625, 3.934546034105471e-24, nan 
87.375, 88.625, 4.593733071625853e-24, nan 
87.625, 88.625, 4.088047073849032e-24, nan 
87.875, 88.625, 4.449645670136484e-24, nan 
88.125, 88.625, 4.364348614493003e-24, nan 
88.375, 88.625, 4.083808849004307e-24, nan 
88.625, 88.625, 4.863197297551009e-24, nan 
88.875, 88.625, 4.3392233044436135e-24, nan 
89.125, 88.625, 4.0378821891941455e-24, nan 
89.375, 88.625, 4.2809068299454386e-24, nan 
89.625, 88.625, 4.719558729025339e-24, nan 
89.875, 88.625, 5.46063870423903e-24, nan 
90.125, 88.625, 5.13306113570735e-24, nan 
90.375, 88.625, 5.852925183563103e-24, nan 
90.625, 88.625, 6.1909894638560125e-24, nan 
90.875, 88.625, 6.262799541384304e-24, nan 
91.125, 88.625, 6.6121217679034946e-24, nan 
91.375, 88.625, 5.80993754575058e-24, nan 
91.625, 88.625, 6.2668225516098e-24, nan 
91.875, 88.625, 6.858403287105486e-24, nan 
92.125, 88.625, 5.79224873339284e-24, nan 
92.375, 88.625, 5.250402503979033e-24, nan 
92.625, 88.625, 4.488315139727548e-24, nan 
92.875, 88.625, 4.8906800776581605e-24, nan 
93.125, 88.625, 5.805928823361588e-24, nan 
93.375, 88.625, 6.0066114413942934e-24, nan 
93.625, 88.625, 6.287378030896501e-24, nan 
93.875, 88.625, 6.575841087068854e-24, nan 
94.125, 88.625, 6.658769896255709e-24, nan 
94.375, 88.625, 6.90807961020462e-24, nan 
94.625, 88.625, 6.938993826224037e-24, nan 
94.875, 88.625, 7.030859038242655e-24, nan 
95.125, 88.625, 7.12330468764812e-24, nan 
95.375, 88.625, 7.431064038749122e-24, nan 
95.625, 88.625, 7.082800510969298e-24, nan 
95.875, 88.625, 6.616809682133628e-24, nan 
96.125, 88.625, 6.2603548600580096e-24, nan 
96.375, 88.625, 5.834023204077468e-24, nan 
96.625, 88.625, 5.0669329471138296e-24, nan 
96.875, 88.625, 8.52510213991904e-24, nan 
97.125, 88.625, 8.342091401461947e-24, nan 
97.375, 88.625, 5.531579888660092e-24, nan 
97.625, 88.625, 5.441689917764699e-24, nan 
97.875, 88.625, 4.352395708242738e-24, nan 
98.125, 88.625, 4.9852389739365584e-24, nan 
98.375, 88.625, 4.138896895010772e-24, nan 
98.625, 88.625, 4.222375568048965e-24, nan 
98.875, 88.625, 4.5922866780402024e-24, nan 
99.125, 88.625, 4.263279328488066e-24, nan 
99.375, 88.625, 5.4223072665022236e-24, nan 
99.625, 88.625, 5.557247018193885e-24, nan 
99.875, 88.625, 6.0034937276592624e-24, nan 
100.125, 88.625, 7.270583615288824e-24, nan 
100.375, 88.625, 9.94088026789945e-24, nan 
100.625, 88.625, 9.977016384886218e-24, nan 
100.875, 88.625, 1.0414538929629743e-23, nan 
101.125, 88.625, 9.072195537088383e-24, nan 
101.375, 88.625, 8.899701329973714e-24, nan 
101.625, 88.625, 7.507446962841164e-24, nan 
101.875, 88.625, 7.004119958490052e-24, nan 
102.125, 88.625, 7.486022922232237e-24, nan 
102.375, 88.625, 7.226197162697492e-24, nan 
102.625, 88.625, 7.026936463767592e-24, nan 
102.875, 88.625, 5.7788198073503574e-24, nan 
103.125, 88.625, 6.201129141898078e-24, nan 
103.375, 88.625, 6.135602277448383e-24, nan 
103.625, 88.625, 5.6000491427020556e-24, nan 
103.875, 88.625, 5.494838808968875e-24, nan 
104.125, 88.625, 5.356234651551361e-24, nan 
104.375, 88.625, 4.479739732255303e-24, nan 
104.625, 88.625, 4.499778837676739e-24, nan 
104.875, 88.625, 4.4816359722009796e-24, nan 
105.125, 88.625, 4.427792510880189e-24, nan 
105.375, 88.625, 4.548149516637906e-24, nan 
105.625, 88.625, 4.650609406156772e-24, nan 
105.875, 88.625, 4.6431072630282925e-24, nan 
106.125, 88.625, 5.36161247668611e-24, nan 
106.375, 88.625, 4.945552288804445e-24, nan 
106.625, 88.625, 5.437048476326624e-24, nan 
106.875, 88.625, 5.36628725012141e-24, nan 
107.125, 88.625, 4.753355533111955e-24, nan 
107.375, 88.625, 5.113750618217512e-24, nan 
107.625, 88.625, 5.69811957838139e-24, nan 
107.875, 88.625, 4.480810505474964e-24, nan 
108.125, 88.625, 5.178687135435615e-24, nan 
108.375, 88.625, 5.2283618915170826e-24, nan 
108.625, 88.625, 4.945758272560484e-24, nan 
108.875, 88.625, 4.875307892099904e-24, nan 
109.125, 88.625, 4.945560305989943e-24, nan 
109.375, 88.625, 4.790204914315732e-24, nan 
109.625, 88.625, 5.509496264788398e-24, nan 
109.875, 88.625, 5.553583834360911e-24, nan 
110.125, 88.625, 5.779939118212402e-24, nan 
110.375, 88.625, 6.185467557784947e-24, nan 
110.625, 88.625, 6.3106206732566446e-24, nan 
110.875, 88.625, 6.4739898912046325e-24, nan 
111.125, 88.625, 6.906813062506682e-24, nan 
111.375, 88.625, 6.64170725087455e-24, nan 
111.625, 88.625, 7.530387497660043e-24, nan 
111.875, 88.625, 5.994417543296919e-24, nan 
112.125, 88.625, 6.355606764719154e-24, nan 
112.375, 88.625, 6.63961320126482e-24, nan 
112.625, 88.625, 7.449006329883689e-24, nan 
112.875, 88.625, 7.747196578393792e-24, nan 
113.125, 88.625, 7.269710793958032e-24, nan 
113.375, 88.625, 7.604434892852293e-24, nan 
113.625, 88.625, 7.820195489102827e-24, nan 
113.875, 88.625, 7.785873264038316e-24, nan 
114.125, 88.625, 7.810893939273185e-24, nan 
114.375, 88.625, 8.094342605765362e-24, nan 
114.625, 88.625, 7.300833653597548e-24, nan 
114.875, 88.625, 7.626214965132371e-24, nan 
115.125, 88.625, 7.735690724138795e-24, nan 
115.375, 88.625, 7.740105414099271e-24, nan 
115.625, 88.625, 7.977609960920964e-24, nan 
115.875, 88.625, 8.142372261421891e-24, nan 
116.125, 88.625, 7.884795274966084e-24, nan 
116.375, 88.625, 8.148788265501658e-24, nan 
116.625, 88.625, 7.389237910994119e-24, nan 
116.875, 88.625, 8.374435296664938e-24, nan 
117.125, 88.625, 7.821829436985264e-24, nan 
117.375, 88.625, 7.987676954584898e-24, nan 
117.625, 88.625, 8.261032523965602e-24, nan 
117.875, 88.625, 7.503328519707967e-24, nan 
118.125, 88.625, 7.116421504249419e-24, nan 
118.375, 88.625, 6.1132921267973526e-24, nan 
118.625, 88.625, 6.546495241033171e-24, nan 
118.875, 88.625, 6.849990791384125e-24, nan 
119.125, 88.625, 6.842714036136326e-24, nan 
119.375, 88.625, 6.79012287379287e-24, nan 
119.625, 88.625, 7.25411229696452e-24, nan 
119.875, 88.625, 6.431563564590935e-24, nan 
120.125, 88.625, 6.639092867576281e-24, nan 
120.375, 88.625, 6.4208168632024e-24, nan 
120.625, 88.625, 6.528936634216847e-24, nan 
120.875, 88.625, 6.623550743499031e-24, nan 
121.125, 88.625, 6.842741394723413e-24, nan 
121.375, 88.625, 6.913963972730643e-24, nan 
121.625, 88.625, 6.999925870473015e-24, nan 
121.875, 88.625, 7.091266318376282e-24, nan 
122.125, 88.625, 8.119360192735207e-24, nan 
122.375, 88.625, 7.040550522919544e-24, nan 
122.625, 88.625, 7.220756660853168e-24, nan 
122.875, 88.625, 6.830725838801447e-24, nan 
123.125, 88.625, 7.41868910568489e-24, nan 
123.375, 88.625, 7.088645063083102e-24, nan 
123.625, 88.625, 7.119597869546193e-24, nan 
123.875, 88.625, 7.089876897989769e-24, nan 
124.125, 88.625, 7.529927103586252e-24, nan 
124.375, 88.625, 6.148933457903503e-24, nan 
124.625, 88.625, 6.5063935184094706e-24, nan 
124.875, 88.625, 7.222444535231567e-24, nan 
125.125, 88.625, 6.81468283821236e-24, nan 
125.375, 88.625, 7.149087962936536e-24, nan 
125.625, 88.625, 7.263865878702261e-24, nan 
125.875, 88.625, 7.320225385046854e-24, nan 
126.125, 88.625, 7.233035326940066e-24, nan 
126.375, 88.625, 9.019624698938849e-24, nan 
126.625, 88.625, 7.696008177321418e-24, nan 
126.875, 88.625, 5.1907211185838154e-24, nan 
127.125, 88.625, 7.613636131871345e-24, nan 
127.375, 88.625, 8.474522020452089e-24, nan 
127.625, 88.625, 8.28293712743788e-24, nan 
127.875, 88.625, 8.705644622295222e-24, nan 
128.125, 88.625, 6.404830840046967e-24, nan 
128.375, 88.625, 6.088491937426485e-24, nan 
128.625, 88.625, 7.05267834278004e-24, nan 
128.875, 88.625, 8.0815975203232e-24, nan 
129.125, 88.625, 8.926590984391739e-24, nan 
129.375, 88.625, 9.083685821986642e-24, nan 
129.625, 88.625, 9.383078362894943e-24, nan 
129.875, 88.625, 9.373346304356528e-24, nan 
130.125, 88.625, 8.830296972682942e-24, nan 
130.375, 88.625, 8.824258039229723e-24, nan 
130.625, 88.625, 8.792681287106075e-24, nan 
130.875, 88.625, 8.755369005502352e-24, nan 
131.125, 88.625, 8.91720371513874e-24, nan 
131.375, 88.625, 8.341915826088898e-24, nan 
131.625, 88.625, 8.358547536459642e-24, nan 
131.875, 88.625, 8.514012555051094e-24, nan 
132.125, 88.625, 8.89555538799566e-24, nan 
132.375, 88.625, 7.488773951458059e-24, nan 
132.625, 88.625, 9.265327106132692e-24, nan 
132.875, 88.625, 9.445596346396866e-24, nan 
133.125, 88.625, 8.44380583764428e-24, nan 
133.375, 88.625, 8.22775609790141e-24, nan 
133.625, 88.625, 8.784888949854784e-24, nan 
133.875, 88.625, 9.363159688579484e-24, nan 
134.125, 88.625, 8.226852733739576e-24, nan 
134.375, 88.625, 8.96024458646451e-24, nan 
134.625, 88.625, 8.944225382312754e-24, nan 
134.875, 88.625, 8.695465222717125e-24, nan 
135.125, 88.625, 8.042609926812504e-24, nan 
135.375, 88.625, 8.084152566908853e-24, nan 
135.625, 88.625, 8.756814082615843e-24, nan 
135.875, 88.625, 8.287491013351383e-24, nan 
136.125, 88.625, 7.863351650792883e-24, nan 
136.375, 88.625, 8.391447424155201e-24, nan 
136.625, 88.625, 8.341970223268573e-24, nan 
136.875, 88.625, 8.863104129540812e-24, nan 
137.125, 88.625, 8.705930516132228e-24, nan 
137.375, 88.625, 7.359979954700921e-24, nan 
137.625, 88.625, 9.413653248068118e-24, nan 
137.875, 88.625, 8.379565130381498e-24, nan 
138.125, 88.625, 8.323619779396463e-24, nan 
138.375, 88.625, 9.55487878138742e-24, nan 
138.625, 88.625, 9.091558746822221e-24, nan 
138.875, 88.625, 8.660049737366602e-24, nan 
139.125, 88.625, 8.627073317249892e-24, nan 
139.375, 88.625, 8.80935146630439e-24, nan 
139.625, 88.625, 8.831223923706547e-24, nan 
139.875, 88.625, 9.072115069964026e-24, nan 
140.125, 88.625, 9.542823624775328e-24, nan 
140.375, 88.625, 9.607551350250793e-24, nan 
140.625, 88.625, 1.0065589447196041e-23, nan 
140.875, 88.625, 9.803026467415728e-24, nan 
141.125, 88.625, 1.0143075355132015e-23, nan 
141.375, 88.625, 9.731316815434726e-24, nan 
141.625, 88.625, 1.0229167495948814e-23, nan 
141.875, 88.625, 1.034515431516025e-23, nan 
142.125, 88.625, 9.5915341387013e-24, nan 
142.375, 88.625, 1.0093843333220939e-23, nan 
142.625, 88.625, 1.0131370289669337e-23, nan 
142.875, 88.625, 1.0019582903085859e-23, nan 
143.125, 88.625, 1.003292150751234e-23, nan 
143.375, 88.625, 8.937202332515675e-24, nan 
143.625, 88.625, 8.479854175214741e-24, nan 
143.875, 88.625, 8.905231039071815e-24, nan 
144.125, 88.625, 9.61031252691938e-24, nan 
144.375, 88.625, 8.577021564795434e-24, nan 
144.625, 88.625, 8.420239108716918e-24, nan 
144.875, 88.625, 8.88161617474121e-24, nan 
145.125, 88.625, 6.326344810727035e-24, nan 
145.375, 88.625, 7.432093152960521e-24, nan 
145.625, 88.625, 8.25007946892535e-24, nan 
145.875, 88.625, 9.188892054457963e-24, nan 
146.125, 88.625, 8.289235353433621e-24, nan 
146.375, 88.625, 9.051691770653892e-24, nan 
146.625, 88.625, 8.641238405413e-24, nan 
146.875, 88.625, 8.639330218714513e-24, nan 
147.125, 88.625, 8.45999230902689e-24, nan 
147.375, 88.625, 8.450929182081693e-24, nan 
147.625, 88.625, 7.938681807307623e-24, nan 
147.875, 88.625, 8.082492030769304e-24, nan 
148.125, 88.625, 8.735552537579845e-24, nan 
148.375, 88.625, 6.608411784003064e-24, nan 
148.625, 88.625, 6.419031804652404e-24, nan 
148.875, 88.625, 6.701976734976644e-24, nan 
149.125, 88.625, 7.484584668737456e-24, nan 
149.375, 88.625, 6.058116257240657e-24, nan 
149.625, 88.625, 7.239203156509294e-24, nan 
149.875, 88.625, 6.390335479658419e-24, nan 
150.125, 88.625, 6.706782639054051e-24, nan 
150.375, 88.625, 7.130228312472193e-24, nan 
150.625, 88.625, 7.411235679801781e-24, nan 
150.875, 88.625, 8.754995159959818e-24, nan 
151.125, 88.625, 8.021027536044958e-24, nan 
151.375, 88.625, 7.683075227097348e-24, nan 
151.625, 88.625, 8.288694434045282e-24, nan 
151.875, 88.625, 7.151495780170698e-24, nan 
152.125, 88.625, 9.034832661821665e-24, nan 
152.375, 88.625, 8.632927315496899e-24, nan 
152.625, 88.625, 7.57298306708515e-24, nan 
152.875, 88.625, 8.103972454439448e-24, nan 
153.125, 88.625, 7.966316859155322e-24, nan 
153.375, 88.625, 8.491309134060783e-24, nan 
153.625, 88.625, 7.082490806916668e-24, nan 
153.875, 88.625, 7.291277682975088e-24, nan 
154.125, 88.625, 7.563440392228547e-24, nan 
154.375, 88.625, 8.60483449485173e-24, nan 
154.625, 88.625, 6.364560770849153e-24, nan 
154.875, 88.625, 5.579368317638684e-24, nan 
155.125, 88.625, 6.4771609526921984e-24, nan 
155.375, 88.625, 6.0096315122379e-24, nan 
155.625, 88.625, 6.401428057997749e-24, nan 
155.875, 88.625, 5.956312324709311e-24, nan 
156.125, 88.625, 8.554907121659256e-24, nan 
156.375, 88.625, 6.982546691610679e-24, nan 
156.625, 88.625, 8.318685312708221e-24, nan 
156.875, 88.625, 6.98983179019157e-24, nan 
157.125, 88.625, 5.48116431422853e-24, nan 
157.375, 88.625, 6.036322848230849e-24, nan 
157.625, 88.625, 5.4736091230449834e-24, nan 
157.875, 88.625, 6.300322629207297e-24, nan 
158.125, 88.625, 6.429554803203099e-24, nan 
158.375, 88.625, 6.5917892011988245e-24, nan 
158.625, 88.625, 6.611128654018035e-24, nan 
158.875, 88.625, 6.3344734078293754e-24, nan 
159.125, 88.625, 6.3383183643547116e-24, nan 
159.375, 88.625, 4.870667208593807e-24, nan 
159.625, 88.625, 5.144439469934298e-24, nan 
159.875, 88.625, 4.6494581067971436e-24, nan 
160.125, 88.625, 5.993486307071212e-24, nan 
160.375, 88.625, 6.448207214260361e-24, nan 
160.625, 88.625, 6.663199169613975e-24, nan 
160.875, 88.625, 7.071598698336824e-24, nan 
161.125, 88.625, 8.061350523659402e-24, nan 
161.375, 88.625, 7.530311693134201e-24, nan 
161.625, 88.625, 6.64300538287179e-24, nan 
161.875, 88.625, 7.686063819004304e-24, nan 
162.125, 88.625, 6.697700634372493e-24, nan 
162.375, 88.625, 7.814672137752317e-24, nan 
162.625, 88.625, 7.47626552320172e-24, nan 
162.875, 88.625, 6.18440172570769e-24, nan 
163.125, 88.625, 6.775604155400229e-24, nan 
163.375, 88.625, 6.410600698493065e-24, nan 
163.625, 88.625, 6.66452261371971e-24, nan 
163.875, 88.625, 6.368957022261074e-24, nan 
164.125, 88.625, 4.189780864008743e-24, nan 
164.375, 88.625, 4.381060116695121e-24, nan 
164.625, 88.625, 7.317979077330115e-24, nan 
164.875, 88.625, 5.7241274365616704e-24, nan 
165.125, 88.625, 4.938309955365135e-24, nan 
165.375, 88.625, 6.351861171682399e-24, nan 
165.625, 88.625, 6.4200693234655494e-24, nan 
165.875, 88.625, 6.3801585949160566e-24, nan 
166.125, 88.625, 4.755659076038012e-24, nan 
166.375, 88.625, 6.570947416822202e-24, nan 
166.625, 88.625, 5.159837200421965e-24, nan 
166.875, 88.625, 7.101413950561735e-24, nan 
167.125, 88.625, 4.6018187694629836e-24, nan 
167.375, 88.625, 4.9367726676472295e-24, nan 
167.625, 88.625, 5.7359935301117144e-24, nan 
167.875, 88.625, 5.005906957418908e-24, nan 
168.125, 88.625, 5.874982670247212e-24, nan 
168.375, 88.625, 5.971887328831693e-24, nan 
168.625, 88.625, 5.87541461102452e-24, nan 
168.875, 88.625, 5.7987013471091436e-24, nan 
169.125, 88.625, 5.7126595170688176e-24, nan 
169.375, 88.625, 4.912683528394019e-24, nan 
169.625, 88.625, 4.57173816880286e-24, nan 
169.875, 88.625, 1.088283860506235e-23, nan 
170.125, 88.625, 1.0622483431163615e-23, nan 
170.375, 88.625, 1.0484955955137285e-23, nan 
170.625, 88.625, 1.030187053697476e-23, nan 
170.875, 88.625, 1.016505018351164e-23, nan 
171.125, 88.625, 1.0062390754892178e-23, nan 
171.375, 88.625, 9.976225929414955e-24, nan 
171.625, 88.625, 9.882864430969166e-24, nan 
171.875, 88.625, 1.0216959996272862e-23, nan 
172.125, 88.625, 9.749915819066935e-24, nan 
172.375, 88.625, 1.0477320589494219e-23, nan 
172.625, 88.625, 9.663546370554335e-24, nan 
172.875, 88.625, 9.698697540595389e-24, nan 
173.125, 88.625, 1.0093810325276663e-23, nan 
173.375, 88.625, 9.705943384491073e-24, nan 
173.625, 88.625, 9.749629657004945e-24, nan 
173.875, 88.625, 9.55742080968828e-24, nan 
174.125, 88.625, 9.557989959116701e-24, nan 
174.375, 88.625, 9.501018222897875e-24, nan 
174.625, 88.625, 9.262360484653128e-24, nan 
174.875, 88.625, 9.052722459780682e-24, nan 
175.125, 88.625, 9.053956370308676e-24, nan 
175.375, 88.625, 9.010208517414977e-24, nan 
175.625, 88.625, 9.010201619479779e-24, nan 
175.875, 88.625, 8.825399793958136e-24, nan 
176.125, 88.625, 8.705591738176455e-24, nan 
176.375, 88.625, 8.600709490687057e-24, nan 
176.625, 88.625, 8.545454117047595e-24, nan 
176.875, 88.625, 8.231047078360978e-24, nan 
177.125, 88.625, 8.054024104557654e-24, nan 
177.375, 88.625, 7.995069675612373e-24, nan 
177.625, 88.625, 8.03600941690213e-24, nan 
177.875, 88.625, 7.67886938547624e-24, nan 
178.125, 88.625, 7.80324394296835e-24, nan 
178.375, 88.625, 7.720640617266435e-24, nan 
178.625, 88.625, 7.874414856088771e-24, nan 
178.875, 88.625, 7.82876212666336e-24, nan 
179.125, 88.625, 7.668541812453678e-24, nan 
179.375, 88.625, 7.627593397498016e-24, nan 
179.625, 88.625, 7.498094091259606e-24, nan 
179.875, 88.625, 7.462895506673534e-24, nan 
-179.875, 88.875, 5.858985478341752e-24, nan 
-179.625, 88.875, 6.092434113698194e-24, nan 
-179.375, 88.875, 6.078448729826614e-24, nan 
-179.125, 88.875, 6.966641726855864e-24, nan 
-178.875, 88.875, 7.777287242325618e-24, nan 
-178.625, 88.875, 7.740923152134587e-24, nan 
-178.375, 88.875, 8.024424344034477e-24, nan 
-178.125, 88.875, 7.788261915085122e-24, nan 
-177.875, 88.875, 8.33457607234241e-24, nan 
-177.625, 88.875, 8.539656849862267e-24, nan 
-177.375, 88.875, 8.547442995134209e-24, nan 
-177.125, 88.875, 8.293382456252672e-24, nan 
-176.875, 88.875, 8.71647842224965e-24, nan 
-176.625, 88.875, 8.797373683095661e-24, nan 
-176.375, 88.875, 8.856978129842465e-24, nan 
-176.125, 88.875, 9.518753131193438e-24, nan 
-175.875, 88.875, 1.0526277219956263e-23, nan 
-175.625, 88.875, 1.1449991582977126e-23, nan 
-175.375, 88.875, 1.3420863284274195e-23, nan 
-175.125, 88.875, 1.1629762182401293e-23, nan 
-174.875, 88.875, 9.973443883563763e-24, nan 
-174.625, 88.875, 1.0015648545036717e-23, nan 
-174.375, 88.875, 1.0446901645074338e-23, nan 
-174.125, 88.875, 1.1578164418056675e-23, nan 
-173.875, 88.875, 1.3272388148607237e-23, nan 
-173.625, 88.875, 1.5853308211600676e-23, nan 
-173.375, 88.875, 1.5868526707131925e-23, nan 
-173.125, 88.875, 1.414409283684295e-23, nan 
-172.875, 88.875, 1.5351476658320363e-23, nan 
-172.625, 88.875, 1.539317522854254e-23, nan 
-172.375, 88.875, 1.4770050501385868e-23, nan 
-172.125, 88.875, 1.4549651185868546e-23, nan 
-171.875, 88.875, 1.4465481221233932e-23, nan 
-171.625, 88.875, 1.433731281979479e-23, nan 
-171.375, 88.875, 1.2564830307018457e-23, nan 
-171.125, 88.875, 1.354025520890178e-23, nan 
-170.875, 88.875, 1.30674041741712e-23, nan 
-170.625, 88.875, 1.160673989068978e-23, nan 
-170.375, 88.875, 1.1748479919985151e-23, nan 
-170.125, 88.875, 1.1965573462673262e-23, nan 
-169.875, 88.875, 1.1720339199747647e-23, nan 
-169.625, 88.875, 1.1420881213514919e-23, nan 
-169.375, 88.875, 1.0809496337926331e-23, nan 
-169.125, 88.875, 1.0421390323652977e-23, nan 
-168.875, 88.875, 1.0559094516560768e-23, nan 
-168.625, 88.875, 1.0309439483352179e-23, nan 
-168.375, 88.875, 1.020096672790481e-23, nan 
-168.125, 88.875, 1.0433811954943602e-23, nan 
-167.875, 88.875, 1.0530763463746001e-23, nan 
-167.625, 88.875, 1.0300205675379793e-23, nan 
-167.375, 88.875, 1.0676146681727261e-23, nan 
-167.125, 88.875, 1.0620185693834867e-23, nan 
-166.875, 88.875, 1.0198909546424089e-23, nan 
-166.625, 88.875, 1.0117674249355308e-23, nan 
-166.375, 88.875, 1.0085619361293132e-23, nan 
-166.125, 88.875, 8.19269162497164e-24, nan 
-165.875, 88.875, 8.598449783844292e-24, nan 
-165.625, 88.875, 1.2291422227952224e-23, nan 
-165.375, 88.875, 6.949605800826925e-24, nan 
-165.125, 88.875, 8.38514739936158e-24, nan 
-164.875, 88.875, 8.231371762549809e-24, nan 
-164.625, 88.875, 8.999644376726969e-24, nan 
-164.375, 88.875, 6.273178294821834e-24, nan 
-164.125, 88.875, 6.576748605525e-24, nan 
-163.875, 88.875, 8.746453080537675e-24, nan 
-163.625, 88.875, 8.839152128420438e-24, nan 
-163.375, 88.875, 8.042447478421056e-24, nan 
-163.125, 88.875, 8.065850026005814e-24, nan 
-162.875, 88.875, 7.981321775217316e-24, nan 
-162.625, 88.875, 7.560098955609545e-24, nan 
-162.375, 88.875, 7.334386719074231e-24, nan 
-162.125, 88.875, 7.334533109220593e-24, nan 
-161.875, 88.875, 7.269856232971341e-24, nan 
-161.625, 88.875, 7.420992859253958e-24, nan 
-161.375, 88.875, 7.799174758026688e-24, nan 
-161.125, 88.875, 7.974955281581789e-24, nan 
-160.875, 88.875, 8.030946323934053e-24, nan 
-160.625, 88.875, 8.228783901312985e-24, nan 
-160.375, 88.875, 8.103072299723714e-24, nan 
-160.125, 88.875, 7.820222207984358e-24, nan 
-159.875, 88.875, 7.732751882635556e-24, nan 
-159.625, 88.875, 7.421686537415842e-24, nan 
-159.375, 88.875, 7.041786297550669e-24, nan 
-159.125, 88.875, 6.977279431300839e-24, nan 
-158.875, 88.875, 6.953742920121071e-24, nan 
-158.625, 88.875, 6.65209342059758e-24, nan 
-158.375, 88.875, 6.5702861488714354e-24, nan 
-158.125, 88.875, 6.119247062481666e-24, nan 
-157.875, 88.875, 5.587896800472994e-24, nan 
-157.625, 88.875, 5.347051314205875e-24, nan 
-157.375, 88.875, 5.2858657639359334e-24, nan 
-157.125, 88.875, 4.786161842934385e-24, nan 
-156.875, 88.875, 4.243225018781864e-24, nan 
-156.625, 88.875, 3.5130563508561065e-24, nan 
-156.375, 88.875, 3.734347245302919e-24, nan 
-156.125, 88.875, 4.508825967314923e-24, nan 
-155.875, 88.875, 4.306321865122128e-24, nan 
-155.625, 88.875, 3.838955449435139e-24, nan 
-155.375, 88.875, 3.991404333938451e-24, nan 
-155.125, 88.875, 3.946397112665219e-24, nan 
-154.875, 88.875, 3.994122655970964e-24, nan 
-154.625, 88.875, 3.65482991209798e-24, nan 
-154.375, 88.875, 3.558653170768555e-24, nan 
-154.125, 88.875, 3.6694576916380484e-24, nan 
-153.875, 88.875, 3.691466808768019e-24, nan 
-153.625, 88.875, 3.600235623282718e-24, nan 
-153.375, 88.875, 3.524043119005274e-24, nan 
-153.125, 88.875, 3.200918841991478e-24, nan 
-152.875, 88.875, 3.367355922770723e-24, nan 
-152.625, 88.875, 3.4655758480229876e-24, nan 
-152.375, 88.875, 3.1667627235919e-24, nan 
-152.125, 88.875, 3.133222546204397e-24, nan 
-151.875, 88.875, 3.0466083335903934e-24, nan 
-151.625, 88.875, 3.63208899973324e-24, nan 
-151.375, 88.875, 2.7877911431472985e-24, nan 
-151.125, 88.875, 2.71500312576317e-24, nan 
-150.875, 88.875, 2.1758354314302316e-24, nan 
-150.625, 88.875, 2.3453846119879754e-24, nan 
-150.375, 88.875, 2.0596485246449873e-24, nan 
-150.125, 88.875, 2.4360100827301733e-24, nan 
-149.875, 88.875, 2.3886329915755567e-24, nan 
-149.625, 88.875, 2.4087010227124518e-24, nan 
-149.375, 88.875, 4.2441050616836575e-24, nan 
-149.125, 88.875, 3.506504369941576e-24, nan 
-148.875, 88.875, 2.651554005359474e-24, nan 
-148.625, 88.875, 1.78909682496396e-24, nan 
-148.375, 88.875, 2.286352466940918e-24, nan 
-148.125, 88.875, 2.6931318253413518e-24, nan 
-147.875, 88.875, 2.7357526708326127e-24, nan 
-147.625, 88.875, 2.615510289313594e-24, nan 
-147.375, 88.875, 3.3494849469581175e-24, nan 
-147.125, 88.875, 2.9465175785513626e-24, nan 
-146.875, 88.875, 2.6620619578455793e-24, nan 
-146.625, 88.875, 3.026023088687689e-24, nan 
-146.375, 88.875, 3.1885734629982062e-24, nan 
-146.125, 88.875, 3.2287082031867864e-24, nan 
-145.875, 88.875, 3.2990813058285498e-24, nan 
-145.625, 88.875, 3.524063423605769e-24, nan 
-145.375, 88.875, 3.431207299258284e-24, nan 
-145.125, 88.875, 3.959548157063228e-24, nan 
-144.875, 88.875, 3.643543391661418e-24, nan 
-144.625, 88.875, 3.70224572750593e-24, nan 
-144.375, 88.875, 4.355110621668647e-24, nan 
-144.125, 88.875, 4.2884222355022094e-24, nan 
-143.875, 88.875, 4.2837473797556836e-24, nan 
-143.625, 88.875, 4.270284229283834e-24, nan 
-143.375, 88.875, 4.115662854230707e-24, nan 
-143.125, 88.875, 5.076002280114072e-24, nan 
-142.875, 88.875, 4.874386882205481e-24, nan 
-142.625, 88.875, 4.974645411800631e-24, nan 
-142.375, 88.875, 3.1533071095696598e-24, nan 
-142.125, 88.875, 5.0326695970564634e-24, nan 
-141.875, 88.875, 5.048190793081539e-24, nan 
-141.625, 88.875, 5.1242806039669725e-24, nan 
-141.375, 88.875, 5.242661963278825e-24, nan 
-141.125, 88.875, 5.745044583882495e-24, nan 
-140.875, 88.875, 5.3047506655190996e-24, nan 
-140.625, 88.875, 5.651357753694536e-24, nan 
-140.375, 88.875, 5.664105457382909e-24, nan 
-140.125, 88.875, 5.9853463636481476e-24, nan 
-139.875, 88.875, 5.144594599418018e-24, nan 
-139.625, 88.875, 5.716428685196493e-24, nan 
-139.375, 88.875, 6.2648803190906644e-24, nan 
-139.125, 88.875, 6.3601785282256955e-24, nan 
-138.875, 88.875, 6.2168244915454206e-24, nan 
-138.625, 88.875, 5.982506554130141e-24, nan 
-138.375, 88.875, 5.912545994332203e-24, nan 
-138.125, 88.875, 5.0901750036546694e-24, nan 
-137.875, 88.875, 5.732140270100056e-24, nan 
-137.625, 88.875, 5.376673784847689e-24, nan 
-137.375, 88.875, 5.5076156515657335e-24, nan 
-137.125, 88.875, 5.454249337443477e-24, nan 
-136.875, 88.875, 5.70230590714069e-24, nan 
-136.625, 88.875, 5.691877941570508e-24, nan 
-136.375, 88.875, 6.2256081218100816e-24, nan 
-136.125, 88.875, 6.405393791799792e-24, nan 
-135.875, 88.875, 6.298217094879243e-24, nan 
-135.625, 88.875, 5.915506445498984e-24, nan 
-135.375, 88.875, 7.049894411110033e-24, nan 
-135.125, 88.875, 6.636053396116063e-24, nan 
-134.875, 88.875, 5.8593770940149475e-24, nan 
-134.625, 88.875, 5.6946693731333706e-24, nan 
-134.375, 88.875, 6.763013507849303e-24, nan 
-134.125, 88.875, 5.3971748392523126e-24, nan 
-133.875, 88.875, 5.981314554349989e-24, nan 
-133.625, 88.875, 6.210810240280934e-24, nan 
-133.375, 88.875, 5.3653099923836684e-24, nan 
-133.125, 88.875, 5.92454459268044e-24, nan 
-132.875, 88.875, 6.084967080753233e-24, nan 
-132.625, 88.875, 4.592678247710997e-24, nan 
-132.375, 88.875, 3.434265799227863e-24, nan 
-132.125, 88.875, 3.807118798703437e-24, nan 
-131.875, 88.875, 4.115003534801078e-24, nan 
-131.625, 88.875, 4.4499089021418766e-24, nan 
-131.375, 88.875, 5.182122705045709e-24, nan 
-131.125, 88.875, 5.203522014587155e-24, nan 
-130.875, 88.875, 5.127042661159726e-24, nan 
-130.625, 88.875, 5.318127111359511e-24, nan 
-130.375, 88.875, 4.594181526251888e-24, nan 
-130.125, 88.875, 4.516975716630347e-24, nan 
-129.875, 88.875, 4.397686131933049e-24, nan 
-129.625, 88.875, 4.264202759560486e-24, nan 
-129.375, 88.875, 4.4555594750660754e-24, nan 
-129.125, 88.875, 4.837719457916466e-24, nan 
-128.875, 88.875, 4.394089964782715e-24, nan 
-128.625, 88.875, 4.664066529161348e-24, nan 
-128.375, 88.875, 4.207735315564622e-24, nan 
-128.125, 88.875, 4.2713922663440686e-24, nan 
-127.875, 88.875, 4.238595176561712e-24, nan 
-127.625, 88.875, 4.286681296855922e-24, nan 
-127.375, 88.875, 4.742524441452369e-24, nan 
-127.125, 88.875, 4.72895160573248e-24, nan 
-126.875, 88.875, 5.359476994427843e-24, nan 
-126.625, 88.875, 5.7735999777850895e-24, nan 
-126.375, 88.875, 5.767474433754771e-24, nan 
-126.125, 88.875, 5.568904227738883e-24, nan 
-125.875, 88.875, 5.28314968495762e-24, nan 
-125.625, 88.875, 5.209692741627927e-24, nan 
-125.375, 88.875, 4.90918831883278e-24, nan 
-125.125, 88.875, 5.385258279519334e-24, nan 
-124.875, 88.875, 5.168823682282263e-24, nan 
-124.625, 88.875, 5.543637167533414e-24, nan 
-124.375, 88.875, 5.620292818735876e-24, nan 
-124.125, 88.875, 5.7371959515555695e-24, nan 
-123.875, 88.875, 5.773321705135965e-24, nan 
-123.625, 88.875, 6.020844126606282e-24, nan 
-123.375, 88.875, 5.85310315434761e-24, nan 
-123.125, 88.875, 5.772537024704458e-24, nan 
-122.875, 88.875, 5.563497300948282e-24, nan 
-122.625, 88.875, 5.7391173124585454e-24, nan 
-122.375, 88.875, 5.621338692562134e-24, nan 
-122.125, 88.875, 4.8082861843470925e-24, nan 
-121.875, 88.875, 4.5805004989074556e-24, nan 
-121.625, 88.875, 5.004704509411057e-24, nan 
-121.375, 88.875, 4.287275750913653e-24, nan 
-121.125, 88.875, 4.738104247706177e-24, nan 
-120.875, 88.875, 4.571711349585112e-24, nan 
-120.625, 88.875, 4.1214699438727404e-24, nan 
-120.375, 88.875, 4.341022619708963e-24, nan 
-120.125, 88.875, 4.548262619996046e-24, nan 
-119.875, 88.875, 3.554093697278443e-24, nan 
-119.625, 88.875, 2.945312332868734e-24, nan 
-119.375, 88.875, 3.300220049749098e-24, nan 
-119.125, 88.875, 3.174963923564625e-24, nan 
-118.875, 88.875, 3.0865771608978086e-24, nan 
-118.625, 88.875, 3.67337162348574e-24, nan 
-118.375, 88.875, 3.3698103769802554e-24, nan 
-118.125, 88.875, 3.1336464748991766e-24, nan 
-117.875, 88.875, 3.2643872346195482e-24, nan 
-117.625, 88.875, 2.656006700508238e-24, nan 
-117.375, 88.875, 2.923777667921644e-24, nan 
-117.125, 88.875, 2.8714939064498296e-24, nan 
-116.875, 88.875, 2.7173161352845714e-24, nan 
-116.625, 88.875, 2.6273808416668862e-24, nan 
-116.375, 88.875, 3.4468184698546884e-24, nan 
-116.125, 88.875, 3.018807761403854e-24, nan 
-115.875, 88.875, 3.397999997886475e-24, nan 
-115.625, 88.875, 2.532076151657277e-24, nan 
-115.375, 88.875, 2.8419752476817133e-24, nan 
-115.125, 88.875, 2.6944414944009354e-24, nan 
-114.875, 88.875, 2.4060188293298512e-24, nan 
-114.625, 88.875, 3.221185611172032e-24, nan 
-114.375, 88.875, 2.3582016868837606e-24, nan 
-114.125, 88.875, 3.0496030349200644e-24, nan 
-113.875, 88.875, 2.2424070877012778e-24, nan 
-113.625, 88.875, 2.300584674293274e-24, nan 
-113.375, 88.875, 2.313510864561829e-24, nan 
-113.125, 88.875, 2.391487854888494e-24, nan 
-112.875, 88.875, 2.3282396857220935e-24, nan 
-112.625, 88.875, 2.411955927290016e-24, nan 
-112.375, 88.875, 2.107285820454685e-24, nan 
-112.125, 88.875, 2.427280670470449e-24, nan 
-111.875, 88.875, 2.2622880542746132e-24, nan 
-111.625, 88.875, 2.248050742301233e-24, nan 
-111.375, 88.875, 2.0989754576589866e-24, nan 
-111.125, 88.875, 2.0062707207237154e-24, nan 
-110.875, 88.875, 2.07219179862212e-24, nan 
-110.625, 88.875, 2.1244140595682965e-24, nan 
-110.375, 88.875, 1.8668687093013378e-24, nan 
-110.125, 88.875, 2.2431429157021923e-24, nan 
-109.875, 88.875, 2.3010399682015738e-24, nan 
-109.625, 88.875, 2.088126982328461e-24, nan 
-109.375, 88.875, 1.8733783173343512e-24, nan 
-109.125, 88.875, 2.0684296364794138e-24, nan 
-108.875, 88.875, 1.9177450843884305e-24, nan 
-108.625, 88.875, 1.747657461021056e-24, nan 
-108.375, 88.875, 2.080875821543212e-24, nan 
-108.125, 88.875, 1.8718767783523314e-24, nan 
-107.875, 88.875, 2.075638105064302e-24, nan 
-107.625, 88.875, 1.6682381562812292e-24, nan 
-107.375, 88.875, 2.1631631766279047e-24, nan 
-107.125, 88.875, 2.1293014658033518e-24, nan 
-106.875, 88.875, 1.796448139569444e-24, nan 
-106.625, 88.875, 1.7706570113472045e-24, nan 
-106.375, 88.875, 1.7357203180550943e-24, nan 
-106.125, 88.875, 1.747480211116525e-24, nan 
-105.875, 88.875, 1.2827893598481676e-24, nan 
-105.625, 88.875, 1.3743575868979857e-24, nan 
-105.375, 88.875, 1.4692245837730655e-24, nan 
-105.125, 88.875, 1.7118783415368254e-24, nan 
-104.875, 88.875, 1.856290881163398e-24, nan 
-104.625, 88.875, 1.771913801692158e-24, nan 
-104.375, 88.875, 1.774427262529419e-24, nan 
-104.125, 88.875, 1.879807407864699e-24, nan 
-103.875, 88.875, 1.845055396730094e-24, nan 
-103.625, 88.875, 1.8237373625466045e-24, nan 
-103.375, 88.875, 1.842565154855886e-24, nan 
-103.125, 88.875, 1.6362943417524851e-24, nan 
-102.875, 88.875, 1.4145077793940127e-24, nan 
-102.625, 88.875, 1.4899304202486493e-24, nan 
-102.375, 88.875, 1.2180803263590927e-24, nan 
-102.125, 88.875, 9.377138270333336e-25, nan 
-101.875, 88.875, 1.5647310021200848e-24, nan 
-101.625, 88.875, 1.5385170927479309e-24, nan 
-101.375, 88.875, 1.5954433800559678e-24, nan 
-101.125, 88.875, 9.646267561253967e-25, nan 
-100.875, 88.875, 1.2963698683930249e-24, nan 
-100.625, 88.875, 1.538847413917919e-24, nan 
-100.375, 88.875, 1.2502803502655626e-24, nan 
-100.125, 88.875, 1.1552706930051379e-24, nan 
-99.875, 88.875, 1.3929755648626194e-24, nan 
-99.625, 88.875, 1.1859875598820045e-24, nan 
-99.375, 88.875, 1.2347218566474119e-24, nan 
-99.125, 88.875, 1.0603599570865883e-24, nan 
-98.875, 88.875, 1.1317619448392481e-24, nan 
-98.625, 88.875, 1.2559489765848079e-24, nan 
-98.375, 88.875, 1.0910817677443186e-24, nan 
-98.125, 88.875, 1.0984215745849067e-24, nan 
-97.875, 88.875, 1.2647867936611515e-24, nan 
-97.625, 88.875, 1.4391608110736552e-24, nan 
-97.375, 88.875, 1.2621881179992812e-24, nan 
-97.125, 88.875, 1.0877191002801634e-24, nan 
-96.875, 88.875, 1.1632164457580844e-24, nan 
-96.625, 88.875, 1.0766411932024845e-24, nan 
-96.375, 88.875, 1.0821304924652067e-24, nan 
-96.125, 88.875, 9.788755574690325e-25, nan 
-95.875, 88.875, 8.373870833183932e-25, nan 
-95.625, 88.875, 9.26570511263725e-25, nan 
-95.375, 88.875, 1.0536310104426695e-24, nan 
-95.125, 88.875, 1.030902127037201e-24, nan 
-94.875, 88.875, 1.1001350134236503e-24, nan 
-94.625, 88.875, 9.212499181588702e-25, nan 
-94.375, 88.875, 9.049293756753378e-25, nan 
-94.125, 88.875, 9.235701432321582e-25, nan 
-93.875, 88.875, 9.71360070266734e-25, nan 
-93.625, 88.875, 1.042605205536918e-24, nan 
-93.375, 88.875, 1.1695232325911667e-24, nan 
-93.125, 88.875, 1.062411890175903e-24, nan 
-92.875, 88.875, 1.0962515688763782e-24, nan 
-92.625, 88.875, 1.068315448429504e-24, nan 
-92.375, 88.875, 1.0244677877615947e-24, nan 
-92.125, 88.875, 9.858300955702782e-25, nan 
-91.875, 88.875, 1.0338596434655066e-24, nan 
-91.625, 88.875, 9.272548419024547e-25, nan 
-91.375, 88.875, 8.628487940574104e-25, nan 
-91.125, 88.875, 9.68682291914943e-25, nan 
-90.875, 88.875, 1.0891820005962578e-24, nan 
-90.625, 88.875, 1.1264423988504873e-24, nan 
-90.375, 88.875, 1.1456084396249136e-24, nan 
-90.125, 88.875, 1.1406086899610466e-24, nan 
-89.875, 88.875, 1.0952872947494486e-24, nan 
-89.625, 88.875, 1.2334518013325795e-24, nan 
-89.375, 88.875, 8.513687427445562e-25, nan 
-89.125, 88.875, 1.0063015314347507e-24, nan 
-88.875, 88.875, 9.528813835741637e-25, nan 
-88.625, 88.875, 1.1639227967569381e-24, nan 
-88.375, 88.875, 1.3513563644973215e-24, nan 
-88.125, 88.875, 1.292452234469442e-24, nan 
-87.875, 88.875, 1.1716405672865589e-24, nan 
-87.625, 88.875, 1.0929505395523153e-24, nan 
-87.375, 88.875, 1.2863354748091914e-24, nan 
-87.125, 88.875, 1.3099566205784098e-24, nan 
-86.875, 88.875, 1.4842981895973931e-24, nan 
-86.625, 88.875, 1.4200035114475608e-24, nan 
-86.375, 88.875, 1.5336788719687748e-24, nan 
-86.125, 88.875, 1.3538480992267712e-24, nan 
-85.875, 88.875, 1.6072715522260719e-24, nan 
-85.625, 88.875, 1.7392378726974834e-24, nan 
-85.375, 88.875, 1.7463154613292474e-24, nan 
-85.125, 88.875, 1.5165896543825564e-24, nan 
-84.875, 88.875, 1.8240626965729187e-24, nan 
-84.625, 88.875, 1.8035001690840955e-24, nan 
-84.375, 88.875, 1.891768511325938e-24, nan 
-84.125, 88.875, 1.9714553689094168e-24, nan 
-83.875, 88.875, 1.911427784008235e-24, nan 
-83.625, 88.875, 2.0324173537740872e-24, nan 
-83.375, 88.875, 2.0398670014240446e-24, nan 
-83.125, 88.875, 2.4425673974387975e-24, nan 
-82.875, 88.875, 2.162931766425511e-24, nan 
-82.625, 88.875, 1.8478934051182394e-24, nan 
-82.375, 88.875, 1.9630631840588883e-24, nan 
-82.125, 88.875, 1.9448852666489926e-24, nan 
-81.875, 88.875, 2.1011692514761757e-24, nan 
-81.625, 88.875, 2.2045738694893288e-24, nan 
-81.375, 88.875, 1.9888616031367828e-24, nan 
-81.125, 88.875, 2.146076544031227e-24, nan 
-80.875, 88.875, 2.369265773832535e-24, nan 
-80.625, 88.875, 2.3367608159594283e-24, nan 
-80.375, 88.875, 2.2251838722474498e-24, nan 
-80.125, 88.875, 2.3266826585800425e-24, nan 
-79.875, 88.875, 2.4454739024632796e-24, nan 
-79.625, 88.875, 2.5156625446419665e-24, nan 
-79.375, 88.875, 2.5884093776060688e-24, nan 
-79.125, 88.875, 2.5809150441748117e-24, nan 
-78.875, 88.875, 2.6647999566771246e-24, nan 
-78.625, 88.875, 2.7010565529758343e-24, nan 
-78.375, 88.875, 2.7035326246131222e-24, nan 
-78.125, 88.875, 2.874436856476448e-24, nan 
-77.875, 88.875, 2.8726451522001458e-24, nan 
-77.625, 88.875, 2.8864655017110405e-24, nan 
-77.375, 88.875, 2.9219464965700304e-24, nan 
-77.125, 88.875, 2.9578267493087904e-24, nan 
-76.875, 88.875, 3.0001694851384865e-24, nan 
-76.625, 88.875, 3.0080797872221275e-24, nan 
-76.375, 88.875, 3.2506163814104724e-24, nan 
-76.125, 88.875, 3.0974230642869827e-24, nan 
-75.875, 88.875, 3.0258397491987986e-24, nan 
-75.625, 88.875, 3.0158593946730884e-24, nan 
-75.375, 88.875, 3.0664054657202513e-24, nan 
-75.125, 88.875, 3.098744402602814e-24, nan 
-74.875, 88.875, 3.1498378214940528e-24, nan 
-74.625, 88.875, 3.1234442220417813e-24, nan 
-74.375, 88.875, 3.09544410493824e-24, nan 
-74.125, 88.875, 2.9961135847315153e-24, nan 
-73.875, 88.875, 3.074359921912623e-24, nan 
-73.625, 88.875, 3.099991786861035e-24, nan 
-73.375, 88.875, 3.1426872538812393e-24, nan 
-73.125, 88.875, 2.9443009762645693e-24, nan 
-72.875, 88.875, 2.9281507056921024e-24, nan 
-72.625, 88.875, 2.946664634773622e-24, nan 
-72.375, 88.875, 3.075277893916158e-24, nan 
-72.125, 88.875, 2.9105949030968007e-24, nan 
-71.875, 88.875, 2.9312086589670094e-24, nan 
-71.625, 88.875, 2.9338103970592346e-24, nan 
-71.375, 88.875, 2.928408683875515e-24, nan 
-71.125, 88.875, 2.852781704385896e-24, nan 
-70.875, 88.875, 2.9025590789749856e-24, nan 
-70.625, 88.875, 2.8492164422354132e-24, nan 
-70.375, 88.875, 3.2305422457910154e-24, nan 
-70.125, 88.875, 3.1007935876280066e-24, nan 
-69.875, 88.875, 3.0567885130119265e-24, nan 
-69.625, 88.875, 3.1115036703722386e-24, nan 
-69.375, 88.875, 3.0235167167624495e-24, nan 
-69.125, 88.875, 3.192125177889866e-24, nan 
-68.875, 88.875, 3.2478266505621864e-24, nan 
-68.625, 88.875, 3.2028691249674124e-24, nan 
-68.375, 88.875, 3.1905597380476496e-24, nan 
-68.125, 88.875, 3.107129023160317e-24, nan 
-67.875, 88.875, 3.272859725677329e-24, nan 
-67.625, 88.875, 3.337027012649253e-24, nan 
-67.375, 88.875, 3.124726101194619e-24, nan 
-67.125, 88.875, 3.0898964539111347e-24, nan 
-66.875, 88.875, 3.1771180002521225e-24, nan 
-66.625, 88.875, 3.116850086254322e-24, nan 
-66.375, 88.875, 3.081977363503026e-24, nan 
-66.125, 88.875, 3.0737857624584125e-24, nan 
-65.875, 88.875, 2.9009433220799538e-24, nan 
-65.625, 88.875, 2.948713459546149e-24, nan 
-65.375, 88.875, 2.9788341227123064e-24, nan 
-65.125, 88.875, 2.9081452487269986e-24, nan 
-64.875, 88.875, 2.8645643091911672e-24, nan 
-64.625, 88.875, 2.7890413947069333e-24, nan 
-64.375, 88.875, 2.87405312320451e-24, nan 
-64.125, 88.875, 2.7784669053750212e-24, nan 
-63.875, 88.875, 2.770233680741488e-24, nan 
-63.625, 88.875, 3.1073931040883788e-24, nan 
-63.375, 88.875, 3.1493257454234285e-24, nan 
-63.125, 88.875, 3.0138952387793975e-24, nan 
-62.875, 88.875, 2.9682350570546298e-24, nan 
-62.625, 88.875, 3.1012825527118234e-24, nan 
-62.375, 88.875, 3.0150233987467624e-24, nan 
-62.125, 88.875, 2.8831987943772855e-24, nan 
-61.875, 88.875, 2.9215140738779734e-24, nan 
-61.625, 88.875, 2.7189398760294794e-24, nan 
-61.375, 88.875, 2.5733914406164242e-24, nan 
-61.125, 88.875, 2.6006561702944466e-24, nan 
-60.875, 88.875, 2.6184100351870837e-24, nan 
-60.625, 88.875, 2.629646467296788e-24, nan 
-60.375, 88.875, 2.4105081050062876e-24, nan 
-60.125, 88.875, 2.2541549458447364e-24, nan 
-59.875, 88.875, 2.1985247039972684e-24, nan 
-59.625, 88.875, 2.396053090947568e-24, nan 
-59.375, 88.875, 2.1583464599635806e-24, nan 
-59.125, 88.875, 2.184445746092289e-24, nan 
-58.875, 88.875, 2.0888128812909795e-24, nan 
-58.625, 88.875, 1.9936461956243974e-24, nan 
-58.375, 88.875, 2.084000902134833e-24, nan 
-58.125, 88.875, 1.8711824377479353e-24, nan 
-57.875, 88.875, 2.0403671254970433e-24, nan 
-57.625, 88.875, 1.6107396457590978e-24, nan 
-57.375, 88.875, 1.9434664506161465e-24, nan 
-57.125, 88.875, 2.3014605654262652e-24, nan 
-56.875, 88.875, 2.069169720658947e-24, nan 
-56.625, 88.875, 2.0339272855646544e-24, nan 
-56.375, 88.875, 1.970960982126182e-24, nan 
-56.125, 88.875, 1.7891829667588835e-24, nan 
-55.875, 88.875, 1.8320374359604213e-24, nan 
-55.625, 88.875, 1.607002335286926e-24, nan 
-55.375, 88.875, 1.46539679770532e-24, nan 
-55.125, 88.875, 1.3449154289362429e-24, nan 
-54.875, 88.875, 1.3813040895803735e-24, nan 
-54.625, 88.875, 1.2974367655673207e-24, nan 
-54.375, 88.875, 1.1636472956973412e-24, nan 
-54.125, 88.875, 1.0386348430322737e-24, nan 
-53.875, 88.875, 1.0142274726947727e-24, nan 
-53.625, 88.875, 9.48913374868732e-25, nan 
-53.375, 88.875, 8.860918502470495e-25, nan 
-53.125, 88.875, 1.0672250252758179e-24, nan 
-52.875, 88.875, 9.238433968010581e-25, nan 
-52.625, 88.875, 8.726027762411584e-25, nan 
-52.375, 88.875, 8.351082909713215e-25, nan 
-52.125, 88.875, 7.036471391639417e-25, nan 
-51.875, 88.875, 7.165836648548276e-25, nan 
-51.625, 88.875, 7.38585017911613e-25, nan 
-51.375, 88.875, 7.140166272579476e-25, nan 
-51.125, 88.875, 8.45307197942033e-25, nan 
-50.875, 88.875, 8.141325154452689e-25, nan 
-50.625, 88.875, 8.029024826649282e-25, nan 
-50.375, 88.875, 7.029614957078377e-25, nan 
-50.125, 88.875, 9.433426135928092e-25, nan 
-49.875, 88.875, 6.801385247585883e-25, nan 
-49.625, 88.875, 3.6012781937162514e-25, nan 
-49.375, 88.875, 1.037125323270795e-24, nan 
-49.125, 88.875, 5.7852331683357115e-25, nan 
-48.875, 88.875, 9.441757582275527e-25, nan 
-48.625, 88.875, 6.487186053033218e-25, nan 
-48.375, 88.875, 9.672967016935972e-25, nan 
-48.125, 88.875, 6.356728725122196e-25, nan 
-47.875, 88.875, 1.0024446283348613e-24, nan 
-47.625, 88.875, 1.1037024418737462e-24, nan 
-47.375, 88.875, 1.1270816267715394e-24, nan 
-47.125, 88.875, 1.2523645981300858e-24, nan 
-46.875, 88.875, 1.3426137022924864e-24, nan 
-46.625, 88.875, 1.426566166838881e-24, nan 
-46.375, 88.875, 1.8934100367964175e-24, nan 
-46.125, 88.875, 2.5722514628618966e-24, nan 
-45.875, 88.875, 2.282198223876501e-24, nan 
-45.625, 88.875, 2.5556424347782775e-24, nan 
-45.375, 88.875, 3.555373038002244e-24, nan 
-45.125, 88.875, 2.4108230831534433e-24, nan 
-44.875, 88.875, 1.978664689080584e-24, nan 
-44.625, 88.875, 1.8225124854092855e-24, nan 
-44.375, 88.875, 1.2233113571286769e-24, nan 
-44.125, 88.875, 5.144116565289003e-25, nan 
-43.875, 88.875, 6.539484822435732e-25, nan 
-43.625, 88.875, 1.0585557946121852e-24, nan 
-43.375, 88.875, 9.977369252343714e-25, nan 
-43.125, 88.875, 1.631365221477313e-24, nan 
-42.875, 88.875, 1.9671111805853154e-24, nan 
-42.625, 88.875, 1.9670950824264692e-24, nan 
-42.375, 88.875, 1.287693549130555e-24, nan 
-42.125, 88.875, 1.904285163068861e-24, nan 
-41.875, 88.875, 1.8715408852690563e-24, nan 
-41.625, 88.875, 1.607858319704478e-24, nan 
-41.375, 88.875, 1.8172252039817824e-24, nan 
-41.125, 88.875, 1.9580207890482814e-24, nan 
-40.875, 88.875, 1.5943633214262615e-24, nan 
-40.625, 88.875, 1.5267146072298044e-24, nan 
-40.375, 88.875, 1.376336187143795e-24, nan 
-40.125, 88.875, 1.4611974735390115e-24, nan 
-39.875, 88.875, 1.357477466567903e-24, nan 
-39.625, 88.875, 1.3558014299852681e-24, nan 
-39.375, 88.875, 1.4866297118729637e-24, nan 
-39.125, 88.875, 1.6282476177952243e-24, nan 
-38.875, 88.875, 1.686601820735645e-24, nan 
-38.625, 88.875, 1.766340248645785e-24, nan 
-38.375, 88.875, 1.8780415302877087e-24, nan 
-38.125, 88.875, 2.0667976952467694e-24, nan 
-37.875, 88.875, 2.148416621511537e-24, nan 
-37.625, 88.875, 2.4154838639888303e-24, nan 
-37.375, 88.875, 2.2980761270029746e-24, nan 
-37.125, 88.875, 2.6937630681379162e-24, nan 
-36.875, 88.875, 2.7429733818567362e-24, nan 
-36.625, 88.875, 2.315576498274627e-24, nan 
-36.375, 88.875, 2.862921059499583e-24, nan 
-36.125, 88.875, 2.6444404119074756e-24, nan 
-35.875, 88.875, 2.7032347683583852e-24, nan 
-35.625, 88.875, 3.2026373143171952e-24, nan 
-35.375, 88.875, 3.402079459135314e-24, nan 
-35.125, 88.875, 4.56976750170851e-24, nan 
-34.875, 88.875, 3.157201093878183e-24, nan 
-34.625, 88.875, 4.277882149615042e-24, nan 
-34.375, 88.875, 5.044693383280279e-24, nan 
-34.125, 88.875, 5.18634495937729e-24, nan 
-33.875, 88.875, 5.3665310013632625e-24, nan 
-33.625, 88.875, 5.5045198978623246e-24, nan 
-33.375, 88.875, 4.928673163360613e-24, nan 
-33.125, 88.875, 5.084954841066825e-24, nan 
-32.875, 88.875, 5.10888161915123e-24, nan 
-32.625, 88.875, 3.837108829528331e-24, nan 
-32.375, 88.875, 4.656154855181485e-24, nan 
-32.125, 88.875, 4.291985270834774e-24, nan 
-31.875, 88.875, 3.314658815932924e-24, nan 
-31.625, 88.875, 3.78187406680502e-24, nan 
-31.375, 88.875, 2.692635269954877e-24, nan 
-31.125, 88.875, 2.3913062222059752e-24, nan 
-30.875, 88.875, 2.7084912687998016e-24, nan 
-30.625, 88.875, 3.6152832014568995e-24, nan 
-30.375, 88.875, 2.975828433756925e-24, nan 
-30.125, 88.875, 3.036746795135122e-24, nan 
-29.875, 88.875, 3.8909213958896244e-24, nan 
-29.625, 88.875, 2.9485440346408963e-24, nan 
-29.375, 88.875, 3.4028926197518814e-24, nan 
-29.125, 88.875, 3.0827630939361985e-24, nan 
-28.875, 88.875, 3.2808829703004745e-24, nan 
-28.625, 88.875, 3.0310482372147205e-24, nan 
-28.375, 88.875, 3.009084388695816e-24, nan 
-28.125, 88.875, 3.807046490747451e-24, nan 
-27.875, 88.875, 3.4159534572582614e-24, nan 
-27.625, 88.875, 3.143080884275473e-24, nan 
-27.375, 88.875, 3.419480469639323e-24, nan 
-27.125, 88.875, 3.619900966183909e-24, nan 
-26.875, 88.875, 3.75176308981498e-24, nan 
-26.625, 88.875, 3.605235060764104e-24, nan 
-26.375, 88.875, 3.2204399704936858e-24, nan 
-26.125, 88.875, 3.251059900298362e-24, nan 
-25.875, 88.875, 3.2209857354439367e-24, nan 
-25.625, 88.875, 3.361794934549356e-24, nan 
-25.375, 88.875, 3.5860302284897084e-24, nan 
-25.125, 88.875, 3.771559907199179e-24, nan 
-24.875, 88.875, 3.825993069760536e-24, nan 
-24.625, 88.875, 3.792592405420782e-24, nan 
-24.375, 88.875, 4.045714939452844e-24, nan 
-24.125, 88.875, 4.0412122067970156e-24, nan 
-23.875, 88.875, 3.60106932126012e-24, nan 
-23.625, 88.875, 4.123195247084523e-24, nan 
-23.375, 88.875, 4.4184705598430415e-24, nan 
-23.125, 88.875, 4.380215840445066e-24, nan 
-22.875, 88.875, 4.444538214315044e-24, nan 
-22.625, 88.875, 4.4664431018182316e-24, nan 
-22.375, 88.875, 5.456448950281944e-24, nan 
-22.125, 88.875, 4.633216394104958e-24, nan 
-21.875, 88.875, 4.651330426264422e-24, nan 
-21.625, 88.875, 5.162640155417114e-24, nan 
-21.375, 88.875, 5.55182225661031e-24, nan 
-21.125, 88.875, 5.691470141829731e-24, nan 
-20.875, 88.875, 5.651435953518049e-24, nan 
-20.625, 88.875, 5.4512859464148514e-24, nan 
-20.375, 88.875, 5.0665850157582555e-24, nan 
-20.125, 88.875, 3.6655946705676136e-24, nan 
-19.875, 88.875, 3.157918941869888e-24, nan 
-19.625, 88.875, 3.3309559785479084e-24, nan 
-19.375, 88.875, 4.100816435723084e-24, nan 
-19.125, 88.875, 3.475942508027412e-24, nan 
-18.875, 88.875, 3.278231608024566e-24, nan 
-18.625, 88.875, 3.4600263712212166e-24, nan 
-18.375, 88.875, 3.601592679436355e-24, nan 
-18.125, 88.875, 3.1047629571732627e-24, nan 
-17.875, 88.875, 4.489221229104814e-24, nan 
-17.625, 88.875, 3.58077871524301e-24, nan 
-17.375, 88.875, 3.6464239145312e-24, nan 
-17.125, 88.875, 5.68691689270348e-24, nan 
-16.875, 88.875, 4.079816712281709e-24, nan 
-16.625, 88.875, 4.467093691364413e-24, nan 
-16.375, 88.875, 3.746524584921869e-24, nan 
-16.125, 88.875, 4.4008149419953325e-24, nan 
-15.875, 88.875, 3.591120512625485e-24, nan 
-15.625, 88.875, 3.0156188755034693e-24, nan 
-15.375, 88.875, 5.211914061423027e-24, nan 
-15.125, 88.875, 3.916248482055986e-24, nan 
-14.875, 88.875, 3.9777442401684865e-24, nan 
-14.625, 88.875, 3.943188109020689e-24, nan 
-14.375, 88.875, 3.5846528385504256e-24, nan 
-14.125, 88.875, 4.0492073800534294e-24, nan 
-13.875, 88.875, 4.80747964110002e-24, nan 
-13.625, 88.875, 4.139328450209697e-24, nan 
-13.375, 88.875, 4.210114187698627e-24, nan 
-13.125, 88.875, 4.4036718823569605e-24, nan 
-12.875, 88.875, 4.505075998980891e-24, nan 
-12.625, 88.875, 4.894104755556794e-24, nan 
-12.375, 88.875, 4.9030676876091314e-24, nan 
-12.125, 88.875, 4.867223452870994e-24, nan 
-11.875, 88.875, 5.249391207074406e-24, nan 
-11.625, 88.875, 4.965835158357995e-24, nan 
-11.375, 88.875, 5.139943201245584e-24, nan 
-11.125, 88.875, 4.833796894873955e-24, nan 
-10.875, 88.875, 5.399911310831036e-24, nan 
-10.625, 88.875, 5.766316210466952e-24, nan 
-10.375, 88.875, 5.293103871745227e-24, nan 
-10.125, 88.875, 5.57918373269286e-24, nan 
-9.875, 88.875, 5.738958472379227e-24, nan 
-9.625, 88.875, 5.601741775449618e-24, nan 
-9.375, 88.875, 6.897312917568552e-24, nan 
-9.125, 88.875, 5.54416038088822e-24, nan 
-8.875, 88.875, 5.0543638923758846e-24, nan 
-8.625, 88.875, 4.816308384649724e-24, nan 
-8.375, 88.875, 4.840878827454175e-24, nan 
-8.125, 88.875, 4.557788157229916e-24, nan 
-7.875, 88.875, 3.305899857871281e-24, nan 
-7.625, 88.875, 3.2960773758918735e-24, nan 
-7.375, 88.875, 1.8183168221932164e-24, nan 
-7.125, 88.875, 2.6819217050741476e-24, nan 
-6.875, 88.875, 3.4472481277945126e-24, nan 
-6.625, 88.875, 1.8430082603153242e-24, nan 
-6.375, 88.875, 2.387032850094673e-24, nan 
-6.125, 88.875, 3.7246915294256904e-24, nan 
-5.875, 88.875, 2.9402496461565463e-24, nan 
-5.625, 88.875, 3.359565189953634e-24, nan 
-5.375, 88.875, 2.1959258176011223e-24, nan 
-5.125, 88.875, 1.5413130018640764e-24, nan 
-4.875, 88.875, 2.2930790772980605e-24, nan 
-4.625, 88.875, 3.35944441010222e-24, nan 
-4.375, 88.875, 3.543150099807075e-24, nan 
-4.125, 88.875, 5.16384064803634e-24, nan 
-3.875, 88.875, 4.9905205742065074e-24, nan 
-3.625, 88.875, 5.223241215586066e-24, nan 
-3.375, 88.875, 5.081550472319577e-24, nan 
-3.125, 88.875, 5.420282982003265e-24, nan 
-2.875, 88.875, 5.250919906187288e-24, nan 
-2.625, 88.875, 5.0938373697857054e-24, nan 
-2.375, 88.875, 5.441202183244902e-24, nan 
-2.125, 88.875, 5.3324284704759915e-24, nan 
-1.875, 88.875, 5.005605770361532e-24, nan 
-1.625, 88.875, 5.0522051060843746e-24, nan 
-1.375, 88.875, 5.066407316289755e-24, nan 
-1.125, 88.875, 4.844093315849627e-24, nan 
-0.875, 88.875, 4.889061724885835e-24, nan 
-0.625, 88.875, 5.001864480204516e-24, nan 
-0.375, 88.875, 5.188004500703417e-24, nan 
-0.125, 88.875, 5.087362212769895e-24, nan 
0.125, 88.875, 3.3622652561723125e-24, nan 
0.375, 88.875, 4.598936143719788e-24, nan 
0.625, 88.875, 5.1684892745044344e-24, nan 
0.875, 88.875, 5.444003736028828e-24, nan 
1.125, 88.875, 5.45445040258315e-24, nan 
1.375, 88.875, 5.4537703817553966e-24, nan 
1.625, 88.875, 5.3102359972046235e-24, nan 
1.875, 88.875, 5.322390533148684e-24, nan 
2.125, 88.875, 5.278624426428447e-24, nan 
2.375, 88.875, 5.080155727730251e-24, nan 
2.625, 88.875, 5.370687426552098e-24, nan 
2.875, 88.875, 5.771015040488162e-24, nan 
3.125, 88.875, 5.5142449684008015e-24, nan 
3.375, 88.875, 5.5578627161796395e-24, nan 
3.625, 88.875, 5.675553738239766e-24, nan 
3.875, 88.875, 5.3765577034316574e-24, nan 
4.125, 88.875, 5.127355438444851e-24, nan 
4.375, 88.875, 4.751069715001829e-24, nan 
4.625, 88.875, 5.635619485316531e-24, nan 
4.875, 88.875, 5.828904525416223e-24, nan 
5.125, 88.875, 9.479696119958227e-24, nan 
5.375, 88.875, 5.97694824041291e-24, nan 
5.625, 88.875, 8.230681105344397e-24, nan 
5.875, 88.875, 6.1048296968688726e-24, nan 
6.125, 88.875, 6.3539316839511606e-24, nan 
6.375, 88.875, 8.009113885423925e-24, nan 
6.625, 88.875, 4.793082553654434e-24, nan 
6.875, 88.875, 5.118672236254102e-24, nan 
7.125, 88.875, 5.927288916512941e-24, nan 
7.375, 88.875, 4.525606601524238e-24, nan 
7.625, 88.875, 4.873128661010135e-24, nan 
7.875, 88.875, 4.189768911074549e-24, nan 
8.125, 88.875, 4.0151159207857646e-24, nan 
8.375, 88.875, 4.078664911516917e-24, nan 
8.625, 88.875, 4.300363909488921e-24, nan 
8.875, 88.875, 4.145060758850729e-24, nan 
9.125, 88.875, 4.246728026120879e-24, nan 
9.375, 88.875, 4.009080432731508e-24, nan 
9.625, 88.875, 4.085877952518849e-24, nan 
9.875, 88.875, 4.196207850201967e-24, nan 
10.125, 88.875, 3.90621319839678e-24, nan 
10.375, 88.875, 3.930515078939383e-24, nan 
10.625, 88.875, 3.958485830127322e-24, nan 
10.875, 88.875, 3.880153890841768e-24, nan 
11.125, 88.875, 4.017971782255127e-24, nan 
11.375, 88.875, 4.162987821050544e-24, nan 
11.625, 88.875, 4.2437914040133004e-24, nan 
11.875, 88.875, 4.249133471152645e-24, nan 
12.125, 88.875, 4.282632325010208e-24, nan 
12.375, 88.875, 4.6238075278051664e-24, nan 
12.625, 88.875, 4.6376330702126556e-24, nan 
12.875, 88.875, 3.419778564499714e-24, nan 
13.125, 88.875, 4.603005738364951e-24, nan 
13.375, 88.875, 4.887512623193791e-24, nan 
13.625, 88.875, 1.1583627503650079e-23, nan 
13.875, 88.875, 5.055188700370633e-24, nan 
14.125, 88.875, 5.0544657953786556e-24, nan 
14.375, 88.875, 5.1177958215558964e-24, nan 
14.625, 88.875, 5.1173429750801545e-24, nan 
14.875, 88.875, 5.24206505090733e-24, nan 
15.125, 88.875, 5.191579680081177e-24, nan 
15.375, 88.875, 5.301273051252988e-24, nan 
15.625, 88.875, 5.548339407776444e-24, nan 
15.875, 88.875, 5.465212908626803e-24, nan 
16.125, 88.875, 5.227042124594692e-24, nan 
16.375, 88.875, 6.23963781101162e-24, nan 
16.625, 88.875, 5.2663899170666074e-24, nan 
16.875, 88.875, 4.731957293725886e-24, nan 
17.125, 88.875, 4.19182187211016e-24, nan 
17.375, 88.875, 5.265821204707636e-24, nan 
17.625, 88.875, 5.758422639482001e-24, nan 
17.875, 88.875, 7.36269211432125e-24, nan 
18.125, 88.875, 5.761683109850538e-24, nan 
18.375, 88.875, 6.758579649794642e-24, nan 
18.625, 88.875, 5.88013642637974e-24, nan 
18.875, 88.875, 5.859281786252566e-24, nan 
19.125, 88.875, 6.695840090587431e-24, nan 
19.375, 88.875, 4.136872501367792e-24, nan 
19.625, 88.875, 5.27657324421142e-24, nan 
19.875, 88.875, 5.8726688487460194e-24, nan 
20.125, 88.875, 5.10611385348035e-24, nan 
20.375, 88.875, 5.669838232196807e-24, nan 
20.625, 88.875, 5.162529350870504e-24, nan 
20.875, 88.875, 5.195024061698522e-24, nan 
21.125, 88.875, 5.335419362056371e-24, nan 
21.375, 88.875, 5.542299954447837e-24, nan 
21.625, 88.875, 4.880448739219349e-24, nan 
21.875, 88.875, 6.83097588271373e-24, nan 
22.125, 88.875, 6.554866312804758e-24, nan 
22.375, 88.875, 7.209218754180727e-24, nan 
22.625, 88.875, 7.717964113059867e-24, nan 
22.875, 88.875, 9.798252461789524e-24, nan 
23.125, 88.875, 7.559635690504706e-24, nan 
23.375, 88.875, 8.506301893821014e-24, nan 
23.625, 88.875, 9.644278153841098e-24, nan 
23.875, 88.875, 9.782222987819684e-24, nan 
24.125, 88.875, 9.781958870789352e-24, nan 
24.375, 88.875, 8.90698033311027e-24, nan 
24.625, 88.875, 4.5308808270191316e-24, nan 
24.875, 88.875, 6.951332337095582e-24, nan 
25.125, 88.875, 6.254923040683225e-24, nan 
25.375, 88.875, 7.630523510343368e-24, nan 
25.625, 88.875, 8.428431795799514e-24, nan 
25.875, 88.875, 7.718726495157198e-24, nan 
26.125, 88.875, 7.006922937459952e-24, nan 
26.375, 88.875, 9.565013214927698e-24, nan 
26.625, 88.875, 7.623788060892234e-24, nan 
26.875, 88.875, 7.55944141223748e-24, nan 
27.125, 88.875, 3.057086520199131e-24, nan 
27.375, 88.875, 2.8582707737355636e-24, nan 
27.625, 88.875, 2.1457369558153586e-24, nan 
27.875, 88.875, 4.985097881621094e-24, nan 
28.125, 88.875, 2.0640602447878052e-24, nan 
28.375, 88.875, 2.244627953275061e-24, nan 
28.625, 88.875, 2.2303121124516354e-24, nan 
28.875, 88.875, 2.1510532791379797e-24, nan 
29.125, 88.875, 2.4714245775133733e-24, nan 
29.375, 88.875, 2.9381392454343334e-24, nan 
29.625, 88.875, 2.778106018594529e-24, nan 
29.875, 88.875, 4.101186790350584e-24, nan 
30.125, 88.875, 4.752049644243853e-24, nan 
30.375, 88.875, 5.6683294177259906e-24, nan 
30.625, 88.875, 6.730522098907286e-24, nan 
30.875, 88.875, 7.601590498955411e-24, nan 
31.125, 88.875, 8.488734162139309e-24, nan 
31.375, 88.875, 9.404424549368605e-24, nan 
31.625, 88.875, 1.0295043655389516e-23, nan 
31.875, 88.875, 1.0603650971736368e-23, nan 
32.125, 88.875, 1.1324250337237867e-23, nan 
32.375, 88.875, 1.1380031310501288e-23, nan 
32.625, 88.875, 1.037193821757582e-23, nan 
32.875, 88.875, 9.603844956101461e-24, nan 
33.125, 88.875, 8.581585705580596e-24, nan 
33.375, 88.875, 7.687480858164511e-24, nan 
33.625, 88.875, 6.927092320009877e-24, nan 
33.875, 88.875, 1.0838945538993342e-23, nan 
34.125, 88.875, 3.583687026798013e-24, nan 
34.375, 88.875, 2.7869357627123272e-24, nan 
34.625, 88.875, 2.864603109420843e-24, nan 
34.875, 88.875, 3.02185716098503e-24, nan 
35.125, 88.875, 2.7235525165306718e-24, nan 
35.375, 88.875, 3.096887278543391e-24, nan 
35.625, 88.875, 3.246043382076515e-24, nan 
35.875, 88.875, 3.2683864896332177e-24, nan 
36.125, 88.875, 1.1327789740064718e-23, nan 
36.375, 88.875, 3.5603245579008836e-24, nan 
36.625, 88.875, 1.5334949055226318e-24, nan 
36.875, 88.875, 3.9537555384871874e-24, nan 
37.125, 88.875, 4.0196807337986114e-24, nan 
37.375, 88.875, 7.84665526829272e-24, nan 
37.625, 88.875, 4.242544059616096e-24, nan 
37.875, 88.875, 4.1751060185906086e-24, nan 
38.125, 88.875, 4.553862835928028e-24, nan 
38.375, 88.875, 3.150808999796718e-24, nan 
38.625, 88.875, 7.181960138376793e-24, nan 
38.875, 88.875, 1.4822548181757195e-24, nan 
39.125, 88.875, 1.562366252960767e-24, nan 
39.375, 88.875, 2.5699467812027274e-24, nan 
39.625, 88.875, 6.784733933093414e-24, nan 
39.875, 88.875, 3.413356100878321e-24, nan 
40.125, 88.875, 2.8909823094487655e-24, nan 
40.375, 88.875, 3.1234393342780076e-24, nan 
40.625, 88.875, 2.714234760049679e-24, nan 
40.875, 88.875, 2.3866768903808527e-24, nan 
41.125, 88.875, 2.4548608932645846e-24, nan 
41.375, 88.875, 2.3663734038275637e-24, nan 
41.625, 88.875, 2.2458365204963927e-24, nan 
41.875, 88.875, 2.149448373448034e-24, nan 
42.125, 88.875, 1.972232260842379e-24, nan 
42.375, 88.875, 2.4080154979724472e-24, nan 
42.625, 88.875, 2.4147196745766695e-24, nan 
42.875, 88.875, 2.2998745792928902e-24, nan 
43.125, 88.875, 2.2355279869792034e-24, nan 
43.375, 88.875, 2.380644858659938e-24, nan 
43.625, 88.875, 2.334488247741251e-24, nan 
43.875, 88.875, 2.2716408546671375e-24, nan 
44.125, 88.875, 2.370452529967305e-24, nan 
44.375, 88.875, 2.339051156628952e-24, nan 
44.625, 88.875, 2.2479371828356492e-24, nan 
44.875, 88.875, 2.1653849481307734e-24, nan 
45.125, 88.875, 2.3822719098488024e-24, nan 
45.375, 88.875, 2.245495476190835e-24, nan 
45.625, 88.875, 2.1958384232475635e-24, nan 
45.875, 88.875, 2.272198469879576e-24, nan 
46.125, 88.875, 2.044108350861606e-24, nan 
46.375, 88.875, 2.250541932973311e-24, nan 
46.625, 88.875, 2.2483835083036448e-24, nan 
46.875, 88.875, 1.8151786630840034e-24, nan 
47.125, 88.875, 2.7062236547915773e-24, nan 
47.375, 88.875, 2.2666767873094974e-24, nan 
47.625, 88.875, 2.0785273434605107e-24, nan 
47.875, 88.875, 2.4962998159991976e-24, nan 
48.125, 88.875, 1.937474205569163e-24, nan 
48.375, 88.875, 2.6391437132724552e-24, nan 
48.625, 88.875, 2.7288003266247128e-24, nan 
48.875, 88.875, 2.6567016992406722e-24, nan 
49.125, 88.875, 2.6828282851241537e-24, nan 
49.375, 88.875, 2.6930023220645746e-24, nan 
49.625, 88.875, 2.6732567943041886e-24, nan 
49.875, 88.875, 2.764241321343623e-24, nan 
50.125, 88.875, 2.9824909636890157e-24, nan 
50.375, 88.875, 2.6961302299567695e-24, nan 
50.625, 88.875, 3.158297449603004e-24, nan 
50.875, 88.875, 2.9453041797341178e-24, nan 
51.125, 88.875, 2.7550083465205393e-24, nan 
51.375, 88.875, 2.601737929349489e-24, nan 
51.625, 88.875, 2.6510733330116553e-24, nan 
51.875, 88.875, 2.7577483436814666e-24, nan 
52.125, 88.875, 2.739892401569142e-24, nan 
52.375, 88.875, 2.864377511093181e-24, nan 
52.625, 88.875, 2.777045800032704e-24, nan 
52.875, 88.875, 2.8922703776794787e-24, nan 
53.125, 88.875, 2.7428611324967235e-24, nan 
53.375, 88.875, 2.823577191251234e-24, nan 
53.625, 88.875, 2.8219692657417578e-24, nan 
53.875, 88.875, 2.8118791185671854e-24, nan 
54.125, 88.875, 2.858997690224758e-24, nan 
54.375, 88.875, 2.845935805438551e-24, nan 
54.625, 88.875, 2.707096802974684e-24, nan 
54.875, 88.875, 2.7093293007388555e-24, nan 
55.125, 88.875, 3.0816760661912502e-24, nan 
55.375, 88.875, 2.9302281313302633e-24, nan 
55.625, 88.875, 2.9440162606952334e-24, nan 
55.875, 88.875, 2.974721445136367e-24, nan 
56.125, 88.875, 2.8652676908778845e-24, nan 
56.375, 88.875, 2.8809933361319337e-24, nan 
56.625, 88.875, 2.7706546446890652e-24, nan 
56.875, 88.875, 2.7806655768073888e-24, nan 
57.125, 88.875, 2.7284442479213303e-24, nan 
57.375, 88.875, 2.677337545807263e-24, nan 
57.625, 88.875, 2.5161177447623543e-24, nan 
57.875, 88.875, 2.350685466259816e-24, nan 
58.125, 88.875, 2.22995290700959e-24, nan 
58.375, 88.875, 1.9525888243726733e-24, nan 
58.625, 88.875, 2.3173522304715617e-24, nan 
58.875, 88.875, 2.159903771818527e-24, nan 
59.125, 88.875, 2.1396489261791092e-24, nan 
59.375, 88.875, 2.3395624924518004e-24, nan 
59.625, 88.875, 2.2688095209065757e-24, nan 
59.875, 88.875, 2.1619414424287206e-24, nan 
60.125, 88.875, 2.2670438266580016e-24, nan 
60.375, 88.875, 2.2266085834230795e-24, nan 
60.625, 88.875, 2.3681624633456777e-24, nan 
60.875, 88.875, 2.158856643187739e-24, nan 
61.125, 88.875, 2.1991344016056045e-24, nan 
61.375, 88.875, 2.1908414631028135e-24, nan 
61.625, 88.875, 2.1470363826766063e-24, nan 
61.875, 88.875, 2.3022614951557744e-24, nan 
62.125, 88.875, 2.128862601477951e-24, nan 
62.375, 88.875, 1.844045122446744e-24, nan 
62.625, 88.875, 1.7280638404010184e-24, nan 
62.875, 88.875, 1.6782095429725086e-24, nan 
63.125, 88.875, 1.7007467276959017e-24, nan 
63.375, 88.875, 1.863063741316079e-24, nan 
63.625, 88.875, 1.949428196703011e-24, nan 
63.875, 88.875, 1.876984460516668e-24, nan 
64.125, 88.875, 1.990106202204844e-24, nan 
64.375, 88.875, 1.8149693251016042e-24, nan 
64.625, 88.875, 1.6081369395519223e-24, nan 
64.875, 88.875, 1.6892346762964013e-24, nan 
65.125, 88.875, 1.408782672152843e-24, nan 
65.375, 88.875, 1.3908909829885533e-24, nan 
65.625, 88.875, 1.6383196262831224e-24, nan 
65.875, 88.875, 1.6486351852263364e-24, nan 
66.125, 88.875, 1.7483962340364176e-24, nan 
66.375, 88.875, 1.550684052169378e-24, nan 
66.625, 88.875, 1.6564780339213564e-24, nan 
66.875, 88.875, 1.5403284733757558e-24, nan 
67.125, 88.875, 1.5684810111471772e-24, nan 
67.375, 88.875, 1.408020663956859e-24, nan 
67.625, 88.875, 1.6668826482779838e-24, nan 
67.875, 88.875, 1.4880119756215184e-24, nan 
68.125, 88.875, 1.5424284776136461e-24, nan 
68.375, 88.875, 1.6367983594863934e-24, nan 
68.625, 88.875, 1.5447293526439942e-24, nan 
68.875, 88.875, 1.324861353291011e-24, nan 
69.125, 88.875, 1.6057065111853513e-24, nan 
69.375, 88.875, 1.414216784897384e-24, nan 
69.625, 88.875, 1.6175511557225764e-24, nan 
69.875, 88.875, 1.627682745495005e-24, nan 
70.125, 88.875, 1.4681316716018077e-24, nan 
70.375, 88.875, 1.5865638172468045e-24, nan 
70.625, 88.875, 1.54601126298289e-24, nan 
70.875, 88.875, 1.3850110882787685e-24, nan 
71.125, 88.875, 1.74167949641001e-24, nan 
71.375, 88.875, 1.560511551903922e-24, nan 
71.625, 88.875, 1.3505940024749427e-24, nan 
71.875, 88.875, 1.6172506064708545e-24, nan 
72.125, 88.875, 2.3408263638239535e-24, nan 
72.375, 88.875, 2.4246893215007495e-24, nan 
72.625, 88.875, 2.1298977091544112e-24, nan 
72.875, 88.875, 1.6719874425553048e-24, nan 
73.125, 88.875, 1.649292663389728e-24, nan 
73.375, 88.875, 1.680701818409901e-24, nan 
73.625, 88.875, 1.6942449296468464e-24, nan 
73.875, 88.875, 1.7291489175169204e-24, nan 
74.125, 88.875, 1.6913774192735908e-24, nan 
74.375, 88.875, 1.8734344438021023e-24, nan 
74.625, 88.875, 1.5674206473883833e-24, nan 
74.875, 88.875, 1.6718746456878883e-24, nan 
75.125, 88.875, 1.6670693249628956e-24, nan 
75.375, 88.875, 1.6482495081828785e-24, nan 
75.625, 88.875, 1.6283479906325866e-24, nan 
75.875, 88.875, 2.2059436665279637e-24, nan 
76.125, 88.875, 1.9173874501394487e-24, nan 
76.375, 88.875, 1.54061914906006e-24, nan 
76.625, 88.875, 1.5545489465532713e-24, nan 
76.875, 88.875, 2.1438275297735613e-24, nan 
77.125, 88.875, 2.6478792405285454e-24, nan 
77.375, 88.875, 2.485090683460549e-24, nan 
77.625, 88.875, 2.7561148599594566e-24, nan 
77.875, 88.875, 2.817980632972773e-24, nan 
78.125, 88.875, 2.9140778006008844e-24, nan 
78.375, 88.875, 2.8308351959842506e-24, nan 
78.625, 88.875, 2.2801416601956156e-24, nan 
78.875, 88.875, 2.575452799175117e-24, nan 
79.125, 88.875, 2.830805334881942e-24, nan 
79.375, 88.875, 2.733194174872912e-24, nan 
79.625, 88.875, 2.5464815397844715e-24, nan 
79.875, 88.875, 2.6397707147992448e-24, nan 
80.125, 88.875, 2.8375721753389816e-24, nan 
80.375, 88.875, 2.8932675950799533e-24, nan 
80.625, 88.875, 2.851420999461181e-24, nan 
80.875, 88.875, 3.1056304084580326e-24, nan 
81.125, 88.875, 3.1683569742801544e-24, nan 
81.375, 88.875, 3.4177340667619395e-24, nan 
81.625, 88.875, 3.1925675006740885e-24, nan 
81.875, 88.875, 3.550181205637916e-24, nan 
82.125, 88.875, 3.413465956471176e-24, nan 
82.375, 88.875, 3.3173664960321654e-24, nan 
82.625, 88.875, 3.404567805471909e-24, nan 
82.875, 88.875, 3.1769072980815277e-24, nan 
83.125, 88.875, 3.838407051454551e-24, nan 
83.375, 88.875, 3.916938445067734e-24, nan 
83.625, 88.875, 3.839976380834868e-24, nan 
83.875, 88.875, 4.0253533232992576e-24, nan 
84.125, 88.875, 3.9209528268077025e-24, nan 
84.375, 88.875, 4.290607976895723e-24, nan 
84.625, 88.875, 4.1271495667502014e-24, nan 
84.875, 88.875, 4.6333245940902016e-24, nan 
85.125, 88.875, 4.240562657178481e-24, nan 
85.375, 88.875, 4.55937279946185e-24, nan 
85.625, 88.875, 4.279801114506819e-24, nan 
85.875, 88.875, 4.2842584172654494e-24, nan 
86.125, 88.875, 4.514865312070146e-24, nan 
86.375, 88.875, 4.55739670650657e-24, nan 
86.625, 88.875, 3.609061573645876e-24, nan 
86.875, 88.875, 3.971508804009105e-24, nan 
87.125, 88.875, 3.86102800744925e-24, nan 
87.375, 88.875, 3.839742589161963e-24, nan 
87.625, 88.875, 3.926216206103963e-24, nan 
87.875, 88.875, 4.175361328258601e-24, nan 
88.125, 88.875, 4.111507428000646e-24, nan 
88.375, 88.875, 4.363221040743348e-24, nan 
88.625, 88.875, 4.056057719944273e-24, nan 
88.875, 88.875, 3.8258452611958445e-24, nan 
89.125, 88.875, 4.702779913275824e-24, nan 
89.375, 88.875, 4.13764227961758e-24, nan 
89.625, 88.875, 4.2647369327869644e-24, nan 
89.875, 88.875, 4.162391190880388e-24, nan 
90.125, 88.875, 4.120758765654743e-24, nan 
90.375, 88.875, 4.374205378859111e-24, nan 
90.625, 88.875, 4.3358240052184306e-24, nan 
90.875, 88.875, 4.531258800128989e-24, nan 
91.125, 88.875, 4.547918168466729e-24, nan 
91.375, 88.875, 4.680789960376303e-24, nan 
91.625, 88.875, 4.675262410510851e-24, nan 
91.875, 88.875, 4.655432253291803e-24, nan 
92.125, 88.875, 4.2984599425211764e-24, nan 
92.375, 88.875, 4.208198578680279e-24, nan 
92.625, 88.875, 4.057551042288652e-24, nan 
92.875, 88.875, 3.942678462683571e-24, nan 
93.125, 88.875, 3.99840180638099e-24, nan 
93.375, 88.875, 3.8811128011031725e-24, nan 
93.625, 88.875, 3.940578221717229e-24, nan 
93.875, 88.875, 3.857452808790911e-24, nan 
94.125, 88.875, 3.873714927293914e-24, nan 
94.375, 88.875, 3.7471149410692376e-24, nan 
94.625, 88.875, 3.907872707651903e-24, nan 
94.875, 88.875, 3.831382189813158e-24, nan 
95.125, 88.875, 3.715612130017351e-24, nan 
95.375, 88.875, 3.90297109799501e-24, nan 
95.625, 88.875, 3.964239573673791e-24, nan 
95.875, 88.875, 4.160713117225504e-24, nan 
96.125, 88.875, 4.390048463260341e-24, nan 
96.375, 88.875, 4.571184787673163e-24, nan 
96.625, 88.875, 4.884008086818348e-24, nan 
96.875, 88.875, 3.9890443739607825e-24, nan 
97.125, 88.875, 4.2415412020087e-24, nan 
97.375, 88.875, 4.100239351891493e-24, nan 
97.625, 88.875, 4.4279398249017785e-24, nan 
97.875, 88.875, 4.1660854044898016e-24, nan 
98.125, 88.875, 4.3162456503061574e-24, nan 
98.375, 88.875, 4.208999000290165e-24, nan 
98.625, 88.875, 4.3230418632343366e-24, nan 
98.875, 88.875, 4.3763925381757625e-24, nan 
99.125, 88.875, 4.4162055909118096e-24, nan 
99.375, 88.875, 4.225225437743654e-24, nan 
99.625, 88.875, 4.5285917757264386e-24, nan 
99.875, 88.875, 4.349448285596235e-24, nan 
100.125, 88.875, 3.9992724806193995e-24, nan 
100.375, 88.875, 3.915871170114889e-24, nan 
100.625, 88.875, 4.0715172322764e-24, nan 
100.875, 88.875, 3.643123260781491e-24, nan 
101.125, 88.875, 3.8255735969942625e-24, nan 
101.375, 88.875, 2.9416915307453436e-24, nan 
101.625, 88.875, 3.020213601984807e-24, nan 
101.875, 88.875, 4.208313546341318e-24, nan 
102.125, 88.875, 3.452870538053405e-24, nan 
102.375, 88.875, 3.236453696694973e-24, nan 
102.625, 88.875, 2.7065039666735413e-24, nan 
102.875, 88.875, 3.3979123989160954e-24, nan 
103.125, 88.875, 2.8517443224354516e-24, nan 
103.375, 88.875, 3.0307946180566826e-24, nan 
103.625, 88.875, 2.7255522534164317e-24, nan 
103.875, 88.875, 2.6739904504045207e-24, nan 
104.125, 88.875, 3.826945075245496e-24, nan 
104.375, 88.875, 3.1223774895557e-24, nan 
104.625, 88.875, 3.0718901605042445e-24, nan 
104.875, 88.875, 3.2235650322862906e-24, nan 
105.125, 88.875, 3.419483763966178e-24, nan 
105.375, 88.875, 3.012482054931574e-24, nan 
105.625, 88.875, 3.1545250285028594e-24, nan 
105.875, 88.875, 3.353532681959255e-24, nan 
106.125, 88.875, 3.0650218772492925e-24, nan 
106.375, 88.875, 3.9727630123919285e-24, nan 
106.625, 88.875, 3.5064179727971926e-24, nan 
106.875, 88.875, 3.425527081306718e-24, nan 
107.125, 88.875, 3.7533700300375444e-24, nan 
107.375, 88.875, 3.1572277852090857e-24, nan 
107.625, 88.875, 2.8783728631375732e-24, nan 
107.875, 88.875, 3.907946112164596e-24, nan 
108.125, 88.875, 4.6618506665846384e-24, nan 
108.375, 88.875, 4.756877098443617e-24, nan 
108.625, 88.875, 4.553742789283503e-24, nan 
108.875, 88.875, 4.3319163668837106e-24, nan 
109.125, 88.875, 4.315375644495281e-24, nan 
109.375, 88.875, 4.067638857930726e-24, nan 
109.625, 88.875, 4.390237991125999e-24, nan 
109.875, 88.875, 4.2532273248000254e-24, nan 
110.125, 88.875, 4.532337847397775e-24, nan 
110.375, 88.875, 4.2714374630283176e-24, nan 
110.625, 88.875, 4.580440404345856e-24, nan 
110.875, 88.875, 4.587901019260615e-24, nan 
111.125, 88.875, 4.750469140441564e-24, nan 
111.375, 88.875, 4.497245668066181e-24, nan 
111.625, 88.875, 5.873680610425965e-24, nan 
111.875, 88.875, 3.968150383535289e-24, nan 
112.125, 88.875, 5.279325637096215e-24, nan 
112.375, 88.875, 5.806610480983801e-24, nan 
112.625, 88.875, 6.2236308786904034e-24, nan 
112.875, 88.875, 6.19147258793997e-24, nan 
113.125, 88.875, 5.832838322818557e-24, nan 
113.375, 88.875, 5.692884911461404e-24, nan 
113.625, 88.875, 5.009154567245223e-24, nan 
113.875, 88.875, 5.299458588440243e-24, nan 
114.125, 88.875, 6.85576401882626e-24, nan 
114.375, 88.875, 5.6059607490552445e-24, nan 
114.625, 88.875, 4.874966000456962e-24, nan 
114.875, 88.875, 4.982933183748044e-24, nan 
115.125, 88.875, 5.041126401800392e-24, nan 
115.375, 88.875, 6.72723677956116e-24, nan 
115.625, 88.875, 7.488216227722847e-24, nan 
115.875, 88.875, 6.300872909223111e-24, nan 
116.125, 88.875, 5.723259802631859e-24, nan 
116.375, 88.875, 5.40886991206694e-24, nan 
116.625, 88.875, 5.276233597936818e-24, nan 
116.875, 88.875, 5.380527200039445e-24, nan 
117.125, 88.875, 4.736701986192052e-24, nan 
117.375, 88.875, 5.056787720671232e-24, nan 
117.625, 88.875, 4.738645172592597e-24, nan 
117.875, 88.875, 4.1617461850991306e-24, nan 
118.125, 88.875, 4.481397497532367e-24, nan 
118.375, 88.875, 3.856528327384579e-24, nan 
118.625, 88.875, 3.900921629155965e-24, nan 
118.875, 88.875, 4.1934936156268106e-24, nan 
119.125, 88.875, 4.019427319988982e-24, nan 
119.375, 88.875, 4.127010093206521e-24, nan 
119.625, 88.875, 5.190731073008562e-24, nan 
119.875, 88.875, 4.66713372630856e-24, nan 
120.125, 88.875, 4.74978548777784e-24, nan 
120.375, 88.875, 5.0751507359527425e-24, nan 
120.625, 88.875, 5.530451499720582e-24, nan 
120.875, 88.875, 5.264307154349717e-24, nan 
121.125, 88.875, 5.438605571337247e-24, nan 
121.375, 88.875, 5.837157474798409e-24, nan 
121.625, 88.875, 5.3744366900745924e-24, nan 
121.875, 88.875, 5.439109010666623e-24, nan 
122.125, 88.875, 5.0206849022529635e-24, nan 
122.375, 88.875, 5.3157490138182646e-24, nan 
122.625, 88.875, 4.950115052111756e-24, nan 
122.875, 88.875, 4.728061572560136e-24, nan 
123.125, 88.875, 4.793582552521689e-24, nan 
123.375, 88.875, 4.929242011982379e-24, nan 
123.625, 88.875, 4.723348494173213e-24, nan 
123.875, 88.875, 5.1799241867291364e-24, nan 
124.125, 88.875, 5.2252136023962525e-24, nan 
124.375, 88.875, 5.574177631366228e-24, nan 
124.625, 88.875, 5.832459646429788e-24, nan 
124.875, 88.875, 5.682771035110796e-24, nan 
125.125, 88.875, 6.29959575924517e-24, nan 
125.375, 88.875, 6.320875623255272e-24, nan 
125.625, 88.875, 6.307303924024455e-24, nan 
125.875, 88.875, 5.9623054313403316e-24, nan 
126.125, 88.875, 5.64550343810544e-24, nan 
126.375, 88.875, 6.3566916041254455e-24, nan 
126.625, 88.875, 5.642977132620717e-24, nan 
126.875, 88.875, 7.078748410156446e-24, nan 
127.125, 88.875, 5.8750080998959055e-24, nan 
127.375, 88.875, 6.129520082390815e-24, nan 
127.625, 88.875, 6.0578179204641395e-24, nan 
127.875, 88.875, 6.1155947305731994e-24, nan 
128.125, 88.875, 7.254335913124728e-24, nan 
128.375, 88.875, 8.181078207385902e-24, nan 
128.625, 88.875, 6.1648278997328416e-24, nan 
128.875, 88.875, 5.611495321162428e-24, nan 
129.125, 88.875, 6.014368896024119e-24, nan 
129.375, 88.875, 6.0902306484377e-24, nan 
129.625, 88.875, 6.340108480707336e-24, nan 
129.875, 88.875, 6.238072782994882e-24, nan 
130.125, 88.875, 6.17877062997846e-24, nan 
130.375, 88.875, 6.181066285484405e-24, nan 
130.625, 88.875, 6.0822726168890264e-24, nan 
130.875, 88.875, 6.3044092618110316e-24, nan 
131.125, 88.875, 6.241410753080436e-24, nan 
131.375, 88.875, 6.022041254196094e-24, nan 
131.625, 88.875, 6.0323473680079584e-24, nan 
131.875, 88.875, 6.134914091426511e-24, nan 
132.125, 88.875, 6.321357990574708e-24, nan 
132.375, 88.875, 5.783639637036959e-24, nan 
132.625, 88.875, 6.2780740721991956e-24, nan 
132.875, 88.875, 6.344867640874308e-24, nan 
133.125, 88.875, 5.571708311896553e-24, nan 
133.375, 88.875, 5.9875176830935405e-24, nan 
133.625, 88.875, 5.741545791049652e-24, nan 
133.875, 88.875, 6.070977379634691e-24, nan 
134.125, 88.875, 6.034715845817159e-24, nan 
134.375, 88.875, 6.179351431209258e-24, nan 
134.625, 88.875, 6.2381640807616586e-24, nan 
134.875, 88.875, 6.257360542369515e-24, nan 
135.125, 88.875, 6.2275163571064175e-24, nan 
135.375, 88.875, 6.097144012491436e-24, nan 
135.625, 88.875, 6.435674980799275e-24, nan 
135.875, 88.875, 6.26160453818175e-24, nan 
136.125, 88.875, 6.191003206818171e-24, nan 
136.375, 88.875, 6.149511291875869e-24, nan 
136.625, 88.875, 6.196120396085664e-24, nan 
136.875, 88.875, 6.438600536331311e-24, nan 
137.125, 88.875, 6.0078749781064885e-24, nan 
137.375, 88.875, 5.7788170472844716e-24, nan 
137.625, 88.875, 6.879271147132747e-24, nan 
137.875, 88.875, 6.103105147800335e-24, nan 
138.125, 88.875, 6.179120152116215e-24, nan 
138.375, 88.875, 6.468703756349414e-24, nan 
138.625, 88.875, 6.136490906485887e-24, nan 
138.875, 88.875, 6.381566933947875e-24, nan 
139.125, 88.875, 6.559518953562783e-24, nan 
139.375, 88.875, 6.5320546222683125e-24, nan 
139.625, 88.875, 6.572229035196371e-24, nan 
139.875, 88.875, 6.4996541105828866e-24, nan 
140.125, 88.875, 6.685893140044006e-24, nan 
140.375, 88.875, 6.807502943074969e-24, nan 
140.625, 88.875, 6.600813536948788e-24, nan 
140.875, 88.875, 6.954540875227154e-24, nan 
141.125, 88.875, 6.983634188507203e-24, nan 
141.375, 88.875, 6.600529316975799e-24, nan 
141.625, 88.875, 6.742418428291259e-24, nan 
141.875, 88.875, 7.012757215173063e-24, nan 
142.125, 88.875, 6.6060803224460485e-24, nan 
142.375, 88.875, 6.869748821625041e-24, nan 
142.625, 88.875, 7.067438264326287e-24, nan 
142.875, 88.875, 6.99718791281372e-24, nan 
143.125, 88.875, 7.024010866339409e-24, nan 
143.375, 88.875, 6.806010883066904e-24, nan 
143.625, 88.875, 6.6395496514789e-24, nan 
143.875, 88.875, 6.992129466669482e-24, nan 
144.125, 88.875, 7.160466041696379e-24, nan 
144.375, 88.875, 6.871354856420202e-24, nan 
144.625, 88.875, 6.885159024610751e-24, nan 
144.875, 88.875, 6.857983591463432e-24, nan 
145.125, 88.875, 5.2622054554951816e-24, nan 
145.375, 88.875, 6.221818553371837e-24, nan 
145.625, 88.875, 6.936067340046418e-24, nan 
145.875, 88.875, 6.914660034395616e-24, nan 
146.125, 88.875, 6.896525662988013e-24, nan 
146.375, 88.875, 7.033795363602977e-24, nan 
146.625, 88.875, 7.080897591279857e-24, nan 
146.875, 88.875, 7.182357710385134e-24, nan 
147.125, 88.875, 7.157489783306311e-24, nan 
147.375, 88.875, 7.001241970177923e-24, nan 
147.625, 88.875, 6.64658333911683e-24, nan 
147.875, 88.875, 6.5998039569462885e-24, nan 
148.125, 88.875, 7.101660901449781e-24, nan 
148.375, 88.875, 5.9791307361581265e-24, nan 
148.625, 88.875, 4.80200452845182e-24, nan 
148.875, 88.875, 3.9626761051073534e-24, nan 
149.125, 88.875, 6.601474265967228e-24, nan 
149.375, 88.875, 5.4737357997680915e-24, nan 
149.625, 88.875, 6.501771037651905e-24, nan 
149.875, 88.875, 5.077194909815678e-24, nan 
150.125, 88.875, 4.847426664271737e-24, nan 
150.375, 88.875, 5.0384036744992665e-24, nan 
150.625, 88.875, 4.563744228741537e-24, nan 
150.875, 88.875, 4.2566518546487326e-24, nan 
151.125, 88.875, 4.343418384778115e-24, nan 
151.375, 88.875, 4.044180488597783e-24, nan 
151.625, 88.875, 4.383799761624451e-24, nan 
151.875, 88.875, 4.185245109124131e-24, nan 
152.125, 88.875, 4.317183715973671e-24, nan 
152.375, 88.875, 4.4453594271771844e-24, nan 
152.625, 88.875, 3.946609793016618e-24, nan 
152.875, 88.875, 4.507785270705521e-24, nan 
153.125, 88.875, 4.460496164999149e-24, nan 
153.375, 88.875, 4.4137194980955506e-24, nan 
153.625, 88.875, 4.809683635700291e-24, nan 
153.875, 88.875, 6.919056653407048e-24, nan 
154.125, 88.875, 7.043221552576465e-24, nan 
154.375, 88.875, 4.61334738758478e-24, nan 
154.625, 88.875, 5.077881759434739e-24, nan 
154.875, 88.875, 5.521577799118205e-24, nan 
155.125, 88.875, 4.895921936493577e-24, nan 
155.375, 88.875, 4.914469944099554e-24, nan 
155.625, 88.875, 4.939861767009814e-24, nan 
155.875, 88.875, 6.2134968070319475e-24, nan 
156.125, 88.875, 4.939104014789915e-24, nan 
156.375, 88.875, 6.727985870035039e-24, nan 
156.625, 88.875, 5.2692078707150264e-24, nan 
156.875, 88.875, 6.935235590903523e-24, nan 
157.125, 88.875, 5.664590228342532e-24, nan 
157.375, 88.875, 5.525595965491041e-24, nan 
157.625, 88.875, 5.579188277724826e-24, nan 
157.875, 88.875, 5.284294663139081e-24, nan 
158.125, 88.875, 5.180752026860824e-24, nan 
158.375, 88.875, 5.229799385321414e-24, nan 
158.625, 88.875, 5.299052138083625e-24, nan 
158.875, 88.875, 5.34138409429599e-24, nan 
159.125, 88.875, 5.628606817421968e-24, nan 
159.375, 88.875, 5.720645949785512e-24, nan 
159.625, 88.875, 6.06012712076569e-24, nan 
159.875, 88.875, 6.076019866119842e-24, nan 
160.125, 88.875, 6.355461997273157e-24, nan 
160.375, 88.875, 6.454500549250029e-24, nan 
160.625, 88.875, 6.016852111731455e-24, nan 
160.875, 88.875, 6.3233559809257204e-24, nan 
161.125, 88.875, 6.592342423931081e-24, nan 
161.375, 88.875, 6.704469393318424e-24, nan 
161.625, 88.875, 6.0472461488736164e-24, nan 
161.875, 88.875, 6.738116657375728e-24, nan 
162.125, 88.875, 5.923206358032102e-24, nan 
162.375, 88.875, 6.700414107388644e-24, nan 
162.625, 88.875, 6.659901638780239e-24, nan 
162.875, 88.875, 6.170856411231525e-24, nan 
163.125, 88.875, 6.735873138542202e-24, nan 
163.375, 88.875, 6.705718105591648e-24, nan 
163.625, 88.875, 6.5724112928981835e-24, nan 
163.875, 88.875, 7.045023202222926e-24, nan 
164.125, 88.875, 6.736748276171603e-24, nan 
164.375, 88.875, 6.985918154685391e-24, nan 
164.625, 88.875, 7.485233586322479e-24, nan 
164.875, 88.875, 7.64135977756018e-24, nan 
165.125, 88.875, 7.320147670023913e-24, nan 
165.375, 88.875, 6.700071162563735e-24, nan 
165.625, 88.875, 7.575667607421777e-24, nan 
165.875, 88.875, 7.337797307160559e-24, nan 
166.125, 88.875, 7.455604463425231e-24, nan 
166.375, 88.875, 7.130285357314002e-24, nan 
166.625, 88.875, 7.52877996472919e-24, nan 
166.875, 88.875, 7.845031361561169e-24, nan 
167.125, 88.875, 7.727615504977603e-24, nan 
167.375, 88.875, 6.0623472540191415e-24, nan 
167.625, 88.875, 6.731550425347731e-24, nan 
167.875, 88.875, 6.573761182925569e-24, nan 
168.125, 88.875, 6.583103068259645e-24, nan 
168.375, 88.875, 6.2304776934091376e-24, nan 
168.625, 88.875, 6.123668808584727e-24, nan 
168.875, 88.875, 6.2669315269360254e-24, nan 
169.125, 88.875, 6.533883758186667e-24, nan 
169.375, 88.875, 6.32357290444445e-24, nan 
169.625, 88.875, 6.0981661973800515e-24, nan 
169.875, 88.875, 6.101662422583952e-24, nan 
170.125, 88.875, 5.9766197886638966e-24, nan 
170.375, 88.875, 6.003568264640798e-24, nan 
170.625, 88.875, 6.0057493814128026e-24, nan 
170.875, 88.875, 5.945292865806999e-24, nan 
171.125, 88.875, 5.9180674732487696e-24, nan 
171.375, 88.875, 6.932220612007942e-24, nan 
171.625, 88.875, 7.085068209495344e-24, nan 
171.875, 88.875, 6.331191540052759e-24, nan 
172.125, 88.875, 5.722747935292868e-24, nan 
172.375, 88.875, 5.799636588899235e-24, nan 
172.625, 88.875, 5.55798022469244e-24, nan 
172.875, 88.875, 5.14503800831887e-24, nan 
173.125, 88.875, 4.7837929217660374e-24, nan 
173.375, 88.875, 5.140854006735885e-24, nan 
173.625, 88.875, 5.382080008615995e-24, nan 
173.875, 88.875, 6.1064981007344295e-24, nan 
174.125, 88.875, 6.347468849641863e-24, nan 
174.375, 88.875, 6.386133272326523e-24, nan 
174.625, 88.875, 6.26850755748222e-24, nan 
174.875, 88.875, 6.113425396865978e-24, nan 
175.125, 88.875, 6.2075565888074116e-24, nan 
175.375, 88.875, 6.0069203346429955e-24, nan 
175.625, 88.875, 6.023128833855502e-24, nan 
175.875, 88.875, 6.136688568467698e-24, nan 
176.125, 88.875, 6.622061282421454e-24, nan 
176.375, 88.875, 6.097232493988602e-24, nan 
176.625, 88.875, 6.2249930775389554e-24, nan 
176.875, 88.875, 6.176347898554026e-24, nan 
177.125, 88.875, 6.3811636538725495e-24, nan 
177.375, 88.875, 5.939913088489668e-24, nan 
177.625, 88.875, 6.683069019672664e-24, nan 
177.875, 88.875, 5.946188419082432e-24, nan 
178.125, 88.875, 6.196155711791953e-24, nan 
178.375, 88.875, 6.130189827994154e-24, nan 
178.625, 88.875, 5.679449660333139e-24, nan 
178.875, 88.875, 5.391546108051594e-24, nan 
179.125, 88.875, 5.221099612324521e-24, nan 
179.375, 88.875, 5.283125579456034e-24, nan 
179.625, 88.875, 5.496349340267211e-24, nan 
179.875, 88.875, 5.772702872444706e-24, nan 
-179.875, 89.125, 1.5199962996167317e-23, nan 
-179.625, 89.125, 1.524752523290184e-23, nan 
-179.375, 89.125, 8.995634062919379e-24, nan 
-179.125, 89.125, 7.051501944392141e-24, nan 
-178.875, 89.125, 6.926815761480476e-24, nan 
-178.625, 89.125, 6.558332985070189e-24, nan 
-178.375, 89.125, 6.3159338673773866e-24, nan 
-178.125, 89.125, 6.78921997225729e-24, nan 
-177.875, 89.125, 6.533276678615679e-24, nan 
-177.625, 89.125, 6.813137485512237e-24, nan 
-177.375, 89.125, 6.387950907220601e-24, nan 
-177.125, 89.125, 6.955446955248633e-24, nan 
-176.875, 89.125, 6.96638351801736e-24, nan 
-176.625, 89.125, 7.103083418952617e-24, nan 
-176.375, 89.125, 6.879822778751514e-24, nan 
-176.125, 89.125, 7.043848647463628e-24, nan 
-175.875, 89.125, 7.458747637651712e-24, nan 
-175.625, 89.125, 7.20583618000875e-24, nan 
-175.375, 89.125, 8.64683757128647e-24, nan 
-175.125, 89.125, 7.20864336975168e-24, nan 
-174.875, 89.125, 6.868793716536445e-24, nan 
-174.625, 89.125, 7.181415420333093e-24, nan 
-174.375, 89.125, 7.386824775822028e-24, nan 
-174.125, 89.125, 7.692863718873181e-24, nan 
-173.875, 89.125, 7.732082942933297e-24, nan 
-173.625, 89.125, 1.0062482612145944e-23, nan 
-173.375, 89.125, 1.0148096757017507e-23, nan 
-173.125, 89.125, 8.374298379848567e-24, nan 
-172.875, 89.125, 9.942427746750889e-24, nan 
-172.625, 89.125, 1.0007072454353803e-23, nan 
-172.375, 89.125, 9.415860198245392e-24, nan 
-172.125, 89.125, 9.309641773930439e-24, nan 
-171.875, 89.125, 9.328309624838831e-24, nan 
-171.625, 89.125, 9.360479438941936e-24, nan 
-171.375, 89.125, 7.73414054695447e-24, nan 
-171.125, 89.125, 8.985029372678666e-24, nan 
-170.875, 89.125, 8.982164264917623e-24, nan 
-170.625, 89.125, 7.87951836291189e-24, nan 
-170.375, 89.125, 7.995980049691019e-24, nan 
-170.125, 89.125, 7.912944871373879e-24, nan 
-169.875, 89.125, 8.172243335485484e-24, nan 
-169.625, 89.125, 7.777654221571482e-24, nan 
-169.375, 89.125, 6.736500829514202e-24, nan 
-169.125, 89.125, 6.350613513280621e-24, nan 
-168.875, 89.125, 6.429994167780005e-24, nan 
-168.625, 89.125, 6.208516855430574e-24, nan 
-168.375, 89.125, 6.019385211342444e-24, nan 
-168.125, 89.125, 5.8910714183431665e-24, nan 
-167.875, 89.125, 5.700125726650427e-24, nan 
-167.625, 89.125, 5.347441348341575e-24, nan 
-167.375, 89.125, 5.522878283972754e-24, nan 
-167.125, 89.125, 5.477777805397201e-24, nan 
-166.875, 89.125, 5.650116872888829e-24, nan 
-166.625, 89.125, 5.622831088036095e-24, nan 
-166.375, 89.125, 5.55206910982281e-24, nan 
-166.125, 89.125, 5.431682376600314e-24, nan 
-165.875, 89.125, 5.446544806644093e-24, nan 
-165.625, 89.125, 6.566819898453747e-24, nan 
-165.375, 89.125, 6.347927474192958e-24, nan 
-165.125, 89.125, 5.541549951920793e-24, nan 
-164.875, 89.125, 5.795665290970931e-24, nan 
-164.625, 89.125, 8.130717764264125e-24, nan 
-164.375, 89.125, 7.482486798825828e-24, nan 
-164.125, 89.125, 7.715334465864569e-24, nan 
-163.875, 89.125, 7.842867870923418e-24, nan 
-163.625, 89.125, 8.20455260510134e-24, nan 
-163.375, 89.125, 8.393116124129503e-24, nan 
-163.125, 89.125, 4.918493348381691e-24, nan 
-162.875, 89.125, 4.313540788380026e-24, nan 
-162.625, 89.125, 3.724064779235995e-24, nan 
-162.375, 89.125, 3.829618546084014e-24, nan 
-162.125, 89.125, 3.6786368648674585e-24, nan 
-161.875, 89.125, 3.783452284051369e-24, nan 
-161.625, 89.125, 3.795975220061097e-24, nan 
-161.375, 89.125, 3.841542341200411e-24, nan 
-161.125, 89.125, 3.8835252152574614e-24, nan 
-160.875, 89.125, 3.88156248664154e-24, nan 
-160.625, 89.125, 4.058307242915566e-24, nan 
-160.375, 89.125, 4.06938819435941e-24, nan 
-160.125, 89.125, 4.060389463979002e-24, nan 
-159.875, 89.125, 4.231045872965179e-24, nan 
-159.625, 89.125, 3.7535073423416025e-24, nan 
-159.375, 89.125, 4.0115696663362706e-24, nan 
-159.125, 89.125, 4.243788079164375e-24, nan 
-158.875, 89.125, 4.015606478443085e-24, nan 
-158.625, 89.125, 3.64980370989405e-24, nan 
-158.375, 89.125, 4.342451485278697e-24, nan 
-158.125, 89.125, 4.41638704432533e-24, nan 
-157.875, 89.125, 4.530713766677363e-24, nan 
-157.625, 89.125, 4.4432811163520615e-24, nan 
-157.375, 89.125, 4.809655867448757e-24, nan 
-157.125, 89.125, 4.8827256967228125e-24, nan 
-156.875, 89.125, 4.258958533057069e-24, nan 
-156.625, 89.125, 4.70757292901051e-24, nan 
-156.375, 89.125, 4.710460820433211e-24, nan 
-156.125, 89.125, 4.081931016605441e-24, nan 
-155.875, 89.125, 4.729759983384715e-24, nan 
-155.625, 89.125, 4.56120381496037e-24, nan 
-155.375, 89.125, 4.577694481885423e-24, nan 
-155.125, 89.125, 4.1540460814269566e-24, nan 
-154.875, 89.125, 4.802572962628618e-24, nan 
-154.625, 89.125, 4.549630030926561e-24, nan 
-154.375, 89.125, 4.539718215941204e-24, nan 
-154.125, 89.125, 4.595983433981572e-24, nan 
-153.875, 89.125, 4.762014686271623e-24, nan 
-153.625, 89.125, 4.6550231854333934e-24, nan 
-153.375, 89.125, 4.8764503103445885e-24, nan 
-153.125, 89.125, 4.809367366241854e-24, nan 
-152.875, 89.125, 5.102980733544767e-24, nan 
-152.625, 89.125, 4.539875390416232e-24, nan 
-152.375, 89.125, 4.642800396124214e-24, nan 
-152.125, 89.125, 4.225458413970885e-24, nan 
-151.875, 89.125, 4.280377273272453e-24, nan 
-151.625, 89.125, 5.016914354214734e-24, nan 
-151.375, 89.125, 4.628815358894154e-24, nan 
-151.125, 89.125, 4.921032282922982e-24, nan 
-150.875, 89.125, 4.853507731909419e-24, nan 
-150.625, 89.125, 4.789758061691287e-24, nan 
-150.375, 89.125, 4.680722078953277e-24, nan 
-150.125, 89.125, 4.221983723398541e-24, nan 
-149.875, 89.125, 4.155591313035264e-24, nan 
-149.625, 89.125, 3.694749422267372e-24, nan 
-149.375, 89.125, 3.1868905846253645e-24, nan 
-149.125, 89.125, 3.2028168695062717e-24, nan 
-148.875, 89.125, 3.014838696962428e-24, nan 
-148.625, 89.125, 3.586849495799596e-24, nan 
-148.375, 89.125, 4.731026429311064e-24, nan 
-148.125, 89.125, 3.1476122963303045e-24, nan 
-147.875, 89.125, 3.042592488004761e-24, nan 
-147.625, 89.125, 3.1056594605000987e-24, nan 
-147.375, 89.125, 3.01763730956439e-24, nan 
-147.125, 89.125, 3.0359175701812855e-24, nan 
-146.875, 89.125, 3.0497788675058608e-24, nan 
-146.625, 89.125, 2.6555529612851993e-24, nan 
-146.375, 89.125, 2.6557922587130154e-24, nan 
-146.125, 89.125, 3.0528864525862124e-24, nan 
-145.875, 89.125, 2.5453818609016106e-24, nan 
-145.625, 89.125, 2.8662879946344704e-24, nan 
-145.375, 89.125, 2.809620663475725e-24, nan 
-145.125, 89.125, 3.120632243582258e-24, nan 
-144.875, 89.125, 3.1784148962206573e-24, nan 
-144.625, 89.125, 3.183196412655546e-24, nan 
-144.375, 89.125, 3.694212969110529e-24, nan 
-144.125, 89.125, 3.9182508960072935e-24, nan 
-143.875, 89.125, 3.7824769360129045e-24, nan 
-143.625, 89.125, 4.0048269476518696e-24, nan 
-143.375, 89.125, 3.674265538022254e-24, nan 
-143.125, 89.125, 4.335793821161999e-24, nan 
-142.875, 89.125, 4.178337678116613e-24, nan 
-142.625, 89.125, 4.227690197616681e-24, nan 
-142.375, 89.125, 2.9908785121785078e-24, nan 
-142.125, 89.125, 3.940346919928452e-24, nan 
-141.875, 89.125, 4.508035613873044e-24, nan 
-141.625, 89.125, 4.577731577725718e-24, nan 
-141.375, 89.125, 4.8731211647095894e-24, nan 
-141.125, 89.125, 4.775694520362633e-24, nan 
-140.875, 89.125, 4.745502530170442e-24, nan 
-140.625, 89.125, 4.807247244292463e-24, nan 
-140.375, 89.125, 4.6583481295550804e-24, nan 
-140.125, 89.125, 5.037846260772042e-24, nan 
-139.875, 89.125, 3.834739982565662e-24, nan 
-139.625, 89.125, 4.854319772560469e-24, nan 
-139.375, 89.125, 4.820251005636138e-24, nan 
-139.125, 89.125, 4.937089113882527e-24, nan 
-138.875, 89.125, 4.729677622888252e-24, nan 
-138.625, 89.125, 4.769655870560816e-24, nan 
-138.375, 89.125, 4.656918005055096e-24, nan 
-138.125, 89.125, 4.0847214700395976e-24, nan 
-137.875, 89.125, 4.4339811395292086e-24, nan 
-137.625, 89.125, 4.420206022090634e-24, nan 
-137.375, 89.125, 4.355930943723735e-24, nan 
-137.125, 89.125, 4.329875546693369e-24, nan 
-136.875, 89.125, 4.5738377096922624e-24, nan 
-136.625, 89.125, 4.367801124061909e-24, nan 
-136.375, 89.125, 4.607311519585914e-24, nan 
-136.125, 89.125, 4.705729277780658e-24, nan 
-135.875, 89.125, 4.5960433206504695e-24, nan 
-135.625, 89.125, 4.171419219957853e-24, nan 
-135.375, 89.125, 4.980040666829309e-24, nan 
-135.125, 89.125, 4.428024988816447e-24, nan 
-134.875, 89.125, 4.4364759824319184e-24, nan 
-134.625, 89.125, 4.3209052624082786e-24, nan 
-134.375, 89.125, 4.829541181996016e-24, nan 
-134.125, 89.125, 4.154779772926734e-24, nan 
-133.875, 89.125, 4.264859564181715e-24, nan 
-133.625, 89.125, 4.474572664189139e-24, nan 
-133.375, 89.125, 4.0748103533870424e-24, nan 
-133.125, 89.125, 3.742207283453211e-24, nan 
-132.875, 89.125, 3.90934207976176e-24, nan 
-132.625, 89.125, 3.342041322199566e-24, nan 
-132.375, 89.125, 3.282515819403636e-24, nan 
-132.125, 89.125, 3.673383295642256e-24, nan 
-131.875, 89.125, 3.0034464962953655e-24, nan 
-131.625, 89.125, 3.090965126229685e-24, nan 
-131.375, 89.125, 3.50452037767025e-24, nan 
-131.125, 89.125, 3.5479789064849235e-24, nan 
-130.875, 89.125, 3.3994001164823295e-24, nan 
-130.625, 89.125, 3.5360090266671754e-24, nan 
-130.375, 89.125, 2.349696759818213e-24, nan 
-130.125, 89.125, 2.5555885894806607e-24, nan 
-129.875, 89.125, 2.610785667678876e-24, nan 
-129.625, 89.125, 2.4946836295588875e-24, nan 
-129.375, 89.125, 2.3116389267248598e-24, nan 
-129.125, 89.125, 2.9611120520219266e-24, nan 
-128.875, 89.125, 2.6771623361153564e-24, nan 
-128.625, 89.125, 2.969707494859194e-24, nan 
-128.375, 89.125, 2.454285028835328e-24, nan 
-128.125, 89.125, 2.5939580005050803e-24, nan 
-127.875, 89.125, 2.696465385170181e-24, nan 
-127.625, 89.125, 2.21466991419027e-24, nan 
-127.375, 89.125, 2.7039960814732477e-24, nan 
-127.125, 89.125, 2.1864175333938227e-24, nan 
-126.875, 89.125, 2.540544164448e-24, nan 
-126.625, 89.125, 2.0187088120238746e-24, nan 
-126.375, 89.125, 2.28837721860483e-24, nan 
-126.125, 89.125, 2.4078536737888584e-24, nan 
-125.875, 89.125, 2.4179103209999608e-24, nan 
-125.625, 89.125, 2.324813975068343e-24, nan 
-125.375, 89.125, 2.5220576781202808e-24, nan 
-125.125, 89.125, 2.2639443416097477e-24, nan 
-124.875, 89.125, 2.1739601135508746e-24, nan 
-124.625, 89.125, 2.1744777746917083e-24, nan 
-124.375, 89.125, 2.064659645298123e-24, nan 
-124.125, 89.125, 2.2041863978052082e-24, nan 
-123.875, 89.125, 2.1972414024502276e-24, nan 
-123.625, 89.125, 1.4740110024658413e-24, nan 
-123.375, 89.125, 1.4844742080749878e-24, nan 
-123.125, 89.125, 1.3393892475937193e-24, nan 
-122.875, 89.125, 1.435886414792808e-24, nan 
-122.625, 89.125, 1.5558764347003105e-24, nan 
-122.375, 89.125, 1.2938353903431705e-24, nan 
-122.125, 89.125, 1.3317299462027711e-24, nan 
-121.875, 89.125, 1.796055016461538e-24, nan 
-121.625, 89.125, 1.4341559641678646e-24, nan 
-121.375, 89.125, 1.4875335208821776e-24, nan 
-121.125, 89.125, 1.346598859206893e-24, nan 
-120.875, 89.125, 1.406153851398637e-24, nan 
-120.625, 89.125, 1.4555487009259869e-24, nan 
-120.375, 89.125, 1.4751659373436007e-24, nan 
-120.125, 89.125, 1.479641422942661e-24, nan 
-119.875, 89.125, 1.4525016602753836e-24, nan 
-119.625, 89.125, 1.5081638649814317e-24, nan 
-119.375, 89.125, 1.5675580170025927e-24, nan 
-119.125, 89.125, 1.3825188310729953e-24, nan 
-118.875, 89.125, 1.7016589840980697e-24, nan 
-118.625, 89.125, 1.2976387932183744e-24, nan 
-118.375, 89.125, 1.2958893243969792e-24, nan 
-118.125, 89.125, 1.4065228509306377e-24, nan 
-117.875, 89.125, 1.3480992253141945e-24, nan 
-117.625, 89.125, 1.6669441262532035e-24, nan 
-117.375, 89.125, 1.3945246191265712e-24, nan 
-117.125, 89.125, 1.3729808040174149e-24, nan 
-116.875, 89.125, 1.2996330122386401e-24, nan 
-116.625, 89.125, 1.3274982188878613e-24, nan 
-116.375, 89.125, 1.2779901539189158e-24, nan 
-116.125, 89.125, 2.372719587441332e-24, nan 
-115.875, 89.125, 1.9824638147502145e-24, nan 
-115.625, 89.125, 1.6430284067343121e-24, nan 
-115.375, 89.125, 1.3722582480766122e-24, nan 
-115.125, 89.125, 1.3217630914346829e-24, nan 
-114.875, 89.125, 9.955996064354642e-25, nan 
-114.625, 89.125, 9.638706545140465e-25, nan 
-114.375, 89.125, 1.0312038091691234e-24, nan 
-114.125, 89.125, 1.2551059010453272e-24, nan 
-113.875, 89.125, 1.210866473070621e-24, nan 
-113.625, 89.125, 1.457399237503028e-24, nan 
-113.375, 89.125, 1.5034347533407828e-24, nan 
-113.125, 89.125, 1.2414932123661062e-24, nan 
-112.875, 89.125, 1.2675383589490431e-24, nan 
-112.625, 89.125, 1.3379848398112437e-24, nan 
-112.375, 89.125, 1.3306427439370961e-24, nan 
-112.125, 89.125, 1.5577773521263382e-24, nan 
-111.875, 89.125, 1.2706337682541016e-24, nan 
-111.625, 89.125, 1.6328606778668015e-24, nan 
-111.375, 89.125, 1.3402886649509339e-24, nan 
-111.125, 89.125, 1.3772842972519188e-24, nan 
-110.875, 89.125, 1.358105387191958e-24, nan 
-110.625, 89.125, 1.424302261733795e-24, nan 
-110.375, 89.125, 1.4155698210464183e-24, nan 
-110.125, 89.125, 1.7410480845449705e-24, nan 
-109.875, 89.125, 1.709157257203791e-24, nan 
-109.625, 89.125, 1.739679510962448e-24, nan 
-109.375, 89.125, 1.762788133995567e-24, nan 
-109.125, 89.125, 1.7631061195051473e-24, nan 
-108.875, 89.125, 1.6268633108079058e-24, nan 
-108.625, 89.125, 1.5415404736366592e-24, nan 
-108.375, 89.125, 1.478073602194039e-24, nan 
-108.125, 89.125, 1.4644081189854968e-24, nan 
-107.875, 89.125, 1.4961491552761303e-24, nan 
-107.625, 89.125, 1.5492741927845781e-24, nan 
-107.375, 89.125, 9.467220900187764e-25, nan 
-107.125, 89.125, 8.62276170413439e-25, nan 
-106.875, 89.125, 8.645864555954183e-25, nan 
-106.625, 89.125, 7.863993422619937e-25, nan 
-106.375, 89.125, 8.638886050291633e-25, nan 
-106.125, 89.125, 1.0094059653240112e-24, nan 
-105.875, 89.125, 8.974956827209796e-25, nan 
-105.625, 89.125, 1.1648326469729618e-24, nan 
-105.375, 89.125, 1.144610310327119e-24, nan 
-105.125, 89.125, 1.0316211289148261e-24, nan 
-104.875, 89.125, 9.56891624915293e-25, nan 
-104.625, 89.125, 9.490677516469512e-25, nan 
-104.375, 89.125, 9.156804643672059e-25, nan 
-104.125, 89.125, 1.0303187318701582e-24, nan 
-103.875, 89.125, 1.0176101260642382e-24, nan 
-103.625, 89.125, 1.0232437160286433e-24, nan 
-103.375, 89.125, 9.847341443176285e-25, nan 
-103.125, 89.125, 9.222661558616405e-25, nan 
-102.875, 89.125, 8.124405029666138e-25, nan 
-102.625, 89.125, 7.891334909386963e-25, nan 
-102.375, 89.125, 8.392181155517586e-25, nan 
-102.125, 89.125, 6.821736350966366e-25, nan 
-101.875, 89.125, 7.007053547350627e-25, nan 
-101.625, 89.125, 7.480927390897159e-25, nan 
-101.375, 89.125, 6.070178368791622e-25, nan 
-101.125, 89.125, 5.839149072522791e-25, nan 
-100.875, 89.125, 5.3831819579670455e-25, nan 
-100.625, 89.125, 4.220534452362411e-25, nan 
-100.375, 89.125, 4.4952032801121105e-25, nan 
-100.125, 89.125, 4.517883643726395e-25, nan 
-99.875, 89.125, 4.494627242703847e-25, nan 
-99.625, 89.125, 4.375777204450107e-25, nan 
-99.375, 89.125, 3.859243415264836e-25, nan 
-99.125, 89.125, 4.52245226298154e-25, nan 
-98.875, 89.125, 3.3547488068225016e-25, nan 
-98.625, 89.125, 3.273806548463123e-25, nan 
-98.375, 89.125, 3.8360763773133327e-25, nan 
-98.125, 89.125, 4.149641240037629e-25, nan 
-97.875, 89.125, 5.52590569607755e-25, nan 
-97.625, 89.125, 5.127829590263782e-25, nan 
-97.375, 89.125, 2.944028114159734e-25, nan 
-97.125, 89.125, 2.3437666071625664e-25, nan 
-96.875, 89.125, 3.543749666343404e-25, nan 
-96.625, 89.125, 3.700613280137385e-25, nan 
-96.375, 89.125, 3.6870207143920235e-25, nan 
-96.125, 89.125, 3.9815729737532086e-25, nan 
-95.875, 89.125, 3.694914629642822e-25, nan 
-95.625, 89.125, 3.6158143994740113e-25, nan 
-95.375, 89.125, 4.26075324176084e-25, nan 
-95.125, 89.125, 8.043142227590375e-25, nan 
-94.875, 89.125, 8.320725652400182e-25, nan 
-94.625, 89.125, 8.726050701322547e-25, nan 
-94.375, 89.125, 8.0756964394354855e-25, nan 
-94.125, 89.125, 8.137640320557446e-25, nan 
-93.875, 89.125, 5.603849883376763e-25, nan 
-93.625, 89.125, 5.930806956717018e-25, nan 
-93.375, 89.125, 5.973697387177443e-25, nan 
-93.125, 89.125, 6.457713926812793e-25, nan 
-92.875, 89.125, 6.507348233872678e-25, nan 
-92.625, 89.125, 6.604610477735915e-25, nan 
-92.375, 89.125, 6.595958966848929e-25, nan 
-92.125, 89.125, 6.8430510928171e-25, nan 
-91.875, 89.125, 7.571174972893056e-25, nan 
-91.625, 89.125, 7.538266535536255e-25, nan 
-91.375, 89.125, 7.556207961708621e-25, nan 
-91.125, 89.125, 8.538222700619604e-25, nan 
-90.875, 89.125, 1.130601821084861e-24, nan 
-90.625, 89.125, 1.066213463021783e-24, nan 
-90.375, 89.125, 1.07881501477547e-24, nan 
-90.125, 89.125, 1.0161568738623648e-24, nan 
-89.875, 89.125, 9.945940575586251e-25, nan 
-89.625, 89.125, 9.520793636485085e-25, nan 
-89.375, 89.125, 9.14276761012381e-25, nan 
-89.125, 89.125, 8.384395687115671e-25, nan 
-88.875, 89.125, 7.311542868160272e-25, nan 
-88.625, 89.125, 7.204207406005324e-25, nan 
-88.375, 89.125, 6.857821218624123e-25, nan 
-88.125, 89.125, 5.752126823249391e-25, nan 
-87.875, 89.125, 5.799718247166128e-25, nan 
-87.625, 89.125, 5.864074548304861e-25, nan 
-87.375, 89.125, 7.038274500834943e-25, nan 
-87.125, 89.125, 6.727514801756677e-25, nan 
-86.875, 89.125, 8.08613177640528e-25, nan 
-86.625, 89.125, 6.556066097602375e-25, nan 
-86.375, 89.125, 6.56359046658266e-25, nan 
-86.125, 89.125, 6.85474185689547e-25, nan 
-85.875, 89.125, 7.060848750922504e-25, nan 
-85.625, 89.125, 8.164493173390832e-25, nan 
-85.375, 89.125, 7.121763598180447e-25, nan 
-85.125, 89.125, 7.065028151986187e-25, nan 
-84.875, 89.125, 7.58106535376161e-25, nan 
-84.625, 89.125, 7.236921225604595e-25, nan 
-84.375, 89.125, 8.968506789458759e-25, nan 
-84.125, 89.125, 7.777621400838096e-25, nan 
-83.875, 89.125, 9.680458361949265e-25, nan 
-83.625, 89.125, 8.54810849893091e-25, nan 
-83.375, 89.125, 1.1020744316024417e-24, nan 
-83.125, 89.125, 1.0047971876391021e-24, nan 
-82.875, 89.125, 1.0423837279076373e-24, nan 
-82.625, 89.125, 1.1171632133665088e-24, nan 
-82.375, 89.125, 1.1573171114127922e-24, nan 
-82.125, 89.125, 1.4448518519984552e-24, nan 
-81.875, 89.125, 1.3982501094018624e-24, nan 
-81.625, 89.125, 1.5805350763831699e-24, nan 
-81.375, 89.125, 1.684684630852724e-24, nan 
-81.125, 89.125, 1.872494530584156e-24, nan 
-80.875, 89.125, 2.1183975833288778e-24, nan 
-80.625, 89.125, 2.1307514207044116e-24, nan 
-80.375, 89.125, 2.3465146413788954e-24, nan 
-80.125, 89.125, 1.9289300662208826e-24, nan 
-79.875, 89.125, 1.9165637587059804e-24, nan 
-79.625, 89.125, 1.7989440281243618e-24, nan 
-79.375, 89.125, 1.983267882435219e-24, nan 
-79.125, 89.125, 2.0339761179467416e-24, nan 
-78.875, 89.125, 1.9175367402906162e-24, nan 
-78.625, 89.125, 1.919855779506051e-24, nan 
-78.375, 89.125, 1.921286712542596e-24, nan 
-78.125, 89.125, 1.9066157305463942e-24, nan 
-77.875, 89.125, 2.036329660937955e-24, nan 
-77.625, 89.125, 1.8964636999232492e-24, nan 
-77.375, 89.125, 1.9154436891178207e-24, nan 
-77.125, 89.125, 1.8511717634214473e-24, nan 
-76.875, 89.125, 1.9252399886384605e-24, nan 
-76.625, 89.125, 1.807988262685992e-24, nan 
-76.375, 89.125, 1.8299295873630565e-24, nan 
-76.125, 89.125, 1.8405118481790086e-24, nan 
-75.875, 89.125, 1.9902271300105062e-24, nan 
-75.625, 89.125, 1.9691813621610564e-24, nan 
-75.375, 89.125, 2.0057379545860533e-24, nan 
-75.125, 89.125, 1.937770805610736e-24, nan 
-74.875, 89.125, 1.853379294619091e-24, nan 
-74.625, 89.125, 1.8311547036855047e-24, nan 
-74.375, 89.125, 1.896274509457207e-24, nan 
-74.125, 89.125, 1.9212684247079105e-24, nan 
-73.875, 89.125, 1.954512127881017e-24, nan 
-73.625, 89.125, 1.9803190354503873e-24, nan 
-73.375, 89.125, 1.8152665826068454e-24, nan 
-73.125, 89.125, 1.9950520930988914e-24, nan 
-72.875, 89.125, 2.168463411608936e-24, nan 
-72.625, 89.125, 2.351935072217068e-24, nan 
-72.375, 89.125, 2.5256347976478177e-24, nan 
-72.125, 89.125, 3.006277083308795e-24, nan 
-71.875, 89.125, 3.0809897538506896e-24, nan 
-71.625, 89.125, 3.087452493799123e-24, nan 
-71.375, 89.125, 3.139851177676767e-24, nan 
-71.125, 89.125, 2.971414380098674e-24, nan 
-70.875, 89.125, 3.0576377198753426e-24, nan 
-70.625, 89.125, 2.8703172415946653e-24, nan 
-70.375, 89.125, 3.1454048397305918e-24, nan 
-70.125, 89.125, 3.0139329091069797e-24, nan 
-69.875, 89.125, 2.896505974849153e-24, nan 
-69.625, 89.125, 2.9573867165496935e-24, nan 
-69.375, 89.125, 2.8414138064359798e-24, nan 
-69.125, 89.125, 3.108898595454123e-24, nan 
-68.875, 89.125, 3.090801517279809e-24, nan 
-68.625, 89.125, 3.0258021689561582e-24, nan 
-68.375, 89.125, 3.0325773305720774e-24, nan 
-68.125, 89.125, 2.917415968042061e-24, nan 
-67.875, 89.125, 3.082110521532728e-24, nan 
-67.625, 89.125, 3.1367292389506044e-24, nan 
-67.375, 89.125, 3.128861986210189e-24, nan 
-67.125, 89.125, 2.8555358699362945e-24, nan 
-66.875, 89.125, 3.0278563115425342e-24, nan 
-66.625, 89.125, 2.9942965038199377e-24, nan 
-66.375, 89.125, 2.9183345416935996e-24, nan 
-66.125, 89.125, 2.8858495833406693e-24, nan 
-65.875, 89.125, 2.6872513816218575e-24, nan 
-65.625, 89.125, 2.7406753439007545e-24, nan 
-65.375, 89.125, 2.603348354333284e-24, nan 
-65.125, 89.125, 2.8533069277016324e-24, nan 
-64.875, 89.125, 2.529401228178565e-24, nan 
-64.625, 89.125, 2.6402392341625337e-24, nan 
-64.375, 89.125, 2.9372184031244014e-24, nan 
-64.125, 89.125, 2.903082751823517e-24, nan 
-63.875, 89.125, 2.7585659652480254e-24, nan 
-63.625, 89.125, 2.7885325312405893e-24, nan 
-63.375, 89.125, 2.9807897854198046e-24, nan 
-63.125, 89.125, 2.7869007336175107e-24, nan 
-62.875, 89.125, 2.8432692025476018e-24, nan 
-62.625, 89.125, 2.907691935387092e-24, nan 
-62.375, 89.125, 2.7817361316732773e-24, nan 
-62.125, 89.125, 2.597066182333879e-24, nan 
-61.875, 89.125, 2.8268391870262877e-24, nan 
-61.625, 89.125, 2.6089665527015025e-24, nan 
-61.375, 89.125, 2.661008003228177e-24, nan 
-61.125, 89.125, 2.548272998817443e-24, nan 
-60.875, 89.125, 2.711776827564026e-24, nan 
-60.625, 89.125, 2.5161803565935117e-24, nan 
-60.375, 89.125, 2.6148925822462872e-24, nan 
-60.125, 89.125, 2.5286288052530328e-24, nan 
-59.875, 89.125, 2.4894857655311403e-24, nan 
-59.625, 89.125, 2.4447438674949056e-24, nan 
-59.375, 89.125, 2.5412610107885556e-24, nan 
-59.125, 89.125, 2.5146526409383352e-24, nan 
-58.875, 89.125, 2.5335275576513606e-24, nan 
-58.625, 89.125, 2.4465371497611162e-24, nan 
-58.375, 89.125, 2.292956394838768e-24, nan 
-58.125, 89.125, 2.277444031572389e-24, nan 
-57.875, 89.125, 2.4201930292852316e-24, nan 
-57.625, 89.125, 2.355028290345071e-24, nan 
-57.375, 89.125, 2.4751293568561772e-24, nan 
-57.125, 89.125, 2.7088067218765053e-24, nan 
-56.875, 89.125, 2.4909808535952963e-24, nan 
-56.625, 89.125, 2.51523903321852e-24, nan 
-56.375, 89.125, 2.620089897961605e-24, nan 
-56.125, 89.125, 2.8553500000946603e-24, nan 
-55.875, 89.125, 3.342366877668183e-24, nan 
-55.625, 89.125, 3.451387132922347e-24, nan 
-55.375, 89.125, 3.3958839875277076e-24, nan 
-55.125, 89.125, 3.72184198884324e-24, nan 
-54.875, 89.125, 3.285698876657668e-24, nan 
-54.625, 89.125, 3.69377069224626e-24, nan 
-54.375, 89.125, 3.2655251398854714e-24, nan 
-54.125, 89.125, 3.450885790322458e-24, nan 
-53.875, 89.125, 3.565823834114092e-24, nan 
-53.625, 89.125, 3.2245686163176065e-24, nan 
-53.375, 89.125, 3.180294687498465e-24, nan 
-53.125, 89.125, 3.417089566607309e-24, nan 
-52.875, 89.125, 3.393263463213334e-24, nan 
-52.625, 89.125, 3.5532765914130154e-24, nan 
-52.375, 89.125, 3.2999757818995196e-24, nan 
-52.125, 89.125, 3.31455763809912e-24, nan 
-51.875, 89.125, 3.0940790558782183e-24, nan 
-51.625, 89.125, 3.214875343200658e-24, nan 
-51.375, 89.125, 3.2024629100830183e-24, nan 
-51.125, 89.125, 3.224422620026067e-24, nan 
-50.875, 89.125, 2.8707749915376096e-24, nan 
-50.625, 89.125, 2.9796697729388745e-24, nan 
-50.375, 89.125, 2.7923787110666066e-24, nan 
-50.125, 89.125, 2.7737577141852598e-24, nan 
-49.875, 89.125, 2.5123954090070037e-24, nan 
-49.625, 89.125, 2.2919997057823155e-24, nan 
-49.375, 89.125, 2.0944275423310383e-24, nan 
-49.125, 89.125, 1.8504120227767695e-24, nan 
-48.875, 89.125, 2.1802714685865015e-24, nan 
-48.625, 89.125, 1.4579281703707095e-24, nan 
-48.375, 89.125, 9.760698984676832e-25, nan 
-48.125, 89.125, 1.1671731528567439e-24, nan 
-47.875, 89.125, 1.3855786944779388e-24, nan 
-47.625, 89.125, 1.9269886030648245e-24, nan 
-47.375, 89.125, 2.2761650269554585e-24, nan 
-47.125, 89.125, 2.5801485411086578e-24, nan 
-46.875, 89.125, 2.3471680797412262e-24, nan 
-46.625, 89.125, 1.733627808418546e-24, nan 
-46.375, 89.125, 1.9740588789209808e-24, nan 
-46.125, 89.125, 1.659064223122842e-24, nan 
-45.875, 89.125, 1.884813536157478e-24, nan 
-45.625, 89.125, 1.6201421842682666e-24, nan 
-45.375, 89.125, 1.651512586689697e-24, nan 
-45.125, 89.125, 1.5496102652238444e-24, nan 
-44.875, 89.125, 2.0956550861954245e-24, nan 
-44.625, 89.125, 1.769158742473092e-24, nan 
-44.375, 89.125, 1.2226998183219694e-24, nan 
-44.125, 89.125, 1.3564057303793823e-24, nan 
-43.875, 89.125, 1.5591777099710218e-24, nan 
-43.625, 89.125, 1.6418604475045342e-24, nan 
-43.375, 89.125, 1.4810683392450415e-24, nan 
-43.125, 89.125, 1.5758906539644966e-24, nan 
-42.875, 89.125, 1.5713025429927185e-24, nan 
-42.625, 89.125, 1.5801890438703464e-24, nan 
-42.375, 89.125, 1.5701830328069744e-24, nan 
-42.125, 89.125, 1.6009730082358268e-24, nan 
-41.875, 89.125, 1.6717114587506736e-24, nan 
-41.625, 89.125, 1.7418612455749245e-24, nan 
-41.375, 89.125, 1.6120326453672288e-24, nan 
-41.125, 89.125, 1.868826177169242e-24, nan 
-40.875, 89.125, 2.0777345610048673e-24, nan 
-40.625, 89.125, 1.766880141501462e-24, nan 
-40.375, 89.125, 1.5379195395287826e-24, nan 
-40.125, 89.125, 1.2968626153785968e-24, nan 
-39.875, 89.125, 1.256094302474678e-24, nan 
-39.625, 89.125, 1.0854530717109644e-24, nan 
-39.375, 89.125, 7.35181852942344e-25, nan 
-39.125, 89.125, 8.75359488114426e-25, nan 
-38.875, 89.125, 6.512602346257756e-25, nan 
-38.625, 89.125, 8.056263125342502e-25, nan 
-38.375, 89.125, 5.7451090451769775e-25, nan 
-38.125, 89.125, 6.225633414051797e-25, nan 
-37.875, 89.125, 1.1351723648537801e-24, nan 
-37.625, 89.125, 9.73095218773875e-25, nan 
-37.375, 89.125, 1.069716205995671e-24, nan 
-37.125, 89.125, 9.688742622846698e-25, nan 
-36.875, 89.125, 1.0131862027281019e-24, nan 
-36.625, 89.125, 1.0998634174362422e-24, nan 
-36.375, 89.125, 9.419503695973296e-25, nan 
-36.125, 89.125, 7.772125203288216e-25, nan 
-35.875, 89.125, 6.7760504344524685e-25, nan 
-35.625, 89.125, 7.196319202266507e-25, nan 
-35.375, 89.125, 6.56569375947407e-25, nan 
-35.125, 89.125, 7.390489796060472e-25, nan 
-34.875, 89.125, 7.592110464801582e-25, nan 
-34.625, 89.125, 6.196878685390615e-25, nan 
-34.375, 89.125, 5.09791619539794e-25, nan 
-34.125, 89.125, 5.355159375332315e-25, nan 
-33.875, 89.125, 5.000212372269204e-25, nan 
-33.625, 89.125, 4.833498801679157e-25, nan 
-33.375, 89.125, 3.842042415607359e-25, nan 
-33.125, 89.125, 3.7933536400535727e-25, nan 
-32.875, 89.125, 4.423105987533286e-25, nan 
-32.625, 89.125, 3.932859118165778e-25, nan 
-32.375, 89.125, 4.712803582079088e-25, nan 
-32.125, 89.125, 4.922808019303376e-25, nan 
-31.875, 89.125, 6.626963606458399e-25, nan 
-31.625, 89.125, 3.9074762550321283e-25, nan 
-31.375, 89.125, 4.244264954175093e-25, nan 
-31.125, 89.125, 5.133984784231006e-25, nan 
-30.875, 89.125, 4.930066280767893e-25, nan 
-30.625, 89.125, 4.887749959211629e-25, nan 
-30.375, 89.125, 5.620564180147566e-25, nan 
-30.125, 89.125, 6.001411502375849e-25, nan 
-29.875, 89.125, 6.273131733431524e-25, nan 
-29.625, 89.125, 6.389008972809265e-25, nan 
-29.375, 89.125, 7.777449885513705e-25, nan 
-29.125, 89.125, 7.237835820423303e-25, nan 
-28.875, 89.125, 1.1004885166871916e-24, nan 
-28.625, 89.125, 8.43509459863229e-25, nan 
-28.375, 89.125, 1.2782339763435845e-24, nan 
-28.125, 89.125, 9.589209874001593e-25, nan 
-27.875, 89.125, 9.702553734615611e-25, nan 
-27.625, 89.125, 9.619696217165428e-25, nan 
-27.375, 89.125, 1.116777222854024e-24, nan 
-27.125, 89.125, 1.116792855540747e-24, nan 
-26.875, 89.125, 1.0814458452469828e-24, nan 
-26.625, 89.125, 1.3579823247803292e-24, nan 
-26.375, 89.125, 1.443959180128574e-24, nan 
-26.125, 89.125, 1.55673146085511e-24, nan 
-25.875, 89.125, 1.8069720636883335e-24, nan 
-25.625, 89.125, 1.875780080775497e-24, nan 
-25.375, 89.125, 1.992869023578215e-24, nan 
-25.125, 89.125, 2.1552512613942518e-24, nan 
-24.875, 89.125, 2.2818100090842726e-24, nan 
-24.625, 89.125, 2.3181404173388122e-24, nan 
-24.375, 89.125, 2.471954391222723e-24, nan 
-24.125, 89.125, 2.470545105020507e-24, nan 
-23.875, 89.125, 2.5175909172818242e-24, nan 
-23.625, 89.125, 3.136580247582522e-24, nan 
-23.375, 89.125, 2.8387647821833936e-24, nan 
-23.125, 89.125, 2.9239598607163434e-24, nan 
-22.875, 89.125, 2.8707873564862115e-24, nan 
-22.625, 89.125, 2.9319589327782765e-24, nan 
-22.375, 89.125, 3.762255306550499e-24, nan 
-22.125, 89.125, 2.2197527337843047e-24, nan 
-21.875, 89.125, 3.2708295057177046e-24, nan 
-21.625, 89.125, 3.098137853553694e-24, nan 
-21.375, 89.125, 3.458946306110133e-24, nan 
-21.125, 89.125, 3.460489366236619e-24, nan 
-20.875, 89.125, 3.2514163681668755e-24, nan 
-20.625, 89.125, 3.1144310934805004e-24, nan 
-20.375, 89.125, 2.879718560852541e-24, nan 
-20.125, 89.125, 2.1596842984853185e-24, nan 
-19.875, 89.125, 1.787374259631314e-24, nan 
-19.625, 89.125, 1.3551240051130443e-24, nan 
-19.375, 89.125, 2.264592504246715e-24, nan 
-19.125, 89.125, 2.204563646354992e-24, nan 
-18.875, 89.125, 1.5466861182984235e-24, nan 
-18.625, 89.125, 9.40001663457249e-25, nan 
-18.375, 89.125, 8.141082950720973e-25, nan 
-18.125, 89.125, 1.5773023378595437e-24, nan 
-17.875, 89.125, 2.8176904900169983e-24, nan 
-17.625, 89.125, 2.2652706156947835e-24, nan 
-17.375, 89.125, 2.3644559985091048e-24, nan 
-17.125, 89.125, 3.5340021190133006e-24, nan 
-16.875, 89.125, 2.5823834032184033e-24, nan 
-16.625, 89.125, 2.8930390869343025e-24, nan 
-16.375, 89.125, 2.2639909862923667e-24, nan 
-16.125, 89.125, 3.043560658163725e-24, nan 
-15.875, 89.125, 2.2004398247164263e-24, nan 
-15.625, 89.125, 1.944379558077806e-24, nan 
-15.375, 89.125, 3.2241726385856313e-24, nan 
-15.125, 89.125, 2.683089493479528e-24, nan 
-14.875, 89.125, 2.767831881378297e-24, nan 
-14.625, 89.125, 2.815980717184151e-24, nan 
-14.375, 89.125, 2.3540416519772916e-24, nan 
-14.125, 89.125, 2.8385184599229737e-24, nan 
-13.875, 89.125, 3.3856181834936856e-24, nan 
-13.625, 89.125, 2.9851826110887906e-24, nan 
-13.375, 89.125, 3.0605700721079488e-24, nan 
-13.125, 89.125, 3.2293671746567946e-24, nan 
-12.875, 89.125, 3.2634260921674645e-24, nan 
-12.625, 89.125, 3.37496663106113e-24, nan 
-12.375, 89.125, 3.519978127446627e-24, nan 
-12.125, 89.125, 3.546266284228545e-24, nan 
-11.875, 89.125, 3.7495209435641486e-24, nan 
-11.625, 89.125, 3.5908449719060075e-24, nan 
-11.375, 89.125, 3.687486156913929e-24, nan 
-11.125, 89.125, 3.47378350776512e-24, nan 
-10.875, 89.125, 3.7794702622930135e-24, nan 
-10.625, 89.125, 3.834915762090104e-24, nan 
-10.375, 89.125, 3.5768811858894615e-24, nan 
-10.125, 89.125, 3.8384812886812255e-24, nan 
-9.875, 89.125, 3.940596155753367e-24, nan 
-9.625, 89.125, 4.067802923182686e-24, nan 
-9.375, 89.125, 4.149759147155479e-24, nan 
-9.125, 89.125, 3.934834525739777e-24, nan 
-8.875, 89.125, 3.813568113681907e-24, nan 
-8.625, 89.125, 3.6936034680412546e-24, nan 
-8.375, 89.125, 3.715529350827014e-24, nan 
-8.125, 89.125, 3.571951596293415e-24, nan 
-7.875, 89.125, 2.734479343566017e-24, nan 
-7.625, 89.125, 3.2521318434483663e-24, nan 
-7.375, 89.125, 3.369773457497236e-24, nan 
-7.125, 89.125, 3.509143523764331e-24, nan 
-6.875, 89.125, 4.0805929526807885e-24, nan 
-6.625, 89.125, 3.1386544371648924e-24, nan 
-6.375, 89.125, 3.446469394023414e-24, nan 
-6.125, 89.125, 3.7112086360575065e-24, nan 
-5.875, 89.125, 3.5273343021905135e-24, nan 
-5.625, 89.125, 3.5832843286469755e-24, nan 
-5.375, 89.125, 3.130363900233336e-24, nan 
-5.125, 89.125, 3.212991962748605e-24, nan 
-4.875, 89.125, 2.7400746834349872e-24, nan 
-4.625, 89.125, 2.5878277981141395e-24, nan 
-4.375, 89.125, 2.7554095668242734e-24, nan 
-4.125, 89.125, 3.47270673982714e-24, nan 
-3.875, 89.125, 3.575015014672536e-24, nan 
-3.625, 89.125, 3.517039106515335e-24, nan 
-3.375, 89.125, 3.590130440600389e-24, nan 
-3.125, 89.125, 3.612306788035064e-24, nan 
-2.875, 89.125, 3.588904052192841e-24, nan 
-2.625, 89.125, 3.5957196466869164e-24, nan 
-2.375, 89.125, 3.706220450199041e-24, nan 
-2.125, 89.125, 3.6106052551615604e-24, nan 
-1.875, 89.125, 3.445985614602258e-24, nan 
-1.625, 89.125, 3.372696421809102e-24, nan 
-1.375, 89.125, 3.4436067487522475e-24, nan 
-1.125, 89.125, 3.2038873556483086e-24, nan 
-0.875, 89.125, 3.2157896869097827e-24, nan 
-0.625, 89.125, 3.38355337095319e-24, nan 
-0.375, 89.125, 3.342102852323836e-24, nan 
-0.125, 89.125, 3.3045029406630636e-24, nan 
0.125, 89.125, 1.8776918637781e-24, nan 
0.375, 89.125, 2.9567091512802027e-24, nan 
0.625, 89.125, 3.290736056202359e-24, nan 
0.875, 89.125, 3.577468338561145e-24, nan 
1.125, 89.125, 3.609104419714357e-24, nan 
1.375, 89.125, 3.577780478782167e-24, nan 
1.625, 89.125, 3.4471079826118566e-24, nan 
1.875, 89.125, 3.45279370664541e-24, nan 
2.125, 89.125, 3.3685708394882474e-24, nan 
2.375, 89.125, 3.2923831485549966e-24, nan 
2.625, 89.125, 3.4780547863184205e-24, nan 
2.875, 89.125, 3.6037739067322335e-24, nan 
3.125, 89.125, 3.403556757503237e-24, nan 
3.375, 89.125, 3.463275221377586e-24, nan 
3.625, 89.125, 3.820642509378644e-24, nan 
3.875, 89.125, 3.451389246349496e-24, nan 
4.125, 89.125, 3.686662608503155e-24, nan 
4.375, 89.125, 3.629750765757635e-24, nan 
4.625, 89.125, 3.621841831864322e-24, nan 
4.875, 89.125, 3.67608227294832e-24, nan 
5.125, 89.125, 5.501075659192266e-24, nan 
5.375, 89.125, 3.811465895674287e-24, nan 
5.625, 89.125, 4.737877662637958e-24, nan 
5.875, 89.125, 3.7761201740555576e-24, nan 
6.125, 89.125, 3.8182923884059575e-24, nan 
6.375, 89.125, 4.613762110769028e-24, nan 
6.625, 89.125, 1.0989893114700404e-24, nan 
6.875, 89.125, 3.2130377667409485e-24, nan 
7.125, 89.125, 3.745398260125096e-24, nan 
7.375, 89.125, 2.7803666079504053e-24, nan 
7.625, 89.125, 3.1675211506907265e-24, nan 
7.875, 89.125, 2.566181184710808e-24, nan 
8.125, 89.125, 2.5318830976516572e-24, nan 
8.375, 89.125, 2.5425484294998634e-24, nan 
8.625, 89.125, 2.743364866602292e-24, nan 
8.875, 89.125, 2.8595672612701804e-24, nan 
9.125, 89.125, 3.1222170690555736e-24, nan 
9.375, 89.125, 3.106511822212286e-24, nan 
9.625, 89.125, 2.962260400379615e-24, nan 
9.875, 89.125, 2.8086987032682494e-24, nan 
10.125, 89.125, 2.7774648865692658e-24, nan 
10.375, 89.125, 2.674153623415229e-24, nan 
10.625, 89.125, 2.5820038952751633e-24, nan 
10.875, 89.125, 2.7585670248474285e-24, nan 
11.125, 89.125, 2.5215405919708525e-24, nan 
11.375, 89.125, 2.3695103222378435e-24, nan 
11.625, 89.125, 1.7772988481183363e-24, nan 
11.875, 89.125, 1.4337373694826117e-24, nan 
12.125, 89.125, 1.2562956265536376e-24, nan 
12.375, 89.125, 1.0737119920962596e-24, nan 
12.625, 89.125, 1.7938020497797635e-24, nan 
12.875, 89.125, 7.5770890774012085e-25, nan 
13.125, 89.125, 9.581262078961834e-25, nan 
13.375, 89.125, 1.0564591703605372e-24, nan 
13.625, 89.125, 6.285541696232252e-24, nan 
13.875, 89.125, 1.0474748946623446e-24, nan 
14.125, 89.125, 9.133686253812042e-25, nan 
14.375, 89.125, 1.1938426768304317e-24, nan 
14.625, 89.125, 9.46926093633525e-25, nan 
14.875, 89.125, 9.385157594804552e-25, nan 
15.125, 89.125, 8.100390087001534e-25, nan 
15.375, 89.125, 1.0783044684375767e-24, nan 
15.625, 89.125, 8.464519230862763e-25, nan 
15.875, 89.125, 8.76421326748751e-25, nan 
16.125, 89.125, 1.0063365783509905e-24, nan 
16.375, 89.125, 9.145515896587485e-25, nan 
16.625, 89.125, 1.0549339903786763e-24, nan 
16.875, 89.125, 1.3448687933630271e-24, nan 
17.125, 89.125, 2.1011269887035267e-24, nan 
17.375, 89.125, 1.1149454387135447e-24, nan 
17.625, 89.125, 1.3147861859958726e-24, nan 
17.875, 89.125, 6.774930912102266e-25, nan 
18.125, 89.125, 6.255575426058508e-25, nan 
18.375, 89.125, 6.315467639041438e-25, nan 
18.625, 89.125, 1.1968550865939077e-24, nan 
18.875, 89.125, 7.726494607903707e-25, nan 
19.125, 89.125, 7.752042574440871e-25, nan 
19.375, 89.125, 1.1902620952883426e-24, nan 
19.625, 89.125, 1.6751033774260793e-24, nan 
19.875, 89.125, 9.637523774993515e-25, nan 
20.125, 89.125, 8.642416051469582e-25, nan 
20.375, 89.125, 7.4022149482582905e-25, nan 
20.625, 89.125, 1.2182338754452123e-24, nan 
20.875, 89.125, 9.188290058424735e-25, nan 
21.125, 89.125, 1.2647584029217522e-24, nan 
21.375, 89.125, 1.1708963794533993e-24, nan 
21.625, 89.125, 1.2141028228901234e-24, nan 
21.875, 89.125, 8.415808175320758e-25, nan 
22.125, 89.125, 1.1411644673888187e-24, nan 
22.375, 89.125, 1.2175972475889433e-24, nan 
22.625, 89.125, 7.7985214550302305e-25, nan 
22.875, 89.125, 6.7107149467859715e-25, nan 
23.125, 89.125, 1.1869213017124133e-24, nan 
23.375, 89.125, 9.54532664537466e-25, nan 
23.625, 89.125, 9.993643416218353e-25, nan 
23.875, 89.125, 1.0113753892602293e-24, nan 
24.125, 89.125, 7.621545819273517e-25, nan 
24.375, 89.125, 6.7878879535115765e-25, nan 
24.625, 89.125, 7.568418681557757e-25, nan 
24.875, 89.125, 7.435740629199111e-25, nan 
25.125, 89.125, 7.789332254436529e-25, nan 
25.375, 89.125, 1.0658085730350471e-24, nan 
25.625, 89.125, 1.2016288800591446e-24, nan 
25.875, 89.125, 8.20751805648196e-25, nan 
26.125, 89.125, 8.596411050141668e-25, nan 
26.375, 89.125, 1.1393378927691447e-24, nan 
26.625, 89.125, 9.185179600864778e-25, nan 
26.875, 89.125, 6.368988420502964e-25, nan 
27.125, 89.125, 1.0153229920295459e-24, nan 
27.375, 89.125, 1.3065268614990669e-24, nan 
27.625, 89.125, 1.4474086507617706e-24, nan 
27.875, 89.125, 1.6051110149716454e-24, nan 
28.125, 89.125, 1.5088493367188606e-24, nan 
28.375, 89.125, 1.70500228889966e-24, nan 
28.625, 89.125, 1.359940250812268e-24, nan 
28.875, 89.125, 1.2502113066588716e-24, nan 
29.125, 89.125, 1.3373540636442588e-24, nan 
29.375, 89.125, 1.882761259756494e-24, nan 
29.625, 89.125, 1.0784108720882838e-24, nan 
29.875, 89.125, 1.1195697887138754e-24, nan 
30.125, 89.125, 1.429339886481499e-24, nan 
30.375, 89.125, 2.4934974333788485e-24, nan 
30.625, 89.125, 2.5075791686087115e-24, nan 
30.875, 89.125, 2.0477656391612686e-24, nan 
31.125, 89.125, 2.8917757311833998e-24, nan 
31.375, 89.125, 2.6289872236515205e-24, nan 
31.625, 89.125, 3.331540021264559e-24, nan 
31.875, 89.125, 2.824338969072456e-24, nan 
32.125, 89.125, 3.415959112743315e-24, nan 
32.375, 89.125, 3.506689573150106e-24, nan 
32.625, 89.125, 3.73406452838782e-24, nan 
32.875, 89.125, 4.171154337992748e-24, nan 
33.125, 89.125, 3.7735614290057544e-24, nan 
33.375, 89.125, 3.118576981794375e-24, nan 
33.625, 89.125, 2.9089385618812024e-24, nan 
33.875, 89.125, 3.8869804969170204e-24, nan 
34.125, 89.125, 3.5604446321823545e-24, nan 
34.375, 89.125, 3.592685760001953e-24, nan 
34.625, 89.125, 3.557855309188287e-24, nan 
34.875, 89.125, 3.7022108133529645e-24, nan 
35.125, 89.125, 3.1143982767432936e-24, nan 
35.375, 89.125, 3.031684580201964e-24, nan 
35.625, 89.125, 2.851911908717484e-24, nan 
35.875, 89.125, 2.6182280614555026e-24, nan 
36.125, 89.125, 2.0446102121272005e-24, nan 
36.375, 89.125, 2.7570598718520284e-24, nan 
36.625, 89.125, 3.4655113646679124e-24, nan 
36.875, 89.125, 3.329794356076359e-24, nan 
37.125, 89.125, 3.500278602019495e-24, nan 
37.375, 89.125, 3.8217577182173475e-24, nan 
37.625, 89.125, 4.0094891666863144e-24, nan 
37.875, 89.125, 3.498824860021559e-24, nan 
38.125, 89.125, 3.1031181004721574e-24, nan 
38.375, 89.125, 1.952395521745097e-24, nan 
38.625, 89.125, 2.458583442087825e-24, nan 
38.875, 89.125, 2.6210314947770274e-24, nan 
39.125, 89.125, 2.739690494162166e-24, nan 
39.375, 89.125, 2.8866101843030434e-24, nan 
39.625, 89.125, 2.7907506799066947e-24, nan 
39.875, 89.125, 3.0863622279867022e-24, nan 
40.125, 89.125, 3.2403710839860414e-24, nan 
40.375, 89.125, 3.318806621718057e-24, nan 
40.625, 89.125, 3.2700789446139123e-24, nan 
40.875, 89.125, 3.1085318173100163e-24, nan 
41.125, 89.125, 3.246482342891616e-24, nan 
41.375, 89.125, 2.9779546596528275e-24, nan 
41.625, 89.125, 2.9570307156374345e-24, nan 
41.875, 89.125, 2.6553833113210772e-24, nan 
42.125, 89.125, 2.70408049291961e-24, nan 
42.375, 89.125, 2.7361242435529548e-24, nan 
42.625, 89.125, 2.8543626220389457e-24, nan 
42.875, 89.125, 2.6150172313023746e-24, nan 
43.125, 89.125, 3.053945878929196e-24, nan 
43.375, 89.125, 2.773104344070682e-24, nan 
43.625, 89.125, 2.8252987072876416e-24, nan 
43.875, 89.125, 2.640349799689737e-24, nan 
44.125, 89.125, 3.0374222394755163e-24, nan 
44.375, 89.125, 2.4563874421978454e-24, nan 
44.625, 89.125, 2.6174161495887027e-24, nan 
44.875, 89.125, 2.962310473088028e-24, nan 
45.125, 89.125, 2.619473164554441e-24, nan 
45.375, 89.125, 2.8998037127182274e-24, nan 
45.625, 89.125, 2.4761823846870856e-24, nan 
45.875, 89.125, 2.7531497833390424e-24, nan 
46.125, 89.125, 2.6085742109243616e-24, nan 
46.375, 89.125, 2.6283953974551548e-24, nan 
46.625, 89.125, 2.571712970855094e-24, nan 
46.875, 89.125, 2.720567916645166e-24, nan 
47.125, 89.125, 2.9365319121355415e-24, nan 
47.375, 89.125, 2.7403692002496883e-24, nan 
47.625, 89.125, 2.5346862449716082e-24, nan 
47.875, 89.125, 3.1473856913241703e-24, nan 
48.125, 89.125, 2.8715274337460917e-24, nan 
48.375, 89.125, 3.1140757662434834e-24, nan 
48.625, 89.125, 3.1354776077554995e-24, nan 
48.875, 89.125, 3.1894501566450605e-24, nan 
49.125, 89.125, 3.1761198341999063e-24, nan 
49.375, 89.125, 3.0133458166139744e-24, nan 
49.625, 89.125, 3.391679723132252e-24, nan 
49.875, 89.125, 3.1831187158022605e-24, nan 
50.125, 89.125, 3.3849295376643796e-24, nan 
50.375, 89.125, 2.968347928714423e-24, nan 
50.625, 89.125, 3.351809301598317e-24, nan 
50.875, 89.125, 3.1826748167583263e-24, nan 
51.125, 89.125, 3.499294679008649e-24, nan 
51.375, 89.125, 3.016368652025324e-24, nan 
51.625, 89.125, 3.1756367907225093e-24, nan 
51.875, 89.125, 3.1725093028274492e-24, nan 
52.125, 89.125, 3.0226205566097333e-24, nan 
52.375, 89.125, 2.5358504842422752e-24, nan 
52.625, 89.125, 2.711506933111584e-24, nan 
52.875, 89.125, 2.9094260463339346e-24, nan 
53.125, 89.125, 2.7249882761031062e-24, nan 
53.375, 89.125, 3.0193647145211134e-24, nan 
53.625, 89.125, 3.2849272739306406e-24, nan 
53.875, 89.125, 3.2376630241997923e-24, nan 
54.125, 89.125, 2.9092809604618312e-24, nan 
54.375, 89.125, 2.5973786041161707e-24, nan 
54.625, 89.125, 2.061054289463272e-24, nan 
54.875, 89.125, 2.8682405782089618e-24, nan 
55.125, 89.125, 2.6722504254514464e-24, nan 
55.375, 89.125, 2.6734874147267618e-24, nan 
55.625, 89.125, 2.8495777532500843e-24, nan 
55.875, 89.125, 2.5793678136673496e-24, nan 
56.125, 89.125, 2.6980289250778242e-24, nan 
56.375, 89.125, 2.6070274853104454e-24, nan 
56.625, 89.125, 2.6975185278127785e-24, nan 
56.875, 89.125, 2.739574761670769e-24, nan 
57.125, 89.125, 2.6856399127135258e-24, nan 
57.375, 89.125, 2.631224656259694e-24, nan 
57.625, 89.125, 2.3248990651277237e-24, nan 
57.875, 89.125, 2.030008403276431e-24, nan 
58.125, 89.125, 1.9453325517804545e-24, nan 
58.375, 89.125, 1.8010697596231646e-24, nan 
58.625, 89.125, 1.8775079864046237e-24, nan 
58.875, 89.125, 1.878682565367309e-24, nan 
59.125, 89.125, 1.7181297285842084e-24, nan 
59.375, 89.125, 2.0391548953503983e-24, nan 
59.625, 89.125, 1.8818108858393583e-24, nan 
59.875, 89.125, 1.5547290017799602e-24, nan 
60.125, 89.125, 1.7474536812719938e-24, nan 
60.375, 89.125, 1.756242065083751e-24, nan 
60.625, 89.125, 1.4253653107248702e-24, nan 
60.875, 89.125, 1.7521715930169187e-24, nan 
61.125, 89.125, 1.7962735356062775e-24, nan 
61.375, 89.125, 2.1110329684326947e-24, nan 
61.625, 89.125, 1.759414338340541e-24, nan 
61.875, 89.125, 1.5347170596460082e-24, nan 
62.125, 89.125, 1.5695022205770078e-24, nan 
62.375, 89.125, 2.2009892670674854e-24, nan 
62.625, 89.125, 1.153572292957201e-24, nan 
62.875, 89.125, 1.5946595422308028e-24, nan 
63.125, 89.125, 1.499925040989337e-24, nan 
63.375, 89.125, 2.089032313253331e-24, nan 
63.625, 89.125, 1.002656924992036e-24, nan 
63.875, 89.125, 1.748403469392649e-24, nan 
64.125, 89.125, 1.037189749530004e-24, nan 
64.375, 89.125, 1.6218030016955213e-24, nan 
64.625, 89.125, 2.1142044523677167e-24, nan 
64.875, 89.125, 1.019338981493064e-24, nan 
65.125, 89.125, 1.3775739100740042e-24, nan 
65.375, 89.125, 8.698259699229501e-25, nan 
65.625, 89.125, 2.0224411675444685e-24, nan 
65.875, 89.125, 1.2688648288829207e-24, nan 
66.125, 89.125, 1.775857580722952e-24, nan 
66.375, 89.125, 1.9488074420061206e-24, nan 
66.625, 89.125, 1.7209352353588058e-24, nan 
66.875, 89.125, 1.876501024090735e-24, nan 
67.125, 89.125, 1.708968354883325e-24, nan 
67.375, 89.125, 1.7175977091014763e-24, nan 
67.625, 89.125, 1.884794747108839e-24, nan 
67.875, 89.125, 1.726597351116712e-24, nan 
68.125, 89.125, 1.843397981971116e-24, nan 
68.375, 89.125, 1.6763933884294734e-24, nan 
68.625, 89.125, 1.6543354194686004e-24, nan 
68.875, 89.125, 1.6569619982996076e-24, nan 
69.125, 89.125, 1.58898797642546e-24, nan 
69.375, 89.125, 2.131128195740437e-24, nan 
69.625, 89.125, 2.8700819381930183e-24, nan 
69.875, 89.125, 2.7219591381214032e-24, nan 
70.125, 89.125, 2.7734234770967125e-24, nan 
70.375, 89.125, 1.9206452324903245e-24, nan 
70.625, 89.125, 2.3771582185136092e-24, nan 
70.875, 89.125, 1.9479038270404892e-24, nan 
71.125, 89.125, 2.3530212567995225e-24, nan 
71.375, 89.125, 2.3559007200259605e-24, nan 
71.625, 89.125, 2.668290543385049e-24, nan 
71.875, 89.125, 2.718880143197116e-24, nan 
72.125, 89.125, 3.173925254370228e-24, nan 
72.375, 89.125, 3.052687753703701e-24, nan 
72.625, 89.125, 3.2148715134423434e-24, nan 
72.875, 89.125, 3.2230538366965896e-24, nan 
73.125, 89.125, 3.423545745670655e-24, nan 
73.375, 89.125, 3.331005676152841e-24, nan 
73.625, 89.125, 3.447429820862504e-24, nan 
73.875, 89.125, 2.953693316146006e-24, nan 
74.125, 89.125, 3.1236277330747432e-24, nan 
74.375, 89.125, 3.2761059066863935e-24, nan 
74.625, 89.125, 3.2447259597135447e-24, nan 
74.875, 89.125, 3.273598457927497e-24, nan 
75.125, 89.125, 3.3386670383875905e-24, nan 
75.375, 89.125, 2.9260382068471434e-24, nan 
75.625, 89.125, 3.084566067141711e-24, nan 
75.875, 89.125, 3.0248553329794366e-24, nan 
76.125, 89.125, 2.8065723344287574e-24, nan 
76.375, 89.125, 2.7468062972594282e-24, nan 
76.625, 89.125, 3.094814939991261e-24, nan 
76.875, 89.125, 2.506952497127337e-24, nan 
77.125, 89.125, 2.794501764017356e-24, nan 
77.375, 89.125, 2.4626057378135296e-24, nan 
77.625, 89.125, 2.5768762716261986e-24, nan 
77.875, 89.125, 2.4999069432806123e-24, nan 
78.125, 89.125, 2.261899073316429e-24, nan 
78.375, 89.125, 2.2300513035244327e-24, nan 
78.625, 89.125, 2.6370750155412555e-24, nan 
78.875, 89.125, 2.787284477508722e-24, nan 
79.125, 89.125, 2.834364975133792e-24, nan 
79.375, 89.125, 2.850429872624185e-24, nan 
79.625, 89.125, 3.0899929467403977e-24, nan 
79.875, 89.125, 3.2219116721751903e-24, nan 
80.125, 89.125, 2.6787698134664072e-24, nan 
80.375, 89.125, 3.089571612613019e-24, nan 
80.625, 89.125, 3.5603201475481945e-24, nan 
80.875, 89.125, 2.9355402418970333e-24, nan 
81.125, 89.125, 2.502450110113705e-24, nan 
81.375, 89.125, 2.739845264068521e-24, nan 
81.625, 89.125, 2.8146101763323705e-24, nan 
81.875, 89.125, 2.8850782509755423e-24, nan 
82.125, 89.125, 3.100949560534871e-24, nan 
82.375, 89.125, 3.0933218565129913e-24, nan 
82.625, 89.125, 3.165483194316238e-24, nan 
82.875, 89.125, 3.076447097435394e-24, nan 
83.125, 89.125, 3.050073005546241e-24, nan 
83.375, 89.125, 3.1099386863205258e-24, nan 
83.625, 89.125, 3.0718506706069205e-24, nan 
83.875, 89.125, 2.92486743073245e-24, nan 
84.125, 89.125, 3.0762499639029696e-24, nan 
84.375, 89.125, 3.113166604417865e-24, nan 
84.625, 89.125, 3.0461506053752867e-24, nan 
84.875, 89.125, 3.093762962616449e-24, nan 
85.125, 89.125, 3.1537200486354997e-24, nan 
85.375, 89.125, 3.108839461482559e-24, nan 
85.625, 89.125, 3.2205358894238723e-24, nan 
85.875, 89.125, 3.307982315223653e-24, nan 
86.125, 89.125, 3.359368643747156e-24, nan 
86.375, 89.125, 3.300908298598743e-24, nan 
86.625, 89.125, 3.878145070936125e-24, nan 
86.875, 89.125, 3.582583129158266e-24, nan 
87.125, 89.125, 3.259796518815613e-24, nan 
87.375, 89.125, 3.0822770980021283e-24, nan 
87.625, 89.125, 3.0971330468965847e-24, nan 
87.875, 89.125, 3.1447196970294056e-24, nan 
88.125, 89.125, 3.155533721708617e-24, nan 
88.375, 89.125, 3.344500204650567e-24, nan 
88.625, 89.125, 3.078158180711137e-24, nan 
88.875, 89.125, 3.179213416489209e-24, nan 
89.125, 89.125, 3.563200663649827e-24, nan 
89.375, 89.125, 3.3008134166848414e-24, nan 
89.625, 89.125, 3.289151676919693e-24, nan 
89.875, 89.125, 3.144014812875444e-24, nan 
90.125, 89.125, 3.1143952275471686e-24, nan 
90.375, 89.125, 2.9783700850259614e-24, nan 
90.625, 89.125, 3.1603664242741255e-24, nan 
90.875, 89.125, 3.2125733277447777e-24, nan 
91.125, 89.125, 3.076582865317105e-24, nan 
91.375, 89.125, 3.541484934709841e-24, nan 
91.625, 89.125, 2.8907953736063254e-24, nan 
91.875, 89.125, 3.035142196534323e-24, nan 
92.125, 89.125, 2.9826632864679507e-24, nan 
92.375, 89.125, 2.88496604689099e-24, nan 
92.625, 89.125, 2.7811682932395677e-24, nan 
92.875, 89.125, 3.1125269326718813e-24, nan 
93.125, 89.125, 2.491723128922619e-24, nan 
93.375, 89.125, 2.7686362619365273e-24, nan 
93.625, 89.125, 2.5029942093782645e-24, nan 
93.875, 89.125, 2.60670922057326e-24, nan 
94.125, 89.125, 2.6640586363344642e-24, nan 
94.375, 89.125, 2.4318682691544225e-24, nan 
94.625, 89.125, 2.4877504955644153e-24, nan 
94.875, 89.125, 2.4890580100128917e-24, nan 
95.125, 89.125, 2.7922374934389367e-24, nan 
95.375, 89.125, 2.748612483737906e-24, nan 
95.625, 89.125, 2.849134071968483e-24, nan 
95.875, 89.125, 2.851323262517438e-24, nan 
96.125, 89.125, 2.9954747051869527e-24, nan 
96.375, 89.125, 2.78986882610289e-24, nan 
96.625, 89.125, 3.061125559363232e-24, nan 
96.875, 89.125, 3.5176504781640554e-24, nan 
97.125, 89.125, 2.7346545399821268e-24, nan 
97.375, 89.125, 2.429209290523678e-24, nan 
97.625, 89.125, 2.365307752557231e-24, nan 
97.875, 89.125, 2.697976462859174e-24, nan 
98.125, 89.125, 2.5399306982230994e-24, nan 
98.375, 89.125, 2.5665063551272624e-24, nan 
98.625, 89.125, 2.8722373728998904e-24, nan 
98.875, 89.125, 2.636150921327911e-24, nan 
99.125, 89.125, 2.563728680251728e-24, nan 
99.375, 89.125, 2.361059254916596e-24, nan 
99.625, 89.125, 2.498757640686803e-24, nan 
99.875, 89.125, 2.3558191244871143e-24, nan 
100.125, 89.125, 2.08035996362554e-24, nan 
100.375, 89.125, 2.209222578944994e-24, nan 
100.625, 89.125, 2.2063453736988866e-24, nan 
100.875, 89.125, 2.033871006965956e-24, nan 
101.125, 89.125, 2.0043914159576777e-24, nan 
101.375, 89.125, 1.9824540027052893e-24, nan 
101.625, 89.125, 1.9233695467380365e-24, nan 
101.875, 89.125, 1.8432025610959304e-24, nan 
102.125, 89.125, 2.0820956695047655e-24, nan 
102.375, 89.125, 1.8988285191237107e-24, nan 
102.625, 89.125, 1.758018025253233e-24, nan 
102.875, 89.125, 3.2362534761233622e-24, nan 
103.125, 89.125, 2.8937969407838907e-24, nan 
103.375, 89.125, 2.587378241879144e-24, nan 
103.625, 89.125, 2.3898056691789115e-24, nan 
103.875, 89.125, 2.195552313360126e-24, nan 
104.125, 89.125, 1.9861849916069765e-24, nan 
104.375, 89.125, 1.6839395488455275e-24, nan 
104.625, 89.125, 1.5871424517522085e-24, nan 
104.875, 89.125, 1.3212427449761674e-24, nan 
105.125, 89.125, 1.4223611626649218e-24, nan 
105.375, 89.125, 1.4561283252710974e-24, nan 
105.625, 89.125, 1.166692287953098e-24, nan 
105.875, 89.125, 1.2343780100232964e-24, nan 
106.125, 89.125, 1.3445476977530403e-24, nan 
106.375, 89.125, 1.8784163378650314e-24, nan 
106.625, 89.125, 1.683448751927271e-24, nan 
106.875, 89.125, 1.5085937038673647e-24, nan 
107.125, 89.125, 1.466977965543708e-24, nan 
107.375, 89.125, 1.2197915780427714e-24, nan 
107.625, 89.125, 1.2475593757863013e-24, nan 
107.875, 89.125, 1.2841195955999467e-24, nan 
108.125, 89.125, 1.4941503993696234e-24, nan 
108.375, 89.125, 1.6241990280473975e-24, nan 
108.625, 89.125, 1.3510795408268616e-24, nan 
108.875, 89.125, 1.3073447406948468e-24, nan 
109.125, 89.125, 1.5166645196808931e-24, nan 
109.375, 89.125, 1.2800472602019054e-24, nan 
109.625, 89.125, 1.3932050705157748e-24, nan 
109.875, 89.125, 1.723588282097028e-24, nan 
110.125, 89.125, 1.8162400786489037e-24, nan 
110.375, 89.125, 1.7126964229397957e-24, nan 
110.625, 89.125, 1.8921562257028632e-24, nan 
110.875, 89.125, 1.7977011019516132e-24, nan 
111.125, 89.125, 1.2953146265270495e-24, nan 
111.375, 89.125, 1.4564805217790602e-24, nan 
111.625, 89.125, 1.4072111354450965e-24, nan 
111.875, 89.125, 1.2118846657351904e-24, nan 
112.125, 89.125, 1.604365824885351e-24, nan 
112.375, 89.125, 1.6354341095898037e-24, nan 
112.625, 89.125, 1.6037069442419967e-24, nan 
112.875, 89.125, 1.5087060282710873e-24, nan 
113.125, 89.125, 1.469124971453521e-24, nan 
113.375, 89.125, 1.5412531738176156e-24, nan 
113.625, 89.125, 1.5825131558152892e-24, nan 
113.875, 89.125, 1.6551351595308648e-24, nan 
114.125, 89.125, 1.6296175369125985e-24, nan 
114.375, 89.125, 1.6132717314791797e-24, nan 
114.625, 89.125, 1.4737524171595661e-24, nan 
114.875, 89.125, 1.6622430132515766e-24, nan 
115.125, 89.125, 1.6322181428027179e-24, nan 
115.375, 89.125, 1.7279487568780523e-24, nan 
115.625, 89.125, 1.6118841951222398e-24, nan 
115.875, 89.125, 1.6386349275270132e-24, nan 
116.125, 89.125, 1.8551348367014998e-24, nan 
116.375, 89.125, 1.6040588110238597e-24, nan 
116.625, 89.125, 1.8042419040027235e-24, nan 
116.875, 89.125, 1.935577377902322e-24, nan 
117.125, 89.125, 1.995876392368121e-24, nan 
117.375, 89.125, 1.918134916397364e-24, nan 
117.625, 89.125, 2.0628254075465653e-24, nan 
117.875, 89.125, 2.149340187385181e-24, nan 
118.125, 89.125, 1.8211037736143587e-24, nan 
118.375, 89.125, 2.331999808549878e-24, nan 
118.625, 89.125, 2.0411978136347092e-24, nan 
118.875, 89.125, 2.105365320497756e-24, nan 
119.125, 89.125, 2.0613204660914704e-24, nan 
119.375, 89.125, 2.2120295864001497e-24, nan 
119.625, 89.125, 2.133907338385851e-24, nan 
119.875, 89.125, 2.438873486387216e-24, nan 
120.125, 89.125, 2.3567645712986847e-24, nan 
120.375, 89.125, 2.7228146287468193e-24, nan 
120.625, 89.125, 2.6584815523732957e-24, nan 
120.875, 89.125, 2.5788734369284482e-24, nan 
121.125, 89.125, 2.6407165520160338e-24, nan 
121.375, 89.125, 2.592508192989724e-24, nan 
121.625, 89.125, 2.4479818113814367e-24, nan 
121.875, 89.125, 2.3745954378030593e-24, nan 
122.125, 89.125, 2.45505160447065e-24, nan 
122.375, 89.125, 2.5208997380102602e-24, nan 
122.625, 89.125, 2.372866480362979e-24, nan 
122.875, 89.125, 2.4554202354479983e-24, nan 
123.125, 89.125, 2.3663945506897153e-24, nan 
123.375, 89.125, 2.28107014702407e-24, nan 
123.625, 89.125, 2.366310565983843e-24, nan 
123.875, 89.125, 2.5810850033258083e-24, nan 
124.125, 89.125, 2.2126116049053567e-24, nan 
124.375, 89.125, 3.022431865962554e-24, nan 
124.625, 89.125, 2.872713805525881e-24, nan 
124.875, 89.125, 2.854302630897144e-24, nan 
125.125, 89.125, 3.1277036870220605e-24, nan 
125.375, 89.125, 3.098933647538892e-24, nan 
125.625, 89.125, 3.0956795460302052e-24, nan 
125.875, 89.125, 2.814643046713314e-24, nan 
126.125, 89.125, 2.665772087058047e-24, nan 
126.375, 89.125, 2.1295757523398514e-24, nan 
126.625, 89.125, 2.5793663728749705e-24, nan 
126.875, 89.125, 3.8277476758143506e-24, nan 
127.125, 89.125, 2.5912497790788295e-24, nan 
127.375, 89.125, 2.4438804162901238e-24, nan 
127.625, 89.125, 2.6219757469988764e-24, nan 
127.875, 89.125, 2.493329313666688e-24, nan 
128.125, 89.125, 3.876802207882905e-24, nan 
128.375, 89.125, 4.20588174053164e-24, nan 
128.625, 89.125, 3.1200579172856298e-24, nan 
128.875, 89.125, 2.623948913316845e-24, nan 
129.125, 89.125, 2.5520792345645706e-24, nan 
129.375, 89.125, 2.226832547113383e-24, nan 
129.625, 89.125, 2.2953381623856536e-24, nan 
129.875, 89.125, 2.2248942373737178e-24, nan 
130.125, 89.125, 2.2857393770419202e-24, nan 
130.375, 89.125, 2.2945192824186647e-24, nan 
130.625, 89.125, 2.338511986658425e-24, nan 
130.875, 89.125, 2.154627234794389e-24, nan 
131.125, 89.125, 2.4264942595557783e-24, nan 
131.375, 89.125, 2.4427383468099874e-24, nan 
131.625, 89.125, 2.724043099623939e-24, nan 
131.875, 89.125, 2.4044407684855888e-24, nan 
132.125, 89.125, 2.558948346043694e-24, nan 
132.375, 89.125, 3.0707483378758558e-24, nan 
132.625, 89.125, 2.558725829866578e-24, nan 
132.875, 89.125, 2.5425283310744072e-24, nan 
133.125, 89.125, 3.066847525951979e-24, nan 
133.375, 89.125, 3.346957735653971e-24, nan 
133.625, 89.125, 3.0282713336710135e-24, nan 
133.875, 89.125, 2.8797529988979423e-24, nan 
134.125, 89.125, 3.1894473970965056e-24, nan 
134.375, 89.125, 2.859471704596855e-24, nan 
134.625, 89.125, 2.914819752013615e-24, nan 
134.875, 89.125, 3.0106390855833267e-24, nan 
135.125, 89.125, 3.1928269743839895e-24, nan 
135.375, 89.125, 3.1199380931841172e-24, nan 
135.625, 89.125, 3.2515378539556325e-24, nan 
135.875, 89.125, 3.0321287616690017e-24, nan 
136.125, 89.125, 3.1509873434534084e-24, nan 
136.375, 89.125, 3.088071045165431e-24, nan 
136.625, 89.125, 3.110626302392516e-24, nan 
136.875, 89.125, 2.9342143716308183e-24, nan 
137.125, 89.125, 2.7376918872051428e-24, nan 
137.375, 89.125, 3.2947229902208556e-24, nan 
137.625, 89.125, 2.8733653189678307e-24, nan 
137.875, 89.125, 2.8502279744924824e-24, nan 
138.125, 89.125, 2.9532015844359048e-24, nan 
138.375, 89.125, 3.291165646241803e-24, nan 
138.625, 89.125, 3.488120244859013e-24, nan 
138.875, 89.125, 2.5715453044041254e-24, nan 
139.125, 89.125, 2.8871830975650566e-24, nan 
139.375, 89.125, 2.570472026481776e-24, nan 
139.625, 89.125, 2.9000934688459984e-24, nan 
139.875, 89.125, 2.912746090215207e-24, nan 
140.125, 89.125, 2.9971737765156313e-24, nan 
140.375, 89.125, 2.8397324017101564e-24, nan 
140.625, 89.125, 3.290938382410859e-24, nan 
140.875, 89.125, 2.9239791739481557e-24, nan 
141.125, 89.125, 3.348821691633229e-24, nan 
141.375, 89.125, 3.102915470577567e-24, nan 
141.625, 89.125, 3.1605925863652e-24, nan 
141.875, 89.125, 3.1265699077779963e-24, nan 
142.125, 89.125, 3.1339773182171927e-24, nan 
142.375, 89.125, 2.9066821967212413e-24, nan 
142.625, 89.125, 2.7406565698164765e-24, nan 
142.875, 89.125, 3.0839139622006662e-24, nan 
143.125, 89.125, 2.9613555749401906e-24, nan 
143.375, 89.125, 3.421337284706118e-24, nan 
143.625, 89.125, 3.001133273775557e-24, nan 
143.875, 89.125, 3.1128882150372112e-24, nan 
144.125, 89.125, 3.018768424926557e-24, nan 
144.375, 89.125, 3.021089792490076e-24, nan 
144.625, 89.125, 2.898760885832918e-24, nan 
144.875, 89.125, 2.95466461391966e-24, nan 
145.125, 89.125, 2.92068037962826e-24, nan 
145.375, 89.125, 3.030879539414094e-24, nan 
145.625, 89.125, 2.4943381570307725e-24, nan 
145.875, 89.125, 2.956376591233797e-24, nan 
146.125, 89.125, 2.6756544373545297e-24, nan 
146.375, 89.125, 2.9607109197106402e-24, nan 
146.625, 89.125, 2.956728107812554e-24, nan 
146.875, 89.125, 3.35745469062796e-24, nan 
147.125, 89.125, 2.6030207588503835e-24, nan 
147.375, 89.125, 3.445431636628013e-24, nan 
147.625, 89.125, 2.5970280561398474e-24, nan 
147.875, 89.125, 3.0002860482027514e-24, nan 
148.125, 89.125, 2.7268155711324574e-24, nan 
148.375, 89.125, 2.8277264946819567e-24, nan 
148.625, 89.125, 2.6576859147811455e-24, nan 
148.875, 89.125, 2.694272773391657e-24, nan 
149.125, 89.125, 2.8982982783896922e-24, nan 
149.375, 89.125, 2.058650286299824e-24, nan 
149.625, 89.125, 2.217776277267197e-24, nan 
149.875, 89.125, 1.7922567911951836e-24, nan 
150.125, 89.125, 2.5386827751315392e-24, nan 
150.375, 89.125, 2.0415243671122692e-24, nan 
150.625, 89.125, 2.5568523651741748e-24, nan 
150.875, 89.125, 2.205511400170868e-24, nan 
151.125, 89.125, 2.162775433434496e-24, nan 
151.375, 89.125, 2.2232579887695435e-24, nan 
151.625, 89.125, 2.0818082249491636e-24, nan 
151.875, 89.125, 2.6136019458322895e-24, nan 
152.125, 89.125, 2.6104505730400166e-24, nan 
152.375, 89.125, 2.077999095581218e-24, nan 
152.625, 89.125, 2.4149005546653785e-24, nan 
152.875, 89.125, 1.851019298825919e-24, nan 
153.125, 89.125, 2.7894066389155297e-24, nan 
153.375, 89.125, 2.5978295608631633e-24, nan 
153.625, 89.125, 2.2970174138072866e-24, nan 
153.875, 89.125, 2.8968620245794987e-24, nan 
154.125, 89.125, 2.2447270328354755e-24, nan 
154.375, 89.125, 2.666946065359273e-24, nan 
154.625, 89.125, 2.7990315152023642e-24, nan 
154.875, 89.125, 2.6461363848369547e-24, nan 
155.125, 89.125, 2.3831551349694077e-24, nan 
155.375, 89.125, 3.746969392013968e-24, nan 
155.625, 89.125, 3.5570524680923286e-24, nan 
155.875, 89.125, 3.1036386393345047e-24, nan 
156.125, 89.125, 2.868694652702107e-24, nan 
156.375, 89.125, 3.618973666954171e-24, nan 
156.625, 89.125, 4.268640469431107e-24, nan 
156.875, 89.125, 4.758985035415692e-24, nan 
157.125, 89.125, 3.454062716419795e-24, nan 
157.375, 89.125, 3.984756384376056e-24, nan 
157.625, 89.125, 4.033101021414224e-24, nan 
157.875, 89.125, 3.581463190366059e-24, nan 
158.125, 89.125, 3.845954762353089e-24, nan 
158.375, 89.125, 3.756738208533119e-24, nan 
158.625, 89.125, 3.519789664751816e-24, nan 
158.875, 89.125, 4.0358940912879e-24, nan 
159.125, 89.125, 4.085520838599284e-24, nan 
159.375, 89.125, 3.668643079682957e-24, nan 
159.625, 89.125, 4.1023449935113805e-24, nan 
159.875, 89.125, 4.072502406450775e-24, nan 
160.125, 89.125, 4.092489739664607e-24, nan 
160.375, 89.125, 4.0861568477525845e-24, nan 
160.625, 89.125, 3.7668791996952115e-24, nan 
160.875, 89.125, 4.111646608394957e-24, nan 
161.125, 89.125, 4.3667363132140186e-24, nan 
161.375, 89.125, 4.466681535191241e-24, nan 
161.625, 89.125, 4.625481736052468e-24, nan 
161.875, 89.125, 5.120993955324345e-24, nan 
162.125, 89.125, 5.255296434585359e-24, nan 
162.375, 89.125, 5.598201410511855e-24, nan 
162.625, 89.125, 6.2764425817235365e-24, nan 
162.875, 89.125, 6.853048844546657e-24, nan 
163.125, 89.125, 7.419646521938523e-24, nan 
163.375, 89.125, 8.009234505564891e-24, nan 
163.625, 89.125, 8.425133784635857e-24, nan 
163.875, 89.125, 3.436834030908028e-24, nan 
164.125, 89.125, 3.354244426209108e-24, nan 
164.375, 89.125, 2.8282350118130716e-24, nan 
164.625, 89.125, 3.4946700365379055e-24, nan 
164.875, 89.125, 3.521286498367546e-24, nan 
165.125, 89.125, 3.5627253008806875e-24, nan 
165.375, 89.125, 3.948913657390927e-24, nan 
165.625, 89.125, 4.0193756690121326e-24, nan 
165.875, 89.125, 3.76991513587466e-24, nan 
166.125, 89.125, 3.6280015009889665e-24, nan 
166.375, 89.125, 3.785465557094705e-24, nan 
166.625, 89.125, 3.450084048478559e-24, nan 
166.875, 89.125, 3.9514642875622404e-24, nan 
167.125, 89.125, 3.989947918449672e-24, nan 
167.375, 89.125, 4.004838669142029e-24, nan 
167.625, 89.125, 4.1483932599216825e-24, nan 
167.875, 89.125, 4.101918332140108e-24, nan 
168.125, 89.125, 4.2639802237184276e-24, nan 
168.375, 89.125, 4.766149608223823e-24, nan 
168.625, 89.125, 4.265574475844533e-24, nan 
168.875, 89.125, 4.454447311084509e-24, nan 
169.125, 89.125, 4.341819800866843e-24, nan 
169.375, 89.125, 4.442616819997795e-24, nan 
169.625, 89.125, 4.540133570022099e-24, nan 
169.875, 89.125, 4.663639422086992e-24, nan 
170.125, 89.125, 4.636839038814595e-24, nan 
170.375, 89.125, 4.673943843046749e-24, nan 
170.625, 89.125, 4.559169929290884e-24, nan 
170.875, 89.125, 4.498170281191324e-24, nan 
171.125, 89.125, 4.355785453231396e-24, nan 
171.375, 89.125, 4.347913417634823e-24, nan 
171.625, 89.125, 4.831145978668373e-24, nan 
171.875, 89.125, 4.742065439870552e-24, nan 
172.125, 89.125, 5.25077149949552e-24, nan 
172.375, 89.125, 5.592855259372087e-24, nan 
172.625, 89.125, 5.395272970103196e-24, nan 
172.875, 89.125, 6.519579673225202e-24, nan 
173.125, 89.125, 7.519853605545406e-24, nan 
173.375, 89.125, 5.267076489452046e-24, nan 
173.625, 89.125, 5.594803515248408e-24, nan 
173.875, 89.125, 5.5843339375146686e-24, nan 
174.125, 89.125, 5.794695533121858e-24, nan 
174.375, 89.125, 5.732268243053184e-24, nan 
174.625, 89.125, 5.772274700601371e-24, nan 
174.875, 89.125, 5.718331909771786e-24, nan 
175.125, 89.125, 6.045529229247272e-24, nan 
175.375, 89.125, 5.701029283126664e-24, nan 
175.625, 89.125, 5.839848884988685e-24, nan 
175.875, 89.125, 5.822220162777568e-24, nan 
176.125, 89.125, 5.925359452702468e-24, nan 
176.375, 89.125, 6.000924209211857e-24, nan 
176.625, 89.125, 6.0013334858502715e-24, nan 
176.875, 89.125, 6.3576966491399546e-24, nan 
177.125, 89.125, 6.33315424791978e-24, nan 
177.375, 89.125, 6.573705157495708e-24, nan 
177.625, 89.125, 6.987646748553918e-24, nan 
177.875, 89.125, 7.392224581146156e-24, nan 
178.125, 89.125, 7.892682666363164e-24, nan 
178.375, 89.125, 8.531869418476053e-24, nan 
178.625, 89.125, 9.325989137886603e-24, nan 
178.875, 89.125, 1.0214559321642136e-23, nan 
179.125, 89.125, 1.1537690214404731e-23, nan 
179.375, 89.125, 1.2409517664450512e-23, nan 
179.625, 89.125, 1.3286939759799146e-23, nan 
179.875, 89.125, 1.398767748186952e-23, nan 
-179.875, 89.375, 6.978190631009357e-24, nan 
-179.625, 89.375, 6.917717234895853e-24, nan 
-179.375, 89.375, 4.599922564211739e-24, nan 
-179.125, 89.375, 3.468732857850519e-24, nan 
-178.875, 89.375, 3.3075770819441454e-24, nan 
-178.625, 89.375, 3.0885714875779023e-24, nan 
-178.375, 89.375, 3.084860582669422e-24, nan 
-178.125, 89.375, 3.203638927792326e-24, nan 
-177.875, 89.375, 3.0501112173754205e-24, nan 
-177.625, 89.375, 3.2590272338225167e-24, nan 
-177.375, 89.375, 3.2050224892531406e-24, nan 
-177.125, 89.375, 3.3543638369485486e-24, nan 
-176.875, 89.375, 3.276230008270797e-24, nan 
-176.625, 89.375, 3.357411845737417e-24, nan 
-176.375, 89.375, 3.1432703675031953e-24, nan 
-176.125, 89.375, 3.1905221819734178e-24, nan 
-175.875, 89.375, 3.338112339774634e-24, nan 
-175.625, 89.375, 2.450053682006153e-24, nan 
-175.375, 89.375, 9.852466201055923e-25, nan 
-175.125, 89.375, 2.058545208673308e-24, nan 
-174.875, 89.375, 3.0971120294982088e-24, nan 
-174.625, 89.375, 3.357510017687605e-24, nan 
-174.375, 89.375, 3.501140910253403e-24, nan 
-174.125, 89.375, 3.4837006004632154e-24, nan 
-173.875, 89.375, 2.6461359888859344e-24, nan 
-173.625, 89.375, 1.2927033542745174e-24, nan 
-173.375, 89.375, 9.638340518452412e-25, nan 
-173.125, 89.375, 1.805717127165207e-24, nan 
-172.875, 89.375, 1.354044854814409e-24, nan 
-172.625, 89.375, 8.353972843897557e-25, nan 
-172.375, 89.375, 8.094280237354969e-25, nan 
-172.125, 89.375, 8.955887238310474e-25, nan 
-171.875, 89.375, 1.471472725883576e-24, nan 
-171.625, 89.375, 1.0092513263284032e-24, nan 
-171.375, 89.375, 1.8108689867634324e-24, nan 
-171.125, 89.375, 1.1834509784861372e-24, nan 
-170.875, 89.375, 1.2811149384352894e-24, nan 
-170.625, 89.375, 1.8531313986242627e-24, nan 
-170.375, 89.375, 1.1227995954961349e-24, nan 
-170.125, 89.375, 1.2466105625629646e-24, nan 
-169.875, 89.375, 1.0808168874277757e-24, nan 
-169.625, 89.375, 1.1890995153252046e-24, nan 
-169.375, 89.375, 1.168190480913519e-24, nan 
-169.125, 89.375, 1.3279488576858011e-24, nan 
-168.875, 89.375, 1.2067673583114568e-24, nan 
-168.625, 89.375, 1.2818567730675494e-24, nan 
-168.375, 89.375, 1.1524118976079791e-24, nan 
-168.125, 89.375, 1.3983249474563417e-24, nan 
-167.875, 89.375, 1.1469482584944818e-24, nan 
-167.625, 89.375, 1.3184350056629688e-24, nan 
-167.375, 89.375, 1.1929087693113955e-24, nan 
-167.125, 89.375, 1.3897334817388847e-24, nan 
-166.875, 89.375, 1.6401867506726776e-24, nan 
-166.625, 89.375, 1.684335801810949e-24, nan 
-166.375, 89.375, 1.516750862407364e-24, nan 
-166.125, 89.375, 1.5847308148514991e-24, nan 
-165.875, 89.375, 1.5034435455410497e-24, nan 
-165.625, 89.375, 7.633910824316286e-25, nan 
-165.375, 89.375, 1.1504811870453011e-24, nan 
-165.125, 89.375, 1.822889723942521e-24, nan 
-164.875, 89.375, 1.7960259235737524e-24, nan 
-164.625, 89.375, 1.0075838543976044e-24, nan 
-164.375, 89.375, 1.5906531333083689e-24, nan 
-164.125, 89.375, 1.843717424316195e-24, nan 
-163.875, 89.375, 2.11639998476e-24, nan 
-163.625, 89.375, 1.5890461013703316e-24, nan 
-163.375, 89.375, 1.8055842629550186e-24, nan 
-163.125, 89.375, 1.7965046115439018e-24, nan 
-162.875, 89.375, 1.8101527624769592e-24, nan 
-162.625, 89.375, 1.6731553921320572e-24, nan 
-162.375, 89.375, 1.7979440337380414e-24, nan 
-162.125, 89.375, 1.721052246975706e-24, nan 
-161.875, 89.375, 1.962401596834164e-24, nan 
-161.625, 89.375, 1.8632888260240222e-24, nan 
-161.375, 89.375, 1.9420171479258874e-24, nan 
-161.125, 89.375, 2.108001081234905e-24, nan 
-160.875, 89.375, 1.9708027795668327e-24, nan 
-160.625, 89.375, 1.9140967491885972e-24, nan 
-160.375, 89.375, 1.9952249954679765e-24, nan 
-160.125, 89.375, 1.925167943928741e-24, nan 
-159.875, 89.375, 2.2639851179315013e-24, nan 
-159.625, 89.375, 2.090022580423091e-24, nan 
-159.375, 89.375, 2.1772571461295357e-24, nan 
-159.125, 89.375, 2.1197039092484288e-24, nan 
-158.875, 89.375, 2.2283180179885702e-24, nan 
-158.625, 89.375, 2.3623543750141107e-24, nan 
-158.375, 89.375, 2.2939199564891463e-24, nan 
-158.125, 89.375, 2.2303213300457246e-24, nan 
-157.875, 89.375, 2.4049985419160465e-24, nan 
-157.625, 89.375, 2.4579657455347724e-24, nan 
-157.375, 89.375, 2.4421893895251333e-24, nan 
-157.125, 89.375, 2.444959676707809e-24, nan 
-156.875, 89.375, 2.3252716499465135e-24, nan 
-156.625, 89.375, 2.332372555397615e-24, nan 
-156.375, 89.375, 2.3507763696565987e-24, nan 
-156.125, 89.375, 2.3015837531462448e-24, nan 
-155.875, 89.375, 2.474152390448448e-24, nan 
-155.625, 89.375, 2.3675063479673766e-24, nan 
-155.375, 89.375, 2.3808478855114765e-24, nan 
-155.125, 89.375, 2.3512444913365174e-24, nan 
-154.875, 89.375, 2.543815977720562e-24, nan 
-154.625, 89.375, 2.4262759237387317e-24, nan 
-154.375, 89.375, 2.7642935471280482e-24, nan 
-154.125, 89.375, 2.4561743707673822e-24, nan 
-153.875, 89.375, 2.506108581230597e-24, nan 
-153.625, 89.375, 2.3984741784276444e-24, nan 
-153.375, 89.375, 2.464420478461653e-24, nan 
-153.125, 89.375, 2.4539637974459286e-24, nan 
-152.875, 89.375, 2.8370964626579915e-24, nan 
-152.625, 89.375, 2.374994111000185e-24, nan 
-152.375, 89.375, 2.408333648433422e-24, nan 
-152.125, 89.375, 2.258314138675134e-24, nan 
-151.875, 89.375, 2.4258992952088914e-24, nan 
-151.625, 89.375, 2.808600894964711e-24, nan 
-151.375, 89.375, 2.818542527875422e-24, nan 
-151.125, 89.375, 2.746878688806916e-24, nan 
-150.875, 89.375, 2.8295553994687554e-24, nan 
-150.625, 89.375, 2.702400825618804e-24, nan 
-150.375, 89.375, 2.65343366373357e-24, nan 
-150.125, 89.375, 2.5288997817546985e-24, nan 
-149.875, 89.375, 2.369808157018291e-24, nan 
-149.625, 89.375, 2.099704522610108e-24, nan 
-149.375, 89.375, 9.44886074106168e-25, nan 
-149.125, 89.375, 1.775345394742174e-24, nan 
-148.875, 89.375, 1.7178552678324268e-24, nan 
-148.625, 89.375, 2.4658173398486387e-24, nan 
-148.375, 89.375, 2.573554806154512e-24, nan 
-148.125, 89.375, 1.9339657194085124e-24, nan 
-147.875, 89.375, 1.6747321160945096e-24, nan 
-147.625, 89.375, 1.6604951165369503e-24, nan 
-147.375, 89.375, 1.532601550452691e-24, nan 
-147.125, 89.375, 1.4190102416458908e-24, nan 
-146.875, 89.375, 1.4327968000796589e-24, nan 
-146.625, 89.375, 1.3280012406196547e-24, nan 
-146.375, 89.375, 1.2271328495123496e-24, nan 
-146.125, 89.375, 1.2547145148160416e-24, nan 
-145.875, 89.375, 1.1800997518363308e-24, nan 
-145.625, 89.375, 1.1151363245538811e-24, nan 
-145.375, 89.375, 1.3103099881484922e-24, nan 
-145.125, 89.375, 1.0244019217314818e-24, nan 
-144.875, 89.375, 1.1361976249333745e-24, nan 
-144.625, 89.375, 1.0988871074247357e-24, nan 
-144.375, 89.375, 9.300433415894427e-25, nan 
-144.125, 89.375, 9.065871727220035e-25, nan 
-143.875, 89.375, 9.487129468065073e-25, nan 
-143.625, 89.375, 7.616245741273491e-25, nan 
-143.375, 89.375, 9.478729208487265e-25, nan 
-143.125, 89.375, 9.477904557745111e-25, nan 
-142.875, 89.375, 9.584234579504725e-25, nan 
-142.625, 89.375, 7.650394041054677e-25, nan 
-142.375, 89.375, 1.6575796738403985e-24, nan 
-142.125, 89.375, 9.589154983539834e-25, nan 
-141.875, 89.375, 9.889173125966451e-25, nan 
-141.625, 89.375, 9.293772322543055e-25, nan 
-141.375, 89.375, 7.096434052132253e-25, nan 
-141.125, 89.375, 7.266823876475975e-25, nan 
-140.875, 89.375, 1.0002885930808833e-24, nan 
-140.625, 89.375, 7.445244310173623e-25, nan 
-140.375, 89.375, 1.2634930263228628e-24, nan 
-140.125, 89.375, 8.083640034822968e-25, nan 
-139.875, 89.375, 1.3747033608498649e-24, nan 
-139.625, 89.375, 8.347968783855016e-25, nan 
-139.375, 89.375, 1.048183840499279e-24, nan 
-139.125, 89.375, 9.202997883900084e-25, nan 
-138.875, 89.375, 8.071473554745134e-25, nan 
-138.625, 89.375, 7.496084634352051e-25, nan 
-138.375, 89.375, 7.437428147474558e-25, nan 
-138.125, 89.375, 1.0223889759048515e-24, nan 
-137.875, 89.375, 7.455364514058567e-25, nan 
-137.625, 89.375, 7.507916216090936e-25, nan 
-137.375, 89.375, 8.536687386149836e-25, nan 
-137.125, 89.375, 8.998669901411033e-25, nan 
-136.875, 89.375, 1.0546382424241443e-24, nan 
-136.625, 89.375, 8.798461643772297e-25, nan 
-136.375, 89.375, 9.677956139514365e-25, nan 
-136.125, 89.375, 8.16154612588018e-25, nan 
-135.875, 89.375, 9.668433749995263e-25, nan 
-135.625, 89.375, 1.1273214577779192e-24, nan 
-135.375, 89.375, 9.870973239638834e-25, nan 
-135.125, 89.375, 1.2427100992746935e-24, nan 
-134.875, 89.375, 9.607495454172552e-25, nan 
-134.625, 89.375, 8.392543196479412e-25, nan 
-134.375, 89.375, 1.1057077699300518e-24, nan 
-134.125, 89.375, 8.999371190510151e-25, nan 
-133.875, 89.375, 1.3077675104283707e-24, nan 
-133.625, 89.375, 9.83551080545353e-25, nan 
-133.375, 89.375, 1.1246305692115738e-24, nan 
-133.125, 89.375, 9.282706574963518e-25, nan 
-132.875, 89.375, 1.050336037039267e-24, nan 
-132.625, 89.375, 1.0339554709343573e-24, nan 
-132.375, 89.375, 1.6251266754252725e-24, nan 
-132.125, 89.375, 1.5283001985452429e-24, nan 
-131.875, 89.375, 1.2368209417980986e-24, nan 
-131.625, 89.375, 1.0654139022179775e-24, nan 
-131.375, 89.375, 9.082738799939953e-25, nan 
-131.125, 89.375, 7.551830066989878e-25, nan 
-130.875, 89.375, 8.387678930801284e-25, nan 
-130.625, 89.375, 7.597250839093935e-25, nan 
-130.375, 89.375, 9.94068528081403e-25, nan 
-130.125, 89.375, 9.877516866462733e-25, nan 
-129.875, 89.375, 1.0710765019219081e-24, nan 
-129.625, 89.375, 1.0994639163141915e-24, nan 
-129.375, 89.375, 1.2795350384302871e-24, nan 
-129.125, 89.375, 1.1683753966356869e-24, nan 
-128.875, 89.375, 1.0786022778023751e-24, nan 
-128.625, 89.375, 1.0932578467842328e-24, nan 
-128.375, 89.375, 1.0932666699679138e-24, nan 
-128.125, 89.375, 1.1596929354954105e-24, nan 
-127.875, 89.375, 1.1908110652914543e-24, nan 
-127.625, 89.375, 1.2891951531879708e-24, nan 
-127.375, 89.375, 1.3207551327735583e-24, nan 
-127.125, 89.375, 1.3728872786716229e-24, nan 
-126.875, 89.375, 1.2516281572138695e-24, nan 
-126.625, 89.375, 1.2500047772576218e-24, nan 
-126.375, 89.375, 1.146580597402835e-24, nan 
-126.125, 89.375, 1.2013049183540486e-24, nan 
-125.875, 89.375, 1.3565855053682797e-24, nan 
-125.625, 89.375, 1.2773885817931509e-24, nan 
-125.375, 89.375, 1.3259870720561496e-24, nan 
-125.125, 89.375, 1.3270891043743352e-24, nan 
-124.875, 89.375, 1.179600437624458e-24, nan 
-124.625, 89.375, 1.361213118610611e-24, nan 
-124.375, 89.375, 1.2487485268299519e-24, nan 
-124.125, 89.375, 1.3923249425178426e-24, nan 
-123.875, 89.375, 1.3570785623856436e-24, nan 
-123.625, 89.375, 9.200667835586857e-25, nan 
-123.375, 89.375, 7.456552517942767e-25, nan 
-123.125, 89.375, 7.352175581341968e-25, nan 
-122.875, 89.375, 8.09398423877216e-25, nan 
-122.625, 89.375, 1.0360607650282888e-24, nan 
-122.375, 89.375, 8.151692309821066e-25, nan 
-122.125, 89.375, 9.802699735425244e-25, nan 
-121.875, 89.375, 1.2211195431943246e-24, nan 
-121.625, 89.375, 9.821465971313998e-25, nan 
-121.375, 89.375, 8.552190054452136e-25, nan 
-121.125, 89.375, 9.25031330089514e-25, nan 
-120.875, 89.375, 8.728875493737794e-25, nan 
-120.625, 89.375, 9.741443055276501e-25, nan 
-120.375, 89.375, 6.564980271622085e-25, nan 
-120.125, 89.375, 9.768629316105133e-25, nan 
-119.875, 89.375, 7.548335349547049e-25, nan 
-119.625, 89.375, 1.0546565081376872e-24, nan 
-119.375, 89.375, 7.451036172955075e-25, nan 
-119.125, 89.375, 6.610911195110109e-25, nan 
-118.875, 89.375, 5.295926294159641e-25, nan 
-118.625, 89.375, 5.83070870728141e-25, nan 
-118.375, 89.375, 5.190088225678396e-25, nan 
-118.125, 89.375, 6.234516597148773e-25, nan 
-117.875, 89.375, 4.3448149770177665e-25, nan 
-117.625, 89.375, 9.314213633435864e-25, nan 
-117.375, 89.375, 5.631186573125998e-25, nan 
-117.125, 89.375, 9.141001822030591e-25, nan 
-116.875, 89.375, 5.127998500335204e-25, nan 
-116.625, 89.375, 7.221210314648159e-25, nan 
-116.375, 89.375, 3.2841955461156147e-25, nan 
-116.125, 89.375, 6.307404862977689e-25, nan 
-115.875, 89.375, 4.323792919757995e-25, nan 
-115.625, 89.375, 5.203479382868905e-25, nan 
-115.375, 89.375, 4.7211449754473275e-25, nan 
-115.125, 89.375, 5.20797328800369e-25, nan 
-114.875, 89.375, 4.071159868481509e-25, nan 
-114.625, 89.375, 6.030183990625054e-25, nan 
-114.375, 89.375, 4.331548896211161e-25, nan 
-114.125, 89.375, 4.941293983594355e-25, nan 
-113.875, 89.375, 6.305430591392768e-25, nan 
-113.625, 89.375, 3.666757181004866e-25, nan 
-113.375, 89.375, 5.055701834100801e-25, nan 
-113.125, 89.375, 4.86748043859242e-25, nan 
-112.875, 89.375, 5.704279984969425e-25, nan 
-112.625, 89.375, 5.014280640576517e-25, nan 
-112.375, 89.375, 5.507776361266514e-25, nan 
-112.125, 89.375, 3.6282583555361384e-25, nan 
-111.875, 89.375, 6.060724874353008e-25, nan 
-111.625, 89.375, 2.0447168516886423e-25, nan 
-111.375, 89.375, 6.5649577070892e-25, nan 
-111.125, 89.375, 5.609805877882195e-25, nan 
-110.875, 89.375, 5.910226159392488e-25, nan 
-110.625, 89.375, 4.544581058545824e-25, nan 
-110.375, 89.375, 4.848633171130276e-25, nan 
-110.125, 89.375, 2.376035617878857e-25, nan 
-109.875, 89.375, 2.530782140261878e-25, nan 
-109.625, 89.375, 5.919060053840587e-25, nan 
-109.375, 89.375, 3.455945558807877e-25, nan 
-109.125, 89.375, 5.4588743810358755e-25, nan 
-108.875, 89.375, 3.0581811877856955e-25, nan 
-108.625, 89.375, 4.48693832280906e-25, nan 
-108.375, 89.375, 4.0252318010667596e-25, nan 
-108.125, 89.375, 4.072122847262403e-25, nan 
-107.875, 89.375, 6.278272116331211e-25, nan 
-107.625, 89.375, 6.947315527824855e-25, nan 
-107.375, 89.375, 6.411876686796059e-25, nan 
-107.125, 89.375, 6.488329533743758e-25, nan 
-106.875, 89.375, 6.4826577053102935e-25, nan 
-106.625, 89.375, 3.876139151559532e-25, nan 
-106.375, 89.375, 3.7035658464314264e-25, nan 
-106.125, 89.375, 3.06460327529663e-25, nan 
-105.875, 89.375, 3.412159067771969e-25, nan 
-105.625, 89.375, 3.7450559219246435e-25, nan 
-105.375, 89.375, 4.332042980391065e-25, nan 
-105.125, 89.375, 3.868431493271406e-25, nan 
-104.875, 89.375, 3.3388478163095845e-25, nan 
-104.625, 89.375, 4.72392598125324e-25, nan 
-104.375, 89.375, 2.1709427886441194e-25, nan 
-104.125, 89.375, 3.4025679718634237e-25, nan 
-103.875, 89.375, 2.2938441301012553e-25, nan 
-103.625, 89.375, 2.9499406424619914e-25, nan 
-103.375, 89.375, 2.840983596788674e-25, nan 
-103.125, 89.375, 2.368056519728619e-25, nan 
-102.875, 89.375, 4.0528183863493727e-25, nan 
-102.625, 89.375, 2.1211031871924206e-25, nan 
-102.375, 89.375, 4.186747594511819e-25, nan 
-102.125, 89.375, 4.0853521555414958e-25, nan 
-101.875, 89.375, 4.144350953290388e-25, nan 
-101.625, 89.375, 3.5676483399262075e-25, nan 
-101.375, 89.375, 3.9820960579431964e-25, nan 
-101.125, 89.375, 4.315596888982271e-25, nan 
-100.875, 89.375, 5.309399747548767e-25, nan 
-100.625, 89.375, 3.299887573093662e-25, nan 
-100.375, 89.375, 4.22532783667751e-25, nan 
-100.125, 89.375, 2.918739363463714e-25, nan 
-99.875, 89.375, 3.957542284028048e-25, nan 
-99.625, 89.375, 3.9463815649564575e-25, nan 
-99.375, 89.375, 3.361432331256281e-25, nan 
-99.125, 89.375, 2.0327331978327754e-25, nan 
-98.875, 89.375, 1.6892520867285906e-25, nan 
-98.625, 89.375, 9.686402493134331e-26, nan 
-98.375, 89.375, 1.308959316420559e-25, nan 
-98.125, 89.375, 1.731700710231242e-25, nan 
-97.875, 89.375, 1.1730497199373517e-25, nan 
-97.625, 89.375, 1.603014194619998e-25, nan 
-97.375, 89.375, 1.6587970899935982e-25, nan 
-97.125, 89.375, 2.395733529058411e-25, nan 
-96.875, 89.375, 1.9362975912662438e-25, nan 
-96.625, 89.375, 2.5859801102822594e-25, nan 
-96.375, 89.375, 2.779631092373965e-25, nan 
-96.125, 89.375, 3.724870238442565e-25, nan 
-95.875, 89.375, 3.689244419057221e-25, nan 
-95.625, 89.375, 7.592937017234428e-25, nan 
-95.375, 89.375, 7.645362282740928e-25, nan 
-95.125, 89.375, 7.710186272381881e-25, nan 
-94.875, 89.375, 7.617597701668383e-25, nan 
-94.625, 89.375, 7.707009119008968e-25, nan 
-94.375, 89.375, 5.8796807158366135e-25, nan 
-94.125, 89.375, 7.6710166893249015e-25, nan 
-93.875, 89.375, 6.616217812050804e-25, nan 
-93.625, 89.375, 6.927036830231028e-25, nan 
-93.375, 89.375, 7.290432330791032e-25, nan 
-93.125, 89.375, 6.741175919083906e-25, nan 
-92.875, 89.375, 5.466554246339646e-25, nan 
-92.625, 89.375, 6.49400086078274e-25, nan 
-92.375, 89.375, 5.6449590006613925e-25, nan 
-92.125, 89.375, 6.426511835227538e-25, nan 
-91.875, 89.375, 5.414616050006969e-25, nan 
-91.625, 89.375, 5.826187381233029e-25, nan 
-91.375, 89.375, 5.492015080143082e-25, nan 
-91.125, 89.375, 6.297206914880744e-25, nan 
-90.875, 89.375, 6.30433999273245e-25, nan 
-90.625, 89.375, 6.753538312818542e-25, nan 
-90.375, 89.375, 7.961428794736773e-25, nan 
-90.125, 89.375, 7.825890720210112e-25, nan 
-89.875, 89.375, 8.976221910703955e-25, nan 
-89.625, 89.375, 8.031818629473735e-25, nan 
-89.375, 89.375, 6.276555586256167e-25, nan 
-89.125, 89.375, 7.832301025412249e-25, nan 
-88.875, 89.375, 6.176652774794268e-25, nan 
-88.625, 89.375, 9.374061281963336e-25, nan 
-88.375, 89.375, 6.742917834813092e-25, nan 
-88.125, 89.375, 7.5791545242069845e-25, nan 
-87.875, 89.375, 4.25051299932892e-25, nan 
-87.625, 89.375, 8.09240830337983e-25, nan 
-87.375, 89.375, 7.99674997066748e-25, nan 
-87.125, 89.375, 5.818516480657909e-25, nan 
-86.875, 89.375, 8.95152379373994e-25, nan 
-86.625, 89.375, 7.940617980794535e-25, nan 
-86.375, 89.375, 9.044963018530016e-25, nan 
-86.125, 89.375, 6.01692688447755e-25, nan 
-85.875, 89.375, 8.5826870477306e-25, nan 
-85.625, 89.375, 8.205908263389234e-25, nan 
-85.375, 89.375, 7.365870755127118e-25, nan 
-85.125, 89.375, 7.55847733936062e-25, nan 
-84.875, 89.375, 1.0547916742972202e-24, nan 
-84.625, 89.375, 6.818229074871746e-25, nan 
-84.375, 89.375, 1.0816544321218614e-24, nan 
-84.125, 89.375, 8.224356367169076e-25, nan 
-83.875, 89.375, 1.0351168883971258e-24, nan 
-83.625, 89.375, 7.284885220014457e-25, nan 
-83.375, 89.375, 1.060116756017959e-24, nan 
-83.125, 89.375, 8.313703515348067e-25, nan 
-82.875, 89.375, 8.714895239832433e-25, nan 
-82.625, 89.375, 1.066145132877072e-24, nan 
-82.375, 89.375, 1.092578598844866e-24, nan 
-82.125, 89.375, 9.66468783966067e-25, nan 
-81.875, 89.375, 1.034202262013278e-24, nan 
-81.625, 89.375, 1.0032858441011421e-24, nan 
-81.375, 89.375, 8.896760801300041e-25, nan 
-81.125, 89.375, 9.07660776718063e-25, nan 
-80.875, 89.375, 1.062352981745266e-24, nan 
-80.625, 89.375, 8.742798106470467e-25, nan 
-80.375, 89.375, 9.911414561770917e-25, nan 
-80.125, 89.375, 9.719124920217658e-25, nan 
-79.875, 89.375, 6.366964584934818e-25, nan 
-79.625, 89.375, 1.010540871082659e-24, nan 
-79.375, 89.375, 1.0225904936222425e-24, nan 
-79.125, 89.375, 1.0619343771962047e-24, nan 
-78.875, 89.375, 1.0190376529063828e-24, nan 
-78.625, 89.375, 1.0747089883175923e-24, nan 
-78.375, 89.375, 9.742152461038573e-25, nan 
-78.125, 89.375, 1.0314086148127296e-24, nan 
-77.875, 89.375, 8.003478222799118e-25, nan 
-77.625, 89.375, 1.1851160602480828e-24, nan 
-77.375, 89.375, 7.934367819461686e-25, nan 
-77.125, 89.375, 1.1046814201328514e-24, nan 
-76.875, 89.375, 9.91203501177212e-25, nan 
-76.625, 89.375, 8.03747626118744e-25, nan 
-76.375, 89.375, 1.1894340050192897e-24, nan 
-76.125, 89.375, 1.26373900648375e-24, nan 
-75.875, 89.375, 9.363992903099029e-25, nan 
-75.625, 89.375, 1.2678061599699484e-24, nan 
-75.375, 89.375, 9.775610820967902e-25, nan 
-75.125, 89.375, 1.3457140800761591e-24, nan 
-74.875, 89.375, 1.2121452334696302e-24, nan 
-74.625, 89.375, 1.364543857085041e-24, nan 
-74.375, 89.375, 1.3565600166187767e-24, nan 
-74.125, 89.375, 1.4822155556347981e-24, nan 
-73.875, 89.375, 1.4350255818853134e-24, nan 
-73.625, 89.375, 1.5207572879665776e-24, nan 
-73.375, 89.375, 1.5387536378802715e-24, nan 
-73.125, 89.375, 1.6863173611535246e-24, nan 
-72.875, 89.375, 1.31797754137908e-24, nan 
-72.625, 89.375, 1.5259115606611181e-24, nan 
-72.375, 89.375, 1.4649126880744442e-24, nan 
-72.125, 89.375, 1.7891364252536133e-24, nan 
-71.875, 89.375, 1.4829220375465634e-24, nan 
-71.625, 89.375, 1.351606289208939e-24, nan 
-71.375, 89.375, 1.356493274666309e-24, nan 
-71.125, 89.375, 1.891730894396248e-24, nan 
-70.875, 89.375, 1.6405247463246517e-24, nan 
-70.625, 89.375, 1.4130842145775884e-24, nan 
-70.375, 89.375, 1.3013857724171844e-24, nan 
-70.125, 89.375, 1.1752609603887216e-24, nan 
-69.875, 89.375, 1.0640613121788638e-24, nan 
-69.625, 89.375, 9.192595350345165e-25, nan 
-69.375, 89.375, 1.3468977466976824e-24, nan 
-69.125, 89.375, 1.1531472805017683e-24, nan 
-68.875, 89.375, 1.3942331467530706e-24, nan 
-68.625, 89.375, 1.2085766071846855e-24, nan 
-68.375, 89.375, 1.3868770646855581e-24, nan 
-68.125, 89.375, 1.2834848890420088e-24, nan 
-67.875, 89.375, 1.4184242863870463e-24, nan 
-67.625, 89.375, 9.630919541188248e-25, nan 
-67.375, 89.375, 1.2158114404211877e-24, nan 
-67.125, 89.375, 1.7356310323075465e-24, nan 
-66.875, 89.375, 2.0481936143500354e-24, nan 
-66.625, 89.375, 1.4509856411799742e-24, nan 
-66.375, 89.375, 1.3316754229497724e-24, nan 
-66.125, 89.375, 1.513450727869835e-24, nan 
-65.875, 89.375, 1.4476611963271868e-24, nan 
-65.625, 89.375, 1.5791645620749249e-24, nan 
-65.375, 89.375, 1.5325602967127234e-24, nan 
-65.125, 89.375, 1.7760676540231862e-24, nan 
-64.875, 89.375, 1.6171908831278327e-24, nan 
-64.625, 89.375, 1.6876925561587634e-24, nan 
-64.375, 89.375, 1.9988111329468416e-24, nan 
-64.125, 89.375, 1.8316861762494218e-24, nan 
-63.875, 89.375, 1.7985147902301983e-24, nan 
-63.625, 89.375, 1.6278410638999649e-24, nan 
-63.375, 89.375, 1.9748328274973515e-24, nan 
-63.125, 89.375, 1.6762618009680717e-24, nan 
-62.875, 89.375, 1.7609107132548744e-24, nan 
-62.625, 89.375, 2.0115352816570924e-24, nan 
-62.375, 89.375, 1.8087192906600627e-24, nan 
-62.125, 89.375, 1.8656504271988815e-24, nan 
-61.875, 89.375, 1.916214347479165e-24, nan 
-61.625, 89.375, 1.847576598127538e-24, nan 
-61.375, 89.375, 1.85295798280835e-24, nan 
-61.125, 89.375, 1.9548085218758717e-24, nan 
-60.875, 89.375, 2.161317086137111e-24, nan 
-60.625, 89.375, 1.918083952487158e-24, nan 
-60.375, 89.375, 1.8719952733559948e-24, nan 
-60.125, 89.375, 1.9260516975056538e-24, nan 
-59.875, 89.375, 2.1650349508853198e-24, nan 
-59.625, 89.375, 1.8943672270075523e-24, nan 
-59.375, 89.375, 2.0876661349889762e-24, nan 
-59.125, 89.375, 1.9487308824895037e-24, nan 
-58.875, 89.375, 2.0526220672375538e-24, nan 
-58.625, 89.375, 2.0758229910879518e-24, nan 
-58.375, 89.375, 2.0263544345861887e-24, nan 
-58.125, 89.375, 2.0649556810321785e-24, nan 
-57.875, 89.375, 2.024420289731217e-24, nan 
-57.625, 89.375, 2.0543390753993644e-24, nan 
-57.375, 89.375, 2.011931522937557e-24, nan 
-57.125, 89.375, 2.2843327193840872e-24, nan 
-56.875, 89.375, 2.028895001607491e-24, nan 
-56.625, 89.375, 2.0604029350579874e-24, nan 
-56.375, 89.375, 2.0235095563365965e-24, nan 
-56.125, 89.375, 2.1945599918259037e-24, nan 
-55.875, 89.375, 2.326076029121474e-24, nan 
-55.625, 89.375, 2.4236320424835144e-24, nan 
-55.375, 89.375, 2.4961575037075288e-24, nan 
-55.125, 89.375, 2.746060972613763e-24, nan 
-54.875, 89.375, 2.522080886888616e-24, nan 
-54.625, 89.375, 2.7990606113826673e-24, nan 
-54.375, 89.375, 2.5591646141719877e-24, nan 
-54.125, 89.375, 2.5755394299754352e-24, nan 
-53.875, 89.375, 2.7955079738053e-24, nan 
-53.625, 89.375, 2.4376133985287047e-24, nan 
-53.375, 89.375, 2.3622082592779236e-24, nan 
-53.125, 89.375, 2.6454274674165013e-24, nan 
-52.875, 89.375, 2.4396068179483796e-24, nan 
-52.625, 89.375, 2.621242955620962e-24, nan 
-52.375, 89.375, 2.445611146560914e-24, nan 
-52.125, 89.375, 2.4487453918744075e-24, nan 
-51.875, 89.375, 2.4081068573569763e-24, nan 
-51.625, 89.375, 2.40451692415712e-24, nan 
-51.375, 89.375, 2.3921944512225256e-24, nan 
-51.125, 89.375, 2.3468320543726547e-24, nan 
-50.875, 89.375, 2.3886056579254552e-24, nan 
-50.625, 89.375, 2.3041823774495493e-24, nan 
-50.375, 89.375, 2.3199312253226504e-24, nan 
-50.125, 89.375, 2.096871950877924e-24, nan 
-49.875, 89.375, 1.9896751239447492e-24, nan 
-49.625, 89.375, 1.9466006484088404e-24, nan 
-49.375, 89.375, 2.1012402770669848e-24, nan 
-49.125, 89.375, 1.9580268980154138e-24, nan 
-48.875, 89.375, 2.0181116382638073e-24, nan 
-48.625, 89.375, 1.9063501529293875e-24, nan 
-48.375, 89.375, 2.0848583475968815e-24, nan 
-48.125, 89.375, 1.9772848694333027e-24, nan 
-47.875, 89.375, 1.9820327757344684e-24, nan 
-47.625, 89.375, 2.1766549499429207e-24, nan 
-47.375, 89.375, 2.236756569631811e-24, nan 
-47.125, 89.375, 2.4596906975363355e-24, nan 
-46.875, 89.375, 2.534224038991361e-24, nan 
-46.625, 89.375, 2.1481246812890533e-24, nan 
-46.375, 89.375, 2.3713547196947787e-24, nan 
-46.125, 89.375, 2.297138549306863e-24, nan 
-45.875, 89.375, 2.3678434289914667e-24, nan 
-45.625, 89.375, 2.2407405378557483e-24, nan 
-45.375, 89.375, 2.214509378907212e-24, nan 
-45.125, 89.375, 2.110625315420833e-24, nan 
-44.875, 89.375, 2.2574486221109247e-24, nan 
-44.625, 89.375, 2.0264443155549937e-24, nan 
-44.375, 89.375, 2.2430901350840834e-24, nan 
-44.125, 89.375, 2.7674484955355723e-24, nan 
-43.875, 89.375, 1.9536566163825537e-24, nan 
-43.625, 89.375, 1.8498776859255972e-24, nan 
-43.375, 89.375, 2.175688934436606e-24, nan 
-43.125, 89.375, 2.165104262555383e-24, nan 
-42.875, 89.375, 2.1705592246888898e-24, nan 
-42.625, 89.375, 2.1244343572996082e-24, nan 
-42.375, 89.375, 2.1802107252436634e-24, nan 
-42.125, 89.375, 2.143363186223096e-24, nan 
-41.875, 89.375, 1.9004018072609705e-24, nan 
-41.625, 89.375, 2.1577498434961824e-24, nan 
-41.375, 89.375, 1.883822335003486e-24, nan 
-41.125, 89.375, 1.9825323660525596e-24, nan 
-40.875, 89.375, 1.946857652768997e-24, nan 
-40.625, 89.375, 2.0489869070385957e-24, nan 
-40.375, 89.375, 1.8697262816664485e-24, nan 
-40.125, 89.375, 1.8658337210182887e-24, nan 
-39.875, 89.375, 2.042628880982057e-24, nan 
-39.625, 89.375, 1.9428554963414884e-24, nan 
-39.375, 89.375, 1.8952074492920207e-24, nan 
-39.125, 89.375, 2.0455900967207695e-24, nan 
-38.875, 89.375, 1.794310843652927e-24, nan 
-38.625, 89.375, 1.9196534849114162e-24, nan 
-38.375, 89.375, 1.7672242956531247e-24, nan 
-38.125, 89.375, 2.049600564237002e-24, nan 
-37.875, 89.375, 1.745650040098137e-24, nan 
-37.625, 89.375, 1.7969416376254616e-24, nan 
-37.375, 89.375, 1.859781039396031e-24, nan 
-37.125, 89.375, 2.0600761944498252e-24, nan 
-36.875, 89.375, 1.6945777597642e-24, nan 
-36.625, 89.375, 1.9706212541694677e-24, nan 
-36.375, 89.375, 1.7836683141385036e-24, nan 
-36.125, 89.375, 1.9295563682052994e-24, nan 
-35.875, 89.375, 2.03619667712104e-24, nan 
-35.625, 89.375, 1.9343233939644133e-24, nan 
-35.375, 89.375, 1.8508758873893875e-24, nan 
-35.125, 89.375, 1.9189973865846126e-24, nan 
-34.875, 89.375, 1.9395673421851515e-24, nan 
-34.625, 89.375, 1.9488040235306527e-24, nan 
-34.375, 89.375, 2.2900356379594993e-24, nan 
-34.125, 89.375, 1.900961585731313e-24, nan 
-33.875, 89.375, 2.0344250177849482e-24, nan 
-33.625, 89.375, 1.8004756520977224e-24, nan 
-33.375, 89.375, 1.8496310165794123e-24, nan 
-33.125, 89.375, 1.8168584187105737e-24, nan 
-32.875, 89.375, 1.9718157990376402e-24, nan 
-32.625, 89.375, 1.9816480399503297e-24, nan 
-32.375, 89.375, 2.1419524111205964e-24, nan 
-32.125, 89.375, 2.0430265389628195e-24, nan 
-31.875, 89.375, 2.280360107418508e-24, nan 
-31.625, 89.375, 2.0546014296801477e-24, nan 
-31.375, 89.375, 2.0367879924418004e-24, nan 
-31.125, 89.375, 2.352390304617067e-24, nan 
-30.875, 89.375, 1.8996015478015334e-24, nan 
-30.625, 89.375, 1.834774504739602e-24, nan 
-30.375, 89.375, 2.0807086602037493e-24, nan 
-30.125, 89.375, 1.7027088396101484e-24, nan 
-29.875, 89.375, 2.0531873166182628e-24, nan 
-29.625, 89.375, 1.800247475139241e-24, nan 
-29.375, 89.375, 1.9875538991724285e-24, nan 
-29.125, 89.375, 1.8707350139948798e-24, nan 
-28.875, 89.375, 1.812797640401046e-24, nan 
-28.625, 89.375, 1.7718391841795356e-24, nan 
-28.375, 89.375, 1.7330047561827576e-24, nan 
-28.125, 89.375, 1.812309862916687e-24, nan 
-27.875, 89.375, 1.5493987410087246e-24, nan 
-27.625, 89.375, 1.4626604879707354e-24, nan 
-27.375, 89.375, 1.745304244457461e-24, nan 
-27.125, 89.375, 1.3413754819360248e-24, nan 
-26.875, 89.375, 1.3792152279221456e-24, nan 
-26.625, 89.375, 1.3958809005555223e-24, nan 
-26.375, 89.375, 1.6348028873004872e-24, nan 
-26.125, 89.375, 1.3948031002719104e-24, nan 
-25.875, 89.375, 1.6269277713198293e-24, nan 
-25.625, 89.375, 1.2401050692540661e-24, nan 
-25.375, 89.375, 1.4519188280545675e-24, nan 
-25.125, 89.375, 1.5559167684339532e-24, nan 
-24.875, 89.375, 1.7787174233032717e-24, nan 
-24.625, 89.375, 1.674642481639859e-24, nan 
-24.375, 89.375, 2.1334254504127675e-24, nan 
-24.125, 89.375, 2.2824973235634885e-24, nan 
-23.875, 89.375, 1.6869419022830967e-24, nan 
-23.625, 89.375, 2.02166861927119e-24, nan 
-23.375, 89.375, 1.5047582834782718e-24, nan 
-23.125, 89.375, 1.7151723693009787e-24, nan 
-22.875, 89.375, 1.3639517107424396e-24, nan 
-22.625, 89.375, 1.5821027825924645e-24, nan 
-22.375, 89.375, 1.4771876214545233e-24, nan 
-22.125, 89.375, 2.0874795928197676e-24, nan 
-21.875, 89.375, 1.703285940881615e-24, nan 
-21.625, 89.375, 1.4125448280588003e-24, nan 
-21.375, 89.375, 1.4199595011816385e-24, nan 
-21.125, 89.375, 1.2017669534296608e-24, nan 
-20.875, 89.375, 1.41885682741987e-24, nan 
-20.625, 89.375, 2.0719357092108167e-24, nan 
-20.375, 89.375, 2.4910399477009117e-24, nan 
-20.125, 89.375, 2.2324577046743173e-24, nan 
-19.875, 89.375, 2.358402475626164e-24, nan 
-19.625, 89.375, 2.1177608669549947e-24, nan 
-19.375, 89.375, 2.5834546592721528e-24, nan 
-19.125, 89.375, 2.5185182714675032e-24, nan 
-18.875, 89.375, 1.9312669943040703e-24, nan 
-18.625, 89.375, 1.9906841905289106e-24, nan 
-18.375, 89.375, 1.6199031928927013e-24, nan 
-18.125, 89.375, 1.6324449481486424e-24, nan 
-17.875, 89.375, 1.2645949890370787e-24, nan 
-17.625, 89.375, 1.6336995875112408e-24, nan 
-17.375, 89.375, 1.5978591703758167e-24, nan 
-17.125, 89.375, 1.1862320451017284e-24, nan 
-16.875, 89.375, 1.5923295491222546e-24, nan 
-16.625, 89.375, 1.7121323963040614e-24, nan 
-16.375, 89.375, 1.5397293429319958e-24, nan 
-16.125, 89.375, 1.6052186198653848e-24, nan 
-15.875, 89.375, 1.5533530001776417e-24, nan 
-15.625, 89.375, 1.6152341823885122e-24, nan 
-15.375, 89.375, 1.5693335930915862e-24, nan 
-15.125, 89.375, 1.9552170947679184e-24, nan 
-14.875, 89.375, 2.5055658131945286e-24, nan 
-14.625, 89.375, 2.3729427176528534e-24, nan 
-14.375, 89.375, 1.235673838768419e-24, nan 
-14.125, 89.375, 1.3928749125797738e-24, nan 
-13.875, 89.375, 1.4587887767094962e-24, nan 
-13.625, 89.375, 1.6310914805470578e-24, nan 
-13.375, 89.375, 1.4146702299974098e-24, nan 
-13.125, 89.375, 1.4346131132766649e-24, nan 
-12.875, 89.375, 1.1869823237089595e-24, nan 
-12.625, 89.375, 1.2234583688440878e-24, nan 
-12.375, 89.375, 1.222179486716983e-24, nan 
-12.125, 89.375, 8.981420330508826e-25, nan 
-11.875, 89.375, 1.3902119513373921e-24, nan 
-11.625, 89.375, 1.2773170941536344e-24, nan 
-11.375, 89.375, 1.4330909637565831e-24, nan 
-11.125, 89.375, 2.0864608433623408e-24, nan 
-10.875, 89.375, 1.761382305318411e-24, nan 
-10.625, 89.375, 1.3773025856140787e-24, nan 
-10.375, 89.375, 1.7428357210946355e-24, nan 
-10.125, 89.375, 1.927622275593269e-24, nan 
-9.875, 89.375, 2.021156663148124e-24, nan 
-9.625, 89.375, 1.74453822282753e-24, nan 
-9.375, 89.375, 2.0336641155825167e-24, nan 
-9.125, 89.375, 1.863337963229146e-24, nan 
-8.875, 89.375, 1.7447792862881294e-24, nan 
-8.625, 89.375, 1.9880631697011175e-24, nan 
-8.375, 89.375, 2.084146428187959e-24, nan 
-8.125, 89.375, 7.112605761872324e-25, nan 
-7.875, 89.375, 1.4958516510640139e-24, nan 
-7.625, 89.375, 1.8691020957246437e-24, nan 
-7.375, 89.375, 1.9798648478328342e-24, nan 
-7.125, 89.375, 1.662489772650308e-24, nan 
-6.875, 89.375, 2.611567401481313e-24, nan 
-6.625, 89.375, 2.092258368441388e-24, nan 
-6.375, 89.375, 2.0211560818618144e-24, nan 
-6.125, 89.375, 2.2260156276928242e-24, nan 
-5.875, 89.375, 2.6080248298161555e-24, nan 
-5.625, 89.375, 1.965452383810576e-24, nan 
-5.375, 89.375, 2.6711369032805682e-24, nan 
-5.125, 89.375, 2.3554538057638123e-24, nan 
-4.875, 89.375, 1.991396779478901e-24, nan 
-4.625, 89.375, 1.9888762793391164e-24, nan 
-4.375, 89.375, 2.1956028592824077e-24, nan 
-4.125, 89.375, 1.999343771902718e-24, nan 
-3.875, 89.375, 2.1789806860536787e-24, nan 
-3.625, 89.375, 2.4701481926340047e-24, nan 
-3.375, 89.375, 2.2086975512711907e-24, nan 
-3.125, 89.375, 2.197726927712617e-24, nan 
-2.875, 89.375, 2.3135941045468573e-24, nan 
-2.625, 89.375, 1.972507373048687e-24, nan 
-2.375, 89.375, 1.9152182264761253e-24, nan 
-2.125, 89.375, 2.714925684730833e-24, nan 
-1.875, 89.375, 2.1829852519985176e-24, nan 
-1.625, 89.375, 2.057305112786868e-24, nan 
-1.375, 89.375, 2.0112750179183844e-24, nan 
-1.125, 89.375, 2.3130657701994665e-24, nan 
-0.875, 89.375, 1.9532289807613875e-24, nan 
-0.625, 89.375, 2.0663455938939846e-24, nan 
-0.375, 89.375, 2.0625585316875604e-24, nan 
-0.125, 89.375, 2.339970796619622e-24, nan 
0.125, 89.375, 2.1764484163973735e-24, nan 
0.375, 89.375, 2.0367697787497567e-24, nan 
0.625, 89.375, 2.1185820673616725e-24, nan 
0.875, 89.375, 1.9783097851807355e-24, nan 
1.125, 89.375, 2.3082573548996928e-24, nan 
1.375, 89.375, 2.0170690941570445e-24, nan 
1.625, 89.375, 2.3969719846954505e-24, nan 
1.875, 89.375, 2.0326443857935272e-24, nan 
2.125, 89.375, 2.049104960257192e-24, nan 
2.375, 89.375, 1.6535390533895752e-24, nan 
2.625, 89.375, 1.6108350650374567e-24, nan 
2.875, 89.375, 1.7073587775780912e-24, nan 
3.125, 89.375, 2.1187545568265983e-24, nan 
3.375, 89.375, 2.0638545945159418e-24, nan 
3.625, 89.375, 3.1785043338420073e-24, nan 
3.875, 89.375, 2.298843820597501e-24, nan 
4.125, 89.375, 3.488461047688429e-24, nan 
4.375, 89.375, 2.0464218897130835e-24, nan 
4.625, 89.375, 1.1285691664653328e-24, nan 
4.875, 89.375, 1.2938255198106372e-24, nan 
5.125, 89.375, 1.5513191794857398e-24, nan 
5.375, 89.375, 2.0989932930694305e-24, nan 
5.625, 89.375, 1.836837578022808e-24, nan 
5.875, 89.375, 2.771005639973562e-24, nan 
6.125, 89.375, 2.823622028200977e-24, nan 
6.375, 89.375, 1.8369124767307683e-24, nan 
6.625, 89.375, 2.943987701344056e-24, nan 
6.875, 89.375, 2.0355857408043796e-24, nan 
7.125, 89.375, 3.0245219387691843e-24, nan 
7.375, 89.375, 7.264895219766878e-25, nan 
7.625, 89.375, 2.820046344991852e-24, nan 
7.875, 89.375, 2.3642195743713476e-24, nan 
8.125, 89.375, 2.8320133154052982e-24, nan 
8.375, 89.375, 2.8410306604307486e-24, nan 
8.625, 89.375, 2.8901940998392316e-24, nan 
8.875, 89.375, 3.0503548268209475e-24, nan 
9.125, 89.375, 3.8759542025679115e-24, nan 
9.375, 89.375, 3.0523026707564225e-24, nan 
9.625, 89.375, 3.8724176155096674e-24, nan 
9.875, 89.375, 3.0136818276324036e-24, nan 
10.125, 89.375, 2.5684743047224756e-24, nan 
10.375, 89.375, 3.1407287224289184e-24, nan 
10.625, 89.375, 2.6980700578474235e-24, nan 
10.875, 89.375, 3.469477396770834e-24, nan 
11.125, 89.375, 2.9928797880971446e-24, nan 
11.375, 89.375, 3.669254630646206e-24, nan 
11.625, 89.375, 2.820289067386301e-24, nan 
11.875, 89.375, 2.645757102699356e-24, nan 
12.125, 89.375, 1.723824767069098e-24, nan 
12.375, 89.375, 1.7789550582784456e-24, nan 
12.625, 89.375, 4.06901435522904e-24, nan 
12.875, 89.375, 2.68694059123142e-24, nan 
13.125, 89.375, 2.0727004905411e-24, nan 
13.375, 89.375, 2.8760390173941497e-24, nan 
13.625, 89.375, 3.0292966943570124e-24, nan 
13.875, 89.375, 2.998109298997545e-24, nan 
14.125, 89.375, 2.7311999399380967e-24, nan 
14.375, 89.375, 4.018476032075441e-24, nan 
14.625, 89.375, 2.5821541956460863e-24, nan 
14.875, 89.375, 2.8714529057827734e-24, nan 
15.125, 89.375, 2.5364913447554183e-24, nan 
15.375, 89.375, 3.654539119444093e-24, nan 
15.625, 89.375, 2.2183918925078205e-24, nan 
15.875, 89.375, 2.424070307888517e-24, nan 
16.125, 89.375, 2.2939927496519816e-24, nan 
16.375, 89.375, 2.576512309258449e-24, nan 
16.625, 89.375, 2.6251703252902104e-24, nan 
16.875, 89.375, 2.3944664168992863e-24, nan 
17.125, 89.375, 2.8274199812458896e-24, nan 
17.375, 89.375, 2.9082237784229575e-24, nan 
17.625, 89.375, 3.391122628834769e-24, nan 
17.875, 89.375, 2.4984227587009585e-24, nan 
18.125, 89.375, 2.4850525868839152e-24, nan 
18.375, 89.375, 2.3787914059275716e-24, nan 
18.625, 89.375, 3.218055620663371e-24, nan 
18.875, 89.375, 2.724481288707414e-24, nan 
19.125, 89.375, 2.006910294610243e-24, nan 
19.375, 89.375, 1.8272334142014454e-24, nan 
19.625, 89.375, 1.804109662935352e-24, nan 
19.875, 89.375, 3.48432197940155e-24, nan 
20.125, 89.375, 3.5580940984047695e-24, nan 
20.375, 89.375, 3.094190755056263e-24, nan 
20.625, 89.375, 3.931906202487203e-24, nan 
20.875, 89.375, 3.0421960269291233e-24, nan 
21.125, 89.375, 4.21264026698534e-24, nan 
21.375, 89.375, 4.026742115580089e-24, nan 
21.625, 89.375, 4.010626555106974e-24, nan 
21.875, 89.375, 3.1285371919477812e-24, nan 
22.125, 89.375, 4.20825073618965e-24, nan 
22.375, 89.375, 2.3348269753469113e-24, nan 
22.625, 89.375, 4.14498143528616e-24, nan 
22.875, 89.375, 3.511506680980324e-24, nan 
23.125, 89.375, 2.491245633348925e-24, nan 
23.375, 89.375, 2.8201582505471623e-24, nan 
23.625, 89.375, 4.368396901227042e-24, nan 
23.875, 89.375, 2.6839848574344376e-24, nan 
24.125, 89.375, 3.7747747512885754e-24, nan 
24.375, 89.375, 3.1953255513137512e-24, nan 
24.625, 89.375, 2.7554045121921753e-24, nan 
24.875, 89.375, 2.975171130875763e-24, nan 
25.125, 89.375, 2.9732736906402164e-24, nan 
25.375, 89.375, 3.2352422549508677e-24, nan 
25.625, 89.375, 2.0616119967503443e-24, nan 
25.875, 89.375, 3.241088954518445e-24, nan 
26.125, 89.375, 3.0530907390937995e-24, nan 
26.375, 89.375, 3.0565216224372414e-24, nan 
26.625, 89.375, 3.0137699158603828e-24, nan 
26.875, 89.375, 3.442367614422918e-24, nan 
27.125, 89.375, 2.9601643183466002e-24, nan 
27.375, 89.375, 2.4470452458741295e-24, nan 
27.625, 89.375, 2.3763159456291907e-24, nan 
27.875, 89.375, 4.36375711510996e-24, nan 
28.125, 89.375, 2.472493272736154e-24, nan 
28.375, 89.375, 2.260309286827391e-24, nan 
28.625, 89.375, 2.4878089565476754e-24, nan 
28.875, 89.375, 3.1847088985440417e-24, nan 
29.125, 89.375, 2.8212558045458537e-24, nan 
29.375, 89.375, 2.6360792661898838e-24, nan 
29.625, 89.375, 2.737250583517677e-24, nan 
29.875, 89.375, 2.8032456494074748e-24, nan 
30.125, 89.375, 2.7928781169282087e-24, nan 
30.375, 89.375, 2.83949198236646e-24, nan 
30.625, 89.375, 2.622619218949505e-24, nan 
30.875, 89.375, 4.150609868384257e-24, nan 
31.125, 89.375, 2.63223728648816e-24, nan 
31.375, 89.375, 2.56122843452759e-24, nan 
31.625, 89.375, 2.7697546459337733e-24, nan 
31.875, 89.375, 3.032891880439272e-24, nan 
32.125, 89.375, 2.789540572594951e-24, nan 
32.375, 89.375, 3.0536824756730543e-24, nan 
32.625, 89.375, 2.7957045288114402e-24, nan 
32.875, 89.375, 2.8659352218048933e-24, nan 
33.125, 89.375, 2.832843070107067e-24, nan 
33.375, 89.375, 2.4468773309145795e-24, nan 
33.625, 89.375, 2.5468553179418026e-24, nan 
33.875, 89.375, 2.8699338074967983e-24, nan 
34.125, 89.375, 3.1760591467606794e-24, nan 
34.375, 89.375, 2.7409612368769382e-24, nan 
34.625, 89.375, 2.7131830217552693e-24, nan 
34.875, 89.375, 2.4771381547487244e-24, nan 
35.125, 89.375, 2.1409117231275835e-24, nan 
35.375, 89.375, 2.739613732650625e-24, nan 
35.625, 89.375, 2.167353755718077e-24, nan 
35.875, 89.375, 2.0960326328770657e-24, nan 
36.125, 89.375, 2.360574071385794e-24, nan 
36.375, 89.375, 2.5788666511605567e-24, nan 
36.625, 89.375, 3.049610549079967e-24, nan 
36.875, 89.375, 2.781509708778592e-24, nan 
37.125, 89.375, 3.2467429012014406e-24, nan 
37.375, 89.375, 2.7267142763445027e-24, nan 
37.625, 89.375, 3.157506056183523e-24, nan 
37.875, 89.375, 2.705929135697916e-24, nan 
38.125, 89.375, 3.0000858503584275e-24, nan 
38.375, 89.375, 2.0540543470983903e-24, nan 
38.625, 89.375, 2.583827535091114e-24, nan 
38.875, 89.375, 2.3899954407050817e-24, nan 
39.125, 89.375, 2.520713805426839e-24, nan 
39.375, 89.375, 2.6998392242022386e-24, nan 
39.625, 89.375, 2.8748985738159095e-24, nan 
39.875, 89.375, 3.0978513899073538e-24, nan 
40.125, 89.375, 3.1630277576186583e-24, nan 
40.375, 89.375, 3.4783875637328195e-24, nan 
40.625, 89.375, 2.8859226766496653e-24, nan 
40.875, 89.375, 2.7438675154749607e-24, nan 
41.125, 89.375, 2.750783029158985e-24, nan 
41.375, 89.375, 3.2177609469036145e-24, nan 
41.625, 89.375, 2.9781839894100693e-24, nan 
41.875, 89.375, 2.424027024273778e-24, nan 
42.125, 89.375, 2.1748630707641568e-24, nan 
42.375, 89.375, 1.7881823808844033e-24, nan 
42.625, 89.375, 3.2829889359424857e-24, nan 
42.875, 89.375, 3.1713970517653605e-24, nan 
43.125, 89.375, 3.00088685752071e-24, nan 
43.375, 89.375, 3.282800895172393e-24, nan 
43.625, 89.375, 2.8186994730487665e-24, nan 
43.875, 89.375, 3.3646937049495165e-24, nan 
44.125, 89.375, 3.2554639093257736e-24, nan 
44.375, 89.375, 3.143865928205413e-24, nan 
44.625, 89.375, 2.591132495550611e-24, nan 
44.875, 89.375, 3.444347812405434e-24, nan 
45.125, 89.375, 1.928828869455343e-24, nan 
45.375, 89.375, 3.247851117535742e-24, nan 
45.625, 89.375, 2.6819824861052058e-24, nan 
45.875, 89.375, 2.208115950839848e-24, nan 
46.125, 89.375, 2.3895069333785633e-24, nan 
46.375, 89.375, 3.322199964300087e-24, nan 
46.625, 89.375, 2.1460655123953667e-24, nan 
46.875, 89.375, 3.0323193360706215e-24, nan 
47.125, 89.375, 2.3761300705096897e-24, nan 
47.375, 89.375, 2.3865582343102937e-24, nan 
47.625, 89.375, 2.4489249165418624e-24, nan 
47.875, 89.375, 2.8534757133605965e-24, nan 
48.125, 89.375, 3.149611895041471e-24, nan 
48.375, 89.375, 1.864176407946331e-24, nan 
48.625, 89.375, 2.240723327253167e-24, nan 
48.875, 89.375, 2.1832181683968004e-24, nan 
49.125, 89.375, 1.791759066611066e-24, nan 
49.375, 89.375, 2.0874006935196523e-24, nan 
49.625, 89.375, 2.4213056846429506e-24, nan 
49.875, 89.375, 2.063105650341543e-24, nan 
50.125, 89.375, 1.666133075537206e-24, nan 
50.375, 89.375, 1.5212082131239671e-24, nan 
50.625, 89.375, 3.136859871138897e-24, nan 
50.875, 89.375, 1.4141010086949662e-24, nan 
51.125, 89.375, 1.2678213053689396e-24, nan 
51.375, 89.375, 1.4477686574354915e-24, nan 
51.625, 89.375, 2.138537885041895e-24, nan 
51.875, 89.375, 2.016603631851698e-24, nan 
52.125, 89.375, 1.3444824875262257e-24, nan 
52.375, 89.375, 1.9141300905953134e-24, nan 
52.625, 89.375, 2.111121317033213e-24, nan 
52.875, 89.375, 2.02545082995923e-24, nan 
53.125, 89.375, 1.1736682807515376e-24, nan 
53.375, 89.375, 1.1842501873406225e-24, nan 
53.625, 89.375, 2.9576371229613393e-24, nan 
53.875, 89.375, 1.0480923404598031e-24, nan 
54.125, 89.375, 1.1254202708872466e-24, nan 
54.375, 89.375, 1.0875069309753377e-24, nan 
54.625, 89.375, 1.1724145245975951e-24, nan 
54.875, 89.375, 1.2124463770181844e-24, nan 
55.125, 89.375, 1.1934015249887451e-24, nan 
55.375, 89.375, 1.2362015677835273e-24, nan 
55.625, 89.375, 1.0196861038443257e-24, nan 
55.875, 89.375, 1.1513044271326149e-24, nan 
56.125, 89.375, 1.890153342362474e-24, nan 
56.375, 89.375, 1.7763378289836162e-24, nan 
56.625, 89.375, 1.0001663178926606e-24, nan 
56.875, 89.375, 1.0728297680558642e-24, nan 
57.125, 89.375, 1.1522365286745181e-24, nan 
57.375, 89.375, 1.0488349345629478e-24, nan 
57.625, 89.375, 1.3118603429841255e-24, nan 
57.875, 89.375, 1.3972480509700856e-24, nan 
58.125, 89.375, 1.6247139128924619e-24, nan 
58.375, 89.375, 1.8835623156195306e-24, nan 
58.625, 89.375, 1.9550234643872244e-24, nan 
58.875, 89.375, 1.97801616007492e-24, nan 
59.125, 89.375, 1.5173175225216025e-24, nan 
59.375, 89.375, 1.4247115369514884e-24, nan 
59.625, 89.375, 1.274027936071263e-24, nan 
59.875, 89.375, 1.6616516214437773e-24, nan 
60.125, 89.375, 1.7251221894840063e-24, nan 
60.375, 89.375, 1.7035705110161667e-24, nan 
60.625, 89.375, 1.8636457797323772e-24, nan 
60.875, 89.375, 1.5083228331589002e-24, nan 
61.125, 89.375, 1.7773442953472034e-24, nan 
61.375, 89.375, 1.930519025151344e-24, nan 
61.625, 89.375, 1.5200977191416583e-24, nan 
61.875, 89.375, 1.5980605585105553e-24, nan 
62.125, 89.375, 1.7687512663410644e-24, nan 
62.375, 89.375, 1.475459166917413e-24, nan 
62.625, 89.375, 1.779057851692648e-24, nan 
62.875, 89.375, 1.3762788325093198e-24, nan 
63.125, 89.375, 1.832984287048798e-24, nan 
63.375, 89.375, 1.5302442236807684e-24, nan 
63.625, 89.375, 1.9081795046287136e-24, nan 
63.875, 89.375, 1.2920604953691484e-24, nan 
64.125, 89.375, 1.8706790985701362e-24, nan 
64.375, 89.375, 1.9493834005252574e-24, nan 
64.625, 89.375, 1.5599005166386817e-24, nan 
64.875, 89.375, 2.0225406330762234e-24, nan 
65.125, 89.375, 1.2597494570416235e-24, nan 
65.375, 89.375, 2.0337202561600178e-24, nan 
65.625, 89.375, 1.4957883895763998e-24, nan 
65.875, 89.375, 1.3475279535421771e-24, nan 
66.125, 89.375, 1.4384893237659038e-24, nan 
66.375, 89.375, 1.4073182546507488e-24, nan 
66.625, 89.375, 1.4199889868046664e-24, nan 
66.875, 89.375, 1.5148657547755172e-24, nan 
67.125, 89.375, 1.4064844058075115e-24, nan 
67.375, 89.375, 1.4460930752874857e-24, nan 
67.625, 89.375, 1.3247510454889754e-24, nan 
67.875, 89.375, 1.4272018659169549e-24, nan 
68.125, 89.375, 1.5036699184842682e-24, nan 
68.375, 89.375, 1.6029848714919048e-24, nan 
68.625, 89.375, 1.7860144110849117e-24, nan 
68.875, 89.375, 2.052232247219894e-24, nan 
69.125, 89.375, 2.1937653048776135e-24, nan 
69.375, 89.375, 1.5615857627476251e-24, nan 
69.625, 89.375, 1.7120283261420223e-24, nan 
69.875, 89.375, 1.5517599914934526e-24, nan 
70.125, 89.375, 1.6735807859404113e-24, nan 
70.375, 89.375, 1.725298184213204e-24, nan 
70.625, 89.375, 1.7295746128256848e-24, nan 
70.875, 89.375, 1.6001360373106661e-24, nan 
71.125, 89.375, 1.568018485793991e-24, nan 
71.375, 89.375, 1.6375252383302927e-24, nan 
71.625, 89.375, 1.659112508441926e-24, nan 
71.875, 89.375, 1.6423492079930479e-24, nan 
72.125, 89.375, 1.832529532939114e-24, nan 
72.375, 89.375, 1.6772908185812158e-24, nan 
72.625, 89.375, 1.8319699730575765e-24, nan 
72.875, 89.375, 1.786297701840658e-24, nan 
73.125, 89.375, 1.846263519887948e-24, nan 
73.375, 89.375, 1.8057505306150654e-24, nan 
73.625, 89.375, 1.9161470846266258e-24, nan 
73.875, 89.375, 1.7985459567502367e-24, nan 
74.125, 89.375, 1.8935247121736555e-24, nan 
74.375, 89.375, 1.8184459684736008e-24, nan 
74.625, 89.375, 1.7718676210215146e-24, nan 
74.875, 89.375, 1.7848605224794026e-24, nan 
75.125, 89.375, 1.9133681799310764e-24, nan 
75.375, 89.375, 1.6652126617278953e-24, nan 
75.625, 89.375, 1.8439756918508624e-24, nan 
75.875, 89.375, 1.7543053961016483e-24, nan 
76.125, 89.375, 1.6314619593029256e-24, nan 
76.375, 89.375, 1.638695037097444e-24, nan 
76.625, 89.375, 1.8492425072946046e-24, nan 
76.875, 89.375, 1.4599502626991528e-24, nan 
77.125, 89.375, 1.682126783771198e-24, nan 
77.375, 89.375, 1.6045460871047296e-24, nan 
77.625, 89.375, 1.478185388767035e-24, nan 
77.875, 89.375, 1.597671810519837e-24, nan 
78.125, 89.375, 1.3731433578954528e-24, nan 
78.375, 89.375, 1.4784012574356009e-24, nan 
78.625, 89.375, 1.362967387319967e-24, nan 
78.875, 89.375, 1.5302214246035627e-24, nan 
79.125, 89.375, 1.4778676494621112e-24, nan 
79.375, 89.375, 1.4514716192550748e-24, nan 
79.625, 89.375, 1.6443196953164659e-24, nan 
79.875, 89.375, 1.6423035399874549e-24, nan 
80.125, 89.375, 1.847518302910412e-24, nan 
80.375, 89.375, 1.6786527898243178e-24, nan 
80.625, 89.375, 1.9440240581408385e-24, nan 
80.875, 89.375, 1.572679228061458e-24, nan 
81.125, 89.375, 1.6480101145673792e-24, nan 
81.375, 89.375, 1.5266847936718109e-24, nan 
81.625, 89.375, 1.6352347944701368e-24, nan 
81.875, 89.375, 1.6019279274667234e-24, nan 
82.125, 89.375, 1.746092241827632e-24, nan 
82.375, 89.375, 1.6979660778585897e-24, nan 
82.625, 89.375, 1.7591835904859265e-24, nan 
82.875, 89.375, 1.841060256118011e-24, nan 
83.125, 89.375, 1.815127885253532e-24, nan 
83.375, 89.375, 1.909118227664514e-24, nan 
83.625, 89.375, 1.682679344559195e-24, nan 
83.875, 89.375, 1.6497187458969007e-24, nan 
84.125, 89.375, 1.1729287770648412e-24, nan 
84.375, 89.375, 1.3318833262585753e-24, nan 
84.625, 89.375, 1.6754114084277848e-24, nan 
84.875, 89.375, 1.7581360062757415e-24, nan 
85.125, 89.375, 1.1107612186829938e-24, nan 
85.375, 89.375, 1.7586947567043857e-24, nan 
85.625, 89.375, 1.3678073611807136e-24, nan 
85.875, 89.375, 1.8094834155701206e-24, nan 
86.125, 89.375, 1.0444835151108835e-24, nan 
86.375, 89.375, 1.9050869890475855e-24, nan 
86.625, 89.375, 1.9391412647775303e-24, nan 
86.875, 89.375, 2.128862425657311e-24, nan 
87.125, 89.375, 2.0431070783800118e-24, nan 
87.375, 89.375, 1.1623660754855017e-24, nan 
87.625, 89.375, 1.955181776614196e-24, nan 
87.875, 89.375, 1.4065220889149736e-24, nan 
88.125, 89.375, 1.9191401427013515e-24, nan 
88.375, 89.375, 8.556769421292529e-25, nan 
88.625, 89.375, 1.4379677239920152e-24, nan 
88.875, 89.375, 1.2551115550331575e-24, nan 
89.125, 89.375, 1.1480237609186504e-24, nan 
89.375, 89.375, 1.1385028808870918e-24, nan 
89.625, 89.375, 1.151319440569866e-24, nan 
89.875, 89.375, 1.2193949006400513e-24, nan 
90.125, 89.375, 1.3786039105018415e-24, nan 
90.375, 89.375, 1.3404765212666596e-24, nan 
90.625, 89.375, 1.4178469448864563e-24, nan 
90.875, 89.375, 1.3966327255250145e-24, nan 
91.125, 89.375, 1.5786256896116612e-24, nan 
91.375, 89.375, 1.722317881371673e-24, nan 
91.625, 89.375, 1.9468318838266898e-24, nan 
91.875, 89.375, 2.0360514760369672e-24, nan 
92.125, 89.375, 1.4269719032662708e-24, nan 
92.375, 89.375, 8.34730442281029e-25, nan 
92.625, 89.375, 9.19331146121414e-25, nan 
92.875, 89.375, 8.73878389308483e-25, nan 
93.125, 89.375, 9.68312238359986e-25, nan 
93.375, 89.375, 1.0587608689402424e-24, nan 
93.625, 89.375, 1.1537049613226038e-24, nan 
93.875, 89.375, 9.996789346559178e-25, nan 
94.125, 89.375, 1.1548953243616723e-24, nan 
94.375, 89.375, 1.0902163585295298e-24, nan 
94.625, 89.375, 1.2543381550433875e-24, nan 
94.875, 89.375, 9.936927825126809e-25, nan 
95.125, 89.375, 1.1508727322919305e-24, nan 
95.375, 89.375, 1.0797833755353266e-24, nan 
95.625, 89.375, 1.12492026390215e-24, nan 
95.875, 89.375, 9.883339042574013e-25, nan 
96.125, 89.375, 1.1548191040368058e-24, nan 
96.375, 89.375, 9.685677290178461e-25, nan 
96.625, 89.375, 1.1729701245534606e-24, nan 
96.875, 89.375, 9.386726428177247e-25, nan 
97.125, 89.375, 9.814313683433066e-25, nan 
97.375, 89.375, 1.1798057138794726e-24, nan 
97.625, 89.375, 1.0511494414088304e-24, nan 
97.875, 89.375, 1.1941542355070456e-24, nan 
98.125, 89.375, 1.032998989230585e-24, nan 
98.375, 89.375, 1.1838721350170754e-24, nan 
98.625, 89.375, 1.0809105601910702e-24, nan 
98.875, 89.375, 1.1762167716586017e-24, nan 
99.125, 89.375, 1.0839645008961007e-24, nan 
99.375, 89.375, 1.2636314805848587e-24, nan 
99.625, 89.375, 1.0263778574253961e-24, nan 
99.875, 89.375, 1.0381120554817868e-24, nan 
100.125, 89.375, 1.0201443383920742e-24, nan 
100.375, 89.375, 1.0877688113334241e-24, nan 
100.625, 89.375, 1.1302149328412305e-24, nan 
100.875, 89.375, 9.7133791657023e-25, nan 
101.125, 89.375, 1.0889121428837108e-24, nan 
101.375, 89.375, 9.780688032286307e-25, nan 
101.625, 89.375, 1.1802240970589532e-24, nan 
101.875, 89.375, 9.63252049265112e-25, nan 
102.125, 89.375, 1.0499468309520597e-24, nan 
102.375, 89.375, 1.12941693817252e-24, nan 
102.625, 89.375, 9.728922200084231e-25, nan 
102.875, 89.375, 1.6442537726593606e-24, nan 
103.125, 89.375, 1.2546143214462615e-24, nan 
103.375, 89.375, 1.5192419013150754e-24, nan 
103.625, 89.375, 1.1817850632999727e-24, nan 
103.875, 89.375, 1.4337958259788283e-24, nan 
104.125, 89.375, 1.1286474533471388e-24, nan 
104.375, 89.375, 1.2439170539189728e-24, nan 
104.625, 89.375, 1.1031330722783511e-24, nan 
104.875, 89.375, 7.581495886117694e-25, nan 
105.125, 89.375, 1.2408247618037324e-24, nan 
105.375, 89.375, 9.558265742215251e-25, nan 
105.625, 89.375, 9.025305275341403e-25, nan 
105.875, 89.375, 9.656254432264044e-25, nan 
106.125, 89.375, 9.26118776311575e-25, nan 
106.375, 89.375, 8.678223752298387e-25, nan 
106.625, 89.375, 9.98167691618526e-25, nan 
106.875, 89.375, 8.277385893875397e-25, nan 
107.125, 89.375, 9.378918978202823e-25, nan 
107.375, 89.375, 9.618389289783306e-25, nan 
107.625, 89.375, 9.609402719172084e-25, nan 
107.875, 89.375, 9.574605689210853e-25, nan 
108.125, 89.375, 9.014595419192378e-25, nan 
108.375, 89.375, 8.283465133704075e-25, nan 
108.625, 89.375, 9.557943817281899e-25, nan 
108.875, 89.375, 7.637903976770311e-25, nan 
109.125, 89.375, 8.598852134047377e-25, nan 
109.375, 89.375, 7.9249246722961235e-25, nan 
109.625, 89.375, 7.211631634143408e-25, nan 
109.875, 89.375, 8.099848683316417e-25, nan 
110.125, 89.375, 1.1490061344922883e-24, nan 
110.375, 89.375, 7.331782031498765e-25, nan 
110.625, 89.375, 9.293756823948166e-25, nan 
110.875, 89.375, 7.3212231909930425e-25, nan 
111.125, 89.375, 8.616123700683652e-25, nan 
111.375, 89.375, 9.18820415574296e-25, nan 
111.625, 89.375, 1.1505238162617184e-24, nan 
111.875, 89.375, 1.0097688863876644e-24, nan 
112.125, 89.375, 7.8676451328330445e-25, nan 
112.375, 89.375, 7.714639470634563e-25, nan 
112.625, 89.375, 8.795863019943928e-25, nan 
112.875, 89.375, 6.036693860312986e-25, nan 
113.125, 89.375, 9.99004593777091e-25, nan 
113.375, 89.375, 9.670051435187614e-25, nan 
113.625, 89.375, 8.66218032577039e-25, nan 
113.875, 89.375, 9.208416649501733e-25, nan 
114.125, 89.375, 8.112884413544044e-25, nan 
114.375, 89.375, 1.0751364369655446e-24, nan 
114.625, 89.375, 9.108129017253154e-25, nan 
114.875, 89.375, 7.1300533676047905e-25, nan 
115.125, 89.375, 8.925096696817558e-25, nan 
115.375, 89.375, 1.0249181431385669e-24, nan 
115.625, 89.375, 4.964885695492156e-25, nan 
115.875, 89.375, 5.010481594526252e-25, nan 
116.125, 89.375, 1.0439955771844176e-24, nan 
116.375, 89.375, 7.70287817507486e-25, nan 
116.625, 89.375, 1.4302060774276097e-24, nan 
116.875, 89.375, 6.440796752047435e-25, nan 
117.125, 89.375, 6.389701851325523e-25, nan 
117.375, 89.375, 7.3447024191174205e-25, nan 
117.625, 89.375, 7.757439798867188e-25, nan 
117.875, 89.375, 4.780405055386481e-25, nan 
118.125, 89.375, 6.353452748229777e-25, nan 
118.375, 89.375, 3.959770801253838e-25, nan 
118.625, 89.375, 7.401092178342139e-25, nan 
118.875, 89.375, 7.133469990998257e-25, nan 
119.125, 89.375, 5.979540821908565e-25, nan 
119.375, 89.375, 6.66852345699439e-25, nan 
119.625, 89.375, 7.139857520347883e-25, nan 
119.875, 89.375, 7.716546130970157e-25, nan 
120.125, 89.375, 7.719992653012634e-25, nan 
120.375, 89.375, 8.78117792511291e-25, nan 
120.625, 89.375, 3.6243707397989745e-25, nan 
120.875, 89.375, 7.678309457523288e-25, nan 
121.125, 89.375, 6.185589225419855e-25, nan 
121.375, 89.375, 8.802144986779042e-25, nan 
121.625, 89.375, 8.153556041815849e-25, nan 
121.875, 89.375, 1.0245031265104176e-24, nan 
122.125, 89.375, 8.36227453738234e-25, nan 
122.375, 89.375, 7.213626340481536e-25, nan 
122.625, 89.375, 7.508530671123319e-25, nan 
122.875, 89.375, 1.2875715342827588e-24, nan 
123.125, 89.375, 8.053164990368409e-25, nan 
123.375, 89.375, 9.317234500605288e-25, nan 
123.625, 89.375, 3.180825129765703e-25, nan 
123.875, 89.375, 5.1739936992827815e-25, nan 
124.125, 89.375, 3.7948933043556307e-25, nan 
124.375, 89.375, 6.645084923459504e-25, nan 
124.625, 89.375, 3.62186142852369e-25, nan 
124.875, 89.375, 8.830296562203998e-25, nan 
125.125, 89.375, 4.404564562684435e-25, nan 
125.375, 89.375, 5.611215215783494e-25, nan 
125.625, 89.375, 4.254722060129915e-25, nan 
125.875, 89.375, 8.540252650968175e-25, nan 
126.125, 89.375, 9.512442440302926e-25, nan 
126.375, 89.375, 1.2652363120264019e-24, nan 
126.625, 89.375, 1.1186780256443617e-24, nan 
126.875, 89.375, 1.2882065571938599e-24, nan 
127.125, 89.375, 1.5844677267777185e-24, nan 
127.375, 89.375, 7.504676979485589e-25, nan 
127.625, 89.375, 1.4858964567367026e-24, nan 
127.875, 89.375, 7.489220003073705e-25, nan 
128.125, 89.375, 1.1136539649331681e-24, nan 
128.375, 89.375, 1.2527125347693786e-24, nan 
128.625, 89.375, 1.1837712691238811e-24, nan 
128.875, 89.375, 1.4133177804229085e-24, nan 
129.125, 89.375, 1.4653528393912365e-24, nan 
129.375, 89.375, 8.767379586995776e-25, nan 
129.625, 89.375, 1.5324979059228615e-24, nan 
129.875, 89.375, 1.111052839155248e-24, nan 
130.125, 89.375, 1.6866845920754814e-24, nan 
130.375, 89.375, 8.390327395767833e-25, nan 
130.625, 89.375, 9.344773118478373e-25, nan 
130.875, 89.375, 1.3004842620916987e-24, nan 
131.125, 89.375, 9.261340790945076e-25, nan 
131.375, 89.375, 1.6248497980942304e-24, nan 
131.625, 89.375, 1.819524260125031e-24, nan 
131.875, 89.375, 1.24801654780312e-24, nan 
132.125, 89.375, 1.38960155118555e-24, nan 
132.375, 89.375, 1.402481900755181e-24, nan 
132.625, 89.375, 7.7156103488197785e-25, nan 
132.875, 89.375, 1.0179406635729786e-24, nan 
133.125, 89.375, 1.4235201421873481e-24, nan 
133.375, 89.375, 1.5421091193666728e-24, nan 
133.625, 89.375, 1.0725215862978885e-24, nan 
133.875, 89.375, 9.99066605868675e-25, nan 
134.125, 89.375, 1.030746316400545e-24, nan 
134.375, 89.375, 1.302543515695831e-24, nan 
134.625, 89.375, 1.0755390404587287e-24, nan 
134.875, 89.375, 1.2538466345071514e-24, nan 
135.125, 89.375, 1.2800547768900323e-24, nan 
135.375, 89.375, 1.247224816808612e-24, nan 
135.625, 89.375, 1.3652234933378916e-24, nan 
135.875, 89.375, 1.5172512102447198e-24, nan 
136.125, 89.375, 1.1977156366033778e-24, nan 
136.375, 89.375, 1.3304386881545618e-24, nan 
136.625, 89.375, 1.5306190609944065e-24, nan 
136.875, 89.375, 1.3008365921332276e-24, nan 
137.125, 89.375, 1.320676732305469e-24, nan 
137.375, 89.375, 1.2549020714214483e-24, nan 
137.625, 89.375, 1.25585397120699e-24, nan 
137.875, 89.375, 1.2434907595153815e-24, nan 
138.125, 89.375, 1.121496391211879e-24, nan 
138.375, 89.375, 1.5573546933761783e-24, nan 
138.625, 89.375, 1.8838703771082475e-24, nan 
138.875, 89.375, 1.5963030521978174e-24, nan 
139.125, 89.375, 1.3315542352211686e-24, nan 
139.375, 89.375, 2.08045570249374e-24, nan 
139.625, 89.375, 1.439075440206219e-24, nan 
139.875, 89.375, 1.4310855839248881e-24, nan 
140.125, 89.375, 1.4446041454225023e-24, nan 
140.375, 89.375, 1.4314320623157772e-24, nan 
140.625, 89.375, 1.6334155483945943e-24, nan 
140.875, 89.375, 1.3154344457719762e-24, nan 
141.125, 89.375, 1.5437092599330987e-24, nan 
141.375, 89.375, 1.4436360417648675e-24, nan 
141.625, 89.375, 1.935970793254312e-24, nan 
141.875, 89.375, 1.437616085276739e-24, nan 
142.125, 89.375, 1.4851623504324492e-24, nan 
142.375, 89.375, 1.6013252090622576e-24, nan 
142.625, 89.375, 1.4091550302861932e-24, nan 
142.875, 89.375, 1.4733864394545722e-24, nan 
143.125, 89.375, 1.437670318213212e-24, nan 
143.375, 89.375, 1.6430044064309717e-24, nan 
143.625, 89.375, 1.4381409296893865e-24, nan 
143.875, 89.375, 1.7609188593184233e-24, nan 
144.125, 89.375, 1.541708068176961e-24, nan 
144.375, 89.375, 1.4981906598169479e-24, nan 
144.625, 89.375, 1.6395289102235558e-24, nan 
144.875, 89.375, 1.6067239052525138e-24, nan 
145.125, 89.375, 1.5292042242251445e-24, nan 
145.375, 89.375, 1.4890082552798085e-24, nan 
145.625, 89.375, 2.0606678597943427e-24, nan 
145.875, 89.375, 1.5141145811808614e-24, nan 
146.125, 89.375, 1.5275758376629481e-24, nan 
146.375, 89.375, 1.582077177437832e-24, nan 
146.625, 89.375, 1.6365042847275895e-24, nan 
146.875, 89.375, 1.9747826013555273e-24, nan 
147.125, 89.375, 1.3482788523057971e-24, nan 
147.375, 89.375, 2.015088588764634e-24, nan 
147.625, 89.375, 1.535355289292555e-24, nan 
147.875, 89.375, 1.7091013351849776e-24, nan 
148.125, 89.375, 1.6037564038797072e-24, nan 
148.375, 89.375, 1.8031561616101564e-24, nan 
148.625, 89.375, 1.8598120046542497e-24, nan 
148.875, 89.375, 1.6624193977843015e-24, nan 
149.125, 89.375, 1.6628660119435758e-24, nan 
149.375, 89.375, 1.6915757237707518e-24, nan 
149.625, 89.375, 1.8286617799501052e-24, nan 
149.875, 89.375, 2.1407249129336295e-24, nan 
150.125, 89.375, 1.6250589032361886e-24, nan 
150.375, 89.375, 2.016278995473612e-24, nan 
150.625, 89.375, 1.6060455008698177e-24, nan 
150.875, 89.375, 1.6974748522595313e-24, nan 
151.125, 89.375, 1.75630738830024e-24, nan 
151.375, 89.375, 1.8851344412544087e-24, nan 
151.625, 89.375, 2.013309387010407e-24, nan 
151.875, 89.375, 1.9610114352318863e-24, nan 
152.125, 89.375, 1.6243759264665556e-24, nan 
152.375, 89.375, 2.0332172521026748e-24, nan 
152.625, 89.375, 1.7186922340197687e-24, nan 
152.875, 89.375, 2.531650999656407e-24, nan 
153.125, 89.375, 1.779848122381562e-24, nan 
153.375, 89.375, 1.7774754737080637e-24, nan 
153.625, 89.375, 1.878470701853047e-24, nan 
153.875, 89.375, 1.9288765962561853e-24, nan 
154.125, 89.375, 2.6912545741343658e-24, nan 
154.375, 89.375, 2.582560997773379e-24, nan 
154.625, 89.375, 2.056529026521466e-24, nan 
154.875, 89.375, 2.1991553574647606e-24, nan 
155.125, 89.375, 2.109924557969716e-24, nan 
155.375, 89.375, 2.36602390549581e-24, nan 
155.625, 89.375, 2.0981809529421834e-24, nan 
155.875, 89.375, 1.929143127648557e-24, nan 
156.125, 89.375, 2.254516616615346e-24, nan 
156.375, 89.375, 1.9758410052955007e-24, nan 
156.625, 89.375, 1.9216250476525026e-24, nan 
156.875, 89.375, 1.8352542682212285e-24, nan 
157.125, 89.375, 1.889129329851813e-24, nan 
157.375, 89.375, 2.1795283601173312e-24, nan 
157.625, 89.375, 2.3643730737223065e-24, nan 
157.875, 89.375, 2.229759020580306e-24, nan 
158.125, 89.375, 2.2901246087404928e-24, nan 
158.375, 89.375, 2.2034576131987828e-24, nan 
158.625, 89.375, 2.1980986503503752e-24, nan 
158.875, 89.375, 2.226699878387522e-24, nan 
159.125, 89.375, 2.340317703915068e-24, nan 
159.375, 89.375, 2.4447870751850558e-24, nan 
159.625, 89.375, 2.3789685973588386e-24, nan 
159.875, 89.375, 2.3381180827519953e-24, nan 
160.125, 89.375, 2.2891043404086906e-24, nan 
160.375, 89.375, 2.3279591349418376e-24, nan 
160.625, 89.375, 2.2036152159398226e-24, nan 
160.875, 89.375, 2.2581877606806498e-24, nan 
161.125, 89.375, 2.3552484793688555e-24, nan 
161.375, 89.375, 2.504891747958069e-24, nan 
161.625, 89.375, 2.323546154806437e-24, nan 
161.875, 89.375, 2.3410131867022303e-24, nan 
162.125, 89.375, 2.2381923914306484e-24, nan 
162.375, 89.375, 2.1304773713688985e-24, nan 
162.625, 89.375, 2.1866650643263117e-24, nan 
162.875, 89.375, 2.1083228932217754e-24, nan 
163.125, 89.375, 2.0939058753871213e-24, nan 
163.375, 89.375, 2.0626370879152122e-24, nan 
163.625, 89.375, 2.030040610806082e-24, nan 
163.875, 89.375, 2.0552219103513142e-24, nan 
164.125, 89.375, 1.993831169637991e-24, nan 
164.375, 89.375, 2.7152743478597706e-24, nan 
164.625, 89.375, 1.800433983641786e-24, nan 
164.875, 89.375, 1.808519095969767e-24, nan 
165.125, 89.375, 1.755483407894657e-24, nan 
165.375, 89.375, 2.5311740172391327e-24, nan 
165.625, 89.375, 1.9047390275152263e-24, nan 
165.875, 89.375, 1.7750904649196648e-24, nan 
166.125, 89.375, 1.8885011795989096e-24, nan 
166.375, 89.375, 1.7465425420427374e-24, nan 
166.625, 89.375, 2.241368528820836e-24, nan 
166.875, 89.375, 1.6475090825914711e-24, nan 
167.125, 89.375, 1.7261450211975252e-24, nan 
167.375, 89.375, 1.679944377800396e-24, nan 
167.625, 89.375, 1.6554945775058334e-24, nan 
167.875, 89.375, 1.6352684878853593e-24, nan 
168.125, 89.375, 1.5973228100120895e-24, nan 
168.375, 89.375, 2.4811331030730306e-24, nan 
168.625, 89.375, 1.9305668190089514e-24, nan 
168.875, 89.375, 2.0311181878282e-24, nan 
169.125, 89.375, 2.0290705647358307e-24, nan 
169.375, 89.375, 2.194976373330719e-24, nan 
169.625, 89.375, 2.2645361455018556e-24, nan 
169.875, 89.375, 2.200594096885172e-24, nan 
170.125, 89.375, 2.347101187404334e-24, nan 
170.375, 89.375, 2.3053314226117645e-24, nan 
170.625, 89.375, 2.3852376100634144e-24, nan 
170.875, 89.375, 2.4756278692854924e-24, nan 
171.125, 89.375, 2.4267192262526342e-24, nan 
171.375, 89.375, 2.048333707036357e-24, nan 
171.625, 89.375, 1.8016847353333268e-24, nan 
171.875, 89.375, 2.3151411321532387e-24, nan 
172.125, 89.375, 2.793520158791761e-24, nan 
172.375, 89.375, 2.991903793367387e-24, nan 
172.625, 89.375, 3.0897152977995246e-24, nan 
172.875, 89.375, 3.5658850300278815e-24, nan 
173.125, 89.375, 3.985293707912432e-24, nan 
173.375, 89.375, 2.904085853888986e-24, nan 
173.625, 89.375, 3.0551500319213377e-24, nan 
173.875, 89.375, 2.9419290216328802e-24, nan 
174.125, 89.375, 3.024092144979616e-24, nan 
174.375, 89.375, 3.0785969656155563e-24, nan 
174.625, 89.375, 3.0429224257196664e-24, nan 
174.875, 89.375, 3.0081164959251354e-24, nan 
175.125, 89.375, 3.2697956333161845e-24, nan 
175.375, 89.375, 3.031237116454086e-24, nan 
175.625, 89.375, 3.22075350706991e-24, nan 
175.875, 89.375, 3.126887644380233e-24, nan 
176.125, 89.375, 3.0866489373103153e-24, nan 
176.375, 89.375, 3.2103905438741953e-24, nan 
176.625, 89.375, 3.204659592841739e-24, nan 
176.875, 89.375, 3.598934462114863e-24, nan 
177.125, 89.375, 3.4147253984974784e-24, nan 
177.375, 89.375, 3.575718755141803e-24, nan 
177.625, 89.375, 3.735423749061217e-24, nan 
177.875, 89.375, 3.9741605806094545e-24, nan 
178.125, 89.375, 4.237148937502126e-24, nan 
178.375, 89.375, 4.453550932725357e-24, nan 
178.625, 89.375, 4.785316920720704e-24, nan 
178.875, 89.375, 5.1698252445470854e-24, nan 
179.125, 89.375, 5.7228187216510086e-24, nan 
179.375, 89.375, 5.9236169250872225e-24, nan 
179.625, 89.375, 6.359293226695848e-24, nan 
179.875, 89.375, 6.522715948771482e-24, nan 
-179.875, 89.625, 5.379385988728975e-25, nan 
-179.625, 89.625, 7.71329825414212e-25, nan 
-179.375, 89.625, 6.36919953474378e-25, nan 
-179.125, 89.625, 7.047770288875221e-25, nan 
-178.875, 89.625, 5.658966070231538e-25, nan 
-178.625, 89.625, 6.813044001269763e-25, nan 
-178.375, 89.625, 6.055264081009917e-25, nan 
-178.125, 89.625, 5.407991872426748e-25, nan 
-177.875, 89.625, 6.930796145941683e-25, nan 
-177.625, 89.625, 5.848129600150092e-25, nan 
-177.375, 89.625, 8.658212818189036e-25, nan 
-177.125, 89.625, 5.659522919597044e-25, nan 
-176.875, 89.625, 8.021645844869935e-25, nan 
-176.625, 89.625, 5.281746799833793e-25, nan 
-176.375, 89.625, 6.750977201003523e-25, nan 
-176.125, 89.625, 4.392317579293874e-25, nan 
-175.875, 89.625, 1.344293905236713e-25, nan 
-175.625, 89.625, 3.048012006823791e-25, nan 
-175.375, 89.625, 5.632698876792648e-25, nan 
-175.125, 89.625, 4.002818680782401e-25, nan 
-174.875, 89.625, 5.540365370144619e-25, nan 
-174.625, 89.625, 7.012069330346227e-25, nan 
-174.375, 89.625, 5.49280277012112e-25, nan 
-174.125, 89.625, 4.771248728345974e-25, nan 
-173.875, 89.625, 4.15822788642674e-25, nan 
-173.625, 89.625, 6.499632841042249e-25, nan 
-173.375, 89.625, 3.9421986227589117e-25, nan 
-173.125, 89.625, 4.861931309699336e-25, nan 
-172.875, 89.625, 4.1202031572891935e-25, nan 
-172.625, 89.625, 4.361909851360617e-25, nan 
-172.375, 89.625, 5.332477041548237e-25, nan 
-172.125, 89.625, 4.284470502964302e-25, nan 
-171.875, 89.625, 6.804463159170269e-25, nan 
-171.625, 89.625, 4.0266059898703427e-25, nan 
-171.375, 89.625, 5.857692698894322e-25, nan 
-171.125, 89.625, 4.600041634763008e-25, nan 
-170.875, 89.625, 6.4846984249417445e-25, nan 
-170.625, 89.625, 4.695728322167351e-25, nan 
-170.375, 89.625, 5.052792565303488e-25, nan 
-170.125, 89.625, 4.998740262773311e-25, nan 
-169.875, 89.625, 5.109836311763754e-25, nan 
-169.625, 89.625, 3.253477909567305e-25, nan 
-169.375, 89.625, 4.207182988592717e-25, nan 
-169.125, 89.625, 3.9063254041596135e-25, nan 
-168.875, 89.625, 3.9616088865166998e-25, nan 
-168.625, 89.625, 3.3298152939766785e-25, nan 
-168.375, 89.625, 4.379210300882223e-25, nan 
-168.125, 89.625, 3.0929469748961856e-25, nan 
-167.875, 89.625, 4.390335558434399e-25, nan 
-167.625, 89.625, 4.181533140610596e-25, nan 
-167.375, 89.625, 3.728851302013493e-25, nan 
-167.125, 89.625, 3.0901095024971237e-25, nan 
-166.875, 89.625, 1.7296291183876628e-25, nan 
-166.625, 89.625, 2.43168981451743e-25, nan 
-166.375, 89.625, 3.019187090044004e-25, nan 
-166.125, 89.625, 3.35635248222056e-25, nan 
-165.875, 89.625, 4.41488413120859e-25, nan 
-165.625, 89.625, 5.83152556888704e-25, nan 
-165.375, 89.625, 3.8181657012199837e-25, nan 
-165.125, 89.625, 2.797935637874825e-25, nan 
-164.875, 89.625, 3.2900203838464556e-25, nan 
-164.625, 89.625, 5.071457381727738e-25, nan 
-164.375, 89.625, 3.111201243095918e-25, nan 
-164.125, 89.625, 2.298164075025339e-25, nan 
-163.875, 89.625, 2.832953364631538e-25, nan 
-163.625, 89.625, 4.229618610469674e-25, nan 
-163.375, 89.625, 2.78263044878347e-25, nan 
-163.125, 89.625, 4.6880770552731855e-25, nan 
-162.875, 89.625, 2.6935511280293067e-25, nan 
-162.625, 89.625, 4.800363839794736e-25, nan 
-162.375, 89.625, 4.205509002391659e-25, nan 
-162.125, 89.625, 4.961487897870344e-25, nan 
-161.875, 89.625, 4.294424775721187e-25, nan 
-161.625, 89.625, 5.09536099968177e-25, nan 
-161.375, 89.625, 4.064607767135656e-25, nan 
-161.125, 89.625, 4.894263631667121e-25, nan 
-160.875, 89.625, 3.828763757137593e-25, nan 
-160.625, 89.625, 4.681849234259239e-25, nan 
-160.375, 89.625, 3.93775504686645e-25, nan 
-160.125, 89.625, 4.295438618425056e-25, nan 
-159.875, 89.625, 4.368735865348098e-25, nan 
-159.625, 89.625, 4.544802493595065e-25, nan 
-159.375, 89.625, 3.573876303981388e-25, nan 
-159.125, 89.625, 4.610510202211842e-25, nan 
-158.875, 89.625, 3.5951412282017472e-25, nan 
-158.625, 89.625, 4.66178941284542e-25, nan 
-158.375, 89.625, 4.0779412504661244e-25, nan 
-158.125, 89.625, 5.076850940217959e-25, nan 
-157.875, 89.625, 4.390146337764446e-25, nan 
-157.625, 89.625, 4.48784130060672e-25, nan 
-157.375, 89.625, 4.0296144488265673e-25, nan 
-157.125, 89.625, 4.505850830333139e-25, nan 
-156.875, 89.625, 3.782966234760228e-25, nan 
-156.625, 89.625, 4.55699103839693e-25, nan 
-156.375, 89.625, 4.504441565416698e-25, nan 
-156.125, 89.625, 4.945311116371425e-25, nan 
-155.875, 89.625, 3.677918127533854e-25, nan 
-155.625, 89.625, 5.21680583865601e-25, nan 
-155.375, 89.625, 4.672560969229276e-25, nan 
-155.125, 89.625, 4.5295867430141815e-25, nan 
-154.875, 89.625, 3.218576114246708e-25, nan 
-154.625, 89.625, 4.409155699752438e-25, nan 
-154.375, 89.625, 2.3581352296316215e-25, nan 
-154.125, 89.625, 4.052624841298925e-25, nan 
-153.875, 89.625, 3.992339133721663e-25, nan 
-153.625, 89.625, 5.617623458997926e-25, nan 
-153.375, 89.625, 3.767139699914333e-25, nan 
-153.125, 89.625, 4.044823732053796e-25, nan 
-152.875, 89.625, 1.6462277510426343e-25, nan 
-152.625, 89.625, 4.0199170373263655e-25, nan 
-152.375, 89.625, 4.0185625834522474e-25, nan 
-152.125, 89.625, 5.6752880061411445e-25, nan 
-151.875, 89.625, 4.434724216720284e-25, nan 
-151.625, 89.625, 3.6186978571910673e-25, nan 
-151.375, 89.625, 2.436554076070968e-25, nan 
-151.125, 89.625, 3.3922052491356942e-25, nan 
-150.875, 89.625, 3.8814324970894e-25, nan 
-150.625, 89.625, 5.382120755313156e-25, nan 
-150.375, 89.625, 5.462567778839624e-25, nan 
-150.125, 89.625, 4.620552596907853e-25, nan 
-149.875, 89.625, 3.7639379481381296e-25, nan 
-149.625, 89.625, 4.862998049485125e-25, nan 
-149.375, 89.625, 4.656531568562047e-25, nan 
-149.125, 89.625, 2.4261380548249263e-25, nan 
-148.875, 89.625, 4.534926065037791e-25, nan 
-148.625, 89.625, 4.197209759606188e-25, nan 
-148.375, 89.625, 4.936438523403853e-25, nan 
-148.125, 89.625, 3.455717110970555e-25, nan 
-147.875, 89.625, 4.470375723157684e-25, nan 
-147.625, 89.625, 3.5699925928918933e-25, nan 
-147.375, 89.625, 5.520881657113209e-25, nan 
-147.125, 89.625, 4.281813761705658e-25, nan 
-146.875, 89.625, 4.631066242024135e-25, nan 
-146.625, 89.625, 4.363762822240814e-25, nan 
-146.375, 89.625, 4.853315992092594e-25, nan 
-146.125, 89.625, 3.503793515175235e-25, nan 
-145.875, 89.625, 4.478691199286629e-25, nan 
-145.625, 89.625, 4.73367434355019e-25, nan 
-145.375, 89.625, 5.363228487860792e-25, nan 
-145.125, 89.625, 5.065299510799687e-25, nan 
-144.875, 89.625, 5.8242555842585925e-25, nan 
-144.625, 89.625, 3.506719235576268e-25, nan 
-144.375, 89.625, 4.74637407176719e-25, nan 
-144.125, 89.625, 1.791945726520876e-25, nan 
-143.875, 89.625, 4.525145507142974e-25, nan 
-143.625, 89.625, 3.5411844466158584e-25, nan 
-143.375, 89.625, 4.462963293761087e-25, nan 
-143.125, 89.625, 1.8477322304182447e-25, nan 
-142.875, 89.625, 4.828049599743976e-25, nan 
-142.625, 89.625, 3.6760431237905004e-25, nan 
-142.375, 89.625, 4.375322085580435e-25, nan 
-142.125, 89.625, 4.0592649982246463e-25, nan 
-141.875, 89.625, 2.3572585120285717e-25, nan 
-141.625, 89.625, 9.332080585195639e-26, nan 
-141.375, 89.625, 2.0221081282760997e-25, nan 
-141.125, 89.625, 2.036574730820421e-25, nan 
-140.875, 89.625, 1.220583501895843e-25, nan 
-140.625, 89.625, 1.552147966688706e-25, nan 
-140.375, 89.625, 5.963464428952684e-25, nan 
-140.125, 89.625, 3.964057738164848e-25, nan 
-139.875, 89.625, 5.407123237440176e-25, nan 
-139.625, 89.625, 3.9398862440881584e-25, nan 
-139.375, 89.625, 4.851461497679922e-25, nan 
-139.125, 89.625, 1.5786708153346095e-25, nan 
-138.875, 89.625, 3.620678161977369e-25, nan 
-138.625, 89.625, 2.4980012374900706e-25, nan 
-138.375, 89.625, 3.818441948230339e-25, nan 
-138.125, 89.625, 2.2477602300439224e-25, nan 
-137.875, 89.625, 2.9561029889739927e-25, nan 
-137.625, 89.625, 2.3036352453934842e-25, nan 
-137.375, 89.625, 3.412921902657733e-25, nan 
-137.125, 89.625, 2.9030015874297946e-25, nan 
-136.875, 89.625, 1.5508479433547355e-25, nan 
-136.625, 89.625, 2.771611725665546e-25, nan 
-136.375, 89.625, 2.0372271108744004e-25, nan 
-136.125, 89.625, 2.1077233715772143e-25, nan 
-135.875, 89.625, 1.4157456009922232e-25, nan 
-135.625, 89.625, 2.3726834039390955e-25, nan 
-135.375, 89.625, 2.855096677608524e-25, nan 
-135.125, 89.625, 2.6302409333817853e-25, nan 
-134.875, 89.625, 1.9280633005797059e-25, nan 
-134.625, 89.625, 2.697006015594158e-25, nan 
-134.375, 89.625, 2.0399315136298116e-25, nan 
-134.125, 89.625, 3.049655032166264e-25, nan 
-133.875, 89.625, 2.7624606216651836e-25, nan 
-133.625, 89.625, 3.485488275172615e-25, nan 
-133.375, 89.625, 1.696654578979623e-25, nan 
-133.125, 89.625, 1.8557546864068139e-25, nan 
-132.875, 89.625, 1.612292800128662e-25, nan 
-132.625, 89.625, 1.5511356476239916e-25, nan 
-132.375, 89.625, 3.112297741050594e-25, nan 
-132.125, 89.625, 2.188989303809515e-25, nan 
-131.875, 89.625, 2.0673763193584256e-25, nan 
-131.625, 89.625, 1.4491355247505248e-25, nan 
-131.375, 89.625, 1.8741839441834546e-25, nan 
-131.125, 89.625, 1.8460122077265677e-25, nan 
-130.875, 89.625, 1.3581484316806508e-25, nan 
-130.625, 89.625, 3.3606210739099432e-25, nan 
-130.375, 89.625, 3.1829641001322744e-25, nan 
-130.125, 89.625, 3.8351312393087516e-25, nan 
-129.875, 89.625, 2.9037084717034627e-25, nan 
-129.625, 89.625, 3.312448069447623e-25, nan 
-129.375, 89.625, 2.5237810353262284e-25, nan 
-129.125, 89.625, 2.390339163969438e-25, nan 
-128.875, 89.625, 2.2777499221352282e-25, nan 
-128.625, 89.625, 1.1921025366153998e-25, nan 
-128.375, 89.625, 1.2169088617882823e-25, nan 
-128.125, 89.625, 1.0320801856173513e-25, nan 
-127.875, 89.625, 1.9297789791739156e-25, nan 
-127.625, 89.625, 2.1031010019697554e-25, nan 
-127.375, 89.625, 2.762886949608271e-25, nan 
-127.125, 89.625, 1.4385682659724825e-25, nan 
-126.875, 89.625, 1.5798405518810927e-25, nan 
-126.625, 89.625, 2.724943688160927e-25, nan 
-126.375, 89.625, 2.4782730614097775e-25, nan 
-126.125, 89.625, 2.1057414368013494e-25, nan 
-125.875, 89.625, 1.4435498473117751e-25, nan 
-125.625, 89.625, 2.7506826116909427e-25, nan 
-125.375, 89.625, 2.1002020618441664e-25, nan 
-125.125, 89.625, 2.06618464998387e-25, nan 
-124.875, 89.625, 2.5171442134860617e-25, nan 
-124.625, 89.625, 1.576299770293422e-25, nan 
-124.375, 89.625, 3.195758549777592e-25, nan 
-124.125, 89.625, 2.16821908503112e-25, nan 
-123.875, 89.625, 1.882902458038472e-25, nan 
-123.625, 89.625, 1.717610468172171e-25, nan 
-123.375, 89.625, 1.455382646339752e-25, nan 
-123.125, 89.625, 2.3248480560762533e-25, nan 
-122.875, 89.625, 1.4415201826731756e-25, nan 
-122.625, 89.625, 1.508084152040945e-25, nan 
-122.375, 89.625, 2.7005500534496357e-25, nan 
-122.125, 89.625, 1.4723977603852533e-25, nan 
-121.875, 89.625, 1.2676692006411754e-25, nan 
-121.625, 89.625, 1.244716013925798e-25, nan 
-121.375, 89.625, 2.4769068672027474e-25, nan 
-121.125, 89.625, 2.0809816829013547e-25, nan 
-120.875, 89.625, 2.355091074323032e-25, nan 
-120.625, 89.625, 1.556172769219261e-25, nan 
-120.375, 89.625, 1.5388034752376907e-25, nan 
-120.125, 89.625, 1.6142318889197008e-25, nan 
-119.875, 89.625, 1.1007361532551044e-25, nan 
-119.625, 89.625, 6.934188829449772e-26, nan 
-119.375, 89.625, 1.271714703215496e-25, nan 
-119.125, 89.625, 6.096786002782234e-26, nan 
-118.875, 89.625, 1.1506984106626578e-25, nan 
-118.625, 89.625, 2.0885158687004707e-25, nan 
-118.375, 89.625, 2.3039822209223027e-25, nan 
-118.125, 89.625, 9.896719926368375e-26, nan 
-117.875, 89.625, 1.0290334919873134e-25, nan 
-117.625, 89.625, 2.1608894582012907e-25, nan 
-117.375, 89.625, 9.359799401320846e-26, nan 
-117.125, 89.625, 1.1562297939047796e-25, nan 
-116.875, 89.625, 4.9580071645924065e-26, nan 
-116.625, 89.625, 1.1429876415031413e-25, nan 
-116.375, 89.625, 9.975515171689017e-26, nan 
-116.125, 89.625, 2.2120956923712114e-25, nan 
-115.875, 89.625, 4.3250606180790884e-26, nan 
-115.625, 89.625, 1.5225602564308088e-25, nan 
-115.375, 89.625, 1.1309554167021988e-25, nan 
-115.125, 89.625, 9.851283944662125e-26, nan 
-114.875, 89.625, 1.6138501932055717e-25, nan 
-114.625, 89.625, 1.0127200544328612e-25, nan 
-114.375, 89.625, 1.8657430400064182e-25, nan 
-114.125, 89.625, 2.629059012594514e-25, nan 
-113.875, 89.625, 2.9265822612590776e-25, nan 
-113.625, 89.625, 3.313897202071379e-25, nan 
-113.375, 89.625, 4.233329513651501e-25, nan 
-113.125, 89.625, 3.274994829017444e-25, nan 
-112.875, 89.625, 3.223227262921199e-25, nan 
-112.625, 89.625, 2.9349886222941428e-25, nan 
-112.375, 89.625, 3.5035924368079865e-25, nan 
-112.125, 89.625, 2.2740168029883172e-25, nan 
-111.875, 89.625, 5.3676207041034e-25, nan 
-111.625, 89.625, 1.9088385833477075e-25, nan 
-111.375, 89.625, 3.8876990744811866e-25, nan 
-111.125, 89.625, 3.7793855462631383e-25, nan 
-110.875, 89.625, 4.0882188298739193e-25, nan 
-110.625, 89.625, 2.990158331188908e-25, nan 
-110.375, 89.625, 3.236925337786193e-25, nan 
-110.125, 89.625, 3.3320500572610476e-25, nan 
-109.875, 89.625, 3.186447529219434e-25, nan 
-109.625, 89.625, 2.995679701369158e-25, nan 
-109.375, 89.625, 3.073188756823576e-25, nan 
-109.125, 89.625, 5.170669565430652e-25, nan 
-108.875, 89.625, 3.878352563400694e-25, nan 
-108.625, 89.625, 4.482560257237383e-25, nan 
-108.375, 89.625, 4.0102575586451577e-25, nan 
-108.125, 89.625, 4.146918834025168e-25, nan 
-107.875, 89.625, 3.2106323644039726e-25, nan 
-107.625, 89.625, 4.0267030373702233e-25, nan 
-107.375, 89.625, 5.422832424363241e-25, nan 
-107.125, 89.625, 5.713344440294864e-25, nan 
-106.875, 89.625, 5.739463689554788e-25, nan 
-106.625, 89.625, 5.6698015164812635e-25, nan 
-106.375, 89.625, 5.361455397492425e-25, nan 
-106.125, 89.625, 5.005169093356176e-25, nan 
-105.875, 89.625, 4.733583813460476e-25, nan 
-105.625, 89.625, 5.162829679503526e-25, nan 
-105.375, 89.625, 5.188330189941773e-25, nan 
-105.125, 89.625, 5.511167068130649e-25, nan 
-104.875, 89.625, 3.150586997876107e-25, nan 
-104.625, 89.625, 5.331821888643567e-25, nan 
-104.375, 89.625, 3.7605777472208246e-25, nan 
-104.125, 89.625, 4.9709149887149e-25, nan 
-103.875, 89.625, 3.7396834975864603e-25, nan 
-103.625, 89.625, 4.344174216737919e-25, nan 
-103.375, 89.625, 3.723777374564926e-25, nan 
-103.125, 89.625, 4.048001343108666e-25, nan 
-102.875, 89.625, 2.751784798618353e-25, nan 
-102.625, 89.625, 4.424552785019042e-25, nan 
-102.375, 89.625, 3.5640726612478107e-25, nan 
-102.125, 89.625, 2.6975042803323644e-25, nan 
-101.875, 89.625, 3.9349977272463385e-25, nan 
-101.625, 89.625, 4.175884756659148e-25, nan 
-101.375, 89.625, 3.53220232472603e-25, nan 
-101.125, 89.625, 4.0083751786664597e-25, nan 
-100.875, 89.625, 3.267390095600875e-25, nan 
-100.625, 89.625, 2.7731947142760405e-25, nan 
-100.375, 89.625, 4.4018500922679995e-25, nan 
-100.125, 89.625, 3.6426873105619825e-25, nan 
-99.875, 89.625, 4.0220962706713083e-25, nan 
-99.625, 89.625, 3.2422629947866806e-25, nan 
-99.375, 89.625, 3.724700902562274e-25, nan 
-99.125, 89.625, 1.703871577397449e-25, nan 
-98.875, 89.625, 3.0424828783587854e-25, nan 
-98.625, 89.625, 2.6251081566340855e-25, nan 
-98.375, 89.625, 3.624285277836568e-25, nan 
-98.125, 89.625, 3.2078402552316727e-25, nan 
-97.875, 89.625, 3.938653194626666e-25, nan 
-97.625, 89.625, 3.2594992464962426e-25, nan 
-97.375, 89.625, 3.1625951032294856e-25, nan 
-97.125, 89.625, 2.6678249553479526e-25, nan 
-96.875, 89.625, 3.014641447757792e-25, nan 
-96.625, 89.625, 3.7457455622848363e-25, nan 
-96.375, 89.625, 2.841794831056105e-25, nan 
-96.125, 89.625, 3.6303591576195667e-25, nan 
-95.875, 89.625, 3.607805071236009e-25, nan 
-95.625, 89.625, 3.280638094957585e-25, nan 
-95.375, 89.625, 3.592017481610567e-25, nan 
-95.125, 89.625, 3.6042130476914245e-25, nan 
-94.875, 89.625, 4.010602723608793e-25, nan 
-94.625, 89.625, 3.58593085156101e-25, nan 
-94.375, 89.625, 3.156331007998051e-25, nan 
-94.125, 89.625, 4.0226619076721735e-25, nan 
-93.875, 89.625, 3.158389121815636e-25, nan 
-93.625, 89.625, 2.9265480803713263e-25, nan 
-93.375, 89.625, 2.73703909468456e-25, nan 
-93.125, 89.625, 3.220888270051473e-25, nan 
-92.875, 89.625, 2.2270465719252436e-25, nan 
-92.625, 89.625, 3.729681114300839e-25, nan 
-92.375, 89.625, 3.1766675079421276e-25, nan 
-92.125, 89.625, 2.800826530984017e-25, nan 
-91.875, 89.625, 3.926631131408219e-25, nan 
-91.625, 89.625, 4.838112239022126e-25, nan 
-91.375, 89.625, 3.7144529115328613e-25, nan 
-91.125, 89.625, 4.228008848568004e-25, nan 
-90.875, 89.625, 3.5220305451052227e-25, nan 
-90.625, 89.625, 4.4886657561889555e-25, nan 
-90.375, 89.625, 4.6562824783361195e-25, nan 
-90.125, 89.625, 4.683221527072561e-25, nan 
-89.875, 89.625, 4.751525896998752e-25, nan 
-89.625, 89.625, 4.944025232345715e-25, nan 
-89.375, 89.625, 5.441959495844721e-25, nan 
-89.125, 89.625, 5.368196504294375e-25, nan 
-88.875, 89.625, 5.490850188059231e-25, nan 
-88.625, 89.625, 5.755932664756491e-25, nan 
-88.375, 89.625, 5.835610982853339e-25, nan 
-88.125, 89.625, 6.671668693049466e-25, nan 
-87.875, 89.625, 6.7619020340475185e-25, nan 
-87.625, 89.625, 7.51607728811378e-25, nan 
-87.375, 89.625, 6.849664314452697e-25, nan 
-87.125, 89.625, 6.205801807373718e-25, nan 
-86.875, 89.625, 6.513141111479085e-25, nan 
-86.625, 89.625, 7.950512874241248e-25, nan 
-86.375, 89.625, 7.662872213454081e-25, nan 
-86.125, 89.625, 6.545485941774328e-25, nan 
-85.875, 89.625, 5.991956575754531e-25, nan 
-85.625, 89.625, 4.9965685584946845e-25, nan 
-85.375, 89.625, 4.300997378515912e-25, nan 
-85.125, 89.625, 3.216379224838138e-25, nan 
-84.875, 89.625, 4.793855447581193e-25, nan 
-84.625, 89.625, 3.6798698145322115e-25, nan 
-84.375, 89.625, 3.5656321677019926e-25, nan 
-84.125, 89.625, 3.656313440864536e-25, nan 
-83.875, 89.625, 3.966218340915491e-25, nan 
-83.625, 89.625, 4.762744897325388e-25, nan 
-83.375, 89.625, 5.265689601400842e-25, nan 
-83.125, 89.625, 4.875487908466355e-25, nan 
-82.875, 89.625, 4.431909438963139e-25, nan 
-82.625, 89.625, 4.754836508160933e-25, nan 
-82.375, 89.625, 3.9769805161703754e-25, nan 
-82.125, 89.625, 4.318012825616489e-25, nan 
-81.875, 89.625, 4.462338593884123e-25, nan 
-81.625, 89.625, 4.7130540775669045e-25, nan 
-81.375, 89.625, 4.208053866790782e-25, nan 
-81.125, 89.625, 5.683188127649051e-25, nan 
-80.875, 89.625, 4.862092301268996e-25, nan 
-80.625, 89.625, 4.171220419411152e-25, nan 
-80.375, 89.625, 4.3326814414293735e-25, nan 
-80.125, 89.625, 4.2880299017816e-25, nan 
-79.875, 89.625, 5.944304539532633e-25, nan 
-79.625, 89.625, 6.734909327997078e-25, nan 
-79.375, 89.625, 7.280124080635676e-25, nan 
-79.125, 89.625, 7.354745572443136e-25, nan 
-78.875, 89.625, 7.77232669647433e-25, nan 
-78.625, 89.625, 7.896338465156293e-25, nan 
-78.375, 89.625, 7.469754616120523e-25, nan 
-78.125, 89.625, 6.3992613029442145e-25, nan 
-77.875, 89.625, 7.3611015702255445e-25, nan 
-77.625, 89.625, 7.785088525433138e-25, nan 
-77.375, 89.625, 7.156539103525185e-25, nan 
-77.125, 89.625, 7.980148678212176e-25, nan 
-76.875, 89.625, 8.196673089736638e-25, nan 
-76.625, 89.625, 9.222973921610293e-25, nan 
-76.375, 89.625, 9.925950910550484e-25, nan 
-76.125, 89.625, 8.688292373921802e-25, nan 
-75.875, 89.625, 8.909733885540429e-25, nan 
-75.625, 89.625, 8.938238728082953e-25, nan 
-75.375, 89.625, 8.703293013269147e-25, nan 
-75.125, 89.625, 9.510051135786586e-25, nan 
-74.875, 89.625, 9.092355828202832e-25, nan 
-74.625, 89.625, 8.768260893483943e-25, nan 
-74.375, 89.625, 9.339639619022869e-25, nan 
-74.125, 89.625, 9.26763555820984e-25, nan 
-73.875, 89.625, 9.186086547731988e-25, nan 
-73.625, 89.625, 9.672510110493203e-25, nan 
-73.375, 89.625, 8.971814792601154e-25, nan 
-73.125, 89.625, 9.139878674156016e-25, nan 
-72.875, 89.625, 9.15166770694541e-25, nan 
-72.625, 89.625, 9.808963188716602e-25, nan 
-72.375, 89.625, 9.667543988857503e-25, nan 
-72.125, 89.625, 1.019687568200883e-24, nan 
-71.875, 89.625, 9.331482061309891e-25, nan 
-71.625, 89.625, 9.62227476404341e-25, nan 
-71.375, 89.625, 9.580242472215646e-25, nan 
-71.125, 89.625, 1.0674500159352172e-24, nan 
-70.875, 89.625, 1.0803444103057234e-24, nan 
-70.625, 89.625, 9.762068465833392e-25, nan 
-70.375, 89.625, 9.14695244833412e-25, nan 
-70.125, 89.625, 9.126908448199205e-25, nan 
-69.875, 89.625, 1.1231293970856837e-24, nan 
-69.625, 89.625, 1.0141518898599535e-24, nan 
-69.375, 89.625, 9.660029398430453e-25, nan 
-69.125, 89.625, 8.6362854958989e-25, nan 
-68.875, 89.625, 8.267991213293263e-25, nan 
-68.625, 89.625, 9.24136525791132e-25, nan 
-68.375, 89.625, 9.432610588725225e-25, nan 
-68.125, 89.625, 9.09237640997931e-25, nan 
-67.875, 89.625, 8.983650589152251e-25, nan 
-67.625, 89.625, 8.610142407962315e-25, nan 
-67.375, 89.625, 8.52714193108923e-25, nan 
-67.125, 89.625, 9.516382484202323e-25, nan 
-66.875, 89.625, 8.777082978219641e-25, nan 
-66.625, 89.625, 9.00225560556436e-25, nan 
-66.375, 89.625, 8.469558033686225e-25, nan 
-66.125, 89.625, 9.598137904027668e-25, nan 
-65.875, 89.625, 9.763802894743849e-25, nan 
-65.625, 89.625, 9.615093811600243e-25, nan 
-65.375, 89.625, 1.0027611387370543e-24, nan 
-65.125, 89.625, 9.708251672746209e-25, nan 
-64.875, 89.625, 8.974543567453904e-25, nan 
-64.625, 89.625, 1.0179064473679191e-24, nan 
-64.375, 89.625, 8.972138059608463e-25, nan 
-64.125, 89.625, 1.0275274131638594e-24, nan 
-63.875, 89.625, 9.564110806784936e-25, nan 
-63.625, 89.625, 9.900278662840593e-25, nan 
-63.375, 89.625, 9.736709156585703e-25, nan 
-63.125, 89.625, 1.1433953982542683e-24, nan 
-62.875, 89.625, 1.0193876383374444e-24, nan 
-62.625, 89.625, 8.84959620472579e-25, nan 
-62.375, 89.625, 8.598103320410277e-25, nan 
-62.125, 89.625, 9.239084449049032e-25, nan 
-61.875, 89.625, 1.0086598440096053e-24, nan 
-61.625, 89.625, 1.247423245457107e-24, nan 
-61.375, 89.625, 1.400177238171939e-24, nan 
-61.125, 89.625, 1.4526574100150437e-24, nan 
-60.875, 89.625, 1.46943211594869e-24, nan 
-60.625, 89.625, 1.1663423916595402e-24, nan 
-60.375, 89.625, 9.164144731471524e-25, nan 
-60.125, 89.625, 8.62244471378337e-25, nan 
-59.875, 89.625, 9.759235710784682e-25, nan 
-59.625, 89.625, 9.791326189740987e-25, nan 
-59.375, 89.625, 1.0536641495596773e-24, nan 
-59.125, 89.625, 8.652626272820606e-25, nan 
-58.875, 89.625, 6.500175453297559e-25, nan 
-58.625, 89.625, 5.907996290672235e-25, nan 
-58.375, 89.625, 5.902887498473706e-25, nan 
-58.125, 89.625, 5.714750639070656e-25, nan 
-57.875, 89.625, 5.060989339200588e-25, nan 
-57.625, 89.625, 5.798913338713013e-25, nan 
-57.375, 89.625, 5.074259015799843e-25, nan 
-57.125, 89.625, 6.691016111073259e-25, nan 
-56.875, 89.625, 8.070211826675582e-25, nan 
-56.625, 89.625, 8.630080104055874e-25, nan 
-56.375, 89.625, 9.36326740940891e-25, nan 
-56.125, 89.625, 9.447668246315775e-25, nan 
-55.875, 89.625, 9.758617307245484e-25, nan 
-55.625, 89.625, 9.91696612202223e-25, nan 
-55.375, 89.625, 9.20882338410737e-25, nan 
-55.125, 89.625, 9.409203063064185e-25, nan 
-54.875, 89.625, 1.0210110567807028e-24, nan 
-54.625, 89.625, 9.630152547777875e-25, nan 
-54.375, 89.625, 9.859136332698247e-25, nan 
-54.125, 89.625, 9.550303889116182e-25, nan 
-53.875, 89.625, 9.325409806178612e-25, nan 
-53.625, 89.625, 9.116545653505205e-25, nan 
-53.375, 89.625, 7.935948853796792e-25, nan 
-53.125, 89.625, 5.131281124713173e-25, nan 
-52.875, 89.625, 7.169410261284191e-25, nan 
-52.625, 89.625, 1.007844519075916e-24, nan 
-52.375, 89.625, 1.0151222803452629e-24, nan 
-52.125, 89.625, 8.479689699987534e-25, nan 
-51.875, 89.625, 9.224152506984558e-25, nan 
-51.625, 89.625, 9.70305244795203e-25, nan 
-51.375, 89.625, 1.074564867679878e-24, nan 
-51.125, 89.625, 9.729401864963062e-25, nan 
-50.875, 89.625, 9.77182909677697e-25, nan 
-50.625, 89.625, 1.0404589888190509e-24, nan 
-50.375, 89.625, 1.2791953229697668e-24, nan 
-50.125, 89.625, 1.155728182011032e-24, nan 
-49.875, 89.625, 1.1401103505067084e-24, nan 
-49.625, 89.625, 1.0845517820151544e-24, nan 
-49.375, 89.625, 1.1922900513344372e-24, nan 
-49.125, 89.625, 9.646052284279927e-25, nan 
-48.875, 89.625, 9.829848699045782e-25, nan 
-48.625, 89.625, 9.280712808886263e-25, nan 
-48.375, 89.625, 1.1583721870804605e-24, nan 
-48.125, 89.625, 1.0550135004227195e-24, nan 
-47.875, 89.625, 9.437949755904175e-25, nan 
-47.625, 89.625, 8.268370355294393e-25, nan 
-47.375, 89.625, 7.417562031232104e-25, nan 
-47.125, 89.625, 7.389927047613788e-25, nan 
-46.875, 89.625, 6.481577302535293e-25, nan 
-46.625, 89.625, 8.245052929130021e-25, nan 
-46.375, 89.625, 1.3863967718426102e-24, nan 
-46.125, 89.625, 1.1169705195621238e-24, nan 
-45.875, 89.625, 9.353460245467484e-25, nan 
-45.625, 89.625, 1.0334542641210894e-24, nan 
-45.375, 89.625, 1.132578761311004e-24, nan 
-45.125, 89.625, 9.413272753275412e-25, nan 
-44.875, 89.625, 7.403343447126919e-25, nan 
-44.625, 89.625, 9.44950597746764e-25, nan 
-44.375, 89.625, 1.1541031586097822e-24, nan 
-44.125, 89.625, 1.309474738572555e-24, nan 
-43.875, 89.625, 1.1178142011885692e-24, nan 
-43.625, 89.625, 8.443754732880987e-25, nan 
-43.375, 89.625, 9.79262714211045e-25, nan 
-43.125, 89.625, 1.0104285947740277e-24, nan 
-42.875, 89.625, 1.0102221599811906e-24, nan 
-42.625, 89.625, 9.19498368948947e-25, nan 
-42.375, 89.625, 1.0298996610013215e-24, nan 
-42.125, 89.625, 9.29056187068949e-25, nan 
-41.875, 89.625, 8.2498932867626535e-25, nan 
-41.625, 89.625, 8.775883689621939e-25, nan 
-41.375, 89.625, 9.331282718200367e-25, nan 
-41.125, 89.625, 9.2996637867769e-25, nan 
-40.875, 89.625, 9.4817911234946e-25, nan 
-40.625, 89.625, 9.949996131880507e-25, nan 
-40.375, 89.625, 1.0221744538239341e-24, nan 
-40.125, 89.625, 9.912365972150928e-25, nan 
-39.875, 89.625, 1.0985324059517659e-24, nan 
-39.625, 89.625, 9.655494669581012e-25, nan 
-39.375, 89.625, 1.1019987913636334e-24, nan 
-39.125, 89.625, 1.0702944647853488e-24, nan 
-38.875, 89.625, 1.0888093278437915e-24, nan 
-38.625, 89.625, 1.0926600763033756e-24, nan 
-38.375, 89.625, 1.1973535978572499e-24, nan 
-38.125, 89.625, 1.2694448156803007e-24, nan 
-37.875, 89.625, 1.1787747858264472e-24, nan 
-37.625, 89.625, 1.132948573026837e-24, nan 
-37.375, 89.625, 1.1897451795712047e-24, nan 
-37.125, 89.625, 1.3630566618748558e-24, nan 
-36.875, 89.625, 1.2561783362343964e-24, nan 
-36.625, 89.625, 1.2817662672675019e-24, nan 
-36.375, 89.625, 1.192523342125858e-24, nan 
-36.125, 89.625, 1.3307941083820332e-24, nan 
-35.875, 89.625, 1.2947602128997865e-24, nan 
-35.625, 89.625, 1.287625546574832e-24, nan 
-35.375, 89.625, 1.2561706297943554e-24, nan 
-35.125, 89.625, 1.323724907311898e-24, nan 
-34.875, 89.625, 1.320873593276937e-24, nan 
-34.625, 89.625, 1.3590207813281156e-24, nan 
-34.375, 89.625, 1.3433083930583081e-24, nan 
-34.125, 89.625, 1.3763608303751674e-24, nan 
-33.875, 89.625, 1.3399938443794403e-24, nan 
-33.625, 89.625, 1.3633370933026432e-24, nan 
-33.375, 89.625, 1.40148984380422e-24, nan 
-33.125, 89.625, 1.3248026556663291e-24, nan 
-32.875, 89.625, 1.518101454008895e-24, nan 
-32.625, 89.625, 1.3671603948725212e-24, nan 
-32.375, 89.625, 1.2759428824450625e-24, nan 
-32.125, 89.625, 1.4274964664318442e-24, nan 
-31.875, 89.625, 1.4343960143312752e-24, nan 
-31.625, 89.625, 1.4973231682675956e-24, nan 
-31.375, 89.625, 1.4305455860076383e-24, nan 
-31.125, 89.625, 1.4493220054126789e-24, nan 
-30.875, 89.625, 1.3118827907289387e-24, nan 
-30.625, 89.625, 1.330646209966457e-24, nan 
-30.375, 89.625, 1.2225067150481706e-24, nan 
-30.125, 89.625, 1.2359663083167657e-24, nan 
-29.875, 89.625, 1.3201824144308919e-24, nan 
-29.625, 89.625, 1.360452026924714e-24, nan 
-29.375, 89.625, 1.4261585636517722e-24, nan 
-29.125, 89.625, 1.3973054394311623e-24, nan 
-28.875, 89.625, 1.3738907617731452e-24, nan 
-28.625, 89.625, 1.4245463278488726e-24, nan 
-28.375, 89.625, 1.4158141350719794e-24, nan 
-28.125, 89.625, 1.4994462614065675e-24, nan 
-27.875, 89.625, 1.43927022972447e-24, nan 
-27.625, 89.625, 1.3926677128257619e-24, nan 
-27.375, 89.625, 1.5553267500839465e-24, nan 
-27.125, 89.625, 1.3652828803144428e-24, nan 
-26.875, 89.625, 1.3381132634891638e-24, nan 
-26.625, 89.625, 1.4075026202174926e-24, nan 
-26.375, 89.625, 1.5145469171885197e-24, nan 
-26.125, 89.625, 1.1687632439109421e-24, nan 
-25.875, 89.625, 1.3576933321837499e-24, nan 
-25.625, 89.625, 1.5135510286234321e-24, nan 
-25.375, 89.625, 1.5210839664461509e-24, nan 
-25.125, 89.625, 1.4431987219286955e-24, nan 
-24.875, 89.625, 1.5775468724053323e-24, nan 
-24.625, 89.625, 1.4635042742706218e-24, nan 
-24.375, 89.625, 1.4724751815332585e-24, nan 
-24.125, 89.625, 1.5098604654527714e-24, nan 
-23.875, 89.625, 1.4981225129606752e-24, nan 
-23.625, 89.625, 1.528446201842793e-24, nan 
-23.375, 89.625, 1.3969980599955738e-24, nan 
-23.125, 89.625, 1.6417338307622297e-24, nan 
-22.875, 89.625, 1.8890145498422256e-24, nan 
-22.625, 89.625, 1.740008319860003e-24, nan 
-22.375, 89.625, 1.438575953322321e-24, nan 
-22.125, 89.625, 1.5646965724864619e-24, nan 
-21.875, 89.625, 1.3189367812907546e-24, nan 
-21.625, 89.625, 1.420292551041043e-24, nan 
-21.375, 89.625, 1.58686445453846e-24, nan 
-21.125, 89.625, 1.2251823868751964e-24, nan 
-20.875, 89.625, 1.089568794863586e-24, nan 
-20.625, 89.625, 1.4303276086790457e-24, nan 
-20.375, 89.625, 1.5622186126703221e-24, nan 
-20.125, 89.625, 1.4924939194688049e-24, nan 
-19.875, 89.625, 1.5841050509226354e-24, nan 
-19.625, 89.625, 1.5691370783413855e-24, nan 
-19.375, 89.625, 1.699233282699236e-24, nan 
-19.125, 89.625, 1.3591543765863007e-24, nan 
-18.875, 89.625, 1.2301256155540833e-24, nan 
-18.625, 89.625, 1.4269129025438859e-24, nan 
-18.375, 89.625, 1.251495750313867e-24, nan 
-18.125, 89.625, 1.3742646436471903e-24, nan 
-17.875, 89.625, 1.2654016176506285e-24, nan 
-17.625, 89.625, 1.3846655132165195e-24, nan 
-17.375, 89.625, 1.4540134703851487e-24, nan 
-17.125, 89.625, 1.2731152589259188e-24, nan 
-16.875, 89.625, 1.4995884061287148e-24, nan 
-16.625, 89.625, 1.5474266656742448e-24, nan 
-16.375, 89.625, 1.611358712476225e-24, nan 
-16.125, 89.625, 1.5814685630621863e-24, nan 
-15.875, 89.625, 1.5809812664840684e-24, nan 
-15.625, 89.625, 1.553841713396758e-24, nan 
-15.375, 89.625, 1.4881826777879226e-24, nan 
-15.125, 89.625, 1.329692563726635e-24, nan 
-14.875, 89.625, 1.4824919997008772e-24, nan 
-14.625, 89.625, 1.3922481017875387e-24, nan 
-14.375, 89.625, 1.6745730526976213e-24, nan 
-14.125, 89.625, 1.6223653012855659e-24, nan 
-13.875, 89.625, 1.5731892270932272e-24, nan 
-13.625, 89.625, 1.4778252478697183e-24, nan 
-13.375, 89.625, 1.5502721575993848e-24, nan 
-13.125, 89.625, 1.3397857971992763e-24, nan 
-12.875, 89.625, 1.1890727346461855e-24, nan 
-12.625, 89.625, 1.3713974177189204e-24, nan 
-12.375, 89.625, 1.5471798845993403e-24, nan 
-12.125, 89.625, 1.6497509044505222e-24, nan 
-11.875, 89.625, 1.5943954720497148e-24, nan 
-11.625, 89.625, 1.5715454296294518e-24, nan 
-11.375, 89.625, 1.6143212676274302e-24, nan 
-11.125, 89.625, 1.5920401965600936e-24, nan 
-10.875, 89.625, 1.3611275202777114e-24, nan 
-10.625, 89.625, 1.3100161936310939e-24, nan 
-10.375, 89.625, 1.3314947938678324e-24, nan 
-10.125, 89.625, 1.3799921205584394e-24, nan 
-9.875, 89.625, 1.4047429051996687e-24, nan 
-9.625, 89.625, 1.3046467999555245e-24, nan 
-9.375, 89.625, 1.384856261842092e-24, nan 
-9.125, 89.625, 1.3316534104634681e-24, nan 
-8.875, 89.625, 1.3598823591295966e-24, nan 
-8.625, 89.625, 1.4156083452357195e-24, nan 
-8.375, 89.625, 1.4202777151079982e-24, nan 
-8.125, 89.625, 2.163491988711752e-24, nan 
-7.875, 89.625, 1.5927435741398665e-24, nan 
-7.625, 89.625, 1.449622600923452e-24, nan 
-7.375, 89.625, 1.4477366308120422e-24, nan 
-7.125, 89.625, 1.6633008333602017e-24, nan 
-6.875, 89.625, 1.4161156088775411e-24, nan 
-6.625, 89.625, 1.4142629992476182e-24, nan 
-6.375, 89.625, 1.3831231062357623e-24, nan 
-6.125, 89.625, 1.306476655529011e-24, nan 
-5.875, 89.625, 1.448991011406877e-24, nan 
-5.625, 89.625, 1.515166104315455e-24, nan 
-5.375, 89.625, 1.4968331239644304e-24, nan 
-5.125, 89.625, 1.402977671056713e-24, nan 
-4.875, 89.625, 1.4149805798560664e-24, nan 
-4.625, 89.625, 1.4360228823446417e-24, nan 
-4.375, 89.625, 1.4457083700940074e-24, nan 
-4.125, 89.625, 1.3979095819418427e-24, nan 
-3.875, 89.625, 1.458655582288615e-24, nan 
-3.625, 89.625, 1.5757315011446536e-24, nan 
-3.375, 89.625, 1.3857886867810999e-24, nan 
-3.125, 89.625, 1.3705503000081277e-24, nan 
-2.875, 89.625, 1.5217205708041865e-24, nan 
-2.625, 89.625, 1.3713978112771742e-24, nan 
-2.375, 89.625, 1.2841834595613838e-24, nan 
-2.125, 89.625, 1.7717792912802755e-24, nan 
-1.875, 89.625, 1.4628518812157348e-24, nan 
-1.625, 89.625, 1.3721563991157917e-24, nan 
-1.375, 89.625, 1.446894997616248e-24, nan 
-1.125, 89.625, 1.5000457040366416e-24, nan 
-0.875, 89.625, 1.38227789704635e-24, nan 
-0.625, 89.625, 1.3567741823497982e-24, nan 
-0.375, 89.625, 1.4087476167547283e-24, nan 
-0.125, 89.625, 1.6076749916308874e-24, nan 
0.125, 89.625, 1.4583175864265528e-24, nan 
0.375, 89.625, 1.359322843335356e-24, nan 
0.625, 89.625, 1.4276110060572206e-24, nan 
0.875, 89.625, 1.292480159347619e-24, nan 
1.125, 89.625, 1.4684193377594702e-24, nan 
1.375, 89.625, 1.4070718702955477e-24, nan 
1.625, 89.625, 1.5105640885389092e-24, nan 
1.875, 89.625, 1.3221802890429136e-24, nan 
2.125, 89.625, 1.4172821885615947e-24, nan 
2.375, 89.625, 1.2402543735457957e-24, nan 
2.625, 89.625, 1.1908458867162565e-24, nan 
2.875, 89.625, 1.221661953979935e-24, nan 
3.125, 89.625, 1.3807124205335212e-24, nan 
3.375, 89.625, 1.4907431825294881e-24, nan 
3.625, 89.625, 1.7334355200982276e-24, nan 
3.875, 89.625, 1.5348604583615359e-24, nan 
4.125, 89.625, 1.971566081582094e-24, nan 
4.375, 89.625, 1.3919324873299437e-24, nan 
4.625, 89.625, 1.3480767878665522e-24, nan 
4.875, 89.625, 1.9357210091013082e-24, nan 
5.125, 89.625, 1.18069516048073e-24, nan 
5.375, 89.625, 1.4523105629050933e-24, nan 
5.625, 89.625, 1.2610599919094668e-24, nan 
5.875, 89.625, 1.590455528137794e-24, nan 
6.125, 89.625, 1.751797784226165e-24, nan 
6.375, 89.625, 1.3883199177274498e-24, nan 
6.625, 89.625, 1.6322695341237507e-24, nan 
6.875, 89.625, 1.3766672782181942e-24, nan 
7.125, 89.625, 1.7455241841602935e-24, nan 
7.375, 89.625, 1.648704403391599e-24, nan 
7.625, 89.625, 1.6983932491876874e-24, nan 
7.875, 89.625, 1.4154126398148341e-24, nan 
8.125, 89.625, 1.7704256447000678e-24, nan 
8.375, 89.625, 1.56165285742928e-24, nan 
8.625, 89.625, 1.6152554244661587e-24, nan 
8.875, 89.625, 1.6586004960824252e-24, nan 
9.125, 89.625, 2.011545786329234e-24, nan 
9.375, 89.625, 1.68993995945974e-24, nan 
9.625, 89.625, 2.027885830221121e-24, nan 
9.875, 89.625, 1.621870237949423e-24, nan 
10.125, 89.625, 1.445625766300849e-24, nan 
10.375, 89.625, 1.741631549032338e-24, nan 
10.625, 89.625, 1.7012224109025627e-24, nan 
10.875, 89.625, 1.9798216470222508e-24, nan 
11.125, 89.625, 1.6528075101758783e-24, nan 
11.375, 89.625, 1.8452965961472847e-24, nan 
11.625, 89.625, 1.545310739322572e-24, nan 
11.875, 89.625, 1.4661614613664695e-24, nan 
12.125, 89.625, 1.428476632008653e-24, nan 
12.375, 89.625, 1.232737594371305e-24, nan 
12.625, 89.625, 2.163064641236694e-24, nan 
12.875, 89.625, 1.764571108528423e-24, nan 
13.125, 89.625, 1.415652407603588e-24, nan 
13.375, 89.625, 1.8706562609024374e-24, nan 
13.625, 89.625, 1.8438996776021575e-24, nan 
13.875, 89.625, 1.5414595939271487e-24, nan 
14.125, 89.625, 1.4494628884021645e-24, nan 
14.375, 89.625, 2.0809673025585634e-24, nan 
14.625, 89.625, 1.4479091241310861e-24, nan 
14.875, 89.625, 1.612197853576976e-24, nan 
15.125, 89.625, 1.5872345712176348e-24, nan 
15.375, 89.625, 2.225619610336033e-24, nan 
15.625, 89.625, 1.6522109287641542e-24, nan 
15.875, 89.625, 1.5159989996782535e-24, nan 
16.125, 89.625, 1.4280009582159397e-24, nan 
16.375, 89.625, 1.448154783339497e-24, nan 
16.625, 89.625, 1.572231895932485e-24, nan 
16.875, 89.625, 1.4531233825502881e-24, nan 
17.125, 89.625, 1.6687547466455004e-24, nan 
17.375, 89.625, 1.7206695516456555e-24, nan 
17.625, 89.625, 1.958687424488944e-24, nan 
17.875, 89.625, 1.67549372321789e-24, nan 
18.125, 89.625, 1.6769775453520577e-24, nan 
18.375, 89.625, 1.6225288094397736e-24, nan 
18.625, 89.625, 1.9837676181935423e-24, nan 
18.875, 89.625, 1.7881480458644614e-24, nan 
19.125, 89.625, 1.4488923846097924e-24, nan 
19.375, 89.625, 1.0841725144640487e-24, nan 
19.625, 89.625, 1.1659412852463767e-24, nan 
19.875, 89.625, 1.6101351355450867e-24, nan 
20.125, 89.625, 1.6984001311313973e-24, nan 
20.375, 89.625, 1.4740004486160366e-24, nan 
20.625, 89.625, 1.8343024865144284e-24, nan 
20.875, 89.625, 1.4918383301930185e-24, nan 
21.125, 89.625, 1.9310522829609313e-24, nan 
21.375, 89.625, 1.938563510472434e-24, nan 
21.625, 89.625, 1.945955159027335e-24, nan 
21.875, 89.625, 1.7146858537286997e-24, nan 
22.125, 89.625, 2.0262959456441643e-24, nan 
22.375, 89.625, 1.2767689752551862e-24, nan 
22.625, 89.625, 2.0566085136617978e-24, nan 
22.875, 89.625, 1.843343548771424e-24, nan 
23.125, 89.625, 1.233077185847005e-24, nan 
23.375, 89.625, 1.4004878082622423e-24, nan 
23.625, 89.625, 2.053478540869445e-24, nan 
23.875, 89.625, 1.5256195088071655e-24, nan 
24.125, 89.625, 1.9612734395266973e-24, nan 
24.375, 89.625, 1.713339705781144e-24, nan 
24.625, 89.625, 1.3733495849908466e-24, nan 
24.875, 89.625, 1.640054564021803e-24, nan 
25.125, 89.625, 1.4039792483285451e-24, nan 
25.375, 89.625, 1.5527734396562096e-24, nan 
25.625, 89.625, 9.925289601227311e-25, nan 
25.875, 89.625, 1.782143252152167e-24, nan 
26.125, 89.625, 1.8367687670241164e-24, nan 
26.375, 89.625, 1.6668967193577446e-24, nan 
26.625, 89.625, 1.6974124906974596e-24, nan 
26.875, 89.625, 1.731372497145109e-24, nan 
27.125, 89.625, 1.5773435900391228e-24, nan 
27.375, 89.625, 1.1756773589131285e-24, nan 
27.625, 89.625, 1.222664270409739e-24, nan 
27.875, 89.625, 1.9697063122383377e-24, nan 
28.125, 89.625, 1.0492683414996235e-24, nan 
28.375, 89.625, 8.254032668026206e-25, nan 
28.625, 89.625, 1.0493358648415128e-24, nan 
28.875, 89.625, 1.4301114369770655e-24, nan 
29.125, 89.625, 1.3207614338102988e-24, nan 
29.375, 89.625, 8.818458304012584e-25, nan 
29.625, 89.625, 1.3351032888145452e-24, nan 
29.875, 89.625, 1.2041322576688188e-24, nan 
30.125, 89.625, 1.6829196249471342e-24, nan 
30.375, 89.625, 9.253711882460905e-25, nan 
30.625, 89.625, 8.746322223818058e-25, nan 
30.875, 89.625, 1.9894335809459337e-24, nan 
31.125, 89.625, 9.579263376931933e-25, nan 
31.375, 89.625, 7.160263015523527e-25, nan 
31.625, 89.625, 7.2346123543098415e-25, nan 
31.875, 89.625, 9.145865290140425e-25, nan 
32.125, 89.625, 8.069156503840926e-25, nan 
32.375, 89.625, 7.47962896719139e-25, nan 
32.625, 89.625, 7.824247604716319e-25, nan 
32.875, 89.625, 7.128811277922109e-25, nan 
33.125, 89.625, 5.796260197226577e-25, nan 
33.375, 89.625, 1.0573040586328347e-24, nan 
33.625, 89.625, 1.0297359256806874e-24, nan 
33.875, 89.625, 5.997976380951733e-25, nan 
34.125, 89.625, 6.8475161962532065e-25, nan 
34.375, 89.625, 7.2191297467543565e-25, nan 
34.625, 89.625, 7.912002775164555e-25, nan 
34.875, 89.625, 8.66154162102833e-25, nan 
35.125, 89.625, 9.423975481342461e-25, nan 
35.375, 89.625, 1.1275692397785055e-24, nan 
35.625, 89.625, 1.1679344889828173e-24, nan 
35.875, 89.625, 1.2726622368198938e-24, nan 
36.125, 89.625, 1.3744417684748382e-24, nan 
36.375, 89.625, 1.099056494338155e-24, nan 
36.625, 89.625, 9.293360790199623e-25, nan 
36.875, 89.625, 9.260098852726751e-25, nan 
37.125, 89.625, 7.467137945548824e-25, nan 
37.375, 89.625, 8.1629102453135075e-25, nan 
37.625, 89.625, 5.799068200389412e-25, nan 
37.875, 89.625, 7.602369776882121e-25, nan 
38.125, 89.625, 7.447263634256356e-25, nan 
38.375, 89.625, 1.1398720180877631e-24, nan 
38.625, 89.625, 9.644612636769571e-25, nan 
38.875, 89.625, 1.1085503318827633e-24, nan 
39.125, 89.625, 8.278434554671627e-25, nan 
39.375, 89.625, 6.399706757169103e-25, nan 
39.625, 89.625, 8.35043393328568e-25, nan 
39.875, 89.625, 7.215173221655808e-25, nan 
40.125, 89.625, 5.440587904180293e-25, nan 
40.375, 89.625, 6.16271566165441e-25, nan 
40.625, 89.625, 5.371496971695931e-25, nan 
40.875, 89.625, 7.720098038494666e-25, nan 
41.125, 89.625, 5.554108768766965e-25, nan 
41.375, 89.625, 5.183515011577022e-25, nan 
41.625, 89.625, 6.5283072531586995e-25, nan 
41.875, 89.625, 9.399916504048019e-25, nan 
42.125, 89.625, 6.737862553343278e-25, nan 
42.375, 89.625, 4.742606223922378e-25, nan 
42.625, 89.625, 7.953666091748133e-25, nan 
42.875, 89.625, 1.0698624436442984e-24, nan 
43.125, 89.625, 1.3047269039712922e-24, nan 
43.375, 89.625, 7.274704522661568e-25, nan 
43.625, 89.625, 9.95333488095291e-25, nan 
43.875, 89.625, 1.0065366633102587e-24, nan 
44.125, 89.625, 6.519894859790834e-25, nan 
44.375, 89.625, 8.497994096300658e-25, nan 
44.625, 89.625, 7.594254870397852e-25, nan 
44.875, 89.625, 6.341242037549185e-25, nan 
45.125, 89.625, 6.378259283668087e-25, nan 
45.375, 89.625, 5.622103186524651e-25, nan 
45.625, 89.625, 1.254728624465168e-24, nan 
45.875, 89.625, 9.748990493640397e-25, nan 
46.125, 89.625, 7.881052385575883e-25, nan 
46.375, 89.625, 6.366239691833243e-25, nan 
46.625, 89.625, 5.757774599992442e-25, nan 
46.875, 89.625, 5.332375686083386e-25, nan 
47.125, 89.625, 4.02330120769779e-25, nan 
47.375, 89.625, 4.4041746080352325e-25, nan 
47.625, 89.625, 5.422613979193863e-25, nan 
47.875, 89.625, 3.8441431422376345e-25, nan 
48.125, 89.625, 6.370579263181178e-25, nan 
48.375, 89.625, 3.1573021531468946e-25, nan 
48.625, 89.625, 4.495574075926894e-25, nan 
48.875, 89.625, 4.4587784646188615e-25, nan 
49.125, 89.625, 4.0370799949287174e-25, nan 
49.375, 89.625, 4.979073989990099e-25, nan 
49.625, 89.625, 3.5298503044542212e-25, nan 
49.875, 89.625, 5.5142203082926355e-25, nan 
50.125, 89.625, 5.412738677517873e-25, nan 
50.375, 89.625, 8.729267111558828e-25, nan 
50.625, 89.625, 4.985276626995604e-25, nan 
50.875, 89.625, 5.154228535984779e-25, nan 
51.125, 89.625, 4.40536384556881e-25, nan 
51.375, 89.625, 5.783425284575608e-25, nan 
51.625, 89.625, 5.151139651883427e-25, nan 
51.875, 89.625, 5.371298317037161e-25, nan 
52.125, 89.625, 6.576546081594361e-25, nan 
52.375, 89.625, 6.155179630103267e-25, nan 
52.625, 89.625, 4.960354709456687e-25, nan 
52.875, 89.625, 5.857063208817281e-25, nan 
53.125, 89.625, 7.873040598171156e-25, nan 
53.375, 89.625, 5.990437913538292e-25, nan 
53.625, 89.625, 6.063478202903763e-25, nan 
53.875, 89.625, 6.23259933988028e-25, nan 
54.125, 89.625, 6.392299051350148e-25, nan 
54.375, 89.625, 5.477854042600699e-25, nan 
54.625, 89.625, 7.907059426927744e-25, nan 
54.875, 89.625, 1.0885282456472404e-24, nan 
55.125, 89.625, 1.0962622289030476e-24, nan 
55.375, 89.625, 1.0763210021029002e-24, nan 
55.625, 89.625, 1.1460175158226272e-24, nan 
55.875, 89.625, 1.1119041086052496e-24, nan 
56.125, 89.625, 9.65251724680022e-25, nan 
56.375, 89.625, 1.1197581815848483e-24, nan 
56.625, 89.625, 1.0271721261781245e-24, nan 
56.875, 89.625, 1.1013688535498215e-24, nan 
57.125, 89.625, 9.82997939705762e-25, nan 
57.375, 89.625, 9.056688285057926e-25, nan 
57.625, 89.625, 8.350198203040137e-25, nan 
57.875, 89.625, 9.553679367365551e-25, nan 
58.125, 89.625, 9.065191915094909e-25, nan 
58.375, 89.625, 9.109489478225806e-25, nan 
58.625, 89.625, 7.97163546627433e-25, nan 
58.875, 89.625, 7.560689242572891e-25, nan 
59.125, 89.625, 7.135680114360652e-25, nan 
59.375, 89.625, 7.53154773553819e-25, nan 
59.625, 89.625, 7.84283972633836e-25, nan 
59.875, 89.625, 9.382172320871082e-25, nan 
60.125, 89.625, 8.462206260274684e-25, nan 
60.375, 89.625, 9.586921934580684e-25, nan 
60.625, 89.625, 1.0027355271255467e-24, nan 
60.875, 89.625, 9.022379601874888e-25, nan 
61.125, 89.625, 8.692914008742285e-25, nan 
61.375, 89.625, 5.102136859533076e-25, nan 
61.625, 89.625, 6.7286783292450095e-25, nan 
61.875, 89.625, 9.985000115370355e-25, nan 
62.125, 89.625, 8.954862359638154e-25, nan 
62.375, 89.625, 4.931582972628889e-25, nan 
62.625, 89.625, 9.15247560739191e-25, nan 
62.875, 89.625, 6.9498942557654955e-25, nan 
63.125, 89.625, 8.769917269937482e-25, nan 
63.375, 89.625, 9.324839925029244e-25, nan 
63.625, 89.625, 1.080195384552535e-24, nan 
63.875, 89.625, 7.288614582955055e-25, nan 
64.125, 89.625, 9.949755027700074e-25, nan 
64.375, 89.625, 9.114436779937227e-25, nan 
64.625, 89.625, 1.1005181930192938e-24, nan 
64.875, 89.625, 9.484766255163157e-25, nan 
65.125, 89.625, 1.0138177422009568e-24, nan 
65.375, 89.625, 1.0286459240968562e-24, nan 
65.625, 89.625, 8.853635099105602e-25, nan 
65.875, 89.625, 8.827187461236317e-25, nan 
66.125, 89.625, 6.347822183072115e-25, nan 
66.375, 89.625, 6.289854844415643e-25, nan 
66.625, 89.625, 6.481737309645865e-25, nan 
66.875, 89.625, 7.299259815874194e-25, nan 
67.125, 89.625, 6.539191935860055e-25, nan 
67.375, 89.625, 6.7094103202812355e-25, nan 
67.625, 89.625, 6.457011523220273e-25, nan 
67.875, 89.625, 7.337607099354611e-25, nan 
68.125, 89.625, 7.887499562284878e-25, nan 
68.375, 89.625, 8.525996920435287e-25, nan 
68.625, 89.625, 9.484885108015273e-25, nan 
68.875, 89.625, 1.0652178448790685e-24, nan 
69.125, 89.625, 1.079986922114323e-24, nan 
69.375, 89.625, 7.908661826321215e-25, nan 
69.625, 89.625, 6.023190335904704e-25, nan 
69.875, 89.625, 5.986777960863779e-25, nan 
70.125, 89.625, 5.085708534104631e-25, nan 
70.375, 89.625, 6.970728117015316e-25, nan 
70.625, 89.625, 5.623430859176188e-25, nan 
70.875, 89.625, 6.793024209679995e-25, nan 
71.125, 89.625, 6.971095810985056e-25, nan 
71.375, 89.625, 6.74759258248494e-25, nan 
71.625, 89.625, 7.908951095700451e-25, nan 
71.875, 89.625, 8.157596174221579e-25, nan 
72.125, 89.625, 6.246221308350046e-25, nan 
72.375, 89.625, 6.129719825889408e-25, nan 
72.625, 89.625, 5.916980418172022e-25, nan 
72.875, 89.625, 7.395487660896233e-25, nan 
73.125, 89.625, 7.064496641597342e-25, nan 
73.375, 89.625, 8.944318899266555e-25, nan 
73.625, 89.625, 9.140170215668502e-25, nan 
73.875, 89.625, 8.716217375168457e-25, nan 
74.125, 89.625, 9.892129386561079e-25, nan 
74.375, 89.625, 8.606241134367115e-25, nan 
74.625, 89.625, 5.498805753007675e-25, nan 
74.875, 89.625, 4.549487171110368e-25, nan 
75.125, 89.625, 6.622331171833576e-25, nan 
75.375, 89.625, 5.271396102913927e-25, nan 
75.625, 89.625, 7.4406500737937595e-25, nan 
75.875, 89.625, 5.6515225094848745e-25, nan 
76.125, 89.625, 6.096512219537116e-25, nan 
76.375, 89.625, 5.309504530274751e-25, nan 
76.625, 89.625, 8.678446827383845e-25, nan 
76.875, 89.625, 5.914753283277943e-25, nan 
77.125, 89.625, 6.781357532762357e-25, nan 
77.375, 89.625, 7.280614074908084e-25, nan 
77.625, 89.625, 6.735900536385087e-25, nan 
77.875, 89.625, 6.694283839858023e-25, nan 
78.125, 89.625, 6.481453988855949e-25, nan 
78.375, 89.625, 6.56773168115014e-25, nan 
78.625, 89.625, 8.009378884279502e-25, nan 
78.875, 89.625, 7.623417161406662e-25, nan 
79.125, 89.625, 8.434532934036131e-25, nan 
79.375, 89.625, 8.200316945598603e-25, nan 
79.625, 89.625, 7.223791000145983e-25, nan 
79.875, 89.625, 6.145595378067777e-25, nan 
80.125, 89.625, 7.965561501242975e-25, nan 
80.375, 89.625, 7.000024853704998e-25, nan 
80.625, 89.625, 7.416621142774103e-25, nan 
80.875, 89.625, 7.2818341373226055e-25, nan 
81.125, 89.625, 7.229879863481975e-25, nan 
81.375, 89.625, 6.3967093852281515e-25, nan 
81.625, 89.625, 6.848906642132402e-25, nan 
81.875, 89.625, 5.290577232803409e-25, nan 
82.125, 89.625, 5.420274741644414e-25, nan 
82.375, 89.625, 6.142195941725548e-25, nan 
82.625, 89.625, 6.74170070219018e-25, nan 
82.875, 89.625, 5.614811773122348e-25, nan 
83.125, 89.625, 6.060077452925814e-25, nan 
83.375, 89.625, 4.985027636594326e-25, nan 
83.625, 89.625, 5.152118585539201e-25, nan 
83.875, 89.625, 4.888343602825734e-25, nan 
84.125, 89.625, 4.945963446709012e-25, nan 
84.375, 89.625, 6.430293451483526e-25, nan 
84.625, 89.625, 5.666652757030396e-25, nan 
84.875, 89.625, 4.659550983313924e-25, nan 
85.125, 89.625, 5.328507396560075e-25, nan 
85.375, 89.625, 5.668649873120924e-25, nan 
85.625, 89.625, 4.889837436878811e-25, nan 
85.875, 89.625, 5.6400142474831665e-25, nan 
86.125, 89.625, 6.288169951533769e-25, nan 
86.375, 89.625, 6.516537030381845e-25, nan 
86.625, 89.625, 6.927883611377027e-25, nan 
86.875, 89.625, 5.618418003051756e-25, nan 
87.125, 89.625, 5.124067640388797e-25, nan 
87.375, 89.625, 5.366964114421268e-25, nan 
87.625, 89.625, 6.659102247874778e-25, nan 
87.875, 89.625, 7.479280339695989e-25, nan 
88.125, 89.625, 6.419867625629382e-25, nan 
88.375, 89.625, 6.0123734388317625e-25, nan 
88.625, 89.625, 5.231566517304885e-25, nan 
88.875, 89.625, 5.367295856596073e-25, nan 
89.125, 89.625, 5.814727337169061e-25, nan 
89.375, 89.625, 5.620473691681028e-25, nan 
89.625, 89.625, 5.260951181347545e-25, nan 
89.875, 89.625, 4.823494217435844e-25, nan 
90.125, 89.625, 4.993464519370463e-25, nan 
90.375, 89.625, 5.365937653096186e-25, nan 
90.625, 89.625, 5.311482292488206e-25, nan 
90.875, 89.625, 5.12115453029766e-25, nan 
91.125, 89.625, 5.245287160645564e-25, nan 
91.375, 89.625, 5.390742777948827e-25, nan 
91.625, 89.625, 4.707742574612939e-25, nan 
91.875, 89.625, 5.262725324948547e-25, nan 
92.125, 89.625, 5.429318225529121e-25, nan 
92.375, 89.625, 5.2869913954142325e-25, nan 
92.625, 89.625, 5.439719541694275e-25, nan 
92.875, 89.625, 5.732576325355419e-25, nan 
93.125, 89.625, 6.18644103341022e-25, nan 
93.375, 89.625, 6.4499555152537305e-25, nan 
93.625, 89.625, 5.845942154542981e-25, nan 
93.875, 89.625, 4.549981379069505e-25, nan 
94.125, 89.625, 4.512688435715863e-25, nan 
94.375, 89.625, 4.494055223550646e-25, nan 
94.625, 89.625, 4.5228684147649105e-25, nan 
94.875, 89.625, 5.920715374663808e-25, nan 
95.125, 89.625, 5.457263481122033e-25, nan 
95.375, 89.625, 5.914906537790547e-25, nan 
95.625, 89.625, 4.967430432872254e-25, nan 
95.875, 89.625, 4.917427216947075e-25, nan 
96.125, 89.625, 5.365855082936556e-25, nan 
96.375, 89.625, 5.516145049303336e-25, nan 
96.625, 89.625, 5.305924230727392e-25, nan 
96.875, 89.625, 5.5007304095016715e-25, nan 
97.125, 89.625, 6.065629548685824e-25, nan 
97.375, 89.625, 5.307527042987628e-25, nan 
97.625, 89.625, 6.501739839073165e-25, nan 
97.875, 89.625, 5.782105497327266e-25, nan 
98.125, 89.625, 4.97104601331422e-25, nan 
98.375, 89.625, 5.9203053969990495e-25, nan 
98.625, 89.625, 6.761431233157928e-25, nan 
98.875, 89.625, 6.087175879161347e-25, nan 
99.125, 89.625, 6.1056271420195045e-25, nan 
99.375, 89.625, 6.936782356895457e-25, nan 
99.625, 89.625, 5.115542258372661e-25, nan 
99.875, 89.625, 5.907775701197433e-25, nan 
100.125, 89.625, 5.909546540311751e-25, nan 
100.375, 89.625, 5.738159079298562e-25, nan 
100.625, 89.625, 4.2642803728463285e-25, nan 
100.875, 89.625, 6.2769523629437905e-25, nan 
101.125, 89.625, 6.037705403710365e-25, nan 
101.375, 89.625, 6.469900384089612e-25, nan 
101.625, 89.625, 6.411597638557794e-25, nan 
101.875, 89.625, 6.920151443487669e-25, nan 
102.125, 89.625, 7.221519148835833e-25, nan 
102.375, 89.625, 8.0289364654868445e-25, nan 
102.625, 89.625, 6.061959717486033e-25, nan 
102.875, 89.625, 8.143413684970129e-25, nan 
103.125, 89.625, 6.135279764239234e-25, nan 
103.375, 89.625, 7.063115776595979e-25, nan 
103.625, 89.625, 6.925928761642159e-25, nan 
103.875, 89.625, 7.5838620653170415e-25, nan 
104.125, 89.625, 7.9081005044804085e-25, nan 
104.375, 89.625, 5.419242392164095e-25, nan 
104.625, 89.625, 4.787967805252057e-25, nan 
104.875, 89.625, 4.018576705681213e-25, nan 
105.125, 89.625, 3.7070724989416404e-25, nan 
105.375, 89.625, 5.030986669612986e-25, nan 
105.625, 89.625, 5.839800189761396e-25, nan 
105.875, 89.625, 5.789047801286428e-25, nan 
106.125, 89.625, 5.83257402582072e-25, nan 
106.375, 89.625, 5.234934080855722e-25, nan 
106.625, 89.625, 6.474793099820807e-25, nan 
106.875, 89.625, 6.792022688138549e-25, nan 
107.125, 89.625, 6.634491703042424e-25, nan 
107.375, 89.625, 7.341699216682227e-25, nan 
107.625, 89.625, 5.93395792338695e-25, nan 
107.875, 89.625, 3.9699460392596477e-25, nan 
108.125, 89.625, 4.0608092567441633e-25, nan 
108.375, 89.625, 3.9414861326909194e-25, nan 
108.625, 89.625, 3.5014432977941204e-25, nan 
108.875, 89.625, 4.674430729631625e-25, nan 
109.125, 89.625, 5.242231291264933e-25, nan 
109.375, 89.625, 3.87338055127255e-25, nan 
109.625, 89.625, 4.065900072565358e-25, nan 
109.875, 89.625, 3.9515734503327165e-25, nan 
110.125, 89.625, 4.381759929795215e-25, nan 
110.375, 89.625, 3.738913068817166e-25, nan 
110.625, 89.625, 4.278789048454161e-25, nan 
110.875, 89.625, 4.111400579127379e-25, nan 
111.125, 89.625, 3.46555233013733e-25, nan 
111.375, 89.625, 3.5084327007358515e-25, nan 
111.625, 89.625, 4.708753044842308e-25, nan 
111.875, 89.625, 2.811343339341377e-25, nan 
112.125, 89.625, 3.151997858272803e-25, nan 
112.375, 89.625, 2.510024855227999e-25, nan 
112.625, 89.625, 4.014287136999055e-25, nan 
112.875, 89.625, 4.019712648552289e-25, nan 
113.125, 89.625, 3.4347118228713117e-25, nan 
113.375, 89.625, 3.1980240518829724e-25, nan 
113.625, 89.625, 4.172658639789632e-25, nan 
113.875, 89.625, 3.632410565165975e-25, nan 
114.125, 89.625, 5.175805766109563e-25, nan 
114.375, 89.625, 4.616668081202457e-25, nan 
114.625, 89.625, 3.9042712139757855e-25, nan 
114.875, 89.625, 3.7340789930457523e-25, nan 
115.125, 89.625, 4.918493227577357e-25, nan 
115.375, 89.625, 5.526866601180253e-25, nan 
115.625, 89.625, 4.608497209440445e-25, nan 
115.875, 89.625, 4.923461623494968e-25, nan 
116.125, 89.625, 4.0722803808079927e-25, nan 
116.375, 89.625, 6.502745390914392e-25, nan 
116.625, 89.625, 3.8806100965311795e-25, nan 
116.875, 89.625, 5.056872598931327e-25, nan 
117.125, 89.625, 5.002630794868566e-25, nan 
117.375, 89.625, 5.328123026003297e-25, nan 
117.625, 89.625, 6.657980056838443e-25, nan 
117.875, 89.625, 5.414315101322736e-25, nan 
118.125, 89.625, 4.117252419659911e-25, nan 
118.375, 89.625, 5.029034807784066e-25, nan 
118.625, 89.625, 4.885055719321444e-25, nan 
118.875, 89.625, 4.962029206881272e-25, nan 
119.125, 89.625, 4.734110756976368e-25, nan 
119.375, 89.625, 5.129736470513592e-25, nan 
119.625, 89.625, 4.747278227308008e-25, nan 
119.875, 89.625, 4.6155923064083925e-25, nan 
120.125, 89.625, 4.685823717058095e-25, nan 
120.375, 89.625, 5.122442700618132e-25, nan 
120.625, 89.625, 4.617659718836028e-25, nan 
120.875, 89.625, 4.727532393032772e-25, nan 
121.125, 89.625, 4.73430798804936e-25, nan 
121.375, 89.625, 4.730581514783165e-25, nan 
121.625, 89.625, 4.944403487997662e-25, nan 
121.875, 89.625, 5.10216155431821e-25, nan 
122.125, 89.625, 4.7648754530628335e-25, nan 
122.375, 89.625, 4.548138564842336e-25, nan 
122.625, 89.625, 4.334439410085663e-25, nan 
122.875, 89.625, 4.525346187721794e-25, nan 
123.125, 89.625, 4.159744517289804e-25, nan 
123.375, 89.625, 4.552628495612459e-25, nan 
123.625, 89.625, 4.853194946660346e-25, nan 
123.875, 89.625, 4.458362526923966e-25, nan 
124.125, 89.625, 5.385240706115935e-25, nan 
124.375, 89.625, 5.128635855235498e-25, nan 
124.625, 89.625, 5.265167384227737e-25, nan 
124.875, 89.625, 6.0428553189245145e-25, nan 
125.125, 89.625, 5.17254397773644e-25, nan 
125.375, 89.625, 5.259637798061605e-25, nan 
125.625, 89.625, 4.721003431866733e-25, nan 
125.875, 89.625, 5.336639749338159e-25, nan 
126.125, 89.625, 5.451442122269035e-25, nan 
126.375, 89.625, 5.799544957708826e-25, nan 
126.625, 89.625, 5.135985650349466e-25, nan 
126.875, 89.625, 4.7920895855505485e-25, nan 
127.125, 89.625, 5.162941478981561e-25, nan 
127.375, 89.625, 4.429851728085719e-25, nan 
127.625, 89.625, 3.801854434054388e-25, nan 
127.875, 89.625, 3.6280356073844295e-25, nan 
128.125, 89.625, 2.9287545028280783e-25, nan 
128.375, 89.625, 2.7916857178429553e-25, nan 
128.625, 89.625, 2.8319208261593785e-25, nan 
128.875, 89.625, 3.8606218184345754e-25, nan 
129.125, 89.625, 3.808597435576757e-25, nan 
129.375, 89.625, 4.278146102924415e-25, nan 
129.625, 89.625, 3.14034721666519e-25, nan 
129.875, 89.625, 3.0835993151260076e-25, nan 
130.125, 89.625, 3.4810097862034107e-25, nan 
130.375, 89.625, 2.4859062758968914e-25, nan 
130.625, 89.625, 2.7905621402127378e-25, nan 
130.875, 89.625, 3.417233493386901e-25, nan 
131.125, 89.625, 3.792009206765589e-25, nan 
131.375, 89.625, 4.0483178020558405e-25, nan 
131.625, 89.625, 1.4842256736922656e-25, nan 
131.875, 89.625, 3.841035116696311e-25, nan 
132.125, 89.625, 2.0244169755144724e-25, nan 
132.375, 89.625, 2.4947448182165667e-25, nan 
132.625, 89.625, 3.3619682790963425e-25, nan 
132.875, 89.625, 3.80127191209075e-25, nan 
133.125, 89.625, 4.951589243934569e-25, nan 
133.375, 89.625, 3.679325305576783e-25, nan 
133.625, 89.625, 3.3148879839511568e-25, nan 
133.875, 89.625, 3.44180644508444e-25, nan 
134.125, 89.625, 3.320168374748387e-25, nan 
134.375, 89.625, 3.8486168507869407e-25, nan 
134.625, 89.625, 4.0455493844016153e-25, nan 
134.875, 89.625, 5.186882430404803e-25, nan 
135.125, 89.625, 3.7578964980834126e-25, nan 
135.375, 89.625, 3.1638804055565597e-25, nan 
135.625, 89.625, 4.0751864528799095e-25, nan 
135.875, 89.625, 5.0523071496606395e-25, nan 
136.125, 89.625, 3.4707885505959873e-25, nan 
136.375, 89.625, 3.2565011661595086e-25, nan 
136.625, 89.625, 4.598362453265073e-25, nan 
136.875, 89.625, 3.5325682051717745e-25, nan 
137.125, 89.625, 4.3611019920992945e-25, nan 
137.375, 89.625, 3.1190759328469076e-25, nan 
137.625, 89.625, 3.596032488961434e-25, nan 
137.875, 89.625, 3.650586466106507e-25, nan 
138.125, 89.625, 3.844736955192499e-25, nan 
138.375, 89.625, 1.4549858378199993e-25, nan 
138.625, 89.625, 1.9386366857238058e-25, nan 
138.875, 89.625, 7.083500393836142e-25, nan 
139.125, 89.625, 5.532780442992469e-25, nan 
139.375, 89.625, 8.969637872289264e-25, nan 
139.625, 89.625, 4.790322451886613e-25, nan 
139.875, 89.625, 4.949289285382591e-25, nan 
140.125, 89.625, 4.906565180928144e-25, nan 
140.375, 89.625, 5.116888741616402e-25, nan 
140.625, 89.625, 2.259013958603673e-25, nan 
140.875, 89.625, 4.467043233401452e-25, nan 
141.125, 89.625, 1.704395233641605e-25, nan 
141.375, 89.625, 5.373666136788904e-25, nan 
141.625, 89.625, 3.549920644885891e-25, nan 
141.875, 89.625, 4.108249853156915e-25, nan 
142.125, 89.625, 2.9077988819277703e-25, nan 
142.375, 89.625, 5.365696535797634e-25, nan 
142.625, 89.625, 3.930289288641625e-25, nan 
142.875, 89.625, 4.7170482705689405e-25, nan 
143.125, 89.625, 4.423366147031866e-25, nan 
143.375, 89.625, 2.1283653538171225e-25, nan 
143.625, 89.625, 4.545211001189564e-25, nan 
143.875, 89.625, 3.2545543827663298e-25, nan 
144.125, 89.625, 4.795039280600718e-25, nan 
144.375, 89.625, 4.533405885271538e-25, nan 
144.625, 89.625, 5.056428298727578e-25, nan 
144.875, 89.625, 5.511504644122641e-25, nan 
145.125, 89.625, 4.749705298333606e-25, nan 
145.375, 89.625, 4.453385393807665e-25, nan 
145.625, 89.625, 6.838603603872549e-25, nan 
145.875, 89.625, 3.542178797873947e-25, nan 
146.125, 89.625, 4.715009543262951e-25, nan 
146.375, 89.625, 2.689817942637703e-25, nan 
146.625, 89.625, 3.0278327932565485e-25, nan 
146.875, 89.625, 1.1954869565726976e-25, nan 
147.125, 89.625, 4.045059134318431e-25, nan 
147.375, 89.625, 1.8750184259029955e-25, nan 
147.625, 89.625, 4.404356112435261e-25, nan 
147.875, 89.625, 2.7752436718326293e-25, nan 
148.125, 89.625, 3.705577271479137e-25, nan 
148.375, 89.625, 3.6301505270598282e-25, nan 
148.625, 89.625, 4.1157569624074547e-25, nan 
148.875, 89.625, 4.596665575652171e-25, nan 
149.125, 89.625, 5.726976662508815e-25, nan 
149.375, 89.625, 6.572735964373424e-25, nan 
149.625, 89.625, 6.089622339354629e-25, nan 
149.875, 89.625, 9.334505246420197e-25, nan 
150.125, 89.625, 4.636290265450959e-25, nan 
150.375, 89.625, 7.424425446658945e-25, nan 
150.625, 89.625, 4.622597815583518e-25, nan 
150.875, 89.625, 6.49964891583318e-25, nan 
151.125, 89.625, 6.599049966295433e-25, nan 
151.375, 89.625, 7.55117960317603e-25, nan 
151.625, 89.625, 7.787221649187812e-25, nan 
151.875, 89.625, 6.5039716431367495e-25, nan 
152.125, 89.625, 4.858568184676067e-25, nan 
152.375, 89.625, 7.884469758223234e-25, nan 
152.625, 89.625, 6.337802102528169e-25, nan 
152.875, 89.625, 1.0557770064752921e-24, nan 
153.125, 89.625, 6.466846484558959e-25, nan 
153.375, 89.625, 7.0557120757345935e-25, nan 
153.625, 89.625, 7.84701900866434e-25, nan 
153.875, 89.625, 6.647183656731891e-25, nan 
154.125, 89.625, 1.1386448113633032e-24, nan 
154.375, 89.625, 1.0110468550115704e-24, nan 
154.625, 89.625, 8.309595679341827e-25, nan 
154.875, 89.625, 8.757236130868977e-25, nan 
155.125, 89.625, 7.949832272690503e-25, nan 
155.375, 89.625, 1.9451059033669176e-25, nan 
155.625, 89.625, 3.0642087424016223e-25, nan 
155.875, 89.625, 6.663832506512072e-25, nan 
156.125, 89.625, 9.321913997594709e-25, nan 
156.375, 89.625, 4.698893120465278e-25, nan 
156.625, 89.625, 4.205793774358557e-25, nan 
156.875, 89.625, 4.850922834151282e-25, nan 
157.125, 89.625, 6.010704777866233e-25, nan 
157.375, 89.625, 4.935854423454009e-25, nan 
157.625, 89.625, 6.194936805887371e-25, nan 
157.875, 89.625, 6.661976203357685e-25, nan 
158.125, 89.625, 5.013766902122936e-25, nan 
158.375, 89.625, 5.297849197277659e-25, nan 
158.625, 89.625, 6.171049792208818e-25, nan 
158.875, 89.625, 4.732412490087364e-25, nan 
159.125, 89.625, 5.232841419769713e-25, nan 
159.375, 89.625, 8.0861449371336555e-25, nan 
159.625, 89.625, 5.867203439759372e-25, nan 
159.875, 89.625, 6.425693330299041e-25, nan 
160.125, 89.625, 5.674945322745136e-25, nan 
160.375, 89.625, 5.8607738236861395e-25, nan 
160.625, 89.625, 6.51227113208489e-25, nan 
160.875, 89.625, 6.539281990321595e-25, nan 
161.125, 89.625, 4.858883290052203e-25, nan 
161.375, 89.625, 5.822364751108594e-25, nan 
161.625, 89.625, 6.916694574215799e-25, nan 
161.875, 89.625, 5.614862884292821e-25, nan 
162.125, 89.625, 6.581911488483785e-25, nan 
162.375, 89.625, 6.241491262651983e-25, nan 
162.625, 89.625, 6.427255150822847e-25, nan 
162.875, 89.625, 6.63220876557429e-25, nan 
163.125, 89.625, 7.102930006635687e-25, nan 
163.375, 89.625, 5.287411837059096e-25, nan 
163.625, 89.625, 6.516855712135649e-25, nan 
163.875, 89.625, 5.8397016733717965e-25, nan 
164.125, 89.625, 6.8066817907455025e-25, nan 
164.375, 89.625, 1.0621037594379288e-24, nan 
164.625, 89.625, 5.523307503418487e-25, nan 
164.875, 89.625, 5.84280562160452e-25, nan 
165.125, 89.625, 5.830663750724906e-25, nan 
165.375, 89.625, 6.888041092545835e-25, nan 
165.625, 89.625, 4.014746508702846e-25, nan 
165.875, 89.625, 5.573839934634283e-25, nan 
166.125, 89.625, 6.0010740985346225e-25, nan 
166.375, 89.625, 5.212133004532871e-25, nan 
166.625, 89.625, 8.64293225601176e-25, nan 
166.875, 89.625, 5.769886901347436e-25, nan 
167.125, 89.625, 5.631264880330512e-25, nan 
167.375, 89.625, 5.428151652388696e-25, nan 
167.625, 89.625, 4.740553440030716e-25, nan 
167.875, 89.625, 5.343175992915271e-25, nan 
168.125, 89.625, 4.1296074182440005e-25, nan 
168.375, 89.625, 1.4938229914479906e-25, nan 
168.625, 89.625, 4.900749695834931e-25, nan 
168.875, 89.625, 3.4819677028445487e-25, nan 
169.125, 89.625, 4.416608457232793e-25, nan 
169.375, 89.625, 6.463299311819915e-25, nan 
169.625, 89.625, 5.171368162974943e-25, nan 
169.875, 89.625, 4.080750074090684e-25, nan 
170.125, 89.625, 4.583915200769263e-25, nan 
170.375, 89.625, 4.756009949480679e-25, nan 
170.625, 89.625, 5.89884363575203e-25, nan 
170.875, 89.625, 7.459954205026854e-25, nan 
171.125, 89.625, 7.092517002387063e-25, nan 
171.375, 89.625, 8.359640909703249e-25, nan 
171.625, 89.625, 4.767498135349095e-25, nan 
171.875, 89.625, 6.542688130897139e-25, nan 
172.125, 89.625, 5.392486188063355e-25, nan 
172.375, 89.625, 5.72567599756789e-25, nan 
172.625, 89.625, 8.036193379345813e-25, nan 
172.875, 89.625, 6.68339365752378e-25, nan 
173.125, 89.625, 6.450052163316025e-25, nan 
173.375, 89.625, 5.869128793996923e-25, nan 
173.625, 89.625, 5.207687919279977e-25, nan 
173.875, 89.625, 5.8449193652224635e-25, nan 
174.125, 89.625, 5.875643830625331e-25, nan 
174.375, 89.625, 4.685551894253984e-25, nan 
174.625, 89.625, 5.821485003553803e-25, nan 
174.875, 89.625, 5.873949544008092e-25, nan 
175.125, 89.625, 4.52823056810943e-25, nan 
175.375, 89.625, 5.943887708460883e-25, nan 
175.625, 89.625, 5.595800340635386e-25, nan 
175.875, 89.625, 6.019353077254134e-25, nan 
176.125, 89.625, 5.930964689590362e-25, nan 
176.375, 89.625, 6.071050638614561e-25, nan 
176.625, 89.625, 6.277906616237822e-25, nan 
176.875, 89.625, 6.082589078280665e-25, nan 
177.125, 89.625, 6.307271864016514e-25, nan 
177.375, 89.625, 5.8451283146661305e-25, nan 
177.625, 89.625, 6.148276609203312e-25, nan 
177.875, 89.625, 6.00694250213731e-25, nan 
178.125, 89.625, 6.538818163417615e-25, nan 
178.375, 89.625, 5.828843100661403e-25, nan 
178.625, 89.625, 6.096511459018355e-25, nan 
178.875, 89.625, 6.9996739708943175e-25, nan 
179.125, 89.625, 6.664073303215713e-25, nan 
179.375, 89.625, 5.986991454822944e-25, nan 
179.625, 89.625, 7.068847639089554e-25, nan 
179.875, 89.625, 7.7476959037133235e-25, nan 
-179.875, 89.875, 1.8582203748473234e-25, nan 
-179.625, 89.875, 1.9099049608747272e-25, nan 
-179.375, 89.875, 2.317562049152833e-25, nan 
-179.125, 89.875, 2.2587381083066893e-25, nan 
-178.875, 89.875, 2.015710805264785e-25, nan 
-178.625, 89.875, 1.6647725473322508e-25, nan 
-178.375, 89.875, 1.2355869246348995e-25, nan 
-178.125, 89.875, 1.6972270588872003e-25, nan 
-177.875, 89.875, 1.634134503564901e-25, nan 
-177.625, 89.875, 2.3209201039100636e-25, nan 
-177.375, 89.875, 1.9575861184898132e-25, nan 
-177.125, 89.875, 1.1200005652010664e-25, nan 
-176.875, 89.875, 1.3006021155406932e-25, nan 
-176.625, 89.875, 1.4830305758969712e-25, nan 
-176.375, 89.875, 1.4503992399249326e-25, nan 
-176.125, 89.875, 1.1221599223918933e-25, nan 
-175.875, 89.875, 1.032914759524856e-25, nan 
-175.625, 89.875, 1.3652962557212238e-25, nan 
-175.375, 89.875, 1.815168562881171e-25, nan 
-175.125, 89.875, 2.0306484639484512e-25, nan 
-174.875, 89.875, 1.2882269224163428e-25, nan 
-174.625, 89.875, 2.3411459332513315e-25, nan 
-174.375, 89.875, 1.9691215201353374e-25, nan 
-174.125, 89.875, 2.0943288788374123e-25, nan 
-173.875, 89.875, 1.6334725468076733e-25, nan 
-173.625, 89.875, 1.9578385781911922e-25, nan 
-173.375, 89.875, 1.7733356068163251e-25, nan 
-173.125, 89.875, 1.763410752821472e-25, nan 
-172.875, 89.875, 1.834037425747469e-25, nan 
-172.625, 89.875, 1.9530674849650712e-25, nan 
-172.375, 89.875, 1.4286750412029721e-25, nan 
-172.125, 89.875, 1.898453273902971e-25, nan 
-171.875, 89.875, 1.8321375101224804e-25, nan 
-171.625, 89.875, 1.3643166392399792e-25, nan 
-171.375, 89.875, 1.641064999620309e-25, nan 
-171.125, 89.875, 1.4718234789081346e-25, nan 
-170.875, 89.875, 1.5997878643260542e-25, nan 
-170.625, 89.875, 1.6307917507107508e-25, nan 
-170.375, 89.875, 1.1198177454077578e-25, nan 
-170.125, 89.875, 5.546950929582563e-26, nan 
-169.875, 89.875, 1.3767208120394047e-25, nan 
-169.625, 89.875, 9.18732454558721e-26, nan 
-169.375, 89.875, 1.617786078489518e-25, nan 
-169.125, 89.875, 1.744508452150891e-25, nan 
-168.875, 89.875, 1.7148160927953991e-25, nan 
-168.625, 89.875, 1.0940945737796607e-25, nan 
-168.375, 89.875, 2.1068275802106467e-25, nan 
-168.125, 89.875, 1.4916780656732159e-25, nan 
-167.875, 89.875, 1.1750289004365433e-25, nan 
-167.625, 89.875, 1.0498370656125594e-25, nan 
-167.375, 89.875, 9.037586735948867e-26, nan 
-167.125, 89.875, 1.3224977655402454e-25, nan 
-166.875, 89.875, 1.9135304656738464e-25, nan 
-166.625, 89.875, 1.785223492390328e-25, nan 
-166.375, 89.875, 1.3318170988176998e-25, nan 
-166.125, 89.875, 9.613431208126018e-26, nan 
-165.875, 89.875, 1.74817749089053e-25, nan 
-165.625, 89.875, 1.8044357814151939e-25, nan 
-165.375, 89.875, 1.5925220339148612e-25, nan 
-165.125, 89.875, 9.981514631359715e-26, nan 
-164.875, 89.875, 4.6230791780953846e-26, nan 
-164.625, 89.875, 1.5831557391842484e-25, nan 
-164.375, 89.875, 1.389630827299115e-25, nan 
-164.125, 89.875, 1.3462955047102193e-25, nan 
-163.875, 89.875, 1.71582094731531e-25, nan 
-163.625, 89.875, 1.4141676524792612e-25, nan 
-163.375, 89.875, 1.6465768164982712e-25, nan 
-163.125, 89.875, 1.6001082880327982e-25, nan 
-162.875, 89.875, 1.3916035144898771e-25, nan 
-162.625, 89.875, 1.1973633014371594e-25, nan 
-162.375, 89.875, 1.7389229517270808e-25, nan 
-162.125, 89.875, 1.4166736000042152e-25, nan 
-161.875, 89.875, 2.005726429298301e-25, nan 
-161.625, 89.875, 2.0622681531655196e-25, nan 
-161.375, 89.875, 2.1060580661057087e-25, nan 
-161.125, 89.875, 1.7249402748080582e-25, nan 
-160.875, 89.875, 1.0086597269675155e-25, nan 
-160.625, 89.875, 1.4104897595479815e-25, nan 
-160.375, 89.875, 1.8554741219870802e-25, nan 
-160.125, 89.875, 1.3744708212849477e-25, nan 
-159.875, 89.875, 1.3973393062524901e-25, nan 
-159.625, 89.875, 1.739085231836435e-25, nan 
-159.375, 89.875, 9.827384400916915e-26, nan 
-159.125, 89.875, 1.6015243575050136e-25, nan 
-158.875, 89.875, 1.8785547310902406e-25, nan 
-158.625, 89.875, 1.6405851040161483e-25, nan 
-158.375, 89.875, 1.951841819947354e-25, nan 
-158.125, 89.875, 1.2861355046950467e-25, nan 
-157.875, 89.875, 2.066094709467842e-25, nan 
-157.625, 89.875, 1.73728870168319e-25, nan 
-157.375, 89.875, 2.209567432391268e-25, nan 
-157.125, 89.875, 1.6781749154270582e-25, nan 
-156.875, 89.875, 1.1960625600879122e-25, nan 
-156.625, 89.875, 2.266622398857848e-25, nan 
-156.375, 89.875, 2.696936162634003e-25, nan 
-156.125, 89.875, 2.1192936557342366e-25, nan 
-155.875, 89.875, 1.7755920797497913e-25, nan 
-155.625, 89.875, 2.1331205055957307e-25, nan 
-155.375, 89.875, 2.6051900338923904e-25, nan 
-155.125, 89.875, 2.3354881637742715e-25, nan 
-154.875, 89.875, 2.274214713219628e-25, nan 
-154.625, 89.875, 1.149785081760108e-25, nan 
-154.375, 89.875, 2.4392641360420327e-25, nan 
-154.125, 89.875, 1.593162362202046e-25, nan 
-153.875, 89.875, 1.7443626728813988e-25, nan 
-153.625, 89.875, 2.0133748218551023e-25, nan 
-153.375, 89.875, 2.0240472055362223e-25, nan 
-153.125, 89.875, 2.612647062708384e-25, nan 
-152.875, 89.875, 2.5350056677234015e-25, nan 
-152.625, 89.875, 1.937878499203188e-25, nan 
-152.375, 89.875, 1.9167074439568584e-25, nan 
-152.125, 89.875, 1.9944007532765825e-25, nan 
-151.875, 89.875, 1.3751180447613215e-25, nan 
-151.625, 89.875, 2.0492548223389856e-25, nan 
-151.375, 89.875, 1.5283410425957158e-25, nan 
-151.125, 89.875, 1.3295196068865947e-25, nan 
-150.875, 89.875, 2.049360160722187e-25, nan 
-150.625, 89.875, 2.3994848408017066e-25, nan 
-150.375, 89.875, 1.629829733652315e-25, nan 
-150.125, 89.875, 2.1045048015008956e-25, nan 
-149.875, 89.875, 1.3426672280003806e-25, nan 
-149.625, 89.875, 1.314939072754636e-25, nan 
-149.375, 89.875, 1.5649344296198933e-25, nan 
-149.125, 89.875, 1.846430372566254e-25, nan 
-148.875, 89.875, 1.4776453206880774e-25, nan 
-148.625, 89.875, 1.5726535166898828e-25, nan 
-148.375, 89.875, 1.6688645848818536e-25, nan 
-148.125, 89.875, 2.3332320816101107e-25, nan 
-147.875, 89.875, 1.6761437146331264e-25, nan 
-147.625, 89.875, 1.009290802603052e-25, nan 
-147.375, 89.875, 2.5177757596271175e-25, nan 
-147.125, 89.875, 2.359652817681429e-25, nan 
-146.875, 89.875, 1.074687390002597e-25, nan 
-146.625, 89.875, 6.861891273791047e-26, nan 
-146.375, 89.875, 1.4414768051000916e-25, nan 
-146.125, 89.875, 1.387796478592573e-25, nan 
-145.875, 89.875, 1.1574395311801438e-25, nan 
-145.625, 89.875, 1.6020835314516013e-25, nan 
-145.375, 89.875, 1.0338417768447028e-25, nan 
-145.125, 89.875, 2.388736167711321e-25, nan 
-144.875, 89.875, 2.891852658053027e-25, nan 
-144.625, 89.875, 1.827897293404291e-25, nan 
-144.375, 89.875, 1.6175095691054646e-25, nan 
-144.125, 89.875, 1.1715488913980256e-25, nan 
-143.875, 89.875, 1.3560189686243456e-25, nan 
-143.625, 89.875, 1.8510550121525588e-25, nan 
-143.375, 89.875, 9.468494727308827e-26, nan 
-143.125, 89.875, 1.9540353431082395e-25, nan 
-142.875, 89.875, 1.0105242002864827e-25, nan 
-142.625, 89.875, 1.8677688389980436e-25, nan 
-142.375, 89.875, 1.9429192295084933e-25, nan 
-142.125, 89.875, 1.4664626056548203e-25, nan 
-141.875, 89.875, 2.801184849111079e-25, nan 
-141.625, 89.875, 2.5940274917082924e-25, nan 
-141.375, 89.875, 1.266211345727069e-25, nan 
-141.125, 89.875, 8.695312665685e-26, nan 
-140.875, 89.875, 2.1771509877808525e-25, nan 
-140.625, 89.875, 2.2209616106406285e-25, nan 
-140.375, 89.875, 9.552597022003146e-26, nan 
-140.125, 89.875, 2.8675586903538835e-25, nan 
-139.875, 89.875, 1.6624014479547967e-25, nan 
-139.625, 89.875, 3.0927620506692335e-25, nan 
-139.375, 89.875, 2.9095763756444207e-25, nan 
-139.125, 89.875, 1.374066465477513e-25, nan 
-138.875, 89.875, 1.2854542462399938e-25, nan 
-138.625, 89.875, 1.5450470025471457e-25, nan 
-138.375, 89.875, 1.8427063779476288e-25, nan 
-138.125, 89.875, 3.6195887486923496e-25, nan 
-137.875, 89.875, 5.146756128277389e-25, nan 
-137.625, 89.875, 5.757200103775325e-25, nan 
-137.375, 89.875, 5.417503918787112e-25, nan 
-137.125, 89.875, 3.5877611028098463e-25, nan 
-136.875, 89.875, 1.1657207039801315e-25, nan 
-136.625, 89.875, 1.5630464512839638e-25, nan 
-136.375, 89.875, 1.8239637889536773e-25, nan 
-136.125, 89.875, 9.370278747723048e-26, nan 
-135.875, 89.875, 2.466412806850262e-25, nan 
-135.625, 89.875, 2.6748578829984134e-25, nan 
-135.375, 89.875, 1.6964122238519062e-25, nan 
-135.125, 89.875, 1.2954797065107808e-25, nan 
-134.875, 89.875, 1.0985043453382468e-25, nan 
-134.625, 89.875, 1.0757855941846777e-25, nan 
-134.375, 89.875, 3.824927380690729e-26, nan 
-134.125, 89.875, 7.754828910854953e-26, nan 
-133.875, 89.875, 1.4710812922710813e-25, nan 
-133.625, 89.875, 1.9423151127058494e-25, nan 
-133.375, 89.875, 5.993757592798246e-26, nan 
-133.125, 89.875, 1.8786191970550578e-25, nan 
-132.875, 89.875, 1.4475067689873603e-25, nan 
-132.625, 89.875, 1.791268722209415e-25, nan 
-132.375, 89.875, 1.5795963268034397e-25, nan 
-132.125, 89.875, 1.548972221955796e-25, nan 
-131.875, 89.875, 1.4809211782646638e-25, nan 
-131.625, 89.875, 1.5360465317015381e-25, nan 
-131.375, 89.875, 1.6800483232163287e-25, nan 
-131.125, 89.875, 1.4892598945322992e-25, nan 
-130.875, 89.875, 1.3586847010318304e-25, nan 
-130.625, 89.875, 1.7369303910981044e-25, nan 
-130.375, 89.875, 1.6576283774824627e-25, nan 
-130.125, 89.875, 1.2147680135706627e-25, nan 
-129.875, 89.875, 1.0234956092993967e-25, nan 
-129.625, 89.875, 1.3586093782127436e-25, nan 
-129.375, 89.875, 1.4107402952017828e-25, nan 
-129.125, 89.875, 1.051781073557444e-25, nan 
-128.875, 89.875, 1.046588867102837e-25, nan 
-128.625, 89.875, 9.012322829564398e-26, nan 
-128.375, 89.875, 8.193832156089368e-26, nan 
-128.125, 89.875, 9.55217236423111e-26, nan 
-127.875, 89.875, 2.278795969699778e-25, nan 
-127.625, 89.875, 2.121610007879742e-25, nan 
-127.375, 89.875, 8.431807241277451e-26, nan 
-127.125, 89.875, 1.053602091051929e-25, nan 
-126.875, 89.875, 2.85693552019613e-25, nan 
-126.625, 89.875, 2.2301544849353276e-25, nan 
-126.375, 89.875, 9.253553130655863e-26, nan 
-126.125, 89.875, 1.0805048998693294e-25, nan 
-125.875, 89.875, 1.6770574605731066e-25, nan 
-125.625, 89.875, 1.3336750789016024e-25, nan 
-125.375, 89.875, 1.995654535600133e-25, nan 
-125.125, 89.875, 1.6600235402148877e-25, nan 
-124.875, 89.875, 1.175929663743793e-25, nan 
-124.625, 89.875, 8.270043940696707e-26, nan 
-124.375, 89.875, 1.277070635056102e-25, nan 
-124.125, 89.875, 1.3260672356405867e-25, nan 
-123.875, 89.875, 8.399450875355409e-26, nan 
-123.625, 89.875, 1.1851389205621506e-25, nan 
-123.375, 89.875, 1.5297574541650397e-25, nan 
-123.125, 89.875, 5.368286580574475e-26, nan 
-122.875, 89.875, 1.04534154844539e-25, nan 
-122.625, 89.875, 8.406453841554176e-26, nan 
-122.375, 89.875, 1.2066719067789776e-25, nan 
-122.125, 89.875, 1.2405475657669427e-25, nan 
-121.875, 89.875, 1.1020572313964847e-25, nan 
-121.625, 89.875, 9.094098668565578e-26, nan 
-121.375, 89.875, 7.556929671560028e-26, nan 
-121.125, 89.875, 1.4361733001158945e-25, nan 
-120.875, 89.875, 1.6698336969183975e-25, nan 
-120.625, 89.875, 1.0305384387354249e-25, nan 
-120.375, 89.875, 9.726364788832367e-26, nan 
-120.125, 89.875, 1.3685883645558725e-25, nan 
-119.875, 89.875, 1.2966384397316283e-25, nan 
-119.625, 89.875, 9.385329820008136e-26, nan 
-119.375, 89.875, 8.596583127420226e-26, nan 
-119.125, 89.875, 9.833863165481409e-26, nan 
-118.875, 89.875, 1.223873475965308e-25, nan 
-118.625, 89.875, 1.0583668838851642e-25, nan 
-118.375, 89.875, 9.428453845389194e-26, nan 
-118.125, 89.875, 9.203145603919681e-26, nan 
-117.875, 89.875, 7.681331362619789e-26, nan 
-117.625, 89.875, 7.085136974789155e-26, nan 
-117.375, 89.875, 9.744650153929071e-26, nan 
-117.125, 89.875, 1.4555968597409462e-25, nan 
-116.875, 89.875, 4.0557788408160675e-26, nan 
-116.625, 89.875, 9.69293259900257e-26, nan 
-116.375, 89.875, 9.635775650096508e-26, nan 
-116.125, 89.875, 9.495080606001609e-26, nan 
-115.875, 89.875, 3.886158819462106e-26, nan 
-115.625, 89.875, 1.7700735753898885e-25, nan 
-115.375, 89.875, 1.173716741334502e-25, nan 
-115.125, 89.875, 8.913738835539326e-26, nan 
-114.875, 89.875, 1.0769860425068563e-25, nan 
-114.625, 89.875, 9.754864266646207e-26, nan 
-114.375, 89.875, 1.0295663692863034e-25, nan 
-114.125, 89.875, 1.4520314812773646e-25, nan 
-113.875, 89.875, 1.8732579385252764e-25, nan 
-113.625, 89.875, 1.5338944770447622e-25, nan 
-113.375, 89.875, 1.6088704427799535e-25, nan 
-113.125, 89.875, 1.1061109825584416e-25, nan 
-112.875, 89.875, 1.2818599067797558e-25, nan 
-112.625, 89.875, 9.557412696729163e-26, nan 
-112.375, 89.875, 1.5760732379895443e-25, nan 
-112.125, 89.875, 1.5336604033055256e-25, nan 
-111.875, 89.875, 1.2368575757922913e-25, nan 
-111.625, 89.875, 1.80779674273558e-25, nan 
-111.375, 89.875, 1.6835782989693058e-25, nan 
-111.125, 89.875, 2.325121761073131e-25, nan 
-110.875, 89.875, 1.39849328720532e-25, nan 
-110.625, 89.875, 1.2636158911865913e-25, nan 
-110.375, 89.875, 2.092252324953348e-25, nan 
-110.125, 89.875, 2.5671951811555216e-25, nan 
-109.875, 89.875, 1.6224094846285205e-25, nan 
-109.625, 89.875, 1.1352835348613293e-25, nan 
-109.375, 89.875, 2.687330535154122e-25, nan 
-109.125, 89.875, 2.7229509030446197e-25, nan 
-108.875, 89.875, 1.6617776247339248e-25, nan 
-108.625, 89.875, 1.515206202139276e-25, nan 
-108.375, 89.875, 1.3677621181663462e-25, nan 
-108.125, 89.875, 1.5982638254599985e-25, nan 
-107.875, 89.875, 1.6850260243772443e-25, nan 
-107.625, 89.875, 1.490278901452361e-25, nan 
-107.375, 89.875, 1.5653627209851043e-25, nan 
-107.125, 89.875, 1.3693600258338277e-25, nan 
-106.875, 89.875, 1.3550789908336688e-25, nan 
-106.625, 89.875, 1.9310397189532693e-25, nan 
-106.375, 89.875, 1.7012686008535587e-25, nan 
-106.125, 89.875, 1.6375301318495884e-25, nan 
-105.875, 89.875, 1.7371611252225353e-25, nan 
-105.625, 89.875, 1.4074382981317616e-25, nan 
-105.375, 89.875, 1.5841595671950592e-25, nan 
-105.125, 89.875, 1.8115370774812185e-25, nan 
-104.875, 89.875, 1.4894436933962058e-25, nan 
-104.625, 89.875, 1.7375283504524607e-25, nan 
-104.375, 89.875, 1.7004325139615144e-25, nan 
-104.125, 89.875, 1.7300432605746988e-25, nan 
-103.875, 89.875, 1.6993853859737254e-25, nan 
-103.625, 89.875, 1.5011613787363953e-25, nan 
-103.375, 89.875, 1.3178345784094327e-25, nan 
-103.125, 89.875, 1.2298814431657393e-25, nan 
-102.875, 89.875, 1.508827572886111e-25, nan 
-102.625, 89.875, 1.408717651747333e-25, nan 
-102.375, 89.875, 1.4070317463501773e-25, nan 
-102.125, 89.875, 1.2205998249902292e-25, nan 
-101.875, 89.875, 1.3200405881890635e-25, nan 
-101.625, 89.875, 1.4932557291275383e-25, nan 
-101.375, 89.875, 1.3867314095160812e-25, nan 
-101.125, 89.875, 1.5083757558591498e-25, nan 
-100.875, 89.875, 9.297682877087925e-26, nan 
-100.625, 89.875, 1.1975853873229975e-25, nan 
-100.375, 89.875, 1.5948946598947218e-25, nan 
-100.125, 89.875, 1.5803668039779666e-25, nan 
-99.875, 89.875, 1.055379208552404e-25, nan 
-99.625, 89.875, 1.742392307882649e-25, nan 
-99.375, 89.875, 1.24693672546375e-25, nan 
-99.125, 89.875, 1.1522726919265784e-25, nan 
-98.875, 89.875, 1.6853541985671208e-25, nan 
-98.625, 89.875, 1.3375943806283551e-25, nan 
-98.375, 89.875, 1.4290448880271652e-25, nan 
-98.125, 89.875, 1.4814637229858224e-25, nan 
-97.875, 89.875, 2.10688995216808e-25, nan 
-97.625, 89.875, 1.7313260091812505e-25, nan 
-97.375, 89.875, 1.863722969857119e-25, nan 
-97.125, 89.875, 1.33605817912906e-25, nan 
-96.875, 89.875, 1.066086588019646e-25, nan 
-96.625, 89.875, 1.4351421633352082e-25, nan 
-96.375, 89.875, 1.1683757469627829e-25, nan 
-96.125, 89.875, 1.3541841526510106e-25, nan 
-95.875, 89.875, 1.2004582871912322e-25, nan 
-95.625, 89.875, 1.5358753196886282e-25, nan 
-95.375, 89.875, 1.6269516339105313e-25, nan 
-95.125, 89.875, 1.0950555511357296e-25, nan 
-94.875, 89.875, 1.6750616986790182e-25, nan 
-94.625, 89.875, 1.4836831153596572e-25, nan 
-94.375, 89.875, 1.6565592731166177e-25, nan 
-94.125, 89.875, 1.4817356446171663e-25, nan 
-93.875, 89.875, 1.4039875221268653e-25, nan 
-93.625, 89.875, 1.3496514176319577e-25, nan 
-93.375, 89.875, 1.385678201242276e-25, nan 
-93.125, 89.875, 1.7877739346885746e-25, nan 
-92.875, 89.875, 6.266098070848977e-26, nan 
-92.625, 89.875, 1.6594086388488129e-25, nan 
-92.375, 89.875, 1.6882818176451693e-25, nan 
-92.125, 89.875, 1.3139390839028316e-25, nan 
-91.875, 89.875, 8.869632267387347e-26, nan 
-91.625, 89.875, 1.4668729541444238e-25, nan 
-91.375, 89.875, 1.645200314319818e-25, nan 
-91.125, 89.875, 9.257712031449504e-26, nan 
-90.875, 89.875, 1.6834509744709034e-25, nan 
-90.625, 89.875, 1.6105513754586485e-25, nan 
-90.375, 89.875, 1.7660907405807486e-25, nan 
-90.125, 89.875, 1.5888159177277766e-25, nan 
-89.875, 89.875, 1.4765847613851497e-25, nan 
-89.625, 89.875, 1.3922102933170068e-25, nan 
-89.375, 89.875, 1.429492181894515e-25, nan 
-89.125, 89.875, 1.432268542686167e-25, nan 
-88.875, 89.875, 1.398812080656069e-25, nan 
-88.625, 89.875, 1.5704913509965467e-25, nan 
-88.375, 89.875, 1.1253188114472376e-25, nan 
-88.125, 89.875, 7.904914986112007e-26, nan 
-87.875, 89.875, 1.448277013977859e-25, nan 
-87.625, 89.875, 1.5923423810607141e-25, nan 
-87.375, 89.875, 1.8996771073902074e-25, nan 
-87.125, 89.875, 1.463437685749155e-25, nan 
-86.875, 89.875, 1.708201604037041e-25, nan 
-86.625, 89.875, 1.405231773298837e-25, nan 
-86.375, 89.875, 1.5101708654927566e-25, nan 
-86.125, 89.875, 1.5394126203015016e-25, nan 
-85.875, 89.875, 1.7531301022064693e-25, nan 
-85.625, 89.875, 1.4489534953743658e-25, nan 
-85.375, 89.875, 1.6868854421094522e-25, nan 
-85.125, 89.875, 1.4620275142638281e-25, nan 
-84.875, 89.875, 1.630362860844482e-25, nan 
-84.625, 89.875, 1.8736750581597776e-25, nan 
-84.375, 89.875, 1.3620500727186312e-25, nan 
-84.125, 89.875, 1.2520832994548982e-25, nan 
-83.875, 89.875, 1.3725818373395122e-25, nan 
-83.625, 89.875, 1.577793911932993e-25, nan 
-83.375, 89.875, 1.6581218736840956e-25, nan 
-83.125, 89.875, 1.5806642559627545e-25, nan 
-82.875, 89.875, 1.2407412693602209e-25, nan 
-82.625, 89.875, 1.1614327181134002e-25, nan 
-82.375, 89.875, 1.3358454844182535e-25, nan 
-82.125, 89.875, 1.3389684150145153e-25, nan 
-81.875, 89.875, 2.084411125613611e-25, nan 
-81.625, 89.875, 1.9750099125909449e-25, nan 
-81.375, 89.875, 1.5126446672758068e-25, nan 
-81.125, 89.875, 1.9676174876598246e-25, nan 
-80.875, 89.875, 1.764511311485604e-25, nan 
-80.625, 89.875, 1.6003287281629774e-25, nan 
-80.375, 89.875, 1.421120700281862e-25, nan 
-80.125, 89.875, 1.4108032964310303e-25, nan 
-79.875, 89.875, 1.4274092706861514e-25, nan 
-79.625, 89.875, 1.6399906417745317e-25, nan 
-79.375, 89.875, 1.475663795506823e-25, nan 
-79.125, 89.875, 1.3423581452578125e-25, nan 
-78.875, 89.875, 1.8626098099913984e-25, nan 
-78.625, 89.875, 1.6276598739417346e-25, nan 
-78.375, 89.875, 6.548123199407607e-26, nan 
-78.125, 89.875, 6.522243517063767e-26, nan 
-77.875, 89.875, 6.962392164377188e-26, nan 
-77.625, 89.875, 7.658080136911487e-26, nan 
-77.375, 89.875, 1.2348878015769518e-25, nan 
-77.125, 89.875, 1.4782019718527751e-25, nan 
-76.875, 89.875, 1.3127644383927275e-25, nan 
-76.625, 89.875, 8.416913594319481e-26, nan 
-76.375, 89.875, 1.2905804845534676e-25, nan 
-76.125, 89.875, 1.0458636153962096e-25, nan 
-75.875, 89.875, 9.283801904506777e-26, nan 
-75.625, 89.875, 1.5290982071739753e-25, nan 
-75.375, 89.875, 1.5911508891398047e-25, nan 
-75.125, 89.875, 1.5307534642761458e-25, nan 
-74.875, 89.875, 9.356044394483105e-26, nan 
-74.625, 89.875, 1.614087203114209e-25, nan 
-74.375, 89.875, 2.506138254978688e-25, nan 
-74.125, 89.875, 1.9348868351701334e-25, nan 
-73.875, 89.875, 1.0186176733440867e-25, nan 
-73.625, 89.875, 1.5048164128561085e-25, nan 
-73.375, 89.875, 1.603389173906038e-25, nan 
-73.125, 89.875, 1.8818626757184951e-25, nan 
-72.875, 89.875, 1.4775840847518968e-25, nan 
-72.625, 89.875, 1.4438257053245003e-25, nan 
-72.375, 89.875, 1.7437140427968826e-25, nan 
-72.125, 89.875, 1.3257089058139194e-25, nan 
-71.875, 89.875, 1.2216905537564786e-25, nan 
-71.625, 89.875, 1.3262118746353624e-25, nan 
-71.375, 89.875, 1.4615458878079112e-25, nan 
-71.125, 89.875, 1.570521942394973e-25, nan 
-70.875, 89.875, 1.2405604372334355e-25, nan 
-70.625, 89.875, 1.3184836936069252e-25, nan 
-70.375, 89.875, 1.3552663154950077e-25, nan 
-70.125, 89.875, 1.4497509582380215e-25, nan 
-69.875, 89.875, 1.328762644144876e-25, nan 
-69.625, 89.875, 1.2612315824688303e-25, nan 
-69.375, 89.875, 1.4941201878067302e-25, nan 
-69.125, 89.875, 1.5950543924134488e-25, nan 
-68.875, 89.875, 2.1686004508255164e-25, nan 
-68.625, 89.875, 2.3961121756379777e-25, nan 
-68.375, 89.875, 1.9093314947474212e-25, nan 
-68.125, 89.875, 1.3798270005677047e-25, nan 
-67.875, 89.875, 1.604872562351823e-25, nan 
-67.625, 89.875, 2.0476186964110153e-25, nan 
-67.375, 89.875, 1.8150120247486465e-25, nan 
-67.125, 89.875, 2.0227817208661544e-25, nan 
-66.875, 89.875, 1.4442978135733367e-25, nan 
-66.625, 89.875, 1.0135893810572053e-25, nan 
-66.375, 89.875, 1.9762534187567594e-25, nan 
-66.125, 89.875, 1.8438537596020149e-25, nan 
-65.875, 89.875, 1.4981871134440097e-25, nan 
-65.625, 89.875, 1.7207325956082793e-25, nan 
-65.375, 89.875, 2.0224726607401665e-25, nan 
-65.125, 89.875, 1.8439290383566188e-25, nan 
-64.875, 89.875, 1.8525314974252432e-25, nan 
-64.625, 89.875, 1.4965374581008946e-25, nan 
-64.375, 89.875, 1.9503570688088565e-25, nan 
-64.125, 89.875, 1.5221203842229873e-25, nan 
-63.875, 89.875, 1.5792111869707444e-25, nan 
-63.625, 89.875, 1.5965701393978183e-25, nan 
-63.375, 89.875, 1.9056799325029405e-25, nan 
-63.125, 89.875, 1.7065352721932806e-25, nan 
-62.875, 89.875, 1.6639418535576672e-25, nan 
-62.625, 89.875, 1.5581783183169474e-25, nan 
-62.375, 89.875, 1.402124777095543e-25, nan 
-62.125, 89.875, 1.7539136126856284e-25, nan 
-61.875, 89.875, 1.7390525160007716e-25, nan 
-61.625, 89.875, 1.8707683285367746e-25, nan 
-61.375, 89.875, 1.4827940704507144e-25, nan 
-61.125, 89.875, 1.4309769240571512e-25, nan 
-60.875, 89.875, 1.7320407254766979e-25, nan 
-60.625, 89.875, 1.8412661143995528e-25, nan 
-60.375, 89.875, 1.560858484159855e-25, nan 
-60.125, 89.875, 1.761318177416836e-25, nan 
-59.875, 89.875, 1.1085911654075053e-25, nan 
-59.625, 89.875, 1.311103398969642e-25, nan 
-59.375, 89.875, 1.9693288088806896e-25, nan 
-59.125, 89.875, 1.4754932412249066e-25, nan 
-58.875, 89.875, 1.5026413819493257e-25, nan 
-58.625, 89.875, 1.3695652474489713e-25, nan 
-58.375, 89.875, 1.3654520696791095e-25, nan 
-58.125, 89.875, 1.2651333675166712e-25, nan 
-57.875, 89.875, 1.4768783599095108e-25, nan 
-57.625, 89.875, 1.5301224309004061e-25, nan 
-57.375, 89.875, 1.7338687505696434e-25, nan 
-57.125, 89.875, 1.7526076119646603e-25, nan 
-56.875, 89.875, 1.406214670556867e-25, nan 
-56.625, 89.875, 1.364197707350992e-25, nan 
-56.375, 89.875, 1.1332782824742543e-25, nan 
-56.125, 89.875, 1.3512839113452383e-25, nan 
-55.875, 89.875, 1.6017634080692664e-25, nan 
-55.625, 89.875, 1.4523055483320258e-25, nan 
-55.375, 89.875, 1.38316044887683e-25, nan 
-55.125, 89.875, 1.4255424124160744e-25, nan 
-54.875, 89.875, 1.336950495573662e-25, nan 
-54.625, 89.875, 1.3139899192714069e-25, nan 
-54.375, 89.875, 1.5524316896322293e-25, nan 
-54.125, 89.875, 1.448796955810508e-25, nan 
-53.875, 89.875, 1.0983444312545366e-25, nan 
-53.625, 89.875, 1.6365032424029297e-25, nan 
-53.375, 89.875, 1.6488738462976093e-25, nan 
-53.125, 89.875, 1.6204942978542172e-25, nan 
-52.875, 89.875, 1.169184142822529e-25, nan 
-52.625, 89.875, 1.1448740067420554e-25, nan 
-52.375, 89.875, 1.2589879281592666e-25, nan 
-52.125, 89.875, 2.003093819836447e-25, nan 
-51.875, 89.875, 1.779998908573941e-25, nan 
-51.625, 89.875, 1.6748180310942559e-25, nan 
-51.375, 89.875, 1.4280634355378592e-25, nan 
-51.125, 89.875, 1.9426224019473801e-25, nan 
-50.875, 89.875, 2.132623870501332e-25, nan 
-50.625, 89.875, 1.9690017996925189e-25, nan 
-50.375, 89.875, 1.7427622647305443e-25, nan 
-50.125, 89.875, 2.0377604259341605e-25, nan 
-49.875, 89.875, 1.9959086314466579e-25, nan 
-49.625, 89.875, 2.2947712639513267e-25, nan 
-49.375, 89.875, 2.3998575984661315e-25, nan 
-49.125, 89.875, 2.2384590750396845e-25, nan 
-48.875, 89.875, 2.092126154672733e-25, nan 
-48.625, 89.875, 1.9669261059098666e-25, nan 
-48.375, 89.875, 2.487899995006469e-25, nan 
-48.125, 89.875, 2.262543699195565e-25, nan 
-47.875, 89.875, 2.0421828006573708e-25, nan 
-47.625, 89.875, 2.0660936418496002e-25, nan 
-47.375, 89.875, 2.0393097136181894e-25, nan 
-47.125, 89.875, 1.9496596193243414e-25, nan 
-46.875, 89.875, 1.719687723491222e-25, nan 
-46.625, 89.875, 1.8092474773272193e-25, nan 
-46.375, 89.875, 1.5261194807084052e-25, nan 
-46.125, 89.875, 1.3038726717123602e-25, nan 
-45.875, 89.875, 1.2789080789014683e-25, nan 
-45.625, 89.875, 1.6089310492753502e-25, nan 
-45.375, 89.875, 1.6184570456840918e-25, nan 
-45.125, 89.875, 1.9432030426607629e-25, nan 
-44.875, 89.875, 1.6937846178987256e-25, nan 
-44.625, 89.875, 1.6183242707015976e-25, nan 
-44.375, 89.875, 1.7840689311888064e-25, nan 
-44.125, 89.875, 2.2033233110986205e-25, nan 
-43.875, 89.875, 1.8883062699945268e-25, nan 
-43.625, 89.875, 1.8333353963961551e-25, nan 
-43.375, 89.875, 1.3373419509418562e-25, nan 
-43.125, 89.875, 1.7369416779148819e-25, nan 
-42.875, 89.875, 1.7045649441931492e-25, nan 
-42.625, 89.875, 2.3782178241736294e-25, nan 
-42.375, 89.875, 1.6533798774087436e-25, nan 
-42.125, 89.875, 1.3834578260960733e-25, nan 
-41.875, 89.875, 2.4813476110631034e-25, nan 
-41.625, 89.875, 2.5461118904866844e-25, nan 
-41.375, 89.875, 2.8063895648481737e-25, nan 
-41.125, 89.875, 2.8919357269339e-25, nan 
-40.875, 89.875, 2.645481396113767e-25, nan 
-40.625, 89.875, 3.345490941662456e-25, nan 
-40.375, 89.875, 2.8930956593025587e-25, nan 
-40.125, 89.875, 2.7381349807723036e-25, nan 
-39.875, 89.875, 2.3203283438582158e-25, nan 
-39.625, 89.875, 2.8486515983793896e-25, nan 
-39.375, 89.875, 2.5393893223772057e-25, nan 
-39.125, 89.875, 2.518561233115652e-25, nan 
-38.875, 89.875, 2.863590532791309e-25, nan 
-38.625, 89.875, 2.804091861404925e-25, nan 
-38.375, 89.875, 3.730389108353006e-25, nan 
-38.125, 89.875, 3.994116569703273e-25, nan 
-37.875, 89.875, 2.951064208596867e-25, nan 
-37.625, 89.875, 3.251287837210548e-25, nan 
-37.375, 89.875, 3.193771087245862e-25, nan 
-37.125, 89.875, 2.9446424095170203e-25, nan 
-36.875, 89.875, 3.2044370772561895e-25, nan 
-36.625, 89.875, 2.71241049783826e-25, nan 
-36.375, 89.875, 2.7814320483038004e-25, nan 
-36.125, 89.875, 3.0147370765249154e-25, nan 
-35.875, 89.875, 3.2729691990534944e-25, nan 
-35.625, 89.875, 3.2356888479419733e-25, nan 
-35.375, 89.875, 3.594969764351668e-25, nan 
-35.125, 89.875, 3.1321556035597877e-25, nan 
-34.875, 89.875, 3.0578133922791813e-25, nan 
-34.625, 89.875, 2.9434000801235566e-25, nan 
-34.375, 89.875, 3.1603128929830685e-25, nan 
-34.125, 89.875, 3.1315826351167406e-25, nan 
-33.875, 89.875, 3.3980597047644595e-25, nan 
-33.625, 89.875, 3.27669504348461e-25, nan 
-33.375, 89.875, 3.857773994593896e-25, nan 
-33.125, 89.875, 3.1752766704898445e-25, nan 
-32.875, 89.875, 3.1622251771652465e-25, nan 
-32.625, 89.875, 3.818467718159804e-25, nan 
-32.375, 89.875, 3.625894594389244e-25, nan 
-32.125, 89.875, 3.2456002619241493e-25, nan 
-31.875, 89.875, 3.116741843228487e-25, nan 
-31.625, 89.875, 3.2964293984453703e-25, nan 
-31.375, 89.875, 3.1486935972909024e-25, nan 
-31.125, 89.875, 3.187203674801669e-25, nan 
-30.875, 89.875, 3.2289418774153317e-25, nan 
-30.625, 89.875, 3.1556529657859363e-25, nan 
-30.375, 89.875, 4.111759882547369e-25, nan 
-30.125, 89.875, 4.405183837732033e-25, nan 
-29.875, 89.875, 3.4842457412295403e-25, nan 
-29.625, 89.875, 3.331106166209457e-25, nan 
-29.375, 89.875, 3.2895556983139364e-25, nan 
-29.125, 89.875, 3.2054461705285867e-25, nan 
-28.875, 89.875, 3.420779031900557e-25, nan 
-28.625, 89.875, 3.188273942423886e-25, nan 
-28.375, 89.875, 3.461524595875477e-25, nan 
-28.125, 89.875, 3.2809962487602653e-25, nan 
-27.875, 89.875, 3.4308259679740614e-25, nan 
-27.625, 89.875, 3.760669578252975e-25, nan 
-27.375, 89.875, 3.491408069988904e-25, nan 
-27.125, 89.875, 4.363510457157078e-25, nan 
-26.875, 89.875, 4.54228329533577e-25, nan 
-26.625, 89.875, 3.4409768771886433e-25, nan 
-26.375, 89.875, 3.3260957282157425e-25, nan 
-26.125, 89.875, 3.6908713093395247e-25, nan 
-25.875, 89.875, 3.832410911257346e-25, nan 
-25.625, 89.875, 3.4549525545635906e-25, nan 
-25.375, 89.875, 4.17660855258402e-25, nan 
-25.125, 89.875, 3.714000595320171e-25, nan 
-24.875, 89.875, 4.888228165380106e-25, nan 
-24.625, 89.875, 4.36247517167062e-25, nan 
-24.375, 89.875, 3.5283869129674316e-25, nan 
-24.125, 89.875, 3.5473177317680687e-25, nan 
-23.875, 89.875, 3.5485578340224206e-25, nan 
-23.625, 89.875, 3.813633657388192e-25, nan 
-23.375, 89.875, 6.076309155798748e-25, nan 
-23.125, 89.875, 8.292156293452905e-25, nan 
-22.875, 89.875, 9.207682088554949e-25, nan 
-22.625, 89.875, 8.540676381803157e-25, nan 
-22.375, 89.875, 5.86531852977574e-25, nan 
-22.125, 89.875, 3.4865968897147122e-25, nan 
-21.875, 89.875, 3.3788357557256445e-25, nan 
-21.625, 89.875, 3.7201813448238543e-25, nan 
-21.375, 89.875, 3.908764455278329e-25, nan 
-21.125, 89.875, 4.5586543261448885e-25, nan 
-20.875, 89.875, 4.0987527386512465e-25, nan 
-20.625, 89.875, 2.7718185519811556e-25, nan 
-20.375, 89.875, 2.124584806155742e-25, nan 
-20.125, 89.875, 1.996442333979872e-25, nan 
-19.875, 89.875, 2.0224194199069704e-25, nan 
-19.625, 89.875, 1.7538838688126336e-25, nan 
-19.375, 89.875, 1.7435614342060515e-25, nan 
-19.125, 89.875, 2.0115883258300804e-25, nan 
-18.875, 89.875, 3.3485597183119337e-25, nan 
-18.625, 89.875, 3.198609003403799e-25, nan 
-18.375, 89.875, 3.6095937662249657e-25, nan 
-18.125, 89.875, 3.593978812944598e-25, nan 
-17.875, 89.875, 3.6017858899735385e-25, nan 
-17.625, 89.875, 3.6605595610473724e-25, nan 
-17.375, 89.875, 3.691059404312474e-25, nan 
-17.125, 89.875, 3.325601455346601e-25, nan 
-16.875, 89.875, 3.5361460990383365e-25, nan 
-16.625, 89.875, 3.822453957990351e-25, nan 
-16.375, 89.875, 3.603374453909106e-25, nan 
-16.125, 89.875, 3.604937275973741e-25, nan 
-15.875, 89.875, 3.6036922281574265e-25, nan 
-15.625, 89.875, 3.451595640675791e-25, nan 
-15.375, 89.875, 3.2620437985573826e-25, nan 
-15.125, 89.875, 2.655390852696214e-25, nan 
-14.875, 89.875, 1.9835122263605883e-25, nan 
-14.625, 89.875, 2.342058836866801e-25, nan 
-14.375, 89.875, 3.7488914465911684e-25, nan 
-14.125, 89.875, 3.7125516329071255e-25, nan 
-13.875, 89.875, 3.582760244556787e-25, nan 
-13.625, 89.875, 3.4805740002150024e-25, nan 
-13.375, 89.875, 3.476875405787967e-25, nan 
-13.125, 89.875, 4.20887543674926e-25, nan 
-12.875, 89.875, 4.0956618448202334e-25, nan 
-12.625, 89.875, 3.4952904470295967e-25, nan 
-12.375, 89.875, 3.711651792620826e-25, nan 
-12.125, 89.875, 5.156125735468329e-25, nan 
-11.875, 89.875, 4.70112055002024e-25, nan 
-11.625, 89.875, 3.733644137450502e-25, nan 
-11.375, 89.875, 3.924277189845729e-25, nan 
-11.125, 89.875, 3.7444886648074494e-25, nan 
-10.875, 89.875, 2.8502207669532727e-25, nan 
-10.625, 89.875, 3.469241736234636e-25, nan 
-10.375, 89.875, 3.204267956430216e-25, nan 
-10.125, 89.875, 3.070978899173704e-25, nan 
-9.875, 89.875, 2.3861809081715385e-25, nan 
-9.625, 89.875, 2.8877759254983413e-25, nan 
-9.375, 89.875, 2.364312227974207e-25, nan 
-9.125, 89.875, 2.29019360435043e-25, nan 
-8.875, 89.875, 2.758378517263244e-25, nan 
-8.625, 89.875, 2.439661276535126e-25, nan 
-8.375, 89.875, 2.317326283136794e-25, nan 
-8.125, 89.875, 5.057547076258964e-25, nan 
-7.875, 89.875, 3.4839682876898845e-25, nan 
-7.625, 89.875, 3.0314911721730344e-25, nan 
-7.375, 89.875, 3.139850224752733e-25, nan 
-7.125, 89.875, 4.038521566762141e-25, nan 
-6.875, 89.875, 1.9369998296714981e-25, nan 
-6.625, 89.875, 2.8031578749452784e-25, nan 
-6.375, 89.875, 3.15245891266166e-25, nan 
-6.125, 89.875, 3.02208501103339e-25, nan 
-5.875, 89.875, 2.0410964808478023e-25, nan 
-5.625, 89.875, 3.612505687859667e-25, nan 
-5.375, 89.875, 2.2467405570128648e-25, nan 
-5.125, 89.875, 2.704449132058952e-25, nan 
-4.875, 89.875, 2.8687364544712077e-25, nan 
-4.625, 89.875, 2.4949305548100098e-25, nan 
-4.375, 89.875, 2.189888781012339e-25, nan 
-4.125, 89.875, 2.746437333840822e-25, nan 
-3.875, 89.875, 2.1016290704958803e-25, nan 
-3.625, 89.875, 1.6353484305693864e-25, nan 
-3.375, 89.875, 2.353254893046235e-25, nan 
-3.125, 89.875, 2.646386181708213e-25, nan 
-2.875, 89.875, 2.1097560101678644e-25, nan 
-2.625, 89.875, 2.7487158383356067e-25, nan 
-2.375, 89.875, 2.649922254519695e-25, nan 
-2.125, 89.875, 1.4051076682304407e-25, nan 
-1.875, 89.875, 2.2664067720948845e-25, nan 
-1.625, 89.875, 2.449189705547485e-25, nan 
-1.375, 89.875, 2.6727305823729833e-25, nan 
-1.125, 89.875, 1.9092441565728085e-25, nan 
-0.875, 89.875, 3.0283035265981334e-25, nan 
-0.625, 89.875, 2.5007714566943297e-25, nan 
-0.375, 89.875, 2.6299352575118427e-25, nan 
-0.125, 89.875, 2.1143840506131414e-25, nan 
0.125, 89.875, 1.974152960360732e-25, nan 
0.375, 89.875, 2.5397316770527985e-25, nan 
0.625, 89.875, 2.4185156858973095e-25, nan 
0.875, 89.875, 3.053736216312338e-25, nan 
1.125, 89.875, 2.305724766333862e-25, nan 
1.375, 89.875, 2.771053526415772e-25, nan 
1.625, 89.875, 2.1867664739033023e-25, nan 
1.875, 89.875, 2.646638535754438e-25, nan 
2.125, 89.875, 2.1081285434869884e-25, nan 
2.375, 89.875, 3.0549348622381155e-25, nan 
2.625, 89.875, 3.3447241895670573e-25, nan 
2.875, 89.875, 2.6201663477910533e-25, nan 
3.125, 89.875, 2.714769919583847e-25, nan 
3.375, 89.875, 3.4229364110910947e-25, nan 
3.625, 89.875, 4.493068484706946e-25, nan 
3.875, 89.875, 3.3980406697569973e-25, nan 
4.125, 89.875, 2.2763246909806256e-25, nan 
4.375, 89.875, 3.93966265894996e-25, nan 
4.625, 89.875, 4.840700216451069e-25, nan 
4.875, 89.875, 5.231113990495169e-25, nan 
5.125, 89.875, 3.146410896668781e-25, nan 
5.375, 89.875, 5.007126758956922e-25, nan 
5.625, 89.875, 4.728988357451464e-25, nan 
5.875, 89.875, 2.9403450863337677e-25, nan 
6.125, 89.875, 3.4409221672546823e-25, nan 
6.375, 89.875, 3.0868164151976353e-25, nan 
6.625, 89.875, 3.062714108346473e-25, nan 
6.875, 89.875, 2.938382374518239e-25, nan 
7.125, 89.875, 2.8779339783492403e-25, nan 
7.375, 89.875, 4.440396128714763e-25, nan 
7.625, 89.875, 3.682640450793336e-25, nan 
7.875, 89.875, 2.7885102002911756e-25, nan 
8.125, 89.875, 2.8425239439073645e-25, nan 
8.375, 89.875, 2.7882211019942317e-25, nan 
8.625, 89.875, 2.534301593103813e-25, nan 
8.875, 89.875, 2.894135866344054e-25, nan 
9.125, 89.875, 2.4497956264169466e-25, nan 
9.375, 89.875, 2.6383709178660973e-25, nan 
9.625, 89.875, 2.7607424020130545e-25, nan 
9.875, 89.875, 2.568315383518685e-25, nan 
10.125, 89.875, 2.6961123873022724e-25, nan 
10.375, 89.875, 2.648698083489993e-25, nan 
10.625, 89.875, 2.700545310454298e-25, nan 
10.875, 89.875, 2.640068347318694e-25, nan 
11.125, 89.875, 2.556656759067699e-25, nan 
11.375, 89.875, 2.6571217368168234e-25, nan 
11.625, 89.875, 2.5756704018042593e-25, nan 
11.875, 89.875, 3.119774496011147e-25, nan 
12.125, 89.875, 3.8136962140259073e-25, nan 
12.375, 89.875, 2.942875692918611e-25, nan 
12.625, 89.875, 2.210123581630275e-25, nan 
12.875, 89.875, 2.030441142786658e-25, nan 
13.125, 89.875, 2.735527035955548e-25, nan 
13.375, 89.875, 2.245198163878457e-25, nan 
13.625, 89.875, 2.0717100660238247e-25, nan 
13.875, 89.875, 2.6086228972063493e-25, nan 
14.125, 89.875, 2.601058882055439e-25, nan 
14.375, 89.875, 2.372297727908156e-25, nan 
14.625, 89.875, 2.9846860674499035e-25, nan 
14.875, 89.875, 3.365313203524938e-25, nan 
15.125, 89.875, 3.24670418423078e-25, nan 
15.375, 89.875, 2.515382958601618e-25, nan 
15.625, 89.875, 2.7720840407638974e-25, nan 
15.875, 89.875, 3.1949122345831992e-25, nan 
16.125, 89.875, 2.326835796706856e-25, nan 
16.375, 89.875, 3.3463409836370696e-25, nan 
16.625, 89.875, 3.9294103457048664e-25, nan 
16.875, 89.875, 4.629580277534105e-25, nan 
17.125, 89.875, 4.556756430780826e-25, nan 
17.375, 89.875, 4.508368403799506e-25, nan 
17.625, 89.875, 4.459972765652149e-25, nan 
17.875, 89.875, 3.954286188014073e-25, nan 
18.125, 89.875, 4.038549588870141e-25, nan 
18.375, 89.875, 3.8025907153853684e-25, nan 
18.625, 89.875, 4.334707923845028e-25, nan 
18.875, 89.875, 4.081266716550702e-25, nan 
19.125, 89.875, 3.6893731466299336e-25, nan 
19.375, 89.875, 3.419868840569898e-25, nan 
19.625, 89.875, 3.5607249127931666e-25, nan 
19.875, 89.875, 3.4722094983867277e-25, nan 
20.125, 89.875, 3.167174466769333e-25, nan 
20.375, 89.875, 3.1389184523590436e-25, nan 
20.625, 89.875, 3.0385641932009484e-25, nan 
20.875, 89.875, 2.3492124587820786e-25, nan 
21.125, 89.875, 2.326515871255857e-25, nan 
21.375, 89.875, 2.146430866449664e-25, nan 
21.625, 89.875, 2.565722735010083e-25, nan 
21.875, 89.875, 1.6892203962488662e-25, nan 
22.125, 89.875, 2.7437707986036073e-25, nan 
22.375, 89.875, 2.9521589467747922e-25, nan 
22.625, 89.875, 1.926827325011212e-25, nan 
22.875, 89.875, 1.7580614339404832e-25, nan 
23.125, 89.875, 2.420501535555703e-25, nan 
23.375, 89.875, 2.3895293467520324e-25, nan 
23.625, 89.875, 1.4143538410827373e-25, nan 
23.875, 89.875, 2.3244983107792744e-25, nan 
24.125, 89.875, 2.469354330240553e-25, nan 
24.375, 89.875, 2.5161303643420874e-25, nan 
24.625, 89.875, 2.7740824825749767e-25, nan 
24.875, 89.875, 2.338426255434296e-25, nan 
25.125, 89.875, 3.1269738728456733e-25, nan 
25.375, 89.875, 3.6950306499773667e-25, nan 
25.625, 89.875, 2.4724826990572344e-25, nan 
25.875, 89.875, 2.263197685304607e-25, nan 
26.125, 89.875, 2.607034190215611e-25, nan 
26.375, 89.875, 1.5628998188507795e-25, nan 
26.625, 89.875, 1.5938086636428247e-25, nan 
26.875, 89.875, 2.588187865060702e-25, nan 
27.125, 89.875, 2.4972761102265486e-25, nan 
27.375, 89.875, 3.063124429478449e-25, nan 
27.625, 89.875, 2.1893511740987895e-25, nan 
27.875, 89.875, 2.8818767446194104e-25, nan 
28.125, 89.875, 2.4057699160527605e-25, nan 
28.375, 89.875, 2.635768606673275e-25, nan 
28.625, 89.875, 2.4569475536957767e-25, nan 
28.875, 89.875, 2.7432175623615458e-25, nan 
29.125, 89.875, 2.5746539682004574e-25, nan 
29.375, 89.875, 2.5870689830847804e-25, nan 
29.625, 89.875, 2.290988581178157e-25, nan 
29.875, 89.875, 2.816797197477533e-25, nan 
30.125, 89.875, 3.14949473495912e-25, nan 
30.375, 89.875, 2.46006505481653e-25, nan 
30.625, 89.875, 2.1874892688188654e-25, nan 
30.875, 89.875, 2.3194301559274817e-25, nan 
31.125, 89.875, 2.574316947344496e-25, nan 
31.375, 89.875, 2.8699165214077775e-25, nan 
31.625, 89.875, 2.8409302060894485e-25, nan 
31.875, 89.875, 2.2571806066150472e-25, nan 
32.125, 89.875, 2.0920036714395117e-25, nan 
32.375, 89.875, 2.579279558662855e-25, nan 
32.625, 89.875, 2.672371998363489e-25, nan 
32.875, 89.875, 3.5773654481261573e-25, nan 
33.125, 89.875, 3.3078391992953064e-25, nan 
33.375, 89.875, 3.034312210920707e-25, nan 
33.625, 89.875, 3.625146738301146e-25, nan 
33.875, 89.875, 2.8130281793919814e-25, nan 
34.125, 89.875, 2.5837502202273686e-25, nan 
34.375, 89.875, 2.507999369250523e-25, nan 
34.625, 89.875, 2.5915524020933664e-25, nan 
34.875, 89.875, 2.5353671254998156e-25, nan 
35.125, 89.875, 3.0783334825891085e-25, nan 
35.375, 89.875, 3.094418679220696e-25, nan 
35.625, 89.875, 2.9867640822072015e-25, nan 
35.875, 89.875, 3.572079212502554e-25, nan 
36.125, 89.875, 3.107709398128642e-25, nan 
36.375, 89.875, 1.3117483604451076e-25, nan 
36.625, 89.875, 1.5537802567568742e-25, nan 
36.875, 89.875, 1.409146611731706e-25, nan 
37.125, 89.875, 1.37419161104723e-25, nan 
37.375, 89.875, 2.4400354923470637e-25, nan 
37.625, 89.875, 2.762835294705057e-25, nan 
37.875, 89.875, 2.0860281734973104e-25, nan 
38.125, 89.875, 1.5658373562987585e-25, nan 
38.375, 89.875, 2.7410369452833935e-25, nan 
38.625, 89.875, 2.086675014731622e-25, nan 
38.875, 89.875, 1.3004649784774284e-25, nan 
39.125, 89.875, 2.6848720298257337e-25, nan 
39.375, 89.875, 2.7618552222398866e-25, nan 
39.625, 89.875, 2.4034514883506634e-25, nan 
39.875, 89.875, 1.649812923242216e-25, nan 
40.125, 89.875, 2.474089277559551e-25, nan 
40.375, 89.875, 3.9793061038290776e-25, nan 
40.625, 89.875, 3.407499327035112e-25, nan 
40.875, 89.875, 2.3742117693419446e-25, nan 
41.125, 89.875, 2.6601758921529276e-25, nan 
41.375, 89.875, 2.782554100000758e-25, nan 
41.625, 89.875, 2.789827540882094e-25, nan 
41.875, 89.875, 2.3498155970224585e-25, nan 
42.125, 89.875, 2.240877129957228e-25, nan 
42.375, 89.875, 2.628284513249566e-25, nan 
42.625, 89.875, 2.3751065467544434e-25, nan 
42.875, 89.875, 1.8907911504647434e-25, nan 
43.125, 89.875, 2.134253076453959e-25, nan 
43.375, 89.875, 2.4898060489653484e-25, nan 
43.625, 89.875, 2.517966104334964e-25, nan 
43.875, 89.875, 1.964075940921933e-25, nan 
44.125, 89.875, 1.866302093849376e-25, nan 
44.375, 89.875, 1.924092688734525e-25, nan 
44.625, 89.875, 2.112322989272069e-25, nan 
44.875, 89.875, 2.28706691425788e-25, nan 
45.125, 89.875, 2.3056942490863207e-25, nan 
45.375, 89.875, 2.2564484445857808e-25, nan 
45.625, 89.875, 1.3175607609106518e-25, nan 
45.875, 89.875, 1.344555166017563e-25, nan 
46.125, 89.875, 2.572896883310518e-25, nan 
46.375, 89.875, 1.2609458589749461e-25, nan 
46.625, 89.875, 1.8048885640357225e-25, nan 
46.875, 89.875, 1.5989626399191992e-25, nan 
47.125, 89.875, 2.5555285384584833e-25, nan 
47.375, 89.875, 2.3510642038244925e-25, nan 
47.625, 89.875, 2.714461075238732e-25, nan 
47.875, 89.875, 1.8707898521656931e-25, nan 
48.125, 89.875, 1.489690030446603e-25, nan 
48.375, 89.875, 2.083405284460643e-25, nan 
48.625, 89.875, 2.3019147032069604e-25, nan 
48.875, 89.875, 1.9558999506360408e-25, nan 
49.125, 89.875, 2.2012354187802084e-25, nan 
49.375, 89.875, 2.4673354494650466e-25, nan 
49.625, 89.875, 2.1934520729910413e-25, nan 
49.875, 89.875, 2.0082965741597777e-25, nan 
50.125, 89.875, 2.636808859433645e-25, nan 
50.375, 89.875, 2.0570149237628503e-25, nan 
50.625, 89.875, 2.359929977374539e-25, nan 
50.875, 89.875, 2.44422823591824e-25, nan 
51.125, 89.875, 2.3268320716729666e-25, nan 
51.375, 89.875, 2.68325695404878e-25, nan 
51.625, 89.875, 2.5734004274162247e-25, nan 
51.875, 89.875, 1.9751045248376633e-25, nan 
52.125, 89.875, 2.2030335211297964e-25, nan 
52.375, 89.875, 2.5002660275517855e-25, nan 
52.625, 89.875, 2.601571532467875e-25, nan 
52.875, 89.875, 2.6412307077849016e-25, nan 
53.125, 89.875, 2.2510775788012205e-25, nan 
53.375, 89.875, 1.9826222677432974e-25, nan 
53.625, 89.875, 2.121343451820192e-25, nan 
53.875, 89.875, 2.5901432511825193e-25, nan 
54.125, 89.875, 2.0303355452223487e-25, nan 
54.375, 89.875, 1.815544819757444e-25, nan 
54.625, 89.875, 2.533798298607414e-25, nan 
54.875, 89.875, 2.216216177607483e-25, nan 
55.125, 89.875, 1.8199694534683237e-25, nan 
55.375, 89.875, 2.9800812839168166e-25, nan 
55.625, 89.875, 1.9834772460116742e-25, nan 
55.875, 89.875, 2.213061317904689e-25, nan 
56.125, 89.875, 1.893529785147071e-25, nan 
56.375, 89.875, 1.6897008781498414e-25, nan 
56.625, 89.875, 1.94445113363773e-25, nan 
56.875, 89.875, 1.8590918873320325e-25, nan 
57.125, 89.875, 2.535845707924042e-25, nan 
57.375, 89.875, 1.7482410474844072e-25, nan 
57.625, 89.875, 1.6093817864105797e-25, nan 
57.875, 89.875, 1.733604919914013e-25, nan 
58.125, 89.875, 1.9580218395385616e-25, nan 
58.375, 89.875, 1.886836584494142e-25, nan 
58.625, 89.875, 1.6013121566505456e-25, nan 
58.875, 89.875, 2.2358967714510874e-25, nan 
59.125, 89.875, 2.1121651923723383e-25, nan 
59.375, 89.875, 2.4602139750747773e-25, nan 
59.625, 89.875, 1.8950494520510042e-25, nan 
59.875, 89.875, 2.5876536796563834e-25, nan 
60.125, 89.875, 2.0813657530910623e-25, nan 
60.375, 89.875, 1.9036617585359343e-25, nan 
60.625, 89.875, 1.6777246371086151e-25, nan 
60.875, 89.875, 1.8656157421892182e-25, nan 
61.125, 89.875, 2.1539067753003785e-25, nan 
61.375, 89.875, 2.1489008911926456e-25, nan 
61.625, 89.875, 2.220897992833344e-25, nan 
61.875, 89.875, 1.993447118347739e-25, nan 
62.125, 89.875, 1.9239053786190188e-25, nan 
62.375, 89.875, 1.7324973602981553e-25, nan 
62.625, 89.875, 1.7941337445367594e-25, nan 
62.875, 89.875, 2.2487421939561555e-25, nan 
63.125, 89.875, 2.252385667487146e-25, nan 
63.375, 89.875, 2.228432499662626e-25, nan 
63.625, 89.875, 1.9004179070610783e-25, nan 
63.875, 89.875, 2.6685889428972117e-25, nan 
64.125, 89.875, 2.347952624184068e-25, nan 
64.375, 89.875, 2.196675705426797e-25, nan 
64.625, 89.875, 2.4339935273523305e-25, nan 
64.875, 89.875, 2.0542929871728317e-25, nan 
65.125, 89.875, 3.2180053059588836e-25, nan 
65.375, 89.875, 2.2302810512226276e-25, nan 
65.625, 89.875, 1.7894281191964708e-25, nan 
65.875, 89.875, 2.2750241497556807e-25, nan 
66.125, 89.875, 1.3685495111214607e-25, nan 
66.375, 89.875, 1.1789378252588057e-25, nan 
66.625, 89.875, 3.0873970952930706e-25, nan 
66.875, 89.875, 5.182686976145979e-25, nan 
67.125, 89.875, 4.80996404513066e-25, nan 
67.375, 89.875, 3.8175187726332345e-25, nan 
67.625, 89.875, 2.3538659699717235e-25, nan 
67.875, 89.875, 1.5561329224765963e-25, nan 
68.125, 89.875, 1.4073127117648683e-25, nan 
68.375, 89.875, 1.6418606896902904e-25, nan 
68.625, 89.875, 1.7651714554648717e-25, nan 
68.875, 89.875, 2.640413050347977e-25, nan 
69.125, 89.875, 2.335703064092036e-25, nan 
69.375, 89.875, 1.5236061875578032e-25, nan 
69.625, 89.875, 1.2626403953027968e-25, nan 
69.875, 89.875, 1.2044847054254965e-25, nan 
70.125, 89.875, 1.7298944260429939e-25, nan 
70.375, 89.875, 1.1350243387251057e-25, nan 
70.625, 89.875, 1.9515474963545994e-25, nan 
70.875, 89.875, 2.0140407469716786e-25, nan 
71.125, 89.875, 1.7110162246211563e-25, nan 
71.375, 89.875, 1.5584008955821294e-25, nan 
71.625, 89.875, 1.2380421464404418e-25, nan 
71.875, 89.875, 1.2347058016076522e-25, nan 
72.125, 89.875, 1.2194646600739635e-25, nan 
72.375, 89.875, 1.4286684761607297e-25, nan 
72.625, 89.875, 1.2761692875122827e-25, nan 
72.875, 89.875, 1.7748972153585526e-25, nan 
73.125, 89.875, 1.123915872322933e-25, nan 
73.375, 89.875, 1.7313942783927739e-25, nan 
73.625, 89.875, 1.6918467602034724e-25, nan 
73.875, 89.875, 1.0949471249742164e-25, nan 
74.125, 89.875, 1.4754183739661054e-25, nan 
74.375, 89.875, 1.1688531604853744e-25, nan 
74.625, 89.875, 1.0816356105168206e-25, nan 
74.875, 89.875, 1.044120933479116e-25, nan 
75.125, 89.875, 2.235424195216084e-25, nan 
75.375, 89.875, 1.0892292298783824e-25, nan 
75.625, 89.875, 1.4334097985651022e-25, nan 
75.875, 89.875, 1.6475514112714092e-25, nan 
76.125, 89.875, 1.0745407761301236e-25, nan 
76.375, 89.875, 1.560056821126896e-25, nan 
76.625, 89.875, 2.4244393236420863e-25, nan 
76.875, 89.875, 1.5611075647554965e-25, nan 
77.125, 89.875, 2.678706015079886e-25, nan 
77.375, 89.875, 1.8570837199210157e-25, nan 
77.625, 89.875, 1.3465006409481702e-25, nan 
77.875, 89.875, 3.3645205392803607e-25, nan 
78.125, 89.875, 1.93415675768226e-25, nan 
78.375, 89.875, 1.4180929096068925e-25, nan 
78.625, 89.875, 1.0507886092178666e-25, nan 
78.875, 89.875, 1.2505562282831247e-25, nan 
79.125, 89.875, 1.9658979357530104e-25, nan 
79.375, 89.875, 1.984944361001876e-25, nan 
79.625, 89.875, 1.456713417584343e-25, nan 
79.875, 89.875, 9.330957099849214e-26, nan 
80.125, 89.875, 1.0948203087287702e-25, nan 
80.375, 89.875, 1.3739484133580547e-25, nan 
80.625, 89.875, 1.1277368961077576e-25, nan 
80.875, 89.875, 2.0185139947393592e-25, nan 
81.125, 89.875, 1.2905772031710493e-25, nan 
81.375, 89.875, 1.5479374511749903e-25, nan 
81.625, 89.875, 1.415192989839177e-25, nan 
81.875, 89.875, 1.1731735238057864e-25, nan 
82.125, 89.875, 1.4849321554891383e-25, nan 
82.375, 89.875, 1.6390889142342129e-25, nan 
82.625, 89.875, 1.8216162419483851e-25, nan 
82.875, 89.875, 1.1244881603194692e-25, nan 
83.125, 89.875, 1.6096087683801695e-25, nan 
83.375, 89.875, 1.255237049495207e-25, nan 
83.625, 89.875, 1.3366276961228675e-25, nan 
83.875, 89.875, 1.231624365945309e-25, nan 
84.125, 89.875, 1.0105289892984864e-25, nan 
84.375, 89.875, 2.5534757121531343e-25, nan 
84.625, 89.875, 2.1945554577140727e-25, nan 
84.875, 89.875, 1.1526738383323454e-25, nan 
85.125, 89.875, 1.3043810060532635e-25, nan 
85.375, 89.875, 1.2090717363544784e-25, nan 
85.625, 89.875, 1.0623542225064608e-25, nan 
85.875, 89.875, 1.3419927666974167e-25, nan 
86.125, 89.875, 1.372367512054806e-25, nan 
86.375, 89.875, 1.5233054515470432e-25, nan 
86.625, 89.875, 1.2536569224119867e-25, nan 
86.875, 89.875, 1.387009446027227e-25, nan 
87.125, 89.875, 1.6028242740208837e-25, nan 
87.375, 89.875, 1.153915126324701e-25, nan 
87.625, 89.875, 2.4313214445444347e-25, nan 
87.875, 89.875, 2.840745630155919e-25, nan 
88.125, 89.875, 1.3068247714597613e-25, nan 
88.375, 89.875, 1.2280320928193767e-25, nan 
88.625, 89.875, 1.447378182716405e-25, nan 
88.875, 89.875, 1.6848717150148461e-25, nan 
89.125, 89.875, 1.4072172435115806e-25, nan 
89.375, 89.875, 1.4395050675913993e-25, nan 
89.625, 89.875, 1.1183459192619116e-25, nan 
89.875, 89.875, 1.9864132403806823e-25, nan 
90.125, 89.875, 1.7840479113132635e-25, nan 
90.375, 89.875, 8.55655824476655e-26, nan 
90.625, 89.875, 7.667719430893068e-26, nan 
90.875, 89.875, 1.0481683881072577e-25, nan 
91.125, 89.875, 8.83823714665683e-26, nan 
91.375, 89.875, 3.065358347716621e-25, nan 
91.625, 89.875, 4.596683442610987e-25, nan 
91.875, 89.875, 5.178489410889637e-25, nan 
92.125, 89.875, 4.810702933904876e-25, nan 
92.375, 89.875, 2.832058925477303e-25, nan 
92.625, 89.875, 1.017683049406371e-25, nan 
92.875, 89.875, 7.956107792622614e-26, nan 
93.125, 89.875, 1.3519974150378766e-25, nan 
93.375, 89.875, 7.814122702495579e-26, nan 
93.625, 89.875, 2.309816910213396e-25, nan 
93.875, 89.875, 1.9912878599380615e-25, nan 
94.125, 89.875, 1.2581846063411532e-25, nan 
94.375, 89.875, 1.6865190905363095e-25, nan 
94.625, 89.875, 1.9638895306161321e-25, nan 
94.875, 89.875, 1.0945900513003176e-25, nan 
95.125, 89.875, 9.502205831256297e-26, nan 
95.375, 89.875, 2.4362637125480513e-25, nan 
95.625, 89.875, 2.0875980545344267e-25, nan 
95.875, 89.875, 1.2863380232009334e-25, nan 
96.125, 89.875, 8.189623777125389e-26, nan 
96.375, 89.875, 1.5380689446988826e-25, nan 
96.625, 89.875, 1.3952746554285272e-25, nan 
96.875, 89.875, 1.5261834194513295e-25, nan 
97.125, 89.875, 1.5637872711707517e-25, nan 
97.375, 89.875, 1.7046561740257887e-25, nan 
97.625, 89.875, 1.410260376050039e-25, nan 
97.875, 89.875, 1.7591502694254113e-25, nan 
98.125, 89.875, 1.451819111980889e-25, nan 
98.375, 89.875, 1.1045863570625985e-25, nan 
98.625, 89.875, 1.0990890985320703e-25, nan 
98.875, 89.875, 1.1699061310445976e-25, nan 
99.125, 89.875, 1.1357729372174676e-25, nan 
99.375, 89.875, 1.316534944770974e-25, nan 
99.625, 89.875, 1.605657473534881e-25, nan 
99.875, 89.875, 1.8987657134216056e-25, nan 
100.125, 89.875, 1.4310340154758435e-25, nan 
100.375, 89.875, 1.203843662014418e-25, nan 
100.625, 89.875, 1.1231727625157762e-25, nan 
100.875, 89.875, 1.1844719964598773e-25, nan 
101.125, 89.875, 1.0904387021026427e-25, nan 
101.375, 89.875, 1.1478263693320695e-25, nan 
101.625, 89.875, 2.0454535658747326e-25, nan 
101.875, 89.875, 1.8284994442123777e-25, nan 
102.125, 89.875, 7.491264590751185e-26, nan 
102.375, 89.875, 1.3071672210236185e-25, nan 
102.625, 89.875, 2.655410332433153e-25, nan 
102.875, 89.875, 2.2614995161468155e-25, nan 
103.125, 89.875, 9.109784325654953e-26, nan 
103.375, 89.875, 8.907018124921605e-26, nan 
103.625, 89.875, 1.3253498423722002e-25, nan 
103.875, 89.875, 1.0357156287504513e-25, nan 
104.125, 89.875, 1.5277911785426225e-25, nan 
104.375, 89.875, 1.346449458776999e-25, nan 
104.625, 89.875, 1.0002038558046437e-25, nan 
104.875, 89.875, 7.487738190307754e-26, nan 
105.125, 89.875, 1.41967628394601e-25, nan 
105.375, 89.875, 1.2504708536615818e-25, nan 
105.625, 89.875, 9.07581484540616e-26, nan 
105.875, 89.875, 1.205311308603802e-25, nan 
106.125, 89.875, 1.070228305451901e-25, nan 
106.375, 89.875, 9.898651103365967e-26, nan 
106.625, 89.875, 1.0229314452418483e-25, nan 
106.875, 89.875, 1.7778153488917205e-25, nan 
107.125, 89.875, 1.318144183978333e-25, nan 
107.375, 89.875, 1.558461870267594e-25, nan 
107.625, 89.875, 1.1527024136945818e-25, nan 
107.875, 89.875, 9.97976628919575e-26, nan 
108.125, 89.875, 1.5337730770803346e-25, nan 
108.375, 89.875, 1.948439489534812e-25, nan 
108.625, 89.875, 1.7465065839428936e-25, nan 
108.875, 89.875, 1.1851709659062212e-25, nan 
109.125, 89.875, 1.4540597030857775e-25, nan 
109.375, 89.875, 1.4610552054567475e-25, nan 
109.625, 89.875, 1.0661761549100144e-25, nan 
109.875, 89.875, 1.4604275434682986e-25, nan 
110.125, 89.875, 1.4707545579924782e-25, nan 
110.375, 89.875, 1.2814548969675837e-25, nan 
110.625, 89.875, 1.4636025476563997e-25, nan 
110.875, 89.875, 1.3988897846839785e-25, nan 
111.125, 89.875, 1.389811690791629e-25, nan 
111.375, 89.875, 9.931611930638206e-26, nan 
111.625, 89.875, 1.5794438114441262e-25, nan 
111.875, 89.875, 3.855580055217281e-26, nan 
112.125, 89.875, 1.2689367929041898e-25, nan 
112.375, 89.875, 1.6117559754645095e-25, nan 
112.625, 89.875, 1.1529577508588592e-25, nan 
112.875, 89.875, 1.1689083548217095e-25, nan 
113.125, 89.875, 1.2329764503479595e-25, nan 
113.375, 89.875, 1.3186680154066018e-25, nan 
113.625, 89.875, 6.151011420598557e-26, nan 
113.875, 89.875, 1.5559475172416363e-25, nan 
114.125, 89.875, 1.4034352613131734e-25, nan 
114.375, 89.875, 1.4530640150577898e-25, nan 
114.625, 89.875, 1.3925525298367222e-25, nan 
114.875, 89.875, 1.455946529603002e-25, nan 
115.125, 89.875, 1.4997366414027114e-25, nan 
115.375, 89.875, 1.6579191625733107e-25, nan 
115.625, 89.875, 1.9086118952095017e-25, nan 
115.875, 89.875, 1.7842170374064677e-25, nan 
116.125, 89.875, 1.7840692610742536e-25, nan 
116.375, 89.875, 1.0319729754267095e-25, nan 
116.625, 89.875, 1.0179124338954067e-25, nan 
116.875, 89.875, 1.5316605347607404e-25, nan 
117.125, 89.875, 1.725761004811663e-25, nan 
117.375, 89.875, 2.1690411766597795e-25, nan 
117.625, 89.875, 1.4390930427464226e-25, nan 
117.875, 89.875, 2.135884401812308e-25, nan 
118.125, 89.875, 1.6155774544834168e-25, nan 
118.375, 89.875, 1.982885313930684e-25, nan 
118.625, 89.875, 1.7638622352072368e-25, nan 
118.875, 89.875, 1.7970062700788032e-25, nan 
119.125, 89.875, 2.170105205057312e-25, nan 
119.375, 89.875, 2.585806668387839e-25, nan 
119.625, 89.875, 1.7126707201339366e-25, nan 
119.875, 89.875, 1.9540853643254494e-25, nan 
120.125, 89.875, 3.222934413053758e-25, nan 
120.375, 89.875, 2.8283187478709055e-25, nan 
120.625, 89.875, 1.7646554851772655e-25, nan 
120.875, 89.875, 1.675693461743683e-25, nan 
121.125, 89.875, 1.6739765307784985e-25, nan 
121.375, 89.875, 1.8046529434689609e-25, nan 
121.625, 89.875, 2.382867028652043e-25, nan 
121.875, 89.875, 1.7782713239695645e-25, nan 
122.125, 89.875, 1.4308161698499858e-25, nan 
122.375, 89.875, 1.8462443102373706e-25, nan 
122.625, 89.875, 1.6779730484223202e-25, nan 
122.875, 89.875, 2.332187030652622e-25, nan 
123.125, 89.875, 2.481235319504407e-25, nan 
123.375, 89.875, 2.1236736995407744e-25, nan 
123.625, 89.875, 2.817882162180751e-25, nan 
123.875, 89.875, 2.0511641002868274e-25, nan 
124.125, 89.875, 1.825197335591644e-25, nan 
124.375, 89.875, 1.8127409932140082e-25, nan 
124.625, 89.875, 2.116402556606793e-25, nan 
124.875, 89.875, 2.3002388001855225e-25, nan 
125.125, 89.875, 2.396056809183773e-25, nan 
125.375, 89.875, 2.2534961379705763e-25, nan 
125.625, 89.875, 1.876920111156961e-25, nan 
125.875, 89.875, 2.4674773316933802e-25, nan 
126.125, 89.875, 2.2129852659515376e-25, nan 
126.375, 89.875, 1.2113124421698914e-25, nan 
126.625, 89.875, 1.1587203673559265e-25, nan 
126.875, 89.875, 1.1834210393404095e-25, nan 
127.125, 89.875, 1.5343732263495722e-25, nan 
127.375, 89.875, 2.1719317902870354e-25, nan 
127.625, 89.875, 2.212046843267963e-25, nan 
127.875, 89.875, 1.852010098888156e-25, nan 
128.125, 89.875, 1.2903850440823396e-25, nan 
128.375, 89.875, 1.7230429633557862e-25, nan 
128.625, 89.875, 1.5596503498999886e-25, nan 
128.875, 89.875, 1.4905633028443376e-25, nan 
129.125, 89.875, 2.079686502229796e-25, nan 
129.375, 89.875, 2.3333954497610256e-25, nan 
129.625, 89.875, 1.9161127188379074e-25, nan 
129.875, 89.875, 1.62104958208581e-25, nan 
130.125, 89.875, 2.711199126768629e-25, nan 
130.375, 89.875, 2.4505860609373593e-25, nan 
130.625, 89.875, 2.5341637106564517e-25, nan 
130.875, 89.875, 1.851667429624196e-25, nan 
131.125, 89.875, 2.179391601841846e-25, nan 
131.375, 89.875, 2.0422470909549808e-25, nan 
131.625, 89.875, 2.565549071989588e-25, nan 
131.875, 89.875, 2.4699670867786997e-25, nan 
132.125, 89.875, 2.3674341569164253e-25, nan 
132.375, 89.875, 2.0311975567427008e-25, nan 
132.625, 89.875, 2.1418193390910667e-25, nan 
132.875, 89.875, 2.074877325052313e-25, nan 
133.125, 89.875, 2.0274815614587525e-25, nan 
133.375, 89.875, 2.287137239152668e-25, nan 
133.625, 89.875, 2.1791672090598366e-25, nan 
133.875, 89.875, 2.079273918218126e-25, nan 
134.125, 89.875, 1.653573102655083e-25, nan 
134.375, 89.875, 1.7650181126980938e-25, nan 
134.625, 89.875, 2.3425810840268473e-25, nan 
134.875, 89.875, 2.5778842282256845e-25, nan 
135.125, 89.875, 1.8003154868698673e-25, nan 
135.375, 89.875, 2.028893364585677e-25, nan 
135.625, 89.875, 2.0105596144692476e-25, nan 
135.875, 89.875, 2.165385269129582e-25, nan 
136.125, 89.875, 2.4203896016683776e-25, nan 
136.375, 89.875, 2.063689841572023e-25, nan 
136.625, 89.875, 1.6760502665130955e-25, nan 
136.875, 89.875, 2.3131940130435318e-25, nan 
137.125, 89.875, 2.4990270647309147e-25, nan 
137.375, 89.875, 1.879666974903124e-25, nan 
137.625, 89.875, 1.938618597998091e-25, nan 
137.875, 89.875, 2.070390035994236e-25, nan 
138.125, 89.875, 1.436161879763659e-25, nan 
138.375, 89.875, 1.7109781327561716e-25, nan 
138.625, 89.875, 2.2149557198230875e-25, nan 
138.875, 89.875, 2.1137222167380376e-25, nan 
139.125, 89.875, 1.886480278373467e-25, nan 
139.375, 89.875, 2.303335127921785e-25, nan 
139.625, 89.875, 2.5479235285464394e-25, nan 
139.875, 89.875, 2.8733363405531698e-25, nan 
140.125, 89.875, 2.7692741209516686e-25, nan 
140.375, 89.875, 2.272474677724924e-25, nan 
140.625, 89.875, 2.45678346163746e-25, nan 
140.875, 89.875, 2.5549090543735046e-25, nan 
141.125, 89.875, 1.9748170921056992e-25, nan 
141.375, 89.875, 2.0553714757277717e-25, nan 
141.625, 89.875, 2.4253440155355105e-25, nan 
141.875, 89.875, 2.28789413077658e-25, nan 
142.125, 89.875, 2.6346579834726083e-25, nan 
142.375, 89.875, 2.117221429200088e-25, nan 
142.625, 89.875, 2.746226258704783e-25, nan 
142.875, 89.875, 2.3195893084736893e-25, nan 
143.125, 89.875, 2.2038125962274776e-25, nan 
143.375, 89.875, 2.2055304401557972e-25, nan 
143.625, 89.875, 2.309067146185947e-25, nan 
143.875, 89.875, 2.365833426050346e-25, nan 
144.125, 89.875, 2.3964261605537466e-25, nan 
144.375, 89.875, 2.2262405478669127e-25, nan 
144.625, 89.875, 2.5083245694854566e-25, nan 
144.875, 89.875, 2.310693965726389e-25, nan 
145.125, 89.875, 2.2843207687887594e-25, nan 
145.375, 89.875, 2.3555984290098677e-25, nan 
145.625, 89.875, 2.089807300806542e-25, nan 
145.875, 89.875, 2.0809085980128816e-25, nan 
146.125, 89.875, 2.2407036087932844e-25, nan 
146.375, 89.875, 1.865808251515437e-25, nan 
146.625, 89.875, 1.6738222873027786e-25, nan 
146.875, 89.875, 1.998429054436423e-25, nan 
147.125, 89.875, 2.660978414227576e-25, nan 
147.375, 89.875, 2.5780471189109212e-25, nan 
147.625, 89.875, 2.843874043529391e-25, nan 
147.875, 89.875, 2.6036981048132834e-25, nan 
148.125, 89.875, 2.264849696970492e-25, nan 
148.375, 89.875, 2.392935908618247e-25, nan 
148.625, 89.875, 2.293054713791496e-25, nan 
148.875, 89.875, 2.3519629612301095e-25, nan 
149.125, 89.875, 2.1337196924536227e-25, nan 
149.375, 89.875, 2.4049407639789153e-25, nan 
149.625, 89.875, 2.225899010536797e-25, nan 
149.875, 89.875, 2.4072175711165823e-25, nan 
150.125, 89.875, 2.669823733512457e-25, nan 
150.375, 89.875, 2.282479604219438e-25, nan 
150.625, 89.875, 2.38026072155143e-25, nan 
150.875, 89.875, 2.0148063368095098e-25, nan 
151.125, 89.875, 2.0280685165131398e-25, nan 
151.375, 89.875, 2.5803695113316252e-25, nan 
151.625, 89.875, 2.2269250667977825e-25, nan 
151.875, 89.875, 1.370634487863273e-25, nan 
152.125, 89.875, 2.3453266066353996e-25, nan 
152.375, 89.875, 2.603828092780407e-25, nan 
152.625, 89.875, 2.133799920766782e-25, nan 
152.875, 89.875, 2.249713948778127e-25, nan 
153.125, 89.875, 2.527226056446816e-25, nan 
153.375, 89.875, 1.3263328354278785e-25, nan 
153.625, 89.875, 1.8609968457228045e-25, nan 
153.875, 89.875, 3.246981629099893e-25, nan 
154.125, 89.875, 2.6700124389055586e-25, nan 
154.375, 89.875, 1.936963366942943e-25, nan 
154.625, 89.875, 1.4716961294042553e-25, nan 
154.875, 89.875, 1.649043434655255e-25, nan 
155.125, 89.875, 2.4665760569180543e-25, nan 
155.375, 89.875, 2.4950942651322145e-25, nan 
155.625, 89.875, 1.8444497255950688e-25, nan 
155.875, 89.875, 2.374226532322983e-25, nan 
156.125, 89.875, 2.552435708733977e-25, nan 
156.375, 89.875, 1.9852755221681063e-25, nan 
156.625, 89.875, 1.5875421107572576e-25, nan 
156.875, 89.875, 1.498241811985092e-25, nan 
157.125, 89.875, 2.147456833851158e-25, nan 
157.375, 89.875, 2.6554036377773543e-25, nan 
157.625, 89.875, 1.7967341069663312e-25, nan 
157.875, 89.875, 2.205566236667713e-25, nan 
158.125, 89.875, 2.314688917145157e-25, nan 
158.375, 89.875, 1.999930781474039e-25, nan 
158.625, 89.875, 1.4895040286970505e-25, nan 
158.875, 89.875, 1.3565207212892016e-25, nan 
159.125, 89.875, 1.8032279229080625e-25, nan 
159.375, 89.875, 1.5873430344809573e-25, nan 
159.625, 89.875, 2.147937164959508e-25, nan 
159.875, 89.875, 2.6090611758654297e-25, nan 
160.125, 89.875, 2.4138521081750296e-25, nan 
160.375, 89.875, 1.1498240125612937e-25, nan 
160.625, 89.875, 1.9170474073037207e-25, nan 
160.875, 89.875, 2.5299833065616374e-25, nan 
161.125, 89.875, 1.5675286460577745e-25, nan 
161.375, 89.875, 2.156795321199219e-25, nan 
161.625, 89.875, 1.3650712132289358e-25, nan 
161.875, 89.875, 2.4011933799468443e-25, nan 
162.125, 89.875, 2.540280384302157e-25, nan 
162.375, 89.875, 2.281073547270027e-25, nan 
162.625, 89.875, 1.7874399394755314e-25, nan 
162.875, 89.875, 5.283237019846204e-26, nan 
163.125, 89.875, 2.104876628740416e-25, nan 
163.375, 89.875, 1.9101100621865524e-25, nan 
163.625, 89.875, 1.606945466243312e-25, nan 
163.875, 89.875, 1.953161727438512e-25, nan 
164.125, 89.875, 1.9540403944551428e-25, nan 
164.375, 89.875, 2.1603436491454897e-25, nan 
164.625, 89.875, 2.222725703691672e-25, nan 
164.875, 89.875, 2.2119474888908555e-25, nan 
165.125, 89.875, 1.945562233873497e-25, nan 
165.375, 89.875, 2.537486838710608e-25, nan 
165.625, 89.875, 2.1218355820142736e-25, nan 
165.875, 89.875, 2.7155774824679685e-25, nan 
166.125, 89.875, 2.546346911229703e-25, nan 
166.375, 89.875, 2.449193684845079e-25, nan 
166.625, 89.875, 1.5780226591528524e-25, nan 
166.875, 89.875, 2.813195940436922e-25, nan 
167.125, 89.875, 2.3838963815674347e-25, nan 
167.375, 89.875, 2.300007755491819e-25, nan 
167.625, 89.875, 1.9401997796887846e-25, nan 
167.875, 89.875, 1.528940607346265e-25, nan 
168.125, 89.875, 1.6455872682863961e-25, nan 
168.375, 89.875, 1.6523026926385744e-25, nan 
168.625, 89.875, 2.0236218197255186e-25, nan 
168.875, 89.875, 1.5534271624022516e-25, nan 
169.125, 89.875, 1.2929401854185845e-25, nan 
169.375, 89.875, 2.444388815899158e-25, nan 
169.625, 89.875, 1.2574496071676591e-25, nan 
169.875, 89.875, 1.3761263410024423e-25, nan 
170.125, 89.875, 2.321022833935021e-25, nan 
170.375, 89.875, 1.7790410082943864e-25, nan 
170.625, 89.875, 2.093372331036674e-25, nan 
170.875, 89.875, 1.4233260106718264e-25, nan 
171.125, 89.875, 1.0131265128971443e-25, nan 
171.375, 89.875, 1.290121881722971e-25, nan 
171.625, 89.875, 1.531127693927351e-25, nan 
171.875, 89.875, 2.516590887271551e-25, nan 
172.125, 89.875, 1.6478188242888672e-25, nan 
172.375, 89.875, 1.353058137908078e-25, nan 
172.625, 89.875, 1.4104275144233118e-25, nan 
172.875, 89.875, 1.9553913273979535e-25, nan 
173.125, 89.875, 7.230442134009855e-26, nan 
173.375, 89.875, 1.5645655093762607e-25, nan 
173.625, 89.875, 2.3193317415601113e-25, nan 
173.875, 89.875, 2.260710114677713e-25, nan 
174.125, 89.875, 2.213052788341916e-25, nan 
174.375, 89.875, 1.6023218297178654e-25, nan 
174.625, 89.875, 1.0519617354223324e-25, nan 
174.875, 89.875, 2.061900959874866e-25, nan 
175.125, 89.875, 1.7113215556630336e-25, nan 
175.375, 89.875, 1.0664426976945893e-25, nan 
175.625, 89.875, 1.7049355498436446e-25, nan 
175.875, 89.875, 1.7440219163856484e-25, nan 
176.125, 89.875, 1.930918745584301e-25, nan 
176.375, 89.875, 2.1634393561347175e-25, nan 
176.625, 89.875, 1.1203672536223927e-25, nan 
176.875, 89.875, 1.960219629089612e-25, nan 
177.125, 89.875, 1.8859825441908681e-25, nan 
177.375, 89.875, 1.7738578047113921e-25, nan 
177.625, 89.875, 2.06777062322026e-25, nan 
177.875, 89.875, 1.6850956618616478e-25, nan 
178.125, 89.875, 1.3574697430322345e-25, nan 
178.375, 89.875, 1.600366057766978e-25, nan 
178.625, 89.875, 2.6220454707598014e-25, nan 
178.875, 89.875, 2.417851929030798e-25, nan 
179.125, 89.875, 2.0481922851303525e-25, nan 
179.375, 89.875, 7.206754157908508e-26, nan 
179.625, 89.875, 1.9472266715952584e-25, nan 
179.875, 89.875, 1.2512921535212223e-25, nan 
